Run,Gen,F,1,2,3,4,5,6,7,8,9,10
33.0,0.0,1053.1959228515625,0.882425169589633,0.9803775753335928,0.6254085653454075,0.1948066096471566,0.0956580085008454,0.2825483215264815,0.5615726335312501,0.4989445737106133,0.0144361629607948,0.7771215797443127
33.0,0.0,1054.12939453125,0.8638321525328936,0.7386343695209099,0.7681907216445001,0.9115225263826282,0.147175717494663,0.6083801632833195,0.4826411771156531,0.6619713476735439,0.7801654972162221,0.9672336217040942
33.0,0.0,1153.1700439453125,0.256528306226526,0.5664809764878805,0.086256581500956,0.8995113033388618,0.4044963578460127,0.2055870730978281,0.528145087690518,0.5379163200860803,0.0216469716736413,0.3087805850415843
33.0,0.0,1050.4141845703125,0.9406255864501304,0.9302141906560276,0.0576079531744038,0.9358434726681348,0.4244304690043978,0.9265216641458838,0.3973139338094126,0.9974792902984287,0.5693168733480987,0.3207220072129831
33.0,0.0,1082.8946533203125,0.828718697551304,0.9319218078188736,0.0860269520410111,0.3658752506188287,0.1085332691801652,0.3511816160712532,0.150648811592705,0.3070265752752087,0.6905721227897491,0.83207189407734
33.0,0.0,1101.93505859375,0.7448251630417049,0.825396760849505,0.571956434716838,0.7420950030174588,0.2340071098246768,0.3145798512651873,0.7211325522337714,0.9795728958224786,0.3323338827992667,0.7577081585568506
33.0,0.0,1115.2674560546875,0.8641729291260103,0.1281610349354034,0.5926373772122948,0.3169025669471988,0.2386264391567431,0.041859256794748,0.5471598819415848,0.7516410693075541,0.394917359356589,0.3369607700189988
33.0,0.0,1082.1861572265625,0.9824135323671253,0.1820809018780914,0.4901598536284902,0.1450960422783056,0.0630177751659761,0.3456376110626024,0.8738841083672959,0.6119428971316355,0.3026373464117067,0.7580252144795687
33.0,0.0,1080.354248046875,0.1821187627864668,0.8280592053237649,0.6562270046527614,0.1802443910645332,0.3097270586482517,0.7260555894379307,0.3133222372755894,0.4375844664106337,0.0124480383903238,0.1124693417728465
33.0,0.0,1087.2420654296875,0.8578662589471053,0.5545698140693808,0.2659775735620899,0.8489662770951651,0.8174016947481713,0.9437318972432188,0.3576043756318365,0.4036685686372878,0.8499979366171238,0.5312989626026186
33.0,0.0,1085.12255859375,0.9406600390070612,0.0693897687590087,0.9975868656917424,0.9085948208518424,0.5573074391510503,0.7426970117314506,0.5481224447499266,0.0458058167047493,0.983996389104883,0.3618649996948029
33.0,0.0,1090.6859130859375,0.6589111217464511,0.5873591208379013,0.1533832638006216,0.7772394594944612,0.6429480892778393,0.5138403303832529,0.7608313043238104,0.8321943008360999,0.285013049302077,0.4309023948773574
33.0,0.0,1118.6552734375,0.9872170491283184,0.9992243292358428,0.2673241558771091,0.3598181174340225,0.6174286230115182,0.5831698420993179,0.1531271624435687,0.5586448496264013,0.7444503236535115,0.5935047706316549
33.0,0.0,1123.0130615234375,0.0836529323316361,0.3692269919714244,0.7497155095988887,0.2425766543484505,0.6627799029552259,0.7691756056269929,0.7910594444891391,0.5142971229546032,0.3018111411670743,0.112655874952984
33.0,0.0,1089.2171630859375,0.5927631178176433,0.2345111101459801,0.6775181403951815,0.8891512129073159,0.9166877980814782,0.5310909307347111,0.5851879250729486,0.6057976058131145,0.1649733722345626,0.1110331111341038
33.0,0.0,1169.2347412109375,0.0175718272313141,0.2128586578856469,0.7056458288453259,0.811912479678259,0.0733076856263416,0.1384071891670619,0.3572680245418431,0.1314287715936318,0.6130846729469155,0.2598489791774189
33.0,0.0,1105.1153564453125,0.3493567320313517,0.7291816404160012,0.5945310568309865,0.4741566651792055,0.1119857013673939,0.3319849022484366,0.6583312690193449,0.121658820652258,0.3158812862909815,0.6483596922961117
33.0,0.0,1125.225830078125,0.6079769754092509,0.7616075234327453,0.2081675601160415,0.1227013118384289,0.7810149932813875,0.0852851385756716,0.562447057195586,0.1207325019995547,0.3456250597094621,0.3849191805718672
33.0,0.0,1082.9144287109375,0.5878328664138489,0.8143713644632407,0.2774386674815967,0.3980768225466626,0.3720274759293099,0.9128278399684292,0.1594129069764132,0.8254776370653407,0.5220622665375152,0.3905832885014889
33.0,0.0,1129.2745361328125,0.4455773705841563,0.3046735359184251,0.927231396047748,0.1797631121540633,0.7521656892820975,0.3449132163188817,0.6439057382745558,0.702145332428658,0.9321810517194672,0.8063870257274415
33.0,0.0,1097.3319091796875,0.377529863362253,0.3341927768438671,0.0948247018537513,0.6587154945185455,0.8660150356470172,0.913477982714168,0.2584329919411059,0.5921125440112,0.9556396854142148,0.9709635810035366
33.0,0.0,1075.5372314453125,0.9740492892606314,0.5738333114430678,0.0356170097051953,0.7141941138303827,0.2898966517329063,0.9681835117918242,0.2684563843879509,0.2452851913710545,0.8478799358361776,0.5851992655666777
33.0,0.0,1069.9349365234375,0.8693823495622325,0.290064079913927,0.6363768399647625,0.8202353025748986,0.8289085267797062,0.557227440963412,0.343633262431506,0.996742412317255,0.7840106496365511,0.7261562526087832
33.0,0.0,1118.5,0.1035769985060381,0.0368393202443975,0.44288474749114,0.6667853067507554,0.5692330963930026,0.2264612374237886,0.088434880117356,0.242521850603577,0.9858333960472128,0.4049785723735758
33.0,0.0,1102.55859375,0.0607088171711881,0.395703936913333,0.1248353346676295,0.2466104249843976,0.2208518636402974,0.5863706738948246,0.0547831528923868,0.2847542824027935,0.275391391105159,0.790788945229993
33.0,0.0,1090.8310546875,0.8953377510467381,0.8188551767197655,0.0010631413972301,0.0875938131269173,0.2591579352242755,0.6325721501799869,0.4833667684989777,0.6901544143175098,0.3236057261109737,0.5849624775738576
33.0,0.0,1089.6766357421875,0.0775392362084328,0.7477724827751783,0.3691653790993711,0.9404451516414264,0.2061672137458856,0.3484444255686917,0.3446942443802292,0.5800426587964923,0.79014867815336,0.3324608237537099
33.0,0.0,1122.6429443359375,0.1620828867870701,0.1810295359129159,0.7924179384935026,0.3332846148335293,0.8389119019609058,0.9033253347162374,0.7883153074889607,0.4976026790855832,0.9020316402072854,0.7603534140777084
33.0,0.0,1098.19482421875,0.4127655277450855,0.7052348712065647,0.0306725862198462,0.3564336960908694,0.556950606826253,0.4578274325350023,0.0529709598362551,0.7603926802161505,0.94732419604072,0.7803184330556352
33.0,0.0,1091.8431396484375,0.436601010953243,0.4697376459212805,0.2401186853431399,0.5850838169903826,0.3463662440975863,0.8221183403208204,0.0794475121615749,0.7017668053174264,0.5317945569550874,0.2279909332433971
33.0,0.0,1071.829833984375,0.326452218964636,0.3906041711920988,0.3465848995523874,0.6190547199290786,0.9837805792635708,0.9861755464630286,0.8480700263592377,0.8485260167498186,0.6751716569896773,0.9170610354006988
33.0,0.0,1092.6405029296875,0.0608922633242253,0.7337035350439495,0.4992407370579383,0.022403904997481,0.2597442709499235,0.6045954182408989,0.156214742742822,0.6134766143215471,0.3617824937725132,0.6089013568698015
33.0,0.0,1135.1868896484375,0.187866808217979,0.179517815546029,0.449048983094698,0.6043435685465551,0.4926327186253082,0.567979332095781,0.7541985021966576,0.1137796598417516,0.3935373157031091,0.6812943915325801
33.0,0.0,1076.992431640625,0.1942313174821092,0.8675513080100266,0.7313240044348255,0.0554299664523075,0.4152368816795044,0.6362094856795557,0.7695021561554393,0.5768028581267775,0.302233577924626,0.8645107947589599
33.0,0.0,1078.6697998046875,0.6062437221472898,0.6669305837277193,0.2002653331110895,0.5147127253116661,0.4287359167808845,0.0665839665241001,0.6097722744414755,0.850583885485835,0.2079217695265068,0.2906680959861367
33.0,0.0,1062.8358154296875,0.4737671550331471,0.0702882002811342,0.2236077273512875,0.0680523402892405,0.0865264769560796,0.4212539274690691,0.4461303406120845,0.4221444264256919,0.2350410052604141,0.5084636273267599
33.0,0.0,1062.758056640625,0.0736180914091024,0.6071705415998808,0.4252286787750642,0.0491440053427877,0.071838627478438,0.558891948765308,0.4255329047864097,0.4131420921676023,0.2669259214726885,0.0291633511381841
33.0,0.0,1131.8330078125,0.1354182987149705,0.4059149733122765,0.2166404012673179,0.8444888109423999,0.3960430976788232,0.0021598001809672,0.8808876558137887,0.4535104605415788,0.961178638281878,0.6976331094858098
33.0,0.0,1074.8804931640625,0.8140738147213565,0.402702382381495,0.0661070536853863,0.9895377113130184,0.6204059541115143,0.4274047501536653,0.7067818734931505,0.4103543037661972,0.6386577759860632,0.113232788464157
33.0,0.0,1065.7230224609375,0.5014209767201817,0.4403355312717797,0.1786394740922365,0.2692652737597807,0.2327975699636696,0.3751442182969027,0.4745610705120032,0.5984126523636967,0.5825276051212517,0.2819718320855763
33.0,0.0,1091.1934814453125,0.1008354042697718,0.1422111896059479,0.72596560914851,0.6407299802703362,0.0826896931169605,0.6755517206032544,0.0057913899061923,0.4892374578288195,0.2803869730756393,0.851496944215447
33.0,0.0,1087.50830078125,0.5140268344006458,0.8152184298079682,0.800525197520968,0.1707425670370204,0.9492571120924788,0.041227979735282,0.2638728533506141,0.7342479715500247,0.7282360959910722,0.4071490620901581
33.0,0.0,1089.2650146484375,0.2973956917249303,0.098874206409024,0.7420090837078386,0.750098813348839,0.7953543043841108,0.8022326794646649,0.6386545574073608,0.9675095037044856,0.8567087581927159,0.3916783203510826
33.0,0.0,1117.28076171875,0.6379394820856444,0.0699812533763476,0.5819244756345328,0.5509697323504348,0.6289960952238758,0.223992217163083,0.3297983680882191,0.2083638335358633,0.3161315626936881,0.8374620287301028
33.0,0.0,1073.84326171875,0.9930436435282138,0.0693003410138027,0.4285339218288495,0.4785049391689897,0.4009197702445654,0.0977106764885875,0.8270705625103663,0.5305723445721737,0.6966792599962809,0.5942928350960737
33.0,0.0,1115.1405029296875,0.3533701213731292,0.7415395246746077,0.114302725043767,0.6064738244817309,0.2089557150374976,0.2417564743727684,0.5023726489784799,0.4929147309684049,0.6535776973780415,0.7237461737079776
33.0,0.0,1148.0772705078125,0.1779717888475609,0.3590413291893842,0.5739805095039522,0.6645862698945645,0.9356583499795662,0.7389087733105996,0.9715194037654568,0.5567831710775901,0.1006261203998778,0.6567946245020165
33.0,0.0,1085.8975830078125,0.2979515620650981,0.4770735556400426,0.2975593112206601,0.8460462551222827,0.1218782360994895,0.989523904808288,0.6536189707995057,0.5418766669042333,0.1114136276009353,0.2810934763842123
33.0,0.0,1133.12548828125,0.5829831807681395,0.517259047503461,0.5973936460414698,0.91584736394832,0.5190475666141725,0.9077453563448772,0.4850646129013702,0.7894276938715646,0.3985820903495463,0.0803690891503429
33.0,0.0,1066.3367919921875,0.4162020019701337,0.5767917073866818,0.4970024395397268,0.233478401178478,0.7753863530383548,0.7743661709128016,0.5773285678723975,0.7753392898178634,0.6452076484849619,0.0885661996100758
33.0,0.0,1096.2943115234375,0.8980230930909155,0.6640881365061727,0.0434187330236353,0.8460374889438518,0.0096916099301872,0.5593389095333476,0.3504356185125024,0.4228847112776788,0.6340266352236996,0.9365438536607597
33.0,0.0,1085.20361328125,0.6621533252443986,0.8685404711304052,0.0074235744126489,0.6571321919924866,0.0644774586988835,0.083780664428617,0.1803522044587828,0.7181601127423932,0.1452033266031016,0.1445871679568338
33.0,0.0,1112.616455078125,0.574083491964812,0.3849317493117672,0.7625162248011159,0.3157937058453686,0.2828104262115408,0.1845668265968312,0.8992170869162787,0.9599891444755896,0.5103991169863669,0.5286322124988511
33.0,0.0,1057.59375,0.8292272951788663,0.2489265475947769,0.5806673470835562,0.0675666973324099,0.6546143005101137,0.1633596773287069,0.0258134139190043,0.3357043811067374,0.0964494986179903,0.4544638425732458
33.0,0.0,1117.18701171875,0.2148565506082417,0.2387062612344579,0.8438339435869833,0.3734407238681376,0.9748025227926046,0.1429778178881787,0.2857431882132993,0.075806310044199,0.1615311382269674,0.5388337359767931
33.0,0.0,1062.39453125,0.6394156409126698,0.2332465037493435,0.958405129506798,0.2097548749224809,0.9206114721077991,0.828253974617743,0.7982481328229667,0.9600444666703822,0.8370252969064518,0.0697979192317863
33.0,0.0,1094.3614501953125,0.533520730248356,0.863217768661757,0.0392816638624871,0.8127421097184838,0.2409777948672962,0.3870541255939779,0.7708678087661509,0.3910448725975951,0.0105760579887917,0.9249830163593156
33.0,0.0,1106.082763671875,0.3418057059000452,0.6761486154745311,0.1955264206286342,0.6453389925764458,0.2578299188756092,0.6777753631249431,0.4756853797033314,0.5609210291298908,0.5312319707543816,0.8840015624285134
33.0,0.0,1165.0140380859375,0.0123778853534659,0.3601462911692491,0.2775344610332304,0.5663280386588,0.5090687320186407,0.0129131445164785,0.6026760140668072,0.5516311364067581,0.5503309834117341,0.5628715832025649
33.0,0.0,1180.1221923828125,0.0619656471801225,0.0054694754959286,0.6375636619010674,0.3526950709227744,0.7708631874710316,0.1959566670322736,0.9251877647055776,0.0350045061358836,0.0272622560236688,0.911437516312748
33.0,0.0,1049.2105712890625,0.6486677660817484,0.8921059941651767,0.472481455992592,0.9515948558981756,0.1449466936078911,0.8319971961679601,0.6844086100721557,0.858735315828246,0.476002268477708,0.9305879591114552
33.0,0.0,1090.8624267578125,0.5539872870286624,0.4574183493325462,0.7717291430436768,0.2054447165933837,0.7290096601614078,0.5781708571749652,0.7914840123242207,0.8627302558359445,0.3365539715633132,0.7693642236451625
33.0,0.0,1102.7076416015625,0.6215785727732613,0.8042713498918688,0.8525625393457688,0.8327879886045603,0.6878941712732961,0.5311656861298008,0.6401879413007481,0.500091520493832,0.4886230613979127,0.0626121455159914
33.0,0.0,1121.189697265625,0.076026135546677,0.7739342021928954,0.2185036729288282,0.5416103676149219,0.496810833268925,0.7051546923903248,0.7650419943770252,0.3647448924424131,0.587379544820301,0.3684514181205769
33.0,0.0,1057.355712890625,0.2341305838220411,0.8233519402869178,0.6136206428970447,0.1475767845504124,0.466327159305328,0.8574791319468761,0.8196605355294534,0.6801635567497694,0.616558062856646,0.5546592132360024
33.0,0.0,1078.69580078125,0.1310259959039338,0.6397132079364487,0.8099145746104496,0.9973860344763956,0.5075699846968217,0.8848393017191648,0.9573236491943736,0.373842792536681,0.6763620444552954,0.573956237055991
33.0,0.0,1070.6114501953125,0.4523400901145168,0.4710065543606285,0.9266474727000898,0.1628777199002532,0.1869169317882243,0.3189435443453587,0.2691351912652802,0.3655513216855628,0.7611672762699558,0.1552633602210419
33.0,0.0,1066.533935546875,0.8384544692029416,0.8182154093540343,0.938946513844508,0.7149514607540379,0.8164031748875262,0.9580032211379444,0.6756889465092804,0.7984304923372246,0.2371862064992308,0.4513227993253468
33.0,0.0,1068.4188232421875,0.4372894616574223,0.6774028962136681,0.8998634298554489,0.5307463291768664,0.374350303407307,0.6545565328361749,0.7054753939242269,0.0681113483358162,0.2266031205255572,0.0612473236609163
33.0,0.0,1118.4378662109375,0.9549125723610806,0.2226437868772983,0.8589201416530466,0.2486316689427098,0.7879943008926544,0.1447405466853601,0.8228285220164956,0.169669659331346,0.2566313070884732,0.1288869109083553
33.0,0.0,1137.8685302734375,0.1264662202157348,0.1141559060727023,0.3485703631935927,0.3593083601164945,0.900590616105426,0.6750710514809659,0.1209928988800134,0.8328771796658974,0.1951066811338921,0.6782487289570329
33.0,0.0,1111.643798828125,0.841576641830251,0.5497625383879998,0.0490109393634934,0.2818135305128804,0.1261902698395844,0.1703589301193215,0.7064072683881747,0.9938402647764704,0.74905472135092,0.2600086135677709
33.0,0.0,1080.067626953125,0.83799317721755,0.0824176717487057,0.6851285308154859,0.893921655468472,0.8522432208175567,0.4835549064192562,0.466760673101269,0.8066249840032436,0.6014124032896997,0.9395855749021906
33.0,0.0,1068.2391357421875,0.4399585905653186,0.8126997810481168,0.1574923730685949,0.0300938751333254,0.8028271069999598,0.9766058481787327,0.4751848457876312,0.0646418697980553,0.9734863564692426,0.8805519874457194
33.0,0.0,1097.3304443359375,0.2309360110671644,0.6520974347605951,0.0284248272591554,0.6804339629593821,0.5316813007714175,0.900026579068532,0.994939276506721,0.0901401721054733,0.8139680765663866,0.7440571257679418
33.0,0.0,1095.4144287109375,0.6081193903733292,0.1829770477782615,0.4895084820922386,0.8138049767290215,0.4065797446517455,0.1526602478239301,0.3080654947533741,0.8653988539055284,0.640308057186236,0.2574885447821035
33.0,0.0,1078.8739013671875,0.6064236985384439,0.8979151450673393,0.4005578903385762,0.3589350524107013,0.4057702678390981,0.2226603891527555,0.3282651201938139,0.8545793415746095,0.0215290969135205,0.2462900069509611
33.0,0.0,1093.8997802734375,0.7007679787916237,0.5417836218420217,0.0571910420549435,0.2197458206568716,0.1326050277400123,0.5168484561664589,0.282968672784785,0.6090924152230678,0.7147727400947693,0.7252868349662001
33.0,0.0,1077.7520751953125,0.6457111898555102,0.7523341354009625,0.7245318808815164,0.7190006922962484,0.9560401797749004,0.8155458360030694,0.0803148330880794,0.1657789222721938,0.700407812135625,0.4527034688086786
33.0,0.0,1125.3465576171875,0.5423857381015336,0.4344757877942479,0.2419970066633809,0.4378240344875999,0.5820286614357116,0.2116521789281087,0.1428392999489821,0.2680737914034627,0.1992945886371666,0.7515682043967546
33.0,0.0,1140.8466796875,0.0911420039267204,0.0635887269696041,0.4665498394873413,0.011055390551886,0.9842940562751958,0.8196655015443098,0.6231824278681414,0.730229156573751,0.3067475747595036,0.0106916890422965
33.0,0.0,1041.8758544921875,0.9796324170606692,0.8855462837805131,0.924445255549212,0.1814466656149088,0.5546255228748572,0.8641432442955811,0.1092342824737415,0.7530542123523436,0.6010061941160622,0.1550085058325914
33.0,0.0,1085.1748046875,0.5197475941402363,0.0220255858321855,0.6456684583540616,0.3187638905606298,0.1791176856686409,0.8735782394861843,0.3483690118266805,0.5152436031340895,0.3530320009024229,0.3355854507286775
33.0,0.0,1082.8868408203125,0.9268889728125366,0.264248550967924,0.3918134244599045,0.7946378820166705,0.6658049887413677,0.8661873394943159,0.6990058398415385,0.0365345142712483,0.6486632132955791,0.7048666687299676
33.0,0.0,1147.985595703125,0.1772050154417371,0.6809052557688401,0.5525423207593477,0.5660709429265058,0.5084687333911118,0.1012128009359704,0.1573230364392649,0.0345671108307195,0.6593077032218578,0.2394902694237772
33.0,0.0,1183.3572998046875,0.0442779126851595,0.3950164416619682,0.3322300049182669,0.1455442835937644,0.4974294104614759,0.1631482260892892,0.0455135693200922,0.6753773455892804,0.3452789560571928,0.4823399694039956
33.0,0.0,1093.698486328125,0.870034003626141,0.0727781100932124,0.6137806445165634,0.6953036462855956,0.572710295207207,0.1341612256029178,0.3662739503526628,0.852399937627723,0.6530180059702625,0.9169799190423856
33.0,0.0,1057.1004638671875,0.7484035195013792,0.6156047104522822,0.899678324569497,0.0947243070686105,0.6891586496308824,0.6762580999589102,0.1969397830635961,0.1200362108891507,0.7843420271297186,0.950538475772267
33.0,0.0,1092.1060791015625,0.2084117839098687,0.3491793298758143,0.8360946725970323,0.5043225242404265,0.2466499885613342,0.0523117478162168,0.9001542276463368,0.9199409338455284,0.8252288858447715,0.0433242956768055
33.0,0.0,1063.3577880859375,0.8060852166534911,0.9246886348858872,0.6539951894387166,0.2611434882064308,0.0756325349064837,0.5042710479307562,0.9215658955061474,0.1741097801978028,0.7627349016938669,0.2438683898588236
33.0,0.0,1055.323974609375,0.17062524726425,0.772989544165482,0.3644626970915691,0.0131686295851259,0.3611882431718561,0.1595000008676665,0.3715728417445725,0.3344797399162339,0.5163205089214601,0.3565698093304671
33.0,0.0,1073.046630859375,0.4308404679724821,0.1347402333914814,0.545089521900642,0.131551937478982,0.1710334124083413,0.6054040585733719,0.7457366058203909,0.5954575680377889,0.8887153827217836,0.0436878376434181
33.0,0.0,1189.3994140625,0.1863843494680978,0.6234979365222355,0.5749694467273723,0.5899915596304769,0.637731631728428,0.0337815721059671,0.2766444132559044,0.2591757605392488,0.7811912087950725,0.661015017423155
33.0,0.0,1066.169677734375,0.9377185004943512,0.5426913744496754,0.0992732273294119,0.8074224434328995,0.57931607634833,0.8217951936576389,0.1242186686176104,0.9268949534892116,0.90868855905975,0.5738021025399316
33.0,0.0,1114.695068359375,0.788318167911249,0.0458099273694603,0.4197128909194983,0.5195962126448904,0.7321874385732455,0.4054355316384229,0.2111349857548644,0.91567189635382,0.0193978162803304,0.8211074826179507
33.0,0.0,1116.4932861328125,0.0041586834542937,0.1509402822762577,0.5589968278839019,0.9950732994707112,0.2095901310216539,0.5617547239199865,0.5418098611803615,0.3405924284715234,0.2417039152926486,0.9391252073804924
33.0,0.0,1080.9942626953125,0.3808580181559545,0.8736319301451997,0.7412282745918004,0.614790783855096,0.430297587746286,0.2157463249882966,0.1155185933385836,0.7161104725222635,0.4207116730585627,0.6495358066643615
33.0,0.0,1086.8695068359375,0.6347858478307663,0.907265174969996,0.1289447301304249,0.8954734727791038,0.0539307759035321,0.7122410908901085,0.3125354045265084,0.389570974742921,0.3649380013349536,0.4157459633889016
33.0,0.0,1139.3765869140625,0.4498260317539164,0.374105670685995,0.857481116628317,0.7524553817075917,0.6267929063396679,0.70105415814994,0.1742431906369047,0.0162414168846212,0.8754720293052104,0.1695977151086057
33.0,0.0,1125.785888671875,0.5355593960557126,0.1653459900770141,0.3216443626184923,0.4408653745063107,0.2820625557211864,0.7189327196597097,0.0009318801575485,0.3716238713509835,0.4965710828857589,0.2027306349326965
33.0,1.0,1093.8399658203125,1.909516471280229,0.5272702609766995,1.04974358504776,-0.4169375322050106,0.0322103135551294,1.638733040390569,-0.7238067317583177,2.052691461660281,0.5451275155977129,1.0214150628638894
33.0,1.0,1090.869873046875,1.0016976692195794,1.493726458489462,0.4193020974822055,-0.5164252567344434,0.5701185039077465,-0.1763936028531549,0.5943650583921842,1.0590477968327434,-0.4234655131137916,0.0606418685699372
33.0,1.0,1107.4027099609375,0.9602053187052776,-0.1473642529494077,0.6599793286963971,0.2309631691147116,0.3896610295179235,0.1622391530390743,0.4174709364493036,-0.4692634638135997,1.2509213247139472,1.644249253256441
33.0,1.0,1056.715576171875,1.1208182535982294,1.500156805802125,-0.4249265685375381,-0.5840660253734127,0.9137255867714248,0.6144497546010452,-0.6034464892194542,0.9064548379693872,0.7179555388861942,-0.5458356357033329
33.0,1.0,1031.05908203125,1.6949033474326818,1.33576724153912,1.0639754244180608,-0.1512332555897408,-0.8598832771593194,0.7645402483688066,0.7811211601453572,0.4002383317568458,-0.7376034835923742,0.3659051114937952
33.0,1.0,1033.5245361328125,2.232004193514384,0.2042762216570217,-0.5628300555892283,0.1743201983609799,0.8521742757263118,1.0902041947704344,0.5922130865381288,0.8181024491497144,0.523993771607584,-1.7727871668475057
33.0,1.0,1118.686279296875,-0.1283504308351482,1.5129733735098547,1.281520795936581,1.136007707871487,0.4430223430211484,-1.2844135416594762,-0.7951566470495983,1.1464089477674024,-0.0154352857160802,-1.054724623762172
33.0,1.0,1062.1119384765625,2.497216748989115,0.1148707388541563,0.9569738480969834,0.0543660441322479,-0.0324931796804701,1.5889109272690778,-0.5358147410108156,1.3350971452288771,1.6661784060382594,0.3403261339988574
33.0,1.0,1093.521240234375,0.4676135640895049,1.6961215947859607,0.3733726956578085,0.3851881915570088,0.3174290866780129,-0.2063729573732322,0.8038632172332711,0.7833884511483564,0.4676783543577114,-0.2618879134664773
33.0,1.0,1066.271728515625,0.4614718013398704,1.4142767863689354,0.9178440172920704,0.7568091358971731,1.1634856649503948,1.7274784122186695,-0.0328667021522255,1.8481325431714093,-0.4032824401695194,-1.0066584745491576
33.0,1.0,1071.6580810546875,1.999118994513472,1.334614365246189,1.1938280877677272,1.3388254025940398,-1.2226050169407672,1.1660621963919438,-0.0275234161685125,0.5030137670302883,0.7001200481165917,0.69091051714571
33.0,1.0,1039.31201171875,1.4577903124749758,0.2833167109116674,1.2283110338681125,-0.8672918881248943,-0.1672693245309835,0.0627317592914415,0.0062115570959173,-0.2429621442092955,-0.7458136223608749,0.8965741283286466
33.0,1.0,1063.053955078125,1.8264843826958987,1.389085867347772,1.9326999765567607,0.1587569080178577,1.8203741316925115,-0.3357155901862025,-0.1120980377884635,0.4453929078867897,0.4225980939754077,0.9662016545312078
33.0,1.0,1072.9825439453125,1.7073980262072563,2.2119230889497903,0.9892331766590968,-0.9387118104229016,-0.1704083837980281,1.438647325484272,-0.3365859895730425,0.9124992102376268,-0.0202226691258218,0.9774728497543368
33.0,1.0,1094.0594482421875,2.6510643814004293,0.936355811055794,1.3232591220543597,1.7108680115466512,0.1636871765152019,2.095935988855336,1.9586481185323457,2.154716679614049,0.0695943690411322,1.6818012931709934
33.0,1.0,1047.8507080078125,2.566739271611488,2.3368493681558364,1.101055178227,-0.0588304438421358,-0.1663846910206157,2.0538163858431204,2.219790881440211,0.2611396552080816,1.0600648899337175,-2.7602536274149307
33.0,1.0,1157.694091796875,-0.6972664944739879,0.9524672545837696,1.197382765304564,0.9240861665899552,0.5327374945293064,-0.1027271587082632,-0.9285717954410392,-0.7622709311644869,0.8365713673299338,0.0395942381216656
33.0,1.0,1090.6845703125,0.8704884602830409,0.1406601834490262,-0.7422043475478457,2.0224692951127494,1.134809337698039,0.4375243749889081,-1.8602451399054831,1.738569729799594,-0.3613108866751098,1.2826206980900112
33.0,1.0,1100.88623046875,-0.402253263381457,1.4271659870304827,1.206276663810522,0.4389285088763897,-0.319785987989805,-1.3362827929636725,-0.3636035816823826,-0.3227177639489742,0.3816254358951649,-0.0426038328127598
33.0,1.0,1041.3306884765625,1.0468398514396338,1.296309878927547,0.4835667623764008,1.4680852170973235,0.7706058749109452,1.6720202212309276,0.2124826633919943,0.4095213097880092,0.0605766469361679,-0.4766050115794948
33.0,1.0,1066.4322509765625,1.781982556339666,-0.2282838500936206,1.2880618576106206,-0.4499099038004273,-0.9110797345491974,0.3128334584974741,-1.6100899184666204,2.2010995519068635,-0.030251654585264,0.4806908696761045
33.0,1.0,1052.15869140625,1.9997717037037857,-0.4861974585013318,0.2527208993900292,0.7827658942001579,2.4923761741532102,1.3184502850127,0.33464980348199,1.6484877403730138,2.540792520084324,0.1846809660630874
33.0,1.0,1076.488037109375,2.7057665177066257,0.571770007252983,-0.4591495551789446,0.5045704385574021,0.7890885380937265,1.604433161847493,-1.1415329317814695,2.0306735339576267,1.1633716621706505,-0.3727277870432166
33.0,1.0,1025.1412353515625,1.392962143866427,1.890304536847056,3.498944095110572,0.2232479503267797,1.3025940480431402,1.896181904777176,0.4003279551169028,0.6791037931304444,0.393237502445861,-0.8132343041002388
33.0,1.0,1064.6182861328125,0.3855513939438806,0.7308141533154089,0.0151434321179513,0.3041191331258455,1.2143213300453235,0.9285370067201012,-2.120749213781438,-0.8136636557200241,0.3894409823798082,-0.1464166560622919
33.0,1.0,1070.313720703125,0.7507618874138045,0.693797906961203,-0.6558114673651119,1.22159924197235,0.3330946138146293,0.0944590266240457,1.041171562716416,1.7150666306386322,0.7977172538927837,0.6187950586366311
33.0,1.0,1089.90380859375,1.1128292702395637,-0.191125767734273,1.765464266517646,-1.04859378920548,1.4120984428557506,1.1389747689784944,0.4806926992614357,2.400076868117753,1.7163965777473962,2.1839688181994177
33.0,1.0,1121.6260986328125,-0.2080293195098681,1.588904487410591,-0.0070135746275887,0.5390703791110321,0.5132215219908609,0.2330485599847209,1.5581191862641228,0.5897420940698437,0.5209821261443288,-0.4424366677050209
33.0,1.0,1058.9676513671875,2.207084453584436,2.2718843393921766,0.3961299089643368,-0.923410973435665,0.0104683620149188,0.7805305600685788,0.4558537022094677,-0.3094900722023919,0.734254383807861,-1.4473868686863858
33.0,1.0,1087.9869384765625,-0.4014459740120095,2.144234183862265,-0.1270247748957294,1.4467040037030443,-1.709770595967719,3.4149133846816824,0.4551333971828173,1.6971499006000048,-0.8827658561236893,0.4179050553812589
33.0,1.0,1080.4129638671875,1.0744872962168408,-1.295429006386628,0.7215561978051319,-0.6697107974799739,-0.0345920717922094,-0.3212257634168489,0.2097346529335499,1.8580862089217216,1.2781960235661618,0.7093133872572119
33.0,1.0,1087.891357421875,1.0183997700962752,1.5080072314924102,0.0005029165303751,-0.5234448341124596,0.2644663411866954,1.537532040788978,-0.3568674356822914,-0.5235801394050474,2.3644555177675928,-2.337885918097405
33.0,1.0,1060.71875,1.3116758078588937,-0.1781422804002383,0.5175913982424953,-0.1549957396871244,0.2722075584417895,1.3823185239480695,1.2276768509143032,1.072939685882229,-0.209538713736836,0.7972424708379702
33.0,1.0,1070.441650390625,1.245061900812651,-0.4871359922128384,1.5816597311812606,0.1307398512073421,1.111356665003365,1.1631733337168546,0.4628657140344749,0.8058564105745987,-1.9269739919383435,-0.4945182855407655
33.0,1.0,1051.37548828125,1.745357080026901,1.0930193747866437,0.2450062661037986,-0.9020256165999764,-0.0315675641405048,0.2960257651570552,-3.2374736959202286,0.8843269403467113,1.0097859255764303,-1.089058421721952
33.0,1.0,1079.10595703125,0.3926108486800146,1.7919148609875002,0.031518446251213,-0.8723006898001042,1.850169070078599,0.4185000800778589,-0.3439591837985265,-1.6289349397601036,-1.9310095774289249,0.7171389774236259
33.0,1.0,1107.47216796875,0.4192012007802494,-0.8243533635817908,1.0364341173572678,0.1067496423170366,0.5179892232554195,1.258290347974432,-0.4388502922444663,1.4404734928563254,0.970878568664758,-0.1739843416560784
33.0,1.0,1087.9884033203125,0.9906967630671212,0.4584583248781158,2.7383107091298022,0.0188202916828581,0.3620111442471838,-0.6556661960128967,-1.5586705022150098,0.5594452985331202,-1.3703238919403593,0.2077229112478598
33.0,1.0,1077.371337890625,0.3621293895184765,-0.0541064184691286,-0.0175008460855874,-0.0052325090381692,-0.0132834679479021,0.993571447388918,0.1319200832659,1.0301241247467852,-1.1381670591196755,-0.0857378946939153
33.0,1.0,1136.0390625,1.970730675177518,1.0040160358558283,1.5309209891880655,0.2045900946658676,1.583551539266324,-0.6664045545837736,0.0885437717902881,-0.7530244224331266,2.47600702383286,0.002457263346022
33.0,1.0,1173.195556640625,-2.2485313585453,0.2896896729180662,0.6778395180465502,-0.3616417016083897,0.943177660958824,-0.4862943953832062,0.5149040942198768,0.7798263885358656,-0.1302383236086459,0.2307533113236459
33.0,1.0,1075.607421875,1.993617961933348,0.7186448306612148,2.6613633150489227,0.5970712167761363,1.4165247494542452,1.1057130820994523,-0.6472927354458378,0.344926889699197,2.149544121648659,0.1496323451364842
33.0,1.0,1100.5899658203125,1.6198939313587548,0.8197516351835024,2.425116563972736,1.1373590205677333,0.8090703366722458,0.6210182066836527,1.57040564655314,1.1639105510350929,-0.769064458921866,-0.6158282270180004
33.0,1.0,1105.5501708984375,-0.3518688255442672,1.6413679745739174,3.0547969005552496,-0.1700016011540119,1.4424207240923952,-0.257951155701269,-0.3250682465578798,-2.355779984562786,1.482989730218805,-0.7634030570277686
33.0,1.0,1033.3095703125,-1.1510989173443953,0.3979237090579257,1.5411491301274864,0.3644409129004176,-1.224507432019839,0.0231379095353645,1.009373265647579,-0.0564288734134326,0.8599513449140215,-0.3885543265254707
33.0,1.0,1051.4078369140625,-0.9940706467710108,2.35888311966338,1.767752841126658,1.0077888932432757,0.2625663728575436,1.5221634690201258,-1.182726982949137,0.7055600893591327,2.35522325596396,-0.7139094601023039
33.0,1.0,1058.93505859375,1.2286747201349186,2.043050451918872,2.779346168758342,1.181601516241284,1.6308606584452292,2.195431311779437,0.0296361098945467,1.3304802660481538,0.3852696521836751,-0.8350831651039154
33.0,1.0,1075.1337890625,0.9801348734810622,0.4594598985188103,-0.1857162668145857,-0.8640491066194382,1.4695320072737683,1.5924380329436936,0.5056204340363468,0.8924206447307848,-2.0404385487869887,-0.8565891660407035
33.0,1.0,1032.45263671875,2.346145649802562,2.073482890278965,-1.86841962674654,0.2518627850160566,-0.6934525835677299,0.7489969821000928,2.059596547877013,0.9016530797831336,0.5659690602631322,0.6835955513686729
33.0,1.0,1069.1131591796875,-0.7416747633662482,0.836427179255363,0.3374781557491957,0.6284424600289338,1.9100348858123724,1.0182690357354325,0.0963385337914388,1.2844516015155438,-0.5168306857455924,0.3604222076465309
33.0,2.0,1057.814453125,-1.131958882284839,1.3530429768219498,2.081173604922673,-0.530065140937463,2.306478451654197,2.399690206486312,0.4585704761404452,1.0176121469585384,1.9155848342380208,0.1431644007387547
33.0,2.0,1039.7054443359375,1.051466198176798,1.064436228230374,-0.0074702419506449,1.146619341372034,1.5968313561714016,1.7498499579238933,1.601089388955831,1.6738614907902694,2.2035381320322047,-1.0735106890797503
33.0,2.0,1072.3603515625,0.0374555235476092,1.217275648318754,0.856039077463068,0.4891915788387795,0.4218085890411736,0.8474948863890663,0.4404305639625274,-0.9329187196026298,1.2319164769900317,-0.1613612159634438
33.0,2.0,1072.05859375,2.3534418931527146,1.0371733099338982,2.791624323354104,-1.541163076733202,1.289497515702946,1.5389122539047229,0.6926128497442434,-0.1288985651445422,0.9588407018152444,-1.3652252919236538
33.0,2.0,1039.3504638671875,2.7482251452051534,2.6861233232697,2.059365312546652,-0.2395566260541466,0.0327556976755669,2.3177021331456693,1.117120146180253,0.2106678035437017,0.0850021592909024,-0.6616518044304867
33.0,2.0,1085.73291015625,0.8109104328462982,1.3011736239303753,1.2402045836671602,-0.5564779112696971,0.132432244793879,1.8480717168008367,2.279719022389383,1.2311761993542223,0.8985430022075622,-0.3971999982683725
33.0,2.0,1039.346435546875,1.9882344260959872,1.223777179475702,0.8910727084869396,1.3797162525796027,0.977527967896421,3.364255531251743,1.5861804564578827,0.4831298959485028,0.6148696641948543,-0.6911497488096394
33.0,2.0,1032.6297607421875,0.8321018370563422,0.3165836227344512,2.2996685918529582,-0.1495033206169234,1.856294015325752,1.9182786748660217,-1.2275717869380571,0.0396189636046067,0.267479830103472,-1.4397308158159774
33.0,2.0,1022.9945068359376,-0.0187242890914474,2.88644616765146,0.8387607680253684,-1.528252328658727,-0.8894445029136255,0.3011918585123938,0.6360069340312267,-0.0580068975897578,-0.5133837012723248,-1.4423893601422335
33.0,2.0,1052.027587890625,0.5764945712265614,1.925149046574674,0.3295447203827439,-1.0458000268105314,1.03948706266383,1.3220130781393653,-0.3839580161107223,-0.9858937409341904,-0.3003980675792119,-0.7542374873254891
33.0,2.0,1069.88134765625,2.206864202139708,3.3019650652551995,1.6610140868586756,0.1871559440807981,-0.5788829119563248,-0.4777778446177905,0.7850799721865833,1.41270330259061,-0.7730915157785629,-1.1922786907519307
33.0,2.0,1046.62353515625,2.8471327101286024,1.8654377631284105,1.7119157577475654,-1.3068699265441204,0.7610004420662602,0.2486716734002128,-0.7845652889005059,1.2594141644299386,1.274990847305756,0.9117402767677144
33.0,2.0,1035.037353515625,1.7064312639023838,1.2461932016804456,1.7018530617586176,-0.1624380500272693,1.25755050178177,-0.413084454133843,0.0575775532834468,1.617547498651942,0.7912943201425975,0.4002731783671205
33.0,2.0,1075.96875,1.95555663552269,0.479292237411693,2.540984354684916,0.4343657752100585,-0.6766138982513281,0.2077378882937637,0.2880814651563046,2.1808189797962463,0.5236589370201381,-2.432014694909339
33.0,2.0,1069.289306640625,0.3273865000143159,0.2593970515485289,0.0886453356048946,-1.1195016723010207,0.6047350420421758,1.6670710993808957,0.0224218674143905,0.6096492008585299,1.0248969458158026,-1.763333763054182
33.0,2.0,1075.4237060546875,2.327766375109194,0.65618816880332,0.7628526532483715,-0.4155119811969907,-0.1252377725569777,0.0424319458854904,-0.5248010930799021,-0.4287469024799755,-0.5528924680722236,1.3513622137586283
33.0,2.0,1035.25244140625,1.3942826596420683,0.0437889320761115,1.2609300811922566,0.0628237137670337,-1.8616791233552143,1.4984438870854424,1.5932721314530616,0.9352313412403372,0.5261475964153703,0.5582220553934238
33.0,2.0,1109.2037353515625,3.0054793762266385,0.2272867717108715,0.5953284268522516,-0.0048941276731433,-0.1689800292965895,0.9782612821387336,0.285198667950695,0.2739256381077224,-0.7720236148508626,0.1282934858553277
33.0,2.0,1039.1927490234375,1.3280338608948643,2.209344527969624,0.2981771177067536,0.8343707690423834,0.1724079320016045,1.6118473238175568,0.169276981292219,0.7401452763730969,1.7444698354793031,-1.4412879536691037
33.0,2.0,1088.145263671875,0.8035435663513173,0.5109263433247282,-0.0954198765099088,-0.3829834780374828,1.8884558456591936,0.2653561453758213,0.1653929846351554,1.1407220112195704,0.4515973129748776,1.0228220609274876
33.0,2.0,1067.083740234375,1.5273061692997736,-0.0716959387609437,1.537072489228053,0.3447515644991892,-1.095656290019691,-0.0992485570045413,1.0114615217530796,0.932147086624772,0.4707717019527946,1.091384182774763
33.0,2.0,1062.3519287109375,0.0336737588843538,1.2122169656868884,0.4716919516422999,-0.4568685741096532,0.3172347561086859,1.5135293456677097,0.2777591133896715,1.350444117526126,2.313971688028273,-0.7757217232826159
33.0,2.0,1063.2542724609375,1.7157435305387692,1.1404096636192715,1.8446192847070195,-1.2522883091704538,1.174798703009059,0.0178056966948059,1.3212785161918017,0.3028703683452995,-0.165581535402751,-0.5812970224229668
33.0,2.0,1056.6317138671875,2.370866239830318,2.149494846308694,0.2535070502214465,-1.841113495152916,0.4785151717504501,0.1854947988968351,1.8095745054909909,1.3235609984939876,0.9832324211984282,-1.7444910564627558
33.0,2.0,1060.1827392578125,1.7975604207651985,0.4691500659964109,2.463515530291752,0.4733538579645371,-0.9812685700632162,2.4901301247910244,0.3898037577123849,0.5241052551794292,0.6661032317535298,-1.141300337901432
33.0,2.0,1065.5579833984375,1.89679492249248,0.0523342588925253,1.2600283961107568,0.5193694853802509,-1.225455119110963,0.1309030524521501,1.2874881337097932,-1.295127538504893,-0.8623358795270661,-1.3022704600570625
33.0,2.0,1103.69677734375,1.969932299117204,2.031597822580401,1.0450276275372703,0.0433433420703686,-1.5527331957352797,1.3030501664946792,-0.0089382381527913,0.5740985796097835,1.294587369401194,0.9108814943935162
33.0,2.0,1088.9864501953125,1.6453068566846678,0.8448101007765842,-0.5522166660222707,0.4656474202219733,0.1419847573154742,-0.2099050996690374,2.158610350671834,1.513904644228225,2.355922287258797,0.7827792304925989
33.0,2.0,1077.77978515625,4.171994672237091,1.9037369556949768,-0.9355615416271076,1.1572594341012827,-0.0275388959076581,1.3965505484887115,-1.094642753764946,0.133629294630488,-0.0121062999001981,-0.2094974824830879
33.0,2.0,1106.8154296875,1.6630606091333844,1.2221725406258956,-0.0416055325110127,0.5748150682432023,2.0598842980041354,-0.5812397627837012,-0.4492875774345961,1.2129072957349276,0.1758964874201449,0.838095031627879
33.0,2.0,1034.143310546875,0.5128958320453059,-1.7950469990455593,0.9046884787872358,0.3115261519918348,1.3126525254292805,1.059760474275819,0.7439935862408751,0.3618095934138363,1.3176515655639855,-1.9045227184611244
33.0,2.0,1030.071533203125,0.4155792353606147,2.052396332715701,3.266173128349635,0.8372620482530246,-0.2839225363957878,0.3539847912199159,-0.5342998119312492,2.469521520520216,0.0024978960503823,0.0874039594494
33.0,2.0,1084.1387939453125,1.6139908537484864,2.15956493441492,1.51150154877541,-0.1445132968459841,-0.5834433733035285,1.0933441355998497,1.2252761295014416,0.4211050075795475,0.992599168501517,-0.7855404936419621
33.0,2.0,1046.2337646484375,1.3377514204586145,0.6968237623677007,1.0647096885795015,-2.198224324952479,0.3125440054922368,-1.229675055845711,1.1045900299105762,0.0226606191226563,-0.5822434056938395,-1.7064928265796708
33.0,2.0,1067.76953125,3.2680745520205576,2.648705304835936,2.0156943698603573,0.1237954926236959,0.6482749363684057,2.1485180575104,-1.7154753650424857,-0.0996026218293799,1.029527725112093,0.4812848897915112
33.0,2.0,1044.9151611328125,1.370179077986327,0.9391652815217776,0.8354552681056653,1.5849304922873326,0.0474967383089008,0.7477831497567013,0.344173755167545,0.8890389000236487,1.3981776355227176,-1.0810509420052643
33.0,2.0,1064.9188232421875,2.8717384938108523,0.58224085516727,2.131331852249957,-0.0521630777533834,-0.8280979271531885,1.632861231326741,2.405599615584088,-0.437576660128534,-0.0345156670937925,-1.5142939435053355
33.0,2.0,1058.9149169921875,1.6765893473993252,2.262081921742165,1.311355973378646,0.8236702082178322,-0.0184785030352383,0.4086202191250443,0.333803701519705,2.2750672105373955,0.1247510556528936,2.365509883904544
33.0,2.0,1067.481689453125,0.7966159506830017,2.2706034558948973,0.8692878436294915,-1.445290260333162,0.2041606038739951,1.339056357498353,-0.3493265692058687,0.8347473105632517,-0.5421695542978187,-1.021032902707275
33.0,2.0,1091.7315673828125,0.8074116488605405,1.6398325384877497,2.691952641566278,-0.7785884009267683,-1.1982617842961774,1.332760864553812,-0.2644695760796338,0.964037695785768,0.8831714095406582,-0.4200563634392615
33.0,2.0,1085.699462890625,2.7158904090184963,1.0955779104960293,-0.0920833513556118,-1.055915392999052,0.0577151930767065,0.7757340909512491,-0.8254904634459068,2.005547215572663,0.3083983593995327,-0.7381152523249987
33.0,2.0,1063.796142578125,3.074535772504415,1.8307377892087155,1.1919735248247152,-0.021679035483336,0.274407039374049,1.7686112839706016,1.360605215439196,-0.4034186278398426,2.348349243805451,-2.4365443462726164
33.0,2.0,1103.7257080078125,1.8498462573680785,0.7922275674306603,0.8055863623426287,0.3185140622093199,2.270770463698515,1.0873726083699236,-0.0300529157914652,-0.0250122718948713,0.2377989584609405,-0.284822505729613
33.0,2.0,1085.255126953125,0.6298218427953639,2.5863434520233515,0.5486969212740336,1.140006532834139,-1.1243871484555878,0.8276290778189708,0.0588678712658659,0.3384735926513862,2.273825708193965,0.142319912934945
33.0,2.0,1076.367431640625,2.178212512204121,1.0644939045768655,-0.0368476836234297,1.0077596242211513,1.865883009945884,1.6370683353655089,0.5929172927420465,2.140438968753747,-0.1634334703677398,-1.2703402721879815
33.0,2.0,1035.3564453125,1.8436413202211288,1.1846229805108095,0.9543257839299422,0.2839525018142996,-1.3368848773352529,1.087675501394889,1.0899831111140037,0.2205776267432728,0.4042861728103748,1.1662910300929932
33.0,2.0,1040.5545654296875,1.0035621451587795,1.249680593851692,2.6169821705467093,-1.0311228885150676,1.2863843104434594,0.0008658546718276,-0.3577482522901958,0.3539402813176284,1.1552015566144114,-2.159029186534289
33.0,2.0,1102.0802001953125,1.1666872241445922,1.8879258073126053,0.0985054330167134,0.1384928645503427,0.2892635112320114,0.4490953448020889,1.3568840119059633,0.7645587005540522,0.712899093773748,0.1090419518184742
33.0,2.0,1047.7254638671875,1.1897877646959714,0.997621018261798,1.5047706875218465,-0.1828786083879716,0.7947981567701214,0.2737572982286771,-0.3904200048043584,1.067076251243555,1.2076931701101588,0.0684929269440894
33.0,2.0,1073.27197265625,1.8898139833685992,1.8515360490927577,0.5982447149771346,0.5075239498197863,1.5523747514221071,0.17282151351192,0.4800738024197546,0.3276321034969722,0.2673489394118888,0.0173022401382736
33.0,3.0,1053.1138916015625,0.7484877694895786,1.6139149102929815,1.940688954040352,0.9885825692055956,0.8508411512545768,2.022091658260151,-0.0142047140780485,1.4478059878409502,-0.3035327926935318,-0.97558056156703
33.0,3.0,1089.792236328125,1.1701489078020044,1.4888030808672266,0.3612459582920415,0.3388699487074618,-2.533195695644845,1.385961647998677,0.3181248802171676,0.9088060943131628,-1.038317859084119,-2.1709377896372684
33.0,3.0,1046.058837890625,3.4458701171089547,0.0076989437892009,-0.2210968805095587,-0.1994295977055102,-0.1028251269575566,2.312576685511777,0.060746180157885,0.1799291374641125,-0.3138937911746984,0.0064074860784391
33.0,3.0,1076.43359375,1.460052529059748,2.3102984576785417,1.8932495087722785,-1.242122316080005,0.3209020109705482,0.5270576499979533,-0.1420392698247754,0.6044457484906989,0.4371512260029977,-1.2570583940399742
33.0,3.0,1057.93408203125,0.7577124073676336,2.0003279422870825,1.2064519964014575,-0.3376080495691438,1.0152002851278432,1.3796108796214843,-0.0976844169362722,0.5167712045086423,1.4290443561801158,0.0211794680165091
33.0,3.0,1080.7421875,2.033683588714447,1.0865609206366953,1.908180871253032,-0.9339157282063636,1.2932458020581228,1.3701050216391533,-0.8409193666776629,1.211482023825914,0.0081062258914474,0.350368164569633
33.0,3.0,1052.0970458984375,1.568181231818457,1.9695086670830195,1.4966048202768922,1.233949459561778,1.6391451899133322,1.3346016006303332,-0.2553868605735419,2.742092329143759,1.805927032401136,-0.7251793333634495
33.0,3.0,1022.5529174804688,-0.8079996104681806,0.6527500177028278,0.3686435874988012,0.8881276566860175,-0.6343102588280489,1.8745703103632536,0.0843647466963295,1.003560704100753,-1.677419268936199,-1.3009506994372293
33.0,3.0,1091.09716796875,2.29263611364654,0.7561666459351803,-0.3050072020275154,0.1004446118996753,-1.7432584859302516,1.4682844429969126,0.29817744968447,0.6652131822627707,0.4181886857930799,-1.6146782360096146
33.0,3.0,1034.793701171875,0.9776745410411404,1.5113936723280688,1.4638517192105862,-1.1719121990451455,-1.443290040060956,0.4469299456789599,1.3709077976075523,1.5015828343381088,-1.1426927044548787,-0.8512453592127338
33.0,3.0,1105.85400390625,0.4110277484422378,1.8347142392675684,2.214640000572237,-1.1176248823874402,1.866434126750887,1.9531567281134592,-0.3435669508317467,1.4289007796365834,0.7771846982114194,0.4782706177636271
33.0,3.0,1061.8319091796875,1.894201842214855,2.032247619988814,2.9382527884325658,0.1706416602219533,1.246073137789625,0.4036848109121971,1.2793832658334026,1.473289834812844,2.7688164786737737,-1.7807773684555563
33.0,3.0,1080.9564208984375,1.7057900914449975,0.311100317493949,-0.5304780593768257,0.487844758899671,-0.1085974355823466,1.847305114707904,1.216226430099331,0.5407065603448338,-0.5273272211349838,-1.002561557325332
33.0,3.0,1136.8787841796875,0.9823210694200988,-1.1207189424661,2.328639406653437,1.3082296462509513,1.3759022059324106,0.7223403843852303,0.636762609751993,0.9056321394983088,0.7090080917170329,-2.1756264508718703
33.0,3.0,1068.1920166015625,1.1361812983140869,-0.3928903709424638,2.4160024584062354,-0.5419468723663199,-0.0413061104385361,0.0556588331977057,0.9196572023417424,0.8384703504110966,0.0115899193007145,-0.198975767479169
33.0,3.0,1095.8203125,-0.0074354340247326,0.5952071545316482,1.5155863910511682,1.257865396948854,-1.299438531935284,2.0213964039091685,0.2896207271811484,0.3047710609515386,1.8024069510937129,0.6015561068509214
33.0,3.0,1083.853515625,1.4162961425198295,1.668008462104141,1.865778892362861,1.499892503327441,1.460219569327914,2.1341220839731108,2.2024729483400565,-0.6427687988125941,0.4674371987107308,-0.3501107092022604
33.0,3.0,1083.2509765625,0.5702822745210252,-0.0152505284803261,2.3517873079001834,-0.1362103422520615,-0.4976739730311221,1.2027713797820017,1.2313939415384525,0.5914605415394565,-1.0201472248710406,-3.04476877989793
33.0,3.0,1093.0750732421875,0.0306993774995332,0.8141145144903881,0.1834606049948917,0.2443631749104629,0.2781431771379496,-0.0550168855177704,0.7704859204299161,1.3020823725235662,0.0433304244078369,0.4521598462698692
33.0,3.0,1073.44921875,1.419587076555251,2.590029959883817,-0.0636029188733235,-2.188196320887539,-0.9354002655643958,0.5273186029340486,0.6250814464802268,-0.1819365854655323,1.4306566862014485,-1.0861250417030075
33.0,3.0,1036.2510986328125,1.195907138443106,1.9284141789985167,2.393930697902924,-0.6901524029121733,-0.5158242625080653,0.098570292824867,1.1737362979382435,0.6953595197945637,1.3167677668000124,-0.5773288277064283
33.0,3.0,1072.4283447265625,0.0440989453644382,0.5117020369756986,2.641944032332476,0.994892184567666,1.3615017561069471,1.1108777941871129,1.107826011438359,2.017811982782649,2.235865112608092,1.0047127328797698
33.0,3.0,1088.227783203125,1.0156838126912104,2.0632417378607,1.52006252821137,-0.8180889256834831,-0.5333982870719076,1.0342226369105898,-1.5129600363463211,1.1203166176994983,1.4923558091222304,-1.0540716090687354
33.0,3.0,1071.688720703125,0.9286336397537296,0.1610541727261347,0.923455541737532,0.9502319582637586,0.2722550795372669,1.1323532244662091,0.97656869440363,1.1666632471603,1.496938419654963,-0.9094278935156366
33.0,3.0,1139.8541259765625,2.2733480233069105,1.2075149108237762,1.6774236116942154,0.7493588134258156,2.027554703853353,1.398403539185952,1.608188821736257,1.7442814585596969,0.093162875297434,-1.1863120787706478
33.0,3.0,1061.227783203125,0.7068533431550525,0.6038192590514484,1.2374741259878623,0.5170587856246778,-0.2659236066488084,1.1930584615247923,1.21206192809397,1.217822543995938,0.8003324449833107,-1.3663287620976172
33.0,3.0,1092.4990234375,0.4432577687565313,2.442397150619416,0.155476287889634,-1.1767792122395695,0.3697616272132187,-0.2314062763345221,0.5899966978838194,0.5796089216503573,0.5702744789795382,-0.8792983649543125
33.0,3.0,1056.2257080078125,1.830493884031891,1.6782382004746452,-0.6349403340579185,-0.3766612214706422,1.3905502151739713,2.9433267717585903,0.986947206746974,0.718122778625915,1.6463699406032228,-0.7994328087517459
33.0,3.0,1072.6417236328125,0.7080162199792204,1.5444796576881998,4.182621901510856,1.4209840223328758,0.2889420553333277,-0.054063918626829,0.0767437516522564,1.3137124085235463,2.1553606903376537,-2.259441089573493
33.0,3.0,1064.9122314453125,1.5612680244791042,1.253977416404962,-1.5198096780108767,0.87272497368091,1.3931781403314814,1.1629018225844696,0.1697046576280714,0.8931821303238134,2.5498600325760057,-1.8854692978542047
33.0,3.0,1074.11083984375,0.2892113827534928,1.9135006964458343,1.228445523281585,-1.4319605948347336,1.3952995794755942,3.3662663554835923,0.4359384972859104,-0.9180047251361758,0.5204551381864597,-0.5483005283926614
33.0,3.0,1055.474853515625,0.7708984263258669,1.0063612697530535,2.551696506369856,0.1943085857013846,0.0967641295724943,0.994306290371524,1.692832356851533,0.7327979101996611,-0.2728601293833463,-0.9968130437406426
33.0,3.0,1037.54736328125,1.4951720374577129,-0.9123372107820718,1.2485993181971846,-1.3987447236864607,-0.2907930128005178,0.2626256550780237,-0.4905921687239525,1.0840388933684195,-0.2024624413323748,0.3414414148587479
33.0,3.0,1038.6356201171875,-0.0744163945903757,1.095479201758387,3.082211685017553,0.7296606395837699,0.5967320892446315,0.3415102873776714,-0.7950069640934281,1.36936664733153,0.6098357058985595,0.0897104563652124
33.0,3.0,1071.5340576171875,0.2897318402926405,2.9985365779662,0.9960984461163828,-0.2758687766004044,-1.056215884767643,2.8869985273347707,0.2129681939107888,2.325375555406876,2.189753053896627,-1.136154146943447
33.0,3.0,1067.6539306640625,1.2185727591989917,1.5446144770858474,0.3576210785157565,0.3811491898137911,-1.3533919768678166,0.8421978784730699,-2.606891992993275,0.722931918921442,-1.2659377465060984,-0.0095689393422002
33.0,3.0,1063.2332763671875,1.857151505640868,1.7607646441434444,2.8684041606047685,0.4144094970028691,2.5183865057318444,1.701019981611794,0.1163492096138538,1.2136192183165662,-1.1407364675023377,-2.0958926317217053
33.0,3.0,1081.2960205078125,0.9862272978325946,2.814677367377331,0.6770195952299325,1.6737648358844108,1.3463113295552418,1.2353377884895522,-0.3916327390110403,0.6786477458937554,0.2496510301004351,-0.5382108404935835
33.0,3.0,1061.5003662109375,0.927233972338537,0.423318281068898,1.2317770639393535,-0.9434862674062224,1.3253324410921792,1.0069798966909538,1.4891955322084431,1.1849740001332592,-0.4539947141838887,0.943468903323307
33.0,3.0,1075.914306640625,1.5013125893002073,2.725214372591421,1.4498910883161835,-0.2830236037259137,0.2473500982146301,1.3943854514940055,0.9564119689388316,0.0908827462431514,0.8876831935599725,-1.1670848433495529
33.0,3.0,1089.9935302734375,0.4622172026347391,1.8648664003721969,2.0318521983182123,-0.7618082483353525,0.6690186454780029,2.1271316772879,-0.3997219369350757,0.2412253374467985,1.073328601694965,0.7931883988673167
33.0,3.0,1046.7596435546875,-0.8373062895042347,1.216068490310068,1.148102851174542,0.562193147845294,0.2885338814442031,2.678220206943074,0.0511702897664232,0.2321197663735743,1.058950537890409,-0.2982416844636235
33.0,3.0,1073.285888671875,0.5086259075537294,-0.5168986908946067,1.6415783774572077,-0.0062134433605072,0.2355966319746016,1.3072270484173707,-0.2259309431145517,-0.7978588690024075,0.0992630171146284,0.6335645886970864
33.0,3.0,1073.7574462890625,2.653005053850693,1.3176488579845511,-0.9755890893914724,-1.216813364982877,0.6559131005596761,1.5147273961411498,0.0249051586237207,0.9850249905326862,1.08062186232541,-2.298737639618812
33.0,3.0,1117.97802734375,2.0615139638611755,2.4210651255164297,2.171213367643059,0.5095103875505416,-0.1450473820132716,1.335138680331747,1.188569569443164,0.3383734241315519,0.048257244918604,0.0972390884381813
33.0,3.0,1043.555419921875,1.2499657000715692,1.0698036558907056,1.562565455594351,-1.0549876069013209,0.9455460718319086,-0.1012749301420177,0.335613953284688,0.1455620043514125,-0.0969084867833087,-2.4031282064394377
33.0,3.0,1080.244873046875,1.354903945117294,2.490141266706204,1.9562802166636133,0.0679944222723776,0.7010508484069513,1.4733179463772128,2.1451389258623994,1.3556274742570924,0.7739807646515251,-2.157187831736188
33.0,3.0,1072.3092041015625,2.352547350030073,3.5078930764579184,2.9374738948522072,-0.5407950396271124,0.7980801601981096,1.3802327408705732,0.9669283514172876,0.6581918146412713,0.2738154061545916,-0.6433986947083445
33.0,3.0,1069.635986328125,1.7088211289772222,0.1546319781115084,1.330036915337426,0.8082070351594917,-0.6885719379202673,0.2962360339830532,0.5551840827730281,-0.3883347318889338,0.4189401009210041,-0.440971339384947
33.0,3.0,1079.0697021484375,2.168361505703777,0.9348472133876768,-0.546579218403985,-0.2994059137413787,0.1566024252828457,0.5249786623388708,1.8095413906072668,1.5858099972156738,-0.5440529690959899,-0.8687388978599717
33.0,4.0,1072.627685546875,0.4726162802564335,0.4776446146916324,1.443286695729106,-0.5243880833542827,-0.8024225548507591,1.424945674446871,0.9815874431038942,2.9084221814025266,1.0346239182318042,0.00668116457852
33.0,4.0,1067.7652587890625,0.807536301640857,2.4225191696880586,1.585393595492266,0.1680570011960576,-0.4314246903944747,1.275399331006044,1.4608515898766896,0.729709437222362,-0.6323085026691402,-1.142421406248424
33.0,4.0,1102.223388671875,0.7010600373025335,1.9792130593216195,3.263705719388904,0.0371444006504217,0.874350004039548,1.1324728322873543,-1.031433154879664,1.8228539416643263,0.2814323756668617,-0.5411831230014323
33.0,4.0,1026.600830078125,1.1696058600091694,0.689463410247181,0.9622155341791744,-1.3625363375756896,-0.9881084658608136,1.1276707911674553,1.670852435168758,0.1545617894658537,-0.6744049009497104,-0.8438771398708313
33.0,4.0,1081.934326171875,1.4845381177671264,0.6643286854343735,1.8287221538265497,0.3878916807504211,1.027255779919666,0.1905294345380594,1.0697808917968397,0.3451967341112416,2.098894578187032,-0.957565628847096
33.0,4.0,1042.624755859375,0.5940773503993597,-0.6756759939381087,2.1786519044402723,0.4689732409414748,-0.5042380927267356,1.590025050519901,0.8479304935356495,0.6716760219900824,-0.7027912079667207,0.0366072845305502
33.0,4.0,1080.380615234375,0.5583391294616948,0.4884697960064263,2.917951223199128,-0.6065327888365433,-2.006120478744488,1.1411946880666877,-0.0802007235335917,0.6317065565584095,0.1087702369380982,-0.9080614412299814
33.0,4.0,1025.7213134765625,-0.2837387657945029,1.908773823310756,1.8862025493696324,0.0989827984601525,0.1591899720683773,1.7906092192864254,-0.7850225394628376,1.0778745092186126,0.7891456424991175,0.5269444450626413
33.0,4.0,1019.5888671875,0.7130040596226923,-0.7643233114137846,0.2789845546249694,0.1361480680954336,1.6534278661138109,1.2103947378749549,-0.418450797928271,2.181153805249956,0.7909108397145115,0.4034695339004503
33.0,4.0,1082.8099365234375,1.4575669960077944,2.050858525154066,1.3423207665834198,-0.7174483900123283,0.27393902904873,1.184166826092813,-0.190469939287694,1.6229876446981155,0.621740312860882,-0.2052078084351647
33.0,4.0,1059.2176513671875,-0.121869281243498,1.361711879925025,1.7235683083862172,0.2362688981297722,-0.3544014066611876,2.8811524016319545,0.8422115082757866,1.4036848314227592,-0.5650472321545097,0.1768339574639661
33.0,4.0,1117.6259765625,1.372195933996144,1.0803844840204435,0.750882513690958,-0.1681631307345981,0.7058266026796636,1.4530794895336818,-0.2080982561772106,2.3120514368661205,-0.0511318389110808,0.6091373999340117
33.0,4.0,1096.33447265625,1.0736357197294923,-0.1778072003809576,1.1262561824812076,0.346969701485639,1.4388804008357088,1.3660846293258802,-1.763985243019912,2.890196277652529,-0.407488763553073,0.3742422365526696
33.0,4.0,1068.125732421875,-1.105110373302872,0.914529156981958,2.2490549092888905,-1.365379341548704,-0.9657243460006768,0.3340338198605197,-0.8077717567021896,1.560968500539729,-0.773869549645342,-2.154112189241293
33.0,4.0,1034.826904296875,-0.4107933095242542,1.3917958401964494,0.0699357922765298,-0.0934189717608573,-0.15649420459021,1.112613968563486,0.4879565339084095,-1.0495970627061482,-0.1504147745405806,-1.091774582329614
33.0,4.0,1047.7303466796875,0.4624870898123809,0.4845537364862124,2.500477033587856,0.176231701907767,1.794770064463357,1.85974996665606,-1.276625692113166,0.4675647573723136,0.9204229594872428,-0.6012755528730747
33.0,4.0,1067.5789794921875,1.713711865055866,1.0025287944961194,-0.2044538597134595,-0.6384183628052691,1.3757228976365532,0.785311024600289,0.8024501790772014,1.3381013494063687,0.261780247865043,0.0296247115229109
33.0,4.0,1030.4967041015625,-0.500934684690133,0.0452131152392096,2.2625253098263967,-1.132845649423713,-1.748775549422791,1.2416343107224677,0.1396989378311257,-0.0618079498468207,0.2530855816632247,0.2291772597869581
33.0,4.0,1094.5380859375,-0.0457680830182329,0.1748944644286973,1.6451037901573962,1.436746270291895,1.2088329875159989,-0.2518764163033822,-0.4018756231056688,1.5358632506854146,-0.0422662478667588,0.0129059252491767
33.0,4.0,1036.61083984375,-0.1034893601328512,0.5204151778950177,0.9919494180587218,-1.6200817814556636,-0.1455190060617726,0.2273210124794982,1.2631507683809726,-0.4820185394577194,1.882287647872774,-0.1818314132630938
33.0,4.0,1068.7225341796875,1.4215803935433735,2.586193755168986,3.831435847052728,-0.2994450558563031,-0.5364523247115658,1.596894186450745,1.1118278433864512,0.6037871218136415,0.0262859074031229,-1.4505302442171055
33.0,4.0,1040.23095703125,-0.3577071736402315,1.34734351803377,1.6726130277957507,0.3707981036670196,-1.3439114581180518,0.9750926516396063,1.0868829556423476,2.158824246506681,-1.1147019478688995,-1.6351708771962592
33.0,4.0,1071.345458984375,-0.1344333132759301,2.616990872013691,1.8095557863665217,-0.6346821932551308,-0.4770214504767187,1.7520177913019488,-0.0201123939717202,0.5821647371627057,-2.4235068166714493,-0.6812747821435581
33.0,4.0,1070.001220703125,-0.008318933558181,1.982377546641408,2.9944646082081405,-0.090827491938298,-0.7460277690007437,-0.5296059850463832,0.0097938124106189,0.5512430675494713,-0.9451102862181298,-0.7888781471447217
33.0,4.0,1084.3701171875,1.071339009956973,1.245984122101124,1.915941360462571,-0.2510626596275092,-0.530389353815722,0.4131063106728412,-0.6262882512962609,2.1017753491074886,0.0758298424395773,-1.0561296014338248
33.0,4.0,1048.34912109375,1.215587945075482,0.7725894832197024,1.2685234934660858,-0.048350840859225,1.8826242925698715,2.582754058840031,0.6674385147923134,2.0508450145455086,-0.2563164794782633,-0.7305532303852651
33.0,4.0,1052.32275390625,1.9378897942738096,1.550653235057763,-1.1772137471984072,-0.694884840974419,-0.0541250442749756,0.4122501590964766,-0.4432079266805573,-0.733749009491989,-0.5587412887073668,-1.7973647180715502
33.0,4.0,1097.806884765625,2.479657247151402,2.065853843236357,2.797601933957602,-1.843568430675744,-0.8464193294615816,2.0214714881549245,-0.4022284566110521,0.1923889626773878,-0.3886896763580152,0.64717758992699
33.0,4.0,1055.945068359375,1.7032214585134522,0.3019639475533031,0.3890148902223185,0.4800843912629577,2.252497583681688,2.9220085045338084,1.6918611842807376,0.6700955472861718,-0.2973235394935241,0.1434088950145096
33.0,4.0,1100.0322265625,1.1545925606980063,1.8048158528979883,0.9108161037614836,-0.6983170820672093,0.1114868449206412,2.7619136005784286,0.151731325456657,0.220623660788199,-1.2390497061413583,-0.7974361139343618
33.0,4.0,1152.9478759765625,1.989251378413181,1.478068206915971,0.4941043630241539,-0.9733137608332711,-3.149382425844756,1.2528930267514138,0.4535962539000557,0.1838224163666986,-1.074101761451426,0.9726994932650648
33.0,4.0,1024.9249267578125,1.0325489799761538,2.5324773859538494,2.242626400344955,1.729051881848628,-1.9398333111721664,1.4628122109219923,1.0178137577162871,0.6868364016404502,0.8456237308793355,-0.1166939475188986
33.0,4.0,1091.565185546875,1.5389394124017572,2.4429923287606394,1.6070427218042085,0.8044630719336894,0.3123100328146062,1.6527504894462446,0.7746339258000319,1.0919340829547242,1.0359345475325368,0.4670858683180698
33.0,4.0,1030.505859375,1.7312973028376462,1.6346868858420045,1.444049645679124,-0.2179902958195496,-0.736014168000998,1.2170932075539609,0.8684159706326797,0.507403382297249,-1.4087318849655568,0.4796181131552837
33.0,4.0,1048.611328125,2.4530664600309704,0.4217854535381242,0.348431878692736,-0.4472582551527235,1.108460837523106,0.542707290027038,0.9172534537348564,1.6498112851989155,0.0690129501701388,-0.3871929467834745
33.0,4.0,1071.9842529296875,0.5110506682329046,1.6783798814532442,1.8704991253652672,0.7760374286329732,-0.3970871407638459,0.2227767876547535,0.1957001595492364,0.5927492175279037,-0.3101777332287607,-0.5416957437264269
33.0,4.0,1073.5697021484375,-2.602909758068716,2.458494992014372,0.6235371964693979,0.1518131881317375,-0.7727509518789057,1.6991390018186694,-1.0975730818173632,1.2866073398398736,-0.8502506105049914,-1.1218900291026823
33.0,4.0,1026.9998779296875,2.494136338354158,0.6040191970575268,0.9810225897169964,0.6405720434120354,1.781782127612165,2.7232850480719906,-0.7031345749047953,0.602023022959898,0.6516797135228449,-2.3413140996638884
33.0,4.0,1072.4752197265625,1.5078617791017823,0.7136367938695649,0.7543341800171124,0.270508058005765,0.7573767834480538,2.050871660832982,0.9852632531808928,-0.0200482745677694,1.8615252269075235,-1.3618534591509066
33.0,4.0,1057.11474609375,1.1671265764383794,1.691770121743934,3.500837015217904,-1.1535355099149944,1.0274360584128486,0.4157202263232964,-0.7676657837773355,0.8219678814354765,-0.7465316827902599,-0.2134315074787576
33.0,4.0,1077.9893798828125,1.231331035288723,0.628592590539192,1.3463693456076005,-0.5777058360482537,1.2407827617466394,1.420187563643461,0.4517106936850714,0.4628368883298774,0.9209233032698024,-1.3044773741907938
33.0,4.0,1038.6124267578125,2.37834065757296,1.2598185014251282,0.7487401766614932,-0.376145694215662,0.4502760572159037,1.067942250909172,0.9513145607898296,-0.4755368583944852,2.381359945087689,-1.285984204880827
33.0,4.0,1046.1522216796875,0.2044681557086844,2.0034382864521616,1.674194196102027,-1.1891074153130186,0.977203796130178,1.0255133054029493,-0.1880778112636383,1.6136596166134476,-0.0023150071472164,-0.7968890816189633
33.0,4.0,1065.316162109375,1.087935511147614,2.0872828206478777,1.1745282060941875,-0.7778831145230063,0.3280546987067794,-0.2433894124301661,-0.0296759719226811,-0.2897974310107871,-1.613322915374762,-2.2818821950504384
33.0,4.0,1109.8458251953125,1.0588941081605077,0.9148302016652128,0.847955540257864,0.6006468666739773,-0.1991124400487258,1.719898891565678,0.9310637924174916,1.555054069978573,0.1749478593198503,0.2997499561616319
33.0,4.0,1041.904541015625,0.2117172805984264,0.8655945967087479,1.47082470084142,-0.2844562744267467,-2.112573568134572,0.7710164061738976,0.7578837503962008,1.097945559427151,0.6997897173419245,-1.2958253391103909
33.0,4.0,1062.8499755859375,0.1259022342715141,0.2784596269671269,1.4210738419317392,1.2578740976518643,0.1082161729998434,1.665277915237365,1.960509128366016,0.5677102909139942,-0.33305583646671,0.7838957720622828
33.0,4.0,1035.25927734375,1.8114743296608544,1.0111865747312052,1.2930475702580455,-0.3619076937390764,-0.4279919354439592,0.8806078760064793,-0.8265398588991939,1.1080857288924335,-0.0242095952513849,-0.3063609959908184
33.0,4.0,1041.1171875,1.6807762096731391,0.0770689426302082,1.355787855096806,-0.345783797117992,2.290747192601305,1.156714462337911,-0.2072228141247327,1.4638339193610612,1.4642343036443144,-1.0557114313429814
33.0,4.0,1058.7657470703125,1.4603155449238354,0.6811037926419967,1.1821798402383248,0.0152606262239167,0.3892734296356579,1.2914609339412308,0.2298370054054155,0.2424139136246585,0.1386865865871573,-0.5815629433431706
33.0,5.0,1030.6929931640625,0.0264205351684179,1.1921318410876722,1.9599142326060808,1.3153286742335455,0.583139083109689,2.5658794785569405,0.2956176762456275,0.3914507717942008,1.6788297087184318,-0.0961250979660475
33.0,5.0,1070.5753173828125,2.5247422540713105,1.9391306870776777,-0.2246745315253582,-0.926418771960214,-1.2842784335807975,2.358172049738222,0.0090658943737338,2.7572500485784275,1.353783540182655,-1.4847548861505429
33.0,5.0,1059.3642578125,-0.0034073510947818,0.7908402041314302,1.667270898399373,-0.0297429971977933,-0.6966235309872282,0.4968094332781714,1.0812831673623648,1.7494225730460613,-0.4891228713262876,-1.8947804279421576
33.0,5.0,1071.68603515625,2.4340179389226595,0.3915794156911767,2.079542197319892,0.2264152243370345,1.0121992753905502,0.7079350866720988,0.5590580992311489,1.3054260106915647,1.5083849560729634,-0.9289347944593452
33.0,5.0,1080.037109375,1.7136862578906422,1.5946106148342205,0.6469601054444452,0.8544132012688364,-0.2146362172201641,1.0018745483521911,0.1004275991588423,1.1325055677672111,-0.3438282458222002,0.5748220377924103
33.0,5.0,1056.3231201171875,-0.3176015856483856,0.6550386555426755,0.9349654295181048,-1.007104277652772,-2.711707130440087,0.7881892207542629,0.578315082369846,-0.2854423268068453,-2.105281445978726,-0.5764569408545288
33.0,5.0,1123.2308349609375,2.0487793691890257,1.0854776000463753,1.5266954789389704,0.7597308787368942,-0.6561013280590364,2.0951253702399883,1.7277600456549536,1.5401997052838905,1.611139464485336,-0.2375161630190048
33.0,5.0,1048.4500732421875,0.0436014422031627,1.0450994574077432,3.185451178185451,-0.9599586784161273,-0.0558200923166518,0.5647763707943305,0.2749599133915401,0.1698813880314409,-2.0125125851503323,-1.640620011635829
33.0,5.0,1135.1923828125,1.253744691541362,0.1864749082295382,0.1063591393532084,-0.0350786728623315,-0.3084360485598578,2.478571715286437,-0.7800989836578607,1.0195795370679956,1.2435211516638276,-1.029719833922273
33.0,5.0,1055.482421875,0.1432914986947153,0.8539070194501708,0.7993354045808871,0.2655974525324858,-2.856643125776577,0.9495386280631212,0.2591314253154211,0.534978976377845,-0.4358145294168505,-0.5214396052718779
33.0,5.0,1041.7860107421875,0.6054736604902464,2.2723225603931896,2.338266593202264,0.5166758092818835,1.085096783218904,1.2384284771257734,1.7883495958880689,1.7628563117906504,0.14950154037746,-0.2456929174747211
33.0,5.0,1068.314453125,-0.1811709843829065,1.258575342843585,0.4058261728476147,-1.5835336372166915,0.7500016509052347,1.9007577422939173,-1.0263270415181749,-0.34484318430321,0.446470111123344,0.0222719824327217
33.0,5.0,1091.2694091796875,-1.4811890555459026,0.1854967940930665,1.001355291617115,0.6584957927564696,-0.9870815307001664,3.5623510842515707,-1.2466919493409807,2.1402189750637524,0.8569770933505989,-0.7810841957293668
33.0,5.0,1040.448974609375,0.4135322549038109,1.938147323187143,0.7869356011541111,-1.714011503280629,-0.7440903182337806,0.5264825141010965,0.8348393956593361,0.9206763913120604,-0.1947316554862652,0.5974889630596181
33.0,5.0,1046.8935546875,1.6669164077017262,1.3520828074839215,0.7252883472050957,-0.8284157919319428,-1.4029684308860082,1.7741000407860783,1.035749300792956,-0.4738363369165856,0.2883785952546889,-0.178348773004882
33.0,5.0,1040.5318603515625,1.619176516332189,0.4070043010169168,2.7117959404358905,-1.1079032941148297,1.7272108057056623,1.5409610162641094,-1.3814588316608107,0.1393985271431876,1.007291102850747,0.5474424461343439
33.0,5.0,1053.842529296875,1.0763466436774225,1.6985661931841367,0.1035198569214106,0.2021847646574777,-1.4914538928829395,0.1053475259984182,1.457504277785711,0.6962674581567185,-0.3269912252179914,-0.955203671891984
33.0,5.0,1079.79345703125,0.978478511386661,-0.1345010997613025,1.411878256173634,-0.9237904503569344,0.98125443921829,-0.1444466463039457,-0.2834104694986115,0.8982143893919412,0.1121823919640707,-0.6176126969096387
33.0,5.0,1100.44775390625,1.0469998755923582,1.884277349075675,2.058774205839555,0.5159018752320153,0.2888467211135905,1.536344567730521,0.1064769077427669,0.3141129115124546,0.3432389857731586,-1.3174377180398025
33.0,5.0,1085.2852783203125,0.7150663235657584,1.0607846139256658,2.998964641803044,-0.2499304517412799,0.1802489032114183,1.7420998294182546,-0.2418204335319522,-0.4780889873336402,0.1785254845009678,-0.1843044906867259
33.0,5.0,1045.557861328125,1.7870647070990169,1.2017117046973975,0.3755935899623122,-0.4135520744589449,-0.1404347101333067,1.6024758650496205,0.018947373560854,1.8551928082665832,1.538780347126468,-1.1207812099789187
33.0,5.0,1056.3660888671875,1.0103119740712885,0.0367213785943212,2.3980587100117887,0.4145346853285172,0.7098950876873982,1.302175112803532,-1.2266508646785643,0.5807693937232408,-0.875374563626826,-0.0826232563409403
33.0,5.0,1046.0927734375,-1.128201383209135,1.9321426752658464,2.37652378947595,0.2942651581111866,0.3023108023208127,2.676526983929847,0.1215180374653766,0.045266175456966,-0.330985840208216,-0.373743222049443
33.0,5.0,1065.4757080078125,1.3809171323374336,1.2749416942985734,0.3497281050210628,0.4517482579722749,-0.6190525608815145,0.2137131162601315,0.9341900516141868,1.3265476323011622,0.8604114784812014,-0.5290418502413905
33.0,5.0,1020.7675170898438,0.4453568058293511,0.948207824665758,1.454145043233826,-0.0468016072122363,-2.06912394865594,1.4895267111989892,0.9102120709625564,-0.442612922509654,0.8911267964782521,1.1502778961443925
33.0,5.0,1037.604248046875,0.3326596954368108,1.3132651445947054,0.8864999802985087,-0.6334686714337607,-0.6858054866124181,0.3552975295604232,-0.222258890243344,0.246393784438661,0.410425703512514,-1.492748577413244
33.0,5.0,1031.2554931640625,2.342831531419823,0.1060903547768532,1.2488710971042185,0.4187783300260221,1.4983492731269106,1.2132349671632987,-0.3544046254550235,0.9387159464209072,1.195348551421091,0.4415738617766962
33.0,5.0,1062.117431640625,-0.5001433155517168,0.9564621088150737,2.1714057790499943,0.3621101136583124,-0.0807673613313237,1.0702214719429906,1.180625102177574,0.3131598162253013,-0.0455588130869228,0.0373013152340693
33.0,5.0,1052.5224609375,-1.7394045908864504,0.8713580261738363,1.492442332681958,1.84723237361302,-1.684675709048574,2.929009301668266,-0.2989792084239537,-0.4026449749943435,-0.0170902429789201,-1.745952460751044
33.0,5.0,1038.784423828125,0.963851609274668,1.0321178291442248,0.92651129074404,0.9911154589910424,-1.142186081288128,1.11271400801588,1.2692724223197924,0.5512697827169912,0.7142499560685964,0.3098909696980412
33.0,5.0,1018.9774780273438,-0.6610456996019467,0.2510644466069864,1.8085570384067164,0.3996283895910215,-1.307158801783967,0.9847786212673436,0.5380908782983438,0.1450183724766116,-0.4133295583567751,0.7062228497214118
33.0,5.0,1052.9635009765625,0.2322884644328047,1.1856416458098256,1.542800775430332,1.0864209803335705,-1.8565062490565385,0.4014108188153358,0.786212174113146,0.1589412260917511,1.425001396454844,0.2014878660934975
33.0,5.0,1099.624755859375,1.3820913937643562,0.5046908247939319,1.363785867733796,0.5562134958431209,0.8786454772698074,2.4596860326166112,1.3770098587244115,0.2008922641755575,0.7210321277433511,-0.1333509164348791
33.0,5.0,1079.2623291015625,1.3050040107643346,1.5268515936849596,1.0792921172945356,-0.1182880796734417,0.5275701239365462,1.5339167539470342,0.1379443299275005,0.2546132521266111,0.5756926391783832,-1.043709039855416
33.0,5.0,1038.24267578125,1.379611726079057,1.3637179412697673,0.6176298101287383,-0.0118737309001568,-1.0297128564614728,0.9706696197949788,1.098627121110903,1.4756820454504205,0.0608351950040688,-0.6030774827851273
33.0,5.0,1043.9598388671875,0.8961441204484988,-0.1366022387195355,-0.5363966851018178,0.5747975132728369,0.4770380447448392,0.2978509211196058,-0.4839981529029629,0.751353248063662,-0.6227214581950378,-0.3018516177245134
33.0,5.0,1049.16357421875,0.9640041501527924,0.6684013859322748,1.1759978907208302,1.4425614596578988,-0.8572476055177027,2.14141572096169,-0.1113591625948569,0.7827666702185798,1.998046336316107,0.7302258111851714
33.0,5.0,1016.3853149414062,0.4374577022375572,0.0655342280880999,2.274306438104727,-0.3438763826245559,0.5246672752339183,0.6729179034747412,0.174850267273495,-0.0672708756307791,2.683373222338058,0.4190750338479265
33.0,5.0,1079.345703125,-0.9946545968937937,0.7646884645653209,1.7173697082280848,0.5218949720128228,0.1107532168477076,0.4026933991232431,-0.6125192793305008,2.1105847328233187,1.7220624281187955,1.445717393122976
33.0,5.0,1032.905517578125,0.6400993628420171,0.6847504775633091,0.0722375119489662,-1.2917545966831403,0.6512368849595269,1.4375433785048033,-0.326120050397308,-0.8574085044588111,-1.5643791765414852,-0.925844124026785
33.0,5.0,1080.9659423828125,0.5024076835968847,2.3464506612213345,1.258537132888354,-0.5076130008021753,0.3282511997656065,0.3789975453803063,-1.3544282217681158,1.5264039947968078,1.3758048894243462,-0.3588038046791117
33.0,5.0,1048.432373046875,-1.0935793356861634,1.1957816919559674,0.7026676242430394,0.8579762012104197,0.7984634103898589,1.0281869424016232,-0.2158793435896679,1.1122323850986096,0.0069173410685614,-1.0012534596684146
33.0,5.0,1067.0916748046875,0.7009851692238236,0.0609688572343873,0.5096778762626917,0.4525981680816695,-1.2034809248184497,1.458914800868202,-0.6793864973489736,2.099145225914773,0.915745534799484,-0.3897394518768768
33.0,5.0,1076.1973876953125,1.135773581588584,0.7011304484181586,1.5144717774145935,0.0960909755804975,0.6799231904211194,1.1025847337316534,-0.2398392588216911,2.6818516917417226,0.5329965735215039,-1.849220812396907
33.0,5.0,1076.6785888671875,2.3731283224908992,2.2515935253564727,1.179596910238233,0.5620286447403533,0.4261767088609671,2.5754695478541203,0.6107940420771367,1.7922348142336535,1.7707636319124456,-0.9342533095621466
33.0,5.0,1070.1898193359375,1.3880291737810015,0.1942211526100257,2.5613948259010977,-0.4825852988281474,0.4552168813945512,1.852326020417002,1.2057289637364583,0.5589331239171171,0.5253326622614409,-0.3797474796369764
33.0,5.0,1028.6715087890625,1.2776015539246144,1.240201692998867,1.5402089040416742,0.4926529606920473,0.7067827109265368,1.1326625187846329,0.0670526424500295,0.0158632886212135,0.8075168050113177,-0.4994413847961239
33.0,5.0,1047.8369140625,1.141037067341399,0.6097807140367255,-0.3018568147584339,0.0755627707487658,0.9959186318474708,2.4367570130694585,0.7625482029161397,0.1466401493720814,-0.1350316570745215,-0.9988926851069042
33.0,5.0,1056.6151123046875,1.3235991282320638,0.0791859154857963,1.1982563451935233,-0.1134316676675322,0.0106473988546129,1.0867426585406743,-0.8112006349989613,0.9494581762300404,0.3880408621936579,-0.4044980691523472
33.0,5.0,1021.9239501953124,1.3929239822868134,0.9394231015356418,2.135629117020211,-0.1774920727519449,-0.1046888442666187,0.1118453342631315,0.1232359376118825,0.3881894274779842,-0.220616015547554,0.2425770111523455
33.0,6.0,1061.145263671875,1.9287650568384684,1.022323773845761,0.9946167474315412,-1.073399423113659,-0.2714982817752318,0.7697145710363165,-0.4410501778316957,-1.755535493735775,0.9153538468929696,-0.378335408950746
33.0,6.0,1051.486328125,1.3625632575715656,0.1552785093748374,0.0159606887766727,-2.2652864892752858,-0.2412439550765235,1.5242542898594458,1.1322206561168846,0.2048101189327758,1.8887097248432871,0.0726453882706525
33.0,6.0,1039.8170166015625,1.9680083793716363,1.781290601550095,1.7670519789155232,1.041950611134988,1.091294697465063,0.8757379750761682,1.1328412731662656,1.2452026647313126,2.2328028406830525,0.9984200985885084
33.0,6.0,1047.9254150390625,1.1057547857824002,-0.6860826408532592,1.782801628759037,-0.2561969097451433,-0.5046064998845718,-0.0183276578147104,1.1806514209487418,-0.3952567149293671,2.0247062910507534,1.7275320454375906
33.0,6.0,1112.92578125,0.4726377259139269,1.3859932589166153,3.1116060136388075,0.0570654613288628,0.627057208802265,0.2472765974916484,-0.6330842479153134,1.046488238907859,0.0156886768862047,-0.3553439122399213
33.0,6.0,1085.57373046875,1.72310051947961,0.6598896163502079,1.17969577519223,0.3319904897023225,0.4085991973577911,1.5408544150414745,-0.3593082094376285,0.8273663099563819,2.605794693863846,0.3404263489394923
33.0,6.0,1051.0496826171875,1.1770115628424491,-1.2034327595520096,2.856442608006777,1.434650279975371,0.6883617751594979,1.0096862686423904,0.878495824750317,1.397354574660426,2.4862819233787405,0.3364365086273002
33.0,6.0,1093.352294921875,0.2825235702203486,-0.9744674274195102,0.3900611482748282,-1.5377480431167756,1.4695588669492432,-1.3227603885838923,-1.3360955977456834,-0.0562916286898245,2.049529234924062,-0.5948974531140561
33.0,6.0,1061.350341796875,-0.4039686716942228,0.5576204346517821,1.332079277473035,1.6242949566166445,-0.9317108697120622,0.3607473438659863,-0.4425972961477722,1.0831004496509822,0.5934543042695974,0.2776501313943367
33.0,6.0,1037.1197509765625,0.9226535603936644,0.9054790567290656,1.7873208115865689,0.161349995943592,-1.3753523306726247,1.3006015383924527,-0.4420506880197115,-0.5960955162200943,-0.1188008540383336,0.793056045853902
33.0,6.0,1086.663330078125,1.3621680369937454,0.8683540328506334,1.0239910367503064,-1.1920262808536175,-0.9813100792255992,0.8002631794041388,0.1467517067030961,-0.6734475657397452,0.120148199745004,0.2222713228369333
33.0,6.0,1096.4249267578125,0.5510462398444638,2.4851641064974217,3.2124183111056546,-0.2079440960567167,-0.3753451921505677,1.7686222847160415,-1.0283800212392746,-0.8355568374247904,1.4570185730464758,2.182864557586038
33.0,6.0,1078.8428955078125,0.0076084000656662,-0.1041736616616608,2.1681111544526104,0.3843029685921912,0.8237003985643145,1.810625788855634,0.0508317935594622,1.5448035341875055,0.0906917169427163,0.1322046237555998
33.0,6.0,1109.959716796875,-0.0481745378936118,0.8688439734098559,0.8259974479223287,-0.6735379165867359,1.875637387234498,-0.566135625369121,0.3516253553111159,0.5270049390829232,0.0610583414634469,0.0549518306710892
33.0,6.0,1070.408447265625,1.1005837223825132,-0.7745236415512942,2.0579932063144373,0.2357771912825139,-0.2330257282765924,0.1990775892583407,0.9243483107924844,-0.5478504176186947,2.6450917984068854,0.6663703977416109
33.0,6.0,1092.728759765625,0.6322161922292224,1.8879391187525665,0.6587750062900462,-0.865378476221613,-0.8650145407859471,0.8450160190141185,0.0511520000904539,0.2650529206659708,1.8577638921159905,0.1336119042207508
33.0,6.0,1029.857421875,1.188728433103603,0.6722645756582786,2.429573309197467,1.1096364723162644,0.5283188113445672,1.8969872883264944,-0.4651675485943976,-0.0463168401904736,0.8131703414539269,1.3606144662021418
33.0,6.0,1023.194580078125,2.378366133105512,0.8886993622425008,1.3711854272808282,-1.190904556645247,2.7116353723291864,1.2092885491408645,1.349310517573345,1.302951031886261,1.4750869108495586,-1.227222068078084
33.0,6.0,1115.235595703125,0.0165577375295908,-0.2737457545652582,0.900422157413904,0.5454006994128484,1.2691591412404044,2.871621906976481,-0.7562872560426541,0.681324924672527,-0.236725588443873,-0.7081321251989436
33.0,6.0,1056.3262939453125,1.6757535478177674,1.1313110430143647,0.5153091378004628,1.0994984765963398,-0.049561098723406,0.8223980832044191,0.9749823516733152,0.2040780276491478,-0.0850824245496806,-0.0564402227765876
33.0,6.0,1087.155517578125,1.0877321718144888,1.9019466103020672,1.9680347870558144,0.6170574534501494,-0.7587017878474596,1.5977321938321989,-0.2826916678340225,0.5134943321929359,-0.4832175657598982,-0.4125110913311278
33.0,6.0,1095.340087890625,0.8701587952835723,0.3123317919983117,-0.3876984951723923,0.4572920904577344,0.8809717627960136,0.7374318069452528,0.658779661009012,0.7210597883711358,0.4316329672401862,-0.315164556299889
33.0,6.0,1073.02880859375,0.7748623382231585,0.9980576708308336,1.2866575431499685,0.3528810008941523,-0.0899772585872025,3.005303190333793,0.1478263725823438,-0.304963043397735,-0.5601330869383867,-0.03864315525374
33.0,6.0,1123.736083984375,2.3552571391616075,-0.1610057657279799,0.8528893468527414,1.1546802814643868,1.2981864977904962,0.0640683359493081,-2.06645564182882,2.0304035639676776,1.3575899097368405,-0.7833830212768147
33.0,6.0,1114.1138916015625,-0.3852801129746916,0.5316694819388168,1.5129454234811304,0.1188739951117963,-0.1968174968519189,0.6935083160005062,1.2118528951258325,-0.3897654622126332,1.2386340817634611,-1.5105312172221632
33.0,6.0,1091.1832275390625,2.175196226452212,0.3285306296624304,0.7936029819481094,-0.014882040120689,-0.1399200204402282,-0.1631861591329553,1.0042382283140323,0.1220395226469053,0.5467740922995237,-0.519982620244698
33.0,6.0,1098.9315185546875,2.169841070072086,2.23608513617783,2.1999906719862903,-1.0536709900570789,-0.0799994569687276,-1.089361025394643,0.8218611173921335,-0.8426641342220496,0.479361325766269,1.0714568034238052
33.0,6.0,1067.243408203125,-0.4674327748759612,1.1148544770322877,1.8668651885184808,0.4614048880119705,-0.0473778123068981,0.9232017453809424,0.0064009646923857,1.153320784859985,-0.5226569075305809,0.4104274278777788
33.0,6.0,1061.5302734375,-0.7409395588937073,0.5442365045751449,2.6820085324093803,-1.553183946655886,0.2253958431133824,-0.2436264442291023,-1.7826167519758045,0.1487580297771105,0.6960234726537902,-0.5140150537596835
33.0,6.0,1072.635986328125,0.0264568039626231,1.610853078975195,-0.969542012346862,-1.3139833363328264,-0.5690712126938529,1.2068556850647507,0.5137204648711879,-0.685984459385315,-2.274017696625197,-0.9246328055676684
33.0,6.0,1039.7628173828125,-0.2982600702016071,1.909134989521367,1.8871979692249727,-1.5148216056923838,-0.2198785955189359,1.1621280552470754,2.0453653122930167,0.5002222637691602,0.9125898912655632,0.7909977268610664
33.0,6.0,1069.4150390625,1.8617791092158376,1.1096774107365803,0.5667045134730806,1.1588236875614726,-0.6600086756484203,1.4339286179498147,0.248355292207421,0.1903026328315427,0.354933330955852,2.245060145041836
33.0,6.0,1029.050048828125,-0.7591369705588944,0.6171884196019759,2.130302793313856,0.4455280020309331,-1.9284634224913768,0.7165375030392864,1.009674915950778,0.0161873446593316,0.3688695869425391,0.8465718423033799
33.0,6.0,1066.5244140625,1.0762573852505746,-0.524198472705427,1.2196915600525706,-0.561595959375981,-0.2832824764422561,0.116669395093929,-1.1969306129713733,-0.1025861548303606,-0.2960217966042204,2.13270296044512
33.0,6.0,1101.4200439453125,1.477687853839445,0.7739944096097062,2.407869324584748,2.0038447846174776,0.7655042385434951,2.271909290466102,0.1569133072437143,-0.5381106175910375,3.863611712670501,-0.3122491418730853
33.0,6.0,1014.8635864257812,-0.6308641914426163,-1.3727617829346062,3.3376345229042066,-1.2549682100940491,0.3626104907137675,1.8308626045255192,-0.7617625191321933,-0.5453758990444744,-0.5051709147298507,0.5540246599695706
33.0,6.0,1071.4248046875,0.105136357887174,-0.2316947823978257,1.3715745340186567,-1.0074541822457386,0.6960859354046303,0.703371722800016,0.600676000567427,-0.01238487117533,0.2182180434187621,-0.2538864156424338
33.0,6.0,1055.106689453125,0.7177853873509497,1.3020704933059468,2.382742145453044,-0.6211136176562269,-0.6279617383821865,-0.2841069397611697,-1.8452932680999528,0.7298977145380992,0.519321342367828,1.315393181975879
33.0,6.0,1065.6837158203125,0.6896445474445851,1.5791263935349642,3.0106319359322136,-0.9696044585877068,-0.3950040764241489,-0.0250963334179257,0.6459783165536415,0.8885537375475581,-0.7463558423308223,2.101910967628632
33.0,6.0,1060.2279052734375,1.1162732015005172,-0.285367404106486,1.3098396727729966,-0.1577279555718638,1.2624655447693425,1.5530127822464737,0.0934921495390286,0.5093717291847639,0.7474466639701873,-0.2381621150042523
33.0,6.0,1075.600341796875,1.393812518599744,1.106932599583521,1.8058542134462616,-0.1132555855090942,0.3782916225299448,1.2483498477798518,-0.4269066083104356,0.912465718049356,2.234482914953676,-1.0962360309766588
33.0,6.0,1111.132568359375,-0.4075183194496299,-0.1089667984599715,1.750977456365156,-0.2798302470113869,0.045856809747411,0.4764413680008026,-0.5603026340236079,-0.9100054961536124,2.494293250499364,-0.1859134755601719
33.0,6.0,1034.61328125,-1.4497607711217015,0.5206500300379604,1.3825172041470424,0.6361560855415931,-0.9776598005346075,1.3059174475805824,-1.0214841685876253,-1.0773257761360284,-1.0398230183006243,-0.9624428791985408
33.0,6.0,1138.40283203125,2.645907904619235,-0.583687256534847,2.089205639728192,0.4507110063179143,0.7667361264009331,-0.2498769299541923,0.3598465396215458,-0.4189028105377543,-0.1699382214542097,1.3962764461240091
33.0,6.0,1069.0802001953125,2.083376362075235,0.5394774929633304,1.9831321998529976,-0.1614494952891725,-0.1748770848858551,-0.6957643247063103,1.3399636441498348,-0.3824028117073066,-0.0578427005771366,-0.3365853594012966
33.0,6.0,1036.4940185546875,0.6266005474304217,0.6902707570685909,1.7156392634753228,-2.035003825814356,1.177430716213892,-0.017632869066368,-0.485624324314319,-0.5816358843437817,1.2099134966331049,-2.041069980038567
33.0,6.0,1098.926513671875,2.035984289069418,0.2196113147222238,0.7354796726449209,-1.054788445841179,-1.3828837821440416,0.0890248041475594,1.525120349083732,0.3673294865911272,1.4955593236435565,-0.1614702621622408
33.0,6.0,1050.95556640625,-1.4568828853452374,0.9435547937795176,1.8702475861894976,1.6234592464451438,-0.6170953221128253,1.7292755258981387,0.1660824123655002,1.685690695332566,0.2410941039133334,-0.4814584966408279
33.0,6.0,1058.384765625,2.6367666002807155,1.1107838967316876,2.123523590994578,0.2602361857890223,0.1300372332483235,1.011987451566597,-1.045227848281468,0.6044155952296562,1.1904303517370831,0.0457966917264656
33.0,6.0,1039.6070556640625,-0.9288952181582432,0.0804658076031552,2.6763397431115656,0.4623542916962719,0.5601370771298351,0.1979884868238448,-0.3755498094128207,0.7225434795155632,1.821410429960709,-0.0230884075769246
33.0,7.0,1074.42431640625,0.5659543978184551,-0.7100986840771846,0.784302994278077,-1.2351148556666534,-0.8995856393674586,0.0163143278405462,0.8688384547717645,0.1359616152128051,0.4987351919324005,-0.3949116408412685
33.0,7.0,1078.27294921875,1.0892039638931648,1.60750664590058,1.710017544254239,-0.2728946089726083,0.586226553611688,0.6428651689855869,1.6252357175239975,1.3209028590603342,0.3883621280815532,0.1737772545342464
33.0,7.0,1074.7672119140625,1.909387665166584,0.607409272246688,1.0748691705830282,0.5053292213608627,1.525545789026193,0.813557161477525,0.8658540502223282,-0.547103776387357,2.4360785966445686,-0.1009076039671956
33.0,7.0,1060.3892822265625,0.1406541745559568,0.0502313968909913,0.6470305977890289,-0.4072431287873055,-0.0054053029982075,1.6743645037899668,0.7478785423289196,-0.464996543558744,-0.0080627803082835,0.4587401115381553
33.0,7.0,1053.1226806640625,1.3303258013772234,0.0501313357166699,1.7998455466411605,-0.3605877949278966,-0.6126688434661514,1.5368443883500058,0.2825583265843683,0.0818444455340454,2.03478381801615,-0.7982103693717129
33.0,7.0,1086.6815185546875,0.1137348301836951,-0.7964735296211067,1.8408634150204195,1.233261047646245,0.1189686282313591,1.7978186915680985,-0.6919385192683762,1.7673897576122366,1.3836457172564618,0.4075914481467624
33.0,7.0,1053.770263671875,0.1292486213086672,1.2475236452553933,1.8601784439143008,0.4310280161928279,-0.1784353956036897,1.009192381498095,-0.2293734546594947,0.3209591229046786,0.5915810661592786,-0.1611058466747037
33.0,7.0,1042.9129638671875,0.2659144226565768,1.406039875711862,2.695905776131183,-0.8184129819077359,1.241340195198961,0.3821195665922552,0.0481344195849775,1.16101494800649,1.805513798134132,-0.5410512679947317
33.0,7.0,1076.8408203125,-0.0358061999703931,0.2720302482966152,2.103031109607101,0.5616222948915484,0.8097263553055285,2.1387150102511665,1.5115303323063136,0.4045250887105842,2.3413744996494934,-0.5381834172053148
33.0,7.0,1043.94873046875,-1.672563680803068,0.6397584534867962,3.1809332450080845,0.2355236358493382,0.9973849658344118,0.8501170753759437,0.7131374784204869,0.2194196642143957,1.991229357271368,1.8892338142874945
33.0,7.0,1024.85888671875,-1.3899059058752503,1.8320773724851789,0.9194599786368852,1.2445721071020808,-1.3536011327170927,1.242037050720899,1.9145071009065084,0.1169784722626774,0.9193351611051704,-1.4545845113502809
33.0,7.0,1064.632568359375,0.8495337267622807,0.9850272477068244,3.34732785844923,0.1643825611029683,0.4033184722750302,0.0326650535781327,-0.9760697932509332,0.0576580468012242,2.2022296272903352,1.3514838405497915
33.0,7.0,1068.2918701171875,1.4597729248257707,2.577392856586105,1.90127297278603,0.79383012895339,0.8267255101507356,1.7069902798060763,0.3546223781217206,0.537467844971113,0.9273604020043617,-0.0696205240432155
33.0,7.0,1043.9532470703125,1.334902315512089,-0.2691303252015338,3.290700791747703,-0.1031896173295878,0.7652734413836191,0.6390438815374155,1.976823216215963,1.2658125092858068,1.9305872309301573,0.8175179437106985
33.0,7.0,1043.1907958984375,-0.0155168514827703,-0.7199639800675408,3.8008880623752814,-1.4335066896091293,0.3315472903581842,1.837226930534568,-1.2807546744270737,-1.211255346779947,0.0837442731481417,-0.4298674526403943
33.0,7.0,1064.41259765625,1.2668889586375889,0.2099890034076059,3.512391259225192,1.387416602495347,1.895435961482229,0.6468236534252556,-0.3023015359742427,0.5786908154359587,-1.151289070506655,0.1477565260945841
33.0,7.0,1043.6148681640625,0.8436815124597956,0.5164961709562963,3.1440567483486994,-0.3510390933855927,-0.2056943326523361,0.2414348772123347,-0.585365454361682,0.4630454762310698,0.7525869124894751,0.2708041910560013
33.0,7.0,1052.4859619140625,0.5640330267860802,-0.1916615478583798,1.9499284131132448,-0.8076434621592661,-1.7028563436170203,0.676635834641286,0.3647261170407709,-0.892961706952156,1.733594298979578,1.989146240805869
33.0,7.0,1024.9764404296875,-0.309545566292936,-0.4435787217903373,3.496298080766556,-0.0893984619847252,-1.462662734516773,1.5132131294282427,0.8424369666101921,0.2072610284734839,-0.2323632975813065,-1.0342764258780788
33.0,7.0,1047.9346923828125,-1.336397824408302,0.4522765464331844,1.688791608105463,1.9847542204974864,-0.2000896052073866,2.034991783801803,0.0637649697660611,0.136766165944369,0.2963326965983786,1.6813452310199022
33.0,7.0,1084.0133056640625,0.0404290256452881,0.71824666849135,1.6443868080061073,-1.5904636742033764,1.849718204312328,1.6434333636874603,-0.8361889860800975,1.2891859759181576,1.3689020254571655,-0.6410225952494759
33.0,7.0,1055.5999755859375,0.5292967335821981,0.7903720959385474,0.9403946889230852,1.550398185206209,-0.1186346412690912,2.027619089472548,0.1260007721909462,0.6550536599135217,-1.1896342193506078,0.9034726839474524
33.0,7.0,1056.0703125,-0.5732572203383102,0.6903984590829513,1.214841406982177,-0.5711543588570667,-0.2391789858888522,-0.3154808896884962,-0.1791383596765099,-0.559069691888558,-0.3776952792347892,0.6490750260328282
33.0,7.0,1057.621826171875,-0.5845276435207722,0.9956320954608922,0.5689438578579757,1.0597078736054977,-1.1062516784538523,1.4858604453015811,0.5328126893028173,-1.3704123757348483,1.2743960239088672,0.9019832661766304
33.0,7.0,1074.3134765625,0.8233894100700576,0.5412255625020093,3.642812008670438,0.5087705775933564,1.8392666334931864,0.9515209320263232,-0.4994300694069169,0.2513132474312316,-0.4494823333165216,-0.728612227717413
33.0,7.0,1023.6288452148438,-0.9917228369171528,1.0277140056775362,2.6579622685554005,0.4534515147366234,-1.44296107152448,1.2174720835259398,1.2253845047284262,0.4405153612381465,-1.2658953055624511,-1.225806238440054
33.0,7.0,1066.570556640625,-0.0715340534932975,0.2759433310650099,3.813145326033476,0.4187592721831983,-0.302443875902866,1.09628162555813,1.629765764557618,0.1904226981632781,1.324310129369448,-0.4135236443121073
33.0,7.0,1066.5113525390625,1.739789140184838,1.430424232623558,1.2680596560646515,0.0463061743579249,-0.2320968440553752,0.7215985766313624,1.2747583015205954,-0.6705058754024362,0.0120801105991796,-0.2815377101963596
33.0,7.0,1042.9124755859375,-0.5402439315543406,-0.4485200991884506,1.9182892059665813,-0.738856124824995,-0.1806173109305389,2.2899587145898863,-0.2461917581706476,-1.740260966132193,-0.0478895319803465,1.581022022032089
33.0,7.0,1072.40087890625,0.6764554964361045,-0.1311889512432662,1.5125652747051197,-0.7347324995171842,-0.1200661199724919,1.34804885413336,-1.3578936231037106,-1.616142063824724,1.3304876682697555,1.5657740447915105
33.0,7.0,1029.6951904296875,1.7464274510557107,0.8296106769876213,3.0496939928066986,0.6340848519446016,0.8781479866416486,1.6838149184284603,-0.5777520331547397,0.259222361215631,1.5235291921692244,-0.0234006261873815
33.0,7.0,1085.529296875,1.2149495986479808,0.8960316865002742,2.260915492409201,-1.452826999643002,1.4580679911833494,1.361256536036323,0.1416871190162529,1.504443306006845,0.2990826522966809,-0.259646849381058
33.0,7.0,1055.7703857421875,-0.2386207671964531,0.3578111997941482,1.4787051151391395,-1.3546281024320086,-0.2723729985498959,1.3845840198694193,-0.5114163953175686,-0.0178318932280401,-1.1660739826381237,-1.3547228250318248
33.0,7.0,1046.496337890625,0.0581913128330855,-0.2028182887233605,4.536045685378998,0.5972293432019162,-0.962650420725308,1.204557059808634,0.7404858762338238,-0.4592739249286186,1.023955626544394,0.3954080402126871
33.0,7.0,1036.60302734375,-1.3411173038887103,-0.3028800495294783,1.4596223517590072,-0.9136073969914972,0.6762726279192339,2.043387460956466,-1.8916035923212693,-0.0670727176239163,-1.0580495882793817,0.935387216771451
33.0,7.0,1025.2786865234375,-0.9932185290076748,1.1324998409001503,2.0839399696288456,0.1994688751573186,-1.9957130301901584,0.4135469283975119,-0.2236504715421592,0.2843520095430483,0.5325976345074936,-0.4534541600194783
33.0,7.0,1049.926025390625,0.1368129675008944,1.6931521885647092,1.0229701695081015,0.6144160889082508,-0.6938319003799549,1.2803673078171327,0.8464890988987506,0.2120897437123536,0.8398741059509627,-0.8899744791644126
33.0,7.0,1057.7701416015625,-1.659141194565192,1.7493521416199194,4.539280940930825,0.782816142469132,-0.4845325905478903,-0.0154805142154383,-2.086540584941172,0.4188101223617089,-1.7382434393259878,1.975310588438224
33.0,7.0,1085.6217041015625,1.7289116386022734,1.783933764039272,-0.2172705186540664,-0.3790188765610187,-0.8544819476363568,1.2553930311453465,0.3596407360051499,1.2721830196096793,-0.8239382619277098,-0.2931966158657308
33.0,7.0,1066.60791015625,-1.842950425641612,0.0947712567302216,1.4842889721108907,-1.7183752016949017,-0.3143515248896245,1.461457796105856,1.25928616806699,-1.2651926993936795,-1.1076984041289109,-0.1187472361774153
33.0,7.0,1032.9454345703125,-1.407408338318791,1.0913577978459896,3.067753871605266,0.8916735165237109,0.1608640017646632,1.0522797685727,1.108179794010348,2.387150787100522,-1.6559496840420689,0.662188093049032
33.0,7.0,1054.2410888671875,-1.3130009439148047,1.2397547988323865,3.817274021484869,0.8178885702517054,-0.409132898562599,1.345934353661625,0.1999382398127593,-0.6127565348821395,-0.0456007992943421,1.1130405459694002
33.0,7.0,1033.013427734375,-0.3899181205233573,0.9458382967074002,0.8221792996052706,0.4599759416730018,-0.4983033351184867,1.6560341909104608,-0.07554816045144,-0.0756582240134875,0.3625408801820171,-0.7089779021585745
33.0,7.0,1058.1365966796875,1.2968802944195703,-0.5124072924109999,1.2308523432332097,-2.276491802622385,0.5036559536644081,0.7831424163487597,-0.1605876068178924,0.5912063665173513,-0.4664549611208821,-0.7262077401980687
33.0,7.0,1082.8795166015625,0.4314596589668475,0.8067564988665765,2.904941488029184,0.7489334856791263,-0.2886382827843921,-0.2124412590022064,-1.155517803432884,-0.6017806803484369,0.3232157669193967,0.3105979325269832
33.0,7.0,1078.5313720703125,-0.4750528129998983,0.2259769003211067,1.6122176424992043,2.002960777553856,-1.0010490164955756,0.4213778542424133,-1.9288144717414024,-1.089655475093723,2.0468734494444014,1.539023221172746
33.0,7.0,1066.181640625,0.2534108322927473,1.2759552673266032,3.7053513890932894,-0.2035179649163714,-0.8304555637814586,0.3618606932359984,-0.2495403530485687,-0.4682552813512819,1.626166340503663,1.539146652331505
33.0,7.0,1031.0067138671875,1.803596172236733,-1.2422849154935638,1.997919870711204,-0.0498336818018563,0.2502558658601206,0.8129708898499111,0.8167358556267832,0.6769823487261704,-0.2036816348939556,0.5927770794240139
33.0,7.0,1061.8037109375,1.7410871111367543,-0.4575439789165791,1.874010800309299,-0.1327560492994663,-1.1737046286407136,-0.0274693775018386,0.5231523223702013,0.2799439035840869,0.2824141277096101,-0.0528787965908517
33.0,7.0,1077.3558349609375,1.3144934338029657,2.228070250899221,1.8356576769594373,0.1542970493761917,-0.9661769130144684,1.2208683974466128,1.7079046646983294,2.7503836572266573,-1.1830241284592111,-1.2494959456151935
33.0,8.0,1064.9429931640625,1.3854354686760129,-0.3941458436689231,3.125256933763284,-0.7177841019269522,0.9342042100731742,1.9696652983694216,-0.8042433167781899,-0.079198439887838,-0.3769993679631449,0.7818331061524733
33.0,8.0,1056.7542724609375,2.68859862102709,1.305241945236224,0.3386380431077569,-0.8038219971937313,-0.9286927468869336,1.083904362755125,0.1448982782208654,0.7758795797554292,0.5671795871263905,0.1778499211245048
33.0,8.0,1061.62255859375,-1.0418835489206235,0.419782139653976,2.0463257440257028,0.8313282941476219,0.3762223147577295,1.6524318669073177,-0.6576337149528664,-0.3288993179516435,1.2506172461689946,-1.757480250449731
33.0,8.0,1035.75439453125,-1.2241676215204,-0.0963350824621773,3.627886066595135,-2.474709011822946,-1.843455468875832,0.0653327870404565,-0.3392592936706426,0.3562036849107901,1.407181243523553,-0.2144060433338568
33.0,8.0,1073.3701171875,-1.93006963960836,0.3884210008011095,4.34989349235342,2.536045643225898,0.0252815804151884,1.439211749279961,2.141319908788062,0.274073307653242,2.1619497137092925,-0.4291577079957323
33.0,8.0,1037.6572265625,1.1935240084798693,0.4515637405122339,1.5008506565897068,0.044333235996099,-1.0966680693567437,1.007314331704876,1.499650177348908,0.8908132120658472,-0.0623741818642633,-0.8635918629614912
33.0,8.0,1076.3348388671875,0.2796198100064329,1.974803716080272,3.899311319209531,0.5268176161791587,2.495349913279423,2.670048211996301,-0.0048578901283331,0.8129029133605563,0.0639160852819484,0.071757054581278
33.0,8.0,1019.6504516601562,-2.030172817799415,1.402707212425529,1.0887986340326885,-0.0170664938958564,0.7800714296076912,1.4968760381575557,0.0931066078688562,1.634025197065112,0.1520355480106499,0.6465631705307517
33.0,8.0,1065.7379150390625,0.3869331855594051,-1.2581908026250388,3.1122702220588128,-0.2709225459489666,1.1146585050155604,1.0728035008448824,1.6762337136241283,0.7884976783345259,-1.850171445032637,0.638005441277512
33.0,8.0,1079.9229736328125,0.4389397560153165,3.2391800538415936,0.7340094720810653,-2.2789961914290617,-1.90446839529246,-0.760204980920042,-0.4226677142506565,0.5471020230176933,0.0170747969603803,-0.1442506967205172
33.0,8.0,1065.4771728515625,-0.3803096761995297,0.0040310800110034,2.7556363220266693,-2.0987425339110057,-1.3334615312594855,0.094967184749219,-1.256727102061736,-0.1240526284719276,-2.0747570106123767,-0.5273088568485793
33.0,8.0,1080.8443603515625,2.086982753809909,1.7220783416734955,1.858931958736135,-0.2076986295717189,-1.2440646075718351,0.8898456701050694,0.7469237512747231,0.903431736593971,-1.7289130915549822,-2.9937940786175634
33.0,8.0,1030.3114013671875,-0.0776836917049585,-1.2251926175167671,2.8500703723893093,-0.2167063369417263,-0.700901800727955,1.2794298666321469,-0.3174950947396002,-0.965899579446516,-0.3425053809764575,-0.843147684503375
33.0,8.0,1045.6544189453125,-1.4583924266922246,-0.3833086915876205,3.4351331222082067,-0.6819817936068029,-1.4358493774687546,0.2489780737371276,2.3577870773199656,1.1078887069548848,-2.917303827156558,-0.7301803648910274
33.0,8.0,1093.6881103515625,0.8742504342935771,-0.5014481607074428,2.233109179519338,-0.448411811212507,0.1404933411060627,1.5943215952877452,1.0621648439262863,-0.1587908373141342,0.1404781815360856,-2.395870583810007
33.0,8.0,1102.761474609375,1.236268738454119,-0.7710846871791022,1.8596796145243888,-1.4064705918293132,0.0205056871602131,2.050192391387329,-0.0408046874192278,-0.3669599562385972,1.1046521063399606,-1.295575633285619
33.0,8.0,1106.4454345703125,-0.2793140824332045,-0.0326538246077507,1.4855814690537734,0.2568537377954829,-1.008812370821217,0.8359876250903495,1.1205939053906828,0.7414388509388594,-1.6633935766474028,-1.4851417950390418
33.0,8.0,1079.6834716796875,1.1451100259633895,3.267334407174369,0.4665789709785262,0.9367431623347312,-1.0318591264533694,0.5177040372732797,0.3993797935398602,1.1702498596644446,-0.7942653777717199,-1.288510124066527
33.0,8.0,1108.9388427734375,-0.446566288540053,-0.6109236191045682,2.4077184071387068,-2.2458225156172507,-0.665491973172978,0.1704108998197808,0.5344930160477848,-0.9318261777484232,-0.4323967007152554,0.9305417297324984
33.0,8.0,1082.5872802734375,1.2251936557603704,-0.4194256707521262,2.5277034010399912,0.767722500119346,1.4515641492562388,1.893267961880417,-0.6268693655346693,1.0335345411228571,2.635083507046869,-0.2891237791173005
33.0,8.0,1056.405517578125,-1.6669953651177352,-1.517400161993589,4.567962769758585,1.6827798578925517,0.340567862434499,1.6668949755959286,0.2382718948213273,0.1348565883983177,1.594462876856106,-0.1317937772366821
33.0,8.0,1052.040771484375,0.4168370057314803,-0.2698308004747778,3.507463080423761,1.186262510576192,-0.4344333491586942,1.4168821256328703,2.481281279261608,1.1846518450866093,1.3757990864847989,0.6540768257266958
33.0,8.0,1064.31396484375,-2.7002067641251903,-1.1976998684456284,2.8767169576770275,-0.54555179204357,-0.9955699479119904,3.400706692843201,0.8805699731677885,-0.5375135973177567,0.0856337045851791,0.6891137267252381
33.0,8.0,1039.8465576171875,2.5400493247716422,-0.710481275834197,2.0774708721037847,-1.0770763119719002,2.1847738144773388,2.238558381338746,-1.1534191021959073,1.032050698063621,1.105041397543288,-0.6650426738759538
33.0,8.0,1082.4105224609375,-1.485891714886142,0.6330997270901957,3.845808931723085,1.3076949057247749,-2.3319294024547235,-0.0222492109722534,2.310865501258476,0.2935337612743796,0.0537632451129788,-0.1750997468856718
33.0,8.0,1116.9512939453125,0.2688652533402171,-0.8004922947719448,1.1997933296917562,0.8017396264109014,-0.1778484459479434,2.100842381717607,1.392594327590814,0.851527119395822,-0.1307220571356655,-0.6418892627014756
33.0,8.0,1104.332763671875,-0.7631599531093274,1.4236706615040775,2.4077263180558086,0.2415814314377318,-1.3832033628443057,2.470252461088193,0.3676393455028535,-0.3019399483154377,-0.2694372522597259,1.1404549969300763
33.0,8.0,1017.0376586914062,-0.7903501219066644,0.1467321832918404,4.213046096314505,1.078112399850629,1.12415040422977,1.976417142227376,-1.3766406816756591,0.3908186823450634,1.018640995287056,-0.3975491303834211
33.0,8.0,1060.506591796875,-2.0785282566825627,2.937857490438769,3.907638331037482,-0.6085413504250292,-3.337613798418757,-1.1301442434551596,1.6726012546157314,-0.9891188879827144,0.1895677301112179,-0.1653523910653644
33.0,8.0,1078.38134765625,1.7169527423572468,-0.6235145872393657,1.528949167448265,0.0399125829985642,1.7235560358823214,0.8090328311914687,-0.5499386783659546,0.3722892492961946,1.463170227109261,-0.3185555440939343
33.0,8.0,1050.393798828125,-0.3949340541248354,2.847483945713898,1.9633098288328688,0.7001764143398113,-0.8287916752556619,1.5286540951198448,-1.1318894988067103,2.250171235381016,-1.780402685857816,-3.024643382841093
33.0,8.0,1118.267333984375,-1.2023141225410598,-0.0080418737851513,1.1815812543569333,-2.870671331546065,-0.8159644441608824,1.5633788607032244,-0.1350130225725019,0.1670595393996272,-0.6098189786133377,-0.054822242761582
33.0,8.0,1069.7567138671875,1.286994576961713,1.2460403207964843,1.6319148143173834,0.5031988709104906,-0.1195436213450982,0.6457983866633175,0.6601641143451564,-0.0793300445432301,0.702418950604554,1.780857109348469
33.0,8.0,1049.8218994140625,-1.7129423042709355,0.6280715765958238,4.04017947978236,-1.9982473516181032,-2.198985886825515,0.5675575051911146,0.450722648574871,0.4155614201874638,-1.01536872493217,-0.0729227979765143
33.0,8.0,1051.5888671875,-0.7464529252572802,-0.0590198066976483,2.153177413721803,1.2242795230638848,-1.479292971039298,3.32672742228314,1.6092394350145431,-0.0731783390755049,-0.0127650279331446,-0.3362747339276435
33.0,8.0,1043.4456787109375,0.1995022703587432,2.182687041418875,2.44348147831618,2.3357451991379365,0.4352964256929308,1.4310099081663905,0.6447668647324365,1.2967291687064917,-0.522380598084137,-1.002692933055075
33.0,8.0,1112.227783203125,-0.0889369414348077,0.8766206501372951,3.611986705746317,-0.967287802347526,1.5165408032852763,-0.178830900205261,-0.0758032662221142,1.8337432582071769,2.350478762189208,0.8098163945151047
33.0,8.0,1059.5045166015625,0.643246805713825,-0.2529276980002279,2.4790065773929824,-0.7429264822316579,-1.2445175307543224,-0.3110955858076139,0.2781134133878291,0.8143927499133898,-0.011796647575248,2.5108698904755444
33.0,8.0,1103.4295654296875,0.166352331777845,2.9751416382820883,0.2261706845592215,-0.1510580729171771,-1.7286086102112086,1.0039205417387365,1.5311873224918422,-0.7894546888115483,-1.387576029160071,-1.928199995654627
33.0,8.0,1042.88720703125,-0.3500516579184953,0.0673117483757756,2.572179719086097,1.1124902663063327,-0.7246358611303556,2.503029847591716,0.502366092594678,1.3415222006533911,-1.3966434161725436,1.122185447891808
33.0,8.0,1040.6456298828125,-0.5073411074582337,-0.3250817244845541,3.0889772259114654,-0.5652892436750161,-0.2553245971779097,1.8146406373420303,-0.4016683768600781,0.0896258145620709,-0.0995427160253967,0.3019898629616673
33.0,8.0,1020.7628784179688,-0.8377740478279518,-0.397788069616821,1.3354930550235604,-2.053720068122924,2.3206250810163738,0.6440489743243063,-1.421929177494499,1.0688525882910191,1.350192402326229,-0.9591039918360398
33.0,8.0,1087.7738037109375,-0.1943818337960241,0.3543207967196249,1.426608760291867,0.9880412312648836,-0.1770025237321322,1.099163390058763,0.94731262000486,-0.6945200782604921,1.8911913322571108,1.8581606689228776
33.0,8.0,1078.1644287109375,0.4686605964510093,0.9681693982013896,1.905695176732476,-2.021472977890072,-0.5895546830316079,-0.6504227853547375,2.1484158987359203,1.4745903013698047,-1.7365132670628889,-1.801468996766684
33.0,8.0,1030.079345703125,-0.9551567229994652,1.280287331947899,2.3667338540579603,2.2364023323627684,-1.940126994919824,2.160474894371836,0.4301461691265658,-0.7189121642811376,1.1721113780352974,1.262987262770138
33.0,8.0,1020.4205322265624,-0.2767259564709121,1.3398742978135625,2.910168213012668,0.1825411205494145,-0.944749693927287,0.8885958318081677,0.0510795735495364,2.115202018199499,1.0814765712543668,0.3385709443649931
33.0,8.0,1057.0167236328125,-1.3008652033768424,2.067909858237193,1.0544687866321167,2.150976548064759,-4.807468430627008,-0.1439114628163649,1.5743772734723454,0.4391735265023797,-1.190970113868139,-0.2467392656686069
33.0,8.0,1048.6981201171875,-0.3547555610515136,-0.0642874551188592,1.036376933414008,0.5945174583669406,-1.5580426317858445,0.3221041853371131,0.7461295134293575,1.1177914412079222,-0.9959380043272824,0.4096567971897169
33.0,8.0,1037.057861328125,-1.2265129670994264,0.2607566046785852,4.69211771906229,-0.0999694305125045,-2.21449419889887,0.8281645198632894,1.7824112728027108,1.1953377823184237,-0.0263604765541618,-1.634234149534603
33.0,8.0,1043.721435546875,2.111140298372004,1.5449467272852662,2.328021821216998,0.3873104447130213,1.032597636925101,0.5641991395122794,-0.7855042193112549,0.2925218256498407,1.8020422368556108,0.2078344701258361
33.0,9.0,1097.31640625,0.4511159732631569,-1.706655063540924,4.868027273119139,-1.614922382098137,1.8950274914273453,2.971870305530363,-1.1129301179758126,-0.5170919147762909,-0.3451724642127969,-0.3923048517356804
33.0,9.0,1069.93701171875,-2.4227067055488902,1.332942082231629,2.420631411287503,-0.8726545248027406,-0.5126128300655806,1.225216213199218,0.1194123173864643,1.6304898712709477,0.5882535443625176,0.1727552929829601
33.0,9.0,1054.0028076171875,-1.7666574475954064,0.3136425225997428,2.593348981600534,-0.5553084274178053,-0.0103103966255266,1.3914187186621945,-0.086654434108496,0.7481109906280352,1.601389948827619,-0.2656500912115813
33.0,9.0,1082.2445068359375,0.2878147055942328,0.9742948280854948,2.778057900594991,0.2694408285291274,0.2211626054684137,1.6306005437353344,-0.2256648835086094,1.575422057424836,-0.960114970605285,-1.6730365321106144
33.0,9.0,1077.8057861328125,0.0826192101118064,0.0134484729075614,1.7930233966160936,1.2766381229612105,0.1923933250500686,2.281330352277818,-0.8604056756582814,2.175320595235464,-0.7378249936477737,0.1471583637674891
33.0,9.0,1051.8529052734375,-1.0045373486051776,-0.5185353350365993,4.782975405687054,0.5379504011300407,1.641578177070535,1.3146603804437893,-0.4648701145073941,2.1288326806752247,-0.0479351056273511,-0.3848163544091774
33.0,9.0,1051.0867919921875,-1.3230456928915642,0.4400363319767368,1.8915516346953467,0.9028518736471582,-0.3457113966643375,1.9913132663134088,-0.9517238977897922,0.3849470164088329,-0.541665382894994,0.7961352561139359
33.0,9.0,1078.7344970703125,0.7189234097456083,1.397439095025077,2.1897527284190126,-0.4553111422042324,-0.0962532835622269,1.4277128420751808,1.4938056063684666,0.0866930283121245,1.0322365421502742,0.4619541124441522
33.0,9.0,1111.5001220703125,-1.1602922547700452,1.0355233038927132,2.5457521506170435,-0.2697432432787714,-0.4628379415344943,2.783721979169707,0.5566153195396932,1.679668401925403,-0.0452303181000033,-2.0191067881248443
33.0,9.0,1024.8472900390625,0.0739215771784618,-0.3099730026366272,3.698615587725161,-2.7101341306969946,2.0113268717229538,0.9373409952965286,-1.018078565779179,-0.3611706540473749,2.1191921987650435,0.5389118857616646
33.0,9.0,1043.4473876953125,1.0089976253575452,2.772504927666091,1.5636326636828135,-2.112861720560684,0.952397217968798,1.1784556157624495,-0.5782502984671103,2.4291775093047896,-0.171301719629576,-0.9039862010555516
33.0,9.0,1047.6756591796875,0.3104696736250831,1.3955606197930397,0.6618187497376882,-0.4624400171998202,0.2964463021734218,-0.2847088478121922,-0.2109263502592124,2.740606794961309,1.189004268929896,-1.3550714416652094
33.0,9.0,1045.0572509765625,-0.4551122284725171,0.2418315755162714,2.134685891676699,-0.8005072395140829,0.7183425560447843,1.508602887590662,0.7348680963935994,0.6895193992753699,-0.3650024765181383,0.450827954602393
33.0,9.0,1054.751220703125,2.4476699213103883,0.3062042133740927,0.8868405036225147,-1.5983151644158085,0.3891530620504433,0.4435055846968634,1.137828197452798,-1.4714894505440288,-0.0641872897700643,2.756246861770004
33.0,9.0,1071.2371826171875,-1.819962674380996,-1.0400596123825512,4.414734846112042,0.2865351887702196,-0.7034430568309311,0.8513798681957541,-0.3914103874547194,0.4951601602700739,-0.8124821938553257,-0.2925017697340628
33.0,9.0,1067.935546875,0.1343944754719181,-1.567949502899916,0.983303158269468,-0.3464048043782259,-1.408326522012647,0.7351979068600976,-1.435772078542366,-1.200944193318091,2.0314567850885137,1.7986051133268737
33.0,9.0,1068.9481201171875,1.4405816189179808,1.5526198452763469,1.0773741968107453,-0.3136058402956374,1.0839177032635376,0.1966683962281168,-0.4122313340062442,0.4084077223979632,2.316372350655943,-1.4560184593797842
33.0,9.0,1070.9306640625,-0.1475080733804725,-0.0578327049331033,3.949246996719502,-1.227357989091025,1.2727077012310417,1.4070878541048435,-0.9166014614001474,1.7052779601688002,0.7053671013333362,-0.7882362023426772
33.0,9.0,1010.2972412109376,0.0294139482042776,0.2039015481530075,2.6635792177858466,-0.4264600632643454,-0.4103626833632043,1.544538532137139,0.4024787528063553,-0.6469664613372013,-0.3982130864394415,-1.8245407621141083
33.0,9.0,1076.6287841796875,1.549080822727607,0.8477860260249903,2.662316319007986,-0.6180775308256141,-2.11469003148127,1.806770239258543,-0.4484618540326295,-0.9353467932309414,0.4972651659248424,-2.4502000407971765
33.0,9.0,1040.56689453125,0.3930535282225742,0.8646973495872032,4.597390000515814,0.1474255293899986,0.0721703294789115,0.4367133718692662,0.4350823274579838,1.4639919002810975,-0.2919771432309508,-0.4097409858577423
33.0,9.0,1136.2987060546875,0.0450476215315074,0.861252221945592,1.3502087565005585,-0.0075783460992182,-0.092412730617629,0.8819778080726204,1.4931550727535037,2.5444430267641005,0.2811672095484265,-0.3958384657302911
33.0,9.0,1056.6712646484375,-1.1893159884950166,-0.5764155755236233,3.7793490113199937,-2.0519522636818346,2.4842584936336127,1.6777028797049738,-0.2011492123410923,0.4730053131258174,-1.238947750988718,-1.9694141904298013
33.0,9.0,1078.01708984375,-0.4527856462319874,0.9332486727577683,2.6346796399269348,1.171986468610786,-1.3040220608493849,2.175602127162652,-0.3954785799583291,-0.2943604467112628,-2.016972451704784,-0.5627604337217234
33.0,9.0,1041.815673828125,-0.7755197060341672,-0.3839772122527378,3.3023183623319685,-1.930176276808404,-0.5669021246651802,0.9738551480982548,-0.213503234927141,-1.0469430041020744,0.8757370054778937,0.6179864402673729
33.0,9.0,1035.5064697265625,-3.1234280675519988,-0.0011375429221791,3.753249410209067,1.6714731465229988,-0.3835824803782408,3.620530488802237,0.1448175802562961,-0.2301823336399486,0.8336974208467023,-0.8373426053921618
33.0,9.0,1092.06005859375,-1.982506973076469,-0.6227202726193957,3.500168992007813,1.6047725217129465,-1.9023260915866549,1.6156828961106529,-0.5474545811162894,0.903105542821674,-0.7747231025038657,-0.3510178336376963
33.0,9.0,1068.15087890625,-1.8974111613746625,0.8150015923503027,2.5714151665756635,0.7964171036657453,-1.4129712973533088,1.6829612999082464,0.2026513704745749,1.948937107030364,-0.9680568405125864,1.589674788970374
33.0,9.0,1065.510498046875,0.1644985035105364,0.9813716283390654,2.389833295589318,-0.7074281667402342,-0.5604170334469503,1.3749883008594548,0.6416035859718647,1.4290505930713069,0.1457152493363365,1.1221025808582876
33.0,9.0,1098.92041015625,-0.4453752651316183,-0.7581144593038083,4.794369792868023,-0.8137799531516041,-0.1268971782612604,0.7287306429835212,-1.326483615816732,0.0757106670890834,1.0567601946796312,0.989893010849462
33.0,9.0,1103.1556396484375,0.989478944614696,0.5645248751152767,2.642465017419747,-0.8865910997591966,2.237105076891132,1.042007685784213,0.2318072337568892,1.609244204643602,2.9380371782247616,-0.9742611676136193
33.0,9.0,1072.5450439453125,0.0048942970206544,2.0019187427705623,2.100548778319061,0.1770505462058267,3.086130213669051,1.5087082446601805,0.2348188720652375,-0.8408953832446642,2.5287930439767585,1.9303065754256927
33.0,9.0,1043.67138671875,0.5181896711717426,-0.2614356587400603,2.248791883044272,-0.5174438016513987,1.7777083926866188,1.172061165601086,-0.1344271504372143,0.7377332034872284,0.2433920016247981,-0.1113843283497892
33.0,9.0,1081.67431640625,-1.563759063064913,0.4749634975790426,3.452863916053875,1.0232767705163592,-0.1763163614948482,1.3389350952415722,-0.0305335318661006,0.1202423545165096,-0.5276572023624588,0.1986432218157494
33.0,9.0,1051.2957763671875,-0.7346048272022303,-0.1173024332227807,0.8312286176841059,-1.508910648268642,1.0760166538704752,2.277253102882232,0.1213493278675326,1.2024152308302458,-0.8630830026499456,-0.9469238956096308
33.0,9.0,1070.319580078125,0.9185959368798792,1.9891818130590904,0.8975564630281472,0.0025335423359607,1.7271644467770455,1.810405991886901,-0.9850981153123852,1.922601829779984,-1.1256553626140802,-0.4879290425923468
33.0,9.0,1106.693115234375,-1.2059868849869804,-0.7763619781466016,3.3138218770208123,0.0034165376724404,0.5443436392744703,1.5026338826236252,-0.4446226234754338,-0.7370066870819603,-0.2578737052836857,0.343136996190351
33.0,9.0,1045.8887939453125,0.5482453810776597,-0.1800994871348447,2.8706826560696905,-0.8579949160163096,-0.1642123245517019,0.155854403054815,-0.1805057002426293,-1.322913059710535,1.4286634875413569,0.8804682373549699
33.0,9.0,1057.1453857421875,2.1302106556222515,0.7869478195842543,1.5886812933602883,2.0345617953740387,1.4670415293229455,2.101385087367386,-1.6000876705248483,2.627043967682868,-0.8998623438627886,1.2081984602262343
33.0,9.0,1043.748046875,1.6122746241668118,1.9161314687612985,2.038408873225346,0.507801288688853,0.7019883937344193,1.5664106224429126,-1.095607220043611,-1.130784177519839,1.757468001695207,-0.9756923679311748
33.0,9.0,1137.01806640625,-0.0119381104017328,1.702806562912528,4.822897853532803,-0.6969669099143712,-1.6015587248291905,1.4302569411154762,-1.0363921814412578,-1.1568665953248516,0.4209763456168787,-1.3078206967407366
33.0,9.0,1054.184326171875,-0.6675046910227298,0.907674838279526,1.0725708391611066,-0.4331875325804493,-1.7738560852975294,0.7783796057862311,-1.1563111689182284,0.6278428340480682,-0.1672886391348074,-0.2721755109510377
33.0,9.0,1081.4378662109375,1.550192892870866,-0.0917422687047428,2.4308650873090247,0.28786807921235,2.097083402380564,3.762053666918192,-0.2993541801681827,0.5406073736712989,1.05492623894213,0.0795004478419301
33.0,9.0,1099.7685546875,0.2261268774416871,2.374675032046591,3.683772477280492,1.1551458249969793,-0.171649542481016,-0.1583636303503963,1.1840896823701064,1.1490912417741246,3.178875671737753,-1.7231325963683366
33.0,9.0,1060.1390380859375,-1.4885218178476398,0.1794564846369217,4.090210437883799,2.067824596643716,2.071472880705258,1.1986439079908742,0.6007348365014584,1.6801864846269137,1.1919454667866347,-1.3324469154961769
33.0,9.0,1040.2574462890625,-0.2332150566713862,-0.2349555843772988,3.1741462644387592,0.5499787798179216,-0.9791896897618289,0.5026107002798632,-0.755529985942923,0.2462969529219547,0.8286580501779737,0.6297997657942425
33.0,9.0,1073.10498046875,0.1449720628494768,-0.433948228811988,2.860575930079982,-0.1602391208475309,0.8332872744775415,0.647473954255319,0.7240486808683544,0.9749776736983664,1.6634885990675796,-0.3317253855900599
33.0,9.0,1054.030029296875,-1.7193074945655038,-0.3501007653969203,3.684249850944555,0.3547565727961599,1.158579716582154,1.7867902763309749,-2.590658641813653,0.6648137012054258,0.1689016743185742,1.55425169209634
33.0,9.0,1053.122802734375,-0.3472156019453196,0.9103927108985844,1.8604130379773345,-1.0992450146514083,-0.3659945548210714,1.0803846353063085,-0.4066189972037479,0.8590752437798415,-1.9200912052466104,-2.2877503482771933
33.0,9.0,1132.569580078125,1.070344920486792,0.4593476011793198,3.501906586836437,0.5783554959854964,0.4503363789969095,0.2205889260379221,-0.1093440403124148,1.913994327088587,1.3720991564999725,-2.6789230411492126
33.0,10.0,1047.599609375,1.268234218358641,-0.0484097606453985,1.1353836212094768,-0.6049913757877947,2.209956145663611,1.1262065744814889,-0.93795956565116,-0.0158124671255182,2.3781576776635074,1.0275817608748783
33.0,10.0,1109.720947265625,1.397515662693248,0.919131833865804,0.704819210996309,-0.8896297947200669,1.1721958149629916,0.361864398884002,-0.4192757193563086,-0.0334073417989708,-0.8588261131083232,2.077096318328124
33.0,10.0,1088.7896728515625,-2.28329350525053,0.383235086438912,4.8688887599118935,-0.6765823310538135,0.1042162457202895,1.5556145295398611,-1.4650156976836204,0.8859027949976781,0.4933229112473416,-0.3968834074222984
33.0,10.0,1024.1773681640625,-1.0052274884656942,-0.8869889125726838,3.529076085609997,-1.6361992105895151,0.6128183249752119,0.9112500797001708,0.577913906481835,0.1250856101422233,1.2178529321826057,-0.1637160214478008
33.0,10.0,1029.9825439453125,-0.674326865373823,-0.4562451724666054,3.373637076862161,-1.3342433894167174,0.9611981511827904,0.8487675835279234,-0.46971440535129,-0.169495637754629,-0.2818455533903332,-1.2387434538676263
33.0,10.0,1058.1756591796875,-0.4587331739668219,0.1762285976637922,2.5661698316460004,-1.3861314300915453,1.9258016382727128,1.8610192974882669,0.3282922701249706,-0.6822502510810811,1.6005185102961494,-2.12118183369064
33.0,10.0,1030.031005859375,0.6931714137146461,-0.1129412562830758,3.3904853404284623,-1.2079761512462284,1.89220534529521,1.2152080173126905,-0.8184494060420153,0.6126444048145361,-0.1559874232765699,-0.3523375670745681
33.0,10.0,1077.7496337890625,0.0223407273377258,-0.3839288200249653,4.969943684950357,-1.6828740716677446,1.508297140344154,1.3938584114911912,-0.3887055233420806,0.4493283033789286,1.8399404302152915,0.6654658072513042
33.0,10.0,1105.2169189453125,0.272152611491264,0.6336538935609939,2.901506027967012,-0.0976952041546495,0.6867625742873349,0.988856583944462,0.5190730244917212,1.964219815851762,1.685197772872904,-0.7487025892171815
33.0,10.0,1061.9771728515625,-0.1709938635121064,-0.6540442522249625,4.35029792530255,-1.0957613730857665,-0.3627414866072618,2.2671947590019244,0.0204124322037309,-0.4674366509472785,0.0506885000992705,0.6536242350726233
33.0,10.0,1044.0335693359375,2.5583753692057947,1.2092757130661536,0.5649092908283935,1.461419190326529,0.1507594421649649,1.4051231097330517,0.0576653607805477,0.5125754336940442,-1.2454637170045353,-0.2771317529740704
33.0,10.0,1049.2965087890625,-0.4002084300022455,0.8248643314821376,3.780476702792443,0.285572844402755,1.5428929336662645,1.7543151831761683,-1.101255968110504,1.1755488436706223,-0.0545938781200812,-2.160912642586128
33.0,10.0,1053.94775390625,-1.3336245444626944,0.6879579214868858,2.4688975095402217,-2.285310909834282,-0.7029155962559361,1.9826131814969528,1.125983676710394,-0.8044322218863531,0.1509861651572972,-1.7727384558025605
33.0,10.0,1036.80126953125,-1.1354624384510117,-0.4268898137955812,2.063906340461285,-0.8533086330639943,1.9779992944294555,1.4885810847959045,-2.129488707523719,0.3135856645337922,0.7363334161055057,-0.5055402222634573
33.0,10.0,1062.879150390625,0.0097267913299763,0.5293045069094129,1.5550464214707649,-0.6448386418285601,0.908433720669727,1.7264020921437453,0.7124585684717779,-0.1332932650378939,0.5749501578282974,-1.9033711867035883
33.0,10.0,1090.9725341796875,-0.5264491407078324,1.5764354609622284,1.946544709860488,1.852569880410635,-0.551254965440445,1.046869048553475,1.6097634716095524,-1.8529902998544936,2.7080187824238164,0.0863557749414809
33.0,10.0,1077.18212890625,1.972526586407449,1.510914737997167,1.893967315339553,0.2543560281854251,0.5129871491567091,-1.0854592423974552,0.1006872846464057,2.6033971224274666,2.4705057231346235,1.344471022021672
33.0,10.0,1096.7548828125,1.0397605434739958,0.0056738763648436,1.7585932167883254,-1.090817027545702,1.1825352738015056,1.0759467153559203,-0.9228675889217532,1.260665223127332,-0.7271053059783075,1.922566776719261
33.0,10.0,1087.9495849609375,-0.3187414086148701,-0.6315531853634919,2.8984425066308166,-0.8790195988648968,-0.0953983782622645,2.2955715339525327,-1.3144941779968882,0.5031668186642335,-0.4379983686414048,0.6403699683758006
33.0,10.0,1042.861572265625,-1.3088680046693946,-1.1044170918687812,1.6986031662458911,-0.1919792124207706,-0.1793749291724333,0.6645836444677666,2.4548499786701816,0.8837150990947027,2.2849434030004643,0.3271502863636977
33.0,10.0,1075.37109375,0.3160389378745947,0.0197487933206064,4.227327136124941,-0.7746288558237833,0.2890061869739702,1.351224264459777,-1.0981553952763603,0.1102954511442799,0.7543502127608193,-0.5412544918291058
33.0,10.0,1054.5936279296875,-0.8030914509084113,2.0915284996686854,2.10344548653218,0.987625069739293,1.1691934468844476,1.9563566262313767,0.8538971467621703,0.7260615344828096,-0.5282471217472517,-0.8744982860816677
33.0,10.0,1049.741455078125,1.1640265910442211,2.318700390003534,1.391180511672678,-0.8986820453889095,-2.4961892527384046,0.972965050204337,0.482646172271175,0.2488438501567005,-0.8427837068096382,-1.0919606422209824
33.0,10.0,1045.987060546875,0.4487543793048658,-0.5569981985547292,3.311875428169948,-0.804475413008622,-0.3294050187964172,0.8427807659857187,0.074179729144749,-0.4214268413552187,-0.245149447433052,0.1790346260630428
33.0,10.0,1057.7293701171875,0.6511939786958942,0.501602705922747,1.799853875793497,-1.4864452431454982,-0.7549567438893465,1.1080493166312335,1.092372713334541,-1.695757966972526,2.257845141828488,0.9525120431090964
33.0,10.0,1070.5421142578125,-0.3664763971165818,0.496091278981579,2.891090892709018,-1.8438071864058,2.1451176750039487,2.394517458118286,-1.5882551882200202,-0.5938070504191382,2.287016188438117,-1.6704448486963286
33.0,10.0,1046.8837890625,0.3920903165447598,1.1277825707662004,0.9001894776862098,0.900025484594579,1.1762952982376582,2.2106549496121017,-1.3723151507939644,0.7227041458213463,0.2460337225738298,-0.2929343598592435
33.0,10.0,1075.583984375,-0.7652118973876201,-1.0217467029899052,3.2892837119037424,-1.2818343912582546,0.9810609899981672,0.913091541087474,0.1685906871797504,-0.4622212243413832,0.4593846484076556,0.55779387631011
33.0,10.0,1069.897216796875,-0.7887227155963954,-0.6984500594927248,4.48026850771476,-1.216217008425275,-0.9968734463012447,0.7731850242824443,-0.3267363121762869,1.6985211686388526,-1.2497129921657626,0.6303296082796281
33.0,10.0,1068.2845458984375,0.8102440022338282,2.55300044031711,1.5365366107385403,0.1630636577839546,-0.5932447693449756,0.6653769853774616,-0.6159912281692312,-0.068648335335288,0.8537759193966332,-0.2633421785830014
33.0,10.0,1062.6341552734375,0.449266483137408,-0.6447512869928422,2.5039532880834408,-0.326373713643556,2.333192400990459,1.3854638292454364,-0.6526689838643032,0.6111343108237897,0.363909449508137,0.0437193145921712
33.0,10.0,1056.81201171875,-1.594493342870302,-0.0027945947445049,3.604246877573974,0.6886858822872055,0.0449351502168831,1.5270284013141904,-0.6480917269255304,1.3252751007755004,-1.3018788880393304,-1.3250114259986336
33.0,10.0,1038.832763671875,-0.0983637928286853,-1.979708673331757,3.141800015965842,-1.298460179238611,0.3638130150189731,1.5557484005598727,-0.58324009877433,0.8249094133651109,-1.2266425589822632,-0.8568233836164634
33.0,10.0,1048.8140869140625,1.2332621777445718,2.10641374468869,3.4657568137302928,0.297268857199513,0.2820402143761455,0.4465567974619233,0.6503003822883677,2.183638282626152,0.1757175320452955,1.0777106722028655
33.0,10.0,1038.5540771484375,0.625357434888171,0.7632531510046272,2.378483241294493,1.0620027271410564,1.1800517093717602,1.6997499181737723,0.1043817528720012,1.5193565653415986,-0.7960371722399797,0.4963739689669753
33.0,10.0,1070.26416015625,0.7202054536154687,2.764740780246793,3.205370790776726,0.1211830419787833,0.043893101764926,0.9034894409395272,-0.1621973392792544,0.2235314151510294,0.7087813647401386,0.2832242881746794
33.0,10.0,1150.1907958984375,-1.6664944318745345,-0.1888839583353316,3.080808850254064,0.0030880747497343,-2.0755301477325574,1.037970375232998,0.6023348168723857,-1.8404242257028856,-0.071888860580918,-0.7684773294343241
33.0,10.0,1022.977783203125,0.4620489362313744,0.5715752463146799,2.6268944934684955,-1.4248124416204924,1.6511748519350276,0.902575635058982,-1.1958248265427691,0.2099181405524248,1.531987891591731,0.0227005182672987
33.0,10.0,1046.4903564453125,-1.507359511642901,-0.5642910040789557,4.715132568972049,-1.516445277696997,1.1238170493118984,1.643668385047282,-1.2333088229089082,0.5753807485406632,0.6701903619969007,-1.2125090186181788
33.0,10.0,1074.3236083984375,-1.8654468281004453,-0.0834148532994589,4.48569561700452,-0.6546410602287143,-0.712648813766882,0.9433400174942648,0.8358831482026341,-1.646747074657109,1.436103867440746,-0.7230011191995009
33.0,10.0,1038.3394775390625,2.078080581006134,-0.2700677120650248,1.865993362221101,-3.5809190178699373,2.4764924780681508,0.7019060373793966,-2.2201766691490987,-0.2918603681863905,0.4282844988902079,-0.9210831934916222
33.0,10.0,1028.9923095703125,-2.0567346698621263,0.1105280967962318,3.5374968227719723,-0.9685380955191664,1.0559101967771145,1.2603410938469644,-2.219111057920893,-0.3737314837532501,-1.0037255633294122,-0.275051139814801
33.0,10.0,1032.3154296875,0.9001103655932745,1.8611323225540093,2.703667426631436,-0.8077442210159171,0.0527108218050331,1.154373234918582,1.1379498727935324,1.4723149456839089,0.8132632052447883,1.2460464531159057
33.0,10.0,1034.444091796875,0.1255952042814909,-0.5417088311260096,4.028726242864909,-0.507032753036512,-1.1403216724536849,0.4328318518931056,-0.9675397089022136,0.0506923350387413,-1.1032682307402908,1.2766284994637829
33.0,10.0,1092.7952880859375,1.6145727018433789,0.8002491711041131,0.1642865866740077,-0.3962957314388706,0.0949459629912095,0.8002374638225573,0.9561316942346432,0.1862828265167513,1.0228230626339885,0.4451437504568103
33.0,10.0,1039.2239990234375,2.7548760234313736,0.4227372216933709,4.294531661924557,-1.0243746575778188,2.320461781579612,0.3467632306695325,-1.5969554118805285,-0.2991826863854632,1.1296828718737937,0.5694053159983357
33.0,10.0,1035.9305419921875,0.5396934035004257,0.0843625203897762,4.454302471788619,-1.1751602001121713,2.598719766294434,1.2008546900540438,-1.831723080987744,1.3346020778634218,0.9259191175852156,-1.0363467446868313
33.0,10.0,1038.4412841796875,-1.509877321052231,1.339640076066785,3.586743545475372,1.7690853884307325,-2.201328576356565,0.6450122885863454,1.0196862073218425,0.5758829612640284,-0.4500316380506151,1.0998965309497315
33.0,10.0,1036.837890625,-0.8475665916291257,2.3458465738304053,1.323232561779264,-0.8914372696091313,-1.4162870775807823,0.0612966324462718,0.524404520264758,0.884745932176707,-1.1121872942773958,-0.4925029138210721
33.0,10.0,1050.1009521484375,-1.112545992145769,-0.8796708870879213,3.334796027634757,-0.3614722686940936,-0.3332370072583206,2.0682873989288613,1.4986298410780812,0.4380893810308457,-0.8108567082491263,-0.6288230597046995
33.0,11.0,1071.8865966796875,1.192436167750932,-0.6225802130091553,3.1846175195365696,-1.4970237607647303,0.7761210347482175,0.9718382200946394,0.3450601558039583,0.7237043158409282,0.2176914720378278,-0.692157048463085
33.0,11.0,1056.5078125,-0.033158749825576,0.7913920028861288,2.364891408574703,-2.549869576295496,1.023041523061683,1.754062932560327,-0.7489594587762225,-0.2640889798892134,0.9815792404280046,-1.0501458639275607
33.0,11.0,1082.762451171875,-0.954434455327454,-0.4620232355233042,2.660335208562893,1.7284112009656916,-0.348552620799917,2.059441317514599,1.286595196720426,0.1949337404117326,1.4114090477894417,1.8076079481614653
33.0,11.0,1058.1903076171875,-1.1029583143978412,0.1680634229234314,1.905299191601082,-1.3211279918434733,-0.2811861049870092,0.7526949299491292,-1.060610405120284,0.2200373958648978,-1.116115610179624,0.1516551139026614
33.0,11.0,1080.4986572265625,1.0641244429878514,-0.6956255894425221,2.696024044118327,-1.1358045686161198,2.8458783718368927,1.1801355870967702,-0.9807240448770678,-0.3576200903005544,2.182299879250012,0.5022452868608678
33.0,11.0,1044.222900390625,-0.9995827803566176,1.3631629773779537,2.286467192316401,0.0102647885517104,0.546026400750776,1.7981533521624158,-0.4752526425833272,0.9397804227087594,1.023314020193796,0.1470571144215613
33.0,11.0,1074.4697265625,-0.8018603039942809,1.268424878508072,4.144156564018015,0.1564654840365644,0.0600938519398122,1.9768971035713,-0.8059492720947405,0.7630070031399043,-0.7315224400410312,-0.7527968147203943
33.0,11.0,1054.8033447265625,-1.3253232611074577,-0.038207635658761,4.883526120351691,1.180994520586964,-0.4296581789128835,1.5626073438597698,-1.1290193704627542,0.0792136769573339,-0.4077036921408901,-0.5149839595829322
33.0,11.0,1052.059326171875,2.048097815627253,0.4154008629450008,3.300981986690553,-1.7246315384703297,2.756713411489012,0.5086842836054961,0.921692344089804,2.318795658034832,-0.1043792627009478,-1.9613533377476395
33.0,11.0,1070.154296875,0.2855648926922995,-1.310718995811814,2.280283238199039,-2.411861354830791,-0.957158442604876,0.443959586498325,0.0207265445793902,-0.7285995648114882,-0.0380831790530624,-0.7379538282428992
33.0,11.0,1046.6187744140625,-0.7535415969213322,-0.1049727608709787,2.74890690632267,-0.7819827323956865,1.2800692044948958,1.0753054346341973,-1.801431944750567,0.5739026470411135,-0.548420784316539,-2.418404471514553
33.0,11.0,1028.3416748046875,-0.1402354561887824,1.29812519808201,3.2597969206567363,1.578396942370535,-1.0488462256236577,1.2313537749582384,1.480402690482756,0.330217677194792,-0.0697066336782459,-0.8853372756327591
33.0,11.0,1040.278564453125,0.018618466156659,0.1744295110619447,2.457986442979373,-1.0385493984853094,1.3890083664782402,1.0558792032259303,-1.087322276194711,-0.1762909287092382,0.6506873872035435,1.0146114426229156
33.0,11.0,1028.9244384765625,-0.0855627502030227,1.5079972255579408,2.72446433708199,0.2773738611973089,-0.2314396877662563,0.3675140915556358,1.2023708407857647,2.7625775595956057,-0.3862232302185502,-0.4442220614786585
33.0,11.0,1078.096923828125,-1.0550634116718056,2.1987561812559484,1.9049699489806828,-0.3740340307090752,-0.7165404529683634,1.3992944253439443,1.6680703457392898,2.138427750969221,0.4123340381153673,0.0422984131217516
33.0,11.0,1060.1937255859375,-1.35865915346605,-0.6952091777024103,3.815693905530527,-1.2754803889413764,0.62911278955053,1.0270921601520024,-1.1282202974339874,-0.0083822045646089,-0.2710158870098285,0.3336126834015349
33.0,11.0,1054.53271484375,-1.6714644417921032,0.2365887851309986,3.076961900329618,-0.3599917500678815,0.6842178016938565,2.2176892615455754,-0.912231871426716,-0.4431815392345974,2.7113538014517227,0.6673183443255981
33.0,11.0,1049.8333740234375,-0.9496630934485646,1.3100383038767562,2.366248137633219,-0.1884895410440563,0.1285841265759204,0.5846272048451091,-0.1412437244096143,1.3708947245922405,-0.0314303947770469,1.1009167316285122
33.0,11.0,1036.4434814453125,-0.0931667038576398,-0.3457548531956345,2.152831072539525,-3.087314858978832,2.449496016546574,0.6947722149206559,0.2349305947187163,1.0965140891432874,-0.140015106974384,-0.2009127896409142
33.0,11.0,1048.9715576171875,0.061400603166609,-0.4637128601391822,2.957250225929716,-1.0406085238807328,0.7030501646250373,2.356860370059996,-2.041741450485888,-1.2115771769321428,0.9197455000101832,-0.6835116363064087
33.0,11.0,1078.5262451171875,0.3287062833986578,-1.2331733839308845,2.1537671370271747,-1.2813657679772956,3.049834719072712,1.8262283492803475,-0.8839942930588061,1.3438190228585158,0.0312843789389862,0.6153767277705624
33.0,11.0,1094.51953125,0.3437194257161691,0.7608607695181844,2.4688954497296765,-0.294342617235741,-0.2202834403706806,0.4588702086835416,0.2231928292964173,0.7706635622028557,0.6426617036119335,-0.0177338367287767
33.0,11.0,1083.975341796875,0.2484968285557833,0.5060582356477061,3.607317324773732,-1.4766747707172967,1.701072557849198,1.0848489435838635,0.079456368827115,-0.0676569198176686,-0.2600858461550661,-1.913647651871786
33.0,11.0,1026.7034912109375,0.440941085268836,1.186592758387488,3.482631928745768,-1.0552586718887629,1.9485467469104567,0.0176043486822745,0.372137780499755,1.6535633073993905,-0.4320560871549235,-1.143111858152111
33.0,11.0,1017.6455688476562,0.4936635707398364,-0.3592550287555305,4.98952517531157,0.3538192891521943,1.205870217156681,1.7236915546493403,-0.1618880837546115,0.351236157056924,0.355995514968999,1.7832092827559194
33.0,11.0,1062.0528564453125,0.1447073924507975,1.1197039686888337,1.9847232866011264,2.168131757672988,1.3065143752511137,2.0180421906856445,-0.6602346085056903,0.8728177769930205,2.0511193389290714,0.4619925232596973
33.0,11.0,1036.772705078125,-0.5645042506641209,0.5762845348936052,2.5440107271784616,-0.1500283277824445,0.9216513954395626,2.457693170691302,0.2078678596773455,0.528186934847179,0.9995265249984192,-0.5068063822249327
33.0,11.0,1039.03515625,-0.1304978219209216,0.0988683050070635,3.568538475186177,-1.086139923905615,0.9856798917867762,1.6050847571889424,-0.1106144826597868,-0.0603948342967219,-0.4485427847539833,0.6238192614793068
33.0,11.0,1073.080078125,-1.1196689963799225,-1.5328978214427256,3.881216818328001,-0.8664033170937557,-1.2989443025229002,0.5424144295307798,-0.3066473963790264,0.6453902031615577,-0.5776194940016461,-0.8244739720323571
33.0,11.0,1073.7579345703125,1.1684077445984435,-1.0875023454578363,2.71427711695104,-2.563464748426398,2.1594054756752232,0.7402122709267376,-0.1347634643904998,-0.8748476024656231,1.3350349517355389,-0.9341828792952348
33.0,11.0,1085.334228515625,0.404788774882352,-0.4040100529320671,2.5430710784483903,-0.3037403760406629,-0.2219190059281173,0.4783779066474949,-1.607501611991764,-1.3367648138696353,1.0422630708823268,0.6241653594348575
33.0,11.0,1040.0362548828125,-0.3973229066318797,-1.1069873777059105,3.793867800613537,-2.489566309527554,1.5392561990975384,1.5276327608232645,-1.3533818107923787,-0.5003722275701188,0.7924339751716802,-0.2079509515109361
33.0,11.0,1072.834228515625,1.3767368056583915,-0.0414062260938221,3.673815947790839,-1.0045575562025153,2.51085141108832,0.6369063732026063,-0.1743071293866389,1.7211483165948414,1.9578600365629484,0.0555236844194322
33.0,11.0,1053.408935546875,0.0411304538359544,0.2901462145348068,3.9333783599215177,-1.6805280134583018,0.8994029719298577,0.8159942254627559,-1.2149038658233122,-0.3104598337081574,-1.275599860784201,0.0544112118922939
33.0,11.0,1043.1781005859375,-0.9656971889378668,0.6015894771473498,4.351421241353021,-1.1629509245242042,0.4671169131066897,1.0886879994439944,0.3568889088193137,0.6711896065805849,0.8396182867336934,-1.7095640573912796
33.0,11.0,1046.71240234375,1.4091875706323744,0.2933217722642247,3.143779748568744,-0.0558531306784839,-1.7333994023796744,1.4351660619719595,1.497086996959471,1.3149086834483734,0.6515044687191569,1.0186606585964553
33.0,11.0,1092.0711669921875,0.73732865974078,0.1866251885391703,2.848722608419476,-1.2012114253541393,-0.8656278901176,0.5792382105875307,1.73377641643079,-0.9097999996464504,-0.6399830892210296,0.0549615672224899
33.0,11.0,1038.506591796875,0.6042041935049145,0.0443222518405503,2.6777842166394663,-0.4272193111451337,-0.0831567146542218,1.8941742443584388,1.2643119045648294,-0.9979044746652832,0.78754167050508,0.3355483641782602
33.0,11.0,1087.9324951171875,-1.845530382414402,-1.3853430290773798,3.731792653387384,-2.5008858189041248,-0.7601385694659069,0.1622212091742838,-0.0070332315677381,-1.2545641042098552,0.2892293207347265,-1.3663938432824647
33.0,11.0,1049.083984375,0.1151396487154059,-1.271332021898738,1.821043041222401,-0.8785134159708905,-1.146237222259443,0.2852295095134121,-0.9127500422547294,-0.619889765893813,-1.9658035855432243,-0.8945026768743176
33.0,11.0,1046.6776123046875,-1.6724230325340592,0.5329931782581729,3.773927112832112,-0.9808097940127736,0.7117967930749538,1.6069232229120125,-0.3041827241386166,-0.6577535734666693,-1.0130504577237542,-0.1740629545654188
33.0,11.0,1074.232177734375,-1.950664549431206,1.3351698089237305,3.357488651579265,-2.0986927659078827,0.0143445868399227,1.354600122062144,-0.3248002400282006,-1.1340586017320842,-0.4151903787730058,-1.0671924584843886
33.0,11.0,1057.4901123046875,0.6802890517323901,-1.1473397834605632,1.6594393664559697,-1.4252529799532525,0.7304908024932573,2.3648921086079504,-0.9329005477963834,0.1939112929618955,0.5422164943474357,-1.504128912677685
33.0,11.0,1044.36083984375,0.2370889277699177,0.4635932134146738,3.521886705773653,-1.3235269140342787,0.5894950928483089,1.1257840307002145,-0.3555594965313071,-0.4758122109012053,-0.8087877900435849,-1.8118691212762368
33.0,11.0,1045.8616943359375,-0.2821273821959362,-2.386884926844277,4.222567522053945,-2.535973761844096,0.5896424688952964,1.8047812287724143,-0.2375746821434354,-1.4536059025731602,-1.4664593301423992,-1.6136336814078978
33.0,11.0,1109.7034912109375,1.0502813808117173,1.5932452048272374,2.7706389548031183,-1.4024216718529212,1.946918193313268,0.7257934847728054,-1.7263881223412492,0.1309007259698669,-1.08010016716384,0.5198497012850725
33.0,11.0,1112.914794921875,0.4619038856582218,0.6562505055767041,4.117604258359579,-1.9410780022671528,0.3971088788049401,1.4744898188392297,0.1809945006385387,0.5895852757300046,0.3866749654236612,-1.778035030004574
33.0,11.0,1030.9263916015625,1.1958926418419686,0.1457612265802552,3.16891451123832,-0.6316603158649308,1.2960099723815637,1.1459718664356586,-0.2133208699683075,0.0100094852882124,0.7143882065471052,-0.3127071445564011
33.0,11.0,1081.4798583984375,0.6170502648115308,-0.3757878428279806,3.0175158927608514,-1.9596974911688545,-0.4043910312359502,0.6124052877993762,0.1254316261375931,0.336775235656507,-0.3563193684450469,1.4468417354151537
33.0,11.0,1020.4398193359376,-0.8575005172332917,0.0063323829063683,2.408631490921758,-2.7453456968871146,-1.05290203497976,-0.5427647739108741,-0.2434447236327059,-0.3025413716650291,0.1952670237603815,-1.4200237146454753
33.0,12.0,1069.3271484375,0.3205434738741788,1.9954959570110449,3.21592348998365,-1.4605324529498072,0.3451452792459397,1.3152673262061585,0.3178612531116869,0.1423906063242395,2.0430087708668507,-0.6267421815369776
33.0,12.0,1050.055419921875,-1.979925505217332,-0.3983409350804558,3.624986676173638,0.0332204631790933,-0.5157140836975627,1.678022755155558,1.4656222792366125,0.3096590757612647,0.3553656510200422,-0.5433191261901014
33.0,12.0,1033.255126953125,-0.539860432318112,0.8815732799432769,3.268369476545532,-0.5347633351353736,-0.2128800220298572,1.255451636733719,0.8223953740156418,0.4516103780506491,-1.6684543506903662,-0.5111258189883463
33.0,12.0,1103.13818359375,-0.6302280551876027,-0.2130012723002847,4.29729641395021,-2.043940327968942,0.2532561747815052,0.2351099563895831,-0.1221746317061072,0.5903834834466535,-0.2542652375111478,-0.0775786049980533
33.0,12.0,1051.7606201171875,1.288136602078504,0.2022816408176986,2.884567297220187,-1.8856633424694464,0.9530032798924424,1.459035105593652,-0.0553010509424298,0.0573535951495891,0.90979121575063,-1.1433974903819042
33.0,12.0,1060.3372802734375,1.2356606483052657,1.2572294303454647,3.6767410927428106,1.5785941985510066,-1.3513893736337843,2.4192558285053654,1.6952434303533508,-0.5005019280599328,1.5845501740919747,1.9537410528440715
33.0,12.0,1122.5537109375,0.5748275029555439,0.5000597243758351,3.190156030228467,-0.1873901708483956,-0.1064040935793606,0.2563609101257622,-0.7610823548861738,1.5065234783876749,-0.5746593569296641,-0.1565277532781808
33.0,12.0,1066.2113037109375,0.6474956535872796,-0.1643224962457319,1.1982080182513162,-1.881712460181628,1.0665172448660645,1.5172701220393137,-1.6379788363379495,-0.4718122382906093,-0.0461052314318095,-0.2225399739644808
33.0,12.0,1110.73681640625,-1.1309824554285264,-0.6731586514273431,3.1176490483048465,-1.5157512528269643,2.485576329158694,0.6352035666501568,-0.990455415247423,0.3869943056772005,1.2277096792993625,-0.0163508645804801
33.0,12.0,1033.9207763671875,-0.3153812821978423,-0.1953827227394109,3.5025938332907334,-1.5259757714032722,0.7386777714720694,0.9762264714784809,-2.165889040965985,-0.5687419576592676,-0.2988980307603048,-0.6676879060569263
33.0,12.0,1028.302490234375,0.3694904400314369,1.267221179900309,1.434825771285135,-1.483436913957962,-0.4268335456529248,1.3957918700971526,0.4301235019620026,-1.018014497784563,-0.35609955966558,-1.0367205862944695
33.0,12.0,1051.3414306640625,-0.7746044833580479,-0.3749213758789169,3.151917896046424,-0.9913258639003102,-0.2545151090436226,1.6072732818202322,1.2860647291428249,0.8393389491958603,0.0806652914057224,-1.4062507139537033
33.0,12.0,1046.220458984375,-0.7280953997106234,-1.5360386975872045,3.197286292471897,-2.79602891896618,0.7160334520001843,1.1289106179995567,0.3910842702502535,0.5346794942865696,-1.057844364017332,0.8943555114874542
33.0,12.0,1073.93701171875,-1.2634318941867595,-0.9281901035876636,4.9994174701468825,-1.3935093163361492,0.1976395379349638,0.9023520988493132,-0.6991949357680607,0.1288253525486693,-0.1706485886648527,1.587346061311175
33.0,12.0,1078.31005859375,0.1266452277738157,-1.333243165777171,4.091080982029485,-1.400559570132912,2.730716335220169,2.166326844186292,-0.6327947588201805,0.4094008542023344,0.9891065745646604,1.3115877837931276
33.0,12.0,1064.21240234375,-0.6323513876156266,0.4183991008454502,2.579572389231153,0.2088307646142642,0.6699565779434735,2.104369014395475,-0.2747743100103195,1.311733137582766,0.2290221591951269,-1.2834713723726852
33.0,12.0,1055.5238037109375,0.8711778237208723,0.5782478648059026,2.152192848357404,-1.2878062598337037,1.5923435516245856,1.7334065028557504,-0.6717637383769368,1.011825189662372,-0.158820894240403,-0.2896887745163141
33.0,12.0,1022.307861328125,-0.6864242864591112,1.084725093241313,1.5130838745976982,0.8625890496467603,-0.1910445056844887,1.362755166225254,-0.252924445710244,0.011535832338736,-1.0524947530878204,-0.4343950818790816
33.0,12.0,1074.338134765625,0.668201118667521,-0.6540582483783748,4.566256905094372,-1.1542303501561832,1.817875518688135,1.5855241450796704,0.7185901554124952,-0.4066225363360471,0.803169273986172,-0.0497242090193941
33.0,12.0,1032.426513671875,-0.3096954068276645,0.10152035186342,2.993778129472914,-0.7325980874823577,1.752576682272827,1.800079359055406,-1.1546826459483253,0.1716246207261402,0.4151389057440235,0.7615064496690716
33.0,12.0,1066.862548828125,1.05660241040737,0.049719989982079,4.500684404010935,-0.6556102706510067,-0.122456778768476,0.936950618607951,1.531838590692609,0.3072826190748259,-0.0130553537349529,0.607684554584381
33.0,12.0,1087.54638671875,-0.5376794928035817,1.4988407067682488,1.902502781045877,-0.940165241456164,0.0875256937859454,1.3587644910578227,0.4533430720690319,1.4942654810939269,-1.3654452941260145,-1.7482033115265363
33.0,12.0,1082.015625,0.3808692454921791,-0.070974471520496,2.500155634400373,0.2390550635240877,0.4220188453589273,1.552781401877576,-0.0535952165576389,-0.2822377936855407,0.0099772707114507,-0.2623179892660046
33.0,12.0,1046.0399169921875,0.2862304093400025,-0.8436936122356666,4.382187506268318,-1.3798311191827797,1.511587965886637,0.702643918237694,-0.4105047241683124,-0.0697606038018632,-0.236453195633465,-2.702035230620812
33.0,12.0,1060.7215576171875,2.1162352511472085,0.398191203536391,2.0719705779413005,-1.389408807525636,0.91302019650234,0.1785842830047013,1.5478538064162866,0.8746244915474364,-0.801566447880238,-1.230620266176699
33.0,12.0,1065.354736328125,-0.9407066090530484,-1.2657184398221355,4.512037099548552,0.1264326141865464,1.554390503651427,1.389481774851995,-1.1536863654604468,0.2387889180459446,-0.2124551413736704,0.6097111822511012
33.0,12.0,1033.803466796875,1.148670358504483,0.4876031076040732,2.999555468895428,-0.1406626449907779,1.1182091533508354,1.9368210509736823,0.776110331647585,-0.1406129802957503,-0.8706853272717625,-0.9540245896758686
33.0,12.0,1073.0587158203125,-1.0098826158905143,-0.4430365067993005,4.738495839604664,1.3768116343433174,1.088565238369541,1.423384430550816,0.1692146217212489,2.041782078699496,-1.6825315327650032,0.7200855045240786
33.0,12.0,1044.3492431640625,-1.302394083306245,0.6531912013704098,3.505539127590726,-1.6716944199665988,1.4349928919252033,1.5437736340997334,-0.889874321138012,-0.088307930563241,0.5455152466618074,-0.1341989109542893
33.0,12.0,1068.5096435546875,0.8395814913265109,-0.964681577023824,3.373204010310012,-0.8565781414118403,2.317842806701586,1.5377959193550377,-1.3150623005283393,0.0206156910304216,1.0156779043462851,1.1993261750538693
33.0,12.0,1084.0345458984375,-2.3305365999261927,-0.0707732155802309,3.33013650048059,-0.1646552463252781,0.8440283613945452,1.3866529416830566,0.8118461378778195,0.7448398965962211,-1.116724525546141,-1.105579021721057
33.0,12.0,1054.4261474609375,0.4015868633578359,0.345388321299386,1.815110926647732,-1.214219818188536,0.3289439781554426,-0.2460904970606767,0.5113241352227558,0.1033219821080821,0.2013421559420116,-0.8007617627646617
33.0,12.0,1096.77490234375,-0.2113731450519838,1.1897448807766553,3.560934643718733,0.5974970597416176,-0.4908556221802005,1.3340088539094097,0.2712205986793714,0.6719602546668195,-0.2117092728571004,-0.6621488371425137
33.0,12.0,1068.783203125,-1.2003271795705324,-0.1007091235960473,4.821453306666548,-1.6127256800787713,0.0255989325553498,1.4832350863719803,-0.2128066285635208,-0.4240672168125554,-1.2778572396432368,-0.9457226115612682
33.0,12.0,1052.398681640625,-0.8831178324049,0.4713028228944127,3.171462439830769,-0.3299282463852595,1.2411450017947523,2.451524790344364,-0.8696307459350274,-0.4728306380991736,-0.0802657938303577,-0.1451061609122366
33.0,12.0,1078.2457275390625,0.9294383488045188,1.2695595578217125,3.861243294791585,0.4219225327074891,-0.5108568007785026,1.038731475788795,0.9315130876461284,-0.1602730094967306,0.5050937766256238,-0.9054592601108428
33.0,12.0,1034.4727783203125,0.3142202240372418,-0.2605573126746456,3.304617395755873,-2.3129964304525807,1.0080272782222233,0.1204234495881699,0.3278226484477837,1.163851016915661,-0.91569335081038,-1.397915284107194
33.0,12.0,1058.4251708984375,1.0143026633793806,0.5081871738651689,3.304496683659462,-2.3874732135633616,2.18750872399095,1.20664124977801,0.637212313774854,1.0296844782300374,-0.2519026027814952,-0.7618157495767788
33.0,12.0,1046.386474609375,1.4446543876448388,1.63852003718657,2.314817407983499,-0.1427507585465477,1.7381438682203054,-0.0679723744921201,-0.0493092893545545,1.6433899643046963,1.3526607519843816,-0.1732101934816725
33.0,12.0,1051.409912109375,0.0960206963985452,-0.853799417250487,4.802465394898487,-0.3419490366833866,0.6255833674726308,2.5097736567441364,0.6097017674411216,-1.1974367037391795,-0.4992137121762408,-0.7945318367550405
33.0,12.0,1044.6751708984375,-0.8134492876205988,-1.0542602254922997,2.941542051337107,-2.0319861213820927,-0.0916756417119337,1.646751875611229,-0.0833819464269067,-1.448451352948774,0.2828019907788626,-2.8460466276248235
33.0,12.0,1045.505126953125,-0.6666902610036631,0.0091355688288929,3.259019089245509,-1.424586338033207,-0.9840787204071706,0.9812814223705546,0.8940159545806576,-1.0802843326812943,-0.6892172634006268,-1.8159667849538472
33.0,12.0,1035.953369140625,0.0180195962959999,0.8855140459471667,3.909224505359699,-0.4173856371421642,-0.673286721684657,1.2017914616190382,2.177514300271625,0.0332330363166741,-0.7240001096327084,-0.7741552468331934
33.0,12.0,1095.6171875,-1.9536769591491288,-1.2324042648478528,3.0930179537070472,-1.3185572037979094,2.274627904286368,2.444308545945868,-0.3877970935028632,-0.0775764048823735,-2.0179429284644232,-1.2707503271871938
33.0,12.0,1091.7275390625,1.7612135326491485,1.5561957820565029,1.414180952452866,-1.5178104510432204,0.6928590558867276,1.1361524986221134,0.9468076698373632,0.3776000141905564,0.3564479524937933,-1.9806550937212783
33.0,12.0,1067.3699951171875,1.2142407622328024,-0.6170600837889593,4.094777410545472,-1.7956214454989503,2.0950493486639648,0.8385031832266732,-0.8801599524579835,1.0103537556916908,0.0678351423249097,-1.3212072588890464
33.0,12.0,1102.47265625,-0.4726693328194491,0.8935728095096076,2.411412786553047,-1.8336804820982733,0.5013121436372945,1.9298965797551784,0.2601728690490716,0.4277466939662524,-1.5854428726722103,-1.171171371978418
33.0,12.0,1069.74072265625,-0.2899627193789582,-0.5004781261840225,4.218313929643486,1.7729170813335715,0.5017369869430857,2.5763459094612244,-0.402149330481917,-0.1247371197551681,-0.844796296238389,-0.0520998800275993
33.0,12.0,1039.576416015625,-0.0312627214532925,1.5411390312729365,2.376351418542715,-0.067448625386687,1.458048189774379,2.4074438807726217,0.9626651152724328,0.7989479512056032,1.7997895229871173,-2.417342152718584
33.0,12.0,1044.5704345703125,-0.3305609755388436,0.8271586432521536,4.62034638375204,0.843396366945445,-0.8614799081983069,0.3672484079793703,0.4498791888688869,1.5242467662360497,1.2557887369287677,-1.0013252763903733
33.0,13.0,1063.535400390625,0.116138533833543,-0.5999846980782255,3.430374549943405,0.7715002275012015,0.284720202617958,1.176182551982544,-0.1339608192076822,-0.1995285544593983,0.2942614052551464,0.2056391514331927
33.0,13.0,1082.770751953125,-0.4759459262345222,-0.9417889527912422,2.9546183521760483,-1.668649573610979,-0.3136373489015547,1.2458772811121328,0.3975265706121238,-1.646860230093059,-0.4644339142402849,-1.68665635757009
33.0,13.0,1039.7884521484375,0.2288406596695953,1.0871209284958685,2.125963658154056,-0.9869113771321372,-0.1499138543785534,1.2258021119792506,0.5250830522608263,-0.5557205160722125,1.0106832297812565,-0.2024437530154053
33.0,13.0,1096.800048828125,-0.4754476221800994,1.0419716059554185,2.566398819124852,-1.6730678849091785,1.363211809612741,0.7996662600844529,-0.2046071160828706,1.5746083490181544,-0.7294471054413485,-1.0879124940973552
33.0,13.0,1044.8121337890625,-1.4477873566243016,1.4355727000773584,2.3733394344021983,-0.142811077523338,0.1645430037247202,1.680499296895376,0.9981341201598308,0.832704686623039,-1.1221560310275738,-1.2836931424687053
33.0,13.0,1066.04638671875,-0.2160426799478365,2.877124529214604,1.3939861020797988,0.0092508683454619,0.1318063448558968,0.4992152775073579,-0.0662612543975953,1.1419985702834996,0.4220103744611423,-0.8430047119514681
33.0,13.0,1125.0535888671875,-0.4332136597218774,1.545783985778712,2.756567837715699,-1.1645351975718945,-0.6819950894603481,1.15155395017727,0.1420688363694022,-0.1163367127573886,0.5061919803550214,-0.9262764133992788
33.0,13.0,1051.4244384765625,0.59174901916239,-0.485910378423009,2.867916416469452,-0.9561965984865904,0.9310509666254952,0.8379002871081029,-0.6980964970843022,0.7278551253739929,1.2874504997495375,0.4548846700382913
33.0,13.0,1029.400634765625,-1.4380302598245756,0.534951344738646,2.861042562433952,-0.9896640064041726,0.5058204426703119,0.9199817019078624,-0.0412825100445708,0.1323084709055697,-0.2911112009202679,-0.344981886929288
33.0,13.0,1080.4237060546875,1.8612726513380675,0.5951579467766388,2.675385415356565,-0.2022950203638229,1.757987277064009,0.992925929339135,0.9807956273325188,0.2261170363550952,-0.5300242448853041,-0.3086570245144617
33.0,13.0,1066.7120361328125,1.3924858870603103,1.768713458773866,2.18317002083671,-1.9406476245574744,0.8384348941973752,0.3612068067741543,1.019403944906098,1.0122623455488453,0.8315556545702272,-0.054191192247095
33.0,13.0,1092.5831298828125,-1.189883802305027,1.2505558279041011,2.3514314059377206,-0.3935263623563081,-0.5129562407224739,1.6159409098179092,1.1140262893183888,0.5723107547641213,0.2554240375334595,-0.6344045027274552
33.0,13.0,1069.76806640625,0.4892279143813214,0.1614879384432344,2.457751634447261,-0.0850114864691882,2.027256754362295,1.5772626089604334,-1.9576699209086827,0.9926696270545312,0.7518253327319568,0.3534222562718092
33.0,13.0,1072.8309326171875,1.959085023195896,0.010683544830643,3.971621723364006,-0.8092642484940225,1.6563853497796028,0.7131636358832258,-2.345294354507899,0.7626121205957883,0.8253343690497372,0.3926860481796641
33.0,13.0,1059.0654296875,-0.745092205378409,1.0537617701208104,2.1311715720751625,-1.8838781636495137,0.8990067404802069,0.9288872393941014,-0.0162211667544678,0.4042551892575572,0.1755573851640903,-1.4412837551784827
33.0,13.0,1072.6346435546875,0.4242762527916373,1.640262696904891,2.559353886403088,0.23762394215567,-0.5612329183250591,1.8294159048785552,0.9157299991899244,1.113439635130019,1.1568700374006795,-0.9269293088076394
33.0,13.0,1048.0550537109375,0.7386725605468039,-0.5352843250938735,3.16167881315479,-0.2738568771261898,0.0373283039362171,2.065701667619927,0.2926601059887987,-0.1387855898943826,-0.2654116766152219,-0.6140348676148157
33.0,13.0,1030.3197021484375,-0.8447021060320825,0.2353748586355877,2.312079901801929,0.1032975485075047,-1.989671750736544,0.6681010413675228,-0.348592406880738,-0.2567477235194442,-0.0317247023127755,0.3286571335994122
33.0,13.0,1018.83544921875,-1.0982093020736845,1.22245510266612,3.520063119487798,0.3113549914403428,1.590069848023013,0.8928988737546826,-1.9871055393410264,1.6352237667267433,-0.0271423178770504,-0.5382662912817251
33.0,13.0,1059.3682861328125,-0.1185305357305726,1.3018160586303615,4.659732264998738,-0.2976217915895516,0.3093078473808379,1.529523376916222,1.238189352889787,-0.2052139930321983,0.6382975206800428,-1.359788429515243
33.0,13.0,1019.6505737304688,-0.6838768755107605,0.514283916426427,2.102860113902228,-0.4549267504373286,-0.2645344398016984,1.5727855790290466,0.7088488630467618,-0.3532769696089737,-0.7753443361890158,-1.7658736724618955
33.0,13.0,1020.7344360351562,-1.1613199068044464,0.5408436727268304,3.403208044292436,-0.8472456116227427,-0.0856834216355153,0.620219959901771,-0.4078053056077371,0.0564362802430835,-0.0261464530711954,0.0601236315778583
33.0,13.0,1055.888671875,-1.726381516698294,-0.7645782027525803,3.1383765825145264,-1.1170934736750175,0.099396833731272,1.7703016959207734,-0.4119119051333832,-0.2121558981788824,-0.6631240513583627,0.3768231895631801
33.0,13.0,1067.7559814453125,-0.3172400920675722,0.1325976129786079,2.818690412333039,-1.5631408285800092,-0.2912791865714057,0.6867060026274663,-0.6964260734165642,0.2981474854354342,-0.1565443834259481,0.4999230257581111
33.0,13.0,1050.456298828125,-1.5957549742463328,-0.1810748461189426,3.5105565468135467,-0.0279110045834292,-0.2957636434388835,2.3186888921316235,-0.0362824820066602,0.0134916193958876,-2.2829408894451007,-2.1099525316015537
33.0,13.0,1051.855712890625,0.1221292400791131,1.7191335631528055,3.0768114378308304,-0.3795441832376687,1.229005740174748,1.676843576360291,-0.6529144501951709,0.0914260166720168,-0.1634450070353876,-1.0984851333380723
33.0,13.0,1061.8424072265625,-0.5809815707155641,0.4780751505996967,4.448064641611843,-0.1802637714567136,0.543911798212406,0.8756004525526855,0.2199283048043918,0.2159928495596759,-0.2246217932168477,-0.6953744739360008
33.0,13.0,1034.7764892578125,-2.2938272596806057,1.6786984245085843,3.944168616945472,0.5876231918012369,-0.8880482575220867,1.2387905992666308,1.437253692719299,0.5377398165198342,1.2187949669464402,-0.5545328882526546
33.0,13.0,1071.8037109375,-1.5354061111155497,0.8487782122945999,4.959037889609736,-0.9903548770822388,-0.0417539753459736,1.178217152960822,0.5498452755047945,-0.0381252325018692,-0.0285888617367833,-0.9230414894614896
33.0,13.0,1036.4730224609375,0.4289741516227261,0.3876468366671552,2.07967129907371,-1.7569184637099458,-0.3555535575907678,0.6996441305553542,1.7009276484136349,0.1717620530825812,-0.2803101607490896,-1.9878666911412568
33.0,13.0,1076.0728759765625,-0.2406587507919297,0.4406640034507845,2.742828373992598,-0.3383495957890501,0.2039255740907508,0.9224189225917288,-1.3245182149192432,0.7952430067681355,0.2834056775288793,0.0759232485799827
33.0,13.0,1016.541748046875,-0.2785832990882291,-0.0090300303945749,2.6144607124059283,0.4100665547070568,-0.6276538960743272,2.11937036894016,-0.1021816608322945,-0.1604927783264012,-1.5024309472290334,-0.5175061263831999
33.0,13.0,1026.2520751953125,0.7587777372611484,0.8089050091668684,1.5094951426940852,-0.8729015413083703,1.4059581913322925,1.984120004041264,-0.1798246630810132,-0.0473543435676866,1.453659526583568,-0.8529449198713568
33.0,13.0,1073.7957763671875,-0.6521020072559116,0.9061440016955746,3.792047293947405,0.4705316236841632,-0.2457869716167788,1.4902605105817015,0.5934401544651386,0.9815720016543104,-0.2098534941172332,-1.4918677579844704
33.0,13.0,1033.3115234375,-0.7472078493877214,0.5837056259425522,1.933318765742852,-0.8914005807264873,0.3872026695476425,1.0227823796308542,1.3758682461124518,0.9112737246128226,0.3712264124782294,-1.7878664835187967
33.0,13.0,1061.80517578125,1.4597400463564565,2.1292830580510733,1.445552412888775,-1.8010986321993263,0.1176556630504235,-0.5318416408424413,-0.4675833559479327,0.6257531340829043,0.0341056213428956,-0.2016621820401241
33.0,13.0,1105.3668212890625,1.9359929907085496,0.4016387752965062,1.37485490036942,-0.5117452230168897,0.2497152122029522,1.6003833571721309,2.310867832544819,-0.283845067028901,0.1598252267820452,-0.7728142415096375
33.0,13.0,1047.9593505859375,-0.4498176018752833,1.2608150483403977,0.9022309203499644,-0.632097540597166,0.984844862720494,1.2716868415098563,1.143956570960798,-0.4953136103284086,-1.1152058481019789,-1.2007704306924416
33.0,13.0,1079.39306640625,0.1733390221471129,0.4775559729775143,1.7562126920428236,0.4289972356467197,1.0892407675429494,2.2455322156285167,0.0660308640277929,-0.2857863449007167,-1.353584522267075,-0.2505582435207492
33.0,13.0,1056.690673828125,-0.2124275810495381,0.6878612626902303,2.9239029372002223,-1.1859855227705691,-0.8317093179876904,0.6483875104541976,1.3832019098074593,-0.5136010423860302,-1.3437518609461674,-0.7612359583460186
33.0,13.0,1089.006103515625,0.0712254781857915,1.6057085085323353,2.0014770695823483,-2.535387669799426,3.1527272415712524,1.7072742496066151,-1.743375041809224,0.8268853818779762,0.0600119866557964,-1.595436134649982
33.0,13.0,1079.9342041015625,0.0294122944509407,0.8234848343456047,1.1986841261058083,0.2365714626320825,-1.564430669225013,1.9504373738566287,0.9550677108945482,-0.3762611532493194,-0.4895970071216871,-1.7390143940424
33.0,13.0,1043.543212890625,-0.6664913779294723,0.653205457628748,2.33590747003639,-0.0779000095964574,0.8545181881439703,1.6843947867068954,1.011719988112758,0.347677656527134,0.5966204957346077,0.7887880841191279
33.0,13.0,1072.04345703125,0.2305780364562979,-0.2871241189528124,2.436948348662744,-0.0459764356235661,0.2206881257709074,1.6294973690453576,0.4878484217069134,0.2342629047569344,1.4910698900795405,0.0699783163017055
33.0,13.0,1055.3363037109375,-0.7773033833829945,0.6101060968927925,3.385676660326517,-1.4239214257581354,-0.8679064674217871,2.2272625443295304,1.7591416287576678,-0.7787212920754696,-0.3008386569493435,-0.5030082131925626
33.0,13.0,1024.3323974609375,0.3863506853938325,0.5336975435321705,3.478886934761098,1.091569425805976,0.9383761425399212,1.806324614966148,0.1848507717981027,0.2395879641284679,-0.365698929723802,1.0404840045392802
33.0,13.0,1050.220458984375,-0.2912500626434475,-0.0057452820656829,4.676555642143743,-0.5057402134815323,0.552462597095924,1.336659891000025,-0.203263825898067,-0.1478792614693391,1.3594541906134836,0.2068653892156433
33.0,13.0,1091.9454345703125,0.1884869306186862,0.4892667808578714,2.575547239438648,-0.745449121884926,0.2706621656842936,1.3432152285384582,-0.5992924973507296,-2.018857405224832,-0.8271780165266236,-2.83141835952446
33.0,13.0,1060.586181640625,-0.1120133531391172,-0.0751676183880443,3.5501325647784423,-0.2090830648471806,-0.6319607376347678,1.854763555474209,1.9473745655794443,1.8271756749165584,-1.08598018695284,0.6160194430086179
33.0,13.0,1067.2816162109375,-0.2810283821760189,0.956638529981266,4.391607795910614,-1.5097560640467118,0.9317650437607288,1.135339369311657,-0.4660490636090522,0.0467064027609023,-1.67089206312364,-1.3456210598206957
33.0,14.0,1018.3528442382812,-0.5733089035511405,0.2032278071296547,1.41055592021959,-1.5002106723722832,-0.1242118998297829,1.6647750951435034,0.0477186542648713,-0.9493384390958548,0.1244493009455984,-2.03045383430297
33.0,14.0,1020.9638061523438,-0.7124350916236892,0.7466629843681405,3.100865977855777,1.5126173591708838,-0.0578663355599697,1.8118052129399973,0.034717490199128,-0.0301162499312166,-0.5285649489063768,-0.4467641529795614
33.0,14.0,1019.4716796875,-0.1415298263453026,0.331495621572957,1.659538151240767,0.3920768772835732,-0.4982027894613807,2.086291485503068,-0.247425665479307,-0.1257723301981812,-1.1807566607865,-0.601490303262052
33.0,14.0,1027.619384765625,-1.7729509880925771,1.0714840542674289,2.576363778338151,0.8980330033025172,-1.1699184363698183,1.688268541870067,1.3563173470370664,0.1842312441088269,-0.1382017648738838,0.3971391097725929
33.0,14.0,1037.067626953125,-1.198810414836359,0.4099116480183751,2.81989684800155,1.6416176448110242,0.4939539544293225,2.269867360998142,-1.3996704256841983,0.2497178119755494,-1.312627323984743,-1.341841532592698
33.0,14.0,1034.9581298828125,-0.9623579469786528,-0.4481993307224199,3.3321642798631963,0.3348565211339052,-0.4550719103177112,1.9099727544482616,1.2335754996886503,0.2964814831593676,-0.0109952545633662,0.6999090036240565
33.0,14.0,1042.555908203125,-0.3914289827967661,0.1395373392182533,3.5132658312780904,0.81157863636692,-1.0813759939929768,0.2393173019554062,1.2259235603200611,-0.2702230867319164,-0.2820256406530488,-0.9077311690569224
33.0,14.0,1031.6260986328125,-0.7945372772012078,0.7097402270270621,2.936214118301872,-0.3410280701998678,-0.5184692015721541,1.2100860724244766,1.715755358045862,0.3161420428189672,-0.2985324705240328,-0.449432963991347
33.0,14.0,1095.73876953125,0.7148227597207599,-0.0343279715029742,2.588064595542127,-1.9121895562263496,0.7965284059777646,1.2042949326782058,0.2384394043607187,-0.934811981832988,2.3448787422377286,-0.6094856321026896
33.0,14.0,1036.46875,-0.8537094322065899,0.9577599956877956,2.8845192248338725,-0.0405127913853107,1.0185117303164777,0.3001403880637241,-1.458217920168809,0.3749965688552317,-0.0708499202861752,-0.1817074240805016
33.0,14.0,1069.522216796875,-1.2761123201321238,0.0723707956252175,3.4578219947442097,-0.6554306718002278,0.1367542877626171,1.9654941667150991,-1.0289670871500975,-0.1224414523823362,-1.9661751519769344,-0.5613133180794163
33.0,14.0,1055.2821044921875,-0.6589807018821396,0.1752962141680729,2.330620416235437,-0.1884367698254143,0.4856577758150218,2.403898381395545,-0.2102367536834073,-0.1797781809611258,0.1232558070365001,-1.4272338164898817
33.0,14.0,1031.3851318359375,-0.6622784861971418,0.2334681835012908,3.652624890470389,0.7381941728125572,0.3898630989015377,2.299547633030966,-1.2434765794962717,-0.021517690408543,-0.0264000789045537,-0.8149562983460976
33.0,14.0,1094.8895263671875,-0.768121684244985,0.4546863284872691,1.393481953727543,-0.0264662219279623,0.6195767006188859,1.7702504744134837,1.1339957867935455,0.8516179869089182,-0.5261847031988554,-0.8229902418797117
33.0,14.0,1052.8677978515625,-0.1500658457045744,0.3115817832127456,0.7518869403590394,-1.1387638932424975,-0.4284441248679522,0.2936103337745841,0.6366371744265651,0.15583543880917,-1.0689303274783963,-1.7077675983407694
33.0,14.0,1134.3646240234375,-0.1037065068698881,0.3232667224368937,3.474241703919427,-1.048418474791747,0.165652548988433,2.048575188403028,7.239873777908912e-05,-0.148894594560863,0.64030891571546,-0.3800088056121407
33.0,14.0,1027.69091796875,0.8070853077546127,0.15113934641961,2.318344351017185,-2.7671456288486542,1.1964396515562503,0.5093148144838509,0.2803816441222952,-0.5856425435626864,-1.3273824532559075,-1.482196237773512
33.0,14.0,1087.4791259765625,-0.4854473312665579,0.1616416594794758,2.704661809402612,-0.2475476206160189,0.5821415587598757,2.442468918897605,-0.9298348339154208,0.5464718852903392,-1.2733057863750852,-1.9694852617135847
33.0,14.0,1037.59814453125,-2.961249786930532,-0.655521638083945,3.556134240177464,-1.4129402966752656,-0.6433583820452258,0.912458880207156,-1.097328670362829,-0.271089595593347,-0.985954162783151,-0.5738798336376973
33.0,14.0,1044.8797607421875,-0.3937771879481815,0.255495125694237,0.7930993111626252,-0.6521859738296527,1.1045698210178987,1.269339827008304,-1.8229766433623484,-0.9458392084142168,0.2619524398764117,-1.5293766366737032
33.0,14.0,1059.0537109375,-1.8891120609670708,0.4289560462325426,2.810852934516598,0.365119524322135,0.0980933674857622,1.3269356693458842,0.2594843658529804,0.9283308031194172,0.9459454142078094,0.655131691228112
33.0,14.0,1098.0435791015625,1.278003379087905,2.154239444433169,2.2050190076284064,-0.5889669208877999,-0.3226143922966171,1.952715359500364,1.4844727782182563,0.3503021273086926,-0.310596914233642,-2.155320662618405
33.0,14.0,1048.1607666015625,0.8120674905427023,0.80665976146493,2.341129828552712,-0.6030047589447172,0.8323126631400797,1.0281261402743809,1.2423266501707122,0.9433084484419664,0.7820867069464441,-1.0779474391551918
33.0,14.0,1046.3389892578125,0.9593247981476428,-0.6501501954136817,2.999085767829863,-0.5595927434175865,1.9122381307168144,2.242018329013918,0.0534125420695295,1.1183498933220006,-0.0145752611584217,0.1422280473655401
33.0,14.0,1037.515380859375,-0.0604010546551627,0.3135095915217158,4.136620026159669,-0.7821681539652054,-1.0435263952618143,1.3765405432536513,0.0073527307015464,0.4889733600281287,-0.6515588373406045,1.2852918151302672
33.0,14.0,1059.8380126953125,1.316088245599483,0.023161404089671,1.749779477127026,-1.4467247414914324,0.101651897113971,1.0191719413446787,-1.081588956558463,-0.5477852331859943,0.567655149357841,-0.4726512873356139
33.0,14.0,1023.3992919921876,0.2281379591097199,0.3715435757836891,2.7405141993437496,-0.8593974759810035,-0.1005848129673872,1.1727978601853817,-0.6798855450916683,-0.8707103087337309,-0.2973438916983353,-1.0993762895736117
33.0,14.0,1044.1090087890625,-0.2520980429377921,0.6245868168554436,2.56968960100624,-0.8620242487069465,1.1428589662638036,1.771634888957491,-0.7747784272429143,0.2056962395645136,0.3219410760443564,-1.707230597079823
33.0,14.0,1054.521240234375,0.0647962868563816,0.442472245348843,2.003534071469934,-0.9987076386848156,1.3911641363341314,1.480681238212861,-0.5660622724746602,-0.3791023193644136,0.0833598924091694,-1.9304311454727952
33.0,14.0,1042.6085205078125,0.5570414969918431,-1.278253997181868,4.364272985403829,-1.3798096161338815,0.5271402236270815,0.8555310185272615,1.0677309683747191,0.5816417478714033,-1.8332622175690187,-1.1727618598920584
33.0,14.0,1079.9078369140625,0.0807792711173691,0.6792640460674821,3.401801271657469,-0.32078883625684,-0.2931167905061844,2.122887467243282,0.4835645200822513,-0.1551152183509971,-0.3584623412180434,-0.7111214021671071
33.0,14.0,1047.226318359375,-0.7201023070265524,0.9991824154354924,1.536868611610319,-0.1839592309099904,-2.6541745239013927,2.18212622940343,0.7156258075357158,-0.8652100960646525,-0.708901897343627,-0.8569825025973259
33.0,14.0,1023.0521850585938,-0.6267933564208477,-0.1742664852479762,2.645668029978036,0.034463224909679,0.0568806798618002,1.8584266801329,0.6397033788268667,-0.0049146851554615,-0.8229797560579284,-0.900929955171839
33.0,14.0,1080.885009765625,0.6383566399194871,1.104285954485932,1.93682212372779,-0.0759250494110874,1.7643472527594053,0.8766463752521405,0.9847799668429608,0.012223899577771,0.3060370917483563,-0.8225840555573214
33.0,14.0,1020.1131591796876,-0.9906928533942558,1.749045916501343,3.7054864730168457,0.5455547908861194,0.527570141728031,0.6481753827300443,1.6306603726516329,1.977766966524622,0.031870155409174,-1.0591911402029757
33.0,14.0,1034.3863525390625,-1.0731718187171158,-0.4048205152149506,2.888238586067008,-1.5553867328363848,-0.415302050079517,1.0968818428634286,-0.6747920447244562,-1.1250115710763184,-0.4619740978427096,-1.0305014487132755
33.0,14.0,1045.5552978515625,-2.3799316987652643,-0.1391761451756323,4.241720771301498,-0.1653573575526525,-1.6277486264030163,2.753442276511615,-0.7250041868403425,-2.5030963148817627,-1.3859876850249058,-0.8201575812245245
33.0,14.0,1044.0888671875,-0.592210670292582,0.6695671647148718,3.2784539197281752,-1.8677239736199427,0.0871755005559826,1.2717300212340843,0.3807244825290361,-0.7471529845974842,-0.7086219713040958,-1.5367273408410966
33.0,14.0,1053.031494140625,0.1625668188053239,0.6567137572022084,1.857381955794752,-1.1329884935092234,0.3635189509684009,0.7682879255208679,-0.3312063331338013,0.0113723163943912,0.9292950540910409,-1.4661142003776289
33.0,14.0,1057.7587890625,-1.518329531161965,1.1279136404808483,1.707325339776915,0.6266171675814558,-0.9519100166531976,1.5317252776294552,-0.2501401814018456,0.2675089902612377,0.6534820824457563,0.4512047617170474
33.0,14.0,1043.0784912109375,-0.0323864258398938,0.0067745670683505,1.8871144105988504,-0.5875638828030656,0.0487378831542981,1.1042370739169405,-1.0837605521235931,-0.8529365612778106,0.0287476734168148,-0.502517876749133
33.0,14.0,1041.41015625,-0.4076362378380356,1.5311567948775815,1.187491694762163,-0.0932300949164739,-0.4261304392886549,1.882320419573967,0.3816401944915668,0.3356596474838946,-0.4629733003749248,-0.3635338600231188
33.0,14.0,1047.5445556640625,-1.2653380850834677,1.5650369400873032,3.20662105500784,0.1161396390865316,-0.2946029310247375,2.345073679722751,2.3642301307823823,-0.2441254504178331,0.2358186948757605,-1.166739602330678
33.0,14.0,1042.062255859375,-0.4567871040311164,0.7242171687202346,1.8715053796455527,-0.1799191994537503,-0.0814200195082106,1.619380347300858,-0.7633394720926816,-1.0636466294598956,-0.7501458067109565,-0.9686913108825976
33.0,14.0,1031.977294921875,-0.0334107280682891,1.1407414156839408,2.7775731941415094,0.9756784805491056,0.0215039284235043,1.070886263533363,0.6804348265756834,1.4698128263793242,0.1244841014306246,0.0017351012920441
33.0,14.0,1030.9090576171875,-2.46311241189739,-0.1269906571252876,3.672417568239821,0.1162790929756969,-1.9287035445287584,1.4773099047887754,0.2533400309566342,-0.5554378946854062,-0.5513277927253943,-0.1697665878459195
33.0,14.0,1083.4473876953125,-1.3265843267366026,-0.7258188943407138,2.90949578438741,-0.512615515156325,0.4152248134043965,0.4699717501462181,0.7569864891310178,0.1261210455660988,-2.044166433163213,-0.8630312255754742
33.0,14.0,1033.83447265625,-1.1034282405845426,0.6519278690060801,2.9758639489182936,0.4120582582932215,-0.1974090351813089,1.71528987147261,0.826468623607342,0.7356522077458374,-0.6296745715108596,0.1335049249561013
33.0,14.0,1053.2701416015625,-1.1702391263026757,-0.4937714721079498,3.666963937841494,0.045231047386216,-1.012275993358735,1.0789577927163236,-0.6807996781064949,-0.8669960733405784,0.5828017826789997,-1.3615303949191002
33.0,14.0,1071.84033203125,-0.133321428929162,-0.668359851503685,3.5004947190342985,0.3669470868325071,0.8212919095963169,2.4497722995601627,0.166767969489598,-0.7218559362064632,0.5058002650899613,-1.217263250296969
33.0,15.0,1030.1927490234375,-1.50880205934335,0.1034953263552083,4.040723441813697,-0.1937470377949077,-1.3133140532830616,1.3611036091907494,0.2499369202450827,-0.0371368165102898,-0.8735391200209595,-1.4334351094606426
33.0,15.0,1035.41259765625,0.2831077824872672,0.7228165060789049,1.6299236210049992,0.8693936151938573,-0.0926851123778469,2.0625542072090344,0.4772629993806756,-0.0082868805098152,-1.5201081288291562,-1.223630523791393
33.0,15.0,1065.9842529296875,-1.2853201690457756,-1.0549907258326074,2.917131606657429,-1.847599880844632,0.8111408422181725,0.9408220558645466,-1.9339451018569,-1.0295918806683528,-1.943185757257578,-0.1670225904906876
33.0,15.0,1052.2730712890625,0.0531814436932078,0.6403928611380643,2.9652015660015447,1.5711514073975028,0.6566611433189387,1.4540397656129134,0.1774623265898629,1.733481330916229,0.0135937772153447,-0.3956004358492579
33.0,15.0,1034.7509765625,-1.1716196063690894,1.6713714416113854,3.7906631617160578,-0.0711793494242867,1.0694976882092035,1.6384746216327368,-0.948721141645156,0.106883604113948,0.2792820667480589,-0.1552626581491525
33.0,15.0,1076.7760009765625,-1.4681365221621414,0.5746732312366074,1.8338299963674345,0.6578832161016992,-2.4208841453907226,1.0011534642056388,0.4419117788839601,-0.7392807346950256,-0.4644805063799477,-0.2992430917709461
33.0,15.0,1060.7408447265625,-0.8017963579843972,0.8245419384154236,3.058579163943479,-0.5996391521118838,-1.5997855243036765,1.6480124408070127,0.4733736421824019,-1.5721064289781488,-0.3086502529912929,-1.5989085916320511
33.0,15.0,1043.0020751953125,-1.2923908579867254,0.2991118239305752,2.3024295551748954,1.075373137283333,-1.0449344688641655,1.8463540836530288,1.0851094343547008,-0.2406643995085922,-1.636868335563478,-1.2799412697484152
33.0,15.0,1063.4783935546875,-1.9109123168436937,-0.1172828440774305,1.9488184418835808,-0.8074278323200721,0.2165958711126965,1.857852085260313,-0.5819121425422473,-0.3353127463677872,0.644720071410144,-0.9618779628773452
33.0,15.0,1072.964111328125,-0.0712829959694261,0.1770506201111112,2.299198898030013,-1.004913239038915,-1.0682060604468815,1.3133816314772524,0.629662077752351,-0.6464856072791179,-1.796238484582223,-1.831299857608358
33.0,15.0,1027.118408203125,-1.2676605370435403,0.6225534042307332,3.5091689631612937,-0.1214999736422868,0.1486602282548084,1.328909466881079,-0.2818732850443677,0.1237738867868154,0.6908668255568964,-0.5180223171337914
33.0,15.0,1051.7073974609375,0.730120269767224,-1.2023734502380954,1.690900073705213,0.2580583032939287,-0.232471838727589,2.7148666887228776,0.8266228565420004,-0.8566383993400013,-2.7481503295189262,-1.6922117274152395
33.0,15.0,1031.2542724609375,-1.2939712642187118,0.1033948064329841,2.982613829793066,-0.343986922978142,0.3073234559738482,2.264784831253065,-0.2451946387027987,-0.3293023650144429,-0.2665750129619484,-0.6407985872450643
33.0,15.0,1049.0594482421875,-1.3843652425449706,0.8519069074982539,2.03115354601787,0.2172136710050329,0.3825581808908289,1.6930309805269754,1.159437831674258,1.0279255209777016,-1.4798692672176466,-2.015350758494444
33.0,15.0,1017.7697143554688,-0.5564645469695124,1.0039298541465165,3.694485054990394,-1.0498893203904949,0.0311419178320218,1.048686200582459,0.5295750428256119,-1.2076210666927971,-0.2777010318857389,-1.8062431902529648
33.0,15.0,1039.450927734375,-1.4200603309913005,1.539602708855207,4.561486098862646,2.198071636066992,-1.0318930781597944,1.0149899181794575,0.9579630995769276,2.099499309121877,-0.1411423822565893,0.9895943316118778
33.0,15.0,1052.38232421875,-0.9981447075998098,-0.2482783643964419,2.2071852882882803,-1.265617155434696,-1.1542251390831924,0.8858773570443113,0.282688898507387,-0.1633875297616942,-2.090107694179367,-2.038061436710234
33.0,15.0,1042.782470703125,0.5450330802849077,0.5255929333608664,2.761455975359058,-1.3884320106097503,1.1588569547598837,1.2528617502166313,-0.2308807134683395,0.7198752362597549,0.217149744055435,-0.3120815356332187
33.0,15.0,1033.4620361328125,-1.322516748285376,0.7623426132550826,3.2555500762957035,-0.8410740075021206,0.0143981938498214,1.5077305398749905,0.945916985941544,0.4063199691114505,-0.604099395849202,-0.1205743116843045
33.0,15.0,1040.823974609375,-0.9096610250763169,-0.5896694648157652,3.089858546173561,-1.4713153900697833,0.6335614453784002,2.383576332078298,0.3974333132444707,0.1977549721817162,-0.790317038929107,-0.814565185051781
33.0,15.0,1055.590087890625,-0.1751136480593276,1.3235911794187167,2.2111051047809465,-0.3433961155743352,1.0270717138032035,0.7924133124123234,-0.0581389584702458,0.6805290017616183,0.7182373306187761,0.1833984100018257
33.0,15.0,1029.64111328125,-0.857417278553946,-0.5412064372466165,1.9676927634490564,-0.4015953313192213,0.124415376620691,1.670494721101412,-0.1389259413653185,-0.2669463510667507,-0.9346598225593344,-0.5322795837753125
33.0,15.0,1022.4263916015624,-2.105899999153136,0.1150818249719121,2.636246012225458,-0.2786059317913931,-0.8976861542834476,1.4965217124906482,0.140382193799966,0.4952883566046804,-1.055411802436215,-1.325117704300376
33.0,15.0,1034.77685546875,-1.7426312703231632,1.169623325150666,2.268799656929028,-0.7928034096822456,0.2150415838193433,0.9239404659325148,0.4446208138592027,0.5466006291385241,-0.2115578143462828,-0.305392706781892
33.0,15.0,1029.7559814453125,-1.7092430008961923,0.4302499418727166,4.153451048854539,0.0141370250780763,0.8275523395285189,2.0112858672177056,-0.3941104476275843,-0.6482232780840143,1.1287682992668897,-0.0066008997038871
33.0,15.0,1088.0889892578125,-1.3376688025774324,0.8353064572094642,3.7805771959104177,0.5122111655650983,-1.364624265650694,1.909032378746276,0.7660412030580925,-0.1894774255512539,-0.0658117157563227,-0.4523577333498698
33.0,15.0,1043.5823974609375,-1.145801826390073,0.448049660213873,3.0629627824988823,0.5785495917453769,0.945071890921362,2.396041062606296,-0.3911710703738302,-0.6274228661200922,0.8532201792927641,-0.579288334955046
33.0,15.0,1032.751220703125,-1.1704515207942905,0.327567630412215,1.5638616485075838,-2.3212994138586995,-0.4925021377982705,1.6018532468885365,0.6151158234674785,-1.2912747904765969,-0.936070056057793,-3.2431498004073003
33.0,15.0,1054.4666748046875,-0.1635007060555526,0.1673962512723639,2.6710304151303967,0.1966816793437686,0.2699253688398784,1.925817908589802,-0.1213060871332221,0.5321971727211592,-0.6063779203429371,-1.1415477859594074
33.0,15.0,1040.4779052734375,-1.0297048897525,0.8522260386179026,2.457119794152149,1.0554408337010486,0.0338398127423422,1.3216319727479338,0.4566714981702535,0.2227740628794556,-0.6119257236076834,-3.216324525662006
33.0,15.0,1050.804443359375,-0.7074162690737209,0.7287836236642198,3.3871908447679786,-0.4909236164583088,1.2508950872343494,1.216058628551821,-0.0645005000340352,0.6343186264540464,-0.5004676937442802,-1.2240900898234317
33.0,15.0,1051.789794921875,-0.5912392620864066,2.026192366188474,1.8785982183251784,0.414136086524608,-0.2848236088151354,2.2314711823643,1.663996932529093,0.5892325219875358,-1.3054537611846833,-2.395246181382913
33.0,15.0,1020.9739379882812,-0.4149978745265859,-0.2548436427161551,2.682333922749079,-0.361037596103305,-0.5215771633428146,1.0912342550280885,0.7333209205610594,0.2457996984533386,-0.335970280740355,-0.6254514156947169
33.0,15.0,1043.0858154296875,0.0052888667469517,-0.2906285688710541,3.701961582787449,0.3819784153286072,-1.2232881000791962,1.2604427693921512,1.1954705775770336,0.6795123279006603,-1.369404199942445,0.8866095764382269
33.0,15.0,1063.322509765625,-0.3669902784721666,1.2969129141877334,1.8454462602655728,1.8736162894186648,0.3817862223982704,2.7593604743407987,-0.1401699458933505,0.8166902325487584,-1.142974970784843,-1.086514682002187
33.0,15.0,1067.623291015625,0.0899047615631651,-0.2854432080213778,1.893176201960152,0.1070656920055181,-1.1428444213003313,2.3060909224633512,0.6030997929872308,-1.6999583147708464,-1.2486405688862314,-1.1684347506756234
33.0,15.0,1028.6680908203125,-0.9048093285986916,0.7082427026259239,2.8228422470175154,-0.4755399112743861,0.4593277694189002,1.680507411458648,-0.4091062621065822,-0.323821348910676,-0.0121355597689429,0.8718699386302307
33.0,15.0,1018.787109375,-1.2214042026340466,0.7414917693179657,1.482257179165968,0.3193225121133274,-1.1672950606269508,1.986970919340445,0.1449353106625732,-0.236027117620269,-1.4337663152344726,-1.478110145650006
33.0,15.0,1026.243896484375,-2.8576666261670227,0.3394481464390804,3.475512938301801,-0.1335059255936039,-0.9599347774077768,1.0473332318145134,1.5580006885393436,0.3359947687396509,-0.9113162873127898,-0.6034612166153517
33.0,15.0,1050.815185546875,-0.6921102059465003,-0.1771652672902774,3.399727140976532,-1.200371614210705,1.004206007229774,1.202886979107035,0.1828818019860225,-1.1679747025993423,-0.3617022265226914,-1.6915511799414782
33.0,15.0,1038.6400146484375,-0.2635850790021035,0.7252922459993041,3.246603726351651,0.3060772212666869,0.4620193033952375,1.0320108940043724,1.3479251223170143,0.7968269790941225,0.2001225584141348,-0.0954322875130406
33.0,15.0,1068.43603515625,-0.7129980582514195,0.433702932356752,2.172000657065309,-0.3377023490963964,-0.6086202109882812,1.2755456974186643,0.7966997526665134,-1.1403837075505088,0.2465612018124368,-1.861533730797112
33.0,15.0,1022.8328247070312,-0.1680057009468774,0.3756615365161151,2.524865364463274,-1.2388007730828043,-0.0748794093447591,1.1327570857030524,1.0250816471021809,-0.7207842188960809,-1.0570537653219714,-2.0935629180777937
33.0,15.0,1028.108642578125,-0.8267323558634141,0.1135089376641786,3.006537928819263,0.0112345178376314,-1.8538254971309696,0.7883659778600594,1.35456352447041,-0.2645383191855028,-0.0912473572045229,0.1707942412047201
33.0,15.0,1017.9707641601562,-1.0538436302926386,-0.0470525368364445,2.639911446894639,-0.7945239344500035,-0.131668246058024,1.0041205564506512,0.4273222472879778,-0.3814524915418484,-0.3172710310061868,-0.7445085599254391
33.0,15.0,1059.40185546875,0.0069626612717508,0.0339023817871888,3.995062220938436,0.9033879292370396,-0.576850882463039,1.3485863016770896,0.174994483615281,0.9295040098686372,0.7896556095430975,-0.1429018157317347
33.0,15.0,1044.5084228515625,0.0509945645359488,0.5193591437538725,1.940427860463484,1.1407107350316164,-1.3510158050537289,2.88795851377433,0.5259867852041111,-1.554021990898138,-1.4969126867184763,-2.400273754480353
33.0,15.0,1075.4599609375,-0.3148251770043817,1.074142971068884,1.2366961231552749,-1.2633517812372397,0.6674141653801469,1.4200806976083138,-0.3159270030190653,0.1633053133333923,0.5748709325953367,-1.6963727654134555
33.0,15.0,1052.6943359375,0.1354112483165535,1.5312700409377014,1.5434861725317894,0.343419595937684,0.1655101186088767,1.0777925664108403,-0.9973407787641096,0.0563278281886621,0.05934370202056,-1.125913931885811
33.0,15.0,1034.4010009765625,-1.1072830041952186,0.8949751012344898,2.317004748847755,1.0835162921246797,-0.2091658265320006,2.08609742848628,0.0900404374438075,-0.2469504803768707,-0.0603388245619935,-0.4147210793195697
33.0,16.0,1015.555908203125,-1.1203029491218524,0.1359634994804626,2.5901778438867336,-0.5000410628944199,-0.0172208510084823,1.7774070985786858,0.3452463354351103,-1.0341749202226156,-1.2601215996232145,-0.7752702068183552
33.0,16.0,1011.6505126953124,-0.756477733035255,0.2290630704106053,2.3233395769895413,-0.442691267139101,-0.402567771481916,1.8712939970253828,0.1120764212671172,-0.522229908111604,-1.1483705223753908,0.355493375002105
33.0,16.0,1057.2818603515625,-1.235411209763178,1.1189277701560485,3.899549249330633,0.5609229897454826,-1.4437561168504032,0.6597831075010827,0.9491917040712048,0.3748843809788678,-1.685237473910214,-2.1423764904536053
33.0,16.0,1072.533447265625,-1.2607381056023264,0.2372617294099654,2.6554573825576107,0.1060739352442832,-0.8659190996413315,1.5566823120939413,-0.8961817228741502,-1.1829442504663756,0.1960296212053291,1.4183720980322434
33.0,16.0,1072.675537109375,-1.0491482341477705,1.33501111223719,2.14846267302896,-0.9124911873943092,-1.6978662202480992,0.263299149582517,0.5049492673110487,-0.4152693565903043,-1.157012447138135,-0.2238732909558516
33.0,16.0,1057.4234619140625,-0.0803463045683408,0.8093648740618189,2.499028980280912,-0.1518372491359985,-0.3422823267332298,1.1366138557168792,0.8996171976425282,0.2052853173662132,-0.8432397138612968,-1.1171419245944303
33.0,16.0,1057.201416015625,-1.9253582774663736,0.1221578194270325,4.631703221544122,0.5417567121835178,0.0062649143333946,1.7900770449063934,0.0244768168825482,-0.0237680220742682,-0.3110140882014969,-0.3519048155078028
33.0,16.0,1060.5054931640625,-1.3731101732984858,1.0133062138328066,3.5697727705564795,-0.4118502402561033,-0.9304339954785928,0.9580260720549924,0.9815406477899984,0.8954940242947167,-0.6700376673479695,-0.744174177468012
33.0,16.0,1062.004638671875,-0.8910272513150144,0.0038412993988101,2.4316039068965214,-1.9175679243853183,-0.211824755463307,1.414541789885433,-0.3849626998090505,-1.1131413520847828,-0.3559114178174258,0.1601295560545024
33.0,16.0,1076.778076171875,-1.2713536923366058,0.6918961938498231,3.714781951351739,0.9676926216932298,-1.572817630359205,2.305952908656101,0.8379897005527166,-0.416096603534144,-1.419703663970171,-1.236075766617592
33.0,16.0,1023.470458984375,-1.413957714039903,0.9310333185643528,2.7376346342530136,0.3525204123689036,-1.4378943073930754,1.6995203281944224,0.8058215652232059,-0.7527860703183515,-0.3449491245204585,-1.7312266775667604
33.0,16.0,1029.7105712890625,-1.2694015566875256,0.4384634079751057,2.726919870666171,0.1692946824160053,-0.2384743382297145,1.800693498245213,-0.416262957749848,-0.5187367485842165,-1.14138832315437,-1.4252232848880435
33.0,16.0,1097.2802734375,-0.3498308290612026,0.8377898064357066,2.7456703810752483,0.5375144610949869,0.2527232411602504,2.740348940778736,0.3884128227839936,-1.2788760109446162,-0.5953395014785166,-0.6967679574665313
33.0,16.0,1039.522216796875,0.927818667882084,-0.3683841629270432,3.185738706803985,-0.8328464683171193,1.270665886898965,1.1559951693216526,0.4629483265378251,0.1729555480338893,-1.2389137143949775,-0.6961238517992125
33.0,16.0,1084.8321533203125,-1.6682539791361068,-0.6552784078404876,4.737227448192389,-0.4315140367999888,-0.3995781242657852,1.1518885166746315,0.2813170599229178,0.7317323966480052,0.074734442879083,-0.3528976365178362
33.0,16.0,1020.13525390625,-1.6827814387508937,0.3702711371885154,3.8570385595584975,-1.4607680882639371,0.2210220906358584,1.4209220407252063,0.3673007890830506,-1.004090347077646,-0.337637208101472,-2.576626417623856
33.0,16.0,1020.5341186523438,-1.383362663090998,0.9522580865231848,2.512070979116986,0.1924612591385219,-0.3520601185202263,1.2984558661994168,-0.1194551342176382,-0.2135626484148947,-0.4710518872661424,-0.2495822571300712
33.0,16.0,1035.439697265625,-1.9872929032187696,-0.4294313887656305,4.330089847050569,-1.7419113462816282,-0.5799225742297516,0.8853246280494131,0.2744019606252168,-0.294781050392193,-0.4579719909567989,-1.1803033504322475
33.0,16.0,1091.76904296875,0.3051203617343336,0.215280032391389,3.50066653239516,-1.4159557241674992,0.0942864796528208,1.1996375974844122,-0.0576301885482184,0.1394539360817068,0.2866722142763658,-0.5837145852688117
33.0,16.0,1041.3004150390625,-1.892422776009672,0.7727122043242973,4.234149676601092,-0.139762124731571,-0.2103334051042802,1.0702479346374378,1.5220501118401095,-0.0823143341087178,-0.3308293126142656,-1.9426638551931177
33.0,16.0,1074.7176513671875,-0.7425295320054461,0.7522994801560587,2.426807759336514,-1.000456318332553,0.7190284620286658,1.6222806425519654,0.5035685712470261,-0.7607566254459766,0.4665481517166627,-0.7740392371874822
33.0,16.0,1037.5784912109375,-1.996949681044705,0.1345901372642677,1.9837345095162533,0.152346570443191,-0.4197780082964071,0.7438178425010866,-0.399805540075282,-0.2896510437388269,-1.470863678048052,-1.0118726315858677
33.0,16.0,1036.2718505859375,-0.1297765753257795,-0.4632546898254732,2.349040812547722,-0.6364260131982817,-1.0395442434551994,0.6463196725156184,0.5766521242450864,-0.4362689150020449,-0.4491890427915042,-1.2894260336380814
33.0,16.0,1023.9281616210938,-1.513644489055768,0.1042850531244541,1.6346069203454583,-0.6766420029842717,-1.330209703198404,1.1180793092083663,-0.4489417183624375,-0.6431809407209235,0.0691701513390761,-1.6167999116935483
33.0,16.0,1028.55126953125,-0.3449884421144116,-0.1360892705643293,3.63853500902483,-1.188631405587954,-1.0724320467513504,1.1879818168638812,0.5697808283127177,-0.4597230104859529,-0.4277215217748846,-1.6953124788121752
33.0,16.0,1035.5142822265625,-1.656534322838179,1.6006194212237317,2.6927789898164978,-0.5373348194836067,-0.3872167534187047,0.7766725603736111,0.1518168381052564,-0.0710458325907668,-0.5289217159868489,-1.2113451758186191
33.0,16.0,1045.4813232421875,-2.36293085153927,0.0523574139981652,3.2214516899588794,-2.234063119831262,0.5908015467835455,1.7451325185697542,0.1320316429381201,-0.9853304474921804,-0.1965712366304508,-1.1745321388229302
33.0,16.0,1028.274169921875,-1.6320753658931615,0.8039402351884313,3.132535141927592,-0.4100056505020744,-0.6747024429695445,1.5873357091330984,0.2671675375840046,-0.5614425245778873,-1.0408752942527388,-1.0819623725440692
33.0,16.0,1060.431884765625,-0.5514813381971546,0.7051997322946146,1.5509223405970296,-0.8143047837791162,-1.0802869734333869,0.5827134931692743,1.5484614613480563,0.2323153603243346,-1.1072914324326688,-0.9737086777431784
33.0,16.0,1030.16796875,-1.3185473556323069,1.4349102842954782,1.661374300238629,0.0231362227998142,-0.7449522200745342,1.685593868841578,-0.0939008666619667,-0.5230079067901334,-3.030976555665201,-1.195222625426506
33.0,16.0,1047.41748046875,-0.2516056155592396,0.9160701377097632,3.1170295745719194,-0.6830184093698772,-0.3982095078287875,1.5198028819659388,0.3734870188677321,-0.7286074230791799,-0.445721680110319,-1.3405992105986613
33.0,16.0,1050.1322021484375,-1.1083945560395914,-0.0341586965057674,4.335129599679741,-0.6938632858491731,-0.8151617143406327,0.572956375810052,0.8137055817129282,-0.4259124513538417,-0.4818145545304748,-0.2480940917050755
33.0,16.0,1090.7401123046875,-0.2874064899062425,1.2761672251258247,2.2647675067412507,0.2667019594249513,0.7056578605108568,1.6041355360863443,0.218373833854387,-0.0429345510669323,0.0116408618773631,-0.6228856140602836
33.0,16.0,1042.70263671875,-1.7383477782266024,-0.5700963849530405,2.925736901326305,-0.022477118339399,-1.0270486206644485,2.032841515000774,0.4581477820435928,-0.85623662413159,-1.3150640060162289,-1.7357089530623382
33.0,16.0,1048.3323974609375,-1.7003242173555888,0.4100194365514342,2.818798201919562,0.1775847382470701,-0.4467154054140341,1.8351425570795656,0.8502532109058736,0.5330092114016818,0.3234072372931056,0.5996294442547203
33.0,16.0,1025.1610107421875,-2.042700751941293,-0.2784530488102286,3.139787798939718,-0.1732098429622706,-0.3483975415273548,1.3738903970171048,0.1453475383619036,0.0508490674441457,-0.3196233439444285,-0.4271936906390925
33.0,16.0,1065.37109375,0.1990405473762235,0.9079386777152444,2.9457569311911334,-0.4352809139899163,-0.6723294270937812,1.144402280127899,0.6979388551464494,-0.7340979126294114,-1.4187905806718937,-1.1519095003913558
33.0,16.0,1036.8272705078125,-1.330730777322473,-0.0042305522777921,3.403356362398334,-0.4502732660302264,-1.0109921834746438,0.654285672742752,0.1193832612772727,-0.077496466885699,-0.6971222932264478,0.2701778468774058
33.0,16.0,1055.0013427734375,-0.6080069648448259,-0.5236375968923888,2.510766720098553,-1.0889429551300926,-1.0392392260231889,0.6812114473820143,0.557685221689681,-0.5335015256588163,-1.517479129575932,-0.8417475533757326
33.0,16.0,1042.84130859375,-1.00241622534584,-0.2958922059925779,2.146235012275211,-1.3622709448625372,-0.4611858517923588,1.9693370325864308,0.1040425851528539,-0.3903709326011819,-0.2204945261991726,-0.88152807838269
33.0,16.0,1042.42236328125,-0.7918497157016571,0.1193842146380017,2.742850679786483,-1.9493172634994709,0.3510914811143149,0.9940511919776984,-0.0988278003905858,-0.5483142061687758,-0.6488316813664294,-0.6934298323130426
33.0,16.0,1015.6488037109376,-1.5329397831070404,0.2606055956613868,2.7845676678450806,-1.4182132499114417,0.7219307545788993,1.3113867531623562,0.3835509659558225,-0.167926674951266,-0.8295840926830804,-1.3227078825038268
33.0,16.0,1041.9434814453125,-1.0125325871483204,0.5978102577171649,3.233095484656763,1.5617903974438905,-0.6319088881918677,1.5616763828964766,1.034457338889622,0.8054261575865498,-1.536723297182613,-1.3074814575619331
33.0,16.0,1018.6151123046876,-1.1275362976556735,0.7216033839022886,3.037149736228523,0.9618950913124084,-1.2883540694137174,1.3364348819912149,0.3291000992455908,0.1002256476201335,-0.7330697135593143,-1.3265907557733323
33.0,16.0,1048.3299560546875,-1.2000845206691224,0.857182691155919,3.120563842584496,-0.792309032173188,-0.3243308936834115,1.252031076706272,0.4587060738113022,-0.3545611533024848,-0.8607642737140528,-0.7806124550052012
33.0,16.0,1045.05908203125,-0.4627953062035441,-0.3825146294289103,2.0661059624126583,-0.3697135695730811,-0.6445803186495604,1.1214698605526063,0.6974717079635582,0.0535458309823173,-0.5481326344480122,-1.5233157894291196
33.0,16.0,1039.49365234375,-1.7883053731259584,-0.252416333681114,2.1893242933150034,-0.4701321513518373,-0.7713123773066961,1.133119790504037,-0.7964983222665349,-0.808849241567887,-0.8000179079341532,-2.3316770982198207
33.0,16.0,1043.01025390625,-2.274820831757931,0.5404738362572425,3.02510007177072,0.573109707114055,-1.2654432052398534,1.0633078348511802,0.8874847021062067,0.1725775711765163,-0.9167107194459608,-0.5594889520033979
33.0,16.0,1031.798095703125,-0.6998085883117398,0.5126041187843002,3.238743981934471,0.0789436484652563,-0.3472746405385143,1.3802215245387457,0.1581288210352882,-0.0259147566248616,-0.1574215433093693,-0.5437202521577893
33.0,16.0,1066.4271240234375,-0.5969828923352241,0.5802571624622308,3.2280372767459333,-1.6235914704598249,0.0142859283375127,0.4065232753287731,0.0313451525150378,-0.1361707701282641,0.3359072242637388,-0.0906650372926538
33.0,17.0,1013.8726806640624,-1.3371094115862094,1.491440610086526,2.7464817260424983,-1.1688034208845122,0.2760267851007665,0.9592947104155964,0.9365041985060872,-0.255203354300086,-0.1100461123605054,-2.7622745246719447
33.0,17.0,1045.4610595703125,-0.9597766431991824,0.3322798854187194,2.4513047014352605,0.3976343604936012,0.1302177552657859,1.132041915305556,-0.4913472859688923,-0.4624632259924528,-1.2485843133786627,-0.445590640278235
33.0,17.0,1032.837646484375,-0.6849627274701202,0.3178604499342796,2.6528544492849964,-0.182957309103263,-0.811588005224471,1.312850879858063,0.4730622759874752,-0.3639667639867898,-1.2577193469143069,-1.6799772267912614
33.0,17.0,1057.6827392578125,-1.463942292321094,0.6345793238564426,2.933563540863103,-0.1073532635457557,-0.831160791614117,1.685024625385754,0.3049522590259261,-0.2517219202535763,-0.5519807012065661,-0.3945947591698395
33.0,17.0,1066.724609375,-1.459864313462624,0.7326248781736844,4.352219005378824,-0.0407955125544416,0.2388413232463744,1.4308342122672275,0.3285391464314644,0.0640337630009764,-0.7715336785680167,-1.1538915942688628
33.0,17.0,1021.9260864257812,-0.6650938264359665,0.2960154324520232,2.136424236714344,0.7926468576515706,-1.310558040492627,2.204645563575422,0.0196357029627609,-0.8568407731256062,-1.376014008777199,-0.9981518906479884
33.0,17.0,1050.011474609375,-1.8302902365717248,-0.1449412585648728,3.6710176331485727,-0.3964810652019874,-0.1351276010772144,1.7402470435701716,0.7373201788302088,-0.7806614858855383,-0.3145209172373713,-1.002178230293937
33.0,17.0,1046.7303466796875,-0.5683739426688232,0.7953094332621848,3.3227920026342304,1.529059400634651,-0.9995291764384991,1.3323373356929586,2.096533734094783,0.6002325063655167,0.62318595987837,-0.7337180247714317
33.0,17.0,1022.6724243164062,-0.8295315733280209,0.4863004317309443,1.862121191243574,-1.2030617576420637,-0.4815649362929299,1.0899173752071911,0.5136127261270262,-0.9412684494017044,-0.9833383222082216,-2.2670552467421268
33.0,17.0,1044.0269775390625,-1.401195776962048,-0.1110891212789617,3.90030708300619,-0.5641668970912876,0.5044545365088311,1.920737628395349,-0.093404833139405,-0.6509744272248614,-0.7876773101748444,-0.7521093287740861
33.0,17.0,1032.6009521484375,0.1169761287980106,0.726931410449926,1.2029356246128398,-0.3679905225164317,-0.2435382729881645,1.4696952666267027,0.1944972856542826,-1.0849266759811167,-0.5093924451116392,-0.7558695758883802
33.0,17.0,1037.7664794921875,-0.6093886089981915,1.2188480166668123,3.034512729780502,0.7725052000488599,-0.7721389455894396,0.86003132139464,1.0211852781547517,0.5355698948778826,-0.7737667119449441,-0.5786714540027429
33.0,17.0,1017.1073608398438,-2.136984311986745,1.0062333978381588,1.8775301880468067,0.5897021487702592,-0.3714675640300831,1.691115891886657,-1.0108818222125429,-0.0030027854457159,-0.5199105987204478,-1.7751306309941175
33.0,17.0,1044.873291015625,-1.4519863433817015,0.6898166891702742,4.3557982191640985,-0.2065449658916165,0.2845315436687921,1.9039878271685275,0.7792656048508162,0.1213455879316169,0.294540812448175,0.4440889037282751
33.0,17.0,1031.9259033203125,-1.5917924313437326,0.1628295428952899,3.3531715317019763,0.3217006516457683,-0.654636888130403,1.729062478288612,0.2958394867403413,-0.6667416530276622,-1.3909772812570989,-1.0138740055333506
33.0,17.0,1065.15673828125,0.0764605202170676,0.930523477231442,3.3048885998709743,-0.0661204097758743,0.4026213300828303,2.0294268059802265,0.4032866302524489,-0.8904688366267051,0.1601753811477859,-0.2576341154340236
33.0,17.0,1065.9759521484375,-1.093309082493073,1.0921408945366062,2.138254719657205,-0.8513415744231407,1.4163186376461612,1.271186323871378,-1.2373735331860742,-0.7137259558539535,-0.7524775910241406,-0.7736849453681423
33.0,17.0,1040.0267333984375,-1.790669637911212,-0.3218871804207266,3.594504911741808,-1.123126834689934,-0.6612420660153262,0.3870885417217176,0.7833314733124999,-0.0744261083438715,-0.4896632721344076,-0.6741154195756724
33.0,17.0,1051.782958984375,-0.9879633645505416,0.1711305853516531,2.944345510230316,-1.990034085496739,1.0482271000121948,1.5082055711043454,1.1897894529328197,0.132061057477177,0.0328839346049347,-1.8677033213038587
33.0,17.0,1046.339599609375,-1.1941055802193117,0.5866105444893641,3.363731182975867,-0.8638474220542038,0.8101857105589794,0.6519461777563773,-1.2952642247712016,0.503657052209241,-0.193812010686381,-1.624630977679003
33.0,17.0,1013.6010131835938,0.8359750019832068,-0.1815963775961719,2.311908345637404,-1.2534910344081402,1.1355296810963464,1.931821832308085,-0.6246875923901989,-0.8492524212856614,-0.4587214547976685,0.0715312192128356
33.0,17.0,1043.2113037109375,-1.087118353384783,0.1141921319195562,2.7637070282124645,-0.6672661148557033,-1.3345119898297293,0.6733182192985341,0.6694769200035067,-1.2653489464626446,-0.5166390496445263,-2.618589645037391
33.0,17.0,1057.0257568359375,-0.778751879443293,0.8666884532814256,2.577608625797147,-0.0775408283791705,-0.0838687708504926,0.7563767265123511,0.6911004141187318,-0.4414184148068454,0.5978642521897886,0.2213620427462235
33.0,17.0,1022.9071044921876,-1.7552639364166414,0.9812160425720436,2.582479878737664,-0.0885305507868636,-0.2374372129417334,1.5010345759716106,-0.321132019189613,-0.6480198120434499,-0.5701815617905162,-1.862366527503621
33.0,17.0,1036.0792236328125,-1.2279300172085428,0.4760007411574261,3.4534700152894704,0.6870705186592287,-0.4901947049578954,1.6985833074129442,0.3358719744477412,-0.8684699014590205,-1.2286604283491998,-1.014971227155261
33.0,17.0,1025.1982421875,-1.5484510008179937,0.5752192277421848,2.139189476876698,-0.4509526227114433,-0.3323378799789376,1.1526418206071138,-0.5950373048953352,-0.2362160715698387,-0.7474687874078292,-0.9346184280457486
33.0,17.0,1071.6011962890625,-0.2002798965797527,0.9722441175327924,2.679293823809364,-1.6998141816688142,-0.1612037752703896,0.4632083850746422,0.3871820600518152,-0.7837879933297547,-0.5839210252417546,-1.7017106585316617
33.0,17.0,1063.2447509765625,0.2444932697576742,-0.573236316548793,2.999820523470308,0.4163372196796642,-2.253475653440334,1.370147731788843,0.6071377251863392,-0.9639161523897392,-0.2814898875663472,-1.1504929112786688
33.0,17.0,1037.2489013671875,-0.3913739337062623,-0.0379335398205986,3.478760084783177,-0.8939834206147212,-0.8068383045122465,0.6728274003754997,0.7327522251915735,-0.9083512122127786,-0.176978810336398,-1.2357063697051194
33.0,17.0,1074.1968994140625,-1.369565383642843,0.0013260258437881,3.5399330889463414,-1.4746488944945813,-1.9293913244532623,1.9211280605882708,1.1838441235938042,-2.005382255438342,-1.18314077743984,-0.8453094333078885
33.0,17.0,1062.3671875,-0.6778602403534109,0.4210185322224378,1.8644316933842475,-1.6054529363865653,0.4311494209108355,0.870393205297062,-0.8312675016930644,-0.47371169122518,-0.7493804097645986,-0.9233887008840672
33.0,17.0,1037.7738037109375,-1.2518144282338928,0.4555998516751911,3.4393325237076304,-0.2026860345481873,-1.735130213353794,1.040239555642641,1.0864989859530123,0.1428809290471147,-1.3356015731627706,-1.1301033642818936
33.0,17.0,1038.2802734375,-1.4171624956936864,0.7189586386100206,3.6868398125782686,0.376126383585408,-0.6765088514727005,1.9313732545838231,-0.6922440314893601,-1.1427553315824666,-1.3483162157532531,-1.7813846478476163
33.0,17.0,1031.55517578125,-0.3594709566079377,-0.025005212234122,2.4503165626126977,-1.5719035177583578,-0.0463245771715898,1.4276488110778305,-0.0855866830513649,-1.1807651770211192,-1.0785894665418616,-1.305135007071388
33.0,17.0,1081.4410400390625,0.7959366654695312,0.5421943740566331,1.820783708442173,-0.0269304549321578,-0.6126754104117111,1.311919267491156,1.164028422768259,1.057664875688323,-0.0903619138487314,-0.1337721723914189
33.0,17.0,1034.6473388671875,-1.436283546870297,-0.2253344047368735,2.248580164467117,0.1772148223223855,-0.7361654789224321,1.892141221318272,0.3501190047411429,-0.6677064577994036,-1.3029607213610124,-1.653402814112352
33.0,17.0,1036.8724365234375,-1.3688234218839748,-0.15953300372085,3.1341909891396984,-0.4158505580200504,-0.8886572810233275,1.3095560563902042,0.117659283782924,-0.4927925524288694,-0.9106441233392656,-1.6543689873392011
33.0,17.0,1047.740966796875,-2.4289441663257048,0.3227391132901562,2.314597884103671,-1.7125051785581542,0.0045663550258554,1.373284659451075,-0.2060208717897618,-0.7423851376902659,-0.7356176912287964,-1.2266283752293483
33.0,17.0,1039.6851806640625,-1.428264915091387,0.1116683172404506,3.0220022704726226,-1.4213538218665924,0.1621032355734808,1.6565746629569045,-0.2894002894615086,-1.0391506122911425,0.1022838399875238,-0.9473044215473064
33.0,17.0,1027.6688232421875,-0.3077153885247758,0.4220505030331187,2.3686288890119,-0.6006061201411299,0.6851147814192124,1.5480077872589302,-0.4575623055351281,-0.3591932033755407,-1.1423063036614982,-0.8933168162755987
33.0,17.0,1051.4573974609375,-0.2847584536758933,0.6212640698244707,2.2373717483892106,-0.9720436197372536,-0.6174232583342549,1.4198793576563895,-0.0674126191447666,-0.4794629853785217,-0.7121458276265367,-2.372380399946291
33.0,17.0,1053.514892578125,0.7669280497884596,0.4141704459638511,1.948723069419432,-1.0007578534836057,-0.3108044934233058,0.631908238313649,-0.5353277099185236,-0.1815088045452908,0.3656995934962843,-2.011850006084363
33.0,17.0,1014.7381591796876,-1.6230448645602422,0.643411494734357,2.2942172233394587,0.3861806962181759,-0.7037650657258316,2.0814665962826515,0.7887758832504961,-0.4837579760327841,-1.1774756132847957,-0.774037397952176
33.0,17.0,1031.72119140625,-1.1070903098424385,1.0454024773377029,2.6695196056820683,-0.7283553583711466,0.1197652153744153,0.9478770771262246,-0.1699101706868102,-0.6897649618591704,-0.1618622941196754,-2.307236060309141
33.0,17.0,1049.26611328125,-0.5733309926757002,0.2976476098139233,3.620470910994399,0.1251308505705717,-0.4466505509778447,1.1939116600790758,0.1487037943144473,-0.2914989991244336,-0.5298147311421904,-1.3008373385181669
33.0,17.0,1017.7344360351562,-0.6808410092355945,-0.4349940921644526,2.779468299928446,-1.2237252240240857,0.030659384602969,1.7787034708151204,0.8370486994196202,-0.3676464985351728,-0.7391591793693761,-0.8592506033853518
33.0,17.0,1042.9962158203125,0.9361760116521588,1.0155002517939042,1.3467123176790636,-0.2766697850399939,-0.4189168991494307,1.1690747461192954,0.1802586745840484,-0.6760402938715355,-0.89830059393109,-1.887266461843932
33.0,17.0,1092.18798828125,-2.589136899763369,0.7898131754813686,1.5093240555625922,0.3483105431649234,-2.4761710119756533,0.7500581943837332,0.8124502339668416,0.4141172802601387,-1.3573501662062992,-1.810563210852016
33.0,17.0,1022.4785766601562,-1.143507102495808,0.2369337449526023,2.4020038805402706,-1.4637867918872431,-0.0415253361345762,1.4434124786325686,0.4052162471201024,-0.71069069507005,-0.6998883845690695,-1.5067157256206598
33.0,17.0,1048.6961669921875,-1.253192456729446,-0.4036231541739301,2.535611507762048,-1.7860440831847495,-0.4165667812350957,1.2442175281057055,1.0281415734973285,-0.1215214804649313,-1.9514779140904843,-0.7968183698652727
33.0,18.0,1073.6175537109375,-0.2637181931686356,0.4897796524435494,2.550258694783503,-1.338295745216484,-0.3887753515456706,1.98349929418664,-0.3301433650495946,-1.413824630893128,-1.2083785930800066,-1.6552537132997278
33.0,18.0,1039.5892333984375,-1.5364903803223138,0.199173528270343,3.177770237215057,-1.2780852935447349,0.1726054152622671,1.4812594015928229,-1.097927731141473,-1.21669658391022,-0.3221766943599142,-2.9704193885913472
33.0,18.0,1075.948974609375,0.2024223514057208,1.3245207567848585,2.216282940681145,-0.4129074717981487,-0.0520459172445244,1.987431261117456,-0.1795371305179411,-0.6970419683704829,-0.6140813641741847,-0.5232327058470174
33.0,18.0,1050.389404296875,-2.486596223965117,0.3534746656159306,3.070129071419513,-1.1940414840729363,-0.9478521171729276,1.4873844493558108,0.4549914582325742,-0.9854035951404718,-1.7496653697564666,-1.841412172502185
33.0,18.0,1045.7498779296875,-1.486163116497179,0.3010877509949381,1.979708117900025,-1.1905841299104396,-0.1849925841414927,1.5325905905103383,0.4235339064945496,-1.1591760957635675,0.3808824886974165,-1.4305816638320898
33.0,18.0,1033.5340576171875,-1.2185118427746078,1.0905090898220706,2.067678095090402,-0.120258925420746,0.2853344702007128,1.865047259415685,-0.4502196055115446,-0.6715639085196772,0.2511604706603716,-1.361235824230799
33.0,18.0,1020.9921875,-0.7172277663988673,0.265361720090902,3.3657891289187454,-1.246634256131609,-0.6443712160927593,1.220801418267884,1.2050472504473673,-1.160853588191225,-0.6191835251658926,-1.966485524819897
33.0,18.0,1033.2083740234375,-0.7655486143195924,-0.1763847387582684,1.827990893525846,-0.5363743648498671,-1.2868013563576208,2.25820858444454,-0.2530363792262866,-1.6360595854151043,-2.588553914650026,-2.470798265434518
33.0,18.0,1026.903564453125,-1.8643767796539268,0.8862348940029623,2.199206757884906,-0.206291047738218,-0.756584009431144,1.960924106987172,0.2522883472802633,-0.985760190520379,-0.785378659087586,-2.5221801718862453
33.0,18.0,1033.8681640625,-1.0917617627183112,0.1936046871700512,2.367637113740628,-0.0681334329531004,0.2447886514470774,1.3050613388897947,-0.7686195284512607,-0.7738897810711141,-1.2730860802862225,-1.0593326566332315
33.0,18.0,1068.776123046875,-0.4673376433222431,0.4519940206846859,2.105239943785487,0.6897681442679913,0.0809295294291656,1.6266669196109331,-0.0726197126357544,-0.4698999395650025,-0.124805872948011,-1.4935515962234436
33.0,18.0,1019.18896484375,-0.3364282314319702,0.1634677702219562,2.521013629882754,-0.8382665281834427,-0.3956523515614494,1.84828469397464,0.910706870473172,-0.5692188457265495,-0.8321713110183184,-2.2258891594232235
33.0,18.0,1063.4033203125,0.2719175344881464,0.7308096149939356,2.0299263256088285,0.9368299900512244,-0.5073628919909003,1.6178723343359271,-0.0772900632012341,-0.212642169696374,-0.0597642086614511,-0.6997447076824566
33.0,18.0,1044.6676025390625,-0.9231109814889162,0.798401395465488,2.3422351268536463,-0.9049858760629004,-0.5060377671188299,2.0695707504503167,0.2096006145233797,-1.1263889219342342,-1.0190943112552189,-2.5519668999428093
33.0,18.0,1033.81201171875,-1.077362894094649,-0.2062313650019342,3.168239384581778,-0.5978799819000287,0.3292560844033012,1.6353825753400333,0.3753419940025235,-0.0481238966879935,-0.1715846887644492,0.5010565373108076
33.0,18.0,1031.105712890625,0.7547488252565575,0.4004235375006226,1.5238691362392045,-0.2256969706496416,0.6158266829290993,2.7908587763566137,-0.314938151977266,-1.5805309810141082,-0.4187244080850369,-1.7321960974724506
33.0,18.0,1041.9517822265625,-0.2086240094985969,1.5722998544911846,2.718876548690484,-1.497335084356766,0.654173712114126,0.9327503355663485,-0.1124285337759287,-0.9727289873012266,-0.7561268666479908,-2.425115130631279
33.0,18.0,1107.72509765625,-2.0175386249012286,-0.1569175658911143,2.564945847437743,-0.6019652539955729,-1.223296154968072,1.611058045510875,0.9857917652113316,-1.174734723630631,-0.2839272193168476,-3.141731972854717
33.0,18.0,1030.5972900390625,-1.5795755038291517,0.427244043165067,2.1684116350778124,-0.6285733974918681,0.1508388659284811,2.417946794990556,0.0489826115308078,-0.6319945967460514,-0.3499717159818187,-0.3180823937001573
33.0,18.0,1054.88232421875,-1.1729479852910538,1.619305896734959,2.3572658082542164,0.5277988015012536,0.9171996864321912,1.514085364026462,-0.5979873090611063,-0.2272606174375742,-0.4728360327992371,-1.3690145786939727
33.0,18.0,1034.93896484375,-1.0543632962620926,0.1565993851173495,2.4591189562837936,-0.1694643408991023,-0.2309974800075611,1.5376650743595208,0.5758385992589918,-0.5387762062098513,-1.0192879865346844,-3.352854332337276
33.0,18.0,1053.6578369140625,-1.012093385740584,0.644922984025059,1.993470548105969,-0.3128829336748451,-1.6908241301083282,1.732144410675735,0.8006412038168422,-0.8252678564967058,-0.1035594232593144,-1.7957387722339455
33.0,18.0,1019.323974609375,-0.5763462958004375,-0.2942666308763941,1.44680096932351,-1.2736190425086895,0.2398387848315426,2.1384802699375385,-0.7728407140013127,-1.2837828896561114,-0.2398181101087422,-1.6644310994221017
33.0,18.0,1053.291259765625,0.2489867031370138,0.7049251808448309,2.616824586427746,-0.0398650418884658,-0.0262909712425605,1.0703891258627485,0.9474855651871206,0.9955180845137468,-1.0133344074295527,-0.1120150926154917
33.0,18.0,1030.4151611328125,-0.2744980533924721,0.8606716561516361,3.305452833992792,0.3810875901924309,0.4245477363794041,1.2330207895407588,0.0913862663717548,0.2367026624564472,-0.046135358868212,0.1456560009910079
33.0,18.0,1096.4046630859375,-0.8119925090550177,1.3000327059621517,1.0887918307836442,-0.7588055816665289,-1.223094435751238,1.4720718351415094,1.096690694964595,-0.400603952188165,-1.3032665769772795,-2.608919069115433
33.0,18.0,1022.3018188476562,-0.6764249002475093,0.6501224832819288,1.6628640227198035,-0.2490031462308737,0.1605508897932326,1.940419369583984,-0.1704308660173543,-0.7549291679048657,-0.6158902738215657,-0.8165360650644669
33.0,18.0,1014.996826171875,-1.058492756214982,0.4289962988857496,1.914570537694656,0.2400286379177973,-0.0884238628567928,1.6697068855649322,-0.4550292266194482,-0.303225510080602,-1.234733997315065,-0.0921564734021007
33.0,18.0,1097.906494140625,-1.318904667117979,0.3772058908295461,2.835634532709146,1.1372595375604906,-0.5584979319576222,1.5306939924217664,0.5277734166335843,-0.1521672442248576,-0.9077539358168334,0.1462365091345452
33.0,18.0,1033.9547119140625,-2.253506057556165,1.4554100736109463,1.819476862913309,-0.4662569531396325,-0.5679741443071915,1.7630107755551734,0.9571045472922536,-0.2591723357047053,-0.8059690924960625,-2.46980120950428
33.0,18.0,1043.4168701171875,-0.1953361420071715,0.4003195994023789,3.452657621276865,-0.0160178896968279,-0.8134586075817953,2.4850348291692086,0.9379851176849634,-0.8637901625115685,-1.194135638399136,-1.3208470196772963
33.0,18.0,1037.5289306640625,-0.3071676604415172,0.5923610124167267,1.8083182667969364,-1.174015049772069,-0.8633321664343576,0.7600437255480017,0.561409626911078,-0.5382282322377963,-0.5472451211171476,-1.917519911795481
33.0,18.0,1057.630126953125,-0.9439373479949048,-0.0179469899045026,1.547610819037052,-0.319381410442678,-0.8890954515899798,1.541182324311027,0.6869917705556379,-1.068557709694585,-0.9510801151091934,-2.0188581181650167
33.0,18.0,1029.90771484375,0.0370815905882517,0.985970351809689,0.4485452394175908,-0.4720902379920542,-0.2786972717242904,1.4263679252643051,0.3611823300426842,-0.4840358045159494,-1.2284491634884969,-2.852663704540199
33.0,18.0,1031.2855224609375,-0.6106011345514384,0.0235671692292687,2.3961694775387947,-0.2715380556710638,-1.0388254595909552,2.2622437173098984,-0.0663794178161287,-1.0660823360490324,-0.4996022564062947,0.5315710861754495
33.0,18.0,1033.6639404296875,0.2935704361744173,0.1554479885946396,1.8865847073765087,-0.6497919663164646,-0.2884122610323993,1.315893261226626,-0.1363996376448009,-0.698369805398749,0.22417894443155,-0.7821527085898632
33.0,18.0,1086.95849609375,-0.0969494731322031,0.6837035944579117,3.3072391133808345,-0.3966546623237645,0.3504639543035637,1.5633730988138996,0.1350565797113336,0.0626942984203706,0.4508670125313703,-0.728868510956894
33.0,18.0,1024.039794921875,-0.2776865896786198,0.8292212981013254,2.556319376702106,-1.5479963125046885,1.422724209460088,1.7457443714015577,-0.8159225911932175,-0.7691991910806637,-0.5533970464106908,-2.3820017840522434
33.0,18.0,1029.6561279296875,0.5877298263532635,0.6976578072722992,2.294416657144181,-1.2796795336157918,0.856038941923547,1.455465167814577,0.3260872862099626,-0.72648456015669,-0.0462891761846879,-2.4549533007860025
33.0,18.0,1025.6932373046875,-1.0046925123310977,0.4460566403074519,1.645690987962098,0.188377047721068,0.0829592710835127,2.447855606052612,0.9173813101592057,-0.4460770733110237,-0.4956994851957388,-1.5262463030043976
33.0,18.0,1050.2376708984375,-1.390143674306576,0.5943147062779399,3.1399433744025664,-0.8427021762557327,-0.8558099661132221,1.7215900619379614,-0.2466012128755386,-1.2157512918729043,-0.8857027672488007,-1.6503225161838433
33.0,18.0,1033.14892578125,-0.7824790513961073,0.9525231306268278,2.609650663845998,0.1836859840227944,-0.5503831601384874,1.938438863421124,0.7875876440484619,-1.3220325336778629,-0.6846650320680272,-1.8627686551143672
33.0,18.0,1044.6087646484375,-0.8561726207049478,1.1801534084194287,2.170573325930781,1.3991495386847834,-0.411757748854046,1.297614813741454,0.6521279592417271,0.8886921532988428,-0.9104418562988624,-0.8447157514708685
33.0,18.0,1022.5680541992188,-1.6205657072312278,0.6169866983781658,2.7597032611508885,-0.0580366715234763,-0.3722125249094254,1.467514775401268,0.3860388783941353,-0.2357914643664269,-0.9898590580408352,-1.1604274195407038
33.0,18.0,1033.28515625,0.0450070713494143,-0.3706198815979133,2.018361956648018,-0.6391076321580522,-0.1237031760912614,1.2899132770327562,-0.9159477145997724,-0.4539212397586958,-1.1842270605142606,-1.2420160261771018
33.0,18.0,1058.4759521484375,0.160839013832108,0.7289753441459101,1.4791900731785868,0.7779307100783095,-0.5502440802077713,1.7712248537759745,-0.5749081935325098,-0.1986485637816768,-0.4867954518195665,-0.9232829123118726
33.0,18.0,1054.8065185546875,-0.5950963461362813,0.5521055032344631,1.709784726664343,-0.0334732088559945,-0.6755835329718325,1.5044502781925022,-0.1155016006830367,-0.911782749789766,-0.9197262832203136,-1.3900941750000415
33.0,18.0,1073.67041015625,2.1217904179438296,0.8312226267354683,2.2765284554122056,-0.9097908068743292,0.1064246902890637,0.7550842680439951,0.0735264253229832,-0.4566303724876928,1.2782691696089712,-0.8955234598079018
33.0,18.0,1048.001708984375,-1.181956191696094,-0.2211093917310425,3.4638796606757243,-1.3439001161903177,-0.2046852595948509,0.680941818304774,0.419499845736917,-0.4402765582914743,0.1225515523692095,-1.2060760237686137
33.0,18.0,1013.5256958007812,-1.168865371204931,0.8046009664554132,2.2169015577421005,0.3589752281725458,-0.6224361511315912,2.345235664319868,0.8751315233419774,-0.9310946476349038,-1.1302784149809169,-1.356086963514608
33.0,19.0,1036.3094482421875,-0.42357577317311,-0.6596721229068763,3.8853823739695343,-1.1397944985806778,0.2773966689189642,1.6331258135682027,0.2087385980276632,-1.091168122501729,-1.355568354130667,-1.223122781607258
33.0,19.0,1018.2652587890624,-1.168817458989709,-0.0178357624660732,1.8525360156141524,0.3955825867017353,-1.245371525867451,2.294615781707177,0.1707234312103036,-1.3107418693579929,-1.2705173397893057,-0.7469117967446239
33.0,19.0,1026.2801513671875,-0.6683955308290548,-0.2244014850476148,3.1478082930854807,-0.7885581040108471,0.0076973500115817,2.097354303900044,-0.3308047622022361,-0.76445714912093,-0.49283535518299,-0.4063853317216326
33.0,19.0,1033.0126953125,0.8038990228604828,-0.4298251014338845,2.086851979943197,-1.4538176257788442,0.1903852894192628,2.3036447869852186,0.6604515122630659,-1.3282323434246992,-1.3972455242754425,-2.610250296476817
33.0,19.0,1039.4991455078125,-0.938134838412485,0.5249866665415812,2.331137498344363,-1.2465180405963665,0.2760341098197036,1.808600546823066,-0.2453895574417011,-0.1754240690587476,-0.5104234476363265,-1.6391568839457742
33.0,19.0,1034.833984375,-0.334076289019368,0.9856908301234704,2.86660809171278,-1.3660198403249302,0.8717832141420896,0.8842757925785074,-0.0757159032154755,-0.5569330337006537,-0.7038187396126174,-1.3110026467523497
33.0,19.0,1020.3790893554688,-0.5233090648266732,-0.2489229790723728,2.370831869984272,-1.316722875745998,0.1883709314701196,1.736901619332026,-1.1356326891570785,-1.1193295546307749,-1.419067707360897,-2.167905606814614
33.0,19.0,1067.7216796875,-0.2234933358760118,-0.0357117371429431,2.113806756878823,-0.735078090383392,-0.4955893469528281,2.7916451423735715,-0.0024517351873507,-1.0061458013577074,-0.446506161272663,-1.1862401420640718
33.0,19.0,1033.2769775390625,-1.2516428203331529,1.5157519927227083,2.718359271897226,0.5998280906194875,-0.2620156395583226,1.895563123988788,0.8556130870960761,-0.1641010120693238,-0.445378537974209,-2.550938884880989
33.0,19.0,1042.87744140625,-0.2089203159853898,-0.188593419954997,2.9001123714487296,-0.5499385837863215,0.795148988736063,1.5881631871906308,0.2696838491067863,-0.2563109329740234,-0.7899961356314176,-1.294593824526519
33.0,19.0,1106.570556640625,-0.3681310632275067,0.8552994980730855,2.425093684445928,-1.0666700751741065,0.2742228113726872,1.560256568808649,0.033109341679034,0.0785680410499889,0.6137419695083839,-0.9138928492633543
33.0,19.0,1022.353515625,-0.2873840373811749,0.4865789728299985,2.508063796203314,-1.2538490031523706,0.1616256133450209,1.4558852868445695,0.7444263137342286,-0.9219766944484292,-0.947320843182303,-1.5810686088489447
33.0,19.0,1060.8995361328125,-0.6516270175571357,0.5940064122237052,1.135249450053008,-0.5123193068016905,-0.2786032326103242,1.8279569000332567,0.104681223932193,-0.6174803198305066,-0.9483872126969696,-1.188007166841416
33.0,19.0,1036.4569091796875,-0.6563628189544497,0.3681362245075359,1.356379463476305,0.2649131337222723,-0.7666924185644115,1.7073699877037605,-0.3830686529188902,-0.9930055925404542,-1.5802358212367706,-2.226130831584072
33.0,19.0,1043.4814453125,0.0190796983870358,-0.3875450130800937,2.2799803228648106,-1.5949574267459017,0.7702292816605949,1.5363602759879915,-0.3001888228902807,-0.8840046602308043,-1.22701561771426,-0.3077808582676837
33.0,19.0,1036.6612548828125,-1.3512854130331182,0.7348649468090862,2.026754689938455,-0.1229996564348496,0.1605184734493399,2.1630771243613856,0.0666027306985705,-0.9149789045211588,-0.9551488617971042,-2.4065650515754564
33.0,19.0,1092.759521484375,-0.8816827079704872,1.39397496409054,1.511238925212249,-0.5983896679873464,0.6314553888295649,1.747960623612169,0.5035918997598241,-0.5201902189890184,-0.2282746031181375,-1.1111628740857111
33.0,19.0,1031.86962890625,0.1097188679164284,0.4369959015741509,0.9648277844835462,-0.4900625307435069,0.7967847211203116,1.6846040872160728,-0.8144545976427189,-0.3606086795121657,-0.986432191619361,-1.0543321405188295
33.0,19.0,1082.4808349609375,-0.2810199839426399,0.491963349783024,1.7019714599553364,-0.5958589480011209,-0.8170111145364274,1.922372289252064,-0.014758577512473,-1.267576161354901,-1.39951055127788,-1.6677090366261598
33.0,19.0,1037.6502685546875,0.2158002614209531,0.8750496514079886,1.845535402167668,0.006885721927885,0.8729870140561689,2.3851540686256048,0.1321215110310341,-0.5513070839993981,-1.225032686882948,-2.311708956042948
33.0,19.0,1050.2747802734375,0.0998364544884564,1.143902707069234,2.049379932802501,-1.6975889125717796,0.2374561089623181,1.195750509719879,1.0305020626455397,-0.4454146418083233,-0.1100299520973431,-3.687286519210912
33.0,19.0,1058.2100830078125,-0.6494625834395098,0.7434620758465895,2.858283445584439,0.6314680337596146,0.1411875475151465,1.5170074557976507,0.752043483123729,0.6798830778094711,-0.4375147961315937,-1.6112047282561806
33.0,19.0,1024.156494140625,-0.8869581581582588,0.9760164104669328,2.4101281469233165,0.716422203692253,-0.9588458917987266,2.8973453047379127,0.8267754277740558,-1.0383759171646068,-1.5780376223588433,-2.811018487851688
33.0,19.0,1037.8507080078125,-1.415559600558523,0.9278687862267764,3.55491277972137,0.164580905729613,0.5312121870801807,2.3310039813752628,1.3677495580815684,-0.3431543369927174,-0.2117586819972947,-0.0933495561960757
33.0,19.0,1027.87890625,-1.655694953761957,0.6503966165727579,1.3962379329170282,0.3757493635835942,-1.470236257599189,2.6813268225285904,-0.1520628888353385,-1.014637593157281,-2.051550703768074,-1.9048549978141605
33.0,19.0,1026.3104248046875,0.0390722114374746,-0.3229949358848669,2.7533982041313614,-1.149130736517109,1.1675445482020654,1.6418874852342755,-0.8736123717160673,-0.2922521425808426,-0.8199514417080893,-1.1123856221752644
33.0,19.0,1037.892822265625,-1.3246696761871712,0.3334708524616285,1.5486373440145949,-0.0097241361976738,-0.2368015719254081,2.0709619036637017,-0.515885870874996,-1.451539352738061,-0.7595693604017244,-2.428191256710972
33.0,19.0,1048.4365234375,-1.2900257765309502,0.3066203444418942,2.6246370322728296,-0.0204233172050001,-1.4329165694949704,2.2707448390909004,1.1863468961807424,-0.2391507447587901,-1.2385558893833482,-0.9013666110358836
33.0,19.0,1049.5859375,0.2943241294662542,-0.0774978642476718,1.7125543325629131,0.0787713966626491,0.2085801475719142,1.5039991690734291,-0.446058749144437,-0.0059700763145595,0.3926019012312594,-0.4475891619709404
33.0,19.0,1019.6868286132812,0.4954459670365105,0.7359795146863304,1.8614551617666384,-0.0481062748757823,0.4392302718060756,2.1056516172883724,0.1614958178225665,-1.3704779305916146,-0.6726382454260547,-1.2478855723942308
33.0,19.0,1033.3255615234375,0.4944864290659723,0.4810351343536929,1.5551025710822657,0.055142534180689,-0.4499257900110738,2.0339905458201084,0.0514996372332365,-0.5761612039124984,-0.1857708143115841,-0.5932781225122579
33.0,19.0,1025.4161376953125,0.5362879613022464,0.9701796778736672,2.1833754684243125,-0.0255770884652806,0.6601204312528486,2.044930880688959,-0.5392735826922257,-0.0527596804645043,-1.8181099930997835,-1.8881780870667983
33.0,19.0,1046.0997314453125,-1.2403978903915651,0.5110471475232048,2.9110889659513,-1.3979672989140282,0.6871395004478318,1.6338083866050075,-0.5496243801292886,-1.519832196694085,-1.2352906115310462,-1.991033735182892
33.0,19.0,1036.17626953125,0.5479019386389883,1.034189570995104,1.107610088896296,-0.7610751552348125,0.3543285343277693,1.7483661983877283,0.6958718575433496,-0.2650908535060434,-0.0984888635724035,-1.922283361793331
33.0,19.0,1041.9510498046875,-0.2431689433525026,0.6389493019704222,2.267972325457662,-0.3186787667933703,-0.9748099330854024,1.7161044226844595,1.4731823689431025,-0.9112012165420004,-0.1443573541724632,-1.720354377612998
33.0,19.0,1064.97216796875,-0.7384975415400037,0.4013210344043516,1.0941328895890514,0.4092699829386248,-1.2730889300833068,1.9238932652211265,0.3071608143985092,-1.3551416674831618,-1.3657111112034297,-2.289402339651972
33.0,19.0,1025.471435546875,-0.9335949517035412,0.542030808889848,2.115714382793445,-0.5787740191503046,-0.919162390822926,1.7301556639950144,0.1842613427317605,-0.2109172447739702,-1.2915667971467366,-2.520285854609959
33.0,19.0,1027.5726318359375,0.7314426373380121,-0.0790004939797412,1.51394941310342,-1.0510821582546075,0.4806604997618198,1.3116298093137493,-0.075878151986056,-0.0663452563676294,-0.08218105697925,-2.171232223825401
33.0,19.0,1043.4189453125,-0.8039679363828158,0.1455871063822922,1.818100070062916,-0.7145262493681752,0.8200447792032062,1.7595164686850513,0.0258674896249626,-0.0833173939289952,-0.0589092837728175,-1.132611482421178
33.0,19.0,1044.2054443359375,-0.362771434379523,0.3956004086349605,2.877274177234068,-0.7235597998381156,-0.1083501812049965,0.9404176177724644,1.437685009427934,0.0722902682103825,-0.3587331084673,-0.7436073094876994
33.0,19.0,1052.7811279296875,-1.734031666964536,1.329843712540837,2.8929202630998985,-0.6562770230562993,0.0368154242448763,2.110093891181868,0.1806478077132824,-0.6755088143554397,-0.7376803638440181,-1.3825729249358665
33.0,19.0,1059.079833984375,0.9510102698751536,-0.0920709925561507,1.4173629607429543,-0.194985475297762,0.4650661178590223,2.1258062130020416,0.3934115136299576,-0.8722322216514593,-0.5463049877996191,-1.751495789628887
33.0,19.0,1037.5308837890625,-0.4229420064633569,0.7832923287459757,2.31578590772708,-0.3712789829588505,-0.0499656867879618,1.955760337674361,0.9235644322086004,-1.0049963356660667,0.2110485057437126,-1.978879451582627
33.0,19.0,1071.6192626953125,-0.8662501073778204,0.7532346945341537,3.6230453777769007,-0.4400472496580558,0.3234387008875741,2.275287355618298,0.602535530538514,-0.3392708664561343,-1.145261994129867,-1.747049224069296
33.0,19.0,1015.82568359375,-0.065285599247062,0.3660583872126803,3.235199673510873,-0.6754780605166957,-0.3333923164052219,1.411177698293744,0.8899861625099517,-0.5260108164538808,-0.539146687618894,-2.1279732473027515
33.0,19.0,1037.052734375,0.0868189760642419,-0.0361589199406635,2.7292028424766155,-0.4200243546220665,0.0124267808562112,1.500610208365881,-0.0530022510845178,-0.4163122443188012,-0.0032960611968926,-2.2086465181601342
33.0,19.0,1019.8824462890624,0.54858964093739,0.109282281128646,1.6714799309640167,0.1087531511566988,0.2102063479438563,2.787828916189885,-0.3898995175037374,-1.242505474133369,-1.165425501545383,-1.6728355158766468
33.0,19.0,1066.2550048828125,-1.5900218955182197,-0.2233542147912626,2.81862797814306,-0.5318683119301406,-0.2239477558280684,2.1722076835820747,0.4593420058041895,-1.554664054034835,-1.212894850701315,-1.4614350331640322
33.0,19.0,1032.942138671875,0.7363421617155339,-0.4874431020679912,2.7437818515873538,-1.2916616840297337,0.7943842606790046,1.986059411124284,-0.2258995880652348,-0.5821470008548877,-0.5990580766108575,-1.9478270336379344
33.0,19.0,1043.14501953125,0.3334584039023056,0.1759662010037965,2.632444846961272,0.4623057957567731,0.6655807773367801,2.609660945536202,0.0529021058490961,-0.6427285642547789,-0.5134721737781618,-1.2079327261085155
33.0,20.0,1045.6837158203125,0.1890467212938826,-0.4979041794200469,3.6699368571599074,-0.722500944013353,0.8735474048670095,1.652786524215978,-1.0001541515864547,-0.4527756893624737,-1.4957544540124497,-0.2601706304199691
33.0,20.0,1070.9713134765625,-0.4190575367334945,0.659290586811446,3.0513117581213294,-1.3899041135485617,-0.8473540870521434,1.582194134332914,0.8938786246921415,-0.6815342872355039,-0.6262361194099473,-3.4542250046675536
33.0,20.0,1021.9388427734376,-1.0300939624957373,-0.0049883832585226,3.045973414519496,-0.6840819151082203,0.182633933647704,1.5999790326219507,-1.0670574741136218,-0.5032430035023383,-0.5348083103825321,-1.139541466896679
33.0,20.0,1063.8848876953125,0.2598311431455515,-0.233775641133545,3.301853343543984,0.6387711457456042,-0.2695847269673388,2.50356492641437,-0.9266021483388762,-0.5199736566560924,-1.5653867175912763,-0.5925467512631277
33.0,20.0,1031.830322265625,1.0621395721831923,0.1273317305564507,2.068193189864889,0.8763166815820966,-0.1796213288190449,3.1499564294229003,-0.0001068967107764,-0.4706368723718377,-1.63402989883058,-1.7771171670935884
33.0,20.0,1034.3997802734375,-0.9158887841669604,-0.1843257858177356,3.176990778908948,-0.3060943024533076,0.3864818461439521,1.8064519286389336,-0.3472876454371922,-0.7577087602725348,-0.8125057330445422,-1.2553725148731627
33.0,20.0,1025.109375,0.107049733453719,-0.1886503270936392,2.612005750377156,-0.9754790228612552,0.2775753832919436,2.034643573194238,0.0546286318422817,-0.5601545254513853,0.2294386760669002,-1.6704892484281286
33.0,20.0,1047.9122314453125,-0.6246972018564598,0.6551384949597079,1.7139687663438252,-1.2675389061746634,-0.2476160040737376,1.1821272954980202,-0.1152497339114138,-0.5332733825363425,-1.5828966351786122,-2.118160268766913
33.0,20.0,1146.2882080078125,-0.2420652989941025,1.1769516821184016,2.536954765038497,-1.1530118564648029,-1.133337849484271,1.814367742251064,0.783374925518677,-1.7265739993066846,-1.694328590831983,-3.210626757783353
33.0,20.0,1047.9075927734375,-0.3314772294087404,0.7639347742602283,2.6508944758326614,0.1178325289466197,1.113738040719154,2.086637240901842,-0.2726161679451051,0.7436676931819513,-0.6147630671887896,-0.3858915564080387
33.0,20.0,1053.177734375,-0.6802620405842603,0.3116029753126312,1.4776152232097148,0.0029295859149627,-0.5302824784291724,2.238150764924173,0.057612387056408,-1.4378675929564864,-0.7204420110412588,-1.9508692115795536
33.0,20.0,1032.776611328125,0.5589731081641443,-0.2189137620491541,3.0228570119775533,-0.3134070608068615,0.79378025125928,1.0687402162033557,0.348757809143704,0.0324713963862119,-0.6372222971051276,-1.0178261094201888
33.0,20.0,1039.1766357421875,-0.6805671417181394,0.1408743041152949,2.215017405213234,0.0603379533406265,-1.551543045926783,1.86094925531522,1.3465480152111322,-0.6341359037587075,-2.045488060118213,-2.209902719534653
33.0,20.0,1052.989990234375,-0.5308483955849903,-0.0847208000546082,2.552404071602017,-0.2297456098995205,-0.0250846138577571,2.2200254434293054,-0.9255641447700108,-0.125692336754609,-1.367599373201425,-0.7476301077697283
33.0,20.0,1055.1124267578125,-0.7983270182860362,0.9987355721543328,3.027187625738048,0.2034555239288131,-0.6798992101890322,1.7930177718849798,0.2834296423594731,-0.5047942881384131,-1.863920067781355,-1.114124869136908
33.0,20.0,1069.2252197265625,-0.87922270960288,0.8087613596499104,2.072540543835423,-0.6535062379378607,-0.1549835750731363,1.8239775439557129,1.1879478522020612,-1.5564021973235436,-0.5463405185789751,-2.7043544086240394
33.0,20.0,1045.7620849609375,-2.073766086979708,-0.6522069720050752,3.1856285501739894,-1.037612713882352,-0.2640431204300082,2.403563515677819,0.2608754201745435,-1.4953026027992906,-0.4892685247892911,-2.575761408671996
33.0,20.0,1033.05615234375,0.0996758725864355,0.8511407389878931,2.9531620743977607,-0.3948148261201636,-1.2773055748424178,1.0440020030634347,1.7836616758076025,-0.6420950022125425,-0.7840429366590937,-1.6621178175467937
33.0,20.0,1053.7008056640625,-0.8884211453711268,0.2591336976490446,2.9662581289766488,-0.4434454302085298,-0.463623208007248,1.9019786710831008,0.527899404306825,-0.4146223094624801,-2.3273566755066843,-2.7864373253434427
33.0,20.0,1057.864990234375,-0.3560295987245192,1.867544649430494,1.4177319492774263,1.169865333827255,-0.8537162328959464,2.387064094104411,0.49374540110359,-1.371789599416049,-0.9077042084420768,-1.943269526592508
33.0,20.0,1022.1748657226562,0.4759258552184819,1.023373324611118,1.4960574482462423,-0.3212193062211899,0.501886467312068,2.0198872095969778,0.689627034573908,-0.0116457497010484,-0.9256384348717344,-1.6677651823791346
33.0,20.0,1075.581787109375,-2.5228686903715585,-0.4353317099137674,3.2111840447942583,-0.1989795371856839,-0.4693424926714336,1.1567032150110137,-0.635599486650599,0.7962724185385479,-0.5546169866296964,0.5680895454569583
33.0,20.0,1044.1737060546875,-1.121232870532844,-0.0552316553382574,3.3485629747337384,-0.2415176785749526,-1.0852012044652255,0.8896734556077588,0.458925859052143,-0.9210501211881992,-0.4625354366780128,-0.9624055267526366
33.0,20.0,1014.9588623046876,0.5753698452362599,-0.0617224157349749,2.883033334086079,-1.1500835491139916,0.0101262183777519,1.495748570223653,-0.1669557872590399,-1.235665746434298,-0.8012563187533353,-0.6361248487850766
33.0,20.0,1025.7105712890625,0.0380374183653797,-0.6201476640968657,3.253379160277394,-0.3774765609725579,0.058238482951082,2.0779381358726354,-0.2743934226649047,-0.3032577935005962,0.064981776225899,-1.6726061656731963
33.0,20.0,1041.647705078125,-0.9735721570864282,-0.7023905220546736,1.9718723936325369,-1.245524810336589,-0.5172237366152457,2.066215744569649,-0.4296114969880875,-1.816086260601098,-1.4395882274863614,-2.678720797966772
33.0,20.0,1030.732421875,-1.5883982706332942,-0.368834061412028,2.771925146492728,-0.485866533485602,-0.307669277790648,2.4561619222663555,-0.7727159396853107,-1.76238127696858,-0.4014679761333077,-1.08749242466856
33.0,20.0,1035.3427734375,0.1550663698394121,0.5611569099139242,1.9575580130096368,0.3408314969550821,-0.4666186120191948,2.597173658263298,0.7612785970544769,-1.0526332106218153,-1.4566417517687262,-2.456415784062908
33.0,20.0,1053.57568359375,0.3899404375322248,0.679165697590534,1.5311331297478867,0.159064363697313,0.4447748992841873,2.1573273092991343,0.3632729707126163,-0.857739381376529,-0.6099874810488446,-2.381022868441999
33.0,20.0,1032.58056640625,0.8013840216753163,-0.2159087580965506,2.049207866819959,-2.1681194524102496,0.7041197809561037,1.1138587417217956,-0.0357732424437067,-0.8814207327435355,-0.1692208952630878,-1.0590143291902063
33.0,20.0,1020.8146362304688,0.6469654424554694,0.8695388715856689,1.5271341574291677,0.6417608438291333,0.0611147022504532,2.1139358807587927,-0.5952754041056938,-0.6062960828349775,-1.1739613792666077,-1.0307625004437029
33.0,20.0,1068.8341064453125,0.1462198619881931,0.4374037039515466,1.9085571870853213,-1.7986040120167743,-0.1627239314373838,1.720527459921791,0.2464203337968875,-1.3413536765512335,-2.4777980800976773,-2.3201749884282616
33.0,20.0,1030.52392578125,0.2940293722019502,0.9362089836717332,2.7804111399427374,0.1889877450066563,-0.8999625084626759,1.2270279950166714,0.643037354017542,-0.805882488633828,-0.8152515476025624,-1.5873345321246997
33.0,20.0,1017.4325561523438,-1.477621244059058,0.7728346077512551,3.700045711510612,0.693629089297465,-0.9495893383997478,1.4727936979213787,1.3779653574895434,-0.3191832624183828,-0.7632105925428201,-1.5397533339484708
33.0,20.0,1040.04345703125,0.2673726148596902,0.5969663556214648,3.277818046165285,-0.1116415811312352,0.2628843934675862,1.5773212363380864,-0.0793182529129401,-0.9839227971871968,-0.7265294142399972,-1.240058109987591
33.0,20.0,1045.5928955078125,-1.3282314058135642,-0.0649554299084789,2.038681125103647,-0.7056932286844484,1.0351926164614491,1.8617101218740315,-0.6334327119864733,0.4661965902417231,-1.0782391710809165,-0.7499136259276558
33.0,20.0,1050.2060546875,1.3807395168382648,0.0115641241185855,1.6293159782342768,-0.3613175030160818,0.3262638572898249,2.5432423794706125,0.3589667893331336,-1.7555409218873952,-0.7669917160026234,-2.7993001353123663
33.0,20.0,1040.293212890625,-0.8483272321321378,0.3717263757439983,2.4361835577751627,-0.4664212939166647,-0.659238156294335,1.6191732233901446,0.1070954340812404,-1.1298332192161182,-1.2208637404585616,-1.8168520350717765
33.0,20.0,1029.2652587890625,-0.7242520207152605,1.0819760997534535,3.019450120257467,-0.0621368445191752,-0.4309405113185258,1.4509142656970342,0.4074261007468021,-0.1848844356614156,-1.1877635474111008,-1.9678968293466823
33.0,20.0,1026.1280517578125,-0.6114088310210821,0.7737379946337501,2.4031820132248427,-0.1889599331781051,-0.2595838047635688,1.6736772891921312,0.1205130938736882,-0.9296965131812652,-0.7024155075541625,-0.9508686417552124
33.0,20.0,1022.83544921875,-0.0915728259403279,0.5159313960784351,2.062511170918338,-0.2058074651149706,0.0309924164582913,1.973590649461004,-0.1451205971974349,-1.2796779104910143,-0.0220883453495757,-1.3709008698532283
33.0,20.0,1020.4391479492188,-0.5264894883766233,0.8359842528254022,1.948942256453508,0.0765233688516282,-0.4285164654136384,1.3584271589458554,0.6268760568376939,-0.3563739210387719,-0.5272723967717248,-1.24627727529572
33.0,20.0,1031.909912109375,-1.4590699048696587,1.561799284173361,2.687462260583721,0.3673719839775282,-0.5864741886549591,1.2745058277433596,0.1090019529796624,-0.2241651365517221,-0.1022011664309365,-0.7333113107816427
33.0,20.0,1037.31298828125,-1.236669889213311,0.6761589345704158,1.9607087664721088,-0.3358229320110348,-0.706799696676911,2.0546158552622886,0.8491824382891604,-1.3319585139008416,-0.4471173169354472,-0.8790459544069131
33.0,20.0,1035.5142822265625,0.8375892363905528,-0.2254356107455075,2.1658906438117933,-0.1498403311747456,0.1520446973420615,2.3455480740249657,-0.6090032295336458,-1.720332540302576,-0.7035036874151377,-2.1880593790314014
33.0,20.0,1035.8553466796875,1.957226697030964,0.4154730268029141,2.1722948042915577,-0.567442497372709,1.8605716726585728,2.0050856607267944,-1.4993542600433374,-0.2596440049123689,-0.5752110175012088,-1.0183893251195526
33.0,20.0,1082.5799560546875,-0.49248422888612,0.7807765060327085,2.0330232318706827,-1.368514356135608,-0.5771694004417878,1.4142690895722243,1.0228728617267553,-0.7184988083916064,-0.5432923033627386,-3.159339306900849
33.0,20.0,1056.292236328125,0.8418900384480423,1.0631577092877826,3.099404535345929,0.0295450103212759,-0.2989518781324198,1.6350149995338326,0.1761337126317199,-0.8278430625720841,-1.0180849128468583,-1.997688854622571
33.0,20.0,1042.28662109375,0.1358629146012653,-0.6130430770408886,3.1206467133269093,-0.0405261879685392,-0.2177898441506718,2.0697185923152777,-0.9894248739733048,-0.6402798872156827,-0.4161082696266076,-0.9131641629894434
33.0,20.0,1061.2255859375,0.0094527166577904,0.4651496312895888,2.100810618371709,-0.4335525307944001,-0.7141187687399917,1.71569611628453,0.2720820067463663,-1.159146768261861,-1.4999971634979232,-1.2748625094032988
33.0,21.0,1052.5791015625,-0.8208083424766297,0.8897382414374047,2.1974187541549206,0.003054135916698,0.2187371474268769,2.129480517216682,0.94257667733873,-0.1114976303289498,-1.0463719521482018,-1.541624328958069
33.0,21.0,1067.56005859375,-1.2673297173082387,0.5285394627489035,3.978773606284367,0.2280317327022558,-0.6060276563661287,1.2566221634341286,1.0677230924654593,0.035704261215117,-0.4086852925668482,0.2622959470046275
33.0,21.0,1036.106201171875,-1.1289517876404689,1.064432380836572,3.282540015162392,-0.1736441501765924,-1.2072248904382454,0.6928539647480525,0.2531471565341441,-0.5209020977511489,-0.7309419709365059,-1.4075836300757976
33.0,21.0,1051.975830078125,-1.826126671293522,-0.1417637322320395,3.915563359850205,-0.1404383495256169,-0.2031680789535226,1.815896475666764,0.1166997020812043,0.0403310103767884,-0.99820045007624,-0.8685767894322458
33.0,21.0,1034.2890625,0.6149701622897492,0.9108968308019714,2.5661821346395195,0.0888453506238429,0.0925139848790692,1.9396107035636936,-0.2806443570287165,-0.4797264986185814,-0.90083791052448,-2.6093766375249183
33.0,21.0,1013.1582641601562,0.3882612108161538,0.2151446499261506,3.516366909025514,-0.183340674579215,0.6898808846331415,1.6376517807951538,-0.0628299279921487,-0.0733064676381056,-0.4181450370491379,-1.8634574777670747
33.0,21.0,1020.89697265625,-0.9567998737365704,0.4745587363499703,2.708829469060968,0.8499217936369554,-0.6245423446014433,1.622335568871387,-0.1348034374391362,-0.2154417031305096,-2.144628748416685,-0.7874411990500043
33.0,21.0,1052.83056640625,0.1748788600007795,-0.5017166183451707,2.664526218400736,-1.2304185974403017,-0.1339907522654684,1.903017933127359,-0.4657346655750629,-0.7707936361938934,-1.1739202031023457,-2.766992556299574
33.0,21.0,1012.5349731445312,0.3007991109859462,0.3063384057218874,2.913956452409177,-0.9425420410016,0.2290643959767448,1.4217216677007851,0.8742347559072039,-0.4783160019007919,-0.569193190693893,-1.275162752202354
33.0,21.0,1047.599609375,0.1354384341664563,1.2833882768584337,0.984094219334569,0.4027309274128621,0.1997701464060162,2.344022316904825,0.5956482153789588,-0.1085085921687714,-0.9310153438557514,-2.177421110296636
33.0,21.0,1028.4556884765625,-1.018956168162255,0.5895085706586132,3.6136315160526937,0.576286589688344,-0.937538212220371,1.3573284264699268,1.0275294294295154,0.0461293421336002,-0.2647099085516133,-0.9616670650340158
33.0,21.0,1026.6595458984375,0.8396439651849033,0.9798497902127136,1.3950695610789463,-0.6327778906583212,0.1110721834161729,1.953377933907056,0.2648946679098616,-0.7630849784795295,-1.7671246516646395,-1.9653240894080608
33.0,21.0,1031.498291015625,0.2822398353845745,0.3446452568714555,2.358113471153324,-0.1527112801156729,-0.3743257591844315,2.037647422538389,0.3786781286237906,-1.0157017555795609,-0.7700399453874427,-2.5499914365419785
33.0,21.0,1063.6282958984375,0.2247571720878527,0.6514843665340191,3.717776259959157,0.238639069526223,-0.4745338763629814,1.6748020603389406,0.3903531576454764,-1.091717323988365,-0.3047742923963072,-0.3296287762052605
33.0,21.0,1037.0894775390625,0.2217604418804475,-0.5616389268375475,3.578152718641196,-0.1536286289641069,-0.4872840297701453,1.901938446360511,0.3988405584878052,-0.6820455508175822,-0.3129292200887157,-0.9853403842905316
33.0,21.0,1039.36083984375,0.6409722892907377,-0.452123096183052,3.7030786381527134,-0.6496139055326555,-0.6401779861426853,1.3684521016838254,-0.1026475107219377,-1.2313828638279616,-0.8970843989613471,-0.6610582265511784
33.0,21.0,1020.0614624023438,-0.3918916249834181,0.970977268857772,3.5816309789608027,-0.7364003742315477,-0.3069154610260947,1.146901584153296,0.6513762200646163,-1.2724229994577585,-0.2214708345933038,-2.240913683401958
33.0,21.0,1076.791748046875,-0.3385134701703745,0.4642946378286359,1.315252924192749,-0.9117496370378966,-0.0862326808088767,2.0304875404294496,-0.2680266340125623,-1.818959132937242,-0.9677331887199658,-0.7492307961940607
33.0,21.0,1021.6421508789062,-0.0535562870606298,0.6869876000583206,2.419235005633782,0.468145402307738,-0.2578887076264857,1.9527886509676888,0.0654596727691325,-1.2085731480370572,-0.1217740649423806,-2.4160644577336443
33.0,21.0,1031.0045166015625,0.1245086147958627,-0.326512364872066,2.7599722160080056,-0.7242893810539028,0.0760882406571008,1.6030884819662674,-0.8735485412427435,-1.466410712807444,-0.4248382693872461,-0.3569059799282756
33.0,21.0,1025.0531005859375,0.1368948533195944,-0.2686777274926841,3.667967853412296,-0.6019812127561694,-0.5365771871295779,1.7682269832916395,1.1137603322369083,-0.9740289862071504,-0.504046272998548,-1.0030730084818429
33.0,21.0,1053.6246337890625,0.8614392643648596,0.2482745892323832,3.936240218737828,-0.3315638786744568,1.1152839621134838,1.7214976164618907,-0.5976977411218769,-0.2270253803421038,-0.0237295176480021,-1.0278624542970929
33.0,21.0,1012.0962524414062,-1.542267205857637,0.1961856634423977,2.363861267020328,0.3126007012420606,-0.7634298489258491,1.8345615518699423,0.1362964077970652,-0.7316274604164565,-0.5019514625469892,-0.5930720655265915
33.0,21.0,1028.98828125,-0.0389972537300185,0.9304527553643904,2.070201340335891,0.4779511841554642,-0.6831961800501425,2.3160569779243367,0.4272382044768861,-1.4703610714495086,-0.5161352677919862,-2.228427062343974
33.0,21.0,1055.4583740234375,0.749124336712824,0.7399679344232215,2.463573390597697,0.98202639578314,-0.8209328066804416,2.523193986251816,0.0782491512966734,-1.2214613312698432,-1.5831058745205624,-2.5074018189550227
33.0,21.0,1062.4488525390625,-0.4464461090078222,0.3753507785409251,3.1857209230892014,-0.5553175318709638,-0.8824051795067573,1.411762119669289,-0.222478512026206,-0.4461537833045446,-0.0050647403961914,-1.6409249579027114
33.0,21.0,1040.749267578125,-0.9049590137092896,0.7686801536495338,2.983489092362185,-0.7259162864736766,0.540517401792445,1.227652919536676,0.6031418811884741,-0.6696948060873229,-0.1586847903391399,-2.478558184063409
33.0,21.0,1034.9010009765625,0.1225416874785008,0.0849530298157388,3.353547373427098,-1.0796659110698252,0.9377289087336038,1.3631918693287286,1.0059606657293791,-0.5604048286389274,-0.5227712370609323,-1.953594378384256
33.0,21.0,1057.4130859375,1.45234558709062,0.5432838120616328,2.35225042540232,-0.8422731034269768,0.6413464011950794,2.133297247908251,0.0247363942616711,-0.4056589648072322,-0.0906417196339113,-1.9871905821078275
33.0,21.0,1050.3907470703125,-2.084148501317716,0.769029982210431,2.8482339056648334,0.4190327654952916,-0.0577215864958793,1.4725994576186157,0.2969280209390215,-0.6343356793852388,0.2711173055684766,-0.8907374179795449
33.0,21.0,1066.446044921875,-0.5777201624128683,0.1599608333706328,3.8101490300386303,0.4050092913322656,-0.1026529288906319,1.3420137542684527,-0.1780641219412295,-0.0531298621046136,-0.2980434602755135,-1.328216725135598
33.0,21.0,1060.2310791015625,1.5097707856313196,1.41450500123237,1.6316099260503236,0.2684387187093415,0.355896585381342,2.1014933396064777,-0.0938515676794313,-0.5872284347822516,-0.1558782047540905,-1.0805996370773965
33.0,21.0,1041.659423828125,1.3710328962301022,0.4082881275104437,2.0375478241287235,-0.3023380248626317,1.0075548603887778,1.866968078494489,-0.3627484390836342,-0.5274366161247013,-1.0780440259463786,-1.764655922530891
33.0,21.0,1029.9705810546875,-0.6365676470760571,1.2232247558098202,2.405420448773864,-0.044154489118366,-1.0000182735780898,1.773846987761674,0.5181424894827789,-0.6551612121916683,-0.7512623251760067,-1.7175526912405092
33.0,21.0,1033.9947509765625,-0.6722705190994587,0.9641444759211596,2.268341507102641,-0.1398598641197592,0.0366991190208301,1.230975747503792,0.3327676332333675,-0.3155682896756167,0.1928423166619115,-1.2108630894937775
33.0,21.0,1024.6307373046875,1.548387132895872,-0.3946723367529445,2.21639068460719,-1.372340093393345,0.6011850536928565,2.170649802491252,-0.1046866680878597,-0.9428038407504228,-0.3078962154211009,-1.8723904148562205
33.0,21.0,1077.0260009765625,0.1356367769750202,1.0553139086812535,1.7573234935459483,0.602120884286041,0.3332831119427792,2.6169061108812386,-0.3992777622375758,0.0133437065583272,0.4232676288966663,-1.1762264055597198
33.0,21.0,1076.788818359375,0.4552705524060876,0.8427287976795714,2.591971498321662,0.1160137824416205,-0.6072082324651573,1.4973207877664487,-0.6988305747684329,-1.084288699343018,-1.1662088170587688,-2.2454311287138755
33.0,21.0,1050.5760498046875,-0.7291374185326003,-0.5566599820859235,2.9595178427461306,-0.6036669465331919,-0.6640711679738196,2.5169788796140686,0.5358467237647435,-1.6270939965402622,-1.323790578874886,-2.334684056984349
33.0,21.0,1024.407470703125,0.6733558142002192,0.571073679675913,2.9101952025447,-1.415624712576094,0.5734220708939031,1.055104000804623,0.0985472407039731,-0.8138012560197003,-0.3919009176152794,-1.8539351188233664
33.0,21.0,1030.1361083984375,-0.834750008036198,-0.1099258943489669,2.05554243111946,-0.2241234078230416,0.279641178532815,1.204078561803856,-1.2307064527822753,-0.5429096018666524,-0.4568133472832087,-1.9519526354736805
33.0,21.0,1010.0003662109376,-1.320173247536217,0.0992083959630569,2.35390448643668,-0.4345416519284093,0.3431892460776993,1.6188988814694136,-0.6823614595662129,-0.3559228886141028,-0.2145858605396782,-1.5069691675246286
33.0,21.0,1022.4566650390624,0.1461358255694378,0.0535270722624474,2.325453924805765,-0.4909333872506085,-1.0612184980074515,1.204979585122662,0.9269622701762126,-1.1357713724417549,-1.468031999571116,-2.2992685585158497
33.0,21.0,1021.6138916015624,-1.8182778697690507,0.3769544335234265,3.894811258233396,-0.6243164828727101,-1.1045359676719024,1.1576720696533602,0.8512724303212673,-0.5060275976637474,-1.048244007373376,-1.9514229624271653
33.0,21.0,1030.296630859375,-0.8710553024163383,0.3927984352392286,3.171268087653172,-0.0678651315018523,-0.0469031211161503,1.062125393255898,0.2524549819319048,-0.1328404198684198,-0.5617509341329994,-0.5440063530897232
33.0,21.0,1042.6259765625,-0.0498334926746455,0.2835531300117422,2.970435639508336,-0.4192866170236513,-0.1386661530392245,0.8617628132212367,0.4530454081571058,0.7972231055655099,-0.222784051264667,-0.6607372521600254
33.0,21.0,1049.414306640625,-0.6568690048307708,-0.156312861820794,2.647203704641562,0.1022807916602595,0.2159585999283066,2.2330383748132068,-0.1045334556670258,0.0820359138680419,-0.5216252475197951,-1.5538706012807628
33.0,21.0,1046.0557861328125,0.2986723580179742,0.5782428624625169,2.196831597557676,-0.3648993712557127,0.2842981886737297,1.1463160590518129,-0.6376640795778403,-0.4916675989347281,-0.820754528416332,-0.9937991254449834
33.0,21.0,1031.2216796875,0.3620767220015004,0.835521673449799,1.604549000116144,-0.642202268837611,-0.4287203105604922,2.2609302617785225,0.4033512241735417,-1.0910719175077297,-1.6352245995421597,-3.0958807268387165
33.0,21.0,1025.902099609375,-0.6712504280178253,0.6769070328125073,2.750439352417404,-0.3565456549757027,-0.1366441523943953,1.3730157028195098,0.8565345790780787,-0.5613209589736847,-0.5769197775697492,-2.298855730967446
33.0,22.0,1035.462158203125,1.6951743267575736,-0.4079925004499278,2.3387280657521554,-1.4950295166588234,1.528253584395057,1.507796391679037,-0.7507394963731997,-0.4724700137288167,-0.2632371356520311,-1.4426064280212554
33.0,22.0,1030.3238525390625,0.3204845354821515,0.2002692481164505,2.402688185789356,-1.061944115507952,0.6849454275766274,1.9377406437186384,0.7565966693827448,-0.3145697523827664,0.3128881073736451,-1.463273199942913
33.0,22.0,1075.1683349609375,0.4974392939291148,-0.4986269287039331,2.9100364524018216,-1.2073130929353608,1.6722368311619027,1.7938419663672898,-0.719905869229339,-0.1949443830574102,-0.7036346337573365,-2.1859910916182965
33.0,22.0,1019.07177734375,-0.7319966090718708,0.2306941738866532,2.584816115350196,-0.1676482894569684,0.4809383003818741,1.7774368758250514,-0.981676518078543,-0.9088761250727746,-0.2230380531281,-1.6333626673880763
33.0,22.0,1047.399169921875,1.1554895981265387,0.5528980615385795,2.726354146743301,-0.1932191322485996,0.4251695119055165,1.666901470143813,1.1778034790132788,-0.6094219556597391,-0.1163048148956544,-1.1055748529398168
33.0,22.0,1029.0196533203125,1.2151010927232528,0.4083167679820523,3.2724294623031227,-0.7516214760967319,0.9006267218268862,1.8260604213041152,0.8130126920799512,-0.4359881447758571,-0.8375256062292875,-0.9976785481481903
33.0,22.0,1017.4300537109376,-0.0728168051211213,0.1811883790560351,3.115833699066723,0.0665546382114961,-0.7303791485839115,1.712513199645178,0.6784044569070051,-0.9141230916939334,-0.3287844382273039,-2.1452558825346566
33.0,22.0,1010.8429565429688,-0.4508411780319505,0.5113602718360788,3.08601701667914,-1.5073448787623929,0.4591944515325803,0.6873553467346092,0.5386422467269059,0.0484422080172031,-0.2717132464937153,-1.798628296214142
33.0,22.0,1031.5576171875,-0.9005838822387275,-0.092540591898846,1.964618813816025,0.4227151306737351,-0.4304534582852781,2.5890478635911327,-0.8655421513521073,-1.1425278099233078,-0.4929575323259065,-0.8234444611057992
33.0,22.0,1041.242431640625,-0.874089592183525,0.0660256757928259,3.085995982358071,-0.2733042096525819,-0.5943555356866588,1.5163719233023008,-0.2119558341569263,-1.2789437058106223,-0.9288720258323933,-1.4635886732875305
33.0,22.0,1033.8426513671875,0.3391488274132221,0.150228251491665,2.7811405085184617,-0.7854656069827506,-0.0132451418782366,1.5576925748920836,0.2585477990811089,-0.9586286449690123,-0.8452285285124645,-2.067415630224691
33.0,22.0,1052.0654296875,0.8660577345003606,0.5233376481084964,4.343364112473175,-1.7406125891856328,0.9937170945853442,0.6464206847477092,1.2045258920143098,-0.0317996262385555,0.0572388634431684,-1.8012119391149954
33.0,22.0,1046.0970458984375,-0.3570294926858777,0.4814694645432489,2.960111028522108,0.6629659071392515,-0.0533264497050414,1.2884045397151525,-0.7567198046447903,-0.4778689530375395,-1.0327477489087755,-0.2637738024211593
33.0,22.0,1037.031005859375,0.6248362997130554,-0.0126313159339579,1.906269233856067,-0.0187628695085191,-0.0671341665767064,2.65796664683188,0.0056285285394332,-0.7985786568350681,-1.2485308088700493,-2.227242486180023
33.0,22.0,1056.46923828125,-0.0279773486129126,-0.1447329113662361,1.8273366899628647,0.634591254450009,-0.8537246137390451,2.268478870242633,-0.3376078355530048,-1.4319140666323429,-1.279701074950248,-0.6637312187491844
33.0,22.0,1016.0709838867188,-0.0507051361191814,0.7958354752498256,2.731785114464147,-0.80616708790388,0.4076158974606692,1.266553210462213,-0.020108215111386,-0.6680894488362723,-1.363051371573757,-2.169221149750252
33.0,22.0,1037.5628662109375,-0.5794556166401605,0.7246762132464957,2.997543499855265,0.4069401710098486,-0.0084234165249528,1.615056365213797,0.9410247049136782,-0.1076719518814055,-0.5885524892253633,-0.4805210678859053
33.0,22.0,1029.3939208984375,0.1152851650164432,-0.5929554044356635,2.474508906152096,-1.1392876693271536,0.7654719997013206,2.113224963988733,-1.377436682594345,-1.0838540807870252,-0.8235583328372327,-0.7112429482516438
33.0,22.0,1037.4320068359375,0.1196086298572236,-0.4987729544319421,2.44887110277792,-0.1479577124097977,-0.7113080333510284,1.637141632330855,0.4650128029671005,-0.8568165903172069,-0.4001827575180643,-0.3976416521700585
33.0,22.0,1028.6551513671875,0.3519186395022844,-0.3630661590111259,2.20452243693652,-0.3802570173809219,0.147121997362591,2.357867451400192,0.1056314352576928,-1.1013604341105103,-0.1789856105086844,-1.7348004967985942
33.0,22.0,1046.09033203125,-1.050076319802402,0.8219780304092161,2.722961367582445,0.2573740187675302,0.0322467635202929,1.8990074832448816,0.0800121614374029,-0.6559742430360931,-1.8832678782429328,-2.437397531712512
33.0,22.0,1056.3138427734375,0.3639217400594781,-0.1739492431991776,3.2619484547831945,-1.319862176419726,0.3972335083961322,1.539635659565065,0.218988498405654,-0.8801710055294985,-0.0434949480693767,-3.0980079136486887
33.0,22.0,1021.4326171875,-1.1928368287227626,0.7357923843768264,3.058968165413461,0.4726475262454404,-0.9939978644234646,1.756608633280489,1.130589398797622,-0.3582114699793273,-0.4312318138713316,-0.8807963521859925
33.0,22.0,1047.637451171875,-0.1869353142148426,1.2709025495878743,2.7196337648142173,1.1589435139741688,-0.676323550738358,2.082259915236776,0.8233719083098769,-0.6290582355944432,-1.089429425418058,-2.761450752460613
33.0,22.0,1011.6857299804688,-0.0330666903837766,-0.3498881723431406,2.977745912652977,-0.6349596720133093,-0.3660625290931198,2.1300535438771986,0.7746184763548225,-1.0551693677954974,0.0307985058275894,-2.063753310845943
33.0,22.0,1037.6419677734375,-0.3099063008160492,0.4466074081880853,3.707163234884753,-0.6080287762096193,-0.3322021224658051,1.6941235213071346,-0.1808282714710003,-1.2701866710413228,0.1206085899762552,-1.52086919891435
33.0,22.0,1028.9840087890625,-0.8595397709233756,0.7078570872740926,3.14848119680212,0.4118128184276663,-0.707206030988047,1.3464640737447953,0.5613684442501485,-0.3343818491400094,-0.632765852277207,-1.11338978015087
33.0,22.0,1066.0242919921875,-0.7528981553895617,-0.2187525131848868,1.6762186611445085,0.2299392843074965,0.2017309459347647,2.1626278244285446,0.0342707470643723,-0.9482502143749104,-1.185439701992339,-1.5033521648607353
33.0,22.0,1051.6199951171875,-0.1402980252919672,-0.1933977417783801,2.9363878141845525,-1.7537024730686488,1.2822718338964425,1.2793888785972207,-0.4081186855686631,-0.5812966418762198,-0.1990693780297734,-1.916409423482408
33.0,22.0,1046.3800048828125,-0.1960763661444993,-0.293161157045148,3.849664473999683,-0.486801214402468,0.255613581973531,0.7506309160119828,0.2006960543464488,-0.3975242825574723,-0.3263286009417854,-0.3810355866893316
33.0,22.0,1014.6759643554688,-0.5859742466002613,-0.3662434667579033,2.8825456559745524,-0.9070020796252454,0.2918761744427032,2.12504055016022,-0.2462361316025898,-0.8613429336900031,-0.802168001064075,-1.227885086521999
33.0,22.0,1045.68701171875,-1.3327565985137078,0.2577508507813206,3.3891690629735454,0.177763724707642,0.1346585001361786,1.615351304117466,-0.3752082989392766,-0.4498419285031687,-1.3713176127919642,-1.2220121233186472
33.0,22.0,1041.1680908203125,-0.6710892234608066,0.2645584537427572,3.148954664914944,-0.7026301285702825,-1.3094819391723629,1.0948571642593643,0.2916380311522362,-0.5790291014604598,-0.5033486564942233,-1.460647436804317
33.0,22.0,1044.86376953125,-0.9674655214212944,-0.8153857347141455,2.1746428726398195,-1.7726575208592998,0.4826657628081063,1.6959470269527408,-0.6445605588535379,-0.5294203633926484,-0.0119228993287041,-1.0784476973660686
33.0,22.0,1040.9403076171875,-1.321730194674389,0.0535887136425907,2.741923431763137,-0.6397668460461805,-1.1062131815409932,1.4174649621287312,0.4925291250723802,-0.7814092929105163,-1.139808626697948,-2.129735549565803
33.0,22.0,1034.531494140625,-1.1490089709419102,0.6120507789286602,3.1489740961099635,0.0340948035874859,-0.908296441598095,1.9282670888531523,0.7639745270161624,-0.9990118938045844,-0.4657850429995056,-1.3341471947730383
33.0,22.0,1025.856201171875,-0.7626921333517531,0.1941353753175168,3.351378882683905,-0.0202027211079576,-1.0947787352495624,1.5782089329727,0.9782959374533836,-0.9536278172846152,-0.9858960111758748,-0.95198445720073
33.0,22.0,1063.6810302734375,-0.2340495680562977,-0.5528275040279631,2.7137540244405622,-0.9205437044866284,1.611036345819553,1.7985591952687,-1.9713889545561267,-0.4869011145930679,-0.627185287790855,-0.1337699224056967
33.0,22.0,1029.933349609375,0.0063134342070103,0.6541834266755888,3.293648530732959,0.4449854032794249,-1.008896922129006,1.409899382512931,1.5166785938728395,-0.703839547453601,-0.8029707189668631,-1.1395529764892038
33.0,22.0,1014.4868774414062,1.130726312283958,-0.6364691296882876,2.70792353008552,-1.0946312945017849,0.5915124551659279,2.015991181804293,-1.015069245029235,-1.827849452661108,0.1776116794420978,-1.6148462576774802
33.0,22.0,1041.8216552734375,0.3457939117575357,0.5183798103900239,3.420784082500111,-0.5283490397849997,-1.0578355059036748,1.4356676616504425,1.0154022473438475,-0.8740416067420966,-0.952437235508591,-2.416423787418465
33.0,22.0,1027.064697265625,-1.3069259466440464,0.1099717403271025,3.8803656658084513,-1.0010163033139738,-0.6767835423085806,0.8592915035897422,0.0321021541356394,-0.3837706149524313,-0.8185099876456094,-1.1390381497233788
33.0,22.0,1073.743896484375,-0.6345904186998439,0.1767458268077968,3.656338670420388,-0.2866404249955936,-1.0576064769008005,1.5738805814981616,0.0894737734618589,-0.6560244019664632,-1.9091645394039405,-1.7667546221646289
33.0,22.0,1033.378662109375,-1.5075151185126536,0.9053640869140348,2.462166867361874,1.1593283638446898,-1.647536632411157,1.9726829566237445,0.1033764474018017,-0.6086676318329349,-0.8903567794257619,-1.016479626424199
33.0,22.0,1037.899169921875,0.3305532317296853,0.8597756835404962,2.744524321825089,-0.3864376131470903,0.674715787600153,1.1697190836520042,-0.6258839362522455,-0.0974404242895845,0.2569325184338646,-1.3146941904135323
33.0,22.0,1088.37841796875,0.012443213277872,0.5928200975458715,1.3561266570911563,0.0227845936318438,-0.8231337383701787,2.185606219646891,-0.5484729454439154,-1.4329744728204643,-1.9386612389062248,-1.3147439484241157
33.0,22.0,1054.7939453125,-0.3026670383929692,0.4298357184976957,3.4343457702357334,-0.1050878020820436,0.8141594437867994,0.9750037992917022,-0.0970407134461952,-1.072628256868211,0.4753758061935702,-1.370031897304795
33.0,22.0,1022.521484375,-0.2223437378413413,0.7948735544969328,3.098984808536434,-0.568062372685743,-0.0233698234946126,1.1602177642354512,0.9019466672853662,-0.2996425990718059,-0.8336286839338829,-1.8927424288985577
33.0,22.0,1068.062255859375,-0.1661396322935173,1.157542705620469,2.332192814752193,-1.3512669760029938,-0.0323477804737111,1.109756036366684,0.9136808922132076,-0.8226318433993107,-0.4742972850679159,-3.427713379562162
33.0,22.0,1022.0148315429688,-0.916444392410562,0.4374518685216033,1.329631092690553,0.5563534822827911,-0.6951668015461507,2.425968603244545,0.0662630509268513,-1.0676409073824713,-1.2641479275943963,-1.2534541531849142
33.0,23.0,1022.3033447265624,-0.4878623701748568,0.3548620088198895,3.1928705813683536,-0.0556760065897314,0.105887922399277,1.350735224564391,-0.231290756101627,-0.6403452740589186,0.2343346350578965,-2.6321246649718377
33.0,23.0,1056.5313720703125,-0.6132128530555345,0.5542824842344469,2.9515944833004824,0.3988227519406573,-0.2482254123996439,2.055012082200728,-0.0610933001551519,-0.444689522537395,-0.8033417535433536,-1.0158847267654345
33.0,23.0,1029.5152587890625,-1.846805969752905,0.679173088361682,2.8986936664757303,0.3912927303389137,-0.6131865768360587,1.6509829487844074,1.013358536649679,-0.2650387925660959,-0.8649086854664914,-0.9624680783379952
33.0,23.0,1028.948486328125,-0.1056075505556783,-0.0201305033852925,3.2238798854264914,-1.1587177401765285,0.5092838934978436,1.123613932531402,-0.7787711545380809,-0.4679190769071422,-0.880796799028543,-1.427640057625072
33.0,23.0,1034.2796630859375,-0.6719702012916171,0.6960821254388421,1.804971226361186,-0.1147601037859455,-0.3156883150756524,1.7718315336215182,0.3459995369717088,-0.19437695140833,-1.0854869707692636,-2.6462230241466287
33.0,23.0,1037.01513671875,-0.3004321155310601,-0.1435730723554131,3.5251126725783983,-1.472101134327466,0.8753283210985003,1.0558715046785228,-0.4210563845642578,-0.8167735845138333,-0.8321668325121125,-1.8172057080349893
33.0,23.0,1029.6483154296875,0.9077793246933306,0.3178813187721125,2.555891862013574,-1.090464013709893,0.1558574301729098,1.8338824857824445,0.4856661535593272,-1.3245900232636618,-0.5987505737068073,-2.609686749318417
33.0,23.0,1027.9493408203125,-1.464751062424294,0.3523623355062097,3.429069337220673,-0.5660865067908709,0.2088940603907998,1.2274632583716238,-0.3689619071338637,-0.6157877755384353,-0.9735338954047474,-0.9431173862266
33.0,23.0,1025.835205078125,-0.0894497787007466,-0.2655629789900917,3.723822998970377,-1.110728970647124,-0.37859675301421,0.824345476008304,0.267178769667705,-0.6739512199071722,-0.0717944635274046,-1.8166694700051584
33.0,23.0,1029.0999755859375,-0.0759939811108623,0.5019987945663846,2.7902146754302084,-1.0148117285133869,0.3945971659793414,1.629522147171213,-0.0038370132131211,-0.75344412711378,-0.0691073344509458,-2.244835986734
33.0,23.0,1021.9865112304688,-0.8329635637172874,0.7103419187889415,2.55457071832762,-0.0423938644362582,-0.0638380218055427,1.8907256692176508,0.3257533938385313,-0.9431385630527584,-0.2653022096811606,-1.2848781670281402
33.0,23.0,1026.1741943359375,0.1260090352263763,0.4579227193436956,1.62295585167527,-0.3279629718338794,0.5886876882728478,1.771279758528994,-0.3241357676192811,-0.586798266405216,-0.2385912680379709,-0.9059654035775316
33.0,23.0,1028.415771484375,-1.7679919579508545,0.6456501477139573,3.2223097372069383,-0.5578430768604976,0.4211264107734855,1.7388843954149191,-0.3867772890524614,-0.3451392602134024,-0.5938341798312088,-0.4692568333796929
33.0,23.0,1031.6287841796875,0.7402100381342755,-0.1477223044721984,3.317332936339154,-0.4696756821463204,1.3853889728003708,1.6722447246719483,-1.3073653306979305,-0.1022219839193407,-0.7127328485057749,-0.7490413847373842
33.0,23.0,1010.235595703125,0.0505697403599505,0.6191447164691466,2.37577327746296,-1.069279518761725,1.587134216377101,1.2572804321286508,-1.0471491993360358,-0.5271750140990337,0.046163335898548,-0.9185294701430556
33.0,23.0,1025.216064453125,0.3140345455820128,0.0846051204254658,2.799250967752595,-0.9299541735580448,0.7708264471737758,1.5766818560580953,0.0742217486222793,-0.5904106510699378,-0.2566569591972616,-1.8108122414081844
33.0,23.0,1042.3687744140625,-0.4613605028534149,0.1276939393937359,3.331892591903827,-0.3576396046652803,-0.0351126806884174,1.443353342357093,0.2729797965493503,-0.1751133102927831,0.0418341354282318,-1.5675728783428662
33.0,23.0,1055.7603759765625,0.4390966690477622,0.0353430585687633,2.738015689628522,-1.0118540577974633,0.7320431942500027,1.6021098963676437,-0.8852892191832566,-1.6670786826302957,-0.6384313641153776,-2.229361129720368
33.0,23.0,1079.5809326171875,-0.3321827022029646,0.7515942318783164,3.0201584073664343,0.1202974365359104,0.5752213350527082,2.0669582431760567,0.2719023190961609,-0.3725898508586658,0.046969005501162,-2.175523263321903
33.0,23.0,1026.519287109375,-1.1520519318804272,-0.3851138047911115,3.8046065163849168,0.2065253533667554,-0.5913472581319121,2.183972242878484,-0.205592673534193,-1.6577444707636309,-0.0302829742718335,-1.9284961725362528
33.0,23.0,1040.968994140625,-0.1690068141464822,-0.3916918633155593,2.2154594998287696,-0.3461610220506061,-0.3476741964296419,2.498594344266123,-0.1677440279427386,-1.5160249516481512,-1.0645447407023658,-1.5396667957913457
33.0,23.0,1036.388916015625,-0.827397103762384,0.3870086970972792,1.530564000364004,-1.1517801687278646,-0.1026004177798061,1.3728559177122277,0.2474995514264932,-0.5444661673838782,-0.9652616460348876,-2.28461869743858
33.0,23.0,1080.601318359375,-0.038138390728359,-0.070708669064496,3.3609715528121047,-0.6584023515465001,1.1026380605281716,1.5507652419846982,-0.5588501799700998,-0.4105979422871284,-0.151806750720544,-1.0136929634818834
33.0,23.0,1035.70166015625,-1.332526496920715,0.2665020359107997,3.0729915448144816,-0.676800993950132,-0.2172027533186487,0.8573273219792181,0.9428365253154344,-0.7013731292701753,0.5292571670226334,-0.8029226177681075
33.0,23.0,1042.6397705078125,0.4084324041358815,0.0675592694105473,3.1017865100364173,0.4082695948143078,-0.0612414048048002,0.9997948810557418,0.1953015150565313,-0.3496721045524378,0.1924181461636891,-2.245029429484702
33.0,23.0,1016.0242309570312,-0.6925750223086382,0.1222638147070522,2.8035293959167067,-1.7071559284913542,0.8377680152282565,1.705891009246776,0.185553624532881,-0.2744284832164103,-0.6433593054880724,-1.4831240030344728
33.0,23.0,1023.400146484375,-1.210776937880984,-0.0427664124297306,3.614516917077987,-0.4750212119442647,-0.2261001071473529,1.525383139158567,-0.542468366930561,-0.9775619034797184,0.0647226813255912,-0.6684961650600227
33.0,23.0,1037.567138671875,-0.9845412661790824,0.3961371623988459,2.861943060432564,-0.3180405598444649,-0.2129073415961162,0.929860084685722,0.2885520454415049,0.3432428758239894,-0.4451297058246304,-1.633351941505106
33.0,23.0,1026.875732421875,-0.2604528830487975,0.2411658245409178,2.4087142019555783,-1.0651735102243345,0.4894250653433651,1.33514236754481,-0.1886450490803861,-0.5832823297420262,-0.5042550802101076,-0.8599357268665191
33.0,23.0,1036.8258056640625,0.3779479912048069,-0.4482190097839487,3.0976937440500407,-0.6045371956703054,0.3237143699585099,1.5293134481777653,0.5149052472393993,-0.3105039125586923,-0.4296662574242953,-0.446663512762333
33.0,23.0,1038.5186767578125,-0.0961337881350941,0.2897948928867011,2.554141822688388,-1.6327586245842252,0.0775136396224196,1.165114478077406,0.5261185929535994,-0.8476792366444226,-1.0613755786747712,-1.754106328790069
33.0,23.0,1026.18310546875,-1.466303001267887,0.1071266209336831,3.215956102140044,-0.8887146210718058,-0.2965342758764917,1.0476385138179296,0.0083916672699988,-0.3921531691944864,-0.550413122854251,-2.4310031932228187
33.0,23.0,1035.4312744140625,-0.27225046189238,0.6040831580210595,2.6899715032782723,-0.5567564169837178,0.2131495627397619,1.6882574158076586,-0.2665652691127489,-0.9360546494884688,0.2378520978568872,-0.7160780645014011
33.0,23.0,1022.4761962890624,0.6011226531257563,0.2059000449505426,2.508497319980165,-0.4158078010561121,0.0407975503460811,1.5179645176394967,0.3311985123034144,-0.6405671996578395,0.120163879563961,-1.2383987003238597
33.0,23.0,1038.1702880859375,-0.2453078072228951,-0.2471904711281904,3.1060820118782058,-0.0406050525604628,-1.07649988319828,1.1778730400779676,0.6779184006631507,-0.6674970506447311,-0.6232392702226299,-1.4715198547561297
33.0,23.0,1025.240478515625,0.1611900660630905,0.271483730314932,3.209098616777826,-1.109087932264181,0.0679923902708523,0.7106403315205503,1.1035267811405935,0.2649307424537985,-0.2517894186011737,-1.8568875724740463
33.0,23.0,1031.6634521484375,-0.7284447565476873,-0.4742886704012514,2.653232158771824,-0.2967378218851815,-0.3796945049114217,1.8065438756251604,-0.2251723968152559,-0.5305443612428498,-1.441185898868167,-1.5355743795995265
33.0,23.0,1018.9822387695312,-1.2137638643724618,-0.1969076043347435,2.818656943992892,0.2893798217148182,-1.1681859512408033,1.960969321073355,-0.4794903523305249,-1.1039488444545684,-0.0476270184015428,-1.3035412760894878
33.0,23.0,1037.90087890625,-0.9001608089431645,-0.1051978177655179,3.619450566198722,-0.0300426479753079,-0.0805504750436201,1.6464973344674716,-0.0987514182438751,-0.2750944869873484,-0.2413273004195257,-1.487119918811831
33.0,23.0,1037.8818359375,-1.9585205043977405,0.8455934052827416,3.383187142830602,0.0979466119435867,-0.7270325691937787,1.90730604190398,1.0773124726094707,-0.7682046171771812,-0.806387273810679,-0.8818429489323165
33.0,23.0,1009.7753295898438,-1.0176033929276311,0.4227576613189656,3.452489113497192,-1.250771930194916,0.0516845711637756,1.4696586007656744,1.0399548683600912,-0.7180490861593567,-0.8461086009083889,-2.9342314117773456
33.0,23.0,1049.4825439453125,0.8162490007601173,0.133858229297056,2.544608744522624,-1.1421125839404196,1.0258687268741244,1.1781908525892335,-0.2800172125191134,-0.4514038811353966,-0.3806419842583199,-1.2730017748434077
33.0,23.0,1017.63818359375,-0.408771861478896,0.5588453707389842,2.305405971001081,-0.3054775571832824,-0.7748346078664241,1.3125886652708063,0.9247646955742486,0.122580010647316,-0.4690981687293272,-1.425432411197468
33.0,23.0,1052.83544921875,-0.3780267190851747,-0.1753462585405234,1.4506014255700783,0.1737353654493114,-0.5036124966307796,2.8004149756518046,-0.0346231816446742,-1.3156718145110615,-1.1087998052665933,-1.1246218275350115
33.0,23.0,1018.6469116210938,-1.7132927613296358,0.5521635573766082,2.1222468338970257,0.0003976182830243,0.3378388077386498,1.947160103716767,-0.8395827565096683,-0.5280782565039219,-1.235412139396031,-0.7746712016855852
33.0,23.0,1044.8553466796875,-0.4523122725932245,-0.3159089731928572,2.9686668111427563,0.0854376370978124,-0.5564406093172138,1.872709089328328,0.3126379753123824,-1.1599801861812886,-1.309651755935656,-1.11365851474736
33.0,23.0,1017.5809936523438,-0.281282842178129,-0.266578627562736,3.160284946836084,-0.5631992777103356,-0.136084427915792,1.2883109347154162,0.4810476382785662,-0.3973567901457837,0.0442859657555718,-0.8901139931923376
33.0,23.0,1020.3992309570312,-0.7977129981892022,0.66887352533716,2.6044063849682573,-0.5661870572216063,0.2291893120943715,1.4683572972267855,0.3197039771653722,-0.2524361323276594,-0.5329205300682363,-1.937544031170134
33.0,23.0,1026.9498291015625,-2.0953111510764435,0.0937913450684373,1.910852445938236,0.5457047673296325,-0.1404785068738867,2.596032873029383,-0.3748969923148006,-0.2364028026511366,-1.2113652569836897,-0.8579828620045724
33.0,23.0,1048.8663330078125,-0.963381586452882,0.2518513677260534,2.268736023970442,-1.6735201335743222,0.1264070097756864,1.240647799375357,-0.2714296950193686,-0.4987485776220692,-0.167423789638307,-1.6853412178674914
33.0,24.0,1028.7119140625,-1.836887998463819,0.7336393040452567,2.2310631334051534,-0.0131392614821415,-0.3883531621752762,1.7129107577820388,-0.7567407143858169,-0.4574556625561623,-0.596105054613659,-1.574213634651013
33.0,24.0,1019.9852905273438,-1.243177813310267,0.1687912290453876,2.706819061255694,-1.3725210681427673,0.3405059315649028,1.0081735930126978,-0.2544727054872169,-0.5690395015037382,-0.1328565752195247,-1.6706504862983025
33.0,24.0,1016.1925659179688,0.3453130626603666,0.7869972698065357,2.4793206888182784,-0.7049972571017546,0.5723747766817135,1.3501418221894117,-0.4094285760361966,-0.8133783061694979,0.0378685561522651,-1.3273760517556092
33.0,24.0,1026.0908203125,-1.568202347283219,1.047788264367587,2.5149994872049604,-0.2698996777347782,0.2792665552445843,0.8581931406545067,-1.0178071228018837,0.0232124058719209,-0.8035021989823052,-1.3731200822066
33.0,24.0,1050.573486328125,1.46238490755207,-0.1859393516203438,3.196120991674732,-0.4217389414247288,0.0909918242161698,1.927989480674636,0.7558599156928638,-0.4415766383872546,-0.3030277865022563,-0.9752731597187384
33.0,24.0,1070.3150634765625,0.4145578392633542,0.3415429313788856,2.7315026643251947,0.4650963892939872,0.013897284213634,1.632496182915287,0.2511280057349232,-0.1242826670211254,0.4475298297771246,-1.024068497536474
33.0,24.0,1012.2908935546876,-0.6820357508239816,0.0564445854721125,3.130109094723151,-1.4901218203190774,0.013134229327897,1.2851977932134702,0.6646930203196781,-0.1915301074236888,-0.7547729121882609,-1.8265493550911007
33.0,24.0,1024.2640380859375,0.4516451719738734,-0.1820646947948816,2.463988676303255,-1.5859087673957823,1.376949576491605,2.117238691689275,-0.3049775595399291,-0.83556986234289,0.0200598364937212,-1.485710287069507
33.0,24.0,1029.8515625,-1.710141987499009,-0.1117119490389484,2.891942909374766,-1.2852378055705316,0.2696408556946386,1.250041660722264,-0.2517919307237335,-0.1767124338807493,0.143619053436927,-1.5537858881586808
33.0,24.0,1025.9158935546875,0.3411291719133347,0.3953464977949386,3.077168852905896,-0.5927885993318052,0.0137922350199009,2.166901100770092,2.0617598709834306,-0.4297911484021046,-0.4332139186647401,-1.6926805381120689
33.0,24.0,1028.1436767578125,-1.862998024150336,0.6379369774530099,3.363932366254172,-0.3207237765037103,-0.0918350391264031,1.0481298736758395,0.3380271425163705,-0.084146890544364,-0.2910483354608431,-1.4617509130970854
33.0,24.0,1025.307373046875,-0.8173529894973637,-0.4017992751972228,2.819517177598508,-1.027425570188229,-0.261475187958057,1.408527887252113,0.287107515730832,-0.7492617553931389,-0.7996189283134676,-1.4046648566164863
33.0,24.0,1025.59619140625,-0.8063869185283252,1.0063960253809707,2.4955392158574785,-0.8741841814279354,0.674338379874639,1.146071902997936,-0.1142851424579296,-0.0130355653660609,-0.450149187740914,-2.042914974669394
33.0,24.0,1028.52490234375,0.0725975851939022,-0.2258992268229329,3.0250097229356587,-1.1918940094929749,0.766009690909371,1.2961634155180697,-0.5703113500487014,-0.7028205450403782,-0.0451136094350621,-1.791887512121174
33.0,24.0,1037.98681640625,-0.9195226990718836,-0.0350791589281138,2.301254509457732,-0.2615535965251316,-0.4954940213746601,2.0746272204727134,-0.5983605721475023,-1.249324998775334,-1.549143024746554,-1.7800955720986416
33.0,24.0,1026.3984375,-1.0587373810938674,0.3241525106736702,2.290831899415396,-0.231898169723733,0.0231988121892321,1.954679392173632,-0.226182685042616,-1.012418830622238,0.0223046811037068,-2.178873187916887
33.0,24.0,1040.597900390625,-0.0433498583639071,0.2795861702101563,3.0205967721720377,-1.419831182773641,1.172395877959726,1.1647234801514363,-0.1304917693619227,-0.4760288113359392,-0.3032419163895099,-2.4195164957599014
33.0,24.0,1027.690185546875,-2.1777232676141645,0.3923623595782812,4.004090057189663,-0.4694844342832978,0.0010941929006014,1.2399798652013256,0.6387126898279867,-0.0754429595842314,-0.4904804304316972,-1.1780660194914412
33.0,24.0,1016.94873046875,-0.1680415545062352,-0.0401455131892243,2.3577419956766725,-1.2347098447417109,0.4883070106285467,2.000613436605198,-0.1963296673820371,-1.0760543419607336,-0.5381595753001616,-1.3186883553825195
33.0,24.0,1020.7175903320312,-0.1912746561823786,0.2056658771569424,2.942882186528984,-1.0223283062563344,0.1060984621071901,1.4248292546262942,-0.1524969207013988,-1.2812055247496137,-0.3341825913240441,-0.7255124008248552
33.0,24.0,1016.0968017578124,-1.6539595014765691,0.0083176350636771,2.274252846828267,-0.1160050645461279,-0.211671982535945,1.770729560311901,0.0135572462158437,-0.1483427710037235,-0.785836722191279,-0.3917086930817266
33.0,24.0,1027.55126953125,-0.3811379150505445,-0.0709229057358182,2.9511416339653014,-0.5665956987033862,0.9146338520555196,1.9378336386316288,-0.5018268410333242,-0.7401997383739909,-0.8707362168018316,-1.5209413590624217
33.0,24.0,1022.7723999023438,0.1049462364735074,0.1092599338515034,3.778970679618416,-1.7481466534053336,0.3379188257584467,0.5885165577933291,0.609953636686777,-0.3093525008018813,0.6764236937001602,-0.8321726972346157
33.0,24.0,1025.4061279296875,-0.2939068778467879,-0.1790435046012097,3.5176151099401025,-1.7545078149429032,0.9556927674188228,1.4276378995279675,-0.3850200953564773,-0.8247168556640236,-0.2137429814419942,-0.5668147343582062
33.0,24.0,1030.9169921875,-0.9081713119180516,-0.4426319674874648,3.142425108093022,-1.1844248131635164,-0.2896695237601978,1.2820165760862947,-0.0425815723255187,-0.6392106382879463,-0.2795420969466509,-1.2678986422693974
33.0,24.0,1034.4793701171875,-0.3438756904487068,0.7447883297492126,3.194169541316871,-0.527952670635389,-0.1697005069178274,0.911825946025945,0.1552127572696289,0.1725907800632882,-0.2690877126277744,-2.1207000542486165
33.0,24.0,1088.05810546875,-1.5095602383889202,0.0917468441594877,1.4898712999911885,-0.7505093153516542,-0.2302629269601261,2.189655439700317,-0.8111899154840598,-1.5818275498066203,-1.3907901219347991,-1.9348320812641624
33.0,24.0,1060.7091064453125,-0.7143914633499833,0.5475333838192995,2.596889359415102,0.2251881387797807,1.0462526477601113,1.649878338298362,-1.4180099698723243,0.0697068249213561,-0.4687748518951071,-1.0951098241923676
33.0,24.0,1045.48876953125,-1.748081075645869,0.1733945745305796,4.190759375986474,-0.4731557493109646,-0.7578769077552909,0.8087931422028882,0.7525938356116404,0.1982151752580607,-0.4441010094137203,-0.9560450183415616
33.0,24.0,1034.26904296875,-0.4709637114085474,-0.1275192462304453,2.256411134715006,-1.3633837064945915,0.7932420960774156,1.4276455420901275,-0.5340056506631194,-0.2873217208601266,-0.7037583938187781,-0.9117982809643204
33.0,24.0,1022.9811401367188,-1.2211917462131932,0.7065941075029478,3.4140493738478,-1.0008321319692477,-0.1728395107584779,0.6104409837639482,0.6226874841009602,-0.1660986335878602,-0.2109957195966414,-1.9679660205539529
33.0,24.0,1060.3857421875,-0.2445915287608482,0.424165739302289,2.797852316996549,0.109339053441416,-0.4291389097038713,1.0756265796974258,0.8410830550511168,0.1415011695881745,0.3455369594131321,-1.1143886118235713
33.0,24.0,1035.548095703125,-0.7588214914988693,-0.2870149168743445,2.540291712771732,-1.0725158121162215,0.0467710774274934,1.830737032541344,-0.3537901575744877,-0.6475528334199492,-0.5412759084293901,-1.0165944474606836
33.0,24.0,1038.507080078125,-2.36836350226888,0.8847891775457475,2.1177693293488,-0.3711960567406862,-0.6023218446115255,1.3765532991149323,-0.5857005119096206,-0.254952728495879,-1.2410864425150256,-1.8214585965848489
33.0,24.0,1054.47509765625,-0.7402637027810126,-0.0951389914397466,3.249510199460561,-0.4177395515059867,0.5481216110301492,1.1920833873495766,-0.5374191703323339,-0.2262037955931815,-0.3232857994981506,-0.5738941970426321
33.0,24.0,1019.1100463867188,-0.8378940132563484,0.3653188377654706,2.6375794283601586,-0.3439257508889213,-0.4481061669967499,1.460873622670304,0.1453931871800984,-0.5253471524747999,-0.0960992647195171,-1.9556447745938992
33.0,24.0,1020.1785278320312,-0.2605226553494004,-0.0383099395345132,3.5759630819816497,-1.860219088663487,0.7539975677906865,1.4666202937713138,0.5203142345545331,-0.8961920239042085,0.1946960544549911,-1.044109814292583
33.0,24.0,1040.229248046875,-0.9182181846848884,-0.5439198104457263,3.1979444979485763,-0.5836192944795124,-0.5215536479687124,2.114233498784549,-0.6670384772363729,-1.2980996427960625,-0.3882861037753642,-1.3142377893454644
33.0,24.0,1019.8663940429688,-0.936935509243594,0.3626170464328426,3.3769802772842734,0.050174971501038,-0.4196561618800096,1.5070573165247918,0.7457129008924737,-0.2506194127643768,-0.5120393922967317,-1.6380447367802842
33.0,24.0,1013.050537109375,-1.2002325466331838,0.5571830213397959,2.878167579272937,-0.8399199049157424,0.1328875336834567,1.772353493268291,0.4153207247116066,-0.6869269780614076,-0.7432433144381196,-2.257069263090901
33.0,24.0,1034.4007568359375,-0.4923996134090931,0.2495448233753414,2.2588459896042874,-0.8322073022701559,0.053195067466202,1.435180590661577,-0.1968199395436922,-0.7032390816455445,0.3662090963838791,-1.914608981748472
33.0,24.0,1036.6639404296875,-0.8176199954737902,0.1218650966615335,3.771057359142681,-1.109311167234874,0.8422250349564138,1.611245228703284,-0.0257525949996715,-0.8320408873396374,-0.7240551296229665,-1.3397639273821058
33.0,24.0,1040.375,0.6482525700261821,0.0283032311478166,3.250965811268955,0.0312176413040905,-1.603758970376028,1.5000352792564904,2.1910918333931706,-0.7607707895421552,-0.5189697469390682,-2.9291155560593083
33.0,24.0,1011.3860473632812,-1.330181649945319,0.0358246458262234,2.214530892762074,-0.4485096902449967,0.1857159402133419,2.0280706429284674,-0.8072767530254774,-0.5225955805351452,-1.5408658813353997,-1.551087132247171
33.0,24.0,1032.359375,-0.3843189486246885,0.7824740062311921,2.6918084593215843,-0.8785448226493369,-0.0412947287259308,0.6450241043135119,0.889639395360236,0.6555314244439678,-0.3581728245198947,-2.4768407650440345
33.0,24.0,1026.6485595703125,-1.1813824020803805,0.2614400799152205,2.9715117435520053,-0.6927494828352874,0.0731108318335227,1.4451395862820595,0.0728933808848575,-0.2073563465642678,0.1752608150759051,-1.0564175652445664
33.0,24.0,1044.725341796875,-1.9590303789083885,0.1542776293481926,3.855423740752313,-1.616293056046605,-0.2649469269076654,0.9421885076171588,1.0011400347266397,-0.1818336905070809,-0.9180364338062948,-1.650446881958299
33.0,24.0,1043.0135498046875,-0.3613242127743348,0.2661266891493206,2.853270782989941,-0.2036731267073426,0.1868170566402742,2.1527346563998098,0.0059632529057429,-1.388355214207384,-0.4303968621306362,-0.9052432228609808
33.0,24.0,1011.5874633789062,-0.8397494933030121,0.3363818070752176,2.890576686629972,-0.9622420334187778,0.5879261134887868,1.256178738654775,-0.0915058889179096,0.3202162491857727,-0.6604371887228231,-1.883720117090358
33.0,24.0,1050.978271484375,-0.0833522523101031,-0.123948131333238,2.523978274824091,-0.9406422539756552,0.5529956758008767,1.5732177772154443,-0.5949750961971221,-0.8326580560386319,-0.9406763144218298,-0.9831246182941538
33.0,25.0,1026.5487060546875,-0.721106037879073,0.4127990808203563,3.3489765377608087,0.0372574614724623,0.065814509043653,1.1246542469487686,-0.1251256714262538,-0.1452279119034667,-0.1339608268324896,-1.3861052359640635
33.0,25.0,1033.910888671875,-0.5197896901131083,0.374716662084027,3.486113657967403,-1.3668621062236284,0.5789463680025229,0.7554807612008672,0.3138384057361048,-0.0221682242070979,-0.5018081942898807,-0.8805293881287852
33.0,25.0,1027.0003662109375,-0.8516359186167266,0.3038616731279431,2.511035022164534,-1.3308954608638053,0.2799943906524751,1.3420692915180634,-0.7896278372989318,-0.7542711650949094,-0.7536223660599966,-2.501500273757334
33.0,25.0,1026.20361328125,-0.6718773219572132,-0.0535528624810801,2.9055043286051463,-0.6521237565344418,0.2416036315226977,2.4216339569151266,0.2658705450368988,-0.3786121269204532,-1.0939112174687402,-2.636341476852292
33.0,25.0,1057.0477294921875,-0.9439950296040428,0.2846673812804869,2.2959130502165213,-0.918425254100958,0.9751984387407476,2.0245920014270213,-0.4179660935796354,-0.7027095662315324,-1.1107302106522288,-0.1223522797483962
33.0,25.0,1018.1826171875,-0.2462406536008448,-0.3161472966955569,3.407898897912053,-0.9338512422162406,0.2031917211004454,1.422602716668103,-0.0879597261694344,-0.4218944403227969,-0.4469932707700632,-1.5012553627426728
33.0,25.0,1012.2205810546876,-1.3371508302393362,0.3107427688935074,2.837231116736719,-0.8071084745462285,-0.0107682220735272,1.319299799408169,0.3750255583245607,-0.4421063820163393,-0.610322607807265,-2.6159073666580386
33.0,25.0,1027.021728515625,-1.67910401981394,0.6554306475313023,3.048684442601884,-0.2721848988315427,-0.3711379669193988,1.796840163687044,-0.2750752623772641,-1.1444096504115842,-0.6211823290346921,-2.3275995163063
33.0,25.0,1027.8646240234375,-2.3532540754754616,0.5340684458439995,2.5345249229783224,-0.6846936439297773,0.1577279211191751,2.057047202610216,-0.1911509095966908,-0.114332487717931,-1.3201433064171262,-1.359528539488891
33.0,25.0,1039.30810546875,-0.6733986181959466,0.4218258115052498,3.227821309396248,-0.2516581605182395,-1.0904603065174898,1.5227587015790984,0.4200034125908081,-0.6885835676966341,0.0600143904542749,-2.236049393531318
33.0,25.0,1012.4707641601562,-0.3103946562298576,-0.2936388288068974,3.622549599150169,-2.030225077041534,0.5488903412616599,0.8420318153538711,0.8238816427920437,0.0900672215423785,-0.15833168826176,-1.907127758675939
33.0,25.0,1028.92919921875,-0.8232689864686931,0.2395143684054836,3.168743138955584,-2.0035047473030465,1.0110263618885078,1.2733168557534853,-0.0096143227227836,-0.8249991341864851,-0.63135497907325,-2.10508886903239
33.0,25.0,1026.39306640625,-1.7525010996348418,0.3015620460088168,3.359821584255423,-0.5702461017676184,-0.0357259075352001,1.16272165517449,-0.1616808002729612,-0.0914163845607927,0.0779745195521206,-1.7592037870825674
33.0,25.0,1025.7044677734375,-1.0828354661436452,-0.1414290316871946,3.138148832976615,-1.0302416348505563,-0.1511423477422706,1.4852935681626835,0.1610165791216298,-0.8885086037780283,-0.8501880217822411,-1.8295348154727509
33.0,25.0,1056.7645263671875,-0.7112486237292615,1.0213803309499063,2.177502830936122,-0.6784700593616968,-0.612249026419077,2.186507534530202,0.8567145085358785,-1.3777431141702396,-0.3680049972267101,-2.45869035166386
33.0,25.0,1026.2022705078125,-1.3430815286937192,0.1670045682980365,3.0525019613387965,-1.6820566857899126,1.168812580387371,0.9983934402487824,-1.3140746652069972,-0.2284267302893825,-0.9079057652986052,-1.967065241981984
33.0,25.0,1034.16943359375,-1.603081352894132,-0.1472972625125965,2.9188158543496723,-1.05726445477148,0.0005702970132057,2.2826845142047203,-0.0624375083406087,-0.9266616998253951,-0.8128003953592975,-2.307497333253421
33.0,25.0,1020.777099609375,-1.3024692419445794,-0.1265223160495292,3.4394186459585594,-1.3702213465965452,0.3772080841735192,1.6644460768648166,0.2463859957475591,-0.3894375405309009,-0.4736649918788185,-1.7201596364342668
33.0,25.0,1025.312744140625,-1.2095065786500827,-0.0861370466134294,2.8272071067228586,-0.5898950983560507,0.0076648403093662,2.067718872158073,-0.5820631060710575,-1.0784288243618811,-0.8177573708520294,-1.41342232903038
33.0,25.0,1015.177734375,-1.498239961696365,0.2684834470541872,3.1933446778371817,-1.5544840956732244,0.7754655167360749,1.2768368173892632,0.0903561568509641,-0.1538838988319426,-0.1098053956593103,-2.08131741042806
33.0,25.0,1025.053466796875,-0.9494862210211572,1.1700476228469512,2.413523163665252,0.6054889033134936,-1.065865416849367,1.222350220338293,0.7356938385012546,-0.0877274376915089,-1.3036248499459795,-0.8540561542922527
33.0,25.0,1033.063720703125,-0.6985465917428888,-0.0497539758741485,3.120542768151129,-1.1429674646670869,0.0759989080166381,0.9956395165073904,-0.4992557169527805,-0.5386720382305157,-0.3535933770450592,-0.6005051718522019
33.0,25.0,1013.3250122070312,-1.2595141474539369,0.5388174802215584,2.9644477269365304,-0.1879048137752006,-0.7038512625075439,1.77261244426313,0.9617493573458962,-0.683022376135459,-0.2577275249969402,-0.8178721598971972
33.0,25.0,1017.75830078125,-0.7801598443518101,0.7086263860496356,3.402603438938856,-1.51793440652171,0.1584671549394283,0.5453418634474243,1.279153364832367,0.4335632803150657,-0.1931312140900596,-1.415663090739281
33.0,25.0,1046.79296875,-0.0766992392149061,-0.2799994937915526,3.3420396144721494,-2.584204519407836,1.2179845892364307,1.185275733273622,0.0764727623681018,-0.7238981038776977,-0.0703097758544055,-1.4753478115003875
33.0,25.0,1035.7628173828125,-0.96590794826393,0.2886897998541951,2.848067806326542,-1.433034838399526,-0.5566115900685489,1.2166860993892472,0.6135158486166237,-0.4745876370507016,-0.9558044238180994,-1.7548980216593
33.0,25.0,1019.4945068359376,-1.0581285351983245,0.3439865804388251,2.8414654629955924,-0.8326228880265232,-0.3663838020333907,0.8253938672017469,0.9785064062081892,-0.1844080935793375,-0.4017501109822756,-1.9697540384627072
33.0,25.0,1013.96240234375,-0.593576349727404,0.4285989433656887,3.0445144550522905,-0.9501303320620949,0.0866862709066218,1.3748933165755677,0.8835711248501195,-0.1347218443406186,-0.6740442136862477,-1.759526402047222
33.0,25.0,1023.2610473632812,-1.194574035893066,0.4031659370084206,2.371895009070516,-0.7870344630776511,-0.1944816751257727,1.7277668505150323,0.6798055412862531,-0.6486374293019921,-0.7116653857888791,-1.6849477202016407
33.0,25.0,1071.5244140625,-0.7540972851329331,0.6622218128382134,2.7477754106236585,-0.7111697330725635,0.7952994209781474,1.8123428481078392,-0.3529146982076252,-0.697855809594464,-0.6684732476486728,-1.021543338808634
33.0,25.0,1029.8917236328125,0.0876583709857534,0.5549066646344851,2.778004800805731,-0.755458669710988,0.0648781831573197,1.243440632878972,0.1967294521502101,-0.406706157609177,-0.8226952714335605,-1.1366548381381052
33.0,25.0,1023.0879516601562,-0.1080228963817653,0.2749480635080452,3.2584548982324044,-0.8820751335470014,0.061529937171195,1.573197714953027,0.772563788333553,-0.719701014273201,0.0687579531726436,-1.1212809945826652
33.0,25.0,1060.908203125,-0.1470375755450401,-0.3483404583744631,2.712412803683641,-0.8937693040749926,-0.3251908804043646,2.0310181519364896,0.8196330171636177,-1.5362764002134544,-1.2934147378446048,-2.316749259854692
33.0,25.0,1025.359619140625,-0.9836170642253066,0.4381063157485387,2.119114179454985,-0.6887793721356044,-0.2772935776748975,2.2471718409401644,0.9132390491885918,-0.616705820319023,-0.1909978878996003,-1.6514330634570378
33.0,25.0,1011.2960205078124,-0.8259945287233386,-0.4405971716642174,3.513084742199218,-1.440428992335996,-0.1012574554070244,2.0771974124514188,0.6020957354063299,-0.8508815176190634,-0.2089656931016961,-1.9385449124380176
33.0,25.0,1057.4705810546875,-1.2493931694480036,0.3707337779175734,2.872562996197715,-0.5855445479923702,-0.5448819815578911,1.3564876771918382,0.1543450698052773,-0.9092737257679336,-1.4475731555149118,-1.8717019800808443
33.0,25.0,1040.0067138671875,0.3264434109895884,-0.0458088309323088,3.103445135992912,-1.2976708802048091,1.0338981855350615,1.5084026251347016,-0.1114552761852394,-0.6316274677613114,-0.575896810387909,-1.982187487183948
33.0,25.0,1029.2274169921875,-2.030402564636178,-0.7640342601259347,2.6725006252373698,0.187359017590305,-1.490978792357715,2.566562811529334,0.1696222970369802,-0.3984005171912965,-1.1817566879911483,-1.3216887191258877
33.0,25.0,1033.4766845703125,-1.6924586463562503,0.538670864780082,3.2540885119707905,-0.7840996022668483,-0.0145133235226486,2.172114069983415,0.7339716906492004,-1.2942387807723987,-0.6423416113232827,-2.2800490079681177
33.0,25.0,1029.5987548828125,-1.1647260818135194,0.314128065872592,3.3913219651288387,-0.9727193794196828,-0.0134015996676115,1.6752837427447318,-0.330553150668555,-0.9806969656485708,-1.2626761901906356,-2.12854696233894
33.0,25.0,1041.1343994140625,0.1009380365514287,-0.0985029268651285,2.0856309412847978,-0.6556504747254142,0.1743553402890647,2.099074796221587,-0.6410512837347992,-0.7004673603784282,-1.4700889364164067,-2.489498905161166
33.0,25.0,1047.637939453125,-1.5305075172964964,0.4101794375315091,2.9764412523146504,-0.600227548307207,-0.5853702856277092,1.328491391334257,-0.2706915850251414,-0.8020530246424764,-0.9064549104321564,-1.361937263839307
33.0,25.0,1048.1085205078125,-1.08948647305616,0.0266839504978619,4.020691177236005,-1.0204887688711048,0.2334513098991024,0.6806525220981303,0.755434041604901,-0.1102628639545288,-0.2237192812644721,-0.585469559655377
33.0,25.0,1013.9950561523438,-1.0149786633535065,-0.4591289127285307,3.032541732508614,-0.5476476364909209,0.1521607158193578,1.4843780972930452,-0.3245804774770411,-0.3465046237168012,-0.5647881114319517,-1.7489204638868765
33.0,25.0,1013.1192626953124,-0.4086720113529472,0.5390402965438765,3.1665424884641524,-1.3275202680798492,0.1307964033401356,0.607513471882692,1.1914279912228505,0.0732496893139593,-0.198093281582345,-2.006568319079662
33.0,25.0,1017.9453125,-0.6569823248951598,0.994817546244148,2.7923099362559034,-0.3462777679457751,-0.121859157507016,0.7746878273074458,1.0778993654228577,-0.1384171329686498,-0.0894843604830617,-2.045608099222095
33.0,25.0,1057.0467529296875,-1.1931890553582152,-0.183490681856929,1.990332625796797,-1.2157028006011714,-0.2566290710879251,2.044806974682724,0.5922432317472186,-1.016008711219678,-0.7443916339077887,-1.5832176569574203
33.0,25.0,1028.762451171875,-1.6032068187397217,-0.3211223498804365,3.176297555276804,-1.3351220391130971,-0.1846717626317771,0.7739302719052619,-0.2841532270660476,-0.010721973487465,-0.2020310071906088,-0.9272329108387404
33.0,25.0,1011.7232055664062,-0.3433928389421057,0.3701787079921237,2.760481732588379,-0.884323500990269,0.5354963811380689,1.292394549231708,0.0287053005502526,-0.2032447033805393,-0.2004011982957765,-1.6067027057794308
33.0,25.0,1010.4114990234376,-0.544492013991964,0.0078707602109329,3.5810176784849066,-1.0966288837738674,-0.3639886466985507,1.5908050728501957,1.0565510706994772,-0.5615236895551892,-0.5981768842611555,-2.447415458471159
33.0,26.0,1066.763916015625,-0.5150255276225062,-1.0927908888025306,3.67310026886811,-1.9213605435789312,-0.2041109093120816,2.187969142744919,0.78493018111672,-1.464482681970729,-0.6980529711802745,-2.561930689426339
33.0,26.0,1023.7560424804688,-1.95952529406428,0.185735602874125,3.1733082150089658,-1.0620644539545037,-0.2241919471182356,2.1137406973726787,0.4258318761349446,-0.8033939101705299,-0.857209247095235,-2.6819730780547344
33.0,26.0,1052.992919921875,-1.1481605725606996,0.172526827504492,3.6032299947424615,-1.1431951194775056,0.4387190670460477,1.3920842990817617,1.74793522120288,0.4428912404679579,-0.6899669002202762,-1.7315460696687357
33.0,26.0,1020.0369873046876,-1.212296902274734,0.709397979725348,1.98062695843586,0.2028257924633836,-0.9618802034179704,2.02925086112264,0.8187991792356204,-0.4233201099743269,-0.5844730333959589,-1.723965562373099
33.0,26.0,1036.2667236328125,0.5216937786759797,0.3838373698638273,2.807669492418226,-0.5134010176840222,0.8746260319481545,2.1182321094634693,0.0009684501866944,-0.5515949686529256,-1.0664845135362344,-1.7073850410278868
33.0,26.0,1030.82177734375,-1.5671668064946576,0.6701843442032471,4.274370394104912,-1.0978977657625015,0.5029680509932444,0.7216197049239295,0.717299389158593,0.1433329526306046,-0.7118573953175424,-2.7792261107020457
33.0,26.0,1034.573486328125,0.2400889404719306,-0.249143229229019,3.436032295766015,-2.35008469923474,0.2735551838401298,1.229843098593709,1.0132540212885042,-1.2535201900773818,-0.6400398430869805,-3.486521469577148
33.0,26.0,1031.2548828125,-0.988294594441162,-0.4345346903688432,3.4036670410435512,-0.677619594727565,-0.4452658569782253,1.934506922408184,0.6559915490165125,-0.7888430770696733,-0.344848616338071,-0.5306703182395909
33.0,26.0,1036.5975341796875,-0.0250492198296594,-0.443775175033462,3.683590323361861,-3.034730770191854,0.905847293858411,1.360098627612139,1.5182345060585067,-0.2342022959354679,-0.2910156989040775,-2.412929521193383
33.0,26.0,1006.3547973632812,-0.7191927071538551,-0.000844579979061,3.5726680660728896,-1.044094548713562,0.2290563309916491,1.292877482509731,0.1898402881772405,-0.5269051569835783,-0.099591617227257,-2.1883246661287203
33.0,26.0,1020.777587890625,-1.0295732821107473,0.418421460359121,4.105613578161529,-0.7609172404682774,-0.6623686822093475,1.5982601026510783,1.9526186774256296,-0.777124538687934,0.308590469854745,-2.558243554458361
33.0,26.0,1033.2294921875,-1.7020238733494786,1.3372843374215329,3.005014255375425,-0.3806556995953798,0.0296525205207744,0.8857076028880675,0.6013813047436765,-0.4080361492044702,-1.0465033025857895,-3.3053483957982186
33.0,26.0,1021.6047973632812,-0.8422678507434869,-0.2199832840358198,3.057327387662843,-1.0615477776148192,0.0105333986871114,1.5321455776297022,0.7558068636166677,-0.1298178863932744,-1.1211146318269112,-2.7995185810905507
33.0,26.0,1046.3741455078125,-0.9690526167561692,-0.0726998677667492,2.676264270895304,-0.8959085022606423,0.8674166407736479,1.5718067940083156,-0.3268216695803154,0.0385399138844357,-0.1221494808915952,-0.8919916095896241
33.0,26.0,1030.68115234375,0.1068646843730132,0.2342041848330422,3.044842009127036,-1.0718804247760296,0.345475252461985,1.0457626370218271,0.4931792696683734,-0.1988258378778944,0.5881357253110053,-0.9479207037058766
33.0,26.0,1023.7699584960938,-0.9490961863205136,0.3072641779071405,2.859456912565697,-0.5626267175041697,-0.4125650952633304,1.870483509438524,1.165002741876294,0.2929803182930559,-0.6296896456558443,-1.26745633274516
33.0,26.0,1019.98974609375,-0.6800759036901729,0.2709187653478926,2.927962708735526,-2.1815257083733472,1.2404017866554078,1.7707636783855305,0.3038053391564634,-0.08261744320541,-1.0095863948797985,-2.2229163785102863
33.0,26.0,1034.7457275390625,-2.0046952045061666,0.4451199193392714,2.349503432805678,-1.1861946774938137,0.3749042004867622,1.301231778145917,0.4990098933070994,-0.3980206413154095,-0.861733273163388,-1.6460505649840966
33.0,26.0,1040.5865478515625,-2.686915124882728,-0.5361423078609038,2.860739299825852,-0.8892257214354862,-0.5633017349314215,2.114615005853066,0.678755874798199,-0.142809207920763,-1.6624613221449676,-0.542303972965871
33.0,26.0,1045.8016357421875,-0.5358011517468695,-0.344944467030337,2.91286425084572,-0.3885566862584646,-0.2116863750736168,1.9901819249372323,0.7603158368039411,0.4016551244327724,-0.4120718361706617,-1.536277551585871
33.0,26.0,1027.09326171875,-0.4544314793626176,0.4202497701900913,2.966465546346396,-1.7191999869077663,1.244162502317918,1.130341721024383,0.4674042459067689,0.1398203079336122,0.7337936797517965,-1.2012805474470318
33.0,26.0,1026.6588134765625,-0.5199842542716304,-0.3068393628321972,2.65860614236976,-1.4866940998826903,0.4067307154305455,1.7762247181224966,-0.3710667108392833,-0.4896486333591454,-0.1194355434338838,-1.2569620811200046
33.0,26.0,1011.255126953125,0.8648231784463363,-0.0242508206191223,2.5044004537388123,-1.0846201322341216,0.9161339422020802,2.1344269994627707,-0.0447511129958071,-1.012818342402654,0.1592587604802808,-1.115933523061079
33.0,26.0,1034.822265625,0.1891842144443991,-0.3024757471615471,2.9254052198645555,-1.42897778902281,-0.6288280403486546,1.3640646636873868,1.5107352963122551,-0.6391631207858985,-0.7761580006792164,-4.379956286517376
33.0,26.0,1049.02685546875,0.088647326337651,0.3954568074096229,2.9790391916913928,-3.21826619173598,0.3221079942796763,0.6178282503000219,1.1569889055108993,-0.8787153441128766,-1.7647906522586665,-4.360388298689791
33.0,26.0,1066.9407958984375,-2.39877583607914,0.3737397552948875,3.6341431438767273,-2.030482664093026,-0.1669365590640978,1.234610672159575,1.5726464397934403,-1.0648556571457628,-0.900904977892063,-3.8473467625186863
33.0,26.0,1024.5128173828125,-1.507815488111027,0.8647465537852339,2.7846362346251,-0.012596846386196,-0.8835946966454777,1.0199424828206114,1.7905317210502965,0.2451145427202288,0.1108093826978162,-1.971095316568264
33.0,26.0,1034.8575439453125,-1.2907605184102442,0.4221025183022036,3.345739097028309,-0.4874931511262623,0.5750341127730172,1.550994134285725,0.1979887708127679,0.2156722812402947,-0.0018098844289795,-1.110050595970522
33.0,26.0,1017.3346557617188,-0.6120366239125401,-0.4540407388966594,3.7073045338180446,-1.7649778902721271,-0.6476047291633531,1.660920480588465,1.69054038303676,-0.7878202848125495,-0.1990190307377881,-2.5119012653243096
33.0,26.0,1045.1287841796875,-1.9437501777933328,-0.0989030401062365,3.3480475876136,-0.829651953876926,-0.7167843685722932,1.317522909075425,1.332737736604079,-0.4753030799748901,-0.9349526261584468,-2.9470701004281903
33.0,26.0,1013.6649169921876,-1.6087786718490178,-0.1908811217528692,2.24419528365474,-0.5873564721265883,0.7057991404455555,1.8976121166331383,-0.5001148676932656,-0.1408700897972705,-0.4179375678426726,-1.5110845476590755
33.0,26.0,1024.748779296875,-0.8107364642094872,0.2287444684316462,3.656249789483708,-0.956689828659692,-0.2594663479042678,1.9715048262353736,0.9729776526945252,-0.6846894473070542,-1.0358591800244432,-2.5010827603795818
33.0,26.0,1014.5881958007812,-0.420293298220086,0.2073144675871532,2.572013706783598,-0.6930657724596045,-0.5617721827378084,1.844237855090273,1.0164024500140592,-0.7245056721959129,-0.078556556613714,-1.5418719882542151
33.0,26.0,1027.008056640625,-0.2332785807681707,0.8399576786104879,3.731645071708962,-1.783728529506572,0.8067677647386686,0.5964875735075124,1.4020414536121637,-0.3048101938545215,0.2119399357655016,-2.6224462911257262
33.0,26.0,1036.1243896484375,-1.4484865582447934,0.6178209217612451,3.406000863444836,-0.4728227294894482,-1.1558778739820037,1.81183710923258,2.111546461104556,-0.6420008579856411,-2.39486005112711,-3.280087589261774
33.0,26.0,1019.0849609375,-1.089116933027514,-0.1207193584208345,3.152867786330308,-0.5205603533190457,-0.4345646330112096,1.83835619562308,0.2861433759909175,-0.3661692509906791,-0.4980309171619419,-1.3634385966131797
33.0,26.0,1059.843017578125,-1.5139364404424822,-0.5100648769102065,3.235613717410025,-1.2218734021082591,0.2941258657090859,1.917150797115923,-0.3463004062638655,-1.6410419849759177,-0.9356014226993236,-2.185659112895519
33.0,26.0,1051.1082763671875,0.3763842021564434,-0.6259543664222624,4.359923296429187,-2.724383552112522,-0.050965131138251,1.0289644608677495,1.6271386775234251,-0.7633669550336117,-0.3147620604969701,-3.183883515630702
33.0,26.0,1011.2182006835938,-0.6356643059799252,-0.0710646213622352,3.636528985217616,-1.4095493299605022,0.2109790556814168,1.21650226182512,1.3618448356759147,0.0236869631796903,-0.553274300613201,-2.541807721167072
33.0,26.0,1027.375244140625,0.8236740415911967,-0.3800505825474563,3.617694223343937,-1.510411977778991,0.9372028316777828,1.7009471389770017,0.2557336343300855,-1.3435053402897943,-0.3142349811701113,-2.7889807765432995
33.0,26.0,1038.1292724609375,-0.7632974148330174,0.7354631335735178,3.072676968099886,-0.7698789162662658,-0.3162342376460785,1.3197467527634767,1.489509289470635,-0.9302655910016576,-0.9468170624926816,-3.629108079380704
33.0,26.0,1043.4991455078125,0.573897305593035,0.7417767312926928,3.294113527251476,-2.3772348263719136,2.1603813959339666,0.5604796989350156,0.1528889525105494,-0.4760700870558869,0.29403854235475,-2.6801459641046845
33.0,26.0,1024.9189453125,-0.9988252444379347,0.7561048067244966,2.326938115195399,0.3983788325405246,-0.1632726603350667,2.075578646462209,-0.3178631468339805,-0.5078043724432044,0.0986566648567732,-1.8527351728307684
33.0,26.0,1026.06591796875,-0.5958409276042227,0.2774625739261367,3.6393475616260655,-1.6649176243852808,0.9225278550038992,1.2556009150478271,0.2022315173026978,-1.0351788897895178,-0.3311462955526369,-1.2293551766967248
33.0,26.0,1029.4652099609375,-1.9748252059359133,0.3617933819118724,3.107330743046475,-1.2004270040356828,-0.7115470973717839,0.9889651775845928,2.2395930095611973,0.4088548036449477,-0.6662173611791751,-1.7012408784218804
33.0,26.0,1041.0069580078125,0.0282242344092296,0.3774459443234743,3.05817830739331,-0.4645992744453204,-0.3167747885804841,1.671598511065083,1.9234414605013992,-0.46317429372146,-0.5291873831129497,-3.540626708341559
33.0,26.0,1023.5390014648438,-0.7489719471983429,0.6176475046189722,2.452473601109233,0.4928160929909539,-0.8530899021265963,1.4229104409289608,-0.3132231893090784,-0.3232777301098632,-0.6642764348739458,-0.6038151239783067
33.0,26.0,1033.4232177734375,-0.616206789377979,0.1063058076341398,3.9034154385167614,-2.590802169658621,0.3016871455523091,0.4773669553485424,1.5880140982816524,-0.7842526107355656,-0.2839152790229011,-2.287470645859324
33.0,26.0,1013.2135620117188,-1.018507009035848,0.3113605070351157,3.738604373583396,-1.0753607278432449,0.3590813929816825,1.105876460695966,0.1143261541696549,-0.4294263918880228,-1.604848435071733,-2.330809218995745
33.0,26.0,1089.5826416015625,0.656458212582196,0.7010678895237152,2.279504828268779,-0.4478617719491655,0.3503161423385297,1.535769314305579,0.6110972167460096,-1.050849091929293,-1.082100398075009,-2.840926668462027
33.0,27.0,1037.6304931640625,-1.147150150447554,-0.6070511387159874,3.838459369309661,-1.9679649087183064,-0.1698401826578068,1.4544360796653075,1.2183406772291132,-0.7207092358785676,-1.158923334728279,-3.3786657195427128
33.0,27.0,1031.093017578125,-1.2894848419904998,0.0209355674858224,3.833502939718596,-0.9424550475961108,-0.427525001366698,1.1641039995627729,1.5170045792599316,0.2129998067410472,-0.7862241694887189,-2.32635343712768
33.0,27.0,1014.365478515625,-1.4355421610558357,-0.1439199471059362,3.033088560770663,-1.2478564616901466,0.6864832914539667,1.779719817264212,-0.3542861080125945,-0.4010156226297914,-0.2989488083294489,-2.017853483322769
33.0,27.0,1034.978271484375,-0.001450881908366,-0.6444181128891211,3.93110180783461,-2.593504317893582,0.7992000698097321,1.4595875906146087,0.7502430327607339,-0.6008196766389577,-0.1764630062727405,-2.124200214709905
33.0,27.0,1039.37255859375,-1.155691271735773,-0.6651220378787039,4.751057400955542,-1.6660347784154317,-0.4007244674575387,1.5729821509394455,1.5649284583705274,-1.1587143197900374,0.433117439745601,-3.0236734702070045
33.0,27.0,1025.086181640625,-0.5521586819018056,-0.2132690551318674,3.568314915457382,-0.8135974658559348,-0.9777065803164168,1.4615839765741931,1.3549808704382018,-0.684290964149274,-0.5416840796146447,-1.5138048612700494
33.0,27.0,1040.635009765625,-0.4213276388269928,-0.6285942500981587,2.8809941617113424,-1.2744468413107168,0.586553937075653,2.773046150738198,0.161661674052814,-1.0927903882650902,-0.1525943655621748,-1.922807213023821
33.0,27.0,1015.375732421875,-1.1719098448073213,0.4663032075900837,3.2925948563006617,-0.8617009180474646,-0.4785688394804559,1.130007828690193,1.3817314693611564,0.2776334714512662,-0.921557008189768,-2.7383378138212464
33.0,27.0,1025.3812255859375,-1.9857668714152887,0.7224072375122219,3.590818630152171,-1.0937110706770286,0.1154013604756389,1.3694911070106863,1.261433338245217,-0.1619048736852519,-0.9752627973316236,-2.260823215384036
33.0,27.0,1023.1270751953124,-0.7026543348569536,0.3538517660232507,3.769081689113257,-1.0574270536391266,-0.6959936951211771,1.667462665257342,1.8951926668583408,-0.5564073903293378,-1.684312771823392,-3.389003779081292
33.0,27.0,1008.4370727539062,-1.0860495972516917,0.307599514995295,4.29255128177838,-1.8572800633035924,0.2725360562855794,1.1105579696503654,1.462001193746869,-0.0464602895090795,-0.7513595614890853,-2.940750881855741
33.0,27.0,1027.4217529296875,-1.2977397151750871,0.8552305016767505,3.217255071978816,-0.7649458119162267,0.0189781073796648,1.1138044676553216,0.768790291089589,-0.110478151112499,-1.0466273485419468,-2.286513500465606
33.0,27.0,1020.5770263671876,-1.0565610803871106,0.2967787177362293,3.411795861500636,-1.0846047990453251,0.3766277654490677,1.0294316741352594,0.2067141797690883,0.1842638740749871,-0.5906079565621338,-1.8652584755347283
33.0,27.0,1013.6836547851562,-0.7931117074801257,-0.4298442114929148,2.9309469190982416,-0.8923687368891091,0.0993998573477084,1.6637811545594072,0.4200532752200692,-0.1377439834145555,-0.4001895847112173,-2.462414680504479
33.0,27.0,1028.958740234375,-0.6662409411942747,-0.2465809586656533,2.472895528111918,-0.899997290409444,0.1601176035116749,1.36557803836698,0.3565454460745876,0.0451247310755835,-0.2602020955998219,-2.005164171332034
33.0,27.0,1041.01806640625,-1.2418465865990385,0.7954905584230252,2.3755927919145368,-0.5162794429774991,0.31726148396897,0.8625861628088716,0.2214552772036615,0.6199568189602154,-0.1197258280590753,-0.6528327252628019
33.0,27.0,1019.2318725585938,-0.4180950313383897,-0.192297333226584,3.003413570759029,-0.2733809261958555,-0.5811091907236214,1.966292881268832,0.7031490218237302,-1.2675045141806462,-0.1164722170334737,-2.004128780762452
33.0,27.0,1035.7547607421875,-1.7516542022144934,0.8932935678439726,3.172864192448138,-0.1309334761539728,0.221283850412032,1.3462544295528147,-0.5799735353209403,-0.126215812326917,-0.0632193190640553,-1.3079949370328894
33.0,27.0,1018.1741333007812,-0.612612777263398,0.2631898853681793,2.966848380412971,-1.3576926391299255,0.3499326426158724,1.015141366467862,1.586978183798288,0.6577307568353241,0.1421283112110334,-2.4794846123846046
33.0,27.0,1057.271484375,-0.3764050553518432,0.6721835804637566,3.5955547139890136,-1.526492386130982,1.3121155765719683,1.8008421910473391,0.8241837570143948,-0.6505724775338786,0.5616860976790772,-1.76887178079274
33.0,27.0,1024.845703125,0.4113248312954765,0.5218497700495339,2.7156588081415283,-1.507069817540633,1.0618636651859212,1.4150355335472806,0.3856366526798709,-0.2529151513151602,-0.4419877439545647,-2.1033562287368657
33.0,27.0,1015.6385498046876,-0.6766966691598961,-0.2732689594209558,3.047342315059659,-0.8682629387930145,0.0383347658171908,1.4126617059709332,-0.1088392725128581,-0.5526933539805698,-0.4391436515793065,-2.7880112647564923
33.0,27.0,1017.4905395507812,-0.9353914083748088,1.2023640008897551,3.1089248022337124,-0.5289569071658589,-0.2552079796938509,1.3269638008642728,1.1953416426683336,-0.2851826006286089,-0.4593033717712318,-1.814374286635616
33.0,27.0,1029.8367919921875,-0.3359352438928518,0.526399760786739,3.435092444694826,-0.3424401434611441,0.0850383596563864,2.0815733060142403,0.5156845444027365,-0.7199783137967595,-0.1178925947223996,-2.30520967881169
33.0,27.0,1037.976318359375,0.4329832116916465,-0.3922929677389408,3.598569996577382,-2.241036689524991,1.2525022381757118,0.8357886357087647,0.0396412708870785,-0.8680036465152554,0.7036495678849004,-2.024052021799632
33.0,27.0,1030.188232421875,0.5725682630737143,-0.0241817521295679,3.137629664623967,-0.1507906793353193,-1.0219743237848644,2.255382100474508,1.0484144002275029,-1.5408285271946056,0.0033557591953474,-1.995670909188844
33.0,27.0,1036.1680908203125,0.4271700093462618,0.3789101818905083,2.688566224680179,-1.0017160827252765,0.8971432998837336,1.8201733404564424,-0.2710519416239023,-0.9194920331644694,-0.1507085264593586,-2.2970108841231136
33.0,27.0,1031.7921142578125,-1.152853797101172,0.4979941388620617,3.1064453134956995,-1.0255239055223688,1.0363444109791065,1.6086383729605274,-0.3842106514014896,-0.3961932151475693,-1.3739627683715376,-2.056808300890603
33.0,27.0,1019.9239501953124,-1.2926085138655914,0.6966839081262304,3.9834537976526754,-0.7074245663526701,-0.5685352418156233,0.9908757227287222,1.0323082209273355,-0.1533484374020153,-0.3224775881061923,-3.2783816860273776
33.0,27.0,1091.0791015625,0.6185679608028005,0.8667673764910147,3.6567026204836353,-0.4641398487179202,0.0911821422704237,1.3924931811600647,0.5903364754353602,-0.0947817391854517,-0.6329156333309545,-1.6883271100318875
33.0,27.0,1027.1260986328125,-1.2479641101451575,-0.1670929333061632,3.1698862082274992,-1.2284687724224153,-0.3853165330239525,1.3834455102995875,0.8192560054153422,0.2363361700896877,-0.5194500129012978,-1.7240323282889127
33.0,27.0,1056.359375,-0.4761010102070067,-0.2068693885576902,2.269252361078633,-1.13700077368309,0.7458214912158958,2.437910815596408,-1.3587927024823827,-0.9182409703283154,-0.6297482743922291,-1.4525013730482046
33.0,27.0,1023.9171752929688,-0.904928594396396,0.5618751338857022,3.301424015501361,-1.5327993722515858,0.688891138659292,1.5202785448087257,0.7739400182455487,-0.1911282014129014,-0.3758719524225364,-2.7053651359059163
33.0,27.0,1039.817138671875,-0.4826780792523975,0.856581327443565,2.928898909302569,-0.7388257159361524,0.1589390371392642,0.9076750245646644,1.034186809255532,0.3288295467802626,0.2883687273636051,-1.7939247589582936
33.0,27.0,1034.88134765625,0.5984687516240452,-0.4458635820318637,3.835854551866948,-1.5618640580491174,-0.2410025539493325,0.9204301389577364,1.3297078246057046,-0.8623970343160776,0.5299573542625247,-1.6039540693493477
33.0,27.0,1021.4677124023438,0.1206696099629143,0.5546463149875871,2.926704738146172,-0.7958498999720733,0.851577146850361,1.3194488491848722,-0.1043302810027464,-0.7315797812702112,0.1800202807794075,-1.874187164448516
33.0,27.0,1037.4261474609375,-1.5357194371554894,0.0967632710145416,3.804603811829896,-0.871469690445732,-0.6426093245417501,1.5374468396765142,1.7266538810207033,-0.2136878004748634,-0.4559199901817905,-2.936794620244356
33.0,27.0,1018.70703125,0.1787062500270462,0.4263650551297404,3.0214471267889245,-1.6138947664940888,0.059231503726485,1.165766360075283,1.6486567657107054,0.125995227656281,-0.7932677448158714,-2.063444902367772
33.0,27.0,1017.7850341796876,-1.4558177776466763,0.0136767810653291,2.6538864924532977,-0.4719388277188097,-0.4246388603833937,1.7781094243918147,0.4989264240248205,-0.2943261145336766,-0.0288019249897999,-2.1492914533928205
33.0,27.0,1026.123779296875,-1.4456013761241735,0.0311649848075754,3.395971083867199,-0.2085304515978272,-1.0923603366345995,1.5939466549592662,1.4456962500960788,-0.2710188345519011,-0.7577791869470492,-1.6773768921502397
33.0,27.0,1034.1666259765625,-0.629488680855891,-0.0646073345358591,2.5565081414900845,-0.0613779482435985,-0.6700502159425188,1.8532720830273064,0.2297602042578663,-0.7795544621367352,0.6722280921027828,-1.858437740999604
33.0,27.0,1034.2469482421875,0.305338893979342,1.1635808445036169,2.345711446741433,-0.564840319332041,0.5440416385807234,1.4352693311518303,1.2395127069866572,-0.0888642833625414,-0.1836573176149221,-2.583175705133282
33.0,27.0,1025.76171875,0.3253543935358323,-0.1166868629407291,3.539422526756118,-1.2816437441486093,-0.196938105222336,1.6576992356155156,0.8911764418800807,-1.1317758030646798,-0.2611366203217944,-2.14405275969363
33.0,27.0,1030.27197265625,0.3529221922922563,0.3550723110464879,2.9189815729092583,-1.1472791290666793,0.9589366691162322,1.264405411838247,0.5600023456604664,-0.3597440419984892,-0.2582059369055365,-1.927032854074329
33.0,27.0,1046.4794921875,-0.5381848947120709,0.0176534035264586,2.1809587039307265,-2.237983543759245,0.7676324774456713,1.3513670533084108,0.1751801947294193,-0.6725990326562767,-0.312405367399875,-2.300741624133896
33.0,27.0,1035.74658203125,-2.3753807231321544,0.3261711899074138,3.539371924653471,-1.32723744299068,0.3258334550743722,1.259140081087004,0.9982699078308076,0.2008348030859776,-0.6410778996732613,-2.7828025066911386
33.0,27.0,1016.3956298828124,-1.3101408956956917,-0.3213806476247249,3.391867320682687,0.3408556326789123,-0.6032228919513392,2.3756163812635034,0.227858833210548,-0.7133828613939439,-0.5619919576572059,-1.3304485823014698
33.0,27.0,1007.70263671875,-1.1646104339107688,0.6799983007905874,3.26232176093178,-0.6713042207638313,-0.1146038264280244,1.1633030227964198,0.77544086940987,-0.6161891306333027,-0.610516418718202,-2.0344378044999885
33.0,27.0,1022.173095703125,-0.9791218204955444,0.061669796653355,3.1821926732996992,0.1679479166107818,-0.1246778695322898,2.1610523331733926,0.21436579074342,-0.7761099660305266,-0.7790150060623073,-1.1197137578003131
33.0,27.0,1010.6375122070312,-0.8976123086365275,0.4415168245286232,3.0456564777163315,-1.5438035097048326,-0.351217937914285,1.2659613462977075,1.4443961168361312,-0.1182205627628905,-0.2464981306990843,-2.120184981684648
33.0,28.0,1023.0213012695312,-0.4929592761415495,0.2806472943506799,3.624291381273647,-0.9550002224750278,0.270235297259461,1.6302762230388197,2.1528112894277163,0.388360355478321,-0.4130392509113019,-2.829697236630531
33.0,28.0,1015.6019897460938,-0.226085482595721,-0.0268008415544365,4.256277891098623,-1.4311298754322448,0.0858234586994211,1.4334569337795102,1.3955475456625983,-0.4276980382663575,-0.5916552806414757,-2.259060623578905
33.0,28.0,1023.1688842773438,-0.6084534704262348,0.2262976861310415,4.367039358641007,-1.4312366659012747,-0.5109652231333071,1.2241661062811602,1.1833894371368894,-1.2637595246990898,0.1682731744476697,-2.811639374891428
33.0,28.0,1042.3323974609375,-0.2576410032586276,-0.3375400914784663,2.9530998819024576,-1.1180477184102848,0.1912448076201309,1.7025964864372334,-0.5141494600710859,-1.0369137241116566,0.3436394276222749,-2.1722643720332364
33.0,28.0,1031.396240234375,-1.2489550932228894,-0.4071299208078693,2.963411986473653,-0.6375532672992996,-0.3286850266733623,2.097520738518468,0.0972415308589944,-0.7598164425382867,-0.8564996037543438,-2.801576125050301
33.0,28.0,1018.6793212890624,-0.6990909237773,-0.0418527652182199,2.446676467783182,-0.3408262116716454,-0.3506720024072693,2.1468036841033378,0.0288769142937583,-0.6629441631307511,-0.7621753570051082,-1.2597565766621035
33.0,28.0,1032.7451171875,-0.9924107660173008,0.4907048687103277,2.8634125737062552,-1.0486312991193532,0.1404977753421761,1.6206974700074888,1.3031686886397331,-0.2367295762430945,-0.1350859354766189,-1.764708978063823
33.0,28.0,1032.7320556640625,-1.3371791883948898,0.4173114722912716,3.9643085443619306,-0.9891323593828396,-0.6257320033398726,1.163531772948451,1.4670778963264866,0.0229767140898049,0.3849051346283394,-2.710561690119325
33.0,28.0,1018.8920288085938,-0.4593623307219445,0.7366967465595131,2.8529903717337746,-0.6766793305778993,0.4509670278905773,1.825188892600476,0.8975774495843947,-0.4070518295193972,-0.5679919267868847,-2.764913313692695
33.0,28.0,1019.45849609375,-1.1366765346787262,-0.0207956684500461,3.2983467302698504,-1.4833919825064728,-0.0151187990993415,0.4433729184617476,0.7151289406035897,0.5146987934007061,-0.4716772493313614,-2.940665557628785
33.0,28.0,1026.427734375,-1.2910568322149008,0.6470755533573858,2.4895655598432818,-0.5302172239671235,0.3262455755682358,1.4825011093109437,0.3158740313711314,0.434080679916569,-1.0282384450466877,-1.9030993284100548
33.0,28.0,1028.114501953125,0.3997629545481143,-0.2094968268891426,3.828978232685861,-1.0318368361015144,-0.8105788253416648,1.2916868169541695,1.5232124953775763,-0.9090031728137448,0.4433699657209589,-1.9751058085076552
33.0,28.0,1034.6610107421875,-0.6262983508306768,-0.1910379886771327,3.0019802342538604,-2.027811530192596,0.6749117215302283,1.5988009966855437,0.949854705526338,-0.2719743173207209,-0.4369377026656371,-2.4867824150801354
33.0,28.0,1015.2647094726562,-0.949938066751476,0.5473122712710339,3.558047822560445,-0.8543561971271663,-0.7198023670827469,1.4680867957759904,1.7351655804435158,-0.9813264818316112,0.1905438457837842,-1.7561340380807708
33.0,28.0,1033.2423095703125,-1.1406995117304175,0.2833247364170299,4.3068663195944055,-1.8022889574474048,-0.0794533119401892,0.9028158883345868,1.3412474415382365,-0.4275520600216698,0.2635083612276254,-3.986401238635626
33.0,28.0,1028.121826171875,0.4717115710351658,-0.2387340221615366,2.492708180260945,-1.3872221970236245,0.7219419130050628,1.3333531713947,-0.1750554204822076,-0.2140297383368636,-0.4481165296813429,-1.121688853181115
33.0,28.0,1032.319580078125,-1.6162303846917112,0.7570825479173013,3.5884072793054536,-1.072118967973096,0.508151730275439,1.0509196194711947,-0.4802764742704575,-0.7428335411658642,-0.926137264204968,-2.279838419401868
33.0,28.0,1026.7762451171875,-1.8705011205488955,0.0695452528034046,3.3402961469346018,-0.7513474670574141,0.467312057184186,1.5476837401179928,-0.1359791083741708,-0.184693446138267,-0.7806864199152388,-2.3425097851635805
33.0,28.0,1023.8067626953124,-1.3371541641268534,-0.2270784254734001,3.546452344559261,-1.5227345429964751,-0.232325357831475,1.1325186707830737,0.8439575910082917,-0.6044103052221903,-0.3593484728412521,-1.9597300856397109
33.0,28.0,1028.3001708984375,-1.2895060521455153,0.3335372843362076,3.091998160087341,-0.5330738109790909,0.1007564912709373,1.4587019823156735,0.4244430691031731,0.0260707435622009,-1.0407194170114868,-2.31936921008062
33.0,28.0,1024.7047119140625,-1.2276751918825397,0.5599447585507757,2.72033926189856,-0.8616058420523949,0.300125292152714,1.3398351560850976,0.7468561050768416,0.4689777098760448,-1.0377727321154309,-2.7933654406858395
33.0,28.0,1009.63330078125,-0.495877715721428,0.2025134197229272,3.517487196415616,-1.134084804031362,-0.1247392760897545,1.482572593832944,1.230430396736546,-0.4503441372351018,-0.2657241864931112,-3.0000728267743177
33.0,28.0,1031.232666015625,-1.3858775244934725,0.5217818595418535,3.551453572649752,-0.4885412128355728,-0.0400899006966009,1.562995686523486,1.4663259673434474,-0.3049804569340644,-0.4975077760571489,-2.308116852266714
33.0,28.0,1021.2531127929688,-0.6111404902423985,0.0571872127156272,3.178061099924385,-1.19616802605732,0.9096330189130004,1.932520996834324,0.2601628891713332,-1.0181553250867434,0.1935568579154143,-2.300655936066712
33.0,28.0,1026.693359375,-0.3493031605428021,0.437047231753823,3.004626346854119,-1.887412809503143,0.3075712992146524,1.080334464403542,1.4622578958465793,-0.1390921831567348,-0.2301295873088813,-3.262266813346504
33.0,28.0,1055.4033203125,-0.9983027577440248,0.2284274858702097,4.123370892576457,-1.6256629005643486,0.1377341511156817,1.117618222204352,0.7311181708753987,0.0184988842056021,-0.3320375218160176,-2.068558618797482
33.0,28.0,1025.8336181640625,-1.471823358082658,0.455705029882286,2.6439262615700336,-0.5050473173522887,-0.2810098114355206,1.6361529636725347,0.5997324416089578,0.1191508125778231,-0.2976089623698179,-1.6638042462238474
33.0,28.0,1051.4310302734375,-1.1117474529814513,0.5251919662185198,3.4566016406477,-1.010215109731338,0.2197744313774379,1.547467840341331,0.4294597144137206,0.1299774891745677,-0.2575121762675278,-1.7132165034525937
33.0,28.0,1039.2015380859375,-0.2362393229221728,0.1801297647154527,3.8622356289320017,-1.474753629442886,0.7437419451977849,1.550992576702777,0.9255123301715926,0.2473177546484537,0.0614095203819751,-1.849916532587133
33.0,28.0,1012.9258422851562,-0.930938322441646,0.3488445436880969,3.16109938303741,-1.0312837430485295,-0.4828186974280166,1.3085661064811935,1.5745892597160118,0.1758906987336423,-0.3055082756164404,-1.92896073190774
33.0,28.0,1016.0081787109376,0.1833098332967475,0.7032411759418435,2.314999892166383,-0.9111905831162428,0.1137142298212081,1.5489990002591671,0.8417712198467289,-0.3257847934707438,-0.4358546414621269,-2.0068472640134334
33.0,28.0,1032.9593505859375,-0.2812131718417534,-0.1334509501203973,3.073494870849551,-0.7535830650275237,0.4777598357837354,1.872978565702482,0.4762444130086489,-0.7221074442386115,0.0814126474893663,-1.7660657037030028
33.0,28.0,1035.0997314453125,-1.1798907606146969,0.4020248079592114,3.89430624798527,-1.4209341543387426,-0.0531845311880463,1.3176961624113073,1.4888141765167564,0.1948289812754389,0.0466404986651971,-2.361144085972704
33.0,28.0,1016.4281005859376,-0.6890316786457644,-0.1326225912325798,3.1417944639249047,-0.6895318541053532,-0.3932565725569183,1.6240022347704874,0.5599312780233827,-1.1459062329620917,0.1458257845090846,-2.5514324790270155
33.0,28.0,1021.4841918945312,-0.3085828737509626,0.2361289799928156,3.261125834623952,-2.154586821857757,0.9814365365330868,0.899696272887498,0.4006903024877886,-0.051230190759945,-0.5158716102044085,-2.805015086496766
33.0,28.0,1028.72265625,-1.2251560082775743,0.4978866980856802,2.79048438488509,-0.6982426317269503,-0.2640708568609158,2.128516916255373,1.3085022525416896,-0.6942833086941498,-0.6547471473069235,-2.6891138243670443
33.0,28.0,1018.9388427734376,-1.073112916035555,0.7193649630783767,3.305900985005083,-0.9221206396912124,1.0306379452458394,1.4764392535309936,0.0524346176890313,0.271466378944579,-1.0122831521366449,-2.6994920610589057
33.0,28.0,1021.296630859375,-1.1752734215757754,-0.4575800119774804,2.961604708281259,-0.19841296006914,-0.857016839549023,1.9386257503967703,0.8510285692619455,-0.2161188501444559,-0.0053089054159984,-1.5425840400813788
33.0,28.0,1045.2520751953125,-0.274827623361336,-0.1256649531218707,3.055901219082207,-2.0755188041963195,0.5934466112636336,1.5562747098253418,0.3695467808475783,-0.257405170770423,-0.1183004827566023,-2.692401336290056
33.0,28.0,1012.84033203125,-0.9339349401383936,0.2054669401454187,4.0111950536525125,-1.525940545248183,0.1707651235370209,1.1505937809602609,0.4947841192168525,-0.3355176652505323,-0.7985775770576948,-2.882466901646098
33.0,28.0,1021.0877685546876,-2.1659127824862248,0.0984656728690716,4.215570029760828,-0.5459147653790106,-0.7289881698566649,0.9891760236726608,1.121581990733266,0.5481151125814518,-1.3884394726284195,-2.173238661375409
33.0,28.0,1015.8941650390624,-1.3474660698303866,0.276411559824786,3.8204368727654607,-1.2802813584677142,0.0634106973436923,1.3002698281522864,1.2569956202332069,-0.4474124402018065,-0.2494546942426527,-2.316572003086616
33.0,28.0,1033.6124267578125,-0.7681137923768837,0.2822445261504107,3.090293460040961,-0.1806761334540887,-0.6513325573398374,2.370488868871949,0.3302642665794799,-1.277227450646409,-0.8804270763568569,-1.9050287503431464
33.0,28.0,1013.3759765625,-0.6224071878225406,-0.0924153096259843,3.9792883715779386,-1.174413025640063,-0.1737367945357739,1.3754960424622285,0.9831173436028164,-0.7206818228541181,-0.3698704212359409,-1.717123195864811
33.0,28.0,1010.4682006835938,-1.0897188690115645,0.3086892559503997,2.550970111819458,-0.768894761925484,-0.2278243362227909,1.443461633447618,1.1231220526212828,-0.0708240690317678,-0.1249460002048259,-2.138591636497928
33.0,28.0,1020.8157958984376,-0.0233021045161931,0.3338615482059959,2.8346234805663464,-0.8241981475161815,-0.2793314939209956,1.3753686153047724,1.32822465545153,-0.1767148406264169,-1.2113400577008375,-1.7877723502600276
33.0,28.0,1031.2548828125,-0.5375644416541929,0.1646446761355582,3.652344269908284,-1.6483423048379953,-0.499162909720968,0.4262303383471479,1.962558242700827,0.1466888383309079,0.0149661788207549,-3.122236431514436
33.0,28.0,1029.41259765625,-1.6055957270920644,0.2416140842302905,3.507276636163592,-0.4336838809752068,0.1774524563061694,1.3558836804158636,-0.0105897356869011,-0.3541157206807979,-0.2748901067731335,-1.733533776023513
33.0,28.0,1033.5738525390625,-1.4666321194022802,0.8580368782366952,3.55920824446099,-0.783666214548969,-0.3080335919834791,1.2967101862231054,1.95225304903704,0.2953896892051446,-1.0409992883945147,-2.9896573685472543
33.0,28.0,1021.307373046875,-0.3628328937148728,0.7069554455217659,3.5061717255413285,-1.1914619462183045,-0.3939970632129084,0.9935290642628728,1.85384267484716,-0.620064585936281,-0.7699082598759395,-3.222754382532523
33.0,29.0,1044.396484375,-0.1112634555081406,-0.2936222889004947,3.164965349348183,-1.2284228267096653,-0.3263483063878505,1.0953273412344489,0.5382381821205993,-0.260862016110349,0.2907272682102615,-1.2893963649094315
33.0,29.0,1019.169677734375,-1.552060690987168,0.099392822677558,3.9041056385802655,-0.9355005746391694,-0.0854189393979458,1.5528133613571482,1.29336128956378,-0.6621237498773827,0.0776250631523058,-2.029168143410018
33.0,29.0,1011.7767333984376,-0.0571147493773507,-0.5818593682546327,4.127118339293212,-1.4845006312640296,-0.1731723391082864,1.4684800646882294,1.731442470401431,-0.9231604572019716,0.3415304389974416,-1.6570050006888248
33.0,29.0,1025.2117919921875,-1.4646959534162731,-0.2463079724179362,3.498069454105577,-1.1568502701545382,-0.1900709746008493,1.5581109105630189,0.5245733470382312,-0.361373434162676,-0.1059817071875421,-2.1530060948908982
33.0,29.0,1013.6680297851562,-1.582871677349433,0.1637394114943156,3.636930073317384,-0.8122011253283343,-0.0485882118025733,1.7064862963350187,0.8531315113555236,-0.2997577782371765,-0.0635578716207252,-2.5862218620029176
33.0,29.0,1025.7862548828125,-0.1002185179212586,0.4236694049079537,2.6652932589617704,-0.7622715717385367,-0.1272134309637671,1.6533035413500698,0.4189428102008383,-0.873425564146066,-0.4908538921943499,-1.0940465136009698
33.0,29.0,1035.16015625,-1.3376176395917012,-0.0548062207549291,3.4125216225167225,-0.573060454960455,0.059251792873499,1.6053328774664362,0.3485264998280435,0.0491126087035898,-0.0407170854716589,-1.3163723059526564
33.0,29.0,1019.4926147460938,-0.4028404011518844,0.3139321782587947,4.161720570093818,-1.214615304113834,-0.0969722533594481,1.139015036754948,1.139299532427911,-0.3251620837815148,-0.8085916725221969,-2.8701288012082604
33.0,29.0,1032.6884765625,-1.5838518468086755,-0.3406745300677603,4.206338340398206,-1.3099372773803184,0.0165432833981942,0.8942529974213684,0.5286044592925441,-0.1278557704300578,-0.2325782349353486,-2.084102108028727
33.0,29.0,1024.461181640625,-1.238671389865098,-0.0590513956478355,3.420383467710693,-1.290874500280606,-0.0408209911455763,1.2081975714112216,0.2204879101987336,-0.6928857463067768,-0.1721775414425312,-1.587145600632025
33.0,29.0,1015.2002563476562,-1.530492456002564,-0.0042636685590577,3.7520933964282417,-1.893046523639316,-0.1066988277184339,1.2252149113394335,1.2725478640894616,-0.0711732994290867,-0.1447544494942736,-2.570905199177948
33.0,29.0,1017.782470703125,0.8528273893733562,0.4611268893053308,2.6187927171355465,-1.4796555520897088,0.6158046364971579,1.4990645663064388,0.3483048341443995,-0.76745223190819,-0.0857020977848845,-2.2593948458256645
33.0,29.0,1032.7747802734375,0.3569743876646427,-0.5987947452190632,3.593918603311522,-1.8294720383433205,0.857430496721654,1.570249729633467,0.2922070668745933,-0.9507433478110974,0.3750276368124581,-1.6190788016505169
33.0,29.0,1018.822509765625,-0.569320191227888,-0.2408889605851438,3.819350336362674,-1.9930835594829663,0.6265685238840488,1.1601939360625284,0.9260041856838797,0.1236586188287613,-0.5358197899303816,-3.166196362844772
33.0,29.0,1022.6389770507812,-1.3088833641882776,0.2732420796742438,3.716421828389628,-1.1560013256428334,-0.8005612874564223,1.488951579830326,1.9294004681576744,-0.5494799871873868,-0.7973975747955757,-2.460463252472787
33.0,29.0,1012.6063232421876,-0.6019693529346153,0.6602035813670444,2.972475052749957,-1.6075992707070172,0.4609761222813748,0.6406380828663218,0.5218284896828198,-0.0896480203521923,-0.6211436884421415,-2.213044175799083
33.0,29.0,1009.7040405273438,-0.927552973084028,0.6655088268402967,3.084782626438118,-1.0350740771979354,-0.1432402576161964,1.0655163278056197,1.2034748144543794,-0.6324819785152256,-0.1982287986354904,-2.861717291159433
33.0,29.0,1013.76904296875,-0.2316012612537701,0.2727408444560799,2.8371502015090275,-1.1992832294715954,0.4186163449795916,1.5303640561626928,0.276094632166501,-0.6125612298241716,-0.4797676509306319,-2.0795474834586853
33.0,29.0,1035.700927734375,-1.0159479811180692,0.2044921682909803,3.4367852408715773,-0.3707061078800668,-0.3828348730093625,1.5883999417789667,1.1743165428913749,0.0948556856169977,-0.0909348740422704,-2.2789755533449823
33.0,29.0,1014.810791015625,-0.3462200679892637,0.0682628339482089,3.3255859554409763,-0.5031782705558303,0.1464392231257916,1.7787742222045102,0.228261180691824,-0.5146453958597803,-0.465245918270524,-2.574744811452938
33.0,29.0,1043.73828125,-1.2762439539318136,-0.2649106273987112,3.093624828347002,-1.649653771686574,0.6277094792477769,1.6375298019782534,0.548086485307909,0.116735394700087,0.3583947070026818,-2.6058504265488427
33.0,29.0,1019.336181640625,-1.4044198779918,0.191252220220603,3.436343253496057,-0.5723318718186841,-0.3004898932671276,1.4590490949467778,0.6612837345644929,-0.3826443795461873,0.1015314038052315,-1.9256716667382512
33.0,29.0,1021.5556640625,-1.0825607722987414,0.6079689956469805,3.56497908588892,-1.7338028611201848,0.0067128256590258,1.4300117802277477,1.541510155832782,-0.3564443480589387,-0.7967411434646046,-3.4150610143150257
33.0,29.0,1013.6817016601562,-1.1049388673584737,0.1218222956415706,3.099901283695708,-1.320915558906119,-0.1238560952850429,1.912734919752132,1.5144359712454625,-0.301313984950263,-0.0030292492216679,-2.4041860366933747
33.0,29.0,1006.9422607421876,-0.6786738630224738,0.6243133848529849,2.722971826733412,-0.5103577792024891,-0.4303143318365174,1.4170768949625678,0.8294265533470737,-0.5102798541703288,-0.4437066877226812,-1.9631527807074267
33.0,29.0,1055.837646484375,-0.2376978250419998,0.6156022656234947,2.498665037921187,-1.0064890992724065,0.7324430207587582,1.9393980747455872,1.0148367355419747,0.0450207700306553,-0.6570448164383365,-2.1005467621535527
33.0,29.0,1021.5342407226562,-0.7632456146556503,0.1862198798485721,2.572485251843651,-0.597665700748923,0.0274771396028583,1.9677290111336816,0.9346739325761968,-0.1753825687178425,-0.7601898214470841,-1.844550687231003
33.0,29.0,1010.050048828125,-1.1202232468198394,0.3753778658545412,3.916719903697393,-2.01767473897985,0.0264004189407129,1.0272083378835806,1.9368973844245776,-0.1288265154485692,-0.8103020343667513,-2.822484522501969
33.0,29.0,1023.8329467773438,-1.381774793225211,0.1983660377234475,3.2396990158316417,-0.2543009481003881,-0.9084000451451776,1.630111975360505,1.1204671567789817,-0.3389561605760756,-0.0347607599040449,-1.9406200917980128
33.0,29.0,1062.3782958984375,-1.2521168127363231,0.2172183394757834,3.609157962704968,-0.743518270230429,-0.1990706968441999,1.30961781998899,0.2672870439339547,0.2357422265369742,-0.7903009749969812,-2.34996033215267
33.0,29.0,1006.0352172851562,-0.1815498546651044,0.5359670752578545,2.899548021460708,-0.3724330350581457,-0.6205110800146612,1.358815318427813,1.3803490153718778,-0.5930059261133369,-0.1861784266063102,-1.783315959377636
33.0,29.0,1010.2838134765624,-1.2383724895078525,0.4111349348890813,4.01923687354005,-1.0631389242086504,0.0117965779275266,1.3848744220323717,1.2206570835770325,-0.8113307373903629,0.1526625822753846,-2.478669133267111
33.0,29.0,1023.1864013671876,0.053054979961395,0.479876892742439,4.125918971681951,-2.0713110863601845,0.2136040332125919,0.3679382144749272,1.8790255320197,0.0917666448594234,-0.7329716115935172,-3.749786469152449
33.0,29.0,1016.2070922851562,-1.3708647798847262,0.6640791054836495,4.260228429253241,-0.7189544877293876,-0.2302533694185191,1.5170399783187607,1.861392046353321,-0.3995414908053565,-0.5353016021260277,-2.413245294273419
33.0,29.0,1019.0528564453124,-0.383266827354249,0.356756012711692,3.622198572820098,-1.5452937401174285,0.3130172785540397,1.004870854035059,1.331650187547977,-0.3106131028470313,0.6101119137095798,-3.2274696082671968
33.0,29.0,1009.2173461914062,-0.7607044684336621,0.1270293673816125,2.9083847192765147,-0.05029349020697,-0.326080263841316,1.680285462485144,0.3038920010401922,-0.8238012710508915,-0.3991380204729653,-1.577643080620187
33.0,29.0,1032.4599609375,-0.895929317973831,-0.0952887812328304,3.810981745681497,-1.3279275843322242,-0.8651425542841151,0.6756750356454813,1.2320218797292668,0.0232882135449123,-0.6408149494491369,-2.213209048593901
33.0,29.0,1032.080322265625,-0.4234098333826974,0.0223449078715587,3.028604785084818,-1.5425334344912849,-0.3022484639838172,0.6208790398961517,1.0291153352687186,-0.3884518268849106,0.0485348778617584,-2.503976686969816
33.0,29.0,1026.1024169921875,0.5857413893475973,0.4343504054382912,3.037141867474265,-1.2111532437636336,0.2513485543119573,1.3910209779498786,2.092235270773699,-0.0578557298252446,-0.5789865751572103,-2.305621527162028
33.0,29.0,1039.758056640625,-0.3603142561415557,-0.2550054609468724,3.2420568035713053,-1.9821352633825184,0.3639862037325025,2.0415922969360363,0.9105671780793588,-1.0246133188201263,-0.5433511039669732,-2.077787904001793
33.0,29.0,1043.73583984375,-0.4385229490840352,-0.0620455581642156,3.290490159694357,-1.3355594289199877,0.1011299085255013,1.9710235113233845,1.0058445379721732,-0.9669823841207013,-0.1304666148474771,-3.590378303283185
33.0,29.0,1016.8563232421876,-0.7935613467253413,-0.4009560448290461,3.054667557236563,-0.9881049825134998,0.0282922852666187,1.4997840117556285,0.0805772047385318,-0.1848153578347098,0.0018536452359647,-1.4724744667697829
33.0,29.0,1016.9102783203124,-0.8803532330340529,0.7398086321967545,2.367866576208179,-0.2894627555867499,-0.3918633812680667,1.720896650206429,0.5087977888412523,-0.3552116066226958,-0.4184669902905167,-1.1085108870088645
33.0,29.0,1020.4531860351562,-0.7476038931344604,0.013005770883141,4.397616802159757,-1.5292609839630922,-0.468154898561429,1.3065443565139478,1.6213450573255113,-0.5652537524215298,-0.1757637848129283,-3.0384531032654616
33.0,29.0,1018.197998046875,-0.8324206471365736,0.1763447489228289,3.4140743652600776,-0.5013155548779764,-0.2888453613241104,1.4405245659952275,0.52556178329663,-0.3659994140368976,0.0590830819125223,-1.1900890560268742
33.0,29.0,1015.5479736328124,-0.6636047970939964,-0.2433595470058662,3.766674598437472,-1.835396219440255,-0.0667353973240167,1.0906906975637956,2.3043683805968973,0.1937553343740061,0.518361733928483,-2.435767843991701
33.0,29.0,1018.9235229492188,-1.5248937393610538,0.2888785540479475,3.1603459867278403,-1.2705837249196792,-0.1399299850728859,1.4836052020138624,0.7435867923993333,-1.0399535310644843,-0.2431330205594477,-2.158159299199196
33.0,29.0,1027.502197265625,-1.5403312144434351,0.2653167159541016,2.803757810716661,-1.5035376453766918,0.3918977174057856,1.4472971270491444,0.3958461118485425,-0.5673384107553749,-0.319658156715767,-1.6026835922494875
33.0,29.0,1018.604736328125,-0.5993174373387751,-0.2435684038450762,3.4981784705025447,-0.9340903611344268,-0.1515470432675805,1.0798326891981471,0.6028368116592109,0.1340833311991716,-0.1036955856075412,-1.9607766856825148
33.0,29.0,1020.6202392578124,-0.663720224624031,0.020465250190977,3.125227607249608,-0.5012768077653398,-0.1299529546157174,1.3190070277629378,-0.1322519050907935,-0.3216896393019475,-0.8203974469232502,-2.406388155249508
33.0,30.0,1015.2488403320312,-0.8220161664468204,0.0076479473685795,2.404630586528631,-0.4270092986763716,0.3355724660213504,1.478119348495551,-0.6512132490141367,-0.2187008444854052,0.3605812382438946,-0.6878176327509467
33.0,30.0,1029.26708984375,-0.9490826715308288,0.3434906124968142,3.700166423568776,-1.9583730059342903,0.3108227319504975,1.20187464591101,1.3183301366760585,-0.0817554187822091,0.424605681435902,-2.023575257321208
33.0,30.0,1023.2176513671876,-0.628179357447161,0.2075265245736357,2.361411768129919,-0.6783817228701441,0.3305225401685057,1.9235777785684105,0.0371360318696911,-0.5805621479956589,-0.3954178898801928,-1.836178929182101
33.0,30.0,1032.716796875,-1.1983728468895642,0.6464095617046697,3.050048102114122,-0.5116983618035187,-0.271288159986101,1.1141266757244654,0.6432514434269541,0.0795172059363285,-0.8106046515313894,-1.4871448650280952
33.0,30.0,1010.3413696289062,-0.7081833895163063,0.2306768189537162,3.001829429165909,-0.1286060735095642,-0.6954911017452776,1.613352592539833,0.5190109947249866,-1.0316872662540375,-0.8052665317485426,-1.9440569175345788
33.0,30.0,1010.5846557617188,-1.7430081066270589,0.3388551059383582,3.4402646476518512,-0.6078684106148868,-0.5171329656209505,1.223917661140801,0.7150627289987899,-0.2838463488963114,-0.9755979375321298,-2.405737655085645
33.0,30.0,1020.7540893554688,-1.4866455660572253,0.122985189466708,2.8131794742424194,-0.490774073372461,-0.5329091616474795,1.7272795136430918,0.8754452397215662,-0.6808688048586751,-0.8295755610447468,-1.4737250969807918
33.0,30.0,1035.6710205078125,-0.6781290686350028,0.3073727723796429,3.310837616194279,-1.081533935722386,-0.8277232702427151,0.888163533740367,2.15194315573242,-0.7321649053930699,0.1544592388204986,-2.539741858915657
33.0,30.0,1005.4500732421876,-1.0469840852939831,0.7401836513030355,3.4259640829491893,-0.9177926159435524,-0.1375071003394348,1.0421170462640674,1.1626281767266864,-0.3292904026813303,-0.6652200595871722,-3.1780708835413742
33.0,30.0,1035.3765869140625,0.3266336027294834,0.0474165768588195,2.8132085032683465,-0.2288661283969881,-0.2537460076070754,1.690407346598355,0.9681604020974968,-0.9328730527051308,0.2825194484718203,-1.0703450221689814
33.0,30.0,1035.5596923828125,-0.5994814673658952,0.1650522822467923,3.0278753015595896,-0.7151565941866629,0.5736736077560511,1.2577193909407036,0.0948220996214228,-0.0778373352678505,0.2374355737469073,-2.033485282444458
33.0,30.0,1023.5342407226562,-0.2587459843467075,0.0759708851999407,3.9103737139925134,-2.16671715561225,0.0954646465111022,1.2448570017059932,2.1231225459623007,0.0388111217810571,-0.0752147655544579,-3.104265117345915
33.0,30.0,1018.6722412109376,-0.9601672283408922,0.2762138155428442,3.352911596642361,-1.4317427825726088,0.3112602676608889,1.2493279983088668,0.3074402548795252,-0.5629834350705023,0.0799266120438808,-1.5919317583599502
33.0,30.0,1052.5882568359375,-1.579329516816252,0.4867689823414309,3.569758502810304,-1.102153482625118,0.0109908347916531,0.9713365325345952,0.3171758945902834,-0.5487180051671174,-0.5846454971719659,-1.7547667034372738
33.0,30.0,1032.000732421875,-0.769070353045227,-0.4548108975585236,2.7303452691477137,-0.7451680247161647,-0.2135366950727553,1.9645719500726493,0.007133734068681,-1.1430866493940672,0.3584092884977217,-1.7579482138254
33.0,30.0,1010.998291015625,-0.3702587280203433,0.478166515260594,3.815681885832799,-1.0697523562013052,-0.5896606938781046,0.8623809901901849,2.4495364986349326,-0.1119475490308188,-0.1596926582911946,-1.864680872512749
33.0,30.0,1018.0003662109376,-1.1480044258009077,0.2765169204667907,4.266521130250037,-1.30250863977327,-0.5225402214858841,0.9108230083370632,1.6243018059090888,-0.5864901157863516,-0.3657417107033698,-2.6648011947465795
33.0,30.0,1017.2777709960938,-0.5918794522916109,0.2793180856761204,2.8343352669307293,-0.111103262101567,-0.502517230366955,1.959273552406251,1.2484643077950892,-0.482827537091369,0.1703475094020898,-2.0325026880485724
33.0,30.0,1010.6279296875,-0.7858567186093897,0.6732437109432805,2.9256269917014874,-0.9891869111277548,-0.092847952198813,1.159623207989947,1.3273366562468922,-0.5481344098938514,-0.2802426212993927,-2.215555526173469
33.0,30.0,1013.4974975585938,-0.7000734873899113,0.1831845822715569,3.6557673896072167,-0.8568090785555791,-0.5009659133947695,1.3302406461642589,1.658355688817018,-0.7038961896588303,-0.766035140792833,-1.942525929363237
33.0,30.0,1013.8446655273438,-0.6157135263681628,0.195370463140585,2.7999566424159568,-0.6732532014547186,-0.1862808436372631,1.4335968870303866,0.3484686575252693,-0.3080892535367772,-0.5797952377332551,-1.3132568891565883
33.0,30.0,1019.9697875976562,-0.689301944543069,0.2542927501834988,3.860662569998542,-2.2413800326929016,0.6753467260666675,1.3155752896340154,0.9819107449552956,-0.643634751699941,0.38355649427778,-2.618063563460181
33.0,30.0,1018.6707153320312,-0.6332321026469545,1.1218738935120474,2.9528680326003167,-0.1308232657002008,-0.5515698499278097,1.0368517172130156,0.9401377930402868,-0.4407334305561985,-0.1712406066455525,-2.408810632952384
33.0,30.0,1028.1900634765625,-1.4827782990840932,0.1293783349303447,2.938749296518056,-0.481651017597092,-0.2477894938357945,1.6558415119558187,0.3412640395687694,-0.5593226431672571,-1.0811024478434217,-2.2640680649824234
33.0,30.0,1026.6832275390625,0.4566435109665745,-0.0172931007011953,2.7617770890069853,-0.4984487159160009,-0.3397849968066699,1.490666100137621,0.6872690504482861,-0.6717061347310596,-0.0718197287540354,-1.7706619821651417
33.0,30.0,1012.548828125,-0.9664683078967996,0.4674360376182482,3.293681879223268,-1.017682479689797,-0.3555890442298874,0.968340715770819,1.0693046555367216,-0.3159267856511221,-0.7507567264843757,-2.9307703508807514
33.0,30.0,1027.549560546875,-0.8106737280302099,1.2011990598544289,3.311360576365175,0.0782104592254553,-0.2999916230211177,1.139907435598464,1.648051559658783,-0.5580840662367468,0.1311998320327188,-1.6780880393481343
33.0,30.0,1024.9566650390625,-0.8528391200913212,0.1196047967319291,3.1421638992545624,-1.0142357765254877,-0.1031860776209745,1.2588918439403862,0.9593008080444037,-0.1578621810305165,-0.0755167734226862,-1.0727818607383075
33.0,30.0,1018.8173828125,-1.388673832396366,0.7744113410482818,3.0679027420265843,-1.159337297494567,0.0798996674797649,1.065424272040433,0.3140020252557409,-0.4532233912274801,-0.7882387524268433,-3.0363895177069526
33.0,30.0,1026.4676513671875,-0.4994702889809268,0.7751554479994187,2.935519544706533,-1.0377360197926566,-0.4393139232161314,1.098854933822654,1.4333742685007076,-0.0990085515071124,-0.2325522739916028,-3.254704475951397
33.0,30.0,1015.3001708984376,-0.8028564619745744,0.6255681587814195,3.154710141415757,-1.4014563408826564,0.1905586760964608,0.954012098440984,1.0649149920128114,-0.3990572942854804,0.0071941761892757,-3.372303740726934
33.0,30.0,1015.1397094726562,-0.4431949147997098,0.0864702654631113,3.132157563653172,-0.4886941949934291,-0.1565218510535011,1.3696791150961776,0.5893973620571096,0.0319583486616892,-0.7974757565492769,-2.0757153397232986
33.0,30.0,1018.5140380859376,-0.0018411338900889,0.2044952219511495,3.0814274413836635,-0.9416537851352604,0.2314829128091595,1.1910268525454395,0.7255387163784865,-0.8114144770406329,-0.4121678778945314,-0.9861891911219054
33.0,30.0,1020.2552490234376,-0.5492347699102433,-0.1188740087695015,4.498384036046085,-1.1550379010607337,-0.2633688366397964,1.507258999321433,1.5541246029673337,-1.252686507631525,-0.3398317500913608,-2.92051913758967
33.0,30.0,1048.188232421875,-1.1514838563679834,0.2306752416569519,3.079779713291744,-0.2482569712693294,0.138119518488625,1.4269831221049856,0.9057571409770304,-0.0347893321813588,-0.5814612685333271,-1.7341639663348918
33.0,30.0,1016.2030029296876,-0.842846251920081,-0.7101398997357498,3.973986797265821,-1.6059255029584871,0.3861039840365219,1.684939264770442,0.7460724798030931,-0.3451164639267219,-0.2094229525538535,-2.85339098992236
33.0,30.0,1016.6524047851562,-0.7665601006579168,0.1321007331341306,3.1306797500424235,-0.5984979473826888,0.0414371288125723,1.523907223919939,1.140340129541446,-0.1454772123726408,-0.2037303001785968,-1.9705823145038268
33.0,30.0,1016.4978637695312,-0.8871018746940882,-0.1158427190972553,4.368564921071464,-1.7768692013851537,0.0157318214360753,1.24342583650062,0.9483691857682092,-0.6203891562061115,-0.5392277954148357,-2.702219313940784
33.0,30.0,1015.1754760742188,-1.1157501853411809,-0.4082062379893045,4.329298415813312,-1.4538605068037338,0.1731159829824307,1.6635016520899368,0.9886418262744154,-0.8744966251873487,0.5543768705515015,-2.751096206522273
33.0,30.0,1010.1873168945312,-0.7484746038609726,-0.1065462951696476,3.4812614819497014,-1.4523159767686362,-0.1301092323357418,1.6162189810501637,1.3887295011798164,-0.461988861280159,-0.2349260289841783,-2.023484957514857
33.0,30.0,1018.2201538085938,-1.1819285429726802,-0.1747261012814673,3.5011456689246963,-1.427070964224621,-0.0612194477533192,1.596739259976605,1.6326098663932758,0.3987271650052983,-0.6819841009421923,-2.630999032099432
33.0,30.0,1015.5761108398438,-1.1079766145114944,0.4041310546323684,3.578571065173385,-1.337398741140898,0.437281394390383,1.1984081666515785,0.9955704763046028,-0.2605235224224955,-0.4919911411219573,-1.9964624056676443
33.0,30.0,1007.2686157226562,-0.9716835989993252,0.9675598560386244,2.8872668238664776,-0.4671442627521438,-0.3910393591065544,1.3040125247088232,1.330618887100651,-0.2263573303228847,-0.5355147663547939,-2.227549680728825
33.0,30.0,1011.688720703125,-0.6664788978110607,-0.1281292173675909,3.307637814813587,-1.0912698708661854,0.1585064342199569,1.4124519342212023,0.9005404792582548,-0.4257928717019039,-0.3442561505593033,-1.887356543266323
33.0,30.0,1008.9475708007812,-0.4517519665926777,0.5123859382350435,3.358391424855503,-0.6860142130629203,-0.1647562383880743,1.048612642686857,0.958908291205976,-0.2250306418195862,-0.2826037428800205,-1.8372508375172656
33.0,30.0,1061.35400390625,-0.2829352310295583,-0.090548048667717,3.382059385994173,-2.413911732429728,0.7916601551568627,1.1234057009539011,1.1685875766393696,0.0799044121832111,-0.0440853818050106,-3.0387723221052934
33.0,30.0,1010.0789794921876,-1.5872161639861295,0.6196164159045079,2.9619335865277545,-0.5719230313732702,-0.1283576237273553,1.5509286830202758,0.7498422403695422,-0.6286753173671613,-0.3255175572312065,-1.878899066884661
33.0,30.0,1018.9710693359376,-0.8126234400738577,0.286891627799358,3.4368754429749533,-1.1351505234032548,-0.6555800646610619,1.5775653758142845,1.881077624935923,-1.2494689722224677,0.0643462320984875,-2.043128380299348
33.0,30.0,1018.4661865234376,-0.3961083891109069,0.3662522407105095,3.190982699780264,-0.7469880826355659,-0.737202078181344,1.5669981331191076,1.1544223692029227,-0.6275362213352516,-0.6740015690793006,-2.176616775576399
33.0,30.0,1019.5760498046876,-1.2756168115860849,0.1695040820650675,3.5597715685733657,-0.967576795832242,-0.6024030948186887,1.32769561935209,1.5393009683885852,-0.344987725119048,-0.5298793743320473,-2.2393007081078227
33.0,31.0,1017.147216796875,-1.8766922840852809,0.7629078186577978,3.304101860831363,-0.225824302406818,-0.6015330786377868,1.144340665127903,0.8292892584654172,-0.1790290392845808,-1.0620141849759397,-2.2701685837518486
33.0,31.0,1017.050048828125,-1.2352975911090651,0.2039656230892808,2.738791710378069,-0.5079907250709716,-0.1928277697325784,1.813680026543868,0.0782181908222456,-1.0442170508634607,-0.5101788660509339,-2.369037140382249
33.0,31.0,1017.76953125,-1.3377733667872134,0.3991336033899264,2.648944387004799,-0.8447763134183353,0.205545418437425,1.44149892271471,0.0654476116169764,-0.4284750955011693,-0.3335277284355271,-2.857023747806804
33.0,31.0,1014.8262939453124,-0.9083917289880876,0.1865115698230521,2.627545331186586,-0.8733940438002561,0.1064703087526073,1.725774998848653,0.3058075843812133,-0.7037504663820187,-0.5724788686399815,-2.030141020552256
33.0,31.0,1024.9869384765625,-1.2780446709346442,0.0653260201999437,4.1869761802576,-1.80807870780776,0.1885439116732792,1.2422162746028595,1.44126641147116,-0.9801591280866075,-0.4026896833445663,-3.126358225868844
33.0,31.0,1051.1954345703125,-1.3485166852997643,0.4335801676203825,4.253850543058963,-0.7680650742569499,-0.6833734816472354,1.1668785541048718,1.3439475853917715,-0.7299154835380328,-0.945215479531404,-1.866148053442625
33.0,31.0,1026.3280029296875,-1.4847248075480963,-0.3936749705794646,4.447164687733361,-0.978483803564635,-0.4697417937336503,1.1815898908624105,0.7095584365761134,-0.9220791607654252,-0.2929934383998898,-2.6000118887001173
33.0,31.0,1013.4281616210938,-0.6014527955463009,0.5520397643685655,3.275886039011596,-0.8829355688213338,-0.5999106494481907,1.2007312965681862,1.5974333395045894,-0.188523322490786,-0.7948761470668924,-2.598360050711052
33.0,31.0,1010.3159790039062,-0.5379992566298979,0.3294397044649404,3.869177169719325,-1.037154407309096,-0.1959451899259692,0.7698194572022166,1.1168411976123895,-0.7316655627781357,-0.2272679564976245,-2.087204946976179
33.0,31.0,1036.3006591796875,-1.7053478967839042,0.734328751346518,2.977694865472276,-0.906569925457518,-0.3672475851222669,1.4891079045734257,0.9708645271292884,-0.0555928809091366,-0.8887337376197921,-1.6510485854456158
33.0,31.0,1013.41015625,-1.302773654119402,0.1347751110146262,3.817377847796205,-1.3141100261221954,-0.1533489445984308,1.137833804543451,1.3858698673054324,-0.2422204162761954,-0.7884205733052871,-2.893303811160335
33.0,31.0,1024.7593994140625,-1.1798804520318713,0.3213946633615183,2.7496753519063617,-0.3751149377507987,-0.3413529257967251,2.1274279017061746,0.9731077396681442,0.0242244840558756,-0.2930972375625575,-2.393094710510245
33.0,31.0,1014.8960571289062,-0.881874407143556,0.1041718103260427,3.5716181112108973,-1.3617815173077208,-0.0118207571464443,0.8997283069230839,0.7027458467479377,-0.210192649020497,-0.5958617232020966,-2.0950284542283093
33.0,31.0,1023.2802734375,-1.893112342425849,1.0297747290800243,3.0021332849854616,-0.666846331282966,-0.581367767851404,1.19680754191815,1.8173249703602696,0.1190745154849439,-0.972467490931698,-2.504378550413949
33.0,31.0,1016.2539672851562,-1.2855450447118533,0.8522057694156491,2.9489482655842245,-0.631275943185873,0.2153749464273788,1.1119985962601673,-0.0820028086987596,-0.6230836234899204,-0.4537125141808946,-2.490040020476731
33.0,31.0,1048.2147216796875,-1.2781040439616898,0.7149870909306344,3.108200964267036,-0.7611408075608841,-0.776551852157997,1.084188075066649,1.6053125862357378,-0.1913393178450242,-0.3470071679297231,-2.586510409437282
33.0,31.0,1014.5806274414062,-0.90507600450497,0.0899954796906943,3.0308791014137952,-1.0405195535510234,0.0790590582446038,1.3031827090724732,0.4290097023113919,-0.6520780807520685,0.0487321477673905,-1.9974547417461173
33.0,31.0,1021.3273315429688,-1.1106089607282934,0.9685168778502886,3.3925455307703825,-0.7804315394997294,0.150297736697178,1.4628746087756426,0.8136144101712155,-0.8868350329683592,-0.2267929059021209,-2.0295626384703502
33.0,31.0,1027.5120849609375,-0.4617197996575939,-0.0109396452389818,2.4658841919747907,0.1756984091287936,-0.4613423699764949,1.7494927879889142,0.6110623805159818,-0.146670414047481,-0.1161522517105337,-0.8306776514848249
33.0,31.0,1008.9411010742188,-0.8532376765093037,0.7257737386212888,2.8202267888137014,-0.2262447519349084,-0.3921088240727677,1.2955487608501794,0.8868984763639167,-0.1057556144063278,-0.3655731735766103,-2.066427013274746
33.0,31.0,1026.4146728515625,-0.4797894097500945,0.1153160561199015,2.695028965478886,-0.8327676560485315,0.2936147940259435,1.8769632708541424,0.4926928950386404,-0.4537290695403841,-0.3998431949344958,-2.232175334045344
33.0,31.0,1019.8644409179688,-0.4395586010732479,-0.2253485623343012,4.274682708956018,-1.9711680783759613,0.0647430109560662,0.9696461583066852,1.9131127988175205,-0.4216689236153721,0.0191324683956573,-2.848309282339793
33.0,31.0,1018.3861694335938,-0.4131524102642849,-0.1681478655899262,2.353995196201746,-0.9120715065032944,-0.1743894151743896,1.4321085263576112,0.197960282083029,-0.3023526687780027,-1.011302505367802,-2.0490579978725147
33.0,31.0,1025.9495849609375,-0.5365444563227912,0.440752138592674,2.631818832312385,-0.4300410940323367,0.3250066928941599,1.9397574186188429,-0.3493475911154595,-1.2171157653191984,-0.264265260442694,-1.573484956593009
33.0,31.0,1011.94775390625,-1.1229197200932624,0.4000959233749199,3.422783235862939,-0.8232820816526516,-0.0815862963367353,1.109502946521003,0.5035640692868295,-0.7787538556718587,-0.5552197485005719,-2.0874956836581187
33.0,31.0,1019.4933471679688,-0.8800413713264517,1.315074209186565,2.237520508180607,-0.3513209720524548,-0.1473476329117593,1.4968407406106454,0.6396640330988701,-0.8614748872607683,-0.5281171441487125,-1.4963006493527358
33.0,31.0,1016.1945190429688,-0.2364285926175586,0.1427964896003475,4.223787935420155,-1.3864872103883608,0.0087863597247404,1.002919160562966,0.308424674604085,-1.4171706618238424,-0.2854358573853037,-2.0122477490287864
33.0,31.0,1026.0633544921875,-1.370260351881225,1.0115173878566086,3.25151865576372,-0.6706257343746849,-0.482181908139057,1.0576878064887962,1.1148560771456868,-0.2998997360982933,-1.1135171126670356,-2.3761105793162134
33.0,31.0,1034.015869140625,-1.5960650369201457,0.2158647063410965,2.321781270499759,-0.6166170453852899,-0.6891775179843149,1.8321454832167952,0.7020547807612232,-0.4608468387727908,-0.720078878704709,-2.250692079060093
33.0,31.0,1023.23583984375,-0.4607765745249468,0.5530005639566058,2.692127261268165,-0.2679832263260628,0.161049240294191,1.509375803696095,0.3164972624866413,-0.4322963666545645,-0.1372149629688905,-2.032426427301566
33.0,31.0,1024.9677734375,0.2569495516428226,-0.516521971171235,3.883202736771427,-1.560186857997067,0.1906105285822796,1.5784681004690937,0.5368470444508464,-0.9294178049693372,-0.5049446534127178,-2.2333957795026755
33.0,31.0,1011.0234375,-1.1852223035246876,0.2717795481830132,2.7478304162835663,-0.7974476615829804,0.1922263762867304,1.3880685706112326,-0.1487494485477425,-0.2384006696394527,-0.8439918322332067,-1.922932062722968
33.0,31.0,1025.5372314453125,-0.5972559171616343,-0.174833601087573,3.8026289321253177,-1.7037241738303606,0.1823223417278461,1.0147602714007533,1.6494908592112871,0.224490133580117,-0.5816298713498611,-2.956773883322132
33.0,31.0,1025.8648681640625,-1.3374923399668632,0.11917924292033,2.8352629824530293,-1.1449122717076978,-0.0269678169893934,1.554293524697366,0.1343152301249031,-0.6893650489963967,-0.4516664113137887,-1.7824825945887444
33.0,31.0,1006.2750854492188,-0.8274048432240484,0.3382022440114802,3.2620746086581054,-1.251726241851705,0.0066643125396375,1.3045522580932791,0.93141131830801,-0.2421165019084927,-0.5258732179069483,-2.264831937494489
33.0,31.0,1021.5542602539062,-1.6138575092429357,0.367196577318003,3.280341258509896,-0.7980010084943849,-0.5028461230792072,1.4039285835506865,0.8479132695892746,-0.3124407819222679,-0.7258630711646932,-2.466031386847071
33.0,31.0,1020.0184936523438,-0.8498846584032478,-0.0312501880028666,3.158741888845768,-0.9928280174160352,0.0004803106475161,1.182750056366447,0.9707322739667256,-0.6492335650438372,-0.0559486038389014,-1.1256541099313209
33.0,31.0,1003.9935302734376,-0.8386565208422239,0.2636064023298363,3.0505026585967325,-0.941604583474204,-0.0674380302939967,1.4640583782695629,1.2188403549485098,-0.3948453918674843,-0.2490591034783156,-1.9520614965678296
33.0,31.0,1021.0446166992188,-1.1653777000239316,0.6073051764982811,3.245805431664412,-1.1462352233204909,0.0247638369049632,0.7550991919573118,1.253531765374376,-0.0757530870446361,0.0928102433523392,-1.630986105820242
33.0,31.0,1027.3729248046875,-1.479999694776775,0.6158487766423626,3.176741823682121,-0.6321831758165422,-0.3394123344297508,1.1498088518721197,1.519680243349745,-0.2236400379676055,-1.1238555361704945,-2.5470072262116568
33.0,31.0,1030.953857421875,-2.576540361759621,-0.0735306494849279,3.855548603555025,-0.9415853035073544,-0.1819730994061856,1.4660764488356095,0.3410413827728833,-0.2655087168374006,-0.3049191959662858,-2.120341048020991
33.0,31.0,1033.059326171875,-0.9794721580012656,0.7540442797106817,3.458851306663071,-0.8336135398202664,0.2543937887189909,0.7560718945433447,0.8130988992428279,-0.0376484382995299,0.186080674255904,-1.6591455058756366
33.0,31.0,1033.0521240234375,-0.8228231060882445,0.7969851857191639,3.442279596215018,-0.6224776247657458,-0.8112271242991458,1.0862175021687364,1.4921499496865032,-0.4218664870486632,0.1492145784188894,-3.3059579992412207
33.0,31.0,1019.8756713867188,-1.4513827442438916,0.3598410768216791,3.2237170609224925,-1.0210097735817754,-0.3678498463479691,1.2305364446283722,0.8866043577100671,-0.1986238423706767,-0.5319510289549871,-2.5390256030871807
33.0,31.0,1011.7887573242188,-0.5947904472890748,0.5482632246891059,2.731086931892034,-0.9776842759837364,-0.3686390076916614,1.3467517649382383,1.2657708586984633,-0.269654572756977,-0.4375009282114579,-1.9537632756049697
33.0,31.0,1026.7188720703125,-1.2276401241826362,0.2160898440358156,3.3656644388034547,-0.2629936046594281,-0.7923453367846944,1.0687252377817416,1.3586727466810924,-0.1342108335734968,-0.1056398816305907,-2.391785838453124
33.0,31.0,1014.1194458007812,-1.5613638538745525,0.7233377013358115,2.955424168242234,-0.8022963604949478,0.045487259457845,1.4354146603434952,0.6112230846140632,-0.3277954223794985,-1.0463595599047464,-2.831230802017057
33.0,31.0,1014.3705444335938,-1.3227772493580403,0.4202893998670385,3.158749892214584,-1.1125502332859338,-0.2196274478831776,0.6860212064024491,0.858806628304297,0.0986187726529781,-0.530950262976221,-2.0283464425171616
33.0,31.0,1006.016357421875,-0.4334825602855598,0.1512103943639893,3.630822563199336,-1.3391690820057622,-0.2363231550012514,1.4056261142302473,1.3696077421349049,-0.3272321245005445,-0.5268204173580422,-2.394557933284972
33.0,31.0,1009.9407958984376,-0.9449639911164348,0.8081891447649356,3.174031439886562,-0.7813158369441773,-0.1485386327766145,1.0657791043976017,1.001667698040002,-0.4311261575998202,-0.740902193986944,-2.446890725077328
33.0,32.0,1008.8034057617188,-0.8807429195516399,0.4897366693187654,3.0851098769332754,-0.7235903078439065,-0.0818135840519334,1.223302385165116,0.3747838474546636,-0.2633615128765747,-0.3897004073219055,-2.028116018617492
33.0,32.0,1030.7247314453125,-1.126747744885532,0.1968757754640302,2.47068901054305,-1.276231087988501,0.57108939799119,1.5697721808228096,0.029849782313521,-0.2438414494309215,0.1451839200795737,-2.040732602009739
33.0,32.0,1019.4306640625,-0.3867547436517107,0.1143117417909733,3.2918912035325896,-0.7328783000473091,0.1591106455563284,1.346423757929939,0.2418976962794436,-0.7686341270091885,-0.3098803634896541,-1.7000726884233517
33.0,32.0,1016.2046508789062,-0.2771805379991541,0.1605915133034159,3.7018101905856335,-1.4429411817813662,0.5779842692383834,0.993651359295434,1.0295077912483812,-0.4069675398827614,-0.2210619974045959,-1.6361579967831474
33.0,32.0,1040.6531982421875,-1.0933824451034797,0.7577421268143745,3.371399321428635,-0.6413615517391387,-0.7097899667430587,1.3731992431461997,1.2425671744394498,-0.2156078028061898,-1.109721495315963,-2.072986728910836
33.0,32.0,1007.8829956054688,-0.3452154591415812,0.4636915521766962,3.30883427733559,-1.384690783029099,-0.2550780248759228,1.15089478818547,1.6127419612570577,-0.1225162945531206,-0.0081219312129929,-2.36067067591681
33.0,32.0,1018.911376953125,-1.2942722238043496,0.7566343240403679,3.044139340108336,-0.8413026016335055,-0.249393526219789,0.9402671751258184,1.513614745603956,0.3147844983610968,-0.2485321655571741,-1.7377009152788556
33.0,32.0,1016.6646728515624,-1.165077489170914,0.1253948413479317,3.559634743012067,-1.1318064867764348,-0.0989276610838265,1.5647618587154175,0.9229593417918932,-0.4113795337329025,-0.6824184693181925,-2.411407467986135
33.0,32.0,1016.6620483398438,-1.328062970558697,-0.2951911037423809,3.4035579122158683,-1.1924610299011662,-0.0323054420952786,1.7593256846690195,0.6044740124592396,-0.6906522011681995,-0.2586012286486143,-2.7046476797876533
33.0,32.0,1013.1810302734376,-0.4217841474167469,0.4240638786265922,3.4199899632445554,-0.796331721297447,-0.5479373635536415,1.0071221469076015,1.5610513094437186,-0.2558791437125078,-0.872011370296172,-2.1699731281117067
33.0,32.0,1015.8211059570312,-1.5770501428048278,0.4595301075595257,3.16633787064108,-1.2676484651715727,-0.0517260173293667,1.5792542052460092,1.252710327531207,-0.4492170277134821,-0.3521314668930655,-2.865542865150701
33.0,32.0,1008.607421875,-0.4566440066373705,0.2361673688093954,3.155473721181629,-1.2760019970679028,-0.4133768634990451,1.390472846697345,1.5794668297724126,-0.3120765920786885,-0.8102908720089861,-2.007401020961999
33.0,32.0,1009.1390380859376,-0.3901187198828744,0.1938860266917608,3.0478295994874447,-1.0276373374203267,0.051788061879475,1.2019959487155374,0.6929143526897299,-0.5033376130989087,-0.2178467975480913,-1.7524640855800486
33.0,32.0,1013.1096801757812,-1.1722223008017307,0.0518125738227901,3.415322556739955,-0.7518565433665749,-0.3705686704431539,1.324399361122289,0.7820461448887537,-0.2233325767141298,-0.7520170548676433,-2.239306088620772
33.0,32.0,1019.5942993164062,-0.8008147208160494,0.3517580685239174,3.322159427385809,-0.6568232222713393,-0.3149375175695441,1.4522003555864007,0.7422169206442142,-0.4619672554233247,-0.8892814112886729,-1.8507634973875595
33.0,32.0,1018.3758544921876,-1.245264890737814,0.2522482002937298,3.111652733805233,-1.0388086583582448,0.3519184111864177,1.1450622598797595,0.2427916554050782,-0.0561804689355271,-0.3135486683488286,-2.3501960713241914
33.0,32.0,1023.1527709960938,-0.6365268271307052,0.3819098728999206,3.5316404294663304,-1.3409150398053664,0.3851435240305578,1.633199306791747,0.5310665155420526,-0.5615530827921109,-0.3750085640313685,-2.290351821776456
33.0,32.0,1011.1157836914062,-0.441176280594405,0.5032345888068077,3.1148190792864217,-1.768986536655563,0.6020862317441464,0.8144571055811047,0.6439169750475298,-0.240982001307338,-0.4088526720504104,-2.199879185064874
33.0,32.0,1012.4072265625,-0.8201873267632216,0.5170141975190967,3.12653158632833,-0.7673995881857554,-0.4037856373352175,1.1592835193809066,0.5219579801220124,-0.4014607261602698,-0.8895755253808506,-2.395099267364115
33.0,32.0,1010.7257690429688,-0.6791465314476728,0.6336930964992433,2.2526811308021246,-1.1880332194339056,0.236105972024383,1.1165681145633393,0.5953034101079524,-0.021275054624315,-0.7958914667399855,-2.649067648672116
33.0,32.0,1012.7515869140624,-1.4739456725810078,0.6772688244893024,3.295264976411138,-0.2704683431010766,-0.4172482352024698,1.220599330813844,0.8247920362031191,-0.2845557507704868,-0.7437009159342791,-2.3241144593953806
33.0,32.0,1027.6927490234375,-1.4806222800210458,0.2359561305558646,3.736085362636837,-1.5636950848993203,-0.1760085009116352,0.8501072612722709,1.0393919582946871,-0.0831854363815427,-0.8353907191994177,-2.649784062086744
33.0,32.0,1015.8500366210938,-0.9873366336233004,0.6492372975047012,3.05277882321432,-0.790022159460638,-0.2438616741958981,1.32095475716849,0.9079769736183448,-0.3071462897138328,-0.7115938628391385,-1.5657486618535432
33.0,32.0,1008.4547729492188,-1.1947890598763728,0.3956214007452789,3.2213093133070565,-1.1945858818794708,0.1047332124406548,1.1442726812637185,1.2344140502482004,-0.1749085745627203,-0.8977500415370381,-2.3548647134388285
33.0,32.0,1015.67041015625,-1.0171020650643947,0.5568735781344136,3.523366782568475,-0.7016346203536852,-0.2912153594262383,1.4101513360025315,0.5198297481443239,-0.4882309632287329,-0.6623361927418498,-2.5502404565347203
33.0,32.0,1021.0477294921876,-0.8310913589188038,0.2700498022031556,3.4867051527820223,-1.509414412903296,0.0948628913655236,1.2373080432814687,1.0923258554134136,-0.527325645537223,-0.7841206511284007,-3.246221541183937
33.0,32.0,1007.0791625976562,-1.3912332732839658,0.2841910993627925,3.762816872058641,-0.9419309490189214,0.0731473156395878,1.1699593341336287,0.6647596176765225,-0.3051917976053602,-0.6796232534050759,-2.665749080405944
33.0,32.0,1010.4747924804688,-0.6946881052273763,0.0381188735458408,3.067094808320164,-1.029820275894363,0.34094457731711,1.2257555023250202,0.1426149467044792,-0.499749064965159,-0.5114753979233919,-2.0968105692313204
33.0,32.0,1004.6414184570312,-1.126772043231448,0.3898753693212562,3.5325513902442296,-0.7660865118729241,-0.0624204396416718,1.4452590855840066,1.0022812867649344,-0.7435726709964543,-0.3117054061385333,-2.477541670119389
33.0,32.0,1013.9736938476562,-1.1052348578290876,0.2944617262725257,3.8013151177534974,-0.939509357327891,-0.2248170873372972,1.4329179834414774,0.8788646124761712,-0.4897583731184856,-0.6872271092469848,-2.719958144169528
33.0,32.0,1014.2225341796876,-0.0522446565846683,-0.2231958429306031,3.4898146565873684,-1.3500776463648427,-0.4678429711085901,1.1775129084554168,1.6341703012786466,-0.6308283939645207,-0.251066644426678,-2.190595162959834
33.0,32.0,1017.2759399414062,-0.0490066550495509,-0.0189137260297913,4.125945573485021,-1.4302069686201464,0.2880827024128258,1.34890014690653,1.240956441461206,-0.9151024932271784,0.3262973796651529,-1.6947047507635422
33.0,32.0,1005.3233032226562,-0.5209166728145824,0.3964566420930655,2.8690217618394707,-0.9457702902660784,-0.3520311991135489,1.316775103852707,1.440980337181208,-0.140388991907721,-0.4032031342749986,-1.6952507979471627
33.0,32.0,1021.4089965820312,-1.0575118933487082,0.4514949306947891,3.2357575114192123,-1.0492334648594897,-0.5199171986053193,0.7253807001382038,1.076263191904241,-0.341746798466608,-0.8650940657964163,-2.416401416980356
33.0,32.0,1006.2177124023438,-0.3273043908641746,0.4228239681831773,3.568594202681915,-0.9900833831032338,0.1465395322421709,1.2243996797843175,1.1207994189938386,-0.6362489858742384,-0.4721962052951785,-2.428826208934658
33.0,32.0,1014.5753784179688,-0.5338444460633198,0.4313535595456965,3.171758036868649,-0.472444722146367,-0.4766202958019159,1.62796886743328,1.2427700854254464,-0.3869994550721101,-1.1618281253640133,-2.161815555852284
33.0,32.0,1009.8480224609376,-1.0674512800512388,0.2635277245829384,3.457341805308402,-1.4117350603021577,0.3270369135446058,1.4341078732750878,0.7445944122471095,-0.4712680885672551,-0.8742234736948555,-3.1099775731785657
33.0,32.0,1039.5382080078125,-1.0719134873453102,0.9112921625764264,3.063428707361277,0.0002664723051317,-0.8530999230192835,1.3842582203143152,0.4484448833875065,-0.8425907868435312,-0.8571819832160008,-2.267856681742773
33.0,32.0,1021.4425048828124,0.1319624812534661,0.0925638007231199,3.189231820361684,-2.0931156552575745,1.0107891787124412,1.2570790836206402,0.2333889077248576,-0.5216757844468596,-0.2022184699948388,-2.385090958381041
33.0,32.0,1026.6751708984375,-1.532051511660847,0.3509354312485602,3.463313588324312,-0.5143566316648718,-0.0834884174030037,1.034487820502335,0.6619111353568377,0.0634926082897644,-0.7678631728435628,-2.232090820781949
33.0,32.0,1009.1363525390624,-1.2847214618523235,0.3104059154763527,4.015490022528057,-1.808884591164888,0.11910443030375,0.8367241197656625,1.6791618599527478,0.0491198790368843,-0.5938822645134358,-3.095615244274184
33.0,32.0,1024.234130859375,-0.5507253119407762,-0.2428637557592354,3.2839459168373235,-1.3785291645552675,0.4420756674556454,1.045614698459345,0.4882020054995637,-0.28514634672658,0.5236515403822235,-1.520831960883255
33.0,32.0,1004.1234130859376,-0.6271591923579516,0.4885480061671394,3.7918039121386258,-1.5553590999720028,-0.2736188129570323,0.8575676889004384,2.1203026709290382,-0.1103923804952797,-0.3414981704730344,-2.768494945625672
33.0,32.0,1024.407470703125,-0.829558439861807,0.7286125027749515,2.285529677041663,-0.5689435968799623,-0.1481263493110267,1.3831845517217405,0.7550040206210751,-0.3211282548431073,-0.1790556376756829,-1.6477180937166085
33.0,32.0,1007.487548828125,-0.2657525305672923,0.4389657212283149,3.176962839306425,-0.5549615046873999,-0.4598313320505394,1.3654442912812073,1.207912321591763,-0.5461341222574356,-0.6076994533301816,-1.976898366105659
33.0,32.0,1009.5348510742188,-0.2047852057699621,0.2984724719654519,3.0381560336541966,-0.9603882864499056,-0.4568365095863145,1.3146559052186166,1.132750846066374,-0.6527694400320989,0.0936843974333347,-1.2296886032848588
33.0,32.0,1014.8372192382812,-0.8202420819086704,0.8787558568891294,2.7774871193428163,-0.4983254341033358,-0.3622214395389491,1.35701326512513,1.3005376150276415,-0.3430288610868359,-0.218384172589209,-0.9970522669243548
33.0,32.0,1020.0565795898438,-1.037085306517476,0.0293458905541186,3.3681355723824407,-0.5648564497113355,-0.7339977650048848,1.4656439826220176,0.6850099364812046,-0.5278893100428341,-0.1201162873512133,-2.383440946363609
33.0,32.0,1020.4152221679688,-0.6742306456141955,0.5941681593932744,2.569268763017176,-0.3579801882260121,-0.1472092246143628,1.4140089532746891,0.3026580443885631,-0.4304981045596623,-0.9570871536216874,-1.728646533701626
33.0,32.0,1032.1776123046875,-0.368722953011745,-0.332365696290938,3.1923522870127883,-1.2225406762106523,0.0014691716723742,1.6835627813704264,0.2078485774761578,-1.035854623765902,-0.5605524783309459,-2.2795671828785844
33.0,33.0,1011.2158813476562,-1.3053977337344946,0.877352428910088,2.9677952836186448,-0.618324580440861,-0.3040535706016909,1.1369835141892102,0.9308170507337828,-0.2933636141342148,-0.5169068262756875,-2.531844702822073
33.0,33.0,1006.5223388671876,-0.4185383815781494,0.0727821788244762,3.703360222767557,-1.327081848867708,0.0688385031817295,1.6489710696130198,1.796907431440264,-0.1558460294469092,-0.172465028111671,-2.518111392621029
33.0,33.0,1015.6841430664062,-0.0700292919308527,0.230138750530175,2.843372070823319,-0.6263926165869407,-0.3480436610834649,1.540339320792425,0.7210074460770732,-0.7788299451938174,-0.6339845520618317,-1.2913286301149831
33.0,33.0,1011.9718017578124,-0.7926757856845352,0.2663187127546145,2.876059063975439,-0.7939918551101774,-0.25694345580568,1.4257428819461655,1.0889002396841132,-0.6431456199056127,-0.3115943794461175,-1.4075010225298157
33.0,33.0,1011.8032836914062,-0.4982757852351023,0.3762790135305369,3.601997859221557,-1.152674533689197,-0.5613684242078989,0.8169092728367557,2.096616677545164,-0.4020857656902308,-0.2151088044270679,-2.4087570495017823
33.0,33.0,1006.2210083007812,-0.9923673869917192,0.4685943811915418,3.6981092827764535,-0.959137748087448,0.0417119436193367,0.8905558526867177,1.2261241108546983,-0.3515142093376946,-0.5726785222659743,-2.6736198839551792
33.0,33.0,1009.2508544921876,-0.2596744342801012,0.3358230854392214,3.2858081270629818,-1.650073154338005,0.3180589221783636,1.410075287084692,1.55314408511516,-0.3638237171510168,-0.6366464183804608,-2.145293567780077
33.0,33.0,1007.1263427734376,-1.223027746229659,0.5111146867983045,3.5649119057794287,-1.100773382803904,0.0914968477480835,1.0374004686629492,1.0293690616961113,-0.3812204582099312,0.0711492984391632,-2.856662882271912
33.0,33.0,1017.2189331054688,-0.5240179406212704,0.3264916502813193,2.98907897488228,-1.3385938819042402,-0.0415243084373031,1.3237380306185056,0.6428871402322365,-0.4972266496927133,-1.1165391915621377,-2.5917903463958
33.0,33.0,1010.0752563476562,-0.1895436548234705,0.1502824060048411,3.956703925414677,-2.272743665841662,0.0757315341336166,0.7412801632270689,2.380456560113233,-0.0538314812802465,-0.6542736032561969,-2.546186919318739
33.0,33.0,1011.0179443359376,-1.1045066204577547,-0.0040743120755202,3.830144701297435,-2.144604313914736,0.2150497637336208,0.8405744996773059,1.3015464553729936,0.0313036575821747,-0.5196281920730836,-2.65853352748219
33.0,33.0,1009.6469116210938,-1.0627356325304689,0.1684178584122095,3.877671198209617,-1.1195008505002797,0.0570626758283268,1.0864167077011135,0.6146889467633283,-0.3836949424457776,-0.5458949963220299,-2.6616051948828456
33.0,33.0,1009.7725830078124,-0.997525230074526,0.6206630165645617,3.209935813323176,-0.6394671470410254,0.2325586668340138,1.2886121242606885,0.5549180459268799,-0.6354467165818667,-0.4192492355688824,-2.3576578845751746
33.0,33.0,1011.9682006835938,-1.135544662996271,0.2258738224188068,3.058826018356287,-0.476228391865682,-0.2220613682683518,1.8438912861169108,0.617798595604123,-0.84723470005145,-0.4804166791629285,-1.759903685488538
33.0,33.0,1024.649169921875,-1.427557860290019,0.3262537764581985,3.832935912040659,-1.2079547506696238,-0.4765627447542249,1.0031529377500783,0.9255465348072374,-0.1153474985098803,-0.21999269250293,-2.276452441046904
33.0,33.0,1011.3831176757812,-0.6925555946727133,0.0241814842346324,2.7308387507699896,-0.692096425458935,-0.1903006118764612,1.7463679912961003,0.4195435418301549,-0.4673804407244999,-0.5120195695494383,-2.1754171673949623
33.0,33.0,1004.7747192382812,-1.220141657636984,0.0232867464214505,3.921180653311639,-0.8948599964258372,-0.306431549665783,1.3549091825609771,1.3195497836908174,-0.4828752919608323,-0.3448960635704239,-2.4375281205578525
33.0,33.0,1005.4999389648438,-0.7220190714079422,0.3652986611986843,2.8730849321366687,-0.538686067771657,-0.3079177109514255,1.1546927651903989,0.4910458843741248,-0.1852093540214898,-0.3941297334733145,-1.9341260351764007
33.0,33.0,1005.7620849609376,-0.4912618916006215,0.5284662945580454,3.703993643225639,-0.6211303097422496,-0.1057904424702345,1.3950255902816764,1.2065237071682091,-0.6051500528800293,-0.4893347164291501,-2.813915533200319
33.0,33.0,1009.05419921875,-0.6936441593374623,1.0180671389581386,3.223155245432231,-1.0092893419053843,0.1541729659197415,0.7948282482522684,1.20375070419289,-0.2931456904096823,-0.7171941798789794,-2.746118632069966
33.0,33.0,1008.6171875,-0.4421170710418423,0.3664415578994981,3.038002062902441,-0.6752706141270908,0.042453327328225,1.511740922263166,0.729903739709794,-0.6125479107591483,-0.4358968176110238,-2.1715318401915447
33.0,33.0,1009.4876098632812,-0.8853775209515504,0.2066538880373025,3.300467097383885,-0.8806102973681771,0.0502675821401528,1.0948136498251912,0.3684428214126312,-0.2260007413551648,-0.6305561970222735,-1.86249821086217
33.0,33.0,1020.838623046875,-1.156431389942127,0.4285548903406866,3.368932549513384,-1.1069901674999154,-0.5633580794227893,1.0947139853065977,1.5034557782381377,-0.5216349576688257,-0.4952881749996241,-2.690505499713931
33.0,33.0,1007.11474609375,-0.9027031235440504,0.3496212003638224,2.8760332628684457,-1.0855013664384572,0.1094746995922291,1.2725555598920817,0.6835196381852837,-0.1393214419058166,-0.6534986434424432,-2.0596586300662434
33.0,33.0,1024.920654296875,-0.5167540071438257,0.0872287524858723,3.558329410461516,-1.6888273996544338,0.276169642506443,1.1006012573176784,1.355421808601278,-0.4206932608132598,-0.4890306418850105,-3.3215638688202658
33.0,33.0,1010.9536743164062,-0.4766537367319143,0.677843998869867,3.611285035561581,-1.2468568919189589,-0.1137603837646974,0.7246140325709742,2.0311772122346925,-0.1334517801035337,-0.5029370419666925,-2.466374386263708
33.0,33.0,1018.5047607421876,-0.9697737342841402,0.3049265471113562,3.4233487357856323,-1.2533757660479234,-0.2662941693346221,1.275579587121646,1.398082003681866,0.1556523921449208,-0.7497484079300092,-2.561041631298082
33.0,33.0,1012.4234008789062,-1.2340704953569528,0.3415607345450304,3.0247582668163115,-1.152899648158392,-0.0118267896551129,1.0054435567462754,0.8062324062203992,-0.0984099829924636,-0.5311249541659304,-2.0796777278461147
33.0,33.0,1014.8975830078124,-0.6812002403483008,0.8782716431275217,3.352963181124368,-0.963474618305754,-0.1663658883211844,0.7423776851456756,1.6285754645410115,-0.0064659484162108,-0.8141992373963216,-2.37496119335742
33.0,33.0,1023.6695556640624,-1.063653918249901,0.8983603959604194,2.9973606270317985,-0.5461121489784206,-0.7510492916898306,1.2670430277383955,1.711183521476654,-0.4407931399188172,-0.65058131336108,-2.3808154401931803
33.0,33.0,1010.9559936523438,-0.9087024682973448,0.3232680627397153,3.1143942414327235,-0.7916445012537494,0.3863258688362192,1.3630324403178022,0.2688214308104442,-0.5325517440955023,-0.4141105838836658,-1.9101318458802323
33.0,33.0,1003.3804931640624,-0.7832067987563578,0.2224192757765744,3.609919167071009,-1.2313865406754827,0.0550842059153708,1.543908750551802,1.095778923379623,-0.6240275982047621,-0.2832957096278194,-2.590985155055208
33.0,33.0,1009.509521484375,-0.8761645838450614,0.291987341350568,3.012027430152955,-0.5530931494711888,0.0523487304129899,1.7555705757355753,0.8313382219836889,-0.2617480439948245,-0.9094994206075064,-2.272471639090191
33.0,33.0,1018.08349609375,-1.341866161093308,0.4752189177692942,3.091903213051668,-0.8931434957129261,0.1926953260583257,1.256520564141196,0.4960941734140345,0.011822507533016,-0.8963939661218729,-2.6286069129145555
33.0,33.0,1016.5286254882812,-1.1726660761714158,0.7224543473027625,3.4557824671953057,-0.7567172832421107,-0.6193563693458595,1.0079432898879777,1.7134456029690115,-0.133604007933223,-0.4361127425599864,-2.447078932632164
33.0,33.0,1007.9791870117188,-0.7061867552108811,0.8648017236417127,3.3175969400524465,-0.8461025663754977,-0.3511587083988274,0.9148831828575944,1.6888059623450156,-0.1000841643649694,-0.3802970239720018,-2.6406434602970323
33.0,33.0,1008.415771484375,-0.9366308661581284,-0.1258921080735504,3.561713237438952,-0.9618387512022172,0.0732769413571219,1.3068737801225012,0.6290481737007125,-0.4424924802332084,-0.2346655936896171,-2.9485811428775466
33.0,33.0,1010.0224609375,-0.6006171839570564,0.1768066344974972,3.797384968392004,-0.7241645595803723,-0.2285152624680417,1.3223465973684403,1.0978880739098793,-0.5537842290237913,-0.7129201421982865,-2.710420451502028
33.0,33.0,1010.2378540039062,-0.8470708939523455,0.3721333202222689,3.4828788360676537,-0.929699478901548,-0.4493906148714712,1.1260662365788263,1.3875582276499312,-0.1516519730543262,-0.1071698767116346,-2.27585481333949
33.0,33.0,1022.56494140625,-0.8763376191943069,0.071652050261985,2.845719289720269,-1.1542122088846014,0.3010680948652329,1.6301895512042472,0.5092982690890357,-0.2850395037432189,-0.4715068844245609,-2.260504900401207
33.0,33.0,1011.8775634765624,-0.4442450145528189,0.4053228043384527,3.17823460639772,-1.3163713254905862,0.3191342764669826,0.9313367813597928,0.5306458153155802,-0.0019678943705612,-0.5820459572438317,-2.464239661826973
33.0,33.0,1019.9892578125,-1.0570836902341254,0.4161228210737731,3.869999216714925,-1.2295984894238012,-0.4946135509946368,1.213966639434246,1.702764356057477,-0.2931056889667296,-0.4459903783051828,-2.668076376552682
33.0,33.0,1015.167236328125,-0.6769180367347429,0.9587918794837638,3.166898984259732,-0.8264201189078992,-0.2313076900300128,1.2209164179442098,1.8842605692580847,-0.3616348407525507,-0.41829156456396,-2.42122893750368
33.0,33.0,1018.6278686523438,-0.9993654472697546,0.4223905851912315,3.848112181596148,-0.8585176318606438,-0.3367116856730696,1.2864815421245543,2.165425623940271,0.0871657035769093,-0.2694895643195352,-2.53851473867696
33.0,33.0,1012.68994140625,-1.1104725431638762,0.3288597975989136,3.580717606323562,-1.380890979821214,-0.0905826452673617,1.1450088870242991,1.7735180757987523,-0.1930561830376378,-0.8343850729088524,-2.638010994219236
33.0,33.0,1014.7315063476562,-0.5737661561127645,0.134324571763635,3.767904590997407,-1.599482443563443,0.0932940634360317,0.848550638404312,1.304047601071142,-0.3449519390445745,-0.1417388379657156,-2.949885091003366
33.0,33.0,1006.0877685546876,-0.5245626573159026,0.0642818358246621,3.3674656363213185,-0.9822944542745188,0.0434362657460098,1.3138424811219558,0.5600831000618207,-0.42216714609338,-0.4145759445058745,-2.241782646410366
33.0,33.0,1016.8667602539062,-0.803602343255557,1.0071599688301929,2.8838928119617515,-1.1096871887720976,-0.0390061332637809,0.8005888829814669,1.4962634583767116,0.1592498405970763,-0.2192527222631852,-1.906501589612088
33.0,33.0,1015.8743896484376,-1.1802316625492135,0.4831079677883609,3.5897965857725875,-1.071162416494598,0.0152020586918961,1.1094903204456488,0.4638758237860099,-0.2957554439025589,-0.2318606568411221,-2.647350615017339
33.0,33.0,1019.581298828125,-0.5523366599658912,-0.0670075169233204,4.057569071051558,-1.0854630139026529,-0.7450961954383573,0.9740643212091672,2.449140281273422,-0.2023131476108179,-0.4484892845644914,-2.5243158620289528
33.0,34.0,1012.8004150390624,0.0596659645208088,0.510319995370053,3.686686315764515,-1.0016016542176502,-0.011329228846904,1.035409567457637,1.7188678333238911,-0.2841459856575472,-0.1283712257645035,-2.6698113098897034
33.0,34.0,1006.4129638671876,-0.2968771410747051,0.007654376026041,3.5795071307937825,-0.5148404974351823,-0.1540533211185906,1.8468632894935304,0.9705248086984586,-0.8495621395360651,-0.1296129563390966,-2.397885710366888
33.0,34.0,1018.1907348632812,-1.5492194820833554,0.4953275253664957,3.554023356882251,-0.8363922434847373,-0.3707380224821097,1.0614437243488828,1.2545080741420191,0.0696024663604744,-0.6545571784000819,-2.6770947146855946
33.0,34.0,1012.138671875,-0.9969752066003448,0.2157416835277494,3.841678964061181,-0.8730483831144884,0.1191293898932235,1.3399646492571922,1.246001690780549,-0.0759475073740754,-0.4924187290932185,-3.291084192662703
33.0,34.0,1006.8655395507812,-1.1454588007869306,0.3786926597401674,3.543595349476893,-0.9827000047909724,-0.211374186809615,1.225511961311378,0.9146838467498544,-0.4009790771521055,-0.2756068498533217,-2.398490561329744
33.0,34.0,1008.5247192382812,-0.9752244212147616,0.2486959636226879,4.321736426914756,-1.108130281621587,0.2874838371033288,1.7063930683530415,0.9257522158397932,-0.8256844055937123,-0.2201070510994993,-3.562879198378708
33.0,34.0,1011.5414428710938,-1.1930110048312836,0.2127978167890134,4.414014925386844,-1.5169918250430636,0.0040352956853713,1.3931219157945378,1.9040333058046164,-0.4458561509746923,-0.9109162775532038,-3.1835215441128133
33.0,34.0,1014.5859985351562,-0.9304861172722624,-0.0868149385110275,3.864064905533816,-0.4408638451231699,-0.4626778998988037,1.4676200403506623,0.604331668183347,-0.663436323160064,-0.441280592348277,-2.630647432571106
33.0,34.0,1015.80615234375,-0.9457788343180864,0.4737619185560229,3.2613809905900712,-0.6374682400149805,-0.5091647527123166,1.1691739687011502,1.2503052973474205,-0.3566990975926725,-0.8570467603858223,-2.8845949544715843
33.0,34.0,1004.4317016601562,-0.7927082597158979,0.3171475084492545,3.759439755268195,-0.7999566431558147,-0.2745529547774046,0.9567751318792476,0.7547583592143914,-0.72823497289109,0.0620328462461436,-2.4297670432178675
33.0,34.0,1013.8299560546876,-0.1832224801473261,0.1249398416036324,3.5052949581894364,-1.129745857326962,-0.0249895292599582,1.3537799112400792,1.3961692905192091,-0.2880427205292593,-0.4316711999372025,-2.621734330837881
33.0,34.0,1020.033203125,-0.8006903717684164,0.3474077556485868,3.274582525208224,-0.5437556065351501,-0.043513252415364,0.942617606149363,-0.0242924791343419,-0.1090354402819118,-0.9690482479228688,-1.766961038143159
33.0,34.0,1005.516357421875,-0.853894779130596,0.054012617172102,3.833060447553248,-1.849594122351548,0.5093568288639023,1.06474436138177,1.0409509610249312,-0.3699746810451554,-0.5690586230025474,-2.631185530980409
33.0,34.0,1006.62841796875,-0.8177339535364325,0.3634326795220417,3.2828366159726965,-1.0787443042691187,-0.2531341112315894,1.0222797411155593,1.3661378634766876,-0.1453422460065958,-0.3459782455283307,-2.1875598217052827
33.0,34.0,1010.1922607421876,-0.9502826046484314,0.5990726756829048,2.9917181585950656,-0.7354452346076981,-0.3369561653953905,1.0565211921920383,1.372784835428588,0.1309117022223933,-0.6712838697834647,-2.5666707620286693
33.0,34.0,1007.9057006835938,-1.1183769839709958,0.3925179202105111,4.371321742910743,-1.331982558164066,-0.0025898370948898,1.011105149874619,1.9502175902368288,-0.0245383627185757,-0.6034814684842287,-3.208946567600326
33.0,34.0,1008.1126098632812,-1.0213196744864343,-0.1825744582553472,3.825978015349968,-1.1930859979875637,0.0462467263014767,1.379562454606889,1.283478556590114,-0.5961334501461524,0.0179625793721527,-2.459819205653328
33.0,34.0,1009.4737548828124,-0.405272685391818,0.6259007514771575,2.91783643411501,-0.6120605955239711,-0.2167730303734689,1.6436669710323102,1.0358798981554909,-0.8875574772816259,-0.1970774306863543,-2.368360551990155
33.0,34.0,1007.052734375,-0.8778081052403639,0.3741826269817592,3.140094371758675,-0.7702153663262887,-0.1826132890515053,1.4609120665391782,0.7817918132900061,-0.6206629858373951,-0.4411400105247249,-2.551021201314109
33.0,34.0,1014.9924926757812,-0.4192041408728064,0.1988845081836485,2.7380508042317064,-0.2716339992172907,-0.3896605640156849,1.8276979917788108,0.769752746454607,-0.2656794847683237,-0.3293584973687586,-1.7823114457438036
33.0,34.0,1031.343017578125,-0.4215093572237469,0.4102638352725503,3.8198049453165392,-0.7204942870985862,-0.3038968724441249,1.2106903139255776,1.709163836026427,-0.5484661771433288,-0.4533396277200294,-3.4357910070679223
33.0,34.0,1019.3936767578124,-0.3286424824168517,0.0137162874264076,2.6376379157657093,-0.5866818330110224,0.0424395536798529,1.7727610809092678,-0.0933036502615385,-1.049663156776679,-0.4117844231028966,-1.0169205324992925
33.0,34.0,1023.2202758789062,-0.9412429451355208,0.3480404265852099,3.291601379510812,-0.4485492683849887,-0.7773049251117499,1.5552540776140242,1.7639117852609774,-0.022413711463237,-0.2354475899557684,-2.053230720410565
33.0,34.0,1012.2353515625,-0.9405302498487328,0.4097698456005645,3.971041654137695,-1.444093451918537,0.5743447023211807,1.2626022189006791,1.370737954119441,-0.3450522995551877,-0.3789311763251355,-3.3369994426017504
33.0,34.0,1009.3499145507812,-0.7797813496500856,0.5006267611515911,4.037943828274495,-0.6191319645201663,-0.4322620263137295,1.1881703915024868,1.5066532575455582,-0.477479945812826,-0.1390708901891066,-2.400205855287312
33.0,34.0,1020.732421875,-1.8765767567880904,0.3291023830508335,3.484967359264287,-0.4589171120137596,0.1332139909068459,1.3940712719579196,0.0002159798992273,-0.5003379291209411,-0.3946685038930955,-2.717990290883308
33.0,34.0,1008.4464111328124,-0.8753036064584503,0.469987544280686,4.10808124876494,-1.620513462644746,0.2220929594468979,0.8369074210844367,1.440142392401187,-0.287647759961561,-0.2983487086490122,-3.100056262338753
33.0,34.0,1007.615966796875,-1.6775739025878975,0.4236653423526171,4.190000581996495,-1.0786374241978738,-0.4018960202322219,0.8734421116297479,1.436720386924658,-0.2515474402282809,-0.8554271939386444,-3.361519173732747
33.0,34.0,1007.4930419921876,-0.4259616791822198,0.55189905312678,3.2629086780137264,-1.372031860816457,0.1290571378333993,1.0694563353076711,1.2094554636156438,-0.3196166609378341,-0.6815345752053705,-2.560071759726487
33.0,34.0,1006.7222290039062,-0.933351522653127,0.7674230473703725,3.613359014064171,-1.2071105608010848,-0.0696299965803017,1.1390406777560047,1.953473557308401,-0.4685692121534917,0.1357861437249976,-1.9684928438929985
33.0,34.0,1007.4485473632812,-0.7630524677804731,0.6666800860896043,3.431732377058798,-0.7349179662640157,-0.2131864879872296,1.2839828175487478,1.412293085989056,-0.6696022799225094,-0.1308264996747628,-3.0007977542741613
33.0,34.0,1007.3696899414062,-0.5255030717422668,0.6850476794005225,4.03841546716216,-1.0963820500780423,-0.0807411147844607,0.8915093794847433,1.5793462666187157,-0.3029924494004792,-0.4287805843092531,-3.096377921448373
33.0,34.0,1003.46923828125,-0.9038634690007123,0.2525882508515682,3.9065383960919657,-1.0104039132956149,0.025062246329278,1.1094356965218992,0.9693822423754376,-0.6565999403527272,-0.247993024795817,-2.9325633663950463
33.0,34.0,1005.061279296875,-0.2374789949095195,0.4994787377767853,3.4196387584708425,-0.9763043571564508,-0.0124868863288014,1.2166152145733644,1.2541940621112202,-0.4123695411613228,-0.766234472697569,-2.447954054176107
33.0,34.0,1017.6344604492188,-0.6170728711838844,0.3967148508148028,2.7575364795540667,-0.4076437895654097,-0.0574236707950017,1.753280881621189,0.8653187520841579,-0.5190838857163023,-0.9173196525579136,-2.3208917133742952
33.0,34.0,1010.7271728515624,-1.2651063216013232,-0.1403234833805147,3.833386487148252,-1.0589050149419998,-0.1406712657971001,1.6823982454075583,1.0249477787364256,-0.3907201698908826,-0.4782101419478719,-2.606546609273924
33.0,34.0,1028.317626953125,-0.9834284690858696,0.0042681611275243,3.95010566593305,-1.8624523450117485,0.6497424083929983,1.3043711289621367,0.839557344271479,-0.6122688904382017,-0.3716193450804317,-3.686805047417094
33.0,34.0,1013.15771484375,-0.8101095281885584,0.0982247054911678,3.472113142261982,-0.8579496596526779,-0.4943918702512384,1.3209572303993466,1.0548111605667063,-0.8496529134648494,-0.4505740819790942,-1.7855621690503725
33.0,34.0,1004.9397583007812,-0.7575211868275504,0.1179497777513578,3.7840402987732986,-1.3222885545633272,0.1603678109992508,1.6648981424731737,1.3934015999278584,-0.6090110322896267,-0.4156502000264783,-3.007394353942265
33.0,34.0,1015.1326904296876,-0.4663737894572586,0.4870756849838207,3.773698345242949,-1.7110039036777525,0.2562430862209979,0.9384765437329544,1.2841046179980609,-0.0868440145685998,-0.954198801997455,-3.0866302906522733
33.0,34.0,1008.970947265625,-0.3959675434977576,0.3209502555836856,2.6971920874543045,-1.2640732009069628,0.109975885763685,1.1137320102442851,1.041814087624962,-0.1493833381661264,-0.4426378923250524,-1.9684809262477088
33.0,34.0,1030.0888671875,-0.4517888643653052,-0.0077853638549711,3.4347797777442466,-1.5912503223710095,0.6714065787605596,1.6407717859074389,0.9983842823435118,-0.5518013783272657,-0.344070270007812,-2.675098382005778
33.0,34.0,1006.3709106445312,-0.4887018502583702,0.1853513652903862,3.8065718462122593,-1.1596969355422893,0.1459896504612414,1.2167327692522552,0.8463301793040028,-0.3633781856852778,-0.1016484039028027,-2.94523428051954
33.0,34.0,1005.6085205078124,-0.6615686452069172,0.603212940275605,3.1961921141147265,-1.0311288647301482,0.2398166468955498,1.208334044474948,0.6606226899525991,-0.5238787784856029,-0.6258719298831501,-2.781628884403206
33.0,34.0,1018.5371704101562,-1.3617644628920198,0.1265134741927296,3.985438106791964,-1.1006770888517163,0.0130657479665554,1.108471444995109,1.0727363790095783,-0.5388290935898867,-0.7040803857488012,-2.5890474950732854
33.0,34.0,1020.3251953125,-0.9587385389549264,0.470070956286265,3.158770050921237,-0.3450835003798378,-0.4168602807952624,1.327917463254459,0.6518755755427827,-0.078194813225668,-0.670979886379639,-2.173195374569864
33.0,34.0,1012.8555297851562,-1.2043213566358384,0.716626300668981,3.8676431786222976,-1.0546793832371293,0.3776926504711095,1.0048202251102645,0.780641145527091,-0.4865025767248285,-0.5657133334042195,-2.996825757019081
33.0,34.0,1007.1314697265624,-0.6626878766088709,0.224271678767332,3.728454820787011,-1.1853657781274314,0.1616761494979712,1.1775722123106842,1.3025700073681756,-0.4961668612714192,-0.6653716291257332,-2.676437984677741
33.0,34.0,1007.945556640625,-0.7978013681058078,-0.0642747393391296,3.820582316063632,-1.2747880102100724,-0.1765386127056762,1.4213644547914424,1.5496868422767296,-0.5613543659524343,-0.3288366949720593,-2.492509930744018
33.0,34.0,1015.6087646484376,0.0602787363978318,0.1868233870131845,3.7650503859751634,-0.9845518706199056,-0.0630016899667156,1.1313512892207631,1.433358560536978,-0.0846299618129124,-0.4639017716816056,-2.445690507987806
33.0,35.0,1011.97265625,-0.3414834212406514,0.2241569352031005,3.43365489046697,-1.0783899384936806,0.1153178647901809,0.9836598982595116,0.588069141674481,-0.3251634500487421,-0.1683672824942581,-2.449323231842852
33.0,35.0,1018.0172729492188,-1.5417411642546552,0.362912136582497,3.3853002989760625,-0.9438136643552122,0.3949674868610575,1.4705190269108117,0.0477113156952029,-0.4478492125196007,-0.2451609976330706,-2.677190504128661
33.0,35.0,1013.6845092773438,-1.000061013497592,0.6107339697689849,3.785634243161521,-1.0069659984366377,-0.6063434872938052,0.95396423359563,1.7219711254644483,-0.6260170018783633,-0.3233649864671761,-2.8520865011724403
33.0,35.0,1008.6917724609376,-0.194459018186059,0.4548461102607355,2.914014907939478,-0.923882198873642,-0.1560971183237498,1.2055061803031109,0.7557005272363941,-0.4364827249707357,-0.1955003142239793,-1.492841854433427
33.0,35.0,1012.109130859375,-0.6149492376265702,0.4433155404810538,4.359487844137034,-1.472642183211485,0.2131157644560453,1.4529835253856485,2.080712164618803,-0.729321111632574,-0.0156277572203835,-3.061093688229904
33.0,35.0,1018.2725219726562,-1.336932361610126,0.3562524549684722,3.827598144856754,-0.7664928334807435,0.0147724189630515,1.4133441941988671,1.0015257256090973,-0.5034798416681845,-0.7603759832968642,-3.284394763462271
33.0,35.0,1009.04931640625,-1.1937422873533916,0.6202895992122937,3.5014027766350857,-0.6611971392989178,-0.1870798193515934,1.1365093325854474,0.7402219033181723,-0.5431121729019619,-0.793046435468348,-2.883559501130971
33.0,35.0,1014.85498046875,-0.432887174580232,0.513165364026408,3.0253748581859057,-0.5732971254647792,-0.3591389745682862,0.9258285984316325,1.041244982721449,-1.046002918826315,0.1063016840330544,-2.258004847644484
33.0,35.0,1005.2894897460938,-0.5561815385665128,0.2059534160561753,4.102994712367179,-0.7538866126023303,-0.1313547885517447,1.335172855111337,1.182382986136579,-0.4518317903531343,-0.4254791523124179,-2.6907946002537284
33.0,35.0,1016.0127563476562,-0.3058567355821155,0.1066372262987638,4.109957838125391,-1.0069538383631125,0.023551760444417,1.3997683833520576,1.0424313160217658,-0.8882458653381207,-0.5200676738721279,-3.0634812871230923
33.0,35.0,1024.9444580078125,-1.2383433213491992,0.1925862124382229,3.359285558889569,-0.739845849069968,-0.4673293902730897,1.4001757182497352,0.6032883041069574,-0.730157787928138,-1.0759506167026744,-2.369334070064022
33.0,35.0,1018.294677734375,-1.3996011902538488,0.498583066696697,3.680346820703182,-0.2550599037921781,-0.5977804868088565,1.2283601113097609,1.1207608429647733,-0.7994079212705536,0.2211868116919513,-3.017243041330077
33.0,35.0,1019.9415283203124,-0.1057144079744398,0.3190069439285743,3.4161586121494363,-1.240155673118549,0.5372959658493217,1.2643613803732323,0.2505920809283708,-0.5567161992401246,-0.8176433749512313,-2.51001227283432
33.0,35.0,1009.8643188476562,-0.8004866170326626,0.6627324100500225,3.4388737956011326,-0.9417476695947684,-0.087792012744579,1.0080930554780636,1.2150520980955637,-0.731111148082233,-0.3714374839703529,-3.083429953109261
33.0,35.0,1012.2437744140624,-0.9700809360657764,0.5325334456446882,3.2101469627996,-0.7889224571534346,-0.3317112522845686,1.7401757205463264,1.1791616562733775,-0.6169204903396519,0.0447641478487259,-2.4529922150838788
33.0,35.0,1021.9760131835938,-0.785549854616356,0.8708226057167812,3.3249422016573256,-1.1389545354117114,0.2967843462857544,1.102100755428587,1.3873356919868485,-0.4594790132857271,0.1762311374614267,-3.306683947749569
33.0,35.0,1022.0610961914062,-1.7374926997816575,-0.1239353365858288,3.993951777514102,-0.9136739630806928,0.0788396710457481,1.5074556512666382,0.4348890683236872,-0.4965495883841191,-0.617131271675639,-2.6706318353704224
33.0,35.0,1023.7866821289062,-0.6851762527055802,0.0614665429174259,3.560471810848661,-1.160569641390664,-0.5198294970305977,1.2862022081253022,2.0743194393766826,-0.2239110139209437,-0.2719778253102571,-2.479317756218249
33.0,35.0,1028.11865234375,-1.1498542012408517,0.4794825887747791,4.479956730698527,-1.1168311466309264,-0.02664281123561,0.8497282864434599,1.366376847344151,-0.7415847395031099,-0.5004749949484983,-3.7288844931556095
33.0,35.0,1010.2216796875,-0.564876171752327,0.1091219259239331,3.463192897807476,-1.770324555143204,0.4803696402880328,1.1123379200770636,0.9512771988942764,0.1030148605364313,-0.2999637650777629,-2.6618048772597604
33.0,35.0,1016.9951782226562,-0.6054392950359313,0.4686034310351497,3.537807092622179,-1.141743933047927,0.368506483738928,1.4002069550486818,0.9223899747376638,-0.3611251145137331,-0.6312962357572784,-3.1479929108320714
33.0,35.0,1016.9541625976562,-0.9996297828061378,0.2292232789007453,4.416427444558055,-1.456591997565173,-0.2954982564452981,1.1522501920396555,1.7568691912695558,-0.6332091648330058,-0.0155860385680988,-3.1433465605405235
33.0,35.0,1007.701416015625,-0.5034690370074593,0.4960854907142176,3.194201519670642,-0.7907067824331229,0.0030296976915025,1.2262072668765551,0.703884036833422,-0.4845679150852673,-0.5525335581508033,-2.515889512284507
33.0,35.0,1012.8442993164062,-0.9586696765669158,0.8903779430619361,3.422805889057406,-0.6842940054357811,-0.599802836505833,1.202527179732594,1.881157290840536,-0.4363890878115404,-0.4451880325513082,-2.206817690882831
33.0,35.0,1033.25439453125,0.1994103941076126,0.879948576757501,3.3643526761034472,-0.8970069180014271,0.2431904250663006,1.3609645209486487,1.2166883231007697,-1.0690254261500272,-0.3476058189193658,-2.8838041035087385
33.0,35.0,1015.8568725585938,-0.601250968084905,-0.1666768884060694,3.684792599893101,-1.1620120489663033,0.1299498448786193,1.6011411024635516,0.6995510496497195,-1.0210862739864073,-0.3629742438100205,-2.908245661045668
33.0,35.0,1013.3882446289062,-1.009390466095331,-0.0847191654186492,3.799506958750184,-0.9432990988923562,0.5049153617940494,1.875134521332754,0.4958360495503786,-0.9900199685118808,-0.1465368164259963,-3.18351562670471
33.0,35.0,1004.41357421875,-0.3826490043745654,0.2740066399961458,3.758289213971538,-1.2855231481637557,0.1945532858850374,1.308725427657338,1.1234566878485357,-0.6083389302051296,0.1090232453982045,-2.1527563844143307
33.0,35.0,1011.4454956054688,-0.5104885269401223,0.3077577380046694,3.3737644263771944,-1.0492328341604344,0.2848235464153257,0.985355820982602,0.6051562687827525,-0.4020220717562957,-0.6802515425205478,-2.688908571994564
33.0,35.0,1014.4756469726562,-1.0254674758458493,0.2051567864168699,4.533582277166937,-1.1265586413196722,-0.4459134736104611,0.9300870701405426,1.6816500145668956,-0.7064369199723668,-0.5378660646570337,-3.258013302708301
33.0,35.0,1017.6776123046876,-1.3609635782158538,0.1951194193823893,3.783602717916157,-0.9439302498069936,0.161902081605012,1.388587764750877,0.7511825875605105,-0.4674152517610954,-0.7999231866710588,-2.31455050388763
33.0,35.0,1011.7237548828124,-0.6914700180819073,0.613413424682717,2.738057100811877,-1.3862685877715677,0.5427606013303974,1.048259359189025,0.259469059768616,-0.2430983007407743,-0.6424835098556407,-1.7937287844831171
33.0,35.0,1017.9826049804688,-0.7144267576403758,-0.1416765651388782,3.797645448920612,-2.1217671755057594,0.0959036348663469,0.9448739371329208,1.4037216154118992,-0.572300971508251,-0.3079617537843253,-2.4099402708566857
33.0,35.0,1013.8690795898438,-0.7179714336199012,0.4967206651696774,2.8863746134113075,-0.5831304658751781,-0.0337505776083304,1.3773307947146796,0.4963791573538874,-0.9116809226422564,-0.1152159912082364,-1.5607385078887686
33.0,35.0,1012.7286987304688,-0.3437951450950258,0.1085922206573037,3.701477339812543,-1.1533853888196344,0.4586938020708064,1.364755985166158,0.4536291492688429,-0.7059584552794869,-0.4738241441887316,-2.4009835948896665
33.0,35.0,1006.5457763671876,-0.398048449757777,0.1686512795239263,3.429546672073144,-1.5636178220115662,0.0527346632111918,1.3941436793126938,1.5588169680109516,-0.420773800693123,-0.4120440380973891,-2.0252593043166534
33.0,35.0,1031.880859375,-1.0457028165326765,0.0426696129943451,4.604094892814036,-1.755959703832528,0.1936896107556212,1.090563322337271,1.9242081436507927,-0.2237988589027022,-0.735534247129249,-3.7454831277076894
33.0,35.0,1015.4268798828124,-0.6709537489690698,-0.0928540406940561,3.689133034654312,-0.8100472746419811,-0.5633745415916245,1.3984588536118636,0.8006203755083572,-0.6654175906461077,-0.2977801835356191,-2.811568472439114
33.0,35.0,1012.372314453125,-0.4888146541782561,0.4167980735485512,3.7263965475418335,-1.5209563794586032,0.4657820986678684,1.0121234903381415,0.8845998599264586,-0.177058147973347,-0.6223321301871962,-2.772716959211196
33.0,35.0,1007.2323608398438,-0.5420529479549661,-0.0659256627791764,4.161374125781919,-1.2457679605630223,0.019011865102863,1.368939435140244,1.5490102469882228,-0.3945576072232173,0.0575537229823464,-2.6817773587269054
33.0,35.0,1021.7034912109376,-1.4942751108670915,0.421171267571828,3.492515548626697,-0.641117539507075,-0.0827831911230019,1.7078353312065708,0.6591805468568417,-0.8583098360221015,-0.5144030260746186,-2.193216467501353
33.0,35.0,1007.438232421875,-0.4948225006976665,0.0493042111987138,3.8901404173780456,-1.462296046174116,0.1761552272556086,1.3768453158246476,1.2693988716558111,-0.6198216998342412,-0.2658830966984267,-3.0979994034143794
33.0,35.0,1011.4495849609376,-0.6319491654605223,0.0696777905805312,3.887196823920956,-1.4000105043510374,0.4880627569717877,1.538596100701354,0.6139471872735269,-0.2810423380100966,-0.9363561669269947,-2.9489293304760937
33.0,35.0,1007.2138061523438,-0.7083395887791708,0.5748670177435331,3.954545782540084,-1.1032069727689615,0.2243453986731758,1.251470283038275,1.497618786661235,-0.5227937362423924,-0.1314280385111601,-2.9808482976146284
33.0,35.0,1006.5743408203124,-0.8939758003330063,0.3122295491104445,3.3565755648332267,-1.7325215832759149,0.092067447240133,1.3948010694927664,1.3628950475658268,-0.5192573577289847,-0.1901715965408321,-2.7069885245564302
33.0,35.0,1012.022216796875,-0.34757677665187,0.1155804138799503,3.2711487853928904,-0.7877556862168733,0.0555312070284044,1.4590111963722938,0.5542448487917229,-0.5881415383275144,-0.7727594945889384,-2.200830746095257
33.0,35.0,1006.41796875,-0.6355643958364885,0.5412603830209637,3.596193769276807,-0.1940488228791856,-0.3850981729110616,1.4206280580971224,0.8218047155200834,-0.9311166724866792,-0.430388930336413,-2.583822125328003
33.0,35.0,1026.9111328125,-0.9985289546350308,0.0413455640248194,3.368504275007867,-1.1763567879984125,0.6297991999163921,1.8024134954319653,0.3733187906600799,-0.6770342225764079,0.0600716528011542,-2.5500526143721154
33.0,35.0,1005.8594360351562,-0.5260419851286153,0.2945205515910034,3.3589032097863445,-1.1060236788834517,0.2899225541014774,1.6937794011159522,1.0541189680717622,-0.8656102672456605,-0.0523217767621142,-2.318107933042928
33.0,35.0,1022.2826538085938,-0.8678532746831831,0.1393347622424565,4.151335426822788,-0.4680586352406832,-0.3561467928398496,1.8408076704714365,1.766650102312168,-0.9127072959313968,-0.0598362150938323,-2.64676237384936
33.0,36.0,1014.0531005859376,-0.4059783695802146,-0.1077217148399301,4.589626767489275,-1.7546266754494422,-0.1184225735743895,1.4794545655555351,2.4611161463315323,-0.6728399395527003,-0.1648192374503292,-2.89213749538849
33.0,36.0,1014.2574462890624,-0.5698430617265764,0.6781552518240357,3.1226003201019203,-0.9362461096473308,0.3581646940303953,1.3024113782880296,0.6069516298767859,-0.5997494768137495,-0.0688056265371876,-2.2892284115205674
33.0,36.0,1003.838623046875,-0.7062802430564572,0.2529649518058132,3.344969448312348,-0.96628654219424,-0.1475819151774917,1.381593798821136,0.7424404666640783,-0.5124738852068074,-0.3655397163445801,-2.5768502754577662
33.0,36.0,1017.1942138671876,-0.6622758978089145,0.8116444931303048,3.398024100513513,-1.0586092653654928,0.3217166327679699,0.6762406895569306,0.7003422205049947,-0.3540375488297647,-0.0639126160835132,-2.2759219528717645
33.0,36.0,1002.780517578125,-0.5883244415380586,0.322591685372088,3.3812023082059373,-1.135534319424135,-0.0868432096592091,0.9267171676588992,1.0996739888349092,-0.386214849890826,0.0316480724611949,-2.1929082706417664
33.0,36.0,1009.1166381835938,-0.3843523601723735,0.4849999463830876,3.103023477072121,-0.8277035379584969,-0.0921994927188842,1.6798108239405254,1.544391564996392,-0.5046803838047014,-0.5865661112246325,-2.3433180795021635
33.0,36.0,1007.9468383789062,-0.7781290232410525,0.1384502765132236,3.481761718520658,-1.3412914242781184,0.0404799910254691,1.5600096019818643,1.1486250043636348,-0.3711189763639151,-0.6589180723692802,-2.83221433615838
33.0,36.0,1012.9267578125,-1.1218138807530318,0.0848382137154599,4.212109204739932,-0.6940283668417342,-0.1179821446536797,1.6577298351355951,1.2155934285009409,-0.9715671949605048,-0.0530611273309329,-2.572428319750611
33.0,36.0,1007.8242797851562,-1.0352421934187102,0.3203653565404272,3.73721598580331,-1.3769477707163178,-0.1007582645527858,1.2038075048511097,1.643523865596408,-0.3044293136068718,-0.4917558270705662,-2.274375081633412
33.0,36.0,1043.7509765625,-0.6884888269485181,0.137686198406314,3.561156498790419,-1.473796412894206,0.6045156597852515,1.9715359404893888,0.8467527067921887,-0.5701927416692376,0.4358599300488111,-2.30884580141702
33.0,36.0,1017.0020751953124,-0.1903123139478726,0.4841947276226737,3.271658283698136,-1.1363554491769738,0.2643147577136862,1.2518435866378257,0.4309438215179861,-0.475986428667591,-0.8304438475863307,-2.5936380393635114
33.0,36.0,1006.3384399414062,-0.6599584745037017,0.2994526554779098,3.7315178866888576,-1.3772395151570835,0.247089780376565,1.248320555064243,1.1862581948576398,-0.1792945582743321,-0.2187168065405034,-2.592990653763054
33.0,36.0,1008.2109985351562,-0.3839235909577114,0.1246931265485855,3.169864273460151,-0.8530658351448901,-0.0521717556959284,1.6239811457207098,0.7204658840565168,-0.6891944948793336,-0.518477452010405,-2.412879522146291
33.0,36.0,1027.891845703125,-1.040392027692682,-0.0090873100495718,4.165714473738271,-0.9996337256847544,-0.2089170937511308,2.060133192572323,1.852228068159789,-0.6787955305559583,-0.3578544620622077,-1.9800870617493893
33.0,36.0,1011.1558227539062,-0.9424804468752636,0.5815512248886057,4.136780906633891,-1.2613052494991033,-0.0993909763433782,1.4247030738244817,2.033097229578596,-0.6144767768867085,-0.3464144411954919,-2.922206143336727
33.0,36.0,1017.593505859375,-0.6938551206297596,0.7362200035589517,3.182918841130908,-1.120229181916688,0.463146055423155,0.8788001782922992,0.6002827897535736,-0.4877185764568539,-0.4659209922006795,-2.4265085523472503
33.0,36.0,1007.0503540039062,-0.557400644892021,0.4506878019623563,4.36088584037957,-1.0262677635908894,-0.4081837699122941,1.2383224582096115,2.0470854730940697,-0.61996847590264,-0.3887552631606654,-2.598375138421749
33.0,36.0,1007.7116088867188,-0.6830072780138972,0.8502729888234848,3.677992895805648,-0.4910790071020452,-0.2872685098576397,1.1377689501130837,1.4735194211107956,-0.5355315837861934,-0.2102545889275866,-2.7628032499940454
33.0,36.0,1005.5516967773438,-0.5282008201188191,0.6579545796166641,2.8575064904219705,-0.4465486371710883,-0.2933072774230361,1.376932528397912,1.0566171941505322,-0.4708797027017413,-0.1192415081225988,-1.9458180687232671
33.0,36.0,1013.135009765625,-0.5333270987668932,0.4341574886894115,3.73176614161738,-1.298616012018004,0.0047012853063819,1.300103181630977,1.984670409895192,0.058078324051026,-0.670588697392879,-2.7417927890756744
33.0,36.0,1022.9752807617188,-0.9790637038804108,0.0106849011166252,4.263933700713277,-1.887651448111048,0.5144034713792633,1.475135882861811,1.0191479951661702,-0.8088856181594544,-0.4528323856316536,-3.11315665604604
33.0,36.0,1010.276123046875,-0.6999548628680294,0.2332299495495657,4.129269210303324,-1.519910673452895,0.5297480894562581,1.130049184496384,1.135490755842559,-0.3281495112480561,0.0593565019437933,-2.8367210183015805
33.0,36.0,1006.591552734375,-0.7964049184859103,-0.0163687621869437,3.4782881447682747,-0.8451533528334423,0.1321051947239979,1.582883320817028,0.7492522217799085,-0.2018023641023969,-0.7051207534976234,-2.8060524323753726
33.0,36.0,1018.59130859375,-0.8679513009515736,-0.1220295453981208,4.112206887815233,-1.021498241743469,0.1609058890857495,1.454790764169429,0.850110316038788,-0.7111578513768482,-0.3310937344627866,-3.2778582547803707
33.0,36.0,1005.1919555664062,-0.8005018580824999,0.2690396524306599,3.6597169048816127,-0.7023980123008391,-0.3801939545157671,1.5170841418772536,1.4119793685117692,-0.5728174954180112,-0.304134815097127,-2.1471629142961177
33.0,36.0,1025.2044677734375,-0.5910828395576226,0.1934236209508766,3.045842116532903,-1.165535771285093,0.0952416833861091,1.5312458769770083,1.213938996189304,-0.125827712192537,0.000790272895327,-1.870954969318725
33.0,36.0,1009.598388671875,-0.8318792952583554,0.4353740796063921,3.8680284193696703,-1.3198797748767293,0.367760238470427,1.2705517511013973,1.1349719063524422,-0.2453096674349284,-0.8378137905404248,-2.782938370639621
33.0,36.0,1010.9632568359376,-0.1695937172792652,0.556399707707004,3.947765130971813,-1.4278259544911611,0.0837740992669653,1.23149040374628,1.6477700240988806,-0.813718744196751,-0.3380089273036093,-2.7234462328296702
33.0,36.0,1010.9521484375,-0.417387233996596,0.0017854908884764,4.190345261780433,-1.7723113241123678,0.4188167054075169,1.3461220297619638,1.5465868633135091,-0.7247123218790712,-0.1559282547144374,-2.826391690519765
33.0,36.0,1017.242919921875,-0.6818195227116215,0.02327090293916,3.602217537008832,-1.1242473778999704,0.3416984782514474,1.3621196566743343,0.3953086738037132,-0.5542599501164496,-0.6588476671546175,-3.235686823147206
33.0,36.0,1016.783203125,-0.9780090008977264,0.4338044416052797,3.810387098160284,-0.8837157949848091,0.134515244129795,1.4973887053749335,1.2396374007253783,-0.7315815317141086,-0.1145524513106073,-3.6364536464693584
33.0,36.0,1010.6583251953124,-1.357026725585957,0.3090410423320255,3.379824061318642,-1.19141309650652,0.2139213391298824,1.7586190164226645,0.7594355975612244,-0.7346120719619993,-0.4119776329241675,-2.6692226570409945
33.0,36.0,1012.7354125976562,-0.6308739732471196,0.2297978950180574,3.89605519105732,-1.4517739376297971,0.4781172857765403,1.4858298237577614,1.4837858941663642,-0.2183660687402921,-0.2580030947396059,-2.6866405180111514
33.0,36.0,1002.4591674804688,-0.8003332075261751,0.1957609334180965,3.9611716063066735,-0.8992227404410897,0.1579777361723007,1.4165875996161157,0.6029826325156868,-0.7257453854119884,-0.1410051656405722,-2.865921706433815
33.0,36.0,1012.0552368164062,-0.2227496005941125,0.3783880763082061,3.8767605932599007,-1.399391672647789,0.0607059048951539,1.158175175054355,1.5533084083006008,-0.3379561314837973,-0.6929932093441371,-2.6137640998125624
33.0,36.0,1011.7720336914062,-0.5658539545764629,0.1039529620930626,3.8520005906478847,-0.9637187499792086,-0.230650785524257,0.9302044382684872,0.516010332559639,-0.6895612645514717,-0.0951359262373356,-1.912145122319837
33.0,36.0,1015.3638916015624,-0.3356355372098027,0.207751031516274,4.074256098381454,-1.3764534332135456,-0.0728803835364431,1.6782815945073466,2.049926396973184,-0.7029138287978496,-0.4068197719060986,-3.0708450972298795
33.0,36.0,1008.6363525390624,-0.0158235973859319,0.5905590916784167,3.0469313878456035,-0.92492133979348,-0.1128048906999952,1.6779482294325012,1.510923889513334,-0.780448755163329,-0.2591667424372481,-1.7162132209055287
33.0,36.0,1021.6220092773438,-1.4445684488288144,0.562605531978301,4.496812284591199,-1.8949132756701053,-0.1804214105362147,1.1427895486596418,2.662209609138495,-0.253833988654061,-0.479015768842058,-3.1776113012549283
33.0,36.0,1012.8040771484376,-1.0152749476052625,0.8957920446318344,4.113045010699835,-1.874515437689929,0.5996184045467521,0.835645851911786,1.7399586384430332,-0.0359870396370958,-0.6027295639377233,-3.6989160486820296
33.0,36.0,1008.72705078125,-0.8104622891735218,0.0795927479872817,3.5364622165018886,-1.0933687792765086,-0.27280565353316,1.7060516147891995,1.4169799204093056,-0.5598613656151148,-0.6063780532935912,-2.4947140494008173
33.0,36.0,1007.8563842773438,-0.3674345676432757,-0.0471721682909329,3.803307938231585,-1.351376147683126,0.1974066582001965,1.626332378042869,1.003791640803014,-0.4757975638298628,-0.5700236468647741,-2.190235896653573
33.0,36.0,1010.6022338867188,-0.4318736346196896,0.4206822959315932,4.109658678552465,-1.0813967573994927,0.045224059733111,1.1954873171037246,1.633027924572822,-0.5889448174727319,0.1102258946518128,-2.0060406785131564
33.0,36.0,1014.9487915039062,-0.4940208780723223,0.2771988661139835,3.059856536390237,-1.0223788818746762,0.0664712988783131,1.670509415610714,1.0798898919250917,-0.8184896142349904,-0.4020889161197623,-2.4320354775530384
33.0,36.0,1014.159912109375,-0.3680710321270322,0.4636001153699904,3.9561755518297375,-1.051714244727398,-0.252602017361621,0.9218512202016448,1.5937844295491264,-0.4355004206209445,-0.2872021659285915,-3.181763427557938
33.0,36.0,1014.185546875,-0.5654672982838802,0.0965969463395524,2.964437846853688,-1.370274888185572,0.1195784370939057,0.9933136636134794,0.3733188273217811,-0.0491444398473364,-0.311087037063535,-1.7559847598673262
33.0,36.0,1002.7197265625,-0.8200898272828407,0.148785228616731,3.805452898665557,-1.5153005770682522,0.3145623973743632,1.3616081446182822,0.9854974191750978,-0.3896915286268267,-0.4449813032139653,-2.7673632295459845
33.0,36.0,1018.9107666015624,-0.2578724593351689,-0.114906031748549,3.560399183811477,-1.095196676524913,0.0068769827233774,2.1005618616123893,1.4393523588638448,-0.6879913407717613,-0.5480700765736746,-1.938254882132445
33.0,36.0,1044.0926513671875,0.2481828185210304,-0.1673764670739705,4.039147046603654,-1.880362960784483,0.5870556682109518,1.4062080203014746,1.1015167196688829,-0.6667301999436113,-0.5721001140205768,-3.299170356606436
33.0,36.0,1010.1273193359376,-0.509162102896525,0.101340269557709,3.835460667914989,-1.6687853893217204,0.6524761892798647,1.241014851923171,0.989080550139926,-0.3692153659837878,-0.438162411121195,-2.3070868202523616
33.0,37.0,1009.97900390625,-0.7543262275383125,0.4601212900140936,3.5637609427011,-1.3352602875642798,0.1882094788239179,1.2166617703286065,1.2302165534801333,-0.3783438398601486,-0.5053167546397175,-2.9426426196997686
33.0,37.0,1003.978271484375,-0.4987666259106076,0.4885033483667325,3.4264827349460987,-0.7885886533354922,-0.3097671948352722,1.194379071984832,1.396976434033343,-0.5032421019051085,-0.0406651018678623,-2.335374427431969
33.0,37.0,1012.4166259765624,-0.2256499353412513,0.180290058201626,3.660167970749253,-1.3667295379292383,0.068630427749615,1.6746278274916229,1.3045910461737489,-0.4709825781328343,-0.47335705430502,-2.4409696866847925
33.0,37.0,1015.2333374023438,-1.1525540983134834,0.287802536207363,3.348608922996468,-0.6276275646041194,-0.5320981099612112,1.3392909766321957,0.9001485897485324,-0.3884931133945821,-0.6896904508173298,-2.5538479473879887
33.0,37.0,1012.0928344726562,-0.5594509907322518,-0.1147172699384198,3.377296937883756,-1.0135311939859006,0.0487070203668142,1.2568973264047836,0.7616217932501455,-0.6208217327592855,0.3609453460759404,-1.9601197804078847
33.0,37.0,1011.9159545898438,-0.8890032918760937,0.2206794960314608,3.744488041135485,-1.070860075792552,-0.0976072600541266,1.533070541613748,1.2827246667500756,-0.6408364126641439,-0.4819315274374789,-2.220335937999598
33.0,37.0,1007.3017578125,-1.3047370426260212,0.347442807130407,3.807496779004232,-0.8926995939316553,0.060290824732073,1.6197260717775368,1.0136854034004923,-0.5956015441852633,-0.408489417005522,-2.727814862414049
33.0,37.0,1008.5460815429688,-0.884385767147088,0.1993020496318953,3.6693217194370256,-0.9397878418248986,-0.1839486455868506,1.239748645288791,0.8090023640760355,-0.4991743597265579,-0.2398316914229417,-2.5463072887246705
33.0,37.0,1007.5526733398438,-0.8282672171987118,0.1432635295852993,3.2078765959870186,-1.065541940424919,-0.0536024433957447,1.1975160807274,0.5425477653308883,-0.1973260301265247,-0.3873624003295077,-2.835196351260358
33.0,37.0,1005.924560546875,-0.365341984948313,0.3465751835471131,3.685284158024336,-0.6774993081680449,-0.2234035878638209,1.53479211940461,1.2085053562095025,-0.6348092306864945,-0.5600867809665004,-2.849007994101842
33.0,37.0,1012.1752319335938,-0.6219870045732696,0.0542030665673802,3.8633278064964607,-0.4908217889045003,-0.4703871838693239,1.818520602547351,1.105161423162091,-1.0324845066434634,-0.2269364704832472,-2.263407568094696
33.0,37.0,1006.850830078125,-1.105428586493563,0.0230474784715912,4.152130621178603,-0.9221297490809092,-0.0240153504206954,1.5818497887680607,0.9772413434924764,-0.4973958663997999,-0.5637336530520436,-3.281764357006512
33.0,37.0,1002.8800659179688,-0.5273356839666672,0.6109918899211948,3.360942444313574,-0.8327124311203784,-0.1598144494033953,1.3145834052764354,1.3262417526450854,-0.4012431307338424,-0.0593880872471546,-2.299161367499561
33.0,37.0,1009.85791015625,-0.4395272040773692,0.2655599622372513,3.570088259746891,-1.5224026203985277,0.2472661008978409,1.1155103962031738,0.700654137379356,-0.452925823131844,-0.2959016103946279,-2.290323183085168
33.0,37.0,1004.4774169921876,-0.408927231896067,0.3906202055891477,3.615079448023456,-0.6883761330669591,-0.0400212226702505,1.2760111781071712,0.8587765398287184,-0.6438251094469729,-0.3943046185294037,-2.3905926521638547
33.0,37.0,1009.614990234375,-0.6518891928761752,0.6598288737307829,3.1346074896728418,-0.43523213538848,-0.5006052793329516,1.247600806928112,1.0440497781466638,-0.4721989571376621,-0.5590751604991908,-2.5042805176989025
33.0,37.0,1012.9956665039062,-0.0698342341257802,0.4838011285618471,3.1524509305609616,-0.9839973512258132,-0.0928530285615094,1.1300315648932582,1.1535778122994884,-0.4435373317761435,-0.2444643985309689,-2.2450883755140376
33.0,37.0,1013.5487670898438,-1.2496056638623996,-0.066799300092776,3.63389174184182,-1.5553311921443216,0.1543505776401481,1.3893154615632364,0.7529356307381496,-0.5491188172599593,-0.5015802250659993,-2.660528028166913
33.0,37.0,1014.5808715820312,-0.3935241651380625,0.4474980218253632,4.112530806605179,-1.4741627720084425,0.1079417879683077,1.1314748233888352,1.4781370223645185,-0.5723626335140244,-0.3750533045088557,-3.504361809376753
33.0,37.0,1004.24609375,-0.7118208981238165,0.2347470630854511,3.305110752267865,-0.8563074958179335,-0.0471714423568521,1.3841877727557534,0.7422279051894787,-0.6898224919200393,-0.4688597167731387,-2.255804969005202
33.0,37.0,1002.3245239257812,-0.770509726589844,0.2934435787272349,3.845967218019888,-0.9437330020808884,-0.1606875450206457,1.382504026250574,1.20797597117844,-0.5050678073651946,-0.2956283846611356,-2.612704165157921
33.0,37.0,1009.7540283203124,-0.8992785520750193,0.3552929793122841,3.7767045806677473,-1.0362413867048117,0.4427143360250598,1.4557825128787885,0.90223424215427,-0.3094471286879843,-0.7021493737861908,-3.0781167770933164
33.0,37.0,1010.2101440429688,-0.5612819371779052,0.3740119478395627,2.926294926741077,-0.3738418511006056,-0.2795946351211311,1.7238913498190254,0.8851484722938601,-0.4380513853049326,-0.3502141746292473,-1.9313052034893257
33.0,37.0,1009.6697998046876,-0.8609123401429128,0.1747896279955743,3.52354719502714,-1.456555237100245,0.3535251389127305,1.6646522995375117,1.1703312499326852,-0.6280431687573635,-0.5520549023430181,-2.392458116933166
33.0,37.0,1004.8377685546876,-0.5584447358702969,0.5684885663316113,2.96313555147628,-0.2361585932138847,-0.585970348784139,1.2170236171558528,0.7989381807829297,-0.3969158591397743,-0.3686640356653274,-1.7208683153023665
33.0,37.0,1020.3831787109376,-0.3261473987834433,0.484179497999504,3.966175925737964,-1.2418658426976026,0.2586532464171611,1.330954079880455,1.471599671685695,-0.3396830455998607,0.019949000576716,-2.7435252118406943
33.0,37.0,1002.7957763671876,-0.686579330446242,0.3137900377656155,3.694491503400624,-1.141122582023939,0.0258942570738582,1.0656310240599742,1.0851226150587303,-0.5114007447983706,0.0801984783639921,-2.2678230377816377
33.0,37.0,1006.706298828125,-0.4756916253361831,0.2449888711540984,3.598110573767185,-1.3747498087722212,0.1445069342115124,1.393137229592316,1.1208323717589943,-0.2516773076002998,-0.4976505536317086,-2.8881877575434785
33.0,37.0,1018.912841796875,-0.6838875639325943,0.2783460198756859,3.959418657630661,-1.3566959825907945,0.160334779340995,1.4607069949802511,1.698465334988156,-0.1870536916149801,-0.7738047886391337,-3.4089632436882904
33.0,37.0,1007.2899169921876,-0.6746250820316284,-0.3134950258812576,3.8065481216466672,-1.5289161770675328,0.3418901830947956,1.5940804710692422,0.9679994998633604,-0.5265854347200873,-0.310151012411362,-2.353686160743829
33.0,37.0,1009.7727661132812,-1.0962779868657653,0.3212318745585083,3.227385666769818,-0.8059921268416321,-0.1760776519172457,1.405297093864407,0.5864815174380968,-0.5158931087124365,-0.569838260203726,-2.243945505290488
33.0,37.0,1004.6553344726562,-0.5205277256889405,0.3856048219372461,3.4381952242723752,-0.7837069585516208,-0.1946042588885177,1.3885319160353902,1.2055475383901184,-0.7305256668565381,0.0330310303197816,-2.4375424757245927
33.0,37.0,1009.3198852539062,-0.0520131046105429,0.0059735935469173,4.118755387301828,-1.6319728201488617,0.2865215335880098,1.1400032837588423,1.0172203803501922,-0.3686210841605977,0.1717366640997264,-2.3976274638798274
33.0,37.0,1016.3018798828124,-0.861310673309565,0.743753760240101,3.804634668533621,-0.7353394336817436,0.1442641839815284,1.0899966574465785,0.6324665641858074,-0.381923894920722,-0.8236486301737029,-2.851224871515099
33.0,37.0,1011.0325317382812,-0.6778836952025937,0.3375185852369604,2.9518949879600545,-0.2776209244132221,-0.2392360361781182,1.777582581970604,0.8150100576820556,-0.4261133776137171,-0.6621744826209417,-2.2330966320880123
33.0,37.0,1010.0753173828124,-0.6013149950996919,0.2422085972014045,4.128119969256378,-0.871810729496076,-0.5263239679177687,1.26693683884662,1.5858662562358568,-0.5738162504632802,-0.2271497974235243,-2.2029950971912986
33.0,37.0,1010.688720703125,-0.957740136632788,0.2933563364405831,4.014097011633634,-0.6625626968978597,-0.0096026842598844,1.0252369939790285,1.0441061828661518,-0.3826557361642448,-0.2680587198219735,-2.180134204002686
33.0,37.0,1002.348388671875,-0.8392016786848977,0.5625810440759258,3.5629479484247764,-1.2046784740328542,0.2242525291719488,1.1645637319512616,0.7742458767766376,-0.4891390119777625,-0.4623467837033521,-2.917470978103724
33.0,37.0,1002.8011474609376,-0.8285754792414384,0.294944356840876,3.5437652139231126,-0.392437653246013,-0.1767538733780336,1.5472960133983706,0.5892215059024899,-0.6057421468645128,-0.2115232000905829,-2.492732183350742
33.0,37.0,1012.9315795898438,-0.6113271334771584,0.3406809138420748,2.9934482086630245,-0.8552651002816587,0.185164774739567,1.603105443403389,0.5538622325095819,-0.5200836901677466,-0.2934522792801628,-1.961704580676941
33.0,37.0,1013.4573364257812,-0.9527196948608624,0.5875995468129211,2.9741584992867933,-1.0231439638931676,0.1098113349651761,1.2854502375902523,0.675362844120694,-0.6052863000672968,-0.0668735306843899,-2.576331926573705
33.0,37.0,1016.2061767578124,-1.0169227271503614,0.4114979894484847,3.310311270886848,-0.9496341357489504,0.2865755020622229,1.329510302575244,0.5619268963739277,-0.0823713409922319,-0.4703191938825197,-2.638711326675141
33.0,37.0,1002.7857666015624,-0.7085771963202658,0.1511640321696292,4.131828941405622,-0.9466504304763212,-0.1018137974924622,1.1737953203617133,1.3908055556781722,-0.4644813508554204,-0.2027697625410756,-2.90198493577401
33.0,37.0,1006.7379760742188,-0.6385947626547983,0.2256090490034008,3.6114761066897856,-0.7716017415110512,-0.4100421402500629,1.5278660492125675,0.9757140779558728,-0.6558523704352659,-0.3321874018581265,-2.4302270680492444
33.0,37.0,1009.7329711914062,-0.2006610239024722,0.2205198898160176,4.018701296666126,-1.615936534434803,0.1304719289270375,1.0326554969687782,1.7640496398995005,-0.3426391809184252,-0.1234969513196961,-2.39018908116892
33.0,37.0,1009.2637939453124,-0.4922036771859854,0.0368009965169253,4.145515736339064,-1.3809354011586468,0.0089946688804696,1.2878724551827068,1.5608771144027989,-0.402513999810786,-0.2007092165905595,-2.9431560352662536
33.0,37.0,1007.4922485351562,-1.3727905466683978,0.8701193329662811,3.3757386584105955,-0.6633849886162242,0.0159761561347062,1.0720523288097965,0.9484925577115452,-0.3240250663158353,-0.0403258712870062,-2.8506079658142447
33.0,37.0,1013.9434814453124,-0.5300592499655696,0.0356433856843079,3.120734159176481,-0.8538927168645261,0.0379250230771077,1.3878813999007376,0.6903799159771236,-0.4633036880581276,-0.3147980017314804,-2.0251745599434976
33.0,37.0,1009.438232421875,-0.5818324816327136,0.5976586104834078,3.538696596285055,-1.1108807557885876,-0.2147378295549371,1.1444568467159062,1.4044132731405137,-0.4063199236607637,-0.5649460080694215,-3.2260464118473045
33.0,37.0,1012.6417846679688,-0.6161784979959739,0.2455837487694374,3.3210527413588427,-1.5645260970870174,0.3612545170113925,1.4459105223880115,1.1231553152308411,-0.4670886391513482,-0.1803592253172485,-2.2354658641552065
33.0,38.0,1004.7476806640624,-0.7939607753362985,0.4621604108368675,3.870963030469808,-0.7865228211585524,-0.062189509498074,1.1532651046030482,0.6714638485282887,-0.4475431928068039,-0.1360791679370301,-2.8237888176231167
33.0,38.0,1009.7311401367188,-0.7949941035111809,0.2865462182830693,3.421353088005903,-0.5009869513632461,-0.2183073177842303,1.4667404997855549,1.0208163224472475,-0.3496882565693564,-0.631666344368754,-2.3522628366541487
33.0,38.0,1005.3717651367188,-0.7017031631118105,0.1625655432033106,3.668429040169487,-0.9004626683979176,-0.2327988780925753,1.1724697585762662,1.0063063065794706,-0.1529739409961008,-0.2163988662496159,-2.628201699825925
33.0,38.0,1010.274658203125,-0.9198773318243418,0.2630832908230784,3.619011384750472,-0.6798445156247759,-0.1187512206355929,1.5192259324325992,0.405407050107013,-0.7639643326217529,-0.6493976214259893,-2.725046177347999
33.0,38.0,1004.5319213867188,-0.8136139334078569,0.3399527855819357,3.733970155238772,-0.7786796290324292,-0.3682156924213355,1.0041139941332131,0.9656557160128988,-0.757375774700618,-0.0474891786250806,-2.315692781951648
33.0,38.0,1013.9443969726562,-0.1758114392100882,0.2226326836955214,3.92861247809266,-1.1743940703673337,0.0597972263374169,1.0270647997482154,1.235986595632319,-0.4325424307733563,-0.0239699975048059,-2.7797262332900043
33.0,38.0,1017.4697265625,-0.9881776242612812,0.6747195143971076,3.2308228762252984,0.0344010060888697,-0.3874496478383396,1.7673426144748756,0.9190847283193896,-0.6253001708837971,-0.8200947384326556,-2.379475756293404
33.0,38.0,1017.8287963867188,-0.8974732059422745,0.2192591747179895,3.640195095403646,-0.7116531943022961,-0.4518750631401111,1.614480846561972,1.203558094042851,-0.8587271117979887,-0.2043299122322031,-2.456725840223668
33.0,38.0,1006.2239990234376,-0.6163349867971473,0.1047374796755367,3.7365432273524863,-0.536421469246326,0.0080708695834941,1.4243428434405914,0.4750861395886021,-0.6930527849271186,-0.4073761446967943,-2.6733262545023653
33.0,38.0,1009.6260986328124,-0.9658392051017808,-0.1208500652613384,3.862508872519051,-0.7644638336614493,-0.2070976433117364,1.3716670377044116,0.7025788572141849,-0.6533022193734137,-0.073775716612487,-2.349931644110008
33.0,38.0,1004.243408203125,-1.055003114633254,0.5842441247855588,3.745705296705258,-1.5253744330625367,0.1335843937328293,1.041066836628488,1.2999896895606555,-0.3942027396579819,-0.3996100069975661,-2.656941288123647
33.0,38.0,1002.7702026367188,-0.9755592301439426,0.3075089749249882,3.715837111707346,-0.9189255770373146,0.1391000493136749,1.6622487212494352,0.8036915372248057,-0.8269093366202904,-0.0136356651977411,-2.809033921070452
33.0,38.0,1017.014404296875,-1.088335384451247,0.547108646979515,3.370904834396068,-0.2900532048648365,-0.5058933319876555,1.26007080027299,1.322575896241868,-0.3081203578279936,-0.4470920661070403,-2.7179518135255893
33.0,38.0,1004.62841796875,-0.3264135930414609,0.275921774872268,3.667129886990288,-1.2832128434937982,-0.0634898986753143,1.109411262485013,1.7027759206738384,-0.2796323200663426,-0.2412056647837737,-2.066961300967693
33.0,38.0,1009.2025756835938,-0.3197567125987248,0.0578784156569511,3.691868130623522,-0.5312037224582102,-0.0050615156991913,1.802780155968814,0.39717638498953,-0.8419470755940441,-0.2445954253202664,-2.6225440095353085
33.0,38.0,1004.0081787109376,-0.7149384433960808,0.6495543759103768,3.685973396373395,-1.0304932476666533,-0.1970761777440737,0.7345827717303708,0.9497559709985096,-0.6911138498427016,-0.1300799727929158,-2.531094655380311
33.0,38.0,1010.4833374023438,-0.9118675156254632,0.3877185763353648,3.749652447344927,-0.6314611069012264,-0.4706332738080476,1.331996791684217,1.2434053024721,-0.3386286037364421,-0.5220805452696622,-2.5234414597809662
33.0,38.0,1002.0824584960938,-0.8374897311418374,0.2809696378826674,3.4283702561701475,-0.620483206328859,-0.1449032801566128,1.4952637960640347,0.8075283904186659,-0.5382298388819393,-0.1619950645721015,-2.424307511278704
33.0,38.0,1005.8873901367188,-0.8818885676375885,0.1004609740143038,3.80090058792495,-0.8503589948152381,0.181229766288026,1.525899076534469,0.8016953765822734,-0.5431364437822612,-0.2800378343973939,-2.7317829615069886
33.0,38.0,1003.2910766601562,-0.7945196876279521,0.5812101464069457,3.8876752486677937,-1.1316106070479846,0.2058192781308516,1.237301328127561,1.0382575756360062,-0.4671854496930869,-0.3515841094939951,-3.183272653976577
33.0,38.0,1008.9336547851562,-0.212834315252552,0.3586762727729802,3.447904015401189,-1.0173416175032868,0.2080070238419571,1.5324246395425645,0.8296917942611381,-0.5754682640707163,-0.3208732119284567,-2.546644927628705
33.0,38.0,1018.2807006835938,-0.9506860287103782,0.4517102026300454,3.511611091916496,-0.7161103726453231,0.0096490342731687,1.0714137337920129,0.866698980693088,-0.0213580678998832,-0.5782817367245174,-2.479349862746761
33.0,38.0,1013.07568359375,-0.3361131557894126,0.3202735963817353,3.2549989306203813,-0.8782228761562054,0.1011710964682759,1.3427289530837392,0.5876990578792434,-0.7982432416250376,-0.2244045474384091,-1.8447922142616369
33.0,38.0,1013.692138671875,-1.0155745949068864,0.4818081980946491,3.801723773281905,-1.0007690597450083,-0.1057264280805876,0.8710929835279471,0.9646921783727276,-0.2489554186700227,-0.5346276176992273,-2.409140982935834
33.0,38.0,1005.9954223632812,-0.6323652371884316,0.1207257932348246,3.561792467748292,-0.7683066010920738,-0.2839865720132311,1.3286413283444665,0.6702824737054192,-0.7015779444766777,-0.2965255324172924,-2.5030707174245586
33.0,38.0,1006.6013793945312,-0.5932431149425659,0.2429905213129419,3.2371092576260025,-0.8804786785256544,-0.0182189231241416,1.3384370925751463,0.6541855304213406,-0.4349356999839795,-0.4776436786241067,-2.196233990474161
33.0,38.0,1005.0711059570312,-0.7859042576267665,0.0173824077643613,3.634378260802823,-0.8334716329442564,-0.0673533732539519,1.3494222990892988,0.7691985354256383,-0.5057631082898997,0.2971974742580121,-2.4522953644175964
33.0,38.0,1003.8257446289062,-0.6516903100044207,0.5312157138639764,3.613466941579258,-0.4764133419234699,-0.3122106260021065,1.3503304986185842,0.889949590630696,-0.5673028676987162,-0.2613365922512551,-2.7704694604929228
33.0,38.0,1003.9910278320312,-0.7243691596924711,0.1706085613206918,3.74986295782708,-0.8233433730711566,-0.2481884233926887,1.4749988411100468,0.9625256250531063,-0.755511246999113,-0.1018770042237937,-2.64173797627163
33.0,38.0,1004.265869140625,-0.9583116338212871,0.2468636734089297,3.6675798447394414,-1.210019017000572,0.1616220937382593,1.5355070363551917,0.8195832294444747,-0.7015114190175877,0.0064737190146999,-2.9410659910432155
33.0,38.0,1003.9285278320312,-1.0208849723963098,0.2614190913580021,3.6914567106379046,-0.9887874952478528,0.1097917820424863,1.289907861204603,0.8630370981172746,-0.3584656538795432,-0.2011235647979079,-2.8399021731758216
33.0,38.0,1004.2189331054688,-0.579084323935362,0.3201425938256559,3.851206703517814,-0.8637424922910197,-0.2746495728137166,1.0558748364508883,1.3986149654850513,-0.4018655456571318,-0.1266892487750963,-2.6978652467991613
33.0,38.0,1007.3588256835938,-1.139355364910315,0.4137235274777193,4.074418471710947,-1.2645944771216353,-0.010838787456767,1.2170574457756436,1.371785412545612,-0.4687344751682376,-0.3336618863166478,-2.7597534751752675
33.0,38.0,1002.2222290039062,-0.7430120833719638,0.4572334835916427,3.9967225056828326,-0.996597172299051,-0.0632519583202109,1.0539176158572945,1.3860450146087864,-0.3748401146477276,-0.032631027134534,-2.9250015627012167
33.0,38.0,1014.1699829101562,-0.6590678139474022,0.528039421472303,2.7081244249938656,-0.8956595319094909,0.1785123357548848,1.5110319156155585,0.4713639492307635,-0.493736679268137,-0.2410471537715155,-2.1327311749740363
33.0,38.0,1004.3430786132812,-0.8018232074174172,0.556737190175209,3.261986582669989,-0.6368829585747999,-0.2552546675851879,1.089771947962026,0.9690315912508476,-0.526814169585748,-0.1383819549754763,-2.279858393852492
33.0,38.0,1003.0223388671876,-0.7352331342662497,0.0380404383069041,3.982033926728256,-1.4224327477445955,0.2845209411869636,1.4379370583895064,0.7223813067062501,-0.5238798669407005,-0.2728864536395159,-2.677695610556932
33.0,38.0,1006.8870239257812,-0.5656032081200788,0.5406331627010017,2.6613034371670885,-0.2760843447135128,-0.2216369709989605,1.707917855180443,0.227882051856973,-0.8526572685733544,-0.3550245670522773,-2.017862685981232
33.0,38.0,1012.719482421875,-0.2450587755709188,0.4667465431092932,2.9992351170132654,-0.5791241750159815,0.0643167422445047,1.5938011912123953,0.6187486781736204,-0.3301418442342685,-0.5838047136604043,-2.2786167449929744
33.0,38.0,1003.77490234375,-0.7385826896505412,0.0285510782098583,3.709508758485514,-0.8844078226379795,-0.1418096385066283,1.4217848801434585,0.6838582467716527,-0.6657235046986045,-0.0471248730787081,-2.644764935311083
33.0,38.0,1020.038818359375,-1.4205288020455216,0.3483658863532959,3.588928380234752,-1.0221941648705055,-0.175231019954456,1.0777377993634731,0.7085491375123087,-0.3141387946949319,-0.0312774265491651,-2.81104486061428
33.0,38.0,1009.1542358398438,-0.9756848793401004,0.6820604520425722,3.1263045259999416,-0.5194715712264477,-0.4301653323153545,1.3926228533974658,1.015062340132852,-0.2593850270825966,-0.4862379307234254,-2.4946787089167346
33.0,38.0,1009.774658203125,-0.4015700281485488,0.3121523352852193,3.0848341403895034,-0.472160731216559,-0.2485691291753653,1.4891942054493337,0.4480576476582012,-0.946175509267122,-0.1093377055310131,-2.269927401448716
33.0,38.0,1007.9117431640624,-0.9358299710463944,0.3266397192265931,4.0008208782824255,-1.1126834763690183,-0.2022628534609625,1.1656487385968726,1.3149373430036349,-0.4183205355551935,-0.5533184773611408,-2.7024021267833604
33.0,38.0,1014.3422241210938,-1.2032138831325083,0.279114864994022,3.988534902251154,-1.0973966033938187,0.1779288971116805,1.1929591780535755,1.2599739599684412,-0.165507966763891,-0.6667865592909541,-3.1861649530161964
33.0,38.0,1006.4775390625,-0.6964480515218643,0.0694278951514695,3.57284894966471,-0.836260584690006,-0.2526952572404637,1.66029536181793,1.0688249752330563,-0.7408917516736571,-0.4354398571674931,-2.776254763515497
33.0,38.0,1001.846435546875,-0.7278122240390843,0.3429816437968647,3.63598542690146,-0.926141424281159,-0.0119758061498531,1.3752087882278516,1.1109236130599456,-0.406636165296323,-0.0984039371924394,-2.768915454300052
33.0,38.0,1003.0568237304688,-0.7896486147729807,0.3665163629466335,4.0962276081082685,-0.8889598271200958,-0.1920753440646425,1.2188012937229775,1.2453003865735075,-0.4603272035523069,-0.3253433696255303,-3.10356284257534
33.0,38.0,1011.2923583984376,-0.5348836807376163,-0.1438729212096152,3.8603485403408815,-1.2241351499119375,0.1142003600232124,1.770717056161396,0.7031829501181397,-1.0978826330275786,0.229724469108036,-2.218483657506199
33.0,38.0,1007.0014038085938,-0.954713904085522,0.5985411286321707,3.672992115992134,-1.0556123921864875,0.0510768534383698,1.3959909175605407,1.1155679291519591,-0.6774382956123697,0.0899260147146936,-2.5619242915297296
33.0,39.0,1013.2274169921876,-0.326448281735697,0.0245242213076686,3.7578770294195234,-1.265853365636091,0.1768741437277743,1.6561993362626213,0.9399395499332864,-0.9004201784667201,-0.1000923647987264,-2.836759494843508
33.0,39.0,1010.3253173828124,-0.407309946585217,0.5877315808332648,3.5904598318497865,-0.5009287099180719,-0.195185425369381,1.6554528687582968,0.8056359265608313,-1.0454650604912112,-0.3400669764115172,-2.8074859725488195
33.0,39.0,1007.4456176757812,-0.6796393347117036,0.2519856967787062,3.8586159860756695,-0.8695023274188971,-0.297464872680905,1.72562907012842,1.5557527737968782,-0.8988861768928444,0.0503870346768495,-2.59488305667006
33.0,39.0,1010.772705078125,-1.0309090589270125,0.1777703008445872,4.424091144625384,-1.083388569864808,-0.099063298643685,1.3572739760598482,1.5667361779656597,-0.7496236390736382,0.1916888228355269,-3.2912816139571444
33.0,39.0,1007.0363159179688,-0.9457834899770052,0.432151487397677,3.5734702811170465,-0.9724014748470422,0.0076095524740802,1.6003907451956358,1.1219311835729426,-0.4448068316677975,-0.1357426963035637,-2.888304234356926
33.0,39.0,1005.534423828125,-0.7337739241510128,0.3985456500846229,3.699714865894263,-1.088381904659351,0.1423347020423468,1.4570170620080427,1.1793284094346357,-0.4663790115974073,-0.3312936317075561,-2.761195409476873
33.0,39.0,1017.098388671875,-1.317597203784655,0.1068516244471284,4.352090552592747,-1.020720959434747,-0.2545131124849744,1.4404310138420229,1.3357360171129828,-0.4110128829464754,-0.1451379537090282,-3.659064981109674
33.0,39.0,1003.3126220703124,-0.6888342683491349,0.4828267133635027,3.589159799690222,-0.5911210369701267,-0.1370657171567186,1.402931906602234,0.9225187872080012,-0.5450656387293309,-0.6243373777142969,-2.927692955072292
33.0,39.0,1009.2692260742188,-0.9140249753794204,0.6084774530128634,3.665440006630188,-1.4316826047925255,0.1746415860078869,1.5350017169603438,1.3837148858699528,-0.5997564670129147,-0.1394736152144542,-3.229113384080469
33.0,39.0,1005.1365356445312,-0.7448773020154507,0.1343619022978863,3.6191604984163366,-0.7036229765163196,0.0331008398620387,1.573688882533374,0.9792935960632264,-0.4691298669501043,0.1504441045105693,-2.9658140382334106
33.0,39.0,1004.65625,-0.8610060518298459,0.8320377981871241,3.400216669372305,-0.5232607039214265,-0.2406451441279813,1.2462279862867298,1.2502073989276656,-0.5422796569455262,-0.2887082368596809,-2.65303802350986
33.0,39.0,1008.8798828125,-0.3677295596673016,0.7784038362832604,2.830098573288036,-0.7657358578066926,-0.3518742471013558,1.2650014188537284,1.3437018542332124,-0.2295529067907216,-0.5529621282546726,-2.2620687965431765
33.0,39.0,1014.33642578125,-1.235765883311018,0.4309758858611641,3.2354438488027206,-0.8797801198782782,0.1864575279333742,1.3235397155914628,0.2656426187594771,-0.2827391247820889,0.0425510733195277,-2.507044428805958
33.0,39.0,1016.3624877929688,-1.0155455963095943,0.3562253547476404,3.839993294667313,-0.9759954791618428,-0.1491147956838361,0.8796492699076905,1.1885739424458652,-0.0592542910754732,-0.2370141451063236,-2.266245747032572
33.0,39.0,1003.5361938476562,-0.7490417717230837,0.1416785832694174,4.159360432618056,-0.8908492029916966,0.034435342450056,1.2031207997622069,0.8862040430105704,-0.7913367528741784,0.0634403740564959,-3.036715251208663
33.0,39.0,1009.9002075195312,-1.092432675740937,0.3578764434061074,3.794942549340068,-0.4724986592559181,-0.1654681296074658,1.6121265293406264,0.9543893941101887,-0.4819834820515734,-0.3202691933428134,-2.831716453832997
33.0,39.0,1008.1494140625,-0.7465879020335553,0.506947105299389,4.187420929033415,-1.517662075879707,0.3214722228243918,1.1057565946626946,1.3473528340604355,-0.7552164382021225,0.0529803788231859,-3.4121828333316007
33.0,39.0,1006.24853515625,-1.1052010937870689,0.3056253490347158,3.978651281987323,-0.8651681143321417,0.0898389974808662,1.3974446670871377,0.8716169846610207,-0.8116807021246482,-0.0327594014020897,-2.498238950199106
33.0,39.0,1010.2822265625,-0.7143704168391469,0.4193925850614288,3.8767373639065656,-0.9171517613514526,-0.2067293381280475,1.052001901927948,0.9914777136025172,-0.3629092509990759,-0.4005142517084596,-2.5674408377279616
33.0,39.0,1007.8257446289062,-1.0875391646492707,0.3728883575826653,4.067558697243566,-0.8302385613279455,0.0250076229616578,1.4592364352203369,0.8707289829934641,-0.4488014274742511,-0.3383613411369861,-3.2839953958126227
33.0,39.0,1018.0224609375,-1.0930123979472652,0.3022325263416734,3.91891905834275,-1.084462942192511,0.0058261106152226,1.2116254338462076,0.8332433933754579,-0.3607603379510689,-0.5128261902693163,-2.665585665363205
33.0,39.0,1003.7333374023438,-0.8206052750658861,0.0267443567253504,3.701027209213592,-0.8350309667047,-0.0123500784657641,1.7849344258194382,0.990856796782552,-0.7125019545489701,-0.1154889646491206,-2.4168964160467343
33.0,39.0,1014.7343139648438,-0.8590909223889671,0.1208299759221711,3.836293083209243,-1.0960527384514784,-0.4206966463437469,1.080328267152182,1.2882958829851583,-0.4553252181885465,0.3452031432874864,-2.703911173753452
33.0,39.0,1003.7006225585938,-0.8686130892602408,0.4713251449938198,3.872428552971624,-0.7314744379771296,-0.1997589802061972,1.1380215287028292,1.086019900823465,-0.5026407617145496,0.028292586866387,-2.4531985073703195
33.0,39.0,1003.60888671875,-0.7164966041040683,0.3018165255074301,3.99334486684889,-0.5612942223188764,0.0513512734123766,1.2814517223106303,0.5096808974942926,-0.4839164217583382,0.3898801486504233,-2.8904978229707603
33.0,39.0,1007.1698608398438,-1.1164878868031325,0.2937354601306863,4.380427010267574,-1.9014686920790136,0.4321906565458207,0.7790764784821338,1.174079706105802,-0.2685528633290355,0.0242834548287849,-3.028344432375116
33.0,39.0,1002.1168823242188,-0.3614298879492521,0.3014215222684484,3.648159575613297,-1.092559460797939,-0.2818574754523757,1.160816216237496,1.689479005909373,-0.2396322737293923,0.0912396717764485,-2.2900269965748654
33.0,39.0,1007.8837890625,-1.107871588990232,0.2950408075076698,3.6046626491374862,-0.9542164867904024,0.3884320990174847,1.5377160138085486,0.4385919148542205,-0.3862953474894928,-0.2604801572687352,-3.1602180457947755
33.0,39.0,1008.082275390625,-1.077092113930525,0.211377342988591,3.563296632322695,-0.8173279480563398,-0.0487958237364019,1.6241057712301623,0.8290780451523903,-0.4677259524238861,-0.2109168436073352,-3.017480674906184
33.0,39.0,1003.4361572265624,-1.0180889526872543,0.4988868906239139,3.93442822543896,-1.2393424955148546,0.0194023454271015,1.1781414558993797,1.3787033987447996,-0.4965682353105531,-0.102170993207614,-2.941858484185819
33.0,39.0,1013.1583862304688,-0.7798233701552455,-0.1985792211898029,4.1277751819226935,-0.9317099330742592,-0.1962570097097682,1.8000347576483824,0.9373833259299004,-0.7659352352168529,-0.0026235460222219,-3.094060607327369
33.0,39.0,1008.6048583984376,-1.052227621412933,0.3228674532517539,4.294033175676137,-1.2500860528933315,-0.0703505705614295,1.3741884502210668,1.4694315390623809,-0.4913321713513872,-0.6543078668242961,-3.455102098430318
33.0,39.0,1007.2901000976562,-0.7910946324013528,0.1174078159842872,3.360018426003343,-0.9555295366034544,-0.1711470266219699,1.487538429821818,0.8550401798738321,-0.5450897931583025,-0.4857789503799665,-2.8838876031532887
33.0,39.0,1024.6751708984375,-0.4600333485220824,0.5125180094275148,3.1235174053592694,-1.3804541481251138,0.4321332940938527,1.1415733977963347,0.4571116578350747,-0.2180841003394746,-0.5947228585251381,-2.804121721174426
33.0,39.0,1005.773681640625,-0.8131574019428118,0.3700502637651262,3.946359047616584,-0.5378539862735376,-0.2385061940415589,1.299594810544713,0.868388033670616,-0.4582201318442536,0.0624504981495075,-2.9536356320619754
33.0,39.0,1021.7417602539062,-0.9084284897343826,0.3776786256920665,3.6233785539772594,-0.0859142186306165,-0.4431668284981507,1.652780814823938,0.7043352789861457,-0.5811922086077566,-0.3778238104840303,-3.042741620870256
33.0,39.0,1005.3531494140624,-0.6515908063402351,0.2409606529392078,3.393936850880678,-1.0719837743742249,-0.1011823090848498,1.6172313596951806,1.2322989971131957,-0.6117452374802648,-0.0840522965660657,-2.1169774592643
33.0,39.0,1005.2122192382812,-0.8838543776762142,0.6505856041874027,2.886992327403391,-0.3080418716494524,-0.3882459430157317,1.3233066634022927,0.7973299522273534,-0.6909004149935862,-0.2687195992071451,-2.2129702305400563
33.0,39.0,1010.8187255859376,-1.323055906924168,0.6082966953447126,4.210726662966932,-0.8627334111882616,-0.0677873706770597,1.00698473672351,1.3991209230056514,-0.4349064144466341,-0.0079387944899558,-3.0516341618710863
33.0,39.0,1014.2184448242188,-0.05820325854169,0.0344286285803434,4.333949031013846,-0.8748301595788917,0.0235153767958804,1.708211363652886,1.0816846603507653,-0.6934034456189249,0.3250542925308322,-2.453895017122792
33.0,39.0,1006.0538330078124,-0.8658241315845103,-0.1854070906007141,3.5464286047684723,-1.0633220743942222,0.218185343577538,1.4688753115353714,0.4988467041384057,-0.3950824908227286,-0.2343971300284382,-2.808506032019987
33.0,39.0,1007.462158203125,-0.4637964958443783,0.1044075490394202,4.126927670786275,-1.3809691380171047,0.1810831552338569,1.5791230032851171,1.1995468944373942,-0.6087982059947672,0.1721892930487829,-2.9050107945059187
33.0,39.0,1007.0787963867188,-0.7352875675941437,0.3332606337565487,4.3140453682741615,-1.2804711411851175,-0.0646050204343771,1.316453374173606,1.3989631736087738,-0.8592876200475477,0.1647559713996624,-3.144615652683091
33.0,39.0,1014.72509765625,-1.338638179005518,0.1782514537708959,3.756416957767797,-0.8602445737337581,0.2478629796519937,1.5401543542892249,0.4732545029927335,-0.4880554399511885,-0.3282685467989914,-2.735112861041729
33.0,39.0,1006.517333984375,-0.8499363810830411,0.3878214074572028,3.459083116827204,-0.4431367260853394,-0.2465936469545058,1.3949178762630234,0.6623932292440218,-0.79032427209789,0.2023742015773564,-2.5838341290307163
33.0,39.0,1004.8799438476562,-0.6411876264781151,0.441548192296878,3.83051611013099,-1.168016564262715,0.104598343017237,1.0832773486490144,0.914359686658866,-0.5198595218507007,0.2933850316656148,-2.873572402453102
33.0,39.0,1008.8601684570312,-1.0667684466348604,0.4571892526423671,3.991436617811342,-1.0504550470290512,-0.1342709750377499,1.282616107105606,1.34276563024199,-0.5977539864886072,-0.2888386548536283,-3.1981589240416963
33.0,39.0,1008.1072998046876,-0.5433091493009927,0.3930754305911978,3.1735650110289164,-0.9585639809801548,0.01829990603163,1.4099552542547142,1.0494146094400625,-0.212611660695968,-0.5502794987757182,-2.532618632224378
33.0,39.0,1003.3027954101562,-0.7056780198497741,0.3057494210758946,4.116330478126759,-1.0440843805668347,0.0810518223220118,1.3222518698118515,1.3922108473341872,-0.5084353265083825,0.195341727156336,-2.852003004601093
33.0,39.0,1005.71044921875,-0.6316023914974345,0.5669886176549745,4.0245560871601285,-1.390876622103849,-0.0369066740558867,1.091645116171441,1.959801391674608,-0.3441254650376546,-0.0476209566995402,-2.955009823666454
33.0,40.0,1007.4888916015624,-0.8532242817169484,0.1966445556238802,3.322163967940133,-0.8189550751422772,0.0488713200732258,1.321693998646273,0.5637170808229754,-0.5363401165184021,-0.0804283693609857,-2.579297045135273
33.0,40.0,1005.694580078125,-0.6505722455911807,0.1253356938881307,3.740155956011087,-0.6371518828804525,-0.1276165122144901,1.7025778989839715,0.7199455408035771,-0.8461908113876024,-0.1461345514022696,-3.047657632531372
33.0,40.0,1006.4691772460938,-0.928446674044716,0.6888761049061998,3.8019751409493647,-0.6414500782085657,0.1226282006796966,1.1011654017974113,0.7575533982678309,-0.5196788797258254,-0.1999960473064659,-3.342770429044672
33.0,40.0,1007.40185546875,-0.8113998365011366,0.2515672104099309,4.180033269127046,-1.5280738419247593,0.4557726666733774,1.2225911230150386,0.6996596422318166,-0.6841052920451265,-0.0478056861277567,-3.055632629869396
33.0,40.0,1011.2674560546876,-0.4141683123412276,0.3132405910440035,4.065346695068275,-0.9383022311207592,0.0699738716253666,1.2114851745504058,0.9166374935390778,-0.5383310659663438,-0.0099739058731387,-3.30283432647358
33.0,40.0,1008.8811645507812,-0.7349713883084439,0.5883779968221692,4.0141158302542,-1.222049715722889,0.1408176352041801,1.340648200418741,1.8066227853700187,-0.5083999946342344,0.106272293645989,-3.046677520227848
33.0,40.0,1011.217529296875,-0.394551402481385,0.4629875869410433,3.99936828807744,-1.3604560576954414,0.0732050067948772,0.8335404743277088,1.3529450235342662,-0.1633097565463028,-0.3953638627467768,-2.983355859152084
33.0,40.0,1008.337158203125,-0.4966241575340016,0.2033572281751441,3.886422183315805,-0.6577631932122792,-0.179813595918775,1.2149753504108318,1.1784475166267274,-0.5159310645323751,0.5457634772665898,-2.183170355009858
33.0,40.0,1003.8356323242188,-0.8592104563702723,0.3566368691599031,3.825636853762624,-1.0968021856406305,0.0208789990791515,1.4527228948523323,1.3374635369430337,-0.558611496371185,-0.2586150061712624,-2.7274090024373008
33.0,40.0,1001.7618408203124,-0.9321582552294814,0.2595994535119406,3.657142580191497,-0.9499702548769386,-0.0103107104723489,1.4899928871221562,0.9671116844921892,-0.5894626506284908,-0.1277042277510949,-2.706196368001303
33.0,40.0,1005.11767578125,-0.9634773893537468,0.3520415743248613,3.8428780579618937,-1.5092912024049845,0.1725753270666219,1.0888200045606655,1.3789341307977026,-0.4863432637079068,0.0744525914245315,-2.6435950401762094
33.0,40.0,1012.2965698242188,-1.1316229780481164,0.6350538192955497,3.860202479505919,-1.1424444042192317,-0.0652678068300902,1.243544725831125,1.7219422265060702,-0.3764909247143819,-0.1086723793615043,-2.539071133560661
33.0,40.0,1005.670654296875,-0.5975398764536308,0.0842545616283736,3.300481628059749,-0.6196342012001335,-0.1790098369251973,1.655732635821571,0.4275931161121775,-0.7642097356969195,-0.1739313453725826,-2.225107741572847
33.0,40.0,1005.131103515625,-0.8454975646561111,0.259327400164504,3.699697928089375,-0.766389795043624,0.0245234193797161,1.5723694559834067,0.769814268870082,-0.4876728342657808,-0.4310443725394215,-2.634910026377644
33.0,40.0,1017.7154541015624,-0.3489722339861085,0.2392910256225686,3.016927934887626,-0.906742703366776,0.3520177254797341,1.82938861717345,1.06800085332548,-0.4682181406201771,-0.0692966299613786,-2.2553370365641303
33.0,40.0,1021.504150390625,-0.2448644738298737,0.6868762313995749,3.7444570546515568,-0.8491570801706665,0.2137102092072513,1.1578563941056927,1.1579257529024716,-0.3793548337409707,-0.1013959876164696,-2.7046312262352776
33.0,40.0,1002.1742553710938,-0.5213806858002608,0.3670993930128317,3.716014966741257,-0.9476571509916436,-0.3227389885952094,1.2461999092985785,1.5784002731358884,-0.3851929727133614,-0.0631236676509807,-2.3850628763668755
33.0,40.0,1013.2528076171876,-0.6973776838184707,0.1919812543193408,4.366181244828551,-1.8019258835852423,0.196008694309965,0.9115752334476408,1.6865008509154276,-0.0686182921915055,-0.1628620795980309,-3.061291755217701
33.0,40.0,1012.7503051757812,-0.6360970226370934,0.2386584205687691,3.3658617213072635,-0.7619348764022078,-0.0384729022773395,1.7623456410477392,0.5561545040341764,-0.6243654159048484,-0.9282123754066348,-2.1287971891936874
33.0,40.0,1002.1267700195312,-0.574993743156762,0.2981576296904702,3.907408266167531,-0.537600137173909,-0.2667230928649964,1.2079878639235453,0.8911361869497885,-0.6798965633244975,0.0184113711132836,-2.616965731287145
33.0,40.0,1007.7923583984376,-0.7450292777405956,0.4932887347834853,3.674587948849421,-0.9784311994770132,0.0806766637292017,1.1591332668886505,0.9796091894054016,-0.3628284198561458,-0.4466438022554584,-3.3219318462450937
33.0,40.0,1005.99560546875,-0.5495511870376655,0.528800743979434,3.919359181650041,-1.0514961200425632,-0.3452241335757176,1.06297825036129,1.4108248622055708,-0.5216696681316471,-0.1612132648772952,-2.995509827093249
33.0,40.0,1018.031494140625,-1.26453166842611,0.463563370710256,3.260560756075943,0.0252312490185033,-0.6206879103905107,1.5535376871134758,0.4029587226278064,-0.8341901570131132,0.0057030705754144,-2.5525641570862825
33.0,40.0,1011.176513671875,-0.720804185163181,0.5148412192124185,3.231549918705399,-0.4728672687322026,-0.0347572676028136,1.2698605850385842,0.733048879681113,-0.4641370500307742,-0.127099601588319,-2.4685269811084054
33.0,40.0,1002.0484619140624,-0.6381366086822462,0.632392315805129,3.925643106052748,-1.075562880512245,-0.3692607674795116,0.9261663397694592,1.4875616005304586,-0.6947059238208988,-0.0227622264806557,-2.6165827597485967
33.0,40.0,1013.5536499023438,-0.7108885914976835,0.1198714010396626,3.6123216242241263,-0.8334151494694471,-0.3481087354061891,1.6819026644139248,1.8092252373035675,-0.3756733892784423,-0.3561454943054318,-2.5038834382149004
33.0,40.0,1011.8771362304688,-1.319909433747508,0.3527393426672356,3.9977080609802575,-0.7673542483223663,0.1505704209530565,1.4196131535990153,0.5920555221717212,-0.7364454584667017,-0.2131583419672598,-3.4683793267787366
33.0,40.0,1003.876953125,-0.919561151375092,0.4967302846914663,3.7860796937770047,-0.576623850054907,-0.0285535749178862,1.648224409665776,0.4047897823805355,-0.9469313923829484,-0.3407751081338315,-3.0676883681914724
33.0,40.0,1007.8712158203124,-0.5829034715686117,-0.1034830679513145,3.614424302435401,-0.8565535255031502,-0.1127967148093684,1.40889544003603,0.6604071671769738,-0.7261950765472509,0.1735704193142284,-2.0632188803846785
33.0,40.0,1004.142578125,-0.6165049395780109,0.4979345936464705,3.967999328548231,-0.9393126625549436,-0.2142247119396145,1.2547973840435915,1.396281471303643,-0.6326309987517185,-0.2149098555471216,-2.752822367906772
33.0,40.0,1009.9449462890624,-1.5162441577439036,0.116383675809689,3.581600338440428,-0.4310324451304286,-0.1557006051164027,1.6754184385569104,0.2447893305935728,-0.6892414651406318,-0.1330048203764757,-2.682663195320776
33.0,40.0,1004.3936767578124,-0.777292453774006,0.6330582585903493,3.61005836188218,-1.1630193178352934,-0.3910533480552383,0.8884236190002444,1.726298289482533,-0.3007615173615443,-0.4421096020327013,-2.857078595346072
33.0,40.0,1006.229736328125,-0.8535840997589581,0.4702483044792664,3.814059142655765,-1.3180094463010654,0.1784825328599879,0.9392986558164312,1.1181101184301303,-0.4156709847358124,0.1519131366313599,-3.003031770351887
33.0,40.0,1012.9500732421876,-0.8377314454760594,0.464233262435866,3.9181864310277534,-0.2762155431544313,-0.0626974279450918,1.6193660527814426,0.8282337883568012,-0.9717424893465,-0.0286089814099934,-2.5384830585745406
33.0,40.0,1006.290283203125,-0.9997318564662844,0.2197445591764886,3.781812294180096,-1.0983159852089923,0.1868892593216067,1.281032842615648,1.142401754323668,-0.4572044553657335,-0.2044577271406629,-2.679138146242099
33.0,40.0,1005.8616333007812,-0.7288602742321277,0.3390240918971701,3.7612823318496895,-0.8646407799829783,-0.1970063043150585,1.1314719992822342,1.4543765662247568,-0.4365765689473919,-0.0316284580720367,-2.165635991925952
33.0,40.0,1002.6828002929688,-0.7462390687362905,0.1014441615183026,3.6865866540893375,-1.2444333878875495,0.1727237375574484,1.4620478813244864,0.9884268617373556,-0.4189992291392581,-0.0158459801519663,-2.8378185080695766
33.0,40.0,1008.2915649414062,-0.6069581271724971,0.0013441481685241,3.6453093265910432,-0.8417871030060899,-0.4075626848593501,1.1912308955653863,1.2101569733151027,-0.3929977846185775,-0.2381123547821753,-2.459012939591483
33.0,40.0,1003.1661376953124,-0.7633208346218101,0.3228455178438221,3.7671214641520976,-1.292235646791852,-0.0282171647798374,1.200448369468786,1.5754104128870416,-0.3056252023369872,-0.0413344628045093,-2.596101737487284
33.0,40.0,1004.5215454101562,-0.854524401301104,0.2905384901126506,3.4193096733449586,-0.8081292779868825,-0.0334137580218749,1.536487896333666,0.8730418446376778,-0.2136298891220915,0.1103437670634317,-2.6972233397580982
33.0,40.0,1013.244873046875,-0.6660422822341365,0.4899868365490922,3.450888132013393,-0.6101383676057583,-0.264671989363598,1.7970485306852986,1.7952890284489025,-0.5766059047197496,0.006467305158063,-2.226886658670038
33.0,40.0,1006.9935302734376,-0.5014287106942064,0.1596721299651049,4.366558017953977,-0.6987777746126094,-0.2245851208414109,1.1087177621480349,1.1352964069732243,-0.4673220648468765,0.397130339792322,-2.9525688924285127
33.0,40.0,1012.8580322265624,-0.5537832232174802,0.1740712105835058,3.297979298247462,-0.6686753568258288,0.0749510524470249,1.6361155281658863,0.2437953407034552,-0.5173973875864863,0.0221400001169946,-2.623292795272463
33.0,40.0,1005.9435424804688,-0.927101721743707,0.457987259086698,3.663946322800141,-0.8694943246481532,-0.2606765733685208,1.2078894347706637,1.219754029533883,-0.4801474679381181,0.2533019766723798,-2.430628422979149
33.0,40.0,1014.0025634765624,-0.848330803343309,0.5948771226707059,3.621223896365354,-0.6227984608279158,-0.3858129275883133,1.5300185214424733,1.889635992353471,-0.1096064603672131,0.137393255742606,-3.1967582036248783
33.0,40.0,1004.8336791992188,-0.7158231925832501,0.5868210874615869,3.726357296267056,-1.1026152923862995,-0.443920574755352,1.0590595078539504,1.864219319248103,-0.4503585768394949,-0.1761457363180785,-2.2308625905724684
33.0,40.0,1004.4673461914062,-0.5239193750070497,0.2046422836365113,3.4464382122435087,-0.7739957938456055,-0.2382527942381482,1.2955939909424732,1.1732638188631783,-0.0098237349141934,-0.0749996862364916,-2.697049080416679
33.0,40.0,1004.0415649414062,-0.8440232572457811,0.3758677799586154,3.818272251108812,-0.6652613342488971,-0.1019221530296006,1.2445402504122196,1.2336813328497174,-0.5393877317241298,0.4156869994231975,-2.7264838245145024
33.0,40.0,1003.6453857421876,-0.708981175720206,0.1702052340208402,3.849612511517794,-0.9876398921253546,0.152541016417028,1.44178014421343,0.5214698684140231,-0.5291745668582815,-0.0571047141230085,-2.7343540667595225
33.0,40.0,1011.2110595703124,-0.5123832570014395,0.2529278852043202,3.5963397521118345,-0.9619933787020524,-0.1540317976379954,1.2060877553014375,1.316118625326058,-0.2336775389734375,0.0612253020614179,-2.0529707595654303
33.0,41.0,1002.8563842773438,-0.7116162956109564,0.081330606201412,3.971763219662028,-1.407751104609111,0.1085684205600321,1.3838607013700033,1.2174446773238925,-0.4202198354537145,-0.0941075533805593,-2.818682556680568
33.0,41.0,1004.082275390625,-0.731230894504038,0.2082277580607305,3.7590030725658377,-0.9391088455513428,-0.1062096996972954,1.2499601907538818,1.226810334259997,-0.3304551229432375,-0.2507761140964977,-2.676886834632993
33.0,41.0,1002.26025390625,-0.7804249345581384,0.6588993770585532,3.501976804550239,-1.179252059636755,-0.3114076841061441,1.0018101469860952,1.3524148283660322,-0.4414161473240146,-0.0630904721230223,-2.10650982097746
33.0,41.0,1003.7362670898438,-0.9090676861542564,0.328292437693757,3.619847781634976,-1.2039340285531956,-0.0416517395677438,1.2155842741552183,1.056588179795548,-0.4114052936110202,-0.1912921408278292,-2.5665007921519463
33.0,41.0,1008.0230102539062,-0.817963641790822,0.2142226906653057,4.042994436949513,-1.419320728187155,-0.0572541928433061,1.1974325809444375,1.5490911731220738,-0.2710548866065911,-0.1280026015477373,-3.223624829557208
33.0,41.0,1002.5904541015624,-0.8117503403749531,0.2706302707982022,3.755417041842339,-0.8037824014069708,-0.1772825470302201,1.3924379263788191,1.0889154998754194,-0.6670300677182448,-0.3235380881157468,-2.758947232030154
33.0,41.0,1012.9991455078124,-0.4798837880707367,0.3184959296075105,3.845960531679877,-0.4671484135823149,0.0619086766169099,1.3434770441354926,0.4268062962843171,-0.8042905328313861,-0.0995117583624773,-3.224720370098412
33.0,41.0,1011.9383544921876,-0.8653459577583025,0.2647001243855307,3.389167127476437,-0.9690037204631068,-0.2352866160642843,1.5645998550016094,1.224527383852685,-0.5664182511359952,-0.0251260765513929,-2.667498206130791
33.0,41.0,1004.776123046875,-0.4585661750498353,-0.0326280239818279,3.8590277848857095,-1.066780553916617,-0.0953558635548361,1.2558738236716671,0.836628230471149,-0.5799271768173764,-0.1167868987500959,-2.2348402524449096
33.0,41.0,1004.2515869140624,-0.4152423116047163,0.1029401576889776,3.701195191681279,-0.9391281773513772,-0.0671267513664783,1.4281245223330528,1.3229303960440797,-0.4604668142607577,0.1579268694015745,-2.441166436665816
33.0,41.0,1001.6663208007812,-0.5384411520688284,0.45883588061929,3.706445446339531,-1.0360776786115973,-0.2042270245849948,1.1260813881865015,1.6338065321485242,-0.5992339006129441,-0.2597473472013742,-2.4704081915119067
33.0,41.0,1009.19091796875,-0.625060326750793,0.5675610921704388,3.968169997655593,-1.343443759666869,0.0222670772275019,1.2738476584718263,1.4815409585454722,-0.4984384348168049,0.1687800289855232,-3.2666712634511166
33.0,41.0,1004.43359375,-0.8416215547710095,0.1576148999680784,4.2297075602610885,-1.5029456355953617,0.1738443937417724,1.022573463063468,0.9160195634065218,-0.5399823498268859,-0.2012660976926374,-3.012589347830339
33.0,41.0,1002.1387939453124,-0.906466171823415,0.3419437826745097,3.834843452858447,-0.8190319771081747,-0.1300776562736132,1.2256938648607507,0.761023657951668,-0.5718126219398405,0.0105374279284475,-2.7108819267673394
33.0,41.0,1007.1923828125,-0.7850128433817352,0.2901919980922329,4.000770969519014,-0.8806227355189353,-0.3525074250330933,1.2684070321236751,1.132812300730647,-0.5059363084016546,-0.1543191479481169,-2.719753846767378
33.0,41.0,1005.3760375976562,-0.4936862669709718,0.4723410543617579,3.229389017684776,-0.8162794587942725,0.0680191330683497,1.5079832222579732,0.5770403024038053,-0.42251611190974,-0.527456270471963,-2.4642870715755016
33.0,41.0,1004.7932739257812,-0.6932544024247305,0.3178031561185239,4.123354950668244,-1.0042654379603235,0.0948933236960982,1.2445715318561534,1.1607198506593814,-0.4153351893225867,0.128302416236349,-2.9502004521774223
33.0,41.0,1002.4888305664062,-0.5105497965124455,0.3087644463463546,3.837422768196074,-1.3187633865363395,-0.103618604762655,1.1974575055006929,1.7105783061372817,-0.2621742876601454,-0.1137356663427962,-2.445225689643676
33.0,41.0,1008.5689697265624,-0.8327311345173669,0.3537364982278221,3.817630303346439,-0.8827137409117638,-0.4744476416579672,1.156083487869016,1.455637514533116,-0.6072948293707761,-0.0204035657330798,-2.6067027726458427
33.0,41.0,1010.8860473632812,-0.6802291311284989,0.3599320282167673,4.1663264417971,-1.3013314751196985,0.0110219002725262,1.308459038480145,1.965157521219804,-0.6451328995719514,0.542452144892172,-2.897320121339251
33.0,41.0,1003.5037231445312,-0.727805382222229,0.4168945042803091,3.456066264912117,-0.6704618554933219,-0.0380033816831213,1.555311052707217,0.6779942596835866,-0.600146782487907,-0.3037212798133542,-2.618843177083624
33.0,41.0,1005.1049194335938,-0.6652754144647979,0.5286798029916673,3.87352226529641,-1.3229232131116166,0.1692221572347518,1.3987548643119263,1.2016875920813517,-0.5108861441370225,-0.1315363152850954,-2.671411905399828
33.0,41.0,1001.49951171875,-0.5303175451468913,0.0390411011421623,4.064594424575393,-1.0651470697199312,-0.046675891555993,1.4593400497568778,1.1135282977414451,-0.5035145610537821,0.0586243299659736,-2.7339843086005
33.0,41.0,1014.2665405273438,-1.016270219880802,0.4837111241136629,3.982761375141109,-0.9715807497086004,-0.3562527692075896,1.068559473066788,1.4410659484294168,-0.3710578684959378,-0.0617619364688728,-2.847586577847917
33.0,41.0,1005.8285522460938,-0.7680357259574837,0.4641544165129199,3.366645297952949,-0.5073690324355686,-0.2137012444603137,1.266640451037623,0.7848331235554102,-0.5057358663954217,-0.453825951727187,-2.763470626229217
33.0,41.0,1006.2265625,-0.7613347336361915,0.431049610924628,3.949290781160924,-0.6752052830127218,-0.1528088893034116,1.3776346018676495,1.2253533236727367,-0.5139581847334433,-0.226156019482274,-2.938595578290108
33.0,41.0,1001.5090942382812,-0.8218242380147744,0.4930829236630814,3.658564701419708,-0.942679664994082,-0.0923303890528233,1.4127398047589903,1.0478020518347098,-0.6394336596728509,-0.4087633956209826,-2.8021970822397737
33.0,41.0,1002.1998901367188,-0.6803361924297242,0.4609264817919172,3.8262613131677625,-0.5966437282744517,-0.2569639739061138,1.1672537614480143,0.8723994607193344,-0.6194879851203581,-0.02589511197269,-2.627916664757983
33.0,41.0,1004.4429321289062,-0.6822667729488341,0.1764207124867134,3.829817736371013,-1.0936116639535016,-0.2459195494510879,1.1689934460645262,1.262921905326419,-0.555976121239512,-0.0472980727302774,-2.941782881735616
33.0,41.0,1004.0234985351562,-0.7044802023289813,-0.0698231944393121,4.067520812196033,-1.263329203187367,0.1528037911050095,1.232863821140012,0.726547074898094,-0.5612388557760113,-0.1313738132952027,-2.706078811390232
33.0,41.0,1004.8159790039062,-0.513376290176514,0.6437911127740135,3.790383572775772,-0.302858972641963,-0.6092276951560045,1.23813804591411,1.346239101144212,-0.8131633618146763,0.1096953888934235,-2.5647136341661056
33.0,41.0,1011.26171875,-1.070755691706187,0.0926739629062076,4.033422309484038,-1.0394973138393904,0.1193562222170783,1.5378105139367904,0.6871493517404046,-0.5115883699310562,-0.2295297529761031,-2.923551059612489
33.0,41.0,1003.7300415039062,-0.5036631799767708,0.3570470172298225,4.112829622027775,-0.8131253945109016,-0.295234272997777,1.1626161762694354,1.084137602812727,-0.5027728057589789,-0.3012653115981081,-2.938831241791811
33.0,41.0,1004.9718627929688,-0.3412129631042333,0.4244661760269146,4.2086315096031885,-1.0603206229398103,-0.1158238497963015,1.096559997450698,1.4636795303939785,-0.6479938561867096,0.2673397416694625,-2.861973494900443
33.0,41.0,1002.769287109375,-0.5198591789807718,0.4068659126800513,4.025586557626379,-0.7967488151518936,-0.2386347222598281,1.303897332842845,0.9168515459021512,-0.8612183199472438,-0.1288940484540166,-2.8601796685670138
33.0,41.0,1008.2061767578124,-0.4562054694059876,-0.0157896297721222,3.207447193927297,-1.0850749212423842,0.1449963984220401,1.624692553158484,0.7114526743517882,-0.5256940769893044,-0.1265008138771399,-2.2310964708348995
33.0,41.0,1002.2222900390624,-0.7618558304554286,0.4933317950485252,4.002523368598972,-0.7707713759912318,-0.1522244477610383,1.1857824040415164,1.1251527593160944,-0.8152654734532758,-0.0592801922274883,-2.7529309034642613
33.0,41.0,1008.399169921875,-1.0507728819227284,0.5108669115143316,3.864186000993952,-0.9672679860013176,-0.0768301879680084,0.8680148783128763,1.0019809723492292,-0.22245072800062,-0.341163876011068,-3.036296770143218
33.0,41.0,1006.7261352539062,-0.9609920124688802,0.5726076050926352,3.933316294955379,-0.9363610395426712,-0.4293927234447787,1.0386002615831984,1.7444721867187294,-0.295162403681072,0.0075710310084691,-3.0978690483971683
33.0,41.0,1007.2328491210938,-0.815384636736721,0.3014424194921989,3.5020052010263534,-0.9278311240362598,0.1684551074726687,1.699482288568495,0.7737629414885214,-0.8299561772664701,-0.0191217898989899,-2.487365725786286
33.0,41.0,1005.1969604492188,-0.9250940524293352,0.8638763735813466,3.500375554730681,-0.9895010497112322,-0.3565516979315113,0.9983154854346834,1.5293570489732824,-0.4807773815275968,-0.4258332863992145,-2.621914356884368
33.0,41.0,1005.1537475585938,-1.06796253724559,0.4330715609242421,4.23195193457153,-1.3220643232639009,0.3180874246471745,1.4045580961652533,1.2540683329643176,-0.7217798424315012,-0.0614716093399723,-3.392706189148195
33.0,41.0,1003.1719360351562,-0.7183071965620069,0.2876814358096133,4.080118651435672,-1.6361707467574664,0.0192826723798358,1.1726536219924446,1.719247898769492,-0.5052761702128761,0.0694639690634471,-2.8354973748890906
33.0,41.0,1003.208984375,-0.9327429776115626,0.2254763278793339,3.87881407570144,-1.334533469032145,0.1716318695213559,1.5379564472660323,1.0400244852160077,-0.615002764246876,-0.0299893246175644,-2.87539279127634
33.0,41.0,1008.3275756835938,-0.5147553486761858,0.5564894597506029,3.6295924828114217,-0.4395866462497118,-0.5983673013254105,1.1044968503025665,1.2241465901239217,-0.7633947973559403,-0.074907746057339,-2.66398813749313
33.0,41.0,1006.24267578125,-0.7097960641313863,0.4888088786005831,3.908555703453768,-0.5713170997918304,-0.1651395047346087,1.1631773554717464,1.151896835251259,-0.7332493322780929,0.2318661976826312,-2.8775227727338875
33.0,41.0,1003.8372802734376,-0.4281906066013157,0.1142056965982787,3.8053462211040494,-1.283997606130343,0.0407656897931376,1.365945557309125,0.9556586272608358,-0.5606176043737907,0.0090264284985233,-2.6875367552388814
33.0,41.0,1005.1268920898438,-1.0610283819580109,0.3289716788890864,3.138538720960796,-1.147576660079349,-0.1082312030121457,1.3366279704659163,1.151872018635851,-0.3558936691418077,-0.4550582170799373,-2.034692273467114
33.0,41.0,1003.1415405273438,-0.8874795595902016,0.2201716472704307,3.8608985835681953,-1.1511822868221704,-0.0922425628992886,1.2170055979006298,1.3950832185368167,-0.3626948692755842,0.0461920882489872,-2.980372780716514
33.0,41.0,1004.7830810546876,-0.2306211931020838,0.226426609519649,4.056418858705788,-1.0741373391946802,-0.1105742721816236,1.3722465935529762,1.4841992852168309,-0.3499197928677269,0.1036477591738291,-2.688996754464269
33.0,42.0,1002.7618408203124,-0.6074592059478228,0.1444236186103307,3.858022474984304,-0.9472440966604072,-0.2390929112726016,1.3616418623841051,1.2028149094812317,-0.7644805040504243,-0.1514036266371663,-2.575507251730273
33.0,42.0,1002.7627563476562,-0.8249032657340258,0.4672325418103114,4.390637223277528,-1.2426110778503578,-0.1285016040480684,0.9914439158349744,1.603815018749888,-0.7119619405593278,0.0189231831513581,-2.9555844565585114
33.0,42.0,1002.6505126953124,-0.8838705057443326,0.4422967759949312,4.189046768983678,-1.094943903898331,0.1101490032562662,1.1936313518326127,1.1775857355457386,-0.7252432920350671,-0.175992843650401,-3.153789039798463
33.0,42.0,1001.8665771484376,-0.7885478960053414,0.4404611830176357,3.66828169310169,-1.0815390098490552,-0.0383401746194191,1.1146245726038018,1.1611365062346175,-0.4660468092984668,0.006183112923475,-2.514313966660027
33.0,42.0,1006.1685180664062,-0.2006398510422808,0.4327759963664377,4.050781175402035,-1.2594419661415357,0.0721026934749149,1.131274608091335,1.1040175544995154,-0.7431747839315923,0.250329627365689,-2.851566449140209
33.0,42.0,1007.8053588867188,-0.2548763933683577,0.116536506326125,3.820807470224821,-1.535718992148698,0.1016799245287778,1.1687173173500618,1.7148747216187408,-0.2446458805508786,-0.4181771291963594,-2.1750313714362446
33.0,42.0,1006.7496337890624,-0.7708130315442334,0.3802270182491609,3.629914243418513,-0.352184689448368,-0.3124148507544575,1.3768802112188236,0.3966376267749947,-0.8357527280740911,0.2958603053544815,-2.492147013639489
33.0,42.0,1000.9638671875,-0.6705359842597902,0.3595969447878442,4.154277915714895,-0.6616545194078451,-0.0976397084276765,1.3341193733212,0.8460182083512278,-0.7811582155599774,0.1559428220089831,-2.803477792253441
33.0,42.0,1003.947998046875,-0.6796050412369201,0.205525545189527,4.178577109446131,-0.8923348215234252,-0.2213434525435307,1.212543051340246,0.9043307038087488,-0.7071517216416936,-0.0537694440098199,-2.899474862105288
33.0,42.0,1002.8958129882812,-0.7612788646539057,0.2443484242436397,3.496076361359311,-0.5588858494351436,-0.376061755743593,1.4061644851894552,1.0939429488479735,-0.4469143270653033,-0.1040270827774296,-2.26406149023034
33.0,42.0,1007.4281616210938,-0.8824819149407661,0.3390990858078959,3.350721253437939,-0.7212999161010849,-0.2537885345887334,1.3632111579795678,0.876412736673922,-0.3683034149381834,-0.3386231499010321,-2.5811372873794056
33.0,42.0,1004.4732055664062,-0.7982625661782254,0.4256480346381295,3.918986439284531,-1.4839373072012585,0.0425400357170158,1.1017893331978463,1.4315990146631172,-0.3335397847964376,-0.4721074127812183,-2.974318203888918
33.0,42.0,1001.6972045898438,-0.6454552082648499,0.4472787200445705,3.968317269862672,-1.0397129857068443,-0.0123454502317619,1.2477990759417423,1.2343994836699848,-0.5642399295598866,0.2154438137037972,-2.6760417127519487
33.0,42.0,1010.1708374023438,-0.1500589750517029,0.1963494951441422,3.856207236690908,-1.0999744309931765,0.0565095904831398,1.44497595441078,1.077577694843688,-0.6020059935043891,0.2069246300432548,-2.37136162203392
33.0,42.0,1002.1890258789062,-0.9598329120428596,0.5861587640851607,3.612950767515258,-1.1109690329526956,0.0077586603620201,1.1175324894961012,1.1167398211185595,-0.4016389865068861,-0.0758397294983668,-2.807581107851475
33.0,42.0,1003.8269653320312,-0.7535980684336341,0.2900592045972407,3.928882169546952,-0.9786819888470184,0.1873203379593881,1.4128646794492,0.6614266555547941,-0.7128490003268766,-0.2940077284547335,-2.850732622741565
33.0,42.0,1006.732177734375,-0.5934330022747245,0.5056060386597796,3.917389362784329,-0.8355629405948228,-0.4037420574866432,1.1253412321221434,1.3487989640842244,-0.4199268919188617,-0.0155892407173556,-2.6879638558921712
33.0,42.0,1007.1752319335938,-0.8069969680450004,0.3225026563437092,4.057143699725222,-0.9206259209925348,0.1544537047855145,1.262346832122315,0.8026097161983357,-0.4922186140195403,0.3324329548910185,-2.553649981035171
33.0,42.0,1008.4976196289062,-0.7048871647821828,0.3991627493918521,3.6863554126522073,-0.9522277519900156,-0.0758684161201337,1.5913296962486978,0.9552214890377764,-0.8412667426347928,-0.5408547005976132,-3.1070257246408715
33.0,42.0,1002.382568359375,-0.7163469666181639,0.4416773193619185,3.878847984671024,-0.6921264504378826,-0.3522156744825029,1.1155850511710428,1.220653197085344,-0.7216540597122538,0.0495321579858281,-2.428825714177196
33.0,42.0,1005.0650634765624,-0.6234002007154391,0.555295656121281,3.563711758682901,-0.7368294646183351,-0.1099543669057974,1.448872566279399,1.0451601148628633,-0.5367243695981969,-0.5367053364178815,-2.554993627804582
33.0,42.0,1001.9422607421876,-0.6715504361251119,0.3651535907743746,3.7567773851480055,-0.7930144691701289,-0.0828746685606764,1.3560516986336744,1.0254017276748169,-0.5252317131951649,-0.2987595613435552,-2.8952175992662124
33.0,42.0,1003.6913452148438,-0.933781301066329,0.5871748073489504,3.967921640666592,-0.7525875516209686,-0.1726532485376575,1.2448776091312703,1.1632367711418308,-0.7239620358578218,0.1991248775581899,-2.8699050439554963
33.0,42.0,1003.8629150390624,-0.9155074308007,-0.0824303149604697,4.218711871597877,-1.43256601039154,0.0345528965892203,1.3958924051672064,1.2641666368198434,-0.5728695524464893,-0.2654157217552111,-2.812843423589944
33.0,42.0,1002.96728515625,-0.888536751858858,0.4499725815095532,3.934320026392248,-1.1514926205383569,0.054455278784169,1.2489816258499251,1.2333065806884154,-0.5194224644166052,0.0028886342799436,-3.0290249096694213
33.0,42.0,1005.3154296875,-0.3438967555478616,0.2423999548428836,3.752608350494885,-1.2790238837375782,0.1074886319769401,1.0804051200777565,0.8057221716611407,-0.4637437262638215,-0.0395130575283255,-2.4102852491515714
33.0,42.0,1004.2008666992188,-0.6581056082573165,0.4903426614113879,3.582848414477109,-0.7753813196941106,-0.1788606324735155,1.3498796370008286,1.319435494602109,-0.5763536005757883,0.1910782889556284,-2.4910777802897788
33.0,42.0,1003.568359375,-0.6314716381117709,0.3258141947952957,3.797488549560459,-0.848716233415785,-0.0228433297366628,1.3483076468223176,1.0733725687924345,-0.6670843625955207,0.0337618245649631,-2.298410411741981
33.0,42.0,1012.4773559570312,-0.908598047146172,0.4339087956559426,3.51563882775654,-0.9164067072716664,-0.3301081124139902,1.45272461523912,1.249867024848542,-0.32612805631046,-0.1981817096149871,-2.8460831708995054
33.0,42.0,1003.2996826171876,-0.97175407384373,0.2646181027180363,4.063833711455905,-1.1043647862330683,0.1308548456379119,1.5298831840387948,0.9396669442838164,-0.8722900827300393,0.0666172510363649,-2.676523743716116
33.0,42.0,1003.4288940429688,-0.3644358892850556,0.186255489284429,3.73474971979064,-1.2366773873736818,-0.2002089995301323,1.2623642370487005,1.616493299383218,-0.4162874347023528,-0.0285869821572095,-2.4386460096314986
33.0,42.0,1001.8856201171876,-0.8585949322519246,0.5700381873426172,3.624816449863857,-1.0180563055084877,-0.1194121986361977,1.142637021484802,1.0641853685054965,-0.6601104707045149,-0.2698019098031858,-2.603211477189146
33.0,42.0,1007.1348266601562,-0.7819781171516986,0.4906043479186337,3.454760000210129,-0.4789289576035873,-0.1097676800467368,1.6286106717345046,0.6465952611919557,-0.8313670266713009,-0.3273795400580868,-2.2613807502676324
33.0,42.0,1002.3840942382812,-0.4124327660816123,0.3904329252607397,3.7731806494443134,-0.782858117519007,-0.1265699831100679,1.1303352719376978,1.0876548264057684,-0.4402116222642016,0.0255237875429328,-2.4258762067393254
33.0,42.0,1001.523193359375,-0.7682897603697736,0.329957755397543,3.759254698304053,-1.0386570864196498,-0.0553161675220463,1.2735489269559783,1.0979128174651311,-0.3532751106309293,-0.1139693174386042,-2.9329489457968965
33.0,42.0,1002.4865112304688,-0.8109196711564808,0.0669948413884524,4.060682108314666,-1.026429290675514,0.0226299176120718,1.1930678517968918,0.7865075756572182,-0.428875593611238,0.1909419535533008,-2.7551659442257863
33.0,42.0,1005.129150390625,-0.4155329787309627,-0.0383264186037592,4.141967904251635,-1.7133404796182434,0.025967392638285,1.4098374150635689,1.8177626069444115,-0.2326682637665147,-0.0048871662678173,-2.439842853153384
33.0,42.0,1007.4443969726562,-0.8518585448961966,0.3393941908453026,4.142440580276883,-1.2527824688148144,0.1953837710867798,0.8900708202786127,1.0163856939347262,-0.5397810449340987,0.0156831483072998,-3.067503303505647
33.0,42.0,1004.322021484375,-0.8947162474256869,0.2696096341284946,3.498049224207721,-0.7454406566058722,0.0808468427624067,1.2418974459757282,0.5220060773474859,-0.5508193366119443,-0.0707506403919673,-2.443393950721016
33.0,42.0,1007.6078491210938,-0.3097245667370902,0.1383746917298625,4.286040594445192,-0.8676895494085386,-0.2750939626062774,1.2268326676946684,1.3675555010941558,-0.6335089727507537,-0.32223242283297,-2.711391804667313
33.0,42.0,1005.5818481445312,-0.6367608899678512,0.1474368028870998,3.983594159013041,-1.132777909930485,0.1552019522346848,1.5075981501178966,1.2614183677633388,-0.3969132169367624,0.1100243848424842,-2.7915570141309325
33.0,42.0,1004.0999145507812,-0.4810943317874416,0.0546307080422625,3.73317869596066,-1.0182121063833636,-0.1826739536621726,1.6018852387156368,1.2305426506718256,-0.6944022049406247,-0.0801224083963303,-2.668653837805087
33.0,42.0,1006.041015625,-0.6977919617393349,0.3177275371249655,3.498702382752945,-0.8384633988110126,-0.1585511966263721,1.4424503879586883,0.8101312469140121,-0.6028611851936203,-0.5781552576596027,-2.3487054378738383
33.0,42.0,1003.8443603515624,-0.4252912825201544,0.7447194176602139,3.557633535057704,-0.6059576802248214,-0.1699378665364506,1.091055546611221,1.57162705999718,-0.3876205308459717,-0.1225044928810197,-2.5625616722416287
33.0,42.0,1003.5546264648438,-0.7155714982422907,0.2003604546409088,3.50856376391857,-0.9806177009315408,-0.020930026993053,1.4470133947973736,0.7436702475371142,-0.5491627244649342,-0.3469911235462977,-2.541272703001164
33.0,42.0,1002.1327514648438,-0.5014650956114917,0.446711700410721,3.622422597864373,-1.135016964528273,-0.086877089848417,1.361275118313154,1.3244796000046062,-0.5950629400549721,-0.3424132984388368,-2.4858756347855744
33.0,42.0,1003.3328247070312,-0.5805843000171436,0.6065345223832637,3.506114592651219,-0.7984941095448645,-0.2803359043316069,1.308014529219114,0.9673790932052126,-0.6334028603538187,-0.05423253136646,-2.521510323655637
33.0,42.0,1006.3265380859376,-0.5861406637813484,0.4005216233867417,4.167951920134795,-0.9376019289361226,-0.0379125730658627,1.2668642834149404,1.5440831304181435,-0.4347881622327874,-0.1343100773875942,-2.5732698483681613
33.0,42.0,1003.4683227539062,-0.8622792365721432,0.418468251455014,3.887743320240416,-0.9314716452828344,-0.0375736113397318,1.269864476635064,1.219579485982072,-0.5195970708810709,-0.0975039443095742,-3.052628162799948
33.0,42.0,1002.421875,-0.8268690443550017,0.3949078655810902,3.7795387892710224,-1.193721311235807,-0.1218947738202196,1.008090492392908,1.3043539788650529,-0.3772413095949583,-0.185349906503677,-2.74233005779361
33.0,43.0,1002.2230834960938,-1.0316371460424194,0.4997344735902578,3.867917696320333,-1.0318760556671966,0.1372206574561474,1.2793273623329924,0.9602598377688824,-0.7480834303833337,-0.0610313224210861,-2.8929924525851924
33.0,43.0,1001.1318359375,-0.6037073479403654,0.3900381568090463,3.8544633344425367,-1.028336742258158,-0.2307661403713856,1.192391463246766,1.2374771565141574,-0.6289059833426895,0.1693953264021077,-2.55933683004188
33.0,43.0,1004.9934692382812,-0.921163544555986,0.3882184344696195,4.143493591171616,-0.8645263523797038,-0.0985014125896555,1.2303643557020152,1.267917850444748,-0.6232918558181151,0.3281246384045468,-3.0049875427161696
33.0,43.0,1004.2145385742188,-0.8754407557536048,0.4994437511669005,3.606804423246526,-0.6828341744938022,-0.2915623426303053,1.3107729468525289,1.1688019727996917,-0.5336048186215958,-0.2161542172487935,-2.495594539658552
33.0,43.0,1002.9410400390624,-0.8013741823677796,0.5050953712043418,3.8062571192649823,-0.9217825212544986,-0.1180004308808664,0.976988590288606,1.1179324717856218,-0.3183980333802862,0.0417336065454332,-2.8033805511338303
33.0,43.0,1003.8914794921876,-0.5764165700697763,0.2383983961766569,3.746343560657291,-0.723047983703589,0.0710162243789147,1.412550560133532,0.838942784715969,-0.6300613119404428,-0.0547158524711948,-2.5075419858480408
33.0,43.0,1003.2557983398438,-0.7538194209622802,0.0080482675660658,3.86505731085742,-0.8708987931967505,-0.0187633147584715,1.5805433748617477,0.6762264983415145,-0.7880372244332454,-0.0193955928295892,-2.624511189449917
33.0,43.0,1003.1142578125,-0.6097256722716402,0.6258765557607244,4.038183879943368,-0.8696489659518765,-0.0594952984971639,1.1092991233936562,1.0751060014621974,-0.6906381158287225,0.0925677084763973,-3.006857706495224
33.0,43.0,1004.8101196289062,-0.6077748571746975,0.4231613578714785,4.181602120654453,-0.7696950979509456,-0.0323454013303345,0.9276440223251718,0.7003665401320847,-0.6263093312504289,-0.0032151299565903,-2.91897621753782
33.0,43.0,1008.1166381835938,-0.5737877036184633,0.0739152985143762,3.816171973016704,-0.8295914120428343,0.0397865362350842,1.60936665918757,0.6985442140140661,-0.5213118854793954,0.0185966553965499,-2.4752156339530544
33.0,43.0,1006.0864868164062,-0.593061091307189,0.437383958089752,3.7614339225390734,-0.6794868837568169,-0.3023161453382208,1.3407773117054536,1.5584969940468785,-0.4300305803313708,-0.0980787836245067,-2.5770218428224885
33.0,43.0,1003.85888671875,-0.8724051452112693,0.541025071301096,3.752597941867352,-1.3585464288811444,0.214603804085308,1.1104837176203048,1.3245858844829446,-0.36268265760489,-0.042713440959905,-2.8599319981679203
33.0,43.0,1003.8111572265624,-0.4794876226037985,0.0849524442540472,3.319381300722906,-0.8843914577898788,-0.2158056521689326,1.494512794610424,1.081402266374118,-0.2799840300616516,-0.3123309781584309,-2.323016919964492
33.0,43.0,1004.224853515625,-0.559299458910969,0.3760135862163949,3.695832384077338,-0.6966621086156088,-0.0538983662281564,1.2486364418872429,0.8406138636261495,-0.574397217560005,0.0365581530342575,-2.495418448266458
33.0,43.0,1004.160888671875,-0.9489969906775676,0.5486898977210277,3.514397031010178,-1.2557381305928472,0.009788807518495,1.2009437460476056,1.2710966880385115,-0.522657088464574,-0.3220714635791113,-2.562535332370933
33.0,43.0,1005.2935791015624,-0.6598979452406137,0.3385149649379793,3.554162484171229,-1.204627079206808,0.1746289480535239,1.0731195194010414,0.6387460066353494,-0.4577787868393743,-0.1027303367484426,-2.7522762736784427
33.0,43.0,1003.3408813476562,-0.7974560766480217,0.4150194778750684,3.916727450757847,-0.9203446235487532,-0.0138210570853098,1.2454790192967715,1.2173593392599624,-0.5859560890229636,0.1348869980496481,-3.0503698380626387
33.0,43.0,1003.1437377929688,-0.6756874399886623,0.4333699933804746,3.895409502486821,-1.1725162596048762,-0.1585731584296157,1.206374313302982,1.518919034579178,-0.4415081536815464,-0.2433289410917085,-2.741956123687344
33.0,43.0,1002.0150146484376,-0.6746618583181165,0.4764246601858808,4.145397618719725,-1.2705964856474767,-0.1101317005850157,1.0003840200011869,1.3912761078660694,-0.6155641594959445,0.1132201682474631,-2.9059512315096683
33.0,43.0,1001.7059936523438,-0.5743480354191046,0.4893664361574039,3.5383544357566503,-0.8111014415862705,-0.1618241928507213,1.3359088640365293,1.0738566779451366,-0.4856551659378025,0.0093879562856908,-2.4770057956642204
33.0,43.0,1005.0965576171876,-0.899359811363432,0.3542661736382699,3.6773439430661874,-1.2438956773682048,0.0824417599470139,1.1109443166215138,1.118339203098917,-0.2748868487849636,-0.0689111264694295,-2.590007931568624
33.0,43.0,1003.4064331054688,-0.7502762050577383,0.3712159369520584,3.846152957639745,-1.4869035798703862,0.1806670262844099,1.1581223880577145,1.4537241756646493,-0.4253197506978026,-0.245023932685898,-2.6188181335125207
33.0,43.0,1002.2412109375,-0.7148026095183377,0.0965866684476211,3.937496813396837,-1.1689822440742272,-0.1079051567945397,1.3733288688642027,1.106489555913944,-0.6492062745721183,-0.065101138398214,-2.7710607396686027
33.0,43.0,1001.423095703125,-0.6950407359603155,0.4859072981963557,3.972394190500676,-0.6529904636038113,-0.0786297760064336,1.2339605107787612,0.9184395966135632,-0.8289925849329292,0.1165752561052215,-2.800534799535398
33.0,43.0,1008.6175537109376,-0.9414374221427771,0.3155994151045949,4.2367151488925785,-0.7447786886065115,-0.119529624965196,1.2809468674980635,1.032778636855176,-0.3759364512512251,-0.1082865627190461,-2.970064057571211
33.0,43.0,1005.6465454101562,-0.7536907872187264,0.5900590304722098,3.949541623184901,-0.6715575925930768,-0.112701696149629,1.43898546906604,1.2145092199688312,-0.9019011369553738,-0.1169540002478823,-2.653341339203747
33.0,43.0,1006.8790283203124,-0.3770143557434693,0.2047403790479132,4.237313768819638,-1.1845942684333188,0.0681982890658892,1.1153837959651272,1.177579228247705,-0.6800198929975316,0.1488832411676721,-3.0115555910691216
33.0,43.0,1003.6782836914062,-0.7160753385810299,0.3650681613061888,3.9402009789955024,-1.1540214853423847,-0.151970528182467,1.18243883384653,0.9339779541772896,-0.6595263493545449,-0.0272119527511138,-2.539195435244673
33.0,43.0,1003.0234375,-0.830480862507093,0.2934336747022295,3.9135285591780526,-0.6875753797381092,-0.2479825884609861,1.4077211590406584,0.9418664953767272,-0.7053463575335464,-0.2146404509953026,-2.884459206118652
33.0,43.0,1007.03076171875,-0.7088360815292392,0.0941288719096409,4.178256626092374,-0.894476277922748,-0.0591363561637772,1.5861583254866574,1.116728238189855,-0.8303180173530365,0.2813901883979488,-2.99830602765212
33.0,43.0,1003.6284790039062,-0.7508690883378026,0.4009244398722149,3.722036883254047,-0.8546454576538904,-0.184767502448377,1.24016162948387,1.1998266422106472,-0.4339479665774455,-0.2005740291786582,-2.4802151090506324
33.0,43.0,1003.07861328125,-1.031837400220863,0.8467911524972411,3.8760764815039854,-0.9152571290945416,-0.0779954281799106,0.8793585590475805,0.8882970199753046,-0.709248715286404,0.0542800784145409,-2.901967419471923
33.0,43.0,1005.8587646484376,-0.8715312600906326,0.4603198274483553,3.4674356527633314,-0.5043345075823984,-0.3290072146916802,1.3288076508159392,1.0091236305290323,-0.3359261466514258,0.0146085144386187,-2.6225985297520498
33.0,43.0,1010.2803955078124,-0.8696315952088893,0.4758605514783234,3.4057459452563137,-0.898178007238954,-0.3184523128914982,1.2468751767592812,1.3681719399261585,-0.5821149697365833,-0.4543752753444945,-2.801056721616603
33.0,43.0,1002.8216552734376,-0.9232709490214156,0.5154543955321556,3.848446586200773,-1.239978832700838,0.1332084961343058,1.1111053050514998,1.0335805449808424,-0.5636243697611913,-0.2292232946465269,-3.0631174048198333
33.0,43.0,1003.3073120117188,-0.7381549557548359,0.4531388312061288,3.954744991527349,-1.210949666445698,0.1488829658212438,1.2131542678773624,0.9719600166966238,-0.7067500401457156,-0.2491218756714639,-3.102112360611456
33.0,43.0,1002.5740966796876,-0.7230709051844215,0.5845522460280197,3.403511584609266,-0.7403448285163527,-0.1999475124397545,1.3127807500194058,1.1065263577767794,-0.5426428155652978,-0.1266046044073423,-2.492373946240296
33.0,43.0,1004.27587890625,-0.629128068822757,0.0301057741414725,3.790044235410667,-0.8699535095973623,-0.0754936226365359,1.4849715814427835,0.785930534941893,-0.8994433914272726,-0.1035490016858808,-2.0709990797061884
33.0,43.0,1004.640869140625,-1.0415022037647894,0.2941491463779186,3.6200255706499416,-0.8838949254588231,0.1617546631133448,1.2193905530765212,0.3685008692504947,-0.5692059199300372,0.0878528474400397,-2.937240923921093
33.0,43.0,1006.9765014648438,-0.819393114346048,0.287341157126705,4.102807417769652,-1.4970642331269204,0.2898767315834005,1.1385584949519103,1.2493840504072375,-0.4046054440426623,0.0464265028738299,-2.941791872120311
33.0,43.0,1008.8816528320312,-1.0634075146218902,0.2476713147200389,3.5139505283300263,-1.1875476483383802,0.2168351256085454,1.4437815974868051,0.5872136184755412,-0.5465121555130557,-0.0480912756978169,-2.686197414255302
33.0,43.0,1002.8516845703124,-0.7247189306953503,0.1371608034842628,3.932665176410799,-1.0682963392422034,0.2276385177596394,1.5106305371506492,0.9721074957694976,-0.6278491759088469,-0.2198841700247547,-2.7861598554005944
33.0,43.0,1012.1521606445312,-0.7649071884230967,0.594463274030856,3.499692303813456,-0.2084974978568201,-0.5980092659800214,1.306097493075474,1.0920790492598336,-0.5359029223572396,-0.2177296200103544,-2.170796148755374
33.0,43.0,1005.4962158203124,-1.214231297781947,0.3514038471087577,3.615783987922402,-1.2216766367068468,0.0178908458288029,1.2728556137166596,1.023537967885563,-0.4547858528045427,-0.1181689765750935,-2.629080090309138
33.0,43.0,1002.1041870117188,-0.6815329530290182,0.455083067847899,3.7978618473604335,-1.0581927467104717,-0.1373967470277124,1.252791426044042,1.3266455224516882,-0.6063009820159193,-0.0077244515950622,-2.6639331638522394
33.0,43.0,1001.2353515625,-0.5639742966785004,0.3635384817510854,3.749110719520143,-1.0237059788938565,-0.115678173219889,1.069977123118809,1.2079323738179468,-0.42337517473418,0.3055291927654382,-2.5287537510737206
33.0,43.0,1007.2340698242188,-0.5252468435419466,0.4221824632600315,3.707512381092053,-0.5540478589969737,-0.0795601486661006,1.4470731544121875,0.9921529645049104,-0.5864861652815252,0.0023913246307074,-2.5586156550369945
33.0,43.0,1007.0078735351562,-0.6837273253883014,0.2393662069398185,4.221152225978944,-1.1230336528861251,0.2152727754945615,1.3205662674549323,0.9154984438994154,-0.6175297301139073,0.0456612452483673,-3.119733322655069
33.0,43.0,1004.391845703125,-0.6850817251143813,0.4607310875846107,3.9991059712305024,-1.0563391367515689,0.1677499333647389,1.177828200175898,1.002457373633451,-0.4311381053019918,0.077835656360139,-2.8620715370618
33.0,43.0,1004.68505859375,-0.8074572166241651,0.3712622453761014,3.388236691027526,-1.0946749870872594,-0.2088472562849821,1.164720845222699,1.1686285425129057,-0.4642585283898075,-0.1807626891809501,-2.1410287189467287
33.0,44.0,1003.0288696289062,-0.9079093731449426,0.2838521379035876,3.867932301441592,-0.8987305793349423,-0.0235623849348902,1.2854432565684633,0.8908891741557756,-0.5801764926354993,0.1730271704836763,-2.7945559603150683
33.0,44.0,1004.8682250976562,-0.8230646218449964,0.4133030596366698,3.928280478819348,-1.159742056915385,-0.0304428864642387,1.4367338704382258,1.3565710151915686,-0.5568914285470736,-0.1360171337323397,-2.9573895561777546
33.0,44.0,1005.251953125,-0.8054370387337277,0.7271108140070135,3.5272341759262744,-1.170242807332408,-0.180142541851608,1.1436588005390211,1.4206895686619865,-0.5056702128325945,0.1352551912062027,-2.6645803739889
33.0,44.0,1004.39111328125,-0.6325550485799951,0.6629829345493157,3.7453742739746048,-0.8623609708278659,-0.165915681783602,1.0992068347313833,1.1615411052398272,-0.318881682296662,0.0491407335045046,-2.652108036125842
33.0,44.0,1008.1160278320312,-0.5769541496089658,0.538151448236639,4.162545202339508,-0.7637938778432485,0.0356539016662873,1.1780716137517526,0.9459987966005912,-0.8219836028246412,0.2550279231375683,-3.189445327763329
33.0,44.0,1004.3604736328124,-0.9423629121805854,0.5967411549092798,4.136052899250055,-0.5526588595582291,-0.0702924667514146,1.095905687592012,0.5208101260294171,-0.8398660549164907,0.0418876574638691,-2.958803819564189
33.0,44.0,1004.6029052734376,-0.8304239228303443,0.2914591209481649,4.181988840287769,-0.8922346403674384,-0.2030664274003619,1.2277020687187257,1.0563146330584807,-0.7735994099045218,-0.0201380677697997,-2.7416448086406167
33.0,44.0,1002.7239990234376,-0.8793243808449063,0.3917432275217027,3.7351036533225024,-1.2411957056188676,0.1305237155826777,1.2165791136565345,1.129538246063988,-0.4844883695987958,-0.0599882558421605,-2.931569100105488
33.0,44.0,1004.0784912109376,-0.7913698665518103,0.1579842681277989,3.9157325443968745,-1.014107459963276,0.1643057953976878,1.625282764098797,0.7985492036564281,-0.7872691886978664,0.1343719256072741,-2.8441688562035465
33.0,44.0,1001.992919921875,-0.5289596714757137,0.2334835153284196,4.0908044363224825,-0.9049010727972896,-0.1002218014127862,1.052562713801006,0.8912189426816717,-0.5664475360636443,0.1903898627239062,-2.871626175478321
33.0,44.0,1001.73876953125,-0.5023942469628375,0.329869942298151,3.978350770289186,-0.9879357472773016,-0.1577117186231031,1.320910772810425,1.22274999626414,-0.6275992264218919,0.394250365232125,-2.691229993664135
33.0,44.0,1002.0369873046876,-0.9690436162716614,0.500767641914619,4.057988438029762,-1.3312717229681217,0.031346533039315,0.8864469812715114,1.2265240005579052,-0.5382015903732746,0.1080617369703276,-2.7959793649971734
33.0,44.0,1002.8883666992188,-0.9813721248008864,0.5400543698004014,4.090614696499337,-1.1131420268867798,0.194938280572865,1.186942293188526,0.9010664094607614,-0.7283524937542918,0.0221345507302404,-3.2372052368794533
33.0,44.0,1004.0650634765624,-0.6406378015239156,0.4506162057706939,4.018269237980357,-0.9975409572861862,0.1468516103302679,1.2951421560037666,1.3265545025151295,-0.5383385609299793,-0.0834826710911489,-2.750085955083739
33.0,44.0,1003.8575439453124,-0.711620508634323,0.226150740991919,3.670654939790394,-0.7608893021234922,0.008946068788985,1.613855733503911,1.0587756601396396,-0.7163065412187333,-0.165249637466597,-2.614624090056061
33.0,44.0,1000.89697265625,-0.799680287566293,0.4329703992321096,3.837280827903761,-1.1309119118735875,-0.0353423504870624,1.0384411662448132,1.1403018753684933,-0.6837920515177744,0.0549671376937279,-2.403598350459061
33.0,44.0,1001.1886596679688,-0.4854632331578168,0.1080716146709424,4.098541803409123,-1.011551481256563,-0.0475960740058338,1.4166460363625806,0.9046929558303374,-0.5429150673031984,0.1441711863719668,-2.6117970142872644
33.0,44.0,1001.9573364257812,-0.5494579985569743,0.6171490163502371,3.8837390365315976,-1.3165072527061523,-0.0211656524738526,1.0265898179748811,1.5071829013602942,-0.4952855810596173,0.0895106225444948,-2.647514343683352
33.0,44.0,1003.4533081054688,-0.5499651291587968,0.0772492751264595,3.9162110666413312,-1.3205011016627817,-0.0288215617108757,1.36046053423296,1.3901706159563432,-0.5341877145255838,-0.1025459779486066,-2.6815613520203767
33.0,44.0,1005.7482299804688,-1.126088205430408,0.613669473648315,3.7843481559378898,-0.908332249088339,0.041252146207432,1.2292407731312398,0.905997475188177,-0.7189652819077885,-0.0198943312519501,-2.719841733161897
33.0,44.0,1010.4746704101562,-0.6554055066851738,0.4738198765480668,4.486938468599636,-0.4192780064817905,-0.3489749179533907,1.0543790750371898,1.0224829724915638,-0.8765809070946595,0.3965775108568561,-3.238648625066556
33.0,44.0,1005.3008422851562,-0.8499015250159694,0.3533717479570262,3.8204478312570416,-0.6300816798052251,-0.1325618672583655,1.508209022202455,0.9705565559937668,-0.7201338092437517,-0.217913879657849,-2.9920900208517267
33.0,44.0,1002.2090454101562,-0.7426367609471276,0.4790627843625685,4.198454907794817,-0.8923200710067967,-0.0648918926591957,1.1067463936905062,0.721518497324821,-0.9081863643887144,0.0224573558286831,-3.0201273390210064
33.0,44.0,1004.2208251953124,-0.710742462467449,0.4714618971645032,3.90901708234653,-0.9760770750721246,0.0691786268963321,1.1781684796408065,1.198166359497269,-0.6555613900810355,0.2872798668457825,-2.889707005704152
33.0,44.0,1002.696044921875,-0.6630745190569689,0.5005862215962873,3.881461322735692,-0.9066631450082516,0.0309467908790423,1.0682596416949863,0.7190063409774741,-0.8328093758920998,-0.0018695391265142,-2.785592001181947
33.0,44.0,1002.729736328125,-0.9792296519778692,0.3046608347063841,4.053534735923968,-0.959026603013375,-0.0152564706025515,1.2007901903227065,1.0890224930307388,-0.7946589265909365,-0.0040562620659105,-2.9390393364144
33.0,44.0,1003.1194458007812,-0.9571498168656634,0.3035221706720845,4.046022680798611,-1.190704535762098,0.1477685266971962,1.4135951921211145,1.1704621939593638,-0.7635164960384975,-0.0403891063971784,-3.059626045779212
33.0,44.0,1006.4609985351562,-0.727428566930703,0.8347721442165321,4.303729751956748,-0.8541600935145617,-0.1470256314974847,1.1429815073807648,1.4064664181788258,-0.8585735738819098,0.127573697711667,-3.2007477745722293
33.0,44.0,1002.6069946289062,-0.8429347216539993,0.1588861044957799,4.020128729070688,-1.131264424063119,-0.1772009173718149,1.2685224865864626,1.265354120636772,-0.6725104266599216,-0.036382348408475,-2.508965418373056
33.0,44.0,1003.9927978515624,-0.5881151657901338,0.4028234510196338,4.160036321715282,-0.9621570076986838,-0.1570717309611407,1.0980005391160574,0.906540754483176,-0.9984603892871232,0.1863492986354504,-2.7940981163652667
33.0,44.0,1005.1732788085938,-0.7237589828693132,0.2394343023400438,3.72526085027637,-0.7538297326263734,-0.1376104132330597,1.1155625963721727,1.041017099992672,-0.2029670600107485,0.0843342518918222,-2.5981849797516543
33.0,44.0,1004.3948364257812,-0.5369883369626134,0.3798789630009516,3.825936650900676,-0.9351565351902876,-0.0838642069401434,1.1874679815106497,0.8548392118140509,-0.57441256803033,0.0926272202333091,-2.3319060773677065
33.0,44.0,1001.7057495117188,-0.3958652459457976,0.3171974556617432,4.012388747680475,-1.2062749615705637,-0.1511876299582653,1.366714279758524,1.4619303816184734,-0.661077030263197,0.2313271456168797,-2.239485025624406
33.0,44.0,1005.3068237304688,-0.991339814381706,0.4797918248810608,3.551251377013285,-0.7826870454245309,-0.1698053004610153,1.2521913528955515,0.8464936538780501,-0.659256758677305,-0.038211781794474,-2.687220270894072
33.0,44.0,1001.9863891601562,-0.8066873631498535,0.4279916692631378,4.136602130081599,-1.0996504193007288,0.1484596563452553,1.1839887728433682,0.8982537613610306,-0.8006027495215351,0.3718970279203351,-2.70479051674036
33.0,44.0,1001.3983764648438,-0.6544059417059929,0.2190299587163551,4.004995799958703,-1.2960883046296057,0.019429094066913,1.395700198688262,1.1886105860581893,-0.7238393804005376,0.0696278322812062,-2.632340452791329
33.0,44.0,1003.9437255859376,-0.9721996420728144,0.3502055280531815,3.987421261851305,-0.7141608629223413,-0.1230358046728605,1.073095258975053,0.7591783830412515,-0.5259253043449803,0.4065227695646154,-2.7719340329531668
33.0,44.0,1002.097412109375,-0.7218206324426184,0.4583832673529979,3.931549759213288,-0.6314668949695363,-0.1655142161785958,1.2043853191221163,1.0148966853336097,-0.8021445240208154,0.0137314281553537,-2.7360881170089204
33.0,44.0,1003.2969360351562,-0.648710066036446,0.088026792457577,3.613788686211653,-0.9982907612426049,-0.1377414955685036,1.5526355520628208,0.7874929568851075,-0.5489269017815541,-0.0560993770798736,-2.7335731997061283
33.0,44.0,1001.5296020507812,-0.5387828898207045,0.4679738532989121,3.6859969367853536,-0.9270423939629966,-0.0449139231488047,1.3900263811255744,0.9377171908993862,-0.681813023920915,-0.160549467859143,-2.801266855830347
33.0,44.0,1004.0559692382812,-0.6877915326927546,0.3528597989151105,3.643715691529604,-0.9322294311541608,-0.2388093003524636,1.331142442711668,1.0996407157786328,-0.8803426856846004,0.2333764269955001,-2.394050617468597
33.0,44.0,1004.7417602539062,-0.5787261908847432,0.4085593505855165,4.208410380310539,-1.083773679480029,-0.2540330952893042,1.2695669626145625,1.5516766458072953,-0.7698052124671495,0.5380373803669469,-2.484421775862077
33.0,44.0,1002.760986328125,-0.8609348007424025,0.2666460576188427,4.231488391745119,-1.1330747470851583,-0.0015248296284431,1.1497906974600145,1.163998349581008,-0.6015155365319256,0.3999191974934302,-2.959817680087076
33.0,44.0,1002.2340087890624,-0.984984323390016,0.4161535599850383,4.1436063221029045,-1.0754166543070935,0.1350761004151657,1.1165278721239913,0.7973672508957055,-0.7064480490441429,0.0238798660079373,-3.204761201187108
33.0,44.0,1003.411376953125,-0.7504386432168113,0.1335783339069838,3.871271475006037,-1.0227070406144645,-0.1468661811007372,1.3327735550081243,1.1624199464637028,-0.5858460213712622,0.2859186017208284,-2.568990245101871
33.0,44.0,1001.5415649414062,-0.810760802668244,0.1995582631445502,3.971672467149393,-0.773703109983293,-0.0697986221514863,1.40730553739611,0.9335651185828162,-0.6579649074217162,0.0873199696168338,-2.883824251401988
33.0,44.0,1006.568115234375,-1.0758504207487096,0.5931653287963652,4.082116242154189,-1.0315231617911005,0.0255965480740085,1.1743275919731673,1.0794881539466346,-0.4476184140142631,-0.014965204135505,-3.160577117911842
33.0,44.0,1003.15185546875,-0.7121389325640077,0.5013379851295277,3.6436960682376967,-0.7720465988576022,-0.3028223457601982,1.312077824128406,1.094910625816298,-0.8470521409873442,0.0354317272815665,-2.4271666057719656
33.0,44.0,1001.5105590820312,-0.8138785525403467,0.7271690789674619,4.000630084892533,-1.045059672737327,-0.0562678131919121,1.0614818340303964,1.2449394418920043,-0.6889585204706181,-0.0404455802974315,-2.872413571404433
33.0,44.0,1002.31640625,-0.6225924075729878,0.2256557833661716,3.842378363820414,-0.9135934121216112,-0.1831852593912746,1.3527624265980984,1.0713754451615385,-0.615951596363514,0.0503555288445998,-2.894152128868262
33.0,45.0,1001.6497192382812,-0.5376477998299336,0.3930070747055678,3.672856101424527,-1.0223164969815048,-0.1806353723653746,1.2730711762399205,1.1332712488747267,-0.4284088649987598,-0.1097009635094137,-2.4920014959819428
33.0,45.0,1001.8118896484376,-0.5984914770781984,0.1786800561815749,4.205006350820032,-1.3735555158114043,-0.0859111127755971,1.2067831833798612,1.1395692708936132,-0.6794398691503982,0.337118703197115,-2.4281239937199217
33.0,45.0,1002.7813720703124,-0.8318315354442287,0.1975628693557389,3.95032822009561,-1.2847388955800445,0.062226628816381,1.3900969513503814,1.250503948999535,-0.5512622148508015,0.0548924355513005,-2.8633614969152448
33.0,45.0,1005.24755859375,-0.9020370968378906,0.3860298085870166,4.116094400334093,-0.7422788511402283,-0.0657995775360378,1.0150795340616412,0.897488907053642,-0.6417854827825966,0.269910191523186,-3.1971063890005453
33.0,45.0,1003.2720336914062,-0.78069844547095,0.2686841362660228,3.8593273814902105,-1.002824164963247,0.1537477027493707,1.450719732972714,0.8430432572447097,-0.6735896875711074,0.0670814754925173,-2.693082396966961
33.0,45.0,1002.2022705078124,-0.60713371527057,0.4967674668579303,3.8005128736338873,-1.0570415421467172,-0.0570784114578817,1.2962798735188894,1.1615340594150076,-0.5653963665358877,-0.3010055095184976,-3.0267842755849763
33.0,45.0,1004.4321899414062,-0.9317613245050812,0.3457385209725672,4.056231157780795,-1.1832484021863228,0.1955188332475739,1.138070198770027,0.8939488802133253,-0.6402073627087033,0.1896144318436823,-2.65964557814584
33.0,45.0,1002.5498657226562,-0.2810233311595747,0.1762553865261926,3.981117577416658,-1.155454130652334,-0.2007862111387472,1.3969238499037937,1.3733334127432713,-0.4936549240610874,0.1363651322848467,-2.5886751981647165
33.0,45.0,1004.6646728515624,-0.7820842365546294,0.171080969226991,3.7794769956173866,-1.2156020612029588,-0.0264563557596169,1.393569457202377,0.923776455481633,-0.6888034731039543,-0.1546315104866114,-2.6453021931088
33.0,45.0,1003.5188598632812,-0.6625405264007354,0.7226663238548046,4.0186485296682015,-0.8067001592402931,-0.1581802931766169,1.1856141282383303,1.382612125630721,-0.8413704245875726,-0.123537959448436,-2.949119473494201
33.0,45.0,1002.8185424804688,-0.8569485052900108,0.220476839124367,4.119706640898219,-1.1738686223478745,0.0578569450820065,1.1727636554615444,1.086848641981658,-0.5396434237625529,0.082754907425576,-2.723276650219516
33.0,45.0,1004.8479614257812,-0.4911813720915976,0.5359931618916285,3.7113656013205336,-1.2751951667577526,-0.18450552160306,1.0361958087370766,1.73250325358985,-0.6354663351436312,0.287526099454336,-2.359396095824266
33.0,45.0,1002.4714965820312,-0.775593363572141,0.6029323370618958,3.630528790098472,-0.9762190285368044,-0.097266166018894,1.3553407800499233,0.9990649256325126,-0.8457020062849931,0.0582189742390326,-2.5901850818132868
33.0,45.0,1004.6842041015624,-0.6930822126378224,0.1639597727424977,4.462877844707721,-0.9716320147612344,-0.015307545513723,1.281193957414226,1.0896156716891037,-0.7330956084628406,0.0956483138343458,-3.1431415549562027
33.0,45.0,1005.505615234375,-0.7895756735467332,0.4755953442465843,3.719454649511064,-1.1203180316532686,-0.1073145414539222,1.2152309277186522,1.046908255710001,-0.7083135499587909,0.1826665730079728,-2.0927706872341862
33.0,45.0,1008.1714477539062,-0.8242125479838593,0.055662648444156,3.9806587669308016,-1.5816503038319416,0.1825972611949646,1.1698487633688712,1.1367574207947957,-0.4822400377252149,-0.0008807876320071,-2.809523149483816
33.0,45.0,1005.8607177734376,-0.984412755733694,0.3938217185428385,3.7159945497157416,-1.1050086453500558,-0.0857838355403606,1.121092286709482,1.1962545355014915,-0.5842703438756773,-0.0649205813934914,-2.8399776098794165
33.0,45.0,1005.6000366210938,-0.872603236445892,0.087612886095191,4.268384584966006,-1.0423922088569078,0.1070447795808116,1.335203600304343,0.6170795292495495,-0.9805658220147792,0.1592865030225567,-2.8008110580018792
33.0,45.0,1005.66943359375,-0.8992999433347864,-0.0223260813945502,4.023676155578279,-1.056673122352338,-0.076322403842683,1.2611656997955514,0.9660676516043508,-0.6604449362848586,0.3619487063726669,-2.365263045790624
33.0,45.0,1001.9490966796876,-0.6016812691010491,0.4395710694558481,4.0720388501051445,-0.5678341711597534,-0.2040713129976445,1.3062272942466926,0.8424504384827278,-0.9219591804478836,0.1572501877429246,-2.714629535417498
33.0,45.0,1001.9357299804688,-0.6034389416382533,0.2408102971284869,4.237249913793235,-0.9116356709459836,-0.063341267032321,1.2315984418166748,0.9803981286952066,-0.8219949630877394,0.2803590553987112,-2.872610123069674
33.0,45.0,1003.9609985351562,-0.6008145561833125,0.1924959573152627,4.06472800823747,-1.502555137431444,0.1360713405703091,1.1010240840471566,0.8507503624581112,-0.6518171163433193,0.3996786137863672,-2.617030215959333
33.0,45.0,1004.2113647460938,-0.8375066519584351,0.3281243141305126,3.6918750587971054,-0.5071470378461083,-0.0219799524442869,1.394769400774356,0.6978475195380476,-0.5105631806254012,0.0009141480276788,-2.9199821567139543
33.0,45.0,1002.1389770507812,-0.4757685735784998,0.4801318676338102,3.888510935568133,-0.7519222148286913,-0.1107916153774439,1.16221894783145,0.9526689251529872,-0.7448037643360053,0.1379341122805053,-2.694318614730245
33.0,45.0,1005.8128662109376,-0.1819530741762225,0.1049711143388307,4.199904854118149,-1.400425948795372,-0.1418077253736198,1.2081321097398048,1.3939192706657542,-0.75679469195848,0.1488034304034391,-2.334537928366617
33.0,45.0,1001.5786743164062,-0.8116354255003984,0.3778006643332574,3.974914216267532,-1.0607183614282172,0.099692745150631,1.347969746138733,0.9020056706199622,-0.676199658947473,0.0734967351421014,-2.924671191372883
33.0,45.0,1006.2933959960938,-0.6671284223541853,0.5528387046477867,4.165708029546835,-1.340223419208754,0.1628023541798899,1.139262881215548,1.1748578453221228,-0.6095163844365112,0.3211542556367011,-3.114772785252484
33.0,45.0,1001.7952880859376,-0.8244556426135334,0.2183771362665707,4.255564071219517,-1.152273362809936,0.0585934025324181,1.3314862661085591,0.9550895584685488,-0.8960623922091644,0.1423623086358567,-2.8766430527927187
33.0,45.0,1002.3318481445312,-0.7069040641835365,0.3939561093569645,3.809564719083303,-0.7548736834332432,-0.146509237873059,1.1329094952177234,1.0037806054408227,-0.4513881945888283,0.1742346758975888,-2.6726973420127864
33.0,45.0,1001.9857177734376,-0.7959843748054665,0.5174597159085979,3.517415768926499,-1.199452976286084,0.0105357005165105,1.123281552018729,1.2524652663818543,-0.4382641501131417,-0.1867561953871712,-2.7999386501041768
33.0,45.0,1001.5338134765624,-0.8418466398364108,0.2229605325961872,3.754813893511894,-0.9039605295508945,-0.0788374779857195,1.3459837651856097,1.0133170085801737,-0.6576759027208903,-0.1217081099474146,-2.598793577072481
33.0,45.0,1004.595947265625,-0.6422074032291238,0.4500978510579507,4.140552841841632,-1.211277098430716,0.0715265088772323,1.091559545244985,1.2090856565495764,-0.5967274166766385,-0.2453482361196854,-3.0887890060642835
33.0,45.0,1002.3554077148438,-0.630687260520638,0.3247951396408659,4.255277534339681,-0.7886659593862717,-0.1273765156225934,1.219883134786226,1.177668146036602,-0.7855154944578508,0.4577994879150164,-2.792407287173372
33.0,45.0,1005.9622192382812,-0.4350589211210769,0.260363323981668,4.0486734530010935,-0.7661393796094522,-0.3007769916813521,1.309166585619467,0.9891652989845036,-0.634180051312299,0.3663834300505044,-2.343377477330464
33.0,45.0,1011.0044555664062,-0.811920580577957,0.3700173917472629,4.199120580420935,-1.0298265145762593,0.1685173853197241,1.2600142588254704,0.7159556998205048,-0.9798510343855672,0.4001467192303396,-3.1431881917869977
33.0,45.0,1006.373291015625,-0.9515652866380552,0.3380676035310177,3.87065817683807,-0.4507267438187128,-0.0648773069128756,1.3704634792074462,0.7609917152291832,-0.5777238569693708,0.1584160007836352,-3.0967445392512625
33.0,45.0,1005.2604370117188,-0.7083805088595057,0.326022360336017,3.963885276484208,-1.4854473800158252,0.1165586024604863,1.1282631448233411,1.3458802774557723,-0.4024700802346732,-0.1768727456354319,-2.3064231070688948
33.0,45.0,1000.5398559570312,-0.7437790207620179,0.4603366229223553,3.8712071114701647,-1.4544734022423684,-0.0851829981281522,1.1044567089687105,1.558055963208556,-0.6754631890620022,0.1054257188292959,-2.422425670235186
33.0,45.0,1002.5723266601562,-0.7653816358508596,0.2759845719520273,3.562994801122043,-1.3036111072836485,0.0183028449789386,1.3845551616500629,1.352727199416682,-0.3565697780441272,-0.11402372231941,-2.5798806657775284
33.0,45.0,1001.9489135742188,-0.5712218930781745,0.3045706335130962,3.659102009743245,-1.3291819207126303,-0.0190082594255827,1.2042104803110163,1.301650069686941,-0.5387017683200233,-0.2987461631054948,-2.49163674856135
33.0,45.0,1002.8507080078124,-0.5941249427512734,0.7839614889082478,3.647573589537585,-0.7606937216933947,-0.3269974868210346,1.1636780705650835,1.344469873147304,-0.6305591579510885,-0.0671492579068564,-2.6094239188702533
33.0,45.0,1002.627197265625,-0.7546605324676703,0.5050451045197155,3.780217376808864,-0.9980607327733296,-0.0558809474870187,1.13041895856869,1.0875223261483509,-0.3435322366299038,-0.0273950578259443,-2.851204439216416
33.0,45.0,1001.5335083007812,-0.590029696153934,0.2066292661495508,4.221767435524015,-1.1269210398297531,-0.1077628986199057,1.2934042612913237,1.2492901981835605,-0.4666842635198973,0.1742539415739656,-2.6700111475448884
33.0,45.0,1010.4830322265624,-0.820402486817625,0.4727905468112636,3.541511300196193,-1.4530627302718535,0.4091477478457008,1.5308582044011771,0.9041154816595228,-0.6646735404181285,-0.2453319125537962,-2.568374646946448
33.0,45.0,1002.1265258789062,-0.4571599143212124,0.2400756936915993,3.9498018202078615,-1.138088448349028,-0.2999619874027273,1.2010516663198478,1.394755751383098,-0.5016052065968255,0.2169523063264531,-2.678583937196612
33.0,45.0,1002.4990844726562,-0.612046531738974,0.3574204471650377,4.045077535146183,-1.2277977765899415,0.0630914299602416,1.2196893712473758,1.302009585334441,-0.6326513671900553,0.1745359592087467,-2.9066446483622013
33.0,45.0,1002.3812866210938,-0.7746863165428373,0.3564201911156655,4.173168356027677,-1.3008567411656675,0.0213699562971321,1.156988154968241,1.1770907362145788,-0.9174745681277248,0.3339573032630447,-2.2400958892739
33.0,45.0,1003.076416015625,-0.4594465013878075,0.3137774133502971,4.078993640035751,-0.8107503543877854,-0.1294397636108533,1.413391240707896,0.9565806900172272,-0.7980786837044462,0.1068935583416754,-2.49350675901025
33.0,45.0,1003.3475341796876,-0.8732635412596279,0.3669856900293835,4.062700710830008,-1.5222077572973651,0.0777007342751812,1.071245729639687,0.9162533762804568,-0.7790977798765146,0.1885274095140712,-2.543872654877715
33.0,45.0,1003.206787109375,-0.7490545836520912,0.6685401019870216,4.073883101814246,-0.567972415196377,-0.2232148150297135,1.2808931572977844,1.0715687555045983,-0.8514618921417609,0.0358257450864654,-2.686249647065018
33.0,46.0,1003.2994995117188,-0.7339052981059364,0.2226681885111752,3.793734941837732,-1.0995514761662823,0.0523257133433077,1.455211662582708,1.182497060174878,-0.4049277133761784,-0.175650441205085,-2.6853488607528755
33.0,46.0,1002.711669921875,-0.8533442871193664,0.1426400200544133,4.135651711335219,-1.4698972699522184,0.012410853598082,1.3050831276494348,1.245312913281814,-0.6221990492434539,0.1312676537309141,-2.616322273495462
33.0,46.0,1000.6460571289062,-0.7375093839550555,0.3690728579416555,3.948796684761716,-1.0780004584412115,-0.0637265468487005,1.11052139536058,1.1254408582653666,-0.5376048396035094,0.1989213405816112,-2.721879892717529
33.0,46.0,1003.98291015625,-0.5245672076065331,0.2068614193541229,3.96968639352173,-1.4350476373112988,0.0155268886478427,1.2219562053558928,1.4378014534734032,-0.5910716020098334,-0.2249474793816572,-2.958808700199183
33.0,46.0,1002.5625610351562,-0.8412975074012934,0.4084444802307967,3.8142097435709417,-1.1525579380876354,-0.0762315340941279,1.1126356490275129,1.0096183521311968,-0.4062969128336569,-0.1904713184686626,-2.72315377218248
33.0,46.0,1001.0079956054688,-0.441549558106888,0.1831576981676184,3.838019914061274,-1.1621446220900515,-0.1053227552643845,1.4319463638314105,1.3253154291987972,-0.5750156331518506,-0.1138797731590779,-2.4014135449105627
33.0,46.0,1004.8236694335938,-1.030159028098614,0.411405135494399,3.8460427010592326,-1.095859804965111,-0.0203748906020528,1.24290284314848,1.0010435169244172,-0.7426747741195889,0.2011605669151404,-2.76424389277616
33.0,46.0,1003.9618530273438,-0.6694456284440724,0.2582439922837229,4.3793470918675474,-1.1646908858510967,-0.1339678218868591,1.1841425162407635,1.4109765375115089,-0.796879467714267,0.4734779502483714,-2.794261979087019
33.0,46.0,1001.6635131835938,-0.7350028115278997,0.5945169828262369,3.78916334634374,-0.9576693064902876,-0.101470944442811,1.0556785756071363,1.3197919866111,-0.6410216843452234,0.2154082194724624,-2.704265251904705
33.0,46.0,1007.0408325195312,-0.8274532630332985,0.1267571392977,4.186264001031809,-0.6435865496976181,-0.2729630482211274,1.3675843334253646,0.8995099761216352,-0.9638707965361366,0.3099709199506186,-2.3341953012121337
33.0,46.0,1001.5430297851562,-0.5257006302009639,0.2221266006873481,3.979242065557301,-1.0229642556263985,-0.1030645036912734,1.3726798147757204,1.0248115333568286,-0.6523149947380205,-0.0940099592773062,-2.573871784783964
33.0,46.0,1002.8101806640624,-0.829509006196882,0.2491889119036052,4.041774047385358,-0.9777965929215284,-0.0228348439266943,1.3036543149057644,0.8268644759166843,-0.7256245786858049,-0.0163468232264554,-3.119646880304958
33.0,46.0,1001.9158935546876,-0.7234102127937545,0.3125216246993538,3.895303303823104,-1.152317363317306,0.052702786154728,1.5664073817160604,1.2490435479108095,-0.6301604473808258,-0.1936495383930818,-2.7243217099480943
33.0,46.0,1001.64013671875,-0.742797876196879,0.1964618757689784,4.045349990363764,-1.3560096259871122,-0.0320767598247417,1.2169063889716654,1.0066470357480988,-0.7241283678748243,0.1900530593402134,-2.8832954232142423
33.0,46.0,1001.4391479492188,-0.6444381921390523,0.3672654599052247,4.324394336534375,-0.8873327075328525,-0.2476208483285669,1.1686067632782071,1.1839310954141542,-0.7902773422835532,0.4579365638928667,-2.5299310428260413
33.0,46.0,1005.3137817382812,-0.7085366304478109,0.5828678006144976,3.4956062151240808,-0.7292619467200749,-0.3833076166183726,1.2403718149640977,1.41065485978614,-0.4764466187964293,-0.0691804969500351,-2.5492543742364173
33.0,46.0,1003.3583374023438,-0.4578926482344405,0.575257793904882,3.906186765642033,-1.0977631999535942,-0.0292413771727346,1.0864427366593343,1.3367842497922,-0.5485288390274015,0.1584204640727176,-2.611343689915815
33.0,46.0,1001.624267578125,-0.7355771690351585,0.261968959331476,3.920320212986644,-1.1878913212448845,-0.0550718613162617,1.182428810264459,1.054902165254779,-0.5694771698019521,0.0693660309976795,-2.506865843696004
33.0,46.0,1001.2658081054688,-0.7104997384920901,0.3596588404183345,3.7794733760584514,-1.2588844196111393,-0.1660330495174209,1.2522334800608848,1.3338268483716895,-0.6168344081280299,0.1485823121928717,-2.395766716096822
33.0,46.0,1001.7059326171876,-0.4907044171913881,0.52745725829128,3.655836254134981,-0.8112635579788492,-0.2562024840318821,1.1494554874090124,1.075176603274885,-0.6552195289036993,0.2268698265432522,-2.2577730349434684
33.0,46.0,1003.0107421875,-0.6684184052892563,0.3932748494956994,3.8740922729710174,-0.7282798879179992,-0.18132122874405,1.258791217361833,1.176665832868416,-0.7905157301182228,0.1935046822831809,-2.752661699389988
33.0,46.0,1002.9603271484376,-0.7378755147533553,0.2987695878477989,4.076956905398706,-1.0263890419148507,0.0625060959193284,1.325958299470252,1.1546852602548396,-0.5735315947499657,-0.1013305260542303,-2.71676479830591
33.0,46.0,1008.9533081054688,-0.7095014519028116,0.4821516309591018,3.913410536222772,-1.189540290207249,-0.1483183285107827,1.1723485842976131,1.598256623754977,-0.5989839287063816,-0.1470970790386525,-3.079749081174496
33.0,46.0,1003.2261962890624,-0.8123512375985911,0.4563081990738116,4.067136973301526,-0.9752287120087688,-0.0740254831287483,1.262345612960834,0.9011657548403972,-0.768250453784038,0.2940912230188335,-2.720480770005315
33.0,46.0,1001.4920654296876,-0.5583838015291569,0.3675170934350378,3.982115805765357,-1.4211217335026922,0.001886379240136,1.0911383462859492,1.2809033827602487,-0.6632321723089563,0.110914766476899,-2.415012682678775
33.0,46.0,1001.9142456054688,-0.2567589474042222,0.3518634074940987,3.8436999931898335,-0.9156819764536142,-0.3507697093263484,1.1508816345353683,1.1872589825094888,-0.5485081258647924,0.1111000360499323,-2.307299936088316
33.0,46.0,1001.3975830078124,-0.6232021140866904,0.0152381575719235,4.155817348192523,-1.0899333350877272,0.0134889451473041,1.5122331268088374,1.008054334954239,-0.5777155806273564,0.0723304249011089,-2.8024974468725774
33.0,46.0,1001.9486694335938,-0.7130489359272154,0.3522671502096708,3.948630770947906,-0.9060022932664192,-0.1468174591468107,1.3485214368392544,1.1190281267512583,-0.7483703215477329,0.119528885705006,-2.735194492960745
33.0,46.0,1003.2161865234376,-0.5478071972916574,-0.0008845953636358,4.256054142021641,-1.539543965512324,-0.0749872914491085,1.167263888039944,1.4246348066151393,-0.4622918226136594,0.0351691743169411,-2.7432008496980065
33.0,46.0,1011.956298828125,-0.5665651070568343,0.195370646211356,3.855779327243491,-0.6680081152311166,-0.1364734021946052,1.427162438149555,0.9072069028170846,-0.3939376836141912,0.4477534658013562,-2.4901715517115224
33.0,46.0,1000.822265625,-0.6178686081577371,0.3159697670458348,3.997329682754208,-1.2113447076304729,-0.0962294633220315,1.1789941134562838,1.2902036076542274,-0.6342827590615565,-0.0259923655322307,-2.5888037511939967
33.0,46.0,1004.5909423828124,-0.5591795748507931,0.1486587583049692,4.073417345177619,-1.1500301601866214,-0.3871322122944338,1.340053525170438,1.5227799231672243,-0.7180963249056225,0.0875871912176498,-2.2646702555313403
33.0,46.0,1003.793212890625,-0.3879164478957477,0.2906298337512911,4.308913501865501,-1.5138162350572628,-0.1942050994307651,1.2213821708876216,1.6162663979161458,-0.8124738876603557,0.4046365935444109,-2.3957807105862456
33.0,46.0,1003.1934814453124,-0.7430391789416078,0.4045518864195205,3.9373942208980175,-0.8829921529719034,0.0076591480408358,1.3078240335691538,0.6874494342896842,-0.688570173036255,0.0754524821408209,-2.704850509280881
33.0,46.0,1001.793212890625,-0.7095826826997076,0.2214740474296626,3.733509340093296,-1.1373184293419176,-0.0375400467644446,1.452325772697117,1.21961410909514,-0.4049737551890437,-0.0318097390628047,-2.776649389747575
33.0,46.0,1002.7737426757812,-0.8111175829674302,0.3375331946645152,3.667018506983714,-1.1448788681068818,-0.08885237590074,1.4869261426313685,1.1588678724641976,-0.7631095316987544,-0.052003984321205,-2.289473477894499
33.0,46.0,1002.9508056640624,-0.7047628132136534,0.2844088160987779,4.013078829631702,-1.5449939899712972,0.1072012865061866,1.2536732201909049,1.2268794981404154,-0.7300029377717827,0.2435952921324427,-2.341983734416472
33.0,46.0,1004.46044921875,-0.6098600085163479,0.5299128607818515,3.6894538857567287,-0.6897538292680983,-0.2610687276885866,1.2548104332479468,1.0272591731353762,-0.7701437718535038,0.301436925284011,-2.296495755576645
33.0,46.0,1003.7888793945312,-0.8663743474640313,0.5647838792631186,3.668539972783,-1.3018656949744107,-0.1020713410547404,0.9297076575627088,1.1994492364981468,-0.5538808242034889,-0.1992544932963298,-2.647461924338515
33.0,46.0,1005.4229125976562,-0.5689315380759634,0.3095174121900657,3.363998349908922,-1.164998183289053,-0.0501565972480833,1.395981505220547,1.2155918113143285,-0.4748978307390388,-0.311618558120549,-2.1926558008791366
33.0,46.0,1001.4088745117188,-0.6913635605364137,0.3395421185118819,3.865066825726189,-1.2339970542861334,-0.1649092373921323,1.0919136286977924,1.4602726003192537,-0.35219973173065,0.0257230024957708,-2.6318524687855254
33.0,46.0,1006.7822265625,-0.8821109347634479,0.1269142572032864,3.883920709118385,-1.2904651233783553,0.1085124618143869,1.551740011982413,1.323721922876139,-0.4712718498459693,-0.3871728376860721,-2.509004296611455
33.0,46.0,1002.9270629882812,-0.6345576440428111,0.3948949306698948,3.6944975578627774,-0.9572279452973866,0.0542960297410957,1.2389001973933444,1.108223461555598,-0.5469372497830491,-0.3830247086628109,-2.4506632481126123
33.0,46.0,1002.9096069335938,-0.3862055961030952,0.1811613231198894,4.5095361447111735,-1.367683819159335,0.0237642359981817,1.262446351680067,1.187314196560986,-0.5909626523642979,0.4072178178960488,-2.7545060554344114
33.0,46.0,1007.02001953125,-0.8390704249670726,0.2024075144964685,3.767215025129588,-1.40283819750446,0.029194074330654,1.3329648106927865,0.8939160330298721,-0.767004755908534,-0.1333517195788616,-2.3391728047883538
33.0,46.0,1003.0814208984376,-0.7213450552195324,0.233617606123289,4.083713621885398,-1.157058854753573,0.165016561556504,1.3931649570342275,0.9957751167414431,-0.6164412129786792,0.1571011656405039,-2.786821146788049
33.0,46.0,1004.1263427734376,-0.9563057785197816,0.327141654810692,4.137856095084612,-1.3913028210312213,0.2559965924468308,1.3173425801748584,0.9957721927242053,-0.6191766741309497,0.0261159989281125,-3.019703654634338
33.0,46.0,1001.7767333984376,-0.4194391688978687,0.3156947411528952,4.055909834219518,-1.085871955208412,-0.210006162066537,1.1503647308874596,1.1195162399065373,-0.735919704362229,0.2373501710886003,-2.6230819192869155
33.0,46.0,1001.0869750976562,-0.5476860965914456,0.2657770961752916,4.133509163152722,-1.0300907074737715,-0.1055781289425263,1.247219452434459,1.2686187365966557,-0.7157151775194661,0.2149649718829671,-2.491332620427269
33.0,46.0,1001.9827880859376,-0.7363970592230622,0.4950596281586792,3.898317510216305,-1.1699034798849262,-0.1430313540256245,0.941654309826376,1.47557868013907,-0.3867470762139477,0.3096802095297466,-2.5742077546832003
33.0,47.0,1004.0535278320312,-0.2845724335333113,0.1939104721942239,4.186876629120434,-1.409777242905379,-0.0663765255166071,1.2709184934677111,1.532514646873575,-0.6339596692363338,0.4372804704207178,-2.487901488060137
33.0,47.0,1001.6632690429688,-0.6369442381988,0.5912095651281799,3.502340868742282,-1.1598093111605006,-0.2168022914729102,1.0357804194397966,1.3867225141875466,-0.378571297664906,-0.2047742748476579,-2.4041222156776825
33.0,47.0,1002.531005859375,-0.6076273383799959,0.4378393473715309,3.89027425508522,-1.2309690499488697,-0.2344855873787059,0.9450549022790656,1.133768171867752,-0.616735891446373,0.1331597055211508,-2.384300684420248
33.0,47.0,1002.4481201171876,-0.7921982316020717,0.4042698980604564,3.644153260514001,-1.353094542421804,-0.1860060949092021,1.0254353561640848,1.4252746388602455,-0.4252359865593114,-0.0620109567003188,-2.353083376745812
33.0,47.0,1001.975341796875,-0.4601070590170488,0.3683638162015912,4.382663152201619,-1.3376070736920145,-0.2602581669525188,0.9999732932625705,1.4721237327484855,-0.6692626194314606,0.3169574693943602,-2.692879436298764
33.0,47.0,1002.8075561523438,-0.8753523877862941,0.2253288698173818,4.235504712867012,-1.6647730093901094,0.0857927629210095,1.199408537219365,1.3817788329744616,-0.8213210823955821,0.0809093704152674,-2.6290575850471334
33.0,47.0,1004.6690063476562,-1.0341654524785504,0.3075080988794436,3.748169494738036,-0.9427127562499268,-0.1423259063588382,1.2128230644117286,0.972026451842904,-0.7286914557350244,-0.041039693102495,-2.354463811917571
33.0,47.0,1001.7815551757812,-0.5966070164699966,0.3854165788705863,4.270894136860031,-1.2225606800150397,-0.1545055690703565,1.1259142202618395,1.4331264614712491,-0.6676595523116973,0.4388664723620206,-2.823933164966779
33.0,47.0,1000.8743286132812,-0.7114889395345445,0.2940289272395606,4.208851326732404,-1.126901201266274,-0.1295560030421088,1.1471572479598109,1.4129272138269044,-0.6502552465144591,0.2664091490674494,-2.5680937708921494
33.0,47.0,1001.0123291015624,-0.6747431517263855,0.2286256158558295,3.8939092041850127,-1.1843912244271588,-0.0072794742981781,1.263415161882059,1.1710221858044534,-0.6512748296133575,0.0871526209621,-2.4842078412760764
33.0,47.0,1005.0145874023438,-0.7766269216054669,0.3771311668934416,4.026731334407925,-0.8869260727135035,-0.1835391955040224,1.2514363120570469,0.7721935183062048,-0.7808479362246876,0.0793521724685799,-2.764935406098029
33.0,47.0,1001.1650390625,-0.603848474991941,0.4640859480541701,3.963363619533977,-1.2634158074230897,-0.2739820553113192,1.1379308608632757,1.6783898774120214,-0.6985262455111716,0.184756348675501,-2.21822345598621
33.0,47.0,1005.1500854492188,-0.8735579035575682,0.1844296477662226,3.865674043285367,-1.2422284533773578,0.0230946710318589,1.3366361031305445,1.154489053862858,-0.5827971359853121,-0.3755024450438622,-2.950301529092276
33.0,47.0,1002.7212524414062,-0.8289664402575809,0.3329147169364743,4.028748802671741,-1.1124842322278856,-0.1443990659754952,1.1924374953226504,1.21973039270046,-0.4829369701771071,0.1288905370687327,-2.814804417994572
33.0,47.0,1003.99755859375,-0.671498903326885,0.3671094998497324,3.816107232111781,-1.1561842652292251,-0.1183775223112073,1.098750685327456,1.017962870027694,-0.4366153318489871,-0.1016197497746906,-2.45736808043414
33.0,47.0,1002.4885864257812,-0.3799011290549341,0.3483034291571982,3.9048042172231625,-1.2849538898413089,-0.1402096138018072,1.1281794025571932,1.2304137670298898,-0.6414556373189146,0.0472953015394281,-2.550609311486953
33.0,47.0,1001.466796875,-0.5262539212159716,0.1576468714227505,4.082781069939902,-0.9982256475579678,-0.2602573067341591,1.3303594443103748,1.3694112749692735,-0.5702503470197655,0.0981648544762272,-2.575849938230745
33.0,47.0,1001.8250732421876,-0.952982025005972,0.3650464804981821,3.964012337214415,-1.1939175136450508,-0.1529771219297613,1.0424147771494274,1.2460242692694798,-0.6022730404694299,0.0483611092987761,-2.663208946296958
33.0,47.0,1002.6475830078124,-0.8478790137532659,0.4415362887132268,3.669983969085989,-1.3961675017243065,0.0691111712019001,1.1087007677229463,1.0491576306375876,-0.6734099684418169,-0.1084531537562449,-2.5663839736646707
33.0,47.0,1002.5350952148438,-0.624659125719905,0.6177260262124218,3.5097944776246663,-0.9234083251267836,-0.2485469884935822,1.1544377925089329,1.319358849789655,-0.4789125618264407,-0.2535437119733972,-2.2346054354783487
33.0,47.0,1001.6456298828124,-0.7153425810369543,0.2102975557633781,3.97795129972716,-1.696410287062069,0.0155796255808002,1.1982450209300222,1.5993388631081018,-0.4447501259612014,0.1086202238502735,-2.559935795862531
33.0,47.0,1004.67138671875,-0.4711493881895547,0.1658174686528291,4.235077736754683,-1.6323012993044594,0.033732053449067,1.3051136306280071,1.4454798364774015,-0.8536544076702155,0.265744381158596,-2.686311923165927
33.0,47.0,1001.8350219726562,-0.5601001147843494,0.1257512053081839,3.762624781206842,-1.040858484998901,0.0186349427029881,1.32054571046155,0.8663126838574806,-0.637526017561596,0.002735903949592,-2.496591291342884
33.0,47.0,1003.218505859375,-0.6547876180982772,0.0459436946160689,4.187884592057777,-1.5514406732651669,-0.0008813089548347,1.2088823175011862,1.3841882889557755,-0.3067449292684525,-0.0109160913598955,-2.7199048977009035
33.0,47.0,1002.4353637695312,-0.6700996764610938,0.2614422630034143,4.188271715274777,-1.023770330137752,-0.2037284915471922,1.2446968176412474,1.3209930953699098,-0.561631084899461,0.4897664754012885,-2.622999297840692
33.0,47.0,1001.380126953125,-0.6451131870585423,0.4180731056065569,3.881731521716421,-1.1988430678929092,-0.1730392806659777,1.1136410888466184,1.3232266371840398,-0.4232599848833001,0.0009531892741101,-2.6085846924164446
33.0,47.0,1002.512451171875,-0.5312792638540769,0.2806304889127577,3.96754461375118,-0.8163170353117719,-0.1300955855547165,1.4049454257712082,0.776118369093699,-0.7681220068876131,0.370802301286572,-2.512641407402176
33.0,47.0,1001.4197387695312,-0.5253579745452193,0.4399886118115681,3.9296542045244,-1.1924575540301543,-0.2099611607347737,1.1819113082820998,1.630325564486065,-0.5226534727274332,0.0290988944538197,-2.619452341939938
33.0,47.0,1002.9696044921876,-0.5678054311615437,0.3135021319388613,3.978416090868441,-1.1445487040687126,-0.3567403357837442,1.1197160138076248,1.5300480147501665,-0.7038950894975349,0.3389417176300213,-2.048374648490112
33.0,47.0,1001.3923950195312,-0.4742442885582161,0.4827626389043171,3.9284015327724617,-1.3668167356622771,-0.1194134545561507,0.8924667272275677,1.448326845738884,-0.7265442497241095,0.2683337365414946,-2.4256855025854165
33.0,47.0,1001.6807250976562,-0.7670538279703027,0.3990366527644813,3.872935590747524,-0.8246456288735304,-0.0268587522229566,1.2591630568422936,0.7520208170516716,-0.7840499847101432,-0.1907462741540291,-2.781984387001578
33.0,47.0,1001.5852661132812,-0.5488232194541487,0.348288173323855,3.836974206748327,-1.1495694063036552,-0.1744914132387522,1.2358204112472713,1.3091505221428594,-0.6362282995657793,-0.2043011599846478,-2.3574542731691297
33.0,47.0,1001.7162475585938,-0.4873768524287811,0.6022412519925524,4.0252884006259,-0.8408883834351863,-0.0834138601172043,1.0509708842647711,1.0851513707382263,-0.6869816019801425,0.1866514135483479,-2.5610542602442234
33.0,47.0,1001.7145385742188,-0.626952786419988,0.4818294719024276,4.287430055680753,-1.406419387841098,-0.1113657454186247,1.099749222293923,1.7804984555994396,-0.8216950831242826,0.2780694646281549,-2.719106458673404
33.0,47.0,1001.4920043945312,-0.6654725420088994,0.1982174947365989,4.031408881105449,-1.0983410913702945,-0.1006380409532141,1.2188994664460404,1.1517509853508523,-0.6336158666350791,-0.0978689256425502,-2.7221026355003843
33.0,47.0,1002.9874877929688,-0.797844848665437,0.3081073345458263,4.042725593738181,-1.234354636265587,0.0323358973602818,1.0683919054793147,1.2422705115956614,-0.5265012133139138,0.2777467866470431,-2.649468694652082
33.0,47.0,1004.2285766601562,-0.5361854603589267,0.2385968495134776,3.80880285428281,-1.2826323535927466,0.0960703929173441,1.226754175062286,1.086000980485383,-0.5068035300400044,0.0157374299259913,-2.74823084844553
33.0,47.0,1003.7735595703124,-0.6748542413291112,0.1406739896757294,3.90540907472114,-0.9684194921057996,0.1175280951852713,1.4859771960220272,0.4947888199829542,-0.7123748827368113,-0.023130691102887,-2.679346539497943
33.0,47.0,1004.78515625,-0.5078818041016886,0.1523919147878398,4.09839420635474,-0.7204906248305329,-0.1428958844860819,1.2990018797687668,0.9548217978124872,-0.6805244053983666,0.5274649455198137,-2.443160547708118
33.0,47.0,1003.0438842773438,-0.5918214999297193,0.4612633677568079,3.880835786743232,-1.186742324274288,-0.335585471222811,1.057987195486831,1.657038892035061,-0.6502087597154098,0.1731433285830439,-2.57204284999219
33.0,47.0,1006.896240234375,-0.4850739140965991,0.5237397897665819,3.9855717995410487,-1.812114339154648,-0.0940585682054537,1.063190051322314,2.0425762479554663,-0.5864046534659995,0.1412550797160348,-2.3726817176173585
33.0,47.0,1002.1541748046876,-0.6039337200326376,0.4954927672085176,4.139317086176924,-1.043085634753008,-0.1464446935366483,0.979080475944972,1.4772575676450472,-0.4806603222224686,0.1325391677948335,-2.815234424071168
33.0,47.0,1004.26953125,-0.899092856101027,0.2959805149229888,4.083296534946555,-1.6579904781428878,0.1530331696827191,1.2008400292879546,1.444427547574736,-0.3989283869349345,-0.2166964637408028,-2.8699719239001977
33.0,47.0,1001.2877807617188,-0.7560925406428183,0.5739739148867127,4.145836925879372,-1.478259025252938,0.0083369249374785,1.07015639207847,1.586112138213684,-0.5893022427596435,-0.0273729891044967,-2.72322069879286
33.0,47.0,1001.5319213867188,-0.7206353591202017,0.4112273948802647,4.0154427118377445,-1.0689820182170795,-0.0599708310355726,1.3398616572511504,1.1623015454394006,-0.7138728303053536,0.0957740138508675,-2.798070113559445
33.0,47.0,1008.1572875976562,-0.6745067221086636,0.3691286106423046,3.4831965648081784,-1.140461707616676,-0.3335595411601613,1.284904833803414,1.5408183230492265,-0.553175647015415,0.203009075382119,-2.1351378904854004
33.0,47.0,1005.321533203125,-0.4713895162787249,0.0082153542728447,4.210416087467523,-1.5441622704104194,0.0730833487818554,1.4545849255112442,1.2384255995219515,-0.5875276570946193,0.3507499761171395,-2.731268090650136
33.0,47.0,1000.9349365234376,-0.5607033140735371,0.3202792930478635,4.1982976051249725,-1.30047218330477,-0.0561706390687524,1.1862521669880757,1.4074496030656434,-0.8015399479135503,0.257398649630522,-2.656524514644035
33.0,47.0,1004.1099853515624,-0.8040175587598553,0.4655606169457291,4.001838125875434,-1.2847216166460609,-0.143395440633844,1.1815168460056604,1.494586981115579,-0.5493461310588792,0.1681003108854506,-2.542419216178973
33.0,47.0,1001.5089721679688,-0.573072084642062,0.0867219591281198,3.9422853668816327,-1.1474677452537692,0.00416507982509,1.293069307812984,0.9378279886721196,-0.6522770408086105,0.1468983061081026,-2.3657072426969865
33.0,48.0,1001.38720703125,-0.5011160403217048,0.3647810762833892,3.999192516329673,-1.4347463234418258,-0.0608934008611639,1.1229582217484415,1.481415368427803,-0.4642076728737168,-0.0030517433797419,-2.662199843596251
33.0,48.0,1001.3026123046876,-0.5895346554040266,0.2928016381877665,3.9857355603422526,-1.060043435714829,-0.1077872493733735,1.1611601790902224,1.3141961198414256,-0.7809914806255929,0.0497716015185654,-2.4128314091652783
33.0,48.0,1003.3394775390624,-0.7535798626816863,0.1917782361418885,3.8298867191705934,-1.1636274694708568,0.2041357845441052,1.404332926479814,0.934835602620094,-0.7494964397341626,0.0977783360323405,-2.629304843425563
33.0,48.0,1001.6409301757812,-0.5599817910110456,0.2270956867013307,3.991790161996736,-1.378458634395713,-0.1569480838243695,1.208742987403454,1.6190361459836753,-0.3675973493705609,0.3541071504755297,-2.4794060559392843
33.0,48.0,1000.2186279296876,-0.6273559065240706,0.4487667696878974,3.9377608063763088,-1.3044364786445255,-0.1280537919085853,1.002502141722469,1.5619849575666451,-0.5290051435008802,0.2169357865619412,-2.4729830889879327
33.0,48.0,1001.089599609375,-0.7219509192952511,0.3154383894964763,4.09788686836341,-1.0372800598578085,-0.0098171478884658,1.155304441095172,1.146272196887164,-0.6607580329772658,0.2757620545905315,-2.6645279697708704
33.0,48.0,1003.8444213867188,-0.6258567728249362,0.0573247511251278,4.205530910188681,-1.802168458505733,0.0758983419063898,1.1336759141147033,1.7427774138756256,-0.6677793166908579,0.4044673356412147,-2.3743398656138446
33.0,48.0,1004.0403442382812,-0.381168746256896,0.3600017303165082,4.180068845144211,-1.573009194715028,-0.1747642842373311,0.8783527722983937,1.6256984964749588,-0.702816763378574,0.2584043694184155,-2.16224407588141
33.0,48.0,1003.540771484375,-0.7674568980739602,0.3821264175329535,4.056754180682926,-1.1622346231567755,-0.1919923073964913,1.119057813909226,1.4918597161846066,-0.5594887993214641,0.2253722142370753,-2.866281350595629
33.0,48.0,1001.2941284179688,-0.473519058348562,0.365151958835062,3.914678298765352,-1.1338134124541457,-0.2165921998944169,1.059530341357099,1.2267590640297907,-0.645244858211683,0.2053972228119596,-2.121059590725495
33.0,48.0,1004.9423217773438,-0.863929547945526,0.3389318313550227,4.232382971134946,-0.8442656847071275,-0.0111612335810624,1.4916241491136306,1.0433194990713517,-0.6901153799815765,0.0317929609379366,-2.867524415179748
33.0,48.0,1001.0829467773438,-0.7922223208185466,0.5513770458691241,3.878813714618087,-1.1818798953746317,-0.0971756246617623,1.0100842951594409,1.1458868113615974,-0.7302282405621625,0.1247137585256084,-2.513232278017126
33.0,48.0,1003.9929809570312,-0.4267984550026957,0.2833304254176072,3.925932813618671,-1.3860463380536323,0.0179636587555958,1.1962042816331122,1.54120516112362,-0.5356125394400486,-0.067523255121662,-2.3934538117436706
33.0,48.0,1003.7447509765624,-0.7329073097847365,0.4972244245952772,3.680681916135207,-1.1297499650049554,-0.2712960304066172,1.087533062540631,1.3785441612823002,-0.5441994248934865,-0.1523421262507298,-2.663093794160811
33.0,48.0,1001.4729614257812,-0.7317510031190935,0.2567732612282398,4.3819489867980295,-1.2278227399084811,-0.1090642003954114,1.0860305026431405,1.406069539768997,-0.5940036676960183,0.2243172072539643,-2.532243933444269
33.0,48.0,1006.4039306640624,-0.3017208867677476,0.5873421932565321,3.497990655662436,-1.25646514032322,-0.4603470622536818,1.0133404212324653,1.8704373483838204,-0.527402557714634,-0.258301120966208,-2.06182734098352
33.0,48.0,1001.3594970703124,-0.5818357185606162,0.4536593672526026,3.6887674417647993,-1.1256963034394607,-0.1756676734270792,0.9862277670526618,1.2992962874920808,-0.4588039602502034,-0.1347007605201238,-2.5870559332488483
33.0,48.0,1001.384033203125,-0.6485598481421553,0.3604133848542439,3.822488053253343,-1.0849584476677698,-0.0391364085021788,1.313277113784611,1.2051811357384503,-0.4991393107358375,-0.0469451693256033,-2.8147634012595657
33.0,48.0,1001.0217895507812,-0.6823280027186476,0.5043814586012818,3.7512002263965023,-1.464925767149896,-0.0601851951234007,0.99982977093143,1.448376950584339,-0.4943473667830131,-0.1218695737423587,-2.5700791623863606
33.0,48.0,1000.9219970703124,-0.4545329592643314,0.3206010792186786,3.791287641392458,-1.1613460462223806,-0.2203985805825077,1.253889975789411,1.462361858858257,-0.6629450468029559,-0.0318545351696775,-2.3015266828777903
33.0,48.0,1001.7066650390624,-0.7244843911708356,0.5104703059369351,3.989939128016145,-1.2122647786686145,0.0759634627002983,1.1185286134814456,1.1856192877833385,-0.6308740285170051,0.0362896385503397,-3.0308517820235226
33.0,48.0,1000.6661376953124,-0.5735859928428875,0.3744384293459246,3.883748108472553,-0.9118770420522287,-0.1854206573523189,1.1662121109284491,1.0803536035547756,-0.6352568855025362,0.2264549322714169,-2.5880219298708687
33.0,48.0,1001.4277954101562,-0.6074116926566928,0.1440019683944591,3.990290614834038,-1.2463778326627506,-0.0220241062333474,1.3524670282961502,1.1265929556357823,-0.697405099861486,-0.0847411131556858,-2.556992857634708
33.0,48.0,1001.4599609375,-0.5507196637747835,0.4977405775762369,3.76122290488955,-1.1845047925276315,-0.1471710113597488,1.2031842510372917,1.535890503715958,-0.643374356392103,0.0728329203572899,-2.411793080423068
33.0,48.0,1003.5133666992188,-0.7827033786670858,0.3776719061537292,4.066523165371217,-1.4970288129979292,-0.015791560008175,1.1250995593071984,1.6377261407466968,-0.5850539782651403,0.2752781912415258,-2.673969574681023
33.0,48.0,1005.644775390625,-0.4995305107201258,0.3374040464254237,3.5464240997515475,-1.0361483924767945,-0.343473341516237,1.4685019127840206,1.5511524605514122,-0.4994854570982356,-0.0634476579406335,-2.342010726473473
33.0,48.0,1004.7098388671876,-0.4087236484275944,0.2609837107535764,4.01809073562794,-1.3768232554862978,-0.1821968966732754,1.305402338502776,1.763485632403448,-0.4830065492436315,0.3396975465789111,-2.406475854085187
33.0,48.0,1001.2349243164062,-0.6425041617212539,0.1537771334686466,4.175280585891185,-1.1909068736274273,-0.1281006707803982,1.319488231589653,1.2291360909134743,-0.6795949192468411,0.1910454229670319,-2.701994475941444
33.0,48.0,1003.9427490234376,-0.9192975225239106,0.333526889783128,3.7267897370245135,-1.086056692312951,-0.0463249048615725,1.392775786894093,0.99224772584658,-0.8987088278549118,-0.1167395175056267,-2.579333705959248
33.0,48.0,1001.3028564453124,-0.631498781259773,0.5620491614592691,4.217674955571432,-1.4896973750796143,-0.2112820722522066,0.895616928941994,1.8777984864460056,-0.5004603318528398,0.1932259359240697,-2.553379125758955
33.0,48.0,1002.4840087890624,-0.7205184101767337,0.1995365046704407,4.421137822002203,-1.2900043933193857,-0.1220803197034428,1.118204676021552,1.2042430541914977,-0.7480238428514507,0.0975021709146375,-2.8494585628586555
33.0,48.0,1001.1112670898438,-0.4987533382530991,0.4139967146785874,3.99162811386425,-1.214277669607828,-0.1041160467955997,1.1586508241128746,1.5856097800583768,-0.5979305456754993,0.1789103968715233,-2.4258350502299244
33.0,48.0,1003.840087890625,-0.7010261298846592,0.3966741719503321,3.825323124014501,-1.247214851645687,-0.300610975591419,1.0133907549893095,1.607159127721058,-0.3990162512280397,0.0752430277393898,-2.461763470819162
33.0,48.0,1003.2008666992188,-0.7336364575880197,0.4855299851424624,3.983734849905512,-1.4757762927870504,-0.1271488667379712,1.2412865300925748,1.9151379590561728,-0.5400496710365026,0.0659506324492733,-2.494548015374124
33.0,48.0,1006.5823974609376,-0.660731137681795,0.6025328589506884,3.549744798543152,-1.078638989181298,-0.2525352967600955,0.9914047187601724,1.170786542073956,-0.4888892254644652,0.0962793706501861,-2.7106931273333794
33.0,48.0,1001.9713134765624,-0.6174367217799315,0.3083361151388626,3.850226871006216,-1.1720500262477334,-0.0205386657324559,1.3189086360566735,1.3151456597931066,-0.5728333606453706,-0.2154115475188716,-2.90414907997294
33.0,48.0,1002.0694580078124,-0.5161471882310069,0.4078894631783818,4.001143900993515,-1.6437034220663325,-0.193149246788689,0.9248408084426094,1.9076567568511704,-0.4867904397588418,0.1957070370510729,-2.3012175637020333
33.0,48.0,1001.3234252929688,-0.5389394165352321,0.3724124392652452,3.967935177319221,-1.4684378908099789,-0.2721881239655808,0.9557168611153468,2.0217857751511623,-0.6933508166957632,0.3370654521425695,-1.903192856513588
33.0,48.0,1002.748046875,-0.574846304498414,0.6715889883734594,3.848596936393916,-1.2734603697082587,-0.2035865164348713,1.0470269762134006,1.5032145789584153,-0.667582329360533,0.0565595657154975,-2.304968263495277
33.0,48.0,1001.7529296875,-0.8757203997186895,0.4457516213260684,3.73544620151762,-1.1759679322874623,-0.1211945981552409,1.211147816937899,1.2551495930708896,-0.7172469292488612,0.0869505084399291,-2.2583922428320675
33.0,48.0,1002.381103515625,-0.5835037897699378,0.4781408874699373,3.943629084363817,-1.3813356438243551,-0.3605708238476444,1.007238678947134,1.9998140357412293,-0.5028117359920303,0.332219711398646,-2.29110283239691
33.0,48.0,1003.5872192382812,-0.7979581243344587,0.4491228666205593,4.176113932293804,-1.241311210313596,-0.0061188036703612,1.024464591550876,1.1814610506494123,-0.6110993228722696,0.4086446771848155,-2.9836044940482203
33.0,48.0,1002.615966796875,-0.7514567260869356,0.3075557721826394,3.8334641719006814,-0.824010576192439,-0.1981215133288403,1.428954394570141,1.1988235155159934,-0.7624385388767188,0.0780713378580184,-2.4533661278427257
33.0,48.0,1000.7141723632812,-0.7353892211176998,0.3170979107259875,4.013223549491407,-0.9627662561264668,0.0307454963684037,1.3282157967724697,1.0120413383363536,-0.7488272352833221,0.0924764051935902,-2.737799973741014
33.0,48.0,1001.3564453125,-0.4429730169009467,0.2932118668717862,3.919750392463053,-1.2459159575788714,-0.1502280573177516,1.1936229048902067,1.3987859431384662,-0.596900623716091,5.160550210270287e-06,-2.660534593594818
33.0,48.0,1002.5099487304688,-0.8398406480946159,0.3645167275253183,4.153278015047977,-1.4500142763516175,-0.0960925962261551,1.0911585538699056,1.3840217349635644,-0.6929185583895308,0.2682660629863758,-2.5453176402441766
33.0,48.0,1003.6876831054688,-0.77870220886585,0.6587803979586404,4.1377683960926674,-1.581515961923457,0.2333938692138071,1.0628093256480442,1.4930715426172387,-0.936044765495617,0.2195126839618577,-2.643326844395216
33.0,48.0,1004.8311767578124,-0.90728156531907,0.2713573393778876,3.890377925835786,-1.353401015590174,0.0115097183686607,1.4059722717688905,1.2357529636306177,-0.8109705576069608,0.0007634280947632,-2.6399875942812554
33.0,48.0,1002.5731201171876,-0.6760502464345404,0.5189354353034448,4.220712833195417,-1.3299008683980196,-0.1542827249394891,1.1446470344679858,1.7116439051042107,-0.9293330625876876,-0.016852201997116,-2.589838751552283
33.0,48.0,1001.1022338867188,-0.6372506314258395,0.4611506920381139,3.8826052097684745,-1.5696237727494775,0.0266209422274652,1.0972070071609554,1.6194053235469674,-0.5163279589407619,-0.1875650628848939,-2.591527440549035
33.0,49.0,1001.7898559570312,-0.6344772804256156,0.2979571235106748,3.916638200372645,-1.66953891971533,0.0945436994619779,1.1252560435548986,1.4202474577328958,-0.5166652714999911,-0.036773447704542,-2.6531808698554373
33.0,49.0,1001.8325805664062,-0.5689383670498307,0.3810639917061866,4.054985144579499,-1.4363238865943757,-0.1822090449616151,0.9395636749483672,1.6403158152984574,-0.5922665671854741,0.2265639686226457,-2.5379514470703066
33.0,49.0,1002.4041748046876,-0.626144373234176,0.4650690973884526,3.806598556700621,-1.2424022846665577,-0.1416263421869423,1.0030369833611363,1.584753899196473,-0.706868073214932,0.2113751234446867,-2.45360449875671
33.0,49.0,1001.1167602539062,-0.6414896123117337,0.4087581516152845,4.091317538910346,-1.3219489217763831,-0.1452125135092909,1.063459123517899,1.4997851180665176,-0.5520187360065636,0.22914042442296,-2.7254995839795826
33.0,49.0,1001.090087890625,-0.4759890286134114,0.4116430439340481,3.6012049099330508,-0.9937373761935832,-0.1787609887974985,1.2506794594618418,1.208911985018876,-0.6696366816570283,0.1725187268774144,-2.2556603222725813
33.0,49.0,1000.975341796875,-0.5149573522585689,0.2736614400686532,4.02798476041607,-1.0385361594195337,-0.232816427924277,1.2963421017086674,1.21433712544035,-0.634225458782752,0.0665711941890272,-2.4335155051962354
33.0,49.0,1000.9611206054688,-0.65676170648275,0.45256726141894,4.21227998452127,-1.0251988491570652,-0.0981652081934569,1.0999267061446902,1.3074017679003989,-0.8771704036634462,0.3940928760938593,-2.662285945088387
33.0,49.0,1003.2029418945312,-0.4772782129794342,0.2115085180097722,4.001311025753408,-0.9843866247877332,-0.0459553439125635,1.3317494765909652,0.98610715754144,-0.82587844949997,0.1126717653795434,-2.4926722919740647
33.0,49.0,1003.5930786132812,-0.7247522650404994,0.4208488428054346,3.908089461574484,-0.9424154674144152,-0.1576626694278822,1.0956504903043696,1.3551214475316362,-0.5551882402778467,0.1120831866149512,-2.9246012386642946
33.0,49.0,1002.0648803710938,-0.4551780315748237,0.2025084901925486,4.0523255247644645,-1.106826127275185,-0.0734383769688893,1.2970944417023889,1.2436890821455728,-0.8141324722749408,0.1646199640069685,-2.580793287537949
33.0,49.0,1000.3761596679688,-0.7236493815708638,0.515435346869598,4.043783742586326,-1.1678033595009625,-0.056821277103717,1.0230751339553157,1.2987419399923097,-0.6530473181861183,0.0945021607099345,-2.7711582140819164
33.0,49.0,1001.997314453125,-0.7401079021621406,0.4861660973836512,4.006087882224172,-1.0782179594193804,0.0270553348188995,1.0875698027807503,1.1704443852266175,-0.5272391160614553,0.3012988556525098,-2.90770684390312
33.0,49.0,1005.979736328125,-0.3825251432052621,0.27319229535507,4.294451998174395,-1.824725725201696,-0.0183230299694949,1.0935040419127589,1.999710180866532,-0.6883553116605308,0.1560211760649679,-2.461627734983885
33.0,49.0,1002.8494262695312,-0.7761011109597575,0.3010301435055984,4.283962045356821,-1.2159056139965871,-0.0473991613564663,1.2207488006069245,1.055863134190127,-0.9266481887104492,0.3568656205168752,-2.628815940329386
33.0,49.0,1000.1617431640624,-0.5938693851253287,0.3567605655493411,3.8669259968777774,-1.092770025635918,-0.1620207308000383,1.1208434408310328,1.2907325115690993,-0.5235846103557771,0.2229961879391293,-2.5334660737503447
33.0,49.0,1002.056396484375,-0.3854509374255181,0.1960872856437827,3.928020324115917,-1.0782540617411658,-0.1957997506218873,1.278614266504019,1.1343067312034345,-0.5483445146255974,-0.0738124532631996,-2.4932351612171155
33.0,49.0,1001.8954467773438,-0.504631295360781,0.4988880316199484,3.99149924362286,-1.3889728870550422,-0.0358791849935604,1.018701082204534,1.5071391472618636,-0.5105932721250257,-0.0814605682753075,-2.5974405869689825
33.0,49.0,1000.6450805664062,-0.480559329757348,0.369481427028151,3.827592326060758,-1.0566588652936957,-0.1544847867379477,1.1699538041891957,1.2801201096083652,-0.6888579171119087,0.1245947342998254,-2.391741098395312
33.0,49.0,1001.2653198242188,-0.5869492409130403,0.48681468094059,4.0377158175255285,-0.9953994368650888,-0.0853683692180427,0.9812686290589436,1.1457104715287674,-0.6143507859888757,0.4454513734479342,-2.6265414586920603
33.0,49.0,1001.3812866210938,-0.8029723608943886,0.4343425745723888,3.9421581996520665,-0.8558422250100737,-0.092946507383572,1.1154195028830791,0.8074253667915308,-0.6306936797972638,0.1356923351907522,-2.854296827222488
33.0,49.0,1002.1298217773438,-0.735223512320637,0.5010067555541173,4.12029270123846,-1.0883308724492435,-0.0658487076368228,1.0470347977499417,1.435631043038451,-0.5077885833315703,0.0160355993201886,-2.875120000864169
33.0,49.0,1005.185546875,-0.4534302712017748,0.4183919346581186,3.730580909525255,-1.3628027346732896,-0.1786246450295916,1.1389573669886257,1.563074107427575,-0.5113419295320867,0.1212233949937378,-2.528568802663348
33.0,49.0,1000.6506958007812,-0.5982930996795339,0.1656172603239785,4.038004906352894,-1.2167400956288033,-0.044942358099858,1.2957287337468548,1.1682144513877777,-0.6240012084596422,0.27998430682395,-2.638404823422916
33.0,49.0,1002.6871948242188,-0.7775185885207039,0.6996298475947267,3.626122957721062,-0.9956992413823692,-0.3040073632673055,0.8854640317074569,1.434925408411969,-0.5038817275608745,0.0018096842366288,-2.3194952328701097
33.0,49.0,1002.1244506835938,-0.677527181723109,0.3597609304755984,3.95032855571365,-1.43041385592503,-0.2799732297011248,1.0463134667644542,1.9170854113534648,-0.4684376369197434,0.1015345295545042,-2.102357204791
33.0,49.0,1003.721435546875,-0.6849050047120588,0.2612796356855726,4.082051991482638,-1.753155167154664,0.0531991747995519,1.0526716392757596,1.7028345962973963,-0.5278663470431431,0.0566317453487394,-2.5596184246684954
33.0,49.0,1001.8364868164062,-0.5330967844580794,0.2597832269766087,3.922568236791943,-1.047468355545126,-0.1899539424423126,1.2793739036946246,1.389455321135439,-0.6849862322789937,0.0383510822381802,-2.2737969011673824
33.0,49.0,1001.5191040039062,-0.7055135869573297,0.6287896275939433,3.8028647348701554,-0.7767631031385092,-0.1405573337316248,1.0083717179472664,1.168677459960783,-0.6513040799726797,0.0400263251580268,-2.6721385240120425
33.0,49.0,1001.4244384765624,-0.6618451872485522,0.3917949045028779,3.7119170090830647,-1.2129147597815897,-0.1316246889249672,1.110962667619658,1.3343057782513164,-0.6435489267967736,-0.1073217842981835,-2.3569541060935544
33.0,49.0,1002.5645141601562,-0.451510012457442,0.179292475213634,3.985841362391916,-1.2049364313154194,-0.165970987785907,1.3869469270225014,1.5591164895089182,-0.676574390991636,0.1646019515888586,-2.1628131931853343
33.0,49.0,1001.1409301757812,-0.5435315820037543,0.2006218525955851,4.013980135911272,-0.9277642136018124,-0.1057550537697356,1.295018255589011,1.1579186672314057,-0.6132414810786972,0.1914448007724791,-2.507412062957287
33.0,49.0,1001.0444946289062,-0.6661338870247882,0.4838603487620263,3.850771180746048,-1.132926342750391,-0.1256453031371007,1.0403732550511506,1.173423178685801,-0.7270868760892686,0.0305486412537518,-2.442464784676371
33.0,49.0,1001.3792724609376,-0.6828639527776135,0.2918717847766494,3.871954657643684,-1.0104049856604291,-0.2769677222531337,1.051347576400862,1.2778139684064964,-0.5380943141347148,0.2159637552958724,-2.3352429692649768
33.0,49.0,1002.2650146484376,-0.5639505769179864,0.3731504457057593,3.8937420427674354,-0.977663852428786,-0.0257070819050433,1.3134032959257604,1.2571554103431746,-0.7780197359143486,0.2107465994528725,-2.273605219941872
33.0,49.0,1000.8504638671876,-0.4582740530174973,0.3663282975589377,4.081896656983437,-1.035324703871134,-0.2662554202235299,1.1857946139070723,1.301842621228265,-0.6554907913042172,0.0578759671554864,-2.5619192465323684
33.0,49.0,1000.471923828125,-0.4994172113519539,0.2774099624501449,3.8919775164940553,-0.9498731273663577,-0.1737403080178134,1.1904772360023683,1.0031371028651357,-0.6859531100954133,0.3884668929422963,-2.4147820764878136
33.0,49.0,1001.702880859375,-0.6703028924302643,0.3904713988571444,4.216100687079333,-1.0586239387500989,-0.105592246001632,1.0947375597648756,1.238752848219166,-0.6081888747494277,0.2875414055066096,-3.0274750287346843
33.0,49.0,1001.0642700195312,-0.6773311496817955,0.3980108144708936,3.911627720592696,-1.4367681912836012,-0.1332901026515589,1.0953724613615456,1.3321269042584074,-0.7320358939136344,0.0791229631655792,-2.557111299463337
33.0,49.0,1002.2330932617188,-0.7380172082679133,0.3469413548318458,3.8586518073750113,-1.3057184206432342,0.0334161836071622,1.257151775839894,1.2651461104831938,-0.6100997566987214,0.1728654045172364,-2.601963208283068
33.0,49.0,1002.1596069335938,-0.3984545904785674,0.2038069250890064,3.742646304163213,-1.3830904694888573,-0.2026092098233256,1.2632765009077396,1.7300790605508096,-0.5262315403050533,0.2452109610505468,-2.1030452150919565
33.0,49.0,1000.3157348632812,-0.6151830224112391,0.5390604696299617,3.9937713541612254,-1.4042234718031472,-0.0351441793215308,0.9613338977769476,1.6056629962949307,-0.5972452025780637,0.0811876770330588,-2.348258554795448
33.0,49.0,1001.8573608398438,-0.528172833958668,0.3076594978024047,4.110977867003145,-0.9385615628180846,-0.3198507214114974,1.0964364443380203,1.470614655811831,-0.5881947682557831,0.1693389159963585,-2.3916126283108468
33.0,49.0,1001.5911254882812,-0.5631012088472627,0.5176462091837095,3.8479905094040703,-1.5183906595041434,-0.0375250021933997,1.0633604602515367,1.5603219603670428,-0.4590854396959711,-0.167392946902968,-2.583237508867908
33.0,49.0,1002.2740478515624,-0.6620458695167208,0.4290216691460626,4.006370951265501,-1.4115861699906795,0.1830897935166273,1.0520399719563622,1.2715514026779076,-0.6914927922639071,0.0777883547583666,-2.6395062207467914
33.0,49.0,1001.4678344726562,-0.6714845937491738,0.4888157091757925,3.951913793275097,-1.005084535013161,0.0221850233355977,0.9994343559595852,1.0679071488098124,-0.7351308305673196,0.3524754851139438,-2.5280858576897174
33.0,49.0,1001.4981689453124,-0.5314820625271093,0.2932887658725782,4.118965540508059,-1.006001340004362,-0.2351080918942072,1.1009743750035526,1.2853159713347306,-0.6811063275945948,0.121946179633273,-2.521899397127509
33.0,49.0,1003.608154296875,-0.6582950639357517,0.3844097386693637,3.461119801160379,-1.1778312858266595,0.0252227878982802,1.1637055973602397,1.0960699825808806,-0.4150214138778851,-0.1420803184169896,-2.4561824946639965
33.0,49.0,1001.0189819335938,-0.5992720115009256,0.3979781498489672,3.858461072981196,-0.8153187437028384,-0.1552724812317869,1.307782889984467,0.9293063757972072,-0.704663575417924,-0.0533058769713239,-2.637816004948584
33.0,49.0,1001.5873413085938,-0.5287457775207836,0.542826574950988,3.855447337622598,-1.1224354549568232,-0.2364680794409759,1.0229056224622832,1.5049439138245535,-0.7651576868063499,0.2156896149469114,-2.377401883666343
33.0,49.0,1004.5842895507812,-0.8424152074229845,0.3858223432927756,4.1618107891026135,-1.1685685402544266,-0.1035121413337156,1.2030235075830031,1.388862570582142,-0.7251537673462964,0.0764552541938261,-2.6068588834555984
33.0,50.0,1002.979736328125,-0.351867501502749,0.4452502910972544,3.917542717919304,-1.368153309405522,-0.2285237666002428,1.0614751052449387,1.5791675869264523,-0.7454914426827193,0.2304478792589659,-2.2764167443879586
33.0,50.0,1001.866455078125,-0.5816895722153808,0.3305506596469065,3.990701286875918,-0.83961947501881,-0.0592449468474569,1.0292537457718662,0.81608652618152,-0.6631709286293832,0.2462401002143828,-2.727031138048568
33.0,50.0,1000.5723266601562,-0.6353605124025856,0.3120497382956149,3.9365051461108695,-0.9544798680573088,-0.1013085255031578,1.2519868769682976,1.0755419119345442,-0.562528094815093,0.1040160266300871,-2.7349259061994937
33.0,50.0,1001.8548583984376,-0.770790726572022,0.5219763853179735,3.742849093473336,-1.236405270545812,-0.1730514470527788,1.1337819743146147,1.4281142453052933,-0.5282415027509471,0.1097368698959115,-2.538925248908644
33.0,50.0,1001.7098388671876,-0.4601309469505752,0.3298846994938422,3.9905032479346527,-1.3459140782614032,-0.0985644044594256,1.236540946469753,1.497381604362471,-0.5706681952142558,0.1927109177377426,-2.4546461997494085
33.0,50.0,1001.201416015625,-0.4417957635866179,0.4623853420308013,3.938317777540537,-1.0201293778195963,-0.3056562300108618,1.0329291096055195,1.4217860352709124,-0.8109487589165827,0.22773280862065,-2.3999086042035
33.0,50.0,1001.059814453125,-0.5655429517193138,0.2635612325318348,4.253854353950633,-1.0496693718764232,-0.1803681758037836,1.1287533636102642,1.1751091115345431,-0.728445338237897,0.3410234463224535,-2.6865050412696285
33.0,50.0,1001.7761840820312,-0.5159417954310621,0.3694961337477007,3.760124097311176,-1.017514951431719,-0.2767157724910101,1.2010514262393863,1.2706803258325463,-0.5942285143431105,0.0598384798890556,-2.4717929114891786
33.0,50.0,1002.5020751953124,-0.7854058736976182,0.4627375536797977,3.744502672937568,-0.8806034110028484,-0.128576133546459,1.0954928451737924,0.966495824090396,-0.6815286221019665,0.2963282641719003,-2.777505089546332
33.0,50.0,1000.9395751953124,-0.6170850142320408,0.2781786795627052,4.126370700201337,-1.329960801144172,-0.0708981673425128,1.077307505329026,1.4002423733631408,-0.6491928177100652,0.2546272624129964,-2.511455374174036
33.0,50.0,1002.3213500976562,-0.547418594803629,0.4718051427331939,3.845563030379301,-1.4453481563496218,0.0835050152429142,1.110105388401962,1.2799925345028995,-0.5854467161202468,0.0035765457459664,-2.5079726751368456
33.0,50.0,1000.7009887695312,-0.5970571777366649,0.3927963076916807,3.838087693075872,-1.0833400564267803,-0.1297277644431274,1.175262560440018,1.3244245085811377,-0.5113426898535556,0.2897332621994239,-2.46439290958404
33.0,50.0,1002.2609252929688,-0.6159098044587443,0.3028182941104917,4.076580063948423,-0.7989636390443238,-0.2960287640367722,1.222940730256159,1.0019158564158808,-0.7731981507239851,0.2456754161217356,-2.6715639335511696
33.0,50.0,1002.4622192382812,-0.7399506676522343,0.3819344243605655,4.179390834082051,-1.279388658046554,0.1424079214617819,0.991952927659411,1.0192737990053171,-0.8157311382440815,0.3091603028976895,-2.963112138905271
33.0,50.0,1001.2562866210938,-0.7032999745206023,0.5013147347826132,3.875581950636189,-0.9902729391672668,-0.1106849863751922,1.2139971902094595,1.139795991033889,-0.7283739614704938,-0.0314989696006131,-2.459034113610044
33.0,50.0,1001.3004760742188,-0.4837656853537107,0.571616393396587,3.801458693278129,-0.9781501540410388,-0.3569263240003408,1.018360753549839,1.5370184899099222,-0.5614847766836988,0.10963112431281,-2.4433019092169634
33.0,50.0,1002.4204711914062,-0.5884879342131146,0.3720567930879923,4.03724547249219,-0.844022935562692,-0.0717201335188013,1.1135929724952929,0.8850505180879731,-0.772521616106121,0.4529048556755963,-2.744279679461756
33.0,50.0,1002.3056640625,-0.5663640376363652,0.1749992117779051,3.971036743803417,-1.060189603067998,-0.2915695650890963,1.3372974231380743,1.4384598675094251,-0.6085675114364033,0.1323497008311047,-2.3799972621700065
33.0,50.0,1002.052734375,-0.4980241662525149,0.4748712013850964,3.6659172524614094,-0.7644939888510658,-0.1362505681089176,1.0993530004266925,0.8703023157011582,-0.7028354627980891,0.1249951615352431,-2.447525962046268
33.0,50.0,1002.0363159179688,-0.5486436188044639,0.4801797318572962,3.9849633695202655,-1.4302717145790045,-0.2700780437053325,0.910882878654431,1.821166177641751,-0.4483442224707632,-0.0032100110747181,-2.676979381265581
33.0,50.0,1000.1741943359376,-0.5517062671776536,0.4925887063119134,3.953655835558665,-1.184287206316517,-0.1298025603014139,1.0975495820205712,1.467661306311653,-0.6181214710062131,0.2067215671642515,-2.433011449761711
33.0,50.0,1000.6224365234376,-0.5309942668752212,0.3069269051936372,3.995606461523508,-1.0955017134733742,-0.0424151178907497,1.2268312684048055,0.9649677498332574,-0.6863689870429042,0.1028479826164101,-2.548117537010709
33.0,50.0,1001.8358764648438,-0.6400693366688852,0.3348872442722737,4.016980238805823,-1.0170506300830555,-0.2297648303402581,1.1742343541690028,1.135788022032724,-0.7453066213602124,0.3305648663561946,-2.473699916017052
33.0,50.0,1001.5441284179688,-0.659460871743133,0.1082865919297901,4.302716817185221,-1.2575166304662917,-0.1022809732921414,1.0760992635817077,1.2029540698598762,-0.604186908035869,0.3681159729508891,-2.451347566990932
33.0,50.0,1001.26904296875,-0.5354321087473775,0.2230890759351078,3.7985730799383113,-0.8940758266884243,-0.1273843952963682,1.2862892981714822,1.1085503044593734,-0.4221758708450682,0.1383453396244043,-2.6018972680439383
33.0,50.0,1001.0093994140624,-0.7728936297119207,0.6468545346266446,3.8509453651478793,-1.5118447304136131,-0.0714921285050582,0.762108727029629,1.665134654681908,-0.4210856549264621,0.1022309648799577,-2.402121619758948
33.0,50.0,1001.1406860351562,-0.4970064293414307,0.2231913026995755,3.9397821008381726,-0.964620996635036,-0.1940244397306898,1.347949034386703,1.1053750819604868,-0.7141227827987926,0.295446557214972,-2.5223153003927887
33.0,50.0,1000.9916381835938,-0.657977069847826,0.4387453713313407,3.924272496195792,-0.9275420097065216,-0.1138184517423006,1.165055267374254,1.0528839409091226,-0.7199425597974072,0.0618853786858855,-2.5969163125877306
33.0,50.0,1001.2701416015624,-0.645594925062488,0.448748499946328,3.9425893406288015,-1.2728337021950251,0.0208320600271658,1.0645426313431976,1.127534391702998,-0.5423005662898719,0.1646019394192777,-2.7205868850401584
33.0,50.0,1001.8961791992188,-0.7387668675742036,0.5165816476934983,3.718632215220996,-1.1682562034647512,-0.0071048814538379,1.174467148823524,1.0797044095356867,-0.6105783466482615,0.0023379127203293,-2.6286909190393
33.0,50.0,1000.7942504882812,-0.5603358495800892,0.4417311380600104,4.048813199537587,-1.3342683668082578,-0.1577478140636596,0.8974941964469725,1.481379485433969,-0.7196380440249737,0.4024439394857637,-2.169056967671345
33.0,50.0,1003.10400390625,-0.6656444168574254,0.5206623285438354,4.261334965590715,-1.251517485026219,0.017602728345639,1.1263070593408582,1.277674764291449,-0.9671929990801322,0.4377700409797702,-2.679102574309568
33.0,50.0,1000.7985229492188,-0.4983508317577954,0.3985717206668369,4.027301763184092,-1.1586896279127066,-0.1112202241436381,1.0405553485548733,1.3234091455854866,-0.7314477871807465,0.3167191494124353,-2.480997072076071
33.0,50.0,1001.2786254882812,-0.7148073808388054,0.5375377027201971,4.019521985297818,-1.193776800890748,-0.1544808461665372,0.9005923337038464,1.4136129180673072,-0.4978894817691994,0.0305722561099859,-2.511934233798768
33.0,50.0,1001.169677734375,-0.4631396763679074,0.3755166895874149,3.901633256592909,-1.0118684577817447,-0.1341542435957974,1.1508618928730874,1.3664533298530257,-0.5906927137687425,0.1399490280636328,-2.558906131544253
33.0,50.0,1001.1472778320312,-0.6949675651928242,0.3695133292813715,3.985983278371691,-1.4254796803384373,-0.0602092822746342,1.0174131388903218,1.53772816755954,-0.5867589887617628,0.1755931595469748,-2.36047563123773
33.0,50.0,1002.3606567382812,-0.6575140735122353,0.3245025883751165,4.022903400573245,-0.950966662154462,-0.2171928572729955,1.2115695479834212,1.117008948691281,-0.789009388139517,0.111906733565819,-2.676120165361065
33.0,50.0,1000.6948852539062,-0.5165970773904132,0.4651080393689142,3.677854757100153,-1.18958282110281,-0.1310850161216246,1.1162664585793145,1.4639466837712505,-0.6487901344810876,0.1287850516937254,-2.232438115518036
33.0,50.0,1001.65869140625,-0.5055855332770012,0.2016186594807525,3.991088164022512,-1.1192581540388593,-0.1433746566985041,1.2844376900796046,1.127914418288193,-0.7947828974517215,0.0531258583480358,-2.520237892376775
33.0,50.0,1001.9805908203124,-0.6554767298507382,0.4777824336435383,3.9824377611055546,-1.0249472405904148,-0.191897008019005,1.1258760465556197,1.1266790768980703,-0.8657612871197404,0.1440991620103044,-2.6733987211623664
33.0,50.0,1003.0294189453124,-0.4314476543823522,0.5712338515110389,4.085650234389554,-1.0131645753229828,-0.1548098111935658,1.0732950634296543,1.2524209668532098,-0.8133023198601199,0.2135471277110259,-2.7041707247480025
33.0,50.0,1000.6381225585938,-0.6102650198020134,0.456310589669858,4.10196777378011,-1.2060862913526482,-0.1146043940298495,1.070298692070666,1.3049110829323451,-0.7357680733709389,0.144795564028918,-2.7401190193270124
33.0,50.0,1000.525390625,-0.5947697742446252,0.5171510629764109,3.810312048679074,-1.04375360815966,-0.0987321542426116,1.122219813934718,1.2688190580749694,-0.6537233505925952,0.108958082357045,-2.532941863781616
33.0,50.0,1003.659912109375,-0.7952130766291479,0.4047262080971769,3.92891802543952,-0.9352234846797004,-0.0036261872901039,1.077401414375915,0.8848515209293737,-0.3998996871216791,-0.0486818383651579,-2.948588402908572
33.0,50.0,1003.4386596679688,-0.5897139609029907,0.4042804500510257,3.950903272208727,-0.7419236809837155,-0.2570339343044381,1.2590284342969411,1.0849942265685826,-0.6915863759423786,0.2128842951459564,-2.853357718180904
33.0,50.0,1001.4444580078124,-0.4815419572900179,0.194563664556707,3.993618436817364,-0.7047446985463175,-0.1866466588140882,1.4228693425442902,0.7557332626009661,-0.909698804763904,0.177311342201758,-2.51807777865906
33.0,50.0,1000.81640625,-0.6278574144224693,0.3825350653681703,3.877381989774122,-1.1625666363666842,-0.0870890067776422,1.1028291747952546,1.2744185703929691,-0.5006287418623376,0.1367678787605974,-2.5615000350140025
33.0,50.0,1001.0901489257812,-0.7029676374765659,0.2308636642957946,4.190577456161176,-1.2423289090664813,-0.0612587648526155,1.171497060752401,1.2763692531339874,-0.7094950557334956,0.1337462197912149,-2.64230430331064
33.0,50.0,1000.9668579101562,-0.798047492131631,0.4910337428354925,4.056299207914879,-1.1400706167183214,0.0531670532398411,1.1247068078710214,1.031307385509059,-0.6833921627784285,-0.0078157292371026,-2.9016821717669847
33.0,50.0,1001.2782592773438,-0.6751863141431649,0.3588856085463678,4.047430530860542,-1.1834123355639568,-0.2732273715602833,1.0191145394691334,1.3754549183775469,-0.5480015268250096,0.2917850308439735,-2.384174436482697
33.0,51.0,1000.9298706054688,-0.5600851579624315,0.5971069637975361,3.924474967243557,-1.3775928211110178,-0.1664279853901575,0.9499284972151844,1.5932926030084058,-0.6242585657230144,0.0590109817178055,-2.292438040855957
33.0,51.0,1001.0822143554688,-0.6837106820161996,0.3171355244883926,3.7092300661245066,-1.2210863667188423,0.0638040357798459,1.2717309988076249,1.070257354583875,-0.4775850516908839,-0.1921392512483297,-2.701607008520077
33.0,51.0,1001.940673828125,-0.7105281774679328,0.39889210931657,4.16781177481864,-1.2273770502421448,-0.1646821282393666,1.0541115929128164,1.6357375428430156,-0.7104582438474196,0.4062644241364381,-2.5161926064043247
33.0,51.0,1000.4601440429688,-0.7876153580877663,0.4888848050361272,3.952829543444839,-1.2707869210920144,-0.0754126068163776,0.957220461061552,1.4251308478265017,-0.5799703882049236,0.0921049349319877,-2.6502750543203697
33.0,51.0,1001.5473022460938,-0.647754566712174,0.4318529292603292,4.12217237252867,-1.4835816589114763,-0.1453035502766111,0.913509679732865,1.6973613408251411,-0.5017620540658232,0.2376208937151025,-2.6291778511634574
33.0,51.0,1001.1219482421876,-0.6997083354865588,0.449076858935614,4.116392552925001,-1.1337431614935611,-0.0374838456286239,0.9779381056710186,0.9812713155388896,-0.6099831769400144,0.25126816084191,-2.838928655038466
33.0,51.0,1001.6387939453124,-0.6519858863101664,0.5075307099563702,3.733626602935823,-0.8473654467100609,-0.1882521473388703,1.151137788021714,1.2924183758544503,-0.5193475234504223,0.0564538168794568,-2.4850480528879606
33.0,51.0,1001.069580078125,-0.646338462825276,0.3066090418196223,4.072697031960498,-1.2942703649054268,-0.1484900614226241,1.1862126625655076,1.4558599492095672,-0.6559504530297566,0.054955468762782,-2.589678424037048
33.0,51.0,1000.8204345703124,-0.5024295998779689,0.3531306445577451,3.786320818999238,-1.0490107983156705,-0.1231306426760756,1.136648515662638,1.1150712377838357,-0.4950454883235409,-0.009948963629923,-2.4749440662482787
33.0,51.0,1001.2542724609376,-0.5475368307789346,0.4236583934934632,3.8869934392549546,-0.9091807614691758,-0.2022238635325655,1.1975417095717231,1.062323299071993,-0.527544810853434,0.0073555886690943,-2.6137260921242307
33.0,51.0,1001.183837890625,-0.5651387256077332,0.6536619984877383,3.6687159104073466,-1.229339138913672,-0.1022262318726587,0.8313698141013903,1.526416897220081,-0.5191573788607142,0.2150680433295217,-2.249959114330333
33.0,51.0,1001.4461059570312,-0.5042469334143309,0.2604743084735981,4.202943868060862,-0.8975647843271881,-0.1158991058125211,1.2361024924191852,1.2493827415925072,-0.6988314797465325,0.1856717184725829,-2.572566757694339
33.0,51.0,1000.5642700195312,-0.5314544481603232,0.4961282995178493,3.866301435718899,-1.014165340578942,-0.2322419462774085,1.0776006717489937,1.2726123778538012,-0.6561424242856635,0.0891404089443419,-2.4777854055447683
33.0,51.0,1000.7017211914062,-0.4939116388943239,0.4747375293444378,4.124875025270583,-1.4460917790425132,-0.1669605109889174,0.9622540026922266,1.7508576073981068,-0.6267206820608333,0.2762787445726271,-2.3377220628227136
33.0,51.0,1001.2744750976562,-0.7592111541231521,0.6207467958496231,3.9103751257707753,-0.7388971502324324,-0.1959303154832588,1.0149603507470977,1.117324816780223,-0.6779999099660934,0.1027047532873117,-2.626056739276689
33.0,51.0,1001.4223022460938,-0.5328559326105555,0.3193239759736386,3.9656915876052,-1.2017467763261718,-0.0650459207949207,1.204654090771844,1.4658647892112056,-0.5961025991336397,0.2413087687977348,-2.3961415398391868
33.0,51.0,1002.3772583007812,-0.6346323216147525,0.4127457104945975,3.8834029521516857,-1.4698099509697429,-0.0946617978993922,0.9013609555712794,1.387337215136144,-0.5398787012915287,-0.1055950264999463,-2.6747110843337305
33.0,51.0,1000.8751220703124,-0.65566470508778,0.5691090432783863,3.864442807393255,-1.050556952930795,-0.0771153091736041,1.0403651095406763,1.0638750129694436,-0.7441790574285676,0.0453390834980123,-2.6489719179429243
33.0,51.0,1001.5421752929688,-0.7019250476550463,0.4889559963818604,4.04568732982913,-0.9899093806718664,-0.1133173609873212,1.0581392520424062,1.0429204389733373,-0.6219081005657161,0.0666254192933433,-2.705682875460207
33.0,51.0,1000.5148315429688,-0.7401391074845414,0.5163595672278589,3.849288840853845,-1.120269447123258,-0.0789077288724708,1.11014687059149,1.219919145027334,-0.6660025212119365,0.034456639935124,-2.5910222790002497
33.0,51.0,1000.8865966796876,-0.4951677746023186,0.3695806677936364,4.03820940620548,-1.1341895194759184,-0.0720814507884259,1.0960678289916022,1.2509515753642102,-0.6153771040938292,0.3748859843828409,-2.647114048582951
33.0,51.0,1000.851806640625,-0.6722452979014282,0.3204791802884585,4.007118507973658,-1.0316502412182302,-0.0858060149852404,1.227478497432994,1.0686938412165858,-0.546022055737839,0.211258725986692,-2.7513852682855395
33.0,51.0,1000.7689208984376,-0.5869964852383438,0.5465848919723904,3.852825390794113,-1.4221158010747867,-0.0683107020266158,0.9661141261822586,1.4872476075318204,-0.6107839025017734,0.0917956057487012,-2.46758191904817
33.0,51.0,1000.9744873046876,-0.6014067298099803,0.3430068039349008,3.8823652481837065,-1.3403819292327146,-0.0168050829449555,1.1477121485331496,1.3829098966947928,-0.5128081463486058,0.1316973054447086,-2.526377857859613
33.0,51.0,1000.8665771484376,-0.5963812845937806,0.4153090001540915,3.836296429111103,-1.2805274504839597,-0.0493830687129444,1.1941296550735236,1.2980978941238517,-0.5639031126394105,0.089781749567245,-2.655846923354333
33.0,51.0,1000.654052734375,-0.665091864012199,0.4722240723533302,4.041206384186205,-1.2347760204992166,-0.0476428563703814,1.1486511254575564,1.3432282903653068,-0.7119788859030383,0.0936222090015768,-2.539235496140248
33.0,51.0,1001.4238891601562,-0.487321625583947,0.3912454821783173,3.964387293298461,-0.8858204236800802,-0.1804953621367042,1.1510406008870389,1.1624036503735669,-0.5676263060819515,0.3329251654693852,-2.6448024783749813
33.0,51.0,1001.5783081054688,-0.5464955098470456,0.4038478072620943,3.967589569817502,-1.1275870336236755,-0.0264629806369924,1.1726688823864784,1.0897181840676955,-0.7652933212783921,0.3697240127958237,-2.4929637145005734
33.0,51.0,1001.5950317382812,-0.6540428300644034,0.3303222168829709,3.943355096260845,-0.9302436979885976,-0.0903367806839439,1.2107982883955175,1.0757329397799378,-0.5490027247265044,0.0734334976708854,-2.605671567064445
33.0,51.0,1001.3720703125,-0.5976621777744882,0.6183870133335354,3.701048359535818,-1.2008529680996531,-0.1414492564268421,1.0208969580090894,1.4276322008470288,-0.4995111795362223,-0.0777885519816887,-2.464508060116989
33.0,51.0,1001.37646484375,-0.5509078171189472,0.3979364353276535,3.777344358870188,-0.9908607341052144,-0.0766288485427635,1.2183367275520895,1.2068664569359626,-0.5673523043257376,-0.1032476039875067,-2.6579467412988445
33.0,51.0,1000.6300659179688,-0.6270211358126279,0.4210526154206579,3.896384287672726,-1.0393116792481116,-0.1714798252742175,1.131538989212987,1.194716629723905,-0.5674443940570093,0.3304354685371571,-2.5596165539019387
33.0,51.0,1000.6807861328124,-0.6703049934749616,0.4557836395434282,3.9632093768426966,-1.182049434276415,-0.1268847606575862,1.005813366417053,1.375831682812585,-0.5304192336887406,0.0943926259845717,-2.582158520984964
33.0,51.0,1005.5189208984376,-0.7135161399047156,0.5240491125572033,4.024612818179632,-1.0055431916184006,-0.0049913719177867,0.9294721262444314,0.9252208558529816,-0.5090294143733658,0.230811840072576,-2.595677275527135
33.0,51.0,1000.2531127929688,-0.6521079472167743,0.3442149943837025,4.023907471812064,-1.1022017077719006,-0.0571041835314698,1.1732485027835606,1.176025388840463,-0.7307247465729567,0.2115564670547822,-2.614840944985863
33.0,51.0,1000.623779296875,-0.6982491042294843,0.5713672537579928,4.06202632738578,-1.0538840374156695,-0.0992534332819738,0.9888425062494476,1.2391109241269227,-0.7034627145415158,0.2527612166740134,-2.7565534036537658
33.0,51.0,1001.030517578125,-0.662506176806156,0.3744333883376418,4.081992782945914,-1.2455481391801544,-0.0093507309801701,1.1194838176144275,1.3312471187416255,-0.6840154103588416,0.0777322142788072,-2.68910575846301
33.0,51.0,1000.8758544921876,-0.5313308461027049,0.4683344431956779,3.8941121407062536,-1.0962224053168663,-0.1359461700567301,1.1412081805919794,1.2879794044371229,-0.6363595389447703,-0.0332935137012704,-2.578381709017972
33.0,51.0,1001.55810546875,-0.5792379539293311,0.6197938554892568,3.861046997720068,-1.0947975388803743,-0.1360161991216211,0.96880865447862,1.3398365308995537,-0.7908210986819579,0.4245055720331558,-2.333468438130941
33.0,51.0,1002.9871215820312,-0.4616276617795156,0.1129491358107994,4.038959916564602,-1.0920891875310312,-0.1812767174521177,1.3069660963559857,1.250455970419761,-0.6786658595079151,0.4365778977538612,-2.305182369470696
33.0,51.0,1002.187255859375,-0.5199090655170071,0.3460772420855491,3.755487304277059,-0.8798902075229798,-0.182823630197725,1.2242169497560464,1.1129629941967585,-0.6101125321470562,0.0055123712693632,-2.66951024223177
33.0,51.0,1001.611083984375,-0.6570592551363488,0.2448023204206144,3.791379896590193,-1.0524918850357388,-0.1293274533689477,1.2947988770429042,1.0561839260843522,-0.7181856632098125,0.1201499136482278,-2.640626690075256
33.0,51.0,1001.4262084960938,-0.5069171232059375,0.3428526664106233,3.954119640491685,-0.9619331672388344,-0.1932179462530951,1.234779755460088,1.1721540772706902,-0.7266090258506015,0.3383722391203054,-2.602773415700978
33.0,51.0,1001.4511108398438,-0.5762571859755514,0.5605277204905965,3.5241647720741582,-1.0992533439801877,-0.079181048389449,1.0636206888366797,1.3035077211385993,-0.3986066479088279,0.1254541816403414,-2.5125454640734928
33.0,51.0,1000.2984008789062,-0.6123290430794803,0.3961576306032652,3.850446017765071,-1.2506328292157227,-0.0588388209960646,1.0056763073520756,1.3007086999226587,-0.7132349468602204,0.1481304696133172,-2.3983759646706
33.0,51.0,1000.6273193359376,-0.6371477839037771,0.5180253199656946,4.077554945724,-1.2717559989473166,-0.0484910836808358,0.9400277055953836,1.298469130483232,-0.6013591417122077,0.1931364081791731,-2.6907202957771688
33.0,51.0,1002.44091796875,-0.6531678182172636,0.2200139996483958,4.0949455587905454,-1.2939697358252795,0.0317739339734721,1.235235686319344,1.304640012464315,-0.6094712605462842,0.2784674270462419,-2.5986217023800413
33.0,51.0,1000.7047729492188,-0.5987414935849786,0.5304061956272736,4.063945540308561,-1.220420199133276,-0.1208208987583843,0.947218795151004,1.588980376985706,-0.7419522914711854,0.198500265164113,-2.430101695114401
33.0,51.0,1001.5928344726562,-0.5044560523314692,0.2285319012416327,3.9778699982173578,-0.8984456055357288,-0.076033014532391,1.2359825221635177,0.9359132280484408,-0.7129457798927161,0.1702932743494347,-2.6109985703634253
33.0,51.0,1003.5387573242188,-0.8106071256030658,0.3473720241041853,4.044981210623002,-1.2368013950224297,0.0714878900962698,1.2031613166392283,1.2281171369258796,-0.6814265035045421,0.0984261189661221,-2.520558109308462
33.0,52.0,1000.9002685546876,-0.6523777918201734,0.4564239497393094,3.745613529304793,-0.9371412214106094,-0.1107215995748864,1.121258944945776,0.9732693840912844,-0.5930822350194065,0.1118624556101632,-2.6733388708975987
33.0,52.0,1000.5238647460938,-0.6189061128541491,0.4193001959848965,3.827700504353549,-1.1456519319872176,-0.1825350301216284,1.102898389374691,1.2417600960307675,-0.5823722549598065,0.0092181372561679,-2.525648601373759
33.0,52.0,1000.6121215820312,-0.4859554295776753,0.3259883788805986,3.904000534690052,-1.0259587327463948,-0.1758223363002082,1.17027503399326,1.1461479775507852,-0.5201799097351802,0.1686079622601335,-2.5696100106611546
33.0,52.0,1000.91357421875,-0.505300127588769,0.4383949062232872,3.8619389970412072,-1.198933058356923,-0.1523467499508477,1.0683983519273088,1.2356248809993842,-0.7047642687968727,0.0718900592764555,-2.4334312678325416
33.0,52.0,1001.0814208984376,-0.6521873450652214,0.4580890261057559,4.111389405098912,-1.2946746430901346,-0.1265170150425838,0.971605673395758,1.454565078677332,-0.5739791053886414,-0.0159050250960381,-2.7189060220112284
33.0,52.0,1002.5452880859376,-0.4924546554764983,0.4247983586879558,3.9215041763931833,-1.064336220793173,-0.1963595996861453,1.0570241444386363,1.302044709569346,-0.513207709078209,0.3674737728974371,-2.2446112626402788
33.0,52.0,1000.5170288085938,-0.5914951664238153,0.5387927730800124,4.100204534445169,-1.1715451767016063,-0.1325899555337102,0.9958502046481056,1.4143510264197143,-0.7008440535018892,0.2349701036023788,-2.667717386954585
33.0,52.0,1001.4264526367188,-0.6559541860966664,0.424526062421565,3.9014492861719656,-1.06574791076206,-0.1238532302234221,1.1644917946038529,1.2497568088595514,-0.5331975285616144,-0.0332404394270966,-2.530167077385129
33.0,52.0,1000.1458129882812,-0.7224130299295313,0.5870994049076437,4.092697076144603,-1.3360695287815667,-0.0561335534271902,0.8964509324986567,1.5162054118909118,-0.7009071011251891,0.2113532364359374,-2.5881012357009507
33.0,52.0,1001.9749145507812,-0.5133069437081108,0.3084555563818298,3.891779281743672,-1.1077271041819676,-0.2923334208169619,1.1223871911789471,1.3760302599203431,-0.623046797589236,0.3585681739244091,-2.3873215746834884
33.0,52.0,1001.1514892578124,-0.7037623937128075,0.4811503962119197,3.9046767132438855,-1.2342295517633972,-0.1070490023487904,1.0043810070472938,1.3217359771377435,-0.5307002044836295,0.1197106977780624,-2.55092443458448
33.0,52.0,1001.4683227539062,-0.6092442587961173,0.5806407601772303,3.72869708833643,-0.9582788214587996,-0.0574837056147359,1.07180587289265,1.023786987006079,-0.6993805142249832,0.1148444149152814,-2.346179558143473
33.0,52.0,1001.503173828125,-0.5458254230939099,0.1619807510936528,3.983761667952802,-1.2981303656636909,-0.0182160267859394,1.1837093874729216,1.1411772269879306,-0.573660638203993,0.1920535098166818,-2.5572641925465263
33.0,52.0,1001.1510009765624,-0.7661063620634065,0.388305455717715,4.0711554426862655,-1.1985168684935972,-0.0281670082640967,1.1046812966568185,1.147847776434273,-0.6915637153202905,0.0313553592977324,-2.7265924476012176
33.0,52.0,1000.8658447265624,-0.6011544519995686,0.3231535150813434,4.153765574380623,-1.336327042509251,-0.1409456065198115,1.1198936704903728,1.4180431023715911,-0.6757404529759476,0.2616094132409499,-2.4002960002028564
33.0,52.0,1001.2844848632812,-0.7463983939761603,0.4008974385990962,4.042888565469704,-1.1149887282879147,-0.1278438019472974,1.145479349161849,1.3245748724098654,-0.6139217388413911,-0.0230866501855908,-2.7257448046606445
33.0,52.0,1001.1471557617188,-0.574249571764943,0.3787250762790499,4.03551514267801,-1.260764535470587,-0.0127771515787378,1.1652880669129502,1.2708958875033352,-0.7045817499777529,0.2265875134159278,-2.596771736093899
33.0,52.0,1000.8562622070312,-0.6313465208396227,0.4351116051275028,3.984144515419935,-1.1310258371848776,-0.1073708297528428,1.031127052281013,1.2306824501781677,-0.6242986295318014,0.395031668281117,-2.632661030273628
33.0,52.0,1000.7299194335938,-0.6087170186233681,0.3954881968361237,3.863550230329784,-1.190446332440931,-0.0786446057717853,1.1359929460945883,1.2420839316091845,-0.4962760979021174,0.1498662334304352,-2.5596892479487448
33.0,52.0,1000.6824951171876,-0.530513351462341,0.4763286563519457,4.0415108078536015,-1.2365909776167232,-0.117865986681739,0.9774323972546836,1.3988021618380977,-0.6736513942492319,0.0852423659622045,-2.473088120346992
33.0,52.0,1002.1317749023438,-0.723789338542983,0.3285078606233469,4.08021061540779,-1.141442676331081,-0.0306687987540881,1.0910646251559548,1.1482235029760464,-0.5536106783262653,0.2088907165167377,-2.6821559421759305
33.0,52.0,1000.995849609375,-0.5341668733739944,0.503914551691091,3.824348675316697,-1.2140497291289023,-0.0830084165271412,1.0493071646616716,1.5079410712701522,-0.4992362427135486,0.1259843598931489,-2.642111925112867
33.0,52.0,1003.6007080078124,-0.6438363729474865,0.3247886152927259,4.18218877673602,-1.0551443213434035,-0.0349638589064866,0.9287796388139355,1.033102811400357,-0.6426085115224449,0.4320413186379497,-2.809652948636373
33.0,52.0,1002.352294921875,-0.6549189207347741,0.4117212137536272,3.8198380996944543,-1.1696187512201228,0.0438726277481666,1.0835981454208552,1.1810415088133377,-0.457697551290587,-0.0771357333239937,-2.712485127890844
33.0,52.0,1000.529052734375,-0.6499720636772635,0.3771784904180641,4.012617533678565,-1.339131042138646,-0.0758224119190318,1.030035953414842,1.5026363057612944,-0.6339664769766582,0.1706957912992903,-2.509851768161941
33.0,52.0,1000.7750244140624,-0.5790960228220934,0.3264785819638636,3.759987281554624,-1.061385918675903,-0.1895338217927591,1.1663797739748922,1.1921096763415084,-0.5935198505875379,0.0349602831139765,-2.52015219079822
33.0,52.0,1001.0982666015624,-0.6273751751052057,0.3689113029761524,3.916991856702074,-1.1043773718305738,-0.0089281379692254,1.2202394817118094,1.1916986137619254,-0.6534413291079986,0.1115309919801212,-2.780969546339815
33.0,52.0,1001.184326171875,-0.6027556553337723,0.4907857772105073,3.962954392755423,-1.3462022100120774,-0.0007389040619649,0.9644425972297253,1.401031882849475,-0.5910053862228377,0.1572918627660593,-2.633268629582331
33.0,52.0,1002.39013671875,-0.6812240297409433,0.5971704236246094,3.991994701362344,-1.1831737166392138,-0.0702944009553423,0.7843383424037755,1.3728538643054318,-0.6456355577607953,0.4383874827431384,-2.5946877472481105
33.0,52.0,1000.8856201171876,-0.4939212240118387,0.4473650290621114,4.026172921378816,-0.922554864434634,-0.2294842199421518,1.0878585195327215,1.1679513347298274,-0.636896140616158,0.1379121441067008,-2.5258836711282027
33.0,52.0,1002.276611328125,-0.701512988900471,0.447938466760597,3.7974486602539343,-0.9519818935028016,0.0046022607970099,1.153445524037851,0.994833506094551,-0.5664352971457918,0.0376355142065722,-2.656258587124829
33.0,52.0,1000.830078125,-0.6704055401320907,0.389309651767018,3.9850541913844655,-1.1678151824412075,-0.1183063351913524,1.0062043849094344,1.1787800797692487,-0.5591336597429892,0.1874820194241202,-2.54597917452478
33.0,52.0,1000.6242065429688,-0.6235777257245436,0.4199694629668489,3.801899187160462,-1.0250642431793544,-0.1341625240631865,1.1374616899678225,1.2224244126162196,-0.6858239392660606,0.000432115640355,-2.5991406375323804
33.0,52.0,1001.05126953125,-0.5557230196660541,0.4026184552060261,4.051851483773662,-1.2058552572366406,-0.0997473757049709,0.96541677266986,1.4463652034552703,-0.5299711994669929,0.1373466611902909,-2.419349914903222
33.0,52.0,1000.2833251953124,-0.5635848745545795,0.5034935043493061,3.910062069402846,-1.2009713541264295,-0.0927564461070282,1.012756228664859,1.3775276062604478,-0.6916313932781284,0.2223017869589814,-2.5113116045949013
33.0,52.0,1000.889892578125,-0.668483222512263,0.4695667900869544,3.9098254150962752,-1.1202538385949952,-0.1270509161875193,0.9175027934163058,1.1370077415208597,-0.653559126026761,0.0689753979624523,-2.4276653023259502
33.0,52.0,1000.7066650390624,-0.5314087627107869,0.3343365614852693,4.1167386040904255,-1.138864876625965,-0.1275104023469495,1.2381111242909393,1.278165803131781,-0.7211137994990562,0.2489668072349591,-2.5431883527480674
33.0,52.0,1001.8553466796876,-0.6366184112381514,0.144181634518679,3.8926264720158015,-1.1212604003612854,0.0075478654000935,1.3483195955778378,1.0181274713719617,-0.672186808339795,0.1198269448590894,-2.6561134987960204
33.0,52.0,1000.619873046875,-0.6230366523801676,0.5084887994440921,4.048353911770921,-1.1366777559712964,-0.1829372099321027,1.0541282333398063,1.3802744384070331,-0.7387642347972498,0.1524807049447147,-2.522045423990108
33.0,52.0,1000.5585327148438,-0.6028703973844234,0.4139374600264034,3.932373173428905,-1.0908245826220284,-0.0873012174724632,1.0981251095735605,1.1893128349204938,-0.6764946846793514,0.1027917311652473,-2.673598174292309
33.0,52.0,1001.1499633789062,-0.7202578877275609,0.4300416503738802,4.255431000046007,-1.1728903791984435,-0.082088587714181,0.9151900485439368,1.337457062984674,-0.6083377843634894,0.3254553552898906,-2.725716199098532
33.0,52.0,1001.5390014648438,-0.7174420378350348,0.4249742740750601,3.8912601189296616,-1.2863167582858015,-0.0404348438324024,1.1243785134389404,1.3168894699650604,-0.456137021255417,0.1230237223341479,-2.656080856375268
33.0,52.0,1000.3663330078124,-0.5561836065442254,0.4971661779968181,3.9238049661747496,-1.1289381194475396,-0.1996607916353285,1.0656874662148397,1.4329113736915389,-0.5697243525983007,0.1444635849040274,-2.522724076555632
33.0,52.0,1000.4688720703124,-0.7544137063758223,0.4724303698873475,4.002008059024698,-1.1679168697708615,0.0263341722613361,1.0971609968099312,1.1284520546548515,-0.7143091440888956,0.0939448591102118,-2.789713058116132
33.0,52.0,1000.168701171875,-0.664349055753382,0.5626238603619242,4.007647992286548,-1.1279256309001284,-0.1121155155556534,0.903343837012077,1.341971353118284,-0.6334999426501167,0.3577519403271791,-2.48659797423995
33.0,52.0,1000.2325439453124,-0.5579474881642792,0.4911190306022908,3.8660326211991975,-1.0421623745162285,-0.205980338930221,1.047254789486059,1.286223396063285,-0.7042914662632924,0.1782084428933732,-2.444175208564529
33.0,52.0,1000.8135986328124,-0.7307566884588219,0.4062999910276623,3.828503686658376,-1.0178218874115892,-0.050534224727003,1.1319554866391217,1.1176282801324486,-0.6345247138927084,0.2692388106669865,-2.6004792654997564
33.0,52.0,1000.3673095703124,-0.6216785417536768,0.4775092351026346,3.909998099854157,-1.236505698760887,-0.0777521906123386,1.056757726151952,1.3794538299879742,-0.6418247358694353,0.2726725804905259,-2.5263416718978764
33.0,52.0,1000.5191650390624,-0.6031476099279356,0.4087430146337301,3.95521551820988,-1.2436102267485918,-0.140892180473271,1.1261433456961043,1.3870794722738546,-0.7542764535754349,0.144343666876999,-2.419649800549247
33.0,52.0,1000.8389282226562,-0.7299191603186905,0.4953248035529709,3.735298490015804,-1.1784507149008587,-0.1049615512177952,1.0327018077241998,1.2933341742325997,-0.5595027658621561,0.0568367854214617,-2.4439840836216065
33.0,53.0,1000.7498168945312,-0.5417931424449476,0.6022239489056904,4.105472816932437,-1.2654875673514685,-0.0938352982059216,0.9777618773185326,1.4233638958954842,-0.7815681930602416,0.12290646685019,-2.5399707725787986
33.0,53.0,1000.9599609375,-0.5366549772185776,0.4456069840377106,4.013438024114329,-1.5388787469257026,-0.1633007465448939,0.9471582367172592,1.7432737113250347,-0.5171346915712807,0.2587617626767526,-2.322705399358872
33.0,53.0,1001.1502685546876,-0.5947085258479898,0.4982799167564895,4.129285779851763,-1.0959221063275142,-0.1600690319996349,1.0707143533177357,1.4945464951071097,-0.7091272908377375,0.2914144021178391,-2.667841357471579
33.0,53.0,1001.1661987304688,-0.7489752757200288,0.5600505320562821,3.893547925877869,-1.2531326746843914,-0.113775322229455,0.9289048696545564,1.6393938649468502,-0.5345905439475551,0.1146820379720692,-2.5669561437510406
33.0,53.0,1001.0638427734376,-0.5682828539427218,0.4714954569646066,4.073710143508645,-1.398495177010668,-0.0259590898474879,0.8880059031927621,1.54865208663845,-0.5386662605485899,0.1781602785570299,-2.466310800993619
33.0,53.0,1002.0199584960938,-0.6921025405274142,0.3467994741858939,3.8653171132782287,-1.1213164582133106,-0.0089420291857154,1.148463565588821,0.9777810153538448,-0.6811080918818346,0.2725988870065619,-2.582439745787274
33.0,53.0,1000.2493286132812,-0.6322603214084914,0.552931627428535,3.847566290415644,-1.2554607561824025,-0.1691647495753736,0.972626054034321,1.4845418233766343,-0.652439156236289,0.0622803120708752,-2.3281504067088346
33.0,53.0,1001.1096801757812,-0.5595658302925255,0.4742637986074172,4.076964645062921,-1.315562579857997,-0.0534296648329686,1.1308897283960482,1.483240204899138,-0.613660230100276,0.0588433063055191,-2.701463223885983
33.0,53.0,1001.1117553710938,-0.5410294283230686,0.4272081532477152,4.2466789943232826,-1.1746698051051476,-0.1128731674041274,1.0611114296654058,1.3930704194593029,-0.7578865817313183,0.1838887823424793,-2.588576108561296
33.0,53.0,1000.410888671875,-0.6831412052520767,0.3726855511484697,3.956664703655688,-1.2051902378410055,-0.0360678754537522,1.1761170564775814,1.1210725448625969,-0.6570962268211815,0.1108091558293953,-2.70287771959138
33.0,53.0,1000.2778930664062,-0.5333582549750524,0.3665322116751293,3.814136718120002,-1.2004685243503714,-0.142334265631737,1.124514778281977,1.337486033455705,-0.5956651887598792,0.2154493242994775,-2.248430908737081
33.0,53.0,1000.4137573242188,-0.7146901095563969,0.5321157462936421,3.933283883327064,-1.1645603358715046,-0.0719704283735263,1.005525373685467,1.3438325546745329,-0.6348285546401327,0.1955608399313622,-2.715364510524302
33.0,53.0,1001.1761474609376,-0.6312176310946525,0.4573911976021003,3.787632908668453,-0.9641732624810616,-0.1828239570764864,1.1372746120236998,1.0832377835217564,-0.7407749441644453,0.03891625028524,-2.631395697758797
33.0,53.0,1000.5496215820312,-0.7147456885291383,0.6431774464955708,4.127515894143809,-1.1624390916177303,-0.0698045324566711,0.88104167866934,1.3620863213006542,-0.6877236597089844,0.1458698513835923,-2.7802056693023127
33.0,53.0,1002.1607055664062,-0.743125422569662,0.396012660093076,4.0128417707997,-1.2721012660551558,-0.0290718008502537,1.2373725742982875,1.22507732801993,-0.7672704366488698,0.0285414340743006,-2.623948341014517
33.0,53.0,1000.5867919921876,-0.6671231886693363,0.5590780921815348,4.140848122708448,-1.2752478235025908,-0.0164673991838144,0.9117962082496645,1.38005595621728,-0.8668043437550477,0.3046900390706728,-2.626644177461704
33.0,53.0,1000.5926513671876,-0.7236915906982055,0.4692815770176999,3.9229836134336313,-1.158110980581593,-0.0814162577564392,1.0634101202729769,1.321902010366233,-0.6835372849378771,0.2264669953441238,-2.6028011651515555
33.0,53.0,1000.97314453125,-0.5458891638690924,0.4326580378634936,3.8897716082160354,-1.1185464023123854,-0.1123472808055279,1.1825650768500653,1.328019521398021,-0.6912550642854374,0.1828664393106596,-2.544069030646264
33.0,53.0,1000.6101684570312,-0.6620851698728689,0.7305273503971552,3.858709224302139,-1.3228872996353376,-0.0884638246895477,0.7784616487483076,1.534276522189027,-0.6546170914482099,0.1776772260901413,-2.59228785674015
33.0,53.0,1000.39697265625,-0.5861411098173583,0.5896526545713963,3.90149946280693,-1.1618001063794798,-0.0921217170132244,0.9117190908479732,1.2909628562591011,-0.7040923725227008,0.1818679962984868,-2.552167921889648
33.0,53.0,1000.5049438476562,-0.5271042299642517,0.4924025885640812,3.768118943253743,-1.182467994129505,-0.1977378434142336,1.0252408459973674,1.3838215451328653,-0.6349627561610385,0.1438884873734016,-2.380095040833834
33.0,53.0,1001.4954223632812,-0.709957918957663,0.4827728027003095,3.928515653802803,-0.9200813074623078,-0.1469709543926969,1.0737754471397682,1.16652012187794,-0.7340717427075552,0.0600065996599417,-2.742510574671261
33.0,53.0,1000.6680908203124,-0.5443395957920067,0.3662582230035323,3.765953253078981,-1.1333137037568166,-0.1258121386475776,1.0717552807279418,1.2821212782167102,-0.6194686081894165,0.20779048508337,-2.3207365691617743
33.0,53.0,1000.3983154296876,-0.6275561569158139,0.6823222312322841,3.9819584322045376,-1.2665309013126826,-0.0720375110044466,0.7842162505008723,1.3867693074439158,-0.7604161690372084,0.2299263420547692,-2.5007088088730383
33.0,53.0,1001.4349975585938,-0.6635635378076241,0.4161018272809302,4.27955515827963,-1.0354116744303052,-0.0722570070607195,1.081991059639824,0.9714192340470742,-0.8187957482755817,0.0497751020754968,-2.8405275325682333
33.0,53.0,1001.15283203125,-0.6199896421195197,0.4142622134147533,4.033559157488504,-1.167165334935377,-0.113471911253919,1.2377418382167038,1.347718972895394,-0.783049226550041,-0.0860446134751713,-2.606371447654867
33.0,53.0,1000.9412841796876,-0.7228217900419134,0.5783798886717015,4.132216829861076,-1.2922384629845785,-0.0649592086495314,0.9284543351177668,1.434933686250499,-0.6127133803443057,0.2677644010906963,-2.7972107189691844
33.0,53.0,1000.51025390625,-0.6439986647373344,0.5287699323309534,3.900975943374501,-1.2429678468425704,-0.1904954239877607,0.9322565414813456,1.593593777410228,-0.6145616022848968,0.2381726252426155,-2.4864106000796857
33.0,53.0,1001.2728271484376,-0.5730466489864057,0.2507104897653462,3.817963333812939,-1.0278286805911565,-0.2545301437477469,1.132605095543326,1.1795581387342668,-0.4420651838232743,0.1406950265419482,-2.447322402907186
33.0,53.0,1001.9620971679688,-0.7755658429356691,0.5637497827690581,4.101650184565553,-1.1530198482788785,-0.072916272418225,0.9333697488034148,1.225913436016043,-0.8528317291591945,0.4391191586297127,-2.662767520410204
33.0,53.0,1000.5152587890624,-0.5782242594453795,0.4464025326816276,4.129753570962357,-1.0292192876328423,-0.1540369950989282,1.078832622052711,1.155872208685147,-0.6527654341204396,0.3597256191924689,-2.653364913282179
33.0,53.0,1000.1624145507812,-0.5980037165786953,0.4769481514289575,3.9762241706854446,-1.2205983702997862,-0.1184423181904543,1.0145386553941114,1.4027507865246394,-0.6787749807782157,0.1093462919399881,-2.602354944407827
33.0,53.0,1000.2468872070312,-0.4857685421462934,0.3608060894768368,4.015530342075026,-1.126770344013127,-0.2516981870243153,1.1001285869295954,1.3661611625104424,-0.6624467984984745,0.2644243050097214,-2.413177818232726
33.0,53.0,1000.6553344726562,-0.5835394697517113,0.5413400192114999,3.823279915334109,-1.100109396205876,-0.1250546747015724,1.0794287260348323,1.4091031500510232,-0.5659832679876873,0.0847022727616719,-2.5275083102204348
33.0,53.0,1000.6992797851562,-0.5647229889623295,0.3953468920472955,4.001233497377992,-1.1632214718969045,-0.1084654942827612,1.0800330110419107,1.2823022920181746,-0.6411164656273707,0.0730346428660313,-2.496354182845862
33.0,53.0,1000.5640869140624,-0.7056351051132523,0.6045338973324235,3.932721527537016,-1.238771443537697,0.031385816393918,1.0964448010390306,1.4193825435304284,-0.7623701670527616,-0.0965952018647433,-2.653708601689984
33.0,53.0,1000.859130859375,-0.4896056813045852,0.3236275625112572,3.953609030131954,-1.1677068132262338,-0.0718228452393248,1.1290715246428782,1.2395820382908092,-0.5537970773984702,0.3101236333603339,-2.453366458642844
33.0,53.0,1000.2172241210938,-0.6176920327362296,0.5029260613983988,3.885921447445295,-1.1484358895559217,-0.1786127284782246,1.0118671116751408,1.4258013468711497,-0.705986867662042,0.126450302333775,-2.383505194062345
33.0,53.0,1000.196044921875,-0.5903403094019559,0.4784948295261859,4.009408640517783,-1.2238566853390949,-0.1222483875869802,1.0528516273630997,1.3293198541317182,-0.653067604508677,0.0694527160063431,-2.618075499306129
33.0,53.0,1001.4873657226562,-0.5956316425741202,0.4998016934082985,4.132629437161825,-1.1851688420589173,-0.1168453721666145,1.016194564641709,1.5249213540431628,-0.6206745712378883,0.2950295751683383,-2.7121489878130407
33.0,53.0,1000.8226318359376,-0.623516565898683,0.4971054438917077,4.003534240842759,-1.114870539700239,-0.1952711120890402,1.0982478369467934,1.2722530523130215,-0.803555356748122,0.1568429692898432,-2.436819432012288
33.0,53.0,1000.9688110351562,-0.7869799494280585,0.4449807362014333,4.019159123276641,-1.2106257530348303,-0.0092654896437522,1.14314250777951,1.1949251999372483,-0.7150199641081674,0.0126631276545161,-2.8078537310723126
33.0,53.0,1000.3107299804688,-0.6626328054505795,0.4475230012249067,4.053941242310378,-1.1208944715620568,-0.1094420137624672,1.0447825208025776,1.3585614197257063,-0.6447682725916621,0.2046636256355194,-2.616210656360423
33.0,53.0,1000.4216918945312,-0.615421718828447,0.4010156455744305,3.969823164352878,-1.076678044497481,-0.0597997426172707,1.2757011807787313,1.2335781346495702,-0.6570807150890792,0.138359395021018,-2.588234211917785
33.0,53.0,1000.6990356445312,-0.6802992780746591,0.5444145355660668,3.857772897062663,-1.23685394497064,0.0026306500962425,0.9883096444633744,1.3581188551619103,-0.6374766391073532,0.2162327801249031,-2.500094839523173
33.0,53.0,1000.4546508789062,-0.6315333328667521,0.5618964486840818,3.8829536152936,-1.2698190869469157,-0.1524234530281019,0.9488999416152007,1.3342023519957742,-0.6916846703518269,0.0750045522649358,-2.4188352957327752
33.0,53.0,1001.1007690429688,-0.4294624630989645,0.41444626187329,3.914655051486037,-1.0386550402066508,-0.2209261708584682,1.0278545400427097,1.420431388657005,-0.666391468572983,0.3101330469440917,-2.3369768395445845
33.0,53.0,1000.6784057617188,-0.6124331471421742,0.6128091896629986,4.081728621385551,-1.074180885869645,-0.1869159445783994,1.0461163647931464,1.3195546345335076,-0.7073321942516237,0.3266963923371886,-2.628794948917153
33.0,53.0,1001.4583129882812,-0.6038992917679522,0.5839912780306928,3.859398529651223,-1.269547675545618,-0.1970719992425014,0.974006778922667,1.615641022586436,-0.6527068064591459,0.2902154816435178,-2.4636948327449004
33.0,53.0,1000.6102294921876,-0.5378255486073531,0.4822409285961981,3.858645193319392,-1.1279330526568725,-0.1355138802971991,1.1517512550270317,1.4315248162882297,-0.6462500442334784,0.2116773575492292,-2.439817318146299
33.0,54.0,1000.4308471679688,-0.5354413678738315,0.4964345883206622,3.88857340219402,-1.1570691196155924,-0.1418578745208378,0.9720325951078176,1.3588826050269045,-0.6863122891582059,0.1796767022298739,-2.467683264314596
33.0,54.0,1000.89306640625,-0.6994685985907365,0.5757433959455511,4.182699197007024,-1.265261311753008,-0.0495892266657334,0.9620472547569748,1.4378763002099555,-0.7024426059532338,0.0797616201401405,-2.790358064713842
33.0,54.0,1000.6234741210938,-0.6760327217510005,0.4606437584084233,3.9001745318400793,-1.3188906885001632,-0.0558415047853788,1.0015440022055504,1.3756566371947765,-0.5607574589857824,0.0483917401830789,-2.514203500194279
33.0,54.0,1000.2642822265624,-0.5839832516077053,0.5095307384374861,3.8484937755609,-1.1684351803088775,-0.1236638973456791,0.9421705419079842,1.3242358814884057,-0.573377010188425,0.1824287013427881,-2.476412217890651
33.0,54.0,1000.3553466796876,-0.6481015516370903,0.365948058181833,4.013223708504494,-1.1535657246883746,-0.0874359224377805,1.184079236478139,1.2444214029997165,-0.7181604831975807,0.1909582095699349,-2.5528042235637862
33.0,54.0,1000.2689819335938,-0.5534863295919603,0.4021215438249017,4.045201799768508,-1.1278704373072197,-0.1547759795779555,1.0068600834047716,1.125672473893009,-0.7170057310281583,0.33575048771187,-2.492117591605848
33.0,54.0,1000.7836303710938,-0.5173821936841154,0.5960184832931184,3.807519822526494,-1.081692954603648,-0.1216958554720237,0.9394089147399391,1.1920248326029448,-0.6651571251344315,0.0786474118193467,-2.484927554252543
33.0,54.0,1000.8375244140624,-0.5368825310988541,0.594255702331461,3.899725526223485,-1.3177034924672415,-0.1799777552769486,0.9634660043857296,1.6512590647648828,-0.7037294307507844,0.1160875573917863,-2.3791431127101976
33.0,54.0,1000.44140625,-0.6277787735939819,0.5186041803077659,3.908989306263704,-1.3075002587525453,-0.1080673432394077,0.9293037160863706,1.498613869699894,-0.6485014909025439,-0.0392441376885441,-2.5294988193175776
33.0,54.0,1000.5228271484376,-0.7393241086139986,0.5464092887189187,4.1313546907091485,-1.3127899085190515,-0.0558659522696514,0.9670345475513376,1.5031980752720262,-0.614295871524285,0.2341125755324125,-2.682026743379187
33.0,54.0,1001.7355346679688,-0.6758689209555362,0.3885466531103052,4.1235321733822445,-1.3416884188261546,-0.0507803470174375,1.036492098005212,1.479612166799221,-0.6157805139229939,0.2793917675813953,-2.743580006734428
33.0,54.0,1000.2011108398438,-0.7120855540392848,0.5861771105266511,4.0150369971374005,-1.3596039945285243,-0.0761772348535609,0.9792787708814624,1.4968931008363189,-0.7024332778324478,0.1445999608321502,-2.5935987506477804
33.0,54.0,1000.4600830078124,-0.6900610387324981,0.4990784113874893,4.037592130143421,-1.1078658535775676,-0.0669137578273133,1.0397525532284195,1.224923675655777,-0.6820839047975653,0.1547832298730398,-2.718481468604972
33.0,54.0,1000.1070556640624,-0.6897224341639756,0.6182248779406656,3.87946450574462,-1.1110376241020878,-0.1146926180319605,0.948670526093844,1.3216500575739492,-0.6894225646599708,0.1086088640493869,-2.55755061147024
33.0,54.0,1000.7000122070312,-0.5147458712809421,0.5357772007852626,3.9079330590142,-1.2930065548310186,-0.157375047194737,0.8951865008180624,1.470160782246145,-0.5620168308169902,0.3420819927026164,-2.3590714662303087
33.0,54.0,1000.7044677734376,-0.712270892181154,0.4600845948914553,3.874821356974113,-1.139481167477542,-0.1039149205678526,1.0641619381183425,1.428756850220844,-0.5643984523360315,0.0740291315749885,-2.555525107826277
33.0,54.0,1000.1651611328124,-0.6134878800844614,0.4827843283010438,3.85489383788026,-1.091941660849001,-0.1963170308939936,1.0271903958314432,1.415653358660082,-0.6412953605628715,0.2145342868079991,-2.408406914585999
33.0,54.0,1001.8097534179688,-0.5804364546604788,0.5946538680740785,4.140920289731865,-1.3706203681499844,-0.1122870641585933,0.8649886580527824,1.6831875304270696,-0.8107059262679215,0.4225793391838026,-2.336178550936832
33.0,54.0,1002.1110229492188,-0.6977408146256376,0.5089429169007884,3.69343343560711,-1.0379745977039914,-0.2098377601147687,1.143467849366897,1.2865529275309529,-0.5731759311491533,-0.0358330396477626,-2.566199524860696
33.0,54.0,1000.4146728515624,-0.5177404504261087,0.4636708268965055,4.052618524771114,-1.033753060441716,-0.1352355720984519,1.0330110782605226,1.2218041740403285,-0.7293301729665265,0.2762509070110921,-2.5110623504705765
33.0,54.0,1000.5584106445312,-0.6518287244263812,0.3521875126706186,4.040896848727819,-1.1672543179240713,-0.0854001519124665,1.142857638970554,1.1208415336007151,-0.6892687633939261,0.1658896937350418,-2.646488651383548
33.0,54.0,1001.305908203125,-0.7459675483139101,0.4370536341572233,3.975510587467637,-1.281915653326287,-0.1343214957683844,1.0536978412894236,1.3349727959227673,-0.7559605552545943,0.0641013032539818,-2.511470455080876
33.0,54.0,1001.8211059570312,-0.5402424612133032,0.6348599210785562,3.764000246534605,-1.0348762515600949,-0.2582590239896367,0.9754627039533456,1.2985025141886464,-0.5431589630260021,0.0477122539061625,-2.613886062626821
33.0,54.0,1000.8348999023438,-0.6721944310202748,0.5409431032236833,4.2075273807146765,-1.0840312123014957,-0.1214643481333341,0.9834228319531776,1.314370108319526,-0.7511906474508221,0.2534891618475834,-2.744459894910872
33.0,54.0,1000.275390625,-0.6855825443969401,0.603872184392368,3.934893850926379,-1.149360897624092,-0.1238648241134319,0.959778604653863,1.4020694356371737,-0.7092908504333693,0.119373659895853,-2.593750735156416
33.0,54.0,1001.1424560546876,-0.5927326814326479,0.4209892612812691,4.099860207517581,-1.190765987940967,-0.038401390335804,1.1219364020638434,1.2703409661951763,-0.8087517235916897,0.1412150817621347,-2.527237234127159
33.0,54.0,1000.6075439453124,-0.5307537477179807,0.5073482859907719,4.001030766819678,-1.1043333337233618,-0.2034263910357951,1.0152080249428144,1.3628052157393924,-0.7092161649504813,0.145226773789183,-2.571779062938838
33.0,54.0,1000.9083862304688,-0.700985228690115,0.4446097278733782,3.822542020547962,-1.199879817113378,-0.1750382915858761,1.043867371419818,1.5122633314706562,-0.5636440801732547,0.0728970031125877,-2.476329077223516
33.0,54.0,1000.5082397460938,-0.6091964416016076,0.4668255887306296,3.854305633276697,-0.9774809256585176,-0.1941180119094232,1.137299130459013,1.296926303011392,-0.6114946198914852,0.2013496301666428,-2.4609114298200185
33.0,54.0,1000.5183715820312,-0.5884304504401232,0.5551237736693668,3.86993041125996,-1.251937222086117,-0.1237617342733701,0.939248772004908,1.3492719452863176,-0.6890887041418239,0.268486454621506,-2.391578119896312
33.0,54.0,1000.3862915039062,-0.5123547184596644,0.4282255662005916,4.015429351459597,-1.0049493904958615,-0.1842323901198286,1.1109373129117888,1.1166665447573454,-0.6857602516530275,0.2146048650401919,-2.545848982613285
33.0,54.0,1000.5496215820312,-0.6108796939718539,0.5542922165264574,3.791060453838849,-1.353334963109722,-0.122244011263807,0.9664183157730336,1.492730479378328,-0.5697388670525072,-0.1037929415606671,-2.366488077219845
33.0,54.0,1000.21728515625,-0.6544088944044537,0.538007807394818,4.053243003376764,-1.2483817885381097,-0.1183919359312186,0.9314737300666032,1.4597836759865492,-0.6736022979140239,0.1418744622142709,-2.53250171536361
33.0,54.0,1000.4332275390624,-0.5588678160246392,0.3808477839992283,3.921484532305428,-1.3682616616623535,-0.1157836428131329,1.0227732651382908,1.3835118064193883,-0.6292509130479882,0.0795687616012044,-2.4489334345927007
33.0,54.0,1000.42236328125,-0.5008643691430246,0.4788563813486144,3.973208079822305,-1.2537777901426264,-0.1413857548437294,0.9217144510305512,1.5276444622201355,-0.583612503878709,0.3052580341577373,-2.3487734079716773
33.0,54.0,1000.9893798828124,-0.7533149373221493,0.4636812388821045,3.948773595686205,-0.9804235509334208,-0.0605148947956868,1.153800772080177,1.13053670309756,-0.6798040641167988,0.1626719848265363,-2.7183513195172666
33.0,54.0,1000.2323608398438,-0.5406973723087907,0.4184213590316821,3.970261277161253,-1.027109590670816,-0.2043157639528292,1.1512630949670086,1.2608818037327936,-0.6595230582214944,0.1894022274020841,-2.500953860264557
33.0,54.0,1000.3305053710938,-0.5082780052429312,0.4584694253902572,3.8728900663708448,-1.339428024521117,-0.1582755875256563,0.9463188182051692,1.500115369025159,-0.6117124449746028,0.0790795854332326,-2.360859975856671
33.0,54.0,1000.6861572265624,-0.7209107181531653,0.5342846167540323,3.915813666230165,-1.2032107802372218,-0.1039620786293369,1.05996201130999,1.3430413415922562,-0.7782006996652235,0.07196507949745,-2.5262237093560564
33.0,54.0,1000.2212524414062,-0.576283687371574,0.5193968387499472,4.019462170894666,-1.3995745973158358,-0.0623363457383101,0.9527278865644444,1.542325244239323,-0.7026133798595273,0.2140213001259292,-2.424197220606424
33.0,54.0,1000.3602905273438,-0.4954713480285591,0.4206479948436294,3.927969168123516,-1.144292256108519,-0.1601315910521705,1.0813556850467645,1.2772368988793588,-0.6463933642065669,0.1339203820875321,-2.4763326501687373
33.0,54.0,1000.6624145507812,-0.5757813181777598,0.4629439473382213,3.779503211220314,-1.360081560304593,-0.0711425343724361,0.9834801949150158,1.3607946734788907,-0.6141354554987384,0.1396252730290337,-2.293187946145088
33.0,54.0,1000.667724609375,-0.7066574691306906,0.5464579626507042,3.834008667234421,-1.303100188578043,-0.1177649438458985,0.9168585651310526,1.438395930118002,-0.7475559992067469,0.1470074587993526,-2.427656463491009
33.0,54.0,1000.3323364257812,-0.6063939416321773,0.5447638202500196,4.006445819322924,-1.2071416757958469,-0.0654525935686063,0.983840528817213,1.339396914936378,-0.7095852052545029,0.2302825759550799,-2.5008568320842244
33.0,54.0,1000.640380859375,-0.6131848831192057,0.4331552790981243,4.093771257356005,-1.1283053080338483,-0.0929151495265738,1.088986999072029,1.2812037756484251,-0.6972882722314653,0.3202838075556702,-2.698830520632389
33.0,54.0,1000.4986572265624,-0.623583269333702,0.4184828888369996,3.942929162072595,-1.3585057065181785,-0.1052427178439954,1.028155121808564,1.4188022296902698,-0.6567741701802472,0.0268599359529915,-2.4419413545607456
33.0,54.0,1000.7334594726562,-0.6775935313816914,0.6104822186140035,3.9327895826823926,-1.2646231449440588,-0.1809479022273343,0.9211242487837588,1.5527098610133674,-0.6762170205167113,0.1723101237487334,-2.5767930796353413
33.0,54.0,1000.38134765625,-0.713576228455497,0.5892656306557171,4.018822184855551,-1.215624883642763,-0.1031202721010799,0.9618118700968488,1.4899837610754751,-0.6547436884406475,0.157919223487851,-2.5850193933744743
33.0,54.0,1000.8530883789062,-0.7175989952331605,0.6791986923692983,3.986991146560776,-1.2375479140252177,-0.0760703205305333,1.0003052378240893,1.4746027962999335,-0.6902371835524379,0.0179918305955828,-2.75560733942992
33.0,54.0,1000.4012451171876,-0.6713583295461838,0.5831216722746477,4.032738801157318,-1.2547286253693557,-0.1685653870510126,0.9417136437120596,1.543723850118775,-0.7108824139130512,0.0785197747023431,-2.582560814514005
33.0,55.0,1000.235107421875,-0.6456011902688772,0.5729824031449535,4.072967412212512,-1.17126201101263,-0.0950560211401692,1.0048727856366293,1.3735521601091794,-0.7128895048690866,0.1857533502096808,-2.6543656815752312
33.0,55.0,1000.41943359375,-0.6770763640903015,0.6542662598709104,4.023174443364606,-1.0889904165712307,-0.1076705184582333,0.8205391641705262,1.3690696358305523,-0.6944796013054431,0.2964834024023304,-2.516706132276452
33.0,55.0,1000.3450927734376,-0.6525345922243293,0.6119194415164797,3.914265008689121,-1.1838217759205727,-0.0983751835795798,0.9282803656204406,1.3623604869170125,-0.6329232927562769,0.2170880267759587,-2.527799725762089
33.0,55.0,1001.2005004882812,-0.5866838413542705,0.5440428396720325,4.145479104303163,-1.0081464585423658,-0.1792481473530145,1.0008495462934217,1.2925425206908765,-0.7616839631762486,0.1722100267180817,-2.678966842946979
33.0,55.0,1000.2376098632812,-0.5612406445738118,0.4561980606483784,3.9950925936166897,-1.110916801135415,-0.1064301024902629,1.1375328439829993,1.31221623853971,-0.7001596875229508,0.1935235696134407,-2.492786515243587
33.0,55.0,1000.285888671875,-0.6088119416135562,0.5842870130590256,4.000500205926183,-1.1329492949132465,-0.1334571699144051,0.971829271688442,1.402529327607379,-0.7464081686791939,0.0758588153466561,-2.5260116753880744
33.0,55.0,1000.2559204101562,-0.6153505643749337,0.5033841987831611,4.035045125624075,-1.3321078254619034,-0.1545810557666227,0.9904876646834272,1.4400675029732968,-0.6828030137558194,0.0909024607471327,-2.523853976372391
33.0,55.0,1000.1958618164062,-0.6230682194716612,0.6035267477158479,3.9331977481704055,-1.3826296963357692,-0.1093913811149143,0.904427559375062,1.7011549514950115,-0.6319132779236352,0.1243583558139196,-2.4931732417195467
33.0,55.0,1000.974365234375,-0.7291121757867591,0.5001864852378626,3.877620401440327,-1.0984130330533528,-0.1214155041380351,1.0860454280013947,1.3356707176246472,-0.7266179654940119,0.1299426975395556,-2.540195027982421
33.0,55.0,1000.0687255859376,-0.6544590465560676,0.6577167725682607,4.065386045772666,-1.268408791608853,-0.1553723212179418,0.8157155675062402,1.4743820540174335,-0.7350763109257468,0.1927688965012635,-2.511058462669492
33.0,55.0,1000.1870727539062,-0.6490304535770584,0.5341830609117064,4.004269595916913,-1.23321878826805,-0.1440272599787331,0.9257251380722432,1.3808759303683775,-0.6355257099939307,0.1656430020704702,-2.4870461603062703
33.0,55.0,1000.1659545898438,-0.5958426561589789,0.4770370557540619,4.012156837723296,-1.273056179013739,-0.1517244719779782,1.010585557697837,1.372109931503509,-0.6916249640855225,0.2588843225357902,-2.4831292058407275
33.0,55.0,1000.2070922851562,-0.5840684105227387,0.4527644629926799,3.947307912691599,-1.1918137902732755,-0.1197278593823902,1.061672868292348,1.4050725673031463,-0.6957170082499928,0.2169664606093171,-2.4789131505788946
33.0,55.0,1000.8043823242188,-0.6281476082105195,0.4870584424194799,4.035114634368416,-1.066564631106131,-0.1557744826882388,1.1688372520574832,1.3600231286522853,-0.6951603494629337,0.3030106582836387,-2.627183210436319
33.0,55.0,1000.1728515625,-0.6364543102405085,0.4974683994591231,4.035768112022902,-1.3524614649364677,-0.0661647137347882,0.9579582115889522,1.4831937435351552,-0.6425310252976448,0.1206675217747523,-2.60265435271996
33.0,55.0,1000.26904296875,-0.6381691000570386,0.4509228440571515,3.990963833679244,-1.3430455903141802,-0.0353130263657952,1.0161425304194154,1.3733785272622177,-0.6605455900795656,0.1039463373074136,-2.5257740303357026
33.0,55.0,1000.3611450195312,-0.5506272976379103,0.3914261929656906,3.9386892749720896,-1.000154938992364,-0.2175757688428339,1.1007735125625482,1.2869139245575685,-0.5815944921498248,0.1546078589115591,-2.5109360851162634
33.0,55.0,1000.640625,-0.6629955247469184,0.4102825877769112,3.855386042314123,-1.1926037433520895,-0.0587043167006013,1.184656554732798,1.2882275408370791,-0.6942131891631185,-0.0034470714318732,-2.4792162654402814
33.0,55.0,1000.2767944335938,-0.6257077593239382,0.4974498849985531,3.7924280617612176,-1.2170540416726112,-0.1467724787636877,1.0036155411963854,1.471060103829882,-0.6319171836757871,0.0850995486489045,-2.3135009329925325
33.0,55.0,1000.2089233398438,-0.6778576727580603,0.574916261696198,4.017732953945526,-1.2620716561945966,-0.0947440836293909,0.9101399645621876,1.518387501877358,-0.6697389510409231,0.143235431548609,-2.5675942685455824
33.0,55.0,1000.2979125976562,-0.6036466348951199,0.5114674491891726,4.095445566234007,-1.3412052925358582,-0.0951786493833459,0.9796706985021952,1.448732117269726,-0.7127887964349444,0.297125344293355,-2.4597330932805006
33.0,55.0,1000.2391357421876,-0.5900829496953461,0.4663737747413261,3.87381339572109,-1.0600791113240664,-0.2148199781319393,1.042288375809029,1.2784331930459834,-0.6441679555257256,0.1081324871133038,-2.495728997634899
33.0,55.0,1000.4616088867188,-0.6447590726158863,0.6118460264541987,3.9869409836044696,-1.1515229263282096,-0.1207267574832871,0.9544646097312972,1.4399794050963957,-0.7328665682228106,0.2203489436960897,-2.599010842787339
33.0,55.0,1000.2406005859376,-0.678915972926049,0.5218005628016869,3.9729211453586863,-1.320496962187237,-0.1468794250844221,0.8735412910058704,1.531799534272143,-0.620919286894762,0.0945323815018772,-2.5132780443869214
33.0,55.0,1000.3973388671876,-0.5896209906240575,0.5241426567609171,3.919045585876312,-1.2516931392560688,-0.1126895420138627,0.9935738662069324,1.344885045202452,-0.6324463367232767,0.1421779492654407,-2.42874603829744
33.0,55.0,1000.3301391601562,-0.6705405511557725,0.4617659147578123,4.107036612112484,-1.37964282007189,-0.1070193719018464,0.9107927769046692,1.403462564746779,-0.6993363346799795,0.2903957375833297,-2.554356309508816
33.0,55.0,1000.3959350585938,-0.599409082387556,0.4910285265242597,4.028941089103265,-1.3437690943321727,-0.0305653461425263,0.9532449811601432,1.379811889611049,-0.669813515820211,0.1868463018797284,-2.449601304802733
33.0,55.0,1000.5499267578124,-0.5401492892988946,0.3862479688805464,3.859116188175152,-1.1419922763626218,-0.1912117089691456,1.1084498216251983,1.3762984569213543,-0.6781444236808687,0.1181316490403006,-2.3229789208319467
33.0,55.0,1000.4525146484376,-0.600828805161874,0.4897952389638007,3.8697817884245502,-1.1767302886700248,-0.1102619961898545,1.0575582455406654,1.4982808172606177,-0.6147576620699944,0.0926036882737593,-2.4794401606146272
33.0,55.0,1000.3383178710938,-0.6316283836808942,0.4780199078211344,3.7906770808327854,-1.1831689022178802,-0.1485460590398517,1.0148376383668776,1.4375109933918535,-0.5596796667142314,0.0685282579135382,-2.412346346614064
33.0,55.0,1000.183837890625,-0.5523104423493388,0.4474567287755011,3.9901991827383534,-1.2226422045925585,-0.1276243658124718,0.9849513034661186,1.3728718936767104,-0.6727286169985902,0.2531995241133611,-2.456413616544116
33.0,55.0,1000.45458984375,-0.6295582087956468,0.526389278513685,3.885246031856777,-1.2903728226223028,-0.0842509123924211,1.0254175030967223,1.4717789898611944,-0.636101561922545,0.1075604053027099,-2.4371829075473626
33.0,55.0,1000.1836547851562,-0.6180421843735404,0.556802385195593,3.946500674708048,-1.1484881173639607,-0.1481693071744647,0.9503428935083686,1.3994959753083345,-0.7456256677740445,0.223767805640918,-2.5119498570521896
33.0,55.0,1001.1864013671876,-0.4674978785149983,0.5258580484159658,3.93555544623934,-1.1846982049812875,-0.1580835353591014,1.0912207920078083,1.3561238084927505,-0.7566700347628634,0.1192007800698613,-2.4679739970651577
33.0,55.0,1000.5520629882812,-0.6150039578797726,0.5785794370548842,3.884571140429088,-1.0786206391860889,-0.1482061960517402,1.0360655771145204,1.4281206650310496,-0.6214080938234554,0.1888401706492812,-2.507120033642432
33.0,55.0,1000.2005004882812,-0.6662538262642395,0.3893867709186382,3.9745126166689353,-1.2837697308346256,-0.070658168336247,1.0489626289187235,1.3358604351166727,-0.6522914965180462,0.1866974128365957,-2.550180585756748
33.0,55.0,1000.2857055664062,-0.6189832556648778,0.4715009317421517,3.8119797294431166,-1.1705349476058071,-0.1831701386983688,1.0526613781309058,1.4721065293594702,-0.5755595684002675,0.0982874300458833,-2.457791781605272
33.0,55.0,1000.2578125,-0.6185657947454146,0.6409292243184614,3.9952086037430448,-1.24638689092188,-0.0935997141758058,0.867776617770244,1.392606950823268,-0.7382519284556155,0.2848055252161927,-2.451334802559365
33.0,55.0,1000.9755859375,-0.5223721496352765,0.5580677891242818,3.833229926072837,-0.9480767858665348,-0.1471838716515492,1.0928212933742325,1.2209236431419113,-0.6319000479022518,0.1575856181970927,-2.585353786718492
33.0,55.0,1000.112060546875,-0.5480264048132142,0.5758881165234522,3.881363157754732,-1.08453763408271,-0.1626400327720958,0.9874223162273408,1.3443296017696618,-0.7047265412610235,0.2244049170098749,-2.3784964344875026
33.0,55.0,1000.2119750976562,-0.6175730953681899,0.4995416687548442,4.05674068426543,-1.3745029706431025,-0.1238630117149295,0.8795272026363659,1.51542115497739,-0.6597958470378762,0.2215756892252764,-2.5055688945190813
33.0,55.0,1000.48828125,-0.5831842461931194,0.4193325110896415,3.881374887483576,-1.0976907169910572,-0.1262050809474741,1.1382271941371425,1.229382910957617,-0.674333843314197,0.0495869817634675,-2.5106511946610683
33.0,55.0,1000.4769897460938,-0.7692047605254118,0.5670578981745669,3.989914842966989,-1.1814631820834274,-0.0241572083952306,1.0025646346125674,1.1802157249708047,-0.7962021008538329,0.2148839591077278,-2.5727452283142145
33.0,55.0,1000.411376953125,-0.6041542272122946,0.3617034389044278,3.966216523735188,-1.1412266962942326,-0.0770750346305639,1.1969993694595713,1.2243371015503648,-0.6374825222555591,0.2511702959469639,-2.6238455188884364
33.0,55.0,1000.1497192382812,-0.6060505666529696,0.4111131504043621,4.032151778218342,-1.2406745843552909,-0.1048612084037712,1.0932717716998352,1.421504698896814,-0.6479915785006405,0.2390634248141188,-2.468931411694793
33.0,55.0,1000.236083984375,-0.718000021570548,0.5469387488887314,3.938827011476121,-1.276828580384203,-0.0205455433572456,1.066977501715353,1.39695542138098,-0.6800077213864304,0.0415787577301438,-2.687004552546941
33.0,55.0,1000.3284912109376,-0.5937185556802627,0.5260814474409088,3.9331539760580254,-1.1878050484191376,-0.2227205211293084,0.9772921393770986,1.4992301833048476,-0.7350757704173319,0.2119350618953319,-2.34021445378979
33.0,55.0,1000.6715087890624,-0.6072024973568695,0.5252545824694996,3.955739298723648,-1.209803687938698,-0.109262695157775,0.9894410142192278,1.337331451847863,-0.7655883388617957,0.1428784858808409,-2.6514371184253225
33.0,55.0,1000.0542602539062,-0.6555517577858803,0.4925785603725447,4.017096323773679,-1.1404869893739744,-0.0876572457864526,1.0217562992968263,1.3216102508025358,-0.7525311867726892,0.2663087451968691,-2.530588630451429
33.0,55.0,1000.2593994140624,-0.5785745268355793,0.4423019484883328,4.00036967485301,-1.1157919704482886,-0.1264710553656991,1.0197712959139738,1.1781747745942803,-0.6645002571796548,0.1795897058693816,-2.490560395603978
33.0,56.0,1000.0914306640624,-0.6220132117231945,0.5152415580749947,4.015614625257291,-1.1875641308375262,-0.1464328869681921,1.0083033751145818,1.439401494955165,-0.7199062590413181,0.2664751561362326,-2.494758557128241
33.0,56.0,1000.2548828125,-0.5355431304837186,0.4327758141711069,4.008496240588414,-1.1539843404119925,-0.1398339901822325,1.0388070068967572,1.382676364162167,-0.6609962830413307,0.2517948403469674,-2.433959650638093
33.0,56.0,1000.3389282226562,-0.6592472688822788,0.5505547698631865,3.9710654881120018,-1.2896326752335634,-0.1248252221297292,0.9499253660842352,1.5194821460068662,-0.6053850309663336,0.193841273105253,-2.479367960186912
33.0,56.0,1000.2174682617188,-0.6147589285999437,0.5237936361887865,4.08899189678624,-1.2687349251244058,-0.1438181378645868,0.9119148737410488,1.4557936482947644,-0.69676541606482,0.2730412157517179,-2.58414051620516
33.0,56.0,1000.5074462890624,-0.5895494579563767,0.496873659684458,4.105794464867211,-1.1728327451565477,-0.1435442741677386,1.0176851435212262,1.318329384471535,-0.8019035504095839,0.2545134485402158,-2.5418561726862414
33.0,56.0,1000.2919921875,-0.6167827291323382,0.549389600036454,4.007257614164931,-1.0713967416749397,-0.1550162667458297,0.9880682345356115,1.3259720456939172,-0.6293600998975126,0.2140320863004987,-2.5717772039727214
33.0,56.0,1000.2958374023438,-0.6697884531130036,0.5594986049145847,3.975415731209374,-1.2916613455334107,-0.1123402130690163,0.9761873022812466,1.440552581976534,-0.6531439549433475,0.1118170408083134,-2.559562478395617
33.0,56.0,1000.3120727539062,-0.6398109915877921,0.5947197819162913,3.83745517692306,-1.3155796142620786,-0.1466758629398077,0.8743827167419536,1.5388271552392396,-0.6368376447758513,0.1372041040261962,-2.3257805549005783
33.0,56.0,1000.1578369140624,-0.5172810905062191,0.572913907809868,4.037781098817444,-1.1553173393699885,-0.1301347369000414,0.9187638159995436,1.4347982515595683,-0.722916774999903,0.3042518398257439,-2.4318839046715985
33.0,56.0,1000.37646484375,-0.6386925783275004,0.5418123106763915,4.145927622597656,-1.3122455259649857,-0.1198275171044969,0.8263771268062916,1.4424837617974493,-0.7862182733506486,0.3415090362086994,-2.489433325188481
33.0,56.0,1000.6751098632812,-0.5942475695792107,0.6534657796510057,3.983020509582097,-1.2270375687466526,-0.127134117667901,0.8505011610664663,1.4584691236871272,-0.7674941790423544,0.3238740527799706,-2.4533553103919497
33.0,56.0,1001.0711059570312,-0.6813932689161986,0.467824681305089,3.9586607876082383,-1.477044799559304,-0.0135697041936762,1.017077002291172,1.4344405000178062,-0.6241480424849053,0.1925943801709104,-2.450803635935374
33.0,56.0,1000.26708984375,-0.5601832858133253,0.4840350231323489,4.102734591573022,-1.126925843714786,-0.1366886607062527,1.0366127454657237,1.348376047528285,-0.7221004566306242,0.246571179340437,-2.4752882948017167
33.0,56.0,1000.2119140625,-0.6234543196371156,0.5315398277299801,3.993287410406891,-1.1727463050360591,-0.0774846160623985,0.9708521457655506,1.3840021723012752,-0.7280345548832727,0.2831488281482519,-2.504546456166356
33.0,56.0,1000.0956420898438,-0.5911151234740997,0.5116540122604345,3.977087122067944,-1.2298884383439002,-0.1231132525820424,1.0082620215657716,1.4778315211866264,-0.6852406516380638,0.2518334157904922,-2.455475799337441
33.0,56.0,1001.0858764648438,-0.4943719377687481,0.4079282072945309,3.8651968502661056,-1.034633289920774,-0.1187952785226755,1.1517922764459438,1.1421944316987087,-0.6882782906569549,0.1794025587056626,-2.5243647052318616
33.0,56.0,1000.2620239257812,-0.6643314264964095,0.5003703379224813,3.994083112511895,-1.140683240499578,-0.1351904131774031,0.9651733693731952,1.245373469880242,-0.6130300872516337,0.2230412759227711,-2.6154379130389263
33.0,56.0,1000.4022827148438,-0.601645513158676,0.4589245364566121,3.969552821842802,-1.1246310736742524,-0.1245669282094077,0.9593012193649112,1.179832890773631,-0.7672611296171548,0.1644762696838819,-2.4073380732228378
33.0,56.0,1000.3272705078124,-0.4995213108894836,0.4625712661867531,3.869290836492264,-1.0343946085103104,-0.1974162446040308,1.1616236197978012,1.2293970960497438,-0.6420257744835656,0.1011713161579139,-2.4928958698739945
33.0,56.0,1000.2094116210938,-0.6605067507350988,0.5006154464504053,4.047716001243076,-1.3737061848900691,-0.0220993775390772,0.9745994065113486,1.4538722312103705,-0.7027732990501736,0.1000702867591201,-2.4968836510075527
33.0,56.0,1000.3299560546876,-0.6595352197275748,0.4850457030836743,3.854831590527901,-1.179947928677818,-0.1043069886442511,1.054499978666735,1.3395155213701395,-0.6811909800195011,0.2277324499195332,-2.4635607859952207
33.0,56.0,1000.1763305664062,-0.5601372755962082,0.518171535398273,3.9615265844615983,-1.2074053602948205,-0.1802762941834288,0.9844930372060824,1.4851941633920074,-0.6823970399809411,0.2568039955492605,-2.403475976444156
33.0,56.0,1000.6429443359376,-0.5774601299144937,0.5344756757023097,4.075582029189777,-1.457483026869379,-0.0926441017136712,0.8473844637466357,1.549873979904576,-0.7161027348848235,0.2718345471045094,-2.4550998081660937
33.0,56.0,1000.34375,-0.5520855109294507,0.4024689603530476,3.8887995023855577,-1.1276721762840127,-0.1098543907938589,1.0978176373688866,1.3069993135603228,-0.599136956489116,0.1198955146765534,-2.5058346890992897
33.0,56.0,1000.4765014648438,-0.7025343523907646,0.6237272068707025,4.016158671911548,-1.2726127828256883,-0.111921680552963,0.9453935906416566,1.502949463321558,-0.7556085719263042,0.1477109620723755,-2.533675714822303
33.0,56.0,1000.276611328125,-0.6361060379787533,0.5209688781044406,4.052360826992764,-1.1619508562255048,-0.10796369992915,1.0962254332718624,1.4185329513345106,-0.6975140431106324,0.2800488378483745,-2.547805910570021
33.0,56.0,1000.5084228515624,-0.5546399363213332,0.4748806035813384,3.963520861990777,-1.029112624459195,-0.2629538594561298,1.0507492392429807,1.3614107114908442,-0.7138570379478653,0.3599885453239118,-2.370076058356816
33.0,56.0,1000.2266235351562,-0.567557587819735,0.5167801778663925,4.01983153731457,-1.2342708779435747,-0.1623156108797765,0.9950376245730244,1.3868073020185625,-0.6934182568417979,0.2495073733441666,-2.489024801633516
33.0,56.0,1000.3426513671876,-0.628836641928868,0.5583548946512789,4.081021468730622,-1.2190795696011687,-0.0886784091708312,0.9593767665360522,1.3119791478143998,-0.69187929056414,0.1628301707272816,-2.608504563119599
33.0,56.0,1000.0770874023438,-0.6014287141148298,0.4852318042861947,3.9438677638348008,-1.1882094644523815,-0.1156717628658885,1.0468059464161108,1.416485045222605,-0.7124205678618791,0.201456803242098,-2.4501817360704714
33.0,56.0,1000.2313232421876,-0.6057209461099893,0.4962635475629433,4.01714019829663,-1.2005784763781815,-0.1488248266996015,0.992839322269127,1.3266131911793335,-0.676870186150941,0.0933914009790655,-2.5622319694150155
33.0,56.0,1000.05126953125,-0.6106412440497628,0.5314095483728662,4.017166386796999,-1.248528169877802,-0.1071774154630622,0.9450584809910624,1.4139262658207672,-0.734138867747248,0.2714366092251179,-2.448244694452422
33.0,56.0,1000.2849731445312,-0.6376754964587503,0.4667092586850607,3.968440358247317,-1.2566810035685974,-0.0610530418435963,0.991517961637765,1.2361018335023557,-0.6888696480066345,0.1792550438059859,-2.5415436663443804
33.0,56.0,1000.248046875,-0.6338525656663547,0.5424104331199073,3.984273701319896,-1.330905508918443,-0.0993554513030474,0.9321616413434716,1.3900390258168835,-0.736705988725519,0.2348280340427679,-2.4291139573666056
33.0,56.0,1000.4099731445312,-0.6714701965458509,0.4289480641766037,4.072721854976741,-1.2325635332504756,-0.0631479604527571,1.033693438822243,1.3543402228597383,-0.6592160298337593,0.3138388305557402,-2.585011936625275
33.0,56.0,1000.2279052734376,-0.6069381210408302,0.4600763352966126,4.065547662536204,-1.30539386266465,-0.0815995162736404,1.0043098104938109,1.4223040376536575,-0.6623395877439622,0.2474550848614489,-2.595465932583773
33.0,56.0,1000.7208251953124,-0.695134620904069,0.6215555757213398,3.851892746936299,-1.085967237603089,-0.1187344501934175,0.9873184804998516,1.3359624381269055,-0.6488496715432905,0.2833345369642002,-2.538319609953832
33.0,56.0,1000.309326171875,-0.7178773499971216,0.5746845581000173,4.034485027674348,-1.4215387193437523,-0.0427377259833408,0.8665694845334384,1.531666373985776,-0.7425816821214131,0.2177563648952238,-2.436081695976839
33.0,56.0,1000.4894409179688,-0.5299888472568606,0.5741186160520169,4.002404826800767,-1.1221931862608292,-0.1258170007186567,0.9227179408125163,1.404959493136846,-0.7652673971194588,0.197814722156588,-2.43964337965339
33.0,56.0,1000.234619140625,-0.7165252410847653,0.578960422085566,4.06924167370963,-1.1855556303072825,-0.1023017385791549,0.8968665518850196,1.331730558016316,-0.725361667587638,0.1748466705068825,-2.553256527559697
33.0,56.0,1000.1676025390624,-0.6112691594510142,0.5802081941428394,3.993560208829031,-1.3397029453816156,-0.1005096066642714,0.9125289513257862,1.536196944358867,-0.6987809818972641,0.1980368214442593,-2.3909667688610163
33.0,56.0,1000.0490112304688,-0.548649778077829,0.3968358583579476,4.1010493931694665,-1.0587349981081968,-0.1933541443896054,1.0385014158355617,1.2259825957435444,-0.6969376527221316,0.3618064361862547,-2.4997689510024768
33.0,56.0,1000.5201416015624,-0.5415699767206945,0.494182014817107,4.015670831646041,-1.409661536234761,-0.0953047078672266,0.9590706214047992,1.581255585780874,-0.7482524280187901,0.1787330746806166,-2.4000737090172573
33.0,56.0,1000.3510131835938,-0.6533656747301118,0.5459828780187159,4.027378409969437,-1.193409195663702,-0.1433681297180076,0.9486538748536636,1.335531199456362,-0.7418762653470088,0.1814258881863359,-2.4307604307694843
33.0,56.0,1000.3311767578124,-0.5608288660484115,0.5207948997373713,4.016278980456978,-1.174393879268059,-0.1234769280401764,0.925691202420616,1.355261176347156,-0.6813138759479145,0.228753133011982,-2.560081484232467
33.0,56.0,1000.2141723632812,-0.6754085512505705,0.5444231391096572,3.8999060408495154,-1.128704808511296,-0.1578696371095658,1.0037532959893607,1.351340824384291,-0.6737083390903456,0.2098519307158666,-2.38032194672191
33.0,56.0,1000.1046142578124,-0.6630654023749543,0.6651197461961909,3.997746741197045,-1.1915467464042615,-0.1444275414396036,0.8499011536256962,1.533525609804883,-0.6845951135060684,0.2957866028717895,-2.4942054505161098
33.0,56.0,1000.1385498046876,-0.5663983802766968,0.5719808946562193,4.016125081250609,-1.293867532266158,-0.160680993257297,0.9116143431334124,1.648962464102608,-0.6499819588506748,0.2945279949792496,-2.368092215371392
33.0,56.0,1000.3865356445312,-0.6532816321469621,0.4522912399043086,3.9770134097803904,-1.176050128343062,-0.061920917727213,1.0551847349970558,1.3400928649941193,-0.6715760839260607,0.1317490580326392,-2.5596463642264866
33.0,56.0,1000.530517578125,-0.6464231375912641,0.4838975354023827,4.120048717005867,-1.1628922223803615,-0.1717556829175084,0.926263524962204,1.3869141141676788,-0.7112533954791189,0.2245013456306068,-2.465017644913736
33.0,57.0,1000.306396484375,-0.6174887613162596,0.5568900902681504,4.024033686788387,-1.3388844888758005,-0.1250503083497056,0.8612241090203145,1.5987477198148792,-0.6978621168624386,0.272158621401144,-2.3722921262176526
33.0,57.0,1000.238037109375,-0.5188144907509793,0.5389354891156906,3.966201066413564,-1.0136300238531506,-0.1709011051002242,1.0269530599650212,1.2830387905731708,-0.7163620253887117,0.2514911212111332,-2.4625974654917653
33.0,57.0,1000.3255004882812,-0.6370895019159741,0.5732471880452827,3.9352556074044127,-1.0387849687549895,-0.1370748132457553,1.0175390467163306,1.4273355430723011,-0.6740552604809045,0.3575414736415814,-2.465352982705923
33.0,57.0,1000.5243530273438,-0.6096622653087209,0.6302527359374608,4.053812259254206,-1.3575555295176955,-0.0952982935739426,0.8529764912776585,1.5380644592740271,-0.7329619983149112,0.1910131967216894,-2.606673489200136
33.0,57.0,1000.3192749023438,-0.5845562376122011,0.5175847882933589,4.071888106400317,-1.295293540864236,-0.1724037990594,0.9800023186879568,1.5703270017773967,-0.6773160054372189,0.1311608362330112,-2.53810154876575
33.0,57.0,1000.4009399414062,-0.6008154397531609,0.5819410925835964,4.019818519345977,-1.3764661557500188,-0.0939463711269192,0.8697285862279038,1.541864499884925,-0.7637657740192196,0.2724356274134969,-2.3167294709457904
33.0,57.0,1000.2125854492188,-0.5093508978658798,0.5286956536520959,3.976087856698584,-1.242498634149987,-0.203194260937721,0.9314558026021764,1.5519809974567875,-0.7046150798083763,0.3085985418442352,-2.284029578653537
33.0,57.0,1000.1832275390624,-0.5814031989070427,0.631571857274773,3.967577909122229,-1.230287217321364,-0.1275926270251162,0.9287767876842477,1.4900072581580757,-0.7079037261172179,0.2156939297192668,-2.382062453599846
33.0,57.0,1000.3193359375,-0.5980222830144042,0.4307747918403795,4.051336263492441,-1.1874623241950433,-0.1358050508115491,1.0335852285941556,1.418789327895694,-0.7753495607704366,0.2690356025523766,-2.4166723244967696
33.0,57.0,1000.42919921875,-0.6504297156541288,0.5068214803174609,3.8457932731796856,-1.0462198675358998,-0.127804035863134,1.0460048502361516,1.2809876314120243,-0.6609843915294045,0.0412780890481903,-2.55444013224476
33.0,57.0,1000.2753295898438,-0.5678078217765057,0.556390523471725,3.87245506674484,-1.093982764704183,-0.1525276630617185,0.9957352134808516,1.345276170351141,-0.662852878778847,0.0892102602640951,-2.45232279339362
33.0,57.0,1000.233642578125,-0.4760574002079645,0.4415286821926489,3.999130078052609,-1.0947460332551322,-0.1980982600931664,1.060919425912722,1.385032705167779,-0.7394425845985877,0.3565503019565916,-2.258780620051372
33.0,57.0,1000.1776123046876,-0.6592652192915125,0.5024721607882432,3.9740283507694425,-1.248987543403866,-0.084732266836502,0.970793826425675,1.3413713250400754,-0.6949677850117597,0.1282595359945908,-2.508056311051542
33.0,57.0,1000.5741577148438,-0.6528206090543724,0.649472894692332,4.154390679514879,-1.4215374621772234,-0.0998757973772033,0.8653781178893594,1.734289153252191,-0.7693315817394542,0.2733528855385057,-2.492362896217138
33.0,57.0,1000.1768188476562,-0.5703592932943629,0.3886109433289402,3.938025619311748,-1.1436669957906132,-0.1676450228706087,1.0690328909759703,1.3051475052057029,-0.676367114708885,0.2774392087456467,-2.358107655128272
33.0,57.0,1000.6676025390624,-0.5357188918620839,0.5276096551370006,4.1002760883356775,-1.2500497622055362,-0.096385650864434,1.0205444074833083,1.5394379350751786,-0.8093363683810422,0.261889586399004,-2.5604281433820235
33.0,57.0,1000.4557495117188,-0.5529390847857654,0.5779497427561617,4.073312577918891,-1.1816738388139605,-0.1137946164066665,0.9554868911405076,1.5024740901906384,-0.7191827170228677,0.2742473065629669,-2.545217850034
33.0,57.0,1000.5183715820312,-0.5036191359432314,0.30336156457596,4.043745282674173,-1.0708618628757516,-0.1674655199060968,1.1617345654375768,1.2788859679081366,-0.696501750303061,0.4094269989967136,-2.417026338057417
33.0,57.0,1000.5975341796876,-0.5908010946417575,0.5797171216242241,4.075580152397084,-1.2614841910301458,-0.1451059833173769,0.9099667041893076,1.6305264196848537,-0.7219230050709395,0.2961415128341382,-2.502366653066872
33.0,57.0,1000.3200073242188,-0.5946282573634898,0.4841602853444477,3.944481598363046,-1.2356398497617067,-0.1259063576212398,0.9697209787504812,1.4005536855938772,-0.6944595155003936,0.3196454098316605,-2.3819096688348447
33.0,57.0,1000.2940063476562,-0.5967251013186061,0.5230500083890091,4.0424259376371605,-1.231521005258097,-0.1244542945435531,0.9669879398149428,1.402413806657668,-0.6871449206376425,0.3655271257643431,-2.488444175191402
33.0,57.0,1000.0740356445312,-0.578022033049824,0.5661925301833257,3.9345818323654456,-1.002351425369155,-0.2136585617919664,0.8715761014860499,1.2828128427851049,-0.6703942010394535,0.3461970132440841,-2.45906412499616
33.0,57.0,1000.5247192382812,-0.6836265278844138,0.3743078113298201,4.156311906699848,-1.3960459389101645,-0.0924427106073313,1.038059140624216,1.381613994876724,-0.6218322002547776,0.2061878058337534,-2.622444529463749
33.0,57.0,1000.6434326171876,-0.6347582623692727,0.4726902127492751,3.972536533320888,-1.2467793065639836,-0.0081218441137247,1.0226276546709192,1.3378917793878695,-0.685887636902633,0.2236750333720349,-2.602096296734459
33.0,57.0,1000.1026611328124,-0.5602687111619824,0.4079320981134984,4.022776077368896,-1.1530148335851749,-0.1503914970130431,1.03843643848416,1.3454778695820109,-0.6895472474261766,0.3110336978680408,-2.4710117733324366
33.0,57.0,1000.5406494140624,-0.5933234142363499,0.4972457803783658,4.022460592329647,-1.1123680641707605,-0.1134831550643218,1.0625847401852528,1.3963633137150762,-0.7415734616898844,0.2580568417408804,-2.541575338712484
33.0,57.0,1000.6197509765624,-0.5692758544264223,0.5768716905745395,3.9240761634736856,-1.169791174807318,-0.2456434337031083,0.919086718306346,1.5082703377647029,-0.7819892093824805,0.2880810781054173,-2.2332348481966635
33.0,57.0,1000.5504150390624,-0.5020500127870395,0.566712045160128,4.062169513374593,-1.1916658319972608,-0.1655366398861861,0.956778871419134,1.5535372045580438,-0.7632932351886428,0.247046759649808,-2.324292856095316
33.0,57.0,1000.656494140625,-0.562866014640683,0.5614825369186605,4.057205713049253,-1.1980372124430847,-0.1842943153127434,0.9664574653359111,1.565931985553716,-0.8028517477548194,0.3193544501713772,-2.358722293747536
33.0,57.0,1000.0595092773438,-0.5648394565110486,0.4891469885758814,3.965416967931372,-1.2082421623969877,-0.2315676477228736,0.9711982301691178,1.565800128284426,-0.6526025276807648,0.2542643053022679,-2.281597305596933
33.0,57.0,1000.3480834960938,-0.507899322181923,0.5093765523606555,4.109655203985172,-1.2462675525670512,-0.1319402259824205,1.0088483119736065,1.4604414638511765,-0.7675116056904345,0.3562189175959762,-2.4212657223065603
33.0,57.0,1000.058837890625,-0.6069526295099701,0.5610522443418011,4.076780310738156,-1.147442039227045,-0.2192536725923579,0.92259909452995,1.3914596309883764,-0.7113933260127334,0.3191501260556233,-2.478572304938837
33.0,57.0,1000.3499145507812,-0.5529836567551092,0.495015335042817,3.940620854207763,-1.3890727010560902,-0.1313557140106418,0.9734351832584922,1.6567572215655932,-0.663866344086351,0.1675313897506081,-2.3759510231997707
33.0,57.0,1000.2564086914062,-0.5748533281764798,0.4490960783303945,3.963452783918504,-1.2174717036158138,-0.1544653317692184,1.0048197576899476,1.3972723331676242,-0.6523451680525376,0.3049846399177607,-2.2642006189073256
33.0,57.0,1000.103271484375,-0.622637984405495,0.4877340837672967,4.039679295403872,-1.1726654423835905,-0.1955825588966036,1.0225864642172953,1.333559175951823,-0.6914397157524457,0.3144914263483134,-2.461909440600792
33.0,57.0,1000.462646484375,-0.5240933576745119,0.6013965651567856,3.873105387707936,-1.169354578736304,-0.2204431124575894,0.947357227507517,1.434668854693598,-0.7477631463239014,0.2521698439145767,-2.2667813126033947
33.0,57.0,1000.0415649414062,-0.5688909350081044,0.5305622648698458,4.08627143642849,-1.2011521556353348,-0.1481728589331137,0.9301680988221904,1.4293944612996086,-0.7142840686870082,0.2974986962548271,-2.4665849421235646
33.0,57.0,1000.1761474609376,-0.6293462288981191,0.4689091163512229,3.994649279607051,-1.094960058416992,-0.1789540002896821,1.0394189322667486,1.350683477148361,-0.7460237375967314,0.2710942464869088,-2.471791653034225
33.0,57.0,1000.2175903320312,-0.5781617596895448,0.4983816066397049,4.082830791926334,-1.2720440644129178,-0.1778820922294937,0.9630044976480114,1.510557944991522,-0.6895071972971518,0.2467846543921208,-2.375761052693832
33.0,57.0,1000.4386596679688,-0.7604816829669332,0.6784914367549426,4.0346796772284055,-1.2893554475950286,-0.0368128935326943,0.9124838626885357,1.6164400597402278,-0.7266811916442633,0.1745602841275895,-2.56892315684243
33.0,57.0,1000.24365234375,-0.5405723104206022,0.5957226187774385,4.04983488760972,-1.2164169772471212,-0.1586650212411342,0.8626814113049903,1.476271644566304,-0.7277786076179389,0.3581725214986964,-2.474520107357483
33.0,57.0,1000.256103515625,-0.608221050918961,0.6268878779170901,3.973499489845997,-1.2447825615951027,-0.171733170689265,0.9113867052669232,1.5018974835939574,-0.7434063105523485,0.1552917999383343,-2.459391654257792
33.0,57.0,1000.396484375,-0.6147907725108306,0.4841159070519207,3.8699320780500592,-1.1264414961714833,-0.1076058197499838,0.9931238597394598,1.4054161099649765,-0.5788548023468056,0.2423890279790068,-2.4180601223024984
33.0,57.0,1000.1516723632812,-0.5429968092782804,0.5261434152298197,3.931332318833052,-1.2188805223593393,-0.1749251324303475,0.986140619480544,1.4635807741957088,-0.7014491201048747,0.2232765647949026,-2.34878122986633
33.0,57.0,1000.3093872070312,-0.4651291737864422,0.4252574993475519,3.998331744641192,-1.173425012566924,-0.2229867626408594,1.0201087319123348,1.3967751383738047,-0.7167602906975219,0.2931361791115492,-2.231735085887431
33.0,57.0,1000.2759399414062,-0.6607682020193799,0.5156953082698177,4.092536938150007,-1.180017222210802,-0.121725000327892,0.9659534223326584,1.4415042852016615,-0.7639184890606368,0.3019173966776556,-2.5413179094734284
33.0,57.0,1000.2124633789062,-0.5900782816230183,0.4827160611491212,4.1287969577699855,-1.0965851066301031,-0.1652728678528445,0.996311390909006,1.367191238960256,-0.6941733047729839,0.3661476039146638,-2.504484645043671
33.0,57.0,1001.0091552734376,-0.6886114589477224,0.4281332253196179,4.224359604817078,-1.522787972929727,-0.0432137397667924,0.9615789935548732,1.623063187451928,-0.7080105686974933,0.1813388443389785,-2.6366396857382526
33.0,57.0,1000.062255859375,-0.5477702200052104,0.5433895285238899,4.02712266410129,-1.17427728490276,-0.1915047113545354,1.0026329315985605,1.5231788421097718,-0.7394756395186537,0.2958086501704624,-2.303120866368768
33.0,57.0,1002.644287109375,-0.6002250915538596,0.6884609854775139,4.0965208921006,-1.1830632240151608,-0.1406890632271764,0.7290390409261773,1.450355797067182,-0.8000139436911011,0.4414476416974118,-2.464649576406724
33.0,58.0,1000.638916015625,-0.6520747706582091,0.6793954304962551,3.99940889002111,-1.0867875181378746,-0.2453467907728308,0.8121450038989497,1.311186823165781,-0.7654819283864249,0.3549271552505786,-2.4710876687174537
33.0,58.0,1000.6431274414062,-0.5064822594051961,0.5122596006202462,4.094841154445692,-1.157253562541972,-0.1851210214278387,0.8972561141787869,1.499158962613346,-0.7973673899174312,0.4199683649531778,-2.329016787030426
33.0,58.0,1000.3356323242188,-0.6732123946127295,0.477784762869172,3.881288106849105,-1.2993191143572584,-0.0783127424488707,1.065997069766884,1.430889940680724,-0.6351506714401358,0.1217722408702801,-2.405502470119078
33.0,58.0,1000.2910766601562,-0.5496466735126795,0.5847582961987774,3.982909882017889,-1.1848722183773963,-0.1765489649405998,0.8663396503627805,1.5724139147731115,-0.6571646024152589,0.3308338121240775,-2.383650891517118
33.0,58.0,1000.2939453125,-0.5178656793782208,0.4778889399811721,4.0317418394780695,-1.2412103010329556,-0.1580488077007675,0.9604785521676752,1.4708245253283805,-0.7342015500733643,0.3089431540632672,-2.303581742423696
33.0,58.0,1000.9121704101562,-0.7467967748521795,0.5309685906567916,4.040624908565095,-1.2499047735318565,-0.0182352196821193,0.9611760307758228,1.4831052292536313,-0.7000664389807199,0.1777634795364004,-2.524390155949393
33.0,58.0,1000.6378173828124,-0.4940769414073358,0.4065545040316802,4.071497614821752,-1.2099990908780347,-0.2971435219598648,1.0218564735039637,1.4746084195946887,-0.6892151729969758,0.3354325400770914,-2.3105075203236347
33.0,58.0,1000.3941040039062,-0.5713229675380536,0.5740874175492863,3.946736413455636,-0.9665436623378296,-0.1843140032702654,0.9639363291710552,1.2781709023950114,-0.7905950582662484,0.3025786789617379,-2.331573939123999
33.0,58.0,1001.1222534179688,-0.4739295511301744,0.4384185471025015,3.827017814903341,-1.2748495899740502,-0.1259388531709353,1.0435677683133855,1.458364516266785,-0.696267695057176,0.2437630872199028,-2.238557872238443
33.0,58.0,1000.317626953125,-0.5271656762949126,0.4936125921553644,4.174270117713627,-0.9844736083274136,-0.2492525569981758,0.8602532769842579,1.3540655361067335,-0.7570307501703306,0.5350916356043589,-2.349203981828341
33.0,58.0,1000.3060913085938,-0.5659659858641533,0.4299243433105859,4.008356660217732,-1.041367763268596,-0.2244324873071894,1.107758435123838,1.330943497242485,-0.7414030769460842,0.317883032012177,-2.4338535339172007
33.0,58.0,1000.8526611328124,-0.6881232471940715,0.5633570285793379,4.174900959863928,-1.2568911639799971,-0.0465883295633604,0.9647407865188784,1.2607268737539554,-0.7234938701563429,0.1019482302245835,-2.720234522805441
33.0,58.0,1000.2496948242188,-0.5737568652668106,0.5536108944106166,4.004120326102642,-1.2495382543005782,-0.1928819009538411,0.8900215889144221,1.4514707148045591,-0.7292494464046122,0.1484104685999483,-2.518295682490248
33.0,58.0,1000.1932373046876,-0.6006477455607797,0.5171001835727393,4.075213288252019,-1.1457695605508151,-0.1896032481858798,0.9328831551802884,1.472556261095253,-0.6470209363468911,0.3565573792646521,-2.498004312774032
33.0,58.0,1000.23388671875,-0.4671614047197394,0.5744607370234771,4.02478730625438,-1.132299031057571,-0.2557336485829324,0.9165201865620922,1.463700815161593,-0.7299718788744958,0.2603181809089561,-2.320768885803512
33.0,58.0,1000.3854370117188,-0.5602189537633153,0.5061720353630053,4.1024436034307215,-1.2939045756886889,-0.108799541520443,0.9764485957739932,1.441687589748474,-0.7190490049940337,0.2427187129766252,-2.404852938437729
33.0,58.0,1000.25,-0.5490749518955846,0.6967952387163283,3.9495365985180335,-1.100901011327633,-0.2419679050699894,0.8157618893848673,1.467775875158155,-0.6664995367203996,0.325373016579995,-2.413436788205474
33.0,58.0,1000.702392578125,-0.6061974826773318,0.4034813638403776,4.041624622151986,-1.1984002308299455,-0.0645944318834867,1.0587540175754109,1.2902035840926542,-0.6435353736792635,0.1969432485716034,-2.6757436014171523
33.0,58.0,1000.2958984375,-0.5648602504118898,0.5925969603020933,4.102440458041869,-1.011843612669928,-0.2755127875087986,0.8681325670522604,1.3801469080960498,-0.7845340346105791,0.3705765954180195,-2.36149406852407
33.0,58.0,1000.6171264648438,-0.5672918693126352,0.4822277537917294,4.001331062830076,-1.0163165269419934,-0.20156804273934,0.9587154539375264,1.321259404737388,-0.711555717195087,0.441273414697739,-2.4912317952543783
33.0,58.0,1000.3165893554688,-0.5973048845331359,0.6332634650309465,4.015722534921636,-1.1727718634436957,-0.2123288640833545,0.8469928448414556,1.5644700431446426,-0.7302826685745512,0.3593618986468332,-2.328648300724426
33.0,58.0,1000.5767822265624,-0.5199267770267513,0.7097875606592376,3.818924277063152,-1.272448432377579,-0.2094090885536141,0.8202864196766013,1.6754912260373525,-0.6844082515944407,0.2992397402194555,-2.094750591216017
33.0,58.0,1000.1348266601562,-0.5507574250136118,0.569916298458514,3.956139836057584,-1.0943991792232797,-0.2622783046620816,0.9281493201426548,1.465447085564047,-0.6755789118185831,0.4015923341187752,-2.2901684448784616
33.0,58.0,1000.2725830078124,-0.5614610823492114,0.4973509000360359,3.956999955889435,-1.125115983386225,-0.1209903560780123,1.0390205275012256,1.4269615983523796,-0.6793815716610885,0.2554226944017612,-2.4561927816016715
33.0,58.0,1000.4365234375,-0.6478541450602169,0.6107607850226469,4.124390532094065,-1.2920244460516734,-0.2016828586845518,0.8538510171089051,1.5598618369932993,-0.7133405298553592,0.2548181222420815,-2.608903165136541
33.0,58.0,1000.1610107421876,-0.5801152629276114,0.4883882280189366,4.028901011560459,-1.2759567581103957,-0.131172248056842,0.9775988469398484,1.3981759083724334,-0.7332702026055831,0.319821487735803,-2.4444384018019205
33.0,58.0,1000.0282592773438,-0.5147472407872282,0.4289083211285298,4.008440526898806,-1.017606020702693,-0.2069022989160123,1.0627368282653524,1.2637073503840115,-0.6530923462543976,0.279565161620841,-2.4593494131210987
33.0,58.0,1000.7884521484376,-0.5615746292451345,0.6039481656402215,4.215779092291815,-1.2979620983113014,-0.1449377891494592,0.8782013488548603,1.6728398692233393,-0.8149302762758444,0.3579648750844457,-2.4554056641646578
33.0,58.0,1000.417724609375,-0.4611025982549703,0.4602639586378316,3.9514232013563593,-1.097708178360362,-0.2509578078847436,0.975329870155937,1.3442437140844188,-0.7065691560612777,0.2324068913857342,-2.354451056052334
33.0,58.0,1000.2227172851562,-0.5950016057120733,0.6438640503922244,4.138862962441118,-1.190005677230162,-0.1866718673412464,0.8559589250520325,1.4308470326503837,-0.8336455394764188,0.3262096956681981,-2.381604141612404
33.0,58.0,1000.2051391601562,-0.5902486160978899,0.6481465369531758,3.995244056948753,-1.3116022266576524,-0.1339237001293449,0.8733854458853818,1.6081010013895627,-0.7004819514447833,0.1394974032062679,-2.443456381221672
33.0,58.0,1000.44384765625,-0.4825658133114565,0.3824684415421373,3.998949187873946,-1.1725154162529368,-0.1192179112794411,1.0487513906569568,1.2613158588040942,-0.6310302787258095,0.3184133778612299,-2.4223835085644696
33.0,58.0,1000.3895874023438,-0.6909289157534051,0.6036371296820313,4.0526394927727925,-1.1513807420155042,-0.1283848115355166,0.9719652798295916,1.3653026016750625,-0.7478958618948504,0.1672365935140929,-2.581788750701807
33.0,58.0,1000.125732421875,-0.5885110422017039,0.5083629242654144,3.938923969319616,-1.1021006853977011,-0.159124160641916,1.0298923487100096,1.3569798455118232,-0.6973398338549321,0.1952340348085641,-2.4190356789733443
33.0,58.0,1000.574462890625,-0.6289110758006542,0.6058997106093944,3.791846537180364,-1.1088522170397377,-0.1167842951631099,0.959878454041629,1.3920793285152842,-0.5762399092816999,0.1427522528738576,-2.4310136180595188
33.0,58.0,1000.635009765625,-0.6196646331095401,0.6788217310779654,3.914484755646667,-1.4790370072211774,-0.1526918669821579,0.7617154855763575,1.649093779714387,-0.6682805896146018,0.109254674275558,-2.343570923267184
33.0,58.0,1000.4933471679688,-0.5977819334714312,0.4246184584491184,4.049440476979985,-1.3783126808167854,-0.1188490275695857,0.9401419935622456,1.4885976170375246,-0.7102011826888122,0.3109480756028926,-2.402916487507418
33.0,58.0,1001.0682373046876,-0.4908089378061522,0.5804489418186298,4.158807299791254,-1.2774084334602192,-0.1814008451577944,0.8824714562969636,1.5265233217402576,-0.8555505639000422,0.4005989734874351,-2.215849374040511
33.0,58.0,1000.2041625976562,-0.6169397378226211,0.5037505730999401,4.117312855222529,-1.2416429126315736,-0.1206881122369676,1.0161727595889474,1.5535708070862846,-0.7137965489034803,0.3477790602219732,-2.456266626114977
33.0,58.0,1000.4219970703124,-0.4160613332512239,0.4127818279299289,4.047017228291692,-1.0795422616539527,-0.2166025067623032,1.0018552177465576,1.3261787448594742,-0.7072531614671291,0.5055199819425615,-2.249282491448999
33.0,58.0,1000.2548828125,-0.6181224891562156,0.4989948444603538,4.043314373216797,-1.1109901910021511,-0.0824782292053987,0.960962094003623,1.2133874421723227,-0.7097232661035529,0.2228253282009129,-2.6210351797074223
33.0,58.0,1004.5634155273438,-0.6021536243099348,0.7506421807022985,4.103630145222196,-1.2830871657572205,-0.153908437427634,0.7276582102807545,1.6212911610342378,-0.7753139400178526,0.514198527855906,-2.334969192290087
33.0,58.0,1000.3547973632812,-0.5910928825838422,0.3924506469352904,4.080896845480735,-1.0656894481318742,-0.1083041273100136,1.0467217873609638,1.1240352539696552,-0.770581828306967,0.2905930577043207,-2.540192764525393
33.0,58.0,1000.1560668945312,-0.5778588293261482,0.5235506347080836,3.9571196921281793,-1.2463795801068,-0.1895345707882922,0.9640194305986932,1.505380714024643,-0.6087573938958482,0.2001254293573868,-2.3618884960276985
33.0,58.0,1000.2489013671876,-0.656637913494369,0.6349726543950895,4.037280426411003,-1.364071322426196,-0.101365985548024,0.9092002655880416,1.6004936004760122,-0.7484817022621506,0.1868842691486403,-2.442744592356516
33.0,58.0,1000.8784790039062,-0.3750951502081996,0.3374242922821207,4.070831277058712,-1.0600474419608537,-0.180195577963909,1.1485828121234043,1.2739331507387757,-0.7011576540024809,0.3635705413869541,-2.302288858530858
33.0,58.0,1000.2457885742188,-0.6092793105864738,0.5610396688507642,4.065829649928434,-1.1033041734238664,-0.1072639746033283,0.9936891120464066,1.356868460626961,-0.8401762898325513,0.338822516796128,-2.408617038183985
33.0,58.0,1000.3720092773438,-0.5828987037862445,0.4017177008730686,4.04348352540686,-1.0110230618664944,-0.1704608210363929,1.0677337030413323,1.2375307113069844,-0.6728917464051563,0.4383020813052294,-2.495782497222293
33.0,58.0,1001.0836791992188,-0.7610983177099335,0.7322684198535363,3.903829408746498,-1.217166314223903,-0.1735110697306296,0.89411588898456,1.465015298811661,-0.6790779098937332,0.0164396877573347,-2.555786428447385
33.0,58.0,1000.1600952148438,-0.6132608443181295,0.4892370903537628,4.004045871732076,-1.3117106387659685,-0.2071499638845937,0.8847391533480851,1.479444628662546,-0.6960369184447259,0.2476429649552791,-2.373507269342248
33.0,59.0,1000.1416625976562,-0.5890178282490792,0.4944891931247959,4.091554687938498,-1.3502817363252095,-0.1349830355248213,0.9072268259645552,1.4377957144892894,-0.6622521289118071,0.2133469037251671,-2.4950060186493515
33.0,59.0,1000.0634155273438,-0.5160603192616726,0.6131835257017801,3.977321336407913,-1.2658896979458496,-0.2269692796093041,0.8544969355209364,1.6109553337093985,-0.6180799269894148,0.2143268908998905,-2.3496750111756004
33.0,59.0,1000.5186767578124,-0.49284208963254,0.6051304334720218,3.993897018570024,-1.214104998399402,-0.2793150813194529,0.7884841948259442,1.6169157217053505,-0.6999206383871126,0.2764740249914101,-2.240846586789307
33.0,59.0,1000.2869873046876,-0.5896395479078906,0.450103410724326,4.021386838122012,-1.0320305225379522,-0.1932242944969289,1.1116714809339543,1.275085977744597,-0.6631097498420937,0.2901290309896946,-2.545017040907368
33.0,59.0,1000.152099609375,-0.5178153853863252,0.4561115685556096,3.9911640112479727,-1.1340691780786178,-0.2182750801778912,1.0167448702498971,1.3378385275429752,-0.670955885163889,0.207232848866953,-2.370991590226243
33.0,59.0,1000.4495239257812,-0.6519930605079498,0.5159286071414186,4.025364330568896,-1.0793063699014347,-0.1762319172898241,0.977187827340237,1.2921573198131195,-0.6986480518699265,0.2126495013426357,-2.6295229522272834
33.0,59.0,1000.4714965820312,-0.6247408289197933,0.5555235953948596,4.081597947381216,-1.0944367491017823,-0.0770017478590627,0.9670784048861768,1.302778804877608,-0.7335264294418273,0.3473344281060422,-2.59881212786988
33.0,59.0,1000.2178955078124,-0.6220999187241656,0.5389737841579993,3.8871086900488248,-1.1871736810833855,-0.1439058891595053,0.9931860138665528,1.4019340238439062,-0.6960326108602803,0.1274992810863313,-2.425870710115166
33.0,59.0,1000.4503784179688,-0.5120430543126488,0.5681886977149375,3.9307137713374942,-1.2346546481001668,-0.2497126727503467,0.8715974790544632,1.4493406159861122,-0.6425435062230287,0.3188021231215145,-2.3010374314020208
33.0,59.0,1000.2171020507812,-0.4979631890993792,0.3808345202178342,4.023448634320904,-1.1222280214374738,-0.1839751798443192,1.121357521979812,1.333311561658597,-0.7012522400005219,0.2925112805191387,-2.3219114738958497
33.0,59.0,1000.6425170898438,-0.6399135721369191,0.5685037264802828,4.140907953396738,-1.225024189661292,-0.1070156574090832,0.9103093058573322,1.6006858707770937,-0.6712665259610278,0.3085779897034868,-2.472152157887702
33.0,59.0,1000.241455078125,-0.3802561635840407,0.4084524208675884,4.02250550158443,-1.0143556386127588,-0.2604603813394366,1.0102232070104522,1.3642509331234134,-0.6966106374827179,0.4154958955445034,-2.2777555759075114
33.0,59.0,1000.2487182617188,-0.5286831582869063,0.5334331787375755,4.029842655607714,-1.3438789939183438,-0.1910275719182816,0.932327602202852,1.588210871838931,-0.6678946159958343,0.2481291548037214,-2.327411474483396
33.0,59.0,1000.3341674804688,-0.5715800058496887,0.5426493430546984,3.968282813727957,-1.2409909336904357,-0.1672491490377323,0.9647568315423438,1.494439132107375,-0.6813247662262505,0.1048826849231563,-2.5549441300901243
33.0,59.0,1000.3129272460938,-0.6075741496333524,0.4705334776579093,3.954053362480078,-1.0672773903016437,-0.1195577403717997,1.0645889880331572,1.2684756421628194,-0.6674327329216636,0.3206156452663089,-2.566124348591205
33.0,59.0,1001.0296020507812,-0.4695369977846502,0.5537715850937319,4.009748355933901,-1.2272381105832073,-0.2988705813543193,0.8598926636547288,1.6228393077631456,-0.6824021909644831,0.4465109650536423,-2.1784467607163096
33.0,59.0,1000.4362182617188,-0.5437460166240653,0.3271711069011314,4.150880521840355,-0.9730666191863372,-0.1820450512871527,1.119615286441368,1.1054038170984146,-0.7114475911667748,0.3691630118532867,-2.6461256751565205
33.0,59.0,1000.0934448242188,-0.5766531469808625,0.561434914290424,3.986389592383613,-1.2454759822955408,-0.2377757821236965,0.9329305873447788,1.5936078107219656,-0.631325584873732,0.2646963818883074,-2.331608390197913
33.0,59.0,1000.1326904296876,-0.5104260796905811,0.458276098149712,3.9782632078386087,-1.1511810426032696,-0.2017213889781057,0.9416627692361343,1.4207947033312198,-0.6546696338342874,0.3725192108439596,-2.2092799375183865
33.0,59.0,1000.2277221679688,-0.5245431073579931,0.2818709751010475,4.002352294070729,-1.1628092574669182,-0.1995400600261678,1.1857043473487303,1.2717822690618252,-0.6692540762494286,0.2452553493880547,-2.430641153528149
33.0,59.0,1000.4343872070312,-0.5886155453624422,0.4564534904567328,4.087008757316363,-1.0304404221706092,-0.1304472653611919,1.0382106734923315,1.310139998767129,-0.7002135869236596,0.3321244256277298,-2.4386601093287497
33.0,59.0,1000.1724243164062,-0.5495240517904172,0.5960532024376777,3.995853088309144,-1.094008162194276,-0.239118074221091,0.9260775911812456,1.493325100848394,-0.72434258871324,0.2160490315811856,-2.36600815047983
33.0,59.0,1000.0828857421876,-0.6599126962246462,0.5730632811445089,3.9774261894474208,-1.1090947425891509,-0.1182350096275106,0.9410646291544236,1.242320961825401,-0.7391200012646131,0.2782635026156406,-2.477014913885505
33.0,59.0,1000.1068115234376,-0.5768343022492086,0.4176495495681216,4.137130235395047,-1.0647395913561803,-0.1396451921117503,1.1095650036729865,1.31387020664822,-0.7513103869554287,0.3404674855029395,-2.4975767624678906
33.0,59.0,1000.0733642578124,-0.5967886933197395,0.5029828445066613,3.9612637057032254,-1.1561934645221503,-0.2047596425257776,0.9698024934678396,1.4389634469303916,-0.7084359254444212,0.341624211697181,-2.238667257734708
33.0,59.0,1000.462158203125,-0.5518671510822246,0.4350407988300855,3.981498443683442,-1.1477983839305916,-0.2131098224866443,0.9434046295198736,1.3071450559355622,-0.6816281448442769,0.1853502498014103,-2.379591095132641
33.0,59.0,1000.3878784179688,-0.6517834791123738,0.4047855541370468,3.9872529424888974,-1.1283618469749657,-0.115737323175372,1.0680339228767703,1.269917263053645,-0.6392372418934054,0.1504950790872534,-2.551400079822956
33.0,59.0,1001.3057250976562,-0.6735153334674351,0.6705396730136286,4.133072863338828,-1.2677282972195143,-0.1168950671036208,0.812836340221609,1.5393857220260276,-0.847437689180639,0.3850002871582747,-2.4699791981068344
33.0,59.0,1000.5704956054688,-0.5498625274010642,0.4286211494627743,4.1137556359766005,-0.9978542228383542,-0.2191313254900793,1.04640760957171,1.3238009783283715,-0.7688063376530909,0.4680883076259503,-2.3510285271549805
33.0,59.0,1000.1033325195312,-0.5987195774603098,0.5380814543452361,3.985763163393454,-1.1824831967574174,-0.1464448197580097,0.9038832029798112,1.34776138193045,-0.6451570076831885,0.1874236528414208,-2.582562787352842
33.0,59.0,1000.25634765625,-0.5542244063098556,0.491368131053659,4.043269668170581,-1.2060380765847585,-0.1161590072489486,0.977753730828617,1.3049140507256,-0.7068860601914935,0.211524996428257,-2.472228009298302
33.0,59.0,1000.262939453125,-0.6950120809337061,0.5086689572645433,3.972466401866344,-1.2278784016904885,-0.0978507449867169,1.0316801671615092,1.3736415907138353,-0.724569984200393,0.2212976864031466,-2.417710883318011
33.0,59.0,1000.2240600585938,-0.5922217690927667,0.6882795241736304,4.080709954587144,-1.3014365552471467,-0.1291934787244422,0.8456619448935037,1.6269708709956294,-0.698601443933808,0.2922219121586273,-2.4973055910658863
33.0,59.0,1000.423583984375,-0.6697496759238222,0.5459899964029526,3.9096396836818688,-1.3657751342717357,-0.0181549737882127,0.9733019228902452,1.4831401007877076,-0.6810746776537773,0.1475592167053854,-2.4925802990750383
33.0,59.0,1000.1155395507812,-0.6399183631246528,0.4859269865730775,4.07304336861116,-1.2258348760537556,-0.1591677061028322,0.957067722759822,1.3872249408298654,-0.6949673599794535,0.3446746495259258,-2.4620308551206227
33.0,59.0,1000.3304443359376,-0.5891725071965572,0.5383952175195725,4.034998660920335,-1.0921923061499843,-0.2474378730578612,1.0301357245721814,1.5211845978034937,-0.7412835573858061,0.2412882078303893,-2.403863768661912
33.0,59.0,1000.2640380859376,-0.6620554218921804,0.5618864455941832,3.927990439000341,-1.27530818520757,-0.1551703773804797,0.8962722037570572,1.5658388970976231,-0.6580264624538774,0.233534325762541,-2.3842267276470155
33.0,59.0,1000.5302124023438,-0.6013114672231392,0.4307102947336965,4.068300547019737,-1.069974979887407,-0.1994895308575577,1.0640177206093924,1.1662653429915446,-0.6563586572580551,0.218783004656295,-2.531766165961577
33.0,59.0,1000.0996704101562,-0.6110249884070189,0.5258238995196871,3.995726656639506,-1.3501384335457898,-0.1755267905576021,0.938742681293018,1.5969682856533494,-0.6212840115904941,0.2742036753686356,-2.3881859241989045
33.0,59.0,1000.0436401367188,-0.5440547932911928,0.5820652362482868,3.988347680160063,-1.1135038913531674,-0.2298041634976266,0.8792793351618409,1.5193440251690662,-0.6429317187395398,0.3403032158859673,-2.317061694675748
33.0,59.0,1000.077880859375,-0.5071163127951648,0.5752961884222714,4.112506427899243,-1.086300552835,-0.2392442899170461,0.911040546615788,1.4358625913285916,-0.7537552911754553,0.3383995372836033,-2.335213497414512
33.0,59.0,1000.1486206054688,-0.5223409883176746,0.5592832768511915,4.020689837629142,-1.108343133981652,-0.2696329915654676,0.9153616827257852,1.5118797903451933,-0.6944235149814748,0.4401961775280449,-2.297974178073772
33.0,59.0,1000.0853881835938,-0.5544035689013285,0.5817418572761586,3.986834373383776,-1.164519628382033,-0.1892382154293752,0.9426422242533334,1.4667442382169318,-0.6631535680735015,0.354460484367312,-2.373155820185291
33.0,59.0,1000.5517578125,-0.5789469958996314,0.6291242398088546,4.0732990525125725,-1.2070908221457255,-0.2448664120731338,0.8368634998593292,1.5826330324875908,-0.7525573951537599,0.3482031658883313,-2.34999822065828
33.0,59.0,1000.1649169921876,-0.6143344935511319,0.5490381536861468,4.064593862861251,-1.1718327634731662,-0.1716349620219484,0.9911376305914938,1.4165038559518734,-0.7202372431205379,0.2752730628543842,-2.4841206892084133
33.0,59.0,1000.2686767578124,-0.5880436118337942,0.4381750567637619,3.87323833765276,-1.28728535799624,-0.1273209919770757,1.0738560712206071,1.414725155030375,-0.6220992390723481,0.1435982800802993,-2.386149689033976
33.0,59.0,1000.2758178710938,-0.5360380764386949,0.4215969851156274,4.0010771587471226,-1.232471681653453,-0.171100584983888,1.018317037298054,1.5006597004009414,-0.615567931156594,0.3297646701626266,-2.301497600098896
33.0,59.0,1000.2843017578124,-0.5859421388931372,0.5474749138067256,4.1224477370546815,-1.1687253236343658,-0.1335228036500355,0.9759361029782968,1.446467792864059,-0.6790213941440211,0.354540300190898,-2.527093541595279
33.0,59.0,1000.2174072265624,-0.5924025469865457,0.6465213905444802,3.918238982812884,-1.2171934726602092,-0.1766156021703322,0.8699525740281819,1.502330296093506,-0.6777121413999803,0.1534518439909966,-2.509371537683315
33.0,59.0,1000.3224487304688,-0.6046005852932552,0.6094681016465655,3.9004600940198113,-1.149282210862169,-0.1518288982054718,0.9785289560047924,1.3876425042007163,-0.7513993109424613,0.0629738501151067,-2.4392852754771512
33.0,60.0,1000.23876953125,-0.5068442434408276,0.3741320856755203,4.118591742198877,-1.1553883956460274,-0.2369014688199868,1.030918989259507,1.3921654403967487,-0.706763491697882,0.2819215532905774,-2.3084877641286203
33.0,60.0,1000.1690673828124,-0.4797025841012283,0.5751271784122602,4.134434318201622,-1.0568723357818044,-0.3458155345956806,0.835637341712868,1.4983060589279908,-0.667114976152277,0.3976256015134858,-2.29684874053169
33.0,60.0,1000.0276489257812,-0.6298555522497393,0.5971111946343903,4.019046738037604,-1.3010141027728697,-0.1941129827757901,0.8498737233842188,1.4938660772967405,-0.6687986217634991,0.2606130599003489,-2.383321195161173
33.0,60.0,1000.193603515625,-0.526522776301503,0.5210048885366003,4.11846731771398,-1.1901432781573682,-0.2298018987617816,0.956349686543324,1.502205618579576,-0.8064271504836205,0.4089612051846636,-2.2355820106957216
33.0,60.0,1000.2190551757812,-0.5814327693210766,0.5147390000350951,4.116388842346332,-1.1775280713491476,-0.2092814117135235,0.8432089134826803,1.527736682383094,-0.5796061841436977,0.283880922618076,-2.4525671685505364
33.0,60.0,1000.2393798828124,-0.6384963664172059,0.4449665891463894,3.9661818052850144,-1.3237225042461196,-0.1037571352147299,1.0840018625108565,1.494021224245582,-0.6646545050339112,0.0509660357403953,-2.5182422454245748
33.0,60.0,1000.190185546875,-0.5622168198571895,0.5119581656406371,4.065409516240109,-1.2512945625337184,-0.1794160745951805,0.9756804029430342,1.4301899270349026,-0.7640026904392165,0.2811918879807535,-2.34357156211066
33.0,60.0,1000.4822387695312,-0.4372017620216271,0.5593387901239559,4.109695777862184,-1.1833262483040254,-0.2348506886034629,0.9502857133992428,1.5414030799612537,-0.6844368441784603,0.2960456700572891,-2.3812977329787035
33.0,60.0,1000.1395263671876,-0.5729355623225416,0.5287929946429664,4.074976799950512,-1.1566573700029583,-0.1793974079974889,0.8616861149121293,1.3857712822605972,-0.7222536833390931,0.3715859215979211,-2.361564473485153
33.0,60.0,1000.5125122070312,-0.6624074934800523,0.6277260124675168,4.071545734704191,-1.2190368430172345,-0.1774820147712166,0.821231120106348,1.5680277716762705,-0.7690606483471134,0.4238418667277202,-2.290221587304728
33.0,60.0,1000.5108642578124,-0.60651825475178,0.6388383505453019,3.901608986413409,-1.072276388564216,-0.1413237086382341,0.965682833705169,1.4492738126740967,-0.7023729579077251,0.1880867702684874,-2.482227185263726
33.0,60.0,1000.2054443359376,-0.4716458028748169,0.3855521739428882,4.0744874152681625,-1.0130838339455472,-0.1989281215675609,1.0620010214035709,1.25350035952121,-0.6822125162052082,0.3278424070098058,-2.391528617408245
33.0,60.0,1000.14404296875,-0.5950367252039843,0.3832033587283154,4.117224812236884,-1.069046836617595,-0.1324593334110959,1.097607521336009,1.1778508360971465,-0.775682311637147,0.3152547429284613,-2.54028303248051
33.0,60.0,1000.07470703125,-0.5282420113172472,0.4823019931040084,4.028218791329783,-1.1793201615275877,-0.2108790481529778,0.9465513072698286,1.4202438276209095,-0.6508616843355055,0.1901069121855103,-2.439043305336673
33.0,60.0,1000.2311401367188,-0.5093012053460102,0.529045333573027,4.143070025695797,-1.1631347555720557,-0.2042100581244126,0.9219075141520872,1.393471651052149,-0.6518847208813998,0.4523588803377008,-2.4405666222652025
33.0,60.0,1000.2286987304688,-0.5396644494661382,0.3822327609842189,4.004015926561507,-1.19568194630947,-0.1483059907899493,1.0285704816811156,1.3710689414842996,-0.6355950660347496,0.300257161605705,-2.4710496398206194
33.0,60.0,1000.1741333007812,-0.4933667808178237,0.4682200796434843,3.960363874379031,-1.169090770209622,-0.2179851339968674,1.046172886565973,1.4838155751706754,-0.6772967952581563,0.1829856735461739,-2.280195657306937
33.0,60.0,1000.3594360351562,-0.5056083097533639,0.4699771614188917,3.914942017150208,-0.951105677631582,-0.2716124032472873,1.0349401162981824,1.2518953680884684,-0.7295491600686885,0.2459005579867001,-2.282503654808852
33.0,60.0,1000.1596069335938,-0.5809285090896719,0.5500441845612682,4.010361385716676,-1.2005586877037953,-0.1007440819457814,0.9215332390292446,1.3698770170138346,-0.7311656140430163,0.2946413951081013,-2.4667883848068555
33.0,60.0,1000.2003784179688,-0.4985228101493639,0.5220577284494681,3.9770456082164767,-1.1655448807134698,-0.1786215044356121,1.0216280949752132,1.422497604560756,-0.6711784847754307,0.2336347794604041,-2.33461896797256
33.0,60.0,1000.0438842773438,-0.5539891313437257,0.4903472793922647,3.966151337889919,-1.1399350111110933,-0.196711650302479,0.997933858966567,1.391579412236049,-0.639821421003318,0.275196864958783,-2.347586525380256
33.0,60.0,1000.2088623046876,-0.560472483373684,0.6026246573373095,3.982710083848525,-1.3291658115211402,-0.1897510898297962,0.900064770714466,1.710373783104604,-0.6646766471477576,0.2911087458965564,-2.227940042953955
33.0,60.0,1000.0567626953124,-0.4929097516873906,0.4676705381206014,4.033709593623929,-1.176497643517986,-0.2226247185204179,1.026928810875999,1.4889015093791669,-0.6583410531787814,0.2185050707585256,-2.36075114492044
33.0,60.0,1000.4745483398438,-0.5802423675454405,0.671812413581919,4.019160952362864,-1.2416001798826422,-0.2280648137598753,0.9022296434254038,1.704476232495785,-0.7595037657763033,0.2496495944672965,-2.245143018637321
33.0,60.0,1000.3222045898438,-0.5221978071633568,0.4788745443534026,3.977983262763278,-1.1579513939478856,-0.1759217360573188,0.9651981720127304,1.4601918258319326,-0.6992257176222898,0.1953545628732778,-2.343890588662827
33.0,60.0,1000.3659057617188,-0.4818243763109322,0.6593513611111881,3.924482336841246,-0.9560565687052094,-0.2904310308956175,0.8779484875935157,1.5126947846787608,-0.6325949359123486,0.3564792209379197,-2.302558904834209
33.0,60.0,1000.2951049804688,-0.5658641871777066,0.6569988737909309,3.901294677050585,-1.3168107481728386,-0.2538016673557361,0.7780034730823893,1.6929311403364142,-0.565446896804688,0.236269423613157,-2.2802122441022727
33.0,60.0,1000.24169921875,-0.5083967338123987,0.4384911896569683,3.997715653946493,-1.190946886940881,-0.2185882546219906,0.9410457221260023,1.3395880898349048,-0.6408920440839285,0.1993642077745239,-2.4885441305503413
33.0,60.0,1000.1595458984376,-0.5819827111784814,0.5429635091787146,4.004715408886749,-1.1505154947903469,-0.1481095350466796,0.9989179419314738,1.5076966162430008,-0.6297015652125095,0.3162084789024622,-2.429420254367054
33.0,60.0,1000.580078125,-0.5434484514493763,0.6452268095429954,4.095336984969007,-1.033295378169337,-0.1720132945999131,0.9103576787462088,1.3007785627071868,-0.8172353223308351,0.2551397416988585,-2.481437043422954
33.0,60.0,1000.084228515625,-0.5252428781020839,0.4887648146489578,3.966298695708821,-1.191718406343656,-0.1680554468342592,1.0043737440996638,1.4344914450606492,-0.6278036044811932,0.2171674958193472,-2.407828031037008
33.0,60.0,1000.2709350585938,-0.4953242014895576,0.5677292467076356,3.86714943037312,-1.0808227303205409,-0.1981572971767686,1.0219846798397343,1.434070112309711,-0.6082507996299329,0.1954767809824931,-2.359552720326568
33.0,60.0,1000.5514526367188,-0.6379856294234978,0.5650913061728087,4.068586479229454,-1.2285587581212003,-0.2082048524804109,0.9749902642371708,1.4649551784948889,-0.7288373194985862,0.2025851117271031,-2.397092277837776
33.0,60.0,1000.0914916992188,-0.5513144159178385,0.5581415844509667,3.966095097816936,-1.2825291657904616,-0.1784312487840553,0.8977230147915645,1.5252903240592843,-0.6775721764762226,0.2404915852412701,-2.288426916395206
33.0,60.0,1000.1139526367188,-0.5316094002355856,0.578865923772752,4.015764426241704,-1.0670758910121236,-0.2167604063850987,0.9936073617638188,1.4060226647362557,-0.7350987693275499,0.3331287208757194,-2.2763297605306687
33.0,60.0,1000.1491088867188,-0.4977476689412539,0.543323931460403,3.950227239332593,-1.1024274395514464,-0.26248069710768,0.9338527655250236,1.483642747426508,-0.6713596044761267,0.2294054811066237,-2.248661391993009
33.0,60.0,1000.4146118164062,-0.6434170062632898,0.5534831508945484,3.999085245598844,-1.2384390726061674,-0.0573817037599386,0.9993144610300222,1.3086227489975863,-0.7139788755239609,0.2813244261549128,-2.4934834407940403
33.0,60.0,1000.1173706054688,-0.5820231137397016,0.6295247010241223,3.973870183875503,-1.252245693802899,-0.165289966341585,0.8527412405271555,1.5370903994383056,-0.6057794777574754,0.1372609883206532,-2.467853754288792
33.0,60.0,1000.1168212890624,-0.5928305206667517,0.641397409376391,4.172289713547714,-1.2217884140267428,-0.1710120838340465,0.8584433607499111,1.512849572279249,-0.7655533224162703,0.3723122709832083,-2.470836436999724
33.0,60.0,1000.289306640625,-0.5308932552011685,0.3981664861600293,4.072739958270104,-1.2388135334715065,-0.1602535327447363,1.0782169101779084,1.4181334525605749,-0.6348498617978953,0.1603302620598414,-2.526483220939067
33.0,60.0,1000.080322265625,-0.5958576791116483,0.550225499331277,4.072139875106611,-1.1078681141465472,-0.1563905949703796,0.9042554278384642,1.3799589926850162,-0.7174025262875947,0.3227342185334034,-2.389180119720742
33.0,60.0,1000.1095581054688,-0.5566521399409128,0.4917249919974278,3.945716027599186,-1.072908188773431,-0.205326342167603,0.9904145091955964,1.3801809479664504,-0.6273938196716777,0.2500190477547415,-2.405201287832176
33.0,60.0,1000.107177734375,-0.5309955811765077,0.4637505470566232,4.040292374311614,-1.063464693474694,-0.1606491921253301,0.9869554930695844,1.230033164813861,-0.6775525104877165,0.309526943737417,-2.434272584074312
33.0,60.0,1000.12158203125,-0.6187667068474916,0.4624189169696668,3.9678336236499145,-1.1547185836702436,-0.1450388856870628,1.1066441124502546,1.4287403533289735,-0.7007713219576948,0.2421743075428022,-2.383004478488042
33.0,60.0,1000.089111328125,-0.5536945264532767,0.6274496420996396,3.95365995385699,-1.102286281303519,-0.2326256928212506,0.8993517496373382,1.4651588029964433,-0.6972300033617413,0.2949476022023329,-2.357766729304471
33.0,60.0,1000.1223754882812,-0.5901273256588517,0.5666644755960419,4.031058519987287,-1.1068646299769318,-0.1952582821858488,0.9128996065772164,1.3770602068628932,-0.6880164577901118,0.2736939771641129,-2.3765299047722537
33.0,60.0,1000.3432006835938,-0.4716005303671275,0.4277441229543903,4.030659868282919,-1.053919272032164,-0.1996041376162409,1.1145464304262394,1.346294335869331,-0.6990497097454131,0.2283227415928044,-2.3824195262363994
33.0,60.0,1000.177490234375,-0.6015953584357367,0.6122711532236282,4.13318162558941,-1.149929091687751,-0.1726673330714039,0.8297914435054423,1.4304685306256708,-0.7471975536555169,0.4058898966029955,-2.491929107203284
33.0,60.0,1000.343505859375,-0.5132681634905065,0.6397567588141015,4.03508582755553,-1.051924451720808,-0.3202683244075501,0.8197687441292176,1.488373147314217,-0.7014424230287721,0.3137236275219477,-2.386206896025171
33.0,60.0,1000.11962890625,-0.5096928183329554,0.4403524816041724,4.071386399908045,-1.0569481332684267,-0.2153716346949723,1.0366549990760374,1.348828749272604,-0.6948829196273518,0.379766558579564,-2.449992761535831
33.0,61.0,1000.0997924804688,-0.5547921675933543,0.5369675929308535,3.9372226796964007,-1.2531323503801457,-0.171043451981915,0.9368510509481665,1.4814190800284628,-0.6380862002085061,0.1328577377177611,-2.4016750121665376
33.0,61.0,1000.1952514648438,-0.517655407625357,0.5472257663211844,3.990580354910291,-1.1013180449766486,-0.2283245469123631,1.0062698380093806,1.5026354886526274,-0.6208909199124832,0.2097178745272296,-2.3842212003143426
33.0,61.0,1000.214111328125,-0.4819271402914902,0.4604749864663748,4.04390781409721,-1.1813504997002884,-0.2490724005046125,0.9359162056189554,1.4427923900356108,-0.6642181862637875,0.371199362877971,-2.278970501760644
33.0,61.0,1000.0904541015624,-0.5207609420083816,0.5357035165478958,3.98197992638988,-1.1025878952204495,-0.231813523730163,0.8543270767159363,1.366513429661297,-0.6608984518361662,0.4106946931258743,-2.2555109113970104
33.0,61.0,1000.1842651367188,-0.560540486227338,0.5899315495763329,3.96814113245855,-1.20355362597172,-0.207688090063792,0.8707288200742935,1.5376870985314408,-0.6203537549658602,0.3628598106149088,-2.2262215818166977
33.0,61.0,1000.2708129882812,-0.596473241388713,0.4479211271866461,3.962838757925123,-1.1309826578779765,-0.1117924458962118,1.0714358739573226,1.335933514395662,-0.6769228227683808,0.1076206820706744,-2.499512342472574
33.0,61.0,1000.1025390625,-0.5275921361862608,0.581703465560083,3.967114819422175,-1.1925916450659404,-0.1987183350895147,0.9424683510590404,1.558194827635024,-0.6031885294549193,0.1987539613131383,-2.4073447146769915
33.0,61.0,1000.1442260742188,-0.5713905359124718,0.6052706918938302,4.125846561724231,-1.1907680655800252,-0.1536776886390898,0.8934591549400004,1.3672274772518165,-0.7821574420970858,0.3258880232779173,-2.4854175802306844
33.0,61.0,1000.2203369140624,-0.542256505785029,0.4606226299800084,4.016175351050519,-1.2318746080563652,-0.1672480229593311,1.0285273223583644,1.4500483189045976,-0.5773145185260997,0.2800700346638152,-2.4125292460863967
33.0,61.0,1000.0554809570312,-0.5793126784471294,0.5382487759017964,4.016144174896674,-1.22219982850148,-0.2317449078502589,0.9226855692479904,1.6192931563916808,-0.5976687392736677,0.2509597458496158,-2.35166201180238
33.0,61.0,1000.1183471679688,-0.6090163024845427,0.4844518178110029,4.042237552375331,-1.1925990286638837,-0.1031210168867335,1.015297356647734,1.3666887301592654,-0.6786691178121078,0.2758073830012462,-2.458580179835602
33.0,61.0,1000.102294921875,-0.6259326283841116,0.5037507025571886,4.079418074305094,-1.2537893084120326,-0.147034511371781,0.8940806972182882,1.3936691956218583,-0.663514302971036,0.3279309029623398,-2.492125583193201
33.0,61.0,1000.1294555664062,-0.6123406864052869,0.6468700543269925,3.993736493746168,-1.3042125906875437,-0.1481367257728907,0.8929497524211492,1.504207674624734,-0.6335084161517193,0.2136718900106622,-2.4731088257383167
33.0,61.0,1000.1256103515624,-0.6178732310604973,0.4912682129692385,4.009326972710527,-1.3042657995808629,-0.1506533330626949,0.9915144641354274,1.574620878546793,-0.6572243745036594,0.2370129130661888,-2.371515199775823
33.0,61.0,1000.2453002929688,-0.559908817811257,0.5583049224351004,3.9820169117343465,-1.0313472342164536,-0.1814780288617115,1.0013739417471257,1.312815262297475,-0.6826454015321639,0.336760813006915,-2.4394496740807248
33.0,61.0,1000.057861328125,-0.6450669575831052,0.6093725513183754,4.028609629547606,-1.2087416858688158,-0.1683851938325515,0.8870961157209409,1.4424991525318918,-0.7190031064286684,0.272602112759702,-2.4171872307245423
33.0,61.0,1000.1656494140624,-0.5548933742454896,0.4793639366185029,3.974933880014852,-1.1433484662112785,-0.165970809433233,1.0373078125676152,1.3965048536723152,-0.617122593305,0.140719021628044,-2.5118942344600166
33.0,61.0,1000.151123046875,-0.6439061479070425,0.5201368980939538,3.911786365013299,-1.0150433055110168,-0.1701450381200961,1.027564918239955,1.277220036375021,-0.7246580201774302,0.2794052970591725,-2.421256819501937
33.0,61.0,1000.1444091796876,-0.569090864540895,0.4778096353568193,4.08740189407343,-1.215369006193114,-0.2299048809913912,0.9490994522881452,1.462479154628208,-0.752922745592425,0.2920248770957467,-2.33639522570261
33.0,61.0,1000.1015014648438,-0.5666580389863327,0.5850073968714593,3.977937868846088,-1.29851197168699,-0.1452080716069925,0.8523531721723545,1.5066822699026536,-0.673527511539521,0.2455214091779041,-2.323056376997787
33.0,61.0,1000.1408081054688,-0.4625286190214162,0.5335106523521862,4.029209474344999,-1.2135689148606477,-0.1923978275879916,0.9222160119963744,1.5505625425557028,-0.6447809709356704,0.3053517925179596,-2.283407063429668
33.0,61.0,1000.198486328125,-0.5460475447566884,0.6958493918619313,3.979901086881428,-1.1636303677170194,-0.2089508090642136,0.8428256385272315,1.5796227195231562,-0.7252812764988095,0.2391131204730969,-2.308777754309828
33.0,61.0,1000.3604736328124,-0.5514118662745187,0.4959605129127702,3.997962387637985,-1.0873928498782417,-0.2915877798424997,0.9879871461202648,1.366185678732105,-0.6050830833427536,0.2617555183835494,-2.400180696604291
33.0,61.0,1000.147705078125,-0.5809348464156319,0.6312563032045526,4.049733371823278,-1.2767207932719988,-0.1464660788738285,0.8898437343153676,1.4445806272034858,-0.7208953631897428,0.308049000506541,-2.401757698915808
33.0,61.0,1000.2550659179688,-0.5177726253383312,0.5250684386604219,3.999407449119136,-1.0295620633043074,-0.2269956441768048,0.9681266932349626,1.3332798559121208,-0.7083844650224744,0.4504329762836541,-2.2263275610786444
33.0,61.0,1000.5558471679688,-0.3887741886198679,0.3633842240003808,3.9985749228527983,-0.9938002567259564,-0.2633942494040688,1.1272955094861103,1.3112583438427716,-0.6275151120838567,0.2940271054025061,-2.336741381335638
33.0,61.0,1000.051513671875,-0.5282870487906708,0.5008588764364141,4.105450844951612,-1.1315392907616766,-0.2441119308933217,0.9786315429764052,1.4438503948174386,-0.6991848907014226,0.3463464845832433,-2.316887910532385
33.0,61.0,1000.1039428710938,-0.5347951323511317,0.6154176196578245,3.938264341003311,-1.181881057873705,-0.220991920459789,0.8655955926449703,1.498903913158884,-0.6407802646718457,0.3675658936614194,-2.297573499263467
33.0,61.0,1000.0667724609376,-0.5997018795631677,0.5940595370080581,4.012810234692326,-1.194121800535556,-0.2274977467443708,0.8910395077063207,1.4548305812147522,-0.6586087848231852,0.2692995506008087,-2.431392996958333
33.0,61.0,1000.3031005859376,-0.4920727215709108,0.4167534931511838,4.0053174139029295,-1.1972411895900574,-0.2370440486149814,1.0504197572425262,1.4156814152039114,-0.6525907008230707,0.2456658857176723,-2.309199433287924
33.0,61.0,1000.0244750976562,-0.6117299972464538,0.5467985725947475,3.918294342148196,-1.1427654228405355,-0.1964402721851712,0.9464549575459288,1.4513154435713955,-0.6020601440437066,0.2738679511275554,-2.3990608255728905
33.0,61.0,1000.3126220703124,-0.5456571052174635,0.4260282397509947,4.089617946165252,-1.1131705853204932,-0.1627723153850393,1.0350688216334518,1.3297387824195992,-0.7043757790087843,0.2311307124017965,-2.5022931132352504
33.0,61.0,1000.1866455078124,-0.4936661392695232,0.6058131154420607,4.063837967542188,-1.0133793630105932,-0.2965962745617592,0.8749070042371105,1.3634487687565189,-0.7039671788844704,0.4456557172870568,-2.291041338701399
33.0,61.0,1000.10546875,-0.4760706775294734,0.623633334130675,4.0803810850715045,-1.1386014075001172,-0.280705875088457,0.8287128448260708,1.5631037775058818,-0.6823250459402805,0.4391254552806156,-2.2817706353526104
33.0,61.0,1000.3357543945312,-0.5522672498650891,0.4341274011485154,4.014877226881543,-1.083895782197302,-0.1491511756520829,1.0549424316937532,1.2800237648273418,-0.6530206307861235,0.0987226965131062,-2.5357813090400247
33.0,61.0,1000.0072631835938,-0.5579432672517637,0.5869327118777719,4.024859388116296,-1.2010103925280586,-0.2064079659407083,0.8977851014704408,1.5192286724150916,-0.6685926806417699,0.334017257887627,-2.3021352532661608
33.0,61.0,1000.1968994140624,-0.5041071883208037,0.543044350280713,4.00261361348328,-1.2142843879571703,-0.2848503665169319,0.8794073420762762,1.5751869287651763,-0.5797659825593566,0.282563632513507,-2.248953630347505
33.0,61.0,1000.107666015625,-0.5832881961611474,0.5866292258509631,3.929781593166005,-1.098570636429664,-0.19233942894195,0.8761016184748485,1.36442764955674,-0.6660195848849524,0.254642646913342,-2.324008943017453
33.0,61.0,1000.5564575195312,-0.6038796579408929,0.5372948491871821,4.0270143586201534,-1.303025832880679,-0.1516169880957614,0.9067939391998808,1.3543638008733332,-0.671951089465237,0.2657137405057117,-2.381836484597548
33.0,61.0,1000.3055419921876,-0.5580037093434775,0.4226692845238977,3.9482622286841256,-1.093500431359863,-0.1426310028100879,1.103867798977686,1.2662065261465605,-0.7650444755253583,0.2044746616350323,-2.297027100405015
33.0,61.0,1000.0262451171876,-0.5784273910341984,0.5897673734295434,4.11405265609136,-1.2522254017283667,-0.1633099080540718,0.8299933127784263,1.464512402199957,-0.6971061105214567,0.3068100502409221,-2.382276867722051
33.0,61.0,1000.12353515625,-0.5409294056592087,0.5866232960459019,3.914791328564665,-1.119827411065566,-0.2875496255335381,0.8184593128249587,1.5224032184429437,-0.5538682562274717,0.2713323166541395,-2.3026352496414324
33.0,61.0,1000.2205810546876,-0.4694819331457891,0.4950325959338997,4.099892497523051,-1.207295989898436,-0.2668944262152664,0.93625413204062,1.5841951194787356,-0.6749321673780901,0.3579758691834032,-2.2859342343324265
33.0,61.0,1000.0101928710938,-0.5897646214048944,0.6394297733700043,4.004697721706791,-1.1772858691520725,-0.2148187142914928,0.844924750134127,1.4663011889742483,-0.6607619304502164,0.2915569111352489,-2.373613545199164
33.0,61.0,1000.14453125,-0.5620802246841201,0.5621698229539103,4.0648317785670045,-1.080657023505522,-0.2255781988924985,0.9165136083908684,1.4703355729954597,-0.6710011203882402,0.3165510788940402,-2.455859709613116
33.0,61.0,1000.1796875,-0.5417658821153974,0.4013280845523601,4.001121119776002,-1.1205998892726736,-0.2543594382441485,1.0132343229089606,1.424928277779535,-0.5921820941094964,0.3375362335707237,-2.3380038787686046
33.0,61.0,1000.1145629882812,-0.5638874336192039,0.5170827766797572,3.9677893469169874,-1.2761305431131036,-0.1804824732915975,0.9598114580632036,1.6204477004808195,-0.5810061907299806,0.1680349698399315,-2.3167452847521206
33.0,61.0,1000.0770263671876,-0.5349639272068254,0.4259541692607751,4.075655577464373,-1.0867936770592297,-0.1976799966320221,1.0150074286116206,1.295260251170235,-0.7024689119886212,0.307977528803331,-2.404397485895933
33.0,61.0,1000.5117797851562,-0.5677982796934842,0.6383633987043211,4.00294060517327,-0.8957075916914565,-0.3029404342064987,0.8802337996386909,1.235088208967145,-0.6791747328061701,0.3562353411896879,-2.39667712891199
33.0,61.0,1000.326904296875,-0.5023251021397543,0.523294651990506,3.8801722282940414,-1.3042509042464596,-0.2396939665062856,0.9222033060363976,1.6909183653158362,-0.5374860153438075,0.1502572582291783,-2.2465395198047613
33.0,62.0,1000.2882690429688,-0.5835249040949222,0.5398019454689793,3.994354892789122,-1.049304680857733,-0.2737353271675244,0.909805957849815,1.4431044119939245,-0.6404009064433209,0.4698448069669183,-2.296797522732217
33.0,62.0,1000.13134765625,-0.5450156311157324,0.4972811299246205,3.9574251281216206,-1.1868291959038353,-0.206300512909257,0.9504877325823616,1.4650848073863738,-0.6423650117694866,0.2464259591352497,-2.270172879226626
33.0,62.0,1000.2198486328124,-0.5227390538931243,0.6530720996071073,4.071681954460647,-1.1719952410485974,-0.2116335876842425,0.8130447501564406,1.4860937039898907,-0.6481065147954403,0.3112914805653819,-2.361373124862851
33.0,62.0,1000.0225219726562,-0.6159266617181283,0.5203258242840363,4.072832256877593,-1.1936802239283493,-0.2033995533249246,0.9107716838141986,1.451644115078957,-0.6172711793488066,0.2915187547176963,-2.457650294109117
33.0,62.0,1000.1712646484376,-0.6196696767061542,0.6079702045915027,3.989281540032433,-1.198245230626465,-0.1652628893212337,0.9233884777394818,1.549921896871855,-0.6464631163213408,0.1736672212227592,-2.4517513122168184
33.0,62.0,1000.114013671875,-0.5231025744551427,0.5521532429784308,3.945193951821985,-1.1284796186659305,-0.2786388040449434,0.9256376737640934,1.4592946970124876,-0.6067095092645998,0.2638534184358851,-2.342245349418082
33.0,62.0,1000.3834228515624,-0.6176476163426177,0.4908858777083091,4.000758079022116,-1.1685761001587167,-0.1863019119612339,0.991948992524323,1.5488299769354723,-0.5809819587614538,0.2901322809656195,-2.432131643733328
33.0,62.0,1000.1337280273438,-0.5825653000441084,0.4999799896472776,4.012341078156112,-1.032231388969172,-0.2317349782995261,0.948892962303888,1.310562086372081,-0.6446649808679599,0.3315818827416184,-2.434767615532972
33.0,62.0,1000.1135864257812,-0.5630261647427588,0.6109132045303625,3.989215236521829,-1.155500945613701,-0.2561837686868458,0.9063732918489203,1.5268002700762755,-0.6421300145792745,0.2769122538582049,-2.327916649531048
33.0,62.0,1000.195556640625,-0.5702128051065101,0.717787162459266,4.021585215915764,-1.1959966679621044,-0.2450635144419051,0.7649713833284091,1.5428248372028257,-0.7242818798067328,0.3464428375655632,-2.262956278620379
33.0,62.0,1000.1893310546876,-0.6077529214914437,0.4391743846178677,3.957141869464904,-1.1774951547728691,-0.1710638590052307,1.040903819650218,1.438469090986965,-0.6611938230293255,0.2954646461652332,-2.3208441929246875
33.0,62.0,1000.0620727539062,-0.6018884598270109,0.5891522927209127,4.144142254712289,-1.2699652680391615,-0.1996024588505793,0.8700084788994467,1.5649672561524568,-0.7180527007690154,0.3736012221036002,-2.340627665289372
33.0,62.0,1000.3131713867188,-0.5817242227524826,0.5761925396220917,4.0539228964471015,-1.2316708802412588,-0.1291609205896957,0.9362784034592782,1.38800867512097,-0.7732334478074918,0.3658695058751622,-2.430688384230532
33.0,62.0,1000.47314453125,-0.534264372031223,0.6019905799809795,4.140729427311609,-1.1353587615153633,-0.3009881259813136,0.8364824343676078,1.5471644909569455,-0.679507246963035,0.5723520117347833,-2.2384783529306547
33.0,62.0,1000.1136474609376,-0.6187521240096574,0.6314022377635133,4.103111974268664,-1.1334275049607512,-0.1973885730932973,0.8153752812905957,1.4132360835748583,-0.7397323217981624,0.3957547468541218,-2.409791074263465
33.0,62.0,1000.16748046875,-0.4967859220807993,0.585121129257149,4.004924690636608,-1.1034090720666856,-0.2322961765105997,0.9164736510835052,1.4970090898605657,-0.6002603757670419,0.2661024211650424,-2.321202807694587
33.0,62.0,1000.6422729492188,-0.542854645737803,0.6056759730086112,4.052074236295205,-1.2880166217347977,-0.2529857942237807,0.7797390792644601,1.5641230656878804,-0.6693526374294994,0.4197746411267129,-2.2406322943181145
33.0,62.0,1000.3334350585938,-0.5600526012141103,0.6466070915825455,3.869860791333101,-1.2189050937280714,-0.2028676089988605,0.9624802398204926,1.531539117151289,-0.6321685103335062,0.1308041741712777,-2.307009939783633
33.0,62.0,1000.2045288085938,-0.5798616804325203,0.5046842172205288,4.0707636586599385,-1.2224533522447172,-0.1200012586471803,1.079808788664125,1.4483005843784935,-0.6932714575533527,0.191982187306305,-2.4574670033839285
33.0,62.0,1000.1450805664062,-0.550283592522872,0.4903522727812088,4.034737238673742,-1.1556553221081516,-0.1739405246422052,0.906369203510458,1.4177538591619223,-0.6340594474417092,0.3021474168887117,-2.3638220861777377
33.0,62.0,1000.52490234375,-0.4578108510897145,0.6969610061724696,4.083425244483408,-1.241644519489276,-0.2591049042634878,0.757872089545403,1.660676035568896,-0.6825672365245721,0.4068870721964295,-2.177196672214236
33.0,62.0,1000.2348022460938,-0.5531952526782602,0.508482103966573,4.121159807332326,-1.2257469076879963,-0.1625074050504764,0.9250191095010144,1.3932952088900912,-0.7274349710748034,0.4009850988969523,-2.3134649565832337
33.0,62.0,1000.0680541992188,-0.5563403612631088,0.5555162012941253,4.088251623417587,-1.2019570230376524,-0.1527720908629879,0.8353862274454329,1.3919548921468603,-0.677378402992403,0.3685746255581481,-2.388869737803883
33.0,62.0,1000.0970458984376,-0.6365143140753196,0.6623923254219015,3.987170807940352,-1.2518543530432789,-0.1594033120715163,0.8545476438757804,1.6192087438959302,-0.5772759329881083,0.2495777446672722,-2.375011789185084
33.0,62.0,1000.3416748046876,-0.4890373351917603,0.4563463306051218,3.98948262228277,-1.0691595642558749,-0.199767775415677,0.9806026821174508,1.23165383927621,-0.6851210251636841,0.2844365129293882,-2.361858783431349
33.0,62.0,1000.2643432617188,-0.5605748910979615,0.6606997220749502,3.9736675889993975,-1.1982236046978525,-0.1859218446654686,0.7723730337379795,1.4971831326509042,-0.6332611642312447,0.2924752524669785,-2.2652921507369017
33.0,62.0,1000.2366943359376,-0.6202616209505445,0.5234524441604052,4.123165462843829,-1.4406406288429985,-0.1505801917099187,0.92040952513387,1.6064230058816342,-0.6704518331412199,0.2503701356693604,-2.4412023998164507
33.0,62.0,1000.1658325195312,-0.5512094522183837,0.5735880713145995,3.9316535847851215,-1.138520892756664,-0.2405280856609897,0.9699283729287718,1.49448408078036,-0.6785923893850043,0.2225550854914573,-2.244106468423783
33.0,62.0,1000.1231689453124,-0.5985534429421087,0.5848805553346494,3.9506315911313887,-1.2993120018401836,-0.1640945156484523,0.9624499701280538,1.5280937392607417,-0.7166455909855678,0.3106647524690622,-2.2504165997371968
33.0,62.0,1000.364990234375,-0.4747035141886169,0.5454704659747778,4.046632754281411,-1.236416386219758,-0.2466936478382875,0.9003595807157181,1.696268714775078,-0.6630887708680797,0.3692122519626037,-2.090779490615901
33.0,62.0,1000.6392822265624,-0.5509068876914993,0.6072540257012609,3.9767839961281553,-1.0831592735631803,-0.2496783399689413,0.9141050060124812,1.2810561857920035,-0.7876225933125474,0.3227369424176896,-2.3154509047953176
33.0,62.0,1000.1387939453124,-0.5654328383295235,0.5886985201650097,3.934429408469782,-1.1391249720072365,-0.2572931667795695,0.864362123050765,1.5332671057674432,-0.6095085778949025,0.3260946041230328,-2.330656252054515
33.0,62.0,1000.1531372070312,-0.5351860785533136,0.4236426267680802,3.9563047322365072,-1.1596693045360142,-0.1813074408917527,1.063344624271437,1.452147454381711,-0.5814420125592799,0.2500312042354284,-2.343848151668177
33.0,62.0,1000.0630493164062,-0.5777593180007532,0.5544930719771566,4.0413746515698925,-1.1509103900781268,-0.2530159369522629,0.8767615846617289,1.5508077777635147,-0.6555428786473785,0.4106511370764654,-2.26632249053171
33.0,62.0,1000.2503662109376,-0.5205156302575231,0.6730614009264704,4.250238723471249,-1.1966915028330345,-0.3072604843712074,0.8468286646269716,1.7046154550543775,-0.747066689975644,0.4052109278995139,-2.2205465485871785
33.0,62.0,1000.247314453125,-0.67160222387216,0.7134574424670994,4.041035070984202,-1.3979506546442773,-0.1201827839388318,0.7872668926039186,1.6470229111351191,-0.6573426880559055,0.2614717466915772,-2.355974560344812
33.0,62.0,1000.172607421875,-0.6059079675277559,0.5680653420390342,4.111288785768345,-1.322301777554666,-0.185233515668493,0.8311829723688415,1.5986857679963773,-0.6422523260359352,0.4358009545733088,-2.3270346521073697
33.0,62.0,1000.0791625976562,-0.6356459401563566,0.5624155255168528,3.9998081050526704,-1.1645510717899517,-0.1637665370774605,0.8989912141730123,1.4274470525789038,-0.6311200815272873,0.3330217972369915,-2.4015110429807054
33.0,62.0,1000.098876953125,-0.507430989859242,0.4978541225815576,3.926911709778432,-1.1135450502463755,-0.2467605837870898,0.9416067036450402,1.432373704464207,-0.619610405755763,0.3501983028232533,-2.2320596967131623
33.0,62.0,1000.2118530273438,-0.6542050398684243,0.4909034970734085,3.910961989695295,-1.3371812455204957,-0.0855812806802669,0.9828543429683548,1.50312847391199,-0.6095454859754588,0.1678755208122604,-2.4541102490823667
33.0,62.0,1000.0375366210938,-0.5249987389053654,0.6031236582015325,4.025611000289933,-1.177559663548152,-0.2509606487476832,0.8352441901948442,1.527659853470614,-0.6088763021560517,0.3948112803179562,-2.313910378100825
33.0,62.0,1000.1309814453124,-0.5949428663689531,0.491928832194155,4.12294490861254,-1.2066222856182889,-0.1735137129568826,0.9564053887805112,1.416942405016714,-0.6925048842967376,0.3053208195087311,-2.395856311833518
33.0,62.0,1000.0352172851562,-0.5435579526484142,0.5128115755467002,4.106676422547984,-1.235554755048422,-0.2076440512399369,0.8852998541769521,1.5014693661630183,-0.6667761727369479,0.4099139433775551,-2.3526344183175043
33.0,62.0,1000.22900390625,-0.5517979837276323,0.6195463173365123,4.005237531229858,-0.9980134251220996,-0.2440736403393675,0.8885575842176738,1.373330721717549,-0.6609154694926689,0.4248075801389417,-2.278815958376456
33.0,62.0,1000.2105102539062,-0.6751032066174973,0.6402515920955718,3.987487541057547,-1.2817910639947971,-0.1841410918074055,0.9051407645022094,1.5574233838721154,-0.6801010383606458,0.2742355233363724,-2.3899274308492418
33.0,62.0,1000.1275634765624,-0.5939437841879531,0.6033036056118011,3.9413714535828106,-1.2723184535473804,-0.1621162118165315,0.8478582860056685,1.613390683741364,-0.6074181779275358,0.228322114654941,-2.3507722300705662
33.0,62.0,1000.1806030273438,-0.5684937722275034,0.568960389830889,3.886937276571464,-1.2364656999234742,-0.2147363111637332,0.8949096955897176,1.5858005872374727,-0.5833557598038537,0.3140709406355411,-2.2202743352401546
33.0,62.0,1000.0243530273438,-0.5415310876007782,0.5944056598060037,4.005828380848,-1.066602091128484,-0.2398128375220416,0.8725028156513703,1.4311424385692986,-0.6638124579173095,0.3130369214745254,-2.401603985859204
33.0,62.0,1000.2221069335938,-0.5847345705305651,0.5603756164074554,3.940170752691179,-1.0104660936379388,-0.219318970587433,0.931857003474164,1.3446804689597125,-0.6377139746507154,0.3648207014979174,-2.4089417229759853
33.0,62.0,1000.3330078125,-0.4185201008882071,0.4265035608384604,3.9402685764862495,-1.086631572573129,-0.2585156206419539,0.9853988953304462,1.402705404469141,-0.5891822511322129,0.2830777815372194,-2.216594668574688
33.0,63.0,1000.5509643554688,-0.5631785283495976,0.4949975056790912,4.040032337543138,-1.303179151521714,-0.2296673412949346,0.9254091951745728,1.529664952917102,-0.6660397969586604,0.2280959384200551,-2.2208196043605866
33.0,63.0,1000.0758056640624,-0.5744738759116217,0.6308588744512669,4.046906509833537,-1.18332954337615,-0.1906041596815813,0.8614241793789388,1.5667177444686988,-0.664980015576865,0.3781478966548759,-2.3554222884198337
33.0,63.0,1002.8594360351562,-0.4535483205685056,0.4330189873100645,3.958779594014981,-1.010685434414602,-0.2900482189764855,1.0160934310809386,1.3302343941327417,-0.548491832781318,0.4493172576982047,-2.237999323519249
33.0,63.0,1000.1351928710938,-0.5853662692403052,0.5731986717043007,4.140232919389142,-1.241563435998728,-0.1698440391748059,0.8202159316756505,1.5201588064784168,-0.6116435398864164,0.4080901821244147,-2.485123870001625
33.0,63.0,1000.1880493164062,-0.5715163579454821,0.6275153697917322,3.90318337944829,-1.1532954602111063,-0.1953373726902709,0.8556325031341947,1.494346129952615,-0.6168320464091597,0.2923654583795967,-2.228635350204887
33.0,63.0,1000.1055297851562,-0.6218534980547847,0.6214612840256075,4.073179834742977,-1.2164537952632215,-0.1604364216051372,0.8691952457205421,1.4445796172720566,-0.6239156956585976,0.2375485328361826,-2.5302409841581284
33.0,63.0,1000.265869140625,-0.5736853229124117,0.5614952653543668,4.098012881318287,-1.1358904127130591,-0.2564239333621838,0.8880639009769791,1.4842870272635524,-0.6970335833062151,0.5089093120451711,-2.315026333667986
33.0,63.0,1000.035888671875,-0.5702034407749128,0.5840086962976168,3.941044287324576,-1.1607517734118988,-0.1758340554035262,0.8950703670453457,1.391318775044159,-0.63966232867873,0.28073395503095,-2.371190446627012
33.0,63.0,1000.5369262695312,-0.4659023887988063,0.6379930799534446,3.930359665807664,-1.1537592047447325,-0.2616760771517459,0.7910629112307817,1.5527071716478744,-0.6018301333204681,0.4243814344501437,-2.287275679910837
33.0,63.0,1000.0975952148438,-0.6063428815714129,0.4935872141252009,4.048861473686795,-1.2664863961593231,-0.1794923481078152,0.8779247157280459,1.5068995522298998,-0.6135481304531929,0.3105231261634102,-2.3677066115383787
33.0,63.0,1000.4402465820312,-0.6018225202434628,0.5112629190910312,3.910495086138116,-1.1285991255723298,-0.1449648710677449,0.9462797368788074,1.4153215495024003,-0.5447346366766999,0.2398444387060667,-2.4010543267742768
33.0,63.0,1000.09375,-0.5808276864079316,0.5364707545539051,4.0288922390917765,-1.1399581314207898,-0.1489915932772545,0.8829614538659047,1.3027590213917648,-0.6935155549151704,0.273528902386162,-2.408094967095039
33.0,63.0,1000.1889038085938,-0.4833141219266936,0.573682125684714,4.012794193323362,-1.2605508508690662,-0.2647700319986477,0.8690927080691102,1.613513006024201,-0.6550896046258723,0.2689508905274405,-2.3096480477316668
33.0,63.0,1000.3154907226562,-0.582249107734186,0.6550520517959946,4.147777515834601,-1.2928330630136564,-0.1445724418629588,0.7735955925818576,1.5982356199725096,-0.7198585068830585,0.3849756351830224,-2.426909658523924
33.0,63.0,1000.2713012695312,-0.4844949368457181,0.4437237356227399,4.058631179527554,-1.203817712756417,-0.1983804162925952,1.0187118061638465,1.4951725568640093,-0.7067476358702214,0.3752342359264817,-2.2587247625724376
33.0,63.0,1000.1151733398438,-0.5781068724491085,0.6225180556243126,3.980915988059767,-1.1691073369919596,-0.1761125168621538,0.7755032129714658,1.49264975845138,-0.6104498181498323,0.2888785264109259,-2.363717003421999
33.0,63.0,1000.1491088867188,-0.4986232147953364,0.5375823327287952,4.019862398414475,-1.182265359654079,-0.2062273473190492,0.9396844805177036,1.505481019056739,-0.6986498003796706,0.2391152525030353,-2.2955981943953523
33.0,63.0,1000.0595092773438,-0.6336579367584765,0.6528100970082553,3.980250296082259,-1.253128839862848,-0.2172222012937794,0.8279004823686806,1.5225343839155574,-0.6465634976693719,0.2889942773387401,-2.35895320474238
33.0,63.0,1000.2046508789062,-0.585933374259139,0.5858477711879182,3.96687992355724,-1.356082378145187,-0.1885050133353036,0.8417285305097355,1.6286039861766302,-0.574697202979503,0.2081031028827817,-2.2659310018401424
33.0,63.0,1000.1397705078124,-0.550082342153563,0.5909173948801953,4.029238673560268,-1.1314178915230926,-0.2308854396587971,0.8712357398264148,1.544803125271943,-0.648451338069914,0.4074858704383475,-2.3546441679072423
33.0,63.0,1000.5132446289062,-0.6144939893715904,0.7370541387807137,4.147677884791124,-1.335740759141975,-0.168236317222175,0.7348358364981085,1.6827884359764482,-0.7279386349166579,0.4073566097415817,-2.3774018741319294
33.0,63.0,1000.228271484375,-0.559479188143329,0.5469731581932269,4.127409203738853,-1.2015138562515482,-0.2081977471815141,0.8628091794431958,1.59273624548765,-0.647589105801794,0.3286502391889376,-2.396975783375762
33.0,63.0,1000.0496826171876,-0.5383613591590999,0.551327269577925,3.9610841394871095,-1.2211034922232011,-0.2092337344945001,0.9193586924751624,1.5422043088451618,-0.5961475517857009,0.260830471901321,-2.344658642740358
33.0,63.0,1000.0834350585938,-0.6248320874093762,0.5143642058481577,4.034089470643639,-1.3318224268971472,-0.19778718040296,0.83487345261989,1.5009687149534248,-0.5890416298041323,0.2752627447212141,-2.4452048141164404
33.0,63.0,1000.1528930664062,-0.5976293824760752,0.6689830759361737,4.069491335709563,-1.093239684158709,-0.2718566043864507,0.8314064777657517,1.4752747383373856,-0.6713749280493042,0.3335135773824005,-2.342361604355878
33.0,63.0,1000.2093505859376,-0.5442542186541113,0.5885185542961748,4.067243089480744,-1.114553849469644,-0.2815996283084905,0.8327443068011595,1.5347251342973678,-0.5624361050541307,0.3663818511939789,-2.402609720572544
33.0,63.0,1000.2041015625,-0.5818638853292644,0.4672395208756654,4.0167852768447005,-1.1238852380461335,-0.1901884160438784,0.9826872702890012,1.4112754184040757,-0.6028921217506076,0.1971125721949294,-2.501500872641376
33.0,63.0,1000.2225952148438,-0.5189532165923119,0.6330411852640392,4.063982010437966,-1.2471635455982213,-0.248459256996786,0.7644176812558605,1.5959561310442076,-0.6728405952705465,0.3037237831125043,-2.269107477789752
33.0,63.0,1000.1856689453124,-0.5272069904696917,0.5361794104054667,4.017415235176129,-1.2371981442803492,-0.2253421087503957,0.8497133025196044,1.472728516517947,-0.6651080101614157,0.3330500663727465,-2.287109589735556
33.0,63.0,1000.0829467773438,-0.6347092351665227,0.5640798740912336,4.0126015435669,-1.180976751799068,-0.1430404380785574,0.9017628327584716,1.4409136116184946,-0.6482105713890691,0.3055327661727567,-2.4532924498180257
33.0,63.0,1000.1646118164062,-0.5622015743457158,0.483270663170412,4.201082869869307,-1.1802956057873222,-0.1841403582506746,0.9514301141963442,1.4307706963161344,-0.7162263118631875,0.4266903601979441,-2.3760504086638647
33.0,63.0,1000.083740234375,-0.590278020109273,0.5249008378335969,4.015622080187526,-1.32653168443617,-0.2063534010404151,0.9028388109940124,1.5857591553434638,-0.6128108798665366,0.2990672928866438,-2.324471629663546
33.0,63.0,1001.6934814453124,-0.6392653848555039,0.6905905143100632,4.101095495016395,-1.3232512704176336,-0.2033723197181549,0.7210936877960448,1.624996323944428,-0.7785949398449414,0.4326539544606174,-2.306992474793036
33.0,63.0,1000.185302734375,-0.5700762255187612,0.5404919032713407,4.06434675456075,-1.2544474450801153,-0.2732893977030066,0.916586629000026,1.6025478045293964,-0.6662957468744315,0.2939516587215731,-2.252972478068399
33.0,63.0,1000.2595825195312,-0.6263019321595147,0.5332249765022379,4.078472921764378,-1.194924072361871,-0.2041687086373418,1.000095472361636,1.507808841810034,-0.6752043958213143,0.3502682654008957,-2.3943034284203635
33.0,63.0,1000.0653686523438,-0.5382474370508552,0.5326846680012771,4.10430491422362,-1.28394618983652,-0.229334239681533,0.8218098936728166,1.6014683278576989,-0.6219021501965836,0.4280296403576162,-2.2773563192036184
33.0,63.0,1000.1476440429688,-0.5366883219306136,0.5365062082158598,4.128306350431135,-1.170345349816357,-0.285424057455776,0.8962690736026975,1.5093850042083758,-0.5931560291537767,0.3321099476195588,-2.3809132754396907
33.0,63.0,1000.5254516601562,-0.459523927227762,0.4212173860997108,4.060514963085213,-0.947292605017478,-0.2611768056516723,1.080049753342271,1.278140262634694,-0.6936085572349278,0.3789707197193515,-2.3611285926222174
33.0,63.0,1000.2630615234376,-0.5763930223046465,0.538015061464372,3.953319348581237,-1.2492641590843157,-0.1380792952273699,0.8482440124828994,1.4194686635799645,-0.627568225531518,0.2976847400087754,-2.436825743839503
33.0,63.0,1000.0467529296876,-0.5211282936920014,0.5673267671874163,4.039955215657296,-1.1362059562750106,-0.202130981719609,0.9550113714297614,1.5015860050431051,-0.7135685380870047,0.39048614037275,-2.255940670019872
33.0,63.0,1000.0845336914062,-0.556205569567962,0.4949435721867079,3.9968853482755566,-1.2157071580712002,-0.2262815055882754,0.9970921756187484,1.5030815520785286,-0.659139628690868,0.2302217467071834,-2.315880210936162
33.0,63.0,1000.2507934570312,-0.4737787647658269,0.5414858620379661,4.048720283276516,-1.1649034389884427,-0.3250559520507519,0.8001601644710075,1.578318255252361,-0.637656861212573,0.3825830534400722,-2.2358320929013447
33.0,63.0,1000.1236572265624,-0.6041740570697387,0.5624350551218562,3.956463976403569,-1.2110547357334456,-0.180687302351024,0.90885447166767,1.4951480300617277,-0.6894831897326661,0.2457248055879768,-2.2956777375470554
33.0,63.0,1000.1762084960938,-0.6829925512005373,0.5485046513936256,4.038360769595084,-1.299720232554948,-0.1109067217890498,0.8282854723045521,1.4795341939687034,-0.658797719281301,0.2655908416184536,-2.448604074560643
33.0,63.0,1000.1719970703124,-0.5553154503307356,0.4366492516996718,3.834663979563091,-1.117921793205726,-0.2048959370666194,1.0933761550450285,1.3810548160299296,-0.6193656344682461,0.236173037754809,-2.2873924808182933
33.0,63.0,1000.0953369140624,-0.5596422115578887,0.5873228780883881,4.127179917487666,-1.2365113588810548,-0.2385945706070726,0.8811461377562058,1.5381710458339253,-0.6833913558300067,0.3465837943957801,-2.361964635626468
33.0,63.0,1000.0809936523438,-0.6551586927675315,0.5753901608372463,4.056148565404351,-1.2077720491310373,-0.1600706674946499,0.8682002473023349,1.4508203894979743,-0.6988865449284143,0.3287120628746098,-2.4007231122000445
33.0,63.0,1000.0568237304688,-0.5715691347827887,0.5158746354489487,4.091916242097023,-1.08595843184147,-0.1807494401022333,0.9462049503026826,1.3707313883585677,-0.7151459600641221,0.3730886488773599,-2.4392293236933464
33.0,63.0,1000.2005004882812,-0.5182907388630014,0.5937052888581338,4.047000330511308,-1.238942216486008,-0.1923009230538257,0.8580828326892647,1.5328477216327483,-0.5828000243717595,0.2793611229439214,-2.301084110591873
33.0,63.0,1000.1004028320312,-0.6381319560574941,0.5490692108969846,4.0452824545082375,-1.2516415595517525,-0.1490662087783061,0.9156287993277274,1.507624048291981,-0.6699203165633154,0.3516383127901443,-2.444376258311568
33.0,64.0,1000.1971435546876,-0.6560069167437224,0.6346705462400513,4.073540151418037,-1.1610494791564503,-0.1923318334573824,0.8842883893047659,1.4325071399923948,-0.7599474226856557,0.3725272848538088,-2.3970233942074737
33.0,64.0,1000.0404052734376,-0.5721097090874601,0.5941861990545085,4.027843619786104,-1.3003391167355751,-0.1673140863133575,0.814084295778768,1.5542693725140646,-0.6523947625853932,0.2484443036889851,-2.3876353747889207
33.0,64.0,1000.170654296875,-0.5063676827516783,0.4569301826736769,4.020369843490858,-1.037185087510586,-0.2080557546828352,1.0361368950692444,1.3090705669547624,-0.6826621091646095,0.40935335443005,-2.304089099483087
33.0,64.0,1000.0582885742188,-0.5538429457646048,0.4966615302231369,3.964871202197188,-1.119540375505463,-0.190677972326668,0.9416919886036084,1.3199948279771228,-0.6427696097343896,0.3456312192190811,-2.342897252164072
33.0,64.0,1000.3447875976562,-0.505907616731756,0.5854117957063822,3.947651982364944,-1.2943912908238129,-0.2064928569299162,0.8835035314674524,1.6210912294553594,-0.6689198218488093,0.2441431735520804,-2.195003338175488
33.0,64.0,1000.0457763671876,-0.5532102573986482,0.615268270488456,4.108437761574502,-1.2796988124142992,-0.2077292134372577,0.8295808326332761,1.6008618040015845,-0.6516808337425024,0.3339011516435199,-2.348290014573726
33.0,64.0,1000.15478515625,-0.543640976642517,0.5371536738689002,3.886741879955805,-1.2194403769521989,-0.2229608409169285,0.9473146218951536,1.5153475034601618,-0.5727892600353757,0.1627530426752983,-2.374901552624088
33.0,64.0,1000.1319580078124,-0.5598061191188561,0.6181209679836099,4.016887287606886,-1.2404625284669035,-0.2284264214044693,0.7812941265990254,1.6114631774553896,-0.6044265046103208,0.3366512112456652,-2.229046674496429
33.0,64.0,1000.013916015625,-0.5637826346837329,0.590073024333595,4.091187312828051,-1.1158488415633268,-0.2303982936451776,0.858280155653846,1.4574771801269346,-0.6528616518599781,0.3914471014790219,-2.396539151666373
33.0,64.0,1000.0189819335938,-0.5949655680037189,0.5438734039532029,4.044300298268999,-1.2106061233954102,-0.198943299783938,0.8604202550713671,1.4979767234905594,-0.6374237674270748,0.3248706287171652,-2.3100450340480965
33.0,64.0,1000.023681640625,-0.5761585127151188,0.5913793219943395,4.020438138060541,-1.1574019006745575,-0.1919249444550175,0.928826069274006,1.492680596096246,-0.6655649789503135,0.3559160951124092,-2.3480910075761536
33.0,64.0,1000.0253295898438,-0.5922079575400812,0.6049039127480507,4.025518059810729,-1.2209350568904265,-0.1597072076342804,0.8978786639397294,1.5183521763567152,-0.6527274095379285,0.2778066990262653,-2.437317083758108
33.0,64.0,1000.0216064453124,-0.5857960451759023,0.5675245508533902,4.068437002069032,-1.260732684744967,-0.2121781257790909,0.815967933448535,1.5944108209256704,-0.622310095017844,0.4106553098078267,-2.260993520611513
33.0,64.0,1000.05712890625,-0.5339872042049842,0.5027682236569087,4.048071233003936,-1.1568686268700985,-0.193200407525536,0.9315302979780684,1.4296350559553916,-0.6661736691480682,0.3916928305448248,-2.3960958769824585
33.0,64.0,1000.1099243164062,-0.5074980120591794,0.6417805515526807,4.096239698404903,-1.1822263805423394,-0.264520054236403,0.7831531376436391,1.656030135990962,-0.6793080368527278,0.4910573711859261,-2.184320417052488
33.0,64.0,1000.0576782226562,-0.5763578245898344,0.4462773352866955,4.063597186099919,-1.1566242409846703,-0.175153816733756,0.9875915913126088,1.2893413761122847,-0.6951299765739112,0.3576076460064925,-2.419131773589201
33.0,64.0,1000.0775146484376,-0.5971850083659485,0.488749328211945,4.045289580951147,-1.2045160186990629,-0.2027147498828752,0.945025989136802,1.4141413985929765,-0.7317021471380079,0.3435359480561413,-2.321025164896665
33.0,64.0,1000.0682373046876,-0.585094422158309,0.6346805800892295,3.969835717234616,-1.2102105659800395,-0.1962988909721019,0.7869658300433491,1.516176088398666,-0.6384261781050817,0.3382688340695257,-2.316568266768521
33.0,64.0,1000.0982666015624,-0.6757291994526566,0.5600881194499632,3.983698806453063,-1.1930189512924303,-0.1574901208479664,0.881835031226915,1.4261488676619782,-0.6418633206608009,0.2881072834336287,-2.419326116433123
33.0,64.0,1000.039794921875,-0.5609269846885514,0.5450599364069753,4.130412092796913,-1.1627266483611065,-0.2348671253066587,0.9236584749596676,1.501869229191905,-0.6660130817292647,0.4454967791684785,-2.3372463196432536
33.0,64.0,1000.281494140625,-0.5464982099153213,0.5948261487761304,3.9295984035260414,-1.1635844442042846,-0.2623086376205306,0.9056697651858574,1.493270854406009,-0.6388571014890339,0.383800519190328,-2.2093821101403406
33.0,64.0,1000.125,-0.4950551266327361,0.5141088738825932,4.086673997173989,-1.1089537043851134,-0.251332649364941,0.8666279967586945,1.4369687817071437,-0.6207716841601894,0.441825566136548,-2.280800640232969
33.0,64.0,1000.0803833007812,-0.5280735129067953,0.6646387509487628,4.042683776903315,-1.1416080131815225,-0.2135779217302547,0.856931726132828,1.4860017984665532,-0.667346181761836,0.4067058244815102,-2.376081110528779
33.0,64.0,1000.0687255859376,-0.5348669127652075,0.506672436618886,4.03236198938532,-1.1213198143407237,-0.2364795511199542,0.9062307194612762,1.3127262637506831,-0.6626454523061929,0.3569636253161699,-2.3605931083931875
33.0,64.0,1000.1341552734376,-0.6647872551074583,0.6372911624976769,4.113257370415379,-1.2715779740122253,-0.1689503959583085,0.7969685061248946,1.5351169207259303,-0.6852812169350067,0.3577247854869476,-2.4254903737141427
33.0,64.0,1000.0834350585938,-0.5322742582549163,0.5336062266256132,4.1124871935017815,-1.2087707489508843,-0.2298605848808392,0.8565981938337321,1.549813700756938,-0.7040777161914731,0.3446366250255988,-2.384141438749613
33.0,64.0,1000.0958862304688,-0.5831861201303976,0.4947028344053752,4.080133237922972,-1.2238527075993155,-0.1657377030671041,0.8932797752083275,1.4609087262951048,-0.6475215727753563,0.2916653668079307,-2.369519179903046
33.0,64.0,1000.0687866210938,-0.5481914345206915,0.641068028162258,3.9427440597651007,-1.2410390002019378,-0.2310756370411972,0.8403075251946408,1.6012641055579993,-0.6150615115595697,0.2221770578732318,-2.341066791957501
33.0,64.0,1000.0055541992188,-0.5916427022833952,0.5968571853892009,3.994287879540853,-1.203907421885193,-0.1814767767688891,0.8455126230403476,1.4540245076788765,-0.6438474563905858,0.2869060232995712,-2.346898665126123
33.0,64.0,1000.0278930664062,-0.55482406010616,0.5652134501499804,4.14039199779976,-1.251598785812714,-0.1813390038843785,0.8612719782858012,1.5409070949837336,-0.6607854504701542,0.360955789629652,-2.421109908632454
33.0,64.0,1000.0450439453124,-0.6188598740876703,0.6158355081625828,4.053377967247464,-1.198932178545112,-0.147340086539744,0.8681454976871716,1.4506003415496025,-0.6875613892631236,0.2233200245450639,-2.51642896496529
33.0,64.0,1000.0252685546876,-0.5585546963235624,0.6015349141932758,4.08385721778091,-1.2061151469379854,-0.2117750640027162,0.7889303263915428,1.5321973027333875,-0.6289847605496117,0.4174905141843457,-2.3359364746724234
33.0,64.0,1000.09814453125,-0.5481721427892374,0.5622273846829176,4.0294931256401085,-1.28282790872965,-0.2006208965418041,0.8918798222936175,1.5064641537181531,-0.6719669039907048,0.3408033589333081,-2.316605743680382
33.0,64.0,1000.0738525390624,-0.5574919039688302,0.5927357946272949,4.048640782603052,-1.2602819037225754,-0.2489829340089722,0.8473965347182064,1.5998783755188928,-0.6052553319716356,0.3669392398984161,-2.2834697187081416
33.0,64.0,1000.15283203125,-0.5248930865953625,0.4505876781047284,4.114656216559318,-1.2271204594132763,-0.1672061825208679,0.9705111697401224,1.4585368755147163,-0.6383681456538151,0.3761605665846286,-2.3900049139217416
33.0,64.0,1000.1179809570312,-0.5072258398726541,0.4960080075265853,3.873862366280596,-1.1169753828110829,-0.2079122118803766,1.0148632852116846,1.4494050349785337,-0.6102127568795161,0.2219702313453755,-2.349122486956585
33.0,64.0,1000.0325317382812,-0.5628157841741057,0.4846828807600047,3.993959300102576,-1.234065939607487,-0.1836929584491553,0.9751380128786202,1.460870099854647,-0.6467805964638611,0.2883914506054799,-2.378206744242433
33.0,64.0,1000.2507934570312,-0.5137140660595012,0.4398801897479707,4.027453571382974,-1.2018295576651972,-0.1729168608837392,1.0342854479311103,1.4641651547764205,-0.6439082431108556,0.2984340136358945,-2.3679705089725296
33.0,64.0,1000.0657348632812,-0.5549886616522635,0.5376810066027895,3.979278960968129,-1.1880547031002608,-0.1559147872211088,0.9051683768057196,1.4115981249326186,-0.6342402599696415,0.3173656409783181,-2.397117397363963
33.0,64.0,1000.0966796875,-0.6224254189167402,0.5391510563378565,4.035533267829251,-1.2294885242924003,-0.1447302010464906,0.9158067349428344,1.4785642460217847,-0.5963253812964524,0.3343125576418071,-2.488626623346706
33.0,64.0,1000.0104370117188,-0.5600042897229045,0.6069847716266628,4.007707566256094,-1.1673441096172432,-0.2019624645892079,0.8344256609823084,1.489911593377304,-0.6443298713293526,0.3241020316527745,-2.3624223084069222
33.0,64.0,1000.1119995117188,-0.6181856334681317,0.5469919685160818,3.955227724620864,-1.2404842590190626,-0.172905610005734,0.8932193247679221,1.472276418074312,-0.6122501522781256,0.3392033121226712,-2.2892569953612787
33.0,64.0,1000.0225219726562,-0.6013502877185868,0.6123534245332793,4.061290666500216,-1.225801423422415,-0.1954832215144657,0.8414162511431025,1.4603332323766391,-0.7182175081354467,0.2909488625487757,-2.423548874722117
33.0,64.0,1000.1698608398438,-0.5304515433213801,0.4943521275147731,4.117918146328167,-1.2239160780625626,-0.1679230838554692,0.93519505647743,1.4501424591417535,-0.7201202469069541,0.333305375097729,-2.436350430794401
33.0,64.0,1000.5451049804688,-0.5715129887391823,0.6073988640636996,4.053168427811048,-1.1720683222750088,-0.1700985135749935,0.7816309651992448,1.448051525350027,-0.6540136300415158,0.4532126169863906,-2.327646538632524
33.0,64.0,1000.0737915039062,-0.5492415024468311,0.466219512127962,4.106485940415368,-1.1675062623043782,-0.2383010121753441,0.9453590036457324,1.4828265109119556,-0.6950093484007178,0.3984781069628065,-2.2705822004176306
33.0,64.0,1000.0536499023438,-0.6185739189582211,0.5533878814927942,4.104757809184521,-1.1994900058078652,-0.1626720421948455,0.9259031308001572,1.3950283178000378,-0.7646182852381163,0.3577723534235542,-2.402067096917711
33.0,64.0,1000.06640625,-0.5770739417697426,0.5521742179333264,3.915693010885121,-1.1529152052408338,-0.1905238847941159,0.9661629089543772,1.448798759855964,-0.6497317290358549,0.2962698374514216,-2.3167450676069463
33.0,64.0,1000.0555419921876,-0.6312316972777259,0.6626928588493088,3.999862220072762,-1.24835981085544,-0.1625546160920148,0.8566606441181035,1.584899971813746,-0.6743619954792193,0.2572846624760121,-2.3979976926920736
33.0,64.0,1000.1360473632812,-0.5137680426849291,0.5614754616965376,4.0366312893175404,-1.1997823236813692,-0.2152785471645906,0.9541805264430484,1.5728147596602715,-0.647913555292261,0.3928008172235984,-2.2789880739860218
33.0,65.0,1000.2152709960938,-0.5577532750462817,0.6923914506494766,3.956616912986769,-1.1297544957260517,-0.2413412044932714,0.8180531629462209,1.4999176602980049,-0.6973283636332948,0.3321779459422753,-2.1731733079278595
33.0,65.0,1000.0799560546876,-0.5938818147359051,0.6092815668334772,4.118693128500665,-1.1318371645578686,-0.175181839195484,0.8926648839301956,1.3920336753275206,-0.7352258419860371,0.4285682869991341,-2.29663745471656
33.0,65.0,1000.0482177734376,-0.6271650976628349,0.533817079039868,4.04259934495412,-1.211321731069161,-0.149699843698368,0.9632868760602412,1.4764146701683352,-0.6704694050852336,0.2975651717933889,-2.461858881548216
33.0,65.0,1000.2901000976562,-0.6322241862793545,0.588921891752693,4.101003758454754,-1.1184419021703378,-0.1708547518184699,0.8769349461703202,1.3810481872720493,-0.6953534090391127,0.3470983454134746,-2.367929424400609
33.0,65.0,1000.0291137695312,-0.581501390020783,0.6912332112626114,4.172885208951072,-1.3130954167926956,-0.1681901509272965,0.7061553173298396,1.5799205789886308,-0.643980191316122,0.3043173638029977,-2.526438551374361
33.0,65.0,1000.02001953125,-0.5941830530928192,0.6122296816709394,4.064886833533711,-1.187634645719537,-0.1852446496326285,0.8210295118639355,1.45607824605532,-0.6588478338794603,0.3343748565369786,-2.357412541025457
33.0,65.0,1000.0769653320312,-0.5670840039208143,0.6451842999849431,3.991547752914285,-1.2259796958331377,-0.196772178512071,0.8365759624982019,1.6200083823643832,-0.6643403207368053,0.3473556268807094,-2.290597587424126
33.0,65.0,1000.0610961914062,-0.5346910679786037,0.5914160103924262,4.049752793818971,-1.202519094740011,-0.2394032822248402,0.8276977954238243,1.497637526185894,-0.6674988092145542,0.3091022784434063,-2.2881961328432583
33.0,65.0,1000.0556640625,-0.5461563880142917,0.4952372655808315,4.06195938670905,-1.1377653086261907,-0.1756185929093421,0.9948042019737082,1.3688844815494772,-0.6732324160597498,0.309356961951444,-2.3862676028732177
33.0,65.0,1000.2520751953124,-0.6250812623003696,0.6311898964674594,3.976117329113997,-1.4044184313963703,-0.1585308558326401,0.7563701118339186,1.6583952945046327,-0.6453035953322397,0.2878937505134775,-2.257772757052013
33.0,65.0,1000.08203125,-0.5971966351840461,0.5324185651617235,4.101005530085631,-1.2399080009691934,-0.1701337512617708,0.9026829660668988,1.4516631108315137,-0.6980470815198512,0.3156340920693203,-2.321074502160028
33.0,65.0,1000.0112915039062,-0.5195666792991407,0.5514563928189258,4.019273545161326,-1.133766285465461,-0.240128341385053,0.9131632206967292,1.4530716159392352,-0.6818182138868698,0.3424506063122399,-2.322340539365318
33.0,65.0,1000.0501098632812,-0.5134951429889831,0.5507133182710291,3.9168158049179738,-1.1375814511948787,-0.1931043636477536,0.9630864873861268,1.4196366671694047,-0.6367106932231277,0.2358267940977088,-2.346426184465296
33.0,65.0,1000.07421875,-0.5526532523953929,0.6084568136744153,4.117016938178768,-1.1705866229897597,-0.264929445438117,0.8157919495745594,1.5882575185031893,-0.6654117608922441,0.4572611390152792,-2.2437991757721862
33.0,65.0,1000.0172119140624,-0.5916452086715411,0.5983650028454353,4.016032732187163,-1.130717742606708,-0.2412010827132125,0.8876932314517276,1.4905594325175198,-0.6874120612235384,0.3480895438928169,-2.259220747754424
33.0,65.0,1000.0922241210938,-0.5681180428875008,0.5308874707173956,4.077205677188548,-1.176023904704881,-0.2181794749294887,0.8849513883410554,1.4919177033589204,-0.626418346415111,0.3869268451791932,-2.287403128785681
33.0,65.0,1000.04736328125,-0.5628138489553338,0.5662424107275594,3.989885695386056,-1.115170116074784,-0.2113370035885031,0.9124994706914452,1.465601068211825,-0.6522648968333629,0.2906325875728965,-2.3263806678206578
33.0,65.0,1000.1416015625,-0.5711658804744317,0.6476399299561724,4.0173293468309765,-1.2157042250403465,-0.2425593083614643,0.8865679833866249,1.6480298098806545,-0.6493891042359508,0.3123377565891028,-2.350203558485506
33.0,65.0,1000.0140380859376,-0.5842800120277563,0.6043074700772708,3.982299760451877,-1.1942134928063417,-0.2053030268795526,0.8657351179084163,1.476477211833255,-0.6270633523544342,0.3222139327286371,-2.3890612224948065
33.0,65.0,1000.096923828125,-0.6259963374555086,0.5887129226570655,4.068079128174528,-1.2394611111751654,-0.2161388342818426,0.780710441464679,1.5379722199376546,-0.6435103096335606,0.36576242522663,-2.338829578425207
33.0,65.0,1000.0687866210938,-0.6196253109021672,0.5829154443057352,4.101243242698772,-1.131333118917771,-0.1966859830415828,0.8418869874578796,1.4343198510914874,-0.6517151241082706,0.3352862633082711,-2.472834673432405
33.0,65.0,1000.0899047851562,-0.6569993526678033,0.6221610227252885,3.9804918641305065,-1.2277893290658746,-0.134790964176001,0.842055153558511,1.45310582502686,-0.7004813352406005,0.2170133550525061,-2.3913197843349625
33.0,65.0,1000.160400390625,-0.5650611395163159,0.4853964978290523,4.056706933164747,-1.1113605952612675,-0.2291627694843176,0.8802788466372311,1.3810530402554253,-0.609650760787452,0.3472624905770161,-2.415788956461676
33.0,65.0,1000.1033325195312,-0.5657943545918771,0.5310685473895003,4.03255925101864,-1.011434123275711,-0.2103440310249666,0.9622911403932992,1.2422160972394511,-0.6547905678253567,0.3675482931820859,-2.4628642099993048
33.0,65.0,1000.1857299804688,-0.6264317793893781,0.5755463315501625,4.053032394977528,-1.2243232850570545,-0.1910646497975934,0.9037112674246996,1.4886241717403603,-0.6913785763903793,0.2765332613529558,-2.317307544191971
33.0,65.0,1000.0000610351562,-0.5786001719914244,0.5593318773260156,4.041973065197691,-1.1961122825834614,-0.2109288577922248,0.8952078389249349,1.476726218428709,-0.6532849432569963,0.3143530108868466,-2.387906269239519
33.0,65.0,1000.030517578125,-0.629589884692578,0.6132345812591469,4.100566295724107,-1.172794913944919,-0.152961814953584,0.8525927561289581,1.3966051372911998,-0.7079744493926672,0.3054189895963439,-2.49490124262974
33.0,65.0,1000.0272216796876,-0.5016111655477147,0.6242874028785916,4.017870936548967,-1.102342491059262,-0.221950081438556,0.879662490803863,1.507979785807657,-0.6773268610968888,0.3596549672512985,-2.270706777272873
33.0,65.0,1000.0242919921876,-0.5472714328823365,0.5331434474987526,3.991850938329719,-1.1703922157684894,-0.1902773904646384,0.9234082652095577,1.4636351874810956,-0.6138044530292195,0.3071670995429105,-2.3628030964955187
33.0,65.0,1000.1292114257812,-0.5909558378006627,0.5297752737676866,4.046293819769897,-1.1596076669262485,-0.2504926347712359,0.8826925937889509,1.4190370242348926,-0.6214211615452827,0.3186601648386773,-2.36724852917284
33.0,65.0,1000.06640625,-0.4989780471776859,0.5628917949942736,3.990490698120958,-1.131432321758694,-0.2468436851852971,0.8956962281364911,1.5309441390528535,-0.6201933179617365,0.4168992718147102,-2.2757256784321056
33.0,65.0,1000.0399169921876,-0.5554804007713123,0.5328951106497835,4.076165929212177,-1.1822326192054071,-0.2228545788224778,0.9272109804868488,1.4869804578172356,-0.6510684211553839,0.3228717693523144,-2.3325592846394616
33.0,65.0,1000.0393676757812,-0.5484142043410012,0.5866692992650773,4.046002370679343,-1.2350493795898427,-0.2090474320226745,0.8303164515555732,1.5655278719885022,-0.6199001457623199,0.3520654213728438,-2.2794216062661894
33.0,65.0,1000.1807250976562,-0.5606286296855085,0.5310313088082896,4.063727166351347,-1.1432850840641675,-0.2583563557364137,0.9750095212377188,1.4888227293676204,-0.6607564075582646,0.2759268460824255,-2.3957518490266465
33.0,65.0,1000.1636352539062,-0.5500258110979432,0.5421361629698076,3.8958932270315945,-1.2005381562292623,-0.1717889847074651,0.9898977104912704,1.4825388084309647,-0.6343923987281386,0.2585175284494214,-2.295280457169388
33.0,65.0,1000.0810546875,-0.5463679447730456,0.6362557050891473,4.065738577868359,-1.2411536148895257,-0.1952895019749672,0.8151379558903162,1.5565362205184703,-0.63611826198761,0.2591947136653534,-2.3701070420053054
33.0,65.0,1000.0009155273438,-0.592467422469495,0.5985280769593446,4.023385853684559,-1.2462011235505606,-0.177867408394964,0.7951729034619852,1.4433988951828622,-0.6527458811915494,0.2471444536418952,-2.456533439985628
33.0,65.0,1000.0631713867188,-0.6435264460244152,0.5465091811137359,4.02860858187351,-1.195271647280877,-0.1489193782004694,0.879561405822459,1.3911166997482027,-0.6696883474160549,0.2856986046265932,-2.471948993782723
33.0,65.0,1000.0386352539062,-0.5505452164630178,0.5596349584581608,4.016282153184534,-1.0589657797487058,-0.1961682775641922,0.921949044061634,1.339259615755469,-0.6926933078670254,0.3034896532203621,-2.427554723569472
33.0,65.0,1000.180419921875,-0.5961049191721406,0.6211101689882836,4.006390882094802,-1.386919076478188,-0.1521864191963509,0.8605977482308571,1.709089779531653,-0.6484331482908976,0.2517524363882453,-2.3450056552130216
33.0,65.0,1000.0123901367188,-0.5853869835219854,0.5878848138818178,4.059227801335574,-1.1485034805125365,-0.2267324500653638,0.8611599946370374,1.457566817264312,-0.6865539892838388,0.3298168285059404,-2.332766439756677
33.0,65.0,1000.2568359375,-0.6196813407387225,0.5712332128964759,4.115858593799707,-1.2705218030135192,-0.15710263923759,0.8326756264562523,1.5262413079135495,-0.6752806692174609,0.4345291115039709,-2.3885985484523085
33.0,65.0,1000.1476440429688,-0.5909699863139934,0.6591050086858399,4.059399378564727,-1.2609847145664426,-0.2452127356998374,0.7529691212948064,1.662923230293634,-0.626300592247186,0.3794015502670138,-2.318696009762225
33.0,65.0,1000.0189819335938,-0.5938773568507205,0.6197990429561608,4.146068809264328,-1.2576425165399154,-0.1778827235764062,0.8757731784072478,1.58905358877084,-0.6793312205029034,0.3039240022523195,-2.431503640867971
33.0,65.0,1000.0101318359376,-0.5584603949381641,0.5843185441892764,4.0510178717796,-1.1954242118920917,-0.2151970424724645,0.8776999440494491,1.4876744448059576,-0.667944567856412,0.3134718924490993,-2.357638303916107
33.0,65.0,1000.0220947265624,-0.5947706354099678,0.5960083194681589,3.9740793648693113,-1.152190389607605,-0.1759190343314784,0.8780578692901528,1.4358322904005725,-0.6716567495092569,0.3376304216770602,-2.3581417018922086
33.0,65.0,1000.0755615234376,-0.6424700486657047,0.5475309808048925,4.088509058555207,-1.168268848122198,-0.1533289050301949,0.8465213840616803,1.371445754045829,-0.6667454189853519,0.3408387100132817,-2.408076762009759
33.0,65.0,1000.0433349609376,-0.6085729534863651,0.6322702189029776,3.9864061303092218,-1.2386633910070062,-0.1578686777725257,0.8217790503547748,1.5166627694223802,-0.633471630531969,0.2824805911349601,-2.3853964569145774
33.0,65.0,1000.1719970703124,-0.5784334245478719,0.6848933586638211,4.081570761777403,-1.2307267670024338,-0.1929252102491396,0.7638099660504611,1.5382508746560788,-0.6721303543106538,0.3995534459906729,-2.3833789948068143
33.0,65.0,1000.088623046875,-0.6100428605986048,0.5355152462417854,4.00569247589474,-1.2235351150234126,-0.1531338609093531,0.9223295518930515,1.4241848017240877,-0.6240703872113791,0.2742741338821597,-2.3886124829657938
33.0,66.0,1000.0343017578124,-0.5071292735177062,0.5899495671613284,4.139620834268476,-1.111323649303959,-0.2318835978555968,0.8618907237911158,1.403939336506733,-0.736232410097279,0.3957663760662804,-2.3595765645485853
33.0,66.0,1000.0311279296876,-0.5818727541765254,0.6520218858662545,4.0724695491259695,-1.2411236286600404,-0.213135981567099,0.8139612171412036,1.5409722245449036,-0.638446846517537,0.3397592265882192,-2.407610135286467
33.0,66.0,1000.0397338867188,-0.5470589759017477,0.5670075309217779,3.971077314408232,-1.075936924681172,-0.2311876366301115,0.8796324079570077,1.4121485118882848,-0.6458762946654542,0.3087311587873529,-2.34800395783558
33.0,66.0,1000.03369140625,-0.5958934239279685,0.6321091082935606,3.9679610496012216,-1.233892476856417,-0.1635043085459928,0.8860118712086571,1.53149072831157,-0.6299990459138414,0.2591648623548446,-2.4098427170116614
33.0,66.0,1000.0413208007812,-0.5897394539221628,0.6366368110847374,3.972108451724644,-1.1588821911618914,-0.224317696680675,0.8324321333717046,1.4643064391136846,-0.6598439468251458,0.2479412396723912,-2.359327333753703
33.0,66.0,1000.021240234375,-0.5125414094371816,0.5827036272323918,3.995722253007392,-1.126967547421676,-0.2418999931656316,0.8880247880017027,1.5065363964714154,-0.6746372771770854,0.3674848588871047,-2.282429853948051
33.0,66.0,1000.1340942382812,-0.6110360588288719,0.6649592583765553,4.113958242018574,-1.184894307855528,-0.1951543655487011,0.7892398894548247,1.5154394990326034,-0.6729220687477273,0.3167296244670261,-2.394398754392472
33.0,66.0,1000.005615234375,-0.5938587758258933,0.631065002428576,4.017107292785925,-1.1744948984751629,-0.1917146353557628,0.8267502419125297,1.4376397846934117,-0.644752022100727,0.3006199553885116,-2.430891613564412
33.0,66.0,1000.1080932617188,-0.6126098647316809,0.5857252969091249,4.003258167921837,-1.1163236931537135,-0.1827605728376804,0.9244584684368052,1.4357203326669286,-0.662711317507835,0.2512853508510249,-2.43301327844476
33.0,66.0,1000.0038452148438,-0.5933265913760053,0.6062713086344464,4.059694673429119,-1.2606736136702308,-0.2064967670790993,0.8291648547416886,1.518627399083284,-0.6428491648306753,0.2947677006033702,-2.4192542211557737
33.0,66.0,1000.0147094726562,-0.5766981995617719,0.6087954020467752,4.028363175568279,-1.120052671760141,-0.2386169175273984,0.8724486260350774,1.465599475864099,-0.6453186455556494,0.345384058529067,-2.3946007597589825
33.0,66.0,1000.0233764648438,-0.5593966020505219,0.5818622081151581,4.01336979615159,-1.101161107748493,-0.2580560900029844,0.881588396990999,1.5094693593854576,-0.6461119071961532,0.3636708500676739,-2.2745352003791064
33.0,66.0,1000.028076171875,-0.6422913347824597,0.5937862498073994,4.004174857809783,-1.2692311257875175,-0.1720339414503655,0.8740986912032431,1.4808151494982438,-0.6451038817264063,0.1843742194564521,-2.498849415314725
33.0,66.0,1000.040283203125,-0.5411742778714341,0.5466812376304073,4.022290036624431,-1.1450827427871468,-0.2015680713015886,0.9518426165893334,1.4355983968067123,-0.672925755984922,0.334016403149536,-2.412842484353352
33.0,66.0,1000.0620727539062,-0.5610866916773567,0.5659303302466707,4.088878188166806,-1.251135802054594,-0.2107657299999301,0.857570866935844,1.5607892830028796,-0.674604171590806,0.345025542826872,-2.287317185317491
33.0,66.0,1000.02099609375,-0.593014679817899,0.5227283373889966,4.070628551717375,-1.1728854548995344,-0.1943677645092512,0.894599571178003,1.4181871833395974,-0.6453668316544672,0.3251157756317528,-2.427827552892623
33.0,66.0,1000.0403442382812,-0.5533182765823588,0.6619546260424158,4.104408799412436,-1.2575626242491271,-0.2311658170178852,0.7251585033486716,1.591351033425067,-0.5712516213719185,0.3371829557762273,-2.371786561040384
33.0,66.0,1000.01708984375,-0.5431149174213399,0.5748666453984672,4.0940657120036,-1.1859194330677552,-0.2250901958465432,0.8667640448333795,1.6001935580982511,-0.6730324436952619,0.4077049344782502,-2.243602724826024
33.0,66.0,1000.0343627929688,-0.5796838221554808,0.6504206750951429,4.08374165940516,-1.2015333094221274,-0.2586263624887701,0.8069123952317483,1.6127855651070837,-0.6413779656034428,0.4061968838944372,-2.3139476146334
33.0,66.0,1000.0318603515624,-0.6149415795124913,0.5845527402521284,4.042388738572422,-1.2533485364470924,-0.1801062134368205,0.8393109794564086,1.5304457893883114,-0.6216023541790987,0.2836496218262807,-2.3933768000950675
33.0,66.0,1000.0150146484376,-0.6015682141936702,0.5315067720778206,4.030223333551646,-1.241539000077502,-0.2108217801413925,0.8908735013281337,1.5161977030262994,-0.6245772238180756,0.3538866028995082,-2.3282283773371715
33.0,66.0,1000.0078125,-0.5494531783045504,0.5876753291717449,4.081817518867149,-1.1589828285571937,-0.2262682956074444,0.8747228421061282,1.4551297521917874,-0.6798642847888692,0.3999847595160535,-2.325014634805938
33.0,66.0,1000.0206298828124,-0.5544198083488343,0.5831614525574462,4.01310702955802,-1.1564133057662431,-0.2192521854775293,0.8669250735912613,1.4491780428415622,-0.6351954759297254,0.3676279328515575,-2.295634301888346
33.0,66.0,1000.0326538085938,-0.592347999828938,0.6301841435558311,4.083492519923277,-1.209971929733999,-0.2036269399144874,0.8494940333148291,1.5146262505145778,-0.6526072141998283,0.3020907591849706,-2.5042660405018964
33.0,66.0,1000.1215209960938,-0.581233662718244,0.5714355665379669,4.063323335392429,-1.2791541787866705,-0.1801627462514607,0.8877676852566774,1.476057173417482,-0.6294239815226463,0.2736028155259546,-2.431284814601949
33.0,66.0,1000.0325927734376,-0.5764004912675214,0.5621579759343476,4.046895920217462,-1.2587891492864394,-0.1778360224600126,0.9124656868355538,1.533512824366002,-0.6581595704275038,0.2974567197505431,-2.3827078508369928
33.0,66.0,1000.0136108398438,-0.5893908638905687,0.5779532544186754,4.020203857696359,-1.2133562711233226,-0.2193799049005251,0.8715356616258907,1.5503102352707074,-0.6379588720904339,0.3522212788149534,-2.298814378941759
33.0,66.0,1000.0733642578124,-0.5693673819965603,0.5579356548978529,4.037751750302418,-1.2787985921954288,-0.2150887412556539,0.9081779587571076,1.6077962096926468,-0.5925996878946096,0.2687353593632036,-2.305993891239334
33.0,66.0,1000.0030517578124,-0.5957174472986937,0.5544180713705362,4.029002463820028,-1.2182263406357905,-0.1844783331471475,0.8801281964393421,1.4568711176254654,-0.6664521435275175,0.2556420035542741,-2.438543389143665
33.0,66.0,1000.0032958984376,-0.6042082594071649,0.6095810778172996,4.054063375409308,-1.2298432353742923,-0.1728246143815228,0.824322551901636,1.466219630508915,-0.6855071158120394,0.3076716866737943,-2.4180177099056
33.0,66.0,1000.003173828125,-0.5744867029925862,0.5603440055658373,4.080560626150778,-1.1685477063115854,-0.2101917739945928,0.8821837007867543,1.4538637794524565,-0.6860121304146878,0.3705042599726162,-2.3344568198758724
33.0,66.0,1000.0308227539062,-0.5632462528315418,0.615876551479487,4.115022468854461,-1.2109177570684402,-0.2278242303357567,0.818173080050201,1.5528495731868874,-0.6662764060478903,0.4273995380844457,-2.333948649668693
33.0,66.0,1000.0403442382812,-0.5767241337388107,0.6056964898875723,4.075426876776078,-1.2219564323906438,-0.2078855700456419,0.8242690731279101,1.5342814785388723,-0.6429915792730183,0.2992662625823481,-2.3480002038446
33.0,66.0,1000.0308837890624,-0.5704114600573709,0.5756439018268225,4.016525560771056,-1.0629284907093846,-0.2695410999017058,0.892001472869123,1.4068843616185411,-0.6875488510258849,0.363667402440897,-2.311392156663689
33.0,66.0,1000.0977172851562,-0.6011096566139198,0.5722598673854726,4.071016218126793,-1.1930528275036671,-0.1672043207448323,0.8561092695694894,1.4516472429760494,-0.6302520602099433,0.2957944190156611,-2.4702370396778788
33.0,66.0,1000.0353393554688,-0.6048622165557553,0.5764678838304516,4.067788854380934,-1.272119504363867,-0.1331600620559196,0.8684435740864664,1.4287284503387578,-0.6808834578900571,0.2282903966515581,-2.4787977734609017
33.0,66.0,1000.0259399414062,-0.5832289177297705,0.5773904494592363,4.051400022356704,-1.2432214802310746,-0.1894051461592454,0.8472035433466827,1.5244741193477278,-0.614160296140164,0.3585546366443202,-2.382027521809742
33.0,66.0,1000.0535278320312,-0.5309620511240034,0.5958757986718783,4.0817094274308285,-1.1670775467795282,-0.2505377680250724,0.8261225109178127,1.5168561245689114,-0.6604839547619248,0.4121647685130813,-2.3408578344690016
33.0,66.0,1000.0449829101562,-0.528298694053138,0.5558993317812373,4.041055707115664,-1.125648770545924,-0.2285531617827665,0.9076352514212004,1.5077599690998549,-0.6383526081560031,0.3807225672382568,-2.34052093612692
33.0,66.0,1000.0985107421876,-0.5797972238433884,0.6010386638653298,4.0149071622587496,-1.237438853720966,-0.2045514527640648,0.801092774230967,1.524708559810545,-0.6402318449088957,0.3672498716148098,-2.2667292385758864
33.0,66.0,1000.0066528320312,-0.5650685536460225,0.6030905492756133,4.031415835400562,-1.2282145579047392,-0.2205586863324278,0.8685727377172681,1.5696514981545722,-0.6392252884346208,0.2185887820625023,-2.390644312107608
33.0,66.0,1000.037109375,-0.6074455636564497,0.7010467689696149,4.025166408694764,-1.3317522989502488,-0.1804100445799088,0.7012056877186348,1.5775734803838128,-0.6368565419780143,0.2368253449405335,-2.404275513161533
33.0,66.0,1000.0137329101562,-0.5875464821624492,0.6332015404298232,4.0207225580660495,-1.1865036939435298,-0.2010336711874094,0.8378847443865194,1.490510220424493,-0.6234298902190893,0.2870635856605759,-2.422861937065873
33.0,66.0,1000.0419921875,-0.5701219763607241,0.5727439456652856,4.062478137428162,-1.2488109898970476,-0.1520427054723292,0.8650325204284703,1.47454605826041,-0.6722937182841955,0.2670669553991693,-2.441170214428147
33.0,66.0,1000.009033203125,-0.5832618167735211,0.565531569597062,3.997704424829548,-1.2021267463993772,-0.2154399623209224,0.8601842707135718,1.468632083868167,-0.6538128606621472,0.3020075813883363,-2.3379016127358736
33.0,66.0,1000.0448608398438,-0.5880858504982429,0.5854396053318691,3.9998569878305528,-1.1796600088755298,-0.1593937658146877,0.8859507797245669,1.481136430055238,-0.6384733609654463,0.317992104625139,-2.397507608300127
33.0,66.0,1000.0853271484376,-0.5155974221318891,0.5530236572746308,4.0790552779528255,-1.0444715224893084,-0.2593879047868972,0.8902596834715251,1.4521540145232257,-0.6654846685342424,0.4302177081462845,-2.299375946533162
33.0,66.0,1000.063720703125,-0.5185033812259316,0.6351890106010707,4.091293669658317,-1.1663356504335765,-0.2152854206249292,0.7851183366083543,1.4166422221326371,-0.6945347022914374,0.3567611654307523,-2.422069681498296
33.0,66.0,1000.0873413085938,-0.5212994639883215,0.6376036630158,4.105048361021991,-1.2243722341451768,-0.2610413131326723,0.7620316765168242,1.5689415931644677,-0.619771892663997,0.3813955945033846,-2.287817430548193
33.0,66.0,1000.0406494140624,-0.631770745179054,0.5363744331427167,3.9300191435910734,-1.110823448655562,-0.1899368925497091,0.980354303687232,1.349358929497436,-0.6843324836053863,0.2936758097087626,-2.3559821416315003
33.0,67.0,1000.043212890625,-0.5847488305680661,0.5783671869497864,4.03577214529561,-1.2019389938473504,-0.2090863492597297,0.850939849145643,1.4336274104593,-0.6471570210902966,0.2350525113794184,-2.4397182577538565
33.0,67.0,1000.0330810546876,-0.5423630014775922,0.5809359430044756,4.002248779178871,-1.1858666381111735,-0.214399531912333,0.8891809997848679,1.5480379086577685,-0.6562303030635181,0.3743365769908555,-2.2398865950357303
33.0,67.0,1000.0695190429688,-0.6153983522348296,0.5827871120392913,3.981528100019746,-1.199563390408334,-0.2119242802876799,0.8791116432216795,1.4208119287994645,-0.6476600629583817,0.2195588570593178,-2.404556881585168
33.0,67.0,1000.0134887695312,-0.5799575781266535,0.5404897975399603,4.064451140200356,-1.260519903961205,-0.203113888959149,0.8704789253399188,1.5043252009432877,-0.6571151367070973,0.2651322281422015,-2.439107564098224
33.0,67.0,1000.0097045898438,-0.5676177520680898,0.5815049674365138,3.999560616382137,-1.2139662565453344,-0.1952413178575565,0.8754456856297965,1.5027378584451403,-0.651800907455268,0.2923111152598077,-2.3268012095866126
33.0,67.0,1000.0997924804688,-0.6004755406799758,0.6242957272770102,4.014370994094637,-1.276313503986655,-0.1851025595750695,0.8692618127678227,1.540716837104811,-0.6264005815870357,0.281359223127593,-2.4074811641616503
33.0,67.0,1000.0140991210938,-0.5971258107991115,0.6443047560538755,4.013213134869098,-1.12661273393769,-0.2225568115256946,0.8194204397141833,1.4929535704500214,-0.6232129483994235,0.3635159886153838,-2.3608743095613645
33.0,67.0,1000.0249633789062,-0.5877495670101638,0.5678810875148717,4.084626995221871,-1.1735988078324642,-0.2108470151011801,0.8560762194686333,1.4775251859863907,-0.6527666758205921,0.4240817520550717,-2.3768799138044585
33.0,67.0,1000.0258178710938,-0.6316343702060347,0.6272797532191232,4.060100269000166,-1.2174931996466358,-0.203944947399127,0.7661273105905684,1.4992749536449503,-0.6445640624560269,0.3470069684208834,-2.3967893401343927
33.0,67.0,1000.02587890625,-0.577283061268135,0.5108782570420702,4.052445068360351,-1.1280551146339408,-0.2277895165630017,0.9232353607590956,1.433736894916371,-0.6357422411931166,0.3417160881831647,-2.378727220452961
33.0,67.0,1000.02197265625,-0.6271618743489871,0.69274018496799,4.0249277295047055,-1.2757594774243417,-0.1788192636859538,0.7532343872803224,1.5573229862088214,-0.612414539545524,0.3013122846765643,-2.4230068393181687
33.0,67.0,1000.0076904296876,-0.5612962179942125,0.5936769030432432,4.061931418077615,-1.2002236944994498,-0.208713433382921,0.8293422178871133,1.4615730438347114,-0.635783390713323,0.2947871286221613,-2.4661555440645806
33.0,67.0,1000.0032348632812,-0.6145873140747744,0.6205236118363597,4.040534928671363,-1.1897375438080076,-0.2217201388902072,0.8168846229910987,1.4843846277069082,-0.634278793862503,0.309880491473371,-2.4324477974520944
33.0,67.0,1000.0811157226562,-0.5417780427414707,0.4915189655476375,4.136230368820112,-1.2373755162710056,-0.2250352966496329,0.8792243907618245,1.4967520022536809,-0.6378868836599949,0.3971725740699678,-2.323647101297799
33.0,67.0,1000.0804443359376,-0.5612140175149918,0.612665650259717,3.988990485621676,-1.2246765566100477,-0.2519796896248918,0.8041187096418536,1.5211925439770688,-0.5626809796155294,0.3182983437579425,-2.373272274150049
33.0,67.0,1000.1936645507812,-0.6230628253540926,0.522980690048338,4.094513598155382,-1.1512713212219643,-0.1582629111272844,0.904892170894022,1.3940642235676268,-0.6416947713165886,0.3794573397830989,-2.4743837032389653
33.0,67.0,1000.0458984375,-0.5949343760233141,0.6296324614112798,4.016290690378057,-1.2036310404679558,-0.1730045705797982,0.8720390156393254,1.4805405441811177,-0.6797932213116118,0.3038951118645485,-2.352925817621161
33.0,67.0,1000.0166015625,-0.585923492173313,0.5396257950163736,4.015078023740152,-1.2757128716602466,-0.1741325289791895,0.8598706862175343,1.5267121459507962,-0.6121817409114882,0.3032209539669086,-2.35882561090252
33.0,67.0,1000.0360717773438,-0.5731933290364797,0.6280013725451097,3.952717047637787,-1.1959219502225382,-0.2227044825660833,0.8388749093880721,1.5265951511032902,-0.6242196170810619,0.3095796682920237,-2.331246155052773
33.0,67.0,1000.0060424804688,-0.6090706209189802,0.5928752663767964,4.031737021698319,-1.192582513576773,-0.1985694054468201,0.8480802716420568,1.4286616195593087,-0.6738313143057688,0.2511456743864668,-2.4721858005140525
33.0,67.0,1000.02978515625,-0.5233196725603131,0.5143844809442335,4.047035806440407,-1.117337900061612,-0.2163405604560111,0.9095747136982046,1.3545247519846573,-0.7108300770975227,0.371916214013547,-2.315183270712468
33.0,67.0,1000.0802001953124,-0.5661549315680618,0.5888168262902926,3.975724278485284,-1.1631954047738486,-0.2637584476525427,0.8550993786405181,1.4875963180222396,-0.6288675385169658,0.3213594797686756,-2.346764148750216
33.0,67.0,1000.0105590820312,-0.5867274142542769,0.6236171600027625,4.022377325664566,-1.2320739804608811,-0.1968014895580623,0.8232846589209064,1.4702883191863112,-0.643343672993856,0.2336313479023566,-2.4289113413546377
33.0,67.0,1000.019775390625,-0.6294025200923459,0.6565850315656547,4.12030260672098,-1.22710519684339,-0.1916754720182716,0.7548897282821851,1.486864954310743,-0.6795153319354341,0.3617631982421372,-2.4369114084448507
33.0,67.0,1000.0166625976562,-0.6031434776235383,0.6099611715071447,4.016251382476524,-1.1720954003522133,-0.2107730804371268,0.8955379801237235,1.45882226485152,-0.6894192854437522,0.2862256869163193,-2.3936812360727764
33.0,67.0,1000.025390625,-0.6101384001478563,0.6287311025901188,4.020753693248794,-1.290469073613778,-0.1884706661588637,0.7895818712270595,1.5135887789586953,-0.6438793616752587,0.2996675361896397,-2.361170702373572
33.0,67.0,1000.048583984375,-0.5196126871054227,0.4986628746697779,4.0499100471595,-1.1684379656272823,-0.259128124873877,0.9245906838048265,1.4652020562820045,-0.6620739902814599,0.3697032978332153,-2.294057902081148
33.0,67.0,1000.0301513671876,-0.601174970405709,0.5272419794977345,4.111173619317693,-1.2074684627136325,-0.1828165230699161,0.8953466546524336,1.4513979930973149,-0.6844092138448881,0.3597666521573375,-2.401571719252095
33.0,67.0,1000.0034790039062,-0.5842521434596222,0.5520499047720531,4.048197676448389,-1.229227777350193,-0.2209714089990537,0.8711347675346097,1.5225286747175488,-0.6437928153995536,0.3204679984027683,-2.355334208550389
33.0,67.0,1000.0339965820312,-0.5860547352144145,0.5778324246024429,4.139180712016447,-1.0883817364642607,-0.2310983631820562,0.8832747306418165,1.42573483401031,-0.7040433787882288,0.403372789773762,-2.391202894137896
33.0,67.0,1000.0352172851562,-0.5360196258220427,0.5340863967187337,4.032714655547276,-1.1328353641790485,-0.2201706651385446,0.8804948800914678,1.4315775116232796,-0.6313129316212809,0.3621623290513485,-2.356496730570364
33.0,67.0,1000.0108642578124,-0.5654233987921096,0.5507875234269122,4.048836181771428,-1.1545322154122726,-0.2483185027385994,0.8967722448829205,1.4957622936359805,-0.6707090799702966,0.3632134126784656,-2.3455726938939425
33.0,67.0,1000.009765625,-0.6018994765417043,0.6133266461693747,4.12303559761042,-1.1736869452255898,-0.2168914094640674,0.8053934426306162,1.4579029914618855,-0.6548893339798507,0.3437570291795575,-2.4568581877582134
33.0,67.0,1000.0448608398438,-0.5552965381110049,0.5365538611150713,4.087523746851906,-1.208066783397301,-0.2224603131485834,0.9014691003044648,1.489770127546743,-0.6685662557150645,0.2946715025525872,-2.352682163132889
33.0,67.0,1000.1090698242188,-0.5384981351525155,0.6146931471793726,4.128868868172361,-1.1407125965058331,-0.2097446885947009,0.826560139868473,1.499318890730093,-0.7172006441802621,0.4163358421503673,-2.360980090926505
33.0,67.0,1000.0188598632812,-0.5792795712367784,0.6057940415984318,3.995242707787893,-1.1522543388776696,-0.2500435610376259,0.8558539621879833,1.4991399602888889,-0.6445277492395896,0.2648293880474934,-2.388058403608449
33.0,67.0,1000.0938720703124,-0.6127453922599742,0.6007273025372903,3.966904491007634,-1.1931076316433176,-0.193096226766217,0.905433597976942,1.4931944914606357,-0.6876993818486383,0.2980393298624975,-2.369312387621529
33.0,67.0,1000.0413208007812,-0.6054452587551937,0.5809185728853086,3.996598690047154,-1.1857163593372366,-0.1960696375291828,0.8263211134782447,1.4666612356088704,-0.6437897564440611,0.3388814198482501,-2.328599812906392
33.0,67.0,1000.013916015625,-0.6023617582595344,0.634213389718945,4.02845054174759,-1.2470088558586578,-0.169528260678681,0.7984224915886831,1.5251851221569996,-0.6274352901585001,0.3167056077805981,-2.407270238635801
33.0,67.0,1000.0105590820312,-0.6280815912028661,0.6065013901259615,3.994011912411121,-1.2658196850293892,-0.1620707610084242,0.8403518305262967,1.5043496253268174,-0.6656111673858867,0.2583736372993801,-2.420488308819316
33.0,67.0,1000.0091552734376,-0.5790592410345861,0.5986970010612893,4.04428015073125,-1.2163596089754305,-0.2306668883163496,0.829599870962161,1.5626735857897645,-0.6262367253835768,0.3495862691436588,-2.3182569163944056
33.0,67.0,1000.0374755859376,-0.5908013384452175,0.5410635829420665,3.9876683695089294,-1.1810722653871748,-0.2084371809084118,0.9482959308987224,1.4470613370666898,-0.6667178610291611,0.2675314387502636,-2.3920988277193045
33.0,67.0,1000.0173950195312,-0.5905125942329708,0.6050086581394423,4.034378072339459,-1.2560446197391064,-0.2007782584967952,0.8434122388236105,1.5345969568473468,-0.6119153423178121,0.2657142418169975,-2.428635278908779
33.0,67.0,1000.0166015625,-0.5474021058911118,0.5756490418495606,4.063839373611481,-1.210406702314946,-0.1914261938259081,0.8765066786435671,1.476119983085721,-0.677365461541064,0.2980542688982694,-2.383606247920631
33.0,67.0,1000.0081787109376,-0.5691867404795632,0.5584748133229853,4.014778062326666,-1.1967469789060154,-0.2113589014381061,0.8868387205963284,1.4587906610807997,-0.6451103277911967,0.2805037212895911,-2.386090492375616
33.0,67.0,1000.0206909179688,-0.5945283899672109,0.5399079150566131,4.007490014706036,-1.2331331878708172,-0.1886879327576691,0.8687060192640779,1.4380447449318554,-0.6466440453555382,0.2365956048609678,-2.4170052913364035
33.0,67.0,1000.0172119140624,-0.5616458153445079,0.5459997851208644,4.03299193363125,-1.1225464783665324,-0.2354219255619662,0.9049806748662804,1.4098129725042767,-0.6579253077735707,0.299753522452276,-2.386149464867517
33.0,67.0,1000.0435791015624,-0.5613075774280913,0.561487083625515,4.079814673569796,-1.2150519294139976,-0.1846334188209821,0.8218478481706057,1.4921865521961388,-0.6293325864691344,0.3693843784781201,-2.375229592127057
33.0,67.0,1000.0265502929688,-0.554174346017521,0.5238606460611264,4.078148233471291,-1.115202176166228,-0.2376517869570467,0.8770145473291695,1.3905898037497844,-0.6453732515665278,0.3859681312244314,-2.400671645824469
33.0,67.0,1000.0602416992188,-0.5396441126365357,0.6064389687881233,4.003794388793763,-1.1589219884426063,-0.2857562113482643,0.8068156155257729,1.4828995430866874,-0.6363745789438378,0.3454872948357232,-2.318568112745992
33.0,68.0,1000.0078125,-0.6022862126123991,0.6206100884658161,4.014973846152035,-1.220413811843644,-0.1768031595034553,0.8348769674173049,1.4703205519762017,-0.6092210779333147,0.2154854511546924,-2.52275794914752
33.0,68.0,1000.0508422851562,-0.5860460162205197,0.552397300112891,4.0559442029158,-1.2196857674711623,-0.2247683836497591,0.8501661111421317,1.449120340733499,-0.6637864414138486,0.2704029886206971,-2.5016886630450728
33.0,68.0,1000.0452270507812,-0.5555161121483341,0.5846395613436162,4.081166674028406,-1.1555590225925148,-0.1919628842541048,0.8783878537525087,1.435106512158204,-0.6616957173775102,0.4014914881680651,-2.415305700699653
33.0,68.0,1000.0118408203124,-0.5303995140091287,0.5673016906989545,4.09360090269028,-1.1707429358687298,-0.237243292720243,0.8959221898309213,1.5144906399306317,-0.6898888064517994,0.3790377324137086,-2.2996909758956208
33.0,68.0,1000.0291137695312,-0.6055734419990273,0.5733785530807634,3.996984616437548,-1.220186402626033,-0.2026923675598162,0.8608278791975152,1.497292208046713,-0.6166705185672585,0.2987929342448616,-2.3485918120284106
33.0,68.0,1000.0068359375,-0.5970030966064002,0.6332534851060556,4.081558731121339,-1.2252879024344645,-0.2232715609538029,0.7789592163379861,1.5465512718944616,-0.6179429868099904,0.3258688564032539,-2.435835746067573
33.0,68.0,1000.0193481445312,-0.5609186127557919,0.6153793858595709,4.030050642438125,-1.1599867806796702,-0.2446000148364087,0.8806957372621742,1.5396507203849543,-0.6502446637248811,0.3267297721237785,-2.3544656260654824
33.0,68.0,1000.0336303710938,-0.5659929683311331,0.5941783794256317,4.018902516395649,-1.197909462883942,-0.2189184284189425,0.8070639665231951,1.4812401698645008,-0.5940079492136494,0.3611266031647631,-2.390608977533584
33.0,68.0,1000.01123046875,-0.58237719446592,0.5974746812267071,4.036830185024636,-1.2066135838138536,-0.2374350882604119,0.8410178249443376,1.50829417288863,-0.6261226515280613,0.2987628503419657,-2.39573020718056
33.0,68.0,1000.0112915039062,-0.5661009934230528,0.5344023083730063,4.007526771949529,-1.189166807775755,-0.1950734519959782,0.945818601580484,1.4285881163788492,-0.6534835712379499,0.2871090542919097,-2.395930065781375
33.0,68.0,1000.0203247070312,-0.5727427641263487,0.5997586084204931,4.086751615992656,-1.294485215067287,-0.2003485629780419,0.8132985556247663,1.555081918573137,-0.6409470346377528,0.300354531984885,-2.4246987548813763
33.0,68.0,1000.0109252929688,-0.5524011455277167,0.5498134479257306,4.045405885777731,-1.2107087033739927,-0.2291664982369479,0.8732445502377413,1.5029428538266751,-0.6295467100014331,0.3192383717485549,-2.3604312207368103
33.0,68.0,1000.0038452148438,-0.6391747224024389,0.5967638279733425,4.032505730295373,-1.2201520307906009,-0.1498130513470821,0.8633427440051724,1.4682631708306673,-0.672109908724881,0.2883863020469279,-2.482781774606039
33.0,68.0,1000.1607666015624,-0.5894906603931052,0.4771283227793166,4.09413436795958,-1.2409581772094604,-0.2044749211519967,0.9583258945866184,1.466074686147647,-0.6551474585437909,0.2765930735647028,-2.4791549973251312
33.0,68.0,1000.0355224609376,-0.5697501381323802,0.5515600246084436,3.999287542797511,-1.1889481379496285,-0.2305528203534104,0.8985100204539549,1.4575613909578475,-0.6319384865274538,0.2551045472215207,-2.422996869276968
33.0,68.0,1000.0194702148438,-0.5864277952481673,0.633940710618413,4.011075289166046,-1.161685920752462,-0.2229101840726315,0.7781490312474038,1.4566951104629,-0.6007802761724426,0.3240032239360815,-2.3978886328041726
33.0,68.0,1000.0140991210938,-0.5948146511250272,0.592856837728851,4.021188168811655,-1.2402025115407382,-0.1876883723461713,0.8718692266342494,1.4790890426098464,-0.6702647145823883,0.2721175612143947,-2.3985855252762893
33.0,68.0,1000.0830078125,-0.6094894020262762,0.598106323811562,4.045224135875451,-1.2770344173078612,-0.1859497820646432,0.8381907816339105,1.5830802443311658,-0.6465670840551843,0.2724851720267143,-2.3261476049274505
33.0,68.0,1000.0045166015624,-0.5874931960344281,0.6545525178543787,4.044053192076248,-1.1662102497113462,-0.2163938972390209,0.8050426562770054,1.4572982271897086,-0.6434703014348555,0.3226013161812258,-2.447440310399451
33.0,68.0,1000.01416015625,-0.5961785982407122,0.6071080810259977,4.025292135842756,-1.257493318911469,-0.2003169461153504,0.82061418919203,1.55613011134895,-0.6381706108730087,0.3147256106760281,-2.3328709484394325
33.0,68.0,1000.0772094726562,-0.629103180801291,0.6634448209750126,3.982288275065669,-1.2925129650736848,-0.207288942436584,0.7909034721434116,1.577246619142386,-0.6141639174547189,0.1830629749564574,-2.407072353106608
33.0,68.0,1000.00048828125,-0.6030972874123917,0.6051136467750045,4.036385656552925,-1.235736396365331,-0.2119662920182321,0.8127398819511678,1.4973080939170895,-0.6522345802663665,0.2644692731364992,-2.426525190680559
33.0,68.0,1000.0021362304688,-0.6083751897862042,0.6012209879488397,4.024188875282803,-1.247872752980399,-0.1893612174599219,0.8449013369139351,1.5456961379893466,-0.6159324295288657,0.254523655942628,-2.445419966749864
33.0,68.0,1000.0250854492188,-0.564357680436995,0.5465292841945733,4.08702454295727,-1.1555539196505258,-0.2077263636140989,0.9024078422081852,1.441421794668032,-0.6538991506757048,0.3358327903001594,-2.468412075166537
33.0,68.0,1000.143310546875,-0.5158420127769343,0.5524069803499723,4.004750687973829,-1.247286792175884,-0.2398397661907463,0.8389636114073546,1.6113833944235108,-0.61841449988375,0.3931050584237425,-2.199976378775728
33.0,68.0,1000.0338134765624,-0.6010012407700449,0.6313596980740925,4.08787825787722,-1.2224790830700232,-0.211468194442002,0.8383445944296808,1.521455378454169,-0.6777869848732889,0.2714345499543578,-2.389204614578585
33.0,68.0,1000.0132446289062,-0.6239561541139773,0.6125760528792279,3.980024705597828,-1.212471726078554,-0.2119026005184299,0.8224473317907464,1.4579585828129034,-0.6327426583634779,0.2070858796333325,-2.4446199212986004
33.0,68.0,1000.0092163085938,-0.6079008401460753,0.5859366300874482,4.017046672320806,-1.2164306775916325,-0.1565034793265152,0.8949201193255005,1.4266252344663377,-0.6648190272503642,0.2490993462679167,-2.507152360755383
33.0,68.0,1000.005859375,-0.6200441540250203,0.5603423346582579,4.040517517258779,-1.2384064463114148,-0.2090020099960297,0.8520857834554274,1.4630062614697668,-0.6561812013051558,0.314727400031062,-2.3915248037610293
33.0,68.0,1000.0089721679688,-0.5991896089172215,0.5887045130225239,4.028959936092731,-1.2109167043808735,-0.2165110216154246,0.8168227355751565,1.499501822172964,-0.6455814866924667,0.2737748095202619,-2.396241055383648
33.0,68.0,1000.0189819335938,-0.5611308655039373,0.5493660906549334,4.126194806011432,-1.2442304321352626,-0.2233270770296318,0.841786594707643,1.527821245205379,-0.6357280503775531,0.3248295708504312,-2.414899627619572
33.0,68.0,1000.0128173828124,-0.6027269524626018,0.6183697023379544,4.058481138844673,-1.214582538573301,-0.1786551155796427,0.8391337609276128,1.4846928679780982,-0.6558067769918088,0.3173101999338765,-2.467512278931905
33.0,68.0,1000.0166625976562,-0.5654685133169766,0.5427511688612299,4.044426430935552,-1.2164128717604283,-0.2325353776105583,0.8601781072308299,1.5033210157148087,-0.6187836197787817,0.2884882588413635,-2.3952892602195988
33.0,68.0,1000.0188598632812,-0.6234493545222843,0.5853187262784161,4.031750765418774,-1.1869834576147262,-0.1715255670668805,0.831397274234126,1.378220257494255,-0.6827672471683695,0.2554791672643102,-2.456337570198232
33.0,68.0,1000.0189819335938,-0.581614036149027,0.5421654221789964,4.076926213933765,-1.101431289068873,-0.2005785927898848,0.9074775607694532,1.37674367832489,-0.694070292652543,0.3727652397526544,-2.4267114997982326
33.0,68.0,1000.0230712890624,-0.5985120183852164,0.5761391811258729,4.050719119184082,-1.2826506922793397,-0.1974131422973641,0.8504788037345605,1.5679051718177843,-0.6265675930361834,0.2842242183246233,-2.4255247407998946
33.0,68.0,1000.0364990234376,-0.5678752265288045,0.5378128924872971,4.068570702559368,-1.158375634668849,-0.2167154342549384,0.8641171985088789,1.4517593813462302,-0.676210232976258,0.3532869199487347,-2.2976387726434884
33.0,68.0,1000.0184936523438,-0.5751972658703259,0.5678183069457834,4.0701650614361125,-1.1677499892996162,-0.2369010038170769,0.8304778107315229,1.4556822752453504,-0.6507301216298096,0.3161436191562448,-2.434576051098129
33.0,68.0,1000.01513671875,-0.5867784457651819,0.5937553981587698,4.005039337894578,-1.1890519633546075,-0.2382004241437432,0.8404189624502507,1.4528763108604317,-0.6276390306203412,0.320083377535437,-2.369413430403746
33.0,68.0,1000.0125732421876,-0.5706342066189576,0.5161387135362077,4.025658025161746,-1.152173030997501,-0.1835769162801135,0.935381393072305,1.3757708995080975,-0.6714926866688522,0.3790987864024222,-2.353353792240471
33.0,68.0,1000.0018920898438,-0.5825695708943233,0.577148980549449,4.055392565832145,-1.164779018755466,-0.2137921285370954,0.8524271823295217,1.42592213802076,-0.6806587881088539,0.3456584385448957,-2.352420042702029
33.0,68.0,1000.0177001953124,-0.5556327076669856,0.5966929182121827,4.058547281887408,-1.1770746977369733,-0.2049762721810824,0.8431914371941662,1.4820165734441773,-0.6543380835085619,0.2739738490068211,-2.40888675779083
33.0,68.0,1000.1987915039062,-0.559203960236264,0.5204079689083656,4.08138198285395,-1.2235603332833755,-0.2609533276982603,0.893776855143801,1.5517278823092813,-0.6030676555377346,0.3345919730545272,-2.402718041273886
33.0,68.0,1000.0130004882812,-0.572578681472482,0.5833971792897401,4.008622881938461,-1.1392904904666097,-0.2437721826538545,0.8363448163555356,1.4611379020270725,-0.6235102709384313,0.3391479499715952,-2.336524785806496
33.0,68.0,1000.040771484375,-0.592422420223448,0.6486599920110638,4.119962284744567,-1.2067854362070722,-0.248634813005343,0.7284403633729415,1.5384634818856382,-0.6280606631473358,0.3743781674679249,-2.424001313493858
33.0,68.0,1000.0411376953124,-0.5943936514066408,0.6007183625174317,4.04499136839047,-1.2071283052279471,-0.1945892216609097,0.8208368976992109,1.4994649019761257,-0.6958230302649842,0.369039580938284,-2.2983686417231404
33.0,68.0,1000.03515625,-0.5851064954552729,0.5017225612958631,4.032483861922065,-1.137792533380551,-0.1702159350666541,0.9373597831321012,1.3174129132601102,-0.6953531416303491,0.3253818092122316,-2.499156360011536
33.0,68.0,1000.021728515625,-0.5934265728380508,0.5586276835757777,4.006370887361655,-1.2161901654608285,-0.208818345294004,0.8903250908916158,1.5061824805563404,-0.6364048305958434,0.3505019488986205,-2.360913349215969
33.0,68.0,1000.0250244140624,-0.6077268277338108,0.5554026213381711,4.101496716233168,-1.2192207900176104,-0.195586439192259,0.8405917418502318,1.4592524567771905,-0.6394377289360778,0.3427445846731611,-2.4118994976337134
33.0,68.0,1000.0493774414062,-0.6275271930572721,0.6209163419107782,3.930016428932909,-1.244195291128528,-0.1776758079297709,0.8690679318257004,1.534994202751596,-0.5796735190251265,0.2130366277807107,-2.41688330468265
33.0,69.0,1000.009765625,-0.5713594108546527,0.5888680120490442,3.98442482382449,-1.1185572409528437,-0.2141817694628862,0.8891949051848194,1.3909427407918589,-0.6504260258306962,0.3021091652695942,-2.4006849311753564
33.0,69.0,1000.0045166015624,-0.5696699303396748,0.5883652390076364,4.032872419388854,-1.1900068182751884,-0.2265831018554394,0.871685972326385,1.533511996138862,-0.6605586187207768,0.320458081154694,-2.370808265469002
33.0,69.0,1000.0126953125,-0.5402679703801914,0.6247176826717293,4.049454787176776,-1.1482174471704538,-0.2626912708816107,0.8118991364901627,1.4907025685935429,-0.6375181888181576,0.3067265142758559,-2.3796223659154885
33.0,69.0,1000.0357055664062,-0.5699203890432853,0.6169280647377571,4.107727029697218,-1.1860622657716142,-0.2510262016875799,0.798498053798399,1.5024730799553696,-0.6186435636986864,0.3374067150498314,-2.3756190012714407
33.0,69.0,1000.0383911132812,-0.6314464808326967,0.6804156702589115,4.05002800666913,-1.1668425273073173,-0.186365569857398,0.7993684966270989,1.4630948612167884,-0.6795078601177957,0.316862289682148,-2.44370138505945
33.0,69.0,1000.0383911132812,-0.5932124220729538,0.6511331632842152,4.065153442020531,-1.3021359512178403,-0.2080857797148469,0.7741265921623697,1.5731246274510866,-0.6363464903455434,0.2741617825919027,-2.384294144692305
33.0,69.0,1000.0059814453124,-0.5821875917069237,0.5844286768100346,4.047887945291125,-1.199667995422034,-0.2173132844210634,0.8617618710705086,1.515955636111512,-0.6403251656205518,0.3276972798769204,-2.3278642876239712
33.0,69.0,1000.0333862304688,-0.5684549584525493,0.5985572310856675,4.008143090445007,-1.2181874651517326,-0.1972948556898917,0.8175784344460642,1.4692081942847608,-0.6391654188213698,0.3224982855092584,-2.380251442885373
33.0,69.0,1000.0481567382812,-0.5830931431818094,0.4700286364754173,4.016708477154477,-1.2225828660165048,-0.1763520051777867,0.9597641139717954,1.4362712177745776,-0.6104524357530092,0.2701746233134381,-2.400165381526062
33.0,69.0,1000.0189819335938,-0.5931211230004791,0.5157032995919337,4.011486768059989,-1.1739041618518775,-0.1992377969802801,0.9229311005421392,1.4117017495842976,-0.6709788739565239,0.3155873292302047,-2.3745748503924737
33.0,69.0,1000.0015869140624,-0.6121682992355053,0.6316051423060207,4.070063515658974,-1.2287368139774597,-0.2208075464996612,0.7707063131118854,1.4781677697558626,-0.646365445466448,0.316216247577243,-2.4403514705735256
33.0,69.0,1000.0328979492188,-0.5877889363312132,0.5977563368826733,4.090321664166188,-1.2150769714711442,-0.2362226089554893,0.8183140674201725,1.4754711982983384,-0.6628492913428161,0.3069466343951124,-2.373536842431254
33.0,69.0,1000.001220703125,-0.5608305463977032,0.5631707103117733,4.038596795531678,-1.188260624818854,-0.2299957681137474,0.8901244708305907,1.5041654685210828,-0.6612100827779992,0.319376882607373,-2.341346656619349
33.0,69.0,1000.0052490234376,-0.6170603155797947,0.5990707758883174,4.022458219885857,-1.2327850935948743,-0.1716827519333961,0.8605119442175528,1.4464953181832696,-0.6872986055746493,0.2492186054242973,-2.4411345789325063
33.0,69.0,1000.0039672851562,-0.566400345786616,0.5492582245953548,4.041871715760994,-1.1995073254844213,-0.2082058954006145,0.9087857203277984,1.4750089748144752,-0.6562462302552801,0.2843663833231193,-2.3836013242041565
33.0,69.0,1000.009033203125,-0.6071481061713664,0.611123361526051,4.01249512003999,-1.238223633444508,-0.1910892810725943,0.7937914262175196,1.512150345925923,-0.623722994570878,0.2923348960133989,-2.3853487462029914
33.0,69.0,1000.0086669921876,-0.5965385632100677,0.609045982957368,4.044667140501923,-1.2313494193208443,-0.2252972782814648,0.7977319545718515,1.528787287452663,-0.608334219848043,0.3119840780589502,-2.447099036174293
33.0,69.0,1000.0284423828124,-0.57976490832705,0.544398044259383,4.025015292925229,-1.1783657160210654,-0.2367809893599046,0.8817279105949103,1.4922918922484296,-0.6199935258689919,0.2912907066519317,-2.394502902607213
33.0,69.0,1000.0156860351562,-0.5505462793825915,0.5969044084055088,4.056179172866717,-1.2026002393224329,-0.204167094811364,0.8813247919339497,1.4833775580464603,-0.6794001511042964,0.2794600621910836,-2.366608204370184
33.0,69.0,1000.0132446289062,-0.5961871573360797,0.6121704797395386,4.085268725012996,-1.2418396565599683,-0.2244484970983471,0.8268405493894786,1.535754492756948,-0.652034535608232,0.2919069760020587,-2.4448695112596948
33.0,69.0,1000.0060424804688,-0.5856073355577989,0.5876022111298198,4.022726607329581,-1.2762644865419253,-0.1656991764177782,0.8365857019752649,1.5107646338477618,-0.6365228797099203,0.2575903023378698,-2.393714617277756
33.0,69.0,1000.1428833007812,-0.6200623531557845,0.6174894912620044,4.021343551924829,-1.166223899706114,-0.2327233032395259,0.8127534006846311,1.430173454013099,-0.6087011612910693,0.2596242768295127,-2.4894524781072773
33.0,69.0,1000.0375366210938,-0.6131057141588867,0.5205297040274637,4.065434514189798,-1.2388889626725597,-0.1828324927849021,0.8917558660594507,1.496076450237938,-0.6831064920801673,0.3538890165389707,-2.344443225951725
33.0,69.0,1000.0145874023438,-0.6034415726625326,0.6120140919012096,4.041456067077338,-1.2441897924124112,-0.1982947027604131,0.8256839594386118,1.5133671553597363,-0.6416752727149939,0.259652131783195,-2.3904412210251085
33.0,69.0,1000.0869750976562,-0.5998752321634999,0.5621570712612041,4.04935994504412,-1.200774077745756,-0.2470146687520147,0.8288670882501581,1.4666083942197885,-0.6269935202344152,0.3509835387009214,-2.3303689115617865
33.0,69.0,1000.0072631835938,-0.5619269689638964,0.5617383968728005,4.095094205149071,-1.1944802521925926,-0.2297012100286908,0.8943807335448319,1.5098520619558586,-0.664843446639221,0.3653495033772582,-2.334479250347
33.0,69.0,1000.0054931640624,-0.5523885027907713,0.5958657079030125,4.023813819217288,-1.1843390265501736,-0.2322700900475336,0.8277563875062013,1.4840246619051811,-0.6419488110921279,0.3296018379414587,-2.334872362772732
33.0,69.0,1000.0109252929688,-0.568859855917716,0.5724340602467706,4.023970035818303,-1.1913560565049923,-0.2209813418780157,0.8978812556861566,1.5031038183439265,-0.6385590184094703,0.319946355608776,-2.366143266559728
33.0,69.0,1000.0682373046876,-0.57758464472521,0.6782267504327502,4.066088677187512,-1.1750689253434388,-0.2590546810118974,0.7472625238416128,1.5489420551418809,-0.6611943438753451,0.2970894832578095,-2.398662516042542
33.0,69.0,1000.0006103515624,-0.5842504951547038,0.5707027868230883,4.020069345677351,-1.148682627575324,-0.2169087464555943,0.8799413579344542,1.4409866729255274,-0.6424425899096384,0.3200193628002266,-2.389108752566329
33.0,69.0,1000.0070190429688,-0.591058155897624,0.5835641414487656,4.023165706604608,-1.2966879753088223,-0.1881195945117202,0.8166879728405032,1.5329965460637285,-0.6267964121571188,0.2537245228783984,-2.415672351349205
33.0,69.0,1000.0025024414062,-0.6091246337632059,0.6382099905122196,4.062397860239692,-1.260527282486649,-0.1844743323941093,0.7672230127868493,1.515946957669439,-0.6477779016670233,0.2699241370476883,-2.450646137498291
33.0,69.0,1000.0938110351562,-0.6132956016772164,0.5285492387290445,4.0372942946986505,-1.1263667739351586,-0.2299859594356359,0.875192917312865,1.3872364396487766,-0.6269434042804356,0.2771956946929848,-2.450862694154244
33.0,69.0,1000.0146484375,-0.5756005264331856,0.6144265050984838,4.060527751454599,-1.1474494340863317,-0.2104207625426282,0.8815292489221811,1.4610014662124566,-0.7124568072099944,0.2861690627816617,-2.40057190901688
33.0,69.0,1000.005859375,-0.600511645251677,0.6286701944190991,4.002841887663349,-1.1800054713924155,-0.1912270074888811,0.8105873684785267,1.4583020219755056,-0.6417577036320257,0.2984912145601202,-2.424195376257401
33.0,69.0,1000.0059814453124,-0.5927803510910712,0.5819904166538779,4.0783468564532726,-1.186000917804042,-0.1720644710523871,0.897743116577125,1.4181602387492749,-0.6978050314359878,0.317843339784801,-2.4829198801272536
33.0,69.0,1000.0084838867188,-0.5518528215589589,0.5771935230376046,4.019679628192796,-1.1205053124965292,-0.2295733806790334,0.8849247333126566,1.443341462600355,-0.6276147580892726,0.3621053903558806,-2.3687691373691577
33.0,69.0,1000.1253051757812,-0.5757396199650042,0.5399274220055519,4.018505352565892,-1.1280839293899052,-0.2279148255806351,0.926878626543674,1.4099419159687443,-0.627684710695414,0.2478839085522324,-2.490223394105145
33.0,69.0,1000.0050659179688,-0.5898917018196261,0.5728350814769803,4.0422082963634605,-1.2350008891222366,-0.1721359355556933,0.8633266477011761,1.4297339352538891,-0.6463325913882745,0.2593943607648539,-2.511723060512902
33.0,69.0,1000.0076904296876,-0.605767626667852,0.5820777597542914,4.058988477002004,-1.2297131246936184,-0.2197600235902781,0.8400736237557025,1.489988223198038,-0.6468753069038087,0.3438596738321573,-2.406555923369237
33.0,69.0,1000.0333862304688,-0.6144757279605333,0.6333202794389434,4.01882765386809,-1.185567362978886,-0.2320976955307827,0.7950885739721283,1.4309482776474205,-0.6517111986881261,0.2924621998446399,-2.455186057666169
33.0,69.0,1000.0088500976562,-0.6068009522004738,0.5685533636575162,4.092237904180278,-1.162797479650179,-0.1806813497434571,0.9031383957143966,1.4437119289977929,-0.7085164168183979,0.3329426279628027,-2.45317523862561
33.0,69.0,1000.0177612304688,-0.6263434772139984,0.6076456668535135,4.033508743417814,-1.1864432118382768,-0.1807577422058344,0.8111676277535285,1.3900165776156186,-0.6432581493271536,0.2950202485229303,-2.489999725197261
33.0,69.0,1000.008544921875,-0.5748683136147923,0.5725225163087231,4.020464450231195,-1.208331852313255,-0.2156389916339005,0.8881504019671871,1.5456949267108318,-0.6401204739580351,0.3262136980381083,-2.335758718269189
33.0,69.0,1000.0975952148438,-0.6308773016818972,0.5945939115989729,4.057184907055696,-1.295761408113786,-0.2122831361272839,0.8068176065876012,1.568573144115721,-0.6304504347166695,0.2505229329489857,-2.3929368802952644
33.0,69.0,1000.0018310546876,-0.602802243916277,0.5449808602106421,4.047957302668021,-1.18268158994913,-0.175240667994168,0.9235452303327988,1.4112138284644151,-0.6814944747929541,0.313418002633524,-2.4270568686430605
33.0,69.0,1000.019287109375,-0.5585222297392676,0.6179454668934605,4.072664074231529,-1.1422392303207365,-0.234103702072689,0.8556048274940622,1.451137688493624,-0.6706444016824529,0.2956058188660071,-2.432122278646069
33.0,69.0,1000.0045776367188,-0.5867260697691226,0.6116745172070068,4.000274109267485,-1.1753784127565885,-0.1937015620914977,0.8326196756563959,1.4691175133959875,-0.6414976042309659,0.256550520619923,-2.44147326974557
33.0,69.0,1000.0220947265624,-0.6016393420737183,0.6012186987636863,4.018304525471475,-1.212344086361731,-0.1672867933557782,0.8431128220276021,1.4258221405066749,-0.6368877055952105,0.259943621147376,-2.462365644578864
33.0,69.0,1000.056396484375,-0.6076480458464406,0.5761712691686505,4.105082375159391,-1.1472037757995903,-0.1555030635935637,0.90272060338566,1.3874806339252563,-0.6938563224268472,0.3352730635078789,-2.4969184733478422
33.0,70.0,1000.0071411132812,-0.5804904504596395,0.6098893463930386,4.041648184305668,-1.1555865441077209,-0.2184771334996549,0.8353902431929505,1.4599100609322813,-0.6213898947589342,0.3430498302926112,-2.42967079000784
33.0,70.0,1000.0198364257812,-0.6166788581187301,0.5457061644583714,4.0583249509059645,-1.238909714301082,-0.1783020115033231,0.8931210760467749,1.477477704474226,-0.6679873760746542,0.2756374711137113,-2.430091230554354
33.0,70.0,1000.0001220703124,-0.5859266786537178,0.584900923043433,4.035860483062182,-1.1570240024255796,-0.2257738794776003,0.8583391736597932,1.4553840204406612,-0.6543236777643848,0.3082986233830196,-2.3887501698936946
33.0,70.0,1000.0044555664062,-0.6336961190537522,0.6072038692519532,4.07431154951928,-1.223277448730606,-0.1901446214615916,0.7942344719920289,1.4657482245464628,-0.6419683201332154,0.3199963993254027,-2.488214449158008
33.0,70.0,1000.0057373046876,-0.578451726437911,0.5766658520201968,4.034744458633327,-1.1626899003029112,-0.1895003084272319,0.8881207398920843,1.413806314121655,-0.6434626183487984,0.2759451153932746,-2.457112094980223
33.0,70.0,1000.0336303710938,-0.570787105448602,0.5334925369988062,4.065410162498162,-1.2161457906867006,-0.2017274790373306,0.8822735203748131,1.438267240272758,-0.6521657847168081,0.3686724104689283,-2.364767159702134
33.0,70.0,1000.008056640625,-0.5791644785799406,0.5638804321632218,4.0326591655649615,-1.1527504461076932,-0.2437338680378591,0.8878169772653006,1.4661878280125062,-0.6602730879834171,0.3381545629264257,-2.357941152775496
33.0,70.0,1000.0001831054688,-0.5907295962178143,0.6015441734879321,4.039506197896888,-1.1670348206719623,-0.2084461918284192,0.8258201141998089,1.441671717218714,-0.6581589020446375,0.3317985100910121,-2.423751435162809
33.0,70.0,1000.005615234375,-0.5827105671043622,0.5970950169785212,3.9929156519395694,-1.2132407443632616,-0.1989628367737257,0.8609825781825666,1.5188731622726117,-0.6105429842061412,0.3227098614576853,-2.374652076990844
33.0,70.0,1000.0007934570312,-0.6112106125619166,0.6049779609890571,4.042140506334359,-1.263423852372796,-0.1922895532434321,0.8317318286565465,1.514747962446263,-0.6390891469664091,0.2599682949787949,-2.446127679547028
33.0,70.0,1000.001953125,-0.6075901006143809,0.6220242523956578,4.063376883751422,-1.2565175992851767,-0.2061418241378483,0.8145165438755892,1.5275669920796329,-0.6468726533465716,0.2870066366085684,-2.4434958915878657
33.0,70.0,1000.0028076171876,-0.5567312539781373,0.5797721463697982,4.08786264029856,-1.1792587564605783,-0.2143023923734794,0.852246728670111,1.4207597521896569,-0.6801660662142881,0.339133426304123,-2.3966056900023665
33.0,70.0,1000.0023193359376,-0.6054007223862632,0.6119656794553388,4.01746354938793,-1.175560863128041,-0.192893730936424,0.8631100495718407,1.431008791117339,-0.6785002730620375,0.2741199165730172,-2.409421306540502
33.0,70.0,1000.1087646484376,-0.6312662077269318,0.5831608309287493,4.012456058769725,-1.1833776816954231,-0.2126565738453925,0.8857264984424162,1.4619547668344035,-0.6358336145047101,0.2715448320634372,-2.455372359934012
33.0,70.0,1000.0088500976562,-0.5421232991437845,0.5551955463322624,4.053853941247592,-1.1848518293144523,-0.2333019009323553,0.8692145713326127,1.518908914645552,-0.6378331356891582,0.3694882051506356,-2.304426264287984
33.0,70.0,1000.0030517578124,-0.6081697531367531,0.5782993300018688,3.994501564323128,-1.182694389070182,-0.1932837470298096,0.8590902918383128,1.4435441035412424,-0.6287650769219963,0.3165595154728917,-2.410575299820614
33.0,70.0,1000.0200805664062,-0.5837520555042852,0.5994138353442304,3.966578030612334,-1.1836731082109893,-0.2188215627973448,0.8822360501738737,1.5368019066216618,-0.6378876197882217,0.2922332106159881,-2.3210475469110783
33.0,70.0,1000.00146484375,-0.5928539153932073,0.6011220060822042,4.004884577480482,-1.1804089476427286,-0.189545250021391,0.8551856443521739,1.4404019222943507,-0.652907786197078,0.2725300963498265,-2.414235995718629
33.0,70.0,1000.0079345703124,-0.5831774990516685,0.5510573483601933,4.0590209593766815,-1.190290643951157,-0.1829573980281686,0.8937501876951295,1.4488180576613736,-0.6492369889149545,0.3272539408618868,-2.433123763749747
33.0,70.0,1000.0211791992188,-0.6045549320238894,0.6001454707723113,4.0625826174684025,-1.2312572884693394,-0.1777788638501745,0.8089852930318431,1.4792748694300784,-0.6799900595689738,0.3520234559268074,-2.3758814668954487
33.0,70.0,1000.0098876953124,-0.5807323446450869,0.6031640963067986,4.002697179476398,-1.1597503061640737,-0.2306406316614087,0.8456049231470999,1.440112174208375,-0.6432381151782316,0.2490988275025021,-2.4204460520076747
33.0,70.0,1000.001953125,-0.6212975225499289,0.6061801975340249,4.035541460837901,-1.2270529037511118,-0.1878443906666884,0.824808671390115,1.4864971498153563,-0.6371153847700972,0.2930246170234927,-2.432257071730872
33.0,70.0,1000.0133056640624,-0.5928886237307944,0.5686395435175928,3.981027744065116,-1.2000437760286826,-0.197765570101696,0.8943186785636303,1.453061838941986,-0.6331953758789028,0.2464034696917458,-2.422313583618153
33.0,70.0,1000.0040893554688,-0.6106787840346568,0.6027071460875852,4.067586964020633,-1.2383957566341857,-0.1914811386849031,0.8417674599398195,1.4868012039338394,-0.6667989285195786,0.2870514196284324,-2.464542958205701
33.0,70.0,1000.0026245117188,-0.611109194305488,0.5829653122017611,4.048266595143414,-1.20604209955882,-0.1948439692532897,0.8327646605485022,1.4689775261278823,-0.6297115196155119,0.305656237312232,-2.452119668247965
33.0,70.0,1000.0488891601562,-0.5409558802025982,0.574845391719327,3.974293962008284,-1.1619391956837632,-0.2376433660180641,0.8721998335920667,1.5294562015999773,-0.6014998778637768,0.2750922181591964,-2.3289397649943178
33.0,70.0,1000.0039672851562,-0.5713952737354164,0.558705849709515,4.056239445807087,-1.202926331534039,-0.2151493153310788,0.8859228873516125,1.5106439422452531,-0.6433352356671946,0.3079139181223702,-2.4046043920371245
33.0,70.0,1000.0013427734376,-0.5649917138030425,0.5720454134262685,4.07976138344659,-1.1657943781433184,-0.2099726886081914,0.875865756705851,1.495271556581459,-0.6618546798192737,0.3544382501339971,-2.344861446774737
33.0,70.0,1000.0079345703124,-0.6176185932048135,0.627356228992868,4.000914043477122,-1.2010239427230127,-0.2078081372105575,0.840986041196726,1.4849413286292226,-0.6617934386827411,0.3060621178549541,-2.3887535054812576
33.0,70.0,1000.0003662109376,-0.5840106410021777,0.5558484518271776,4.020912262282199,-1.156897105226078,-0.2009670496523625,0.896231335721529,1.4303337411944907,-0.6539021960664488,0.3268896152966523,-2.370252411409834
33.0,70.0,1000.00634765625,-0.5702926121708689,0.5778605199505362,4.003590901709284,-1.178714635419369,-0.2217939622132068,0.8834407856653694,1.514104207915361,-0.6448332800969041,0.3506107019865485,-2.319853666604385
33.0,70.0,1000.0020751953124,-0.581414299646231,0.6208756168327785,4.0128469808148655,-1.1743038934109014,-0.2087380871672053,0.8208347478179494,1.461607100796293,-0.6448204501780843,0.2905287885100671,-2.4065308267629333
33.0,70.0,1000.0109252929688,-0.548220432025234,0.5632176659901216,4.000996254865774,-1.166519696507021,-0.2273391426801865,0.8760260437658793,1.437416608111571,-0.6636657299842348,0.2969916794002252,-2.3463691686387724
33.0,70.0,1000.0191040039062,-0.5801360269768265,0.5485067600828151,4.023571512367836,-1.2352811754881063,-0.1712316641833551,0.9112190797815378,1.4574370162218333,-0.63252500147133,0.2723092100932156,-2.439646596616516
33.0,70.0,1000.0533447265624,-0.5720135650823401,0.5809436397818581,3.9869166025518137,-1.1721349663414218,-0.1996782831164791,0.8644894734227169,1.4250475446963318,-0.618232104904564,0.2425609744272039,-2.4201970819085146
33.0,70.0,1000.0015258789062,-0.6004589731930983,0.5876615416003093,4.018205084244922,-1.2311706905301891,-0.2002087139589052,0.841559370633961,1.4701759963287468,-0.6454779028108408,0.2731763994475757,-2.425495808216131
33.0,70.0,1000.0023803710938,-0.5767700137308811,0.570829078980454,4.062010553882633,-1.1846577996708465,-0.2005666431690729,0.8853239211971768,1.4436365513638627,-0.6610435017682539,0.2997867733591173,-2.457877385990072
33.0,70.0,1000.0648803710938,-0.5099267084709123,0.5901089530676007,3.99001672092278,-1.1210005232419205,-0.2540297327403458,0.9208243276674573,1.4923963552468005,-0.6486376549587805,0.304591451524244,-2.322328008343125
33.0,70.0,1000.0084838867188,-0.5605612319915112,0.5627989934806461,4.041253821468587,-1.2012206810364696,-0.2191093139338527,0.8702787931964835,1.4981988915175073,-0.6626978421703935,0.3016530504415735,-2.333797332030829
33.0,70.0,1000.0167236328124,-0.5694248544068525,0.5502390791223988,4.080473569234298,-1.2441421197641418,-0.2144215652931205,0.8524678291549961,1.5005651700654123,-0.6364932760767514,0.362179993364168,-2.37989698123285
33.0,70.0,1000.0032348632812,-0.6209435005132278,0.6219767191032517,4.077242981410176,-1.2410405859324931,-0.1921895313516763,0.8155914706981617,1.520821879958274,-0.6502958618954153,0.3034483063527879,-2.459128022274995
33.0,70.0,1000.0064086914062,-0.5701945351328037,0.5062346690589354,4.024328570509224,-1.205396695492487,-0.1977183134803048,0.9319799171963918,1.4304725081056304,-0.644672304539216,0.2943859856663078,-2.4181069857454247
33.0,70.0,1000.0068969726562,-0.591999821972049,0.5637058933398817,4.035904806936305,-1.2429720059750275,-0.1854166203299385,0.8825337033942215,1.4681563064861545,-0.6754255114033612,0.2500923660463661,-2.429369109652236
33.0,70.0,1000.0118408203124,-0.5933389573503058,0.6001804671851838,4.027127687509516,-1.1753188823385052,-0.1838325707247925,0.8517813375885988,1.464485022859975,-0.694812004926237,0.2962401036176274,-2.3759906829061666
33.0,70.0,1000.0052490234376,-0.5994543324558173,0.5776155451082214,4.051687959112815,-1.2343185503477754,-0.2092663534819667,0.8651382296482524,1.526554999763582,-0.6499653083030479,0.3000709400954058,-2.369404161538961
33.0,70.0,1000.0001220703124,-0.5882293136999834,0.6083642407433798,4.063353140750284,-1.1660940093638992,-0.221069750946369,0.8431405842111932,1.492859027924128,-0.6549164371750313,0.3474410422303062,-2.3753942067216203
33.0,70.0,1000.0018920898438,-0.5829808310398379,0.6031412129888363,4.061182398203975,-1.2130646106808514,-0.1953712463892287,0.8509870066407368,1.5157261542425884,-0.6706973429765384,0.3212717295919489,-2.391694761478112
33.0,70.0,1000.0025024414062,-0.5604780319751148,0.5707035646073964,4.029271165262124,-1.1582537330054636,-0.226395795219882,0.876960492938748,1.4512936540475287,-0.6513732261982028,0.2948963741285997,-2.3842540204715403
33.0,70.0,1000.0086669921876,-0.5661847955725641,0.5992175803626756,4.024368162814948,-1.2080357741314804,-0.2081615958937321,0.8537264465631056,1.4751544163684098,-0.6566148959352329,0.2899155026561075,-2.383005698084008
33.0,70.0,1000.0189208984376,-0.5766235159322743,0.5562743780362833,4.034467789045401,-1.2222181818100646,-0.1789339262498988,0.8812008598448875,1.4830480045966334,-0.6507976831543036,0.2726396051474538,-2.418634357098865
33.0,71.0,1000.0061645507812,-0.594877969797337,0.5827192795952882,4.0093095276629285,-1.2010646483173786,-0.1799261097418742,0.8874998551423179,1.4410368870329844,-0.6746248712435818,0.2807299988630394,-2.4004172924681297
33.0,71.0,1000.0006713867188,-0.5822772376500254,0.6160592979297919,4.045373458092612,-1.165298998389734,-0.2223654363429288,0.8421191605327589,1.4520595048602525,-0.6677229767130921,0.304819702288408,-2.4236473919712136
33.0,71.0,1000.002197265625,-0.5744622416061471,0.5994145864923164,3.999009054747319,-1.1791528025568303,-0.2119042677590341,0.8685019099622,1.4716622412311668,-0.6642629116648155,0.29042669270265,-2.366115508946589
33.0,71.0,1000.017822265625,-0.6103019868146822,0.58273870028997,4.027838136721979,-1.2036104610348346,-0.1842262495385149,0.8729526225323925,1.435091621110386,-0.7004994702001301,0.2817794921259589,-2.39541045607546
33.0,71.0,1000.000244140625,-0.5909356958343484,0.5723376370762621,4.028481152493374,-1.209514458257554,-0.197669953915442,0.8620571935555006,1.4776044080144732,-0.6556763430922059,0.2945172714014363,-2.398288295571361
33.0,71.0,1000.0006713867188,-0.5829853056993421,0.5880372240289864,4.079764470905896,-1.1928815545582716,-0.1966312713511691,0.8639841240129877,1.4792125688248925,-0.675982392844924,0.3364697745018121,-2.371174710144776
33.0,71.0,1000.0042114257812,-0.5712414555106964,0.6031177222205883,4.0368522881620805,-1.185692265273517,-0.2033354476000459,0.8610784110295198,1.512625410407976,-0.652010940813895,0.3037984561972671,-2.359553657812195
33.0,71.0,1000.0,-0.5802886322556979,0.5938260483667621,4.055534290601962,-1.1634892374987165,-0.2187435273855609,0.8602003916094256,1.4739054685556834,-0.6568607919663325,0.3497005222042615,-2.407304111806988
33.0,71.0,1000.0010986328124,-0.5970531420536691,0.556978315709471,4.056181899387712,-1.216769903724825,-0.2023102349843863,0.8691161094246258,1.4521717280933857,-0.6525773459909177,0.273200111341044,-2.4655030031382013
33.0,71.0,1000.0044555664062,-0.592295065133829,0.5583087768272073,4.005116545006347,-1.1741295228216582,-0.1934943271883078,0.9145275402609068,1.3964112248827243,-0.6776435980187454,0.2477608281211196,-2.438571013952028
33.0,71.0,1000.0036010742188,-0.5920749321546683,0.5914295730096084,4.0251460393991,-1.1770276234618375,-0.2090677487997974,0.8714535047243412,1.4955181186673538,-0.6422981263215171,0.303593274657393,-2.400833670306986
33.0,71.0,1000.0110473632812,-0.5972563059753639,0.6171104724133523,4.040306611859936,-1.1988363289624,-0.2207048086991871,0.8336197275958668,1.507221078484445,-0.6627041370822457,0.3448681056888407,-2.390926133810312
33.0,71.0,1000.0023193359376,-0.5795374659570554,0.5762359194596334,4.016361772380037,-1.1736699331505775,-0.2113719417087276,0.8754808088147348,1.491517105596449,-0.6469387476189263,0.3005828995435191,-2.358817970522122
33.0,71.0,1000.0084228515624,-0.6120755003460667,0.6143729692653661,4.008469609635563,-1.2248200083552223,-0.1947950398279747,0.8358975366766996,1.492732248958478,-0.657541485458573,0.2630089982098749,-2.405493742924503
33.0,71.0,1000.0005493164062,-0.5899672878299365,0.5880929419854102,4.036111193377144,-1.178539335524636,-0.2207063092529084,0.8557534408790168,1.4833952760604028,-0.6395058369864062,0.3312840223084077,-2.4133639500661785
33.0,71.0,1000.0067138671876,-0.589958596711158,0.5863667762657236,4.045486399956648,-1.1983432394555833,-0.2026876134534871,0.8427953555532417,1.4761516564224584,-0.6896694592475514,0.2907740899960416,-2.3858075929251017
33.0,71.0,1000.0015869140624,-0.5924335136070873,0.5836165689574058,3.990069549915457,-1.1735579046041016,-0.1914958036786451,0.8853313260896645,1.4522710922806947,-0.651622542605117,0.276914460734484,-2.3830219424861654
33.0,71.0,1000.0048217773438,-0.6280542539183829,0.5775172671663036,4.035378628231815,-1.2207173203476418,-0.1955106802074366,0.8520512110916272,1.4450064167123369,-0.648528314421057,0.2925871918488347,-2.457358970871061
33.0,71.0,1000.0025024414062,-0.5816702661693052,0.6206800237236543,4.04235706834873,-1.2253493479214723,-0.2116531082764501,0.8088216096851566,1.5491945268458949,-0.6277655445361656,0.3131397370125732,-2.355502019603417
33.0,71.0,1000.0008544921876,-0.5695653135357812,0.576543453913338,4.056021571596627,-1.1560701415407908,-0.2125293447527525,0.901277591675912,1.4419882588103672,-0.6919402340664798,0.3007396250329908,-2.3966043423459333
33.0,71.0,1000.0059814453124,-0.5907907416894442,0.6071571714505168,4.032746295601706,-1.1794692568883782,-0.2204477012237458,0.8141204551304027,1.4563608290705543,-0.6378971714069355,0.2759609959649642,-2.4155555572097227
33.0,71.0,1000.002197265625,-0.6012085984000857,0.5885069392738496,4.031939600821158,-1.2027102806280432,-0.2212283227036051,0.839975175934887,1.490551789682632,-0.640136084928133,0.3231708194455818,-2.37231224580122
33.0,71.0,1000.000244140625,-0.5799481435908866,0.580932417386891,4.047490858155747,-1.1871764568439644,-0.2023286998273663,0.8505817066812611,1.4644970895735892,-0.63968795011015,0.3257596160159011,-2.394851830213633
33.0,71.0,1000.000732421875,-0.5851955210780293,0.5829245548718198,4.064800917507384,-1.2236684458612197,-0.2069622419522341,0.8658770241638489,1.5150084631203231,-0.6708873379258957,0.3314736753553884,-2.3607578095123563
33.0,71.0,1000.0006103515624,-0.5984178210713669,0.5999454774467399,4.068183878939205,-1.1632073394660534,-0.2018381941838916,0.8644730589764933,1.4604265681090256,-0.6734013865915038,0.3179900482460676,-2.4140396692283463
33.0,71.0,1000.0060424804688,-0.6117579015054266,0.5957169344795226,4.039210695704716,-1.2421932477164308,-0.200567393398841,0.8232302787534973,1.5196996407469712,-0.6435579976610892,0.2962910209736975,-2.4049004633119333
33.0,71.0,1000.0025634765624,-0.5897070298625895,0.6055519262043383,4.038433595114965,-1.2272024253428553,-0.2072745939138842,0.838653763063034,1.509083591511791,-0.6375710529435308,0.2771044823730957,-2.399585024053583
33.0,71.0,1000.0027465820312,-0.5957758292220001,0.566135642152382,4.061982954971301,-1.2357489886738184,-0.1979287773117697,0.8566882985541078,1.4864448830624717,-0.6439911469154573,0.3051588434055183,-2.4364651388219767
33.0,71.0,1000.0059204101562,-0.5547660862371915,0.5984180644651005,4.099519105386669,-1.188854956512447,-0.2498600340851196,0.8156683399092968,1.5205450693574871,-0.6489051468771363,0.3679371743576434,-2.3592206099145594
33.0,71.0,1000.0032958984376,-0.5888848538980955,0.5450546825540084,4.0835489480168246,-1.1768549175591798,-0.1892581341472423,0.9112679481142578,1.4248669057844126,-0.6748444872446138,0.3369184977721717,-2.437621946153263
33.0,71.0,1000.0013427734376,-0.5859395648132875,0.5757077778777875,4.065082898947544,-1.1315855080924986,-0.2070798564103455,0.8929472389773938,1.4182981847103937,-0.6772569414433987,0.3441160363690052,-2.41166795271722
33.0,71.0,1000.0048217773438,-0.5987145316256948,0.5821732500617793,4.048523489281134,-1.156871009682701,-0.2011178055085452,0.8808873411323663,1.414345177297454,-0.6855711976870333,0.3035982824887062,-2.40170590724332
33.0,71.0,1000.0020751953124,-0.5807464136364233,0.5833897927475231,4.078559893341575,-1.189874900984034,-0.2204336987338493,0.8338126869007905,1.49493518891009,-0.6537921213061963,0.3218243167026351,-2.402298891792717
33.0,71.0,1000.0036010742188,-0.5973849962354798,0.5939730028110688,4.035924825110476,-1.1929760792227095,-0.2150656987585888,0.8413004258787726,1.4738366517392407,-0.6548174518437291,0.2958403905691611,-2.388761276133043
33.0,71.0,1000.0,-0.6018991632756396,0.6290195597606232,4.039661131074288,-1.2269373006532898,-0.1956754910704621,0.7983459911041688,1.4923657640475678,-0.6663957552933013,0.2866986242663119,-2.432766457636752
33.0,71.0,1000.003173828125,-0.5915238509118836,0.6204328522668288,4.0507358646180975,-1.1474553837056043,-0.2242051858208213,0.8281137752836409,1.4750034762031774,-0.6535132567028423,0.3403946333564622,-2.385972108098745
33.0,71.0,1000.0018310546876,-0.6007324434278534,0.6221500111593672,4.044003284985644,-1.161945758826695,-0.2106517339135338,0.8238201170259867,1.454226291616064,-0.6659089302602945,0.3041736981776513,-2.4139731265794024
33.0,71.0,1000.0000610351562,-0.5882936831086063,0.6183037403640999,4.063846080136829,-1.1990224165213643,-0.206737711539918,0.8071497106813608,1.4764785161269254,-0.6613389145921476,0.3395882612698653,-2.4131087782694847
33.0,71.0,1000.0059814453124,-0.5749860381111915,0.5658325791785002,4.042916497885718,-1.1678661201829303,-0.2028084364071105,0.8806366454193455,1.4332068941619482,-0.6462325634505692,0.2833311094479196,-2.4363134591349125
33.0,71.0,1000.0023803710938,-0.5777523495275076,0.5915155891347803,4.039370924676808,-1.1543201885054,-0.2138903590771708,0.8344257140694902,1.4584676551149318,-0.6493220621585118,0.3253516455245586,-2.3894773504694533
33.0,71.0,1000.0001220703124,-0.5786740420946028,0.6030365526640384,4.0614676771743525,-1.1735658266629367,-0.2165159863664403,0.8384786954023795,1.4553157826840586,-0.6478141733884302,0.324107792337351,-2.417149409470896
33.0,71.0,1000.0139770507812,-0.5908732112972617,0.6044300093921962,4.087374981924111,-1.2223626190355033,-0.1891720475035612,0.8208659765947761,1.491170658548981,-0.6475698411893678,0.3068900958009903,-2.493327790461989
33.0,71.0,1000.0018310546876,-0.5971424940882866,0.5888038971469669,4.022709465497641,-1.2394276898554226,-0.1871141018236075,0.8232039856074911,1.492724195541446,-0.6403614466805339,0.2811697878627246,-2.4005935737569923
33.0,71.0,1000.0283203125,-0.6021530674670057,0.5887425880037522,4.039291153016766,-1.1824395801350125,-0.1940485002686971,0.8844287849045891,1.4701570820536674,-0.6657882130186206,0.2628424384267722,-2.4620939132579265
33.0,71.0,1000.0054321289062,-0.5880971247386473,0.5700814622170203,4.082416950713917,-1.2106664322475114,-0.2082140556031424,0.8854101987677314,1.492745393426615,-0.6800801545833304,0.3099149644753378,-2.375218431084609
33.0,71.0,1000.0022583007812,-0.5898226106133881,0.565261508525742,4.052518338487051,-1.164958045881192,-0.2032704087655812,0.8705832958484034,1.4314335620934404,-0.6621543465611479,0.2993022541931278,-2.4228792388524107
33.0,71.0,1000.0026245117188,-0.6189211435322584,0.613864294892438,4.043895286838668,-1.1871509658415622,-0.1918770572019514,0.8135182209705025,1.4251277407291756,-0.6638895211966345,0.3132146403867564,-2.4544028653294223
33.0,71.0,1000.001220703125,-0.597786187533309,0.581333340417264,4.0606821489437,-1.223074055173364,-0.2165534082530253,0.8374903785845333,1.480190749091232,-0.6596112020211695,0.3424901856053566,-2.39643518334021
33.0,71.0,1000.0103759765624,-0.5875252644169286,0.5941602073659968,4.001730605549042,-1.208651844671916,-0.1887405907906698,0.8820767436519237,1.4973807981055929,-0.6307123846807654,0.2429545764006704,-2.45130162123302
33.0,71.0,1000.0084838867188,-0.5778848460050625,0.5712611280901534,4.01005863075296,-1.1767278700009247,-0.2211534903971133,0.8718777646545384,1.4591666921639526,-0.6331703491709089,0.2737545484282293,-2.3958123996431087
33.0,72.0,1000.0016479492188,-0.5795381915257565,0.574579358122608,4.097290291757576,-1.163912188407093,-0.2305101549310855,0.871590537349527,1.4688128542867176,-0.6750387613935436,0.3585349014548589,-2.3977624206842933
33.0,72.0,1000.007568359375,-0.5867260479038423,0.5678122438899189,4.021030412207997,-1.2082257043351117,-0.1853805547814735,0.8724356358910708,1.4712176599357774,-0.6430480381908108,0.3265303386095874,-2.414155676576147
33.0,72.0,1000.0026245117188,-0.5731701259246655,0.630728130972475,4.063680784776709,-1.1888272462665928,-0.2021188340618973,0.8049257059947337,1.490272068431855,-0.6733492526230798,0.3379432238698046,-2.409730152474576
33.0,72.0,1000.002197265625,-0.5989048800600587,0.5855704055535451,3.997320867483399,-1.179155042412734,-0.1960169170294836,0.8612475055454007,1.4443284296976122,-0.636939350204603,0.2694494580247442,-2.446460041506663
33.0,72.0,1000.0018310546876,-0.5643791337620314,0.5537670505490286,4.0693434240981095,-1.180499305490614,-0.2285189855581153,0.8902182998417638,1.4836651985947429,-0.674360190613216,0.3790706711655991,-2.317228540917497
33.0,72.0,1000.0004272460938,-0.5906646005737013,0.6386853436918702,4.034777479006243,-1.222258201399648,-0.1993169058011963,0.7852950215052168,1.4677403079081728,-0.6476206761560546,0.2775048903613077,-2.457877580530821
33.0,72.0,1000.0033569335938,-0.5836182078399403,0.5986749443948272,4.008120911070225,-1.161139926390733,-0.1958310289505922,0.8736570195667648,1.4638163348354496,-0.6597925552315553,0.327120395685557,-2.3536893997350545
33.0,72.0,1000.0009155273438,-0.586781244838761,0.5892742865114364,4.042975970124985,-1.223054388491451,-0.2079595287622435,0.8228907516000747,1.4999174911395912,-0.6460266040364786,0.2673249334075791,-2.4302107917835047
33.0,72.0,1000.0051879882812,-0.5789203892385331,0.6174359881560942,4.06147750860335,-1.180322141463941,-0.2275877788306379,0.8302915616280089,1.5346792972618104,-0.6591544929363593,0.3460853048535837,-2.38616325035602
33.0,72.0,1000.0005493164062,-0.5733893381791768,0.577993718936483,4.052157537144746,-1.1783331992618151,-0.2246164536301123,0.8665900221488734,1.4708575524082086,-0.663554283065336,0.3334100875032,-2.4005685954232687
33.0,72.0,1000.0009155273438,-0.5551872823907003,0.5813632953912702,4.050362155916952,-1.1918600675636588,-0.197198944752996,0.8720205246584491,1.4626969996854111,-0.6661749121997813,0.3434450301594829,-2.3710575702408505
33.0,72.0,1000.0025634765624,-0.5899173563145501,0.5676285972594748,4.083557193583555,-1.1912459312631634,-0.217016172479326,0.8433522908233702,1.4340098722204573,-0.6429825267842375,0.3045825638132218,-2.455295445063136
33.0,72.0,1000.0001220703124,-0.5858926054457427,0.5779311291448952,4.046841215866582,-1.1670997709788598,-0.2100854444245623,0.8829917509887864,1.450513661170648,-0.6849585854041642,0.291272064374974,-2.4112604407239706
33.0,72.0,1000.001708984375,-0.5538547718372504,0.5870815753681509,4.060053753869349,-1.1418860187031994,-0.2335850070228549,0.8519948230508749,1.4395655849921916,-0.6657004052204103,0.3375717753139007,-2.372406612970379
33.0,72.0,1000.0016479492188,-0.5914261069093989,0.5845871838567005,4.0397044404880695,-1.1890437464866004,-0.2056790923023772,0.8470673527632115,1.4670927263968538,-0.6450880626627278,0.3533161294996496,-2.366728488803276
33.0,72.0,1000.0028686523438,-0.5929059914139554,0.5851736050505227,4.059458289397574,-1.1733671725383243,-0.1953378271789319,0.8955385889636407,1.4373149154223075,-0.6881658813290317,0.3327385011220922,-2.413775374877102
33.0,72.0,1000.0048828125,-0.6202630242777332,0.6270901736697185,4.048521887598003,-1.2547684183190526,-0.2059066556592892,0.7757490907335391,1.5349717246696262,-0.6382455752696554,0.3063760315649428,-2.423217300131511
33.0,72.0,1000.0009155273438,-0.5690709743355296,0.5813942983995748,4.039820060275565,-1.187158015491419,-0.2145401267949873,0.8557722802584848,1.4720021154681016,-0.6327841246367587,0.3162438077926319,-2.393855607840858
33.0,72.0,1000.006103515625,-0.598985052979387,0.5748033081619806,4.087644026110016,-1.2209826330744091,-0.2060178612425769,0.8564071943726379,1.467324641636706,-0.6541661364425204,0.3123494944707525,-2.4697714158516475
33.0,72.0,1000.0015869140624,-0.5819088359727331,0.5865046489915855,4.036698234691144,-1.1914629153913916,-0.2214003910168589,0.8761889556928395,1.5199119517900908,-0.6438310248914734,0.3504851576540897,-2.338091466120865
33.0,72.0,1000.0009155273438,-0.5658121359088346,0.5822285956914204,4.09080908016937,-1.1820770162044552,-0.2164544489088342,0.8485052005797797,1.4789770192280551,-0.6637973798432535,0.3389586455130979,-2.4042651978150125
33.0,72.0,1000.0013427734376,-0.58941257519239,0.6236680626007249,4.036542298700713,-1.231049419601033,-0.2020118508823145,0.8293230059213386,1.54692867719886,-0.6241706912017575,0.2999683955430567,-2.386345973613877
33.0,72.0,1000.0,-0.5758994397815593,0.5986664153061225,4.060159391568439,-1.1306085275894209,-0.2179937694167142,0.8492346306519583,1.425782474524123,-0.6694140600333984,0.3370198117702383,-2.401727846748032
33.0,72.0,1000.0008544921876,-0.6010211386980755,0.5904465894216493,4.072305544660624,-1.198063285451758,-0.196303808410704,0.8499765882522663,1.443782663719829,-0.6771052203604624,0.2996044066213974,-2.4677766902016494
33.0,72.0,1000.0057373046876,-0.5569707309011802,0.5905310030336572,4.051879679917823,-1.1357840527636398,-0.2123350426905572,0.8975001003103404,1.430942478232998,-0.7080258116534459,0.3432256269900477,-2.3720189217446164
33.0,72.0,1000.0003662109376,-0.5920331968897514,0.6007681658699351,4.064235548835612,-1.2446497915067551,-0.2057232159192734,0.8422241831677244,1.526700602891916,-0.6642207094548915,0.2929996027827988,-2.4147228321884286
33.0,72.0,1000.000244140625,-0.5572502055651434,0.5521367704533056,4.041214131413369,-1.1300726023926568,-0.2355286826811422,0.9080545873641324,1.463189342415121,-0.6637063291757732,0.3621502863551784,-2.3250491602932097
33.0,72.0,1000.0045166015624,-0.5693135000640934,0.582688722378971,4.019180564209936,-1.109285256235088,-0.2117385702365091,0.8782861691875201,1.4249945303523317,-0.6563067088970556,0.3148566890578861,-2.3696888864661947
33.0,72.0,1000.0,-0.5836436557073625,0.5725037762317156,4.060018465562701,-1.1441798942209145,-0.2139385270391631,0.8907536706322405,1.4570851567417489,-0.6778772960656774,0.3540636212836539,-2.368386100998119
33.0,72.0,1000.005859375,-0.6067771169302851,0.6680528493714295,4.082418659227354,-1.228172413095117,-0.2067502853229212,0.7571585334148843,1.54739606721151,-0.6430297179653746,0.3458546247423406,-2.4003339549022846
33.0,72.0,1000.0043334960938,-0.5625103408404071,0.6005202199520188,4.070159292110784,-1.1836209193108354,-0.2181085131531057,0.8505271416744602,1.4784783714881655,-0.663346852805593,0.3177003683687598,-2.397660859890396
33.0,72.0,1000.0000610351562,-0.6071016093775015,0.60334026334667,4.067738220318283,-1.1675877249771416,-0.2016819742132325,0.8374112235723166,1.4301174927874687,-0.6781487525614214,0.3327860599786589,-2.4333019719121567
33.0,72.0,1000.0132446289062,-0.5903233602432181,0.6227686834974078,4.087373510516274,-1.2345762845121095,-0.2225184171580956,0.7745914242365046,1.518928072166533,-0.644242411309861,0.366986045972471,-2.404165509615785
33.0,72.0,1000.00048828125,-0.6015084911941271,0.627829727090945,4.04094814530254,-1.201677355408088,-0.2081060862657304,0.8015044248769589,1.5003528653194662,-0.6411917578068369,0.3432661706115114,-2.3856020328251617
33.0,72.0,1000.006103515625,-0.5942676626231149,0.6056137499931413,4.054276940184931,-1.2198964281062636,-0.2110008693534384,0.8028373740274777,1.4935074990292572,-0.6182543133742513,0.2900274981656761,-2.4416982808824823
33.0,72.0,1000.0000610351562,-0.5627202939797753,0.5928945749205639,4.063859785459471,-1.1650831287274652,-0.2355843590070394,0.8541422375993255,1.5049522436103118,-0.6575200599429305,0.3506644296055974,-2.356636941344896
33.0,72.0,1000.0011596679688,-0.5685276254251166,0.6021154171385046,4.042623628804696,-1.1642060983136586,-0.2194536032572251,0.8208446185533855,1.4454480902271074,-0.6608488269910264,0.3083028152815181,-2.414760851053206
33.0,72.0,1000.0006103515624,-0.5731363639602796,0.5959434256874498,4.054257293078917,-1.1684251504381682,-0.2326442499451566,0.8511260567463292,1.485806056516692,-0.6468839385036693,0.33753467221847,-2.385586589151832
33.0,72.0,1000.0009765625,-0.6099921177425163,0.5977792954070544,4.059738343643101,-1.168723780571315,-0.1976049377894622,0.8484815877249199,1.4099636816535384,-0.6722843063654533,0.3046250056284272,-2.453461231254815
33.0,72.0,1000.001953125,-0.6015571059193601,0.5965515172731131,4.060617256353527,-1.221694581475972,-0.1774351483932044,0.8572775306231932,1.4569329558015829,-0.6726666843574067,0.3095004461574042,-2.432952820513453
33.0,72.0,1000.0061645507812,-0.608364092511108,0.5997527366535769,4.041142945128996,-1.1970444715010164,-0.1842663300876683,0.8618077560731727,1.4625385488752602,-0.6444457526958836,0.298668978763466,-2.441670293857708
33.0,72.0,1000.0012817382812,-0.5796205445894271,0.5900322484989573,4.036962444967898,-1.1784076181119691,-0.2225156177183169,0.8521238098552777,1.475760698059668,-0.6555355914176788,0.3240123526873431,-2.3535542854228697
33.0,72.0,1000.0003662109376,-0.5940529475579783,0.6173878296265132,4.030418939568722,-1.1901677622299198,-0.1935654670951745,0.8180479760105328,1.430148864177184,-0.6541378105255786,0.2920379156303259,-2.43958377431652
33.0,72.0,1000.0029296875,-0.575217155977481,0.6094298610647106,4.035225620500158,-1.180064718238497,-0.2112334163427203,0.8283141939213978,1.48619520653952,-0.6419037079832028,0.3455548861613096,-2.351755432248176
33.0,72.0,1000.0000610351562,-0.5845915847161507,0.574578955632238,4.045629261346912,-1.2058517741217143,-0.1989792048818364,0.8602014702350598,1.4563368742694465,-0.6570015928776556,0.2992873198122767,-2.426094910835662
33.0,72.0,1000.0029296875,-0.6071545374032574,0.619109839768405,4.024178569468024,-1.1815084417839747,-0.2152111189911094,0.8227360313447303,1.4579301288552775,-0.6521138569119049,0.3090583609979838,-2.4290544904401
33.0,72.0,1000.0001831054688,-0.5653454231773489,0.5806691476847936,4.045284453820516,-1.1688540745883067,-0.2337708237001736,0.8653570486925339,1.482637793280933,-0.6540588018484099,0.3602209872079163,-2.324195866941784
33.0,72.0,1000.0000610351562,-0.5898606622594018,0.6092073308587835,4.056964262440333,-1.2276457681982509,-0.1975003384112224,0.8447629847447704,1.5055140719580606,-0.6605801731102128,0.3249835646825652,-2.384486243101281
33.0,72.0,1000.00048828125,-0.5952043118057802,0.5942347103266457,4.0820496807526645,-1.186942750988571,-0.1963192262694519,0.853423955151646,1.473980699470815,-0.6701000142931637,0.357836725596008,-2.389352484850687
33.0,72.0,1000.0008544921876,-0.5880182971370376,0.6128232828528422,4.06092421581867,-1.2333609157336918,-0.1967018760466272,0.811784966103537,1.5135996028822234,-0.6502616975682569,0.3250298666336846,-2.3892271498926565
33.0,73.0,1000.0001831054688,-0.574901426270916,0.6115174078006795,4.071330851682228,-1.1948818403103734,-0.1998503086042511,0.8263045445728379,1.4708304101636802,-0.6619940520480281,0.3485169697069548,-2.406396683134969
33.0,73.0,1000.0000610351562,-0.574589997140909,0.5745894382278918,4.057656605222794,-1.1463798553859976,-0.2198257695211563,0.8749887070426681,1.467244366858421,-0.6619428172827639,0.3806750310738236,-2.3335268501792354
33.0,73.0,1000.00341796875,-0.5854748470146172,0.6179691602161377,4.037822818708623,-1.1712295517119973,-0.2279216684465836,0.8365002226262526,1.490011312168661,-0.6422644692563884,0.3126108990454623,-2.4250060476524653
33.0,73.0,1000.0,-0.5886459287602959,0.6101375825057662,4.050441399897354,-1.1721761577150058,-0.2054984249336868,0.8558759987211673,1.4587515758148362,-0.6790642517200745,0.3105961616100616,-2.409366788524193
33.0,73.0,1000.0003662109376,-0.5608575214607958,0.6002569958497697,4.1064386503198165,-1.139889768892389,-0.2100397721661613,0.855556178210235,1.4374271413410122,-0.6850997677782011,0.3654783232966103,-2.407127591046778
33.0,73.0,1000.013916015625,-0.585728715811646,0.6069208149989871,4.074567377337884,-1.170261526155771,-0.2342143606222242,0.8232387302619371,1.5015211127410524,-0.6650497084982367,0.3884432310549188,-2.37639451998985
33.0,73.0,1000.0003662109376,-0.5694208322207297,0.5663551546728121,4.023964874985449,-1.135449010939809,-0.222605135977318,0.9071760667894004,1.4378478501229406,-0.6766667939142952,0.3327362145342771,-2.349065972418339
33.0,73.0,1000.0030517578124,-0.6035534298406127,0.6290584549222,4.076951378711334,-1.1635718483801734,-0.2122179468821547,0.8089536400936943,1.459039642450283,-0.6567697565303146,0.3553096265597748,-2.4327371447282458
33.0,73.0,1000.0011596679688,-0.5832136955054157,0.5675822883086088,4.075384051582457,-1.1452894726663954,-0.2202561808794314,0.8751373667319209,1.426759241690915,-0.6767174763409258,0.3463851392497128,-2.4204035823764123
33.0,73.0,1000.0089111328124,-0.5771819901131732,0.5923450246568613,4.014547573767434,-1.2227250791611204,-0.2173857659418292,0.8453465864365697,1.5220535015238053,-0.634527358242285,0.2959446641215644,-2.345948170249605
33.0,73.0,1000.000244140625,-0.5894030046740006,0.6125384888957361,4.044754880802268,-1.1727467328826484,-0.2040002439719543,0.8337899461736056,1.4433144464700085,-0.6814758175661852,0.3007818737528476,-2.4230691521534475
33.0,73.0,1000.001953125,-0.6115817982150142,0.6146508213902546,4.079412665697904,-1.2128365634552267,-0.2037431998273993,0.8158492883787085,1.4590365575344366,-0.6605872614158592,0.3348443904082154,-2.449711705935784
33.0,73.0,1000.0032958984376,-0.554380280661225,0.5566128662820695,4.051727524413662,-1.1746259203632334,-0.2240514109111684,0.8837391044374199,1.4936160996096062,-0.6703285585280101,0.3198484815570088,-2.3255699393603924
33.0,73.0,1000.0004272460938,-0.5528575579086175,0.5722054874796196,4.060267930896101,-1.1413269290759227,-0.2388109520420096,0.8817997569700182,1.470749425673331,-0.6660210718308948,0.370389483176373,-2.3295860816350054
33.0,73.0,1000.004638671875,-0.5682743742838454,0.6277531877722229,4.048347051184537,-1.1535449811756049,-0.2266182923431898,0.8202826176568623,1.450089484430988,-0.6699688352119857,0.325123035888164,-2.374540949155944
33.0,73.0,1000.0001831054688,-0.5707535369675396,0.5967360888058764,4.04431427127183,-1.1983697868726462,-0.1989260146221418,0.8410154004444603,1.4636113755894398,-0.6569223841646901,0.3084941773456862,-2.4005775951307617
33.0,73.0,1000.0023803710938,-0.5826313118356783,0.5959525555622438,4.062246833336552,-1.1575280015683278,-0.228143514611709,0.8362667219838773,1.482395225187111,-0.6571695229518575,0.3404574954829131,-2.381833944496762
33.0,73.0,1000.0,-0.599295651279288,0.5874717695742433,4.068279383667344,-1.2141478594026518,-0.2013895344128631,0.8372468484047237,1.4739378404440178,-0.6648971549281022,0.3368763326390942,-2.400375973223606
33.0,73.0,1000.0015258789062,-0.5932638792532012,0.5887859430011586,4.05726899512581,-1.17212083555432,-0.2134376642351103,0.8633524102444241,1.4897753924587749,-0.6605495407831246,0.3643884058761193,-2.3770157270298897
33.0,73.0,1000.0042114257812,-0.5583498243252505,0.5669370501890549,4.054471165060255,-1.141032078172178,-0.2447799876540806,0.8828124122630729,1.4668606161300255,-0.6530375198196845,0.3624904001352824,-2.3146899975404924
33.0,73.0,1000.0004272460938,-0.5888833882743807,0.5826573659883518,4.016645208600732,-1.179051351037387,-0.209426620127676,0.8559107229922223,1.4598368927273366,-0.6460382530845079,0.3081245358609195,-2.390677907749568
33.0,73.0,1000.0078125,-0.5626971030291319,0.6144572003366573,4.036971900809602,-1.12333484608669,-0.2221043997996048,0.8319561696589819,1.419673513161288,-0.6696843814104412,0.3496139436158065,-2.350112749866363
33.0,73.0,1000.00146484375,-0.5785433122526742,0.5836902386858309,4.08877997393809,-1.157816915852068,-0.2237126441570547,0.8641888976059553,1.463422569113933,-0.6941135972921426,0.3849121753803439,-2.3457329801670634
33.0,73.0,1000.0010375976562,-0.5733164627646712,0.5825943724531779,4.0057603974015485,-1.1690924579693585,-0.2173734268336868,0.8810840100627502,1.4856562208040351,-0.642246858232979,0.3089863321106767,-2.344764133454272
33.0,73.0,1000.0006103515624,-0.6066076832789324,0.6340847528612521,4.028625242083621,-1.2058066079142482,-0.2000540361300808,0.8234649680911001,1.4756903817221465,-0.6673102999160054,0.2650512980374344,-2.4438089385836053
33.0,73.0,1000.0009765625,-0.6007248743698952,0.6384402418235569,4.050497144454809,-1.2129082670005538,-0.1883545534182813,0.7996396782718467,1.4785171061590487,-0.6494568587850473,0.3127571761064507,-2.4233474802217687
33.0,73.0,1000.0018310546876,-0.6011629759669903,0.6164745647911154,4.047133543820795,-1.207917480400999,-0.1999675631626152,0.8192089176156951,1.5178105959525023,-0.6521687887749845,0.3427749901306898,-2.3922484873727763
33.0,73.0,1000.0034790039062,-0.6080069268048955,0.5874985171686511,4.066819231173449,-1.2177387037414582,-0.1731275753627494,0.84656968950683,1.4164151643894316,-0.6619482401622614,0.323286869648812,-2.4614154809060547
33.0,73.0,1000.00341796875,-0.5644460835797958,0.6109903261805174,4.0756026788528015,-1.188469770244004,-0.2235342514070222,0.8254767324605208,1.510781473067592,-0.6479114609066343,0.3744429146438524,-2.3618097713620454
33.0,73.0,1000.0031127929688,-0.5740575721682903,0.5488939706940421,4.0401642980708345,-1.1592421320440178,-0.2292299321384119,0.8983205460667083,1.4516798440980416,-0.6565084456534747,0.3223439210201881,-2.370776942137059
33.0,73.0,1000.0023803710938,-0.5849842486533072,0.5983408912606425,4.068222990850398,-1.121841968614294,-0.2154119343478875,0.8610647015834196,1.40368694210815,-0.6978411295205884,0.3395219708557304,-2.411842541871321
33.0,73.0,1000.0001220703124,-0.5807955604396975,0.5754752369170077,4.030680050367463,-1.1682614228920505,-0.2219491350248672,0.8699163501941465,1.4780974820097628,-0.6537838882881983,0.3494748215833256,-2.361037497280249
33.0,73.0,1000.002685546875,-0.5686851844931269,0.5297299577858539,4.084071539869955,-1.163194436861129,-0.2226234783332374,0.9091978854221984,1.4324095431854813,-0.6776655378858853,0.337334738628007,-2.4102873880277302
33.0,73.0,1000.0015869140624,-0.5948799150564481,0.6009553480653729,4.06796855779702,-1.1990254381850258,-0.1931350618099934,0.8585194172048674,1.437028120160444,-0.6760905892855247,0.3019026389854868,-2.4549392226562814
33.0,73.0,1000.0037231445312,-0.587085196677986,0.594426021756056,4.074101948134306,-1.1437417176136186,-0.2052835945010631,0.8387957301251774,1.42192027874417,-0.6897300051822572,0.3408967238816283,-2.392431432079773
33.0,73.0,1000.0022583007812,-0.5652487371301156,0.5876209136577941,4.087003459959787,-1.128321532000483,-0.2350212633123733,0.8749814918689056,1.4473917951501072,-0.6866181189944163,0.356777556742113,-2.3758842024560725
33.0,73.0,1000.0020751953124,-0.5960804795782426,0.6278458704721324,4.068311473273576,-1.2138272472754776,-0.2137525257302277,0.8159336603013587,1.4821150012872,-0.6675484205710296,0.308217884304959,-2.416664313250039
33.0,73.0,1000.0000610351562,-0.570728582774934,0.5664431543877635,4.028077547625824,-1.1318712717378905,-0.2200149700269786,0.9102282191096212,1.4521194691443142,-0.6654399499913657,0.358474495660019,-2.3489204761358846
33.0,73.0,1000.001953125,-0.5909612199232122,0.5871715288988177,4.083400808458309,-1.18685616828843,-0.2192078623439162,0.8294425658005844,1.4717256791310334,-0.6675957550989322,0.3556428292769178,-2.407508620971609
33.0,73.0,1000.000732421875,-0.5793411911432909,0.6001360568942964,4.020922270785224,-1.135605837639186,-0.2072200086817339,0.8791501764260126,1.4383889156574874,-0.6725111555421535,0.3238951844246251,-2.3699044875844244
33.0,73.0,1000.0,-0.5949712586868596,0.6069838870376012,4.033221842243608,-1.2093670689277731,-0.2046875475178282,0.8266841942641783,1.4754285303880683,-0.6564366321388126,0.3019104640768546,-2.4058904570699764
33.0,73.0,1000.000732421875,-0.585736757576738,0.5956202049540842,4.086593565627188,-1.1582280941515235,-0.214540364676024,0.8439897898729409,1.466438169654534,-0.6715844910451274,0.3240405988538839,-2.4200617661584047
33.0,73.0,1000.000732421875,-0.5507852498955943,0.5682099913983212,4.028658510679486,-1.1544036252914769,-0.2269025858451341,0.9000583993055837,1.468125094150146,-0.6675190473319219,0.3165151499343466,-2.346989115101668
33.0,73.0,1000.000732421875,-0.5820677549089872,0.5908856853941504,4.032829788995612,-1.2248509282661746,-0.2127361625818595,0.859432637727128,1.507820916942249,-0.6540426156373549,0.284500804768399,-2.3909130138531127
33.0,73.0,1000.0011596679688,-0.5918258004071948,0.639389771745261,4.073508883915448,-1.1919146340731284,-0.204754266770859,0.7970152326953004,1.4968964015636788,-0.6756127280637596,0.3271446470056274,-2.391288234663959
33.0,73.0,1000.001708984375,-0.5864869543114111,0.5781097126652899,4.06140984438354,-1.129270238060751,-0.2094178210097528,0.8738376419081977,1.43131317096325,-0.6617815893063614,0.3740186626027935,-2.386985211877961
33.0,73.0,1000.0005493164062,-0.5786876117953748,0.6092778877963507,4.077935267325813,-1.2241761744975506,-0.2192754269078713,0.792060260983515,1.5077178812120904,-0.6521204506161427,0.3204556511699401,-2.4187889728271363
33.0,73.0,1000.0115356445312,-0.6038352180454405,0.5655115657277046,4.054037646389681,-1.2016010514005735,-0.2063629096272619,0.878094989484957,1.4729936006163458,-0.6517054863016982,0.3006480968305078,-2.4366704500721887
33.0,73.0,1000.0,-0.5849864520189696,0.5868903176032303,4.078607933056716,-1.1856037911698007,-0.2084270449068217,0.8754713513656025,1.4671279745722217,-0.6850961475375055,0.348365930439809,-2.381161662884548
33.0,73.0,1000.011474609375,-0.5722825981204469,0.578342039656965,4.049795589125012,-1.1751267300141603,-0.2475259726309326,0.8637824585997045,1.5152249516807288,-0.6326768329085795,0.3437209839384199,-2.352054435503168
33.0,74.0,1000.0,-0.6068494849501622,0.6107753753908547,4.051088158335972,-1.2036805755499629,-0.1909032298044763,0.8349614615171488,1.462423060995567,-0.6718641639657577,0.3001659617422643,-2.454750710722066
33.0,74.0,1000.0014038085938,-0.5803481722298756,0.6498955243258226,4.062370549715805,-1.1918885110533397,-0.2182447375002745,0.7824355156935967,1.5064835492071085,-0.6641175138920827,0.3532378655144539,-2.363135652789474
33.0,74.0,1000.001220703125,-0.5749258206660404,0.6047113322321573,4.018913701077556,-1.195671425923441,-0.2230392043566826,0.8344169202969134,1.4837092677886146,-0.6519966327804916,0.302832712575853,-2.373005812929386
33.0,74.0,1000.0021362304688,-0.5726406058662343,0.6013760232304621,4.043892537785128,-1.1453227500351597,-0.2230148649489898,0.8665476473949152,1.4923701793850022,-0.6533671752463892,0.3749181026921739,-2.333293610970188
33.0,74.0,1000.0003051757812,-0.593380303212248,0.620919297888868,4.041127009524574,-1.191745554676689,-0.2017414557104855,0.8302898543284893,1.5027332304779666,-0.6520238958730431,0.3399279895939369,-2.3880207493453027
33.0,74.0,1000.0048217773438,-0.5884777019534138,0.6236806925905602,4.040991459565014,-1.2011483948521078,-0.2202957426839553,0.823185755803717,1.5337615506627724,-0.6601634122892364,0.3564612789408574,-2.339849891101769
33.0,74.0,1000.000732421875,-0.5721668556359791,0.5628601665637278,4.060044107051986,-1.1746487401118275,-0.2222317093236174,0.888315541244971,1.49588403372052,-0.6583467368657034,0.3233662115376301,-2.38109470207994
33.0,74.0,1000.0009765625,-0.5882637918546658,0.6293761250791841,4.042450554186408,-1.2063497982209173,-0.2057401092331634,0.8333808909171339,1.515818568896786,-0.660034690800642,0.3137971663363617,-2.3892878888384583
33.0,74.0,1000.0,-0.5753789534485882,0.6031069943536114,4.034080338636871,-1.1604191666820671,-0.2240144083798751,0.8556024077326994,1.4537214770509186,-0.6618264227220276,0.3217031007837772,-2.378892744122761
33.0,74.0,1000.005615234375,-0.582527504499617,0.6004017381255426,4.038159726075003,-1.183410276142269,-0.2324536717602621,0.8264721502129158,1.4876344106660708,-0.6458581122604068,0.3398203146731129,-2.3799280447968743
33.0,74.0,1000.0001220703124,-0.598092516206302,0.6148725848250924,4.041162599118897,-1.1851277930513744,-0.1915210667606697,0.833061866146755,1.4281141920766969,-0.6572151999684088,0.3013789284764367,-2.450081819982083
33.0,74.0,1000.0006103515624,-0.57263818318809,0.5956684013912437,4.043073560679344,-1.1445948358855902,-0.2228987898903138,0.8444552710567006,1.434264120567649,-0.681609824510673,0.3251626805498038,-2.4038965331759328
33.0,74.0,1000.002685546875,-0.6095212553457543,0.6380325002817413,4.058169519733959,-1.172845805028194,-0.1919099697068578,0.8192564885200433,1.444849377153683,-0.6875156149696267,0.3090041268685031,-2.426284966461907
33.0,74.0,999.999755859375,-0.5809891720254603,0.5937666828829506,4.0613532646456,-1.139040239351052,-0.221358881971696,0.8628604618042122,1.4434482947883431,-0.6701691816533719,0.3538864275609583,-2.3789424759292706
33.0,74.0,1000.000244140625,-0.5944007127436635,0.615735617869265,4.027827467890603,-1.2175445840710983,-0.1876306101572318,0.8276763050255287,1.4818892686502938,-0.6666092164637538,0.2931043356837044,-2.417977572953655
33.0,74.0,1000.0031127929688,-0.5648492235701417,0.612119569248839,4.082177269791888,-1.1808087727774366,-0.2161746720321762,0.8161059220084503,1.480364151809404,-0.6449003550941246,0.3621551845065269,-2.40023267954006
33.0,74.0,1000.0,-0.5956154516819474,0.6044704924669331,4.0635437150465314,-1.1963521717182886,-0.2035577535055983,0.826594014968939,1.475054573041458,-0.6555719498728942,0.3276027316078158,-2.4285952844385457
33.0,74.0,1000.0020751953124,-0.5823270148979516,0.5721302827227674,4.093681084767093,-1.1422995806405862,-0.2255376820688628,0.8948321150795726,1.4532733199232588,-0.6851836901395698,0.3844009684636438,-2.367047144835501
33.0,74.0,1000.0064697265624,-0.5796718588087497,0.6090061861784868,4.037138037287415,-1.2532860028701205,-0.2095397219442292,0.8285306954591327,1.5252551077313248,-0.6463007886850392,0.2959017301363502,-2.3853218645583847
33.0,74.0,1000.000732421875,-0.597762360880389,0.5669632155624154,4.060510884532516,-1.1609340859905597,-0.1879832089432698,0.8999314450445803,1.4137221623386296,-0.6881939625355136,0.3811612369677331,-2.387705514844776
33.0,74.0,1000.001220703125,-0.5624446419072351,0.6004521654125972,4.049877164504256,-1.1055328306194778,-0.2262760265258565,0.8677692396635326,1.4147920043094049,-0.6773815408768815,0.3320272017315115,-2.4008029703217666
33.0,74.0,1000.0099487304688,-0.5849515221806953,0.6156456794360103,4.066597711990461,-1.1669994766203642,-0.2093014925092822,0.8528989089936232,1.4418010521337106,-0.6738787001224829,0.2863172706879338,-2.464217184891345
33.0,74.0,1000.0015258789062,-0.5900611720233293,0.6179249045388504,4.01642625898257,-1.21351604719671,-0.2036503725493705,0.8293776331384191,1.512585486798823,-0.6429459868309522,0.311544687680735,-2.41181584786502
33.0,74.0,1000.0003662109376,-0.5969821086383718,0.5784331629514199,4.052298279789268,-1.206234546667308,-0.1972485395824232,0.864497620048783,1.4465223426253306,-0.6832903981445497,0.3052570319736745,-2.396610800975715
33.0,74.0,1000.0003662109376,-0.5571686897322845,0.5953111483394649,4.051745230295111,-1.1603709646278992,-0.2235719643196336,0.8539920148811913,1.4683367046779896,-0.6664105643189515,0.3425130299049552,-2.3568581054061832
33.0,74.0,1000.0,-0.5783468694478504,0.6074983413840007,4.034617937333158,-1.181801282326918,-0.2118249939189853,0.836965349788219,1.4677701335972282,-0.6700852763940537,0.3204942271704603,-2.3770023637173114
33.0,74.0,1000.0,-0.5865501252597065,0.5758107599258224,4.031022577364748,-1.2154903197297768,-0.1902703465446285,0.8556935466945381,1.450859809776266,-0.6563877491720511,0.2797403907576932,-2.415652821920003
33.0,74.0,1000.0010375976562,-0.5775623680391364,0.5632679709796315,4.043969089427348,-1.1437095907970396,-0.2015198235532187,0.911941687826757,1.4082039583280137,-0.6773211945147288,0.3155099457558492,-2.398358976255881
33.0,74.0,1000.0001831054688,-0.5812481622453696,0.5764132751016131,4.0278453072411615,-1.112264066158446,-0.2278228736938707,0.8849100178102542,1.414356132106949,-0.6629968438551019,0.3599580353684626,-2.357697500245912
33.0,74.0,1000.002197265625,-0.6024481718085326,0.6262487936946881,4.057836721531698,-1.183217962885469,-0.2006730821175271,0.8368361904067214,1.4653816546852705,-0.6836731722526466,0.2998118192518193,-2.4384984035039325
33.0,74.0,1000.0,-0.5862453472435893,0.5906781732552036,4.034783227989324,-1.129970704996926,-0.2159001750219094,0.8802673819100697,1.4391895312494736,-0.6781714900301266,0.3641288520687169,-2.342745098755803
33.0,74.0,1000.0032958984376,-0.5955225200959617,0.5951930808764878,4.056129035617445,-1.184878127993068,-0.1890192647896951,0.8414562877431822,1.4450951951539937,-0.6517724503329516,0.3032292171725013,-2.461047537585345
33.0,74.0,1000.00390625,-0.5962901974010251,0.5767191228281456,4.059019593702365,-1.2161477781536505,-0.1786283502706354,0.8767859713518513,1.472415370730328,-0.682049946280479,0.3374703932311735,-2.3872879518023744
33.0,74.0,1000.0,-0.5761552774164915,0.6190097287308429,4.0776580777661415,-1.1716537823879412,-0.2255742176501147,0.8145017332258035,1.4875426072589546,-0.6574570036917571,0.3796760773459118,-2.3499901411131647
33.0,74.0,1000.0074462890624,-0.5766905655858254,0.5674281930984613,4.070420515704074,-1.184364290230378,-0.2194020956799205,0.8499777063574872,1.481438485542629,-0.6382229994977866,0.3349572136918235,-2.3719697459309383
33.0,74.0,1000.0001220703124,-0.583146556384702,0.6052917762737966,4.011892062649178,-1.186896953533095,-0.2098485772948626,0.8331551352218005,1.4585245017876105,-0.650599810579954,0.2728730792926583,-2.42770256364654
33.0,74.0,1000.0048217773438,-0.6177746799641337,0.6097982953651604,4.044802498324973,-1.2141068589651272,-0.1944453103715187,0.8206760791040093,1.4926658349486548,-0.653735767654605,0.2918999755280458,-2.414251779101668
33.0,74.0,1000.0,-0.5690347920339587,0.5692681497369909,4.082111504527628,-1.1647643377904733,-0.2166579157571382,0.8894709929596614,1.4590243080064038,-0.6797653444780076,0.3475189119180992,-2.3739247950140427
33.0,74.0,1000.0012817382812,-0.5804605264332832,0.5711960681774126,4.06862066430163,-1.1639563223898857,-0.193037489195925,0.8936798154238081,1.460641352985775,-0.6787756506722769,0.3455793312910957,-2.365487635747461
33.0,74.0,1000.0003662109376,-0.5983294178636092,0.6142582370760641,4.056098484560357,-1.1648438030192554,-0.2159307205956926,0.8150067644712866,1.434055235062134,-0.6740585420450822,0.355529757753148,-2.3858860156957755
33.0,74.0,1000.0003051757812,-0.5865920562817077,0.5805694148802587,4.060457232768885,-1.2142041229568203,-0.1878022836527657,0.8525888103243702,1.468500336034248,-0.6581593584944478,0.3172763560106597,-2.419553173098749
33.0,74.0,1000.0005493164062,-0.5713946867136217,0.5879838547001368,4.048050378679491,-1.1982369013634138,-0.2054226720465166,0.8643871047490901,1.489791423522658,-0.6482383936246103,0.3267012686612771,-2.385560503476049
33.0,74.0,1000.0009765625,-0.5771015290128432,0.6095465309272061,4.083821639877273,-1.1720896701398176,-0.2235414634649828,0.8211141826216153,1.4605126194029854,-0.6849102133326452,0.373340693284268,-2.343064301182723
33.0,74.0,1000.0,-0.5883969465724554,0.57877371130136,4.040509509813667,-1.1886555727026265,-0.2047849015557554,0.862464727372874,1.455620057008459,-0.661226959047851,0.3112986746071389,-2.398968503967671
33.0,74.0,1000.0009155273438,-0.5892803657498087,0.5876160042243095,4.0585730501566815,-1.1938948685370212,-0.2003834767942525,0.8551554462983866,1.486244851352466,-0.6740596337736697,0.3151276700811625,-2.3924339398338814
33.0,74.0,1000.0001220703124,-0.5775694047803377,0.6139549346225239,4.059015620691994,-1.1740321873102149,-0.2103886174264415,0.8377752214670124,1.4482054511393088,-0.6779287987688862,0.3275601635659244,-2.4152438594251286
33.0,74.0,1000.0,-0.5925823952236566,0.5881115555534686,4.063548933533216,-1.1580149945275675,-0.2107213537611878,0.8572211948466313,1.4414587735271829,-0.6765840307818767,0.3533836721126793,-2.392029538344784
33.0,74.0,1000.0006713867188,-0.58279509746309,0.5688202288711919,4.021037631817165,-1.2100349427587584,-0.1966644884388486,0.8564671452690211,1.4636796783800357,-0.6495469173475872,0.3051483379048978,-2.3897592723973213
33.0,74.0,1000.0,-0.5887770112485811,0.5973913962486774,4.059039576507704,-1.2023133409100444,-0.2120052587776886,0.8379496413795904,1.498082375300246,-0.6537840144155913,0.3310104293563354,-2.3713928416134333
33.0,74.0,1000.0009765625,-0.5721729667784183,0.5653738243891571,4.042506186902893,-1.14255100214561,-0.2297197642953099,0.8958508817868074,1.4543262275790898,-0.6521669504477918,0.3347838194718129,-2.382530990099389
33.0,75.0,1000.0,-0.5871650407370614,0.5803286518822484,4.055941698100682,-1.1739143087618968,-0.1972065256787152,0.8685993821346472,1.4452612807519405,-0.666143783047243,0.3262984686448398,-2.423260047120687
33.0,75.0,999.9999389648438,-0.5888582221392609,0.591482798942291,4.037809744281264,-1.1895392020144553,-0.2063528495655635,0.8484490881739468,1.476968717603011,-0.6564323083872008,0.3301477947313556,-2.393146043908006
33.0,75.0,1000.0007934570312,-0.5674553720374238,0.5706371591119499,4.026726409594797,-1.160083763065339,-0.2045021265435256,0.888050211078534,1.4306945885219091,-0.6713993895539696,0.3133164180221524,-2.40289444280092
33.0,75.0,1000.0003662109376,-0.570694222424569,0.6116191485774793,4.0557956459982645,-1.1920848645384572,-0.2096334285322845,0.8257240431123041,1.4867623660637488,-0.6524510190521964,0.323647240604199,-2.3866090300358724
33.0,75.0,1000.0009765625,-0.6007236230019339,0.6078879644105841,4.061530890094957,-1.1814601249363663,-0.2002712175527152,0.8259347353826989,1.427112542795987,-0.6672532141347913,0.3048990153213102,-2.43861912669233
33.0,75.0,1000.0,-0.5815407023143218,0.5763054417316313,4.076818006749447,-1.1911245234725,-0.205907174849381,0.8767962789754566,1.4760273773136268,-0.6661199907882791,0.3350880129680895,-2.394259648706469
33.0,75.0,1000.001953125,-0.5844303771052202,0.6104671174743714,4.052697967410733,-1.1455323120152734,-0.2099412247401852,0.8608067376172768,1.4761211790928217,-0.6679775429331833,0.3629120191939545,-2.3677077222000804
33.0,75.0,1000.0,-0.5979018599990145,0.6066643786215131,4.051504288371611,-1.1848552055715094,-0.1909681433423742,0.8490863329648279,1.4522318657244293,-0.683695719076983,0.3226844007949028,-2.414830542513302
33.0,75.0,1000.0,-0.5861387494807451,0.5723321145166524,4.044504267954677,-1.1607081134979262,-0.2046685290321681,0.8771788684802804,1.4426623056590335,-0.6619810992134587,0.354575997020726,-2.3667523421698684
33.0,75.0,1000.0001220703124,-0.5790055429672067,0.611974681445119,4.034564933427362,-1.1384760193993777,-0.2099424356382604,0.853395907168979,1.4357451571181876,-0.6658686293605642,0.3283052361704239,-2.3862574378427865
33.0,75.0,1000.000244140625,-0.5773534719241775,0.6152808535428598,4.058563296279676,-1.196748580998357,-0.2092914680327595,0.808222786715163,1.4696105188324662,-0.6632011601538261,0.3113652036341765,-2.407112116063519
33.0,75.0,1000.0,-0.5766872687329938,0.6022353278802628,4.070299129337789,-1.188102693641055,-0.2065684578332378,0.8423619407709948,1.443131151403562,-0.6735728569162109,0.3242043041375968,-2.411472528802065
33.0,75.0,1000.0,-0.5831296352238526,0.5828724602412727,4.069873174459643,-1.184200193362686,-0.2043483428327634,0.8638295332366557,1.4658441931635222,-0.6766255878886076,0.3244806682973324,-2.4079374575178427
33.0,75.0,1000.0001831054688,-0.5997116080972429,0.6000962420978659,4.040363091793999,-1.1840406098992555,-0.195167981376489,0.8291402229874691,1.4275350943802645,-0.6503551858693815,0.2861021865909254,-2.467801240310194
33.0,75.0,1000.0001220703124,-0.6024695403543214,0.6008394537679465,4.070952532088144,-1.2109482299729586,-0.1984780163853656,0.8460120224640653,1.4928120079623817,-0.6702086992251912,0.3166284037459395,-2.42297008671597
33.0,75.0,1000.0000610351562,-0.5848865343662428,0.5937586746502568,4.050976292753008,-1.1650954179354107,-0.2149905309219608,0.8567862571629519,1.4527391336520932,-0.683763518617214,0.345521506630341,-2.379011409052568
33.0,75.0,1000.0010375976562,-0.5903701347807182,0.6086925480382233,4.072103378689176,-1.1590931256785044,-0.1961908922284108,0.8322582239471075,1.425545470327215,-0.6791801609910033,0.3074348818719361,-2.46340871035374
33.0,75.0,999.9999389648438,-0.5721717945125695,0.5780545627603857,4.040949854269769,-1.144433324331231,-0.2198656668276264,0.8867539690341797,1.4391770874544374,-0.6659917448564965,0.3523488206677347,-2.361444918904518
33.0,75.0,1000.0006103515624,-0.5864256357542352,0.5918088674428903,4.052997750167997,-1.2112978868363338,-0.1878183432818385,0.861116255823628,1.454910206110669,-0.6823961097284421,0.3105420776843761,-2.4100362493975256
33.0,75.0,1000.0009155273438,-0.5861990711404106,0.5800101700552451,4.030551391359465,-1.114349365350197,-0.2119257924195503,0.8674122096136827,1.3896502963508637,-0.6783037741563476,0.3266756085633489,-2.405789342184089
33.0,75.0,1000.0001220703124,-0.6081837391668001,0.6041383193519057,4.030760638137824,-1.208834151621772,-0.1931341266000581,0.842276840946516,1.453440376477574,-0.6625942510400238,0.3168370334580874,-2.40878405925185
33.0,75.0,1000.0007934570312,-0.6005172428897767,0.6010735274293646,4.058337965102211,-1.172405020522986,-0.2034018656682876,0.850712703993592,1.433217301932026,-0.6626229023728802,0.3165601241714295,-2.453387003959442
33.0,75.0,1000.00048828125,-0.5976238766694166,0.5900754956545402,4.083420650694031,-1.2116467628669647,-0.1889851075704989,0.8467240128229649,1.4769887181104373,-0.6685931117763007,0.3286705684849291,-2.4315048223686384
33.0,75.0,1000.0009765625,-0.6073748873227016,0.5934740354888817,4.026301296498291,-1.1566090270308065,-0.2007178934542981,0.8755303149095663,1.417513967447218,-0.6660698922952379,0.281051013261953,-2.434064825573519
33.0,75.0,1000.001708984375,-0.5746595401439061,0.596163717328956,4.082073267250738,-1.1684331888309156,-0.2138190427956852,0.8558657496983759,1.465534969361432,-0.6949016889874029,0.3793324820879382,-2.350913311821328
33.0,75.0,1000.0,-0.590376950174182,0.5959100280152008,4.057884831060807,-1.173017292426009,-0.2099741840496332,0.856643648539932,1.4614689254122144,-0.6534171204074832,0.3363144255714001,-2.396327754709713
33.0,75.0,1000.0020751953124,-0.5923952315295482,0.6415990797655278,4.010284489426203,-1.196354570855366,-0.2208091658148889,0.7955563885861334,1.496376952777407,-0.6660302781437268,0.2847761045506143,-2.3987312347404464
33.0,75.0,1000.0000610351562,-0.5942841937729479,0.589346421693242,4.038002788420767,-1.1531264211176966,-0.2017771416824985,0.8657102648156689,1.4293376500714423,-0.6668897088500501,0.3217974578395317,-2.417387428571005
33.0,75.0,1000.0,-0.5744814677320953,0.5780334574552786,4.038877955953021,-1.1526278064429212,-0.2155504885183239,0.88221939480648,1.449678175071174,-0.6725360246516638,0.3252522507177708,-2.3884435105854305
33.0,75.0,1000.000244140625,-0.5761300273632122,0.6070615952154998,4.044652212172204,-1.2025970569564,-0.2079842138739298,0.831617754632803,1.481390047593063,-0.6492068958054578,0.2949598773599291,-2.4023326231679167
33.0,75.0,1000.00146484375,-0.5748492826782279,0.6004873329622828,4.069024184781023,-1.1802365600609883,-0.213032927980878,0.8323222460809196,1.445999494854334,-0.6882174512225534,0.3365494818621268,-2.387324451070358
33.0,75.0,1000.0001831054688,-0.5821058395889729,0.5931133776520392,4.039339109198508,-1.1809244477230862,-0.2024228232493232,0.8514787298848496,1.459341974705351,-0.6780251112423397,0.2929402341261955,-2.4126287687275827
33.0,75.0,1000.0001220703124,-0.5916399459850616,0.5998377609085814,4.026336163833404,-1.1719264077720268,-0.1854929238853664,0.8690792198257125,1.4048606518888658,-0.6680947800209207,0.2846813911942174,-2.4581160138169063
33.0,75.0,999.9999389648438,-0.5989940108197551,0.6055194202051783,4.047137356645273,-1.207120374627844,-0.197136493351528,0.8254279237257043,1.4676081580662643,-0.6665374731256142,0.2987186036588998,-2.421363060988754
33.0,75.0,1000.000244140625,-0.5831707372999899,0.5710249687418001,4.032085844362266,-1.1891744717611503,-0.2006971930953121,0.8905162401889912,1.4602906498959616,-0.6789944810974742,0.3194810901996794,-2.366372044282972
33.0,75.0,1000.0001831054688,-0.5881191388215914,0.59093406701336,4.073046093043232,-1.210984800243751,-0.1919447830152831,0.8538446255663175,1.4525578600970777,-0.6708992715066735,0.3142946675789879,-2.4297589092807743
33.0,75.0,1000.00048828125,-0.5716022520024016,0.5988482202241876,4.055659513343832,-1.14351636187723,-0.2278086282132569,0.8541925036957405,1.489601692207584,-0.6537558769554748,0.3685613156663958,-2.339823860011278
33.0,75.0,1000.0015258789062,-0.5812657293425847,0.604003052187295,4.014653945848732,-1.1838686453560792,-0.1910316788007406,0.8509361143156999,1.455211534939858,-0.6594140129028023,0.2892319246944685,-2.39691211765593
33.0,75.0,1000.0017700195312,-0.5777629023284616,0.6087371766069349,4.017911569393736,-1.1488570753054963,-0.2312727454198988,0.8428360639349419,1.4498623231858412,-0.6541422739553173,0.3022528913067566,-2.3951409550618106
33.0,75.0,1000.0016479492188,-0.5997232579227223,0.5962123674422761,4.014060966328174,-1.1789806669411562,-0.2182354419005259,0.8588773334360784,1.4542744836966524,-0.6633829489777208,0.2868531650898536,-2.3989162240744606
33.0,75.0,1000.0003662109376,-0.59829492256201,0.6111031896324679,4.070943313069471,-1.1806987157695517,-0.217787042936048,0.824303518428879,1.484615093866983,-0.6661085334227828,0.3345451566949222,-2.3845728273570845
33.0,75.0,1000.0,-0.5891473403977514,0.5867110593396401,4.035834098801544,-1.1788229174538505,-0.2100784001978821,0.8506523094695222,1.4479206373675808,-0.6501138691002994,0.3283420264171717,-2.3952330764191068
33.0,75.0,1000.0,-0.579955483691295,0.5906731291538048,4.055925029482548,-1.15529371645581,-0.2176618086899742,0.8594744356872033,1.4698013823877156,-0.6593354909104452,0.3449288858228394,-2.390984890697825
33.0,75.0,999.9999389648438,-0.5765819447777512,0.5766671254108005,4.062980981727723,-1.1351853867618615,-0.2168385346211661,0.8861093173125791,1.4315227675904572,-0.6874768731532823,0.3726432995258077,-2.37056320325903
33.0,75.0,1000.0010375976562,-0.5781698818243601,0.5931540635465238,4.068748412518758,-1.2248809307050976,-0.2189092243301242,0.8338756748660252,1.5072299308731356,-0.654658277240669,0.3346700275358207,-2.3926202063389086
33.0,75.0,1000.0000610351562,-0.5903854197025282,0.5962936928284996,4.016367605488602,-1.1894215843381728,-0.1940952942604372,0.8436616924127769,1.4248827467752232,-0.6558579616560483,0.2900623239892788,-2.442186046667996
33.0,75.0,1000.0007934570312,-0.5911302172065422,0.6018735589393902,4.035797717497147,-1.232167422127575,-0.1946765808996762,0.8367977632099457,1.4787641141085963,-0.6518535881108782,0.2738918754029606,-2.422166192929358
33.0,75.0,1000.0001831054688,-0.5863682566610278,0.6038129328423514,4.03946278010158,-1.1553919279242786,-0.2148674034278928,0.8515469255749242,1.4423772406450377,-0.6716295876092104,0.2990115180261821,-2.426388322761353
33.0,75.0,1000.0023803710938,-0.6028883924983663,0.5985851272592466,4.052984201528734,-1.1906372640925291,-0.2055054914378375,0.8615440713907683,1.4742450791218331,-0.6588740615883113,0.3053229227114062,-2.439103503695432
33.0,75.0,1000.000244140625,-0.5925982193314923,0.5881390095696002,4.053018106844942,-1.1901247090433698,-0.2049979343398114,0.8596461131040476,1.5066248448386972,-0.6455900342098584,0.344805545605312,-2.38842030960567
33.0,76.0,1000.0004272460938,-0.5752614220841572,0.5859077787379219,4.055751689705097,-1.1838837484215992,-0.1972123459748145,0.874076746626077,1.4735500491984972,-0.6624621831212041,0.3179279997062503,-2.405655910943061
33.0,76.0,1000.0005493164062,-0.5634132855241276,0.5849891648757932,4.042938448039784,-1.141561397010753,-0.2303359517061469,0.8624383447501218,1.4498712642211815,-0.6757362921124006,0.3701029090821928,-2.343705299279561
33.0,76.0,999.9996948242188,-0.5928522723277077,0.6063682954516922,4.035192413151199,-1.182223895375849,-0.208788093184669,0.8388628961506415,1.4638215347215953,-0.6606949883667523,0.3197399148899755,-2.3989548908293967
33.0,76.0,1000.0,-0.6002934162527716,0.5952172481478248,4.036894286965639,-1.1766236495096387,-0.1960213233550263,0.8522688746843503,1.445469264075946,-0.6661887279820071,0.3283569563971378,-2.4099355376079523
33.0,76.0,1000.0010986328124,-0.5769205259584105,0.5838792329630156,4.057022623693806,-1.174542363440365,-0.2022334155751926,0.8769467723822562,1.469414656913525,-0.6694558393314036,0.3078389479059309,-2.4035112175874174
33.0,76.0,1000.0,-0.583559893450472,0.5573156451585408,4.039533918922949,-1.1498511804009,-0.2009061674724837,0.8910567449974538,1.4074091210102493,-0.673809683718261,0.328710928596891,-2.4148201014868613
33.0,76.0,1000.0,-0.5860592739750965,0.5804023609670015,4.04388515907449,-1.1436037913517136,-0.2153060013464056,0.8817801997684773,1.456487333484274,-0.6617912864882012,0.3530430354692226,-2.3605393385529148
33.0,76.0,1000.0,-0.5739877978900063,0.5969680897800682,4.037543115192049,-1.1688331496068818,-0.2066670469702183,0.8706364326610547,1.4559733639700134,-0.6772411614314855,0.3268549567588561,-2.371633687916094
33.0,76.0,999.9999389648438,-0.5897731919038591,0.5975485417527615,4.047510880414755,-1.1909590229302198,-0.2058056996955652,0.8473615677326096,1.4785887007070366,-0.6492063365681586,0.3215549906550388,-2.4195653193492057
33.0,76.0,1000.0029296875,-0.5865645219492848,0.6117388520722509,4.085377659320827,-1.1967190889611294,-0.2166776167307942,0.8269173489374779,1.4752942308029784,-0.6901668465411346,0.329660446239318,-2.406789775625521
33.0,76.0,1000.0,-0.5752531946932171,0.562858166605416,4.0419716221233895,-1.170461307900725,-0.2154720563747005,0.8839304480219354,1.464413573343153,-0.6665813506382978,0.3326841660105408,-2.37490282312879
33.0,76.0,1000.0003662109376,-0.5633082946432388,0.600925076346666,4.0605953348641695,-1.1619879254673782,-0.2286348857780167,0.8391659736494894,1.465611377455314,-0.6662554656963318,0.3424976646826492,-2.3703308215799472
33.0,76.0,1000.0001831054688,-0.6047094167025033,0.6065560117655089,4.056929748291086,-1.1712814912632474,-0.2025659276207312,0.8376778435707504,1.4443806346891828,-0.6618665263013614,0.3312750032886749,-2.4259609613812048
33.0,76.0,1000.0003051757812,-0.5626373193458516,0.5747033770846421,4.051724526344593,-1.1638984972194557,-0.2252246966699314,0.8888450133697168,1.475834346797419,-0.673135470484695,0.351776640314835,-2.345473052546408
33.0,76.0,1000.0,-0.5882883311582168,0.5963882538172749,4.065264016258684,-1.1619408774575164,-0.2124316724596555,0.8511613017600386,1.4679745455919138,-0.6652530305649691,0.3483676914476588,-2.384783418915438
33.0,76.0,1000.000244140625,-0.5958192914746832,0.5685774967106028,4.022636491102178,-1.1688922052956476,-0.1968925146199076,0.8953307596989628,1.4303413184750298,-0.6726818288237091,0.3181519118119809,-2.3972226289160945
33.0,76.0,1000.0001831054688,-0.575625173895161,0.5998746109585547,4.070938221141741,-1.1420117879198806,-0.2292922293077008,0.850676257328681,1.4640699144100695,-0.6766714925839956,0.3647816773517558,-2.384523109861733
33.0,76.0,1000.0,-0.5772376750985533,0.6005019854904736,4.054340538807391,-1.1384181310122448,-0.2249815732866835,0.855807062260439,1.4473739181418344,-0.6726116558910702,0.3602364302485092,-2.3773144677421225
33.0,76.0,1000.0000610351562,-0.5881702390471464,0.5602619219173128,4.040970343140412,-1.1597197801545382,-0.2026349264849978,0.9001696932991319,1.4477788432364758,-0.6703672805057739,0.3474349938681467,-2.373576108162444
33.0,76.0,1000.0011596679688,-0.583055873982004,0.5779136696198997,4.031407996518448,-1.1433202431722544,-0.2226126530298247,0.8817413653928527,1.4164023611946703,-0.6690963860765295,0.3179723434441008,-2.385234943064925
33.0,76.0,999.9999389648438,-0.566136796724809,0.5769242472221778,4.0611576215248295,-1.1507553498669654,-0.2227567755834689,0.8809238779171302,1.446386901303037,-0.6820797852903464,0.349832358270115,-2.35712593166274
33.0,76.0,1000.0,-0.5984474272181037,0.5811698685427711,4.046064563098648,-1.177547260168609,-0.1967829329714749,0.8733497353358395,1.4393742961292313,-0.6800550361737372,0.3092657531027596,-2.4242400997188818
33.0,76.0,1000.0,-0.5880829997306467,0.5995931739916074,4.076750472216986,-1.157298905558502,-0.2112865797842591,0.8486611162926829,1.4425747016959072,-0.6812635203076205,0.343888228390278,-2.4006012693863834
33.0,76.0,1000.0001831054688,-0.5855539094552862,0.5949625330002668,4.035451513009448,-1.1298469993402,-0.2164259918020725,0.8649122090562269,1.4415292278356766,-0.6676043068259254,0.3464247205623669,-2.390966609468998
33.0,76.0,1000.0014038085938,-0.59512492721153,0.5908504619372836,4.038297277932921,-1.1908461956116194,-0.2012005177599549,0.8553450627416819,1.4717490341427109,-0.658759503719585,0.3540769381267896,-2.391289256599753
33.0,76.0,1000.0,-0.5871631867941156,0.6092171550395165,4.056576711972138,-1.2070766749052009,-0.2028936417344304,0.820539109349192,1.4661462624477917,-0.6738417879398346,0.3035601006543684,-2.422091935748179
33.0,76.0,1000.0000610351562,-0.5648502199547787,0.5895985054591435,4.064191063531052,-1.1268762268227754,-0.2135582006715486,0.8832285685287546,1.4381848508866604,-0.6788831954090622,0.3612897475143626,-2.384904709670636
33.0,76.0,1000.0001831054688,-0.5826988614878257,0.5846906447155442,4.035153519097591,-1.1667901015069178,-0.2161989824339718,0.8523008443971989,1.4497582116954604,-0.6600600388104709,0.3133601218120034,-2.379239665518164
33.0,76.0,1000.0,-0.5906851946423739,0.5929939464506315,4.064921873705838,-1.18811352206174,-0.2022352813007382,0.8445114493068715,1.4703856777399702,-0.6644144360109507,0.3514423002877755,-2.395471124958756
33.0,76.0,1000.0,-0.5921051315405794,0.5968294486313912,4.050137776613408,-1.1403086142609848,-0.2109197746186693,0.8573904018575185,1.4279361319891724,-0.6690332266439905,0.3591437270530671,-2.390183103258069
33.0,76.0,1000.0001220703124,-0.5745730107484857,0.5720225983146108,4.073919189764215,-1.1690399716070967,-0.2089960804296424,0.8696436414886914,1.444656152580559,-0.6689871746401783,0.3646147361825855,-2.3686349961066973
33.0,76.0,1000.0,-0.5906373265114393,0.5920388753890746,4.050186472207654,-1.168140651116163,-0.2117556647470539,0.8514843475078564,1.4603856207413015,-0.6673458234329601,0.3422767866369378,-2.3895076122748864
33.0,76.0,1000.0013427734376,-0.5879897044734959,0.5891990265006601,4.0620385306412174,-1.1535396259576407,-0.2113194331233305,0.8456663978148216,1.4437922853081826,-0.6662737341194029,0.3564398071016859,-2.403790585470068
33.0,76.0,1000.0083618164062,-0.5879371030837053,0.6059700831940704,4.053414346524294,-1.1560768361708256,-0.211823417504112,0.8354837738157181,1.4517315448363268,-0.672800955482689,0.3343037340347985,-2.4353881435102567
33.0,76.0,1000.0,-0.5955976234891178,0.5834261528189053,4.067596734481798,-1.1708594320925272,-0.1990819351800743,0.8553785459463121,1.4323760725447698,-0.681521674457696,0.3447012321051126,-2.402222207135314
33.0,76.0,999.9999389648438,-0.5837267267584467,0.5918974768192165,4.059498924464682,-1.1484332835343554,-0.2174873805870119,0.8585815215001826,1.4473844324949328,-0.6631908695780995,0.3476938447392772,-2.387622554227929
33.0,76.0,1000.0001831054688,-0.5750482091144136,0.5674966991277266,4.051386847645793,-1.180399405366488,-0.2102817082902035,0.8884703054572078,1.4777220913661706,-0.6635564926162232,0.3550875075152184,-2.370145601560284
33.0,76.0,1000.0,-0.5975711777148627,0.5924589162354241,4.047514743671366,-1.175380169025615,-0.2024316034171303,0.8606175354092906,1.4466352971089833,-0.6760719837775575,0.3125385657476407,-2.4261023469758003
33.0,76.0,999.9998779296876,-0.5667982833929308,0.5962000042158966,4.057856494527545,-1.148433529862606,-0.2233162523817577,0.8644277620500693,1.4750959775856245,-0.672778129733592,0.3650798795509118,-2.3416731413285
33.0,76.0,1000.0,-0.5946667349026766,0.5968638362347711,4.0419885759450285,-1.1814918325771022,-0.2044731537646962,0.846331644092051,1.4572031985094478,-0.6487828007277789,0.3248181732097857,-2.415400995463072
33.0,76.0,1000.0001220703124,-0.5962835274445863,0.6052661770012051,4.053741474361395,-1.1965004902304148,-0.208043549718214,0.8362526003093826,1.4698583838628707,-0.674083982748205,0.3053638319397951,-2.3937797670094287
33.0,76.0,1000.0000610351562,-0.5801027910848813,0.5873235542978446,4.057997989581848,-1.1204078446937804,-0.2155213278009649,0.8875262240515482,1.4286014134119451,-0.6798726344181656,0.3562667156757984,-2.3895644427526967
33.0,76.0,999.9998168945312,-0.5787282424507092,0.5963388577521922,4.053481274249855,-1.1640535326087775,-0.2104884531936672,0.8628989069932569,1.4493789156589534,-0.6785399052432206,0.3372257645487151,-2.3864250522018176
33.0,76.0,999.9999389648438,-0.581871868082338,0.5909608142774179,4.054734146104039,-1.1538349456478874,-0.2075292802030084,0.8776448359258495,1.4451293207630913,-0.675842087415143,0.331744251805933,-2.4068711038246904
33.0,76.0,999.9993286132812,-0.5903341970893266,0.5908298669996972,4.038625286357471,-1.1693625656194229,-0.2068792850241632,0.8617278484335733,1.4451299782212246,-0.6615535584172383,0.3228633004686863,-2.398253236593172
33.0,76.0,1000.0,-0.5943888834598754,0.5969914544069086,4.06416780514839,-1.1585540048042549,-0.212657183933782,0.8578278549776712,1.4528631690648766,-0.6756243078625248,0.3456386254125316,-2.3988234599490226
33.0,76.0,1000.0,-0.5854740745530789,0.5768152404535964,4.066086900982501,-1.1509424420972794,-0.2108352203051664,0.886623446080419,1.4460766672016554,-0.6834059599310658,0.3615781990352751,-2.378774711389436
33.0,76.0,999.9998779296876,-0.5768265646598749,0.584710310652441,4.038198184363171,-1.1526124050886564,-0.2184166311555095,0.8799734855553449,1.4624365339211725,-0.6618143434198211,0.3447943593350953,-2.35770791945074
33.0,76.0,1000.0,-0.5901070658709342,0.58638197844766,4.066038523527835,-1.1578867655725822,-0.2062029461184664,0.8547533712363418,1.4347792661627103,-0.674518669505817,0.3493389589456157,-2.3983061644551045
33.0,76.0,1000.0003051757812,-0.5844230557170977,0.5701210089008342,4.042966803768412,-1.158227186171454,-0.2098270697558995,0.8717530846988772,1.435175896984723,-0.6535130380325116,0.3493513230682321,-2.3716248958594104
33.0,77.0,999.9993896484376,-0.585579997362208,0.5908341487800044,4.055175673220097,-1.15776034718311,-0.212135970852457,0.8595055645599494,1.441785931518007,-0.6726760860220073,0.3374013595314533,-2.395303110528074
33.0,77.0,1000.0,-0.5958640992248041,0.5960426013023223,4.051902173652401,-1.1645535170545394,-0.2075482503586299,0.8575604123248892,1.455511764306796,-0.6719374067031012,0.3348680874574423,-2.3958937224156185
33.0,77.0,1000.0,-0.5693524282334703,0.5849409721046399,4.042730875925697,-1.124564583213485,-0.2266895851503676,0.8862877955318087,1.447879575229413,-0.6712278361990132,0.354925397318854,-2.354641980456183
33.0,77.0,1000.0001220703124,-0.5969415321709217,0.6081902005349171,4.033498863466692,-1.2107401204421435,-0.2010263027793044,0.8302135517466924,1.4967442896108365,-0.6567738837907742,0.314565816802844,-2.387645927374495
33.0,77.0,1000.0,-0.5721334151048678,0.5877312891213196,4.050614699598334,-1.153215174224727,-0.2145218034056277,0.8722445008337463,1.433363852540217,-0.6732890589004796,0.3323362919772341,-2.3854974606178185
33.0,77.0,1000.0,-0.593987376042941,0.6088325496148572,4.06492030003356,-1.1963806429188844,-0.19585082302497,0.8278029089030268,1.4552380715100846,-0.6763784958895114,0.317807698738016,-2.4215967132090173
33.0,77.0,1000.0,-0.5805191334955655,0.5928767416503042,4.041289197968425,-1.144012931557548,-0.2149951272189838,0.8783107392597369,1.4627495990618735,-0.6752278731043901,0.3483631913025462,-2.3678343239825828
33.0,77.0,1000.0,-0.5939026877316316,0.6133012916316574,4.033490268832624,-1.1622968304909396,-0.2110302175157148,0.853284270292205,1.455519417627623,-0.6664486032760912,0.3309574077907049,-2.3936145553506
33.0,77.0,1000.0,-0.5911828720449428,0.5871247788220177,4.048531524384819,-1.204031517815758,-0.2035752519281839,0.8583531486204334,1.4681707656873568,-0.6761344952367674,0.3034126758347808,-2.416463649971024
33.0,77.0,1000.0,-0.5824219936284782,0.5912261175491196,4.040398375855592,-1.1695542582234069,-0.2058175640278712,0.8613431015301405,1.4246584284717103,-0.6635734657337968,0.3038645965648401,-2.430746810826459
33.0,77.0,1000.0000610351562,-0.5905284210827428,0.5768324981829354,4.052500624431106,-1.1568333001262316,-0.2022110460161279,0.8890550733736537,1.427195169910788,-0.6718288805415122,0.3340717054866617,-2.409949124944105
33.0,77.0,1000.0,-0.5756718117648276,0.5943006260602379,4.043020457126094,-1.1607651211467385,-0.2173769565443883,0.8696063773936942,1.463088696193875,-0.6632691800562078,0.3436181922927552,-2.3548685674801817
33.0,77.0,999.9998779296876,-0.5970574755892502,0.6055147804213625,4.042361826932583,-1.1802899901963415,-0.2058951226059191,0.8383174153426154,1.4408869600014942,-0.6645049717623275,0.3071571421556403,-2.4281989227803304
33.0,77.0,999.9996337890624,-0.5891592010741329,0.5983776674033479,4.04431061428644,-1.1943732441899328,-0.2014285624976866,0.8346545237985659,1.463511635673865,-0.6575475463727294,0.3187013890261925,-2.4016815898652286
33.0,77.0,1000.0,-0.5907560832565899,0.5903302965395154,4.062098684225294,-1.181254038752367,-0.2058022244407711,0.8547178917237819,1.4522791584631802,-0.6804093835498453,0.3191124469160211,-2.419446555655276
33.0,77.0,1000.0000610351562,-0.5762359341299419,0.60599535344606,4.03981677527783,-1.1672034595584924,-0.2145378225292837,0.8417256976630627,1.4710642786572397,-0.6654094538909625,0.3535101514264234,-2.352271245690617
33.0,77.0,1000.0,-0.5879396068666933,0.5963469728561854,4.050301341309943,-1.1417127247463283,-0.2160681958002461,0.8685122498810296,1.442218428395524,-0.6714095166921128,0.3595065464191123,-2.383996043969201
33.0,77.0,1000.0000610351562,-0.5859414451911498,0.5906300869042047,4.058743022325725,-1.135845518137116,-0.216668582027145,0.8659550360998853,1.4361871462626468,-0.6672725720312247,0.3569089797623546,-2.4071770826021206
33.0,77.0,1000.0,-0.5817249571056617,0.5811624020582196,4.048702690761051,-1.141289819919958,-0.2247213906973764,0.8742190130874352,1.4450167658566908,-0.6763169421196089,0.3550419577841026,-2.3593955658569383
33.0,77.0,1000.0001220703124,-0.59520493944785,0.606430505406145,4.06684021950052,-1.20030277461374,-0.2095243388072898,0.8327461197707731,1.4980800985751213,-0.6628461239359229,0.325926679135252,-2.4095083154672565
33.0,77.0,1000.0,-0.5702965184660966,0.5802419956040161,4.057443464004461,-1.1592903102951089,-0.2282245234068201,0.8573652947320998,1.4648258792426825,-0.654013612209809,0.3409451625441999,-2.379426740808096
33.0,77.0,1000.0,-0.5899260377116002,0.5962600059074852,4.058115432780047,-1.1515385704665873,-0.2097700064280374,0.855113134815416,1.4413684115527134,-0.6677296361954674,0.359718820622521,-2.3806990576815186
33.0,77.0,1000.0,-0.5928401801520398,0.5965567575373356,4.050853371629554,-1.17359910740384,-0.2081616337086647,0.850519005073405,1.4378941961891654,-0.659447401791228,0.3277116488319649,-2.4264762463270664
33.0,77.0,1000.0,-0.6077371670374081,0.6191319416198207,4.062732654672409,-1.185050025686278,-0.2072506407645873,0.8214333225000683,1.4628772267719317,-0.6725638234552092,0.3274128949002808,-2.4178060406654267
33.0,77.0,1000.0,-0.5637132037255359,0.5788945081296841,4.058360504650189,-1.132563791870397,-0.2224781924076575,0.8835281588706092,1.427155239720456,-0.6789511162600741,0.3616468321775778,-2.3527268483663377
33.0,77.0,999.9999389648438,-0.5760443086184814,0.5822242022670334,4.041306038921892,-1.1653663565542305,-0.2146401688414503,0.8663592808987683,1.4453031528234863,-0.6685044282909143,0.3294874265828227,-2.3824699526797843
33.0,77.0,1000.0,-0.5961662736049673,0.5922183000177501,4.050217307764214,-1.1837837340782975,-0.2089080985558125,0.8500555691721754,1.4663701492926169,-0.6588444008207066,0.3227602461613221,-2.4113197702155285
33.0,77.0,999.9999389648438,-0.5968080947353531,0.6037741150647822,4.067900245905969,-1.169230371871437,-0.2035038952716847,0.844708537399038,1.4466275180267116,-0.6759401536188614,0.3318492723322253,-2.417374698245589
33.0,77.0,1000.0,-0.5870332012161912,0.5823293891934469,4.049414329092929,-1.1565022115372194,-0.2016284424275669,0.8649594004990382,1.4322418366851144,-0.6740851954398064,0.344416439999712,-2.390828299208722
33.0,77.0,999.9994506835938,-0.5921045904392557,0.5960418404351984,4.041278044492971,-1.192227715046512,-0.2030430137543133,0.8466509216282212,1.471198257200271,-0.657023151216654,0.3269989521937813,-2.3975099397099524
33.0,77.0,1000.0,-0.58059115060483,0.5862493394883472,4.051969746504195,-1.1841665525634069,-0.21405037862311,0.8731006494090874,1.480120778800079,-0.6706587810103839,0.3343317526542044,-2.379033427544792
33.0,77.0,1000.0000610351562,-0.5825410755701004,0.6011399148723839,4.066849823518075,-1.15650514958276,-0.2076404062395775,0.8498671097400443,1.4361253008382358,-0.686830290223222,0.3374927446698752,-2.4071419923440853
33.0,77.0,1000.0,-0.5816549954221353,0.5860487872809292,4.045392093411103,-1.155124894542939,-0.210874662916062,0.8753262903644741,1.4497031040745876,-0.6731505815657419,0.3602061940681134,-2.360299022044648
33.0,77.0,999.9998168945312,-0.5876770946517222,0.5956207095344812,4.030952459551429,-1.1500959363531211,-0.2105546153292339,0.8669395218261089,1.4424483886512718,-0.6621049780549555,0.339479214878045,-2.383967380623768
33.0,77.0,999.999755859375,-0.5756233937968656,0.5951974599288432,4.047182793681973,-1.1516994787936206,-0.2139602810122012,0.8697054454867317,1.456553650343125,-0.6759071248239685,0.3486661797862167,-2.367491381894808
33.0,77.0,1000.0000610351562,-0.5916077336228671,0.5855378137856091,4.037963315077505,-1.2076688102310715,-0.2009162983009007,0.8485624922484281,1.4704402210204108,-0.6571868298678645,0.2857260848383411,-2.398643368010537
33.0,77.0,1000.0,-0.5750872578089004,0.5918326404835206,4.043508558538438,-1.1501781625906269,-0.2235919471988339,0.8555156450443064,1.4532517990176803,-0.6619106084034723,0.3448159064293135,-2.371623431775485
33.0,77.0,1000.0001220703124,-0.5701755899193532,0.5978345772130655,4.075985320820948,-1.1276368667913026,-0.2367772718837493,0.8609137900527886,1.444563638358057,-0.6767754308324712,0.3934769728348906,-2.351299554673374
33.0,77.0,1000.0,-0.5797373639155525,0.6037263590964006,4.045370548171402,-1.16674761789048,-0.2247488431483209,0.8385949629845886,1.470969803654424,-0.6575488305808745,0.3412131014029089,-2.3732800327306034
33.0,77.0,1000.0,-0.5773453625116414,0.5860528501448368,4.046502497223511,-1.1521298917668594,-0.2075454550419877,0.8795979664448819,1.4312207237626442,-0.6812015633967627,0.3259311415866737,-2.3994875413715944
33.0,77.0,999.999755859375,-0.6022519132234718,0.6023548655442079,4.0493005369654185,-1.2089704022779486,-0.1975937646379089,0.8296582584050336,1.4570452126794784,-0.658840738634531,0.2980908081638791,-2.4446995581170765
33.0,77.0,1000.0,-0.5721826190930717,0.5884813239049338,4.052033333443166,-1.1482953609802138,-0.2195214906138911,0.8778723132272699,1.4540396934434607,-0.6690859893058887,0.3527469074034286,-2.380071709448744
33.0,77.0,1000.0,-0.5694559540870321,0.5788192426795113,4.040275739310243,-1.1737371492002993,-0.2148502611770828,0.873246599569808,1.463542102584383,-0.6541765947743166,0.3357724427053554,-2.3725010225531933
33.0,77.0,1000.0008544921876,-0.5615631710623878,0.5638844405465733,4.035784191314995,-1.121598495442662,-0.2228043259348364,0.9085009932143472,1.435730448651232,-0.66812719104027,0.3419318542027296,-2.3482342180145506
33.0,77.0,1000.0,-0.59524146179219,0.6087797921508908,4.0574714212006615,-1.2114424721348938,-0.2102057511861979,0.824754809798069,1.5027240152464216,-0.657383324035564,0.3211215680127903,-2.39814365116392
33.0,77.0,1000.0,-0.576679943093791,0.5749397657393214,4.047738000614769,-1.1787747688308094,-0.2106464320464498,0.875523271751895,1.478485765332338,-0.6636005647179131,0.333580956057979,-2.3779078574346624
33.0,77.0,1000.0000610351562,-0.5710362913250249,0.5886431468063922,4.050292026929409,-1.131430509356075,-0.2348852941921224,0.8687403636170341,1.4561557332663844,-0.6742877731034191,0.3692109814961943,-2.340403567547644
33.0,77.0,999.9998779296876,-0.5742110223294192,0.5953851423661485,4.036472232432541,-1.1704959246088436,-0.2129401803215227,0.8577265954569313,1.4660283362312896,-0.6622818893523332,0.319826515378983,-2.3860031809835505
33.0,77.0,1000.0000610351562,-0.5895339879208343,0.6126814852197224,4.053093768120009,-1.1512552178375026,-0.2096062237568992,0.8470150197529245,1.441683939935963,-0.6641835608468751,0.3371189202518208,-2.4098751437212007
33.0,77.0,1000.0,-0.5990586799363182,0.617485881119169,4.0617970739568925,-1.1854250538544795,-0.2045984099271853,0.8317148482706074,1.4457942570655913,-0.6754555568003688,0.325125810681679,-2.433378364096156
33.0,78.0,1000.0,-0.5846394106728354,0.5989249028177,4.037391781986756,-1.1774283523741764,-0.1994043171938928,0.849956449954937,1.4548110103331924,-0.661774017030897,0.3101280155706254,-2.409547525006732
33.0,78.0,1000.0,-0.5756590710076113,0.5678750607599596,4.029146618012405,-1.1346699372111808,-0.2017132114197668,0.903614659908289,1.418711533408671,-0.6810994446058389,0.3449786134688732,-2.3614684152500858
33.0,78.0,1000.0,-0.5661213852201623,0.5773896508017433,4.043414296411012,-1.1576374636074998,-0.2240293961467605,0.8726602854084486,1.4712277555480338,-0.6559670909126352,0.3449597782643803,-2.3531805399872194
33.0,78.0,1000.0,-0.5616469230433117,0.5897758739283097,4.058962250215242,-1.1209909936894658,-0.223433819232329,0.8815007501570005,1.4529106987222695,-0.6742917883204944,0.365935463714786,-2.3502823274422004
33.0,78.0,1000.0,-0.5953092014132979,0.6016666464576481,4.040020202301966,-1.2152278908086085,-0.1861321079482243,0.8398796231550119,1.4645421265527512,-0.6542189604015256,0.2951077206027381,-2.441891134011354
33.0,78.0,1000.0,-0.5942048539563789,0.5890910027828262,4.027264633964215,-1.1720784874030246,-0.2051063505057833,0.8518164431445028,1.439071861517598,-0.6595659761742017,0.3127831504959291,-2.404292219456453
33.0,78.0,1000.0,-0.5871652144990271,0.5942039060200859,4.060516547290998,-1.1650506151594526,-0.21506919432528,0.8652560944778589,1.457647011277099,-0.6830461659201053,0.3456278962567225,-2.3843775781601515
33.0,78.0,999.999755859375,-0.584388674601561,0.5838540713532367,4.05763808521499,-1.1560481766022712,-0.2103035509435411,0.8666800274880053,1.4247281297797834,-0.677146738666738,0.3423007727850073,-2.399352870350951
33.0,78.0,999.998779296875,-0.5797494986065264,0.5937508967928,4.044875016875009,-1.159102417605422,-0.2126303817945443,0.8679749203908136,1.4491741746622928,-0.6697053160936663,0.3438116427449165,-2.378228147773249
33.0,78.0,999.9999389648438,-0.5823321186995187,0.6020709363270518,4.052940861999716,-1.1844370790154768,-0.2085458681725498,0.8426282074981444,1.448954557035579,-0.6731695400390905,0.31362672417103,-2.412610642453668
33.0,78.0,1000.0,-0.5879473512215876,0.5813267863631291,4.040983557478215,-1.1837259445157755,-0.207425090235132,0.8539568555209591,1.4610898425588026,-0.6529781233281904,0.3360270672829992,-2.3832703393489125
33.0,78.0,1000.0,-0.5906088219851222,0.583784304616163,4.050482920913325,-1.1728999106484093,-0.2134850060128661,0.8580058217234985,1.4504616591943922,-0.66570926431198,0.3266820249733246,-2.3940907802720366
33.0,78.0,999.9999389648438,-0.5787723041964901,0.5854038002503188,4.05007541866045,-1.177769238669951,-0.2083617616088133,0.8569774677591466,1.4575165497393918,-0.6577291757841328,0.3256811520305351,-2.3984979819564027
33.0,78.0,999.9999389648438,-0.5868801457439439,0.5996678837507154,4.03497907138949,-1.1772520260559212,-0.2034258324076896,0.8423233507954304,1.452798486554884,-0.659041664320922,0.316917478432849,-2.4015049001235
33.0,78.0,1000.0,-0.5981290474117786,0.6037447219817142,4.01086629074187,-1.2006882769652876,-0.1957904416025027,0.8279708460792108,1.4579921916671692,-0.6434529231833137,0.2997230512097442,-2.4241782585067053
33.0,78.0,1000.0,-0.5859917674761386,0.5757147665010676,4.035031356420198,-1.1597258525165337,-0.205896341029562,0.8714487458282258,1.4324492536002484,-0.6570907333120903,0.3336890871659843,-2.3942682108402265
33.0,78.0,1000.0,-0.5784918977984814,0.584749894050141,4.040493053571472,-1.1340678717002255,-0.2143653845731998,0.8782516320183786,1.427069314061468,-0.6698881959285865,0.342821503310776,-2.387888474508044
33.0,78.0,1000.0,-0.5812295751276917,0.5917851366037041,4.024090670137385,-1.1569872782181363,-0.2106612580095284,0.8590206700364353,1.4345016054406765,-0.6622287438634906,0.3198023117861304,-2.3946538429942894
33.0,78.0,999.9999389648438,-0.5964290771745366,0.5973890117430614,4.043938553348806,-1.17502402502446,-0.2075600031563258,0.8570016855816824,1.4634615251873972,-0.6636956510086254,0.3260134731505006,-2.4006560154179875
33.0,78.0,999.999267578125,-0.5832027755983198,0.597021980176561,4.060812160236464,-1.1771609933425338,-0.2109364009157204,0.8575905643770545,1.465132274198627,-0.6710942999315224,0.3382418674242462,-2.397115345714321
33.0,78.0,1000.0,-0.5804962247963941,0.5930944400438021,4.058679051169539,-1.1785800822100567,-0.2082318466058188,0.8525993874961166,1.4728734691910006,-0.6690860171661663,0.3507066890631014,-2.375568198866666
33.0,78.0,1000.0001831054688,-0.5905129052988274,0.6000202891553021,4.065172894499785,-1.1718866253544251,-0.2047168839506694,0.8369175819098089,1.4631585266611058,-0.6613985276256367,0.3380675350357185,-2.4092314106364707
33.0,78.0,1000.0,-0.5939527114057084,0.58751697137967,4.043168322063163,-1.1750476283500366,-0.1983732111617717,0.8635394467318234,1.4266349054507952,-0.6646462028871278,0.3151825709959164,-2.422774550148836
33.0,78.0,999.9998779296876,-0.5840017104564463,0.5830500023037573,4.047025500055835,-1.156820273308039,-0.2105691652367527,0.8721326035286232,1.438883398339151,-0.6637729898579421,0.3338379919486831,-2.3893520936762287
33.0,78.0,999.999755859375,-0.5863329125554753,0.5821921223906932,4.043292269334826,-1.1766085798409858,-0.2070339539032764,0.8584924430910839,1.4526109779744445,-0.6582548554831726,0.3320814473581501,-2.397210323566856
33.0,78.0,1000.0,-0.591941657330926,0.5914105130230336,4.04545244891394,-1.1663109931360656,-0.1996253355449937,0.8672584587827847,1.4320623784359734,-0.6773008537700473,0.3179770079041422,-2.4250380906548665
33.0,78.0,1000.0,-0.5735168699809883,0.593916809973364,4.049050978568619,-1.1531692404592202,-0.2159232523111622,0.8687993016461162,1.445095108201779,-0.6794315779992353,0.3269339361907653,-2.389759412118782
33.0,78.0,1000.0,-0.6016944378290132,0.5864489258609762,4.040286638834672,-1.199873089589011,-0.1977157974167989,0.8587444380184905,1.455660120530858,-0.6601812800764852,0.3035225456306545,-2.421239254712196
33.0,78.0,1000.0,-0.593987633431615,0.5874821878437011,4.064922194173896,-1.1653556964647134,-0.2123789838623375,0.8593104401286329,1.438846489858154,-0.6711028932165428,0.3381742882935423,-2.411044042456927
33.0,78.0,999.9995727539062,-0.5767826833822163,0.5922549309782372,4.041259921008571,-1.162250492018306,-0.2137081799421167,0.8622293400844203,1.4557044573036482,-0.6600241377032292,0.3325925293278651,-2.3895213331045584
33.0,78.0,999.9987182617188,-0.5819899493392082,0.595898225296728,4.044914560495961,-1.1666832450877198,-0.2130433393354689,0.855159821279968,1.4496287930983884,-0.667811393777229,0.3335823020973976,-2.387626946871728
33.0,78.0,1000.0,-0.5889112572883057,0.5905059901397731,4.049957487946447,-1.1854369427408065,-0.2131315740889476,0.847855283224261,1.4772491028126495,-0.6600209230436622,0.3313210438511929,-2.389591492518745
33.0,78.0,999.9998779296876,-0.5858065100528869,0.5864327241231742,4.048261536802247,-1.1580911056332734,-0.2141302917976357,0.8609757473788981,1.4407579244405089,-0.6617587442047022,0.3462403711485873,-2.3790616167560046
33.0,78.0,999.9996948242188,-0.5930353391617054,0.6041265308043728,4.052892980731421,-1.1879020516804029,-0.2009184954478859,0.8443695038844146,1.453923939816475,-0.674530857538068,0.3102147413539677,-2.4187541310625047
33.0,78.0,1000.0,-0.5856209735284601,0.5697262943466077,4.051844275380192,-1.162879031167388,-0.2107315293982239,0.8782127994472564,1.4476415341336004,-0.666625867715755,0.3511778502642642,-2.381430359186771
33.0,78.0,999.9998168945312,-0.5806939078377944,0.580496649348464,4.055875223863779,-1.1772868093402011,-0.2096348766815081,0.8685238251849068,1.4576281405700753,-0.6715614958439584,0.3281751479447941,-2.3846820434063942
33.0,78.0,999.99951171875,-0.5891356353579207,0.5951103854145696,4.05046909298907,-1.1784682782090812,-0.211714179926469,0.8450275959018558,1.4616963578447209,-0.6646679553063715,0.3238748351050837,-2.3952025833119324
33.0,78.0,1000.0,-0.5843268815753548,0.6003831713243848,4.05561398952568,-1.1581849986511994,-0.2176598652299164,0.8453980266558494,1.4591572257800465,-0.6675629882135778,0.3560385712704903,-2.3904762223476235
33.0,78.0,1000.0,-0.59529000726,0.5985465387338014,4.042105051482739,-1.1870146976388538,-0.2107683430739131,0.8423224900233635,1.4651184403187862,-0.6585650187020882,0.3268906027820772,-2.396205766561592
33.0,78.0,1000.0,-0.5886848923359835,0.6094733580103888,4.048375246038841,-1.1634777601328905,-0.2124854557999569,0.8453947993797728,1.453572633829296,-0.6578678739108526,0.3273090494603146,-2.417882851675763
33.0,78.0,1000.0,-0.5889496092865283,0.5769035531424151,4.032245897699779,-1.1784200808323853,-0.2075235668035597,0.8699053904250107,1.4535102827356496,-0.6546594161396726,0.3090956326330429,-2.4020051085926006
33.0,78.0,1000.0004272460938,-0.5860832843471036,0.5742872792992602,4.043863881072639,-1.1850424538390318,-0.1988685703803687,0.8857201827416814,1.4468203793647936,-0.6728011094954036,0.3276283828186423,-2.377276948378785
33.0,78.0,1000.0,-0.5972674502977213,0.5968332408475536,4.051057305424514,-1.2143984488642108,-0.1990520965162794,0.8447317808679582,1.4893097965906676,-0.656562049670927,0.3122950078584185,-2.406034481261104
33.0,78.0,999.9999389648438,-0.5870922290481051,0.5933431913172598,4.038589467306586,-1.1549590081304668,-0.2172404679338866,0.8619308660239478,1.4437561668662182,-0.6589256240156764,0.336002054089926,-2.3866021127477284
33.0,78.0,999.9999389648438,-0.5924793881212151,0.6020362844870819,4.040417714324335,-1.1829104399618997,-0.198763673909867,0.8419574286074463,1.4457683278732372,-0.6662400971819924,0.2978370204683127,-2.433820089799284
33.0,78.0,1000.0,-0.6018019074079426,0.6083544899773425,4.040214427478656,-1.1737637091708677,-0.2102779499130829,0.834063801942162,1.4496214893670691,-0.6575953867445792,0.3249241970221543,-2.406135434090133
33.0,78.0,999.999755859375,-0.5835663440994834,0.5947684748901452,4.053959929494239,-1.1875404617443055,-0.2142658449863441,0.8483613708152395,1.4627885191350884,-0.6628749954751196,0.3296110051045371,-2.398814453792376
33.0,78.0,1000.0,-0.5838844967365429,0.5788669768789401,4.027659951137389,-1.1816340318440282,-0.2055483955373045,0.8628606803909236,1.4459347189902785,-0.6602811688233876,0.3226588039744138,-2.37589053191439
33.0,78.0,1000.0,-0.5774248770343791,0.5951903696016716,4.05380589348426,-1.1673459138940867,-0.220834965937005,0.8491505173183889,1.4451984763633483,-0.675630523965177,0.3332256278470638,-2.38729498570174
33.0,78.0,999.9995727539062,-0.5889244710161137,0.5915295548535138,4.05624509656711,-1.1780457453832738,-0.207686916781558,0.8473690820524018,1.4565014271703929,-0.6660286135982005,0.3305274163345384,-2.3957492977669164
33.0,79.0,999.999755859375,-0.5745285468641974,0.5881166420639738,4.050369448865075,-1.1753455966353554,-0.2115011326694293,0.872955147873034,1.4781167351561395,-0.6587821952133748,0.3324897221659952,-2.379764201611396
33.0,79.0,1000.0001220703124,-0.5665292284797108,0.5914410995281552,4.05522769086598,-1.1631252078508876,-0.2107684498952826,0.8763908023735967,1.4636214564051375,-0.6809174037678654,0.3317815337163967,-2.3763571529314054
33.0,79.0,999.9995727539062,-0.5850426074384076,0.589817776988343,4.044563732651561,-1.1824120839294965,-0.2021369222578641,0.8521335157569245,1.4388344053938231,-0.6623197940203882,0.3147813261191166,-2.4174457236532705
33.0,79.0,999.9999389648438,-0.5823016088646691,0.6013177578718052,4.036385926652345,-1.1584733586535243,-0.2135097312276812,0.8543434213818513,1.4485080178846133,-0.6637819414675148,0.3204924814930834,-2.39377656688876
33.0,79.0,999.9998779296876,-0.5806414884394133,0.5962115622784712,4.035658305512769,-1.182844744962794,-0.2101339813101503,0.846314709178337,1.4662726762125464,-0.6550441246391365,0.3202549159206089,-2.3850344794445206
33.0,79.0,999.99951171875,-0.5732049459888682,0.583586333211155,4.049425729914432,-1.1492707184316031,-0.2180212243365167,0.87663817718032,1.4495486997511629,-0.6696228348145219,0.3567147994988353,-2.3582569823640744
33.0,79.0,1000.0,-0.5892055619843548,0.5936149314161945,4.056220751099691,-1.1858682284588653,-0.2094691181914001,0.8447910707361972,1.4607759935040123,-0.6528080266482714,0.345732644537895,-2.3937056821293994
33.0,79.0,999.9998779296876,-0.5831799422178081,0.5986073021898486,4.041588401738853,-1.1747088359987332,-0.2069896261680117,0.8511506762842487,1.454984172405994,-0.6597094732706701,0.3261411832604128,-2.3906105816430667
33.0,79.0,1000.0,-0.5756608019691871,0.5915040463066639,4.051045993462772,-1.1691873917676243,-0.2087471654214274,0.8566077709208972,1.4415547231826429,-0.668319306022215,0.3230092987149344,-2.401050612564036
33.0,79.0,999.9995727539062,-0.5780061917138983,0.5972922892667327,4.050989679938425,-1.1644853669703306,-0.2168548545265149,0.8549580719219039,1.4550569621789142,-0.669668031651165,0.329501774983429,-2.394236672053714
33.0,79.0,999.9987182617188,-0.5890355845793414,0.5907620147859127,4.055561222774927,-1.1745952015380885,-0.2032923756973934,0.8638655336693386,1.4480362091908638,-0.674916435843695,0.336813416426339,-2.3978074018018507
33.0,79.0,1000.0,-0.5787375566246382,0.5696487405425312,4.058787711483669,-1.1520066205636557,-0.2121183776938133,0.8891132897999796,1.4381870407594608,-0.6700850598703765,0.3358548180890484,-2.387882433430179
33.0,79.0,1000.0,-0.5713794198847681,0.5822318200536856,4.046566759565991,-1.1564845842146214,-0.2159384720816772,0.8652631341388854,1.434246944554312,-0.6731719364829534,0.3374074956445207,-2.381528280825083
33.0,79.0,999.9995727539062,-0.5818216441620336,0.5938818604429885,4.047706238936712,-1.168674273727908,-0.2154052439561447,0.8634057322507172,1.4669894094455769,-0.6678518141945666,0.3389918732060089,-2.3840273661175644
33.0,79.0,999.9999389648438,-0.5789919070700886,0.5953196401932379,4.051042246896081,-1.153669221402449,-0.2209114444175277,0.8556581059369357,1.445427802787341,-0.6710939876294395,0.3407951557036472,-2.384082305584056
33.0,79.0,999.9983520507812,-0.5905059041854717,0.6046169656793268,4.04825497628301,-1.1832186587891047,-0.2047860176713536,0.8416221324957682,1.4601522447985626,-0.6675416359534356,0.3227408181357036,-2.4017006828913843
33.0,79.0,999.99951171875,-0.5819145659487086,0.57514912142,4.054202717209707,-1.1774841158147882,-0.2037127501604239,0.8731515687634577,1.4492313970765751,-0.6681907092122117,0.3298478615092657,-2.3945818634199902
33.0,79.0,999.9998168945312,-0.5773843663889231,0.6037383898792452,4.054590840527217,-1.1698578340828716,-0.2133254251546743,0.8476795186274906,1.4578749926668095,-0.6594145662845046,0.3401662663665465,-2.389984456997916
33.0,79.0,999.9994506835938,-0.5874384186932051,0.6019089384716274,4.062433603233721,-1.174178303324224,-0.212884829537538,0.8457608266886378,1.4559634002590425,-0.6687361802663379,0.3413237809519955,-2.4044086157326108
33.0,79.0,999.9999389648438,-0.5941261381265592,0.594467509268437,4.055436938797122,-1.188296383182164,-0.2039019460551037,0.8528348474305343,1.4509611392007289,-0.6778055967295975,0.3302827760847213,-2.4033005539704977
33.0,79.0,1000.0,-0.5871661352789044,0.5786429561447832,4.051177141980997,-1.1916098262396293,-0.2057678986669655,0.8671522418646873,1.4745025873432382,-0.6551483186709159,0.3219577935112969,-2.39123069893136
33.0,79.0,999.9999389648438,-0.5940506805081442,0.6007385451838845,4.044342509181842,-1.1710939469139108,-0.2062334378325472,0.8486087636730479,1.451930697665654,-0.6679466142300416,0.3330951928961703,-2.390012515750878
33.0,79.0,999.99951171875,-0.5863263150264224,0.5956762119099634,4.047026140521339,-1.1921141489114755,-0.2103573604410709,0.8407566786750813,1.464430519818568,-0.657254801488282,0.3203229693523779,-2.403765962744518
33.0,79.0,1000.0,-0.5840434421285812,0.5933912828060128,4.048014773738039,-1.1515553532122431,-0.2170300325292657,0.85323675542449,1.4457280188650294,-0.6634834302054626,0.3441607332867544,-2.401933930762369
33.0,79.0,1000.0,-0.5747495424264288,0.5943681769660945,4.053898570449151,-1.1811250086889258,-0.2150011052234361,0.8557254125924132,1.467854860871988,-0.6679550105543024,0.320331538749306,-2.395708923218884
33.0,79.0,1000.0,-0.5909990828536813,0.5965035051921399,4.048011710054755,-1.169307171976381,-0.2089881573157885,0.8425582915659451,1.4480158768322635,-0.6554285447987356,0.3368424314714016,-2.406516491676234
33.0,79.0,1000.0,-0.5709841636563677,0.5721335474720544,4.060990227111351,-1.157717147787542,-0.2110793864672961,0.8893869315413205,1.4531004954156366,-0.6792277323043301,0.3512931856898884,-2.3656487919779594
33.0,79.0,999.9994506835938,-0.5948195975635509,0.5976287889399865,4.056643786088953,-1.1921553333473724,-0.2061073860582745,0.8427314681800047,1.4584452892968862,-0.6635434277933205,0.3170868081090265,-2.415396266662486
33.0,79.0,1000.0,-0.5901926819776229,0.5731070759786316,4.052495834968655,-1.157994338919011,-0.2118086334398237,0.8843887985523882,1.4504621657636827,-0.6715005544438055,0.3442500531129475,-2.3879566828135834
33.0,79.0,1000.0,-0.5749748669296411,0.578269593240047,4.049594403499583,-1.1912067356944882,-0.2118002093913418,0.8665775214247837,1.4745438114875302,-0.6634624428184548,0.317421467135162,-2.381938810221877
33.0,79.0,999.9998779296876,-0.5787758713476538,0.5853562696126868,4.061830612907775,-1.1743736591343628,-0.2104252164191287,0.84923693714458,1.4500737929576657,-0.6688065768237408,0.3426963442780728,-2.390424173959492
33.0,79.0,999.9998779296876,-0.5802924685780111,0.5876584918032348,4.051189689750903,-1.160162914189669,-0.216435931669702,0.8763475105526481,1.4635228376154554,-0.6751208921781977,0.3427545359093473,-2.365618756682873
33.0,79.0,1000.0,-0.5913998106512066,0.5983716260386931,4.066089665305386,-1.1630766115409612,-0.2145090631277781,0.8410459494193603,1.4480861209907827,-0.6714186020002577,0.3487565857086032,-2.3926328738054385
33.0,79.0,1000.0,-0.5720432909406892,0.5924906476117462,4.0455639018874905,-1.1742712844230034,-0.2132082586531734,0.8531474939596944,1.4699368912370918,-0.6611431313717411,0.3317922760867375,-2.377430955168507
33.0,79.0,999.999755859375,-0.5913873045985909,0.5963713564969773,4.045231842385773,-1.1772175613662,-0.2083109105186702,0.858287781900609,1.4626131236881506,-0.6649954043950563,0.3247930751167978,-2.394769064288435
33.0,79.0,1000.0,-0.5929012803722289,0.6077259802183725,4.057015748285934,-1.1613543195823146,-0.2067055026626345,0.8363181541572171,1.4356890087216332,-0.6754719061018797,0.3395651040351266,-2.399065559035156
33.0,79.0,1000.0,-0.5745475049579554,0.5850878691920327,4.052388246603062,-1.1704887476893266,-0.2196416414392636,0.8652962490865352,1.4676636002082697,-0.6645330780536582,0.3502592789179743,-2.3706727154883223
33.0,79.0,999.9999389648438,-0.5941148104044016,0.5975463698286019,4.040991617711121,-1.1782617876482335,-0.2028252784153137,0.8444690190466462,1.4433495185166203,-0.664521822969264,0.3203381560822915,-2.4091946936283386
33.0,79.0,999.9998779296876,-0.5815609441416028,0.5807384787557126,4.068873711383507,-1.1763308945456137,-0.2119658625372853,0.8642445211474801,1.45253329941876,-0.6717077020636273,0.3395624604389313,-2.398052133956245
33.0,79.0,999.9998779296876,-0.585794735835198,0.5797132204983804,4.045163404569475,-1.1920924817869376,-0.1968573254230827,0.8567411139601697,1.4366227392494535,-0.6654746628920165,0.3163614114875059,-2.4044666249448743
33.0,79.0,999.999267578125,-0.5841883835660564,0.5911160190878775,4.062099250296528,-1.1661957923863433,-0.2066104169155211,0.8674276227287949,1.4452689732671322,-0.6778499409493479,0.3392086735455377,-2.3978924457727047
33.0,79.0,999.9999389648438,-0.585097563965439,0.5993338843691829,4.049826890793721,-1.1737228955991026,-0.2171114092153345,0.8577286032795399,1.4791096967053043,-0.6693441655884316,0.3408238014225437,-2.368851445137178
33.0,79.0,1000.0,-0.5838940194803097,0.6019126489031041,4.06166738706705,-1.1581202540734474,-0.2176794827068713,0.8468821747625039,1.4591284446263142,-0.6652683742420313,0.3550204620686923,-2.3807043196623927
33.0,79.0,1000.0,-0.5759039621386473,0.6066167827907609,4.039004319289864,-1.1349270665748006,-0.2216984953262075,0.8599512360347559,1.443686881399718,-0.6696042996139715,0.3466156284902997,-2.362897983076873
33.0,79.0,999.9999389648438,-0.5871763859640469,0.5891633441917863,4.056981028533725,-1.187044940821511,-0.2064511078661768,0.8549921136794802,1.4633573334661287,-0.6689091836102188,0.3242448749977384,-2.389406260162781
33.0,79.0,999.9999389648438,-0.5830841026271534,0.5865446084333348,4.060609880018935,-1.154273294723389,-0.2113596524174559,0.8649046969570655,1.437654102361952,-0.6668168640155256,0.3541244438655759,-2.3798315809578945
33.0,79.0,999.9998168945312,-0.5768472387317605,0.5929691961272665,4.059035352736332,-1.1671389469453928,-0.2132182423014423,0.8591490546606062,1.4492197600795622,-0.6731749950202719,0.3324057691119719,-2.396255074180893
33.0,79.0,999.9985961914062,-0.589566411540404,0.5965519198821179,4.046796804372786,-1.1961834471372637,-0.2050828835441196,0.8381673457118799,1.4613339267451249,-0.6575339815680188,0.3137950772049924,-2.413812574078234
33.0,79.0,999.9993896484376,-0.5881151185247182,0.5911132253060654,4.041003879987583,-1.1601623961155545,-0.2088546571583815,0.8594256138492185,1.4362669454200674,-0.6688386509885067,0.3307906928808322,-2.398121555507555
33.0,79.0,999.9984130859376,-0.5937407826968597,0.5987335959680937,4.044373093004275,-1.1821388650836,-0.2048920631190318,0.841557812239996,1.449466078746986,-0.6635438088290035,0.3157506618538619,-2.416076280780988
33.0,80.0,1000.0,-0.5848994736823983,0.5758829283732556,4.056662100773723,-1.167302354344475,-0.1999446539057681,0.8767681020895424,1.4402699873801383,-0.6715752014926073,0.3325467826060819,-2.4069945931655807
33.0,80.0,999.9991455078124,-0.584978773987765,0.5880025176512245,4.046444171987858,-1.1935709358612685,-0.2046127352766955,0.8559530636070818,1.4642930525189437,-0.6650784998727808,0.3234613179823444,-2.3987928082446084
33.0,80.0,999.9996948242188,-0.5962080126401439,0.6025314409613758,4.059841319981494,-1.213547871922489,-0.1977149745420812,0.8253180066600319,1.458649309053338,-0.6632098063936169,0.3088468300063614,-2.4345587731970224
33.0,80.0,999.9999389648438,-0.578990623495768,0.5873116228745161,4.045357424040436,-1.170118590369356,-0.2117171647876521,0.8773464945644527,1.461781754100012,-0.6725937645562432,0.3310405486211056,-2.37564845865164
33.0,80.0,999.9992065429688,-0.5956049089226774,0.6004623660372328,4.038078437308414,-1.201140047842487,-0.1999947697229309,0.8365565407103688,1.45898020248422,-0.657752322911759,0.3109093958123132,-2.416815606571284
33.0,80.0,999.9985961914062,-0.5895016783803468,0.5958451312924318,4.056656197412373,-1.1758207837614227,-0.2104197926222344,0.8508964013472173,1.4569647971360569,-0.6674387491391718,0.3349690816128134,-2.401989878223956
33.0,80.0,999.9998779296876,-0.585546710196204,0.602023328120433,4.049239474919906,-1.178745947935596,-0.2065929655295031,0.8565862966360918,1.473510902266014,-0.6726506355343123,0.3403256823946687,-2.377265300263331
33.0,80.0,999.9999389648438,-0.5897237826783215,0.589823174526213,4.0515840509007095,-1.1707696860618384,-0.2069098119251009,0.8579264623347438,1.4546869600306491,-0.6737867905100607,0.3431262555035754,-2.392023858375556
33.0,80.0,1000.0,-0.5926982679183901,0.589511491061046,4.040090779788327,-1.2024938555861917,-0.1970766177951324,0.8526343589681336,1.4512400997649353,-0.6652098242910487,0.2985910593731606,-2.4206231862169725
33.0,80.0,999.998779296875,-0.5814626087437418,0.5808699438301552,4.050513540673506,-1.164788671930325,-0.2102208117945929,0.8759443218234058,1.4511161474813594,-0.6717728681489552,0.3463698400287143,-2.378457944721623
33.0,80.0,999.9998779296876,-0.5711616217612745,0.5799237031853135,4.0455164710276375,-1.1436572021038756,-0.2147416587578563,0.8776439741392386,1.4379964997161796,-0.6677455796681198,0.3552441560654875,-2.362850789281452
33.0,80.0,999.99951171875,-0.5864217754892866,0.5973004204036716,4.043221947630014,-1.1793634932944554,-0.2089017979355683,0.8523222253862404,1.4617676764890248,-0.6584807119327243,0.3238309718428747,-2.403707890653477
33.0,80.0,999.9993286132812,-0.5841521560076952,0.5813270825419625,4.055760313691168,-1.178768426319337,-0.211214806828857,0.8647649181523107,1.456103225577018,-0.6647348143450618,0.3376805453553269,-2.3963716484479027
33.0,80.0,999.9996948242188,-0.5957913175790299,0.5972574725281774,4.041716774700085,-1.185582725855987,-0.1970679123660765,0.8428126814068353,1.445624916098459,-0.6668508866871816,0.3194537625477665,-2.417482285728779
33.0,80.0,999.9969482421876,-0.5864809737940044,0.5974508303456627,4.042891728744955,-1.1785686464026828,-0.2053923735909393,0.8503705648928319,1.4559842979509057,-0.66322847657365,0.3227274877413375,-2.4005222774059423
33.0,80.0,999.9995727539062,-0.5998039827179653,0.6005937692244592,4.053998496930824,-1.2075888637098942,-0.1968420160875341,0.8318891873321377,1.456632660202125,-0.6626863601663135,0.3086462288980378,-2.4269206617492927
33.0,80.0,999.9993286132812,-0.5920290784181068,0.5958494151845697,4.051894955446315,-1.18137226581913,-0.203851417487642,0.8494901775731716,1.4427919537523168,-0.6688977286497675,0.3248617138573131,-2.4081417949616686
33.0,80.0,999.9978637695312,-0.5859960514386113,0.5915653932868601,4.046987954342761,-1.1740859415485685,-0.20650023968793,0.8544356872173875,1.449279334541527,-0.6641679473592257,0.3304733676240605,-2.3952428946498983
33.0,80.0,999.9998779296876,-0.5940591346685675,0.6089585317012105,4.052573290697087,-1.1797779391292798,-0.2073603091323921,0.839091061066485,1.449046631468045,-0.6706217223040705,0.3276106171600323,-2.4055908944089746
33.0,80.0,999.9996948242188,-0.577971644891746,0.5857697697694109,4.042889218096367,-1.1647254181942217,-0.2113246199308225,0.8772540009867846,1.463140684583772,-0.6665384881013434,0.3342415477426419,-2.3827171954095627
33.0,80.0,999.9996337890624,-0.5823528480448674,0.5784737593978848,4.039731783461196,-1.169024776461935,-0.2071194847528055,0.8726649473183805,1.4462000971047138,-0.6676490076693451,0.3312778374967804,-2.379332836723335
33.0,80.0,999.9998779296876,-0.5806605329399526,0.6069966463642142,4.036285489662943,-1.1701943798004972,-0.2099739451773334,0.847464723806457,1.4555392534150098,-0.668557318220504,0.3309676230978944,-2.378750796027642
33.0,80.0,999.9993896484376,-0.5829317515296619,0.5945546346963404,4.05057213052417,-1.1596354844961103,-0.2120285055133575,0.8605641511867361,1.4432317503702323,-0.663513719632908,0.3430412879856366,-2.389314515478474
33.0,80.0,999.9995727539062,-0.5931587525035722,0.6041080807742736,4.036015329955694,-1.1844619937748062,-0.2025978371508676,0.8448404713255826,1.460228387965632,-0.6601617191856741,0.307728011610302,-2.4195731862543863
33.0,80.0,999.9999389648438,-0.5810732632429669,0.5996317457666747,4.072008336363721,-1.183956940755675,-0.2087933808994826,0.853182565857475,1.469995932858133,-0.6771172379727339,0.3409272708578168,-2.3958513657351563
33.0,80.0,1000.0,-0.5881027743131684,0.5918968796773747,4.062957129333487,-1.1991421594677956,-0.2013770626023738,0.8524688428866387,1.464230863726624,-0.6675603423478851,0.314267785262631,-2.417546480176544
33.0,80.0,999.9999389648438,-0.5841618114917395,0.572100993575873,4.046567371075579,-1.180938899463404,-0.2078961783427066,0.8804759304953178,1.467023359344796,-0.665177070539019,0.3296812935415447,-2.3904330686723445
33.0,80.0,999.9982299804688,-0.5837895632159924,0.5957810720848222,4.044795400812067,-1.1596371648410568,-0.2078738734199268,0.8661624279143911,1.4390192754570128,-0.6704112986714064,0.3309711493946494,-2.397019249782657
33.0,80.0,1000.0,-0.5837296150506264,0.6005688663740436,4.04834373520594,-1.1683162115646626,-0.2091906041057258,0.8453947818885785,1.4474413929762289,-0.6589086631806742,0.3233373337967808,-2.40436895365318
33.0,80.0,999.9986572265624,-0.5928509310539942,0.6018803099877026,4.044181532219774,-1.1910878541563896,-0.2025733001006839,0.8401606789831515,1.4599926001004428,-0.6621565821034556,0.3155768031305515,-2.4111327390318222
33.0,80.0,999.9996948242188,-0.5902570052244531,0.5885840644793667,4.047220614857347,-1.176386505063291,-0.2043553975345426,0.8608234943374624,1.4514032843204123,-0.6623488313787105,0.3268588865506832,-2.4016548997577885
33.0,80.0,999.9999389648438,-0.5998407594673507,0.5962501808998883,4.05727504232782,-1.1947159783639458,-0.20104149041184,0.8436576495561523,1.4586754812147804,-0.6661904143669473,0.3290726065505804,-2.4039067235349467
33.0,80.0,999.9990844726562,-0.5940822082029786,0.5954025628199267,4.044534313133269,-1.1817862226066094,-0.2000020020006294,0.8576586401623532,1.4560921360493309,-0.6694722800077111,0.3220936920798714,-2.4027435209835115
33.0,80.0,999.9994506835938,-0.5871681907947597,0.5893007577824774,4.048966122762119,-1.1831019142036745,-0.205771817497804,0.865312200848674,1.4664145591299205,-0.6639266083990973,0.3267757264174795,-2.3957720503118294
33.0,80.0,999.9999389648438,-0.5739277928124853,0.5808371414678195,4.046677100610758,-1.137825022828998,-0.2240528118381792,0.8800181254032866,1.4462928024952897,-0.6677046950763641,0.3511456332987075,-2.3668549416757605
33.0,80.0,999.9994506835938,-0.5921752747385609,0.6027578436204264,4.037880534303694,-1.173631063196971,-0.2050567754919834,0.8491544135487317,1.4451342389177206,-0.6650083955318591,0.3170321066487345,-2.416203894613052
33.0,80.0,999.9996948242188,-0.5910075339327072,0.6036286896351228,4.046560595351501,-1.1939400244979193,-0.202914990741208,0.8296085710288468,1.4675490484564264,-0.6590054158220662,0.324730500458279,-2.4002132282217765
33.0,80.0,999.99951171875,-0.5828250875989118,0.5933502849322458,4.058040204106362,-1.1760145436292668,-0.2076447835953265,0.8599572233307828,1.4638631386685077,-0.6758866999489683,0.340276103705178,-2.3836711686720093
33.0,80.0,999.9998779296876,-0.5968662284415904,0.6012038346394153,4.051572392579178,-1.1780115166647809,-0.206639940049091,0.8397249991992304,1.448613026333473,-0.6656837331509617,0.3212854394943196,-2.418438119749822
33.0,80.0,999.9998779296876,-0.5834226235628819,0.5868940629558121,4.051312010586919,-1.1810995753760285,-0.216117143832216,0.8531777586761873,1.4594084011887674,-0.6599885119005817,0.3321367530513317,-2.3886557162653976
33.0,80.0,999.9998779296876,-0.5847647788354307,0.5870919149537173,4.04389058763744,-1.1805020224656628,-0.1979952750023272,0.8545766576928919,1.4381072760599984,-0.6665969933468059,0.3136565922815144,-2.413472965318974
33.0,80.0,999.99951171875,-0.5898889520055928,0.5959540451339693,4.064087546897225,-1.1837446221598968,-0.2058766379710661,0.8503885050378726,1.4551424608412429,-0.66955009208713,0.3348999957973415,-2.406982009305477
33.0,80.0,999.9999389648438,-0.5902350421920781,0.5908825206991022,4.042374156877553,-1.186520728706813,-0.2095064567747169,0.8511139599688171,1.4611971359661649,-0.6588871134270535,0.3238498812463124,-2.3894338316501624
33.0,80.0,999.9998168945312,-0.5888969081252933,0.6022903493956857,4.042046450055207,-1.1779401719331624,-0.2119825336685741,0.8540596635273854,1.4671473018426964,-0.6634242241570094,0.3285284135228252,-2.3881086418587048
33.0,80.0,999.9993896484376,-0.5776585350932004,0.5899389740763397,4.062654492105018,-1.16441675344434,-0.2124422732514697,0.8668602463985646,1.4536898179758149,-0.6784170609872593,0.3432139303780328,-2.391137893406752
33.0,80.0,1000.0,-0.595792920690875,0.5983777738278837,4.039423345878575,-1.18605609341005,-0.2000150065539276,0.8562303809672773,1.463895572617072,-0.6602862583861189,0.3077206649719697,-2.4145447913963
33.0,80.0,1000.0,-0.5903123942629565,0.5951707767967696,4.032092514351454,-1.1755947443291044,-0.1972358142969952,0.8550916461304068,1.4371794666806403,-0.6610962124148863,0.313580797669486,-2.414447766563726
33.0,80.0,1000.0,-0.6016370485664728,0.6089085122531968,4.041089683195219,-1.1910625051698245,-0.2008621799702563,0.8371206621334748,1.4633224981766455,-0.6606781122609426,0.3160914279762998,-2.4167175226323163
33.0,80.0,999.9998779296876,-0.584134980442462,0.5960721262897444,4.054771647712506,-1.1880678386282426,-0.2035029093437739,0.8522742138057122,1.451446068544123,-0.6716849720419056,0.3101771068056873,-2.413808652312319
33.0,80.0,999.9995727539062,-0.5879946004496244,0.6066275630873825,4.05582408487615,-1.1763849640797457,-0.2092811654419861,0.8348224042354566,1.453403871264216,-0.6632456357436931,0.326723219435765,-2.418820285625556
33.0,81.0,999.999267578125,-0.5850670973110219,0.5980547417539661,4.058303554795007,-1.172591916077581,-0.209622520149928,0.8594417339551628,1.4575043542244703,-0.6725748938182097,0.3409973931515511,-2.388245308368278
33.0,81.0,999.9995727539062,-0.5852157173183405,0.5914642575819853,4.04747059491431,-1.1500236604385954,-0.2171223916418174,0.8747343827088194,1.4490471275995285,-0.6724000189049271,0.3510223155999217,-2.373060356443608
33.0,81.0,999.9998779296876,-0.587930485622854,0.5895099653901648,4.038190912082424,-1.1654693556761258,-0.2096798830422503,0.8618014746588649,1.44258671793986,-0.6626445604155462,0.332400617899995,-2.3965392604192326
33.0,81.0,999.9989013671876,-0.5832389293272389,0.5918091877882734,4.056628698792922,-1.16639063753033,-0.2096434193691179,0.865571887307456,1.460341159282529,-0.6684892615879505,0.3470113017976075,-2.386065663075809
33.0,81.0,999.9998168945312,-0.5853696688942538,0.6029141298904941,4.053756697681269,-1.1513476784348071,-0.2149169555169017,0.8587204733848308,1.4484176402557924,-0.6691330749578412,0.3479190414947863,-2.39355546202416
33.0,81.0,999.9990844726562,-0.582803400542538,0.5874196185317366,4.050083130591391,-1.175414194025799,-0.2105374642971931,0.8665808586680477,1.4552518003257466,-0.6672916993606695,0.3385411890958254,-2.381207630971587
33.0,81.0,999.9991455078124,-0.5853752361475504,0.5975114954256107,4.05362545215054,-1.1821463196343474,-0.2068882475602516,0.8510923001692294,1.46030998435484,-0.6671683046571699,0.3311236572094191,-2.404246677555377
33.0,81.0,999.9995727539062,-0.591243757120071,0.6019463965668583,4.052846169870612,-1.184341197772167,-0.2070773971867714,0.8428189177098506,1.463641557817709,-0.66950932277713,0.3184913435023464,-2.4098993147919168
33.0,81.0,999.99951171875,-0.5971357307689011,0.6014375851256304,4.044866250042954,-1.1939646412581943,-0.2032485025995161,0.83898268938289,1.4656761757639591,-0.660155327369008,0.3128441202623468,-2.412064551839225
33.0,81.0,999.999755859375,-0.5833453484802913,0.5977576873341324,4.046219248487089,-1.1837208765967355,-0.208990499706136,0.8519583187937716,1.4649076741570264,-0.6643523822476141,0.3261343701893722,-2.3997974214019764
33.0,81.0,999.9974975585938,-0.5813043310665389,0.5942602145489086,4.04695392190806,-1.1720023511779325,-0.2094332642577692,0.8569197726982445,1.4555808446933307,-0.6647442518537456,0.3298866965898819,-2.3879940935343846
33.0,81.0,999.9996948242188,-0.5807640892052106,0.5863113616838209,4.056597650488087,-1.1627567054733543,-0.2111112638225716,0.8795593666922059,1.4624215326835603,-0.6730277745726054,0.3482894346698719,-2.370491631497609
33.0,81.0,999.9981689453124,-0.5827886291627804,0.5936543412053137,4.043405971021441,-1.173228889712167,-0.2107035725000265,0.8560161214821775,1.4619616978804029,-0.6683307859336143,0.3235801540361338,-2.391212314127157
33.0,81.0,999.9999389648438,-0.5780676873671622,0.592403964810492,4.040564823646143,-1.1717125127189734,-0.2015306848658946,0.8713087956158176,1.4517491309433508,-0.663799584759925,0.3244296636201591,-2.3887007193484395
33.0,81.0,999.9998779296876,-0.5867758979891331,0.593033935403823,4.037182664949647,-1.178270856992884,-0.2087283749175341,0.85169481860936,1.4527217598319755,-0.6536351041754944,0.319705023483845,-2.3970106401130686
33.0,81.0,999.997314453125,-0.5867449440473269,0.594305420347494,4.046766325757464,-1.1695633207855145,-0.2092238911373458,0.8558707171993776,1.4529746014522624,-0.6661237091267136,0.3337255396643854,-2.391822759354012
33.0,81.0,999.9991455078124,-0.5846903586804295,0.5955599700257537,4.052494082152048,-1.1676533586722155,-0.2100099040528231,0.8571436219282837,1.4500849310275088,-0.6766811643148927,0.3366022426396498,-2.389413253913935
33.0,81.0,999.9983520507812,-0.5812328703659579,0.5801800217921835,4.050516986288754,-1.1636977222313225,-0.2105847322314806,0.8750879533057496,1.4449814008481878,-0.6670031636895182,0.3400609931677225,-2.3956653046276872
33.0,81.0,999.999755859375,-0.5840653882580078,0.5876945779182732,4.056141914932667,-1.178974578301232,-0.208157509696611,0.8618106097360698,1.4577529760271195,-0.6736806206322354,0.3385111070032653,-2.396704243949091
33.0,81.0,999.9995727539062,-0.5788843286185132,0.588323682217796,4.039841237784469,-1.1820552046757649,-0.2094386389583427,0.8635688456922166,1.4625060399917356,-0.6639554569827011,0.3237205467710256,-2.385289820646447
33.0,81.0,999.9999389648438,-0.5935074766408661,0.5991765935104993,4.05455825276505,-1.1954575399110237,-0.2032149200431172,0.8503646119669419,1.463782482691891,-0.6665256824879906,0.3173403961139884,-2.4168250151063635
33.0,81.0,999.99951171875,-0.5925475477877331,0.6026532345485824,4.055425024593513,-1.1816326765860508,-0.1987143224131307,0.8426879731872452,1.4480196724014718,-0.6679726059118725,0.3312766498666519,-2.410638316691132
33.0,81.0,1000.0,-0.5915166055503551,0.5812220099788314,4.040328280282425,-1.202435451317739,-0.2003804182264694,0.8597050814707199,1.4656873335978382,-0.6548906884003207,0.3059813607201933,-2.4126499556985785
33.0,81.0,999.9995727539062,-0.5805470602810896,0.5904373116840045,4.0448180243608185,-1.1778237248731962,-0.2142435800259887,0.8563627795882232,1.4613100441396265,-0.6643371418634354,0.3318918191125943,-2.386992136116979
33.0,81.0,999.9994506835938,-0.5896111889550113,0.5965666081112353,4.038448143773179,-1.163178333265023,-0.2072393964005501,0.85514014208385,1.4337341099640426,-0.6702507982643455,0.3209161593467406,-2.409060618266748
33.0,81.0,999.9993286132812,-0.584333159610785,0.583160089790919,4.053882891589922,-1.163411052415725,-0.2074983073946263,0.8708093207869458,1.4380126002374023,-0.6725587577873826,0.3331446289855559,-2.406496553904112
33.0,81.0,1000.0,-0.5882083373173987,0.5899694034836367,4.036741059697221,-1.1966547365238165,-0.2050809187404674,0.8511226334069502,1.468242216679272,-0.6642529370818542,0.3168601229739574,-2.3844276237070163
33.0,81.0,999.9993896484376,-0.5833688621269548,0.5886673727062464,4.043245682935277,-1.1687433914689036,-0.210451491708933,0.8613818583229449,1.4441613601825187,-0.6654894530824613,0.3393687992049363,-2.3906568269389314
33.0,81.0,1000.0,-0.5940086117664549,0.5899023634707081,4.0472470644543606,-1.1761838469723358,-0.2027149414278719,0.8680674354818265,1.4558484461396768,-0.6682657435064199,0.3227551013355896,-2.408459503632022
33.0,81.0,999.9999389648438,-0.5958299779068721,0.5822638027760307,4.045506903090715,-1.188619005067863,-0.1983591045772668,0.860575321041873,1.442747324136045,-0.6622292347945784,0.3191879584202013,-2.4178828404645927
33.0,81.0,999.9992065429688,-0.584482446697991,0.5958792249760423,4.041980199199301,-1.1555696834818443,-0.2133156459509688,0.8706461817351343,1.4490699337473067,-0.6707655576261375,0.340067222257967,-2.3790264827931247
33.0,81.0,999.9988403320312,-0.5844903561635677,0.592287069119898,4.045154428897277,-1.170201890216222,-0.2052603440432969,0.8611569522222222,1.4537987325197967,-0.6624934912550646,0.3347483696475404,-2.393507711150255
33.0,81.0,999.9988403320312,-0.5857008907808856,0.5944356138731974,4.043997757907846,-1.1829656780834077,-0.2080896026964032,0.8561673565405172,1.4674771774657156,-0.6663424504057573,0.3230940978406069,-2.3947369911514227
33.0,81.0,999.9994506835938,-0.5906472206337616,0.6013704039002024,4.060971446033159,-1.166033209539168,-0.2082589415780926,0.8541016810586521,1.4501446174601045,-0.6756633890600519,0.3438505613456435,-2.397646935727278
33.0,81.0,999.9992065429688,-0.5895674132589939,0.5972175966446178,4.0434895909351525,-1.1900211700917138,-0.2079137372624178,0.8388260363798574,1.4702172595205818,-0.6530205921972376,0.3254623455367866,-2.4052687654561584
33.0,81.0,1000.0,-0.5846614260544749,0.5892256315454585,4.056666974449769,-1.1511301173487525,-0.2137790740160099,0.8636381828112611,1.4328145504296943,-0.6694291631779867,0.3416486736892583,-2.3974896386235884
33.0,81.0,999.9996948242188,-0.588459169541645,0.5849712726304945,4.038321505628781,-1.1709351266816896,-0.2097506875395325,0.8629773637392439,1.4476275275599226,-0.6632527707883034,0.3302975169308144,-2.390561842520606
33.0,81.0,999.9999389648438,-0.5941208527038082,0.5920805359008856,4.0396895505795865,-1.189602561121041,-0.2055780605566468,0.8481410660078978,1.4469171563778644,-0.6610461989909524,0.316727494971194,-2.410298057599469
33.0,81.0,1000.0,-0.5988910387982758,0.6001622878386144,4.03905578874779,-1.1883381633334196,-0.2022261994419381,0.8431529604225005,1.4457019052989732,-0.6715544112011678,0.3091989354829785,-2.414039879851004
33.0,81.0,999.9996337890624,-0.5843717317195303,0.5840364412848835,4.041639616244604,-1.1809077470834088,-0.2054243414239334,0.866797285933357,1.4434420995975907,-0.6625080476854537,0.3221187418760411,-2.4056927295694965
33.0,81.0,999.9996948242188,-0.5925156502213786,0.5935135584209048,4.047629350866149,-1.1779533712036194,-0.2007946395209998,0.8529323002100799,1.440006696922575,-0.6721524479944305,0.3166980876792893,-2.4192172000366257
33.0,81.0,999.9998168945312,-0.5801660221164582,0.5945975770239436,4.043175573911487,-1.1606253998481368,-0.2156712292335587,0.8636407499410481,1.4532368515780822,-0.662755591308902,0.3421329944105693,-2.378816823421926
33.0,81.0,999.9985961914062,-0.5850550685937383,0.5837422541270678,4.050766141830023,-1.171944217983821,-0.2101250363105826,0.863648207455677,1.4543677461755964,-0.6660445245344455,0.3385056622660043,-2.38972345603222
33.0,81.0,999.999267578125,-0.5824713441359446,0.5977647300585884,4.042190886282752,-1.1694396440339654,-0.2072511290019392,0.8599200413005148,1.4581631885019597,-0.6623072982475406,0.3259032469417757,-2.392777216860422
33.0,81.0,999.9996948242188,-0.5852379375561263,0.5891752033560662,4.049564657985705,-1.174655446062376,-0.2042961847908095,0.865417208628295,1.452475067577769,-0.6649442530220391,0.3231531101905531,-2.405201678620092
33.0,81.0,1000.0,-0.5831226717866214,0.5837937878120503,4.049294464894508,-1.1740979465680264,-0.2086722368446043,0.867473058450039,1.4565394434945658,-0.6633897961404456,0.3222824837605227,-2.394053785621306
33.0,81.0,999.9998168945312,-0.5847697232409441,0.5949487298738454,4.042846689671144,-1.1658306275474608,-0.2094943013647867,0.8635321375719576,1.4561762256787016,-0.6664107815502858,0.3214420234596797,-2.396757112584093
33.0,81.0,999.9998168945312,-0.5859959533280747,0.5871328797370854,4.050260176481991,-1.1833568339663447,-0.2034120760668072,0.8615441484633655,1.4630859984698086,-0.6608351407699136,0.3285512704866375,-2.392555240277754
33.0,81.0,999.9998168945312,-0.5844644325701251,0.5933674803325886,4.043079339942981,-1.1807750875268983,-0.2063895769079229,0.8555835383770329,1.445298132286629,-0.6694139648724633,0.3169925943915697,-2.406056562785484
33.0,81.0,999.9998168945312,-0.5899675011574868,0.5965530157485919,4.03301492388997,-1.1900206425464663,-0.2036764622372491,0.8495924979372358,1.4664893010418476,-0.6524475688335309,0.3157909873331608,-2.398920046663637
33.0,82.0,999.999755859375,-0.5724034921388128,0.5829509212588384,4.039565457869305,-1.1513079692106216,-0.2195626065553941,0.8721181903874529,1.458409785599823,-0.6673171516108036,0.3476470868556882,-2.3630622625312707
33.0,82.0,999.9979248046876,-0.5895148966707637,0.5982775476962088,4.050511323558428,-1.1749194987901772,-0.2041943004183819,0.8535635224924585,1.452216138663064,-0.6680186764618616,0.3291497622343451,-2.405087862509564
33.0,82.0,999.9994506835938,-0.5835548984548931,0.58901068179531,4.035279154204563,-1.162101037229912,-0.2069671699565027,0.8657582509633652,1.4490645631098626,-0.6630660606854013,0.3286787928764525,-2.394124021627706
33.0,82.0,999.9996948242188,-0.5927031763525248,0.5920169767132375,4.046630169745903,-1.1879693286749489,-0.2036654311842065,0.8477632315993375,1.456868569316696,-0.6605924749246697,0.3278358663846159,-2.4052121233470034
33.0,82.0,999.9996337890624,-0.5805296790334111,0.5926666933747882,4.0375891981192,-1.1733053628427164,-0.2074787135316382,0.8560041855095166,1.449403371381008,-0.6616932431094149,0.3243750104608267,-2.390099312708532
33.0,82.0,999.9996337890624,-0.5786514816596409,0.5939574568050299,4.04451892228197,-1.1711587089714008,-0.2111707653532955,0.8615529364815622,1.4663230530084572,-0.6674516454084509,0.3400937054721424,-2.3792036135423693
33.0,82.0,999.9989624023438,-0.5842817765302311,0.5870933103185099,4.043701547142716,-1.1814684722225983,-0.2038060752665114,0.8563692073384068,1.4509091433476329,-0.6690756923532746,0.3240698383828801,-2.393894518203777
33.0,82.0,999.9996337890624,-0.591467624888379,0.597203940146132,4.035391259922802,-1.1905440139583554,-0.1964994775885484,0.8524668796516011,1.4576298832720838,-0.6660639001353204,0.3090217885622861,-2.405213260075369
33.0,82.0,999.9983520507812,-0.5852789090177524,0.5966847649634559,4.041128294528773,-1.1702071200689863,-0.2065530523800189,0.8590717347200467,1.455476037654062,-0.6665321657443863,0.3304781110349406,-2.3933675931012024
33.0,82.0,999.9998779296876,-0.5907469018518805,0.5867466925924383,4.05031321989658,-1.1747311110864604,-0.2084748135805068,0.8657397947596825,1.4614164527982076,-0.6657458806588341,0.3292627362088227,-2.3967866781123126
33.0,82.0,999.9981079101562,-0.5808756935476955,0.5862727905594287,4.051389252475918,-1.1667851833221232,-0.2088940724333134,0.8672587220946015,1.445920361656697,-0.6736561605378615,0.3337334473506157,-2.389506671703629
33.0,82.0,999.9995727539062,-0.5934195366011634,0.5977786951494313,4.053832753317156,-1.1848483076364595,-0.2037371078886121,0.8453020675633116,1.4545369382737148,-0.6664542847250168,0.329964953185728,-2.414669263605545
33.0,82.0,999.9991455078124,-0.5861592939670732,0.5944850304708709,4.048043344493493,-1.1852004568113643,-0.2079667115625216,0.8557806295790362,1.4700554779259338,-0.6648363608350207,0.3326378064671296,-2.392513722238705
33.0,82.0,999.9999389648438,-0.5835817914315395,0.5955940963580755,4.046532214145307,-1.168038136017956,-0.2069101816556369,0.8558585821643208,1.4566221207134848,-0.6600777770325692,0.3433474628106934,-2.3787518761298925
33.0,82.0,999.9994506835938,-0.5898351807708231,0.5883286045372715,4.04444974226128,-1.1912655038961906,-0.2054958012612457,0.8520711836758021,1.465199506192385,-0.6613362832026981,0.3250857242235376,-2.401635467204299
33.0,82.0,999.9995727539062,-0.5869268784080806,0.5977094989685039,4.044867265070666,-1.1661813785988202,-0.2082085270549152,0.8603128318127409,1.461495150509564,-0.6692637002091413,0.3400262436248278,-2.3795491920971856
33.0,82.0,999.9991455078124,-0.5839985057745452,0.6020885231645341,4.03923496670374,-1.1705858511882337,-0.2069927096264026,0.8522740076373996,1.455762115947298,-0.6640836168455797,0.3372272782954315,-2.3905039764377185
33.0,82.0,999.9993286132812,-0.5793926463037407,0.5926276448115448,4.04582620095772,-1.164334330387407,-0.2110959900617484,0.8620579152948604,1.460714261663778,-0.6646690274420326,0.3418045097097728,-2.382990038505936
33.0,82.0,999.9987182617188,-0.5800610317781754,0.5943426282574125,4.054388723204351,-1.1783024397203905,-0.2093162655675655,0.8517793925587007,1.4610866323752507,-0.6633367907386543,0.339391330718203,-2.385099914545137
33.0,82.0,999.9996948242188,-0.5853213226745435,0.5999020734795995,4.051384270289427,-1.1847356522762589,-0.2073878137148863,0.8380767666237698,1.4644796823518016,-0.6633606410532717,0.3233111244063567,-2.4073006906654406
33.0,82.0,999.9998779296876,-0.5797838438088023,0.5830982902772224,4.036063341611474,-1.1674124511544677,-0.2093944042931443,0.8680293302174977,1.4539191001163578,-0.6637977125258061,0.3353643761058853,-2.3836512516449906
33.0,82.0,999.9995727539062,-0.5772387251389297,0.5912312002617135,4.049678112600114,-1.1609525360333164,-0.2168519240488988,0.8645452843089183,1.4511073703041566,-0.6684907850883874,0.3402480262147547,-2.3792444709834544
33.0,82.0,999.9999389648438,-0.5842882994282315,0.5899956344236132,4.030617828849426,-1.1785845079714918,-0.2063507832154512,0.8604608163932292,1.4512233761762614,-0.6601545163723452,0.3220762216606196,-2.392086485958904
33.0,82.0,999.998779296875,-0.5875992495564457,0.5988771881488439,4.050044584283519,-1.1816756159495316,-0.2062272437453876,0.8533559901648404,1.459137875833635,-0.671021529093558,0.317721749030313,-2.4026038422136025
33.0,82.0,999.9998168945312,-0.5909694348722185,0.5944957400659323,4.045432656579088,-1.1674180818302269,-0.2067148142455419,0.861256711051686,1.4505012751435142,-0.6652757943377647,0.3289818152400725,-2.403146875571541
33.0,82.0,999.9993896484376,-0.5845160744501205,0.5984177225027594,4.051058043957285,-1.1766659133642516,-0.2101711121028531,0.846919576904094,1.4659188421637808,-0.6624722773229488,0.3327448212471973,-2.3982916118511213
33.0,82.0,999.9998168945312,-0.5994196022550682,0.6041281236777589,4.044353246707098,-1.2059881062557642,-0.1940192249512069,0.8318042951190829,1.4652922102878048,-0.6570041349331532,0.3063602909736911,-2.4256984217887583
33.0,82.0,999.9995727539062,-0.586044043367214,0.5958336688565593,4.059809136689905,-1.1515954336270555,-0.2147347423372432,0.8571234345789609,1.4384120021424742,-0.6713056478248562,0.3466114347283859,-2.3940085513616687
33.0,82.0,999.9998779296876,-0.5737233702463831,0.5919043477312327,4.049315627561871,-1.1614502502762036,-0.2139184264918849,0.859394518145379,1.4544933216079723,-0.6577546838015227,0.3431055188628438,-2.3856718815805493
33.0,82.0,999.9986572265624,-0.5836437246817017,0.5927066129645597,4.052363329096101,-1.1740816712652014,-0.2119416291556595,0.8654311155706012,1.464980674261886,-0.668611714071977,0.3378739039208884,-2.381068208295156
33.0,82.0,999.9989013671876,-0.5797607397344366,0.5768396962148898,4.048131904173474,-1.1658295721053404,-0.2109119062581586,0.8787368843527377,1.4493363321846084,-0.6676817234297676,0.3430295080602805,-2.3764888108681403
33.0,82.0,999.99853515625,-0.5869548070965971,0.5919329762911696,4.050726661884411,-1.1751232336248312,-0.2065601195131936,0.8634750838920127,1.4610171350466183,-0.6705314317154034,0.3366366887438365,-2.388381321909032
33.0,82.0,999.9974365234376,-0.5803403793277164,0.5885633867284499,4.045791722522644,-1.167303347658497,-0.2102172804238158,0.8600364294364056,1.447060414872647,-0.6710428135195299,0.3336167529133336,-2.3916508437024846
33.0,82.0,999.998779296875,-0.5873212685980338,0.6019337331408989,4.057108978196872,-1.172753920804161,-0.2083438249411902,0.8428615574250156,1.4473584837343498,-0.6713685316546583,0.3387788955536672,-2.4013696080688387
33.0,82.0,999.9981689453124,-0.5885495713871887,0.5925175546624288,4.045580915582695,-1.1665948163746158,-0.2048326873784356,0.8617748171683148,1.440391389654364,-0.6710057486014112,0.3362468839695225,-2.394044984620922
33.0,82.0,999.9998779296876,-0.590863077585265,0.5997234692172038,4.060083273812376,-1.1839080012908345,-0.2046535179132238,0.8394155759729935,1.4625662012348446,-0.6654822122608373,0.3343599202392999,-2.402160413661844
33.0,82.0,999.9990234375,-0.5797748111282877,0.5842090633257424,4.05595546435112,-1.1470165957277043,-0.2123525172723086,0.875780899163459,1.4326865157271609,-0.6738645156214123,0.3572124093368014,-2.3800518250720897
33.0,82.0,999.9984741210938,-0.580550975143594,0.5873694382997483,4.04458591750492,-1.17167000187125,-0.2091082338011292,0.8658598190917566,1.4535576846133145,-0.6693465995131458,0.3302323378617959,-2.3870363027678594
33.0,82.0,999.9998779296876,-0.5861630899585677,0.5994461756742195,4.039807390940517,-1.1712726206957529,-0.2041648344031541,0.847441856020783,1.435696009905584,-0.6722968842795733,0.3162667961723056,-2.409242527077573
33.0,82.0,999.998779296875,-0.5889704712602963,0.5982844609488902,4.05014038185703,-1.182850459935239,-0.2096991908688057,0.84846500289723,1.4634131049590948,-0.6601216098107017,0.3340820650187925,-2.395005308255328
33.0,82.0,999.9992065429688,-0.5853695381202133,0.5928091173393,4.04510617122825,-1.1775922695229897,-0.2092833692932192,0.8629709213037966,1.462492965956045,-0.6704242654478216,0.3341779544274645,-2.382083354349898
33.0,82.0,999.998291015625,-0.5814038364318961,0.5946520908142201,4.045059003013812,-1.15523789475537,-0.2123386414178858,0.8628734295887144,1.4476760204656198,-0.6679510830822775,0.342667653802998,-2.3825797333741217
33.0,82.0,999.9996337890624,-0.5809136532166859,0.593262966269883,4.039768816442287,-1.164281453737229,-0.2130924163256669,0.8574822064795473,1.4564833425296042,-0.663284540495872,0.3356018356227794,-2.3871040938890675
33.0,82.0,999.9992065429688,-0.5800357602821062,0.5856551041655988,4.047741725897371,-1.1720305005696807,-0.2089978645853705,0.8678108989900792,1.4582998513037175,-0.6660675692680735,0.3422796834043282,-2.378168376340484
33.0,82.0,999.9976196289062,-0.5832776078998654,0.5953678377689853,4.045526886051329,-1.178085396313992,-0.2077572077342342,0.8529541242273879,1.4551282163013433,-0.6637498081953872,0.3323164940446501,-2.38886096483066
33.0,82.0,999.9979858398438,-0.5828092029250715,0.5897210162566227,4.044482946171161,-1.1678360251054758,-0.2059453146700498,0.8668021337240885,1.4456857914804475,-0.672114244809074,0.3299750149263367,-2.3932422271029843
33.0,82.0,999.99951171875,-0.5884199691281022,0.5910970109904348,4.045430887859071,-1.1772351118342184,-0.2017232614545507,0.8551415299348193,1.439708613755295,-0.66740970933827,0.3165457749852249,-2.4171109642688644
33.0,82.0,999.9998779296876,-0.5859302888692159,0.592151231322231,4.039590647978848,-1.1723986706219218,-0.2087719029796151,0.8618374364733228,1.461375192110582,-0.6627339616400914,0.3406963135307457,-2.375835104965108
33.0,82.0,999.9999389648438,-0.5910361976019374,0.5847472839118364,4.031546418865151,-1.1683022544022543,-0.2039653196513473,0.8649853949235089,1.4410834565908894,-0.6602025024443305,0.3261866870443883,-2.400431513482789
33.0,82.0,999.9995727539062,-0.5863819204845395,0.5970697210192775,4.044040139578236,-1.168187009756589,-0.2126537162309114,0.8562180863539908,1.4486380176183733,-0.6675591461109107,0.3357886729593211,-2.388864864161545
33.0,83.0,999.9999389648438,-0.5862346463548924,0.6022708627294513,4.039258126620544,-1.183890134519625,-0.2113638836433686,0.8408495198823216,1.4727532304796478,-0.6545317158057475,0.3249069176856594,-2.3893455602925324
33.0,83.0,999.9998168945312,-0.5800708214273644,0.5920590840192084,4.063210830444669,-1.167715087718455,-0.2084677600559317,0.8671855055330804,1.4515326336265542,-0.6792193822291921,0.3462777971609849,-2.386783918429733
33.0,83.0,999.9993286132812,-0.5797797434300964,0.5958324848417274,4.045814223207609,-1.1661316897588825,-0.2098731426288775,0.8677497503552569,1.453232792854255,-0.6736541233058375,0.3323532762477441,-2.3861228845219573
33.0,83.0,999.9990234375,-0.5882162610863411,0.5924087861360707,4.04815350303531,-1.181158499477966,-0.2060528143610671,0.8541612534156364,1.4610790057024268,-0.667584486357006,0.3291016658760366,-2.3989478017883457
33.0,83.0,999.9988403320312,-0.5849925041099038,0.5949593688587287,4.047958471769217,-1.1881608611466032,-0.2056598135285838,0.8449131010125486,1.4624337260441944,-0.6593178948471419,0.3261513492033741,-2.4028083536441995
33.0,83.0,999.999755859375,-0.5766019831949123,0.5764786368132633,4.043352175945644,-1.1522080724367938,-0.2104333444483206,0.8835713814064956,1.4349525858945995,-0.6770587888087665,0.340757999776403,-2.37692729674614
33.0,83.0,999.9978637695312,-0.5869661529246901,0.5978308260663212,4.049119287536664,-1.1800410816870146,-0.2065163647202323,0.8502948286557466,1.4598428526449183,-0.6660690634856614,0.3262315358384891,-2.404059555571805
33.0,83.0,999.999755859375,-0.5851233857270799,0.5980970779803663,4.033168576449395,-1.180948996050572,-0.2015718274018976,0.8507064989036799,1.4502863728187112,-0.6623917103914003,0.3188205976786795,-2.3977889028276382
33.0,83.0,999.9990844726562,-0.5855282581088197,0.5859333340345074,4.055617548160331,-1.1619194940768502,-0.2088321714717675,0.8677705354148157,1.440441624430103,-0.6728427925394529,0.3504662923127188,-2.3869645104668527
33.0,83.0,999.9976196289062,-0.5844314565714672,0.5954257868070219,4.045067015899667,-1.1693793762807685,-0.2073633557063656,0.8579230122950605,1.4493121111772584,-0.6671650938097624,0.3232843007470043,-2.4018141127548103
33.0,83.0,999.9996948242188,-0.5798347820106429,0.592832343557971,4.043505927478947,-1.156929973718965,-0.2082373716278196,0.8647304669117748,1.4350711377342569,-0.6776323700013975,0.341465909056371,-2.3790535401227264
33.0,83.0,1000.0,-0.5849525663790107,0.6054177307266251,4.044945540852964,-1.1832040739507734,-0.2032158057546533,0.8391282967817251,1.451553319059772,-0.6609691162065472,0.3230893521556579,-2.4072434277273924
33.0,83.0,999.9990844726562,-0.5759172104450059,0.5888700240042581,4.054570704956017,-1.1517708359431555,-0.2132613675493697,0.8675645013457709,1.4384810948915092,-0.677974723897929,0.3411968887558636,-2.3806349150766954
33.0,83.0,999.9985961914062,-0.5800708613372105,0.5885547736249848,4.042582340620662,-1.1686126128499872,-0.2090928915287353,0.8656082796308882,1.452266603561709,-0.6705676338668507,0.3340393444585041,-2.3818415630551524
33.0,83.0,999.9991455078124,-0.5821781598912672,0.5905573321015094,4.050185659669104,-1.1680448879127936,-0.2086975430710183,0.8603936852931247,1.4420191116411027,-0.6756379794676874,0.3345078400402439,-2.391422024592996
33.0,83.0,999.9996948242188,-0.5883532635681679,0.5986518366037261,4.047676544060463,-1.189449402660146,-0.1981760384630178,0.8435778921506918,1.4517859157967594,-0.6701096048555133,0.3189280523277311,-2.4120741677406343
33.0,83.0,999.9993896484376,-0.582679218522058,0.6003745333760682,4.046595759639889,-1.1712051277452469,-0.2068717316341839,0.8477276137524328,1.449890160742493,-0.6703421621734087,0.3340340170183866,-2.389359084110392
33.0,83.0,999.9988403320312,-0.5903289041971851,0.599044815129794,4.040997071446588,-1.186675374136415,-0.2050000724768717,0.8440468372845729,1.4538892282860676,-0.663888904681917,0.3186229064596837,-2.4072430398112314
33.0,83.0,999.999755859375,-0.5847729409940738,0.6038130686019123,4.05101943510504,-1.1807280246999277,-0.2063668368076499,0.8454394144371511,1.458109209278021,-0.6717360330408848,0.3287513644439173,-2.3996291106331817
33.0,83.0,999.999755859375,-0.5771271610220543,0.5949905920400216,4.036270823953984,-1.152978618870994,-0.21534719430755,0.8633119384808596,1.446563814592774,-0.6679403801863488,0.34187336000935,-2.37268750284763
33.0,83.0,999.9985961914062,-0.5832747846938213,0.5860080916945947,4.040860809136635,-1.161004130954999,-0.2105015825855201,0.866771175175467,1.447507625686769,-0.667232309439493,0.336434801566277,-2.38846378587187
33.0,83.0,999.9999389648438,-0.5737323961777872,0.581534631296531,4.047500968946176,-1.1479767147558984,-0.2194066575339999,0.885168551368726,1.4468205414519275,-0.6733699438768737,0.354177773921732,-2.3601022989867806
33.0,83.0,999.9993286132812,-0.5882963303087294,0.5929041015484025,4.049992282237747,-1.1803009951378147,-0.2074533962549338,0.8557292947761681,1.4557557996500146,-0.6673812861043391,0.3295730202654923,-2.4025709446724792
33.0,83.0,999.999267578125,-0.5840260531264247,0.5926011324024056,4.050003969917944,-1.174445668362163,-0.2036567042553869,0.8579355088325427,1.4533562132233424,-0.6720803709931831,0.3295677230344465,-2.3906468732708914
33.0,83.0,999.9976806640624,-0.5783483766705153,0.5888048966834694,4.047463417389393,-1.1541421766766031,-0.2134607462507363,0.8695561878170697,1.4423302209041535,-0.6675888389059192,0.3456968155054429,-2.3787509680757744
33.0,83.0,999.9983520507812,-0.5901880294400454,0.6023979435791968,4.052300981993904,-1.1742237106448683,-0.2075016697803029,0.848454731846056,1.4522099202068297,-0.6678873613727729,0.3309588028046919,-2.404581259485866
33.0,83.0,999.999267578125,-0.5888734271082354,0.5893875629438083,4.047637755183922,-1.1668100063699542,-0.2042621869504417,0.8620728242606663,1.4436206772052076,-0.668518178467207,0.3377002644576041,-2.391229377669381
33.0,83.0,999.9996337890624,-0.5902916065155459,0.6019944927089522,4.047970249765568,-1.1713539373086674,-0.2051980136865259,0.8523344284722452,1.4512033552120336,-0.6725573704354986,0.3240157549661973,-2.406647457588684
33.0,83.0,999.9993896484376,-0.5868565440868911,0.5895271319435649,4.053566683233683,-1.1861548223082958,-0.2051540483530969,0.85180873718841,1.4603890149775562,-0.6598832690257854,0.3314158166546841,-2.402989978651178
33.0,83.0,999.9989013671876,-0.5832197082815096,0.5852367537486804,4.053248793444068,-1.1619658880662316,-0.2076792062092352,0.8673276851259111,1.4375333028058377,-0.670436508505019,0.3387719723038183,-2.39235830076347
33.0,83.0,999.9998168945312,-0.5840218678925044,0.6003945327960949,4.041193802662242,-1.1804033222223054,-0.2061787020370102,0.8409986268709115,1.4560542439830035,-0.6666071088994965,0.3247039326294052,-2.397219287295646
33.0,83.0,999.99853515625,-0.5809335546950143,0.5905737152175607,4.043262868174713,-1.1648927259847133,-0.2080466255225559,0.8628039652909543,1.4450560567854218,-0.6655676852251409,0.3282373584177538,-2.394588271792885
33.0,83.0,999.9996948242188,-0.5801686284670389,0.5946013186488752,4.041930993227197,-1.1730276491067566,-0.2086523256796564,0.8619515179390351,1.4593098277697116,-0.660207143788309,0.3365252317989666,-2.3878750754524725
33.0,83.0,999.9989013671876,-0.5759100268227915,0.588705206975285,4.052757903904732,-1.169192812615309,-0.2140111636255417,0.8655624306930303,1.4601572676077836,-0.6661080676587074,0.3391874614470094,-2.3767779585001767
33.0,83.0,999.9999389648438,-0.5869550824318504,0.5984902211638854,4.03974202923029,-1.167575214655673,-0.2073908134300133,0.8626546470654697,1.4514052619924716,-0.6695588037480462,0.3389702035586319,-2.3819028589404985
33.0,83.0,999.9995727539062,-0.5873624278333374,0.5984896334813294,4.051362090507864,-1.1805492885424815,-0.2034672206766199,0.843952275657295,1.4564674978824446,-0.6652046021837208,0.3303319197405452,-2.3958152244658866
33.0,83.0,999.9998168945312,-0.5916985711362752,0.5914433513671149,4.053444558678374,-1.1757022423611092,-0.2050932753624703,0.8544661178316311,1.4426690983096204,-0.6692381746063596,0.3390948338392494,-2.401869814040003
33.0,83.0,999.9978637695312,-0.5747844108375215,0.582935173718548,4.0446836725173725,-1.159050028182964,-0.2161009861736422,0.8721402504518538,1.456246841878734,-0.6695007633217296,0.3376619661250268,-2.376417075114384
33.0,83.0,999.9998168945312,-0.5867104350174293,0.5871041517334641,4.055989555844132,-1.183632045460433,-0.2007159687219859,0.8540119479571731,1.4413223620157902,-0.6715184761070265,0.3321775861763401,-2.4033328179194453
33.0,83.0,999.9994506835938,-0.5924297219217785,0.5940541444530627,4.0439849303342665,-1.1795203711301077,-0.2024553098036721,0.8611061019166621,1.4547944899792542,-0.6708679643664865,0.3210628897059866,-2.407081346815494
33.0,83.0,999.99951171875,-0.5814808929691031,0.5796535348031604,4.052247330717373,-1.168706727328933,-0.2043653857166569,0.8696503271486735,1.442341958933156,-0.6736697681628065,0.3347483418186092,-2.3968593550991883
33.0,83.0,999.999267578125,-0.5858300074765763,0.5931062284165867,4.047923211139343,-1.1785423660788288,-0.2054359886439236,0.8606255463830461,1.451771032491993,-0.6752171961502942,0.3258084590182495,-2.396355716267577
33.0,83.0,999.9981079101562,-0.5833398199341584,0.5938737776036964,4.05021769404653,-1.1770859288936215,-0.2056429236063452,0.8590531194294435,1.4556792400033247,-0.6668045022346307,0.3309686836931069,-2.3945758759399034
33.0,83.0,999.9988403320312,-0.589030103082476,0.6007584987209391,4.053314850470796,-1.1814663755643502,-0.2082152763204829,0.8475573304616528,1.4619916961287736,-0.6638017119764719,0.3387968340087655,-2.3979948813705487
33.0,83.0,999.9996948242188,-0.5873551645415356,0.5899659108567388,4.043434846818268,-1.1682489368193871,-0.2062287816372645,0.8663289063416437,1.44610497271038,-0.6742265456114556,0.3372140642428212,-2.3920835304189527
33.0,83.0,999.9999389648438,-0.5814356848283255,0.5974749069103789,4.049432064208794,-1.1602143028337664,-0.2113413502815539,0.8598631932124192,1.4535423813551551,-0.6778226057780978,0.3381303837577061,-2.386316432456281
33.0,83.0,999.999267578125,-0.5844957639636643,0.6035482977528712,4.04800924319227,-1.188232690478872,-0.203873476177069,0.8459297907244867,1.4615078770067225,-0.6690925642549299,0.320938634756355,-2.4005641749113527
33.0,83.0,999.99951171875,-0.5862609104734737,0.5993375117190602,4.052114042607348,-1.1645852599075175,-0.208169345196076,0.8500636728204745,1.444768770441204,-0.6642784860347417,0.3402991660199683,-2.4004326448599884
33.0,83.0,999.999755859375,-0.5851695699938269,0.5936256534773285,4.051600707160032,-1.1800392676190716,-0.2085436574531103,0.8472550007633952,1.459543557996498,-0.6701626557522946,0.3348201495024048,-2.393374450152859
33.0,83.0,1000.0,-0.5798405725121905,0.5948015847956425,4.033086380164599,-1.1752465185286591,-0.2120389948955301,0.8569010452960004,1.461891018945361,-0.6605943564542889,0.3202327425210782,-2.3800055430059524
33.0,84.0,999.9989624023438,-0.5814379599219253,0.5944508959540418,4.042910170826389,-1.1650552052829073,-0.21062926653277,0.8608173806936401,1.4548964380542015,-0.6665302124983761,0.3363774226092442,-2.389376478395228
33.0,84.0,999.998046875,-0.5801388714902824,0.5926730476278568,4.045169386925187,-1.1643230386961645,-0.21336446372195,0.8599021545818433,1.4522333962865457,-0.6675166340766632,0.3343397034803725,-2.3823702038872003
33.0,84.0,999.9988403320312,-0.5795133743111966,0.5878279737897216,4.043219358580176,-1.165994694409405,-0.2136202732514149,0.8607540503895468,1.4527298459905094,-0.6628995601009073,0.3339902094212474,-2.3833325933007816
33.0,84.0,999.9981079101562,-0.5778729274275092,0.5863284415871863,4.0463921115431685,-1.1589618123948258,-0.2152856204797686,0.8676816706643633,1.456878534280536,-0.6678860853141808,0.3437337316778874,-2.370721827698414
33.0,84.0,999.9968872070312,-0.5838704705302487,0.5957368828071523,4.058576845249688,-1.1730444764682342,-0.2113398853202435,0.8510649323309991,1.4562491376373412,-0.6686422623297243,0.3379594895158746,-2.391187349731182
33.0,84.0,999.9990844726562,-0.58771095602805,0.5933165740882282,4.040147979208218,-1.1675185484013535,-0.2074140592213265,0.8517778036193677,1.4438018222074138,-0.6630228757638648,0.3283962463623862,-2.4013979168767223
33.0,84.0,999.9998779296876,-0.5911359298256311,0.5997616429437667,4.040170036422602,-1.1788555391419036,-0.2009994553541805,0.8471420908964351,1.4480491884991036,-0.6636580639380831,0.3151318259018119,-2.408355247016813
33.0,84.0,999.99853515625,-0.5915495706068459,0.5987024475908349,4.04979289237432,-1.1878874196505231,-0.2028367196089453,0.8397210407309439,1.4482802004015891,-0.667255188731084,0.3128980571630002,-2.4197651212646947
33.0,84.0,999.999267578125,-0.5899223048268905,0.6051524981620346,4.0483601204392965,-1.182227035961065,-0.2039960366166022,0.8422488188800816,1.4528295099166026,-0.6731416285932212,0.3225630149537339,-2.3998217501772645
33.0,84.0,999.9986572265624,-0.5859059491371337,0.5948206224668917,4.042779022691551,-1.178041545316411,-0.2065824036753714,0.8500371260982131,1.4544968371496785,-0.6626656649889089,0.3197971694789805,-2.402340806392377
33.0,84.0,999.9986572265624,-0.5851662483210642,0.5923512644418221,4.04727708942497,-1.175075732779658,-0.2020367278233772,0.8584453056460708,1.4443556608705377,-0.6708988440435162,0.3284412095531852,-2.3997986072437887
33.0,84.0,999.9990234375,-0.5823645345269686,0.5919527693578832,4.046624928371589,-1.149770070194316,-0.2114246557343078,0.8695882337673755,1.4415835600059357,-0.6694267463784307,0.3366042045932582,-2.38703565544338
33.0,84.0,999.9990234375,-0.5768882569659031,0.591904484493889,4.043942284261805,-1.164057247386128,-0.2094784173427033,0.8641536400705343,1.4453807501582796,-0.6678350968243612,0.3335724981847079,-2.3856784902703367
33.0,84.0,999.9983520507812,-0.5817279494883332,0.5952805237929706,4.044368918566912,-1.1697649088208268,-0.2107078890458789,0.8532065328544629,1.4500327641608948,-0.6657135157976848,0.3295959924555465,-2.3954176495224515
33.0,84.0,999.99853515625,-0.58017711669111,0.58278781966008,4.043106581505622,-1.1642563982137917,-0.2086171491212489,0.8714662168124541,1.4475776482037706,-0.6667747349558466,0.335373201282966,-2.383923573868283
33.0,84.0,999.9953002929688,-0.5802267105924788,0.5894192797053446,4.050727931606044,-1.163158805638287,-0.2113577852707369,0.8644672356285321,1.451435970738765,-0.6680263636181794,0.3396591353658751,-2.3830872462703425
33.0,84.0,999.998046875,-0.5828951556522046,0.5908949281243734,4.051233580187558,-1.1623290341577484,-0.2103856959590375,0.8680847594231107,1.4520769884283131,-0.669901580847613,0.3399878013163837,-2.3888349121604016
33.0,84.0,999.9992065429688,-0.5851033072415159,0.6069050871072399,4.049236654040579,-1.1727434818625126,-0.2091282762776529,0.8438522219469702,1.452463991281224,-0.6691017491571918,0.3261278319021787,-2.4036610626172945
33.0,84.0,999.998046875,-0.5851055441587976,0.5966125528586455,4.044788636045213,-1.1710095273739285,-0.2089470412633902,0.854978170500412,1.4594912692356123,-0.6667977919766237,0.3326099743597401,-2.389613574883432
33.0,84.0,999.9987182617188,-0.5873253780596333,0.5932504935746863,4.039870370982973,-1.17325032317946,-0.2041302995509948,0.8567582070540372,1.4500997836603622,-0.6629094314992363,0.3306916969394047,-2.3980199887304825
33.0,84.0,999.998046875,-0.5859298618052966,0.5863251260497426,4.047260013604493,-1.1688761292824372,-0.2043856261587535,0.8662970356226642,1.440125630771348,-0.6718346067323742,0.3280454863979951,-2.404890076273059
33.0,84.0,999.9989624023438,-0.5880350732528479,0.5888581588037924,4.047984470625021,-1.1699015798283154,-0.2073730545949468,0.8597182501501504,1.4448050858027577,-0.6671351643447219,0.3274538609259272,-2.4038492552948734
33.0,84.0,999.9990844726562,-0.5814239030326638,0.5915207186747518,4.048632111514527,-1.1680893183748404,-0.2114535049703265,0.8589576963808945,1.4477265316056993,-0.6730233442939513,0.3310187996037577,-2.394266028382124
33.0,84.0,999.9982299804688,-0.5880333075695852,0.6003447322377529,4.047541269486539,-1.17562165528052,-0.2068104714825738,0.8515213191939752,1.4486548184054158,-0.6678303129623355,0.3285501386556344,-2.4032634913400748
33.0,84.0,999.9992065429688,-0.5771429819288967,0.5946811463278143,4.051485242016584,-1.163280424852207,-0.216311293714571,0.8589437643381883,1.4527037530209173,-0.6681388385424212,0.3429910618445007,-2.379267259787881
33.0,84.0,999.9983520507812,-0.5892028888632748,0.6019767685495943,4.045470078299964,-1.1850846419941918,-0.2054556297220875,0.8460516162186824,1.4537553521787006,-0.6680724314961441,0.3125544259756863,-2.414218532696288
33.0,84.0,999.9990844726562,-0.5758093150841237,0.5802921337435887,4.051316022159758,-1.1593351774953318,-0.2152803119329576,0.876008946724224,1.453836233892459,-0.6728537500916083,0.3445551924380545,-2.371683618183542
33.0,84.0,999.9993286132812,-0.5846140545176377,0.5908473316701803,4.034329882356667,-1.1692402868683338,-0.2066770276202092,0.8618501510381726,1.446361253652455,-0.6665765967469106,0.3271897595994621,-2.3897943528631966
33.0,84.0,999.9991455078124,-0.5772670579615458,0.5958183223441846,4.054121402422801,-1.1563742102728811,-0.2175305330432628,0.8579328781818463,1.451416683579751,-0.6684304991363046,0.3419894146772329,-2.384170711911524
33.0,84.0,999.9978637695312,-0.580619000378924,0.5901833074422411,4.041999815822306,-1.1591681660627753,-0.2106746295054176,0.867009946805803,1.447685584864974,-0.6667102368686537,0.3379974915844483,-2.382921520658196
33.0,84.0,999.9983520507812,-0.5871411125258019,0.5948630614141486,4.047602764203498,-1.182999967224612,-0.2042622978114181,0.8478388419665652,1.4562402248694637,-0.6639425114722126,0.3227894040440144,-2.4035828132598724
33.0,84.0,999.9986572265624,-0.5862423636450451,0.5909915755953641,4.051981349260897,-1.1672464808646523,-0.2092281144070211,0.8623914150393164,1.456837003683083,-0.6644766127895654,0.3441517232344804,-2.384374702553883
33.0,84.0,999.9992065429688,-0.5883365876752125,0.593401576462421,4.047813493173036,-1.1668198942848529,-0.2058034791235501,0.8615464954174499,1.4443482826419372,-0.6704478195427281,0.3369126403337255,-2.401044102429938
33.0,84.0,999.9993896484376,-0.578150028248289,0.5841161216710136,4.047733563389345,-1.162415783338952,-0.2082840108007024,0.8671771199315135,1.4433340326794477,-0.6702199696301623,0.3356633658936427,-2.3940508289187927
33.0,84.0,999.9995727539062,-0.5830603845430113,0.5957388778411712,4.0487527719641285,-1.1523642291267455,-0.2138199596150301,0.8591991302442192,1.4430273582978153,-0.6709333803210065,0.3419376206373936,-2.389549997398481
33.0,84.0,999.9995727539062,-0.5848934649083866,0.5969807189986112,4.0386341467179285,-1.1649122248269297,-0.2073329100017247,0.8546945589342503,1.4464392302963738,-0.6664100773609825,0.3258789286686872,-2.395174510890483
33.0,84.0,999.9993286132812,-0.5842864141437785,0.5915528277077922,4.044088618641908,-1.1827119643771278,-0.2049801479693922,0.8548490157564723,1.4525664978560435,-0.6662848700769199,0.3247998815827211,-2.3975450621113934
33.0,84.0,999.9995727539062,-0.5808597420279886,0.5955099759923232,4.047439545608146,-1.1620853772297668,-0.2141329780333416,0.8497413394232645,1.4463059737305797,-0.6642018157490064,0.3388735197255288,-2.387193917232887
33.0,84.0,999.9991455078124,-0.5808375597622746,0.5955700474246539,4.052198995414857,-1.148428838916165,-0.213951477374727,0.864864919663547,1.4420289406011264,-0.6773966039062609,0.3510845034832854,-2.382221373345088
33.0,84.0,999.999755859375,-0.5789614980002193,0.6010180827788689,4.042379890181186,-1.1644144432566703,-0.2087040556439889,0.8561018578051378,1.4515075645735074,-0.666193090528667,0.3340432062228426,-2.388952778300151
33.0,84.0,999.9970092773438,-0.584272513878167,0.596763719381781,4.04971807284282,-1.1785284423361944,-0.2061292315243506,0.8549528381922915,1.461591648678163,-0.6648989876000391,0.3299382831588318,-2.394984905550274
33.0,84.0,999.9992065429688,-0.5757656366930854,0.5779818299661645,4.046747775191223,-1.1559068325262325,-0.2113811161988739,0.8793624081209348,1.4426093543975824,-0.6696705756457613,0.3448141450468709,-2.370742677178063
33.0,84.0,999.9979248046876,-0.5822258288306816,0.5915666884741624,4.046420076340029,-1.174581173125746,-0.2112566124621002,0.855813535770694,1.4545284149075988,-0.662588893346534,0.329683111992284,-2.3909919312329
33.0,84.0,999.9990234375,-0.5895173478206388,0.602867761294064,4.043831335508912,-1.18420591920585,-0.2057197949740272,0.8420081521293152,1.458717661247407,-0.662461323249758,0.3185093462215995,-2.4142299463289225
33.0,84.0,999.9990844726562,-0.5793887285931856,0.5852660905415945,4.046145062093041,-1.1551921670168372,-0.2121750228349244,0.869931458272859,1.446079376840796,-0.6704488519003462,0.3400894530227694,-2.376383567861713
33.0,84.0,999.9994506835938,-0.5784237986613086,0.5843719437574961,4.047733847688026,-1.154290320238446,-0.2078036768841844,0.8745041116799737,1.4363029301425811,-0.6720975552791781,0.3379737333076047,-2.387022105336265
33.0,84.0,999.999267578125,-0.5873878547052946,0.5964806712146808,4.045134169038587,-1.1833819925966167,-0.2045403191290553,0.8497440236008202,1.4557647247945749,-0.6648411714432925,0.3246633196699031,-2.408569413486039
33.0,84.0,999.997802734375,-0.5818507553268164,0.5943240738927162,4.048809352909009,-1.1756475535936972,-0.2107092037123195,0.8551310999446944,1.463859329453456,-0.663035994506866,0.3334157908722712,-2.385591653698313
33.0,84.0,999.9974975585938,-0.5817813570312769,0.589415852046594,4.049800890954661,-1.168941447942382,-0.2095680866144018,0.8598657604632294,1.4537773490800276,-0.6668581733635133,0.3386991510619497,-2.3913922210619205
33.0,84.0,999.9996337890624,-0.5839658017865625,0.5978547185990415,4.0439132739957095,-1.1652201895020475,-0.2106847966301934,0.8529025353154109,1.4449332043426422,-0.6730791206338544,0.3324365755325296,-2.3882079702149865
33.0,85.0,999.9982299804688,-0.5770270937434718,0.5892608033240503,4.050906294938772,-1.1596914032529524,-0.2126265733047265,0.8703713117422431,1.4545675515849856,-0.672586089685419,0.3389353660356287,-2.3838943546008142
33.0,85.0,999.9976806640624,-0.5814137257819967,0.5927993399578142,4.057175588393434,-1.1645243866507604,-0.2094071711700653,0.8627435963441723,1.4497972684172842,-0.6731453639404101,0.3446433179332011,-2.387538082921292
33.0,85.0,999.9981079101562,-0.5822194235023694,0.5889269131258157,4.045689890934213,-1.1731339039316993,-0.2085329803369955,0.8599225590215367,1.4563089637325888,-0.6637046687762682,0.3351699971668527,-2.386472375936425
33.0,85.0,999.9989624023438,-0.5841376741582334,0.5924747970719455,4.041841398527369,-1.180830024153896,-0.2075170980549607,0.8555808172262189,1.4610412778128137,-0.6598441706639715,0.3189307597693203,-2.399078428311126
33.0,85.0,999.998779296875,-0.5848625036475035,0.5921930003555325,4.0526915261191725,-1.180107302523551,-0.2063955427678445,0.8490431980848179,1.4555930206896122,-0.6671595677772997,0.3296407958530487,-2.400117523894785
33.0,85.0,999.9981079101562,-0.5852038071592407,0.5915670265394475,4.044881796129182,-1.1639321750967624,-0.2075651318392601,0.8571596239684167,1.4382358725647917,-0.6716572078381535,0.3318302490376617,-2.398383536944737
33.0,85.0,999.9990234375,-0.5746095862213672,0.5876957351789427,4.046944541754154,-1.1561378331365484,-0.2142445905348928,0.870205444921746,1.4530909363850784,-0.6648511209296757,0.342983858423266,-2.376758345406553
33.0,85.0,999.9992065429688,-0.5824598335339575,0.5900230102309649,4.044366008733508,-1.1771950753744669,-0.2094922256982396,0.8561615004706011,1.4634640134107515,-0.6630574832583793,0.3361660356376275,-2.382823681826869
33.0,85.0,999.9996948242188,-0.580442037649461,0.5912696732983527,4.041913607716575,-1.1807928394521112,-0.2128443620979272,0.8529903426406884,1.461915967935008,-0.6597892452026493,0.3290750138441183,-2.386247424515449
33.0,85.0,999.9996948242188,-0.583174555911878,0.595895882872477,4.049432915372993,-1.1764558114627306,-0.2115413503152288,0.8587721448626411,1.47459160618231,-0.6628322027178415,0.3404841023775251,-2.378345530166807
33.0,85.0,999.9994506835938,-0.586468025441274,0.5972598938319678,4.054745497216741,-1.1736036417386302,-0.2036541436405317,0.8562985288237019,1.4405713629043584,-0.6755098652514331,0.3321772773347664,-2.404451439599453
33.0,85.0,999.9981079101562,-0.5867636063641033,0.5925325458984245,4.0544754721568825,-1.1692868453323446,-0.2090033846394403,0.8547613034741559,1.4483295736664692,-0.6667648098719612,0.3308879064798065,-2.4034488990930085
33.0,85.0,999.99853515625,-0.584573679241557,0.5973616970329587,4.054637953464159,-1.1690588136843036,-0.2141682927696022,0.8512117173193934,1.4629351344762114,-0.6616041289282997,0.3443442241989309,-2.385100600377552
33.0,85.0,999.9995727539062,-0.577341056725742,0.5859775451339155,4.04292249354171,-1.1770818512919208,-0.2110212511369908,0.8658719103593686,1.466641890931939,-0.6632967244386565,0.3281413475668957,-2.3813011070163626
33.0,85.0,999.9976196289062,-0.5793086917702066,0.5872136508101002,4.048138286122649,-1.161676140674624,-0.21145716114437,0.8640996489607966,1.4437823483230074,-0.6692825403792586,0.3432774399685296,-2.382893844145286
33.0,85.0,999.9988403320312,-0.5864191360692317,0.5914620850166568,4.042708481684805,-1.1650115800715506,-0.2078538122128579,0.8624491189378904,1.4541006072161808,-0.6629998113849087,0.3380241598128899,-2.3902704175728773
33.0,85.0,999.9992065429688,-0.5852138266944138,0.5976021419636046,4.060514966537546,-1.1783818130253438,-0.2113865761367908,0.8495285760732827,1.4665225766335492,-0.6709949215146072,0.3372848180666956,-2.39188497228008
33.0,85.0,999.9989624023438,-0.5880352270577847,0.595943536524846,4.0421621184851215,-1.181144476326335,-0.2010389217697596,0.8532112787065271,1.4504145307646563,-0.6682245259294852,0.318658796589526,-2.4046420369199435
33.0,85.0,999.9976806640624,-0.5793654388269287,0.591463237218627,4.051473844530346,-1.1630746416463795,-0.2093208101992543,0.8649845890084631,1.449341223216006,-0.6718574089532323,0.3377810178085578,-2.38665337881206
33.0,85.0,999.9992065429688,-0.5834620981352945,0.5975847969467907,4.039706867344954,-1.168242996537311,-0.2105798291816629,0.8522824895502144,1.4542322964039496,-0.6583809315305498,0.3303063917758919,-2.39467045525595
33.0,85.0,999.9986572265624,-0.5805921001160534,0.5890936835790574,4.04852737819934,-1.1732510461461243,-0.2098675950363828,0.8650114310332793,1.4542180287829334,-0.6683065118255085,0.3346430411996435,-2.386933204897587
33.0,85.0,999.9981079101562,-0.5848901363580215,0.5932529056872413,4.043028819189354,-1.1771838078982917,-0.2083589632902107,0.8545694248565772,1.4594916379929153,-0.6601676791036439,0.3318850686877912,-2.392916790372563
33.0,85.0,999.9981689453124,-0.5889429849836505,0.5970155770840071,4.04827270756784,-1.1850278907739495,-0.2072992413406869,0.8481049699390777,1.4664635818617189,-0.6584240846125606,0.3287161715829541,-2.396127299748575
33.0,85.0,999.9954223632812,-0.5842687870835928,0.5938124949132382,4.059934619116012,-1.1705829903075622,-0.2098950821618981,0.8560330263291078,1.4520456505426669,-0.6722150027642169,0.3368719778266795,-2.393089660588571
33.0,85.0,999.9978637695312,-0.5828445292987228,0.5913431604099042,4.048965144249051,-1.177437838500468,-0.2114061661116437,0.8558193644052192,1.457293588161141,-0.6626286284296228,0.3286068390329921,-2.398613765659716
33.0,85.0,999.9989624023438,-0.5843748688324437,0.5937345824693683,4.06050847467564,-1.181271657321961,-0.2068302769701535,0.8508747369994083,1.4528918632475376,-0.6675292276577602,0.3351301354583,-2.396056943580766
33.0,85.0,999.99951171875,-0.5845451590186475,0.5851866850790577,4.0476819752619,-1.169603802680757,-0.2104937018874295,0.8677147062176189,1.4485827438407508,-0.6699915243975383,0.330586325975883,-2.3952749363049626
33.0,85.0,999.9982299804688,-0.5875498194541571,0.5990794971144862,4.046797172790125,-1.1711804533687582,-0.2072575114425232,0.8543416877267145,1.4573794410223595,-0.6658527306797657,0.3360543097548341,-2.387613632192931
33.0,85.0,999.9982299804688,-0.5875195145991654,0.5903270138823675,4.046192699889948,-1.1765478360406425,-0.20311382338231,0.8593615434709267,1.4476077436988666,-0.6682339108817299,0.3309112598179045,-2.3983767494684285
33.0,85.0,999.9993896484376,-0.5788711591441302,0.5867194689541009,4.0430201044015455,-1.1575652297409107,-0.2085465903040235,0.8675591685501551,1.439231525579503,-0.6698566976912979,0.3321505708053607,-2.391813701347496
33.0,85.0,999.9959106445312,-0.5837344365500465,0.593827899886664,4.052343257789685,-1.1716764318427324,-0.211373375840921,0.8564697339382317,1.459936608192164,-0.6659619931616252,0.3381977813884704,-2.3861447833304
33.0,85.0,999.9993286132812,-0.5816283408007408,0.5966975505269536,4.055729821189047,-1.1754456395562345,-0.2123460400906545,0.8584392619121726,1.4622905076116668,-0.6700887201259356,0.3334140200459599,-2.392154849673489
33.0,85.0,999.998046875,-0.5815500426066293,0.5844616525796802,4.05733833384997,-1.1735246811206128,-0.2099542387302779,0.8596710012726554,1.4572965568628842,-0.6666005245288389,0.3397175770719531,-2.3886569059119505
33.0,85.0,999.998046875,-0.5809021539432919,0.5943035930379263,4.048689731622492,-1.1726523435908782,-0.2119774242783858,0.851485955371432,1.4602513285947074,-0.6616346503923083,0.3342599856024488,-2.388267411825713
33.0,85.0,999.9961547851562,-0.5839017399902833,0.5911564185931573,4.049295925876166,-1.1676347796125368,-0.209736318576243,0.8581665405692229,1.4513016354978348,-0.6657160657085539,0.3377617236571648,-2.390039442549953
33.0,85.0,999.998046875,-0.57910037014386,0.5909352499744394,4.046944328910447,-1.1617613103197972,-0.2091732470490788,0.8662472045330052,1.4505429070476428,-0.6695235912360715,0.3416602599538878,-2.37432482956828
33.0,85.0,999.998291015625,-0.5851955221533975,0.5917296270070791,4.051833319916248,-1.162392161170394,-0.2111921278060915,0.8605838802626167,1.4452375057260571,-0.6686638761706645,0.3401158158505488,-2.396225622843327
33.0,85.0,999.9978637695312,-0.5810473516080377,0.5962274978516913,4.049283755504927,-1.1715328924998,-0.2105235906771927,0.8570897259512176,1.4580947644731328,-0.6678609151164059,0.3347127351964021,-2.39047908040116
33.0,85.0,999.9996948242188,-0.5810154374667746,0.5931108813813335,4.043556535910891,-1.1700726240948005,-0.2092151709756313,0.8515782946400918,1.4506925407564548,-0.6578034401923558,0.3349732155472482,-2.400748118427163
33.0,85.0,999.9990844726562,-0.5861692670199306,0.5928656263834018,4.053838465036691,-1.1685402201062494,-0.2109973400777995,0.8606080069807307,1.4518984995379896,-0.6720805032822259,0.331232592989453,-2.39637505632544
33.0,85.0,999.9987182617188,-0.5846841664501952,0.5888720260964693,4.0565155062085285,-1.1642123143818766,-0.2101404220988563,0.8583284576511554,1.4474685700535035,-0.667724625137522,0.3402845114192789,-2.3934119884846803
33.0,85.0,999.9991455078124,-0.5784980429252577,0.5843471393454722,4.042666048190151,-1.171801878136263,-0.2067021320607374,0.86659883732165,1.4482413121829634,-0.6686440649361085,0.3320443343325223,-2.385616989974704
33.0,85.0,999.9996337890624,-0.5825439762698315,0.5927797768051093,4.051184493585845,-1.162652604933236,-0.2099659327476128,0.8597627196910684,1.46004829300868,-0.6677815372968894,0.338954278455378,-2.382735592121754
33.0,85.0,999.9970092773438,-0.580424860155615,0.5845619582335981,4.049814231809583,-1.1630619313682118,-0.2125820657401984,0.8670437960224149,1.4476071693170445,-0.6663138687342514,0.3394676234051355,-2.386652382873629
33.0,85.0,999.998779296875,-0.5859101679829362,0.590019010690547,4.049678033042948,-1.1712061772788522,-0.2042273048097067,0.857938656825703,1.44036305294677,-0.6681741281996292,0.329576055191386,-2.3996136280941127
33.0,85.0,999.9974975585938,-0.5846792732630837,0.5941543849293032,4.047466143747117,-1.169751732875624,-0.206647988714538,0.8612820735072511,1.4452247714432644,-0.6704122391796776,0.3270392205625958,-2.399646384587459
33.0,85.0,999.9967041015624,-0.5842571038601241,0.5916210033669298,4.0513827726083225,-1.173842771041278,-0.2083645454172735,0.8573848166066087,1.454166140141508,-0.6648100579764424,0.3364098024155346,-2.391287068029398
33.0,85.0,999.9993896484376,-0.5737141220231177,0.5790708120237849,4.045605716695611,-1.155125185300514,-0.2128463376315448,0.8832953238759655,1.453723002548351,-0.6745797715875792,0.3469257904964431,-2.362531479855772
33.0,85.0,999.996826171875,-0.5855898208256454,0.5959539183364271,4.052466647967666,-1.1709196687520589,-0.208966458976386,0.8515617186842492,1.4528101856142852,-0.6676647073103146,0.3309488214931813,-2.399011692249033
33.0,85.0,999.9992065429688,-0.5853324666394704,0.5882431672762554,4.049663506482196,-1.1800431298922105,-0.20792158429047,0.8601306276185383,1.4594853558633183,-0.6611031481363963,0.3329257690300782,-2.391122884631645
33.0,86.0,999.998779296875,-0.5846600075646,0.5922741362156314,4.054757920459833,-1.169274394655289,-0.2047357605485462,0.8567209542810037,1.4478438597792396,-0.669849903170812,0.3369631989374362,-2.3955855923062503
33.0,86.0,999.9990234375,-0.589160454073367,0.5953855130444143,4.052610090506606,-1.1840711880867545,-0.2084944706558067,0.8490430393683477,1.464158784828815,-0.6650564303841664,0.3306445551709736,-2.3958065601471934
33.0,86.0,999.9981689453124,-0.5832613976573544,0.5912357772760615,4.043993335720984,-1.1716009977726376,-0.2094498368863595,0.8578559832954893,1.4538480868750527,-0.6679159947073297,0.3249392866781564,-2.391077384402772
33.0,86.0,999.9987182617188,-0.5846585237595878,0.5941187844451266,4.043264347902756,-1.1705526404954778,-0.2086992358082682,0.8535201838968423,1.4528463132298484,-0.6614197373346444,0.3269933308450978,-2.397553539207876
33.0,86.0,999.9984130859376,-0.5792299027647188,0.5888806389765797,4.053624544266826,-1.166441304876134,-0.2141075329228776,0.8620858541758363,1.45809611589989,-0.6639200996486094,0.3367265969455966,-2.3860799909804244
33.0,86.0,999.9963989257812,-0.5791737578791265,0.5858151384027055,4.052614618628645,-1.1653952716701497,-0.2126797435991285,0.864566204701811,1.458409726363258,-0.6651078856947814,0.3460416035232638,-2.3766312837911503
33.0,86.0,999.998291015625,-0.5817571716298087,0.5910729348236234,4.047105298666834,-1.1670341909290212,-0.2075297069942525,0.8649178634867516,1.4507198885786892,-0.6663707220860289,0.3403893868238405,-2.389218071302772
33.0,86.0,999.998046875,-0.5857170604649262,0.5905380594088196,4.048624593249027,-1.1819068092386456,-0.2050510740067288,0.8559552733355584,1.4536437003113702,-0.6662321414299619,0.3234270109922637,-2.4047219974997724
33.0,86.0,999.9989013671876,-0.5800185822503483,0.5930732150551288,4.06074451621863,-1.156405545799224,-0.2136146223164612,0.8607598597301891,1.4434845022817369,-0.6727630804239348,0.3423477284559384,-2.392335444116886
33.0,86.0,999.9968872070312,-0.5843656035284326,0.6004492411040419,4.05044926351389,-1.1803586975808344,-0.2069989672611001,0.8483145856653804,1.4633411420666285,-0.6650638392762973,0.3289522306829315,-2.396476441906761
33.0,86.0,999.997802734375,-0.5790015183775497,0.5886974605237958,4.04976741558629,-1.159491065672631,-0.2112571882329774,0.8678148576498765,1.4462511432881833,-0.6674956799747029,0.343686836936147,-2.379980044920449
33.0,86.0,999.993896484375,-0.5823805252109171,0.5917299964447125,4.051635611031761,-1.167722646356919,-0.2110080713731834,0.8596399978941394,1.4515981949378869,-0.6678608200887117,0.338207788122328,-2.3896714137213952
33.0,86.0,999.9968872070312,-0.5840396926478455,0.5908891831419147,4.054652577592634,-1.1729367228708103,-0.2089115218765984,0.8603293518018624,1.456027211493918,-0.6692248004296282,0.3411377589440656,-2.389464854158555
33.0,86.0,999.996826171875,-0.5828700336887414,0.5896536862440129,4.052317912240484,-1.160862838346537,-0.2097800976501327,0.8627001916407453,1.4460712587378095,-0.670860991630823,0.3395237611412174,-2.390754666590544
33.0,86.0,999.9955444335938,-0.5807092079517853,0.5884376102438074,4.050530671125493,-1.161896385329022,-0.2125415540113504,0.8600834857264994,1.4472463505008406,-0.6685723742213261,0.3447323734700322,-2.3832995150109406
33.0,86.0,999.998779296875,-0.5819747967058602,0.5892463743513741,4.048403495083699,-1.168834829964911,-0.210063281982002,0.8612283511680658,1.4537471294608988,-0.6674787220712748,0.3392699637925425,-2.390856881112445
33.0,86.0,999.9989624023438,-0.5782965443835844,0.5926499537408558,4.057607857329856,-1.1608600506709084,-0.218411476353654,0.8630081257062505,1.461692711445779,-0.6707814004497052,0.3449416261308275,-2.3740921480242227
33.0,86.0,999.99853515625,-0.5816976805235594,0.6007952481897805,4.053648126996764,-1.1748707490049712,-0.2116170760550444,0.849789826131035,1.4644311338927103,-0.6632693597370158,0.3338464656734299,-2.394091271410658
33.0,86.0,999.99951171875,-0.5857263239855994,0.5958589935762078,4.043048226511543,-1.182982034363122,-0.2050395071810342,0.8517853762738001,1.458200475628903,-0.6642761295091617,0.3209318613737828,-2.4089126012990287
33.0,86.0,999.9990844726562,-0.577604263800934,0.5831305787144316,4.056814993402561,-1.148052588286264,-0.2158891001065264,0.8761579226785177,1.4423238437478425,-0.6715647042357968,0.3509431914813889,-2.3729356156983523
33.0,86.0,999.9982299804688,-0.5838693060077862,0.5917938641017653,4.050588692731795,-1.169829199034231,-0.2081868300787972,0.8572337209839622,1.4458238560981886,-0.6698912171558957,0.3273593202168365,-2.398424505682545
33.0,86.0,999.9986572265624,-0.5870602334991535,0.5936242800371838,4.044290874191489,-1.1815756987288522,-0.2026151611598239,0.85390154199552,1.451341735232072,-0.6653110344819373,0.3250814858910953,-2.4004244288697487
33.0,86.0,999.9984741210938,-0.5892147712315987,0.5972386395094942,4.045978969718142,-1.175594312806922,-0.2034110819566805,0.852977251506001,1.4479853431122756,-0.6677720873242823,0.329109317240527,-2.397948246923081
33.0,86.0,999.9988403320312,-0.5810363579460711,0.5892843179635063,4.050875641915406,-1.1754697463466308,-0.2095804483972854,0.8606199308897029,1.4559442913069685,-0.6671996457965577,0.3264782050468726,-2.3918319673553494
33.0,86.0,999.9954833984376,-0.5791039901821744,0.5884001006347948,4.059447582381777,-1.166529352168606,-0.2127401658907182,0.8644935596628303,1.4571819038672773,-0.6707465815494684,0.3467363122807363,-2.3791020796893347
33.0,86.0,999.9967651367188,-0.5828006065864102,0.5896994162504745,4.054700228510312,-1.1679425399868664,-0.2123601484795045,0.8596430333956926,1.4521115503100628,-0.6664154039094408,0.3376392874808642,-2.395043278978405
33.0,86.0,999.9993896484376,-0.5804542681173643,0.5824222419394456,4.049623348064067,-1.1461023288076957,-0.2143271352771201,0.8815972201468671,1.441076843461893,-0.6711968698455992,0.3476150388915666,-2.376314529317876
33.0,86.0,999.9970092773438,-0.5826722768164005,0.5891107814551209,4.04804950076344,-1.1654805536020811,-0.2115191131576406,0.8659296181887886,1.4510846808742397,-0.6691527051162414,0.337160386989713,-2.386899556059958
33.0,86.0,999.9974365234376,-0.5809517402227717,0.5899868870396023,4.05060342267425,-1.1705031770235403,-0.2086401180688986,0.8627231404130953,1.4535007090439924,-0.6687913150826237,0.3409060662116205,-2.3852773468383
33.0,86.0,999.9974975585938,-0.5834710945518413,0.5927773485496024,4.051491671824234,-1.1711866375848785,-0.2082437294055426,0.8555566894214301,1.448358354649231,-0.6714317424122509,0.3326117068863752,-2.3934011923703573
33.0,86.0,999.9967651367188,-0.5865623986198436,0.5935305604737797,4.050692270412371,-1.174714152595376,-0.2075451298666264,0.8514219394494384,1.4504681523368026,-0.6652497262969224,0.3324818225744552,-2.402827419739028
33.0,86.0,999.994384765625,-0.5814831259631585,0.5879289201961102,4.051419815851489,-1.1649191496733495,-0.209619578564431,0.867462516323096,1.4490404520741764,-0.6691383303807488,0.3380683040661196,-2.389773535496396
33.0,86.0,999.998046875,-0.5792165516793251,0.5883949129765096,4.052527213000554,-1.1730867504220095,-0.2117443674593886,0.860995048996295,1.463336976606799,-0.6644424227407333,0.3407602732762385,-2.3839637698266976
33.0,86.0,999.9946899414062,-0.5845246823918746,0.593365118578677,4.053035968343007,-1.1725533888073023,-0.2071190321203317,0.8577870976743451,1.4523579250766527,-0.6681584166601571,0.3339674697829959,-2.392550933800986
33.0,86.0,999.9994506835938,-0.5890281818003924,0.5943690575189544,4.051909539450209,-1.1717370464296557,-0.2066424150398731,0.8610249810024921,1.453930843952934,-0.6704087274760422,0.3412227819909441,-2.39306397046454
33.0,86.0,999.9974365234376,-0.5853271358502425,0.5883025660933363,4.061998119018508,-1.16958757803775,-0.2097584035084256,0.8598116669776203,1.4491258077029396,-0.6703725646657599,0.3394771220779731,-2.395751625776408
33.0,86.0,999.9988403320312,-0.5840384394233045,0.5913252332980621,4.051136076644909,-1.1613894061965926,-0.2107302832023929,0.8622716249914681,1.4458949944184365,-0.6720468750999915,0.3368065751095841,-2.396426178961023
33.0,86.0,999.9951782226562,-0.5825298453435392,0.5884861950299571,4.058839256268936,-1.167889801994721,-0.2101636238426554,0.8615988378919228,1.447106425220289,-0.6723125658352878,0.3395508183677744,-2.3892639411360053
33.0,86.0,999.9981689453124,-0.585922366488532,0.5913770938620901,4.051667227434537,-1.1731075069158492,-0.2068494338445212,0.8528972925653653,1.4495770963065793,-0.6646343630587879,0.3367722796819343,-2.395355745878458
33.0,86.0,999.9985961914062,-0.5839348171225609,0.5915060644433456,4.056241726101273,-1.179344178218345,-0.2095191725257468,0.8546670616487484,1.4584234338984725,-0.6640378055872898,0.3402051141764373,-2.388652135706381
33.0,86.0,999.9985961914062,-0.5893008210634836,0.5957823975323997,4.0600637838553695,-1.1727776287047256,-0.2065673979607432,0.8515227822167954,1.4472126118496762,-0.6731538176825591,0.3348156592173188,-2.403496628919531
33.0,86.0,999.9987182617188,-0.5876646101167555,0.5983284802771731,4.050771865329086,-1.1712937471676996,-0.2080977020374295,0.8459898913620023,1.4471497170300829,-0.6690349389344412,0.3285030860189408,-2.401739051928492
33.0,86.0,999.996826171875,-0.5842869148617371,0.5918181970022962,4.048570580697154,-1.170453952054202,-0.2081576287832387,0.8567861146159705,1.4498944308300707,-0.6670302746992043,0.3312209701595261,-2.3928153353647
33.0,86.0,999.9967041015624,-0.5815014654193931,0.5912277694779693,4.053222477139039,-1.1646187855470735,-0.2119615823522629,0.8583957611433801,1.449502286152252,-0.6668541806140862,0.3424323467934362,-2.388739758416313
33.0,86.0,999.9987182617188,-0.5811402326739259,0.5854256546871115,4.062237271717756,-1.158066436753209,-0.2132686804978956,0.8694871809338878,1.4466589848140163,-0.6731618355052067,0.3527850928864566,-2.379968080046329
33.0,86.0,999.9952392578124,-0.5868001097925344,0.5991102756398696,4.052004723013308,-1.1765117259477216,-0.2077011938946373,0.8505802605825084,1.4562539830519388,-0.6654367805725157,0.3305609098083266,-2.401359006409893
33.0,86.0,999.9979858398438,-0.5814860943739575,0.5870393447504982,4.056247581037065,-1.1573346273337417,-0.2104157134889215,0.8678546186137943,1.438270176756804,-0.6772119819242999,0.342649187085021,-2.3869117615589905
33.0,86.0,999.999267578125,-0.5804050834724812,0.5836561555614175,4.0507709839737664,-1.1664265284726127,-0.2106400436628481,0.8690894459121203,1.453604322453213,-0.6648841204015019,0.3355358414502838,-2.384177759319803
33.0,86.0,999.9979248046876,-0.5826418703777376,0.5960827991257922,4.056827794367592,-1.1658375612798837,-0.2088981443209823,0.8548488789346456,1.4481764348323756,-0.6709283143244065,0.3450345023142445,-2.3853279453280023
33.0,86.0,999.9977416992188,-0.581522623261086,0.5925480980993623,4.045697737273903,-1.1739427170117374,-0.2090535159098552,0.8544984617914544,1.4585863410089797,-0.6614108125986249,0.3269976505856853,-2.3961205211516274
33.0,87.0,999.99755859375,-0.585557365926519,0.595771335536261,4.049382486543303,-1.1802443015175768,-0.209592242005546,0.8503967440484717,1.4604657856174166,-0.6655172559457556,0.3303549742696106,-2.394597603788984
33.0,87.0,999.9954223632812,-0.5823972561870399,0.5884693359412205,4.051508511615765,-1.1681670293623745,-0.210144323137837,0.8613761313971118,1.4503830204914134,-0.6669638450919209,0.3361545303813482,-2.3914719653221828
33.0,87.0,999.9974975585938,-0.5778895357094953,0.5847978820017463,4.0472192890587895,-1.1618043424944364,-0.2100234797894149,0.8720886599830493,1.4448134907418462,-0.6707263902735257,0.3403418433551595,-2.381540052071616
33.0,87.0,999.9981079101562,-0.5863472556652471,0.5961913625818731,4.047984217660726,-1.1748969560444085,-0.2056292028984643,0.8531302123223048,1.4568703195901032,-0.6655657912245392,0.330275593598567,-2.4023955258782466
33.0,87.0,999.9988403320312,-0.5785756132118456,0.5907361261783279,4.04553487085064,-1.166932184746288,-0.2089640164654245,0.8680706608835651,1.455560372022214,-0.6662034368407141,0.3326388989814184,-2.388742772942296
33.0,87.0,999.9983520507812,-0.5863712560871539,0.5910985094598056,4.043131647664021,-1.178882884519011,-0.2033341183592414,0.8566164694587277,1.4490304065569246,-0.667040863409488,0.3269454142033536,-2.399442684625744
33.0,87.0,999.9983520507812,-0.5834382548648263,0.5924917723850083,4.057373722511551,-1.1648889347678844,-0.2119871802907749,0.8566078282570144,1.4496501387647367,-0.6668930447869208,0.3491115036960437,-2.3844621828669417
33.0,87.0,999.9974365234376,-0.5817772029409776,0.5923953249789466,4.062896989624431,-1.165825030345839,-0.2115185505852421,0.8619975904305468,1.4503566502915275,-0.6738226315679521,0.342082871499314,-2.389082685670264
33.0,87.0,999.998779296875,-0.5914730482414168,0.5986800088166291,4.054222164937077,-1.1833246679288392,-0.2033784713917672,0.8481317809177549,1.4478640114797088,-0.6661027434859994,0.3286911453501551,-2.410850802540315
33.0,87.0,999.996826171875,-0.5831925891929828,0.5975718771971925,4.051761896417007,-1.175373923817422,-0.2055591172527755,0.8571087905043449,1.4566142514646794,-0.6680028555607445,0.3315652163022795,-2.395817928083211
33.0,87.0,999.9974365234376,-0.5801692342381282,0.5857066638163957,4.050824146727916,-1.162985623095116,-0.2095319603843561,0.8671104586055467,1.4520285547571934,-0.6679385711561672,0.3419657863888306,-2.383977395996297
33.0,87.0,999.9967651367188,-0.5838720290781696,0.5912960656807256,4.052205611744853,-1.1643952393906805,-0.2103490007889528,0.8587076098833082,1.4507715052181585,-0.6676455609889977,0.3400078512983473,-2.3892912342930184
33.0,87.0,999.9967651367188,-0.5862682315276961,0.5971430233763506,4.0525797224907,-1.1753745412778347,-0.2070183189984416,0.8558665887196506,1.4544118893281963,-0.6697843824387997,0.3279944268287194,-2.402370123690246
33.0,87.0,999.9951782226562,-0.5841710193021683,0.5976180059608938,4.052365932173435,-1.1676278219837228,-0.2093896049200125,0.852609890521717,1.451122080472759,-0.6682703241460937,0.337971160308637,-2.391792739417068
33.0,87.0,999.9982299804688,-0.5791381714464467,0.5835050943456785,4.050792275080379,-1.1523312551433036,-0.2153364729619546,0.8739763169607446,1.4442650403402535,-0.6716941442487006,0.3461790416318022,-2.382161041175844
33.0,87.0,999.9991455078124,-0.5762996837574805,0.590631425915765,4.060529587973317,-1.1575508998765525,-0.2166395288781366,0.8701329847406409,1.455098952471591,-0.6709349218537621,0.352616963287006,-2.369273699904362
33.0,87.0,999.9983520507812,-0.5843697393357381,0.5922153690449639,4.048846193353313,-1.1673683936129111,-0.2090760469276196,0.8620547633040578,1.4488642372561769,-0.6676122646733349,0.3369097876069133,-2.394875952604152
33.0,87.0,999.9981689453124,-0.5813227310937474,0.5918863908177796,4.061867099071426,-1.1712827343006986,-0.2136029151092451,0.8544266121936692,1.4581605898209755,-0.6684395602741464,0.3456029753043115,-2.386497346703006
33.0,87.0,999.998291015625,-0.5834970046342933,0.591771906737959,4.062630880571557,-1.1726830739451568,-0.2101698009622241,0.8553427150708623,1.4489772596012056,-0.6709048473577228,0.3382868932334499,-2.394233074213644
33.0,87.0,999.9982299804688,-0.5808714258624619,0.586383531329675,4.049958443837138,-1.1735961865581903,-0.212954982700376,0.861640593211769,1.4615071149219263,-0.6646259429443404,0.3351910402855971,-2.384730012070344
33.0,87.0,999.997802734375,-0.5843662947214083,0.5951830450374276,4.043203782547156,-1.180791793418205,-0.2073116218081878,0.8563751669630282,1.4627519703427725,-0.66555065029464,0.3236984170335022,-2.394421088748382
33.0,87.0,999.9974975585938,-0.5810773263186766,0.5897302881212143,4.051634044852477,-1.1614344302811928,-0.2096877575170213,0.8673225249826437,1.4442182358161515,-0.6724115708479514,0.3434619179159206,-2.3814536709835417
33.0,87.0,999.9981689453124,-0.5807917838690555,0.5863914024600607,4.05586734668692,-1.1653705333752673,-0.208263427833045,0.8679729242904113,1.447101594588883,-0.672809252558725,0.3445995467315876,-2.3816382836862484
33.0,87.0,999.9967041015624,-0.5788656930148859,0.5892997152109505,4.057190546692869,-1.170172264433603,-0.2112879298791652,0.861787437296357,1.4563789864321652,-0.6701669661524274,0.3432641742886773,-2.3839962532937897
33.0,87.0,999.9987182617188,-0.5793444908055942,0.5835318294582592,4.05241236449522,-1.1650824090141478,-0.2117127809354873,0.8703609572888462,1.4538385050261482,-0.6650894950834649,0.3379618389868604,-2.38591486921963
33.0,87.0,999.9972534179688,-0.5774346524503162,0.5847955606102806,4.050051965796994,-1.1532186364847763,-0.2133964896154765,0.8722596665286666,1.446552303186314,-0.6686061879236052,0.3475153970514562,-2.374849294917688
33.0,87.0,999.99853515625,-0.5772079853637182,0.5864014439935703,4.059730132565601,-1.1547824075590314,-0.2135548520427326,0.869086708613044,1.4455772944449343,-0.6708651607006901,0.3555142987430217,-2.3820334231413343
33.0,87.0,999.9962768554688,-0.5806602219150916,0.5929482234123027,4.053983585895407,-1.1644376803741,-0.2136906389399282,0.8587164506878322,1.4537097036261717,-0.6644875551795586,0.3423329230244487,-2.3876115298808207
33.0,87.0,999.9976196289062,-0.5807845063757533,0.5912680938209878,4.0518647911180175,-1.173154900878279,-0.2091031788037547,0.8552829738359495,1.4518811347548013,-0.6677246173463907,0.3314314671389269,-2.3889257772283563
33.0,87.0,999.9965209960938,-0.585914901229434,0.5975127678395715,4.055602718397289,-1.177667468633774,-0.2084727867622495,0.8487606851811371,1.4554174451012427,-0.6687337857269231,0.3346827779295012,-2.394403582532638
33.0,87.0,999.9966430664062,-0.5798330319565386,0.5853899044858144,4.055624578530294,-1.1647817891916803,-0.2111338744579081,0.8688085520886872,1.4498828338404746,-0.6692715118540296,0.3441388830915501,-2.3869003829373465
33.0,87.0,999.9985961914062,-0.5849314516609567,0.5891146095336408,4.057111569712298,-1.1709496095350946,-0.210429281763381,0.8579685781696593,1.4544685623351423,-0.664416933296633,0.3465632828549569,-2.386873401757985
33.0,87.0,999.9963989257812,-0.5836633102892428,0.5922746025334984,4.046907792145438,-1.172643166124003,-0.2088284854514217,0.8571796151648226,1.4558577620601252,-0.6658458610819871,0.3312799247236322,-2.3912234168735607
33.0,87.0,999.9985961914062,-0.5826591365996565,0.5863728555359309,4.05809198338174,-1.167618622879576,-0.2124800421086368,0.8649718492516891,1.4533859844367978,-0.6684358172986471,0.3467632688454527,-2.384597435219689
33.0,87.0,999.99755859375,-0.5788049163330662,0.5859059620786065,4.055236122696124,-1.155419420866346,-0.212449933790106,0.8679777917352007,1.442335331051967,-0.6705844125757778,0.3508084474333452,-2.3845588615436526
33.0,87.0,999.9955444335938,-0.5810040734240323,0.5894013863379186,4.049671795624061,-1.1695759171133124,-0.2098887758197118,0.8617412904058561,1.4532162810569087,-0.6659799547216885,0.3369207389843893,-2.386904335912096
33.0,87.0,999.9971923828124,-0.5833186275030435,0.5911581381425908,4.056761706475472,-1.1696852751924274,-0.2098751667415594,0.8604012546421567,1.452376663247792,-0.6665522768115677,0.343086738312226,-2.391049805012677
33.0,87.0,999.9988403320312,-0.5834418299601882,0.5869589743856407,4.055311119978223,-1.1730199856386507,-0.2127389609977186,0.8609435571341129,1.453433064169447,-0.6647263110357562,0.3394522686786398,-2.3936993553135726
33.0,87.0,999.9957885742188,-0.5818973734319659,0.5917059366375108,4.057867623681672,-1.1724145500158616,-0.210183791303101,0.8571453965017835,1.4541059196100292,-0.670631790895194,0.336853145692789,-2.394989450178644
33.0,87.0,999.9982299804688,-0.5877100860744546,0.5929259710071815,4.050577140191212,-1.174805235522812,-0.2082969645999961,0.8523480206813066,1.4520889698427686,-0.6676427312104085,0.3337771342212292,-2.3933160287203274
33.0,87.0,999.9973754882812,-0.5831644990343392,0.5981474652892125,4.052781127685339,-1.175914986864242,-0.2084440536474776,0.8550109684035068,1.460173695656306,-0.6679594126397612,0.33449687507599,-2.3919844140259734
33.0,87.0,999.9981079101562,-0.5899822209131731,0.5997769775709125,4.048767137425521,-1.1806776386182791,-0.2046469958452395,0.8437202409495494,1.453646473052844,-0.6636248585491336,0.3199943994309295,-2.408807190652849
33.0,87.0,999.9979858398438,-0.5852405138980252,0.5906595395180734,4.044951386423177,-1.177696810898067,-0.2077997097565678,0.857591381448489,1.454536828880646,-0.6650190559583677,0.3284163122355661,-2.395710377214072
33.0,87.0,999.9990844726562,-0.58393844837535,0.5907187635996101,4.045439759437441,-1.1810547295842069,-0.2054372688780521,0.8615267797498998,1.4594797312234995,-0.6644928453569348,0.3268515810507484,-2.392192212562935
33.0,87.0,999.9969482421876,-0.581480484221589,0.5935656300015282,4.058983575608391,-1.1626041613649192,-0.2122498582486791,0.8616674519071985,1.4559438950397965,-0.6727535176486334,0.3467296611445398,-2.3802050452982213
33.0,87.0,999.998046875,-0.5894920182926411,0.5941772120344417,4.057577900786974,-1.1787659311735772,-0.2041422741131713,0.8539714103642755,1.4549964278955445,-0.6697220735873959,0.3356116108521432,-2.39624994107718
33.0,87.0,999.9974975585938,-0.5830138093037078,0.5909764665161488,4.055752876670022,-1.164050501038524,-0.2109894292524696,0.8591863324198723,1.4511692199647437,-0.6707421381880572,0.3403014891229263,-2.3908620828694014
33.0,87.0,999.9979248046876,-0.5768961013409113,0.5839229934053716,4.061785058751898,-1.1526172197130902,-0.217286860357099,0.873309466398366,1.4492334551472543,-0.674150696420436,0.3580870216349865,-2.372096065118283
33.0,87.0,999.9979248046876,-0.5801253657503977,0.5867683606812966,4.05426492125018,-1.1665721557644222,-0.2121872482033548,0.862879069554384,1.450650399643446,-0.6657282537009488,0.3476776796695349,-2.379883745045567
33.0,87.0,999.998291015625,-0.5795574327021633,0.5859614007160161,4.049119010054117,-1.1621391753962511,-0.2143903963061424,0.8648836277264085,1.45006260777307,-0.6675540876490196,0.3422040517028,-2.377444540780625
33.0,88.0,999.9965209960938,-0.5807624646558445,0.5908193959149486,4.050870905228805,-1.1719555362959992,-0.2102036331109902,0.8576858048791678,1.455536581795366,-0.6649486456193401,0.3373972311999864,-2.3860173074083617
33.0,88.0,999.99658203125,-0.5855001014378916,0.5933574005713513,4.052598583540545,-1.1689760491087275,-0.2070799550026905,0.8577357386626421,1.4470264799818846,-0.6698816207206848,0.3329658487783513,-2.3955572483589567
33.0,88.0,999.9954223632812,-0.5808632271716165,0.5929304083920357,4.053641840387122,-1.167549008353097,-0.2122841226713516,0.8599307168767654,1.4563672689003422,-0.6683542924940031,0.3384394254910745,-2.3829198632453217
33.0,88.0,999.9970703125,-0.5864009503412841,0.5980147103975044,4.052446464647657,-1.1741528301854758,-0.2078731662360518,0.8513714089764193,1.4533683970583802,-0.6702377302660025,0.3298769907454888,-2.39715099279028
33.0,88.0,999.9963989257812,-0.5800942242510647,0.5896980041942701,4.053013392197451,-1.1648652499935013,-0.2125162999487875,0.8620246893331585,1.4524664537041856,-0.6649124855946846,0.343450464902574,-2.3869125700815434
33.0,88.0,999.9955444335938,-0.58361229233922,0.5936673791462006,4.054338741611854,-1.173369542119977,-0.2113404395738811,0.8569626038031588,1.459815218897809,-0.6658061731796288,0.3388891101708218,-2.3866724743251506
33.0,88.0,999.9946899414062,-0.581171054554301,0.5895347431786204,4.052021246827627,-1.1626291502660409,-0.210440695250905,0.8628619512390703,1.4460920297680353,-0.6687766065951166,0.339291119713927,-2.388869731353465
33.0,88.0,999.996826171875,-0.5824398492165113,0.5907195237632177,4.052856229282325,-1.164698650939271,-0.2116055744861684,0.8632488453562273,1.4485425171838129,-0.6723353307737332,0.339108357655796,-2.390349523177121
33.0,88.0,999.9970703125,-0.5844876663945007,0.5948080108877809,4.0565855246364375,-1.1748601754787726,-0.2088550271614453,0.8526717209039001,1.4570709865694038,-0.6681390427153042,0.3320366507033849,-2.3968120865482403
33.0,88.0,999.996337890625,-0.5804118055962135,0.5919071477396933,4.05263084475993,-1.1712183406170378,-0.2127855217581276,0.856406148286756,1.4571196159994226,-0.667072286215662,0.3368161936551956,-2.385265784167561
33.0,88.0,999.9976196289062,-0.5813298612860045,0.5956458803209124,4.059546443624068,-1.1697388230979406,-0.2115132391635592,0.8548417116736893,1.455793761896663,-0.6706729525350443,0.3450537514846639,-2.3855597470874668
33.0,88.0,999.9979858398438,-0.5861713221467584,0.5949506962279614,4.050890470307685,-1.1694175854224351,-0.2090778149880385,0.8525668282080279,1.4534795511097842,-0.6656450608937234,0.3350671964904972,-2.396886216605276
33.0,88.0,999.9972534179688,-0.5834507494770973,0.5964587607296306,4.056995909490867,-1.178095365329794,-0.2113611703864739,0.8508845574151849,1.4686548431970747,-0.6639045188076311,0.3398282560211685,-2.385228091531344
33.0,88.0,999.9984741210938,-0.585658282914368,0.5942201070797006,4.055636290142001,-1.1747833857524768,-0.2086461410520934,0.8511991259113483,1.455583903301636,-0.6677442635685624,0.3400864719162841,-2.393719200591634
33.0,88.0,999.9962768554688,-0.5851689366920603,0.5954487357789242,4.051680906036264,-1.1724102471038762,-0.2065696393414846,0.8563906177171807,1.4515420993551542,-0.6710593749848979,0.3329507515757166,-2.3945626458493137
33.0,88.0,999.9967651367188,-0.581462037411705,0.5917199585445365,4.055653999800168,-1.1661720102680375,-0.20959286099486,0.8635541459564324,1.4512961729394114,-0.671672541180202,0.3400052429578029,-2.3930256452122096
33.0,88.0,999.9970092773438,-0.5844426243397365,0.5917311565519565,4.058432507074032,-1.1691486950876353,-0.2085860128576211,0.8599605283404044,1.4563149192591318,-0.6674645106019081,0.3449831508120322,-2.3868153233218825
33.0,88.0,999.9976806640624,-0.5894310704131227,0.5987730836083269,4.052646036536014,-1.175346629827985,-0.2073186039381394,0.8474175348116129,1.4531911906343629,-0.6667914213183161,0.3337482094408468,-2.4009029728255444
33.0,88.0,999.9984741210938,-0.5848518658815323,0.5932612374980124,4.054668926105542,-1.1751188997297728,-0.2074669111035039,0.85584134583923,1.4523951024979906,-0.6735091948843035,0.3325199887470678,-2.3970197399682647
33.0,88.0,999.9974365234376,-0.584909867267517,0.5928887250499191,4.05187036602258,-1.164462885745655,-0.2054914059390498,0.8611366932154629,1.4413406071587025,-0.671353597439114,0.3349768440422096,-2.3961447189360467
33.0,88.0,999.9974365234376,-0.5860624026834351,0.5979764889207386,4.05218507339211,-1.174985821125306,-0.205288431939242,0.8534851120250107,1.4496458691990457,-0.6701890969192297,0.3329910023347224,-2.3966216929887283
33.0,88.0,999.9978637695312,-0.5798579440512039,0.5910543398609791,4.054760677522172,-1.1618741181577326,-0.2131987741023628,0.8614486299864756,1.4485949943789436,-0.6683176249166509,0.3386518862643939,-2.38790551495656
33.0,88.0,999.9973754882812,-0.5802825483902447,0.5908160080609237,4.052122685936554,-1.160193539021685,-0.2094391328615295,0.8685546302035876,1.4439454744078049,-0.6711801746162429,0.3396847315266758,-2.3887330271230334
33.0,88.0,999.9977416992188,-0.5802317443183886,0.5893972839223425,4.051221316056731,-1.164274122615624,-0.2133465901355205,0.8595244123143084,1.448493420235044,-0.6692219511816644,0.34217426945232,-2.3847469123103493
33.0,88.0,999.9970092773438,-0.5813915232769249,0.5881620965907661,4.053428366215098,-1.1644957039898385,-0.2107994398855437,0.8619403870906117,1.4467519822226187,-0.6696507906884728,0.33574208485045,-2.394698363204556
33.0,88.0,999.997802734375,-0.5828171106539459,0.5973305576241703,4.053005168439968,-1.1708632666676362,-0.207674588649148,0.8601272017923565,1.4565268867224097,-0.6702196149866859,0.3341823817045082,-2.393916165339516
33.0,88.0,999.9971313476562,-0.5810544438128744,0.5906545735434809,4.051929429308391,-1.165269178067538,-0.210075694417692,0.8611737774685357,1.4478954699176398,-0.6695295681582216,0.3392866877555001,-2.3927548518606905
33.0,88.0,999.9969482421876,-0.5821373526241196,0.5879929266134294,4.051803953710243,-1.174013158724235,-0.2086922256657182,0.8631494500799866,1.455559863020465,-0.6689348346266568,0.3324041456176019,-2.390954075652529
33.0,88.0,999.9945678710938,-0.5856775018004061,0.597811207361242,4.052760177209855,-1.176215900181068,-0.2084773974718743,0.8511718224798361,1.458444912408103,-0.6664467885847891,0.3316671348100142,-2.3929524141795424
33.0,88.0,999.9976196289062,-0.5790557083437973,0.5867036019224035,4.05999512623332,-1.1655485673310475,-0.2101617121037398,0.8656470693242575,1.4500297495717651,-0.6716972006304527,0.347625383130147,-2.3843198134757992
33.0,88.0,999.9984130859376,-0.5863268583833969,0.5938004516097948,4.0569116579983895,-1.1684416373128397,-0.2083413458678418,0.856581330943655,1.446462672511302,-0.6715353593128262,0.3338142498966254,-2.403218042707901
33.0,88.0,999.99755859375,-0.5828730367631243,0.5939172854561239,4.055641438345361,-1.1741207519555266,-0.2097501978442313,0.8527455458658988,1.449510431730627,-0.6673552013707136,0.335622979416299,-2.4011189798601453
33.0,88.0,999.9989013671876,-0.5782249361766691,0.5873456871962981,4.054516707721884,-1.157999784517739,-0.2119647160227886,0.8708695029327673,1.4460807138558185,-0.6688346912314138,0.3448649748201617,-2.3819702092328434
33.0,88.0,999.9957885742188,-0.586038364837342,0.598014734409479,4.049032963998124,-1.1822072560849683,-0.2068817943667724,0.8478883855818262,1.4597109110745858,-0.6631961119962675,0.3260164541142183,-2.398198842137444
33.0,88.0,999.9968872070312,-0.5833748680929478,0.5908995307374765,4.047388594026309,-1.171935072173418,-0.208609184557754,0.8581442149904062,1.4529560444329794,-0.6671519218546091,0.3290550105159529,-2.3984816068889425
33.0,88.0,999.9968872070312,-0.580393180316614,0.5926372100679833,4.053013358623543,-1.1655918868865704,-0.2098253223558677,0.8628722222608776,1.4532514003609176,-0.6691149505296634,0.3404383566431788,-2.3884756970605907
33.0,88.0,999.99560546875,-0.5818680068018427,0.5943572880758419,4.051714182594022,-1.1655201614915214,-0.20972510300688,0.8611215086472201,1.450624322445644,-0.6684801484116285,0.3350420232324325,-2.39181081239456
33.0,88.0,999.9974365234376,-0.5786765864104844,0.588217247491384,4.054336795057928,-1.1581130689527708,-0.2134126307827859,0.868929651359279,1.4564606804273268,-0.670039175482696,0.3456319324546566,-2.381587074714442
33.0,88.0,999.9984130859376,-0.5816670350833704,0.5947927427155362,4.058362251091015,-1.1649135225456029,-0.2127446547988256,0.853351743713942,1.450406796159438,-0.666495057377837,0.3461515678985982,-2.390483240093942
33.0,88.0,999.9970703125,-0.5847001808015522,0.5932444934647272,4.044434840753844,-1.172261287434453,-0.2091515863885877,0.8562956402055821,1.45570197574626,-0.6627934525690229,0.3343555636639896,-2.388486237105892
33.0,88.0,999.9988403320312,-0.5774438911891071,0.582986026656255,4.052635191685335,-1.152999552254088,-0.213484893269598,0.8722727730152036,1.4402026858529835,-0.6697075511669448,0.3489862173166962,-2.3765219695593536
33.0,88.0,999.9967651367188,-0.5816604827100793,0.5946621819391327,4.052075212951573,-1.1747884534677846,-0.2097193206810255,0.8589147965649051,1.4588692476832783,-0.66827908984971,0.3356293651505453,-2.387548658200985
33.0,88.0,999.9969482421876,-0.5841562119016039,0.5903772622571655,4.058204594441634,-1.1731215483069617,-0.2109432742906705,0.8556367335034558,1.4539300841015417,-0.6670039807365189,0.3371309632613197,-2.393002052786834
33.0,88.0,999.9977416992188,-0.5782411180034268,0.5887793322656387,4.055526867749732,-1.1694923056649742,-0.2144577867970527,0.858797675855369,1.456009873232191,-0.6662354034116662,0.3397898921584499,-2.385574364703376
33.0,88.0,999.9957885742188,-0.5838143940793161,0.5933566579557876,4.054079493643389,-1.1749247872484707,-0.208233063766789,0.8551200023634022,1.4562239488596438,-0.6683857732066061,0.3356257599825145,-2.396422719339792
33.0,88.0,999.9967041015624,-0.5813119897533339,0.5909114098804027,4.049923149828912,-1.1698864568228018,-0.2094754557355367,0.859162177603217,1.4521180297942005,-0.6693168840799011,0.3352786107948491,-2.393362492621047
33.0,88.0,999.9979248046876,-0.5821458977368552,0.5901322494878292,4.05121979759398,-1.1642627378357733,-0.2092170068795438,0.8663171545164481,1.4462622078378828,-0.6714572657028661,0.3409364129687375,-2.382829719888125
33.0,88.0,999.9971923828124,-0.5826629976272084,0.5943176085782582,4.048121633694681,-1.1720401296802918,-0.206717523017204,0.8577431337875305,1.4526628159255497,-0.6675414820845935,0.3351412574523751,-2.391103497771784
33.0,88.0,999.998046875,-0.5838032081963798,0.5964257546236897,4.051975822698156,-1.1744230474259658,-0.2108042736303197,0.8487208817452396,1.459171082482193,-0.6677635864589497,0.334677741450462,-2.3901682793497265
33.0,88.0,999.9959106445312,-0.5847264307591518,0.5948178549968208,4.054593901094698,-1.177118509993316,-0.2083543653516697,0.8500729766727533,1.4559734888748626,-0.664532632041908,0.3332548598385916,-2.3990886867314605
33.0,89.0,999.9956665039062,-0.5821182841860075,0.5900720353549467,4.056026379728383,-1.1671295223447502,-0.209845444318458,0.8620779411782653,1.4517756637006531,-0.669476526367351,0.3401742179314384,-2.3927808088917675
33.0,89.0,999.996826171875,-0.5828541451754639,0.5963839807921651,4.0547739953909065,-1.173126467560543,-0.208464489547417,0.8542356383744396,1.45269814775774,-0.6670506105443739,0.3381455529961155,-2.391388175309776
33.0,89.0,999.9965209960938,-0.5799373082598365,0.5919143680473198,4.05284049370991,-1.1597989125864228,-0.2113991321712243,0.862283610160743,1.4465009996029643,-0.672101618412654,0.3441103570504271,-2.3818025228680013
33.0,89.0,999.996826171875,-0.581146307192344,0.5904208703188543,4.051255483604878,-1.17247934971505,-0.2101997281506449,0.8597844657066602,1.454084652686095,-0.6665962015786766,0.3362729447659598,-2.387982952478761
33.0,89.0,999.9963989257812,-0.5838541690865222,0.5941434580322777,4.050608872308416,-1.175563609138056,-0.2066554603769539,0.8572597143042238,1.4572171397711609,-0.6674021938766019,0.3326652643959331,-2.392804385651073
33.0,89.0,999.9973754882812,-0.5862557660533891,0.5990941725529808,4.051839172741559,-1.1851101910930757,-0.208254160008928,0.8481723803165133,1.466784151945494,-0.663063135342175,0.3271375417400444,-2.399139413021288
33.0,89.0,999.99755859375,-0.5837138014902097,0.5923817037075203,4.047493394392628,-1.1703493382375347,-0.2111823419066025,0.8575408266785676,1.4576753188185867,-0.6661884126110884,0.334630342938226,-2.3902202858525
33.0,89.0,999.9981689453124,-0.57978449919871,0.5892411898064172,4.052580529830131,-1.153579600449545,-0.2118207637694693,0.8691718825317647,1.4408964277012002,-0.6715579132289147,0.3466054349876444,-2.385632547421156
33.0,89.0,999.9964599609376,-0.5800414278065862,0.5855729121363487,4.052231982813181,-1.1646559132683891,-0.211706152054333,0.8655520480786372,1.451764072973604,-0.6674015785842382,0.3445649008259668,-2.380655867726116
33.0,89.0,999.9966430664062,-0.5804146475315193,0.5919473333318841,4.057280761057076,-1.1708722524169062,-0.2118259968377982,0.8573256801201303,1.457307459362144,-0.6674672297335862,0.3398467787941852,-2.3852331761133145
33.0,89.0,999.9973754882812,-0.5806921775269505,0.5956081141610969,4.053827342504887,-1.1593395220408724,-0.2128759011086316,0.8595940482710409,1.4473640656428852,-0.6714038257222805,0.3441374164634201,-2.3828343276806168
33.0,89.0,999.9962158203124,-0.5821900649056326,0.593116133617797,4.053797134734721,-1.1680531016775402,-0.2106731758726301,0.8569400140768204,1.4537697768021849,-0.6665384548754112,0.3405495567992833,-2.390894304394158
33.0,89.0,999.9959716796876,-0.5826013853994203,0.5926410361852197,4.051892075407489,-1.1701561503528084,-0.2116308170283058,0.8577520996945429,1.4565711948200717,-0.6684100240682191,0.3378714151498849,-2.388301489880364
33.0,89.0,999.9971313476562,-0.5805272932212215,0.5903805636840511,4.0568727020889295,-1.1644570032329042,-0.213427239022776,0.8587000433063761,1.450626654026066,-0.666746903247363,0.345679724727697,-2.386722732507836
33.0,89.0,999.9957275390624,-0.5870614428184915,0.5946859156484692,4.051202302117595,-1.1735020872540305,-0.2061256950669836,0.8566163065047832,1.4497325734800786,-0.6685705913959996,0.3328100594880201,-2.395880227546088
33.0,89.0,999.9954223632812,-0.5877174150306157,0.5981905645478189,4.049391845455984,-1.1801483366583208,-0.2071129101573268,0.8476997169950282,1.4574941655835918,-0.6650546569490903,0.3244755042105121,-2.4028269444562795
33.0,89.0,999.9974365234376,-0.5849727067667931,0.5955210731383414,4.055228108053708,-1.1725721579295274,-0.2098832155724892,0.8502309121746832,1.454530694242684,-0.6638227850906278,0.3361231158743649,-2.3933285538976063
33.0,89.0,999.994384765625,-0.5841195685620235,0.5932843017176106,4.051236865335323,-1.168591798105378,-0.209407256875207,0.859290236846812,1.4509410882745737,-0.6681911506102187,0.336426952236315,-2.393428809598201
33.0,89.0,999.998291015625,-0.5813739732233811,0.5910871201380399,4.059323787591509,-1.1721652542495056,-0.2117087041584806,0.8600546328289411,1.4554496175854483,-0.6690647909062077,0.3395904137481125,-2.3930845470737685
33.0,89.0,999.9956665039062,-0.5827903522716458,0.5922818343041207,4.050339004315715,-1.1685577401150449,-0.2080086457599961,0.858944250048383,1.4495920469743693,-0.66945026634244,0.3366514389808852,-2.3920817061832924
33.0,89.0,999.9971313476562,-0.5801332599502702,0.5943484566210913,4.049817446006681,-1.1670414459748053,-0.209842050779593,0.8577594412945668,1.4528453296401,-0.6681994094746022,0.3354269036377815,-2.3907642176008603
33.0,89.0,999.9970092773438,-0.5804389331027693,0.5892348359604416,4.05232512090242,-1.1751521258578697,-0.208949081333162,0.858001010529696,1.4538797274922557,-0.6665016962240866,0.3330851349868329,-2.3937992444171567
33.0,89.0,999.9962158203124,-0.5846553857901675,0.5966962008574299,4.057930953977845,-1.1728668732684309,-0.2086548018511793,0.8506310399995423,1.4549075716586657,-0.6677172569009544,0.3349899788179291,-2.395893043358085
33.0,89.0,999.995849609375,-0.5826091473385766,0.5955225251719192,4.054925305173804,-1.169362838081009,-0.2124935966675272,0.8546765456303609,1.452579778049344,-0.6674470024142751,0.3391607052564485,-2.3887997471460407
33.0,89.0,999.99609375,-0.5798705029659983,0.5895817853465148,4.052013297458187,-1.1663627065084858,-0.2112422802360187,0.8635150002876895,1.4501851797417231,-0.6684983499071349,0.3365587097372025,-2.38904405706547
33.0,89.0,999.9969482421876,-0.5819481583466954,0.5944617406771346,4.0530232223716,-1.1630144132535165,-0.2105694558198481,0.8620748823851008,1.4507217688847422,-0.67188472075589,0.3414951073759518,-2.3865790142681336
33.0,89.0,999.9968872070312,-0.5825983718540249,0.5934097293040965,4.049545772423006,-1.1707854180417736,-0.2074025771919183,0.8609019310151611,1.45177076384961,-0.668735469116994,0.3358007335655006,-2.3919616931527976
33.0,89.0,999.9962768554688,-0.5835618900602126,0.5935865420239033,4.047262981218861,-1.1717026293946913,-0.2075938835330077,0.8582501548764885,1.454364518242869,-0.6660279955430326,0.3311436666856533,-2.3933015046417023
33.0,89.0,999.9959106445312,-0.5858674734790172,0.5955366991103794,4.053747340073366,-1.1735933705551989,-0.20942278479676,0.8554986956155988,1.458839687311528,-0.6681413105013991,0.3375190083761463,-2.387344190583069
33.0,89.0,999.9957885742188,-0.5817179540376518,0.5916585162600736,4.054861997790731,-1.1697866266230044,-0.2120239438872087,0.8582671014832002,1.455989282153089,-0.6673208327356086,0.3382034926561879,-2.391723919358954
33.0,89.0,999.9957885742188,-0.5794934257897246,0.5898097576807126,4.05199930691213,-1.1636315846039065,-0.2110580036332878,0.8640689757813291,1.4530684417161197,-0.6677088664488062,0.3407500181297003,-2.3867301254927
33.0,89.0,999.9967041015624,-0.580393144458129,0.5871334202618614,4.052438525444229,-1.1661030696719878,-0.2102980594144803,0.8644824567947023,1.4506744582812034,-0.6702500142858732,0.3382873730211369,-2.3875479515977456
33.0,89.0,999.9972534179688,-0.5819846283020009,0.5964982415908242,4.049998460689801,-1.169040540768509,-0.2098189289765502,0.8550928754517253,1.4534082909672277,-0.6676108782259451,0.3349394575439666,-2.385749661043607
33.0,89.0,999.996826171875,-0.5813635914831545,0.5955871540801736,4.049601232084642,-1.1658764537804365,-0.2124135017473403,0.85629802869886,1.453200402060526,-0.6664888134102025,0.3374994015119981,-2.38720200088603
33.0,89.0,999.9959716796876,-0.5814254750268582,0.5937389544550156,4.05227868326959,-1.1672693824236906,-0.2091021917390589,0.8600893038912414,1.450682141368075,-0.6707848253999211,0.3375845193870139,-2.3884521154981906
33.0,89.0,999.9979858398438,-0.5844846077137298,0.5961833036371118,4.0547136556820025,-1.1695641974587767,-0.2095510251337149,0.8528185500480978,1.4496233380117571,-0.6679034777290136,0.3326699712891612,-2.4019669810301503
33.0,89.0,999.996826171875,-0.5840843426081648,0.595306921054858,4.051776618774136,-1.1703570454032732,-0.2094504911907044,0.8569228008888565,1.4535497665135877,-0.6682299277789507,0.3317763556593203,-2.390981638278684
33.0,89.0,999.9966430664062,-0.5862023645447128,0.5936162688248512,4.0493769202763445,-1.1739349802813075,-0.2056605301762006,0.858152255908947,1.4485711049353869,-0.6704793068776214,0.3292892305666894,-2.39621675477738
33.0,89.0,999.9955444335938,-0.5832180644321019,0.5959504531095945,4.055074612720384,-1.1726668615390352,-0.2078973827467702,0.8554858402031975,1.4576389925718622,-0.6675646673846094,0.3358429509305596,-2.394028211440855
33.0,89.0,999.9970703125,-0.5798736118302719,0.5958057470088427,4.054910741981569,-1.1649522936589929,-0.212186338792498,0.8571106317056243,1.452774292541413,-0.6696475491628071,0.3396315239991265,-2.386252660831412
33.0,89.0,999.9923706054688,-0.581971471808501,0.5909636290478923,4.0520878259894495,-1.168696501935531,-0.2096816170886963,0.8607410191839868,1.451709907633127,-0.6684610977411944,0.3378674101636001,-2.3896637480433776
33.0,89.0,999.9970703125,-0.5806205043752657,0.5883644963316801,4.049791523784275,-1.172008071641221,-0.2085844613005356,0.8643212839786143,1.4568297698122743,-0.665988291121745,0.3359185099562172,-2.3855914772049336
33.0,89.0,999.9981689453124,-0.5787077275094994,0.5905608731935219,4.049890550993171,-1.1679849722663915,-0.21093593077779,0.8627946307527248,1.455609186920098,-0.6672128857691106,0.3335328448299188,-2.384114588961561
33.0,89.0,999.9970703125,-0.5848973272385241,0.6008464369950701,4.04747317015504,-1.175420914812633,-0.2072655356253321,0.8507454983739553,1.453008928844886,-0.6683361457128454,0.3272743732128633,-2.3989269290952
33.0,89.0,999.9944458007812,-0.584592059684665,0.592306825947789,4.056470955086724,-1.1720268383931067,-0.2102503089960343,0.8575194809481168,1.4547202364740066,-0.6696022247592968,0.339091982148318,-2.3897197086495847
33.0,89.0,999.9977416992188,-0.5825897409996781,0.5969194969198561,4.060951487852929,-1.172073086428464,-0.2108949394772192,0.8514746931827188,1.460936312630419,-0.6676567279888328,0.3403632204186237,-2.392179946853904
33.0,89.0,999.9954833984376,-0.5831176020034148,0.594363020500154,4.054096431649359,-1.1723308356435158,-0.2099827232649573,0.8537213909488237,1.457311455025362,-0.6652021742285346,0.3394699869893314,-2.3871518071618696
33.0,89.0,999.9962768554688,-0.5814620145433906,0.5929881073008216,4.060616479361883,-1.175464776122657,-0.2104397816015719,0.8557793951329504,1.4585288374858152,-0.6694227857970994,0.3390949111585764,-2.39067891330462
33.0,89.0,999.9948120117188,-0.5836943781408337,0.5937705166021079,4.057214018343796,-1.1711075625658856,-0.2101127386567105,0.8562270708984796,1.4541503594747196,-0.669427743885386,0.3402547325663736,-2.390057277960827
33.0,89.0,999.996826171875,-0.5813165395957416,0.5902958049560496,4.056469277937067,-1.1604175157866492,-0.2108155947700849,0.8636882929350467,1.4472471186805436,-0.6723509438131128,0.3438150831856159,-2.3878539021797045
33.0,90.0,999.99609375,-0.5825152572958086,0.5922294063873075,4.050824588523449,-1.167813173956115,-0.2107655357749562,0.8590950212768211,1.4522959026527014,-0.6681751621647676,0.3357703268947754,-2.392643869179727
33.0,90.0,999.9963989257812,-0.5825890466368344,0.5896319911227055,4.057654981022479,-1.1700732660713644,-0.2080247326173925,0.860860907962512,1.4490973685802082,-0.6721417532343201,0.3395346547274585,-2.393313486166437
33.0,90.0,999.995361328125,-0.584528862233566,0.5970400763793604,4.052298093234933,-1.1686123176652408,-0.2107724737394569,0.8542557194720395,1.453927457280935,-0.6680462667220706,0.3374887980791374,-2.390625646708455
33.0,90.0,999.9973754882812,-0.5831924539797209,0.5892151784765911,4.053623934387794,-1.1719893324854604,-0.2094863814032468,0.8567594182231941,1.4533164255902251,-0.6676606848501798,0.3367793404038472,-2.392691627852726
33.0,90.0,999.9974365234376,-0.583049616924785,0.5926353962403974,4.055063150078588,-1.1742042868190825,-0.2098651587580917,0.8592820869093245,1.4547203973699894,-0.6686188695720077,0.3387517807091331,-2.389969741685701
33.0,90.0,999.9974365234376,-0.5847913998779433,0.5970963819016255,4.053520570322643,-1.1680715520210248,-0.2110727823895981,0.8550155830133885,1.4586082078819516,-0.6688503093594402,0.3405554763386824,-2.3876966332856138
33.0,90.0,999.9949340820312,-0.5801808819092784,0.5925972123093048,4.056880354220084,-1.169929325964994,-0.2113206973962009,0.8591011243412439,1.4571593815705262,-0.6696269457283801,0.3397623531178597,-2.3870214492154367
33.0,90.0,999.9959716796876,-0.5851858297447556,0.5962146757993487,4.055049684491829,-1.1741047858199751,-0.2100442845563774,0.8546004558883826,1.4607968023061,-0.666563398247483,0.336920031761089,-2.39309425846552
33.0,90.0,999.99609375,-0.5828285571810987,0.5940023654115159,4.056415198210061,-1.1710900315102086,-0.2113512027388653,0.8549843586536134,1.4585784864722218,-0.666313464037426,0.3394293467641764,-2.3906230988555217
33.0,90.0,999.9964599609376,-0.5833029119700344,0.5914853371033049,4.051329235613991,-1.1701561240156968,-0.2112062388611892,0.8560549791905476,1.4547068552093627,-0.6656493241018522,0.3407532371872026,-2.3860057974566984
33.0,90.0,999.9965209960938,-0.5825860078035685,0.5934403209166099,4.046089746492127,-1.1651069606668063,-0.2104211233168431,0.8587833789795152,1.4490253370725226,-0.6657550086137034,0.3355838833394031,-2.389499674918344
33.0,90.0,999.99609375,-0.5795634342774463,0.5873879437596488,4.054368582574014,-1.1663510475680594,-0.2133340426407421,0.8611984033368536,1.4536408593277592,-0.6665646407712948,0.3438136223165733,-2.3823694794433488
33.0,90.0,999.994384765625,-0.5811030897486456,0.5917175527617733,4.056075304699286,-1.1696662060000556,-0.2106189687928665,0.8574764606120748,1.4525868676127471,-0.6686965630770798,0.3397959255378193,-2.3915344158146423
33.0,90.0,999.994873046875,-0.5848989109498417,0.5941401982929495,4.0556783622779164,-1.1699243075667347,-0.2083253596309626,0.8569429145761731,1.4501061568759417,-0.670042228710205,0.338689273644448,-2.393978660207387
33.0,90.0,999.9959716796876,-0.5832009953208486,0.593428791009261,4.0549766253172645,-1.1675626006830675,-0.2101549887937395,0.8591348295947299,1.4554836078155144,-0.6689806163638803,0.3396107772948618,-2.390061990841181
33.0,90.0,999.99560546875,-0.5818897042449409,0.5898015837860164,4.053833069456863,-1.1643921892975988,-0.2109813540273313,0.8647310326413233,1.450426561647066,-0.6705026216496526,0.3401628236321112,-2.390082328061224
33.0,90.0,999.9963989257812,-0.5849454232371105,0.5930751771109408,4.0553812050780085,-1.1778948273374867,-0.2096853384378167,0.8535668399750271,1.457099583296145,-0.6681632549855463,0.3342399854934852,-2.392290851028224
33.0,90.0,999.9937744140624,-0.5862687161171438,0.5967548307896173,4.052903797049204,-1.1795606068440518,-0.2080742774285848,0.8515740327567283,1.4599469985121587,-0.6656129725126618,0.3331587891404508,-2.394550516049132
33.0,90.0,999.9969482421876,-0.5875423731921963,0.59407049278163,4.049167812111099,-1.1786118052617809,-0.2058178514300133,0.8546696520252697,1.4555907067094562,-0.6668154988924746,0.3269594254572592,-2.399903158034662
33.0,90.0,999.9971313476562,-0.5832787508128625,0.5924717210448236,4.048099786648077,-1.1748808534148254,-0.2089789172428178,0.8534566508726495,1.453394013586787,-0.6651800261166363,0.3312715828247903,-2.396059973353777
33.0,90.0,999.993408203125,-0.5840315996260408,0.5963779631556312,4.0553699433168,-1.1764131114389582,-0.2086318260577044,0.8517800741325008,1.4574282026517338,-0.667257023464801,0.3347936084963674,-2.394055127318302
33.0,90.0,999.9955444335938,-0.5798847169161707,0.5880043536282216,4.055760375707786,-1.164432616178444,-0.212837406909891,0.8621874553537401,1.453043508872284,-0.668704959926707,0.3442040698381321,-2.3854443752584458
33.0,90.0,999.9962768554688,-0.5797094807740324,0.5868173242353638,4.056517886790847,-1.1625869423732356,-0.2115514029997358,0.8665868615291323,1.4502991305438409,-0.6716423647334917,0.3472830070642505,-2.383223963482624
33.0,90.0,999.9942016601562,-0.5835395954012492,0.5899128218804508,4.053546339500029,-1.170496794396639,-0.2089463945887457,0.8603347828308117,1.4516853469913098,-0.6689860558272569,0.3363311430795388,-2.3938614747819327
33.0,90.0,999.9947509765624,-0.5822939138695524,0.5906046950996409,4.0511371922015815,-1.167583921618177,-0.2101588612397957,0.8602161965468769,1.4531583035575455,-0.6676802257875387,0.3384158722984844,-2.3872487427587763
33.0,90.0,999.9945068359376,-0.583509990451117,0.5920032895987859,4.053177612974382,-1.1720485870386872,-0.2089349484126854,0.8562886122323992,1.4533232010377084,-0.6673151901247758,0.3358700821066582,-2.3934146788676136
33.0,90.0,999.9959106445312,-0.5821426770130014,0.5935807082535707,4.049327680774123,-1.1661132836951893,-0.2100665725205939,0.8589153101429012,1.4539430612682436,-0.6670270107721104,0.3380700119259661,-2.387466336806923
33.0,90.0,999.9974975585938,-0.5809726897368837,0.5924991468957819,4.054354445073301,-1.1690322864305511,-0.2108681275847495,0.8624748226029411,1.4532865361772087,-0.669901587960493,0.3396115575468892,-2.387325690168021
33.0,90.0,999.995849609375,-0.5817949993661928,0.590569997448501,4.055123826578434,-1.1679603468714896,-0.2101712153741708,0.8581466237039521,1.452015393657912,-0.6680291431395275,0.3396562762007038,-2.391011672985432
33.0,90.0,999.997802734375,-0.5845533987901934,0.5960675893716214,4.053001576657358,-1.1706028270895534,-0.2077666889659193,0.8578931684252584,1.4497872105678216,-0.6696162193118029,0.3342621054862729,-2.401176436777916
33.0,90.0,999.9965209960938,-0.5863566370606073,0.5969006118043998,4.053798461014763,-1.1760659415108623,-0.2065152763954723,0.8547137477324407,1.454698129715096,-0.6708918987962402,0.3289375852316212,-2.39980086773161
33.0,90.0,999.99560546875,-0.5839742404007895,0.5953898952303902,4.053560768292039,-1.1708966771652365,-0.2073316496941339,0.8568557893747197,1.4507289812282034,-0.6691419383584876,0.334171559166549,-2.3969181654304665
33.0,90.0,999.9959716796876,-0.5809212869227922,0.5896842798825386,4.052171464506019,-1.17164092752947,-0.2103927265951855,0.8593822046540609,1.4563504416375572,-0.6662668559625571,0.3381015201293333,-2.386308437946725
33.0,90.0,999.9962158203124,-0.5846524759162284,0.5949622648027368,4.053333170356229,-1.1746619143333454,-0.2090945785657201,0.8553223297148111,1.4559161329497528,-0.6699198443099066,0.3320423616442003,-2.392730576646873
33.0,90.0,999.9959106445312,-0.5816643641093817,0.5949535003924762,4.054464859956187,-1.1714527043728848,-0.2093691198123268,0.8567822654410309,1.4543586291914865,-0.669705615347123,0.3374694390428896,-2.3930760964977904
33.0,90.0,999.9955444335938,-0.5825857826287644,0.5905213494715342,4.055807469483487,-1.1701998120448436,-0.209239454757701,0.8593489869095361,1.4542033680800357,-0.6704004646859572,0.3395198340686587,-2.389731750363677
33.0,90.0,999.99365234375,-0.5797335630334386,0.5861224114971719,4.054383162172231,-1.1652183998217795,-0.2112755985788093,0.8677642446794191,1.4516078533038232,-0.6694027256559982,0.3429858622610364,-2.383741520289528
33.0,90.0,999.99658203125,-0.5819728503379871,0.5915688008912188,4.057824206103394,-1.167515905429719,-0.2109703742142681,0.8593294805896976,1.4532962018728668,-0.6681384867310687,0.3404960335158948,-2.391974776250168
33.0,90.0,999.995849609375,-0.5843161970715602,0.5914436446274056,4.053035882809677,-1.1672414040217278,-0.2093878980891919,0.8620371423235564,1.453211185086733,-0.67074625798322,0.3395574155886747,-2.3896020944543035
33.0,90.0,999.9969482421876,-0.5838403127553988,0.5917315755447845,4.049883216438472,-1.1718497000428996,-0.2089678404033481,0.8599253073264599,1.4545238791345962,-0.6686503193462325,0.3330510075364943,-2.395081840253899
33.0,90.0,999.9953002929688,-0.5818351777572293,0.5928954393992889,4.055587200471935,-1.165136754621284,-0.2109851885907261,0.8621138103173784,1.4516357013089038,-0.670009404867141,0.3458409299546066,-2.381434557473307
33.0,90.0,999.9955444335938,-0.5855286127593402,0.5948784182795421,4.053886809089937,-1.172007304002328,-0.2065729279293391,0.8567387347291024,1.4496581757453733,-0.6711263623719894,0.3349991362398725,-2.3952329381220365
33.0,90.0,999.99658203125,-0.5849358245780909,0.5910769913978484,4.053281745199621,-1.1714673455776363,-0.2098180195224728,0.8567399170456644,1.454097784189111,-0.6667894616517831,0.3397609896973472,-2.389074281351302
33.0,90.0,999.9955444335938,-0.58627711148001,0.5966276176630272,4.056159121934117,-1.180313022523019,-0.2077075374323325,0.8530943030469293,1.4611339189993542,-0.6666628317561702,0.3313444065466333,-2.39596243410962
33.0,90.0,999.9951782226562,-0.5798398681709624,0.589517720864202,4.049811503570789,-1.163125987031326,-0.2112864683075024,0.8665549467763203,1.452168382167497,-0.6692991041908112,0.3424985487056347,-2.382185275700789
33.0,90.0,999.9966430664062,-0.5865957417570051,0.5950774403180095,4.048362400946655,-1.174188784377161,-0.2080832623630186,0.856362947650311,1.457206351687895,-0.6647417785094181,0.3320809528042563,-2.3947681612011724
33.0,90.0,999.9959106445312,-0.5812860731671501,0.5923155225082795,4.054723879324572,-1.1689571501030969,-0.2111966172433463,0.8587457058050791,1.4537122707382446,-0.6688139782887532,0.3371707937662718,-2.393691120549692
33.0,90.0,999.9961547851562,-0.5847866841027063,0.595312119495027,4.051320356944974,-1.170012258137212,-0.2088569090344485,0.8559858694611115,1.4540971205659652,-0.668020586443566,0.3386728940043362,-2.389802425485449
33.0,90.0,999.9959716796876,-0.5867933409163726,0.596326367855708,4.0536720317745605,-1.179265495997046,-0.2070370769575493,0.85187347614022,1.455789680811712,-0.6671488093788138,0.3293269027027108,-2.4008888644359723
33.0,90.0,999.99658203125,-0.5799079416656863,0.588735980647801,4.051595720700348,-1.1618361024562724,-0.2131473874350655,0.8662498579511899,1.4497399186190618,-0.6688857190724926,0.3420343628649016,-2.3831014796807857
33.0,91.0,999.9952392578124,-0.5837662038329219,0.5958826700934159,4.055511070847015,-1.1708419306518851,-0.2090487119017146,0.8555258353025881,1.4510294484102113,-0.670297998639767,0.3370636515161962,-2.3943375225443657
33.0,91.0,999.99560546875,-0.5820096521681046,0.5926399044290944,4.052243652080849,-1.170461398272677,-0.2090028908738981,0.8573131240503589,1.4509291126524229,-0.6697196302346509,0.3350286954631185,-2.3931246848354144
33.0,91.0,999.99609375,-0.5817926717956361,0.591358888596524,4.056290537998304,-1.1644182859617658,-0.2110251467452126,0.863371151989293,1.4499690372416376,-0.6724168497291867,0.343976801816285,-2.3869759816001817
33.0,91.0,999.9965209960938,-0.5832059891804864,0.5917675028654514,4.055128856418078,-1.1705207735166163,-0.2087707178071731,0.8567614685821869,1.4528492070048706,-0.6690127302258855,0.3395702685335724,-2.3921793090793275
33.0,91.0,999.99560546875,-0.5806994506208758,0.5895545402459215,4.052449621660591,-1.169324619751289,-0.209646295001062,0.8625345856225,1.4550065938101913,-0.6690303831414397,0.3389066623223531,-2.387125372104256
33.0,91.0,999.9966430664062,-0.579894888661955,0.5901105884979181,4.05700060874077,-1.168249909282272,-0.2103344610928905,0.8612403277805614,1.455253405257312,-0.6695851980581162,0.340337931704056,-2.387496457824501
33.0,91.0,999.9955444335938,-0.5789465092084702,0.590062879133403,4.056321750064663,-1.1651050602780844,-0.2130253975447118,0.8619918799680439,1.4567355106692943,-0.6681807359554934,0.3472767283314706,-2.38137510661576
33.0,91.0,999.9944458007812,-0.5800350100480491,0.5887658701740683,4.051471667451647,-1.1641960040860564,-0.2118445393911052,0.8634205518746372,1.4498936351339955,-0.6684419667821109,0.3407335888173355,-2.385688694600727
33.0,91.0,999.9965209960938,-0.5851431440470858,0.5917674388315985,4.051126164686849,-1.1670944365930054,-0.2082930491083807,0.8597978266647841,1.448847680988682,-0.6687970165313217,0.3371199593382847,-2.3905291381666283
33.0,91.0,999.9930419921876,-0.5818422074276768,0.5942701394671523,4.056079323929973,-1.1704791631076987,-0.2107800532952399,0.8576917706070777,1.4566819472181836,-0.6680159600356506,0.3397526887803419,-2.388217783457053
33.0,91.0,999.9937133789062,-0.5823710983501762,0.5909953151324547,4.052330181846832,-1.1671079048350474,-0.209462382093049,0.8610024311348541,1.4500553846376525,-0.669055134577814,0.3396668655164667,-2.389814517418811
33.0,91.0,999.9959106445312,-0.5857388261406955,0.595765126246258,4.053975079604349,-1.1758825344394248,-0.2079621503800668,0.851519996780258,1.4532584325395217,-0.6674807079378215,0.3343959169560309,-2.398600157516265
33.0,91.0,999.9960327148438,-0.584211077259253,0.5952054139846643,4.058302066914781,-1.1751666018193443,-0.2085226742202159,0.8529191983242734,1.4559042403076117,-0.6684126251174671,0.3380430048935281,-2.392876650462603
33.0,91.0,999.9951171875,-0.5820526585269041,0.5922722471091575,4.05643580621825,-1.1721854194577794,-0.2099942507359227,0.8580597101495258,1.4564123093572334,-0.6667304849314011,0.3383530683752145,-2.389598579899756
33.0,91.0,999.9961547851562,-0.5818133560417929,0.588720054219066,4.054121341194295,-1.1694394600126037,-0.2101930201867468,0.860919150882534,1.4537394128223502,-0.6687729680038412,0.3401751506019446,-2.389729497166213
33.0,91.0,999.9972534179688,-0.5829276746229919,0.5925435022134469,4.049917030940744,-1.168738914140579,-0.2085553625843443,0.8598397008385632,1.45003299512374,-0.6688004450744689,0.334019517673636,-2.3957856502222623
33.0,91.0,999.9954223632812,-0.583826674476601,0.5958786475707463,4.054674644446006,-1.175196453928172,-0.2075435328650412,0.8531438872431032,1.4563972523251802,-0.6655825192168017,0.3373422801176513,-2.39508771329369
33.0,91.0,999.9964599609376,-0.5814399589870112,0.5939366013917038,4.05278573461834,-1.1728197465957422,-0.2107348867358567,0.8558963945270897,1.4590918474260717,-0.66708516338824,0.3378658490161337,-2.389064225220425
33.0,91.0,999.9954833984376,-0.5799462677426703,0.5947679762291287,4.055323640640026,-1.1689453680687296,-0.2111273875542005,0.858910428559982,1.4564943245892543,-0.6693240365376631,0.3414373551260121,-2.3844608960242675
33.0,91.0,999.9940795898438,-0.5820878952109085,0.5905657511265936,4.050880882941092,-1.1693808378247397,-0.2102347238613884,0.8613472814257515,1.4576822770010631,-0.6671146207940923,0.3379132132740086,-2.3871063860213138
33.0,91.0,999.9973754882812,-0.5849996311117804,0.594519580157642,4.058814073185527,-1.1727711788598416,-0.2085216995796788,0.855670301211827,1.455159216209779,-0.6712660032848428,0.3395541656029657,-2.392888752170479
33.0,91.0,999.9923706054688,-0.5835845715915697,0.5938926518146603,4.054202138990281,-1.171408395079523,-0.2098656355786543,0.8562917919702437,1.4532915721014756,-0.6671310709796714,0.3383351980906202,-2.389947468031091
33.0,91.0,999.996826171875,-0.5795599858256182,0.5863823580422345,4.053974510202574,-1.1670573831338924,-0.2112793125591903,0.8644660539124125,1.4498189591165165,-0.6699513892711675,0.3393220606232265,-2.38873996693201
33.0,91.0,999.9954223632812,-0.5822954512235405,0.5910551681420015,4.055244338335353,-1.1676827552971214,-0.2101754189074052,0.8587245641598855,1.449910967155395,-0.6681016169281566,0.3376250974714478,-2.3937435448025552
33.0,91.0,999.9932250976562,-0.5841264665765653,0.5939438739822931,4.0534027102592685,-1.1723289015902023,-0.2099470200343862,0.8561894705759592,1.4576826314454276,-0.6658691922270688,0.338117910545944,-2.389620457295749
33.0,91.0,999.9951782226562,-0.5819130853783667,0.5904452980622459,4.05236879486781,-1.1715735895710178,-0.2111338497998813,0.8590700404309173,1.4554155411910124,-0.6651094381444116,0.3338703975021149,-2.392719515373848
33.0,91.0,999.9928588867188,-0.5829102778392317,0.5922026885523781,4.052315147069548,-1.1705657183720626,-0.2094775885702802,0.860847910582871,1.455213638400922,-0.6679582182597166,0.3359880961993822,-2.389529331130146
33.0,91.0,999.9957885742188,-0.5842026218599354,0.592894291965262,4.054924835743464,-1.1729896230897197,-0.2104356073636868,0.8572616863237359,1.4579738240092466,-0.6670341947830414,0.3371296123744649,-2.3918512105449463
33.0,91.0,999.9923095703124,-0.5820086564514559,0.593069931035064,4.054518627334289,-1.1691745263032072,-0.2110532370559372,0.8586811758825146,1.4561464136223998,-0.6682799601226623,0.3389316106926143,-2.3864866216873173
33.0,91.0,999.99853515625,-0.5849627188354232,0.5954712971036491,4.0532962469175935,-1.171067411062606,-0.2100189256637561,0.8535654782584992,1.457243528274919,-0.6678444022497594,0.3374701552118653,-2.393044681121589
33.0,91.0,999.9954223632812,-0.5825689173948909,0.592428394207718,4.052773294792454,-1.168299983401658,-0.2093834570848791,0.8578750149530459,1.451705126186703,-0.670111574144328,0.3381016242421966,-2.3888056946498115
33.0,91.0,999.9921875,-0.5827822128159514,0.5920136555715505,4.054962902969386,-1.167538533003075,-0.2106592539702241,0.8598101901025554,1.4538031997122791,-0.668255338604328,0.3415138116868199,-2.38638327711238
33.0,91.0,999.9945068359376,-0.5826877593906197,0.5930881720445935,4.055400009346528,-1.1671871641406768,-0.209999571810135,0.8606301044710225,1.450678332366767,-0.6699910983835524,0.3397841825073495,-2.390774821688936
33.0,91.0,999.99462890625,-0.5802804877830336,0.5913169126564153,4.05521920123061,-1.169427478513574,-0.2117748078294559,0.8593655571456029,1.457379719695064,-0.6677650843686491,0.3407957656403493,-2.3843579145741467
33.0,91.0,999.9950561523438,-0.58502027288593,0.592309498263309,4.051826518971408,-1.1741331631408287,-0.2077642592334729,0.8576312455931658,1.4541556865304432,-0.6685165772645343,0.3338410992140028,-2.394627467795123
33.0,91.0,999.9951171875,-0.5848998312074984,0.5995194386300575,4.053203026350161,-1.1779825196696807,-0.2083946053573466,0.848976065806438,1.4593934614128523,-0.6669628731370469,0.3310994398523696,-2.396041970755552
33.0,91.0,999.995849609375,-0.5798947874524218,0.5878228933329801,4.051953787880523,-1.1663320267729866,-0.2119107422272561,0.8646347040538416,1.4525227062674908,-0.6687984613124103,0.3408501476568037,-2.3831628499340862
33.0,91.0,999.99560546875,-0.5829576958025022,0.5925993607716817,4.0511841639736605,-1.1746599765496866,-0.2079258383155409,0.8550299632814573,1.455154144725749,-0.6668527933264308,0.3338718615560134,-2.3937284205644955
33.0,91.0,999.9970092773438,-0.5839551748663396,0.596860768327284,4.050940316556101,-1.1689034695773568,-0.2080815205473491,0.8548120742136156,1.4489518361980125,-0.6687154432255227,0.3336989150332226,-2.397335198236515
33.0,91.0,999.9940795898438,-0.5826614071777216,0.590146063003175,4.053030076728248,-1.1677519009836352,-0.2105087020284504,0.862736959034418,1.4548119816733385,-0.6695686911749368,0.3388190426789403,-2.386597111628352
33.0,91.0,999.9946899414062,-0.5817579524125964,0.5886187927842732,4.054556817255996,-1.165829870704536,-0.2107280582165778,0.8640159597580057,1.4497251863895126,-0.6678784828743591,0.3408045259410661,-2.3880876851160804
33.0,91.0,999.9940795898438,-0.5826788144975756,0.5942766577430438,4.055456129830183,-1.1696685817784398,-0.2119024823269439,0.8575536375685324,1.4570783698885943,-0.6676247412249499,0.3412423432922935,-2.387390401015529
33.0,91.0,999.9946899414062,-0.5806168448144557,0.592349568370345,4.054084493813587,-1.1660311990245504,-0.210239456864933,0.8596652113307188,1.4522849312948196,-0.6694228574316865,0.3411038526071799,-2.387514075241844
33.0,91.0,999.9963989257812,-0.582479540581196,0.5919188544877683,4.060598895747178,-1.1733319779529163,-0.208258447970425,0.8580047998367082,1.454842427945354,-0.6696638979167933,0.3409849860576237,-2.3929008069656827
33.0,91.0,999.9965209960938,-0.5811268123306403,0.593489100234593,4.053703583043857,-1.1738735056407783,-0.2107904298347636,0.8559916349710415,1.4584239180946952,-0.6674075049391357,0.3357329979488677,-2.3930098302857417
33.0,91.0,999.99658203125,-0.5860073301235076,0.5966818164147405,4.053804000687016,-1.1707848871768745,-0.2088362773598735,0.8552532875470575,1.4553087713367088,-0.6685372081481376,0.335380710603701,-2.396028533807726
33.0,91.0,999.9945068359376,-0.5852993702772711,0.5931287937659029,4.054494442778491,-1.1729282080507648,-0.2078296873526426,0.857601215194749,1.451921304388871,-0.6698116588601453,0.3369363539162853,-2.3917383926831084
33.0,91.0,999.9949340820312,-0.5842458210876664,0.5934736424457379,4.053734462588714,-1.1717043002143948,-0.2076164528008792,0.8586196001501119,1.4528121415203854,-0.6696215383916861,0.3383064246439851,-2.389550616969597
33.0,91.0,999.9972534179688,-0.5798688444483435,0.5926721893299804,4.056793246964691,-1.1711830199015671,-0.2111194450661981,0.860268770854761,1.4574733098740786,-0.6696760384603033,0.3400763485943878,-2.387182194776228
33.0,91.0,999.9952392578124,-0.583969912576376,0.5919286874849305,4.053177116950353,-1.168423150794902,-0.2087556078780306,0.8576501410895307,1.4502837362377887,-0.6684605034115085,0.335759399854096,-2.3931281721644417
33.0,92.0,999.9957275390624,-0.5842746621927661,0.591256214643626,4.058489067054337,-1.1724576514597502,-0.2087599655288103,0.8566650342057454,1.4513428321661737,-0.6688320598966202,0.336749304696367,-2.397057927509325
33.0,92.0,999.9968872070312,-0.5816425171796773,0.5930312730746632,4.0532749889401245,-1.1683896917470626,-0.2106366660038903,0.8604485682215701,1.4600025457351364,-0.6690412255043752,0.3405176611934744,-2.3791054021072124
33.0,92.0,999.9949951171876,-0.5845019018805422,0.5929299345510248,4.054535044243421,-1.175325263247919,-0.2079680109529871,0.8576560087169236,1.4578195530938798,-0.6678013237642162,0.3373280367199012,-2.3901945415662897
33.0,92.0,999.9948120117188,-0.5848350705327361,0.5951728444050355,4.055885551706648,-1.174637485754384,-0.2102133294930688,0.853799289783348,1.4577076649826033,-0.6676667277694097,0.3336238011632293,-2.396692150979672
33.0,92.0,999.99609375,-0.5855984136797501,0.5940376045482276,4.058772000842723,-1.1756218173651245,-0.2077588932666509,0.854081333014892,1.456225527009284,-0.6680228468106071,0.3367785470839335,-2.39680463243566
33.0,92.0,999.99462890625,-0.5828691959336032,0.593880277314387,4.054453805700266,-1.171913563143665,-0.2083335886646589,0.8592890773293629,1.4547282777266783,-0.668897214392695,0.3358742976547013,-2.391883021864455
33.0,92.0,999.9935302734376,-0.5813979327112513,0.5917322354138941,4.053744019537687,-1.1694705423624696,-0.2116173065930153,0.8594296253247249,1.456154144791327,-0.6679245951889659,0.3384778549967535,-2.386026395195749
33.0,92.0,999.995849609375,-0.5809988843906231,0.5914976131043925,4.05504668295524,-1.1674917939161524,-0.2119077513381349,0.8639108241920486,1.4556078487416135,-0.670445599887203,0.3433201944809401,-2.381358147841296
33.0,92.0,999.995849609375,-0.580367643837806,0.5909782543869522,4.051327855054636,-1.165883830396388,-0.2125388019082743,0.8609758219589398,1.455448320069772,-0.6671789235400425,0.340638719800336,-2.380336991995981
33.0,92.0,999.9935302734376,-0.5817781341131809,0.5913453000260009,4.0527966535599145,-1.16969864475589,-0.2104695819330988,0.86054656087342,1.454222875362733,-0.6675468047612139,0.338823514902006,-2.388515873349931
33.0,92.0,999.9945678710938,-0.5813974618492104,0.5917519419737003,4.055262791700919,-1.165513839867697,-0.2111346296649188,0.8616997470282106,1.4526748276361587,-0.6696500494452398,0.3451546486394576,-2.380669684662857
33.0,92.0,999.997314453125,-0.5838431073530934,0.5949280094327039,4.052008458401812,-1.1713071134347306,-0.2086680315937537,0.8589621290280913,1.4577093955452316,-0.6691509784389442,0.3398189864587948,-2.388050407272634
33.0,92.0,999.9971923828124,-0.5843387495853509,0.5951210071866324,4.057234560074972,-1.1774139858063566,-0.2096491361326977,0.8519473511177011,1.458987213313493,-0.6660275105279725,0.3364568225387714,-2.3907679830564064
33.0,92.0,999.9971923828124,-0.5831939860674726,0.5936639818323108,4.055347449964451,-1.173039956104176,-0.2090283272197659,0.855529054741079,1.4551254216404406,-0.6673383896689984,0.3328627364905596,-2.394427638055878
33.0,92.0,999.9972534179688,-0.5815050737186898,0.5914850111134005,4.055205627375267,-1.1649409592565425,-0.2100142860241529,0.8629301018561133,1.4483596400381735,-0.6707062167895508,0.3369103324244946,-2.3924607183368
33.0,92.0,999.9968872070312,-0.5844834094015443,0.5932673686193297,4.055413973789463,-1.173111050647781,-0.2080300151194745,0.8559282688485856,1.4544541815060654,-0.6699422173915934,0.3371762487159069,-2.3907392296815546
33.0,92.0,999.9946899414062,-0.5841522988950203,0.5936195015268808,4.050645567969584,-1.1735020883684646,-0.2094270857978939,0.8557594194293099,1.4557955547265635,-0.6664799822182772,0.3331222768344899,-2.394573657063037
33.0,92.0,999.9959106445312,-0.581560362498184,0.5903747435189608,4.05436527683656,-1.1653265968498978,-0.2100897558256509,0.8647376859820568,1.4533136170353718,-0.671083512676308,0.3437258293926648,-2.3856539468241693
33.0,92.0,999.9952392578124,-0.5847139507530681,0.5954013647798737,4.0523697177015165,-1.1782762221205614,-0.2078894138651676,0.8533270532589974,1.4594991677269604,-0.6654986666498957,0.3345204835851216,-2.3954443078873444
33.0,92.0,999.9947509765624,-0.582374842322765,0.5946753697429745,4.052108690058411,-1.1697967520036072,-0.211585983511199,0.8550341721982999,1.4561709807925975,-0.6663027233975543,0.3373540930359242,-2.386442193810393
33.0,92.0,999.994384765625,-0.5838645454198748,0.5944649092451542,4.052727000411128,-1.174364143544245,-0.2107396077034735,0.8534374267641134,1.4598063491992743,-0.6653548462094889,0.3336162529789819,-2.391528018291477
33.0,92.0,999.9935913085938,-0.5805847301022347,0.592887570196865,4.053934159729399,-1.1685064657512134,-0.211434072890972,0.8599009642370703,1.456411227210265,-0.6686096516864728,0.3399914572593721,-2.386402708134405
33.0,92.0,999.9955444335938,-0.5822238414813912,0.5896971434516152,4.054401615686084,-1.165551504383976,-0.2101297471800132,0.8660842558692305,1.4539452046292691,-0.6710761473907283,0.3439682473835965,-2.381657914449268
33.0,92.0,999.996826171875,-0.5825877956040131,0.5918671890678509,4.051427740823042,-1.1610988692936015,-0.2085473793664061,0.8646711229962643,1.4459849045392072,-0.6702750228908423,0.3423009055678907,-2.3883086375108418
33.0,92.0,999.995361328125,-0.5832038127938555,0.5956688079778072,4.05465984432303,-1.1760000830813588,-0.2090828222846683,0.8537374514116634,1.4604311325608077,-0.6675700640653073,0.3362265761327503,-2.391171349424323
33.0,92.0,999.993896484375,-0.5809017851045954,0.5908381905515769,4.053481126923588,-1.162391546622818,-0.2119468324096649,0.8647639123506821,1.4523031042388537,-0.6706532635308573,0.3419176636109489,-2.381934718794096
33.0,92.0,999.9965209960938,-0.581676136032784,0.5917937946375318,4.051204947551305,-1.1683824336861717,-0.2116921091351384,0.8608139351169299,1.4540055548576198,-0.6657833312276491,0.3384014872690253,-2.386596852730538
33.0,92.0,999.9943237304688,-0.5824180540909882,0.5919100751335726,4.053769187322594,-1.167360237108395,-0.210489648190232,0.8614027121907952,1.4558213888140683,-0.6673728799142467,0.3410243224883436,-2.3860823565366647
33.0,92.0,999.9950561523438,-0.5811746919917891,0.5920412820291556,4.053888474791847,-1.1668950734310355,-0.2120639209424366,0.8626105299210796,1.4555785115248447,-0.6689966080221712,0.3430778667721714,-2.3807418817771584
33.0,92.0,999.992919921875,-0.5821668286265167,0.5925768499889141,4.055689907913035,-1.1683597867513855,-0.2106742233500966,0.860469810733564,1.455551372317057,-0.6681916337529259,0.3404865582908201,-2.3880760118637405
33.0,92.0,999.9929809570312,-0.582338431782949,0.5934469051778049,4.056738169888613,-1.1675544312791717,-0.2105234590220934,0.8590328114663386,1.4524570801282746,-0.6697679430087087,0.339887712102362,-2.3899662722775727
33.0,92.0,999.9974365234376,-0.579679347248419,0.5905426853994458,4.054177021131215,-1.1673460176259414,-0.2082074376724341,0.8632732668680765,1.4513541160328804,-0.6701340323547269,0.3397801816771526,-2.389366282046842
33.0,92.0,999.9948120117188,-0.5818583266142516,0.5920559232786546,4.055881265703853,-1.162509451332661,-0.2115061948171694,0.8629490606640662,1.4518599081544084,-0.6693125358266077,0.3449410372178265,-2.386188294735248
33.0,92.0,999.9956665039062,-0.5821855282017356,0.5882322973138194,4.0536684320458765,-1.1661918741808774,-0.2097070092095494,0.8620935679822743,1.4478677621226197,-0.6691938840545584,0.3409316263401916,-2.388442987704118
33.0,92.0,999.9940795898438,-0.5801107391358409,0.5892427148864066,4.050918974208027,-1.163261026497346,-0.2119366898943369,0.8654535091371969,1.4516850530919667,-0.6689125788773795,0.3401489234536061,-2.383351837097767
33.0,92.0,999.9967651367188,-0.5820904626353842,0.5908899275893145,4.052790145672558,-1.1654920051294932,-0.2120244571239702,0.8608901765862012,1.4545121955590945,-0.6697275567304164,0.3366413788347238,-2.387774182605744
33.0,92.0,999.9961547851562,-0.5855077935320327,0.5944508414168439,4.049552903395506,-1.1750881411953211,-0.2076422187100659,0.854776841293944,1.4557288174240233,-0.6658093573360082,0.3295635743368272,-2.3992527544055986
33.0,92.0,999.994140625,-0.5813624367908226,0.5906464968558716,4.054965212274858,-1.1661445740167489,-0.2109776570753077,0.8607931371959223,1.4533341323811824,-0.6691253472106959,0.3436780758372029,-2.3830432766857084
33.0,92.0,999.9938354492188,-0.5817060616732448,0.5925069257872515,4.055373695225603,-1.1667266386725084,-0.2104565925497867,0.8604690208544401,1.4541080610336596,-0.668957632140434,0.3400444248931098,-2.386678120906373
33.0,92.0,999.9959716796876,-0.5827192172322748,0.5898827287991972,4.057664907131823,-1.1654138350473957,-0.2106225287508758,0.862386647644362,1.4511227073156254,-0.6699262179804641,0.3428327157366055,-2.386478615645962
33.0,92.0,999.9963989257812,-0.5833454108675316,0.5926970552304942,4.050265989257925,-1.1729430511739416,-0.208070389528812,0.8584524252367309,1.4553911820249876,-0.669224588211776,0.3328579054747322,-2.392837969776504
33.0,92.0,999.99560546875,-0.5824320432165493,0.5937408444823635,4.054833362929527,-1.1669811144248858,-0.2092060678449776,0.8584917058195671,1.4500873002757588,-0.6714390794748653,0.3418048539863116,-2.387737676231343
33.0,92.0,999.996337890625,-0.5810376978003298,0.5903505344131919,4.057468149149743,-1.1667852655752091,-0.2115530447566644,0.862156350937898,1.4524658532689552,-0.6698023058320111,0.3465551022822621,-2.38384808393974
33.0,92.0,999.9949951171876,-0.5814817456962498,0.5910312659043582,4.055261439647543,-1.1687543111851073,-0.2109459869361432,0.8615014178856626,1.453708041736947,-0.6702947133264141,0.3418399475217457,-2.382090164683348
33.0,92.0,999.9971923828124,-0.5865723318573126,0.5974749890813484,4.056711928741146,-1.1766416763323608,-0.2080876774654481,0.8542664472955552,1.457477382294984,-0.6688587633165994,0.3337317169122267,-2.39841231367694
33.0,92.0,999.9949951171876,-0.5792919532919267,0.5897343175744973,4.052815719483963,-1.1614528871500849,-0.2123106307235085,0.867726100480791,1.4541275609930606,-0.6700502622823539,0.3449067683499258,-2.3779508929092303
33.0,92.0,999.9949951171876,-0.5822628848794951,0.5947883067518491,4.056931536329598,-1.165872958881807,-0.2107680169268047,0.8588013928758755,1.4530538638944357,-0.6711255047094911,0.3424687116647238,-2.3850457861128045
33.0,92.0,999.993896484375,-0.5838365667806524,0.5942167651426322,4.05482500139313,-1.1719006442031188,-0.209554375312841,0.8583139687679111,1.4565315189930397,-0.6676187754411673,0.3380544128176819,-2.3897474316511333
33.0,92.0,999.9952392578124,-0.5822249674161109,0.5912455291313865,4.05176451304164,-1.1690265024619344,-0.2101908394287246,0.8610836505156225,1.4534834568015045,-0.6685554924126329,0.3359147296988922,-2.3919190188588857
33.0,92.0,999.994873046875,-0.5827681971079777,0.5930461737398316,4.054141204616602,-1.1682638800766083,-0.2104391689836839,0.8613925666902311,1.4568587200357888,-0.6693722701361979,0.3413155500163949,-2.385245992436108
33.0,93.0,999.9950561523438,-0.5819038398224698,0.5901177694970938,4.053274038310352,-1.1693056545714526,-0.2107618561915138,0.8634367224595714,1.4548998004506777,-0.6695413385644668,0.3377768833119088,-2.386359233686555
33.0,93.0,999.9953002929688,-0.5807484447259554,0.5922929769287153,4.057517340982102,-1.164754115725306,-0.213490298943066,0.8591563239312148,1.4563416663299664,-0.6694172225058299,0.3454003874336813,-2.381577594111315
33.0,93.0,999.9953002929688,-0.5834963738264412,0.596637657426462,4.050172256978039,-1.1745434597676327,-0.2093758026735983,0.8523032482141693,1.4578773607760027,-0.6653676537600735,0.3288575392785384,-2.396644938078268
33.0,93.0,999.994873046875,-0.5797159472455711,0.5909826648788048,4.054963320211417,-1.1658724668754594,-0.2126385407142761,0.8598091784249302,1.45631807731701,-0.6680701532896629,0.3425979768805494,-2.38212034851947
33.0,93.0,999.9940185546876,-0.5828261980688207,0.5930855278148703,4.053665625159525,-1.1700622643604133,-0.2084705289405146,0.8609140756928593,1.4548887497061855,-0.6684133278852631,0.337114878368185,-2.3900931432123644
33.0,93.0,999.995849609375,-0.5832142096751483,0.5909861639043381,4.052902833354574,-1.1738235857407493,-0.2084113175855622,0.8604293950749646,1.457259503763245,-0.6670077129435557,0.3375750242160391,-2.390797191407751
33.0,93.0,999.9945678710938,-0.5790168349043165,0.5892813981451592,4.055886563593562,-1.161422422445948,-0.2118944380246548,0.8646066503496748,1.4509622013354253,-0.6699848428661701,0.3455595196499068,-2.383098308125412
33.0,93.0,999.9954223632812,-0.5856240812824618,0.5931806611121431,4.053460436565356,-1.1741118382748827,-0.2082218982800698,0.85678749808645,1.457702543766672,-0.6660428398278571,0.3350542491119235,-2.3917995178699902
33.0,93.0,999.9977416992188,-0.5799065264762815,0.5881145690102088,4.057252548043554,-1.1661347268914728,-0.212436219441483,0.868472055212778,1.4600642897510872,-0.6701310328714962,0.3478099116827433,-2.37307131964656
33.0,93.0,999.9937744140624,-0.584420298387645,0.5927355952805593,4.052911858839678,-1.1725827994824547,-0.2096400554174131,0.8569313869772719,1.4558308824633297,-0.6669860197518034,0.3356917911773767,-2.3913792308637927
33.0,93.0,999.99609375,-0.5807003555545185,0.5942577741962776,4.057499870063353,-1.1665807077635182,-0.2114734418390069,0.8591355299963102,1.4566483510843051,-0.6693548790854011,0.3427665817134357,-2.386634377931868
33.0,93.0,999.9946899414062,-0.5824480628338762,0.5942947706864219,4.056291136439517,-1.165205390922332,-0.2105852242423029,0.8595233394913082,1.4532598250346282,-0.6703878669486842,0.3427505610500923,-2.3863563582084018
33.0,93.0,999.9950561523438,-0.5834535632297495,0.5964739545432618,4.057663330487557,-1.1710927989546924,-0.2098865381567902,0.8548337413146809,1.457556219530468,-0.6684031678474307,0.3384295941639914,-2.390693874318413
33.0,93.0,999.9937744140624,-0.5818867510481374,0.5918072951582847,4.05355359628423,-1.1642195505109108,-0.211162131245473,0.8627157955005424,1.4523017745463047,-0.6704043907665476,0.3407554617599517,-2.383473203249433
33.0,93.0,999.994873046875,-0.5825730053393299,0.5917175414542868,4.055800604600442,-1.16786549926835,-0.2087216658908772,0.8625154768123853,1.4528627786784112,-0.6726283566555589,0.3401260154541745,-2.3861779046481724
33.0,93.0,999.9948120117188,-0.5816586145229934,0.5918405003430571,4.054077366342515,-1.1668079634802604,-0.2115025544992823,0.8612549559308302,1.455768115562086,-0.6668571718176359,0.3405354536580054,-2.3863738929262643
33.0,93.0,999.99560546875,-0.5794539825889675,0.5891731094879038,4.05627093641151,-1.165388900403089,-0.2126420126601269,0.8634876414718926,1.4541201957778291,-0.6694051611004523,0.3448555477254311,-2.3792319853503594
33.0,93.0,999.9930419921876,-0.5827004278354995,0.5921083838243044,4.05253925094803,-1.169142468004789,-0.2104735527568282,0.8613554718690173,1.4556899298977388,-0.6683284127725457,0.3383317398911645,-2.385387321826469
33.0,93.0,999.9928588867188,-0.5834828248483266,0.5923989347872496,4.053932811954029,-1.1693256545493975,-0.2099517916535784,0.8599185329496599,1.4543810156853256,-0.6692500966696642,0.3385235597252611,-2.3878699937064454
33.0,93.0,999.9923095703124,-0.5822608293404299,0.5945059623246056,4.0544758094980935,-1.1690559133479423,-0.2111722987035129,0.8576299892714214,1.4559794688406935,-0.667864748767772,0.3394005350135574,-2.3874819084923105
33.0,93.0,999.9935302734376,-0.5848605831707276,0.5965059865305005,4.051221833629167,-1.1735967679907362,-0.2089979627547205,0.8544010313452199,1.4566701693219404,-0.6656136044835579,0.3335593428549934,-2.39307964996301
33.0,93.0,999.9929809570312,-0.5835400267938775,0.5927611319562391,4.0542121406790095,-1.1710919117217662,-0.2085376621657406,0.8584218237796328,1.4534685481771268,-0.668447608786706,0.336783543539644,-2.3932741973564946
33.0,93.0,999.9939575195312,-0.5796065191930175,0.5877529393320877,4.05089168776162,-1.162041070975708,-0.2105476690106922,0.8669377994550596,1.447922529338328,-0.6690287264175439,0.3422889820775223,-2.384623441092701
33.0,93.0,999.9943237304688,-0.5816555892163011,0.5930613524693467,4.055542072674729,-1.1701880192794452,-0.2118104795593103,0.8593215690577356,1.4571000743385198,-0.6679425558227816,0.3392554943639627,-2.3867882119141863
33.0,93.0,999.9962768554688,-0.5832766617140992,0.5915183227170475,4.057991038575741,-1.1678934420575264,-0.20964990262312,0.8592622705294728,1.4518860314116182,-0.671066465821136,0.3412131478061697,-2.3873524938379145
33.0,93.0,999.9957275390624,-0.5811156754397446,0.5954837656210907,4.055741638672789,-1.170704984221751,-0.21232724042647,0.8560902323068849,1.4590390754106286,-0.6676227398019394,0.3373961491452881,-2.389847538777757
33.0,93.0,999.9969482421876,-0.5811358003150291,0.5917153876549852,4.058932666490229,-1.169699170477974,-0.2121966984456245,0.8610142218155916,1.4598295220564728,-0.6701938268589744,0.3434751505500522,-2.384733487864658
33.0,93.0,999.99365234375,-0.5836227925333368,0.5938216171642487,4.052303821176382,-1.1701130066750265,-0.2085120216932123,0.8596741646736463,1.4517476601819794,-0.6699607634136537,0.3352301793802503,-2.39139731520408
33.0,93.0,999.9959716796876,-0.5846674623696559,0.5964164966120791,4.056357544241994,-1.1747646169763837,-0.2091901948557524,0.8562036340477421,1.459100309914473,-0.668452216764023,0.3355142988833908,-2.393103385917416
33.0,93.0,999.9951171875,-0.5804170613595874,0.5911331090214773,4.056972652174119,-1.1625896270223253,-0.2140254888832009,0.8625108417712735,1.4537799483575942,-0.6697978479224247,0.3446451112531381,-2.383977226296281
33.0,93.0,999.99365234375,-0.5802845315543479,0.592528753395543,4.053283660136801,-1.16462486791763,-0.21080981980844,0.8615765234708785,1.45112480541012,-0.6692196024479795,0.3413111069761152,-2.3852672043340606
33.0,93.0,999.9940185546876,-0.5831282343486279,0.5945635653387562,4.055328067858742,-1.170665478140183,-0.2095436711667542,0.8558583241522033,1.455699303125427,-0.6675362572049846,0.3369392868335987,-2.3915253577644084
33.0,93.0,999.994140625,-0.5823025747853894,0.5937300573659465,4.052633096330098,-1.172053081304203,-0.2116960996693864,0.8567634123831063,1.458835094010592,-0.666069392511158,0.3366149150116362,-2.388419477523686
33.0,93.0,999.9935302734376,-0.5828523528335436,0.5941835378799132,4.051006967442486,-1.170875190806103,-0.2104654467130124,0.858524950022491,1.4566205070989868,-0.6674437284533727,0.3373456506845986,-2.385578325504296
33.0,93.0,999.9955444335938,-0.5795764527752354,0.5928549429197254,4.056382443457917,-1.1670926040306218,-0.2134356185202657,0.8593379553893765,1.4599276041018123,-0.6668800943130675,0.343783234790326,-2.3814349595100754
33.0,93.0,999.9930419921876,-0.5844879576487791,0.5939640937217741,4.051955117082958,-1.1709479420466131,-0.2092797974584002,0.8577913609464201,1.455591869852352,-0.6667994571561122,0.335433147347052,-2.3912171509986706
33.0,93.0,999.9959106445312,-0.5844401654704887,0.5947324279213451,4.053740105435281,-1.1695799314184905,-0.2094334478022173,0.8562275697187332,1.453192565327769,-0.667550132491149,0.3376419934209727,-2.395284542806885
33.0,93.0,999.9957885742188,-0.5792958289002756,0.5888405891057902,4.0545475498006045,-1.1586031934060834,-0.2119232100747172,0.8674477711040769,1.4478954892262133,-0.6721292835379593,0.344643569949695,-2.3844114717626725
33.0,93.0,999.99560546875,-0.5811315998284465,0.5940591844340082,4.05262940347402,-1.1689677725382404,-0.2120103034624261,0.8593696368332377,1.4580480780726068,-0.6664810922061974,0.3404376023718081,-2.3843264214655377
33.0,93.0,999.9961547851562,-0.5837089746621098,0.5952610021292362,4.057097563889814,-1.1679816613907006,-0.2096215187009029,0.8556244625071052,1.4503350611430257,-0.6712074906602776,0.3398632681926585,-2.3916443935085847
33.0,93.0,999.9974975585938,-0.5802673415871205,0.5911885692325995,4.056761939156171,-1.173763971058348,-0.2124372921665696,0.8597089691639779,1.462725971321697,-0.6664842954077326,0.3413015866057458,-2.384520744832458
33.0,93.0,999.9945678710938,-0.5821938582661721,0.594155978720341,4.05551921109309,-1.1653178488620577,-0.2110222657010165,0.860539214484791,1.4530111057818689,-0.6701298594362601,0.3405764007460465,-2.384871125288293
33.0,93.0,999.99609375,-0.5842148614243641,0.5937376138854749,4.058444153286747,-1.1707861301703444,-0.2084544127689698,0.857366027311218,1.4512273361580237,-0.670860609385671,0.339118037514333,-2.391180837290196
33.0,93.0,999.9945678710938,-0.5829105662250713,0.5926741784758338,4.053393719105491,-1.1682424774350515,-0.2089123021706616,0.8626995006934157,1.4545744481284286,-0.6685294609961163,0.3397904222071641,-2.386184002315766
33.0,93.0,999.994873046875,-0.5826549531653278,0.5911698396497016,4.051860653080228,-1.1710473970890585,-0.2100253032150085,0.8596117282790541,1.453894812949211,-0.6673711234182225,0.3365866895063085,-2.391509012332817
33.0,93.0,999.9971923828124,-0.5815287801498608,0.5897964366151367,4.05774229770269,-1.170640259411302,-0.2089669219717134,0.8639848779452395,1.4548670619348067,-0.6691151784337093,0.3418279301131885,-2.3866164174943405
33.0,93.0,999.9950561523438,-0.5833969426471404,0.5903723173845226,4.0500563439765696,-1.1691913375597252,-0.21027179758015,0.8607282179231488,1.4526110254008664,-0.6674464722133768,0.3361738542605064,-2.3902143512681047
33.0,93.0,999.9949951171876,-0.5811036960263589,0.5910051305165371,4.0536408588184365,-1.1716033994495365,-0.2095052584278534,0.8593900206554226,1.454364007585907,-0.6684488607275547,0.3367377159518545,-2.3885661451871054
33.0,93.0,999.994873046875,-0.5808875820258557,0.5898216713403013,4.051494705373012,-1.1686163811389405,-0.2117211488932042,0.8614399418345435,1.4556112971881463,-0.6680158103151532,0.3372664725660987,-2.38859202157348
33.0,93.0,999.9947509765624,-0.5798307954322137,0.5908485450960015,4.049883977016851,-1.1645420474665835,-0.212307276261539,0.8633867101215911,1.455397703210059,-0.6664672842285428,0.3403359019934608,-2.382329108142334
33.0,94.0,999.9944458007812,-0.5829547645085356,0.5931932469500616,4.054670040097406,-1.171340272769339,-0.2106847415787269,0.8578591773163424,1.4552334911540896,-0.6676201912684521,0.3383325181990688,-2.39113963422759
33.0,94.0,999.9927978515624,-0.5821476390475748,0.5907667443290965,4.054963665352032,-1.1693554558609676,-0.210411476506211,0.8587569622231861,1.4530618444800494,-0.6681333766642625,0.3396028144879999,-2.389780294401469
33.0,94.0,999.996337890625,-0.5827038981874866,0.5944711482477114,4.057050372686673,-1.170820674329904,-0.2120391839771374,0.856717768714141,1.459597041063116,-0.6671420852278107,0.3402853128930374,-2.3857764734745768
33.0,94.0,999.994384765625,-0.5830513599780174,0.5943198099800018,4.056137981301415,-1.168464533950746,-0.2091990137016104,0.8591520071129279,1.4523234551825157,-0.670563226426216,0.3411750436818748,-2.3877311588339967
33.0,94.0,999.993408203125,-0.5827140135937379,0.5943500751518851,4.053057340914707,-1.1685853299006856,-0.2104171215016643,0.8574596369947107,1.4560451555838938,-0.6683050601596348,0.3394609637032877,-2.385234639919513
33.0,94.0,999.9945068359376,-0.583808407883172,0.5930864490807419,4.050134682257795,-1.1728748582340964,-0.2093522246305754,0.8582383753230847,1.4567309801915211,-0.6681698221732013,0.3332742323624647,-2.391458664932334
33.0,94.0,999.9927368164062,-0.5805184530948413,0.5920398779601239,4.053895945770496,-1.1675345844008866,-0.2109112019616192,0.8597859137258279,1.453409710891112,-0.6675957898459135,0.3413142876525423,-2.386261870831424
33.0,94.0,999.9950561523438,-0.5851037871637228,0.5956583209938238,4.0513443234719,-1.170786468469054,-0.2090192798688068,0.8555582423409414,1.4530982880671504,-0.6679557408282317,0.3372960074250954,-2.390258608593178
33.0,94.0,999.9960327148438,-0.5865011984956032,0.5982283844071654,4.055729595770304,-1.1777672100974144,-0.2088273551933097,0.8524845961465566,1.460757203332962,-0.6661989252295024,0.3335551615478493,-2.396338915249902
33.0,94.0,999.996826171875,-0.5808189280854457,0.5902071670558247,4.051255987097212,-1.168498282292302,-0.2102956636467974,0.8636352287826998,1.4513303567843678,-0.6702967802234037,0.3372393431872797,-2.386337900459445
33.0,94.0,999.9933471679688,-0.5846019306304644,0.5942140743500923,4.054173389742433,-1.1704395363901088,-0.2089792173879461,0.8583875947457029,1.455285330922791,-0.667876825883881,0.3365674267422269,-2.390848434390521
33.0,94.0,999.9942626953124,-0.5846888445912306,0.5945147133241075,4.052544234448662,-1.1741386940457097,-0.2085664073405819,0.8568240051694831,1.4575542170695366,-0.6682700740335141,0.332074772231115,-2.3930013901842395
33.0,94.0,999.9967041015624,-0.5803085799721215,0.592770564805627,4.060458474423124,-1.1644591383684717,-0.2124478464211652,0.8606225428016323,1.4552072527351632,-0.6696096798064355,0.3479226503462875,-2.3817083045178293
33.0,94.0,999.9955444335938,-0.5844184847535869,0.5957887286249548,4.051856290347475,-1.1720417458661334,-0.2100354900398926,0.8558411831387307,1.4584736895461914,-0.666365496796498,0.3331952323260934,-2.3927000235655447
33.0,94.0,999.9962768554688,-0.5844107063608854,0.5932017441041237,4.053286120420399,-1.1652314535419492,-0.210685738453499,0.8629595100473422,1.4538436290127503,-0.6682702082029852,0.3423287122345648,-2.384758525226767
33.0,94.0,999.9979858398438,-0.5816075980338837,0.5924926900946588,4.05544827690299,-1.1745352080114313,-0.2107662664129179,0.8550429601348206,1.4605775398411869,-0.665030912361587,0.3350341559235552,-2.3906068135299186
33.0,94.0,999.9937133789062,-0.5835430365515597,0.5949492497713429,4.053642383855836,-1.1711329209779606,-0.209159813648208,0.8553521574245169,1.4551685472003042,-0.6657524150951772,0.336586035312397,-2.3920444395455047
33.0,94.0,999.9933471679688,-0.5829706265218384,0.5920323139107388,4.052865421395023,-1.1700179578129752,-0.2090007263271305,0.8611716133178522,1.4529747435525788,-0.6689277839520482,0.3376099919501865,-2.38993136967697
33.0,94.0,999.99560546875,-0.5828894811971104,0.5925926745735408,4.054221587033151,-1.1649564184955137,-0.2107692721232936,0.8635486229050731,1.4544288792684847,-0.6705970781529,0.3423154311004968,-2.382772469550933
33.0,94.0,999.994384765625,-0.5845058522059201,0.5939528827250076,4.055543140842888,-1.1768583385376212,-0.2084911993489866,0.8539048739162034,1.4571968963440476,-0.6668712661673561,0.3349426656437817,-2.3958989876318344
33.0,94.0,999.9944458007812,-0.5815761824325785,0.5883137743455213,4.055571703179373,-1.1663228564209511,-0.2100489003535823,0.8645082597887388,1.4515009776975436,-0.6698950813179385,0.3421938238671016,-2.386820330986952
33.0,94.0,999.9950561523438,-0.5842281533973495,0.5961029833865226,4.053904722262386,-1.1749783281539772,-0.2084049188073926,0.8551353667553698,1.4568991621888203,-0.6690816685079,0.332543967372942,-2.393378691386148
33.0,94.0,999.994873046875,-0.5818632187749513,0.5907228976248815,4.049552409143018,-1.167937361154459,-0.2112667470686071,0.860138470993018,1.4534767332774603,-0.6663250226337052,0.3365127428383294,-2.388896940644964
33.0,94.0,999.993408203125,-0.5816475248028032,0.5936623380728632,4.053598647434617,-1.1643860281437717,-0.2114824361208356,0.860794424264534,1.4530899246546962,-0.6684283726765337,0.3426959092162072,-2.382241965906964
33.0,94.0,999.994873046875,-0.5823217642266609,0.5909668642544252,4.05155440688144,-1.1666436917791287,-0.210697125612171,0.8612402925807849,1.4548642394405666,-0.6671384574273249,0.3397592961239564,-2.385264067345401
33.0,94.0,999.9945678710938,-0.5825585690212174,0.5953243769777785,4.052940702779667,-1.1660740253958126,-0.20992280812181,0.858894309493337,1.450474703258382,-0.669828527974186,0.3394707022136343,-2.388714992083712
33.0,94.0,999.9949340820312,-0.5824409389217085,0.5939644774876252,4.053875173962306,-1.1650872430914063,-0.2122435221352185,0.8591043987948419,1.454178915878261,-0.6680718182432237,0.3422441802709439,-2.3807544581008595
33.0,94.0,999.9953002929688,-0.5854341993091383,0.5960494102594991,4.052539247317364,-1.1738716541732397,-0.2083311394097355,0.8557156451981065,1.4540147470710243,-0.668269218274161,0.3333068155675898,-2.391917637138673
33.0,94.0,999.9952392578124,-0.5813381669354181,0.5940834528427068,4.055546075581837,-1.1681136171111426,-0.2113892095723022,0.8587252247010548,1.4540022990810808,-0.6675562164348072,0.3393420864799044,-2.388512972315269
33.0,94.0,999.9940795898438,-0.5832270695553863,0.5936619452336744,4.055893184816766,-1.16749829975317,-0.2096132575128155,0.8598393834370635,1.4513354792641655,-0.6699874792256679,0.3404362561899798,-2.391374343828356
33.0,94.0,999.9949951171876,-0.5843550260598631,0.5944201083514553,4.056849548728103,-1.169681538532509,-0.2093735741760864,0.8584721412668443,1.4541201644156656,-0.6695829015865753,0.3390294452665667,-2.3896787390429006
33.0,94.0,999.9937133789062,-0.5837145233896059,0.5940747352687374,4.05237061370541,-1.1728745051279823,-0.209471600678329,0.8574014565506838,1.45663516096878,-0.66626039190231,0.3351130300932219,-2.391890915342984
33.0,94.0,999.9930419921876,-0.5834125748054024,0.5957310605862922,4.053856777475666,-1.168142599824323,-0.2098329143777864,0.8578069568596245,1.453363663590479,-0.6687257374629354,0.3396116551323249,-2.389210863736764
33.0,94.0,999.994873046875,-0.5818948141667226,0.5920528953668756,4.055320924856012,-1.1694900844787566,-0.211842444731233,0.8596270044258674,1.4562887375757363,-0.6689998963728341,0.3431528211846046,-2.383004566514126
33.0,94.0,999.993408203125,-0.581743492707262,0.5939055342303989,4.055003207299629,-1.1663730433427593,-0.2119527786922388,0.8597803988621902,1.4549987139635991,-0.6692796225748605,0.3419352965794795,-2.383494622073714
33.0,94.0,999.9947509765624,-0.5848975868903272,0.5954646725347033,4.0549537208624855,-1.172764453664203,-0.2089195749246455,0.8574213121277277,1.458543662659034,-0.6689947627206649,0.3375761964157497,-2.389801290977274
33.0,94.0,999.9924926757812,-0.5824473300153743,0.5923836903603092,4.05351870813011,-1.1674004350516791,-0.2100314121689663,0.8620000091772342,1.4539993921319183,-0.6688972824686772,0.339206535909776,-2.388048020125887
33.0,94.0,999.995361328125,-0.5853506638211918,0.5968909324024496,4.052818438510782,-1.1740960518399293,-0.2088332532674215,0.8538107317313868,1.454850335231991,-0.6679729971752488,0.3338232746967629,-2.39514830372444
33.0,94.0,999.9952392578124,-0.5847431600989257,0.5946650459775089,4.050509539063299,-1.1704965953972488,-0.209301361527662,0.8589721156467398,1.4573912518056629,-0.6667531246498424,0.3355468962525378,-2.389216875267872
33.0,94.0,999.9960327148438,-0.5889038297257327,0.5975785271263412,4.050866062631936,-1.1803488723987114,-0.2055501612535168,0.8511243560732931,1.4547075274926788,-0.6661852974904381,0.3291169402220095,-2.400943720815301
33.0,94.0,999.995361328125,-0.5826575984707629,0.5932609829493298,4.057912536130255,-1.166341401878089,-0.2108471619885472,0.8616820085374188,1.452611588066688,-0.6725742465877902,0.342620711251909,-2.385540145460888
33.0,94.0,999.9957885742188,-0.5808601526971078,0.5939266006028969,4.055775862483069,-1.1725594676478113,-0.2108340143496088,0.8545053450168227,1.457042471050336,-0.6682743570902065,0.3355496560251065,-2.390965170406429
33.0,94.0,999.9933471679688,-0.5814574014548901,0.5916689512481534,4.05399897737103,-1.1656044890758943,-0.2110734414228714,0.8610448508212931,1.4540206434395495,-0.6691339227157691,0.3426409223348976,-2.382984941416418
33.0,94.0,999.9946899414062,-0.5842930301100502,0.5942112190498596,4.053937337280871,-1.1690553194489643,-0.210378936365605,0.8573150194541324,1.4564268321514096,-0.6673240807604639,0.3397331925490201,-2.38738931217791
33.0,94.0,999.9945068359376,-0.5828560193004986,0.5943322945773986,4.0564405237653,-1.168418335390938,-0.2111645572125713,0.8571462554306208,1.45586765753961,-0.6679517990970743,0.3397627075231488,-2.388167819589096
33.0,94.0,999.9923706054688,-0.5842313021032215,0.5935297633764449,4.052252007095628,-1.173473569326493,-0.2088081779049018,0.8563091743911313,1.4549268835357545,-0.6672673877214415,0.3322198431315666,-2.394040456932496
33.0,94.0,999.9943237304688,-0.5858775814670025,0.5962893610752884,4.0499829333409885,-1.178434992094759,-0.2070661346931936,0.8526346682263242,1.456730855392756,-0.6661683833945968,0.329005215099257,-2.3975293317389097
33.0,94.0,999.99462890625,-0.5815563192211348,0.5925973631043266,4.056329602669834,-1.1715654672938411,-0.2096228026759057,0.8579571326816904,1.4539188337589335,-0.6682069206886716,0.3377795845924574,-2.39084105158504
33.0,94.0,999.9943237304688,-0.5814083163013626,0.590253449859194,4.055969573740226,-1.1665593421514404,-0.2114955581310456,0.8629624461118492,1.45388137663352,-0.6692657980011854,0.3436135193656042,-2.385852517310964
33.0,94.0,999.9945068359376,-0.5819104193139744,0.5912546126018237,4.054806090807926,-1.1671306106504489,-0.2116675291515655,0.861854323156944,1.4571286090613975,-0.668265158488146,0.3423175660118263,-2.384427847571773
33.0,95.0,999.9920043945312,-0.5823676886056646,0.5937975238406912,4.053197730191611,-1.1670792140227566,-0.2113418266652349,0.859275382876314,1.4561200944675834,-0.6675613017114292,0.3410226175566482,-2.384879429008931
33.0,95.0,999.993896484375,-0.5818161798198487,0.5946823153346656,4.053879605701511,-1.1672507131006569,-0.2107585827296159,0.8586201969184479,1.453089527072211,-0.6680671417596367,0.3388505127601613,-2.387866744425622
33.0,95.0,999.992431640625,-0.5827342185286284,0.5941440203209627,4.055298268030185,-1.1715819075715634,-0.2091880396125329,0.8570797498215139,1.4545467744812406,-0.6682480721265103,0.3374940851827581,-2.3896414561145374
33.0,95.0,999.9947509765624,-0.5792260935781792,0.588611875987973,4.054814126416312,-1.1638244319305675,-0.2121811476833288,0.8647171310976134,1.452698145185848,-0.6687344189881088,0.3458262562914207,-2.382864482726222
33.0,95.0,999.9925537109376,-0.583017347314974,0.5929731468400314,4.054639493841304,-1.1697757721413635,-0.2098276879600513,0.8589810092224095,1.454263264441904,-0.6685037414123123,0.3395184630986367,-2.389361276477872
33.0,95.0,999.9940795898438,-0.5832729799248826,0.5933677477129153,4.054332918671006,-1.1688446703138684,-0.2081224394058871,0.8585757528032651,1.4521341062615605,-0.6689123847803957,0.3392050849301569,-2.3899644602830614
33.0,95.0,999.99169921875,-0.5848116880038665,0.5943989091450552,4.052395732673581,-1.171901930982532,-0.2088759574595435,0.8556463330190258,1.4531860735529314,-0.6669325633812937,0.3344157276792492,-2.393711617568688
33.0,95.0,999.9935913085938,-0.5820555484351351,0.5909722670261139,4.055809300707672,-1.1690065298783203,-0.2098762590056688,0.8615254354286357,1.4536364601514729,-0.669577292942142,0.3389292849004288,-2.388297112263717
33.0,95.0,999.9918212890624,-0.5837979360105185,0.5940900179769031,4.054472950973665,-1.1726082325458616,-0.2091924161307456,0.8554802951832983,1.4550337230719563,-0.6670731908017444,0.3367398874540654,-2.392602249436362
33.0,95.0,999.9928588867188,-0.5833539970421171,0.5922078670850519,4.053179483317816,-1.167006985010122,-0.2090053551662283,0.8609021145977538,1.4495985940836815,-0.6691867998464254,0.3389955604347792,-2.3898785083136724
33.0,95.0,999.9937744140624,-0.5825111355902575,0.5903823126464562,4.05476843930005,-1.1668203665971122,-0.2097453604620387,0.8640314281046209,1.4521723414305914,-0.6705095584630367,0.3415025003466008,-2.3863567680458235
33.0,95.0,999.9930419921876,-0.5813277316480949,0.5938948399931814,4.052106041439339,-1.166682670712123,-0.211214653402207,0.8601214029715845,1.455917944587874,-0.6672688576336663,0.340016208594097,-2.3856630484607075
33.0,95.0,999.9937744140624,-0.5808230103151626,0.5915537039447276,4.055640321567251,-1.1667646766522588,-0.2114713866837849,0.8617949293282994,1.454376747504554,-0.6695690917632389,0.3420035808432828,-2.386249179510112
33.0,95.0,999.9945678710938,-0.5832049458387099,0.5974254206168794,4.055249620411704,-1.1704006702145433,-0.2089564079294836,0.8548218108574552,1.4544873544423371,-0.6691634298130706,0.3391127112789505,-2.388690563652521
33.0,95.0,999.9951782226562,-0.5822651184551706,0.5936471653843425,4.053925876653068,-1.172660525522172,-0.2105794891850179,0.8565045674846337,1.456369660116124,-0.6675900625254192,0.3389621563691669,-2.389437487808117
33.0,95.0,999.992919921875,-0.5825841401309537,0.5914247483178112,4.053399521442218,-1.1686237993959874,-0.2106886001658843,0.8596759014245725,1.4529336855750064,-0.668044189997941,0.3390903053229932,-2.388262277940436
33.0,95.0,999.9940185546876,-0.582555636468765,0.5936003009596789,4.053411926534986,-1.167982212585284,-0.2093422883493403,0.8590593508746931,1.4522251938352602,-0.6682443101573838,0.3387678961320128,-2.3909345447893275
33.0,95.0,999.9937744140624,-0.5847750746104694,0.590864686514772,4.053907760758055,-1.1707512917180267,-0.2084721034212968,0.8594399536406714,1.4513481171588154,-0.6681596003923698,0.3367520077910093,-2.3937916135204467
33.0,95.0,999.9929809570312,-0.5825769267307326,0.591549097889855,4.053908676431732,-1.1661482592366248,-0.2101879897938712,0.8605676119148331,1.4507597919057016,-0.6679816505173566,0.3407156470575359,-2.389191958351108
33.0,95.0,999.994873046875,-0.582743651012418,0.5921491418518539,4.051718953068839,-1.169007125040436,-0.209896858740838,0.858023150339565,1.454156177890427,-0.6655499412056605,0.3382901187720559,-2.387867667009213
33.0,95.0,999.9942016601562,-0.5810194233597938,0.5930689456528633,4.055974199599362,-1.1677601395956527,-0.2106520447471442,0.8608260340880634,1.4538656054061114,-0.6694335100077495,0.3412249053318126,-2.3864884746642936
33.0,95.0,999.9935302734376,-0.5828912840227503,0.5954177249746104,4.054160257279879,-1.167536494263119,-0.2104453672795285,0.8563666847924889,1.4533411058553014,-0.6678785100413673,0.3399487387961786,-2.388921932860998
33.0,95.0,999.9930419921876,-0.5822358069631317,0.5913564497841666,4.050431379866682,-1.1664351869907623,-0.2103559557369232,0.8635764171493756,1.453699829987423,-0.6688191746224375,0.3382201866433023,-2.38518269834142
33.0,95.0,999.9935913085938,-0.5827311865580977,0.5942977421786289,4.055475362997571,-1.168579975171657,-0.2102453782083477,0.8570926927359483,1.4549014119685602,-0.6681641233931028,0.3426983502839817,-2.386638399988072
33.0,95.0,999.9931030273438,-0.5838974869125462,0.5951585215588704,4.055029244121059,-1.171770574392203,-0.2094564420131197,0.8575669185041992,1.4572664310843937,-0.6684608106677699,0.3379469262565449,-2.3890102552480323
33.0,95.0,999.9945678710938,-0.5823891452225975,0.5950467165846529,4.055320793587082,-1.1692156633159172,-0.2111043889301083,0.8558084391704739,1.455700449474163,-0.6680954374405434,0.3393226332478694,-2.389055167737314
33.0,95.0,999.99267578125,-0.5826537911093981,0.5923299377387998,4.053090662386923,-1.1694657715807883,-0.2099649687159086,0.8606050004187669,1.4551568586634254,-0.668407616717114,0.3392167738616267,-2.388024351631904
33.0,95.0,999.9935913085938,-0.5808032495755278,0.5923227434521205,4.052442476371562,-1.1648559921787354,-0.2125427499996162,0.8602091040177315,1.4549621465264293,-0.6669638938720226,0.34246615421893,-2.381945926744706
33.0,95.0,999.9945678710938,-0.5844115234322178,0.5911191218855363,4.053293445641835,-1.1731364839845932,-0.2082018216527705,0.8585918069037941,1.4523746208282855,-0.6689085232076346,0.3341603268482096,-2.3940274340582786
33.0,95.0,999.9928588867188,-0.5857306264695028,0.5968881572567843,4.053961252523443,-1.1763422291829722,-0.208119479531109,0.8523310633779282,1.4574457260762053,-0.6663166325002878,0.3331966877133556,-2.394195467135418
33.0,95.0,999.9929809570312,-0.5835691083884305,0.5943769181289502,4.05547292933433,-1.1714196925266136,-0.2092639804078624,0.8565256936160406,1.4541162194211887,-0.6683587816555328,0.3378653920419214,-2.3925504003136853
33.0,95.0,999.9939575195312,-0.5848427012823834,0.5942448701484349,4.0534907755980125,-1.1721904065632245,-0.208670609095364,0.856119615466989,1.4551628826423617,-0.6672002772551542,0.3353396455496309,-2.391600194164335
33.0,95.0,999.9943237304688,-0.5802285039688062,0.5930184723874046,4.05321125675928,-1.164813665139874,-0.2119595157787461,0.860548485636877,1.4540924880629955,-0.6687140528033657,0.3414298333506078,-2.3818148337478067
33.0,95.0,999.9937133789062,-0.5844377262675913,0.5950615757528377,4.051783511014097,-1.1709924840358583,-0.2089609459901744,0.8572061278182783,1.4540779679102576,-0.6680943267910191,0.3333221255259477,-2.3917947331432723
33.0,95.0,999.9937744140624,-0.5811906858701592,0.5922277118433321,4.055136360750769,-1.1642065279839962,-0.2120008218543398,0.8604446427522303,1.4524508052244087,-0.6689780396515674,0.3434805512952685,-2.3862137556948904
33.0,95.0,999.9945068359376,-0.58100676939205,0.5909643734813255,4.055042813304951,-1.1657419563714493,-0.21087839707587,0.8620784691871393,1.4504548243702908,-0.6694945833040649,0.342044975518827,-2.3881472379846658
33.0,95.0,999.9920654296876,-0.582976261227798,0.5932014568218946,4.05290298153794,-1.1672735672998789,-0.2095096955157309,0.860587659334402,1.4533267785152004,-0.6687532128839981,0.3379194892919166,-2.3891916680272223
33.0,95.0,999.9951782226562,-0.581800559443665,0.5949093294433769,4.0532566173440205,-1.164975063053019,-0.2106728412512879,0.8612531958129699,1.4554208922632226,-0.6689005056321093,0.3426621885358347,-2.383993662914123
33.0,95.0,999.9924926757812,-0.5836631844705336,0.5943799546227098,4.05347270966219,-1.169744020476024,-0.2101527319983676,0.8569648810835782,1.4532105445871455,-0.6681617837236047,0.3368227154106407,-2.390724932003857
33.0,95.0,999.9943237304688,-0.5825049995138967,0.5943296397202484,4.053400742971107,-1.167633447431331,-0.2107966911977064,0.8602149644789403,1.4561350065702614,-0.6695234205631087,0.3385668626267843,-2.386974824064698
33.0,95.0,999.9933471679688,-0.5825785460151964,0.5948948542938002,4.054761285874498,-1.170196388580791,-0.2102913259680869,0.8575874343621379,1.4551905717308475,-0.668475085311135,0.3396788875208223,-2.387903528569948
33.0,95.0,999.9918212890624,-0.5833836646619144,0.591854002906695,4.052894257774733,-1.169437556103296,-0.2090543196226812,0.860059502760329,1.4518621577518456,-0.6685960244686591,0.3368231710180991,-2.3919276343621823
33.0,95.0,999.99267578125,-0.5834215777926923,0.5941371364913817,4.050965864880197,-1.169578053688145,-0.2092636483191103,0.8577068598470365,1.4534328224240278,-0.6679378105261478,0.3351613501248263,-2.389425341774354
33.0,95.0,999.99462890625,-0.5820391996902563,0.5928499339374662,4.053868174002821,-1.1705066877284316,-0.2109217934721838,0.8585741497486543,1.457034287969706,-0.6686349564411316,0.3394117581395486,-2.386701105952972
33.0,95.0,999.9939575195312,-0.5814144360038966,0.5906524977709937,4.054335776452625,-1.16514593536598,-0.2107096249451814,0.8630086012017006,1.4502957162767416,-0.6688346018665845,0.3429775068779639,-2.385494353552056
33.0,95.0,999.9934692382812,-0.5840135087185594,0.593278571051659,4.053958048383633,-1.1718150061674004,-0.20912323500389,0.8578587941921487,1.455473876178038,-0.6676059134405303,0.3349585450599548,-2.392912982818085
33.0,95.0,999.992919921875,-0.5823425487184704,0.594364037827563,4.053309958805482,-1.1718029693359666,-0.2106324236620285,0.8550495052011122,1.4574903047985188,-0.6662653917900307,0.3375341757074368,-2.389240225266006
33.0,95.0,999.994140625,-0.584723973846911,0.5920694038829,4.053129609352293,-1.1716634852944097,-0.2087487540510242,0.8569409886731805,1.4529334365997375,-0.6675508776284218,0.3362283001896715,-2.3926617657220053
33.0,95.0,999.9929809570312,-0.5826352361659488,0.593058779877504,4.052731431580625,-1.1681522714798098,-0.2100682226463712,0.858714214043478,1.4509316891624913,-0.6692999975193414,0.3387506928794739,-2.388792227251111
33.0,95.0,999.9967041015624,-0.5841562518791008,0.5956296594035333,4.059606182961286,-1.1694546159055443,-0.2096052114105333,0.8570181955036746,1.4550828580655146,-0.6705457048949732,0.3428037309189573,-2.387968795204297
33.0,96.0,999.9933471679688,-0.5822261296523115,0.5925261803735085,4.0536613597340505,-1.1702921540537896,-0.2102001277193155,0.8580730912344219,1.4553514799743263,-0.6662919113722428,0.3386740319057333,-2.390130733484615
33.0,96.0,999.9924926757812,-0.5834513666747938,0.5939836211090208,4.051848396963415,-1.1706027814482125,-0.2097081464531864,0.8569856800524178,1.4554431237348373,-0.6670884518907396,0.3367539067188243,-2.389767293050133
33.0,96.0,999.9937744140624,-0.5839142098941315,0.5916726270627013,4.054601912759335,-1.1688856612307976,-0.2094239940095779,0.8582074080756819,1.4495979314041154,-0.6682540853537517,0.3383436249179201,-2.3917992087870936
33.0,96.0,999.9942016601562,-0.5838866367571649,0.5950266745998096,4.052698392642821,-1.171277627597576,-0.209920973597903,0.8549953363752643,1.4550456763945885,-0.6671663076944698,0.3365785963527381,-2.391153649117445
33.0,96.0,999.9935302734376,-0.5827273157980564,0.5923043478109236,4.0533921272276725,-1.169958662770401,-0.2092645127921644,0.8611403458624514,1.4548234407311478,-0.6684635721065444,0.3372848381275997,-2.3886330842610204
33.0,96.0,999.994384765625,-0.5818906094712792,0.5917897138715622,4.055722079299818,-1.1673871442255108,-0.2096523757730333,0.8600565365745076,1.4497572700811432,-0.6697481118077038,0.341433063883243,-2.3899110268690493
33.0,96.0,999.99365234375,-0.5828693096836606,0.5943339656010496,4.052942337598115,-1.173122354803418,-0.2090521522461843,0.8556157260667066,1.4557362023465004,-0.6675660452901058,0.3323489650272488,-2.394004602125957
33.0,96.0,999.9940185546876,-0.5825001852173051,0.5937323012188358,4.056093261015967,-1.172513338170683,-0.2100622287129541,0.8571297329662215,1.4585712821355168,-0.6678366185637561,0.3378425828597953,-2.3899967024935047
33.0,96.0,999.9935302734376,-0.5841206926572715,0.5936445790002605,4.056071740316847,-1.1720654372109447,-0.2097114826268162,0.8553342656162135,1.4549627180599565,-0.6673456728881302,0.3389069466854977,-2.391290863469824
33.0,96.0,999.9924926757812,-0.5830224007232623,0.5933435227996053,4.0536873989067495,-1.1694109575114098,-0.210331295908305,0.8578536529832039,1.4547547631092606,-0.6680394746857852,0.3392689616488695,-2.388275658491789
33.0,96.0,999.9943237304688,-0.5846195538175136,0.5943658943231336,4.052731357215066,-1.171811917375421,-0.2072274055612437,0.8572801605611264,1.4531339904350702,-0.6687914294416437,0.3339223874692205,-2.3926845335586275
33.0,96.0,999.9925537109376,-0.584074747764241,0.5951934623994841,4.0523583807661705,-1.1723232383594184,-0.2087126666634819,0.8557812159630132,1.4546341657163229,-0.667531224955904,0.3346950557895436,-2.393812411210288
33.0,96.0,999.9955444335938,-0.5848885959580885,0.5952690783033976,4.0541220643870695,-1.174155363859744,-0.2091842517109734,0.853401092895913,1.453536500562949,-0.6680642139863409,0.3324239211309461,-2.396564346028528
33.0,96.0,999.9932861328124,-0.5841405835678692,0.5942772885912468,4.054129599470876,-1.170335694590945,-0.209171573732128,0.8569255903395696,1.454787406645348,-0.6676791266683706,0.3383510818586179,-2.389253984896212
33.0,96.0,999.9948120117188,-0.5844582816579953,0.5932978042408426,4.056019059772995,-1.1742982216249145,-0.2079283208390405,0.8552157105984719,1.4552446414870277,-0.6685367070174912,0.3350209242705935,-2.396110374962208
33.0,96.0,999.9942016601562,-0.5837904402869318,0.5962793171751279,4.052158193103853,-1.1732852232574285,-0.2093011064310843,0.8531145990607047,1.4543789196923085,-0.6659209871888114,0.332188741726414,-2.395543944961312
33.0,96.0,999.9920043945312,-0.5817569228865835,0.5936428620683687,4.051453158282879,-1.1678606817862949,-0.2115134208587674,0.8588941597264856,1.4551830786556064,-0.6667299707396754,0.3380987564212026,-2.385969666664564
33.0,96.0,999.9942016601562,-0.583182625569421,0.592650646213527,4.054511815111971,-1.168847065725128,-0.2091490788403742,0.8580910443563532,1.4512673935477958,-0.6693064926752825,0.3380747083751032,-2.390029230770057
33.0,96.0,999.99365234375,-0.5834869504188687,0.5924805356788028,4.050885837230922,-1.1699913873001222,-0.2091133460502483,0.8586786000315838,1.4541468777156306,-0.6668225008042139,0.3358324925108826,-2.390953693740767
33.0,96.0,999.9931640625,-0.5826123962477867,0.5935629887933729,4.0552733901415134,-1.1683729437693158,-0.2112396328725188,0.8582537356091784,1.454531656976604,-0.6682369298606154,0.3409414735049321,-2.3868919696988806
33.0,96.0,999.9931030273438,-0.5816156928317824,0.5918710945186776,4.05501228027093,-1.1668185684580346,-0.2107374278816918,0.8608669273471126,1.4544744202498094,-0.6678799803937165,0.340802089147358,-2.386292703029774
33.0,96.0,999.9932250976562,-0.5849601990439917,0.594861374029084,4.051944062843555,-1.1716669812133258,-0.2088349185576978,0.8569716393025253,1.4541982613440947,-0.6674727044403914,0.335118695694371,-2.392218764059061
33.0,96.0,999.9948120117188,-0.5847894533864579,0.597448572491249,4.054846146469597,-1.1725428760481007,-0.2086696021164096,0.8541938706692429,1.4555143992873596,-0.6684615213318255,0.3370098415412101,-2.39310637329599
33.0,96.0,999.9937133789062,-0.5835887742560892,0.592789723468309,4.05268855494397,-1.1707037122964543,-0.2102034882581955,0.8594856201561516,1.4547581991368874,-0.6672794930858226,0.3380362985072862,-2.3892292293631145
33.0,96.0,999.99267578125,-0.5823072427114697,0.5928255934371327,4.052105730006879,-1.1702802930124716,-0.2099948707001475,0.8580341484305354,1.4546090480478195,-0.667115664593088,0.3356630126032689,-2.390902590447807
33.0,96.0,999.9935913085938,-0.5842812447604837,0.5934972359526345,4.054830242760968,-1.1704002893960026,-0.210185658762164,0.8565781583391772,1.4540318094208784,-0.6682131814696781,0.3382183666728711,-2.3915626836450894
33.0,96.0,999.9920654296876,-0.5839913858247723,0.5933900415863089,4.049887110265898,-1.1685657879328843,-0.209053848559285,0.8577631141847695,1.450853254838261,-0.667339824021985,0.3363720276381707,-2.3912611022356463
33.0,96.0,999.9943237304688,-0.5824730848999815,0.5922771319718496,4.054117298434377,-1.1678079194043098,-0.2117601831669766,0.8604853105867178,1.4560220500280003,-0.6676133170038083,0.3410759264930076,-2.384105973869305
33.0,96.0,999.992919921875,-0.5832078550766013,0.5934344581714459,4.055444029268594,-1.1721968965530445,-0.209583878585212,0.8559846866453515,1.4564204888517231,-0.6673666651255514,0.3386109066793539,-2.391182345989871
33.0,96.0,999.9918212890624,-0.5822241330608833,0.5922679048377084,4.053028301543849,-1.1675764754272722,-0.211070138626912,0.8609801530105088,1.4552711172807964,-0.6680206928449515,0.3411771119395439,-2.38530868624054
33.0,96.0,999.993408203125,-0.5850407830487745,0.5939274572444697,4.054490944217022,-1.1734308082864535,-0.2088330928303214,0.8560928119293241,1.4538122263261393,-0.6682200826343934,0.3356599379604201,-2.394204998281517
33.0,96.0,999.9951171875,-0.5852984222444926,0.5959614921497263,4.050612732245638,-1.1754508161329942,-0.2078828156537229,0.853725467306063,1.453799145701918,-0.6681416878517972,0.330015102962796,-2.395759609103875
33.0,96.0,999.99365234375,-0.5826109558094528,0.5926857464430748,4.055699575451589,-1.1709632931343403,-0.2099806548358573,0.858244925025474,1.4537486439953646,-0.6687580657533161,0.3396531014803763,-2.39079164385499
33.0,96.0,999.9937744140624,-0.5836593165610005,0.5947866542491989,4.053821823736376,-1.1710260671226305,-0.2108033101538655,0.8555974782094733,1.456752518485196,-0.6657955695410758,0.3387828825661838,-2.3890650638782995
33.0,96.0,999.9925537109376,-0.5835114119341753,0.5938347892410922,4.053357429584784,-1.167687442045542,-0.2098551349264203,0.8604967343466727,1.4537435065864956,-0.6687948722652601,0.3385774824436911,-2.388691007214213
33.0,96.0,999.99169921875,-0.5834046647428313,0.592264051007982,4.051721954744885,-1.1690916744627304,-0.2093938511352542,0.8595937996258041,1.451439576209724,-0.6684340465619849,0.3371674521303429,-2.3902416397719763
33.0,96.0,999.9939575195312,-0.5841715483016561,0.594543209487707,4.054706114212729,-1.1742389107580116,-0.2081128908722034,0.8560212468313741,1.4551960559472246,-0.6685619181685016,0.3347759746827901,-2.3926485929980936
33.0,96.0,999.9931640625,-0.5808568730904486,0.5912950928491991,4.0538158140446825,-1.1658111875480142,-0.2113640539386905,0.8612195175222057,1.4534441005483458,-0.6674557680945155,0.3418349864975774,-2.3857971291765723
33.0,96.0,999.9942626953124,-0.5858280245461795,0.595572291221746,4.050801901040535,-1.1726744365663953,-0.2079387978603355,0.8550492984335376,1.4519264709260336,-0.6674663362020326,0.3316576711903876,-2.397044648346069
33.0,96.0,999.9938354492188,-0.5826119229083018,0.5910605196072991,4.055673091071652,-1.169320771449756,-0.210338462047761,0.8586622371804218,1.452136147030485,-0.6681858609145861,0.3403499413608477,-2.390110298168889
33.0,96.0,999.9937744140624,-0.5837293832617458,0.5938628200033866,4.053380321498111,-1.1671203827969905,-0.2100355878534179,0.8596349462817168,1.4520071671853465,-0.6689596100711821,0.3403180376499808,-2.388339885949853
33.0,96.0,999.9940795898438,-0.5840825858354624,0.5952222032095982,4.055633298421688,-1.1733414344914816,-0.208664999454994,0.8559615849251667,1.45587079793322,-0.6689563387573285,0.3358334221201717,-2.3920607891890047
33.0,96.0,999.9931640625,-0.5844519437255684,0.5950658265007549,4.055493293199211,-1.172094084264649,-0.2092330174695043,0.8564597407597931,1.4550237485897917,-0.668490824941415,0.3372923529056084,-2.390812814279806
33.0,96.0,999.9947509765624,-0.5823996441781203,0.5939688783884698,4.051084039343266,-1.167547865645595,-0.2089768988081282,0.8599140426429841,1.4520424793898368,-0.6686447180549822,0.3361186110597369,-2.391241844274066
33.0,96.0,999.9927978515624,-0.5843323155612579,0.5939487426053178,4.053896048702914,-1.1718305051383564,-0.2092026164247986,0.8559326923616304,1.454086477605391,-0.6683514663311056,0.3362799160232521,-2.392435310757388
33.0,96.0,999.9931030273438,-0.5859316818188436,0.596510537275309,4.0548853536714535,-1.1747592168880354,-0.2079507253609911,0.851518663621345,1.454000767009877,-0.6668862035815861,0.3347629189604166,-2.395695451847234
33.0,96.0,999.9918212890624,-0.5837584923139918,0.5929393751922305,4.053597207441422,-1.169825031247699,-0.2090840476439961,0.8583329363099388,1.452894389109508,-0.6689944114290993,0.336807114906053,-2.3912075698999287
33.0,96.0,999.9935913085938,-0.5827805674818896,0.5908540328212801,4.053563498906298,-1.167025920893248,-0.2103495741010901,0.8619104096518306,1.453138330845456,-0.6681644624470993,0.3401002035931579,-2.3863056796155595
33.0,96.0,999.9940795898438,-0.5844498742285671,0.5941122111203256,4.055280746897832,-1.1709974153152922,-0.2097407599095122,0.8564015281811352,1.4536687088010227,-0.6677597308017136,0.3382899542368918,-2.392958656342911
33.0,96.0,999.9917602539062,-0.5830412923735011,0.5941108147747318,4.051826494622713,-1.166698959739013,-0.2100833429121227,0.8594552504539843,1.4531391358449834,-0.6685901833952217,0.339508760735919,-2.385743080863898
33.0,97.0,999.9921264648438,-0.5828234792833307,0.5924698789298972,4.051417849719186,-1.1682021720700146,-0.2106403927826701,0.8602743082093394,1.4549649124353037,-0.6675149834404976,0.3387460227675962,-2.3860429558632616
33.0,97.0,999.9926147460938,-0.5828116070054392,0.5929315896741452,4.052598128447366,-1.1687632163567936,-0.2107153475926289,0.8591716181223319,1.453947724865257,-0.6676301128862505,0.3388426649762603,-2.3887692256090576
33.0,97.0,999.9938354492188,-0.5835747368982895,0.5918600698022694,4.052365828403502,-1.1701382967363585,-0.2102562503177747,0.8585616857502565,1.454514994896364,-0.6669693649834256,0.336514868473591,-2.390187259740181
33.0,97.0,999.9935913085938,-0.5835103186057324,0.5929931539944144,4.051691882159672,-1.1696420708950015,-0.2099116221551593,0.8569500320037724,1.45374780096303,-0.6673629517409232,0.3373674169978695,-2.3894388084183964
33.0,97.0,999.9933471679688,-0.5829633907201677,0.5932156445572563,4.050802152317184,-1.1665907598403529,-0.2104624155893031,0.8577662984052399,1.4517936775973448,-0.6674558894559066,0.3390612962696444,-2.3881058079639783
33.0,97.0,999.9937133789062,-0.5817918218562239,0.5937411357146889,4.052665147779203,-1.1667106754419048,-0.2116345628828657,0.8584873749091493,1.455394707390675,-0.6680846297746514,0.3398126105950725,-2.3862874682536246
33.0,97.0,999.99365234375,-0.5822864951307194,0.5907761596584091,4.053540195135767,-1.1655402237087342,-0.2106049365581217,0.8620811440553098,1.45212584149645,-0.6686210121040181,0.3406527587805632,-2.3859355017884143
33.0,97.0,999.9947509765624,-0.5830606545233046,0.5947302691533061,4.055306675101006,-1.1713003979629195,-0.2099049134022852,0.8560948443711736,1.4574203368454794,-0.6667957007460696,0.3412576074197311,-2.3876010219652195
33.0,97.0,999.9913940429688,-0.582703304336075,0.5935384088624946,4.052354518190768,-1.1697432149910654,-0.2102913931106274,0.8575469452938709,1.454331421915425,-0.6661288228435351,0.3376404479603447,-2.389380422279492
33.0,97.0,999.9945068359376,-0.5822130960188545,0.5904009910422925,4.052540733900525,-1.1630032582146717,-0.2102484066793248,0.8638654373557841,1.448310486170178,-0.669395316236499,0.3406317202424205,-2.3883281939180434
33.0,97.0,999.9938354492188,-0.582584007030988,0.5930744875173648,4.055983427919941,-1.1678198984598396,-0.2099217697885,0.8603085774525541,1.453556588089148,-0.6691338829746831,0.3408608030833751,-2.3887307292052364
33.0,97.0,999.9954223632812,-0.5804751502873389,0.5895826348902506,4.054352638875695,-1.1634666244791267,-0.2118061718947821,0.8646313072814742,1.452150376671221,-0.6701675073709872,0.3454923252316035,-2.3828824811076887
33.0,97.0,999.9935913085938,-0.5838138765136618,0.593595280671952,4.050175217173386,-1.1666876639896846,-0.2090479520041217,0.8595543682263909,1.4500608327676288,-0.6680513725921209,0.3378445974238069,-2.389317841338409
33.0,97.0,999.9931030273438,-0.5827339001027205,0.5925922032622601,4.051583379284285,-1.1685650029822097,-0.2101725614430334,0.8596260702108518,1.453715021688419,-0.6671387998176357,0.3394527056786494,-2.3871082447459617
33.0,97.0,999.9937744140624,-0.583217755681213,0.595776880474661,4.051557832188079,-1.1709727845442637,-0.2093520606672303,0.85768359871187,1.4544557352775538,-0.6685757288286656,0.3338543479461258,-2.3919665666822136
33.0,97.0,999.9933471679688,-0.5816693579008128,0.5906051336922857,4.053703441575854,-1.1689168958128748,-0.2106504824466837,0.8611858478084198,1.454365921569437,-0.6676975742621396,0.3374219495385935,-2.3902011263358407
33.0,97.0,999.992431640625,-0.5828758064567934,0.5929739288243709,4.054844110169057,-1.1678607051793617,-0.2091913080349776,0.859227253099272,1.450857218640106,-0.6699467379525021,0.3402392893615431,-2.3897192479922493
33.0,97.0,999.9935913085938,-0.5829284346728585,0.5935499338578385,4.050770439839795,-1.168604351356164,-0.2105162140230794,0.8594522921597445,1.453923338814878,-0.6683354567160933,0.3369122364342818,-2.387768622664498
33.0,97.0,999.9937744140624,-0.5835601139024131,0.5915560086588059,4.053351065614416,-1.1654040020865215,-0.2098624935813644,0.8629058450574876,1.4510436985058073,-0.6697353897531597,0.3419441925356592,-2.3866847833099847
33.0,97.0,999.994873046875,-0.5823671789673037,0.593040014657368,4.0527550481378025,-1.1677242661071077,-0.2106196345114757,0.8588466051944978,1.453239570252923,-0.668590198771863,0.34140757315215,-2.386838923288553
33.0,97.0,999.9927978515624,-0.581907720122107,0.5918971201511773,4.053928852247939,-1.1678671999267038,-0.2112228344973905,0.859905739335729,1.4541802764239868,-0.6673445283010837,0.3395423754308559,-2.387128878787604
33.0,97.0,999.9939575195312,-0.5839769735247096,0.5934961568262418,4.053627896133319,-1.169872134155706,-0.2091236761589403,0.8572076194703682,1.4542440236808538,-0.6672706133296709,0.3378377935305927,-2.390164639693358
33.0,97.0,999.9934692382812,-0.583309963690402,0.5947092813235226,4.05518487057445,-1.1691796579542184,-0.2093715703038725,0.8583266069498219,1.4537179772914142,-0.6686034727919408,0.3392014948727393,-2.390823929258756
33.0,97.0,999.9949340820312,-0.5844272787528109,0.5970852233067605,4.051768338082638,-1.1724766267714344,-0.2102728194052812,0.8525591835246304,1.4554688208074855,-0.666794819418234,0.3356706010997374,-2.3914895830948057
33.0,97.0,999.99267578125,-0.581107069795924,0.5887794820769017,4.053453803353552,-1.166065101991705,-0.2111370368116496,0.8636689200378882,1.453100854378703,-0.6687545972372195,0.3411472016601564,-2.386400659093271
33.0,97.0,999.9955444335938,-0.5850691235112873,0.59758573642989,4.05044555649344,-1.1728149866335222,-0.2096452972738687,0.8514591157509148,1.4557031845472863,-0.6654600931048149,0.3332450657956602,-2.3912944250998884
33.0,97.0,999.9925537109376,-0.5825121813053062,0.5923693521726356,4.0543331259825415,-1.1708764403508445,-0.2099835025686234,0.8572613276794696,1.4549531145298458,-0.6680850088253889,0.3387648368191556,-2.388878267275995
33.0,97.0,999.9945678710938,-0.5829220618452275,0.5936655561432405,4.053446443911444,-1.1669464987181626,-0.2103306861205913,0.8598947315130818,1.4539115928272055,-0.669117504235988,0.3416013945663003,-2.386199126244688
33.0,97.0,999.9923706054688,-0.5808210343628541,0.5910173938421455,4.052410254316122,-1.1646885590835594,-0.2115689061310863,0.8624630693688236,1.4529407070943412,-0.6682253421450328,0.3417745315085083,-2.382901188978166
33.0,97.0,999.994140625,-0.5837765986759127,0.5937126057692534,4.055534232359827,-1.1710543125566324,-0.2096474261422622,0.8575975245613963,1.4572565517000848,-0.6676674449851365,0.3395595863886331,-2.38890363693901
33.0,97.0,999.9924926757812,-0.5825633890300921,0.5925282786651707,4.050723497164498,-1.1682584003415952,-0.2107355807992137,0.8609725101914902,1.4550537219891622,-0.6674558288964354,0.3371103737827283,-2.38628157735411
33.0,97.0,999.9920043945312,-0.5832191820863724,0.5932390503438514,4.052161911661118,-1.1680968883917089,-0.2099866953352593,0.8585758299485065,1.452385624189053,-0.6689559360481994,0.3376330868640753,-2.389343737495127
33.0,97.0,999.9947509765624,-0.5845406351955438,0.5941434077150483,4.051628920512311,-1.1722510913373425,-0.2076132701173518,0.8570536310315617,1.4516540096838906,-0.6679155594355777,0.3346411798363036,-2.395518089750235
33.0,97.0,999.9931030273438,-0.5818384397833407,0.590984057455664,4.053979365185308,-1.166466591313715,-0.2107802352177676,0.8620690736606402,1.4538232798978772,-0.6683594955857162,0.3429245470111555,-2.38470296934199
33.0,97.0,999.9932250976562,-0.5832357066718021,0.5939415538716961,4.052122457878172,-1.169585658825735,-0.2104762849945078,0.8564146682491502,1.4541081374640663,-0.6669901460273007,0.3364588907934154,-2.390760916694779
33.0,97.0,999.9937744140624,-0.5837804056161247,0.5940134462511937,4.053405810041085,-1.1703933918703822,-0.2101533518017033,0.8574785119404176,1.4570757086772268,-0.6675431401033052,0.3378120308002676,-2.3883690266928537
33.0,97.0,999.9957885742188,-0.5796511374637907,0.5900996618699867,4.050526951678851,-1.1622274798601668,-0.2115373528886639,0.8660383902543671,1.45340943493116,-0.6676697871041961,0.3413935703410198,-2.382796898444072
33.0,97.0,999.9935302734376,-0.5841469356187137,0.5943460036742652,4.054203817403998,-1.1680265763505964,-0.2093043125211373,0.8581463605724924,1.4515548534580542,-0.6698076173108873,0.3374844869537199,-2.390349962472204
33.0,97.0,999.9938354492188,-0.5824256223217619,0.5927155756038536,4.050504752698469,-1.1684205471066167,-0.2103235150772775,0.8601622168162546,1.4549300940203267,-0.6677841868670997,0.3383091993051312,-2.3855673127413306
33.0,97.0,999.9932861328124,-0.5838357606119837,0.5941130315893925,4.05400897585672,-1.1712977324464662,-0.20959814570831,0.857308392398477,1.4558937313209324,-0.6686481046770929,0.3389979023549552,-2.3875058209666165
33.0,97.0,999.9921875,-0.5818871259223304,0.5916896231210034,4.052101579957938,-1.165092883028965,-0.2111902101925586,0.8610184720511418,1.4512917088713175,-0.6678221912448983,0.3406287640266372,-2.385896622818385
33.0,97.0,999.9928588867188,-0.5824649930561145,0.59126635758295,4.052180365560373,-1.1685838533959876,-0.2101830455286641,0.861113117199606,1.4519913869216516,-0.6685281489870345,0.3388022747777874,-2.3878210526085413
33.0,97.0,999.9953002929688,-0.5832123835277239,0.5904439252619067,4.051983187470263,-1.1707508206089423,-0.2086756331399604,0.8598802546272308,1.4531734492333603,-0.6680080263681694,0.333757608228681,-2.3941107020931933
33.0,97.0,999.9926147460938,-0.5833493511695016,0.5920233886747086,4.052580289382922,-1.1682485558440572,-0.2089731210332006,0.8603602047826193,1.4527082135690303,-0.6685205248854329,0.3392937886951515,-2.3886886873496533
33.0,97.0,999.9923706054688,-0.5824237443863698,0.592940317980406,4.053334127156656,-1.168107328519952,-0.2108812976772949,0.8589649659505731,1.4545581153856908,-0.6673098434576605,0.3387398806491957,-2.389139467118697
33.0,97.0,999.9946899414062,-0.5845304514423084,0.5959861884363278,4.051606493517534,-1.1719423580256496,-0.2094559573299124,0.8548872892085431,1.456911352449881,-0.6672983725458153,0.3367560939551683,-2.3874729598736906
33.0,97.0,999.9942016601562,-0.5807498998158671,0.5912626606989848,4.053725646860917,-1.1611033094172851,-0.2117862060929765,0.8639746949589808,1.449228890690863,-0.6706907626661476,0.3438748481606533,-2.3843454877473675
33.0,97.0,999.9946899414062,-0.5840691741823845,0.5954562264141918,4.052057424331604,-1.1691746485332666,-0.2093223800352763,0.8562017202035141,1.45349885631218,-0.668052024565922,0.3392122905244807,-2.389222609891989
33.0,97.0,999.9945678710938,-0.5842508336692473,0.5937112951757406,4.053792293043239,-1.1675643517940792,-0.2102346207323426,0.8594136276670907,1.4527624869514453,-0.6695308888884197,0.3372217390398244,-2.389544580272694
33.0,97.0,999.9935913085938,-0.5811452371219588,0.5896891062117104,4.052790462684497,-1.163321347729383,-0.210890801630204,0.8637388180461638,1.449150010559138,-0.6697505264688699,0.342004515390764,-2.386689568898412
33.0,98.0,999.991943359375,-0.5813247938022332,0.5910321138241166,4.053191408309996,-1.1673398872921368,-0.2114161774807197,0.8611167309031975,1.454126907042416,-0.6675478985815566,0.3404208717529968,-2.385477551662714
33.0,98.0,999.990234375,-0.5825668450506267,0.5931569059328048,4.053838333271884,-1.1675279792085562,-0.2106234115883243,0.8593407062267309,1.4528112438324916,-0.6682650783326753,0.3396355014825944,-2.387687941516508
33.0,98.0,999.9951171875,-0.5829756654188891,0.5914922886317235,4.052189607244372,-1.167746564207107,-0.2094103468736579,0.8609400491493266,1.4520930239184704,-0.6682142409764698,0.3409275203075452,-2.3886654053904435
33.0,98.0,999.9927368164062,-0.5840886850786928,0.5934169221725423,4.052502977056793,-1.169313228236997,-0.2086035653895956,0.8583553060188329,1.450529616808493,-0.66839198154742,0.336024437954797,-2.39325074194762
33.0,98.0,999.9918212890624,-0.581956373243389,0.5929589116914133,4.052385081398798,-1.1668742785209538,-0.2106285460243508,0.8597005838466423,1.4521356852384448,-0.6687439478454857,0.3397816093879662,-2.387080093480323
33.0,98.0,999.9921875,-0.5812811928154193,0.5906742965199356,4.054031964741849,-1.1675347915019914,-0.2108865681205953,0.860267766896623,1.4525303048335705,-0.6681668630112334,0.3405266724878899,-2.388016114275561
33.0,98.0,999.992919921875,-0.5825253375265458,0.5922317421905552,4.050637269206852,-1.1694046600800825,-0.2098798143164479,0.8592743355890491,1.4524544822292371,-0.6677987181961571,0.3357069857958095,-2.389770824108587
33.0,98.0,999.9940185546876,-0.5821104225532387,0.5904137443270576,4.054753118291005,-1.1645808298364215,-0.2110505186376574,0.8621840422081917,1.450460366836083,-0.669902581049044,0.3417737033292649,-2.387730271543563
33.0,98.0,999.993408203125,-0.5813872254751526,0.5902945213784649,4.053408494876647,-1.1624602417447214,-0.2114680635881036,0.8648233495609823,1.4520222017342332,-0.669381598893116,0.344221152149581,-2.3822463024276552
33.0,98.0,999.991943359375,-0.5819960327494682,0.5920577037887611,4.052824274134716,-1.1683761239981614,-0.2103737212114014,0.8600472208455994,1.453566002797646,-0.6678341197411335,0.340335905115654,-2.3863311369975464
33.0,98.0,999.9924926757812,-0.5835798426760439,0.5923872862746293,4.052760295654725,-1.1674151915774909,-0.2093416145003166,0.8604307924692751,1.4520443778106538,-0.6692561503676115,0.3387567092584618,-2.388229891794745
33.0,98.0,999.9946899414062,-0.5837104156531341,0.5932075473353162,4.051749039919789,-1.1666179796277871,-0.2096765839047822,0.859188495788322,1.4513075471495354,-0.6677112571765367,0.33782287638219,-2.3916928564241333
33.0,98.0,999.990966796875,-0.5829765162997882,0.5939559945589767,4.05424523596734,-1.1685096591822126,-0.2101655623064227,0.8582695014483424,1.453210323800067,-0.6678498556963737,0.339276192593763,-2.3891079804528186
33.0,98.0,999.9927978515624,-0.5850092908632583,0.5967021192253146,4.053781118150873,-1.172892423350285,-0.2091671399473513,0.8544701759283644,1.4566515285771997,-0.6676141917684912,0.3355502365038543,-2.391608455726632
33.0,98.0,999.994140625,-0.5807910598499433,0.5906232928122055,4.053161637367648,-1.1649747952506622,-0.2121670870515446,0.8626089415299116,1.4552395767918869,-0.6686947706944739,0.3434165825409927,-2.3815046829493136
33.0,98.0,999.9951171875,-0.5824307895076881,0.5935756802709466,4.050762209788921,-1.1737792860438252,-0.2102485883804465,0.855831445674502,1.458857115157695,-0.6644397752790585,0.3346431817961504,-2.389922636780974
33.0,98.0,999.9920654296876,-0.5828935477788448,0.5934842822353072,4.051881238362858,-1.168041424879554,-0.2100226993264611,0.8582545113235707,1.451330410513366,-0.6671665237798994,0.3377788427493255,-2.389927744636375
33.0,98.0,999.9922485351562,-0.5836654901053429,0.5943821514203673,4.051641206299872,-1.1706404532229595,-0.2092825971473946,0.8569568492688164,1.4531709536316535,-0.6668602823579697,0.334767456107631,-2.392681963708509
33.0,98.0,999.9949340820312,-0.5807955908171651,0.5881881576447592,4.051876280674891,-1.1646685861947366,-0.211652559080651,0.865830291049603,1.4519637382131716,-0.6691265660599548,0.3421061836335344,-2.3818787372286088
33.0,98.0,999.9930419921876,-0.5823500487654272,0.595898293216095,4.053035229913281,-1.169776828137476,-0.2105078295719051,0.8543614892054432,1.4543544236435189,-0.6653635235993587,0.3381217607354241,-2.38955663963079
33.0,98.0,999.9935913085938,-0.5800203259966263,0.5883859128334015,4.054755194949946,-1.164358820202196,-0.2116068236429491,0.8648916191602201,1.451521990821484,-0.6695531910568784,0.3449316821883723,-2.3826119460690927
33.0,98.0,999.9939575195312,-0.5809062756650736,0.592862130708113,4.053872528425309,-1.1635268375304788,-0.2123971774548323,0.8611459744328167,1.4539426467418952,-0.6692968042659428,0.3426342289691053,-2.3824655128997603
33.0,98.0,999.9943237304688,-0.5829044550814819,0.5935641804808336,4.052750044054774,-1.167405011193163,-0.2106435048579928,0.8585473359044062,1.452182620186626,-0.6693090241475588,0.3390727614215816,-2.385292522572422
33.0,98.0,999.9916381835938,-0.5814006399730607,0.5931045871132765,4.053503517342147,-1.166422073775256,-0.2111284617742868,0.8587249339441616,1.454584710048899,-0.6674035366530076,0.3409762239157201,-2.385754855851066
33.0,98.0,999.9931640625,-0.5824306308998723,0.5904929015913973,4.05355981991147,-1.1673325309055067,-0.2110284041608316,0.861201317791231,1.4535442387415802,-0.6688015432247392,0.3419051774428254,-2.385600387184569
33.0,98.0,999.9938354492188,-0.5828255764511985,0.5924662159409646,4.053826805459346,-1.171550372257852,-0.2098141609018107,0.8561752628984864,1.4542333486041183,-0.6671016854264984,0.3366332473421396,-2.3910620587780214
33.0,98.0,999.9917602539062,-0.5827484462834471,0.5931060973188718,4.05402393043226,-1.1680800175549564,-0.2101512812368211,0.8589261890413056,1.453057496920512,-0.6680134690390513,0.340528110239191,-2.388757792209684
33.0,98.0,999.9937744140624,-0.5820871818671147,0.5923456486056367,4.051194927202069,-1.167134968041065,-0.2109211688183068,0.8611568194763777,1.454881235018627,-0.6668352935071233,0.3391278881389254,-2.386055670191533
33.0,98.0,999.9912719726562,-0.5816991717336792,0.5925188030279127,4.053020863208925,-1.166252790409095,-0.2103006564181617,0.8611804546554689,1.4517241145004451,-0.668919446546731,0.3396281701269901,-2.3875327131609243
33.0,98.0,999.9913330078124,-0.5827219778930486,0.5929938495760991,4.052428566624027,-1.1685728531226296,-0.2105611332515797,0.8594991345842429,1.45550285384137,-0.6673493731629279,0.3388570891738318,-2.386422608120376
33.0,98.0,999.9944458007812,-0.5825722447462143,0.5915356851521913,4.054210550366991,-1.166682708778514,-0.2108260335431557,0.8586839441764171,1.4513178355309435,-0.6686942439705827,0.3421384046388915,-2.386133548365647
33.0,98.0,999.9930419921876,-0.5837131465250867,0.5953065041266159,4.051427465500929,-1.1735171785731753,-0.2091264413209641,0.8554587679699024,1.4580593079201032,-0.6664388979880318,0.3345729928293721,-2.389855253093736
33.0,98.0,999.99560546875,-0.5845642867145031,0.5933224555519443,4.05250889332229,-1.1685488150294463,-0.2092201231254939,0.8584025382086322,1.4492995299366642,-0.6698962745388233,0.3348566170916793,-2.3946533740258698
33.0,98.0,999.99169921875,-0.5819429486580727,0.5931376238955703,4.054530455293106,-1.1661295534347316,-0.2111161580476226,0.8595264137332386,1.4539310478256304,-0.6688915753183053,0.3421050209029914,-2.3846487113397967
33.0,98.0,999.9927368164062,-0.5817863943898773,0.592401226553438,4.052546024836358,-1.1672588034151268,-0.2105268712991268,0.8597648667098703,1.4542608526123777,-0.6684410598060033,0.3381226919358679,-2.387723197099289
33.0,98.0,999.9930419921876,-0.5826055898246194,0.5944286039454152,4.051857604704882,-1.1667913392419011,-0.2112862601201426,0.8595309448622377,1.4553829843258592,-0.668149377092039,0.3385412581356153,-2.3862070313636368
33.0,98.0,999.9938354492188,-0.5829910390922501,0.5915903950013623,4.053932357191879,-1.1702351153658368,-0.2089031939131382,0.8589423341578071,1.449656372135153,-0.669251996850388,0.3367954424139512,-2.393332764833296
33.0,98.0,999.993408203125,-0.5817204443625066,0.5915566048559544,4.052621891256615,-1.1652406398899853,-0.2111315699662954,0.8622866089149737,1.454827191099759,-0.6693931872861993,0.3412939651654163,-2.383231585574011
33.0,98.0,999.9915161132812,-0.5832948468490962,0.5931560817829817,4.054161405542219,-1.1719872708694994,-0.2092612034758154,0.8568129885358919,1.453680370261461,-0.6674813472693497,0.3365257273295521,-2.3926940674360964
33.0,98.0,999.9942626953124,-0.5838669730533539,0.5954046860732829,4.0507846353194505,-1.1705286634085028,-0.2096058253968733,0.8570026264729442,1.4553672561080786,-0.668048123122789,0.3349222096604514,-2.389877103590808
33.0,98.0,999.9923095703124,-0.5832399766169285,0.593797858876953,4.0531388842721725,-1.1683788888076685,-0.2100185733243416,0.8581883648988384,1.4531570730066123,-0.6691444686288923,0.3394094159656404,-2.3871404459156693
33.0,98.0,999.9946899414062,-0.5817961139886672,0.5904962643829412,4.052489889777677,-1.164403241829416,-0.2120414907092547,0.8639129377923691,1.452131969721834,-0.6696870272292621,0.3407898904671311,-2.384854374155672
33.0,98.0,999.9931030273438,-0.5825122734503552,0.5925360942219857,4.0541565385588,-1.1671733660553143,-0.2108765831903278,0.8620187208971464,1.4553474677908955,-0.6683721715473041,0.3404159208924859,-2.385527779097224
33.0,98.0,999.9923095703124,-0.5825395378882074,0.5929795408262617,4.051570825631082,-1.1676349504103405,-0.2096677390712322,0.8603585663577711,1.452433503587052,-0.6681394852617073,0.3365739024915157,-2.3897669774300665
33.0,98.0,999.9921264648438,-0.5831905228782688,0.5941474397823203,4.053942343884087,-1.169427471571463,-0.209979665177892,0.8568967928205087,1.4551414701891927,-0.6678733414846425,0.3387343190372904,-2.3886707122068507
33.0,98.0,999.991943359375,-0.5814744633513182,0.5907265151683116,4.052402968698148,-1.1651178365259445,-0.2111418116396297,0.8620047418967882,1.451483714919668,-0.6683746564479227,0.3407699097171015,-2.385628649878282
33.0,98.0,999.9938354492188,-0.5841536528223523,0.5958138669234483,4.055386151663248,-1.1737657522309264,-0.2087579043992846,0.8547030753647666,1.4562910162234974,-0.668096390443913,0.337513197428807,-2.390388710440355
33.0,98.0,999.993896484375,-0.582058271160097,0.5924177068795924,4.054511648249889,-1.1682887532684134,-0.211282757479414,0.8578640626242926,1.4546643642888035,-0.6686978108880961,0.3411911516544936,-2.38619717738985
33.0,98.0,999.9935913085938,-0.584561267777886,0.5954527070772677,4.053060322948083,-1.1717215152467482,-0.2086960791613847,0.8572580155545371,1.4545196866412526,-0.6680054417998225,0.3371345255272509,-2.3893575198543844
33.0,98.0,999.9917602539062,-0.5824312250621775,0.5937335083216366,4.052888803076268,-1.168073049249707,-0.2098873432708305,0.8580538843131684,1.4529373524401548,-0.6681631503355314,0.3386592080820181,-2.3884053075514995
33.0,99.0,999.9925537109376,-0.5828462097276415,0.5935191498194792,4.053679408750581,-1.1684901807439043,-0.2094869565564581,0.8573075172586497,1.4514094836969242,-0.6683729671783407,0.3383227380863136,-2.39004708759803
33.0,99.0,999.9945068359376,-0.580300600367222,0.5895701211372923,4.0525662061347525,-1.162392074042935,-0.2120028109093796,0.8643557851080166,1.449652339658627,-0.6694222629449929,0.3416497735552042,-2.38343377747525
33.0,99.0,999.9938354492188,-0.5804780451370544,0.5920136208513451,4.053670343227482,-1.1663522394137145,-0.211371847490124,0.8603778799759256,1.4536370068452085,-0.6678663657710686,0.33942370383199,-2.3874071965014125
33.0,99.0,999.99365234375,-0.5817501948098451,0.5925487565575054,4.051722405655916,-1.1684225898154912,-0.2102141088744815,0.859398222606286,1.4517513109372873,-0.6676307563716337,0.338458459763082,-2.3888745600044285
33.0,99.0,999.9934692382812,-0.5812276217567005,0.5918181479813311,4.054681715301598,-1.1660786280338584,-0.2119888191109673,0.8608762588422518,1.4526894966758066,-0.6685838750434803,0.3407554697865897,-2.3851568340949654
33.0,99.0,999.9934692382812,-0.5807997134965941,0.5905327940028151,4.052599405102503,-1.163976129849556,-0.2108027057102566,0.8627596335623906,1.4499841873933397,-0.6689000068254449,0.3412013288829518,-2.38521231663249
33.0,99.0,999.9935302734376,-0.581236582918252,0.5917926156728264,4.05296376141262,-1.1659803879157673,-0.2111059870039628,0.8616283602426407,1.4521953407287649,-0.6698994929062305,0.3404618170213149,-2.383962964864021
33.0,99.0,999.9956665039062,-0.5850999015996772,0.5958110002057069,4.055103181813845,-1.1726449421242968,-0.2076859180121895,0.856201947237718,1.453240325000488,-0.6686120081595543,0.3354688811706943,-2.396507142480324
33.0,99.0,999.9943237304688,-0.5817564569599671,0.5930281874301784,4.055448404888848,-1.1692372427550546,-0.2110328320551353,0.8581362687503855,1.4558408393902216,-0.6664922043625685,0.3409004591137963,-2.38853183442641
33.0,99.0,999.9933471679688,-0.5828621290059504,0.5919988559799467,4.05162991018735,-1.1695339939271236,-0.2097897691200838,0.8586158726616837,1.4518381381952548,-0.668442694786811,0.3352479364490257,-2.391863162598012
33.0,99.0,999.9929809570312,-0.5821307574863983,0.5947517250688881,4.054808663111864,-1.169678445762567,-0.2108883845023106,0.8557865155503332,1.455041313776519,-0.6674234638918124,0.338105565187071,-2.389729430125681
33.0,99.0,999.995361328125,-0.5791699127076182,0.5896343596750073,4.05557180830864,-1.1617229440779189,-0.2120672002182972,0.8657893330161945,1.4520524479672012,-0.6688601380762815,0.3458282376001085,-2.382297019117133
33.0,99.0,999.9928588867188,-0.5818807309913545,0.5919154920942091,4.05572165968627,-1.167140203926666,-0.2102439593852114,0.8595446556784223,1.4515957148347072,-0.6697845387995436,0.3398881269997114,-2.389275747979071
33.0,99.0,999.993408203125,-0.5806622589207873,0.5913623795791061,4.0517021610955695,-1.1630757949543296,-0.211908151585253,0.8625808000869695,1.4510430467780155,-0.6682452994645347,0.3423095084928471,-2.384234452119227
33.0,99.0,999.9916381835938,-0.5823809636937209,0.594196258780685,4.053101750679803,-1.1683696870664106,-0.210335533229462,0.85899347483657,1.4544431720041953,-0.6682606218309797,0.3384555590870324,-2.3888916596415086
33.0,99.0,999.9938354492188,-0.582557475721142,0.5939835595449754,4.052247272761912,-1.1690444170886145,-0.2115479491863849,0.8568654177324557,1.45707367639882,-0.6659904551406397,0.3386332416716762,-2.3863970934383287
33.0,99.0,999.9921875,-0.5824691203473895,0.5931749501348804,4.053186603024889,-1.1679548301658986,-0.2101848631787204,0.8598019706980011,1.4551040300334597,-0.6676755862574613,0.3401585757807144,-2.387494295242518
33.0,99.0,999.9934692382812,-0.5813440503041658,0.5934777365092518,4.05236943344841,-1.1673577856066752,-0.2096645909694254,0.8599724451591975,1.4533813669290696,-0.6688007186567626,0.3379794304574046,-2.3876467759110898
33.0,99.0,999.9923706054688,-0.5812066562631788,0.5929259682730956,4.053411015132985,-1.1645663290734245,-0.2107488628783924,0.8600853188586761,1.4514324125146985,-0.668522211451446,0.3406861932718872,-2.38704334105498
33.0,99.0,999.9911499023438,-0.5819252895203846,0.5918930291311746,4.052356908567539,-1.1665189817109418,-0.2107814167342265,0.8596567661136243,1.4523958778780628,-0.6679284563035974,0.3407810016260759,-2.3862540891928004
33.0,99.0,999.995849609375,-0.5822681719313287,0.5933049600254314,4.057783582415542,-1.1699063401817784,-0.2102957099159859,0.8570481267756982,1.455079775643641,-0.6683225264349728,0.3432608227119011,-2.386033065868323
33.0,99.0,999.992431640625,-0.5849550182533525,0.5947152794015018,4.05456456633274,-1.1738308083529865,-0.2085855886679315,0.8547862980169594,1.4539263834279916,-0.6673960733819948,0.3358897820567996,-2.393736452629766
33.0,99.0,999.9908447265624,-0.5819469401207833,0.5928631832016169,4.055824134078932,-1.1685136635213045,-0.2103971161814124,0.858810038782643,1.453773729436012,-0.669115120908975,0.3406151056062336,-2.3880515328977
33.0,99.0,999.9932861328124,-0.5830706315725873,0.59357125621435,4.05206968794365,-1.1663104537927458,-0.2108937544772686,0.8598360095665258,1.452950858446731,-0.6685254881055496,0.3400007520152748,-2.3854551763708765
33.0,99.0,999.9951171875,-0.5811647899466728,0.5929288499659222,4.055885529013629,-1.1686088518953457,-0.2119166783233392,0.8595445831828457,1.456675531384562,-0.6671182155950293,0.3417918623100728,-2.3859902753924844
33.0,99.0,999.9942626953124,-0.5821985296986067,0.5922365397049614,4.049705927584643,-1.1659050053126458,-0.2109132447981707,0.8593284380562878,1.4520105959900187,-0.6665443261871653,0.3391350578757199,-2.3856341180420104
33.0,99.0,999.9911499023438,-0.5821726642166789,0.591668407316166,4.053488128531351,-1.1668221518069877,-0.210302546198573,0.861331565854675,1.4514078109774775,-0.6684190835999448,0.3398181563869551,-2.388521848043551
33.0,99.0,999.9935302734376,-0.5818347543435936,0.5941797904992816,4.056086252677732,-1.1687009225647054,-0.2106957714151738,0.8567186829519695,1.4547640183994472,-0.6678704989964643,0.341028946258584,-2.387257991833501
33.0,99.0,999.9930419921876,-0.5836927324916399,0.5948894237685485,4.053209724997243,-1.1716099367590376,-0.2090547100565913,0.8555849684781061,1.4553812989630082,-0.667128574231028,0.3351521099571446,-2.3916669090220584
33.0,99.0,999.9940795898438,-0.5828684325465936,0.593338745031831,4.05254878505297,-1.1674767588149066,-0.2094094600174436,0.8606129258889723,1.454013817925178,-0.6698309834233367,0.3384553195041455,-2.38547462398921
33.0,99.0,999.9957275390624,-0.5808732954850839,0.5933291754441052,4.0511792794059485,-1.164904461715631,-0.2128706230793238,0.8598236110067337,1.4555898644894398,-0.6660217119170833,0.3408382278611412,-2.3845154693219994
33.0,99.0,999.9945068359376,-0.5810167936926209,0.5918333626836461,4.052637728071515,-1.1652316409508323,-0.2103859366749469,0.8619281663390979,1.450982252392258,-0.6682961711434157,0.3384404834816443,-2.3885312275349326
33.0,99.0,999.9913940429688,-0.5839229682657567,0.5945813259890551,4.053609209345602,-1.172405251716892,-0.2088890191544337,0.8552820114481623,1.454099504897651,-0.6670850514607594,0.3363412420757186,-2.391354038345186
33.0,99.0,999.9940795898438,-0.5845793099218719,0.5956499382874156,4.05346570720754,-1.172121364368413,-0.2095034412096783,0.8543590960534804,1.4552891459076092,-0.6663448027028309,0.3364796357364081,-2.389931020309884
33.0,99.0,999.9934692382812,-0.5833605552120158,0.593902998756521,4.051868640082626,-1.167674645909655,-0.2107420946411569,0.8582434976131985,1.453984077929963,-0.6674571611958573,0.338752928634408,-2.387707863152737
33.0,99.0,999.9934692382812,-0.5832534973611194,0.5919966585521044,4.053209009221053,-1.1687450458803703,-0.2101023554406138,0.8602376656852107,1.451321849763315,-0.6690288057482157,0.3386424992474346,-2.3883400784969986
33.0,99.0,999.99365234375,-0.5819789437556491,0.5909328516639771,4.054642539566547,-1.165406832474471,-0.2117690773965899,0.862109568311503,1.452861316679483,-0.668866436666522,0.3424750623211725,-2.384963666039224
33.0,99.0,999.9935913085938,-0.5835676605077103,0.5927936425170524,4.053321676305492,-1.1660411253248553,-0.2098263539938427,0.8597804587353499,1.4494102350911031,-0.6695073255862454,0.3399827743633663,-2.389973944455144
33.0,99.0,999.9920654296876,-0.5828758051286904,0.5922091314064684,4.052513567789816,-1.1671955755570185,-0.210203778893014,0.8592813277979463,1.450567358337179,-0.6688798670877683,0.3389752905021206,-2.38835094245053
33.0,99.0,999.9944458007812,-0.583647933349976,0.5950421909275434,4.053794132339377,-1.1692843380771234,-0.2092291947115363,0.8562618904735722,1.4536240389045805,-0.6689963463195987,0.3373182992341625,-2.391723649344857
33.0,99.0,999.9921875,-0.5839734036379802,0.5956439852485982,4.0532688588816,-1.1693382030025306,-0.2093057982610862,0.8573906966012199,1.453009204987067,-0.6677379017410177,0.3379648519079428,-2.3898943671264443
33.0,99.0,999.993408203125,-0.5821684295329543,0.5911635811710276,4.052542021102974,-1.168442641764425,-0.2108948163869897,0.8595645427876217,1.4538080966303308,-0.6669257047323711,0.3400574442894317,-2.3873891550901334
33.0,99.0,999.9944458007812,-0.5813942367458633,0.5925937935632017,4.05152521872324,-1.1659037729123465,-0.2101506698034123,0.861335378175685,1.4501486962053818,-0.6695529260697963,0.3391509256035183,-2.388015022266145
33.0,99.0,999.99267578125,-0.5824288480720128,0.5945180002558672,4.053200997525305,-1.1689376443002857,-0.210560552838614,0.8563147579856665,1.4542912743061915,-0.6672264368699379,0.3373891888520717,-2.3890281396006774
33.0,99.0,999.9925537109376,-0.5843129150903117,0.5944324577117834,4.052944416016819,-1.1713484559991234,-0.2088315133374223,0.8572161538480056,1.4523540364113965,-0.6675916301316249,0.3358016923463305,-2.392783025897333
33.0,99.0,999.9935302734376,-0.58193313164029,0.594394447885513,4.05526635573905,-1.1708375111427531,-0.2107298649525173,0.8559844243360395,1.4553525866688046,-0.6671087056471432,0.3375788041458936,-2.3905906117155427
33.0,99.0,999.9944458007812,-0.5801563710406494,0.590833428666734,4.053137191466668,-1.1645087609893503,-0.2118119940346794,0.8612038062034211,1.4512372161467884,-0.6684531540979801,0.3410187768687969,-2.3859153485593723
33.0,99.0,999.9934692382812,-0.5845245729836019,0.59436496634296,4.052956287046104,-1.1704677820123783,-0.2082455736216539,0.8567760741920205,1.4491763419107162,-0.6690110467051147,0.3353234038578589,-2.393889466688372
33.0,99.0,999.9911499023438,-0.5826953857248096,0.5938961732180221,4.0543709793741325,-1.1698708736378634,-0.2102345880496603,0.8575490198631552,1.456013445185107,-0.6674718006514322,0.339351871129816,-2.3882987065351564
33.0,99.0,999.9927978515624,-0.5829458713946769,0.5940216970363768,4.053849586312724,-1.1701316721428503,-0.2103827481386568,0.8572644371933862,1.4553217694182337,-0.6683396134358217,0.3381191470670375,-2.388979785896741
33.0,100.0,999.9910278320312,-0.5826325009812203,0.593748553892496,4.0529783145895095,-1.168412503422585,-0.210532936389491,0.8583942882324225,1.4529880800641752,-0.6675385599880244,0.3385046262853963,-2.388793149531402
33.0,100.0,999.9937744140624,-0.5815702561598615,0.5931271330376706,4.053746064370481,-1.1645356064317705,-0.2109547990840621,0.8607052731370137,1.4520307833214492,-0.6698755788558186,0.3417726362164694,-2.385589987857794
33.0,100.0,999.9927368164062,-0.5816314127886493,0.5926657010167977,4.056039936918271,-1.165568965303505,-0.2106417829763378,0.860953233235211,1.4515979594100603,-0.6693889074873658,0.3418193967887797,-2.386028338848203
33.0,100.0,999.9918212890624,-0.5832775975693787,0.5936404502839618,4.054734673938679,-1.169854839060017,-0.208877501588157,0.8571807061001389,1.4511324897040954,-0.6688521669638208,0.3386827576329363,-2.391257499389136
33.0,100.0,999.9928588867188,-0.5820311579643542,0.5926675516156727,4.0548278115853424,-1.1698767751784622,-0.210681201211532,0.8583864225880644,1.4551340290398374,-0.6677268230688655,0.3387291487805255,-2.388944232301025
33.0,100.0,999.994140625,-0.5847265867222973,0.5947506354867693,4.054988682298394,-1.1726053145001014,-0.2084019345258783,0.8570970361801633,1.4547403721310417,-0.6680644953771715,0.3376133791618869,-2.3919499201793624
33.0,100.0,999.9916381835938,-0.5841086104868225,0.5938552550516496,4.052625362946907,-1.170701435586155,-0.2086193848406896,0.8573563925974073,1.4536279483968766,-0.6668427842356817,0.3373023203872103,-2.3912318446638774
33.0,100.0,999.9921875,-0.5814060826329666,0.5919883854654575,4.052881892195561,-1.1659806957502088,-0.2111966496301214,0.8612821866077658,1.4525336665488489,-0.6689025006374569,0.339826184160743,-2.3866467889470133
33.0,100.0,999.9910888671876,-0.582140620611872,0.5923274133659406,4.053393015129243,-1.1683090198735702,-0.2100412441966614,0.8594670983943695,1.454281813523944,-0.667865521140282,0.3394698596397374,-2.387694088375349
33.0,100.0,999.9930419921876,-0.5837889192186339,0.5952647228650711,4.053212144996966,-1.1703466855136178,-0.2086993661731409,0.8562366261394905,1.4514660071401488,-0.6676810975936034,0.3350426736471252,-2.3947382654444764
33.0,100.0,999.9938354492188,-0.5813279096057276,0.5909081314552056,4.052720348166787,-1.1661589993562544,-0.2105684800256657,0.8611544528590711,1.4501425029962889,-0.6679201180794667,0.3402199427449499,-2.388775464296762
33.0,100.0,999.9926147460938,-0.5835767358021915,0.5958939671603067,4.053405925415682,-1.1704682223590956,-0.209905996382103,0.8541818482669381,1.454361602768155,-0.6670666626130011,0.3381513279778838,-2.389612460364501
33.0,100.0,999.9926147460938,-0.5821972424376503,0.5951136836785622,4.054058470240593,-1.167918852201482,-0.2104320842273974,0.8576234044779483,1.453659196798844,-0.668228113292562,0.3380960457654165,-2.388692059995968
33.0,100.0,999.9920654296876,-0.5818017574869456,0.591298881687834,4.053228336231221,-1.1675868595468764,-0.2106702336715571,0.8612484619169383,1.453421912910161,-0.6676651589022757,0.3402295644965249,-2.386354024883957
33.0,100.0,999.99267578125,-0.5831552789841528,0.5949612653067256,4.054430692056084,-1.1687797422312851,-0.2105867803018801,0.8569477085556132,1.4547184950587102,-0.6669103494445645,0.3390171557613595,-2.388964766500113
33.0,100.0,999.9934692382812,-0.5815589712548759,0.5926824865274058,4.054777613668069,-1.1670987094318397,-0.2119573227654791,0.8601806216451262,1.4570621374330628,-0.6679641306828294,0.3426499132360909,-2.3821456600669686
33.0,100.0,999.9927978515624,-0.5821935944527201,0.593684863896927,4.053926885325401,-1.1696084469647832,-0.209971335322936,0.8580350892702624,1.4549109002703355,-0.6668986937775641,0.339234614472554,-2.3880871794227048
33.0,100.0,999.9929809570312,-0.5829550645562973,0.5935354647965516,4.0534160478200665,-1.171535152129219,-0.2091545701522505,0.8567871905387499,1.4525318057730583,-0.6680647051986437,0.3347564912230671,-2.393550250708101
33.0,100.0,999.993408203125,-0.584131225568485,0.5963252324825845,4.053465327026753,-1.1704644050113062,-0.209652810766066,0.854702825603816,1.4530250114729162,-0.6678231991309245,0.3368312769779189,-2.392701508091398
33.0,100.0,999.9931030273438,-0.5826598521176072,0.5935608929675205,4.053819320477778,-1.168570854849504,-0.2089397695899091,0.858386747237418,1.450565385473742,-0.6687942936011773,0.3384776921597883,-2.3901921404318283
33.0,100.0,999.9932250976562,-0.5830288976313422,0.5918901296218904,4.053486917568508,-1.169828254796737,-0.2094823581457632,0.8585829250751846,1.4519512852233296,-0.6686469024536965,0.3392399945716962,-2.389166665467322
33.0,100.0,999.9940795898438,-0.5839718064015278,0.5929927579136915,4.053768739193384,-1.1722385629975678,-0.210008436592016,0.8553545775444737,1.454789499362498,-0.6667400482753951,0.3367179341672344,-2.390808153224087
33.0,100.0,999.99267578125,-0.5831035785810768,0.5934287501559528,4.052635860107687,-1.168707582831635,-0.2103738193764552,0.8577978137226774,1.453655126611996,-0.6685496699113074,0.3382982479543113,-2.388302429160334
33.0,100.0,999.9938354492188,-0.5819359406466766,0.5924913889807488,4.056337859206856,-1.1684652023544273,-0.2109788815358655,0.8582221025459376,1.452905407601408,-0.6677705267091438,0.3419920875493112,-2.3884275789573257
33.0,100.0,999.9899291992188,-0.5823557936852222,0.5928121140724985,4.052750202002574,-1.1686732848843835,-0.2105183734110385,0.858975421943958,1.4546253932870776,-0.667214481174085,0.3386505120038316,-2.3880464550317013
33.0,100.0,999.9929809570312,-0.5835746548962364,0.5932096110667127,4.054445077306266,-1.1699044620193124,-0.209289182584083,0.8587631433929621,1.4533271860149908,-0.6685906026787549,0.3393379555559619,-2.390666552907404
33.0,100.0,999.9926147460938,-0.5822246383396719,0.5936097081562259,4.05249488359072,-1.1680489916627057,-0.2100923893556388,0.8596187848803503,1.452905933236865,-0.6675026311496355,0.3381598066912978,-2.389064774602432
33.0,100.0,999.9954223632812,-0.5830998267773815,0.5933593413722136,4.0547823018916525,-1.1659124955747706,-0.2113810642493101,0.8575460772146251,1.4515777146992903,-0.6690660273327058,0.340256094736846,-2.388442029131914
33.0,100.0,999.993408203125,-0.5836093473701158,0.5915289789474842,4.05256960073681,-1.1717324316488704,-0.2088378649964095,0.8595512416557245,1.453477396475802,-0.6682672458543255,0.3353255759066869,-2.391925700723675
33.0,100.0,999.9932861328124,-0.5844729103359896,0.5939325392828891,4.052624041589445,-1.170201644880298,-0.2084790358561861,0.8560398861762906,1.451492291749541,-0.6666980372107014,0.3367523287382266,-2.393650913544433
33.0,100.0,999.99365234375,-0.5822623664415136,0.5919241584447255,4.05592849279949,-1.1688487062153057,-0.2109216580095063,0.8591986578417412,1.4543954965703438,-0.6684317443983305,0.3398064184664671,-2.388688821659977
33.0,100.0,999.9918212890624,-0.5821159819448081,0.5927034321656279,4.052924911603338,-1.1677599265373175,-0.2108561706572178,0.8602394797654469,1.4547304251934303,-0.667746079572372,0.3403575870531385,-2.3860044249577435
33.0,100.0,999.9925537109376,-0.5815258837413095,0.5928578186983202,4.054497351025852,-1.1659107672385405,-0.211547073829303,0.8601196520659009,1.4523987229722757,-0.6684878203568472,0.3410683238787015,-2.387869865568147
33.0,100.0,999.9922485351562,-0.5798384193980031,0.5908712744471156,4.053109956627539,-1.164153653931694,-0.2123612678830602,0.863000980340308,1.4551402946069345,-0.6685342242675603,0.3439018796421633,-2.3801067304013053
33.0,100.0,999.9940185546876,-0.5812240691470434,0.5935222082333915,4.054295623076387,-1.1676679634551856,-0.2108389356880655,0.857689724992615,1.4535370114195123,-0.6681274937000579,0.3400621807082249,-2.3879979305719585
33.0,100.0,999.992919921875,-0.5830304867881102,0.5919674511970676,4.055006629952544,-1.1710237060280546,-0.2089268542346491,0.858860239088358,1.4528262889204775,-0.6683001054433078,0.3394952093888754,-2.3904509351717023
33.0,100.0,999.9915771484376,-0.5818759566311584,0.5926056293339386,4.051790464633346,-1.166703220465075,-0.2104302042301391,0.860748818679391,1.4519420063009516,-0.6690487049720879,0.3382297051680165,-2.387742073315358
33.0,100.0,999.9917602539062,-0.5822221809650738,0.5916581493428072,4.053516163504416,-1.1655833237127862,-0.210707160481598,0.860873802440012,1.4507392272500574,-0.6688975962658548,0.3412912503572629,-2.387508664288482
33.0,100.0,999.9933471679688,-0.5827677538082394,0.5922088171257647,4.054569372953644,-1.1689358696746717,-0.2098644294395155,0.8579224499072975,1.4509330639441202,-0.6682478429361858,0.3385252613394032,-2.39112714795423
33.0,100.0,999.9923095703124,-0.5822834581737792,0.5924944891413864,4.052900258649002,-1.1668457585945091,-0.2100034587463426,0.8610582347147302,1.4509608414029076,-0.6683691988942213,0.3387262032169547,-2.389072231142542
33.0,100.0,999.99169921875,-0.5842081456128936,0.5959928041839655,4.054055469506741,-1.1698896685167002,-0.2091959217633352,0.8558847457189058,1.452896122102409,-0.6678570512492037,0.3378990603386604,-2.391195156814842
33.0,100.0,999.9945678710938,-0.5820845935435353,0.5939778003273899,4.054643024356981,-1.1705169755241327,-0.2100654555574026,0.8559351015624959,1.455310219761997,-0.6670122525829463,0.3371187087594318,-2.389875969956785
33.0,100.0,999.99365234375,-0.5812949213766325,0.5910344048778127,4.053588825116414,-1.1640029720432974,-0.2114318795110508,0.8608220133935642,1.448287116838225,-0.66897000948084,0.3416385957672228,-2.38690230301134
33.0,100.0,999.9912109375,-0.5830525024045627,0.5927657132451749,4.0538065333631295,-1.16919520350908,-0.2095177041644333,0.8591501004522932,1.4531424964639363,-0.6679825418053422,0.3387239194862328,-2.3896835989410388
33.0,100.0,999.9929809570312,-0.5821799999871331,0.5942470365607608,4.053613158158855,-1.1703338626213893,-0.2104347532687498,0.8572537966430271,1.4554270604242507,-0.6670215546694482,0.3394081964572155,-2.387946073731825
33.0,100.0,999.9915771484376,-0.5814210634659549,0.5901793748929487,4.054282925120008,-1.1653903586950145,-0.210884020129888,0.862697709624265,1.4519907089900688,-0.6689998202059773,0.3409698485138648,-2.3871920175209205
33.0,100.0,999.9924926757812,-0.5826465410534878,0.5930923604990221,4.05366417940191,-1.1683168159224326,-0.2102198053315431,0.8596494525550167,1.452789911591915,-0.668057968096825,0.3385456719498672,-2.388609924812949
33.0,100.0,999.9916381835938,-0.5835298430504503,0.5940600001749612,4.053288016346796,-1.1689983009787968,-0.2100387171183158,0.8579540943927757,1.4532668058814178,-0.6675226766477884,0.3376259806087223,-2.390881930378084
33.0,100.0,999.9938354492188,-0.5807177293430579,0.591403078837498,4.053096664118009,-1.165791307057069,-0.2109763691757633,0.8624245382816191,1.4527362992988788,-0.6698055354758994,0.3404139038128875,-2.386558640673232
33.0,100.0,999.9926147460938,-0.5811920722716453,0.5914196254170143,4.052485607014951,-1.1626355566358528,-0.2116760611118211,0.8629293541880347,1.452019262951506,-0.6685777496528127,0.3427921205141189,-2.383212158569145
33.0,101.0,999.9927978515624,-0.5830235388201324,0.5940612503906095,4.052664595799332,-1.1678848577876644,-0.2094368921500304,0.8586396547622783,1.4503245012298835,-0.6685107983140313,0.3389008619226521,-2.3893151218997137
33.0,101.0,999.9932861328124,-0.5830922038281985,0.5933740151482283,4.053992580304604,-1.1718745361344256,-0.2093974493988168,0.8562256805890716,1.4546520282744346,-0.6669442400282124,0.3389600719744825,-2.3897828162154893
33.0,101.0,999.9909057617188,-0.5824242840200489,0.5935455070674962,4.053331897971868,-1.1684832707644577,-0.2106602734433291,0.8591414734030645,1.4554541404612689,-0.6680841282426746,0.3392034119271683,-2.3861231188088694
33.0,101.0,999.99169921875,-0.5825721834315623,0.594146518461752,4.0539534093494805,-1.1686096589406647,-0.2103283603727028,0.8579113033519858,1.453551365961392,-0.6687326308611166,0.3393360981723914,-2.3881094411341506
33.0,101.0,999.992431640625,-0.5825730878457049,0.5921948305624216,4.052722130593281,-1.1675344538033277,-0.2097633752856058,0.8605348362562335,1.4519948823648416,-0.668509303413936,0.3379938358631644,-2.3902182618224805
33.0,101.0,999.9923095703124,-0.582642749485486,0.592446642950744,4.053738687859909,-1.1691714857070457,-0.2103040340137969,0.859170935454145,1.4540906878637276,-0.6684241381626723,0.3372658223183356,-2.390340339346281
33.0,101.0,999.9933471679688,-0.5835502807127151,0.5955796350687939,4.05233887597046,-1.1687423442762324,-0.2093849856349923,0.8575594222864034,1.4521025848843925,-0.6677626322136074,0.3378898704840214,-2.3907015143999284
33.0,101.0,999.992919921875,-0.583816642655985,0.5935298286222572,4.052756638408996,-1.169721890339595,-0.2100903240595659,0.8580683732597567,1.453585016450699,-0.6672786291602613,0.338219580173714,-2.38959767861201
33.0,101.0,999.9945068359376,-0.58425671161599,0.5942248307950839,4.05295182474126,-1.1713616319063451,-0.2095689486909373,0.8573621126332789,1.4533697200866786,-0.6674313297180507,0.3351027394712176,-2.3926280867048915
33.0,101.0,999.9918212890624,-0.58236783098108,0.5940414901554334,4.052269502315852,-1.1687078213154916,-0.2101682646352012,0.858285122580412,1.452945903132738,-0.6672026694047082,0.3370773547186338,-2.389284747980285
33.0,101.0,999.9931640625,-0.5824535228226138,0.5920849734783822,4.054276943788187,-1.168535077421461,-0.2095668094453078,0.8586020712703766,1.4506131827677755,-0.6680453992563384,0.3389798527512733,-2.390752622452564
33.0,101.0,999.9950561523438,-0.5848421032124316,0.5948277644329236,4.054723698954735,-1.171646335103972,-0.209900076933275,0.854855374584619,1.455015060295473,-0.6661072891563027,0.3385264207476712,-2.39172781765212
33.0,101.0,999.9906005859376,-0.5818861251182117,0.592833418693707,4.0528290908865365,-1.167018269323293,-0.2107550245399672,0.8601343609585985,1.453198880654658,-0.6680463232137832,0.3400930314304631,-2.386162437460666
33.0,101.0,999.9917602539062,-0.5808791919623495,0.5909746311028483,4.054548123064098,-1.1641554848906202,-0.211888946740097,0.8624467026342622,1.4538549492723538,-0.6686053530639313,0.343014287330746,-2.383212983831008
33.0,101.0,999.9923095703124,-0.5832669013970424,0.5932427821003667,4.052512595825279,-1.1694798609861143,-0.2096815284963664,0.858230892895846,1.45429430123463,-0.6677989591221811,0.3380227772080175,-2.389731300468804
33.0,101.0,999.9898681640624,-0.5823757159430452,0.592807501177405,4.054497705014409,-1.167247590571295,-0.2104865002176357,0.859621356108784,1.4528325472439532,-0.6687336803464374,0.3407801549031433,-2.386903274599116
33.0,101.0,999.9917602539062,-0.5823314599526279,0.5929308104550799,4.052098306287606,-1.1679167757838584,-0.2104287367395425,0.8587849333793471,1.4530901341309406,-0.6666933031646822,0.3388516287938721,-2.388172371753388
33.0,101.0,999.9930419921876,-0.5819444032642673,0.5913341446201965,4.053395987892476,-1.1700976378018098,-0.2102407802098245,0.8592465028561449,1.4538058919525092,-0.6673331337110469,0.3372249404702812,-2.389566548965731
33.0,101.0,999.9910888671876,-0.5823016366235914,0.5928006195182576,4.052917277312684,-1.1675334458227726,-0.2104825831417418,0.8594716618359701,1.4528767523889696,-0.6682734997518285,0.339018011861766,-2.388595697878912
33.0,101.0,999.9924926757812,-0.5828641622900115,0.5919345841650507,4.051526581038946,-1.1676203498079762,-0.2099207579832587,0.8610339654893604,1.4526751969130682,-0.6678552705598415,0.3379267319488317,-2.389791809206651
33.0,101.0,999.9903564453124,-0.5819232414456819,0.5926420669651833,4.054193970964366,-1.167679578775349,-0.2111478977637668,0.8593347537380538,1.4545184417960657,-0.6681793579545019,0.3404244839873147,-2.386132797968438
33.0,101.0,999.9922485351562,-0.5817440250959214,0.590878235615433,4.053351487746726,-1.165774833780986,-0.2110501906832107,0.8620466818889057,1.452288119942775,-0.6694094645423192,0.3407467216907465,-2.3862197473589064
33.0,101.0,999.9935913085938,-0.5825553247102562,0.5917964877029815,4.0524410372695705,-1.1717036430298604,-0.210149277248334,0.8580207675974085,1.4551944797495515,-0.6663787704398292,0.3366324746356159,-2.3914298263813576
33.0,101.0,999.9923095703124,-0.5818392493009519,0.592844463853897,4.054021454391442,-1.1677868914321037,-0.2106580689581854,0.8579592631078352,1.4525163217760442,-0.6677861389657904,0.3403612309307142,-2.3882379957042392
33.0,101.0,999.9911499023438,-0.5831639493135281,0.5939313678570564,4.055481397539115,-1.1700603948929116,-0.2098010974813826,0.8573148849348566,1.4533860403493248,-0.6687201985260574,0.3382656989075077,-2.390128894507824
33.0,101.0,999.9928588867188,-0.5842032283010665,0.5949316385679726,4.052051548338872,-1.170576824626146,-0.2087488062858602,0.8565521204520685,1.4521499315923787,-0.6674060336381586,0.3354119553114154,-2.3940281460024533
33.0,101.0,999.9932861328124,-0.5835943572779412,0.5931345103939165,4.050941068717906,-1.1684602632113943,-0.2096489535158587,0.8587325063270459,1.4517837196816838,-0.667422715317544,0.3360609366211822,-2.3909274375747773
33.0,101.0,999.991455078125,-0.5823837112597552,0.5930999703195639,4.052674344017952,-1.167486055951736,-0.2106988803362757,0.8600420022921007,1.4544689642229276,-0.6672681092555521,0.3387230782682024,-2.386513112142956
33.0,101.0,999.9923095703124,-0.5819691746642883,0.5922367151185393,4.051265082714966,-1.1663971682508172,-0.2107921367213689,0.8612029417193687,1.4530363673357902,-0.6673692282773436,0.3386959509614629,-2.387068156641713
33.0,101.0,999.9918212890624,-0.5837310291197415,0.593992373853264,4.052426970529412,-1.1710963804312478,-0.2093413267805512,0.8567823922321107,1.4536398285813412,-0.667308037590308,0.3369447982608413,-2.391027545987644
33.0,101.0,999.9913940429688,-0.5817353817714013,0.5918636973469251,4.052654474473943,-1.1657774977247923,-0.2104027662238463,0.8619689579728851,1.452262123078122,-0.6692140315848611,0.3405521695419775,-2.3848858048975146
33.0,101.0,999.9923095703124,-0.5823083142147203,0.5932767046594112,4.053963745930931,-1.1674512022695147,-0.2108144126930797,0.8599172266921684,1.4545014259530795,-0.6677043662217255,0.3393241514499392,-2.3881947245446984
33.0,101.0,999.99169921875,-0.583574263690589,0.594609083864678,4.053873283921735,-1.1692584872054912,-0.2095700163466975,0.85689092495587,1.4533914231820342,-0.6684336815015302,0.3384476877478946,-2.3890832566376514
33.0,101.0,999.9915771484376,-0.5837089732278331,0.5940580868946954,4.052907082144616,-1.1701198921491764,-0.209358951006001,0.8559341925859298,1.452114827402415,-0.6676358141904526,0.3369259234540802,-2.3919645962676577
33.0,101.0,999.9913940429688,-0.5828853956999183,0.593721914277971,4.052418660590254,-1.1688703558624542,-0.2093579195145896,0.859172306746582,1.4544063889176009,-0.6674852774060964,0.3383344105846806,-2.388314838192747
33.0,101.0,999.9931030273438,-0.581970380729615,0.5909507867254096,4.051532416490254,-1.1671637788965934,-0.2111968962074488,0.8612965998682078,1.453962376552422,-0.6677599214242065,0.3392075744643827,-2.3860118491904907
33.0,101.0,999.9924926757812,-0.5822959221273099,0.592747305672594,4.052202275764724,-1.1679335726486522,-0.2102365321739316,0.8594578874762266,1.451673262050405,-0.6674344029705717,0.3384681597610681,-2.387740651705448
33.0,101.0,999.993408203125,-0.5814336436847656,0.5915546397107967,4.054459367921977,-1.1675786171290587,-0.2110325908426249,0.8619545598940315,1.4551186963196088,-0.6681098161497152,0.3419020460482773,-2.385952578846489
33.0,101.0,999.9926147460938,-0.5815340233495387,0.590903612468491,4.053224989370053,-1.1660356083430703,-0.2102398341278419,0.8627511544531128,1.4519390770426588,-0.6693869859435342,0.3414043912692932,-2.38615949556562
33.0,101.0,999.992919921875,-0.5819801158571725,0.5932664293439984,4.052292201244118,-1.1657268717148606,-0.2105894969655972,0.8599941700930973,1.453185963009278,-0.6682252459491469,0.3406608449327439,-2.3843908754369108
33.0,101.0,999.9923095703124,-0.583044426039768,0.5929831031193347,4.053560043074253,-1.168186432401562,-0.209163486973452,0.858919171994037,1.4498190613688466,-0.6691012510204919,0.3388298873598412,-2.390572272389541
33.0,101.0,999.9918823242188,-0.5825821900045343,0.5921052801889095,4.05253498653077,-1.1667182152872968,-0.2103933091880847,0.8591790379484996,1.4504822076809702,-0.6680177127073685,0.3384293425955311,-2.389548956126099
33.0,101.0,999.9926147460938,-0.5842373006287405,0.5944936159981742,4.054103478054145,-1.1719835473045117,-0.2092035277307271,0.8554656363744506,1.454984433814821,-0.6676880160992535,0.3357384247439263,-2.3930636671552725
33.0,101.0,999.992919921875,-0.5831321204140902,0.5946649657429992,4.054083398794823,-1.1689823907421966,-0.2103250933064844,0.8581334305365349,1.453832740087135,-0.6687490316370788,0.3375892611428046,-2.389999690152956
33.0,101.0,999.9924926757812,-0.5809958369339254,0.5921270737713176,4.053741339486891,-1.1661593236537169,-0.2113870005055202,0.8610843213947437,1.453472982448039,-0.6680251436690181,0.3416493237954041,-2.385514848860344
33.0,101.0,999.9937744140624,-0.5831833429365609,0.5921054888228632,4.052502506720405,-1.168354924682688,-0.2100633824471911,0.8611444541866025,1.453256936429213,-0.6676402100963816,0.3372221804332866,-2.3900142303670635
33.0,101.0,999.991943359375,-0.5814639091918128,0.5903510449604079,4.052625800451503,-1.1666803047805754,-0.2105132363251662,0.8618243639124099,1.451170174303563,-0.6686557042295078,0.3396660260966841,-2.3875544913657896
33.0,101.0,999.9927978515624,-0.5822330921363612,0.5924368638765332,4.053239959691865,-1.1704913022856704,-0.2100222833520533,0.8580628355261037,1.455000782583947,-0.6666590020299932,0.3385230907516012,-2.3891409971060265
33.0,101.0,999.9909057617188,-0.5818503709157739,0.5914866545034458,4.052662303251829,-1.1668109005952227,-0.2104236198811602,0.8615274511742737,1.452373423616785,-0.6684209099690062,0.3395119560266142,-2.388070253926343
33.0,101.0,999.9923706054688,-0.582670188501111,0.5925194933882372,4.051334207423171,-1.1681310095947597,-0.2097833448117745,0.8597097448109778,1.4536985948685963,-0.6676373713414749,0.3379808816649241,-2.3884267085987574
33.0,102.0,999.993408203125,-0.5823444646062272,0.5924155011229075,4.053982521545841,-1.1675045696391857,-0.2109197412771593,0.8609458326466415,1.4534630760827838,-0.6688968617488333,0.3390588218447945,-2.387664382866465
33.0,102.0,999.991455078125,-0.5830277072826249,0.5931915828078127,4.053789040782755,-1.1687968574023322,-0.2097659635323854,0.8583816596527063,1.453124410020589,-0.6673941076570937,0.3398199433022606,-2.388964370040392
33.0,102.0,999.9920654296876,-0.5824927519487524,0.5937340594093072,4.055543262720248,-1.1685467638199745,-0.2102587416160526,0.8589173219078559,1.454144210044758,-0.6688084444060518,0.3396821886933541,-2.3884627523586763
33.0,102.0,999.9920043945312,-0.582874904410998,0.5923246379370992,4.054100017507974,-1.1695927908575985,-0.2097206770241984,0.8592479394570276,1.4531797632701178,-0.6683488413704364,0.338266164307365,-2.3886499300650343
33.0,102.0,999.9901123046876,-0.5837233351454527,0.5947045737856502,4.053072826285636,-1.1704421867329715,-0.2089278662503799,0.8570317843820003,1.4536073848762605,-0.667764042662375,0.3369039387343608,-2.390814377179078
33.0,102.0,999.9913940429688,-0.5836384643481605,0.5932995551755882,4.054084700805628,-1.1698889124734675,-0.2100442069563977,0.8578562388530759,1.453861614881288,-0.6677697739323571,0.3380566135908562,-2.389692740544102
33.0,102.0,999.9926147460938,-0.583009298727692,0.5937356321682845,4.051138628144011,-1.1694768803013922,-0.209957985558244,0.8580034079674377,1.4542062048501574,-0.6672991390284597,0.3369190958811074,-2.3878373621095603
33.0,102.0,999.992919921875,-0.5812663519662431,0.5931043138052274,4.055061437604531,-1.167081671448018,-0.2114586803411668,0.8603618335927603,1.4562461810727223,-0.6683195837390556,0.3424276596974343,-2.3826716762707245
33.0,102.0,999.9928588867188,-0.5829802014219929,0.5934688199175238,4.053981316066256,-1.1697416922642572,-0.2101557330622574,0.8573500316353311,1.4532477523438514,-0.6687926561178212,0.3377665986462022,-2.3897030334002727
33.0,102.0,999.9921264648438,-0.581583467782858,0.5911575175200507,4.051906388404612,-1.166075764772209,-0.2111365437083563,0.8608692898024319,1.4518346816120795,-0.6674405070862761,0.3395486759803265,-2.386922436484968
33.0,102.0,999.9923706054688,-0.5831871383771903,0.5925572742797556,4.052664082103124,-1.1699588643238643,-0.2096863227031518,0.8590432908421741,1.4535426788773576,-0.6681731393950425,0.3376948559321837,-2.3904316398823595
33.0,102.0,999.9923706054688,-0.5823759238615569,0.5933006979072939,4.051513292756546,-1.1679928558827828,-0.210324445942545,0.8591215056603216,1.4535097813587663,-0.6674825336688972,0.3382246583592332,-2.388591787003525
33.0,102.0,999.9920043945312,-0.5819312307343436,0.5939079465626564,4.054743231078636,-1.1679314388743762,-0.2106048285277486,0.8586018695783988,1.4547333262064832,-0.6675105247853921,0.3399948377270636,-2.387077038278418
33.0,102.0,999.9913330078124,-0.5831360448673326,0.5947141490769878,4.053329074820967,-1.168913318720906,-0.2099270424489017,0.8572133911921087,1.454361989043167,-0.6673047670218697,0.3386972666704801,-2.3880550506145526
33.0,102.0,999.99365234375,-0.5811027127945394,0.5916798136626493,4.052234067374849,-1.1638770940545164,-0.211555840695186,0.8636072858463626,1.4537232237237436,-0.6682017205441024,0.3402498922632793,-2.384104962419973
33.0,102.0,999.9909057617188,-0.5830904857787509,0.5935666446848273,4.054106569953419,-1.1709738764281803,-0.2094218466711916,0.8571664640763919,1.4545392541191813,-0.6680953506025515,0.3374993739755458,-2.3899895138703293
33.0,102.0,999.9923095703124,-0.5819640526862919,0.5924778329911202,4.052748641998008,-1.1662457921400793,-0.2110219770255454,0.8608568346323704,1.4544671445538544,-0.6680176532946964,0.3397444061220263,-2.386666582246593
33.0,102.0,999.9910888671876,-0.5827148800446613,0.5920928378436923,4.052519749777504,-1.168606363448592,-0.2098707433242701,0.8598685989249244,1.4534395872338737,-0.6680967061832028,0.3381017565596558,-2.388081102059324
33.0,102.0,999.9915771484376,-0.5821805786231957,0.593214458512147,4.05386168815067,-1.1677769628623142,-0.2099701925283836,0.8596569033312029,1.453872150950235,-0.6687272624472396,0.3401759510461852,-2.387324842237458
33.0,102.0,999.9929809570312,-0.583197372910818,0.5937509061704169,4.054995061695735,-1.1696668188043269,-0.2106689660511724,0.857003398830031,1.45459230142201,-0.6679070472334576,0.3400173828539818,-2.388813745827576
33.0,102.0,999.9912109375,-0.5823134633314329,0.5935580800328468,4.053541296095432,-1.167000638236141,-0.2105345736486148,0.8581977440883071,1.4521292394871814,-0.6683184615542039,0.3400431429818997,-2.387419966600848
33.0,102.0,999.9918212890624,-0.5840225102513665,0.5931878295610007,4.05186235128034,-1.1695840312642645,-0.208829347363503,0.8585120032093743,1.4516391725109958,-0.6684713463560135,0.3367855584838777,-2.391616816452246
33.0,102.0,999.99169921875,-0.583057983710968,0.5929077215680412,4.053234764113103,-1.1691623187294606,-0.2094057982188317,0.8595029154838096,1.4531862193644145,-0.667880019787253,0.338232297305046,-2.3905963790320546
33.0,102.0,999.9931030273438,-0.5821519305509861,0.5910708657777262,4.0510795036116445,-1.166565028762668,-0.210120513065112,0.8610175877643576,1.450565814452654,-0.6675293142344758,0.3398684999912404,-2.387832316307789
33.0,102.0,999.989990234375,-0.58311845948732,0.5945512804627135,4.054902901111188,-1.170211846931073,-0.2097963444828137,0.8567214821750255,1.45419377219228,-0.6685129685597611,0.3383308383618377,-2.390052935023628
33.0,102.0,999.9909057617188,-0.5827621199764472,0.5938151310909277,4.053321394743538,-1.167961297844224,-0.210740920610891,0.8587611031596767,1.4545212054668042,-0.6678614251861417,0.3387111455024936,-2.3880037438609767
33.0,102.0,999.9927978515624,-0.5835596886568863,0.595337735375443,4.05209150459002,-1.170761858816726,-0.2097448042548748,0.8565787470979123,1.454227820218006,-0.6666088648402653,0.3366773628606632,-2.3906854097285595
33.0,102.0,999.9918212890624,-0.5814098443275455,0.591890863937385,4.052579541872619,-1.1657073793523254,-0.2106556888727064,0.861989388645692,1.452750549432146,-0.6684134060153166,0.3406006414510676,-2.3846437312226083
33.0,102.0,999.9920043945312,-0.5814594490710778,0.5933429493824871,4.053137003599655,-1.1654557324452428,-0.2113607224331266,0.8604936328979962,1.452902466835292,-0.6689125066585557,0.3407184203417266,-2.384562745076118
33.0,102.0,999.992919921875,-0.5826637166831592,0.5929755720823726,4.052759181728163,-1.1662069023070365,-0.21014961397168,0.8602394213272753,1.452596409036376,-0.6679810997047868,0.3403250000808704,-2.3877169474294995
33.0,102.0,999.9910888671876,-0.583141070706751,0.5934920954955771,4.052885904086404,-1.1687731668825836,-0.2101181793213786,0.8581922567422842,1.4529109012841444,-0.667830724055789,0.3376907451652151,-2.390242790368074
33.0,102.0,999.9918823242188,-0.5833403999147544,0.5945618150766414,4.054811182667985,-1.170367367861998,-0.2102135204953246,0.8562271913689496,1.453846770798748,-0.6677267965912144,0.338217202973837,-2.390604346711039
33.0,102.0,999.9910888671876,-0.582002562932546,0.5925601120164323,4.054652875201743,-1.166430430365073,-0.2111693308359834,0.8604445971895691,1.4541333907063168,-0.6685966856739416,0.3423397638498144,-2.384928489297998
33.0,102.0,999.9930419921876,-0.5809467213244854,0.5921241143173699,4.052761016204544,-1.1647961184095044,-0.2114190239764148,0.8616237982609389,1.4529308360826656,-0.6691668545961491,0.3417602197281351,-2.382456237437826
33.0,102.0,999.9931030273438,-0.5811732355732113,0.5921116735369285,4.05237229096633,-1.163195567452167,-0.2118420445094653,0.8626702051027841,1.4528587722891384,-0.6690803522425224,0.3427172759837562,-2.381659109502079
33.0,102.0,999.9921264648438,-0.582478876832023,0.5927550969887943,4.052920473077549,-1.1694479453688928,-0.2106105646074336,0.8583972217556415,1.4544779537154089,-0.6668227195328473,0.3387728925582145,-2.388587076630089
33.0,102.0,999.9930419921876,-0.5825766851882159,0.5937756643198453,4.053105520972025,-1.1684351153949135,-0.2110117002009364,0.8580986304752392,1.4563714583129848,-0.6665904555217184,0.3391698628045052,-2.388261599275637
33.0,102.0,999.9899291992188,-0.5830440865971243,0.593844613764622,4.053595019700158,-1.1699516015155225,-0.2099184063842338,0.8578497400012752,1.454133360226418,-0.668020101574883,0.338079083606627,-2.3898024763463783
33.0,102.0,999.9915161132812,-0.5820943653659842,0.5926308046820381,4.052142415992426,-1.1670282506440834,-0.2103098741140634,0.8601082265622519,1.452424804315941,-0.6680074295929215,0.3380505256037462,-2.388229029270338
33.0,102.0,999.9906005859376,-0.5817570795694742,0.592447108230636,4.053760210144645,-1.166372232827117,-0.2105944034795239,0.8610018707113003,1.4522645124945974,-0.6688168662162566,0.3409388742620045,-2.3861882211034287
33.0,102.0,999.9912719726562,-0.5827774912257171,0.5938909234444694,4.0539036695425406,-1.168403524193698,-0.2105766229433632,0.8585224695097926,1.4552432693272497,-0.6681411201521552,0.3395883775119106,-2.387172566547455
33.0,102.0,999.991943359375,-0.5813585439875597,0.591666958714617,4.053226032032601,-1.1664323661426297,-0.2112582162925056,0.8616010663633666,1.454550173665453,-0.668128025559203,0.3413315740975218,-2.38377486006559
33.0,102.0,999.9917602539062,-0.581560290509608,0.5905503592771923,4.05327418167553,-1.1663474910566536,-0.2103668353097072,0.8622813848838371,1.4512517142639112,-0.6694848738615535,0.3400169802758279,-2.386706236645781
33.0,102.0,999.9937133789062,-0.5840744915297975,0.594192496708029,4.053694612172459,-1.1698520541314077,-0.209291443084826,0.8576715043343919,1.4528456985731086,-0.6670543054467579,0.3375795212453392,-2.392405326671544
33.0,102.0,999.9905395507812,-0.5816929585499029,0.5929471105675512,4.053452234148175,-1.1675491091902597,-0.2110150818018539,0.8588392423506281,1.4537472903112576,-0.667380082111757,0.3403711387641808,-2.386280408787026
33.0,102.0,999.9935913085938,-0.5818492433029618,0.5924627999515906,4.055520466929943,-1.1676189397210264,-0.2108143658852013,0.8591518790216854,1.4547366112080231,-0.6691915426588677,0.3409437983048704,-2.3868374140152016
33.0,102.0,999.9926147460938,-0.5821103890438017,0.5927436012549219,4.054542883156639,-1.1676523527044589,-0.2104083733911048,0.8593484737830135,1.4524284092663011,-0.6681116916314727,0.3402286393222544,-2.3874234435240456
33.0,102.0,999.9898071289062,-0.5825516763841154,0.593459508760235,4.053316514348074,-1.1673175042281,-0.210647458233006,0.8594171679356064,1.4532420357034803,-0.6681048053884329,0.3397981316099763,-2.387547704306332
33.0,102.0,999.9918823242188,-0.5817112733135872,0.5925248705197284,4.055470574864334,-1.1659657254830078,-0.2111786995800271,0.8602001576755613,1.453426356270211,-0.6686725217222103,0.3425764346463902,-2.384860981589965
33.0,102.0,999.9929809570312,-0.581683670529439,0.5933277176452023,4.052999665451317,-1.1683734640796546,-0.2116177339134886,0.8595085812406023,1.4570674094979443,-0.6669523989282808,0.3388912302771008,-2.385743642768082
33.0,103.0,999.9915161132812,-0.5829921383069578,0.5954975070248647,4.052784389437319,-1.1696487309932433,-0.2101052644173879,0.8571743871431572,1.4554483765152106,-0.6682248437347491,0.3374723141789477,-2.388079452975586
33.0,103.0,999.9917602539062,-0.5823825214102314,0.5930341682793019,4.053180735694129,-1.1700541344818376,-0.210158812551513,0.8581055201762391,1.454089654476963,-0.6678301083077738,0.3382852814173711,-2.388852767226817
33.0,103.0,999.9924926757812,-0.5827035629053583,0.5928194553715045,4.051820828125685,-1.1667556834985633,-0.2104801694639544,0.8601670411241908,1.452853878977329,-0.6675018878570675,0.3400156024022074,-2.3869568078646703
33.0,103.0,999.9906616210938,-0.5831873745292775,0.5939615794320972,4.053474484204708,-1.168923579791306,-0.2101130240059934,0.8586294900764742,1.4540644098777422,-0.6678730930144212,0.3387047812448296,-2.3880123879277484
33.0,103.0,999.9930419921876,-0.5819073024635202,0.5928568466673863,4.052007085363279,-1.1662114166581177,-0.211305784680488,0.8597796295906761,1.453100897706987,-0.6671892075299652,0.3401495959371114,-2.38645558241752
33.0,103.0,999.9931640625,-0.5810933926860669,0.5927580235576082,4.052160985882779,-1.1657436680091138,-0.2114585964196464,0.8597974359193286,1.452284146592591,-0.6679132604537159,0.3398315329254897,-2.3861974283369207
33.0,103.0,999.9898071289062,-0.5828208559747985,0.5942467583841164,4.051887590944265,-1.1683659211244626,-0.209976174634888,0.858579540229087,1.4543014575632816,-0.6672306950412308,0.338181819063184,-2.3874244197944936
33.0,103.0,999.9930419921876,-0.5834943845715177,0.5941674135596031,4.0560141258175335,-1.168388659660542,-0.2101188743590318,0.8582280215149343,1.453896824641152,-0.6690725395121602,0.34045718833422,-2.388408348280895
33.0,103.0,999.9916381835938,-0.5839998495922707,0.5944876292392598,4.053891066499666,-1.1722999343872336,-0.2084002373343505,0.8559928060803266,1.4537713043257048,-0.6684086730439116,0.3355991677838013,-2.39287561461742
33.0,103.0,999.9910278320312,-0.5833488216272222,0.5936184639865791,4.053771748412187,-1.1704746328766054,-0.2091230628301978,0.8571803958597428,1.452352803851281,-0.6682142107856475,0.3375495960595529,-2.391531730535696
33.0,103.0,999.9903564453124,-0.5821016592685648,0.5929576966012142,4.054088024206289,-1.1685948119159255,-0.2106956738709033,0.8593768699428717,1.4557330208156074,-0.6678151280825713,0.3398896907358137,-2.3868938843091603
33.0,103.0,999.9915771484376,-0.5833682225893613,0.5943618697816593,4.053541560551935,-1.17146868801637,-0.2094107465976167,0.8563534762010079,1.454106756084096,-0.6676171024445665,0.3365136938436812,-2.3920514452306136
33.0,103.0,999.991455078125,-0.5821162065215688,0.5926419102588731,4.053156995573472,-1.1674401272658708,-0.210702398764754,0.8594891714629229,1.4529006824709274,-0.6690050823713714,0.3396219624869943,-2.3868009000339985
33.0,103.0,999.9920043945312,-0.5829554737673046,0.5938723756789868,4.054363845785733,-1.1689174579136434,-0.2095543131851043,0.8579941898678447,1.4523572448061088,-0.6687418189042198,0.3388530931673772,-2.390811976683904
33.0,103.0,999.9923095703124,-0.5834535303802273,0.5945339851967955,4.052511585732724,-1.1686569282350288,-0.2100730422895198,0.8564430806097034,1.4523834665189188,-0.6673524982791932,0.3370720663443052,-2.390896551189189
33.0,103.0,999.9913940429688,-0.5830020359072616,0.5940703231225664,4.051664266447721,-1.1698265425002423,-0.2096764248374034,0.8574310731817381,1.4536387823856725,-0.6666460942969517,0.3372849439760337,-2.389896931904896
33.0,103.0,999.9901733398438,-0.5822743406999829,0.5945802876318727,4.053604108424869,-1.168279653009059,-0.2108252246468582,0.8576878222452304,1.4543992247009945,-0.6676125502874237,0.3395237214750768,-2.3868494712697523
33.0,103.0,999.9908447265624,-0.5833347456103368,0.5933723306053631,4.052882125414252,-1.168718126989022,-0.2101204748531131,0.8587940294441996,1.4530079802962836,-0.6682723247346143,0.3384684873347048,-2.388566148257758
33.0,103.0,999.9920654296876,-0.5824646186313274,0.5935387015109441,4.0538239424978375,-1.1683480773636084,-0.2098040372360081,0.8588777685811859,1.452531437943085,-0.6696468116031182,0.3393013744651432,-2.387964874075375
33.0,103.0,999.9910278320312,-0.5824202658974844,0.5928717448144276,4.053863230382962,-1.1671172215208814,-0.2106214225931664,0.860055817900113,1.453312809412635,-0.668339093482019,0.3394175648510655,-2.387785408915209
33.0,103.0,999.9903564453124,-0.5825755591730806,0.5937103806119808,4.053149221229669,-1.1674374147942066,-0.2105067515662808,0.8586666969808308,1.4524551968504484,-0.6679434791817513,0.3396297647482571,-2.38743590392481
33.0,103.0,999.9922485351562,-0.58365492654886,0.5948648719960428,4.05305274526442,-1.1686080187019838,-0.2099689745815824,0.8568970476789701,1.4535739837059714,-0.6676085088381081,0.338736660816771,-2.388923011963669
33.0,103.0,999.9909057617188,-0.5835338038601874,0.5939683419086448,4.051789863707526,-1.170835757214129,-0.2092200960345867,0.8572367644931287,1.454282736986431,-0.6673681867881971,0.335709683376062,-2.3911126289646374
33.0,103.0,999.9912719726562,-0.5828582148100052,0.5939661537558649,4.053377791004982,-1.168986460063517,-0.2101221922190426,0.8581704486009825,1.4544984721373415,-0.6679653589690204,0.3393346968984403,-2.3880731208587864
33.0,103.0,999.9935913085938,-0.5825596741715726,0.5951617994563394,4.052471890340733,-1.167376422015212,-0.2111172734722757,0.8574107146340904,1.455187458004482,-0.6672719664507438,0.339706370645362,-2.386820544351838
33.0,103.0,999.9898071289062,-0.5821305022847891,0.5932627311158445,4.053507610911698,-1.168192886664483,-0.2103975932917325,0.8596400549403782,1.4546842363757406,-0.6681087898664506,0.3390878004542195,-2.3868757146333603
33.0,103.0,999.991455078125,-0.5824805943074054,0.5938129544528774,4.052668085736201,-1.1672616275972896,-0.2104679718846149,0.8597712610887527,1.453073699337959,-0.6683854499364363,0.3394877153340916,-2.386633048305184
33.0,103.0,999.9912109375,-0.5826436479777559,0.5934428843008828,4.053692967168722,-1.1696192483702914,-0.209798429558953,0.8592743992951917,1.4545781003943326,-0.6685398412050185,0.33746305023665,-2.389014719890944
33.0,103.0,999.9911499023438,-0.5820198933560832,0.5936494915849702,4.052704284631339,-1.1664731135334503,-0.2107872676938766,0.8598216872880426,1.453602451346134,-0.6679734552052006,0.3393738804223307,-2.386311712805447
33.0,103.0,999.9917602539062,-0.5813427429695608,0.591124398448736,4.0537357447299005,-1.167037075679131,-0.211145025265651,0.8607694182222039,1.4527953142546348,-0.6683645557625342,0.3404274997110912,-2.3868290890752526
33.0,103.0,999.9908447265624,-0.5834633070614821,0.5954629105187372,4.053556856069911,-1.1709309122769502,-0.2095327193524712,0.8559651327981612,1.454288638115174,-0.6675233387828419,0.3363936499028961,-2.390931710360844
33.0,103.0,999.9921264648438,-0.5828963923356527,0.5946363026606241,4.054518379861513,-1.1694834792821849,-0.2099756329836584,0.8573417409421022,1.4541742519344814,-0.6675373350231197,0.3390047944468293,-2.3897005288031137
33.0,103.0,999.9913940429688,-0.5827795479536109,0.5934796200205383,4.053555797924499,-1.1674593395149029,-0.2107074781158839,0.8591051616992997,1.453326086419641,-0.6680724087153012,0.3402639626214689,-2.386393959303685
33.0,103.0,999.9912719726562,-0.582285819308435,0.5938672388955899,4.055052077737027,-1.1693943949032368,-0.209995341895544,0.8580437090287045,1.454339782288253,-0.6686333775829247,0.3398508949745018,-2.38846356690608
33.0,103.0,999.9917602539062,-0.5826821100706967,0.592692036575154,4.054240926598286,-1.1679912744554133,-0.2096116932813583,0.8604585418985167,1.4526881403848355,-0.6692552413131523,0.3398114690921128,-2.388044941712557
33.0,103.0,999.9910888671876,-0.5821607669936864,0.591941244831026,4.052030557588962,-1.166627806528333,-0.2103786450789515,0.8610171646478975,1.4526138635573371,-0.6684334847604436,0.33945503308626,-2.3862157046504424
33.0,103.0,999.990966796875,-0.5835945232443729,0.5938920559356795,4.05400975409467,-1.170043572808106,-0.2090687439030301,0.8576927880149343,1.4537209282253194,-0.6681768350592527,0.3380596145492642,-2.390390035795733
33.0,103.0,999.99072265625,-0.5824559632348603,0.5928582344324793,4.0538155010763415,-1.1685713013626329,-0.2102021521902868,0.8591987699852632,1.4524568314778534,-0.6689415073348428,0.3386862572012008,-2.388480479879979
33.0,103.0,999.99169921875,-0.5824608483677025,0.5921070880628072,4.052137194333339,-1.1687539990160642,-0.2103904673459364,0.8595937991087528,1.4530678246759523,-0.6682460188747834,0.3381057792693465,-2.388545606658952
33.0,103.0,999.9911499023438,-0.582435070793637,0.5934880121982147,4.052909129722679,-1.1667127443538434,-0.2106568535797475,0.8594098358457103,1.4522887043149213,-0.6681811560014923,0.3391268850978699,-2.387711813798104
33.0,103.0,999.9920654296876,-0.5838742369286223,0.5943171390376403,4.054102243427408,-1.1711554013279213,-0.2088547373542866,0.856754558756208,1.4534948430515122,-0.6675996982033636,0.3373316088663838,-2.3919936500189216
33.0,103.0,999.9905395507812,-0.5835107624810174,0.5938836730644361,4.052982810851972,-1.1697565386069029,-0.2093150905362968,0.8581472179926415,1.4530114752089984,-0.6686564911869324,0.3367804464240063,-2.3901022285897966
33.0,103.0,999.990234375,-0.5828627062417011,0.5926752616548043,4.053827025999901,-1.1678369681619882,-0.2099535901794995,0.8599512726630802,1.4531491769113565,-0.6686287202542802,0.3398803701287809,-2.3879008947727893
33.0,103.0,999.991943359375,-0.5829221794064958,0.5937949204187003,4.052991736478296,-1.1703192418510646,-0.2094773800430278,0.8581388268797205,1.4539639051187434,-0.6671795557500584,0.3376743371192239,-2.3896986163721983
33.0,103.0,999.9913940429688,-0.5833896451848819,0.5946332725098724,4.052768015666384,-1.170281618204854,-0.209884158518367,0.8565858428186912,1.4539402759241984,-0.6668861363798353,0.3369880141973063,-2.3908028500077845
33.0,103.0,999.9913330078124,-0.582776462815735,0.5944609662107343,4.052083191921451,-1.1696426291858013,-0.2095102582342116,0.8578241513585834,1.454466026685111,-0.6679498209410646,0.3376068423337699,-2.388882989783333
33.0,103.0,999.9918212890624,-0.5819705534220674,0.5939842398120714,4.0545647792917165,-1.1685062781739743,-0.2107372645253562,0.8577822370881343,1.454380152595995,-0.6680188809721335,0.3402475795779969,-2.386477414619907
33.0,103.0,999.98876953125,-0.5828946648356599,0.5934599629639523,4.053558694064188,-1.1696244953165906,-0.2096228878479715,0.8581222758768696,1.4535933335667686,-0.6680298721068425,0.3379647395309906,-2.38979482691942
33.0,103.0,999.9888916015624,-0.5829952213490657,0.5939320558463557,4.05279056762032,-1.168144478150151,-0.2101034244899668,0.8584398966277007,1.4532963634158254,-0.6679349611952583,0.3387612301691023,-2.388017363138116
33.0,103.0,999.99169921875,-0.5837795296683499,0.5939722732556767,4.054055283171852,-1.1702832571788022,-0.2093295214365671,0.8573591904747522,1.453812526154195,-0.6679499963208873,0.3374176842902008,-2.391799897439509
33.0,104.0,999.9907836914062,-0.5818929840210298,0.5923626724705642,4.0529173902150255,-1.1663860495925036,-0.2109200503095571,0.8602124524913135,1.4535110623558616,-0.6677763572952164,0.3407987779682262,-2.3856868907461344
33.0,104.0,999.9923095703124,-0.5838748040538295,0.5931385637689415,4.051792445629422,-1.1705078339377293,-0.2093280990541437,0.8580722358372377,1.4528799570030078,-0.6678664942109078,0.3361611286493513,-2.391648432719963
33.0,104.0,999.9913330078124,-0.5829361197750567,0.594784107782723,4.05256112702949,-1.1685277308029178,-0.2103629908432074,0.8580826507992256,1.4539352429757502,-0.667760778250428,0.3376903195008136,-2.3876758857127154
33.0,104.0,999.9915771484376,-0.5814126656706069,0.5917614825034212,4.054051930275861,-1.1659738379974578,-0.2111470874218675,0.860867444586785,1.453321818509651,-0.6678853464281449,0.3413805985800708,-2.3861856929733345
33.0,104.0,999.9905395507812,-0.5822901105262854,0.5930546270097405,4.053294197654061,-1.1684791856346337,-0.2102870982976075,0.8592967136915703,1.4543321270175067,-0.6679362397313859,0.3390958389623391,-2.388507011973484
33.0,104.0,999.9899291992188,-0.5827884913305761,0.5933325602602721,4.05319838397239,-1.1689118733004182,-0.2098343684859802,0.8592384049327055,1.45389903619217,-0.668599054437883,0.3379119908017811,-2.3880437770094467
33.0,104.0,999.9920043945312,-0.5825401806801827,0.5921654286227209,4.053199421105017,-1.1679629684291997,-0.2107970705457669,0.8600813248207562,1.453824673658838,-0.668249687588288,0.3395916413146382,-2.3863994050138064
33.0,104.0,999.9912109375,-0.5822649892952567,0.5924999610751991,4.054032506053604,-1.167813038093363,-0.2104754080112725,0.860651446139638,1.4534959897285642,-0.6686418465450066,0.3401569254805139,-2.3873577644080863
33.0,104.0,999.9923706054688,-0.5828825886441438,0.5931275812867378,4.053344831557874,-1.1686923826230575,-0.209822959644474,0.8583943304850239,1.4527599678408691,-0.6688273097585773,0.3380339347912864,-2.3887129399671423
33.0,104.0,999.9932250976562,-0.5814588246428638,0.5934538992282556,4.053462338597527,-1.167114823166567,-0.211644788590223,0.859225575689889,1.4559451041447495,-0.6674364533292536,0.3395898031017168,-2.385177788905313
33.0,104.0,999.9901123046876,-0.5829870720980823,0.593615881356385,4.053270695663695,-1.1696106668223338,-0.2093632530510376,0.8585525648553896,1.454037844726925,-0.6686088209664485,0.3377093086820562,-2.3890561842447458
33.0,104.0,999.9915161132812,-0.583139407106346,0.5932448848447329,4.05324347195449,-1.1687439537635838,-0.2102442240411157,0.8581199714618108,1.4540689867239056,-0.6678605161762157,0.3383227752345821,-2.3889453778434944
33.0,104.0,999.9906616210938,-0.582675763758373,0.5938487657946823,4.053903813200556,-1.1688158512424622,-0.2100233703439205,0.8580758021453292,1.4533071914344011,-0.6676968594704284,0.3392523744484084,-2.388182472437752
33.0,104.0,999.9907836914062,-0.5827754831347169,0.5938786727160679,4.053323064109279,-1.1692052184746942,-0.2099973945170896,0.8582788740905967,1.4547038240708208,-0.6685160856131827,0.3382956652194488,-2.3878079393639746
33.0,104.0,999.9910888671876,-0.5841039289037742,0.5955605928437713,4.053568833634234,-1.1705099923590687,-0.2093436399299388,0.8555792514609362,1.4537582607622692,-0.6672609394292008,0.3366756284873915,-2.391657501396775
33.0,104.0,999.9904174804688,-0.5827562554438783,0.5940646680656663,4.053499436434247,-1.1679269201829596,-0.2102115667061754,0.8580228975307724,1.4528470971256802,-0.6681656359429056,0.3391299014738882,-2.3882007984621563
33.0,104.0,999.9911499023438,-0.5839281019301437,0.5944362691466889,4.053073745525936,-1.1713004343761808,-0.2092326170088991,0.856839300107648,1.4554062554227185,-0.6671119255987943,0.3368804385433428,-2.3902414253701605
33.0,104.0,999.98974609375,-0.5826865304844642,0.5934695028353438,4.053543963502264,-1.170046527539796,-0.2096973049225816,0.8580753862652122,1.4540267131599318,-0.6677905581993473,0.3378928607907987,-2.3895774744803377
33.0,104.0,999.9912109375,-0.5833245048581572,0.593465049526265,4.054830704058546,-1.170496413250897,-0.2095766564428469,0.8571722411544016,1.4536077912003806,-0.6683127465397352,0.3381219512907005,-2.391320768214638
33.0,104.0,999.9915161132812,-0.5816641783525061,0.5925534473969494,4.052235523478956,-1.166566174763886,-0.2111932029348606,0.8604652054997839,1.454468348441898,-0.6671483390756379,0.3404586269370835,-2.384737235156492
33.0,104.0,999.9898681640624,-0.5830956099263531,0.5942396029980088,4.053635137274387,-1.1691596186827806,-0.2099381651128071,0.8577210509613851,1.4540648338965232,-0.6675145866585561,0.3381525555004847,-2.389234387636228
33.0,104.0,999.9912109375,-0.5838627210771348,0.5950851453645392,4.053314145795275,-1.17090619291158,-0.209438553498507,0.8568844819129042,1.4552129487107068,-0.6676290264129525,0.3365963405261771,-2.3900020076391466
33.0,104.0,999.9906616210938,-0.5824310615885429,0.5943994460067117,4.0540543320218685,-1.169769945042347,-0.2104456500441145,0.8569098286082415,1.455377550407797,-0.6675774413750757,0.3387368614571171,-2.388614028752144
33.0,104.0,999.9922485351562,-0.5810267395502855,0.5922018216946068,4.05443045971602,-1.1658426544012674,-0.2113130535359983,0.8615988538810022,1.4542031180469648,-0.6686058051809933,0.3420930909805717,-2.38438435626142
33.0,104.0,999.9910278320312,-0.5822675546834786,0.5922766932794445,4.052812955251751,-1.167911826412789,-0.2097380177264138,0.8606734398235023,1.4526286110932665,-0.6683856291908983,0.3381499657201097,-2.388687429143274
33.0,104.0,999.9898071289062,-0.5829088276332159,0.5924442034127395,4.052622056922704,-1.1684460619728183,-0.2097823774065474,0.8599691039565691,1.4524515051741886,-0.6681801336023572,0.3382931415279522,-2.3888931264919284
33.0,104.0,999.9903564453124,-0.5830033708044882,0.5941483605461269,4.053864712501248,-1.169104035492353,-0.2096056032937303,0.8575001044138162,1.4534215048742904,-0.6681846664504567,0.3379513710682502,-2.3902130392549408
33.0,104.0,999.9911499023438,-0.5835012329548528,0.5953487005683584,4.0521951107084,-1.1700939204665812,-0.2098328020785755,0.8570048842702258,1.4547354736141402,-0.667450365140482,0.3365420983773735,-2.38901334546368
33.0,104.0,999.9902954101562,-0.5821030231476456,0.5928337365152361,4.054224658304516,-1.1679719340215513,-0.2106057662277685,0.8604862981500307,1.4553710689722763,-0.6682377273967006,0.3398035788839237,-2.3857832625643027
33.0,104.0,999.9913330078124,-0.5817778558876521,0.5916299703915451,4.053162679219396,-1.1667888162678897,-0.2109539196856023,0.8615497854551926,1.4544288306015467,-0.6682298173731969,0.3408387570304416,-2.384950858208912
33.0,104.0,999.9913330078124,-0.5833948624512386,0.5948646777006426,4.052287846740416,-1.1709572928753025,-0.2099296166492479,0.8563819225308098,1.4556225016765063,-0.6666979917677089,0.3371525250202412,-2.389174366325031
33.0,104.0,999.9923095703124,-0.5826370710813062,0.594947114479587,4.055336800032308,-1.1691477943621194,-0.2101975551752142,0.8573631381261073,1.4551663339514356,-0.6679261169480677,0.3401967634280289,-2.387788374815209
33.0,104.0,999.9908447265624,-0.5830235438809845,0.5931238635896374,4.052507988256464,-1.1686761944145418,-0.2098587061259316,0.8587846294549575,1.4537074511119874,-0.6681550022273397,0.3380143752016229,-2.3880304133179053
33.0,104.0,999.9924926757812,-0.582495621960617,0.5929402045368315,4.055057860282856,-1.1683818459429798,-0.2100166344530958,0.8597100062816452,1.45405780385655,-0.6685333020395925,0.341119949561496,-2.387410423353584
33.0,104.0,999.9906005859376,-0.5831244970127507,0.594303755742259,4.052235081602722,-1.168831398905685,-0.2099220876015008,0.8583888246422866,1.453704013905699,-0.6675295551049345,0.3384484904673721,-2.3880437380737503
33.0,104.0,999.9905395507812,-0.582787808135957,0.5936601988156127,4.0526913676877445,-1.168734920088503,-0.2098930272121792,0.8580600796712279,1.4524960463510386,-0.6676096320811729,0.3383223540263822,-2.389348595214126
33.0,104.0,999.99169921875,-0.5833305266527242,0.593790670078489,4.053921868245347,-1.1712125679934444,-0.2092351359631399,0.8574060304580335,1.455694986089911,-0.667530001452624,0.3371538964241694,-2.3903699367105142
33.0,104.0,999.989501953125,-0.5829308325531146,0.5937729270107184,4.053114453047288,-1.1693396893630914,-0.2100088483032207,0.8583621137903199,1.4551972739724492,-0.6673411610647513,0.3383099707353798,-2.3880911977841386
33.0,104.0,999.9912719726562,-0.5823825182999052,0.5936460277568738,4.053394920616928,-1.1670004296217238,-0.2107282648364901,0.8588185330833795,1.4526211939515417,-0.6677997368923707,0.3395065910878427,-2.388076180187494
33.0,104.0,999.9924926757812,-0.5817472651587119,0.5915022192329813,4.052460032053345,-1.164060547352086,-0.2108502279891464,0.8622229547916183,1.4498949113069193,-0.6685589539790797,0.3409798838782274,-2.3861100444249104
33.0,104.0,999.990234375,-0.5834483622157762,0.5945512487030458,4.052630493396388,-1.1704147645139762,-0.2093153114812436,0.8570158795367053,1.4543364819978466,-0.6677880590559484,0.3370905628987266,-2.3890119022712204
33.0,104.0,999.9920654296876,-0.5825459990857107,0.5935798326321793,4.052791873939354,-1.1656693693321811,-0.2103330874723132,0.8594683519164592,1.4515745948049847,-0.6680593604859908,0.3406726748835478,-2.3871385969936423
33.0,104.0,999.9910278320312,-0.5827366576587956,0.5948210560095575,4.054625480043793,-1.1691286384796546,-0.2100621239852831,0.8569277882904656,1.4536819862519763,-0.6681728125775086,0.3395189895548363,-2.388827878249129
33.0,104.0,999.9912719726562,-0.5825179426556186,0.5925104268890626,4.052791392210551,-1.1691478570724598,-0.2100407941237954,0.8587134069499882,1.4535650616592335,-0.6678921409359964,0.3386915956676519,-2.3884209343628724
33.0,104.0,999.9890747070312,-0.5832163412216946,0.5943382053416668,4.0532962117504265,-1.1692291985813077,-0.2097572574165873,0.8578309078508992,1.4537182158755204,-0.6677977537616622,0.3386143258295675,-2.389114464358997
33.0,104.0,999.9906005859376,-0.5829318364994478,0.5936324726874167,4.052282208620877,-1.1681797104745293,-0.2094156566774181,0.8596036563978924,1.452491591864117,-0.6682792230949612,0.3373595956713693,-2.3893405479488186
33.0,104.0,999.9901123046876,-0.5824798171413672,0.5942304588943443,4.053248997085078,-1.167973954159481,-0.2104452636572213,0.8586627856541797,1.4537957503353611,-0.6683948007197928,0.3389731455026847,-2.3870264373409755
33.0,104.0,999.9915771484376,-0.582287025654816,0.5924697162278827,4.053173734578525,-1.1675976762763978,-0.2104403006665398,0.8612387288964998,1.4542053600224951,-0.6682149890670246,0.3398512672459262,-2.3857747721079283
33.0,104.0,999.9920654296876,-0.5814039360764376,0.5928699853091759,4.053371569827265,-1.1661182748177623,-0.2115439800458176,0.8611760057046354,1.4551478645149407,-0.6685134835441451,0.34177620540384,-2.384047570436833
33.0,104.0,999.99169921875,-0.5818345495602557,0.5937863578093259,4.0534775261142,-1.168318071399305,-0.2108857447429111,0.8585361641781732,1.4545395503689162,-0.6681066254782388,0.3389165667011005,-2.386740037237829
33.0,105.0,999.9906616210938,-0.5826061899171702,0.5928985969218523,4.052014623504407,-1.1687192812288858,-0.2099877731271604,0.8589426101482109,1.4533614999158706,-0.667802592290915,0.3380141396208111,-2.388246573519584
33.0,105.0,999.99072265625,-0.5823236098945479,0.5932888454289547,4.054357624668501,-1.1681634769071585,-0.2107400078725358,0.859112705897557,1.4545929974604412,-0.6679935067530325,0.3408061380302989,-2.3865456282407504
33.0,105.0,999.9924926757812,-0.5821583621976743,0.5925560458928105,4.054816999389745,-1.168662519676864,-0.2102639988031498,0.8598216438028219,1.454263716158433,-0.6690316059708215,0.3406258990895345,-2.3867754842129374
33.0,105.0,999.9899291992188,-0.5829416563554242,0.5943400429312611,4.054095337674578,-1.1692594504298,-0.2098977185212183,0.8586568848238603,1.4546965270294887,-0.6679314722549536,0.3383009664554679,-2.388580596492395
33.0,105.0,999.9906616210938,-0.5821148467040578,0.5932237826121938,4.052651893111335,-1.167079914845599,-0.2102697962497437,0.8595899845940123,1.4530989092698192,-0.6675997267606455,0.3392718907825509,-2.387344447797841
33.0,105.0,999.9898071289062,-0.5825434544368839,0.5945395075825832,4.053488850072993,-1.168516484531886,-0.2101991703720021,0.8582445601337563,1.454216006638486,-0.6678030226687284,0.3388516971468398,-2.387913049198849
33.0,105.0,999.9903564453124,-0.5831712745340143,0.5929361476321873,4.05355656010779,-1.169442908742797,-0.2096726600543101,0.8594117143097701,1.4542644577559738,-0.6684877799656412,0.338284214526098,-2.3886236599994843
33.0,105.0,999.991455078125,-0.5830405770739935,0.5936417216934222,4.053325670496443,-1.170723626702646,-0.2095039465767536,0.8576639474196881,1.4547495568194693,-0.6670893537099145,0.3377362323928947,-2.390396174466772
33.0,105.0,999.9909057617188,-0.5825210467251898,0.5922281492600154,4.053693698700705,-1.167291030514419,-0.2103369391439455,0.8606742290940508,1.4536002891669009,-0.6683076178252643,0.3400615286434068,-2.3869699514526097
33.0,105.0,999.98974609375,-0.5828611151638698,0.5935376049488719,4.052994772770015,-1.1692755750603556,-0.2096909006446674,0.8585637159412229,1.4546494295842818,-0.6673685261805211,0.3383468964511937,-2.388384826178183
33.0,105.0,999.9915771484376,-0.5828403567453684,0.5942297354399182,4.054096173121813,-1.170040076868201,-0.2100155644900443,0.8574561739948834,1.4542501295274135,-0.667998006169511,0.3379409821388837,-2.390010176514915
33.0,105.0,999.9905395507812,-0.5829855617186377,0.594391521298343,4.052110808817053,-1.1694259295573284,-0.2098289094053127,0.8577632128471695,1.4543330972926194,-0.6673102531048434,0.3381868874362261,-2.388092462832623
33.0,105.0,999.9908447265624,-0.5823551528228226,0.5933406886201826,4.05392008087555,-1.169112346309774,-0.2099681644515838,0.8582199972801918,1.4540482140753133,-0.667678710108806,0.3383941662139333,-2.3894611304361417
33.0,105.0,999.9907836914062,-0.5825791312281394,0.593016512634561,4.052496241492607,-1.167447056709153,-0.2102459217900287,0.8601016342787098,1.4530520872489374,-0.6686778907234441,0.3391982360756991,-2.386577470924865
33.0,105.0,999.9898681640624,-0.5824791336109545,0.5930927852777623,4.053789068123464,-1.1688795698693344,-0.2098717811356625,0.8584828736202343,1.4528306580475414,-0.6684494136941863,0.3387467741975882,-2.389204059754955
33.0,105.0,999.9918823242188,-0.5820730836876136,0.5928978489750589,4.054733954719746,-1.168688483312467,-0.2104131642739162,0.8591837624658147,1.4541303245030113,-0.6679497663005964,0.3393071129207694,-2.388470283178043
33.0,105.0,999.990234375,-0.5825806970216894,0.5940255575727162,4.052935513208411,-1.169216279029039,-0.2102423960128625,0.8584745073588866,1.455388548488406,-0.6673685212649687,0.3388425544727091,-2.387253670402976
33.0,105.0,999.9906616210938,-0.5835743915479004,0.5942582559325498,4.053100804111363,-1.171032973814086,-0.2089125994267,0.857701014108053,1.4539268109113124,-0.6676729524038008,0.3368910870435115,-2.390691539444488
33.0,105.0,999.9908447265624,-0.5824587481859558,0.5936493426553682,4.05247657891497,-1.1671134204464009,-0.2104440850878894,0.8593448697371064,1.4525932833153723,-0.6682321597379541,0.3397473975835385,-2.3864530397975017
33.0,105.0,999.9918212890624,-0.5834635752145534,0.5941975202054302,4.052504345594542,-1.1705752569885457,-0.2089082842065739,0.8570446863501733,1.451822119318753,-0.6675609125415116,0.3361020014314464,-2.392479363108176
33.0,105.0,999.9912109375,-0.5835051318898534,0.594059534744459,4.052283476097321,-1.170095805593486,-0.2097894401458759,0.8570717813349225,1.4537700524937185,-0.6668675142345535,0.336779490237987,-2.3903165913301394
33.0,105.0,999.990966796875,-0.5827964667786851,0.5930659535324416,4.053069626013301,-1.1676745176066023,-0.2096006281618301,0.8599238017986597,1.4525956964723106,-0.6681212123711449,0.3388500806325156,-2.388390332167754
33.0,105.0,999.9902954101562,-0.5831953274851172,0.5938158663618012,4.05268652305203,-1.1690543232031283,-0.209611676935471,0.85814684603967,1.4527055640329367,-0.6682613382185192,0.3384032681877391,-2.3883608565416403
33.0,105.0,999.9893188476562,-0.5832409690399576,0.594439189785704,4.053678938848366,-1.1699083869005165,-0.2095930943946893,0.857820383245663,1.455001124034439,-0.6680816647798302,0.3379440638790516,-2.388868827160323
33.0,105.0,999.9907836914062,-0.5827489476381809,0.5942265831868472,4.052705609321402,-1.1692791626997496,-0.2102129230477398,0.8582206771942271,1.454705269310919,-0.667722202741512,0.3376168578469984,-2.3877516179438607
33.0,105.0,999.98828125,-0.5829210135813012,0.5937765269750894,4.053528446859211,-1.1687793499321728,-0.2098098862139616,0.8584528924544479,1.4534444085971208,-0.6680122725937601,0.3390614927592157,-2.3881585943817414
33.0,105.0,999.990966796875,-0.5825098187514612,0.5931087537750477,4.054254455795363,-1.1678927959697183,-0.2103763729049657,0.8599067940842051,1.4544590600623364,-0.6681111390987589,0.3404449974767223,-2.3866316670282446
33.0,105.0,999.9915771484376,-0.5820663151312573,0.5937175896889464,4.053333126201393,-1.1678920745177042,-0.2109014924903309,0.8590474937541668,1.4539670818887522,-0.6682481916734968,0.3392884863292771,-2.3858284426917864
33.0,105.0,999.9904174804688,-0.5830600947816009,0.5935643855281327,4.05324585408666,-1.1693522897571516,-0.2094503507354232,0.8585546746029689,1.4539703827032433,-0.6683089064606227,0.3386759370542958,-2.388162580339265
33.0,105.0,999.98828125,-0.5828696071271624,0.5933531972704698,4.05270387169373,-1.1685647302939235,-0.2097199714333877,0.8586680813762531,1.4527631714906306,-0.6681335782832338,0.3382974144591877,-2.3883958393397653
33.0,105.0,999.9907836914062,-0.5830514197960648,0.5939250120819706,4.0547188064947015,-1.1709806837671382,-0.209417905307899,0.8568892887898274,1.4546141745334475,-0.6679139801501925,0.3377057401924741,-2.3907084984068843
33.0,105.0,999.9896850585938,-0.5822038738217765,0.5930507853094742,4.053516016643124,-1.168428235644443,-0.2103209985066714,0.8595081425054492,1.4543151741614064,-0.6681673398567272,0.3393749565917616,-2.387209399740009
33.0,105.0,999.9898681640624,-0.5823862078227835,0.5924059189545758,4.0527678441901855,-1.1679818587823425,-0.2098038409480249,0.8601213500842562,1.4530074495797072,-0.6683010047019433,0.3389072583055688,-2.387813046094243
33.0,105.0,999.9902954101562,-0.5829598373727922,0.5938718984504536,4.052422230595571,-1.169606072845725,-0.209314206018754,0.8584578345927616,1.4542923222072393,-0.6674392857304579,0.3372655391719945,-2.388923121941718
33.0,105.0,999.9901123046876,-0.5823675428092381,0.5934380120626814,4.053600644358845,-1.1678176997255385,-0.2105147939569409,0.8593035715256097,1.4534249373443815,-0.66818508044976,0.3396218247323794,-2.386719165163264
33.0,105.0,999.9902954101562,-0.5834176355111547,0.5948552761002972,4.05286721866158,-1.1704941440293033,-0.2091170061032929,0.8564528306254449,1.45325470325254,-0.667691208071048,0.3363398753487256,-2.392042710243274
33.0,105.0,999.9905395507812,-0.582175429204959,0.5926206773978491,4.053737774482382,-1.1671505852980464,-0.2104048324123884,0.8606517364127422,1.4529999337023058,-0.668938052920546,0.3395016453940238,-2.38766207281161
33.0,105.0,999.99169921875,-0.5828301638842266,0.5937242106033445,4.054516813249641,-1.169143779102317,-0.210037689910191,0.8578565212280242,1.4535868129796112,-0.6676077761655179,0.3391685701430305,-2.389194116883867
33.0,105.0,999.9915771484376,-0.5828605293987135,0.5934527713462803,4.054057025956267,-1.1703961316564673,-0.210145045166529,0.8570978963960503,1.454263808334657,-0.6675654494155756,0.3375308044249072,-2.390884943071149
33.0,105.0,999.9915161132812,-0.5833573852075551,0.5929089386105915,4.052993590732793,-1.169030949303865,-0.2099342727615276,0.8584999185323285,1.4526777610762238,-0.6676800584094131,0.3381064441635111,-2.389843091742338
33.0,105.0,999.99072265625,-0.5824810489825332,0.5937277090196593,4.052901941379304,-1.1696101648179882,-0.2099562951374665,0.8583123421048438,1.4553014197023124,-0.6676257676865891,0.3376694187585229,-2.387552428602882
33.0,105.0,999.9915161132812,-0.5818845722741619,0.5932576370404874,4.052400002048918,-1.168172733781482,-0.2107945287461143,0.8597064294316423,1.4555325308293927,-0.6673308138022174,0.3397122388416793,-2.385553776451644
33.0,105.0,999.9917602539062,-0.5830423163016825,0.5942599602355001,4.051905192582076,-1.169873893858557,-0.2099789661032227,0.8574023506444606,1.4546018410274133,-0.6674701904675775,0.3379745465546317,-2.387846489400572
33.0,105.0,999.9918212890624,-0.5825534762376758,0.5923440591790801,4.052452022533551,-1.1686834903056955,-0.2100407765642868,0.8598812182946949,1.4545672762923836,-0.6682387060304986,0.3389270662962742,-2.387017494719231
33.0,105.0,999.9906616210938,-0.5826252813396495,0.5929434428112756,4.053410685193693,-1.1694862865343736,-0.209290385799421,0.8594687299950188,1.4539028521888753,-0.6681695491270796,0.3382095227412707,-2.389089828594151
33.0,105.0,999.9906005859376,-0.5826536948307739,0.5938907846535004,4.053060338553662,-1.1689508594074876,-0.2103654542815984,0.8586232662903992,1.4559076761279153,-0.6674392883083753,0.3385562332911931,-2.386965477690559
33.0,105.0,999.9924926757812,-0.5829468172387884,0.5940958651409458,4.053874630046508,-1.1690999095095442,-0.2099021171853428,0.8570684680938179,1.4536540860897098,-0.6674473441438149,0.3388401661775369,-2.390193457704412
33.0,105.0,999.9904174804688,-0.5833227176517157,0.5939196952996735,4.054213677614161,-1.170268569382793,-0.2096027374590949,0.8572962513892834,1.4539551342272403,-0.6680497235463525,0.3380420205347345,-2.3906108500249053
33.0,105.0,999.9909057617188,-0.583247994678314,0.5933317267125249,4.052165873026221,-1.1693338071836568,-0.2094452308660841,0.8589420175992144,1.453395198544916,-0.6676012440515455,0.3371040959096216,-2.388882494445785
33.0,105.0,999.990478515625,-0.5824257513670084,0.5927391744453168,4.053321275526558,-1.1677632457926217,-0.2098858273657011,0.8603959031583752,1.4532968361040464,-0.6683165439487473,0.3393241489551197,-2.3881374925301224
33.0,106.0,999.991455078125,-0.5828832816129239,0.5945242714521362,4.052448007487598,-1.1691062375482897,-0.2103376143980453,0.8581782869018264,1.4551247636679463,-0.6675736740878682,0.3384252095510298,-2.3870102948533574
33.0,106.0,999.9917602539062,-0.5819600617139447,0.5927175241971465,4.052354075671126,-1.167233647087648,-0.2105199508337287,0.8610142537564478,1.4550070169750118,-0.6677647482292848,0.3397389698974749,-2.384754878409434
33.0,106.0,999.9896240234376,-0.5825343402193601,0.5929540206634503,4.05252228248917,-1.168346386992687,-0.209932927623023,0.8590903129386103,1.4531412152655854,-0.6674193108891862,0.3381909108959853,-2.389172812548725
33.0,106.0,999.9888305664062,-0.583240326058351,0.5942030969146792,4.052952143000713,-1.1695928777764015,-0.2093274152222255,0.8581166307935382,1.4540567798022996,-0.6680907521736383,0.3376731109146638,-2.3892183812197487
33.0,106.0,999.9917602539062,-0.5832782493725492,0.5939825204570042,4.052097540802279,-1.1703534955236772,-0.2093685958868345,0.8583719284343427,1.455783951504534,-0.6673912665604123,0.3370869330405455,-2.388929573872614
33.0,106.0,999.9910888671876,-0.5821664013821879,0.5929596884226758,4.054732845094213,-1.1679276262732383,-0.2101600933434841,0.859583580531206,1.453750585464304,-0.6690174205829278,0.339627127154646,-2.3877014879286835
33.0,106.0,999.9898681640624,-0.5823552749336756,0.5938312432650497,4.05423426229507,-1.1686255622243371,-0.2101747604776758,0.858538768327147,1.4546877596906826,-0.6680681092429435,0.3393613484929627,-2.387766716901356
33.0,106.0,999.98876953125,-0.5829528682457674,0.5940723358779181,4.053274128031326,-1.1695858615063055,-0.2098084679546117,0.8582008833683297,1.4545007669186223,-0.6679229471056622,0.3375668271349603,-2.388728062102559
33.0,106.0,999.9908447265624,-0.582002096985395,0.5924850024358062,4.053176723130985,-1.1677960649374517,-0.2100739496288159,0.8603884445957108,1.453184839785281,-0.6685013384739085,0.338677396140433,-2.387912049844469
33.0,106.0,999.990478515625,-0.5822370910384684,0.5933909902351653,4.054350770775571,-1.1684037222833314,-0.2103604866950066,0.8587811647957091,1.4539130277581789,-0.6687252419104688,0.3393132492851389,-2.388219911148948
33.0,106.0,999.9921875,-0.5828154165455146,0.5943424287852128,4.053337551467681,-1.169795885843628,-0.2091207385651907,0.8583715899537463,1.4544206635043082,-0.6682175358847688,0.3370987902794731,-2.3892047106532184
33.0,106.0,999.9915161132812,-0.5832501813701514,0.5940343662010203,4.053872845996487,-1.1702678572191163,-0.2094135244400057,0.8573060481163708,1.4535737037261995,-0.6675253880357728,0.337970182166015,-2.3895187285885475
33.0,106.0,999.9910888671876,-0.5838258859349725,0.5938351526854184,4.052038029130006,-1.1703289951204263,-0.2088068791948432,0.8582074477857313,1.453741747539982,-0.6675708516064223,0.3362945375949877,-2.390734837838541
33.0,106.0,999.9910278320312,-0.5819358367911285,0.5931366323720813,4.053636653913612,-1.166514338078033,-0.2107048611979554,0.8603979078739741,1.4528703668722018,-0.6686460209192466,0.3399469001627491,-2.3867649678607314
33.0,106.0,999.9898071289062,-0.5822590187230912,0.5940232389057911,4.053718187629164,-1.1679881787614057,-0.2106291321560167,0.8585207933589523,1.4544902128757764,-0.6678476196750278,0.3397518454073029,-2.3864040253994885
33.0,106.0,999.99169921875,-0.5827456280997945,0.5937658224284839,4.053101930983656,-1.1684617295741613,-0.2093313568283665,0.8589208712077854,1.4533206138878905,-0.668446007630136,0.3383429415694126,-2.38822646833535
33.0,106.0,999.9895629882812,-0.5832736467486797,0.5940183255520974,4.052250030261282,-1.1696966703770917,-0.2094763991865695,0.8580829521580737,1.4539996919867102,-0.6677805138779238,0.3373223913700247,-2.388704784046972
33.0,106.0,999.9901123046876,-0.5821005748876606,0.5931598352120018,4.053111572845603,-1.167859829088274,-0.2106798820197246,0.8598226909265705,1.454887347751189,-0.6678100782610832,0.340036210078174,-2.385838582296278
33.0,106.0,999.990478515625,-0.5821569167910843,0.593827490868807,4.05334812920707,-1.1686218717994343,-0.2103672555946349,0.8585646643416105,1.4543033773827876,-0.6682052784701185,0.3386014945901365,-2.3871093158077312
33.0,106.0,999.9903564453124,-0.5832528275733546,0.5945936546534405,4.053781645351645,-1.170561154223475,-0.2095738989466742,0.857334501031386,1.4551276924720415,-0.6681602725449682,0.3376263029616293,-2.3889825489256933
33.0,106.0,999.9913940429688,-0.5833921646147182,0.5934008372372794,4.051930927756915,-1.1711794893008642,-0.2085921134622799,0.8582198175370586,1.453892199460567,-0.6675619040158978,0.3356883323987212,-2.39093124088573
33.0,106.0,999.9915161132812,-0.5830422929782335,0.5948874801317974,4.053352460593709,-1.1693113110979514,-0.2094815620545587,0.8569813654012615,1.453423571427367,-0.6684791214175627,0.3383652894834279,-2.38853008925616
33.0,106.0,999.9905395507812,-0.5830372407805724,0.5936678193068925,4.0541587836693065,-1.169639929452035,-0.2098249906589266,0.857920814478554,1.4544518499935588,-0.6679668901106988,0.3390058430532017,-2.388404291381454
33.0,106.0,999.9902954101562,-0.5817678073591113,0.5923895445970135,4.053745825416813,-1.1678258195159783,-0.2108329388634935,0.86012190343014,1.4546748965044412,-0.668239985746391,0.3399627828478664,-2.3859311732776445
33.0,106.0,999.9891967773438,-0.5827318675862969,0.5936475606883214,4.052688809314942,-1.1678154421110976,-0.2099690425733325,0.8591585804907806,1.4532689819352136,-0.6680296679684865,0.3386915313573171,-2.38737095098843
33.0,106.0,999.9900512695312,-0.5833500849583793,0.5945056032084697,4.052237977479791,-1.1703990528984742,-0.2092666254699491,0.857569667451866,1.4544859566859092,-0.6672711608398396,0.3372362771729174,-2.389157278884249
33.0,106.0,999.9898681640624,-0.5825836897333359,0.593712532625938,4.053698693336049,-1.1683942462439258,-0.2101279058195908,0.8592860341238993,1.4549708663847234,-0.6679164023922874,0.3389882768857886,-2.3879831606253528
33.0,106.0,999.9893188476562,-0.5832512651637058,0.5933724217208693,4.05325447747947,-1.1693295562739352,-0.2094242210027861,0.8584965112592302,1.453387637844406,-0.6683454787227792,0.3378299789840095,-2.3893654623152454
33.0,106.0,999.9901123046876,-0.5828597219857414,0.5933211638331635,4.053017607542968,-1.1688143648732363,-0.2099847326435338,0.8595608644317396,1.4546637774297295,-0.6678110193382549,0.3386703778723561,-2.3873309479113463
33.0,106.0,999.9911499023438,-0.5836304752948918,0.5945556718809542,4.053173851784191,-1.1715254616563089,-0.2086487592589545,0.8562816761648318,1.4542610237892577,-0.6672234453932884,0.336402504926264,-2.391267478183292
33.0,106.0,999.9913330078124,-0.5833715203136265,0.5952597895644507,4.054121150711591,-1.171545762825657,-0.2096708184834455,0.8558099104867356,1.4557633965343797,-0.667329913309425,0.3376306956329813,-2.3895980283602
33.0,106.0,999.9910278320312,-0.5834740470438167,0.595163861262983,4.053671230888908,-1.1690644729144353,-0.2097912238780335,0.8575488952381702,1.4542754280420311,-0.6681326097011961,0.3377986750424426,-2.38936311949312
33.0,106.0,999.990234375,-0.5823414204091568,0.5942205774422487,4.053237864911605,-1.168806409763671,-0.2102519596604395,0.8583252800045846,1.4550057917525905,-0.6674656305394322,0.3387238557545569,-2.387486561860151
33.0,106.0,999.9906005859376,-0.5822120229000269,0.5928809154327608,4.053506103867097,-1.169025247876729,-0.2102686769310446,0.8597395501031935,1.4560016721050264,-0.6677918831263945,0.339097936017537,-2.386689663426625
33.0,106.0,999.9909057617188,-0.582939156569882,0.5939110040907325,4.05379177326409,-1.1703962138479875,-0.2097552461941774,0.8574083589279704,1.4551702803022677,-0.6675798295440503,0.3385251834694811,-2.388384323693421
33.0,106.0,999.9899291992188,-0.5821966608763454,0.5926375247453102,4.053739571286783,-1.1680270165723683,-0.210158728306534,0.8601041684241837,1.4541940141042788,-0.6681625382199483,0.3396472420153689,-2.38734704153698
33.0,106.0,999.9917602539062,-0.582923112281911,0.593818961654323,4.052892417211794,-1.169274731565296,-0.2095472043770492,0.8588131752565964,1.454964311351822,-0.6680867764717453,0.3384974227824999,-2.387084604325618
33.0,106.0,999.9913940429688,-0.5820252182927756,0.5933417544344017,4.0532703663555285,-1.1673752938944677,-0.2108629216607385,0.8596018411271098,1.454652077122808,-0.6676627140941358,0.3393369253896061,-2.387012070359069
33.0,106.0,999.9935302734376,-0.581350166925759,0.5915116120922415,4.053534246631777,-1.16443218283248,-0.2106678090901868,0.8626999401465385,1.4512443197686018,-0.6691174469812777,0.3417590496627243,-2.384425169655558
33.0,106.0,999.9918823242188,-0.5842003810851812,0.5952788033587,4.053868602277079,-1.170391261826575,-0.2090575190432559,0.8568668236689678,1.4537774578781557,-0.6680773946400755,0.3374963321505557,-2.390928666188914
33.0,106.0,999.9901123046876,-0.5826562100738748,0.5937317521064163,4.052627852836267,-1.168883285223111,-0.2099511634503494,0.8584153636901242,1.4531108326584032,-0.6680372674082644,0.338148043348343,-2.3887018122809813
33.0,106.0,999.9890747070312,-0.5830058008128649,0.5943123306805802,4.05308448599855,-1.1693520124940826,-0.2098870672772337,0.8576486644028769,1.4536536380802918,-0.6678760563604538,0.3376414194591426,-2.389522614790548
33.0,106.0,999.9916381835938,-0.5837309625744957,0.5945576962078816,4.053843142148974,-1.170990022502747,-0.2096156267527344,0.8570406295089263,1.455558883339295,-0.6674234723151624,0.3379566517903498,-2.3889747848308724
33.0,106.0,999.9896850585938,-0.5829508803716781,0.5943945304308897,4.053720030432421,-1.169195540601902,-0.2096109631415057,0.8573982251487955,1.453023337502053,-0.6677214410918628,0.3387256566347618,-2.3889210830879426
33.0,106.0,999.99169921875,-0.5831284341705407,0.5939850361947974,4.0537192824874495,-1.1695829234629196,-0.2095521816796832,0.8580669924533693,1.4539954587873618,-0.6677791766455012,0.33793032494839,-2.390498415081417
33.0,106.0,999.9903564453124,-0.583104331868368,0.5938520866863044,4.054433343455486,-1.169602802677545,-0.2095882182647885,0.8580587058454716,1.4538391926417624,-0.6684048911884641,0.3386764455984012,-2.3895195847147788
33.0,106.0,999.9900512695312,-0.5831538047344393,0.5947179200322195,4.053407619272834,-1.1699483172289529,-0.2097476738432782,0.857130843285205,1.4536057456456408,-0.6679344064393913,0.3372843859922492,-2.389855390273428
33.0,106.0,999.9896240234376,-0.582362494714066,0.5937516086214467,4.053153156486516,-1.1681491732604754,-0.2103447570576415,0.8590875831204281,1.4540205651890092,-0.6679336255741957,0.3387657306209721,-2.3870016444146804
33.0,106.0,999.989501953125,-0.5828650152660808,0.5937898224235312,4.05286198631927,-1.1687630346838702,-0.2101407867002258,0.8583361387327368,1.4533125254144084,-0.6679870729612887,0.3382616913040834,-2.388143857795044
33.0,106.0,999.990234375,-0.582777356362751,0.5933023284362173,4.053557784798654,-1.1688281704019587,-0.2095403343174187,0.8587039259432592,1.4530520051328342,-0.6680873832202758,0.3389853700499001,-2.38840169618232
33.0,107.0,999.9911499023438,-0.5825748870410248,0.593857779854881,4.054347386523496,-1.168596491887203,-0.2102656264106732,0.8581156365241487,1.4536248986196778,-0.6677679282701092,0.3398742348423003,-2.3881643490423348
33.0,107.0,999.991455078125,-0.5821472897967279,0.5939543738563131,4.054117092126008,-1.168568447808788,-0.2104841706675273,0.8580549747974731,1.4548566230452664,-0.6681235306955289,0.3393805529552329,-2.3866407894491584
33.0,107.0,999.9899291992188,-0.5830872061557315,0.5944106551724015,4.0521721606342656,-1.16977278051818,-0.2094494479838742,0.8579001625694591,1.4534756403483664,-0.667654367158578,0.3368913333114429,-2.389837479739992
33.0,107.0,999.9915161132812,-0.5834212361557896,0.5949804418052551,4.052625650300412,-1.1695047241114027,-0.2093754537052747,0.857630454444096,1.45340059250442,-0.6676415559202669,0.3381725275945078,-2.388511709305401
33.0,107.0,999.98974609375,-0.5825457394355755,0.5939251452968941,4.053394279183713,-1.1683864321375372,-0.2101239527361258,0.858701987159157,1.4539451731965336,-0.6677371636799911,0.3391354473824917,-2.3879323042452687
33.0,107.0,999.9908447265624,-0.5838674002288773,0.5954553111227625,4.052688252436985,-1.1719135678572503,-0.2089801088697811,0.8556599428552811,1.4546719201465352,-0.6671270440073123,0.3353852932592369,-2.3915242755978827
33.0,107.0,999.9896850585938,-0.5824825317560371,0.5931998747128979,4.052900383321436,-1.1678376442159435,-0.2101374408922254,0.8595161397685347,1.453168509054306,-0.6680867411903524,0.339374305200125,-2.3869218412068465
33.0,107.0,999.9899291992188,-0.5828695139437823,0.5936120810128855,4.053353585023718,-1.1694417916346014,-0.2099459426264935,0.8581652635142492,1.454218870184035,-0.6681178513316945,0.3388519744184526,-2.3874628219024445
33.0,107.0,999.990478515625,-0.5833152830005197,0.5942668860163334,4.052662806096256,-1.169869113026535,-0.209251752678357,0.857468295827335,1.4539279432894006,-0.6676243493213239,0.3378369244799115,-2.3892022907557657
33.0,107.0,999.9891967773438,-0.5830334609575853,0.5935588094711424,4.053491439061476,-1.169386454213778,-0.2097077052993503,0.8582309629344262,1.4537166838215354,-0.6677259444849444,0.3381969310742949,-2.388986915080438
33.0,107.0,999.9902954101562,-0.5828510662772537,0.5933120995073597,4.053062500740555,-1.168415265877198,-0.2098334035278162,0.8584014203222683,1.4526688535326002,-0.6677442043449613,0.339063484443268,-2.3886899659254643
33.0,107.0,999.9896850585938,-0.5824471701966925,0.5935700350928341,4.052359123768483,-1.168148612390029,-0.2101910589517626,0.8590795050098006,1.4537179098778763,-0.6674824132429649,0.3385042849518989,-2.387476419432994
33.0,107.0,999.9912109375,-0.5824981642992952,0.5934169478119422,4.053306195234784,-1.1681923045871794,-0.210105479641828,0.8585267340142435,1.4533302452261667,-0.6678703905641798,0.3401571394454761,-2.38677088353068
33.0,107.0,999.9895629882812,-0.5825595462157409,0.5930100728193022,4.052276717513834,-1.1686061251258957,-0.2099310199712842,0.859287409578978,1.453442829389978,-0.6680106920686821,0.3383557420594227,-2.3879704356664897
33.0,107.0,999.9902954101562,-0.5819325063558818,0.5925652918000566,4.053446016680153,-1.1672503481468457,-0.2103727459482147,0.8605742623890329,1.4532398708789032,-0.6682462059802923,0.3401982891506367,-2.386913580172168
33.0,107.0,999.9898071289062,-0.5828017574163304,0.5943310320925335,4.05271415692806,-1.1694262020185384,-0.2098285032275759,0.8583644818950775,1.4552285483407568,-0.6671659935491112,0.3382213419894864,-2.3878380419716376
33.0,107.0,999.9902954101562,-0.5824109583144761,0.5943030174945605,4.052653098599867,-1.1689598275102182,-0.2101202551089169,0.858298120202015,1.4548096982744203,-0.6676915193440838,0.3382428848700902,-2.3870980884385675
33.0,107.0,999.9896240234376,-0.5828735450837899,0.5943071026673561,4.052277476648056,-1.168142679234982,-0.2100659092203534,0.8583120164200286,1.4534195232475806,-0.6676612096595722,0.3379394242455147,-2.3877680901868064
33.0,107.0,999.9894409179688,-0.5829265565517554,0.5932817300790916,4.052989644969751,-1.1684904473091646,-0.2095816535666479,0.8590368951471827,1.4533038123946893,-0.6682707933199232,0.3388895978035471,-2.38770262778841
33.0,107.0,999.98876953125,-0.5830855565528053,0.5944205982084947,4.053109036462619,-1.1686191985142085,-0.2096896418697902,0.8576478928508804,1.4529358899800542,-0.6680317653405732,0.3385966598850096,-2.3885614869432983
33.0,107.0,999.9905395507812,-0.582337602700246,0.593436898455475,4.052733471762752,-1.1677273240609356,-0.2099524908475931,0.8600639812152835,1.4537696623736671,-0.6681448471109199,0.3389575156788673,-2.3868397552366503
33.0,107.0,999.9898681640624,-0.583057576274153,0.5945963439560087,4.053063944083576,-1.1686256275759148,-0.2100789936128988,0.8576267048044475,1.4539686783359145,-0.6675315603826668,0.3383139971921434,-2.3887982541868085
33.0,107.0,999.9912109375,-0.5832472809251179,0.5941665720867304,4.053923119632813,-1.1694469800562564,-0.2096668350050716,0.8569962102573374,1.4534662848959616,-0.6682892054833527,0.3383075281411507,-2.3893185424648875
33.0,107.0,999.9901733398438,-0.5827530331289053,0.5932416569432455,4.053830538911422,-1.1691171998528267,-0.2099190325940867,0.8587802975425358,1.453495990202553,-0.6678176596636503,0.3386337924853686,-2.388839745128217
33.0,107.0,999.9892578125,-0.5825762741196421,0.5931723447310455,4.053207157143662,-1.16792255788895,-0.210005672486413,0.8590481951687483,1.4527588225455377,-0.6680062189596256,0.3387964438768964,-2.388212168320278
33.0,107.0,999.9900512695312,-0.5825178725250506,0.5937891487152029,4.053606518527852,-1.1682191405666291,-0.2099356886695851,0.8589975561691556,1.453845620968151,-0.6683642443847768,0.339020829703065,-2.388188907586453
33.0,107.0,999.989990234375,-0.5837676292101293,0.5950610713541113,4.052390484934669,-1.1692615774558686,-0.2093832363664063,0.8572191573368029,1.4527439006531733,-0.6680111143456005,0.3371185918351038,-2.3895337476941214
33.0,107.0,999.990234375,-0.5834346348858164,0.594410374643715,4.053384614506085,-1.1701994017111952,-0.2094331671376954,0.8575478309938998,1.454334423499911,-0.6678123455798683,0.3380728573664529,-2.388508900180172
33.0,107.0,999.9903564453124,-0.5832653661394014,0.5945379495896148,4.053271743844029,-1.1701680533414869,-0.2096045461492837,0.8567489425703059,1.453641459810305,-0.6681608211564152,0.3371555058270159,-2.390017549476221
33.0,107.0,999.989990234375,-0.5825741804666063,0.5938074582406463,4.052766458089058,-1.1685027507814514,-0.2097920635508483,0.8594126579259687,1.4542521786017186,-0.6677926222524571,0.3381795018104601,-2.387984260329963
33.0,107.0,999.98876953125,-0.5826849355154966,0.5935242229720705,4.053090451685984,-1.1685966039513578,-0.2098678681119814,0.8588097275620932,1.4538668128134145,-0.6679964737332211,0.3386722160359356,-2.388110726943786
33.0,107.0,999.990478515625,-0.582909131094473,0.5935709837333567,4.052325846721272,-1.1676411499095254,-0.2100404039665058,0.8592599205848508,1.4526638492833914,-0.6685758742035137,0.3383139137296389,-2.387562163150969
33.0,107.0,999.9893798828124,-0.5834614439333574,0.5938637135796299,4.051962460270591,-1.1702427192719838,-0.2091477833155082,0.8577984833859098,1.453524604669834,-0.6675094279317424,0.3368198127331006,-2.389199153686985
33.0,107.0,999.990478515625,-0.5828581227438256,0.5938538885115561,4.052561300499498,-1.1688492746892538,-0.2094329653252069,0.8585799404609142,1.4524625406144995,-0.6682325066033972,0.3380124149010886,-2.3880783606604847
33.0,107.0,999.9898071289062,-0.5824723682573465,0.5940722030730861,4.053259525466716,-1.168836810907388,-0.21059103266915,0.8579502219256199,1.4541652982811657,-0.6675043205928937,0.3386940156193763,-2.38736149675018
33.0,107.0,999.9898681640624,-0.5829543430571267,0.593414539664253,4.053636069536637,-1.169242439170432,-0.2098270851804793,0.8584238259157226,1.4543926577918862,-0.6676300144816034,0.3388504644462387,-2.388504522371945
33.0,107.0,999.9906616210938,-0.5832417450978848,0.5932043824274116,4.053112659450916,-1.1684569522264183,-0.2095062173526249,0.8588458804236581,1.4519671754165389,-0.668191183277286,0.3386138209862599,-2.388890639527521
33.0,107.0,999.9894409179688,-0.5826254519172096,0.592618500138582,4.053377016990623,-1.1684794266071172,-0.209841303693123,0.8597087327407946,1.4528577770183038,-0.6681017061999537,0.3391441844373712,-2.3885887656343083
33.0,107.0,999.9896850585938,-0.5826574609214887,0.5933047489633037,4.051948736258154,-1.1690258143341057,-0.2097699422308485,0.8589709747693774,1.4538622298620982,-0.6677761650331959,0.3376751594341476,-2.388590256056521
33.0,107.0,999.9903564453124,-0.5820940573745812,0.5921813699620433,4.052388331327997,-1.166920714110196,-0.2104185805146698,0.8605824975434873,1.452638748926967,-0.6682475209097225,0.339085984526668,-2.3875297560582363
33.0,107.0,999.9894409179688,-0.5821740642152271,0.5933977286551686,4.053893649795413,-1.167664869069362,-0.2104350247494233,0.8597170615468919,1.4538669211284887,-0.6686515066912806,0.3398772384071691,-2.3866159740785227
33.0,107.0,999.9906005859376,-0.5830490512600779,0.5936826665835158,4.052754283374879,-1.16898627807128,-0.2095787955561237,0.8587077408199857,1.4536900436930935,-0.6673678092214539,0.3378224581337861,-2.388941179438503
33.0,107.0,999.9891967773438,-0.5829202974701566,0.5936573698003933,4.053320343791514,-1.1688121020764757,-0.2100622089924995,0.8577770134466807,1.453251270092924,-0.6678335099050141,0.3384950056830638,-2.3887888774570616
33.0,107.0,999.9908447265624,-0.5837363747979296,0.5950820383208013,4.053317573688036,-1.1715745577271184,-0.2090595704091375,0.8565292976675929,1.4557469051565262,-0.6674719459093597,0.3359965835248726,-2.390860405991842
33.0,107.0,999.9913330078124,-0.5831047360888499,0.5936509071208746,4.054249314468448,-1.169592791611465,-0.2097039048728142,0.8585509402878788,1.4544371645528216,-0.6684407409551305,0.3387947287404298,-2.38790607692283
33.0,107.0,999.9904174804688,-0.582752952761016,0.5935610856820936,4.053124139129066,-1.1674953585061898,-0.2096451234497331,0.8595479168731632,1.4518688222386809,-0.6685879705011635,0.3389546601704394,-2.3884942486288363
33.0,107.0,999.9889526367188,-0.5830489574346363,0.5941274873213231,4.05338240136453,-1.1688519378416755,-0.2099655571498164,0.8578580894406906,1.454099301226604,-0.6678030673460595,0.3388953397301861,-2.388023989414678
33.0,107.0,999.989990234375,-0.5828958515705942,0.5932312196432878,4.052069537506316,-1.1687652496226502,-0.209636107805105,0.8591066636338205,1.4535100441697637,-0.6677198600355769,0.3375727808387161,-2.388702117739549
33.0,107.0,999.9910278320312,-0.5830906408138921,0.593852532550212,4.052273047281499,-1.1703342105293468,-0.2093951289949851,0.8583426004421852,1.4543130040036898,-0.6680722083142596,0.3370808152995153,-2.3880500118070302
33.0,107.0,999.989501953125,-0.5824503489197665,0.5938087166295674,4.053820270599861,-1.1687902363823426,-0.2102373300513784,0.8585748084686742,1.4541350380227644,-0.6681101704760142,0.3389714940909405,-2.3881083588559577
33.0,108.0,999.9906005859376,-0.5829518043942192,0.594357437927151,4.053566564102926,-1.1696429474976506,-0.2100834653091485,0.8572983819887838,1.454875725882224,-0.6680105345918061,0.3384518766416509,-2.38763817314194
33.0,108.0,999.989990234375,-0.582928100081082,0.5942119018762586,4.052803795406067,-1.169446598566331,-0.2098585798559842,0.857543031995843,1.454531999051197,-0.6678097641127341,0.3380553163312143,-2.3879972424949725
33.0,108.0,999.9901123046876,-0.5821388286260953,0.5934418579242564,4.053161221542233,-1.1683033051570542,-0.210428342092575,0.8590392452919389,1.4536977012748755,-0.6678509152628482,0.3385878927147274,-2.387526372511452
33.0,108.0,999.9901733398438,-0.5828487609586084,0.5927871894983809,4.053117783665378,-1.167784007742121,-0.2100006348649588,0.8592932826770152,1.4525675095253678,-0.6679273934617109,0.3391235109610679,-2.38845838163411
33.0,108.0,999.9891967773438,-0.5825655303148656,0.5931298269692924,4.053641753930682,-1.1684978834019306,-0.2101658072276429,0.8594295500130924,1.454153422451796,-0.6681029726547587,0.3394550098581375,-2.387321301902221
33.0,108.0,999.9906005859376,-0.5824619575210699,0.5935089502301985,4.054399882413266,-1.167845263338133,-0.2105984312162689,0.8592935616787596,1.454174803973097,-0.6684138541068787,0.34012739690972,-2.386748277442222
33.0,108.0,999.9898071289062,-0.5825456887085183,0.5933816125475309,4.053056561051712,-1.1687890263735703,-0.2100042670644795,0.8584143070847619,1.4533971459871449,-0.6674059445216125,0.3387463198421079,-2.388067311384521
33.0,108.0,999.98974609375,-0.5827265340607397,0.5931772176782593,4.052748630808729,-1.1688784565437151,-0.2098636203718857,0.8589798405521352,1.45279016108808,-0.6679928906211465,0.3379086400341338,-2.3891371850060734
33.0,108.0,999.9901123046876,-0.5836692135081654,0.5959018830128793,4.052826363889009,-1.171675163117686,-0.2089729389013275,0.8551690901476139,1.455180173373634,-0.6673835678212372,0.3363438893444694,-2.3904734069002984
33.0,108.0,999.989990234375,-0.5823914496119098,0.5939475568854107,4.053441766484889,-1.1684786784431926,-0.2101951372086832,0.8583482574201575,1.453624420996798,-0.6678902591870965,0.339233790594541,-2.387275719045128
33.0,108.0,999.9892578125,-0.5826398648157918,0.5936547599961637,4.053093759020758,-1.1682890289425178,-0.2100670158764295,0.8590134972849341,1.4535062097410476,-0.6678754004862455,0.3390617909778024,-2.387967859462181
33.0,108.0,999.9898681640624,-0.5830085299792573,0.5937149106473596,4.053451657369601,-1.168747512251498,-0.2099876558843263,0.8581925520934117,1.453749982656901,-0.6679950632348781,0.339284414993263,-2.387640733704496
33.0,108.0,999.9898071289062,-0.5832670882211941,0.5940654856227523,4.05309503224564,-1.1690219049131318,-0.2093446830798955,0.8582984465259811,1.4528213493855269,-0.6680727138938334,0.3386663845067472,-2.388392101517835
33.0,108.0,999.99072265625,-0.5828008890442087,0.5935704016900125,4.05400761700202,-1.1686858671967952,-0.2097911854172789,0.8584832917187013,1.4528739355500155,-0.6680072960978221,0.3390191321047862,-2.3885557599383627
33.0,108.0,999.9898071289062,-0.5832645092787203,0.5937699163886423,4.053503106834171,-1.1687297071753893,-0.2097225608580641,0.8582728746792654,1.4532272239771258,-0.6682612350966881,0.3388895768785041,-2.388889384807244
33.0,108.0,999.9903564453124,-0.5827894291507976,0.5923733047387341,4.053452443104028,-1.16910666378023,-0.2099166198493831,0.8595078504986562,1.45439381708864,-0.668216920922732,0.3387776818075956,-2.388182343396783
33.0,108.0,999.98974609375,-0.5834770587794038,0.5946930384687139,4.053615824245211,-1.1698273997045223,-0.2091504251144291,0.8571539756854456,1.4528053478590015,-0.6679742361822445,0.338007445432833,-2.390478605762208
33.0,108.0,999.9915161132812,-0.5830309263822118,0.5930268913994494,4.053214668254768,-1.1699138347506532,-0.2092465074833045,0.8582877840087662,1.452616663149966,-0.6682223659200162,0.3367326274111635,-2.390695683008317
33.0,108.0,999.9899291992188,-0.5829191000584499,0.5935278761833747,4.053187924638275,-1.1681249097330348,-0.2098911158445933,0.8592538812579233,1.4529723558691234,-0.6681217651011266,0.3390541987505537,-2.3875338264429944
33.0,108.0,999.9889526367188,-0.5825392545144581,0.5930089472478492,4.053543220065141,-1.1673307166991247,-0.2102001577281518,0.8598096539300641,1.4527381991400397,-0.6686477645495028,0.339805702418384,-2.3868607636761303
33.0,108.0,999.989501953125,-0.5831721052969892,0.5936093403824474,4.053435488495902,-1.16858344640848,-0.2095588763076596,0.858686356009911,1.452572741048252,-0.6683672528017706,0.3383438438468902,-2.389367767768136
33.0,108.0,999.9910278320312,-0.583012933511454,0.5943511963347277,4.053155406474808,-1.1692785799986178,-0.2098019642364574,0.8580282420485901,1.4537549731016286,-0.667424711685138,0.3386492159367362,-2.3887585737296986
33.0,108.0,999.9910888671876,-0.5829050589513889,0.5939414390337117,4.053027580806113,-1.168099593908165,-0.2097887726435958,0.8578586571146314,1.4525058434282538,-0.667761189176205,0.3387661317053494,-2.388392911352967
33.0,108.0,999.98876953125,-0.5826162491487139,0.5929229960565694,4.053467433903224,-1.1687527500777586,-0.210182095724166,0.858908487328236,1.453967498049666,-0.6677713650878712,0.3387705037049482,-2.388365667163202
33.0,108.0,999.989990234375,-0.5824647833108143,0.5936015818262428,4.052820810342343,-1.167501511614148,-0.2101287859801006,0.8594726635825545,1.4535975228225704,-0.6680279959345201,0.3394805245531405,-2.3865008633613423
33.0,108.0,999.9906616210938,-0.5839680427920593,0.5943789215931252,4.053861806927904,-1.1708780853180842,-0.2094199993538081,0.8563152974126229,1.4546300148672875,-0.6675576248007493,0.3376836865356498,-2.389811078340858
33.0,108.0,999.99169921875,-0.5827377189794145,0.5929413237307033,4.053837797485999,-1.1673251572694934,-0.2099181207064955,0.8602309107536419,1.452041504402123,-0.6687623557494984,0.340038624621525,-2.386745720819677
33.0,108.0,999.9903564453124,-0.5834934973216166,0.5939463896092505,4.053112284830348,-1.1699207961037876,-0.2092667814965674,0.857289189345436,1.4529453276788793,-0.6679102565674562,0.3378592669171256,-2.389765983199231
33.0,108.0,999.989990234375,-0.5827252281665425,0.5936434180796892,4.052835089388346,-1.1686973103117009,-0.2098950451485519,0.8584196399468311,1.4527250393708826,-0.667880235710121,0.338432065028118,-2.3886611415784467
33.0,108.0,999.9916381835938,-0.5832306405949534,0.5941294124819718,4.053583454776348,-1.1689169260654937,-0.2095795547752157,0.8575334211630512,1.4531800831703068,-0.6673654634005324,0.3384715634588904,-2.3894601701028466
33.0,108.0,999.9887084960938,-0.5830249317744238,0.5943289622472117,4.053255448698138,-1.1686559969980226,-0.2099205173292064,0.8578039525247245,1.453515587178524,-0.6678040254656734,0.3386342486575087,-2.3884837115583624
33.0,108.0,999.9896240234376,-0.5833310554535522,0.5936800323148201,4.053070569748611,-1.169288805739281,-0.2095966010600625,0.857760883394187,1.4530811252477065,-0.6678104737422972,0.3375688876621554,-2.389765187253129
33.0,108.0,999.989990234375,-0.5828319491762448,0.5942892309556047,4.053286856768031,-1.1683405715444248,-0.2099912578550986,0.8578627774958738,1.4537437981582455,-0.6680324542850444,0.3384499727761723,-2.3880403671815005
33.0,108.0,999.9899291992188,-0.582287244880578,0.5926786451429011,4.05341348892215,-1.1673366167351444,-0.2101778842066268,0.8595711212101715,1.4525803051858936,-0.6681316159352289,0.3398552993111803,-2.387561014779923
33.0,108.0,999.99169921875,-0.5827362792305459,0.5942223458137423,4.0530791468631815,-1.1673719298132,-0.2097341506000773,0.858183560156446,1.4523471283607652,-0.6682746269863058,0.339414959726346,-2.388075602144118
33.0,108.0,999.9906616210938,-0.5832792664017017,0.5927805653974803,4.052321189596821,-1.1687478226315662,-0.2092763473073651,0.8591790780953357,1.451984587556404,-0.6679979088223824,0.3377859656961526,-2.3898591774049738
33.0,108.0,999.9899291992188,-0.5829387163437563,0.5934577559211345,4.052954033931474,-1.169289427710671,-0.2094659017509705,0.8588467371499018,1.453872411664408,-0.6679303387549993,0.3385175514573948,-2.38808777734876
33.0,108.0,999.9890747070312,-0.5826774948825522,0.5941466520863319,4.053231744019476,-1.1690690523493834,-0.2098196534408041,0.8584142019751848,1.4540545359420634,-0.6680668047102021,0.3380304071229556,-2.388600542065798
33.0,108.0,999.9911499023438,-0.5827121456255604,0.594525233428584,4.053406928911034,-1.1693259098099855,-0.2100289904584631,0.8578173514684737,1.4548109239749687,-0.6675515485937114,0.3386795705168772,-2.387222586946369
33.0,108.0,999.9898071289062,-0.5824311246039642,0.5937042146543456,4.052882548490372,-1.1688829886779328,-0.2101493813253823,0.8587530068052303,1.454570994517156,-0.6681256359108758,0.3381118478367684,-2.38749037600554
33.0,108.0,999.9901733398438,-0.5832948783183145,0.59490919839324,4.053515286473946,-1.1694426693999491,-0.2098795297275764,0.8567823163127013,1.4537616067680927,-0.6679325082524263,0.337842532639204,-2.389722316845566
33.0,108.0,999.989013671875,-0.5828445620023528,0.5940212603772661,4.053324339825924,-1.168858729621136,-0.2099267810505569,0.8581935308022404,1.4541345406985426,-0.6677476622750298,0.3388537868119101,-2.388309446779917
33.0,108.0,999.990234375,-0.5834479921230189,0.5950066329218773,4.052924674062293,-1.168976606068783,-0.2096747139513581,0.8567162726881561,1.452714500010936,-0.6676548785766272,0.3386618233073175,-2.388728532490243
33.0,108.0,999.990234375,-0.5828936952984645,0.5937071396678926,4.053489416355395,-1.1695441636336126,-0.2097341888654966,0.8577182711068918,1.4537434398256268,-0.6679212148567251,0.3389347725493872,-2.388678575312657
33.0,108.0,999.990966796875,-0.5827980949195837,0.5940077030398907,4.052792846022728,-1.1681185024728178,-0.2099736563943164,0.858752162735926,1.4543910279657035,-0.6678329896971196,0.3390858763485358,-2.3866107429715253
33.0,108.0,999.990234375,-0.5819071471777111,0.5929364680546456,4.053464456717975,-1.1665774470798027,-0.210892208565264,0.8599822581747869,1.4537243073688453,-0.6683527871670245,0.3403355925645579,-2.3853993456066727
33.0,108.0,999.9886474609376,-0.5831690547961159,0.5944812438293958,4.052654952380298,-1.1687059176731922,-0.2097990146593105,0.8575213795926295,1.453067116844066,-0.6681278908832304,0.3381884520888887,-2.388509066681484
33.0,108.0,999.9913940429688,-0.5834495750270232,0.5931185611003764,4.052464063555812,-1.169531613421615,-0.209367847289287,0.8583776218389279,1.4529505148992117,-0.6676604677435067,0.3378371309832442,-2.3891099262080155
33.0,108.0,999.989501953125,-0.5829052767711103,0.5944402027525753,4.053364099133345,-1.1689419203691331,-0.2099780116076282,0.8576684931723229,1.4535216155584765,-0.667860274678473,0.3387836901602128,-2.3885109782799447
33.0,108.0,999.9898071289062,-0.5827022267474238,0.5930284491796991,4.052865149660656,-1.1672938555610166,-0.2104057520551192,0.8596814255100638,1.452722585341391,-0.6684137187556347,0.3394966525036205,-2.3870249825924503
33.0,109.0,999.989990234375,-0.5827837704110506,0.5942713423055341,4.053282806842493,-1.168571231222182,-0.2099186229252083,0.85833070079254,1.453823449141458,-0.66791704987636,0.3386792753468288,-2.388825680056211
33.0,109.0,999.990478515625,-0.5832197249908901,0.5947071863123448,4.053574567615817,-1.1691644476533996,-0.2100083327932722,0.8577534918629706,1.45477507063349,-0.6676714758314093,0.3385681342664428,-2.3876802927514107
33.0,109.0,999.9891357421876,-0.5826634178263026,0.5941481911792215,4.053341271074119,-1.167885894107358,-0.2101879086152998,0.8580712833975372,1.4533133158981553,-0.6677007070038723,0.3393407277900326,-2.387696660564348
33.0,109.0,999.9899291992188,-0.5827056482661934,0.5936821809407782,4.053482895031683,-1.168145412921758,-0.2102870841289368,0.8584672287012474,1.453055261435246,-0.6682220998405128,0.3395298336160728,-2.38782518015709
33.0,109.0,999.9891967773438,-0.5825008322059464,0.5930043889374446,4.053673108965217,-1.1676351784320231,-0.2101310606932909,0.8596205747259251,1.4527536665177625,-0.6684905842303923,0.3393731391404664,-2.3878756278836284
33.0,109.0,999.9903564453124,-0.5826785327260744,0.592369270776838,4.052885576038525,-1.1680133970284077,-0.2098242330481712,0.8604358660187108,1.4531670089035664,-0.6686158133029592,0.3390166350140591,-2.387601415146367
33.0,109.0,999.989501953125,-0.5831491439682663,0.5938576892475611,4.053223930846244,-1.1690136389221006,-0.2097687029604191,0.8581383834334497,1.4533810912897147,-0.6681875611518908,0.3381349681542636,-2.3885997531245
33.0,109.0,999.9900512695312,-0.5828254696796291,0.594160199349794,4.053674079076959,-1.1682045859234569,-0.2102919487458763,0.8584443509359287,1.4538224272061289,-0.6679133781412574,0.3389758745603775,-2.3878058412638463
33.0,109.0,999.9906005859376,-0.5829042699830485,0.5939855447057116,4.052719369632358,-1.1689675483184447,-0.2096682545721568,0.8577927241478331,1.452776005300061,-0.6677506142875247,0.3382551661538038,-2.389612252389426
33.0,109.0,999.99072265625,-0.5831961741749216,0.5938082978071568,4.053038456175539,-1.1703940139397613,-0.2095310602067517,0.8574827468598265,1.4547279712103194,-0.667774374508026,0.3378199493173444,-2.388647494311943
33.0,109.0,999.989990234375,-0.5834077767317831,0.5943729229283479,4.053201357768701,-1.1694122585841615,-0.209736659332016,0.8574024934754556,1.454166402962386,-0.667743582699706,0.338366373018327,-2.3887929911772714
33.0,109.0,999.99072265625,-0.5823448283696795,0.5929026007030522,4.052612393781859,-1.1665227493213388,-0.2102555015501472,0.8603020795179361,1.452188344374444,-0.6682344453596842,0.3401070735974194,-2.386025326327496
33.0,109.0,999.9907836914062,-0.5829059914056902,0.5940699816973876,4.054585393583816,-1.1689789277757932,-0.2099139371483334,0.8579339481446677,1.4540320415232155,-0.6682617471224237,0.3394696945836077,-2.388372422972921
33.0,109.0,999.9889526367188,-0.5831610418906488,0.5941522677835245,4.05251477868471,-1.1687320572699451,-0.2098496935139024,0.8581308814026425,1.4534820459141375,-0.6679428090152522,0.3380484628306988,-2.3884564109772226
33.0,109.0,999.9896850585938,-0.583195486252011,0.594227776561171,4.053793906791013,-1.1696161942556291,-0.2096894498149382,0.8575098355073489,1.4541543219316535,-0.6676830537812464,0.3383036052949073,-2.389494632304472
33.0,109.0,999.990234375,-0.5829611666912955,0.5939429307149213,4.052799663873881,-1.167580848840695,-0.2100970884454254,0.8589271759498818,1.452381282455006,-0.6682418527518115,0.3389794356588451,-2.3873407532487074
33.0,109.0,999.9892578125,-0.5826748645336473,0.5939331737342091,4.0536754232238685,-1.168762382995748,-0.2101234370920783,0.8580166004342367,1.4538035247526349,-0.6679199900793984,0.3388572841321045,-2.3881325999505085
33.0,109.0,999.9890747070312,-0.5830606039967394,0.5933997130170425,4.053027546257807,-1.16981994903683,-0.2097445895775527,0.858175798424714,1.4542658524961007,-0.6678515904367668,0.337930085166934,-2.388977114336644
33.0,109.0,999.9895629882812,-0.5827968727312962,0.5934641213584015,4.053244628321158,-1.167952625331382,-0.2100464899471026,0.8586578341091382,1.4523508078152876,-0.6682076491064004,0.3391636674026719,-2.388725603238324
33.0,109.0,999.9905395507812,-0.582727673436171,0.5938248000561916,4.053849760049031,-1.1689640348542172,-0.2095284706735043,0.8584807000928096,1.453311324532958,-0.6685564416622016,0.3383177289324788,-2.388977133631061
33.0,109.0,999.9895629882812,-0.5830212707678992,0.5937614168830834,4.053569608823487,-1.1684693323198565,-0.210188704337968,0.8586407142148387,1.4534887169834845,-0.668199483465636,0.3388500640315044,-2.3882796508998823
33.0,109.0,999.9907836914062,-0.5831687437497779,0.5946840552036345,4.052892439380912,-1.1699727224291705,-0.2094368104165092,0.8573132543281456,1.4540011927106953,-0.667326601180048,0.3380591423031358,-2.3894595746029745
33.0,109.0,999.9896850585938,-0.5828500135675938,0.5939603613725737,4.053603390341758,-1.1691449976167716,-0.2098813200356577,0.8587104079320937,1.4550672177269943,-0.6678275351060252,0.3385804933766048,-2.388004323069973
33.0,109.0,999.9893798828124,-0.5834039848008468,0.5940481462006666,4.0529167742999554,-1.169452891467961,-0.2095760230689567,0.8579631309368709,1.453349273807313,-0.6680223242499741,0.3381510104118703,-2.3892522302718806
33.0,109.0,999.9896240234376,-0.5826205773710642,0.5930468405323239,4.053539919305676,-1.1690067640826256,-0.2100102053113524,0.8585151362686059,1.453125110080836,-0.6679178956821614,0.3384724157238059,-2.38900240703221
33.0,109.0,999.9888916015624,-0.5828864374520046,0.5941155399734646,4.052801290016605,-1.1692100339806628,-0.2097887164463587,0.8579108894059138,1.4540391215761943,-0.6675280419793053,0.3382661450172257,-2.388839195399491
33.0,109.0,999.9909057617188,-0.5825838393673273,0.5933357492086744,4.053588465440949,-1.1679120658666928,-0.2103222751959332,0.8587931051195756,1.4533036204286542,-0.6677460878193617,0.339382637280802,-2.3873102549599468
33.0,109.0,999.989013671875,-0.5831566294273989,0.594224391397983,4.052870666259851,-1.16854844712124,-0.2097788984586905,0.8580168824198466,1.4530801719639044,-0.6679829585612902,0.3385550414905447,-2.388199110553264
33.0,109.0,999.99072265625,-0.5829720080430176,0.5943449761101913,4.053138709610302,-1.1676723819371255,-0.210110127831637,0.8585433039046162,1.4530399582471087,-0.6679680685255374,0.3391480025738786,-2.387241476731892
33.0,109.0,999.9895629882812,-0.5828108429403924,0.5935703190287889,4.053547176304932,-1.1678034221614886,-0.2098996886433708,0.8588471218245832,1.452816531096146,-0.6682692726290371,0.3398424933454915,-2.3878139561935074
33.0,109.0,999.9896850585938,-0.5830694883250835,0.5943401433636222,4.054009105802205,-1.169877940788698,-0.209724482759853,0.8569967987247491,1.4535402495548189,-0.668111857336454,0.3380674714343135,-2.389675353622473
33.0,109.0,999.9901733398438,-0.583360998974757,0.5945753901004078,4.053291347414307,-1.1690988216781903,-0.2097414181326788,0.857749759627576,1.4539602396612974,-0.6674322454775821,0.3382992156286928,-2.388691764936784
33.0,109.0,999.9901123046876,-0.582952865397715,0.5931459625102518,4.053753369380978,-1.1682797530092817,-0.2099090518750141,0.8591630425681265,1.4530751892688878,-0.6684978313244319,0.339625626722249,-2.388067617321965
33.0,109.0,999.990478515625,-0.5834086676824493,0.59386435024257,4.053516782826232,-1.168975982447829,-0.2098167863263595,0.8579922289783433,1.4528251058841235,-0.6683276617604372,0.3385674892621981,-2.3895928709760472
33.0,109.0,999.9895629882812,-0.5830517841262814,0.5944094936207591,4.05342545680903,-1.1693636671838543,-0.2099471984055023,0.8578282844567928,1.4542398118150892,-0.6675756842016733,0.3385234005362623,-2.388808985922424
33.0,109.0,999.9903564453124,-0.5822879904214906,0.5928007626748624,4.054008839360581,-1.1670331505318594,-0.2105219508778244,0.8594451194460984,1.4528208734605492,-0.6684007592319832,0.3406243773126363,-2.386859477424013
33.0,109.0,999.989501953125,-0.5825250406767726,0.5935983446437243,4.053927194984217,-1.1685698540771745,-0.2101039238946835,0.8587456861688247,1.4539301757788277,-0.6683653799204201,0.3394541729015179,-2.387674523853028
33.0,109.0,999.9905395507812,-0.5826326281078131,0.5938969604002047,4.05418092455392,-1.168589114683893,-0.2100666063211411,0.857887905971074,1.4535245198065994,-0.6683908962142322,0.3392892640752434,-2.388030056839888
33.0,109.0,999.9901733398438,-0.582612392421618,0.5931822893936456,4.053532112954935,-1.1686523130021658,-0.2099243920942921,0.8584859289308859,1.4532519832416213,-0.6680931154191896,0.3393037942779466,-2.387746937288956
33.0,109.0,999.9898071289062,-0.5824368833469942,0.5929397413880242,4.053484666013436,-1.167550554314904,-0.2101781749636924,0.8593934820940632,1.452982494416922,-0.6681102307231415,0.3401127978296632,-2.387503147660815
33.0,109.0,999.9906616210938,-0.5821946142314722,0.5924372834505789,4.052339324901585,-1.167655762591071,-0.2104439743902588,0.8595649330036519,1.4527777104502402,-0.6676678838230341,0.3390906100376503,-2.387248962477522
33.0,109.0,999.99072265625,-0.5831253441657536,0.5940129398592733,4.052783765566897,-1.168393769903182,-0.2100476231492374,0.8587923889211915,1.453362326347679,-0.6679414481589205,0.3381725842452399,-2.388108875349579
33.0,109.0,999.9904174804688,-0.5828653290980927,0.5931822030032183,4.052849424481099,-1.1687238551730674,-0.2098722139078832,0.8583652294424882,1.4532924042162607,-0.6674199626027884,0.338645970996275,-2.388423134746792
33.0,109.0,999.98828125,-0.5828144311179955,0.5938756474573808,4.053205608169671,-1.1686823923808127,-0.209966852189452,0.8583722873783914,1.45389109476349,-0.668067399009395,0.3384384147606614,-2.388431178373571
33.0,109.0,999.9910888671876,-0.5826084143694708,0.5936737807941261,4.05442216926428,-1.1668219187411468,-0.210348619650583,0.8590368594590378,1.453031158409397,-0.6684599204210997,0.3408805665615251,-2.3872606923570667
33.0,109.0,999.9894409179688,-0.5829802942029465,0.5938811952752125,4.052681282025413,-1.168478730276092,-0.2099184696976515,0.8586476035185981,1.4538867104640971,-0.6679121677991713,0.3387713705719033,-2.387616995287699
33.0,109.0,999.9898681640624,-0.5828713669626131,0.5932026182454555,4.052786352155884,-1.1675500247923014,-0.2098332822171906,0.8597355840763141,1.452021312149129,-0.6684595253455985,0.3387563491995626,-2.388431805336941
33.0,109.0,999.9895629882812,-0.5831230343648848,0.5939137753018322,4.052485612023409,-1.1688057790828434,-0.2094783366165167,0.858067828579486,1.452559015082434,-0.6677337698105639,0.3383504839088065,-2.388744120952566
33.0,109.0,999.9891357421876,-0.5828405507627146,0.593738057327454,4.053429856166709,-1.168450266255097,-0.2100848644480439,0.8586286841465496,1.453801616046709,-0.6680368866134705,0.3395006302672865,-2.3872400317754257
33.0,109.0,999.9899291992188,-0.58295932175408,0.593761425235865,4.053339380163569,-1.1683009037233942,-0.2097856105046771,0.8584184721177559,1.4524470161168557,-0.668146899175663,0.3386352198556608,-2.389320658947842
33.0,110.0,999.9912109375,-0.5833737725967838,0.594999852261787,4.053613539802617,-1.1692310021839285,-0.2102118323783024,0.8570700030996194,1.4543703599420112,-0.6677435095774173,0.3387453686940711,-2.3879355153459207
33.0,110.0,999.9888916015624,-0.5832949211952574,0.5946582723497782,4.052919460875023,-1.1689495172338664,-0.2096820776063133,0.8572441193802476,1.4533042784722223,-0.6679438903517987,0.3378345334517219,-2.389141970742039
33.0,110.0,999.9893798828124,-0.5835168767052128,0.5944615925590613,4.053041823867631,-1.1704610100088335,-0.2093766221827744,0.8571604776931192,1.4544993228472691,-0.6676152006254306,0.3369786649570985,-2.3897569886728816
33.0,110.0,999.989501953125,-0.583465135495322,0.5940028764214045,4.053179571318676,-1.1695739998658632,-0.209279794391354,0.8578031833017095,1.4529098074474174,-0.6678888268217333,0.3376895948014198,-2.390308354073736
33.0,110.0,999.9900512695312,-0.5823875366918205,0.5928458951039541,4.053084027902395,-1.167755760680218,-0.2100209882131256,0.8595247386071279,1.452998429069563,-0.667990364512292,0.3398441621670933,-2.387432402929797
33.0,110.0,999.9888916015624,-0.5830751393974687,0.5933967911893543,4.053091284048891,-1.1688963951356102,-0.2097772098087054,0.8588703774759043,1.4536540501490238,-0.6682570269409371,0.3385832141959817,-2.3883586256195173
33.0,110.0,999.989013671875,-0.5833082636689522,0.5942104882597405,4.053420701909053,-1.170091838459232,-0.2096085542080494,0.8577944598530474,1.4548069416784717,-0.6678874574090461,0.3377822852647414,-2.388967551970444
33.0,110.0,999.989501953125,-0.5830062473089974,0.594275808583399,4.053085225517831,-1.1689132551725443,-0.20944991246275,0.8582500610923551,1.4536396569481536,-0.6680154146590755,0.3381404975908841,-2.388450927794268
33.0,110.0,999.9905395507812,-0.5826866657507468,0.5933666902138581,4.053979729691752,-1.1680781354935146,-0.2101939432946071,0.8585186069943083,1.4527078516008398,-0.668332593118623,0.3393859442680957,-2.388800745158524
33.0,110.0,999.9904174804688,-0.5822891988248227,0.5926975723060215,4.053490479924275,-1.167070202090691,-0.210127083770927,0.8597581337264151,1.4525015627547964,-0.6686671186144375,0.3396905021912637,-2.387177853580561
33.0,110.0,999.989990234375,-0.5828491300915273,0.593742167663792,4.0529972074597325,-1.1690413718165535,-0.2101128234932288,0.8579903210303197,1.4537838047040823,-0.667448730319463,0.3380882967196319,-2.389288444937501
33.0,110.0,999.9896850585938,-0.5828807651024963,0.5936897867069666,4.0533978903152885,-1.1683057589898538,-0.2101196225085235,0.8583470823324415,1.4535328596991717,-0.6678429663796583,0.3394125711333693,-2.38792428961792
33.0,110.0,999.9889526367188,-0.5827168649061489,0.5940215530980062,4.053309304354396,-1.1687035776281012,-0.2099363329183532,0.8581367717655635,1.4533417254612957,-0.6683048369171747,0.3382854499550189,-2.388568674521696
33.0,110.0,999.989990234375,-0.5827138672754932,0.5937441068019398,4.054352697905031,-1.16932104744702,-0.2100255612895054,0.8587340284156433,1.4549585215081624,-0.6680819174494737,0.3390788209405944,-2.387804460591574
33.0,110.0,999.98974609375,-0.5829306855413394,0.5941311458841732,4.053038217197585,-1.1687765535783754,-0.2098670971589165,0.8583879401349979,1.4532687168413947,-0.6679090037920412,0.3385503620416248,-2.388370759904015
33.0,110.0,999.9896850585938,-0.5832089089009926,0.5940383481352569,4.053412870988652,-1.1692494310867172,-0.2098909331952736,0.8579699564580636,1.453724840529813,-0.6679426583021737,0.3376071061676313,-2.3895851648844104
33.0,110.0,999.9894409179688,-0.582891711663172,0.5937981794950833,4.053049831775603,-1.1686045379036392,-0.2098903439884996,0.8585678589531494,1.453799647734631,-0.667795877400744,0.339092505768428,-2.3873001321574847
33.0,110.0,999.9891967773438,-0.582443417617803,0.5928430678324546,4.053824790204281,-1.1680092769009258,-0.2103310630649906,0.8598361923163278,1.4534615066715908,-0.668853274668705,0.3395177309135109,-2.387329711306493
33.0,110.0,999.9889526367188,-0.5830418479176158,0.5938980703184367,4.052990486345706,-1.1687031657683704,-0.209850119437041,0.8584879660894309,1.4531911915468785,-0.6680268221864898,0.3386981099983153,-2.38795757474604
33.0,110.0,999.9889526367188,-0.5834486065797737,0.5945638904095629,4.053730619012264,-1.1693818870623387,-0.2095289113319101,0.8571772821019028,1.453243785374207,-0.6679206754558695,0.3382259424266456,-2.389681454857256
33.0,110.0,999.9894409179688,-0.5832934684877591,0.5940786893597689,4.05281560048928,-1.168900523825391,-0.2097893998168896,0.8576965652685598,1.4532102707289851,-0.6677397169424673,0.3382760926407124,-2.388917197688541
33.0,110.0,999.9886474609376,-0.5832602202752257,0.5944704089097144,4.052867085197455,-1.1692114962327975,-0.2094890042501322,0.8578467808815677,1.4538647735241614,-0.6680400691666053,0.3377499848622634,-2.388797110325335
33.0,110.0,999.9896850585938,-0.5825920284383352,0.5936489972062988,4.0530253611448845,-1.1672827487814683,-0.2105390857309803,0.8589118967952025,1.4533137656993589,-0.6681465613174273,0.3399443012253336,-2.386602148771085
33.0,110.0,999.9887084960938,-0.5830946377020467,0.5941752329191736,4.05329319824231,-1.1691210609303146,-0.2097244343874527,0.857661685030565,1.453403733802907,-0.6678601225655729,0.3380905739272215,-2.38908678372126
33.0,110.0,999.9898681640624,-0.5828338096954075,0.5935991216139094,4.052648099734276,-1.1685675802939164,-0.2099379248622757,0.8590408977473265,1.4540517660707684,-0.6681770321715268,0.3383721716911765,-2.3873940965202367
33.0,110.0,999.9901733398438,-0.5826498140964027,0.594230142562509,4.053434359053419,-1.168033983508975,-0.210004697027121,0.8586579553564775,1.4533749623270378,-0.6680850064094548,0.3390861971800181,-2.387391302318008
33.0,110.0,999.9893798828124,-0.5830911268354848,0.5944569224664988,4.052800990027812,-1.169336600516406,-0.2099761858428523,0.8573815684511423,1.4541548869099683,-0.6675751657640987,0.3378793752452624,-2.388866871041425
33.0,110.0,999.9905395507812,-0.5828078399932677,0.5931497564868433,4.053263057804342,-1.1678294784266474,-0.2101908724044499,0.858720640405835,1.452118553219508,-0.6682961721973681,0.3390631203351031,-2.388596377167352
33.0,110.0,999.9893188476562,-0.5829172572135626,0.5937675906226971,4.053227848000464,-1.1689164489522708,-0.2099128297562984,0.8580594299510045,1.453409482754596,-0.6681074869875152,0.338024209346397,-2.388873589417833
33.0,110.0,999.9906005859376,-0.5829020343648015,0.593891995194423,4.053983146488218,-1.167835941646087,-0.2103238941002105,0.8584394462758205,1.4531486945394274,-0.6682702392719699,0.33993234444128,-2.3878504361201616
33.0,110.0,999.9888916015624,-0.5831365350595599,0.5942898892470705,4.052658182497858,-1.1691699661119088,-0.209715964713423,0.8577394028147713,1.4540407720089323,-0.6678373149505283,0.3380792169254052,-2.388353977651996
33.0,110.0,999.9896850585938,-0.5826586615459126,0.593689938608212,4.053046044307344,-1.16809800467031,-0.210307406117824,0.8588592983158261,1.4535626015784775,-0.6678164610547457,0.3392145644167588,-2.3881522435806595
33.0,110.0,999.989990234375,-0.582765549725524,0.5938138849902348,4.05390529306759,-1.1681120790693242,-0.2098460648193754,0.8583460670733452,1.4526353113923776,-0.6685169543808236,0.3395297369416319,-2.3881934008118004
33.0,110.0,999.9896850585938,-0.5832928030526006,0.5942858928052077,4.0538715983321225,-1.1692461140483452,-0.2094203616632501,0.8576728411831294,1.453141483882623,-0.6681736918612282,0.3385998671835812,-2.3894219853504617
33.0,110.0,999.9901123046876,-0.5826429141760903,0.5923502614142686,4.053248655550361,-1.168230498303421,-0.2099988612865875,0.8597446558142021,1.4526056742165316,-0.6683891204967463,0.3390080533090476,-2.3881746876398258
33.0,110.0,999.9893798828124,-0.5832614319667702,0.5948348830194918,4.053537608282902,-1.1693011053828255,-0.2096090706128386,0.8571585582492371,1.4533786710488172,-0.6681431735640189,0.3383521410293699,-2.389367332984398
33.0,110.0,999.9887084960938,-0.5829604711616962,0.5935041259176623,4.052823613721646,-1.1681956508281814,-0.2098964543063015,0.859141435056018,1.4533693211995846,-0.6678496125453819,0.3388551809688147,-2.3879046338819547
33.0,110.0,999.9891967773438,-0.583285760104582,0.5947749561496707,4.052806836256416,-1.1692187197727972,-0.2096813669364126,0.8572996594512983,1.4536153507828071,-0.6678651578345516,0.3378107528966829,-2.3895305824855795
33.0,110.0,999.9898681640624,-0.5831532660433316,0.594077501520399,4.053840840023241,-1.1695888378027424,-0.2097987999292412,0.8577534349280214,1.4546274457458166,-0.6681909346150254,0.3383116539952615,-2.389120975373208
33.0,110.0,999.9901733398438,-0.582815481639277,0.5940294469289249,4.05323684700137,-1.1679070383666217,-0.2100444873953124,0.8580539398538463,1.453143014908003,-0.6680406435427981,0.3391748862779273,-2.387662854065045
33.0,110.0,999.9893798828124,-0.5828995498703984,0.5938165132658693,4.053747813033832,-1.1691813913272235,-0.2095912487818889,0.8583668096040782,1.4538530622208086,-0.6681746278024328,0.338533887460021,-2.3887708456293586
33.0,110.0,999.9898681640624,-0.582919260774835,0.5947064172171093,4.05360540117638,-1.1681609589465447,-0.2100226830856923,0.8579929323124755,1.4536355790584905,-0.6680335200941263,0.3393895835379732,-2.387556894364897
33.0,110.0,999.9890747070312,-0.5828427805255245,0.593773760442442,4.053249078199489,-1.1685921372958878,-0.2098748489564803,0.8582387301788694,1.4531726242575953,-0.6680499768672608,0.3390708957855608,-2.388065219374294
33.0,110.0,999.9906616210938,-0.582610610349982,0.5930351077812901,4.052785767284096,-1.1676674944746028,-0.2098211703878103,0.8594589153721719,1.4530329068370609,-0.6683939251315563,0.3391252275450984,-2.38703277971518
33.0,110.0,999.98974609375,-0.583133671635399,0.5943542027804094,4.052576635475875,-1.169173057943007,-0.2096151149466614,0.8575351759443812,1.4534207861164274,-0.6678753779164435,0.3373635297239961,-2.389722901729603
33.0,110.0,999.9907836914062,-0.5824057795032891,0.5928410546171401,4.053970714697378,-1.1684982137588211,-0.2099590795783399,0.8597197169910284,1.4539315490806768,-0.6682406140913972,0.3397203389327039,-2.387266407252774
33.0,110.0,999.990478515625,-0.5823958824994593,0.5935450560037729,4.053106539732267,-1.166807329116935,-0.2104663019545407,0.8592209841588758,1.4526044870621,-0.6682365508684978,0.3403080086689591,-2.386551243645119
33.0,110.0,999.9898681640624,-0.5829224628617888,0.5940115142915969,4.053878006183693,-1.1691651953755715,-0.2095268567602728,0.8579389438655234,1.4535467126503914,-0.6680174727784669,0.3390150164912455,-2.3886827830363124
33.0,110.0,999.98974609375,-0.5834068376132278,0.5948478208984458,4.05248369872864,-1.1692142101069374,-0.209651817938071,0.8576482442253939,1.4546233916470186,-0.6676247624106288,0.3380341848486834,-2.388066799574056
33.0,110.0,999.9891967773438,-0.5832758447550921,0.5939584659422135,4.0530248251954895,-1.169036581950687,-0.2096550231435019,0.8577802214786567,1.4531465529731775,-0.6675376240640043,0.3382252093643236,-2.3893678954756554
33.0,111.0,999.9894409179688,-0.5829964954680653,0.5938490747718559,4.052589272940139,-1.1689289219496035,-0.2096758365296862,0.8585398599618177,1.4536922453464791,-0.6675878911159403,0.3384167785264385,-2.3878823792648807
33.0,111.0,999.9887084960938,-0.5827543031588682,0.5943299678637182,4.053113364505524,-1.1690428175259582,-0.2101606020114026,0.8574053164948792,1.453984186956384,-0.6676334388334269,0.3384533028034671,-2.388123185553118
33.0,111.0,999.9893798828124,-0.5826978680266341,0.5936605092852751,4.053260436432161,-1.1679803536321969,-0.2099963253913959,0.8586335743187368,1.452840343601208,-0.6681772075706993,0.3390623918901747,-2.387864119014475
33.0,111.0,999.9890747070312,-0.5827836446970878,0.5937176562714344,4.053207005778956,-1.1687859052315537,-0.2099748155599101,0.8580914339330175,1.4536831327322908,-0.6677657213573429,0.3384660431922661,-2.388443553672335
33.0,111.0,999.9898681640624,-0.5826745017074382,0.5933191452745721,4.05254633707623,-1.167674526019672,-0.2100728903985986,0.8592886358210263,1.4530332080497337,-0.6680269150326277,0.339631613567569,-2.386938368369252
33.0,111.0,999.98876953125,-0.5832250119018667,0.5940883245143178,4.052599251714943,-1.169217017873549,-0.2096226555339404,0.8579404900584464,1.453614652781824,-0.6676400289040743,0.3381056767480377,-2.388940039676103
33.0,111.0,999.9895629882812,-0.5830893355702811,0.5941654557936431,4.0534853333529455,-1.1691770457043265,-0.2098891926426009,0.8581701258508856,1.4543029386789037,-0.6680018280725415,0.3388600828701342,-2.388039409751861
33.0,111.0,999.989990234375,-0.5828262207477408,0.5940126425197576,4.053182224174661,-1.168674367656484,-0.2101950991293062,0.8581049110127559,1.4539233346757472,-0.6679427126750044,0.3390943422738601,-2.387160229484308
33.0,111.0,999.9886474609376,-0.5831397074205249,0.5939123838609497,4.05305626020005,-1.169239741027388,-0.2096115391464712,0.8580303373678833,1.4532406119463372,-0.6680680124849872,0.3380756549691828,-2.388896914862209
33.0,111.0,999.9891967773438,-0.5827521306460408,0.5933264803079785,4.05313628652349,-1.1686991693862487,-0.2099617635552304,0.8587886073127438,1.4537269412063836,-0.6676778161004249,0.3387566977741674,-2.388150526779412
33.0,111.0,999.9901733398438,-0.5835149771334072,0.5952846886697936,4.052940108349226,-1.1696927591148345,-0.2093052091006626,0.8568156958302602,1.4540047265192566,-0.6677294732420993,0.3381572161818971,-2.388645071776595
33.0,111.0,999.989501953125,-0.5830984159843524,0.593769887366502,4.053382340979788,-1.1692989750361829,-0.2098490550066873,0.8579279011796892,1.4542625492714247,-0.6677394220096025,0.3386453655098664,-2.3887718721765867
33.0,111.0,999.9891357421876,-0.5834055106525184,0.5942817547027568,4.052735944020393,-1.1694649475380627,-0.2094672321917379,0.8578103382309124,1.4535450427950325,-0.6677413669357914,0.337608188016719,-2.389154312188018
33.0,111.0,999.989990234375,-0.5836351352475688,0.5949132358005809,4.052863076742577,-1.1698401868465238,-0.2092645835850879,0.8573527801246383,1.4534951153010596,-0.6678614453826173,0.3373811140031897,-2.3894350763822967
33.0,111.0,999.9890747070312,-0.5829336590066401,0.5936402693716563,4.053466034705178,-1.168272331359042,-0.209765248109484,0.8584316310987825,1.4526670703591291,-0.6680519923762365,0.339541877032083,-2.3882145589323582
33.0,111.0,999.9893798828124,-0.5832581474365979,0.5944976612789654,4.052515294679468,-1.1697258375098336,-0.209495270306034,0.8573525110053151,1.4540260614362983,-0.6676103995856133,0.3376819952719634,-2.3891024412189736
33.0,111.0,999.9894409179688,-0.5834803969402742,0.5939221724351498,4.053428836551408,-1.169080320244435,-0.2095516754587398,0.8582411888012507,1.4532210023978411,-0.6682879041908425,0.3378692666104887,-2.389504292484673
33.0,111.0,999.9901123046876,-0.5828343969057777,0.5936806036697098,4.053721272765099,-1.1683078986393145,-0.2099354082921563,0.8589186785516123,1.453145254746801,-0.6681246762106223,0.3388834843180257,-2.3884192113999845
33.0,111.0,999.9893798828124,-0.5829067014549469,0.5937282914983104,4.05200430970091,-1.1684979126342787,-0.2099490420319893,0.8586314163147,1.4538233645533625,-0.6676094965935313,0.3381219183043864,-2.387936396999866
33.0,111.0,999.990234375,-0.5834735131111959,0.5941042077655965,4.05273301423623,-1.1692890855322045,-0.2094215902607645,0.8579046760122466,1.453240764356548,-0.6680812900484883,0.337937250178749,-2.388898043054392
33.0,111.0,999.9886474609376,-0.5829863884000037,0.5944057593371408,4.052736327150436,-1.1690881369721362,-0.2099169409343098,0.857665496098865,1.4542482594758566,-0.6675703896213685,0.3379325155511772,-2.38834317367586
33.0,111.0,999.98974609375,-0.5837495497184815,0.5948055496988296,4.052738575912887,-1.169796343173195,-0.2092456582751412,0.8569044786836733,1.4532064188125575,-0.6678787565840665,0.3377514619211812,-2.3895992331703786
33.0,111.0,999.9894409179688,-0.5830422883640276,0.593654259551406,4.053388292126911,-1.1687901282210689,-0.2099109480869039,0.8579759570352969,1.4532322661850046,-0.6679491027928561,0.3386722134544726,-2.3890138354563835
33.0,111.0,999.990234375,-0.5837109372211602,0.5951569330986528,4.053701170643993,-1.1698799429912563,-0.2094157024491547,0.8568050209609313,1.4542382435209351,-0.6678760408574052,0.3375473477861979,-2.3898580163750047
33.0,111.0,999.989990234375,-0.5830485712489111,0.5941336415057545,4.053715723389011,-1.168650820100563,-0.2097975054525749,0.8587054452262866,1.4539362738518156,-0.6682152006683939,0.3385442040984827,-2.38879564587452
33.0,111.0,999.9899291992188,-0.5833529919689155,0.5940153179165542,4.053534587848951,-1.170185133275897,-0.2095559204622992,0.8578240122535563,1.4547787945746924,-0.6677725168607047,0.3377254292413614,-2.3890235003945244
33.0,111.0,999.9899291992188,-0.5828191256996256,0.5941288158386246,4.053525447946512,-1.1688614156018833,-0.2097055270884844,0.8582459448160238,1.4532712023687715,-0.6683447913271747,0.3387904766095371,-2.388054131857041
33.0,111.0,999.9896240234376,-0.5833281890789106,0.5935028370702797,4.052321317612185,-1.1695657159055624,-0.2092063655551328,0.8582813272035503,1.45301952353514,-0.6679162614169734,0.3372466089273152,-2.38943079847371
33.0,111.0,999.9905395507812,-0.5832491801837163,0.5944711468200179,4.053473807499557,-1.169405907279884,-0.2096853913689935,0.8584312299545083,1.4545276347363476,-0.6684310511817113,0.3382425931527768,-2.3880849945223064
33.0,111.0,999.9904174804688,-0.5829880222779664,0.5939578029495465,4.053649221282889,-1.168968111590364,-0.2097761446563737,0.8580463968646992,1.4542671366464432,-0.6682931637338072,0.3383710727429045,-2.3884684562825083
33.0,111.0,999.989501953125,-0.5830746529169542,0.5942630774304103,4.053217354806812,-1.168572357444924,-0.2095755123193319,0.8581781106453557,1.4534012779258774,-0.668274809384183,0.3386971409635837,-2.3883221249105024
33.0,111.0,999.9902954101562,-0.5831847283677751,0.5941534037253726,4.052736706097065,-1.1687216349709626,-0.209443353085164,0.8581646576018755,1.4529213036646187,-0.6680035461709926,0.3377779332769464,-2.388598191452751
33.0,111.0,999.9891967773438,-0.5833752396641891,0.5937087918088082,4.052969023010245,-1.1693539365657153,-0.2095856421874291,0.8580861632049857,1.453403683393785,-0.6679774283678395,0.3378902909485513,-2.389237565327054
33.0,111.0,999.9895629882812,-0.5828784912569143,0.5939822752471899,4.0527973023904735,-1.1686971495752712,-0.2098110982041818,0.8578634546204071,1.4532076070573885,-0.6676107537906111,0.3382318014244951,-2.3888434571731376
33.0,111.0,999.9888916015624,-0.5831203823169782,0.5942289473650515,4.052869508577748,-1.1692837980078696,-0.2094670853786038,0.857716770202237,1.4534904361109602,-0.667809679182346,0.3375891138430997,-2.3894375646760886
33.0,111.0,999.9893188476562,-0.5827303690434356,0.5934442281986492,4.053668899750671,-1.169139136618674,-0.2097581904015069,0.858659465344199,1.4537334910549804,-0.6678506445058101,0.3385718639328159,-2.3888161261784897
33.0,111.0,999.9893188476562,-0.5832901631955449,0.593899770288199,4.053271056043656,-1.1694393598119208,-0.2094943226685348,0.8579243032213402,1.45349274866068,-0.668028861633224,0.3381885219230156,-2.3892560875903666
33.0,111.0,999.98779296875,-0.5825929191354966,0.593323843062965,4.053512918292503,-1.1680456601814622,-0.2101702440867408,0.8590224125017798,1.4536564707568562,-0.6679877462523507,0.3398848496444051,-2.387293870114516
33.0,111.0,999.9888916015624,-0.5826950804438837,0.593659105820751,4.053549376137044,-1.1680283690619535,-0.2100066447664224,0.8589585963848725,1.4535922862433015,-0.6679190495271845,0.3397030929023419,-2.387409418751514
33.0,111.0,999.989501953125,-0.5827789469974292,0.593849014082954,4.0532650443006375,-1.1686546629263177,-0.2098381912916362,0.8582893784548968,1.4531383408582554,-0.6681517701671931,0.3389989349132598,-2.3881020670118702
33.0,111.0,999.9884643554688,-0.5828059581788283,0.594066856263888,4.0531565036903885,-1.1686282439109892,-0.2100205708593803,0.8581170602666184,1.453695176367377,-0.668100473384575,0.3386577373873258,-2.3882446158640924
33.0,111.0,999.9891357421876,-0.5824648421083856,0.593099755684956,4.05317695161494,-1.1676031486500422,-0.210074256018359,0.8597277036670068,1.4529893762633508,-0.6684250564835166,0.3397928102327068,-2.387080979056533
33.0,111.0,999.9891357421876,-0.5828490351413445,0.5930391048922896,4.053040271417105,-1.1680368028885328,-0.2099867135645681,0.8595285270190178,1.453422537892255,-0.6682630084205705,0.339072959073297,-2.3877898814691707
33.0,111.0,999.990234375,-0.5838451186094451,0.5948969398284154,4.053405874370856,-1.1700087544135296,-0.2092629747412209,0.8570415808021483,1.4539983221422323,-0.6678484750478821,0.3373056835262256,-2.3899242760003627
33.0,111.0,999.9903564453124,-0.5836734226838614,0.594493187683037,4.052381751238009,-1.1694847508950277,-0.2095021150858009,0.8573027847057011,1.453680179216872,-0.6674058066309376,0.3376051565416693,-2.388918271312342
33.0,111.0,999.9909057617188,-0.5838260134926889,0.5946077140037866,4.053554800019695,-1.17025057796722,-0.2091008181013025,0.8572183561981062,1.4537185306385858,-0.6678651933353956,0.337511799056557,-2.389800415825646
33.0,111.0,999.9893188476562,-0.5836239123658737,0.5941542961350343,4.053274585931172,-1.1699764092875222,-0.2092485187143031,0.8575816454071656,1.4534690574431863,-0.6680520515592319,0.337114238741484,-2.390646859040701
33.0,111.0,999.9888916015624,-0.5828567971265226,0.5940055421731785,4.053543502236835,-1.1682561727961236,-0.2098865561395611,0.8584837383003379,1.4527366978969294,-0.6683471315288703,0.3392460961317756,-2.387872526580096
33.0,111.0,999.988525390625,-0.583072721359728,0.5939008668308148,4.052888762005994,-1.168685701727946,-0.2098063566828347,0.8583034883006588,1.453463826891258,-0.6680455112205212,0.3379257165572022,-2.3888673643545406
33.0,111.0,999.989501953125,-0.5828445085198748,0.5937993818518361,4.053224400516806,-1.1685443186918452,-0.2101458277799714,0.8587303682761958,1.454068587421505,-0.6679237387802841,0.3389798579026841,-2.387434873224449
33.0,112.0,999.9886474609376,-0.5827800012476256,0.5939339967626669,4.053195317881396,-1.1686429173501294,-0.209946336628767,0.8585065436873593,1.4535563449605835,-0.6678764693020431,0.3389326572110889,-2.3881667737463523
33.0,112.0,999.9887084960938,-0.5831590756242058,0.594059464637974,4.052860410586225,-1.169237408779254,-0.2094409756057125,0.8578603518825627,1.4531982923125089,-0.668013045006564,0.3374875985912942,-2.3893977300581786
33.0,112.0,999.9893798828124,-0.5833366721318258,0.5939818603248161,4.052978626215857,-1.1692464413501718,-0.209544142707748,0.8579577377847993,1.4535690126269216,-0.6679819680676644,0.338093372241822,-2.389195928691666
33.0,112.0,999.9893188476562,-0.5831765524345469,0.5940411255291256,4.052947532679859,-1.1694817016254468,-0.2094965677226712,0.8575010859104806,1.4527770668441995,-0.6680507865405811,0.3376746027163966,-2.3894051705172137
33.0,112.0,999.9893188476562,-0.5830690600462116,0.5943865290208175,4.053351482071941,-1.1692905647147125,-0.2097818211989235,0.8577275796242372,1.4538044175896214,-0.6679128395627156,0.3385455500023235,-2.388832935694309
33.0,112.0,999.9888305664062,-0.5831668665664855,0.5934937982240216,4.053489138451251,-1.1688897951562711,-0.209643934793668,0.8586206475905334,1.4530491256478424,-0.6683606356846816,0.338371133524773,-2.38909007930352
33.0,112.0,999.9893188476562,-0.583069766911767,0.594680526696707,4.05330634850762,-1.1695595013515274,-0.2096909940712601,0.8573793403888459,1.453899615195203,-0.6677817721388388,0.3381177161203244,-2.389325634513378
33.0,112.0,999.9893188476562,-0.5827828310734828,0.5939913385716782,4.053312160181788,-1.168346720604129,-0.2098603144469111,0.8582326508330098,1.45269488909502,-0.6682685802124029,0.3388327803320843,-2.388512153943449
33.0,112.0,999.9892578125,-0.5822640459663102,0.5931139041109681,4.053799290484875,-1.1668526635737746,-0.2103452314587848,0.8595777250719072,1.4525225464912204,-0.6684053335475957,0.3404041656512033,-2.3868356827653865
33.0,112.0,999.989501953125,-0.5829620368284427,0.5935493513025571,4.05279871891404,-1.1688273545525512,-0.2098902249660454,0.8584406116997236,1.4534236057311407,-0.667920026894282,0.3384739541164805,-2.38804139015385
33.0,112.0,999.9899291992188,-0.5832227254124405,0.5946770013260778,4.053936348286296,-1.1691871083792886,-0.2098234164832062,0.8574115831241791,1.4535663982402005,-0.6682537066271275,0.3386173710522797,-2.3887773089938307
33.0,112.0,999.988525390625,-0.5827481170627573,0.5935089656516119,4.052667003106405,-1.1681207326870586,-0.2101631619451307,0.8588553676452859,1.4535370822682836,-0.6678060420256413,0.3389118230444499,-2.3874682776067377
33.0,112.0,999.9896850585938,-0.583018260139748,0.593432597401117,4.053594339836836,-1.1690740704561111,-0.209772736947448,0.8581923711857886,1.4531533447607128,-0.6680358716351762,0.3387906743733113,-2.3886084262413987
33.0,112.0,999.9888305664062,-0.5830803801007471,0.5939496791675882,4.052814545727809,-1.168327059597056,-0.2097748902932883,0.8583322336631998,1.4528270382358237,-0.6680683366851596,0.3388476665161741,-2.388308913179074
33.0,112.0,999.988525390625,-0.5830142995077168,0.5936299086548411,4.052749937209265,-1.168624061719262,-0.2098024574153258,0.8585503199113393,1.4530554274236849,-0.6681417971138552,0.3385533609362721,-2.388421083163492
33.0,112.0,999.9884033203124,-0.5830090046574892,0.593910786829742,4.053511567799333,-1.1688395796399966,-0.2099637873845807,0.8582243522404713,1.4534733020908686,-0.6681148080512633,0.3382848242028293,-2.388717107656918
33.0,112.0,999.989501953125,-0.5828031906728892,0.5933027005279543,4.0533472743131576,-1.1685140617708898,-0.2098726909674075,0.858755286147364,1.4536440783827589,-0.6677811968446186,0.3394789175169546,-2.3877023293920536
33.0,112.0,999.9879760742188,-0.5827296540254743,0.5934064919246982,4.052908870439593,-1.1684783499274287,-0.209956539973338,0.8587896178497747,1.4529954878646736,-0.667942428056624,0.3385045054236784,-2.3884708099132066
33.0,112.0,999.9896240234376,-0.5832752612773575,0.5940771674281278,4.053236316894372,-1.1692843680638925,-0.2096090517131559,0.8577574608907881,1.4528922944043767,-0.6677189433040835,0.3382789732429625,-2.389243976276052
33.0,112.0,999.9902954101562,-0.5830739515747361,0.5945889237104698,4.052689674427212,-1.1686754751844504,-0.209633404619038,0.8574207052718315,1.453227447882731,-0.6677765225746111,0.3382646518102783,-2.3881326031215178
33.0,112.0,999.9887084960938,-0.582573939161418,0.5935804220862986,4.053154272759418,-1.1682033853266285,-0.2102063684256148,0.8586863826898536,1.453877573549054,-0.668052171995499,0.3390608925064455,-2.387710089209361
33.0,112.0,999.9883422851562,-0.5825297737602204,0.5929130818074402,4.053389400266321,-1.16832351613388,-0.2100399879015047,0.8593348578012723,1.4535004327530734,-0.6680437122429224,0.339139735018751,-2.388077299945155
33.0,112.0,999.9891357421876,-0.5831757072184827,0.5937494279498567,4.053035791882888,-1.1693256354132036,-0.2095474348414692,0.858069278763943,1.4533185406676674,-0.668057544168124,0.3380558726087113,-2.3888862838102645
33.0,112.0,999.9890747070312,-0.5825537618286516,0.5935807770509225,4.052828954881012,-1.1686403652210582,-0.2102710584788889,0.8587449990642835,1.4543912286121667,-0.6678176335679655,0.3385955683830532,-2.387880471031245
33.0,112.0,999.9894409179688,-0.5829306445194131,0.5941707173577928,4.053705866814392,-1.1690243134915002,-0.2098707515922031,0.8578633881772371,1.453646360721871,-0.6678204146870463,0.3389592331034166,-2.3885195630474056
33.0,112.0,999.9881591796876,-0.5826847193768412,0.5935893754482322,4.053019360617599,-1.1684488689880324,-0.2101578037883609,0.8588379681876637,1.453808618506816,-0.6681104759618526,0.3386615248655182,-2.387762009254995
33.0,112.0,999.9896240234376,-0.5831215105583363,0.5942264660200074,4.0530122439226535,-1.1688203774792898,-0.2097054546270547,0.8578033330625541,1.4535526308882707,-0.6679735093093084,0.3383865563538091,-2.3886070887239703
33.0,112.0,999.9890747070312,-0.582646512955451,0.5938465736014944,4.0531405870276025,-1.1682416056239715,-0.2101338968872745,0.8584056895201817,1.4532915172129286,-0.6678334430590658,0.3394384689523964,-2.387568714143496
33.0,112.0,999.98974609375,-0.5827296067260601,0.5941042937820962,4.05309567565517,-1.1679832072327367,-0.2101625465984611,0.8581859907473426,1.4534578780643417,-0.6678186604552652,0.339283651218234,-2.387567541370958
33.0,112.0,999.9896240234376,-0.5836562468157744,0.5941168378418986,4.052949323268727,-1.1697009910546905,-0.2092560433006438,0.857898291817035,1.4528425231565318,-0.668400981758265,0.3372997718799873,-2.3901391078768786
33.0,112.0,999.9893798828124,-0.5830103315409216,0.5940710468301056,4.053214439606549,-1.168628545017634,-0.2098030777267725,0.8581807728031086,1.453596088683554,-0.6682816591743705,0.3384474316395476,-2.3885338130872564
33.0,112.0,999.9896850585938,-0.5827161813421027,0.5937746609708636,4.052961358158228,-1.1685253196341163,-0.2101156474734056,0.858286956192547,1.4532121387612316,-0.6681929552973926,0.3387256468364192,-2.388055780004837
33.0,112.0,999.988525390625,-0.582724694292577,0.5936087761127329,4.0534052179126085,-1.1687181767881305,-0.2099899253214845,0.8583598067699789,1.45357973662051,-0.6681049462392732,0.3389677366900612,-2.3883432352046152
33.0,112.0,999.9892578125,-0.5827919082909201,0.5937387009690713,4.0531898394497965,-1.168216003019717,-0.2099497685631002,0.85834135429333,1.4532162865931442,-0.6680702430875041,0.339057952422074,-2.387946885879557
33.0,112.0,999.9888916015624,-0.58268144873339,0.5932932032498286,4.052835777401828,-1.1680363280350257,-0.2100253566618164,0.8591479204950225,1.4531183440288276,-0.667698651467,0.3389237911274412,-2.388054341354511
33.0,112.0,999.9898681640624,-0.5829226055193297,0.5940142551786778,4.053938528263734,-1.168848983978923,-0.2098976935237688,0.8582155362702526,1.4539041007908224,-0.668222213499531,0.3390168511320732,-2.3882073324403
33.0,112.0,999.988037109375,-0.5830293779600204,0.5936408430570346,4.053137973506779,-1.16839538473839,-0.2097452466253138,0.8588592087822295,1.453045789579008,-0.6680928075146504,0.3388732005642421,-2.3883448794029065
33.0,112.0,999.9896240234376,-0.5827512365341185,0.5940762471068535,4.052672309774861,-1.16838311113868,-0.2100227332264452,0.8582007402545289,1.4538029269997832,-0.667756712966888,0.3388399353427314,-2.3874897316719537
33.0,112.0,999.98876953125,-0.5831842068507527,0.5942483657112074,4.052709420290576,-1.1693301848338835,-0.2097986936425684,0.8580578463748356,1.4539238289775422,-0.6678247865766842,0.3376218675183207,-2.3888762279929763
33.0,112.0,999.98974609375,-0.5826311589227968,0.5935451132944394,4.052793516687931,-1.1678384522666558,-0.210120352383611,0.8587942545640814,1.4534019730983525,-0.6680162231584887,0.3393354278892859,-2.387115868230084
33.0,112.0,999.9893798828124,-0.5832697962247853,0.5940126012617908,4.052354647339708,-1.168839294799307,-0.2094610311499041,0.8583937811499087,1.4533044946309903,-0.6678251565450202,0.3378576183104531,-2.3888281751879346
33.0,112.0,999.9881591796876,-0.5829457006477305,0.5942085800433201,4.052951652031185,-1.1687229947522093,-0.2099710027881238,0.8579237869700505,1.453683620971754,-0.6679393268938885,0.338418849811033,-2.388107895527301
33.0,112.0,999.9895629882812,-0.5823265529667587,0.59347461263242,4.053983822399893,-1.1679024398055775,-0.210378801318587,0.8587155541388691,1.453618909833657,-0.6681575560748394,0.3400191235097169,-2.387195326144364
33.0,112.0,999.9891357421876,-0.583614399619167,0.5944485146299971,4.052707792538026,-1.1698251037690677,-0.2095360091846423,0.8572720965710978,1.4538805213369388,-0.6676918269542114,0.3372415798477322,-2.3893414631088983
33.0,112.0,999.9891967773438,-0.5831040358500958,0.5946576963451609,4.052695161537304,-1.169057774739982,-0.2097969485758035,0.8573826067920889,1.453424533041506,-0.6674554630989418,0.3383270233129885,-2.3885996424263456
33.0,112.0,999.989501953125,-0.5833718967302737,0.5940938353217433,4.052628342387541,-1.1695504489657802,-0.2094918198462956,0.8578916089625626,1.4532776065025246,-0.6676097799945895,0.3377116167466942,-2.3890644852300333
33.0,112.0,999.9907836914062,-0.583450600893384,0.5940711045762512,4.052279103229969,-1.1694606266154683,-0.2092466744936896,0.8578059248038823,1.4534135632888816,-0.6675521743982564,0.337741894532952,-2.3889315404511264
33.0,112.0,999.989013671875,-0.582958862703352,0.5939010514993983,4.052813908284668,-1.1687732031299984,-0.2097877647475945,0.8583658103145444,1.4538384112785394,-0.6679698076322707,0.3382230571081805,-2.3882469265434336
33.0,112.0,999.9891357421876,-0.5830705575364412,0.5938426486284962,4.052720184769626,-1.1686423547253817,-0.209671473613608,0.8587520255914356,1.453488306699402,-0.6681223930139595,0.3385081609815152,-2.3880908588833427
33.0,112.0,999.9892578125,-0.5829101756270196,0.5940827266443529,4.053499089425324,-1.16902452054372,-0.2096925721346911,0.8584686078449071,1.45374110111356,-0.6681692987262808,0.3386719116122938,-2.3884203156371058
33.0,113.0,999.988525390625,-0.5827734215518898,0.5934498689672472,4.0531689370261255,-1.1686458232611263,-0.210000110796714,0.8584471297994583,1.4530429970517478,-0.6680879060339766,0.3383197635048738,-2.3888294304902
33.0,113.0,999.9885864257812,-0.5830444287558949,0.593704080727151,4.053099523124672,-1.169220632168027,-0.2097172176341626,0.8582380936600025,1.45389857566264,-0.667936387426372,0.3380757374388929,-2.3890472091607133
33.0,113.0,999.9887084960938,-0.5827777034731749,0.5935763054718528,4.053410144067476,-1.1679443561901293,-0.210126590278846,0.8589589648622828,1.453464652641995,-0.6681443492000767,0.3397251187568697,-2.387440402858831
33.0,113.0,999.9878540039062,-0.5827213512709433,0.5937542854645574,4.053334881976575,-1.168834469602034,-0.2100932482012352,0.8583554494252352,1.4541507143393826,-0.6679298538648224,0.3389071832410373,-2.3878324593407023
33.0,113.0,999.9889526367188,-0.583282718610235,0.5938690348286819,4.052892825893064,-1.1687056427558695,-0.2098477685455666,0.8582690393629306,1.4533062618981107,-0.6681360804721255,0.338028036608784,-2.3888495951522986
33.0,113.0,999.989013671875,-0.5823994704333861,0.5932642651477043,4.053025338933093,-1.1679069225268195,-0.2103514513718405,0.8592875578272547,1.453990515385185,-0.6677908101479337,0.3396493038145687,-2.386818475831212
33.0,113.0,999.9891357421876,-0.5823848692410589,0.5931489707537434,4.053319014599337,-1.1677977504105956,-0.2103426615760311,0.859507381528001,1.453291475245587,-0.6680224629179063,0.3393004895943674,-2.387267463256219
33.0,113.0,999.9888305664062,-0.5827661020765467,0.5937040998982717,4.053190853420542,-1.1682825228908331,-0.2101249965381493,0.8589074085419979,1.4535031562746834,-0.6680989212337609,0.3390177616141088,-2.387640084901306
33.0,113.0,999.9883422851562,-0.5825714268437752,0.5932586142699634,4.05344182600728,-1.168613567286326,-0.2099898024024185,0.859129552285328,1.4539346607755448,-0.6681367447557109,0.3388885618274955,-2.3880881993381613
33.0,113.0,999.989013671875,-0.5824083200178221,0.5930142562152652,4.053750473084604,-1.1678792249259624,-0.2102344343235982,0.8592916054541639,1.4530203462808045,-0.6684337446229174,0.3393413959239986,-2.3878537213488453
33.0,113.0,999.9892578125,-0.5827152257392587,0.5937659324284619,4.052260966749959,-1.168690122191664,-0.2099220720118193,0.8584630221952576,1.453775519735851,-0.6674714964094051,0.3380617837904545,-2.388204061440913
33.0,113.0,999.9892578125,-0.5827358324787868,0.5934204045127736,4.053223604362845,-1.1682826991064317,-0.2100679751589362,0.8588999990870168,1.453424424166693,-0.6677428612505221,0.3391000380808098,-2.3879417469434587
33.0,113.0,999.98876953125,-0.5827623888354809,0.5936367357537584,4.052897839091159,-1.1681791712437222,-0.210049023126098,0.8587954832507592,1.453833098703237,-0.6678383739094294,0.3390038863082534,-2.387407355315017
33.0,113.0,999.98828125,-0.5833094472997491,0.5943942559697017,4.052888952727843,-1.1691775293106144,-0.2094657936436679,0.8577585409336308,1.4534537501108913,-0.6676992626124596,0.3382842897626892,-2.3890125611656963
33.0,113.0,999.9886474609376,-0.5828749098020278,0.5942868287314287,4.053442121926647,-1.1687369676414343,-0.2098288840126798,0.8581914553573986,1.453720384511115,-0.6678374931366573,0.3388810338456522,-2.388013711393284
33.0,113.0,999.98828125,-0.5827978344129772,0.593761175692765,4.05359223693697,-1.1687992992030205,-0.2099024808867025,0.8583836296107865,1.453528943936984,-0.6680870810951269,0.3386298241378904,-2.3886084755904124
33.0,113.0,999.9876098632812,-0.5830894002028195,0.5937363545400531,4.052792770212481,-1.1691118292217468,-0.2097440521012874,0.8583931322730374,1.453640319123454,-0.667903447707638,0.3377857615415367,-2.388996338850475
33.0,113.0,999.9891357421876,-0.5827181854286163,0.5935645697741307,4.052852988554177,-1.168178151394362,-0.210005152318554,0.8588038014654362,1.4532986028554695,-0.66789939547761,0.339185783682149,-2.387811486141673
33.0,113.0,999.9887084960938,-0.5825903391060363,0.5935297259391366,4.052907684473224,-1.1681194996929376,-0.2103390325751126,0.8588291030292705,1.4539418852836803,-0.6675914097757731,0.3391018733032442,-2.3873270999093386
33.0,113.0,999.9880981445312,-0.5827076216846878,0.5937922322005837,4.053331975296381,-1.1689814585404,-0.2100402740470865,0.8581820779958749,1.453857437272859,-0.6679207351432757,0.3383805066827747,-2.388613063433757
33.0,113.0,999.9877319335938,-0.58255051366105,0.5933156498014149,4.053216614969713,-1.168218581429938,-0.2102119173207315,0.8591064808716649,1.4536500269961747,-0.6681435660341615,0.3391019824053307,-2.3874965941111275
33.0,113.0,999.9884033203124,-0.5826456934885123,0.5936219681697308,4.053006947358975,-1.1687382948571965,-0.2097850138964778,0.8588787864429293,1.4534539280998304,-0.668158249095157,0.3381864444766087,-2.3884927242807645
33.0,113.0,999.9894409179688,-0.5833869486419818,0.5941351119100116,4.05334907761284,-1.1691068226541654,-0.2096152290159239,0.8579467705329282,1.4534299670385202,-0.6681722584907588,0.3382788413175683,-2.3888602321927284
33.0,113.0,999.9890747070312,-0.5828961053983326,0.5935719611247965,4.052747647418537,-1.1685485187879268,-0.2096559504500588,0.8589339092344179,1.452950935023147,-0.6682006435394232,0.3384650471663697,-2.388114083376402
33.0,113.0,999.98828125,-0.583041783755955,0.5940443760074441,4.052954079128787,-1.1691258647992564,-0.2097769715865531,0.8579101398232485,1.4534006374660438,-0.668094658060177,0.337770648430272,-2.389185586113665
33.0,113.0,999.9891967773438,-0.5826246375460045,0.5932303702486816,4.053217069627079,-1.167978920853574,-0.2100979438563639,0.8592560063699306,1.4528693473144916,-0.6681655085328675,0.3393134127663568,-2.387863066744711
33.0,113.0,999.9894409179688,-0.5828400537324283,0.5931237573431405,4.053097979868332,-1.1682557901153583,-0.2098754639012323,0.8589744000974262,1.45319669849762,-0.667975370799911,0.3391657655578033,-2.388249991939456
33.0,113.0,999.989990234375,-0.5821399863106187,0.5928973970098248,4.053928685156992,-1.167268732009043,-0.2106788007491076,0.8593308306140024,1.453111848429252,-0.6681430644562631,0.3405756023635202,-2.38671415071582
33.0,113.0,999.9901733398438,-0.5824664874516969,0.593203127040292,4.053392807387624,-1.167412603321783,-0.2101574013747029,0.8597090224590413,1.452896449379332,-0.668144347183957,0.3405581987404984,-2.3866222164085684
33.0,113.0,999.98876953125,-0.582444899805882,0.5932542715694025,4.052762134757522,-1.168115202557744,-0.2101472612488635,0.8591581092548743,1.453509293803469,-0.6679146168588552,0.3389152090190128,-2.387517163824965
33.0,113.0,999.990234375,-0.5828657862839481,0.5932991889999553,4.053222749997406,-1.1681261357908888,-0.2100833880310553,0.8590587451759424,1.453468296364079,-0.6684165729300959,0.3390694960935487,-2.387423292459164
33.0,113.0,999.9898071289062,-0.5831452192207118,0.5939514943251414,4.053512973349768,-1.1691720982449114,-0.2097820755901729,0.8579899643985325,1.4535110732883316,-0.6683169634317796,0.338338850175079,-2.389180076345345
33.0,113.0,999.9894409179688,-0.5824634527758121,0.5933997974796936,4.053388106564782,-1.167939319744038,-0.2102909579631786,0.8594746626156571,1.454042317410913,-0.6681205118908,0.3396688865550414,-2.387020118464416
33.0,113.0,999.9887084960938,-0.5828134611097795,0.5939068796321587,4.05271755350851,-1.1684409864045957,-0.2099636106134621,0.8584356690503716,1.4533305989975958,-0.6678838515357635,0.3386976935435299,-2.3879208723222245
33.0,113.0,999.9892578125,-0.5823869115542193,0.593446847142963,4.053252769106031,-1.1684820769500788,-0.2103072342475318,0.8590909367871422,1.4543546806188976,-0.6680300507177597,0.3388821857040724,-2.38769497243511
33.0,113.0,999.9880981445312,-0.5828838096777336,0.5935915211059237,4.053132029482587,-1.1685612073478624,-0.2097817326959417,0.8586849032499968,1.4530282334665392,-0.6680451878569302,0.3386892857768044,-2.388314769792834
33.0,113.0,999.98876953125,-0.5831467553296088,0.5941459779962024,4.052894263707556,-1.1696480186986342,-0.2094483527161097,0.8575518855858046,1.4530806534721965,-0.6680917700821061,0.3373253301572134,-2.389797181489146
33.0,113.0,999.9881591796876,-0.5829016842155248,0.5937005281159813,4.053240498153897,-1.168665842961654,-0.2097135143949726,0.8584280975695391,1.45297501172511,-0.6680905145436515,0.3385018412612171,-2.388846630080282
33.0,113.0,999.9894409179688,-0.582904377337691,0.5937717966196443,4.053020191668571,-1.1681596833038248,-0.2100608551029497,0.8587092149618218,1.4537111077551828,-0.6681067174893744,0.338867513791059,-2.387436578436056
33.0,113.0,999.9879760742188,-0.5828584802060464,0.593976045095312,4.053368381761956,-1.16922048822813,-0.2099305264156514,0.8580839176157404,1.4541521180502883,-0.66787833231301,0.3383887815567235,-2.388650236750525
33.0,113.0,999.9896240234376,-0.5825652302673303,0.5928116031433941,4.052987570685612,-1.1676347571012018,-0.2100643307028562,0.859700157788664,1.4527737070761066,-0.6681884198076462,0.3396206468746481,-2.387641690914722
33.0,113.0,999.9886474609376,-0.582793181249337,0.5941051133147273,4.052910454909805,-1.169089391812023,-0.2098698415572384,0.8579409356151118,1.4542718348353167,-0.6677838701925864,0.3381792611351306,-2.388090267682384
33.0,113.0,999.9887084960938,-0.5829586156243982,0.5937585042956162,4.053050467709355,-1.168402182724945,-0.2099295496823998,0.8588894460028893,1.453384160337933,-0.6680264983385795,0.3389192992781895,-2.387967149363477
33.0,113.0,999.9896240234376,-0.5834026085758461,0.5939976023018412,4.05329743980548,-1.1688578262206368,-0.2092671816678057,0.8584996305063406,1.4524949059238192,-0.6683620076513721,0.3381542180715087,-2.389724788174141
33.0,113.0,999.989501953125,-0.5835316255383916,0.5941207173128671,4.052600768377262,-1.1696077599473045,-0.2092192374610402,0.8576771107955716,1.4527486197774806,-0.6678913123483348,0.3372311031077482,-2.3901374691709294
33.0,113.0,999.98876953125,-0.5829966125982526,0.5938628065550358,4.052676006102265,-1.1686004102501495,-0.2098359174489914,0.8585497069893204,1.453282846779132,-0.6677884214648779,0.3383888210223249,-2.388542501626953
33.0,113.0,999.9888916015624,-0.5829418953804941,0.5937211739094206,4.053722041912906,-1.169042640446304,-0.2098257337251672,0.8584444062896139,1.4538254803623794,-0.6679203760381789,0.3390126183194306,-2.3884562369565683
33.0,113.0,999.9900512695312,-0.5827958896440757,0.5937983058302088,4.052448002636252,-1.1684700305453193,-0.2099722570774966,0.8584653359826042,1.453259370187098,-0.6677323679902987,0.3388427413094499,-2.387674184057844
33.0,113.0,999.9884033203124,-0.5827094432140054,0.5934053196553837,4.053136279287479,-1.168182102626912,-0.2098825104810924,0.8591050664990547,1.4530233106646486,-0.6680037363599789,0.3386833546764656,-2.3884535825427684
33.0,113.0,999.9893188476562,-0.5829232057816522,0.5939636124115957,4.052964804863565,-1.1683106409092805,-0.2100968209787783,0.8581893787992456,1.453487207817644,-0.6678338396342696,0.3386457918434926,-2.3885435224777627
33.0,114.0,999.9888916015624,-0.5829183077179954,0.5934966390019669,4.053341853468954,-1.1685783380365828,-0.2097427724302045,0.8586306517808948,1.4529573039884849,-0.668051221533676,0.3386916782554037,-2.3889703041437658
33.0,114.0,999.98876953125,-0.5826823982449412,0.5934379170662964,4.053180909590395,-1.1681359564903144,-0.2100639687321601,0.8587214558380118,1.4529714197900878,-0.6681519008681978,0.3393468814154756,-2.3877643841841416
33.0,114.0,999.9900512695312,-0.5824789520738776,0.5936165313201149,4.053155285076542,-1.1681440733543045,-0.2103008052119284,0.859172044325307,1.453842697496933,-0.6679341717024787,0.3392385468607202,-2.3872598479005287
33.0,114.0,999.988525390625,-0.5828615741520391,0.5936692241465664,4.053197459067981,-1.169316589516916,-0.2098129793026508,0.8583424621962141,1.4543258240409704,-0.6676670716111284,0.3384398917925599,-2.3885448890493093
33.0,114.0,999.9893188476562,-0.582421879635481,0.5936611334420192,4.053089504828519,-1.1683823015182586,-0.2102367019501958,0.8584731559571779,1.4535763538284705,-0.6679632660953914,0.3387893713856593,-2.387593016889635
33.0,114.0,999.9893798828124,-0.5828404664743321,0.5934908179053036,4.053519564144111,-1.1684251620427193,-0.2098811512444696,0.8586878373061326,1.4526690104864448,-0.6682589484667067,0.3392723136789257,-2.388187958911936
33.0,114.0,999.98876953125,-0.5827121497833181,0.5935041190034465,4.052786463190149,-1.1682567462074078,-0.2100427057924276,0.8585282822872049,1.452920887384269,-0.6679464279133231,0.338453496806828,-2.388722029029764
33.0,114.0,999.989501953125,-0.5832406906910848,0.5940432357121885,4.053018505586902,-1.169578062476528,-0.2094751598310775,0.8579331957587835,1.453842889432277,-0.6679500107259955,0.3380248755912207,-2.3889249689938925
33.0,114.0,999.989501953125,-0.5822536853534519,0.5926613919018955,4.053280132047215,-1.1676786085069653,-0.210410930612797,0.8597907911729807,1.4535091492014862,-0.6678478116163991,0.3397564114826625,-2.386941850523105
33.0,114.0,999.9880981445312,-0.5828568550756534,0.5933415635865922,4.052905268868447,-1.1689872054560606,-0.2098092917772174,0.858952826519098,1.4537728110779842,-0.6679617181028688,0.3380961678003382,-2.388576223156347
33.0,114.0,999.9895629882812,-0.5829840331090539,0.5941305703804609,4.0531141537835165,-1.1688185184619106,-0.2097874174868126,0.8580452395296101,1.45387099839541,-0.6678268297438086,0.3384390055106347,-2.388294754564362
33.0,114.0,999.989501953125,-0.5829277820891292,0.5936486644918757,4.052715565409264,-1.1689021912771214,-0.2100733618855441,0.8581929117365146,1.4544061295235604,-0.6673434615149203,0.3386263611904514,-2.38788165783691
33.0,114.0,999.9894409179688,-0.582658881606867,0.5939986724144823,4.053012195262509,-1.168601553822643,-0.2103581769575697,0.8581573344914641,1.4545526069022232,-0.6675199725020944,0.3387452672561055,-2.3878872304332983
33.0,114.0,999.9884643554688,-0.5826739548402946,0.5935888339625119,4.053103037275932,-1.1684618089527676,-0.210223033683194,0.8587682278062871,1.4538397390442972,-0.6678759483602805,0.3387374621321637,-2.3879120386885875
33.0,114.0,999.989501953125,-0.5829505186095654,0.5931849837359877,4.053118206614878,-1.1684058089087923,-0.2096450250672132,0.8592061117764347,1.4528215963449649,-0.668114274830768,0.3388908942522945,-2.3882599004416143
33.0,114.0,999.9895629882812,-0.5835224500212846,0.5944826935822594,4.052666172076513,-1.1698771292430743,-0.2093340264685697,0.8573158290148051,1.4540770164164982,-0.6675379540449189,0.3375456256113569,-2.3894597139887392
33.0,114.0,999.9879760742188,-0.5827861371024845,0.5941131055447766,4.053215538866461,-1.1690755541107571,-0.2099428781113967,0.8578893374217733,1.4538290032420962,-0.6678497503834961,0.3382051011190761,-2.388606145134445
33.0,114.0,999.9888305664062,-0.5829363215959784,0.5941846321237056,4.053592003962098,-1.169343820306232,-0.2096888132642362,0.8578686458887788,1.4540031180977628,-0.6680786759407091,0.3384090450331261,-2.3888834655219924
33.0,114.0,999.9889526367188,-0.5829315139620626,0.5941736160078861,4.053014494408052,-1.1682707303439854,-0.2101005145045373,0.8585012234588607,1.4537499832920808,-0.6680463879639307,0.3390131299548393,-2.387286713990811
33.0,114.0,999.989013671875,-0.5828589184128861,0.5932634209087446,4.053347593139257,-1.168637667984215,-0.2101647187724111,0.8588945365726115,1.4537998593048045,-0.6680617842076444,0.3387727086010237,-2.387949704730632
33.0,114.0,999.98828125,-0.5825958864577157,0.5935138150785226,4.053692052474148,-1.168741018242522,-0.2100501412875131,0.8586959840322965,1.453938977863004,-0.6681767607405202,0.3389503646275384,-2.388276031725805
33.0,114.0,999.9891357421876,-0.5827357558955768,0.5933900296503634,4.052769078877063,-1.1678025671472154,-0.2099742343682846,0.8592957676542987,1.4530287675447218,-0.668208662208368,0.339171590581202,-2.387379464010293
33.0,114.0,999.9888305664062,-0.5830583983862461,0.5940555338033535,4.053260325289896,-1.1691400578897957,-0.2095381525669895,0.8581224867064776,1.4535008281617952,-0.6683178055259482,0.3381480680369773,-2.3886544828134024
33.0,114.0,999.9891357421876,-0.5832088849837138,0.5944750522138982,4.052512057223298,-1.169066771027618,-0.2096337271980566,0.8577303553092168,1.453293941289843,-0.6676231227290819,0.3378279259699956,-2.3888448282610346
33.0,114.0,999.9887084960938,-0.5828292269100492,0.5934550316097837,4.053227390341039,-1.1683734053341643,-0.2097914362149975,0.8590456598416054,1.453200770871172,-0.6680609519385659,0.3386188344781899,-2.388602779191128
33.0,114.0,999.9891357421876,-0.5828729914663828,0.5940419418639795,4.052919869427994,-1.168833769058538,-0.2101168071624171,0.8578982916157223,1.453700216452484,-0.6678898133162576,0.3382060194095873,-2.388442983984796
33.0,114.0,999.9884643554688,-0.5826723242519849,0.5934624846242045,4.05314134270094,-1.1684858134862992,-0.2102148964206316,0.8587088178702036,1.4537783483266722,-0.6680209210956018,0.3390206300629259,-2.3877187836528986
33.0,114.0,999.9885864257812,-0.5825571079876335,0.5930026200026965,4.053228567519152,-1.1680506954491907,-0.2101437374767609,0.8596168825143415,1.4531259117338635,-0.668425016556526,0.3391045720533512,-2.3876068431337933
33.0,114.0,999.9883422851562,-0.5826647969199774,0.5930476602097956,4.053570381289621,-1.1682620389411635,-0.2101062492653129,0.8594080977482061,1.4533222060627438,-0.6685208431095315,0.3389570274038949,-2.388024246833322
33.0,114.0,999.9884033203124,-0.5832346245271367,0.5940553150404835,4.0527532628376,-1.1689361447714737,-0.2097825102265922,0.8581769427539481,1.453797820008602,-0.6677491877341772,0.3378567305635327,-2.388835219232428
33.0,114.0,999.9889526367188,-0.5830025046632494,0.5941261992453324,4.053001573422092,-1.16918416825255,-0.2096680678371445,0.8580374809920439,1.453393294190879,-0.6682442076959081,0.337922925248014,-2.388952737313173
33.0,114.0,999.9884033203124,-0.5831831121321409,0.5942222984166543,4.052686917021781,-1.1694955438752208,-0.2096992589142772,0.8576758302153547,1.4539948694149023,-0.6675291197395827,0.3373284953472257,-2.3894683071189915
33.0,114.0,999.9888305664062,-0.5830191435150986,0.5944931245837415,4.052953226742433,-1.169505868048324,-0.2096291382451065,0.8579135342221349,1.454224376787696,-0.6677577601666158,0.3379049198357329,-2.388597749944646
33.0,114.0,999.988525390625,-0.5830648357381882,0.593880726036601,4.052888739287944,-1.169506537880168,-0.2094667612319138,0.858350291611,1.4537477860687256,-0.6680523964233274,0.3376397355500575,-2.3889993252353574
33.0,114.0,999.9884643554688,-0.5829938245956132,0.5941089886429642,4.052636390394053,-1.1696213315610802,-0.209495344483912,0.8578409165965422,1.4536328806397787,-0.6678539893071802,0.3372549466179864,-2.3893548639940554
33.0,114.0,999.989501953125,-0.582452588112953,0.5932892712263236,4.053862266760493,-1.168918398064991,-0.2101977300866062,0.8587899528856768,1.4541895196624708,-0.6681546986307438,0.3387434029191212,-2.3882949502223423
33.0,114.0,999.9884643554688,-0.5829261431635002,0.5937935372613126,4.0530089176005735,-1.1682853205978043,-0.2099051746684797,0.8585414286484427,1.4532242476955712,-0.6679518528246318,0.3390434150952073,-2.388038123928559
33.0,114.0,999.9887084960938,-0.5828380507066369,0.5933884454433578,4.053053754559521,-1.168790005027054,-0.2098764709269387,0.8585268298380422,1.4528890381335335,-0.6681154112543046,0.3384531404516764,-2.3887311016461306
33.0,114.0,999.989013671875,-0.5829020689051436,0.5935592332034156,4.053271096011009,-1.1689015452330596,-0.2097928369452431,0.8583504448474368,1.4533484089175897,-0.6677539727066479,0.3388827654507942,-2.3884498962385283
33.0,114.0,999.9892578125,-0.5831823635349558,0.5941114178808347,4.052770059658084,-1.1696461791113937,-0.2093953018309822,0.8577478044601143,1.4538496430026395,-0.6677921918933887,0.337343930880718,-2.3897736138113834
33.0,114.0,999.9884033203124,-0.5827002643293362,0.5933922254687012,4.0533159817023,-1.168837386851473,-0.2098895884387248,0.8587075069713812,1.453849020078617,-0.6679749399442168,0.3389304496715093,-2.38794741956258
33.0,114.0,999.9884643554688,-0.5827086811860003,0.5932876698819998,4.052926764346136,-1.168820423062462,-0.2098456036003817,0.8590777085890098,1.454038399411659,-0.6678725169680426,0.3383864833535313,-2.388374782758742
33.0,114.0,999.9884643554688,-0.5828329599437163,0.5940753065580617,4.052546779721094,-1.1683336797525494,-0.2100230045620374,0.8585440680313274,1.4538703007640024,-0.6676506192146769,0.3385141672378609,-2.387643498530117
33.0,114.0,999.98876953125,-0.5832632896513203,0.594441041350203,4.052816875478749,-1.1689955138505654,-0.2096080507878603,0.8577517346188834,1.4534836237706037,-0.6679131915776031,0.3380287301590794,-2.388891263724253
33.0,114.0,999.9886474609376,-0.5827775759292662,0.5940083730525121,4.053416672413748,-1.168757702310315,-0.2100766604624384,0.8583045821391284,1.4544216853898997,-0.6678467557085197,0.3390346793810241,-2.38743974040323
33.0,114.0,999.989013671875,-0.5824951153526063,0.5933839846957021,4.052923238345297,-1.168572859513462,-0.2101808830661564,0.8589592787292961,1.4536669490173637,-0.6677425394562517,0.3387915631253886,-2.387865143207541
33.0,114.0,999.9880981445312,-0.5830157725352425,0.5936346215822139,4.053324330192179,-1.1689172378899952,-0.2096487295878715,0.8585766471189515,1.4532685111324328,-0.6683372359876714,0.3382936880850851,-2.388998490231315
33.0,114.0,999.9877319335938,-0.5827454533386618,0.5939451608080919,4.05306962081427,-1.1691803935442069,-0.2099376301699766,0.8581450375970263,1.454003524052487,-0.6676809764060208,0.3382213511674337,-2.3884807923034352
33.0,114.0,999.9889526367188,-0.5828702344307004,0.5936858014049085,4.052814432556643,-1.168601817123207,-0.2100379499392008,0.8587063628722387,1.4538052868421136,-0.6677146182271976,0.3381887743267349,-2.3885616024580463
33.0,114.0,999.9896850585938,-0.5828890182483315,0.5937934485362337,4.053390146250713,-1.1689878041208344,-0.2098297215388473,0.8581377532347805,1.4541028881577267,-0.6677657320910377,0.3392227398765444,-2.38817407853467
33.0,115.0,999.9894409179688,-0.5826124209148329,0.5927750872947826,4.053289652921402,-1.168014700705013,-0.2101199828199256,0.8599006439085075,1.453443850224332,-0.668414291563737,0.339542172171912,-2.3873130659939674
33.0,115.0,999.9894409179688,-0.583296498970693,0.594604007711399,4.053041606280058,-1.1695077302589452,-0.2097813000854431,0.8572824921652238,1.4542142551586863,-0.6674914019851865,0.338243237901934,-2.388651474333805
33.0,115.0,999.98779296875,-0.5827867966811695,0.5935515529305802,4.053010651938587,-1.1686392228310931,-0.2099664604151678,0.8586455630604037,1.4534102160099849,-0.6678304300319997,0.338279142588429,-2.3887693532122274
33.0,115.0,999.9885864257812,-0.5826699596388947,0.5932282381411742,4.052966387500026,-1.1689041136266818,-0.2098505064376903,0.8591752710407476,1.4537266599711316,-0.6680031998042661,0.3380204151309698,-2.388651813808018
33.0,115.0,999.9892578125,-0.582843215695724,0.5934269452610135,4.052515066526553,-1.1688395622491838,-0.2097789451920197,0.859101502612134,1.453952572094762,-0.6679331576620484,0.3378363815542613,-2.3882852177879377
33.0,115.0,999.9885864257812,-0.5825122211016662,0.5932988781591018,4.053190434437111,-1.1682291755336465,-0.2100444926434193,0.8591541176160433,1.4536666767361233,-0.6679325107489271,0.3389937995165715,-2.387726725615456
33.0,115.0,999.9892578125,-0.583265153295315,0.593851826390976,4.052057769492027,-1.1691888173655105,-0.2094079760192535,0.8586731254839419,1.4537221531400526,-0.6677936972327441,0.3371304329914606,-2.3890298251729307
33.0,115.0,999.9888305664062,-0.5831222172296515,0.5939891718069283,4.05253398263417,-1.1688627219434355,-0.2096915772311289,0.8584870767865782,1.4536712041010702,-0.6679208273300254,0.3376924971768593,-2.3885363898473093
33.0,115.0,999.988525390625,-0.5828246738125351,0.593757833797179,4.05300240375375,-1.1684536454000851,-0.2100716753892193,0.8584877972518177,1.453594976641151,-0.6677741958929593,0.3386184122138056,-2.388464235784144
33.0,115.0,999.9895629882812,-0.5825113679995635,0.5930835883499359,4.052802212101245,-1.1685239297695271,-0.209962153189319,0.8593474574215252,1.453951416913041,-0.6679159965833295,0.3383334082573999,-2.387958869133966
33.0,115.0,999.9892578125,-0.58329243867089,0.5934997654965626,4.052561960224523,-1.1692528377819835,-0.2093837956646931,0.8587133358467991,1.4531204775749886,-0.6682833460480104,0.3373756588742314,-2.38936904613182
33.0,115.0,999.9879150390624,-0.582776449828903,0.5937071014862161,4.053158110571218,-1.1687671880952073,-0.2100429764277027,0.8585128351745563,1.4536797460256192,-0.6680972693401834,0.3383172162700347,-2.3883039839128366
33.0,115.0,999.9881591796876,-0.5826585832185236,0.5930922883800154,4.053367976982347,-1.1684284629043895,-0.210064259603639,0.8591243183297426,1.4535188081130936,-0.6680886572210119,0.3388283720330074,-2.388243373783489
33.0,115.0,999.988525390625,-0.5827131421703937,0.5935821418563281,4.053420608779177,-1.1684060366127795,-0.2100381554811727,0.858673359281303,1.4538417608675678,-0.6680784014949577,0.3394473704513645,-2.387369816953094
33.0,115.0,999.9891357421876,-0.5832219554270379,0.5942525301759369,4.053379188394956,-1.169945990255386,-0.2095381624834411,0.8577488953444465,1.4542927504755108,-0.6680001395346284,0.3374309582048509,-2.3896311052993853
33.0,115.0,999.9884033203124,-0.582663099976898,0.5938221285602685,4.0533778560076765,-1.1686375331087049,-0.2099394529430078,0.8585563188199057,1.4538387993547577,-0.6679192884931453,0.3386851577735408,-2.388085161912884
33.0,115.0,999.9885864257812,-0.5829361586241237,0.5936240848000409,4.052925575205958,-1.1690560634008214,-0.209628915680863,0.8586791622888743,1.453356536248199,-0.6680829867039515,0.3376375028032186,-2.3891201220505387
33.0,115.0,999.988037109375,-0.5826553548581952,0.5935192146732318,4.052935588901821,-1.1690329896783074,-0.2099265576580347,0.8585481934087369,1.4538446993832397,-0.6677682399021219,0.3383997346091352,-2.388271307519953
33.0,115.0,999.9891357421876,-0.5828809249242637,0.5935254236138396,4.052782539505753,-1.1688341813268814,-0.209780165945264,0.8586051140916808,1.4537875903990916,-0.6678313681655403,0.3379277541715169,-2.388407530944261
33.0,115.0,999.9880981445312,-0.5830217052545672,0.5941551676720014,4.05327001570638,-1.1693932133912908,-0.2096141932862503,0.8579383407230132,1.4537959780758367,-0.6680028594740239,0.3380153447406018,-2.388807835844477
33.0,115.0,999.9883422851562,-0.5831106205075267,0.5937454453469879,4.05314837232031,-1.169371321552373,-0.2096940771439452,0.8582413122336243,1.4534684489267455,-0.6681401373100364,0.3376514318936792,-2.389287130165702
33.0,115.0,999.9889526367188,-0.582841987581098,0.5934989666837733,4.053631663909114,-1.168830410000854,-0.209810515684178,0.8586394935111121,1.4536673830861782,-0.6682109148675694,0.3386029258267573,-2.3887285133170666
33.0,115.0,999.9889526367188,-0.5826739867546653,0.5935338785428215,4.053764346849782,-1.168547299569915,-0.2099246270514783,0.8587558442938867,1.4534588110358708,-0.6683080952882516,0.3390085288809263,-2.3884172463932933
33.0,115.0,999.9879760742188,-0.5830628656864052,0.5939896878492066,4.052635692405733,-1.1694767838297038,-0.209787900840884,0.8579923119288688,1.4539407128793815,-0.6677927994982893,0.3371362351554268,-2.389207087302238
33.0,115.0,999.989013671875,-0.5832902573277945,0.5944787021252118,4.053025973959352,-1.1697225332244865,-0.2095261967868502,0.8572202861088121,1.4535097132247463,-0.6678039487518852,0.3375263043964471,-2.389358272906093
33.0,115.0,999.9888305664062,-0.582946699595241,0.5941417144405889,4.05329976188375,-1.1686805601536072,-0.2099849567949379,0.8580860712384242,1.4535677149626096,-0.6680193868319924,0.3388522609159139,-2.3881138828883723
33.0,115.0,999.98876953125,-0.5829944869531802,0.5939330914229188,4.052522183528913,-1.169042170627841,-0.2096839580865168,0.8585259130422305,1.4538535381316358,-0.6677029935960483,0.3379720411980607,-2.388056906360733
33.0,115.0,999.988037109375,-0.582835780375806,0.5940657303562737,4.05283747269362,-1.1688969659985466,-0.2099556403849023,0.8583407855576217,1.454098139652702,-0.6676948767305859,0.3380349360751991,-2.3883164949674867
33.0,115.0,999.989013671875,-0.5824390848743128,0.5932344475097313,4.052860429712714,-1.168810541813527,-0.2101624712679592,0.859134082837917,1.4541685713892054,-0.6679420630630863,0.3381983694824022,-2.388157724041275
33.0,115.0,999.9884643554688,-0.5828048659603242,0.5935328862093359,4.052920923671868,-1.168421529101754,-0.2098134876349169,0.858836359895653,1.4533347393821527,-0.6682418847531268,0.3383556117557802,-2.3883456684651034
33.0,115.0,999.9885864257812,-0.5830424718517442,0.5941530395035999,4.053286866694068,-1.169386940237989,-0.2098195993828788,0.8579794088381743,1.4540742538928475,-0.667967147952254,0.3378507413762408,-2.388748022365584
33.0,115.0,999.989013671875,-0.5827695496139587,0.5942492633274288,4.052945362018491,-1.1693054224150607,-0.2099150041106234,0.857875793538784,1.454497914599962,-0.6675239783790969,0.3379489235729931,-2.388703808528692
33.0,115.0,999.98828125,-0.5829089957797606,0.5939768739002762,4.053234403508919,-1.1694655115903965,-0.2098830758615451,0.8576943152617877,1.4541222248146737,-0.6676148930436128,0.3380460072021618,-2.389070086372949
33.0,115.0,999.9879760742188,-0.5828448181873078,0.593693548851796,4.053265331210499,-1.1688814769769524,-0.2097434487571829,0.8586391598980398,1.4537053654162104,-0.6680661276813407,0.3382523091781024,-2.3887727800394565
33.0,115.0,999.989013671875,-0.5827014819571987,0.5940087202227264,4.053422492547284,-1.169091430658613,-0.2099626671320749,0.857941316558545,1.4539355003609975,-0.6678666305174294,0.3382618833985056,-2.388595380462247
33.0,115.0,999.9884643554688,-0.5828301684828512,0.5940873494314536,4.05319023047317,-1.169551713197658,-0.2099012092825987,0.8578618119563721,1.454264058681371,-0.6677673055094955,0.3377783987706548,-2.3888750151873746
33.0,115.0,999.988037109375,-0.58276616103484,0.5937894809289777,4.053062448601171,-1.1686488651877855,-0.2099714847697038,0.8584075931726165,1.4532867145444754,-0.6679666068662264,0.338525484283223,-2.388199647570887
33.0,115.0,999.9884643554688,-0.5829064366688028,0.5939849109136315,4.053160161097349,-1.169140012680605,-0.2097289418780885,0.8580445557375347,1.453453837121251,-0.6677713900242557,0.3382679705013069,-2.38875233272197
33.0,115.0,999.9883422851562,-0.5829649303859084,0.5942161777710471,4.0527760128000185,-1.169602444204036,-0.2097777116343424,0.8580227317300206,1.454287180673858,-0.6677816898020108,0.3374524523109183,-2.3889474640761006
33.0,115.0,999.9891967773438,-0.5827370137766854,0.593052557570938,4.05318020073403,-1.1683832998045247,-0.2099408863007115,0.8592799293479825,1.453325832204433,-0.668181195101142,0.339034436031187,-2.3883002330004848
33.0,115.0,999.988525390625,-0.5829690185392042,0.5940661142382133,4.0528995501283,-1.168834484742543,-0.2098724968025926,0.858100077037605,1.4536617964909606,-0.6677222468244732,0.3384965697728779,-2.388711187375972
33.0,115.0,999.9881591796876,-0.5831758796810869,0.5941738885633487,4.053014201254523,-1.1697567842615897,-0.2095399873220023,0.8575043610424977,1.4535589156577675,-0.6679083895035154,0.3374570369387726,-2.3896926408170014
33.0,115.0,999.9896240234376,-0.5826004158368541,0.5927174330856397,4.053355217995222,-1.1684328233288968,-0.2098182063336366,0.8596403072356011,1.4529565748934044,-0.6684140724266543,0.3391331145596989,-2.3880931857119365
33.0,115.0,999.9884033203124,-0.5829584056075685,0.5938624024636674,4.053123967693237,-1.1689571546567326,-0.2096528727963011,0.8584722732096761,1.4535953925400804,-0.6679898498483858,0.3386908102463239,-2.3884975333387204
33.0,115.0,999.9887084960938,-0.5824568577070774,0.5933248047452802,4.053539813822439,-1.1684301579234724,-0.2101412363248114,0.858951324842482,1.4540700804447957,-0.6680411594194293,0.3392661985030081,-2.387835399260072
33.0,115.0,999.988037109375,-0.5827658680752137,0.5939434833387578,4.052977791038323,-1.1688483888655157,-0.2098764103571664,0.8582262499832671,1.4536852422991782,-0.6678521810707334,0.3382992907519977,-2.3886740479295128
33.0,115.0,999.989501953125,-0.5830733109854265,0.5939515042746466,4.052867324125625,-1.1696610131149292,-0.2098013397090667,0.8576836187322323,1.4541135206634328,-0.6677114022445165,0.3378369290247196,-2.3888048316466746
33.0,115.0,999.9893798828124,-0.5829128920758748,0.5936076529977186,4.053660716392999,-1.168431775143162,-0.2098280666083143,0.8585516854731452,1.4530188039366223,-0.668147311264816,0.339215222731843,-2.3886180056036976
33.0,115.0,999.9888916015624,-0.5829730077815274,0.5934128416113538,4.053133930306593,-1.1689427678021858,-0.2097115377031144,0.8586095549229587,1.4529222698588011,-0.6682712980282464,0.338298504204312,-2.3890031461299595
33.0,115.0,999.9885864257812,-0.5830721320195682,0.5938891022082027,4.05245387573088,-1.1691501114328124,-0.2097037295884174,0.8581091955195923,1.4536283250731756,-0.6677229435129108,0.3378308302111863,-2.3887879901076845
33.0,116.0,999.9887084960938,-0.5826598119180053,0.5933831249645021,4.053469281714596,-1.1682160287898298,-0.2099916384728146,0.8591767501375163,1.4533331771693678,-0.6682564286111283,0.3388120720758278,-2.3881519710014567
33.0,116.0,999.9892578125,-0.5825466699650192,0.5929778389237335,4.053401471439175,-1.1683803087566371,-0.2101445361585021,0.8593370937069391,1.4536180391534597,-0.6679103467943852,0.3391343631892169,-2.387946279107526
33.0,116.0,999.9879150390624,-0.582850604099864,0.5937872880748998,4.052902915521718,-1.1689015685869917,-0.2099422518244722,0.8582421834417877,1.4537341264440542,-0.6678565610830764,0.3380530650524802,-2.388696063499048
33.0,116.0,999.98779296875,-0.5828769026405789,0.5936846342331448,4.053043938053554,-1.168747460720437,-0.2097718655494764,0.85887072732893,1.453536955286765,-0.6682543606051343,0.3380822196502837,-2.388616990902449
33.0,116.0,999.98876953125,-0.5827841344380094,0.5937866416809845,4.053217196601134,-1.168184604845579,-0.2100362629668097,0.8584703197435397,1.4530199123569745,-0.6683445308671994,0.338918678937306,-2.387869375706641
33.0,116.0,999.9885864257812,-0.5827158347746089,0.5936776112715867,4.053183754729886,-1.1687423797978806,-0.210079492958112,0.8586375303737963,1.4540220578511125,-0.6678600693444938,0.3387221370055595,-2.38762636818167
33.0,116.0,999.9882202148438,-0.5826449646895462,0.5934349307188649,4.053002222326731,-1.1689055756070317,-0.2098058970490921,0.8588761920256536,1.45369679125983,-0.6680406759284221,0.3382199093439126,-2.3884822453811303
33.0,116.0,999.9891357421876,-0.5831021076855647,0.5938288943343455,4.052873314885479,-1.1698609167214258,-0.209483095804158,0.8578579157838115,1.4536236650663357,-0.6680070694059257,0.3371375617802163,-2.389648104409257
33.0,116.0,999.98876953125,-0.583205186677759,0.5938501945821244,4.052668988391183,-1.1696573818265517,-0.2095383837899325,0.8581345156653333,1.454013924517561,-0.6676152481532593,0.3373286156320656,-2.38931008836265
33.0,116.0,999.98876953125,-0.5827392274401211,0.5935724639169448,4.05295716892868,-1.1685288839981438,-0.2100701012653685,0.8587915582099761,1.4532320085780557,-0.667809071151849,0.3383848052471139,-2.388362217111544
33.0,116.0,999.9888305664062,-0.5827413196524747,0.5936554076161471,4.052535137282984,-1.1685892265298166,-0.2099965121272973,0.8588620741503679,1.4538107070734174,-0.6678282122366461,0.337614243997681,-2.3884989518165862
33.0,116.0,999.988037109375,-0.5830548330726693,0.5940488760588911,4.052671706261526,-1.1693305932347355,-0.2097601517384175,0.8580924774431828,1.454159811951966,-0.667699884586594,0.3376007900659603,-2.3889727119447017
33.0,116.0,999.988037109375,-0.582826817637442,0.5936668966034837,4.052839268944734,-1.1690204916842708,-0.20968992915701,0.8585591060285118,1.453394933237896,-0.6679425623313868,0.3381762032740143,-2.388661147817888
33.0,116.0,999.9896240234376,-0.5826026281357999,0.5933917272734881,4.0527957478628345,-1.169031696643426,-0.2099643928289918,0.8590564029013379,1.45422402802211,-0.6679362099123693,0.3381079047347191,-2.3878915149316544
33.0,116.0,999.98876953125,-0.5829746428796092,0.5939053046470564,4.052729222660613,-1.1690099151034343,-0.209640302845476,0.8584337074965855,1.4537384023009423,-0.6678378504485094,0.3377428758497345,-2.389174235288445
33.0,116.0,999.98876953125,-0.582939634592714,0.5931571970371383,4.053410538194168,-1.168766387765103,-0.2099947119307383,0.8587943982029698,1.4536680062523066,-0.6681759859679106,0.3385222683996343,-2.38860706129096
33.0,116.0,999.988037109375,-0.5827427863622745,0.5938943205546563,4.05319403042127,-1.169076811125854,-0.2100820729683663,0.8582351583921755,1.4541943903906152,-0.6676820039632823,0.3382889096674244,-2.3884409854128883
33.0,116.0,999.98876953125,-0.5831222066572925,0.5941431211812498,4.0527240210943685,-1.169051792904427,-0.2097219724946004,0.8581626025961642,1.4536271660372506,-0.667579379125403,0.337846494498601,-2.3888654618018323
33.0,116.0,999.9888916015624,-0.5829394547126237,0.5937810764315143,4.053334120748346,-1.1692017252145233,-0.2098719721404309,0.8581442795308973,1.45344191296902,-0.6680458125458681,0.338064613093529,-2.389270226396448
33.0,116.0,999.9884033203124,-0.5829871539658207,0.5938902849797056,4.053314335576365,-1.1696042070747588,-0.2096362482084908,0.8582748106661295,1.454134526159763,-0.6678280947741673,0.3376426536745969,-2.38943489114733
33.0,116.0,999.9888305664062,-0.5827659926699171,0.5937854521059416,4.052815788835524,-1.169329252784748,-0.20976151269008,0.8582956814433462,1.4543092808800626,-0.667603229118134,0.3379606141391864,-2.388577412039226
33.0,116.0,999.9886474609376,-0.5827873134480139,0.5934523780988616,4.053170867100686,-1.168824893134409,-0.2099888706292239,0.8587335862676895,1.4534884864931534,-0.6681883832359272,0.3381788540590609,-2.388758118628404
33.0,116.0,999.9887084960938,-0.5830967503783038,0.5936730473629046,4.053101745262676,-1.169175355926369,-0.2096925373093743,0.8580402705966117,1.4533900534775404,-0.6678920196810623,0.3381507214417913,-2.389215635761208
33.0,116.0,999.98828125,-0.5830126613089179,0.5940039787161719,4.052875735223152,-1.1688764852245912,-0.2098042564810747,0.858252022210988,1.4535915398835844,-0.6678124968630277,0.3384032018466509,-2.388195160254336
33.0,116.0,999.9894409179688,-0.5833987492185901,0.5941051289809636,4.052829863242593,-1.169764952988463,-0.2095015904190376,0.857908064092352,1.453848340545977,-0.6680536400040351,0.3370646871453964,-2.389468342888005
33.0,116.0,999.98974609375,-0.5826689085043304,0.5938975281486165,4.053191786714834,-1.1691467356365024,-0.2098259243901683,0.8577980292312457,1.4539954641188215,-0.6675427329715458,0.3385414365707166,-2.3886637647049374
33.0,116.0,999.9879760742188,-0.5830480178839172,0.594054698053256,4.05326059780594,-1.1690733578038537,-0.20971351931788,0.8579439853731436,1.4534012689191336,-0.6680072086961921,0.338031885082211,-2.3892660192568247
33.0,116.0,999.9886474609376,-0.582898954815593,0.5938638419162388,4.053504163199964,-1.1691148321287894,-0.2098280932321508,0.8581655399019219,1.4537765721778104,-0.6680586696949469,0.3387802363463681,-2.388625306310606
33.0,116.0,999.9881591796876,-0.5831643626080432,0.5939590582539678,4.053134554035546,-1.1692985443043715,-0.2095082706612059,0.858153950003909,1.4534251633610475,-0.6680569251150237,0.3379065313100025,-2.3891777620039685
33.0,116.0,999.9885864257812,-0.582962156208648,0.5939040198916343,4.052631461052927,-1.1690866829580877,-0.2097228062713334,0.858296915866851,1.4540330773841976,-0.6678346225971374,0.3378813200516175,-2.3886165552530354
33.0,116.0,999.9878540039062,-0.5831136493365205,0.5937995495892876,4.0530230689631335,-1.1691202779931054,-0.2097272948808983,0.8581794736980894,1.4533737757181528,-0.6680322732557231,0.3379967099165313,-2.388940686799836
33.0,116.0,999.98828125,-0.5827092791633284,0.5938558619107903,4.053342092212791,-1.168759935647747,-0.2100266849386498,0.8584459945318867,1.453920723363332,-0.6680352293693375,0.3387482147703746,-2.38799319996287
33.0,116.0,999.9878540039062,-0.5827878819229877,0.5937486813130839,4.053046459416702,-1.1688087192092258,-0.2100548662454384,0.8584180595903668,1.4539827257155655,-0.6679371380817445,0.3384818380368957,-2.3880431712503585
33.0,116.0,999.988525390625,-0.5827565462825932,0.594097175896656,4.05273175166438,-1.169131729554333,-0.2100071486912549,0.8579879167631947,1.4543585918954705,-0.6674465371442304,0.3381699677573788,-2.388330258185442
33.0,116.0,999.9888916015624,-0.5829035100602074,0.5940373762067477,4.05294588963708,-1.1690422094965132,-0.2099469653960461,0.8575939391354392,1.4532190610178013,-0.6679025991278564,0.3379394194267711,-2.389151345443824
33.0,116.0,999.9892578125,-0.5824406098026005,0.5931998305483912,4.053396648306451,-1.1683166914630898,-0.210163928933369,0.8592879714050463,1.4537173432397203,-0.6680527909301119,0.3392612558489745,-2.387401187981297
33.0,116.0,999.9882202148438,-0.5831061341053543,0.5938557709400296,4.052864125057919,-1.1693154835796444,-0.2097131838040269,0.8580153586207047,1.453704438194233,-0.6677863374371702,0.3380167374521612,-2.3890818111197265
33.0,116.0,999.9887084960938,-0.5825336986703906,0.5934836280670979,4.0530621613499935,-1.1680376430955626,-0.2101808531756139,0.8591453127086943,1.4536350310960957,-0.6678408683020178,0.3390907948485369,-2.3875833114737266
33.0,116.0,999.9884033203124,-0.5829040294403223,0.5941256901580712,4.052749821252119,-1.168622707368232,-0.2099008316238739,0.8581521069984817,1.4534149133590315,-0.6676606124540969,0.3384189236427115,-2.388265890193301
33.0,116.0,999.9877319335938,-0.5831682980436961,0.5939579935644037,4.052795889748124,-1.1693409504743553,-0.2094542761966602,0.8582559762276194,1.4534378493326685,-0.6679614022211053,0.3376705711099337,-2.389082183795531
33.0,116.0,999.9884643554688,-0.5826321391042484,0.5937235405245396,4.053527849167708,-1.168240276909836,-0.2101124091857373,0.8586199924026374,1.4534994498594722,-0.6681358200122647,0.3392277132977908,-2.3878464089719387
33.0,116.0,999.9888916015624,-0.5828105984477139,0.5934462598063286,4.053004550934299,-1.168229695827768,-0.209903482174111,0.8594672833963273,1.4534414107391438,-0.668222589109118,0.3385605419273005,-2.388127918640208
33.0,116.0,999.9891357421876,-0.5828209540556548,0.5935786023034408,4.0529297323711,-1.169028727127534,-0.2097134384176922,0.8585311445893895,1.4534929962086762,-0.6677461402666367,0.3377516102485591,-2.3891400378731467
33.0,116.0,999.9880981445312,-0.5830055516684212,0.5939333074516151,4.053049751248384,-1.1683954273535275,-0.209972020707271,0.858524221291372,1.4532947739950766,-0.6680819962781115,0.3385120841730469,-2.388088930734756
33.0,116.0,999.9891967773438,-0.5831549568338232,0.5943859452664979,4.05286483910495,-1.1695622495740006,-0.2096454619372076,0.8573816428487468,1.4534063243580642,-0.667859350563166,0.3372553269699052,-2.38945642389
33.0,116.0,999.9880981445312,-0.5829644070638382,0.5941907637589061,4.053310909173968,-1.1696008342613,-0.2097179431275053,0.8576188297771878,1.4538328380700447,-0.6679799111903915,0.3377583024603989,-2.3893038178881465
33.0,116.0,999.989013671875,-0.5826166179063303,0.5931939218767717,4.053643061904751,-1.1687643956452138,-0.2099546160132543,0.8591040591848724,1.4534972530973924,-0.6681530345218762,0.3385609867026531,-2.388752272561943
33.0,116.0,999.9891357421876,-0.5828674450348359,0.5936230737729549,4.052994173288818,-1.1691205203544142,-0.2100769488686413,0.8580842365903507,1.4540375306894813,-0.6674604018427885,0.3382701006525792,-2.3887231844853924
33.0,116.0,999.9893188476562,-0.5824682503336565,0.5933359138183381,4.052780945393288,-1.1684041914411103,-0.2102060295521006,0.8589974790603092,1.453870464701421,-0.6676231706496303,0.3384234686250327,-2.3878947010599703
33.0,116.0,999.9887084960938,-0.582640258961244,0.5935657886076982,4.053278019427726,-1.168316998761795,-0.2101286302907103,0.8590667560380574,1.453606185783098,-0.6680899048654201,0.3389873099008351,-2.3877993915165208
33.0,117.0,999.9879150390624,-0.582836647746479,0.5934052028764816,4.053097876232313,-1.1688667465128288,-0.2099126898079486,0.8585713393899486,1.453520289789111,-0.6680344640334175,0.3383150112211917,-2.388547446535383
33.0,117.0,999.9876098632812,-0.5832201779671982,0.5939888467099372,4.0530276997550345,-1.1696103270752412,-0.2095863447744559,0.8580365085044539,1.454014917563372,-0.6677816864264328,0.3376401365876056,-2.3893750157992693
33.0,117.0,999.98828125,-0.5831360825959404,0.5937205794970666,4.053086980918346,-1.169150374580413,-0.2096116124312033,0.8584565252217864,1.4537025694674028,-0.6681867839697393,0.3382584732217806,-2.3886798746414466
33.0,117.0,999.98876953125,-0.5827484861968513,0.5935287216346268,4.053011548476279,-1.168788234531127,-0.2098979633092881,0.8587782210545312,1.45328865980603,-0.6680739895625818,0.3381671286061918,-2.388785838969093
33.0,117.0,999.9876708984376,-0.5829677964153728,0.5938161739829608,4.053135639774082,-1.1691685676962005,-0.2098344794501887,0.8582956587870649,1.4537195694259308,-0.6678575377112761,0.3381370930868055,-2.3888512647715627
33.0,117.0,999.9884033203124,-0.5829906533900502,0.5938777723718438,4.052736821355561,-1.168519767750833,-0.209783460036145,0.8586024716601495,1.4531006473877015,-0.6681059298521994,0.3380563095420097,-2.388338452722601
33.0,117.0,999.988525390625,-0.5831808405832604,0.5941753819913416,4.053143469695069,-1.1696375662583254,-0.209641355869909,0.8576528420637324,1.4539769289062825,-0.6679829098092336,0.3375842752087514,-2.389276323476533
33.0,117.0,999.988525390625,-0.5828297923504913,0.5934716107777502,4.05276497708671,-1.1685929782408708,-0.2099624726834017,0.8585668011773535,1.4531610585577468,-0.667776080055825,0.3383032148583922,-2.388661992859724
33.0,117.0,999.9878540039062,-0.5829815024610117,0.5940902326320074,4.053397961138552,-1.1689622546150344,-0.2097561276222723,0.8579783221279502,1.4535763280226712,-0.6679420121045592,0.3385120742926268,-2.3887751602663263
33.0,117.0,999.98779296875,-0.5827807879361142,0.5937382142979981,4.053316839723017,-1.169058752441905,-0.2099324666466726,0.8583684006108712,1.4540120712258089,-0.6679438203840053,0.3383916171000356,-2.388267449948461
33.0,117.0,999.9876098632812,-0.5831096317707809,0.5939505362679389,4.0528808291778695,-1.1693966187223266,-0.2095707772433561,0.8580163533125713,1.4535443995254784,-0.6677928375946154,0.337606430902305,-2.3890975769228664
33.0,117.0,999.9888305664062,-0.5829041658583325,0.5935860897463616,4.053197478038536,-1.1685244012995315,-0.2099313816009109,0.8586833827343776,1.4533126979053457,-0.6681329317368903,0.3389547443047611,-2.387913998136816
33.0,117.0,999.9876708984376,-0.5828834553094007,0.5940482652165446,4.053088895271001,-1.1691252037097613,-0.2098672323583228,0.8580791933065282,1.454016726741508,-0.6678170421200482,0.3379880188853743,-2.3887905906488625
33.0,117.0,999.9884033203124,-0.5829190210843542,0.5940669458853751,4.053032198478512,-1.1692710854120487,-0.2095980753527513,0.8578969896127973,1.4533369165315158,-0.6679774173737503,0.3378959631648603,-2.3891638149782635
33.0,117.0,999.9887084960938,-0.5831651063539756,0.5941938467256245,4.05317614117782,-1.1697600259996088,-0.209447491264223,0.857740996698042,1.4537937476049605,-0.6678916879163186,0.3372541750241717,-2.3900398536048906
33.0,117.0,999.98974609375,-0.5834469950912036,0.5943937962779611,4.05313430923734,-1.1700925578853432,-0.2091702085280928,0.8575817571361224,1.453683489593728,-0.6680969030221142,0.3373694067285164,-2.389815587200345
33.0,117.0,999.9880981445312,-0.5827724222875093,0.5935631174034919,4.052689458718138,-1.1687850326493376,-0.2098746214246123,0.8587750906937153,1.4534951726757148,-0.667735337079506,0.3380428157110842,-2.388707142760245
33.0,117.0,999.9874877929688,-0.5829485417760978,0.5936228593076809,4.052740878164382,-1.1686452223968402,-0.2097816193654136,0.8588420334290969,1.4533895231231655,-0.668068055602264,0.3381671527920602,-2.3883580928666674
33.0,117.0,999.9879760742188,-0.5831173077602658,0.593827559535125,4.05312912824132,-1.1693112552890517,-0.2096069313606579,0.8583762033110274,1.4536423985948843,-0.667946508111462,0.3379810327507426,-2.3890395256964547
33.0,117.0,999.9889526367188,-0.5833033322822647,0.5944356029343902,4.052686921244529,-1.1694391797393444,-0.2095891240072802,0.8577389152538526,1.4536789155839325,-0.6676418756762583,0.3375662242294428,-2.3889510156530305
33.0,117.0,999.9891357421876,-0.5829581900427367,0.5940133562478875,4.052978479372349,-1.1688509969838985,-0.2098194556145562,0.8583947717103166,1.4541792899162314,-0.667659936263373,0.3382962542168046,-2.3882367635758586
33.0,117.0,999.98828125,-0.5829583077364058,0.593599945446238,4.052779175672676,-1.169220637499404,-0.2097108064117216,0.8583353687669444,1.4533542162705562,-0.6678292323219965,0.3376555673480013,-2.3894051420174307
33.0,117.0,999.988037109375,-0.5829427647263881,0.5937568343126234,4.052887548663763,-1.1693763974540214,-0.2097400597114296,0.8583915440547116,1.4541765772099513,-0.6679210252694396,0.3377465266474271,-2.388738810624348
33.0,117.0,999.98828125,-0.5830534387677169,0.5935358842538987,4.052924125923648,-1.1689495359719309,-0.2098012256895094,0.8587614689160787,1.4535498267092626,-0.6680916959747094,0.3379729745446926,-2.388710640617372
33.0,117.0,999.9890747070312,-0.582694350631237,0.5933506300161593,4.053338001377719,-1.1686455335795545,-0.2097816258430578,0.8589328480632972,1.453319700240315,-0.6684280557601285,0.3386316745811699,-2.3882311823456543
33.0,117.0,999.98876953125,-0.5833403467150546,0.5942794542380145,4.052672318625215,-1.169688826144572,-0.2095131448118357,0.85748750071554,1.4537396993504412,-0.6678206495776564,0.3373479077989625,-2.389386446839334
33.0,117.0,999.9883422851562,-0.5830684325481723,0.5936604444315439,4.052473715899001,-1.1689638180815258,-0.2096302810053352,0.8586495822572591,1.4534140874225168,-0.6680170230838272,0.3379208417319574,-2.388858991005195
33.0,117.0,999.9884033203124,-0.5826122589913689,0.5930740298694861,4.053270329925763,-1.168421325022495,-0.2099688087247422,0.8592182954133589,1.4536025712661518,-0.6680461052940458,0.3391405146878998,-2.3878666099715846
33.0,117.0,999.9889526367188,-0.5827083745086394,0.5933467606269396,4.052997526784646,-1.1680213962934594,-0.2101358557500212,0.8591436192585844,1.4533747781327353,-0.6679188197906178,0.3391979617414478,-2.387822833813256
33.0,117.0,999.9888305664062,-0.5829038625876182,0.5933683600544786,4.053201755036607,-1.1686196231193384,-0.209759550463163,0.8591911418710128,1.4531534452236814,-0.6683603244558718,0.3386443178771925,-2.3884011723952794
33.0,117.0,999.9889526367188,-0.5833351403016698,0.594006002698829,4.052580228775092,-1.169106326023624,-0.2095113036789451,0.8580385739982148,1.453039811250462,-0.6681326233539178,0.337671511943264,-2.389154124072878
33.0,117.0,999.9880981445312,-0.5828794372813082,0.5933374367166921,4.053098040739506,-1.1684460151761615,-0.2098274289880555,0.8590895157002008,1.4531328383597764,-0.6681362236620361,0.3385678641157321,-2.3883901483738343
33.0,117.0,999.9882202148438,-0.582886628082969,0.5940239787860406,4.053263577782658,-1.16911467155351,-0.2099567558650363,0.8581423861051709,1.4540940157392956,-0.6680584287297613,0.3380644814355049,-2.388530169117714
33.0,117.0,999.9879150390624,-0.5830102093589167,0.5938902219309643,4.052881695639792,-1.1695010424452534,-0.2096512614878989,0.8582493962215976,1.4541427290958169,-0.6678986845813863,0.3375520572921475,-2.3891902312343265
33.0,117.0,999.9884033203124,-0.5831958538775188,0.5939581888200518,4.052731999095004,-1.1694799396637356,-0.2095239042774368,0.8579103157788603,1.4535354973947667,-0.6678744078581236,0.3374238910988314,-2.389214601953473
33.0,117.0,999.9885864257812,-0.5830345706020177,0.5939114869895246,4.052891276490103,-1.1689187684601898,-0.2096759410186655,0.8583957813167329,1.453663271505869,-0.6680698246181747,0.3383428156277777,-2.388373605021381
33.0,117.0,999.9872436523438,-0.5830167493283032,0.5939511131905366,4.052905778902751,-1.1692107080860676,-0.2097318980128291,0.8581134470389955,1.4536071027079809,-0.6678734773889659,0.3377152432537302,-2.388993542524429
33.0,117.0,999.9883422851562,-0.5827941790453703,0.5939822672639714,4.05282707035397,-1.1689342246737415,-0.2100184139663001,0.8580824360671162,1.4540635115117269,-0.6676900921441149,0.3381465765827816,-2.3885169174985323
33.0,117.0,999.987548828125,-0.5828900451355699,0.5935964057644805,4.052957857163523,-1.1690958926292074,-0.2098248866799847,0.8584289287859121,1.4536204413497114,-0.6679047191386154,0.3377885713304511,-2.389094232708324
33.0,117.0,999.988525390625,-0.5829186669469273,0.5937091465422206,4.053088903357168,-1.1691571213720748,-0.2096826720288156,0.8587101399972861,1.4538476694460076,-0.6679866873381703,0.3380829696692444,-2.388480119885873
33.0,117.0,999.9879760742188,-0.5827939563027238,0.5935237169903198,4.052639215807654,-1.1685816310204649,-0.2099822769606554,0.8589238004755915,1.4536222869633972,-0.6679886340798369,0.3379231464512902,-2.388322083870744
33.0,117.0,999.9876708984376,-0.582796042629103,0.5937055691356541,4.053138425298453,-1.168818032547343,-0.210002955998835,0.8585393507954011,1.4536971020368092,-0.6679179118563194,0.3382902774380518,-2.388580382782364
33.0,117.0,999.9884643554688,-0.5831377085312175,0.5937544956297476,4.052949080699262,-1.1694011382883702,-0.2095780859824128,0.8584885906624908,1.4537589930844943,-0.6679175568166542,0.3377954187842356,-2.388972737055161
33.0,117.0,999.9880981445312,-0.5831000888598066,0.5941778278577861,4.053113664052939,-1.1693912905758674,-0.209606602873122,0.8578802646572363,1.453572507427916,-0.6680159453263466,0.3376115760078964,-2.389283731977287
33.0,117.0,999.9878540039062,-0.5829767028851194,0.5940990053805191,4.053122262799025,-1.1690869208871573,-0.209798305590299,0.8581050875765559,1.454165488318341,-0.6679337051030583,0.3383018937548865,-2.3883823202766257
33.0,117.0,999.9878540039062,-0.5830076957936674,0.594002816458441,4.05299836505651,-1.1688243181025335,-0.2096849321503837,0.8584170405003064,1.4533704017583189,-0.6680064579029281,0.3381816315847539,-2.388625504501558
33.0,117.0,999.9878540039062,-0.5830884318832661,0.5938473309170025,4.053054529993263,-1.1691626469628105,-0.2098550102988641,0.858249509590455,1.453908064011734,-0.6678926613096587,0.3379281160255516,-2.388856679292692
33.0,117.0,999.9874877929688,-0.5829249904520317,0.5937731042122856,4.052999952989119,-1.1687589574265504,-0.2099197912619992,0.8585277715470703,1.4536857695171967,-0.6679096163345886,0.3384958190828548,-2.388299641171816
33.0,117.0,999.9876098632812,-0.5828595246727453,0.5939439602501242,4.052857036702674,-1.168929873525851,-0.2099465532158442,0.8582547111933074,1.4538313779641054,-0.6678630444145988,0.3381331331926933,-2.388321084660252
33.0,117.0,999.9874877929688,-0.5827637206110463,0.5936958925970917,4.053316878947332,-1.1688381385169686,-0.2099579811741421,0.8584998215716979,1.453694732990356,-0.6679734238460169,0.3384963508377359,-2.3884198037602973
33.0,118.0,999.9885864257812,-0.5827996891750145,0.5934429384777822,4.053194736501075,-1.1690915139710087,-0.2099486218110255,0.8584373510176313,1.4534950648993084,-0.6679230060780679,0.3382601043976372,-2.388913395133101
33.0,118.0,999.9884643554688,-0.5828457696072844,0.593955602975905,4.053308733321243,-1.168907005912148,-0.2099466153630524,0.8580553044310459,1.4538573921404243,-0.6678328774552948,0.3384846147043578,-2.388298248894734
33.0,118.0,999.9877319335938,-0.5829377413869157,0.5940559580377442,4.053128993112782,-1.168923918222236,-0.2099106334650864,0.8580480178008383,1.4537186620802078,-0.6677722657382041,0.3382700440515069,-2.388560070818433
33.0,118.0,999.988525390625,-0.582846081365977,0.5940202473637424,4.053102349658062,-1.1688195161274977,-0.2100667645751155,0.8583307677831753,1.4538352109301729,-0.6678247876663903,0.3382904689134456,-2.388266011294609
33.0,118.0,999.98779296875,-0.5829166768293428,0.5936302365709913,4.053278883695837,-1.1688042488490078,-0.2099553852952231,0.8584623479791542,1.4537883986441322,-0.6679963180620359,0.3385445946432943,-2.388381055579795
33.0,118.0,999.987548828125,-0.5829635167283147,0.5937183010709592,4.052721771745777,-1.1690454103157002,-0.2097604923702487,0.858415510640242,1.4535468427836389,-0.6679512743479634,0.3377395940272265,-2.388977969788552
33.0,118.0,999.987548828125,-0.5829200701924888,0.5939347710428988,4.053276680294948,-1.1691480379262431,-0.2098274325905587,0.8582135922667513,1.4538630356422608,-0.6678459791841371,0.3382155988071567,-2.388857418019526
33.0,118.0,999.988037109375,-0.5831828723600427,0.5940861812259781,4.053009036552075,-1.1696528905890355,-0.2096634598638704,0.857672113521212,1.4537936091129815,-0.6678601166625935,0.3374681445719387,-2.3894218711762827
33.0,118.0,999.9887084960938,-0.5827588968861459,0.593511287858898,4.05284937061576,-1.168777901455869,-0.2100872480428073,0.858763396522404,1.453907924233678,-0.6677751039333444,0.3381878311280299,-2.3883045919432515
33.0,118.0,999.9878540039062,-0.5829740815081594,0.5937893345097454,4.053050806093935,-1.169240710048448,-0.2096273913954069,0.8584076539890182,1.4536385515133097,-0.6680709345873339,0.3377944433402389,-2.388903225940551
33.0,118.0,999.9879150390624,-0.5827412288992591,0.5934606224471466,4.053076950457594,-1.1688230033304037,-0.2100009169923247,0.8587800088571296,1.4540384239417117,-0.6678343728759115,0.3386521339609185,-2.388105289972299
33.0,118.0,999.9888916015624,-0.5829550513625641,0.5940000143776016,4.05325946776693,-1.1685751780884486,-0.2099504056765457,0.858162940299092,1.4534602209598138,-0.6679724866019612,0.3389664749377905,-2.3879674412949776
33.0,118.0,999.9874877929688,-0.5828343198898045,0.5939472384287807,4.053187837235825,-1.1688801017420496,-0.2098954967627433,0.8583038687037359,1.453687731771578,-0.667928919476636,0.3382668014064949,-2.388416633318116
33.0,118.0,999.9876708984376,-0.5828595020923331,0.5937829044939136,4.05286801666665,-1.1690438272206007,-0.2098694035621413,0.8584845413586448,1.453907216280732,-0.6680135689295481,0.3378598605715162,-2.3885209572230086
33.0,118.0,999.98779296875,-0.5829420380839325,0.5938453467625795,4.0529050853476125,-1.1693575134463066,-0.2096692090935104,0.8580787358624233,1.453896184859282,-0.6677032449317162,0.3378889043292954,-2.388837761547866
33.0,118.0,999.9872436523438,-0.5828232462647609,0.5938787034611748,4.053050306947419,-1.168816268025906,-0.2099548742537003,0.8583566245255927,1.453624551470445,-0.6679455517051522,0.3381403707688939,-2.3885991029576825
33.0,118.0,999.9879760742188,-0.5827735847838857,0.5937035753694957,4.053209343599933,-1.168863562676297,-0.2099300072657648,0.8584222496264848,1.4536283752795889,-0.6677981839426863,0.3382911322468009,-2.3886902951511955
33.0,118.0,999.98779296875,-0.5830437646099593,0.5939243226211666,4.05325878613416,-1.1689210227830809,-0.2098413823268021,0.8581921555941809,1.4535005425825167,-0.6680857562224567,0.3380502792479092,-2.3888325977380203
33.0,118.0,999.988525390625,-0.5830701105562515,0.5943312121846649,4.053101332522175,-1.1695899565781094,-0.2096915311760359,0.8575965273888775,1.45401646858617,-0.6677802180930072,0.3374899565896436,-2.389326256552682
33.0,118.0,999.9879150390624,-0.5829699692464443,0.5937037867906128,4.053176663018052,-1.168944550459885,-0.2098114949767895,0.8585641460545261,1.4536888543460726,-0.6681044745509848,0.3384531652403941,-2.388377361941012
33.0,118.0,999.9883422851562,-0.5828487077937474,0.593948140571249,4.053225483717922,-1.1687693723728128,-0.2100031817863881,0.8582498849431133,1.4540041074748429,-0.6678293142978271,0.3389185986649394,-2.3878836241256933
33.0,118.0,999.9880981445312,-0.5827953626993452,0.5936649052704848,4.05301527744831,-1.1688600193020076,-0.210029330984482,0.8585896704862233,1.4540622239561571,-0.6678405480974368,0.3381702209603645,-2.3884338270871366
33.0,118.0,999.98779296875,-0.5829869265217127,0.5937267468947995,4.052922605037143,-1.1689441080155936,-0.2096882262889838,0.8582972169840177,1.4531958342130116,-0.6679578327156328,0.3378981799674339,-2.389180659723629
33.0,118.0,999.9874877929688,-0.5828636620288945,0.5938682606646672,4.053011975472213,-1.1691704214279983,-0.2098186297290398,0.8582011890563503,1.4537698772975602,-0.6677929325036009,0.3379359457106048,-2.388827548270918
33.0,118.0,999.9887084960938,-0.5831303635619935,0.5937297063542069,4.053225998719279,-1.1696931038255745,-0.2095366565724896,0.8581548589497467,1.4536180237826422,-0.668086346205957,0.3373694355599808,-2.3897803571074414
33.0,118.0,999.98828125,-0.583215116787545,0.5941942858927067,4.0526101198095095,-1.1695461177015432,-0.2094592559960153,0.8580631652977333,1.4536782085350932,-0.6678605721618034,0.3373301391454939,-2.389250424149928
33.0,118.0,999.9876708984376,-0.5829567420412305,0.5935057284194132,4.053025199489344,-1.1690652528605066,-0.2097664401938868,0.8586457922508046,1.453677191106309,-0.6678734029534921,0.3380844443255189,-2.3888827580522087
33.0,118.0,999.9883422851562,-0.5828102453023174,0.5937036762406134,4.053069368880369,-1.1692036807660244,-0.209819469821924,0.8583944268197374,1.453687776612556,-0.6679876941542489,0.3378338861764129,-2.3887786320865523
33.0,118.0,999.9885864257812,-0.5831150632705802,0.5939449765745319,4.053119275004542,-1.1689447179530403,-0.2097150184014946,0.857996844827337,1.453291077141074,-0.6679982023437363,0.3382378113227293,-2.388891883905801
33.0,118.0,999.9878540039062,-0.5829123501833449,0.5940709222908902,4.0529977829408494,-1.1691982129473115,-0.2097674995498684,0.8580737905984259,1.4540187613676618,-0.6678655688204236,0.3377998308266399,-2.3888658941092835
33.0,118.0,999.9884643554688,-0.5827454532285445,0.5933811871742476,4.052919547986424,-1.169015296255318,-0.2100531329761352,0.8585941535452246,1.453729595884802,-0.6679474618214574,0.3378933688518737,-2.3888615674646383
33.0,118.0,999.9881591796876,-0.5828248239260789,0.593409395499708,4.052825783896241,-1.1686868885002482,-0.2100074514263452,0.8589399056944478,1.4536894665897613,-0.6679939198465581,0.3383824178069137,-2.3880899368635995
33.0,118.0,999.9874267578124,-0.5827991271396709,0.5937336396202699,4.053006974637174,-1.168849580013947,-0.2098228181224097,0.8583799834610488,1.4535421504359105,-0.6679185850795202,0.3381903055740149,-2.388561308370713
33.0,118.0,999.9878540039062,-0.5828374986360272,0.5938288454748832,4.053005567579223,-1.1690094787149148,-0.209816029406447,0.8583307055650238,1.453609667832537,-0.6680441605486838,0.3381243690902371,-2.38842122167306
33.0,118.0,999.98779296875,-0.5828162829757293,0.5935068413910933,4.052844221359997,-1.168650914239715,-0.2098457272214773,0.8588502739942037,1.4536624831280331,-0.6680446438529835,0.3383316169726704,-2.3881454191574654
33.0,118.0,999.9880981445312,-0.5831586249610261,0.5940500193854454,4.052849173489884,-1.1692280818335117,-0.2096355242280525,0.8581463220591505,1.453801294860785,-0.6679174048766736,0.3376979720291047,-2.389029685914963
33.0,118.0,999.9881591796876,-0.5830711292872905,0.5939135515433849,4.052509363118421,-1.169249876831464,-0.2096278377966793,0.8583475314577456,1.453708759139701,-0.6678224589480601,0.3375031745589583,-2.3888422621689305
33.0,118.0,999.9884643554688,-0.5830312121177554,0.593925529011404,4.052802856998094,-1.169217175384082,-0.209695566607369,0.8580707006226653,1.4538037276696416,-0.6677962248245093,0.3376141633343819,-2.388998085757439
33.0,118.0,999.9883422851562,-0.5830170508108274,0.5935999794832894,4.052736418509459,-1.1684249416862125,-0.2098966888731448,0.858813379022286,1.4533952653156137,-0.6680418731217781,0.338310249532765,-2.3881735953799628
33.0,118.0,999.9873657226562,-0.5827985890369449,0.593651989689997,4.053055677597119,-1.1684842499585306,-0.2099618761256509,0.8586241323980666,1.4535153407366517,-0.6679706531645699,0.3387973457809927,-2.387996651683688
33.0,118.0,999.9874267578124,-0.5828367972153812,0.5937778747652782,4.052943405069701,-1.168552286065477,-0.2099916319999994,0.8584583237620516,1.4533959394866525,-0.6677927272711965,0.3385351429468128,-2.3882486311824787
33.0,118.0,999.9876098632812,-0.5829628462988641,0.5938780032176165,4.053244252612888,-1.1689981523434492,-0.2097914091429693,0.8582521187844216,1.4536344765205458,-0.6679723283278811,0.3382724619132782,-2.388665011876488
33.0,118.0,999.9879150390624,-0.5829388905885455,0.5935297717611112,4.053038060551238,-1.1687403756324386,-0.2097647842789962,0.8588260971270847,1.4533803704744113,-0.668017386895162,0.33826569287422,-2.388544094787971
33.0,118.0,999.9874877929688,-0.5827005944970773,0.5933043874674846,4.053084935124103,-1.168626583268467,-0.2099386277099082,0.8590292777987791,1.4537463303767906,-0.6680145782180578,0.338596264740878,-2.3880843105151333
33.0,118.0,999.98828125,-0.5828289619665172,0.5936979151668496,4.053457500914892,-1.1686290633861425,-0.2100593370086754,0.8586488931672944,1.4539989391221724,-0.6680042879243206,0.3388451063783639,-2.388151325570825
33.0,118.0,999.9884033203124,-0.582893593060879,0.5933893837402255,4.053251328976232,-1.1690770019857224,-0.2097108560380967,0.8586951798293843,1.4536202367688702,-0.6681286443801975,0.3384135228965306,-2.3887542177283576
33.0,118.0,999.9884033203124,-0.5828012838458854,0.5938121222344339,4.052958803787863,-1.1689193588147488,-0.2101127564726965,0.8582605722920142,1.4538827010329038,-0.6678826849554307,0.3380180736150286,-2.3884471896681214
33.0,118.0,999.9877319335938,-0.5829432250219373,0.5937817051363634,4.05301758651224,-1.169245544603807,-0.209643446479034,0.858378688508143,1.453438839507081,-0.6680685120552372,0.3378151399065601,-2.3891305567263177
33.0,118.0,999.9868774414062,-0.582817376878034,0.5936917311280858,4.052968327783738,-1.1687890328831303,-0.20986933895683,0.858558508758156,1.4535181283707823,-0.6679995716420635,0.3381499851261216,-2.388639865743179
33.0,118.0,999.9874267578124,-0.5826895216580112,0.593648600499499,4.053248612348549,-1.1684418128802965,-0.209998630364657,0.8587496353420088,1.4536636816748576,-0.6680611155754512,0.3389464633234516,-2.3878699579156
33.0,119.0,999.987548828125,-0.5827701200506485,0.5936158277707948,4.053086453649135,-1.1688306585340822,-0.209808904926346,0.8586895659694154,1.453726735015346,-0.6679951520519536,0.3385023249350505,-2.388407441712292
33.0,119.0,999.9882202148438,-0.5828961603226821,0.5938773160082196,4.053251568895849,-1.168842565401789,-0.2098355889262579,0.8583282622391035,1.4533758067378455,-0.6678760297055675,0.3385158989998116,-2.38843254843941
33.0,119.0,999.9873046875,-0.5827993013467916,0.5937505043336353,4.0529780824103625,-1.1688486367660014,-0.2098788434603102,0.8584731027536554,1.4537634417110734,-0.6678143521746929,0.3382591478840977,-2.3884540143430084
33.0,119.0,999.9879760742188,-0.5828823661851148,0.593721017442828,4.0529055060136265,-1.168974708183717,-0.2099010731677557,0.8585004277953132,1.4538065388050114,-0.6679270666360244,0.3379951541462924,-2.3884403221209944
33.0,119.0,999.9884643554688,-0.583019991170179,0.5941501292065983,4.05321827205576,-1.168899302903032,-0.2097697765169934,0.8580712060130775,1.453444123640276,-0.6680807427033866,0.3383939275723051,-2.3883280027017104
33.0,119.0,999.9876098632812,-0.5828108270258694,0.5935506493147695,4.053271989868303,-1.1688575843467444,-0.2098651074369106,0.8587554087973936,1.4537045587967796,-0.6680313975203536,0.3383032326789195,-2.388581440481881
33.0,119.0,999.9892578125,-0.5827526694975056,0.5938964148362524,4.053061666761513,-1.1688864947133055,-0.2099356783458592,0.8582991199872483,1.453389589175556,-0.6679972458931287,0.3378011547540431,-2.3888346290842954
33.0,119.0,999.988037109375,-0.5830543643256512,0.5940967708014666,4.052730773975181,-1.1688643580227185,-0.2097666515779304,0.8581868247492617,1.4535070852863594,-0.6677686516799515,0.3378693947790641,-2.388757857622241
33.0,119.0,999.9882202148438,-0.5831777930993045,0.5937557929083273,4.052809683004062,-1.1691617330696236,-0.2096743260228715,0.8584517798548505,1.4535773536659322,-0.6678793481140195,0.3377287610095871,-2.389107701300807
33.0,119.0,999.9878540039062,-0.582780676425517,0.5933053708062879,4.052847704504456,-1.1687892433466196,-0.2099239740395555,0.8590405469905829,1.4536229458656278,-0.6679389742024355,0.3381113800100097,-2.388507508414905
33.0,119.0,999.988037109375,-0.5828287444465916,0.5937722728982022,4.053403434783037,-1.1684547146039126,-0.2100259810736933,0.8585291312818306,1.4534172326165882,-0.6679794677502695,0.3389062685365074,-2.38801071926246
33.0,119.0,999.9878540039062,-0.5828656962705328,0.5936676898340618,4.053281577177836,-1.168883114629215,-0.2098369398869266,0.8583991401560853,1.4533103409482546,-0.6680503299947977,0.3383035387024797,-2.3887681761142048
33.0,119.0,999.9876098632812,-0.5828306118821365,0.5936543245883588,4.053349568419399,-1.1689908423657611,-0.2098565308895725,0.8584834185052941,1.4536878081755835,-0.6679775801993246,0.33823150537002,-2.3888989697090963
33.0,119.0,999.9874877929688,-0.5829623779431055,0.5936322640965859,4.0530092079940125,-1.1689765282240885,-0.2097525241789419,0.8586080958779627,1.45347176944973,-0.6679992079317367,0.3380257704067091,-2.3888273217289817
33.0,119.0,999.9883422851562,-0.5826233708752877,0.5937400362960616,4.052703373530473,-1.168535107672365,-0.2100968887978584,0.8584476039324258,1.4535454523389122,-0.6677359496289572,0.3383348756931124,-2.3880110827945327
33.0,119.0,999.9873657226562,-0.5829916608525298,0.593677361959104,4.052868698361813,-1.1690406354075082,-0.2097249372609475,0.8583607861228524,1.4533235806270683,-0.6680183463972522,0.3379179695519294,-2.388892858885871
33.0,119.0,999.987548828125,-0.5829551431614917,0.5937671988620661,4.052885984638451,-1.1688238019439998,-0.209915374975492,0.8584277991220031,1.453516584301207,-0.6678765793283903,0.338073650039866,-2.388565158843225
33.0,119.0,999.9876708984376,-0.5828508622851061,0.5937176875161239,4.053119003418166,-1.1689333877077788,-0.2099550716753206,0.8584536136829826,1.45379368367405,-0.6678078441957593,0.3381955926558868,-2.388657308971803
33.0,119.0,999.987548828125,-0.582936402859259,0.5935808243273542,4.05308537388032,-1.168919774528348,-0.2098575646692957,0.8585437496365618,1.453779154202172,-0.667900108737121,0.3382993721763903,-2.388651632241353
33.0,119.0,999.9873046875,-0.5829233436823698,0.5938018375933405,4.052783730125613,-1.168660801154111,-0.2097952843659811,0.858437670815805,1.4533057633671165,-0.6679286218204874,0.3382146206364904,-2.3885568427087307
33.0,119.0,999.9880981445312,-0.5826223398273438,0.5936403409597402,4.052999745834935,-1.1685190808977604,-0.2100641154989633,0.8587361292316675,1.4536842861935764,-0.6681854667796987,0.338484102726837,-2.387931666051015
33.0,119.0,999.9881591796876,-0.5825241599445636,0.5936398664580391,4.05334716342341,-1.168238893430122,-0.2101771013361499,0.8588255560650087,1.4536441949740952,-0.668105061753062,0.3390041085297923,-2.3877117565266075
33.0,119.0,999.9877319335938,-0.5827336047480065,0.5936140059126576,4.053227222570769,-1.1688544632811233,-0.209976868378888,0.8585867960051878,1.4537211816205566,-0.6678850299203116,0.3384339869871997,-2.3883498739924285
33.0,119.0,999.98779296875,-0.5827974235109066,0.594040812026611,4.053078012299384,-1.1690108686550014,-0.2098689048630229,0.8580726550717843,1.45380132248928,-0.6677781353893586,0.3381922864532338,-2.388548412775541
33.0,119.0,999.9873657226562,-0.5827988567866216,0.5937418419279696,4.053321384105358,-1.1687186292531946,-0.2099966040936882,0.8585854982068719,1.4538033975230285,-0.6680183264716346,0.3386109808055817,-2.3882651324227755
33.0,119.0,999.9879760742188,-0.5828665339256061,0.5940085040021428,4.053191629245861,-1.169134707175525,-0.2097897553128955,0.8581541480535604,1.4539004940469995,-0.6679810873037457,0.3381017150391301,-2.3884878304017496
33.0,119.0,999.9881591796876,-0.5828361194210716,0.5939873852002995,4.053021507220384,-1.1689374894651023,-0.2099018247616335,0.8583222219388489,1.454065625376508,-0.6679280551533919,0.3379337958370376,-2.38853670471926
33.0,119.0,999.987548828125,-0.5827832907340458,0.5939564727179336,4.053103618701455,-1.168812967993814,-0.2099195054355078,0.8582543608402338,1.4537918057566488,-0.6679695237619505,0.3383990753163228,-2.388287476373026
33.0,119.0,999.9882202148438,-0.582721667380123,0.5936386334987365,4.053087869149628,-1.168626308510481,-0.2098866881185292,0.8586062552281248,1.4533551810192336,-0.6680010981734599,0.3386853040906601,-2.388257835290432
33.0,119.0,999.9877319335938,-0.58264078982008,0.5935868058871865,4.053185939125553,-1.1687689416626543,-0.2100299547758073,0.8585577239908044,1.4537684604977166,-0.6679451153284246,0.3385128920011482,-2.388180721346027
33.0,119.0,999.9872436523438,-0.5827266891155434,0.5935921983581931,4.053081045491533,-1.1688975589572197,-0.2098748642605121,0.8585142362610441,1.4535467168928804,-0.6678846864626289,0.3383403081369218,-2.388661730412552
33.0,119.0,999.9879760742188,-0.5829660853844061,0.5936663312493131,4.052825905832957,-1.1688944569091824,-0.2097456365950716,0.8584816393605488,1.453155033710006,-0.6679586128532353,0.337828606677002,-2.3891099118544896
33.0,119.0,999.9885864257812,-0.5827826382184247,0.5938758694527699,4.05287356185832,-1.1691084522101862,-0.2100168300479428,0.8582110182645186,1.4541950543212447,-0.6676877048243748,0.3379968013905579,-2.388216073809808
33.0,119.0,999.9882202148438,-0.5828444750101438,0.5935465749601274,4.052939161583911,-1.168721951278025,-0.2099083029018364,0.8585765432567616,1.453672905208827,-0.667944332559105,0.3383345048705068,-2.388353483116908
33.0,119.0,999.9886474609376,-0.5827517805993923,0.5935794542265604,4.053305471786956,-1.1685526921222964,-0.2100386099779445,0.8586788338674207,1.4537164730509158,-0.6680207017608826,0.3389066390671829,-2.387747246179717
33.0,119.0,999.9882202148438,-0.5827874743301091,0.5938218702419826,4.05302805767257,-1.1687369449942675,-0.2099018979759019,0.8585154359673037,1.4535762286516327,-0.6681529934186825,0.3381215850293797,-2.3882327683783555
33.0,119.0,999.988525390625,-0.5828173062483355,0.5935133636853385,4.052970826844367,-1.1684481324927107,-0.2100387128944039,0.8589744638772938,1.4536372894239555,-0.6682140216143138,0.3385967548635493,-2.387929332254753
33.0,119.0,999.987548828125,-0.5829108606013795,0.5938900299004048,4.053069119209191,-1.1686338545637835,-0.2097318738386571,0.8585418018454751,1.4532066348716146,-0.6681042812190832,0.3382323909845226,-2.388667389308696
33.0,119.0,999.9880981445312,-0.582562593190791,0.593594033599885,4.0529349371964525,-1.1682903252380017,-0.2101185784327999,0.858978455665337,1.4538390195356072,-0.6680404126892094,0.3386623214886084,-2.387577633826884
33.0,119.0,999.987548828125,-0.5827670756298815,0.5937833129122039,4.05287505907404,-1.16848691915874,-0.2100648050909832,0.8586957169562206,1.453717057732247,-0.6679792313678812,0.3384321434137991,-2.388118597650088
33.0,119.0,999.988037109375,-0.5828634674630857,0.593298548181675,4.053147878649876,-1.1686337932465722,-0.209865204339569,0.8588753108397036,1.452964185554749,-0.6680856413696068,0.3382737252850258,-2.388846514873628
33.0,119.0,999.9874267578124,-0.5829867625521823,0.5939786715285695,4.053030327426553,-1.168857626618208,-0.2096908256088649,0.858435477321339,1.4534221601146535,-0.6680679002297536,0.3379808764418603,-2.388892060652248
33.0,119.0,999.9882202148438,-0.5828439409488411,0.5936612586050041,4.053206999806285,-1.1688273965747364,-0.2098202627162031,0.8583348840091665,1.4533617865542778,-0.6679130831234437,0.3387500613077074,-2.3883584152839115
33.0,119.0,999.9874877929688,-0.5829354372099242,0.5938826239907735,4.053033616430311,-1.168876513872879,-0.2098096339263353,0.8584021524176944,1.4536342114333731,-0.6679477757334382,0.3381117745839965,-2.3885279242885376
33.0,119.0,999.987548828125,-0.5827253200788212,0.5935440741869789,4.052900657721368,-1.1686029119335526,-0.2099538186083629,0.8587388931089333,1.453599143175694,-0.6678397110549792,0.3385126004380714,-2.388172579973004
33.0,119.0,999.9879760742188,-0.5827311090952918,0.5935807562244744,4.053029724517341,-1.168817164251588,-0.2098790384067346,0.8586711813788188,1.4538392966283444,-0.667958730160569,0.3382049461848622,-2.3885680101105864
33.0,119.0,999.9883422851562,-0.5826963156519671,0.5935154810070866,4.053453419710028,-1.1683320851300625,-0.2098616306813694,0.8587817569039968,1.4530258819133426,-0.6682156031947883,0.3391795766402126,-2.388098521464723
33.0,119.0,999.9877319335938,-0.5828137853589768,0.5939770116638563,4.05331269263775,-1.1687957817890564,-0.2099373193752693,0.8583092592888111,1.4538702744573664,-0.6678765609372537,0.3386405709871116,-2.3882441252270814
33.0,119.0,999.9877319335938,-0.5827139057152673,0.5935714226952529,4.052972323333799,-1.1687350198698852,-0.2099377287627826,0.8585635835245542,1.453603330922137,-0.667897253866613,0.338258280533589,-2.3883620681019884
33.0,119.0,999.9881591796876,-0.5827447957551533,0.5938133031118467,4.052864223858396,-1.1686343786244136,-0.2099812783947801,0.8587191575217084,1.4538478669077204,-0.6679550543348238,0.3382956097539802,-2.3879445794608314
33.0,120.0,999.987548828125,-0.5828097366427292,0.593645226592832,4.052818669437144,-1.1690549890872202,-0.2099345325798909,0.8584284219400375,1.453823093901372,-0.6678246900347142,0.3378830508214694,-2.388687256123105
33.0,120.0,999.987548828125,-0.5826310789407465,0.5935612294694428,4.053034477794055,-1.1683019572019735,-0.2100924766683833,0.8587732818391789,1.4534751681589135,-0.6679879150061483,0.3386947929568018,-2.38805034641376
33.0,120.0,999.9876708984376,-0.5829056913024413,0.5936549658557668,4.052754043955325,-1.1686376728444632,-0.2098794556231284,0.8587984802215418,1.4534284898037768,-0.668022620314833,0.3380584729991085,-2.388604800857612
33.0,120.0,999.9876098632812,-0.582928999337998,0.5940190680434521,4.053075222615091,-1.1689686934313293,-0.2099565942721462,0.8580767489085037,1.453825499186662,-0.6678497082812047,0.3381783058830034,-2.3886062149014107
33.0,120.0,999.988037109375,-0.5830546025367456,0.5938899821293315,4.052925865730352,-1.169523608903197,-0.2096485931227771,0.8581437622185799,1.4539874371340709,-0.6677691956153415,0.3375591649515801,-2.389410333879725
33.0,120.0,999.9879760742188,-0.5829805302724624,0.5938531678578363,4.053060475381624,-1.169032555142664,-0.2097804921674146,0.8583620953341544,1.4535300098817014,-0.6679232106345951,0.3380242225044219,-2.388769163398833
33.0,120.0,999.9876708984376,-0.582720255880564,0.5936789224306285,4.053212191991555,-1.1689229319009904,-0.2098756297563042,0.8585263933386136,1.45369701708775,-0.6679924032768252,0.3382936488413248,-2.388619620568657
33.0,120.0,999.9884033203124,-0.5828494099423489,0.5936717504893281,4.052773307798315,-1.1688357948056582,-0.2097813141877411,0.8585607059327014,1.453266681537043,-0.6678533467975187,0.3378487253664666,-2.3887716814181923
33.0,120.0,999.9878540039062,-0.5828188007129338,0.5934879449011135,4.053052920403658,-1.1687672155594315,-0.2099284901120617,0.8586785979375797,1.4536173020969605,-0.6680687606216633,0.3382459134843829,-2.388467774071341
33.0,120.0,999.987548828125,-0.5828597471864478,0.5940994091535332,4.052926927321289,-1.169131059196276,-0.2098774299574799,0.8579970738656755,1.4539931861130375,-0.6677080920085219,0.3380413700648699,-2.3885896961436264
33.0,120.0,999.9876708984376,-0.5828473192767607,0.5936024110095861,4.053003699966753,-1.1683575087375302,-0.210025899937686,0.8586624769042519,1.4533212126707395,-0.6680327973774922,0.3386824740591532,-2.3881509726538326
33.0,120.0,999.9873046875,-0.5828952242693264,0.5936789885381515,4.05288277007922,-1.1684098658924371,-0.2098391231649561,0.8587898250000432,1.4532169532209904,-0.6679919670446726,0.3385969402112234,-2.388251124812157
33.0,120.0,999.9872436523438,-0.5827153233827858,0.5934981373405348,4.053075958637725,-1.1686833385990991,-0.2100077491596659,0.8587573179740033,1.4536463936824244,-0.6679253306276163,0.3384141023135543,-2.3883956621430813
33.0,120.0,999.9876098632812,-0.5828778624506183,0.5937620828797971,4.052994331211391,-1.168321770230858,-0.2098406372755752,0.8587365099256372,1.453200275155461,-0.6681038743951877,0.3384678999735948,-2.388334216151493
33.0,120.0,999.9873657226562,-0.5828294357090744,0.5939129291604992,4.052995897737336,-1.1686360267250864,-0.2099628698848104,0.8584032077446295,1.4534423742782456,-0.6679712533467734,0.3382333629689178,-2.388426601847355
33.0,120.0,999.9876098632812,-0.582869518712176,0.5938002992769578,4.052950373110367,-1.1685658037447495,-0.2098279163457057,0.8586547674268319,1.453564908530474,-0.6680229153878461,0.3385409267058712,-2.3882994890331104
33.0,120.0,999.9874877929688,-0.5829559120461356,0.5936850353214362,4.053224380995344,-1.1689820925399914,-0.2098061554706101,0.8585582446621034,1.4537338316247317,-0.6680304046226535,0.3382989809340202,-2.388596405801264
33.0,120.0,999.9876708984376,-0.5827603585092609,0.5937018604682631,4.0530330197517,-1.1688692702021577,-0.2099135134193126,0.8586608314143689,1.4538457719657574,-0.6678334482104313,0.3382587124138991,-2.388341228731937
33.0,120.0,999.9874877929688,-0.5827864641498897,0.5936941926458275,4.053023425667135,-1.1685420523512402,-0.2098499142479921,0.8586689082350238,1.4532697682287168,-0.668042637894251,0.3383242748092474,-2.388424668453643
33.0,120.0,999.9881591796876,-0.5829774554104885,0.5934856147243481,4.052866972504667,-1.1687603632112182,-0.2097890750537772,0.8587133064433026,1.4531668681919945,-0.667968916905731,0.3380000805988805,-2.389047969721428
33.0,120.0,999.9877319335938,-0.582686117676495,0.5935681674265849,4.053180554312146,-1.1685936498499334,-0.2100515235905815,0.8586854734353411,1.4537467766615784,-0.667858080776754,0.3385715397901254,-2.3884255306576083
33.0,120.0,999.9879760742188,-0.5829324338485362,0.593786989203875,4.052778491148546,-1.1688446507365584,-0.2097521130683706,0.8585100411504056,1.453697918872506,-0.6679774281505022,0.3381155795847981,-2.3884627872204343
33.0,120.0,999.9876708984376,-0.5827205774954614,0.5935601155161141,4.0531160375212565,-1.168606251011766,-0.2099156571840694,0.8588536837908043,1.4536766570429984,-0.6681048028055949,0.338401017998482,-2.388236863335198
33.0,120.0,999.9879150390624,-0.5829157595337318,0.593711335594616,4.052989168942197,-1.169259110457176,-0.2098231665487206,0.8584040320570416,1.4540475460806022,-0.667819107694954,0.3377431953684473,-2.388978185486251
33.0,120.0,999.9877319335938,-0.5827951048788407,0.5938565405755813,4.053097143621249,-1.168594105142029,-0.2100302896950507,0.8582635185020013,1.453571272868274,-0.6679072246396203,0.3385000642174347,-2.388357605091067
33.0,120.0,999.9879150390624,-0.5829654554333699,0.593621892890237,4.05288342206326,-1.1684963285951206,-0.2098202287385318,0.8588554093632519,1.453216996437754,-0.6681154569252428,0.3382173231937848,-2.3886019309729427
33.0,120.0,999.9877319335938,-0.5829891748392226,0.593649837351796,4.052806055116596,-1.1691675669332595,-0.2098197122544469,0.858382240441502,1.4537353929604313,-0.667804792597952,0.3380061148080662,-2.3887935142256915
33.0,120.0,999.9872436523438,-0.5828075761297304,0.5938592606327351,4.0530922510446725,-1.169030006089848,-0.2098924560718504,0.8582777284492984,1.4538642238772257,-0.6679451744534894,0.3381243975461032,-2.3885936847367164
33.0,120.0,999.9882202148438,-0.5828222273654831,0.5936676484465959,4.053287255882783,-1.1684969505383336,-0.2099071711909745,0.8587461895652817,1.4532456872981223,-0.6681293795410541,0.3387478494676319,-2.3881246587154696
33.0,120.0,999.987548828125,-0.5828397466308051,0.5939093301721599,4.053083154521007,-1.168932209562528,-0.2099267358092928,0.8583783606374604,1.453679093403598,-0.6679471135155817,0.3380879749907812,-2.3886606484423907
33.0,120.0,999.9882202148438,-0.5828262109040292,0.5939470016707258,4.0533012388974505,-1.168549887340189,-0.2100039713021004,0.8582190799225442,1.4535569195015272,-0.6678474020792304,0.3387184792519413,-2.388282340184628
33.0,120.0,999.98681640625,-0.5829186341736419,0.5938425209243832,4.05296435626401,-1.1688100373395374,-0.2097715783899572,0.8585272242612731,1.4536249361716234,-0.6680038646863711,0.3381967759728388,-2.3885593542364862
33.0,120.0,999.9874877929688,-0.582803900503766,0.5939069342501435,4.053208887489486,-1.1686224299291317,-0.2099189559389955,0.8584115877457155,1.453606170386469,-0.6680129966541948,0.3386347176686701,-2.3881665669281595
33.0,120.0,999.9871826171876,-0.5829074764069002,0.59380041949463,4.053079237104157,-1.1688291985515518,-0.2098313180078905,0.8584790112260343,1.4536667956630902,-0.6679697349672029,0.3382505354432403,-2.388564263832154
33.0,120.0,999.9880981445312,-0.5829065111235296,0.5938463869734143,4.053353252018832,-1.1687258773442937,-0.209817935973434,0.8584416725634068,1.45340573625832,-0.6682223482519518,0.3386278811354613,-2.388548138174753
33.0,120.0,999.9874877929688,-0.5829565462805872,0.5937575138235287,4.053064470739974,-1.1687344546155378,-0.2097819897672792,0.8585355595876258,1.4534293248448007,-0.6679558936041214,0.3382722345954807,-2.3886996947752106
33.0,120.0,999.98779296875,-0.5828155333197884,0.5939060098234865,4.052954934093531,-1.168891795485527,-0.2099040048882567,0.8583542627243625,1.4540611969838777,-0.6677675387467161,0.3383361074439346,-2.38813320966242
33.0,120.0,999.9878540039062,-0.582781670417555,0.5938412623183806,4.052877962397444,-1.1688253475521782,-0.2098525479678654,0.8584016729527946,1.4536800962266767,-0.6677767172253981,0.3380827097221495,-2.388448183871797
33.0,120.0,999.9879150390624,-0.582993553952563,0.5937005836763181,4.052765195572052,-1.169005468015412,-0.2097498657148451,0.8583534040661247,1.4536512254034406,-0.6678575557603885,0.3379679257927659,-2.3888546783139364
33.0,120.0,999.9876708984376,-0.5829009499011271,0.5938972074825628,4.053000542349089,-1.1692058792719284,-0.20979802942019,0.8582987049176758,1.4537240149640942,-0.6679738944207054,0.3378064798462885,-2.3889872199350224
33.0,120.0,999.9879760742188,-0.5826213658844734,0.5934687818088502,4.053234309035478,-1.1685265715898483,-0.2099578026781943,0.8589219476099119,1.4534240534116272,-0.6681136273682888,0.3385302754568995,-2.388493168609594
33.0,120.0,999.9873657226562,-0.5831488547608021,0.5941613263030154,4.052820604113913,-1.16950009264753,-0.2095798832668283,0.8577568085142531,1.453468344784837,-0.667784733829369,0.3374760784028172,-2.389443512972125
33.0,120.0,999.987060546875,-0.5829790831174257,0.5939474037921606,4.05302848450609,-1.1692226939049428,-0.2097764718981389,0.8581608527199949,1.4536547909941424,-0.6678967479346287,0.3379679314420816,-2.3888143768189254
33.0,120.0,999.9876708984376,-0.582731381689336,0.5938168789833025,4.053262848583998,-1.16833656595319,-0.2099990182135904,0.8585647591226921,1.45345098947654,-0.6680798544124258,0.3388705369801776,-2.388117443268162
33.0,120.0,999.987548828125,-0.5829384139646194,0.5938796533550219,4.053147321439546,-1.1688193729599434,-0.2098603875023883,0.8583921365772804,1.4537827814093245,-0.6680092385942125,0.338505891042784,-2.388475151576269
33.0,120.0,999.987548828125,-0.5829443120339173,0.5934988204716767,4.0527760963427575,-1.168969413739381,-0.2097636245187377,0.8586045299114877,1.4533358373968497,-0.6679739593198137,0.3379409259399768,-2.3889792221092554
33.0,120.0,999.9874877929688,-0.5830226397133362,0.5936732460676506,4.052957639622591,-1.168884036727296,-0.209752914775894,0.8584672740151431,1.4533759954404877,-0.6680092680394702,0.338026613883958,-2.388948096585516
33.0,120.0,999.9869995117188,-0.5829097391828428,0.594044292228288,4.05300158824762,-1.1690287722389303,-0.2098568974892849,0.8580743639441124,1.453715432087459,-0.6678740477856557,0.3381223013024428,-2.388501598895364
33.0,120.0,999.9874267578124,-0.5828318698128641,0.5937104068195618,4.05313503311673,-1.1687775377661684,-0.2097685131768125,0.8585602908384811,1.4532017108459625,-0.6681504269671015,0.3381088437845312,-2.3889425866324743
33.0,120.0,999.9874877929688,-0.582856468520565,0.5938860762877276,4.053126958919078,-1.168825571847241,-0.2097708335799328,0.8584291113672045,1.4534817313098625,-0.6680965960427399,0.3383021788508813,-2.38859700823659
33.0,121.0,999.9874877929688,-0.5826770136392865,0.5933708785145182,4.05332249231963,-1.168602937750241,-0.2099807164571077,0.8589634675813969,1.4536256678510462,-0.6681295050049352,0.3386498174234216,-2.388155422400712
33.0,121.0,999.9878540039062,-0.5829333398385304,0.5938456150186706,4.053237336897276,-1.1689914540348436,-0.2096835479886429,0.8584069542640504,1.4533567540072303,-0.6680964853037832,0.338236288444687,-2.388812150540696
33.0,121.0,999.9869995117188,-0.5828736954205711,0.5937538655193562,4.053042314080873,-1.168913405673094,-0.2097847217138877,0.8584269433686975,1.4534035124853697,-0.667997909872442,0.3381509184712241,-2.388888606835226
33.0,121.0,999.9874877929688,-0.5829652746873464,0.5938885393798401,4.052991062072493,-1.169073838173333,-0.2097370605091324,0.8582550076927049,1.453623643145992,-0.6678214248492909,0.3379642355768517,-2.3888883822493163
33.0,121.0,999.9872436523438,-0.5828515842400614,0.5938119263872297,4.052980383491025,-1.169097698908042,-0.2098788357718053,0.8583530683445995,1.4538279107512642,-0.6679802360163736,0.338052056132061,-2.388639619213193
33.0,121.0,999.9872436523438,-0.5830277717196957,0.5937594898516974,4.053056824431376,-1.168988066857235,-0.2097159442155414,0.8583704530529221,1.4533633351369364,-0.6680051126311994,0.3382152140109209,-2.3888412904160363
33.0,121.0,999.9876708984376,-0.5827615281644709,0.5937370056857381,4.052985502368548,-1.168564372650161,-0.2100014564914074,0.8584894562859526,1.4535150129198111,-0.6679694181592009,0.3382962384242018,-2.3883740525976744
33.0,121.0,999.9874877929688,-0.5828708975137138,0.5936538344407776,4.0531731330098815,-1.1690769219910877,-0.2098465633909167,0.8584630887391151,1.4537497859758384,-0.667990767388857,0.3381350050337222,-2.3888464510302527
33.0,121.0,999.9872436523438,-0.5829670229566339,0.5938922684610146,4.052850745138825,-1.1689318716155284,-0.2097315727352473,0.8583223949159962,1.4535760924594712,-0.6678619018552272,0.3382549207167873,-2.388601468636857
33.0,121.0,999.9874267578124,-0.5828170979949485,0.5937093457555873,4.053151275343298,-1.1684923697789218,-0.209875965864053,0.8587656526495895,1.453478535508382,-0.6680398176755524,0.3386147163192055,-2.3882801204541666
33.0,121.0,999.98779296875,-0.5828773253472468,0.5940679195475616,4.052915802339584,-1.1690335794835098,-0.2098655823791961,0.8580346651049986,1.4535585949107643,-0.6678389685538484,0.337882912252069,-2.3887565371790105
33.0,121.0,999.9874877929688,-0.5829094476642638,0.5937718108916368,4.053051989754973,-1.1688910974183635,-0.209800917183295,0.8584396139673718,1.4533683762549805,-0.6680328690440112,0.3380381357756068,-2.3889660542566213
33.0,121.0,999.9871215820312,-0.5828551852133597,0.5937591096387385,4.0530308959689645,-1.1687918768625796,-0.209850257883736,0.858533643659519,1.4535610114410336,-0.6679425685325331,0.3384981799264572,-2.388327950471316
33.0,121.0,999.987548828125,-0.5828125202777867,0.5939418814772512,4.053153256180142,-1.168509968477493,-0.2099578240067687,0.8584419678114692,1.4536022992194786,-0.6680304042313185,0.3386429210309813,-2.388154400179124
33.0,121.0,999.9872436523438,-0.5829568979067155,0.5940127913947961,4.053037581202172,-1.169170739189492,-0.2097296620767732,0.8580743749886395,1.453819580012777,-0.6678233470484773,0.3380466667805084,-2.388894659649256
33.0,121.0,999.9879760742188,-0.5829708615205353,0.5936615697723564,4.053071217431704,-1.1686054088720574,-0.2097512927719584,0.8587396354325829,1.4534714131732418,-0.6679868766212547,0.3386705351869148,-2.3883465917388325
33.0,121.0,999.9878540039062,-0.5828538436311517,0.5939969997466079,4.053075129940089,-1.1688308348345129,-0.2098684691290584,0.8581619165714827,1.453418440628398,-0.6680679414830584,0.338187838256843,-2.388585941569324
33.0,121.0,999.9873657226562,-0.5829910220741015,0.593714987321972,4.052974376863164,-1.1690400825227494,-0.2097630386956099,0.8583310411272436,1.4535726280102228,-0.6678691485469113,0.337997575351415,-2.388936218051846
33.0,121.0,999.9874267578124,-0.5827678855968088,0.5938233348027202,4.053108191376039,-1.1687786424342177,-0.2099152498230392,0.8585352068928032,1.453574572877959,-0.6680979465304695,0.3383511440024751,-2.388549522079879
33.0,121.0,999.987548828125,-0.5829453841160133,0.5937309678162936,4.053070671934684,-1.1687206352571031,-0.2098388891511842,0.8586856887661014,1.4534382414105167,-0.6681282119333263,0.3383094996326132,-2.388487809697307
33.0,121.0,999.9877319335938,-0.5829954382896672,0.593987690551768,4.05291158495363,-1.1688096109073505,-0.2098072817126448,0.8583631699746217,1.4534716755695456,-0.6680624287733838,0.3380093172182725,-2.388797143491778
33.0,121.0,999.9869384765624,-0.582796884718566,0.5935282342104831,4.05302759872181,-1.168812972967252,-0.2098291226906816,0.8586316920236889,1.453397489132044,-0.6679733853832408,0.3382296399325355,-2.388771427857161
33.0,121.0,999.9873657226562,-0.5828380666941575,0.5938378188440616,4.053268064572672,-1.168693646087827,-0.2099547311205114,0.8584545564621457,1.4536348404810076,-0.6680322267479744,0.3385376703364322,-2.388325770380628
33.0,121.0,999.9876098632812,-0.5827406042483272,0.5935922127256701,4.053009191291654,-1.16871953983701,-0.2098526709975177,0.8588881505597623,1.4537783654614689,-0.667962005249203,0.3383940775582523,-2.3884210929324565
33.0,121.0,999.9874267578124,-0.5827431776039926,0.5933555724633486,4.052926410465002,-1.1683643837229911,-0.2099643531305375,0.8590683048852004,1.4532328599825162,-0.6680005130153859,0.3385918113907902,-2.3882113304242742
33.0,121.0,999.9878540039062,-0.58315949864582,0.5942636350758779,4.052825635494221,-1.1694865594719954,-0.2097662070074699,0.857645912062484,1.4538958068679566,-0.6676784843206862,0.3375501930288846,-2.3891328276827792
33.0,121.0,999.987548828125,-0.5828851511681377,0.5938316452728474,4.053299854849154,-1.1689462315003871,-0.2098510756547957,0.8582850834794096,1.4536229558911176,-0.6679913604987373,0.3382351750845593,-2.3888215225281515
33.0,121.0,999.9880981445312,-0.5828397869535475,0.5938236177372245,4.05320564039101,-1.1689566916722316,-0.2098079229624048,0.8584968250098859,1.4538400414993315,-0.6679395837350004,0.3382486921227468,-2.388332243651213
33.0,121.0,999.9881591796876,-0.5828841384051202,0.5935321333987833,4.053281123795795,-1.1690042449900409,-0.2098182274023683,0.8587467647650646,1.453885734354344,-0.6679451140368826,0.3383822469762654,-2.388534984562029
33.0,121.0,999.9878540039062,-0.5829426695047166,0.5936541648720128,4.053021258492324,-1.1686768937697662,-0.2097214251401178,0.8587216138390472,1.4534490756896767,-0.668011843626223,0.3386031270694296,-2.3883176242431703
33.0,121.0,999.9874267578124,-0.5829514777406146,0.5938387790084834,4.05291169844411,-1.168804744605466,-0.209839447149486,0.8583555010376012,1.453348158566926,-0.6678982818572425,0.3382282404606505,-2.3886368219546816
33.0,121.0,999.9881591796876,-0.5830404512838028,0.5941757180241023,4.052938896085291,-1.1689800036022415,-0.2097820307085749,0.858140505514501,1.4536908776454194,-0.6679264171340646,0.3379133571126349,-2.388634947845312
33.0,121.0,999.9884643554688,-0.5827601449923216,0.5935137805711594,4.053065544682731,-1.168903428804823,-0.2098584912733372,0.8587810322260445,1.4539183376646705,-0.6679201313419512,0.3381815835138413,-2.3884066644149096
33.0,121.0,999.9872436523438,-0.5829078593211943,0.5940727021700383,4.053180550183029,-1.1689803456571308,-0.2098458624227959,0.8582270593361319,1.4539145940776097,-0.667865152345037,0.3383102828959661,-2.3885040271515035
33.0,121.0,999.9876098632812,-0.5830714504367425,0.5941631871680499,4.053105156339271,-1.1692291373697867,-0.2097421499461296,0.8580118161394914,1.4537081986952671,-0.6679261799430369,0.3378492306737808,-2.3888949562240964
33.0,121.0,999.9869995117188,-0.5829978152457134,0.5940432305204189,4.053019936628452,-1.169185020439217,-0.209765642367242,0.8580415479004069,1.45379007118457,-0.6678171798342172,0.3380326666873587,-2.388782812367749
33.0,121.0,999.98779296875,-0.5828464810667535,0.5938079458166463,4.053027657220797,-1.1684720280695735,-0.2099557997825734,0.8586467126736306,1.4535973425875035,-0.6680624119516887,0.3384082783427615,-2.388254283709621
33.0,121.0,999.9878540039062,-0.5827294803792196,0.5936111617377886,4.052930838286651,-1.1684203815184762,-0.2100659719635302,0.8588357142900547,1.4537320709151516,-0.6680315646220389,0.3386828796666687,-2.3878466943430183
33.0,121.0,999.9878540039062,-0.5829843685860041,0.5941402406512966,4.053113708680678,-1.16920916201215,-0.2098780477271082,0.8578228221236621,1.4537735364592486,-0.6677655106000548,0.3378893345321012,-2.388903362078162
33.0,121.0,999.9884643554688,-0.5830280635469878,0.5942379468510275,4.053073725928707,-1.1691095820270454,-0.2097793828119618,0.8578815463147578,1.4535926242121988,-0.6679591119142172,0.3376753905777274,-2.389055896243446
33.0,121.0,999.98779296875,-0.5829579509482983,0.5940589543921151,4.052821763176473,-1.1693024171309905,-0.2097309589589233,0.8580648698397999,1.4539366505494824,-0.6677189509269086,0.3379063127000972,-2.388633508036977
33.0,121.0,999.9876098632812,-0.5829705193976444,0.5939250726186485,4.053171036696256,-1.1691828401681907,-0.2097290561471352,0.8581484360260454,1.4537219056454198,-0.6678013461594752,0.3382079626297649,-2.3888682814688424
33.0,121.0,999.9874877929688,-0.5830176037489405,0.5943238067999914,4.0530832514463135,-1.1694224693326554,-0.2097161605465576,0.8577178098125069,1.454050854977308,-0.6677767099790213,0.3379452834725205,-2.388886261468449
33.0,121.0,999.9873657226562,-0.5828575862966607,0.5937355878340798,4.052934633908482,-1.1688724088395297,-0.2097852920973224,0.8586383931699295,1.4536062078918377,-0.6680715067207297,0.3381285694904292,-2.3884904854443083
33.0,121.0,999.9874877929688,-0.5829404725803231,0.5940616230027729,4.053090193628053,-1.1689288231296708,-0.2097631162575197,0.85820293023973,1.4536557983471132,-0.6680319130471863,0.3382251255353639,-2.388509495076223
33.0,121.0,999.9879150390624,-0.5830858400264045,0.5941275212226493,4.0530346914705735,-1.169541110585124,-0.2097198061440934,0.8580194764067164,1.454054915849598,-0.667866553483873,0.3374758970192459,-2.38918537775936
33.0,121.0,999.9873657226562,-0.5828897353157707,0.5939961419603703,4.05318449417517,-1.1688510190204413,-0.209827811702735,0.8582978842378957,1.453508609017474,-0.6679816047322271,0.3382868420194675,-2.388637363106475
33.0,121.0,999.9871826171876,-0.5828552866531407,0.5937238738826665,4.052988849261508,-1.1686331925729294,-0.2099725907366272,0.8586330101710242,1.4536924323421498,-0.6679249564611487,0.3383621667830017,-2.3883916245065206
33.0,121.0,999.987548828125,-0.583051345102473,0.5937484154463881,4.053136271726956,-1.168842861772192,-0.2097442481181008,0.8584545860836439,1.4533198281730115,-0.6681211205942059,0.338171291540041,-2.388873275561397
33.0,121.0,999.987060546875,-0.5828946596599209,0.5937515319031208,4.052809553295521,-1.1688991641123088,-0.2097623978680394,0.8584761880074829,1.453590651303002,-0.6678973785082114,0.338005581695441,-2.3887251452123675
33.0,122.0,999.9868774414062,-0.5829812782914967,0.5938641306807169,4.052880510331743,-1.1688452933168731,-0.2098187983183121,0.8584377014055109,1.4536054717284896,-0.6679470843169835,0.3381948709109403,-2.388467798617735
33.0,122.0,999.9878540039062,-0.5826831115853253,0.5934499414758196,4.053188920357423,-1.168644077796594,-0.2099611930709972,0.8589621447847549,1.453901529568702,-0.667982155116591,0.3387498810482032,-2.388086821004382
33.0,122.0,999.9878540039062,-0.5829806067718248,0.5940647427365278,4.0529402233728415,-1.1692882455887357,-0.2097509702256843,0.8579727599117302,1.4537721461276467,-0.6677976494509039,0.3376688979025584,-2.3890463142103604
33.0,122.0,999.9871826171876,-0.5828700783757004,0.5936238702226504,4.05295004426017,-1.1685432464551155,-0.2099005272528122,0.8585589084608607,1.4532598900628733,-0.6680325895096901,0.3385394272962818,-2.3884027929551914
33.0,122.0,999.9874267578124,-0.58270983494962,0.5937001617613618,4.053105770220283,-1.1688041794265769,-0.2099617465949359,0.8585432602959253,1.4537198385993193,-0.6680089790819785,0.3384118993233977,-2.38830268451921
33.0,122.0,999.9879760742188,-0.5828055308362732,0.5938336052525104,4.052936336046587,-1.168994660010232,-0.2098136850644749,0.8584072911706029,1.454005549023382,-0.6677005586948246,0.3382804780040498,-2.3885064306023014
33.0,122.0,999.9876708984376,-0.582716110505161,0.593780518040365,4.052793792383342,-1.1684781636565311,-0.2099161887788927,0.8585731669412677,1.4534056148349244,-0.6679053979329721,0.3385016353308039,-2.3881877392426443
33.0,122.0,999.9873046875,-0.5828335892268104,0.5937960054878761,4.053227372087712,-1.168743345173123,-0.2099292116428328,0.85853868158644,1.4536060169134934,-0.6680092822615107,0.3384721111712601,-2.388372705061247
33.0,122.0,999.9876098632812,-0.5828327476091575,0.5936460786532436,4.052989940647713,-1.1690113829697313,-0.2098075512979935,0.858448246191994,1.4536986955951772,-0.6678504832496834,0.3379969006197436,-2.388945508818623
33.0,122.0,999.9873046875,-0.5828841303080159,0.5936758428460802,4.052938947239152,-1.16880346005579,-0.2098610790182951,0.8585493293435142,1.453605329079206,-0.6678583959734139,0.3384195016779507,-2.388477517782749
33.0,122.0,999.9877319335938,-0.5829581185620034,0.5940604443607214,4.053243230915825,-1.1691820869933505,-0.2098308739834173,0.8580479156462326,1.4540513258727683,-0.6678476120201715,0.3382018427972681,-2.388778430167366
33.0,122.0,999.9876708984376,-0.5830245588044782,0.5941160263055334,4.052786086183282,-1.1690701957454102,-0.209689233415931,0.8582605188011119,1.4537205556302606,-0.6679408229530042,0.3378053245007892,-2.388759800608863
33.0,122.0,999.9876708984376,-0.5829104206237208,0.5938687122569561,4.053123040250723,-1.1689455704746,-0.2097532972306783,0.8583322009833108,1.453587490694579,-0.6678188391143172,0.3382109323928075,-2.388888722132948
33.0,122.0,999.9873046875,-0.5830207598524257,0.5940719400540937,4.053046362822052,-1.169419755863978,-0.2097935698957966,0.8578899870206218,1.4539532734817389,-0.6677791884413962,0.338007321122129,-2.3888450467953355
33.0,122.0,999.987548828125,-0.5828298910438274,0.5934675257033373,4.053094720404925,-1.1684427091518952,-0.2098752754023092,0.8588813581648829,1.4531394118952097,-0.6680978193953973,0.3385406182112369,-2.388490882806436
33.0,122.0,999.9871215820312,-0.5829427381628136,0.5939787173005593,4.052989651457949,-1.1691581004696507,-0.2097903285007323,0.8581916356116555,1.453867407861262,-0.6678455407245565,0.338135427027872,-2.3886128728538845
33.0,122.0,999.9873046875,-0.5829524474034207,0.593833604930138,4.05328908653938,-1.16900874076694,-0.2098046508126341,0.8583998525140615,1.453723833197472,-0.6680454016465003,0.3381848158296368,-2.388791830504204
33.0,122.0,999.9874877929688,-0.5828333404336039,0.5939135161983113,4.053134342954442,-1.1691476718310376,-0.2099078063518078,0.8580649138029628,1.453763349410054,-0.667811389320482,0.3381377701889274,-2.388678414963015
33.0,122.0,999.9871215820312,-0.5829272581820311,0.5939536227796598,4.053014664306357,-1.1687716465133111,-0.2098113879686618,0.8583280345973732,1.4533795829864733,-0.6680764216981228,0.3381239518017356,-2.388693902797568
33.0,122.0,999.988037109375,-0.5827806793152073,0.5937819442229557,4.053310436067962,-1.168884543057644,-0.209958876487831,0.8584261606577002,1.4537646874895138,-0.6678990397011892,0.3386206687528323,-2.3883481188516065
33.0,122.0,999.9879150390624,-0.5830440834750572,0.5938285617366548,4.0527968363358,-1.1692359781759285,-0.2096528873311145,0.8583502974076591,1.4536689386942436,-0.6677644469604154,0.3376273423681315,-2.38925543051544
33.0,122.0,999.9871215820312,-0.5826985277926191,0.5935910258903832,4.053133217612876,-1.1685432458710383,-0.2100073293430906,0.8588270506656794,1.45364474003192,-0.6680740466917108,0.338535822685186,-2.3881817855287024
33.0,122.0,999.9873657226562,-0.5827503528276514,0.5937984656963753,4.053069657726626,-1.1685328423804502,-0.2099942045909291,0.8586048700495921,1.4537617110522616,-0.6679111628510475,0.3386133367764561,-2.388095583397212
33.0,122.0,999.9873657226562,-0.5829026682515233,0.5938654451746039,4.052969690271318,-1.1687613911672274,-0.2098575847637906,0.8584159349456826,1.4533429015144348,-0.6679217860380273,0.3382139376739248,-2.3887319874940784
33.0,122.0,999.987548828125,-0.5829061147430004,0.5937125495400615,4.053028054676933,-1.1686625837624915,-0.2099259109466169,0.858664514431692,1.4537239812140443,-0.6680082743837437,0.3384270190758514,-2.388294849323618
33.0,122.0,999.9874267578124,-0.5827272219812896,0.5937793676496783,4.05305179781468,-1.1689421439677723,-0.2099095436066385,0.8583385748634687,1.4537535254298355,-0.6679075974517579,0.3382501659141788,-2.3885566617407354
33.0,122.0,999.9874877929688,-0.5828001943643208,0.5935979884053042,4.053104331909285,-1.168543726755459,-0.209874196953848,0.858667235121036,1.453459348594336,-0.6679811858687126,0.3386903669363059,-2.3882521526327265
33.0,122.0,999.9873046875,-0.5830959774192062,0.5940417980200863,4.0529128248480415,-1.169322920421742,-0.2096501304284546,0.8579437523090085,1.4535208640969677,-0.6679180940698854,0.3376683091458741,-2.389214773200814
33.0,122.0,999.9874877929688,-0.5826698978354887,0.593529316835494,4.05324350077737,-1.168379154870831,-0.2101239232829925,0.8587886309586166,1.453670598043015,-0.6679829055543944,0.3389629238103389,-2.387887778368486
33.0,122.0,999.9876098632812,-0.5830174790898832,0.5939416046813477,4.05307177216662,-1.1690974334405753,-0.2096769127941682,0.858124412933182,1.4535995812957463,-0.6679158606984386,0.3379029890504048,-2.389027356409279
33.0,122.0,999.9873657226562,-0.5828822718700204,0.5940230833715869,4.052736649402904,-1.168892766037391,-0.2098318095497404,0.8583080861420829,1.453891715703568,-0.6677757465087284,0.3381215065436027,-2.3885304729171013
33.0,122.0,999.9873657226562,-0.5827885061386091,0.5936999950024777,4.053135865734745,-1.1687392921725177,-0.2098747598114378,0.8585280910044188,1.4534415663087843,-0.6679695473063143,0.3383064515600704,-2.388826510231932
33.0,122.0,999.9869995117188,-0.5829413975806608,0.5938411160943167,4.052995514745971,-1.1689927082463196,-0.2098477356654662,0.8582901840144732,1.453697414574032,-0.6678445692945818,0.3382253487814832,-2.388708406216581
33.0,122.0,999.9873046875,-0.5828563916815597,0.5935190532634742,4.052975912513702,-1.1689336624144704,-0.2097686930396927,0.8585937306389031,1.4534659056232035,-0.6679681501022259,0.3382049743892796,-2.388768052964616
33.0,122.0,999.9884033203124,-0.5830856917261267,0.5938336832437621,4.053142467979663,-1.1691215455336437,-0.2097584375274666,0.8584512396200008,1.4537532062584226,-0.6681145773526884,0.3379160281891611,-2.389031388472506
33.0,122.0,999.9879760742188,-0.5829094427124275,0.5939290442019232,4.053094867540516,-1.1686638528667863,-0.2099362876606898,0.8584525955081057,1.4538427435622356,-0.6679473093684827,0.3384511591335384,-2.3881232971046504
33.0,122.0,999.9877319335938,-0.5828642995205264,0.5936643846274752,4.052991806840991,-1.1683174538653214,-0.2097858871389784,0.8588976960346066,1.4530735939850885,-0.668049586377589,0.338744795830415,-2.3882373058651214
33.0,122.0,999.9869995117188,-0.5827893777859385,0.5936316581914323,4.053043790702386,-1.1685622009753829,-0.2099477713009978,0.8587716084797528,1.453644673626485,-0.6679971623686685,0.3385066990690157,-2.388277865665733
33.0,122.0,999.9869995117188,-0.5828803293365867,0.5936161824959338,4.053035459952589,-1.1687687513936504,-0.2098501878072616,0.858627701948695,1.4534825453942934,-0.6679686929987474,0.3382987314111965,-2.388579531767068
33.0,122.0,999.98779296875,-0.5831023732861667,0.5939422071378466,4.052866945146034,-1.169093048603985,-0.209587653999951,0.8582878840278401,1.4534543723024935,-0.6678715073688304,0.3379449740260076,-2.3889570502454016
33.0,122.0,999.9873046875,-0.5827157525292215,0.5937098261936749,4.053000976130507,-1.1685536216608754,-0.209990937460657,0.8585447433522173,1.4535750759852393,-0.6679392654816034,0.3385709811853967,-2.388162701332979
33.0,122.0,999.9868774414062,-0.58290913895262,0.5938609136059867,4.053125624761778,-1.169054087759227,-0.2098228494900418,0.8582509730315948,1.453644803459535,-0.667945490272988,0.338205089328226,-2.388678480773734
33.0,122.0,999.987548828125,-0.5827360208178076,0.5937583601272944,4.053206817090281,-1.1686587505817752,-0.2099534617386416,0.8586611401445037,1.4537681241908444,-0.6681255908533856,0.338605769339944,-2.3881414600849205
33.0,122.0,999.9871826171876,-0.5829286919501362,0.5939100900642211,4.0529077681288825,-1.169066201821373,-0.2097465334583539,0.8584897956399331,1.4538801153286638,-0.6678964944107619,0.3380229044409173,-2.388700403373856
33.0,122.0,999.9876098632812,-0.5830867102810391,0.5938591932999024,4.053024843279795,-1.168945780360955,-0.209719758482751,0.858276992872689,1.4534433022146338,-0.6680410054186314,0.3381624103969463,-2.3887660855859445
33.0,122.0,999.9874267578124,-0.5828113221548312,0.5938909276315911,4.053136456425193,-1.1689466405591844,-0.2098676367899985,0.8584309575957993,1.4538412850019815,-0.66801406027359,0.3381932819588504,-2.3885546094377497
33.0,122.0,999.9876098632812,-0.5829134627543251,0.593583369992623,4.053018961184847,-1.1690615115363907,-0.2097237699214673,0.8586178976372647,1.4535647601323571,-0.6680744462313619,0.3379478828011724,-2.388909574652049
33.0,122.0,999.9869384765624,-0.582979474733941,0.5937874579396016,4.052913447650893,-1.169086460123829,-0.2097153485638578,0.8584137152202178,1.4536702356835338,-0.6679293669348008,0.3380636743849186,-2.388686826104645
33.0,122.0,999.9873046875,-0.5828329040569216,0.5938446109967082,4.052885738231662,-1.1689075033142655,-0.2098632819952834,0.8584540012760495,1.453591864347013,-0.6679416061421826,0.3380737182336517,-2.38863570376109
33.0,122.0,999.9873046875,-0.5829702181618481,0.5939942060627112,4.053115694595114,-1.1690256288335248,-0.2097525706587024,0.8582397920169225,1.453743746782397,-0.6678202998680955,0.3383579860219541,-2.3886975084209445
33.0,123.0,999.9871215820312,-0.582788016595825,0.5936670473716879,4.053173162609959,-1.168898706383002,-0.2098706940153958,0.8584819452219241,1.453759567967836,-0.6679310236395999,0.3384655364732412,-2.388535842990389
33.0,123.0,999.9876098632812,-0.5830274463398126,0.5938334026965109,4.052972386162471,-1.1688287458641025,-0.2097548355110401,0.858382039651211,1.4534605972969814,-0.6679824781397423,0.338187190314092,-2.38871262756269
33.0,123.0,999.9876708984376,-0.5830687170042541,0.5938976472476565,4.052836471523337,-1.1689691919374496,-0.2096777153538935,0.8584645389681409,1.4534158447470071,-0.6681218219973042,0.3379007519029597,-2.388821970451185
33.0,123.0,999.9881591796876,-0.5825506253849566,0.5935517828200627,4.053179319904141,-1.16849062154105,-0.210019351395009,0.8587459386475942,1.4535521582945528,-0.6679394623089951,0.3386899202796734,-2.388203254867003
33.0,123.0,999.987548828125,-0.5828774982200038,0.5935604047375245,4.053180050534305,-1.1687939824361933,-0.2099303124631255,0.8585328028414407,1.453621384899881,-0.6680462368889408,0.3384074244457755,-2.3886012782167345
33.0,123.0,999.9868774414062,-0.5828841886858447,0.5937523010125867,4.052958883383935,-1.1687721200552486,-0.2098787918386584,0.8585598133273686,1.4536597265048723,-0.6679535295633476,0.33837916204895,-2.3884309431533746
33.0,123.0,999.9872436523438,-0.5828973768380354,0.5937161997337341,4.053007988806808,-1.1685844876517142,-0.2097976528477554,0.8587570880859179,1.4534113251135654,-0.6681544806763364,0.338444210959997,-2.3882795826812133
33.0,123.0,999.9869384765624,-0.5829382789267612,0.5938652648451743,4.053116774110109,-1.1692260359458158,-0.2097835811873931,0.8581449246209703,1.4537669668047002,-0.6678470241776129,0.3380657778153404,-2.3889539361760304
33.0,123.0,999.987548828125,-0.5828967336017872,0.5939151871695092,4.053040527947179,-1.1688054360208868,-0.2099050703535159,0.8584812095428447,1.453792600747601,-0.6680380813002635,0.3382193895056131,-2.38841343937122
33.0,123.0,999.9876098632812,-0.5826160276154999,0.5935601770526686,4.053234409720885,-1.168307673769344,-0.2100888767554138,0.8589208582838843,1.4536148210680846,-0.668072280071554,0.338970647239579,-2.3878047180541624
33.0,123.0,999.9869384765624,-0.5829658815606207,0.5937473414175862,4.052856743910333,-1.1691212898782033,-0.209747232018497,0.8584039370798866,1.4536982367962272,-0.667919669764264,0.3379135990477415,-2.388785250851726
33.0,123.0,999.9873046875,-0.582798152554755,0.5938844138215131,4.053114055831781,-1.1686723909513437,-0.2099916173623075,0.8584399700816734,1.4536476706030586,-0.6679303750662307,0.3384805195938902,-2.388260942466425
33.0,123.0,999.988037109375,-0.5830496740475892,0.5937739332119776,4.053129695268087,-1.1689693580077494,-0.2098135262086939,0.8582496224688008,1.4533763281406156,-0.667966960404339,0.338254845780499,-2.388751436878146
33.0,123.0,999.9869384765624,-0.5828871706931507,0.5937326709943171,4.052838687877916,-1.168634115839951,-0.2098511160431257,0.8587905462058991,1.4536155497068304,-0.6679893329293005,0.3382742106220737,-2.3883415905421987
33.0,123.0,999.9877319335938,-0.5828473478333152,0.5934946549095201,4.052971317308593,-1.1688590846544908,-0.2098809332622533,0.8586407161209397,1.4536353311239765,-0.6677694200605293,0.3383416435851503,-2.388597229478778
33.0,123.0,999.9874267578124,-0.5830337407836428,0.5940271460417721,4.05288052435149,-1.1691188279534148,-0.2097122906942408,0.8582833466572133,1.453949016191559,-0.6678639027257294,0.3379545323704374,-2.388695292761512
33.0,123.0,999.9868774414062,-0.5827790031086915,0.5935274158058101,4.052983988147638,-1.1685757766395937,-0.2099596573621953,0.8588624380788579,1.4536895274530872,-0.6679900452705247,0.338530993233074,-2.388158323048599
33.0,123.0,999.9876708984376,-0.5829548976886674,0.5938832990865155,4.053001989391882,-1.1689193684109966,-0.2096884998881085,0.8583028388563463,1.4533033851095478,-0.6680203250048518,0.3380427669231265,-2.3889922999218265
33.0,123.0,999.9874877929688,-0.5829953819665166,0.5939244945308895,4.052772054148434,-1.1689485589073136,-0.2097250320685377,0.8585064155316573,1.4537517253109078,-0.6679382376328444,0.337964984202288,-2.388522508110988
33.0,123.0,999.9874877929688,-0.5828795545721821,0.5937686770668318,4.0531757722629465,-1.1686660666955158,-0.2098874783600868,0.8584331036444093,1.4533706931014754,-0.6679974107831628,0.3386346631079462,-2.3884913671853605
33.0,123.0,999.987060546875,-0.5828859527240686,0.5937682028560385,4.053078872018832,-1.1688950875399282,-0.2098847076914634,0.8584758582543905,1.453839801780444,-0.6679663254106369,0.3383453098976874,-2.388503075240003
33.0,123.0,999.9869995117188,-0.582968911345155,0.5937922665279576,4.052928793550031,-1.1691674091986657,-0.2097499300493766,0.8583885185412736,1.4536961372738846,-0.6679891745831945,0.337944588012613,-2.388763164618249
33.0,123.0,999.9874877929688,-0.5829666800091458,0.5938063807060345,4.052775259384662,-1.1688758291813652,-0.2098780490393572,0.8585021364870133,1.4537648791346598,-0.6679419666289714,0.337998680072749,-2.388499427819045
33.0,123.0,999.9872436523438,-0.582729574282669,0.5936436184514822,4.053053618192246,-1.168585965308714,-0.2099368520718227,0.8586733015404802,1.4535624895657602,-0.6679096060822376,0.3386971360452842,-2.3882334848128632
33.0,123.0,999.9882202148438,-0.5831050182188049,0.5941370027692292,4.053130895357576,-1.1695461499994626,-0.209496287556127,0.8580092954128737,1.4539164350908234,-0.6679479936911301,0.3377718676663166,-2.3892253060516264
33.0,123.0,999.9871215820312,-0.5829874230972205,0.5940281607953599,4.053058465132526,-1.169013838761504,-0.2097441078401827,0.8582327238828578,1.4536854544138578,-0.6679825636749879,0.3380986538739359,-2.388716977241152
33.0,123.0,999.9869995117188,-0.5829270198557577,0.5938435451895518,4.052993275338332,-1.1690283108284176,-0.2098005596212084,0.8584738370558584,1.4538893514350797,-0.6679366193150598,0.3380385803336194,-2.3887120752043938
33.0,123.0,999.98681640625,-0.5828928245695826,0.5936103581734571,4.053024669615066,-1.1688611600382548,-0.2098166807511683,0.8586118679960295,1.4535151808329123,-0.6680726557700343,0.3381769869665687,-2.388731173879584
33.0,123.0,999.9869384765624,-0.582956192733671,0.5937952352173701,4.052915456307542,-1.1689589960149798,-0.2097994699049357,0.8583239789092616,1.453585479100746,-0.6678894849621093,0.3381781269370911,-2.388654754120401
33.0,123.0,999.9873046875,-0.5829222194690384,0.5937530648069691,4.052966246166713,-1.1688083171040518,-0.2097730271322309,0.858620119216269,1.453521795066143,-0.6680744057175039,0.338227550146847,-2.38844973810838
33.0,123.0,999.9869995117188,-0.5829427420961366,0.5936833278267013,4.052907648123009,-1.1688988638248192,-0.2096974132725462,0.8586240239969563,1.4534560763213251,-0.6680081725754006,0.3380551540345644,-2.388872596579586
33.0,123.0,999.9869384765624,-0.5829977456712871,0.5939783836381372,4.053039962603195,-1.169250565922379,-0.2097407942624656,0.8580224841873294,1.4536807518939652,-0.6678837578688785,0.3378692712547018,-2.389067202550049
33.0,123.0,999.9869995117188,-0.58281038380263,0.5936847567539338,4.053131401146757,-1.168809657620296,-0.2098689097183719,0.8584808956927592,1.4535907902665404,-0.6679936126011601,0.3383785667262282,-2.3884206964501105
33.0,123.0,999.9874877929688,-0.5831393314725801,0.5939725664371629,4.052986419661215,-1.169352040349997,-0.2096699734004481,0.8581361134652701,1.4537162518023248,-0.6678844096785159,0.3377719810114863,-2.3890338293030955
33.0,123.0,999.9868774414062,-0.5829718359014633,0.5939448174462667,4.053042481684432,-1.1691170600138068,-0.2097965512341542,0.8581994813206375,1.4537648463387134,-0.667845392125991,0.3380195426175705,-2.3889028604028963
33.0,123.0,999.987060546875,-0.5828133609496291,0.5937442020545927,4.052946655774445,-1.1685505240132217,-0.2098348443815911,0.8587427377989565,1.4534527920567788,-0.6680243070960348,0.3384545846951532,-2.388309969631176
33.0,123.0,999.9869384765624,-0.5830350835494089,0.5938898498897638,4.0530114881212,-1.1691477101801806,-0.2097486486802111,0.8582007854187967,1.453703829211042,-0.6678488700339944,0.3381162014433405,-2.388809497324873
33.0,123.0,999.9869384765624,-0.5828966910423405,0.5938841311413876,4.052865337269065,-1.1690991048876898,-0.2098503589099802,0.8582648880289367,1.4539395493698706,-0.6678284596617843,0.3379651714936713,-2.3887336861124
33.0,123.0,999.9874267578124,-0.5828846292595617,0.5937769556230528,4.052849012754635,-1.1687725095830608,-0.2098615748010788,0.858528227916759,1.453669592729069,-0.6678695210055947,0.3383894701652181,-2.3883416474383723
33.0,123.0,999.987548828125,-0.5829553289248723,0.59372276179624,4.05299860841936,-1.1689782959404798,-0.2097713955214821,0.8583990300092097,1.4536095517595449,-0.6678375782155435,0.3383577293022553,-2.3884803488485624
33.0,123.0,999.9869384765624,-0.5828766527277267,0.5938105436731878,4.053069350627485,-1.168911329669089,-0.2098650760484623,0.8584871737346278,1.453787674631597,-0.6679867510283515,0.3381751719370758,-2.388565683366233
33.0,123.0,999.9866333007812,-0.5829737102756125,0.5939629605967056,4.052901206427931,-1.168959022248807,-0.209794782471353,0.858318806701873,1.4537001629341797,-0.6678655141930481,0.3381415937190173,-2.388613659927687
33.0,123.0,999.987060546875,-0.5829330701506956,0.5937310627615746,4.052932572295948,-1.168868013189246,-0.2097990908765661,0.8586174695224447,1.453563116639451,-0.6680057628342446,0.3381973456843532,-2.388515582872026
33.0,123.0,999.9872436523438,-0.5828950495384868,0.5938498956176623,4.052983851274345,-1.1689236277945367,-0.2098865326936874,0.8584617542728123,1.4538696222129026,-0.6679729679642445,0.3380884903614847,-2.3885017085214937
33.0,123.0,999.9869384765624,-0.582937882926645,0.5938251407631885,4.052834474349897,-1.1687052338994413,-0.2098319230152192,0.8585446655938203,1.4533407488756236,-0.6679904881230012,0.3381662199730701,-2.388523580376656
33.0,123.0,999.9872436523438,-0.5829048693382006,0.5939941206533508,4.053166157757479,-1.1689581322567788,-0.2098679435653219,0.8581915537718992,1.4536341566484747,-0.6679251294912056,0.3384146099435812,-2.388513742429632
33.0,123.0,999.9868774414062,-0.5829027043123318,0.5936938279387229,4.0530221677449845,-1.1687095461386183,-0.2097557346576763,0.8586506202218782,1.4533264419384695,-0.6680610035383037,0.3384191216249803,-2.388588628213837
33.0,123.0,999.9873046875,-0.5827583669622367,0.5936576588191702,4.052994462036232,-1.1686016614027306,-0.209927114144822,0.858808726861346,1.4535740627867488,-0.6680128926527855,0.338385258510856,-2.3883461357867213
33.0,123.0,999.987548828125,-0.5828956641354042,0.5937294032751304,4.052914671506793,-1.168745737022348,-0.2098076805392246,0.8587058763026469,1.4537757346101197,-0.6680152384137807,0.3383217175777586,-2.3882073481600505
33.0,123.0,999.987060546875,-0.5829012989390296,0.5939192448195119,4.053110138516757,-1.1688713282552343,-0.2098854149875642,0.8583228031253043,1.4535981485157503,-0.6679502900234615,0.3382808025129744,-2.38852121590158
33.0,124.0,999.987060546875,-0.5828937897589288,0.5937814824099181,4.05311609928037,-1.1688584713079084,-0.2097848921898872,0.8585913913367751,1.453717066200836,-0.66807486831053,0.3383099781917629,-2.3884828968708693
33.0,124.0,999.9869384765624,-0.5828641936382999,0.5934364185377037,4.052989602729886,-1.1686827201094658,-0.209789936321413,0.8589370105036576,1.453430838641589,-0.6680695442670723,0.3383518227203552,-2.3885573279716725
33.0,124.0,999.9871215820312,-0.5830146044398523,0.5939025440819554,4.05291994264392,-1.168990089281663,-0.2096655700646552,0.8584221229797384,1.4535759581514591,-0.6680166415028985,0.3380736072979164,-2.38887341849948
33.0,124.0,999.9871215820312,-0.582872832825462,0.593737820750146,4.052813395579316,-1.1688452759857064,-0.2098864163668334,0.8585020086474717,1.4536430963741207,-0.6679540200684411,0.3381720587781984,-2.388499492674405
33.0,124.0,999.9871215820312,-0.582932712198236,0.5938205156478666,4.052860541940209,-1.1690635962751554,-0.2097668017836245,0.8582110487546473,1.4534759543444498,-0.6678849282829651,0.337909954251363,-2.388895914277908
33.0,124.0,999.987060546875,-0.5830143805058361,0.5938496288181119,4.052929131779122,-1.169017759349149,-0.2097604663236305,0.8582792773809675,1.4535720167408854,-0.6678962977416809,0.3380898806039933,-2.388899629927228
33.0,124.0,999.9874267578124,-0.5828625420495088,0.5937750815786771,4.053088328354626,-1.168860165729368,-0.2098108391802142,0.8583689364957809,1.4533822088161186,-0.6680260390454142,0.3381673065570538,-2.388796985297849
33.0,124.0,999.987060546875,-0.5829382568490242,0.5939482463328671,4.053204448926987,-1.1691644012800355,-0.2098079943416255,0.8581825608532645,1.4538169190206771,-0.6679260380050502,0.3381429248446075,-2.38877642985171
33.0,124.0,999.9873657226562,-0.5830461361170904,0.5940799079579104,4.052953203595196,-1.169188789114708,-0.2097712372198188,0.8579695504994733,1.4536682392930356,-0.6678545710966146,0.3381051491779487,-2.388755476135666
33.0,124.0,999.9868774414062,-0.583010537632946,0.5938689931177299,4.052736306673642,-1.1688542582026935,-0.2097669991094983,0.8583888776245807,1.4533611157860138,-0.6679637872598736,0.3380081132068389,-2.388757032302439
33.0,124.0,999.9874877929688,-0.5829487332563277,0.5938476768876502,4.052849939541591,-1.1691251091500607,-0.209662983501512,0.8583224331282651,1.4534937367360392,-0.6679276721444936,0.3378960035763452,-2.3890989669147094
33.0,124.0,999.9873046875,-0.5828594887949805,0.5936777383946437,4.052931178876163,-1.168452755374601,-0.2098626959276055,0.8588135292290762,1.4533982226071416,-0.668090823558364,0.3385214317916762,-2.388221555079259
33.0,124.0,999.9872436523438,-0.582834716867068,0.5936515763380648,4.052860859237885,-1.1685993645925392,-0.2099056125267742,0.8587469071344849,1.4535054361068331,-0.6679775564915511,0.338307529603612,-2.388479620729842
33.0,124.0,999.9863891601562,-0.582882640645054,0.5937042048797831,4.052958885498786,-1.1689285796976328,-0.2098358411341419,0.858555695917639,1.453706735901184,-0.6679568535313027,0.3381722239286899,-2.38860347265898
33.0,124.0,999.9872436523438,-0.58298824919087,0.5940125413361503,4.0530140843704885,-1.1690129424782802,-0.2098349980357552,0.8581166721818887,1.4538077222507688,-0.667874921975069,0.3382978786459532,-2.388448442869393
33.0,124.0,999.9873657226562,-0.5828196817684237,0.5935828580676752,4.053012005998745,-1.1687647200718798,-0.2098449974297658,0.8586129877292423,1.4534263697884071,-0.6680682510320421,0.338247896492458,-2.38857015111821
33.0,124.0,999.9868774414062,-0.5829241091806097,0.5938410778228338,4.052936130363117,-1.168866114387967,-0.209804153741568,0.8584225027865138,1.4534986997455732,-0.6679415215115672,0.3382228747006923,-2.3887032991861195
33.0,124.0,999.9869995117188,-0.5829598426607028,0.5939754956642629,4.05293812888991,-1.1688892768214698,-0.2097960145798225,0.8582277190452388,1.4535312433288403,-0.6679037684221081,0.3381146092241938,-2.388808629232611
33.0,124.0,999.9872436523438,-0.5828471133568023,0.5937274422458207,4.053083675529329,-1.1688389120174714,-0.2098548419332733,0.8586099836923093,1.453717309483923,-0.6679304049414041,0.338298154857295,-2.3883991880499087
33.0,124.0,999.9876098632812,-0.5829349238865493,0.5935725078408769,4.053017395649132,-1.169055418518724,-0.2096550073776111,0.8586460389537462,1.4533877481394883,-0.6680992306450992,0.3380166521384513,-2.3889551664146387
33.0,124.0,999.9869384765624,-0.5829239418396295,0.5938846351234446,4.052998447333195,-1.1687241839311744,-0.2098104937223519,0.8584022938025191,1.453326562727323,-0.6679767548599527,0.338407397415069,-2.3885174267040017
33.0,124.0,999.9874267578124,-0.5827713321064216,0.5935029210060385,4.053186081995552,-1.168622526433705,-0.2098677128311088,0.8588044909305577,1.4534328617970251,-0.6680472090250591,0.3384911959040959,-2.388571153266467
33.0,124.0,999.987548828125,-0.5829068463703813,0.5937266911871575,4.053073014521061,-1.168726809557695,-0.2098145907775208,0.8585257366644905,1.4533208721002635,-0.6679388548599343,0.3382980641844426,-2.3887279208751773
33.0,124.0,999.9874267578124,-0.5826964920690099,0.5935276729471042,4.052785213051381,-1.1685385782573006,-0.2100020675630913,0.8589193911632549,1.4536331639592603,-0.667891413644309,0.3383793949112288,-2.388122900304896
33.0,124.0,999.9871826171876,-0.5828862017355982,0.5937678309383623,4.052941061922347,-1.1687493954577368,-0.2098507587195239,0.8586509600076955,1.453767320762407,-0.6680144531387553,0.3382779560141635,-2.3882989554132945
33.0,124.0,999.9874267578124,-0.5829216876524592,0.593477284497145,4.052859980771512,-1.1688622014708794,-0.2098392754063711,0.8586615380272411,1.453475835327204,-0.6679688423114181,0.3380442238184802,-2.388826562652022
33.0,124.0,999.9869384765624,-0.5828782700092825,0.5937656963111992,4.052896339525953,-1.1690619165882,-0.2098605472350971,0.8583669115843628,1.4539312043812638,-0.667821815289579,0.3381581330966385,-2.3885073782094137
33.0,124.0,999.9873657226562,-0.5829760062535003,0.5938824065005814,4.0528114435108655,-1.168932963668832,-0.2098862801434524,0.8583173787453378,1.4536725926569725,-0.6678877374864358,0.3381581977591068,-2.388406105890956
33.0,124.0,999.9869995117188,-0.5829128970977058,0.5937884431790019,4.052797937598935,-1.1689357858716138,-0.2098163542110072,0.8584833596142634,1.4537453982265456,-0.6678212999834425,0.3380242837788998,-2.388652095933948
33.0,124.0,999.9866943359376,-0.5828927888832114,0.5937678309954624,4.052969771352059,-1.1689764577112651,-0.2098095813365512,0.8584477906277508,1.4537531261842327,-0.6678989661443158,0.3382421289757067,-2.388553581913272
33.0,124.0,999.98681640625,-0.5829134389149964,0.5938648912582618,4.052942615983975,-1.168898821928365,-0.2098474037481619,0.8583948034260249,1.4537328591012413,-0.6679188644595921,0.3382714308689412,-2.388564596842118
33.0,124.0,999.9876708984376,-0.5828896595086528,0.5935742741547498,4.052992296172111,-1.1687142015314729,-0.2098326516094779,0.8586182834073472,1.4534444506533235,-0.667959566177756,0.3383974022533582,-2.3885840100594984
33.0,124.0,999.9869995117188,-0.5827978125556257,0.5936314320667746,4.0530359441028185,-1.1687200670075262,-0.2099497597494668,0.8587186082366944,1.4537527213901509,-0.6680042325267364,0.3384132121897245,-2.388390904663549
33.0,124.0,999.9877319335938,-0.5829422399495616,0.5936282711517737,4.052870594664599,-1.1688335900636773,-0.2097793559752485,0.8585919771231785,1.453436288272857,-0.6679436644264021,0.338050957100938,-2.3889306717730943
33.0,124.0,999.9865112304688,-0.5829155548161777,0.5937619010020914,4.053033645566501,-1.168977088989822,-0.2098154552051925,0.8584354799146654,1.453654915254087,-0.6679658052605442,0.3382313185811094,-2.3885844078746383
33.0,124.0,999.986572265625,-0.5828027968844793,0.5936944950785854,4.053068267599265,-1.168666144470876,-0.2099050449584787,0.8586555019412216,1.453491835931179,-0.6680488708009218,0.3384035050978751,-2.388343452198112
33.0,124.0,999.9874877929688,-0.5828475983062704,0.5934892582298259,4.053105580058476,-1.1686494330895512,-0.2097952188756409,0.8588384074765996,1.4532343179720488,-0.6681216040285074,0.3383562092988148,-2.388599824272413
33.0,124.0,999.987060546875,-0.5829111654965686,0.5940405400243396,4.05304283629334,-1.1691591761476197,-0.2098194538948581,0.8579649714537556,1.4537280921631537,-0.6678481194561448,0.3381111766964082,-2.3888171420074777
33.0,124.0,999.98681640625,-0.5828248679530335,0.5936720742307946,4.052998799439509,-1.1688085054178377,-0.2098905068598853,0.8585409369816794,1.453621650492157,-0.6679473108229548,0.3383145541789201,-2.3884117548437622
33.0,124.0,999.9866943359376,-0.5828694214885797,0.5937747449164155,4.052967924617594,-1.1687508042453407,-0.2098173617121075,0.85855300078107,1.4534597550090913,-0.6679489542054924,0.3382503879311924,-2.388623868807765
33.0,124.0,999.987060546875,-0.5827940296710619,0.5935512685039015,4.053047457419366,-1.1688419637803067,-0.209888474002037,0.8586305544666848,1.4536285100785935,-0.667931477686043,0.3382989889483303,-2.3884925306573783
33.0,124.0,999.9867553710938,-0.5828850704668138,0.5937536341507652,4.0529585189006205,-1.1687152586657197,-0.2098961913789612,0.8586045286027266,1.453600439971229,-0.6680237798596762,0.3382671915474233,-2.3884401301156
33.0,124.0,999.9871826171876,-0.5829574750545223,0.5937772079858483,4.052983405037331,-1.1690439589138784,-0.2098265989455381,0.8583175196215809,1.453728728930125,-0.6678924173382335,0.3380338915860923,-2.3888756048151927
33.0,124.0,999.9877319335938,-0.5829186528189059,0.5938046562422192,4.05271585836784,-1.1687412354665074,-0.2098485045455405,0.8585801256968209,1.4537718655335166,-0.6678577292038081,0.3383253782966822,-2.388260457985372
33.0,124.0,999.9866943359376,-0.5830422641645105,0.5938710509461496,4.052992681647137,-1.1689920482242306,-0.2097479477777328,0.858285034083548,1.453462836515933,-0.6679847269616506,0.3380162001074609,-2.3889386291629213
33.0,124.0,999.9871215820312,-0.5830588457672832,0.5938667520961962,4.0528689460893474,-1.16909027652375,-0.2096858299582491,0.858297200729635,1.453521835821614,-0.6679208136080677,0.33792930054077,-2.3889197497086654
33.0,124.0,999.9871215820312,-0.5829363055786558,0.5937969100140625,4.053133610003043,-1.1691235049922262,-0.2097847412239559,0.8583400113126602,1.4538507871032014,-0.6679568702995304,0.3381412734356823,-2.3887494872509345
33.0,124.0,999.9873046875,-0.5828718088768534,0.5937489269157057,4.053005181007073,-1.1687925855439536,-0.2098864852817206,0.8586073614394696,1.4538399258894792,-0.6679459909227559,0.3384037435715337,-2.388349733734467
33.0,124.0,999.9871215820312,-0.5830118544315948,0.5941357978389146,4.052945027635669,-1.1690107873269726,-0.2097427268693792,0.858062992095733,1.4536618840301945,-0.6678683337777516,0.3380394942911602,-2.388703628812713
33.0,124.0,999.9874267578124,-0.5829216229609822,0.5935867246525319,4.053241609756094,-1.1688435716877752,-0.2098172075284585,0.8585903371598231,1.453444760907793,-0.6680884930709032,0.3383176238913528,-2.3887606991965726
33.0,125.0,999.9867553710938,-0.5828591424425875,0.5937279026587214,4.053000512723244,-1.1687344733739518,-0.2098223997420651,0.8586186307945267,1.4535661516840737,-0.6679690859279264,0.3383172420088476,-2.388519691506796
33.0,125.0,999.9873657226562,-0.5829365789671108,0.5937279909218631,4.052960570328402,-1.1690202820821338,-0.209706325355075,0.8584789743951333,1.4536385478688736,-0.6679067098901657,0.3381437422971913,-2.3887578047302025
33.0,125.0,999.9869995117188,-0.5828015504734445,0.593680440921931,4.053020529084179,-1.1687097417026453,-0.2099500736812594,0.8586299837183011,1.45366039906473,-0.6679828972181916,0.3382857663003573,-2.38843340136032
33.0,125.0,999.9878540039062,-0.5827982944860235,0.5937207393367867,4.053076918757368,-1.1684301328200175,-0.2099442087649237,0.8587922518316393,1.4535776559546267,-0.6680079616706678,0.3388339155583448,-2.3879578157764847
33.0,125.0,999.9869995117188,-0.5830075241313697,0.5938342044167646,4.052802421222092,-1.1689276430354418,-0.2097968561888921,0.8583198412016859,1.453513562669432,-0.6679084068672658,0.3381014857443443,-2.3886801682044494
33.0,125.0,999.9866333007812,-0.5829571743593922,0.5939228084632528,4.052908740898143,-1.1688826214849772,-0.2097858124400407,0.8584031697350305,1.4536114762807628,-0.6679774309548705,0.338087288006923,-2.3886763898304864
33.0,125.0,999.9864501953124,-0.582841010374354,0.5937458629524395,4.053044723681992,-1.168744080078734,-0.2098576568652861,0.8586092393316225,1.4536309713639506,-0.6680212836509405,0.3383144672405027,-2.3884872255144707
33.0,125.0,999.98681640625,-0.5829653134379864,0.5939078973738985,4.052946595908114,-1.1691151595853726,-0.2097194612242559,0.8582732825084669,1.4537134600811663,-0.6679118988241841,0.3379649676229537,-2.388830779210291
33.0,125.0,999.9869384765624,-0.5828660075408125,0.5937258055177184,4.053040093889917,-1.1688108552448244,-0.2098700168627569,0.858498264942698,1.4535665570791352,-0.6680148052956927,0.3383177674029003,-2.3884197991597182
33.0,125.0,999.9867553710938,-0.5828798396432484,0.5937451493997958,4.053114880683889,-1.1689753792847315,-0.2097902313995545,0.8584793764820642,1.453628726217408,-0.6679896371319156,0.3382496529925971,-2.388700589222432
33.0,125.0,999.9877319335938,-0.5829335315064537,0.5938843646745395,4.052936723514197,-1.168821711761149,-0.2098652278092858,0.8584004812651935,1.453715472443152,-0.6679681065317498,0.3383831587337571,-2.388394811585099
33.0,125.0,999.9869995117188,-0.582836605036686,0.5937716004195135,4.052983519509997,-1.1689519662852197,-0.2098564325495608,0.8584639588722514,1.4538795996407998,-0.6678731091992596,0.3383097677934081,-2.388440958097993
33.0,125.0,999.986572265625,-0.5829134340158788,0.5938523216588498,4.053013636745691,-1.1688406635066473,-0.2098241177133282,0.8583513575596733,1.453494143088523,-0.6679812277039705,0.3382551513540406,-2.38858717273283
33.0,125.0,999.9874877929688,-0.5830447756482435,0.5941358561574344,4.053057993730391,-1.1693329797129195,-0.2097829108591362,0.8580061283880411,1.453977079034705,-0.6678372066301472,0.3379442407619333,-2.3889178124355768
33.0,125.0,999.9867553710938,-0.5828606528766631,0.5937314413931105,4.053035575387355,-1.1689921512192465,-0.2098390206106328,0.8584133886599989,1.4536568429869847,-0.6679471032606301,0.3380948006729749,-2.3887719620296366
33.0,125.0,999.987060546875,-0.5828161587501333,0.5936671955392194,4.052965722894545,-1.1689059475500132,-0.2098840466702807,0.8585586809592147,1.4536253658188685,-0.6679811663297706,0.3382003080101974,-2.3885275189710176
33.0,125.0,999.9869995117188,-0.5828694858535144,0.5937204367394875,4.053075989067507,-1.1689311999192444,-0.2098279946847299,0.8585233461389494,1.4535258865178005,-0.6680362823308892,0.3381575370023748,-2.3886041412863364
33.0,125.0,999.9871215820312,-0.582873249728026,0.5936467240829915,4.053010952357003,-1.1689670652661404,-0.209833359048619,0.8585774358999334,1.4535682062646949,-0.6680335035542697,0.3380501823800328,-2.3888009304050324
33.0,125.0,999.9874877929688,-0.582844118672404,0.5938420382956089,4.053001617269018,-1.1689785901270762,-0.2098650168126123,0.8582360338118722,1.4536658696773983,-0.66790303442263,0.3382335589844008,-2.388550160543025
33.0,125.0,999.987060546875,-0.5828909945145684,0.5937407389849234,4.052959603983075,-1.1686414410773702,-0.2098281600762188,0.8586725267999338,1.4534599253603195,-0.6680089246867018,0.3384262541879987,-2.3884872920986018
33.0,125.0,999.9868774414062,-0.5828624410222476,0.5936056828161549,4.052916851688707,-1.1687674080721622,-0.2098320775489854,0.8587105739716989,1.4535368184077964,-0.6679670954415631,0.3382958759593988,-2.388475386300293
33.0,125.0,999.9872436523438,-0.5829798519803715,0.5937501900972206,4.052831524790829,-1.1688688433438683,-0.2098090884798766,0.8584706007947593,1.4535004641704043,-0.6678640254704167,0.3381807199240736,-2.388675710656942
33.0,125.0,999.987060546875,-0.5828911479554568,0.593669869465657,4.0529466451009295,-1.1687824030822846,-0.2098326706883311,0.8586678018357432,1.4535709609401763,-0.668023100199183,0.3383295380729842,-2.388492667524385
33.0,125.0,999.9869995117188,-0.5828637788072468,0.5938081226973573,4.052901339362556,-1.1686756126588538,-0.2098426530580752,0.8585321876645278,1.4533647188568128,-0.6680457082408129,0.3382159533403071,-2.3884981459747987
33.0,125.0,999.9865112304688,-0.5828987303160336,0.5937965066827813,4.053018573170927,-1.1688866581796105,-0.2098553352233789,0.8583718813479759,1.453527028418888,-0.6679700938160744,0.3381493994442532,-2.3887107239124985
33.0,125.0,999.9874877929688,-0.5829931069275744,0.5938016687515315,4.052883319329423,-1.1689306026895083,-0.2097465669079863,0.8583972103561557,1.4535679248370243,-0.6679330173571829,0.3381889541175367,-2.3886698756648235
33.0,125.0,999.9872436523438,-0.5829848959401867,0.5937201429000085,4.052892692904406,-1.1690526086367568,-0.2097575191083027,0.8584556000550547,1.453556954576971,-0.6679554050864702,0.3379871110876342,-2.3887691794111268
33.0,125.0,999.9867553710938,-0.5828790496810328,0.5937095311088179,4.053152646456255,-1.1689017809143003,-0.2098228783503533,0.8585370048616081,1.4535961785718063,-0.6680826186026314,0.3382277296284384,-2.388626957039752
33.0,125.0,999.9874267578124,-0.5828810788700087,0.5937241871533665,4.0527827754341885,-1.1685959381993405,-0.2098207997560033,0.858700623841008,1.4533611974581886,-0.667942190261047,0.3383157713480935,-2.388473803477467
33.0,125.0,999.987060546875,-0.5829218485869694,0.593694152581488,4.05304481454727,-1.1688387149430457,-0.2098808234283753,0.8585531098587857,1.4536432485759931,-0.6679710780275085,0.3383292101457886,-2.3885099916867327
33.0,125.0,999.9869995117188,-0.5830270798949542,0.5940600233762243,4.053031639774025,-1.16907608190514,-0.2097037844153835,0.8581412435551803,1.4536068939219255,-0.6679316689965242,0.338042382027977,-2.3889322605183425
33.0,125.0,999.9863891601562,-0.5828514857021929,0.5937571357094509,4.053058463010011,-1.1688517976366124,-0.2098825345638246,0.8584976953074444,1.4536696073533388,-0.6679590291768491,0.3383148373441749,-2.3884546373036115
33.0,125.0,999.9871215820312,-0.5829737438990952,0.593765718514411,4.052840142181996,-1.1688955100195422,-0.2097759049666301,0.8583727286549543,1.4533829019007012,-0.6679200589825403,0.3380960866041604,-2.3886769237806043
33.0,125.0,999.9871826171876,-0.5829942958252596,0.593774793738346,4.052964171470684,-1.1688838036285762,-0.2098113720852614,0.8584956004482276,1.4535707198666747,-0.6680045871301488,0.3381371371503192,-2.388775270743935
33.0,125.0,999.9866943359376,-0.5829558140857607,0.5938298862877982,4.052951718962987,-1.1689986600521998,-0.2098244269708375,0.8584039706037627,1.4537220764551009,-0.6679455669582328,0.3380293404426915,-2.3887366937028496
33.0,125.0,999.9873046875,-0.5829278484099687,0.5937809572131458,4.052813787383885,-1.1686412030944826,-0.209781795740545,0.8586197716081543,1.453378042764423,-0.6679724629407433,0.3382249302497575,-2.388532762718427
33.0,125.0,999.9869384765624,-0.5828543703114457,0.5936723062733833,4.052967088808586,-1.1686795421048672,-0.2098656078792107,0.8587406775748807,1.4535679622624098,-0.6680386075383353,0.3382992011215151,-2.388472330560514
33.0,125.0,999.9869995117188,-0.5828485370980161,0.5938585773649097,4.052985495723471,-1.1689223531230009,-0.2098223265331249,0.8583990575044016,1.4537624730160823,-0.6679413735025896,0.3381187098372518,-2.388601718292422
33.0,125.0,999.9865112304688,-0.5828399085867719,0.5937193883932572,4.052951343204658,-1.168692246826021,-0.2098729000353421,0.8586097452857855,1.4534823514168291,-0.6680142735813934,0.3383013295281749,-2.388500592558512
33.0,125.0,999.9872436523438,-0.582911203108373,0.5936238091106203,4.052962779315148,-1.1689546255375003,-0.2097806607150616,0.8585996767413295,1.4534795162698,-0.6680058622536524,0.3380417352632143,-2.38872564918678
33.0,125.0,999.9871826171876,-0.5828477769320308,0.5935716406812794,4.053012183187889,-1.1686695721098066,-0.2099253062952311,0.8586611415649861,1.4535065283291893,-0.6680119780521805,0.3384073804039422,-2.3883959345839374
33.0,125.0,999.9869384765624,-0.582970775566297,0.5938464743856118,4.052844511245672,-1.169010071642406,-0.209794077476543,0.8583215342802006,1.453612053302508,-0.6679283585816815,0.3379905189420773,-2.388753904911188
33.0,125.0,999.9869995117188,-0.5829029416999187,0.5936806247171997,4.052902317898258,-1.1688660325419191,-0.2098363907745319,0.8586401120194918,1.453611098963944,-0.6679741714957945,0.3381482411962322,-2.3886652186614485
33.0,125.0,999.9868774414062,-0.5828854721741674,0.5938531479116236,4.0529755007871024,-1.168962952348353,-0.2098220487719873,0.8583497112464409,1.4535719219384982,-0.667971310964937,0.3381165222535394,-2.388640112690356
33.0,125.0,999.9869995117188,-0.5828380096461965,0.5938443503723452,4.053033477398648,-1.1687673026685168,-0.2098555444988994,0.858505496762926,1.45349211668277,-0.6680808269807752,0.3381530037753197,-2.388563982743985
33.0,125.0,999.9869995117188,-0.5828820122941707,0.593761147361688,4.053145372079886,-1.1689687315599189,-0.209886405263119,0.8584227399449169,1.453775411580902,-0.6679960752877321,0.3382461648438788,-2.388649025553502
33.0,125.0,999.9873046875,-0.582967434705103,0.5938142183612776,4.0531097130903575,-1.1688194396317213,-0.2097575646507241,0.85848242545182,1.453467446857216,-0.6680173513253962,0.3383552529610352,-2.388533064978675
33.0,125.0,999.9871826171876,-0.5829336531500076,0.5938688000923511,4.052915573160581,-1.168928453152306,-0.2098242059034136,0.8583096310591385,1.453518941900816,-0.6679490937892192,0.3380123857395158,-2.388693871794869
33.0,125.0,999.9873046875,-0.582842285000793,0.5936393417888128,4.052892700858218,-1.1689192082010278,-0.2098104210057512,0.8584903091855436,1.4535191821608926,-0.6679156019300292,0.3380171656287221,-2.3887844294547
33.0,125.0,999.98681640625,-0.582900331831687,0.5937665012383935,4.052892077619939,-1.1691111404894587,-0.2098099308600938,0.858396557120451,1.453843982225541,-0.6678860127436597,0.3380295682258634,-2.388658861568884
33.0,126.0,999.986328125,-0.5828781597944079,0.5938048135053107,4.053003487188548,-1.1688467921411667,-0.2098633265069107,0.8584412707339908,1.4535548301163024,-0.6679931564091373,0.3382457420564231,-2.388587470619164
33.0,126.0,999.9872436523438,-0.5829656936196557,0.5940079528195135,4.053067976156402,-1.169030624546609,-0.2098310426945353,0.8581098686487252,1.453589462882208,-0.6679392335943524,0.3381488178006595,-2.388792038666398
33.0,126.0,999.9864501953124,-0.5829089069885187,0.5938448379266301,4.052906423557429,-1.1690476384505404,-0.2097750309382826,0.8583181294394713,1.4536421795935397,-0.667898446811833,0.3380574225112278,-2.3887161919559574
33.0,126.0,999.987060546875,-0.5829231746793173,0.593754950528556,4.05296060514136,-1.1689304340016735,-0.2097312968920421,0.8584756651359413,1.4535632103541367,-0.6679288891643802,0.3381517007858434,-2.388762495546961
33.0,126.0,999.9864501953124,-0.5828983701737362,0.5938789205563015,4.052950876245767,-1.168796017233519,-0.2098143256460796,0.8584087149441455,1.453520391771567,-0.6679640740897019,0.3381421420279995,-2.388644201701488
33.0,126.0,999.9866333007812,-0.5828339769688,0.5937339087601714,4.053046017901686,-1.1687361926534692,-0.2098459747409569,0.8584985188894159,1.4534530679220443,-0.667980213040213,0.3383080268912533,-2.3886299381218112
33.0,126.0,999.9867553710938,-0.5829726016082297,0.5939181643965172,4.052972336007667,-1.169148926762123,-0.2097100016169442,0.8582052605782353,1.4536419198403605,-0.667927414988136,0.3379543584726363,-2.38890370857112
33.0,126.0,999.986572265625,-0.5829884249901127,0.5939854608623616,4.052969471008115,-1.1691915389005585,-0.2097624055696796,0.8580796833732105,1.453749166230926,-0.6678281221147282,0.3379722381810808,-2.388784466683416
33.0,126.0,999.9867553710938,-0.5828704742002806,0.5937862985030691,4.053036423462883,-1.1689703304487429,-0.209842422345444,0.8584931810011396,1.4537995973060136,-0.6679504820471891,0.3382298392476857,-2.3884803770231366
33.0,126.0,999.9869384765624,-0.5828637543391659,0.5939128637120161,4.053112139062328,-1.1689449626620214,-0.2098337342396448,0.8583469629460012,1.4535940036269783,-0.6680066308463424,0.3381356147165979,-2.388679237583513
33.0,126.0,999.9865112304688,-0.5829551582261425,0.5938538419514394,4.052939059017044,-1.1690539892158551,-0.2097629817579269,0.8583699390745636,1.4536939428792142,-0.6679409043894378,0.3379644834345354,-2.3888331556239804
33.0,126.0,999.987548828125,-0.5828629450997225,0.5938532215382502,4.053139737735522,-1.1689199122661955,-0.2098645013114026,0.8584104387723812,1.4538027619843188,-0.6680346532289203,0.3381933697232453,-2.3885901412898307
33.0,126.0,999.9866333007812,-0.5828937946427883,0.5938836248352342,4.052998266426414,-1.1689356132822355,-0.2098101502785514,0.8583567902895783,1.4536885790312386,-0.6679336675542622,0.3380863070793136,-2.388662477063866
33.0,126.0,999.9869995117188,-0.582864965640205,0.5936706683443624,4.053212129138887,-1.1689529047807667,-0.2098456405239623,0.8585305278097355,1.4536267858102985,-0.6680787271469537,0.3382839754232929,-2.388585625735458
33.0,126.0,999.9866333007812,-0.5828724803761611,0.5937479998254336,4.053006530325337,-1.1687948831398467,-0.2098511254628974,0.8584686622946913,1.4535464808997016,-0.6679892554006681,0.3382605691822622,-2.388628348449957
33.0,126.0,999.9869995117188,-0.5828092152142688,0.5938506283030573,4.053099756620902,-1.168928149669779,-0.2098471502251389,0.858387551745782,1.453767147440557,-0.6679596317877277,0.3382178603677825,-2.3886174319475217
33.0,126.0,999.9872436523438,-0.5828324580777515,0.5936320663401906,4.052996590271981,-1.1688774893574043,-0.2098109240436665,0.8586253741869072,1.4536978025687697,-0.6679057243662339,0.3382652601149729,-2.3885947356205857
33.0,126.0,999.9869384765624,-0.5829013148377609,0.593695423801675,4.052968321566521,-1.1689129653622476,-0.2097974168895362,0.8586038681402508,1.4535744169755578,-0.6680742947903262,0.338158483748284,-2.388579789769828
33.0,126.0,999.9872436523438,-0.5830217136842961,0.5939225204489516,4.052891376810271,-1.1689458733154678,-0.2097728036241575,0.8583064374487286,1.4534799062891013,-0.6679506675591975,0.3379408105829364,-2.3889548184432114
33.0,126.0,999.9866943359376,-0.5828791924234729,0.5937143193171392,4.053013595421614,-1.1687316051483003,-0.2098750272923659,0.8585937471443463,1.453611450249567,-0.6679540240484965,0.3383918766360523,-2.388427011894889
33.0,126.0,999.987060546875,-0.582833945582645,0.593816686732862,4.053128312328724,-1.1687253660086534,-0.209941417108272,0.8585271280768403,1.4537372144148932,-0.6680038685469469,0.3383348880348098,-2.388519494858121
33.0,126.0,999.986328125,-0.5828445432032119,0.5936922712259367,4.052992809762552,-1.1687919892342302,-0.2098693185812052,0.8585777696567174,1.4536164642611116,-0.667983349914266,0.3382763277760281,-2.388509036743798
33.0,126.0,999.9864501953124,-0.5828827708948987,0.5937209586747798,4.053053421020692,-1.1687501584853943,-0.2098554402636594,0.8585767316044759,1.4535118780210867,-0.6680275055573484,0.3382827580447642,-2.388571838851929
33.0,126.0,999.9871215820312,-0.5828046371194953,0.5938573907985294,4.053129556543512,-1.1686785120704943,-0.2099046183945878,0.858489070546856,1.4536243582150297,-0.6680679837177657,0.3384546082586368,-2.3882223330927435
33.0,126.0,999.9865112304688,-0.5828477488910524,0.593810595573383,4.052959502072575,-1.168823714522223,-0.2098411182664481,0.8585316822610336,1.4536220780758633,-0.6679947139413276,0.338189393255802,-2.388555127312228
33.0,126.0,999.9871826171876,-0.5827875426171065,0.5936881658222539,4.053066603726274,-1.1687546582200443,-0.209850336656892,0.8586740867611589,1.453675299882495,-0.6680459985375116,0.3383236970940722,-2.3884236742618525
33.0,126.0,999.9869995117188,-0.5828395272892521,0.5936526845865391,4.053027464065774,-1.168709947371716,-0.2098235078902162,0.8586113183545514,1.4534416413877267,-0.668004513503619,0.338344332593218,-2.388636161071494
33.0,126.0,999.9872436523438,-0.5829260087270418,0.5936752009201456,4.052933618565728,-1.168818949991441,-0.2097733022473464,0.8586966036250976,1.4534940779493333,-0.668035715540098,0.3381506894723918,-2.388562968861343
33.0,126.0,999.9869995117188,-0.582881301237733,0.5938823842068519,4.053045000041269,-1.1689652556429202,-0.2098175207865029,0.85832885610494,1.4536082213994543,-0.6679532861606541,0.3380425534469129,-2.388809452621943
33.0,126.0,999.987060546875,-0.5829405049945899,0.5937206548920537,4.052800024113786,-1.1690056495978007,-0.2098005305110462,0.8584381278740025,1.453573347074041,-0.6678843882790346,0.3379111880209731,-2.388815744972862
33.0,126.0,999.9865112304688,-0.582943774280654,0.5938031067951801,4.052959577660587,-1.16898271244483,-0.2097822315654092,0.8584221994434804,1.4536151225697571,-0.6679782377008996,0.3380237117664268,-2.38876535292098
33.0,126.0,999.9869384765624,-0.5827771771690466,0.5935585205546259,4.0529754912924805,-1.1687734455221586,-0.2099186505140231,0.8587176955642377,1.4536797142548927,-0.667959636251247,0.3383607097059755,-2.3883423136690607
33.0,126.0,999.986572265625,-0.5829315089899998,0.5937710900877802,4.053027442497589,-1.1690742642317495,-0.2097593604478014,0.8584575056073547,1.4537473811791566,-0.6680196487393699,0.3380780725048273,-2.388788206435411
33.0,126.0,999.9863891601562,-0.5829150865279198,0.5938666647472948,4.052974516178985,-1.1690785015311935,-0.2098310832888543,0.8582759010721848,1.453719721307304,-0.6678609695267479,0.3380812022669204,-2.388696393149897
33.0,126.0,999.9869384765624,-0.5829739608152593,0.5939487224978084,4.052868799489286,-1.168975670286728,-0.2097708186491083,0.8583080396868734,1.453678277006098,-0.6678998783766747,0.3381057230767865,-2.3885672473931825
33.0,126.0,999.98681640625,-0.582886491835505,0.5937849202729577,4.0529697695065074,-1.168855016717634,-0.2098960533286709,0.8584086683429728,1.453616468121086,-0.6678856856887911,0.3382870333790189,-2.388529031251932
33.0,126.0,999.9867553710938,-0.5829310228059477,0.5938116784036565,4.052966549140278,-1.1687954272677548,-0.2098382013128512,0.8585077244489394,1.4535434326620926,-0.6679946959257794,0.3381693199958979,-2.3886410740681017
33.0,126.0,999.9869995117188,-0.5828914798381781,0.593530923994364,4.052989167759819,-1.168764271914457,-0.2098424002996433,0.8587426718723323,1.453502958476859,-0.6680266040323506,0.3382613216388774,-2.3885980286800623
33.0,126.0,999.9873046875,-0.5828401595773354,0.5938380192391985,4.052907426415414,-1.1687665236103515,-0.2098500024302074,0.8585586021009632,1.4536854206625662,-0.667944842771333,0.3381626056356452,-2.3886010142302503
33.0,126.0,999.986328125,-0.5828369488744407,0.5937340030974312,4.053023554079463,-1.1686859405340275,-0.2099022894521462,0.8586095793102704,1.4535641927458096,-0.6680379683157911,0.3383766341475045,-2.3883459348678
33.0,126.0,999.98681640625,-0.5828896597839002,0.593885047675422,4.052994534862377,-1.1688815452464758,-0.209859500478756,0.858331921792022,1.4537169955586684,-0.6678635565237236,0.338286313874077,-2.388472176957414
33.0,126.0,999.98681640625,-0.5828573435994029,0.5939213200971425,4.053106076688147,-1.1688344321557205,-0.2098885620261033,0.8582653314048683,1.4535262354219514,-0.6679799057865781,0.3382641270020574,-2.388590006720132
33.0,126.0,999.9872436523438,-0.582840645730272,0.5937333625614585,4.0530563029657305,-1.1690646364791686,-0.2098004201051502,0.858404534241723,1.45364522540301,-0.6680527830661189,0.3379647259432916,-2.388819421026894
33.0,126.0,999.9872436523438,-0.5828066330069808,0.5935833801042776,4.053106268756274,-1.1685147893991754,-0.2099223504019924,0.8588326089464351,1.4535302232419127,-0.6681814789963312,0.3385367357200941,-2.3882211382551137
33.0,126.0,999.9866943359376,-0.5829253093217339,0.5939659397129962,4.052900754891235,-1.1689577696478517,-0.2098355989839797,0.8582677797435547,1.453711581757399,-0.6679257785816564,0.3380409682546448,-2.388642229475045
33.0,126.0,999.9866943359376,-0.5828744525306693,0.5938375032426491,4.053074757837475,-1.16890810479972,-0.2098558425736794,0.8584814674421679,1.4537741710739658,-0.6679695773850405,0.3382838853176899,-2.388486918877033
33.0,126.0,999.9869384765624,-0.5829902018070987,0.5938998232238522,4.05291628903389,-1.169102635315855,-0.2097553020514571,0.8583787404677876,1.4539030103134385,-0.6678901289193604,0.3379482878009039,-2.388756673531663
33.0,126.0,999.9866943359376,-0.5828551069848906,0.5936024993601299,4.05296989642075,-1.168737989721675,-0.2098023764239602,0.8587209584685427,1.4534481026852202,-0.6680364547391369,0.3382477138471982,-2.3885839469611065
33.0,126.0,999.9867553710938,-0.5828695408448956,0.593719032473425,4.052889938376099,-1.1688034841074124,-0.2099028187481186,0.8586196177728436,1.4536949188865194,-0.6679396944396059,0.3382264836752782,-2.388378364662896
33.0,126.0,999.9865112304688,-0.5829290209611946,0.5937276295856933,4.052879178425989,-1.168891787143473,-0.2097941556524301,0.858526640869334,1.453556915461295,-0.6679422769631511,0.3381062206893501,-2.3886733528741604
33.0,127.0,999.9869995117188,-0.5827979669048142,0.5937558508077352,4.053004258871466,-1.1687772693328964,-0.2099153362659604,0.8584768286337425,1.4535394271356878,-0.6679550986838905,0.3381786839843954,-2.388601392340281
33.0,127.0,999.9865112304688,-0.5828645193231576,0.5937144939857042,4.05291474473278,-1.1688766699672968,-0.2098487317780408,0.858579281547021,1.4536838328187462,-0.6679694631683732,0.3381998170082054,-2.3885363249518816
33.0,127.0,999.9864501953124,-0.582827718027823,0.5937353350460919,4.053055699521007,-1.168741597181708,-0.2098758421260544,0.8585790461322107,1.453613442123948,-0.667972617379383,0.3383455587584478,-2.388486294730976
33.0,127.0,999.9867553710938,-0.5828055427156515,0.593739751558406,4.0530619840315545,-1.1686375266908038,-0.2099577837945423,0.8586160194543,1.4536498081974276,-0.6680430713566565,0.3384494659439401,-2.388223001545487
33.0,127.0,999.9866333007812,-0.5829448052690296,0.5938910554267611,4.052980835568416,-1.1688925943710142,-0.2098433422956249,0.8583073743809679,1.4536176131003185,-0.6679165039266843,0.3382543044715183,-2.388539263302363
33.0,127.0,999.9871215820312,-0.5829098837211397,0.5937696998939561,4.052824446583385,-1.1687262794683528,-0.2098303669912624,0.8585542719132242,1.453425335413888,-0.6680280525184576,0.3381290087345467,-2.388499451931384
33.0,127.0,999.9869384765624,-0.5829734458338596,0.5938702031908161,4.052934321032028,-1.168953446799474,-0.2097926400814636,0.8582618997167204,1.4535086719948804,-0.6679226716768554,0.3380411960303764,-2.3887250959786903
33.0,127.0,999.9865112304688,-0.5828736577073821,0.5937658305339175,4.05300185334132,-1.1690072898022597,-0.2098324963778077,0.8584159939472844,1.4537411680575696,-0.6679568498013904,0.338086016885228,-2.3887096346050622
33.0,127.0,999.9874267578124,-0.582876475405417,0.5937566935427787,4.053086419080925,-1.1690726984685025,-0.2097930052831254,0.8583512120577064,1.45376536537146,-0.6679894797527872,0.338082497114172,-2.388731965502697
33.0,127.0,999.986572265625,-0.5829552238541389,0.5939184225779668,4.0530048187907965,-1.1689894209184444,-0.2098160881731168,0.8582746600571873,1.453607166193577,-0.667908746341964,0.3380450471490528,-2.3888348135049324
33.0,127.0,999.9865112304688,-0.5829156990975672,0.5939187351741806,4.052974071752178,-1.1689172038907882,-0.2098232535789579,0.8582915146891379,1.453629574535766,-0.6679368053154704,0.3381324058162729,-2.388606795857533
33.0,127.0,999.9864501953124,-0.582928668486649,0.5938008299269928,4.053005173567074,-1.1689651246821224,-0.209810388523902,0.8584256042760874,1.4536335397573277,-0.6679283753536343,0.3381886138672163,-2.388729315611306
33.0,127.0,999.9865112304688,-0.5828993057004519,0.5937727526754575,4.052909043012011,-1.1689746017722986,-0.2098353064586442,0.858471655656448,1.4537373705155998,-0.6679068006535855,0.3381134460212189,-2.38862257230366
33.0,127.0,999.9866943359376,-0.5828493684328828,0.5936781387569168,4.052974037458091,-1.1688453672850874,-0.2098710213258297,0.8585845291215453,1.45361775844414,-0.6679940723429265,0.3382339549078903,-2.388487451287923
33.0,127.0,999.9866333007812,-0.582877409406354,0.593871456642634,4.053004702549202,-1.1688590966455967,-0.2099247719797441,0.8583321605414165,1.4536992539977651,-0.6678660285494988,0.3382778116449341,-2.388435972006758
33.0,127.0,999.9869384765624,-0.5828912677050653,0.5936853005419094,4.05295044977953,-1.168950259588195,-0.2097981537328586,0.8585650073144322,1.4535348904870542,-0.66803362489149,0.3380927355748584,-2.3886533157331016
33.0,127.0,999.9869995117188,-0.582919947840602,0.5936551295704131,4.052901345479604,-1.1689772785911223,-0.2097461064232213,0.858559389798021,1.453515559754278,-0.667996333732682,0.3380345775159128,-2.388811459888566
33.0,127.0,999.9866943359376,-0.5829313594412335,0.5939961946403249,4.052986954329235,-1.1691070828662693,-0.2098020742913355,0.8580784193198019,1.4537328234172424,-0.667848742457493,0.3380445072833762,-2.3888225370449567
33.0,127.0,999.9868774414062,-0.5829372381404294,0.5939285065562414,4.052823995654602,-1.1688678696436967,-0.209819649328395,0.8583183099769931,1.453598485990888,-0.6679046359775338,0.3381075887449469,-2.388658996287765
33.0,127.0,999.9867553710938,-0.5828325989139245,0.593726296846703,4.052933389190633,-1.1686314911530578,-0.2099024487261349,0.8585904133509477,1.4534996865403365,-0.6679472068827188,0.3383811954557414,-2.3883669452324896
33.0,127.0,999.986572265625,-0.5828403914334865,0.5937142350519018,4.052959543763389,-1.1686910170187548,-0.2098639742825945,0.8586015231242259,1.4535218979482014,-0.6680216102253524,0.3383382293812067,-2.388430947970858
33.0,127.0,999.987060546875,-0.5829047677691275,0.5936014441962909,4.052933942555679,-1.168883857911171,-0.2098281534538824,0.858639138842749,1.4536555916293803,-0.6680047658621486,0.3381435253320752,-2.388602615648713
33.0,127.0,999.9868774414062,-0.5829049102178399,0.5937626977932826,4.052966331780652,-1.168962288871573,-0.2098221284172989,0.8584112390337841,1.45355370522444,-0.6680150850800111,0.3380145310002529,-2.388782533360782
33.0,127.0,999.9866333007812,-0.5828336133599192,0.5937459772946045,4.053141281877563,-1.1687372903344555,-0.2099047264483138,0.8585419703022339,1.453560058488251,-0.6680248072927375,0.3384266235731044,-2.388389581738698
33.0,127.0,999.9866943359376,-0.5828656369868881,0.5937638127429032,4.053021744412321,-1.1689416055746005,-0.2098549671253939,0.8584122609368148,1.453686401750634,-0.6679080005350464,0.3381433414986414,-2.388693438891564
33.0,127.0,999.9865112304688,-0.5828598049547429,0.5938713855605542,4.052926501061595,-1.1689680487571943,-0.2098664468704765,0.8583309246425781,1.453734000765933,-0.667891460023676,0.3381007536446585,-2.388635214030508
33.0,127.0,999.98681640625,-0.582896700023567,0.5937277261118865,4.0529225465794685,-1.1688445611827292,-0.2097948879855513,0.8585429156054332,1.453505138061983,-0.6680122396001726,0.3380749372066081,-2.388780044647178
33.0,127.0,999.9866943359376,-0.5828629935806635,0.5937442830440496,4.053006696326992,-1.1688568550309064,-0.2098435261022038,0.8585201670875842,1.453568979987664,-0.6679337905370524,0.3382914101619896,-2.388513938957661
33.0,127.0,999.9869384765624,-0.5829897089531064,0.593922565299362,4.052918730454355,-1.1689957655202168,-0.2097349814973599,0.8583657572319261,1.4535621233483722,-0.6680262430348067,0.3380084417173989,-2.388749191770529
33.0,127.0,999.9868774414062,-0.5828348724025672,0.5938434869322498,4.053130334927811,-1.1688754326013413,-0.2099176227985486,0.8583791605155131,1.4537317428016283,-0.6679367147447461,0.33828621753198,-2.388485894563954
33.0,127.0,999.9867553710938,-0.5828784947341328,0.5937469576875483,4.053004549750137,-1.1689644846122622,-0.2097916216338458,0.8584105443039416,1.453565445216527,-0.667969776623182,0.3380870377170089,-2.3887906165708177
33.0,127.0,999.9869995117188,-0.5830052104723977,0.593975243446593,4.053010172936469,-1.1691013547792255,-0.2097834186511811,0.8582182782388088,1.453723600397785,-0.6679506058848483,0.3379363218589954,-2.3888042761058226
33.0,127.0,999.9869384765624,-0.582986228087151,0.5939459290055815,4.052911916330197,-1.1690066578633245,-0.2097311988433494,0.8582866792636059,1.4536143565395356,-0.6679235216626322,0.3379439238120447,-2.388830924754436
33.0,127.0,999.9865112304688,-0.5828690881779757,0.5937824299840031,4.053054898471109,-1.168843456503232,-0.2098552967110736,0.8584873244516489,1.4535598451178275,-0.667985484897013,0.3382559395065172,-2.388544296585376
33.0,127.0,999.9866333007812,-0.5829550455701247,0.5938443265343132,4.052971811912034,-1.1690414002347098,-0.2097592111677917,0.8583308489809554,1.4536259955754938,-0.6679755460977246,0.3380998811592803,-2.388705964664042
33.0,127.0,999.9867553710938,-0.582920850995821,0.5938054999813991,4.052940162227992,-1.168904285787966,-0.2098237742226967,0.8584770451801624,1.4535878646487603,-0.6680057468752212,0.3380977001960676,-2.38859096929816
33.0,127.0,999.9871215820312,-0.58278350851357,0.5936776092519738,4.053021773621669,-1.1685949538105629,-0.2099602426408093,0.8586671184358927,1.4535321576336155,-0.6679707145515819,0.3385541437979533,-2.3881799011069003
33.0,127.0,999.9865112304688,-0.5828840097976826,0.5938683724163809,4.052953701152664,-1.1688130815385689,-0.2098193377201509,0.8584367227047736,1.4535166255731955,-0.6680005704323007,0.3381741724932041,-2.388583373861043
33.0,127.0,999.9866333007812,-0.5828756737158907,0.5939286910646384,4.052971845961617,-1.1688960568310485,-0.2098575541291492,0.8582884571042069,1.4536421877352843,-0.6679495662763664,0.3382336315837397,-2.388542433894236
33.0,127.0,999.9866943359376,-0.5829989238558717,0.5938782604932902,4.05290041017984,-1.1690727532083631,-0.2097014752376766,0.8583951162161716,1.4535891276132382,-0.667994943287475,0.3378561317044593,-2.3889561132469272
33.0,127.0,999.9863891601562,-0.5828829432523781,0.5938535215406526,4.053018727821222,-1.168941848689843,-0.2098334860021218,0.8583357972463972,1.4536786289474426,-0.6679093841498513,0.3382033165385145,-2.388592241264702
33.0,127.0,999.9863891601562,-0.5829531016860088,0.5938827538156044,4.0530044877183045,-1.1689865723906716,-0.2098118382510332,0.8582645181555897,1.453550576874612,-0.6679316065686178,0.3380813061620245,-2.3887666257946325
33.0,127.0,999.9866333007812,-0.5829554360029148,0.5938629907897974,4.053014978582297,-1.1690338517127374,-0.2097970804298361,0.8583056994122877,1.4536076391640007,-0.6679860594273315,0.3380056693282585,-2.388854098420508
33.0,127.0,999.98681640625,-0.5827872643689034,0.593605419619541,4.052951867284756,-1.1686757575123514,-0.2099293188136144,0.8586838079580437,1.453546011431528,-0.6679796492539953,0.3383071344485042,-2.3884242364294166
33.0,127.0,999.986572265625,-0.5828407560508593,0.5937206124665959,4.0530225264670285,-1.1688451423585349,-0.2098967455099627,0.8585128932818371,1.4537282109695706,-0.6679034182558103,0.3382533260493003,-2.3885324306965443
33.0,127.0,999.9868774414062,-0.5828851710452172,0.593809051741526,4.052940061211368,-1.168966463194498,-0.2098156135696607,0.8583592319214617,1.453538669030391,-0.6679673589350275,0.3381256023504804,-2.3886172957829093
33.0,127.0,999.986572265625,-0.5829246090429407,0.5937748524286848,4.053011688113386,-1.1688214784726485,-0.209828837931993,0.8584846648101383,1.4535627679242893,-0.6679705576508024,0.3382090416527035,-2.3886281433801706
33.0,127.0,999.9864501953124,-0.582982487105629,0.5939778066591659,4.0529044462683785,-1.1691462839276494,-0.2097547098823557,0.8582051050001605,1.4537149350886027,-0.6678744656723392,0.3379464850866007,-2.3888338343657423
33.0,127.0,999.9866943359376,-0.5828832227739769,0.5937463322174539,4.052990060227666,-1.168929900550312,-0.2098122987930146,0.8585135594175224,1.4537231252564276,-0.6678894672972877,0.3381970517696704,-2.3886443803069177
33.0,127.0,999.986572265625,-0.5828330084685245,0.593654381267763,4.052961523471844,-1.1688815667669927,-0.2098796967852703,0.8585493295280768,1.453677236698205,-0.6679694092680437,0.3381566825888518,-2.38859572568433
33.0,128.0,999.9866333007812,-0.5829416647745607,0.5939513581421245,4.052914638432009,-1.1690599604279606,-0.2097876929196811,0.8582182537643765,1.4537057814301857,-0.667878427727123,0.3380931452631728,-2.3886343088894835
33.0,128.0,999.9862670898438,-0.582961316428162,0.5939386157902007,4.05296802411495,-1.1690875634289806,-0.2097683454670837,0.8582325717611141,1.4536703178039625,-0.6679066209854776,0.3380118463042603,-2.388891496064637
33.0,128.0,999.9865112304688,-0.5829133570650544,0.5938478371848186,4.053098266538299,-1.1689771564031748,-0.2098224180187387,0.8583132570453547,1.453614647316024,-0.6679656301625938,0.3382565321620117,-2.388664833661096
33.0,128.0,999.98681640625,-0.5827900983022634,0.5937678815462544,4.05299354691096,-1.1687773986885863,-0.2099343827019542,0.8585182678825474,1.4536351196748605,-0.6679707566181463,0.3383274945106942,-2.388418844894544
33.0,128.0,999.9864501953124,-0.5828528788341387,0.5937400459281692,4.053070831984426,-1.1688395798699591,-0.2098714824880625,0.8584643999949524,1.453609257660485,-0.6679575281856813,0.338285476427921,-2.3885690061953824
33.0,128.0,999.9864501953124,-0.5828177731231481,0.5937231981265789,4.05297120808614,-1.168846929358625,-0.209863273538609,0.8584857941020454,1.4535949351193498,-0.667921072626326,0.3382740577288734,-2.388579845854456
33.0,128.0,999.9869384765624,-0.5828137193756788,0.5937140538531338,4.053037740072618,-1.1688972634980352,-0.2098877167691046,0.8585330421236321,1.4536279448351357,-0.6679738516010163,0.3382031651926844,-2.388547422019333
33.0,128.0,999.9863891601562,-0.5828871131713047,0.5937194118974451,4.052944447670981,-1.1688733058580063,-0.2098445199572616,0.8585461822978049,1.453599665857659,-0.6679473267103679,0.3381781486092352,-2.3885679722746604
33.0,128.0,999.986572265625,-0.5828719541775982,0.5937534526478796,4.053072350366547,-1.168805476850126,-0.2098225059840324,0.8585027216791863,1.4535007334502588,-0.6680273340565099,0.3382874984909643,-2.3885748397932764
33.0,128.0,999.9869384765624,-0.5829633414178605,0.593912017141971,4.053030713092603,-1.1691687212788322,-0.2097972690536007,0.858146731207996,1.4536395536792304,-0.6679114407927775,0.3379727503154335,-2.388942009774841
33.0,128.0,999.9867553710938,-0.5829316499675832,0.5937579190749052,4.053045286464839,-1.1688781068743186,-0.2098190515234286,0.8584684105690616,1.4535870986685744,-0.6679377020025932,0.338242684163772,-2.388664390562882
33.0,128.0,999.9865112304688,-0.5828907199700852,0.5937392684624312,4.05300959809397,-1.1688924176231872,-0.2098361073112773,0.8585173793599754,1.453672767875296,-0.6679691708526816,0.3381809550865107,-2.3885996790643094
33.0,128.0,999.9864501953124,-0.5829083259057501,0.5937957354430576,4.052967943347198,-1.1688638140851886,-0.2098167381862463,0.8584434935406033,1.4535181580173786,-0.6680223046951559,0.3381512734991077,-2.3886544569058006
33.0,128.0,999.9866943359376,-0.5829210016237321,0.5938987634155923,4.052894621804935,-1.168950506199416,-0.2098096074408326,0.8584109206093604,1.4537493443640184,-0.6678832603978293,0.3380735788607936,-2.3886869400544137
33.0,128.0,999.986328125,-0.5828813968316622,0.5937599243531109,4.052979922024216,-1.1689845992831571,-0.2098487113378739,0.8584251004230783,1.4537733593545754,-0.6679016995763005,0.3381702929811165,-2.38861492490078
33.0,128.0,999.986572265625,-0.5829515724960963,0.5938704152461751,4.053033898256773,-1.1689161034914832,-0.2097910296113543,0.8583249322434394,1.4535351121844258,-0.6679673830477766,0.3381208418172701,-2.3887518560710417
33.0,128.0,999.986572265625,-0.582851671707334,0.5937015276691238,4.053051804134126,-1.1689583603485594,-0.2098532165571089,0.8584726009657242,1.4536981467077883,-0.667944102866679,0.3382152751243108,-2.3886120488335587
33.0,128.0,999.986572265625,-0.5828792905165603,0.5937869300950691,4.053089549691373,-1.168880747196075,-0.2098307094690437,0.8584975577555873,1.4536723781341294,-0.668008228219823,0.3383014026864481,-2.3885541772749423
33.0,128.0,999.9862670898438,-0.5828557080469814,0.5938103633984753,4.052967556550351,-1.1688691035029142,-0.2098909341706942,0.8584508939238873,1.4537042019284223,-0.6679423297582225,0.3381538997357483,-2.3886001592942856
33.0,128.0,999.98681640625,-0.5828899027307095,0.5938224723015972,4.053089782326593,-1.1689053905117404,-0.2098036966023304,0.8583990568761957,1.4535428889601834,-0.6679977728164861,0.3381660468805663,-2.388739551201495
33.0,128.0,999.986572265625,-0.582900168414163,0.5938366516512126,4.052971492553132,-1.168817798036168,-0.2098472431751785,0.858440028804047,1.4535026998579568,-0.6679545963330167,0.3381800442785074,-2.38858297363156
33.0,128.0,999.9866943359376,-0.5828667388677484,0.5938462036136061,4.052957742338887,-1.16900828536503,-0.2098849434623133,0.8582879436442434,1.4538034440418972,-0.667859592501511,0.3381439664233134,-2.3885690021453545
33.0,128.0,999.9866943359376,-0.582930209401284,0.5939951646620791,4.052947531439724,-1.169122098661111,-0.2098057737258223,0.8581736507231863,1.4537945558989769,-0.6678751683366677,0.3379622588286359,-2.388739173924214
33.0,128.0,999.987060546875,-0.5828974366353004,0.5937564058280662,4.053134432345743,-1.1691068099738744,-0.2098160228578915,0.8583311676270728,1.4536867058996703,-0.667945938214225,0.3381433022848323,-2.3887471290001243
33.0,128.0,999.9868774414062,-0.5829044646101114,0.5938973971141088,4.053010949317111,-1.1688164409187278,-0.2098502143539784,0.8583319775299492,1.453574475727919,-0.6679430883475987,0.3382985116782233,-2.388486819158788
33.0,128.0,999.9862670898438,-0.5828967482260348,0.5938965500327873,4.052940554233169,-1.1689661611376732,-0.2098260051430731,0.8583219539600018,1.4537416857471417,-0.6678919281445808,0.3381608207597386,-2.3885590757956026
33.0,128.0,999.9868774414062,-0.582817991768529,0.5937882752526571,4.053020407058611,-1.1686877686421653,-0.2098905595378921,0.8584924336889275,1.4535599534174812,-0.6679525772748027,0.3384099853803484,-2.388328155926563
33.0,128.0,999.986572265625,-0.5829063985823293,0.5938884414773309,4.0530484374385765,-1.1689255336277975,-0.2098542377374874,0.8582695731507348,1.453587557527051,-0.6679015731123261,0.3382364209988244,-2.3886046636871656
33.0,128.0,999.9864501953124,-0.5828542346978001,0.5938652418023143,4.0530708884223845,-1.1689299628881535,-0.2098872261100943,0.8583211879406054,1.453712919841136,-0.6679087113901696,0.3382513470761852,-2.388537065104603
33.0,128.0,999.9865112304688,-0.5829098654029323,0.5938418174345603,4.052953031507219,-1.1689134430153465,-0.2098301342826865,0.8583649361299734,1.4535235892813168,-0.6679350120614727,0.338214589511975,-2.3886326653422985
33.0,128.0,999.9866333007812,-0.5828662037963603,0.5937752929844233,4.053016065173869,-1.1689618985330688,-0.2098087058353828,0.8584193752706382,1.4536008788924928,-0.6679651502968458,0.3381016440362216,-2.3887086446817656
33.0,128.0,999.9863891601562,-0.5829210423315265,0.5938153870575471,4.052942601591559,-1.1688261552933907,-0.2098101438410946,0.858427685986606,1.453478417953936,-0.6679646335503975,0.3381947740541307,-2.3886106327079304
33.0,128.0,999.9865112304688,-0.5828279093011055,0.5937128659371513,4.053041765797538,-1.1687055088001,-0.2099435391499415,0.8585730324623491,1.4536261213730697,-0.6679992818424427,0.3383774045835706,-2.3883887915464053
33.0,128.0,999.986572265625,-0.5829643878278938,0.5938457997011524,4.052874075422999,-1.168884797461342,-0.2097527327354731,0.8584427240186727,1.4535225745579528,-0.6679345734348026,0.3381412826189702,-2.3886413569284617
33.0,128.0,999.9864501953124,-0.5829085456582419,0.5938190953411935,4.053009545784265,-1.1687948898705631,-0.2098047528088535,0.8584717637266017,1.4535065990663585,-0.6679975904912467,0.3383355597805595,-2.388524886961478
33.0,128.0,999.9863891601562,-0.5829023967498799,0.5938137996495172,4.052940235649476,-1.168907841279589,-0.2098253756012811,0.8584275207899754,1.4535741079162676,-0.66796474248717,0.3381285345288853,-2.3886977380977443
33.0,128.0,999.98681640625,-0.58290044482289,0.5937547638949283,4.052856321397403,-1.16883513845731,-0.2098252423469437,0.8585717813355327,1.453549281547386,-0.66801332308727,0.3381755699799509,-2.3885196492208003
33.0,128.0,999.986572265625,-0.5828376695845439,0.5937664416871655,4.053010392411965,-1.168841638474945,-0.2098466806027108,0.8585733920491929,1.453728547639236,-0.6679094459077213,0.3382908166792218,-2.388486244231392
33.0,128.0,999.986328125,-0.5829401462756989,0.5938288900526869,4.053005061773305,-1.1689936947831183,-0.2097989739961443,0.8583363522879601,1.4536274507071667,-0.6679578047507349,0.3380984635505903,-2.388709536586373
33.0,128.0,999.9871215820312,-0.58281186865762,0.5936076808513038,4.0530482601945135,-1.1685730494578732,-0.2099402029801167,0.8586998127119392,1.4534213201492978,-0.6680178014129394,0.3384718371876927,-2.388374290147908
33.0,128.0,999.98681640625,-0.5828298246975354,0.5937652389390244,4.053126195538553,-1.1688953645031934,-0.2098828945109643,0.858481583603588,1.4537529316519588,-0.6679228586504333,0.3383693813537132,-2.388461905194453
33.0,128.0,999.9866943359376,-0.5829172604804995,0.5938474206643587,4.052894562935602,-1.1689423784007107,-0.2098053952534462,0.8583951746041132,1.453637822900106,-0.6679064212044894,0.3379861290772235,-2.3887226767733964
33.0,128.0,999.9866943359376,-0.5828821527238564,0.5937178086018307,4.052999903036756,-1.168731476032543,-0.2098730399830559,0.8585483510657612,1.4534879185500085,-0.6679407567153781,0.3383067193734916,-2.3885999170079986
33.0,128.0,999.9871215820312,-0.5828878742001633,0.5938946012840143,4.052991515613986,-1.1690319805099805,-0.2098514069815928,0.8583064592355996,1.4536773177847575,-0.6679749588429482,0.3380568400475647,-2.3886878022709417
33.0,128.0,999.9869995117188,-0.5829033011333697,0.5937600480732472,4.052947658777926,-1.1687894093397828,-0.2098773679031849,0.8584916783675434,1.4535698691441867,-0.6679696072694696,0.3381087845458292,-2.388635417657969
33.0,128.0,999.9865112304688,-0.582927362188328,0.5937672366945588,4.052998586386909,-1.1690273345125697,-0.209799561747249,0.8583966084471717,1.4537041988637007,-0.6679114686706455,0.3381137691661138,-2.388771226473541
33.0,128.0,999.9862670898438,-0.5829469780518366,0.5939022462194679,4.05291843484164,-1.1690602332281914,-0.2097888967959553,0.8583017606182883,1.4537035241810825,-0.6679265930888505,0.3379831063416141,-2.388755454868432
33.0,128.0,999.9863891601562,-0.5828841520940689,0.5937409425905047,4.052966268228428,-1.1687583639563282,-0.2098579727669234,0.8585250057083913,1.4534863794245378,-0.6679460652823845,0.3382709016227174,-2.3885578708287887
33.0,128.0,999.9865112304688,-0.5828443246092192,0.5937481793515618,4.053004436965853,-1.1688981280513957,-0.2098864470001888,0.858469548591783,1.453664939797025,-0.6679215756225236,0.3381876115981397,-2.388559322128576
33.0,128.0,999.9871826171876,-0.5828503166659269,0.5937694370144984,4.0529745951462655,-1.1687871873818412,-0.2099365133186381,0.8584982663059275,1.4536185101520251,-0.6679163317179393,0.3382620890026135,-2.388382060896044
33.0,129.0,999.9866943359376,-0.58289620307111,0.593884335854602,4.052904201303267,-1.1688932368263942,-0.2098284485195547,0.8583422977433974,1.4535619892465863,-0.6678998287143951,0.3380860440397759,-2.388745205946704
33.0,129.0,999.9862670898438,-0.5828145293962201,0.593737744042329,4.053034985826892,-1.1688396554636644,-0.2098958442668994,0.8585410685599406,1.4537585243333169,-0.6679371195030095,0.3383591328741602,-2.3883945478312807
33.0,129.0,999.9866943359376,-0.5828811502890865,0.593668457882222,4.052952989919969,-1.1688918321189332,-0.2098136744473038,0.8585902533194076,1.4536193114569542,-0.6680286307108112,0.3381627781376926,-2.3886091774909564
33.0,129.0,999.9865112304688,-0.5828492382756192,0.5937844493791307,4.053069696703082,-1.1688725213577795,-0.2098743868238743,0.8584573454071576,1.4536959519621453,-0.6679530595050345,0.3382398967823654,-2.388577992717828
33.0,129.0,999.9865112304688,-0.5828761698341243,0.5938665980281304,4.053034362130006,-1.169006230161433,-0.2098220422657979,0.8583202620277692,1.4536731375766223,-0.667968300378635,0.338070645233496,-2.3887791233545914
33.0,129.0,999.9860229492188,-0.5829250907570156,0.5938465739140506,4.052920109274348,-1.168861292005671,-0.2098124951707483,0.8584381158241561,1.4535740366526415,-0.6679468049183761,0.3381579417952522,-2.388593681322671
33.0,129.0,999.9859619140624,-0.582871168663373,0.5938132722724099,4.052941362990524,-1.1688864367139344,-0.2098615975487145,0.8584444304374284,1.4536890505232938,-0.6679331770374421,0.3381607626387959,-2.3885682123333907
33.0,129.0,999.9865112304688,-0.5828740434487454,0.5937131950702881,4.053052135519291,-1.168882369506154,-0.2098369754636255,0.8584904417804884,1.4535549624742936,-0.668012610787394,0.3381947207044691,-2.388671397268887
33.0,129.0,999.9863891601562,-0.5829175789418812,0.5938498432886821,4.05303776378684,-1.168886596468882,-0.2098153782229603,0.8584382546567593,1.4536270046318318,-0.6679706478907228,0.3382080349894281,-2.3886493325427605
33.0,129.0,999.9866333007812,-0.582931609334933,0.5938759157011226,4.053012597427227,-1.1689763369434465,-0.2098078090777191,0.8582912651311467,1.4536895563270624,-0.6679062245633665,0.3381825794474347,-2.388703792994702
33.0,129.0,999.9866333007812,-0.5828862037721629,0.5939214644222854,4.052908631447572,-1.168836427698424,-0.2098660398930327,0.8582831674461664,1.4535956278309854,-0.6678783232202461,0.3382080864853511,-2.3885868459711164
33.0,129.0,999.98681640625,-0.5828636728917997,0.5938063028457492,4.05302657302653,-1.1688953434098064,-0.2098727205367971,0.858451075740783,1.45378555178568,-0.667881678259743,0.3383432166165665,-2.388504222246514
33.0,129.0,999.986328125,-0.582860479643573,0.5937268598008005,4.052968404754518,-1.1688009830099166,-0.2098831819816178,0.8585169258741674,1.4535908929815742,-0.6679505918459077,0.3382711440554224,-2.388505694196782
33.0,129.0,999.9861450195312,-0.5829566962815367,0.5939103908710042,4.052896889739287,-1.1689663677242503,-0.2097619321542172,0.8583521165934691,1.453587479189058,-0.667931585283462,0.3380261561374187,-2.3887896569898186
33.0,129.0,999.9869995117188,-0.5828399333789358,0.5937652490970535,4.053037934952888,-1.1687770829540272,-0.2098954997571294,0.8585033104142425,1.4536357383071428,-0.6679719173378027,0.3382977911056315,-2.3883789924426906
33.0,129.0,999.9865112304688,-0.5829277295110957,0.593882234557972,4.053017807254069,-1.169190842329137,-0.2097781727856356,0.8581908948986374,1.4537232123602113,-0.6678621232778639,0.3380146028353081,-2.3889108296459547
33.0,129.0,999.9866943359376,-0.5828727908118285,0.593857838242764,4.052947156801212,-1.1689790862708829,-0.2098770129353706,0.8583039723145278,1.4537870484433189,-0.6678463720550987,0.3382196940024986,-2.388533270459023
33.0,129.0,999.986572265625,-0.5828358625958572,0.5936913498023095,4.052971853571034,-1.1688608687898263,-0.2098633408357511,0.8585893169018908,1.4537093168502864,-0.6679316118970116,0.3382663391796097,-2.388465942598658
33.0,129.0,999.98681640625,-0.5828859050533026,0.5938642217649868,4.053023573463928,-1.168937084004141,-0.2098436116736639,0.8583020438710687,1.4535958448740305,-0.6679632669814417,0.3381267095227267,-2.3886597784736097
33.0,129.0,999.9866333007812,-0.5829043754674315,0.5938900951536468,4.053031397831386,-1.1691236302673378,-0.2098153459019336,0.8582377206530296,1.4538093662297822,-0.6678865980880788,0.3381368896787249,-2.3886743478320778
33.0,129.0,999.986572265625,-0.5828396885994422,0.5937806883920675,4.052986211650495,-1.1689144020986566,-0.2098639731176641,0.8584273524472108,1.4537466488955475,-0.6679237293684102,0.3382177550204481,-2.388484268605997
33.0,129.0,999.9861450195312,-0.5828798133149888,0.5937907885053528,4.053032580639544,-1.1689040128765544,-0.2098770871407849,0.8583918334662322,1.4536810002949423,-0.6679129568140594,0.3382832000421922,-2.388540370789511
33.0,129.0,999.9863891601562,-0.582886571735143,0.5938124105103988,4.053011711831164,-1.1690502281608568,-0.2098166849516971,0.858350943468082,1.4537027983080597,-0.6679141963368016,0.3380974424964922,-2.388741332038215
33.0,129.0,999.9862060546876,-0.582897271408247,0.5939210646137871,4.052985188013439,-1.169018892923825,-0.2098477765672388,0.8582420119196286,1.4537201443705925,-0.667875897306164,0.3381021176371082,-2.3887084076007485
33.0,129.0,999.9866333007812,-0.5828663861311671,0.5938348706024748,4.052974740784306,-1.1690007317647222,-0.2098293067131429,0.8583497208322219,1.4537153627325932,-0.6679536359999645,0.3381038143762644,-2.388681726796249
33.0,129.0,999.986572265625,-0.5828440362335456,0.5937132833989711,4.053038081325953,-1.1686738250734874,-0.2098872153198065,0.8585504847819774,1.453411955204933,-0.6680311235185119,0.3383041912854914,-2.3885515917499367
33.0,129.0,999.9862060546876,-0.5828792691138815,0.5938205046355041,4.053031269746574,-1.1690209538240717,-0.2098349756725497,0.8583953754105025,1.453796926522125,-0.6679345382604431,0.338129249956637,-2.388651657704348
33.0,129.0,999.9865112304688,-0.5829139187858114,0.5937862227690012,4.052840379871498,-1.168985203133449,-0.209812119512355,0.8584237497213385,1.453672808410781,-0.6678672529127869,0.3380683429679711,-2.388679943630479
33.0,129.0,999.9863891601562,-0.5829137965590752,0.5939303432722749,4.052967383040695,-1.16905490203831,-0.2098144238106751,0.8582385250255387,1.4537765113182024,-0.667852905485919,0.3380810553409876,-2.388721887219971
33.0,129.0,999.9864501953124,-0.5828973275103717,0.593867058374407,4.0529663031679615,-1.1689886954182098,-0.2098512104926753,0.8582693195506321,1.4536284544618052,-0.6679172316216349,0.3380732807135231,-2.388745958901892
33.0,129.0,999.986328125,-0.5829034459960241,0.593861398234262,4.053017637142096,-1.16901773078768,-0.2098081610868005,0.8583222078140089,1.453691083663026,-0.6679024823845792,0.3381661054030864,-2.388690482007891
33.0,129.0,999.986328125,-0.5829139294098038,0.5938537271262891,4.052957694668656,-1.1689245767339391,-0.2098361403385027,0.8583859041071609,1.4536957502346637,-0.6679503404924123,0.338137852486879,-2.388654359294768
33.0,129.0,999.9866333007812,-0.5828927536853543,0.5937737412593158,4.052932277753484,-1.1688068531433604,-0.2098284944751736,0.8585552266384733,1.4535837837711956,-0.6680318874178042,0.3381789929582544,-2.38860167109536
33.0,129.0,999.986328125,-0.5829063324777604,0.5937864150090366,4.052968002604409,-1.1689376373964926,-0.2098374328987207,0.8584125962833689,1.45370035717432,-0.6679211939254701,0.338186362165791,-2.3885806367270224
33.0,129.0,999.9865112304688,-0.5828522023904856,0.5938199847471894,4.052972416557045,-1.1689205796266977,-0.2098774885169172,0.8584495246052732,1.4537572292966343,-0.6679136974129083,0.338183816587092,-2.388499357478708
33.0,129.0,999.9864501953124,-0.5828882178752766,0.59379694855203,4.053010399787828,-1.1689163028026477,-0.2098435610585873,0.8584409350617417,1.4536854628964635,-0.6679338508949471,0.3381076300442389,-2.3886783428457896
33.0,129.0,999.9863891601562,-0.5828404067178488,0.5938322571985024,4.0530313305843375,-1.1687754013263834,-0.2098847857216919,0.8584742107144603,1.4536108079507937,-0.6679794853853585,0.3383077429937948,-2.388541313160617
33.0,129.0,999.9866333007812,-0.5828360980314873,0.5937656884307643,4.052936744868351,-1.1689549860255868,-0.2098386443862399,0.8584613049037699,1.4536716117359694,-0.6679360839730943,0.3380375985877606,-2.3887373218631525
33.0,129.0,999.9863891601562,-0.5828811279162078,0.5938316532083219,4.052967828596332,-1.1687937053940305,-0.2098573886127512,0.8584374715317633,1.4535447386317069,-0.6679890467937657,0.3382420049412449,-2.388502734352548
33.0,129.0,999.986328125,-0.5828827820416578,0.593802441668573,4.052940001250853,-1.168999249218051,-0.2098197779301642,0.8584225195516773,1.453728563559454,-0.6679140565589599,0.3381454115040183,-2.38861146960004
33.0,129.0,999.9864501953124,-0.5829391920568083,0.593892405366578,4.052907121404815,-1.1689574099060018,-0.2097759191644117,0.8583584919554434,1.453495594847764,-0.6679536227970937,0.3380304968067813,-2.388786086705488
33.0,129.0,999.9863891601562,-0.5829108309391042,0.5937475079067962,4.05303260913924,-1.169025639007886,-0.2098109613492971,0.8584167108470329,1.4537129236572923,-0.6679474921580821,0.3381594734480542,-2.3886916501002533
33.0,129.0,999.986328125,-0.5828405848480509,0.5938012554630943,4.053024416787444,-1.168884726345945,-0.2098826912622433,0.8584797302537606,1.4537188037924942,-0.6679626342413636,0.3382048931568135,-2.388540115334466
33.0,129.0,999.9861450195312,-0.5829211693121463,0.5938428606377997,4.05291811717642,-1.1689678993294137,-0.2097982351816938,0.8584061789096529,1.4536550339012866,-0.6679156988259294,0.3381089589386548,-2.3886534237928254
33.0,129.0,999.9867553710938,-0.5828767908657824,0.5937545642669217,4.053009866283428,-1.168898581314208,-0.2098821430157196,0.8584963288286129,1.4537360234185348,-0.6679934943663461,0.3382090688933727,-2.388541909407496
33.0,129.0,999.9866333007812,-0.5829303026083981,0.5937657697583418,4.052981524789725,-1.1689760267992084,-0.2098439507420249,0.858425416969081,1.45365890397274,-0.6679490766667664,0.3380851669959392,-2.3887385882567864
33.0,129.0,999.9864501953124,-0.5829160382298442,0.5938297633200751,4.052995663820111,-1.1690227943601743,-0.2098051165725714,0.8583413320546782,1.4537276682845413,-0.667864997546503,0.3381697859164765,-2.3887013252844054
33.0,129.0,999.9860229492188,-0.582917923047038,0.5938777334054288,4.052979455395514,-1.16903239052158,-0.2097925369454554,0.8583003246788943,1.4536725805598758,-0.667925352405164,0.3380680593687657,-2.388746427623332
33.0,129.0,999.986572265625,-0.5828664989135763,0.5937750398591621,4.052930196920666,-1.1689118814194166,-0.2098759194144346,0.8584124011433083,1.4536744420592758,-0.6678914948909336,0.3381300000200484,-2.388596012831445
33.0,129.0,999.986328125,-0.5828877725248134,0.5938421026040297,4.052919273804429,-1.1689349127535835,-0.2098330839738187,0.858357936531676,1.4536817004241964,-0.6679233861822684,0.3381243429732805,-2.3885915221486567
33.0,130.0,999.9864501953124,-0.5829696803158724,0.5938748634858939,4.052972289261467,-1.1690399998926324,-0.209800749109819,0.8582478034383527,1.4536657318317472,-0.6678630094689737,0.3381248004796644,-2.3887745837806165
33.0,130.0,999.986572265625,-0.5828373183427891,0.5937275832055526,4.053046037717442,-1.1688324029293415,-0.2098691166840929,0.8585419890201127,1.453658873373679,-0.6680087536959309,0.3382891227883551,-2.3885607270754456
33.0,130.0,999.986572265625,-0.5829297792809216,0.5938509561877146,4.052878462856334,-1.169142453840018,-0.2098009977513291,0.8582627556606948,1.4537550226348095,-0.6678713984530962,0.3378911062428722,-2.3888682200054467
33.0,130.0,999.9866943359376,-0.5828882199334471,0.5938039042653784,4.0528154389390085,-1.168839932885004,-0.2098588967555716,0.858477067403216,1.4536175512492324,-0.6679207246473942,0.3381340681334581,-2.388509765913072
33.0,130.0,999.986328125,-0.5829459392810685,0.5938607596904246,4.052954280927136,-1.1689970875666598,-0.2097908650429412,0.8583557443490699,1.453626515127791,-0.667963458014059,0.3380395972420569,-2.38878814680282
33.0,130.0,999.9864501953124,-0.5828112478978689,0.593790846301232,4.053023139062354,-1.1687921162213977,-0.2099252110162872,0.858472670529725,1.4537281737759988,-0.6679238544881958,0.3383706776626871,-2.388345424216975
33.0,130.0,999.986572265625,-0.5828734041127346,0.5938292631602495,4.052883066963965,-1.1688289891934414,-0.2098335930223056,0.8585224997117269,1.4536635760870815,-0.6679602425531037,0.3382081243205457,-2.3884940728356185
33.0,130.0,999.9864501953124,-0.5829866736216092,0.5939101967309766,4.052914508465527,-1.1691183342800135,-0.2097333628966406,0.8582974469958904,1.453699144528442,-0.667912800268537,0.3379389257912057,-2.388875904044774
33.0,130.0,999.9864501953124,-0.5829174770617893,0.5938192134387545,4.052918917838635,-1.1689173960301136,-0.2098053509105106,0.8584490897569648,1.4536614999448876,-0.667924102529823,0.3381762383882849,-2.388541655478801
33.0,130.0,999.9866333007812,-0.5828518399704539,0.5938222668114079,4.053025637963311,-1.1687581854122548,-0.2098713579059943,0.8584889584030062,1.4536695745838717,-0.6679379765702578,0.3383947489241192,-2.388386621098995
33.0,130.0,999.9862670898438,-0.5828656382732351,0.5937633691414952,4.052969263602765,-1.1689611674880105,-0.2098603837693256,0.8584512971926745,1.453762406370683,-0.6679151262322254,0.3381700766778923,-2.388595798440078
33.0,130.0,999.986328125,-0.5828807173709949,0.5938646178053553,4.0529658874376455,-1.1688354508081842,-0.20988191639643,0.8584133998416572,1.4536450727966832,-0.667935298102778,0.3382401408017008,-2.388527382750232
33.0,130.0,999.9864501953124,-0.5829343086479728,0.5938772024737462,4.053029983912458,-1.1689881315113544,-0.2098214535098215,0.8582967545101061,1.4536051908856624,-0.6679422531801587,0.3381712882704821,-2.388695878810858
33.0,130.0,999.9866333007812,-0.5829614715251861,0.5939425007451407,4.052880970156425,-1.1690946672700084,-0.2097883059569687,0.8581861729161764,1.4536494746930009,-0.6678837846645793,0.3379461905419054,-2.3888153973803004
33.0,130.0,999.9861450195312,-0.5829203099633586,0.5938325853107251,4.052939914816784,-1.1689427443906646,-0.209822689025203,0.8584122203431281,1.4536704397502334,-0.6679254899463531,0.3381242152412813,-2.388611069329856
33.0,130.0,999.9865112304688,-0.5829137508175526,0.5938753123577554,4.052891617930301,-1.169119044100432,-0.2097781732390764,0.8582883009020135,1.4537633848781422,-0.6678602497634358,0.3380027451491072,-2.388753460312053
33.0,130.0,999.9861450195312,-0.5828826417162816,0.593805567507534,4.052959233381676,-1.1688095211631913,-0.2098393819166606,0.8584690991985937,1.4535379572478844,-0.6679719746363926,0.338259436211854,-2.388529679889655
33.0,130.0,999.986328125,-0.5829275582783309,0.5938609047078742,4.052950606136804,-1.1689340259914225,-0.2098088330742973,0.8583655017667287,1.4536375860668065,-0.6679552841497678,0.338128772991368,-2.388613994498541
33.0,130.0,999.9866333007812,-0.582880530005589,0.5938151234103106,4.052913309569549,-1.168913019423608,-0.2097984570764834,0.8584390215001116,1.4536546631488303,-0.6679588021227083,0.3381373687764979,-2.388590014644908
33.0,130.0,999.9863891601562,-0.5828321336906575,0.5936639714497787,4.053008515062924,-1.1687927162672749,-0.2098685749776638,0.858640017779015,1.4536533609392863,-0.6679755228812398,0.3382984092822383,-2.388479185154522
33.0,130.0,999.9864501953124,-0.5829038274333511,0.5938677384801512,4.05286963883108,-1.1689329375658488,-0.2098411611890602,0.8583646523218924,1.4536679865872548,-0.6678908096712055,0.3380675197538343,-2.388614119771977
33.0,130.0,999.9865112304688,-0.5828240532652664,0.5938299629213208,4.052961077240278,-1.1687381317567058,-0.2099070704861034,0.8585161131450523,1.453652075500882,-0.6679849301365861,0.3382847952135286,-2.388385177315895
33.0,130.0,999.9862060546876,-0.5829053416758052,0.593739052991408,4.053009466181639,-1.168901677727156,-0.2098345393638032,0.8584572672606736,1.4535494401742444,-0.667981683556401,0.3381516328276381,-2.388705035543196
33.0,130.0,999.9863891601562,-0.5829550817951707,0.5939226765130154,4.052983942749163,-1.168982354849314,-0.2097755199841664,0.8582832601463704,1.453556493606376,-0.6679495710414187,0.3380564930499545,-2.3887904670559514
33.0,130.0,999.9863891601562,-0.5828837639167013,0.5937744394533002,4.053036739036326,-1.1689530173690237,-0.2098349720467158,0.8584533794618467,1.4536989004799228,-0.6679802918165585,0.3381500422559815,-2.388653513238117
33.0,130.0,999.9862670898438,-0.5828961703947702,0.5938134534628503,4.052943518286078,-1.1689995913661813,-0.2098149539735434,0.8584258212381073,1.4537111914966268,-0.6679371692745599,0.3380672393596642,-2.3886864197549453
33.0,130.0,999.9863891601562,-0.5828649491956277,0.5938237917772042,4.053012426299347,-1.1688356544660774,-0.2098786517727475,0.8584778049375617,1.4536904938999715,-0.6679912623638247,0.3382405840861588,-2.388498690691325
33.0,130.0,999.9863891601562,-0.5828766639661804,0.5938628452016967,4.052969435606478,-1.1689109874146486,-0.2098470616741474,0.858419057310229,1.4536532012438368,-0.667958934884858,0.338118761727415,-2.3886160923984407
33.0,130.0,999.9864501953124,-0.5829063704369437,0.5939193025340241,4.052904973930961,-1.1690087815682375,-0.2098308662332133,0.8582982324184147,1.4537229311779545,-0.6679070746799418,0.3380273932271187,-2.388685529839588
33.0,130.0,999.9864501953124,-0.5828912233425383,0.5937611900381601,4.0529641930569085,-1.168824909724842,-0.2098465369277065,0.8585761299489434,1.4536841784626375,-0.667944017614805,0.3382374782276844,-2.3885203714649688
33.0,130.0,999.9864501953124,-0.5829748126789385,0.5939143191296328,4.052926266194145,-1.169086174165022,-0.2097699937284352,0.8583260351714515,1.4537636068180315,-0.6679184321305289,0.3379988867348267,-2.388743064020571
33.0,130.0,999.9866333007812,-0.5828916228022232,0.5938567639911208,4.052936789850129,-1.1689681967982883,-0.2098285524369307,0.8584105206985306,1.4537800755084085,-0.6679350452171304,0.338151965578735,-2.3885277482056826
33.0,130.0,999.986083984375,-0.5829205920283167,0.5938397813492289,4.05297952048859,-1.16888795596605,-0.2098433665351224,0.8584084885832066,1.453632023494885,-0.6679160739456504,0.3381959518826294,-2.388595396839443
33.0,130.0,999.986328125,-0.5829351629665878,0.5938433139878052,4.052958109603647,-1.1690397592756852,-0.2098028809347702,0.8583694932899881,1.453742252234548,-0.6679163984257306,0.3380823209392929,-2.388660863538785
33.0,130.0,999.9861450195312,-0.5829292277870994,0.5938503541137861,4.052969811285347,-1.1690125378565217,-0.2097778899464772,0.8583824234044313,1.453693879959399,-0.6679161483879543,0.3380897034074301,-2.3887221464278023
33.0,130.0,999.9863891601562,-0.5829095598094423,0.5939031391091358,4.053021173239065,-1.168969766568484,-0.2098146113362933,0.8582781833990119,1.4536229411943502,-0.6679521796374113,0.3381147392229877,-2.3886987991719537
33.0,130.0,999.9859619140624,-0.5829030490158837,0.5938648230755614,4.052973482058327,-1.1689167816038752,-0.2098377903867403,0.8583457744558078,1.4535932839352848,-0.6679269532567407,0.3381655776973238,-2.388629105249398
33.0,130.0,999.9861450195312,-0.5829148007145548,0.5938856732914966,4.05300720939244,-1.168997738019835,-0.2098143093015689,0.858321777468424,1.453721432846029,-0.6679131609642273,0.3381284251075094,-2.388701730516368
33.0,130.0,999.9859619140624,-0.5828987104477559,0.5938673835272716,4.052988492533647,-1.168927679040424,-0.2098380629552725,0.858374441881864,1.4536814045790596,-0.6679335105055699,0.3381583305791382,-2.388605996901078
33.0,130.0,999.9864501953124,-0.5829313176080415,0.5938056748672391,4.052952677168353,-1.1689754856944887,-0.2097911994039512,0.858401998438163,1.453694677010402,-0.6679171176910046,0.338190483370524,-2.3886450183571863
33.0,130.0,999.986083984375,-0.5828744582016068,0.5937857587975977,4.053038133596639,-1.168852843720865,-0.2098409133995495,0.8584859724830096,1.4536109937520694,-0.6680132827319927,0.3382324524879587,-2.388599888866272
33.0,130.0,999.9862670898438,-0.5829306034406292,0.5938924096299605,4.052924433137456,-1.1690216968633882,-0.2098120055722621,0.8583017678677205,1.4537191311855242,-0.667928255809092,0.3380580478501063,-2.3886811478715324
33.0,130.0,999.9867553710938,-0.5828798472981882,0.5938756701585639,4.052916555185254,-1.1689635457981593,-0.2098267770915312,0.8582940376032564,1.4536523463036497,-0.6678906525417787,0.3381124825980617,-2.3886243786788937
33.0,130.0,999.9863891601562,-0.5828827434422559,0.5938038740993923,4.05297198152949,-1.1689605666418048,-0.2097996457349342,0.8584299965814814,1.453654967207859,-0.6679412034912255,0.3381164054775043,-2.3887058057842827
33.0,130.0,999.9862670898438,-0.5829067442304243,0.5939028976325398,4.0529743531223925,-1.1691181053483684,-0.2098291279949169,0.8582231628328385,1.453787086199794,-0.6678594729755964,0.3380142942313568,-2.38876998199228
33.0,130.0,999.9863891601562,-0.5829005060431198,0.593759055251307,4.052971167384653,-1.1688458149162444,-0.2098021191055075,0.858529567852468,1.4535816586396342,-0.668008234603855,0.3382407633044417,-2.388546988802127
33.0,130.0,999.9864501953124,-0.5829240471668058,0.5938559381783879,4.052977450875456,-1.1688856966377603,-0.2098256088033059,0.8584607788119527,1.4536842385090996,-0.6679475007633044,0.3382293078739584,-2.388549103693636
33.0,130.0,999.986572265625,-0.5828596745311376,0.593827228987327,4.052917743061322,-1.1688319057729952,-0.2098733756719975,0.858421814992707,1.4536785034022977,-0.6679062184733437,0.3382545367767182,-2.3884387705401138
33.0,130.0,999.9864501953124,-0.582898417612741,0.5937725181199962,4.053023492694191,-1.1688982110878858,-0.2098154357230202,0.8584804935536186,1.4536337765376626,-0.6679448653302149,0.3382560820778222,-2.3885660996876923
33.0,130.0,999.9864501953124,-0.5829182961134665,0.5938953858364933,4.05291310823921,-1.1690199698204022,-0.209836995526885,0.8582953517760892,1.4538049021199058,-0.6678501777534915,0.3381054920124295,-2.3886015459330534
33.0,131.0,999.9860229492188,-0.5829213810382567,0.5938443724274443,4.052929608576557,-1.1689658125445406,-0.2098001787075381,0.858394673521607,1.4536641150241758,-0.6679346664402921,0.3381174632946093,-2.3886460641621383
33.0,131.0,999.9862670898438,-0.5829376734757554,0.5938444566671608,4.05298909658254,-1.1690412444596374,-0.2097929941404608,0.8583321179242489,1.4536711999848944,-0.6679506839219833,0.3380537880839664,-2.3887935172568864
33.0,131.0,999.9857788085938,-0.5829134047574467,0.5938933792909236,4.052959643336632,-1.1689334124968995,-0.20982445420037,0.8583381875342999,1.45363792044796,-0.6679215827395488,0.3381493337000263,-2.38864876459084
33.0,131.0,999.986083984375,-0.5829349419777552,0.5939591807335685,4.052977399372098,-1.1689542604866183,-0.2098020660715391,0.8582704569812174,1.453635642450612,-0.6679148005939934,0.3381209382243906,-2.3886951913331265
33.0,131.0,999.9861450195312,-0.5828850647256356,0.5937687902100031,4.052986930221763,-1.1688039755486193,-0.2098544712406971,0.8585449924122308,1.4536038661716546,-0.6679940160678122,0.3382594123078855,-2.3884925803277506
33.0,131.0,999.9861450195312,-0.5829542481437002,0.5939009564694917,4.052967039390168,-1.1690201113472174,-0.2097772112198042,0.8583110009782224,1.4536630960736725,-0.6679342996160411,0.3380465798634589,-2.38877436685466
33.0,131.0,999.986572265625,-0.582948932072922,0.5939458968060176,4.052940225982757,-1.1689545430355115,-0.2098268598191568,0.8582802068982325,1.4536272410736988,-0.6679369259202437,0.3380975503539165,-2.3886415919766217
33.0,131.0,999.9863891601562,-0.5829195195123935,0.5938512848075028,4.053006348964125,-1.1689971681558036,-0.2098162629260311,0.8583590686133657,1.4536258166459746,-0.6679598686039059,0.3380606593972342,-2.3887286031773254
33.0,131.0,999.9862060546876,-0.582876291215408,0.5937810643144834,4.052975306364301,-1.168838285653136,-0.2098352739731632,0.8585113992718973,1.4535674247384869,-0.6679841101359898,0.3382477673306097,-2.388523526313646
33.0,131.0,999.9862060546876,-0.5829118169695038,0.5938789660914603,4.052938541737019,-1.169017779728609,-0.2098235648984934,0.8583329286759263,1.4537628114976808,-0.6679052864207158,0.3380492978184151,-2.388656138592449
33.0,131.0,999.9861450195312,-0.582906416449072,0.5938452535767418,4.052927972211881,-1.1689095206870004,-0.2098322787365081,0.8584005301202726,1.4536130245641212,-0.6679483434621156,0.3381032150457441,-2.3886836736279893
33.0,131.0,999.9862670898438,-0.5829087988712516,0.593856135538946,4.052969486693446,-1.1689137800819576,-0.2098517450663175,0.8583584394833554,1.4536415801755371,-0.6679395649348248,0.3381373636932636,-2.3886355389564686
33.0,131.0,999.9862060546876,-0.582855120336971,0.5937653553274522,4.052968644213571,-1.168788759013771,-0.2098621963384701,0.8585205337556259,1.453565294180578,-0.6679816161889205,0.3382692039418185,-2.388525102755612
33.0,131.0,999.9862670898438,-0.582932106875532,0.5938431274903024,4.053002963569018,-1.1689354343053044,-0.2098088350932379,0.8583928270680294,1.453592401219966,-0.6679436563124597,0.3381456896822641,-2.3886819817432183
33.0,131.0,999.9862060546876,-0.5829282160537161,0.5938216017393181,4.052938991999358,-1.1690119239510055,-0.209805120009026,0.8583887864092112,1.4536678236534382,-0.6679262781224651,0.3380580225154634,-2.388705824167137
33.0,131.0,999.9862670898438,-0.5829076754558784,0.5938473668094622,4.053013553465236,-1.1689142373157702,-0.2098316185429984,0.8583803210648231,1.4536291003063386,-0.6679454900155744,0.3381726868723067,-2.3886070681336085
33.0,131.0,999.986083984375,-0.5829542693538716,0.5939064617441714,4.052944181815239,-1.169001797545533,-0.209793780854409,0.8582886160025724,1.453624831581938,-0.6679256649899941,0.3380700347793253,-2.388725807338129
33.0,131.0,999.9862670898438,-0.5829618099437237,0.5938947607326561,4.052988107520484,-1.1689458691181898,-0.2097977601710807,0.8583344834554083,1.4535543009992296,-0.6679533268609097,0.3380927514073475,-2.3887276941979314
33.0,131.0,999.9862060546876,-0.5829030994434099,0.593845665022414,4.052971167653931,-1.1689053204601607,-0.2098213215349345,0.8584287812835889,1.453624040837313,-0.6679728477477935,0.3381266899791004,-2.388635403861152
33.0,131.0,999.9862060546876,-0.5828815727863663,0.5938204248510086,4.052997193259646,-1.1688895623562927,-0.2098571216036715,0.8583958485049763,1.4536478576669074,-0.6679363237912055,0.3382609550112132,-2.38856633552772
33.0,131.0,999.9862670898438,-0.5829214419382955,0.593875011217774,4.05300677155282,-1.1688908909800744,-0.2098188162376235,0.85839857956445,1.4536126861925762,-0.66794935076918,0.3381698175200212,-2.388637668799809
33.0,131.0,999.986328125,-0.5829395959176606,0.5939111017820151,4.053003055832674,-1.1690530411292648,-0.2097934180758187,0.858250863172155,1.453720649812272,-0.6678815691119633,0.3381284246544602,-2.3887223917434963
33.0,131.0,999.9863891601562,-0.5829520684553744,0.5938062395573116,4.0529327843064,-1.168899000627622,-0.2097952671971805,0.858426662220638,1.4535312822227748,-0.6679402392450182,0.338124929924728,-2.3887104065591287
33.0,131.0,999.9864501953124,-0.5828987737806273,0.5937961056099494,4.0529856528208015,-1.1689254510587102,-0.2098363748209557,0.8584001650632258,1.453588713871996,-0.6679764431474062,0.3381098993385816,-2.3887223065514904
33.0,131.0,999.9865112304688,-0.582889015643536,0.5938128649788634,4.053014174820188,-1.1688493472399308,-0.209870366093881,0.8584456182843683,1.4535758560122716,-0.6679732454151113,0.3381906367304488,-2.388582099101997
33.0,131.0,999.986328125,-0.582889477753489,0.5938316316496071,4.0530314245452725,-1.1688665582282614,-0.2098632522241548,0.8584052123707666,1.4536464368809918,-0.6679643968955409,0.3381731481175185,-2.388606168219391
33.0,131.0,999.9865112304688,-0.5828915181829011,0.5939219729527867,4.052977806599175,-1.1688825249414432,-0.2098603319787546,0.8583122701330437,1.4536558642528838,-0.6678864136350988,0.3381950959673885,-2.3885455468180705
33.0,131.0,999.986328125,-0.5828839825822723,0.5938246741527191,4.053017097196481,-1.168889544845832,-0.2098577600668818,0.8583992904494577,1.4536333601976237,-0.6679435995728875,0.3381729643673221,-2.3886273433198064
33.0,131.0,999.9862670898438,-0.5828897661190826,0.5937488959382184,4.053016167717363,-1.1688998360683112,-0.2098276063680506,0.8585047265953598,1.4536329727536277,-0.6679669268309336,0.3382458845479243,-2.388579965705297
33.0,131.0,999.98681640625,-0.5829107361747097,0.5939172883466268,4.052983542700904,-1.1690683107664244,-0.2098217491776672,0.8582895838898157,1.4538589105536293,-0.6679408031426446,0.3380403660264743,-2.388653015496665
33.0,131.0,999.986083984375,-0.5828524316137624,0.5937586052091568,4.053033719400599,-1.168853604899676,-0.2098519728285088,0.8585034389829582,1.453591248192895,-0.6679957212890351,0.3382272713074066,-2.3885862497242383
33.0,131.0,999.986083984375,-0.5828721559019812,0.5937969757313288,4.052955925367401,-1.1688966347548857,-0.2098222952044324,0.8584783613034306,1.4536422759834249,-0.6679418107641908,0.3381897259439901,-2.388566221608286
33.0,131.0,999.986328125,-0.582891116381905,0.5938056624386192,4.052961563907084,-1.1689388255093558,-0.2098649786880093,0.8584305783352821,1.4537382251990971,-0.667908337189659,0.3381854753588769,-2.388577534787573
33.0,131.0,999.9859619140624,-0.5829348276784687,0.5938450914322866,4.052966613938873,-1.1690083507081264,-0.2097986633499591,0.858337304232605,1.453657561008816,-0.6679153375158826,0.3380770758141693,-2.3887482364557924
33.0,131.0,999.9862670898438,-0.5829147401318711,0.5939113953536825,4.052927500492093,-1.1690466928851482,-0.2098342606259526,0.8582546886880191,1.4537650158507684,-0.6678709450884615,0.338057690169907,-2.388674139280079
33.0,131.0,999.98681640625,-0.5829300810552427,0.593981691011054,4.052952518922661,-1.1689712253288065,-0.2098137640599473,0.8582367181607564,1.453606267670969,-0.6679477747053975,0.3380333483239575,-2.388787540903976
33.0,131.0,999.9861450195312,-0.5829305619377241,0.5939217308374385,4.052982784003936,-1.168966642109651,-0.2098169850645996,0.8583106766294337,1.4536975701134427,-0.667941420896943,0.3381124453966402,-2.3886473246061275
33.0,131.0,999.9862670898438,-0.5828906433147871,0.5938396979171623,4.052992207988138,-1.168889876935672,-0.2098631218706312,0.8584039205915168,1.453629956565578,-0.66796129577172,0.338161719447708,-2.388578181614273
33.0,131.0,999.986328125,-0.5829724099315827,0.5939332241126669,4.0529683486870045,-1.1690335165898964,-0.2097731935627154,0.8582885512019782,1.4536464436653551,-0.6679241537262817,0.3380817148560586,-2.3887194255317827
33.0,131.0,999.9861450195312,-0.5829188350855308,0.5938441897650568,4.052984364844946,-1.1689428160224464,-0.2098115696093945,0.8583779471850885,1.4537030381954097,-0.6679382117171979,0.3381940530132414,-2.3886102516503724
33.0,131.0,999.986083984375,-0.5828930009327875,0.5938412756524016,4.052982409720041,-1.1689464760440194,-0.2098557584442746,0.8583530696398043,1.4536734324534164,-0.6678973278694009,0.338193449640122,-2.388623796932326
33.0,131.0,999.9866333007812,-0.5829197277028033,0.5938350092320457,4.052968166264538,-1.1689544127683391,-0.2098226575438069,0.8583876200911753,1.4536732919737458,-0.667970535701067,0.3380660717345112,-2.3886753760357977
33.0,131.0,999.9864501953124,-0.5828897800732111,0.5939002219765133,4.052997713107876,-1.168990410308072,-0.2098253036819084,0.8582986924103153,1.4536741364425223,-0.6679101124937441,0.3381254914303149,-2.3886445292577045
33.0,131.0,999.9864501953124,-0.5828969505210919,0.5938603270819387,4.053061189319546,-1.1690390017793026,-0.2098275617954677,0.8583211623412179,1.4537531747955548,-0.6679124652113524,0.3381061119898287,-2.388740007382076
33.0,131.0,999.9861450195312,-0.5828980516858087,0.5938790496109156,4.05296530202892,-1.168932989021188,-0.2098248713460195,0.8583918851550916,1.453666306286177,-0.6679436739951479,0.3381301841786124,-2.3886428052703206
33.0,131.0,999.9865112304688,-0.5829277450659429,0.5938944631332479,4.052932429246688,-1.1691486255750734,-0.2098090375038959,0.858254337927411,1.453839673972773,-0.6678361684358682,0.3379965137945326,-2.3887527885932736
33.0,131.0,999.9863891601562,-0.5828962567155918,0.5937759235861968,4.052969902626954,-1.1689620428830332,-0.2098236681767122,0.8584340403962534,1.4536984443775172,-0.6679609575958736,0.3381066483811965,-2.388631179893617
33.0,131.0,999.986328125,-0.5829029881805301,0.5937845535182475,4.05302434214947,-1.1688606466361322,-0.2098362253074155,0.8585059866186384,1.4536110542978653,-0.6679811691860369,0.3382347173275324,-2.3885726997898384
33.0,131.0,999.9863891601562,-0.5828580928205715,0.5937864149099559,4.052981014993945,-1.1688144822583757,-0.2098734351037503,0.8584616500796631,1.4536133289968278,-0.6679826132742237,0.3382496491223516,-2.3885264382639027
33.0,131.0,999.9865112304688,-0.5829186879308166,0.5938805131360416,4.053020141021221,-1.1687828887375806,-0.2098350500291417,0.8584300720591518,1.453535914581984,-0.6680075715978395,0.3382602184104266,-2.3885295009995304
33.0,132.0,999.9859619140624,-0.5829086901194991,0.5938536218904513,4.052939807907839,-1.1689249365604528,-0.2098123374614253,0.8583796108965744,1.4536395784001923,-0.6679249894401575,0.3381519308745515,-2.388596006624214
33.0,132.0,999.9861450195312,-0.5828784792284116,0.593851454400677,4.053003886708916,-1.1688706961686304,-0.209855944220358,0.8584153029491493,1.453638529936021,-0.6679616273344013,0.3382419329753912,-2.3885537556048475
33.0,132.0,999.986083984375,-0.5828989172915993,0.5938204138483218,4.052933378934734,-1.1688914181691774,-0.2098213942657159,0.858423111371919,1.4536002501680576,-0.6679462125613522,0.338128910019547,-2.388628219513812
33.0,132.0,999.986328125,-0.582914306490177,0.5939130418869887,4.052994637807359,-1.1689578969376773,-0.2098100960028937,0.8583150715718624,1.453630532712717,-0.667934733510755,0.338136260810991,-2.388656843494572
33.0,132.0,999.9863891601562,-0.5829101906974472,0.5938629054983169,4.052946789396394,-1.168781308002396,-0.2098391131112524,0.8584411065634026,1.4535300880380273,-0.6679665757992046,0.3382035697315988,-2.388537155827871
33.0,132.0,999.9864501953124,-0.5829333582206875,0.5939030856909344,4.052925522983443,-1.1690372275657968,-0.2097815878156907,0.8583336942425195,1.4537506905928552,-0.667916156401617,0.3380235529400552,-2.388713406741209
33.0,132.0,999.9859008789062,-0.5829226199297004,0.5938672881410962,4.05294760708445,-1.1689379027987703,-0.2098182229223484,0.8583915066075676,1.4536545078785943,-0.6679290029864928,0.3381201638630475,-2.38864470662656
33.0,132.0,999.9860229492188,-0.5829170750397967,0.5938236980694311,4.052937752773595,-1.1689570907020252,-0.2098077155965256,0.8584063242477233,1.4536684416291523,-0.667934910450338,0.3381100378064055,-2.388701461244037
33.0,132.0,999.9864501953124,-0.5829299538069224,0.593961925030805,4.052941321793156,-1.1690325190592086,-0.2097894973858256,0.8582423389468516,1.4536923225476863,-0.6678713229276925,0.3380582885194059,-2.388750012262996
33.0,132.0,999.9857788085938,-0.5829082600989093,0.5938267733575273,4.052963171074017,-1.1689510520168382,-0.2098160477159858,0.8583949032648777,1.4536707313560706,-0.6679285572050464,0.3381405964428747,-2.3886495841325406
33.0,132.0,999.9859619140624,-0.5829140279031968,0.5938363923201004,4.052963220725376,-1.168890049841519,-0.2098101121549689,0.8584061604061795,1.4535838860853936,-0.6679500531782399,0.3381531904685042,-2.388659787189608
33.0,132.0,999.9861450195312,-0.5829431197855062,0.5938814965832222,4.052902762713362,-1.1689945402640372,-0.2097784978706984,0.858345428775932,1.453641716938443,-0.6679202518442668,0.3380546484393694,-2.388716164348053
33.0,132.0,999.9864501953124,-0.5828787265163662,0.5937992271709502,4.052902576136397,-1.168866660090084,-0.2098488476737872,0.8584783629448376,1.4536929479158136,-0.667938901064776,0.3381664534836615,-2.3885290533677987
33.0,132.0,999.9865112304688,-0.5829083536091044,0.5938461165442614,4.053024855384487,-1.168983907612502,-0.2098459423585295,0.8583199302738107,1.453618602395382,-0.6679170196292503,0.3381628209479235,-2.388712644792749
33.0,132.0,999.9859008789062,-0.5829261784053763,0.5938741810713939,4.052981406886422,-1.169016678237591,-0.2098113068338554,0.8583252996364674,1.4536846582720706,-0.6679139983213611,0.338123307332375,-2.388696425402548
33.0,132.0,999.9862670898438,-0.5829081355955381,0.5938327575725175,4.052910008689805,-1.1689092052008636,-0.2098148257886576,0.8584560064899964,1.4536490173240804,-0.6679410818302163,0.3380900400816031,-2.388649396618679
33.0,132.0,999.9863891601562,-0.5828983370008096,0.5938569644152825,4.052945691017811,-1.1689471271116876,-0.2098118471201493,0.8584237704715711,1.4536738518628851,-0.667972522310885,0.3381092348370762,-2.388654229885081
33.0,132.0,999.986328125,-0.5829047952923201,0.5938435882498458,4.052963983917907,-1.1689029005861484,-0.2098377204262886,0.8583424264653967,1.453562687291604,-0.6679512829875165,0.3381574060981451,-2.3886314101615285
33.0,132.0,999.9859619140624,-0.5829485691679972,0.5939305695044448,4.052935968957778,-1.1689977074208135,-0.2098003265128492,0.8582600172328068,1.4536691965589092,-0.6679091692560721,0.338101885459765,-2.3886783328603576
33.0,132.0,999.9860229492188,-0.5829266532281636,0.5938821676386095,4.052969505513119,-1.1689134057773471,-0.2098186707039335,0.8583623641039377,1.4536177345645616,-0.6679535627462583,0.3381737953812909,-2.388638463108184
33.0,132.0,999.9861450195312,-0.5829405393513571,0.5939143169282781,4.052959149291093,-1.1689789155645518,-0.2098185560364216,0.8582751003532803,1.453653426991142,-0.6679201706627849,0.3380951662337415,-2.388715784240344
33.0,132.0,999.9861450195312,-0.5829331375845657,0.5938641579199757,4.052923450347034,-1.1689442437604929,-0.2098031326357379,0.8583441558580063,1.45359090904911,-0.6679310274945491,0.3381453464799469,-2.38865266949148
33.0,132.0,999.9862060546876,-0.5829408188822098,0.5938921194791984,4.052930860841197,-1.1690169053466333,-0.2097683079518191,0.8583009538113764,1.4536127906963472,-0.6678943882216917,0.3380738429169465,-2.3887561473073444
33.0,132.0,999.9862060546876,-0.5829302606562665,0.5938679753000597,4.05304088485763,-1.168979405178658,-0.2098037197122035,0.8583035116467608,1.4535896385589826,-0.6679696106601689,0.3381264551582319,-2.3887459616589024
33.0,132.0,999.9863891601562,-0.5829043884441205,0.5938771362096249,4.052914788396901,-1.1689599079974493,-0.2098299548963105,0.8583773747381844,1.4537246646609567,-0.6678849241317231,0.3381804406234865,-2.388575880297604
33.0,132.0,999.986083984375,-0.5828843346133086,0.5937927410844059,4.052993146432165,-1.1688513584635367,-0.2098480131914257,0.8584854673027964,1.453617094534259,-0.6679625639159088,0.3382081327841444,-2.388613052222656
33.0,132.0,999.9860229492188,-0.582909591544551,0.5938682088033334,4.052992592125433,-1.168958496633834,-0.2098273626302145,0.8583317416037044,1.453681062308689,-0.6679333049730092,0.3381579461340287,-2.3886539597255223
33.0,132.0,999.9862060546876,-0.5829322495990974,0.5938398805044853,4.052929656812799,-1.1688830935764067,-0.209838254249246,0.8584399368548361,1.4536325826659544,-0.6679266254020941,0.3382169512514572,-2.3885242817575056
33.0,132.0,999.9862670898438,-0.5829034820320693,0.5938176278527374,4.052979822634377,-1.1689664855418784,-0.2098057585486614,0.858437141096136,1.453676758074444,-0.6679520363134666,0.3381131214380817,-2.388698873016297
33.0,132.0,999.986328125,-0.5829059304384359,0.5938878731619566,4.05302022306538,-1.169023356490524,-0.2098398256474851,0.8583279994401538,1.4537728766104987,-0.6679001709243,0.3381145609562814,-2.388668942602953
33.0,132.0,999.9862060546876,-0.5828942714227638,0.5938086764389281,4.052940702964476,-1.1688467302371972,-0.2098501680575966,0.8584673046749414,1.4536302359726028,-0.6679331968937232,0.3381628069059639,-2.38855841942826
33.0,132.0,999.9859008789062,-0.5829526813934898,0.5939208647443364,4.052957675205672,-1.1689862068252883,-0.2097876901475501,0.8583139227520835,1.4536599948643634,-0.6679362273460923,0.3380933882024006,-2.388721936796875
33.0,132.0,999.9863891601562,-0.5829305083568812,0.5939208451991016,4.052922217500383,-1.1689126848231757,-0.2098255092568459,0.8583439106122484,1.453634740340334,-0.6679366616655997,0.3380819957667222,-2.388669489444076
33.0,132.0,999.9862060546876,-0.5828703984414849,0.5938026630202735,4.052995420649346,-1.1688390714752432,-0.2098305897836265,0.8584835260402102,1.4535946929962194,-0.6679784682182843,0.338203452029779,-2.3886177481084783
33.0,132.0,999.986328125,-0.5829267918369316,0.5939295893310632,4.05292992323572,-1.169028301535573,-0.2098051134718224,0.8582457754384984,1.4537150677246349,-0.6678732348681962,0.3380757108452501,-2.3886876801351287
33.0,132.0,999.9864501953124,-0.5829279474538867,0.5939227409898766,4.052950938838327,-1.1689677503970994,-0.2098375284068456,0.8582586011538584,1.4536683308952982,-0.6679059015993705,0.3380858346998829,-2.3886572275921947
33.0,132.0,999.986083984375,-0.5829313166465386,0.5938253373676572,4.052934945971156,-1.1690040883039456,-0.2098089899018793,0.8583784962293333,1.4536883613805207,-0.6679104605509529,0.3380945145285583,-2.388680749714317
33.0,132.0,999.9862670898438,-0.5828651570994356,0.5938151687591287,4.053001826614047,-1.1688194618238823,-0.2098797420157447,0.8584940305770017,1.4536453489713803,-0.667966161478212,0.3382494695852953,-2.3885357617106537
33.0,132.0,999.9862670898438,-0.5829098049104919,0.5938815826500523,4.052950593755538,-1.1689438873041746,-0.2098407598182943,0.8583687012228651,1.4536962716354074,-0.6678931962029484,0.3381241365450655,-2.3886543604887747
33.0,132.0,999.98583984375,-0.5828992669151143,0.5938312646053676,4.05300022512272,-1.1689058242351953,-0.2098419564875122,0.8584022190530227,1.453637417565231,-0.6679490559091796,0.3381877220133606,-2.3886080094199658
33.0,132.0,999.9860229492188,-0.5829214269277365,0.59386033583234,4.052962566638273,-1.1690201913553588,-0.2097978132595006,0.858346885694468,1.4536841337018238,-0.6679089412128167,0.338115118349461,-2.3887097661845824
33.0,132.0,999.986328125,-0.5829447449962357,0.5938704709216918,4.05293648223044,-1.168956157803232,-0.2098132552754981,0.8583373921396431,1.4536092637622255,-0.6679252415024113,0.3380948179018785,-2.388663355603092
33.0,132.0,999.9861450195312,-0.5828592687339436,0.5937519146321977,4.053027278678039,-1.168856617440373,-0.2098633646692382,0.8584992417618365,1.453621800114079,-0.6679638523626306,0.3382722467056265,-2.388573034001965
33.0,132.0,999.986083984375,-0.5829197034877227,0.5938470380515293,4.052944575440359,-1.1689042344627487,-0.2097917794461707,0.8584344291710231,1.4535670443032205,-0.6679635213548369,0.3381211307646827,-2.388684896985395
33.0,132.0,999.98583984375,-0.5829170805044805,0.5938101910470914,4.052947195409706,-1.1689247803283105,-0.209802181776773,0.858417941445305,1.4535888274365971,-0.6679441833146171,0.3381366944275656,-2.3886583778765784
33.0,132.0,999.9862670898438,-0.5829442738833892,0.593888236546376,4.052998738907274,-1.168947708702492,-0.209794119543007,0.8583524563964575,1.4535963731700878,-0.6679526336565322,0.3381399808485525,-2.3886753763050974
33.0,132.0,999.986328125,-0.5828515984446412,0.5937300981485727,4.052997065940602,-1.1687921835043125,-0.2098514467450849,0.8585934068902246,1.4535981537337823,-0.6680087350920445,0.3382762243668242,-2.3885271541216424
33.0,132.0,999.986083984375,-0.5829325359354751,0.593917004770609,4.052926367295287,-1.168992395185469,-0.2097795150551844,0.858321503923742,1.4536305307307966,-0.6679134522361219,0.3380527662632859,-2.3887296405227616
33.0,132.0,999.98583984375,-0.5829008985919888,0.5938521473344469,4.0529622322393415,-1.1689330380859513,-0.2098295805196155,0.858382183543628,1.4536401960952547,-0.6679357294861266,0.3381431303144735,-2.388636923784764
33.0,132.0,999.9862670898438,-0.5829297751575933,0.5938929673475446,4.053004581312644,-1.1690785583255137,-0.2098040901771272,0.8582582770720526,1.453742617538147,-0.6678811303869807,0.3380352909840116,-2.388807187825768
33.0,133.0,999.9861450195312,-0.5829316117456997,0.5938411598106441,4.052874933119167,-1.1689235676556158,-0.2098074108323171,0.8583904147333721,1.4536015647332148,-0.6679069864306344,0.3380993668781871,-2.388674456812599
33.0,133.0,999.9859008789062,-0.5829266700299476,0.5938717493860963,4.052988418612749,-1.1689994852498806,-0.2098142320742173,0.858307357815602,1.4536656590444537,-0.6679129544378535,0.338123171822219,-2.388693202815439
33.0,133.0,999.986083984375,-0.5828729880576526,0.5938044333653503,4.0529692521608425,-1.1689129755677468,-0.2098545800346256,0.8584391746017683,1.4537054685806812,-0.6679252969085283,0.3382139367876648,-2.388553686433472
33.0,133.0,999.98583984375,-0.5829173494950997,0.5938669338620919,4.052984067136441,-1.168938300614144,-0.2098219140140802,0.8583572219387117,1.4536481663029397,-0.6679406444196943,0.3381438127319249,-2.388651902380655
33.0,133.0,999.9859619140624,-0.5828932904837387,0.5938051600142034,4.052934882847367,-1.16890349014892,-0.2098167397387937,0.8584284032852132,1.4535954722280031,-0.6679376395418428,0.3381584780555577,-2.38864456206396
33.0,133.0,999.98583984375,-0.5829176764316486,0.5938926386767456,4.052970870664282,-1.1689258787806107,-0.2098126424788962,0.8583411190660195,1.453623642961409,-0.6679332008268872,0.3381367518888112,-2.388663431297481
33.0,133.0,999.9859008789062,-0.5829290943783381,0.5938953201519324,4.05295673557397,-1.1689936825994582,-0.2098034753445707,0.8583071739619452,1.4536434208276088,-0.6679180661342894,0.338079648891556,-2.3887083850315727
33.0,133.0,999.986083984375,-0.5829027045997295,0.5938292869440112,4.05294577529169,-1.1689184083738824,-0.2098201480320565,0.8584321978987477,1.453649151022014,-0.6679380614410464,0.3381279098886143,-2.3886598599254043
33.0,133.0,999.9859008789062,-0.58288848881348,0.5938556072612808,4.052967837582848,-1.168903709702334,-0.2098374225703132,0.8583799899879097,1.453629681730532,-0.6679390005727885,0.3381769744814056,-2.38861323206341
33.0,133.0,999.9859619140624,-0.5828839986062926,0.5937963239669344,4.052997314616878,-1.1689071003002909,-0.2098249673988332,0.8584250498381731,1.4536225287695634,-0.6679458936725009,0.338191377779955,-2.3886165549257643
33.0,133.0,999.9859619140624,-0.5829149315836322,0.5938562545598174,4.052949566877032,-1.168945182833585,-0.2098071449794458,0.8583696489769927,1.4536351856208185,-0.6679396118435319,0.3381267870730129,-2.3886384589216334
33.0,133.0,999.9862670898438,-0.5829487879375534,0.5938906800770658,4.0529262094084455,-1.168994856867667,-0.2097881776227144,0.8583511146831304,1.453707328024131,-0.6679123064905212,0.3380599616850164,-2.388732004417573
33.0,133.0,999.986083984375,-0.5828741685220145,0.5938144248141208,4.05290460330087,-1.1688805591168512,-0.2098455423765424,0.8584434602132873,1.4536737374577395,-0.6679073932733646,0.3381945052190582,-2.388555251433924
33.0,133.0,999.9861450195312,-0.5828792823778324,0.5937777141717095,4.052997993326489,-1.168891431454553,-0.2098649135614545,0.8584384479204594,1.4536329977218667,-0.6679522974901984,0.3381877182128923,-2.388626488227902
33.0,133.0,999.9860229492188,-0.5829248008034691,0.5939159782250139,4.052966818823675,-1.1689994020486152,-0.2098006164975414,0.8582892839255649,1.453666996471355,-0.6679342493258318,0.3381118479663723,-2.388698998162591
33.0,133.0,999.9859008789062,-0.5828828030823887,0.5938179979477178,4.053011961842943,-1.1689078029818925,-0.2098447030826857,0.8584251664629141,1.4536440161984032,-0.667957742507955,0.3381913971935777,-2.3885836323173177
33.0,133.0,999.9862060546876,-0.5829466589735439,0.593870928289725,4.052944837045223,-1.16901136979404,-0.2098052388252096,0.8583496214651323,1.4537150670952448,-0.667913930182797,0.338083733209932,-2.3886847449796216
33.0,133.0,999.9859008789062,-0.5828982866120231,0.593784316668108,4.0529663533536535,-1.1689182455240492,-0.2098053770125103,0.8584649420097978,1.453612258300712,-0.6679564287170088,0.3381564433201305,-2.388655490276546
33.0,133.0,999.9862060546876,-0.5829574231937205,0.5939185406795042,4.052928583572541,-1.169003184381148,-0.2097536513662303,0.8583243865749814,1.4536145985852489,-0.6679450844600741,0.338044838725847,-2.3887543240945845
33.0,133.0,999.9859619140624,-0.5828958581037833,0.5938151666305922,4.052987472310669,-1.168915516127992,-0.2098261388295865,0.8583939526276776,1.453608593641354,-0.6679399889264301,0.3381870413769574,-2.388631810905004
33.0,133.0,999.9859619140624,-0.5829299397651306,0.5938509319954655,4.052991310621465,-1.1689982135553012,-0.2098085867329162,0.8583458725854065,1.4536977731307932,-0.6679122644688897,0.3381316883467722,-2.38868756368777
33.0,133.0,999.9861450195312,-0.5829100086941539,0.593861680787481,4.053002384480337,-1.168910686770039,-0.2098429869245457,0.8583858562445466,1.4536283065531457,-0.6679442086430836,0.3381717761634251,-2.38863625227752
33.0,133.0,999.9860229492188,-0.5829055824778413,0.5938878639646585,4.05295344658375,-1.1689029526351402,-0.2098272071422684,0.8583701403363957,1.4536247234890087,-0.6679264608804711,0.338150982944212,-2.388615682195374
33.0,133.0,999.9862060546876,-0.5829016462066026,0.5938538075430504,4.052962975011825,-1.1689636604211904,-0.2098218099329853,0.858377475628612,1.45369276677636,-0.6679476144482663,0.3381378792760978,-2.38862783418008
33.0,133.0,999.9862060546876,-0.582927531138048,0.5939016779948645,4.052985345691523,-1.1689784564208412,-0.2098085367789002,0.8582980540004401,1.4536232840736316,-0.6679468468494996,0.3381336131880585,-2.3886515669118733
33.0,133.0,999.98583984375,-0.5829018444246881,0.5938253589155309,4.052952151780483,-1.1688896367430597,-0.2098378104381666,0.8583988493128274,1.4535907659775391,-0.6679313141190759,0.3381847397956896,-2.388615998789024
33.0,133.0,999.9857788085938,-0.5828773352646106,0.5938153685174683,4.052955950490324,-1.1689129463105168,-0.2098440740811913,0.8584292773613296,1.4536796525233129,-0.6679328862472111,0.3381721707293659,-2.3885953766854766
33.0,133.0,999.986083984375,-0.5829147916900848,0.5938250273647565,4.0529243980166285,-1.1689249341148846,-0.2097993539032634,0.8584359774503021,1.4536403243762646,-0.6679366900476928,0.3381229317438627,-2.388629416446049
33.0,133.0,999.9859619140624,-0.5829366018416984,0.5939170985677933,4.052967566611056,-1.16901684869865,-0.2098043328009469,0.8582697482111765,1.453671259742877,-0.6679043969766942,0.3381021082483979,-2.3886999692101263
33.0,133.0,999.9862060546876,-0.5829110047035293,0.5937707896573743,4.052959046444014,-1.168894871615989,-0.2098326299174715,0.8584695389818506,1.4536354614814488,-0.6679372752873185,0.3381947195325185,-2.388617215921605
33.0,133.0,999.9862060546876,-0.5829047423156632,0.5939054825759502,4.0529531453325305,-1.1689761697825007,-0.2098223609879133,0.8583140884688092,1.4536695763650185,-0.6679043629159187,0.3380888262741184,-2.388677643117166
33.0,133.0,999.986083984375,-0.5829221413421726,0.5938757894382771,4.052950926344181,-1.1689626757489373,-0.2098052744803151,0.8583921325814989,1.453691800085676,-0.6679238491146027,0.3381204782165969,-2.388651066576328
33.0,133.0,999.986083984375,-0.5829243531350103,0.5939308119574829,4.052960508493168,-1.1689997879712526,-0.2098133574416048,0.8582734374874086,1.4536829661452968,-0.6679041720930758,0.3380827594764302,-2.3886841384348374
33.0,133.0,999.986328125,-0.5829542363143716,0.5939154738536789,4.052950494019715,-1.1689794795221349,-0.2098052526879978,0.8583239888772027,1.4536649594110909,-0.6679336550688566,0.3380664426166113,-2.388722998474504
33.0,133.0,999.986083984375,-0.582903456041258,0.5938688795389666,4.052963002297403,-1.1689508702054177,-0.2098240635421069,0.858354240788394,1.4536744636242185,-0.6679415684703391,0.3381640366901237,-2.3886156536929324
33.0,133.0,999.9860229492188,-0.5829261254578331,0.5938185586206384,4.05293273368326,-1.1689271017235852,-0.2097893068642333,0.8584141490749362,1.4535435022065624,-0.6679545153662056,0.3380996955002207,-2.388729621804898
33.0,133.0,999.9861450195312,-0.5829120972846136,0.5937968771853264,4.052967515496979,-1.1689510911114,-0.2098128557985914,0.8584494304182773,1.4536413124699132,-0.6679603216709618,0.3381013707520841,-2.3886907855768493
33.0,133.0,999.9862060546876,-0.5829403906615687,0.5938433873658511,4.0529828118655296,-1.1689852561707177,-0.2097844877991859,0.8583886068603475,1.453641290198053,-0.6679488313852291,0.3380735990749688,-2.3887625604874025
33.0,133.0,999.9859619140624,-0.5829199146253492,0.5938489755938656,4.05296401319945,-1.168911773872212,-0.2098133882812414,0.8583953917581688,1.453603105463772,-0.6679661785517013,0.3381434468374147,-2.388656503888384
33.0,133.0,999.9859008789062,-0.5829195425303597,0.593843449143689,4.052961184742754,-1.168962655334873,-0.209795371712973,0.8583864937387915,1.4536399448131387,-0.6679336127491649,0.338102004241076,-2.3887061125267177
33.0,133.0,999.98583984375,-0.5828877165672637,0.5938293851105056,4.0529658676102045,-1.1688990022595096,-0.2098373769183474,0.8584107937374483,1.4536218433708203,-0.6679408027173599,0.3381998085582829,-2.3886001498297595
33.0,133.0,999.9860229492188,-0.5828903564922019,0.5938679123665791,4.052998341909838,-1.168853526393992,-0.2098552002134219,0.8584040409770832,1.453624907663941,-0.667961872874006,0.3382296256025512,-2.388553017213913
33.0,133.0,999.9857788085938,-0.5829057564389144,0.5938421887353105,4.052989129202739,-1.168897258292442,-0.2098334105771186,0.8583984523398227,1.4536192235672276,-0.6679452191105781,0.3382010877740988,-2.3886154045678336
33.0,133.0,999.98583984375,-0.5829215103857752,0.593869003287324,4.05296549466366,-1.168921839599633,-0.2098228254893683,0.8583700382210342,1.4536300648801015,-0.6679325562368117,0.338138956785162,-2.3886718066228765
33.0,133.0,999.9859619140624,-0.5829405195048798,0.5938626886873699,4.05294582426353,-1.1689722503584612,-0.2097899956302127,0.8583501133010998,1.4536353097063826,-0.667924232172755,0.3381038758473975,-2.3886970835182044
33.0,133.0,999.9859008789062,-0.5829172459111254,0.5938236088649091,4.052949574603472,-1.16895988896046,-0.2098049529184074,0.8583858751651343,1.4536276335991936,-0.6679283778704317,0.3381429995278404,-2.3886815458392845
33.0,133.0,999.9860229492188,-0.5829019968178413,0.5938149365183962,4.052985790253322,-1.1688491068699438,-0.2098164516131015,0.8584594825284544,1.4535407619531,-0.6679771997379493,0.3382014857003703,-2.388635060583129
33.0,133.0,999.9863891601562,-0.582869213365794,0.593770224115203,4.052987081415189,-1.1688275529466634,-0.2098575843787422,0.858521205268076,1.4536291937426569,-0.6679682314749167,0.3382091672096488,-2.388545152061261
33.0,133.0,999.986083984375,-0.5829290629188479,0.5938684663328395,4.052944312832436,-1.1689613956027407,-0.2098072560981547,0.8583702683473726,1.453683843588304,-0.6679247043129264,0.3381020257135798,-2.388657698577213
33.0,133.0,999.9862060546876,-0.5829088446820183,0.5938489081822969,4.052949692074902,-1.168904610674164,-0.2098217393395804,0.8584165866886462,1.4536122988520024,-0.6679337130186056,0.338198335298725,-2.388576407929232
33.0,134.0,999.9862060546876,-0.5829118744247026,0.5938966870353397,4.052950731694953,-1.1689668828923845,-0.2098047697082314,0.8583414704456169,1.453643491037714,-0.6679417603655242,0.3380809194610537,-2.388696974623356
33.0,134.0,999.9860229492188,-0.5829102741660375,0.5938510585103938,4.052929563512024,-1.1688862015413857,-0.2098117181533041,0.8584182168773342,1.4535884562611967,-0.6679442341250024,0.3381635523150343,-2.3886109817979624
33.0,134.0,999.9859008789062,-0.5829268269873227,0.5938691903519189,4.052996318200307,-1.1689332202248015,-0.209815783081714,0.8583622067528465,1.4536317197786452,-0.6679499774474538,0.3381497891373799,-2.388664673859448
33.0,134.0,999.9861450195312,-0.5829015717336263,0.5938617112608027,4.0530097576123385,-1.1689564878599907,-0.2098391805840176,0.8583238880908493,1.4536574329990994,-0.6679316849445129,0.3381792344598411,-2.3886563052339764
33.0,134.0,999.9859619140624,-0.5828981655600005,0.5938312460143891,4.053027939247446,-1.1689215310169958,-0.2098388852663735,0.8583796807112627,1.4536354477270717,-0.6679414083279003,0.3382230564646749,-2.3886173749222657
33.0,134.0,999.986083984375,-0.5829208070050402,0.5939042777843646,4.052947176178368,-1.168938232859658,-0.2098200865284525,0.8583269410578751,1.453638569118704,-0.667927689883447,0.3381198388646744,-2.3886419365891087
33.0,134.0,999.9862060546876,-0.5828878222143139,0.5938388517622215,4.052979288302323,-1.168965231067964,-0.2098365969049549,0.8583643370639447,1.4536731804165797,-0.667920136005967,0.3381760357499832,-2.3886352303375125
33.0,134.0,999.9857788085938,-0.5828926802841288,0.5938572547789871,4.052977843226946,-1.1688828858972098,-0.2098403252272422,0.8583899685287557,1.4536280687456091,-0.6679277430683941,0.3381854123907359,-2.388618491055859
33.0,134.0,999.9859619140624,-0.582921067223344,0.593861014123414,4.052970794786962,-1.1689586180244445,-0.2098114012523577,0.8583439459749744,1.4536379040830392,-0.6679185038246125,0.3381650394851041,-2.388642154143435
33.0,134.0,999.986083984375,-0.5828915967901214,0.5938169521977885,4.052960344251741,-1.1688434880915266,-0.2098238622519437,0.8584595672417681,1.453542242032957,-0.6679758778527232,0.3381958771953499,-2.3886156561268823
33.0,134.0,999.9857788085938,-0.582929725432396,0.5938454800193327,4.052942861785649,-1.1689236406767662,-0.2097994027282119,0.8583954823006099,1.45359168614376,-0.6679488893980245,0.3381279603873466,-2.388680210373004
33.0,134.0,999.98583984375,-0.5829300604697378,0.5938661024246441,4.052958859822335,-1.1689410151971087,-0.2098029809410349,0.8583643220852561,1.4536197384180962,-0.6679376013856846,0.3381397492433455,-2.3886608519312698
33.0,134.0,999.9860229492188,-0.5828751239251977,0.5938093712547907,4.052980793334362,-1.1688252325928468,-0.2098571500267532,0.858484856266946,1.4536192127897447,-0.6679542750504375,0.3382330252263674,-2.388536316097196
33.0,134.0,999.9861450195312,-0.5829604640513217,0.5939160270139219,4.052962817977706,-1.16905763279457,-0.2097737615699078,0.858272347389816,1.453651003023384,-0.6679197413775393,0.3380308234695306,-2.388763337082336
33.0,134.0,999.9860229492188,-0.5829058638358404,0.5938999198135688,4.0529937802376015,-1.1689638499723063,-0.2098264843707928,0.8583200467556011,1.4536809391425178,-0.6679231552976068,0.338140182614751,-2.3886463859828257
33.0,134.0,999.98583984375,-0.5829292222092288,0.5938572471486934,4.052981067455974,-1.1690029961086,-0.2098112591140308,0.8583399897078872,1.4536649438403435,-0.6679257488260024,0.3381204687652159,-2.3887043196306634
33.0,134.0,999.986083984375,-0.5828885952558513,0.593814217574665,4.052981736088245,-1.168933152989366,-0.2098433000393171,0.858403809111417,1.453697452749144,-0.6679303728090389,0.3381523607112271,-2.3886097248607507
33.0,134.0,999.9862670898438,-0.5828943124317458,0.5938733671786345,4.052994756822997,-1.1689740076480897,-0.2098427993539839,0.8583239622071446,1.453701669412237,-0.6679163879668346,0.3381218213408932,-2.3886387382318377
33.0,134.0,999.986083984375,-0.582872170831271,0.5938062462251708,4.052990370714539,-1.1687934132425042,-0.2098469149030064,0.8584954377253133,1.453547868948899,-0.6679780673253113,0.3382472984665066,-2.388548485863009
33.0,134.0,999.9859619140624,-0.5828839852676388,0.5938186201339786,4.05299046852403,-1.168942453017511,-0.20983770936152,0.8583885091231034,1.4537019165558789,-0.6679143100502278,0.3381767764130083,-2.3886230965840234
33.0,134.0,999.9861450195312,-0.5829379318151231,0.5938909557572813,4.052937949921688,-1.1689104065315838,-0.2097894899513068,0.8583515718335857,1.4535595422786436,-0.6679421598950412,0.3381129006098051,-2.388706288492499
33.0,134.0,999.9857788085938,-0.582912639121135,0.5938295188616092,4.05299662608795,-1.1689175974580994,-0.2098138834788159,0.8584093447918786,1.4536204310128582,-0.6679561943566092,0.3381903009274829,-2.3886635157270675
33.0,134.0,999.98583984375,-0.582919669614915,0.5938518293717738,4.052929680451314,-1.1689574490837047,-0.2098218232500928,0.8583681494831028,1.4536629188580044,-0.6679140303069273,0.3380895569571853,-2.388689909213757
33.0,134.0,999.98583984375,-0.5829081770986164,0.5938667322269495,4.05295383167331,-1.1689489911151654,-0.2098070681845101,0.8583634923751067,1.4536384461361482,-0.6679296914208299,0.338133366251351,-2.3886603717893617
33.0,134.0,999.98583984375,-0.5829328401716847,0.5938688679661563,4.05296057155614,-1.1690033309219028,-0.2097946763304259,0.8583285241005987,1.453661002676565,-0.6679152720954438,0.3380970904206375,-2.388711188866524
33.0,134.0,999.9860229492188,-0.5828856991612943,0.5938233116769105,4.053007572657441,-1.1689204364764012,-0.2098378346038645,0.858400703924481,1.4536485065098592,-0.6679422772950243,0.3382152328446066,-2.3885854605851926
33.0,134.0,999.986083984375,-0.5828653631084117,0.593760331780623,4.053046138086353,-1.1688449349495538,-0.2098490125322758,0.8585214142258133,1.4536242130564911,-0.6679886180741672,0.3382765238920751,-2.388524956150722
33.0,134.0,999.9857788085938,-0.5829035162177956,0.5938340615903837,4.052961318434317,-1.1689330431026643,-0.2098276266338334,0.8583734469206306,1.4536426902809936,-0.6679099205216739,0.3381633773741219,-2.3886460658499047
33.0,134.0,999.986083984375,-0.5829042753683202,0.5938480674502848,4.052966998995721,-1.1688816234269952,-0.2098235437129094,0.8584345624632297,1.4536453008365076,-0.6679547469733276,0.3381703500764139,-2.388596479589417
33.0,134.0,999.9859008789062,-0.5829006266199981,0.5938029714211357,4.052988478436511,-1.1689535654087655,-0.2098225307470205,0.858409869843177,1.453667588905586,-0.6679292509280561,0.3381863553450861,-2.388617216482321
33.0,134.0,999.9859619140624,-0.5829324930254955,0.5938606012224676,4.052947645166425,-1.1690077034489166,-0.2097906451821369,0.8583453451213909,1.4536688038744732,-0.6679247873442389,0.338083207332442,-2.3887311284362047
33.0,134.0,999.98583984375,-0.5829303586354149,0.5938647275803799,4.052975425566043,-1.168998163524908,-0.2098028188249943,0.8583299699159541,1.453646298263667,-0.6679223735220114,0.3380846521958816,-2.388733059712256
33.0,134.0,999.9862060546876,-0.5829173644876899,0.5938926943944756,4.052919742781924,-1.1690019823896305,-0.2097880600887469,0.8583399053032625,1.4536603407466109,-0.6679237037696577,0.3380458825684336,-2.388714144266043
33.0,134.0,999.9861450195312,-0.5829329743384832,0.5938500524148873,4.052948786993326,-1.1688985060489985,-0.2098120671138232,0.8583976514730454,1.4535710979197605,-0.6679616597082552,0.3381318250452212,-2.3886575600494635
33.0,134.0,999.9859008789062,-0.5829025016748544,0.593844437301593,4.052990556467959,-1.1689194594891688,-0.2098435195445462,0.8583767553444162,1.4536557322403514,-0.6679306746840838,0.3381848539200218,-2.3886431603798
33.0,134.0,999.9860229492188,-0.5829129355091816,0.5938661946667967,4.052962137955937,-1.1688997733388184,-0.2098120280302584,0.8583886155155183,1.4536286965616512,-0.6679462369113995,0.3381340756381892,-2.388650776059621
33.0,134.0,999.9859008789062,-0.5829106577650789,0.5938546044731545,4.0529738738808,-1.1689102492832075,-0.209821136133784,0.858372979246738,1.4535985235357698,-0.6679308755149753,0.3381581656730423,-2.38865320921548
33.0,134.0,999.9857788085938,-0.5829294008332333,0.5938977935956045,4.052943025715866,-1.1689900330982663,-0.2098031763193129,0.8583278990903898,1.4536859926983423,-0.6678971667741678,0.338100088688936,-2.388691053637278
33.0,134.0,999.9859008789062,-0.5829203502538212,0.5938417732903369,4.052970749248676,-1.1689084955978175,-0.209812610633187,0.8583983976620901,1.4536209347622062,-0.6679528803210903,0.3381664187518698,-2.388652169673616
33.0,134.0,999.986083984375,-0.5828899676988977,0.5938573395172408,4.052984535125102,-1.1688966208568448,-0.2098546806569192,0.8583889049338698,1.453653447887663,-0.6679285846209106,0.3381705089110234,-2.388609159966834
33.0,134.0,999.9861450195312,-0.5829331074588779,0.5938871376050949,4.052947445835823,-1.1688994720879862,-0.2098122945950473,0.8583597370716163,1.4535684814644148,-0.6679435831186025,0.3381349583629429,-2.388657539279753
33.0,134.0,999.9862060546876,-0.5828844391673043,0.5937554347643648,4.05300111310482,-1.1689344730594935,-0.2098505747217975,0.8584472451684011,1.453659511429021,-0.6679590219546911,0.3381935943886898,-2.3886058184259085
33.0,134.0,999.9862060546876,-0.5829467540862945,0.593912413801732,4.052963603137419,-1.1690317815509417,-0.2097633445431244,0.8582813124403668,1.45363588718382,-0.6679215865098556,0.3380679702497913,-2.388752926616547
33.0,134.0,999.9862060546876,-0.5829221324079743,0.5938515315708184,4.052955568604066,-1.1688859221823384,-0.209807231383662,0.8583986177729805,1.4535740185084751,-0.6679651086689891,0.3381658573320649,-2.388625018676933
33.0,134.0,999.9859619140624,-0.5828772261534914,0.593779155091446,4.052981166930428,-1.168871188059302,-0.2098404504461619,0.8584579651237991,1.453592027906602,-0.6679501894851194,0.3381931047142341,-2.3886082077398414
33.0,134.0,999.98583984375,-0.5828852838787242,0.5938084724454784,4.052986362866923,-1.1688611107446052,-0.2098529470333341,0.8584502011191075,1.45364230564992,-0.6679414247530415,0.3382230844363381,-2.388568751653636
33.0,134.0,999.986083984375,-0.5828970038065933,0.5938141339236171,4.052958841966968,-1.168942043072085,-0.2098126502935562,0.8584015817457589,1.4536120998312532,-0.6679221737045218,0.3381635410595329,-2.3886688517532133
33.0,134.0,999.9857177734376,-0.5829171968730282,0.5938629957681094,4.0529892937996586,-1.168942894160378,-0.2098117296712089,0.8583665412540542,1.453630992820476,-0.6679401549311574,0.3381673704491312,-2.388656454912852
33.0,134.0,999.9859619140624,-0.5829032215290981,0.5938570430883292,4.0529689683858745,-1.1689605083752026,-0.2098196708484199,0.858362382362472,1.4536492049825425,-0.6679329135651031,0.3381413810194864,-2.388647757475686
33.0,134.0,999.9860229492188,-0.5829006204498697,0.5938602281364282,4.053000575806475,-1.168910136829524,-0.2098333955143347,0.8583945611015711,1.4536348614101104,-0.6679555691970194,0.338158061917662,-2.3886631738707904
33.0,135.0,999.986083984375,-0.5829088550641313,0.5938673166907495,4.052970618881021,-1.1689866983330963,-0.2098003549378866,0.8583407696658281,1.4536574323804476,-0.6679060115606061,0.3381240645509118,-2.3887042002524006
33.0,135.0,999.9860229492188,-0.5829315301248004,0.5938370345536903,4.052974952708855,-1.1689468939879628,-0.2098157498669515,0.8583849555248282,1.453647115113455,-0.6679459293291803,0.3381326542011829,-2.388678875792932
33.0,135.0,999.9860229492188,-0.582913267690711,0.593861346185057,4.05296236197084,-1.16891750105614,-0.2098359868869757,0.8583757764256426,1.4536281679168326,-0.6679491356332168,0.3381581267920364,-2.3886279534770285
33.0,135.0,999.9861450195312,-0.5829553350780294,0.593920316583926,4.052966751254397,-1.168991528114565,-0.2097887879212567,0.8583005114214215,1.4536686793783646,-0.6679014126480745,0.3381292308771808,-2.388671911928987
33.0,135.0,999.9862670898438,-0.5829489965759524,0.5939063856584763,4.052964006854369,-1.1689865030038409,-0.2097907446500144,0.8582804928955223,1.4535966658220447,-0.6679275621626566,0.3381148849684612,-2.3887002921163534
33.0,135.0,999.9860229492188,-0.5829102037416245,0.5938083263099614,4.052966094605159,-1.1689165024642358,-0.2098330660365581,0.8583942262876949,1.4535949807229436,-0.6679331130547626,0.3381430361342641,-2.38869428842478
33.0,135.0,999.9859619140624,-0.5829320528179052,0.5938538298619171,4.052942839676485,-1.168953302755655,-0.2098029539030612,0.8583445959770231,1.4535767898760676,-0.6679259525574963,0.3381256789144622,-2.388721264456484
33.0,135.0,999.9857177734376,-0.5829187560625897,0.5938417525551571,4.052955300046486,-1.1689493478322,-0.2098173307746593,0.8583892548807439,1.4536555592280165,-0.6679229577773684,0.3381275549350384,-2.388665656310249
33.0,135.0,999.9859619140624,-0.582903865765231,0.5938771980410715,4.052998110980395,-1.1689463238909696,-0.2098239808949724,0.8583408043319647,1.4536331779381664,-0.6679361278452989,0.3381419249427644,-2.388688964067049
33.0,135.0,999.9859008789062,-0.5829009008342032,0.593833850872679,4.052994423566,-1.1689044116072909,-0.2098368361318217,0.8584026742914048,1.4536378913931998,-0.6679223921597108,0.3382082793564258,-2.388646014855324
33.0,135.0,999.9862670898438,-0.5829089746706,0.5938643557290559,4.052948560541118,-1.169028308554859,-0.2098125090621403,0.8583481997061249,1.453761979461544,-0.6679012578858838,0.3380934211605382,-2.3886621346386887
33.0,135.0,999.9859619140624,-0.5829219099520468,0.5938274440803957,4.052980702752024,-1.1689181292559692,-0.2098134938125531,0.8584053356853794,1.4536152526268946,-0.6679501620777142,0.3381933022638126,-2.38863828691521
33.0,135.0,999.9857177734376,-0.5829071977963904,0.5938491593768527,4.052962111200412,-1.1689120606613184,-0.2098267265196538,0.8583949936610322,1.4536485945429556,-0.6679279841750114,0.3381628602733606,-2.388644969580484
33.0,135.0,999.9859619140624,-0.5828946355337363,0.5938168194886266,4.052956706151633,-1.1688864884279884,-0.2098375119186357,0.8584114155169988,1.4536098472861507,-0.6679513901409342,0.3381892150577146,-2.388587767212924
33.0,135.0,999.9859619140624,-0.582942897023683,0.5938832431044618,4.052952809256871,-1.169000577460717,-0.2097874386276297,0.858325380892313,1.4536304972308942,-0.667915002866244,0.3380606279885825,-2.388777654308777
33.0,135.0,999.98583984375,-0.5829058164359955,0.5938393206133252,4.052998620709124,-1.168917088699544,-0.2098240348443507,0.8583977117398405,1.4536474726061837,-0.6679406207522289,0.3382115759002415,-2.388616739758984
33.0,135.0,999.9860229492188,-0.5829178190860418,0.5938426982662373,4.052985499173973,-1.1689928879372409,-0.2098186777715289,0.8583634320130118,1.4537033014943193,-0.6679253223425352,0.3381143492563279,-2.3886701571117848
33.0,135.0,999.9860229492188,-0.5829142918540784,0.5938917068078862,4.052970205274599,-1.168960727444996,-0.2098033733600965,0.8583484664909005,1.453649649283964,-0.6679209733456366,0.3381505106165017,-2.3886693181663725
33.0,135.0,999.9859008789062,-0.5829168146779509,0.5938788395638985,4.052978370708875,-1.169024541378633,-0.2098010103955907,0.8583208457341112,1.4537070469183453,-0.6679089791885975,0.3380964643167541,-2.388718878232956
33.0,135.0,999.9859008789062,-0.5829284812311561,0.5938745532555192,4.053000867711324,-1.1689590857229295,-0.209818265143328,0.8583306825680372,1.453648970159512,-0.6679178060132624,0.3381400884119214,-2.3886891200431046
33.0,135.0,999.9856567382812,-0.5829222307664237,0.5938525598612276,4.052993198492063,-1.1689583004885584,-0.2098106759621831,0.8583573370088784,1.4536309023853675,-0.6679272994297127,0.3381552333456845,-2.388687261453243
33.0,135.0,999.9861450195312,-0.5828752744561321,0.5937653427696157,4.052963443910874,-1.1688286943934258,-0.2098577507371333,0.8585100978923901,1.4536104598038966,-0.6679581651483906,0.3382422455555574,-2.3885481732213707
33.0,135.0,999.9859619140624,-0.5829100557770541,0.5938680372784777,4.053016403371398,-1.168919634933934,-0.2098196387541282,0.8583898700628021,1.4536547717821886,-0.6679559083636306,0.3381978492636381,-2.388609973769225
33.0,135.0,999.9859008789062,-0.5828977041601267,0.5938400999815228,4.052987688634936,-1.1688972062239291,-0.2098206902243333,0.8584104606597167,1.4536004973880523,-0.6679598353811755,0.3382008528471703,-2.388629017859161
33.0,135.0,999.9859008789062,-0.582911285599006,0.593868701461183,4.052999692734835,-1.168976714347019,-0.2098221992748303,0.8583348674516564,1.4536800780049353,-0.6679368827631702,0.338160411557876,-2.388654963260866
33.0,135.0,999.9859619140624,-0.5829148553968695,0.5938397470009456,4.052957934695037,-1.1689498146774395,-0.2098159294806434,0.8583571148272675,1.4536291876462872,-0.6679087749102983,0.3381727154175422,-2.3886549795456107
33.0,135.0,999.98583984375,-0.5829074484854377,0.5938492552229855,4.0529726723328725,-1.1689367392914396,-0.2098256180453663,0.8583677529384905,1.4536385430863046,-0.6679180278151229,0.3381744071614836,-2.388653744851408
33.0,135.0,999.9859619140624,-0.5829105415760898,0.593840629329474,4.052979159039868,-1.1689284463888807,-0.2098280088167454,0.85837945400145,1.453658067361113,-0.6679114325435185,0.3381883776965058,-2.388614529358519
33.0,135.0,999.98583984375,-0.5828935926553633,0.5938182637041924,4.052969653204752,-1.1689085912153878,-0.2098259095019417,0.8584249264677855,1.4536182119529828,-0.6679274774189121,0.3381597844586359,-2.3886543256620376
33.0,135.0,999.98583984375,-0.5829116721081364,0.5938825337305396,4.052970532383176,-1.1689266493843875,-0.2098196665210157,0.8583654632637492,1.453641499268025,-0.6679403387358942,0.3381476311606075,-2.388652636479107
33.0,135.0,999.9857788085938,-0.5829035396161437,0.5938216378780652,4.052974863755235,-1.168922861598995,-0.2098104926454356,0.8584396855555649,1.4536479062464025,-0.6679441361525376,0.3381646340029389,-2.3886405746324133
33.0,135.0,999.9859008789062,-0.5829175734894196,0.5938479887387746,4.0529501567546085,-1.1688982005019306,-0.2098153509657008,0.8583973935150659,1.4536010956904146,-0.6679434963637636,0.3381478117543723,-2.3886796199310627
33.0,135.0,999.9860229492188,-0.5829034407497433,0.5938151744618398,4.052974634305597,-1.168959147156757,-0.2098442150665223,0.8583825722649152,1.453705543908324,-0.667912442369075,0.3381570911671838,-2.388631957818164
33.0,135.0,999.9862060546876,-0.5829033481954005,0.5937986636944403,4.05302883962464,-1.168901777487135,-0.2098296851435872,0.8584284420989006,1.45364063736542,-0.6679567859426525,0.3382187463894031,-2.388642087154324
33.0,135.0,999.9861450195312,-0.5829125457954234,0.5938458461792075,4.052939008712322,-1.168961765025145,-0.209833405093728,0.8583809797128481,1.45369697963769,-0.667915376031547,0.3381380538776142,-2.388634565053426
33.0,135.0,999.986083984375,-0.5828968525759901,0.5938276583556927,4.053001343165692,-1.1689016556635732,-0.2098539728057931,0.8583950092828418,1.453653796143378,-0.6679492458814114,0.3382163573464369,-2.3885795162334977
33.0,135.0,999.9860229492188,-0.5828976235198002,0.593862336895258,4.052954598122573,-1.1689347558586465,-0.2098159130815693,0.8583680479408802,1.4536227763841394,-0.6679307403059118,0.3381353007245611,-2.38866128661708
33.0,135.0,999.9859008789062,-0.5828805521779659,0.5938260631313819,4.052979264502429,-1.168854820677876,-0.2098452248972107,0.8584449017524189,1.4536264047962533,-0.6679400826023594,0.3382077260600624,-2.3885800289100736
33.0,135.0,999.9859619140624,-0.5829232871206012,0.5938336873737295,4.052974612290697,-1.1689317031599296,-0.2098029510468944,0.8583798953229653,1.453569495483916,-0.667941340683714,0.3381607043384029,-2.388705631347454
33.0,135.0,999.98583984375,-0.5829030039758383,0.5938345456289076,4.052983723883594,-1.168966035519002,-0.2098297087565273,0.8583890342690541,1.453697149724956,-0.6679162923365896,0.3381533427592007,-2.3886452499308364
33.0,135.0,999.986083984375,-0.5829442386106871,0.5939173801008035,4.052960364246875,-1.1690465724246306,-0.2097926973025003,0.8582954214452698,1.4537123755482495,-0.667904557172796,0.3380239408284051,-2.388760131543448
33.0,135.0,999.9862670898438,-0.5829444524771175,0.5938402189444734,4.052944756474039,-1.1689320044166056,-0.2097716132922391,0.8583993356989801,1.4535269689530477,-0.6679562883453558,0.3381160963984433,-2.388713703348782
33.0,135.0,999.986083984375,-0.5828796525314024,0.5937937044445416,4.05303140378135,-1.1688690407079476,-0.2098385865020704,0.8584499230036329,1.453612427578561,-0.6679748826699141,0.3382413992981048,-2.3885772028073844
33.0,135.0,999.9859008789062,-0.5829141160171512,0.5938449587644161,4.052955791174544,-1.168919304448241,-0.2098079154147747,0.8583924514021968,1.4536155050961377,-0.6679369068319909,0.3381793449913761,-2.38863800585645
33.0,135.0,999.9857788085938,-0.5829100139998653,0.5938485751784794,4.052980342472273,-1.1689101964342448,-0.2098319549094736,0.8583896997006804,1.4536340833236716,-0.6679288861617589,0.338189193423287,-2.388614288773567
33.0,135.0,999.9859619140624,-0.5828851761974239,0.5938401055810747,4.052984326472119,-1.1688936286382354,-0.2098493021628353,0.8583958377408019,1.4536527198690496,-0.6679327292701212,0.3381735021032996,-2.388609498333892
33.0,135.0,999.9859008789062,-0.5829130288987265,0.59387853757804,4.052960079730989,-1.1689663385641849,-0.2098000075652848,0.8583441977215145,1.4536309646182648,-0.6679188316286435,0.3381203366429925,-2.388697751945146
33.0,135.0,999.9859008789062,-0.5829125771257466,0.5938363608192461,4.052969216137882,-1.16889448444247,-0.2098297491432434,0.8583994283129464,1.453612122568973,-0.6679290782129259,0.3382069174670103,-2.3886231487162752
33.0,135.0,999.9857788085938,-0.582909080002393,0.5938621337104113,4.052981118037014,-1.168909233075039,-0.2098135598114989,0.8583806948480346,1.4536092085009225,-0.6679376767909027,0.3381652471921503,-2.388654697597441
33.0,135.0,999.9857788085938,-0.582909999666656,0.5938281140595327,4.052960986169849,-1.1689242029933906,-0.2098173184187466,0.8583909841408888,1.453622356263936,-0.6679216223496356,0.3381816881993549,-2.388648288981127
33.0,136.0,999.9859619140624,-0.5829151414047802,0.593845833369703,4.052978149171851,-1.1689266075690343,-0.2098223378322803,0.8583703130161453,1.453587992345236,-0.6679316041686398,0.3381587045906631,-2.3886803941148465
33.0,136.0,999.9857788085938,-0.5828958552154653,0.5938266684017197,4.0529989697226565,-1.168888901104792,-0.2098347675111149,0.8584074708770579,1.4536135594173638,-0.6679461289200024,0.3381871926925797,-2.3886431615611747
33.0,136.0,999.9859619140624,-0.5828812877197578,0.5937999820668889,4.052983377504589,-1.1688942789019423,-0.2098424203303244,0.8584572453522359,1.4536380890232738,-0.6679520242613517,0.3382264695657069,-2.388576514634249
33.0,136.0,999.9859008789062,-0.5829403511716809,0.5938680355422168,4.052984014775545,-1.1689603924377567,-0.2098008939160687,0.8583517634763957,1.4536360235790244,-0.6679092437322423,0.3381550701092104,-2.388691016150755
33.0,136.0,999.9860229492188,-0.5829357403639817,0.5938939792843314,4.052974671626112,-1.169030233760142,-0.2097997352918472,0.858295941885185,1.453715996920966,-0.6678870477814067,0.3381255188979821,-2.388695046881572
33.0,136.0,999.9859008789062,-0.582897628222919,0.5938162294043847,4.052969344059106,-1.1689178846539283,-0.2098258127267396,0.858425129606811,1.4536229596254753,-0.6679460962084001,0.3381782935089417,-2.38864663383825
33.0,136.0,999.9859619140624,-0.5829289741075909,0.5938813724889203,4.052950823049256,-1.1689379508577151,-0.2098149012347283,0.8583706970692653,1.4536593051260835,-0.6679394382163739,0.3381362227929463,-2.388643212214938
33.0,136.0,999.9859008789062,-0.5828691125268444,0.5938055451814561,4.052994246941751,-1.168860507738354,-0.2098397901463666,0.8584620526829045,1.4536046896800734,-0.6679653703307364,0.338218022839464,-2.388584583438673
33.0,136.0,999.9857788085938,-0.5829145785944947,0.5938438442502845,4.052991306867439,-1.168934945339401,-0.2098143526332911,0.8583779223801482,1.4536277960501902,-0.6679266773756236,0.3381821356111629,-2.3886689700665604
33.0,136.0,999.98583984375,-0.582911351201667,0.5938263623070199,4.052953553075176,-1.1688972934753323,-0.2098106594420894,0.8584305740239557,1.453597032194641,-0.667952411329992,0.3381521670135594,-2.388663145974556
33.0,136.0,999.9857788085938,-0.582921677173232,0.5938574370184888,4.0529867049995545,-1.1689893473174973,-0.20981261303685,0.8583280124378314,1.4536537481822212,-0.6679213135999271,0.3381256897870521,-2.388715363183624
33.0,136.0,999.9857788085938,-0.5829059490821242,0.5938600341347167,4.052968282202336,-1.1689439918321884,-0.2098317733437849,0.8583550705571437,1.4536705024316223,-0.6679070593066729,0.3381527188602851,-2.3886404084069293
33.0,136.0,999.9859008789062,-0.5829207590817136,0.5938263155908485,4.052955328477918,-1.1688946266712956,-0.2098241077203635,0.8584268436772211,1.4536095801852813,-0.6679470644713863,0.3381662470875826,-2.388638288424243
33.0,136.0,999.9857177734376,-0.58292582360205,0.5938515792681578,4.052980852237168,-1.1689591523429197,-0.2098107915999936,0.8583659099507841,1.4536431134958638,-0.6679276238135197,0.338153382868902,-2.388679426777658
33.0,136.0,999.98583984375,-0.5829163566298163,0.5938623598262982,4.052973652037794,-1.1689280773228958,-0.2098153690623103,0.8583902758916544,1.4536321824008382,-0.6679334594740025,0.3381604109322627,-2.388636315285998
33.0,136.0,999.986083984375,-0.5829096253966215,0.59386903877893,4.053013664438369,-1.1689279894455589,-0.2098099768361851,0.858374806969433,1.45362443631171,-0.6679447926942297,0.3381843236669706,-2.388675072541578
33.0,136.0,999.9861450195312,-0.5829155648377355,0.5938002816097363,4.0529805738172175,-1.1688896562088291,-0.2098223664784742,0.8584520658801615,1.453602688154561,-0.6679487394853147,0.3382012683631972,-2.3886713595552345
33.0,136.0,999.9857788085938,-0.5828931275578189,0.5938099814434032,4.052979008809402,-1.1688843444806354,-0.2098429362095837,0.8584359536282467,1.4536443330293292,-0.6679404234714497,0.3382030732839149,-2.388577635717585
33.0,136.0,999.9859008789062,-0.5829092927730031,0.5938819604154553,4.052970405581078,-1.168931965816569,-0.2098188151579751,0.8583584953306875,1.453664530103019,-0.6679249893050354,0.3381641708174809,-2.388650731790955
33.0,136.0,999.9859008789062,-0.5828850544701396,0.593811310584238,4.052976654709283,-1.1688660642275277,-0.2098383457399979,0.8584667723251762,1.4536232961881677,-0.6679599680632808,0.3382006850044412,-2.388593562781552
33.0,136.0,999.9859619140624,-0.5829085484939842,0.5938517958113909,4.052981853407797,-1.1689630222762588,-0.2098180924444648,0.8583683648330078,1.45369906138726,-0.6679007024580343,0.3381705559495618,-2.388661391321174
33.0,136.0,999.9859008789062,-0.5829160780253311,0.5938431192771976,4.052960016466486,-1.168916522563754,-0.2098142463067347,0.858414288627916,1.4536575892082713,-0.6679268410459525,0.3381722795128254,-2.388620411215589
33.0,136.0,999.9859619140624,-0.5829180357686594,0.593834585285614,4.052970976653016,-1.1689115250430016,-0.2098088541520129,0.8584281292348788,1.4536260946937398,-0.667948937892195,0.3381559244458598,-2.3886618713613155
33.0,136.0,999.9859008789062,-0.5828947096853572,0.5938404585664667,4.052949328351918,-1.168836343699344,-0.2098472897160634,0.8584443664564212,1.4536009453755891,-0.6679386742189033,0.338208205027664,-2.3885675890959206
33.0,136.0,999.9859008789062,-0.5829226492276707,0.5938402242269252,4.052952725972762,-1.168908186824556,-0.2097978943669955,0.8584211607650474,1.453622773837438,-0.6679408165346326,0.3381672235866562,-2.3886581196987344
33.0,136.0,999.9859008789062,-0.5829092671914324,0.5938893968299137,4.052967988162507,-1.1689368583776938,-0.2098268331867032,0.8583404506160885,1.4536622156948038,-0.6679075368844076,0.3381669113940555,-2.388619878048609
33.0,136.0,999.986083984375,-0.5829119838870147,0.5938535794188393,4.052961604374389,-1.168926032641258,-0.2098327265302328,0.8583665009882555,1.4536373574230774,-0.667917678021813,0.338135189153526,-2.388694320318041
33.0,136.0,999.9857788085938,-0.5829242578935254,0.5938418778781624,4.0529821263008685,-1.1689593201454525,-0.2097984790834495,0.8583773743748946,1.4536184954981255,-0.6679411476772499,0.3381322733574663,-2.3887123475065457
33.0,136.0,999.9859008789062,-0.5829047390741575,0.5938597219909028,4.052975725564146,-1.1688939512073857,-0.2098440592845589,0.8583638893353385,1.453621085007634,-0.6679314694988685,0.33820397779348,-2.388614565837785
33.0,136.0,999.9859008789062,-0.5829418314186974,0.5938743147415622,4.052968495996307,-1.168983667395472,-0.2097871627672924,0.8583448314538398,1.4536302105540884,-0.6679210206808754,0.3381206411145339,-2.388720120691928
33.0,136.0,999.98583984375,-0.5828948980150406,0.5937967402622855,4.052972117240483,-1.16890557526147,-0.209842766642895,0.8584299408633225,1.4536487909130518,-0.6679223540780388,0.3381852432163494,-2.388612195381846
33.0,136.0,999.9860229492188,-0.5829313636375737,0.5938422615398933,4.052966291639336,-1.1689392493875972,-0.2098113862886812,0.858360551917249,1.4536092893746968,-0.6679179405810274,0.3381692298881988,-2.3886653138170137
33.0,136.0,999.986083984375,-0.582918731393657,0.5938789880951596,4.053021959183122,-1.168945097860581,-0.2098190142549914,0.8583456933425779,1.4536412325187769,-0.6679242322967056,0.3381798042947439,-2.3886700382104573
33.0,136.0,999.9859008789062,-0.5829089741850417,0.593865141160439,4.052954653196574,-1.168906050694971,-0.209838815266611,0.8583635588696321,1.4536226623444009,-0.6679023366791261,0.3381843181359532,-2.3886258929522746
33.0,136.0,999.9859008789062,-0.5829001368302391,0.5938311748532907,4.052993299741033,-1.1689171879953664,-0.2098185105835721,0.8584042762206074,1.453621864033412,-0.6679391251321469,0.3381796774653667,-2.3886755324529867
33.0,136.0,999.9861450195312,-0.5829502065794445,0.5939370956909116,4.052944089346001,-1.1689412244292314,-0.2098016173907373,0.8582916550163953,1.4536141578434103,-0.6679215244900485,0.338101236443963,-2.388710066883686
33.0,136.0,999.9860229492188,-0.5829226041786137,0.5938391456356316,4.052964654307555,-1.1689451556730832,-0.2098161411410304,0.8583959442160971,1.4536588688000274,-0.6679132456156198,0.3381847376126776,-2.388627209920626
33.0,136.0,999.986083984375,-0.5829021677179629,0.5938315664004197,4.05301391258741,-1.168891433320673,-0.2098134453992592,0.858424560603483,1.4535803509551286,-0.6679704366314692,0.338209225382073,-2.3886449503850726
33.0,136.0,999.98583984375,-0.5829211937426706,0.5938781494373995,4.05298802671142,-1.1689172794137344,-0.2098190365859311,0.8583639000624519,1.453624993627436,-0.6679317184700082,0.3381788595721975,-2.3886587926726084
33.0,136.0,999.986083984375,-0.5828869057912947,0.5938147425968019,4.052969596980322,-1.1688975458825173,-0.2098426237722375,0.8583938778067299,1.4536266606387225,-0.6679219096877604,0.3382249111979449,-2.3885902007985624
33.0,136.0,999.9857177734376,-0.5829274656771357,0.5938777217153728,4.052977673806083,-1.1689674862282762,-0.2098060147906197,0.8583405604249092,1.4536517593382872,-0.6679212963079575,0.3381332914940902,-2.388684989999245
33.0,136.0,999.9862060546876,-0.5829276773405443,0.5938412831544397,4.053004643771228,-1.16890190005128,-0.2098081621552143,0.8584318591774434,1.4536378977442554,-0.6679693087362146,0.338208670961527,-2.3886091029132217
33.0,136.0,999.98583984375,-0.5829010817135574,0.5938397215919453,4.052964179157623,-1.168897239748424,-0.2098165959119819,0.8584083515806027,1.4536056956086103,-0.6679521147494762,0.3381621626108613,-2.388654366708283
33.0,136.0,999.9859008789062,-0.5828993766236383,0.5938592047555469,4.052998510809957,-1.1689212889576033,-0.2098205441506415,0.8583980658558135,1.4536309566235488,-0.6679472614028343,0.3381831746994148,-2.388647445118764
33.0,136.0,999.9859008789062,-0.5829040552687834,0.5938366594523492,4.05296435478615,-1.1688953329123255,-0.209835181485098,0.8584205091448123,1.4536317954467348,-0.6679551864680802,0.3381650245750691,-2.388615326425908
33.0,136.0,999.9860229492188,-0.5828952510224319,0.5938262230592759,4.052965457236363,-1.1689461555021778,-0.2098300711942826,0.8583979298589304,1.453698868700382,-0.6679016125582597,0.3381576153313119,-2.388651990922131
33.0,136.0,999.9857788085938,-0.5829012837148335,0.5938264656567664,4.052960974945142,-1.1688974616568475,-0.2098307592556691,0.8584225675298915,1.4536075257756291,-0.6679454351452119,0.3381871416934263,-2.388615918029388
33.0,136.0,999.98583984375,-0.5829188112084003,0.593872085322042,4.053002273951137,-1.168957959457224,-0.2098148786218985,0.8583530915910913,1.4536740492581206,-0.6679280663708598,0.3381803356003772,-2.388639512658084
33.0,136.0,999.9859619140624,-0.5828966202563972,0.5938331575861575,4.0529919161230055,-1.1689548929313216,-0.2098314605667379,0.8583743379319095,1.453687455839229,-0.6679227640256045,0.3381452743518585,-2.38864788977434
33.0,136.0,999.986083984375,-0.5828762569058661,0.5938170517232253,4.053006894888069,-1.1688817143361605,-0.2098677319222988,0.8584173241572435,1.4536460123256898,-0.6679401900385091,0.3382474979774557,-2.3885815043782777
33.0,137.0,999.9859008789062,-0.5828939749024658,0.593842820714916,4.053027570487824,-1.1689195386779834,-0.2098378064468029,0.8583887985456702,1.4536622754799344,-0.6679430404026352,0.338221886257628,-2.388594767723964
33.0,137.0,999.98583984375,-0.5828994362871187,0.5938458669525604,4.052973122630968,-1.1688685579252869,-0.2098418442406551,0.858409139550913,1.4536162333296172,-0.6679386010040753,0.3381967761956232,-2.388590213471384
33.0,137.0,999.9859008789062,-0.5829371983347444,0.5938828175275379,4.052969158431093,-1.1689637894665794,-0.2098070897173167,0.8583181483965578,1.4536175564752307,-0.6679224690678218,0.3381330974097052,-2.388706580069736
33.0,137.0,999.9859008789062,-0.5829215412163853,0.5938581365244833,4.052986770815281,-1.1689567850182514,-0.2098178083186415,0.8583493352437337,1.453615123580918,-0.6679318167803387,0.3381543005239678,-2.388679721722452
33.0,137.0,999.9859008789062,-0.5829217097926165,0.5938124094692032,4.052981713499028,-1.1689568096815757,-0.2098032607220785,0.8583925443163567,1.4536166554286254,-0.6679496730973575,0.3381434845038171,-2.388700049569593
33.0,137.0,999.9859619140624,-0.5828800671281655,0.5937973172420445,4.052995804509553,-1.1688814492934825,-0.2098428179296796,0.8584383362945625,1.4536291978927505,-0.667938451076524,0.3382092659948954,-2.388587357691009
33.0,137.0,999.9859619140624,-0.582907081724862,0.5938154484051461,4.052983156596955,-1.1689466166218463,-0.2098125386392784,0.8584216676102576,1.4536560114132326,-0.667936373568371,0.3381758433285409,-2.388654573861124
33.0,137.0,999.9857788085938,-0.5829077914911238,0.5938235207687237,4.0529602802124245,-1.168925519292788,-0.2098257021741894,0.858405791148531,1.4536453328051842,-0.6679329324565453,0.3381532880569065,-2.38865632805213
33.0,137.0,999.9860229492188,-0.5829275060167687,0.593877711051336,4.052980478484981,-1.168953458350276,-0.2098081129660896,0.8583352912596016,1.4536515743991254,-0.66793565242381,0.3381560197485793,-2.388669665431112
33.0,137.0,999.9857788085938,-0.5829101298791421,0.5938158484249669,4.052966236575008,-1.16890808075917,-0.2098191155416904,0.8584207483238195,1.4536181212311137,-0.6679374151711155,0.3381731603886129,-2.388638737940092
33.0,137.0,999.9857788085938,-0.5829238969848793,0.5938534326022626,4.052988618541495,-1.1689526459985418,-0.2098155345027468,0.8583680158036664,1.4536507782304078,-0.6679304638562735,0.3381339883956737,-2.3886838912398694
33.0,137.0,999.9861450195312,-0.5828842142754729,0.5938064810349877,4.052943398947898,-1.168860576318103,-0.2098557180699947,0.8584614043770378,1.45364324823933,-0.6679223475160345,0.3381833306387651,-2.388604985834016
33.0,137.0,999.98583984375,-0.5829054024539424,0.593849200411281,4.052991434310966,-1.1689419623649182,-0.2098323845173189,0.8583696316103326,1.453659145880306,-0.6679348772994818,0.3381727795027061,-2.388620546598273
33.0,137.0,999.9857788085938,-0.5829007806018929,0.593833550205467,4.052995613669364,-1.1688695128655873,-0.2098337820806302,0.8584149666427789,1.4535891666744003,-0.6679531104379111,0.3382158301119151,-2.388618197372722
33.0,137.0,999.9857788085938,-0.5829018971909488,0.5938559749130947,4.052976881937637,-1.1689079402183058,-0.209827021212563,0.8583826860598389,1.4536188497453706,-0.6679294315147093,0.3381547723465345,-2.388652937665437
33.0,137.0,999.9861450195312,-0.5829308555283621,0.5938691926017619,4.052986981609012,-1.1689006445244936,-0.2098196508798269,0.8583398009544121,1.453555443125576,-0.6679355432666032,0.3381676302924212,-2.388689289744846
33.0,137.0,999.9859619140624,-0.5829456223997109,0.5938905736230273,4.05296957323616,-1.1689855637758129,-0.209789608111631,0.8583091396198119,1.453604633340114,-0.6679307583422203,0.3381120588654678,-2.3887194191128147
33.0,137.0,999.9857788085938,-0.5828947887715881,0.5938085908159287,4.052997904632852,-1.1688879252473776,-0.209836136389133,0.8584258099518713,1.453622555380642,-0.6679503844803056,0.3381957895395047,-2.388623920024879
33.0,137.0,999.986083984375,-0.5829314726836019,0.5938599434715099,4.052966306752367,-1.16897426238023,-0.2098017765329594,0.8583487726408423,1.4536131628897184,-0.6679484118426178,0.3380745563960587,-2.388749812592546
33.0,137.0,999.9859619140624,-0.5829264066693804,0.5938566265830927,4.052978592114885,-1.1689176970524868,-0.2098040309965521,0.858404512637029,1.45362818080065,-0.6679463096528249,0.3381725517822307,-2.3886440078083093
33.0,137.0,999.9857788085938,-0.5829092039406873,0.5938401072786714,4.052985533957525,-1.1689201221751406,-0.2098124384977344,0.8583950758402956,1.4536083065631915,-0.6679406371606502,0.3381885448708175,-2.388656899643302
33.0,137.0,999.9859008789062,-0.5829276985330907,0.5938740229312405,4.053007777953017,-1.1689840800694515,-0.2098062508008862,0.8583376602168649,1.4536660187473789,-0.6679301293038886,0.3381608897931691,-2.3886738916276635
33.0,137.0,999.9859008789062,-0.5829329842643469,0.5938207676477125,4.052945449402095,-1.1689568459156296,-0.2097908524322056,0.8584135223118228,1.4536257748880912,-0.667930490405209,0.3381213959951363,-2.388711206315246
33.0,137.0,999.98583984375,-0.582905387449614,0.5938243985371834,4.052953547787832,-1.1689083971675176,-0.2098232282084495,0.8584046881999203,1.4536284879187704,-0.6679358017879702,0.3381648475025036,-2.388636245940201
33.0,137.0,999.98583984375,-0.5829092264706413,0.5938383208805806,4.05297924014379,-1.1689320108175334,-0.2098276176468196,0.8583899595247333,1.4536432888208155,-0.6679194106766477,0.3381738426880298,-2.3886330833878784
33.0,137.0,999.98583984375,-0.5829154000483365,0.593841773950448,4.052982572566153,-1.1689416429823711,-0.2098148543999514,0.8583812061475715,1.4536303636096886,-0.6679509482375954,0.3381598150584564,-2.388648202546336
33.0,137.0,999.9860229492188,-0.5829315327733928,0.593894491423594,4.052972725198545,-1.1689596586304545,-0.2098014983905818,0.8583113659267774,1.453629071118626,-0.667933342521434,0.3381178520144452,-2.3887072098698034
33.0,137.0,999.98583984375,-0.5829126439272532,0.5938596061649033,4.052977131067767,-1.168917449275702,-0.2098235593586315,0.8583593588443481,1.4536055053141128,-0.6679172932476849,0.338183893472439,-2.38866077298799
33.0,137.0,999.9857177734376,-0.5828915195846118,0.5938180855628943,4.052974419088255,-1.1688821434485996,-0.2098368557835384,0.8584258325414496,1.4536072814561312,-0.6679461052412359,0.3381888919092581,-2.388624182002673
33.0,137.0,999.9859008789062,-0.582917367530027,0.5938641966026577,4.052989722360591,-1.168928117069438,-0.2098164491048297,0.8583617642045702,1.4536445285718642,-0.6679166253756916,0.3381877662658041,-2.3886454629055325
33.0,137.0,999.98583984375,-0.5829286778189884,0.5938576384941596,4.0529742777888345,-1.1689726455957905,-0.2098097834000913,0.8583567283806248,1.45365507323623,-0.6679331681708902,0.3381098732704126,-2.388688865060013
33.0,137.0,999.9860229492188,-0.5828906756824566,0.5937647420220804,4.052981625659109,-1.168892922113252,-0.2098380817655796,0.858470077785805,1.453637579407526,-0.6679220363186982,0.3381994284310092,-2.3886324204802563
33.0,137.0,999.98583984375,-0.5829005574865471,0.5938208251769561,4.053010879612742,-1.1688844414643764,-0.209825676691576,0.8584190048572884,1.453595421192432,-0.6679518180331874,0.3382050496683684,-2.3886408783598663
33.0,137.0,999.9859008789062,-0.582934102239391,0.5938717378646796,4.052980384836303,-1.1689228265305585,-0.2098130901347001,0.8583448614725766,1.4535940626747903,-0.6679392129874104,0.3381715934534766,-2.388672170610327
33.0,137.0,999.98583984375,-0.5829460866788585,0.5938975470810348,4.052962944380273,-1.168968252679599,-0.2097960801480196,0.8583119360358076,1.4536352054241206,-0.6679035811793801,0.3381450718457373,-2.3886906974871263
33.0,137.0,999.9859008789062,-0.5829056488039814,0.5938593675694577,4.052983652488141,-1.16893602258247,-0.2098272143061645,0.8583658792912319,1.4536353559419997,-0.6679168102466644,0.3381745030704515,-2.3886567164787245
33.0,137.0,999.9857177734376,-0.5829181896461701,0.5938537521891458,4.0529792332825725,-1.1689543109761291,-0.2098089172828423,0.8583671183299559,1.453652444162266,-0.667928140304463,0.3381580675457352,-2.3886717874549888
33.0,137.0,999.9859008789062,-0.5829077204230222,0.5938295250351775,4.052981246051109,-1.1689166294990794,-0.2098155160830712,0.8584055666945565,1.4536271334178146,-0.6679330908954446,0.3381751796928149,-2.3886696449505185
33.0,137.0,999.9860229492188,-0.5829096632559709,0.593837897533831,4.053001162536701,-1.1689067734138354,-0.20983223665809,0.858422757771673,1.453644435541821,-0.6679611489086437,0.3381692281571666,-2.388636535614056
33.0,137.0,999.98583984375,-0.582904364147983,0.5938749882487961,4.053000594744773,-1.1689292413436423,-0.2098350692936552,0.8583536712361326,1.4536465713381022,-0.6679316279061167,0.3381725707699221,-2.388637999332244
33.0,137.0,999.98583984375,-0.5829006916882822,0.5938292206495168,4.052993449905113,-1.1689128704370857,-0.2098324188490874,0.8584062565001318,1.4536202105655436,-0.6679366407480032,0.3381920080996785,-2.38863477142704
33.0,137.0,999.98583984375,-0.5828995133425234,0.5938226244488103,4.052966591429332,-1.1689411200079536,-0.2098220133796973,0.8583912000964853,1.4536449240245917,-0.667914954040266,0.3381673305884947,-2.3886561340217587
33.0,137.0,999.9859008789062,-0.582912425911088,0.5938444116428867,4.052975240087877,-1.1689109580421908,-0.2098197876708143,0.858390529637548,1.4536421410804137,-0.6679310810117682,0.338196609234993,-2.388634889306421
33.0,137.0,999.9860229492188,-0.5829349331736422,0.5938823006444505,4.052985375204464,-1.169010335535173,-0.2098199806651743,0.858294873901281,1.4536828542615998,-0.6679118234792982,0.3380947519694892,-2.3887294507732424
33.0,137.0,999.98583984375,-0.5829076745110973,0.5938403051518186,4.052974303514089,-1.1689136402702016,-0.2098222315051936,0.8583823675646709,1.453611525961528,-0.6679489145158533,0.3381716651472732,-2.3886355526963943
33.0,137.0,999.98583984375,-0.582919115736237,0.5938543026135745,4.052952824346701,-1.1689710167823035,-0.2098165535455249,0.8583740633002996,1.4536877997479394,-0.6679158835876322,0.338133354637451,-2.3886572944270554
33.0,137.0,999.98583984375,-0.5829333523592641,0.5938737973284898,4.0529664983520135,-1.168956453959353,-0.2097942292983754,0.858350045104487,1.4536157262062508,-0.6679287368497953,0.3381231165203724,-2.388713071892042
33.0,137.0,999.9857788085938,-0.5829091573062009,0.5938209753388772,4.052998569390589,-1.1689222124095862,-0.2098153230815587,0.8583954025402418,1.453601699346411,-0.6679406436819857,0.3381831054916286,-2.3886747247318008
33.0,137.0,999.98583984375,-0.5829002902178511,0.5938337148560464,4.052972814338045,-1.1689052110761748,-0.2098276269413341,0.8583937268781803,1.453603826574974,-0.667923781125924,0.3381696633287667,-2.388669168098599
33.0,137.0,999.98583984375,-0.5829295542187314,0.5938983536056872,4.05299834167341,-1.1689852092641124,-0.2097989635809716,0.8583155348644169,1.453656741826613,-0.6679238911997611,0.3381470253606879,-2.388688761372932
33.0,138.0,999.9859008789062,-0.5829353827855552,0.5938714064363806,4.052962296288868,-1.1689560930283265,-0.2098057256782146,0.858348460217333,1.4536233487471044,-0.6679238660843776,0.3381406524532151,-2.3886926653817486
33.0,138.0,999.9859619140624,-0.5828923559555017,0.593802228915937,4.0530072848831935,-1.1688680980566684,-0.2098252568787311,0.8584358596234711,1.453566181845524,-0.6679512454246748,0.3382240507331051,-2.388631169377496
33.0,138.0,999.9857788085938,-0.582912280060695,0.5938675853786801,4.052966410236165,-1.1689688943412833,-0.2098128900029818,0.8583522383392133,1.4536768783195857,-0.6679141018931691,0.3381316514332342,-2.3886700751693746
33.0,138.0,999.98583984375,-0.5829102653063174,0.5938408192250737,4.052989045206717,-1.1689306292013568,-0.2098175419281194,0.8583741201053563,1.453613105725001,-0.6679414032616542,0.3381699227748989,-2.3886576230959267
33.0,138.0,999.9859619140624,-0.5829037517747251,0.593816433161301,4.052988486306983,-1.168910372451136,-0.2098152070042944,0.8584008206981508,1.4535785253790223,-0.6679367479301836,0.3381868684089095,-2.388671039057492
33.0,138.0,999.9857177734376,-0.5829147812768545,0.5938405450223563,4.052976303906744,-1.1688994230531828,-0.2098154787967745,0.8583888917083451,1.4535772969288647,-0.6679415560821829,0.3382053576650321,-2.3886396937747474
33.0,138.0,999.9859008789062,-0.582898793068904,0.5938017236018558,4.052983084840712,-1.1688639748783478,-0.2098356756575272,0.8584491443261113,1.4535772007636396,-0.6679630667483192,0.338230649591785,-2.388591745266384
33.0,138.0,999.9859008789062,-0.5829173000572556,0.5938395093600759,4.052996332395342,-1.1689521248761143,-0.2098133305643035,0.8583639575945066,1.453638306371117,-0.6679279213337992,0.3381757541390158,-2.3886831428780884
33.0,138.0,999.9857177734376,-0.5829080836074931,0.5938517980633309,4.052991338749422,-1.1689511420306662,-0.2098262492063858,0.8583628833249604,1.4536518643870815,-0.6679206275812115,0.3381692419046818,-2.388653429101036
33.0,138.0,999.9859008789062,-0.5829129910977313,0.5938321048104367,4.052991967358853,-1.168920425962047,-0.2098181383136514,0.8584037227904666,1.453653892292471,-0.6679367197325057,0.3381858354007594,-2.3886349543440986
33.0,138.0,999.9859008789062,-0.5829178602243266,0.5938523362048018,4.0529838602472505,-1.1689466191828273,-0.2098117796021039,0.8583718377363567,1.4536368859247712,-0.667920251525981,0.3381537772364513,-2.3886907801826824
33.0,138.0,999.9859619140624,-0.5829069827779341,0.5938660078202718,4.053000669555475,-1.1689449975587056,-0.2098178957157035,0.8583390565006095,1.4536275489968231,-0.6679233585065294,0.3381766969892279,-2.388655289130996
33.0,138.0,999.9859008789062,-0.5829023330528784,0.593831424705118,4.052978143978201,-1.16894861794926,-0.209824351623042,0.858396113830552,1.453683112340106,-0.6679267193796532,0.3381351304806932,-2.388649194774424
33.0,138.0,999.9857177734376,-0.5829017660573612,0.5938115091573195,4.05299581645065,-1.1689180874934846,-0.2098259060609626,0.8584162053603119,1.4536100388906965,-0.6679445163954281,0.3381788087236934,-2.3886512899755905
33.0,138.0,999.98583984375,-0.5828886999030418,0.5938098583369626,4.053001481333935,-1.168880614984996,-0.2098426055644937,0.8584420586797235,1.453612479278494,-0.6679547791208389,0.3382213370708422,-2.3886017383610527
33.0,138.0,999.98583984375,-0.5829150137408385,0.5938708854467727,4.053005768826395,-1.1689639120797146,-0.209813915288251,0.8583433956406692,1.453648363796347,-0.6679323387248921,0.338154872651522,-2.388693554749251
33.0,138.0,999.9857177734376,-0.582913723863788,0.5938506827168055,4.052987035703286,-1.168949170984945,-0.2098063441662745,0.858369437063895,1.4536220786306835,-0.6679341411531778,0.338147940369037,-2.388694173478357
33.0,138.0,999.98583984375,-0.5828913926338188,0.5938073990934942,4.052989922899,-1.1688756539370102,-0.2098295303423514,0.8584339284158151,1.4535727836044323,-0.6679532069874394,0.3381956726594213,-2.3886431314180783
33.0,138.0,999.9859619140624,-0.5829340146575381,0.5938525178199345,4.052991872911555,-1.1689590966247647,-0.209800880051719,0.8583544757885324,1.4535898718734774,-0.6679353333999174,0.3381308094766178,-2.388717894090456
33.0,138.0,999.9859008789062,-0.5829009768901852,0.5938366788811482,4.053005612862206,-1.16892106610792,-0.2098244006291807,0.8583736346533088,1.4536083650352074,-0.6679367769270845,0.3382089830195154,-2.3886396604982814
33.0,138.0,999.9859008789062,-0.5829073471111679,0.5937984014529061,4.052991962522455,-1.1689036557717678,-0.2098160474653712,0.8584352939993387,1.4536074817743625,-0.6679497845915705,0.3382097907369523,-2.38863167257798
33.0,138.0,999.9857788085938,-0.5829086207338383,0.5938573139969874,4.052965365144713,-1.1689311194849497,-0.2098315684502774,0.8583604374841336,1.453649581462468,-0.6679214822704127,0.3381554608175952,-2.3886450385062163
33.0,138.0,999.9859619140624,-0.582916895922879,0.5938578791161895,4.052986531849168,-1.168951807907474,-0.2098124459154879,0.8583434635280209,1.4536223941405415,-0.6679196426247316,0.3381512954085899,-2.388712397822294
33.0,138.0,999.9859008789062,-0.5829250785319182,0.5938469907339039,4.052998413671414,-1.168927457100752,-0.2098096776065068,0.8583725178184594,1.4535919679698948,-0.6679426123945262,0.3381786376456333,-2.388689785774747
33.0,138.0,999.98583984375,-0.582928396219133,0.5938433686622799,4.052983405206424,-1.168924534609021,-0.2098036824805742,0.858387890702117,1.4536044693723946,-0.6679389362103576,0.3381693700704531,-2.3886822721040075
33.0,138.0,999.9860229492188,-0.5828853721411482,0.5937730651213879,4.052993376563606,-1.1688756366948323,-0.2098229046763027,0.8584699834280052,1.453599140718964,-0.6679646476794723,0.338224671897894,-2.3886254813376464
33.0,138.0,999.9857788085938,-0.5829035457146805,0.5938156722049834,4.052985941817568,-1.1688961754916187,-0.2098238266155698,0.858431053295261,1.4536142992959036,-0.6679452997047051,0.3382139343461841,-2.3886157446213425
33.0,138.0,999.9859008789062,-0.5828705561340355,0.5938053108804002,4.053001678851093,-1.16885037645961,-0.2098542363591509,0.8584384065245736,1.4535962943331784,-0.6679470480306637,0.3382380072746009,-2.3885733972669176
33.0,138.0,999.9859619140624,-0.5828986786466617,0.5938640507613577,4.052989432464997,-1.1688872188249595,-0.2098372808204631,0.8583609575124296,1.45360583469877,-0.6679301871354992,0.3381981934818903,-2.3886452419261586
33.0,138.0,999.98583984375,-0.5829291421917446,0.5938606536654492,4.052975018578708,-1.168933782642644,-0.2098047676634484,0.8583705909923491,1.4535931439188126,-0.6679429807246064,0.338158407445686,-2.3886856739798423
33.0,138.0,999.9857788085938,-0.5828903203243438,0.5938167754399384,4.052992603441458,-1.1688973833205507,-0.209837892050519,0.8584218041201988,1.4536254219219655,-0.6679420085492236,0.3381838795274579,-2.3886287350115847
33.0,138.0,999.9859008789062,-0.5829101131452976,0.5938420786678797,4.053015601118679,-1.1689322604882575,-0.209834062002054,0.8583695468210237,1.4536395361697982,-0.6679314517071564,0.3381967820603861,-2.3886460141189527
33.0,138.0,999.9859619140624,-0.5829511436561106,0.5939050169839932,4.052954578834479,-1.1690076615333234,-0.2097924260413091,0.8582842353139117,1.4536673716561186,-0.6679108012869692,0.3380985376985528,-2.388715400604862
33.0,138.0,999.9859619140624,-0.5829261202270146,0.5938535401423408,4.052947915398361,-1.1690044175444392,-0.2098028422913458,0.858343560470197,1.453666762535642,-0.6679215659277551,0.3380824102070345,-2.388718822607972
33.0,138.0,999.9861450195312,-0.5829188151866962,0.5938415214145447,4.052975830778761,-1.1689062331615347,-0.2098165581136752,0.8584125294859914,1.4536247359629773,-0.6679313074738804,0.3381635240129519,-2.388677317929077
33.0,138.0,999.9859008789062,-0.582913535517374,0.5938510735374702,4.052961460941001,-1.168909349682894,-0.2098103417338821,0.8584029195257923,1.45361032776358,-0.6679449913086781,0.3381833836893477,-2.3886403459378074
33.0,138.0,999.9859619140624,-0.5829067481955699,0.593811159435039,4.052981474075073,-1.168874617951789,-0.2098368547364053,0.8584334071925728,1.4535978726484098,-0.6679440909635845,0.3382103789637201,-2.3886298104611576
33.0,138.0,999.9859619140624,-0.5829107257801809,0.5938378763283936,4.052979968955032,-1.1689052442922483,-0.2098098549944902,0.8583750626079016,1.453573067546455,-0.6679370390336095,0.3381887507766814,-2.388665208476252
33.0,138.0,999.98583984375,-0.5829011296045579,0.5938443582809692,4.052994768530223,-1.168908590425057,-0.2098370664770659,0.8583995472101567,1.453655131006211,-0.6679423277206888,0.3381861583927943,-2.38861068083971
33.0,138.0,999.9859008789062,-0.5828880737994506,0.5937994040574655,4.052988496069776,-1.168844570983214,-0.2098401304738981,0.8584487410680559,1.4535813035420553,-0.6679489525525248,0.3382313278834861,-2.388596887921721
33.0,138.0,999.9857177734376,-0.5829050200115438,0.5938339136599566,4.052984777324118,-1.1688975239137216,-0.209822075151477,0.8584068141363339,1.4536216770694077,-0.6679305336229326,0.338221696381014,-2.3886066806281647
33.0,138.0,999.986083984375,-0.5829237202930937,0.5938723770480117,4.0529964687248885,-1.16898305381052,-0.2098104597514236,0.8583148871939841,1.4536418616832751,-0.6679125662508962,0.3381400165100077,-2.3887435817348104
33.0,138.0,999.9857788085938,-0.5828849982560715,0.593805081002432,4.052985365106688,-1.1688971257438592,-0.2098490918999846,0.8584120706108012,1.453640333370374,-0.6679148430528539,0.3382123296087327,-2.388606066611605
33.0,138.0,999.9859619140624,-0.5828894552385631,0.5938300983626386,4.053014507722054,-1.168895727691068,-0.209838073649883,0.8583872505392005,1.4536021249875706,-0.6679417607808062,0.3382137624801515,-2.388638463998483
33.0,138.0,999.9859008789062,-0.5829105462595265,0.5938689861494701,4.052989372714574,-1.1689386819396177,-0.2098267711578181,0.8583451476877482,1.4536634378804356,-0.6679136411281288,0.3381697407613124,-2.3886455733021594
33.0,138.0,999.9860229492188,-0.5829231819942633,0.5938692465316056,4.0529998197449775,-1.168957006678692,-0.2098123238898939,0.8583581207716602,1.4536596339755894,-0.6679386386377848,0.3381306257294376,-2.388702741662452
33.0,138.0,999.9859008789062,-0.5829169325995558,0.5938491831668804,4.052984828819389,-1.1689291118169676,-0.2098060044571985,0.8583848269381589,1.453622105994505,-0.6679307807510204,0.3381801544358662,-2.3886702271958
33.0,138.0,999.9859008789062,-0.5829174762556164,0.5938391220993191,4.053002766237249,-1.1689107802413703,-0.2098138468386148,0.8584148099457503,1.4536090437417784,-0.6679617775146616,0.3381933532527439,-2.388638543301176
33.0,138.0,999.9860229492188,-0.5829267899878108,0.5938905970160526,4.053006086912651,-1.1689688251887804,-0.2098081201645003,0.8583194994886965,1.45363646711698,-0.6679269779077837,0.3381392334543873,-2.3887304226537163
33.0,138.0,999.9859008789062,-0.5828962060238627,0.5938392016685592,4.052991490793694,-1.1688819287251562,-0.2098443836434569,0.8583939720836664,1.453598862360491,-0.6679365882257677,0.3382065830961238,-2.388622135294876
33.0,139.0,999.9860229492188,-0.5828727114624908,0.593776287609038,4.053015762043216,-1.1688288719472597,-0.2098462152866362,0.8584876307017906,1.4535732126762957,-0.6679638345700409,0.338262073956221,-2.388575384226907
33.0,139.0,999.986083984375,-0.5828842045750795,0.5938021105767106,4.053003646225818,-1.1688413064156573,-0.2098516969309098,0.8584608958444973,1.4535975394800538,-0.6679453339947115,0.3382691492125014,-2.388552248086237
33.0,139.0,999.986083984375,-0.5829296919953277,0.5938461897328464,4.052996357896593,-1.1689774540165927,-0.2098056053815362,0.8583418560780354,1.453634650733779,-0.6679124726658721,0.3381573584131514,-2.3887019808000245
33.0,139.0,999.9857788085938,-0.5828984208589523,0.5937986003129945,4.052981402972224,-1.168900652497022,-0.2098343309825363,0.8584162812994727,1.453615885892586,-0.6679334277976174,0.3382094958062307,-2.3886219448375154
33.0,139.0,999.98583984375,-0.582910954251969,0.5938339672506725,4.052954927972564,-1.1689003861645206,-0.2098197935390739,0.8584149575588684,1.4535965926729126,-0.6679380945333815,0.3381686666429084,-2.3886550118818315
33.0,139.0,999.9859008789062,-0.5828816303502862,0.5938116973421925,4.053007935638656,-1.1688766153544328,-0.2098367282094368,0.8584364764270891,1.453613412696189,-0.6679537918999383,0.3382119505968353,-2.3886320393928533
33.0,139.0,999.9857788085938,-0.582927346827594,0.5938432762643089,4.052969596592842,-1.168917601440254,-0.2098006310455611,0.8583876427334225,1.4535738302664676,-0.6679439196899564,0.3381749906846156,-2.388676505080894
33.0,139.0,999.98583984375,-0.5829151815941742,0.5938496325297384,4.053001176424054,-1.1689423422320795,-0.2098079417448488,0.8583790891046128,1.4536150973218396,-0.6679350125565628,0.3381730206226372,-2.38867875124681
33.0,139.0,999.98583984375,-0.5829066563055294,0.5938345479175631,4.05301804882793,-1.1689251082103658,-0.2098340968406233,0.8583879738689895,1.4536226679694506,-0.6679500326686263,0.3381872146739173,-2.3886366919719286
33.0,139.0,999.98583984375,-0.5829049616210611,0.5938136535646379,4.052972500169728,-1.1689383502603268,-0.2098164069495132,0.8584196101054777,1.4536549580967488,-0.6679320363236911,0.3381710625584855,-2.388640958575228
33.0,139.0,999.98583984375,-0.5829165672380956,0.5938454395422372,4.053018978958514,-1.1689136545331928,-0.2098097807482357,0.8583780089223794,1.4535886974988994,-0.6679454215812326,0.3382160364127573,-2.388654181457563
33.0,139.0,999.9860229492188,-0.5829327296458144,0.5938448188530954,4.0530004371045845,-1.1689653761614591,-0.2098101087643442,0.8583435830523474,1.4536314448782992,-0.6679195736422701,0.3381656158172417,-2.388704198406688
33.0,139.0,999.9857177734376,-0.5829067036392752,0.593834264152127,4.052997973391594,-1.168928975784396,-0.2098192272258252,0.8583866077307176,1.4536140951023828,-0.6679375302320132,0.3381803427315351,-2.388659947737822
33.0,139.0,999.9859619140624,-0.5828818178993256,0.5938104881536255,4.0530111274141145,-1.1688715094594757,-0.2098568345525029,0.858420023476258,1.4536175549731605,-0.6679390988801357,0.3382420103590497,-2.388566920050583
33.0,139.0,999.98583984375,-0.5829116628562394,0.5938371582351678,4.052981521886313,-1.1688917594590151,-0.2098199841313937,0.8584008820727806,1.4536039658751072,-0.667939002335002,0.3382020927163687,-2.3886314614970394
33.0,139.0,999.9857788085938,-0.5829205847908989,0.5938728348068203,4.052970229762721,-1.1689402158130404,-0.20982027944381,0.85835904286089,1.4536633206207874,-0.6679273267832215,0.3381406938979694,-2.388656003991999
33.0,139.0,999.9859619140624,-0.5829059100766028,0.5938706485228815,4.052983326259747,-1.1689229151778937,-0.2098384215365092,0.8583669524788471,1.453689251481559,-0.6679178835201265,0.3381797331926295,-2.388588545334213
33.0,139.0,999.98583984375,-0.5829226179160818,0.5938755458794454,4.053010716255999,-1.1689507254982745,-0.2098153962136297,0.8583332074987737,1.4536388624017968,-0.667932128507057,0.3381681920360782,-2.3886889730247605
33.0,139.0,999.986083984375,-0.5829323510508146,0.5938747093320771,4.052981483696755,-1.1689427664163037,-0.209794873931167,0.858350208046673,1.4535988151335344,-0.6679384145571028,0.3381764474527475,-2.388692831126048
33.0,139.0,999.98583984375,-0.5829265460991087,0.5938801444712469,4.052972438052594,-1.1689530286252507,-0.2098066671567791,0.8583375129014481,1.4536085301753854,-0.6679232345186472,0.3381418943202039,-2.3887050896106943
33.0,139.0,999.9860229492188,-0.5828875792706096,0.5938071309756978,4.053018279476026,-1.1688628154473313,-0.2098480868982504,0.8584392544239634,1.4536004070465651,-0.6679498172302125,0.3382398903301178,-2.388590594893631
33.0,139.0,999.98583984375,-0.5829181281071563,0.5938311795736109,4.052989218927577,-1.1689030154002564,-0.2098120438078545,0.8583964658975844,1.4535643714030029,-0.6679460518443996,0.3382061942311312,-2.3886601055113603
33.0,139.0,999.9856567382812,-0.5829077528349069,0.5938280955625679,4.052976409548277,-1.168916441991477,-0.2098189099916618,0.8584162304121481,1.4536348524051093,-0.6679406446539833,0.3381822597222905,-2.388640008809047
33.0,139.0,999.9857177734376,-0.5829112455955894,0.5938501069338802,4.052975019750365,-1.1689159914535634,-0.2098239183694623,0.8583880097298815,1.4536482120923653,-0.6679293910907198,0.3381857757549342,-2.388616264563269
33.0,139.0,999.98583984375,-0.5829362800682878,0.5938805493098185,4.052953220104833,-1.168964351277939,-0.2098057239760722,0.8583338965769407,1.4536500678280344,-0.6679076394934684,0.3381373167983623,-2.3886703854708995
33.0,139.0,999.9857788085938,-0.5828925931951465,0.5938191514941416,4.052977779864394,-1.168888324785451,-0.2098349820209231,0.8584122690576566,1.453592744218602,-0.6679290579597446,0.3382080946677215,-2.388614967901254
33.0,139.0,999.9859619140624,-0.5829231202474707,0.5938490381662778,4.052989124291361,-1.168912845101136,-0.2098146224921588,0.8583716450957102,1.4535755148410896,-0.6679459050573051,0.3381570551941717,-2.38869984968606
33.0,139.0,999.9857177734376,-0.5828893451419006,0.5938127059229306,4.052994318563396,-1.1689068662511968,-0.209826954378042,0.8584220668981777,1.4536115099132685,-0.6679485093827138,0.3381895020705876,-2.388642317958208
33.0,139.0,999.9857788085938,-0.5828842637828711,0.5938270070346867,4.052991370072293,-1.168900028026222,-0.2098404592778466,0.858404118661678,1.4536396842865449,-0.6679304165151159,0.3382026294148605,-2.3886105315998014
33.0,139.0,999.9857788085938,-0.5828917097762263,0.5938469941735223,4.052978720523898,-1.168872053581063,-0.2098338582169754,0.8584128860366214,1.4536192684921865,-0.6679385863284937,0.3382141294293115,-2.3885949830477826
33.0,139.0,999.9857788085938,-0.5829213162921798,0.593858204762368,4.052997398148932,-1.168956422439441,-0.2098068484078687,0.8583573998185887,1.4536344553556733,-0.6679225319181121,0.3381783292773743,-2.3886702165342646
33.0,139.0,999.9857788085938,-0.58291246092368,0.5938633486619338,4.05298253838424,-1.16891093933782,-0.2098209099584993,0.8583671884891251,1.4536161176184272,-0.6679316708980183,0.3382014533153032,-2.388619254724786
33.0,139.0,999.986083984375,-0.5828836208041182,0.593783772264393,4.05302355537242,-1.1688487914670551,-0.2098382915787624,0.8584589376946763,1.4535573205370138,-0.6679637881902503,0.3382425983905692,-2.3886210672845865
33.0,139.0,999.9856567382812,-0.5829172782055467,0.59385894445521,4.052983816665144,-1.1689453330842414,-0.2098173906019651,0.8583760169262487,1.4536417107515067,-0.667936184342306,0.3381467480024493,-2.388679316289407
33.0,139.0,999.9857788085938,-0.5828839968167641,0.5938244026440493,4.052992185247859,-1.1689050421490803,-0.2098353828303087,0.8584204087678433,1.453642743975366,-0.6679427303648771,0.3382002343434074,-2.388594073965044
33.0,139.0,999.9857788085938,-0.5829004632777552,0.5938476134738799,4.052975548932491,-1.1689419578276563,-0.2098281305859926,0.8583801635945054,1.4536678643866647,-0.667924985312359,0.3381621535715933,-2.388624621794219
33.0,139.0,999.9857788085938,-0.5829044077239285,0.5938380179565028,4.052994020957618,-1.1689172300244142,-0.209838569395055,0.8583878281921651,1.4536425534953086,-0.6679385048582525,0.3381749157702369,-2.388624272994054
33.0,139.0,999.98583984375,-0.5829068481984256,0.59383232199799,4.052997074490333,-1.1689178963456746,-0.2098265471709464,0.8583881615270865,1.4536123432182393,-0.6679332642988625,0.3381743974714721,-2.3886621440756373
33.0,139.0,999.9862060546876,-0.582891022992313,0.5938088364898935,4.053007486693032,-1.1688930906445938,-0.2098470176749263,0.8584068294182128,1.4536093308572529,-0.6679181648384587,0.3382381909071421,-2.3885938593165577
33.0,139.0,999.98583984375,-0.5829088246380119,0.5938485447623485,4.052988775706357,-1.1689122879532117,-0.2098287397532967,0.8583795593217403,1.4536023873931718,-0.6679346637609331,0.3381748331750316,-2.388660226052295
33.0,139.0,999.9859008789062,-0.5829135149979567,0.5938202326970181,4.0529823207926565,-1.1689210542704451,-0.2098181879219129,0.8583990199447342,1.453615743195634,-0.6679245710522332,0.3381984693435864,-2.3886509020033824
33.0,139.0,999.986083984375,-0.5829011205426458,0.5938065293202763,4.052975506390872,-1.1689032940554132,-0.2098334787618476,0.8584224587257463,1.453634635350923,-0.6679202063984988,0.3382377714381963,-2.3885840133142944
33.0,139.0,999.9859619140624,-0.5829035061630341,0.5938399484674184,4.053021691332129,-1.168883773476833,-0.2098241539246874,0.8583974485473895,1.453598718997133,-0.6679534712321358,0.3382400680612871,-2.388621205482964
33.0,139.0,999.9856567382812,-0.5829130721401317,0.5938539825226687,4.05297470416134,-1.1689283776800234,-0.2098167335297676,0.8583821819906143,1.45361954228402,-0.6679344238723974,0.3381525003179506,-2.388657424724941
33.0,139.0,999.9859008789062,-0.5828986680140744,0.5937936469752572,4.052991249890789,-1.1688732140580136,-0.2098200787507496,0.8584472800338814,1.4535696166289602,-0.6679614430662371,0.3382249558657584,-2.388625350390043
33.0,139.0,999.986083984375,-0.5829100439272485,0.5938490948982897,4.053011251791538,-1.1689351766417977,-0.2098206001730203,0.8583683881176096,1.45360194975974,-0.6679285631023486,0.3381785274490596,-2.388678152022367
33.0,139.0,999.9860229492188,-0.5829026484869608,0.5938130406847755,4.052997880170892,-1.1689072944630068,-0.2098285331374576,0.8584157242851962,1.4536035873328093,-0.6679466151903064,0.338226293403685,-2.3886162567746707
33.0,139.0,999.9860229492188,-0.5829047444247184,0.5938181427692193,4.053001716815254,-1.168922805660265,-0.2098260109237424,0.8583940594722517,1.4536149737607786,-0.6679317158020286,0.3382230614912291,-2.3886436258576205
33.0,139.0,999.98583984375,-0.5828981631924073,0.5938280910567206,4.0530088870047685,-1.1689129511868144,-0.2098274696286468,0.8583939783074861,1.453620596156176,-0.66794595869953,0.3381877636359043,-2.388645319539599
33.0,139.0,999.98583984375,-0.582910253813326,0.5938061021324295,4.052983556421323,-1.1689454685981762,-0.2098223336157456,0.8584014995742004,1.453651494902056,-0.6679300385390352,0.3381654518284458,-2.388667263836908
33.0,140.0,999.9859008789062,-0.5828977220490072,0.5938225496836562,4.052977972693565,-1.168882297664374,-0.2098285968274185,0.8584415771360341,1.4536394209214425,-0.6679385489141296,0.3382018697232603,-2.388608818008478
33.0,140.0,999.9857177734376,-0.5829283885848184,0.5938604221286248,4.052957904607302,-1.168950776359987,-0.209804083703947,0.8583601056341141,1.4536261763961438,-0.6679240086224958,0.3381393276716826,-2.3886904920202885
33.0,140.0,999.9859008789062,-0.5828983540679342,0.5938301016116583,4.052988130506849,-1.168928280825063,-0.2098445158705884,0.8584015610577644,1.4536629965794212,-0.6679283858040801,0.3381794231741484,-2.388626655671957
33.0,140.0,999.9856567382812,-0.5829216824933443,0.5938516122762465,4.052965316510313,-1.168951359511068,-0.2098055807935512,0.858387516567868,1.4536524320631203,-0.6679331412623037,0.3381381463697543,-2.388664766401404
33.0,140.0,999.98583984375,-0.5828986198420623,0.5938333142259147,4.05297453757872,-1.168901717095952,-0.2098242110835499,0.8583889848701851,1.4536032574923148,-0.6679305678849765,0.3381877497473571,-2.388641832080535
33.0,140.0,999.9857788085938,-0.5829056602907192,0.5938326496593396,4.0529985136530815,-1.1689170944321754,-0.2098236028963747,0.8584099658158371,1.4536313862391372,-0.6679455179407512,0.3381904335173455,-2.3886389351168607
33.0,140.0,999.9857177734376,-0.5829123926758033,0.5938324401746131,4.052977781755319,-1.1688979237568828,-0.2098203032433874,0.858411107845952,1.4536086243334232,-0.6679365674220348,0.3381945568128861,-2.3886356104576327
33.0,140.0,999.9857788085938,-0.5829174650092437,0.5938317503688442,4.052989550971144,-1.1689146702100133,-0.209810654407228,0.8583998259274663,1.4535983689120098,-0.6679478761719517,0.3381792404718409,-2.388661251416628
33.0,140.0,999.9857177734376,-0.5829022542688991,0.5938443433051841,4.052991782911079,-1.1689270936398262,-0.2098298111020833,0.8584018590640285,1.4536523531526724,-0.6679365589767166,0.3381758440025546,-2.388624598008444
33.0,140.0,999.9859008789062,-0.5828863004161695,0.593838170126654,4.052969006519371,-1.168908683013404,-0.2098399966079425,0.8583831169014982,1.4536493680987297,-0.6679211784769299,0.3381837485217032,-2.388619546692114
33.0,140.0,999.9856567382812,-0.5829072101785897,0.5938551724925905,4.052986276735158,-1.1689188119846143,-0.2098215313816531,0.8583871148970577,1.4536399352289973,-0.6679306583317963,0.3381897447008821,-2.388624051472854
33.0,140.0,999.9856567382812,-0.5829091158158528,0.5938514855257822,4.05295738083016,-1.1689542600387433,-0.2098201489280722,0.8583769511959973,1.4536709436322717,-0.6679142150989588,0.3381306273941185,-2.3886666308692166
33.0,140.0,999.9859008789062,-0.582889546637376,0.59380532315833,4.052981311183142,-1.1688520428591662,-0.2098333893202069,0.8584603823231589,1.4535874943088365,-0.6679627566888771,0.3382235355275309,-2.3885939404467367
33.0,140.0,999.9859008789062,-0.5829003027298718,0.5938035279495182,4.052979256377467,-1.1688787387088535,-0.2098292930684211,0.8584478135117068,1.453576919687868,-0.6679649286775096,0.3381783480243143,-2.388650750557637
33.0,140.0,999.9857788085938,-0.5828951502162063,0.5938148311805067,4.053000671814379,-1.1688859557546194,-0.2098292851164682,0.8584330165999123,1.4536083376070872,-0.6679493929723463,0.3382277843085948,-2.3886014427595432
33.0,140.0,999.9859008789062,-0.5829316232607598,0.5938696741964336,4.053006502277798,-1.1689542065455694,-0.2097955865530947,0.8583519045288934,1.4535940993704477,-0.6679447296280312,0.3381552059687678,-2.3887193196070724
33.0,140.0,999.9857788085938,-0.5829216749561033,0.5938586091966283,4.05298847081519,-1.1689272442487058,-0.2098094873210012,0.858373444024954,1.4536200616843402,-0.6679423179065118,0.3381737307388857,-2.388665913505524
33.0,140.0,999.9857788085938,-0.582898098235777,0.5938341996168344,4.052980443004188,-1.1689326253997852,-0.2098268957633289,0.8583840928015771,1.453639766337405,-0.6679270416191461,0.3381753457688301,-2.388656041263118
33.0,140.0,999.9857177734376,-0.58290686438938,0.5938252518717384,4.052968130520933,-1.1689065368685858,-0.2098188106742107,0.8584214860850086,1.453614421398047,-0.6679453351952844,0.3381804276394105,-2.3886239394598148
33.0,140.0,999.9857788085938,-0.58289545737731,0.5938194485833233,4.052988046865657,-1.168870536165337,-0.2098317498350699,0.8584374917411903,1.4535877779077904,-0.6679557492346051,0.3382210921154751,-2.388610461764387
33.0,140.0,999.9857788085938,-0.5828876629686608,0.5938261811287235,4.053003633389018,-1.1688555917591343,-0.2098373481906978,0.8584350422197815,1.4535978229007087,-0.6679554506657341,0.3382286531727843,-2.3885958562993608
33.0,140.0,999.9859008789062,-0.5829114077017366,0.5938696152467626,4.05295123294534,-1.1689216105562847,-0.2098230594937584,0.8583585354150278,1.453633586216645,-0.6679052587364591,0.3381785747158883,-2.388627400202324
33.0,140.0,999.9857788085938,-0.5829127626896753,0.5938482338856685,4.052989684031655,-1.168960768455107,-0.2098203683787805,0.8583542390789596,1.4536304461526486,-0.6679256171155705,0.3381578079339231,-2.388682946200509
33.0,140.0,999.98583984375,-0.5829034247326117,0.5938409390366264,4.053002100916842,-1.1689039520570326,-0.2098227672214729,0.8583859287334903,1.4535901045962474,-0.6679479805498181,0.3381936281217417,-2.388636859914428
33.0,140.0,999.9857177734376,-0.5828967007212471,0.5938347690505017,4.052971218505753,-1.1689288236390407,-0.2098369250791094,0.8584006514924862,1.4536651301760948,-0.6679340263361615,0.3381535389819436,-2.3886272320341457
33.0,140.0,999.9857788085938,-0.5828759803638883,0.5938175516264286,4.052961579965238,-1.1688716582226526,-0.2098479719133248,0.858444139663793,1.4536476646025074,-0.6679355524137964,0.3382096435824948,-2.3885633448751893
33.0,140.0,999.9857177734376,-0.582908064049624,0.5938469325659446,4.052960655610608,-1.168915047418544,-0.2098173696570837,0.8584078044122361,1.4536203890622943,-0.6679445234423547,0.3381530668182382,-2.388652378031222
33.0,140.0,999.9857177734376,-0.5829224335993821,0.5938518569088291,4.052964976111298,-1.1689632427426373,-0.2097995702142583,0.8583643936287322,1.4536198174192003,-0.667925053168962,0.3381308910898806,-2.388692532535259
33.0,140.0,999.98583984375,-0.5828904536791661,0.5938253481809959,4.053005302585449,-1.1689062307671865,-0.2098300614840385,0.8584070882994386,1.4536262662920274,-0.6679391608002652,0.3382124797290693,-2.3886196025947948
33.0,140.0,999.9856567382812,-0.5829200265491874,0.5938745480681487,4.052982861672177,-1.168933605337836,-0.2098199963669786,0.8583503786343494,1.4536364036364766,-0.6679295516793404,0.3381744072231232,-2.388643119627069
33.0,140.0,999.9857788085938,-0.5829079820663212,0.5938099776370684,4.052980048096144,-1.1689400883916885,-0.2098089725426435,0.8584199595480033,1.4536358920018717,-0.6679368656875875,0.3381624606790883,-2.3886799393550904
33.0,140.0,999.98583984375,-0.5829262392878469,0.5938471367575557,4.052949843271559,-1.1689289418006088,-0.209808726004514,0.8583769451051628,1.4536014616571613,-0.6679213300536855,0.3381643339188382,-2.3886613209605927
33.0,140.0,999.9857788085938,-0.58290519259491,0.5938475893181252,4.052979819013956,-1.168932030362714,-0.2098299308252382,0.8583853530563887,1.4536713425558956,-0.6679313522331807,0.3381591604563629,-2.3886305298823176
33.0,140.0,999.98583984375,-0.5828892422510288,0.5938133078188601,4.052997483065761,-1.1689099605849602,-0.2098396273755867,0.8584236538085186,1.4536376422980632,-0.6679371880342728,0.3382044708985443,-2.3886095506706138
33.0,140.0,999.9857788085938,-0.5828889604484209,0.5938252066781651,4.052980529955779,-1.1688925001149864,-0.2098385602774604,0.8584168937039198,1.4536198943130394,-0.6679288171692068,0.3382017042277851,-2.388628979836451
33.0,140.0,999.9857177734376,-0.5828925861017851,0.5938316342642844,4.052974959208264,-1.1689071731962253,-0.2098444096092517,0.858403922294567,1.4536571340933602,-0.6679247109543542,0.3381946576686481,-2.3885928326563577
33.0,140.0,999.9859008789062,-0.5828897152573269,0.5938293023892083,4.052993731234759,-1.168914946420332,-0.2098317525655506,0.8584127175943381,1.453657981388039,-0.6679447202467301,0.3381595105391985,-2.3886260177450347
33.0,140.0,999.9857788085938,-0.5829115103249407,0.5938476511717914,4.0529814908273405,-1.1689478280809196,-0.2098168244062135,0.8583619174446264,1.453641538426007,-0.6679147523039877,0.3381691690455781,-2.388678488549326
33.0,140.0,999.9856567382812,-0.582913024077163,0.5938430238624637,4.052969538083257,-1.1689524207701965,-0.2098095130680892,0.8583896381736764,1.453655610960948,-0.6679219866424244,0.3381440572777947,-2.388668563436425
33.0,140.0,999.9857177734376,-0.5828926666356784,0.5938098766992406,4.052992425305229,-1.168889940213167,-0.2098316674481255,0.8584336322242239,1.453619496198141,-0.6679507535760054,0.3382121927892392,-2.388599172593844
33.0,140.0,999.9857177734376,-0.5829168472045243,0.5938508873268429,4.052992891170939,-1.168945174415836,-0.2098154619872936,0.8583699578527684,1.4536418698046187,-0.6679363686853463,0.338172028522119,-2.3886738404964025
33.0,140.0,999.9856567382812,-0.5829077375694549,0.5938529234069536,4.052969951383487,-1.1689074585883883,-0.2098256045854345,0.858392707998366,1.4536211543896886,-0.6679401844520783,0.3381757221364543,-2.388628705228962
33.0,140.0,999.9859619140624,-0.5829170470142451,0.593853698931003,4.053001148787283,-1.1689386352162936,-0.2098130975185972,0.8583691846771462,1.4536470225280809,-0.6679277240778045,0.3381870737792782,-2.388655087205725
33.0,140.0,999.9857788085938,-0.5829000017185928,0.593851019041618,4.052970712035215,-1.1688996151407969,-0.209830520529449,0.8583936469318951,1.4536276031789184,-0.6679314221860153,0.3382011640980407,-2.388614864482101
33.0,140.0,999.98583984375,-0.5828779046367423,0.5938110766699678,4.052971516864991,-1.1688417400738669,-0.2098421119566058,0.8584770839365934,1.4536167168461986,-0.6679554950975337,0.338215502217178,-2.388558777241405
33.0,140.0,999.9857177734376,-0.5829093646993613,0.5938492187970343,4.052987459867023,-1.1689212273629837,-0.2098200107613284,0.8583750175313023,1.453610375799422,-0.6679312470637742,0.3381763169017233,-2.3886613555055702
33.0,140.0,999.9859008789062,-0.5828873923803766,0.5938409276231749,4.052988648672091,-1.1688915518395642,-0.2098366167479328,0.8584126684410176,1.4536485306203435,-0.6679229293855906,0.3382269149002015,-2.388587082554354
33.0,140.0,999.9857788085938,-0.5829135699056138,0.5938484712772834,4.052993641170367,-1.1689196425894504,-0.209823710582472,0.8583688711292332,1.4536170789328606,-0.6679334490232876,0.3381752437703413,-2.388666770285837
33.0,140.0,999.98583984375,-0.5829037091181686,0.5938471166953931,4.052960321304525,-1.1689020004387367,-0.2098275121009587,0.8583911812210454,1.4536196503875782,-0.6679168204013957,0.3381962402169103,-2.3886152644214027
33.0,140.0,999.9857177734376,-0.5828900312205407,0.5938227387128077,4.052991068391199,-1.168892472265508,-0.2098386377285805,0.858414658673512,1.4536199954249422,-0.6679422205613408,0.3381928642031653,-2.388612411863478
33.0,141.0,999.98583984375,-0.5829218692191169,0.5938374622011278,4.053000218826467,-1.1689526025982055,-0.2098090599421702,0.8583660981139616,1.4536195286106848,-0.6679263346921234,0.3381646485372878,-2.38869826183878
33.0,141.0,999.9857177734376,-0.582932544872282,0.593855721877369,4.052958634760611,-1.1689564495601603,-0.209796107163271,0.8583755843114815,1.4536238301220203,-0.6679330463312256,0.3381207540871287,-2.3887104185996417
33.0,141.0,999.9860229492188,-0.5829129528904318,0.593863808133678,4.0529681304875,-1.168888599019989,-0.2098106932332273,0.8583927393858488,1.453587986100696,-0.6679424737159545,0.3381925163852965,-2.3886198563424315
33.0,141.0,999.9859619140624,-0.5829369056868163,0.5938982643871382,4.052965905056592,-1.1689752648961875,-0.2098054194924721,0.858325344415352,1.4536651642186325,-0.6679062056637779,0.3381553170779208,-2.3886719140061734
33.0,141.0,999.9857788085938,-0.5829177214750016,0.5938329805421825,4.05298221946612,-1.168938088348002,-0.2098077703030814,0.8583834119393918,1.4536092607988549,-0.6679376176216714,0.3381591806366497,-2.38868794784172
33.0,141.0,999.9857788085938,-0.5829025827955014,0.5938451741679662,4.052966543170147,-1.1689251143369157,-0.2098351660122848,0.8583900803354982,1.4536624166910244,-0.6679209623070221,0.3381622752008866,-2.388613039593617
33.0,141.0,999.9859008789062,-0.5828998727714394,0.5938460407475432,4.052974310749356,-1.1688990081390709,-0.2098223849877687,0.8583978869670723,1.453632150869706,-0.6679393484632987,0.3382003319835256,-2.388591184572753
33.0,141.0,999.9856567382812,-0.582912632686531,0.5938465922661509,4.052975097068535,-1.1689537263255527,-0.2098156731144689,0.8583748021865691,1.4536444005319993,-0.6679320480593507,0.3381560907943655,-2.3886472810163246
33.0,141.0,999.9857177734376,-0.5829213244359535,0.5938577400123197,4.052962022005783,-1.1689533043948297,-0.209815235146614,0.8583663627261835,1.453647067468844,-0.6679286657838022,0.3381152959561717,-2.388690492483438
33.0,141.0,999.9859619140624,-0.5829153103110327,0.5938597322124304,4.052979649889341,-1.1689307223023402,-0.2098111890916785,0.8583641139525504,1.4536286944987786,-0.6679317775233393,0.3381792825293841,-2.388664868169808
33.0,141.0,999.9857788085938,-0.582903921673644,0.5938193186035328,4.052997492243364,-1.1689284392673067,-0.2098199464117902,0.8584080587773943,1.4536314056701647,-0.6679434996991231,0.3381754156968153,-2.3886649418439347
33.0,141.0,999.9856567382812,-0.5829099675497584,0.5938478415952062,4.052979613734587,-1.1689347368345215,-0.2098180259911073,0.8583925987488508,1.4536578046159834,-0.6679321315948448,0.3381668372672202,-2.3886364176476294
33.0,141.0,999.9857788085938,-0.5828901443478678,0.5938171854421945,4.052980984969047,-1.1688798467112314,-0.209848258525608,0.8584258007937349,1.4536266063420822,-0.6679318971683426,0.3382144949301668,-2.3885838293974886
33.0,141.0,999.9857177734376,-0.582923239150511,0.5938542876426638,4.052990254698603,-1.168965707352971,-0.2098149698240963,0.858355623339663,1.4536534242815975,-0.667924648041077,0.338150163476393,-2.388669811965864
33.0,141.0,999.9859008789062,-0.582913594971572,0.5938410358090405,4.053013347211472,-1.1689641144608265,-0.2098150103963263,0.8583622995239581,1.453637192461512,-0.6679337745803107,0.3381448660237538,-2.3887100502971776
33.0,141.0,999.9859619140624,-0.5828876798508391,0.5938349726528216,4.053010677178463,-1.168886876661026,-0.2098518771629915,0.8584124819340735,1.453658824967862,-0.6679330529506586,0.338238608701209,-2.388557569218801
33.0,141.0,999.9857177734376,-0.5829122488813612,0.5938449517770374,4.0529898198652905,-1.1689546964644697,-0.2098193609790541,0.8583793103498358,1.4536517281604588,-0.6679338971720288,0.3381529875393907,-2.388673576573406
33.0,141.0,999.9856567382812,-0.5828908779470954,0.5938334893767916,4.052986725293126,-1.1688866292932514,-0.2098353129738415,0.8584233690767986,1.4536235827409758,-0.6679471497983327,0.3382104894931261,-2.388607900735832
33.0,141.0,999.9859008789062,-0.5828882229009062,0.5938135043204573,4.052974041707502,-1.1688689610849123,-0.2098283379869379,0.8584551882268343,1.453612189424324,-0.6679473965569214,0.3382093772840209,-2.38859219850542
33.0,141.0,999.9857788085938,-0.5829180209187017,0.5938596971896484,4.052982310820672,-1.1689207883421506,-0.2098121951056892,0.8583884155461252,1.453631263952305,-0.6679290878424524,0.3381750499876279,-2.388649384965007
33.0,141.0,999.98583984375,-0.5828980396225409,0.5938133780404309,4.0529667124214,-1.1689176416284082,-0.2098245583414835,0.8584321441265939,1.4536481928890774,-0.6679381470558159,0.3381610151131484,-2.388621757712854
33.0,141.0,999.98583984375,-0.5828968832698873,0.5938285230991696,4.0529826242337705,-1.1688986162128008,-0.2098302806719232,0.8584024349539989,1.453609423185933,-0.6679331881575985,0.3382011854822107,-2.3886348359353926
33.0,141.0,999.985595703125,-0.5829080655678078,0.5938326308714013,4.052964437821181,-1.1689061576000603,-0.2098244317822031,0.858408213452508,1.4536255953865709,-0.6679336030149079,0.3381673243301319,-2.3886363337913035
33.0,141.0,999.9859008789062,-0.58293527302183,0.5938930136140472,4.052965838574259,-1.168991429127218,-0.2098036788450459,0.8583262173851312,1.4536660131585697,-0.6679234609494884,0.3380970373221501,-2.3887309334288425
33.0,141.0,999.9857177734376,-0.5829111634272639,0.5938493725457397,4.052982707828502,-1.168917899982553,-0.20982406192363,0.8583740753192961,1.4536111886723546,-0.6679400782190701,0.338172973430245,-2.388647175429223
33.0,141.0,999.9857177734376,-0.5829070415691229,0.5938410207572309,4.052963863742956,-1.1689163195846586,-0.2098235443177865,0.8584035903510445,1.453635123869697,-0.6679252901585828,0.3381811833653882,-2.388620724947696
33.0,141.0,999.9859619140624,-0.5829283383934252,0.5938612463528266,4.052997406356852,-1.1689777495203968,-0.2097957955092031,0.8583645916044125,1.4536643530892626,-0.667930160174901,0.3381539769273809,-2.388680048951344
33.0,141.0,999.9857788085938,-0.5828972283250975,0.5938317000091962,4.052980209276575,-1.1688781860885251,-0.2098286066893351,0.8584182573235726,1.4535885840692444,-0.6679413718669274,0.338202830084894,-2.388624567502246
33.0,141.0,999.98583984375,-0.5829340501918683,0.5938818922306224,4.052969947014853,-1.1689504190289974,-0.2098055971024317,0.8583477965758437,1.4536344637420289,-0.6679226793842501,0.3381390625491276,-2.388695219973073
33.0,141.0,999.9857788085938,-0.5829130982960447,0.5938424072313984,4.0529676754132,-1.1688992104909968,-0.2098166874213971,0.8584105983702361,1.453600658170604,-0.6679474153320717,0.3381725253812959,-2.3886483985237112
33.0,141.0,999.9857788085938,-0.5829027678204497,0.593843171546462,4.052966753114056,-1.1689445919191923,-0.2098293454539703,0.8583804603406966,1.4536771856091448,-0.6679235461999964,0.3381630576514762,-2.3886281738379327
33.0,141.0,999.9857788085938,-0.5828981954662673,0.5938591057500444,4.052970525092302,-1.1689336586204884,-0.2098211091387982,0.858384043208579,1.4536569468547371,-0.6679344223332953,0.3381643613251039,-2.388622661944803
33.0,141.0,999.9859008789062,-0.5829199278346255,0.5938363328881957,4.052988746137201,-1.1689088533884415,-0.2098131002761896,0.8584065493191826,1.4536129573150145,-0.6679395463780233,0.3381866211889006,-2.38866965576656
33.0,141.0,999.9857788085938,-0.5829235805888535,0.5938475878609282,4.052972530401606,-1.1689634287367618,-0.2098035865187855,0.8583840520928154,1.453637461353661,-0.6679368081816959,0.3381369818415782,-2.388686422828469
33.0,141.0,999.98583984375,-0.5829278937151869,0.5938846319775966,4.052983757456431,-1.1689338003152656,-0.2098089451567943,0.8583437046023707,1.453622016052759,-0.6679255496285021,0.3381580470205776,-2.3886717518582463
33.0,141.0,999.9857788085938,-0.5828907794207385,0.5938238630523447,4.052983716236263,-1.1689241224040043,-0.2098321229824202,0.8584176144644848,1.4536627358631238,-0.6679385466192347,0.338180550033643,-2.3886207000386657
33.0,141.0,999.9857177734376,-0.5829052858916919,0.5938602408913374,4.052972080863894,-1.168923800624753,-0.2098296848845411,0.8583754716802874,1.4536569254403364,-0.6679207520638712,0.3381648485628439,-2.388626472874989
33.0,141.0,999.98583984375,-0.5829152617306139,0.5938193774744303,4.0529713448675295,-1.1689629259930383,-0.2098004596062512,0.8584082014749743,1.4536403292182474,-0.6679413396252531,0.3381417248691267,-2.3886884799246424
33.0,141.0,999.9859619140624,-0.5828967073981879,0.5938642447288087,4.052985561253031,-1.1689004530465734,-0.2098273143222853,0.8584034190206111,1.453644329991267,-0.6679357431897408,0.3381929181572403,-2.38859799510942
33.0,141.0,999.9857788085938,-0.5828993428056135,0.593827602175562,4.052971512752899,-1.1689023554791182,-0.2098308915818725,0.858421834977749,1.453635291584351,-0.6679282927463639,0.3381931516660321,-2.388629145309088
33.0,141.0,999.98583984375,-0.5828916479774842,0.5938423422327075,4.052994690265916,-1.1688903230865837,-0.2098356460560797,0.8584102783328191,1.4536301315903586,-0.6679431069874635,0.3382036903349972,-2.3886249894842013
33.0,141.0,999.9857788085938,-0.5829031701081933,0.5938164261920935,4.052977520045818,-1.1689019361270565,-0.209826521707706,0.8584167186842526,1.4536126774880307,-0.6679304675808444,0.3382072300842695,-2.38861706813313
33.0,141.0,999.9857788085938,-0.5829193082534658,0.5938664607399797,4.05296618063389,-1.168938435856965,-0.2098093486375232,0.8583758769420307,1.4536392502346898,-0.667934700326577,0.3381441448792435,-2.388672906304249
33.0,141.0,999.98583984375,-0.5829176087737453,0.5938562422743026,4.052982372786083,-1.1689722482247389,-0.2098118034006733,0.8583604120862454,1.453637486861603,-0.6679303179322424,0.3381261099538282,-2.3886893372508675
33.0,141.0,999.9857788085938,-0.5829155599701314,0.5938698525041985,4.052962310197119,-1.1689460911154024,-0.2098222879333313,0.8583473887988182,1.4536357519523282,-0.6679221042832282,0.3381423331103601,-2.3886453464617223
33.0,141.0,999.98583984375,-0.5829292244713304,0.5938432516889858,4.052956630836238,-1.1689309439242956,-0.2098039131150351,0.8583860828182468,1.4536093654613609,-0.6679452202485523,0.3381332248014201,-2.3886808901714582
33.0,141.0,999.9859619140624,-0.5829013194638151,0.5938613240995574,4.052983075514769,-1.1688947055117178,-0.2098247733094158,0.8584107864647104,1.453643377297028,-0.6679529811364358,0.3381863234466689,-2.3886091379791314
33.0,141.0,999.9857177734376,-0.5828920788112537,0.5938262359678292,4.052979152010641,-1.1688926530524375,-0.2098390849258455,0.858428350045938,1.4536433129193238,-0.66794057720245,0.3381918457075983,-2.388602024101356
33.0,141.0,999.9859008789062,-0.5829056583318568,0.5938551521799251,4.052978538426032,-1.1689131232573096,-0.2098404806842113,0.8583813780503373,1.4536572324098262,-0.6679378365907986,0.3381785912043487,-2.3885929204858787
33.0,141.0,999.9857177734376,-0.5828920359369576,0.5938527496940065,4.052977436146591,-1.168895934956358,-0.2098442839486054,0.8583963189892616,1.453646362104796,-0.6679296820017182,0.3382020991786909,-2.3886000841040507
33.0,142.0,999.9856567382812,-0.5829062405013383,0.5938541982782821,4.05297811664872,-1.1689351720303822,-0.2098291580281355,0.8583737079174458,1.4536491123284645,-0.6679298144069605,0.338167495128471,-2.3886398225963346
33.0,142.0,999.9857788085938,-0.5829049061554166,0.593833346634824,4.052986252457412,-1.1689201461558008,-0.2098217276365632,0.8584145592636707,1.4536503635746234,-0.667937724735765,0.3381820513337699,-2.3886150584636905
33.0,142.0,999.9859619140624,-0.5828797068025144,0.5938180887899858,4.052987156722734,-1.1688535462409226,-0.2098517906356303,0.8584505982313226,1.4536193712431524,-0.6679502163588316,0.338251637036441,-2.388548941900286
33.0,142.0,999.9856567382812,-0.5829003721721531,0.5938433909084502,4.052969147668881,-1.168924547321188,-0.2098308549332808,0.858389003937643,1.4536504741033518,-0.6679197602661215,0.3381694017892869,-2.388621750078317
33.0,142.0,999.9857788085938,-0.5829228971658234,0.5938404398648842,4.052961449629214,-1.1689335732712087,-0.2098135110803749,0.8583962955692179,1.4536232368497082,-0.6679426080312272,0.3381317497611391,-2.38868563061076
33.0,142.0,999.9857788085938,-0.5829052826654815,0.59384121137996,4.052995135017429,-1.1689265970586544,-0.2098242179709561,0.8583799707443074,1.453622983343558,-0.6679354185132933,0.3381733587642337,-2.388655939401618
33.0,142.0,999.9856567382812,-0.5828874305663252,0.5938165519951264,4.052985308732342,-1.1688874935587696,-0.2098343880624735,0.8584325607869356,1.453625484526273,-0.667951519527163,0.3382060798754036,-2.388599963398621
33.0,142.0,999.985595703125,-0.5828989422344923,0.5938326092854576,4.05296243973152,-1.1689148096212336,-0.2098252398970288,0.8584122821351672,1.4536394388336404,-0.6679305253960903,0.3381713930644388,-2.388635898970688
33.0,142.0,999.9859008789062,-0.5828987211865524,0.5938208319959681,4.052946870416097,-1.1688865400583817,-0.2098376931105878,0.8584290865677158,1.4536413079562038,-0.6679361012716578,0.3381827338534275,-2.3885780406550703
33.0,142.0,999.9857788085938,-0.582900520333502,0.59383162306196,4.052988409395173,-1.1689385460721868,-0.2098203609824898,0.8583998696379389,1.4536478904414816,-0.6679314921118422,0.338171671349353,-2.38863908765771
33.0,142.0,999.9857177734376,-0.5829084477083377,0.5938394378199163,4.0529796698299005,-1.168910462002406,-0.2098239917287658,0.8584085441580083,1.453640044858413,-0.6679385814878112,0.3381763317031367,-2.388633877117792
33.0,142.0,999.9857177734376,-0.5829157054419207,0.593854023576931,4.052996854035527,-1.168927881763333,-0.2098185874186766,0.8583692212869698,1.4536140271598097,-0.6679357863428317,0.3381809456837832,-2.388661178454329
33.0,142.0,999.9857177734376,-0.5828984818373177,0.593832756526905,4.052982357488325,-1.1689254678870844,-0.209829892922551,0.8584048737593228,1.4536566955964592,-0.6679371677038395,0.3381519006190867,-2.388648882795388
33.0,142.0,999.985595703125,-0.5829062249109764,0.5938359226319845,4.052983857639145,-1.16892790987594,-0.2098229490345566,0.8583977729565886,1.4536412463970594,-0.6679411480238739,0.3381713266183972,-2.3886472985504685
33.0,142.0,999.98583984375,-0.5829109453225021,0.5938564165667373,4.052961700182266,-1.168955682967007,-0.2098178442488958,0.8583722146392816,1.4536634381179443,-0.6679158491524078,0.3381233087565132,-2.388685557268975
33.0,142.0,999.98583984375,-0.582897284281926,0.5938202490081048,4.05296394563192,-1.1688865034977811,-0.2098256454186362,0.8584408395514167,1.453639102836643,-0.6679389691003488,0.3382030701663545,-2.38859090299014
33.0,142.0,999.9856567382812,-0.582913419191982,0.5938467451194365,4.052966246244285,-1.168965499561466,-0.2098156243703037,0.8583684227098605,1.4536521425014026,-0.6679239304216642,0.3381272403687783,-2.388668888465157
33.0,142.0,999.985595703125,-0.5829243105462254,0.5938611598173891,4.052962883199671,-1.168958517957145,-0.2098063139462098,0.8583631417728741,1.4536363076250662,-0.6679263722392879,0.3381275923966171,-2.388695181190175
33.0,142.0,999.9857177734376,-0.5828995758061053,0.5938525144350599,4.05296214582023,-1.1689071109227456,-0.2098335680435417,0.858387978765256,1.4536342525312431,-0.6679213852344148,0.3381845446606792,-2.3886076782183903
33.0,142.0,999.98583984375,-0.5829128118743583,0.5938373932652832,4.052988737321646,-1.1689417060172818,-0.2098337452057288,0.858378711161528,1.453661932018994,-0.6679300664737129,0.3381778852572514,-2.3886217642054786
33.0,142.0,999.9857788085938,-0.5829095893211322,0.5938503279946685,4.0529875702803935,-1.1689353122300417,-0.2098164315352546,0.8583884353127571,1.453635101226375,-0.6679437062514921,0.3381702675873574,-2.388650436367868
33.0,142.0,999.98583984375,-0.58290241649261,0.5938474186136133,4.053010080640551,-1.168913668768484,-0.2098303351664219,0.8583871343241203,1.4536389793752678,-0.6679441391130094,0.3381889977240817,-2.388639970998072
33.0,142.0,999.9857788085938,-0.5828787933614334,0.5938316016806997,4.052968480761454,-1.168887248224185,-0.2098471966755228,0.8584155970873226,1.453641753630076,-0.6679228082904203,0.3382076339869035,-2.3885892495646948
33.0,142.0,999.9857177734376,-0.5829008531426636,0.5938231493608921,4.052975743235933,-1.1689032200586924,-0.2098267442486934,0.8584233607255962,1.453625739367011,-0.6679331710645311,0.3381944447806138,-2.388634162207316
33.0,142.0,999.9856567382812,-0.5829018142059441,0.5938338381482673,4.05296984462017,-1.1689122615169243,-0.2098308510318922,0.8584101614494326,1.4536341794125205,-0.6679410925287748,0.3381743100260905,-2.388626771265621
33.0,142.0,999.9856567382812,-0.5829159583965291,0.5938581077223892,4.052976113011779,-1.1689452301317471,-0.2098162901423412,0.8583745770330395,1.453645745055832,-0.6679283230245581,0.3381425627603684,-2.3886788029896766
33.0,142.0,999.9857788085938,-0.5828964539395338,0.5938204386374952,4.052973059284863,-1.168882442729287,-0.2098285961436676,0.858439677478005,1.4536001962884617,-0.667945062563386,0.3381968796600754,-2.388621035042577
33.0,142.0,999.9857788085938,-0.5828923172665954,0.5938102764458382,4.0529797673280825,-1.1688944283000784,-0.2098378305673973,0.8584414307905996,1.4536485618855206,-0.6679480360924428,0.3381899886490789,-2.388606549855066
33.0,142.0,999.9859008789062,-0.5829042469914514,0.5938449888890807,4.052982601272699,-1.1689292486471574,-0.2098241141267385,0.858413884285218,1.453663931028193,-0.6679438873528296,0.3381711685596098,-2.388618488893732
33.0,142.0,999.9856567382812,-0.582909538471327,0.5938444922505228,4.052978460452604,-1.1689284428778173,-0.2098203025417593,0.8583907819373291,1.4536312131735007,-0.6679397742676692,0.3381497124863024,-2.388671146025793
33.0,142.0,999.9857177734376,-0.5829248722620095,0.5938686115437122,4.052980998416981,-1.1689454401412682,-0.2098120589903072,0.8583618586976982,1.4536346822755668,-0.6679274738503187,0.3381535195947203,-2.388666122692718
33.0,142.0,999.9856567382812,-0.5828963831070002,0.5938383419164275,4.0529735573404295,-1.1689035853300034,-0.2098281901577001,0.8584138200308313,1.4536355021616556,-0.6679373783586255,0.3381773489832955,-2.388626624071359
33.0,142.0,999.985595703125,-0.5829094664142342,0.5938280486546663,4.05297023916339,-1.1689088454071053,-0.2098187468972643,0.8584218039667268,1.4536266217903275,-0.6679479662109884,0.3381654462594117,-2.388639467323188
33.0,142.0,999.9857177734376,-0.5829028589912326,0.5938242640175524,4.052977589443902,-1.1689266070226307,-0.2098228779816766,0.858407394454809,1.4536371130159207,-0.667929663765368,0.338170670869518,-2.388627621614811
33.0,142.0,999.9857788085938,-0.5828970468260337,0.5938564157587152,4.052973837661138,-1.1688909461758228,-0.2098327199645329,0.8583943169017267,1.4536157660054077,-0.6679402977091735,0.3381939534018405,-2.388598648781117
33.0,142.0,999.9857788085938,-0.5829206013519919,0.5938616728798483,4.052970477844527,-1.1689103096665097,-0.2098174385615205,0.8583831229167185,1.4536243962360622,-0.6679326514173418,0.3381668188744537,-2.388642485213141
33.0,142.0,999.985595703125,-0.5829016749186522,0.5938289330840121,4.052961340644853,-1.168904304211546,-0.209830562146406,0.8584152900357633,1.453642161921139,-0.6679301800607664,0.338174515919035,-2.38861382457767
33.0,142.0,999.9857788085938,-0.5829098886220327,0.5938601767089384,4.052956747694886,-1.1689400539780332,-0.2098239405296285,0.8583830462161899,1.4536661761809828,-0.6679221075549009,0.3381473375611001,-2.3886431031135618
33.0,142.0,999.9856567382812,-0.5828936391497521,0.5938301991614159,4.052980560721354,-1.1689052689029018,-0.209829813851762,0.8584136482488063,1.4536337312804264,-0.6679341075529788,0.3381851080356313,-2.388626782980673
33.0,142.0,999.9857788085938,-0.5829025000892996,0.5938283864232394,4.052983970697964,-1.168889379555912,-0.2098223954991587,0.8584234241188247,1.4536177112232265,-0.6679409475249551,0.338206156554337,-2.388611102789685
33.0,142.0,999.985595703125,-0.5829171301382079,0.5938490804725784,4.052972598501203,-1.168923305586584,-0.209818367939393,0.8583849838728463,1.4536201943013003,-0.6679308498322243,0.3381761329041328,-2.3886427730057185
33.0,142.0,999.98583984375,-0.582931830265637,0.5938830623818712,4.052979373694596,-1.168929276145506,-0.2098102645227539,0.8583583565583108,1.453630625891778,-0.6679369813774798,0.338171444584483,-2.3886476118052604
33.0,142.0,999.9857177734376,-0.582902525423207,0.593835343967478,4.05296969263307,-1.1689020039940423,-0.2098206251896126,0.858420501160496,1.453634224838547,-0.6679531613757765,0.3381769195362789,-2.388620426723558
33.0,142.0,999.9857177734376,-0.58290904223065,0.5938204632201938,4.052973679932887,-1.1688912886634508,-0.2098213793560459,0.8584262081501501,1.4535976408952047,-0.6679539562652357,0.3381841546948747,-2.388631096759756
33.0,142.0,999.9857788085938,-0.5828933518103305,0.5938191324386564,4.052991800552526,-1.168913195893512,-0.2098365536283255,0.8584235611636863,1.4536421994792903,-0.6679395992115094,0.3381888506123083,-2.3886220110827203
33.0,142.0,999.9857177734376,-0.5828999694371166,0.593824461038901,4.052972540623687,-1.1689065233847185,-0.209830519252085,0.8584188726197457,1.4536368990386102,-0.667947915671733,0.3381755768370116,-2.3886229383330786
33.0,142.0,999.9856567382812,-0.5828983803600671,0.5938442207474548,4.052987888560617,-1.1689350088235484,-0.2098313803249585,0.8583759312349981,1.4536590378922396,-0.6679231225469513,0.3381783100030375,-2.3886333181267183
33.0,142.0,999.9857788085938,-0.5828864150755289,0.5938115975912872,4.05298598438306,-1.168894884462076,-0.2098390290367593,0.8584414041339938,1.4536432033957762,-0.6679549741345552,0.3381911871449219,-2.3886088441035813
33.0,142.0,999.9857177734376,-0.5829003815695941,0.5938367404732636,4.052963540595902,-1.1689007609147777,-0.2098325997670045,0.8584120230258989,1.4536245795027414,-0.6679405567709109,0.3381711285987956,-2.388622642296622
33.0,142.0,999.985595703125,-0.5829081434261321,0.5938469478036321,4.052980034704191,-1.1689135710008496,-0.2098214279506507,0.8583942393444417,1.453623600900963,-0.6679367877777747,0.3381901487330072,-2.3886317909859267
33.0,143.0,999.9856567382812,-0.5829069285031032,0.5938427329734086,4.052987012737484,-1.168920874195205,-0.2098328218381002,0.8583866526158666,1.4536333650224318,-0.6679379528883693,0.3381717686253243,-2.388643935198842
33.0,143.0,999.9856567382812,-0.5829093978427657,0.5938383856511305,4.05295298160982,-1.168922260968993,-0.209818541351618,0.8584019358711279,1.4536280846174865,-0.6679318575995783,0.3381623215247202,-2.388645360825641
33.0,143.0,999.985595703125,-0.5829164801301321,0.5938584569978032,4.052963046541567,-1.1689417554242687,-0.2098185814075748,0.8583706567219709,1.453645008728368,-0.6679184817570576,0.3381543664998601,-2.3886542918941664
33.0,143.0,999.9856567382812,-0.5829227957039844,0.5938490611824658,4.0529557142953365,-1.1689608288657825,-0.2098045276152369,0.858366934911782,1.453639446099987,-0.6679210267254039,0.3381328990466787,-2.388683544019934
33.0,143.0,999.9857788085938,-0.5829004921276635,0.5938404558478796,4.05297939492592,-1.1688813003901073,-0.2098340544261221,0.858414744288317,1.4536152139281864,-0.667953644458076,0.3381879536447032,-2.3886133036085506
33.0,143.0,999.9856567382812,-0.5829068436541487,0.5938311255362514,4.052974280207556,-1.1689168140552524,-0.2098231387014602,0.8584091304688855,1.4536332172628097,-0.6679486141802098,0.3381656179925132,-2.388638477275753
33.0,143.0,999.9856567382812,-0.5829237445421604,0.5938549538307463,4.052972345544321,-1.1689569932866477,-0.2098070266704308,0.8583721295117073,1.453644503010688,-0.6679394881122098,0.3381366033877295,-2.388673092186904
33.0,143.0,999.985595703125,-0.582911367335198,0.5938479999461759,4.052978654816791,-1.1689438093674092,-0.209814085358361,0.8583862899863783,1.4536412630469109,-0.6679336241695975,0.3381549454509036,-2.3886596143745824
33.0,143.0,999.9857177734376,-0.5829050544241561,0.5938402121152624,4.052963898437167,-1.1689126500869969,-0.2098207791877309,0.8584098298641258,1.4536348882434709,-0.6679292943418922,0.3381679571968394,-2.388640800172057
33.0,143.0,999.985595703125,-0.5828964674190846,0.5938148794088054,4.052982998082428,-1.1689036545727545,-0.2098264041195303,0.8584265095576686,1.4536274648050205,-0.6679468413552874,0.3381853494057498,-2.3886270171453394
33.0,143.0,999.9856567382812,-0.5829028150280449,0.5938459428090432,4.052979139302762,-1.1689051647927418,-0.2098314488523192,0.8583939278555173,1.453629604797576,-0.6679303867990596,0.3381817732265091,-2.3886336739816305
33.0,143.0,999.9855346679688,-0.5829069674055036,0.5938335804387549,4.052973599537509,-1.1689317095762992,-0.2098205848755743,0.8584027569063535,1.453650536197534,-0.6679309936325719,0.3381653202966737,-2.3886419732516013
33.0,143.0,999.9856567382812,-0.5829025504457181,0.5938356439692534,4.052974948809393,-1.1689258346845175,-0.2098189409713953,0.8584098330986523,1.45363813832292,-0.6679450371092548,0.3381631803340674,-2.388641300181217
33.0,143.0,999.985595703125,-0.5829089227086985,0.5938473681240435,4.0529546072689175,-1.1689328919895563,-0.2098181623444164,0.8583861786414513,1.4536429661867087,-0.6679265635844196,0.3381482546912124,-2.388652617234544
33.0,143.0,999.9856567382812,-0.5829066421495002,0.5938414597951525,4.0529709698948295,-1.1689136064299332,-0.2098259197480709,0.8584029236537036,1.4536458869388094,-0.6679358723067716,0.3381667386932321,-2.3886385054310653
33.0,143.0,999.9856567382812,-0.582908496787546,0.5938243805000365,4.052987386482824,-1.168908194469263,-0.2098210925415529,0.8584063946987133,1.4536065343296798,-0.6679392157699882,0.3381946201373287,-2.3886421571703003
33.0,143.0,999.9857177734376,-0.5829218001393883,0.5938468932416994,4.05297313291792,-1.168944256313439,-0.2098198012691892,0.8583732182398904,1.4536394806404376,-0.6679269633087941,0.3381502019751732,-2.388650630153373
33.0,143.0,999.9856567382812,-0.5829126108857254,0.5938502589270866,4.052973284858501,-1.1689321602570346,-0.2098142807198835,0.8583838218953685,1.453641188781308,-0.6679263620116878,0.3381614531026864,-2.388648499780194
33.0,143.0,999.9856567382812,-0.582918845637967,0.5938583447688925,4.052957570703011,-1.1689532621928995,-0.2098108849694409,0.8583678704510138,1.4536377643050464,-0.6679255197084943,0.3381408373001671,-2.388661227090006
33.0,143.0,999.9857177734376,-0.5829201797315013,0.5938542053015707,4.052951493900286,-1.1689436659884116,-0.2098148845196554,0.8583763677679768,1.4536410034576832,-0.6679312376288129,0.3381331603914965,-2.388659205460957
33.0,143.0,999.9857177734376,-0.5829054169528183,0.5938416959769626,4.05296426973743,-1.168949094444926,-0.2098227762830067,0.8583842997332809,1.453676709221571,-0.6679206609338735,0.3381461865002269,-2.3886508549995296
33.0,143.0,999.9857177734376,-0.5829182855473078,0.5938581677855748,4.052951856103361,-1.1689321768693857,-0.209814214794564,0.8583807123468379,1.4536364051525164,-0.6679204588364325,0.3381556905196214,-2.388647649098783
33.0,143.0,999.9856567382812,-0.5828951611313995,0.5938144259298674,4.052970308324518,-1.1688822981417308,-0.2098354817489154,0.8584396831859618,1.453617323582125,-0.6679399079921708,0.3381951728134247,-2.3886085745436105
33.0,143.0,999.9857788085938,-0.5829001351012018,0.5938541110975653,4.0529759928195,-1.1689336436401714,-0.2098281742745955,0.8583809692774258,1.4536592616860569,-0.6679212833575692,0.3381468455287084,-2.388655200880569
33.0,143.0,999.985595703125,-0.5828955739983366,0.5938250044607516,4.052976486398306,-1.1689087687285804,-0.2098285700164712,0.8584161867289763,1.4536240311848436,-0.6679418627814702,0.3381830119781952,-2.388623474866609
33.0,143.0,999.985595703125,-0.5829088459358953,0.5938391842910615,4.052972812127241,-1.1689060445807522,-0.2098243684508753,0.8584043081566186,1.4536140683594765,-0.6679383310734979,0.3381841041607467,-2.38862523339451
33.0,143.0,999.9854736328124,-0.5829076391748496,0.5938388036895903,4.052972799291451,-1.1689156799803246,-0.2098239851188594,0.8583988046158151,1.453627985295185,-0.6679357921871301,0.3381696831505127,-2.388636389722471
33.0,143.0,999.9857177734376,-0.5829096682128814,0.5938522952940453,4.052997820984352,-1.1689244825008762,-0.2098205016882683,0.8583919435978862,1.4536458473684988,-0.6679389629044055,0.3381888797762409,-2.388639038368003
33.0,143.0,999.9857177734376,-0.58291261556856,0.5938566770763911,4.052979498902447,-1.1689233059563726,-0.209818725804781,0.8583759706172369,1.4536323559835544,-0.6679323887288451,0.3381878050629581,-2.388637893652493
33.0,143.0,999.9857788085938,-0.5828983369121117,0.5938188943476286,4.052988135520252,-1.168878248238601,-0.209837252084176,0.8584386624685578,1.4536229663066749,-0.6679488296186058,0.3382229699731898,-2.3885951488687525
33.0,143.0,999.9857177734376,-0.5829121134823003,0.5938432349049405,4.052974450816659,-1.168933979456365,-0.2098137818119845,0.8583905327545764,1.4536278727822085,-0.6679414476943437,0.3381534703404245,-2.388677232931014
33.0,143.0,999.9856567382812,-0.5829026147504726,0.59383573156083,4.052960774377672,-1.168902679785088,-0.2098288781199961,0.8584132266482776,1.4536267089884047,-0.6679346795540404,0.3381700418114661,-2.388634278539838
33.0,143.0,999.9856567382812,-0.5829173301014148,0.5938472361537626,4.052979171694735,-1.168940748459928,-0.2098139095222855,0.8583838619978437,1.4536373343943794,-0.667940121366307,0.3381437610844262,-2.3886690606167265
33.0,143.0,999.9856567382812,-0.582909383835438,0.5938432931613313,4.052957389402767,-1.168938423644383,-0.2098166858757002,0.8583912017273683,1.4536578098364084,-0.6679229624309801,0.3381507469426044,-2.388648048046776
33.0,143.0,999.9856567382812,-0.5829151428858257,0.5938362495779783,4.052981255036963,-1.1689404417477176,-0.2098175614371191,0.8583920891668608,1.453647905727513,-0.6679268679091068,0.3381553611561569,-2.388660914673247
33.0,143.0,999.9857177734376,-0.5829021056468893,0.5938352679246446,4.052993928927194,-1.1689063472673975,-0.2098303491383584,0.8583919425604583,1.4536142138567634,-0.6679432691089708,0.338193278375126,-2.388632247427465
33.0,143.0,999.985595703125,-0.5829105404143595,0.593854571204071,4.05296702962152,-1.1689275700161144,-0.209821063791983,0.8583830318540144,1.4536427398724203,-0.6679294936771845,0.3381635223865098,-2.3886555647379284
33.0,143.0,999.9856567382812,-0.582905536709811,0.5938414985765821,4.052970932370883,-1.1689052119694834,-0.2098258173151599,0.8584135247705857,1.4536388562075606,-0.6679372794483349,0.338179689182799,-2.388623823422545
33.0,143.0,999.985595703125,-0.5829053669063624,0.5938503254624115,4.052965718151832,-1.168936477524662,-0.2098209845923557,0.8583866470487767,1.453658490828892,-0.6679291913739673,0.3381581813490655,-2.388636933368446
33.0,143.0,999.9857788085938,-0.5829018056353403,0.5938411111726092,4.052986624199045,-1.1689213537625438,-0.2098238100886647,0.8583956404341366,1.453629190454163,-0.6679400950043313,0.3381950462312151,-2.388634973448469
33.0,143.0,999.9856567382812,-0.5829017710004782,0.5938461704747553,4.052975352337175,-1.1689202359709134,-0.209833997403753,0.8583888489117077,1.4536538706074484,-0.6679282857955169,0.3381714373518569,-2.388626580774926
33.0,143.0,999.9857177734376,-0.5828948052084986,0.5938199458430224,4.052964308391768,-1.168890352010748,-0.2098288136043855,0.8584363517277449,1.4536252668863057,-0.6679427255434813,0.3381798240827667,-2.388619565435157
33.0,143.0,999.985595703125,-0.5829139221948507,0.5938482209445528,4.052972951972546,-1.168929989084481,-0.2098142421685223,0.8583826374633503,1.4536321492247497,-0.6679243747595001,0.3381706767686188,-2.3886543681384413
33.0,143.0,999.9856567382812,-0.5829103910524145,0.5938586027603234,4.0529668807010815,-1.1689120615308708,-0.209822649456969,0.85838359752867,1.4536271090335493,-0.6679337720545284,0.3381757307107218,-2.3886301523448643
33.0,143.0,999.98583984375,-0.5829154848122053,0.5938379502008395,4.0529527233313285,-1.1689407621563437,-0.2098124034682564,0.8583885736744534,1.4536380034658647,-0.6679255009434168,0.3381589975630419,-2.388643380943272
33.0,143.0,999.9856567382812,-0.582900929462749,0.5938361144051028,4.052977542992375,-1.1689042244249586,-0.209833788452852,0.8583964582582739,1.4536301768101936,-0.6679390814399886,0.3381939186802274,-2.388623350250118
33.0,143.0,999.9857788085938,-0.5829349868239051,0.5938646321158725,4.052963991001432,-1.168967689024864,-0.2097958095993455,0.8583598211217156,1.4536393309409092,-0.6679274309654089,0.3381293672638659,-2.388689624525364
33.0,143.0,999.9857177734376,-0.5829079059950688,0.5938444811567773,4.0529735486862055,-1.168942601994127,-0.2098196942771615,0.8583915993965627,1.4536643989897646,-0.6679359184370002,0.3381513671401368,-2.388649275597505
33.0,143.0,999.985595703125,-0.5828982927706017,0.5938279096642161,4.052983599495146,-1.1689203324700497,-0.2098307940135662,0.858401398694796,1.4536553343709882,-0.6679333212667284,0.3381796254350133,-2.388626966420248
33.0,143.0,999.9856567382812,-0.5829156662749471,0.5938509094901043,4.052968344801986,-1.1689232283575497,-0.2098167034147033,0.8583935917104242,1.453628660015278,-0.667936307284446,0.3381675922655152,-2.388640810541646
33.0,144.0,999.9857177734376,-0.5829053117997676,0.5938183040003775,4.052975618856658,-1.1689053153807123,-0.209819868952966,0.8584240900335836,1.453607659067261,-0.667939973575578,0.3381764911343445,-2.388641558408727
33.0,144.0,999.9856567382812,-0.5828907208252465,0.5938092034480267,4.052982601212452,-1.1689058445325209,-0.2098309157460658,0.8584300317720519,1.4536309776488228,-0.6679334118728972,0.3381888745680363,-2.388629078613654
33.0,144.0,999.9856567382812,-0.5829153038257315,0.5938464136209545,4.052961135471719,-1.1689337187938116,-0.2098104400045111,0.8583927886288754,1.453634400445745,-0.6679312221696101,0.3381518056181063,-2.388667814988717
33.0,144.0,999.9856567382812,-0.5828977521311174,0.5938327421846035,4.052981383167756,-1.1689051570891662,-0.209829630575034,0.8584021893075775,1.4536201952929106,-0.6679322076581231,0.3381913248034429,-2.3886278695397145
33.0,144.0,999.9857177734376,-0.5828985854893869,0.5938390897121737,4.0529842896883626,-1.1689129845343942,-0.2098278547475747,0.8584056026516169,1.453650940664999,-0.6679407637641361,0.3381885244534715,-2.388621343425301
33.0,144.0,999.9856567382812,-0.5829252088508872,0.5938540639329606,4.052967912802771,-1.1689419602772242,-0.209808268012706,0.8583758848758318,1.453625621091743,-0.6679353012484963,0.3381336066837601,-2.388686596747486
33.0,144.0,999.9857177734376,-0.5829108383919426,0.5938238023133042,4.052993237016908,-1.1689430907902638,-0.2098203429498903,0.8583928241515659,1.4536475904867254,-0.6679328114892309,0.3381641343036516,-2.3886693458721324
33.0,144.0,999.985595703125,-0.5829052124745635,0.5938284480188338,4.052967131572256,-1.1689203160199195,-0.2098222552621944,0.8584120763272836,1.4536424226981517,-0.6679322839944479,0.3381712116186,-2.3886328533429024
33.0,144.0,999.9857177734376,-0.5828926046486087,0.5938304937052594,4.052980925279941,-1.168898320772657,-0.2098378331503099,0.8584174928643442,1.453639107935924,-0.667935403253936,0.3381870300055922,-2.3886086976620247
33.0,144.0,999.985595703125,-0.5829101966206176,0.59384031111761,4.0529545552636925,-1.1689296692449478,-0.2098192479944307,0.8583948254980198,1.453642238066335,-0.6679270563095656,0.3381437651195718,-2.3886488289272743
33.0,144.0,999.9855346679688,-0.582901268933445,0.5938239343181815,4.052961943776822,-1.1689054274792945,-0.209827533704205,0.8584228495278454,1.4536317041864493,-0.6679357171243065,0.3381729367369495,-2.388624006433519
33.0,144.0,999.9856567382812,-0.5829026096237442,0.5938371459765523,4.052959930506354,-1.168902106124365,-0.2098241356522061,0.8584127632382996,1.4536184992060006,-0.6679425557278931,0.3381673398228706,-2.388634747516059
33.0,144.0,999.9856567382812,-0.582909020309021,0.5938418229612257,4.052967596245964,-1.1689534019202807,-0.2098160279087944,0.8583917609772032,1.4536728800877654,-0.6679272559843135,0.3381344703446274,-2.388659872156196
33.0,144.0,999.985595703125,-0.5829038982232095,0.5938356563390439,4.052969582121991,-1.168909370393524,-0.2098216515555799,0.858407807613963,1.4536180672375174,-0.6679436295852579,0.3381686213944368,-2.388642530632465
33.0,144.0,999.9857177734376,-0.5828914576632229,0.5938217579361069,4.052972286467186,-1.168886822931479,-0.2098371431919536,0.8584332124121641,1.453621928124491,-0.6679449809574498,0.3381836692130893,-2.38861245271948
33.0,144.0,999.985595703125,-0.5829006879480456,0.5938351239739923,4.052968425412416,-1.1689151700366356,-0.209824664952313,0.8584085371846273,1.4536367610715146,-0.6679337719125265,0.3381637925714145,-2.3886398295808675
33.0,144.0,999.9857177734376,-0.5829045688201724,0.5938353561022502,4.0529769062505565,-1.1689022272968643,-0.2098192687705689,0.8584146198856981,1.4536084461540186,-0.6679454352336638,0.338175155250223,-2.388646965791252
33.0,144.0,999.9857788085938,-0.5829246360665099,0.5938568387387422,4.052959717142745,-1.168933094985701,-0.209811551600076,0.8583728170595206,1.4536190260299104,-0.6679303022159679,0.3381574952347153,-2.38866093000878
33.0,144.0,999.985595703125,-0.5829009448524758,0.5938221731212838,4.0529805001363215,-1.1689138707836897,-0.2098296503894694,0.8584061197336625,1.4536238617304669,-0.6679339172491661,0.338181888430177,-2.3886356813741005
33.0,144.0,999.985595703125,-0.5829170212313324,0.5938389550424263,4.052962368490455,-1.1689225991816017,-0.2098091648206956,0.8584090080939575,1.4536185051258874,-0.6679464823021473,0.3381506890888799,-2.388662302794115
33.0,144.0,999.9856567382812,-0.5829007985292245,0.593844735112298,4.052992887309536,-1.1689194327554868,-0.2098307158505594,0.8583910443164218,1.4536524023646535,-0.6679354058720435,0.338186271506852,-2.388623758869225
33.0,144.0,999.9857177734376,-0.5828979895068525,0.593838920125406,4.052983928659174,-1.1689001059787163,-0.2098367216212002,0.8584038152002984,1.4536396964975928,-0.667931183886739,0.3382005630025748,-2.388605900109997
33.0,144.0,999.9856567382812,-0.5829085093277007,0.593835930281764,4.052975736526957,-1.168941380725836,-0.2098252109331246,0.8583863740399424,1.4536416987885916,-0.6679259007228664,0.3381515176670326,-2.388656151410748
33.0,144.0,999.98583984375,-0.5828913451355389,0.593830562594917,4.052966272259146,-1.168907195384147,-0.2098315805055364,0.8584227978278474,1.4536612136188705,-0.6679380983102927,0.3381808922256262,-2.3885930934356043
33.0,144.0,999.9856567382812,-0.5829040447474849,0.593847186116621,4.052976796370881,-1.1689188304004308,-0.2098228565877216,0.8583971605251159,1.4536372045771673,-0.6679341572675277,0.3381764313863602,-2.3886406678308267
33.0,144.0,999.9855346679688,-0.58291763847705,0.5938563347039629,4.052970085980792,-1.1689354529591132,-0.2098139943866837,0.8583810607408058,1.4536334401916091,-0.6679353542740225,0.3381467102132465,-2.3886646681822925
33.0,144.0,999.9856567382812,-0.5829115586494655,0.5938487925091014,4.052954276133203,-1.1689455953325707,-0.2098133631241747,0.8583848789515924,1.4536498353427412,-0.6679273588113537,0.3381328347183707,-2.388661598310432
33.0,144.0,999.9856567382812,-0.5829106174540595,0.59385751665077,4.052970342851502,-1.1689239162877847,-0.2098221901477632,0.8583800831886004,1.4536486792601435,-0.6679246137217962,0.3381678683062485,-2.3886359848349947
33.0,144.0,999.985595703125,-0.5828970782927021,0.593848225243164,4.0529710549470845,-1.1689110637849525,-0.2098338018946135,0.8583859851275397,1.4536345324059798,-0.6679249279520993,0.3381817527306534,-2.388624562005398
33.0,144.0,999.9856567382812,-0.5829096309452559,0.5938438680462834,4.052965884312462,-1.1689450496577134,-0.2098156815021354,0.858380915238973,1.453653070307693,-0.667922646983464,0.3381461785365092,-2.3886719086118973
33.0,144.0,999.9855346679688,-0.582908067713868,0.5938507405502857,4.052970844479779,-1.1689400582020877,-0.2098239504024226,0.858377951996351,1.4536500947027529,-0.6679303674052175,0.3381492637340964,-2.388654949442216
33.0,144.0,999.9856567382812,-0.5829047653668837,0.5938321819036307,4.052985840730889,-1.168926847809626,-0.2098200606336488,0.8583991788108811,1.453631181993896,-0.6679350235500063,0.3381764422862856,-2.3886400156758474
33.0,144.0,999.9856567382812,-0.5829108774245313,0.5938499654615734,4.052974241272514,-1.168918247521276,-0.2098160604530097,0.858392950371023,1.453618118798353,-0.6679370948741568,0.3381784216835504,-2.3886334921233
33.0,144.0,999.985595703125,-0.5829064415274763,0.5938469448940165,4.0529727330646,-1.1689197525459232,-0.2098218004985881,0.8583930410271314,1.4536329415583618,-0.6679339836340077,0.3381808106872981,-2.3886284010042247
33.0,144.0,999.9857177734376,-0.5829080946176575,0.5938349831937861,4.052976060369408,-1.1689186974580332,-0.2098205706659355,0.8583976109296412,1.4536064903779735,-0.6679429248741746,0.3381799466633293,-2.388645620331409
33.0,144.0,999.985595703125,-0.5828994721233087,0.5938306921245307,4.05298541679927,-1.1689028298649302,-0.2098308737503789,0.8584070703480684,1.453632458831188,-0.667938487232675,0.338198157891501,-2.388618607087002
33.0,144.0,999.9855346679688,-0.5829038510855984,0.5938422554857139,4.052971275119754,-1.1689173095595595,-0.2098274679402321,0.8583986379752382,1.4536421947181726,-0.6679365574384555,0.338168943943141,-2.388631226693298
33.0,144.0,999.9857788085938,-0.5828956317124483,0.5938389403221267,4.052991218564015,-1.1688987445267096,-0.2098395886179673,0.8584002588691897,1.453629635576089,-0.667940855837867,0.3382077980862377,-2.388599953873226
33.0,144.0,999.985595703125,-0.5829091007709835,0.5938307119923056,4.05297631570445,-1.1689301845366409,-0.2098201972042321,0.8584003607451489,1.453642879329326,-0.667938530565034,0.3381660201748282,-2.388652416566925
33.0,144.0,999.985595703125,-0.5829042487423735,0.5938351255527543,4.052968278323244,-1.168912316912864,-0.2098240415366365,0.8584007854583344,1.4536197603881875,-0.6679292509002881,0.3381653797816426,-2.3886457170982194
33.0,144.0,999.9856567382812,-0.5828924252593213,0.5938139434579126,4.052963951565584,-1.1689032915619806,-0.2098288021507519,0.8584351153565581,1.453641257367262,-0.6679441874477581,0.3381723193531796,-2.388619915477817
33.0,144.0,999.9856567382812,-0.5829099855461459,0.5938414739980402,4.052954176474298,-1.1689316210772964,-0.2098192499989926,0.8584011030904559,1.4536506090079353,-0.6679344251967985,0.3381443360771916,-2.388641165260943
33.0,144.0,999.9856567382812,-0.5829135661388323,0.593849671537706,4.052969215702797,-1.1689127314208836,-0.2098140707290454,0.8583980119479948,1.453615764520836,-0.6679358515106939,0.338173236495237,-2.388643782847814
33.0,144.0,999.985595703125,-0.5828960185574008,0.5938349889664458,4.052980142183555,-1.1688972478244852,-0.2098329759972159,0.8584086328251495,1.453626675542111,-0.6679382769820892,0.33818688543123,-2.3886264270951814
33.0,144.0,999.985595703125,-0.5829190158202504,0.5938665829892544,4.052981680048422,-1.1689447791445675,-0.2098188046353541,0.8583587489886968,1.4536453962481932,-0.6679322606134344,0.3381583454385346,-2.3886575834180324
33.0,144.0,999.9855346679688,-0.5829090911188661,0.593841447259682,4.052970758725891,-1.1689231431259737,-0.2098250361164035,0.8583918782973923,1.4536410575272418,-0.6679308145577618,0.3381660998630922,-2.388635219590564
33.0,144.0,999.9855346679688,-0.5829036166664441,0.5938350453766414,4.0529654025745,-1.1689138192027042,-0.209829659124483,0.8584022470173416,1.4536354983428517,-0.6679328605196204,0.3381739203346976,-2.388622627594357
33.0,144.0,999.9856567382812,-0.5829048238955421,0.5938344094101033,4.052976857919932,-1.1689274249741928,-0.2098219232365581,0.8583979393277037,1.4536360812129416,-0.6679351024140745,0.3381508053978512,-2.3886564190537007
33.0,144.0,999.9854736328124,-0.5829102579668568,0.5938450123829746,4.05297750452538,-1.168931881950677,-0.209819144849841,0.8583807179893181,1.4536341087092488,-0.6679316072181223,0.3381618757388267,-2.388654671871816
33.0,144.0,999.985595703125,-0.5829126956517383,0.5938379663471371,4.052967240024984,-1.1689368737634172,-0.2098192650458923,0.8583959957455578,1.4536510921026338,-0.6679284788233133,0.338157414461083,-2.3886471800155817
33.0,145.0,999.9856567382812,-0.5829135506534406,0.5938511179444923,4.05297366505785,-1.1689438237388892,-0.2098213500745052,0.8583747211236403,1.4536501712988192,-0.6679218080462519,0.3381548308774658,-2.3886472016231703
33.0,145.0,999.985595703125,-0.582906236313149,0.593840983714351,4.052973751608008,-1.1689062841025208,-0.2098267266970577,0.858404304597582,1.4536309729899202,-0.6679400662558512,0.3381771655286325,-2.3886236997263928
33.0,145.0,999.985595703125,-0.5829148315099273,0.5938492349813504,4.052962799923506,-1.1689465305230415,-0.2098200326425958,0.8583766108280191,1.453652798142814,-0.6679287107212124,0.3381334530054065,-2.38866136453185
33.0,145.0,999.985595703125,-0.5829058703806318,0.5938299662681024,4.052965131141352,-1.168915077156394,-0.2098222916835777,0.8584182647671224,1.4536408915771046,-0.6679385433554588,0.3381634922186807,-2.3886401711351697
33.0,145.0,999.985595703125,-0.5829050660593094,0.593838894567269,4.052983176206016,-1.1689075968092475,-0.2098237072200337,0.8583990812679971,1.4536158742693894,-0.6679416295557701,0.3381879429849004,-2.3886393848422105
33.0,145.0,999.9857177734376,-0.5829024766051489,0.5938231935119722,4.052973051730666,-1.1689011825144346,-0.2098241654560526,0.8584149791419913,1.453605435709921,-0.6679457293960827,0.3381746209828771,-2.388651079664404
33.0,145.0,999.9855346679688,-0.5829028562161236,0.5938401683210728,4.05297451553712,-1.168917286770188,-0.2098300692075687,0.8583992816836883,1.453643488694314,-0.6679328138903893,0.3381720945393587,-2.3886290702442263
33.0,145.0,999.9856567382812,-0.5829159875327878,0.5938495391776302,4.052954601853209,-1.1689273442876713,-0.2098189090143121,0.8583904910545552,1.4536441552979849,-0.6679288465308488,0.3381503869797795,-2.388646420463129
33.0,145.0,999.9856567382812,-0.5828974256501294,0.5938410486914769,4.052969235830334,-1.1689223044481984,-0.2098295376945662,0.8584009753614739,1.4536578455836038,-0.6679335428590774,0.3381694143689548,-2.388620508709929
33.0,145.0,999.985595703125,-0.5829032035265049,0.5938341616454226,4.052972327670277,-1.168912136811735,-0.2098303602830515,0.8584074964691712,1.4536355392855749,-0.6679375723084577,0.3381682575506346,-2.388640124537261
33.0,145.0,999.9854736328124,-0.5829085621951311,0.5938440512075536,4.052970476852478,-1.1689289419964095,-0.2098182224916627,0.8583916011251311,1.4536381675419268,-0.6679311415583049,0.3381632639307561,-2.3886451392999324
33.0,145.0,999.9855346679688,-0.5829060125093752,0.5938414927109807,4.052979084806621,-1.1689110910158536,-0.2098255102099191,0.8583999775061883,1.4536244694562406,-0.6679393225871619,0.3381792853979437,-2.388629247836171
33.0,145.0,999.9855346679688,-0.5829175031119886,0.5938582533227574,4.0529644895507,-1.1689390193415743,-0.2098140772537728,0.8583770834765154,1.4536372183404724,-0.6679305582245103,0.338145712946881,-2.388661227753865
33.0,145.0,999.9856567382812,-0.5829107786225531,0.5938514987069246,4.052965600966802,-1.1689067308318837,-0.2098245708521293,0.8583857990475829,1.453613161430721,-0.6679327179142396,0.3381775281835351,-2.3886387141529286
33.0,145.0,999.9857177734376,-0.5828950072060763,0.5938309505641204,4.052960487407146,-1.1689156822841995,-0.2098317202125024,0.858413043570935,1.4536476583119988,-0.6679269376591686,0.3381761090847446,-2.3886191761552915
33.0,145.0,999.985595703125,-0.5829020818325201,0.5938427938013637,4.052966037824852,-1.1689063734021232,-0.2098252460554945,0.858405974205664,1.4536379882397554,-0.6679339023806365,0.3381805178374613,-2.388615732706357
33.0,145.0,999.9856567382812,-0.582899305233834,0.5938267361555347,4.052974054972644,-1.1689192888389348,-0.209826292856313,0.8584151611969943,1.453639466688319,-0.6679417095425242,0.33816480355748,-2.3886403547323027
33.0,145.0,999.985595703125,-0.5829085205102729,0.5938455492885062,4.052967651275289,-1.1689221366530491,-0.2098270324861548,0.8583934228753094,1.4536452029216915,-0.6679336201972763,0.3381612468252388,-2.3886371012258376
33.0,145.0,999.9856567382812,-0.5829218178969695,0.5938570013513891,4.052966717978913,-1.1689538150116046,-0.2098131319967793,0.8583742244937431,1.453652075526123,-0.6679281110479813,0.3381419686759779,-2.388665971771966
33.0,145.0,999.985595703125,-0.5829018317281305,0.5938255745641499,4.052974951040985,-1.168897916606432,-0.2098287554322064,0.8584129041180555,1.4536176143276869,-0.6679422587447483,0.3381911203280419,-2.388625933587618
33.0,145.0,999.9855346679688,-0.5829027688312847,0.5938317718560899,4.05296596945124,-1.1689039205678724,-0.2098308177346961,0.8584102000447578,1.4536306520143754,-0.6679351093069226,0.338174212025903,-2.3886256538331803
33.0,145.0,999.985595703125,-0.5828939780371893,0.5938266992384076,4.052966178817156,-1.1689015359469046,-0.2098289047432349,0.8584195976511424,1.4536280043343544,-0.6679402440437778,0.3381758805539112,-2.3886267276049225
33.0,145.0,999.9855346679688,-0.5829051145171062,0.5938326809780836,4.052977158783031,-1.168919613706282,-0.2098235757363991,0.858393465945543,1.4536279846453324,-0.6679353442394564,0.3381730410268169,-2.3886442180244014
33.0,145.0,999.985595703125,-0.5829074603998796,0.5938392289429215,4.052964953017602,-1.1689342299044658,-0.2098258088319928,0.858389675836988,1.4536468414423442,-0.6679240153516561,0.3381472668187619,-2.3886483159488128
33.0,145.0,999.9856567382812,-0.5828957027673134,0.5938371067086354,4.052983657584461,-1.1688966903451217,-0.2098344467743977,0.8584121981217274,1.4536336063065844,-0.6679455848069757,0.3381978511429606,-2.388603819709527
33.0,145.0,999.9855346679688,-0.5829104426602418,0.5938518889796551,4.052973442697926,-1.1689253034618288,-0.2098201488757647,0.8583824275851679,1.4536279555530394,-0.6679369214565583,0.3381671225966363,-2.388645298853618
33.0,145.0,999.985595703125,-0.5829134805105038,0.5938406271492234,4.052969329367073,-1.1689319279176242,-0.2098187079203386,0.8583880800691084,1.4536378649080977,-0.6679262398219219,0.3381577577562602,-2.388648991956429
33.0,145.0,999.9854736328124,-0.5829063357812387,0.5938361243176775,4.052970756739041,-1.1689210305561155,-0.2098211549824817,0.8583997520125211,1.4536328982274993,-0.6679359369324871,0.3381668091464522,-2.3886448869722128
33.0,145.0,999.985595703125,-0.5829067314352914,0.5938343498789065,4.052977028412437,-1.1689230026595343,-0.2098224965514417,0.8584018656868198,1.453642779537021,-0.6679357219898101,0.3381705714268701,-2.3886493765672405
33.0,145.0,999.985595703125,-0.5829065955062624,0.5938329135399627,4.05297313196183,-1.168918533690293,-0.2098175320658191,0.8584001582615164,1.4536122381443768,-0.6679415255003445,0.338162344918814,-2.3886557577813585
33.0,145.0,999.9856567382812,-0.5829158014739324,0.5938480990196879,4.052960751035009,-1.1689208137228095,-0.2098173412373558,0.8583856054455117,1.453616415024591,-0.6679377403227331,0.3381475374803262,-2.388658562857389
33.0,145.0,999.9855346679688,-0.5829121079149671,0.5938483984452514,4.052976674098193,-1.168928746480042,-0.2098145271273193,0.8583801184778741,1.453625847951617,-0.6679320508105908,0.3381654785597838,-2.3886555524712505
33.0,145.0,999.9857177734376,-0.582907346750444,0.5938293895333775,4.052979070429032,-1.1689131245883448,-0.2098198412112504,0.8584066029055606,1.4536116281641878,-0.6679380438621587,0.3381699439439503,-2.3886442720904326
33.0,145.0,999.985595703125,-0.5829126014651083,0.5938397762658942,4.052979416776667,-1.1689276683344745,-0.2098191201323906,0.8583974961445948,1.4536307180763988,-0.6679396196330352,0.3381609848813562,-2.388647912855701
33.0,145.0,999.9856567382812,-0.5829069683696568,0.5938441613654533,4.052970413097167,-1.1689354910428844,-0.2098247395636336,0.8583951027379992,1.4536608974202858,-0.6679299817491398,0.3381576861581994,-2.3886354799490883
33.0,145.0,999.9856567382812,-0.5829057069348078,0.5938316465038627,4.052973968489365,-1.168917459224041,-0.2098277997744162,0.8583983729622426,1.4536310851903709,-0.6679342127519554,0.3381624581360949,-2.388639774542546
33.0,145.0,999.985595703125,-0.5829088583363005,0.593834241136638,4.052965992741786,-1.1689245841350138,-0.2098202589086035,0.8584025806177644,1.4536326912832296,-0.6679314076147493,0.3381662941416792,-2.3886485696117
33.0,145.0,999.9855346679688,-0.5829128168793503,0.5938520850717754,4.052976833878162,-1.1689396449533218,-0.2098216495051668,0.8583747504515884,1.4536427344904652,-0.6679308179724988,0.338158607153435,-2.388646603424524
33.0,145.0,999.9855346679688,-0.5829111526111923,0.5938450263416772,4.052962259292794,-1.1689196843876752,-0.2098163817360934,0.8583989379111188,1.4536221183730955,-0.6679342373058859,0.3381570072439483,-2.3886485729711247
33.0,145.0,999.985595703125,-0.5829006028304669,0.5938361948425506,4.0529633373358624,-1.1688971891937197,-0.2098309782438807,0.8584042924552033,1.4536263488309462,-0.6679304486521866,0.3381833382108157,-2.3886121974662364
33.0,145.0,999.9855346679688,-0.5829087677021008,0.5938317264563757,4.052963095464895,-1.1689187220050343,-0.2098249735546611,0.8584028344045738,1.453632229496009,-0.6679331583539367,0.3381637769334675,-2.388638088737621
33.0,145.0,999.9855346679688,-0.5829017308780484,0.5938410721934728,4.052980928015714,-1.16891822310117,-0.2098260868322912,0.8583906120446159,1.4536302002616122,-0.6679325854706502,0.3381778582070049,-2.388642835451504
33.0,145.0,999.9855346679688,-0.5829102701318485,0.5938436642090563,4.052967338449019,-1.1689216665168582,-0.2098214281198416,0.8583884424885415,1.4536303475884873,-0.6679304647122137,0.3381688392324893,-2.388641659591748
33.0,145.0,999.985595703125,-0.5828973874587566,0.5938277264353466,4.05297316513694,-1.168897361911501,-0.209831570763507,0.8584152561181524,1.4536267670911585,-0.6679402389314788,0.3381816648929003,-2.3886241770712213
33.0,145.0,999.9854736328124,-0.5829051677819459,0.5938401581737196,4.0529738081975815,-1.1689168879912408,-0.2098240860828379,0.8583941668156996,1.4536271772591371,-0.667937015279799,0.338166557155005,-2.388643795150087
33.0,145.0,999.9855346679688,-0.5829050009142831,0.5938300857842389,4.052977998974653,-1.1689163067418038,-0.2098253047877154,0.8584069008521942,1.4536347658863544,-0.6679387320815824,0.3381809108392319,-2.388625727424232
33.0,145.0,999.985595703125,-0.5829129446491441,0.5938536967189236,4.052968770149054,-1.1689446257400349,-0.2098131380777221,0.858379610476252,1.45364898592174,-0.6679276450201419,0.3381517883178038,-2.3886605641325795
33.0,145.0,999.9857177734376,-0.582901454420071,0.5938469896086351,4.05298057897034,-1.168926865373829,-0.2098271663559172,0.8583895138537905,1.4536530540235333,-0.6679383594811501,0.3381633208407697,-2.3886408255509552
33.0,145.0,999.9855346679688,-0.5829096736332176,0.5938331941114949,4.052976992527468,-1.1689222764325713,-0.2098239547347944,0.8584001378593129,1.453636688956612,-0.6679356056876893,0.3381653243182239,-2.3886461073834377
33.0,145.0,999.985595703125,-0.5829071829330559,0.5938463976759509,4.052967986608305,-1.1689262161986629,-0.2098205319762254,0.8583909081727823,1.4536450051847574,-0.6679333512683598,0.338165502022786,-2.388640345819902
33.0,146.0,999.9854736328124,-0.5829126826315081,0.5938505964916931,4.052971620779013,-1.1689315481250522,-0.2098208949406164,0.8583807056818138,1.4536406247006628,-0.6679308580124754,0.3381562371366362,-2.3886503304587943
33.0,146.0,999.9855346679688,-0.5829033812781308,0.5938398966309357,4.052972549218232,-1.1689143998011151,-0.2098267838551528,0.8584012641340362,1.453636901095498,-0.6679366485759237,0.3381724120463207,-2.388624334578348
33.0,146.0,999.9854736328124,-0.58290432846524,0.5938375474794055,4.052979021466335,-1.1689193156127575,-0.2098282856188147,0.8583911017523027,1.4536345561109425,-0.6679344316042526,0.3381743412521469,-2.388640085335156
33.0,146.0,999.9855346679688,-0.5829025687768503,0.5938270343146677,4.052972089592398,-1.1689143439177778,-0.2098296832118187,0.85840543314659,1.4536334309658638,-0.6679365961337744,0.3381743232101346,-2.388626849347366
33.0,146.0,999.9855346679688,-0.5829116003348789,0.593836283371294,4.052972396982732,-1.168934179132453,-0.2098202509948619,0.8583915607131063,1.4536375382213116,-0.6679347595524474,0.338151132654362,-2.3886554318469004
33.0,146.0,999.9854736328124,-0.5829040259349352,0.5938314590456883,4.052974708486289,-1.168919860332398,-0.2098214364439989,0.8584047855476005,1.453628253613303,-0.6679361418253755,0.3381717956579582,-2.3886433724706
33.0,146.0,999.9855346679688,-0.5828988860814377,0.5938200838160945,4.052968139763696,-1.1689156632230384,-0.209827300851094,0.8584128186055651,1.453635485498963,-0.6679331975875726,0.3381779114211705,-2.3886256406915365
33.0,146.0,999.9854736328124,-0.5829028916192938,0.5938259655844593,4.052972917835353,-1.1689181226127343,-0.2098240530768702,0.8584098612579041,1.453637679583072,-0.6679359341556106,0.3381713840030711,-2.3886344023657244
33.0,146.0,999.985595703125,-0.582911098699463,0.5938514292949648,4.052975063865693,-1.1689195842309763,-0.2098207860839185,0.8583870817976198,1.4536337544606726,-0.6679316490410816,0.338177183942939,-2.388643198483788
33.0,146.0,999.9855346679688,-0.5829175069312962,0.5938483712834222,4.052969547924016,-1.1689374791480969,-0.2098155123197251,0.8583831896236047,1.4536359570601212,-0.6679309016512951,0.3381566742790163,-2.3886553647101847
33.0,146.0,999.985595703125,-0.5829062346272016,0.5938344149207087,4.052970686704455,-1.168917151518083,-0.2098169341702185,0.858404787213054,1.4536205049401048,-0.6679363709006649,0.3381754293449335,-2.3886393906948262
33.0,146.0,999.985595703125,-0.5828976247587212,0.5938201066750048,4.052972712781649,-1.168898172962213,-0.2098274433285416,0.8584177748105137,1.4536133108846538,-0.667939192975874,0.338192451233902,-2.3886237705893256
33.0,146.0,999.9854736328124,-0.5829055510757595,0.5938390740193009,4.052966911377123,-1.1689188833780433,-0.2098220561741746,0.8583960116432232,1.45362756471755,-0.6679322999399426,0.3381675632511429,-2.3886466046449115
33.0,146.0,999.9855346679688,-0.5829082597855804,0.5938420703203464,4.052965346453824,-1.168922177373639,-0.2098241811610073,0.858392680309338,1.4536346237373827,-0.6679324543950322,0.3381568534876109,-2.388640782688869
33.0,146.0,999.9855346679688,-0.5829032821299132,0.5938328236946022,4.052975955368435,-1.168912640294653,-0.2098263251237666,0.8584031068988915,1.453623567190558,-0.6679369450700294,0.3381736817225942,-2.3886454396989736
33.0,146.0,999.9855346679688,-0.5829137111837008,0.5938489581719342,4.052983392586102,-1.1689372562050742,-0.2098189841189404,0.8583725292430877,1.4536346600296115,-0.6679308559218882,0.3381624847717335,-2.3886557787171423
33.0,146.0,999.9855346679688,-0.5829066854802338,0.593833487093196,4.052962827350751,-1.1689140754531715,-0.2098274076678299,0.8584030172854717,1.4536319824620083,-0.6679302773189626,0.3381698253890954,-2.388628837570112
33.0,146.0,999.9855346679688,-0.5829177585880769,0.5938500574832082,4.052963704905775,-1.1689370115977482,-0.2098116034413113,0.8583815402852952,1.4536299860987647,-0.667929076965164,0.3381513423748838,-2.388663630661552
33.0,146.0,999.985595703125,-0.5829123529816123,0.5938388165425978,4.0529613206733845,-1.1689087372260398,-0.2098211299684091,0.8584066262048919,1.4536237321292154,-0.6679336742960471,0.3381731929924312,-2.3886344462521065
33.0,146.0,999.9855346679688,-0.582905949449108,0.593847294781698,4.052971407461456,-1.1689234958767265,-0.2098267208694331,0.8583860047035019,1.453635281033808,-0.6679341612299359,0.3381601374051213,-2.388642098812004
33.0,146.0,999.9855346679688,-0.5829096600769601,0.5938464969685997,4.05296459251405,-1.168921061259148,-0.2098205685658651,0.8583939105487604,1.4536364926434864,-0.6679319296415596,0.3381655500791414,-2.388638089857305
33.0,146.0,999.9854736328124,-0.5829111381716956,0.593850855747073,4.052974683543972,-1.1689345932325992,-0.2098193953639988,0.8583812681321898,1.4536435752617036,-0.6679299934176379,0.3381575734585524,-2.3886524165987715
33.0,146.0,999.985595703125,-0.5829124537026873,0.5938409904154689,4.052959790516775,-1.168924831809611,-0.2098165758113284,0.8583952465242923,1.453628134298793,-0.6679389649852805,0.3381496727475959,-2.3886588809801474
33.0,146.0,999.9855346679688,-0.5829042083057052,0.5938427751246875,4.05297302865025,-1.1689320813409745,-0.2098254343047356,0.8583870244696197,1.4536407682045611,-0.667932065357439,0.338150627602884,-2.3886545762149374
33.0,146.0,999.985595703125,-0.5829052402547692,0.5938397036327467,4.052977225738923,-1.1689067181167982,-0.2098216862740551,0.8584042602495101,1.4536144152500965,-0.6679440471562614,0.3381789307333758,-2.388630278978284
33.0,146.0,999.9854736328124,-0.582911498804318,0.5938473606695656,4.052966035707506,-1.1689348301840767,-0.2098169833555072,0.8583836893431149,1.45363257186278,-0.6679317635763198,0.3381549023501806,-2.388654033958708
33.0,146.0,999.9854736328124,-0.5829162042595906,0.5938508153236128,4.052970258858716,-1.1689442529662348,-0.2098173039185287,0.8583734413703858,1.453645844457804,-0.667922244839791,0.3381495308499662,-2.388667478509877
33.0,146.0,999.9857177734376,-0.5829064246128706,0.5938607568978131,4.052979858530115,-1.1689158834906648,-0.2098276794957412,0.8583739920223996,1.4536333144680231,-0.6679345412070301,0.3381802434919567,-2.3886350919043995
33.0,146.0,999.9854736328124,-0.5829062356970542,0.5938395112395511,4.052978725955867,-1.168921793288482,-0.2098220102830215,0.8583926043534102,1.4536321928015097,-0.6679351856549083,0.3381724004556297,-2.388646436895697
33.0,146.0,999.985595703125,-0.5829007448459187,0.5938334874915574,4.052980709713465,-1.1689033775030055,-0.2098258574190827,0.8584089414512608,1.4536219572185285,-0.667941996837996,0.3381941469721683,-2.388616572466601
33.0,146.0,999.9855346679688,-0.5829079762544511,0.5938389373914905,4.052981635294895,-1.1689319491331576,-0.2098209820787371,0.8583878041730735,1.453639192622208,-0.6679308884800976,0.3381762462153981,-2.388645538138041
33.0,146.0,999.9855346679688,-0.5829091162340632,0.5938353429464467,4.052977252176715,-1.1689221659705238,-0.2098230011534454,0.858400427779987,1.4536361073403476,-0.6679392303748841,0.3381752208695134,-2.388636107008096
33.0,146.0,999.9855346679688,-0.5829170533668364,0.5938573309568937,4.0529648554192335,-1.1689453480844216,-0.2098132200892557,0.8583657465050711,1.4536317194596542,-0.6679277540032871,0.3381441288084268,-2.388672115660873
33.0,146.0,999.985595703125,-0.5829040988581449,0.5938344825657591,4.052969905794624,-1.1689070379718154,-0.2098287130104399,0.8584070393305501,1.4536264608894325,-0.6679407040418237,0.3381694402857738,-2.3886250171462606
33.0,146.0,999.9855346679688,-0.5829174779373201,0.5938444961483826,4.052965469383942,-1.1689431087138589,-0.2098150274380392,0.8583807531184391,1.45364210576399,-0.66792652079865,0.3381476653138557,-2.3886623325054
33.0,146.0,999.9857177734376,-0.5829048505878314,0.593841613807701,4.05298269755798,-1.1689027516613215,-0.2098302123564375,0.858403490933151,1.4536198774073403,-0.6679435845361263,0.3381925588649759,-2.388616303132791
33.0,146.0,999.985595703125,-0.582902294781114,0.5938345168327803,4.052979755922356,-1.1689090990572026,-0.2098286883805435,0.8584090442617391,1.4536427272364545,-0.667936275723843,0.3381848817263586,-2.38862318190014
33.0,146.0,999.985595703125,-0.5829215587815657,0.5938489846499264,4.052965958292141,-1.1689390708329266,-0.2098104627599353,0.8583852242313679,1.4536350510273497,-0.6679317670608835,0.3381414631949644,-2.3886780431929724
33.0,146.0,999.985595703125,-0.5828986754253158,0.5938277941784929,4.05298476368557,-1.1688928111620551,-0.2098336819104576,0.8584134067578955,1.453620365734415,-0.6679457062953382,0.3381983558156252,-2.3886159645589533
33.0,146.0,999.9855346679688,-0.5829044284067697,0.5938423830510438,4.052967244690819,-1.168919820273584,-0.209829167763095,0.8583916151092037,1.453642473615437,-0.6679301157637694,0.3381644914806481,-2.388630334223012
33.0,146.0,999.9856567382812,-0.5829128689670702,0.5938387513947792,4.052968225207277,-1.1689057271617505,-0.209820170634714,0.8584039095695992,1.4536111203010122,-0.6679411082521565,0.3381759063872591,-2.3886352416759866
33.0,146.0,999.9855346679688,-0.5829034675177915,0.5938369498804885,4.052969331483515,-1.168916803198785,-0.2098218620220198,0.8584043059741262,1.4536306211752548,-0.6679376820759044,0.3381628659521452,-2.3886466763657968
33.0,146.0,999.9854736328124,-0.5829047578269781,0.5938371058752221,4.052976443204729,-1.168920749190808,-0.2098277734342613,0.8583974964247689,1.453637120086344,-0.6679336596495311,0.3381696170789734,-2.388641782356486
33.0,146.0,999.9856567382812,-0.582909037406413,0.5938531725136276,4.0529554723089145,-1.1689182535277616,-0.2098266006887685,0.8583893427466949,1.4536416188530366,-0.6679264659118553,0.3381636227867393,-2.388630501208686
33.0,146.0,999.9856567382812,-0.5829127045670717,0.5938502781488264,4.052967073540705,-1.1689305085535775,-0.2098139442177586,0.8583937993275601,1.4536389204045674,-0.6679387823391378,0.3381429491468699,-2.38866507279994
33.0,146.0,999.985595703125,-0.582901181695803,0.5938350191024666,4.052977180154002,-1.1689167072741729,-0.2098301725821381,0.8583909554564784,1.4536296585453172,-0.6679321781056888,0.3381694928687899,-2.3886432267370257
33.0,146.0,999.9855346679688,-0.5829062010623423,0.5938390890932999,4.052970949337567,-1.1689124045420525,-0.2098259703824503,0.8583966593095944,1.4536302415628295,-0.6679388357017029,0.3381730946527508,-2.388636710693514
33.0,146.0,999.9855346679688,-0.5829055913397703,0.5938282534081889,4.052971045417888,-1.1689161091641518,-0.2098221518290106,0.8584112671415856,1.4536299324711068,-0.6679386692895433,0.3381713505895369,-2.388643139608566
33.0,146.0,999.9854736328124,-0.5829060996657702,0.5938356413307133,4.052968090833115,-1.1689183264693463,-0.209819893390339,0.8584031958237048,1.453628490533184,-0.6679335614159214,0.3381690984732159,-2.388641981928106
33.0,146.0,999.985595703125,-0.582901829830714,0.5938435285907424,4.052984251541044,-1.1689113251807055,-0.2098285477437347,0.8583896889374092,1.4536288965222264,-0.6679319824780041,0.3381900296784952,-2.3886313483708936
33.0,147.0,999.985595703125,-0.5829067506069361,0.5938565659902189,4.052972316488406,-1.1689271940503314,-0.2098235630605378,0.858381782283594,1.4536409285566751,-0.6679314450797822,0.3381679942302416,-2.3886379768520487
33.0,147.0,999.9855346679688,-0.58290283422137,0.5938393715160784,4.0529650686156575,-1.1689119749555217,-0.2098227249820734,0.8583983068668521,1.4536180629312865,-0.6679365389682506,0.338170813029838,-2.388639050267977
33.0,147.0,999.9855346679688,-0.5829138972330208,0.593844298398631,4.052982883626525,-1.168936068877053,-0.2098197564768247,0.8583827382404685,1.4536362481167222,-0.6679354999947975,0.33816708099096,-2.3886511663302223
33.0,147.0,999.9855346679688,-0.5829119920960562,0.5938498786121302,4.052966096105381,-1.1689282797953062,-0.2098174209993466,0.8583897256793351,1.4536329966604686,-0.667934407560808,0.3381534191412738,-2.388652073042587
33.0,147.0,999.9855346679688,-0.5829044055347987,0.5938366091267806,4.052981184421366,-1.1689250070361878,-0.2098231579866531,0.8583934209618684,1.453638085251793,-0.6679322718336902,0.3381805192767961,-2.3886346414422905
33.0,147.0,999.9855346679688,-0.5829051540063812,0.5938352358471111,4.052975972616025,-1.1689150530712462,-0.209823121042227,0.8584045716433764,1.453632018856334,-0.6679394325645855,0.338179623894054,-2.3886331036519746
33.0,147.0,999.9855346679688,-0.5829180482296596,0.5938518570160465,4.052965591059985,-1.168941361685076,-0.2098105660353004,0.8583789883360353,1.4536317887848993,-0.6679321730211321,0.3381498295300353,-2.388661434005152
33.0,147.0,999.985595703125,-0.5829130533081202,0.5938533649372868,4.0529750187926,-1.1689350228441824,-0.2098170372868821,0.8583762621986759,1.4536314512363644,-0.6679294652843684,0.3381607494560885,-2.388665390911023
33.0,147.0,999.9856567382812,-0.5829040869663267,0.5938398583851177,4.052975936335376,-1.168914808728165,-0.2098251026863611,0.8584059978266181,1.453633704237259,-0.667939258610418,0.3381635862169263,-2.388641661207523
33.0,147.0,999.9855346679688,-0.5829031197907177,0.5938382696889217,4.052965698665597,-1.1689094476394075,-0.2098252466635326,0.858404382751047,1.4536240415171946,-0.6679379706343749,0.3381644247198254,-2.388640486355172
33.0,147.0,999.9855346679688,-0.5829167999188014,0.5938581114152699,4.052973927765157,-1.1689355824490688,-0.2098180445073643,0.8583710954191881,1.4536344153756966,-0.6679296308697218,0.338154442747359,-2.388659622454389
33.0,147.0,999.9855346679688,-0.5829075651630653,0.5938495251577125,4.052969336458961,-1.1689292918503318,-0.209822570969437,0.858382499484966,1.4536344841251765,-0.6679275878291726,0.3381622830959756,-2.388641436704353
33.0,147.0,999.985595703125,-0.5829097283703746,0.5938374441722498,4.052968897028656,-1.1689183551107458,-0.2098201477526293,0.8584044259411705,1.4536338376113234,-0.6679337729825141,0.3381752022269948,-2.3886332669327857
33.0,147.0,999.9855346679688,-0.5829024204759765,0.5938264083641398,4.052965688534817,-1.1689140065349577,-0.2098242199242985,0.8584142218733071,1.4536318138453357,-0.667939411311858,0.3381651176508216,-2.388638768864748
33.0,147.0,999.9854736328124,-0.5829031125300332,0.5938400771448222,4.052976303472324,-1.168912868266712,-0.2098266063224443,0.8584010718822421,1.4536313590325998,-0.6679377901331476,0.3381730529845326,-2.388634988446662
33.0,147.0,999.9854736328124,-0.5829063279450724,0.5938376643023338,4.052969930810516,-1.1689204634416948,-0.2098241783837213,0.8583978483759749,1.453636030490023,-0.6679347153273758,0.3381605824787215,-2.388641907843778
33.0,147.0,999.9855346679688,-0.5829068843765945,0.5938364234285967,4.052965461392338,-1.1689148376416183,-0.209824931039023,0.8584012150568601,1.4536242696463928,-0.6679361330421854,0.338161440628447,-2.388645951062856
33.0,147.0,999.9855346679688,-0.5829121741994383,0.5938491663928982,4.0529704895475405,-1.168928874738004,-0.2098184625002179,0.8583804974516536,1.4536219765912506,-0.6679321769101785,0.3381600444963997,-2.388661810936336
33.0,147.0,999.985595703125,-0.5828950694751125,0.5938202609822092,4.052970867159363,-1.1688988551831403,-0.2098347672623743,0.8584211021858001,1.4536331809017031,-0.6679349617822536,0.3381832717739552,-2.3886215589660864
33.0,147.0,999.9855346679688,-0.5829049968192468,0.5938456667719514,4.052968375143703,-1.1689251088638004,-0.2098238000362808,0.8583939671291905,1.453639842426267,-0.6679356493404462,0.3381550628325289,-2.3886431383966427
33.0,147.0,999.9855346679688,-0.5829051671809466,0.5938361036266118,4.05297953390331,-1.168916368266513,-0.2098248821776467,0.8583965293262974,1.4536322840072504,-0.6679308163688731,0.3381834397353946,-2.3886371773584
33.0,147.0,999.9855346679688,-0.5828984268508837,0.5938294471628103,4.05296665379722,-1.1689017163485709,-0.2098281932953414,0.8584118859392014,1.4536239838666063,-0.6679351463594756,0.3381847899261583,-2.3886227757602265
33.0,147.0,999.9855346679688,-0.5829055211820737,0.5938419420714496,4.05297798020886,-1.1689192439061498,-0.2098216779081747,0.8583980653954173,1.4536337215228876,-0.6679366534036806,0.3381640828854113,-2.388648643464455
33.0,147.0,999.9854736328124,-0.5829061339257207,0.5938378281674801,4.052966727533825,-1.168916540544303,-0.2098244394019568,0.8584008352540975,1.4536345140018456,-0.6679321925537245,0.3381633511968216,-2.3886451020892125
33.0,147.0,999.985595703125,-0.5829172285384852,0.5938506969902244,4.052975061526428,-1.168929446991803,-0.2098135205847642,0.8583822987179985,1.45362685941567,-0.6679352545572002,0.3381622367933454,-2.3886594098192453
33.0,147.0,999.985595703125,-0.5829151954087335,0.593848821493391,4.0529842082991845,-1.1689344346137929,-0.2098205537261037,0.8583787060775041,1.453633604519439,-0.6679315915079664,0.3381651859525565,-2.388654724268578
33.0,147.0,999.985595703125,-0.5829061552156851,0.5938362473828604,4.052960509804922,-1.168915189093585,-0.209825649247632,0.858409435924413,1.4536385834459755,-0.6679360142011124,0.338160211617291,-2.388630198370123
33.0,147.0,999.9855346679688,-0.5829105372811663,0.593848884839252,4.052973648403151,-1.16892363024395,-0.2098222832597853,0.8583794778990272,1.453629313231839,-0.6679293799190535,0.3381661260417621,-2.3886536140089065
33.0,147.0,999.9856567382812,-0.5829122262023221,0.5938403111166712,4.052975955604799,-1.1689339125739484,-0.2098133294185951,0.8583899577481393,1.4536321800911702,-0.667932685178581,0.3381574803764486,-2.388656724913714
33.0,147.0,999.9854736328124,-0.5829042281980152,0.5938390926496862,4.05296825355475,-1.168925163339665,-0.2098245921846411,0.8583898470308853,1.453641716602836,-0.6679259148908656,0.338170999123176,-2.3886343592444943
33.0,147.0,999.985595703125,-0.5829069409102612,0.5938354364633449,4.0529778763020925,-1.1689309431435673,-0.2098208512036574,0.8583893445858894,1.4536374844504572,-0.6679314326373689,0.3381621368612828,-2.388663942402616
33.0,147.0,999.985595703125,-0.5828993906642319,0.5938345351029195,4.0529752857262,-1.1689093547097689,-0.2098252082748413,0.8584069465858413,1.45362885188249,-0.6679350210821262,0.3381784954199149,-2.3886382232486048
33.0,147.0,999.9854736328124,-0.5829064868673193,0.5938413494749888,4.0529705151298,-1.1689127182978116,-0.2098221118579442,0.8584010641856663,1.4536298690617988,-0.6679377006512359,0.3381703743899056,-2.388637691260062
33.0,147.0,999.985595703125,-0.5829114963249555,0.5938415427916794,4.05296794121786,-1.1689229293367642,-0.2098166215733474,0.8583943929404123,1.4536248449305518,-0.6679367544102197,0.3381641631506422,-2.388656643644742
33.0,147.0,999.9854736328124,-0.5829093937160783,0.5938429173730988,4.052972165148326,-1.1689226578892082,-0.2098256754667655,0.8583896980083612,1.453637875185719,-0.6679304541387472,0.3381616344062728,-2.38864840016268
33.0,147.0,999.9854736328124,-0.5829081423051266,0.5938354416463927,4.052973248123038,-1.1689301264258942,-0.2098203484210952,0.8583969733368866,1.4536349013429088,-0.6679351760394594,0.3381558130663054,-2.3886549262336523
33.0,147.0,999.985595703125,-0.582903853613562,0.5938473863070071,4.05296873316642,-1.1689261445365502,-0.2098268163470322,0.8583827170287819,1.4536455464136375,-0.6679251637990893,0.3381584323965416,-2.3886487034024526
33.0,147.0,999.9854125976562,-0.5829100000535732,0.5938456066576192,4.052969119149113,-1.1689281889613423,-0.2098205394807877,0.858387495273635,1.453633119800858,-0.6679313763635051,0.3381563411940167,-2.388654645573709
33.0,147.0,999.9855346679688,-0.5829167140885865,0.5938510564755193,4.052974694123464,-1.1689444382389786,-0.2098155869475224,0.8583719728163084,1.453642870896264,-0.6679254922557041,0.3381551023934648,-2.388661739342379
33.0,147.0,999.9855346679688,-0.5829037758997018,0.593839303989558,4.052973180110191,-1.1689277915010343,-0.2098285373793516,0.858388787070691,1.4536418109128189,-0.6679277627943474,0.3381636507193413,-2.3886378948473324
33.0,147.0,999.9855346679688,-0.582909041889101,0.5938417251872439,4.052963366651905,-1.1689188943394853,-0.2098157807814544,0.8583999932892254,1.4536206667388338,-0.6679377643257371,0.3381620642059681,-2.388648084853873
33.0,147.0,999.9855346679688,-0.5829072577925549,0.5938417241449425,4.052974859341536,-1.1689351271962876,-0.2098243975478935,0.85838902606727,1.4536506758930514,-0.6679311644547763,0.3381579697566836,-2.388648713335217
33.0,147.0,999.985595703125,-0.5829122852990887,0.5938414565878736,4.052976635593939,-1.168920416618413,-0.209815425369487,0.8583975013880245,1.453621208505158,-0.6679430286978345,0.3381596910479336,-2.3886622394262123
33.0,147.0,999.9855346679688,-0.5829175813214942,0.5938624461446826,4.05296946091271,-1.1689418994963874,-0.2098141658694805,0.8583635255072553,1.4536314314857215,-0.6679268484316117,0.3381493892183957,-2.388664390722666
33.0,147.0,999.9854736328124,-0.5829097538025811,0.5938453500062835,4.052971758055273,-1.1689315999265395,-0.2098240765313619,0.8583850462234128,1.4536424703452022,-0.6679318861425978,0.3381552267923755,-2.388652818662134
33.0,147.0,999.9855346679688,-0.5829120780766521,0.5938506859561183,4.052966404562357,-1.1689281768260271,-0.2098218900073822,0.8583830852834424,1.453640255197639,-0.6679309213470281,0.3381516466454561,-2.388652502588127
33.0,147.0,999.9855346679688,-0.5829017225416884,0.5938356516221646,4.052977362816613,-1.1689246195754537,-0.209825549730386,0.8583974622475736,1.4536445183351754,-0.6679320880946671,0.3381743859953356,-2.388629237917941
33.0,147.0,999.9855346679688,-0.5829060502651622,0.5938409144997223,4.052969036975513,-1.1689299149636394,-0.2098293912190989,0.8583906063369193,1.4536528140124592,-0.6679267714586299,0.3381575067129772,-2.388639718585222
33.0,147.0,999.9855346679688,-0.5829148626751843,0.5938579752062703,4.052961379574876,-1.1689398560616269,-0.2098173568081112,0.8583705355538793,1.4536423728229302,-0.6679255346372255,0.3381422296189393,-2.388659754642785
33.0,147.0,999.9855346679688,-0.5829136582569685,0.5938428909808451,4.05297145136003,-1.1689364496274357,-0.2098142321646428,0.8583896080563882,1.4536408085563115,-0.6679302579939064,0.3381561726785618,-2.388654221190123
33.0,148.0,999.985595703125,-0.582907085389694,0.5938436694238014,4.052977172182356,-1.168933103236467,-0.2098210185386086,0.8583804855615771,1.4536382619188295,-0.6679302978293729,0.3381704231011682,-2.38864285094609
33.0,148.0,999.9854736328124,-0.582909813423937,0.5938413505360662,4.0529744083701615,-1.1689374767839822,-0.20982176589371,0.858391579831455,1.4536491368561597,-0.6679310769391229,0.3381562638338433,-2.388651041651104
33.0,148.0,999.9854736328124,-0.5829030840232727,0.5938374284162027,4.052972101794774,-1.1689157507475918,-0.2098275091548602,0.8583992845081792,1.45363145580796,-0.6679329397094351,0.3381710927302084,-2.3886353467524546
33.0,148.0,999.9855346679688,-0.5829129772531711,0.5938531094949404,4.052972754714165,-1.1689270832062475,-0.2098187356963583,0.8583833347447118,1.453631019618892,-0.6679342555746874,0.3381544403756011,-2.388654664717829
33.0,148.0,999.9855346679688,-0.5829095405387008,0.5938551476269316,4.052966116165603,-1.168946535763487,-0.2098198818546999,0.8583677034970139,1.4536507757626709,-0.6679210544788807,0.3381470001840423,-2.38865497198647
33.0,148.0,999.9855346679688,-0.5829101220715405,0.5938467864307215,4.052963016965126,-1.1689262723299043,-0.2098217218064464,0.8583907783270739,1.4536397054934564,-0.6679310048817886,0.3381502529427092,-2.388649367215381
33.0,148.0,999.9855346679688,-0.5829017543414565,0.593829162538829,4.052970072926595,-1.168908413793262,-0.2098244929280781,0.858413367254121,1.4536253167746418,-0.6679411623095275,0.3381673720966835,-2.388637173438992
33.0,148.0,999.9855346679688,-0.5829107326605198,0.5938544002489055,4.0529623020172085,-1.1689283224876257,-0.2098227161697572,0.8583810884507823,1.453643709587153,-0.6679237658420103,0.3381566114916463,-2.3886452329680337
33.0,148.0,999.9855346679688,-0.5829019377197389,0.5938300556343385,4.0529670570632845,-1.1689095727271042,-0.2098241246035197,0.8584154157578148,1.453635554160206,-0.6679379972904984,0.3381743743339305,-2.3886289428685137
33.0,148.0,999.9854736328124,-0.5829052077582899,0.5938400171025187,4.0529682807764615,-1.1689162109616698,-0.2098245639287403,0.8583954761645085,1.4536277333728125,-0.6679341540538921,0.3381676176259276,-2.3886394946690137
33.0,148.0,999.9854736328124,-0.5829088939880158,0.5938535165704053,4.052971726177233,-1.1689310616033524,-0.2098211140767532,0.8583779583355389,1.4536349730489917,-0.6679299339247082,0.3381614675210551,-2.388651204278045
33.0,148.0,999.9855346679688,-0.582909155854523,0.59384936840463,4.052967355243032,-1.168921817677408,-0.2098224423684156,0.8583900989164324,1.453635217380647,-0.6679354306018928,0.3381551855345126,-2.388648887343808
33.0,148.0,999.9854736328124,-0.5829070587787077,0.5938370443546042,4.052976354562251,-1.1689290224834616,-0.2098240853109194,0.8583906286189471,1.4536397815899926,-0.6679311460967385,0.3381670108515742,-2.388642838105816
33.0,148.0,999.9854736328124,-0.5829099988666826,0.5938525111190485,4.052961102433015,-1.168932371090119,-0.2098206136027558,0.8583805576898316,1.4536397194667223,-0.6679266296905864,0.3381499504291163,-2.38865427906054
33.0,148.0,999.9854736328124,-0.5829086518777054,0.5938373327802768,4.052969880187238,-1.16892904820378,-0.2098198492636118,0.8583919721156779,1.4536375918642328,-0.6679291773590483,0.3381639548918977,-2.3886493406949216
33.0,148.0,999.9855346679688,-0.5829083608825156,0.5938355625355616,4.0529739223278085,-1.1689167786777173,-0.2098211784147325,0.858402614874767,1.4536303949037557,-0.6679360568426329,0.338171518593394,-2.388646139670863
33.0,148.0,999.9854736328124,-0.5829078197981357,0.5938425262160516,4.052967071408062,-1.1689382835176367,-0.2098200918278454,0.8583863471940543,1.4536416072031884,-0.6679295008459354,0.338150496113256,-2.388659018818671
33.0,148.0,999.9855346679688,-0.5829054975038774,0.5938406873397444,4.052977905148126,-1.16892099012396,-0.2098227160351564,0.8583891753205659,1.4536241732491335,-0.6679335432893714,0.3381670120665099,-2.3886537390829323
33.0,148.0,999.985595703125,-0.5829051013384676,0.5938333625412531,4.052975841136657,-1.1689179689604732,-0.2098294834340341,0.8583946087933008,1.4536345148181151,-0.6679322496039211,0.33816496644405,-2.3886430188126906
33.0,148.0,999.9855346679688,-0.5829053507018216,0.5938335989446832,4.05296715663823,-1.168921225109949,-0.2098246057830612,0.8583995317268434,1.4536345438164116,-0.6679335065305034,0.3381579178487426,-2.3886496226756098
33.0,148.0,999.9855346679688,-0.5829051352362473,0.5938335745265091,4.05297111429215,-1.1689223383091,-0.2098203906000026,0.8584032171250229,1.4536322919178026,-0.6679349173392115,0.3381692823470983,-2.38864378038
33.0,148.0,999.9855346679688,-0.5829050607427346,0.5938414303982311,4.052978194079978,-1.1689186078020564,-0.2098239924361733,0.8583900589568678,1.4536316365829816,-0.6679313566922689,0.338179818245611,-2.388640995935896
33.0,148.0,999.985595703125,-0.5829082662502971,0.5938485398030444,4.052962099356591,-1.168922159413175,-0.2098197852731846,0.8583970559576235,1.453632995428638,-0.6679355581537187,0.3381547368177307,-2.3886459348806084
33.0,148.0,999.9855346679688,-0.5829030015098278,0.5938385094549483,4.052973230549609,-1.1689210587838144,-0.2098305186116018,0.8583887012929639,1.453639782770261,-0.6679266254355536,0.3381731353490291,-2.3886390533709085
33.0,148.0,999.9854736328124,-0.5829099833665508,0.5938440752172633,4.052970721575102,-1.16893009135411,-0.2098204340668283,0.8583916559470959,1.4536423810761443,-0.6679321536458396,0.3381577845365466,-2.388646100625896
33.0,148.0,999.9855346679688,-0.5829121232505896,0.5938415247910012,4.052969621100623,-1.1689300645831633,-0.2098156472018475,0.8583960161359716,1.453636758926239,-0.6679362524480412,0.3381493831771722,-2.38866037133638
33.0,148.0,999.9855346679688,-0.5829028660057824,0.5938375959012063,4.052981591010017,-1.1689153356749546,-0.2098290853448343,0.8583990592246771,1.4536461565140844,-0.6679336853415618,0.3381828686316135,-2.3886278182988896
33.0,148.0,999.9854125976562,-0.5829088183574571,0.5938424353282068,4.05297578444938,-1.1689253168082816,-0.2098226789262636,0.8583913723616652,1.453632877308625,-0.6679344497056281,0.3381654135948428,-2.388649096436801
33.0,148.0,999.9855346679688,-0.5829110698855908,0.5938492226730121,4.052964322812473,-1.168924291374775,-0.2098248668257687,0.8583821111601129,1.453637723897331,-0.667928930369504,0.3381564970609565,-2.388641354711773
33.0,148.0,999.9855346679688,-0.5829147560846986,0.5938528330613266,4.052968806124252,-1.168939171671867,-0.2098137302995386,0.8583789228726344,1.4536363580704057,-0.6679284771599825,0.3381490949333248,-2.388661293628532
33.0,148.0,999.9854736328124,-0.5829097613448111,0.5938447733028562,4.0529747300810985,-1.1689344162671542,-0.2098238458144514,0.8583820787090186,1.4536416687710405,-0.6679292737859006,0.3381534988740196,-2.3886588303542684
33.0,148.0,999.9855346679688,-0.5829074823785145,0.5938371992336595,4.052975349272433,-1.1689168206582496,-0.2098198408749851,0.8584004480729348,1.4536242294581472,-0.6679395870415412,0.3381730656160115,-2.3886448609527045
33.0,148.0,999.9855346679688,-0.5829080712444865,0.5938419599918907,4.052974231488086,-1.1689285090962716,-0.2098211733133368,0.8583923738195267,1.453641545003047,-0.6679336243983256,0.3381536839615933,-2.3886570375371923
33.0,148.0,999.9854736328124,-0.5829026189395305,0.5938369387532463,4.052976033936272,-1.168915885689898,-0.2098280135524586,0.8583983547093617,1.4536314187851147,-0.6679362239519966,0.3381706363070078,-2.3886414648539773
33.0,148.0,999.985595703125,-0.5829059568312003,0.5938316578078151,4.052984049419528,-1.1689253109350064,-0.2098203969328613,0.858399547048859,1.4536276363547778,-0.6679406833172488,0.3381718907311573,-2.388654852317705
33.0,148.0,999.9855346679688,-0.5829116679388937,0.5938493437385164,4.052963728538645,-1.1689294401837698,-0.2098180214714915,0.8583827888782656,1.4536297784349808,-0.6679340460192993,0.338147487966224,-2.3886601866142976
33.0,148.0,999.9855346679688,-0.5829044562479755,0.5938317893711567,4.052976710727808,-1.1689116774320223,-0.2098269285453904,0.8584043831671408,1.453625506239372,-0.6679392764425591,0.3381708007859654,-2.3886438210817778
33.0,148.0,999.9854736328124,-0.5829034752757307,0.5938321609523136,4.052968078129011,-1.168917984054266,-0.2098248104679685,0.8584033305837622,1.4536377326943324,-0.6679316742184369,0.3381665980493453,-2.38863929646324
33.0,148.0,999.9854736328124,-0.5829058486408423,0.5938370030523323,4.052968051774043,-1.1689187871793347,-0.2098241491312027,0.8583985289087117,1.4536308588034874,-0.6679316737577583,0.3381695355754779,-2.3886368284618174
33.0,148.0,999.9854736328124,-0.5829081997361509,0.5938444317826272,4.052977480481266,-1.1689284693443636,-0.2098228058259934,0.8583836364381305,1.4536343944653556,-0.6679355190842013,0.3381618195662099,-2.388648180781898
33.0,148.0,999.9855346679688,-0.582912110841181,0.5938519258112951,4.052970310353976,-1.168930771930628,-0.2098157736294306,0.8583817546242098,1.4536217874079425,-0.6679369488741669,0.3381528473911555,-2.388663987956496
33.0,148.0,999.9855346679688,-0.5828983827077412,0.5938327381025035,4.052976812073233,-1.1689098125286286,-0.2098276121405984,0.8584056975025529,1.453630778394345,-0.6679373221949501,0.3381820322294118,-2.3886286879785192
33.0,148.0,999.9855346679688,-0.5829043096539124,0.5938353685688016,4.052970778803822,-1.1689159901905946,-0.2098250905825676,0.8584071545077929,1.4536347220960346,-0.6679367719994449,0.3381662469709265,-2.388642070358601
33.0,148.0,999.9855346679688,-0.5829096153642341,0.5938340424849198,4.052974011045018,-1.1689290442079638,-0.2098197528199854,0.8583983520796057,1.453638148926382,-0.6679307628944571,0.3381650744546451,-2.3886504661359904
33.0,148.0,999.985595703125,-0.5829068015990853,0.593848170115252,4.052966856445721,-1.1689193548112908,-0.2098291484057881,0.8583855521325026,1.453637170596772,-0.6679317455801499,0.3381637625676381,-2.388636051286685
33.0,148.0,999.9854736328124,-0.582907394408041,0.5938433729660613,4.0529668021569005,-1.1689289669418734,-0.209823587028846,0.85839111054237,1.4536420290267449,-0.6679310227984097,0.338149921679447,-2.388652862558506
33.0,148.0,999.985595703125,-0.5829137175887791,0.5938486149564257,4.052967152203369,-1.1689336672475048,-0.2098140044826149,0.858388858056907,1.453641742094649,-0.6679306548248825,0.3381450202151503,-2.3886647616686933
33.0,148.0,999.985595703125,-0.5828963252020349,0.5938279775878632,4.052976885889731,-1.16890691221952,-0.2098296895214888,0.8584094117631205,1.4536297398169695,-0.6679400674573577,0.3381827887663844,-2.388630892485084
33.0,148.0,999.9855346679688,-0.5829055371450123,0.593839602115052,4.052980455183072,-1.1689231363287012,-0.2098244213474842,0.8583927237012077,1.4536300429247255,-0.6679334391292144,0.3381753970143455,-2.3886453058682138
33.0,148.0,999.9854736328124,-0.5829018649850104,0.5938363241034681,4.052973972562999,-1.1689108593426911,-0.2098277834316197,0.8584053579415416,1.4536353456346305,-0.6679345866457975,0.3381772050722906,-2.38863108381362
33.0,149.0,999.9855346679688,-0.5829046422081259,0.5938366975431979,4.052974442800611,-1.168917015356361,-0.2098289060963214,0.858399825624713,1.453639999863058,-0.6679360601238864,0.3381730339874327,-2.3886300933758924
33.0,149.0,999.985595703125,-0.5828994333323365,0.5938335697767805,4.052969752946503,-1.1689276737292746,-0.2098277147178651,0.8583963987142074,1.453651425269915,-0.6679291572645507,0.3381598703149304,-2.388638330042478
33.0,149.0,999.9854736328124,-0.5829085942253691,0.593833606671101,4.052965576509962,-1.168921543758004,-0.2098224633868195,0.8584029211313435,1.4536341931231664,-0.6679324078337645,0.3381639166159438,-2.388641566262988
33.0,149.0,999.9854736328124,-0.5829073902755333,0.5938412120662075,4.052972709584738,-1.1689300174525394,-0.2098218832031246,0.858390122880972,1.4536383842025336,-0.6679314209833,0.3381585137563148,-2.3886469429949897
33.0,149.0,999.9854736328124,-0.5829063306313422,0.5938318573752666,4.052974548415365,-1.1689186598677417,-0.2098235959554379,0.8584029296950435,1.4536318761555158,-0.6679353632222647,0.3381669153898228,-2.388648690771896
33.0,149.0,999.9854736328124,-0.5829049926487588,0.5938346016304221,4.052970646003445,-1.168911986493926,-0.2098239291543189,0.8584074444153931,1.453625558901659,-0.6679401337035831,0.3381695409832197,-2.3886365995790766
33.0,149.0,999.9854736328124,-0.5829014805629136,0.5938413586795352,4.052974231622052,-1.1689221691724776,-0.2098261057018522,0.8583918982466621,1.4536373115807866,-0.6679317377041691,0.3381695362515371,-2.3886403035749675
33.0,149.0,999.9855346679688,-0.5829078060785768,0.593831651932665,4.05297308199566,-1.1689171193242602,-0.2098258582226613,0.8584015622727019,1.4536332213092304,-0.6679378947336208,0.3381684930065507,-2.3886355911241406
33.0,149.0,999.9854736328124,-0.5829077675362866,0.5938478329791561,4.052966653553465,-1.1689324214137238,-0.2098223690135539,0.8583858273932137,1.4536435659064235,-0.6679290005430945,0.3381520405588691,-2.388647215791628
33.0,149.0,999.9854736328124,-0.5829043266057994,0.5938326008779828,4.0529699316552925,-1.1689244762681623,-0.2098262593760029,0.8583993515396156,1.4536439436269033,-0.6679325974678081,0.3381609367073599,-2.3886424646008617
33.0,149.0,999.9855346679688,-0.582902759070997,0.5938306421291326,4.052979476174656,-1.1689148757120749,-0.2098277811549804,0.8584069975889754,1.4536319552107146,-0.6679423541771712,0.3381715472163913,-2.3886393169516924
33.0,149.0,999.9854736328124,-0.5829067753360908,0.593848981075082,4.052971982965904,-1.1689239393656292,-0.2098269877113328,0.8583863704559356,1.4536431575281163,-0.6679312226659775,0.3381633122536005,-2.3886381612510683
33.0,149.0,999.9855346679688,-0.5829098495270122,0.5938494794878686,4.052971755881387,-1.168937543434437,-0.2098208763158027,0.8583781646131587,1.4536368870715377,-0.6679299103417975,0.3381579665127336,-2.3886539711957
33.0,149.0,999.9854125976562,-0.5829079155046273,0.5938432600440571,4.052975248891471,-1.168935946332803,-0.2098230979101059,0.8583845039740181,1.4536450444229212,-0.6679299582522393,0.3381597875292064,-2.3886497476202435
33.0,149.0,999.9854736328124,-0.5829043506005398,0.593838796247951,4.052978427669133,-1.168922134562289,-0.2098252081206517,0.858392820196892,1.453631704224798,-0.6679334411337701,0.3381676812773202,-2.388650141710476
33.0,149.0,999.9855346679688,-0.5829131287772116,0.593848222032479,4.052971802981345,-1.1689493387369647,-0.2098185745026235,0.8583762770895937,1.4536575180036335,-0.6679264447778257,0.3381486851330972,-2.388656300695447
33.0,149.0,999.9855346679688,-0.5829067682222409,0.5938398527061208,4.052978693331706,-1.1689341451635071,-0.2098218294404592,0.8583892397489032,1.453640549397499,-0.6679350890657805,0.3381551113660244,-2.3886592334989656
33.0,149.0,999.985595703125,-0.5829095051853459,0.593852151557086,4.052973046147772,-1.1689341039979668,-0.2098229277403165,0.8583794379532597,1.4536379215758295,-0.6679311050157102,0.3381489025385145,-2.388659446089996
33.0,149.0,999.9854736328124,-0.5829098496890879,0.5938439730804701,4.052968715486426,-1.1689206774234853,-0.209821504724756,0.8583923218554741,1.4536324144047583,-0.6679328829836262,0.3381645120225247,-2.38864387965376
33.0,149.0,999.9855346679688,-0.582898040017489,0.5938357310485678,4.052972602517906,-1.1689056175352022,-0.2098294338165889,0.8584092425412484,1.453629529817472,-0.6679351469158101,0.3381815495240312,-2.388624501604069
33.0,149.0,999.9854736328124,-0.5829078349929597,0.5938397687416188,4.052977277829969,-1.1689290632814493,-0.2098224868900411,0.8583859370833835,1.4536333295090105,-0.6679317394136248,0.3381679984254759,-2.3886476926181937
33.0,149.0,999.9854125976562,-0.5829127278840511,0.5938476338090517,4.052971797453093,-1.1689375811547489,-0.2098200478833423,0.8583797719253594,1.4536408378802443,-0.6679299369396361,0.3381542427105692,-2.388657342112388
33.0,149.0,999.9854125976562,-0.5829086530463092,0.5938455287510322,4.052969648002964,-1.1689264995087116,-0.2098212662786061,0.858388742891024,1.453633896292291,-0.6679333519618167,0.3381614791648406,-2.3886449587208585
33.0,149.0,999.9854736328124,-0.5829052674241684,0.5938387568624641,4.05297424422154,-1.1689239648947418,-0.2098240189870113,0.858392356460361,1.4536290318092595,-0.6679327707471581,0.3381669403832399,-2.3886486685757053
33.0,149.0,999.9854736328124,-0.5829037188587858,0.5938275344315622,4.052968728021753,-1.168908804463669,-0.2098239475252619,0.8584126669316525,1.453624727178168,-0.6679366886390135,0.3381756585933759,-2.388635031494696
33.0,149.0,999.9855346679688,-0.5829050718477271,0.5938343502370813,4.052971501671195,-1.1689252596654582,-0.2098236275899196,0.8583986626460574,1.4536393961692935,-0.667934873145219,0.338157336759453,-2.388650330863693
33.0,149.0,999.9855346679688,-0.5829135790236446,0.5938504796418957,4.052965117487231,-1.1689355017458638,-0.2098169654626467,0.8583833544571542,1.4536372296792417,-0.6679317768870847,0.338141375598906,-2.388667532039772
33.0,149.0,999.9854736328124,-0.5829069004780978,0.5938430085098769,4.05297169472615,-1.1689293901840032,-0.209823366919041,0.8583897462239642,1.4536444359051837,-0.6679275164669791,0.3381621004601642,-2.388651157934319
33.0,149.0,999.9854736328124,-0.5829050652137466,0.5938418515194774,4.05298003625891,-1.1689218252817608,-0.2098281109132411,0.8583897731105052,1.453637955139664,-0.6679329745184335,0.3381687192930087,-2.388646240705075
33.0,149.0,999.9854736328124,-0.5829063897677687,0.5938494851586427,4.052973822313389,-1.1689293153411828,-0.2098242086865882,0.8583861116756939,1.4536459108465518,-0.6679313325343852,0.3381617380729009,-2.3886429273007384
33.0,149.0,999.9854736328124,-0.5829057404589921,0.5938409497734813,4.052971748983472,-1.1689270075861788,-0.2098270661623864,0.8583890425501064,1.4536378011299649,-0.6679320112084293,0.3381610191414328,-2.3886458252586062
33.0,149.0,999.9854736328124,-0.5829063750915946,0.5938428398014324,4.052969900428975,-1.1689277193141323,-0.2098245061068624,0.8583915667261959,1.4536399033914416,-0.6679302378756526,0.3381662296863261,-2.3886420521304337
33.0,149.0,999.9854736328124,-0.5829101650637201,0.5938472845271541,4.052972734502168,-1.1689332034500692,-0.2098202039087446,0.8583786472866457,1.4536407325334508,-0.6679283557598721,0.338161736303757,-2.38864557564758
33.0,149.0,999.9856567382812,-0.5829156324981586,0.5938506498915306,4.052966918926128,-1.168935174399964,-0.2098178281441622,0.8583860889966886,1.4536354876261033,-0.6679365658729841,0.3381390042090864,-2.3886650701834267
33.0,149.0,999.9854736328124,-0.5829081537184955,0.5938445157720542,4.052970756669557,-1.1689318151393686,-0.2098237970143195,0.8583846514425177,1.453640698207426,-0.6679290016622277,0.3381531185281039,-2.3886532242346563
33.0,149.0,999.9855346679688,-0.5829138066676434,0.5938471061902426,4.0529802565011295,-1.168932429316806,-0.2098215487748902,0.8583851853889879,1.453641811943589,-0.6679338406546629,0.3381636362386135,-2.3886512210462985
33.0,149.0,999.9854736328124,-0.5829084024511495,0.5938371541071605,4.0529723473018535,-1.1689313236447418,-0.2098205981873482,0.8583941782054128,1.4536421275063285,-0.6679331345880843,0.3381559076506413,-2.388652150538534
33.0,149.0,999.9855346679688,-0.5829121738708984,0.5938506682200249,4.052973010658214,-1.1689510217199284,-0.2098206981043135,0.8583720094541922,1.4536547896187857,-0.6679244944159706,0.3381407428618317,-2.3886681944101795
33.0,149.0,999.9854736328124,-0.5829036498318629,0.5938396779203803,4.0529704058858105,-1.1689203669931296,-0.2098282167972209,0.8583907586337345,1.4536373597129035,-0.6679292367867502,0.3381651584352152,-2.388640947968806
33.0,149.0,999.9854736328124,-0.5829088592876648,0.5938469711854104,4.052970630776752,-1.1689311649129968,-0.2098194354709415,0.8583826669873984,1.4536352243737465,-0.6679311896009281,0.3381586808402401,-2.3886536040111177
33.0,149.0,999.9854736328124,-0.5829066334212643,0.5938409011832313,4.052970662258671,-1.1689210771723282,-0.2098240348992464,0.8583965866799845,1.4536347607668103,-0.6679322497705273,0.3381653834950748,-2.38864182558602
33.0,149.0,999.9854736328124,-0.5829075993382853,0.5938417149844604,4.052969502932614,-1.1689298412079188,-0.2098209525210199,0.85839478808618,1.4536365024011406,-0.6679372006693001,0.3381546281718153,-2.3886493606506134
33.0,149.0,999.9854736328124,-0.5829038344019075,0.5938338678733235,4.052971945567791,-1.1689204204635215,-0.2098261181381335,0.8583997105956858,1.453637052211871,-0.6679338519364864,0.3381654165254764,-2.388639370519678
33.0,149.0,999.9855346679688,-0.5829054090934864,0.5938388455088139,4.052962550442979,-1.1689184323218529,-0.2098243844588223,0.8584030171969737,1.4536386544909154,-0.667932169817357,0.3381625228839553,-2.388639106600201
33.0,149.0,999.9854736328124,-0.5829063790394722,0.5938488346722082,4.0529782183684855,-1.1689207597343132,-0.2098252011045778,0.8583892036424681,1.4536348242013544,-0.6679375836556769,0.3381680576470733,-2.3886402339218367
33.0,149.0,999.9854736328124,-0.5829037219170647,0.5938372128547424,4.052978171115312,-1.1689162703140197,-0.2098276624767434,0.8583970199169588,1.4536317405377055,-0.6679368398489043,0.3381770457606334,-2.388632285467469
33.0,149.0,999.9854736328124,-0.5829063339066138,0.593841003012205,4.052970607838539,-1.1689159687822626,-0.2098252643680878,0.858391449837228,1.4536254269363391,-0.6679331013029834,0.3381642253431014,-2.3886451724543827
33.0,149.0,999.9855346679688,-0.5829075374346306,0.593845407824344,4.052971932686125,-1.168934440740725,-0.2098246472603007,0.8583854800232151,1.4536515522315874,-0.6679279443733694,0.3381535971772385,-2.388647614831804
33.0,149.0,999.9854736328124,-0.5829131892730688,0.5938491133530697,4.052968685930178,-1.168934816804286,-0.2098206146459755,0.8583796258940879,1.4536425382122236,-0.667925734799228,0.3381553779311321,-2.388658902604797
33.0,149.0,999.9854736328124,-0.5829056189520525,0.5938358351901432,4.052977326829337,-1.1689209541606624,-0.2098246252094924,0.8583926882352477,1.4536292237932802,-0.6679330770556442,0.3381705859493049,-2.3886509010041808
33.0,150.0,999.9855346679688,-0.5829063226625513,0.5938369866292872,4.052964155119955,-1.168927898368055,-0.2098234726456391,0.858399517512332,1.4536465209511735,-0.6679293210742099,0.3381574082748066,-2.388644825791141
33.0,150.0,999.9855346679688,-0.5829044602691997,0.5938399450463159,4.052974101083196,-1.1689155128963886,-0.209827791136413,0.8584003759326926,1.453638890391879,-0.6679355232145481,0.338171675192247,-2.388627020905896
33.0,150.0,999.9855346679688,-0.5829002102777832,0.5938369989697545,4.052967200227977,-1.1689125629178,-0.2098318728942239,0.858401222216596,1.4536395145181888,-0.6679292401217412,0.3381702211635087,-2.388627036851521
33.0,150.0,999.9855346679688,-0.5829092676138758,0.5938504086165528,4.052969524949901,-1.1689268505875463,-0.2098218314850788,0.8583850336193501,1.4536321761149598,-0.6679340066443684,0.3381524474289321,-2.388652044511708
33.0,150.0,999.9855346679688,-0.5829073898889892,0.5938471833729029,4.052979345478503,-1.1689299646365603,-0.2098262677000661,0.858378725470085,1.4536386152789804,-0.6679314438928969,0.3381647093649631,-2.3886515571777323
33.0,150.0,999.9854736328124,-0.582908565701187,0.5938409494397989,4.052973357057562,-1.1689333684498724,-0.2098224674969557,0.858383406755145,1.453635211474995,-0.6679328769831834,0.3381614775735384,-2.388651941947479
33.0,150.0,999.985595703125,-0.5829170207469012,0.59385876371715,4.05297834411021,-1.1689492814266012,-0.2098203127967437,0.85836011140458,1.453644763386169,-0.667925624952801,0.3381521680243748,-2.388666400489017
33.0,150.0,999.9855346679688,-0.5829152758775766,0.5938542284515584,4.052973179761182,-1.1689455503964874,-0.2098175792685204,0.8583722206863245,1.4536427218142691,-0.6679280999859607,0.3381530950297664,-2.388662858910413
33.0,150.0,999.9854736328124,-0.5829117056887236,0.5938529972507309,4.052967764359369,-1.1689353936372986,-0.2098196022047638,0.8583796697517654,1.4536437195231289,-0.6679295372748246,0.3381485302888629,-2.388654725093198
33.0,150.0,999.9855346679688,-0.5829032969298042,0.5938446314354842,4.052970164337301,-1.1689232194515211,-0.2098267389824464,0.858385400534595,1.453633225654655,-0.6679296549270877,0.3381626340055979,-2.3886466363471848
33.0,150.0,999.9855346679688,-0.5829045455837676,0.5938414951342761,4.052976953679071,-1.1689258498384243,-0.2098285965794977,0.8583873191626719,1.4536423959165798,-0.6679315434296935,0.3381634139858018,-2.388647315743752
33.0,150.0,999.9854736328124,-0.5829073387346124,0.5938393610325887,4.052972777554647,-1.1689290635352734,-0.2098242000385273,0.8583911768985262,1.4536383530795671,-0.6679322580035096,0.3381623133240996,-2.3886499240846435
33.0,150.0,999.9854736328124,-0.582902899425787,0.5938331456666157,4.052968345047439,-1.1689287412960383,-0.2098237503971605,0.8583993328586725,1.453642823876379,-0.6679323607986136,0.3381600850765611,-2.388643501085477
33.0,150.0,999.9855346679688,-0.5829140498629144,0.5938463455503111,4.052974675294452,-1.1689388457516698,-0.2098156686992442,0.8583820224177261,1.453640856122603,-0.6679316161195308,0.3381560816368516,-2.388662084923356
33.0,150.0,999.9854736328124,-0.5829103182671451,0.5938463997364707,4.0529735910884686,-1.1689402995202274,-0.2098221932703738,0.8583769065377709,1.4536465750405183,-0.6679261898115865,0.3381550112282792,-2.388656186788931
33.0,150.0,999.9854736328124,-0.5829057246411224,0.5938398720189939,4.052972807729256,-1.168918899214736,-0.2098239555398366,0.8583935139033505,1.4536310669581347,-0.6679336409494772,0.3381677110436323,-2.388637472255636
33.0,150.0,999.9855346679688,-0.5829111216179763,0.5938476715667296,4.052974260733102,-1.168943472476092,-0.2098204489823176,0.8583753504840397,1.453649994660525,-0.6679292309307172,0.3381517989017757,-2.388662746494416
33.0,150.0,999.9854736328124,-0.5829117042120675,0.5938453473726586,4.052966087534827,-1.168936014789137,-0.2098174430321657,0.8583867984523401,1.4536384859567777,-0.6679308501245984,0.3381531742905377,-2.3886523892058307
33.0,150.0,999.9854736328124,-0.5829068630301197,0.5938407864035709,4.0529754778441625,-1.1689178734781254,-0.2098230166791452,0.858394023126289,1.453628956655832,-0.6679330305357025,0.3381762853581271,-2.388640711493077
33.0,150.0,999.9855346679688,-0.5829126569907324,0.593854241238474,4.052975712922894,-1.1689473354486286,-0.2098195391693575,0.8583689912256363,1.453649939224828,-0.6679281432222375,0.3381527589644415,-2.388662597345483
33.0,150.0,999.9854736328124,-0.5829134656855901,0.5938570838033819,4.052968336718051,-1.1689376759163213,-0.2098213952326135,0.8583729893329339,1.45364447975507,-0.6679259717411714,0.3381535741541466,-2.3886538209036807
33.0,150.0,999.9854736328124,-0.5829091851523422,0.5938421326296144,4.052974953093205,-1.1689360208100408,-0.2098215157473291,0.8583861847988263,1.4536442050133154,-0.6679303054487127,0.3381560836653339,-2.388653289262864
33.0,150.0,999.9854125976562,-0.5829098245699766,0.5938450555643815,4.052971343806933,-1.1689244496833022,-0.2098217268130069,0.8583895782713826,1.4536314733763298,-0.6679352578878541,0.3381618756785087,-2.388646326421056
33.0,150.0,999.9854736328124,-0.5829131639878593,0.5938525611514045,4.052960379296732,-1.1689318633770345,-0.2098175485539695,0.8583798578017809,1.4536363903284508,-0.6679263571472056,0.3381480216141765,-2.388658765133836
33.0,150.0,999.9855346679688,-0.5829079582611225,0.5938410272038563,4.052978813325645,-1.1689309806724797,-0.2098192973643273,0.8583897632888142,1.453630160251401,-0.6679361684001135,0.3381624955329698,-2.3886594550141496
33.0,150.0,999.9854736328124,-0.5829045866093701,0.5938395084345256,4.0529717212687935,-1.1689156201662647,-0.2098279067982584,0.8583932617456691,1.4536353775147193,-0.6679341909050782,0.3381706309846963,-2.3886350386310795
33.0,150.0,999.9854736328124,-0.5829108677821528,0.593853150155061,4.052970971580018,-1.168928018083303,-0.2098210806224303,0.8583843779850593,1.4536372435812774,-0.6679323837968205,0.338155725065735,-2.388647056718622
33.0,150.0,999.9854736328124,-0.5829122405381231,0.5938465534871282,4.052981113065398,-1.168933306302693,-0.2098200530223506,0.8583812837100186,1.4536362103442455,-0.6679309689891983,0.3381671782385567,-2.3886507254596974
33.0,150.0,999.9854736328124,-0.5829109619745045,0.5938445924462412,4.052970260847575,-1.168930214386743,-0.2098201387759681,0.8583870984628632,1.4536295960537284,-0.6679336084135441,0.3381541856911561,-2.3886589777844454
33.0,150.0,999.9854736328124,-0.5829087316289705,0.5938434285798699,4.052969788179277,-1.1689334286993236,-0.2098244400232971,0.8583849083041422,1.4536445222612162,-0.6679269633309906,0.3381618813625051,-2.3886454565454995
33.0,150.0,999.9854736328124,-0.5829084574378189,0.5938376872495787,4.0529699957066825,-1.1689207136343538,-0.2098209429400599,0.8584030549550388,1.453630816709551,-0.6679367945972183,0.3381649080245283,-2.38864415346373
33.0,150.0,999.9854736328124,-0.582907942685277,0.5938445555080083,4.052969627588428,-1.168930040045455,-0.2098222512145779,0.8583861892400302,1.4536445141630665,-0.6679289338706234,0.3381621856828563,-2.3886439266956345
33.0,150.0,999.9854125976562,-0.5829066081174004,0.5938386285417439,4.052973067149059,-1.1689218473879484,-0.2098240442954004,0.8583951006392967,1.4536327762664207,-0.6679345095447857,0.3381644002485657,-2.3886433966788347
33.0,150.0,999.9854736328124,-0.582905069054724,0.5938433295474823,4.052971545403239,-1.1689245248890567,-0.2098251816024552,0.858393322820671,1.4536384763909762,-0.6679336482863274,0.3381677649380563,-2.388638508160099
33.0,150.0,999.9854736328124,-0.5829141906458943,0.5938455343542266,4.052976903843229,-1.168933275796226,-0.2098170451170569,0.8583846050376467,1.4536308409453689,-0.6679379442246356,0.338154532181365,-2.388662666004626
33.0,150.0,999.9854736328124,-0.5829060817920437,0.5938414788337099,4.052977452802317,-1.1689316166023804,-0.2098240584306552,0.8583863393861568,1.4536371721368635,-0.6679333054228191,0.3381615399896702,-2.388650373586877
33.0,150.0,999.9855346679688,-0.582903074693478,0.5938393864232712,4.052979527005963,-1.1689148832006646,-0.2098303354872612,0.8583969155979663,1.4536374743100318,-0.6679361003738373,0.3381718908212283,-2.388637213049778
33.0,150.0,999.9854736328124,-0.5829038686234895,0.59384171506077,4.052975697221124,-1.1689248814770448,-0.2098269259320426,0.8583891799204801,1.4536450785659198,-0.6679291562675784,0.3381679117874636,-2.38863979917022
33.0,150.0,999.9854736328124,-0.5829096288090394,0.5938479075482288,4.052976110334679,-1.1689396778415082,-0.2098210868897148,0.8583782605519303,1.4536492336067974,-0.6679270164090259,0.3381619399370095,-2.388649396494148
33.0,150.0,999.9854736328124,-0.5829056660064813,0.5938392134164232,4.0529691327257815,-1.1689266805867886,-0.2098218691582207,0.858396739248743,1.4536346170976415,-0.6679307556227183,0.3381581432118103,-2.388648838435512
33.0,150.0,999.9854736328124,-0.5829098563016624,0.5938379551765998,4.052972709590874,-1.1689327738397275,-0.2098197364839009,0.85839104984084,1.4536405643289294,-0.6679291418711806,0.338161646983119,-2.388651113215304
33.0,150.0,999.9854736328124,-0.5829081084050696,0.5938391144981594,4.052970610333112,-1.1689278169622623,-0.2098232891766143,0.858392893852221,1.453640939105255,-0.6679295876941289,0.3381613942483019,-2.388644385049823
33.0,150.0,999.9854736328124,-0.5829093018025064,0.593847905551506,4.0529667694137945,-1.168935879626527,-0.2098214857875664,0.8583809687373556,1.4536376210728363,-0.6679304032951654,0.3381486654486911,-2.3886553251346894
33.0,150.0,999.9854736328124,-0.5829074526460003,0.5938448634347102,4.052974879874974,-1.1689305739660352,-0.2098236553434809,0.8583843896175107,1.4536378617303258,-0.6679316445029482,0.3381581495237382,-2.3886498471722084
33.0,150.0,999.9855346679688,-0.5829112243248504,0.593837841279572,4.052970123546997,-1.1689336835047688,-0.2098157422894386,0.8583962821119879,1.453637184867862,-0.667931712972524,0.3381627236623448,-2.388650904281873
33.0,150.0,999.9855346679688,-0.582908499639526,0.5938352118684129,4.052966562497888,-1.1689372432428424,-0.2098191480290996,0.8583931865513961,1.4536461635823708,-0.6679263406835672,0.3381611976383549,-2.388646485755021
33.0,150.0,999.9854125976562,-0.5829106807975197,0.5938437784822659,4.052969480674269,-1.1689358516796244,-0.2098210234618909,0.858386145621135,1.4536421443436345,-0.6679294394066755,0.3381579933322172,-2.388650238730703
33.0,150.0,999.9855346679688,-0.5829103755089413,0.5938478002144603,4.052969743881459,-1.168925468985027,-0.2098221577801684,0.8583870671178184,1.4536284546602918,-0.667933042590863,0.3381601160146195,-2.388658469996728
33.0,150.0,999.9854736328124,-0.5829062513746921,0.593836822598675,4.052970247058722,-1.168927157725244,-0.2098219565654222,0.8583966100794438,1.453640263236449,-0.6679314452690353,0.338164708560777,-2.388639221023868
33.0,150.0,999.9854736328124,-0.5829097105555139,0.593844315081431,4.052964900642136,-1.1689352874039145,-0.2098189731117941,0.8583854850264352,1.4536369315240911,-0.6679283108584695,0.3381498842369135,-2.3886616187502274
33.0,151.0,999.9854125976562,-0.5829091356463474,0.5938421744297093,4.0529675997816135,-1.1689279947019529,-0.2098212204380116,0.8583880966081896,1.4536344652003974,-0.6679300846824772,0.3381565518846567,-2.388650509548373
33.0,151.0,999.9854125976562,-0.5829096217373131,0.5938438088084697,4.052969400938345,-1.168926709870064,-0.2098236544802914,0.8583880619853366,1.4536361464894405,-0.6679290059206888,0.3381612396215256,-2.388648602622579
33.0,151.0,999.9854736328124,-0.5829064441187493,0.5938402176837272,4.052971722812684,-1.168923928053215,-0.2098265077637968,0.8583917075199743,1.453636366608647,-0.667932136174616,0.3381662614424696,-2.388639814667031
33.0,151.0,999.9855346679688,-0.5829100421233377,0.5938535834802252,4.052966684943588,-1.168935041245219,-0.2098233379053944,0.8583796691521117,1.4536500514320805,-0.6679297224501433,0.3381539011372787,-2.388645428903237
33.0,151.0,999.9854125976562,-0.5829093321577066,0.5938423587083843,4.052977037554109,-1.1689326839535743,-0.2098231905333261,0.8583861575997576,1.453641684009927,-0.6679315164522102,0.3381640625641866,-2.388646263214958
33.0,151.0,999.9854736328124,-0.5829070918115873,0.5938371256676112,4.0529717012532895,-1.1689189097128958,-0.2098252965839071,0.8583989453674263,1.453635036695161,-0.6679306165430701,0.3381690482168977,-2.388643994589988
33.0,151.0,999.9854736328124,-0.5829089227017539,0.593842196287194,4.052974491484703,-1.1689353159022762,-0.2098231768877374,0.8583870790657846,1.4536495703869576,-0.6679290187873175,0.3381624876143991,-2.3886444342214586
33.0,151.0,999.9854736328124,-0.5829104482519574,0.5938430445075351,4.052968347896321,-1.1689283745131869,-0.2098209748677106,0.8583891782349955,1.4536366888932095,-0.667929070915549,0.338159406057481,-2.3886542315709507
33.0,151.0,999.9855346679688,-0.5829139431234518,0.5938567023172645,4.052968241272637,-1.1689429605194817,-0.2098139531275702,0.8583757151406646,1.4536455921528804,-0.6679296060858846,0.3381466674709843,-2.388658734259653
33.0,151.0,999.9854736328124,-0.582913184300005,0.5938528661097306,4.052965455360237,-1.1689402285297863,-0.2098182816886176,0.8583804616599133,1.4536426289284785,-0.6679287195653982,0.3381462989570227,-2.3886565705552214
33.0,151.0,999.9854736328124,-0.5829135077561389,0.593851767174538,4.052968214556078,-1.1689470768969108,-0.209817034857628,0.8583779627708763,1.4536509169539844,-0.667927521165808,0.3381446831185997,-2.3886628344438665
33.0,151.0,999.9854736328124,-0.5829129735331549,0.5938529710343801,4.052971777741568,-1.1689418005822247,-0.2098192181014528,0.8583771752447058,1.453646218022886,-0.6679281636265291,0.338149537043213,-2.388660696503639
33.0,151.0,999.9854125976562,-0.582909468175731,0.5938423221544866,4.052973466123483,-1.1689309080014465,-0.2098216689252021,0.8583877930807295,1.453639656194493,-0.6679297723048991,0.3381642201557913,-2.388649391893943
33.0,151.0,999.9854736328124,-0.582909780379449,0.5938467658026862,4.052968969206216,-1.1689414185208364,-0.2098222152967626,0.8583777645510047,1.4536495174037238,-0.6679249579178945,0.3381512003661147,-2.3886523203258543
33.0,151.0,999.9854736328124,-0.5829092479669082,0.5938444407779295,4.052973728408997,-1.1689303931728574,-0.2098228514086448,0.8583849801144634,1.4536338455826143,-0.6679323741726542,0.3381562822584811,-2.388652323274309
33.0,151.0,999.9854736328124,-0.5829150349493979,0.5938514357456084,4.052968867518139,-1.1689450193532518,-0.2098181606714959,0.8583762718019177,1.4536506769005155,-0.6679252806609002,0.3381460877715145,-2.3886592048089312
33.0,151.0,999.9854736328124,-0.582908465822892,0.5938382884251245,4.052970988568099,-1.1689262168790555,-0.2098208828659986,0.858394458299756,1.4536320874372055,-0.6679353427161718,0.3381585625461012,-2.388653731895636
33.0,151.0,999.9854736328124,-0.5829023559665396,0.5938361537068326,4.052966411418055,-1.1689171983021978,-0.2098275755370942,0.8584018763330672,1.453634751128714,-0.6679319808081701,0.3381692123883484,-2.3886315311134703
33.0,151.0,999.9854736328124,-0.582911854810912,0.5938484139590052,4.052970602282111,-1.1689359974769706,-0.2098187297782194,0.8583838977594391,1.453638574449812,-0.6679301059788916,0.3381486389753991,-2.388664667519669
33.0,151.0,999.9854736328124,-0.5829094373405708,0.5938415642059427,4.052981013981764,-1.1689344533633577,-0.2098209064791634,0.858383024480518,1.4536357117825585,-0.6679332319353062,0.3381642958963793,-2.3886500380751925
33.0,151.0,999.9854736328124,-0.5829078048328702,0.5938394125429456,4.052966127067561,-1.1689315160896134,-0.2098212708638858,0.858393964058294,1.4536404927796154,-0.6679311031425774,0.3381530078825498,-2.3886512626968868
33.0,151.0,999.9854736328124,-0.5829122403584446,0.5938469904923904,4.052969856599095,-1.168932723249199,-0.20981769726734,0.8583841002175463,1.4536378355432111,-0.667930223844218,0.3381580180986017,-2.38865597312109
33.0,151.0,999.9854736328124,-0.5829134177761102,0.5938537433559512,4.0529706053074985,-1.1689422567167511,-0.2098193571496915,0.8583734811732171,1.45363903829044,-0.667928168716065,0.3381480465869497,-2.388662672295792
33.0,151.0,999.9854736328124,-0.5829137283753614,0.5938509760388548,4.052967641149408,-1.1689419932122518,-0.2098174565177233,0.8583768745350104,1.4536379370223391,-0.667930086166451,0.3381472627243509,-2.388660831124521
33.0,151.0,999.9854736328124,-0.5829102984968895,0.593852502358466,4.052970832221671,-1.168924926072601,-0.2098226057610448,0.8583844281408872,1.45363829564433,-0.6679322779122199,0.3381600450006967,-2.388642844802116
33.0,151.0,999.9855346679688,-0.5829137677930536,0.5938475583171705,4.052971219772822,-1.1689284344888624,-0.2098164810839407,0.858389396738306,1.4536311119742562,-0.6679332365389277,0.3381567437380548,-2.3886620879338305
33.0,151.0,999.9854736328124,-0.5829100795127564,0.5938481280435486,4.052974628724105,-1.1689286872783748,-0.2098213277716354,0.8583833981283293,1.4536341898256229,-0.6679347758894467,0.3381633997092068,-2.3886445035429853
33.0,151.0,999.9854125976562,-0.5829086731610342,0.5938467196364492,4.052973064181067,-1.1689315984429194,-0.2098230829027842,0.8583817247654446,1.4536405303397482,-0.667929211247456,0.338160219032213,-2.388649152547369
33.0,151.0,999.9854736328124,-0.582906470560002,0.5938435477494384,4.05297158990453,-1.168927956998274,-0.2098209060492726,0.8583877545477705,1.453628947195896,-0.6679337581928113,0.3381602420991205,-2.3886526885536736
33.0,151.0,999.9854736328124,-0.5829100566634864,0.5938528232026083,4.052973556723325,-1.1689265828388482,-0.2098213420951742,0.8583808629576328,1.453633754841431,-0.6679315577506166,0.3381639048307105,-2.3886471372990488
33.0,151.0,999.9854125976562,-0.5829112120720907,0.5938471693797247,4.0529675999061805,-1.168929329385033,-0.2098211201169517,0.8583849137879076,1.4536335800219868,-0.6679304238178201,0.3381574973299974,-2.3886512473325223
33.0,151.0,999.9854736328124,-0.5829087614060517,0.5938402419403079,4.052967829978627,-1.1689235352172025,-0.2098223036530893,0.8583957635036734,1.453628288921171,-0.6679334740911189,0.3381656384961529,-2.38864333285912
33.0,151.0,999.9854736328124,-0.5829152430121205,0.5938534878159407,4.052971800471209,-1.1689474468692271,-0.2098157612900246,0.8583739679511186,1.45364573098976,-0.6679257170200934,0.3381498682802073,-2.388662746148001
33.0,151.0,999.9854736328124,-0.5829082996630186,0.5938465356427312,4.052972734915667,-1.168925163330195,-0.2098209696207229,0.8583867961657692,1.4536327864153673,-0.667933702933122,0.3381620530388085,-2.388644802439326
33.0,151.0,999.9854736328124,-0.5829052234411307,0.5938387146022839,4.052970553135157,-1.16891974316178,-0.2098274859277227,0.8583936185537757,1.4536367223554585,-0.6679283706912873,0.3381681250246551,-2.3886409551924666
33.0,151.0,999.9854736328124,-0.582910100342005,0.5938474940344287,4.052961992531209,-1.1689361835230605,-0.2098190198078304,0.8583858784722196,1.4536385240211906,-0.6679290403058342,0.3381454014933771,-2.388661075409304
33.0,151.0,999.9854736328124,-0.5829097243850541,0.5938437125267972,4.052970304113924,-1.168928182564168,-0.2098239359020741,0.8583892915934861,1.4536452903047363,-0.6679303887120422,0.3381600432505678,-2.388644497765756
33.0,151.0,999.9854736328124,-0.5829079890415958,0.5938400249107234,4.052975291253095,-1.168931242297932,-0.2098259029552451,0.8583870467514902,1.4536450295944388,-0.6679304193628122,0.3381664955232377,-2.388645223412778
33.0,151.0,999.9854736328124,-0.5829109494918079,0.5938450728075093,4.052967121516156,-1.168926739431301,-0.2098180333621453,0.8583908932095419,1.4536295625799314,-0.6679355803809308,0.3381574404446033,-2.3886539891481573
33.0,151.0,999.9854736328124,-0.5829046304588967,0.5938401055302016,4.052972650902486,-1.168927907506208,-0.2098241098120308,0.8583931878365547,1.453642592384579,-0.6679330947389825,0.3381590846592797,-2.3886490446025177
33.0,151.0,999.9854125976562,-0.5829096574097816,0.5938414562241565,4.052968821960993,-1.1689353994425282,-0.2098205194442606,0.8583871044292559,1.453644483272246,-0.6679280295811836,0.3381584037166361,-2.388651796328738
33.0,151.0,999.9854736328124,-0.5829047228367807,0.593835833732661,4.052975650380226,-1.1689172516897224,-0.2098264445679669,0.8584005239593395,1.453636573301087,-0.6679361967941997,0.3381670906770733,-2.3886404531264818
33.0,151.0,999.9854736328124,-0.5829065848839203,0.5938369759528053,4.052970888735906,-1.1689329500795766,-0.2098232432982651,0.8583910467603326,1.4536424863452009,-0.6679306537116219,0.3381575557760161,-2.388650956357353
33.0,151.0,999.9854736328124,-0.5829075888377364,0.593840736914574,4.052970572451738,-1.1689172458678905,-0.209821963894667,0.858397575290347,1.4536289223268737,-0.667931679493031,0.3381725287475179,-2.388642298125525
33.0,151.0,999.9855346679688,-0.582913095752569,0.5938508805366718,4.052970598648564,-1.1689431387651728,-0.2098212378447499,0.8583697395559646,1.4536432796019805,-0.6679264327393639,0.3381556141304767,-2.38865184362794
33.0,151.0,999.9854125976562,-0.5829094003390498,0.5938399097201099,4.052971975668651,-1.16893263085887,-0.2098222751669949,0.8583907533418245,1.453642470114897,-0.6679291444122573,0.3381569386967786,-2.388652036730278
33.0,151.0,999.9854736328124,-0.5829097412062181,0.5938539306916422,4.05297383843031,-1.1689312420235929,-0.2098243201902061,0.8583751371519233,1.4536418231346513,-0.6679275410874936,0.3381634685498706,-2.388643630874978
33.0,151.0,999.9854736328124,-0.582910471192192,0.5938480284786021,4.052970305112666,-1.1689299072380075,-0.2098230383373618,0.8583835551182881,1.45364001154946,-0.6679299914308681,0.3381592498765524,-2.388651610266938
33.0,151.0,999.9854736328124,-0.582907847748535,0.5938427887214894,4.052979560915846,-1.1689384224818995,-0.2098240062323597,0.8583858969742995,1.453647901677626,-0.6679327797537642,0.3381586539173939,-2.3886498485838565
33.0,151.0,999.9854736328124,-0.5829061121182475,0.593839018799704,4.052968093009326,-1.1689230121644596,-0.2098249416284563,0.8583922674201592,1.453637721922588,-0.6679299800124916,0.338164268348784,-2.3886411204985003
33.0,152.0,999.9854125976562,-0.5829114707441017,0.5938450002487903,4.052967236264566,-1.168936746906576,-0.2098180467278219,0.8583857025869186,1.4536379491767306,-0.6679302498698156,0.3381519544462374,-2.388659520647493
33.0,152.0,999.9854736328124,-0.5829139897560633,0.5938456300423791,4.052973703390951,-1.1689478467289094,-0.2098180867503565,0.8583791082050309,1.4536488092372035,-0.6679256752175693,0.3381499921373478,-2.388661704830723
33.0,152.0,999.9854736328124,-0.582904536837229,0.5938426720738939,4.052971911161853,-1.1689240269193188,-0.2098268605537709,0.8583911081693651,1.453643193826525,-0.6679301748121027,0.3381654228623514,-2.388640048510682
33.0,152.0,999.9854736328124,-0.5829053932693649,0.5938349545089263,4.052970666123319,-1.1689233133777548,-0.2098231534345371,0.858396315430606,1.4536317762163922,-0.6679329203154314,0.3381677680905941,-2.3886458187858444
33.0,152.0,999.9854736328124,-0.5829135778158419,0.5938488520929406,4.052966872727154,-1.1689299992656117,-0.2098197746953092,0.8583814945245098,1.4536332547864532,-0.6679276862721126,0.3381585212124793,-2.3886534031679933
33.0,152.0,999.9854125976562,-0.5829119810906693,0.5938460550809133,4.05297404694554,-1.168937281630011,-0.2098200915549739,0.8583818001299361,1.4536427982077704,-0.6679294279493,0.3381578752772736,-2.388651423991065
33.0,152.0,999.9854736328124,-0.5829145246461493,0.5938514859225368,4.052964271998123,-1.1689298005949629,-0.2098169725135044,0.8583799994632706,1.4536284654580616,-0.6679296224567093,0.3381475915550913,-2.3886655009178743
33.0,152.0,999.9854736328124,-0.5829050133963731,0.5938424292523745,4.05297729609153,-1.168926012153598,-0.2098253538858561,0.8583889979191097,1.4536396365529924,-0.6679302157030529,0.3381722867828083,-2.388638945602504
33.0,152.0,999.9854125976562,-0.5829074659476081,0.5938470381081,4.052970764177022,-1.168926025370436,-0.2098234538158845,0.8583848579659676,1.4536327506634397,-0.6679293285194339,0.3381607548651644,-2.388648673239925
33.0,152.0,999.9854736328124,-0.5829086395880232,0.593844916363321,4.0529672191326345,-1.1689314170892864,-0.2098219693517027,0.8583868327328794,1.4536401924110771,-0.6679296061838871,0.3381589301993823,-2.388647944986744
33.0,152.0,999.9854736328124,-0.5829119884596583,0.5938507335420784,4.052974380262072,-1.168931051709191,-0.209820590352562,0.8583796144759424,1.4536370623660213,-0.6679320642655764,0.3381581821837152,-2.3886550772570785
33.0,152.0,999.9854736328124,-0.5829079228736127,0.5938465948733453,4.0529744065301045,-1.168925001305979,-0.209822911994765,0.8583895983681469,1.4536371954795315,-0.6679333696446674,0.3381617696209771,-2.388646363798052
33.0,152.0,999.9854736328124,-0.582916031874718,0.5938559988650924,4.052971151797291,-1.168939369839983,-0.2098188489619659,0.8583721517550131,1.4536408277685622,-0.6679297317094051,0.338149981096878,-2.388655492205781
33.0,152.0,999.9855346679688,-0.5829066678300237,0.5938404922032126,4.0529685347473325,-1.1689302551455598,-0.2098252523081871,0.8583941044643462,1.453645413273005,-0.6679289376084991,0.3381613029737558,-2.3886435436812565
33.0,152.0,999.9854125976562,-0.5829105215802652,0.5938475700037094,4.052966797288507,-1.1689315864270382,-0.2098200080639118,0.8583840582312376,1.4536372633087735,-0.6679289757809777,0.3381572055800852,-2.3886498312856808
33.0,152.0,999.9854125976562,-0.5829119672464058,0.5938427849259913,4.052972629317296,-1.1689367442315062,-0.2098197208558279,0.8583852108456744,1.4536403167650755,-0.6679305785720686,0.3381558803918381,-2.3886589799548075
33.0,152.0,999.9854125976562,-0.5829108354048538,0.5938476795540035,4.052971717636478,-1.1689288618267133,-0.2098216078890473,0.8583814147213094,1.453635492584613,-0.6679304336490972,0.3381593736965902,-2.3886508233511177
33.0,152.0,999.9854736328124,-0.5829091967513227,0.5938477697752536,4.052973208334299,-1.168928722834532,-0.2098211290408747,0.8583806336687214,1.4536302962893108,-0.6679300310771827,0.3381595562158237,-2.388654143728705
33.0,152.0,999.9854736328124,-0.58290856053471,0.5938444011413635,4.052972672521642,-1.1689292237662667,-0.2098233771321078,0.8583842774192272,1.4536360593153974,-0.6679288991079542,0.3381662680428263,-2.3886464739131235
33.0,152.0,999.9854736328124,-0.5829102568596127,0.5938428612711544,4.052976169102118,-1.1689384323037393,-0.2098201537618589,0.8583859060912014,1.453644367097758,-0.6679301757266076,0.338155635783739,-2.38865596441526
33.0,152.0,999.9854736328124,-0.582910258278174,0.5938443786310765,4.052967771454798,-1.1689259119989952,-0.2098225891907184,0.8583886422168199,1.4536344720843817,-0.6679315085130462,0.338155137951909,-2.388651109200089
33.0,152.0,999.9854736328124,-0.582910279758738,0.5938455839739536,4.052969012536732,-1.1689369547088884,-0.2098222449155331,0.8583808497888077,1.453644625928348,-0.6679252289013302,0.3381504385594924,-2.3886605840558355
33.0,152.0,999.9854125976562,-0.5829115649415471,0.5938446660858796,4.052965529423391,-1.1689349947752308,-0.2098195377315121,0.8583858295849831,1.4536409019645538,-0.6679298975229813,0.3381519308571992,-2.3886527193221885
33.0,152.0,999.9854736328124,-0.5829054953066395,0.5938373686265441,4.052976139567623,-1.1689267891727133,-0.2098251956408861,0.8583953327806686,1.4536402611814738,-0.6679308558585815,0.3381712265041265,-2.388642152383716
33.0,152.0,999.9854736328124,-0.5829080046903714,0.5938419194949871,4.052972298348113,-1.168917933866482,-0.2098221346021036,0.8583940068379281,1.453625206339078,-0.6679347161338729,0.3381675410891258,-2.388645170550738
33.0,152.0,999.9854736328124,-0.5829099767761816,0.5938392963621641,4.052966807714494,-1.168926508796405,-0.2098178795750733,0.8583953893243983,1.4536316773896925,-0.6679318285610103,0.3381612179785804,-2.3886502245943344
33.0,152.0,999.9854736328124,-0.5829114056064535,0.5938512744004161,4.052969074358373,-1.168929198646716,-0.2098209611358816,0.8583785453712593,1.4536294255010809,-0.6679324465818679,0.338153407597666,-2.388656446656865
33.0,152.0,999.9854736328124,-0.5829120000459573,0.5938514907798922,4.0529728544123,-1.1689441534294769,-0.2098202242006452,0.8583726844777573,1.4536479330451266,-0.6679258973859055,0.3381521328845203,-2.388658009892093
33.0,152.0,999.9854736328124,-0.5829157338273205,0.5938431768612684,4.052966828556059,-1.1689394030309632,-0.2098192125929499,0.8583825074353886,1.4536374299556094,-0.6679270769051353,0.3381477937060273,-2.3886632047188288
33.0,152.0,999.9854125976562,-0.5829086964190671,0.5938434595696958,4.052971756254683,-1.1689257795983377,-0.2098211939120497,0.85839022481467,1.453633982859719,-0.6679320633027457,0.3381645316400288,-2.388648079752768
33.0,152.0,999.9854736328124,-0.5829075846039098,0.5938404560981194,4.052970638612393,-1.1689232090155075,-0.2098228392065184,0.8583893887177005,1.4536298739216056,-0.6679284060078086,0.3381700274356927,-2.3886442922439404
33.0,152.0,999.9855346679688,-0.5829058331348005,0.5938361363997311,4.05297106782079,-1.1689179684740196,-0.209823501440642,0.8584006645103823,1.4536311792029375,-0.6679310751700136,0.338172192965418,-2.388640860195003
33.0,152.0,999.9855346679688,-0.5829101130667089,0.5938429456418595,4.052968886789287,-1.1689202375200884,-0.2098212128485315,0.8583931519599588,1.4536326717127572,-0.6679286965792892,0.3381626845956429,-2.3886469939980683
33.0,152.0,999.9854736328124,-0.5829137647827283,0.5938469203684607,4.052970026148486,-1.168944611829957,-0.2098189892188582,0.8583761121686448,1.453645766975768,-0.6679255217468256,0.3381511232510608,-2.388660391622482
33.0,152.0,999.9854125976562,-0.5829086215604145,0.5938407340986913,4.05297107461705,-1.1689282207705087,-0.209822871802487,0.8583875584895617,1.4536366006809305,-0.6679301306243488,0.3381596940933047,-2.3886496978031007
33.0,152.0,999.9854125976562,-0.58290858859141,0.593844386276845,4.052970458904596,-1.1689345957520891,-0.2098222652601915,0.8583852245053949,1.4536447972609965,-0.667929108700748,0.3381538632128613,-2.388653103422953
33.0,152.0,999.9854736328124,-0.5829102663700789,0.5938448310767184,4.052965552032028,-1.168942704520091,-0.2098214251736383,0.8583808316040429,1.453652738025493,-0.6679234232506097,0.3381478389816141,-2.388655411887302
33.0,152.0,999.9854125976562,-0.5829081997775258,0.5938390320099902,4.052966608199451,-1.1689291660868903,-0.209820706670694,0.8583914532259342,1.453638449596247,-0.6679278963136772,0.3381605299321979,-2.388648362035957
33.0,152.0,999.9854125976562,-0.5829057270505036,0.5938412677710749,4.052971671071308,-1.168925073476907,-0.2098235663099927,0.858392440383005,1.453638500764337,-0.6679328608711304,0.338163368614941,-2.388645596211268
33.0,152.0,999.9854125976562,-0.5829055480810181,0.5938401831042972,4.052971380528362,-1.168922736773037,-0.2098243323820563,0.8583924525546074,1.4536358089779338,-0.6679304069670948,0.338167612760099,-2.3886424594535023
33.0,152.0,999.9855346679688,-0.582909390105737,0.5938457786250018,4.052973027073767,-1.1689384096024318,-0.209823492364733,0.8583805880894904,1.4536540818703625,-0.6679278973521816,0.3381568133054449,-2.3886495145360525
33.0,152.0,999.9854736328124,-0.582908795088847,0.593842248516026,4.052964193611924,-1.1689305594721713,-0.2098227700899286,0.8583914563809723,1.4536382648077373,-0.6679308911180089,0.3381573701865603,-2.388645172650412
33.0,152.0,999.9854736328124,-0.5829083884684465,0.5938419762815013,4.052967803247432,-1.1689338647225576,-0.2098225203212571,0.8583834878158694,1.453645119379586,-0.6679240225791343,0.3381581014534207,-2.3886490575360675
33.0,152.0,999.9854736328124,-0.5829080400666022,0.5938404481540278,4.05297113216125,-1.1689349699824576,-0.2098229134030269,0.8583934763383496,1.4536501499019234,-0.6679315322763744,0.338156984475364,-2.3886469801342813
33.0,152.0,999.9854736328124,-0.5829078741103473,0.5938388013912457,4.05296847201901,-1.1689204968617508,-0.2098239189410682,0.8583979987720696,1.4536330695396673,-0.6679333215550178,0.3381647214565024,-2.388644559907773
33.0,152.0,999.9854125976562,-0.5829083247655849,0.59384102193878,4.0529693086677305,-1.1689284491224017,-0.2098235707101752,0.8583878483324305,1.4536401722650665,-0.6679275476070821,0.3381614787915943,-2.3886494238454183
33.0,152.0,999.9854736328124,-0.5829083759897742,0.5938471120259114,4.052972406598139,-1.1689248098064513,-0.2098240815116812,0.8583843877650645,1.4536376701750564,-0.6679296708927032,0.338165219367303,-2.388642162236456
33.0,152.0,999.9854736328124,-0.5829069423989459,0.5938402969087697,4.052969170322674,-1.168930644501053,-0.2098235486739312,0.8583937018245704,1.4536489561895491,-0.6679263211656963,0.338159554549061,-2.3886467627867205
33.0,152.0,999.9854125976562,-0.5829072386413285,0.5938424123928758,4.052970818736007,-1.1689267088521813,-0.2098228315688945,0.858390780040688,1.4536351118069044,-0.6679305134363069,0.3381640353896102,-2.3886454268298825
33.0,152.0,999.9855346679688,-0.582908960850844,0.5938431857843396,4.052969825778693,-1.1689237609764245,-0.2098254116737479,0.858387660805862,1.45364066102717,-0.6679274027264057,0.338163332295629,-2.3886418308947537
33.0,153.0,999.9854736328124,-0.5829123735711566,0.593846914624514,4.052973895984591,-1.1689400594943828,-0.2098196931395719,0.8583755842885843,1.4536404737910755,-0.6679260307586414,0.3381565855307009,-2.3886583521681137
33.0,153.0,999.9854736328124,-0.5829097131141312,0.5938439187975808,4.052969488808529,-1.1689362864014408,-0.2098219166392612,0.8583859514090095,1.4536439542170907,-0.66792672830009,0.3381592622546767,-2.388653481662164
33.0,153.0,999.9854125976562,-0.5829095362188221,0.5938450603959433,4.052970084907837,-1.168931772507773,-0.2098221089241967,0.8583847845815455,1.453639307019432,-0.6679306278374231,0.3381552640944587,-2.3886514198617377
33.0,153.0,999.9854736328124,-0.5829104173828767,0.5938444267085021,4.052962023564724,-1.1689291748074226,-0.2098200139565085,0.8583889992375084,1.4536366991207172,-0.6679307110149999,0.338155604172913,-2.388648716268342
33.0,153.0,999.9854736328124,-0.5829078654153559,0.593839635843838,4.052962717322492,-1.1689301953356264,-0.2098212543812501,0.8583922895411789,1.4536389823256275,-0.6679283307919412,0.3381531691829567,-2.38865237260112
33.0,153.0,999.9854736328124,-0.5829132013474947,0.5938519092258581,4.052971079738892,-1.168945462548157,-0.2098183132428994,0.8583723763570728,1.453646573040002,-0.6679265034321942,0.3381475604057993,-2.388660519635594
33.0,153.0,999.9854736328124,-0.5829118238308322,0.5938493700997682,4.052967193864546,-1.1689425896243355,-0.2098189000325199,0.858374508854717,1.453644217796751,-0.6679233448218129,0.3381546163820284,-2.388659319579491
33.0,153.0,999.9855346679688,-0.582906410886066,0.5938371997554182,4.052964866278975,-1.1689281108087748,-0.2098229058278002,0.8583923621363336,1.4536376931733557,-0.6679305778568505,0.3381495363569788,-2.388658264713943
33.0,153.0,999.9854125976562,-0.5829126241934768,0.5938480727589699,4.05296717604447,-1.168937705224332,-0.2098174037777136,0.8583792222660964,1.453636798862722,-0.6679289525511054,0.3381523080516855,-2.388660420470428
33.0,153.0,999.9854736328124,-0.5829060606652137,0.5938356113030565,4.052971043827942,-1.1689290929019718,-0.2098232490609666,0.8583965105148526,1.4536430107512377,-0.6679288685836031,0.3381617013306606,-2.3886436798517154
33.0,153.0,999.9854125976562,-0.5829114966388946,0.5938463103926761,4.052970590791672,-1.1689391377303266,-0.2098186294739159,0.8583829683629016,1.453642868362862,-0.6679296453402355,0.3381548019370894,-2.3886577983942754
33.0,153.0,999.9854736328124,-0.5829117736480942,0.5938477441471299,4.05296783076647,-1.1689351101391656,-0.2098188104876932,0.8583828349143143,1.453637508894909,-0.6679320564689215,0.3381495136444412,-2.388655667338768
33.0,153.0,999.9854736328124,-0.5829137527066743,0.5938494014690612,4.052963848028625,-1.1689395471451158,-0.209819150913173,0.858381320880155,1.4536457259477895,-0.6679275784452186,0.3381480676544033,-2.3886543738169443
33.0,153.0,999.9854125976562,-0.5829110377964692,0.5938459482390934,4.052969193821092,-1.1689316524641091,-0.2098208947697326,0.8583851809790737,1.4536385284301856,-0.6679300476775936,0.3381553915917843,-2.388653027694705
33.0,153.0,999.9854125976562,-0.5829091139246048,0.5938430392569476,4.0529703803383,-1.16892946296936,-0.2098222949420201,0.8583856349880588,1.4536353455215432,-0.6679316149486825,0.3381582450112388,-2.388650561447452
33.0,153.0,999.9854736328124,-0.5829085683129618,0.5938485138772176,4.052972445353577,-1.168930266600969,-0.2098210740957098,0.8583861064154483,1.4536426972580232,-0.6679304621155477,0.338160880990868,-2.3886475629029147
33.0,153.0,999.9854736328124,-0.5829106318280273,0.593843897559311,4.052972319791387,-1.1689267889360306,-0.20982203152015,0.8583851100554254,1.453629732453089,-0.6679305158279432,0.3381648731000979,-2.388651022366465
33.0,153.0,999.9854125976562,-0.5829091712301491,0.5938442599980913,4.052969733584476,-1.1689275869493807,-0.2098205690724182,0.8583885373285796,1.4536333815945248,-0.6679311247223039,0.3381625604622371,-2.388648165678864
33.0,153.0,999.9854736328124,-0.5829117053602975,0.593845914406625,4.0529712664837785,-1.1689480758211968,-0.2098188004764614,0.8583761369934191,1.4536480035038526,-0.6679252462189478,0.3381463957270352,-2.38866658031746
33.0,153.0,999.9854736328124,-0.5829129240359023,0.5938491221547277,4.052964138979437,-1.168940551204897,-0.2098169685484565,0.8583798493374051,1.4536398740220893,-0.6679277411872313,0.3381471334867303,-2.388663735773387
33.0,153.0,999.9854125976562,-0.58291022982627,0.5938439048007638,4.052970516103656,-1.1689330496935737,-0.2098209712880478,0.8583872631406644,1.453643841713136,-0.667930094700063,0.3381571009029969,-2.388649777283669
33.0,153.0,999.9854736328124,-0.582906074080074,0.5938402599701984,4.052970941672896,-1.1689289888205994,-0.2098241422526605,0.8583897996726106,1.453637696491148,-0.6679315960818046,0.3381582780362713,-2.3886465842863536
33.0,153.0,999.9854736328124,-0.5829089018783558,0.5938407473211926,4.052968998543312,-1.168930633830176,-0.2098218380700913,0.8583908940057929,1.453635748212588,-0.6679350355745566,0.3381569589297326,-2.388648560983828
33.0,153.0,999.9854125976562,-0.5829062570220742,0.59383604568057,4.052970947964244,-1.1689309061506714,-0.2098226678221824,0.8583908041325028,1.4536397825587235,-0.6679285703051505,0.3381603411571383,-2.388649065614633
33.0,153.0,999.9854736328124,-0.5829098005327635,0.5938450589634625,4.0529677820131855,-1.1689418098088202,-0.209820680539126,0.8583814389308042,1.4536464388816714,-0.6679262833715196,0.3381521480890122,-2.38865837215894
33.0,153.0,999.9854125976562,-0.582911693917433,0.593845586301641,4.0529689551667865,-1.1689340130288266,-0.2098201128683632,0.8583833197487962,1.45363854994282,-0.66793074523678,0.3381575118342592,-2.388649050597098
33.0,153.0,999.9854125976562,-0.5829107020076982,0.5938414373862262,4.05296892996925,-1.1689356842315028,-0.2098196993096435,0.858387600505095,1.453639370725873,-0.6679307073814647,0.3381517106612559,-2.388657098724225
33.0,153.0,999.9854736328124,-0.5829063288031548,0.5938350787340765,4.052967630887492,-1.1689222456680026,-0.2098213070654777,0.8584016747444707,1.453631904969975,-0.6679334554261063,0.3381643668365157,-2.388645145090984
33.0,153.0,999.9854736328124,-0.5829096195331323,0.5938427313291674,4.0529648063531525,-1.1689268307902885,-0.2098197821591325,0.8583936059147117,1.4536323148894963,-0.6679348059532035,0.3381565780770321,-2.388646962542152
33.0,153.0,999.9854125976562,-0.5829092663157311,0.5938469419261319,4.052969606916097,-1.1689282764641389,-0.2098203489853132,0.8583859324539027,1.453634491613764,-0.6679309842616279,0.3381572111571422,-2.388650366588207
33.0,153.0,999.9855346679688,-0.5829119683772248,0.5938481072194932,4.0529614595553305,-1.1689405573396177,-0.2098210365156188,0.8583784643975054,1.4536450866081232,-0.6679240013139989,0.3381439448540213,-2.388660694524551
33.0,153.0,999.9854736328124,-0.5829100166466965,0.5938446436976532,4.052970452998988,-1.1689383808701597,-0.2098187116693983,0.8583850545974308,1.453643888024569,-0.6679326834702026,0.3381508053598097,-2.3886561470776395
33.0,153.0,999.9854736328124,-0.5829118193640044,0.5938487312670961,4.052969334469697,-1.1689395070248194,-0.2098203330989889,0.85837859193835,1.4536391912043012,-0.6679288887301196,0.3381524011382355,-2.388655928075773
33.0,153.0,999.9854736328124,-0.5829089975421926,0.5938494407515593,4.052964636774384,-1.1689318218342677,-0.2098199705799475,0.8583841104107872,1.453635631279523,-0.6679307408867983,0.3381523114999165,-2.38865136177047
33.0,153.0,999.9854125976562,-0.5829084912808167,0.5938455804351968,4.052965604103152,-1.1689305534045946,-0.2098222673299279,0.8583870732677923,1.453640948951337,-0.667928568839721,0.3381582637893787,-2.388645165335708
33.0,153.0,999.9854736328124,-0.5829122796556137,0.593847309715029,4.052968254286888,-1.1689334528990218,-0.209820288029638,0.8583805273198752,1.4536372967834763,-0.6679278302999041,0.3381530007655984,-2.388657989420792
33.0,153.0,999.9854736328124,-0.5829052423406793,0.5938386028196971,4.052973752360499,-1.168923657464556,-0.209828101466706,0.8583938058229421,1.4536425169181155,-0.6679317699864349,0.338163793460458,-2.388640437175764
33.0,153.0,999.9854736328124,-0.5829121646628597,0.59384367994722,4.052969367228803,-1.1689408900636304,-0.2098185464112063,0.8583789980346346,1.4536376464889311,-0.6679248715242059,0.3381533512917309,-2.38866529196177
33.0,153.0,999.9854736328124,-0.5829118663073354,0.5938496330371468,4.052967537939741,-1.168934113047961,-0.2098200792816715,0.8583814000280166,1.453640296473914,-0.6679301531078687,0.3381519901568053,-2.3886548830996475
33.0,153.0,999.9854125976562,-0.5829086416982303,0.5938399296608496,4.05296855037165,-1.1689324280786657,-0.2098213423087163,0.858391893164069,1.453638945276082,-0.6679300009369085,0.3381567233334266,-2.3886512602715664
33.0,153.0,999.9854125976562,-0.5829086491147688,0.5938438845270086,4.052969005882435,-1.1689254232716246,-0.2098220622156201,0.8583868412404119,1.4536305424270637,-0.6679315585296219,0.3381604546059389,-2.388649392193586
33.0,153.0,999.9854125976562,-0.5829090985600418,0.5938385078730066,4.052973007847356,-1.1689307886582627,-0.2098203166096137,0.8583909799524356,1.453637249145566,-0.6679321760424841,0.3381626985189623,-2.388649576097693
33.0,153.0,999.9854736328124,-0.582911458669563,0.5938469368527688,4.05297118993008,-1.1689312478918468,-0.2098216259209406,0.8583852236448086,1.453639795304504,-0.6679306714265119,0.338157583715672,-2.388650118874918
33.0,153.0,999.9854736328124,-0.5829113148843081,0.5938432877943844,4.052970762996273,-1.1689350714387192,-0.2098190953389487,0.8583863268470555,1.453637873329222,-0.6679282973271956,0.3381596853710453,-2.388655333517626
33.0,153.0,999.9854125976562,-0.582910195589549,0.5938448066947011,4.0529676837420165,-1.1689304519108097,-0.2098203182533495,0.858386292309163,1.453637190808612,-0.6679298781077394,0.3381599646883977,-2.3886484009599784
33.0,153.0,999.9854736328124,-0.5829077611155054,0.5938484442743128,4.052972078259851,-1.1689303417185282,-0.2098240371910389,0.8583821541709451,1.4536454668081475,-0.6679276814239827,0.3381607220097695,-2.38864927924409
33.0,153.0,999.9854736328124,-0.5829096580584361,0.5938433515333372,4.052967276414224,-1.1689287001488535,-0.2098196078018483,0.858385522447497,1.4536282201522095,-0.6679289028849995,0.338160256060914,-2.388656678267981
33.0,153.0,999.9854736328124,-0.5829105099770384,0.5938455694561195,4.052963325801059,-1.1689321319318866,-0.2098201460728601,0.8583864169631559,1.4536397893039226,-0.667928991361225,0.3381488977596092,-2.388657851216282
33.0,153.0,999.9854125976562,-0.5829111497976687,0.5938475353588677,4.052968264674632,-1.1689335974914226,-0.2098213119939842,0.858382867432165,1.45364108533136,-0.6679270854635266,0.3381552785716604,-2.388653770710189
33.0,153.0,999.9854125976562,-0.5829098968971271,0.5938429726520624,4.05296853195869,-1.1689297325297474,-0.2098202505964286,0.8583908765256156,1.4536387518255411,-0.6679321285511088,0.3381564949574978,-2.388650925630019
33.0,154.0,999.9854125976562,-0.5829124579527054,0.5938468599662992,4.052967788999814,-1.168934285407104,-0.2098182249220954,0.8583823762789642,1.4536347982862443,-0.6679301131194464,0.3381557668726662,-2.38865384271636
33.0,154.0,999.9854125976562,-0.5829110936411084,0.5938454805509981,4.052970984613003,-1.1689389981916296,-0.2098183729502185,0.8583816969999436,1.4536427852456164,-0.6679292081456403,0.3381545673174857,-2.388656680025872
33.0,154.0,999.9854125976562,-0.5829104729892407,0.5938448487046202,4.052971799476019,-1.1689318362976078,-0.2098198137563836,0.8583852284569495,1.453636734339046,-0.6679322484402226,0.3381577970044276,-2.388650483405117
33.0,154.0,999.9854125976562,-0.5829069326831311,0.5938421026696261,4.0529728480184914,-1.1689236127357083,-0.2098226003265431,0.8583933849273837,1.453633473492694,-0.667934336629715,0.3381668499873047,-2.3886428877200183
33.0,154.0,999.9854125976562,-0.5829089527325557,0.5938435192124114,4.052972220881033,-1.1689272028423652,-0.2098220417841965,0.8583893926627013,1.4536365856751765,-0.6679339718606521,0.3381604978071708,-2.3886476424609167
33.0,154.0,999.9854736328124,-0.5829098840528673,0.5938458502679413,4.052968398484481,-1.1689265722754354,-0.2098224016972754,0.858386880647978,1.453633949040169,-0.6679310740980622,0.3381574927353039,-2.3886498510993825
33.0,154.0,999.9854125976562,-0.5829089821764457,0.5938455228649131,4.052968562058902,-1.1689347997192878,-0.2098208055357924,0.8583844850325253,1.4536405746465082,-0.6679302477885614,0.3381516119490246,-2.3886543733276184
33.0,154.0,999.9854125976562,-0.5829110649302418,0.5938457364988761,4.052968991678691,-1.1689333078852069,-0.2098217267583493,0.8583840240487799,1.453643578070352,-0.6679281686509047,0.3381552851630189,-2.388650695314198
33.0,154.0,999.9854125976562,-0.5829110697193416,0.5938439250146219,4.052968519038208,-1.1689305424690128,-0.2098194988005532,0.8583884267364557,1.4536371156890873,-0.667931374306713,0.3381587292921573,-2.388652306432608
33.0,154.0,999.9854736328124,-0.5829069340258712,0.5938377398941714,4.052965078322959,-1.168930260466115,-0.2098209744901007,0.8583950211246538,1.453637991316704,-0.667931521007822,0.3381530443532252,-2.3886517385590045
33.0,154.0,999.9854125976562,-0.5829099487079095,0.59384126290891,4.052969873306223,-1.168930940804516,-0.2098201630149452,0.8583906181420184,1.4536385259624949,-0.6679297640438246,0.3381580481354165,-2.3886525528243663
33.0,154.0,999.9854125976562,-0.5829109662325429,0.5938414598224453,4.052969809203178,-1.168936294746969,-0.209821281549444,0.858385116339031,1.4536411140692138,-0.6679294630474732,0.3381542344321042,-2.3886556316476737
33.0,154.0,999.9854125976562,-0.5829117300385107,0.5938451749500482,4.052966939665399,-1.168934338432348,-0.2098217074536235,0.8583837860280745,1.4536443520095874,-0.667926963134529,0.3381553016673742,-2.388649898413897
33.0,154.0,999.9854736328124,-0.5829069026408593,0.5938413980735158,4.052970210506553,-1.168927449174384,-0.2098238112600814,0.8583926566068625,1.4536446720803875,-0.6679319587336447,0.3381595405125939,-2.388643719498176
33.0,154.0,999.9854736328124,-0.5829126240967026,0.5938533382472135,4.052975151450164,-1.1689318307500685,-0.2098208471345177,0.8583767237956437,1.4536369139833791,-0.6679298624487409,0.3381630440191276,-2.388650790407332
33.0,154.0,999.9854125976562,-0.582910388390026,0.5938456590147076,4.052971536452647,-1.1689352431787825,-0.2098209564164186,0.8583845726472061,1.4536403281119368,-0.6679294996526375,0.3381553256542116,-2.3886565473536066
33.0,154.0,999.9854736328124,-0.5829109579064351,0.5938412255327341,4.052969081492288,-1.1689312758063553,-0.2098220987138876,0.858387849369274,1.4536407432233398,-0.6679294532032829,0.3381566426834386,-2.388650222292195
33.0,154.0,999.9854736328124,-0.5829085482389322,0.5938388058791535,4.052968883464949,-1.1689303836391196,-0.2098223635827043,0.8583956682280878,1.4536428461419062,-0.667932968844128,0.3381554819894825,-2.3886476453465884
33.0,154.0,999.9854736328124,-0.5829118111635676,0.5938429861790766,4.052967440000847,-1.168936677714218,-0.2098188338524327,0.8583888214800979,1.453645574513005,-0.6679299118032489,0.338153610154901,-2.3886515609181336
33.0,154.0,999.9854736328124,-0.5829074975203765,0.593838212863206,4.052966569854444,-1.168933178040687,-0.209822172875767,0.8583889138609369,1.453641762243409,-0.6679286426417725,0.3381549116389628,-2.3886531200349577
33.0,154.0,999.9854736328124,-0.5829107421793651,0.593842330466062,4.05296736254469,-1.1689384883287408,-0.2098187490730989,0.8583864235049727,1.4536443921845628,-0.6679304392589129,0.3381515226559859,-2.388653707210415
33.0,154.0,999.9854125976562,-0.582910034595427,0.5938478652551993,4.052969107901792,-1.1689360411448533,-0.2098213787213936,0.8583784170735349,1.453638660170954,-0.6679289467283365,0.338151617019867,-2.388656444027091
33.0,154.0,999.9854125976562,-0.5829109795634881,0.5938468504154937,4.052968723687709,-1.16893686226974,-0.2098196600562598,0.8583815604082492,1.4536407917394918,-0.6679273242141033,0.3381534283087362,-2.388657741680474
33.0,154.0,999.9854736328124,-0.5829100814572126,0.5938407724039196,4.052967766988278,-1.1689315009525818,-0.2098207631333455,0.8583890822696922,1.4536423272226535,-0.6679286573383063,0.3381576022839709,-2.3886501130093807
33.0,154.0,999.9854125976562,-0.5829093341995559,0.5938460665503964,4.052969538423236,-1.168931122948628,-0.209821562754624,0.8583840365728621,1.4536416998898405,-0.6679299087555126,0.3381559636008466,-2.388649991992473
33.0,154.0,999.9854736328124,-0.5829138043709534,0.593850746307778,4.05296190189523,-1.1689328888009474,-0.2098188485992338,0.8583829702367218,1.4536374200874258,-0.6679291359259123,0.3381524133831863,-2.388652826927053
33.0,154.0,999.9854125976562,-0.5829093618157897,0.5938460654537803,4.052968323571948,-1.1689291989203787,-0.2098198044035388,0.8583867100536846,1.453637479789652,-0.6679323637012846,0.338159529409662,-2.388645846973328
33.0,154.0,999.9854125976562,-0.5829120746118983,0.5938447633225259,4.052965804361932,-1.1689340650339393,-0.2098186803940755,0.8583854209440762,1.453635306488458,-0.6679290976462768,0.338153906153237,-2.3886553953216563
33.0,154.0,999.9854125976562,-0.5829079705695372,0.5938446787504041,4.052972862686525,-1.1689289968446843,-0.2098231584243715,0.8583850446347316,1.4536399716112047,-0.66792925612544,0.3381637326123554,-2.388646843319844
33.0,154.0,999.9854736328124,-0.5829057247245437,0.5938434463775142,4.052966273153437,-1.1689269736814245,-0.2098245990054046,0.858388134307944,1.4536418284211337,-0.6679264602176938,0.338162961011184,-2.388642255391088
33.0,154.0,999.9854736328124,-0.5829108599398234,0.5938456208044052,4.052967517283708,-1.1689369271291392,-0.2098196215996344,0.8583832404974796,1.4536415423140523,-0.6679290055973457,0.3381504990014505,-2.3886591914733395
33.0,154.0,999.9854736328124,-0.5829083473020793,0.5938424297594622,4.052967072888416,-1.168924884808677,-0.2098213030912585,0.8583933005856457,1.4536385367699562,-0.6679321698194123,0.3381569552085315,-2.388646864836108
33.0,154.0,999.9854736328124,-0.5829056879656331,0.593843927341223,4.052968195915751,-1.1689125130099254,-0.2098241083406602,0.8583936053741903,1.4536251628507948,-0.6679318109231192,0.3381736678706559,-2.38863328765957
33.0,154.0,999.9854736328124,-0.5829072735198562,0.5938426463596072,4.052965532070656,-1.1689293428377745,-0.2098237541945797,0.8583892186696538,1.4536433816920038,-0.6679289466639631,0.3381578454059362,-2.3886452411004333
33.0,154.0,999.9854125976562,-0.5829117779458635,0.5938452513055097,4.05296806467047,-1.1689378621090234,-0.2098184343391347,0.8583852751981036,1.4536411931104976,-0.6679295842342583,0.3381521695177927,-2.388655974229263
33.0,154.0,999.9854125976562,-0.582912194207382,0.5938463426401199,4.052968038881447,-1.16893569598145,-0.2098174920529594,0.8583859182304474,1.453636646157797,-0.6679322101310703,0.338151386678776,-2.388656971870711
33.0,154.0,999.9854125976562,-0.5829093636010114,0.5938422546201618,4.052964350158824,-1.1689290741694376,-0.2098198816360739,0.8583904869866341,1.4536320449825668,-0.6679306776736702,0.3381539273763625,-2.3886547534750475
33.0,154.0,999.9854125976562,-0.5829089965328835,0.5938423659815246,4.052971995170674,-1.1689287740561665,-0.2098213969861211,0.8583916437918147,1.4536364903758026,-0.667933067403669,0.3381600367036359,-2.388650646994812
33.0,154.0,999.9854736328124,-0.5829109270346233,0.5938394163865413,4.052965499430655,-1.16893212204039,-0.2098201160953241,0.8583935144604382,1.453644530479644,-0.6679273103457373,0.3381566874356387,-2.388648983377495
33.0,154.0,999.9854125976562,-0.582905003585771,0.5938353212121896,4.05297425987124,-1.1689232538692045,-0.2098253067277795,0.858396662536264,1.4536382267429744,-0.6679326929844844,0.3381680748166964,-2.388640697860466
33.0,154.0,999.9854125976562,-0.5829075299146638,0.5938415610298122,4.052968540482505,-1.1689281753254854,-0.2098242766417763,0.8583884605437575,1.453638613511136,-0.667929661045517,0.3381577554880302,-2.388648555984604
33.0,154.0,999.9854125976562,-0.5829075408099085,0.5938407957223149,4.052970762490309,-1.1689277890194123,-0.2098220027069945,0.8583910525580407,1.4536397434485735,-0.6679309010056613,0.338162566144363,-2.388646726878711
33.0,154.0,999.9854736328124,-0.5829121746265518,0.5938456535251104,4.052969087586568,-1.1689357426979132,-0.2098163007838929,0.858385174538042,1.453637109302889,-0.6679294837598757,0.3381546787167284,-2.3886577021016886
33.0,154.0,999.9854736328124,-0.5829156789134693,0.5938489046452453,4.052967530917467,-1.1689419420121938,-0.2098144226210339,0.8583809042520887,1.4536406379281033,-0.667930205234974,0.3381461517299788,-2.388664197213528
33.0,154.0,999.9854125976562,-0.5829099626938934,0.5938432857538167,4.052972434234798,-1.1689364171955017,-0.2098211762245423,0.8583851701175584,1.4536428424768513,-0.6679291884433045,0.3381548451642233,-2.3886566842773416
33.0,154.0,999.9854125976562,-0.5829101267672687,0.5938457770449626,4.052973005022148,-1.168936192339249,-0.2098212729855495,0.8583819194023157,1.4536422091613872,-0.6679306637085523,0.3381558789168331,-2.388653825672196
33.0,154.0,999.9854125976562,-0.5829114381981091,0.5938436973908923,4.052966277801872,-1.168934949810195,-0.209819270398496,0.8583854510377096,1.453635245860804,-0.6679312264816382,0.3381522145717328,-2.38865684232529
33.0,154.0,999.9854125976562,-0.5829120643324543,0.5938420994996152,4.052969204356074,-1.1689329972451818,-0.2098180451616791,0.8583883834772426,1.4536349643064457,-0.6679316530875923,0.3381561278249982,-2.388656452419341
33.0,154.0,999.9854125976562,-0.5829078071980529,0.5938382216547264,4.052971359772821,-1.1689278851625935,-0.2098230144542459,0.8583929228729037,1.4536377451728946,-0.6679321301532646,0.3381613256689197,-2.388647166498998
33.0,154.0,999.9854736328124,-0.5829112259583349,0.5938401877894304,4.052967746075614,-1.1689287743855497,-0.2098193923907567,0.8583916322543752,1.4536317363183766,-0.6679318322914964,0.3381609309683684,-2.388649939676492
33.0,155.0,999.9854125976562,-0.5829080301043197,0.5938441512901438,4.052970804960252,-1.1689270072208364,-0.2098229107810407,0.8583898767830913,1.4536378131821293,-0.667931716988269,0.3381640396235665,-2.388644091190637
33.0,155.0,999.9854125976562,-0.582910921723645,0.5938468438107751,4.052966354518876,-1.1689291290153667,-0.2098202126618344,0.8583835048482102,1.453632280737395,-0.6679292895314459,0.3381567170107979,-2.38865287793681
33.0,155.0,999.9854736328124,-0.5829062029904666,0.593836395699153,4.05297521198278,-1.1689233558286762,-0.2098249695370118,0.858397728953082,1.4536373324926135,-0.6679363998723336,0.3381654810396544,-2.388640778647529
33.0,155.0,999.9854736328124,-0.5829091291420498,0.5938388910109431,4.052967150645566,-1.1689261358208451,-0.2098195689170978,0.8583933887557249,1.4536333021051293,-0.6679328121856791,0.3381615336939569,-2.3886469840640108
33.0,155.0,999.9854125976562,-0.5829077021455049,0.5938421964434575,4.052971850597512,-1.1689311000567084,-0.2098226586127021,0.8583871230336735,1.45364161511141,-0.6679292513426649,0.3381610531502401,-2.388646284542853
33.0,155.0,999.9854125976562,-0.582909926206022,0.5938419474242105,4.052971420175801,-1.168932870690222,-0.2098210720918212,0.8583868850100913,1.453638483856321,-0.6679319996604036,0.3381580283910708,-2.388651744867325
33.0,155.0,999.9854736328124,-0.5829093102984935,0.5938401568646867,4.052971847942793,-1.1689321136429394,-0.2098221931961754,0.8583863450100884,1.4536405622367097,-0.6679298442439077,0.3381580547510046,-2.3886512453787203
33.0,155.0,999.9854736328124,-0.5829102107186133,0.5938450663850912,4.052964011930246,-1.1689338308235508,-0.2098190051254942,0.8583842931100971,1.4536381434228964,-0.6679286246445066,0.3381533882382284,-2.388653436662032
33.0,155.0,999.9854125976562,-0.5829092924358914,0.593841125737729,4.0529671244572505,-1.1689300210327196,-0.2098199465649806,0.8583923780187774,1.4536351596033086,-0.6679319210208412,0.3381551813859733,-2.3886527196902003
33.0,155.0,999.9854125976562,-0.5829096201509207,0.5938454267090378,4.05296790881671,-1.168928026857381,-0.2098199477678166,0.8583878847484936,1.4536299579781904,-0.6679311170747155,0.3381597506681357,-2.388650344920144
33.0,155.0,999.9854125976562,-0.5829115196642194,0.5938448183503571,4.05296804846466,-1.1689363929749534,-0.2098177083492975,0.8583836386790686,1.453637655776726,-0.6679287530701323,0.3381553541021622,-2.3886563076135663
33.0,155.0,999.9854125976562,-0.582908210720384,0.5938390242467362,4.052972765647283,-1.168931862945758,-0.2098214532051461,0.8583910098607266,1.4536384786628522,-0.667932401101357,0.3381581515151532,-2.388651526432724
33.0,155.0,999.9854736328124,-0.5829071982660743,0.5938449731229305,4.052969306157664,-1.168923804645459,-0.2098230645946781,0.85838952677181,1.4536342832907012,-0.6679330212206605,0.3381650500633002,-2.388643845778672
33.0,155.0,999.9854736328124,-0.5829095726843958,0.5938407385559428,4.052971954665734,-1.1689341525171448,-0.209820247370847,0.8583868209768948,1.4536418738817725,-0.6679298274476588,0.3381583928375686,-2.388650999240728
33.0,155.0,999.9854125976562,-0.5829100751635394,0.5938476280285112,4.0529673532464745,-1.1689307375966438,-0.2098200484741292,0.8583837688255445,1.453634020763812,-0.667930186750664,0.3381546992962994,-2.3886517699105085
33.0,155.0,999.9854125976562,-0.5829100681240824,0.5938456765182334,4.052969274383969,-1.1689332759884987,-0.2098209617938327,0.8583825058052259,1.4536375603755474,-0.6679303053496808,0.338157951095801,-2.3886492853262418
33.0,155.0,999.9854736328124,-0.5829137736605352,0.5938444058658412,4.052969872509909,-1.1689348985154933,-0.2098161165663512,0.858386272324454,1.4536341886582802,-0.6679319963189352,0.3381573117470147,-2.3886544254390083
33.0,155.0,999.9854125976562,-0.5829098110707651,0.5938424344959188,4.052967700342922,-1.1689340197207023,-0.2098209492703437,0.8583875615235144,1.4536415851907076,-0.6679289928054075,0.3381543218562779,-2.3886531144276835
33.0,155.0,999.9854125976562,-0.5829095912944267,0.5938460000806911,4.052968302634829,-1.1689292857165583,-0.2098203361913579,0.8583858282352903,1.453633626359112,-0.6679317933515616,0.3381569036183371,-2.388649908606848
33.0,155.0,999.9854125976562,-0.5829083286359023,0.5938429914468362,4.052969750829666,-1.1689276088161824,-0.209821789504347,0.8583877389542769,1.453635512111461,-0.6679292388258498,0.338161579608176,-2.3886467668245155
33.0,155.0,999.9854736328124,-0.582908315466339,0.5938364726323808,4.052966911526594,-1.1689218542862916,-0.2098219623189905,0.8583980305806707,1.4536316359405728,-0.6679333976108337,0.3381608434691507,-2.388647879782237
33.0,155.0,999.9854125976562,-0.5829087331506964,0.5938436902926645,4.052969387091823,-1.1689274507897056,-0.2098199292101972,0.8583898443253428,1.4536331330359609,-0.6679329909130951,0.3381574499636564,-2.388652233254627
33.0,155.0,999.9854125976562,-0.582907726887834,0.5938431441529355,4.052967908674907,-1.168925345477649,-0.2098221326248337,0.8583891147660596,1.4536340246089008,-0.667931358047336,0.3381620073938247,-2.3886463715820616
33.0,155.0,999.9854125976562,-0.5829076798980068,0.5938404117607945,4.05297051304596,-1.1689275600606424,-0.209821713372114,0.8583913031801487,1.453635672254431,-0.6679319112536026,0.3381615227801768,-2.3886457164473
33.0,155.0,999.9854125976562,-0.5829093460172396,0.5938416178402219,4.052967900981471,-1.16892803086867,-0.2098216172350495,0.8583898148066798,1.4536348322165606,-0.6679315195619742,0.3381570621749787,-2.388653151886704
33.0,155.0,999.9854125976562,-0.5829111423812021,0.5938417281242927,4.052967273692527,-1.168937990894396,-0.2098188783213892,0.8583862980719843,1.4536387175801018,-0.6679299581983047,0.3381527562499551,-2.3886556633371887
33.0,155.0,999.9854125976562,-0.5829098067737242,0.5938418869161852,4.052969926076772,-1.168932962879614,-0.2098200096625611,0.8583881816774657,1.4536382420763443,-0.6679309183147435,0.3381584980015013,-2.3886515618888686
33.0,155.0,999.9854125976562,-0.5829103778848639,0.5938422112375878,4.052969555587008,-1.1689317202119307,-0.2098178053476322,0.8583889493228556,1.4536322108663455,-0.6679313620737739,0.33815856587628,-2.388654943244448
33.0,155.0,999.9854125976562,-0.5829118325315878,0.59384640490447,4.052967050494216,-1.1689325379039062,-0.2098197125543865,0.858382201093356,1.4536331260337922,-0.6679299508821508,0.3381551993224949,-2.3886558237539064
33.0,155.0,999.9854125976562,-0.582910623671121,0.5938468418117644,4.052966727923948,-1.1689308335329516,-0.2098195639844329,0.8583868100677208,1.4536382508312071,-0.6679286617520228,0.3381589475138593,-2.3886497070908383
33.0,155.0,999.9854736328124,-0.5829131705692623,0.5938446931100403,4.052967470625422,-1.168936521862003,-0.2098168929607489,0.8583832583827427,1.453636761022448,-0.6679289803960016,0.3381547199746206,-2.388654511016397
33.0,155.0,999.9854125976562,-0.5829118836340133,0.5938498672774228,4.052970448674158,-1.168936906297866,-0.2098198975170184,0.8583785078401176,1.45364085488022,-0.6679286995677023,0.3381564304744353,-2.388653206682445
33.0,155.0,999.9854125976562,-0.5829087949499652,0.593845034287007,4.052970508118444,-1.168928547894443,-0.2098224476814145,0.8583875328920989,1.4536368905675996,-0.6679312072480235,0.3381572322704009,-2.38865210320905
33.0,155.0,999.9854125976562,-0.5829084092747854,0.5938428240466642,4.0529676298032165,-1.1689301752317238,-0.2098215715815623,0.8583872038411187,1.4536343144652184,-0.667930122129043,0.3381575164245607,-2.388652078505048
33.0,155.0,999.9854125976562,-0.5829095859804241,0.5938406331269919,4.052968176709722,-1.168931503145088,-0.2098209076946222,0.8583892540233515,1.4536378364109872,-0.6679300194485567,0.3381580775888668,-2.388651822241826
33.0,155.0,999.9854125976562,-0.5829091460442974,0.5938427161815163,4.052967983914659,-1.168932720350056,-0.2098206485035323,0.8583868792050344,1.4536381128011753,-0.6679303655655904,0.3381568038581397,-2.3886493022307667
33.0,155.0,999.9854125976562,-0.5829102950702261,0.5938428858825704,4.052967843380422,-1.1689345573594268,-0.2098205921430471,0.8583856818133491,1.453640637527366,-0.6679287680216106,0.338155448232774,-2.3886515656416583
33.0,155.0,999.9854736328124,-0.5829132984414827,0.5938489709740846,4.052970789807306,-1.1689431320605124,-0.2098171771984027,0.8583788437065039,1.4536445838197327,-0.6679304958069672,0.3381497692766686,-2.3886588798555053
33.0,155.0,999.9854125976562,-0.5829060123603016,0.593836560380093,4.052975365620428,-1.1689241200480105,-0.2098240630418342,0.8583930784502982,1.4536335827633824,-0.667932516673071,0.3381671997029043,-2.3886453038692568
33.0,155.0,999.9854125976562,-0.5829130777597538,0.5938459034936212,4.05296736459896,-1.1689350907835565,-0.2098175064283491,0.8583867499397568,1.4536367382243451,-0.6679312578242138,0.3381519127861487,-2.388658390783621
33.0,155.0,999.9854125976562,-0.5829096502875846,0.5938480877049717,4.052969470781729,-1.1689296632689905,-0.2098215599325366,0.858383474204917,1.453637234407954,-0.6679297083303197,0.3381598485675932,-2.388647974585024
33.0,155.0,999.9854736328124,-0.5829101283680114,0.5938423363521537,4.052960540582697,-1.1689345906917756,-0.2098177857015342,0.858389327678375,1.4536407086056204,-0.6679272886357959,0.3381500429679462,-2.388652960588268
33.0,155.0,999.9854125976562,-0.5829095379166924,0.5938397726318092,4.052970797904784,-1.1689298783720163,-0.2098216385974236,0.8583895757878643,1.4536353100896786,-0.6679303409240527,0.3381610256267029,-2.3886518878919483
33.0,155.0,999.9854125976562,-0.5829102996672404,0.5938429846851196,4.052965962505466,-1.168929693179205,-0.2098191325018907,0.8583894703774142,1.4536324541820091,-0.6679318446519016,0.3381524100688811,-2.388655679076128
33.0,155.0,999.9854125976562,-0.582909041073064,0.5938445933394902,4.052968789229926,-1.1689255048636489,-0.2098215543503538,0.8583868715352221,1.4536343138395118,-0.6679296269553987,0.3381631023521461,-2.3886459364569825
33.0,155.0,999.9854125976562,-0.5829079981854441,0.5938425890157886,4.052973456056153,-1.1689276399711497,-0.2098214250319978,0.858391003394015,1.4536369956328965,-0.6679333548877482,0.3381645668113116,-2.388645873925591
33.0,155.0,999.9854125976562,-0.5829084140763445,0.5938444865442216,4.05297108878584,-1.1689329074348676,-0.2098213018969499,0.8583852301539547,1.4536410024667887,-0.6679290052054352,0.3381607125347718,-2.388648647023889
33.0,155.0,999.9854125976562,-0.5829074859759968,0.5938408413543153,4.052968638928359,-1.168925908185832,-0.2098230076696214,0.8583912672834142,1.453634993209235,-0.6679324347880335,0.3381608337132249,-2.38864655182546
33.0,155.0,999.9854125976562,-0.5829115473700694,0.5938460139440576,4.052964850885889,-1.1689304439558108,-0.2098181028479713,0.8583879471064835,1.4536323913428353,-0.6679312727921927,0.3381554674145794,-2.388653491124757
33.0,155.0,999.9854125976562,-0.5829092241329645,0.5938400562597561,4.052970043100826,-1.1689299670784257,-0.2098208585628489,0.8583913745644365,1.4536382003045911,-0.6679327064800109,0.3381604247301695,-2.3886479785911208
33.0,156.0,999.9854125976562,-0.5829080301043197,0.5938441512901438,4.052970804960252,-1.1689270072208364,-0.2098229107810407,0.8583898767830913,1.4536378131821293,-0.667931716988269,0.3381640396235665,-2.388644091190637
33.0,156.0,999.9854125976562,-0.582910921723645,0.5938468438107751,4.052966354518876,-1.1689291290153667,-0.2098202126618344,0.8583835048482102,1.453632280737395,-0.6679292895314459,0.3381567170107979,-2.38865287793681
33.0,156.0,999.9854736328124,-0.5829062029904666,0.593836395699153,4.05297521198278,-1.1689233558286762,-0.2098249695370118,0.858397728953082,1.4536373324926135,-0.6679363998723336,0.3381654810396544,-2.388640778647529
33.0,156.0,999.9854736328124,-0.5829091291420498,0.5938388910109431,4.052967150645566,-1.1689261358208451,-0.2098195689170978,0.8583933887557249,1.4536333021051293,-0.6679328121856791,0.3381615336939569,-2.3886469840640108
33.0,156.0,999.9854125976562,-0.5829077021455049,0.5938421964434575,4.052971850597512,-1.1689311000567084,-0.2098226586127021,0.8583871230336735,1.45364161511141,-0.6679292513426649,0.3381610531502401,-2.388646284542853
33.0,156.0,999.9854125976562,-0.582909926206022,0.5938419474242105,4.052971420175801,-1.168932870690222,-0.2098210720918212,0.8583868850100913,1.453638483856321,-0.6679319996604036,0.3381580283910708,-2.388651744867325
33.0,156.0,999.9854736328124,-0.5829093102984935,0.5938401568646867,4.052971847942793,-1.1689321136429394,-0.2098221931961754,0.8583863450100884,1.4536405622367097,-0.6679298442439077,0.3381580547510046,-2.3886512453787203
33.0,156.0,999.9854736328124,-0.5829102107186133,0.5938450663850912,4.052964011930246,-1.1689338308235508,-0.2098190051254942,0.8583842931100971,1.4536381434228964,-0.6679286246445066,0.3381533882382284,-2.388653436662032
33.0,156.0,999.9854125976562,-0.5829092924358914,0.593841125737729,4.0529671244572505,-1.1689300210327196,-0.2098199465649806,0.8583923780187774,1.4536351596033086,-0.6679319210208412,0.3381551813859733,-2.3886527196902003
33.0,156.0,999.9854125976562,-0.5829096201509207,0.5938454267090378,4.05296790881671,-1.168928026857381,-0.2098199477678166,0.8583878847484936,1.4536299579781904,-0.6679311170747155,0.3381597506681357,-2.388650344920144
33.0,156.0,999.9854125976562,-0.5829115196642194,0.5938448183503571,4.05296804846466,-1.1689363929749534,-0.2098177083492975,0.8583836386790686,1.453637655776726,-0.6679287530701323,0.3381553541021622,-2.3886563076135663
33.0,156.0,999.9854125976562,-0.582908210720384,0.5938390242467362,4.052972765647283,-1.168931862945758,-0.2098214532051461,0.8583910098607266,1.4536384786628522,-0.667932401101357,0.3381581515151532,-2.388651526432724
33.0,156.0,999.9854736328124,-0.5829071982660743,0.5938449731229305,4.052969306157664,-1.168923804645459,-0.2098230645946781,0.85838952677181,1.4536342832907012,-0.6679330212206605,0.3381650500633002,-2.388643845778672
33.0,156.0,999.9854736328124,-0.5829095726843958,0.5938407385559428,4.052971954665734,-1.1689341525171448,-0.209820247370847,0.8583868209768948,1.4536418738817725,-0.6679298274476588,0.3381583928375686,-2.388650999240728
33.0,156.0,999.9854125976562,-0.5829100751635394,0.5938476280285112,4.0529673532464745,-1.1689307375966438,-0.2098200484741292,0.8583837688255445,1.453634020763812,-0.667930186750664,0.3381546992962994,-2.3886517699105085
33.0,156.0,999.9854125976562,-0.5829100681240824,0.5938456765182334,4.052969274383969,-1.1689332759884987,-0.2098209617938327,0.8583825058052259,1.4536375603755474,-0.6679303053496808,0.338157951095801,-2.3886492853262418
33.0,156.0,999.9854736328124,-0.5829137736605352,0.5938444058658412,4.052969872509909,-1.1689348985154933,-0.2098161165663512,0.858386272324454,1.4536341886582802,-0.6679319963189352,0.3381573117470147,-2.3886544254390083
33.0,156.0,999.9854125976562,-0.5829098110707651,0.5938424344959188,4.052967700342922,-1.1689340197207023,-0.2098209492703437,0.8583875615235144,1.4536415851907076,-0.6679289928054075,0.3381543218562779,-2.3886531144276835
33.0,156.0,999.9854125976562,-0.5829095912944267,0.5938460000806911,4.052968302634829,-1.1689292857165583,-0.2098203361913579,0.8583858282352903,1.453633626359112,-0.6679317933515616,0.3381569036183371,-2.388649908606848
33.0,156.0,999.9854125976562,-0.5829083286359023,0.5938429914468362,4.052969750829666,-1.1689276088161824,-0.209821789504347,0.8583877389542769,1.453635512111461,-0.6679292388258498,0.338161579608176,-2.3886467668245155
33.0,156.0,999.9854736328124,-0.582908315466339,0.5938364726323808,4.052966911526594,-1.1689218542862916,-0.2098219623189905,0.8583980305806707,1.4536316359405728,-0.6679333976108337,0.3381608434691507,-2.388647879782237
33.0,156.0,999.9854125976562,-0.5829087331506964,0.5938436902926645,4.052969387091823,-1.1689274507897056,-0.2098199292101972,0.8583898443253428,1.4536331330359609,-0.6679329909130951,0.3381574499636564,-2.388652233254627
33.0,156.0,999.9854125976562,-0.582907726887834,0.5938431441529355,4.052967908674907,-1.168925345477649,-0.2098221326248337,0.8583891147660596,1.4536340246089008,-0.667931358047336,0.3381620073938247,-2.3886463715820616
33.0,156.0,999.9854125976562,-0.5829076798980068,0.5938404117607945,4.05297051304596,-1.1689275600606424,-0.209821713372114,0.8583913031801487,1.453635672254431,-0.6679319112536026,0.3381615227801768,-2.3886457164473
33.0,156.0,999.9854125976562,-0.5829093460172396,0.5938416178402219,4.052967900981471,-1.16892803086867,-0.2098216172350495,0.8583898148066798,1.4536348322165606,-0.6679315195619742,0.3381570621749787,-2.388653151886704
33.0,156.0,999.9854125976562,-0.5829111423812021,0.5938417281242927,4.052967273692527,-1.168937990894396,-0.2098188783213892,0.8583862980719843,1.4536387175801018,-0.6679299581983047,0.3381527562499551,-2.3886556633371887
33.0,156.0,999.9854125976562,-0.5829098067737242,0.5938418869161852,4.052969926076772,-1.168932962879614,-0.2098200096625611,0.8583881816774657,1.4536382420763443,-0.6679309183147435,0.3381584980015013,-2.3886515618888686
33.0,156.0,999.9854125976562,-0.5829103778848639,0.5938422112375878,4.052969555587008,-1.1689317202119307,-0.2098178053476322,0.8583889493228556,1.4536322108663455,-0.6679313620737739,0.33815856587628,-2.388654943244448
33.0,156.0,999.9854125976562,-0.5829118325315878,0.59384640490447,4.052967050494216,-1.1689325379039062,-0.2098197125543865,0.858382201093356,1.4536331260337922,-0.6679299508821508,0.3381551993224949,-2.3886558237539064
33.0,156.0,999.9854125976562,-0.582910623671121,0.5938468418117644,4.052966727923948,-1.1689308335329516,-0.2098195639844329,0.8583868100677208,1.4536382508312071,-0.6679286617520228,0.3381589475138593,-2.3886497070908383
33.0,156.0,999.9854736328124,-0.5829131705692623,0.5938446931100403,4.052967470625422,-1.168936521862003,-0.2098168929607489,0.8583832583827427,1.453636761022448,-0.6679289803960016,0.3381547199746206,-2.388654511016397
33.0,156.0,999.9854125976562,-0.5829118836340133,0.5938498672774228,4.052970448674158,-1.168936906297866,-0.2098198975170184,0.8583785078401176,1.45364085488022,-0.6679286995677023,0.3381564304744353,-2.388653206682445
33.0,156.0,999.9854125976562,-0.5829087949499652,0.593845034287007,4.052970508118444,-1.168928547894443,-0.2098224476814145,0.8583875328920989,1.4536368905675996,-0.6679312072480235,0.3381572322704009,-2.38865210320905
33.0,156.0,999.9854125976562,-0.5829084092747854,0.5938428240466642,4.0529676298032165,-1.1689301752317238,-0.2098215715815623,0.8583872038411187,1.4536343144652184,-0.667930122129043,0.3381575164245607,-2.388652078505048
33.0,156.0,999.9854125976562,-0.5829095859804241,0.5938406331269919,4.052968176709722,-1.168931503145088,-0.2098209076946222,0.8583892540233515,1.4536378364109872,-0.6679300194485567,0.3381580775888668,-2.388651822241826
33.0,156.0,999.9854125976562,-0.5829091460442974,0.5938427161815163,4.052967983914659,-1.168932720350056,-0.2098206485035323,0.8583868792050344,1.4536381128011753,-0.6679303655655904,0.3381568038581397,-2.3886493022307667
33.0,156.0,999.9854125976562,-0.5829102950702261,0.5938428858825704,4.052967843380422,-1.1689345573594268,-0.2098205921430471,0.8583856818133491,1.453640637527366,-0.6679287680216106,0.338155448232774,-2.3886515656416583
33.0,156.0,999.9854736328124,-0.5829132984414827,0.5938489709740846,4.052970789807306,-1.1689431320605124,-0.2098171771984027,0.8583788437065039,1.4536445838197327,-0.6679304958069672,0.3381497692766686,-2.3886588798555053
33.0,156.0,999.9854125976562,-0.5829060123603016,0.593836560380093,4.052975365620428,-1.1689241200480105,-0.2098240630418342,0.8583930784502982,1.4536335827633824,-0.667932516673071,0.3381671997029043,-2.3886453038692568
33.0,156.0,999.9854125976562,-0.5829130777597538,0.5938459034936212,4.05296736459896,-1.1689350907835565,-0.2098175064283491,0.8583867499397568,1.4536367382243451,-0.6679312578242138,0.3381519127861487,-2.388658390783621
33.0,156.0,999.9854125976562,-0.5829096502875846,0.5938480877049717,4.052969470781729,-1.1689296632689905,-0.2098215599325366,0.858383474204917,1.453637234407954,-0.6679297083303197,0.3381598485675932,-2.388647974585024
33.0,156.0,999.9854736328124,-0.5829101283680114,0.5938423363521537,4.052960540582697,-1.1689345906917756,-0.2098177857015342,0.858389327678375,1.4536407086056204,-0.6679272886357959,0.3381500429679462,-2.388652960588268
33.0,156.0,999.9854125976562,-0.5829095379166924,0.5938397726318092,4.052970797904784,-1.1689298783720163,-0.2098216385974236,0.8583895757878643,1.4536353100896786,-0.6679303409240527,0.3381610256267029,-2.3886518878919483
33.0,156.0,999.9854125976562,-0.5829102996672404,0.5938429846851196,4.052965962505466,-1.168929693179205,-0.2098191325018907,0.8583894703774142,1.4536324541820091,-0.6679318446519016,0.3381524100688811,-2.388655679076128
33.0,156.0,999.9854125976562,-0.582909041073064,0.5938445933394902,4.052968789229926,-1.1689255048636489,-0.2098215543503538,0.8583868715352221,1.4536343138395118,-0.6679296269553987,0.3381631023521461,-2.3886459364569825
33.0,156.0,999.9854125976562,-0.5829079981854441,0.5938425890157886,4.052973456056153,-1.1689276399711497,-0.2098214250319978,0.858391003394015,1.4536369956328965,-0.6679333548877482,0.3381645668113116,-2.388645873925591
33.0,156.0,999.9854125976562,-0.5829084140763445,0.5938444865442216,4.05297108878584,-1.1689329074348676,-0.2098213018969499,0.8583852301539547,1.4536410024667887,-0.6679290052054352,0.3381607125347718,-2.388648647023889
33.0,156.0,999.9854125976562,-0.5829074859759968,0.5938408413543153,4.052968638928359,-1.168925908185832,-0.2098230076696214,0.8583912672834142,1.453634993209235,-0.6679324347880335,0.3381608337132249,-2.38864655182546
33.0,156.0,999.9854125976562,-0.5829115473700694,0.5938460139440576,4.052964850885889,-1.1689304439558108,-0.2098181028479713,0.8583879471064835,1.4536323913428353,-0.6679312727921927,0.3381554674145794,-2.388653491124757
33.0,156.0,999.9854125976562,-0.5829092241329645,0.5938400562597561,4.052970043100826,-1.1689299670784257,-0.2098208585628489,0.8583913745644365,1.4536382003045911,-0.6679327064800109,0.3381604247301695,-2.3886479785911208
33.0,157.0,999.9854125976562,-0.5829080301043197,0.5938441512901438,4.052970804960252,-1.1689270072208364,-0.2098229107810407,0.8583898767830913,1.4536378131821293,-0.667931716988269,0.3381640396235665,-2.388644091190637
33.0,157.0,999.9854125976562,-0.582910921723645,0.5938468438107751,4.052966354518876,-1.1689291290153667,-0.2098202126618344,0.8583835048482102,1.453632280737395,-0.6679292895314459,0.3381567170107979,-2.38865287793681
33.0,157.0,999.9854736328124,-0.5829062029904666,0.593836395699153,4.05297521198278,-1.1689233558286762,-0.2098249695370118,0.858397728953082,1.4536373324926135,-0.6679363998723336,0.3381654810396544,-2.388640778647529
33.0,157.0,999.9854736328124,-0.5829091291420498,0.5938388910109431,4.052967150645566,-1.1689261358208451,-0.2098195689170978,0.8583933887557249,1.4536333021051293,-0.6679328121856791,0.3381615336939569,-2.3886469840640108
33.0,157.0,999.9854125976562,-0.5829077021455049,0.5938421964434575,4.052971850597512,-1.1689311000567084,-0.2098226586127021,0.8583871230336735,1.45364161511141,-0.6679292513426649,0.3381610531502401,-2.388646284542853
33.0,157.0,999.9854125976562,-0.582909926206022,0.5938419474242105,4.052971420175801,-1.168932870690222,-0.2098210720918212,0.8583868850100913,1.453638483856321,-0.6679319996604036,0.3381580283910708,-2.388651744867325
33.0,157.0,999.9854736328124,-0.5829093102984935,0.5938401568646867,4.052971847942793,-1.1689321136429394,-0.2098221931961754,0.8583863450100884,1.4536405622367097,-0.6679298442439077,0.3381580547510046,-2.3886512453787203
33.0,157.0,999.9854736328124,-0.5829102107186133,0.5938450663850912,4.052964011930246,-1.1689338308235508,-0.2098190051254942,0.8583842931100971,1.4536381434228964,-0.6679286246445066,0.3381533882382284,-2.388653436662032
33.0,157.0,999.9854125976562,-0.5829092924358914,0.593841125737729,4.0529671244572505,-1.1689300210327196,-0.2098199465649806,0.8583923780187774,1.4536351596033086,-0.6679319210208412,0.3381551813859733,-2.3886527196902003
33.0,157.0,999.9854125976562,-0.5829096201509207,0.5938454267090378,4.05296790881671,-1.168928026857381,-0.2098199477678166,0.8583878847484936,1.4536299579781904,-0.6679311170747155,0.3381597506681357,-2.388650344920144
33.0,157.0,999.9854125976562,-0.5829115196642194,0.5938448183503571,4.05296804846466,-1.1689363929749534,-0.2098177083492975,0.8583836386790686,1.453637655776726,-0.6679287530701323,0.3381553541021622,-2.3886563076135663
33.0,157.0,999.9854125976562,-0.582908210720384,0.5938390242467362,4.052972765647283,-1.168931862945758,-0.2098214532051461,0.8583910098607266,1.4536384786628522,-0.667932401101357,0.3381581515151532,-2.388651526432724
33.0,157.0,999.9854736328124,-0.5829071982660743,0.5938449731229305,4.052969306157664,-1.168923804645459,-0.2098230645946781,0.85838952677181,1.4536342832907012,-0.6679330212206605,0.3381650500633002,-2.388643845778672
33.0,157.0,999.9854736328124,-0.5829095726843958,0.5938407385559428,4.052971954665734,-1.1689341525171448,-0.209820247370847,0.8583868209768948,1.4536418738817725,-0.6679298274476588,0.3381583928375686,-2.388650999240728
33.0,157.0,999.9854125976562,-0.5829100751635394,0.5938476280285112,4.0529673532464745,-1.1689307375966438,-0.2098200484741292,0.8583837688255445,1.453634020763812,-0.667930186750664,0.3381546992962994,-2.3886517699105085
33.0,157.0,999.9854125976562,-0.5829100681240824,0.5938456765182334,4.052969274383969,-1.1689332759884987,-0.2098209617938327,0.8583825058052259,1.4536375603755474,-0.6679303053496808,0.338157951095801,-2.3886492853262418
33.0,157.0,999.9854736328124,-0.5829137736605352,0.5938444058658412,4.052969872509909,-1.1689348985154933,-0.2098161165663512,0.858386272324454,1.4536341886582802,-0.6679319963189352,0.3381573117470147,-2.3886544254390083
33.0,157.0,999.9854125976562,-0.5829098110707651,0.5938424344959188,4.052967700342922,-1.1689340197207023,-0.2098209492703437,0.8583875615235144,1.4536415851907076,-0.6679289928054075,0.3381543218562779,-2.3886531144276835
33.0,157.0,999.9854125976562,-0.5829095912944267,0.5938460000806911,4.052968302634829,-1.1689292857165583,-0.2098203361913579,0.8583858282352903,1.453633626359112,-0.6679317933515616,0.3381569036183371,-2.388649908606848
33.0,157.0,999.9854125976562,-0.5829083286359023,0.5938429914468362,4.052969750829666,-1.1689276088161824,-0.209821789504347,0.8583877389542769,1.453635512111461,-0.6679292388258498,0.338161579608176,-2.3886467668245155
33.0,157.0,999.9854736328124,-0.582908315466339,0.5938364726323808,4.052966911526594,-1.1689218542862916,-0.2098219623189905,0.8583980305806707,1.4536316359405728,-0.6679333976108337,0.3381608434691507,-2.388647879782237
33.0,157.0,999.9854125976562,-0.5829087331506964,0.5938436902926645,4.052969387091823,-1.1689274507897056,-0.2098199292101972,0.8583898443253428,1.4536331330359609,-0.6679329909130951,0.3381574499636564,-2.388652233254627
33.0,157.0,999.9854125976562,-0.582907726887834,0.5938431441529355,4.052967908674907,-1.168925345477649,-0.2098221326248337,0.8583891147660596,1.4536340246089008,-0.667931358047336,0.3381620073938247,-2.3886463715820616
33.0,157.0,999.9854125976562,-0.5829076798980068,0.5938404117607945,4.05297051304596,-1.1689275600606424,-0.209821713372114,0.8583913031801487,1.453635672254431,-0.6679319112536026,0.3381615227801768,-2.3886457164473
33.0,157.0,999.9854125976562,-0.5829093460172396,0.5938416178402219,4.052967900981471,-1.16892803086867,-0.2098216172350495,0.8583898148066798,1.4536348322165606,-0.6679315195619742,0.3381570621749787,-2.388653151886704
33.0,157.0,999.9854125976562,-0.5829111423812021,0.5938417281242927,4.052967273692527,-1.168937990894396,-0.2098188783213892,0.8583862980719843,1.4536387175801018,-0.6679299581983047,0.3381527562499551,-2.3886556633371887
33.0,157.0,999.9854125976562,-0.5829098067737242,0.5938418869161852,4.052969926076772,-1.168932962879614,-0.2098200096625611,0.8583881816774657,1.4536382420763443,-0.6679309183147435,0.3381584980015013,-2.3886515618888686
33.0,157.0,999.9854125976562,-0.5829103778848639,0.5938422112375878,4.052969555587008,-1.1689317202119307,-0.2098178053476322,0.8583889493228556,1.4536322108663455,-0.6679313620737739,0.33815856587628,-2.388654943244448
33.0,157.0,999.9854125976562,-0.5829118325315878,0.59384640490447,4.052967050494216,-1.1689325379039062,-0.2098197125543865,0.858382201093356,1.4536331260337922,-0.6679299508821508,0.3381551993224949,-2.3886558237539064
33.0,157.0,999.9854125976562,-0.582910623671121,0.5938468418117644,4.052966727923948,-1.1689308335329516,-0.2098195639844329,0.8583868100677208,1.4536382508312071,-0.6679286617520228,0.3381589475138593,-2.3886497070908383
33.0,157.0,999.9854736328124,-0.5829131705692623,0.5938446931100403,4.052967470625422,-1.168936521862003,-0.2098168929607489,0.8583832583827427,1.453636761022448,-0.6679289803960016,0.3381547199746206,-2.388654511016397
33.0,157.0,999.9854125976562,-0.5829118836340133,0.5938498672774228,4.052970448674158,-1.168936906297866,-0.2098198975170184,0.8583785078401176,1.45364085488022,-0.6679286995677023,0.3381564304744353,-2.388653206682445
33.0,157.0,999.9854125976562,-0.5829087949499652,0.593845034287007,4.052970508118444,-1.168928547894443,-0.2098224476814145,0.8583875328920989,1.4536368905675996,-0.6679312072480235,0.3381572322704009,-2.38865210320905
33.0,157.0,999.9854125976562,-0.5829084092747854,0.5938428240466642,4.0529676298032165,-1.1689301752317238,-0.2098215715815623,0.8583872038411187,1.4536343144652184,-0.667930122129043,0.3381575164245607,-2.388652078505048
33.0,157.0,999.9854125976562,-0.5829095859804241,0.5938406331269919,4.052968176709722,-1.168931503145088,-0.2098209076946222,0.8583892540233515,1.4536378364109872,-0.6679300194485567,0.3381580775888668,-2.388651822241826
33.0,157.0,999.9854125976562,-0.5829091460442974,0.5938427161815163,4.052967983914659,-1.168932720350056,-0.2098206485035323,0.8583868792050344,1.4536381128011753,-0.6679303655655904,0.3381568038581397,-2.3886493022307667
33.0,157.0,999.9854125976562,-0.5829102950702261,0.5938428858825704,4.052967843380422,-1.1689345573594268,-0.2098205921430471,0.8583856818133491,1.453640637527366,-0.6679287680216106,0.338155448232774,-2.3886515656416583
33.0,157.0,999.9854736328124,-0.5829132984414827,0.5938489709740846,4.052970789807306,-1.1689431320605124,-0.2098171771984027,0.8583788437065039,1.4536445838197327,-0.6679304958069672,0.3381497692766686,-2.3886588798555053
33.0,157.0,999.9854125976562,-0.5829060123603016,0.593836560380093,4.052975365620428,-1.1689241200480105,-0.2098240630418342,0.8583930784502982,1.4536335827633824,-0.667932516673071,0.3381671997029043,-2.3886453038692568
33.0,157.0,999.9854125976562,-0.5829130777597538,0.5938459034936212,4.05296736459896,-1.1689350907835565,-0.2098175064283491,0.8583867499397568,1.4536367382243451,-0.6679312578242138,0.3381519127861487,-2.388658390783621
33.0,157.0,999.9854125976562,-0.5829096502875846,0.5938480877049717,4.052969470781729,-1.1689296632689905,-0.2098215599325366,0.858383474204917,1.453637234407954,-0.6679297083303197,0.3381598485675932,-2.388647974585024
33.0,157.0,999.9854736328124,-0.5829101283680114,0.5938423363521537,4.052960540582697,-1.1689345906917756,-0.2098177857015342,0.858389327678375,1.4536407086056204,-0.6679272886357959,0.3381500429679462,-2.388652960588268
33.0,157.0,999.9854125976562,-0.5829095379166924,0.5938397726318092,4.052970797904784,-1.1689298783720163,-0.2098216385974236,0.8583895757878643,1.4536353100896786,-0.6679303409240527,0.3381610256267029,-2.3886518878919483
33.0,157.0,999.9854125976562,-0.5829102996672404,0.5938429846851196,4.052965962505466,-1.168929693179205,-0.2098191325018907,0.8583894703774142,1.4536324541820091,-0.6679318446519016,0.3381524100688811,-2.388655679076128
33.0,157.0,999.9854125976562,-0.582909041073064,0.5938445933394902,4.052968789229926,-1.1689255048636489,-0.2098215543503538,0.8583868715352221,1.4536343138395118,-0.6679296269553987,0.3381631023521461,-2.3886459364569825
33.0,157.0,999.9854125976562,-0.5829079981854441,0.5938425890157886,4.052973456056153,-1.1689276399711497,-0.2098214250319978,0.858391003394015,1.4536369956328965,-0.6679333548877482,0.3381645668113116,-2.388645873925591
33.0,157.0,999.9854125976562,-0.5829084140763445,0.5938444865442216,4.05297108878584,-1.1689329074348676,-0.2098213018969499,0.8583852301539547,1.4536410024667887,-0.6679290052054352,0.3381607125347718,-2.388648647023889
33.0,157.0,999.9854125976562,-0.5829074859759968,0.5938408413543153,4.052968638928359,-1.168925908185832,-0.2098230076696214,0.8583912672834142,1.453634993209235,-0.6679324347880335,0.3381608337132249,-2.38864655182546
33.0,157.0,999.9854125976562,-0.5829115473700694,0.5938460139440576,4.052964850885889,-1.1689304439558108,-0.2098181028479713,0.8583879471064835,1.4536323913428353,-0.6679312727921927,0.3381554674145794,-2.388653491124757
33.0,157.0,999.9854125976562,-0.5829092241329645,0.5938400562597561,4.052970043100826,-1.1689299670784257,-0.2098208585628489,0.8583913745644365,1.4536382003045911,-0.6679327064800109,0.3381604247301695,-2.3886479785911208
33.0,158.0,999.9854125976562,-0.5829080301043197,0.5938441512901438,4.052970804960252,-1.1689270072208364,-0.2098229107810407,0.8583898767830913,1.4536378131821293,-0.667931716988269,0.3381640396235665,-2.388644091190637
33.0,158.0,999.9854125976562,-0.582910921723645,0.5938468438107751,4.052966354518876,-1.1689291290153667,-0.2098202126618344,0.8583835048482102,1.453632280737395,-0.6679292895314459,0.3381567170107979,-2.38865287793681
33.0,158.0,999.9854736328124,-0.5829062029904666,0.593836395699153,4.05297521198278,-1.1689233558286762,-0.2098249695370118,0.858397728953082,1.4536373324926135,-0.6679363998723336,0.3381654810396544,-2.388640778647529
33.0,158.0,999.9854736328124,-0.5829091291420498,0.5938388910109431,4.052967150645566,-1.1689261358208451,-0.2098195689170978,0.8583933887557249,1.4536333021051293,-0.6679328121856791,0.3381615336939569,-2.3886469840640108
33.0,158.0,999.9854125976562,-0.5829077021455049,0.5938421964434575,4.052971850597512,-1.1689311000567084,-0.2098226586127021,0.8583871230336735,1.45364161511141,-0.6679292513426649,0.3381610531502401,-2.388646284542853
33.0,158.0,999.9854125976562,-0.582909926206022,0.5938419474242105,4.052971420175801,-1.168932870690222,-0.2098210720918212,0.8583868850100913,1.453638483856321,-0.6679319996604036,0.3381580283910708,-2.388651744867325
33.0,158.0,999.9854736328124,-0.5829093102984935,0.5938401568646867,4.052971847942793,-1.1689321136429394,-0.2098221931961754,0.8583863450100884,1.4536405622367097,-0.6679298442439077,0.3381580547510046,-2.3886512453787203
33.0,158.0,999.9854736328124,-0.5829102107186133,0.5938450663850912,4.052964011930246,-1.1689338308235508,-0.2098190051254942,0.8583842931100971,1.4536381434228964,-0.6679286246445066,0.3381533882382284,-2.388653436662032
33.0,158.0,999.9854125976562,-0.5829092924358914,0.593841125737729,4.0529671244572505,-1.1689300210327196,-0.2098199465649806,0.8583923780187774,1.4536351596033086,-0.6679319210208412,0.3381551813859733,-2.3886527196902003
33.0,158.0,999.9854125976562,-0.5829096201509207,0.5938454267090378,4.05296790881671,-1.168928026857381,-0.2098199477678166,0.8583878847484936,1.4536299579781904,-0.6679311170747155,0.3381597506681357,-2.388650344920144
33.0,158.0,999.9854125976562,-0.5829115196642194,0.5938448183503571,4.05296804846466,-1.1689363929749534,-0.2098177083492975,0.8583836386790686,1.453637655776726,-0.6679287530701323,0.3381553541021622,-2.3886563076135663
33.0,158.0,999.9854125976562,-0.582908210720384,0.5938390242467362,4.052972765647283,-1.168931862945758,-0.2098214532051461,0.8583910098607266,1.4536384786628522,-0.667932401101357,0.3381581515151532,-2.388651526432724
33.0,158.0,999.9854736328124,-0.5829071982660743,0.5938449731229305,4.052969306157664,-1.168923804645459,-0.2098230645946781,0.85838952677181,1.4536342832907012,-0.6679330212206605,0.3381650500633002,-2.388643845778672
33.0,158.0,999.9854736328124,-0.5829095726843958,0.5938407385559428,4.052971954665734,-1.1689341525171448,-0.209820247370847,0.8583868209768948,1.4536418738817725,-0.6679298274476588,0.3381583928375686,-2.388650999240728
33.0,158.0,999.9854125976562,-0.5829100751635394,0.5938476280285112,4.0529673532464745,-1.1689307375966438,-0.2098200484741292,0.8583837688255445,1.453634020763812,-0.667930186750664,0.3381546992962994,-2.3886517699105085
33.0,158.0,999.9854125976562,-0.5829100681240824,0.5938456765182334,4.052969274383969,-1.1689332759884987,-0.2098209617938327,0.8583825058052259,1.4536375603755474,-0.6679303053496808,0.338157951095801,-2.3886492853262418
33.0,158.0,999.9854736328124,-0.5829137736605352,0.5938444058658412,4.052969872509909,-1.1689348985154933,-0.2098161165663512,0.858386272324454,1.4536341886582802,-0.6679319963189352,0.3381573117470147,-2.3886544254390083
33.0,158.0,999.9854125976562,-0.5829098110707651,0.5938424344959188,4.052967700342922,-1.1689340197207023,-0.2098209492703437,0.8583875615235144,1.4536415851907076,-0.6679289928054075,0.3381543218562779,-2.3886531144276835
33.0,158.0,999.9854125976562,-0.5829095912944267,0.5938460000806911,4.052968302634829,-1.1689292857165583,-0.2098203361913579,0.8583858282352903,1.453633626359112,-0.6679317933515616,0.3381569036183371,-2.388649908606848
33.0,158.0,999.9854125976562,-0.5829083286359023,0.5938429914468362,4.052969750829666,-1.1689276088161824,-0.209821789504347,0.8583877389542769,1.453635512111461,-0.6679292388258498,0.338161579608176,-2.3886467668245155
33.0,158.0,999.9854736328124,-0.582908315466339,0.5938364726323808,4.052966911526594,-1.1689218542862916,-0.2098219623189905,0.8583980305806707,1.4536316359405728,-0.6679333976108337,0.3381608434691507,-2.388647879782237
33.0,158.0,999.9854125976562,-0.5829087331506964,0.5938436902926645,4.052969387091823,-1.1689274507897056,-0.2098199292101972,0.8583898443253428,1.4536331330359609,-0.6679329909130951,0.3381574499636564,-2.388652233254627
33.0,158.0,999.9854125976562,-0.582907726887834,0.5938431441529355,4.052967908674907,-1.168925345477649,-0.2098221326248337,0.8583891147660596,1.4536340246089008,-0.667931358047336,0.3381620073938247,-2.3886463715820616
33.0,158.0,999.9854125976562,-0.5829076798980068,0.5938404117607945,4.05297051304596,-1.1689275600606424,-0.209821713372114,0.8583913031801487,1.453635672254431,-0.6679319112536026,0.3381615227801768,-2.3886457164473
33.0,158.0,999.9854125976562,-0.5829093460172396,0.5938416178402219,4.052967900981471,-1.16892803086867,-0.2098216172350495,0.8583898148066798,1.4536348322165606,-0.6679315195619742,0.3381570621749787,-2.388653151886704
33.0,158.0,999.9854125976562,-0.5829111423812021,0.5938417281242927,4.052967273692527,-1.168937990894396,-0.2098188783213892,0.8583862980719843,1.4536387175801018,-0.6679299581983047,0.3381527562499551,-2.3886556633371887
33.0,158.0,999.9854125976562,-0.5829098067737242,0.5938418869161852,4.052969926076772,-1.168932962879614,-0.2098200096625611,0.8583881816774657,1.4536382420763443,-0.6679309183147435,0.3381584980015013,-2.3886515618888686
33.0,158.0,999.9854125976562,-0.5829103778848639,0.5938422112375878,4.052969555587008,-1.1689317202119307,-0.2098178053476322,0.8583889493228556,1.4536322108663455,-0.6679313620737739,0.33815856587628,-2.388654943244448
33.0,158.0,999.9854125976562,-0.5829118325315878,0.59384640490447,4.052967050494216,-1.1689325379039062,-0.2098197125543865,0.858382201093356,1.4536331260337922,-0.6679299508821508,0.3381551993224949,-2.3886558237539064
33.0,158.0,999.9854125976562,-0.582910623671121,0.5938468418117644,4.052966727923948,-1.1689308335329516,-0.2098195639844329,0.8583868100677208,1.4536382508312071,-0.6679286617520228,0.3381589475138593,-2.3886497070908383
33.0,158.0,999.9854736328124,-0.5829131705692623,0.5938446931100403,4.052967470625422,-1.168936521862003,-0.2098168929607489,0.8583832583827427,1.453636761022448,-0.6679289803960016,0.3381547199746206,-2.388654511016397
33.0,158.0,999.9854125976562,-0.5829118836340133,0.5938498672774228,4.052970448674158,-1.168936906297866,-0.2098198975170184,0.8583785078401176,1.45364085488022,-0.6679286995677023,0.3381564304744353,-2.388653206682445
33.0,158.0,999.9854125976562,-0.5829087949499652,0.593845034287007,4.052970508118444,-1.168928547894443,-0.2098224476814145,0.8583875328920989,1.4536368905675996,-0.6679312072480235,0.3381572322704009,-2.38865210320905
33.0,158.0,999.9854125976562,-0.5829084092747854,0.5938428240466642,4.0529676298032165,-1.1689301752317238,-0.2098215715815623,0.8583872038411187,1.4536343144652184,-0.667930122129043,0.3381575164245607,-2.388652078505048
33.0,158.0,999.9854125976562,-0.5829095859804241,0.5938406331269919,4.052968176709722,-1.168931503145088,-0.2098209076946222,0.8583892540233515,1.4536378364109872,-0.6679300194485567,0.3381580775888668,-2.388651822241826
33.0,158.0,999.9854125976562,-0.5829091460442974,0.5938427161815163,4.052967983914659,-1.168932720350056,-0.2098206485035323,0.8583868792050344,1.4536381128011753,-0.6679303655655904,0.3381568038581397,-2.3886493022307667
33.0,158.0,999.9854125976562,-0.5829102950702261,0.5938428858825704,4.052967843380422,-1.1689345573594268,-0.2098205921430471,0.8583856818133491,1.453640637527366,-0.6679287680216106,0.338155448232774,-2.3886515656416583
33.0,158.0,999.9854736328124,-0.5829132984414827,0.5938489709740846,4.052970789807306,-1.1689431320605124,-0.2098171771984027,0.8583788437065039,1.4536445838197327,-0.6679304958069672,0.3381497692766686,-2.3886588798555053
33.0,158.0,999.9854125976562,-0.5829060123603016,0.593836560380093,4.052975365620428,-1.1689241200480105,-0.2098240630418342,0.8583930784502982,1.4536335827633824,-0.667932516673071,0.3381671997029043,-2.3886453038692568
33.0,158.0,999.9854125976562,-0.5829130777597538,0.5938459034936212,4.05296736459896,-1.1689350907835565,-0.2098175064283491,0.8583867499397568,1.4536367382243451,-0.6679312578242138,0.3381519127861487,-2.388658390783621
33.0,158.0,999.9854125976562,-0.5829096502875846,0.5938480877049717,4.052969470781729,-1.1689296632689905,-0.2098215599325366,0.858383474204917,1.453637234407954,-0.6679297083303197,0.3381598485675932,-2.388647974585024
33.0,158.0,999.9854736328124,-0.5829101283680114,0.5938423363521537,4.052960540582697,-1.1689345906917756,-0.2098177857015342,0.858389327678375,1.4536407086056204,-0.6679272886357959,0.3381500429679462,-2.388652960588268
33.0,158.0,999.9854125976562,-0.5829095379166924,0.5938397726318092,4.052970797904784,-1.1689298783720163,-0.2098216385974236,0.8583895757878643,1.4536353100896786,-0.6679303409240527,0.3381610256267029,-2.3886518878919483
33.0,158.0,999.9854125976562,-0.5829102996672404,0.5938429846851196,4.052965962505466,-1.168929693179205,-0.2098191325018907,0.8583894703774142,1.4536324541820091,-0.6679318446519016,0.3381524100688811,-2.388655679076128
33.0,158.0,999.9854125976562,-0.582909041073064,0.5938445933394902,4.052968789229926,-1.1689255048636489,-0.2098215543503538,0.8583868715352221,1.4536343138395118,-0.6679296269553987,0.3381631023521461,-2.3886459364569825
33.0,158.0,999.9854125976562,-0.5829079981854441,0.5938425890157886,4.052973456056153,-1.1689276399711497,-0.2098214250319978,0.858391003394015,1.4536369956328965,-0.6679333548877482,0.3381645668113116,-2.388645873925591
33.0,158.0,999.9854125976562,-0.5829084140763445,0.5938444865442216,4.05297108878584,-1.1689329074348676,-0.2098213018969499,0.8583852301539547,1.4536410024667887,-0.6679290052054352,0.3381607125347718,-2.388648647023889
33.0,158.0,999.9854125976562,-0.5829074859759968,0.5938408413543153,4.052968638928359,-1.168925908185832,-0.2098230076696214,0.8583912672834142,1.453634993209235,-0.6679324347880335,0.3381608337132249,-2.38864655182546
33.0,158.0,999.9854125976562,-0.5829115473700694,0.5938460139440576,4.052964850885889,-1.1689304439558108,-0.2098181028479713,0.8583879471064835,1.4536323913428353,-0.6679312727921927,0.3381554674145794,-2.388653491124757
33.0,158.0,999.9854125976562,-0.5829092241329645,0.5938400562597561,4.052970043100826,-1.1689299670784257,-0.2098208585628489,0.8583913745644365,1.4536382003045911,-0.6679327064800109,0.3381604247301695,-2.3886479785911208
33.0,159.0,999.9854125976562,-0.5829080301043197,0.5938441512901438,4.052970804960252,-1.1689270072208364,-0.2098229107810407,0.8583898767830913,1.4536378131821293,-0.667931716988269,0.3381640396235665,-2.388644091190637
33.0,159.0,999.9854125976562,-0.582910921723645,0.5938468438107751,4.052966354518876,-1.1689291290153667,-0.2098202126618344,0.8583835048482102,1.453632280737395,-0.6679292895314459,0.3381567170107979,-2.38865287793681
33.0,159.0,999.9854736328124,-0.5829062029904666,0.593836395699153,4.05297521198278,-1.1689233558286762,-0.2098249695370118,0.858397728953082,1.4536373324926135,-0.6679363998723336,0.3381654810396544,-2.388640778647529
33.0,159.0,999.9854736328124,-0.5829091291420498,0.5938388910109431,4.052967150645566,-1.1689261358208451,-0.2098195689170978,0.8583933887557249,1.4536333021051293,-0.6679328121856791,0.3381615336939569,-2.3886469840640108
33.0,159.0,999.9854125976562,-0.5829077021455049,0.5938421964434575,4.052971850597512,-1.1689311000567084,-0.2098226586127021,0.8583871230336735,1.45364161511141,-0.6679292513426649,0.3381610531502401,-2.388646284542853
33.0,159.0,999.9854125976562,-0.582909926206022,0.5938419474242105,4.052971420175801,-1.168932870690222,-0.2098210720918212,0.8583868850100913,1.453638483856321,-0.6679319996604036,0.3381580283910708,-2.388651744867325
33.0,159.0,999.9854736328124,-0.5829093102984935,0.5938401568646867,4.052971847942793,-1.1689321136429394,-0.2098221931961754,0.8583863450100884,1.4536405622367097,-0.6679298442439077,0.3381580547510046,-2.3886512453787203
33.0,159.0,999.9854736328124,-0.5829102107186133,0.5938450663850912,4.052964011930246,-1.1689338308235508,-0.2098190051254942,0.8583842931100971,1.4536381434228964,-0.6679286246445066,0.3381533882382284,-2.388653436662032
33.0,159.0,999.9854125976562,-0.5829092924358914,0.593841125737729,4.0529671244572505,-1.1689300210327196,-0.2098199465649806,0.8583923780187774,1.4536351596033086,-0.6679319210208412,0.3381551813859733,-2.3886527196902003
33.0,159.0,999.9854125976562,-0.5829096201509207,0.5938454267090378,4.05296790881671,-1.168928026857381,-0.2098199477678166,0.8583878847484936,1.4536299579781904,-0.6679311170747155,0.3381597506681357,-2.388650344920144
33.0,159.0,999.9854125976562,-0.5829115196642194,0.5938448183503571,4.05296804846466,-1.1689363929749534,-0.2098177083492975,0.8583836386790686,1.453637655776726,-0.6679287530701323,0.3381553541021622,-2.3886563076135663
33.0,159.0,999.9854125976562,-0.582908210720384,0.5938390242467362,4.052972765647283,-1.168931862945758,-0.2098214532051461,0.8583910098607266,1.4536384786628522,-0.667932401101357,0.3381581515151532,-2.388651526432724
33.0,159.0,999.9854736328124,-0.5829071982660743,0.5938449731229305,4.052969306157664,-1.168923804645459,-0.2098230645946781,0.85838952677181,1.4536342832907012,-0.6679330212206605,0.3381650500633002,-2.388643845778672
33.0,159.0,999.9854736328124,-0.5829095726843958,0.5938407385559428,4.052971954665734,-1.1689341525171448,-0.209820247370847,0.8583868209768948,1.4536418738817725,-0.6679298274476588,0.3381583928375686,-2.388650999240728
33.0,159.0,999.9854125976562,-0.5829100751635394,0.5938476280285112,4.0529673532464745,-1.1689307375966438,-0.2098200484741292,0.8583837688255445,1.453634020763812,-0.667930186750664,0.3381546992962994,-2.3886517699105085
33.0,159.0,999.9854125976562,-0.5829100681240824,0.5938456765182334,4.052969274383969,-1.1689332759884987,-0.2098209617938327,0.8583825058052259,1.4536375603755474,-0.6679303053496808,0.338157951095801,-2.3886492853262418
33.0,159.0,999.9854736328124,-0.5829137736605352,0.5938444058658412,4.052969872509909,-1.1689348985154933,-0.2098161165663512,0.858386272324454,1.4536341886582802,-0.6679319963189352,0.3381573117470147,-2.3886544254390083
33.0,159.0,999.9854125976562,-0.5829098110707651,0.5938424344959188,4.052967700342922,-1.1689340197207023,-0.2098209492703437,0.8583875615235144,1.4536415851907076,-0.6679289928054075,0.3381543218562779,-2.3886531144276835
33.0,159.0,999.9854125976562,-0.5829095912944267,0.5938460000806911,4.052968302634829,-1.1689292857165583,-0.2098203361913579,0.8583858282352903,1.453633626359112,-0.6679317933515616,0.3381569036183371,-2.388649908606848
33.0,159.0,999.9854125976562,-0.5829083286359023,0.5938429914468362,4.052969750829666,-1.1689276088161824,-0.209821789504347,0.8583877389542769,1.453635512111461,-0.6679292388258498,0.338161579608176,-2.3886467668245155
33.0,159.0,999.9854736328124,-0.582908315466339,0.5938364726323808,4.052966911526594,-1.1689218542862916,-0.2098219623189905,0.8583980305806707,1.4536316359405728,-0.6679333976108337,0.3381608434691507,-2.388647879782237
33.0,159.0,999.9854125976562,-0.5829087331506964,0.5938436902926645,4.052969387091823,-1.1689274507897056,-0.2098199292101972,0.8583898443253428,1.4536331330359609,-0.6679329909130951,0.3381574499636564,-2.388652233254627
33.0,159.0,999.9854125976562,-0.582907726887834,0.5938431441529355,4.052967908674907,-1.168925345477649,-0.2098221326248337,0.8583891147660596,1.4536340246089008,-0.667931358047336,0.3381620073938247,-2.3886463715820616
33.0,159.0,999.9854125976562,-0.5829076798980068,0.5938404117607945,4.05297051304596,-1.1689275600606424,-0.209821713372114,0.8583913031801487,1.453635672254431,-0.6679319112536026,0.3381615227801768,-2.3886457164473
33.0,159.0,999.9854125976562,-0.5829093460172396,0.5938416178402219,4.052967900981471,-1.16892803086867,-0.2098216172350495,0.8583898148066798,1.4536348322165606,-0.6679315195619742,0.3381570621749787,-2.388653151886704
33.0,159.0,999.9854125976562,-0.5829111423812021,0.5938417281242927,4.052967273692527,-1.168937990894396,-0.2098188783213892,0.8583862980719843,1.4536387175801018,-0.6679299581983047,0.3381527562499551,-2.3886556633371887
33.0,159.0,999.9854125976562,-0.5829098067737242,0.5938418869161852,4.052969926076772,-1.168932962879614,-0.2098200096625611,0.8583881816774657,1.4536382420763443,-0.6679309183147435,0.3381584980015013,-2.3886515618888686
33.0,159.0,999.9854125976562,-0.5829103778848639,0.5938422112375878,4.052969555587008,-1.1689317202119307,-0.2098178053476322,0.8583889493228556,1.4536322108663455,-0.6679313620737739,0.33815856587628,-2.388654943244448
33.0,159.0,999.9854125976562,-0.5829118325315878,0.59384640490447,4.052967050494216,-1.1689325379039062,-0.2098197125543865,0.858382201093356,1.4536331260337922,-0.6679299508821508,0.3381551993224949,-2.3886558237539064
33.0,159.0,999.9854125976562,-0.582910623671121,0.5938468418117644,4.052966727923948,-1.1689308335329516,-0.2098195639844329,0.8583868100677208,1.4536382508312071,-0.6679286617520228,0.3381589475138593,-2.3886497070908383
33.0,159.0,999.9854736328124,-0.5829131705692623,0.5938446931100403,4.052967470625422,-1.168936521862003,-0.2098168929607489,0.8583832583827427,1.453636761022448,-0.6679289803960016,0.3381547199746206,-2.388654511016397
33.0,159.0,999.9854125976562,-0.5829118836340133,0.5938498672774228,4.052970448674158,-1.168936906297866,-0.2098198975170184,0.8583785078401176,1.45364085488022,-0.6679286995677023,0.3381564304744353,-2.388653206682445
33.0,159.0,999.9854125976562,-0.5829087949499652,0.593845034287007,4.052970508118444,-1.168928547894443,-0.2098224476814145,0.8583875328920989,1.4536368905675996,-0.6679312072480235,0.3381572322704009,-2.38865210320905
33.0,159.0,999.9854125976562,-0.5829084092747854,0.5938428240466642,4.0529676298032165,-1.1689301752317238,-0.2098215715815623,0.8583872038411187,1.4536343144652184,-0.667930122129043,0.3381575164245607,-2.388652078505048
33.0,159.0,999.9854125976562,-0.5829095859804241,0.5938406331269919,4.052968176709722,-1.168931503145088,-0.2098209076946222,0.8583892540233515,1.4536378364109872,-0.6679300194485567,0.3381580775888668,-2.388651822241826
33.0,159.0,999.9854125976562,-0.5829091460442974,0.5938427161815163,4.052967983914659,-1.168932720350056,-0.2098206485035323,0.8583868792050344,1.4536381128011753,-0.6679303655655904,0.3381568038581397,-2.3886493022307667
33.0,159.0,999.9854125976562,-0.5829102950702261,0.5938428858825704,4.052967843380422,-1.1689345573594268,-0.2098205921430471,0.8583856818133491,1.453640637527366,-0.6679287680216106,0.338155448232774,-2.3886515656416583
33.0,159.0,999.9854736328124,-0.5829132984414827,0.5938489709740846,4.052970789807306,-1.1689431320605124,-0.2098171771984027,0.8583788437065039,1.4536445838197327,-0.6679304958069672,0.3381497692766686,-2.3886588798555053
33.0,159.0,999.9854125976562,-0.5829060123603016,0.593836560380093,4.052975365620428,-1.1689241200480105,-0.2098240630418342,0.8583930784502982,1.4536335827633824,-0.667932516673071,0.3381671997029043,-2.3886453038692568
33.0,159.0,999.9854125976562,-0.5829130777597538,0.5938459034936212,4.05296736459896,-1.1689350907835565,-0.2098175064283491,0.8583867499397568,1.4536367382243451,-0.6679312578242138,0.3381519127861487,-2.388658390783621
33.0,159.0,999.9854125976562,-0.5829096502875846,0.5938480877049717,4.052969470781729,-1.1689296632689905,-0.2098215599325366,0.858383474204917,1.453637234407954,-0.6679297083303197,0.3381598485675932,-2.388647974585024
33.0,159.0,999.9854736328124,-0.5829101283680114,0.5938423363521537,4.052960540582697,-1.1689345906917756,-0.2098177857015342,0.858389327678375,1.4536407086056204,-0.6679272886357959,0.3381500429679462,-2.388652960588268
33.0,159.0,999.9854125976562,-0.5829095379166924,0.5938397726318092,4.052970797904784,-1.1689298783720163,-0.2098216385974236,0.8583895757878643,1.4536353100896786,-0.6679303409240527,0.3381610256267029,-2.3886518878919483
33.0,159.0,999.9854125976562,-0.5829102996672404,0.5938429846851196,4.052965962505466,-1.168929693179205,-0.2098191325018907,0.8583894703774142,1.4536324541820091,-0.6679318446519016,0.3381524100688811,-2.388655679076128
33.0,159.0,999.9854125976562,-0.582909041073064,0.5938445933394902,4.052968789229926,-1.1689255048636489,-0.2098215543503538,0.8583868715352221,1.4536343138395118,-0.6679296269553987,0.3381631023521461,-2.3886459364569825
33.0,159.0,999.9854125976562,-0.5829079981854441,0.5938425890157886,4.052973456056153,-1.1689276399711497,-0.2098214250319978,0.858391003394015,1.4536369956328965,-0.6679333548877482,0.3381645668113116,-2.388645873925591
33.0,159.0,999.9854125976562,-0.5829084140763445,0.5938444865442216,4.05297108878584,-1.1689329074348676,-0.2098213018969499,0.8583852301539547,1.4536410024667887,-0.6679290052054352,0.3381607125347718,-2.388648647023889
33.0,159.0,999.9854125976562,-0.5829074859759968,0.5938408413543153,4.052968638928359,-1.168925908185832,-0.2098230076696214,0.8583912672834142,1.453634993209235,-0.6679324347880335,0.3381608337132249,-2.38864655182546
33.0,159.0,999.9854125976562,-0.5829115473700694,0.5938460139440576,4.052964850885889,-1.1689304439558108,-0.2098181028479713,0.8583879471064835,1.4536323913428353,-0.6679312727921927,0.3381554674145794,-2.388653491124757
33.0,159.0,999.9854125976562,-0.5829092241329645,0.5938400562597561,4.052970043100826,-1.1689299670784257,-0.2098208585628489,0.8583913745644365,1.4536382003045911,-0.6679327064800109,0.3381604247301695,-2.3886479785911208
33.0,160.0,999.9854125976562,-0.5829080301043197,0.5938441512901438,4.052970804960252,-1.1689270072208364,-0.2098229107810407,0.8583898767830913,1.4536378131821293,-0.667931716988269,0.3381640396235665,-2.388644091190637
33.0,160.0,999.9854125976562,-0.582910921723645,0.5938468438107751,4.052966354518876,-1.1689291290153667,-0.2098202126618344,0.8583835048482102,1.453632280737395,-0.6679292895314459,0.3381567170107979,-2.38865287793681
33.0,160.0,999.9854736328124,-0.5829062029904666,0.593836395699153,4.05297521198278,-1.1689233558286762,-0.2098249695370118,0.858397728953082,1.4536373324926135,-0.6679363998723336,0.3381654810396544,-2.388640778647529
33.0,160.0,999.9854736328124,-0.5829091291420498,0.5938388910109431,4.052967150645566,-1.1689261358208451,-0.2098195689170978,0.8583933887557249,1.4536333021051293,-0.6679328121856791,0.3381615336939569,-2.3886469840640108
33.0,160.0,999.9854125976562,-0.5829077021455049,0.5938421964434575,4.052971850597512,-1.1689311000567084,-0.2098226586127021,0.8583871230336735,1.45364161511141,-0.6679292513426649,0.3381610531502401,-2.388646284542853
33.0,160.0,999.9854125976562,-0.582909926206022,0.5938419474242105,4.052971420175801,-1.168932870690222,-0.2098210720918212,0.8583868850100913,1.453638483856321,-0.6679319996604036,0.3381580283910708,-2.388651744867325
33.0,160.0,999.9854736328124,-0.5829093102984935,0.5938401568646867,4.052971847942793,-1.1689321136429394,-0.2098221931961754,0.8583863450100884,1.4536405622367097,-0.6679298442439077,0.3381580547510046,-2.3886512453787203
33.0,160.0,999.9854736328124,-0.5829102107186133,0.5938450663850912,4.052964011930246,-1.1689338308235508,-0.2098190051254942,0.8583842931100971,1.4536381434228964,-0.6679286246445066,0.3381533882382284,-2.388653436662032
33.0,160.0,999.9854125976562,-0.5829092924358914,0.593841125737729,4.0529671244572505,-1.1689300210327196,-0.2098199465649806,0.8583923780187774,1.4536351596033086,-0.6679319210208412,0.3381551813859733,-2.3886527196902003
33.0,160.0,999.9854125976562,-0.5829096201509207,0.5938454267090378,4.05296790881671,-1.168928026857381,-0.2098199477678166,0.8583878847484936,1.4536299579781904,-0.6679311170747155,0.3381597506681357,-2.388650344920144
33.0,160.0,999.9854125976562,-0.5829115196642194,0.5938448183503571,4.05296804846466,-1.1689363929749534,-0.2098177083492975,0.8583836386790686,1.453637655776726,-0.6679287530701323,0.3381553541021622,-2.3886563076135663
33.0,160.0,999.9854125976562,-0.582908210720384,0.5938390242467362,4.052972765647283,-1.168931862945758,-0.2098214532051461,0.8583910098607266,1.4536384786628522,-0.667932401101357,0.3381581515151532,-2.388651526432724
33.0,160.0,999.9854736328124,-0.5829071982660743,0.5938449731229305,4.052969306157664,-1.168923804645459,-0.2098230645946781,0.85838952677181,1.4536342832907012,-0.6679330212206605,0.3381650500633002,-2.388643845778672
33.0,160.0,999.9854736328124,-0.5829095726843958,0.5938407385559428,4.052971954665734,-1.1689341525171448,-0.209820247370847,0.8583868209768948,1.4536418738817725,-0.6679298274476588,0.3381583928375686,-2.388650999240728
33.0,160.0,999.9854125976562,-0.5829100751635394,0.5938476280285112,4.0529673532464745,-1.1689307375966438,-0.2098200484741292,0.8583837688255445,1.453634020763812,-0.667930186750664,0.3381546992962994,-2.3886517699105085
33.0,160.0,999.9854125976562,-0.5829100681240824,0.5938456765182334,4.052969274383969,-1.1689332759884987,-0.2098209617938327,0.8583825058052259,1.4536375603755474,-0.6679303053496808,0.338157951095801,-2.3886492853262418
33.0,160.0,999.9854736328124,-0.5829137736605352,0.5938444058658412,4.052969872509909,-1.1689348985154933,-0.2098161165663512,0.858386272324454,1.4536341886582802,-0.6679319963189352,0.3381573117470147,-2.3886544254390083
33.0,160.0,999.9854125976562,-0.5829098110707651,0.5938424344959188,4.052967700342922,-1.1689340197207023,-0.2098209492703437,0.8583875615235144,1.4536415851907076,-0.6679289928054075,0.3381543218562779,-2.3886531144276835
33.0,160.0,999.9854125976562,-0.5829095912944267,0.5938460000806911,4.052968302634829,-1.1689292857165583,-0.2098203361913579,0.8583858282352903,1.453633626359112,-0.6679317933515616,0.3381569036183371,-2.388649908606848
33.0,160.0,999.9854125976562,-0.5829083286359023,0.5938429914468362,4.052969750829666,-1.1689276088161824,-0.209821789504347,0.8583877389542769,1.453635512111461,-0.6679292388258498,0.338161579608176,-2.3886467668245155
33.0,160.0,999.9854736328124,-0.582908315466339,0.5938364726323808,4.052966911526594,-1.1689218542862916,-0.2098219623189905,0.8583980305806707,1.4536316359405728,-0.6679333976108337,0.3381608434691507,-2.388647879782237
33.0,160.0,999.9854125976562,-0.5829087331506964,0.5938436902926645,4.052969387091823,-1.1689274507897056,-0.2098199292101972,0.8583898443253428,1.4536331330359609,-0.6679329909130951,0.3381574499636564,-2.388652233254627
33.0,160.0,999.9854125976562,-0.582907726887834,0.5938431441529355,4.052967908674907,-1.168925345477649,-0.2098221326248337,0.8583891147660596,1.4536340246089008,-0.667931358047336,0.3381620073938247,-2.3886463715820616
33.0,160.0,999.9854125976562,-0.5829076798980068,0.5938404117607945,4.05297051304596,-1.1689275600606424,-0.209821713372114,0.8583913031801487,1.453635672254431,-0.6679319112536026,0.3381615227801768,-2.3886457164473
33.0,160.0,999.9854125976562,-0.5829093460172396,0.5938416178402219,4.052967900981471,-1.16892803086867,-0.2098216172350495,0.8583898148066798,1.4536348322165606,-0.6679315195619742,0.3381570621749787,-2.388653151886704
33.0,160.0,999.9854125976562,-0.5829111423812021,0.5938417281242927,4.052967273692527,-1.168937990894396,-0.2098188783213892,0.8583862980719843,1.4536387175801018,-0.6679299581983047,0.3381527562499551,-2.3886556633371887
33.0,160.0,999.9854125976562,-0.5829098067737242,0.5938418869161852,4.052969926076772,-1.168932962879614,-0.2098200096625611,0.8583881816774657,1.4536382420763443,-0.6679309183147435,0.3381584980015013,-2.3886515618888686
33.0,160.0,999.9854125976562,-0.5829103778848639,0.5938422112375878,4.052969555587008,-1.1689317202119307,-0.2098178053476322,0.8583889493228556,1.4536322108663455,-0.6679313620737739,0.33815856587628,-2.388654943244448
33.0,160.0,999.9854125976562,-0.5829118325315878,0.59384640490447,4.052967050494216,-1.1689325379039062,-0.2098197125543865,0.858382201093356,1.4536331260337922,-0.6679299508821508,0.3381551993224949,-2.3886558237539064
33.0,160.0,999.9854125976562,-0.582910623671121,0.5938468418117644,4.052966727923948,-1.1689308335329516,-0.2098195639844329,0.8583868100677208,1.4536382508312071,-0.6679286617520228,0.3381589475138593,-2.3886497070908383
33.0,160.0,999.9854736328124,-0.5829131705692623,0.5938446931100403,4.052967470625422,-1.168936521862003,-0.2098168929607489,0.8583832583827427,1.453636761022448,-0.6679289803960016,0.3381547199746206,-2.388654511016397
33.0,160.0,999.9854125976562,-0.5829118836340133,0.5938498672774228,4.052970448674158,-1.168936906297866,-0.2098198975170184,0.8583785078401176,1.45364085488022,-0.6679286995677023,0.3381564304744353,-2.388653206682445
33.0,160.0,999.9854125976562,-0.5829087949499652,0.593845034287007,4.052970508118444,-1.168928547894443,-0.2098224476814145,0.8583875328920989,1.4536368905675996,-0.6679312072480235,0.3381572322704009,-2.38865210320905
33.0,160.0,999.9854125976562,-0.5829084092747854,0.5938428240466642,4.0529676298032165,-1.1689301752317238,-0.2098215715815623,0.8583872038411187,1.4536343144652184,-0.667930122129043,0.3381575164245607,-2.388652078505048
33.0,160.0,999.9854125976562,-0.5829095859804241,0.5938406331269919,4.052968176709722,-1.168931503145088,-0.2098209076946222,0.8583892540233515,1.4536378364109872,-0.6679300194485567,0.3381580775888668,-2.388651822241826
33.0,160.0,999.9854125976562,-0.5829091460442974,0.5938427161815163,4.052967983914659,-1.168932720350056,-0.2098206485035323,0.8583868792050344,1.4536381128011753,-0.6679303655655904,0.3381568038581397,-2.3886493022307667
33.0,160.0,999.9854125976562,-0.5829102950702261,0.5938428858825704,4.052967843380422,-1.1689345573594268,-0.2098205921430471,0.8583856818133491,1.453640637527366,-0.6679287680216106,0.338155448232774,-2.3886515656416583
33.0,160.0,999.9854736328124,-0.5829132984414827,0.5938489709740846,4.052970789807306,-1.1689431320605124,-0.2098171771984027,0.8583788437065039,1.4536445838197327,-0.6679304958069672,0.3381497692766686,-2.3886588798555053
33.0,160.0,999.9854125976562,-0.5829060123603016,0.593836560380093,4.052975365620428,-1.1689241200480105,-0.2098240630418342,0.8583930784502982,1.4536335827633824,-0.667932516673071,0.3381671997029043,-2.3886453038692568
33.0,160.0,999.9854125976562,-0.5829130777597538,0.5938459034936212,4.05296736459896,-1.1689350907835565,-0.2098175064283491,0.8583867499397568,1.4536367382243451,-0.6679312578242138,0.3381519127861487,-2.388658390783621
33.0,160.0,999.9854125976562,-0.5829096502875846,0.5938480877049717,4.052969470781729,-1.1689296632689905,-0.2098215599325366,0.858383474204917,1.453637234407954,-0.6679297083303197,0.3381598485675932,-2.388647974585024
33.0,160.0,999.9854736328124,-0.5829101283680114,0.5938423363521537,4.052960540582697,-1.1689345906917756,-0.2098177857015342,0.858389327678375,1.4536407086056204,-0.6679272886357959,0.3381500429679462,-2.388652960588268
33.0,160.0,999.9854125976562,-0.5829095379166924,0.5938397726318092,4.052970797904784,-1.1689298783720163,-0.2098216385974236,0.8583895757878643,1.4536353100896786,-0.6679303409240527,0.3381610256267029,-2.3886518878919483
33.0,160.0,999.9854125976562,-0.5829102996672404,0.5938429846851196,4.052965962505466,-1.168929693179205,-0.2098191325018907,0.8583894703774142,1.4536324541820091,-0.6679318446519016,0.3381524100688811,-2.388655679076128
33.0,160.0,999.9854125976562,-0.582909041073064,0.5938445933394902,4.052968789229926,-1.1689255048636489,-0.2098215543503538,0.8583868715352221,1.4536343138395118,-0.6679296269553987,0.3381631023521461,-2.3886459364569825
33.0,160.0,999.9854125976562,-0.5829079981854441,0.5938425890157886,4.052973456056153,-1.1689276399711497,-0.2098214250319978,0.858391003394015,1.4536369956328965,-0.6679333548877482,0.3381645668113116,-2.388645873925591
33.0,160.0,999.9854125976562,-0.5829084140763445,0.5938444865442216,4.05297108878584,-1.1689329074348676,-0.2098213018969499,0.8583852301539547,1.4536410024667887,-0.6679290052054352,0.3381607125347718,-2.388648647023889
33.0,160.0,999.9854125976562,-0.5829074859759968,0.5938408413543153,4.052968638928359,-1.168925908185832,-0.2098230076696214,0.8583912672834142,1.453634993209235,-0.6679324347880335,0.3381608337132249,-2.38864655182546
33.0,160.0,999.9854125976562,-0.5829115473700694,0.5938460139440576,4.052964850885889,-1.1689304439558108,-0.2098181028479713,0.8583879471064835,1.4536323913428353,-0.6679312727921927,0.3381554674145794,-2.388653491124757
33.0,160.0,999.9854125976562,-0.5829092241329645,0.5938400562597561,4.052970043100826,-1.1689299670784257,-0.2098208585628489,0.8583913745644365,1.4536382003045911,-0.6679327064800109,0.3381604247301695,-2.3886479785911208
33.0,161.0,999.9854125976562,-0.5829080301043197,0.5938441512901438,4.052970804960252,-1.1689270072208364,-0.2098229107810407,0.8583898767830913,1.4536378131821293,-0.667931716988269,0.3381640396235665,-2.388644091190637
33.0,161.0,999.9854125976562,-0.582910921723645,0.5938468438107751,4.052966354518876,-1.1689291290153667,-0.2098202126618344,0.8583835048482102,1.453632280737395,-0.6679292895314459,0.3381567170107979,-2.38865287793681
33.0,161.0,999.9854736328124,-0.5829062029904666,0.593836395699153,4.05297521198278,-1.1689233558286762,-0.2098249695370118,0.858397728953082,1.4536373324926135,-0.6679363998723336,0.3381654810396544,-2.388640778647529
33.0,161.0,999.9854736328124,-0.5829091291420498,0.5938388910109431,4.052967150645566,-1.1689261358208451,-0.2098195689170978,0.8583933887557249,1.4536333021051293,-0.6679328121856791,0.3381615336939569,-2.3886469840640108
33.0,161.0,999.9854125976562,-0.5829077021455049,0.5938421964434575,4.052971850597512,-1.1689311000567084,-0.2098226586127021,0.8583871230336735,1.45364161511141,-0.6679292513426649,0.3381610531502401,-2.388646284542853
33.0,161.0,999.9854125976562,-0.582909926206022,0.5938419474242105,4.052971420175801,-1.168932870690222,-0.2098210720918212,0.8583868850100913,1.453638483856321,-0.6679319996604036,0.3381580283910708,-2.388651744867325
33.0,161.0,999.9854736328124,-0.5829093102984935,0.5938401568646867,4.052971847942793,-1.1689321136429394,-0.2098221931961754,0.8583863450100884,1.4536405622367097,-0.6679298442439077,0.3381580547510046,-2.3886512453787203
33.0,161.0,999.9854736328124,-0.5829102107186133,0.5938450663850912,4.052964011930246,-1.1689338308235508,-0.2098190051254942,0.8583842931100971,1.4536381434228964,-0.6679286246445066,0.3381533882382284,-2.388653436662032
33.0,161.0,999.9854125976562,-0.5829092924358914,0.593841125737729,4.0529671244572505,-1.1689300210327196,-0.2098199465649806,0.8583923780187774,1.4536351596033086,-0.6679319210208412,0.3381551813859733,-2.3886527196902003
33.0,161.0,999.9854125976562,-0.5829096201509207,0.5938454267090378,4.05296790881671,-1.168928026857381,-0.2098199477678166,0.8583878847484936,1.4536299579781904,-0.6679311170747155,0.3381597506681357,-2.388650344920144
33.0,161.0,999.9854125976562,-0.5829115196642194,0.5938448183503571,4.05296804846466,-1.1689363929749534,-0.2098177083492975,0.8583836386790686,1.453637655776726,-0.6679287530701323,0.3381553541021622,-2.3886563076135663
33.0,161.0,999.9854125976562,-0.582908210720384,0.5938390242467362,4.052972765647283,-1.168931862945758,-0.2098214532051461,0.8583910098607266,1.4536384786628522,-0.667932401101357,0.3381581515151532,-2.388651526432724
33.0,161.0,999.9854736328124,-0.5829071982660743,0.5938449731229305,4.052969306157664,-1.168923804645459,-0.2098230645946781,0.85838952677181,1.4536342832907012,-0.6679330212206605,0.3381650500633002,-2.388643845778672
33.0,161.0,999.9854736328124,-0.5829095726843958,0.5938407385559428,4.052971954665734,-1.1689341525171448,-0.209820247370847,0.8583868209768948,1.4536418738817725,-0.6679298274476588,0.3381583928375686,-2.388650999240728
33.0,161.0,999.9854125976562,-0.5829100751635394,0.5938476280285112,4.0529673532464745,-1.1689307375966438,-0.2098200484741292,0.8583837688255445,1.453634020763812,-0.667930186750664,0.3381546992962994,-2.3886517699105085
33.0,161.0,999.9854125976562,-0.5829100681240824,0.5938456765182334,4.052969274383969,-1.1689332759884987,-0.2098209617938327,0.8583825058052259,1.4536375603755474,-0.6679303053496808,0.338157951095801,-2.3886492853262418
33.0,161.0,999.9854736328124,-0.5829137736605352,0.5938444058658412,4.052969872509909,-1.1689348985154933,-0.2098161165663512,0.858386272324454,1.4536341886582802,-0.6679319963189352,0.3381573117470147,-2.3886544254390083
33.0,161.0,999.9854125976562,-0.5829098110707651,0.5938424344959188,4.052967700342922,-1.1689340197207023,-0.2098209492703437,0.8583875615235144,1.4536415851907076,-0.6679289928054075,0.3381543218562779,-2.3886531144276835
33.0,161.0,999.9854125976562,-0.5829095912944267,0.5938460000806911,4.052968302634829,-1.1689292857165583,-0.2098203361913579,0.8583858282352903,1.453633626359112,-0.6679317933515616,0.3381569036183371,-2.388649908606848
33.0,161.0,999.9854125976562,-0.5829083286359023,0.5938429914468362,4.052969750829666,-1.1689276088161824,-0.209821789504347,0.8583877389542769,1.453635512111461,-0.6679292388258498,0.338161579608176,-2.3886467668245155
33.0,161.0,999.9854736328124,-0.582908315466339,0.5938364726323808,4.052966911526594,-1.1689218542862916,-0.2098219623189905,0.8583980305806707,1.4536316359405728,-0.6679333976108337,0.3381608434691507,-2.388647879782237
33.0,161.0,999.9854125976562,-0.5829087331506964,0.5938436902926645,4.052969387091823,-1.1689274507897056,-0.2098199292101972,0.8583898443253428,1.4536331330359609,-0.6679329909130951,0.3381574499636564,-2.388652233254627
33.0,161.0,999.9854125976562,-0.582907726887834,0.5938431441529355,4.052967908674907,-1.168925345477649,-0.2098221326248337,0.8583891147660596,1.4536340246089008,-0.667931358047336,0.3381620073938247,-2.3886463715820616
33.0,161.0,999.9854125976562,-0.5829076798980068,0.5938404117607945,4.05297051304596,-1.1689275600606424,-0.209821713372114,0.8583913031801487,1.453635672254431,-0.6679319112536026,0.3381615227801768,-2.3886457164473
33.0,161.0,999.9854125976562,-0.5829093460172396,0.5938416178402219,4.052967900981471,-1.16892803086867,-0.2098216172350495,0.8583898148066798,1.4536348322165606,-0.6679315195619742,0.3381570621749787,-2.388653151886704
33.0,161.0,999.9854125976562,-0.5829111423812021,0.5938417281242927,4.052967273692527,-1.168937990894396,-0.2098188783213892,0.8583862980719843,1.4536387175801018,-0.6679299581983047,0.3381527562499551,-2.3886556633371887
33.0,161.0,999.9854125976562,-0.5829098067737242,0.5938418869161852,4.052969926076772,-1.168932962879614,-0.2098200096625611,0.8583881816774657,1.4536382420763443,-0.6679309183147435,0.3381584980015013,-2.3886515618888686
33.0,161.0,999.9854125976562,-0.5829103778848639,0.5938422112375878,4.052969555587008,-1.1689317202119307,-0.2098178053476322,0.8583889493228556,1.4536322108663455,-0.6679313620737739,0.33815856587628,-2.388654943244448
33.0,161.0,999.9854125976562,-0.5829118325315878,0.59384640490447,4.052967050494216,-1.1689325379039062,-0.2098197125543865,0.858382201093356,1.4536331260337922,-0.6679299508821508,0.3381551993224949,-2.3886558237539064
33.0,161.0,999.9854125976562,-0.582910623671121,0.5938468418117644,4.052966727923948,-1.1689308335329516,-0.2098195639844329,0.8583868100677208,1.4536382508312071,-0.6679286617520228,0.3381589475138593,-2.3886497070908383
33.0,161.0,999.9854736328124,-0.5829131705692623,0.5938446931100403,4.052967470625422,-1.168936521862003,-0.2098168929607489,0.8583832583827427,1.453636761022448,-0.6679289803960016,0.3381547199746206,-2.388654511016397
33.0,161.0,999.9854125976562,-0.5829118836340133,0.5938498672774228,4.052970448674158,-1.168936906297866,-0.2098198975170184,0.8583785078401176,1.45364085488022,-0.6679286995677023,0.3381564304744353,-2.388653206682445
33.0,161.0,999.9854125976562,-0.5829087949499652,0.593845034287007,4.052970508118444,-1.168928547894443,-0.2098224476814145,0.8583875328920989,1.4536368905675996,-0.6679312072480235,0.3381572322704009,-2.38865210320905
33.0,161.0,999.9854125976562,-0.5829084092747854,0.5938428240466642,4.0529676298032165,-1.1689301752317238,-0.2098215715815623,0.8583872038411187,1.4536343144652184,-0.667930122129043,0.3381575164245607,-2.388652078505048
33.0,161.0,999.9854125976562,-0.5829095859804241,0.5938406331269919,4.052968176709722,-1.168931503145088,-0.2098209076946222,0.8583892540233515,1.4536378364109872,-0.6679300194485567,0.3381580775888668,-2.388651822241826
33.0,161.0,999.9854125976562,-0.5829091460442974,0.5938427161815163,4.052967983914659,-1.168932720350056,-0.2098206485035323,0.8583868792050344,1.4536381128011753,-0.6679303655655904,0.3381568038581397,-2.3886493022307667
33.0,161.0,999.9854125976562,-0.5829102950702261,0.5938428858825704,4.052967843380422,-1.1689345573594268,-0.2098205921430471,0.8583856818133491,1.453640637527366,-0.6679287680216106,0.338155448232774,-2.3886515656416583
33.0,161.0,999.9854736328124,-0.5829132984414827,0.5938489709740846,4.052970789807306,-1.1689431320605124,-0.2098171771984027,0.8583788437065039,1.4536445838197327,-0.6679304958069672,0.3381497692766686,-2.3886588798555053
33.0,161.0,999.9854125976562,-0.5829060123603016,0.593836560380093,4.052975365620428,-1.1689241200480105,-0.2098240630418342,0.8583930784502982,1.4536335827633824,-0.667932516673071,0.3381671997029043,-2.3886453038692568
33.0,161.0,999.9854125976562,-0.5829130777597538,0.5938459034936212,4.05296736459896,-1.1689350907835565,-0.2098175064283491,0.8583867499397568,1.4536367382243451,-0.6679312578242138,0.3381519127861487,-2.388658390783621
33.0,161.0,999.9854125976562,-0.5829096502875846,0.5938480877049717,4.052969470781729,-1.1689296632689905,-0.2098215599325366,0.858383474204917,1.453637234407954,-0.6679297083303197,0.3381598485675932,-2.388647974585024
33.0,161.0,999.9854736328124,-0.5829101283680114,0.5938423363521537,4.052960540582697,-1.1689345906917756,-0.2098177857015342,0.858389327678375,1.4536407086056204,-0.6679272886357959,0.3381500429679462,-2.388652960588268
33.0,161.0,999.9854125976562,-0.5829095379166924,0.5938397726318092,4.052970797904784,-1.1689298783720163,-0.2098216385974236,0.8583895757878643,1.4536353100896786,-0.6679303409240527,0.3381610256267029,-2.3886518878919483
33.0,161.0,999.9854125976562,-0.5829102996672404,0.5938429846851196,4.052965962505466,-1.168929693179205,-0.2098191325018907,0.8583894703774142,1.4536324541820091,-0.6679318446519016,0.3381524100688811,-2.388655679076128
33.0,161.0,999.9854125976562,-0.582909041073064,0.5938445933394902,4.052968789229926,-1.1689255048636489,-0.2098215543503538,0.8583868715352221,1.4536343138395118,-0.6679296269553987,0.3381631023521461,-2.3886459364569825
33.0,161.0,999.9854125976562,-0.5829079981854441,0.5938425890157886,4.052973456056153,-1.1689276399711497,-0.2098214250319978,0.858391003394015,1.4536369956328965,-0.6679333548877482,0.3381645668113116,-2.388645873925591
33.0,161.0,999.9854125976562,-0.5829084140763445,0.5938444865442216,4.05297108878584,-1.1689329074348676,-0.2098213018969499,0.8583852301539547,1.4536410024667887,-0.6679290052054352,0.3381607125347718,-2.388648647023889
33.0,161.0,999.9854125976562,-0.5829074859759968,0.5938408413543153,4.052968638928359,-1.168925908185832,-0.2098230076696214,0.8583912672834142,1.453634993209235,-0.6679324347880335,0.3381608337132249,-2.38864655182546
33.0,161.0,999.9854125976562,-0.5829115473700694,0.5938460139440576,4.052964850885889,-1.1689304439558108,-0.2098181028479713,0.8583879471064835,1.4536323913428353,-0.6679312727921927,0.3381554674145794,-2.388653491124757
33.0,161.0,999.9854125976562,-0.5829092241329645,0.5938400562597561,4.052970043100826,-1.1689299670784257,-0.2098208585628489,0.8583913745644365,1.4536382003045911,-0.6679327064800109,0.3381604247301695,-2.3886479785911208
33.0,162.0,999.9854125976562,-0.5829080301043197,0.5938441512901438,4.052970804960252,-1.1689270072208364,-0.2098229107810407,0.8583898767830913,1.4536378131821293,-0.667931716988269,0.3381640396235665,-2.388644091190637
33.0,162.0,999.9854125976562,-0.582910921723645,0.5938468438107751,4.052966354518876,-1.1689291290153667,-0.2098202126618344,0.8583835048482102,1.453632280737395,-0.6679292895314459,0.3381567170107979,-2.38865287793681
33.0,162.0,999.9854736328124,-0.5829062029904666,0.593836395699153,4.05297521198278,-1.1689233558286762,-0.2098249695370118,0.858397728953082,1.4536373324926135,-0.6679363998723336,0.3381654810396544,-2.388640778647529
33.0,162.0,999.9854736328124,-0.5829091291420498,0.5938388910109431,4.052967150645566,-1.1689261358208451,-0.2098195689170978,0.8583933887557249,1.4536333021051293,-0.6679328121856791,0.3381615336939569,-2.3886469840640108
33.0,162.0,999.9854125976562,-0.5829077021455049,0.5938421964434575,4.052971850597512,-1.1689311000567084,-0.2098226586127021,0.8583871230336735,1.45364161511141,-0.6679292513426649,0.3381610531502401,-2.388646284542853
33.0,162.0,999.9854125976562,-0.582909926206022,0.5938419474242105,4.052971420175801,-1.168932870690222,-0.2098210720918212,0.8583868850100913,1.453638483856321,-0.6679319996604036,0.3381580283910708,-2.388651744867325
33.0,162.0,999.9854736328124,-0.5829093102984935,0.5938401568646867,4.052971847942793,-1.1689321136429394,-0.2098221931961754,0.8583863450100884,1.4536405622367097,-0.6679298442439077,0.3381580547510046,-2.3886512453787203
33.0,162.0,999.9854736328124,-0.5829102107186133,0.5938450663850912,4.052964011930246,-1.1689338308235508,-0.2098190051254942,0.8583842931100971,1.4536381434228964,-0.6679286246445066,0.3381533882382284,-2.388653436662032
33.0,162.0,999.9854125976562,-0.5829092924358914,0.593841125737729,4.0529671244572505,-1.1689300210327196,-0.2098199465649806,0.8583923780187774,1.4536351596033086,-0.6679319210208412,0.3381551813859733,-2.3886527196902003
33.0,162.0,999.9854125976562,-0.5829096201509207,0.5938454267090378,4.05296790881671,-1.168928026857381,-0.2098199477678166,0.8583878847484936,1.4536299579781904,-0.6679311170747155,0.3381597506681357,-2.388650344920144
33.0,162.0,999.9854125976562,-0.5829115196642194,0.5938448183503571,4.05296804846466,-1.1689363929749534,-0.2098177083492975,0.8583836386790686,1.453637655776726,-0.6679287530701323,0.3381553541021622,-2.3886563076135663
33.0,162.0,999.9854125976562,-0.582908210720384,0.5938390242467362,4.052972765647283,-1.168931862945758,-0.2098214532051461,0.8583910098607266,1.4536384786628522,-0.667932401101357,0.3381581515151532,-2.388651526432724
33.0,162.0,999.9854736328124,-0.5829071982660743,0.5938449731229305,4.052969306157664,-1.168923804645459,-0.2098230645946781,0.85838952677181,1.4536342832907012,-0.6679330212206605,0.3381650500633002,-2.388643845778672
33.0,162.0,999.9854736328124,-0.5829095726843958,0.5938407385559428,4.052971954665734,-1.1689341525171448,-0.209820247370847,0.8583868209768948,1.4536418738817725,-0.6679298274476588,0.3381583928375686,-2.388650999240728
33.0,162.0,999.9854125976562,-0.5829100751635394,0.5938476280285112,4.0529673532464745,-1.1689307375966438,-0.2098200484741292,0.8583837688255445,1.453634020763812,-0.667930186750664,0.3381546992962994,-2.3886517699105085
33.0,162.0,999.9854125976562,-0.5829100681240824,0.5938456765182334,4.052969274383969,-1.1689332759884987,-0.2098209617938327,0.8583825058052259,1.4536375603755474,-0.6679303053496808,0.338157951095801,-2.3886492853262418
33.0,162.0,999.9854736328124,-0.5829137736605352,0.5938444058658412,4.052969872509909,-1.1689348985154933,-0.2098161165663512,0.858386272324454,1.4536341886582802,-0.6679319963189352,0.3381573117470147,-2.3886544254390083
33.0,162.0,999.9854125976562,-0.5829098110707651,0.5938424344959188,4.052967700342922,-1.1689340197207023,-0.2098209492703437,0.8583875615235144,1.4536415851907076,-0.6679289928054075,0.3381543218562779,-2.3886531144276835
33.0,162.0,999.9854125976562,-0.5829095912944267,0.5938460000806911,4.052968302634829,-1.1689292857165583,-0.2098203361913579,0.8583858282352903,1.453633626359112,-0.6679317933515616,0.3381569036183371,-2.388649908606848
33.0,162.0,999.9854125976562,-0.5829083286359023,0.5938429914468362,4.052969750829666,-1.1689276088161824,-0.209821789504347,0.8583877389542769,1.453635512111461,-0.6679292388258498,0.338161579608176,-2.3886467668245155
33.0,162.0,999.9854736328124,-0.582908315466339,0.5938364726323808,4.052966911526594,-1.1689218542862916,-0.2098219623189905,0.8583980305806707,1.4536316359405728,-0.6679333976108337,0.3381608434691507,-2.388647879782237
33.0,162.0,999.9854125976562,-0.5829087331506964,0.5938436902926645,4.052969387091823,-1.1689274507897056,-0.2098199292101972,0.8583898443253428,1.4536331330359609,-0.6679329909130951,0.3381574499636564,-2.388652233254627
33.0,162.0,999.9854125976562,-0.582907726887834,0.5938431441529355,4.052967908674907,-1.168925345477649,-0.2098221326248337,0.8583891147660596,1.4536340246089008,-0.667931358047336,0.3381620073938247,-2.3886463715820616
33.0,162.0,999.9854125976562,-0.5829076798980068,0.5938404117607945,4.05297051304596,-1.1689275600606424,-0.209821713372114,0.8583913031801487,1.453635672254431,-0.6679319112536026,0.3381615227801768,-2.3886457164473
33.0,162.0,999.9854125976562,-0.5829093460172396,0.5938416178402219,4.052967900981471,-1.16892803086867,-0.2098216172350495,0.8583898148066798,1.4536348322165606,-0.6679315195619742,0.3381570621749787,-2.388653151886704
33.0,162.0,999.9854125976562,-0.5829111423812021,0.5938417281242927,4.052967273692527,-1.168937990894396,-0.2098188783213892,0.8583862980719843,1.4536387175801018,-0.6679299581983047,0.3381527562499551,-2.3886556633371887
33.0,162.0,999.9854125976562,-0.5829098067737242,0.5938418869161852,4.052969926076772,-1.168932962879614,-0.2098200096625611,0.8583881816774657,1.4536382420763443,-0.6679309183147435,0.3381584980015013,-2.3886515618888686
33.0,162.0,999.9854125976562,-0.5829103778848639,0.5938422112375878,4.052969555587008,-1.1689317202119307,-0.2098178053476322,0.8583889493228556,1.4536322108663455,-0.6679313620737739,0.33815856587628,-2.388654943244448
33.0,162.0,999.9854125976562,-0.5829118325315878,0.59384640490447,4.052967050494216,-1.1689325379039062,-0.2098197125543865,0.858382201093356,1.4536331260337922,-0.6679299508821508,0.3381551993224949,-2.3886558237539064
33.0,162.0,999.9854125976562,-0.582910623671121,0.5938468418117644,4.052966727923948,-1.1689308335329516,-0.2098195639844329,0.8583868100677208,1.4536382508312071,-0.6679286617520228,0.3381589475138593,-2.3886497070908383
33.0,162.0,999.9854736328124,-0.5829131705692623,0.5938446931100403,4.052967470625422,-1.168936521862003,-0.2098168929607489,0.8583832583827427,1.453636761022448,-0.6679289803960016,0.3381547199746206,-2.388654511016397
33.0,162.0,999.9854125976562,-0.5829118836340133,0.5938498672774228,4.052970448674158,-1.168936906297866,-0.2098198975170184,0.8583785078401176,1.45364085488022,-0.6679286995677023,0.3381564304744353,-2.388653206682445
33.0,162.0,999.9854125976562,-0.5829087949499652,0.593845034287007,4.052970508118444,-1.168928547894443,-0.2098224476814145,0.8583875328920989,1.4536368905675996,-0.6679312072480235,0.3381572322704009,-2.38865210320905
33.0,162.0,999.9854125976562,-0.5829084092747854,0.5938428240466642,4.0529676298032165,-1.1689301752317238,-0.2098215715815623,0.8583872038411187,1.4536343144652184,-0.667930122129043,0.3381575164245607,-2.388652078505048
33.0,162.0,999.9854125976562,-0.5829095859804241,0.5938406331269919,4.052968176709722,-1.168931503145088,-0.2098209076946222,0.8583892540233515,1.4536378364109872,-0.6679300194485567,0.3381580775888668,-2.388651822241826
33.0,162.0,999.9854125976562,-0.5829091460442974,0.5938427161815163,4.052967983914659,-1.168932720350056,-0.2098206485035323,0.8583868792050344,1.4536381128011753,-0.6679303655655904,0.3381568038581397,-2.3886493022307667
33.0,162.0,999.9854125976562,-0.5829102950702261,0.5938428858825704,4.052967843380422,-1.1689345573594268,-0.2098205921430471,0.8583856818133491,1.453640637527366,-0.6679287680216106,0.338155448232774,-2.3886515656416583
33.0,162.0,999.9854736328124,-0.5829132984414827,0.5938489709740846,4.052970789807306,-1.1689431320605124,-0.2098171771984027,0.8583788437065039,1.4536445838197327,-0.6679304958069672,0.3381497692766686,-2.3886588798555053
33.0,162.0,999.9854125976562,-0.5829060123603016,0.593836560380093,4.052975365620428,-1.1689241200480105,-0.2098240630418342,0.8583930784502982,1.4536335827633824,-0.667932516673071,0.3381671997029043,-2.3886453038692568
33.0,162.0,999.9854125976562,-0.5829130777597538,0.5938459034936212,4.05296736459896,-1.1689350907835565,-0.2098175064283491,0.8583867499397568,1.4536367382243451,-0.6679312578242138,0.3381519127861487,-2.388658390783621
33.0,162.0,999.9854125976562,-0.5829096502875846,0.5938480877049717,4.052969470781729,-1.1689296632689905,-0.2098215599325366,0.858383474204917,1.453637234407954,-0.6679297083303197,0.3381598485675932,-2.388647974585024
33.0,162.0,999.9854736328124,-0.5829101283680114,0.5938423363521537,4.052960540582697,-1.1689345906917756,-0.2098177857015342,0.858389327678375,1.4536407086056204,-0.6679272886357959,0.3381500429679462,-2.388652960588268
33.0,162.0,999.9854125976562,-0.5829095379166924,0.5938397726318092,4.052970797904784,-1.1689298783720163,-0.2098216385974236,0.8583895757878643,1.4536353100896786,-0.6679303409240527,0.3381610256267029,-2.3886518878919483
33.0,162.0,999.9854125976562,-0.5829102996672404,0.5938429846851196,4.052965962505466,-1.168929693179205,-0.2098191325018907,0.8583894703774142,1.4536324541820091,-0.6679318446519016,0.3381524100688811,-2.388655679076128
33.0,162.0,999.9854125976562,-0.582909041073064,0.5938445933394902,4.052968789229926,-1.1689255048636489,-0.2098215543503538,0.8583868715352221,1.4536343138395118,-0.6679296269553987,0.3381631023521461,-2.3886459364569825
33.0,162.0,999.9854125976562,-0.5829079981854441,0.5938425890157886,4.052973456056153,-1.1689276399711497,-0.2098214250319978,0.858391003394015,1.4536369956328965,-0.6679333548877482,0.3381645668113116,-2.388645873925591
33.0,162.0,999.9854125976562,-0.5829084140763445,0.5938444865442216,4.05297108878584,-1.1689329074348676,-0.2098213018969499,0.8583852301539547,1.4536410024667887,-0.6679290052054352,0.3381607125347718,-2.388648647023889
33.0,162.0,999.9854125976562,-0.5829074859759968,0.5938408413543153,4.052968638928359,-1.168925908185832,-0.2098230076696214,0.8583912672834142,1.453634993209235,-0.6679324347880335,0.3381608337132249,-2.38864655182546
33.0,162.0,999.9854125976562,-0.5829115473700694,0.5938460139440576,4.052964850885889,-1.1689304439558108,-0.2098181028479713,0.8583879471064835,1.4536323913428353,-0.6679312727921927,0.3381554674145794,-2.388653491124757
33.0,162.0,999.9854125976562,-0.5829092241329645,0.5938400562597561,4.052970043100826,-1.1689299670784257,-0.2098208585628489,0.8583913745644365,1.4536382003045911,-0.6679327064800109,0.3381604247301695,-2.3886479785911208
33.0,163.0,999.9854125976562,-0.5829080301043197,0.5938441512901438,4.052970804960252,-1.1689270072208364,-0.2098229107810407,0.8583898767830913,1.4536378131821293,-0.667931716988269,0.3381640396235665,-2.388644091190637
33.0,163.0,999.9854125976562,-0.582910921723645,0.5938468438107751,4.052966354518876,-1.1689291290153667,-0.2098202126618344,0.8583835048482102,1.453632280737395,-0.6679292895314459,0.3381567170107979,-2.38865287793681
33.0,163.0,999.9854736328124,-0.5829062029904666,0.593836395699153,4.05297521198278,-1.1689233558286762,-0.2098249695370118,0.858397728953082,1.4536373324926135,-0.6679363998723336,0.3381654810396544,-2.388640778647529
33.0,163.0,999.9854736328124,-0.5829091291420498,0.5938388910109431,4.052967150645566,-1.1689261358208451,-0.2098195689170978,0.8583933887557249,1.4536333021051293,-0.6679328121856791,0.3381615336939569,-2.3886469840640108
33.0,163.0,999.9854125976562,-0.5829077021455049,0.5938421964434575,4.052971850597512,-1.1689311000567084,-0.2098226586127021,0.8583871230336735,1.45364161511141,-0.6679292513426649,0.3381610531502401,-2.388646284542853
33.0,163.0,999.9854125976562,-0.582909926206022,0.5938419474242105,4.052971420175801,-1.168932870690222,-0.2098210720918212,0.8583868850100913,1.453638483856321,-0.6679319996604036,0.3381580283910708,-2.388651744867325
33.0,163.0,999.9854736328124,-0.5829093102984935,0.5938401568646867,4.052971847942793,-1.1689321136429394,-0.2098221931961754,0.8583863450100884,1.4536405622367097,-0.6679298442439077,0.3381580547510046,-2.3886512453787203
33.0,163.0,999.9854736328124,-0.5829102107186133,0.5938450663850912,4.052964011930246,-1.1689338308235508,-0.2098190051254942,0.8583842931100971,1.4536381434228964,-0.6679286246445066,0.3381533882382284,-2.388653436662032
33.0,163.0,999.9854125976562,-0.5829092924358914,0.593841125737729,4.0529671244572505,-1.1689300210327196,-0.2098199465649806,0.8583923780187774,1.4536351596033086,-0.6679319210208412,0.3381551813859733,-2.3886527196902003
33.0,163.0,999.9854125976562,-0.5829096201509207,0.5938454267090378,4.05296790881671,-1.168928026857381,-0.2098199477678166,0.8583878847484936,1.4536299579781904,-0.6679311170747155,0.3381597506681357,-2.388650344920144
33.0,163.0,999.9854125976562,-0.5829115196642194,0.5938448183503571,4.05296804846466,-1.1689363929749534,-0.2098177083492975,0.8583836386790686,1.453637655776726,-0.6679287530701323,0.3381553541021622,-2.3886563076135663
33.0,163.0,999.9854125976562,-0.582908210720384,0.5938390242467362,4.052972765647283,-1.168931862945758,-0.2098214532051461,0.8583910098607266,1.4536384786628522,-0.667932401101357,0.3381581515151532,-2.388651526432724
33.0,163.0,999.9854736328124,-0.5829071982660743,0.5938449731229305,4.052969306157664,-1.168923804645459,-0.2098230645946781,0.85838952677181,1.4536342832907012,-0.6679330212206605,0.3381650500633002,-2.388643845778672
33.0,163.0,999.9854736328124,-0.5829095726843958,0.5938407385559428,4.052971954665734,-1.1689341525171448,-0.209820247370847,0.8583868209768948,1.4536418738817725,-0.6679298274476588,0.3381583928375686,-2.388650999240728
33.0,163.0,999.9854125976562,-0.5829100751635394,0.5938476280285112,4.0529673532464745,-1.1689307375966438,-0.2098200484741292,0.8583837688255445,1.453634020763812,-0.667930186750664,0.3381546992962994,-2.3886517699105085
33.0,163.0,999.9854125976562,-0.5829100681240824,0.5938456765182334,4.052969274383969,-1.1689332759884987,-0.2098209617938327,0.8583825058052259,1.4536375603755474,-0.6679303053496808,0.338157951095801,-2.3886492853262418
33.0,163.0,999.9854736328124,-0.5829137736605352,0.5938444058658412,4.052969872509909,-1.1689348985154933,-0.2098161165663512,0.858386272324454,1.4536341886582802,-0.6679319963189352,0.3381573117470147,-2.3886544254390083
33.0,163.0,999.9854125976562,-0.5829098110707651,0.5938424344959188,4.052967700342922,-1.1689340197207023,-0.2098209492703437,0.8583875615235144,1.4536415851907076,-0.6679289928054075,0.3381543218562779,-2.3886531144276835
33.0,163.0,999.9854125976562,-0.5829095912944267,0.5938460000806911,4.052968302634829,-1.1689292857165583,-0.2098203361913579,0.8583858282352903,1.453633626359112,-0.6679317933515616,0.3381569036183371,-2.388649908606848
33.0,163.0,999.9854125976562,-0.5829083286359023,0.5938429914468362,4.052969750829666,-1.1689276088161824,-0.209821789504347,0.8583877389542769,1.453635512111461,-0.6679292388258498,0.338161579608176,-2.3886467668245155
33.0,163.0,999.9854736328124,-0.582908315466339,0.5938364726323808,4.052966911526594,-1.1689218542862916,-0.2098219623189905,0.8583980305806707,1.4536316359405728,-0.6679333976108337,0.3381608434691507,-2.388647879782237
33.0,163.0,999.9854125976562,-0.5829087331506964,0.5938436902926645,4.052969387091823,-1.1689274507897056,-0.2098199292101972,0.8583898443253428,1.4536331330359609,-0.6679329909130951,0.3381574499636564,-2.388652233254627
33.0,163.0,999.9854125976562,-0.582907726887834,0.5938431441529355,4.052967908674907,-1.168925345477649,-0.2098221326248337,0.8583891147660596,1.4536340246089008,-0.667931358047336,0.3381620073938247,-2.3886463715820616
33.0,163.0,999.9854125976562,-0.5829076798980068,0.5938404117607945,4.05297051304596,-1.1689275600606424,-0.209821713372114,0.8583913031801487,1.453635672254431,-0.6679319112536026,0.3381615227801768,-2.3886457164473
33.0,163.0,999.9854125976562,-0.5829093460172396,0.5938416178402219,4.052967900981471,-1.16892803086867,-0.2098216172350495,0.8583898148066798,1.4536348322165606,-0.6679315195619742,0.3381570621749787,-2.388653151886704
33.0,163.0,999.9854125976562,-0.5829111423812021,0.5938417281242927,4.052967273692527,-1.168937990894396,-0.2098188783213892,0.8583862980719843,1.4536387175801018,-0.6679299581983047,0.3381527562499551,-2.3886556633371887
33.0,163.0,999.9854125976562,-0.5829098067737242,0.5938418869161852,4.052969926076772,-1.168932962879614,-0.2098200096625611,0.8583881816774657,1.4536382420763443,-0.6679309183147435,0.3381584980015013,-2.3886515618888686
33.0,163.0,999.9854125976562,-0.5829103778848639,0.5938422112375878,4.052969555587008,-1.1689317202119307,-0.2098178053476322,0.8583889493228556,1.4536322108663455,-0.6679313620737739,0.33815856587628,-2.388654943244448
33.0,163.0,999.9854125976562,-0.5829118325315878,0.59384640490447,4.052967050494216,-1.1689325379039062,-0.2098197125543865,0.858382201093356,1.4536331260337922,-0.6679299508821508,0.3381551993224949,-2.3886558237539064
33.0,163.0,999.9854125976562,-0.582910623671121,0.5938468418117644,4.052966727923948,-1.1689308335329516,-0.2098195639844329,0.8583868100677208,1.4536382508312071,-0.6679286617520228,0.3381589475138593,-2.3886497070908383
33.0,163.0,999.9854736328124,-0.5829131705692623,0.5938446931100403,4.052967470625422,-1.168936521862003,-0.2098168929607489,0.8583832583827427,1.453636761022448,-0.6679289803960016,0.3381547199746206,-2.388654511016397
33.0,163.0,999.9854125976562,-0.5829118836340133,0.5938498672774228,4.052970448674158,-1.168936906297866,-0.2098198975170184,0.8583785078401176,1.45364085488022,-0.6679286995677023,0.3381564304744353,-2.388653206682445
33.0,163.0,999.9854125976562,-0.5829087949499652,0.593845034287007,4.052970508118444,-1.168928547894443,-0.2098224476814145,0.8583875328920989,1.4536368905675996,-0.6679312072480235,0.3381572322704009,-2.38865210320905
33.0,163.0,999.9854125976562,-0.5829084092747854,0.5938428240466642,4.0529676298032165,-1.1689301752317238,-0.2098215715815623,0.8583872038411187,1.4536343144652184,-0.667930122129043,0.3381575164245607,-2.388652078505048
33.0,163.0,999.9854125976562,-0.5829095859804241,0.5938406331269919,4.052968176709722,-1.168931503145088,-0.2098209076946222,0.8583892540233515,1.4536378364109872,-0.6679300194485567,0.3381580775888668,-2.388651822241826
33.0,163.0,999.9854125976562,-0.5829091460442974,0.5938427161815163,4.052967983914659,-1.168932720350056,-0.2098206485035323,0.8583868792050344,1.4536381128011753,-0.6679303655655904,0.3381568038581397,-2.3886493022307667
33.0,163.0,999.9854125976562,-0.5829102950702261,0.5938428858825704,4.052967843380422,-1.1689345573594268,-0.2098205921430471,0.8583856818133491,1.453640637527366,-0.6679287680216106,0.338155448232774,-2.3886515656416583
33.0,163.0,999.9854736328124,-0.5829132984414827,0.5938489709740846,4.052970789807306,-1.1689431320605124,-0.2098171771984027,0.8583788437065039,1.4536445838197327,-0.6679304958069672,0.3381497692766686,-2.3886588798555053
33.0,163.0,999.9854125976562,-0.5829060123603016,0.593836560380093,4.052975365620428,-1.1689241200480105,-0.2098240630418342,0.8583930784502982,1.4536335827633824,-0.667932516673071,0.3381671997029043,-2.3886453038692568
33.0,163.0,999.9854125976562,-0.5829130777597538,0.5938459034936212,4.05296736459896,-1.1689350907835565,-0.2098175064283491,0.8583867499397568,1.4536367382243451,-0.6679312578242138,0.3381519127861487,-2.388658390783621
33.0,163.0,999.9854125976562,-0.5829096502875846,0.5938480877049717,4.052969470781729,-1.1689296632689905,-0.2098215599325366,0.858383474204917,1.453637234407954,-0.6679297083303197,0.3381598485675932,-2.388647974585024
33.0,163.0,999.9854736328124,-0.5829101283680114,0.5938423363521537,4.052960540582697,-1.1689345906917756,-0.2098177857015342,0.858389327678375,1.4536407086056204,-0.6679272886357959,0.3381500429679462,-2.388652960588268
33.0,163.0,999.9854125976562,-0.5829095379166924,0.5938397726318092,4.052970797904784,-1.1689298783720163,-0.2098216385974236,0.8583895757878643,1.4536353100896786,-0.6679303409240527,0.3381610256267029,-2.3886518878919483
33.0,163.0,999.9854125976562,-0.5829102996672404,0.5938429846851196,4.052965962505466,-1.168929693179205,-0.2098191325018907,0.8583894703774142,1.4536324541820091,-0.6679318446519016,0.3381524100688811,-2.388655679076128
33.0,163.0,999.9854125976562,-0.582909041073064,0.5938445933394902,4.052968789229926,-1.1689255048636489,-0.2098215543503538,0.8583868715352221,1.4536343138395118,-0.6679296269553987,0.3381631023521461,-2.3886459364569825
33.0,163.0,999.9854125976562,-0.5829079981854441,0.5938425890157886,4.052973456056153,-1.1689276399711497,-0.2098214250319978,0.858391003394015,1.4536369956328965,-0.6679333548877482,0.3381645668113116,-2.388645873925591
33.0,163.0,999.9854125976562,-0.5829084140763445,0.5938444865442216,4.05297108878584,-1.1689329074348676,-0.2098213018969499,0.8583852301539547,1.4536410024667887,-0.6679290052054352,0.3381607125347718,-2.388648647023889
33.0,163.0,999.9854125976562,-0.5829074859759968,0.5938408413543153,4.052968638928359,-1.168925908185832,-0.2098230076696214,0.8583912672834142,1.453634993209235,-0.6679324347880335,0.3381608337132249,-2.38864655182546
33.0,163.0,999.9854125976562,-0.5829115473700694,0.5938460139440576,4.052964850885889,-1.1689304439558108,-0.2098181028479713,0.8583879471064835,1.4536323913428353,-0.6679312727921927,0.3381554674145794,-2.388653491124757
33.0,163.0,999.9854125976562,-0.5829092241329645,0.5938400562597561,4.052970043100826,-1.1689299670784257,-0.2098208585628489,0.8583913745644365,1.4536382003045911,-0.6679327064800109,0.3381604247301695,-2.3886479785911208
33.0,164.0,999.9854125976562,-0.5829080301043197,0.5938441512901438,4.052970804960252,-1.1689270072208364,-0.2098229107810407,0.8583898767830913,1.4536378131821293,-0.667931716988269,0.3381640396235665,-2.388644091190637
33.0,164.0,999.9854125976562,-0.582910921723645,0.5938468438107751,4.052966354518876,-1.1689291290153667,-0.2098202126618344,0.8583835048482102,1.453632280737395,-0.6679292895314459,0.3381567170107979,-2.38865287793681
33.0,164.0,999.9854736328124,-0.5829062029904666,0.593836395699153,4.05297521198278,-1.1689233558286762,-0.2098249695370118,0.858397728953082,1.4536373324926135,-0.6679363998723336,0.3381654810396544,-2.388640778647529
33.0,164.0,999.9854736328124,-0.5829091291420498,0.5938388910109431,4.052967150645566,-1.1689261358208451,-0.2098195689170978,0.8583933887557249,1.4536333021051293,-0.6679328121856791,0.3381615336939569,-2.3886469840640108
33.0,164.0,999.9854125976562,-0.5829077021455049,0.5938421964434575,4.052971850597512,-1.1689311000567084,-0.2098226586127021,0.8583871230336735,1.45364161511141,-0.6679292513426649,0.3381610531502401,-2.388646284542853
33.0,164.0,999.9854125976562,-0.582909926206022,0.5938419474242105,4.052971420175801,-1.168932870690222,-0.2098210720918212,0.8583868850100913,1.453638483856321,-0.6679319996604036,0.3381580283910708,-2.388651744867325
33.0,164.0,999.9854736328124,-0.5829093102984935,0.5938401568646867,4.052971847942793,-1.1689321136429394,-0.2098221931961754,0.8583863450100884,1.4536405622367097,-0.6679298442439077,0.3381580547510046,-2.3886512453787203
33.0,164.0,999.9854736328124,-0.5829102107186133,0.5938450663850912,4.052964011930246,-1.1689338308235508,-0.2098190051254942,0.8583842931100971,1.4536381434228964,-0.6679286246445066,0.3381533882382284,-2.388653436662032
33.0,164.0,999.9854125976562,-0.5829092924358914,0.593841125737729,4.0529671244572505,-1.1689300210327196,-0.2098199465649806,0.8583923780187774,1.4536351596033086,-0.6679319210208412,0.3381551813859733,-2.3886527196902003
33.0,164.0,999.9854125976562,-0.5829096201509207,0.5938454267090378,4.05296790881671,-1.168928026857381,-0.2098199477678166,0.8583878847484936,1.4536299579781904,-0.6679311170747155,0.3381597506681357,-2.388650344920144
33.0,164.0,999.9854125976562,-0.5829115196642194,0.5938448183503571,4.05296804846466,-1.1689363929749534,-0.2098177083492975,0.8583836386790686,1.453637655776726,-0.6679287530701323,0.3381553541021622,-2.3886563076135663
33.0,164.0,999.9854125976562,-0.582908210720384,0.5938390242467362,4.052972765647283,-1.168931862945758,-0.2098214532051461,0.8583910098607266,1.4536384786628522,-0.667932401101357,0.3381581515151532,-2.388651526432724
33.0,164.0,999.9854736328124,-0.5829071982660743,0.5938449731229305,4.052969306157664,-1.168923804645459,-0.2098230645946781,0.85838952677181,1.4536342832907012,-0.6679330212206605,0.3381650500633002,-2.388643845778672
33.0,164.0,999.9854736328124,-0.5829095726843958,0.5938407385559428,4.052971954665734,-1.1689341525171448,-0.209820247370847,0.8583868209768948,1.4536418738817725,-0.6679298274476588,0.3381583928375686,-2.388650999240728
33.0,164.0,999.9854125976562,-0.5829100751635394,0.5938476280285112,4.0529673532464745,-1.1689307375966438,-0.2098200484741292,0.8583837688255445,1.453634020763812,-0.667930186750664,0.3381546992962994,-2.3886517699105085
33.0,164.0,999.9854125976562,-0.5829100681240824,0.5938456765182334,4.052969274383969,-1.1689332759884987,-0.2098209617938327,0.8583825058052259,1.4536375603755474,-0.6679303053496808,0.338157951095801,-2.3886492853262418
33.0,164.0,999.9854736328124,-0.5829137736605352,0.5938444058658412,4.052969872509909,-1.1689348985154933,-0.2098161165663512,0.858386272324454,1.4536341886582802,-0.6679319963189352,0.3381573117470147,-2.3886544254390083
33.0,164.0,999.9854125976562,-0.5829098110707651,0.5938424344959188,4.052967700342922,-1.1689340197207023,-0.2098209492703437,0.8583875615235144,1.4536415851907076,-0.6679289928054075,0.3381543218562779,-2.3886531144276835
33.0,164.0,999.9854125976562,-0.5829095912944267,0.5938460000806911,4.052968302634829,-1.1689292857165583,-0.2098203361913579,0.8583858282352903,1.453633626359112,-0.6679317933515616,0.3381569036183371,-2.388649908606848
33.0,164.0,999.9854125976562,-0.5829083286359023,0.5938429914468362,4.052969750829666,-1.1689276088161824,-0.209821789504347,0.8583877389542769,1.453635512111461,-0.6679292388258498,0.338161579608176,-2.3886467668245155
33.0,164.0,999.9854736328124,-0.582908315466339,0.5938364726323808,4.052966911526594,-1.1689218542862916,-0.2098219623189905,0.8583980305806707,1.4536316359405728,-0.6679333976108337,0.3381608434691507,-2.388647879782237
33.0,164.0,999.9854125976562,-0.5829087331506964,0.5938436902926645,4.052969387091823,-1.1689274507897056,-0.2098199292101972,0.8583898443253428,1.4536331330359609,-0.6679329909130951,0.3381574499636564,-2.388652233254627
33.0,164.0,999.9854125976562,-0.582907726887834,0.5938431441529355,4.052967908674907,-1.168925345477649,-0.2098221326248337,0.8583891147660596,1.4536340246089008,-0.667931358047336,0.3381620073938247,-2.3886463715820616
33.0,164.0,999.9854125976562,-0.5829076798980068,0.5938404117607945,4.05297051304596,-1.1689275600606424,-0.209821713372114,0.8583913031801487,1.453635672254431,-0.6679319112536026,0.3381615227801768,-2.3886457164473
33.0,164.0,999.9854125976562,-0.5829093460172396,0.5938416178402219,4.052967900981471,-1.16892803086867,-0.2098216172350495,0.8583898148066798,1.4536348322165606,-0.6679315195619742,0.3381570621749787,-2.388653151886704
33.0,164.0,999.9854125976562,-0.5829111423812021,0.5938417281242927,4.052967273692527,-1.168937990894396,-0.2098188783213892,0.8583862980719843,1.4536387175801018,-0.6679299581983047,0.3381527562499551,-2.3886556633371887
33.0,164.0,999.9854125976562,-0.5829098067737242,0.5938418869161852,4.052969926076772,-1.168932962879614,-0.2098200096625611,0.8583881816774657,1.4536382420763443,-0.6679309183147435,0.3381584980015013,-2.3886515618888686
33.0,164.0,999.9854125976562,-0.5829103778848639,0.5938422112375878,4.052969555587008,-1.1689317202119307,-0.2098178053476322,0.8583889493228556,1.4536322108663455,-0.6679313620737739,0.33815856587628,-2.388654943244448
33.0,164.0,999.9854125976562,-0.5829118325315878,0.59384640490447,4.052967050494216,-1.1689325379039062,-0.2098197125543865,0.858382201093356,1.4536331260337922,-0.6679299508821508,0.3381551993224949,-2.3886558237539064
33.0,164.0,999.9854125976562,-0.582910623671121,0.5938468418117644,4.052966727923948,-1.1689308335329516,-0.2098195639844329,0.8583868100677208,1.4536382508312071,-0.6679286617520228,0.3381589475138593,-2.3886497070908383
33.0,164.0,999.9854736328124,-0.5829131705692623,0.5938446931100403,4.052967470625422,-1.168936521862003,-0.2098168929607489,0.8583832583827427,1.453636761022448,-0.6679289803960016,0.3381547199746206,-2.388654511016397
33.0,164.0,999.9854125976562,-0.5829118836340133,0.5938498672774228,4.052970448674158,-1.168936906297866,-0.2098198975170184,0.8583785078401176,1.45364085488022,-0.6679286995677023,0.3381564304744353,-2.388653206682445
33.0,164.0,999.9854125976562,-0.5829087949499652,0.593845034287007,4.052970508118444,-1.168928547894443,-0.2098224476814145,0.8583875328920989,1.4536368905675996,-0.6679312072480235,0.3381572322704009,-2.38865210320905
33.0,164.0,999.9854125976562,-0.5829084092747854,0.5938428240466642,4.0529676298032165,-1.1689301752317238,-0.2098215715815623,0.8583872038411187,1.4536343144652184,-0.667930122129043,0.3381575164245607,-2.388652078505048
33.0,164.0,999.9854125976562,-0.5829095859804241,0.5938406331269919,4.052968176709722,-1.168931503145088,-0.2098209076946222,0.8583892540233515,1.4536378364109872,-0.6679300194485567,0.3381580775888668,-2.388651822241826
33.0,164.0,999.9854125976562,-0.5829091460442974,0.5938427161815163,4.052967983914659,-1.168932720350056,-0.2098206485035323,0.8583868792050344,1.4536381128011753,-0.6679303655655904,0.3381568038581397,-2.3886493022307667
33.0,164.0,999.9854125976562,-0.5829102950702261,0.5938428858825704,4.052967843380422,-1.1689345573594268,-0.2098205921430471,0.8583856818133491,1.453640637527366,-0.6679287680216106,0.338155448232774,-2.3886515656416583
33.0,164.0,999.9854736328124,-0.5829132984414827,0.5938489709740846,4.052970789807306,-1.1689431320605124,-0.2098171771984027,0.8583788437065039,1.4536445838197327,-0.6679304958069672,0.3381497692766686,-2.3886588798555053
33.0,164.0,999.9854125976562,-0.5829060123603016,0.593836560380093,4.052975365620428,-1.1689241200480105,-0.2098240630418342,0.8583930784502982,1.4536335827633824,-0.667932516673071,0.3381671997029043,-2.3886453038692568
33.0,164.0,999.9854125976562,-0.5829130777597538,0.5938459034936212,4.05296736459896,-1.1689350907835565,-0.2098175064283491,0.8583867499397568,1.4536367382243451,-0.6679312578242138,0.3381519127861487,-2.388658390783621
33.0,164.0,999.9854125976562,-0.5829096502875846,0.5938480877049717,4.052969470781729,-1.1689296632689905,-0.2098215599325366,0.858383474204917,1.453637234407954,-0.6679297083303197,0.3381598485675932,-2.388647974585024
33.0,164.0,999.9854736328124,-0.5829101283680114,0.5938423363521537,4.052960540582697,-1.1689345906917756,-0.2098177857015342,0.858389327678375,1.4536407086056204,-0.6679272886357959,0.3381500429679462,-2.388652960588268
33.0,164.0,999.9854125976562,-0.5829095379166924,0.5938397726318092,4.052970797904784,-1.1689298783720163,-0.2098216385974236,0.8583895757878643,1.4536353100896786,-0.6679303409240527,0.3381610256267029,-2.3886518878919483
33.0,164.0,999.9854125976562,-0.5829102996672404,0.5938429846851196,4.052965962505466,-1.168929693179205,-0.2098191325018907,0.8583894703774142,1.4536324541820091,-0.6679318446519016,0.3381524100688811,-2.388655679076128
33.0,164.0,999.9854125976562,-0.582909041073064,0.5938445933394902,4.052968789229926,-1.1689255048636489,-0.2098215543503538,0.8583868715352221,1.4536343138395118,-0.6679296269553987,0.3381631023521461,-2.3886459364569825
33.0,164.0,999.9854125976562,-0.5829079981854441,0.5938425890157886,4.052973456056153,-1.1689276399711497,-0.2098214250319978,0.858391003394015,1.4536369956328965,-0.6679333548877482,0.3381645668113116,-2.388645873925591
33.0,164.0,999.9854125976562,-0.5829084140763445,0.5938444865442216,4.05297108878584,-1.1689329074348676,-0.2098213018969499,0.8583852301539547,1.4536410024667887,-0.6679290052054352,0.3381607125347718,-2.388648647023889
33.0,164.0,999.9854125976562,-0.5829074859759968,0.5938408413543153,4.052968638928359,-1.168925908185832,-0.2098230076696214,0.8583912672834142,1.453634993209235,-0.6679324347880335,0.3381608337132249,-2.38864655182546
33.0,164.0,999.9854125976562,-0.5829115473700694,0.5938460139440576,4.052964850885889,-1.1689304439558108,-0.2098181028479713,0.8583879471064835,1.4536323913428353,-0.6679312727921927,0.3381554674145794,-2.388653491124757
33.0,164.0,999.9854125976562,-0.5829092241329645,0.5938400562597561,4.052970043100826,-1.1689299670784257,-0.2098208585628489,0.8583913745644365,1.4536382003045911,-0.6679327064800109,0.3381604247301695,-2.3886479785911208
33.0,165.0,999.9854125976562,-0.5829080301043197,0.5938441512901438,4.052970804960252,-1.1689270072208364,-0.2098229107810407,0.8583898767830913,1.4536378131821293,-0.667931716988269,0.3381640396235665,-2.388644091190637
33.0,165.0,999.9854125976562,-0.582910921723645,0.5938468438107751,4.052966354518876,-1.1689291290153667,-0.2098202126618344,0.8583835048482102,1.453632280737395,-0.6679292895314459,0.3381567170107979,-2.38865287793681
33.0,165.0,999.9854736328124,-0.5829062029904666,0.593836395699153,4.05297521198278,-1.1689233558286762,-0.2098249695370118,0.858397728953082,1.4536373324926135,-0.6679363998723336,0.3381654810396544,-2.388640778647529
33.0,165.0,999.9854736328124,-0.5829091291420498,0.5938388910109431,4.052967150645566,-1.1689261358208451,-0.2098195689170978,0.8583933887557249,1.4536333021051293,-0.6679328121856791,0.3381615336939569,-2.3886469840640108
33.0,165.0,999.9854125976562,-0.5829077021455049,0.5938421964434575,4.052971850597512,-1.1689311000567084,-0.2098226586127021,0.8583871230336735,1.45364161511141,-0.6679292513426649,0.3381610531502401,-2.388646284542853
33.0,165.0,999.9854125976562,-0.582909926206022,0.5938419474242105,4.052971420175801,-1.168932870690222,-0.2098210720918212,0.8583868850100913,1.453638483856321,-0.6679319996604036,0.3381580283910708,-2.388651744867325
33.0,165.0,999.9854736328124,-0.5829093102984935,0.5938401568646867,4.052971847942793,-1.1689321136429394,-0.2098221931961754,0.8583863450100884,1.4536405622367097,-0.6679298442439077,0.3381580547510046,-2.3886512453787203
33.0,165.0,999.9854736328124,-0.5829102107186133,0.5938450663850912,4.052964011930246,-1.1689338308235508,-0.2098190051254942,0.8583842931100971,1.4536381434228964,-0.6679286246445066,0.3381533882382284,-2.388653436662032
33.0,165.0,999.9854125976562,-0.5829092924358914,0.593841125737729,4.0529671244572505,-1.1689300210327196,-0.2098199465649806,0.8583923780187774,1.4536351596033086,-0.6679319210208412,0.3381551813859733,-2.3886527196902003
33.0,165.0,999.9854125976562,-0.5829096201509207,0.5938454267090378,4.05296790881671,-1.168928026857381,-0.2098199477678166,0.8583878847484936,1.4536299579781904,-0.6679311170747155,0.3381597506681357,-2.388650344920144
33.0,165.0,999.9854125976562,-0.5829115196642194,0.5938448183503571,4.05296804846466,-1.1689363929749534,-0.2098177083492975,0.8583836386790686,1.453637655776726,-0.6679287530701323,0.3381553541021622,-2.3886563076135663
33.0,165.0,999.9854125976562,-0.582908210720384,0.5938390242467362,4.052972765647283,-1.168931862945758,-0.2098214532051461,0.8583910098607266,1.4536384786628522,-0.667932401101357,0.3381581515151532,-2.388651526432724
33.0,165.0,999.9854736328124,-0.5829071982660743,0.5938449731229305,4.052969306157664,-1.168923804645459,-0.2098230645946781,0.85838952677181,1.4536342832907012,-0.6679330212206605,0.3381650500633002,-2.388643845778672
33.0,165.0,999.9854736328124,-0.5829095726843958,0.5938407385559428,4.052971954665734,-1.1689341525171448,-0.209820247370847,0.8583868209768948,1.4536418738817725,-0.6679298274476588,0.3381583928375686,-2.388650999240728
33.0,165.0,999.9854125976562,-0.5829100751635394,0.5938476280285112,4.0529673532464745,-1.1689307375966438,-0.2098200484741292,0.8583837688255445,1.453634020763812,-0.667930186750664,0.3381546992962994,-2.3886517699105085
33.0,165.0,999.9854125976562,-0.5829100681240824,0.5938456765182334,4.052969274383969,-1.1689332759884987,-0.2098209617938327,0.8583825058052259,1.4536375603755474,-0.6679303053496808,0.338157951095801,-2.3886492853262418
33.0,165.0,999.9854736328124,-0.5829137736605352,0.5938444058658412,4.052969872509909,-1.1689348985154933,-0.2098161165663512,0.858386272324454,1.4536341886582802,-0.6679319963189352,0.3381573117470147,-2.3886544254390083
33.0,165.0,999.9854125976562,-0.5829098110707651,0.5938424344959188,4.052967700342922,-1.1689340197207023,-0.2098209492703437,0.8583875615235144,1.4536415851907076,-0.6679289928054075,0.3381543218562779,-2.3886531144276835
33.0,165.0,999.9854125976562,-0.5829095912944267,0.5938460000806911,4.052968302634829,-1.1689292857165583,-0.2098203361913579,0.8583858282352903,1.453633626359112,-0.6679317933515616,0.3381569036183371,-2.388649908606848
33.0,165.0,999.9854125976562,-0.5829083286359023,0.5938429914468362,4.052969750829666,-1.1689276088161824,-0.209821789504347,0.8583877389542769,1.453635512111461,-0.6679292388258498,0.338161579608176,-2.3886467668245155
33.0,165.0,999.9854736328124,-0.582908315466339,0.5938364726323808,4.052966911526594,-1.1689218542862916,-0.2098219623189905,0.8583980305806707,1.4536316359405728,-0.6679333976108337,0.3381608434691507,-2.388647879782237
33.0,165.0,999.9854125976562,-0.5829087331506964,0.5938436902926645,4.052969387091823,-1.1689274507897056,-0.2098199292101972,0.8583898443253428,1.4536331330359609,-0.6679329909130951,0.3381574499636564,-2.388652233254627
33.0,165.0,999.9854125976562,-0.582907726887834,0.5938431441529355,4.052967908674907,-1.168925345477649,-0.2098221326248337,0.8583891147660596,1.4536340246089008,-0.667931358047336,0.3381620073938247,-2.3886463715820616
33.0,165.0,999.9854125976562,-0.5829076798980068,0.5938404117607945,4.05297051304596,-1.1689275600606424,-0.209821713372114,0.8583913031801487,1.453635672254431,-0.6679319112536026,0.3381615227801768,-2.3886457164473
33.0,165.0,999.9854125976562,-0.5829093460172396,0.5938416178402219,4.052967900981471,-1.16892803086867,-0.2098216172350495,0.8583898148066798,1.4536348322165606,-0.6679315195619742,0.3381570621749787,-2.388653151886704
33.0,165.0,999.9854125976562,-0.5829111423812021,0.5938417281242927,4.052967273692527,-1.168937990894396,-0.2098188783213892,0.8583862980719843,1.4536387175801018,-0.6679299581983047,0.3381527562499551,-2.3886556633371887
33.0,165.0,999.9854125976562,-0.5829098067737242,0.5938418869161852,4.052969926076772,-1.168932962879614,-0.2098200096625611,0.8583881816774657,1.4536382420763443,-0.6679309183147435,0.3381584980015013,-2.3886515618888686
33.0,165.0,999.9854125976562,-0.5829103778848639,0.5938422112375878,4.052969555587008,-1.1689317202119307,-0.2098178053476322,0.8583889493228556,1.4536322108663455,-0.6679313620737739,0.33815856587628,-2.388654943244448
33.0,165.0,999.9854125976562,-0.5829118325315878,0.59384640490447,4.052967050494216,-1.1689325379039062,-0.2098197125543865,0.858382201093356,1.4536331260337922,-0.6679299508821508,0.3381551993224949,-2.3886558237539064
33.0,165.0,999.9854125976562,-0.582910623671121,0.5938468418117644,4.052966727923948,-1.1689308335329516,-0.2098195639844329,0.8583868100677208,1.4536382508312071,-0.6679286617520228,0.3381589475138593,-2.3886497070908383
33.0,165.0,999.9854736328124,-0.5829131705692623,0.5938446931100403,4.052967470625422,-1.168936521862003,-0.2098168929607489,0.8583832583827427,1.453636761022448,-0.6679289803960016,0.3381547199746206,-2.388654511016397
33.0,165.0,999.9854125976562,-0.5829118836340133,0.5938498672774228,4.052970448674158,-1.168936906297866,-0.2098198975170184,0.8583785078401176,1.45364085488022,-0.6679286995677023,0.3381564304744353,-2.388653206682445
33.0,165.0,999.9854125976562,-0.5829087949499652,0.593845034287007,4.052970508118444,-1.168928547894443,-0.2098224476814145,0.8583875328920989,1.4536368905675996,-0.6679312072480235,0.3381572322704009,-2.38865210320905
33.0,165.0,999.9854125976562,-0.5829084092747854,0.5938428240466642,4.0529676298032165,-1.1689301752317238,-0.2098215715815623,0.8583872038411187,1.4536343144652184,-0.667930122129043,0.3381575164245607,-2.388652078505048
33.0,165.0,999.9854125976562,-0.5829095859804241,0.5938406331269919,4.052968176709722,-1.168931503145088,-0.2098209076946222,0.8583892540233515,1.4536378364109872,-0.6679300194485567,0.3381580775888668,-2.388651822241826
33.0,165.0,999.9854125976562,-0.5829091460442974,0.5938427161815163,4.052967983914659,-1.168932720350056,-0.2098206485035323,0.8583868792050344,1.4536381128011753,-0.6679303655655904,0.3381568038581397,-2.3886493022307667
33.0,165.0,999.9854125976562,-0.5829102950702261,0.5938428858825704,4.052967843380422,-1.1689345573594268,-0.2098205921430471,0.8583856818133491,1.453640637527366,-0.6679287680216106,0.338155448232774,-2.3886515656416583
33.0,165.0,999.9854736328124,-0.5829132984414827,0.5938489709740846,4.052970789807306,-1.1689431320605124,-0.2098171771984027,0.8583788437065039,1.4536445838197327,-0.6679304958069672,0.3381497692766686,-2.3886588798555053
33.0,165.0,999.9854125976562,-0.5829060123603016,0.593836560380093,4.052975365620428,-1.1689241200480105,-0.2098240630418342,0.8583930784502982,1.4536335827633824,-0.667932516673071,0.3381671997029043,-2.3886453038692568
33.0,165.0,999.9854125976562,-0.5829130777597538,0.5938459034936212,4.05296736459896,-1.1689350907835565,-0.2098175064283491,0.8583867499397568,1.4536367382243451,-0.6679312578242138,0.3381519127861487,-2.388658390783621
33.0,165.0,999.9854125976562,-0.5829096502875846,0.5938480877049717,4.052969470781729,-1.1689296632689905,-0.2098215599325366,0.858383474204917,1.453637234407954,-0.6679297083303197,0.3381598485675932,-2.388647974585024
33.0,165.0,999.9854736328124,-0.5829101283680114,0.5938423363521537,4.052960540582697,-1.1689345906917756,-0.2098177857015342,0.858389327678375,1.4536407086056204,-0.6679272886357959,0.3381500429679462,-2.388652960588268
33.0,165.0,999.9854125976562,-0.5829095379166924,0.5938397726318092,4.052970797904784,-1.1689298783720163,-0.2098216385974236,0.8583895757878643,1.4536353100896786,-0.6679303409240527,0.3381610256267029,-2.3886518878919483
33.0,165.0,999.9854125976562,-0.5829102996672404,0.5938429846851196,4.052965962505466,-1.168929693179205,-0.2098191325018907,0.8583894703774142,1.4536324541820091,-0.6679318446519016,0.3381524100688811,-2.388655679076128
33.0,165.0,999.9854125976562,-0.582909041073064,0.5938445933394902,4.052968789229926,-1.1689255048636489,-0.2098215543503538,0.8583868715352221,1.4536343138395118,-0.6679296269553987,0.3381631023521461,-2.3886459364569825
33.0,165.0,999.9854125976562,-0.5829079981854441,0.5938425890157886,4.052973456056153,-1.1689276399711497,-0.2098214250319978,0.858391003394015,1.4536369956328965,-0.6679333548877482,0.3381645668113116,-2.388645873925591
33.0,165.0,999.9854125976562,-0.5829084140763445,0.5938444865442216,4.05297108878584,-1.1689329074348676,-0.2098213018969499,0.8583852301539547,1.4536410024667887,-0.6679290052054352,0.3381607125347718,-2.388648647023889
33.0,165.0,999.9854125976562,-0.5829074859759968,0.5938408413543153,4.052968638928359,-1.168925908185832,-0.2098230076696214,0.8583912672834142,1.453634993209235,-0.6679324347880335,0.3381608337132249,-2.38864655182546
33.0,165.0,999.9854125976562,-0.5829115473700694,0.5938460139440576,4.052964850885889,-1.1689304439558108,-0.2098181028479713,0.8583879471064835,1.4536323913428353,-0.6679312727921927,0.3381554674145794,-2.388653491124757
33.0,165.0,999.9854125976562,-0.5829092241329645,0.5938400562597561,4.052970043100826,-1.1689299670784257,-0.2098208585628489,0.8583913745644365,1.4536382003045911,-0.6679327064800109,0.3381604247301695,-2.3886479785911208
33.0,166.0,999.9854125976562,-0.5829080301043197,0.5938441512901438,4.052970804960252,-1.1689270072208364,-0.2098229107810407,0.8583898767830913,1.4536378131821293,-0.667931716988269,0.3381640396235665,-2.388644091190637
33.0,166.0,999.9854125976562,-0.582910921723645,0.5938468438107751,4.052966354518876,-1.1689291290153667,-0.2098202126618344,0.8583835048482102,1.453632280737395,-0.6679292895314459,0.3381567170107979,-2.38865287793681
33.0,166.0,999.9854736328124,-0.5829062029904666,0.593836395699153,4.05297521198278,-1.1689233558286762,-0.2098249695370118,0.858397728953082,1.4536373324926135,-0.6679363998723336,0.3381654810396544,-2.388640778647529
33.0,166.0,999.9854736328124,-0.5829091291420498,0.5938388910109431,4.052967150645566,-1.1689261358208451,-0.2098195689170978,0.8583933887557249,1.4536333021051293,-0.6679328121856791,0.3381615336939569,-2.3886469840640108
33.0,166.0,999.9854125976562,-0.5829077021455049,0.5938421964434575,4.052971850597512,-1.1689311000567084,-0.2098226586127021,0.8583871230336735,1.45364161511141,-0.6679292513426649,0.3381610531502401,-2.388646284542853
33.0,166.0,999.9854125976562,-0.582909926206022,0.5938419474242105,4.052971420175801,-1.168932870690222,-0.2098210720918212,0.8583868850100913,1.453638483856321,-0.6679319996604036,0.3381580283910708,-2.388651744867325
33.0,166.0,999.9854736328124,-0.5829093102984935,0.5938401568646867,4.052971847942793,-1.1689321136429394,-0.2098221931961754,0.8583863450100884,1.4536405622367097,-0.6679298442439077,0.3381580547510046,-2.3886512453787203
33.0,166.0,999.9854736328124,-0.5829102107186133,0.5938450663850912,4.052964011930246,-1.1689338308235508,-0.2098190051254942,0.8583842931100971,1.4536381434228964,-0.6679286246445066,0.3381533882382284,-2.388653436662032
33.0,166.0,999.9854125976562,-0.5829092924358914,0.593841125737729,4.0529671244572505,-1.1689300210327196,-0.2098199465649806,0.8583923780187774,1.4536351596033086,-0.6679319210208412,0.3381551813859733,-2.3886527196902003
33.0,166.0,999.9854125976562,-0.5829096201509207,0.5938454267090378,4.05296790881671,-1.168928026857381,-0.2098199477678166,0.8583878847484936,1.4536299579781904,-0.6679311170747155,0.3381597506681357,-2.388650344920144
33.0,166.0,999.9854125976562,-0.5829115196642194,0.5938448183503571,4.05296804846466,-1.1689363929749534,-0.2098177083492975,0.8583836386790686,1.453637655776726,-0.6679287530701323,0.3381553541021622,-2.3886563076135663
33.0,166.0,999.9854125976562,-0.582908210720384,0.5938390242467362,4.052972765647283,-1.168931862945758,-0.2098214532051461,0.8583910098607266,1.4536384786628522,-0.667932401101357,0.3381581515151532,-2.388651526432724
33.0,166.0,999.9854736328124,-0.5829071982660743,0.5938449731229305,4.052969306157664,-1.168923804645459,-0.2098230645946781,0.85838952677181,1.4536342832907012,-0.6679330212206605,0.3381650500633002,-2.388643845778672
33.0,166.0,999.9854736328124,-0.5829095726843958,0.5938407385559428,4.052971954665734,-1.1689341525171448,-0.209820247370847,0.8583868209768948,1.4536418738817725,-0.6679298274476588,0.3381583928375686,-2.388650999240728
33.0,166.0,999.9854125976562,-0.5829100751635394,0.5938476280285112,4.0529673532464745,-1.1689307375966438,-0.2098200484741292,0.8583837688255445,1.453634020763812,-0.667930186750664,0.3381546992962994,-2.3886517699105085
33.0,166.0,999.9854125976562,-0.5829100681240824,0.5938456765182334,4.052969274383969,-1.1689332759884987,-0.2098209617938327,0.8583825058052259,1.4536375603755474,-0.6679303053496808,0.338157951095801,-2.3886492853262418
33.0,166.0,999.9854736328124,-0.5829137736605352,0.5938444058658412,4.052969872509909,-1.1689348985154933,-0.2098161165663512,0.858386272324454,1.4536341886582802,-0.6679319963189352,0.3381573117470147,-2.3886544254390083
33.0,166.0,999.9854125976562,-0.5829098110707651,0.5938424344959188,4.052967700342922,-1.1689340197207023,-0.2098209492703437,0.8583875615235144,1.4536415851907076,-0.6679289928054075,0.3381543218562779,-2.3886531144276835
33.0,166.0,999.9854125976562,-0.5829095912944267,0.5938460000806911,4.052968302634829,-1.1689292857165583,-0.2098203361913579,0.8583858282352903,1.453633626359112,-0.6679317933515616,0.3381569036183371,-2.388649908606848
33.0,166.0,999.9854125976562,-0.5829083286359023,0.5938429914468362,4.052969750829666,-1.1689276088161824,-0.209821789504347,0.8583877389542769,1.453635512111461,-0.6679292388258498,0.338161579608176,-2.3886467668245155
33.0,166.0,999.9854736328124,-0.582908315466339,0.5938364726323808,4.052966911526594,-1.1689218542862916,-0.2098219623189905,0.8583980305806707,1.4536316359405728,-0.6679333976108337,0.3381608434691507,-2.388647879782237
33.0,166.0,999.9854125976562,-0.5829087331506964,0.5938436902926645,4.052969387091823,-1.1689274507897056,-0.2098199292101972,0.8583898443253428,1.4536331330359609,-0.6679329909130951,0.3381574499636564,-2.388652233254627
33.0,166.0,999.9854125976562,-0.582907726887834,0.5938431441529355,4.052967908674907,-1.168925345477649,-0.2098221326248337,0.8583891147660596,1.4536340246089008,-0.667931358047336,0.3381620073938247,-2.3886463715820616
33.0,166.0,999.9854125976562,-0.5829076798980068,0.5938404117607945,4.05297051304596,-1.1689275600606424,-0.209821713372114,0.8583913031801487,1.453635672254431,-0.6679319112536026,0.3381615227801768,-2.3886457164473
33.0,166.0,999.9854125976562,-0.5829093460172396,0.5938416178402219,4.052967900981471,-1.16892803086867,-0.2098216172350495,0.8583898148066798,1.4536348322165606,-0.6679315195619742,0.3381570621749787,-2.388653151886704
33.0,166.0,999.9854125976562,-0.5829111423812021,0.5938417281242927,4.052967273692527,-1.168937990894396,-0.2098188783213892,0.8583862980719843,1.4536387175801018,-0.6679299581983047,0.3381527562499551,-2.3886556633371887
33.0,166.0,999.9854125976562,-0.5829098067737242,0.5938418869161852,4.052969926076772,-1.168932962879614,-0.2098200096625611,0.8583881816774657,1.4536382420763443,-0.6679309183147435,0.3381584980015013,-2.3886515618888686
33.0,166.0,999.9854125976562,-0.5829103778848639,0.5938422112375878,4.052969555587008,-1.1689317202119307,-0.2098178053476322,0.8583889493228556,1.4536322108663455,-0.6679313620737739,0.33815856587628,-2.388654943244448
33.0,166.0,999.9854125976562,-0.5829118325315878,0.59384640490447,4.052967050494216,-1.1689325379039062,-0.2098197125543865,0.858382201093356,1.4536331260337922,-0.6679299508821508,0.3381551993224949,-2.3886558237539064
33.0,166.0,999.9854125976562,-0.582910623671121,0.5938468418117644,4.052966727923948,-1.1689308335329516,-0.2098195639844329,0.8583868100677208,1.4536382508312071,-0.6679286617520228,0.3381589475138593,-2.3886497070908383
33.0,166.0,999.9854736328124,-0.5829131705692623,0.5938446931100403,4.052967470625422,-1.168936521862003,-0.2098168929607489,0.8583832583827427,1.453636761022448,-0.6679289803960016,0.3381547199746206,-2.388654511016397
33.0,166.0,999.9854125976562,-0.5829118836340133,0.5938498672774228,4.052970448674158,-1.168936906297866,-0.2098198975170184,0.8583785078401176,1.45364085488022,-0.6679286995677023,0.3381564304744353,-2.388653206682445
33.0,166.0,999.9854125976562,-0.5829087949499652,0.593845034287007,4.052970508118444,-1.168928547894443,-0.2098224476814145,0.8583875328920989,1.4536368905675996,-0.6679312072480235,0.3381572322704009,-2.38865210320905
33.0,166.0,999.9854125976562,-0.5829084092747854,0.5938428240466642,4.0529676298032165,-1.1689301752317238,-0.2098215715815623,0.8583872038411187,1.4536343144652184,-0.667930122129043,0.3381575164245607,-2.388652078505048
33.0,166.0,999.9854125976562,-0.5829095859804241,0.5938406331269919,4.052968176709722,-1.168931503145088,-0.2098209076946222,0.8583892540233515,1.4536378364109872,-0.6679300194485567,0.3381580775888668,-2.388651822241826
33.0,166.0,999.9854125976562,-0.5829091460442974,0.5938427161815163,4.052967983914659,-1.168932720350056,-0.2098206485035323,0.8583868792050344,1.4536381128011753,-0.6679303655655904,0.3381568038581397,-2.3886493022307667
33.0,166.0,999.9854125976562,-0.5829102950702261,0.5938428858825704,4.052967843380422,-1.1689345573594268,-0.2098205921430471,0.8583856818133491,1.453640637527366,-0.6679287680216106,0.338155448232774,-2.3886515656416583
33.0,166.0,999.9854736328124,-0.5829132984414827,0.5938489709740846,4.052970789807306,-1.1689431320605124,-0.2098171771984027,0.8583788437065039,1.4536445838197327,-0.6679304958069672,0.3381497692766686,-2.3886588798555053
33.0,166.0,999.9854125976562,-0.5829060123603016,0.593836560380093,4.052975365620428,-1.1689241200480105,-0.2098240630418342,0.8583930784502982,1.4536335827633824,-0.667932516673071,0.3381671997029043,-2.3886453038692568
33.0,166.0,999.9854125976562,-0.5829130777597538,0.5938459034936212,4.05296736459896,-1.1689350907835565,-0.2098175064283491,0.8583867499397568,1.4536367382243451,-0.6679312578242138,0.3381519127861487,-2.388658390783621
33.0,166.0,999.9854125976562,-0.5829096502875846,0.5938480877049717,4.052969470781729,-1.1689296632689905,-0.2098215599325366,0.858383474204917,1.453637234407954,-0.6679297083303197,0.3381598485675932,-2.388647974585024
33.0,166.0,999.9854736328124,-0.5829101283680114,0.5938423363521537,4.052960540582697,-1.1689345906917756,-0.2098177857015342,0.858389327678375,1.4536407086056204,-0.6679272886357959,0.3381500429679462,-2.388652960588268
33.0,166.0,999.9854125976562,-0.5829095379166924,0.5938397726318092,4.052970797904784,-1.1689298783720163,-0.2098216385974236,0.8583895757878643,1.4536353100896786,-0.6679303409240527,0.3381610256267029,-2.3886518878919483
33.0,166.0,999.9854125976562,-0.5829102996672404,0.5938429846851196,4.052965962505466,-1.168929693179205,-0.2098191325018907,0.8583894703774142,1.4536324541820091,-0.6679318446519016,0.3381524100688811,-2.388655679076128
33.0,166.0,999.9854125976562,-0.582909041073064,0.5938445933394902,4.052968789229926,-1.1689255048636489,-0.2098215543503538,0.8583868715352221,1.4536343138395118,-0.6679296269553987,0.3381631023521461,-2.3886459364569825
33.0,166.0,999.9854125976562,-0.5829079981854441,0.5938425890157886,4.052973456056153,-1.1689276399711497,-0.2098214250319978,0.858391003394015,1.4536369956328965,-0.6679333548877482,0.3381645668113116,-2.388645873925591
33.0,166.0,999.9854125976562,-0.5829084140763445,0.5938444865442216,4.05297108878584,-1.1689329074348676,-0.2098213018969499,0.8583852301539547,1.4536410024667887,-0.6679290052054352,0.3381607125347718,-2.388648647023889
33.0,166.0,999.9854125976562,-0.5829074859759968,0.5938408413543153,4.052968638928359,-1.168925908185832,-0.2098230076696214,0.8583912672834142,1.453634993209235,-0.6679324347880335,0.3381608337132249,-2.38864655182546
33.0,166.0,999.9854125976562,-0.5829115473700694,0.5938460139440576,4.052964850885889,-1.1689304439558108,-0.2098181028479713,0.8583879471064835,1.4536323913428353,-0.6679312727921927,0.3381554674145794,-2.388653491124757
33.0,166.0,999.9854125976562,-0.5829092241329645,0.5938400562597561,4.052970043100826,-1.1689299670784257,-0.2098208585628489,0.8583913745644365,1.4536382003045911,-0.6679327064800109,0.3381604247301695,-2.3886479785911208
33.0,167.0,999.9854125976562,-0.5829080301043197,0.5938441512901438,4.052970804960252,-1.1689270072208364,-0.2098229107810407,0.8583898767830913,1.4536378131821293,-0.667931716988269,0.3381640396235665,-2.388644091190637
33.0,167.0,999.9854125976562,-0.582910921723645,0.5938468438107751,4.052966354518876,-1.1689291290153667,-0.2098202126618344,0.8583835048482102,1.453632280737395,-0.6679292895314459,0.3381567170107979,-2.38865287793681
33.0,167.0,999.9854736328124,-0.5829062029904666,0.593836395699153,4.05297521198278,-1.1689233558286762,-0.2098249695370118,0.858397728953082,1.4536373324926135,-0.6679363998723336,0.3381654810396544,-2.388640778647529
33.0,167.0,999.9854736328124,-0.5829091291420498,0.5938388910109431,4.052967150645566,-1.1689261358208451,-0.2098195689170978,0.8583933887557249,1.4536333021051293,-0.6679328121856791,0.3381615336939569,-2.3886469840640108
33.0,167.0,999.9854125976562,-0.5829077021455049,0.5938421964434575,4.052971850597512,-1.1689311000567084,-0.2098226586127021,0.8583871230336735,1.45364161511141,-0.6679292513426649,0.3381610531502401,-2.388646284542853
33.0,167.0,999.9854125976562,-0.582909926206022,0.5938419474242105,4.052971420175801,-1.168932870690222,-0.2098210720918212,0.8583868850100913,1.453638483856321,-0.6679319996604036,0.3381580283910708,-2.388651744867325
33.0,167.0,999.9854736328124,-0.5829093102984935,0.5938401568646867,4.052971847942793,-1.1689321136429394,-0.2098221931961754,0.8583863450100884,1.4536405622367097,-0.6679298442439077,0.3381580547510046,-2.3886512453787203
33.0,167.0,999.9854736328124,-0.5829102107186133,0.5938450663850912,4.052964011930246,-1.1689338308235508,-0.2098190051254942,0.8583842931100971,1.4536381434228964,-0.6679286246445066,0.3381533882382284,-2.388653436662032
33.0,167.0,999.9854125976562,-0.5829092924358914,0.593841125737729,4.0529671244572505,-1.1689300210327196,-0.2098199465649806,0.8583923780187774,1.4536351596033086,-0.6679319210208412,0.3381551813859733,-2.3886527196902003
33.0,167.0,999.9854125976562,-0.5829096201509207,0.5938454267090378,4.05296790881671,-1.168928026857381,-0.2098199477678166,0.8583878847484936,1.4536299579781904,-0.6679311170747155,0.3381597506681357,-2.388650344920144
33.0,167.0,999.9854125976562,-0.5829115196642194,0.5938448183503571,4.05296804846466,-1.1689363929749534,-0.2098177083492975,0.8583836386790686,1.453637655776726,-0.6679287530701323,0.3381553541021622,-2.3886563076135663
33.0,167.0,999.9854125976562,-0.582908210720384,0.5938390242467362,4.052972765647283,-1.168931862945758,-0.2098214532051461,0.8583910098607266,1.4536384786628522,-0.667932401101357,0.3381581515151532,-2.388651526432724
33.0,167.0,999.9854736328124,-0.5829071982660743,0.5938449731229305,4.052969306157664,-1.168923804645459,-0.2098230645946781,0.85838952677181,1.4536342832907012,-0.6679330212206605,0.3381650500633002,-2.388643845778672
33.0,167.0,999.9854736328124,-0.5829095726843958,0.5938407385559428,4.052971954665734,-1.1689341525171448,-0.209820247370847,0.8583868209768948,1.4536418738817725,-0.6679298274476588,0.3381583928375686,-2.388650999240728
33.0,167.0,999.9854125976562,-0.5829100751635394,0.5938476280285112,4.0529673532464745,-1.1689307375966438,-0.2098200484741292,0.8583837688255445,1.453634020763812,-0.667930186750664,0.3381546992962994,-2.3886517699105085
33.0,167.0,999.9854125976562,-0.5829100681240824,0.5938456765182334,4.052969274383969,-1.1689332759884987,-0.2098209617938327,0.8583825058052259,1.4536375603755474,-0.6679303053496808,0.338157951095801,-2.3886492853262418
33.0,167.0,999.9854736328124,-0.5829137736605352,0.5938444058658412,4.052969872509909,-1.1689348985154933,-0.2098161165663512,0.858386272324454,1.4536341886582802,-0.6679319963189352,0.3381573117470147,-2.3886544254390083
33.0,167.0,999.9854125976562,-0.5829098110707651,0.5938424344959188,4.052967700342922,-1.1689340197207023,-0.2098209492703437,0.8583875615235144,1.4536415851907076,-0.6679289928054075,0.3381543218562779,-2.3886531144276835
33.0,167.0,999.9854125976562,-0.5829095912944267,0.5938460000806911,4.052968302634829,-1.1689292857165583,-0.2098203361913579,0.8583858282352903,1.453633626359112,-0.6679317933515616,0.3381569036183371,-2.388649908606848
33.0,167.0,999.9854125976562,-0.5829083286359023,0.5938429914468362,4.052969750829666,-1.1689276088161824,-0.209821789504347,0.8583877389542769,1.453635512111461,-0.6679292388258498,0.338161579608176,-2.3886467668245155
33.0,167.0,999.9854736328124,-0.582908315466339,0.5938364726323808,4.052966911526594,-1.1689218542862916,-0.2098219623189905,0.8583980305806707,1.4536316359405728,-0.6679333976108337,0.3381608434691507,-2.388647879782237
33.0,167.0,999.9854125976562,-0.5829087331506964,0.5938436902926645,4.052969387091823,-1.1689274507897056,-0.2098199292101972,0.8583898443253428,1.4536331330359609,-0.6679329909130951,0.3381574499636564,-2.388652233254627
33.0,167.0,999.9854125976562,-0.582907726887834,0.5938431441529355,4.052967908674907,-1.168925345477649,-0.2098221326248337,0.8583891147660596,1.4536340246089008,-0.667931358047336,0.3381620073938247,-2.3886463715820616
33.0,167.0,999.9854125976562,-0.5829076798980068,0.5938404117607945,4.05297051304596,-1.1689275600606424,-0.209821713372114,0.8583913031801487,1.453635672254431,-0.6679319112536026,0.3381615227801768,-2.3886457164473
33.0,167.0,999.9854125976562,-0.5829093460172396,0.5938416178402219,4.052967900981471,-1.16892803086867,-0.2098216172350495,0.8583898148066798,1.4536348322165606,-0.6679315195619742,0.3381570621749787,-2.388653151886704
33.0,167.0,999.9854125976562,-0.5829111423812021,0.5938417281242927,4.052967273692527,-1.168937990894396,-0.2098188783213892,0.8583862980719843,1.4536387175801018,-0.6679299581983047,0.3381527562499551,-2.3886556633371887
33.0,167.0,999.9854125976562,-0.5829098067737242,0.5938418869161852,4.052969926076772,-1.168932962879614,-0.2098200096625611,0.8583881816774657,1.4536382420763443,-0.6679309183147435,0.3381584980015013,-2.3886515618888686
33.0,167.0,999.9854125976562,-0.5829103778848639,0.5938422112375878,4.052969555587008,-1.1689317202119307,-0.2098178053476322,0.8583889493228556,1.4536322108663455,-0.6679313620737739,0.33815856587628,-2.388654943244448
33.0,167.0,999.9854125976562,-0.5829118325315878,0.59384640490447,4.052967050494216,-1.1689325379039062,-0.2098197125543865,0.858382201093356,1.4536331260337922,-0.6679299508821508,0.3381551993224949,-2.3886558237539064
33.0,167.0,999.9854125976562,-0.582910623671121,0.5938468418117644,4.052966727923948,-1.1689308335329516,-0.2098195639844329,0.8583868100677208,1.4536382508312071,-0.6679286617520228,0.3381589475138593,-2.3886497070908383
33.0,167.0,999.9854736328124,-0.5829131705692623,0.5938446931100403,4.052967470625422,-1.168936521862003,-0.2098168929607489,0.8583832583827427,1.453636761022448,-0.6679289803960016,0.3381547199746206,-2.388654511016397
33.0,167.0,999.9854125976562,-0.5829118836340133,0.5938498672774228,4.052970448674158,-1.168936906297866,-0.2098198975170184,0.8583785078401176,1.45364085488022,-0.6679286995677023,0.3381564304744353,-2.388653206682445
33.0,167.0,999.9854125976562,-0.5829087949499652,0.593845034287007,4.052970508118444,-1.168928547894443,-0.2098224476814145,0.8583875328920989,1.4536368905675996,-0.6679312072480235,0.3381572322704009,-2.38865210320905
33.0,167.0,999.9854125976562,-0.5829084092747854,0.5938428240466642,4.0529676298032165,-1.1689301752317238,-0.2098215715815623,0.8583872038411187,1.4536343144652184,-0.667930122129043,0.3381575164245607,-2.388652078505048
33.0,167.0,999.9854125976562,-0.5829095859804241,0.5938406331269919,4.052968176709722,-1.168931503145088,-0.2098209076946222,0.8583892540233515,1.4536378364109872,-0.6679300194485567,0.3381580775888668,-2.388651822241826
33.0,167.0,999.9854125976562,-0.5829091460442974,0.5938427161815163,4.052967983914659,-1.168932720350056,-0.2098206485035323,0.8583868792050344,1.4536381128011753,-0.6679303655655904,0.3381568038581397,-2.3886493022307667
33.0,167.0,999.9854125976562,-0.5829102950702261,0.5938428858825704,4.052967843380422,-1.1689345573594268,-0.2098205921430471,0.8583856818133491,1.453640637527366,-0.6679287680216106,0.338155448232774,-2.3886515656416583
33.0,167.0,999.9854736328124,-0.5829132984414827,0.5938489709740846,4.052970789807306,-1.1689431320605124,-0.2098171771984027,0.8583788437065039,1.4536445838197327,-0.6679304958069672,0.3381497692766686,-2.3886588798555053
33.0,167.0,999.9854125976562,-0.5829060123603016,0.593836560380093,4.052975365620428,-1.1689241200480105,-0.2098240630418342,0.8583930784502982,1.4536335827633824,-0.667932516673071,0.3381671997029043,-2.3886453038692568
33.0,167.0,999.9854125976562,-0.5829130777597538,0.5938459034936212,4.05296736459896,-1.1689350907835565,-0.2098175064283491,0.8583867499397568,1.4536367382243451,-0.6679312578242138,0.3381519127861487,-2.388658390783621
33.0,167.0,999.9854125976562,-0.5829096502875846,0.5938480877049717,4.052969470781729,-1.1689296632689905,-0.2098215599325366,0.858383474204917,1.453637234407954,-0.6679297083303197,0.3381598485675932,-2.388647974585024
33.0,167.0,999.9854736328124,-0.5829101283680114,0.5938423363521537,4.052960540582697,-1.1689345906917756,-0.2098177857015342,0.858389327678375,1.4536407086056204,-0.6679272886357959,0.3381500429679462,-2.388652960588268
33.0,167.0,999.9854125976562,-0.5829095379166924,0.5938397726318092,4.052970797904784,-1.1689298783720163,-0.2098216385974236,0.8583895757878643,1.4536353100896786,-0.6679303409240527,0.3381610256267029,-2.3886518878919483
33.0,167.0,999.9854125976562,-0.5829102996672404,0.5938429846851196,4.052965962505466,-1.168929693179205,-0.2098191325018907,0.8583894703774142,1.4536324541820091,-0.6679318446519016,0.3381524100688811,-2.388655679076128
33.0,167.0,999.9854125976562,-0.582909041073064,0.5938445933394902,4.052968789229926,-1.1689255048636489,-0.2098215543503538,0.8583868715352221,1.4536343138395118,-0.6679296269553987,0.3381631023521461,-2.3886459364569825
33.0,167.0,999.9854125976562,-0.5829079981854441,0.5938425890157886,4.052973456056153,-1.1689276399711497,-0.2098214250319978,0.858391003394015,1.4536369956328965,-0.6679333548877482,0.3381645668113116,-2.388645873925591
33.0,167.0,999.9854125976562,-0.5829084140763445,0.5938444865442216,4.05297108878584,-1.1689329074348676,-0.2098213018969499,0.8583852301539547,1.4536410024667887,-0.6679290052054352,0.3381607125347718,-2.388648647023889
33.0,167.0,999.9854125976562,-0.5829074859759968,0.5938408413543153,4.052968638928359,-1.168925908185832,-0.2098230076696214,0.8583912672834142,1.453634993209235,-0.6679324347880335,0.3381608337132249,-2.38864655182546
33.0,167.0,999.9854125976562,-0.5829115473700694,0.5938460139440576,4.052964850885889,-1.1689304439558108,-0.2098181028479713,0.8583879471064835,1.4536323913428353,-0.6679312727921927,0.3381554674145794,-2.388653491124757
33.0,167.0,999.9854125976562,-0.5829092241329645,0.5938400562597561,4.052970043100826,-1.1689299670784257,-0.2098208585628489,0.8583913745644365,1.4536382003045911,-0.6679327064800109,0.3381604247301695,-2.3886479785911208
33.0,168.0,999.9854125976562,-0.5829080301043197,0.5938441512901438,4.052970804960252,-1.1689270072208364,-0.2098229107810407,0.8583898767830913,1.4536378131821293,-0.667931716988269,0.3381640396235665,-2.388644091190637
33.0,168.0,999.9854125976562,-0.582910921723645,0.5938468438107751,4.052966354518876,-1.1689291290153667,-0.2098202126618344,0.8583835048482102,1.453632280737395,-0.6679292895314459,0.3381567170107979,-2.38865287793681
33.0,168.0,999.9854736328124,-0.5829062029904666,0.593836395699153,4.05297521198278,-1.1689233558286762,-0.2098249695370118,0.858397728953082,1.4536373324926135,-0.6679363998723336,0.3381654810396544,-2.388640778647529
33.0,168.0,999.9854736328124,-0.5829091291420498,0.5938388910109431,4.052967150645566,-1.1689261358208451,-0.2098195689170978,0.8583933887557249,1.4536333021051293,-0.6679328121856791,0.3381615336939569,-2.3886469840640108
33.0,168.0,999.9854125976562,-0.5829077021455049,0.5938421964434575,4.052971850597512,-1.1689311000567084,-0.2098226586127021,0.8583871230336735,1.45364161511141,-0.6679292513426649,0.3381610531502401,-2.388646284542853
33.0,168.0,999.9854125976562,-0.582909926206022,0.5938419474242105,4.052971420175801,-1.168932870690222,-0.2098210720918212,0.8583868850100913,1.453638483856321,-0.6679319996604036,0.3381580283910708,-2.388651744867325
33.0,168.0,999.9854736328124,-0.5829093102984935,0.5938401568646867,4.052971847942793,-1.1689321136429394,-0.2098221931961754,0.8583863450100884,1.4536405622367097,-0.6679298442439077,0.3381580547510046,-2.3886512453787203
33.0,168.0,999.9854736328124,-0.5829102107186133,0.5938450663850912,4.052964011930246,-1.1689338308235508,-0.2098190051254942,0.8583842931100971,1.4536381434228964,-0.6679286246445066,0.3381533882382284,-2.388653436662032
33.0,168.0,999.9854125976562,-0.5829092924358914,0.593841125737729,4.0529671244572505,-1.1689300210327196,-0.2098199465649806,0.8583923780187774,1.4536351596033086,-0.6679319210208412,0.3381551813859733,-2.3886527196902003
33.0,168.0,999.9854125976562,-0.5829096201509207,0.5938454267090378,4.05296790881671,-1.168928026857381,-0.2098199477678166,0.8583878847484936,1.4536299579781904,-0.6679311170747155,0.3381597506681357,-2.388650344920144
33.0,168.0,999.9854125976562,-0.5829115196642194,0.5938448183503571,4.05296804846466,-1.1689363929749534,-0.2098177083492975,0.8583836386790686,1.453637655776726,-0.6679287530701323,0.3381553541021622,-2.3886563076135663
33.0,168.0,999.9854125976562,-0.582908210720384,0.5938390242467362,4.052972765647283,-1.168931862945758,-0.2098214532051461,0.8583910098607266,1.4536384786628522,-0.667932401101357,0.3381581515151532,-2.388651526432724
33.0,168.0,999.9854736328124,-0.5829071982660743,0.5938449731229305,4.052969306157664,-1.168923804645459,-0.2098230645946781,0.85838952677181,1.4536342832907012,-0.6679330212206605,0.3381650500633002,-2.388643845778672
33.0,168.0,999.9854736328124,-0.5829095726843958,0.5938407385559428,4.052971954665734,-1.1689341525171448,-0.209820247370847,0.8583868209768948,1.4536418738817725,-0.6679298274476588,0.3381583928375686,-2.388650999240728
33.0,168.0,999.9854125976562,-0.5829100751635394,0.5938476280285112,4.0529673532464745,-1.1689307375966438,-0.2098200484741292,0.8583837688255445,1.453634020763812,-0.667930186750664,0.3381546992962994,-2.3886517699105085
33.0,168.0,999.9854125976562,-0.5829100681240824,0.5938456765182334,4.052969274383969,-1.1689332759884987,-0.2098209617938327,0.8583825058052259,1.4536375603755474,-0.6679303053496808,0.338157951095801,-2.3886492853262418
33.0,168.0,999.9854736328124,-0.5829137736605352,0.5938444058658412,4.052969872509909,-1.1689348985154933,-0.2098161165663512,0.858386272324454,1.4536341886582802,-0.6679319963189352,0.3381573117470147,-2.3886544254390083
33.0,168.0,999.9854125976562,-0.5829098110707651,0.5938424344959188,4.052967700342922,-1.1689340197207023,-0.2098209492703437,0.8583875615235144,1.4536415851907076,-0.6679289928054075,0.3381543218562779,-2.3886531144276835
33.0,168.0,999.9854125976562,-0.5829095912944267,0.5938460000806911,4.052968302634829,-1.1689292857165583,-0.2098203361913579,0.8583858282352903,1.453633626359112,-0.6679317933515616,0.3381569036183371,-2.388649908606848
33.0,168.0,999.9854125976562,-0.5829083286359023,0.5938429914468362,4.052969750829666,-1.1689276088161824,-0.209821789504347,0.8583877389542769,1.453635512111461,-0.6679292388258498,0.338161579608176,-2.3886467668245155
33.0,168.0,999.9854736328124,-0.582908315466339,0.5938364726323808,4.052966911526594,-1.1689218542862916,-0.2098219623189905,0.8583980305806707,1.4536316359405728,-0.6679333976108337,0.3381608434691507,-2.388647879782237
33.0,168.0,999.9854125976562,-0.5829087331506964,0.5938436902926645,4.052969387091823,-1.1689274507897056,-0.2098199292101972,0.8583898443253428,1.4536331330359609,-0.6679329909130951,0.3381574499636564,-2.388652233254627
33.0,168.0,999.9854125976562,-0.582907726887834,0.5938431441529355,4.052967908674907,-1.168925345477649,-0.2098221326248337,0.8583891147660596,1.4536340246089008,-0.667931358047336,0.3381620073938247,-2.3886463715820616
33.0,168.0,999.9854125976562,-0.5829076798980068,0.5938404117607945,4.05297051304596,-1.1689275600606424,-0.209821713372114,0.8583913031801487,1.453635672254431,-0.6679319112536026,0.3381615227801768,-2.3886457164473
33.0,168.0,999.9854125976562,-0.5829093460172396,0.5938416178402219,4.052967900981471,-1.16892803086867,-0.2098216172350495,0.8583898148066798,1.4536348322165606,-0.6679315195619742,0.3381570621749787,-2.388653151886704
33.0,168.0,999.9854125976562,-0.5829111423812021,0.5938417281242927,4.052967273692527,-1.168937990894396,-0.2098188783213892,0.8583862980719843,1.4536387175801018,-0.6679299581983047,0.3381527562499551,-2.3886556633371887
33.0,168.0,999.9854125976562,-0.5829098067737242,0.5938418869161852,4.052969926076772,-1.168932962879614,-0.2098200096625611,0.8583881816774657,1.4536382420763443,-0.6679309183147435,0.3381584980015013,-2.3886515618888686
33.0,168.0,999.9854125976562,-0.5829103778848639,0.5938422112375878,4.052969555587008,-1.1689317202119307,-0.2098178053476322,0.8583889493228556,1.4536322108663455,-0.6679313620737739,0.33815856587628,-2.388654943244448
33.0,168.0,999.9854125976562,-0.5829118325315878,0.59384640490447,4.052967050494216,-1.1689325379039062,-0.2098197125543865,0.858382201093356,1.4536331260337922,-0.6679299508821508,0.3381551993224949,-2.3886558237539064
33.0,168.0,999.9854125976562,-0.582910623671121,0.5938468418117644,4.052966727923948,-1.1689308335329516,-0.2098195639844329,0.8583868100677208,1.4536382508312071,-0.6679286617520228,0.3381589475138593,-2.3886497070908383
33.0,168.0,999.9854736328124,-0.5829131705692623,0.5938446931100403,4.052967470625422,-1.168936521862003,-0.2098168929607489,0.8583832583827427,1.453636761022448,-0.6679289803960016,0.3381547199746206,-2.388654511016397
33.0,168.0,999.9854125976562,-0.5829118836340133,0.5938498672774228,4.052970448674158,-1.168936906297866,-0.2098198975170184,0.8583785078401176,1.45364085488022,-0.6679286995677023,0.3381564304744353,-2.388653206682445
33.0,168.0,999.9854125976562,-0.5829087949499652,0.593845034287007,4.052970508118444,-1.168928547894443,-0.2098224476814145,0.8583875328920989,1.4536368905675996,-0.6679312072480235,0.3381572322704009,-2.38865210320905
33.0,168.0,999.9854125976562,-0.5829084092747854,0.5938428240466642,4.0529676298032165,-1.1689301752317238,-0.2098215715815623,0.8583872038411187,1.4536343144652184,-0.667930122129043,0.3381575164245607,-2.388652078505048
33.0,168.0,999.9854125976562,-0.5829095859804241,0.5938406331269919,4.052968176709722,-1.168931503145088,-0.2098209076946222,0.8583892540233515,1.4536378364109872,-0.6679300194485567,0.3381580775888668,-2.388651822241826
33.0,168.0,999.9854125976562,-0.5829091460442974,0.5938427161815163,4.052967983914659,-1.168932720350056,-0.2098206485035323,0.8583868792050344,1.4536381128011753,-0.6679303655655904,0.3381568038581397,-2.3886493022307667
33.0,168.0,999.9854125976562,-0.5829102950702261,0.5938428858825704,4.052967843380422,-1.1689345573594268,-0.2098205921430471,0.8583856818133491,1.453640637527366,-0.6679287680216106,0.338155448232774,-2.3886515656416583
33.0,168.0,999.9854736328124,-0.5829132984414827,0.5938489709740846,4.052970789807306,-1.1689431320605124,-0.2098171771984027,0.8583788437065039,1.4536445838197327,-0.6679304958069672,0.3381497692766686,-2.3886588798555053
33.0,168.0,999.9854125976562,-0.5829060123603016,0.593836560380093,4.052975365620428,-1.1689241200480105,-0.2098240630418342,0.8583930784502982,1.4536335827633824,-0.667932516673071,0.3381671997029043,-2.3886453038692568
33.0,168.0,999.9854125976562,-0.5829130777597538,0.5938459034936212,4.05296736459896,-1.1689350907835565,-0.2098175064283491,0.8583867499397568,1.4536367382243451,-0.6679312578242138,0.3381519127861487,-2.388658390783621
33.0,168.0,999.9854125976562,-0.5829096502875846,0.5938480877049717,4.052969470781729,-1.1689296632689905,-0.2098215599325366,0.858383474204917,1.453637234407954,-0.6679297083303197,0.3381598485675932,-2.388647974585024
33.0,168.0,999.9854736328124,-0.5829101283680114,0.5938423363521537,4.052960540582697,-1.1689345906917756,-0.2098177857015342,0.858389327678375,1.4536407086056204,-0.6679272886357959,0.3381500429679462,-2.388652960588268
33.0,168.0,999.9854125976562,-0.5829095379166924,0.5938397726318092,4.052970797904784,-1.1689298783720163,-0.2098216385974236,0.8583895757878643,1.4536353100896786,-0.6679303409240527,0.3381610256267029,-2.3886518878919483
33.0,168.0,999.9854125976562,-0.5829102996672404,0.5938429846851196,4.052965962505466,-1.168929693179205,-0.2098191325018907,0.8583894703774142,1.4536324541820091,-0.6679318446519016,0.3381524100688811,-2.388655679076128
33.0,168.0,999.9854125976562,-0.582909041073064,0.5938445933394902,4.052968789229926,-1.1689255048636489,-0.2098215543503538,0.8583868715352221,1.4536343138395118,-0.6679296269553987,0.3381631023521461,-2.3886459364569825
33.0,168.0,999.9854125976562,-0.5829079981854441,0.5938425890157886,4.052973456056153,-1.1689276399711497,-0.2098214250319978,0.858391003394015,1.4536369956328965,-0.6679333548877482,0.3381645668113116,-2.388645873925591
33.0,168.0,999.9854125976562,-0.5829084140763445,0.5938444865442216,4.05297108878584,-1.1689329074348676,-0.2098213018969499,0.8583852301539547,1.4536410024667887,-0.6679290052054352,0.3381607125347718,-2.388648647023889
33.0,168.0,999.9854125976562,-0.5829074859759968,0.5938408413543153,4.052968638928359,-1.168925908185832,-0.2098230076696214,0.8583912672834142,1.453634993209235,-0.6679324347880335,0.3381608337132249,-2.38864655182546
33.0,168.0,999.9854125976562,-0.5829115473700694,0.5938460139440576,4.052964850885889,-1.1689304439558108,-0.2098181028479713,0.8583879471064835,1.4536323913428353,-0.6679312727921927,0.3381554674145794,-2.388653491124757
33.0,168.0,999.9854125976562,-0.5829092241329645,0.5938400562597561,4.052970043100826,-1.1689299670784257,-0.2098208585628489,0.8583913745644365,1.4536382003045911,-0.6679327064800109,0.3381604247301695,-2.3886479785911208
33.0,169.0,999.9854125976562,-0.5829080301043197,0.5938441512901438,4.052970804960252,-1.1689270072208364,-0.2098229107810407,0.8583898767830913,1.4536378131821293,-0.667931716988269,0.3381640396235665,-2.388644091190637
33.0,169.0,999.9854125976562,-0.582910921723645,0.5938468438107751,4.052966354518876,-1.1689291290153667,-0.2098202126618344,0.8583835048482102,1.453632280737395,-0.6679292895314459,0.3381567170107979,-2.38865287793681
33.0,169.0,999.9854736328124,-0.5829062029904666,0.593836395699153,4.05297521198278,-1.1689233558286762,-0.2098249695370118,0.858397728953082,1.4536373324926135,-0.6679363998723336,0.3381654810396544,-2.388640778647529
33.0,169.0,999.9854736328124,-0.5829091291420498,0.5938388910109431,4.052967150645566,-1.1689261358208451,-0.2098195689170978,0.8583933887557249,1.4536333021051293,-0.6679328121856791,0.3381615336939569,-2.3886469840640108
33.0,169.0,999.9854125976562,-0.5829077021455049,0.5938421964434575,4.052971850597512,-1.1689311000567084,-0.2098226586127021,0.8583871230336735,1.45364161511141,-0.6679292513426649,0.3381610531502401,-2.388646284542853
33.0,169.0,999.9854125976562,-0.582909926206022,0.5938419474242105,4.052971420175801,-1.168932870690222,-0.2098210720918212,0.8583868850100913,1.453638483856321,-0.6679319996604036,0.3381580283910708,-2.388651744867325
33.0,169.0,999.9854736328124,-0.5829093102984935,0.5938401568646867,4.052971847942793,-1.1689321136429394,-0.2098221931961754,0.8583863450100884,1.4536405622367097,-0.6679298442439077,0.3381580547510046,-2.3886512453787203
33.0,169.0,999.9854736328124,-0.5829102107186133,0.5938450663850912,4.052964011930246,-1.1689338308235508,-0.2098190051254942,0.8583842931100971,1.4536381434228964,-0.6679286246445066,0.3381533882382284,-2.388653436662032
33.0,169.0,999.9854125976562,-0.5829092924358914,0.593841125737729,4.0529671244572505,-1.1689300210327196,-0.2098199465649806,0.8583923780187774,1.4536351596033086,-0.6679319210208412,0.3381551813859733,-2.3886527196902003
33.0,169.0,999.9854125976562,-0.5829096201509207,0.5938454267090378,4.05296790881671,-1.168928026857381,-0.2098199477678166,0.8583878847484936,1.4536299579781904,-0.6679311170747155,0.3381597506681357,-2.388650344920144
33.0,169.0,999.9854125976562,-0.5829115196642194,0.5938448183503571,4.05296804846466,-1.1689363929749534,-0.2098177083492975,0.8583836386790686,1.453637655776726,-0.6679287530701323,0.3381553541021622,-2.3886563076135663
33.0,169.0,999.9854125976562,-0.582908210720384,0.5938390242467362,4.052972765647283,-1.168931862945758,-0.2098214532051461,0.8583910098607266,1.4536384786628522,-0.667932401101357,0.3381581515151532,-2.388651526432724
33.0,169.0,999.9854736328124,-0.5829071982660743,0.5938449731229305,4.052969306157664,-1.168923804645459,-0.2098230645946781,0.85838952677181,1.4536342832907012,-0.6679330212206605,0.3381650500633002,-2.388643845778672
33.0,169.0,999.9854736328124,-0.5829095726843958,0.5938407385559428,4.052971954665734,-1.1689341525171448,-0.209820247370847,0.8583868209768948,1.4536418738817725,-0.6679298274476588,0.3381583928375686,-2.388650999240728
33.0,169.0,999.9854125976562,-0.5829100751635394,0.5938476280285112,4.0529673532464745,-1.1689307375966438,-0.2098200484741292,0.8583837688255445,1.453634020763812,-0.667930186750664,0.3381546992962994,-2.3886517699105085
33.0,169.0,999.9854125976562,-0.5829100681240824,0.5938456765182334,4.052969274383969,-1.1689332759884987,-0.2098209617938327,0.8583825058052259,1.4536375603755474,-0.6679303053496808,0.338157951095801,-2.3886492853262418
33.0,169.0,999.9854736328124,-0.5829137736605352,0.5938444058658412,4.052969872509909,-1.1689348985154933,-0.2098161165663512,0.858386272324454,1.4536341886582802,-0.6679319963189352,0.3381573117470147,-2.3886544254390083
33.0,169.0,999.9854125976562,-0.5829098110707651,0.5938424344959188,4.052967700342922,-1.1689340197207023,-0.2098209492703437,0.8583875615235144,1.4536415851907076,-0.6679289928054075,0.3381543218562779,-2.3886531144276835
33.0,169.0,999.9854125976562,-0.5829095912944267,0.5938460000806911,4.052968302634829,-1.1689292857165583,-0.2098203361913579,0.8583858282352903,1.453633626359112,-0.6679317933515616,0.3381569036183371,-2.388649908606848
33.0,169.0,999.9854125976562,-0.5829083286359023,0.5938429914468362,4.052969750829666,-1.1689276088161824,-0.209821789504347,0.8583877389542769,1.453635512111461,-0.6679292388258498,0.338161579608176,-2.3886467668245155
33.0,169.0,999.9854736328124,-0.582908315466339,0.5938364726323808,4.052966911526594,-1.1689218542862916,-0.2098219623189905,0.8583980305806707,1.4536316359405728,-0.6679333976108337,0.3381608434691507,-2.388647879782237
33.0,169.0,999.9854125976562,-0.5829087331506964,0.5938436902926645,4.052969387091823,-1.1689274507897056,-0.2098199292101972,0.8583898443253428,1.4536331330359609,-0.6679329909130951,0.3381574499636564,-2.388652233254627
33.0,169.0,999.9854125976562,-0.582907726887834,0.5938431441529355,4.052967908674907,-1.168925345477649,-0.2098221326248337,0.8583891147660596,1.4536340246089008,-0.667931358047336,0.3381620073938247,-2.3886463715820616
33.0,169.0,999.9854125976562,-0.5829076798980068,0.5938404117607945,4.05297051304596,-1.1689275600606424,-0.209821713372114,0.8583913031801487,1.453635672254431,-0.6679319112536026,0.3381615227801768,-2.3886457164473
33.0,169.0,999.9854125976562,-0.5829093460172396,0.5938416178402219,4.052967900981471,-1.16892803086867,-0.2098216172350495,0.8583898148066798,1.4536348322165606,-0.6679315195619742,0.3381570621749787,-2.388653151886704
33.0,169.0,999.9854125976562,-0.5829111423812021,0.5938417281242927,4.052967273692527,-1.168937990894396,-0.2098188783213892,0.8583862980719843,1.4536387175801018,-0.6679299581983047,0.3381527562499551,-2.3886556633371887
33.0,169.0,999.9854125976562,-0.5829098067737242,0.5938418869161852,4.052969926076772,-1.168932962879614,-0.2098200096625611,0.8583881816774657,1.4536382420763443,-0.6679309183147435,0.3381584980015013,-2.3886515618888686
33.0,169.0,999.9854125976562,-0.5829103778848639,0.5938422112375878,4.052969555587008,-1.1689317202119307,-0.2098178053476322,0.8583889493228556,1.4536322108663455,-0.6679313620737739,0.33815856587628,-2.388654943244448
33.0,169.0,999.9854125976562,-0.5829118325315878,0.59384640490447,4.052967050494216,-1.1689325379039062,-0.2098197125543865,0.858382201093356,1.4536331260337922,-0.6679299508821508,0.3381551993224949,-2.3886558237539064
33.0,169.0,999.9854125976562,-0.582910623671121,0.5938468418117644,4.052966727923948,-1.1689308335329516,-0.2098195639844329,0.8583868100677208,1.4536382508312071,-0.6679286617520228,0.3381589475138593,-2.3886497070908383
33.0,169.0,999.9854736328124,-0.5829131705692623,0.5938446931100403,4.052967470625422,-1.168936521862003,-0.2098168929607489,0.8583832583827427,1.453636761022448,-0.6679289803960016,0.3381547199746206,-2.388654511016397
33.0,169.0,999.9854125976562,-0.5829118836340133,0.5938498672774228,4.052970448674158,-1.168936906297866,-0.2098198975170184,0.8583785078401176,1.45364085488022,-0.6679286995677023,0.3381564304744353,-2.388653206682445
33.0,169.0,999.9854125976562,-0.5829087949499652,0.593845034287007,4.052970508118444,-1.168928547894443,-0.2098224476814145,0.8583875328920989,1.4536368905675996,-0.6679312072480235,0.3381572322704009,-2.38865210320905
33.0,169.0,999.9854125976562,-0.5829084092747854,0.5938428240466642,4.0529676298032165,-1.1689301752317238,-0.2098215715815623,0.8583872038411187,1.4536343144652184,-0.667930122129043,0.3381575164245607,-2.388652078505048
33.0,169.0,999.9854125976562,-0.5829095859804241,0.5938406331269919,4.052968176709722,-1.168931503145088,-0.2098209076946222,0.8583892540233515,1.4536378364109872,-0.6679300194485567,0.3381580775888668,-2.388651822241826
33.0,169.0,999.9854125976562,-0.5829091460442974,0.5938427161815163,4.052967983914659,-1.168932720350056,-0.2098206485035323,0.8583868792050344,1.4536381128011753,-0.6679303655655904,0.3381568038581397,-2.3886493022307667
33.0,169.0,999.9854125976562,-0.5829102950702261,0.5938428858825704,4.052967843380422,-1.1689345573594268,-0.2098205921430471,0.8583856818133491,1.453640637527366,-0.6679287680216106,0.338155448232774,-2.3886515656416583
33.0,169.0,999.9854736328124,-0.5829132984414827,0.5938489709740846,4.052970789807306,-1.1689431320605124,-0.2098171771984027,0.8583788437065039,1.4536445838197327,-0.6679304958069672,0.3381497692766686,-2.3886588798555053
33.0,169.0,999.9854125976562,-0.5829060123603016,0.593836560380093,4.052975365620428,-1.1689241200480105,-0.2098240630418342,0.8583930784502982,1.4536335827633824,-0.667932516673071,0.3381671997029043,-2.3886453038692568
33.0,169.0,999.9854125976562,-0.5829130777597538,0.5938459034936212,4.05296736459896,-1.1689350907835565,-0.2098175064283491,0.8583867499397568,1.4536367382243451,-0.6679312578242138,0.3381519127861487,-2.388658390783621
33.0,169.0,999.9854125976562,-0.5829096502875846,0.5938480877049717,4.052969470781729,-1.1689296632689905,-0.2098215599325366,0.858383474204917,1.453637234407954,-0.6679297083303197,0.3381598485675932,-2.388647974585024
33.0,169.0,999.9854736328124,-0.5829101283680114,0.5938423363521537,4.052960540582697,-1.1689345906917756,-0.2098177857015342,0.858389327678375,1.4536407086056204,-0.6679272886357959,0.3381500429679462,-2.388652960588268
33.0,169.0,999.9854125976562,-0.5829095379166924,0.5938397726318092,4.052970797904784,-1.1689298783720163,-0.2098216385974236,0.8583895757878643,1.4536353100896786,-0.6679303409240527,0.3381610256267029,-2.3886518878919483
33.0,169.0,999.9854125976562,-0.5829102996672404,0.5938429846851196,4.052965962505466,-1.168929693179205,-0.2098191325018907,0.8583894703774142,1.4536324541820091,-0.6679318446519016,0.3381524100688811,-2.388655679076128
33.0,169.0,999.9854125976562,-0.582909041073064,0.5938445933394902,4.052968789229926,-1.1689255048636489,-0.2098215543503538,0.8583868715352221,1.4536343138395118,-0.6679296269553987,0.3381631023521461,-2.3886459364569825
33.0,169.0,999.9854125976562,-0.5829079981854441,0.5938425890157886,4.052973456056153,-1.1689276399711497,-0.2098214250319978,0.858391003394015,1.4536369956328965,-0.6679333548877482,0.3381645668113116,-2.388645873925591
33.0,169.0,999.9854125976562,-0.5829084140763445,0.5938444865442216,4.05297108878584,-1.1689329074348676,-0.2098213018969499,0.8583852301539547,1.4536410024667887,-0.6679290052054352,0.3381607125347718,-2.388648647023889
33.0,169.0,999.9854125976562,-0.5829074859759968,0.5938408413543153,4.052968638928359,-1.168925908185832,-0.2098230076696214,0.8583912672834142,1.453634993209235,-0.6679324347880335,0.3381608337132249,-2.38864655182546
33.0,169.0,999.9854125976562,-0.5829115473700694,0.5938460139440576,4.052964850885889,-1.1689304439558108,-0.2098181028479713,0.8583879471064835,1.4536323913428353,-0.6679312727921927,0.3381554674145794,-2.388653491124757
33.0,169.0,999.9854125976562,-0.5829092241329645,0.5938400562597561,4.052970043100826,-1.1689299670784257,-0.2098208585628489,0.8583913745644365,1.4536382003045911,-0.6679327064800109,0.3381604247301695,-2.3886479785911208
33.0,170.0,999.9854125976562,-0.5829080301043197,0.5938441512901438,4.052970804960252,-1.1689270072208364,-0.2098229107810407,0.8583898767830913,1.4536378131821293,-0.667931716988269,0.3381640396235665,-2.388644091190637
33.0,170.0,999.9854125976562,-0.582910921723645,0.5938468438107751,4.052966354518876,-1.1689291290153667,-0.2098202126618344,0.8583835048482102,1.453632280737395,-0.6679292895314459,0.3381567170107979,-2.38865287793681
33.0,170.0,999.9854736328124,-0.5829062029904666,0.593836395699153,4.05297521198278,-1.1689233558286762,-0.2098249695370118,0.858397728953082,1.4536373324926135,-0.6679363998723336,0.3381654810396544,-2.388640778647529
33.0,170.0,999.9854736328124,-0.5829091291420498,0.5938388910109431,4.052967150645566,-1.1689261358208451,-0.2098195689170978,0.8583933887557249,1.4536333021051293,-0.6679328121856791,0.3381615336939569,-2.3886469840640108
33.0,170.0,999.9854125976562,-0.5829077021455049,0.5938421964434575,4.052971850597512,-1.1689311000567084,-0.2098226586127021,0.8583871230336735,1.45364161511141,-0.6679292513426649,0.3381610531502401,-2.388646284542853
33.0,170.0,999.9854125976562,-0.582909926206022,0.5938419474242105,4.052971420175801,-1.168932870690222,-0.2098210720918212,0.8583868850100913,1.453638483856321,-0.6679319996604036,0.3381580283910708,-2.388651744867325
33.0,170.0,999.9854736328124,-0.5829093102984935,0.5938401568646867,4.052971847942793,-1.1689321136429394,-0.2098221931961754,0.8583863450100884,1.4536405622367097,-0.6679298442439077,0.3381580547510046,-2.3886512453787203
33.0,170.0,999.9854736328124,-0.5829102107186133,0.5938450663850912,4.052964011930246,-1.1689338308235508,-0.2098190051254942,0.8583842931100971,1.4536381434228964,-0.6679286246445066,0.3381533882382284,-2.388653436662032
33.0,170.0,999.9854125976562,-0.5829092924358914,0.593841125737729,4.0529671244572505,-1.1689300210327196,-0.2098199465649806,0.8583923780187774,1.4536351596033086,-0.6679319210208412,0.3381551813859733,-2.3886527196902003
33.0,170.0,999.9854125976562,-0.5829096201509207,0.5938454267090378,4.05296790881671,-1.168928026857381,-0.2098199477678166,0.8583878847484936,1.4536299579781904,-0.6679311170747155,0.3381597506681357,-2.388650344920144
33.0,170.0,999.9854125976562,-0.5829115196642194,0.5938448183503571,4.05296804846466,-1.1689363929749534,-0.2098177083492975,0.8583836386790686,1.453637655776726,-0.6679287530701323,0.3381553541021622,-2.3886563076135663
33.0,170.0,999.9854125976562,-0.582908210720384,0.5938390242467362,4.052972765647283,-1.168931862945758,-0.2098214532051461,0.8583910098607266,1.4536384786628522,-0.667932401101357,0.3381581515151532,-2.388651526432724
33.0,170.0,999.9854736328124,-0.5829071982660743,0.5938449731229305,4.052969306157664,-1.168923804645459,-0.2098230645946781,0.85838952677181,1.4536342832907012,-0.6679330212206605,0.3381650500633002,-2.388643845778672
33.0,170.0,999.9854736328124,-0.5829095726843958,0.5938407385559428,4.052971954665734,-1.1689341525171448,-0.209820247370847,0.8583868209768948,1.4536418738817725,-0.6679298274476588,0.3381583928375686,-2.388650999240728
33.0,170.0,999.9854125976562,-0.5829100751635394,0.5938476280285112,4.0529673532464745,-1.1689307375966438,-0.2098200484741292,0.8583837688255445,1.453634020763812,-0.667930186750664,0.3381546992962994,-2.3886517699105085
33.0,170.0,999.9854125976562,-0.5829100681240824,0.5938456765182334,4.052969274383969,-1.1689332759884987,-0.2098209617938327,0.8583825058052259,1.4536375603755474,-0.6679303053496808,0.338157951095801,-2.3886492853262418
33.0,170.0,999.9854736328124,-0.5829137736605352,0.5938444058658412,4.052969872509909,-1.1689348985154933,-0.2098161165663512,0.858386272324454,1.4536341886582802,-0.6679319963189352,0.3381573117470147,-2.3886544254390083
33.0,170.0,999.9854125976562,-0.5829098110707651,0.5938424344959188,4.052967700342922,-1.1689340197207023,-0.2098209492703437,0.8583875615235144,1.4536415851907076,-0.6679289928054075,0.3381543218562779,-2.3886531144276835
33.0,170.0,999.9854125976562,-0.5829095912944267,0.5938460000806911,4.052968302634829,-1.1689292857165583,-0.2098203361913579,0.8583858282352903,1.453633626359112,-0.6679317933515616,0.3381569036183371,-2.388649908606848
33.0,170.0,999.9854125976562,-0.5829083286359023,0.5938429914468362,4.052969750829666,-1.1689276088161824,-0.209821789504347,0.8583877389542769,1.453635512111461,-0.6679292388258498,0.338161579608176,-2.3886467668245155
33.0,170.0,999.9854736328124,-0.582908315466339,0.5938364726323808,4.052966911526594,-1.1689218542862916,-0.2098219623189905,0.8583980305806707,1.4536316359405728,-0.6679333976108337,0.3381608434691507,-2.388647879782237
33.0,170.0,999.9854125976562,-0.5829087331506964,0.5938436902926645,4.052969387091823,-1.1689274507897056,-0.2098199292101972,0.8583898443253428,1.4536331330359609,-0.6679329909130951,0.3381574499636564,-2.388652233254627
33.0,170.0,999.9854125976562,-0.582907726887834,0.5938431441529355,4.052967908674907,-1.168925345477649,-0.2098221326248337,0.8583891147660596,1.4536340246089008,-0.667931358047336,0.3381620073938247,-2.3886463715820616
33.0,170.0,999.9854125976562,-0.5829076798980068,0.5938404117607945,4.05297051304596,-1.1689275600606424,-0.209821713372114,0.8583913031801487,1.453635672254431,-0.6679319112536026,0.3381615227801768,-2.3886457164473
33.0,170.0,999.9854125976562,-0.5829093460172396,0.5938416178402219,4.052967900981471,-1.16892803086867,-0.2098216172350495,0.8583898148066798,1.4536348322165606,-0.6679315195619742,0.3381570621749787,-2.388653151886704
33.0,170.0,999.9854125976562,-0.5829111423812021,0.5938417281242927,4.052967273692527,-1.168937990894396,-0.2098188783213892,0.8583862980719843,1.4536387175801018,-0.6679299581983047,0.3381527562499551,-2.3886556633371887
33.0,170.0,999.9854125976562,-0.5829098067737242,0.5938418869161852,4.052969926076772,-1.168932962879614,-0.2098200096625611,0.8583881816774657,1.4536382420763443,-0.6679309183147435,0.3381584980015013,-2.3886515618888686
33.0,170.0,999.9854125976562,-0.5829103778848639,0.5938422112375878,4.052969555587008,-1.1689317202119307,-0.2098178053476322,0.8583889493228556,1.4536322108663455,-0.6679313620737739,0.33815856587628,-2.388654943244448
33.0,170.0,999.9854125976562,-0.5829118325315878,0.59384640490447,4.052967050494216,-1.1689325379039062,-0.2098197125543865,0.858382201093356,1.4536331260337922,-0.6679299508821508,0.3381551993224949,-2.3886558237539064
33.0,170.0,999.9854125976562,-0.582910623671121,0.5938468418117644,4.052966727923948,-1.1689308335329516,-0.2098195639844329,0.8583868100677208,1.4536382508312071,-0.6679286617520228,0.3381589475138593,-2.3886497070908383
33.0,170.0,999.9854736328124,-0.5829131705692623,0.5938446931100403,4.052967470625422,-1.168936521862003,-0.2098168929607489,0.8583832583827427,1.453636761022448,-0.6679289803960016,0.3381547199746206,-2.388654511016397
33.0,170.0,999.9854125976562,-0.5829118836340133,0.5938498672774228,4.052970448674158,-1.168936906297866,-0.2098198975170184,0.8583785078401176,1.45364085488022,-0.6679286995677023,0.3381564304744353,-2.388653206682445
33.0,170.0,999.9854125976562,-0.5829087949499652,0.593845034287007,4.052970508118444,-1.168928547894443,-0.2098224476814145,0.8583875328920989,1.4536368905675996,-0.6679312072480235,0.3381572322704009,-2.38865210320905
33.0,170.0,999.9854125976562,-0.5829084092747854,0.5938428240466642,4.0529676298032165,-1.1689301752317238,-0.2098215715815623,0.8583872038411187,1.4536343144652184,-0.667930122129043,0.3381575164245607,-2.388652078505048
33.0,170.0,999.9854125976562,-0.5829095859804241,0.5938406331269919,4.052968176709722,-1.168931503145088,-0.2098209076946222,0.8583892540233515,1.4536378364109872,-0.6679300194485567,0.3381580775888668,-2.388651822241826
33.0,170.0,999.9854125976562,-0.5829091460442974,0.5938427161815163,4.052967983914659,-1.168932720350056,-0.2098206485035323,0.8583868792050344,1.4536381128011753,-0.6679303655655904,0.3381568038581397,-2.3886493022307667
33.0,170.0,999.9854125976562,-0.5829102950702261,0.5938428858825704,4.052967843380422,-1.1689345573594268,-0.2098205921430471,0.8583856818133491,1.453640637527366,-0.6679287680216106,0.338155448232774,-2.3886515656416583
33.0,170.0,999.9854736328124,-0.5829132984414827,0.5938489709740846,4.052970789807306,-1.1689431320605124,-0.2098171771984027,0.8583788437065039,1.4536445838197327,-0.6679304958069672,0.3381497692766686,-2.3886588798555053
33.0,170.0,999.9854125976562,-0.5829060123603016,0.593836560380093,4.052975365620428,-1.1689241200480105,-0.2098240630418342,0.8583930784502982,1.4536335827633824,-0.667932516673071,0.3381671997029043,-2.3886453038692568
33.0,170.0,999.9854125976562,-0.5829130777597538,0.5938459034936212,4.05296736459896,-1.1689350907835565,-0.2098175064283491,0.8583867499397568,1.4536367382243451,-0.6679312578242138,0.3381519127861487,-2.388658390783621
33.0,170.0,999.9854125976562,-0.5829096502875846,0.5938480877049717,4.052969470781729,-1.1689296632689905,-0.2098215599325366,0.858383474204917,1.453637234407954,-0.6679297083303197,0.3381598485675932,-2.388647974585024
33.0,170.0,999.9854736328124,-0.5829101283680114,0.5938423363521537,4.052960540582697,-1.1689345906917756,-0.2098177857015342,0.858389327678375,1.4536407086056204,-0.6679272886357959,0.3381500429679462,-2.388652960588268
33.0,170.0,999.9854125976562,-0.5829095379166924,0.5938397726318092,4.052970797904784,-1.1689298783720163,-0.2098216385974236,0.8583895757878643,1.4536353100896786,-0.6679303409240527,0.3381610256267029,-2.3886518878919483
33.0,170.0,999.9854125976562,-0.5829102996672404,0.5938429846851196,4.052965962505466,-1.168929693179205,-0.2098191325018907,0.8583894703774142,1.4536324541820091,-0.6679318446519016,0.3381524100688811,-2.388655679076128
33.0,170.0,999.9854125976562,-0.582909041073064,0.5938445933394902,4.052968789229926,-1.1689255048636489,-0.2098215543503538,0.8583868715352221,1.4536343138395118,-0.6679296269553987,0.3381631023521461,-2.3886459364569825
33.0,170.0,999.9854125976562,-0.5829079981854441,0.5938425890157886,4.052973456056153,-1.1689276399711497,-0.2098214250319978,0.858391003394015,1.4536369956328965,-0.6679333548877482,0.3381645668113116,-2.388645873925591
33.0,170.0,999.9854125976562,-0.5829084140763445,0.5938444865442216,4.05297108878584,-1.1689329074348676,-0.2098213018969499,0.8583852301539547,1.4536410024667887,-0.6679290052054352,0.3381607125347718,-2.388648647023889
33.0,170.0,999.9854125976562,-0.5829074859759968,0.5938408413543153,4.052968638928359,-1.168925908185832,-0.2098230076696214,0.8583912672834142,1.453634993209235,-0.6679324347880335,0.3381608337132249,-2.38864655182546
33.0,170.0,999.9854125976562,-0.5829115473700694,0.5938460139440576,4.052964850885889,-1.1689304439558108,-0.2098181028479713,0.8583879471064835,1.4536323913428353,-0.6679312727921927,0.3381554674145794,-2.388653491124757
33.0,170.0,999.9854125976562,-0.5829092241329645,0.5938400562597561,4.052970043100826,-1.1689299670784257,-0.2098208585628489,0.8583913745644365,1.4536382003045911,-0.6679327064800109,0.3381604247301695,-2.3886479785911208
33.0,171.0,999.9854125976562,-0.5829080301043197,0.5938441512901438,4.052970804960252,-1.1689270072208364,-0.2098229107810407,0.8583898767830913,1.4536378131821293,-0.667931716988269,0.3381640396235665,-2.388644091190637
33.0,171.0,999.9854125976562,-0.582910921723645,0.5938468438107751,4.052966354518876,-1.1689291290153667,-0.2098202126618344,0.8583835048482102,1.453632280737395,-0.6679292895314459,0.3381567170107979,-2.38865287793681
33.0,171.0,999.9854736328124,-0.5829062029904666,0.593836395699153,4.05297521198278,-1.1689233558286762,-0.2098249695370118,0.858397728953082,1.4536373324926135,-0.6679363998723336,0.3381654810396544,-2.388640778647529
33.0,171.0,999.9854736328124,-0.5829091291420498,0.5938388910109431,4.052967150645566,-1.1689261358208451,-0.2098195689170978,0.8583933887557249,1.4536333021051293,-0.6679328121856791,0.3381615336939569,-2.3886469840640108
33.0,171.0,999.9854125976562,-0.5829077021455049,0.5938421964434575,4.052971850597512,-1.1689311000567084,-0.2098226586127021,0.8583871230336735,1.45364161511141,-0.6679292513426649,0.3381610531502401,-2.388646284542853
33.0,171.0,999.9854125976562,-0.582909926206022,0.5938419474242105,4.052971420175801,-1.168932870690222,-0.2098210720918212,0.8583868850100913,1.453638483856321,-0.6679319996604036,0.3381580283910708,-2.388651744867325
33.0,171.0,999.9854736328124,-0.5829093102984935,0.5938401568646867,4.052971847942793,-1.1689321136429394,-0.2098221931961754,0.8583863450100884,1.4536405622367097,-0.6679298442439077,0.3381580547510046,-2.3886512453787203
33.0,171.0,999.9854736328124,-0.5829102107186133,0.5938450663850912,4.052964011930246,-1.1689338308235508,-0.2098190051254942,0.8583842931100971,1.4536381434228964,-0.6679286246445066,0.3381533882382284,-2.388653436662032
33.0,171.0,999.9854125976562,-0.5829092924358914,0.593841125737729,4.0529671244572505,-1.1689300210327196,-0.2098199465649806,0.8583923780187774,1.4536351596033086,-0.6679319210208412,0.3381551813859733,-2.3886527196902003
33.0,171.0,999.9854125976562,-0.5829096201509207,0.5938454267090378,4.05296790881671,-1.168928026857381,-0.2098199477678166,0.8583878847484936,1.4536299579781904,-0.6679311170747155,0.3381597506681357,-2.388650344920144
33.0,171.0,999.9854125976562,-0.5829115196642194,0.5938448183503571,4.05296804846466,-1.1689363929749534,-0.2098177083492975,0.8583836386790686,1.453637655776726,-0.6679287530701323,0.3381553541021622,-2.3886563076135663
33.0,171.0,999.9854125976562,-0.582908210720384,0.5938390242467362,4.052972765647283,-1.168931862945758,-0.2098214532051461,0.8583910098607266,1.4536384786628522,-0.667932401101357,0.3381581515151532,-2.388651526432724
33.0,171.0,999.9854736328124,-0.5829071982660743,0.5938449731229305,4.052969306157664,-1.168923804645459,-0.2098230645946781,0.85838952677181,1.4536342832907012,-0.6679330212206605,0.3381650500633002,-2.388643845778672
33.0,171.0,999.9854736328124,-0.5829095726843958,0.5938407385559428,4.052971954665734,-1.1689341525171448,-0.209820247370847,0.8583868209768948,1.4536418738817725,-0.6679298274476588,0.3381583928375686,-2.388650999240728
33.0,171.0,999.9854125976562,-0.5829100751635394,0.5938476280285112,4.0529673532464745,-1.1689307375966438,-0.2098200484741292,0.8583837688255445,1.453634020763812,-0.667930186750664,0.3381546992962994,-2.3886517699105085
33.0,171.0,999.9854125976562,-0.5829100681240824,0.5938456765182334,4.052969274383969,-1.1689332759884987,-0.2098209617938327,0.8583825058052259,1.4536375603755474,-0.6679303053496808,0.338157951095801,-2.3886492853262418
33.0,171.0,999.9854736328124,-0.5829137736605352,0.5938444058658412,4.052969872509909,-1.1689348985154933,-0.2098161165663512,0.858386272324454,1.4536341886582802,-0.6679319963189352,0.3381573117470147,-2.3886544254390083
33.0,171.0,999.9854125976562,-0.5829098110707651,0.5938424344959188,4.052967700342922,-1.1689340197207023,-0.2098209492703437,0.8583875615235144,1.4536415851907076,-0.6679289928054075,0.3381543218562779,-2.3886531144276835
33.0,171.0,999.9854125976562,-0.5829095912944267,0.5938460000806911,4.052968302634829,-1.1689292857165583,-0.2098203361913579,0.8583858282352903,1.453633626359112,-0.6679317933515616,0.3381569036183371,-2.388649908606848
33.0,171.0,999.9854125976562,-0.5829083286359023,0.5938429914468362,4.052969750829666,-1.1689276088161824,-0.209821789504347,0.8583877389542769,1.453635512111461,-0.6679292388258498,0.338161579608176,-2.3886467668245155
33.0,171.0,999.9854736328124,-0.582908315466339,0.5938364726323808,4.052966911526594,-1.1689218542862916,-0.2098219623189905,0.8583980305806707,1.4536316359405728,-0.6679333976108337,0.3381608434691507,-2.388647879782237
33.0,171.0,999.9854125976562,-0.5829087331506964,0.5938436902926645,4.052969387091823,-1.1689274507897056,-0.2098199292101972,0.8583898443253428,1.4536331330359609,-0.6679329909130951,0.3381574499636564,-2.388652233254627
33.0,171.0,999.9854125976562,-0.582907726887834,0.5938431441529355,4.052967908674907,-1.168925345477649,-0.2098221326248337,0.8583891147660596,1.4536340246089008,-0.667931358047336,0.3381620073938247,-2.3886463715820616
33.0,171.0,999.9854125976562,-0.5829076798980068,0.5938404117607945,4.05297051304596,-1.1689275600606424,-0.209821713372114,0.8583913031801487,1.453635672254431,-0.6679319112536026,0.3381615227801768,-2.3886457164473
33.0,171.0,999.9854125976562,-0.5829093460172396,0.5938416178402219,4.052967900981471,-1.16892803086867,-0.2098216172350495,0.8583898148066798,1.4536348322165606,-0.6679315195619742,0.3381570621749787,-2.388653151886704
33.0,171.0,999.9854125976562,-0.5829111423812021,0.5938417281242927,4.052967273692527,-1.168937990894396,-0.2098188783213892,0.8583862980719843,1.4536387175801018,-0.6679299581983047,0.3381527562499551,-2.3886556633371887
33.0,171.0,999.9854125976562,-0.5829098067737242,0.5938418869161852,4.052969926076772,-1.168932962879614,-0.2098200096625611,0.8583881816774657,1.4536382420763443,-0.6679309183147435,0.3381584980015013,-2.3886515618888686
33.0,171.0,999.9854125976562,-0.5829103778848639,0.5938422112375878,4.052969555587008,-1.1689317202119307,-0.2098178053476322,0.8583889493228556,1.4536322108663455,-0.6679313620737739,0.33815856587628,-2.388654943244448
33.0,171.0,999.9854125976562,-0.5829118325315878,0.59384640490447,4.052967050494216,-1.1689325379039062,-0.2098197125543865,0.858382201093356,1.4536331260337922,-0.6679299508821508,0.3381551993224949,-2.3886558237539064
33.0,171.0,999.9854125976562,-0.582910623671121,0.5938468418117644,4.052966727923948,-1.1689308335329516,-0.2098195639844329,0.8583868100677208,1.4536382508312071,-0.6679286617520228,0.3381589475138593,-2.3886497070908383
33.0,171.0,999.9854736328124,-0.5829131705692623,0.5938446931100403,4.052967470625422,-1.168936521862003,-0.2098168929607489,0.8583832583827427,1.453636761022448,-0.6679289803960016,0.3381547199746206,-2.388654511016397
33.0,171.0,999.9854125976562,-0.5829118836340133,0.5938498672774228,4.052970448674158,-1.168936906297866,-0.2098198975170184,0.8583785078401176,1.45364085488022,-0.6679286995677023,0.3381564304744353,-2.388653206682445
33.0,171.0,999.9854125976562,-0.5829087949499652,0.593845034287007,4.052970508118444,-1.168928547894443,-0.2098224476814145,0.8583875328920989,1.4536368905675996,-0.6679312072480235,0.3381572322704009,-2.38865210320905
33.0,171.0,999.9854125976562,-0.5829084092747854,0.5938428240466642,4.0529676298032165,-1.1689301752317238,-0.2098215715815623,0.8583872038411187,1.4536343144652184,-0.667930122129043,0.3381575164245607,-2.388652078505048
33.0,171.0,999.9854125976562,-0.5829095859804241,0.5938406331269919,4.052968176709722,-1.168931503145088,-0.2098209076946222,0.8583892540233515,1.4536378364109872,-0.6679300194485567,0.3381580775888668,-2.388651822241826
33.0,171.0,999.9854125976562,-0.5829091460442974,0.5938427161815163,4.052967983914659,-1.168932720350056,-0.2098206485035323,0.8583868792050344,1.4536381128011753,-0.6679303655655904,0.3381568038581397,-2.3886493022307667
33.0,171.0,999.9854125976562,-0.5829102950702261,0.5938428858825704,4.052967843380422,-1.1689345573594268,-0.2098205921430471,0.8583856818133491,1.453640637527366,-0.6679287680216106,0.338155448232774,-2.3886515656416583
33.0,171.0,999.9854736328124,-0.5829132984414827,0.5938489709740846,4.052970789807306,-1.1689431320605124,-0.2098171771984027,0.8583788437065039,1.4536445838197327,-0.6679304958069672,0.3381497692766686,-2.3886588798555053
33.0,171.0,999.9854125976562,-0.5829060123603016,0.593836560380093,4.052975365620428,-1.1689241200480105,-0.2098240630418342,0.8583930784502982,1.4536335827633824,-0.667932516673071,0.3381671997029043,-2.3886453038692568
33.0,171.0,999.9854125976562,-0.5829130777597538,0.5938459034936212,4.05296736459896,-1.1689350907835565,-0.2098175064283491,0.8583867499397568,1.4536367382243451,-0.6679312578242138,0.3381519127861487,-2.388658390783621
33.0,171.0,999.9854125976562,-0.5829096502875846,0.5938480877049717,4.052969470781729,-1.1689296632689905,-0.2098215599325366,0.858383474204917,1.453637234407954,-0.6679297083303197,0.3381598485675932,-2.388647974585024
33.0,171.0,999.9854736328124,-0.5829101283680114,0.5938423363521537,4.052960540582697,-1.1689345906917756,-0.2098177857015342,0.858389327678375,1.4536407086056204,-0.6679272886357959,0.3381500429679462,-2.388652960588268
33.0,171.0,999.9854125976562,-0.5829095379166924,0.5938397726318092,4.052970797904784,-1.1689298783720163,-0.2098216385974236,0.8583895757878643,1.4536353100896786,-0.6679303409240527,0.3381610256267029,-2.3886518878919483
33.0,171.0,999.9854125976562,-0.5829102996672404,0.5938429846851196,4.052965962505466,-1.168929693179205,-0.2098191325018907,0.8583894703774142,1.4536324541820091,-0.6679318446519016,0.3381524100688811,-2.388655679076128
33.0,171.0,999.9854125976562,-0.582909041073064,0.5938445933394902,4.052968789229926,-1.1689255048636489,-0.2098215543503538,0.8583868715352221,1.4536343138395118,-0.6679296269553987,0.3381631023521461,-2.3886459364569825
33.0,171.0,999.9854125976562,-0.5829079981854441,0.5938425890157886,4.052973456056153,-1.1689276399711497,-0.2098214250319978,0.858391003394015,1.4536369956328965,-0.6679333548877482,0.3381645668113116,-2.388645873925591
33.0,171.0,999.9854125976562,-0.5829084140763445,0.5938444865442216,4.05297108878584,-1.1689329074348676,-0.2098213018969499,0.8583852301539547,1.4536410024667887,-0.6679290052054352,0.3381607125347718,-2.388648647023889
33.0,171.0,999.9854125976562,-0.5829074859759968,0.5938408413543153,4.052968638928359,-1.168925908185832,-0.2098230076696214,0.8583912672834142,1.453634993209235,-0.6679324347880335,0.3381608337132249,-2.38864655182546
33.0,171.0,999.9854125976562,-0.5829115473700694,0.5938460139440576,4.052964850885889,-1.1689304439558108,-0.2098181028479713,0.8583879471064835,1.4536323913428353,-0.6679312727921927,0.3381554674145794,-2.388653491124757
33.0,171.0,999.9854125976562,-0.5829092241329645,0.5938400562597561,4.052970043100826,-1.1689299670784257,-0.2098208585628489,0.8583913745644365,1.4536382003045911,-0.6679327064800109,0.3381604247301695,-2.3886479785911208
33.0,172.0,999.9854125976562,-0.5829080301043197,0.5938441512901438,4.052970804960252,-1.1689270072208364,-0.2098229107810407,0.8583898767830913,1.4536378131821293,-0.667931716988269,0.3381640396235665,-2.388644091190637
33.0,172.0,999.9854125976562,-0.582910921723645,0.5938468438107751,4.052966354518876,-1.1689291290153667,-0.2098202126618344,0.8583835048482102,1.453632280737395,-0.6679292895314459,0.3381567170107979,-2.38865287793681
33.0,172.0,999.9854736328124,-0.5829062029904666,0.593836395699153,4.05297521198278,-1.1689233558286762,-0.2098249695370118,0.858397728953082,1.4536373324926135,-0.6679363998723336,0.3381654810396544,-2.388640778647529
33.0,172.0,999.9854736328124,-0.5829091291420498,0.5938388910109431,4.052967150645566,-1.1689261358208451,-0.2098195689170978,0.8583933887557249,1.4536333021051293,-0.6679328121856791,0.3381615336939569,-2.3886469840640108
33.0,172.0,999.9854125976562,-0.5829077021455049,0.5938421964434575,4.052971850597512,-1.1689311000567084,-0.2098226586127021,0.8583871230336735,1.45364161511141,-0.6679292513426649,0.3381610531502401,-2.388646284542853
33.0,172.0,999.9854125976562,-0.582909926206022,0.5938419474242105,4.052971420175801,-1.168932870690222,-0.2098210720918212,0.8583868850100913,1.453638483856321,-0.6679319996604036,0.3381580283910708,-2.388651744867325
33.0,172.0,999.9854736328124,-0.5829093102984935,0.5938401568646867,4.052971847942793,-1.1689321136429394,-0.2098221931961754,0.8583863450100884,1.4536405622367097,-0.6679298442439077,0.3381580547510046,-2.3886512453787203
33.0,172.0,999.9854736328124,-0.5829102107186133,0.5938450663850912,4.052964011930246,-1.1689338308235508,-0.2098190051254942,0.8583842931100971,1.4536381434228964,-0.6679286246445066,0.3381533882382284,-2.388653436662032
33.0,172.0,999.9854125976562,-0.5829092924358914,0.593841125737729,4.0529671244572505,-1.1689300210327196,-0.2098199465649806,0.8583923780187774,1.4536351596033086,-0.6679319210208412,0.3381551813859733,-2.3886527196902003
33.0,172.0,999.9854125976562,-0.5829096201509207,0.5938454267090378,4.05296790881671,-1.168928026857381,-0.2098199477678166,0.8583878847484936,1.4536299579781904,-0.6679311170747155,0.3381597506681357,-2.388650344920144
33.0,172.0,999.9854125976562,-0.5829115196642194,0.5938448183503571,4.05296804846466,-1.1689363929749534,-0.2098177083492975,0.8583836386790686,1.453637655776726,-0.6679287530701323,0.3381553541021622,-2.3886563076135663
33.0,172.0,999.9854125976562,-0.582908210720384,0.5938390242467362,4.052972765647283,-1.168931862945758,-0.2098214532051461,0.8583910098607266,1.4536384786628522,-0.667932401101357,0.3381581515151532,-2.388651526432724
33.0,172.0,999.9854736328124,-0.5829071982660743,0.5938449731229305,4.052969306157664,-1.168923804645459,-0.2098230645946781,0.85838952677181,1.4536342832907012,-0.6679330212206605,0.3381650500633002,-2.388643845778672
33.0,172.0,999.9854736328124,-0.5829095726843958,0.5938407385559428,4.052971954665734,-1.1689341525171448,-0.209820247370847,0.8583868209768948,1.4536418738817725,-0.6679298274476588,0.3381583928375686,-2.388650999240728
33.0,172.0,999.9854125976562,-0.5829100751635394,0.5938476280285112,4.0529673532464745,-1.1689307375966438,-0.2098200484741292,0.8583837688255445,1.453634020763812,-0.667930186750664,0.3381546992962994,-2.3886517699105085
33.0,172.0,999.9854125976562,-0.5829100681240824,0.5938456765182334,4.052969274383969,-1.1689332759884987,-0.2098209617938327,0.8583825058052259,1.4536375603755474,-0.6679303053496808,0.338157951095801,-2.3886492853262418
33.0,172.0,999.9854736328124,-0.5829137736605352,0.5938444058658412,4.052969872509909,-1.1689348985154933,-0.2098161165663512,0.858386272324454,1.4536341886582802,-0.6679319963189352,0.3381573117470147,-2.3886544254390083
33.0,172.0,999.9854125976562,-0.5829098110707651,0.5938424344959188,4.052967700342922,-1.1689340197207023,-0.2098209492703437,0.8583875615235144,1.4536415851907076,-0.6679289928054075,0.3381543218562779,-2.3886531144276835
33.0,172.0,999.9854125976562,-0.5829095912944267,0.5938460000806911,4.052968302634829,-1.1689292857165583,-0.2098203361913579,0.8583858282352903,1.453633626359112,-0.6679317933515616,0.3381569036183371,-2.388649908606848
33.0,172.0,999.9854125976562,-0.5829083286359023,0.5938429914468362,4.052969750829666,-1.1689276088161824,-0.209821789504347,0.8583877389542769,1.453635512111461,-0.6679292388258498,0.338161579608176,-2.3886467668245155
33.0,172.0,999.9854736328124,-0.582908315466339,0.5938364726323808,4.052966911526594,-1.1689218542862916,-0.2098219623189905,0.8583980305806707,1.4536316359405728,-0.6679333976108337,0.3381608434691507,-2.388647879782237
33.0,172.0,999.9854125976562,-0.5829087331506964,0.5938436902926645,4.052969387091823,-1.1689274507897056,-0.2098199292101972,0.8583898443253428,1.4536331330359609,-0.6679329909130951,0.3381574499636564,-2.388652233254627
33.0,172.0,999.9854125976562,-0.582907726887834,0.5938431441529355,4.052967908674907,-1.168925345477649,-0.2098221326248337,0.8583891147660596,1.4536340246089008,-0.667931358047336,0.3381620073938247,-2.3886463715820616
33.0,172.0,999.9854125976562,-0.5829076798980068,0.5938404117607945,4.05297051304596,-1.1689275600606424,-0.209821713372114,0.8583913031801487,1.453635672254431,-0.6679319112536026,0.3381615227801768,-2.3886457164473
33.0,172.0,999.9854125976562,-0.5829093460172396,0.5938416178402219,4.052967900981471,-1.16892803086867,-0.2098216172350495,0.8583898148066798,1.4536348322165606,-0.6679315195619742,0.3381570621749787,-2.388653151886704
33.0,172.0,999.9854125976562,-0.5829111423812021,0.5938417281242927,4.052967273692527,-1.168937990894396,-0.2098188783213892,0.8583862980719843,1.4536387175801018,-0.6679299581983047,0.3381527562499551,-2.3886556633371887
33.0,172.0,999.9854125976562,-0.5829098067737242,0.5938418869161852,4.052969926076772,-1.168932962879614,-0.2098200096625611,0.8583881816774657,1.4536382420763443,-0.6679309183147435,0.3381584980015013,-2.3886515618888686
33.0,172.0,999.9854125976562,-0.5829103778848639,0.5938422112375878,4.052969555587008,-1.1689317202119307,-0.2098178053476322,0.8583889493228556,1.4536322108663455,-0.6679313620737739,0.33815856587628,-2.388654943244448
33.0,172.0,999.9854125976562,-0.5829118325315878,0.59384640490447,4.052967050494216,-1.1689325379039062,-0.2098197125543865,0.858382201093356,1.4536331260337922,-0.6679299508821508,0.3381551993224949,-2.3886558237539064
33.0,172.0,999.9854125976562,-0.582910623671121,0.5938468418117644,4.052966727923948,-1.1689308335329516,-0.2098195639844329,0.8583868100677208,1.4536382508312071,-0.6679286617520228,0.3381589475138593,-2.3886497070908383
33.0,172.0,999.9854736328124,-0.5829131705692623,0.5938446931100403,4.052967470625422,-1.168936521862003,-0.2098168929607489,0.8583832583827427,1.453636761022448,-0.6679289803960016,0.3381547199746206,-2.388654511016397
33.0,172.0,999.9854125976562,-0.5829118836340133,0.5938498672774228,4.052970448674158,-1.168936906297866,-0.2098198975170184,0.8583785078401176,1.45364085488022,-0.6679286995677023,0.3381564304744353,-2.388653206682445
33.0,172.0,999.9854125976562,-0.5829087949499652,0.593845034287007,4.052970508118444,-1.168928547894443,-0.2098224476814145,0.8583875328920989,1.4536368905675996,-0.6679312072480235,0.3381572322704009,-2.38865210320905
33.0,172.0,999.9854125976562,-0.5829084092747854,0.5938428240466642,4.0529676298032165,-1.1689301752317238,-0.2098215715815623,0.8583872038411187,1.4536343144652184,-0.667930122129043,0.3381575164245607,-2.388652078505048
33.0,172.0,999.9854125976562,-0.5829095859804241,0.5938406331269919,4.052968176709722,-1.168931503145088,-0.2098209076946222,0.8583892540233515,1.4536378364109872,-0.6679300194485567,0.3381580775888668,-2.388651822241826
33.0,172.0,999.9854125976562,-0.5829091460442974,0.5938427161815163,4.052967983914659,-1.168932720350056,-0.2098206485035323,0.8583868792050344,1.4536381128011753,-0.6679303655655904,0.3381568038581397,-2.3886493022307667
33.0,172.0,999.9854125976562,-0.5829102950702261,0.5938428858825704,4.052967843380422,-1.1689345573594268,-0.2098205921430471,0.8583856818133491,1.453640637527366,-0.6679287680216106,0.338155448232774,-2.3886515656416583
33.0,172.0,999.9854736328124,-0.5829132984414827,0.5938489709740846,4.052970789807306,-1.1689431320605124,-0.2098171771984027,0.8583788437065039,1.4536445838197327,-0.6679304958069672,0.3381497692766686,-2.3886588798555053
33.0,172.0,999.9854125976562,-0.5829060123603016,0.593836560380093,4.052975365620428,-1.1689241200480105,-0.2098240630418342,0.8583930784502982,1.4536335827633824,-0.667932516673071,0.3381671997029043,-2.3886453038692568
33.0,172.0,999.9854125976562,-0.5829130777597538,0.5938459034936212,4.05296736459896,-1.1689350907835565,-0.2098175064283491,0.8583867499397568,1.4536367382243451,-0.6679312578242138,0.3381519127861487,-2.388658390783621
33.0,172.0,999.9854125976562,-0.5829096502875846,0.5938480877049717,4.052969470781729,-1.1689296632689905,-0.2098215599325366,0.858383474204917,1.453637234407954,-0.6679297083303197,0.3381598485675932,-2.388647974585024
33.0,172.0,999.9854736328124,-0.5829101283680114,0.5938423363521537,4.052960540582697,-1.1689345906917756,-0.2098177857015342,0.858389327678375,1.4536407086056204,-0.6679272886357959,0.3381500429679462,-2.388652960588268
33.0,172.0,999.9854125976562,-0.5829095379166924,0.5938397726318092,4.052970797904784,-1.1689298783720163,-0.2098216385974236,0.8583895757878643,1.4536353100896786,-0.6679303409240527,0.3381610256267029,-2.3886518878919483
33.0,172.0,999.9854125976562,-0.5829102996672404,0.5938429846851196,4.052965962505466,-1.168929693179205,-0.2098191325018907,0.8583894703774142,1.4536324541820091,-0.6679318446519016,0.3381524100688811,-2.388655679076128
33.0,172.0,999.9854125976562,-0.582909041073064,0.5938445933394902,4.052968789229926,-1.1689255048636489,-0.2098215543503538,0.8583868715352221,1.4536343138395118,-0.6679296269553987,0.3381631023521461,-2.3886459364569825
33.0,172.0,999.9854125976562,-0.5829079981854441,0.5938425890157886,4.052973456056153,-1.1689276399711497,-0.2098214250319978,0.858391003394015,1.4536369956328965,-0.6679333548877482,0.3381645668113116,-2.388645873925591
33.0,172.0,999.9854125976562,-0.5829084140763445,0.5938444865442216,4.05297108878584,-1.1689329074348676,-0.2098213018969499,0.8583852301539547,1.4536410024667887,-0.6679290052054352,0.3381607125347718,-2.388648647023889
33.0,172.0,999.9854125976562,-0.5829074859759968,0.5938408413543153,4.052968638928359,-1.168925908185832,-0.2098230076696214,0.8583912672834142,1.453634993209235,-0.6679324347880335,0.3381608337132249,-2.38864655182546
33.0,172.0,999.9854125976562,-0.5829115473700694,0.5938460139440576,4.052964850885889,-1.1689304439558108,-0.2098181028479713,0.8583879471064835,1.4536323913428353,-0.6679312727921927,0.3381554674145794,-2.388653491124757
33.0,172.0,999.9854125976562,-0.5829092241329645,0.5938400562597561,4.052970043100826,-1.1689299670784257,-0.2098208585628489,0.8583913745644365,1.4536382003045911,-0.6679327064800109,0.3381604247301695,-2.3886479785911208
33.0,173.0,999.9854125976562,-0.5829080301043197,0.5938441512901438,4.052970804960252,-1.1689270072208364,-0.2098229107810407,0.8583898767830913,1.4536378131821293,-0.667931716988269,0.3381640396235665,-2.388644091190637
33.0,173.0,999.9854125976562,-0.582910921723645,0.5938468438107751,4.052966354518876,-1.1689291290153667,-0.2098202126618344,0.8583835048482102,1.453632280737395,-0.6679292895314459,0.3381567170107979,-2.38865287793681
33.0,173.0,999.9854736328124,-0.5829062029904666,0.593836395699153,4.05297521198278,-1.1689233558286762,-0.2098249695370118,0.858397728953082,1.4536373324926135,-0.6679363998723336,0.3381654810396544,-2.388640778647529
33.0,173.0,999.9854736328124,-0.5829091291420498,0.5938388910109431,4.052967150645566,-1.1689261358208451,-0.2098195689170978,0.8583933887557249,1.4536333021051293,-0.6679328121856791,0.3381615336939569,-2.3886469840640108
33.0,173.0,999.9854125976562,-0.5829077021455049,0.5938421964434575,4.052971850597512,-1.1689311000567084,-0.2098226586127021,0.8583871230336735,1.45364161511141,-0.6679292513426649,0.3381610531502401,-2.388646284542853
33.0,173.0,999.9854125976562,-0.582909926206022,0.5938419474242105,4.052971420175801,-1.168932870690222,-0.2098210720918212,0.8583868850100913,1.453638483856321,-0.6679319996604036,0.3381580283910708,-2.388651744867325
33.0,173.0,999.9854736328124,-0.5829093102984935,0.5938401568646867,4.052971847942793,-1.1689321136429394,-0.2098221931961754,0.8583863450100884,1.4536405622367097,-0.6679298442439077,0.3381580547510046,-2.3886512453787203
33.0,173.0,999.9854736328124,-0.5829102107186133,0.5938450663850912,4.052964011930246,-1.1689338308235508,-0.2098190051254942,0.8583842931100971,1.4536381434228964,-0.6679286246445066,0.3381533882382284,-2.388653436662032
33.0,173.0,999.9854125976562,-0.5829092924358914,0.593841125737729,4.0529671244572505,-1.1689300210327196,-0.2098199465649806,0.8583923780187774,1.4536351596033086,-0.6679319210208412,0.3381551813859733,-2.3886527196902003
33.0,173.0,999.9854125976562,-0.5829096201509207,0.5938454267090378,4.05296790881671,-1.168928026857381,-0.2098199477678166,0.8583878847484936,1.4536299579781904,-0.6679311170747155,0.3381597506681357,-2.388650344920144
33.0,173.0,999.9854125976562,-0.5829115196642194,0.5938448183503571,4.05296804846466,-1.1689363929749534,-0.2098177083492975,0.8583836386790686,1.453637655776726,-0.6679287530701323,0.3381553541021622,-2.3886563076135663
33.0,173.0,999.9854125976562,-0.582908210720384,0.5938390242467362,4.052972765647283,-1.168931862945758,-0.2098214532051461,0.8583910098607266,1.4536384786628522,-0.667932401101357,0.3381581515151532,-2.388651526432724
33.0,173.0,999.9854736328124,-0.5829071982660743,0.5938449731229305,4.052969306157664,-1.168923804645459,-0.2098230645946781,0.85838952677181,1.4536342832907012,-0.6679330212206605,0.3381650500633002,-2.388643845778672
33.0,173.0,999.9854736328124,-0.5829095726843958,0.5938407385559428,4.052971954665734,-1.1689341525171448,-0.209820247370847,0.8583868209768948,1.4536418738817725,-0.6679298274476588,0.3381583928375686,-2.388650999240728
33.0,173.0,999.9854125976562,-0.5829100751635394,0.5938476280285112,4.0529673532464745,-1.1689307375966438,-0.2098200484741292,0.8583837688255445,1.453634020763812,-0.667930186750664,0.3381546992962994,-2.3886517699105085
33.0,173.0,999.9854125976562,-0.5829100681240824,0.5938456765182334,4.052969274383969,-1.1689332759884987,-0.2098209617938327,0.8583825058052259,1.4536375603755474,-0.6679303053496808,0.338157951095801,-2.3886492853262418
33.0,173.0,999.9854736328124,-0.5829137736605352,0.5938444058658412,4.052969872509909,-1.1689348985154933,-0.2098161165663512,0.858386272324454,1.4536341886582802,-0.6679319963189352,0.3381573117470147,-2.3886544254390083
33.0,173.0,999.9854125976562,-0.5829098110707651,0.5938424344959188,4.052967700342922,-1.1689340197207023,-0.2098209492703437,0.8583875615235144,1.4536415851907076,-0.6679289928054075,0.3381543218562779,-2.3886531144276835
33.0,173.0,999.9854125976562,-0.5829095912944267,0.5938460000806911,4.052968302634829,-1.1689292857165583,-0.2098203361913579,0.8583858282352903,1.453633626359112,-0.6679317933515616,0.3381569036183371,-2.388649908606848
33.0,173.0,999.9854125976562,-0.5829083286359023,0.5938429914468362,4.052969750829666,-1.1689276088161824,-0.209821789504347,0.8583877389542769,1.453635512111461,-0.6679292388258498,0.338161579608176,-2.3886467668245155
33.0,173.0,999.9854736328124,-0.582908315466339,0.5938364726323808,4.052966911526594,-1.1689218542862916,-0.2098219623189905,0.8583980305806707,1.4536316359405728,-0.6679333976108337,0.3381608434691507,-2.388647879782237
33.0,173.0,999.9854125976562,-0.5829087331506964,0.5938436902926645,4.052969387091823,-1.1689274507897056,-0.2098199292101972,0.8583898443253428,1.4536331330359609,-0.6679329909130951,0.3381574499636564,-2.388652233254627
33.0,173.0,999.9854125976562,-0.582907726887834,0.5938431441529355,4.052967908674907,-1.168925345477649,-0.2098221326248337,0.8583891147660596,1.4536340246089008,-0.667931358047336,0.3381620073938247,-2.3886463715820616
33.0,173.0,999.9854125976562,-0.5829076798980068,0.5938404117607945,4.05297051304596,-1.1689275600606424,-0.209821713372114,0.8583913031801487,1.453635672254431,-0.6679319112536026,0.3381615227801768,-2.3886457164473
33.0,173.0,999.9854125976562,-0.5829093460172396,0.5938416178402219,4.052967900981471,-1.16892803086867,-0.2098216172350495,0.8583898148066798,1.4536348322165606,-0.6679315195619742,0.3381570621749787,-2.388653151886704
33.0,173.0,999.9854125976562,-0.5829111423812021,0.5938417281242927,4.052967273692527,-1.168937990894396,-0.2098188783213892,0.8583862980719843,1.4536387175801018,-0.6679299581983047,0.3381527562499551,-2.3886556633371887
33.0,173.0,999.9854125976562,-0.5829098067737242,0.5938418869161852,4.052969926076772,-1.168932962879614,-0.2098200096625611,0.8583881816774657,1.4536382420763443,-0.6679309183147435,0.3381584980015013,-2.3886515618888686
33.0,173.0,999.9854125976562,-0.5829103778848639,0.5938422112375878,4.052969555587008,-1.1689317202119307,-0.2098178053476322,0.8583889493228556,1.4536322108663455,-0.6679313620737739,0.33815856587628,-2.388654943244448
33.0,173.0,999.9854125976562,-0.5829118325315878,0.59384640490447,4.052967050494216,-1.1689325379039062,-0.2098197125543865,0.858382201093356,1.4536331260337922,-0.6679299508821508,0.3381551993224949,-2.3886558237539064
33.0,173.0,999.9854125976562,-0.582910623671121,0.5938468418117644,4.052966727923948,-1.1689308335329516,-0.2098195639844329,0.8583868100677208,1.4536382508312071,-0.6679286617520228,0.3381589475138593,-2.3886497070908383
33.0,173.0,999.9854736328124,-0.5829131705692623,0.5938446931100403,4.052967470625422,-1.168936521862003,-0.2098168929607489,0.8583832583827427,1.453636761022448,-0.6679289803960016,0.3381547199746206,-2.388654511016397
33.0,173.0,999.9854125976562,-0.5829118836340133,0.5938498672774228,4.052970448674158,-1.168936906297866,-0.2098198975170184,0.8583785078401176,1.45364085488022,-0.6679286995677023,0.3381564304744353,-2.388653206682445
33.0,173.0,999.9854125976562,-0.5829087949499652,0.593845034287007,4.052970508118444,-1.168928547894443,-0.2098224476814145,0.8583875328920989,1.4536368905675996,-0.6679312072480235,0.3381572322704009,-2.38865210320905
33.0,173.0,999.9854125976562,-0.5829084092747854,0.5938428240466642,4.0529676298032165,-1.1689301752317238,-0.2098215715815623,0.8583872038411187,1.4536343144652184,-0.667930122129043,0.3381575164245607,-2.388652078505048
33.0,173.0,999.9854125976562,-0.5829095859804241,0.5938406331269919,4.052968176709722,-1.168931503145088,-0.2098209076946222,0.8583892540233515,1.4536378364109872,-0.6679300194485567,0.3381580775888668,-2.388651822241826
33.0,173.0,999.9854125976562,-0.5829091460442974,0.5938427161815163,4.052967983914659,-1.168932720350056,-0.2098206485035323,0.8583868792050344,1.4536381128011753,-0.6679303655655904,0.3381568038581397,-2.3886493022307667
33.0,173.0,999.9854125976562,-0.5829102950702261,0.5938428858825704,4.052967843380422,-1.1689345573594268,-0.2098205921430471,0.8583856818133491,1.453640637527366,-0.6679287680216106,0.338155448232774,-2.3886515656416583
33.0,173.0,999.9854736328124,-0.5829132984414827,0.5938489709740846,4.052970789807306,-1.1689431320605124,-0.2098171771984027,0.8583788437065039,1.4536445838197327,-0.6679304958069672,0.3381497692766686,-2.3886588798555053
33.0,173.0,999.9854125976562,-0.5829060123603016,0.593836560380093,4.052975365620428,-1.1689241200480105,-0.2098240630418342,0.8583930784502982,1.4536335827633824,-0.667932516673071,0.3381671997029043,-2.3886453038692568
33.0,173.0,999.9854125976562,-0.5829130777597538,0.5938459034936212,4.05296736459896,-1.1689350907835565,-0.2098175064283491,0.8583867499397568,1.4536367382243451,-0.6679312578242138,0.3381519127861487,-2.388658390783621
33.0,173.0,999.9854125976562,-0.5829096502875846,0.5938480877049717,4.052969470781729,-1.1689296632689905,-0.2098215599325366,0.858383474204917,1.453637234407954,-0.6679297083303197,0.3381598485675932,-2.388647974585024
33.0,173.0,999.9854736328124,-0.5829101283680114,0.5938423363521537,4.052960540582697,-1.1689345906917756,-0.2098177857015342,0.858389327678375,1.4536407086056204,-0.6679272886357959,0.3381500429679462,-2.388652960588268
33.0,173.0,999.9854125976562,-0.5829095379166924,0.5938397726318092,4.052970797904784,-1.1689298783720163,-0.2098216385974236,0.8583895757878643,1.4536353100896786,-0.6679303409240527,0.3381610256267029,-2.3886518878919483
33.0,173.0,999.9854125976562,-0.5829102996672404,0.5938429846851196,4.052965962505466,-1.168929693179205,-0.2098191325018907,0.8583894703774142,1.4536324541820091,-0.6679318446519016,0.3381524100688811,-2.388655679076128
33.0,173.0,999.9854125976562,-0.582909041073064,0.5938445933394902,4.052968789229926,-1.1689255048636489,-0.2098215543503538,0.8583868715352221,1.4536343138395118,-0.6679296269553987,0.3381631023521461,-2.3886459364569825
33.0,173.0,999.9854125976562,-0.5829079981854441,0.5938425890157886,4.052973456056153,-1.1689276399711497,-0.2098214250319978,0.858391003394015,1.4536369956328965,-0.6679333548877482,0.3381645668113116,-2.388645873925591
33.0,173.0,999.9854125976562,-0.5829084140763445,0.5938444865442216,4.05297108878584,-1.1689329074348676,-0.2098213018969499,0.8583852301539547,1.4536410024667887,-0.6679290052054352,0.3381607125347718,-2.388648647023889
33.0,173.0,999.9854125976562,-0.5829074859759968,0.5938408413543153,4.052968638928359,-1.168925908185832,-0.2098230076696214,0.8583912672834142,1.453634993209235,-0.6679324347880335,0.3381608337132249,-2.38864655182546
33.0,173.0,999.9854125976562,-0.5829115473700694,0.5938460139440576,4.052964850885889,-1.1689304439558108,-0.2098181028479713,0.8583879471064835,1.4536323913428353,-0.6679312727921927,0.3381554674145794,-2.388653491124757
33.0,173.0,999.9854125976562,-0.5829092241329645,0.5938400562597561,4.052970043100826,-1.1689299670784257,-0.2098208585628489,0.8583913745644365,1.4536382003045911,-0.6679327064800109,0.3381604247301695,-2.3886479785911208
33.0,174.0,999.9854125976562,-0.5829080301043197,0.5938441512901438,4.052970804960252,-1.1689270072208364,-0.2098229107810407,0.8583898767830913,1.4536378131821293,-0.667931716988269,0.3381640396235665,-2.388644091190637
33.0,174.0,999.9854125976562,-0.582910921723645,0.5938468438107751,4.052966354518876,-1.1689291290153667,-0.2098202126618344,0.8583835048482102,1.453632280737395,-0.6679292895314459,0.3381567170107979,-2.38865287793681
33.0,174.0,999.9854736328124,-0.5829062029904666,0.593836395699153,4.05297521198278,-1.1689233558286762,-0.2098249695370118,0.858397728953082,1.4536373324926135,-0.6679363998723336,0.3381654810396544,-2.388640778647529
33.0,174.0,999.9854736328124,-0.5829091291420498,0.5938388910109431,4.052967150645566,-1.1689261358208451,-0.2098195689170978,0.8583933887557249,1.4536333021051293,-0.6679328121856791,0.3381615336939569,-2.3886469840640108
33.0,174.0,999.9854125976562,-0.5829077021455049,0.5938421964434575,4.052971850597512,-1.1689311000567084,-0.2098226586127021,0.8583871230336735,1.45364161511141,-0.6679292513426649,0.3381610531502401,-2.388646284542853
33.0,174.0,999.9854125976562,-0.582909926206022,0.5938419474242105,4.052971420175801,-1.168932870690222,-0.2098210720918212,0.8583868850100913,1.453638483856321,-0.6679319996604036,0.3381580283910708,-2.388651744867325
33.0,174.0,999.9854736328124,-0.5829093102984935,0.5938401568646867,4.052971847942793,-1.1689321136429394,-0.2098221931961754,0.8583863450100884,1.4536405622367097,-0.6679298442439077,0.3381580547510046,-2.3886512453787203
33.0,174.0,999.9854736328124,-0.5829102107186133,0.5938450663850912,4.052964011930246,-1.1689338308235508,-0.2098190051254942,0.8583842931100971,1.4536381434228964,-0.6679286246445066,0.3381533882382284,-2.388653436662032
33.0,174.0,999.9854125976562,-0.5829092924358914,0.593841125737729,4.0529671244572505,-1.1689300210327196,-0.2098199465649806,0.8583923780187774,1.4536351596033086,-0.6679319210208412,0.3381551813859733,-2.3886527196902003
33.0,174.0,999.9854125976562,-0.5829096201509207,0.5938454267090378,4.05296790881671,-1.168928026857381,-0.2098199477678166,0.8583878847484936,1.4536299579781904,-0.6679311170747155,0.3381597506681357,-2.388650344920144
33.0,174.0,999.9854125976562,-0.5829115196642194,0.5938448183503571,4.05296804846466,-1.1689363929749534,-0.2098177083492975,0.8583836386790686,1.453637655776726,-0.6679287530701323,0.3381553541021622,-2.3886563076135663
33.0,174.0,999.9854125976562,-0.582908210720384,0.5938390242467362,4.052972765647283,-1.168931862945758,-0.2098214532051461,0.8583910098607266,1.4536384786628522,-0.667932401101357,0.3381581515151532,-2.388651526432724
33.0,174.0,999.9854736328124,-0.5829071982660743,0.5938449731229305,4.052969306157664,-1.168923804645459,-0.2098230645946781,0.85838952677181,1.4536342832907012,-0.6679330212206605,0.3381650500633002,-2.388643845778672
33.0,174.0,999.9854736328124,-0.5829095726843958,0.5938407385559428,4.052971954665734,-1.1689341525171448,-0.209820247370847,0.8583868209768948,1.4536418738817725,-0.6679298274476588,0.3381583928375686,-2.388650999240728
33.0,174.0,999.9854125976562,-0.5829100751635394,0.5938476280285112,4.0529673532464745,-1.1689307375966438,-0.2098200484741292,0.8583837688255445,1.453634020763812,-0.667930186750664,0.3381546992962994,-2.3886517699105085
33.0,174.0,999.9854125976562,-0.5829100681240824,0.5938456765182334,4.052969274383969,-1.1689332759884987,-0.2098209617938327,0.8583825058052259,1.4536375603755474,-0.6679303053496808,0.338157951095801,-2.3886492853262418
33.0,174.0,999.9854736328124,-0.5829137736605352,0.5938444058658412,4.052969872509909,-1.1689348985154933,-0.2098161165663512,0.858386272324454,1.4536341886582802,-0.6679319963189352,0.3381573117470147,-2.3886544254390083
33.0,174.0,999.9854125976562,-0.5829098110707651,0.5938424344959188,4.052967700342922,-1.1689340197207023,-0.2098209492703437,0.8583875615235144,1.4536415851907076,-0.6679289928054075,0.3381543218562779,-2.3886531144276835
33.0,174.0,999.9854125976562,-0.5829095912944267,0.5938460000806911,4.052968302634829,-1.1689292857165583,-0.2098203361913579,0.8583858282352903,1.453633626359112,-0.6679317933515616,0.3381569036183371,-2.388649908606848
33.0,174.0,999.9854125976562,-0.5829083286359023,0.5938429914468362,4.052969750829666,-1.1689276088161824,-0.209821789504347,0.8583877389542769,1.453635512111461,-0.6679292388258498,0.338161579608176,-2.3886467668245155
33.0,174.0,999.9854736328124,-0.582908315466339,0.5938364726323808,4.052966911526594,-1.1689218542862916,-0.2098219623189905,0.8583980305806707,1.4536316359405728,-0.6679333976108337,0.3381608434691507,-2.388647879782237
33.0,174.0,999.9854125976562,-0.5829087331506964,0.5938436902926645,4.052969387091823,-1.1689274507897056,-0.2098199292101972,0.8583898443253428,1.4536331330359609,-0.6679329909130951,0.3381574499636564,-2.388652233254627
33.0,174.0,999.9854125976562,-0.582907726887834,0.5938431441529355,4.052967908674907,-1.168925345477649,-0.2098221326248337,0.8583891147660596,1.4536340246089008,-0.667931358047336,0.3381620073938247,-2.3886463715820616
33.0,174.0,999.9854125976562,-0.5829076798980068,0.5938404117607945,4.05297051304596,-1.1689275600606424,-0.209821713372114,0.8583913031801487,1.453635672254431,-0.6679319112536026,0.3381615227801768,-2.3886457164473
33.0,174.0,999.9854125976562,-0.5829093460172396,0.5938416178402219,4.052967900981471,-1.16892803086867,-0.2098216172350495,0.8583898148066798,1.4536348322165606,-0.6679315195619742,0.3381570621749787,-2.388653151886704
33.0,174.0,999.9854125976562,-0.5829111423812021,0.5938417281242927,4.052967273692527,-1.168937990894396,-0.2098188783213892,0.8583862980719843,1.4536387175801018,-0.6679299581983047,0.3381527562499551,-2.3886556633371887
33.0,174.0,999.9854125976562,-0.5829098067737242,0.5938418869161852,4.052969926076772,-1.168932962879614,-0.2098200096625611,0.8583881816774657,1.4536382420763443,-0.6679309183147435,0.3381584980015013,-2.3886515618888686
33.0,174.0,999.9854125976562,-0.5829103778848639,0.5938422112375878,4.052969555587008,-1.1689317202119307,-0.2098178053476322,0.8583889493228556,1.4536322108663455,-0.6679313620737739,0.33815856587628,-2.388654943244448
33.0,174.0,999.9854125976562,-0.5829118325315878,0.59384640490447,4.052967050494216,-1.1689325379039062,-0.2098197125543865,0.858382201093356,1.4536331260337922,-0.6679299508821508,0.3381551993224949,-2.3886558237539064
33.0,174.0,999.9854125976562,-0.582910623671121,0.5938468418117644,4.052966727923948,-1.1689308335329516,-0.2098195639844329,0.8583868100677208,1.4536382508312071,-0.6679286617520228,0.3381589475138593,-2.3886497070908383
33.0,174.0,999.9854736328124,-0.5829131705692623,0.5938446931100403,4.052967470625422,-1.168936521862003,-0.2098168929607489,0.8583832583827427,1.453636761022448,-0.6679289803960016,0.3381547199746206,-2.388654511016397
33.0,174.0,999.9854125976562,-0.5829118836340133,0.5938498672774228,4.052970448674158,-1.168936906297866,-0.2098198975170184,0.8583785078401176,1.45364085488022,-0.6679286995677023,0.3381564304744353,-2.388653206682445
33.0,174.0,999.9854125976562,-0.5829087949499652,0.593845034287007,4.052970508118444,-1.168928547894443,-0.2098224476814145,0.8583875328920989,1.4536368905675996,-0.6679312072480235,0.3381572322704009,-2.38865210320905
33.0,174.0,999.9854125976562,-0.5829084092747854,0.5938428240466642,4.0529676298032165,-1.1689301752317238,-0.2098215715815623,0.8583872038411187,1.4536343144652184,-0.667930122129043,0.3381575164245607,-2.388652078505048
33.0,174.0,999.9854125976562,-0.5829095859804241,0.5938406331269919,4.052968176709722,-1.168931503145088,-0.2098209076946222,0.8583892540233515,1.4536378364109872,-0.6679300194485567,0.3381580775888668,-2.388651822241826
33.0,174.0,999.9854125976562,-0.5829091460442974,0.5938427161815163,4.052967983914659,-1.168932720350056,-0.2098206485035323,0.8583868792050344,1.4536381128011753,-0.6679303655655904,0.3381568038581397,-2.3886493022307667
33.0,174.0,999.9854125976562,-0.5829102950702261,0.5938428858825704,4.052967843380422,-1.1689345573594268,-0.2098205921430471,0.8583856818133491,1.453640637527366,-0.6679287680216106,0.338155448232774,-2.3886515656416583
33.0,174.0,999.9854736328124,-0.5829132984414827,0.5938489709740846,4.052970789807306,-1.1689431320605124,-0.2098171771984027,0.8583788437065039,1.4536445838197327,-0.6679304958069672,0.3381497692766686,-2.3886588798555053
33.0,174.0,999.9854125976562,-0.5829060123603016,0.593836560380093,4.052975365620428,-1.1689241200480105,-0.2098240630418342,0.8583930784502982,1.4536335827633824,-0.667932516673071,0.3381671997029043,-2.3886453038692568
33.0,174.0,999.9854125976562,-0.5829130777597538,0.5938459034936212,4.05296736459896,-1.1689350907835565,-0.2098175064283491,0.8583867499397568,1.4536367382243451,-0.6679312578242138,0.3381519127861487,-2.388658390783621
33.0,174.0,999.9854125976562,-0.5829096502875846,0.5938480877049717,4.052969470781729,-1.1689296632689905,-0.2098215599325366,0.858383474204917,1.453637234407954,-0.6679297083303197,0.3381598485675932,-2.388647974585024
33.0,174.0,999.9854736328124,-0.5829101283680114,0.5938423363521537,4.052960540582697,-1.1689345906917756,-0.2098177857015342,0.858389327678375,1.4536407086056204,-0.6679272886357959,0.3381500429679462,-2.388652960588268
33.0,174.0,999.9854125976562,-0.5829095379166924,0.5938397726318092,4.052970797904784,-1.1689298783720163,-0.2098216385974236,0.8583895757878643,1.4536353100896786,-0.6679303409240527,0.3381610256267029,-2.3886518878919483
33.0,174.0,999.9854125976562,-0.5829102996672404,0.5938429846851196,4.052965962505466,-1.168929693179205,-0.2098191325018907,0.8583894703774142,1.4536324541820091,-0.6679318446519016,0.3381524100688811,-2.388655679076128
33.0,174.0,999.9854125976562,-0.582909041073064,0.5938445933394902,4.052968789229926,-1.1689255048636489,-0.2098215543503538,0.8583868715352221,1.4536343138395118,-0.6679296269553987,0.3381631023521461,-2.3886459364569825
33.0,174.0,999.9854125976562,-0.5829079981854441,0.5938425890157886,4.052973456056153,-1.1689276399711497,-0.2098214250319978,0.858391003394015,1.4536369956328965,-0.6679333548877482,0.3381645668113116,-2.388645873925591
33.0,174.0,999.9854125976562,-0.5829084140763445,0.5938444865442216,4.05297108878584,-1.1689329074348676,-0.2098213018969499,0.8583852301539547,1.4536410024667887,-0.6679290052054352,0.3381607125347718,-2.388648647023889
33.0,174.0,999.9854125976562,-0.5829074859759968,0.5938408413543153,4.052968638928359,-1.168925908185832,-0.2098230076696214,0.8583912672834142,1.453634993209235,-0.6679324347880335,0.3381608337132249,-2.38864655182546
33.0,174.0,999.9854125976562,-0.5829115473700694,0.5938460139440576,4.052964850885889,-1.1689304439558108,-0.2098181028479713,0.8583879471064835,1.4536323913428353,-0.6679312727921927,0.3381554674145794,-2.388653491124757
33.0,174.0,999.9854125976562,-0.5829092241329645,0.5938400562597561,4.052970043100826,-1.1689299670784257,-0.2098208585628489,0.8583913745644365,1.4536382003045911,-0.6679327064800109,0.3381604247301695,-2.3886479785911208
33.0,175.0,999.9854125976562,-0.5829080301043197,0.5938441512901438,4.052970804960252,-1.1689270072208364,-0.2098229107810407,0.8583898767830913,1.4536378131821293,-0.667931716988269,0.3381640396235665,-2.388644091190637
33.0,175.0,999.9854125976562,-0.582910921723645,0.5938468438107751,4.052966354518876,-1.1689291290153667,-0.2098202126618344,0.8583835048482102,1.453632280737395,-0.6679292895314459,0.3381567170107979,-2.38865287793681
33.0,175.0,999.9854736328124,-0.5829062029904666,0.593836395699153,4.05297521198278,-1.1689233558286762,-0.2098249695370118,0.858397728953082,1.4536373324926135,-0.6679363998723336,0.3381654810396544,-2.388640778647529
33.0,175.0,999.9854736328124,-0.5829091291420498,0.5938388910109431,4.052967150645566,-1.1689261358208451,-0.2098195689170978,0.8583933887557249,1.4536333021051293,-0.6679328121856791,0.3381615336939569,-2.3886469840640108
33.0,175.0,999.9854125976562,-0.5829077021455049,0.5938421964434575,4.052971850597512,-1.1689311000567084,-0.2098226586127021,0.8583871230336735,1.45364161511141,-0.6679292513426649,0.3381610531502401,-2.388646284542853
33.0,175.0,999.9854125976562,-0.582909926206022,0.5938419474242105,4.052971420175801,-1.168932870690222,-0.2098210720918212,0.8583868850100913,1.453638483856321,-0.6679319996604036,0.3381580283910708,-2.388651744867325
33.0,175.0,999.9854736328124,-0.5829093102984935,0.5938401568646867,4.052971847942793,-1.1689321136429394,-0.2098221931961754,0.8583863450100884,1.4536405622367097,-0.6679298442439077,0.3381580547510046,-2.3886512453787203
33.0,175.0,999.9854736328124,-0.5829102107186133,0.5938450663850912,4.052964011930246,-1.1689338308235508,-0.2098190051254942,0.8583842931100971,1.4536381434228964,-0.6679286246445066,0.3381533882382284,-2.388653436662032
33.0,175.0,999.9854125976562,-0.5829092924358914,0.593841125737729,4.0529671244572505,-1.1689300210327196,-0.2098199465649806,0.8583923780187774,1.4536351596033086,-0.6679319210208412,0.3381551813859733,-2.3886527196902003
33.0,175.0,999.9854125976562,-0.5829096201509207,0.5938454267090378,4.05296790881671,-1.168928026857381,-0.2098199477678166,0.8583878847484936,1.4536299579781904,-0.6679311170747155,0.3381597506681357,-2.388650344920144
33.0,175.0,999.9854125976562,-0.5829115196642194,0.5938448183503571,4.05296804846466,-1.1689363929749534,-0.2098177083492975,0.8583836386790686,1.453637655776726,-0.6679287530701323,0.3381553541021622,-2.3886563076135663
33.0,175.0,999.9854125976562,-0.582908210720384,0.5938390242467362,4.052972765647283,-1.168931862945758,-0.2098214532051461,0.8583910098607266,1.4536384786628522,-0.667932401101357,0.3381581515151532,-2.388651526432724
33.0,175.0,999.9854736328124,-0.5829071982660743,0.5938449731229305,4.052969306157664,-1.168923804645459,-0.2098230645946781,0.85838952677181,1.4536342832907012,-0.6679330212206605,0.3381650500633002,-2.388643845778672
33.0,175.0,999.9854736328124,-0.5829095726843958,0.5938407385559428,4.052971954665734,-1.1689341525171448,-0.209820247370847,0.8583868209768948,1.4536418738817725,-0.6679298274476588,0.3381583928375686,-2.388650999240728
33.0,175.0,999.9854125976562,-0.5829100751635394,0.5938476280285112,4.0529673532464745,-1.1689307375966438,-0.2098200484741292,0.8583837688255445,1.453634020763812,-0.667930186750664,0.3381546992962994,-2.3886517699105085
33.0,175.0,999.9854125976562,-0.5829100681240824,0.5938456765182334,4.052969274383969,-1.1689332759884987,-0.2098209617938327,0.8583825058052259,1.4536375603755474,-0.6679303053496808,0.338157951095801,-2.3886492853262418
33.0,175.0,999.9854736328124,-0.5829137736605352,0.5938444058658412,4.052969872509909,-1.1689348985154933,-0.2098161165663512,0.858386272324454,1.4536341886582802,-0.6679319963189352,0.3381573117470147,-2.3886544254390083
33.0,175.0,999.9854125976562,-0.5829098110707651,0.5938424344959188,4.052967700342922,-1.1689340197207023,-0.2098209492703437,0.8583875615235144,1.4536415851907076,-0.6679289928054075,0.3381543218562779,-2.3886531144276835
33.0,175.0,999.9854125976562,-0.5829095912944267,0.5938460000806911,4.052968302634829,-1.1689292857165583,-0.2098203361913579,0.8583858282352903,1.453633626359112,-0.6679317933515616,0.3381569036183371,-2.388649908606848
33.0,175.0,999.9854125976562,-0.5829083286359023,0.5938429914468362,4.052969750829666,-1.1689276088161824,-0.209821789504347,0.8583877389542769,1.453635512111461,-0.6679292388258498,0.338161579608176,-2.3886467668245155
33.0,175.0,999.9854736328124,-0.582908315466339,0.5938364726323808,4.052966911526594,-1.1689218542862916,-0.2098219623189905,0.8583980305806707,1.4536316359405728,-0.6679333976108337,0.3381608434691507,-2.388647879782237
33.0,175.0,999.9854125976562,-0.5829087331506964,0.5938436902926645,4.052969387091823,-1.1689274507897056,-0.2098199292101972,0.8583898443253428,1.4536331330359609,-0.6679329909130951,0.3381574499636564,-2.388652233254627
33.0,175.0,999.9854125976562,-0.582907726887834,0.5938431441529355,4.052967908674907,-1.168925345477649,-0.2098221326248337,0.8583891147660596,1.4536340246089008,-0.667931358047336,0.3381620073938247,-2.3886463715820616
33.0,175.0,999.9854125976562,-0.5829076798980068,0.5938404117607945,4.05297051304596,-1.1689275600606424,-0.209821713372114,0.8583913031801487,1.453635672254431,-0.6679319112536026,0.3381615227801768,-2.3886457164473
33.0,175.0,999.9854125976562,-0.5829093460172396,0.5938416178402219,4.052967900981471,-1.16892803086867,-0.2098216172350495,0.8583898148066798,1.4536348322165606,-0.6679315195619742,0.3381570621749787,-2.388653151886704
33.0,175.0,999.9854125976562,-0.5829111423812021,0.5938417281242927,4.052967273692527,-1.168937990894396,-0.2098188783213892,0.8583862980719843,1.4536387175801018,-0.6679299581983047,0.3381527562499551,-2.3886556633371887
33.0,175.0,999.9854125976562,-0.5829098067737242,0.5938418869161852,4.052969926076772,-1.168932962879614,-0.2098200096625611,0.8583881816774657,1.4536382420763443,-0.6679309183147435,0.3381584980015013,-2.3886515618888686
33.0,175.0,999.9854125976562,-0.5829103778848639,0.5938422112375878,4.052969555587008,-1.1689317202119307,-0.2098178053476322,0.8583889493228556,1.4536322108663455,-0.6679313620737739,0.33815856587628,-2.388654943244448
33.0,175.0,999.9854125976562,-0.5829118325315878,0.59384640490447,4.052967050494216,-1.1689325379039062,-0.2098197125543865,0.858382201093356,1.4536331260337922,-0.6679299508821508,0.3381551993224949,-2.3886558237539064
33.0,175.0,999.9854125976562,-0.582910623671121,0.5938468418117644,4.052966727923948,-1.1689308335329516,-0.2098195639844329,0.8583868100677208,1.4536382508312071,-0.6679286617520228,0.3381589475138593,-2.3886497070908383
33.0,175.0,999.9854736328124,-0.5829131705692623,0.5938446931100403,4.052967470625422,-1.168936521862003,-0.2098168929607489,0.8583832583827427,1.453636761022448,-0.6679289803960016,0.3381547199746206,-2.388654511016397
33.0,175.0,999.9854125976562,-0.5829118836340133,0.5938498672774228,4.052970448674158,-1.168936906297866,-0.2098198975170184,0.8583785078401176,1.45364085488022,-0.6679286995677023,0.3381564304744353,-2.388653206682445
33.0,175.0,999.9854125976562,-0.5829087949499652,0.593845034287007,4.052970508118444,-1.168928547894443,-0.2098224476814145,0.8583875328920989,1.4536368905675996,-0.6679312072480235,0.3381572322704009,-2.38865210320905
33.0,175.0,999.9854125976562,-0.5829084092747854,0.5938428240466642,4.0529676298032165,-1.1689301752317238,-0.2098215715815623,0.8583872038411187,1.4536343144652184,-0.667930122129043,0.3381575164245607,-2.388652078505048
33.0,175.0,999.9854125976562,-0.5829095859804241,0.5938406331269919,4.052968176709722,-1.168931503145088,-0.2098209076946222,0.8583892540233515,1.4536378364109872,-0.6679300194485567,0.3381580775888668,-2.388651822241826
33.0,175.0,999.9854125976562,-0.5829091460442974,0.5938427161815163,4.052967983914659,-1.168932720350056,-0.2098206485035323,0.8583868792050344,1.4536381128011753,-0.6679303655655904,0.3381568038581397,-2.3886493022307667
33.0,175.0,999.9854125976562,-0.5829102950702261,0.5938428858825704,4.052967843380422,-1.1689345573594268,-0.2098205921430471,0.8583856818133491,1.453640637527366,-0.6679287680216106,0.338155448232774,-2.3886515656416583
33.0,175.0,999.9854736328124,-0.5829132984414827,0.5938489709740846,4.052970789807306,-1.1689431320605124,-0.2098171771984027,0.8583788437065039,1.4536445838197327,-0.6679304958069672,0.3381497692766686,-2.3886588798555053
33.0,175.0,999.9854125976562,-0.5829060123603016,0.593836560380093,4.052975365620428,-1.1689241200480105,-0.2098240630418342,0.8583930784502982,1.4536335827633824,-0.667932516673071,0.3381671997029043,-2.3886453038692568
33.0,175.0,999.9854125976562,-0.5829130777597538,0.5938459034936212,4.05296736459896,-1.1689350907835565,-0.2098175064283491,0.8583867499397568,1.4536367382243451,-0.6679312578242138,0.3381519127861487,-2.388658390783621
33.0,175.0,999.9854125976562,-0.5829096502875846,0.5938480877049717,4.052969470781729,-1.1689296632689905,-0.2098215599325366,0.858383474204917,1.453637234407954,-0.6679297083303197,0.3381598485675932,-2.388647974585024
33.0,175.0,999.9854736328124,-0.5829101283680114,0.5938423363521537,4.052960540582697,-1.1689345906917756,-0.2098177857015342,0.858389327678375,1.4536407086056204,-0.6679272886357959,0.3381500429679462,-2.388652960588268
33.0,175.0,999.9854125976562,-0.5829095379166924,0.5938397726318092,4.052970797904784,-1.1689298783720163,-0.2098216385974236,0.8583895757878643,1.4536353100896786,-0.6679303409240527,0.3381610256267029,-2.3886518878919483
33.0,175.0,999.9854125976562,-0.5829102996672404,0.5938429846851196,4.052965962505466,-1.168929693179205,-0.2098191325018907,0.8583894703774142,1.4536324541820091,-0.6679318446519016,0.3381524100688811,-2.388655679076128
33.0,175.0,999.9854125976562,-0.582909041073064,0.5938445933394902,4.052968789229926,-1.1689255048636489,-0.2098215543503538,0.8583868715352221,1.4536343138395118,-0.6679296269553987,0.3381631023521461,-2.3886459364569825
33.0,175.0,999.9854125976562,-0.5829079981854441,0.5938425890157886,4.052973456056153,-1.1689276399711497,-0.2098214250319978,0.858391003394015,1.4536369956328965,-0.6679333548877482,0.3381645668113116,-2.388645873925591
33.0,175.0,999.9854125976562,-0.5829084140763445,0.5938444865442216,4.05297108878584,-1.1689329074348676,-0.2098213018969499,0.8583852301539547,1.4536410024667887,-0.6679290052054352,0.3381607125347718,-2.388648647023889
33.0,175.0,999.9854125976562,-0.5829074859759968,0.5938408413543153,4.052968638928359,-1.168925908185832,-0.2098230076696214,0.8583912672834142,1.453634993209235,-0.6679324347880335,0.3381608337132249,-2.38864655182546
33.0,175.0,999.9854125976562,-0.5829115473700694,0.5938460139440576,4.052964850885889,-1.1689304439558108,-0.2098181028479713,0.8583879471064835,1.4536323913428353,-0.6679312727921927,0.3381554674145794,-2.388653491124757
33.0,175.0,999.9854125976562,-0.5829092241329645,0.5938400562597561,4.052970043100826,-1.1689299670784257,-0.2098208585628489,0.8583913745644365,1.4536382003045911,-0.6679327064800109,0.3381604247301695,-2.3886479785911208
33.0,176.0,999.9854125976562,-0.5829080301043197,0.5938441512901438,4.052970804960252,-1.1689270072208364,-0.2098229107810407,0.8583898767830913,1.4536378131821293,-0.667931716988269,0.3381640396235665,-2.388644091190637
33.0,176.0,999.9854125976562,-0.582910921723645,0.5938468438107751,4.052966354518876,-1.1689291290153667,-0.2098202126618344,0.8583835048482102,1.453632280737395,-0.6679292895314459,0.3381567170107979,-2.38865287793681
33.0,176.0,999.9854736328124,-0.5829062029904666,0.593836395699153,4.05297521198278,-1.1689233558286762,-0.2098249695370118,0.858397728953082,1.4536373324926135,-0.6679363998723336,0.3381654810396544,-2.388640778647529
33.0,176.0,999.9854736328124,-0.5829091291420498,0.5938388910109431,4.052967150645566,-1.1689261358208451,-0.2098195689170978,0.8583933887557249,1.4536333021051293,-0.6679328121856791,0.3381615336939569,-2.3886469840640108
33.0,176.0,999.9854125976562,-0.5829077021455049,0.5938421964434575,4.052971850597512,-1.1689311000567084,-0.2098226586127021,0.8583871230336735,1.45364161511141,-0.6679292513426649,0.3381610531502401,-2.388646284542853
33.0,176.0,999.9854125976562,-0.582909926206022,0.5938419474242105,4.052971420175801,-1.168932870690222,-0.2098210720918212,0.8583868850100913,1.453638483856321,-0.6679319996604036,0.3381580283910708,-2.388651744867325
33.0,176.0,999.9854736328124,-0.5829093102984935,0.5938401568646867,4.052971847942793,-1.1689321136429394,-0.2098221931961754,0.8583863450100884,1.4536405622367097,-0.6679298442439077,0.3381580547510046,-2.3886512453787203
33.0,176.0,999.9854736328124,-0.5829102107186133,0.5938450663850912,4.052964011930246,-1.1689338308235508,-0.2098190051254942,0.8583842931100971,1.4536381434228964,-0.6679286246445066,0.3381533882382284,-2.388653436662032
33.0,176.0,999.9854125976562,-0.5829092924358914,0.593841125737729,4.0529671244572505,-1.1689300210327196,-0.2098199465649806,0.8583923780187774,1.4536351596033086,-0.6679319210208412,0.3381551813859733,-2.3886527196902003
33.0,176.0,999.9854125976562,-0.5829096201509207,0.5938454267090378,4.05296790881671,-1.168928026857381,-0.2098199477678166,0.8583878847484936,1.4536299579781904,-0.6679311170747155,0.3381597506681357,-2.388650344920144
33.0,176.0,999.9854125976562,-0.5829115196642194,0.5938448183503571,4.05296804846466,-1.1689363929749534,-0.2098177083492975,0.8583836386790686,1.453637655776726,-0.6679287530701323,0.3381553541021622,-2.3886563076135663
33.0,176.0,999.9854125976562,-0.582908210720384,0.5938390242467362,4.052972765647283,-1.168931862945758,-0.2098214532051461,0.8583910098607266,1.4536384786628522,-0.667932401101357,0.3381581515151532,-2.388651526432724
33.0,176.0,999.9854736328124,-0.5829071982660743,0.5938449731229305,4.052969306157664,-1.168923804645459,-0.2098230645946781,0.85838952677181,1.4536342832907012,-0.6679330212206605,0.3381650500633002,-2.388643845778672
33.0,176.0,999.9854736328124,-0.5829095726843958,0.5938407385559428,4.052971954665734,-1.1689341525171448,-0.209820247370847,0.8583868209768948,1.4536418738817725,-0.6679298274476588,0.3381583928375686,-2.388650999240728
33.0,176.0,999.9854125976562,-0.5829100751635394,0.5938476280285112,4.0529673532464745,-1.1689307375966438,-0.2098200484741292,0.8583837688255445,1.453634020763812,-0.667930186750664,0.3381546992962994,-2.3886517699105085
33.0,176.0,999.9854125976562,-0.5829100681240824,0.5938456765182334,4.052969274383969,-1.1689332759884987,-0.2098209617938327,0.8583825058052259,1.4536375603755474,-0.6679303053496808,0.338157951095801,-2.3886492853262418
33.0,176.0,999.9854736328124,-0.5829137736605352,0.5938444058658412,4.052969872509909,-1.1689348985154933,-0.2098161165663512,0.858386272324454,1.4536341886582802,-0.6679319963189352,0.3381573117470147,-2.3886544254390083
33.0,176.0,999.9854125976562,-0.5829098110707651,0.5938424344959188,4.052967700342922,-1.1689340197207023,-0.2098209492703437,0.8583875615235144,1.4536415851907076,-0.6679289928054075,0.3381543218562779,-2.3886531144276835
33.0,176.0,999.9854125976562,-0.5829095912944267,0.5938460000806911,4.052968302634829,-1.1689292857165583,-0.2098203361913579,0.8583858282352903,1.453633626359112,-0.6679317933515616,0.3381569036183371,-2.388649908606848
33.0,176.0,999.9854125976562,-0.5829083286359023,0.5938429914468362,4.052969750829666,-1.1689276088161824,-0.209821789504347,0.8583877389542769,1.453635512111461,-0.6679292388258498,0.338161579608176,-2.3886467668245155
33.0,176.0,999.9854736328124,-0.582908315466339,0.5938364726323808,4.052966911526594,-1.1689218542862916,-0.2098219623189905,0.8583980305806707,1.4536316359405728,-0.6679333976108337,0.3381608434691507,-2.388647879782237
33.0,176.0,999.9854125976562,-0.5829087331506964,0.5938436902926645,4.052969387091823,-1.1689274507897056,-0.2098199292101972,0.8583898443253428,1.4536331330359609,-0.6679329909130951,0.3381574499636564,-2.388652233254627
33.0,176.0,999.9854125976562,-0.582907726887834,0.5938431441529355,4.052967908674907,-1.168925345477649,-0.2098221326248337,0.8583891147660596,1.4536340246089008,-0.667931358047336,0.3381620073938247,-2.3886463715820616
33.0,176.0,999.9854125976562,-0.5829076798980068,0.5938404117607945,4.05297051304596,-1.1689275600606424,-0.209821713372114,0.8583913031801487,1.453635672254431,-0.6679319112536026,0.3381615227801768,-2.3886457164473
33.0,176.0,999.9854125976562,-0.5829093460172396,0.5938416178402219,4.052967900981471,-1.16892803086867,-0.2098216172350495,0.8583898148066798,1.4536348322165606,-0.6679315195619742,0.3381570621749787,-2.388653151886704
33.0,176.0,999.9854125976562,-0.5829111423812021,0.5938417281242927,4.052967273692527,-1.168937990894396,-0.2098188783213892,0.8583862980719843,1.4536387175801018,-0.6679299581983047,0.3381527562499551,-2.3886556633371887
33.0,176.0,999.9854125976562,-0.5829098067737242,0.5938418869161852,4.052969926076772,-1.168932962879614,-0.2098200096625611,0.8583881816774657,1.4536382420763443,-0.6679309183147435,0.3381584980015013,-2.3886515618888686
33.0,176.0,999.9854125976562,-0.5829103778848639,0.5938422112375878,4.052969555587008,-1.1689317202119307,-0.2098178053476322,0.8583889493228556,1.4536322108663455,-0.6679313620737739,0.33815856587628,-2.388654943244448
33.0,176.0,999.9854125976562,-0.5829118325315878,0.59384640490447,4.052967050494216,-1.1689325379039062,-0.2098197125543865,0.858382201093356,1.4536331260337922,-0.6679299508821508,0.3381551993224949,-2.3886558237539064
33.0,176.0,999.9854125976562,-0.582910623671121,0.5938468418117644,4.052966727923948,-1.1689308335329516,-0.2098195639844329,0.8583868100677208,1.4536382508312071,-0.6679286617520228,0.3381589475138593,-2.3886497070908383
33.0,176.0,999.9854736328124,-0.5829131705692623,0.5938446931100403,4.052967470625422,-1.168936521862003,-0.2098168929607489,0.8583832583827427,1.453636761022448,-0.6679289803960016,0.3381547199746206,-2.388654511016397
33.0,176.0,999.9854125976562,-0.5829118836340133,0.5938498672774228,4.052970448674158,-1.168936906297866,-0.2098198975170184,0.8583785078401176,1.45364085488022,-0.6679286995677023,0.3381564304744353,-2.388653206682445
33.0,176.0,999.9854125976562,-0.5829087949499652,0.593845034287007,4.052970508118444,-1.168928547894443,-0.2098224476814145,0.8583875328920989,1.4536368905675996,-0.6679312072480235,0.3381572322704009,-2.38865210320905
33.0,176.0,999.9854125976562,-0.5829084092747854,0.5938428240466642,4.0529676298032165,-1.1689301752317238,-0.2098215715815623,0.8583872038411187,1.4536343144652184,-0.667930122129043,0.3381575164245607,-2.388652078505048
33.0,176.0,999.9854125976562,-0.5829095859804241,0.5938406331269919,4.052968176709722,-1.168931503145088,-0.2098209076946222,0.8583892540233515,1.4536378364109872,-0.6679300194485567,0.3381580775888668,-2.388651822241826
33.0,176.0,999.9854125976562,-0.5829091460442974,0.5938427161815163,4.052967983914659,-1.168932720350056,-0.2098206485035323,0.8583868792050344,1.4536381128011753,-0.6679303655655904,0.3381568038581397,-2.3886493022307667
33.0,176.0,999.9854125976562,-0.5829102950702261,0.5938428858825704,4.052967843380422,-1.1689345573594268,-0.2098205921430471,0.8583856818133491,1.453640637527366,-0.6679287680216106,0.338155448232774,-2.3886515656416583
33.0,176.0,999.9854736328124,-0.5829132984414827,0.5938489709740846,4.052970789807306,-1.1689431320605124,-0.2098171771984027,0.8583788437065039,1.4536445838197327,-0.6679304958069672,0.3381497692766686,-2.3886588798555053
33.0,176.0,999.9854125976562,-0.5829060123603016,0.593836560380093,4.052975365620428,-1.1689241200480105,-0.2098240630418342,0.8583930784502982,1.4536335827633824,-0.667932516673071,0.3381671997029043,-2.3886453038692568
33.0,176.0,999.9854125976562,-0.5829130777597538,0.5938459034936212,4.05296736459896,-1.1689350907835565,-0.2098175064283491,0.8583867499397568,1.4536367382243451,-0.6679312578242138,0.3381519127861487,-2.388658390783621
33.0,176.0,999.9854125976562,-0.5829096502875846,0.5938480877049717,4.052969470781729,-1.1689296632689905,-0.2098215599325366,0.858383474204917,1.453637234407954,-0.6679297083303197,0.3381598485675932,-2.388647974585024
33.0,176.0,999.9854736328124,-0.5829101283680114,0.5938423363521537,4.052960540582697,-1.1689345906917756,-0.2098177857015342,0.858389327678375,1.4536407086056204,-0.6679272886357959,0.3381500429679462,-2.388652960588268
33.0,176.0,999.9854125976562,-0.5829095379166924,0.5938397726318092,4.052970797904784,-1.1689298783720163,-0.2098216385974236,0.8583895757878643,1.4536353100896786,-0.6679303409240527,0.3381610256267029,-2.3886518878919483
33.0,176.0,999.9854125976562,-0.5829102996672404,0.5938429846851196,4.052965962505466,-1.168929693179205,-0.2098191325018907,0.8583894703774142,1.4536324541820091,-0.6679318446519016,0.3381524100688811,-2.388655679076128
33.0,176.0,999.9854125976562,-0.582909041073064,0.5938445933394902,4.052968789229926,-1.1689255048636489,-0.2098215543503538,0.8583868715352221,1.4536343138395118,-0.6679296269553987,0.3381631023521461,-2.3886459364569825
33.0,176.0,999.9854125976562,-0.5829079981854441,0.5938425890157886,4.052973456056153,-1.1689276399711497,-0.2098214250319978,0.858391003394015,1.4536369956328965,-0.6679333548877482,0.3381645668113116,-2.388645873925591
33.0,176.0,999.9854125976562,-0.5829084140763445,0.5938444865442216,4.05297108878584,-1.1689329074348676,-0.2098213018969499,0.8583852301539547,1.4536410024667887,-0.6679290052054352,0.3381607125347718,-2.388648647023889
33.0,176.0,999.9854125976562,-0.5829074859759968,0.5938408413543153,4.052968638928359,-1.168925908185832,-0.2098230076696214,0.8583912672834142,1.453634993209235,-0.6679324347880335,0.3381608337132249,-2.38864655182546
33.0,176.0,999.9854125976562,-0.5829115473700694,0.5938460139440576,4.052964850885889,-1.1689304439558108,-0.2098181028479713,0.8583879471064835,1.4536323913428353,-0.6679312727921927,0.3381554674145794,-2.388653491124757
33.0,176.0,999.9854125976562,-0.5829092241329645,0.5938400562597561,4.052970043100826,-1.1689299670784257,-0.2098208585628489,0.8583913745644365,1.4536382003045911,-0.6679327064800109,0.3381604247301695,-2.3886479785911208
33.0,177.0,999.9854125976562,-0.5829080301043197,0.5938441512901438,4.052970804960252,-1.1689270072208364,-0.2098229107810407,0.8583898767830913,1.4536378131821293,-0.667931716988269,0.3381640396235665,-2.388644091190637
33.0,177.0,999.9854125976562,-0.582910921723645,0.5938468438107751,4.052966354518876,-1.1689291290153667,-0.2098202126618344,0.8583835048482102,1.453632280737395,-0.6679292895314459,0.3381567170107979,-2.38865287793681
33.0,177.0,999.9854736328124,-0.5829062029904666,0.593836395699153,4.05297521198278,-1.1689233558286762,-0.2098249695370118,0.858397728953082,1.4536373324926135,-0.6679363998723336,0.3381654810396544,-2.388640778647529
33.0,177.0,999.9854736328124,-0.5829091291420498,0.5938388910109431,4.052967150645566,-1.1689261358208451,-0.2098195689170978,0.8583933887557249,1.4536333021051293,-0.6679328121856791,0.3381615336939569,-2.3886469840640108
33.0,177.0,999.9854125976562,-0.5829077021455049,0.5938421964434575,4.052971850597512,-1.1689311000567084,-0.2098226586127021,0.8583871230336735,1.45364161511141,-0.6679292513426649,0.3381610531502401,-2.388646284542853
33.0,177.0,999.9854125976562,-0.582909926206022,0.5938419474242105,4.052971420175801,-1.168932870690222,-0.2098210720918212,0.8583868850100913,1.453638483856321,-0.6679319996604036,0.3381580283910708,-2.388651744867325
33.0,177.0,999.9854736328124,-0.5829093102984935,0.5938401568646867,4.052971847942793,-1.1689321136429394,-0.2098221931961754,0.8583863450100884,1.4536405622367097,-0.6679298442439077,0.3381580547510046,-2.3886512453787203
33.0,177.0,999.9854736328124,-0.5829102107186133,0.5938450663850912,4.052964011930246,-1.1689338308235508,-0.2098190051254942,0.8583842931100971,1.4536381434228964,-0.6679286246445066,0.3381533882382284,-2.388653436662032
33.0,177.0,999.9854125976562,-0.5829092924358914,0.593841125737729,4.0529671244572505,-1.1689300210327196,-0.2098199465649806,0.8583923780187774,1.4536351596033086,-0.6679319210208412,0.3381551813859733,-2.3886527196902003
33.0,177.0,999.9854125976562,-0.5829096201509207,0.5938454267090378,4.05296790881671,-1.168928026857381,-0.2098199477678166,0.8583878847484936,1.4536299579781904,-0.6679311170747155,0.3381597506681357,-2.388650344920144
33.0,177.0,999.9854125976562,-0.5829115196642194,0.5938448183503571,4.05296804846466,-1.1689363929749534,-0.2098177083492975,0.8583836386790686,1.453637655776726,-0.6679287530701323,0.3381553541021622,-2.3886563076135663
33.0,177.0,999.9854125976562,-0.582908210720384,0.5938390242467362,4.052972765647283,-1.168931862945758,-0.2098214532051461,0.8583910098607266,1.4536384786628522,-0.667932401101357,0.3381581515151532,-2.388651526432724
33.0,177.0,999.9854736328124,-0.5829071982660743,0.5938449731229305,4.052969306157664,-1.168923804645459,-0.2098230645946781,0.85838952677181,1.4536342832907012,-0.6679330212206605,0.3381650500633002,-2.388643845778672
33.0,177.0,999.9854736328124,-0.5829095726843958,0.5938407385559428,4.052971954665734,-1.1689341525171448,-0.209820247370847,0.8583868209768948,1.4536418738817725,-0.6679298274476588,0.3381583928375686,-2.388650999240728
33.0,177.0,999.9854125976562,-0.5829100751635394,0.5938476280285112,4.0529673532464745,-1.1689307375966438,-0.2098200484741292,0.8583837688255445,1.453634020763812,-0.667930186750664,0.3381546992962994,-2.3886517699105085
33.0,177.0,999.9854125976562,-0.5829100681240824,0.5938456765182334,4.052969274383969,-1.1689332759884987,-0.2098209617938327,0.8583825058052259,1.4536375603755474,-0.6679303053496808,0.338157951095801,-2.3886492853262418
33.0,177.0,999.9854736328124,-0.5829137736605352,0.5938444058658412,4.052969872509909,-1.1689348985154933,-0.2098161165663512,0.858386272324454,1.4536341886582802,-0.6679319963189352,0.3381573117470147,-2.3886544254390083
33.0,177.0,999.9854125976562,-0.5829098110707651,0.5938424344959188,4.052967700342922,-1.1689340197207023,-0.2098209492703437,0.8583875615235144,1.4536415851907076,-0.6679289928054075,0.3381543218562779,-2.3886531144276835
33.0,177.0,999.9854125976562,-0.5829095912944267,0.5938460000806911,4.052968302634829,-1.1689292857165583,-0.2098203361913579,0.8583858282352903,1.453633626359112,-0.6679317933515616,0.3381569036183371,-2.388649908606848
33.0,177.0,999.9854125976562,-0.5829083286359023,0.5938429914468362,4.052969750829666,-1.1689276088161824,-0.209821789504347,0.8583877389542769,1.453635512111461,-0.6679292388258498,0.338161579608176,-2.3886467668245155
33.0,177.0,999.9854736328124,-0.582908315466339,0.5938364726323808,4.052966911526594,-1.1689218542862916,-0.2098219623189905,0.8583980305806707,1.4536316359405728,-0.6679333976108337,0.3381608434691507,-2.388647879782237
33.0,177.0,999.9854125976562,-0.5829087331506964,0.5938436902926645,4.052969387091823,-1.1689274507897056,-0.2098199292101972,0.8583898443253428,1.4536331330359609,-0.6679329909130951,0.3381574499636564,-2.388652233254627
33.0,177.0,999.9854125976562,-0.582907726887834,0.5938431441529355,4.052967908674907,-1.168925345477649,-0.2098221326248337,0.8583891147660596,1.4536340246089008,-0.667931358047336,0.3381620073938247,-2.3886463715820616
33.0,177.0,999.9854125976562,-0.5829076798980068,0.5938404117607945,4.05297051304596,-1.1689275600606424,-0.209821713372114,0.8583913031801487,1.453635672254431,-0.6679319112536026,0.3381615227801768,-2.3886457164473
33.0,177.0,999.9854125976562,-0.5829093460172396,0.5938416178402219,4.052967900981471,-1.16892803086867,-0.2098216172350495,0.8583898148066798,1.4536348322165606,-0.6679315195619742,0.3381570621749787,-2.388653151886704
33.0,177.0,999.9854125976562,-0.5829111423812021,0.5938417281242927,4.052967273692527,-1.168937990894396,-0.2098188783213892,0.8583862980719843,1.4536387175801018,-0.6679299581983047,0.3381527562499551,-2.3886556633371887
33.0,177.0,999.9854125976562,-0.5829098067737242,0.5938418869161852,4.052969926076772,-1.168932962879614,-0.2098200096625611,0.8583881816774657,1.4536382420763443,-0.6679309183147435,0.3381584980015013,-2.3886515618888686
33.0,177.0,999.9854125976562,-0.5829103778848639,0.5938422112375878,4.052969555587008,-1.1689317202119307,-0.2098178053476322,0.8583889493228556,1.4536322108663455,-0.6679313620737739,0.33815856587628,-2.388654943244448
33.0,177.0,999.9854125976562,-0.5829118325315878,0.59384640490447,4.052967050494216,-1.1689325379039062,-0.2098197125543865,0.858382201093356,1.4536331260337922,-0.6679299508821508,0.3381551993224949,-2.3886558237539064
33.0,177.0,999.9854125976562,-0.582910623671121,0.5938468418117644,4.052966727923948,-1.1689308335329516,-0.2098195639844329,0.8583868100677208,1.4536382508312071,-0.6679286617520228,0.3381589475138593,-2.3886497070908383
33.0,177.0,999.9854736328124,-0.5829131705692623,0.5938446931100403,4.052967470625422,-1.168936521862003,-0.2098168929607489,0.8583832583827427,1.453636761022448,-0.6679289803960016,0.3381547199746206,-2.388654511016397
33.0,177.0,999.9854125976562,-0.5829118836340133,0.5938498672774228,4.052970448674158,-1.168936906297866,-0.2098198975170184,0.8583785078401176,1.45364085488022,-0.6679286995677023,0.3381564304744353,-2.388653206682445
33.0,177.0,999.9854125976562,-0.5829087949499652,0.593845034287007,4.052970508118444,-1.168928547894443,-0.2098224476814145,0.8583875328920989,1.4536368905675996,-0.6679312072480235,0.3381572322704009,-2.38865210320905
33.0,177.0,999.9854125976562,-0.5829084092747854,0.5938428240466642,4.0529676298032165,-1.1689301752317238,-0.2098215715815623,0.8583872038411187,1.4536343144652184,-0.667930122129043,0.3381575164245607,-2.388652078505048
33.0,177.0,999.9854125976562,-0.5829095859804241,0.5938406331269919,4.052968176709722,-1.168931503145088,-0.2098209076946222,0.8583892540233515,1.4536378364109872,-0.6679300194485567,0.3381580775888668,-2.388651822241826
33.0,177.0,999.9854125976562,-0.5829091460442974,0.5938427161815163,4.052967983914659,-1.168932720350056,-0.2098206485035323,0.8583868792050344,1.4536381128011753,-0.6679303655655904,0.3381568038581397,-2.3886493022307667
33.0,177.0,999.9854125976562,-0.5829102950702261,0.5938428858825704,4.052967843380422,-1.1689345573594268,-0.2098205921430471,0.8583856818133491,1.453640637527366,-0.6679287680216106,0.338155448232774,-2.3886515656416583
33.0,177.0,999.9854736328124,-0.5829132984414827,0.5938489709740846,4.052970789807306,-1.1689431320605124,-0.2098171771984027,0.8583788437065039,1.4536445838197327,-0.6679304958069672,0.3381497692766686,-2.3886588798555053
33.0,177.0,999.9854125976562,-0.5829060123603016,0.593836560380093,4.052975365620428,-1.1689241200480105,-0.2098240630418342,0.8583930784502982,1.4536335827633824,-0.667932516673071,0.3381671997029043,-2.3886453038692568
33.0,177.0,999.9854125976562,-0.5829130777597538,0.5938459034936212,4.05296736459896,-1.1689350907835565,-0.2098175064283491,0.8583867499397568,1.4536367382243451,-0.6679312578242138,0.3381519127861487,-2.388658390783621
33.0,177.0,999.9854125976562,-0.5829096502875846,0.5938480877049717,4.052969470781729,-1.1689296632689905,-0.2098215599325366,0.858383474204917,1.453637234407954,-0.6679297083303197,0.3381598485675932,-2.388647974585024
33.0,177.0,999.9854736328124,-0.5829101283680114,0.5938423363521537,4.052960540582697,-1.1689345906917756,-0.2098177857015342,0.858389327678375,1.4536407086056204,-0.6679272886357959,0.3381500429679462,-2.388652960588268
33.0,177.0,999.9854125976562,-0.5829095379166924,0.5938397726318092,4.052970797904784,-1.1689298783720163,-0.2098216385974236,0.8583895757878643,1.4536353100896786,-0.6679303409240527,0.3381610256267029,-2.3886518878919483
33.0,177.0,999.9854125976562,-0.5829102996672404,0.5938429846851196,4.052965962505466,-1.168929693179205,-0.2098191325018907,0.8583894703774142,1.4536324541820091,-0.6679318446519016,0.3381524100688811,-2.388655679076128
33.0,177.0,999.9854125976562,-0.582909041073064,0.5938445933394902,4.052968789229926,-1.1689255048636489,-0.2098215543503538,0.8583868715352221,1.4536343138395118,-0.6679296269553987,0.3381631023521461,-2.3886459364569825
33.0,177.0,999.9854125976562,-0.5829079981854441,0.5938425890157886,4.052973456056153,-1.1689276399711497,-0.2098214250319978,0.858391003394015,1.4536369956328965,-0.6679333548877482,0.3381645668113116,-2.388645873925591
33.0,177.0,999.9854125976562,-0.5829084140763445,0.5938444865442216,4.05297108878584,-1.1689329074348676,-0.2098213018969499,0.8583852301539547,1.4536410024667887,-0.6679290052054352,0.3381607125347718,-2.388648647023889
33.0,177.0,999.9854125976562,-0.5829074859759968,0.5938408413543153,4.052968638928359,-1.168925908185832,-0.2098230076696214,0.8583912672834142,1.453634993209235,-0.6679324347880335,0.3381608337132249,-2.38864655182546
33.0,177.0,999.9854125976562,-0.5829115473700694,0.5938460139440576,4.052964850885889,-1.1689304439558108,-0.2098181028479713,0.8583879471064835,1.4536323913428353,-0.6679312727921927,0.3381554674145794,-2.388653491124757
33.0,177.0,999.9854125976562,-0.5829092241329645,0.5938400562597561,4.052970043100826,-1.1689299670784257,-0.2098208585628489,0.8583913745644365,1.4536382003045911,-0.6679327064800109,0.3381604247301695,-2.3886479785911208
33.0,178.0,999.9854125976562,-0.5829080301043197,0.5938441512901438,4.052970804960252,-1.1689270072208364,-0.2098229107810407,0.8583898767830913,1.4536378131821293,-0.667931716988269,0.3381640396235665,-2.388644091190637
33.0,178.0,999.9854125976562,-0.582910921723645,0.5938468438107751,4.052966354518876,-1.1689291290153667,-0.2098202126618344,0.8583835048482102,1.453632280737395,-0.6679292895314459,0.3381567170107979,-2.38865287793681
33.0,178.0,999.9854736328124,-0.5829062029904666,0.593836395699153,4.05297521198278,-1.1689233558286762,-0.2098249695370118,0.858397728953082,1.4536373324926135,-0.6679363998723336,0.3381654810396544,-2.388640778647529
33.0,178.0,999.9854736328124,-0.5829091291420498,0.5938388910109431,4.052967150645566,-1.1689261358208451,-0.2098195689170978,0.8583933887557249,1.4536333021051293,-0.6679328121856791,0.3381615336939569,-2.3886469840640108
33.0,178.0,999.9854125976562,-0.5829077021455049,0.5938421964434575,4.052971850597512,-1.1689311000567084,-0.2098226586127021,0.8583871230336735,1.45364161511141,-0.6679292513426649,0.3381610531502401,-2.388646284542853
33.0,178.0,999.9854125976562,-0.582909926206022,0.5938419474242105,4.052971420175801,-1.168932870690222,-0.2098210720918212,0.8583868850100913,1.453638483856321,-0.6679319996604036,0.3381580283910708,-2.388651744867325
33.0,178.0,999.9854736328124,-0.5829093102984935,0.5938401568646867,4.052971847942793,-1.1689321136429394,-0.2098221931961754,0.8583863450100884,1.4536405622367097,-0.6679298442439077,0.3381580547510046,-2.3886512453787203
33.0,178.0,999.9854736328124,-0.5829102107186133,0.5938450663850912,4.052964011930246,-1.1689338308235508,-0.2098190051254942,0.8583842931100971,1.4536381434228964,-0.6679286246445066,0.3381533882382284,-2.388653436662032
33.0,178.0,999.9854125976562,-0.5829092924358914,0.593841125737729,4.0529671244572505,-1.1689300210327196,-0.2098199465649806,0.8583923780187774,1.4536351596033086,-0.6679319210208412,0.3381551813859733,-2.3886527196902003
33.0,178.0,999.9854125976562,-0.5829096201509207,0.5938454267090378,4.05296790881671,-1.168928026857381,-0.2098199477678166,0.8583878847484936,1.4536299579781904,-0.6679311170747155,0.3381597506681357,-2.388650344920144
33.0,178.0,999.9854125976562,-0.5829115196642194,0.5938448183503571,4.05296804846466,-1.1689363929749534,-0.2098177083492975,0.8583836386790686,1.453637655776726,-0.6679287530701323,0.3381553541021622,-2.3886563076135663
33.0,178.0,999.9854125976562,-0.582908210720384,0.5938390242467362,4.052972765647283,-1.168931862945758,-0.2098214532051461,0.8583910098607266,1.4536384786628522,-0.667932401101357,0.3381581515151532,-2.388651526432724
33.0,178.0,999.9854736328124,-0.5829071982660743,0.5938449731229305,4.052969306157664,-1.168923804645459,-0.2098230645946781,0.85838952677181,1.4536342832907012,-0.6679330212206605,0.3381650500633002,-2.388643845778672
33.0,178.0,999.9854736328124,-0.5829095726843958,0.5938407385559428,4.052971954665734,-1.1689341525171448,-0.209820247370847,0.8583868209768948,1.4536418738817725,-0.6679298274476588,0.3381583928375686,-2.388650999240728
33.0,178.0,999.9854125976562,-0.5829100751635394,0.5938476280285112,4.0529673532464745,-1.1689307375966438,-0.2098200484741292,0.8583837688255445,1.453634020763812,-0.667930186750664,0.3381546992962994,-2.3886517699105085
33.0,178.0,999.9854125976562,-0.5829100681240824,0.5938456765182334,4.052969274383969,-1.1689332759884987,-0.2098209617938327,0.8583825058052259,1.4536375603755474,-0.6679303053496808,0.338157951095801,-2.3886492853262418
33.0,178.0,999.9854736328124,-0.5829137736605352,0.5938444058658412,4.052969872509909,-1.1689348985154933,-0.2098161165663512,0.858386272324454,1.4536341886582802,-0.6679319963189352,0.3381573117470147,-2.3886544254390083
33.0,178.0,999.9854125976562,-0.5829098110707651,0.5938424344959188,4.052967700342922,-1.1689340197207023,-0.2098209492703437,0.8583875615235144,1.4536415851907076,-0.6679289928054075,0.3381543218562779,-2.3886531144276835
33.0,178.0,999.9854125976562,-0.5829095912944267,0.5938460000806911,4.052968302634829,-1.1689292857165583,-0.2098203361913579,0.8583858282352903,1.453633626359112,-0.6679317933515616,0.3381569036183371,-2.388649908606848
33.0,178.0,999.9854125976562,-0.5829083286359023,0.5938429914468362,4.052969750829666,-1.1689276088161824,-0.209821789504347,0.8583877389542769,1.453635512111461,-0.6679292388258498,0.338161579608176,-2.3886467668245155
33.0,178.0,999.9854736328124,-0.582908315466339,0.5938364726323808,4.052966911526594,-1.1689218542862916,-0.2098219623189905,0.8583980305806707,1.4536316359405728,-0.6679333976108337,0.3381608434691507,-2.388647879782237
33.0,178.0,999.9854125976562,-0.5829087331506964,0.5938436902926645,4.052969387091823,-1.1689274507897056,-0.2098199292101972,0.8583898443253428,1.4536331330359609,-0.6679329909130951,0.3381574499636564,-2.388652233254627
33.0,178.0,999.9854125976562,-0.582907726887834,0.5938431441529355,4.052967908674907,-1.168925345477649,-0.2098221326248337,0.8583891147660596,1.4536340246089008,-0.667931358047336,0.3381620073938247,-2.3886463715820616
33.0,178.0,999.9854125976562,-0.5829076798980068,0.5938404117607945,4.05297051304596,-1.1689275600606424,-0.209821713372114,0.8583913031801487,1.453635672254431,-0.6679319112536026,0.3381615227801768,-2.3886457164473
33.0,178.0,999.9854125976562,-0.5829093460172396,0.5938416178402219,4.052967900981471,-1.16892803086867,-0.2098216172350495,0.8583898148066798,1.4536348322165606,-0.6679315195619742,0.3381570621749787,-2.388653151886704
33.0,178.0,999.9854125976562,-0.5829111423812021,0.5938417281242927,4.052967273692527,-1.168937990894396,-0.2098188783213892,0.8583862980719843,1.4536387175801018,-0.6679299581983047,0.3381527562499551,-2.3886556633371887
33.0,178.0,999.9854125976562,-0.5829098067737242,0.5938418869161852,4.052969926076772,-1.168932962879614,-0.2098200096625611,0.8583881816774657,1.4536382420763443,-0.6679309183147435,0.3381584980015013,-2.3886515618888686
33.0,178.0,999.9854125976562,-0.5829103778848639,0.5938422112375878,4.052969555587008,-1.1689317202119307,-0.2098178053476322,0.8583889493228556,1.4536322108663455,-0.6679313620737739,0.33815856587628,-2.388654943244448
33.0,178.0,999.9854125976562,-0.5829118325315878,0.59384640490447,4.052967050494216,-1.1689325379039062,-0.2098197125543865,0.858382201093356,1.4536331260337922,-0.6679299508821508,0.3381551993224949,-2.3886558237539064
33.0,178.0,999.9854125976562,-0.582910623671121,0.5938468418117644,4.052966727923948,-1.1689308335329516,-0.2098195639844329,0.8583868100677208,1.4536382508312071,-0.6679286617520228,0.3381589475138593,-2.3886497070908383
33.0,178.0,999.9854736328124,-0.5829131705692623,0.5938446931100403,4.052967470625422,-1.168936521862003,-0.2098168929607489,0.8583832583827427,1.453636761022448,-0.6679289803960016,0.3381547199746206,-2.388654511016397
33.0,178.0,999.9854125976562,-0.5829118836340133,0.5938498672774228,4.052970448674158,-1.168936906297866,-0.2098198975170184,0.8583785078401176,1.45364085488022,-0.6679286995677023,0.3381564304744353,-2.388653206682445
33.0,178.0,999.9854125976562,-0.5829087949499652,0.593845034287007,4.052970508118444,-1.168928547894443,-0.2098224476814145,0.8583875328920989,1.4536368905675996,-0.6679312072480235,0.3381572322704009,-2.38865210320905
33.0,178.0,999.9854125976562,-0.5829084092747854,0.5938428240466642,4.0529676298032165,-1.1689301752317238,-0.2098215715815623,0.8583872038411187,1.4536343144652184,-0.667930122129043,0.3381575164245607,-2.388652078505048
33.0,178.0,999.9854125976562,-0.5829095859804241,0.5938406331269919,4.052968176709722,-1.168931503145088,-0.2098209076946222,0.8583892540233515,1.4536378364109872,-0.6679300194485567,0.3381580775888668,-2.388651822241826
33.0,178.0,999.9854125976562,-0.5829091460442974,0.5938427161815163,4.052967983914659,-1.168932720350056,-0.2098206485035323,0.8583868792050344,1.4536381128011753,-0.6679303655655904,0.3381568038581397,-2.3886493022307667
33.0,178.0,999.9854125976562,-0.5829102950702261,0.5938428858825704,4.052967843380422,-1.1689345573594268,-0.2098205921430471,0.8583856818133491,1.453640637527366,-0.6679287680216106,0.338155448232774,-2.3886515656416583
33.0,178.0,999.9854736328124,-0.5829132984414827,0.5938489709740846,4.052970789807306,-1.1689431320605124,-0.2098171771984027,0.8583788437065039,1.4536445838197327,-0.6679304958069672,0.3381497692766686,-2.3886588798555053
33.0,178.0,999.9854125976562,-0.5829060123603016,0.593836560380093,4.052975365620428,-1.1689241200480105,-0.2098240630418342,0.8583930784502982,1.4536335827633824,-0.667932516673071,0.3381671997029043,-2.3886453038692568
33.0,178.0,999.9854125976562,-0.5829130777597538,0.5938459034936212,4.05296736459896,-1.1689350907835565,-0.2098175064283491,0.8583867499397568,1.4536367382243451,-0.6679312578242138,0.3381519127861487,-2.388658390783621
33.0,178.0,999.9854125976562,-0.5829096502875846,0.5938480877049717,4.052969470781729,-1.1689296632689905,-0.2098215599325366,0.858383474204917,1.453637234407954,-0.6679297083303197,0.3381598485675932,-2.388647974585024
33.0,178.0,999.9854736328124,-0.5829101283680114,0.5938423363521537,4.052960540582697,-1.1689345906917756,-0.2098177857015342,0.858389327678375,1.4536407086056204,-0.6679272886357959,0.3381500429679462,-2.388652960588268
33.0,178.0,999.9854125976562,-0.5829095379166924,0.5938397726318092,4.052970797904784,-1.1689298783720163,-0.2098216385974236,0.8583895757878643,1.4536353100896786,-0.6679303409240527,0.3381610256267029,-2.3886518878919483
33.0,178.0,999.9854125976562,-0.5829102996672404,0.5938429846851196,4.052965962505466,-1.168929693179205,-0.2098191325018907,0.8583894703774142,1.4536324541820091,-0.6679318446519016,0.3381524100688811,-2.388655679076128
33.0,178.0,999.9854125976562,-0.582909041073064,0.5938445933394902,4.052968789229926,-1.1689255048636489,-0.2098215543503538,0.8583868715352221,1.4536343138395118,-0.6679296269553987,0.3381631023521461,-2.3886459364569825
33.0,178.0,999.9854125976562,-0.5829079981854441,0.5938425890157886,4.052973456056153,-1.1689276399711497,-0.2098214250319978,0.858391003394015,1.4536369956328965,-0.6679333548877482,0.3381645668113116,-2.388645873925591
33.0,178.0,999.9854125976562,-0.5829084140763445,0.5938444865442216,4.05297108878584,-1.1689329074348676,-0.2098213018969499,0.8583852301539547,1.4536410024667887,-0.6679290052054352,0.3381607125347718,-2.388648647023889
33.0,178.0,999.9854125976562,-0.5829074859759968,0.5938408413543153,4.052968638928359,-1.168925908185832,-0.2098230076696214,0.8583912672834142,1.453634993209235,-0.6679324347880335,0.3381608337132249,-2.38864655182546
33.0,178.0,999.9854125976562,-0.5829115473700694,0.5938460139440576,4.052964850885889,-1.1689304439558108,-0.2098181028479713,0.8583879471064835,1.4536323913428353,-0.6679312727921927,0.3381554674145794,-2.388653491124757
33.0,178.0,999.9854125976562,-0.5829092241329645,0.5938400562597561,4.052970043100826,-1.1689299670784257,-0.2098208585628489,0.8583913745644365,1.4536382003045911,-0.6679327064800109,0.3381604247301695,-2.3886479785911208
33.0,179.0,999.9854125976562,-0.5829080301043197,0.5938441512901438,4.052970804960252,-1.1689270072208364,-0.2098229107810407,0.8583898767830913,1.4536378131821293,-0.667931716988269,0.3381640396235665,-2.388644091190637
33.0,179.0,999.9854125976562,-0.582910921723645,0.5938468438107751,4.052966354518876,-1.1689291290153667,-0.2098202126618344,0.8583835048482102,1.453632280737395,-0.6679292895314459,0.3381567170107979,-2.38865287793681
33.0,179.0,999.9854736328124,-0.5829062029904666,0.593836395699153,4.05297521198278,-1.1689233558286762,-0.2098249695370118,0.858397728953082,1.4536373324926135,-0.6679363998723336,0.3381654810396544,-2.388640778647529
33.0,179.0,999.9854736328124,-0.5829091291420498,0.5938388910109431,4.052967150645566,-1.1689261358208451,-0.2098195689170978,0.8583933887557249,1.4536333021051293,-0.6679328121856791,0.3381615336939569,-2.3886469840640108
33.0,179.0,999.9854125976562,-0.5829077021455049,0.5938421964434575,4.052971850597512,-1.1689311000567084,-0.2098226586127021,0.8583871230336735,1.45364161511141,-0.6679292513426649,0.3381610531502401,-2.388646284542853
33.0,179.0,999.9854125976562,-0.582909926206022,0.5938419474242105,4.052971420175801,-1.168932870690222,-0.2098210720918212,0.8583868850100913,1.453638483856321,-0.6679319996604036,0.3381580283910708,-2.388651744867325
33.0,179.0,999.9854736328124,-0.5829093102984935,0.5938401568646867,4.052971847942793,-1.1689321136429394,-0.2098221931961754,0.8583863450100884,1.4536405622367097,-0.6679298442439077,0.3381580547510046,-2.3886512453787203
33.0,179.0,999.9854736328124,-0.5829102107186133,0.5938450663850912,4.052964011930246,-1.1689338308235508,-0.2098190051254942,0.8583842931100971,1.4536381434228964,-0.6679286246445066,0.3381533882382284,-2.388653436662032
33.0,179.0,999.9854125976562,-0.5829092924358914,0.593841125737729,4.0529671244572505,-1.1689300210327196,-0.2098199465649806,0.8583923780187774,1.4536351596033086,-0.6679319210208412,0.3381551813859733,-2.3886527196902003
33.0,179.0,999.9854125976562,-0.5829096201509207,0.5938454267090378,4.05296790881671,-1.168928026857381,-0.2098199477678166,0.8583878847484936,1.4536299579781904,-0.6679311170747155,0.3381597506681357,-2.388650344920144
33.0,179.0,999.9854125976562,-0.5829115196642194,0.5938448183503571,4.05296804846466,-1.1689363929749534,-0.2098177083492975,0.8583836386790686,1.453637655776726,-0.6679287530701323,0.3381553541021622,-2.3886563076135663
33.0,179.0,999.9854125976562,-0.582908210720384,0.5938390242467362,4.052972765647283,-1.168931862945758,-0.2098214532051461,0.8583910098607266,1.4536384786628522,-0.667932401101357,0.3381581515151532,-2.388651526432724
33.0,179.0,999.9854736328124,-0.5829071982660743,0.5938449731229305,4.052969306157664,-1.168923804645459,-0.2098230645946781,0.85838952677181,1.4536342832907012,-0.6679330212206605,0.3381650500633002,-2.388643845778672
33.0,179.0,999.9854736328124,-0.5829095726843958,0.5938407385559428,4.052971954665734,-1.1689341525171448,-0.209820247370847,0.8583868209768948,1.4536418738817725,-0.6679298274476588,0.3381583928375686,-2.388650999240728
33.0,179.0,999.9854125976562,-0.5829100751635394,0.5938476280285112,4.0529673532464745,-1.1689307375966438,-0.2098200484741292,0.8583837688255445,1.453634020763812,-0.667930186750664,0.3381546992962994,-2.3886517699105085
33.0,179.0,999.9854125976562,-0.5829100681240824,0.5938456765182334,4.052969274383969,-1.1689332759884987,-0.2098209617938327,0.8583825058052259,1.4536375603755474,-0.6679303053496808,0.338157951095801,-2.3886492853262418
33.0,179.0,999.9854736328124,-0.5829137736605352,0.5938444058658412,4.052969872509909,-1.1689348985154933,-0.2098161165663512,0.858386272324454,1.4536341886582802,-0.6679319963189352,0.3381573117470147,-2.3886544254390083
33.0,179.0,999.9854125976562,-0.5829098110707651,0.5938424344959188,4.052967700342922,-1.1689340197207023,-0.2098209492703437,0.8583875615235144,1.4536415851907076,-0.6679289928054075,0.3381543218562779,-2.3886531144276835
33.0,179.0,999.9854125976562,-0.5829095912944267,0.5938460000806911,4.052968302634829,-1.1689292857165583,-0.2098203361913579,0.8583858282352903,1.453633626359112,-0.6679317933515616,0.3381569036183371,-2.388649908606848
33.0,179.0,999.9854125976562,-0.5829083286359023,0.5938429914468362,4.052969750829666,-1.1689276088161824,-0.209821789504347,0.8583877389542769,1.453635512111461,-0.6679292388258498,0.338161579608176,-2.3886467668245155
33.0,179.0,999.9854736328124,-0.582908315466339,0.5938364726323808,4.052966911526594,-1.1689218542862916,-0.2098219623189905,0.8583980305806707,1.4536316359405728,-0.6679333976108337,0.3381608434691507,-2.388647879782237
33.0,179.0,999.9854125976562,-0.5829087331506964,0.5938436902926645,4.052969387091823,-1.1689274507897056,-0.2098199292101972,0.8583898443253428,1.4536331330359609,-0.6679329909130951,0.3381574499636564,-2.388652233254627
33.0,179.0,999.9854125976562,-0.582907726887834,0.5938431441529355,4.052967908674907,-1.168925345477649,-0.2098221326248337,0.8583891147660596,1.4536340246089008,-0.667931358047336,0.3381620073938247,-2.3886463715820616
33.0,179.0,999.9854125976562,-0.5829076798980068,0.5938404117607945,4.05297051304596,-1.1689275600606424,-0.209821713372114,0.8583913031801487,1.453635672254431,-0.6679319112536026,0.3381615227801768,-2.3886457164473
33.0,179.0,999.9854125976562,-0.5829093460172396,0.5938416178402219,4.052967900981471,-1.16892803086867,-0.2098216172350495,0.8583898148066798,1.4536348322165606,-0.6679315195619742,0.3381570621749787,-2.388653151886704
33.0,179.0,999.9854125976562,-0.5829111423812021,0.5938417281242927,4.052967273692527,-1.168937990894396,-0.2098188783213892,0.8583862980719843,1.4536387175801018,-0.6679299581983047,0.3381527562499551,-2.3886556633371887
33.0,179.0,999.9854125976562,-0.5829098067737242,0.5938418869161852,4.052969926076772,-1.168932962879614,-0.2098200096625611,0.8583881816774657,1.4536382420763443,-0.6679309183147435,0.3381584980015013,-2.3886515618888686
33.0,179.0,999.9854125976562,-0.5829103778848639,0.5938422112375878,4.052969555587008,-1.1689317202119307,-0.2098178053476322,0.8583889493228556,1.4536322108663455,-0.6679313620737739,0.33815856587628,-2.388654943244448
33.0,179.0,999.9854125976562,-0.5829118325315878,0.59384640490447,4.052967050494216,-1.1689325379039062,-0.2098197125543865,0.858382201093356,1.4536331260337922,-0.6679299508821508,0.3381551993224949,-2.3886558237539064
33.0,179.0,999.9854125976562,-0.582910623671121,0.5938468418117644,4.052966727923948,-1.1689308335329516,-0.2098195639844329,0.8583868100677208,1.4536382508312071,-0.6679286617520228,0.3381589475138593,-2.3886497070908383
33.0,179.0,999.9854736328124,-0.5829131705692623,0.5938446931100403,4.052967470625422,-1.168936521862003,-0.2098168929607489,0.8583832583827427,1.453636761022448,-0.6679289803960016,0.3381547199746206,-2.388654511016397
33.0,179.0,999.9854125976562,-0.5829118836340133,0.5938498672774228,4.052970448674158,-1.168936906297866,-0.2098198975170184,0.8583785078401176,1.45364085488022,-0.6679286995677023,0.3381564304744353,-2.388653206682445
33.0,179.0,999.9854125976562,-0.5829087949499652,0.593845034287007,4.052970508118444,-1.168928547894443,-0.2098224476814145,0.8583875328920989,1.4536368905675996,-0.6679312072480235,0.3381572322704009,-2.38865210320905
33.0,179.0,999.9854125976562,-0.5829084092747854,0.5938428240466642,4.0529676298032165,-1.1689301752317238,-0.2098215715815623,0.8583872038411187,1.4536343144652184,-0.667930122129043,0.3381575164245607,-2.388652078505048
33.0,179.0,999.9854125976562,-0.5829095859804241,0.5938406331269919,4.052968176709722,-1.168931503145088,-0.2098209076946222,0.8583892540233515,1.4536378364109872,-0.6679300194485567,0.3381580775888668,-2.388651822241826
33.0,179.0,999.9854125976562,-0.5829091460442974,0.5938427161815163,4.052967983914659,-1.168932720350056,-0.2098206485035323,0.8583868792050344,1.4536381128011753,-0.6679303655655904,0.3381568038581397,-2.3886493022307667
33.0,179.0,999.9854125976562,-0.5829102950702261,0.5938428858825704,4.052967843380422,-1.1689345573594268,-0.2098205921430471,0.8583856818133491,1.453640637527366,-0.6679287680216106,0.338155448232774,-2.3886515656416583
33.0,179.0,999.9854736328124,-0.5829132984414827,0.5938489709740846,4.052970789807306,-1.1689431320605124,-0.2098171771984027,0.8583788437065039,1.4536445838197327,-0.6679304958069672,0.3381497692766686,-2.3886588798555053
33.0,179.0,999.9854125976562,-0.5829060123603016,0.593836560380093,4.052975365620428,-1.1689241200480105,-0.2098240630418342,0.8583930784502982,1.4536335827633824,-0.667932516673071,0.3381671997029043,-2.3886453038692568
33.0,179.0,999.9854125976562,-0.5829130777597538,0.5938459034936212,4.05296736459896,-1.1689350907835565,-0.2098175064283491,0.8583867499397568,1.4536367382243451,-0.6679312578242138,0.3381519127861487,-2.388658390783621
33.0,179.0,999.9854125976562,-0.5829096502875846,0.5938480877049717,4.052969470781729,-1.1689296632689905,-0.2098215599325366,0.858383474204917,1.453637234407954,-0.6679297083303197,0.3381598485675932,-2.388647974585024
33.0,179.0,999.9854736328124,-0.5829101283680114,0.5938423363521537,4.052960540582697,-1.1689345906917756,-0.2098177857015342,0.858389327678375,1.4536407086056204,-0.6679272886357959,0.3381500429679462,-2.388652960588268
33.0,179.0,999.9854125976562,-0.5829095379166924,0.5938397726318092,4.052970797904784,-1.1689298783720163,-0.2098216385974236,0.8583895757878643,1.4536353100896786,-0.6679303409240527,0.3381610256267029,-2.3886518878919483
33.0,179.0,999.9854125976562,-0.5829102996672404,0.5938429846851196,4.052965962505466,-1.168929693179205,-0.2098191325018907,0.8583894703774142,1.4536324541820091,-0.6679318446519016,0.3381524100688811,-2.388655679076128
33.0,179.0,999.9854125976562,-0.582909041073064,0.5938445933394902,4.052968789229926,-1.1689255048636489,-0.2098215543503538,0.8583868715352221,1.4536343138395118,-0.6679296269553987,0.3381631023521461,-2.3886459364569825
33.0,179.0,999.9854125976562,-0.5829079981854441,0.5938425890157886,4.052973456056153,-1.1689276399711497,-0.2098214250319978,0.858391003394015,1.4536369956328965,-0.6679333548877482,0.3381645668113116,-2.388645873925591
33.0,179.0,999.9854125976562,-0.5829084140763445,0.5938444865442216,4.05297108878584,-1.1689329074348676,-0.2098213018969499,0.8583852301539547,1.4536410024667887,-0.6679290052054352,0.3381607125347718,-2.388648647023889
33.0,179.0,999.9854125976562,-0.5829074859759968,0.5938408413543153,4.052968638928359,-1.168925908185832,-0.2098230076696214,0.8583912672834142,1.453634993209235,-0.6679324347880335,0.3381608337132249,-2.38864655182546
33.0,179.0,999.9854125976562,-0.5829115473700694,0.5938460139440576,4.052964850885889,-1.1689304439558108,-0.2098181028479713,0.8583879471064835,1.4536323913428353,-0.6679312727921927,0.3381554674145794,-2.388653491124757
33.0,179.0,999.9854125976562,-0.5829092241329645,0.5938400562597561,4.052970043100826,-1.1689299670784257,-0.2098208585628489,0.8583913745644365,1.4536382003045911,-0.6679327064800109,0.3381604247301695,-2.3886479785911208
33.0,180.0,999.9854125976562,-0.5829080301043197,0.5938441512901438,4.052970804960252,-1.1689270072208364,-0.2098229107810407,0.8583898767830913,1.4536378131821293,-0.667931716988269,0.3381640396235665,-2.388644091190637
33.0,180.0,999.9854125976562,-0.582910921723645,0.5938468438107751,4.052966354518876,-1.1689291290153667,-0.2098202126618344,0.8583835048482102,1.453632280737395,-0.6679292895314459,0.3381567170107979,-2.38865287793681
33.0,180.0,999.9854736328124,-0.5829062029904666,0.593836395699153,4.05297521198278,-1.1689233558286762,-0.2098249695370118,0.858397728953082,1.4536373324926135,-0.6679363998723336,0.3381654810396544,-2.388640778647529
33.0,180.0,999.9854736328124,-0.5829091291420498,0.5938388910109431,4.052967150645566,-1.1689261358208451,-0.2098195689170978,0.8583933887557249,1.4536333021051293,-0.6679328121856791,0.3381615336939569,-2.3886469840640108
33.0,180.0,999.9854125976562,-0.5829077021455049,0.5938421964434575,4.052971850597512,-1.1689311000567084,-0.2098226586127021,0.8583871230336735,1.45364161511141,-0.6679292513426649,0.3381610531502401,-2.388646284542853
33.0,180.0,999.9854125976562,-0.582909926206022,0.5938419474242105,4.052971420175801,-1.168932870690222,-0.2098210720918212,0.8583868850100913,1.453638483856321,-0.6679319996604036,0.3381580283910708,-2.388651744867325
33.0,180.0,999.9854736328124,-0.5829093102984935,0.5938401568646867,4.052971847942793,-1.1689321136429394,-0.2098221931961754,0.8583863450100884,1.4536405622367097,-0.6679298442439077,0.3381580547510046,-2.3886512453787203
33.0,180.0,999.9854736328124,-0.5829102107186133,0.5938450663850912,4.052964011930246,-1.1689338308235508,-0.2098190051254942,0.8583842931100971,1.4536381434228964,-0.6679286246445066,0.3381533882382284,-2.388653436662032
33.0,180.0,999.9854125976562,-0.5829092924358914,0.593841125737729,4.0529671244572505,-1.1689300210327196,-0.2098199465649806,0.8583923780187774,1.4536351596033086,-0.6679319210208412,0.3381551813859733,-2.3886527196902003
33.0,180.0,999.9854125976562,-0.5829096201509207,0.5938454267090378,4.05296790881671,-1.168928026857381,-0.2098199477678166,0.8583878847484936,1.4536299579781904,-0.6679311170747155,0.3381597506681357,-2.388650344920144
33.0,180.0,999.9854125976562,-0.5829115196642194,0.5938448183503571,4.05296804846466,-1.1689363929749534,-0.2098177083492975,0.8583836386790686,1.453637655776726,-0.6679287530701323,0.3381553541021622,-2.3886563076135663
33.0,180.0,999.9854125976562,-0.582908210720384,0.5938390242467362,4.052972765647283,-1.168931862945758,-0.2098214532051461,0.8583910098607266,1.4536384786628522,-0.667932401101357,0.3381581515151532,-2.388651526432724
33.0,180.0,999.9854736328124,-0.5829071982660743,0.5938449731229305,4.052969306157664,-1.168923804645459,-0.2098230645946781,0.85838952677181,1.4536342832907012,-0.6679330212206605,0.3381650500633002,-2.388643845778672
33.0,180.0,999.9854736328124,-0.5829095726843958,0.5938407385559428,4.052971954665734,-1.1689341525171448,-0.209820247370847,0.8583868209768948,1.4536418738817725,-0.6679298274476588,0.3381583928375686,-2.388650999240728
33.0,180.0,999.9854125976562,-0.5829100751635394,0.5938476280285112,4.0529673532464745,-1.1689307375966438,-0.2098200484741292,0.8583837688255445,1.453634020763812,-0.667930186750664,0.3381546992962994,-2.3886517699105085
33.0,180.0,999.9854125976562,-0.5829100681240824,0.5938456765182334,4.052969274383969,-1.1689332759884987,-0.2098209617938327,0.8583825058052259,1.4536375603755474,-0.6679303053496808,0.338157951095801,-2.3886492853262418
33.0,180.0,999.9854736328124,-0.5829137736605352,0.5938444058658412,4.052969872509909,-1.1689348985154933,-0.2098161165663512,0.858386272324454,1.4536341886582802,-0.6679319963189352,0.3381573117470147,-2.3886544254390083
33.0,180.0,999.9854125976562,-0.5829098110707651,0.5938424344959188,4.052967700342922,-1.1689340197207023,-0.2098209492703437,0.8583875615235144,1.4536415851907076,-0.6679289928054075,0.3381543218562779,-2.3886531144276835
33.0,180.0,999.9854125976562,-0.5829095912944267,0.5938460000806911,4.052968302634829,-1.1689292857165583,-0.2098203361913579,0.8583858282352903,1.453633626359112,-0.6679317933515616,0.3381569036183371,-2.388649908606848
33.0,180.0,999.9854125976562,-0.5829083286359023,0.5938429914468362,4.052969750829666,-1.1689276088161824,-0.209821789504347,0.8583877389542769,1.453635512111461,-0.6679292388258498,0.338161579608176,-2.3886467668245155
33.0,180.0,999.9854736328124,-0.582908315466339,0.5938364726323808,4.052966911526594,-1.1689218542862916,-0.2098219623189905,0.8583980305806707,1.4536316359405728,-0.6679333976108337,0.3381608434691507,-2.388647879782237
33.0,180.0,999.9854125976562,-0.5829087331506964,0.5938436902926645,4.052969387091823,-1.1689274507897056,-0.2098199292101972,0.8583898443253428,1.4536331330359609,-0.6679329909130951,0.3381574499636564,-2.388652233254627
33.0,180.0,999.9854125976562,-0.582907726887834,0.5938431441529355,4.052967908674907,-1.168925345477649,-0.2098221326248337,0.8583891147660596,1.4536340246089008,-0.667931358047336,0.3381620073938247,-2.3886463715820616
33.0,180.0,999.9854125976562,-0.5829076798980068,0.5938404117607945,4.05297051304596,-1.1689275600606424,-0.209821713372114,0.8583913031801487,1.453635672254431,-0.6679319112536026,0.3381615227801768,-2.3886457164473
33.0,180.0,999.9854125976562,-0.5829093460172396,0.5938416178402219,4.052967900981471,-1.16892803086867,-0.2098216172350495,0.8583898148066798,1.4536348322165606,-0.6679315195619742,0.3381570621749787,-2.388653151886704
33.0,180.0,999.9854125976562,-0.5829111423812021,0.5938417281242927,4.052967273692527,-1.168937990894396,-0.2098188783213892,0.8583862980719843,1.4536387175801018,-0.6679299581983047,0.3381527562499551,-2.3886556633371887
33.0,180.0,999.9854125976562,-0.5829098067737242,0.5938418869161852,4.052969926076772,-1.168932962879614,-0.2098200096625611,0.8583881816774657,1.4536382420763443,-0.6679309183147435,0.3381584980015013,-2.3886515618888686
33.0,180.0,999.9854125976562,-0.5829103778848639,0.5938422112375878,4.052969555587008,-1.1689317202119307,-0.2098178053476322,0.8583889493228556,1.4536322108663455,-0.6679313620737739,0.33815856587628,-2.388654943244448
33.0,180.0,999.9854125976562,-0.5829118325315878,0.59384640490447,4.052967050494216,-1.1689325379039062,-0.2098197125543865,0.858382201093356,1.4536331260337922,-0.6679299508821508,0.3381551993224949,-2.3886558237539064
33.0,180.0,999.9854125976562,-0.582910623671121,0.5938468418117644,4.052966727923948,-1.1689308335329516,-0.2098195639844329,0.8583868100677208,1.4536382508312071,-0.6679286617520228,0.3381589475138593,-2.3886497070908383
33.0,180.0,999.9854736328124,-0.5829131705692623,0.5938446931100403,4.052967470625422,-1.168936521862003,-0.2098168929607489,0.8583832583827427,1.453636761022448,-0.6679289803960016,0.3381547199746206,-2.388654511016397
33.0,180.0,999.9854125976562,-0.5829118836340133,0.5938498672774228,4.052970448674158,-1.168936906297866,-0.2098198975170184,0.8583785078401176,1.45364085488022,-0.6679286995677023,0.3381564304744353,-2.388653206682445
33.0,180.0,999.9854125976562,-0.5829087949499652,0.593845034287007,4.052970508118444,-1.168928547894443,-0.2098224476814145,0.8583875328920989,1.4536368905675996,-0.6679312072480235,0.3381572322704009,-2.38865210320905
33.0,180.0,999.9854125976562,-0.5829084092747854,0.5938428240466642,4.0529676298032165,-1.1689301752317238,-0.2098215715815623,0.8583872038411187,1.4536343144652184,-0.667930122129043,0.3381575164245607,-2.388652078505048
33.0,180.0,999.9854125976562,-0.5829095859804241,0.5938406331269919,4.052968176709722,-1.168931503145088,-0.2098209076946222,0.8583892540233515,1.4536378364109872,-0.6679300194485567,0.3381580775888668,-2.388651822241826
33.0,180.0,999.9854125976562,-0.5829091460442974,0.5938427161815163,4.052967983914659,-1.168932720350056,-0.2098206485035323,0.8583868792050344,1.4536381128011753,-0.6679303655655904,0.3381568038581397,-2.3886493022307667
33.0,180.0,999.9854125976562,-0.5829102950702261,0.5938428858825704,4.052967843380422,-1.1689345573594268,-0.2098205921430471,0.8583856818133491,1.453640637527366,-0.6679287680216106,0.338155448232774,-2.3886515656416583
33.0,180.0,999.9854736328124,-0.5829132984414827,0.5938489709740846,4.052970789807306,-1.1689431320605124,-0.2098171771984027,0.8583788437065039,1.4536445838197327,-0.6679304958069672,0.3381497692766686,-2.3886588798555053
33.0,180.0,999.9854125976562,-0.5829060123603016,0.593836560380093,4.052975365620428,-1.1689241200480105,-0.2098240630418342,0.8583930784502982,1.4536335827633824,-0.667932516673071,0.3381671997029043,-2.3886453038692568
33.0,180.0,999.9854125976562,-0.5829130777597538,0.5938459034936212,4.05296736459896,-1.1689350907835565,-0.2098175064283491,0.8583867499397568,1.4536367382243451,-0.6679312578242138,0.3381519127861487,-2.388658390783621
33.0,180.0,999.9854125976562,-0.5829096502875846,0.5938480877049717,4.052969470781729,-1.1689296632689905,-0.2098215599325366,0.858383474204917,1.453637234407954,-0.6679297083303197,0.3381598485675932,-2.388647974585024
33.0,180.0,999.9854736328124,-0.5829101283680114,0.5938423363521537,4.052960540582697,-1.1689345906917756,-0.2098177857015342,0.858389327678375,1.4536407086056204,-0.6679272886357959,0.3381500429679462,-2.388652960588268
33.0,180.0,999.9854125976562,-0.5829095379166924,0.5938397726318092,4.052970797904784,-1.1689298783720163,-0.2098216385974236,0.8583895757878643,1.4536353100896786,-0.6679303409240527,0.3381610256267029,-2.3886518878919483
33.0,180.0,999.9854125976562,-0.5829102996672404,0.5938429846851196,4.052965962505466,-1.168929693179205,-0.2098191325018907,0.8583894703774142,1.4536324541820091,-0.6679318446519016,0.3381524100688811,-2.388655679076128
33.0,180.0,999.9854125976562,-0.582909041073064,0.5938445933394902,4.052968789229926,-1.1689255048636489,-0.2098215543503538,0.8583868715352221,1.4536343138395118,-0.6679296269553987,0.3381631023521461,-2.3886459364569825
33.0,180.0,999.9854125976562,-0.5829079981854441,0.5938425890157886,4.052973456056153,-1.1689276399711497,-0.2098214250319978,0.858391003394015,1.4536369956328965,-0.6679333548877482,0.3381645668113116,-2.388645873925591
33.0,180.0,999.9854125976562,-0.5829084140763445,0.5938444865442216,4.05297108878584,-1.1689329074348676,-0.2098213018969499,0.8583852301539547,1.4536410024667887,-0.6679290052054352,0.3381607125347718,-2.388648647023889
33.0,180.0,999.9854125976562,-0.5829074859759968,0.5938408413543153,4.052968638928359,-1.168925908185832,-0.2098230076696214,0.8583912672834142,1.453634993209235,-0.6679324347880335,0.3381608337132249,-2.38864655182546
33.0,180.0,999.9854125976562,-0.5829115473700694,0.5938460139440576,4.052964850885889,-1.1689304439558108,-0.2098181028479713,0.8583879471064835,1.4536323913428353,-0.6679312727921927,0.3381554674145794,-2.388653491124757
33.0,180.0,999.9854125976562,-0.5829092241329645,0.5938400562597561,4.052970043100826,-1.1689299670784257,-0.2098208585628489,0.8583913745644365,1.4536382003045911,-0.6679327064800109,0.3381604247301695,-2.3886479785911208
33.0,181.0,999.9854125976562,-0.5829080301043197,0.5938441512901438,4.052970804960252,-1.1689270072208364,-0.2098229107810407,0.8583898767830913,1.4536378131821293,-0.667931716988269,0.3381640396235665,-2.388644091190637
33.0,181.0,999.9854125976562,-0.582910921723645,0.5938468438107751,4.052966354518876,-1.1689291290153667,-0.2098202126618344,0.8583835048482102,1.453632280737395,-0.6679292895314459,0.3381567170107979,-2.38865287793681
33.0,181.0,999.9854736328124,-0.5829062029904666,0.593836395699153,4.05297521198278,-1.1689233558286762,-0.2098249695370118,0.858397728953082,1.4536373324926135,-0.6679363998723336,0.3381654810396544,-2.388640778647529
33.0,181.0,999.9854736328124,-0.5829091291420498,0.5938388910109431,4.052967150645566,-1.1689261358208451,-0.2098195689170978,0.8583933887557249,1.4536333021051293,-0.6679328121856791,0.3381615336939569,-2.3886469840640108
33.0,181.0,999.9854125976562,-0.5829077021455049,0.5938421964434575,4.052971850597512,-1.1689311000567084,-0.2098226586127021,0.8583871230336735,1.45364161511141,-0.6679292513426649,0.3381610531502401,-2.388646284542853
33.0,181.0,999.9854125976562,-0.582909926206022,0.5938419474242105,4.052971420175801,-1.168932870690222,-0.2098210720918212,0.8583868850100913,1.453638483856321,-0.6679319996604036,0.3381580283910708,-2.388651744867325
33.0,181.0,999.9854736328124,-0.5829093102984935,0.5938401568646867,4.052971847942793,-1.1689321136429394,-0.2098221931961754,0.8583863450100884,1.4536405622367097,-0.6679298442439077,0.3381580547510046,-2.3886512453787203
33.0,181.0,999.9854736328124,-0.5829102107186133,0.5938450663850912,4.052964011930246,-1.1689338308235508,-0.2098190051254942,0.8583842931100971,1.4536381434228964,-0.6679286246445066,0.3381533882382284,-2.388653436662032
33.0,181.0,999.9854125976562,-0.5829092924358914,0.593841125737729,4.0529671244572505,-1.1689300210327196,-0.2098199465649806,0.8583923780187774,1.4536351596033086,-0.6679319210208412,0.3381551813859733,-2.3886527196902003
33.0,181.0,999.9854125976562,-0.5829096201509207,0.5938454267090378,4.05296790881671,-1.168928026857381,-0.2098199477678166,0.8583878847484936,1.4536299579781904,-0.6679311170747155,0.3381597506681357,-2.388650344920144
33.0,181.0,999.9854125976562,-0.5829115196642194,0.5938448183503571,4.05296804846466,-1.1689363929749534,-0.2098177083492975,0.8583836386790686,1.453637655776726,-0.6679287530701323,0.3381553541021622,-2.3886563076135663
33.0,181.0,999.9854125976562,-0.582908210720384,0.5938390242467362,4.052972765647283,-1.168931862945758,-0.2098214532051461,0.8583910098607266,1.4536384786628522,-0.667932401101357,0.3381581515151532,-2.388651526432724
33.0,181.0,999.9854736328124,-0.5829071982660743,0.5938449731229305,4.052969306157664,-1.168923804645459,-0.2098230645946781,0.85838952677181,1.4536342832907012,-0.6679330212206605,0.3381650500633002,-2.388643845778672
33.0,181.0,999.9854736328124,-0.5829095726843958,0.5938407385559428,4.052971954665734,-1.1689341525171448,-0.209820247370847,0.8583868209768948,1.4536418738817725,-0.6679298274476588,0.3381583928375686,-2.388650999240728
33.0,181.0,999.9854125976562,-0.5829100751635394,0.5938476280285112,4.0529673532464745,-1.1689307375966438,-0.2098200484741292,0.8583837688255445,1.453634020763812,-0.667930186750664,0.3381546992962994,-2.3886517699105085
33.0,181.0,999.9854125976562,-0.5829100681240824,0.5938456765182334,4.052969274383969,-1.1689332759884987,-0.2098209617938327,0.8583825058052259,1.4536375603755474,-0.6679303053496808,0.338157951095801,-2.3886492853262418
33.0,181.0,999.9854736328124,-0.5829137736605352,0.5938444058658412,4.052969872509909,-1.1689348985154933,-0.2098161165663512,0.858386272324454,1.4536341886582802,-0.6679319963189352,0.3381573117470147,-2.3886544254390083
33.0,181.0,999.9854125976562,-0.5829098110707651,0.5938424344959188,4.052967700342922,-1.1689340197207023,-0.2098209492703437,0.8583875615235144,1.4536415851907076,-0.6679289928054075,0.3381543218562779,-2.3886531144276835
33.0,181.0,999.9854125976562,-0.5829095912944267,0.5938460000806911,4.052968302634829,-1.1689292857165583,-0.2098203361913579,0.8583858282352903,1.453633626359112,-0.6679317933515616,0.3381569036183371,-2.388649908606848
33.0,181.0,999.9854125976562,-0.5829083286359023,0.5938429914468362,4.052969750829666,-1.1689276088161824,-0.209821789504347,0.8583877389542769,1.453635512111461,-0.6679292388258498,0.338161579608176,-2.3886467668245155
33.0,181.0,999.9854736328124,-0.582908315466339,0.5938364726323808,4.052966911526594,-1.1689218542862916,-0.2098219623189905,0.8583980305806707,1.4536316359405728,-0.6679333976108337,0.3381608434691507,-2.388647879782237
33.0,181.0,999.9854125976562,-0.5829087331506964,0.5938436902926645,4.052969387091823,-1.1689274507897056,-0.2098199292101972,0.8583898443253428,1.4536331330359609,-0.6679329909130951,0.3381574499636564,-2.388652233254627
33.0,181.0,999.9854125976562,-0.582907726887834,0.5938431441529355,4.052967908674907,-1.168925345477649,-0.2098221326248337,0.8583891147660596,1.4536340246089008,-0.667931358047336,0.3381620073938247,-2.3886463715820616
33.0,181.0,999.9854125976562,-0.5829076798980068,0.5938404117607945,4.05297051304596,-1.1689275600606424,-0.209821713372114,0.8583913031801487,1.453635672254431,-0.6679319112536026,0.3381615227801768,-2.3886457164473
33.0,181.0,999.9854125976562,-0.5829093460172396,0.5938416178402219,4.052967900981471,-1.16892803086867,-0.2098216172350495,0.8583898148066798,1.4536348322165606,-0.6679315195619742,0.3381570621749787,-2.388653151886704
33.0,181.0,999.9854125976562,-0.5829111423812021,0.5938417281242927,4.052967273692527,-1.168937990894396,-0.2098188783213892,0.8583862980719843,1.4536387175801018,-0.6679299581983047,0.3381527562499551,-2.3886556633371887
33.0,181.0,999.9854125976562,-0.5829098067737242,0.5938418869161852,4.052969926076772,-1.168932962879614,-0.2098200096625611,0.8583881816774657,1.4536382420763443,-0.6679309183147435,0.3381584980015013,-2.3886515618888686
33.0,181.0,999.9854125976562,-0.5829103778848639,0.5938422112375878,4.052969555587008,-1.1689317202119307,-0.2098178053476322,0.8583889493228556,1.4536322108663455,-0.6679313620737739,0.33815856587628,-2.388654943244448
33.0,181.0,999.9854125976562,-0.5829118325315878,0.59384640490447,4.052967050494216,-1.1689325379039062,-0.2098197125543865,0.858382201093356,1.4536331260337922,-0.6679299508821508,0.3381551993224949,-2.3886558237539064
33.0,181.0,999.9854125976562,-0.582910623671121,0.5938468418117644,4.052966727923948,-1.1689308335329516,-0.2098195639844329,0.8583868100677208,1.4536382508312071,-0.6679286617520228,0.3381589475138593,-2.3886497070908383
33.0,181.0,999.9854736328124,-0.5829131705692623,0.5938446931100403,4.052967470625422,-1.168936521862003,-0.2098168929607489,0.8583832583827427,1.453636761022448,-0.6679289803960016,0.3381547199746206,-2.388654511016397
33.0,181.0,999.9854125976562,-0.5829118836340133,0.5938498672774228,4.052970448674158,-1.168936906297866,-0.2098198975170184,0.8583785078401176,1.45364085488022,-0.6679286995677023,0.3381564304744353,-2.388653206682445
33.0,181.0,999.9854125976562,-0.5829087949499652,0.593845034287007,4.052970508118444,-1.168928547894443,-0.2098224476814145,0.8583875328920989,1.4536368905675996,-0.6679312072480235,0.3381572322704009,-2.38865210320905
33.0,181.0,999.9854125976562,-0.5829084092747854,0.5938428240466642,4.0529676298032165,-1.1689301752317238,-0.2098215715815623,0.8583872038411187,1.4536343144652184,-0.667930122129043,0.3381575164245607,-2.388652078505048
33.0,181.0,999.9854125976562,-0.5829095859804241,0.5938406331269919,4.052968176709722,-1.168931503145088,-0.2098209076946222,0.8583892540233515,1.4536378364109872,-0.6679300194485567,0.3381580775888668,-2.388651822241826
33.0,181.0,999.9854125976562,-0.5829091460442974,0.5938427161815163,4.052967983914659,-1.168932720350056,-0.2098206485035323,0.8583868792050344,1.4536381128011753,-0.6679303655655904,0.3381568038581397,-2.3886493022307667
33.0,181.0,999.9854125976562,-0.5829102950702261,0.5938428858825704,4.052967843380422,-1.1689345573594268,-0.2098205921430471,0.8583856818133491,1.453640637527366,-0.6679287680216106,0.338155448232774,-2.3886515656416583
33.0,181.0,999.9854736328124,-0.5829132984414827,0.5938489709740846,4.052970789807306,-1.1689431320605124,-0.2098171771984027,0.8583788437065039,1.4536445838197327,-0.6679304958069672,0.3381497692766686,-2.3886588798555053
33.0,181.0,999.9854125976562,-0.5829060123603016,0.593836560380093,4.052975365620428,-1.1689241200480105,-0.2098240630418342,0.8583930784502982,1.4536335827633824,-0.667932516673071,0.3381671997029043,-2.3886453038692568
33.0,181.0,999.9854125976562,-0.5829130777597538,0.5938459034936212,4.05296736459896,-1.1689350907835565,-0.2098175064283491,0.8583867499397568,1.4536367382243451,-0.6679312578242138,0.3381519127861487,-2.388658390783621
33.0,181.0,999.9854125976562,-0.5829096502875846,0.5938480877049717,4.052969470781729,-1.1689296632689905,-0.2098215599325366,0.858383474204917,1.453637234407954,-0.6679297083303197,0.3381598485675932,-2.388647974585024
33.0,181.0,999.9854736328124,-0.5829101283680114,0.5938423363521537,4.052960540582697,-1.1689345906917756,-0.2098177857015342,0.858389327678375,1.4536407086056204,-0.6679272886357959,0.3381500429679462,-2.388652960588268
33.0,181.0,999.9854125976562,-0.5829095379166924,0.5938397726318092,4.052970797904784,-1.1689298783720163,-0.2098216385974236,0.8583895757878643,1.4536353100896786,-0.6679303409240527,0.3381610256267029,-2.3886518878919483
33.0,181.0,999.9854125976562,-0.5829102996672404,0.5938429846851196,4.052965962505466,-1.168929693179205,-0.2098191325018907,0.8583894703774142,1.4536324541820091,-0.6679318446519016,0.3381524100688811,-2.388655679076128
33.0,181.0,999.9854125976562,-0.582909041073064,0.5938445933394902,4.052968789229926,-1.1689255048636489,-0.2098215543503538,0.8583868715352221,1.4536343138395118,-0.6679296269553987,0.3381631023521461,-2.3886459364569825
33.0,181.0,999.9854125976562,-0.5829079981854441,0.5938425890157886,4.052973456056153,-1.1689276399711497,-0.2098214250319978,0.858391003394015,1.4536369956328965,-0.6679333548877482,0.3381645668113116,-2.388645873925591
33.0,181.0,999.9854125976562,-0.5829084140763445,0.5938444865442216,4.05297108878584,-1.1689329074348676,-0.2098213018969499,0.8583852301539547,1.4536410024667887,-0.6679290052054352,0.3381607125347718,-2.388648647023889
33.0,181.0,999.9854125976562,-0.5829074859759968,0.5938408413543153,4.052968638928359,-1.168925908185832,-0.2098230076696214,0.8583912672834142,1.453634993209235,-0.6679324347880335,0.3381608337132249,-2.38864655182546
33.0,181.0,999.9854125976562,-0.5829115473700694,0.5938460139440576,4.052964850885889,-1.1689304439558108,-0.2098181028479713,0.8583879471064835,1.4536323913428353,-0.6679312727921927,0.3381554674145794,-2.388653491124757
33.0,181.0,999.9854125976562,-0.5829092241329645,0.5938400562597561,4.052970043100826,-1.1689299670784257,-0.2098208585628489,0.8583913745644365,1.4536382003045911,-0.6679327064800109,0.3381604247301695,-2.3886479785911208
33.0,182.0,999.9854125976562,-0.5829080301043197,0.5938441512901438,4.052970804960252,-1.1689270072208364,-0.2098229107810407,0.8583898767830913,1.4536378131821293,-0.667931716988269,0.3381640396235665,-2.388644091190637
33.0,182.0,999.9854125976562,-0.582910921723645,0.5938468438107751,4.052966354518876,-1.1689291290153667,-0.2098202126618344,0.8583835048482102,1.453632280737395,-0.6679292895314459,0.3381567170107979,-2.38865287793681
33.0,182.0,999.9854736328124,-0.5829062029904666,0.593836395699153,4.05297521198278,-1.1689233558286762,-0.2098249695370118,0.858397728953082,1.4536373324926135,-0.6679363998723336,0.3381654810396544,-2.388640778647529
33.0,182.0,999.9854736328124,-0.5829091291420498,0.5938388910109431,4.052967150645566,-1.1689261358208451,-0.2098195689170978,0.8583933887557249,1.4536333021051293,-0.6679328121856791,0.3381615336939569,-2.3886469840640108
33.0,182.0,999.9854125976562,-0.5829077021455049,0.5938421964434575,4.052971850597512,-1.1689311000567084,-0.2098226586127021,0.8583871230336735,1.45364161511141,-0.6679292513426649,0.3381610531502401,-2.388646284542853
33.0,182.0,999.9854125976562,-0.582909926206022,0.5938419474242105,4.052971420175801,-1.168932870690222,-0.2098210720918212,0.8583868850100913,1.453638483856321,-0.6679319996604036,0.3381580283910708,-2.388651744867325
33.0,182.0,999.9854736328124,-0.5829093102984935,0.5938401568646867,4.052971847942793,-1.1689321136429394,-0.2098221931961754,0.8583863450100884,1.4536405622367097,-0.6679298442439077,0.3381580547510046,-2.3886512453787203
33.0,182.0,999.9854736328124,-0.5829102107186133,0.5938450663850912,4.052964011930246,-1.1689338308235508,-0.2098190051254942,0.8583842931100971,1.4536381434228964,-0.6679286246445066,0.3381533882382284,-2.388653436662032
33.0,182.0,999.9854125976562,-0.5829092924358914,0.593841125737729,4.0529671244572505,-1.1689300210327196,-0.2098199465649806,0.8583923780187774,1.4536351596033086,-0.6679319210208412,0.3381551813859733,-2.3886527196902003
33.0,182.0,999.9854125976562,-0.5829096201509207,0.5938454267090378,4.05296790881671,-1.168928026857381,-0.2098199477678166,0.8583878847484936,1.4536299579781904,-0.6679311170747155,0.3381597506681357,-2.388650344920144
33.0,182.0,999.9854125976562,-0.5829115196642194,0.5938448183503571,4.05296804846466,-1.1689363929749534,-0.2098177083492975,0.8583836386790686,1.453637655776726,-0.6679287530701323,0.3381553541021622,-2.3886563076135663
33.0,182.0,999.9854125976562,-0.582908210720384,0.5938390242467362,4.052972765647283,-1.168931862945758,-0.2098214532051461,0.8583910098607266,1.4536384786628522,-0.667932401101357,0.3381581515151532,-2.388651526432724
33.0,182.0,999.9854736328124,-0.5829071982660743,0.5938449731229305,4.052969306157664,-1.168923804645459,-0.2098230645946781,0.85838952677181,1.4536342832907012,-0.6679330212206605,0.3381650500633002,-2.388643845778672
33.0,182.0,999.9854736328124,-0.5829095726843958,0.5938407385559428,4.052971954665734,-1.1689341525171448,-0.209820247370847,0.8583868209768948,1.4536418738817725,-0.6679298274476588,0.3381583928375686,-2.388650999240728
33.0,182.0,999.9854125976562,-0.5829100751635394,0.5938476280285112,4.0529673532464745,-1.1689307375966438,-0.2098200484741292,0.8583837688255445,1.453634020763812,-0.667930186750664,0.3381546992962994,-2.3886517699105085
33.0,182.0,999.9854125976562,-0.5829100681240824,0.5938456765182334,4.052969274383969,-1.1689332759884987,-0.2098209617938327,0.8583825058052259,1.4536375603755474,-0.6679303053496808,0.338157951095801,-2.3886492853262418
33.0,182.0,999.9854736328124,-0.5829137736605352,0.5938444058658412,4.052969872509909,-1.1689348985154933,-0.2098161165663512,0.858386272324454,1.4536341886582802,-0.6679319963189352,0.3381573117470147,-2.3886544254390083
33.0,182.0,999.9854125976562,-0.5829098110707651,0.5938424344959188,4.052967700342922,-1.1689340197207023,-0.2098209492703437,0.8583875615235144,1.4536415851907076,-0.6679289928054075,0.3381543218562779,-2.3886531144276835
33.0,182.0,999.9854125976562,-0.5829095912944267,0.5938460000806911,4.052968302634829,-1.1689292857165583,-0.2098203361913579,0.8583858282352903,1.453633626359112,-0.6679317933515616,0.3381569036183371,-2.388649908606848
33.0,182.0,999.9854125976562,-0.5829083286359023,0.5938429914468362,4.052969750829666,-1.1689276088161824,-0.209821789504347,0.8583877389542769,1.453635512111461,-0.6679292388258498,0.338161579608176,-2.3886467668245155
33.0,182.0,999.9854736328124,-0.582908315466339,0.5938364726323808,4.052966911526594,-1.1689218542862916,-0.2098219623189905,0.8583980305806707,1.4536316359405728,-0.6679333976108337,0.3381608434691507,-2.388647879782237
33.0,182.0,999.9854125976562,-0.5829087331506964,0.5938436902926645,4.052969387091823,-1.1689274507897056,-0.2098199292101972,0.8583898443253428,1.4536331330359609,-0.6679329909130951,0.3381574499636564,-2.388652233254627
33.0,182.0,999.9854125976562,-0.582907726887834,0.5938431441529355,4.052967908674907,-1.168925345477649,-0.2098221326248337,0.8583891147660596,1.4536340246089008,-0.667931358047336,0.3381620073938247,-2.3886463715820616
33.0,182.0,999.9854125976562,-0.5829076798980068,0.5938404117607945,4.05297051304596,-1.1689275600606424,-0.209821713372114,0.8583913031801487,1.453635672254431,-0.6679319112536026,0.3381615227801768,-2.3886457164473
33.0,182.0,999.9854125976562,-0.5829093460172396,0.5938416178402219,4.052967900981471,-1.16892803086867,-0.2098216172350495,0.8583898148066798,1.4536348322165606,-0.6679315195619742,0.3381570621749787,-2.388653151886704
33.0,182.0,999.9854125976562,-0.5829111423812021,0.5938417281242927,4.052967273692527,-1.168937990894396,-0.2098188783213892,0.8583862980719843,1.4536387175801018,-0.6679299581983047,0.3381527562499551,-2.3886556633371887
33.0,182.0,999.9854125976562,-0.5829098067737242,0.5938418869161852,4.052969926076772,-1.168932962879614,-0.2098200096625611,0.8583881816774657,1.4536382420763443,-0.6679309183147435,0.3381584980015013,-2.3886515618888686
33.0,182.0,999.9854125976562,-0.5829103778848639,0.5938422112375878,4.052969555587008,-1.1689317202119307,-0.2098178053476322,0.8583889493228556,1.4536322108663455,-0.6679313620737739,0.33815856587628,-2.388654943244448
33.0,182.0,999.9854125976562,-0.5829118325315878,0.59384640490447,4.052967050494216,-1.1689325379039062,-0.2098197125543865,0.858382201093356,1.4536331260337922,-0.6679299508821508,0.3381551993224949,-2.3886558237539064
33.0,182.0,999.9854125976562,-0.582910623671121,0.5938468418117644,4.052966727923948,-1.1689308335329516,-0.2098195639844329,0.8583868100677208,1.4536382508312071,-0.6679286617520228,0.3381589475138593,-2.3886497070908383
33.0,182.0,999.9854736328124,-0.5829131705692623,0.5938446931100403,4.052967470625422,-1.168936521862003,-0.2098168929607489,0.8583832583827427,1.453636761022448,-0.6679289803960016,0.3381547199746206,-2.388654511016397
33.0,182.0,999.9854125976562,-0.5829118836340133,0.5938498672774228,4.052970448674158,-1.168936906297866,-0.2098198975170184,0.8583785078401176,1.45364085488022,-0.6679286995677023,0.3381564304744353,-2.388653206682445
33.0,182.0,999.9854125976562,-0.5829087949499652,0.593845034287007,4.052970508118444,-1.168928547894443,-0.2098224476814145,0.8583875328920989,1.4536368905675996,-0.6679312072480235,0.3381572322704009,-2.38865210320905
33.0,182.0,999.9854125976562,-0.5829084092747854,0.5938428240466642,4.0529676298032165,-1.1689301752317238,-0.2098215715815623,0.8583872038411187,1.4536343144652184,-0.667930122129043,0.3381575164245607,-2.388652078505048
33.0,182.0,999.9854125976562,-0.5829095859804241,0.5938406331269919,4.052968176709722,-1.168931503145088,-0.2098209076946222,0.8583892540233515,1.4536378364109872,-0.6679300194485567,0.3381580775888668,-2.388651822241826
33.0,182.0,999.9854125976562,-0.5829091460442974,0.5938427161815163,4.052967983914659,-1.168932720350056,-0.2098206485035323,0.8583868792050344,1.4536381128011753,-0.6679303655655904,0.3381568038581397,-2.3886493022307667
33.0,182.0,999.9854125976562,-0.5829102950702261,0.5938428858825704,4.052967843380422,-1.1689345573594268,-0.2098205921430471,0.8583856818133491,1.453640637527366,-0.6679287680216106,0.338155448232774,-2.3886515656416583
33.0,182.0,999.9854736328124,-0.5829132984414827,0.5938489709740846,4.052970789807306,-1.1689431320605124,-0.2098171771984027,0.8583788437065039,1.4536445838197327,-0.6679304958069672,0.3381497692766686,-2.3886588798555053
33.0,182.0,999.9854125976562,-0.5829060123603016,0.593836560380093,4.052975365620428,-1.1689241200480105,-0.2098240630418342,0.8583930784502982,1.4536335827633824,-0.667932516673071,0.3381671997029043,-2.3886453038692568
33.0,182.0,999.9854125976562,-0.5829130777597538,0.5938459034936212,4.05296736459896,-1.1689350907835565,-0.2098175064283491,0.8583867499397568,1.4536367382243451,-0.6679312578242138,0.3381519127861487,-2.388658390783621
33.0,182.0,999.9854125976562,-0.5829096502875846,0.5938480877049717,4.052969470781729,-1.1689296632689905,-0.2098215599325366,0.858383474204917,1.453637234407954,-0.6679297083303197,0.3381598485675932,-2.388647974585024
33.0,182.0,999.9854736328124,-0.5829101283680114,0.5938423363521537,4.052960540582697,-1.1689345906917756,-0.2098177857015342,0.858389327678375,1.4536407086056204,-0.6679272886357959,0.3381500429679462,-2.388652960588268
33.0,182.0,999.9854125976562,-0.5829095379166924,0.5938397726318092,4.052970797904784,-1.1689298783720163,-0.2098216385974236,0.8583895757878643,1.4536353100896786,-0.6679303409240527,0.3381610256267029,-2.3886518878919483
33.0,182.0,999.9854125976562,-0.5829102996672404,0.5938429846851196,4.052965962505466,-1.168929693179205,-0.2098191325018907,0.8583894703774142,1.4536324541820091,-0.6679318446519016,0.3381524100688811,-2.388655679076128
33.0,182.0,999.9854125976562,-0.582909041073064,0.5938445933394902,4.052968789229926,-1.1689255048636489,-0.2098215543503538,0.8583868715352221,1.4536343138395118,-0.6679296269553987,0.3381631023521461,-2.3886459364569825
33.0,182.0,999.9854125976562,-0.5829079981854441,0.5938425890157886,4.052973456056153,-1.1689276399711497,-0.2098214250319978,0.858391003394015,1.4536369956328965,-0.6679333548877482,0.3381645668113116,-2.388645873925591
33.0,182.0,999.9854125976562,-0.5829084140763445,0.5938444865442216,4.05297108878584,-1.1689329074348676,-0.2098213018969499,0.8583852301539547,1.4536410024667887,-0.6679290052054352,0.3381607125347718,-2.388648647023889
33.0,182.0,999.9854125976562,-0.5829074859759968,0.5938408413543153,4.052968638928359,-1.168925908185832,-0.2098230076696214,0.8583912672834142,1.453634993209235,-0.6679324347880335,0.3381608337132249,-2.38864655182546
33.0,182.0,999.9854125976562,-0.5829115473700694,0.5938460139440576,4.052964850885889,-1.1689304439558108,-0.2098181028479713,0.8583879471064835,1.4536323913428353,-0.6679312727921927,0.3381554674145794,-2.388653491124757
33.0,182.0,999.9854125976562,-0.5829092241329645,0.5938400562597561,4.052970043100826,-1.1689299670784257,-0.2098208585628489,0.8583913745644365,1.4536382003045911,-0.6679327064800109,0.3381604247301695,-2.3886479785911208
33.0,183.0,999.9854125976562,-0.5829080301043197,0.5938441512901438,4.052970804960252,-1.1689270072208364,-0.2098229107810407,0.8583898767830913,1.4536378131821293,-0.667931716988269,0.3381640396235665,-2.388644091190637
33.0,183.0,999.9854125976562,-0.582910921723645,0.5938468438107751,4.052966354518876,-1.1689291290153667,-0.2098202126618344,0.8583835048482102,1.453632280737395,-0.6679292895314459,0.3381567170107979,-2.38865287793681
33.0,183.0,999.9854736328124,-0.5829062029904666,0.593836395699153,4.05297521198278,-1.1689233558286762,-0.2098249695370118,0.858397728953082,1.4536373324926135,-0.6679363998723336,0.3381654810396544,-2.388640778647529
33.0,183.0,999.9854736328124,-0.5829091291420498,0.5938388910109431,4.052967150645566,-1.1689261358208451,-0.2098195689170978,0.8583933887557249,1.4536333021051293,-0.6679328121856791,0.3381615336939569,-2.3886469840640108
33.0,183.0,999.9854125976562,-0.5829077021455049,0.5938421964434575,4.052971850597512,-1.1689311000567084,-0.2098226586127021,0.8583871230336735,1.45364161511141,-0.6679292513426649,0.3381610531502401,-2.388646284542853
33.0,183.0,999.9854125976562,-0.582909926206022,0.5938419474242105,4.052971420175801,-1.168932870690222,-0.2098210720918212,0.8583868850100913,1.453638483856321,-0.6679319996604036,0.3381580283910708,-2.388651744867325
33.0,183.0,999.9854736328124,-0.5829093102984935,0.5938401568646867,4.052971847942793,-1.1689321136429394,-0.2098221931961754,0.8583863450100884,1.4536405622367097,-0.6679298442439077,0.3381580547510046,-2.3886512453787203
33.0,183.0,999.9854736328124,-0.5829102107186133,0.5938450663850912,4.052964011930246,-1.1689338308235508,-0.2098190051254942,0.8583842931100971,1.4536381434228964,-0.6679286246445066,0.3381533882382284,-2.388653436662032
33.0,183.0,999.9854125976562,-0.5829092924358914,0.593841125737729,4.0529671244572505,-1.1689300210327196,-0.2098199465649806,0.8583923780187774,1.4536351596033086,-0.6679319210208412,0.3381551813859733,-2.3886527196902003
33.0,183.0,999.9854125976562,-0.5829096201509207,0.5938454267090378,4.05296790881671,-1.168928026857381,-0.2098199477678166,0.8583878847484936,1.4536299579781904,-0.6679311170747155,0.3381597506681357,-2.388650344920144
33.0,183.0,999.9854125976562,-0.5829115196642194,0.5938448183503571,4.05296804846466,-1.1689363929749534,-0.2098177083492975,0.8583836386790686,1.453637655776726,-0.6679287530701323,0.3381553541021622,-2.3886563076135663
33.0,183.0,999.9854125976562,-0.582908210720384,0.5938390242467362,4.052972765647283,-1.168931862945758,-0.2098214532051461,0.8583910098607266,1.4536384786628522,-0.667932401101357,0.3381581515151532,-2.388651526432724
33.0,183.0,999.9854736328124,-0.5829071982660743,0.5938449731229305,4.052969306157664,-1.168923804645459,-0.2098230645946781,0.85838952677181,1.4536342832907012,-0.6679330212206605,0.3381650500633002,-2.388643845778672
33.0,183.0,999.9854736328124,-0.5829095726843958,0.5938407385559428,4.052971954665734,-1.1689341525171448,-0.209820247370847,0.8583868209768948,1.4536418738817725,-0.6679298274476588,0.3381583928375686,-2.388650999240728
33.0,183.0,999.9854125976562,-0.5829100751635394,0.5938476280285112,4.0529673532464745,-1.1689307375966438,-0.2098200484741292,0.8583837688255445,1.453634020763812,-0.667930186750664,0.3381546992962994,-2.3886517699105085
33.0,183.0,999.9854125976562,-0.5829100681240824,0.5938456765182334,4.052969274383969,-1.1689332759884987,-0.2098209617938327,0.8583825058052259,1.4536375603755474,-0.6679303053496808,0.338157951095801,-2.3886492853262418
33.0,183.0,999.9854736328124,-0.5829137736605352,0.5938444058658412,4.052969872509909,-1.1689348985154933,-0.2098161165663512,0.858386272324454,1.4536341886582802,-0.6679319963189352,0.3381573117470147,-2.3886544254390083
33.0,183.0,999.9854125976562,-0.5829098110707651,0.5938424344959188,4.052967700342922,-1.1689340197207023,-0.2098209492703437,0.8583875615235144,1.4536415851907076,-0.6679289928054075,0.3381543218562779,-2.3886531144276835
33.0,183.0,999.9854125976562,-0.5829095912944267,0.5938460000806911,4.052968302634829,-1.1689292857165583,-0.2098203361913579,0.8583858282352903,1.453633626359112,-0.6679317933515616,0.3381569036183371,-2.388649908606848
33.0,183.0,999.9854125976562,-0.5829083286359023,0.5938429914468362,4.052969750829666,-1.1689276088161824,-0.209821789504347,0.8583877389542769,1.453635512111461,-0.6679292388258498,0.338161579608176,-2.3886467668245155
33.0,183.0,999.9854736328124,-0.582908315466339,0.5938364726323808,4.052966911526594,-1.1689218542862916,-0.2098219623189905,0.8583980305806707,1.4536316359405728,-0.6679333976108337,0.3381608434691507,-2.388647879782237
33.0,183.0,999.9854125976562,-0.5829087331506964,0.5938436902926645,4.052969387091823,-1.1689274507897056,-0.2098199292101972,0.8583898443253428,1.4536331330359609,-0.6679329909130951,0.3381574499636564,-2.388652233254627
33.0,183.0,999.9854125976562,-0.582907726887834,0.5938431441529355,4.052967908674907,-1.168925345477649,-0.2098221326248337,0.8583891147660596,1.4536340246089008,-0.667931358047336,0.3381620073938247,-2.3886463715820616
33.0,183.0,999.9854125976562,-0.5829076798980068,0.5938404117607945,4.05297051304596,-1.1689275600606424,-0.209821713372114,0.8583913031801487,1.453635672254431,-0.6679319112536026,0.3381615227801768,-2.3886457164473
33.0,183.0,999.9854125976562,-0.5829093460172396,0.5938416178402219,4.052967900981471,-1.16892803086867,-0.2098216172350495,0.8583898148066798,1.4536348322165606,-0.6679315195619742,0.3381570621749787,-2.388653151886704
33.0,183.0,999.9854125976562,-0.5829111423812021,0.5938417281242927,4.052967273692527,-1.168937990894396,-0.2098188783213892,0.8583862980719843,1.4536387175801018,-0.6679299581983047,0.3381527562499551,-2.3886556633371887
33.0,183.0,999.9854125976562,-0.5829098067737242,0.5938418869161852,4.052969926076772,-1.168932962879614,-0.2098200096625611,0.8583881816774657,1.4536382420763443,-0.6679309183147435,0.3381584980015013,-2.3886515618888686
33.0,183.0,999.9854125976562,-0.5829103778848639,0.5938422112375878,4.052969555587008,-1.1689317202119307,-0.2098178053476322,0.8583889493228556,1.4536322108663455,-0.6679313620737739,0.33815856587628,-2.388654943244448
33.0,183.0,999.9854125976562,-0.5829118325315878,0.59384640490447,4.052967050494216,-1.1689325379039062,-0.2098197125543865,0.858382201093356,1.4536331260337922,-0.6679299508821508,0.3381551993224949,-2.3886558237539064
33.0,183.0,999.9854125976562,-0.582910623671121,0.5938468418117644,4.052966727923948,-1.1689308335329516,-0.2098195639844329,0.8583868100677208,1.4536382508312071,-0.6679286617520228,0.3381589475138593,-2.3886497070908383
33.0,183.0,999.9854736328124,-0.5829131705692623,0.5938446931100403,4.052967470625422,-1.168936521862003,-0.2098168929607489,0.8583832583827427,1.453636761022448,-0.6679289803960016,0.3381547199746206,-2.388654511016397
33.0,183.0,999.9854125976562,-0.5829118836340133,0.5938498672774228,4.052970448674158,-1.168936906297866,-0.2098198975170184,0.8583785078401176,1.45364085488022,-0.6679286995677023,0.3381564304744353,-2.388653206682445
33.0,183.0,999.9854125976562,-0.5829087949499652,0.593845034287007,4.052970508118444,-1.168928547894443,-0.2098224476814145,0.8583875328920989,1.4536368905675996,-0.6679312072480235,0.3381572322704009,-2.38865210320905
33.0,183.0,999.9854125976562,-0.5829084092747854,0.5938428240466642,4.0529676298032165,-1.1689301752317238,-0.2098215715815623,0.8583872038411187,1.4536343144652184,-0.667930122129043,0.3381575164245607,-2.388652078505048
33.0,183.0,999.9854125976562,-0.5829095859804241,0.5938406331269919,4.052968176709722,-1.168931503145088,-0.2098209076946222,0.8583892540233515,1.4536378364109872,-0.6679300194485567,0.3381580775888668,-2.388651822241826
33.0,183.0,999.9854125976562,-0.5829091460442974,0.5938427161815163,4.052967983914659,-1.168932720350056,-0.2098206485035323,0.8583868792050344,1.4536381128011753,-0.6679303655655904,0.3381568038581397,-2.3886493022307667
33.0,183.0,999.9854125976562,-0.5829102950702261,0.5938428858825704,4.052967843380422,-1.1689345573594268,-0.2098205921430471,0.8583856818133491,1.453640637527366,-0.6679287680216106,0.338155448232774,-2.3886515656416583
33.0,183.0,999.9854736328124,-0.5829132984414827,0.5938489709740846,4.052970789807306,-1.1689431320605124,-0.2098171771984027,0.8583788437065039,1.4536445838197327,-0.6679304958069672,0.3381497692766686,-2.3886588798555053
33.0,183.0,999.9854125976562,-0.5829060123603016,0.593836560380093,4.052975365620428,-1.1689241200480105,-0.2098240630418342,0.8583930784502982,1.4536335827633824,-0.667932516673071,0.3381671997029043,-2.3886453038692568
33.0,183.0,999.9854125976562,-0.5829130777597538,0.5938459034936212,4.05296736459896,-1.1689350907835565,-0.2098175064283491,0.8583867499397568,1.4536367382243451,-0.6679312578242138,0.3381519127861487,-2.388658390783621
33.0,183.0,999.9854125976562,-0.5829096502875846,0.5938480877049717,4.052969470781729,-1.1689296632689905,-0.2098215599325366,0.858383474204917,1.453637234407954,-0.6679297083303197,0.3381598485675932,-2.388647974585024
33.0,183.0,999.9854736328124,-0.5829101283680114,0.5938423363521537,4.052960540582697,-1.1689345906917756,-0.2098177857015342,0.858389327678375,1.4536407086056204,-0.6679272886357959,0.3381500429679462,-2.388652960588268
33.0,183.0,999.9854125976562,-0.5829095379166924,0.5938397726318092,4.052970797904784,-1.1689298783720163,-0.2098216385974236,0.8583895757878643,1.4536353100896786,-0.6679303409240527,0.3381610256267029,-2.3886518878919483
33.0,183.0,999.9854125976562,-0.5829102996672404,0.5938429846851196,4.052965962505466,-1.168929693179205,-0.2098191325018907,0.8583894703774142,1.4536324541820091,-0.6679318446519016,0.3381524100688811,-2.388655679076128
33.0,183.0,999.9854125976562,-0.582909041073064,0.5938445933394902,4.052968789229926,-1.1689255048636489,-0.2098215543503538,0.8583868715352221,1.4536343138395118,-0.6679296269553987,0.3381631023521461,-2.3886459364569825
33.0,183.0,999.9854125976562,-0.5829079981854441,0.5938425890157886,4.052973456056153,-1.1689276399711497,-0.2098214250319978,0.858391003394015,1.4536369956328965,-0.6679333548877482,0.3381645668113116,-2.388645873925591
33.0,183.0,999.9854125976562,-0.5829084140763445,0.5938444865442216,4.05297108878584,-1.1689329074348676,-0.2098213018969499,0.8583852301539547,1.4536410024667887,-0.6679290052054352,0.3381607125347718,-2.388648647023889
33.0,183.0,999.9854125976562,-0.5829074859759968,0.5938408413543153,4.052968638928359,-1.168925908185832,-0.2098230076696214,0.8583912672834142,1.453634993209235,-0.6679324347880335,0.3381608337132249,-2.38864655182546
33.0,183.0,999.9854125976562,-0.5829115473700694,0.5938460139440576,4.052964850885889,-1.1689304439558108,-0.2098181028479713,0.8583879471064835,1.4536323913428353,-0.6679312727921927,0.3381554674145794,-2.388653491124757
33.0,183.0,999.9854125976562,-0.5829092241329645,0.5938400562597561,4.052970043100826,-1.1689299670784257,-0.2098208585628489,0.8583913745644365,1.4536382003045911,-0.6679327064800109,0.3381604247301695,-2.3886479785911208
33.0,184.0,999.9854125976562,-0.5829080301043197,0.5938441512901438,4.052970804960252,-1.1689270072208364,-0.2098229107810407,0.8583898767830913,1.4536378131821293,-0.667931716988269,0.3381640396235665,-2.388644091190637
33.0,184.0,999.9854125976562,-0.582910921723645,0.5938468438107751,4.052966354518876,-1.1689291290153667,-0.2098202126618344,0.8583835048482102,1.453632280737395,-0.6679292895314459,0.3381567170107979,-2.38865287793681
33.0,184.0,999.9854736328124,-0.5829062029904666,0.593836395699153,4.05297521198278,-1.1689233558286762,-0.2098249695370118,0.858397728953082,1.4536373324926135,-0.6679363998723336,0.3381654810396544,-2.388640778647529
33.0,184.0,999.9854736328124,-0.5829091291420498,0.5938388910109431,4.052967150645566,-1.1689261358208451,-0.2098195689170978,0.8583933887557249,1.4536333021051293,-0.6679328121856791,0.3381615336939569,-2.3886469840640108
33.0,184.0,999.9854125976562,-0.5829077021455049,0.5938421964434575,4.052971850597512,-1.1689311000567084,-0.2098226586127021,0.8583871230336735,1.45364161511141,-0.6679292513426649,0.3381610531502401,-2.388646284542853
33.0,184.0,999.9854125976562,-0.582909926206022,0.5938419474242105,4.052971420175801,-1.168932870690222,-0.2098210720918212,0.8583868850100913,1.453638483856321,-0.6679319996604036,0.3381580283910708,-2.388651744867325
33.0,184.0,999.9854736328124,-0.5829093102984935,0.5938401568646867,4.052971847942793,-1.1689321136429394,-0.2098221931961754,0.8583863450100884,1.4536405622367097,-0.6679298442439077,0.3381580547510046,-2.3886512453787203
33.0,184.0,999.9854736328124,-0.5829102107186133,0.5938450663850912,4.052964011930246,-1.1689338308235508,-0.2098190051254942,0.8583842931100971,1.4536381434228964,-0.6679286246445066,0.3381533882382284,-2.388653436662032
33.0,184.0,999.9854125976562,-0.5829092924358914,0.593841125737729,4.0529671244572505,-1.1689300210327196,-0.2098199465649806,0.8583923780187774,1.4536351596033086,-0.6679319210208412,0.3381551813859733,-2.3886527196902003
33.0,184.0,999.9854125976562,-0.5829096201509207,0.5938454267090378,4.05296790881671,-1.168928026857381,-0.2098199477678166,0.8583878847484936,1.4536299579781904,-0.6679311170747155,0.3381597506681357,-2.388650344920144
33.0,184.0,999.9854125976562,-0.5829115196642194,0.5938448183503571,4.05296804846466,-1.1689363929749534,-0.2098177083492975,0.8583836386790686,1.453637655776726,-0.6679287530701323,0.3381553541021622,-2.3886563076135663
33.0,184.0,999.9854125976562,-0.582908210720384,0.5938390242467362,4.052972765647283,-1.168931862945758,-0.2098214532051461,0.8583910098607266,1.4536384786628522,-0.667932401101357,0.3381581515151532,-2.388651526432724
33.0,184.0,999.9854736328124,-0.5829071982660743,0.5938449731229305,4.052969306157664,-1.168923804645459,-0.2098230645946781,0.85838952677181,1.4536342832907012,-0.6679330212206605,0.3381650500633002,-2.388643845778672
33.0,184.0,999.9854736328124,-0.5829095726843958,0.5938407385559428,4.052971954665734,-1.1689341525171448,-0.209820247370847,0.8583868209768948,1.4536418738817725,-0.6679298274476588,0.3381583928375686,-2.388650999240728
33.0,184.0,999.9854125976562,-0.5829100751635394,0.5938476280285112,4.0529673532464745,-1.1689307375966438,-0.2098200484741292,0.8583837688255445,1.453634020763812,-0.667930186750664,0.3381546992962994,-2.3886517699105085
33.0,184.0,999.9854125976562,-0.5829100681240824,0.5938456765182334,4.052969274383969,-1.1689332759884987,-0.2098209617938327,0.8583825058052259,1.4536375603755474,-0.6679303053496808,0.338157951095801,-2.3886492853262418
33.0,184.0,999.9854736328124,-0.5829137736605352,0.5938444058658412,4.052969872509909,-1.1689348985154933,-0.2098161165663512,0.858386272324454,1.4536341886582802,-0.6679319963189352,0.3381573117470147,-2.3886544254390083
33.0,184.0,999.9854125976562,-0.5829098110707651,0.5938424344959188,4.052967700342922,-1.1689340197207023,-0.2098209492703437,0.8583875615235144,1.4536415851907076,-0.6679289928054075,0.3381543218562779,-2.3886531144276835
33.0,184.0,999.9854125976562,-0.5829095912944267,0.5938460000806911,4.052968302634829,-1.1689292857165583,-0.2098203361913579,0.8583858282352903,1.453633626359112,-0.6679317933515616,0.3381569036183371,-2.388649908606848
33.0,184.0,999.9854125976562,-0.5829083286359023,0.5938429914468362,4.052969750829666,-1.1689276088161824,-0.209821789504347,0.8583877389542769,1.453635512111461,-0.6679292388258498,0.338161579608176,-2.3886467668245155
33.0,184.0,999.9854736328124,-0.582908315466339,0.5938364726323808,4.052966911526594,-1.1689218542862916,-0.2098219623189905,0.8583980305806707,1.4536316359405728,-0.6679333976108337,0.3381608434691507,-2.388647879782237
33.0,184.0,999.9854125976562,-0.5829087331506964,0.5938436902926645,4.052969387091823,-1.1689274507897056,-0.2098199292101972,0.8583898443253428,1.4536331330359609,-0.6679329909130951,0.3381574499636564,-2.388652233254627
33.0,184.0,999.9854125976562,-0.582907726887834,0.5938431441529355,4.052967908674907,-1.168925345477649,-0.2098221326248337,0.8583891147660596,1.4536340246089008,-0.667931358047336,0.3381620073938247,-2.3886463715820616
33.0,184.0,999.9854125976562,-0.5829076798980068,0.5938404117607945,4.05297051304596,-1.1689275600606424,-0.209821713372114,0.8583913031801487,1.453635672254431,-0.6679319112536026,0.3381615227801768,-2.3886457164473
33.0,184.0,999.9854125976562,-0.5829093460172396,0.5938416178402219,4.052967900981471,-1.16892803086867,-0.2098216172350495,0.8583898148066798,1.4536348322165606,-0.6679315195619742,0.3381570621749787,-2.388653151886704
33.0,184.0,999.9854125976562,-0.5829111423812021,0.5938417281242927,4.052967273692527,-1.168937990894396,-0.2098188783213892,0.8583862980719843,1.4536387175801018,-0.6679299581983047,0.3381527562499551,-2.3886556633371887
33.0,184.0,999.9854125976562,-0.5829098067737242,0.5938418869161852,4.052969926076772,-1.168932962879614,-0.2098200096625611,0.8583881816774657,1.4536382420763443,-0.6679309183147435,0.3381584980015013,-2.3886515618888686
33.0,184.0,999.9854125976562,-0.5829103778848639,0.5938422112375878,4.052969555587008,-1.1689317202119307,-0.2098178053476322,0.8583889493228556,1.4536322108663455,-0.6679313620737739,0.33815856587628,-2.388654943244448
33.0,184.0,999.9854125976562,-0.5829118325315878,0.59384640490447,4.052967050494216,-1.1689325379039062,-0.2098197125543865,0.858382201093356,1.4536331260337922,-0.6679299508821508,0.3381551993224949,-2.3886558237539064
33.0,184.0,999.9854125976562,-0.582910623671121,0.5938468418117644,4.052966727923948,-1.1689308335329516,-0.2098195639844329,0.8583868100677208,1.4536382508312071,-0.6679286617520228,0.3381589475138593,-2.3886497070908383
33.0,184.0,999.9854736328124,-0.5829131705692623,0.5938446931100403,4.052967470625422,-1.168936521862003,-0.2098168929607489,0.8583832583827427,1.453636761022448,-0.6679289803960016,0.3381547199746206,-2.388654511016397
33.0,184.0,999.9854125976562,-0.5829118836340133,0.5938498672774228,4.052970448674158,-1.168936906297866,-0.2098198975170184,0.8583785078401176,1.45364085488022,-0.6679286995677023,0.3381564304744353,-2.388653206682445
33.0,184.0,999.9854125976562,-0.5829087949499652,0.593845034287007,4.052970508118444,-1.168928547894443,-0.2098224476814145,0.8583875328920989,1.4536368905675996,-0.6679312072480235,0.3381572322704009,-2.38865210320905
33.0,184.0,999.9854125976562,-0.5829084092747854,0.5938428240466642,4.0529676298032165,-1.1689301752317238,-0.2098215715815623,0.8583872038411187,1.4536343144652184,-0.667930122129043,0.3381575164245607,-2.388652078505048
33.0,184.0,999.9854125976562,-0.5829095859804241,0.5938406331269919,4.052968176709722,-1.168931503145088,-0.2098209076946222,0.8583892540233515,1.4536378364109872,-0.6679300194485567,0.3381580775888668,-2.388651822241826
33.0,184.0,999.9854125976562,-0.5829091460442974,0.5938427161815163,4.052967983914659,-1.168932720350056,-0.2098206485035323,0.8583868792050344,1.4536381128011753,-0.6679303655655904,0.3381568038581397,-2.3886493022307667
33.0,184.0,999.9854125976562,-0.5829102950702261,0.5938428858825704,4.052967843380422,-1.1689345573594268,-0.2098205921430471,0.8583856818133491,1.453640637527366,-0.6679287680216106,0.338155448232774,-2.3886515656416583
33.0,184.0,999.9854736328124,-0.5829132984414827,0.5938489709740846,4.052970789807306,-1.1689431320605124,-0.2098171771984027,0.8583788437065039,1.4536445838197327,-0.6679304958069672,0.3381497692766686,-2.3886588798555053
33.0,184.0,999.9854125976562,-0.5829060123603016,0.593836560380093,4.052975365620428,-1.1689241200480105,-0.2098240630418342,0.8583930784502982,1.4536335827633824,-0.667932516673071,0.3381671997029043,-2.3886453038692568
33.0,184.0,999.9854125976562,-0.5829130777597538,0.5938459034936212,4.05296736459896,-1.1689350907835565,-0.2098175064283491,0.8583867499397568,1.4536367382243451,-0.6679312578242138,0.3381519127861487,-2.388658390783621
33.0,184.0,999.9854125976562,-0.5829096502875846,0.5938480877049717,4.052969470781729,-1.1689296632689905,-0.2098215599325366,0.858383474204917,1.453637234407954,-0.6679297083303197,0.3381598485675932,-2.388647974585024
33.0,184.0,999.9854736328124,-0.5829101283680114,0.5938423363521537,4.052960540582697,-1.1689345906917756,-0.2098177857015342,0.858389327678375,1.4536407086056204,-0.6679272886357959,0.3381500429679462,-2.388652960588268
33.0,184.0,999.9854125976562,-0.5829095379166924,0.5938397726318092,4.052970797904784,-1.1689298783720163,-0.2098216385974236,0.8583895757878643,1.4536353100896786,-0.6679303409240527,0.3381610256267029,-2.3886518878919483
33.0,184.0,999.9854125976562,-0.5829102996672404,0.5938429846851196,4.052965962505466,-1.168929693179205,-0.2098191325018907,0.8583894703774142,1.4536324541820091,-0.6679318446519016,0.3381524100688811,-2.388655679076128
33.0,184.0,999.9854125976562,-0.582909041073064,0.5938445933394902,4.052968789229926,-1.1689255048636489,-0.2098215543503538,0.8583868715352221,1.4536343138395118,-0.6679296269553987,0.3381631023521461,-2.3886459364569825
33.0,184.0,999.9854125976562,-0.5829079981854441,0.5938425890157886,4.052973456056153,-1.1689276399711497,-0.2098214250319978,0.858391003394015,1.4536369956328965,-0.6679333548877482,0.3381645668113116,-2.388645873925591
33.0,184.0,999.9854125976562,-0.5829084140763445,0.5938444865442216,4.05297108878584,-1.1689329074348676,-0.2098213018969499,0.8583852301539547,1.4536410024667887,-0.6679290052054352,0.3381607125347718,-2.388648647023889
33.0,184.0,999.9854125976562,-0.5829074859759968,0.5938408413543153,4.052968638928359,-1.168925908185832,-0.2098230076696214,0.8583912672834142,1.453634993209235,-0.6679324347880335,0.3381608337132249,-2.38864655182546
33.0,184.0,999.9854125976562,-0.5829115473700694,0.5938460139440576,4.052964850885889,-1.1689304439558108,-0.2098181028479713,0.8583879471064835,1.4536323913428353,-0.6679312727921927,0.3381554674145794,-2.388653491124757
33.0,184.0,999.9854125976562,-0.5829092241329645,0.5938400562597561,4.052970043100826,-1.1689299670784257,-0.2098208585628489,0.8583913745644365,1.4536382003045911,-0.6679327064800109,0.3381604247301695,-2.3886479785911208
33.0,185.0,999.9854125976562,-0.5829080301043197,0.5938441512901438,4.052970804960252,-1.1689270072208364,-0.2098229107810407,0.8583898767830913,1.4536378131821293,-0.667931716988269,0.3381640396235665,-2.388644091190637
33.0,185.0,999.9854125976562,-0.582910921723645,0.5938468438107751,4.052966354518876,-1.1689291290153667,-0.2098202126618344,0.8583835048482102,1.453632280737395,-0.6679292895314459,0.3381567170107979,-2.38865287793681
33.0,185.0,999.9854736328124,-0.5829062029904666,0.593836395699153,4.05297521198278,-1.1689233558286762,-0.2098249695370118,0.858397728953082,1.4536373324926135,-0.6679363998723336,0.3381654810396544,-2.388640778647529
33.0,185.0,999.9854736328124,-0.5829091291420498,0.5938388910109431,4.052967150645566,-1.1689261358208451,-0.2098195689170978,0.8583933887557249,1.4536333021051293,-0.6679328121856791,0.3381615336939569,-2.3886469840640108
33.0,185.0,999.9854125976562,-0.5829077021455049,0.5938421964434575,4.052971850597512,-1.1689311000567084,-0.2098226586127021,0.8583871230336735,1.45364161511141,-0.6679292513426649,0.3381610531502401,-2.388646284542853
33.0,185.0,999.9854125976562,-0.582909926206022,0.5938419474242105,4.052971420175801,-1.168932870690222,-0.2098210720918212,0.8583868850100913,1.453638483856321,-0.6679319996604036,0.3381580283910708,-2.388651744867325
33.0,185.0,999.9854736328124,-0.5829093102984935,0.5938401568646867,4.052971847942793,-1.1689321136429394,-0.2098221931961754,0.8583863450100884,1.4536405622367097,-0.6679298442439077,0.3381580547510046,-2.3886512453787203
33.0,185.0,999.9854736328124,-0.5829102107186133,0.5938450663850912,4.052964011930246,-1.1689338308235508,-0.2098190051254942,0.8583842931100971,1.4536381434228964,-0.6679286246445066,0.3381533882382284,-2.388653436662032
33.0,185.0,999.9854125976562,-0.5829092924358914,0.593841125737729,4.0529671244572505,-1.1689300210327196,-0.2098199465649806,0.8583923780187774,1.4536351596033086,-0.6679319210208412,0.3381551813859733,-2.3886527196902003
33.0,185.0,999.9854125976562,-0.5829096201509207,0.5938454267090378,4.05296790881671,-1.168928026857381,-0.2098199477678166,0.8583878847484936,1.4536299579781904,-0.6679311170747155,0.3381597506681357,-2.388650344920144
33.0,185.0,999.9854125976562,-0.5829115196642194,0.5938448183503571,4.05296804846466,-1.1689363929749534,-0.2098177083492975,0.8583836386790686,1.453637655776726,-0.6679287530701323,0.3381553541021622,-2.3886563076135663
33.0,185.0,999.9854125976562,-0.582908210720384,0.5938390242467362,4.052972765647283,-1.168931862945758,-0.2098214532051461,0.8583910098607266,1.4536384786628522,-0.667932401101357,0.3381581515151532,-2.388651526432724
33.0,185.0,999.9854736328124,-0.5829071982660743,0.5938449731229305,4.052969306157664,-1.168923804645459,-0.2098230645946781,0.85838952677181,1.4536342832907012,-0.6679330212206605,0.3381650500633002,-2.388643845778672
33.0,185.0,999.9854736328124,-0.5829095726843958,0.5938407385559428,4.052971954665734,-1.1689341525171448,-0.209820247370847,0.8583868209768948,1.4536418738817725,-0.6679298274476588,0.3381583928375686,-2.388650999240728
33.0,185.0,999.9854125976562,-0.5829100751635394,0.5938476280285112,4.0529673532464745,-1.1689307375966438,-0.2098200484741292,0.8583837688255445,1.453634020763812,-0.667930186750664,0.3381546992962994,-2.3886517699105085
33.0,185.0,999.9854125976562,-0.5829100681240824,0.5938456765182334,4.052969274383969,-1.1689332759884987,-0.2098209617938327,0.8583825058052259,1.4536375603755474,-0.6679303053496808,0.338157951095801,-2.3886492853262418
33.0,185.0,999.9854736328124,-0.5829137736605352,0.5938444058658412,4.052969872509909,-1.1689348985154933,-0.2098161165663512,0.858386272324454,1.4536341886582802,-0.6679319963189352,0.3381573117470147,-2.3886544254390083
33.0,185.0,999.9854125976562,-0.5829098110707651,0.5938424344959188,4.052967700342922,-1.1689340197207023,-0.2098209492703437,0.8583875615235144,1.4536415851907076,-0.6679289928054075,0.3381543218562779,-2.3886531144276835
33.0,185.0,999.9854125976562,-0.5829095912944267,0.5938460000806911,4.052968302634829,-1.1689292857165583,-0.2098203361913579,0.8583858282352903,1.453633626359112,-0.6679317933515616,0.3381569036183371,-2.388649908606848
33.0,185.0,999.9854125976562,-0.5829083286359023,0.5938429914468362,4.052969750829666,-1.1689276088161824,-0.209821789504347,0.8583877389542769,1.453635512111461,-0.6679292388258498,0.338161579608176,-2.3886467668245155
33.0,185.0,999.9854736328124,-0.582908315466339,0.5938364726323808,4.052966911526594,-1.1689218542862916,-0.2098219623189905,0.8583980305806707,1.4536316359405728,-0.6679333976108337,0.3381608434691507,-2.388647879782237
33.0,185.0,999.9854125976562,-0.5829087331506964,0.5938436902926645,4.052969387091823,-1.1689274507897056,-0.2098199292101972,0.8583898443253428,1.4536331330359609,-0.6679329909130951,0.3381574499636564,-2.388652233254627
33.0,185.0,999.9854125976562,-0.582907726887834,0.5938431441529355,4.052967908674907,-1.168925345477649,-0.2098221326248337,0.8583891147660596,1.4536340246089008,-0.667931358047336,0.3381620073938247,-2.3886463715820616
33.0,185.0,999.9854125976562,-0.5829076798980068,0.5938404117607945,4.05297051304596,-1.1689275600606424,-0.209821713372114,0.8583913031801487,1.453635672254431,-0.6679319112536026,0.3381615227801768,-2.3886457164473
33.0,185.0,999.9854125976562,-0.5829093460172396,0.5938416178402219,4.052967900981471,-1.16892803086867,-0.2098216172350495,0.8583898148066798,1.4536348322165606,-0.6679315195619742,0.3381570621749787,-2.388653151886704
33.0,185.0,999.9854125976562,-0.5829111423812021,0.5938417281242927,4.052967273692527,-1.168937990894396,-0.2098188783213892,0.8583862980719843,1.4536387175801018,-0.6679299581983047,0.3381527562499551,-2.3886556633371887
33.0,185.0,999.9854125976562,-0.5829098067737242,0.5938418869161852,4.052969926076772,-1.168932962879614,-0.2098200096625611,0.8583881816774657,1.4536382420763443,-0.6679309183147435,0.3381584980015013,-2.3886515618888686
33.0,185.0,999.9854125976562,-0.5829103778848639,0.5938422112375878,4.052969555587008,-1.1689317202119307,-0.2098178053476322,0.8583889493228556,1.4536322108663455,-0.6679313620737739,0.33815856587628,-2.388654943244448
33.0,185.0,999.9854125976562,-0.5829118325315878,0.59384640490447,4.052967050494216,-1.1689325379039062,-0.2098197125543865,0.858382201093356,1.4536331260337922,-0.6679299508821508,0.3381551993224949,-2.3886558237539064
33.0,185.0,999.9854125976562,-0.582910623671121,0.5938468418117644,4.052966727923948,-1.1689308335329516,-0.2098195639844329,0.8583868100677208,1.4536382508312071,-0.6679286617520228,0.3381589475138593,-2.3886497070908383
33.0,185.0,999.9854736328124,-0.5829131705692623,0.5938446931100403,4.052967470625422,-1.168936521862003,-0.2098168929607489,0.8583832583827427,1.453636761022448,-0.6679289803960016,0.3381547199746206,-2.388654511016397
33.0,185.0,999.9854125976562,-0.5829118836340133,0.5938498672774228,4.052970448674158,-1.168936906297866,-0.2098198975170184,0.8583785078401176,1.45364085488022,-0.6679286995677023,0.3381564304744353,-2.388653206682445
33.0,185.0,999.9854125976562,-0.5829087949499652,0.593845034287007,4.052970508118444,-1.168928547894443,-0.2098224476814145,0.8583875328920989,1.4536368905675996,-0.6679312072480235,0.3381572322704009,-2.38865210320905
33.0,185.0,999.9854125976562,-0.5829084092747854,0.5938428240466642,4.0529676298032165,-1.1689301752317238,-0.2098215715815623,0.8583872038411187,1.4536343144652184,-0.667930122129043,0.3381575164245607,-2.388652078505048
33.0,185.0,999.9854125976562,-0.5829095859804241,0.5938406331269919,4.052968176709722,-1.168931503145088,-0.2098209076946222,0.8583892540233515,1.4536378364109872,-0.6679300194485567,0.3381580775888668,-2.388651822241826
33.0,185.0,999.9854125976562,-0.5829091460442974,0.5938427161815163,4.052967983914659,-1.168932720350056,-0.2098206485035323,0.8583868792050344,1.4536381128011753,-0.6679303655655904,0.3381568038581397,-2.3886493022307667
33.0,185.0,999.9854125976562,-0.5829102950702261,0.5938428858825704,4.052967843380422,-1.1689345573594268,-0.2098205921430471,0.8583856818133491,1.453640637527366,-0.6679287680216106,0.338155448232774,-2.3886515656416583
33.0,185.0,999.9854736328124,-0.5829132984414827,0.5938489709740846,4.052970789807306,-1.1689431320605124,-0.2098171771984027,0.8583788437065039,1.4536445838197327,-0.6679304958069672,0.3381497692766686,-2.3886588798555053
33.0,185.0,999.9854125976562,-0.5829060123603016,0.593836560380093,4.052975365620428,-1.1689241200480105,-0.2098240630418342,0.8583930784502982,1.4536335827633824,-0.667932516673071,0.3381671997029043,-2.3886453038692568
33.0,185.0,999.9854125976562,-0.5829130777597538,0.5938459034936212,4.05296736459896,-1.1689350907835565,-0.2098175064283491,0.8583867499397568,1.4536367382243451,-0.6679312578242138,0.3381519127861487,-2.388658390783621
33.0,185.0,999.9854125976562,-0.5829096502875846,0.5938480877049717,4.052969470781729,-1.1689296632689905,-0.2098215599325366,0.858383474204917,1.453637234407954,-0.6679297083303197,0.3381598485675932,-2.388647974585024
33.0,185.0,999.9854736328124,-0.5829101283680114,0.5938423363521537,4.052960540582697,-1.1689345906917756,-0.2098177857015342,0.858389327678375,1.4536407086056204,-0.6679272886357959,0.3381500429679462,-2.388652960588268
33.0,185.0,999.9854125976562,-0.5829095379166924,0.5938397726318092,4.052970797904784,-1.1689298783720163,-0.2098216385974236,0.8583895757878643,1.4536353100896786,-0.6679303409240527,0.3381610256267029,-2.3886518878919483
33.0,185.0,999.9854125976562,-0.5829102996672404,0.5938429846851196,4.052965962505466,-1.168929693179205,-0.2098191325018907,0.8583894703774142,1.4536324541820091,-0.6679318446519016,0.3381524100688811,-2.388655679076128
33.0,185.0,999.9854125976562,-0.582909041073064,0.5938445933394902,4.052968789229926,-1.1689255048636489,-0.2098215543503538,0.8583868715352221,1.4536343138395118,-0.6679296269553987,0.3381631023521461,-2.3886459364569825
33.0,185.0,999.9854125976562,-0.5829079981854441,0.5938425890157886,4.052973456056153,-1.1689276399711497,-0.2098214250319978,0.858391003394015,1.4536369956328965,-0.6679333548877482,0.3381645668113116,-2.388645873925591
33.0,185.0,999.9854125976562,-0.5829084140763445,0.5938444865442216,4.05297108878584,-1.1689329074348676,-0.2098213018969499,0.8583852301539547,1.4536410024667887,-0.6679290052054352,0.3381607125347718,-2.388648647023889
33.0,185.0,999.9854125976562,-0.5829074859759968,0.5938408413543153,4.052968638928359,-1.168925908185832,-0.2098230076696214,0.8583912672834142,1.453634993209235,-0.6679324347880335,0.3381608337132249,-2.38864655182546
33.0,185.0,999.9854125976562,-0.5829115473700694,0.5938460139440576,4.052964850885889,-1.1689304439558108,-0.2098181028479713,0.8583879471064835,1.4536323913428353,-0.6679312727921927,0.3381554674145794,-2.388653491124757
33.0,185.0,999.9854125976562,-0.5829092241329645,0.5938400562597561,4.052970043100826,-1.1689299670784257,-0.2098208585628489,0.8583913745644365,1.4536382003045911,-0.6679327064800109,0.3381604247301695,-2.3886479785911208
33.0,186.0,999.9854125976562,-0.5829080301043197,0.5938441512901438,4.052970804960252,-1.1689270072208364,-0.2098229107810407,0.8583898767830913,1.4536378131821293,-0.667931716988269,0.3381640396235665,-2.388644091190637
33.0,186.0,999.9854125976562,-0.582910921723645,0.5938468438107751,4.052966354518876,-1.1689291290153667,-0.2098202126618344,0.8583835048482102,1.453632280737395,-0.6679292895314459,0.3381567170107979,-2.38865287793681
33.0,186.0,999.9854736328124,-0.5829062029904666,0.593836395699153,4.05297521198278,-1.1689233558286762,-0.2098249695370118,0.858397728953082,1.4536373324926135,-0.6679363998723336,0.3381654810396544,-2.388640778647529
33.0,186.0,999.9854736328124,-0.5829091291420498,0.5938388910109431,4.052967150645566,-1.1689261358208451,-0.2098195689170978,0.8583933887557249,1.4536333021051293,-0.6679328121856791,0.3381615336939569,-2.3886469840640108
33.0,186.0,999.9854125976562,-0.5829077021455049,0.5938421964434575,4.052971850597512,-1.1689311000567084,-0.2098226586127021,0.8583871230336735,1.45364161511141,-0.6679292513426649,0.3381610531502401,-2.388646284542853
33.0,186.0,999.9854125976562,-0.582909926206022,0.5938419474242105,4.052971420175801,-1.168932870690222,-0.2098210720918212,0.8583868850100913,1.453638483856321,-0.6679319996604036,0.3381580283910708,-2.388651744867325
33.0,186.0,999.9854736328124,-0.5829093102984935,0.5938401568646867,4.052971847942793,-1.1689321136429394,-0.2098221931961754,0.8583863450100884,1.4536405622367097,-0.6679298442439077,0.3381580547510046,-2.3886512453787203
33.0,186.0,999.9854736328124,-0.5829102107186133,0.5938450663850912,4.052964011930246,-1.1689338308235508,-0.2098190051254942,0.8583842931100971,1.4536381434228964,-0.6679286246445066,0.3381533882382284,-2.388653436662032
33.0,186.0,999.9854125976562,-0.5829092924358914,0.593841125737729,4.0529671244572505,-1.1689300210327196,-0.2098199465649806,0.8583923780187774,1.4536351596033086,-0.6679319210208412,0.3381551813859733,-2.3886527196902003
33.0,186.0,999.9854125976562,-0.5829096201509207,0.5938454267090378,4.05296790881671,-1.168928026857381,-0.2098199477678166,0.8583878847484936,1.4536299579781904,-0.6679311170747155,0.3381597506681357,-2.388650344920144
33.0,186.0,999.9854125976562,-0.5829115196642194,0.5938448183503571,4.05296804846466,-1.1689363929749534,-0.2098177083492975,0.8583836386790686,1.453637655776726,-0.6679287530701323,0.3381553541021622,-2.3886563076135663
33.0,186.0,999.9854125976562,-0.582908210720384,0.5938390242467362,4.052972765647283,-1.168931862945758,-0.2098214532051461,0.8583910098607266,1.4536384786628522,-0.667932401101357,0.3381581515151532,-2.388651526432724
33.0,186.0,999.9854736328124,-0.5829071982660743,0.5938449731229305,4.052969306157664,-1.168923804645459,-0.2098230645946781,0.85838952677181,1.4536342832907012,-0.6679330212206605,0.3381650500633002,-2.388643845778672
33.0,186.0,999.9854736328124,-0.5829095726843958,0.5938407385559428,4.052971954665734,-1.1689341525171448,-0.209820247370847,0.8583868209768948,1.4536418738817725,-0.6679298274476588,0.3381583928375686,-2.388650999240728
33.0,186.0,999.9854125976562,-0.5829100751635394,0.5938476280285112,4.0529673532464745,-1.1689307375966438,-0.2098200484741292,0.8583837688255445,1.453634020763812,-0.667930186750664,0.3381546992962994,-2.3886517699105085
33.0,186.0,999.9854125976562,-0.5829100681240824,0.5938456765182334,4.052969274383969,-1.1689332759884987,-0.2098209617938327,0.8583825058052259,1.4536375603755474,-0.6679303053496808,0.338157951095801,-2.3886492853262418
33.0,186.0,999.9854736328124,-0.5829137736605352,0.5938444058658412,4.052969872509909,-1.1689348985154933,-0.2098161165663512,0.858386272324454,1.4536341886582802,-0.6679319963189352,0.3381573117470147,-2.3886544254390083
33.0,186.0,999.9854125976562,-0.5829098110707651,0.5938424344959188,4.052967700342922,-1.1689340197207023,-0.2098209492703437,0.8583875615235144,1.4536415851907076,-0.6679289928054075,0.3381543218562779,-2.3886531144276835
33.0,186.0,999.9854125976562,-0.5829095912944267,0.5938460000806911,4.052968302634829,-1.1689292857165583,-0.2098203361913579,0.8583858282352903,1.453633626359112,-0.6679317933515616,0.3381569036183371,-2.388649908606848
33.0,186.0,999.9854125976562,-0.5829083286359023,0.5938429914468362,4.052969750829666,-1.1689276088161824,-0.209821789504347,0.8583877389542769,1.453635512111461,-0.6679292388258498,0.338161579608176,-2.3886467668245155
33.0,186.0,999.9854736328124,-0.582908315466339,0.5938364726323808,4.052966911526594,-1.1689218542862916,-0.2098219623189905,0.8583980305806707,1.4536316359405728,-0.6679333976108337,0.3381608434691507,-2.388647879782237
33.0,186.0,999.9854125976562,-0.5829087331506964,0.5938436902926645,4.052969387091823,-1.1689274507897056,-0.2098199292101972,0.8583898443253428,1.4536331330359609,-0.6679329909130951,0.3381574499636564,-2.388652233254627
33.0,186.0,999.9854125976562,-0.582907726887834,0.5938431441529355,4.052967908674907,-1.168925345477649,-0.2098221326248337,0.8583891147660596,1.4536340246089008,-0.667931358047336,0.3381620073938247,-2.3886463715820616
33.0,186.0,999.9854125976562,-0.5829076798980068,0.5938404117607945,4.05297051304596,-1.1689275600606424,-0.209821713372114,0.8583913031801487,1.453635672254431,-0.6679319112536026,0.3381615227801768,-2.3886457164473
33.0,186.0,999.9854125976562,-0.5829093460172396,0.5938416178402219,4.052967900981471,-1.16892803086867,-0.2098216172350495,0.8583898148066798,1.4536348322165606,-0.6679315195619742,0.3381570621749787,-2.388653151886704
33.0,186.0,999.9854125976562,-0.5829111423812021,0.5938417281242927,4.052967273692527,-1.168937990894396,-0.2098188783213892,0.8583862980719843,1.4536387175801018,-0.6679299581983047,0.3381527562499551,-2.3886556633371887
33.0,186.0,999.9854125976562,-0.5829098067737242,0.5938418869161852,4.052969926076772,-1.168932962879614,-0.2098200096625611,0.8583881816774657,1.4536382420763443,-0.6679309183147435,0.3381584980015013,-2.3886515618888686
33.0,186.0,999.9854125976562,-0.5829103778848639,0.5938422112375878,4.052969555587008,-1.1689317202119307,-0.2098178053476322,0.8583889493228556,1.4536322108663455,-0.6679313620737739,0.33815856587628,-2.388654943244448
33.0,186.0,999.9854125976562,-0.5829118325315878,0.59384640490447,4.052967050494216,-1.1689325379039062,-0.2098197125543865,0.858382201093356,1.4536331260337922,-0.6679299508821508,0.3381551993224949,-2.3886558237539064
33.0,186.0,999.9854125976562,-0.582910623671121,0.5938468418117644,4.052966727923948,-1.1689308335329516,-0.2098195639844329,0.8583868100677208,1.4536382508312071,-0.6679286617520228,0.3381589475138593,-2.3886497070908383
33.0,186.0,999.9854736328124,-0.5829131705692623,0.5938446931100403,4.052967470625422,-1.168936521862003,-0.2098168929607489,0.8583832583827427,1.453636761022448,-0.6679289803960016,0.3381547199746206,-2.388654511016397
33.0,186.0,999.9854125976562,-0.5829118836340133,0.5938498672774228,4.052970448674158,-1.168936906297866,-0.2098198975170184,0.8583785078401176,1.45364085488022,-0.6679286995677023,0.3381564304744353,-2.388653206682445
33.0,186.0,999.9854125976562,-0.5829087949499652,0.593845034287007,4.052970508118444,-1.168928547894443,-0.2098224476814145,0.8583875328920989,1.4536368905675996,-0.6679312072480235,0.3381572322704009,-2.38865210320905
33.0,186.0,999.9854125976562,-0.5829084092747854,0.5938428240466642,4.0529676298032165,-1.1689301752317238,-0.2098215715815623,0.8583872038411187,1.4536343144652184,-0.667930122129043,0.3381575164245607,-2.388652078505048
33.0,186.0,999.9854125976562,-0.5829095859804241,0.5938406331269919,4.052968176709722,-1.168931503145088,-0.2098209076946222,0.8583892540233515,1.4536378364109872,-0.6679300194485567,0.3381580775888668,-2.388651822241826
33.0,186.0,999.9854125976562,-0.5829091460442974,0.5938427161815163,4.052967983914659,-1.168932720350056,-0.2098206485035323,0.8583868792050344,1.4536381128011753,-0.6679303655655904,0.3381568038581397,-2.3886493022307667
33.0,186.0,999.9854125976562,-0.5829102950702261,0.5938428858825704,4.052967843380422,-1.1689345573594268,-0.2098205921430471,0.8583856818133491,1.453640637527366,-0.6679287680216106,0.338155448232774,-2.3886515656416583
33.0,186.0,999.9854736328124,-0.5829132984414827,0.5938489709740846,4.052970789807306,-1.1689431320605124,-0.2098171771984027,0.8583788437065039,1.4536445838197327,-0.6679304958069672,0.3381497692766686,-2.3886588798555053
33.0,186.0,999.9854125976562,-0.5829060123603016,0.593836560380093,4.052975365620428,-1.1689241200480105,-0.2098240630418342,0.8583930784502982,1.4536335827633824,-0.667932516673071,0.3381671997029043,-2.3886453038692568
33.0,186.0,999.9854125976562,-0.5829130777597538,0.5938459034936212,4.05296736459896,-1.1689350907835565,-0.2098175064283491,0.8583867499397568,1.4536367382243451,-0.6679312578242138,0.3381519127861487,-2.388658390783621
33.0,186.0,999.9854125976562,-0.5829096502875846,0.5938480877049717,4.052969470781729,-1.1689296632689905,-0.2098215599325366,0.858383474204917,1.453637234407954,-0.6679297083303197,0.3381598485675932,-2.388647974585024
33.0,186.0,999.9854736328124,-0.5829101283680114,0.5938423363521537,4.052960540582697,-1.1689345906917756,-0.2098177857015342,0.858389327678375,1.4536407086056204,-0.6679272886357959,0.3381500429679462,-2.388652960588268
33.0,186.0,999.9854125976562,-0.5829095379166924,0.5938397726318092,4.052970797904784,-1.1689298783720163,-0.2098216385974236,0.8583895757878643,1.4536353100896786,-0.6679303409240527,0.3381610256267029,-2.3886518878919483
33.0,186.0,999.9854125976562,-0.5829102996672404,0.5938429846851196,4.052965962505466,-1.168929693179205,-0.2098191325018907,0.8583894703774142,1.4536324541820091,-0.6679318446519016,0.3381524100688811,-2.388655679076128
33.0,186.0,999.9854125976562,-0.582909041073064,0.5938445933394902,4.052968789229926,-1.1689255048636489,-0.2098215543503538,0.8583868715352221,1.4536343138395118,-0.6679296269553987,0.3381631023521461,-2.3886459364569825
33.0,186.0,999.9854125976562,-0.5829079981854441,0.5938425890157886,4.052973456056153,-1.1689276399711497,-0.2098214250319978,0.858391003394015,1.4536369956328965,-0.6679333548877482,0.3381645668113116,-2.388645873925591
33.0,186.0,999.9854125976562,-0.5829084140763445,0.5938444865442216,4.05297108878584,-1.1689329074348676,-0.2098213018969499,0.8583852301539547,1.4536410024667887,-0.6679290052054352,0.3381607125347718,-2.388648647023889
33.0,186.0,999.9854125976562,-0.5829074859759968,0.5938408413543153,4.052968638928359,-1.168925908185832,-0.2098230076696214,0.8583912672834142,1.453634993209235,-0.6679324347880335,0.3381608337132249,-2.38864655182546
33.0,186.0,999.9854125976562,-0.5829115473700694,0.5938460139440576,4.052964850885889,-1.1689304439558108,-0.2098181028479713,0.8583879471064835,1.4536323913428353,-0.6679312727921927,0.3381554674145794,-2.388653491124757
33.0,186.0,999.9854125976562,-0.5829092241329645,0.5938400562597561,4.052970043100826,-1.1689299670784257,-0.2098208585628489,0.8583913745644365,1.4536382003045911,-0.6679327064800109,0.3381604247301695,-2.3886479785911208
33.0,187.0,999.9854125976562,-0.5829080301043197,0.5938441512901438,4.052970804960252,-1.1689270072208364,-0.2098229107810407,0.8583898767830913,1.4536378131821293,-0.667931716988269,0.3381640396235665,-2.388644091190637
33.0,187.0,999.9854125976562,-0.582910921723645,0.5938468438107751,4.052966354518876,-1.1689291290153667,-0.2098202126618344,0.8583835048482102,1.453632280737395,-0.6679292895314459,0.3381567170107979,-2.38865287793681
33.0,187.0,999.9854736328124,-0.5829062029904666,0.593836395699153,4.05297521198278,-1.1689233558286762,-0.2098249695370118,0.858397728953082,1.4536373324926135,-0.6679363998723336,0.3381654810396544,-2.388640778647529
33.0,187.0,999.9854736328124,-0.5829091291420498,0.5938388910109431,4.052967150645566,-1.1689261358208451,-0.2098195689170978,0.8583933887557249,1.4536333021051293,-0.6679328121856791,0.3381615336939569,-2.3886469840640108
33.0,187.0,999.9854125976562,-0.5829077021455049,0.5938421964434575,4.052971850597512,-1.1689311000567084,-0.2098226586127021,0.8583871230336735,1.45364161511141,-0.6679292513426649,0.3381610531502401,-2.388646284542853
33.0,187.0,999.9854125976562,-0.582909926206022,0.5938419474242105,4.052971420175801,-1.168932870690222,-0.2098210720918212,0.8583868850100913,1.453638483856321,-0.6679319996604036,0.3381580283910708,-2.388651744867325
33.0,187.0,999.9854736328124,-0.5829093102984935,0.5938401568646867,4.052971847942793,-1.1689321136429394,-0.2098221931961754,0.8583863450100884,1.4536405622367097,-0.6679298442439077,0.3381580547510046,-2.3886512453787203
33.0,187.0,999.9854736328124,-0.5829102107186133,0.5938450663850912,4.052964011930246,-1.1689338308235508,-0.2098190051254942,0.8583842931100971,1.4536381434228964,-0.6679286246445066,0.3381533882382284,-2.388653436662032
33.0,187.0,999.9854125976562,-0.5829092924358914,0.593841125737729,4.0529671244572505,-1.1689300210327196,-0.2098199465649806,0.8583923780187774,1.4536351596033086,-0.6679319210208412,0.3381551813859733,-2.3886527196902003
33.0,187.0,999.9854125976562,-0.5829096201509207,0.5938454267090378,4.05296790881671,-1.168928026857381,-0.2098199477678166,0.8583878847484936,1.4536299579781904,-0.6679311170747155,0.3381597506681357,-2.388650344920144
33.0,187.0,999.9854125976562,-0.5829115196642194,0.5938448183503571,4.05296804846466,-1.1689363929749534,-0.2098177083492975,0.8583836386790686,1.453637655776726,-0.6679287530701323,0.3381553541021622,-2.3886563076135663
33.0,187.0,999.9854125976562,-0.582908210720384,0.5938390242467362,4.052972765647283,-1.168931862945758,-0.2098214532051461,0.8583910098607266,1.4536384786628522,-0.667932401101357,0.3381581515151532,-2.388651526432724
33.0,187.0,999.9854736328124,-0.5829071982660743,0.5938449731229305,4.052969306157664,-1.168923804645459,-0.2098230645946781,0.85838952677181,1.4536342832907012,-0.6679330212206605,0.3381650500633002,-2.388643845778672
33.0,187.0,999.9854736328124,-0.5829095726843958,0.5938407385559428,4.052971954665734,-1.1689341525171448,-0.209820247370847,0.8583868209768948,1.4536418738817725,-0.6679298274476588,0.3381583928375686,-2.388650999240728
33.0,187.0,999.9854125976562,-0.5829100751635394,0.5938476280285112,4.0529673532464745,-1.1689307375966438,-0.2098200484741292,0.8583837688255445,1.453634020763812,-0.667930186750664,0.3381546992962994,-2.3886517699105085
33.0,187.0,999.9854125976562,-0.5829100681240824,0.5938456765182334,4.052969274383969,-1.1689332759884987,-0.2098209617938327,0.8583825058052259,1.4536375603755474,-0.6679303053496808,0.338157951095801,-2.3886492853262418
33.0,187.0,999.9854736328124,-0.5829137736605352,0.5938444058658412,4.052969872509909,-1.1689348985154933,-0.2098161165663512,0.858386272324454,1.4536341886582802,-0.6679319963189352,0.3381573117470147,-2.3886544254390083
33.0,187.0,999.9854125976562,-0.5829098110707651,0.5938424344959188,4.052967700342922,-1.1689340197207023,-0.2098209492703437,0.8583875615235144,1.4536415851907076,-0.6679289928054075,0.3381543218562779,-2.3886531144276835
33.0,187.0,999.9854125976562,-0.5829095912944267,0.5938460000806911,4.052968302634829,-1.1689292857165583,-0.2098203361913579,0.8583858282352903,1.453633626359112,-0.6679317933515616,0.3381569036183371,-2.388649908606848
33.0,187.0,999.9854125976562,-0.5829083286359023,0.5938429914468362,4.052969750829666,-1.1689276088161824,-0.209821789504347,0.8583877389542769,1.453635512111461,-0.6679292388258498,0.338161579608176,-2.3886467668245155
33.0,187.0,999.9854736328124,-0.582908315466339,0.5938364726323808,4.052966911526594,-1.1689218542862916,-0.2098219623189905,0.8583980305806707,1.4536316359405728,-0.6679333976108337,0.3381608434691507,-2.388647879782237
33.0,187.0,999.9854125976562,-0.5829087331506964,0.5938436902926645,4.052969387091823,-1.1689274507897056,-0.2098199292101972,0.8583898443253428,1.4536331330359609,-0.6679329909130951,0.3381574499636564,-2.388652233254627
33.0,187.0,999.9854125976562,-0.582907726887834,0.5938431441529355,4.052967908674907,-1.168925345477649,-0.2098221326248337,0.8583891147660596,1.4536340246089008,-0.667931358047336,0.3381620073938247,-2.3886463715820616
33.0,187.0,999.9854125976562,-0.5829076798980068,0.5938404117607945,4.05297051304596,-1.1689275600606424,-0.209821713372114,0.8583913031801487,1.453635672254431,-0.6679319112536026,0.3381615227801768,-2.3886457164473
33.0,187.0,999.9854125976562,-0.5829093460172396,0.5938416178402219,4.052967900981471,-1.16892803086867,-0.2098216172350495,0.8583898148066798,1.4536348322165606,-0.6679315195619742,0.3381570621749787,-2.388653151886704
33.0,187.0,999.9854125976562,-0.5829111423812021,0.5938417281242927,4.052967273692527,-1.168937990894396,-0.2098188783213892,0.8583862980719843,1.4536387175801018,-0.6679299581983047,0.3381527562499551,-2.3886556633371887
33.0,187.0,999.9854125976562,-0.5829098067737242,0.5938418869161852,4.052969926076772,-1.168932962879614,-0.2098200096625611,0.8583881816774657,1.4536382420763443,-0.6679309183147435,0.3381584980015013,-2.3886515618888686
33.0,187.0,999.9854125976562,-0.5829103778848639,0.5938422112375878,4.052969555587008,-1.1689317202119307,-0.2098178053476322,0.8583889493228556,1.4536322108663455,-0.6679313620737739,0.33815856587628,-2.388654943244448
33.0,187.0,999.9854125976562,-0.5829118325315878,0.59384640490447,4.052967050494216,-1.1689325379039062,-0.2098197125543865,0.858382201093356,1.4536331260337922,-0.6679299508821508,0.3381551993224949,-2.3886558237539064
33.0,187.0,999.9854125976562,-0.582910623671121,0.5938468418117644,4.052966727923948,-1.1689308335329516,-0.2098195639844329,0.8583868100677208,1.4536382508312071,-0.6679286617520228,0.3381589475138593,-2.3886497070908383
33.0,187.0,999.9854736328124,-0.5829131705692623,0.5938446931100403,4.052967470625422,-1.168936521862003,-0.2098168929607489,0.8583832583827427,1.453636761022448,-0.6679289803960016,0.3381547199746206,-2.388654511016397
33.0,187.0,999.9854125976562,-0.5829118836340133,0.5938498672774228,4.052970448674158,-1.168936906297866,-0.2098198975170184,0.8583785078401176,1.45364085488022,-0.6679286995677023,0.3381564304744353,-2.388653206682445
33.0,187.0,999.9854125976562,-0.5829087949499652,0.593845034287007,4.052970508118444,-1.168928547894443,-0.2098224476814145,0.8583875328920989,1.4536368905675996,-0.6679312072480235,0.3381572322704009,-2.38865210320905
33.0,187.0,999.9854125976562,-0.5829084092747854,0.5938428240466642,4.0529676298032165,-1.1689301752317238,-0.2098215715815623,0.8583872038411187,1.4536343144652184,-0.667930122129043,0.3381575164245607,-2.388652078505048
33.0,187.0,999.9854125976562,-0.5829095859804241,0.5938406331269919,4.052968176709722,-1.168931503145088,-0.2098209076946222,0.8583892540233515,1.4536378364109872,-0.6679300194485567,0.3381580775888668,-2.388651822241826
33.0,187.0,999.9854125976562,-0.5829091460442974,0.5938427161815163,4.052967983914659,-1.168932720350056,-0.2098206485035323,0.8583868792050344,1.4536381128011753,-0.6679303655655904,0.3381568038581397,-2.3886493022307667
33.0,187.0,999.9854125976562,-0.5829102950702261,0.5938428858825704,4.052967843380422,-1.1689345573594268,-0.2098205921430471,0.8583856818133491,1.453640637527366,-0.6679287680216106,0.338155448232774,-2.3886515656416583
33.0,187.0,999.9854736328124,-0.5829132984414827,0.5938489709740846,4.052970789807306,-1.1689431320605124,-0.2098171771984027,0.8583788437065039,1.4536445838197327,-0.6679304958069672,0.3381497692766686,-2.3886588798555053
33.0,187.0,999.9854125976562,-0.5829060123603016,0.593836560380093,4.052975365620428,-1.1689241200480105,-0.2098240630418342,0.8583930784502982,1.4536335827633824,-0.667932516673071,0.3381671997029043,-2.3886453038692568
33.0,187.0,999.9854125976562,-0.5829130777597538,0.5938459034936212,4.05296736459896,-1.1689350907835565,-0.2098175064283491,0.8583867499397568,1.4536367382243451,-0.6679312578242138,0.3381519127861487,-2.388658390783621
33.0,187.0,999.9854125976562,-0.5829096502875846,0.5938480877049717,4.052969470781729,-1.1689296632689905,-0.2098215599325366,0.858383474204917,1.453637234407954,-0.6679297083303197,0.3381598485675932,-2.388647974585024
33.0,187.0,999.9854736328124,-0.5829101283680114,0.5938423363521537,4.052960540582697,-1.1689345906917756,-0.2098177857015342,0.858389327678375,1.4536407086056204,-0.6679272886357959,0.3381500429679462,-2.388652960588268
33.0,187.0,999.9854125976562,-0.5829095379166924,0.5938397726318092,4.052970797904784,-1.1689298783720163,-0.2098216385974236,0.8583895757878643,1.4536353100896786,-0.6679303409240527,0.3381610256267029,-2.3886518878919483
33.0,187.0,999.9854125976562,-0.5829102996672404,0.5938429846851196,4.052965962505466,-1.168929693179205,-0.2098191325018907,0.8583894703774142,1.4536324541820091,-0.6679318446519016,0.3381524100688811,-2.388655679076128
33.0,187.0,999.9854125976562,-0.582909041073064,0.5938445933394902,4.052968789229926,-1.1689255048636489,-0.2098215543503538,0.8583868715352221,1.4536343138395118,-0.6679296269553987,0.3381631023521461,-2.3886459364569825
33.0,187.0,999.9854125976562,-0.5829079981854441,0.5938425890157886,4.052973456056153,-1.1689276399711497,-0.2098214250319978,0.858391003394015,1.4536369956328965,-0.6679333548877482,0.3381645668113116,-2.388645873925591
33.0,187.0,999.9854125976562,-0.5829084140763445,0.5938444865442216,4.05297108878584,-1.1689329074348676,-0.2098213018969499,0.8583852301539547,1.4536410024667887,-0.6679290052054352,0.3381607125347718,-2.388648647023889
33.0,187.0,999.9854125976562,-0.5829074859759968,0.5938408413543153,4.052968638928359,-1.168925908185832,-0.2098230076696214,0.8583912672834142,1.453634993209235,-0.6679324347880335,0.3381608337132249,-2.38864655182546
33.0,187.0,999.9854125976562,-0.5829115473700694,0.5938460139440576,4.052964850885889,-1.1689304439558108,-0.2098181028479713,0.8583879471064835,1.4536323913428353,-0.6679312727921927,0.3381554674145794,-2.388653491124757
33.0,187.0,999.9854125976562,-0.5829092241329645,0.5938400562597561,4.052970043100826,-1.1689299670784257,-0.2098208585628489,0.8583913745644365,1.4536382003045911,-0.6679327064800109,0.3381604247301695,-2.3886479785911208
33.0,188.0,999.9854125976562,-0.5829080301043197,0.5938441512901438,4.052970804960252,-1.1689270072208364,-0.2098229107810407,0.8583898767830913,1.4536378131821293,-0.667931716988269,0.3381640396235665,-2.388644091190637
33.0,188.0,999.9854125976562,-0.582910921723645,0.5938468438107751,4.052966354518876,-1.1689291290153667,-0.2098202126618344,0.8583835048482102,1.453632280737395,-0.6679292895314459,0.3381567170107979,-2.38865287793681
33.0,188.0,999.9854736328124,-0.5829062029904666,0.593836395699153,4.05297521198278,-1.1689233558286762,-0.2098249695370118,0.858397728953082,1.4536373324926135,-0.6679363998723336,0.3381654810396544,-2.388640778647529
33.0,188.0,999.9854736328124,-0.5829091291420498,0.5938388910109431,4.052967150645566,-1.1689261358208451,-0.2098195689170978,0.8583933887557249,1.4536333021051293,-0.6679328121856791,0.3381615336939569,-2.3886469840640108
33.0,188.0,999.9854125976562,-0.5829077021455049,0.5938421964434575,4.052971850597512,-1.1689311000567084,-0.2098226586127021,0.8583871230336735,1.45364161511141,-0.6679292513426649,0.3381610531502401,-2.388646284542853
33.0,188.0,999.9854125976562,-0.582909926206022,0.5938419474242105,4.052971420175801,-1.168932870690222,-0.2098210720918212,0.8583868850100913,1.453638483856321,-0.6679319996604036,0.3381580283910708,-2.388651744867325
33.0,188.0,999.9854736328124,-0.5829093102984935,0.5938401568646867,4.052971847942793,-1.1689321136429394,-0.2098221931961754,0.8583863450100884,1.4536405622367097,-0.6679298442439077,0.3381580547510046,-2.3886512453787203
33.0,188.0,999.9854736328124,-0.5829102107186133,0.5938450663850912,4.052964011930246,-1.1689338308235508,-0.2098190051254942,0.8583842931100971,1.4536381434228964,-0.6679286246445066,0.3381533882382284,-2.388653436662032
33.0,188.0,999.9854125976562,-0.5829092924358914,0.593841125737729,4.0529671244572505,-1.1689300210327196,-0.2098199465649806,0.8583923780187774,1.4536351596033086,-0.6679319210208412,0.3381551813859733,-2.3886527196902003
33.0,188.0,999.9854125976562,-0.5829096201509207,0.5938454267090378,4.05296790881671,-1.168928026857381,-0.2098199477678166,0.8583878847484936,1.4536299579781904,-0.6679311170747155,0.3381597506681357,-2.388650344920144
33.0,188.0,999.9854125976562,-0.5829115196642194,0.5938448183503571,4.05296804846466,-1.1689363929749534,-0.2098177083492975,0.8583836386790686,1.453637655776726,-0.6679287530701323,0.3381553541021622,-2.3886563076135663
33.0,188.0,999.9854125976562,-0.582908210720384,0.5938390242467362,4.052972765647283,-1.168931862945758,-0.2098214532051461,0.8583910098607266,1.4536384786628522,-0.667932401101357,0.3381581515151532,-2.388651526432724
33.0,188.0,999.9854736328124,-0.5829071982660743,0.5938449731229305,4.052969306157664,-1.168923804645459,-0.2098230645946781,0.85838952677181,1.4536342832907012,-0.6679330212206605,0.3381650500633002,-2.388643845778672
33.0,188.0,999.9854736328124,-0.5829095726843958,0.5938407385559428,4.052971954665734,-1.1689341525171448,-0.209820247370847,0.8583868209768948,1.4536418738817725,-0.6679298274476588,0.3381583928375686,-2.388650999240728
33.0,188.0,999.9854125976562,-0.5829100751635394,0.5938476280285112,4.0529673532464745,-1.1689307375966438,-0.2098200484741292,0.8583837688255445,1.453634020763812,-0.667930186750664,0.3381546992962994,-2.3886517699105085
33.0,188.0,999.9854125976562,-0.5829100681240824,0.5938456765182334,4.052969274383969,-1.1689332759884987,-0.2098209617938327,0.8583825058052259,1.4536375603755474,-0.6679303053496808,0.338157951095801,-2.3886492853262418
33.0,188.0,999.9854736328124,-0.5829137736605352,0.5938444058658412,4.052969872509909,-1.1689348985154933,-0.2098161165663512,0.858386272324454,1.4536341886582802,-0.6679319963189352,0.3381573117470147,-2.3886544254390083
33.0,188.0,999.9854125976562,-0.5829098110707651,0.5938424344959188,4.052967700342922,-1.1689340197207023,-0.2098209492703437,0.8583875615235144,1.4536415851907076,-0.6679289928054075,0.3381543218562779,-2.3886531144276835
33.0,188.0,999.9854125976562,-0.5829095912944267,0.5938460000806911,4.052968302634829,-1.1689292857165583,-0.2098203361913579,0.8583858282352903,1.453633626359112,-0.6679317933515616,0.3381569036183371,-2.388649908606848
33.0,188.0,999.9854125976562,-0.5829083286359023,0.5938429914468362,4.052969750829666,-1.1689276088161824,-0.209821789504347,0.8583877389542769,1.453635512111461,-0.6679292388258498,0.338161579608176,-2.3886467668245155
33.0,188.0,999.9854736328124,-0.582908315466339,0.5938364726323808,4.052966911526594,-1.1689218542862916,-0.2098219623189905,0.8583980305806707,1.4536316359405728,-0.6679333976108337,0.3381608434691507,-2.388647879782237
33.0,188.0,999.9854125976562,-0.5829087331506964,0.5938436902926645,4.052969387091823,-1.1689274507897056,-0.2098199292101972,0.8583898443253428,1.4536331330359609,-0.6679329909130951,0.3381574499636564,-2.388652233254627
33.0,188.0,999.9854125976562,-0.582907726887834,0.5938431441529355,4.052967908674907,-1.168925345477649,-0.2098221326248337,0.8583891147660596,1.4536340246089008,-0.667931358047336,0.3381620073938247,-2.3886463715820616
33.0,188.0,999.9854125976562,-0.5829076798980068,0.5938404117607945,4.05297051304596,-1.1689275600606424,-0.209821713372114,0.8583913031801487,1.453635672254431,-0.6679319112536026,0.3381615227801768,-2.3886457164473
33.0,188.0,999.9854125976562,-0.5829093460172396,0.5938416178402219,4.052967900981471,-1.16892803086867,-0.2098216172350495,0.8583898148066798,1.4536348322165606,-0.6679315195619742,0.3381570621749787,-2.388653151886704
33.0,188.0,999.9854125976562,-0.5829111423812021,0.5938417281242927,4.052967273692527,-1.168937990894396,-0.2098188783213892,0.8583862980719843,1.4536387175801018,-0.6679299581983047,0.3381527562499551,-2.3886556633371887
33.0,188.0,999.9854125976562,-0.5829098067737242,0.5938418869161852,4.052969926076772,-1.168932962879614,-0.2098200096625611,0.8583881816774657,1.4536382420763443,-0.6679309183147435,0.3381584980015013,-2.3886515618888686
33.0,188.0,999.9854125976562,-0.5829103778848639,0.5938422112375878,4.052969555587008,-1.1689317202119307,-0.2098178053476322,0.8583889493228556,1.4536322108663455,-0.6679313620737739,0.33815856587628,-2.388654943244448
33.0,188.0,999.9854125976562,-0.5829118325315878,0.59384640490447,4.052967050494216,-1.1689325379039062,-0.2098197125543865,0.858382201093356,1.4536331260337922,-0.6679299508821508,0.3381551993224949,-2.3886558237539064
33.0,188.0,999.9854125976562,-0.582910623671121,0.5938468418117644,4.052966727923948,-1.1689308335329516,-0.2098195639844329,0.8583868100677208,1.4536382508312071,-0.6679286617520228,0.3381589475138593,-2.3886497070908383
33.0,188.0,999.9854736328124,-0.5829131705692623,0.5938446931100403,4.052967470625422,-1.168936521862003,-0.2098168929607489,0.8583832583827427,1.453636761022448,-0.6679289803960016,0.3381547199746206,-2.388654511016397
33.0,188.0,999.9854125976562,-0.5829118836340133,0.5938498672774228,4.052970448674158,-1.168936906297866,-0.2098198975170184,0.8583785078401176,1.45364085488022,-0.6679286995677023,0.3381564304744353,-2.388653206682445
33.0,188.0,999.9854125976562,-0.5829087949499652,0.593845034287007,4.052970508118444,-1.168928547894443,-0.2098224476814145,0.8583875328920989,1.4536368905675996,-0.6679312072480235,0.3381572322704009,-2.38865210320905
33.0,188.0,999.9854125976562,-0.5829084092747854,0.5938428240466642,4.0529676298032165,-1.1689301752317238,-0.2098215715815623,0.8583872038411187,1.4536343144652184,-0.667930122129043,0.3381575164245607,-2.388652078505048
33.0,188.0,999.9854125976562,-0.5829095859804241,0.5938406331269919,4.052968176709722,-1.168931503145088,-0.2098209076946222,0.8583892540233515,1.4536378364109872,-0.6679300194485567,0.3381580775888668,-2.388651822241826
33.0,188.0,999.9854125976562,-0.5829091460442974,0.5938427161815163,4.052967983914659,-1.168932720350056,-0.2098206485035323,0.8583868792050344,1.4536381128011753,-0.6679303655655904,0.3381568038581397,-2.3886493022307667
33.0,188.0,999.9854125976562,-0.5829102950702261,0.5938428858825704,4.052967843380422,-1.1689345573594268,-0.2098205921430471,0.8583856818133491,1.453640637527366,-0.6679287680216106,0.338155448232774,-2.3886515656416583
33.0,188.0,999.9854736328124,-0.5829132984414827,0.5938489709740846,4.052970789807306,-1.1689431320605124,-0.2098171771984027,0.8583788437065039,1.4536445838197327,-0.6679304958069672,0.3381497692766686,-2.3886588798555053
33.0,188.0,999.9854125976562,-0.5829060123603016,0.593836560380093,4.052975365620428,-1.1689241200480105,-0.2098240630418342,0.8583930784502982,1.4536335827633824,-0.667932516673071,0.3381671997029043,-2.3886453038692568
33.0,188.0,999.9854125976562,-0.5829130777597538,0.5938459034936212,4.05296736459896,-1.1689350907835565,-0.2098175064283491,0.8583867499397568,1.4536367382243451,-0.6679312578242138,0.3381519127861487,-2.388658390783621
33.0,188.0,999.9854125976562,-0.5829096502875846,0.5938480877049717,4.052969470781729,-1.1689296632689905,-0.2098215599325366,0.858383474204917,1.453637234407954,-0.6679297083303197,0.3381598485675932,-2.388647974585024
33.0,188.0,999.9854736328124,-0.5829101283680114,0.5938423363521537,4.052960540582697,-1.1689345906917756,-0.2098177857015342,0.858389327678375,1.4536407086056204,-0.6679272886357959,0.3381500429679462,-2.388652960588268
33.0,188.0,999.9854125976562,-0.5829095379166924,0.5938397726318092,4.052970797904784,-1.1689298783720163,-0.2098216385974236,0.8583895757878643,1.4536353100896786,-0.6679303409240527,0.3381610256267029,-2.3886518878919483
33.0,188.0,999.9854125976562,-0.5829102996672404,0.5938429846851196,4.052965962505466,-1.168929693179205,-0.2098191325018907,0.8583894703774142,1.4536324541820091,-0.6679318446519016,0.3381524100688811,-2.388655679076128
33.0,188.0,999.9854125976562,-0.582909041073064,0.5938445933394902,4.052968789229926,-1.1689255048636489,-0.2098215543503538,0.8583868715352221,1.4536343138395118,-0.6679296269553987,0.3381631023521461,-2.3886459364569825
33.0,188.0,999.9854125976562,-0.5829079981854441,0.5938425890157886,4.052973456056153,-1.1689276399711497,-0.2098214250319978,0.858391003394015,1.4536369956328965,-0.6679333548877482,0.3381645668113116,-2.388645873925591
33.0,188.0,999.9854125976562,-0.5829084140763445,0.5938444865442216,4.05297108878584,-1.1689329074348676,-0.2098213018969499,0.8583852301539547,1.4536410024667887,-0.6679290052054352,0.3381607125347718,-2.388648647023889
33.0,188.0,999.9854125976562,-0.5829074859759968,0.5938408413543153,4.052968638928359,-1.168925908185832,-0.2098230076696214,0.8583912672834142,1.453634993209235,-0.6679324347880335,0.3381608337132249,-2.38864655182546
33.0,188.0,999.9854125976562,-0.5829115473700694,0.5938460139440576,4.052964850885889,-1.1689304439558108,-0.2098181028479713,0.8583879471064835,1.4536323913428353,-0.6679312727921927,0.3381554674145794,-2.388653491124757
33.0,188.0,999.9854125976562,-0.5829092241329645,0.5938400562597561,4.052970043100826,-1.1689299670784257,-0.2098208585628489,0.8583913745644365,1.4536382003045911,-0.6679327064800109,0.3381604247301695,-2.3886479785911208
33.0,189.0,999.9854125976562,-0.5829080301043197,0.5938441512901438,4.052970804960252,-1.1689270072208364,-0.2098229107810407,0.8583898767830913,1.4536378131821293,-0.667931716988269,0.3381640396235665,-2.388644091190637
33.0,189.0,999.9854125976562,-0.582910921723645,0.5938468438107751,4.052966354518876,-1.1689291290153667,-0.2098202126618344,0.8583835048482102,1.453632280737395,-0.6679292895314459,0.3381567170107979,-2.38865287793681
33.0,189.0,999.9854736328124,-0.5829062029904666,0.593836395699153,4.05297521198278,-1.1689233558286762,-0.2098249695370118,0.858397728953082,1.4536373324926135,-0.6679363998723336,0.3381654810396544,-2.388640778647529
33.0,189.0,999.9854736328124,-0.5829091291420498,0.5938388910109431,4.052967150645566,-1.1689261358208451,-0.2098195689170978,0.8583933887557249,1.4536333021051293,-0.6679328121856791,0.3381615336939569,-2.3886469840640108
33.0,189.0,999.9854125976562,-0.5829077021455049,0.5938421964434575,4.052971850597512,-1.1689311000567084,-0.2098226586127021,0.8583871230336735,1.45364161511141,-0.6679292513426649,0.3381610531502401,-2.388646284542853
33.0,189.0,999.9854125976562,-0.582909926206022,0.5938419474242105,4.052971420175801,-1.168932870690222,-0.2098210720918212,0.8583868850100913,1.453638483856321,-0.6679319996604036,0.3381580283910708,-2.388651744867325
33.0,189.0,999.9854736328124,-0.5829093102984935,0.5938401568646867,4.052971847942793,-1.1689321136429394,-0.2098221931961754,0.8583863450100884,1.4536405622367097,-0.6679298442439077,0.3381580547510046,-2.3886512453787203
33.0,189.0,999.9854736328124,-0.5829102107186133,0.5938450663850912,4.052964011930246,-1.1689338308235508,-0.2098190051254942,0.8583842931100971,1.4536381434228964,-0.6679286246445066,0.3381533882382284,-2.388653436662032
33.0,189.0,999.9854125976562,-0.5829092924358914,0.593841125737729,4.0529671244572505,-1.1689300210327196,-0.2098199465649806,0.8583923780187774,1.4536351596033086,-0.6679319210208412,0.3381551813859733,-2.3886527196902003
33.0,189.0,999.9854125976562,-0.5829096201509207,0.5938454267090378,4.05296790881671,-1.168928026857381,-0.2098199477678166,0.8583878847484936,1.4536299579781904,-0.6679311170747155,0.3381597506681357,-2.388650344920144
33.0,189.0,999.9854125976562,-0.5829115196642194,0.5938448183503571,4.05296804846466,-1.1689363929749534,-0.2098177083492975,0.8583836386790686,1.453637655776726,-0.6679287530701323,0.3381553541021622,-2.3886563076135663
33.0,189.0,999.9854125976562,-0.582908210720384,0.5938390242467362,4.052972765647283,-1.168931862945758,-0.2098214532051461,0.8583910098607266,1.4536384786628522,-0.667932401101357,0.3381581515151532,-2.388651526432724
33.0,189.0,999.9854736328124,-0.5829071982660743,0.5938449731229305,4.052969306157664,-1.168923804645459,-0.2098230645946781,0.85838952677181,1.4536342832907012,-0.6679330212206605,0.3381650500633002,-2.388643845778672
33.0,189.0,999.9854736328124,-0.5829095726843958,0.5938407385559428,4.052971954665734,-1.1689341525171448,-0.209820247370847,0.8583868209768948,1.4536418738817725,-0.6679298274476588,0.3381583928375686,-2.388650999240728
33.0,189.0,999.9854125976562,-0.5829100751635394,0.5938476280285112,4.0529673532464745,-1.1689307375966438,-0.2098200484741292,0.8583837688255445,1.453634020763812,-0.667930186750664,0.3381546992962994,-2.3886517699105085
33.0,189.0,999.9854125976562,-0.5829100681240824,0.5938456765182334,4.052969274383969,-1.1689332759884987,-0.2098209617938327,0.8583825058052259,1.4536375603755474,-0.6679303053496808,0.338157951095801,-2.3886492853262418
33.0,189.0,999.9854736328124,-0.5829137736605352,0.5938444058658412,4.052969872509909,-1.1689348985154933,-0.2098161165663512,0.858386272324454,1.4536341886582802,-0.6679319963189352,0.3381573117470147,-2.3886544254390083
33.0,189.0,999.9854125976562,-0.5829098110707651,0.5938424344959188,4.052967700342922,-1.1689340197207023,-0.2098209492703437,0.8583875615235144,1.4536415851907076,-0.6679289928054075,0.3381543218562779,-2.3886531144276835
33.0,189.0,999.9854125976562,-0.5829095912944267,0.5938460000806911,4.052968302634829,-1.1689292857165583,-0.2098203361913579,0.8583858282352903,1.453633626359112,-0.6679317933515616,0.3381569036183371,-2.388649908606848
33.0,189.0,999.9854125976562,-0.5829083286359023,0.5938429914468362,4.052969750829666,-1.1689276088161824,-0.209821789504347,0.8583877389542769,1.453635512111461,-0.6679292388258498,0.338161579608176,-2.3886467668245155
33.0,189.0,999.9854736328124,-0.582908315466339,0.5938364726323808,4.052966911526594,-1.1689218542862916,-0.2098219623189905,0.8583980305806707,1.4536316359405728,-0.6679333976108337,0.3381608434691507,-2.388647879782237
33.0,189.0,999.9854125976562,-0.5829087331506964,0.5938436902926645,4.052969387091823,-1.1689274507897056,-0.2098199292101972,0.8583898443253428,1.4536331330359609,-0.6679329909130951,0.3381574499636564,-2.388652233254627
33.0,189.0,999.9854125976562,-0.582907726887834,0.5938431441529355,4.052967908674907,-1.168925345477649,-0.2098221326248337,0.8583891147660596,1.4536340246089008,-0.667931358047336,0.3381620073938247,-2.3886463715820616
33.0,189.0,999.9854125976562,-0.5829076798980068,0.5938404117607945,4.05297051304596,-1.1689275600606424,-0.209821713372114,0.8583913031801487,1.453635672254431,-0.6679319112536026,0.3381615227801768,-2.3886457164473
33.0,189.0,999.9854125976562,-0.5829093460172396,0.5938416178402219,4.052967900981471,-1.16892803086867,-0.2098216172350495,0.8583898148066798,1.4536348322165606,-0.6679315195619742,0.3381570621749787,-2.388653151886704
33.0,189.0,999.9854125976562,-0.5829111423812021,0.5938417281242927,4.052967273692527,-1.168937990894396,-0.2098188783213892,0.8583862980719843,1.4536387175801018,-0.6679299581983047,0.3381527562499551,-2.3886556633371887
33.0,189.0,999.9854125976562,-0.5829098067737242,0.5938418869161852,4.052969926076772,-1.168932962879614,-0.2098200096625611,0.8583881816774657,1.4536382420763443,-0.6679309183147435,0.3381584980015013,-2.3886515618888686
33.0,189.0,999.9854125976562,-0.5829103778848639,0.5938422112375878,4.052969555587008,-1.1689317202119307,-0.2098178053476322,0.8583889493228556,1.4536322108663455,-0.6679313620737739,0.33815856587628,-2.388654943244448
33.0,189.0,999.9854125976562,-0.5829118325315878,0.59384640490447,4.052967050494216,-1.1689325379039062,-0.2098197125543865,0.858382201093356,1.4536331260337922,-0.6679299508821508,0.3381551993224949,-2.3886558237539064
33.0,189.0,999.9854125976562,-0.582910623671121,0.5938468418117644,4.052966727923948,-1.1689308335329516,-0.2098195639844329,0.8583868100677208,1.4536382508312071,-0.6679286617520228,0.3381589475138593,-2.3886497070908383
33.0,189.0,999.9854736328124,-0.5829131705692623,0.5938446931100403,4.052967470625422,-1.168936521862003,-0.2098168929607489,0.8583832583827427,1.453636761022448,-0.6679289803960016,0.3381547199746206,-2.388654511016397
33.0,189.0,999.9854125976562,-0.5829118836340133,0.5938498672774228,4.052970448674158,-1.168936906297866,-0.2098198975170184,0.8583785078401176,1.45364085488022,-0.6679286995677023,0.3381564304744353,-2.388653206682445
33.0,189.0,999.9854125976562,-0.5829087949499652,0.593845034287007,4.052970508118444,-1.168928547894443,-0.2098224476814145,0.8583875328920989,1.4536368905675996,-0.6679312072480235,0.3381572322704009,-2.38865210320905
33.0,189.0,999.9854125976562,-0.5829084092747854,0.5938428240466642,4.0529676298032165,-1.1689301752317238,-0.2098215715815623,0.8583872038411187,1.4536343144652184,-0.667930122129043,0.3381575164245607,-2.388652078505048
33.0,189.0,999.9854125976562,-0.5829095859804241,0.5938406331269919,4.052968176709722,-1.168931503145088,-0.2098209076946222,0.8583892540233515,1.4536378364109872,-0.6679300194485567,0.3381580775888668,-2.388651822241826
33.0,189.0,999.9854125976562,-0.5829091460442974,0.5938427161815163,4.052967983914659,-1.168932720350056,-0.2098206485035323,0.8583868792050344,1.4536381128011753,-0.6679303655655904,0.3381568038581397,-2.3886493022307667
33.0,189.0,999.9854125976562,-0.5829102950702261,0.5938428858825704,4.052967843380422,-1.1689345573594268,-0.2098205921430471,0.8583856818133491,1.453640637527366,-0.6679287680216106,0.338155448232774,-2.3886515656416583
33.0,189.0,999.9854736328124,-0.5829132984414827,0.5938489709740846,4.052970789807306,-1.1689431320605124,-0.2098171771984027,0.8583788437065039,1.4536445838197327,-0.6679304958069672,0.3381497692766686,-2.3886588798555053
33.0,189.0,999.9854125976562,-0.5829060123603016,0.593836560380093,4.052975365620428,-1.1689241200480105,-0.2098240630418342,0.8583930784502982,1.4536335827633824,-0.667932516673071,0.3381671997029043,-2.3886453038692568
33.0,189.0,999.9854125976562,-0.5829130777597538,0.5938459034936212,4.05296736459896,-1.1689350907835565,-0.2098175064283491,0.8583867499397568,1.4536367382243451,-0.6679312578242138,0.3381519127861487,-2.388658390783621
33.0,189.0,999.9854125976562,-0.5829096502875846,0.5938480877049717,4.052969470781729,-1.1689296632689905,-0.2098215599325366,0.858383474204917,1.453637234407954,-0.6679297083303197,0.3381598485675932,-2.388647974585024
33.0,189.0,999.9854736328124,-0.5829101283680114,0.5938423363521537,4.052960540582697,-1.1689345906917756,-0.2098177857015342,0.858389327678375,1.4536407086056204,-0.6679272886357959,0.3381500429679462,-2.388652960588268
33.0,189.0,999.9854125976562,-0.5829095379166924,0.5938397726318092,4.052970797904784,-1.1689298783720163,-0.2098216385974236,0.8583895757878643,1.4536353100896786,-0.6679303409240527,0.3381610256267029,-2.3886518878919483
33.0,189.0,999.9854125976562,-0.5829102996672404,0.5938429846851196,4.052965962505466,-1.168929693179205,-0.2098191325018907,0.8583894703774142,1.4536324541820091,-0.6679318446519016,0.3381524100688811,-2.388655679076128
33.0,189.0,999.9854125976562,-0.582909041073064,0.5938445933394902,4.052968789229926,-1.1689255048636489,-0.2098215543503538,0.8583868715352221,1.4536343138395118,-0.6679296269553987,0.3381631023521461,-2.3886459364569825
33.0,189.0,999.9854125976562,-0.5829079981854441,0.5938425890157886,4.052973456056153,-1.1689276399711497,-0.2098214250319978,0.858391003394015,1.4536369956328965,-0.6679333548877482,0.3381645668113116,-2.388645873925591
33.0,189.0,999.9854125976562,-0.5829084140763445,0.5938444865442216,4.05297108878584,-1.1689329074348676,-0.2098213018969499,0.8583852301539547,1.4536410024667887,-0.6679290052054352,0.3381607125347718,-2.388648647023889
33.0,189.0,999.9854125976562,-0.5829074859759968,0.5938408413543153,4.052968638928359,-1.168925908185832,-0.2098230076696214,0.8583912672834142,1.453634993209235,-0.6679324347880335,0.3381608337132249,-2.38864655182546
33.0,189.0,999.9854125976562,-0.5829115473700694,0.5938460139440576,4.052964850885889,-1.1689304439558108,-0.2098181028479713,0.8583879471064835,1.4536323913428353,-0.6679312727921927,0.3381554674145794,-2.388653491124757
33.0,189.0,999.9854125976562,-0.5829092241329645,0.5938400562597561,4.052970043100826,-1.1689299670784257,-0.2098208585628489,0.8583913745644365,1.4536382003045911,-0.6679327064800109,0.3381604247301695,-2.3886479785911208
33.0,190.0,999.9854125976562,-0.5829080301043197,0.5938441512901438,4.052970804960252,-1.1689270072208364,-0.2098229107810407,0.8583898767830913,1.4536378131821293,-0.667931716988269,0.3381640396235665,-2.388644091190637
33.0,190.0,999.9854125976562,-0.582910921723645,0.5938468438107751,4.052966354518876,-1.1689291290153667,-0.2098202126618344,0.8583835048482102,1.453632280737395,-0.6679292895314459,0.3381567170107979,-2.38865287793681
33.0,190.0,999.9854736328124,-0.5829062029904666,0.593836395699153,4.05297521198278,-1.1689233558286762,-0.2098249695370118,0.858397728953082,1.4536373324926135,-0.6679363998723336,0.3381654810396544,-2.388640778647529
33.0,190.0,999.9854736328124,-0.5829091291420498,0.5938388910109431,4.052967150645566,-1.1689261358208451,-0.2098195689170978,0.8583933887557249,1.4536333021051293,-0.6679328121856791,0.3381615336939569,-2.3886469840640108
33.0,190.0,999.9854125976562,-0.5829077021455049,0.5938421964434575,4.052971850597512,-1.1689311000567084,-0.2098226586127021,0.8583871230336735,1.45364161511141,-0.6679292513426649,0.3381610531502401,-2.388646284542853
33.0,190.0,999.9854125976562,-0.582909926206022,0.5938419474242105,4.052971420175801,-1.168932870690222,-0.2098210720918212,0.8583868850100913,1.453638483856321,-0.6679319996604036,0.3381580283910708,-2.388651744867325
33.0,190.0,999.9854736328124,-0.5829093102984935,0.5938401568646867,4.052971847942793,-1.1689321136429394,-0.2098221931961754,0.8583863450100884,1.4536405622367097,-0.6679298442439077,0.3381580547510046,-2.3886512453787203
33.0,190.0,999.9854736328124,-0.5829102107186133,0.5938450663850912,4.052964011930246,-1.1689338308235508,-0.2098190051254942,0.8583842931100971,1.4536381434228964,-0.6679286246445066,0.3381533882382284,-2.388653436662032
33.0,190.0,999.9854125976562,-0.5829092924358914,0.593841125737729,4.0529671244572505,-1.1689300210327196,-0.2098199465649806,0.8583923780187774,1.4536351596033086,-0.6679319210208412,0.3381551813859733,-2.3886527196902003
33.0,190.0,999.9854125976562,-0.5829096201509207,0.5938454267090378,4.05296790881671,-1.168928026857381,-0.2098199477678166,0.8583878847484936,1.4536299579781904,-0.6679311170747155,0.3381597506681357,-2.388650344920144
33.0,190.0,999.9854125976562,-0.5829115196642194,0.5938448183503571,4.05296804846466,-1.1689363929749534,-0.2098177083492975,0.8583836386790686,1.453637655776726,-0.6679287530701323,0.3381553541021622,-2.3886563076135663
33.0,190.0,999.9854125976562,-0.582908210720384,0.5938390242467362,4.052972765647283,-1.168931862945758,-0.2098214532051461,0.8583910098607266,1.4536384786628522,-0.667932401101357,0.3381581515151532,-2.388651526432724
33.0,190.0,999.9854736328124,-0.5829071982660743,0.5938449731229305,4.052969306157664,-1.168923804645459,-0.2098230645946781,0.85838952677181,1.4536342832907012,-0.6679330212206605,0.3381650500633002,-2.388643845778672
33.0,190.0,999.9854736328124,-0.5829095726843958,0.5938407385559428,4.052971954665734,-1.1689341525171448,-0.209820247370847,0.8583868209768948,1.4536418738817725,-0.6679298274476588,0.3381583928375686,-2.388650999240728
33.0,190.0,999.9854125976562,-0.5829100751635394,0.5938476280285112,4.0529673532464745,-1.1689307375966438,-0.2098200484741292,0.8583837688255445,1.453634020763812,-0.667930186750664,0.3381546992962994,-2.3886517699105085
33.0,190.0,999.9854125976562,-0.5829100681240824,0.5938456765182334,4.052969274383969,-1.1689332759884987,-0.2098209617938327,0.8583825058052259,1.4536375603755474,-0.6679303053496808,0.338157951095801,-2.3886492853262418
33.0,190.0,999.9854736328124,-0.5829137736605352,0.5938444058658412,4.052969872509909,-1.1689348985154933,-0.2098161165663512,0.858386272324454,1.4536341886582802,-0.6679319963189352,0.3381573117470147,-2.3886544254390083
33.0,190.0,999.9854125976562,-0.5829098110707651,0.5938424344959188,4.052967700342922,-1.1689340197207023,-0.2098209492703437,0.8583875615235144,1.4536415851907076,-0.6679289928054075,0.3381543218562779,-2.3886531144276835
33.0,190.0,999.9854125976562,-0.5829095912944267,0.5938460000806911,4.052968302634829,-1.1689292857165583,-0.2098203361913579,0.8583858282352903,1.453633626359112,-0.6679317933515616,0.3381569036183371,-2.388649908606848
33.0,190.0,999.9854125976562,-0.5829083286359023,0.5938429914468362,4.052969750829666,-1.1689276088161824,-0.209821789504347,0.8583877389542769,1.453635512111461,-0.6679292388258498,0.338161579608176,-2.3886467668245155
33.0,190.0,999.9854736328124,-0.582908315466339,0.5938364726323808,4.052966911526594,-1.1689218542862916,-0.2098219623189905,0.8583980305806707,1.4536316359405728,-0.6679333976108337,0.3381608434691507,-2.388647879782237
33.0,190.0,999.9854125976562,-0.5829087331506964,0.5938436902926645,4.052969387091823,-1.1689274507897056,-0.2098199292101972,0.8583898443253428,1.4536331330359609,-0.6679329909130951,0.3381574499636564,-2.388652233254627
33.0,190.0,999.9854125976562,-0.582907726887834,0.5938431441529355,4.052967908674907,-1.168925345477649,-0.2098221326248337,0.8583891147660596,1.4536340246089008,-0.667931358047336,0.3381620073938247,-2.3886463715820616
33.0,190.0,999.9854125976562,-0.5829076798980068,0.5938404117607945,4.05297051304596,-1.1689275600606424,-0.209821713372114,0.8583913031801487,1.453635672254431,-0.6679319112536026,0.3381615227801768,-2.3886457164473
33.0,190.0,999.9854125976562,-0.5829093460172396,0.5938416178402219,4.052967900981471,-1.16892803086867,-0.2098216172350495,0.8583898148066798,1.4536348322165606,-0.6679315195619742,0.3381570621749787,-2.388653151886704
33.0,190.0,999.9854125976562,-0.5829111423812021,0.5938417281242927,4.052967273692527,-1.168937990894396,-0.2098188783213892,0.8583862980719843,1.4536387175801018,-0.6679299581983047,0.3381527562499551,-2.3886556633371887
33.0,190.0,999.9854125976562,-0.5829098067737242,0.5938418869161852,4.052969926076772,-1.168932962879614,-0.2098200096625611,0.8583881816774657,1.4536382420763443,-0.6679309183147435,0.3381584980015013,-2.3886515618888686
33.0,190.0,999.9854125976562,-0.5829103778848639,0.5938422112375878,4.052969555587008,-1.1689317202119307,-0.2098178053476322,0.8583889493228556,1.4536322108663455,-0.6679313620737739,0.33815856587628,-2.388654943244448
33.0,190.0,999.9854125976562,-0.5829118325315878,0.59384640490447,4.052967050494216,-1.1689325379039062,-0.2098197125543865,0.858382201093356,1.4536331260337922,-0.6679299508821508,0.3381551993224949,-2.3886558237539064
33.0,190.0,999.9854125976562,-0.582910623671121,0.5938468418117644,4.052966727923948,-1.1689308335329516,-0.2098195639844329,0.8583868100677208,1.4536382508312071,-0.6679286617520228,0.3381589475138593,-2.3886497070908383
33.0,190.0,999.9854736328124,-0.5829131705692623,0.5938446931100403,4.052967470625422,-1.168936521862003,-0.2098168929607489,0.8583832583827427,1.453636761022448,-0.6679289803960016,0.3381547199746206,-2.388654511016397
33.0,190.0,999.9854125976562,-0.5829118836340133,0.5938498672774228,4.052970448674158,-1.168936906297866,-0.2098198975170184,0.8583785078401176,1.45364085488022,-0.6679286995677023,0.3381564304744353,-2.388653206682445
33.0,190.0,999.9854125976562,-0.5829087949499652,0.593845034287007,4.052970508118444,-1.168928547894443,-0.2098224476814145,0.8583875328920989,1.4536368905675996,-0.6679312072480235,0.3381572322704009,-2.38865210320905
33.0,190.0,999.9854125976562,-0.5829084092747854,0.5938428240466642,4.0529676298032165,-1.1689301752317238,-0.2098215715815623,0.8583872038411187,1.4536343144652184,-0.667930122129043,0.3381575164245607,-2.388652078505048
33.0,190.0,999.9854125976562,-0.5829095859804241,0.5938406331269919,4.052968176709722,-1.168931503145088,-0.2098209076946222,0.8583892540233515,1.4536378364109872,-0.6679300194485567,0.3381580775888668,-2.388651822241826
33.0,190.0,999.9854125976562,-0.5829091460442974,0.5938427161815163,4.052967983914659,-1.168932720350056,-0.2098206485035323,0.8583868792050344,1.4536381128011753,-0.6679303655655904,0.3381568038581397,-2.3886493022307667
33.0,190.0,999.9854125976562,-0.5829102950702261,0.5938428858825704,4.052967843380422,-1.1689345573594268,-0.2098205921430471,0.8583856818133491,1.453640637527366,-0.6679287680216106,0.338155448232774,-2.3886515656416583
33.0,190.0,999.9854736328124,-0.5829132984414827,0.5938489709740846,4.052970789807306,-1.1689431320605124,-0.2098171771984027,0.8583788437065039,1.4536445838197327,-0.6679304958069672,0.3381497692766686,-2.3886588798555053
33.0,190.0,999.9854125976562,-0.5829060123603016,0.593836560380093,4.052975365620428,-1.1689241200480105,-0.2098240630418342,0.8583930784502982,1.4536335827633824,-0.667932516673071,0.3381671997029043,-2.3886453038692568
33.0,190.0,999.9854125976562,-0.5829130777597538,0.5938459034936212,4.05296736459896,-1.1689350907835565,-0.2098175064283491,0.8583867499397568,1.4536367382243451,-0.6679312578242138,0.3381519127861487,-2.388658390783621
33.0,190.0,999.9854125976562,-0.5829096502875846,0.5938480877049717,4.052969470781729,-1.1689296632689905,-0.2098215599325366,0.858383474204917,1.453637234407954,-0.6679297083303197,0.3381598485675932,-2.388647974585024
33.0,190.0,999.9854736328124,-0.5829101283680114,0.5938423363521537,4.052960540582697,-1.1689345906917756,-0.2098177857015342,0.858389327678375,1.4536407086056204,-0.6679272886357959,0.3381500429679462,-2.388652960588268
33.0,190.0,999.9854125976562,-0.5829095379166924,0.5938397726318092,4.052970797904784,-1.1689298783720163,-0.2098216385974236,0.8583895757878643,1.4536353100896786,-0.6679303409240527,0.3381610256267029,-2.3886518878919483
33.0,190.0,999.9854125976562,-0.5829102996672404,0.5938429846851196,4.052965962505466,-1.168929693179205,-0.2098191325018907,0.8583894703774142,1.4536324541820091,-0.6679318446519016,0.3381524100688811,-2.388655679076128
33.0,190.0,999.9854125976562,-0.582909041073064,0.5938445933394902,4.052968789229926,-1.1689255048636489,-0.2098215543503538,0.8583868715352221,1.4536343138395118,-0.6679296269553987,0.3381631023521461,-2.3886459364569825
33.0,190.0,999.9854125976562,-0.5829079981854441,0.5938425890157886,4.052973456056153,-1.1689276399711497,-0.2098214250319978,0.858391003394015,1.4536369956328965,-0.6679333548877482,0.3381645668113116,-2.388645873925591
33.0,190.0,999.9854125976562,-0.5829084140763445,0.5938444865442216,4.05297108878584,-1.1689329074348676,-0.2098213018969499,0.8583852301539547,1.4536410024667887,-0.6679290052054352,0.3381607125347718,-2.388648647023889
33.0,190.0,999.9854125976562,-0.5829074859759968,0.5938408413543153,4.052968638928359,-1.168925908185832,-0.2098230076696214,0.8583912672834142,1.453634993209235,-0.6679324347880335,0.3381608337132249,-2.38864655182546
33.0,190.0,999.9854125976562,-0.5829115473700694,0.5938460139440576,4.052964850885889,-1.1689304439558108,-0.2098181028479713,0.8583879471064835,1.4536323913428353,-0.6679312727921927,0.3381554674145794,-2.388653491124757
33.0,190.0,999.9854125976562,-0.5829092241329645,0.5938400562597561,4.052970043100826,-1.1689299670784257,-0.2098208585628489,0.8583913745644365,1.4536382003045911,-0.6679327064800109,0.3381604247301695,-2.3886479785911208
33.0,191.0,999.9854125976562,-0.5829080301043197,0.5938441512901438,4.052970804960252,-1.1689270072208364,-0.2098229107810407,0.8583898767830913,1.4536378131821293,-0.667931716988269,0.3381640396235665,-2.388644091190637
33.0,191.0,999.9854125976562,-0.582910921723645,0.5938468438107751,4.052966354518876,-1.1689291290153667,-0.2098202126618344,0.8583835048482102,1.453632280737395,-0.6679292895314459,0.3381567170107979,-2.38865287793681
33.0,191.0,999.9854736328124,-0.5829062029904666,0.593836395699153,4.05297521198278,-1.1689233558286762,-0.2098249695370118,0.858397728953082,1.4536373324926135,-0.6679363998723336,0.3381654810396544,-2.388640778647529
33.0,191.0,999.9854736328124,-0.5829091291420498,0.5938388910109431,4.052967150645566,-1.1689261358208451,-0.2098195689170978,0.8583933887557249,1.4536333021051293,-0.6679328121856791,0.3381615336939569,-2.3886469840640108
33.0,191.0,999.9854125976562,-0.5829077021455049,0.5938421964434575,4.052971850597512,-1.1689311000567084,-0.2098226586127021,0.8583871230336735,1.45364161511141,-0.6679292513426649,0.3381610531502401,-2.388646284542853
33.0,191.0,999.9854125976562,-0.582909926206022,0.5938419474242105,4.052971420175801,-1.168932870690222,-0.2098210720918212,0.8583868850100913,1.453638483856321,-0.6679319996604036,0.3381580283910708,-2.388651744867325
33.0,191.0,999.9854736328124,-0.5829093102984935,0.5938401568646867,4.052971847942793,-1.1689321136429394,-0.2098221931961754,0.8583863450100884,1.4536405622367097,-0.6679298442439077,0.3381580547510046,-2.3886512453787203
33.0,191.0,999.9854736328124,-0.5829102107186133,0.5938450663850912,4.052964011930246,-1.1689338308235508,-0.2098190051254942,0.8583842931100971,1.4536381434228964,-0.6679286246445066,0.3381533882382284,-2.388653436662032
33.0,191.0,999.9854125976562,-0.5829092924358914,0.593841125737729,4.0529671244572505,-1.1689300210327196,-0.2098199465649806,0.8583923780187774,1.4536351596033086,-0.6679319210208412,0.3381551813859733,-2.3886527196902003
33.0,191.0,999.9854125976562,-0.5829096201509207,0.5938454267090378,4.05296790881671,-1.168928026857381,-0.2098199477678166,0.8583878847484936,1.4536299579781904,-0.6679311170747155,0.3381597506681357,-2.388650344920144
33.0,191.0,999.9854125976562,-0.5829115196642194,0.5938448183503571,4.05296804846466,-1.1689363929749534,-0.2098177083492975,0.8583836386790686,1.453637655776726,-0.6679287530701323,0.3381553541021622,-2.3886563076135663
33.0,191.0,999.9854125976562,-0.582908210720384,0.5938390242467362,4.052972765647283,-1.168931862945758,-0.2098214532051461,0.8583910098607266,1.4536384786628522,-0.667932401101357,0.3381581515151532,-2.388651526432724
33.0,191.0,999.9854736328124,-0.5829071982660743,0.5938449731229305,4.052969306157664,-1.168923804645459,-0.2098230645946781,0.85838952677181,1.4536342832907012,-0.6679330212206605,0.3381650500633002,-2.388643845778672
33.0,191.0,999.9854736328124,-0.5829095726843958,0.5938407385559428,4.052971954665734,-1.1689341525171448,-0.209820247370847,0.8583868209768948,1.4536418738817725,-0.6679298274476588,0.3381583928375686,-2.388650999240728
33.0,191.0,999.9854125976562,-0.5829100751635394,0.5938476280285112,4.0529673532464745,-1.1689307375966438,-0.2098200484741292,0.8583837688255445,1.453634020763812,-0.667930186750664,0.3381546992962994,-2.3886517699105085
33.0,191.0,999.9854125976562,-0.5829100681240824,0.5938456765182334,4.052969274383969,-1.1689332759884987,-0.2098209617938327,0.8583825058052259,1.4536375603755474,-0.6679303053496808,0.338157951095801,-2.3886492853262418
33.0,191.0,999.9854736328124,-0.5829137736605352,0.5938444058658412,4.052969872509909,-1.1689348985154933,-0.2098161165663512,0.858386272324454,1.4536341886582802,-0.6679319963189352,0.3381573117470147,-2.3886544254390083
33.0,191.0,999.9854125976562,-0.5829098110707651,0.5938424344959188,4.052967700342922,-1.1689340197207023,-0.2098209492703437,0.8583875615235144,1.4536415851907076,-0.6679289928054075,0.3381543218562779,-2.3886531144276835
33.0,191.0,999.9854125976562,-0.5829095912944267,0.5938460000806911,4.052968302634829,-1.1689292857165583,-0.2098203361913579,0.8583858282352903,1.453633626359112,-0.6679317933515616,0.3381569036183371,-2.388649908606848
33.0,191.0,999.9854125976562,-0.5829083286359023,0.5938429914468362,4.052969750829666,-1.1689276088161824,-0.209821789504347,0.8583877389542769,1.453635512111461,-0.6679292388258498,0.338161579608176,-2.3886467668245155
33.0,191.0,999.9854736328124,-0.582908315466339,0.5938364726323808,4.052966911526594,-1.1689218542862916,-0.2098219623189905,0.8583980305806707,1.4536316359405728,-0.6679333976108337,0.3381608434691507,-2.388647879782237
33.0,191.0,999.9854125976562,-0.5829087331506964,0.5938436902926645,4.052969387091823,-1.1689274507897056,-0.2098199292101972,0.8583898443253428,1.4536331330359609,-0.6679329909130951,0.3381574499636564,-2.388652233254627
33.0,191.0,999.9854125976562,-0.582907726887834,0.5938431441529355,4.052967908674907,-1.168925345477649,-0.2098221326248337,0.8583891147660596,1.4536340246089008,-0.667931358047336,0.3381620073938247,-2.3886463715820616
33.0,191.0,999.9854125976562,-0.5829076798980068,0.5938404117607945,4.05297051304596,-1.1689275600606424,-0.209821713372114,0.8583913031801487,1.453635672254431,-0.6679319112536026,0.3381615227801768,-2.3886457164473
33.0,191.0,999.9854125976562,-0.5829093460172396,0.5938416178402219,4.052967900981471,-1.16892803086867,-0.2098216172350495,0.8583898148066798,1.4536348322165606,-0.6679315195619742,0.3381570621749787,-2.388653151886704
33.0,191.0,999.9854125976562,-0.5829111423812021,0.5938417281242927,4.052967273692527,-1.168937990894396,-0.2098188783213892,0.8583862980719843,1.4536387175801018,-0.6679299581983047,0.3381527562499551,-2.3886556633371887
33.0,191.0,999.9854125976562,-0.5829098067737242,0.5938418869161852,4.052969926076772,-1.168932962879614,-0.2098200096625611,0.8583881816774657,1.4536382420763443,-0.6679309183147435,0.3381584980015013,-2.3886515618888686
33.0,191.0,999.9854125976562,-0.5829103778848639,0.5938422112375878,4.052969555587008,-1.1689317202119307,-0.2098178053476322,0.8583889493228556,1.4536322108663455,-0.6679313620737739,0.33815856587628,-2.388654943244448
33.0,191.0,999.9854125976562,-0.5829118325315878,0.59384640490447,4.052967050494216,-1.1689325379039062,-0.2098197125543865,0.858382201093356,1.4536331260337922,-0.6679299508821508,0.3381551993224949,-2.3886558237539064
33.0,191.0,999.9854125976562,-0.582910623671121,0.5938468418117644,4.052966727923948,-1.1689308335329516,-0.2098195639844329,0.8583868100677208,1.4536382508312071,-0.6679286617520228,0.3381589475138593,-2.3886497070908383
33.0,191.0,999.9854736328124,-0.5829131705692623,0.5938446931100403,4.052967470625422,-1.168936521862003,-0.2098168929607489,0.8583832583827427,1.453636761022448,-0.6679289803960016,0.3381547199746206,-2.388654511016397
33.0,191.0,999.9854125976562,-0.5829118836340133,0.5938498672774228,4.052970448674158,-1.168936906297866,-0.2098198975170184,0.8583785078401176,1.45364085488022,-0.6679286995677023,0.3381564304744353,-2.388653206682445
33.0,191.0,999.9854125976562,-0.5829087949499652,0.593845034287007,4.052970508118444,-1.168928547894443,-0.2098224476814145,0.8583875328920989,1.4536368905675996,-0.6679312072480235,0.3381572322704009,-2.38865210320905
33.0,191.0,999.9854125976562,-0.5829084092747854,0.5938428240466642,4.0529676298032165,-1.1689301752317238,-0.2098215715815623,0.8583872038411187,1.4536343144652184,-0.667930122129043,0.3381575164245607,-2.388652078505048
33.0,191.0,999.9854125976562,-0.5829095859804241,0.5938406331269919,4.052968176709722,-1.168931503145088,-0.2098209076946222,0.8583892540233515,1.4536378364109872,-0.6679300194485567,0.3381580775888668,-2.388651822241826
33.0,191.0,999.9854125976562,-0.5829091460442974,0.5938427161815163,4.052967983914659,-1.168932720350056,-0.2098206485035323,0.8583868792050344,1.4536381128011753,-0.6679303655655904,0.3381568038581397,-2.3886493022307667
33.0,191.0,999.9854125976562,-0.5829102950702261,0.5938428858825704,4.052967843380422,-1.1689345573594268,-0.2098205921430471,0.8583856818133491,1.453640637527366,-0.6679287680216106,0.338155448232774,-2.3886515656416583
33.0,191.0,999.9854736328124,-0.5829132984414827,0.5938489709740846,4.052970789807306,-1.1689431320605124,-0.2098171771984027,0.8583788437065039,1.4536445838197327,-0.6679304958069672,0.3381497692766686,-2.3886588798555053
33.0,191.0,999.9854125976562,-0.5829060123603016,0.593836560380093,4.052975365620428,-1.1689241200480105,-0.2098240630418342,0.8583930784502982,1.4536335827633824,-0.667932516673071,0.3381671997029043,-2.3886453038692568
33.0,191.0,999.9854125976562,-0.5829130777597538,0.5938459034936212,4.05296736459896,-1.1689350907835565,-0.2098175064283491,0.8583867499397568,1.4536367382243451,-0.6679312578242138,0.3381519127861487,-2.388658390783621
33.0,191.0,999.9854125976562,-0.5829096502875846,0.5938480877049717,4.052969470781729,-1.1689296632689905,-0.2098215599325366,0.858383474204917,1.453637234407954,-0.6679297083303197,0.3381598485675932,-2.388647974585024
33.0,191.0,999.9854736328124,-0.5829101283680114,0.5938423363521537,4.052960540582697,-1.1689345906917756,-0.2098177857015342,0.858389327678375,1.4536407086056204,-0.6679272886357959,0.3381500429679462,-2.388652960588268
33.0,191.0,999.9854125976562,-0.5829095379166924,0.5938397726318092,4.052970797904784,-1.1689298783720163,-0.2098216385974236,0.8583895757878643,1.4536353100896786,-0.6679303409240527,0.3381610256267029,-2.3886518878919483
33.0,191.0,999.9854125976562,-0.5829102996672404,0.5938429846851196,4.052965962505466,-1.168929693179205,-0.2098191325018907,0.8583894703774142,1.4536324541820091,-0.6679318446519016,0.3381524100688811,-2.388655679076128
33.0,191.0,999.9854125976562,-0.582909041073064,0.5938445933394902,4.052968789229926,-1.1689255048636489,-0.2098215543503538,0.8583868715352221,1.4536343138395118,-0.6679296269553987,0.3381631023521461,-2.3886459364569825
33.0,191.0,999.9854125976562,-0.5829079981854441,0.5938425890157886,4.052973456056153,-1.1689276399711497,-0.2098214250319978,0.858391003394015,1.4536369956328965,-0.6679333548877482,0.3381645668113116,-2.388645873925591
33.0,191.0,999.9854125976562,-0.5829084140763445,0.5938444865442216,4.05297108878584,-1.1689329074348676,-0.2098213018969499,0.8583852301539547,1.4536410024667887,-0.6679290052054352,0.3381607125347718,-2.388648647023889
33.0,191.0,999.9854125976562,-0.5829074859759968,0.5938408413543153,4.052968638928359,-1.168925908185832,-0.2098230076696214,0.8583912672834142,1.453634993209235,-0.6679324347880335,0.3381608337132249,-2.38864655182546
33.0,191.0,999.9854125976562,-0.5829115473700694,0.5938460139440576,4.052964850885889,-1.1689304439558108,-0.2098181028479713,0.8583879471064835,1.4536323913428353,-0.6679312727921927,0.3381554674145794,-2.388653491124757
33.0,191.0,999.9854125976562,-0.5829092241329645,0.5938400562597561,4.052970043100826,-1.1689299670784257,-0.2098208585628489,0.8583913745644365,1.4536382003045911,-0.6679327064800109,0.3381604247301695,-2.3886479785911208
33.0,192.0,999.9854125976562,-0.5829080301043197,0.5938441512901438,4.052970804960252,-1.1689270072208364,-0.2098229107810407,0.8583898767830913,1.4536378131821293,-0.667931716988269,0.3381640396235665,-2.388644091190637
33.0,192.0,999.9854125976562,-0.582910921723645,0.5938468438107751,4.052966354518876,-1.1689291290153667,-0.2098202126618344,0.8583835048482102,1.453632280737395,-0.6679292895314459,0.3381567170107979,-2.38865287793681
33.0,192.0,999.9854736328124,-0.5829062029904666,0.593836395699153,4.05297521198278,-1.1689233558286762,-0.2098249695370118,0.858397728953082,1.4536373324926135,-0.6679363998723336,0.3381654810396544,-2.388640778647529
33.0,192.0,999.9854736328124,-0.5829091291420498,0.5938388910109431,4.052967150645566,-1.1689261358208451,-0.2098195689170978,0.8583933887557249,1.4536333021051293,-0.6679328121856791,0.3381615336939569,-2.3886469840640108
33.0,192.0,999.9854125976562,-0.5829077021455049,0.5938421964434575,4.052971850597512,-1.1689311000567084,-0.2098226586127021,0.8583871230336735,1.45364161511141,-0.6679292513426649,0.3381610531502401,-2.388646284542853
33.0,192.0,999.9854125976562,-0.582909926206022,0.5938419474242105,4.052971420175801,-1.168932870690222,-0.2098210720918212,0.8583868850100913,1.453638483856321,-0.6679319996604036,0.3381580283910708,-2.388651744867325
33.0,192.0,999.9854736328124,-0.5829093102984935,0.5938401568646867,4.052971847942793,-1.1689321136429394,-0.2098221931961754,0.8583863450100884,1.4536405622367097,-0.6679298442439077,0.3381580547510046,-2.3886512453787203
33.0,192.0,999.9854736328124,-0.5829102107186133,0.5938450663850912,4.052964011930246,-1.1689338308235508,-0.2098190051254942,0.8583842931100971,1.4536381434228964,-0.6679286246445066,0.3381533882382284,-2.388653436662032
33.0,192.0,999.9854125976562,-0.5829092924358914,0.593841125737729,4.0529671244572505,-1.1689300210327196,-0.2098199465649806,0.8583923780187774,1.4536351596033086,-0.6679319210208412,0.3381551813859733,-2.3886527196902003
33.0,192.0,999.9854125976562,-0.5829096201509207,0.5938454267090378,4.05296790881671,-1.168928026857381,-0.2098199477678166,0.8583878847484936,1.4536299579781904,-0.6679311170747155,0.3381597506681357,-2.388650344920144
33.0,192.0,999.9854125976562,-0.5829115196642194,0.5938448183503571,4.05296804846466,-1.1689363929749534,-0.2098177083492975,0.8583836386790686,1.453637655776726,-0.6679287530701323,0.3381553541021622,-2.3886563076135663
33.0,192.0,999.9854125976562,-0.582908210720384,0.5938390242467362,4.052972765647283,-1.168931862945758,-0.2098214532051461,0.8583910098607266,1.4536384786628522,-0.667932401101357,0.3381581515151532,-2.388651526432724
33.0,192.0,999.9854736328124,-0.5829071982660743,0.5938449731229305,4.052969306157664,-1.168923804645459,-0.2098230645946781,0.85838952677181,1.4536342832907012,-0.6679330212206605,0.3381650500633002,-2.388643845778672
33.0,192.0,999.9854736328124,-0.5829095726843958,0.5938407385559428,4.052971954665734,-1.1689341525171448,-0.209820247370847,0.8583868209768948,1.4536418738817725,-0.6679298274476588,0.3381583928375686,-2.388650999240728
33.0,192.0,999.9854125976562,-0.5829100751635394,0.5938476280285112,4.0529673532464745,-1.1689307375966438,-0.2098200484741292,0.8583837688255445,1.453634020763812,-0.667930186750664,0.3381546992962994,-2.3886517699105085
33.0,192.0,999.9854125976562,-0.5829100681240824,0.5938456765182334,4.052969274383969,-1.1689332759884987,-0.2098209617938327,0.8583825058052259,1.4536375603755474,-0.6679303053496808,0.338157951095801,-2.3886492853262418
33.0,192.0,999.9854736328124,-0.5829137736605352,0.5938444058658412,4.052969872509909,-1.1689348985154933,-0.2098161165663512,0.858386272324454,1.4536341886582802,-0.6679319963189352,0.3381573117470147,-2.3886544254390083
33.0,192.0,999.9854125976562,-0.5829098110707651,0.5938424344959188,4.052967700342922,-1.1689340197207023,-0.2098209492703437,0.8583875615235144,1.4536415851907076,-0.6679289928054075,0.3381543218562779,-2.3886531144276835
33.0,192.0,999.9854125976562,-0.5829095912944267,0.5938460000806911,4.052968302634829,-1.1689292857165583,-0.2098203361913579,0.8583858282352903,1.453633626359112,-0.6679317933515616,0.3381569036183371,-2.388649908606848
33.0,192.0,999.9854125976562,-0.5829083286359023,0.5938429914468362,4.052969750829666,-1.1689276088161824,-0.209821789504347,0.8583877389542769,1.453635512111461,-0.6679292388258498,0.338161579608176,-2.3886467668245155
33.0,192.0,999.9854736328124,-0.582908315466339,0.5938364726323808,4.052966911526594,-1.1689218542862916,-0.2098219623189905,0.8583980305806707,1.4536316359405728,-0.6679333976108337,0.3381608434691507,-2.388647879782237
33.0,192.0,999.9854125976562,-0.5829087331506964,0.5938436902926645,4.052969387091823,-1.1689274507897056,-0.2098199292101972,0.8583898443253428,1.4536331330359609,-0.6679329909130951,0.3381574499636564,-2.388652233254627
33.0,192.0,999.9854125976562,-0.582907726887834,0.5938431441529355,4.052967908674907,-1.168925345477649,-0.2098221326248337,0.8583891147660596,1.4536340246089008,-0.667931358047336,0.3381620073938247,-2.3886463715820616
33.0,192.0,999.9854125976562,-0.5829076798980068,0.5938404117607945,4.05297051304596,-1.1689275600606424,-0.209821713372114,0.8583913031801487,1.453635672254431,-0.6679319112536026,0.3381615227801768,-2.3886457164473
33.0,192.0,999.9854125976562,-0.5829093460172396,0.5938416178402219,4.052967900981471,-1.16892803086867,-0.2098216172350495,0.8583898148066798,1.4536348322165606,-0.6679315195619742,0.3381570621749787,-2.388653151886704
33.0,192.0,999.9854125976562,-0.5829111423812021,0.5938417281242927,4.052967273692527,-1.168937990894396,-0.2098188783213892,0.8583862980719843,1.4536387175801018,-0.6679299581983047,0.3381527562499551,-2.3886556633371887
33.0,192.0,999.9854125976562,-0.5829098067737242,0.5938418869161852,4.052969926076772,-1.168932962879614,-0.2098200096625611,0.8583881816774657,1.4536382420763443,-0.6679309183147435,0.3381584980015013,-2.3886515618888686
33.0,192.0,999.9854125976562,-0.5829103778848639,0.5938422112375878,4.052969555587008,-1.1689317202119307,-0.2098178053476322,0.8583889493228556,1.4536322108663455,-0.6679313620737739,0.33815856587628,-2.388654943244448
33.0,192.0,999.9854125976562,-0.5829118325315878,0.59384640490447,4.052967050494216,-1.1689325379039062,-0.2098197125543865,0.858382201093356,1.4536331260337922,-0.6679299508821508,0.3381551993224949,-2.3886558237539064
33.0,192.0,999.9854125976562,-0.582910623671121,0.5938468418117644,4.052966727923948,-1.1689308335329516,-0.2098195639844329,0.8583868100677208,1.4536382508312071,-0.6679286617520228,0.3381589475138593,-2.3886497070908383
33.0,192.0,999.9854736328124,-0.5829131705692623,0.5938446931100403,4.052967470625422,-1.168936521862003,-0.2098168929607489,0.8583832583827427,1.453636761022448,-0.6679289803960016,0.3381547199746206,-2.388654511016397
33.0,192.0,999.9854125976562,-0.5829118836340133,0.5938498672774228,4.052970448674158,-1.168936906297866,-0.2098198975170184,0.8583785078401176,1.45364085488022,-0.6679286995677023,0.3381564304744353,-2.388653206682445
33.0,192.0,999.9854125976562,-0.5829087949499652,0.593845034287007,4.052970508118444,-1.168928547894443,-0.2098224476814145,0.8583875328920989,1.4536368905675996,-0.6679312072480235,0.3381572322704009,-2.38865210320905
33.0,192.0,999.9854125976562,-0.5829084092747854,0.5938428240466642,4.0529676298032165,-1.1689301752317238,-0.2098215715815623,0.8583872038411187,1.4536343144652184,-0.667930122129043,0.3381575164245607,-2.388652078505048
33.0,192.0,999.9854125976562,-0.5829095859804241,0.5938406331269919,4.052968176709722,-1.168931503145088,-0.2098209076946222,0.8583892540233515,1.4536378364109872,-0.6679300194485567,0.3381580775888668,-2.388651822241826
33.0,192.0,999.9854125976562,-0.5829091460442974,0.5938427161815163,4.052967983914659,-1.168932720350056,-0.2098206485035323,0.8583868792050344,1.4536381128011753,-0.6679303655655904,0.3381568038581397,-2.3886493022307667
33.0,192.0,999.9854125976562,-0.5829102950702261,0.5938428858825704,4.052967843380422,-1.1689345573594268,-0.2098205921430471,0.8583856818133491,1.453640637527366,-0.6679287680216106,0.338155448232774,-2.3886515656416583
33.0,192.0,999.9854736328124,-0.5829132984414827,0.5938489709740846,4.052970789807306,-1.1689431320605124,-0.2098171771984027,0.8583788437065039,1.4536445838197327,-0.6679304958069672,0.3381497692766686,-2.3886588798555053
33.0,192.0,999.9854125976562,-0.5829060123603016,0.593836560380093,4.052975365620428,-1.1689241200480105,-0.2098240630418342,0.8583930784502982,1.4536335827633824,-0.667932516673071,0.3381671997029043,-2.3886453038692568
33.0,192.0,999.9854125976562,-0.5829130777597538,0.5938459034936212,4.05296736459896,-1.1689350907835565,-0.2098175064283491,0.8583867499397568,1.4536367382243451,-0.6679312578242138,0.3381519127861487,-2.388658390783621
33.0,192.0,999.9854125976562,-0.5829096502875846,0.5938480877049717,4.052969470781729,-1.1689296632689905,-0.2098215599325366,0.858383474204917,1.453637234407954,-0.6679297083303197,0.3381598485675932,-2.388647974585024
33.0,192.0,999.9854736328124,-0.5829101283680114,0.5938423363521537,4.052960540582697,-1.1689345906917756,-0.2098177857015342,0.858389327678375,1.4536407086056204,-0.6679272886357959,0.3381500429679462,-2.388652960588268
33.0,192.0,999.9854125976562,-0.5829095379166924,0.5938397726318092,4.052970797904784,-1.1689298783720163,-0.2098216385974236,0.8583895757878643,1.4536353100896786,-0.6679303409240527,0.3381610256267029,-2.3886518878919483
33.0,192.0,999.9854125976562,-0.5829102996672404,0.5938429846851196,4.052965962505466,-1.168929693179205,-0.2098191325018907,0.8583894703774142,1.4536324541820091,-0.6679318446519016,0.3381524100688811,-2.388655679076128
33.0,192.0,999.9854125976562,-0.582909041073064,0.5938445933394902,4.052968789229926,-1.1689255048636489,-0.2098215543503538,0.8583868715352221,1.4536343138395118,-0.6679296269553987,0.3381631023521461,-2.3886459364569825
33.0,192.0,999.9854125976562,-0.5829079981854441,0.5938425890157886,4.052973456056153,-1.1689276399711497,-0.2098214250319978,0.858391003394015,1.4536369956328965,-0.6679333548877482,0.3381645668113116,-2.388645873925591
33.0,192.0,999.9854125976562,-0.5829084140763445,0.5938444865442216,4.05297108878584,-1.1689329074348676,-0.2098213018969499,0.8583852301539547,1.4536410024667887,-0.6679290052054352,0.3381607125347718,-2.388648647023889
33.0,192.0,999.9854125976562,-0.5829074859759968,0.5938408413543153,4.052968638928359,-1.168925908185832,-0.2098230076696214,0.8583912672834142,1.453634993209235,-0.6679324347880335,0.3381608337132249,-2.38864655182546
33.0,192.0,999.9854125976562,-0.5829115473700694,0.5938460139440576,4.052964850885889,-1.1689304439558108,-0.2098181028479713,0.8583879471064835,1.4536323913428353,-0.6679312727921927,0.3381554674145794,-2.388653491124757
33.0,192.0,999.9854125976562,-0.5829092241329645,0.5938400562597561,4.052970043100826,-1.1689299670784257,-0.2098208585628489,0.8583913745644365,1.4536382003045911,-0.6679327064800109,0.3381604247301695,-2.3886479785911208
33.0,193.0,999.9854125976562,-0.5829080301043197,0.5938441512901438,4.052970804960252,-1.1689270072208364,-0.2098229107810407,0.8583898767830913,1.4536378131821293,-0.667931716988269,0.3381640396235665,-2.388644091190637
33.0,193.0,999.9854125976562,-0.582910921723645,0.5938468438107751,4.052966354518876,-1.1689291290153667,-0.2098202126618344,0.8583835048482102,1.453632280737395,-0.6679292895314459,0.3381567170107979,-2.38865287793681
33.0,193.0,999.9854736328124,-0.5829062029904666,0.593836395699153,4.05297521198278,-1.1689233558286762,-0.2098249695370118,0.858397728953082,1.4536373324926135,-0.6679363998723336,0.3381654810396544,-2.388640778647529
33.0,193.0,999.9854736328124,-0.5829091291420498,0.5938388910109431,4.052967150645566,-1.1689261358208451,-0.2098195689170978,0.8583933887557249,1.4536333021051293,-0.6679328121856791,0.3381615336939569,-2.3886469840640108
33.0,193.0,999.9854125976562,-0.5829077021455049,0.5938421964434575,4.052971850597512,-1.1689311000567084,-0.2098226586127021,0.8583871230336735,1.45364161511141,-0.6679292513426649,0.3381610531502401,-2.388646284542853
33.0,193.0,999.9854125976562,-0.582909926206022,0.5938419474242105,4.052971420175801,-1.168932870690222,-0.2098210720918212,0.8583868850100913,1.453638483856321,-0.6679319996604036,0.3381580283910708,-2.388651744867325
33.0,193.0,999.9854736328124,-0.5829093102984935,0.5938401568646867,4.052971847942793,-1.1689321136429394,-0.2098221931961754,0.8583863450100884,1.4536405622367097,-0.6679298442439077,0.3381580547510046,-2.3886512453787203
33.0,193.0,999.9854736328124,-0.5829102107186133,0.5938450663850912,4.052964011930246,-1.1689338308235508,-0.2098190051254942,0.8583842931100971,1.4536381434228964,-0.6679286246445066,0.3381533882382284,-2.388653436662032
33.0,193.0,999.9854125976562,-0.5829092924358914,0.593841125737729,4.0529671244572505,-1.1689300210327196,-0.2098199465649806,0.8583923780187774,1.4536351596033086,-0.6679319210208412,0.3381551813859733,-2.3886527196902003
33.0,193.0,999.9854125976562,-0.5829096201509207,0.5938454267090378,4.05296790881671,-1.168928026857381,-0.2098199477678166,0.8583878847484936,1.4536299579781904,-0.6679311170747155,0.3381597506681357,-2.388650344920144
33.0,193.0,999.9854125976562,-0.5829115196642194,0.5938448183503571,4.05296804846466,-1.1689363929749534,-0.2098177083492975,0.8583836386790686,1.453637655776726,-0.6679287530701323,0.3381553541021622,-2.3886563076135663
33.0,193.0,999.9854125976562,-0.582908210720384,0.5938390242467362,4.052972765647283,-1.168931862945758,-0.2098214532051461,0.8583910098607266,1.4536384786628522,-0.667932401101357,0.3381581515151532,-2.388651526432724
33.0,193.0,999.9854736328124,-0.5829071982660743,0.5938449731229305,4.052969306157664,-1.168923804645459,-0.2098230645946781,0.85838952677181,1.4536342832907012,-0.6679330212206605,0.3381650500633002,-2.388643845778672
33.0,193.0,999.9854736328124,-0.5829095726843958,0.5938407385559428,4.052971954665734,-1.1689341525171448,-0.209820247370847,0.8583868209768948,1.4536418738817725,-0.6679298274476588,0.3381583928375686,-2.388650999240728
33.0,193.0,999.9854125976562,-0.5829100751635394,0.5938476280285112,4.0529673532464745,-1.1689307375966438,-0.2098200484741292,0.8583837688255445,1.453634020763812,-0.667930186750664,0.3381546992962994,-2.3886517699105085
33.0,193.0,999.9854125976562,-0.5829100681240824,0.5938456765182334,4.052969274383969,-1.1689332759884987,-0.2098209617938327,0.8583825058052259,1.4536375603755474,-0.6679303053496808,0.338157951095801,-2.3886492853262418
33.0,193.0,999.9854736328124,-0.5829137736605352,0.5938444058658412,4.052969872509909,-1.1689348985154933,-0.2098161165663512,0.858386272324454,1.4536341886582802,-0.6679319963189352,0.3381573117470147,-2.3886544254390083
33.0,193.0,999.9854125976562,-0.5829098110707651,0.5938424344959188,4.052967700342922,-1.1689340197207023,-0.2098209492703437,0.8583875615235144,1.4536415851907076,-0.6679289928054075,0.3381543218562779,-2.3886531144276835
33.0,193.0,999.9854125976562,-0.5829095912944267,0.5938460000806911,4.052968302634829,-1.1689292857165583,-0.2098203361913579,0.8583858282352903,1.453633626359112,-0.6679317933515616,0.3381569036183371,-2.388649908606848
33.0,193.0,999.9854125976562,-0.5829083286359023,0.5938429914468362,4.052969750829666,-1.1689276088161824,-0.209821789504347,0.8583877389542769,1.453635512111461,-0.6679292388258498,0.338161579608176,-2.3886467668245155
33.0,193.0,999.9854736328124,-0.582908315466339,0.5938364726323808,4.052966911526594,-1.1689218542862916,-0.2098219623189905,0.8583980305806707,1.4536316359405728,-0.6679333976108337,0.3381608434691507,-2.388647879782237
33.0,193.0,999.9854125976562,-0.5829087331506964,0.5938436902926645,4.052969387091823,-1.1689274507897056,-0.2098199292101972,0.8583898443253428,1.4536331330359609,-0.6679329909130951,0.3381574499636564,-2.388652233254627
33.0,193.0,999.9854125976562,-0.582907726887834,0.5938431441529355,4.052967908674907,-1.168925345477649,-0.2098221326248337,0.8583891147660596,1.4536340246089008,-0.667931358047336,0.3381620073938247,-2.3886463715820616
33.0,193.0,999.9854125976562,-0.5829076798980068,0.5938404117607945,4.05297051304596,-1.1689275600606424,-0.209821713372114,0.8583913031801487,1.453635672254431,-0.6679319112536026,0.3381615227801768,-2.3886457164473
33.0,193.0,999.9854125976562,-0.5829093460172396,0.5938416178402219,4.052967900981471,-1.16892803086867,-0.2098216172350495,0.8583898148066798,1.4536348322165606,-0.6679315195619742,0.3381570621749787,-2.388653151886704
33.0,193.0,999.9854125976562,-0.5829111423812021,0.5938417281242927,4.052967273692527,-1.168937990894396,-0.2098188783213892,0.8583862980719843,1.4536387175801018,-0.6679299581983047,0.3381527562499551,-2.3886556633371887
33.0,193.0,999.9854125976562,-0.5829098067737242,0.5938418869161852,4.052969926076772,-1.168932962879614,-0.2098200096625611,0.8583881816774657,1.4536382420763443,-0.6679309183147435,0.3381584980015013,-2.3886515618888686
33.0,193.0,999.9854125976562,-0.5829103778848639,0.5938422112375878,4.052969555587008,-1.1689317202119307,-0.2098178053476322,0.8583889493228556,1.4536322108663455,-0.6679313620737739,0.33815856587628,-2.388654943244448
33.0,193.0,999.9854125976562,-0.5829118325315878,0.59384640490447,4.052967050494216,-1.1689325379039062,-0.2098197125543865,0.858382201093356,1.4536331260337922,-0.6679299508821508,0.3381551993224949,-2.3886558237539064
33.0,193.0,999.9854125976562,-0.582910623671121,0.5938468418117644,4.052966727923948,-1.1689308335329516,-0.2098195639844329,0.8583868100677208,1.4536382508312071,-0.6679286617520228,0.3381589475138593,-2.3886497070908383
33.0,193.0,999.9854736328124,-0.5829131705692623,0.5938446931100403,4.052967470625422,-1.168936521862003,-0.2098168929607489,0.8583832583827427,1.453636761022448,-0.6679289803960016,0.3381547199746206,-2.388654511016397
33.0,193.0,999.9854125976562,-0.5829118836340133,0.5938498672774228,4.052970448674158,-1.168936906297866,-0.2098198975170184,0.8583785078401176,1.45364085488022,-0.6679286995677023,0.3381564304744353,-2.388653206682445
33.0,193.0,999.9854125976562,-0.5829087949499652,0.593845034287007,4.052970508118444,-1.168928547894443,-0.2098224476814145,0.8583875328920989,1.4536368905675996,-0.6679312072480235,0.3381572322704009,-2.38865210320905
33.0,193.0,999.9854125976562,-0.5829084092747854,0.5938428240466642,4.0529676298032165,-1.1689301752317238,-0.2098215715815623,0.8583872038411187,1.4536343144652184,-0.667930122129043,0.3381575164245607,-2.388652078505048
33.0,193.0,999.9854125976562,-0.5829095859804241,0.5938406331269919,4.052968176709722,-1.168931503145088,-0.2098209076946222,0.8583892540233515,1.4536378364109872,-0.6679300194485567,0.3381580775888668,-2.388651822241826
33.0,193.0,999.9854125976562,-0.5829091460442974,0.5938427161815163,4.052967983914659,-1.168932720350056,-0.2098206485035323,0.8583868792050344,1.4536381128011753,-0.6679303655655904,0.3381568038581397,-2.3886493022307667
33.0,193.0,999.9854125976562,-0.5829102950702261,0.5938428858825704,4.052967843380422,-1.1689345573594268,-0.2098205921430471,0.8583856818133491,1.453640637527366,-0.6679287680216106,0.338155448232774,-2.3886515656416583
33.0,193.0,999.9854736328124,-0.5829132984414827,0.5938489709740846,4.052970789807306,-1.1689431320605124,-0.2098171771984027,0.8583788437065039,1.4536445838197327,-0.6679304958069672,0.3381497692766686,-2.3886588798555053
33.0,193.0,999.9854125976562,-0.5829060123603016,0.593836560380093,4.052975365620428,-1.1689241200480105,-0.2098240630418342,0.8583930784502982,1.4536335827633824,-0.667932516673071,0.3381671997029043,-2.3886453038692568
33.0,193.0,999.9854125976562,-0.5829130777597538,0.5938459034936212,4.05296736459896,-1.1689350907835565,-0.2098175064283491,0.8583867499397568,1.4536367382243451,-0.6679312578242138,0.3381519127861487,-2.388658390783621
33.0,193.0,999.9854125976562,-0.5829096502875846,0.5938480877049717,4.052969470781729,-1.1689296632689905,-0.2098215599325366,0.858383474204917,1.453637234407954,-0.6679297083303197,0.3381598485675932,-2.388647974585024
33.0,193.0,999.9854736328124,-0.5829101283680114,0.5938423363521537,4.052960540582697,-1.1689345906917756,-0.2098177857015342,0.858389327678375,1.4536407086056204,-0.6679272886357959,0.3381500429679462,-2.388652960588268
33.0,193.0,999.9854125976562,-0.5829095379166924,0.5938397726318092,4.052970797904784,-1.1689298783720163,-0.2098216385974236,0.8583895757878643,1.4536353100896786,-0.6679303409240527,0.3381610256267029,-2.3886518878919483
33.0,193.0,999.9854125976562,-0.5829102996672404,0.5938429846851196,4.052965962505466,-1.168929693179205,-0.2098191325018907,0.8583894703774142,1.4536324541820091,-0.6679318446519016,0.3381524100688811,-2.388655679076128
33.0,193.0,999.9854125976562,-0.582909041073064,0.5938445933394902,4.052968789229926,-1.1689255048636489,-0.2098215543503538,0.8583868715352221,1.4536343138395118,-0.6679296269553987,0.3381631023521461,-2.3886459364569825
33.0,193.0,999.9854125976562,-0.5829079981854441,0.5938425890157886,4.052973456056153,-1.1689276399711497,-0.2098214250319978,0.858391003394015,1.4536369956328965,-0.6679333548877482,0.3381645668113116,-2.388645873925591
33.0,193.0,999.9854125976562,-0.5829084140763445,0.5938444865442216,4.05297108878584,-1.1689329074348676,-0.2098213018969499,0.8583852301539547,1.4536410024667887,-0.6679290052054352,0.3381607125347718,-2.388648647023889
33.0,193.0,999.9854125976562,-0.5829074859759968,0.5938408413543153,4.052968638928359,-1.168925908185832,-0.2098230076696214,0.8583912672834142,1.453634993209235,-0.6679324347880335,0.3381608337132249,-2.38864655182546
33.0,193.0,999.9854125976562,-0.5829115473700694,0.5938460139440576,4.052964850885889,-1.1689304439558108,-0.2098181028479713,0.8583879471064835,1.4536323913428353,-0.6679312727921927,0.3381554674145794,-2.388653491124757
33.0,193.0,999.9854125976562,-0.5829092241329645,0.5938400562597561,4.052970043100826,-1.1689299670784257,-0.2098208585628489,0.8583913745644365,1.4536382003045911,-0.6679327064800109,0.3381604247301695,-2.3886479785911208
33.0,194.0,999.9854125976562,-0.5829080301043197,0.5938441512901438,4.052970804960252,-1.1689270072208364,-0.2098229107810407,0.8583898767830913,1.4536378131821293,-0.667931716988269,0.3381640396235665,-2.388644091190637
33.0,194.0,999.9854125976562,-0.582910921723645,0.5938468438107751,4.052966354518876,-1.1689291290153667,-0.2098202126618344,0.8583835048482102,1.453632280737395,-0.6679292895314459,0.3381567170107979,-2.38865287793681
33.0,194.0,999.9854736328124,-0.5829062029904666,0.593836395699153,4.05297521198278,-1.1689233558286762,-0.2098249695370118,0.858397728953082,1.4536373324926135,-0.6679363998723336,0.3381654810396544,-2.388640778647529
33.0,194.0,999.9854736328124,-0.5829091291420498,0.5938388910109431,4.052967150645566,-1.1689261358208451,-0.2098195689170978,0.8583933887557249,1.4536333021051293,-0.6679328121856791,0.3381615336939569,-2.3886469840640108
33.0,194.0,999.9854125976562,-0.5829077021455049,0.5938421964434575,4.052971850597512,-1.1689311000567084,-0.2098226586127021,0.8583871230336735,1.45364161511141,-0.6679292513426649,0.3381610531502401,-2.388646284542853
33.0,194.0,999.9854125976562,-0.582909926206022,0.5938419474242105,4.052971420175801,-1.168932870690222,-0.2098210720918212,0.8583868850100913,1.453638483856321,-0.6679319996604036,0.3381580283910708,-2.388651744867325
33.0,194.0,999.9854736328124,-0.5829093102984935,0.5938401568646867,4.052971847942793,-1.1689321136429394,-0.2098221931961754,0.8583863450100884,1.4536405622367097,-0.6679298442439077,0.3381580547510046,-2.3886512453787203
33.0,194.0,999.9854736328124,-0.5829102107186133,0.5938450663850912,4.052964011930246,-1.1689338308235508,-0.2098190051254942,0.8583842931100971,1.4536381434228964,-0.6679286246445066,0.3381533882382284,-2.388653436662032
33.0,194.0,999.9854125976562,-0.5829092924358914,0.593841125737729,4.0529671244572505,-1.1689300210327196,-0.2098199465649806,0.8583923780187774,1.4536351596033086,-0.6679319210208412,0.3381551813859733,-2.3886527196902003
33.0,194.0,999.9854125976562,-0.5829096201509207,0.5938454267090378,4.05296790881671,-1.168928026857381,-0.2098199477678166,0.8583878847484936,1.4536299579781904,-0.6679311170747155,0.3381597506681357,-2.388650344920144
33.0,194.0,999.9854125976562,-0.5829115196642194,0.5938448183503571,4.05296804846466,-1.1689363929749534,-0.2098177083492975,0.8583836386790686,1.453637655776726,-0.6679287530701323,0.3381553541021622,-2.3886563076135663
33.0,194.0,999.9854125976562,-0.582908210720384,0.5938390242467362,4.052972765647283,-1.168931862945758,-0.2098214532051461,0.8583910098607266,1.4536384786628522,-0.667932401101357,0.3381581515151532,-2.388651526432724
33.0,194.0,999.9854736328124,-0.5829071982660743,0.5938449731229305,4.052969306157664,-1.168923804645459,-0.2098230645946781,0.85838952677181,1.4536342832907012,-0.6679330212206605,0.3381650500633002,-2.388643845778672
33.0,194.0,999.9854736328124,-0.5829095726843958,0.5938407385559428,4.052971954665734,-1.1689341525171448,-0.209820247370847,0.8583868209768948,1.4536418738817725,-0.6679298274476588,0.3381583928375686,-2.388650999240728
33.0,194.0,999.9854125976562,-0.5829100751635394,0.5938476280285112,4.0529673532464745,-1.1689307375966438,-0.2098200484741292,0.8583837688255445,1.453634020763812,-0.667930186750664,0.3381546992962994,-2.3886517699105085
33.0,194.0,999.9854125976562,-0.5829100681240824,0.5938456765182334,4.052969274383969,-1.1689332759884987,-0.2098209617938327,0.8583825058052259,1.4536375603755474,-0.6679303053496808,0.338157951095801,-2.3886492853262418
33.0,194.0,999.9854736328124,-0.5829137736605352,0.5938444058658412,4.052969872509909,-1.1689348985154933,-0.2098161165663512,0.858386272324454,1.4536341886582802,-0.6679319963189352,0.3381573117470147,-2.3886544254390083
33.0,194.0,999.9854125976562,-0.5829098110707651,0.5938424344959188,4.052967700342922,-1.1689340197207023,-0.2098209492703437,0.8583875615235144,1.4536415851907076,-0.6679289928054075,0.3381543218562779,-2.3886531144276835
33.0,194.0,999.9854125976562,-0.5829095912944267,0.5938460000806911,4.052968302634829,-1.1689292857165583,-0.2098203361913579,0.8583858282352903,1.453633626359112,-0.6679317933515616,0.3381569036183371,-2.388649908606848
33.0,194.0,999.9854125976562,-0.5829083286359023,0.5938429914468362,4.052969750829666,-1.1689276088161824,-0.209821789504347,0.8583877389542769,1.453635512111461,-0.6679292388258498,0.338161579608176,-2.3886467668245155
33.0,194.0,999.9854736328124,-0.582908315466339,0.5938364726323808,4.052966911526594,-1.1689218542862916,-0.2098219623189905,0.8583980305806707,1.4536316359405728,-0.6679333976108337,0.3381608434691507,-2.388647879782237
33.0,194.0,999.9854125976562,-0.5829087331506964,0.5938436902926645,4.052969387091823,-1.1689274507897056,-0.2098199292101972,0.8583898443253428,1.4536331330359609,-0.6679329909130951,0.3381574499636564,-2.388652233254627
33.0,194.0,999.9854125976562,-0.582907726887834,0.5938431441529355,4.052967908674907,-1.168925345477649,-0.2098221326248337,0.8583891147660596,1.4536340246089008,-0.667931358047336,0.3381620073938247,-2.3886463715820616
33.0,194.0,999.9854125976562,-0.5829076798980068,0.5938404117607945,4.05297051304596,-1.1689275600606424,-0.209821713372114,0.8583913031801487,1.453635672254431,-0.6679319112536026,0.3381615227801768,-2.3886457164473
33.0,194.0,999.9854125976562,-0.5829093460172396,0.5938416178402219,4.052967900981471,-1.16892803086867,-0.2098216172350495,0.8583898148066798,1.4536348322165606,-0.6679315195619742,0.3381570621749787,-2.388653151886704
33.0,194.0,999.9854125976562,-0.5829111423812021,0.5938417281242927,4.052967273692527,-1.168937990894396,-0.2098188783213892,0.8583862980719843,1.4536387175801018,-0.6679299581983047,0.3381527562499551,-2.3886556633371887
33.0,194.0,999.9854125976562,-0.5829098067737242,0.5938418869161852,4.052969926076772,-1.168932962879614,-0.2098200096625611,0.8583881816774657,1.4536382420763443,-0.6679309183147435,0.3381584980015013,-2.3886515618888686
33.0,194.0,999.9854125976562,-0.5829103778848639,0.5938422112375878,4.052969555587008,-1.1689317202119307,-0.2098178053476322,0.8583889493228556,1.4536322108663455,-0.6679313620737739,0.33815856587628,-2.388654943244448
33.0,194.0,999.9854125976562,-0.5829118325315878,0.59384640490447,4.052967050494216,-1.1689325379039062,-0.2098197125543865,0.858382201093356,1.4536331260337922,-0.6679299508821508,0.3381551993224949,-2.3886558237539064
33.0,194.0,999.9854125976562,-0.582910623671121,0.5938468418117644,4.052966727923948,-1.1689308335329516,-0.2098195639844329,0.8583868100677208,1.4536382508312071,-0.6679286617520228,0.3381589475138593,-2.3886497070908383
33.0,194.0,999.9854736328124,-0.5829131705692623,0.5938446931100403,4.052967470625422,-1.168936521862003,-0.2098168929607489,0.8583832583827427,1.453636761022448,-0.6679289803960016,0.3381547199746206,-2.388654511016397
33.0,194.0,999.9854125976562,-0.5829118836340133,0.5938498672774228,4.052970448674158,-1.168936906297866,-0.2098198975170184,0.8583785078401176,1.45364085488022,-0.6679286995677023,0.3381564304744353,-2.388653206682445
33.0,194.0,999.9854125976562,-0.5829087949499652,0.593845034287007,4.052970508118444,-1.168928547894443,-0.2098224476814145,0.8583875328920989,1.4536368905675996,-0.6679312072480235,0.3381572322704009,-2.38865210320905
33.0,194.0,999.9854125976562,-0.5829084092747854,0.5938428240466642,4.0529676298032165,-1.1689301752317238,-0.2098215715815623,0.8583872038411187,1.4536343144652184,-0.667930122129043,0.3381575164245607,-2.388652078505048
33.0,194.0,999.9854125976562,-0.5829095859804241,0.5938406331269919,4.052968176709722,-1.168931503145088,-0.2098209076946222,0.8583892540233515,1.4536378364109872,-0.6679300194485567,0.3381580775888668,-2.388651822241826
33.0,194.0,999.9854125976562,-0.5829091460442974,0.5938427161815163,4.052967983914659,-1.168932720350056,-0.2098206485035323,0.8583868792050344,1.4536381128011753,-0.6679303655655904,0.3381568038581397,-2.3886493022307667
33.0,194.0,999.9854125976562,-0.5829102950702261,0.5938428858825704,4.052967843380422,-1.1689345573594268,-0.2098205921430471,0.8583856818133491,1.453640637527366,-0.6679287680216106,0.338155448232774,-2.3886515656416583
33.0,194.0,999.9854736328124,-0.5829132984414827,0.5938489709740846,4.052970789807306,-1.1689431320605124,-0.2098171771984027,0.8583788437065039,1.4536445838197327,-0.6679304958069672,0.3381497692766686,-2.3886588798555053
33.0,194.0,999.9854125976562,-0.5829060123603016,0.593836560380093,4.052975365620428,-1.1689241200480105,-0.2098240630418342,0.8583930784502982,1.4536335827633824,-0.667932516673071,0.3381671997029043,-2.3886453038692568
33.0,194.0,999.9854125976562,-0.5829130777597538,0.5938459034936212,4.05296736459896,-1.1689350907835565,-0.2098175064283491,0.8583867499397568,1.4536367382243451,-0.6679312578242138,0.3381519127861487,-2.388658390783621
33.0,194.0,999.9854125976562,-0.5829096502875846,0.5938480877049717,4.052969470781729,-1.1689296632689905,-0.2098215599325366,0.858383474204917,1.453637234407954,-0.6679297083303197,0.3381598485675932,-2.388647974585024
33.0,194.0,999.9854736328124,-0.5829101283680114,0.5938423363521537,4.052960540582697,-1.1689345906917756,-0.2098177857015342,0.858389327678375,1.4536407086056204,-0.6679272886357959,0.3381500429679462,-2.388652960588268
33.0,194.0,999.9854125976562,-0.5829095379166924,0.5938397726318092,4.052970797904784,-1.1689298783720163,-0.2098216385974236,0.8583895757878643,1.4536353100896786,-0.6679303409240527,0.3381610256267029,-2.3886518878919483
33.0,194.0,999.9854125976562,-0.5829102996672404,0.5938429846851196,4.052965962505466,-1.168929693179205,-0.2098191325018907,0.8583894703774142,1.4536324541820091,-0.6679318446519016,0.3381524100688811,-2.388655679076128
33.0,194.0,999.9854125976562,-0.582909041073064,0.5938445933394902,4.052968789229926,-1.1689255048636489,-0.2098215543503538,0.8583868715352221,1.4536343138395118,-0.6679296269553987,0.3381631023521461,-2.3886459364569825
33.0,194.0,999.9854125976562,-0.5829079981854441,0.5938425890157886,4.052973456056153,-1.1689276399711497,-0.2098214250319978,0.858391003394015,1.4536369956328965,-0.6679333548877482,0.3381645668113116,-2.388645873925591
33.0,194.0,999.9854125976562,-0.5829084140763445,0.5938444865442216,4.05297108878584,-1.1689329074348676,-0.2098213018969499,0.8583852301539547,1.4536410024667887,-0.6679290052054352,0.3381607125347718,-2.388648647023889
33.0,194.0,999.9854125976562,-0.5829074859759968,0.5938408413543153,4.052968638928359,-1.168925908185832,-0.2098230076696214,0.8583912672834142,1.453634993209235,-0.6679324347880335,0.3381608337132249,-2.38864655182546
33.0,194.0,999.9854125976562,-0.5829115473700694,0.5938460139440576,4.052964850885889,-1.1689304439558108,-0.2098181028479713,0.8583879471064835,1.4536323913428353,-0.6679312727921927,0.3381554674145794,-2.388653491124757
33.0,194.0,999.9854125976562,-0.5829092241329645,0.5938400562597561,4.052970043100826,-1.1689299670784257,-0.2098208585628489,0.8583913745644365,1.4536382003045911,-0.6679327064800109,0.3381604247301695,-2.3886479785911208
33.0,195.0,999.9854125976562,-0.5829080301043197,0.5938441512901438,4.052970804960252,-1.1689270072208364,-0.2098229107810407,0.8583898767830913,1.4536378131821293,-0.667931716988269,0.3381640396235665,-2.388644091190637
33.0,195.0,999.9854125976562,-0.582910921723645,0.5938468438107751,4.052966354518876,-1.1689291290153667,-0.2098202126618344,0.8583835048482102,1.453632280737395,-0.6679292895314459,0.3381567170107979,-2.38865287793681
33.0,195.0,999.9854736328124,-0.5829062029904666,0.593836395699153,4.05297521198278,-1.1689233558286762,-0.2098249695370118,0.858397728953082,1.4536373324926135,-0.6679363998723336,0.3381654810396544,-2.388640778647529
33.0,195.0,999.9854736328124,-0.5829091291420498,0.5938388910109431,4.052967150645566,-1.1689261358208451,-0.2098195689170978,0.8583933887557249,1.4536333021051293,-0.6679328121856791,0.3381615336939569,-2.3886469840640108
33.0,195.0,999.9854125976562,-0.5829077021455049,0.5938421964434575,4.052971850597512,-1.1689311000567084,-0.2098226586127021,0.8583871230336735,1.45364161511141,-0.6679292513426649,0.3381610531502401,-2.388646284542853
33.0,195.0,999.9854125976562,-0.582909926206022,0.5938419474242105,4.052971420175801,-1.168932870690222,-0.2098210720918212,0.8583868850100913,1.453638483856321,-0.6679319996604036,0.3381580283910708,-2.388651744867325
33.0,195.0,999.9854736328124,-0.5829093102984935,0.5938401568646867,4.052971847942793,-1.1689321136429394,-0.2098221931961754,0.8583863450100884,1.4536405622367097,-0.6679298442439077,0.3381580547510046,-2.3886512453787203
33.0,195.0,999.9854736328124,-0.5829102107186133,0.5938450663850912,4.052964011930246,-1.1689338308235508,-0.2098190051254942,0.8583842931100971,1.4536381434228964,-0.6679286246445066,0.3381533882382284,-2.388653436662032
33.0,195.0,999.9854125976562,-0.5829092924358914,0.593841125737729,4.0529671244572505,-1.1689300210327196,-0.2098199465649806,0.8583923780187774,1.4536351596033086,-0.6679319210208412,0.3381551813859733,-2.3886527196902003
33.0,195.0,999.9854125976562,-0.5829096201509207,0.5938454267090378,4.05296790881671,-1.168928026857381,-0.2098199477678166,0.8583878847484936,1.4536299579781904,-0.6679311170747155,0.3381597506681357,-2.388650344920144
33.0,195.0,999.9854125976562,-0.5829115196642194,0.5938448183503571,4.05296804846466,-1.1689363929749534,-0.2098177083492975,0.8583836386790686,1.453637655776726,-0.6679287530701323,0.3381553541021622,-2.3886563076135663
33.0,195.0,999.9854125976562,-0.582908210720384,0.5938390242467362,4.052972765647283,-1.168931862945758,-0.2098214532051461,0.8583910098607266,1.4536384786628522,-0.667932401101357,0.3381581515151532,-2.388651526432724
33.0,195.0,999.9854736328124,-0.5829071982660743,0.5938449731229305,4.052969306157664,-1.168923804645459,-0.2098230645946781,0.85838952677181,1.4536342832907012,-0.6679330212206605,0.3381650500633002,-2.388643845778672
33.0,195.0,999.9854736328124,-0.5829095726843958,0.5938407385559428,4.052971954665734,-1.1689341525171448,-0.209820247370847,0.8583868209768948,1.4536418738817725,-0.6679298274476588,0.3381583928375686,-2.388650999240728
33.0,195.0,999.9854125976562,-0.5829100751635394,0.5938476280285112,4.0529673532464745,-1.1689307375966438,-0.2098200484741292,0.8583837688255445,1.453634020763812,-0.667930186750664,0.3381546992962994,-2.3886517699105085
33.0,195.0,999.9854125976562,-0.5829100681240824,0.5938456765182334,4.052969274383969,-1.1689332759884987,-0.2098209617938327,0.8583825058052259,1.4536375603755474,-0.6679303053496808,0.338157951095801,-2.3886492853262418
33.0,195.0,999.9854736328124,-0.5829137736605352,0.5938444058658412,4.052969872509909,-1.1689348985154933,-0.2098161165663512,0.858386272324454,1.4536341886582802,-0.6679319963189352,0.3381573117470147,-2.3886544254390083
33.0,195.0,999.9854125976562,-0.5829098110707651,0.5938424344959188,4.052967700342922,-1.1689340197207023,-0.2098209492703437,0.8583875615235144,1.4536415851907076,-0.6679289928054075,0.3381543218562779,-2.3886531144276835
33.0,195.0,999.9854125976562,-0.5829095912944267,0.5938460000806911,4.052968302634829,-1.1689292857165583,-0.2098203361913579,0.8583858282352903,1.453633626359112,-0.6679317933515616,0.3381569036183371,-2.388649908606848
33.0,195.0,999.9854125976562,-0.5829083286359023,0.5938429914468362,4.052969750829666,-1.1689276088161824,-0.209821789504347,0.8583877389542769,1.453635512111461,-0.6679292388258498,0.338161579608176,-2.3886467668245155
33.0,195.0,999.9854736328124,-0.582908315466339,0.5938364726323808,4.052966911526594,-1.1689218542862916,-0.2098219623189905,0.8583980305806707,1.4536316359405728,-0.6679333976108337,0.3381608434691507,-2.388647879782237
33.0,195.0,999.9854125976562,-0.5829087331506964,0.5938436902926645,4.052969387091823,-1.1689274507897056,-0.2098199292101972,0.8583898443253428,1.4536331330359609,-0.6679329909130951,0.3381574499636564,-2.388652233254627
33.0,195.0,999.9854125976562,-0.582907726887834,0.5938431441529355,4.052967908674907,-1.168925345477649,-0.2098221326248337,0.8583891147660596,1.4536340246089008,-0.667931358047336,0.3381620073938247,-2.3886463715820616
33.0,195.0,999.9854125976562,-0.5829076798980068,0.5938404117607945,4.05297051304596,-1.1689275600606424,-0.209821713372114,0.8583913031801487,1.453635672254431,-0.6679319112536026,0.3381615227801768,-2.3886457164473
33.0,195.0,999.9854125976562,-0.5829093460172396,0.5938416178402219,4.052967900981471,-1.16892803086867,-0.2098216172350495,0.8583898148066798,1.4536348322165606,-0.6679315195619742,0.3381570621749787,-2.388653151886704
33.0,195.0,999.9854125976562,-0.5829111423812021,0.5938417281242927,4.052967273692527,-1.168937990894396,-0.2098188783213892,0.8583862980719843,1.4536387175801018,-0.6679299581983047,0.3381527562499551,-2.3886556633371887
33.0,195.0,999.9854125976562,-0.5829098067737242,0.5938418869161852,4.052969926076772,-1.168932962879614,-0.2098200096625611,0.8583881816774657,1.4536382420763443,-0.6679309183147435,0.3381584980015013,-2.3886515618888686
33.0,195.0,999.9854125976562,-0.5829103778848639,0.5938422112375878,4.052969555587008,-1.1689317202119307,-0.2098178053476322,0.8583889493228556,1.4536322108663455,-0.6679313620737739,0.33815856587628,-2.388654943244448
33.0,195.0,999.9854125976562,-0.5829118325315878,0.59384640490447,4.052967050494216,-1.1689325379039062,-0.2098197125543865,0.858382201093356,1.4536331260337922,-0.6679299508821508,0.3381551993224949,-2.3886558237539064
33.0,195.0,999.9854125976562,-0.582910623671121,0.5938468418117644,4.052966727923948,-1.1689308335329516,-0.2098195639844329,0.8583868100677208,1.4536382508312071,-0.6679286617520228,0.3381589475138593,-2.3886497070908383
33.0,195.0,999.9854736328124,-0.5829131705692623,0.5938446931100403,4.052967470625422,-1.168936521862003,-0.2098168929607489,0.8583832583827427,1.453636761022448,-0.6679289803960016,0.3381547199746206,-2.388654511016397
33.0,195.0,999.9854125976562,-0.5829118836340133,0.5938498672774228,4.052970448674158,-1.168936906297866,-0.2098198975170184,0.8583785078401176,1.45364085488022,-0.6679286995677023,0.3381564304744353,-2.388653206682445
33.0,195.0,999.9854125976562,-0.5829087949499652,0.593845034287007,4.052970508118444,-1.168928547894443,-0.2098224476814145,0.8583875328920989,1.4536368905675996,-0.6679312072480235,0.3381572322704009,-2.38865210320905
33.0,195.0,999.9854125976562,-0.5829084092747854,0.5938428240466642,4.0529676298032165,-1.1689301752317238,-0.2098215715815623,0.8583872038411187,1.4536343144652184,-0.667930122129043,0.3381575164245607,-2.388652078505048
33.0,195.0,999.9854125976562,-0.5829095859804241,0.5938406331269919,4.052968176709722,-1.168931503145088,-0.2098209076946222,0.8583892540233515,1.4536378364109872,-0.6679300194485567,0.3381580775888668,-2.388651822241826
33.0,195.0,999.9854125976562,-0.5829091460442974,0.5938427161815163,4.052967983914659,-1.168932720350056,-0.2098206485035323,0.8583868792050344,1.4536381128011753,-0.6679303655655904,0.3381568038581397,-2.3886493022307667
33.0,195.0,999.9854125976562,-0.5829102950702261,0.5938428858825704,4.052967843380422,-1.1689345573594268,-0.2098205921430471,0.8583856818133491,1.453640637527366,-0.6679287680216106,0.338155448232774,-2.3886515656416583
33.0,195.0,999.9854736328124,-0.5829132984414827,0.5938489709740846,4.052970789807306,-1.1689431320605124,-0.2098171771984027,0.8583788437065039,1.4536445838197327,-0.6679304958069672,0.3381497692766686,-2.3886588798555053
33.0,195.0,999.9854125976562,-0.5829060123603016,0.593836560380093,4.052975365620428,-1.1689241200480105,-0.2098240630418342,0.8583930784502982,1.4536335827633824,-0.667932516673071,0.3381671997029043,-2.3886453038692568
33.0,195.0,999.9854125976562,-0.5829130777597538,0.5938459034936212,4.05296736459896,-1.1689350907835565,-0.2098175064283491,0.8583867499397568,1.4536367382243451,-0.6679312578242138,0.3381519127861487,-2.388658390783621
33.0,195.0,999.9854125976562,-0.5829096502875846,0.5938480877049717,4.052969470781729,-1.1689296632689905,-0.2098215599325366,0.858383474204917,1.453637234407954,-0.6679297083303197,0.3381598485675932,-2.388647974585024
33.0,195.0,999.9854736328124,-0.5829101283680114,0.5938423363521537,4.052960540582697,-1.1689345906917756,-0.2098177857015342,0.858389327678375,1.4536407086056204,-0.6679272886357959,0.3381500429679462,-2.388652960588268
33.0,195.0,999.9854125976562,-0.5829095379166924,0.5938397726318092,4.052970797904784,-1.1689298783720163,-0.2098216385974236,0.8583895757878643,1.4536353100896786,-0.6679303409240527,0.3381610256267029,-2.3886518878919483
33.0,195.0,999.9854125976562,-0.5829102996672404,0.5938429846851196,4.052965962505466,-1.168929693179205,-0.2098191325018907,0.8583894703774142,1.4536324541820091,-0.6679318446519016,0.3381524100688811,-2.388655679076128
33.0,195.0,999.9854125976562,-0.582909041073064,0.5938445933394902,4.052968789229926,-1.1689255048636489,-0.2098215543503538,0.8583868715352221,1.4536343138395118,-0.6679296269553987,0.3381631023521461,-2.3886459364569825
33.0,195.0,999.9854125976562,-0.5829079981854441,0.5938425890157886,4.052973456056153,-1.1689276399711497,-0.2098214250319978,0.858391003394015,1.4536369956328965,-0.6679333548877482,0.3381645668113116,-2.388645873925591
33.0,195.0,999.9854125976562,-0.5829084140763445,0.5938444865442216,4.05297108878584,-1.1689329074348676,-0.2098213018969499,0.8583852301539547,1.4536410024667887,-0.6679290052054352,0.3381607125347718,-2.388648647023889
33.0,195.0,999.9854125976562,-0.5829074859759968,0.5938408413543153,4.052968638928359,-1.168925908185832,-0.2098230076696214,0.8583912672834142,1.453634993209235,-0.6679324347880335,0.3381608337132249,-2.38864655182546
33.0,195.0,999.9854125976562,-0.5829115473700694,0.5938460139440576,4.052964850885889,-1.1689304439558108,-0.2098181028479713,0.8583879471064835,1.4536323913428353,-0.6679312727921927,0.3381554674145794,-2.388653491124757
33.0,195.0,999.9854125976562,-0.5829092241329645,0.5938400562597561,4.052970043100826,-1.1689299670784257,-0.2098208585628489,0.8583913745644365,1.4536382003045911,-0.6679327064800109,0.3381604247301695,-2.3886479785911208
33.0,196.0,999.9854125976562,-0.5829080301043197,0.5938441512901438,4.052970804960252,-1.1689270072208364,-0.2098229107810407,0.8583898767830913,1.4536378131821293,-0.667931716988269,0.3381640396235665,-2.388644091190637
33.0,196.0,999.9854125976562,-0.582910921723645,0.5938468438107751,4.052966354518876,-1.1689291290153667,-0.2098202126618344,0.8583835048482102,1.453632280737395,-0.6679292895314459,0.3381567170107979,-2.38865287793681
33.0,196.0,999.9854736328124,-0.5829062029904666,0.593836395699153,4.05297521198278,-1.1689233558286762,-0.2098249695370118,0.858397728953082,1.4536373324926135,-0.6679363998723336,0.3381654810396544,-2.388640778647529
33.0,196.0,999.9854736328124,-0.5829091291420498,0.5938388910109431,4.052967150645566,-1.1689261358208451,-0.2098195689170978,0.8583933887557249,1.4536333021051293,-0.6679328121856791,0.3381615336939569,-2.3886469840640108
33.0,196.0,999.9854125976562,-0.5829077021455049,0.5938421964434575,4.052971850597512,-1.1689311000567084,-0.2098226586127021,0.8583871230336735,1.45364161511141,-0.6679292513426649,0.3381610531502401,-2.388646284542853
33.0,196.0,999.9854125976562,-0.582909926206022,0.5938419474242105,4.052971420175801,-1.168932870690222,-0.2098210720918212,0.8583868850100913,1.453638483856321,-0.6679319996604036,0.3381580283910708,-2.388651744867325
33.0,196.0,999.9854736328124,-0.5829093102984935,0.5938401568646867,4.052971847942793,-1.1689321136429394,-0.2098221931961754,0.8583863450100884,1.4536405622367097,-0.6679298442439077,0.3381580547510046,-2.3886512453787203
33.0,196.0,999.9854736328124,-0.5829102107186133,0.5938450663850912,4.052964011930246,-1.1689338308235508,-0.2098190051254942,0.8583842931100971,1.4536381434228964,-0.6679286246445066,0.3381533882382284,-2.388653436662032
33.0,196.0,999.9854125976562,-0.5829092924358914,0.593841125737729,4.0529671244572505,-1.1689300210327196,-0.2098199465649806,0.8583923780187774,1.4536351596033086,-0.6679319210208412,0.3381551813859733,-2.3886527196902003
33.0,196.0,999.9854125976562,-0.5829096201509207,0.5938454267090378,4.05296790881671,-1.168928026857381,-0.2098199477678166,0.8583878847484936,1.4536299579781904,-0.6679311170747155,0.3381597506681357,-2.388650344920144
33.0,196.0,999.9854125976562,-0.5829115196642194,0.5938448183503571,4.05296804846466,-1.1689363929749534,-0.2098177083492975,0.8583836386790686,1.453637655776726,-0.6679287530701323,0.3381553541021622,-2.3886563076135663
33.0,196.0,999.9854125976562,-0.582908210720384,0.5938390242467362,4.052972765647283,-1.168931862945758,-0.2098214532051461,0.8583910098607266,1.4536384786628522,-0.667932401101357,0.3381581515151532,-2.388651526432724
33.0,196.0,999.9854736328124,-0.5829071982660743,0.5938449731229305,4.052969306157664,-1.168923804645459,-0.2098230645946781,0.85838952677181,1.4536342832907012,-0.6679330212206605,0.3381650500633002,-2.388643845778672
33.0,196.0,999.9854736328124,-0.5829095726843958,0.5938407385559428,4.052971954665734,-1.1689341525171448,-0.209820247370847,0.8583868209768948,1.4536418738817725,-0.6679298274476588,0.3381583928375686,-2.388650999240728
33.0,196.0,999.9854125976562,-0.5829100751635394,0.5938476280285112,4.0529673532464745,-1.1689307375966438,-0.2098200484741292,0.8583837688255445,1.453634020763812,-0.667930186750664,0.3381546992962994,-2.3886517699105085
33.0,196.0,999.9854125976562,-0.5829100681240824,0.5938456765182334,4.052969274383969,-1.1689332759884987,-0.2098209617938327,0.8583825058052259,1.4536375603755474,-0.6679303053496808,0.338157951095801,-2.3886492853262418
33.0,196.0,999.9854736328124,-0.5829137736605352,0.5938444058658412,4.052969872509909,-1.1689348985154933,-0.2098161165663512,0.858386272324454,1.4536341886582802,-0.6679319963189352,0.3381573117470147,-2.3886544254390083
33.0,196.0,999.9854125976562,-0.5829098110707651,0.5938424344959188,4.052967700342922,-1.1689340197207023,-0.2098209492703437,0.8583875615235144,1.4536415851907076,-0.6679289928054075,0.3381543218562779,-2.3886531144276835
33.0,196.0,999.9854125976562,-0.5829095912944267,0.5938460000806911,4.052968302634829,-1.1689292857165583,-0.2098203361913579,0.8583858282352903,1.453633626359112,-0.6679317933515616,0.3381569036183371,-2.388649908606848
33.0,196.0,999.9854125976562,-0.5829083286359023,0.5938429914468362,4.052969750829666,-1.1689276088161824,-0.209821789504347,0.8583877389542769,1.453635512111461,-0.6679292388258498,0.338161579608176,-2.3886467668245155
33.0,196.0,999.9854736328124,-0.582908315466339,0.5938364726323808,4.052966911526594,-1.1689218542862916,-0.2098219623189905,0.8583980305806707,1.4536316359405728,-0.6679333976108337,0.3381608434691507,-2.388647879782237
33.0,196.0,999.9854125976562,-0.5829087331506964,0.5938436902926645,4.052969387091823,-1.1689274507897056,-0.2098199292101972,0.8583898443253428,1.4536331330359609,-0.6679329909130951,0.3381574499636564,-2.388652233254627
33.0,196.0,999.9854125976562,-0.582907726887834,0.5938431441529355,4.052967908674907,-1.168925345477649,-0.2098221326248337,0.8583891147660596,1.4536340246089008,-0.667931358047336,0.3381620073938247,-2.3886463715820616
33.0,196.0,999.9854125976562,-0.5829076798980068,0.5938404117607945,4.05297051304596,-1.1689275600606424,-0.209821713372114,0.8583913031801487,1.453635672254431,-0.6679319112536026,0.3381615227801768,-2.3886457164473
33.0,196.0,999.9854125976562,-0.5829093460172396,0.5938416178402219,4.052967900981471,-1.16892803086867,-0.2098216172350495,0.8583898148066798,1.4536348322165606,-0.6679315195619742,0.3381570621749787,-2.388653151886704
33.0,196.0,999.9854125976562,-0.5829111423812021,0.5938417281242927,4.052967273692527,-1.168937990894396,-0.2098188783213892,0.8583862980719843,1.4536387175801018,-0.6679299581983047,0.3381527562499551,-2.3886556633371887
33.0,196.0,999.9854125976562,-0.5829098067737242,0.5938418869161852,4.052969926076772,-1.168932962879614,-0.2098200096625611,0.8583881816774657,1.4536382420763443,-0.6679309183147435,0.3381584980015013,-2.3886515618888686
33.0,196.0,999.9854125976562,-0.5829103778848639,0.5938422112375878,4.052969555587008,-1.1689317202119307,-0.2098178053476322,0.8583889493228556,1.4536322108663455,-0.6679313620737739,0.33815856587628,-2.388654943244448
33.0,196.0,999.9854125976562,-0.5829118325315878,0.59384640490447,4.052967050494216,-1.1689325379039062,-0.2098197125543865,0.858382201093356,1.4536331260337922,-0.6679299508821508,0.3381551993224949,-2.3886558237539064
33.0,196.0,999.9854125976562,-0.582910623671121,0.5938468418117644,4.052966727923948,-1.1689308335329516,-0.2098195639844329,0.8583868100677208,1.4536382508312071,-0.6679286617520228,0.3381589475138593,-2.3886497070908383
33.0,196.0,999.9854736328124,-0.5829131705692623,0.5938446931100403,4.052967470625422,-1.168936521862003,-0.2098168929607489,0.8583832583827427,1.453636761022448,-0.6679289803960016,0.3381547199746206,-2.388654511016397
33.0,196.0,999.9854125976562,-0.5829118836340133,0.5938498672774228,4.052970448674158,-1.168936906297866,-0.2098198975170184,0.8583785078401176,1.45364085488022,-0.6679286995677023,0.3381564304744353,-2.388653206682445
33.0,196.0,999.9854125976562,-0.5829087949499652,0.593845034287007,4.052970508118444,-1.168928547894443,-0.2098224476814145,0.8583875328920989,1.4536368905675996,-0.6679312072480235,0.3381572322704009,-2.38865210320905
33.0,196.0,999.9854125976562,-0.5829084092747854,0.5938428240466642,4.0529676298032165,-1.1689301752317238,-0.2098215715815623,0.8583872038411187,1.4536343144652184,-0.667930122129043,0.3381575164245607,-2.388652078505048
33.0,196.0,999.9854125976562,-0.5829095859804241,0.5938406331269919,4.052968176709722,-1.168931503145088,-0.2098209076946222,0.8583892540233515,1.4536378364109872,-0.6679300194485567,0.3381580775888668,-2.388651822241826
33.0,196.0,999.9854125976562,-0.5829091460442974,0.5938427161815163,4.052967983914659,-1.168932720350056,-0.2098206485035323,0.8583868792050344,1.4536381128011753,-0.6679303655655904,0.3381568038581397,-2.3886493022307667
33.0,196.0,999.9854125976562,-0.5829102950702261,0.5938428858825704,4.052967843380422,-1.1689345573594268,-0.2098205921430471,0.8583856818133491,1.453640637527366,-0.6679287680216106,0.338155448232774,-2.3886515656416583
33.0,196.0,999.9854736328124,-0.5829132984414827,0.5938489709740846,4.052970789807306,-1.1689431320605124,-0.2098171771984027,0.8583788437065039,1.4536445838197327,-0.6679304958069672,0.3381497692766686,-2.3886588798555053
33.0,196.0,999.9854125976562,-0.5829060123603016,0.593836560380093,4.052975365620428,-1.1689241200480105,-0.2098240630418342,0.8583930784502982,1.4536335827633824,-0.667932516673071,0.3381671997029043,-2.3886453038692568
33.0,196.0,999.9854125976562,-0.5829130777597538,0.5938459034936212,4.05296736459896,-1.1689350907835565,-0.2098175064283491,0.8583867499397568,1.4536367382243451,-0.6679312578242138,0.3381519127861487,-2.388658390783621
33.0,196.0,999.9854125976562,-0.5829096502875846,0.5938480877049717,4.052969470781729,-1.1689296632689905,-0.2098215599325366,0.858383474204917,1.453637234407954,-0.6679297083303197,0.3381598485675932,-2.388647974585024
33.0,196.0,999.9854736328124,-0.5829101283680114,0.5938423363521537,4.052960540582697,-1.1689345906917756,-0.2098177857015342,0.858389327678375,1.4536407086056204,-0.6679272886357959,0.3381500429679462,-2.388652960588268
33.0,196.0,999.9854125976562,-0.5829095379166924,0.5938397726318092,4.052970797904784,-1.1689298783720163,-0.2098216385974236,0.8583895757878643,1.4536353100896786,-0.6679303409240527,0.3381610256267029,-2.3886518878919483
33.0,196.0,999.9854125976562,-0.5829102996672404,0.5938429846851196,4.052965962505466,-1.168929693179205,-0.2098191325018907,0.8583894703774142,1.4536324541820091,-0.6679318446519016,0.3381524100688811,-2.388655679076128
33.0,196.0,999.9854125976562,-0.582909041073064,0.5938445933394902,4.052968789229926,-1.1689255048636489,-0.2098215543503538,0.8583868715352221,1.4536343138395118,-0.6679296269553987,0.3381631023521461,-2.3886459364569825
33.0,196.0,999.9854125976562,-0.5829079981854441,0.5938425890157886,4.052973456056153,-1.1689276399711497,-0.2098214250319978,0.858391003394015,1.4536369956328965,-0.6679333548877482,0.3381645668113116,-2.388645873925591
33.0,196.0,999.9854125976562,-0.5829084140763445,0.5938444865442216,4.05297108878584,-1.1689329074348676,-0.2098213018969499,0.8583852301539547,1.4536410024667887,-0.6679290052054352,0.3381607125347718,-2.388648647023889
33.0,196.0,999.9854125976562,-0.5829074859759968,0.5938408413543153,4.052968638928359,-1.168925908185832,-0.2098230076696214,0.8583912672834142,1.453634993209235,-0.6679324347880335,0.3381608337132249,-2.38864655182546
33.0,196.0,999.9854125976562,-0.5829115473700694,0.5938460139440576,4.052964850885889,-1.1689304439558108,-0.2098181028479713,0.8583879471064835,1.4536323913428353,-0.6679312727921927,0.3381554674145794,-2.388653491124757
33.0,196.0,999.9854125976562,-0.5829092241329645,0.5938400562597561,4.052970043100826,-1.1689299670784257,-0.2098208585628489,0.8583913745644365,1.4536382003045911,-0.6679327064800109,0.3381604247301695,-2.3886479785911208
33.0,197.0,999.9854125976562,-0.5829080301043197,0.5938441512901438,4.052970804960252,-1.1689270072208364,-0.2098229107810407,0.8583898767830913,1.4536378131821293,-0.667931716988269,0.3381640396235665,-2.388644091190637
33.0,197.0,999.9854125976562,-0.582910921723645,0.5938468438107751,4.052966354518876,-1.1689291290153667,-0.2098202126618344,0.8583835048482102,1.453632280737395,-0.6679292895314459,0.3381567170107979,-2.38865287793681
33.0,197.0,999.9854736328124,-0.5829062029904666,0.593836395699153,4.05297521198278,-1.1689233558286762,-0.2098249695370118,0.858397728953082,1.4536373324926135,-0.6679363998723336,0.3381654810396544,-2.388640778647529
33.0,197.0,999.9854736328124,-0.5829091291420498,0.5938388910109431,4.052967150645566,-1.1689261358208451,-0.2098195689170978,0.8583933887557249,1.4536333021051293,-0.6679328121856791,0.3381615336939569,-2.3886469840640108
33.0,197.0,999.9854125976562,-0.5829077021455049,0.5938421964434575,4.052971850597512,-1.1689311000567084,-0.2098226586127021,0.8583871230336735,1.45364161511141,-0.6679292513426649,0.3381610531502401,-2.388646284542853
33.0,197.0,999.9854125976562,-0.582909926206022,0.5938419474242105,4.052971420175801,-1.168932870690222,-0.2098210720918212,0.8583868850100913,1.453638483856321,-0.6679319996604036,0.3381580283910708,-2.388651744867325
33.0,197.0,999.9854736328124,-0.5829093102984935,0.5938401568646867,4.052971847942793,-1.1689321136429394,-0.2098221931961754,0.8583863450100884,1.4536405622367097,-0.6679298442439077,0.3381580547510046,-2.3886512453787203
33.0,197.0,999.9854736328124,-0.5829102107186133,0.5938450663850912,4.052964011930246,-1.1689338308235508,-0.2098190051254942,0.8583842931100971,1.4536381434228964,-0.6679286246445066,0.3381533882382284,-2.388653436662032
33.0,197.0,999.9854125976562,-0.5829092924358914,0.593841125737729,4.0529671244572505,-1.1689300210327196,-0.2098199465649806,0.8583923780187774,1.4536351596033086,-0.6679319210208412,0.3381551813859733,-2.3886527196902003
33.0,197.0,999.9854125976562,-0.5829096201509207,0.5938454267090378,4.05296790881671,-1.168928026857381,-0.2098199477678166,0.8583878847484936,1.4536299579781904,-0.6679311170747155,0.3381597506681357,-2.388650344920144
33.0,197.0,999.9854125976562,-0.5829115196642194,0.5938448183503571,4.05296804846466,-1.1689363929749534,-0.2098177083492975,0.8583836386790686,1.453637655776726,-0.6679287530701323,0.3381553541021622,-2.3886563076135663
33.0,197.0,999.9854125976562,-0.582908210720384,0.5938390242467362,4.052972765647283,-1.168931862945758,-0.2098214532051461,0.8583910098607266,1.4536384786628522,-0.667932401101357,0.3381581515151532,-2.388651526432724
33.0,197.0,999.9854736328124,-0.5829071982660743,0.5938449731229305,4.052969306157664,-1.168923804645459,-0.2098230645946781,0.85838952677181,1.4536342832907012,-0.6679330212206605,0.3381650500633002,-2.388643845778672
33.0,197.0,999.9854736328124,-0.5829095726843958,0.5938407385559428,4.052971954665734,-1.1689341525171448,-0.209820247370847,0.8583868209768948,1.4536418738817725,-0.6679298274476588,0.3381583928375686,-2.388650999240728
33.0,197.0,999.9854125976562,-0.5829100751635394,0.5938476280285112,4.0529673532464745,-1.1689307375966438,-0.2098200484741292,0.8583837688255445,1.453634020763812,-0.667930186750664,0.3381546992962994,-2.3886517699105085
33.0,197.0,999.9854125976562,-0.5829100681240824,0.5938456765182334,4.052969274383969,-1.1689332759884987,-0.2098209617938327,0.8583825058052259,1.4536375603755474,-0.6679303053496808,0.338157951095801,-2.3886492853262418
33.0,197.0,999.9854736328124,-0.5829137736605352,0.5938444058658412,4.052969872509909,-1.1689348985154933,-0.2098161165663512,0.858386272324454,1.4536341886582802,-0.6679319963189352,0.3381573117470147,-2.3886544254390083
33.0,197.0,999.9854125976562,-0.5829098110707651,0.5938424344959188,4.052967700342922,-1.1689340197207023,-0.2098209492703437,0.8583875615235144,1.4536415851907076,-0.6679289928054075,0.3381543218562779,-2.3886531144276835
33.0,197.0,999.9854125976562,-0.5829095912944267,0.5938460000806911,4.052968302634829,-1.1689292857165583,-0.2098203361913579,0.8583858282352903,1.453633626359112,-0.6679317933515616,0.3381569036183371,-2.388649908606848
33.0,197.0,999.9854125976562,-0.5829083286359023,0.5938429914468362,4.052969750829666,-1.1689276088161824,-0.209821789504347,0.8583877389542769,1.453635512111461,-0.6679292388258498,0.338161579608176,-2.3886467668245155
33.0,197.0,999.9854736328124,-0.582908315466339,0.5938364726323808,4.052966911526594,-1.1689218542862916,-0.2098219623189905,0.8583980305806707,1.4536316359405728,-0.6679333976108337,0.3381608434691507,-2.388647879782237
33.0,197.0,999.9854125976562,-0.5829087331506964,0.5938436902926645,4.052969387091823,-1.1689274507897056,-0.2098199292101972,0.8583898443253428,1.4536331330359609,-0.6679329909130951,0.3381574499636564,-2.388652233254627
33.0,197.0,999.9854125976562,-0.582907726887834,0.5938431441529355,4.052967908674907,-1.168925345477649,-0.2098221326248337,0.8583891147660596,1.4536340246089008,-0.667931358047336,0.3381620073938247,-2.3886463715820616
33.0,197.0,999.9854125976562,-0.5829076798980068,0.5938404117607945,4.05297051304596,-1.1689275600606424,-0.209821713372114,0.8583913031801487,1.453635672254431,-0.6679319112536026,0.3381615227801768,-2.3886457164473
33.0,197.0,999.9854125976562,-0.5829093460172396,0.5938416178402219,4.052967900981471,-1.16892803086867,-0.2098216172350495,0.8583898148066798,1.4536348322165606,-0.6679315195619742,0.3381570621749787,-2.388653151886704
33.0,197.0,999.9854125976562,-0.5829111423812021,0.5938417281242927,4.052967273692527,-1.168937990894396,-0.2098188783213892,0.8583862980719843,1.4536387175801018,-0.6679299581983047,0.3381527562499551,-2.3886556633371887
33.0,197.0,999.9854125976562,-0.5829098067737242,0.5938418869161852,4.052969926076772,-1.168932962879614,-0.2098200096625611,0.8583881816774657,1.4536382420763443,-0.6679309183147435,0.3381584980015013,-2.3886515618888686
33.0,197.0,999.9854125976562,-0.5829103778848639,0.5938422112375878,4.052969555587008,-1.1689317202119307,-0.2098178053476322,0.8583889493228556,1.4536322108663455,-0.6679313620737739,0.33815856587628,-2.388654943244448
33.0,197.0,999.9854125976562,-0.5829118325315878,0.59384640490447,4.052967050494216,-1.1689325379039062,-0.2098197125543865,0.858382201093356,1.4536331260337922,-0.6679299508821508,0.3381551993224949,-2.3886558237539064
33.0,197.0,999.9854125976562,-0.582910623671121,0.5938468418117644,4.052966727923948,-1.1689308335329516,-0.2098195639844329,0.8583868100677208,1.4536382508312071,-0.6679286617520228,0.3381589475138593,-2.3886497070908383
33.0,197.0,999.9854736328124,-0.5829131705692623,0.5938446931100403,4.052967470625422,-1.168936521862003,-0.2098168929607489,0.8583832583827427,1.453636761022448,-0.6679289803960016,0.3381547199746206,-2.388654511016397
33.0,197.0,999.9854125976562,-0.5829118836340133,0.5938498672774228,4.052970448674158,-1.168936906297866,-0.2098198975170184,0.8583785078401176,1.45364085488022,-0.6679286995677023,0.3381564304744353,-2.388653206682445
33.0,197.0,999.9854125976562,-0.5829087949499652,0.593845034287007,4.052970508118444,-1.168928547894443,-0.2098224476814145,0.8583875328920989,1.4536368905675996,-0.6679312072480235,0.3381572322704009,-2.38865210320905
33.0,197.0,999.9854125976562,-0.5829084092747854,0.5938428240466642,4.0529676298032165,-1.1689301752317238,-0.2098215715815623,0.8583872038411187,1.4536343144652184,-0.667930122129043,0.3381575164245607,-2.388652078505048
33.0,197.0,999.9854125976562,-0.5829095859804241,0.5938406331269919,4.052968176709722,-1.168931503145088,-0.2098209076946222,0.8583892540233515,1.4536378364109872,-0.6679300194485567,0.3381580775888668,-2.388651822241826
33.0,197.0,999.9854125976562,-0.5829091460442974,0.5938427161815163,4.052967983914659,-1.168932720350056,-0.2098206485035323,0.8583868792050344,1.4536381128011753,-0.6679303655655904,0.3381568038581397,-2.3886493022307667
33.0,197.0,999.9854125976562,-0.5829102950702261,0.5938428858825704,4.052967843380422,-1.1689345573594268,-0.2098205921430471,0.8583856818133491,1.453640637527366,-0.6679287680216106,0.338155448232774,-2.3886515656416583
33.0,197.0,999.9854736328124,-0.5829132984414827,0.5938489709740846,4.052970789807306,-1.1689431320605124,-0.2098171771984027,0.8583788437065039,1.4536445838197327,-0.6679304958069672,0.3381497692766686,-2.3886588798555053
33.0,197.0,999.9854125976562,-0.5829060123603016,0.593836560380093,4.052975365620428,-1.1689241200480105,-0.2098240630418342,0.8583930784502982,1.4536335827633824,-0.667932516673071,0.3381671997029043,-2.3886453038692568
33.0,197.0,999.9854125976562,-0.5829130777597538,0.5938459034936212,4.05296736459896,-1.1689350907835565,-0.2098175064283491,0.8583867499397568,1.4536367382243451,-0.6679312578242138,0.3381519127861487,-2.388658390783621
33.0,197.0,999.9854125976562,-0.5829096502875846,0.5938480877049717,4.052969470781729,-1.1689296632689905,-0.2098215599325366,0.858383474204917,1.453637234407954,-0.6679297083303197,0.3381598485675932,-2.388647974585024
33.0,197.0,999.9854736328124,-0.5829101283680114,0.5938423363521537,4.052960540582697,-1.1689345906917756,-0.2098177857015342,0.858389327678375,1.4536407086056204,-0.6679272886357959,0.3381500429679462,-2.388652960588268
33.0,197.0,999.9854125976562,-0.5829095379166924,0.5938397726318092,4.052970797904784,-1.1689298783720163,-0.2098216385974236,0.8583895757878643,1.4536353100896786,-0.6679303409240527,0.3381610256267029,-2.3886518878919483
33.0,197.0,999.9854125976562,-0.5829102996672404,0.5938429846851196,4.052965962505466,-1.168929693179205,-0.2098191325018907,0.8583894703774142,1.4536324541820091,-0.6679318446519016,0.3381524100688811,-2.388655679076128
33.0,197.0,999.9854125976562,-0.582909041073064,0.5938445933394902,4.052968789229926,-1.1689255048636489,-0.2098215543503538,0.8583868715352221,1.4536343138395118,-0.6679296269553987,0.3381631023521461,-2.3886459364569825
33.0,197.0,999.9854125976562,-0.5829079981854441,0.5938425890157886,4.052973456056153,-1.1689276399711497,-0.2098214250319978,0.858391003394015,1.4536369956328965,-0.6679333548877482,0.3381645668113116,-2.388645873925591
33.0,197.0,999.9854125976562,-0.5829084140763445,0.5938444865442216,4.05297108878584,-1.1689329074348676,-0.2098213018969499,0.8583852301539547,1.4536410024667887,-0.6679290052054352,0.3381607125347718,-2.388648647023889
33.0,197.0,999.9854125976562,-0.5829074859759968,0.5938408413543153,4.052968638928359,-1.168925908185832,-0.2098230076696214,0.8583912672834142,1.453634993209235,-0.6679324347880335,0.3381608337132249,-2.38864655182546
33.0,197.0,999.9854125976562,-0.5829115473700694,0.5938460139440576,4.052964850885889,-1.1689304439558108,-0.2098181028479713,0.8583879471064835,1.4536323913428353,-0.6679312727921927,0.3381554674145794,-2.388653491124757
33.0,197.0,999.9854125976562,-0.5829092241329645,0.5938400562597561,4.052970043100826,-1.1689299670784257,-0.2098208585628489,0.8583913745644365,1.4536382003045911,-0.6679327064800109,0.3381604247301695,-2.3886479785911208
33.0,198.0,999.9854125976562,-0.5829080301043197,0.5938441512901438,4.052970804960252,-1.1689270072208364,-0.2098229107810407,0.8583898767830913,1.4536378131821293,-0.667931716988269,0.3381640396235665,-2.388644091190637
33.0,198.0,999.9854125976562,-0.582910921723645,0.5938468438107751,4.052966354518876,-1.1689291290153667,-0.2098202126618344,0.8583835048482102,1.453632280737395,-0.6679292895314459,0.3381567170107979,-2.38865287793681
33.0,198.0,999.9854736328124,-0.5829062029904666,0.593836395699153,4.05297521198278,-1.1689233558286762,-0.2098249695370118,0.858397728953082,1.4536373324926135,-0.6679363998723336,0.3381654810396544,-2.388640778647529
33.0,198.0,999.9854736328124,-0.5829091291420498,0.5938388910109431,4.052967150645566,-1.1689261358208451,-0.2098195689170978,0.8583933887557249,1.4536333021051293,-0.6679328121856791,0.3381615336939569,-2.3886469840640108
33.0,198.0,999.9854125976562,-0.5829077021455049,0.5938421964434575,4.052971850597512,-1.1689311000567084,-0.2098226586127021,0.8583871230336735,1.45364161511141,-0.6679292513426649,0.3381610531502401,-2.388646284542853
33.0,198.0,999.9854125976562,-0.582909926206022,0.5938419474242105,4.052971420175801,-1.168932870690222,-0.2098210720918212,0.8583868850100913,1.453638483856321,-0.6679319996604036,0.3381580283910708,-2.388651744867325
33.0,198.0,999.9854736328124,-0.5829093102984935,0.5938401568646867,4.052971847942793,-1.1689321136429394,-0.2098221931961754,0.8583863450100884,1.4536405622367097,-0.6679298442439077,0.3381580547510046,-2.3886512453787203
33.0,198.0,999.9854736328124,-0.5829102107186133,0.5938450663850912,4.052964011930246,-1.1689338308235508,-0.2098190051254942,0.8583842931100971,1.4536381434228964,-0.6679286246445066,0.3381533882382284,-2.388653436662032
33.0,198.0,999.9854125976562,-0.5829092924358914,0.593841125737729,4.0529671244572505,-1.1689300210327196,-0.2098199465649806,0.8583923780187774,1.4536351596033086,-0.6679319210208412,0.3381551813859733,-2.3886527196902003
33.0,198.0,999.9854125976562,-0.5829096201509207,0.5938454267090378,4.05296790881671,-1.168928026857381,-0.2098199477678166,0.8583878847484936,1.4536299579781904,-0.6679311170747155,0.3381597506681357,-2.388650344920144
33.0,198.0,999.9854125976562,-0.5829115196642194,0.5938448183503571,4.05296804846466,-1.1689363929749534,-0.2098177083492975,0.8583836386790686,1.453637655776726,-0.6679287530701323,0.3381553541021622,-2.3886563076135663
33.0,198.0,999.9854125976562,-0.582908210720384,0.5938390242467362,4.052972765647283,-1.168931862945758,-0.2098214532051461,0.8583910098607266,1.4536384786628522,-0.667932401101357,0.3381581515151532,-2.388651526432724
33.0,198.0,999.9854736328124,-0.5829071982660743,0.5938449731229305,4.052969306157664,-1.168923804645459,-0.2098230645946781,0.85838952677181,1.4536342832907012,-0.6679330212206605,0.3381650500633002,-2.388643845778672
33.0,198.0,999.9854736328124,-0.5829095726843958,0.5938407385559428,4.052971954665734,-1.1689341525171448,-0.209820247370847,0.8583868209768948,1.4536418738817725,-0.6679298274476588,0.3381583928375686,-2.388650999240728
33.0,198.0,999.9854125976562,-0.5829100751635394,0.5938476280285112,4.0529673532464745,-1.1689307375966438,-0.2098200484741292,0.8583837688255445,1.453634020763812,-0.667930186750664,0.3381546992962994,-2.3886517699105085
33.0,198.0,999.9854125976562,-0.5829100681240824,0.5938456765182334,4.052969274383969,-1.1689332759884987,-0.2098209617938327,0.8583825058052259,1.4536375603755474,-0.6679303053496808,0.338157951095801,-2.3886492853262418
33.0,198.0,999.9854736328124,-0.5829137736605352,0.5938444058658412,4.052969872509909,-1.1689348985154933,-0.2098161165663512,0.858386272324454,1.4536341886582802,-0.6679319963189352,0.3381573117470147,-2.3886544254390083
33.0,198.0,999.9854125976562,-0.5829098110707651,0.5938424344959188,4.052967700342922,-1.1689340197207023,-0.2098209492703437,0.8583875615235144,1.4536415851907076,-0.6679289928054075,0.3381543218562779,-2.3886531144276835
33.0,198.0,999.9854125976562,-0.5829095912944267,0.5938460000806911,4.052968302634829,-1.1689292857165583,-0.2098203361913579,0.8583858282352903,1.453633626359112,-0.6679317933515616,0.3381569036183371,-2.388649908606848
33.0,198.0,999.9854125976562,-0.5829083286359023,0.5938429914468362,4.052969750829666,-1.1689276088161824,-0.209821789504347,0.8583877389542769,1.453635512111461,-0.6679292388258498,0.338161579608176,-2.3886467668245155
33.0,198.0,999.9854736328124,-0.582908315466339,0.5938364726323808,4.052966911526594,-1.1689218542862916,-0.2098219623189905,0.8583980305806707,1.4536316359405728,-0.6679333976108337,0.3381608434691507,-2.388647879782237
33.0,198.0,999.9854125976562,-0.5829087331506964,0.5938436902926645,4.052969387091823,-1.1689274507897056,-0.2098199292101972,0.8583898443253428,1.4536331330359609,-0.6679329909130951,0.3381574499636564,-2.388652233254627
33.0,198.0,999.9854125976562,-0.582907726887834,0.5938431441529355,4.052967908674907,-1.168925345477649,-0.2098221326248337,0.8583891147660596,1.4536340246089008,-0.667931358047336,0.3381620073938247,-2.3886463715820616
33.0,198.0,999.9854125976562,-0.5829076798980068,0.5938404117607945,4.05297051304596,-1.1689275600606424,-0.209821713372114,0.8583913031801487,1.453635672254431,-0.6679319112536026,0.3381615227801768,-2.3886457164473
33.0,198.0,999.9854125976562,-0.5829093460172396,0.5938416178402219,4.052967900981471,-1.16892803086867,-0.2098216172350495,0.8583898148066798,1.4536348322165606,-0.6679315195619742,0.3381570621749787,-2.388653151886704
33.0,198.0,999.9854125976562,-0.5829111423812021,0.5938417281242927,4.052967273692527,-1.168937990894396,-0.2098188783213892,0.8583862980719843,1.4536387175801018,-0.6679299581983047,0.3381527562499551,-2.3886556633371887
33.0,198.0,999.9854125976562,-0.5829098067737242,0.5938418869161852,4.052969926076772,-1.168932962879614,-0.2098200096625611,0.8583881816774657,1.4536382420763443,-0.6679309183147435,0.3381584980015013,-2.3886515618888686
33.0,198.0,999.9854125976562,-0.5829103778848639,0.5938422112375878,4.052969555587008,-1.1689317202119307,-0.2098178053476322,0.8583889493228556,1.4536322108663455,-0.6679313620737739,0.33815856587628,-2.388654943244448
33.0,198.0,999.9854125976562,-0.5829118325315878,0.59384640490447,4.052967050494216,-1.1689325379039062,-0.2098197125543865,0.858382201093356,1.4536331260337922,-0.6679299508821508,0.3381551993224949,-2.3886558237539064
33.0,198.0,999.9854125976562,-0.582910623671121,0.5938468418117644,4.052966727923948,-1.1689308335329516,-0.2098195639844329,0.8583868100677208,1.4536382508312071,-0.6679286617520228,0.3381589475138593,-2.3886497070908383
33.0,198.0,999.9854736328124,-0.5829131705692623,0.5938446931100403,4.052967470625422,-1.168936521862003,-0.2098168929607489,0.8583832583827427,1.453636761022448,-0.6679289803960016,0.3381547199746206,-2.388654511016397
33.0,198.0,999.9854125976562,-0.5829118836340133,0.5938498672774228,4.052970448674158,-1.168936906297866,-0.2098198975170184,0.8583785078401176,1.45364085488022,-0.6679286995677023,0.3381564304744353,-2.388653206682445
33.0,198.0,999.9854125976562,-0.5829087949499652,0.593845034287007,4.052970508118444,-1.168928547894443,-0.2098224476814145,0.8583875328920989,1.4536368905675996,-0.6679312072480235,0.3381572322704009,-2.38865210320905
33.0,198.0,999.9854125976562,-0.5829084092747854,0.5938428240466642,4.0529676298032165,-1.1689301752317238,-0.2098215715815623,0.8583872038411187,1.4536343144652184,-0.667930122129043,0.3381575164245607,-2.388652078505048
33.0,198.0,999.9854125976562,-0.5829095859804241,0.5938406331269919,4.052968176709722,-1.168931503145088,-0.2098209076946222,0.8583892540233515,1.4536378364109872,-0.6679300194485567,0.3381580775888668,-2.388651822241826
33.0,198.0,999.9854125976562,-0.5829091460442974,0.5938427161815163,4.052967983914659,-1.168932720350056,-0.2098206485035323,0.8583868792050344,1.4536381128011753,-0.6679303655655904,0.3381568038581397,-2.3886493022307667
33.0,198.0,999.9854125976562,-0.5829102950702261,0.5938428858825704,4.052967843380422,-1.1689345573594268,-0.2098205921430471,0.8583856818133491,1.453640637527366,-0.6679287680216106,0.338155448232774,-2.3886515656416583
33.0,198.0,999.9854736328124,-0.5829132984414827,0.5938489709740846,4.052970789807306,-1.1689431320605124,-0.2098171771984027,0.8583788437065039,1.4536445838197327,-0.6679304958069672,0.3381497692766686,-2.3886588798555053
33.0,198.0,999.9854125976562,-0.5829060123603016,0.593836560380093,4.052975365620428,-1.1689241200480105,-0.2098240630418342,0.8583930784502982,1.4536335827633824,-0.667932516673071,0.3381671997029043,-2.3886453038692568
33.0,198.0,999.9854125976562,-0.5829130777597538,0.5938459034936212,4.05296736459896,-1.1689350907835565,-0.2098175064283491,0.8583867499397568,1.4536367382243451,-0.6679312578242138,0.3381519127861487,-2.388658390783621
33.0,198.0,999.9854125976562,-0.5829096502875846,0.5938480877049717,4.052969470781729,-1.1689296632689905,-0.2098215599325366,0.858383474204917,1.453637234407954,-0.6679297083303197,0.3381598485675932,-2.388647974585024
33.0,198.0,999.9854736328124,-0.5829101283680114,0.5938423363521537,4.052960540582697,-1.1689345906917756,-0.2098177857015342,0.858389327678375,1.4536407086056204,-0.6679272886357959,0.3381500429679462,-2.388652960588268
33.0,198.0,999.9854125976562,-0.5829095379166924,0.5938397726318092,4.052970797904784,-1.1689298783720163,-0.2098216385974236,0.8583895757878643,1.4536353100896786,-0.6679303409240527,0.3381610256267029,-2.3886518878919483
33.0,198.0,999.9854125976562,-0.5829102996672404,0.5938429846851196,4.052965962505466,-1.168929693179205,-0.2098191325018907,0.8583894703774142,1.4536324541820091,-0.6679318446519016,0.3381524100688811,-2.388655679076128
33.0,198.0,999.9854125976562,-0.582909041073064,0.5938445933394902,4.052968789229926,-1.1689255048636489,-0.2098215543503538,0.8583868715352221,1.4536343138395118,-0.6679296269553987,0.3381631023521461,-2.3886459364569825
33.0,198.0,999.9854125976562,-0.5829079981854441,0.5938425890157886,4.052973456056153,-1.1689276399711497,-0.2098214250319978,0.858391003394015,1.4536369956328965,-0.6679333548877482,0.3381645668113116,-2.388645873925591
33.0,198.0,999.9854125976562,-0.5829084140763445,0.5938444865442216,4.05297108878584,-1.1689329074348676,-0.2098213018969499,0.8583852301539547,1.4536410024667887,-0.6679290052054352,0.3381607125347718,-2.388648647023889
33.0,198.0,999.9854125976562,-0.5829074859759968,0.5938408413543153,4.052968638928359,-1.168925908185832,-0.2098230076696214,0.8583912672834142,1.453634993209235,-0.6679324347880335,0.3381608337132249,-2.38864655182546
33.0,198.0,999.9854125976562,-0.5829115473700694,0.5938460139440576,4.052964850885889,-1.1689304439558108,-0.2098181028479713,0.8583879471064835,1.4536323913428353,-0.6679312727921927,0.3381554674145794,-2.388653491124757
33.0,198.0,999.9854125976562,-0.5829092241329645,0.5938400562597561,4.052970043100826,-1.1689299670784257,-0.2098208585628489,0.8583913745644365,1.4536382003045911,-0.6679327064800109,0.3381604247301695,-2.3886479785911208
33.0,199.0,999.9854125976562,-0.5829080301043197,0.5938441512901438,4.052970804960252,-1.1689270072208364,-0.2098229107810407,0.8583898767830913,1.4536378131821293,-0.667931716988269,0.3381640396235665,-2.388644091190637
33.0,199.0,999.9854125976562,-0.582910921723645,0.5938468438107751,4.052966354518876,-1.1689291290153667,-0.2098202126618344,0.8583835048482102,1.453632280737395,-0.6679292895314459,0.3381567170107979,-2.38865287793681
33.0,199.0,999.9854736328124,-0.5829062029904666,0.593836395699153,4.05297521198278,-1.1689233558286762,-0.2098249695370118,0.858397728953082,1.4536373324926135,-0.6679363998723336,0.3381654810396544,-2.388640778647529
33.0,199.0,999.9854736328124,-0.5829091291420498,0.5938388910109431,4.052967150645566,-1.1689261358208451,-0.2098195689170978,0.8583933887557249,1.4536333021051293,-0.6679328121856791,0.3381615336939569,-2.3886469840640108
33.0,199.0,999.9854125976562,-0.5829077021455049,0.5938421964434575,4.052971850597512,-1.1689311000567084,-0.2098226586127021,0.8583871230336735,1.45364161511141,-0.6679292513426649,0.3381610531502401,-2.388646284542853
33.0,199.0,999.9854125976562,-0.582909926206022,0.5938419474242105,4.052971420175801,-1.168932870690222,-0.2098210720918212,0.8583868850100913,1.453638483856321,-0.6679319996604036,0.3381580283910708,-2.388651744867325
33.0,199.0,999.9854736328124,-0.5829093102984935,0.5938401568646867,4.052971847942793,-1.1689321136429394,-0.2098221931961754,0.8583863450100884,1.4536405622367097,-0.6679298442439077,0.3381580547510046,-2.3886512453787203
33.0,199.0,999.9854736328124,-0.5829102107186133,0.5938450663850912,4.052964011930246,-1.1689338308235508,-0.2098190051254942,0.8583842931100971,1.4536381434228964,-0.6679286246445066,0.3381533882382284,-2.388653436662032
33.0,199.0,999.9854125976562,-0.5829092924358914,0.593841125737729,4.0529671244572505,-1.1689300210327196,-0.2098199465649806,0.8583923780187774,1.4536351596033086,-0.6679319210208412,0.3381551813859733,-2.3886527196902003
33.0,199.0,999.9854125976562,-0.5829096201509207,0.5938454267090378,4.05296790881671,-1.168928026857381,-0.2098199477678166,0.8583878847484936,1.4536299579781904,-0.6679311170747155,0.3381597506681357,-2.388650344920144
33.0,199.0,999.9854125976562,-0.5829115196642194,0.5938448183503571,4.05296804846466,-1.1689363929749534,-0.2098177083492975,0.8583836386790686,1.453637655776726,-0.6679287530701323,0.3381553541021622,-2.3886563076135663
33.0,199.0,999.9854125976562,-0.582908210720384,0.5938390242467362,4.052972765647283,-1.168931862945758,-0.2098214532051461,0.8583910098607266,1.4536384786628522,-0.667932401101357,0.3381581515151532,-2.388651526432724
33.0,199.0,999.9854736328124,-0.5829071982660743,0.5938449731229305,4.052969306157664,-1.168923804645459,-0.2098230645946781,0.85838952677181,1.4536342832907012,-0.6679330212206605,0.3381650500633002,-2.388643845778672
33.0,199.0,999.9854736328124,-0.5829095726843958,0.5938407385559428,4.052971954665734,-1.1689341525171448,-0.209820247370847,0.8583868209768948,1.4536418738817725,-0.6679298274476588,0.3381583928375686,-2.388650999240728
33.0,199.0,999.9854125976562,-0.5829100751635394,0.5938476280285112,4.0529673532464745,-1.1689307375966438,-0.2098200484741292,0.8583837688255445,1.453634020763812,-0.667930186750664,0.3381546992962994,-2.3886517699105085
33.0,199.0,999.9854125976562,-0.5829100681240824,0.5938456765182334,4.052969274383969,-1.1689332759884987,-0.2098209617938327,0.8583825058052259,1.4536375603755474,-0.6679303053496808,0.338157951095801,-2.3886492853262418
33.0,199.0,999.9854736328124,-0.5829137736605352,0.5938444058658412,4.052969872509909,-1.1689348985154933,-0.2098161165663512,0.858386272324454,1.4536341886582802,-0.6679319963189352,0.3381573117470147,-2.3886544254390083
33.0,199.0,999.9854125976562,-0.5829098110707651,0.5938424344959188,4.052967700342922,-1.1689340197207023,-0.2098209492703437,0.8583875615235144,1.4536415851907076,-0.6679289928054075,0.3381543218562779,-2.3886531144276835
33.0,199.0,999.9854125976562,-0.5829095912944267,0.5938460000806911,4.052968302634829,-1.1689292857165583,-0.2098203361913579,0.8583858282352903,1.453633626359112,-0.6679317933515616,0.3381569036183371,-2.388649908606848
33.0,199.0,999.9854125976562,-0.5829083286359023,0.5938429914468362,4.052969750829666,-1.1689276088161824,-0.209821789504347,0.8583877389542769,1.453635512111461,-0.6679292388258498,0.338161579608176,-2.3886467668245155
33.0,199.0,999.9854736328124,-0.582908315466339,0.5938364726323808,4.052966911526594,-1.1689218542862916,-0.2098219623189905,0.8583980305806707,1.4536316359405728,-0.6679333976108337,0.3381608434691507,-2.388647879782237
33.0,199.0,999.9854125976562,-0.5829087331506964,0.5938436902926645,4.052969387091823,-1.1689274507897056,-0.2098199292101972,0.8583898443253428,1.4536331330359609,-0.6679329909130951,0.3381574499636564,-2.388652233254627
33.0,199.0,999.9854125976562,-0.582907726887834,0.5938431441529355,4.052967908674907,-1.168925345477649,-0.2098221326248337,0.8583891147660596,1.4536340246089008,-0.667931358047336,0.3381620073938247,-2.3886463715820616
33.0,199.0,999.9854125976562,-0.5829076798980068,0.5938404117607945,4.05297051304596,-1.1689275600606424,-0.209821713372114,0.8583913031801487,1.453635672254431,-0.6679319112536026,0.3381615227801768,-2.3886457164473
33.0,199.0,999.9854125976562,-0.5829093460172396,0.5938416178402219,4.052967900981471,-1.16892803086867,-0.2098216172350495,0.8583898148066798,1.4536348322165606,-0.6679315195619742,0.3381570621749787,-2.388653151886704
33.0,199.0,999.9854125976562,-0.5829111423812021,0.5938417281242927,4.052967273692527,-1.168937990894396,-0.2098188783213892,0.8583862980719843,1.4536387175801018,-0.6679299581983047,0.3381527562499551,-2.3886556633371887
33.0,199.0,999.9854125976562,-0.5829098067737242,0.5938418869161852,4.052969926076772,-1.168932962879614,-0.2098200096625611,0.8583881816774657,1.4536382420763443,-0.6679309183147435,0.3381584980015013,-2.3886515618888686
33.0,199.0,999.9854125976562,-0.5829103778848639,0.5938422112375878,4.052969555587008,-1.1689317202119307,-0.2098178053476322,0.8583889493228556,1.4536322108663455,-0.6679313620737739,0.33815856587628,-2.388654943244448
33.0,199.0,999.9854125976562,-0.5829118325315878,0.59384640490447,4.052967050494216,-1.1689325379039062,-0.2098197125543865,0.858382201093356,1.4536331260337922,-0.6679299508821508,0.3381551993224949,-2.3886558237539064
33.0,199.0,999.9854125976562,-0.582910623671121,0.5938468418117644,4.052966727923948,-1.1689308335329516,-0.2098195639844329,0.8583868100677208,1.4536382508312071,-0.6679286617520228,0.3381589475138593,-2.3886497070908383
33.0,199.0,999.9854736328124,-0.5829131705692623,0.5938446931100403,4.052967470625422,-1.168936521862003,-0.2098168929607489,0.8583832583827427,1.453636761022448,-0.6679289803960016,0.3381547199746206,-2.388654511016397
33.0,199.0,999.9854125976562,-0.5829118836340133,0.5938498672774228,4.052970448674158,-1.168936906297866,-0.2098198975170184,0.8583785078401176,1.45364085488022,-0.6679286995677023,0.3381564304744353,-2.388653206682445
33.0,199.0,999.9854125976562,-0.5829087949499652,0.593845034287007,4.052970508118444,-1.168928547894443,-0.2098224476814145,0.8583875328920989,1.4536368905675996,-0.6679312072480235,0.3381572322704009,-2.38865210320905
33.0,199.0,999.9854125976562,-0.5829084092747854,0.5938428240466642,4.0529676298032165,-1.1689301752317238,-0.2098215715815623,0.8583872038411187,1.4536343144652184,-0.667930122129043,0.3381575164245607,-2.388652078505048
33.0,199.0,999.9854125976562,-0.5829095859804241,0.5938406331269919,4.052968176709722,-1.168931503145088,-0.2098209076946222,0.8583892540233515,1.4536378364109872,-0.6679300194485567,0.3381580775888668,-2.388651822241826
33.0,199.0,999.9854125976562,-0.5829091460442974,0.5938427161815163,4.052967983914659,-1.168932720350056,-0.2098206485035323,0.8583868792050344,1.4536381128011753,-0.6679303655655904,0.3381568038581397,-2.3886493022307667
33.0,199.0,999.9854125976562,-0.5829102950702261,0.5938428858825704,4.052967843380422,-1.1689345573594268,-0.2098205921430471,0.8583856818133491,1.453640637527366,-0.6679287680216106,0.338155448232774,-2.3886515656416583
33.0,199.0,999.9854736328124,-0.5829132984414827,0.5938489709740846,4.052970789807306,-1.1689431320605124,-0.2098171771984027,0.8583788437065039,1.4536445838197327,-0.6679304958069672,0.3381497692766686,-2.3886588798555053
33.0,199.0,999.9854125976562,-0.5829060123603016,0.593836560380093,4.052975365620428,-1.1689241200480105,-0.2098240630418342,0.8583930784502982,1.4536335827633824,-0.667932516673071,0.3381671997029043,-2.3886453038692568
33.0,199.0,999.9854125976562,-0.5829130777597538,0.5938459034936212,4.05296736459896,-1.1689350907835565,-0.2098175064283491,0.8583867499397568,1.4536367382243451,-0.6679312578242138,0.3381519127861487,-2.388658390783621
33.0,199.0,999.9854125976562,-0.5829096502875846,0.5938480877049717,4.052969470781729,-1.1689296632689905,-0.2098215599325366,0.858383474204917,1.453637234407954,-0.6679297083303197,0.3381598485675932,-2.388647974585024
33.0,199.0,999.9854736328124,-0.5829101283680114,0.5938423363521537,4.052960540582697,-1.1689345906917756,-0.2098177857015342,0.858389327678375,1.4536407086056204,-0.6679272886357959,0.3381500429679462,-2.388652960588268
33.0,199.0,999.9854125976562,-0.5829095379166924,0.5938397726318092,4.052970797904784,-1.1689298783720163,-0.2098216385974236,0.8583895757878643,1.4536353100896786,-0.6679303409240527,0.3381610256267029,-2.3886518878919483
33.0,199.0,999.9854125976562,-0.5829102996672404,0.5938429846851196,4.052965962505466,-1.168929693179205,-0.2098191325018907,0.8583894703774142,1.4536324541820091,-0.6679318446519016,0.3381524100688811,-2.388655679076128
33.0,199.0,999.9854125976562,-0.582909041073064,0.5938445933394902,4.052968789229926,-1.1689255048636489,-0.2098215543503538,0.8583868715352221,1.4536343138395118,-0.6679296269553987,0.3381631023521461,-2.3886459364569825
33.0,199.0,999.9854125976562,-0.5829079981854441,0.5938425890157886,4.052973456056153,-1.1689276399711497,-0.2098214250319978,0.858391003394015,1.4536369956328965,-0.6679333548877482,0.3381645668113116,-2.388645873925591
33.0,199.0,999.9854125976562,-0.5829084140763445,0.5938444865442216,4.05297108878584,-1.1689329074348676,-0.2098213018969499,0.8583852301539547,1.4536410024667887,-0.6679290052054352,0.3381607125347718,-2.388648647023889
33.0,199.0,999.9854125976562,-0.5829074859759968,0.5938408413543153,4.052968638928359,-1.168925908185832,-0.2098230076696214,0.8583912672834142,1.453634993209235,-0.6679324347880335,0.3381608337132249,-2.38864655182546
33.0,199.0,999.9854125976562,-0.5829115473700694,0.5938460139440576,4.052964850885889,-1.1689304439558108,-0.2098181028479713,0.8583879471064835,1.4536323913428353,-0.6679312727921927,0.3381554674145794,-2.388653491124757
33.0,199.0,999.9854125976562,-0.5829092241329645,0.5938400562597561,4.052970043100826,-1.1689299670784257,-0.2098208585628489,0.8583913745644365,1.4536382003045911,-0.6679327064800109,0.3381604247301695,-2.3886479785911208
33.0,200.0,999.9854125976562,-0.5829080301043197,0.5938441512901438,4.052970804960252,-1.1689270072208364,-0.2098229107810407,0.8583898767830913,1.4536378131821293,-0.667931716988269,0.3381640396235665,-2.388644091190637
33.0,200.0,999.9854125976562,-0.582910921723645,0.5938468438107751,4.052966354518876,-1.1689291290153667,-0.2098202126618344,0.8583835048482102,1.453632280737395,-0.6679292895314459,0.3381567170107979,-2.38865287793681
33.0,200.0,999.9854736328124,-0.5829062029904666,0.593836395699153,4.05297521198278,-1.1689233558286762,-0.2098249695370118,0.858397728953082,1.4536373324926135,-0.6679363998723336,0.3381654810396544,-2.388640778647529
33.0,200.0,999.9854736328124,-0.5829091291420498,0.5938388910109431,4.052967150645566,-1.1689261358208451,-0.2098195689170978,0.8583933887557249,1.4536333021051293,-0.6679328121856791,0.3381615336939569,-2.3886469840640108
33.0,200.0,999.9854125976562,-0.5829077021455049,0.5938421964434575,4.052971850597512,-1.1689311000567084,-0.2098226586127021,0.8583871230336735,1.45364161511141,-0.6679292513426649,0.3381610531502401,-2.388646284542853
33.0,200.0,999.9854125976562,-0.582909926206022,0.5938419474242105,4.052971420175801,-1.168932870690222,-0.2098210720918212,0.8583868850100913,1.453638483856321,-0.6679319996604036,0.3381580283910708,-2.388651744867325
33.0,200.0,999.9854736328124,-0.5829093102984935,0.5938401568646867,4.052971847942793,-1.1689321136429394,-0.2098221931961754,0.8583863450100884,1.4536405622367097,-0.6679298442439077,0.3381580547510046,-2.3886512453787203
33.0,200.0,999.9854736328124,-0.5829102107186133,0.5938450663850912,4.052964011930246,-1.1689338308235508,-0.2098190051254942,0.8583842931100971,1.4536381434228964,-0.6679286246445066,0.3381533882382284,-2.388653436662032
33.0,200.0,999.9854125976562,-0.5829092924358914,0.593841125737729,4.0529671244572505,-1.1689300210327196,-0.2098199465649806,0.8583923780187774,1.4536351596033086,-0.6679319210208412,0.3381551813859733,-2.3886527196902003
33.0,200.0,999.9854125976562,-0.5829096201509207,0.5938454267090378,4.05296790881671,-1.168928026857381,-0.2098199477678166,0.8583878847484936,1.4536299579781904,-0.6679311170747155,0.3381597506681357,-2.388650344920144
33.0,200.0,999.9854125976562,-0.5829115196642194,0.5938448183503571,4.05296804846466,-1.1689363929749534,-0.2098177083492975,0.8583836386790686,1.453637655776726,-0.6679287530701323,0.3381553541021622,-2.3886563076135663
33.0,200.0,999.9854125976562,-0.582908210720384,0.5938390242467362,4.052972765647283,-1.168931862945758,-0.2098214532051461,0.8583910098607266,1.4536384786628522,-0.667932401101357,0.3381581515151532,-2.388651526432724
33.0,200.0,999.9854736328124,-0.5829071982660743,0.5938449731229305,4.052969306157664,-1.168923804645459,-0.2098230645946781,0.85838952677181,1.4536342832907012,-0.6679330212206605,0.3381650500633002,-2.388643845778672
33.0,200.0,999.9854736328124,-0.5829095726843958,0.5938407385559428,4.052971954665734,-1.1689341525171448,-0.209820247370847,0.8583868209768948,1.4536418738817725,-0.6679298274476588,0.3381583928375686,-2.388650999240728
33.0,200.0,999.9854125976562,-0.5829100751635394,0.5938476280285112,4.0529673532464745,-1.1689307375966438,-0.2098200484741292,0.8583837688255445,1.453634020763812,-0.667930186750664,0.3381546992962994,-2.3886517699105085
33.0,200.0,999.9854125976562,-0.5829100681240824,0.5938456765182334,4.052969274383969,-1.1689332759884987,-0.2098209617938327,0.8583825058052259,1.4536375603755474,-0.6679303053496808,0.338157951095801,-2.3886492853262418
33.0,200.0,999.9854736328124,-0.5829137736605352,0.5938444058658412,4.052969872509909,-1.1689348985154933,-0.2098161165663512,0.858386272324454,1.4536341886582802,-0.6679319963189352,0.3381573117470147,-2.3886544254390083
33.0,200.0,999.9854125976562,-0.5829098110707651,0.5938424344959188,4.052967700342922,-1.1689340197207023,-0.2098209492703437,0.8583875615235144,1.4536415851907076,-0.6679289928054075,0.3381543218562779,-2.3886531144276835
33.0,200.0,999.9854125976562,-0.5829095912944267,0.5938460000806911,4.052968302634829,-1.1689292857165583,-0.2098203361913579,0.8583858282352903,1.453633626359112,-0.6679317933515616,0.3381569036183371,-2.388649908606848
33.0,200.0,999.9854125976562,-0.5829083286359023,0.5938429914468362,4.052969750829666,-1.1689276088161824,-0.209821789504347,0.8583877389542769,1.453635512111461,-0.6679292388258498,0.338161579608176,-2.3886467668245155
33.0,200.0,999.9854736328124,-0.582908315466339,0.5938364726323808,4.052966911526594,-1.1689218542862916,-0.2098219623189905,0.8583980305806707,1.4536316359405728,-0.6679333976108337,0.3381608434691507,-2.388647879782237
33.0,200.0,999.9854125976562,-0.5829087331506964,0.5938436902926645,4.052969387091823,-1.1689274507897056,-0.2098199292101972,0.8583898443253428,1.4536331330359609,-0.6679329909130951,0.3381574499636564,-2.388652233254627
33.0,200.0,999.9854125976562,-0.582907726887834,0.5938431441529355,4.052967908674907,-1.168925345477649,-0.2098221326248337,0.8583891147660596,1.4536340246089008,-0.667931358047336,0.3381620073938247,-2.3886463715820616
33.0,200.0,999.9854125976562,-0.5829076798980068,0.5938404117607945,4.05297051304596,-1.1689275600606424,-0.209821713372114,0.8583913031801487,1.453635672254431,-0.6679319112536026,0.3381615227801768,-2.3886457164473
33.0,200.0,999.9854125976562,-0.5829093460172396,0.5938416178402219,4.052967900981471,-1.16892803086867,-0.2098216172350495,0.8583898148066798,1.4536348322165606,-0.6679315195619742,0.3381570621749787,-2.388653151886704
33.0,200.0,999.9854125976562,-0.5829111423812021,0.5938417281242927,4.052967273692527,-1.168937990894396,-0.2098188783213892,0.8583862980719843,1.4536387175801018,-0.6679299581983047,0.3381527562499551,-2.3886556633371887
33.0,200.0,999.9854125976562,-0.5829098067737242,0.5938418869161852,4.052969926076772,-1.168932962879614,-0.2098200096625611,0.8583881816774657,1.4536382420763443,-0.6679309183147435,0.3381584980015013,-2.3886515618888686
33.0,200.0,999.9854125976562,-0.5829103778848639,0.5938422112375878,4.052969555587008,-1.1689317202119307,-0.2098178053476322,0.8583889493228556,1.4536322108663455,-0.6679313620737739,0.33815856587628,-2.388654943244448
33.0,200.0,999.9854125976562,-0.5829118325315878,0.59384640490447,4.052967050494216,-1.1689325379039062,-0.2098197125543865,0.858382201093356,1.4536331260337922,-0.6679299508821508,0.3381551993224949,-2.3886558237539064
33.0,200.0,999.9854125976562,-0.582910623671121,0.5938468418117644,4.052966727923948,-1.1689308335329516,-0.2098195639844329,0.8583868100677208,1.4536382508312071,-0.6679286617520228,0.3381589475138593,-2.3886497070908383
33.0,200.0,999.9854736328124,-0.5829131705692623,0.5938446931100403,4.052967470625422,-1.168936521862003,-0.2098168929607489,0.8583832583827427,1.453636761022448,-0.6679289803960016,0.3381547199746206,-2.388654511016397
33.0,200.0,999.9854125976562,-0.5829118836340133,0.5938498672774228,4.052970448674158,-1.168936906297866,-0.2098198975170184,0.8583785078401176,1.45364085488022,-0.6679286995677023,0.3381564304744353,-2.388653206682445
33.0,200.0,999.9854125976562,-0.5829087949499652,0.593845034287007,4.052970508118444,-1.168928547894443,-0.2098224476814145,0.8583875328920989,1.4536368905675996,-0.6679312072480235,0.3381572322704009,-2.38865210320905
33.0,200.0,999.9854125976562,-0.5829084092747854,0.5938428240466642,4.0529676298032165,-1.1689301752317238,-0.2098215715815623,0.8583872038411187,1.4536343144652184,-0.667930122129043,0.3381575164245607,-2.388652078505048
33.0,200.0,999.9854125976562,-0.5829095859804241,0.5938406331269919,4.052968176709722,-1.168931503145088,-0.2098209076946222,0.8583892540233515,1.4536378364109872,-0.6679300194485567,0.3381580775888668,-2.388651822241826
33.0,200.0,999.9854125976562,-0.5829091460442974,0.5938427161815163,4.052967983914659,-1.168932720350056,-0.2098206485035323,0.8583868792050344,1.4536381128011753,-0.6679303655655904,0.3381568038581397,-2.3886493022307667
33.0,200.0,999.9854125976562,-0.5829102950702261,0.5938428858825704,4.052967843380422,-1.1689345573594268,-0.2098205921430471,0.8583856818133491,1.453640637527366,-0.6679287680216106,0.338155448232774,-2.3886515656416583
33.0,200.0,999.9854736328124,-0.5829132984414827,0.5938489709740846,4.052970789807306,-1.1689431320605124,-0.2098171771984027,0.8583788437065039,1.4536445838197327,-0.6679304958069672,0.3381497692766686,-2.3886588798555053
33.0,200.0,999.9854125976562,-0.5829060123603016,0.593836560380093,4.052975365620428,-1.1689241200480105,-0.2098240630418342,0.8583930784502982,1.4536335827633824,-0.667932516673071,0.3381671997029043,-2.3886453038692568
33.0,200.0,999.9854125976562,-0.5829130777597538,0.5938459034936212,4.05296736459896,-1.1689350907835565,-0.2098175064283491,0.8583867499397568,1.4536367382243451,-0.6679312578242138,0.3381519127861487,-2.388658390783621
33.0,200.0,999.9854125976562,-0.5829096502875846,0.5938480877049717,4.052969470781729,-1.1689296632689905,-0.2098215599325366,0.858383474204917,1.453637234407954,-0.6679297083303197,0.3381598485675932,-2.388647974585024
33.0,200.0,999.9854736328124,-0.5829101283680114,0.5938423363521537,4.052960540582697,-1.1689345906917756,-0.2098177857015342,0.858389327678375,1.4536407086056204,-0.6679272886357959,0.3381500429679462,-2.388652960588268
33.0,200.0,999.9854125976562,-0.5829095379166924,0.5938397726318092,4.052970797904784,-1.1689298783720163,-0.2098216385974236,0.8583895757878643,1.4536353100896786,-0.6679303409240527,0.3381610256267029,-2.3886518878919483
33.0,200.0,999.9854125976562,-0.5829102996672404,0.5938429846851196,4.052965962505466,-1.168929693179205,-0.2098191325018907,0.8583894703774142,1.4536324541820091,-0.6679318446519016,0.3381524100688811,-2.388655679076128
33.0,200.0,999.9854125976562,-0.582909041073064,0.5938445933394902,4.052968789229926,-1.1689255048636489,-0.2098215543503538,0.8583868715352221,1.4536343138395118,-0.6679296269553987,0.3381631023521461,-2.3886459364569825
33.0,200.0,999.9854125976562,-0.5829079981854441,0.5938425890157886,4.052973456056153,-1.1689276399711497,-0.2098214250319978,0.858391003394015,1.4536369956328965,-0.6679333548877482,0.3381645668113116,-2.388645873925591
33.0,200.0,999.9854125976562,-0.5829084140763445,0.5938444865442216,4.05297108878584,-1.1689329074348676,-0.2098213018969499,0.8583852301539547,1.4536410024667887,-0.6679290052054352,0.3381607125347718,-2.388648647023889
33.0,200.0,999.9854125976562,-0.5829074859759968,0.5938408413543153,4.052968638928359,-1.168925908185832,-0.2098230076696214,0.8583912672834142,1.453634993209235,-0.6679324347880335,0.3381608337132249,-2.38864655182546
33.0,200.0,999.9854125976562,-0.5829115473700694,0.5938460139440576,4.052964850885889,-1.1689304439558108,-0.2098181028479713,0.8583879471064835,1.4536323913428353,-0.6679312727921927,0.3381554674145794,-2.388653491124757
33.0,200.0,999.9854125976562,-0.5829092241329645,0.5938400562597561,4.052970043100826,-1.1689299670784257,-0.2098208585628489,0.8583913745644365,1.4536382003045911,-0.6679327064800109,0.3381604247301695,-2.3886479785911208
33.0,201.0,999.9854125976562,-0.5829080301043197,0.5938441512901438,4.052970804960252,-1.1689270072208364,-0.2098229107810407,0.8583898767830913,1.4536378131821293,-0.667931716988269,0.3381640396235665,-2.388644091190637
33.0,201.0,999.9854125976562,-0.582910921723645,0.5938468438107751,4.052966354518876,-1.1689291290153667,-0.2098202126618344,0.8583835048482102,1.453632280737395,-0.6679292895314459,0.3381567170107979,-2.38865287793681
33.0,201.0,999.9854736328124,-0.5829062029904666,0.593836395699153,4.05297521198278,-1.1689233558286762,-0.2098249695370118,0.858397728953082,1.4536373324926135,-0.6679363998723336,0.3381654810396544,-2.388640778647529
33.0,201.0,999.9854736328124,-0.5829091291420498,0.5938388910109431,4.052967150645566,-1.1689261358208451,-0.2098195689170978,0.8583933887557249,1.4536333021051293,-0.6679328121856791,0.3381615336939569,-2.3886469840640108
33.0,201.0,999.9854125976562,-0.5829077021455049,0.5938421964434575,4.052971850597512,-1.1689311000567084,-0.2098226586127021,0.8583871230336735,1.45364161511141,-0.6679292513426649,0.3381610531502401,-2.388646284542853
33.0,201.0,999.9854125976562,-0.582909926206022,0.5938419474242105,4.052971420175801,-1.168932870690222,-0.2098210720918212,0.8583868850100913,1.453638483856321,-0.6679319996604036,0.3381580283910708,-2.388651744867325
33.0,201.0,999.9854736328124,-0.5829093102984935,0.5938401568646867,4.052971847942793,-1.1689321136429394,-0.2098221931961754,0.8583863450100884,1.4536405622367097,-0.6679298442439077,0.3381580547510046,-2.3886512453787203
33.0,201.0,999.9854736328124,-0.5829102107186133,0.5938450663850912,4.052964011930246,-1.1689338308235508,-0.2098190051254942,0.8583842931100971,1.4536381434228964,-0.6679286246445066,0.3381533882382284,-2.388653436662032
33.0,201.0,999.9854125976562,-0.5829092924358914,0.593841125737729,4.0529671244572505,-1.1689300210327196,-0.2098199465649806,0.8583923780187774,1.4536351596033086,-0.6679319210208412,0.3381551813859733,-2.3886527196902003
33.0,201.0,999.9854125976562,-0.5829096201509207,0.5938454267090378,4.05296790881671,-1.168928026857381,-0.2098199477678166,0.8583878847484936,1.4536299579781904,-0.6679311170747155,0.3381597506681357,-2.388650344920144
33.0,201.0,999.9854125976562,-0.5829115196642194,0.5938448183503571,4.05296804846466,-1.1689363929749534,-0.2098177083492975,0.8583836386790686,1.453637655776726,-0.6679287530701323,0.3381553541021622,-2.3886563076135663
33.0,201.0,999.9854125976562,-0.582908210720384,0.5938390242467362,4.052972765647283,-1.168931862945758,-0.2098214532051461,0.8583910098607266,1.4536384786628522,-0.667932401101357,0.3381581515151532,-2.388651526432724
33.0,201.0,999.9854736328124,-0.5829071982660743,0.5938449731229305,4.052969306157664,-1.168923804645459,-0.2098230645946781,0.85838952677181,1.4536342832907012,-0.6679330212206605,0.3381650500633002,-2.388643845778672
33.0,201.0,999.9854736328124,-0.5829095726843958,0.5938407385559428,4.052971954665734,-1.1689341525171448,-0.209820247370847,0.8583868209768948,1.4536418738817725,-0.6679298274476588,0.3381583928375686,-2.388650999240728
33.0,201.0,999.9854125976562,-0.5829100751635394,0.5938476280285112,4.0529673532464745,-1.1689307375966438,-0.2098200484741292,0.8583837688255445,1.453634020763812,-0.667930186750664,0.3381546992962994,-2.3886517699105085
33.0,201.0,999.9854125976562,-0.5829100681240824,0.5938456765182334,4.052969274383969,-1.1689332759884987,-0.2098209617938327,0.8583825058052259,1.4536375603755474,-0.6679303053496808,0.338157951095801,-2.3886492853262418
33.0,201.0,999.9854736328124,-0.5829137736605352,0.5938444058658412,4.052969872509909,-1.1689348985154933,-0.2098161165663512,0.858386272324454,1.4536341886582802,-0.6679319963189352,0.3381573117470147,-2.3886544254390083
33.0,201.0,999.9854125976562,-0.5829098110707651,0.5938424344959188,4.052967700342922,-1.1689340197207023,-0.2098209492703437,0.8583875615235144,1.4536415851907076,-0.6679289928054075,0.3381543218562779,-2.3886531144276835
33.0,201.0,999.9854125976562,-0.5829095912944267,0.5938460000806911,4.052968302634829,-1.1689292857165583,-0.2098203361913579,0.8583858282352903,1.453633626359112,-0.6679317933515616,0.3381569036183371,-2.388649908606848
33.0,201.0,999.9854125976562,-0.5829083286359023,0.5938429914468362,4.052969750829666,-1.1689276088161824,-0.209821789504347,0.8583877389542769,1.453635512111461,-0.6679292388258498,0.338161579608176,-2.3886467668245155
33.0,201.0,999.9854736328124,-0.582908315466339,0.5938364726323808,4.052966911526594,-1.1689218542862916,-0.2098219623189905,0.8583980305806707,1.4536316359405728,-0.6679333976108337,0.3381608434691507,-2.388647879782237
33.0,201.0,999.9854125976562,-0.5829087331506964,0.5938436902926645,4.052969387091823,-1.1689274507897056,-0.2098199292101972,0.8583898443253428,1.4536331330359609,-0.6679329909130951,0.3381574499636564,-2.388652233254627
33.0,201.0,999.9854125976562,-0.582907726887834,0.5938431441529355,4.052967908674907,-1.168925345477649,-0.2098221326248337,0.8583891147660596,1.4536340246089008,-0.667931358047336,0.3381620073938247,-2.3886463715820616
33.0,201.0,999.9854125976562,-0.5829076798980068,0.5938404117607945,4.05297051304596,-1.1689275600606424,-0.209821713372114,0.8583913031801487,1.453635672254431,-0.6679319112536026,0.3381615227801768,-2.3886457164473
33.0,201.0,999.9854125976562,-0.5829093460172396,0.5938416178402219,4.052967900981471,-1.16892803086867,-0.2098216172350495,0.8583898148066798,1.4536348322165606,-0.6679315195619742,0.3381570621749787,-2.388653151886704
33.0,201.0,999.9854125976562,-0.5829111423812021,0.5938417281242927,4.052967273692527,-1.168937990894396,-0.2098188783213892,0.8583862980719843,1.4536387175801018,-0.6679299581983047,0.3381527562499551,-2.3886556633371887
33.0,201.0,999.9854125976562,-0.5829098067737242,0.5938418869161852,4.052969926076772,-1.168932962879614,-0.2098200096625611,0.8583881816774657,1.4536382420763443,-0.6679309183147435,0.3381584980015013,-2.3886515618888686
33.0,201.0,999.9854125976562,-0.5829103778848639,0.5938422112375878,4.052969555587008,-1.1689317202119307,-0.2098178053476322,0.8583889493228556,1.4536322108663455,-0.6679313620737739,0.33815856587628,-2.388654943244448
33.0,201.0,999.9854125976562,-0.5829118325315878,0.59384640490447,4.052967050494216,-1.1689325379039062,-0.2098197125543865,0.858382201093356,1.4536331260337922,-0.6679299508821508,0.3381551993224949,-2.3886558237539064
33.0,201.0,999.9854125976562,-0.582910623671121,0.5938468418117644,4.052966727923948,-1.1689308335329516,-0.2098195639844329,0.8583868100677208,1.4536382508312071,-0.6679286617520228,0.3381589475138593,-2.3886497070908383
33.0,201.0,999.9854736328124,-0.5829131705692623,0.5938446931100403,4.052967470625422,-1.168936521862003,-0.2098168929607489,0.8583832583827427,1.453636761022448,-0.6679289803960016,0.3381547199746206,-2.388654511016397
33.0,201.0,999.9854125976562,-0.5829118836340133,0.5938498672774228,4.052970448674158,-1.168936906297866,-0.2098198975170184,0.8583785078401176,1.45364085488022,-0.6679286995677023,0.3381564304744353,-2.388653206682445
33.0,201.0,999.9854125976562,-0.5829087949499652,0.593845034287007,4.052970508118444,-1.168928547894443,-0.2098224476814145,0.8583875328920989,1.4536368905675996,-0.6679312072480235,0.3381572322704009,-2.38865210320905
33.0,201.0,999.9854125976562,-0.5829084092747854,0.5938428240466642,4.0529676298032165,-1.1689301752317238,-0.2098215715815623,0.8583872038411187,1.4536343144652184,-0.667930122129043,0.3381575164245607,-2.388652078505048
33.0,201.0,999.9854125976562,-0.5829095859804241,0.5938406331269919,4.052968176709722,-1.168931503145088,-0.2098209076946222,0.8583892540233515,1.4536378364109872,-0.6679300194485567,0.3381580775888668,-2.388651822241826
33.0,201.0,999.9854125976562,-0.5829091460442974,0.5938427161815163,4.052967983914659,-1.168932720350056,-0.2098206485035323,0.8583868792050344,1.4536381128011753,-0.6679303655655904,0.3381568038581397,-2.3886493022307667
33.0,201.0,999.9854125976562,-0.5829102950702261,0.5938428858825704,4.052967843380422,-1.1689345573594268,-0.2098205921430471,0.8583856818133491,1.453640637527366,-0.6679287680216106,0.338155448232774,-2.3886515656416583
33.0,201.0,999.9854736328124,-0.5829132984414827,0.5938489709740846,4.052970789807306,-1.1689431320605124,-0.2098171771984027,0.8583788437065039,1.4536445838197327,-0.6679304958069672,0.3381497692766686,-2.3886588798555053
33.0,201.0,999.9854125976562,-0.5829060123603016,0.593836560380093,4.052975365620428,-1.1689241200480105,-0.2098240630418342,0.8583930784502982,1.4536335827633824,-0.667932516673071,0.3381671997029043,-2.3886453038692568
33.0,201.0,999.9854125976562,-0.5829130777597538,0.5938459034936212,4.05296736459896,-1.1689350907835565,-0.2098175064283491,0.8583867499397568,1.4536367382243451,-0.6679312578242138,0.3381519127861487,-2.388658390783621
33.0,201.0,999.9854125976562,-0.5829096502875846,0.5938480877049717,4.052969470781729,-1.1689296632689905,-0.2098215599325366,0.858383474204917,1.453637234407954,-0.6679297083303197,0.3381598485675932,-2.388647974585024
33.0,201.0,999.9854736328124,-0.5829101283680114,0.5938423363521537,4.052960540582697,-1.1689345906917756,-0.2098177857015342,0.858389327678375,1.4536407086056204,-0.6679272886357959,0.3381500429679462,-2.388652960588268
33.0,201.0,999.9854125976562,-0.5829095379166924,0.5938397726318092,4.052970797904784,-1.1689298783720163,-0.2098216385974236,0.8583895757878643,1.4536353100896786,-0.6679303409240527,0.3381610256267029,-2.3886518878919483
33.0,201.0,999.9854125976562,-0.5829102996672404,0.5938429846851196,4.052965962505466,-1.168929693179205,-0.2098191325018907,0.8583894703774142,1.4536324541820091,-0.6679318446519016,0.3381524100688811,-2.388655679076128
33.0,201.0,999.9854125976562,-0.582909041073064,0.5938445933394902,4.052968789229926,-1.1689255048636489,-0.2098215543503538,0.8583868715352221,1.4536343138395118,-0.6679296269553987,0.3381631023521461,-2.3886459364569825
33.0,201.0,999.9854125976562,-0.5829079981854441,0.5938425890157886,4.052973456056153,-1.1689276399711497,-0.2098214250319978,0.858391003394015,1.4536369956328965,-0.6679333548877482,0.3381645668113116,-2.388645873925591
33.0,201.0,999.9854125976562,-0.5829084140763445,0.5938444865442216,4.05297108878584,-1.1689329074348676,-0.2098213018969499,0.8583852301539547,1.4536410024667887,-0.6679290052054352,0.3381607125347718,-2.388648647023889
33.0,201.0,999.9854125976562,-0.5829074859759968,0.5938408413543153,4.052968638928359,-1.168925908185832,-0.2098230076696214,0.8583912672834142,1.453634993209235,-0.6679324347880335,0.3381608337132249,-2.38864655182546
33.0,201.0,999.9854125976562,-0.5829115473700694,0.5938460139440576,4.052964850885889,-1.1689304439558108,-0.2098181028479713,0.8583879471064835,1.4536323913428353,-0.6679312727921927,0.3381554674145794,-2.388653491124757
33.0,201.0,999.9854125976562,-0.5829092241329645,0.5938400562597561,4.052970043100826,-1.1689299670784257,-0.2098208585628489,0.8583913745644365,1.4536382003045911,-0.6679327064800109,0.3381604247301695,-2.3886479785911208
33.0,202.0,999.9854125976562,-0.5829080301043197,0.5938441512901438,4.052970804960252,-1.1689270072208364,-0.2098229107810407,0.8583898767830913,1.4536378131821293,-0.667931716988269,0.3381640396235665,-2.388644091190637
33.0,202.0,999.9854125976562,-0.582910921723645,0.5938468438107751,4.052966354518876,-1.1689291290153667,-0.2098202126618344,0.8583835048482102,1.453632280737395,-0.6679292895314459,0.3381567170107979,-2.38865287793681
33.0,202.0,999.9854736328124,-0.5829062029904666,0.593836395699153,4.05297521198278,-1.1689233558286762,-0.2098249695370118,0.858397728953082,1.4536373324926135,-0.6679363998723336,0.3381654810396544,-2.388640778647529
33.0,202.0,999.9854736328124,-0.5829091291420498,0.5938388910109431,4.052967150645566,-1.1689261358208451,-0.2098195689170978,0.8583933887557249,1.4536333021051293,-0.6679328121856791,0.3381615336939569,-2.3886469840640108
33.0,202.0,999.9854125976562,-0.5829077021455049,0.5938421964434575,4.052971850597512,-1.1689311000567084,-0.2098226586127021,0.8583871230336735,1.45364161511141,-0.6679292513426649,0.3381610531502401,-2.388646284542853
33.0,202.0,999.9854125976562,-0.582909926206022,0.5938419474242105,4.052971420175801,-1.168932870690222,-0.2098210720918212,0.8583868850100913,1.453638483856321,-0.6679319996604036,0.3381580283910708,-2.388651744867325
33.0,202.0,999.9854736328124,-0.5829093102984935,0.5938401568646867,4.052971847942793,-1.1689321136429394,-0.2098221931961754,0.8583863450100884,1.4536405622367097,-0.6679298442439077,0.3381580547510046,-2.3886512453787203
33.0,202.0,999.9854736328124,-0.5829102107186133,0.5938450663850912,4.052964011930246,-1.1689338308235508,-0.2098190051254942,0.8583842931100971,1.4536381434228964,-0.6679286246445066,0.3381533882382284,-2.388653436662032
33.0,202.0,999.9854125976562,-0.5829092924358914,0.593841125737729,4.0529671244572505,-1.1689300210327196,-0.2098199465649806,0.8583923780187774,1.4536351596033086,-0.6679319210208412,0.3381551813859733,-2.3886527196902003
33.0,202.0,999.9854125976562,-0.5829096201509207,0.5938454267090378,4.05296790881671,-1.168928026857381,-0.2098199477678166,0.8583878847484936,1.4536299579781904,-0.6679311170747155,0.3381597506681357,-2.388650344920144
33.0,202.0,999.9854125976562,-0.5829115196642194,0.5938448183503571,4.05296804846466,-1.1689363929749534,-0.2098177083492975,0.8583836386790686,1.453637655776726,-0.6679287530701323,0.3381553541021622,-2.3886563076135663
33.0,202.0,999.9854125976562,-0.582908210720384,0.5938390242467362,4.052972765647283,-1.168931862945758,-0.2098214532051461,0.8583910098607266,1.4536384786628522,-0.667932401101357,0.3381581515151532,-2.388651526432724
33.0,202.0,999.9854736328124,-0.5829071982660743,0.5938449731229305,4.052969306157664,-1.168923804645459,-0.2098230645946781,0.85838952677181,1.4536342832907012,-0.6679330212206605,0.3381650500633002,-2.388643845778672
33.0,202.0,999.9854736328124,-0.5829095726843958,0.5938407385559428,4.052971954665734,-1.1689341525171448,-0.209820247370847,0.8583868209768948,1.4536418738817725,-0.6679298274476588,0.3381583928375686,-2.388650999240728
33.0,202.0,999.9854125976562,-0.5829100751635394,0.5938476280285112,4.0529673532464745,-1.1689307375966438,-0.2098200484741292,0.8583837688255445,1.453634020763812,-0.667930186750664,0.3381546992962994,-2.3886517699105085
33.0,202.0,999.9854125976562,-0.5829100681240824,0.5938456765182334,4.052969274383969,-1.1689332759884987,-0.2098209617938327,0.8583825058052259,1.4536375603755474,-0.6679303053496808,0.338157951095801,-2.3886492853262418
33.0,202.0,999.9854736328124,-0.5829137736605352,0.5938444058658412,4.052969872509909,-1.1689348985154933,-0.2098161165663512,0.858386272324454,1.4536341886582802,-0.6679319963189352,0.3381573117470147,-2.3886544254390083
33.0,202.0,999.9854125976562,-0.5829098110707651,0.5938424344959188,4.052967700342922,-1.1689340197207023,-0.2098209492703437,0.8583875615235144,1.4536415851907076,-0.6679289928054075,0.3381543218562779,-2.3886531144276835
33.0,202.0,999.9854125976562,-0.5829095912944267,0.5938460000806911,4.052968302634829,-1.1689292857165583,-0.2098203361913579,0.8583858282352903,1.453633626359112,-0.6679317933515616,0.3381569036183371,-2.388649908606848
33.0,202.0,999.9854125976562,-0.5829083286359023,0.5938429914468362,4.052969750829666,-1.1689276088161824,-0.209821789504347,0.8583877389542769,1.453635512111461,-0.6679292388258498,0.338161579608176,-2.3886467668245155
33.0,202.0,999.9854736328124,-0.582908315466339,0.5938364726323808,4.052966911526594,-1.1689218542862916,-0.2098219623189905,0.8583980305806707,1.4536316359405728,-0.6679333976108337,0.3381608434691507,-2.388647879782237
33.0,202.0,999.9854125976562,-0.5829087331506964,0.5938436902926645,4.052969387091823,-1.1689274507897056,-0.2098199292101972,0.8583898443253428,1.4536331330359609,-0.6679329909130951,0.3381574499636564,-2.388652233254627
33.0,202.0,999.9854125976562,-0.582907726887834,0.5938431441529355,4.052967908674907,-1.168925345477649,-0.2098221326248337,0.8583891147660596,1.4536340246089008,-0.667931358047336,0.3381620073938247,-2.3886463715820616
33.0,202.0,999.9854125976562,-0.5829076798980068,0.5938404117607945,4.05297051304596,-1.1689275600606424,-0.209821713372114,0.8583913031801487,1.453635672254431,-0.6679319112536026,0.3381615227801768,-2.3886457164473
33.0,202.0,999.9854125976562,-0.5829093460172396,0.5938416178402219,4.052967900981471,-1.16892803086867,-0.2098216172350495,0.8583898148066798,1.4536348322165606,-0.6679315195619742,0.3381570621749787,-2.388653151886704
33.0,202.0,999.9854125976562,-0.5829111423812021,0.5938417281242927,4.052967273692527,-1.168937990894396,-0.2098188783213892,0.8583862980719843,1.4536387175801018,-0.6679299581983047,0.3381527562499551,-2.3886556633371887
33.0,202.0,999.9854125976562,-0.5829098067737242,0.5938418869161852,4.052969926076772,-1.168932962879614,-0.2098200096625611,0.8583881816774657,1.4536382420763443,-0.6679309183147435,0.3381584980015013,-2.3886515618888686
33.0,202.0,999.9854125976562,-0.5829103778848639,0.5938422112375878,4.052969555587008,-1.1689317202119307,-0.2098178053476322,0.8583889493228556,1.4536322108663455,-0.6679313620737739,0.33815856587628,-2.388654943244448
33.0,202.0,999.9854125976562,-0.5829118325315878,0.59384640490447,4.052967050494216,-1.1689325379039062,-0.2098197125543865,0.858382201093356,1.4536331260337922,-0.6679299508821508,0.3381551993224949,-2.3886558237539064
33.0,202.0,999.9854125976562,-0.582910623671121,0.5938468418117644,4.052966727923948,-1.1689308335329516,-0.2098195639844329,0.8583868100677208,1.4536382508312071,-0.6679286617520228,0.3381589475138593,-2.3886497070908383
33.0,202.0,999.9854736328124,-0.5829131705692623,0.5938446931100403,4.052967470625422,-1.168936521862003,-0.2098168929607489,0.8583832583827427,1.453636761022448,-0.6679289803960016,0.3381547199746206,-2.388654511016397
33.0,202.0,999.9854125976562,-0.5829118836340133,0.5938498672774228,4.052970448674158,-1.168936906297866,-0.2098198975170184,0.8583785078401176,1.45364085488022,-0.6679286995677023,0.3381564304744353,-2.388653206682445
33.0,202.0,999.9854125976562,-0.5829087949499652,0.593845034287007,4.052970508118444,-1.168928547894443,-0.2098224476814145,0.8583875328920989,1.4536368905675996,-0.6679312072480235,0.3381572322704009,-2.38865210320905
33.0,202.0,999.9854125976562,-0.5829084092747854,0.5938428240466642,4.0529676298032165,-1.1689301752317238,-0.2098215715815623,0.8583872038411187,1.4536343144652184,-0.667930122129043,0.3381575164245607,-2.388652078505048
33.0,202.0,999.9854125976562,-0.5829095859804241,0.5938406331269919,4.052968176709722,-1.168931503145088,-0.2098209076946222,0.8583892540233515,1.4536378364109872,-0.6679300194485567,0.3381580775888668,-2.388651822241826
33.0,202.0,999.9854125976562,-0.5829091460442974,0.5938427161815163,4.052967983914659,-1.168932720350056,-0.2098206485035323,0.8583868792050344,1.4536381128011753,-0.6679303655655904,0.3381568038581397,-2.3886493022307667
33.0,202.0,999.9854125976562,-0.5829102950702261,0.5938428858825704,4.052967843380422,-1.1689345573594268,-0.2098205921430471,0.8583856818133491,1.453640637527366,-0.6679287680216106,0.338155448232774,-2.3886515656416583
33.0,202.0,999.9854736328124,-0.5829132984414827,0.5938489709740846,4.052970789807306,-1.1689431320605124,-0.2098171771984027,0.8583788437065039,1.4536445838197327,-0.6679304958069672,0.3381497692766686,-2.3886588798555053
33.0,202.0,999.9854125976562,-0.5829060123603016,0.593836560380093,4.052975365620428,-1.1689241200480105,-0.2098240630418342,0.8583930784502982,1.4536335827633824,-0.667932516673071,0.3381671997029043,-2.3886453038692568
33.0,202.0,999.9854125976562,-0.5829130777597538,0.5938459034936212,4.05296736459896,-1.1689350907835565,-0.2098175064283491,0.8583867499397568,1.4536367382243451,-0.6679312578242138,0.3381519127861487,-2.388658390783621
33.0,202.0,999.9854125976562,-0.5829096502875846,0.5938480877049717,4.052969470781729,-1.1689296632689905,-0.2098215599325366,0.858383474204917,1.453637234407954,-0.6679297083303197,0.3381598485675932,-2.388647974585024
33.0,202.0,999.9854736328124,-0.5829101283680114,0.5938423363521537,4.052960540582697,-1.1689345906917756,-0.2098177857015342,0.858389327678375,1.4536407086056204,-0.6679272886357959,0.3381500429679462,-2.388652960588268
33.0,202.0,999.9854125976562,-0.5829095379166924,0.5938397726318092,4.052970797904784,-1.1689298783720163,-0.2098216385974236,0.8583895757878643,1.4536353100896786,-0.6679303409240527,0.3381610256267029,-2.3886518878919483
33.0,202.0,999.9854125976562,-0.5829102996672404,0.5938429846851196,4.052965962505466,-1.168929693179205,-0.2098191325018907,0.8583894703774142,1.4536324541820091,-0.6679318446519016,0.3381524100688811,-2.388655679076128
33.0,202.0,999.9854125976562,-0.582909041073064,0.5938445933394902,4.052968789229926,-1.1689255048636489,-0.2098215543503538,0.8583868715352221,1.4536343138395118,-0.6679296269553987,0.3381631023521461,-2.3886459364569825
33.0,202.0,999.9854125976562,-0.5829079981854441,0.5938425890157886,4.052973456056153,-1.1689276399711497,-0.2098214250319978,0.858391003394015,1.4536369956328965,-0.6679333548877482,0.3381645668113116,-2.388645873925591
33.0,202.0,999.9854125976562,-0.5829084140763445,0.5938444865442216,4.05297108878584,-1.1689329074348676,-0.2098213018969499,0.8583852301539547,1.4536410024667887,-0.6679290052054352,0.3381607125347718,-2.388648647023889
33.0,202.0,999.9854125976562,-0.5829074859759968,0.5938408413543153,4.052968638928359,-1.168925908185832,-0.2098230076696214,0.8583912672834142,1.453634993209235,-0.6679324347880335,0.3381608337132249,-2.38864655182546
33.0,202.0,999.9854125976562,-0.5829115473700694,0.5938460139440576,4.052964850885889,-1.1689304439558108,-0.2098181028479713,0.8583879471064835,1.4536323913428353,-0.6679312727921927,0.3381554674145794,-2.388653491124757
33.0,202.0,999.9854125976562,-0.5829092241329645,0.5938400562597561,4.052970043100826,-1.1689299670784257,-0.2098208585628489,0.8583913745644365,1.4536382003045911,-0.6679327064800109,0.3381604247301695,-2.3886479785911208
33.0,203.0,999.9854125976562,-0.5829080301043197,0.5938441512901438,4.052970804960252,-1.1689270072208364,-0.2098229107810407,0.8583898767830913,1.4536378131821293,-0.667931716988269,0.3381640396235665,-2.388644091190637
33.0,203.0,999.9854125976562,-0.582910921723645,0.5938468438107751,4.052966354518876,-1.1689291290153667,-0.2098202126618344,0.8583835048482102,1.453632280737395,-0.6679292895314459,0.3381567170107979,-2.38865287793681
33.0,203.0,999.9854736328124,-0.5829062029904666,0.593836395699153,4.05297521198278,-1.1689233558286762,-0.2098249695370118,0.858397728953082,1.4536373324926135,-0.6679363998723336,0.3381654810396544,-2.388640778647529
33.0,203.0,999.9854736328124,-0.5829091291420498,0.5938388910109431,4.052967150645566,-1.1689261358208451,-0.2098195689170978,0.8583933887557249,1.4536333021051293,-0.6679328121856791,0.3381615336939569,-2.3886469840640108
33.0,203.0,999.9854125976562,-0.5829077021455049,0.5938421964434575,4.052971850597512,-1.1689311000567084,-0.2098226586127021,0.8583871230336735,1.45364161511141,-0.6679292513426649,0.3381610531502401,-2.388646284542853
33.0,203.0,999.9854125976562,-0.582909926206022,0.5938419474242105,4.052971420175801,-1.168932870690222,-0.2098210720918212,0.8583868850100913,1.453638483856321,-0.6679319996604036,0.3381580283910708,-2.388651744867325
33.0,203.0,999.9854736328124,-0.5829093102984935,0.5938401568646867,4.052971847942793,-1.1689321136429394,-0.2098221931961754,0.8583863450100884,1.4536405622367097,-0.6679298442439077,0.3381580547510046,-2.3886512453787203
33.0,203.0,999.9854736328124,-0.5829102107186133,0.5938450663850912,4.052964011930246,-1.1689338308235508,-0.2098190051254942,0.8583842931100971,1.4536381434228964,-0.6679286246445066,0.3381533882382284,-2.388653436662032
33.0,203.0,999.9854125976562,-0.5829092924358914,0.593841125737729,4.0529671244572505,-1.1689300210327196,-0.2098199465649806,0.8583923780187774,1.4536351596033086,-0.6679319210208412,0.3381551813859733,-2.3886527196902003
33.0,203.0,999.9854125976562,-0.5829096201509207,0.5938454267090378,4.05296790881671,-1.168928026857381,-0.2098199477678166,0.8583878847484936,1.4536299579781904,-0.6679311170747155,0.3381597506681357,-2.388650344920144
33.0,203.0,999.9854125976562,-0.5829115196642194,0.5938448183503571,4.05296804846466,-1.1689363929749534,-0.2098177083492975,0.8583836386790686,1.453637655776726,-0.6679287530701323,0.3381553541021622,-2.3886563076135663
33.0,203.0,999.9854125976562,-0.582908210720384,0.5938390242467362,4.052972765647283,-1.168931862945758,-0.2098214532051461,0.8583910098607266,1.4536384786628522,-0.667932401101357,0.3381581515151532,-2.388651526432724
33.0,203.0,999.9854736328124,-0.5829071982660743,0.5938449731229305,4.052969306157664,-1.168923804645459,-0.2098230645946781,0.85838952677181,1.4536342832907012,-0.6679330212206605,0.3381650500633002,-2.388643845778672
33.0,203.0,999.9854736328124,-0.5829095726843958,0.5938407385559428,4.052971954665734,-1.1689341525171448,-0.209820247370847,0.8583868209768948,1.4536418738817725,-0.6679298274476588,0.3381583928375686,-2.388650999240728
33.0,203.0,999.9854125976562,-0.5829100751635394,0.5938476280285112,4.0529673532464745,-1.1689307375966438,-0.2098200484741292,0.8583837688255445,1.453634020763812,-0.667930186750664,0.3381546992962994,-2.3886517699105085
33.0,203.0,999.9854125976562,-0.5829100681240824,0.5938456765182334,4.052969274383969,-1.1689332759884987,-0.2098209617938327,0.8583825058052259,1.4536375603755474,-0.6679303053496808,0.338157951095801,-2.3886492853262418
33.0,203.0,999.9854736328124,-0.5829137736605352,0.5938444058658412,4.052969872509909,-1.1689348985154933,-0.2098161165663512,0.858386272324454,1.4536341886582802,-0.6679319963189352,0.3381573117470147,-2.3886544254390083
33.0,203.0,999.9854125976562,-0.5829098110707651,0.5938424344959188,4.052967700342922,-1.1689340197207023,-0.2098209492703437,0.8583875615235144,1.4536415851907076,-0.6679289928054075,0.3381543218562779,-2.3886531144276835
33.0,203.0,999.9854125976562,-0.5829095912944267,0.5938460000806911,4.052968302634829,-1.1689292857165583,-0.2098203361913579,0.8583858282352903,1.453633626359112,-0.6679317933515616,0.3381569036183371,-2.388649908606848
33.0,203.0,999.9854125976562,-0.5829083286359023,0.5938429914468362,4.052969750829666,-1.1689276088161824,-0.209821789504347,0.8583877389542769,1.453635512111461,-0.6679292388258498,0.338161579608176,-2.3886467668245155
33.0,203.0,999.9854736328124,-0.582908315466339,0.5938364726323808,4.052966911526594,-1.1689218542862916,-0.2098219623189905,0.8583980305806707,1.4536316359405728,-0.6679333976108337,0.3381608434691507,-2.388647879782237
33.0,203.0,999.9854125976562,-0.5829087331506964,0.5938436902926645,4.052969387091823,-1.1689274507897056,-0.2098199292101972,0.8583898443253428,1.4536331330359609,-0.6679329909130951,0.3381574499636564,-2.388652233254627
33.0,203.0,999.9854125976562,-0.582907726887834,0.5938431441529355,4.052967908674907,-1.168925345477649,-0.2098221326248337,0.8583891147660596,1.4536340246089008,-0.667931358047336,0.3381620073938247,-2.3886463715820616
33.0,203.0,999.9854125976562,-0.5829076798980068,0.5938404117607945,4.05297051304596,-1.1689275600606424,-0.209821713372114,0.8583913031801487,1.453635672254431,-0.6679319112536026,0.3381615227801768,-2.3886457164473
33.0,203.0,999.9854125976562,-0.5829093460172396,0.5938416178402219,4.052967900981471,-1.16892803086867,-0.2098216172350495,0.8583898148066798,1.4536348322165606,-0.6679315195619742,0.3381570621749787,-2.388653151886704
33.0,203.0,999.9854125976562,-0.5829111423812021,0.5938417281242927,4.052967273692527,-1.168937990894396,-0.2098188783213892,0.8583862980719843,1.4536387175801018,-0.6679299581983047,0.3381527562499551,-2.3886556633371887
33.0,203.0,999.9854125976562,-0.5829098067737242,0.5938418869161852,4.052969926076772,-1.168932962879614,-0.2098200096625611,0.8583881816774657,1.4536382420763443,-0.6679309183147435,0.3381584980015013,-2.3886515618888686
33.0,203.0,999.9854125976562,-0.5829103778848639,0.5938422112375878,4.052969555587008,-1.1689317202119307,-0.2098178053476322,0.8583889493228556,1.4536322108663455,-0.6679313620737739,0.33815856587628,-2.388654943244448
33.0,203.0,999.9854125976562,-0.5829118325315878,0.59384640490447,4.052967050494216,-1.1689325379039062,-0.2098197125543865,0.858382201093356,1.4536331260337922,-0.6679299508821508,0.3381551993224949,-2.3886558237539064
33.0,203.0,999.9854125976562,-0.582910623671121,0.5938468418117644,4.052966727923948,-1.1689308335329516,-0.2098195639844329,0.8583868100677208,1.4536382508312071,-0.6679286617520228,0.3381589475138593,-2.3886497070908383
33.0,203.0,999.9854736328124,-0.5829131705692623,0.5938446931100403,4.052967470625422,-1.168936521862003,-0.2098168929607489,0.8583832583827427,1.453636761022448,-0.6679289803960016,0.3381547199746206,-2.388654511016397
33.0,203.0,999.9854125976562,-0.5829118836340133,0.5938498672774228,4.052970448674158,-1.168936906297866,-0.2098198975170184,0.8583785078401176,1.45364085488022,-0.6679286995677023,0.3381564304744353,-2.388653206682445
33.0,203.0,999.9854125976562,-0.5829087949499652,0.593845034287007,4.052970508118444,-1.168928547894443,-0.2098224476814145,0.8583875328920989,1.4536368905675996,-0.6679312072480235,0.3381572322704009,-2.38865210320905
33.0,203.0,999.9854125976562,-0.5829084092747854,0.5938428240466642,4.0529676298032165,-1.1689301752317238,-0.2098215715815623,0.8583872038411187,1.4536343144652184,-0.667930122129043,0.3381575164245607,-2.388652078505048
33.0,203.0,999.9854125976562,-0.5829095859804241,0.5938406331269919,4.052968176709722,-1.168931503145088,-0.2098209076946222,0.8583892540233515,1.4536378364109872,-0.6679300194485567,0.3381580775888668,-2.388651822241826
33.0,203.0,999.9854125976562,-0.5829091460442974,0.5938427161815163,4.052967983914659,-1.168932720350056,-0.2098206485035323,0.8583868792050344,1.4536381128011753,-0.6679303655655904,0.3381568038581397,-2.3886493022307667
33.0,203.0,999.9854125976562,-0.5829102950702261,0.5938428858825704,4.052967843380422,-1.1689345573594268,-0.2098205921430471,0.8583856818133491,1.453640637527366,-0.6679287680216106,0.338155448232774,-2.3886515656416583
33.0,203.0,999.9854736328124,-0.5829132984414827,0.5938489709740846,4.052970789807306,-1.1689431320605124,-0.2098171771984027,0.8583788437065039,1.4536445838197327,-0.6679304958069672,0.3381497692766686,-2.3886588798555053
33.0,203.0,999.9854125976562,-0.5829060123603016,0.593836560380093,4.052975365620428,-1.1689241200480105,-0.2098240630418342,0.8583930784502982,1.4536335827633824,-0.667932516673071,0.3381671997029043,-2.3886453038692568
33.0,203.0,999.9854125976562,-0.5829130777597538,0.5938459034936212,4.05296736459896,-1.1689350907835565,-0.2098175064283491,0.8583867499397568,1.4536367382243451,-0.6679312578242138,0.3381519127861487,-2.388658390783621
33.0,203.0,999.9854125976562,-0.5829096502875846,0.5938480877049717,4.052969470781729,-1.1689296632689905,-0.2098215599325366,0.858383474204917,1.453637234407954,-0.6679297083303197,0.3381598485675932,-2.388647974585024
33.0,203.0,999.9854736328124,-0.5829101283680114,0.5938423363521537,4.052960540582697,-1.1689345906917756,-0.2098177857015342,0.858389327678375,1.4536407086056204,-0.6679272886357959,0.3381500429679462,-2.388652960588268
33.0,203.0,999.9854125976562,-0.5829095379166924,0.5938397726318092,4.052970797904784,-1.1689298783720163,-0.2098216385974236,0.8583895757878643,1.4536353100896786,-0.6679303409240527,0.3381610256267029,-2.3886518878919483
33.0,203.0,999.9854125976562,-0.5829102996672404,0.5938429846851196,4.052965962505466,-1.168929693179205,-0.2098191325018907,0.8583894703774142,1.4536324541820091,-0.6679318446519016,0.3381524100688811,-2.388655679076128
33.0,203.0,999.9854125976562,-0.582909041073064,0.5938445933394902,4.052968789229926,-1.1689255048636489,-0.2098215543503538,0.8583868715352221,1.4536343138395118,-0.6679296269553987,0.3381631023521461,-2.3886459364569825
33.0,203.0,999.9854125976562,-0.5829079981854441,0.5938425890157886,4.052973456056153,-1.1689276399711497,-0.2098214250319978,0.858391003394015,1.4536369956328965,-0.6679333548877482,0.3381645668113116,-2.388645873925591
33.0,203.0,999.9854125976562,-0.5829084140763445,0.5938444865442216,4.05297108878584,-1.1689329074348676,-0.2098213018969499,0.8583852301539547,1.4536410024667887,-0.6679290052054352,0.3381607125347718,-2.388648647023889
33.0,203.0,999.9854125976562,-0.5829074859759968,0.5938408413543153,4.052968638928359,-1.168925908185832,-0.2098230076696214,0.8583912672834142,1.453634993209235,-0.6679324347880335,0.3381608337132249,-2.38864655182546
33.0,203.0,999.9854125976562,-0.5829115473700694,0.5938460139440576,4.052964850885889,-1.1689304439558108,-0.2098181028479713,0.8583879471064835,1.4536323913428353,-0.6679312727921927,0.3381554674145794,-2.388653491124757
33.0,203.0,999.9854125976562,-0.5829092241329645,0.5938400562597561,4.052970043100826,-1.1689299670784257,-0.2098208585628489,0.8583913745644365,1.4536382003045911,-0.6679327064800109,0.3381604247301695,-2.3886479785911208
33.0,204.0,999.9854125976562,-0.5829080301043197,0.5938441512901438,4.052970804960252,-1.1689270072208364,-0.2098229107810407,0.8583898767830913,1.4536378131821293,-0.667931716988269,0.3381640396235665,-2.388644091190637
33.0,204.0,999.9854125976562,-0.582910921723645,0.5938468438107751,4.052966354518876,-1.1689291290153667,-0.2098202126618344,0.8583835048482102,1.453632280737395,-0.6679292895314459,0.3381567170107979,-2.38865287793681
33.0,204.0,999.9854736328124,-0.5829062029904666,0.593836395699153,4.05297521198278,-1.1689233558286762,-0.2098249695370118,0.858397728953082,1.4536373324926135,-0.6679363998723336,0.3381654810396544,-2.388640778647529
33.0,204.0,999.9854736328124,-0.5829091291420498,0.5938388910109431,4.052967150645566,-1.1689261358208451,-0.2098195689170978,0.8583933887557249,1.4536333021051293,-0.6679328121856791,0.3381615336939569,-2.3886469840640108
33.0,204.0,999.9854125976562,-0.5829077021455049,0.5938421964434575,4.052971850597512,-1.1689311000567084,-0.2098226586127021,0.8583871230336735,1.45364161511141,-0.6679292513426649,0.3381610531502401,-2.388646284542853
33.0,204.0,999.9854125976562,-0.582909926206022,0.5938419474242105,4.052971420175801,-1.168932870690222,-0.2098210720918212,0.8583868850100913,1.453638483856321,-0.6679319996604036,0.3381580283910708,-2.388651744867325
33.0,204.0,999.9854736328124,-0.5829093102984935,0.5938401568646867,4.052971847942793,-1.1689321136429394,-0.2098221931961754,0.8583863450100884,1.4536405622367097,-0.6679298442439077,0.3381580547510046,-2.3886512453787203
33.0,204.0,999.9854736328124,-0.5829102107186133,0.5938450663850912,4.052964011930246,-1.1689338308235508,-0.2098190051254942,0.8583842931100971,1.4536381434228964,-0.6679286246445066,0.3381533882382284,-2.388653436662032
33.0,204.0,999.9854125976562,-0.5829092924358914,0.593841125737729,4.0529671244572505,-1.1689300210327196,-0.2098199465649806,0.8583923780187774,1.4536351596033086,-0.6679319210208412,0.3381551813859733,-2.3886527196902003
33.0,204.0,999.9854125976562,-0.5829096201509207,0.5938454267090378,4.05296790881671,-1.168928026857381,-0.2098199477678166,0.8583878847484936,1.4536299579781904,-0.6679311170747155,0.3381597506681357,-2.388650344920144
33.0,204.0,999.9854125976562,-0.5829115196642194,0.5938448183503571,4.05296804846466,-1.1689363929749534,-0.2098177083492975,0.8583836386790686,1.453637655776726,-0.6679287530701323,0.3381553541021622,-2.3886563076135663
33.0,204.0,999.9854125976562,-0.582908210720384,0.5938390242467362,4.052972765647283,-1.168931862945758,-0.2098214532051461,0.8583910098607266,1.4536384786628522,-0.667932401101357,0.3381581515151532,-2.388651526432724
33.0,204.0,999.9854736328124,-0.5829071982660743,0.5938449731229305,4.052969306157664,-1.168923804645459,-0.2098230645946781,0.85838952677181,1.4536342832907012,-0.6679330212206605,0.3381650500633002,-2.388643845778672
33.0,204.0,999.9854736328124,-0.5829095726843958,0.5938407385559428,4.052971954665734,-1.1689341525171448,-0.209820247370847,0.8583868209768948,1.4536418738817725,-0.6679298274476588,0.3381583928375686,-2.388650999240728
33.0,204.0,999.9854125976562,-0.5829100751635394,0.5938476280285112,4.0529673532464745,-1.1689307375966438,-0.2098200484741292,0.8583837688255445,1.453634020763812,-0.667930186750664,0.3381546992962994,-2.3886517699105085
33.0,204.0,999.9854125976562,-0.5829100681240824,0.5938456765182334,4.052969274383969,-1.1689332759884987,-0.2098209617938327,0.8583825058052259,1.4536375603755474,-0.6679303053496808,0.338157951095801,-2.3886492853262418
33.0,204.0,999.9854736328124,-0.5829137736605352,0.5938444058658412,4.052969872509909,-1.1689348985154933,-0.2098161165663512,0.858386272324454,1.4536341886582802,-0.6679319963189352,0.3381573117470147,-2.3886544254390083
33.0,204.0,999.9854125976562,-0.5829098110707651,0.5938424344959188,4.052967700342922,-1.1689340197207023,-0.2098209492703437,0.8583875615235144,1.4536415851907076,-0.6679289928054075,0.3381543218562779,-2.3886531144276835
33.0,204.0,999.9854125976562,-0.5829095912944267,0.5938460000806911,4.052968302634829,-1.1689292857165583,-0.2098203361913579,0.8583858282352903,1.453633626359112,-0.6679317933515616,0.3381569036183371,-2.388649908606848
33.0,204.0,999.9854125976562,-0.5829083286359023,0.5938429914468362,4.052969750829666,-1.1689276088161824,-0.209821789504347,0.8583877389542769,1.453635512111461,-0.6679292388258498,0.338161579608176,-2.3886467668245155
33.0,204.0,999.9854736328124,-0.582908315466339,0.5938364726323808,4.052966911526594,-1.1689218542862916,-0.2098219623189905,0.8583980305806707,1.4536316359405728,-0.6679333976108337,0.3381608434691507,-2.388647879782237
33.0,204.0,999.9854125976562,-0.5829087331506964,0.5938436902926645,4.052969387091823,-1.1689274507897056,-0.2098199292101972,0.8583898443253428,1.4536331330359609,-0.6679329909130951,0.3381574499636564,-2.388652233254627
33.0,204.0,999.9854125976562,-0.582907726887834,0.5938431441529355,4.052967908674907,-1.168925345477649,-0.2098221326248337,0.8583891147660596,1.4536340246089008,-0.667931358047336,0.3381620073938247,-2.3886463715820616
33.0,204.0,999.9854125976562,-0.5829076798980068,0.5938404117607945,4.05297051304596,-1.1689275600606424,-0.209821713372114,0.8583913031801487,1.453635672254431,-0.6679319112536026,0.3381615227801768,-2.3886457164473
33.0,204.0,999.9854125976562,-0.5829093460172396,0.5938416178402219,4.052967900981471,-1.16892803086867,-0.2098216172350495,0.8583898148066798,1.4536348322165606,-0.6679315195619742,0.3381570621749787,-2.388653151886704
33.0,204.0,999.9854125976562,-0.5829111423812021,0.5938417281242927,4.052967273692527,-1.168937990894396,-0.2098188783213892,0.8583862980719843,1.4536387175801018,-0.6679299581983047,0.3381527562499551,-2.3886556633371887
33.0,204.0,999.9854125976562,-0.5829098067737242,0.5938418869161852,4.052969926076772,-1.168932962879614,-0.2098200096625611,0.8583881816774657,1.4536382420763443,-0.6679309183147435,0.3381584980015013,-2.3886515618888686
33.0,204.0,999.9854125976562,-0.5829103778848639,0.5938422112375878,4.052969555587008,-1.1689317202119307,-0.2098178053476322,0.8583889493228556,1.4536322108663455,-0.6679313620737739,0.33815856587628,-2.388654943244448
33.0,204.0,999.9854125976562,-0.5829118325315878,0.59384640490447,4.052967050494216,-1.1689325379039062,-0.2098197125543865,0.858382201093356,1.4536331260337922,-0.6679299508821508,0.3381551993224949,-2.3886558237539064
33.0,204.0,999.9854125976562,-0.582910623671121,0.5938468418117644,4.052966727923948,-1.1689308335329516,-0.2098195639844329,0.8583868100677208,1.4536382508312071,-0.6679286617520228,0.3381589475138593,-2.3886497070908383
33.0,204.0,999.9854736328124,-0.5829131705692623,0.5938446931100403,4.052967470625422,-1.168936521862003,-0.2098168929607489,0.8583832583827427,1.453636761022448,-0.6679289803960016,0.3381547199746206,-2.388654511016397
33.0,204.0,999.9854125976562,-0.5829118836340133,0.5938498672774228,4.052970448674158,-1.168936906297866,-0.2098198975170184,0.8583785078401176,1.45364085488022,-0.6679286995677023,0.3381564304744353,-2.388653206682445
33.0,204.0,999.9854125976562,-0.5829087949499652,0.593845034287007,4.052970508118444,-1.168928547894443,-0.2098224476814145,0.8583875328920989,1.4536368905675996,-0.6679312072480235,0.3381572322704009,-2.38865210320905
33.0,204.0,999.9854125976562,-0.5829084092747854,0.5938428240466642,4.0529676298032165,-1.1689301752317238,-0.2098215715815623,0.8583872038411187,1.4536343144652184,-0.667930122129043,0.3381575164245607,-2.388652078505048
33.0,204.0,999.9854125976562,-0.5829095859804241,0.5938406331269919,4.052968176709722,-1.168931503145088,-0.2098209076946222,0.8583892540233515,1.4536378364109872,-0.6679300194485567,0.3381580775888668,-2.388651822241826
33.0,204.0,999.9854125976562,-0.5829091460442974,0.5938427161815163,4.052967983914659,-1.168932720350056,-0.2098206485035323,0.8583868792050344,1.4536381128011753,-0.6679303655655904,0.3381568038581397,-2.3886493022307667
33.0,204.0,999.9854125976562,-0.5829102950702261,0.5938428858825704,4.052967843380422,-1.1689345573594268,-0.2098205921430471,0.8583856818133491,1.453640637527366,-0.6679287680216106,0.338155448232774,-2.3886515656416583
33.0,204.0,999.9854736328124,-0.5829132984414827,0.5938489709740846,4.052970789807306,-1.1689431320605124,-0.2098171771984027,0.8583788437065039,1.4536445838197327,-0.6679304958069672,0.3381497692766686,-2.3886588798555053
33.0,204.0,999.9854125976562,-0.5829060123603016,0.593836560380093,4.052975365620428,-1.1689241200480105,-0.2098240630418342,0.8583930784502982,1.4536335827633824,-0.667932516673071,0.3381671997029043,-2.3886453038692568
33.0,204.0,999.9854125976562,-0.5829130777597538,0.5938459034936212,4.05296736459896,-1.1689350907835565,-0.2098175064283491,0.8583867499397568,1.4536367382243451,-0.6679312578242138,0.3381519127861487,-2.388658390783621
33.0,204.0,999.9854125976562,-0.5829096502875846,0.5938480877049717,4.052969470781729,-1.1689296632689905,-0.2098215599325366,0.858383474204917,1.453637234407954,-0.6679297083303197,0.3381598485675932,-2.388647974585024
33.0,204.0,999.9854736328124,-0.5829101283680114,0.5938423363521537,4.052960540582697,-1.1689345906917756,-0.2098177857015342,0.858389327678375,1.4536407086056204,-0.6679272886357959,0.3381500429679462,-2.388652960588268
33.0,204.0,999.9854125976562,-0.5829095379166924,0.5938397726318092,4.052970797904784,-1.1689298783720163,-0.2098216385974236,0.8583895757878643,1.4536353100896786,-0.6679303409240527,0.3381610256267029,-2.3886518878919483
33.0,204.0,999.9854125976562,-0.5829102996672404,0.5938429846851196,4.052965962505466,-1.168929693179205,-0.2098191325018907,0.8583894703774142,1.4536324541820091,-0.6679318446519016,0.3381524100688811,-2.388655679076128
33.0,204.0,999.9854125976562,-0.582909041073064,0.5938445933394902,4.052968789229926,-1.1689255048636489,-0.2098215543503538,0.8583868715352221,1.4536343138395118,-0.6679296269553987,0.3381631023521461,-2.3886459364569825
33.0,204.0,999.9854125976562,-0.5829079981854441,0.5938425890157886,4.052973456056153,-1.1689276399711497,-0.2098214250319978,0.858391003394015,1.4536369956328965,-0.6679333548877482,0.3381645668113116,-2.388645873925591
33.0,204.0,999.9854125976562,-0.5829084140763445,0.5938444865442216,4.05297108878584,-1.1689329074348676,-0.2098213018969499,0.8583852301539547,1.4536410024667887,-0.6679290052054352,0.3381607125347718,-2.388648647023889
33.0,204.0,999.9854125976562,-0.5829074859759968,0.5938408413543153,4.052968638928359,-1.168925908185832,-0.2098230076696214,0.8583912672834142,1.453634993209235,-0.6679324347880335,0.3381608337132249,-2.38864655182546
33.0,204.0,999.9854125976562,-0.5829115473700694,0.5938460139440576,4.052964850885889,-1.1689304439558108,-0.2098181028479713,0.8583879471064835,1.4536323913428353,-0.6679312727921927,0.3381554674145794,-2.388653491124757
33.0,204.0,999.9854125976562,-0.5829092241329645,0.5938400562597561,4.052970043100826,-1.1689299670784257,-0.2098208585628489,0.8583913745644365,1.4536382003045911,-0.6679327064800109,0.3381604247301695,-2.3886479785911208
33.0,205.0,999.9854125976562,-0.5829080301043197,0.5938441512901438,4.052970804960252,-1.1689270072208364,-0.2098229107810407,0.8583898767830913,1.4536378131821293,-0.667931716988269,0.3381640396235665,-2.388644091190637
33.0,205.0,999.9854125976562,-0.582910921723645,0.5938468438107751,4.052966354518876,-1.1689291290153667,-0.2098202126618344,0.8583835048482102,1.453632280737395,-0.6679292895314459,0.3381567170107979,-2.38865287793681
33.0,205.0,999.9854736328124,-0.5829062029904666,0.593836395699153,4.05297521198278,-1.1689233558286762,-0.2098249695370118,0.858397728953082,1.4536373324926135,-0.6679363998723336,0.3381654810396544,-2.388640778647529
33.0,205.0,999.9854736328124,-0.5829091291420498,0.5938388910109431,4.052967150645566,-1.1689261358208451,-0.2098195689170978,0.8583933887557249,1.4536333021051293,-0.6679328121856791,0.3381615336939569,-2.3886469840640108
33.0,205.0,999.9854125976562,-0.5829077021455049,0.5938421964434575,4.052971850597512,-1.1689311000567084,-0.2098226586127021,0.8583871230336735,1.45364161511141,-0.6679292513426649,0.3381610531502401,-2.388646284542853
33.0,205.0,999.9854125976562,-0.582909926206022,0.5938419474242105,4.052971420175801,-1.168932870690222,-0.2098210720918212,0.8583868850100913,1.453638483856321,-0.6679319996604036,0.3381580283910708,-2.388651744867325
33.0,205.0,999.9854736328124,-0.5829093102984935,0.5938401568646867,4.052971847942793,-1.1689321136429394,-0.2098221931961754,0.8583863450100884,1.4536405622367097,-0.6679298442439077,0.3381580547510046,-2.3886512453787203
33.0,205.0,999.9854736328124,-0.5829102107186133,0.5938450663850912,4.052964011930246,-1.1689338308235508,-0.2098190051254942,0.8583842931100971,1.4536381434228964,-0.6679286246445066,0.3381533882382284,-2.388653436662032
33.0,205.0,999.9854125976562,-0.5829092924358914,0.593841125737729,4.0529671244572505,-1.1689300210327196,-0.2098199465649806,0.8583923780187774,1.4536351596033086,-0.6679319210208412,0.3381551813859733,-2.3886527196902003
33.0,205.0,999.9854125976562,-0.5829096201509207,0.5938454267090378,4.05296790881671,-1.168928026857381,-0.2098199477678166,0.8583878847484936,1.4536299579781904,-0.6679311170747155,0.3381597506681357,-2.388650344920144
33.0,205.0,999.9854125976562,-0.5829115196642194,0.5938448183503571,4.05296804846466,-1.1689363929749534,-0.2098177083492975,0.8583836386790686,1.453637655776726,-0.6679287530701323,0.3381553541021622,-2.3886563076135663
33.0,205.0,999.9854125976562,-0.582908210720384,0.5938390242467362,4.052972765647283,-1.168931862945758,-0.2098214532051461,0.8583910098607266,1.4536384786628522,-0.667932401101357,0.3381581515151532,-2.388651526432724
33.0,205.0,999.9854736328124,-0.5829071982660743,0.5938449731229305,4.052969306157664,-1.168923804645459,-0.2098230645946781,0.85838952677181,1.4536342832907012,-0.6679330212206605,0.3381650500633002,-2.388643845778672
33.0,205.0,999.9854736328124,-0.5829095726843958,0.5938407385559428,4.052971954665734,-1.1689341525171448,-0.209820247370847,0.8583868209768948,1.4536418738817725,-0.6679298274476588,0.3381583928375686,-2.388650999240728
33.0,205.0,999.9854125976562,-0.5829100751635394,0.5938476280285112,4.0529673532464745,-1.1689307375966438,-0.2098200484741292,0.8583837688255445,1.453634020763812,-0.667930186750664,0.3381546992962994,-2.3886517699105085
33.0,205.0,999.9854125976562,-0.5829100681240824,0.5938456765182334,4.052969274383969,-1.1689332759884987,-0.2098209617938327,0.8583825058052259,1.4536375603755474,-0.6679303053496808,0.338157951095801,-2.3886492853262418
33.0,205.0,999.9854736328124,-0.5829137736605352,0.5938444058658412,4.052969872509909,-1.1689348985154933,-0.2098161165663512,0.858386272324454,1.4536341886582802,-0.6679319963189352,0.3381573117470147,-2.3886544254390083
33.0,205.0,999.9854125976562,-0.5829098110707651,0.5938424344959188,4.052967700342922,-1.1689340197207023,-0.2098209492703437,0.8583875615235144,1.4536415851907076,-0.6679289928054075,0.3381543218562779,-2.3886531144276835
33.0,205.0,999.9854125976562,-0.5829095912944267,0.5938460000806911,4.052968302634829,-1.1689292857165583,-0.2098203361913579,0.8583858282352903,1.453633626359112,-0.6679317933515616,0.3381569036183371,-2.388649908606848
33.0,205.0,999.9854125976562,-0.5829083286359023,0.5938429914468362,4.052969750829666,-1.1689276088161824,-0.209821789504347,0.8583877389542769,1.453635512111461,-0.6679292388258498,0.338161579608176,-2.3886467668245155
33.0,205.0,999.9854736328124,-0.582908315466339,0.5938364726323808,4.052966911526594,-1.1689218542862916,-0.2098219623189905,0.8583980305806707,1.4536316359405728,-0.6679333976108337,0.3381608434691507,-2.388647879782237
33.0,205.0,999.9854125976562,-0.5829087331506964,0.5938436902926645,4.052969387091823,-1.1689274507897056,-0.2098199292101972,0.8583898443253428,1.4536331330359609,-0.6679329909130951,0.3381574499636564,-2.388652233254627
33.0,205.0,999.9854125976562,-0.582907726887834,0.5938431441529355,4.052967908674907,-1.168925345477649,-0.2098221326248337,0.8583891147660596,1.4536340246089008,-0.667931358047336,0.3381620073938247,-2.3886463715820616
33.0,205.0,999.9854125976562,-0.5829076798980068,0.5938404117607945,4.05297051304596,-1.1689275600606424,-0.209821713372114,0.8583913031801487,1.453635672254431,-0.6679319112536026,0.3381615227801768,-2.3886457164473
33.0,205.0,999.9854125976562,-0.5829093460172396,0.5938416178402219,4.052967900981471,-1.16892803086867,-0.2098216172350495,0.8583898148066798,1.4536348322165606,-0.6679315195619742,0.3381570621749787,-2.388653151886704
33.0,205.0,999.9854125976562,-0.5829111423812021,0.5938417281242927,4.052967273692527,-1.168937990894396,-0.2098188783213892,0.8583862980719843,1.4536387175801018,-0.6679299581983047,0.3381527562499551,-2.3886556633371887
33.0,205.0,999.9854125976562,-0.5829098067737242,0.5938418869161852,4.052969926076772,-1.168932962879614,-0.2098200096625611,0.8583881816774657,1.4536382420763443,-0.6679309183147435,0.3381584980015013,-2.3886515618888686
33.0,205.0,999.9854125976562,-0.5829103778848639,0.5938422112375878,4.052969555587008,-1.1689317202119307,-0.2098178053476322,0.8583889493228556,1.4536322108663455,-0.6679313620737739,0.33815856587628,-2.388654943244448
33.0,205.0,999.9854125976562,-0.5829118325315878,0.59384640490447,4.052967050494216,-1.1689325379039062,-0.2098197125543865,0.858382201093356,1.4536331260337922,-0.6679299508821508,0.3381551993224949,-2.3886558237539064
33.0,205.0,999.9854125976562,-0.582910623671121,0.5938468418117644,4.052966727923948,-1.1689308335329516,-0.2098195639844329,0.8583868100677208,1.4536382508312071,-0.6679286617520228,0.3381589475138593,-2.3886497070908383
33.0,205.0,999.9854736328124,-0.5829131705692623,0.5938446931100403,4.052967470625422,-1.168936521862003,-0.2098168929607489,0.8583832583827427,1.453636761022448,-0.6679289803960016,0.3381547199746206,-2.388654511016397
33.0,205.0,999.9854125976562,-0.5829118836340133,0.5938498672774228,4.052970448674158,-1.168936906297866,-0.2098198975170184,0.8583785078401176,1.45364085488022,-0.6679286995677023,0.3381564304744353,-2.388653206682445
33.0,205.0,999.9854125976562,-0.5829087949499652,0.593845034287007,4.052970508118444,-1.168928547894443,-0.2098224476814145,0.8583875328920989,1.4536368905675996,-0.6679312072480235,0.3381572322704009,-2.38865210320905
33.0,205.0,999.9854125976562,-0.5829084092747854,0.5938428240466642,4.0529676298032165,-1.1689301752317238,-0.2098215715815623,0.8583872038411187,1.4536343144652184,-0.667930122129043,0.3381575164245607,-2.388652078505048
33.0,205.0,999.9854125976562,-0.5829095859804241,0.5938406331269919,4.052968176709722,-1.168931503145088,-0.2098209076946222,0.8583892540233515,1.4536378364109872,-0.6679300194485567,0.3381580775888668,-2.388651822241826
33.0,205.0,999.9854125976562,-0.5829091460442974,0.5938427161815163,4.052967983914659,-1.168932720350056,-0.2098206485035323,0.8583868792050344,1.4536381128011753,-0.6679303655655904,0.3381568038581397,-2.3886493022307667
33.0,205.0,999.9854125976562,-0.5829102950702261,0.5938428858825704,4.052967843380422,-1.1689345573594268,-0.2098205921430471,0.8583856818133491,1.453640637527366,-0.6679287680216106,0.338155448232774,-2.3886515656416583
33.0,205.0,999.9854736328124,-0.5829132984414827,0.5938489709740846,4.052970789807306,-1.1689431320605124,-0.2098171771984027,0.8583788437065039,1.4536445838197327,-0.6679304958069672,0.3381497692766686,-2.3886588798555053
33.0,205.0,999.9854125976562,-0.5829060123603016,0.593836560380093,4.052975365620428,-1.1689241200480105,-0.2098240630418342,0.8583930784502982,1.4536335827633824,-0.667932516673071,0.3381671997029043,-2.3886453038692568
33.0,205.0,999.9854125976562,-0.5829130777597538,0.5938459034936212,4.05296736459896,-1.1689350907835565,-0.2098175064283491,0.8583867499397568,1.4536367382243451,-0.6679312578242138,0.3381519127861487,-2.388658390783621
33.0,205.0,999.9854125976562,-0.5829096502875846,0.5938480877049717,4.052969470781729,-1.1689296632689905,-0.2098215599325366,0.858383474204917,1.453637234407954,-0.6679297083303197,0.3381598485675932,-2.388647974585024
33.0,205.0,999.9854736328124,-0.5829101283680114,0.5938423363521537,4.052960540582697,-1.1689345906917756,-0.2098177857015342,0.858389327678375,1.4536407086056204,-0.6679272886357959,0.3381500429679462,-2.388652960588268
33.0,205.0,999.9854125976562,-0.5829095379166924,0.5938397726318092,4.052970797904784,-1.1689298783720163,-0.2098216385974236,0.8583895757878643,1.4536353100896786,-0.6679303409240527,0.3381610256267029,-2.3886518878919483
33.0,205.0,999.9854125976562,-0.5829102996672404,0.5938429846851196,4.052965962505466,-1.168929693179205,-0.2098191325018907,0.8583894703774142,1.4536324541820091,-0.6679318446519016,0.3381524100688811,-2.388655679076128
33.0,205.0,999.9854125976562,-0.582909041073064,0.5938445933394902,4.052968789229926,-1.1689255048636489,-0.2098215543503538,0.8583868715352221,1.4536343138395118,-0.6679296269553987,0.3381631023521461,-2.3886459364569825
33.0,205.0,999.9854125976562,-0.5829079981854441,0.5938425890157886,4.052973456056153,-1.1689276399711497,-0.2098214250319978,0.858391003394015,1.4536369956328965,-0.6679333548877482,0.3381645668113116,-2.388645873925591
33.0,205.0,999.9854125976562,-0.5829084140763445,0.5938444865442216,4.05297108878584,-1.1689329074348676,-0.2098213018969499,0.8583852301539547,1.4536410024667887,-0.6679290052054352,0.3381607125347718,-2.388648647023889
33.0,205.0,999.9854125976562,-0.5829074859759968,0.5938408413543153,4.052968638928359,-1.168925908185832,-0.2098230076696214,0.8583912672834142,1.453634993209235,-0.6679324347880335,0.3381608337132249,-2.38864655182546
33.0,205.0,999.9854125976562,-0.5829115473700694,0.5938460139440576,4.052964850885889,-1.1689304439558108,-0.2098181028479713,0.8583879471064835,1.4536323913428353,-0.6679312727921927,0.3381554674145794,-2.388653491124757
33.0,205.0,999.9854125976562,-0.5829092241329645,0.5938400562597561,4.052970043100826,-1.1689299670784257,-0.2098208585628489,0.8583913745644365,1.4536382003045911,-0.6679327064800109,0.3381604247301695,-2.3886479785911208
33.0,206.0,999.9854125976562,-0.5829080301043197,0.5938441512901438,4.052970804960252,-1.1689270072208364,-0.2098229107810407,0.8583898767830913,1.4536378131821293,-0.667931716988269,0.3381640396235665,-2.388644091190637
33.0,206.0,999.9854125976562,-0.582910921723645,0.5938468438107751,4.052966354518876,-1.1689291290153667,-0.2098202126618344,0.8583835048482102,1.453632280737395,-0.6679292895314459,0.3381567170107979,-2.38865287793681
33.0,206.0,999.9854736328124,-0.5829062029904666,0.593836395699153,4.05297521198278,-1.1689233558286762,-0.2098249695370118,0.858397728953082,1.4536373324926135,-0.6679363998723336,0.3381654810396544,-2.388640778647529
33.0,206.0,999.9854736328124,-0.5829091291420498,0.5938388910109431,4.052967150645566,-1.1689261358208451,-0.2098195689170978,0.8583933887557249,1.4536333021051293,-0.6679328121856791,0.3381615336939569,-2.3886469840640108
33.0,206.0,999.9854125976562,-0.5829077021455049,0.5938421964434575,4.052971850597512,-1.1689311000567084,-0.2098226586127021,0.8583871230336735,1.45364161511141,-0.6679292513426649,0.3381610531502401,-2.388646284542853
33.0,206.0,999.9854125976562,-0.582909926206022,0.5938419474242105,4.052971420175801,-1.168932870690222,-0.2098210720918212,0.8583868850100913,1.453638483856321,-0.6679319996604036,0.3381580283910708,-2.388651744867325
33.0,206.0,999.9854736328124,-0.5829093102984935,0.5938401568646867,4.052971847942793,-1.1689321136429394,-0.2098221931961754,0.8583863450100884,1.4536405622367097,-0.6679298442439077,0.3381580547510046,-2.3886512453787203
33.0,206.0,999.9854736328124,-0.5829102107186133,0.5938450663850912,4.052964011930246,-1.1689338308235508,-0.2098190051254942,0.8583842931100971,1.4536381434228964,-0.6679286246445066,0.3381533882382284,-2.388653436662032
33.0,206.0,999.9854125976562,-0.5829092924358914,0.593841125737729,4.0529671244572505,-1.1689300210327196,-0.2098199465649806,0.8583923780187774,1.4536351596033086,-0.6679319210208412,0.3381551813859733,-2.3886527196902003
33.0,206.0,999.9854125976562,-0.5829096201509207,0.5938454267090378,4.05296790881671,-1.168928026857381,-0.2098199477678166,0.8583878847484936,1.4536299579781904,-0.6679311170747155,0.3381597506681357,-2.388650344920144
33.0,206.0,999.9854125976562,-0.5829115196642194,0.5938448183503571,4.05296804846466,-1.1689363929749534,-0.2098177083492975,0.8583836386790686,1.453637655776726,-0.6679287530701323,0.3381553541021622,-2.3886563076135663
33.0,206.0,999.9854125976562,-0.582908210720384,0.5938390242467362,4.052972765647283,-1.168931862945758,-0.2098214532051461,0.8583910098607266,1.4536384786628522,-0.667932401101357,0.3381581515151532,-2.388651526432724
33.0,206.0,999.9854736328124,-0.5829071982660743,0.5938449731229305,4.052969306157664,-1.168923804645459,-0.2098230645946781,0.85838952677181,1.4536342832907012,-0.6679330212206605,0.3381650500633002,-2.388643845778672
33.0,206.0,999.9854736328124,-0.5829095726843958,0.5938407385559428,4.052971954665734,-1.1689341525171448,-0.209820247370847,0.8583868209768948,1.4536418738817725,-0.6679298274476588,0.3381583928375686,-2.388650999240728
33.0,206.0,999.9854125976562,-0.5829100751635394,0.5938476280285112,4.0529673532464745,-1.1689307375966438,-0.2098200484741292,0.8583837688255445,1.453634020763812,-0.667930186750664,0.3381546992962994,-2.3886517699105085
33.0,206.0,999.9854125976562,-0.5829100681240824,0.5938456765182334,4.052969274383969,-1.1689332759884987,-0.2098209617938327,0.8583825058052259,1.4536375603755474,-0.6679303053496808,0.338157951095801,-2.3886492853262418
33.0,206.0,999.9854736328124,-0.5829137736605352,0.5938444058658412,4.052969872509909,-1.1689348985154933,-0.2098161165663512,0.858386272324454,1.4536341886582802,-0.6679319963189352,0.3381573117470147,-2.3886544254390083
33.0,206.0,999.9854125976562,-0.5829098110707651,0.5938424344959188,4.052967700342922,-1.1689340197207023,-0.2098209492703437,0.8583875615235144,1.4536415851907076,-0.6679289928054075,0.3381543218562779,-2.3886531144276835
33.0,206.0,999.9854125976562,-0.5829095912944267,0.5938460000806911,4.052968302634829,-1.1689292857165583,-0.2098203361913579,0.8583858282352903,1.453633626359112,-0.6679317933515616,0.3381569036183371,-2.388649908606848
33.0,206.0,999.9854125976562,-0.5829083286359023,0.5938429914468362,4.052969750829666,-1.1689276088161824,-0.209821789504347,0.8583877389542769,1.453635512111461,-0.6679292388258498,0.338161579608176,-2.3886467668245155
33.0,206.0,999.9854736328124,-0.582908315466339,0.5938364726323808,4.052966911526594,-1.1689218542862916,-0.2098219623189905,0.8583980305806707,1.4536316359405728,-0.6679333976108337,0.3381608434691507,-2.388647879782237
33.0,206.0,999.9854125976562,-0.5829087331506964,0.5938436902926645,4.052969387091823,-1.1689274507897056,-0.2098199292101972,0.8583898443253428,1.4536331330359609,-0.6679329909130951,0.3381574499636564,-2.388652233254627
33.0,206.0,999.9854125976562,-0.582907726887834,0.5938431441529355,4.052967908674907,-1.168925345477649,-0.2098221326248337,0.8583891147660596,1.4536340246089008,-0.667931358047336,0.3381620073938247,-2.3886463715820616
33.0,206.0,999.9854125976562,-0.5829076798980068,0.5938404117607945,4.05297051304596,-1.1689275600606424,-0.209821713372114,0.8583913031801487,1.453635672254431,-0.6679319112536026,0.3381615227801768,-2.3886457164473
33.0,206.0,999.9854125976562,-0.5829093460172396,0.5938416178402219,4.052967900981471,-1.16892803086867,-0.2098216172350495,0.8583898148066798,1.4536348322165606,-0.6679315195619742,0.3381570621749787,-2.388653151886704
33.0,206.0,999.9854125976562,-0.5829111423812021,0.5938417281242927,4.052967273692527,-1.168937990894396,-0.2098188783213892,0.8583862980719843,1.4536387175801018,-0.6679299581983047,0.3381527562499551,-2.3886556633371887
33.0,206.0,999.9854125976562,-0.5829098067737242,0.5938418869161852,4.052969926076772,-1.168932962879614,-0.2098200096625611,0.8583881816774657,1.4536382420763443,-0.6679309183147435,0.3381584980015013,-2.3886515618888686
33.0,206.0,999.9854125976562,-0.5829103778848639,0.5938422112375878,4.052969555587008,-1.1689317202119307,-0.2098178053476322,0.8583889493228556,1.4536322108663455,-0.6679313620737739,0.33815856587628,-2.388654943244448
33.0,206.0,999.9854125976562,-0.5829118325315878,0.59384640490447,4.052967050494216,-1.1689325379039062,-0.2098197125543865,0.858382201093356,1.4536331260337922,-0.6679299508821508,0.3381551993224949,-2.3886558237539064
33.0,206.0,999.9854125976562,-0.582910623671121,0.5938468418117644,4.052966727923948,-1.1689308335329516,-0.2098195639844329,0.8583868100677208,1.4536382508312071,-0.6679286617520228,0.3381589475138593,-2.3886497070908383
33.0,206.0,999.9854736328124,-0.5829131705692623,0.5938446931100403,4.052967470625422,-1.168936521862003,-0.2098168929607489,0.8583832583827427,1.453636761022448,-0.6679289803960016,0.3381547199746206,-2.388654511016397
33.0,206.0,999.9854125976562,-0.5829118836340133,0.5938498672774228,4.052970448674158,-1.168936906297866,-0.2098198975170184,0.8583785078401176,1.45364085488022,-0.6679286995677023,0.3381564304744353,-2.388653206682445
33.0,206.0,999.9854125976562,-0.5829087949499652,0.593845034287007,4.052970508118444,-1.168928547894443,-0.2098224476814145,0.8583875328920989,1.4536368905675996,-0.6679312072480235,0.3381572322704009,-2.38865210320905
33.0,206.0,999.9854125976562,-0.5829084092747854,0.5938428240466642,4.0529676298032165,-1.1689301752317238,-0.2098215715815623,0.8583872038411187,1.4536343144652184,-0.667930122129043,0.3381575164245607,-2.388652078505048
33.0,206.0,999.9854125976562,-0.5829095859804241,0.5938406331269919,4.052968176709722,-1.168931503145088,-0.2098209076946222,0.8583892540233515,1.4536378364109872,-0.6679300194485567,0.3381580775888668,-2.388651822241826
33.0,206.0,999.9854125976562,-0.5829091460442974,0.5938427161815163,4.052967983914659,-1.168932720350056,-0.2098206485035323,0.8583868792050344,1.4536381128011753,-0.6679303655655904,0.3381568038581397,-2.3886493022307667
33.0,206.0,999.9854125976562,-0.5829102950702261,0.5938428858825704,4.052967843380422,-1.1689345573594268,-0.2098205921430471,0.8583856818133491,1.453640637527366,-0.6679287680216106,0.338155448232774,-2.3886515656416583
33.0,206.0,999.9854736328124,-0.5829132984414827,0.5938489709740846,4.052970789807306,-1.1689431320605124,-0.2098171771984027,0.8583788437065039,1.4536445838197327,-0.6679304958069672,0.3381497692766686,-2.3886588798555053
33.0,206.0,999.9854125976562,-0.5829060123603016,0.593836560380093,4.052975365620428,-1.1689241200480105,-0.2098240630418342,0.8583930784502982,1.4536335827633824,-0.667932516673071,0.3381671997029043,-2.3886453038692568
33.0,206.0,999.9854125976562,-0.5829130777597538,0.5938459034936212,4.05296736459896,-1.1689350907835565,-0.2098175064283491,0.8583867499397568,1.4536367382243451,-0.6679312578242138,0.3381519127861487,-2.388658390783621
33.0,206.0,999.9854125976562,-0.5829096502875846,0.5938480877049717,4.052969470781729,-1.1689296632689905,-0.2098215599325366,0.858383474204917,1.453637234407954,-0.6679297083303197,0.3381598485675932,-2.388647974585024
33.0,206.0,999.9854736328124,-0.5829101283680114,0.5938423363521537,4.052960540582697,-1.1689345906917756,-0.2098177857015342,0.858389327678375,1.4536407086056204,-0.6679272886357959,0.3381500429679462,-2.388652960588268
33.0,206.0,999.9854125976562,-0.5829095379166924,0.5938397726318092,4.052970797904784,-1.1689298783720163,-0.2098216385974236,0.8583895757878643,1.4536353100896786,-0.6679303409240527,0.3381610256267029,-2.3886518878919483
33.0,206.0,999.9854125976562,-0.5829102996672404,0.5938429846851196,4.052965962505466,-1.168929693179205,-0.2098191325018907,0.8583894703774142,1.4536324541820091,-0.6679318446519016,0.3381524100688811,-2.388655679076128
33.0,206.0,999.9854125976562,-0.582909041073064,0.5938445933394902,4.052968789229926,-1.1689255048636489,-0.2098215543503538,0.8583868715352221,1.4536343138395118,-0.6679296269553987,0.3381631023521461,-2.3886459364569825
33.0,206.0,999.9854125976562,-0.5829079981854441,0.5938425890157886,4.052973456056153,-1.1689276399711497,-0.2098214250319978,0.858391003394015,1.4536369956328965,-0.6679333548877482,0.3381645668113116,-2.388645873925591
33.0,206.0,999.9854125976562,-0.5829084140763445,0.5938444865442216,4.05297108878584,-1.1689329074348676,-0.2098213018969499,0.8583852301539547,1.4536410024667887,-0.6679290052054352,0.3381607125347718,-2.388648647023889
33.0,206.0,999.9854125976562,-0.5829074859759968,0.5938408413543153,4.052968638928359,-1.168925908185832,-0.2098230076696214,0.8583912672834142,1.453634993209235,-0.6679324347880335,0.3381608337132249,-2.38864655182546
33.0,206.0,999.9854125976562,-0.5829115473700694,0.5938460139440576,4.052964850885889,-1.1689304439558108,-0.2098181028479713,0.8583879471064835,1.4536323913428353,-0.6679312727921927,0.3381554674145794,-2.388653491124757
33.0,206.0,999.9854125976562,-0.5829092241329645,0.5938400562597561,4.052970043100826,-1.1689299670784257,-0.2098208585628489,0.8583913745644365,1.4536382003045911,-0.6679327064800109,0.3381604247301695,-2.3886479785911208
33.0,207.0,999.9854125976562,-0.5829080301043197,0.5938441512901438,4.052970804960252,-1.1689270072208364,-0.2098229107810407,0.8583898767830913,1.4536378131821293,-0.667931716988269,0.3381640396235665,-2.388644091190637
33.0,207.0,999.9854125976562,-0.582910921723645,0.5938468438107751,4.052966354518876,-1.1689291290153667,-0.2098202126618344,0.8583835048482102,1.453632280737395,-0.6679292895314459,0.3381567170107979,-2.38865287793681
33.0,207.0,999.9854736328124,-0.5829062029904666,0.593836395699153,4.05297521198278,-1.1689233558286762,-0.2098249695370118,0.858397728953082,1.4536373324926135,-0.6679363998723336,0.3381654810396544,-2.388640778647529
33.0,207.0,999.9854736328124,-0.5829091291420498,0.5938388910109431,4.052967150645566,-1.1689261358208451,-0.2098195689170978,0.8583933887557249,1.4536333021051293,-0.6679328121856791,0.3381615336939569,-2.3886469840640108
33.0,207.0,999.9854125976562,-0.5829077021455049,0.5938421964434575,4.052971850597512,-1.1689311000567084,-0.2098226586127021,0.8583871230336735,1.45364161511141,-0.6679292513426649,0.3381610531502401,-2.388646284542853
33.0,207.0,999.9854125976562,-0.582909926206022,0.5938419474242105,4.052971420175801,-1.168932870690222,-0.2098210720918212,0.8583868850100913,1.453638483856321,-0.6679319996604036,0.3381580283910708,-2.388651744867325
33.0,207.0,999.9854736328124,-0.5829093102984935,0.5938401568646867,4.052971847942793,-1.1689321136429394,-0.2098221931961754,0.8583863450100884,1.4536405622367097,-0.6679298442439077,0.3381580547510046,-2.3886512453787203
33.0,207.0,999.9854736328124,-0.5829102107186133,0.5938450663850912,4.052964011930246,-1.1689338308235508,-0.2098190051254942,0.8583842931100971,1.4536381434228964,-0.6679286246445066,0.3381533882382284,-2.388653436662032
33.0,207.0,999.9854125976562,-0.5829092924358914,0.593841125737729,4.0529671244572505,-1.1689300210327196,-0.2098199465649806,0.8583923780187774,1.4536351596033086,-0.6679319210208412,0.3381551813859733,-2.3886527196902003
33.0,207.0,999.9854125976562,-0.5829096201509207,0.5938454267090378,4.05296790881671,-1.168928026857381,-0.2098199477678166,0.8583878847484936,1.4536299579781904,-0.6679311170747155,0.3381597506681357,-2.388650344920144
33.0,207.0,999.9854125976562,-0.5829115196642194,0.5938448183503571,4.05296804846466,-1.1689363929749534,-0.2098177083492975,0.8583836386790686,1.453637655776726,-0.6679287530701323,0.3381553541021622,-2.3886563076135663
33.0,207.0,999.9854125976562,-0.582908210720384,0.5938390242467362,4.052972765647283,-1.168931862945758,-0.2098214532051461,0.8583910098607266,1.4536384786628522,-0.667932401101357,0.3381581515151532,-2.388651526432724
33.0,207.0,999.9854736328124,-0.5829071982660743,0.5938449731229305,4.052969306157664,-1.168923804645459,-0.2098230645946781,0.85838952677181,1.4536342832907012,-0.6679330212206605,0.3381650500633002,-2.388643845778672
33.0,207.0,999.9854736328124,-0.5829095726843958,0.5938407385559428,4.052971954665734,-1.1689341525171448,-0.209820247370847,0.8583868209768948,1.4536418738817725,-0.6679298274476588,0.3381583928375686,-2.388650999240728
33.0,207.0,999.9854125976562,-0.5829100751635394,0.5938476280285112,4.0529673532464745,-1.1689307375966438,-0.2098200484741292,0.8583837688255445,1.453634020763812,-0.667930186750664,0.3381546992962994,-2.3886517699105085
33.0,207.0,999.9854125976562,-0.5829100681240824,0.5938456765182334,4.052969274383969,-1.1689332759884987,-0.2098209617938327,0.8583825058052259,1.4536375603755474,-0.6679303053496808,0.338157951095801,-2.3886492853262418
33.0,207.0,999.9854736328124,-0.5829137736605352,0.5938444058658412,4.052969872509909,-1.1689348985154933,-0.2098161165663512,0.858386272324454,1.4536341886582802,-0.6679319963189352,0.3381573117470147,-2.3886544254390083
33.0,207.0,999.9854125976562,-0.5829098110707651,0.5938424344959188,4.052967700342922,-1.1689340197207023,-0.2098209492703437,0.8583875615235144,1.4536415851907076,-0.6679289928054075,0.3381543218562779,-2.3886531144276835
33.0,207.0,999.9854125976562,-0.5829095912944267,0.5938460000806911,4.052968302634829,-1.1689292857165583,-0.2098203361913579,0.8583858282352903,1.453633626359112,-0.6679317933515616,0.3381569036183371,-2.388649908606848
33.0,207.0,999.9854125976562,-0.5829083286359023,0.5938429914468362,4.052969750829666,-1.1689276088161824,-0.209821789504347,0.8583877389542769,1.453635512111461,-0.6679292388258498,0.338161579608176,-2.3886467668245155
33.0,207.0,999.9854736328124,-0.582908315466339,0.5938364726323808,4.052966911526594,-1.1689218542862916,-0.2098219623189905,0.8583980305806707,1.4536316359405728,-0.6679333976108337,0.3381608434691507,-2.388647879782237
33.0,207.0,999.9854125976562,-0.5829087331506964,0.5938436902926645,4.052969387091823,-1.1689274507897056,-0.2098199292101972,0.8583898443253428,1.4536331330359609,-0.6679329909130951,0.3381574499636564,-2.388652233254627
33.0,207.0,999.9854125976562,-0.582907726887834,0.5938431441529355,4.052967908674907,-1.168925345477649,-0.2098221326248337,0.8583891147660596,1.4536340246089008,-0.667931358047336,0.3381620073938247,-2.3886463715820616
33.0,207.0,999.9854125976562,-0.5829076798980068,0.5938404117607945,4.05297051304596,-1.1689275600606424,-0.209821713372114,0.8583913031801487,1.453635672254431,-0.6679319112536026,0.3381615227801768,-2.3886457164473
33.0,207.0,999.9854125976562,-0.5829093460172396,0.5938416178402219,4.052967900981471,-1.16892803086867,-0.2098216172350495,0.8583898148066798,1.4536348322165606,-0.6679315195619742,0.3381570621749787,-2.388653151886704
33.0,207.0,999.9854125976562,-0.5829111423812021,0.5938417281242927,4.052967273692527,-1.168937990894396,-0.2098188783213892,0.8583862980719843,1.4536387175801018,-0.6679299581983047,0.3381527562499551,-2.3886556633371887
33.0,207.0,999.9854125976562,-0.5829098067737242,0.5938418869161852,4.052969926076772,-1.168932962879614,-0.2098200096625611,0.8583881816774657,1.4536382420763443,-0.6679309183147435,0.3381584980015013,-2.3886515618888686
33.0,207.0,999.9854125976562,-0.5829103778848639,0.5938422112375878,4.052969555587008,-1.1689317202119307,-0.2098178053476322,0.8583889493228556,1.4536322108663455,-0.6679313620737739,0.33815856587628,-2.388654943244448
33.0,207.0,999.9854125976562,-0.5829118325315878,0.59384640490447,4.052967050494216,-1.1689325379039062,-0.2098197125543865,0.858382201093356,1.4536331260337922,-0.6679299508821508,0.3381551993224949,-2.3886558237539064
33.0,207.0,999.9854125976562,-0.582910623671121,0.5938468418117644,4.052966727923948,-1.1689308335329516,-0.2098195639844329,0.8583868100677208,1.4536382508312071,-0.6679286617520228,0.3381589475138593,-2.3886497070908383
33.0,207.0,999.9854736328124,-0.5829131705692623,0.5938446931100403,4.052967470625422,-1.168936521862003,-0.2098168929607489,0.8583832583827427,1.453636761022448,-0.6679289803960016,0.3381547199746206,-2.388654511016397
33.0,207.0,999.9854125976562,-0.5829118836340133,0.5938498672774228,4.052970448674158,-1.168936906297866,-0.2098198975170184,0.8583785078401176,1.45364085488022,-0.6679286995677023,0.3381564304744353,-2.388653206682445
33.0,207.0,999.9854125976562,-0.5829087949499652,0.593845034287007,4.052970508118444,-1.168928547894443,-0.2098224476814145,0.8583875328920989,1.4536368905675996,-0.6679312072480235,0.3381572322704009,-2.38865210320905
33.0,207.0,999.9854125976562,-0.5829084092747854,0.5938428240466642,4.0529676298032165,-1.1689301752317238,-0.2098215715815623,0.8583872038411187,1.4536343144652184,-0.667930122129043,0.3381575164245607,-2.388652078505048
33.0,207.0,999.9854125976562,-0.5829095859804241,0.5938406331269919,4.052968176709722,-1.168931503145088,-0.2098209076946222,0.8583892540233515,1.4536378364109872,-0.6679300194485567,0.3381580775888668,-2.388651822241826
33.0,207.0,999.9854125976562,-0.5829091460442974,0.5938427161815163,4.052967983914659,-1.168932720350056,-0.2098206485035323,0.8583868792050344,1.4536381128011753,-0.6679303655655904,0.3381568038581397,-2.3886493022307667
33.0,207.0,999.9854125976562,-0.5829102950702261,0.5938428858825704,4.052967843380422,-1.1689345573594268,-0.2098205921430471,0.8583856818133491,1.453640637527366,-0.6679287680216106,0.338155448232774,-2.3886515656416583
33.0,207.0,999.9854736328124,-0.5829132984414827,0.5938489709740846,4.052970789807306,-1.1689431320605124,-0.2098171771984027,0.8583788437065039,1.4536445838197327,-0.6679304958069672,0.3381497692766686,-2.3886588798555053
33.0,207.0,999.9854125976562,-0.5829060123603016,0.593836560380093,4.052975365620428,-1.1689241200480105,-0.2098240630418342,0.8583930784502982,1.4536335827633824,-0.667932516673071,0.3381671997029043,-2.3886453038692568
33.0,207.0,999.9854125976562,-0.5829130777597538,0.5938459034936212,4.05296736459896,-1.1689350907835565,-0.2098175064283491,0.8583867499397568,1.4536367382243451,-0.6679312578242138,0.3381519127861487,-2.388658390783621
33.0,207.0,999.9854125976562,-0.5829096502875846,0.5938480877049717,4.052969470781729,-1.1689296632689905,-0.2098215599325366,0.858383474204917,1.453637234407954,-0.6679297083303197,0.3381598485675932,-2.388647974585024
33.0,207.0,999.9854736328124,-0.5829101283680114,0.5938423363521537,4.052960540582697,-1.1689345906917756,-0.2098177857015342,0.858389327678375,1.4536407086056204,-0.6679272886357959,0.3381500429679462,-2.388652960588268
33.0,207.0,999.9854125976562,-0.5829095379166924,0.5938397726318092,4.052970797904784,-1.1689298783720163,-0.2098216385974236,0.8583895757878643,1.4536353100896786,-0.6679303409240527,0.3381610256267029,-2.3886518878919483
33.0,207.0,999.9854125976562,-0.5829102996672404,0.5938429846851196,4.052965962505466,-1.168929693179205,-0.2098191325018907,0.8583894703774142,1.4536324541820091,-0.6679318446519016,0.3381524100688811,-2.388655679076128
33.0,207.0,999.9854125976562,-0.582909041073064,0.5938445933394902,4.052968789229926,-1.1689255048636489,-0.2098215543503538,0.8583868715352221,1.4536343138395118,-0.6679296269553987,0.3381631023521461,-2.3886459364569825
33.0,207.0,999.9854125976562,-0.5829079981854441,0.5938425890157886,4.052973456056153,-1.1689276399711497,-0.2098214250319978,0.858391003394015,1.4536369956328965,-0.6679333548877482,0.3381645668113116,-2.388645873925591
33.0,207.0,999.9854125976562,-0.5829084140763445,0.5938444865442216,4.05297108878584,-1.1689329074348676,-0.2098213018969499,0.8583852301539547,1.4536410024667887,-0.6679290052054352,0.3381607125347718,-2.388648647023889
33.0,207.0,999.9854125976562,-0.5829074859759968,0.5938408413543153,4.052968638928359,-1.168925908185832,-0.2098230076696214,0.8583912672834142,1.453634993209235,-0.6679324347880335,0.3381608337132249,-2.38864655182546
33.0,207.0,999.9854125976562,-0.5829115473700694,0.5938460139440576,4.052964850885889,-1.1689304439558108,-0.2098181028479713,0.8583879471064835,1.4536323913428353,-0.6679312727921927,0.3381554674145794,-2.388653491124757
33.0,207.0,999.9854125976562,-0.5829092241329645,0.5938400562597561,4.052970043100826,-1.1689299670784257,-0.2098208585628489,0.8583913745644365,1.4536382003045911,-0.6679327064800109,0.3381604247301695,-2.3886479785911208
33.0,208.0,999.9854125976562,-0.5829080301043197,0.5938441512901438,4.052970804960252,-1.1689270072208364,-0.2098229107810407,0.8583898767830913,1.4536378131821293,-0.667931716988269,0.3381640396235665,-2.388644091190637
33.0,208.0,999.9854125976562,-0.582910921723645,0.5938468438107751,4.052966354518876,-1.1689291290153667,-0.2098202126618344,0.8583835048482102,1.453632280737395,-0.6679292895314459,0.3381567170107979,-2.38865287793681
33.0,208.0,999.9854736328124,-0.5829062029904666,0.593836395699153,4.05297521198278,-1.1689233558286762,-0.2098249695370118,0.858397728953082,1.4536373324926135,-0.6679363998723336,0.3381654810396544,-2.388640778647529
33.0,208.0,999.9854736328124,-0.5829091291420498,0.5938388910109431,4.052967150645566,-1.1689261358208451,-0.2098195689170978,0.8583933887557249,1.4536333021051293,-0.6679328121856791,0.3381615336939569,-2.3886469840640108
33.0,208.0,999.9854125976562,-0.5829077021455049,0.5938421964434575,4.052971850597512,-1.1689311000567084,-0.2098226586127021,0.8583871230336735,1.45364161511141,-0.6679292513426649,0.3381610531502401,-2.388646284542853
33.0,208.0,999.9854125976562,-0.582909926206022,0.5938419474242105,4.052971420175801,-1.168932870690222,-0.2098210720918212,0.8583868850100913,1.453638483856321,-0.6679319996604036,0.3381580283910708,-2.388651744867325
33.0,208.0,999.9854736328124,-0.5829093102984935,0.5938401568646867,4.052971847942793,-1.1689321136429394,-0.2098221931961754,0.8583863450100884,1.4536405622367097,-0.6679298442439077,0.3381580547510046,-2.3886512453787203
33.0,208.0,999.9854736328124,-0.5829102107186133,0.5938450663850912,4.052964011930246,-1.1689338308235508,-0.2098190051254942,0.8583842931100971,1.4536381434228964,-0.6679286246445066,0.3381533882382284,-2.388653436662032
33.0,208.0,999.9854125976562,-0.5829092924358914,0.593841125737729,4.0529671244572505,-1.1689300210327196,-0.2098199465649806,0.8583923780187774,1.4536351596033086,-0.6679319210208412,0.3381551813859733,-2.3886527196902003
33.0,208.0,999.9854125976562,-0.5829096201509207,0.5938454267090378,4.05296790881671,-1.168928026857381,-0.2098199477678166,0.8583878847484936,1.4536299579781904,-0.6679311170747155,0.3381597506681357,-2.388650344920144
33.0,208.0,999.9854125976562,-0.5829115196642194,0.5938448183503571,4.05296804846466,-1.1689363929749534,-0.2098177083492975,0.8583836386790686,1.453637655776726,-0.6679287530701323,0.3381553541021622,-2.3886563076135663
33.0,208.0,999.9854125976562,-0.582908210720384,0.5938390242467362,4.052972765647283,-1.168931862945758,-0.2098214532051461,0.8583910098607266,1.4536384786628522,-0.667932401101357,0.3381581515151532,-2.388651526432724
33.0,208.0,999.9854736328124,-0.5829071982660743,0.5938449731229305,4.052969306157664,-1.168923804645459,-0.2098230645946781,0.85838952677181,1.4536342832907012,-0.6679330212206605,0.3381650500633002,-2.388643845778672
33.0,208.0,999.9854736328124,-0.5829095726843958,0.5938407385559428,4.052971954665734,-1.1689341525171448,-0.209820247370847,0.8583868209768948,1.4536418738817725,-0.6679298274476588,0.3381583928375686,-2.388650999240728
33.0,208.0,999.9854125976562,-0.5829100751635394,0.5938476280285112,4.0529673532464745,-1.1689307375966438,-0.2098200484741292,0.8583837688255445,1.453634020763812,-0.667930186750664,0.3381546992962994,-2.3886517699105085
33.0,208.0,999.9854125976562,-0.5829100681240824,0.5938456765182334,4.052969274383969,-1.1689332759884987,-0.2098209617938327,0.8583825058052259,1.4536375603755474,-0.6679303053496808,0.338157951095801,-2.3886492853262418
33.0,208.0,999.9854736328124,-0.5829137736605352,0.5938444058658412,4.052969872509909,-1.1689348985154933,-0.2098161165663512,0.858386272324454,1.4536341886582802,-0.6679319963189352,0.3381573117470147,-2.3886544254390083
33.0,208.0,999.9854125976562,-0.5829098110707651,0.5938424344959188,4.052967700342922,-1.1689340197207023,-0.2098209492703437,0.8583875615235144,1.4536415851907076,-0.6679289928054075,0.3381543218562779,-2.3886531144276835
33.0,208.0,999.9854125976562,-0.5829095912944267,0.5938460000806911,4.052968302634829,-1.1689292857165583,-0.2098203361913579,0.8583858282352903,1.453633626359112,-0.6679317933515616,0.3381569036183371,-2.388649908606848
33.0,208.0,999.9854125976562,-0.5829083286359023,0.5938429914468362,4.052969750829666,-1.1689276088161824,-0.209821789504347,0.8583877389542769,1.453635512111461,-0.6679292388258498,0.338161579608176,-2.3886467668245155
33.0,208.0,999.9854736328124,-0.582908315466339,0.5938364726323808,4.052966911526594,-1.1689218542862916,-0.2098219623189905,0.8583980305806707,1.4536316359405728,-0.6679333976108337,0.3381608434691507,-2.388647879782237
33.0,208.0,999.9854125976562,-0.5829087331506964,0.5938436902926645,4.052969387091823,-1.1689274507897056,-0.2098199292101972,0.8583898443253428,1.4536331330359609,-0.6679329909130951,0.3381574499636564,-2.388652233254627
33.0,208.0,999.9854125976562,-0.582907726887834,0.5938431441529355,4.052967908674907,-1.168925345477649,-0.2098221326248337,0.8583891147660596,1.4536340246089008,-0.667931358047336,0.3381620073938247,-2.3886463715820616
33.0,208.0,999.9854125976562,-0.5829076798980068,0.5938404117607945,4.05297051304596,-1.1689275600606424,-0.209821713372114,0.8583913031801487,1.453635672254431,-0.6679319112536026,0.3381615227801768,-2.3886457164473
33.0,208.0,999.9854125976562,-0.5829093460172396,0.5938416178402219,4.052967900981471,-1.16892803086867,-0.2098216172350495,0.8583898148066798,1.4536348322165606,-0.6679315195619742,0.3381570621749787,-2.388653151886704
33.0,208.0,999.9854125976562,-0.5829111423812021,0.5938417281242927,4.052967273692527,-1.168937990894396,-0.2098188783213892,0.8583862980719843,1.4536387175801018,-0.6679299581983047,0.3381527562499551,-2.3886556633371887
33.0,208.0,999.9854125976562,-0.5829098067737242,0.5938418869161852,4.052969926076772,-1.168932962879614,-0.2098200096625611,0.8583881816774657,1.4536382420763443,-0.6679309183147435,0.3381584980015013,-2.3886515618888686
33.0,208.0,999.9854125976562,-0.5829103778848639,0.5938422112375878,4.052969555587008,-1.1689317202119307,-0.2098178053476322,0.8583889493228556,1.4536322108663455,-0.6679313620737739,0.33815856587628,-2.388654943244448
33.0,208.0,999.9854125976562,-0.5829118325315878,0.59384640490447,4.052967050494216,-1.1689325379039062,-0.2098197125543865,0.858382201093356,1.4536331260337922,-0.6679299508821508,0.3381551993224949,-2.3886558237539064
33.0,208.0,999.9854125976562,-0.582910623671121,0.5938468418117644,4.052966727923948,-1.1689308335329516,-0.2098195639844329,0.8583868100677208,1.4536382508312071,-0.6679286617520228,0.3381589475138593,-2.3886497070908383
33.0,208.0,999.9854736328124,-0.5829131705692623,0.5938446931100403,4.052967470625422,-1.168936521862003,-0.2098168929607489,0.8583832583827427,1.453636761022448,-0.6679289803960016,0.3381547199746206,-2.388654511016397
33.0,208.0,999.9854125976562,-0.5829118836340133,0.5938498672774228,4.052970448674158,-1.168936906297866,-0.2098198975170184,0.8583785078401176,1.45364085488022,-0.6679286995677023,0.3381564304744353,-2.388653206682445
33.0,208.0,999.9854125976562,-0.5829087949499652,0.593845034287007,4.052970508118444,-1.168928547894443,-0.2098224476814145,0.8583875328920989,1.4536368905675996,-0.6679312072480235,0.3381572322704009,-2.38865210320905
33.0,208.0,999.9854125976562,-0.5829084092747854,0.5938428240466642,4.0529676298032165,-1.1689301752317238,-0.2098215715815623,0.8583872038411187,1.4536343144652184,-0.667930122129043,0.3381575164245607,-2.388652078505048
33.0,208.0,999.9854125976562,-0.5829095859804241,0.5938406331269919,4.052968176709722,-1.168931503145088,-0.2098209076946222,0.8583892540233515,1.4536378364109872,-0.6679300194485567,0.3381580775888668,-2.388651822241826
33.0,208.0,999.9854125976562,-0.5829091460442974,0.5938427161815163,4.052967983914659,-1.168932720350056,-0.2098206485035323,0.8583868792050344,1.4536381128011753,-0.6679303655655904,0.3381568038581397,-2.3886493022307667
33.0,208.0,999.9854125976562,-0.5829102950702261,0.5938428858825704,4.052967843380422,-1.1689345573594268,-0.2098205921430471,0.8583856818133491,1.453640637527366,-0.6679287680216106,0.338155448232774,-2.3886515656416583
33.0,208.0,999.9854736328124,-0.5829132984414827,0.5938489709740846,4.052970789807306,-1.1689431320605124,-0.2098171771984027,0.8583788437065039,1.4536445838197327,-0.6679304958069672,0.3381497692766686,-2.3886588798555053
33.0,208.0,999.9854125976562,-0.5829060123603016,0.593836560380093,4.052975365620428,-1.1689241200480105,-0.2098240630418342,0.8583930784502982,1.4536335827633824,-0.667932516673071,0.3381671997029043,-2.3886453038692568
33.0,208.0,999.9854125976562,-0.5829130777597538,0.5938459034936212,4.05296736459896,-1.1689350907835565,-0.2098175064283491,0.8583867499397568,1.4536367382243451,-0.6679312578242138,0.3381519127861487,-2.388658390783621
33.0,208.0,999.9854125976562,-0.5829096502875846,0.5938480877049717,4.052969470781729,-1.1689296632689905,-0.2098215599325366,0.858383474204917,1.453637234407954,-0.6679297083303197,0.3381598485675932,-2.388647974585024
33.0,208.0,999.9854736328124,-0.5829101283680114,0.5938423363521537,4.052960540582697,-1.1689345906917756,-0.2098177857015342,0.858389327678375,1.4536407086056204,-0.6679272886357959,0.3381500429679462,-2.388652960588268
33.0,208.0,999.9854125976562,-0.5829095379166924,0.5938397726318092,4.052970797904784,-1.1689298783720163,-0.2098216385974236,0.8583895757878643,1.4536353100896786,-0.6679303409240527,0.3381610256267029,-2.3886518878919483
33.0,208.0,999.9854125976562,-0.5829102996672404,0.5938429846851196,4.052965962505466,-1.168929693179205,-0.2098191325018907,0.8583894703774142,1.4536324541820091,-0.6679318446519016,0.3381524100688811,-2.388655679076128
33.0,208.0,999.9854125976562,-0.582909041073064,0.5938445933394902,4.052968789229926,-1.1689255048636489,-0.2098215543503538,0.8583868715352221,1.4536343138395118,-0.6679296269553987,0.3381631023521461,-2.3886459364569825
33.0,208.0,999.9854125976562,-0.5829079981854441,0.5938425890157886,4.052973456056153,-1.1689276399711497,-0.2098214250319978,0.858391003394015,1.4536369956328965,-0.6679333548877482,0.3381645668113116,-2.388645873925591
33.0,208.0,999.9854125976562,-0.5829084140763445,0.5938444865442216,4.05297108878584,-1.1689329074348676,-0.2098213018969499,0.8583852301539547,1.4536410024667887,-0.6679290052054352,0.3381607125347718,-2.388648647023889
33.0,208.0,999.9854125976562,-0.5829074859759968,0.5938408413543153,4.052968638928359,-1.168925908185832,-0.2098230076696214,0.8583912672834142,1.453634993209235,-0.6679324347880335,0.3381608337132249,-2.38864655182546
33.0,208.0,999.9854125976562,-0.5829115473700694,0.5938460139440576,4.052964850885889,-1.1689304439558108,-0.2098181028479713,0.8583879471064835,1.4536323913428353,-0.6679312727921927,0.3381554674145794,-2.388653491124757
33.0,208.0,999.9854125976562,-0.5829092241329645,0.5938400562597561,4.052970043100826,-1.1689299670784257,-0.2098208585628489,0.8583913745644365,1.4536382003045911,-0.6679327064800109,0.3381604247301695,-2.3886479785911208
33.0,209.0,999.9854125976562,-0.5829080301043197,0.5938441512901438,4.052970804960252,-1.1689270072208364,-0.2098229107810407,0.8583898767830913,1.4536378131821293,-0.667931716988269,0.3381640396235665,-2.388644091190637
33.0,209.0,999.9854125976562,-0.582910921723645,0.5938468438107751,4.052966354518876,-1.1689291290153667,-0.2098202126618344,0.8583835048482102,1.453632280737395,-0.6679292895314459,0.3381567170107979,-2.38865287793681
33.0,209.0,999.9854736328124,-0.5829062029904666,0.593836395699153,4.05297521198278,-1.1689233558286762,-0.2098249695370118,0.858397728953082,1.4536373324926135,-0.6679363998723336,0.3381654810396544,-2.388640778647529
33.0,209.0,999.9854736328124,-0.5829091291420498,0.5938388910109431,4.052967150645566,-1.1689261358208451,-0.2098195689170978,0.8583933887557249,1.4536333021051293,-0.6679328121856791,0.3381615336939569,-2.3886469840640108
33.0,209.0,999.9854125976562,-0.5829077021455049,0.5938421964434575,4.052971850597512,-1.1689311000567084,-0.2098226586127021,0.8583871230336735,1.45364161511141,-0.6679292513426649,0.3381610531502401,-2.388646284542853
33.0,209.0,999.9854125976562,-0.582909926206022,0.5938419474242105,4.052971420175801,-1.168932870690222,-0.2098210720918212,0.8583868850100913,1.453638483856321,-0.6679319996604036,0.3381580283910708,-2.388651744867325
33.0,209.0,999.9854736328124,-0.5829093102984935,0.5938401568646867,4.052971847942793,-1.1689321136429394,-0.2098221931961754,0.8583863450100884,1.4536405622367097,-0.6679298442439077,0.3381580547510046,-2.3886512453787203
33.0,209.0,999.9854736328124,-0.5829102107186133,0.5938450663850912,4.052964011930246,-1.1689338308235508,-0.2098190051254942,0.8583842931100971,1.4536381434228964,-0.6679286246445066,0.3381533882382284,-2.388653436662032
33.0,209.0,999.9854125976562,-0.5829092924358914,0.593841125737729,4.0529671244572505,-1.1689300210327196,-0.2098199465649806,0.8583923780187774,1.4536351596033086,-0.6679319210208412,0.3381551813859733,-2.3886527196902003
33.0,209.0,999.9854125976562,-0.5829096201509207,0.5938454267090378,4.05296790881671,-1.168928026857381,-0.2098199477678166,0.8583878847484936,1.4536299579781904,-0.6679311170747155,0.3381597506681357,-2.388650344920144
33.0,209.0,999.9854125976562,-0.5829115196642194,0.5938448183503571,4.05296804846466,-1.1689363929749534,-0.2098177083492975,0.8583836386790686,1.453637655776726,-0.6679287530701323,0.3381553541021622,-2.3886563076135663
33.0,209.0,999.9854125976562,-0.582908210720384,0.5938390242467362,4.052972765647283,-1.168931862945758,-0.2098214532051461,0.8583910098607266,1.4536384786628522,-0.667932401101357,0.3381581515151532,-2.388651526432724
33.0,209.0,999.9854736328124,-0.5829071982660743,0.5938449731229305,4.052969306157664,-1.168923804645459,-0.2098230645946781,0.85838952677181,1.4536342832907012,-0.6679330212206605,0.3381650500633002,-2.388643845778672
33.0,209.0,999.9854736328124,-0.5829095726843958,0.5938407385559428,4.052971954665734,-1.1689341525171448,-0.209820247370847,0.8583868209768948,1.4536418738817725,-0.6679298274476588,0.3381583928375686,-2.388650999240728
33.0,209.0,999.9854125976562,-0.5829100751635394,0.5938476280285112,4.0529673532464745,-1.1689307375966438,-0.2098200484741292,0.8583837688255445,1.453634020763812,-0.667930186750664,0.3381546992962994,-2.3886517699105085
33.0,209.0,999.9854125976562,-0.5829100681240824,0.5938456765182334,4.052969274383969,-1.1689332759884987,-0.2098209617938327,0.8583825058052259,1.4536375603755474,-0.6679303053496808,0.338157951095801,-2.3886492853262418
33.0,209.0,999.9854736328124,-0.5829137736605352,0.5938444058658412,4.052969872509909,-1.1689348985154933,-0.2098161165663512,0.858386272324454,1.4536341886582802,-0.6679319963189352,0.3381573117470147,-2.3886544254390083
33.0,209.0,999.9854125976562,-0.5829098110707651,0.5938424344959188,4.052967700342922,-1.1689340197207023,-0.2098209492703437,0.8583875615235144,1.4536415851907076,-0.6679289928054075,0.3381543218562779,-2.3886531144276835
33.0,209.0,999.9854125976562,-0.5829095912944267,0.5938460000806911,4.052968302634829,-1.1689292857165583,-0.2098203361913579,0.8583858282352903,1.453633626359112,-0.6679317933515616,0.3381569036183371,-2.388649908606848
33.0,209.0,999.9854125976562,-0.5829083286359023,0.5938429914468362,4.052969750829666,-1.1689276088161824,-0.209821789504347,0.8583877389542769,1.453635512111461,-0.6679292388258498,0.338161579608176,-2.3886467668245155
33.0,209.0,999.9854736328124,-0.582908315466339,0.5938364726323808,4.052966911526594,-1.1689218542862916,-0.2098219623189905,0.8583980305806707,1.4536316359405728,-0.6679333976108337,0.3381608434691507,-2.388647879782237
33.0,209.0,999.9854125976562,-0.5829087331506964,0.5938436902926645,4.052969387091823,-1.1689274507897056,-0.2098199292101972,0.8583898443253428,1.4536331330359609,-0.6679329909130951,0.3381574499636564,-2.388652233254627
33.0,209.0,999.9854125976562,-0.582907726887834,0.5938431441529355,4.052967908674907,-1.168925345477649,-0.2098221326248337,0.8583891147660596,1.4536340246089008,-0.667931358047336,0.3381620073938247,-2.3886463715820616
33.0,209.0,999.9854125976562,-0.5829076798980068,0.5938404117607945,4.05297051304596,-1.1689275600606424,-0.209821713372114,0.8583913031801487,1.453635672254431,-0.6679319112536026,0.3381615227801768,-2.3886457164473
33.0,209.0,999.9854125976562,-0.5829093460172396,0.5938416178402219,4.052967900981471,-1.16892803086867,-0.2098216172350495,0.8583898148066798,1.4536348322165606,-0.6679315195619742,0.3381570621749787,-2.388653151886704
33.0,209.0,999.9854125976562,-0.5829111423812021,0.5938417281242927,4.052967273692527,-1.168937990894396,-0.2098188783213892,0.8583862980719843,1.4536387175801018,-0.6679299581983047,0.3381527562499551,-2.3886556633371887
33.0,209.0,999.9854125976562,-0.5829098067737242,0.5938418869161852,4.052969926076772,-1.168932962879614,-0.2098200096625611,0.8583881816774657,1.4536382420763443,-0.6679309183147435,0.3381584980015013,-2.3886515618888686
33.0,209.0,999.9854125976562,-0.5829103778848639,0.5938422112375878,4.052969555587008,-1.1689317202119307,-0.2098178053476322,0.8583889493228556,1.4536322108663455,-0.6679313620737739,0.33815856587628,-2.388654943244448
33.0,209.0,999.9854125976562,-0.5829118325315878,0.59384640490447,4.052967050494216,-1.1689325379039062,-0.2098197125543865,0.858382201093356,1.4536331260337922,-0.6679299508821508,0.3381551993224949,-2.3886558237539064
33.0,209.0,999.9854125976562,-0.582910623671121,0.5938468418117644,4.052966727923948,-1.1689308335329516,-0.2098195639844329,0.8583868100677208,1.4536382508312071,-0.6679286617520228,0.3381589475138593,-2.3886497070908383
33.0,209.0,999.9854736328124,-0.5829131705692623,0.5938446931100403,4.052967470625422,-1.168936521862003,-0.2098168929607489,0.8583832583827427,1.453636761022448,-0.6679289803960016,0.3381547199746206,-2.388654511016397
33.0,209.0,999.9854125976562,-0.5829118836340133,0.5938498672774228,4.052970448674158,-1.168936906297866,-0.2098198975170184,0.8583785078401176,1.45364085488022,-0.6679286995677023,0.3381564304744353,-2.388653206682445
33.0,209.0,999.9854125976562,-0.5829087949499652,0.593845034287007,4.052970508118444,-1.168928547894443,-0.2098224476814145,0.8583875328920989,1.4536368905675996,-0.6679312072480235,0.3381572322704009,-2.38865210320905
33.0,209.0,999.9854125976562,-0.5829084092747854,0.5938428240466642,4.0529676298032165,-1.1689301752317238,-0.2098215715815623,0.8583872038411187,1.4536343144652184,-0.667930122129043,0.3381575164245607,-2.388652078505048
33.0,209.0,999.9854125976562,-0.5829095859804241,0.5938406331269919,4.052968176709722,-1.168931503145088,-0.2098209076946222,0.8583892540233515,1.4536378364109872,-0.6679300194485567,0.3381580775888668,-2.388651822241826
33.0,209.0,999.9854125976562,-0.5829091460442974,0.5938427161815163,4.052967983914659,-1.168932720350056,-0.2098206485035323,0.8583868792050344,1.4536381128011753,-0.6679303655655904,0.3381568038581397,-2.3886493022307667
33.0,209.0,999.9854125976562,-0.5829102950702261,0.5938428858825704,4.052967843380422,-1.1689345573594268,-0.2098205921430471,0.8583856818133491,1.453640637527366,-0.6679287680216106,0.338155448232774,-2.3886515656416583
33.0,209.0,999.9854736328124,-0.5829132984414827,0.5938489709740846,4.052970789807306,-1.1689431320605124,-0.2098171771984027,0.8583788437065039,1.4536445838197327,-0.6679304958069672,0.3381497692766686,-2.3886588798555053
33.0,209.0,999.9854125976562,-0.5829060123603016,0.593836560380093,4.052975365620428,-1.1689241200480105,-0.2098240630418342,0.8583930784502982,1.4536335827633824,-0.667932516673071,0.3381671997029043,-2.3886453038692568
33.0,209.0,999.9854125976562,-0.5829130777597538,0.5938459034936212,4.05296736459896,-1.1689350907835565,-0.2098175064283491,0.8583867499397568,1.4536367382243451,-0.6679312578242138,0.3381519127861487,-2.388658390783621
33.0,209.0,999.9854125976562,-0.5829096502875846,0.5938480877049717,4.052969470781729,-1.1689296632689905,-0.2098215599325366,0.858383474204917,1.453637234407954,-0.6679297083303197,0.3381598485675932,-2.388647974585024
33.0,209.0,999.9854736328124,-0.5829101283680114,0.5938423363521537,4.052960540582697,-1.1689345906917756,-0.2098177857015342,0.858389327678375,1.4536407086056204,-0.6679272886357959,0.3381500429679462,-2.388652960588268
33.0,209.0,999.9854125976562,-0.5829095379166924,0.5938397726318092,4.052970797904784,-1.1689298783720163,-0.2098216385974236,0.8583895757878643,1.4536353100896786,-0.6679303409240527,0.3381610256267029,-2.3886518878919483
33.0,209.0,999.9854125976562,-0.5829102996672404,0.5938429846851196,4.052965962505466,-1.168929693179205,-0.2098191325018907,0.8583894703774142,1.4536324541820091,-0.6679318446519016,0.3381524100688811,-2.388655679076128
33.0,209.0,999.9854125976562,-0.582909041073064,0.5938445933394902,4.052968789229926,-1.1689255048636489,-0.2098215543503538,0.8583868715352221,1.4536343138395118,-0.6679296269553987,0.3381631023521461,-2.3886459364569825
33.0,209.0,999.9854125976562,-0.5829079981854441,0.5938425890157886,4.052973456056153,-1.1689276399711497,-0.2098214250319978,0.858391003394015,1.4536369956328965,-0.6679333548877482,0.3381645668113116,-2.388645873925591
33.0,209.0,999.9854125976562,-0.5829084140763445,0.5938444865442216,4.05297108878584,-1.1689329074348676,-0.2098213018969499,0.8583852301539547,1.4536410024667887,-0.6679290052054352,0.3381607125347718,-2.388648647023889
33.0,209.0,999.9854125976562,-0.5829074859759968,0.5938408413543153,4.052968638928359,-1.168925908185832,-0.2098230076696214,0.8583912672834142,1.453634993209235,-0.6679324347880335,0.3381608337132249,-2.38864655182546
33.0,209.0,999.9854125976562,-0.5829115473700694,0.5938460139440576,4.052964850885889,-1.1689304439558108,-0.2098181028479713,0.8583879471064835,1.4536323913428353,-0.6679312727921927,0.3381554674145794,-2.388653491124757
33.0,209.0,999.9854125976562,-0.5829092241329645,0.5938400562597561,4.052970043100826,-1.1689299670784257,-0.2098208585628489,0.8583913745644365,1.4536382003045911,-0.6679327064800109,0.3381604247301695,-2.3886479785911208
33.0,210.0,999.9854125976562,-0.5829080301043197,0.5938441512901438,4.052970804960252,-1.1689270072208364,-0.2098229107810407,0.8583898767830913,1.4536378131821293,-0.667931716988269,0.3381640396235665,-2.388644091190637
33.0,210.0,999.9854125976562,-0.582910921723645,0.5938468438107751,4.052966354518876,-1.1689291290153667,-0.2098202126618344,0.8583835048482102,1.453632280737395,-0.6679292895314459,0.3381567170107979,-2.38865287793681
33.0,210.0,999.9854736328124,-0.5829062029904666,0.593836395699153,4.05297521198278,-1.1689233558286762,-0.2098249695370118,0.858397728953082,1.4536373324926135,-0.6679363998723336,0.3381654810396544,-2.388640778647529
33.0,210.0,999.9854736328124,-0.5829091291420498,0.5938388910109431,4.052967150645566,-1.1689261358208451,-0.2098195689170978,0.8583933887557249,1.4536333021051293,-0.6679328121856791,0.3381615336939569,-2.3886469840640108
33.0,210.0,999.9854125976562,-0.5829077021455049,0.5938421964434575,4.052971850597512,-1.1689311000567084,-0.2098226586127021,0.8583871230336735,1.45364161511141,-0.6679292513426649,0.3381610531502401,-2.388646284542853
33.0,210.0,999.9854125976562,-0.582909926206022,0.5938419474242105,4.052971420175801,-1.168932870690222,-0.2098210720918212,0.8583868850100913,1.453638483856321,-0.6679319996604036,0.3381580283910708,-2.388651744867325
33.0,210.0,999.9854736328124,-0.5829093102984935,0.5938401568646867,4.052971847942793,-1.1689321136429394,-0.2098221931961754,0.8583863450100884,1.4536405622367097,-0.6679298442439077,0.3381580547510046,-2.3886512453787203
33.0,210.0,999.9854736328124,-0.5829102107186133,0.5938450663850912,4.052964011930246,-1.1689338308235508,-0.2098190051254942,0.8583842931100971,1.4536381434228964,-0.6679286246445066,0.3381533882382284,-2.388653436662032
33.0,210.0,999.9854125976562,-0.5829092924358914,0.593841125737729,4.0529671244572505,-1.1689300210327196,-0.2098199465649806,0.8583923780187774,1.4536351596033086,-0.6679319210208412,0.3381551813859733,-2.3886527196902003
33.0,210.0,999.9854125976562,-0.5829096201509207,0.5938454267090378,4.05296790881671,-1.168928026857381,-0.2098199477678166,0.8583878847484936,1.4536299579781904,-0.6679311170747155,0.3381597506681357,-2.388650344920144
33.0,210.0,999.9854125976562,-0.5829115196642194,0.5938448183503571,4.05296804846466,-1.1689363929749534,-0.2098177083492975,0.8583836386790686,1.453637655776726,-0.6679287530701323,0.3381553541021622,-2.3886563076135663
33.0,210.0,999.9854125976562,-0.582908210720384,0.5938390242467362,4.052972765647283,-1.168931862945758,-0.2098214532051461,0.8583910098607266,1.4536384786628522,-0.667932401101357,0.3381581515151532,-2.388651526432724
33.0,210.0,999.9854736328124,-0.5829071982660743,0.5938449731229305,4.052969306157664,-1.168923804645459,-0.2098230645946781,0.85838952677181,1.4536342832907012,-0.6679330212206605,0.3381650500633002,-2.388643845778672
33.0,210.0,999.9854736328124,-0.5829095726843958,0.5938407385559428,4.052971954665734,-1.1689341525171448,-0.209820247370847,0.8583868209768948,1.4536418738817725,-0.6679298274476588,0.3381583928375686,-2.388650999240728
33.0,210.0,999.9854125976562,-0.5829100751635394,0.5938476280285112,4.0529673532464745,-1.1689307375966438,-0.2098200484741292,0.8583837688255445,1.453634020763812,-0.667930186750664,0.3381546992962994,-2.3886517699105085
33.0,210.0,999.9854125976562,-0.5829100681240824,0.5938456765182334,4.052969274383969,-1.1689332759884987,-0.2098209617938327,0.8583825058052259,1.4536375603755474,-0.6679303053496808,0.338157951095801,-2.3886492853262418
33.0,210.0,999.9854736328124,-0.5829137736605352,0.5938444058658412,4.052969872509909,-1.1689348985154933,-0.2098161165663512,0.858386272324454,1.4536341886582802,-0.6679319963189352,0.3381573117470147,-2.3886544254390083
33.0,210.0,999.9854125976562,-0.5829098110707651,0.5938424344959188,4.052967700342922,-1.1689340197207023,-0.2098209492703437,0.8583875615235144,1.4536415851907076,-0.6679289928054075,0.3381543218562779,-2.3886531144276835
33.0,210.0,999.9854125976562,-0.5829095912944267,0.5938460000806911,4.052968302634829,-1.1689292857165583,-0.2098203361913579,0.8583858282352903,1.453633626359112,-0.6679317933515616,0.3381569036183371,-2.388649908606848
33.0,210.0,999.9854125976562,-0.5829083286359023,0.5938429914468362,4.052969750829666,-1.1689276088161824,-0.209821789504347,0.8583877389542769,1.453635512111461,-0.6679292388258498,0.338161579608176,-2.3886467668245155
33.0,210.0,999.9854736328124,-0.582908315466339,0.5938364726323808,4.052966911526594,-1.1689218542862916,-0.2098219623189905,0.8583980305806707,1.4536316359405728,-0.6679333976108337,0.3381608434691507,-2.388647879782237
33.0,210.0,999.9854125976562,-0.5829087331506964,0.5938436902926645,4.052969387091823,-1.1689274507897056,-0.2098199292101972,0.8583898443253428,1.4536331330359609,-0.6679329909130951,0.3381574499636564,-2.388652233254627
33.0,210.0,999.9854125976562,-0.582907726887834,0.5938431441529355,4.052967908674907,-1.168925345477649,-0.2098221326248337,0.8583891147660596,1.4536340246089008,-0.667931358047336,0.3381620073938247,-2.3886463715820616
33.0,210.0,999.9854125976562,-0.5829076798980068,0.5938404117607945,4.05297051304596,-1.1689275600606424,-0.209821713372114,0.8583913031801487,1.453635672254431,-0.6679319112536026,0.3381615227801768,-2.3886457164473
33.0,210.0,999.9854125976562,-0.5829093460172396,0.5938416178402219,4.052967900981471,-1.16892803086867,-0.2098216172350495,0.8583898148066798,1.4536348322165606,-0.6679315195619742,0.3381570621749787,-2.388653151886704
33.0,210.0,999.9854125976562,-0.5829111423812021,0.5938417281242927,4.052967273692527,-1.168937990894396,-0.2098188783213892,0.8583862980719843,1.4536387175801018,-0.6679299581983047,0.3381527562499551,-2.3886556633371887
33.0,210.0,999.9854125976562,-0.5829098067737242,0.5938418869161852,4.052969926076772,-1.168932962879614,-0.2098200096625611,0.8583881816774657,1.4536382420763443,-0.6679309183147435,0.3381584980015013,-2.3886515618888686
33.0,210.0,999.9854125976562,-0.5829103778848639,0.5938422112375878,4.052969555587008,-1.1689317202119307,-0.2098178053476322,0.8583889493228556,1.4536322108663455,-0.6679313620737739,0.33815856587628,-2.388654943244448
33.0,210.0,999.9854125976562,-0.5829118325315878,0.59384640490447,4.052967050494216,-1.1689325379039062,-0.2098197125543865,0.858382201093356,1.4536331260337922,-0.6679299508821508,0.3381551993224949,-2.3886558237539064
33.0,210.0,999.9854125976562,-0.582910623671121,0.5938468418117644,4.052966727923948,-1.1689308335329516,-0.2098195639844329,0.8583868100677208,1.4536382508312071,-0.6679286617520228,0.3381589475138593,-2.3886497070908383
33.0,210.0,999.9854736328124,-0.5829131705692623,0.5938446931100403,4.052967470625422,-1.168936521862003,-0.2098168929607489,0.8583832583827427,1.453636761022448,-0.6679289803960016,0.3381547199746206,-2.388654511016397
33.0,210.0,999.9854125976562,-0.5829118836340133,0.5938498672774228,4.052970448674158,-1.168936906297866,-0.2098198975170184,0.8583785078401176,1.45364085488022,-0.6679286995677023,0.3381564304744353,-2.388653206682445
33.0,210.0,999.9854125976562,-0.5829087949499652,0.593845034287007,4.052970508118444,-1.168928547894443,-0.2098224476814145,0.8583875328920989,1.4536368905675996,-0.6679312072480235,0.3381572322704009,-2.38865210320905
33.0,210.0,999.9854125976562,-0.5829084092747854,0.5938428240466642,4.0529676298032165,-1.1689301752317238,-0.2098215715815623,0.8583872038411187,1.4536343144652184,-0.667930122129043,0.3381575164245607,-2.388652078505048
33.0,210.0,999.9854125976562,-0.5829095859804241,0.5938406331269919,4.052968176709722,-1.168931503145088,-0.2098209076946222,0.8583892540233515,1.4536378364109872,-0.6679300194485567,0.3381580775888668,-2.388651822241826
33.0,210.0,999.9854125976562,-0.5829091460442974,0.5938427161815163,4.052967983914659,-1.168932720350056,-0.2098206485035323,0.8583868792050344,1.4536381128011753,-0.6679303655655904,0.3381568038581397,-2.3886493022307667
33.0,210.0,999.9854125976562,-0.5829102950702261,0.5938428858825704,4.052967843380422,-1.1689345573594268,-0.2098205921430471,0.8583856818133491,1.453640637527366,-0.6679287680216106,0.338155448232774,-2.3886515656416583
33.0,210.0,999.9854736328124,-0.5829132984414827,0.5938489709740846,4.052970789807306,-1.1689431320605124,-0.2098171771984027,0.8583788437065039,1.4536445838197327,-0.6679304958069672,0.3381497692766686,-2.3886588798555053
33.0,210.0,999.9854125976562,-0.5829060123603016,0.593836560380093,4.052975365620428,-1.1689241200480105,-0.2098240630418342,0.8583930784502982,1.4536335827633824,-0.667932516673071,0.3381671997029043,-2.3886453038692568
33.0,210.0,999.9854125976562,-0.5829130777597538,0.5938459034936212,4.05296736459896,-1.1689350907835565,-0.2098175064283491,0.8583867499397568,1.4536367382243451,-0.6679312578242138,0.3381519127861487,-2.388658390783621
33.0,210.0,999.9854125976562,-0.5829096502875846,0.5938480877049717,4.052969470781729,-1.1689296632689905,-0.2098215599325366,0.858383474204917,1.453637234407954,-0.6679297083303197,0.3381598485675932,-2.388647974585024
33.0,210.0,999.9854736328124,-0.5829101283680114,0.5938423363521537,4.052960540582697,-1.1689345906917756,-0.2098177857015342,0.858389327678375,1.4536407086056204,-0.6679272886357959,0.3381500429679462,-2.388652960588268
33.0,210.0,999.9854125976562,-0.5829095379166924,0.5938397726318092,4.052970797904784,-1.1689298783720163,-0.2098216385974236,0.8583895757878643,1.4536353100896786,-0.6679303409240527,0.3381610256267029,-2.3886518878919483
33.0,210.0,999.9854125976562,-0.5829102996672404,0.5938429846851196,4.052965962505466,-1.168929693179205,-0.2098191325018907,0.8583894703774142,1.4536324541820091,-0.6679318446519016,0.3381524100688811,-2.388655679076128
33.0,210.0,999.9854125976562,-0.582909041073064,0.5938445933394902,4.052968789229926,-1.1689255048636489,-0.2098215543503538,0.8583868715352221,1.4536343138395118,-0.6679296269553987,0.3381631023521461,-2.3886459364569825
33.0,210.0,999.9854125976562,-0.5829079981854441,0.5938425890157886,4.052973456056153,-1.1689276399711497,-0.2098214250319978,0.858391003394015,1.4536369956328965,-0.6679333548877482,0.3381645668113116,-2.388645873925591
33.0,210.0,999.9854125976562,-0.5829084140763445,0.5938444865442216,4.05297108878584,-1.1689329074348676,-0.2098213018969499,0.8583852301539547,1.4536410024667887,-0.6679290052054352,0.3381607125347718,-2.388648647023889
33.0,210.0,999.9854125976562,-0.5829074859759968,0.5938408413543153,4.052968638928359,-1.168925908185832,-0.2098230076696214,0.8583912672834142,1.453634993209235,-0.6679324347880335,0.3381608337132249,-2.38864655182546
33.0,210.0,999.9854125976562,-0.5829115473700694,0.5938460139440576,4.052964850885889,-1.1689304439558108,-0.2098181028479713,0.8583879471064835,1.4536323913428353,-0.6679312727921927,0.3381554674145794,-2.388653491124757
33.0,210.0,999.9854125976562,-0.5829092241329645,0.5938400562597561,4.052970043100826,-1.1689299670784257,-0.2098208585628489,0.8583913745644365,1.4536382003045911,-0.6679327064800109,0.3381604247301695,-2.3886479785911208
33.0,211.0,999.9854125976562,-0.5829080301043197,0.5938441512901438,4.052970804960252,-1.1689270072208364,-0.2098229107810407,0.8583898767830913,1.4536378131821293,-0.667931716988269,0.3381640396235665,-2.388644091190637
33.0,211.0,999.9854125976562,-0.582910921723645,0.5938468438107751,4.052966354518876,-1.1689291290153667,-0.2098202126618344,0.8583835048482102,1.453632280737395,-0.6679292895314459,0.3381567170107979,-2.38865287793681
33.0,211.0,999.9854736328124,-0.5829062029904666,0.593836395699153,4.05297521198278,-1.1689233558286762,-0.2098249695370118,0.858397728953082,1.4536373324926135,-0.6679363998723336,0.3381654810396544,-2.388640778647529
33.0,211.0,999.9854736328124,-0.5829091291420498,0.5938388910109431,4.052967150645566,-1.1689261358208451,-0.2098195689170978,0.8583933887557249,1.4536333021051293,-0.6679328121856791,0.3381615336939569,-2.3886469840640108
33.0,211.0,999.9854125976562,-0.5829077021455049,0.5938421964434575,4.052971850597512,-1.1689311000567084,-0.2098226586127021,0.8583871230336735,1.45364161511141,-0.6679292513426649,0.3381610531502401,-2.388646284542853
33.0,211.0,999.9854125976562,-0.582909926206022,0.5938419474242105,4.052971420175801,-1.168932870690222,-0.2098210720918212,0.8583868850100913,1.453638483856321,-0.6679319996604036,0.3381580283910708,-2.388651744867325
33.0,211.0,999.9854736328124,-0.5829093102984935,0.5938401568646867,4.052971847942793,-1.1689321136429394,-0.2098221931961754,0.8583863450100884,1.4536405622367097,-0.6679298442439077,0.3381580547510046,-2.3886512453787203
33.0,211.0,999.9854736328124,-0.5829102107186133,0.5938450663850912,4.052964011930246,-1.1689338308235508,-0.2098190051254942,0.8583842931100971,1.4536381434228964,-0.6679286246445066,0.3381533882382284,-2.388653436662032
33.0,211.0,999.9854125976562,-0.5829092924358914,0.593841125737729,4.0529671244572505,-1.1689300210327196,-0.2098199465649806,0.8583923780187774,1.4536351596033086,-0.6679319210208412,0.3381551813859733,-2.3886527196902003
33.0,211.0,999.9854125976562,-0.5829096201509207,0.5938454267090378,4.05296790881671,-1.168928026857381,-0.2098199477678166,0.8583878847484936,1.4536299579781904,-0.6679311170747155,0.3381597506681357,-2.388650344920144
33.0,211.0,999.9854125976562,-0.5829115196642194,0.5938448183503571,4.05296804846466,-1.1689363929749534,-0.2098177083492975,0.8583836386790686,1.453637655776726,-0.6679287530701323,0.3381553541021622,-2.3886563076135663
33.0,211.0,999.9854125976562,-0.582908210720384,0.5938390242467362,4.052972765647283,-1.168931862945758,-0.2098214532051461,0.8583910098607266,1.4536384786628522,-0.667932401101357,0.3381581515151532,-2.388651526432724
33.0,211.0,999.9854736328124,-0.5829071982660743,0.5938449731229305,4.052969306157664,-1.168923804645459,-0.2098230645946781,0.85838952677181,1.4536342832907012,-0.6679330212206605,0.3381650500633002,-2.388643845778672
33.0,211.0,999.9854736328124,-0.5829095726843958,0.5938407385559428,4.052971954665734,-1.1689341525171448,-0.209820247370847,0.8583868209768948,1.4536418738817725,-0.6679298274476588,0.3381583928375686,-2.388650999240728
33.0,211.0,999.9854125976562,-0.5829100751635394,0.5938476280285112,4.0529673532464745,-1.1689307375966438,-0.2098200484741292,0.8583837688255445,1.453634020763812,-0.667930186750664,0.3381546992962994,-2.3886517699105085
33.0,211.0,999.9854125976562,-0.5829100681240824,0.5938456765182334,4.052969274383969,-1.1689332759884987,-0.2098209617938327,0.8583825058052259,1.4536375603755474,-0.6679303053496808,0.338157951095801,-2.3886492853262418
33.0,211.0,999.9854736328124,-0.5829137736605352,0.5938444058658412,4.052969872509909,-1.1689348985154933,-0.2098161165663512,0.858386272324454,1.4536341886582802,-0.6679319963189352,0.3381573117470147,-2.3886544254390083
33.0,211.0,999.9854125976562,-0.5829098110707651,0.5938424344959188,4.052967700342922,-1.1689340197207023,-0.2098209492703437,0.8583875615235144,1.4536415851907076,-0.6679289928054075,0.3381543218562779,-2.3886531144276835
33.0,211.0,999.9854125976562,-0.5829095912944267,0.5938460000806911,4.052968302634829,-1.1689292857165583,-0.2098203361913579,0.8583858282352903,1.453633626359112,-0.6679317933515616,0.3381569036183371,-2.388649908606848
33.0,211.0,999.9854125976562,-0.5829083286359023,0.5938429914468362,4.052969750829666,-1.1689276088161824,-0.209821789504347,0.8583877389542769,1.453635512111461,-0.6679292388258498,0.338161579608176,-2.3886467668245155
33.0,211.0,999.9854736328124,-0.582908315466339,0.5938364726323808,4.052966911526594,-1.1689218542862916,-0.2098219623189905,0.8583980305806707,1.4536316359405728,-0.6679333976108337,0.3381608434691507,-2.388647879782237
33.0,211.0,999.9854125976562,-0.5829087331506964,0.5938436902926645,4.052969387091823,-1.1689274507897056,-0.2098199292101972,0.8583898443253428,1.4536331330359609,-0.6679329909130951,0.3381574499636564,-2.388652233254627
33.0,211.0,999.9854125976562,-0.582907726887834,0.5938431441529355,4.052967908674907,-1.168925345477649,-0.2098221326248337,0.8583891147660596,1.4536340246089008,-0.667931358047336,0.3381620073938247,-2.3886463715820616
33.0,211.0,999.9854125976562,-0.5829076798980068,0.5938404117607945,4.05297051304596,-1.1689275600606424,-0.209821713372114,0.8583913031801487,1.453635672254431,-0.6679319112536026,0.3381615227801768,-2.3886457164473
33.0,211.0,999.9854125976562,-0.5829093460172396,0.5938416178402219,4.052967900981471,-1.16892803086867,-0.2098216172350495,0.8583898148066798,1.4536348322165606,-0.6679315195619742,0.3381570621749787,-2.388653151886704
33.0,211.0,999.9854125976562,-0.5829111423812021,0.5938417281242927,4.052967273692527,-1.168937990894396,-0.2098188783213892,0.8583862980719843,1.4536387175801018,-0.6679299581983047,0.3381527562499551,-2.3886556633371887
33.0,211.0,999.9854125976562,-0.5829098067737242,0.5938418869161852,4.052969926076772,-1.168932962879614,-0.2098200096625611,0.8583881816774657,1.4536382420763443,-0.6679309183147435,0.3381584980015013,-2.3886515618888686
33.0,211.0,999.9854125976562,-0.5829103778848639,0.5938422112375878,4.052969555587008,-1.1689317202119307,-0.2098178053476322,0.8583889493228556,1.4536322108663455,-0.6679313620737739,0.33815856587628,-2.388654943244448
33.0,211.0,999.9854125976562,-0.5829118325315878,0.59384640490447,4.052967050494216,-1.1689325379039062,-0.2098197125543865,0.858382201093356,1.4536331260337922,-0.6679299508821508,0.3381551993224949,-2.3886558237539064
33.0,211.0,999.9854125976562,-0.582910623671121,0.5938468418117644,4.052966727923948,-1.1689308335329516,-0.2098195639844329,0.8583868100677208,1.4536382508312071,-0.6679286617520228,0.3381589475138593,-2.3886497070908383
33.0,211.0,999.9854736328124,-0.5829131705692623,0.5938446931100403,4.052967470625422,-1.168936521862003,-0.2098168929607489,0.8583832583827427,1.453636761022448,-0.6679289803960016,0.3381547199746206,-2.388654511016397
33.0,211.0,999.9854125976562,-0.5829118836340133,0.5938498672774228,4.052970448674158,-1.168936906297866,-0.2098198975170184,0.8583785078401176,1.45364085488022,-0.6679286995677023,0.3381564304744353,-2.388653206682445
33.0,211.0,999.9854125976562,-0.5829087949499652,0.593845034287007,4.052970508118444,-1.168928547894443,-0.2098224476814145,0.8583875328920989,1.4536368905675996,-0.6679312072480235,0.3381572322704009,-2.38865210320905
33.0,211.0,999.9854125976562,-0.5829084092747854,0.5938428240466642,4.0529676298032165,-1.1689301752317238,-0.2098215715815623,0.8583872038411187,1.4536343144652184,-0.667930122129043,0.3381575164245607,-2.388652078505048
33.0,211.0,999.9854125976562,-0.5829095859804241,0.5938406331269919,4.052968176709722,-1.168931503145088,-0.2098209076946222,0.8583892540233515,1.4536378364109872,-0.6679300194485567,0.3381580775888668,-2.388651822241826
33.0,211.0,999.9854125976562,-0.5829091460442974,0.5938427161815163,4.052967983914659,-1.168932720350056,-0.2098206485035323,0.8583868792050344,1.4536381128011753,-0.6679303655655904,0.3381568038581397,-2.3886493022307667
33.0,211.0,999.9854125976562,-0.5829102950702261,0.5938428858825704,4.052967843380422,-1.1689345573594268,-0.2098205921430471,0.8583856818133491,1.453640637527366,-0.6679287680216106,0.338155448232774,-2.3886515656416583
33.0,211.0,999.9854736328124,-0.5829132984414827,0.5938489709740846,4.052970789807306,-1.1689431320605124,-0.2098171771984027,0.8583788437065039,1.4536445838197327,-0.6679304958069672,0.3381497692766686,-2.3886588798555053
33.0,211.0,999.9854125976562,-0.5829060123603016,0.593836560380093,4.052975365620428,-1.1689241200480105,-0.2098240630418342,0.8583930784502982,1.4536335827633824,-0.667932516673071,0.3381671997029043,-2.3886453038692568
33.0,211.0,999.9854125976562,-0.5829130777597538,0.5938459034936212,4.05296736459896,-1.1689350907835565,-0.2098175064283491,0.8583867499397568,1.4536367382243451,-0.6679312578242138,0.3381519127861487,-2.388658390783621
33.0,211.0,999.9854125976562,-0.5829096502875846,0.5938480877049717,4.052969470781729,-1.1689296632689905,-0.2098215599325366,0.858383474204917,1.453637234407954,-0.6679297083303197,0.3381598485675932,-2.388647974585024
33.0,211.0,999.9854736328124,-0.5829101283680114,0.5938423363521537,4.052960540582697,-1.1689345906917756,-0.2098177857015342,0.858389327678375,1.4536407086056204,-0.6679272886357959,0.3381500429679462,-2.388652960588268
33.0,211.0,999.9854125976562,-0.5829095379166924,0.5938397726318092,4.052970797904784,-1.1689298783720163,-0.2098216385974236,0.8583895757878643,1.4536353100896786,-0.6679303409240527,0.3381610256267029,-2.3886518878919483
33.0,211.0,999.9854125976562,-0.5829102996672404,0.5938429846851196,4.052965962505466,-1.168929693179205,-0.2098191325018907,0.8583894703774142,1.4536324541820091,-0.6679318446519016,0.3381524100688811,-2.388655679076128
33.0,211.0,999.9854125976562,-0.582909041073064,0.5938445933394902,4.052968789229926,-1.1689255048636489,-0.2098215543503538,0.8583868715352221,1.4536343138395118,-0.6679296269553987,0.3381631023521461,-2.3886459364569825
33.0,211.0,999.9854125976562,-0.5829079981854441,0.5938425890157886,4.052973456056153,-1.1689276399711497,-0.2098214250319978,0.858391003394015,1.4536369956328965,-0.6679333548877482,0.3381645668113116,-2.388645873925591
33.0,211.0,999.9854125976562,-0.5829084140763445,0.5938444865442216,4.05297108878584,-1.1689329074348676,-0.2098213018969499,0.8583852301539547,1.4536410024667887,-0.6679290052054352,0.3381607125347718,-2.388648647023889
33.0,211.0,999.9854125976562,-0.5829074859759968,0.5938408413543153,4.052968638928359,-1.168925908185832,-0.2098230076696214,0.8583912672834142,1.453634993209235,-0.6679324347880335,0.3381608337132249,-2.38864655182546
33.0,211.0,999.9854125976562,-0.5829115473700694,0.5938460139440576,4.052964850885889,-1.1689304439558108,-0.2098181028479713,0.8583879471064835,1.4536323913428353,-0.6679312727921927,0.3381554674145794,-2.388653491124757
33.0,211.0,999.9854125976562,-0.5829092241329645,0.5938400562597561,4.052970043100826,-1.1689299670784257,-0.2098208585628489,0.8583913745644365,1.4536382003045911,-0.6679327064800109,0.3381604247301695,-2.3886479785911208
33.0,212.0,999.9854125976562,-0.5829080301043197,0.5938441512901438,4.052970804960252,-1.1689270072208364,-0.2098229107810407,0.8583898767830913,1.4536378131821293,-0.667931716988269,0.3381640396235665,-2.388644091190637
33.0,212.0,999.9854125976562,-0.582910921723645,0.5938468438107751,4.052966354518876,-1.1689291290153667,-0.2098202126618344,0.8583835048482102,1.453632280737395,-0.6679292895314459,0.3381567170107979,-2.38865287793681
33.0,212.0,999.9854736328124,-0.5829062029904666,0.593836395699153,4.05297521198278,-1.1689233558286762,-0.2098249695370118,0.858397728953082,1.4536373324926135,-0.6679363998723336,0.3381654810396544,-2.388640778647529
33.0,212.0,999.9854736328124,-0.5829091291420498,0.5938388910109431,4.052967150645566,-1.1689261358208451,-0.2098195689170978,0.8583933887557249,1.4536333021051293,-0.6679328121856791,0.3381615336939569,-2.3886469840640108
33.0,212.0,999.9854125976562,-0.5829077021455049,0.5938421964434575,4.052971850597512,-1.1689311000567084,-0.2098226586127021,0.8583871230336735,1.45364161511141,-0.6679292513426649,0.3381610531502401,-2.388646284542853
33.0,212.0,999.9854125976562,-0.582909926206022,0.5938419474242105,4.052971420175801,-1.168932870690222,-0.2098210720918212,0.8583868850100913,1.453638483856321,-0.6679319996604036,0.3381580283910708,-2.388651744867325
33.0,212.0,999.9854736328124,-0.5829093102984935,0.5938401568646867,4.052971847942793,-1.1689321136429394,-0.2098221931961754,0.8583863450100884,1.4536405622367097,-0.6679298442439077,0.3381580547510046,-2.3886512453787203
33.0,212.0,999.9854736328124,-0.5829102107186133,0.5938450663850912,4.052964011930246,-1.1689338308235508,-0.2098190051254942,0.8583842931100971,1.4536381434228964,-0.6679286246445066,0.3381533882382284,-2.388653436662032
33.0,212.0,999.9854125976562,-0.5829092924358914,0.593841125737729,4.0529671244572505,-1.1689300210327196,-0.2098199465649806,0.8583923780187774,1.4536351596033086,-0.6679319210208412,0.3381551813859733,-2.3886527196902003
33.0,212.0,999.9854125976562,-0.5829096201509207,0.5938454267090378,4.05296790881671,-1.168928026857381,-0.2098199477678166,0.8583878847484936,1.4536299579781904,-0.6679311170747155,0.3381597506681357,-2.388650344920144
33.0,212.0,999.9854125976562,-0.5829115196642194,0.5938448183503571,4.05296804846466,-1.1689363929749534,-0.2098177083492975,0.8583836386790686,1.453637655776726,-0.6679287530701323,0.3381553541021622,-2.3886563076135663
33.0,212.0,999.9854125976562,-0.582908210720384,0.5938390242467362,4.052972765647283,-1.168931862945758,-0.2098214532051461,0.8583910098607266,1.4536384786628522,-0.667932401101357,0.3381581515151532,-2.388651526432724
33.0,212.0,999.9854736328124,-0.5829071982660743,0.5938449731229305,4.052969306157664,-1.168923804645459,-0.2098230645946781,0.85838952677181,1.4536342832907012,-0.6679330212206605,0.3381650500633002,-2.388643845778672
33.0,212.0,999.9854736328124,-0.5829095726843958,0.5938407385559428,4.052971954665734,-1.1689341525171448,-0.209820247370847,0.8583868209768948,1.4536418738817725,-0.6679298274476588,0.3381583928375686,-2.388650999240728
33.0,212.0,999.9854125976562,-0.5829100751635394,0.5938476280285112,4.0529673532464745,-1.1689307375966438,-0.2098200484741292,0.8583837688255445,1.453634020763812,-0.667930186750664,0.3381546992962994,-2.3886517699105085
33.0,212.0,999.9854125976562,-0.5829100681240824,0.5938456765182334,4.052969274383969,-1.1689332759884987,-0.2098209617938327,0.8583825058052259,1.4536375603755474,-0.6679303053496808,0.338157951095801,-2.3886492853262418
33.0,212.0,999.9854736328124,-0.5829137736605352,0.5938444058658412,4.052969872509909,-1.1689348985154933,-0.2098161165663512,0.858386272324454,1.4536341886582802,-0.6679319963189352,0.3381573117470147,-2.3886544254390083
33.0,212.0,999.9854125976562,-0.5829098110707651,0.5938424344959188,4.052967700342922,-1.1689340197207023,-0.2098209492703437,0.8583875615235144,1.4536415851907076,-0.6679289928054075,0.3381543218562779,-2.3886531144276835
33.0,212.0,999.9854125976562,-0.5829095912944267,0.5938460000806911,4.052968302634829,-1.1689292857165583,-0.2098203361913579,0.8583858282352903,1.453633626359112,-0.6679317933515616,0.3381569036183371,-2.388649908606848
33.0,212.0,999.9854125976562,-0.5829083286359023,0.5938429914468362,4.052969750829666,-1.1689276088161824,-0.209821789504347,0.8583877389542769,1.453635512111461,-0.6679292388258498,0.338161579608176,-2.3886467668245155
33.0,212.0,999.9854736328124,-0.582908315466339,0.5938364726323808,4.052966911526594,-1.1689218542862916,-0.2098219623189905,0.8583980305806707,1.4536316359405728,-0.6679333976108337,0.3381608434691507,-2.388647879782237
33.0,212.0,999.9854125976562,-0.5829087331506964,0.5938436902926645,4.052969387091823,-1.1689274507897056,-0.2098199292101972,0.8583898443253428,1.4536331330359609,-0.6679329909130951,0.3381574499636564,-2.388652233254627
33.0,212.0,999.9854125976562,-0.582907726887834,0.5938431441529355,4.052967908674907,-1.168925345477649,-0.2098221326248337,0.8583891147660596,1.4536340246089008,-0.667931358047336,0.3381620073938247,-2.3886463715820616
33.0,212.0,999.9854125976562,-0.5829076798980068,0.5938404117607945,4.05297051304596,-1.1689275600606424,-0.209821713372114,0.8583913031801487,1.453635672254431,-0.6679319112536026,0.3381615227801768,-2.3886457164473
33.0,212.0,999.9854125976562,-0.5829093460172396,0.5938416178402219,4.052967900981471,-1.16892803086867,-0.2098216172350495,0.8583898148066798,1.4536348322165606,-0.6679315195619742,0.3381570621749787,-2.388653151886704
33.0,212.0,999.9854125976562,-0.5829111423812021,0.5938417281242927,4.052967273692527,-1.168937990894396,-0.2098188783213892,0.8583862980719843,1.4536387175801018,-0.6679299581983047,0.3381527562499551,-2.3886556633371887
33.0,212.0,999.9854125976562,-0.5829098067737242,0.5938418869161852,4.052969926076772,-1.168932962879614,-0.2098200096625611,0.8583881816774657,1.4536382420763443,-0.6679309183147435,0.3381584980015013,-2.3886515618888686
33.0,212.0,999.9854125976562,-0.5829103778848639,0.5938422112375878,4.052969555587008,-1.1689317202119307,-0.2098178053476322,0.8583889493228556,1.4536322108663455,-0.6679313620737739,0.33815856587628,-2.388654943244448
33.0,212.0,999.9854125976562,-0.5829118325315878,0.59384640490447,4.052967050494216,-1.1689325379039062,-0.2098197125543865,0.858382201093356,1.4536331260337922,-0.6679299508821508,0.3381551993224949,-2.3886558237539064
33.0,212.0,999.9854125976562,-0.582910623671121,0.5938468418117644,4.052966727923948,-1.1689308335329516,-0.2098195639844329,0.8583868100677208,1.4536382508312071,-0.6679286617520228,0.3381589475138593,-2.3886497070908383
33.0,212.0,999.9854736328124,-0.5829131705692623,0.5938446931100403,4.052967470625422,-1.168936521862003,-0.2098168929607489,0.8583832583827427,1.453636761022448,-0.6679289803960016,0.3381547199746206,-2.388654511016397
33.0,212.0,999.9854125976562,-0.5829118836340133,0.5938498672774228,4.052970448674158,-1.168936906297866,-0.2098198975170184,0.8583785078401176,1.45364085488022,-0.6679286995677023,0.3381564304744353,-2.388653206682445
33.0,212.0,999.9854125976562,-0.5829087949499652,0.593845034287007,4.052970508118444,-1.168928547894443,-0.2098224476814145,0.8583875328920989,1.4536368905675996,-0.6679312072480235,0.3381572322704009,-2.38865210320905
33.0,212.0,999.9854125976562,-0.5829084092747854,0.5938428240466642,4.0529676298032165,-1.1689301752317238,-0.2098215715815623,0.8583872038411187,1.4536343144652184,-0.667930122129043,0.3381575164245607,-2.388652078505048
33.0,212.0,999.9854125976562,-0.5829095859804241,0.5938406331269919,4.052968176709722,-1.168931503145088,-0.2098209076946222,0.8583892540233515,1.4536378364109872,-0.6679300194485567,0.3381580775888668,-2.388651822241826
33.0,212.0,999.9854125976562,-0.5829091460442974,0.5938427161815163,4.052967983914659,-1.168932720350056,-0.2098206485035323,0.8583868792050344,1.4536381128011753,-0.6679303655655904,0.3381568038581397,-2.3886493022307667
33.0,212.0,999.9854125976562,-0.5829102950702261,0.5938428858825704,4.052967843380422,-1.1689345573594268,-0.2098205921430471,0.8583856818133491,1.453640637527366,-0.6679287680216106,0.338155448232774,-2.3886515656416583
33.0,212.0,999.9854736328124,-0.5829132984414827,0.5938489709740846,4.052970789807306,-1.1689431320605124,-0.2098171771984027,0.8583788437065039,1.4536445838197327,-0.6679304958069672,0.3381497692766686,-2.3886588798555053
33.0,212.0,999.9854125976562,-0.5829060123603016,0.593836560380093,4.052975365620428,-1.1689241200480105,-0.2098240630418342,0.8583930784502982,1.4536335827633824,-0.667932516673071,0.3381671997029043,-2.3886453038692568
33.0,212.0,999.9854125976562,-0.5829130777597538,0.5938459034936212,4.05296736459896,-1.1689350907835565,-0.2098175064283491,0.8583867499397568,1.4536367382243451,-0.6679312578242138,0.3381519127861487,-2.388658390783621
33.0,212.0,999.9854125976562,-0.5829096502875846,0.5938480877049717,4.052969470781729,-1.1689296632689905,-0.2098215599325366,0.858383474204917,1.453637234407954,-0.6679297083303197,0.3381598485675932,-2.388647974585024
33.0,212.0,999.9854736328124,-0.5829101283680114,0.5938423363521537,4.052960540582697,-1.1689345906917756,-0.2098177857015342,0.858389327678375,1.4536407086056204,-0.6679272886357959,0.3381500429679462,-2.388652960588268
33.0,212.0,999.9854125976562,-0.5829095379166924,0.5938397726318092,4.052970797904784,-1.1689298783720163,-0.2098216385974236,0.8583895757878643,1.4536353100896786,-0.6679303409240527,0.3381610256267029,-2.3886518878919483
33.0,212.0,999.9854125976562,-0.5829102996672404,0.5938429846851196,4.052965962505466,-1.168929693179205,-0.2098191325018907,0.8583894703774142,1.4536324541820091,-0.6679318446519016,0.3381524100688811,-2.388655679076128
33.0,212.0,999.9854125976562,-0.582909041073064,0.5938445933394902,4.052968789229926,-1.1689255048636489,-0.2098215543503538,0.8583868715352221,1.4536343138395118,-0.6679296269553987,0.3381631023521461,-2.3886459364569825
33.0,212.0,999.9854125976562,-0.5829079981854441,0.5938425890157886,4.052973456056153,-1.1689276399711497,-0.2098214250319978,0.858391003394015,1.4536369956328965,-0.6679333548877482,0.3381645668113116,-2.388645873925591
33.0,212.0,999.9854125976562,-0.5829084140763445,0.5938444865442216,4.05297108878584,-1.1689329074348676,-0.2098213018969499,0.8583852301539547,1.4536410024667887,-0.6679290052054352,0.3381607125347718,-2.388648647023889
33.0,212.0,999.9854125976562,-0.5829074859759968,0.5938408413543153,4.052968638928359,-1.168925908185832,-0.2098230076696214,0.8583912672834142,1.453634993209235,-0.6679324347880335,0.3381608337132249,-2.38864655182546
33.0,212.0,999.9854125976562,-0.5829115473700694,0.5938460139440576,4.052964850885889,-1.1689304439558108,-0.2098181028479713,0.8583879471064835,1.4536323913428353,-0.6679312727921927,0.3381554674145794,-2.388653491124757
33.0,212.0,999.9854125976562,-0.5829092241329645,0.5938400562597561,4.052970043100826,-1.1689299670784257,-0.2098208585628489,0.8583913745644365,1.4536382003045911,-0.6679327064800109,0.3381604247301695,-2.3886479785911208
33.0,213.0,999.9854125976562,-0.5829080301043197,0.5938441512901438,4.052970804960252,-1.1689270072208364,-0.2098229107810407,0.8583898767830913,1.4536378131821293,-0.667931716988269,0.3381640396235665,-2.388644091190637
33.0,213.0,999.9854125976562,-0.582910921723645,0.5938468438107751,4.052966354518876,-1.1689291290153667,-0.2098202126618344,0.8583835048482102,1.453632280737395,-0.6679292895314459,0.3381567170107979,-2.38865287793681
33.0,213.0,999.9854736328124,-0.5829062029904666,0.593836395699153,4.05297521198278,-1.1689233558286762,-0.2098249695370118,0.858397728953082,1.4536373324926135,-0.6679363998723336,0.3381654810396544,-2.388640778647529
33.0,213.0,999.9854736328124,-0.5829091291420498,0.5938388910109431,4.052967150645566,-1.1689261358208451,-0.2098195689170978,0.8583933887557249,1.4536333021051293,-0.6679328121856791,0.3381615336939569,-2.3886469840640108
33.0,213.0,999.9854125976562,-0.5829077021455049,0.5938421964434575,4.052971850597512,-1.1689311000567084,-0.2098226586127021,0.8583871230336735,1.45364161511141,-0.6679292513426649,0.3381610531502401,-2.388646284542853
33.0,213.0,999.9854125976562,-0.582909926206022,0.5938419474242105,4.052971420175801,-1.168932870690222,-0.2098210720918212,0.8583868850100913,1.453638483856321,-0.6679319996604036,0.3381580283910708,-2.388651744867325
33.0,213.0,999.9854736328124,-0.5829093102984935,0.5938401568646867,4.052971847942793,-1.1689321136429394,-0.2098221931961754,0.8583863450100884,1.4536405622367097,-0.6679298442439077,0.3381580547510046,-2.3886512453787203
33.0,213.0,999.9854736328124,-0.5829102107186133,0.5938450663850912,4.052964011930246,-1.1689338308235508,-0.2098190051254942,0.8583842931100971,1.4536381434228964,-0.6679286246445066,0.3381533882382284,-2.388653436662032
33.0,213.0,999.9854125976562,-0.5829092924358914,0.593841125737729,4.0529671244572505,-1.1689300210327196,-0.2098199465649806,0.8583923780187774,1.4536351596033086,-0.6679319210208412,0.3381551813859733,-2.3886527196902003
33.0,213.0,999.9854125976562,-0.5829096201509207,0.5938454267090378,4.05296790881671,-1.168928026857381,-0.2098199477678166,0.8583878847484936,1.4536299579781904,-0.6679311170747155,0.3381597506681357,-2.388650344920144
33.0,213.0,999.9854125976562,-0.5829115196642194,0.5938448183503571,4.05296804846466,-1.1689363929749534,-0.2098177083492975,0.8583836386790686,1.453637655776726,-0.6679287530701323,0.3381553541021622,-2.3886563076135663
33.0,213.0,999.9854125976562,-0.582908210720384,0.5938390242467362,4.052972765647283,-1.168931862945758,-0.2098214532051461,0.8583910098607266,1.4536384786628522,-0.667932401101357,0.3381581515151532,-2.388651526432724
33.0,213.0,999.9854736328124,-0.5829071982660743,0.5938449731229305,4.052969306157664,-1.168923804645459,-0.2098230645946781,0.85838952677181,1.4536342832907012,-0.6679330212206605,0.3381650500633002,-2.388643845778672
33.0,213.0,999.9854736328124,-0.5829095726843958,0.5938407385559428,4.052971954665734,-1.1689341525171448,-0.209820247370847,0.8583868209768948,1.4536418738817725,-0.6679298274476588,0.3381583928375686,-2.388650999240728
33.0,213.0,999.9854125976562,-0.5829100751635394,0.5938476280285112,4.0529673532464745,-1.1689307375966438,-0.2098200484741292,0.8583837688255445,1.453634020763812,-0.667930186750664,0.3381546992962994,-2.3886517699105085
33.0,213.0,999.9854125976562,-0.5829100681240824,0.5938456765182334,4.052969274383969,-1.1689332759884987,-0.2098209617938327,0.8583825058052259,1.4536375603755474,-0.6679303053496808,0.338157951095801,-2.3886492853262418
33.0,213.0,999.9854736328124,-0.5829137736605352,0.5938444058658412,4.052969872509909,-1.1689348985154933,-0.2098161165663512,0.858386272324454,1.4536341886582802,-0.6679319963189352,0.3381573117470147,-2.3886544254390083
33.0,213.0,999.9854125976562,-0.5829098110707651,0.5938424344959188,4.052967700342922,-1.1689340197207023,-0.2098209492703437,0.8583875615235144,1.4536415851907076,-0.6679289928054075,0.3381543218562779,-2.3886531144276835
33.0,213.0,999.9854125976562,-0.5829095912944267,0.5938460000806911,4.052968302634829,-1.1689292857165583,-0.2098203361913579,0.8583858282352903,1.453633626359112,-0.6679317933515616,0.3381569036183371,-2.388649908606848
33.0,213.0,999.9854125976562,-0.5829083286359023,0.5938429914468362,4.052969750829666,-1.1689276088161824,-0.209821789504347,0.8583877389542769,1.453635512111461,-0.6679292388258498,0.338161579608176,-2.3886467668245155
33.0,213.0,999.9854736328124,-0.582908315466339,0.5938364726323808,4.052966911526594,-1.1689218542862916,-0.2098219623189905,0.8583980305806707,1.4536316359405728,-0.6679333976108337,0.3381608434691507,-2.388647879782237
33.0,213.0,999.9854125976562,-0.5829087331506964,0.5938436902926645,4.052969387091823,-1.1689274507897056,-0.2098199292101972,0.8583898443253428,1.4536331330359609,-0.6679329909130951,0.3381574499636564,-2.388652233254627
33.0,213.0,999.9854125976562,-0.582907726887834,0.5938431441529355,4.052967908674907,-1.168925345477649,-0.2098221326248337,0.8583891147660596,1.4536340246089008,-0.667931358047336,0.3381620073938247,-2.3886463715820616
33.0,213.0,999.9854125976562,-0.5829076798980068,0.5938404117607945,4.05297051304596,-1.1689275600606424,-0.209821713372114,0.8583913031801487,1.453635672254431,-0.6679319112536026,0.3381615227801768,-2.3886457164473
33.0,213.0,999.9854125976562,-0.5829093460172396,0.5938416178402219,4.052967900981471,-1.16892803086867,-0.2098216172350495,0.8583898148066798,1.4536348322165606,-0.6679315195619742,0.3381570621749787,-2.388653151886704
33.0,213.0,999.9854125976562,-0.5829111423812021,0.5938417281242927,4.052967273692527,-1.168937990894396,-0.2098188783213892,0.8583862980719843,1.4536387175801018,-0.6679299581983047,0.3381527562499551,-2.3886556633371887
33.0,213.0,999.9854125976562,-0.5829098067737242,0.5938418869161852,4.052969926076772,-1.168932962879614,-0.2098200096625611,0.8583881816774657,1.4536382420763443,-0.6679309183147435,0.3381584980015013,-2.3886515618888686
33.0,213.0,999.9854125976562,-0.5829103778848639,0.5938422112375878,4.052969555587008,-1.1689317202119307,-0.2098178053476322,0.8583889493228556,1.4536322108663455,-0.6679313620737739,0.33815856587628,-2.388654943244448
33.0,213.0,999.9854125976562,-0.5829118325315878,0.59384640490447,4.052967050494216,-1.1689325379039062,-0.2098197125543865,0.858382201093356,1.4536331260337922,-0.6679299508821508,0.3381551993224949,-2.3886558237539064
33.0,213.0,999.9854125976562,-0.582910623671121,0.5938468418117644,4.052966727923948,-1.1689308335329516,-0.2098195639844329,0.8583868100677208,1.4536382508312071,-0.6679286617520228,0.3381589475138593,-2.3886497070908383
33.0,213.0,999.9854736328124,-0.5829131705692623,0.5938446931100403,4.052967470625422,-1.168936521862003,-0.2098168929607489,0.8583832583827427,1.453636761022448,-0.6679289803960016,0.3381547199746206,-2.388654511016397
33.0,213.0,999.9854125976562,-0.5829118836340133,0.5938498672774228,4.052970448674158,-1.168936906297866,-0.2098198975170184,0.8583785078401176,1.45364085488022,-0.6679286995677023,0.3381564304744353,-2.388653206682445
33.0,213.0,999.9854125976562,-0.5829087949499652,0.593845034287007,4.052970508118444,-1.168928547894443,-0.2098224476814145,0.8583875328920989,1.4536368905675996,-0.6679312072480235,0.3381572322704009,-2.38865210320905
33.0,213.0,999.9854125976562,-0.5829084092747854,0.5938428240466642,4.0529676298032165,-1.1689301752317238,-0.2098215715815623,0.8583872038411187,1.4536343144652184,-0.667930122129043,0.3381575164245607,-2.388652078505048
33.0,213.0,999.9854125976562,-0.5829095859804241,0.5938406331269919,4.052968176709722,-1.168931503145088,-0.2098209076946222,0.8583892540233515,1.4536378364109872,-0.6679300194485567,0.3381580775888668,-2.388651822241826
33.0,213.0,999.9854125976562,-0.5829091460442974,0.5938427161815163,4.052967983914659,-1.168932720350056,-0.2098206485035323,0.8583868792050344,1.4536381128011753,-0.6679303655655904,0.3381568038581397,-2.3886493022307667
33.0,213.0,999.9854125976562,-0.5829102950702261,0.5938428858825704,4.052967843380422,-1.1689345573594268,-0.2098205921430471,0.8583856818133491,1.453640637527366,-0.6679287680216106,0.338155448232774,-2.3886515656416583
33.0,213.0,999.9854736328124,-0.5829132984414827,0.5938489709740846,4.052970789807306,-1.1689431320605124,-0.2098171771984027,0.8583788437065039,1.4536445838197327,-0.6679304958069672,0.3381497692766686,-2.3886588798555053
33.0,213.0,999.9854125976562,-0.5829060123603016,0.593836560380093,4.052975365620428,-1.1689241200480105,-0.2098240630418342,0.8583930784502982,1.4536335827633824,-0.667932516673071,0.3381671997029043,-2.3886453038692568
33.0,213.0,999.9854125976562,-0.5829130777597538,0.5938459034936212,4.05296736459896,-1.1689350907835565,-0.2098175064283491,0.8583867499397568,1.4536367382243451,-0.6679312578242138,0.3381519127861487,-2.388658390783621
33.0,213.0,999.9854125976562,-0.5829096502875846,0.5938480877049717,4.052969470781729,-1.1689296632689905,-0.2098215599325366,0.858383474204917,1.453637234407954,-0.6679297083303197,0.3381598485675932,-2.388647974585024
33.0,213.0,999.9854736328124,-0.5829101283680114,0.5938423363521537,4.052960540582697,-1.1689345906917756,-0.2098177857015342,0.858389327678375,1.4536407086056204,-0.6679272886357959,0.3381500429679462,-2.388652960588268
33.0,213.0,999.9854125976562,-0.5829095379166924,0.5938397726318092,4.052970797904784,-1.1689298783720163,-0.2098216385974236,0.8583895757878643,1.4536353100896786,-0.6679303409240527,0.3381610256267029,-2.3886518878919483
33.0,213.0,999.9854125976562,-0.5829102996672404,0.5938429846851196,4.052965962505466,-1.168929693179205,-0.2098191325018907,0.8583894703774142,1.4536324541820091,-0.6679318446519016,0.3381524100688811,-2.388655679076128
33.0,213.0,999.9854125976562,-0.582909041073064,0.5938445933394902,4.052968789229926,-1.1689255048636489,-0.2098215543503538,0.8583868715352221,1.4536343138395118,-0.6679296269553987,0.3381631023521461,-2.3886459364569825
33.0,213.0,999.9854125976562,-0.5829079981854441,0.5938425890157886,4.052973456056153,-1.1689276399711497,-0.2098214250319978,0.858391003394015,1.4536369956328965,-0.6679333548877482,0.3381645668113116,-2.388645873925591
33.0,213.0,999.9854125976562,-0.5829084140763445,0.5938444865442216,4.05297108878584,-1.1689329074348676,-0.2098213018969499,0.8583852301539547,1.4536410024667887,-0.6679290052054352,0.3381607125347718,-2.388648647023889
33.0,213.0,999.9854125976562,-0.5829074859759968,0.5938408413543153,4.052968638928359,-1.168925908185832,-0.2098230076696214,0.8583912672834142,1.453634993209235,-0.6679324347880335,0.3381608337132249,-2.38864655182546
33.0,213.0,999.9854125976562,-0.5829115473700694,0.5938460139440576,4.052964850885889,-1.1689304439558108,-0.2098181028479713,0.8583879471064835,1.4536323913428353,-0.6679312727921927,0.3381554674145794,-2.388653491124757
33.0,213.0,999.9854125976562,-0.5829092241329645,0.5938400562597561,4.052970043100826,-1.1689299670784257,-0.2098208585628489,0.8583913745644365,1.4536382003045911,-0.6679327064800109,0.3381604247301695,-2.3886479785911208
33.0,214.0,999.9854125976562,-0.5829080301043197,0.5938441512901438,4.052970804960252,-1.1689270072208364,-0.2098229107810407,0.8583898767830913,1.4536378131821293,-0.667931716988269,0.3381640396235665,-2.388644091190637
33.0,214.0,999.9854125976562,-0.582910921723645,0.5938468438107751,4.052966354518876,-1.1689291290153667,-0.2098202126618344,0.8583835048482102,1.453632280737395,-0.6679292895314459,0.3381567170107979,-2.38865287793681
33.0,214.0,999.9854736328124,-0.5829062029904666,0.593836395699153,4.05297521198278,-1.1689233558286762,-0.2098249695370118,0.858397728953082,1.4536373324926135,-0.6679363998723336,0.3381654810396544,-2.388640778647529
33.0,214.0,999.9854736328124,-0.5829091291420498,0.5938388910109431,4.052967150645566,-1.1689261358208451,-0.2098195689170978,0.8583933887557249,1.4536333021051293,-0.6679328121856791,0.3381615336939569,-2.3886469840640108
33.0,214.0,999.9854125976562,-0.5829077021455049,0.5938421964434575,4.052971850597512,-1.1689311000567084,-0.2098226586127021,0.8583871230336735,1.45364161511141,-0.6679292513426649,0.3381610531502401,-2.388646284542853
33.0,214.0,999.9854125976562,-0.582909926206022,0.5938419474242105,4.052971420175801,-1.168932870690222,-0.2098210720918212,0.8583868850100913,1.453638483856321,-0.6679319996604036,0.3381580283910708,-2.388651744867325
33.0,214.0,999.9854736328124,-0.5829093102984935,0.5938401568646867,4.052971847942793,-1.1689321136429394,-0.2098221931961754,0.8583863450100884,1.4536405622367097,-0.6679298442439077,0.3381580547510046,-2.3886512453787203
33.0,214.0,999.9854736328124,-0.5829102107186133,0.5938450663850912,4.052964011930246,-1.1689338308235508,-0.2098190051254942,0.8583842931100971,1.4536381434228964,-0.6679286246445066,0.3381533882382284,-2.388653436662032
33.0,214.0,999.9854125976562,-0.5829092924358914,0.593841125737729,4.0529671244572505,-1.1689300210327196,-0.2098199465649806,0.8583923780187774,1.4536351596033086,-0.6679319210208412,0.3381551813859733,-2.3886527196902003
33.0,214.0,999.9854125976562,-0.5829096201509207,0.5938454267090378,4.05296790881671,-1.168928026857381,-0.2098199477678166,0.8583878847484936,1.4536299579781904,-0.6679311170747155,0.3381597506681357,-2.388650344920144
33.0,214.0,999.9854125976562,-0.5829115196642194,0.5938448183503571,4.05296804846466,-1.1689363929749534,-0.2098177083492975,0.8583836386790686,1.453637655776726,-0.6679287530701323,0.3381553541021622,-2.3886563076135663
33.0,214.0,999.9854125976562,-0.582908210720384,0.5938390242467362,4.052972765647283,-1.168931862945758,-0.2098214532051461,0.8583910098607266,1.4536384786628522,-0.667932401101357,0.3381581515151532,-2.388651526432724
33.0,214.0,999.9854736328124,-0.5829071982660743,0.5938449731229305,4.052969306157664,-1.168923804645459,-0.2098230645946781,0.85838952677181,1.4536342832907012,-0.6679330212206605,0.3381650500633002,-2.388643845778672
33.0,214.0,999.9854736328124,-0.5829095726843958,0.5938407385559428,4.052971954665734,-1.1689341525171448,-0.209820247370847,0.8583868209768948,1.4536418738817725,-0.6679298274476588,0.3381583928375686,-2.388650999240728
33.0,214.0,999.9854125976562,-0.5829100751635394,0.5938476280285112,4.0529673532464745,-1.1689307375966438,-0.2098200484741292,0.8583837688255445,1.453634020763812,-0.667930186750664,0.3381546992962994,-2.3886517699105085
33.0,214.0,999.9854125976562,-0.5829100681240824,0.5938456765182334,4.052969274383969,-1.1689332759884987,-0.2098209617938327,0.8583825058052259,1.4536375603755474,-0.6679303053496808,0.338157951095801,-2.3886492853262418
33.0,214.0,999.9854736328124,-0.5829137736605352,0.5938444058658412,4.052969872509909,-1.1689348985154933,-0.2098161165663512,0.858386272324454,1.4536341886582802,-0.6679319963189352,0.3381573117470147,-2.3886544254390083
33.0,214.0,999.9854125976562,-0.5829098110707651,0.5938424344959188,4.052967700342922,-1.1689340197207023,-0.2098209492703437,0.8583875615235144,1.4536415851907076,-0.6679289928054075,0.3381543218562779,-2.3886531144276835
33.0,214.0,999.9854125976562,-0.5829095912944267,0.5938460000806911,4.052968302634829,-1.1689292857165583,-0.2098203361913579,0.8583858282352903,1.453633626359112,-0.6679317933515616,0.3381569036183371,-2.388649908606848
33.0,214.0,999.9854125976562,-0.5829083286359023,0.5938429914468362,4.052969750829666,-1.1689276088161824,-0.209821789504347,0.8583877389542769,1.453635512111461,-0.6679292388258498,0.338161579608176,-2.3886467668245155
33.0,214.0,999.9854736328124,-0.582908315466339,0.5938364726323808,4.052966911526594,-1.1689218542862916,-0.2098219623189905,0.8583980305806707,1.4536316359405728,-0.6679333976108337,0.3381608434691507,-2.388647879782237
33.0,214.0,999.9854125976562,-0.5829087331506964,0.5938436902926645,4.052969387091823,-1.1689274507897056,-0.2098199292101972,0.8583898443253428,1.4536331330359609,-0.6679329909130951,0.3381574499636564,-2.388652233254627
33.0,214.0,999.9854125976562,-0.582907726887834,0.5938431441529355,4.052967908674907,-1.168925345477649,-0.2098221326248337,0.8583891147660596,1.4536340246089008,-0.667931358047336,0.3381620073938247,-2.3886463715820616
33.0,214.0,999.9854125976562,-0.5829076798980068,0.5938404117607945,4.05297051304596,-1.1689275600606424,-0.209821713372114,0.8583913031801487,1.453635672254431,-0.6679319112536026,0.3381615227801768,-2.3886457164473
33.0,214.0,999.9854125976562,-0.5829093460172396,0.5938416178402219,4.052967900981471,-1.16892803086867,-0.2098216172350495,0.8583898148066798,1.4536348322165606,-0.6679315195619742,0.3381570621749787,-2.388653151886704
33.0,214.0,999.9854125976562,-0.5829111423812021,0.5938417281242927,4.052967273692527,-1.168937990894396,-0.2098188783213892,0.8583862980719843,1.4536387175801018,-0.6679299581983047,0.3381527562499551,-2.3886556633371887
33.0,214.0,999.9854125976562,-0.5829098067737242,0.5938418869161852,4.052969926076772,-1.168932962879614,-0.2098200096625611,0.8583881816774657,1.4536382420763443,-0.6679309183147435,0.3381584980015013,-2.3886515618888686
33.0,214.0,999.9854125976562,-0.5829103778848639,0.5938422112375878,4.052969555587008,-1.1689317202119307,-0.2098178053476322,0.8583889493228556,1.4536322108663455,-0.6679313620737739,0.33815856587628,-2.388654943244448
33.0,214.0,999.9854125976562,-0.5829118325315878,0.59384640490447,4.052967050494216,-1.1689325379039062,-0.2098197125543865,0.858382201093356,1.4536331260337922,-0.6679299508821508,0.3381551993224949,-2.3886558237539064
33.0,214.0,999.9854125976562,-0.582910623671121,0.5938468418117644,4.052966727923948,-1.1689308335329516,-0.2098195639844329,0.8583868100677208,1.4536382508312071,-0.6679286617520228,0.3381589475138593,-2.3886497070908383
33.0,214.0,999.9854736328124,-0.5829131705692623,0.5938446931100403,4.052967470625422,-1.168936521862003,-0.2098168929607489,0.8583832583827427,1.453636761022448,-0.6679289803960016,0.3381547199746206,-2.388654511016397
33.0,214.0,999.9854125976562,-0.5829118836340133,0.5938498672774228,4.052970448674158,-1.168936906297866,-0.2098198975170184,0.8583785078401176,1.45364085488022,-0.6679286995677023,0.3381564304744353,-2.388653206682445
33.0,214.0,999.9854125976562,-0.5829087949499652,0.593845034287007,4.052970508118444,-1.168928547894443,-0.2098224476814145,0.8583875328920989,1.4536368905675996,-0.6679312072480235,0.3381572322704009,-2.38865210320905
33.0,214.0,999.9854125976562,-0.5829084092747854,0.5938428240466642,4.0529676298032165,-1.1689301752317238,-0.2098215715815623,0.8583872038411187,1.4536343144652184,-0.667930122129043,0.3381575164245607,-2.388652078505048
33.0,214.0,999.9854125976562,-0.5829095859804241,0.5938406331269919,4.052968176709722,-1.168931503145088,-0.2098209076946222,0.8583892540233515,1.4536378364109872,-0.6679300194485567,0.3381580775888668,-2.388651822241826
33.0,214.0,999.9854125976562,-0.5829091460442974,0.5938427161815163,4.052967983914659,-1.168932720350056,-0.2098206485035323,0.8583868792050344,1.4536381128011753,-0.6679303655655904,0.3381568038581397,-2.3886493022307667
33.0,214.0,999.9854125976562,-0.5829102950702261,0.5938428858825704,4.052967843380422,-1.1689345573594268,-0.2098205921430471,0.8583856818133491,1.453640637527366,-0.6679287680216106,0.338155448232774,-2.3886515656416583
33.0,214.0,999.9854736328124,-0.5829132984414827,0.5938489709740846,4.052970789807306,-1.1689431320605124,-0.2098171771984027,0.8583788437065039,1.4536445838197327,-0.6679304958069672,0.3381497692766686,-2.3886588798555053
33.0,214.0,999.9854125976562,-0.5829060123603016,0.593836560380093,4.052975365620428,-1.1689241200480105,-0.2098240630418342,0.8583930784502982,1.4536335827633824,-0.667932516673071,0.3381671997029043,-2.3886453038692568
33.0,214.0,999.9854125976562,-0.5829130777597538,0.5938459034936212,4.05296736459896,-1.1689350907835565,-0.2098175064283491,0.8583867499397568,1.4536367382243451,-0.6679312578242138,0.3381519127861487,-2.388658390783621
33.0,214.0,999.9854125976562,-0.5829096502875846,0.5938480877049717,4.052969470781729,-1.1689296632689905,-0.2098215599325366,0.858383474204917,1.453637234407954,-0.6679297083303197,0.3381598485675932,-2.388647974585024
33.0,214.0,999.9854736328124,-0.5829101283680114,0.5938423363521537,4.052960540582697,-1.1689345906917756,-0.2098177857015342,0.858389327678375,1.4536407086056204,-0.6679272886357959,0.3381500429679462,-2.388652960588268
33.0,214.0,999.9854125976562,-0.5829095379166924,0.5938397726318092,4.052970797904784,-1.1689298783720163,-0.2098216385974236,0.8583895757878643,1.4536353100896786,-0.6679303409240527,0.3381610256267029,-2.3886518878919483
33.0,214.0,999.9854125976562,-0.5829102996672404,0.5938429846851196,4.052965962505466,-1.168929693179205,-0.2098191325018907,0.8583894703774142,1.4536324541820091,-0.6679318446519016,0.3381524100688811,-2.388655679076128
33.0,214.0,999.9854125976562,-0.582909041073064,0.5938445933394902,4.052968789229926,-1.1689255048636489,-0.2098215543503538,0.8583868715352221,1.4536343138395118,-0.6679296269553987,0.3381631023521461,-2.3886459364569825
33.0,214.0,999.9854125976562,-0.5829079981854441,0.5938425890157886,4.052973456056153,-1.1689276399711497,-0.2098214250319978,0.858391003394015,1.4536369956328965,-0.6679333548877482,0.3381645668113116,-2.388645873925591
33.0,214.0,999.9854125976562,-0.5829084140763445,0.5938444865442216,4.05297108878584,-1.1689329074348676,-0.2098213018969499,0.8583852301539547,1.4536410024667887,-0.6679290052054352,0.3381607125347718,-2.388648647023889
33.0,214.0,999.9854125976562,-0.5829074859759968,0.5938408413543153,4.052968638928359,-1.168925908185832,-0.2098230076696214,0.8583912672834142,1.453634993209235,-0.6679324347880335,0.3381608337132249,-2.38864655182546
33.0,214.0,999.9854125976562,-0.5829115473700694,0.5938460139440576,4.052964850885889,-1.1689304439558108,-0.2098181028479713,0.8583879471064835,1.4536323913428353,-0.6679312727921927,0.3381554674145794,-2.388653491124757
33.0,214.0,999.9854125976562,-0.5829092241329645,0.5938400562597561,4.052970043100826,-1.1689299670784257,-0.2098208585628489,0.8583913745644365,1.4536382003045911,-0.6679327064800109,0.3381604247301695,-2.3886479785911208
33.0,215.0,999.9854125976562,-0.5829080301043197,0.5938441512901438,4.052970804960252,-1.1689270072208364,-0.2098229107810407,0.8583898767830913,1.4536378131821293,-0.667931716988269,0.3381640396235665,-2.388644091190637
33.0,215.0,999.9854125976562,-0.582910921723645,0.5938468438107751,4.052966354518876,-1.1689291290153667,-0.2098202126618344,0.8583835048482102,1.453632280737395,-0.6679292895314459,0.3381567170107979,-2.38865287793681
33.0,215.0,999.9854736328124,-0.5829062029904666,0.593836395699153,4.05297521198278,-1.1689233558286762,-0.2098249695370118,0.858397728953082,1.4536373324926135,-0.6679363998723336,0.3381654810396544,-2.388640778647529
33.0,215.0,999.9854736328124,-0.5829091291420498,0.5938388910109431,4.052967150645566,-1.1689261358208451,-0.2098195689170978,0.8583933887557249,1.4536333021051293,-0.6679328121856791,0.3381615336939569,-2.3886469840640108
33.0,215.0,999.9854125976562,-0.5829077021455049,0.5938421964434575,4.052971850597512,-1.1689311000567084,-0.2098226586127021,0.8583871230336735,1.45364161511141,-0.6679292513426649,0.3381610531502401,-2.388646284542853
33.0,215.0,999.9854125976562,-0.582909926206022,0.5938419474242105,4.052971420175801,-1.168932870690222,-0.2098210720918212,0.8583868850100913,1.453638483856321,-0.6679319996604036,0.3381580283910708,-2.388651744867325
33.0,215.0,999.9854736328124,-0.5829093102984935,0.5938401568646867,4.052971847942793,-1.1689321136429394,-0.2098221931961754,0.8583863450100884,1.4536405622367097,-0.6679298442439077,0.3381580547510046,-2.3886512453787203
33.0,215.0,999.9854736328124,-0.5829102107186133,0.5938450663850912,4.052964011930246,-1.1689338308235508,-0.2098190051254942,0.8583842931100971,1.4536381434228964,-0.6679286246445066,0.3381533882382284,-2.388653436662032
33.0,215.0,999.9854125976562,-0.5829092924358914,0.593841125737729,4.0529671244572505,-1.1689300210327196,-0.2098199465649806,0.8583923780187774,1.4536351596033086,-0.6679319210208412,0.3381551813859733,-2.3886527196902003
33.0,215.0,999.9854125976562,-0.5829096201509207,0.5938454267090378,4.05296790881671,-1.168928026857381,-0.2098199477678166,0.8583878847484936,1.4536299579781904,-0.6679311170747155,0.3381597506681357,-2.388650344920144
33.0,215.0,999.9854125976562,-0.5829115196642194,0.5938448183503571,4.05296804846466,-1.1689363929749534,-0.2098177083492975,0.8583836386790686,1.453637655776726,-0.6679287530701323,0.3381553541021622,-2.3886563076135663
33.0,215.0,999.9854125976562,-0.582908210720384,0.5938390242467362,4.052972765647283,-1.168931862945758,-0.2098214532051461,0.8583910098607266,1.4536384786628522,-0.667932401101357,0.3381581515151532,-2.388651526432724
33.0,215.0,999.9854736328124,-0.5829071982660743,0.5938449731229305,4.052969306157664,-1.168923804645459,-0.2098230645946781,0.85838952677181,1.4536342832907012,-0.6679330212206605,0.3381650500633002,-2.388643845778672
33.0,215.0,999.9854736328124,-0.5829095726843958,0.5938407385559428,4.052971954665734,-1.1689341525171448,-0.209820247370847,0.8583868209768948,1.4536418738817725,-0.6679298274476588,0.3381583928375686,-2.388650999240728
33.0,215.0,999.9854125976562,-0.5829100751635394,0.5938476280285112,4.0529673532464745,-1.1689307375966438,-0.2098200484741292,0.8583837688255445,1.453634020763812,-0.667930186750664,0.3381546992962994,-2.3886517699105085
33.0,215.0,999.9854125976562,-0.5829100681240824,0.5938456765182334,4.052969274383969,-1.1689332759884987,-0.2098209617938327,0.8583825058052259,1.4536375603755474,-0.6679303053496808,0.338157951095801,-2.3886492853262418
33.0,215.0,999.9854736328124,-0.5829137736605352,0.5938444058658412,4.052969872509909,-1.1689348985154933,-0.2098161165663512,0.858386272324454,1.4536341886582802,-0.6679319963189352,0.3381573117470147,-2.3886544254390083
33.0,215.0,999.9854125976562,-0.5829098110707651,0.5938424344959188,4.052967700342922,-1.1689340197207023,-0.2098209492703437,0.8583875615235144,1.4536415851907076,-0.6679289928054075,0.3381543218562779,-2.3886531144276835
33.0,215.0,999.9854125976562,-0.5829095912944267,0.5938460000806911,4.052968302634829,-1.1689292857165583,-0.2098203361913579,0.8583858282352903,1.453633626359112,-0.6679317933515616,0.3381569036183371,-2.388649908606848
33.0,215.0,999.9854125976562,-0.5829083286359023,0.5938429914468362,4.052969750829666,-1.1689276088161824,-0.209821789504347,0.8583877389542769,1.453635512111461,-0.6679292388258498,0.338161579608176,-2.3886467668245155
33.0,215.0,999.9854736328124,-0.582908315466339,0.5938364726323808,4.052966911526594,-1.1689218542862916,-0.2098219623189905,0.8583980305806707,1.4536316359405728,-0.6679333976108337,0.3381608434691507,-2.388647879782237
33.0,215.0,999.9854125976562,-0.5829087331506964,0.5938436902926645,4.052969387091823,-1.1689274507897056,-0.2098199292101972,0.8583898443253428,1.4536331330359609,-0.6679329909130951,0.3381574499636564,-2.388652233254627
33.0,215.0,999.9854125976562,-0.582907726887834,0.5938431441529355,4.052967908674907,-1.168925345477649,-0.2098221326248337,0.8583891147660596,1.4536340246089008,-0.667931358047336,0.3381620073938247,-2.3886463715820616
33.0,215.0,999.9854125976562,-0.5829076798980068,0.5938404117607945,4.05297051304596,-1.1689275600606424,-0.209821713372114,0.8583913031801487,1.453635672254431,-0.6679319112536026,0.3381615227801768,-2.3886457164473
33.0,215.0,999.9854125976562,-0.5829093460172396,0.5938416178402219,4.052967900981471,-1.16892803086867,-0.2098216172350495,0.8583898148066798,1.4536348322165606,-0.6679315195619742,0.3381570621749787,-2.388653151886704
33.0,215.0,999.9854125976562,-0.5829111423812021,0.5938417281242927,4.052967273692527,-1.168937990894396,-0.2098188783213892,0.8583862980719843,1.4536387175801018,-0.6679299581983047,0.3381527562499551,-2.3886556633371887
33.0,215.0,999.9854125976562,-0.5829098067737242,0.5938418869161852,4.052969926076772,-1.168932962879614,-0.2098200096625611,0.8583881816774657,1.4536382420763443,-0.6679309183147435,0.3381584980015013,-2.3886515618888686
33.0,215.0,999.9854125976562,-0.5829103778848639,0.5938422112375878,4.052969555587008,-1.1689317202119307,-0.2098178053476322,0.8583889493228556,1.4536322108663455,-0.6679313620737739,0.33815856587628,-2.388654943244448
33.0,215.0,999.9854125976562,-0.5829118325315878,0.59384640490447,4.052967050494216,-1.1689325379039062,-0.2098197125543865,0.858382201093356,1.4536331260337922,-0.6679299508821508,0.3381551993224949,-2.3886558237539064
33.0,215.0,999.9854125976562,-0.582910623671121,0.5938468418117644,4.052966727923948,-1.1689308335329516,-0.2098195639844329,0.8583868100677208,1.4536382508312071,-0.6679286617520228,0.3381589475138593,-2.3886497070908383
33.0,215.0,999.9854736328124,-0.5829131705692623,0.5938446931100403,4.052967470625422,-1.168936521862003,-0.2098168929607489,0.8583832583827427,1.453636761022448,-0.6679289803960016,0.3381547199746206,-2.388654511016397
33.0,215.0,999.9854125976562,-0.5829118836340133,0.5938498672774228,4.052970448674158,-1.168936906297866,-0.2098198975170184,0.8583785078401176,1.45364085488022,-0.6679286995677023,0.3381564304744353,-2.388653206682445
33.0,215.0,999.9854125976562,-0.5829087949499652,0.593845034287007,4.052970508118444,-1.168928547894443,-0.2098224476814145,0.8583875328920989,1.4536368905675996,-0.6679312072480235,0.3381572322704009,-2.38865210320905
33.0,215.0,999.9854125976562,-0.5829084092747854,0.5938428240466642,4.0529676298032165,-1.1689301752317238,-0.2098215715815623,0.8583872038411187,1.4536343144652184,-0.667930122129043,0.3381575164245607,-2.388652078505048
33.0,215.0,999.9854125976562,-0.5829095859804241,0.5938406331269919,4.052968176709722,-1.168931503145088,-0.2098209076946222,0.8583892540233515,1.4536378364109872,-0.6679300194485567,0.3381580775888668,-2.388651822241826
33.0,215.0,999.9854125976562,-0.5829091460442974,0.5938427161815163,4.052967983914659,-1.168932720350056,-0.2098206485035323,0.8583868792050344,1.4536381128011753,-0.6679303655655904,0.3381568038581397,-2.3886493022307667
33.0,215.0,999.9854125976562,-0.5829102950702261,0.5938428858825704,4.052967843380422,-1.1689345573594268,-0.2098205921430471,0.8583856818133491,1.453640637527366,-0.6679287680216106,0.338155448232774,-2.3886515656416583
33.0,215.0,999.9854736328124,-0.5829132984414827,0.5938489709740846,4.052970789807306,-1.1689431320605124,-0.2098171771984027,0.8583788437065039,1.4536445838197327,-0.6679304958069672,0.3381497692766686,-2.3886588798555053
33.0,215.0,999.9854125976562,-0.5829060123603016,0.593836560380093,4.052975365620428,-1.1689241200480105,-0.2098240630418342,0.8583930784502982,1.4536335827633824,-0.667932516673071,0.3381671997029043,-2.3886453038692568
33.0,215.0,999.9854125976562,-0.5829130777597538,0.5938459034936212,4.05296736459896,-1.1689350907835565,-0.2098175064283491,0.8583867499397568,1.4536367382243451,-0.6679312578242138,0.3381519127861487,-2.388658390783621
33.0,215.0,999.9854125976562,-0.5829096502875846,0.5938480877049717,4.052969470781729,-1.1689296632689905,-0.2098215599325366,0.858383474204917,1.453637234407954,-0.6679297083303197,0.3381598485675932,-2.388647974585024
33.0,215.0,999.9854736328124,-0.5829101283680114,0.5938423363521537,4.052960540582697,-1.1689345906917756,-0.2098177857015342,0.858389327678375,1.4536407086056204,-0.6679272886357959,0.3381500429679462,-2.388652960588268
33.0,215.0,999.9854125976562,-0.5829095379166924,0.5938397726318092,4.052970797904784,-1.1689298783720163,-0.2098216385974236,0.8583895757878643,1.4536353100896786,-0.6679303409240527,0.3381610256267029,-2.3886518878919483
33.0,215.0,999.9854125976562,-0.5829102996672404,0.5938429846851196,4.052965962505466,-1.168929693179205,-0.2098191325018907,0.8583894703774142,1.4536324541820091,-0.6679318446519016,0.3381524100688811,-2.388655679076128
33.0,215.0,999.9854125976562,-0.582909041073064,0.5938445933394902,4.052968789229926,-1.1689255048636489,-0.2098215543503538,0.8583868715352221,1.4536343138395118,-0.6679296269553987,0.3381631023521461,-2.3886459364569825
33.0,215.0,999.9854125976562,-0.5829079981854441,0.5938425890157886,4.052973456056153,-1.1689276399711497,-0.2098214250319978,0.858391003394015,1.4536369956328965,-0.6679333548877482,0.3381645668113116,-2.388645873925591
33.0,215.0,999.9854125976562,-0.5829084140763445,0.5938444865442216,4.05297108878584,-1.1689329074348676,-0.2098213018969499,0.8583852301539547,1.4536410024667887,-0.6679290052054352,0.3381607125347718,-2.388648647023889
33.0,215.0,999.9854125976562,-0.5829074859759968,0.5938408413543153,4.052968638928359,-1.168925908185832,-0.2098230076696214,0.8583912672834142,1.453634993209235,-0.6679324347880335,0.3381608337132249,-2.38864655182546
33.0,215.0,999.9854125976562,-0.5829115473700694,0.5938460139440576,4.052964850885889,-1.1689304439558108,-0.2098181028479713,0.8583879471064835,1.4536323913428353,-0.6679312727921927,0.3381554674145794,-2.388653491124757
33.0,215.0,999.9854125976562,-0.5829092241329645,0.5938400562597561,4.052970043100826,-1.1689299670784257,-0.2098208585628489,0.8583913745644365,1.4536382003045911,-0.6679327064800109,0.3381604247301695,-2.3886479785911208
33.0,216.0,999.9854125976562,-0.5829080301043197,0.5938441512901438,4.052970804960252,-1.1689270072208364,-0.2098229107810407,0.8583898767830913,1.4536378131821293,-0.667931716988269,0.3381640396235665,-2.388644091190637
33.0,216.0,999.9854125976562,-0.582910921723645,0.5938468438107751,4.052966354518876,-1.1689291290153667,-0.2098202126618344,0.8583835048482102,1.453632280737395,-0.6679292895314459,0.3381567170107979,-2.38865287793681
33.0,216.0,999.9854736328124,-0.5829062029904666,0.593836395699153,4.05297521198278,-1.1689233558286762,-0.2098249695370118,0.858397728953082,1.4536373324926135,-0.6679363998723336,0.3381654810396544,-2.388640778647529
33.0,216.0,999.9854736328124,-0.5829091291420498,0.5938388910109431,4.052967150645566,-1.1689261358208451,-0.2098195689170978,0.8583933887557249,1.4536333021051293,-0.6679328121856791,0.3381615336939569,-2.3886469840640108
33.0,216.0,999.9854125976562,-0.5829077021455049,0.5938421964434575,4.052971850597512,-1.1689311000567084,-0.2098226586127021,0.8583871230336735,1.45364161511141,-0.6679292513426649,0.3381610531502401,-2.388646284542853
33.0,216.0,999.9854125976562,-0.582909926206022,0.5938419474242105,4.052971420175801,-1.168932870690222,-0.2098210720918212,0.8583868850100913,1.453638483856321,-0.6679319996604036,0.3381580283910708,-2.388651744867325
33.0,216.0,999.9854736328124,-0.5829093102984935,0.5938401568646867,4.052971847942793,-1.1689321136429394,-0.2098221931961754,0.8583863450100884,1.4536405622367097,-0.6679298442439077,0.3381580547510046,-2.3886512453787203
33.0,216.0,999.9854736328124,-0.5829102107186133,0.5938450663850912,4.052964011930246,-1.1689338308235508,-0.2098190051254942,0.8583842931100971,1.4536381434228964,-0.6679286246445066,0.3381533882382284,-2.388653436662032
33.0,216.0,999.9854125976562,-0.5829092924358914,0.593841125737729,4.0529671244572505,-1.1689300210327196,-0.2098199465649806,0.8583923780187774,1.4536351596033086,-0.6679319210208412,0.3381551813859733,-2.3886527196902003
33.0,216.0,999.9854125976562,-0.5829096201509207,0.5938454267090378,4.05296790881671,-1.168928026857381,-0.2098199477678166,0.8583878847484936,1.4536299579781904,-0.6679311170747155,0.3381597506681357,-2.388650344920144
33.0,216.0,999.9854125976562,-0.5829115196642194,0.5938448183503571,4.05296804846466,-1.1689363929749534,-0.2098177083492975,0.8583836386790686,1.453637655776726,-0.6679287530701323,0.3381553541021622,-2.3886563076135663
33.0,216.0,999.9854125976562,-0.582908210720384,0.5938390242467362,4.052972765647283,-1.168931862945758,-0.2098214532051461,0.8583910098607266,1.4536384786628522,-0.667932401101357,0.3381581515151532,-2.388651526432724
33.0,216.0,999.9854736328124,-0.5829071982660743,0.5938449731229305,4.052969306157664,-1.168923804645459,-0.2098230645946781,0.85838952677181,1.4536342832907012,-0.6679330212206605,0.3381650500633002,-2.388643845778672
33.0,216.0,999.9854736328124,-0.5829095726843958,0.5938407385559428,4.052971954665734,-1.1689341525171448,-0.209820247370847,0.8583868209768948,1.4536418738817725,-0.6679298274476588,0.3381583928375686,-2.388650999240728
33.0,216.0,999.9854125976562,-0.5829100751635394,0.5938476280285112,4.0529673532464745,-1.1689307375966438,-0.2098200484741292,0.8583837688255445,1.453634020763812,-0.667930186750664,0.3381546992962994,-2.3886517699105085
33.0,216.0,999.9854125976562,-0.5829100681240824,0.5938456765182334,4.052969274383969,-1.1689332759884987,-0.2098209617938327,0.8583825058052259,1.4536375603755474,-0.6679303053496808,0.338157951095801,-2.3886492853262418
33.0,216.0,999.9854736328124,-0.5829137736605352,0.5938444058658412,4.052969872509909,-1.1689348985154933,-0.2098161165663512,0.858386272324454,1.4536341886582802,-0.6679319963189352,0.3381573117470147,-2.3886544254390083
33.0,216.0,999.9854125976562,-0.5829098110707651,0.5938424344959188,4.052967700342922,-1.1689340197207023,-0.2098209492703437,0.8583875615235144,1.4536415851907076,-0.6679289928054075,0.3381543218562779,-2.3886531144276835
33.0,216.0,999.9854125976562,-0.5829095912944267,0.5938460000806911,4.052968302634829,-1.1689292857165583,-0.2098203361913579,0.8583858282352903,1.453633626359112,-0.6679317933515616,0.3381569036183371,-2.388649908606848
33.0,216.0,999.9854125976562,-0.5829083286359023,0.5938429914468362,4.052969750829666,-1.1689276088161824,-0.209821789504347,0.8583877389542769,1.453635512111461,-0.6679292388258498,0.338161579608176,-2.3886467668245155
33.0,216.0,999.9854736328124,-0.582908315466339,0.5938364726323808,4.052966911526594,-1.1689218542862916,-0.2098219623189905,0.8583980305806707,1.4536316359405728,-0.6679333976108337,0.3381608434691507,-2.388647879782237
33.0,216.0,999.9854125976562,-0.5829087331506964,0.5938436902926645,4.052969387091823,-1.1689274507897056,-0.2098199292101972,0.8583898443253428,1.4536331330359609,-0.6679329909130951,0.3381574499636564,-2.388652233254627
33.0,216.0,999.9854125976562,-0.582907726887834,0.5938431441529355,4.052967908674907,-1.168925345477649,-0.2098221326248337,0.8583891147660596,1.4536340246089008,-0.667931358047336,0.3381620073938247,-2.3886463715820616
33.0,216.0,999.9854125976562,-0.5829076798980068,0.5938404117607945,4.05297051304596,-1.1689275600606424,-0.209821713372114,0.8583913031801487,1.453635672254431,-0.6679319112536026,0.3381615227801768,-2.3886457164473
33.0,216.0,999.9854125976562,-0.5829093460172396,0.5938416178402219,4.052967900981471,-1.16892803086867,-0.2098216172350495,0.8583898148066798,1.4536348322165606,-0.6679315195619742,0.3381570621749787,-2.388653151886704
33.0,216.0,999.9854125976562,-0.5829111423812021,0.5938417281242927,4.052967273692527,-1.168937990894396,-0.2098188783213892,0.8583862980719843,1.4536387175801018,-0.6679299581983047,0.3381527562499551,-2.3886556633371887
33.0,216.0,999.9854125976562,-0.5829098067737242,0.5938418869161852,4.052969926076772,-1.168932962879614,-0.2098200096625611,0.8583881816774657,1.4536382420763443,-0.6679309183147435,0.3381584980015013,-2.3886515618888686
33.0,216.0,999.9854125976562,-0.5829103778848639,0.5938422112375878,4.052969555587008,-1.1689317202119307,-0.2098178053476322,0.8583889493228556,1.4536322108663455,-0.6679313620737739,0.33815856587628,-2.388654943244448
33.0,216.0,999.9854125976562,-0.5829118325315878,0.59384640490447,4.052967050494216,-1.1689325379039062,-0.2098197125543865,0.858382201093356,1.4536331260337922,-0.6679299508821508,0.3381551993224949,-2.3886558237539064
33.0,216.0,999.9854125976562,-0.582910623671121,0.5938468418117644,4.052966727923948,-1.1689308335329516,-0.2098195639844329,0.8583868100677208,1.4536382508312071,-0.6679286617520228,0.3381589475138593,-2.3886497070908383
33.0,216.0,999.9854736328124,-0.5829131705692623,0.5938446931100403,4.052967470625422,-1.168936521862003,-0.2098168929607489,0.8583832583827427,1.453636761022448,-0.6679289803960016,0.3381547199746206,-2.388654511016397
33.0,216.0,999.9854125976562,-0.5829118836340133,0.5938498672774228,4.052970448674158,-1.168936906297866,-0.2098198975170184,0.8583785078401176,1.45364085488022,-0.6679286995677023,0.3381564304744353,-2.388653206682445
33.0,216.0,999.9854125976562,-0.5829087949499652,0.593845034287007,4.052970508118444,-1.168928547894443,-0.2098224476814145,0.8583875328920989,1.4536368905675996,-0.6679312072480235,0.3381572322704009,-2.38865210320905
33.0,216.0,999.9854125976562,-0.5829084092747854,0.5938428240466642,4.0529676298032165,-1.1689301752317238,-0.2098215715815623,0.8583872038411187,1.4536343144652184,-0.667930122129043,0.3381575164245607,-2.388652078505048
33.0,216.0,999.9854125976562,-0.5829095859804241,0.5938406331269919,4.052968176709722,-1.168931503145088,-0.2098209076946222,0.8583892540233515,1.4536378364109872,-0.6679300194485567,0.3381580775888668,-2.388651822241826
33.0,216.0,999.9854125976562,-0.5829091460442974,0.5938427161815163,4.052967983914659,-1.168932720350056,-0.2098206485035323,0.8583868792050344,1.4536381128011753,-0.6679303655655904,0.3381568038581397,-2.3886493022307667
33.0,216.0,999.9854125976562,-0.5829102950702261,0.5938428858825704,4.052967843380422,-1.1689345573594268,-0.2098205921430471,0.8583856818133491,1.453640637527366,-0.6679287680216106,0.338155448232774,-2.3886515656416583
33.0,216.0,999.9854736328124,-0.5829132984414827,0.5938489709740846,4.052970789807306,-1.1689431320605124,-0.2098171771984027,0.8583788437065039,1.4536445838197327,-0.6679304958069672,0.3381497692766686,-2.3886588798555053
33.0,216.0,999.9854125976562,-0.5829060123603016,0.593836560380093,4.052975365620428,-1.1689241200480105,-0.2098240630418342,0.8583930784502982,1.4536335827633824,-0.667932516673071,0.3381671997029043,-2.3886453038692568
33.0,216.0,999.9854125976562,-0.5829130777597538,0.5938459034936212,4.05296736459896,-1.1689350907835565,-0.2098175064283491,0.8583867499397568,1.4536367382243451,-0.6679312578242138,0.3381519127861487,-2.388658390783621
33.0,216.0,999.9854125976562,-0.5829096502875846,0.5938480877049717,4.052969470781729,-1.1689296632689905,-0.2098215599325366,0.858383474204917,1.453637234407954,-0.6679297083303197,0.3381598485675932,-2.388647974585024
33.0,216.0,999.9854736328124,-0.5829101283680114,0.5938423363521537,4.052960540582697,-1.1689345906917756,-0.2098177857015342,0.858389327678375,1.4536407086056204,-0.6679272886357959,0.3381500429679462,-2.388652960588268
33.0,216.0,999.9854125976562,-0.5829095379166924,0.5938397726318092,4.052970797904784,-1.1689298783720163,-0.2098216385974236,0.8583895757878643,1.4536353100896786,-0.6679303409240527,0.3381610256267029,-2.3886518878919483
33.0,216.0,999.9854125976562,-0.5829102996672404,0.5938429846851196,4.052965962505466,-1.168929693179205,-0.2098191325018907,0.8583894703774142,1.4536324541820091,-0.6679318446519016,0.3381524100688811,-2.388655679076128
33.0,216.0,999.9854125976562,-0.582909041073064,0.5938445933394902,4.052968789229926,-1.1689255048636489,-0.2098215543503538,0.8583868715352221,1.4536343138395118,-0.6679296269553987,0.3381631023521461,-2.3886459364569825
33.0,216.0,999.9854125976562,-0.5829079981854441,0.5938425890157886,4.052973456056153,-1.1689276399711497,-0.2098214250319978,0.858391003394015,1.4536369956328965,-0.6679333548877482,0.3381645668113116,-2.388645873925591
33.0,216.0,999.9854125976562,-0.5829084140763445,0.5938444865442216,4.05297108878584,-1.1689329074348676,-0.2098213018969499,0.8583852301539547,1.4536410024667887,-0.6679290052054352,0.3381607125347718,-2.388648647023889
33.0,216.0,999.9854125976562,-0.5829074859759968,0.5938408413543153,4.052968638928359,-1.168925908185832,-0.2098230076696214,0.8583912672834142,1.453634993209235,-0.6679324347880335,0.3381608337132249,-2.38864655182546
33.0,216.0,999.9854125976562,-0.5829115473700694,0.5938460139440576,4.052964850885889,-1.1689304439558108,-0.2098181028479713,0.8583879471064835,1.4536323913428353,-0.6679312727921927,0.3381554674145794,-2.388653491124757
33.0,216.0,999.9854125976562,-0.5829092241329645,0.5938400562597561,4.052970043100826,-1.1689299670784257,-0.2098208585628489,0.8583913745644365,1.4536382003045911,-0.6679327064800109,0.3381604247301695,-2.3886479785911208
33.0,217.0,999.9854125976562,-0.5829080301043197,0.5938441512901438,4.052970804960252,-1.1689270072208364,-0.2098229107810407,0.8583898767830913,1.4536378131821293,-0.667931716988269,0.3381640396235665,-2.388644091190637
33.0,217.0,999.9854125976562,-0.582910921723645,0.5938468438107751,4.052966354518876,-1.1689291290153667,-0.2098202126618344,0.8583835048482102,1.453632280737395,-0.6679292895314459,0.3381567170107979,-2.38865287793681
33.0,217.0,999.9854736328124,-0.5829062029904666,0.593836395699153,4.05297521198278,-1.1689233558286762,-0.2098249695370118,0.858397728953082,1.4536373324926135,-0.6679363998723336,0.3381654810396544,-2.388640778647529
33.0,217.0,999.9854736328124,-0.5829091291420498,0.5938388910109431,4.052967150645566,-1.1689261358208451,-0.2098195689170978,0.8583933887557249,1.4536333021051293,-0.6679328121856791,0.3381615336939569,-2.3886469840640108
33.0,217.0,999.9854125976562,-0.5829077021455049,0.5938421964434575,4.052971850597512,-1.1689311000567084,-0.2098226586127021,0.8583871230336735,1.45364161511141,-0.6679292513426649,0.3381610531502401,-2.388646284542853
33.0,217.0,999.9854125976562,-0.582909926206022,0.5938419474242105,4.052971420175801,-1.168932870690222,-0.2098210720918212,0.8583868850100913,1.453638483856321,-0.6679319996604036,0.3381580283910708,-2.388651744867325
33.0,217.0,999.9854736328124,-0.5829093102984935,0.5938401568646867,4.052971847942793,-1.1689321136429394,-0.2098221931961754,0.8583863450100884,1.4536405622367097,-0.6679298442439077,0.3381580547510046,-2.3886512453787203
33.0,217.0,999.9854736328124,-0.5829102107186133,0.5938450663850912,4.052964011930246,-1.1689338308235508,-0.2098190051254942,0.8583842931100971,1.4536381434228964,-0.6679286246445066,0.3381533882382284,-2.388653436662032
33.0,217.0,999.9854125976562,-0.5829092924358914,0.593841125737729,4.0529671244572505,-1.1689300210327196,-0.2098199465649806,0.8583923780187774,1.4536351596033086,-0.6679319210208412,0.3381551813859733,-2.3886527196902003
33.0,217.0,999.9854125976562,-0.5829096201509207,0.5938454267090378,4.05296790881671,-1.168928026857381,-0.2098199477678166,0.8583878847484936,1.4536299579781904,-0.6679311170747155,0.3381597506681357,-2.388650344920144
33.0,217.0,999.9854125976562,-0.5829115196642194,0.5938448183503571,4.05296804846466,-1.1689363929749534,-0.2098177083492975,0.8583836386790686,1.453637655776726,-0.6679287530701323,0.3381553541021622,-2.3886563076135663
33.0,217.0,999.9854125976562,-0.582908210720384,0.5938390242467362,4.052972765647283,-1.168931862945758,-0.2098214532051461,0.8583910098607266,1.4536384786628522,-0.667932401101357,0.3381581515151532,-2.388651526432724
33.0,217.0,999.9854736328124,-0.5829071982660743,0.5938449731229305,4.052969306157664,-1.168923804645459,-0.2098230645946781,0.85838952677181,1.4536342832907012,-0.6679330212206605,0.3381650500633002,-2.388643845778672
33.0,217.0,999.9854736328124,-0.5829095726843958,0.5938407385559428,4.052971954665734,-1.1689341525171448,-0.209820247370847,0.8583868209768948,1.4536418738817725,-0.6679298274476588,0.3381583928375686,-2.388650999240728
33.0,217.0,999.9854125976562,-0.5829100751635394,0.5938476280285112,4.0529673532464745,-1.1689307375966438,-0.2098200484741292,0.8583837688255445,1.453634020763812,-0.667930186750664,0.3381546992962994,-2.3886517699105085
33.0,217.0,999.9854125976562,-0.5829100681240824,0.5938456765182334,4.052969274383969,-1.1689332759884987,-0.2098209617938327,0.8583825058052259,1.4536375603755474,-0.6679303053496808,0.338157951095801,-2.3886492853262418
33.0,217.0,999.9854736328124,-0.5829137736605352,0.5938444058658412,4.052969872509909,-1.1689348985154933,-0.2098161165663512,0.858386272324454,1.4536341886582802,-0.6679319963189352,0.3381573117470147,-2.3886544254390083
33.0,217.0,999.9854125976562,-0.5829098110707651,0.5938424344959188,4.052967700342922,-1.1689340197207023,-0.2098209492703437,0.8583875615235144,1.4536415851907076,-0.6679289928054075,0.3381543218562779,-2.3886531144276835
33.0,217.0,999.9854125976562,-0.5829095912944267,0.5938460000806911,4.052968302634829,-1.1689292857165583,-0.2098203361913579,0.8583858282352903,1.453633626359112,-0.6679317933515616,0.3381569036183371,-2.388649908606848
33.0,217.0,999.9854125976562,-0.5829083286359023,0.5938429914468362,4.052969750829666,-1.1689276088161824,-0.209821789504347,0.8583877389542769,1.453635512111461,-0.6679292388258498,0.338161579608176,-2.3886467668245155
33.0,217.0,999.9854736328124,-0.582908315466339,0.5938364726323808,4.052966911526594,-1.1689218542862916,-0.2098219623189905,0.8583980305806707,1.4536316359405728,-0.6679333976108337,0.3381608434691507,-2.388647879782237
33.0,217.0,999.9854125976562,-0.5829087331506964,0.5938436902926645,4.052969387091823,-1.1689274507897056,-0.2098199292101972,0.8583898443253428,1.4536331330359609,-0.6679329909130951,0.3381574499636564,-2.388652233254627
33.0,217.0,999.9854125976562,-0.582907726887834,0.5938431441529355,4.052967908674907,-1.168925345477649,-0.2098221326248337,0.8583891147660596,1.4536340246089008,-0.667931358047336,0.3381620073938247,-2.3886463715820616
33.0,217.0,999.9854125976562,-0.5829076798980068,0.5938404117607945,4.05297051304596,-1.1689275600606424,-0.209821713372114,0.8583913031801487,1.453635672254431,-0.6679319112536026,0.3381615227801768,-2.3886457164473
33.0,217.0,999.9854125976562,-0.5829093460172396,0.5938416178402219,4.052967900981471,-1.16892803086867,-0.2098216172350495,0.8583898148066798,1.4536348322165606,-0.6679315195619742,0.3381570621749787,-2.388653151886704
33.0,217.0,999.9854125976562,-0.5829111423812021,0.5938417281242927,4.052967273692527,-1.168937990894396,-0.2098188783213892,0.8583862980719843,1.4536387175801018,-0.6679299581983047,0.3381527562499551,-2.3886556633371887
33.0,217.0,999.9854125976562,-0.5829098067737242,0.5938418869161852,4.052969926076772,-1.168932962879614,-0.2098200096625611,0.8583881816774657,1.4536382420763443,-0.6679309183147435,0.3381584980015013,-2.3886515618888686
33.0,217.0,999.9854125976562,-0.5829103778848639,0.5938422112375878,4.052969555587008,-1.1689317202119307,-0.2098178053476322,0.8583889493228556,1.4536322108663455,-0.6679313620737739,0.33815856587628,-2.388654943244448
33.0,217.0,999.9854125976562,-0.5829118325315878,0.59384640490447,4.052967050494216,-1.1689325379039062,-0.2098197125543865,0.858382201093356,1.4536331260337922,-0.6679299508821508,0.3381551993224949,-2.3886558237539064
33.0,217.0,999.9854125976562,-0.582910623671121,0.5938468418117644,4.052966727923948,-1.1689308335329516,-0.2098195639844329,0.8583868100677208,1.4536382508312071,-0.6679286617520228,0.3381589475138593,-2.3886497070908383
33.0,217.0,999.9854736328124,-0.5829131705692623,0.5938446931100403,4.052967470625422,-1.168936521862003,-0.2098168929607489,0.8583832583827427,1.453636761022448,-0.6679289803960016,0.3381547199746206,-2.388654511016397
33.0,217.0,999.9854125976562,-0.5829118836340133,0.5938498672774228,4.052970448674158,-1.168936906297866,-0.2098198975170184,0.8583785078401176,1.45364085488022,-0.6679286995677023,0.3381564304744353,-2.388653206682445
33.0,217.0,999.9854125976562,-0.5829087949499652,0.593845034287007,4.052970508118444,-1.168928547894443,-0.2098224476814145,0.8583875328920989,1.4536368905675996,-0.6679312072480235,0.3381572322704009,-2.38865210320905
33.0,217.0,999.9854125976562,-0.5829084092747854,0.5938428240466642,4.0529676298032165,-1.1689301752317238,-0.2098215715815623,0.8583872038411187,1.4536343144652184,-0.667930122129043,0.3381575164245607,-2.388652078505048
33.0,217.0,999.9854125976562,-0.5829095859804241,0.5938406331269919,4.052968176709722,-1.168931503145088,-0.2098209076946222,0.8583892540233515,1.4536378364109872,-0.6679300194485567,0.3381580775888668,-2.388651822241826
33.0,217.0,999.9854125976562,-0.5829091460442974,0.5938427161815163,4.052967983914659,-1.168932720350056,-0.2098206485035323,0.8583868792050344,1.4536381128011753,-0.6679303655655904,0.3381568038581397,-2.3886493022307667
33.0,217.0,999.9854125976562,-0.5829102950702261,0.5938428858825704,4.052967843380422,-1.1689345573594268,-0.2098205921430471,0.8583856818133491,1.453640637527366,-0.6679287680216106,0.338155448232774,-2.3886515656416583
33.0,217.0,999.9854736328124,-0.5829132984414827,0.5938489709740846,4.052970789807306,-1.1689431320605124,-0.2098171771984027,0.8583788437065039,1.4536445838197327,-0.6679304958069672,0.3381497692766686,-2.3886588798555053
33.0,217.0,999.9854125976562,-0.5829060123603016,0.593836560380093,4.052975365620428,-1.1689241200480105,-0.2098240630418342,0.8583930784502982,1.4536335827633824,-0.667932516673071,0.3381671997029043,-2.3886453038692568
33.0,217.0,999.9854125976562,-0.5829130777597538,0.5938459034936212,4.05296736459896,-1.1689350907835565,-0.2098175064283491,0.8583867499397568,1.4536367382243451,-0.6679312578242138,0.3381519127861487,-2.388658390783621
33.0,217.0,999.9854125976562,-0.5829096502875846,0.5938480877049717,4.052969470781729,-1.1689296632689905,-0.2098215599325366,0.858383474204917,1.453637234407954,-0.6679297083303197,0.3381598485675932,-2.388647974585024
33.0,217.0,999.9854736328124,-0.5829101283680114,0.5938423363521537,4.052960540582697,-1.1689345906917756,-0.2098177857015342,0.858389327678375,1.4536407086056204,-0.6679272886357959,0.3381500429679462,-2.388652960588268
33.0,217.0,999.9854125976562,-0.5829095379166924,0.5938397726318092,4.052970797904784,-1.1689298783720163,-0.2098216385974236,0.8583895757878643,1.4536353100896786,-0.6679303409240527,0.3381610256267029,-2.3886518878919483
33.0,217.0,999.9854125976562,-0.5829102996672404,0.5938429846851196,4.052965962505466,-1.168929693179205,-0.2098191325018907,0.8583894703774142,1.4536324541820091,-0.6679318446519016,0.3381524100688811,-2.388655679076128
33.0,217.0,999.9854125976562,-0.582909041073064,0.5938445933394902,4.052968789229926,-1.1689255048636489,-0.2098215543503538,0.8583868715352221,1.4536343138395118,-0.6679296269553987,0.3381631023521461,-2.3886459364569825
33.0,217.0,999.9854125976562,-0.5829079981854441,0.5938425890157886,4.052973456056153,-1.1689276399711497,-0.2098214250319978,0.858391003394015,1.4536369956328965,-0.6679333548877482,0.3381645668113116,-2.388645873925591
33.0,217.0,999.9854125976562,-0.5829084140763445,0.5938444865442216,4.05297108878584,-1.1689329074348676,-0.2098213018969499,0.8583852301539547,1.4536410024667887,-0.6679290052054352,0.3381607125347718,-2.388648647023889
33.0,217.0,999.9854125976562,-0.5829074859759968,0.5938408413543153,4.052968638928359,-1.168925908185832,-0.2098230076696214,0.8583912672834142,1.453634993209235,-0.6679324347880335,0.3381608337132249,-2.38864655182546
33.0,217.0,999.9854125976562,-0.5829115473700694,0.5938460139440576,4.052964850885889,-1.1689304439558108,-0.2098181028479713,0.8583879471064835,1.4536323913428353,-0.6679312727921927,0.3381554674145794,-2.388653491124757
33.0,217.0,999.9854125976562,-0.5829092241329645,0.5938400562597561,4.052970043100826,-1.1689299670784257,-0.2098208585628489,0.8583913745644365,1.4536382003045911,-0.6679327064800109,0.3381604247301695,-2.3886479785911208
33.0,218.0,999.9854125976562,-0.5829080301043197,0.5938441512901438,4.052970804960252,-1.1689270072208364,-0.2098229107810407,0.8583898767830913,1.4536378131821293,-0.667931716988269,0.3381640396235665,-2.388644091190637
33.0,218.0,999.9854125976562,-0.582910921723645,0.5938468438107751,4.052966354518876,-1.1689291290153667,-0.2098202126618344,0.8583835048482102,1.453632280737395,-0.6679292895314459,0.3381567170107979,-2.38865287793681
33.0,218.0,999.9854736328124,-0.5829062029904666,0.593836395699153,4.05297521198278,-1.1689233558286762,-0.2098249695370118,0.858397728953082,1.4536373324926135,-0.6679363998723336,0.3381654810396544,-2.388640778647529
33.0,218.0,999.9854736328124,-0.5829091291420498,0.5938388910109431,4.052967150645566,-1.1689261358208451,-0.2098195689170978,0.8583933887557249,1.4536333021051293,-0.6679328121856791,0.3381615336939569,-2.3886469840640108
33.0,218.0,999.9854125976562,-0.5829077021455049,0.5938421964434575,4.052971850597512,-1.1689311000567084,-0.2098226586127021,0.8583871230336735,1.45364161511141,-0.6679292513426649,0.3381610531502401,-2.388646284542853
33.0,218.0,999.9854125976562,-0.582909926206022,0.5938419474242105,4.052971420175801,-1.168932870690222,-0.2098210720918212,0.8583868850100913,1.453638483856321,-0.6679319996604036,0.3381580283910708,-2.388651744867325
33.0,218.0,999.9854736328124,-0.5829093102984935,0.5938401568646867,4.052971847942793,-1.1689321136429394,-0.2098221931961754,0.8583863450100884,1.4536405622367097,-0.6679298442439077,0.3381580547510046,-2.3886512453787203
33.0,218.0,999.9854736328124,-0.5829102107186133,0.5938450663850912,4.052964011930246,-1.1689338308235508,-0.2098190051254942,0.8583842931100971,1.4536381434228964,-0.6679286246445066,0.3381533882382284,-2.388653436662032
33.0,218.0,999.9854125976562,-0.5829092924358914,0.593841125737729,4.0529671244572505,-1.1689300210327196,-0.2098199465649806,0.8583923780187774,1.4536351596033086,-0.6679319210208412,0.3381551813859733,-2.3886527196902003
33.0,218.0,999.9854125976562,-0.5829096201509207,0.5938454267090378,4.05296790881671,-1.168928026857381,-0.2098199477678166,0.8583878847484936,1.4536299579781904,-0.6679311170747155,0.3381597506681357,-2.388650344920144
33.0,218.0,999.9854125976562,-0.5829115196642194,0.5938448183503571,4.05296804846466,-1.1689363929749534,-0.2098177083492975,0.8583836386790686,1.453637655776726,-0.6679287530701323,0.3381553541021622,-2.3886563076135663
33.0,218.0,999.9854125976562,-0.582908210720384,0.5938390242467362,4.052972765647283,-1.168931862945758,-0.2098214532051461,0.8583910098607266,1.4536384786628522,-0.667932401101357,0.3381581515151532,-2.388651526432724
33.0,218.0,999.9854736328124,-0.5829071982660743,0.5938449731229305,4.052969306157664,-1.168923804645459,-0.2098230645946781,0.85838952677181,1.4536342832907012,-0.6679330212206605,0.3381650500633002,-2.388643845778672
33.0,218.0,999.9854736328124,-0.5829095726843958,0.5938407385559428,4.052971954665734,-1.1689341525171448,-0.209820247370847,0.8583868209768948,1.4536418738817725,-0.6679298274476588,0.3381583928375686,-2.388650999240728
33.0,218.0,999.9854125976562,-0.5829100751635394,0.5938476280285112,4.0529673532464745,-1.1689307375966438,-0.2098200484741292,0.8583837688255445,1.453634020763812,-0.667930186750664,0.3381546992962994,-2.3886517699105085
33.0,218.0,999.9854125976562,-0.5829100681240824,0.5938456765182334,4.052969274383969,-1.1689332759884987,-0.2098209617938327,0.8583825058052259,1.4536375603755474,-0.6679303053496808,0.338157951095801,-2.3886492853262418
33.0,218.0,999.9854736328124,-0.5829137736605352,0.5938444058658412,4.052969872509909,-1.1689348985154933,-0.2098161165663512,0.858386272324454,1.4536341886582802,-0.6679319963189352,0.3381573117470147,-2.3886544254390083
33.0,218.0,999.9854125976562,-0.5829098110707651,0.5938424344959188,4.052967700342922,-1.1689340197207023,-0.2098209492703437,0.8583875615235144,1.4536415851907076,-0.6679289928054075,0.3381543218562779,-2.3886531144276835
33.0,218.0,999.9854125976562,-0.5829095912944267,0.5938460000806911,4.052968302634829,-1.1689292857165583,-0.2098203361913579,0.8583858282352903,1.453633626359112,-0.6679317933515616,0.3381569036183371,-2.388649908606848
33.0,218.0,999.9854125976562,-0.5829083286359023,0.5938429914468362,4.052969750829666,-1.1689276088161824,-0.209821789504347,0.8583877389542769,1.453635512111461,-0.6679292388258498,0.338161579608176,-2.3886467668245155
33.0,218.0,999.9854736328124,-0.582908315466339,0.5938364726323808,4.052966911526594,-1.1689218542862916,-0.2098219623189905,0.8583980305806707,1.4536316359405728,-0.6679333976108337,0.3381608434691507,-2.388647879782237
33.0,218.0,999.9854125976562,-0.5829087331506964,0.5938436902926645,4.052969387091823,-1.1689274507897056,-0.2098199292101972,0.8583898443253428,1.4536331330359609,-0.6679329909130951,0.3381574499636564,-2.388652233254627
33.0,218.0,999.9854125976562,-0.582907726887834,0.5938431441529355,4.052967908674907,-1.168925345477649,-0.2098221326248337,0.8583891147660596,1.4536340246089008,-0.667931358047336,0.3381620073938247,-2.3886463715820616
33.0,218.0,999.9854125976562,-0.5829076798980068,0.5938404117607945,4.05297051304596,-1.1689275600606424,-0.209821713372114,0.8583913031801487,1.453635672254431,-0.6679319112536026,0.3381615227801768,-2.3886457164473
33.0,218.0,999.9854125976562,-0.5829093460172396,0.5938416178402219,4.052967900981471,-1.16892803086867,-0.2098216172350495,0.8583898148066798,1.4536348322165606,-0.6679315195619742,0.3381570621749787,-2.388653151886704
33.0,218.0,999.9854125976562,-0.5829111423812021,0.5938417281242927,4.052967273692527,-1.168937990894396,-0.2098188783213892,0.8583862980719843,1.4536387175801018,-0.6679299581983047,0.3381527562499551,-2.3886556633371887
33.0,218.0,999.9854125976562,-0.5829098067737242,0.5938418869161852,4.052969926076772,-1.168932962879614,-0.2098200096625611,0.8583881816774657,1.4536382420763443,-0.6679309183147435,0.3381584980015013,-2.3886515618888686
33.0,218.0,999.9854125976562,-0.5829103778848639,0.5938422112375878,4.052969555587008,-1.1689317202119307,-0.2098178053476322,0.8583889493228556,1.4536322108663455,-0.6679313620737739,0.33815856587628,-2.388654943244448
33.0,218.0,999.9854125976562,-0.5829118325315878,0.59384640490447,4.052967050494216,-1.1689325379039062,-0.2098197125543865,0.858382201093356,1.4536331260337922,-0.6679299508821508,0.3381551993224949,-2.3886558237539064
33.0,218.0,999.9854125976562,-0.582910623671121,0.5938468418117644,4.052966727923948,-1.1689308335329516,-0.2098195639844329,0.8583868100677208,1.4536382508312071,-0.6679286617520228,0.3381589475138593,-2.3886497070908383
33.0,218.0,999.9854736328124,-0.5829131705692623,0.5938446931100403,4.052967470625422,-1.168936521862003,-0.2098168929607489,0.8583832583827427,1.453636761022448,-0.6679289803960016,0.3381547199746206,-2.388654511016397
33.0,218.0,999.9854125976562,-0.5829118836340133,0.5938498672774228,4.052970448674158,-1.168936906297866,-0.2098198975170184,0.8583785078401176,1.45364085488022,-0.6679286995677023,0.3381564304744353,-2.388653206682445
33.0,218.0,999.9854125976562,-0.5829087949499652,0.593845034287007,4.052970508118444,-1.168928547894443,-0.2098224476814145,0.8583875328920989,1.4536368905675996,-0.6679312072480235,0.3381572322704009,-2.38865210320905
33.0,218.0,999.9854125976562,-0.5829084092747854,0.5938428240466642,4.0529676298032165,-1.1689301752317238,-0.2098215715815623,0.8583872038411187,1.4536343144652184,-0.667930122129043,0.3381575164245607,-2.388652078505048
33.0,218.0,999.9854125976562,-0.5829095859804241,0.5938406331269919,4.052968176709722,-1.168931503145088,-0.2098209076946222,0.8583892540233515,1.4536378364109872,-0.6679300194485567,0.3381580775888668,-2.388651822241826
33.0,218.0,999.9854125976562,-0.5829091460442974,0.5938427161815163,4.052967983914659,-1.168932720350056,-0.2098206485035323,0.8583868792050344,1.4536381128011753,-0.6679303655655904,0.3381568038581397,-2.3886493022307667
33.0,218.0,999.9854125976562,-0.5829102950702261,0.5938428858825704,4.052967843380422,-1.1689345573594268,-0.2098205921430471,0.8583856818133491,1.453640637527366,-0.6679287680216106,0.338155448232774,-2.3886515656416583
33.0,218.0,999.9854736328124,-0.5829132984414827,0.5938489709740846,4.052970789807306,-1.1689431320605124,-0.2098171771984027,0.8583788437065039,1.4536445838197327,-0.6679304958069672,0.3381497692766686,-2.3886588798555053
33.0,218.0,999.9854125976562,-0.5829060123603016,0.593836560380093,4.052975365620428,-1.1689241200480105,-0.2098240630418342,0.8583930784502982,1.4536335827633824,-0.667932516673071,0.3381671997029043,-2.3886453038692568
33.0,218.0,999.9854125976562,-0.5829130777597538,0.5938459034936212,4.05296736459896,-1.1689350907835565,-0.2098175064283491,0.8583867499397568,1.4536367382243451,-0.6679312578242138,0.3381519127861487,-2.388658390783621
33.0,218.0,999.9854125976562,-0.5829096502875846,0.5938480877049717,4.052969470781729,-1.1689296632689905,-0.2098215599325366,0.858383474204917,1.453637234407954,-0.6679297083303197,0.3381598485675932,-2.388647974585024
33.0,218.0,999.9854736328124,-0.5829101283680114,0.5938423363521537,4.052960540582697,-1.1689345906917756,-0.2098177857015342,0.858389327678375,1.4536407086056204,-0.6679272886357959,0.3381500429679462,-2.388652960588268
33.0,218.0,999.9854125976562,-0.5829095379166924,0.5938397726318092,4.052970797904784,-1.1689298783720163,-0.2098216385974236,0.8583895757878643,1.4536353100896786,-0.6679303409240527,0.3381610256267029,-2.3886518878919483
33.0,218.0,999.9854125976562,-0.5829102996672404,0.5938429846851196,4.052965962505466,-1.168929693179205,-0.2098191325018907,0.8583894703774142,1.4536324541820091,-0.6679318446519016,0.3381524100688811,-2.388655679076128
33.0,218.0,999.9854125976562,-0.582909041073064,0.5938445933394902,4.052968789229926,-1.1689255048636489,-0.2098215543503538,0.8583868715352221,1.4536343138395118,-0.6679296269553987,0.3381631023521461,-2.3886459364569825
33.0,218.0,999.9854125976562,-0.5829079981854441,0.5938425890157886,4.052973456056153,-1.1689276399711497,-0.2098214250319978,0.858391003394015,1.4536369956328965,-0.6679333548877482,0.3381645668113116,-2.388645873925591
33.0,218.0,999.9854125976562,-0.5829084140763445,0.5938444865442216,4.05297108878584,-1.1689329074348676,-0.2098213018969499,0.8583852301539547,1.4536410024667887,-0.6679290052054352,0.3381607125347718,-2.388648647023889
33.0,218.0,999.9854125976562,-0.5829074859759968,0.5938408413543153,4.052968638928359,-1.168925908185832,-0.2098230076696214,0.8583912672834142,1.453634993209235,-0.6679324347880335,0.3381608337132249,-2.38864655182546
33.0,218.0,999.9854125976562,-0.5829115473700694,0.5938460139440576,4.052964850885889,-1.1689304439558108,-0.2098181028479713,0.8583879471064835,1.4536323913428353,-0.6679312727921927,0.3381554674145794,-2.388653491124757
33.0,218.0,999.9854125976562,-0.5829092241329645,0.5938400562597561,4.052970043100826,-1.1689299670784257,-0.2098208585628489,0.8583913745644365,1.4536382003045911,-0.6679327064800109,0.3381604247301695,-2.3886479785911208
33.0,219.0,999.9854125976562,-0.5829080301043197,0.5938441512901438,4.052970804960252,-1.1689270072208364,-0.2098229107810407,0.8583898767830913,1.4536378131821293,-0.667931716988269,0.3381640396235665,-2.388644091190637
33.0,219.0,999.9854125976562,-0.582910921723645,0.5938468438107751,4.052966354518876,-1.1689291290153667,-0.2098202126618344,0.8583835048482102,1.453632280737395,-0.6679292895314459,0.3381567170107979,-2.38865287793681
33.0,219.0,999.9854736328124,-0.5829062029904666,0.593836395699153,4.05297521198278,-1.1689233558286762,-0.2098249695370118,0.858397728953082,1.4536373324926135,-0.6679363998723336,0.3381654810396544,-2.388640778647529
33.0,219.0,999.9854736328124,-0.5829091291420498,0.5938388910109431,4.052967150645566,-1.1689261358208451,-0.2098195689170978,0.8583933887557249,1.4536333021051293,-0.6679328121856791,0.3381615336939569,-2.3886469840640108
33.0,219.0,999.9854125976562,-0.5829077021455049,0.5938421964434575,4.052971850597512,-1.1689311000567084,-0.2098226586127021,0.8583871230336735,1.45364161511141,-0.6679292513426649,0.3381610531502401,-2.388646284542853
33.0,219.0,999.9854125976562,-0.582909926206022,0.5938419474242105,4.052971420175801,-1.168932870690222,-0.2098210720918212,0.8583868850100913,1.453638483856321,-0.6679319996604036,0.3381580283910708,-2.388651744867325
33.0,219.0,999.9854736328124,-0.5829093102984935,0.5938401568646867,4.052971847942793,-1.1689321136429394,-0.2098221931961754,0.8583863450100884,1.4536405622367097,-0.6679298442439077,0.3381580547510046,-2.3886512453787203
33.0,219.0,999.9854736328124,-0.5829102107186133,0.5938450663850912,4.052964011930246,-1.1689338308235508,-0.2098190051254942,0.8583842931100971,1.4536381434228964,-0.6679286246445066,0.3381533882382284,-2.388653436662032
33.0,219.0,999.9854125976562,-0.5829092924358914,0.593841125737729,4.0529671244572505,-1.1689300210327196,-0.2098199465649806,0.8583923780187774,1.4536351596033086,-0.6679319210208412,0.3381551813859733,-2.3886527196902003
33.0,219.0,999.9854125976562,-0.5829096201509207,0.5938454267090378,4.05296790881671,-1.168928026857381,-0.2098199477678166,0.8583878847484936,1.4536299579781904,-0.6679311170747155,0.3381597506681357,-2.388650344920144
33.0,219.0,999.9854125976562,-0.5829115196642194,0.5938448183503571,4.05296804846466,-1.1689363929749534,-0.2098177083492975,0.8583836386790686,1.453637655776726,-0.6679287530701323,0.3381553541021622,-2.3886563076135663
33.0,219.0,999.9854125976562,-0.582908210720384,0.5938390242467362,4.052972765647283,-1.168931862945758,-0.2098214532051461,0.8583910098607266,1.4536384786628522,-0.667932401101357,0.3381581515151532,-2.388651526432724
33.0,219.0,999.9854736328124,-0.5829071982660743,0.5938449731229305,4.052969306157664,-1.168923804645459,-0.2098230645946781,0.85838952677181,1.4536342832907012,-0.6679330212206605,0.3381650500633002,-2.388643845778672
33.0,219.0,999.9854736328124,-0.5829095726843958,0.5938407385559428,4.052971954665734,-1.1689341525171448,-0.209820247370847,0.8583868209768948,1.4536418738817725,-0.6679298274476588,0.3381583928375686,-2.388650999240728
33.0,219.0,999.9854125976562,-0.5829100751635394,0.5938476280285112,4.0529673532464745,-1.1689307375966438,-0.2098200484741292,0.8583837688255445,1.453634020763812,-0.667930186750664,0.3381546992962994,-2.3886517699105085
33.0,219.0,999.9854125976562,-0.5829100681240824,0.5938456765182334,4.052969274383969,-1.1689332759884987,-0.2098209617938327,0.8583825058052259,1.4536375603755474,-0.6679303053496808,0.338157951095801,-2.3886492853262418
33.0,219.0,999.9854736328124,-0.5829137736605352,0.5938444058658412,4.052969872509909,-1.1689348985154933,-0.2098161165663512,0.858386272324454,1.4536341886582802,-0.6679319963189352,0.3381573117470147,-2.3886544254390083
33.0,219.0,999.9854125976562,-0.5829098110707651,0.5938424344959188,4.052967700342922,-1.1689340197207023,-0.2098209492703437,0.8583875615235144,1.4536415851907076,-0.6679289928054075,0.3381543218562779,-2.3886531144276835
33.0,219.0,999.9854125976562,-0.5829095912944267,0.5938460000806911,4.052968302634829,-1.1689292857165583,-0.2098203361913579,0.8583858282352903,1.453633626359112,-0.6679317933515616,0.3381569036183371,-2.388649908606848
33.0,219.0,999.9854125976562,-0.5829083286359023,0.5938429914468362,4.052969750829666,-1.1689276088161824,-0.209821789504347,0.8583877389542769,1.453635512111461,-0.6679292388258498,0.338161579608176,-2.3886467668245155
33.0,219.0,999.9854736328124,-0.582908315466339,0.5938364726323808,4.052966911526594,-1.1689218542862916,-0.2098219623189905,0.8583980305806707,1.4536316359405728,-0.6679333976108337,0.3381608434691507,-2.388647879782237
33.0,219.0,999.9854125976562,-0.5829087331506964,0.5938436902926645,4.052969387091823,-1.1689274507897056,-0.2098199292101972,0.8583898443253428,1.4536331330359609,-0.6679329909130951,0.3381574499636564,-2.388652233254627
33.0,219.0,999.9854125976562,-0.582907726887834,0.5938431441529355,4.052967908674907,-1.168925345477649,-0.2098221326248337,0.8583891147660596,1.4536340246089008,-0.667931358047336,0.3381620073938247,-2.3886463715820616
33.0,219.0,999.9854125976562,-0.5829076798980068,0.5938404117607945,4.05297051304596,-1.1689275600606424,-0.209821713372114,0.8583913031801487,1.453635672254431,-0.6679319112536026,0.3381615227801768,-2.3886457164473
33.0,219.0,999.9854125976562,-0.5829093460172396,0.5938416178402219,4.052967900981471,-1.16892803086867,-0.2098216172350495,0.8583898148066798,1.4536348322165606,-0.6679315195619742,0.3381570621749787,-2.388653151886704
33.0,219.0,999.9854125976562,-0.5829111423812021,0.5938417281242927,4.052967273692527,-1.168937990894396,-0.2098188783213892,0.8583862980719843,1.4536387175801018,-0.6679299581983047,0.3381527562499551,-2.3886556633371887
33.0,219.0,999.9854125976562,-0.5829098067737242,0.5938418869161852,4.052969926076772,-1.168932962879614,-0.2098200096625611,0.8583881816774657,1.4536382420763443,-0.6679309183147435,0.3381584980015013,-2.3886515618888686
33.0,219.0,999.9854125976562,-0.5829103778848639,0.5938422112375878,4.052969555587008,-1.1689317202119307,-0.2098178053476322,0.8583889493228556,1.4536322108663455,-0.6679313620737739,0.33815856587628,-2.388654943244448
33.0,219.0,999.9854125976562,-0.5829118325315878,0.59384640490447,4.052967050494216,-1.1689325379039062,-0.2098197125543865,0.858382201093356,1.4536331260337922,-0.6679299508821508,0.3381551993224949,-2.3886558237539064
33.0,219.0,999.9854125976562,-0.582910623671121,0.5938468418117644,4.052966727923948,-1.1689308335329516,-0.2098195639844329,0.8583868100677208,1.4536382508312071,-0.6679286617520228,0.3381589475138593,-2.3886497070908383
33.0,219.0,999.9854736328124,-0.5829131705692623,0.5938446931100403,4.052967470625422,-1.168936521862003,-0.2098168929607489,0.8583832583827427,1.453636761022448,-0.6679289803960016,0.3381547199746206,-2.388654511016397
33.0,219.0,999.9854125976562,-0.5829118836340133,0.5938498672774228,4.052970448674158,-1.168936906297866,-0.2098198975170184,0.8583785078401176,1.45364085488022,-0.6679286995677023,0.3381564304744353,-2.388653206682445
33.0,219.0,999.9854125976562,-0.5829087949499652,0.593845034287007,4.052970508118444,-1.168928547894443,-0.2098224476814145,0.8583875328920989,1.4536368905675996,-0.6679312072480235,0.3381572322704009,-2.38865210320905
33.0,219.0,999.9854125976562,-0.5829084092747854,0.5938428240466642,4.0529676298032165,-1.1689301752317238,-0.2098215715815623,0.8583872038411187,1.4536343144652184,-0.667930122129043,0.3381575164245607,-2.388652078505048
33.0,219.0,999.9854125976562,-0.5829095859804241,0.5938406331269919,4.052968176709722,-1.168931503145088,-0.2098209076946222,0.8583892540233515,1.4536378364109872,-0.6679300194485567,0.3381580775888668,-2.388651822241826
33.0,219.0,999.9854125976562,-0.5829091460442974,0.5938427161815163,4.052967983914659,-1.168932720350056,-0.2098206485035323,0.8583868792050344,1.4536381128011753,-0.6679303655655904,0.3381568038581397,-2.3886493022307667
33.0,219.0,999.9854125976562,-0.5829102950702261,0.5938428858825704,4.052967843380422,-1.1689345573594268,-0.2098205921430471,0.8583856818133491,1.453640637527366,-0.6679287680216106,0.338155448232774,-2.3886515656416583
33.0,219.0,999.9854736328124,-0.5829132984414827,0.5938489709740846,4.052970789807306,-1.1689431320605124,-0.2098171771984027,0.8583788437065039,1.4536445838197327,-0.6679304958069672,0.3381497692766686,-2.3886588798555053
33.0,219.0,999.9854125976562,-0.5829060123603016,0.593836560380093,4.052975365620428,-1.1689241200480105,-0.2098240630418342,0.8583930784502982,1.4536335827633824,-0.667932516673071,0.3381671997029043,-2.3886453038692568
33.0,219.0,999.9854125976562,-0.5829130777597538,0.5938459034936212,4.05296736459896,-1.1689350907835565,-0.2098175064283491,0.8583867499397568,1.4536367382243451,-0.6679312578242138,0.3381519127861487,-2.388658390783621
33.0,219.0,999.9854125976562,-0.5829096502875846,0.5938480877049717,4.052969470781729,-1.1689296632689905,-0.2098215599325366,0.858383474204917,1.453637234407954,-0.6679297083303197,0.3381598485675932,-2.388647974585024
33.0,219.0,999.9854736328124,-0.5829101283680114,0.5938423363521537,4.052960540582697,-1.1689345906917756,-0.2098177857015342,0.858389327678375,1.4536407086056204,-0.6679272886357959,0.3381500429679462,-2.388652960588268
33.0,219.0,999.9854125976562,-0.5829095379166924,0.5938397726318092,4.052970797904784,-1.1689298783720163,-0.2098216385974236,0.8583895757878643,1.4536353100896786,-0.6679303409240527,0.3381610256267029,-2.3886518878919483
33.0,219.0,999.9854125976562,-0.5829102996672404,0.5938429846851196,4.052965962505466,-1.168929693179205,-0.2098191325018907,0.8583894703774142,1.4536324541820091,-0.6679318446519016,0.3381524100688811,-2.388655679076128
33.0,219.0,999.9854125976562,-0.582909041073064,0.5938445933394902,4.052968789229926,-1.1689255048636489,-0.2098215543503538,0.8583868715352221,1.4536343138395118,-0.6679296269553987,0.3381631023521461,-2.3886459364569825
33.0,219.0,999.9854125976562,-0.5829079981854441,0.5938425890157886,4.052973456056153,-1.1689276399711497,-0.2098214250319978,0.858391003394015,1.4536369956328965,-0.6679333548877482,0.3381645668113116,-2.388645873925591
33.0,219.0,999.9854125976562,-0.5829084140763445,0.5938444865442216,4.05297108878584,-1.1689329074348676,-0.2098213018969499,0.8583852301539547,1.4536410024667887,-0.6679290052054352,0.3381607125347718,-2.388648647023889
33.0,219.0,999.9854125976562,-0.5829074859759968,0.5938408413543153,4.052968638928359,-1.168925908185832,-0.2098230076696214,0.8583912672834142,1.453634993209235,-0.6679324347880335,0.3381608337132249,-2.38864655182546
33.0,219.0,999.9854125976562,-0.5829115473700694,0.5938460139440576,4.052964850885889,-1.1689304439558108,-0.2098181028479713,0.8583879471064835,1.4536323913428353,-0.6679312727921927,0.3381554674145794,-2.388653491124757
33.0,219.0,999.9854125976562,-0.5829092241329645,0.5938400562597561,4.052970043100826,-1.1689299670784257,-0.2098208585628489,0.8583913745644365,1.4536382003045911,-0.6679327064800109,0.3381604247301695,-2.3886479785911208
33.0,220.0,999.9854125976562,-0.5829080301043197,0.5938441512901438,4.052970804960252,-1.1689270072208364,-0.2098229107810407,0.8583898767830913,1.4536378131821293,-0.667931716988269,0.3381640396235665,-2.388644091190637
33.0,220.0,999.9854125976562,-0.582910921723645,0.5938468438107751,4.052966354518876,-1.1689291290153667,-0.2098202126618344,0.8583835048482102,1.453632280737395,-0.6679292895314459,0.3381567170107979,-2.38865287793681
33.0,220.0,999.9854736328124,-0.5829062029904666,0.593836395699153,4.05297521198278,-1.1689233558286762,-0.2098249695370118,0.858397728953082,1.4536373324926135,-0.6679363998723336,0.3381654810396544,-2.388640778647529
33.0,220.0,999.9854736328124,-0.5829091291420498,0.5938388910109431,4.052967150645566,-1.1689261358208451,-0.2098195689170978,0.8583933887557249,1.4536333021051293,-0.6679328121856791,0.3381615336939569,-2.3886469840640108
33.0,220.0,999.9854125976562,-0.5829077021455049,0.5938421964434575,4.052971850597512,-1.1689311000567084,-0.2098226586127021,0.8583871230336735,1.45364161511141,-0.6679292513426649,0.3381610531502401,-2.388646284542853
33.0,220.0,999.9854125976562,-0.582909926206022,0.5938419474242105,4.052971420175801,-1.168932870690222,-0.2098210720918212,0.8583868850100913,1.453638483856321,-0.6679319996604036,0.3381580283910708,-2.388651744867325
33.0,220.0,999.9854736328124,-0.5829093102984935,0.5938401568646867,4.052971847942793,-1.1689321136429394,-0.2098221931961754,0.8583863450100884,1.4536405622367097,-0.6679298442439077,0.3381580547510046,-2.3886512453787203
33.0,220.0,999.9854736328124,-0.5829102107186133,0.5938450663850912,4.052964011930246,-1.1689338308235508,-0.2098190051254942,0.8583842931100971,1.4536381434228964,-0.6679286246445066,0.3381533882382284,-2.388653436662032
33.0,220.0,999.9854125976562,-0.5829092924358914,0.593841125737729,4.0529671244572505,-1.1689300210327196,-0.2098199465649806,0.8583923780187774,1.4536351596033086,-0.6679319210208412,0.3381551813859733,-2.3886527196902003
33.0,220.0,999.9854125976562,-0.5829096201509207,0.5938454267090378,4.05296790881671,-1.168928026857381,-0.2098199477678166,0.8583878847484936,1.4536299579781904,-0.6679311170747155,0.3381597506681357,-2.388650344920144
33.0,220.0,999.9854125976562,-0.5829115196642194,0.5938448183503571,4.05296804846466,-1.1689363929749534,-0.2098177083492975,0.8583836386790686,1.453637655776726,-0.6679287530701323,0.3381553541021622,-2.3886563076135663
33.0,220.0,999.9854125976562,-0.582908210720384,0.5938390242467362,4.052972765647283,-1.168931862945758,-0.2098214532051461,0.8583910098607266,1.4536384786628522,-0.667932401101357,0.3381581515151532,-2.388651526432724
33.0,220.0,999.9854736328124,-0.5829071982660743,0.5938449731229305,4.052969306157664,-1.168923804645459,-0.2098230645946781,0.85838952677181,1.4536342832907012,-0.6679330212206605,0.3381650500633002,-2.388643845778672
33.0,220.0,999.9854736328124,-0.5829095726843958,0.5938407385559428,4.052971954665734,-1.1689341525171448,-0.209820247370847,0.8583868209768948,1.4536418738817725,-0.6679298274476588,0.3381583928375686,-2.388650999240728
33.0,220.0,999.9854125976562,-0.5829100751635394,0.5938476280285112,4.0529673532464745,-1.1689307375966438,-0.2098200484741292,0.8583837688255445,1.453634020763812,-0.667930186750664,0.3381546992962994,-2.3886517699105085
33.0,220.0,999.9854125976562,-0.5829100681240824,0.5938456765182334,4.052969274383969,-1.1689332759884987,-0.2098209617938327,0.8583825058052259,1.4536375603755474,-0.6679303053496808,0.338157951095801,-2.3886492853262418
33.0,220.0,999.9854736328124,-0.5829137736605352,0.5938444058658412,4.052969872509909,-1.1689348985154933,-0.2098161165663512,0.858386272324454,1.4536341886582802,-0.6679319963189352,0.3381573117470147,-2.3886544254390083
33.0,220.0,999.9854125976562,-0.5829098110707651,0.5938424344959188,4.052967700342922,-1.1689340197207023,-0.2098209492703437,0.8583875615235144,1.4536415851907076,-0.6679289928054075,0.3381543218562779,-2.3886531144276835
33.0,220.0,999.9854125976562,-0.5829095912944267,0.5938460000806911,4.052968302634829,-1.1689292857165583,-0.2098203361913579,0.8583858282352903,1.453633626359112,-0.6679317933515616,0.3381569036183371,-2.388649908606848
33.0,220.0,999.9854125976562,-0.5829083286359023,0.5938429914468362,4.052969750829666,-1.1689276088161824,-0.209821789504347,0.8583877389542769,1.453635512111461,-0.6679292388258498,0.338161579608176,-2.3886467668245155
33.0,220.0,999.9854736328124,-0.582908315466339,0.5938364726323808,4.052966911526594,-1.1689218542862916,-0.2098219623189905,0.8583980305806707,1.4536316359405728,-0.6679333976108337,0.3381608434691507,-2.388647879782237
33.0,220.0,999.9854125976562,-0.5829087331506964,0.5938436902926645,4.052969387091823,-1.1689274507897056,-0.2098199292101972,0.8583898443253428,1.4536331330359609,-0.6679329909130951,0.3381574499636564,-2.388652233254627
33.0,220.0,999.9854125976562,-0.582907726887834,0.5938431441529355,4.052967908674907,-1.168925345477649,-0.2098221326248337,0.8583891147660596,1.4536340246089008,-0.667931358047336,0.3381620073938247,-2.3886463715820616
33.0,220.0,999.9854125976562,-0.5829076798980068,0.5938404117607945,4.05297051304596,-1.1689275600606424,-0.209821713372114,0.8583913031801487,1.453635672254431,-0.6679319112536026,0.3381615227801768,-2.3886457164473
33.0,220.0,999.9854125976562,-0.5829093460172396,0.5938416178402219,4.052967900981471,-1.16892803086867,-0.2098216172350495,0.8583898148066798,1.4536348322165606,-0.6679315195619742,0.3381570621749787,-2.388653151886704
33.0,220.0,999.9854125976562,-0.5829111423812021,0.5938417281242927,4.052967273692527,-1.168937990894396,-0.2098188783213892,0.8583862980719843,1.4536387175801018,-0.6679299581983047,0.3381527562499551,-2.3886556633371887
33.0,220.0,999.9854125976562,-0.5829098067737242,0.5938418869161852,4.052969926076772,-1.168932962879614,-0.2098200096625611,0.8583881816774657,1.4536382420763443,-0.6679309183147435,0.3381584980015013,-2.3886515618888686
33.0,220.0,999.9854125976562,-0.5829103778848639,0.5938422112375878,4.052969555587008,-1.1689317202119307,-0.2098178053476322,0.8583889493228556,1.4536322108663455,-0.6679313620737739,0.33815856587628,-2.388654943244448
33.0,220.0,999.9854125976562,-0.5829118325315878,0.59384640490447,4.052967050494216,-1.1689325379039062,-0.2098197125543865,0.858382201093356,1.4536331260337922,-0.6679299508821508,0.3381551993224949,-2.3886558237539064
33.0,220.0,999.9854125976562,-0.582910623671121,0.5938468418117644,4.052966727923948,-1.1689308335329516,-0.2098195639844329,0.8583868100677208,1.4536382508312071,-0.6679286617520228,0.3381589475138593,-2.3886497070908383
33.0,220.0,999.9854736328124,-0.5829131705692623,0.5938446931100403,4.052967470625422,-1.168936521862003,-0.2098168929607489,0.8583832583827427,1.453636761022448,-0.6679289803960016,0.3381547199746206,-2.388654511016397
33.0,220.0,999.9854125976562,-0.5829118836340133,0.5938498672774228,4.052970448674158,-1.168936906297866,-0.2098198975170184,0.8583785078401176,1.45364085488022,-0.6679286995677023,0.3381564304744353,-2.388653206682445
33.0,220.0,999.9854125976562,-0.5829087949499652,0.593845034287007,4.052970508118444,-1.168928547894443,-0.2098224476814145,0.8583875328920989,1.4536368905675996,-0.6679312072480235,0.3381572322704009,-2.38865210320905
33.0,220.0,999.9854125976562,-0.5829084092747854,0.5938428240466642,4.0529676298032165,-1.1689301752317238,-0.2098215715815623,0.8583872038411187,1.4536343144652184,-0.667930122129043,0.3381575164245607,-2.388652078505048
33.0,220.0,999.9854125976562,-0.5829095859804241,0.5938406331269919,4.052968176709722,-1.168931503145088,-0.2098209076946222,0.8583892540233515,1.4536378364109872,-0.6679300194485567,0.3381580775888668,-2.388651822241826
33.0,220.0,999.9854125976562,-0.5829091460442974,0.5938427161815163,4.052967983914659,-1.168932720350056,-0.2098206485035323,0.8583868792050344,1.4536381128011753,-0.6679303655655904,0.3381568038581397,-2.3886493022307667
33.0,220.0,999.9854125976562,-0.5829102950702261,0.5938428858825704,4.052967843380422,-1.1689345573594268,-0.2098205921430471,0.8583856818133491,1.453640637527366,-0.6679287680216106,0.338155448232774,-2.3886515656416583
33.0,220.0,999.9854736328124,-0.5829132984414827,0.5938489709740846,4.052970789807306,-1.1689431320605124,-0.2098171771984027,0.8583788437065039,1.4536445838197327,-0.6679304958069672,0.3381497692766686,-2.3886588798555053
33.0,220.0,999.9854125976562,-0.5829060123603016,0.593836560380093,4.052975365620428,-1.1689241200480105,-0.2098240630418342,0.8583930784502982,1.4536335827633824,-0.667932516673071,0.3381671997029043,-2.3886453038692568
33.0,220.0,999.9854125976562,-0.5829130777597538,0.5938459034936212,4.05296736459896,-1.1689350907835565,-0.2098175064283491,0.8583867499397568,1.4536367382243451,-0.6679312578242138,0.3381519127861487,-2.388658390783621
33.0,220.0,999.9854125976562,-0.5829096502875846,0.5938480877049717,4.052969470781729,-1.1689296632689905,-0.2098215599325366,0.858383474204917,1.453637234407954,-0.6679297083303197,0.3381598485675932,-2.388647974585024
33.0,220.0,999.9854736328124,-0.5829101283680114,0.5938423363521537,4.052960540582697,-1.1689345906917756,-0.2098177857015342,0.858389327678375,1.4536407086056204,-0.6679272886357959,0.3381500429679462,-2.388652960588268
33.0,220.0,999.9854125976562,-0.5829095379166924,0.5938397726318092,4.052970797904784,-1.1689298783720163,-0.2098216385974236,0.8583895757878643,1.4536353100896786,-0.6679303409240527,0.3381610256267029,-2.3886518878919483
33.0,220.0,999.9854125976562,-0.5829102996672404,0.5938429846851196,4.052965962505466,-1.168929693179205,-0.2098191325018907,0.8583894703774142,1.4536324541820091,-0.6679318446519016,0.3381524100688811,-2.388655679076128
33.0,220.0,999.9854125976562,-0.582909041073064,0.5938445933394902,4.052968789229926,-1.1689255048636489,-0.2098215543503538,0.8583868715352221,1.4536343138395118,-0.6679296269553987,0.3381631023521461,-2.3886459364569825
33.0,220.0,999.9854125976562,-0.5829079981854441,0.5938425890157886,4.052973456056153,-1.1689276399711497,-0.2098214250319978,0.858391003394015,1.4536369956328965,-0.6679333548877482,0.3381645668113116,-2.388645873925591
33.0,220.0,999.9854125976562,-0.5829084140763445,0.5938444865442216,4.05297108878584,-1.1689329074348676,-0.2098213018969499,0.8583852301539547,1.4536410024667887,-0.6679290052054352,0.3381607125347718,-2.388648647023889
33.0,220.0,999.9854125976562,-0.5829074859759968,0.5938408413543153,4.052968638928359,-1.168925908185832,-0.2098230076696214,0.8583912672834142,1.453634993209235,-0.6679324347880335,0.3381608337132249,-2.38864655182546
33.0,220.0,999.9854125976562,-0.5829115473700694,0.5938460139440576,4.052964850885889,-1.1689304439558108,-0.2098181028479713,0.8583879471064835,1.4536323913428353,-0.6679312727921927,0.3381554674145794,-2.388653491124757
33.0,220.0,999.9854125976562,-0.5829092241329645,0.5938400562597561,4.052970043100826,-1.1689299670784257,-0.2098208585628489,0.8583913745644365,1.4536382003045911,-0.6679327064800109,0.3381604247301695,-2.3886479785911208
33.0,221.0,999.9854125976562,-0.5829080301043197,0.5938441512901438,4.052970804960252,-1.1689270072208364,-0.2098229107810407,0.8583898767830913,1.4536378131821293,-0.667931716988269,0.3381640396235665,-2.388644091190637
33.0,221.0,999.9854125976562,-0.582910921723645,0.5938468438107751,4.052966354518876,-1.1689291290153667,-0.2098202126618344,0.8583835048482102,1.453632280737395,-0.6679292895314459,0.3381567170107979,-2.38865287793681
33.0,221.0,999.9854736328124,-0.5829062029904666,0.593836395699153,4.05297521198278,-1.1689233558286762,-0.2098249695370118,0.858397728953082,1.4536373324926135,-0.6679363998723336,0.3381654810396544,-2.388640778647529
33.0,221.0,999.9854736328124,-0.5829091291420498,0.5938388910109431,4.052967150645566,-1.1689261358208451,-0.2098195689170978,0.8583933887557249,1.4536333021051293,-0.6679328121856791,0.3381615336939569,-2.3886469840640108
33.0,221.0,999.9854125976562,-0.5829077021455049,0.5938421964434575,4.052971850597512,-1.1689311000567084,-0.2098226586127021,0.8583871230336735,1.45364161511141,-0.6679292513426649,0.3381610531502401,-2.388646284542853
33.0,221.0,999.9854125976562,-0.582909926206022,0.5938419474242105,4.052971420175801,-1.168932870690222,-0.2098210720918212,0.8583868850100913,1.453638483856321,-0.6679319996604036,0.3381580283910708,-2.388651744867325
33.0,221.0,999.9854736328124,-0.5829093102984935,0.5938401568646867,4.052971847942793,-1.1689321136429394,-0.2098221931961754,0.8583863450100884,1.4536405622367097,-0.6679298442439077,0.3381580547510046,-2.3886512453787203
33.0,221.0,999.9854736328124,-0.5829102107186133,0.5938450663850912,4.052964011930246,-1.1689338308235508,-0.2098190051254942,0.8583842931100971,1.4536381434228964,-0.6679286246445066,0.3381533882382284,-2.388653436662032
33.0,221.0,999.9854125976562,-0.5829092924358914,0.593841125737729,4.0529671244572505,-1.1689300210327196,-0.2098199465649806,0.8583923780187774,1.4536351596033086,-0.6679319210208412,0.3381551813859733,-2.3886527196902003
33.0,221.0,999.9854125976562,-0.5829096201509207,0.5938454267090378,4.05296790881671,-1.168928026857381,-0.2098199477678166,0.8583878847484936,1.4536299579781904,-0.6679311170747155,0.3381597506681357,-2.388650344920144
33.0,221.0,999.9854125976562,-0.5829115196642194,0.5938448183503571,4.05296804846466,-1.1689363929749534,-0.2098177083492975,0.8583836386790686,1.453637655776726,-0.6679287530701323,0.3381553541021622,-2.3886563076135663
33.0,221.0,999.9854125976562,-0.582908210720384,0.5938390242467362,4.052972765647283,-1.168931862945758,-0.2098214532051461,0.8583910098607266,1.4536384786628522,-0.667932401101357,0.3381581515151532,-2.388651526432724
33.0,221.0,999.9854736328124,-0.5829071982660743,0.5938449731229305,4.052969306157664,-1.168923804645459,-0.2098230645946781,0.85838952677181,1.4536342832907012,-0.6679330212206605,0.3381650500633002,-2.388643845778672
33.0,221.0,999.9854736328124,-0.5829095726843958,0.5938407385559428,4.052971954665734,-1.1689341525171448,-0.209820247370847,0.8583868209768948,1.4536418738817725,-0.6679298274476588,0.3381583928375686,-2.388650999240728
33.0,221.0,999.9854125976562,-0.5829100751635394,0.5938476280285112,4.0529673532464745,-1.1689307375966438,-0.2098200484741292,0.8583837688255445,1.453634020763812,-0.667930186750664,0.3381546992962994,-2.3886517699105085
33.0,221.0,999.9854125976562,-0.5829100681240824,0.5938456765182334,4.052969274383969,-1.1689332759884987,-0.2098209617938327,0.8583825058052259,1.4536375603755474,-0.6679303053496808,0.338157951095801,-2.3886492853262418
33.0,221.0,999.9854736328124,-0.5829137736605352,0.5938444058658412,4.052969872509909,-1.1689348985154933,-0.2098161165663512,0.858386272324454,1.4536341886582802,-0.6679319963189352,0.3381573117470147,-2.3886544254390083
33.0,221.0,999.9854125976562,-0.5829098110707651,0.5938424344959188,4.052967700342922,-1.1689340197207023,-0.2098209492703437,0.8583875615235144,1.4536415851907076,-0.6679289928054075,0.3381543218562779,-2.3886531144276835
33.0,221.0,999.9854125976562,-0.5829095912944267,0.5938460000806911,4.052968302634829,-1.1689292857165583,-0.2098203361913579,0.8583858282352903,1.453633626359112,-0.6679317933515616,0.3381569036183371,-2.388649908606848
33.0,221.0,999.9854125976562,-0.5829083286359023,0.5938429914468362,4.052969750829666,-1.1689276088161824,-0.209821789504347,0.8583877389542769,1.453635512111461,-0.6679292388258498,0.338161579608176,-2.3886467668245155
33.0,221.0,999.9854736328124,-0.582908315466339,0.5938364726323808,4.052966911526594,-1.1689218542862916,-0.2098219623189905,0.8583980305806707,1.4536316359405728,-0.6679333976108337,0.3381608434691507,-2.388647879782237
33.0,221.0,999.9854125976562,-0.5829087331506964,0.5938436902926645,4.052969387091823,-1.1689274507897056,-0.2098199292101972,0.8583898443253428,1.4536331330359609,-0.6679329909130951,0.3381574499636564,-2.388652233254627
33.0,221.0,999.9854125976562,-0.582907726887834,0.5938431441529355,4.052967908674907,-1.168925345477649,-0.2098221326248337,0.8583891147660596,1.4536340246089008,-0.667931358047336,0.3381620073938247,-2.3886463715820616
33.0,221.0,999.9854125976562,-0.5829076798980068,0.5938404117607945,4.05297051304596,-1.1689275600606424,-0.209821713372114,0.8583913031801487,1.453635672254431,-0.6679319112536026,0.3381615227801768,-2.3886457164473
33.0,221.0,999.9854125976562,-0.5829093460172396,0.5938416178402219,4.052967900981471,-1.16892803086867,-0.2098216172350495,0.8583898148066798,1.4536348322165606,-0.6679315195619742,0.3381570621749787,-2.388653151886704
33.0,221.0,999.9854125976562,-0.5829111423812021,0.5938417281242927,4.052967273692527,-1.168937990894396,-0.2098188783213892,0.8583862980719843,1.4536387175801018,-0.6679299581983047,0.3381527562499551,-2.3886556633371887
33.0,221.0,999.9854125976562,-0.5829098067737242,0.5938418869161852,4.052969926076772,-1.168932962879614,-0.2098200096625611,0.8583881816774657,1.4536382420763443,-0.6679309183147435,0.3381584980015013,-2.3886515618888686
33.0,221.0,999.9854125976562,-0.5829103778848639,0.5938422112375878,4.052969555587008,-1.1689317202119307,-0.2098178053476322,0.8583889493228556,1.4536322108663455,-0.6679313620737739,0.33815856587628,-2.388654943244448
33.0,221.0,999.9854125976562,-0.5829118325315878,0.59384640490447,4.052967050494216,-1.1689325379039062,-0.2098197125543865,0.858382201093356,1.4536331260337922,-0.6679299508821508,0.3381551993224949,-2.3886558237539064
33.0,221.0,999.9854125976562,-0.582910623671121,0.5938468418117644,4.052966727923948,-1.1689308335329516,-0.2098195639844329,0.8583868100677208,1.4536382508312071,-0.6679286617520228,0.3381589475138593,-2.3886497070908383
33.0,221.0,999.9854736328124,-0.5829131705692623,0.5938446931100403,4.052967470625422,-1.168936521862003,-0.2098168929607489,0.8583832583827427,1.453636761022448,-0.6679289803960016,0.3381547199746206,-2.388654511016397
33.0,221.0,999.9854125976562,-0.5829118836340133,0.5938498672774228,4.052970448674158,-1.168936906297866,-0.2098198975170184,0.8583785078401176,1.45364085488022,-0.6679286995677023,0.3381564304744353,-2.388653206682445
33.0,221.0,999.9854125976562,-0.5829087949499652,0.593845034287007,4.052970508118444,-1.168928547894443,-0.2098224476814145,0.8583875328920989,1.4536368905675996,-0.6679312072480235,0.3381572322704009,-2.38865210320905
33.0,221.0,999.9854125976562,-0.5829084092747854,0.5938428240466642,4.0529676298032165,-1.1689301752317238,-0.2098215715815623,0.8583872038411187,1.4536343144652184,-0.667930122129043,0.3381575164245607,-2.388652078505048
33.0,221.0,999.9854125976562,-0.5829095859804241,0.5938406331269919,4.052968176709722,-1.168931503145088,-0.2098209076946222,0.8583892540233515,1.4536378364109872,-0.6679300194485567,0.3381580775888668,-2.388651822241826
33.0,221.0,999.9854125976562,-0.5829091460442974,0.5938427161815163,4.052967983914659,-1.168932720350056,-0.2098206485035323,0.8583868792050344,1.4536381128011753,-0.6679303655655904,0.3381568038581397,-2.3886493022307667
33.0,221.0,999.9854125976562,-0.5829102950702261,0.5938428858825704,4.052967843380422,-1.1689345573594268,-0.2098205921430471,0.8583856818133491,1.453640637527366,-0.6679287680216106,0.338155448232774,-2.3886515656416583
33.0,221.0,999.9854736328124,-0.5829132984414827,0.5938489709740846,4.052970789807306,-1.1689431320605124,-0.2098171771984027,0.8583788437065039,1.4536445838197327,-0.6679304958069672,0.3381497692766686,-2.3886588798555053
33.0,221.0,999.9854125976562,-0.5829060123603016,0.593836560380093,4.052975365620428,-1.1689241200480105,-0.2098240630418342,0.8583930784502982,1.4536335827633824,-0.667932516673071,0.3381671997029043,-2.3886453038692568
33.0,221.0,999.9854125976562,-0.5829130777597538,0.5938459034936212,4.05296736459896,-1.1689350907835565,-0.2098175064283491,0.8583867499397568,1.4536367382243451,-0.6679312578242138,0.3381519127861487,-2.388658390783621
33.0,221.0,999.9854125976562,-0.5829096502875846,0.5938480877049717,4.052969470781729,-1.1689296632689905,-0.2098215599325366,0.858383474204917,1.453637234407954,-0.6679297083303197,0.3381598485675932,-2.388647974585024
33.0,221.0,999.9854736328124,-0.5829101283680114,0.5938423363521537,4.052960540582697,-1.1689345906917756,-0.2098177857015342,0.858389327678375,1.4536407086056204,-0.6679272886357959,0.3381500429679462,-2.388652960588268
33.0,221.0,999.9854125976562,-0.5829095379166924,0.5938397726318092,4.052970797904784,-1.1689298783720163,-0.2098216385974236,0.8583895757878643,1.4536353100896786,-0.6679303409240527,0.3381610256267029,-2.3886518878919483
33.0,221.0,999.9854125976562,-0.5829102996672404,0.5938429846851196,4.052965962505466,-1.168929693179205,-0.2098191325018907,0.8583894703774142,1.4536324541820091,-0.6679318446519016,0.3381524100688811,-2.388655679076128
33.0,221.0,999.9854125976562,-0.582909041073064,0.5938445933394902,4.052968789229926,-1.1689255048636489,-0.2098215543503538,0.8583868715352221,1.4536343138395118,-0.6679296269553987,0.3381631023521461,-2.3886459364569825
33.0,221.0,999.9854125976562,-0.5829079981854441,0.5938425890157886,4.052973456056153,-1.1689276399711497,-0.2098214250319978,0.858391003394015,1.4536369956328965,-0.6679333548877482,0.3381645668113116,-2.388645873925591
33.0,221.0,999.9854125976562,-0.5829084140763445,0.5938444865442216,4.05297108878584,-1.1689329074348676,-0.2098213018969499,0.8583852301539547,1.4536410024667887,-0.6679290052054352,0.3381607125347718,-2.388648647023889
33.0,221.0,999.9854125976562,-0.5829074859759968,0.5938408413543153,4.052968638928359,-1.168925908185832,-0.2098230076696214,0.8583912672834142,1.453634993209235,-0.6679324347880335,0.3381608337132249,-2.38864655182546
33.0,221.0,999.9854125976562,-0.5829115473700694,0.5938460139440576,4.052964850885889,-1.1689304439558108,-0.2098181028479713,0.8583879471064835,1.4536323913428353,-0.6679312727921927,0.3381554674145794,-2.388653491124757
33.0,221.0,999.9854125976562,-0.5829092241329645,0.5938400562597561,4.052970043100826,-1.1689299670784257,-0.2098208585628489,0.8583913745644365,1.4536382003045911,-0.6679327064800109,0.3381604247301695,-2.3886479785911208
33.0,222.0,999.9854125976562,-0.5829080301043197,0.5938441512901438,4.052970804960252,-1.1689270072208364,-0.2098229107810407,0.8583898767830913,1.4536378131821293,-0.667931716988269,0.3381640396235665,-2.388644091190637
33.0,222.0,999.9854125976562,-0.582910921723645,0.5938468438107751,4.052966354518876,-1.1689291290153667,-0.2098202126618344,0.8583835048482102,1.453632280737395,-0.6679292895314459,0.3381567170107979,-2.38865287793681
33.0,222.0,999.9854736328124,-0.5829062029904666,0.593836395699153,4.05297521198278,-1.1689233558286762,-0.2098249695370118,0.858397728953082,1.4536373324926135,-0.6679363998723336,0.3381654810396544,-2.388640778647529
33.0,222.0,999.9854736328124,-0.5829091291420498,0.5938388910109431,4.052967150645566,-1.1689261358208451,-0.2098195689170978,0.8583933887557249,1.4536333021051293,-0.6679328121856791,0.3381615336939569,-2.3886469840640108
33.0,222.0,999.9854125976562,-0.5829077021455049,0.5938421964434575,4.052971850597512,-1.1689311000567084,-0.2098226586127021,0.8583871230336735,1.45364161511141,-0.6679292513426649,0.3381610531502401,-2.388646284542853
33.0,222.0,999.9854125976562,-0.582909926206022,0.5938419474242105,4.052971420175801,-1.168932870690222,-0.2098210720918212,0.8583868850100913,1.453638483856321,-0.6679319996604036,0.3381580283910708,-2.388651744867325
33.0,222.0,999.9854736328124,-0.5829093102984935,0.5938401568646867,4.052971847942793,-1.1689321136429394,-0.2098221931961754,0.8583863450100884,1.4536405622367097,-0.6679298442439077,0.3381580547510046,-2.3886512453787203
33.0,222.0,999.9854736328124,-0.5829102107186133,0.5938450663850912,4.052964011930246,-1.1689338308235508,-0.2098190051254942,0.8583842931100971,1.4536381434228964,-0.6679286246445066,0.3381533882382284,-2.388653436662032
33.0,222.0,999.9854125976562,-0.5829092924358914,0.593841125737729,4.0529671244572505,-1.1689300210327196,-0.2098199465649806,0.8583923780187774,1.4536351596033086,-0.6679319210208412,0.3381551813859733,-2.3886527196902003
33.0,222.0,999.9854125976562,-0.5829096201509207,0.5938454267090378,4.05296790881671,-1.168928026857381,-0.2098199477678166,0.8583878847484936,1.4536299579781904,-0.6679311170747155,0.3381597506681357,-2.388650344920144
33.0,222.0,999.9854125976562,-0.5829115196642194,0.5938448183503571,4.05296804846466,-1.1689363929749534,-0.2098177083492975,0.8583836386790686,1.453637655776726,-0.6679287530701323,0.3381553541021622,-2.3886563076135663
33.0,222.0,999.9854125976562,-0.582908210720384,0.5938390242467362,4.052972765647283,-1.168931862945758,-0.2098214532051461,0.8583910098607266,1.4536384786628522,-0.667932401101357,0.3381581515151532,-2.388651526432724
33.0,222.0,999.9854736328124,-0.5829071982660743,0.5938449731229305,4.052969306157664,-1.168923804645459,-0.2098230645946781,0.85838952677181,1.4536342832907012,-0.6679330212206605,0.3381650500633002,-2.388643845778672
33.0,222.0,999.9854736328124,-0.5829095726843958,0.5938407385559428,4.052971954665734,-1.1689341525171448,-0.209820247370847,0.8583868209768948,1.4536418738817725,-0.6679298274476588,0.3381583928375686,-2.388650999240728
33.0,222.0,999.9854125976562,-0.5829100751635394,0.5938476280285112,4.0529673532464745,-1.1689307375966438,-0.2098200484741292,0.8583837688255445,1.453634020763812,-0.667930186750664,0.3381546992962994,-2.3886517699105085
33.0,222.0,999.9854125976562,-0.5829100681240824,0.5938456765182334,4.052969274383969,-1.1689332759884987,-0.2098209617938327,0.8583825058052259,1.4536375603755474,-0.6679303053496808,0.338157951095801,-2.3886492853262418
33.0,222.0,999.9854736328124,-0.5829137736605352,0.5938444058658412,4.052969872509909,-1.1689348985154933,-0.2098161165663512,0.858386272324454,1.4536341886582802,-0.6679319963189352,0.3381573117470147,-2.3886544254390083
33.0,222.0,999.9854125976562,-0.5829098110707651,0.5938424344959188,4.052967700342922,-1.1689340197207023,-0.2098209492703437,0.8583875615235144,1.4536415851907076,-0.6679289928054075,0.3381543218562779,-2.3886531144276835
33.0,222.0,999.9854125976562,-0.5829095912944267,0.5938460000806911,4.052968302634829,-1.1689292857165583,-0.2098203361913579,0.8583858282352903,1.453633626359112,-0.6679317933515616,0.3381569036183371,-2.388649908606848
33.0,222.0,999.9854125976562,-0.5829083286359023,0.5938429914468362,4.052969750829666,-1.1689276088161824,-0.209821789504347,0.8583877389542769,1.453635512111461,-0.6679292388258498,0.338161579608176,-2.3886467668245155
33.0,222.0,999.9854736328124,-0.582908315466339,0.5938364726323808,4.052966911526594,-1.1689218542862916,-0.2098219623189905,0.8583980305806707,1.4536316359405728,-0.6679333976108337,0.3381608434691507,-2.388647879782237
33.0,222.0,999.9854125976562,-0.5829087331506964,0.5938436902926645,4.052969387091823,-1.1689274507897056,-0.2098199292101972,0.8583898443253428,1.4536331330359609,-0.6679329909130951,0.3381574499636564,-2.388652233254627
33.0,222.0,999.9854125976562,-0.582907726887834,0.5938431441529355,4.052967908674907,-1.168925345477649,-0.2098221326248337,0.8583891147660596,1.4536340246089008,-0.667931358047336,0.3381620073938247,-2.3886463715820616
33.0,222.0,999.9854125976562,-0.5829076798980068,0.5938404117607945,4.05297051304596,-1.1689275600606424,-0.209821713372114,0.8583913031801487,1.453635672254431,-0.6679319112536026,0.3381615227801768,-2.3886457164473
33.0,222.0,999.9854125976562,-0.5829093460172396,0.5938416178402219,4.052967900981471,-1.16892803086867,-0.2098216172350495,0.8583898148066798,1.4536348322165606,-0.6679315195619742,0.3381570621749787,-2.388653151886704
33.0,222.0,999.9854125976562,-0.5829111423812021,0.5938417281242927,4.052967273692527,-1.168937990894396,-0.2098188783213892,0.8583862980719843,1.4536387175801018,-0.6679299581983047,0.3381527562499551,-2.3886556633371887
33.0,222.0,999.9854125976562,-0.5829098067737242,0.5938418869161852,4.052969926076772,-1.168932962879614,-0.2098200096625611,0.8583881816774657,1.4536382420763443,-0.6679309183147435,0.3381584980015013,-2.3886515618888686
33.0,222.0,999.9854125976562,-0.5829103778848639,0.5938422112375878,4.052969555587008,-1.1689317202119307,-0.2098178053476322,0.8583889493228556,1.4536322108663455,-0.6679313620737739,0.33815856587628,-2.388654943244448
33.0,222.0,999.9854125976562,-0.5829118325315878,0.59384640490447,4.052967050494216,-1.1689325379039062,-0.2098197125543865,0.858382201093356,1.4536331260337922,-0.6679299508821508,0.3381551993224949,-2.3886558237539064
33.0,222.0,999.9854125976562,-0.582910623671121,0.5938468418117644,4.052966727923948,-1.1689308335329516,-0.2098195639844329,0.8583868100677208,1.4536382508312071,-0.6679286617520228,0.3381589475138593,-2.3886497070908383
33.0,222.0,999.9854736328124,-0.5829131705692623,0.5938446931100403,4.052967470625422,-1.168936521862003,-0.2098168929607489,0.8583832583827427,1.453636761022448,-0.6679289803960016,0.3381547199746206,-2.388654511016397
33.0,222.0,999.9854125976562,-0.5829118836340133,0.5938498672774228,4.052970448674158,-1.168936906297866,-0.2098198975170184,0.8583785078401176,1.45364085488022,-0.6679286995677023,0.3381564304744353,-2.388653206682445
33.0,222.0,999.9854125976562,-0.5829087949499652,0.593845034287007,4.052970508118444,-1.168928547894443,-0.2098224476814145,0.8583875328920989,1.4536368905675996,-0.6679312072480235,0.3381572322704009,-2.38865210320905
33.0,222.0,999.9854125976562,-0.5829084092747854,0.5938428240466642,4.0529676298032165,-1.1689301752317238,-0.2098215715815623,0.8583872038411187,1.4536343144652184,-0.667930122129043,0.3381575164245607,-2.388652078505048
33.0,222.0,999.9854125976562,-0.5829095859804241,0.5938406331269919,4.052968176709722,-1.168931503145088,-0.2098209076946222,0.8583892540233515,1.4536378364109872,-0.6679300194485567,0.3381580775888668,-2.388651822241826
33.0,222.0,999.9854125976562,-0.5829091460442974,0.5938427161815163,4.052967983914659,-1.168932720350056,-0.2098206485035323,0.8583868792050344,1.4536381128011753,-0.6679303655655904,0.3381568038581397,-2.3886493022307667
33.0,222.0,999.9854125976562,-0.5829102950702261,0.5938428858825704,4.052967843380422,-1.1689345573594268,-0.2098205921430471,0.8583856818133491,1.453640637527366,-0.6679287680216106,0.338155448232774,-2.3886515656416583
33.0,222.0,999.9854736328124,-0.5829132984414827,0.5938489709740846,4.052970789807306,-1.1689431320605124,-0.2098171771984027,0.8583788437065039,1.4536445838197327,-0.6679304958069672,0.3381497692766686,-2.3886588798555053
33.0,222.0,999.9854125976562,-0.5829060123603016,0.593836560380093,4.052975365620428,-1.1689241200480105,-0.2098240630418342,0.8583930784502982,1.4536335827633824,-0.667932516673071,0.3381671997029043,-2.3886453038692568
33.0,222.0,999.9854125976562,-0.5829130777597538,0.5938459034936212,4.05296736459896,-1.1689350907835565,-0.2098175064283491,0.8583867499397568,1.4536367382243451,-0.6679312578242138,0.3381519127861487,-2.388658390783621
33.0,222.0,999.9854125976562,-0.5829096502875846,0.5938480877049717,4.052969470781729,-1.1689296632689905,-0.2098215599325366,0.858383474204917,1.453637234407954,-0.6679297083303197,0.3381598485675932,-2.388647974585024
33.0,222.0,999.9854736328124,-0.5829101283680114,0.5938423363521537,4.052960540582697,-1.1689345906917756,-0.2098177857015342,0.858389327678375,1.4536407086056204,-0.6679272886357959,0.3381500429679462,-2.388652960588268
33.0,222.0,999.9854125976562,-0.5829095379166924,0.5938397726318092,4.052970797904784,-1.1689298783720163,-0.2098216385974236,0.8583895757878643,1.4536353100896786,-0.6679303409240527,0.3381610256267029,-2.3886518878919483
33.0,222.0,999.9854125976562,-0.5829102996672404,0.5938429846851196,4.052965962505466,-1.168929693179205,-0.2098191325018907,0.8583894703774142,1.4536324541820091,-0.6679318446519016,0.3381524100688811,-2.388655679076128
33.0,222.0,999.9854125976562,-0.582909041073064,0.5938445933394902,4.052968789229926,-1.1689255048636489,-0.2098215543503538,0.8583868715352221,1.4536343138395118,-0.6679296269553987,0.3381631023521461,-2.3886459364569825
33.0,222.0,999.9854125976562,-0.5829079981854441,0.5938425890157886,4.052973456056153,-1.1689276399711497,-0.2098214250319978,0.858391003394015,1.4536369956328965,-0.6679333548877482,0.3381645668113116,-2.388645873925591
33.0,222.0,999.9854125976562,-0.5829084140763445,0.5938444865442216,4.05297108878584,-1.1689329074348676,-0.2098213018969499,0.8583852301539547,1.4536410024667887,-0.6679290052054352,0.3381607125347718,-2.388648647023889
33.0,222.0,999.9854125976562,-0.5829074859759968,0.5938408413543153,4.052968638928359,-1.168925908185832,-0.2098230076696214,0.8583912672834142,1.453634993209235,-0.6679324347880335,0.3381608337132249,-2.38864655182546
33.0,222.0,999.9854125976562,-0.5829115473700694,0.5938460139440576,4.052964850885889,-1.1689304439558108,-0.2098181028479713,0.8583879471064835,1.4536323913428353,-0.6679312727921927,0.3381554674145794,-2.388653491124757
33.0,222.0,999.9854125976562,-0.5829092241329645,0.5938400562597561,4.052970043100826,-1.1689299670784257,-0.2098208585628489,0.8583913745644365,1.4536382003045911,-0.6679327064800109,0.3381604247301695,-2.3886479785911208
33.0,223.0,999.9854125976562,-0.5829080301043197,0.5938441512901438,4.052970804960252,-1.1689270072208364,-0.2098229107810407,0.8583898767830913,1.4536378131821293,-0.667931716988269,0.3381640396235665,-2.388644091190637
33.0,223.0,999.9854125976562,-0.582910921723645,0.5938468438107751,4.052966354518876,-1.1689291290153667,-0.2098202126618344,0.8583835048482102,1.453632280737395,-0.6679292895314459,0.3381567170107979,-2.38865287793681
33.0,223.0,999.9854736328124,-0.5829062029904666,0.593836395699153,4.05297521198278,-1.1689233558286762,-0.2098249695370118,0.858397728953082,1.4536373324926135,-0.6679363998723336,0.3381654810396544,-2.388640778647529
33.0,223.0,999.9854736328124,-0.5829091291420498,0.5938388910109431,4.052967150645566,-1.1689261358208451,-0.2098195689170978,0.8583933887557249,1.4536333021051293,-0.6679328121856791,0.3381615336939569,-2.3886469840640108
33.0,223.0,999.9854125976562,-0.5829077021455049,0.5938421964434575,4.052971850597512,-1.1689311000567084,-0.2098226586127021,0.8583871230336735,1.45364161511141,-0.6679292513426649,0.3381610531502401,-2.388646284542853
33.0,223.0,999.9854125976562,-0.582909926206022,0.5938419474242105,4.052971420175801,-1.168932870690222,-0.2098210720918212,0.8583868850100913,1.453638483856321,-0.6679319996604036,0.3381580283910708,-2.388651744867325
33.0,223.0,999.9854736328124,-0.5829093102984935,0.5938401568646867,4.052971847942793,-1.1689321136429394,-0.2098221931961754,0.8583863450100884,1.4536405622367097,-0.6679298442439077,0.3381580547510046,-2.3886512453787203
33.0,223.0,999.9854736328124,-0.5829102107186133,0.5938450663850912,4.052964011930246,-1.1689338308235508,-0.2098190051254942,0.8583842931100971,1.4536381434228964,-0.6679286246445066,0.3381533882382284,-2.388653436662032
33.0,223.0,999.9854125976562,-0.5829092924358914,0.593841125737729,4.0529671244572505,-1.1689300210327196,-0.2098199465649806,0.8583923780187774,1.4536351596033086,-0.6679319210208412,0.3381551813859733,-2.3886527196902003
33.0,223.0,999.9854125976562,-0.5829096201509207,0.5938454267090378,4.05296790881671,-1.168928026857381,-0.2098199477678166,0.8583878847484936,1.4536299579781904,-0.6679311170747155,0.3381597506681357,-2.388650344920144
33.0,223.0,999.9854125976562,-0.5829115196642194,0.5938448183503571,4.05296804846466,-1.1689363929749534,-0.2098177083492975,0.8583836386790686,1.453637655776726,-0.6679287530701323,0.3381553541021622,-2.3886563076135663
33.0,223.0,999.9854125976562,-0.582908210720384,0.5938390242467362,4.052972765647283,-1.168931862945758,-0.2098214532051461,0.8583910098607266,1.4536384786628522,-0.667932401101357,0.3381581515151532,-2.388651526432724
33.0,223.0,999.9854736328124,-0.5829071982660743,0.5938449731229305,4.052969306157664,-1.168923804645459,-0.2098230645946781,0.85838952677181,1.4536342832907012,-0.6679330212206605,0.3381650500633002,-2.388643845778672
33.0,223.0,999.9854736328124,-0.5829095726843958,0.5938407385559428,4.052971954665734,-1.1689341525171448,-0.209820247370847,0.8583868209768948,1.4536418738817725,-0.6679298274476588,0.3381583928375686,-2.388650999240728
33.0,223.0,999.9854125976562,-0.5829100751635394,0.5938476280285112,4.0529673532464745,-1.1689307375966438,-0.2098200484741292,0.8583837688255445,1.453634020763812,-0.667930186750664,0.3381546992962994,-2.3886517699105085
33.0,223.0,999.9854125976562,-0.5829100681240824,0.5938456765182334,4.052969274383969,-1.1689332759884987,-0.2098209617938327,0.8583825058052259,1.4536375603755474,-0.6679303053496808,0.338157951095801,-2.3886492853262418
33.0,223.0,999.9854736328124,-0.5829137736605352,0.5938444058658412,4.052969872509909,-1.1689348985154933,-0.2098161165663512,0.858386272324454,1.4536341886582802,-0.6679319963189352,0.3381573117470147,-2.3886544254390083
33.0,223.0,999.9854125976562,-0.5829098110707651,0.5938424344959188,4.052967700342922,-1.1689340197207023,-0.2098209492703437,0.8583875615235144,1.4536415851907076,-0.6679289928054075,0.3381543218562779,-2.3886531144276835
33.0,223.0,999.9854125976562,-0.5829095912944267,0.5938460000806911,4.052968302634829,-1.1689292857165583,-0.2098203361913579,0.8583858282352903,1.453633626359112,-0.6679317933515616,0.3381569036183371,-2.388649908606848
33.0,223.0,999.9854125976562,-0.5829083286359023,0.5938429914468362,4.052969750829666,-1.1689276088161824,-0.209821789504347,0.8583877389542769,1.453635512111461,-0.6679292388258498,0.338161579608176,-2.3886467668245155
33.0,223.0,999.9854736328124,-0.582908315466339,0.5938364726323808,4.052966911526594,-1.1689218542862916,-0.2098219623189905,0.8583980305806707,1.4536316359405728,-0.6679333976108337,0.3381608434691507,-2.388647879782237
33.0,223.0,999.9854125976562,-0.5829087331506964,0.5938436902926645,4.052969387091823,-1.1689274507897056,-0.2098199292101972,0.8583898443253428,1.4536331330359609,-0.6679329909130951,0.3381574499636564,-2.388652233254627
33.0,223.0,999.9854125976562,-0.582907726887834,0.5938431441529355,4.052967908674907,-1.168925345477649,-0.2098221326248337,0.8583891147660596,1.4536340246089008,-0.667931358047336,0.3381620073938247,-2.3886463715820616
33.0,223.0,999.9854125976562,-0.5829076798980068,0.5938404117607945,4.05297051304596,-1.1689275600606424,-0.209821713372114,0.8583913031801487,1.453635672254431,-0.6679319112536026,0.3381615227801768,-2.3886457164473
33.0,223.0,999.9854125976562,-0.5829093460172396,0.5938416178402219,4.052967900981471,-1.16892803086867,-0.2098216172350495,0.8583898148066798,1.4536348322165606,-0.6679315195619742,0.3381570621749787,-2.388653151886704
33.0,223.0,999.9854125976562,-0.5829111423812021,0.5938417281242927,4.052967273692527,-1.168937990894396,-0.2098188783213892,0.8583862980719843,1.4536387175801018,-0.6679299581983047,0.3381527562499551,-2.3886556633371887
33.0,223.0,999.9854125976562,-0.5829098067737242,0.5938418869161852,4.052969926076772,-1.168932962879614,-0.2098200096625611,0.8583881816774657,1.4536382420763443,-0.6679309183147435,0.3381584980015013,-2.3886515618888686
33.0,223.0,999.9854125976562,-0.5829103778848639,0.5938422112375878,4.052969555587008,-1.1689317202119307,-0.2098178053476322,0.8583889493228556,1.4536322108663455,-0.6679313620737739,0.33815856587628,-2.388654943244448
33.0,223.0,999.9854125976562,-0.5829118325315878,0.59384640490447,4.052967050494216,-1.1689325379039062,-0.2098197125543865,0.858382201093356,1.4536331260337922,-0.6679299508821508,0.3381551993224949,-2.3886558237539064
33.0,223.0,999.9854125976562,-0.582910623671121,0.5938468418117644,4.052966727923948,-1.1689308335329516,-0.2098195639844329,0.8583868100677208,1.4536382508312071,-0.6679286617520228,0.3381589475138593,-2.3886497070908383
33.0,223.0,999.9854736328124,-0.5829131705692623,0.5938446931100403,4.052967470625422,-1.168936521862003,-0.2098168929607489,0.8583832583827427,1.453636761022448,-0.6679289803960016,0.3381547199746206,-2.388654511016397
33.0,223.0,999.9854125976562,-0.5829118836340133,0.5938498672774228,4.052970448674158,-1.168936906297866,-0.2098198975170184,0.8583785078401176,1.45364085488022,-0.6679286995677023,0.3381564304744353,-2.388653206682445
33.0,223.0,999.9854125976562,-0.5829087949499652,0.593845034287007,4.052970508118444,-1.168928547894443,-0.2098224476814145,0.8583875328920989,1.4536368905675996,-0.6679312072480235,0.3381572322704009,-2.38865210320905
33.0,223.0,999.9854125976562,-0.5829084092747854,0.5938428240466642,4.0529676298032165,-1.1689301752317238,-0.2098215715815623,0.8583872038411187,1.4536343144652184,-0.667930122129043,0.3381575164245607,-2.388652078505048
33.0,223.0,999.9854125976562,-0.5829095859804241,0.5938406331269919,4.052968176709722,-1.168931503145088,-0.2098209076946222,0.8583892540233515,1.4536378364109872,-0.6679300194485567,0.3381580775888668,-2.388651822241826
33.0,223.0,999.9854125976562,-0.5829091460442974,0.5938427161815163,4.052967983914659,-1.168932720350056,-0.2098206485035323,0.8583868792050344,1.4536381128011753,-0.6679303655655904,0.3381568038581397,-2.3886493022307667
33.0,223.0,999.9854125976562,-0.5829102950702261,0.5938428858825704,4.052967843380422,-1.1689345573594268,-0.2098205921430471,0.8583856818133491,1.453640637527366,-0.6679287680216106,0.338155448232774,-2.3886515656416583
33.0,223.0,999.9854736328124,-0.5829132984414827,0.5938489709740846,4.052970789807306,-1.1689431320605124,-0.2098171771984027,0.8583788437065039,1.4536445838197327,-0.6679304958069672,0.3381497692766686,-2.3886588798555053
33.0,223.0,999.9854125976562,-0.5829060123603016,0.593836560380093,4.052975365620428,-1.1689241200480105,-0.2098240630418342,0.8583930784502982,1.4536335827633824,-0.667932516673071,0.3381671997029043,-2.3886453038692568
33.0,223.0,999.9854125976562,-0.5829130777597538,0.5938459034936212,4.05296736459896,-1.1689350907835565,-0.2098175064283491,0.8583867499397568,1.4536367382243451,-0.6679312578242138,0.3381519127861487,-2.388658390783621
33.0,223.0,999.9854125976562,-0.5829096502875846,0.5938480877049717,4.052969470781729,-1.1689296632689905,-0.2098215599325366,0.858383474204917,1.453637234407954,-0.6679297083303197,0.3381598485675932,-2.388647974585024
33.0,223.0,999.9854736328124,-0.5829101283680114,0.5938423363521537,4.052960540582697,-1.1689345906917756,-0.2098177857015342,0.858389327678375,1.4536407086056204,-0.6679272886357959,0.3381500429679462,-2.388652960588268
33.0,223.0,999.9854125976562,-0.5829095379166924,0.5938397726318092,4.052970797904784,-1.1689298783720163,-0.2098216385974236,0.8583895757878643,1.4536353100896786,-0.6679303409240527,0.3381610256267029,-2.3886518878919483
33.0,223.0,999.9854125976562,-0.5829102996672404,0.5938429846851196,4.052965962505466,-1.168929693179205,-0.2098191325018907,0.8583894703774142,1.4536324541820091,-0.6679318446519016,0.3381524100688811,-2.388655679076128
33.0,223.0,999.9854125976562,-0.582909041073064,0.5938445933394902,4.052968789229926,-1.1689255048636489,-0.2098215543503538,0.8583868715352221,1.4536343138395118,-0.6679296269553987,0.3381631023521461,-2.3886459364569825
33.0,223.0,999.9854125976562,-0.5829079981854441,0.5938425890157886,4.052973456056153,-1.1689276399711497,-0.2098214250319978,0.858391003394015,1.4536369956328965,-0.6679333548877482,0.3381645668113116,-2.388645873925591
33.0,223.0,999.9854125976562,-0.5829084140763445,0.5938444865442216,4.05297108878584,-1.1689329074348676,-0.2098213018969499,0.8583852301539547,1.4536410024667887,-0.6679290052054352,0.3381607125347718,-2.388648647023889
33.0,223.0,999.9854125976562,-0.5829074859759968,0.5938408413543153,4.052968638928359,-1.168925908185832,-0.2098230076696214,0.8583912672834142,1.453634993209235,-0.6679324347880335,0.3381608337132249,-2.38864655182546
33.0,223.0,999.9854125976562,-0.5829115473700694,0.5938460139440576,4.052964850885889,-1.1689304439558108,-0.2098181028479713,0.8583879471064835,1.4536323913428353,-0.6679312727921927,0.3381554674145794,-2.388653491124757
33.0,223.0,999.9854125976562,-0.5829092241329645,0.5938400562597561,4.052970043100826,-1.1689299670784257,-0.2098208585628489,0.8583913745644365,1.4536382003045911,-0.6679327064800109,0.3381604247301695,-2.3886479785911208
33.0,224.0,999.9854125976562,-0.5829080301043197,0.5938441512901438,4.052970804960252,-1.1689270072208364,-0.2098229107810407,0.8583898767830913,1.4536378131821293,-0.667931716988269,0.3381640396235665,-2.388644091190637
33.0,224.0,999.9854125976562,-0.582910921723645,0.5938468438107751,4.052966354518876,-1.1689291290153667,-0.2098202126618344,0.8583835048482102,1.453632280737395,-0.6679292895314459,0.3381567170107979,-2.38865287793681
33.0,224.0,999.9854736328124,-0.5829062029904666,0.593836395699153,4.05297521198278,-1.1689233558286762,-0.2098249695370118,0.858397728953082,1.4536373324926135,-0.6679363998723336,0.3381654810396544,-2.388640778647529
33.0,224.0,999.9854736328124,-0.5829091291420498,0.5938388910109431,4.052967150645566,-1.1689261358208451,-0.2098195689170978,0.8583933887557249,1.4536333021051293,-0.6679328121856791,0.3381615336939569,-2.3886469840640108
33.0,224.0,999.9854125976562,-0.5829077021455049,0.5938421964434575,4.052971850597512,-1.1689311000567084,-0.2098226586127021,0.8583871230336735,1.45364161511141,-0.6679292513426649,0.3381610531502401,-2.388646284542853
33.0,224.0,999.9854125976562,-0.582909926206022,0.5938419474242105,4.052971420175801,-1.168932870690222,-0.2098210720918212,0.8583868850100913,1.453638483856321,-0.6679319996604036,0.3381580283910708,-2.388651744867325
33.0,224.0,999.9854736328124,-0.5829093102984935,0.5938401568646867,4.052971847942793,-1.1689321136429394,-0.2098221931961754,0.8583863450100884,1.4536405622367097,-0.6679298442439077,0.3381580547510046,-2.3886512453787203
33.0,224.0,999.9854736328124,-0.5829102107186133,0.5938450663850912,4.052964011930246,-1.1689338308235508,-0.2098190051254942,0.8583842931100971,1.4536381434228964,-0.6679286246445066,0.3381533882382284,-2.388653436662032
33.0,224.0,999.9854125976562,-0.5829092924358914,0.593841125737729,4.0529671244572505,-1.1689300210327196,-0.2098199465649806,0.8583923780187774,1.4536351596033086,-0.6679319210208412,0.3381551813859733,-2.3886527196902003
33.0,224.0,999.9854125976562,-0.5829096201509207,0.5938454267090378,4.05296790881671,-1.168928026857381,-0.2098199477678166,0.8583878847484936,1.4536299579781904,-0.6679311170747155,0.3381597506681357,-2.388650344920144
33.0,224.0,999.9854125976562,-0.5829115196642194,0.5938448183503571,4.05296804846466,-1.1689363929749534,-0.2098177083492975,0.8583836386790686,1.453637655776726,-0.6679287530701323,0.3381553541021622,-2.3886563076135663
33.0,224.0,999.9854125976562,-0.582908210720384,0.5938390242467362,4.052972765647283,-1.168931862945758,-0.2098214532051461,0.8583910098607266,1.4536384786628522,-0.667932401101357,0.3381581515151532,-2.388651526432724
33.0,224.0,999.9854736328124,-0.5829071982660743,0.5938449731229305,4.052969306157664,-1.168923804645459,-0.2098230645946781,0.85838952677181,1.4536342832907012,-0.6679330212206605,0.3381650500633002,-2.388643845778672
33.0,224.0,999.9854736328124,-0.5829095726843958,0.5938407385559428,4.052971954665734,-1.1689341525171448,-0.209820247370847,0.8583868209768948,1.4536418738817725,-0.6679298274476588,0.3381583928375686,-2.388650999240728
33.0,224.0,999.9854125976562,-0.5829100751635394,0.5938476280285112,4.0529673532464745,-1.1689307375966438,-0.2098200484741292,0.8583837688255445,1.453634020763812,-0.667930186750664,0.3381546992962994,-2.3886517699105085
33.0,224.0,999.9854125976562,-0.5829100681240824,0.5938456765182334,4.052969274383969,-1.1689332759884987,-0.2098209617938327,0.8583825058052259,1.4536375603755474,-0.6679303053496808,0.338157951095801,-2.3886492853262418
33.0,224.0,999.9854736328124,-0.5829137736605352,0.5938444058658412,4.052969872509909,-1.1689348985154933,-0.2098161165663512,0.858386272324454,1.4536341886582802,-0.6679319963189352,0.3381573117470147,-2.3886544254390083
33.0,224.0,999.9854125976562,-0.5829098110707651,0.5938424344959188,4.052967700342922,-1.1689340197207023,-0.2098209492703437,0.8583875615235144,1.4536415851907076,-0.6679289928054075,0.3381543218562779,-2.3886531144276835
33.0,224.0,999.9854125976562,-0.5829095912944267,0.5938460000806911,4.052968302634829,-1.1689292857165583,-0.2098203361913579,0.8583858282352903,1.453633626359112,-0.6679317933515616,0.3381569036183371,-2.388649908606848
33.0,224.0,999.9854125976562,-0.5829083286359023,0.5938429914468362,4.052969750829666,-1.1689276088161824,-0.209821789504347,0.8583877389542769,1.453635512111461,-0.6679292388258498,0.338161579608176,-2.3886467668245155
33.0,224.0,999.9854736328124,-0.582908315466339,0.5938364726323808,4.052966911526594,-1.1689218542862916,-0.2098219623189905,0.8583980305806707,1.4536316359405728,-0.6679333976108337,0.3381608434691507,-2.388647879782237
33.0,224.0,999.9854125976562,-0.5829087331506964,0.5938436902926645,4.052969387091823,-1.1689274507897056,-0.2098199292101972,0.8583898443253428,1.4536331330359609,-0.6679329909130951,0.3381574499636564,-2.388652233254627
33.0,224.0,999.9854125976562,-0.582907726887834,0.5938431441529355,4.052967908674907,-1.168925345477649,-0.2098221326248337,0.8583891147660596,1.4536340246089008,-0.667931358047336,0.3381620073938247,-2.3886463715820616
33.0,224.0,999.9854125976562,-0.5829076798980068,0.5938404117607945,4.05297051304596,-1.1689275600606424,-0.209821713372114,0.8583913031801487,1.453635672254431,-0.6679319112536026,0.3381615227801768,-2.3886457164473
33.0,224.0,999.9854125976562,-0.5829093460172396,0.5938416178402219,4.052967900981471,-1.16892803086867,-0.2098216172350495,0.8583898148066798,1.4536348322165606,-0.6679315195619742,0.3381570621749787,-2.388653151886704
33.0,224.0,999.9854125976562,-0.5829111423812021,0.5938417281242927,4.052967273692527,-1.168937990894396,-0.2098188783213892,0.8583862980719843,1.4536387175801018,-0.6679299581983047,0.3381527562499551,-2.3886556633371887
33.0,224.0,999.9854125976562,-0.5829098067737242,0.5938418869161852,4.052969926076772,-1.168932962879614,-0.2098200096625611,0.8583881816774657,1.4536382420763443,-0.6679309183147435,0.3381584980015013,-2.3886515618888686
33.0,224.0,999.9854125976562,-0.5829103778848639,0.5938422112375878,4.052969555587008,-1.1689317202119307,-0.2098178053476322,0.8583889493228556,1.4536322108663455,-0.6679313620737739,0.33815856587628,-2.388654943244448
33.0,224.0,999.9854125976562,-0.5829118325315878,0.59384640490447,4.052967050494216,-1.1689325379039062,-0.2098197125543865,0.858382201093356,1.4536331260337922,-0.6679299508821508,0.3381551993224949,-2.3886558237539064
33.0,224.0,999.9854125976562,-0.582910623671121,0.5938468418117644,4.052966727923948,-1.1689308335329516,-0.2098195639844329,0.8583868100677208,1.4536382508312071,-0.6679286617520228,0.3381589475138593,-2.3886497070908383
33.0,224.0,999.9854736328124,-0.5829131705692623,0.5938446931100403,4.052967470625422,-1.168936521862003,-0.2098168929607489,0.8583832583827427,1.453636761022448,-0.6679289803960016,0.3381547199746206,-2.388654511016397
33.0,224.0,999.9854125976562,-0.5829118836340133,0.5938498672774228,4.052970448674158,-1.168936906297866,-0.2098198975170184,0.8583785078401176,1.45364085488022,-0.6679286995677023,0.3381564304744353,-2.388653206682445
33.0,224.0,999.9854125976562,-0.5829087949499652,0.593845034287007,4.052970508118444,-1.168928547894443,-0.2098224476814145,0.8583875328920989,1.4536368905675996,-0.6679312072480235,0.3381572322704009,-2.38865210320905
33.0,224.0,999.9854125976562,-0.5829084092747854,0.5938428240466642,4.0529676298032165,-1.1689301752317238,-0.2098215715815623,0.8583872038411187,1.4536343144652184,-0.667930122129043,0.3381575164245607,-2.388652078505048
33.0,224.0,999.9854125976562,-0.5829095859804241,0.5938406331269919,4.052968176709722,-1.168931503145088,-0.2098209076946222,0.8583892540233515,1.4536378364109872,-0.6679300194485567,0.3381580775888668,-2.388651822241826
33.0,224.0,999.9854125976562,-0.5829091460442974,0.5938427161815163,4.052967983914659,-1.168932720350056,-0.2098206485035323,0.8583868792050344,1.4536381128011753,-0.6679303655655904,0.3381568038581397,-2.3886493022307667
33.0,224.0,999.9854125976562,-0.5829102950702261,0.5938428858825704,4.052967843380422,-1.1689345573594268,-0.2098205921430471,0.8583856818133491,1.453640637527366,-0.6679287680216106,0.338155448232774,-2.3886515656416583
33.0,224.0,999.9854736328124,-0.5829132984414827,0.5938489709740846,4.052970789807306,-1.1689431320605124,-0.2098171771984027,0.8583788437065039,1.4536445838197327,-0.6679304958069672,0.3381497692766686,-2.3886588798555053
33.0,224.0,999.9854125976562,-0.5829060123603016,0.593836560380093,4.052975365620428,-1.1689241200480105,-0.2098240630418342,0.8583930784502982,1.4536335827633824,-0.667932516673071,0.3381671997029043,-2.3886453038692568
33.0,224.0,999.9854125976562,-0.5829130777597538,0.5938459034936212,4.05296736459896,-1.1689350907835565,-0.2098175064283491,0.8583867499397568,1.4536367382243451,-0.6679312578242138,0.3381519127861487,-2.388658390783621
33.0,224.0,999.9854125976562,-0.5829096502875846,0.5938480877049717,4.052969470781729,-1.1689296632689905,-0.2098215599325366,0.858383474204917,1.453637234407954,-0.6679297083303197,0.3381598485675932,-2.388647974585024
33.0,224.0,999.9854736328124,-0.5829101283680114,0.5938423363521537,4.052960540582697,-1.1689345906917756,-0.2098177857015342,0.858389327678375,1.4536407086056204,-0.6679272886357959,0.3381500429679462,-2.388652960588268
33.0,224.0,999.9854125976562,-0.5829095379166924,0.5938397726318092,4.052970797904784,-1.1689298783720163,-0.2098216385974236,0.8583895757878643,1.4536353100896786,-0.6679303409240527,0.3381610256267029,-2.3886518878919483
33.0,224.0,999.9854125976562,-0.5829102996672404,0.5938429846851196,4.052965962505466,-1.168929693179205,-0.2098191325018907,0.8583894703774142,1.4536324541820091,-0.6679318446519016,0.3381524100688811,-2.388655679076128
33.0,224.0,999.9854125976562,-0.582909041073064,0.5938445933394902,4.052968789229926,-1.1689255048636489,-0.2098215543503538,0.8583868715352221,1.4536343138395118,-0.6679296269553987,0.3381631023521461,-2.3886459364569825
33.0,224.0,999.9854125976562,-0.5829079981854441,0.5938425890157886,4.052973456056153,-1.1689276399711497,-0.2098214250319978,0.858391003394015,1.4536369956328965,-0.6679333548877482,0.3381645668113116,-2.388645873925591
33.0,224.0,999.9854125976562,-0.5829084140763445,0.5938444865442216,4.05297108878584,-1.1689329074348676,-0.2098213018969499,0.8583852301539547,1.4536410024667887,-0.6679290052054352,0.3381607125347718,-2.388648647023889
33.0,224.0,999.9854125976562,-0.5829074859759968,0.5938408413543153,4.052968638928359,-1.168925908185832,-0.2098230076696214,0.8583912672834142,1.453634993209235,-0.6679324347880335,0.3381608337132249,-2.38864655182546
33.0,224.0,999.9854125976562,-0.5829115473700694,0.5938460139440576,4.052964850885889,-1.1689304439558108,-0.2098181028479713,0.8583879471064835,1.4536323913428353,-0.6679312727921927,0.3381554674145794,-2.388653491124757
33.0,224.0,999.9854125976562,-0.5829092241329645,0.5938400562597561,4.052970043100826,-1.1689299670784257,-0.2098208585628489,0.8583913745644365,1.4536382003045911,-0.6679327064800109,0.3381604247301695,-2.3886479785911208
33.0,225.0,999.9854125976562,-0.5829080301043197,0.5938441512901438,4.052970804960252,-1.1689270072208364,-0.2098229107810407,0.8583898767830913,1.4536378131821293,-0.667931716988269,0.3381640396235665,-2.388644091190637
33.0,225.0,999.9854125976562,-0.582910921723645,0.5938468438107751,4.052966354518876,-1.1689291290153667,-0.2098202126618344,0.8583835048482102,1.453632280737395,-0.6679292895314459,0.3381567170107979,-2.38865287793681
33.0,225.0,999.9854736328124,-0.5829062029904666,0.593836395699153,4.05297521198278,-1.1689233558286762,-0.2098249695370118,0.858397728953082,1.4536373324926135,-0.6679363998723336,0.3381654810396544,-2.388640778647529
33.0,225.0,999.9854736328124,-0.5829091291420498,0.5938388910109431,4.052967150645566,-1.1689261358208451,-0.2098195689170978,0.8583933887557249,1.4536333021051293,-0.6679328121856791,0.3381615336939569,-2.3886469840640108
33.0,225.0,999.9854125976562,-0.5829077021455049,0.5938421964434575,4.052971850597512,-1.1689311000567084,-0.2098226586127021,0.8583871230336735,1.45364161511141,-0.6679292513426649,0.3381610531502401,-2.388646284542853
33.0,225.0,999.9854125976562,-0.582909926206022,0.5938419474242105,4.052971420175801,-1.168932870690222,-0.2098210720918212,0.8583868850100913,1.453638483856321,-0.6679319996604036,0.3381580283910708,-2.388651744867325
33.0,225.0,999.9854736328124,-0.5829093102984935,0.5938401568646867,4.052971847942793,-1.1689321136429394,-0.2098221931961754,0.8583863450100884,1.4536405622367097,-0.6679298442439077,0.3381580547510046,-2.3886512453787203
33.0,225.0,999.9854736328124,-0.5829102107186133,0.5938450663850912,4.052964011930246,-1.1689338308235508,-0.2098190051254942,0.8583842931100971,1.4536381434228964,-0.6679286246445066,0.3381533882382284,-2.388653436662032
33.0,225.0,999.9854125976562,-0.5829092924358914,0.593841125737729,4.0529671244572505,-1.1689300210327196,-0.2098199465649806,0.8583923780187774,1.4536351596033086,-0.6679319210208412,0.3381551813859733,-2.3886527196902003
33.0,225.0,999.9854125976562,-0.5829096201509207,0.5938454267090378,4.05296790881671,-1.168928026857381,-0.2098199477678166,0.8583878847484936,1.4536299579781904,-0.6679311170747155,0.3381597506681357,-2.388650344920144
33.0,225.0,999.9854125976562,-0.5829115196642194,0.5938448183503571,4.05296804846466,-1.1689363929749534,-0.2098177083492975,0.8583836386790686,1.453637655776726,-0.6679287530701323,0.3381553541021622,-2.3886563076135663
33.0,225.0,999.9854125976562,-0.582908210720384,0.5938390242467362,4.052972765647283,-1.168931862945758,-0.2098214532051461,0.8583910098607266,1.4536384786628522,-0.667932401101357,0.3381581515151532,-2.388651526432724
33.0,225.0,999.9854736328124,-0.5829071982660743,0.5938449731229305,4.052969306157664,-1.168923804645459,-0.2098230645946781,0.85838952677181,1.4536342832907012,-0.6679330212206605,0.3381650500633002,-2.388643845778672
33.0,225.0,999.9854736328124,-0.5829095726843958,0.5938407385559428,4.052971954665734,-1.1689341525171448,-0.209820247370847,0.8583868209768948,1.4536418738817725,-0.6679298274476588,0.3381583928375686,-2.388650999240728
33.0,225.0,999.9854125976562,-0.5829100751635394,0.5938476280285112,4.0529673532464745,-1.1689307375966438,-0.2098200484741292,0.8583837688255445,1.453634020763812,-0.667930186750664,0.3381546992962994,-2.3886517699105085
33.0,225.0,999.9854125976562,-0.5829100681240824,0.5938456765182334,4.052969274383969,-1.1689332759884987,-0.2098209617938327,0.8583825058052259,1.4536375603755474,-0.6679303053496808,0.338157951095801,-2.3886492853262418
33.0,225.0,999.9854736328124,-0.5829137736605352,0.5938444058658412,4.052969872509909,-1.1689348985154933,-0.2098161165663512,0.858386272324454,1.4536341886582802,-0.6679319963189352,0.3381573117470147,-2.3886544254390083
33.0,225.0,999.9854125976562,-0.5829098110707651,0.5938424344959188,4.052967700342922,-1.1689340197207023,-0.2098209492703437,0.8583875615235144,1.4536415851907076,-0.6679289928054075,0.3381543218562779,-2.3886531144276835
33.0,225.0,999.9854125976562,-0.5829095912944267,0.5938460000806911,4.052968302634829,-1.1689292857165583,-0.2098203361913579,0.8583858282352903,1.453633626359112,-0.6679317933515616,0.3381569036183371,-2.388649908606848
33.0,225.0,999.9854125976562,-0.5829083286359023,0.5938429914468362,4.052969750829666,-1.1689276088161824,-0.209821789504347,0.8583877389542769,1.453635512111461,-0.6679292388258498,0.338161579608176,-2.3886467668245155
33.0,225.0,999.9854736328124,-0.582908315466339,0.5938364726323808,4.052966911526594,-1.1689218542862916,-0.2098219623189905,0.8583980305806707,1.4536316359405728,-0.6679333976108337,0.3381608434691507,-2.388647879782237
33.0,225.0,999.9854125976562,-0.5829087331506964,0.5938436902926645,4.052969387091823,-1.1689274507897056,-0.2098199292101972,0.8583898443253428,1.4536331330359609,-0.6679329909130951,0.3381574499636564,-2.388652233254627
33.0,225.0,999.9854125976562,-0.582907726887834,0.5938431441529355,4.052967908674907,-1.168925345477649,-0.2098221326248337,0.8583891147660596,1.4536340246089008,-0.667931358047336,0.3381620073938247,-2.3886463715820616
33.0,225.0,999.9854125976562,-0.5829076798980068,0.5938404117607945,4.05297051304596,-1.1689275600606424,-0.209821713372114,0.8583913031801487,1.453635672254431,-0.6679319112536026,0.3381615227801768,-2.3886457164473
33.0,225.0,999.9854125976562,-0.5829093460172396,0.5938416178402219,4.052967900981471,-1.16892803086867,-0.2098216172350495,0.8583898148066798,1.4536348322165606,-0.6679315195619742,0.3381570621749787,-2.388653151886704
33.0,225.0,999.9854125976562,-0.5829111423812021,0.5938417281242927,4.052967273692527,-1.168937990894396,-0.2098188783213892,0.8583862980719843,1.4536387175801018,-0.6679299581983047,0.3381527562499551,-2.3886556633371887
33.0,225.0,999.9854125976562,-0.5829098067737242,0.5938418869161852,4.052969926076772,-1.168932962879614,-0.2098200096625611,0.8583881816774657,1.4536382420763443,-0.6679309183147435,0.3381584980015013,-2.3886515618888686
33.0,225.0,999.9854125976562,-0.5829103778848639,0.5938422112375878,4.052969555587008,-1.1689317202119307,-0.2098178053476322,0.8583889493228556,1.4536322108663455,-0.6679313620737739,0.33815856587628,-2.388654943244448
33.0,225.0,999.9854125976562,-0.5829118325315878,0.59384640490447,4.052967050494216,-1.1689325379039062,-0.2098197125543865,0.858382201093356,1.4536331260337922,-0.6679299508821508,0.3381551993224949,-2.3886558237539064
33.0,225.0,999.9854125976562,-0.582910623671121,0.5938468418117644,4.052966727923948,-1.1689308335329516,-0.2098195639844329,0.8583868100677208,1.4536382508312071,-0.6679286617520228,0.3381589475138593,-2.3886497070908383
33.0,225.0,999.9854736328124,-0.5829131705692623,0.5938446931100403,4.052967470625422,-1.168936521862003,-0.2098168929607489,0.8583832583827427,1.453636761022448,-0.6679289803960016,0.3381547199746206,-2.388654511016397
33.0,225.0,999.9854125976562,-0.5829118836340133,0.5938498672774228,4.052970448674158,-1.168936906297866,-0.2098198975170184,0.8583785078401176,1.45364085488022,-0.6679286995677023,0.3381564304744353,-2.388653206682445
33.0,225.0,999.9854125976562,-0.5829087949499652,0.593845034287007,4.052970508118444,-1.168928547894443,-0.2098224476814145,0.8583875328920989,1.4536368905675996,-0.6679312072480235,0.3381572322704009,-2.38865210320905
33.0,225.0,999.9854125976562,-0.5829084092747854,0.5938428240466642,4.0529676298032165,-1.1689301752317238,-0.2098215715815623,0.8583872038411187,1.4536343144652184,-0.667930122129043,0.3381575164245607,-2.388652078505048
33.0,225.0,999.9854125976562,-0.5829095859804241,0.5938406331269919,4.052968176709722,-1.168931503145088,-0.2098209076946222,0.8583892540233515,1.4536378364109872,-0.6679300194485567,0.3381580775888668,-2.388651822241826
33.0,225.0,999.9854125976562,-0.5829091460442974,0.5938427161815163,4.052967983914659,-1.168932720350056,-0.2098206485035323,0.8583868792050344,1.4536381128011753,-0.6679303655655904,0.3381568038581397,-2.3886493022307667
33.0,225.0,999.9854125976562,-0.5829102950702261,0.5938428858825704,4.052967843380422,-1.1689345573594268,-0.2098205921430471,0.8583856818133491,1.453640637527366,-0.6679287680216106,0.338155448232774,-2.3886515656416583
33.0,225.0,999.9854736328124,-0.5829132984414827,0.5938489709740846,4.052970789807306,-1.1689431320605124,-0.2098171771984027,0.8583788437065039,1.4536445838197327,-0.6679304958069672,0.3381497692766686,-2.3886588798555053
33.0,225.0,999.9854125976562,-0.5829060123603016,0.593836560380093,4.052975365620428,-1.1689241200480105,-0.2098240630418342,0.8583930784502982,1.4536335827633824,-0.667932516673071,0.3381671997029043,-2.3886453038692568
33.0,225.0,999.9854125976562,-0.5829130777597538,0.5938459034936212,4.05296736459896,-1.1689350907835565,-0.2098175064283491,0.8583867499397568,1.4536367382243451,-0.6679312578242138,0.3381519127861487,-2.388658390783621
33.0,225.0,999.9854125976562,-0.5829096502875846,0.5938480877049717,4.052969470781729,-1.1689296632689905,-0.2098215599325366,0.858383474204917,1.453637234407954,-0.6679297083303197,0.3381598485675932,-2.388647974585024
33.0,225.0,999.9854736328124,-0.5829101283680114,0.5938423363521537,4.052960540582697,-1.1689345906917756,-0.2098177857015342,0.858389327678375,1.4536407086056204,-0.6679272886357959,0.3381500429679462,-2.388652960588268
33.0,225.0,999.9854125976562,-0.5829095379166924,0.5938397726318092,4.052970797904784,-1.1689298783720163,-0.2098216385974236,0.8583895757878643,1.4536353100896786,-0.6679303409240527,0.3381610256267029,-2.3886518878919483
33.0,225.0,999.9854125976562,-0.5829102996672404,0.5938429846851196,4.052965962505466,-1.168929693179205,-0.2098191325018907,0.8583894703774142,1.4536324541820091,-0.6679318446519016,0.3381524100688811,-2.388655679076128
33.0,225.0,999.9854125976562,-0.582909041073064,0.5938445933394902,4.052968789229926,-1.1689255048636489,-0.2098215543503538,0.8583868715352221,1.4536343138395118,-0.6679296269553987,0.3381631023521461,-2.3886459364569825
33.0,225.0,999.9854125976562,-0.5829079981854441,0.5938425890157886,4.052973456056153,-1.1689276399711497,-0.2098214250319978,0.858391003394015,1.4536369956328965,-0.6679333548877482,0.3381645668113116,-2.388645873925591
33.0,225.0,999.9854125976562,-0.5829084140763445,0.5938444865442216,4.05297108878584,-1.1689329074348676,-0.2098213018969499,0.8583852301539547,1.4536410024667887,-0.6679290052054352,0.3381607125347718,-2.388648647023889
33.0,225.0,999.9854125976562,-0.5829074859759968,0.5938408413543153,4.052968638928359,-1.168925908185832,-0.2098230076696214,0.8583912672834142,1.453634993209235,-0.6679324347880335,0.3381608337132249,-2.38864655182546
33.0,225.0,999.9854125976562,-0.5829115473700694,0.5938460139440576,4.052964850885889,-1.1689304439558108,-0.2098181028479713,0.8583879471064835,1.4536323913428353,-0.6679312727921927,0.3381554674145794,-2.388653491124757
33.0,225.0,999.9854125976562,-0.5829092241329645,0.5938400562597561,4.052970043100826,-1.1689299670784257,-0.2098208585628489,0.8583913745644365,1.4536382003045911,-0.6679327064800109,0.3381604247301695,-2.3886479785911208
33.0,226.0,999.9854125976562,-0.5829080301043197,0.5938441512901438,4.052970804960252,-1.1689270072208364,-0.2098229107810407,0.8583898767830913,1.4536378131821293,-0.667931716988269,0.3381640396235665,-2.388644091190637
33.0,226.0,999.9854125976562,-0.582910921723645,0.5938468438107751,4.052966354518876,-1.1689291290153667,-0.2098202126618344,0.8583835048482102,1.453632280737395,-0.6679292895314459,0.3381567170107979,-2.38865287793681
33.0,226.0,999.9854736328124,-0.5829062029904666,0.593836395699153,4.05297521198278,-1.1689233558286762,-0.2098249695370118,0.858397728953082,1.4536373324926135,-0.6679363998723336,0.3381654810396544,-2.388640778647529
33.0,226.0,999.9854736328124,-0.5829091291420498,0.5938388910109431,4.052967150645566,-1.1689261358208451,-0.2098195689170978,0.8583933887557249,1.4536333021051293,-0.6679328121856791,0.3381615336939569,-2.3886469840640108
33.0,226.0,999.9854125976562,-0.5829077021455049,0.5938421964434575,4.052971850597512,-1.1689311000567084,-0.2098226586127021,0.8583871230336735,1.45364161511141,-0.6679292513426649,0.3381610531502401,-2.388646284542853
33.0,226.0,999.9854125976562,-0.582909926206022,0.5938419474242105,4.052971420175801,-1.168932870690222,-0.2098210720918212,0.8583868850100913,1.453638483856321,-0.6679319996604036,0.3381580283910708,-2.388651744867325
33.0,226.0,999.9854736328124,-0.5829093102984935,0.5938401568646867,4.052971847942793,-1.1689321136429394,-0.2098221931961754,0.8583863450100884,1.4536405622367097,-0.6679298442439077,0.3381580547510046,-2.3886512453787203
33.0,226.0,999.9854736328124,-0.5829102107186133,0.5938450663850912,4.052964011930246,-1.1689338308235508,-0.2098190051254942,0.8583842931100971,1.4536381434228964,-0.6679286246445066,0.3381533882382284,-2.388653436662032
33.0,226.0,999.9854125976562,-0.5829092924358914,0.593841125737729,4.0529671244572505,-1.1689300210327196,-0.2098199465649806,0.8583923780187774,1.4536351596033086,-0.6679319210208412,0.3381551813859733,-2.3886527196902003
33.0,226.0,999.9854125976562,-0.5829096201509207,0.5938454267090378,4.05296790881671,-1.168928026857381,-0.2098199477678166,0.8583878847484936,1.4536299579781904,-0.6679311170747155,0.3381597506681357,-2.388650344920144
33.0,226.0,999.9854125976562,-0.5829115196642194,0.5938448183503571,4.05296804846466,-1.1689363929749534,-0.2098177083492975,0.8583836386790686,1.453637655776726,-0.6679287530701323,0.3381553541021622,-2.3886563076135663
33.0,226.0,999.9854125976562,-0.582908210720384,0.5938390242467362,4.052972765647283,-1.168931862945758,-0.2098214532051461,0.8583910098607266,1.4536384786628522,-0.667932401101357,0.3381581515151532,-2.388651526432724
33.0,226.0,999.9854736328124,-0.5829071982660743,0.5938449731229305,4.052969306157664,-1.168923804645459,-0.2098230645946781,0.85838952677181,1.4536342832907012,-0.6679330212206605,0.3381650500633002,-2.388643845778672
33.0,226.0,999.9854736328124,-0.5829095726843958,0.5938407385559428,4.052971954665734,-1.1689341525171448,-0.209820247370847,0.8583868209768948,1.4536418738817725,-0.6679298274476588,0.3381583928375686,-2.388650999240728
33.0,226.0,999.9854125976562,-0.5829100751635394,0.5938476280285112,4.0529673532464745,-1.1689307375966438,-0.2098200484741292,0.8583837688255445,1.453634020763812,-0.667930186750664,0.3381546992962994,-2.3886517699105085
33.0,226.0,999.9854125976562,-0.5829100681240824,0.5938456765182334,4.052969274383969,-1.1689332759884987,-0.2098209617938327,0.8583825058052259,1.4536375603755474,-0.6679303053496808,0.338157951095801,-2.3886492853262418
33.0,226.0,999.9854736328124,-0.5829137736605352,0.5938444058658412,4.052969872509909,-1.1689348985154933,-0.2098161165663512,0.858386272324454,1.4536341886582802,-0.6679319963189352,0.3381573117470147,-2.3886544254390083
33.0,226.0,999.9854125976562,-0.5829098110707651,0.5938424344959188,4.052967700342922,-1.1689340197207023,-0.2098209492703437,0.8583875615235144,1.4536415851907076,-0.6679289928054075,0.3381543218562779,-2.3886531144276835
33.0,226.0,999.9854125976562,-0.5829095912944267,0.5938460000806911,4.052968302634829,-1.1689292857165583,-0.2098203361913579,0.8583858282352903,1.453633626359112,-0.6679317933515616,0.3381569036183371,-2.388649908606848
33.0,226.0,999.9854125976562,-0.5829083286359023,0.5938429914468362,4.052969750829666,-1.1689276088161824,-0.209821789504347,0.8583877389542769,1.453635512111461,-0.6679292388258498,0.338161579608176,-2.3886467668245155
33.0,226.0,999.9854736328124,-0.582908315466339,0.5938364726323808,4.052966911526594,-1.1689218542862916,-0.2098219623189905,0.8583980305806707,1.4536316359405728,-0.6679333976108337,0.3381608434691507,-2.388647879782237
33.0,226.0,999.9854125976562,-0.5829087331506964,0.5938436902926645,4.052969387091823,-1.1689274507897056,-0.2098199292101972,0.8583898443253428,1.4536331330359609,-0.6679329909130951,0.3381574499636564,-2.388652233254627
33.0,226.0,999.9854125976562,-0.582907726887834,0.5938431441529355,4.052967908674907,-1.168925345477649,-0.2098221326248337,0.8583891147660596,1.4536340246089008,-0.667931358047336,0.3381620073938247,-2.3886463715820616
33.0,226.0,999.9854125976562,-0.5829076798980068,0.5938404117607945,4.05297051304596,-1.1689275600606424,-0.209821713372114,0.8583913031801487,1.453635672254431,-0.6679319112536026,0.3381615227801768,-2.3886457164473
33.0,226.0,999.9854125976562,-0.5829093460172396,0.5938416178402219,4.052967900981471,-1.16892803086867,-0.2098216172350495,0.8583898148066798,1.4536348322165606,-0.6679315195619742,0.3381570621749787,-2.388653151886704
33.0,226.0,999.9854125976562,-0.5829111423812021,0.5938417281242927,4.052967273692527,-1.168937990894396,-0.2098188783213892,0.8583862980719843,1.4536387175801018,-0.6679299581983047,0.3381527562499551,-2.3886556633371887
33.0,226.0,999.9854125976562,-0.5829098067737242,0.5938418869161852,4.052969926076772,-1.168932962879614,-0.2098200096625611,0.8583881816774657,1.4536382420763443,-0.6679309183147435,0.3381584980015013,-2.3886515618888686
33.0,226.0,999.9854125976562,-0.5829103778848639,0.5938422112375878,4.052969555587008,-1.1689317202119307,-0.2098178053476322,0.8583889493228556,1.4536322108663455,-0.6679313620737739,0.33815856587628,-2.388654943244448
33.0,226.0,999.9854125976562,-0.5829118325315878,0.59384640490447,4.052967050494216,-1.1689325379039062,-0.2098197125543865,0.858382201093356,1.4536331260337922,-0.6679299508821508,0.3381551993224949,-2.3886558237539064
33.0,226.0,999.9854125976562,-0.582910623671121,0.5938468418117644,4.052966727923948,-1.1689308335329516,-0.2098195639844329,0.8583868100677208,1.4536382508312071,-0.6679286617520228,0.3381589475138593,-2.3886497070908383
33.0,226.0,999.9854736328124,-0.5829131705692623,0.5938446931100403,4.052967470625422,-1.168936521862003,-0.2098168929607489,0.8583832583827427,1.453636761022448,-0.6679289803960016,0.3381547199746206,-2.388654511016397
33.0,226.0,999.9854125976562,-0.5829118836340133,0.5938498672774228,4.052970448674158,-1.168936906297866,-0.2098198975170184,0.8583785078401176,1.45364085488022,-0.6679286995677023,0.3381564304744353,-2.388653206682445
33.0,226.0,999.9854125976562,-0.5829087949499652,0.593845034287007,4.052970508118444,-1.168928547894443,-0.2098224476814145,0.8583875328920989,1.4536368905675996,-0.6679312072480235,0.3381572322704009,-2.38865210320905
33.0,226.0,999.9854125976562,-0.5829084092747854,0.5938428240466642,4.0529676298032165,-1.1689301752317238,-0.2098215715815623,0.8583872038411187,1.4536343144652184,-0.667930122129043,0.3381575164245607,-2.388652078505048
33.0,226.0,999.9854125976562,-0.5829095859804241,0.5938406331269919,4.052968176709722,-1.168931503145088,-0.2098209076946222,0.8583892540233515,1.4536378364109872,-0.6679300194485567,0.3381580775888668,-2.388651822241826
33.0,226.0,999.9854125976562,-0.5829091460442974,0.5938427161815163,4.052967983914659,-1.168932720350056,-0.2098206485035323,0.8583868792050344,1.4536381128011753,-0.6679303655655904,0.3381568038581397,-2.3886493022307667
33.0,226.0,999.9854125976562,-0.5829102950702261,0.5938428858825704,4.052967843380422,-1.1689345573594268,-0.2098205921430471,0.8583856818133491,1.453640637527366,-0.6679287680216106,0.338155448232774,-2.3886515656416583
33.0,226.0,999.9854736328124,-0.5829132984414827,0.5938489709740846,4.052970789807306,-1.1689431320605124,-0.2098171771984027,0.8583788437065039,1.4536445838197327,-0.6679304958069672,0.3381497692766686,-2.3886588798555053
33.0,226.0,999.9854125976562,-0.5829060123603016,0.593836560380093,4.052975365620428,-1.1689241200480105,-0.2098240630418342,0.8583930784502982,1.4536335827633824,-0.667932516673071,0.3381671997029043,-2.3886453038692568
33.0,226.0,999.9854125976562,-0.5829130777597538,0.5938459034936212,4.05296736459896,-1.1689350907835565,-0.2098175064283491,0.8583867499397568,1.4536367382243451,-0.6679312578242138,0.3381519127861487,-2.388658390783621
33.0,226.0,999.9854125976562,-0.5829096502875846,0.5938480877049717,4.052969470781729,-1.1689296632689905,-0.2098215599325366,0.858383474204917,1.453637234407954,-0.6679297083303197,0.3381598485675932,-2.388647974585024
33.0,226.0,999.9854736328124,-0.5829101283680114,0.5938423363521537,4.052960540582697,-1.1689345906917756,-0.2098177857015342,0.858389327678375,1.4536407086056204,-0.6679272886357959,0.3381500429679462,-2.388652960588268
33.0,226.0,999.9854125976562,-0.5829095379166924,0.5938397726318092,4.052970797904784,-1.1689298783720163,-0.2098216385974236,0.8583895757878643,1.4536353100896786,-0.6679303409240527,0.3381610256267029,-2.3886518878919483
33.0,226.0,999.9854125976562,-0.5829102996672404,0.5938429846851196,4.052965962505466,-1.168929693179205,-0.2098191325018907,0.8583894703774142,1.4536324541820091,-0.6679318446519016,0.3381524100688811,-2.388655679076128
33.0,226.0,999.9854125976562,-0.582909041073064,0.5938445933394902,4.052968789229926,-1.1689255048636489,-0.2098215543503538,0.8583868715352221,1.4536343138395118,-0.6679296269553987,0.3381631023521461,-2.3886459364569825
33.0,226.0,999.9854125976562,-0.5829079981854441,0.5938425890157886,4.052973456056153,-1.1689276399711497,-0.2098214250319978,0.858391003394015,1.4536369956328965,-0.6679333548877482,0.3381645668113116,-2.388645873925591
33.0,226.0,999.9854125976562,-0.5829084140763445,0.5938444865442216,4.05297108878584,-1.1689329074348676,-0.2098213018969499,0.8583852301539547,1.4536410024667887,-0.6679290052054352,0.3381607125347718,-2.388648647023889
33.0,226.0,999.9854125976562,-0.5829074859759968,0.5938408413543153,4.052968638928359,-1.168925908185832,-0.2098230076696214,0.8583912672834142,1.453634993209235,-0.6679324347880335,0.3381608337132249,-2.38864655182546
33.0,226.0,999.9854125976562,-0.5829115473700694,0.5938460139440576,4.052964850885889,-1.1689304439558108,-0.2098181028479713,0.8583879471064835,1.4536323913428353,-0.6679312727921927,0.3381554674145794,-2.388653491124757
33.0,226.0,999.9854125976562,-0.5829092241329645,0.5938400562597561,4.052970043100826,-1.1689299670784257,-0.2098208585628489,0.8583913745644365,1.4536382003045911,-0.6679327064800109,0.3381604247301695,-2.3886479785911208
33.0,227.0,999.9854125976562,-0.5829080301043197,0.5938441512901438,4.052970804960252,-1.1689270072208364,-0.2098229107810407,0.8583898767830913,1.4536378131821293,-0.667931716988269,0.3381640396235665,-2.388644091190637
33.0,227.0,999.9854125976562,-0.582910921723645,0.5938468438107751,4.052966354518876,-1.1689291290153667,-0.2098202126618344,0.8583835048482102,1.453632280737395,-0.6679292895314459,0.3381567170107979,-2.38865287793681
33.0,227.0,999.9854736328124,-0.5829062029904666,0.593836395699153,4.05297521198278,-1.1689233558286762,-0.2098249695370118,0.858397728953082,1.4536373324926135,-0.6679363998723336,0.3381654810396544,-2.388640778647529
33.0,227.0,999.9854736328124,-0.5829091291420498,0.5938388910109431,4.052967150645566,-1.1689261358208451,-0.2098195689170978,0.8583933887557249,1.4536333021051293,-0.6679328121856791,0.3381615336939569,-2.3886469840640108
33.0,227.0,999.9854125976562,-0.5829077021455049,0.5938421964434575,4.052971850597512,-1.1689311000567084,-0.2098226586127021,0.8583871230336735,1.45364161511141,-0.6679292513426649,0.3381610531502401,-2.388646284542853
33.0,227.0,999.9854125976562,-0.582909926206022,0.5938419474242105,4.052971420175801,-1.168932870690222,-0.2098210720918212,0.8583868850100913,1.453638483856321,-0.6679319996604036,0.3381580283910708,-2.388651744867325
33.0,227.0,999.9854736328124,-0.5829093102984935,0.5938401568646867,4.052971847942793,-1.1689321136429394,-0.2098221931961754,0.8583863450100884,1.4536405622367097,-0.6679298442439077,0.3381580547510046,-2.3886512453787203
33.0,227.0,999.9854736328124,-0.5829102107186133,0.5938450663850912,4.052964011930246,-1.1689338308235508,-0.2098190051254942,0.8583842931100971,1.4536381434228964,-0.6679286246445066,0.3381533882382284,-2.388653436662032
33.0,227.0,999.9854125976562,-0.5829092924358914,0.593841125737729,4.0529671244572505,-1.1689300210327196,-0.2098199465649806,0.8583923780187774,1.4536351596033086,-0.6679319210208412,0.3381551813859733,-2.3886527196902003
33.0,227.0,999.9854125976562,-0.5829096201509207,0.5938454267090378,4.05296790881671,-1.168928026857381,-0.2098199477678166,0.8583878847484936,1.4536299579781904,-0.6679311170747155,0.3381597506681357,-2.388650344920144
33.0,227.0,999.9854125976562,-0.5829115196642194,0.5938448183503571,4.05296804846466,-1.1689363929749534,-0.2098177083492975,0.8583836386790686,1.453637655776726,-0.6679287530701323,0.3381553541021622,-2.3886563076135663
33.0,227.0,999.9854125976562,-0.582908210720384,0.5938390242467362,4.052972765647283,-1.168931862945758,-0.2098214532051461,0.8583910098607266,1.4536384786628522,-0.667932401101357,0.3381581515151532,-2.388651526432724
33.0,227.0,999.9854736328124,-0.5829071982660743,0.5938449731229305,4.052969306157664,-1.168923804645459,-0.2098230645946781,0.85838952677181,1.4536342832907012,-0.6679330212206605,0.3381650500633002,-2.388643845778672
33.0,227.0,999.9854736328124,-0.5829095726843958,0.5938407385559428,4.052971954665734,-1.1689341525171448,-0.209820247370847,0.8583868209768948,1.4536418738817725,-0.6679298274476588,0.3381583928375686,-2.388650999240728
33.0,227.0,999.9854125976562,-0.5829100751635394,0.5938476280285112,4.0529673532464745,-1.1689307375966438,-0.2098200484741292,0.8583837688255445,1.453634020763812,-0.667930186750664,0.3381546992962994,-2.3886517699105085
33.0,227.0,999.9854125976562,-0.5829100681240824,0.5938456765182334,4.052969274383969,-1.1689332759884987,-0.2098209617938327,0.8583825058052259,1.4536375603755474,-0.6679303053496808,0.338157951095801,-2.3886492853262418
33.0,227.0,999.9854736328124,-0.5829137736605352,0.5938444058658412,4.052969872509909,-1.1689348985154933,-0.2098161165663512,0.858386272324454,1.4536341886582802,-0.6679319963189352,0.3381573117470147,-2.3886544254390083
33.0,227.0,999.9854125976562,-0.5829098110707651,0.5938424344959188,4.052967700342922,-1.1689340197207023,-0.2098209492703437,0.8583875615235144,1.4536415851907076,-0.6679289928054075,0.3381543218562779,-2.3886531144276835
33.0,227.0,999.9854125976562,-0.5829095912944267,0.5938460000806911,4.052968302634829,-1.1689292857165583,-0.2098203361913579,0.8583858282352903,1.453633626359112,-0.6679317933515616,0.3381569036183371,-2.388649908606848
33.0,227.0,999.9854125976562,-0.5829083286359023,0.5938429914468362,4.052969750829666,-1.1689276088161824,-0.209821789504347,0.8583877389542769,1.453635512111461,-0.6679292388258498,0.338161579608176,-2.3886467668245155
33.0,227.0,999.9854736328124,-0.582908315466339,0.5938364726323808,4.052966911526594,-1.1689218542862916,-0.2098219623189905,0.8583980305806707,1.4536316359405728,-0.6679333976108337,0.3381608434691507,-2.388647879782237
33.0,227.0,999.9854125976562,-0.5829087331506964,0.5938436902926645,4.052969387091823,-1.1689274507897056,-0.2098199292101972,0.8583898443253428,1.4536331330359609,-0.6679329909130951,0.3381574499636564,-2.388652233254627
33.0,227.0,999.9854125976562,-0.582907726887834,0.5938431441529355,4.052967908674907,-1.168925345477649,-0.2098221326248337,0.8583891147660596,1.4536340246089008,-0.667931358047336,0.3381620073938247,-2.3886463715820616
33.0,227.0,999.9854125976562,-0.5829076798980068,0.5938404117607945,4.05297051304596,-1.1689275600606424,-0.209821713372114,0.8583913031801487,1.453635672254431,-0.6679319112536026,0.3381615227801768,-2.3886457164473
33.0,227.0,999.9854125976562,-0.5829093460172396,0.5938416178402219,4.052967900981471,-1.16892803086867,-0.2098216172350495,0.8583898148066798,1.4536348322165606,-0.6679315195619742,0.3381570621749787,-2.388653151886704
33.0,227.0,999.9854125976562,-0.5829111423812021,0.5938417281242927,4.052967273692527,-1.168937990894396,-0.2098188783213892,0.8583862980719843,1.4536387175801018,-0.6679299581983047,0.3381527562499551,-2.3886556633371887
33.0,227.0,999.9854125976562,-0.5829098067737242,0.5938418869161852,4.052969926076772,-1.168932962879614,-0.2098200096625611,0.8583881816774657,1.4536382420763443,-0.6679309183147435,0.3381584980015013,-2.3886515618888686
33.0,227.0,999.9854125976562,-0.5829103778848639,0.5938422112375878,4.052969555587008,-1.1689317202119307,-0.2098178053476322,0.8583889493228556,1.4536322108663455,-0.6679313620737739,0.33815856587628,-2.388654943244448
33.0,227.0,999.9854125976562,-0.5829118325315878,0.59384640490447,4.052967050494216,-1.1689325379039062,-0.2098197125543865,0.858382201093356,1.4536331260337922,-0.6679299508821508,0.3381551993224949,-2.3886558237539064
33.0,227.0,999.9854125976562,-0.582910623671121,0.5938468418117644,4.052966727923948,-1.1689308335329516,-0.2098195639844329,0.8583868100677208,1.4536382508312071,-0.6679286617520228,0.3381589475138593,-2.3886497070908383
33.0,227.0,999.9854736328124,-0.5829131705692623,0.5938446931100403,4.052967470625422,-1.168936521862003,-0.2098168929607489,0.8583832583827427,1.453636761022448,-0.6679289803960016,0.3381547199746206,-2.388654511016397
33.0,227.0,999.9854125976562,-0.5829118836340133,0.5938498672774228,4.052970448674158,-1.168936906297866,-0.2098198975170184,0.8583785078401176,1.45364085488022,-0.6679286995677023,0.3381564304744353,-2.388653206682445
33.0,227.0,999.9854125976562,-0.5829087949499652,0.593845034287007,4.052970508118444,-1.168928547894443,-0.2098224476814145,0.8583875328920989,1.4536368905675996,-0.6679312072480235,0.3381572322704009,-2.38865210320905
33.0,227.0,999.9854125976562,-0.5829084092747854,0.5938428240466642,4.0529676298032165,-1.1689301752317238,-0.2098215715815623,0.8583872038411187,1.4536343144652184,-0.667930122129043,0.3381575164245607,-2.388652078505048
33.0,227.0,999.9854125976562,-0.5829095859804241,0.5938406331269919,4.052968176709722,-1.168931503145088,-0.2098209076946222,0.8583892540233515,1.4536378364109872,-0.6679300194485567,0.3381580775888668,-2.388651822241826
33.0,227.0,999.9854125976562,-0.5829091460442974,0.5938427161815163,4.052967983914659,-1.168932720350056,-0.2098206485035323,0.8583868792050344,1.4536381128011753,-0.6679303655655904,0.3381568038581397,-2.3886493022307667
33.0,227.0,999.9854125976562,-0.5829102950702261,0.5938428858825704,4.052967843380422,-1.1689345573594268,-0.2098205921430471,0.8583856818133491,1.453640637527366,-0.6679287680216106,0.338155448232774,-2.3886515656416583
33.0,227.0,999.9854736328124,-0.5829132984414827,0.5938489709740846,4.052970789807306,-1.1689431320605124,-0.2098171771984027,0.8583788437065039,1.4536445838197327,-0.6679304958069672,0.3381497692766686,-2.3886588798555053
33.0,227.0,999.9854125976562,-0.5829060123603016,0.593836560380093,4.052975365620428,-1.1689241200480105,-0.2098240630418342,0.8583930784502982,1.4536335827633824,-0.667932516673071,0.3381671997029043,-2.3886453038692568
33.0,227.0,999.9854125976562,-0.5829130777597538,0.5938459034936212,4.05296736459896,-1.1689350907835565,-0.2098175064283491,0.8583867499397568,1.4536367382243451,-0.6679312578242138,0.3381519127861487,-2.388658390783621
33.0,227.0,999.9854125976562,-0.5829096502875846,0.5938480877049717,4.052969470781729,-1.1689296632689905,-0.2098215599325366,0.858383474204917,1.453637234407954,-0.6679297083303197,0.3381598485675932,-2.388647974585024
33.0,227.0,999.9854736328124,-0.5829101283680114,0.5938423363521537,4.052960540582697,-1.1689345906917756,-0.2098177857015342,0.858389327678375,1.4536407086056204,-0.6679272886357959,0.3381500429679462,-2.388652960588268
33.0,227.0,999.9854125976562,-0.5829095379166924,0.5938397726318092,4.052970797904784,-1.1689298783720163,-0.2098216385974236,0.8583895757878643,1.4536353100896786,-0.6679303409240527,0.3381610256267029,-2.3886518878919483
33.0,227.0,999.9854125976562,-0.5829102996672404,0.5938429846851196,4.052965962505466,-1.168929693179205,-0.2098191325018907,0.8583894703774142,1.4536324541820091,-0.6679318446519016,0.3381524100688811,-2.388655679076128
33.0,227.0,999.9854125976562,-0.582909041073064,0.5938445933394902,4.052968789229926,-1.1689255048636489,-0.2098215543503538,0.8583868715352221,1.4536343138395118,-0.6679296269553987,0.3381631023521461,-2.3886459364569825
33.0,227.0,999.9854125976562,-0.5829079981854441,0.5938425890157886,4.052973456056153,-1.1689276399711497,-0.2098214250319978,0.858391003394015,1.4536369956328965,-0.6679333548877482,0.3381645668113116,-2.388645873925591
33.0,227.0,999.9854125976562,-0.5829084140763445,0.5938444865442216,4.05297108878584,-1.1689329074348676,-0.2098213018969499,0.8583852301539547,1.4536410024667887,-0.6679290052054352,0.3381607125347718,-2.388648647023889
33.0,227.0,999.9854125976562,-0.5829074859759968,0.5938408413543153,4.052968638928359,-1.168925908185832,-0.2098230076696214,0.8583912672834142,1.453634993209235,-0.6679324347880335,0.3381608337132249,-2.38864655182546
33.0,227.0,999.9854125976562,-0.5829115473700694,0.5938460139440576,4.052964850885889,-1.1689304439558108,-0.2098181028479713,0.8583879471064835,1.4536323913428353,-0.6679312727921927,0.3381554674145794,-2.388653491124757
33.0,227.0,999.9854125976562,-0.5829092241329645,0.5938400562597561,4.052970043100826,-1.1689299670784257,-0.2098208585628489,0.8583913745644365,1.4536382003045911,-0.6679327064800109,0.3381604247301695,-2.3886479785911208
33.0,228.0,999.9854125976562,-0.5829080301043197,0.5938441512901438,4.052970804960252,-1.1689270072208364,-0.2098229107810407,0.8583898767830913,1.4536378131821293,-0.667931716988269,0.3381640396235665,-2.388644091190637
33.0,228.0,999.9854125976562,-0.582910921723645,0.5938468438107751,4.052966354518876,-1.1689291290153667,-0.2098202126618344,0.8583835048482102,1.453632280737395,-0.6679292895314459,0.3381567170107979,-2.38865287793681
33.0,228.0,999.9854736328124,-0.5829062029904666,0.593836395699153,4.05297521198278,-1.1689233558286762,-0.2098249695370118,0.858397728953082,1.4536373324926135,-0.6679363998723336,0.3381654810396544,-2.388640778647529
33.0,228.0,999.9854736328124,-0.5829091291420498,0.5938388910109431,4.052967150645566,-1.1689261358208451,-0.2098195689170978,0.8583933887557249,1.4536333021051293,-0.6679328121856791,0.3381615336939569,-2.3886469840640108
33.0,228.0,999.9854125976562,-0.5829077021455049,0.5938421964434575,4.052971850597512,-1.1689311000567084,-0.2098226586127021,0.8583871230336735,1.45364161511141,-0.6679292513426649,0.3381610531502401,-2.388646284542853
33.0,228.0,999.9854125976562,-0.582909926206022,0.5938419474242105,4.052971420175801,-1.168932870690222,-0.2098210720918212,0.8583868850100913,1.453638483856321,-0.6679319996604036,0.3381580283910708,-2.388651744867325
33.0,228.0,999.9854736328124,-0.5829093102984935,0.5938401568646867,4.052971847942793,-1.1689321136429394,-0.2098221931961754,0.8583863450100884,1.4536405622367097,-0.6679298442439077,0.3381580547510046,-2.3886512453787203
33.0,228.0,999.9854736328124,-0.5829102107186133,0.5938450663850912,4.052964011930246,-1.1689338308235508,-0.2098190051254942,0.8583842931100971,1.4536381434228964,-0.6679286246445066,0.3381533882382284,-2.388653436662032
33.0,228.0,999.9854125976562,-0.5829092924358914,0.593841125737729,4.0529671244572505,-1.1689300210327196,-0.2098199465649806,0.8583923780187774,1.4536351596033086,-0.6679319210208412,0.3381551813859733,-2.3886527196902003
33.0,228.0,999.9854125976562,-0.5829096201509207,0.5938454267090378,4.05296790881671,-1.168928026857381,-0.2098199477678166,0.8583878847484936,1.4536299579781904,-0.6679311170747155,0.3381597506681357,-2.388650344920144
33.0,228.0,999.9854125976562,-0.5829115196642194,0.5938448183503571,4.05296804846466,-1.1689363929749534,-0.2098177083492975,0.8583836386790686,1.453637655776726,-0.6679287530701323,0.3381553541021622,-2.3886563076135663
33.0,228.0,999.9854125976562,-0.582908210720384,0.5938390242467362,4.052972765647283,-1.168931862945758,-0.2098214532051461,0.8583910098607266,1.4536384786628522,-0.667932401101357,0.3381581515151532,-2.388651526432724
33.0,228.0,999.9854736328124,-0.5829071982660743,0.5938449731229305,4.052969306157664,-1.168923804645459,-0.2098230645946781,0.85838952677181,1.4536342832907012,-0.6679330212206605,0.3381650500633002,-2.388643845778672
33.0,228.0,999.9854736328124,-0.5829095726843958,0.5938407385559428,4.052971954665734,-1.1689341525171448,-0.209820247370847,0.8583868209768948,1.4536418738817725,-0.6679298274476588,0.3381583928375686,-2.388650999240728
33.0,228.0,999.9854125976562,-0.5829100751635394,0.5938476280285112,4.0529673532464745,-1.1689307375966438,-0.2098200484741292,0.8583837688255445,1.453634020763812,-0.667930186750664,0.3381546992962994,-2.3886517699105085
33.0,228.0,999.9854125976562,-0.5829100681240824,0.5938456765182334,4.052969274383969,-1.1689332759884987,-0.2098209617938327,0.8583825058052259,1.4536375603755474,-0.6679303053496808,0.338157951095801,-2.3886492853262418
33.0,228.0,999.9854736328124,-0.5829137736605352,0.5938444058658412,4.052969872509909,-1.1689348985154933,-0.2098161165663512,0.858386272324454,1.4536341886582802,-0.6679319963189352,0.3381573117470147,-2.3886544254390083
33.0,228.0,999.9854125976562,-0.5829098110707651,0.5938424344959188,4.052967700342922,-1.1689340197207023,-0.2098209492703437,0.8583875615235144,1.4536415851907076,-0.6679289928054075,0.3381543218562779,-2.3886531144276835
33.0,228.0,999.9854125976562,-0.5829095912944267,0.5938460000806911,4.052968302634829,-1.1689292857165583,-0.2098203361913579,0.8583858282352903,1.453633626359112,-0.6679317933515616,0.3381569036183371,-2.388649908606848
33.0,228.0,999.9854125976562,-0.5829083286359023,0.5938429914468362,4.052969750829666,-1.1689276088161824,-0.209821789504347,0.8583877389542769,1.453635512111461,-0.6679292388258498,0.338161579608176,-2.3886467668245155
33.0,228.0,999.9854736328124,-0.582908315466339,0.5938364726323808,4.052966911526594,-1.1689218542862916,-0.2098219623189905,0.8583980305806707,1.4536316359405728,-0.6679333976108337,0.3381608434691507,-2.388647879782237
33.0,228.0,999.9854125976562,-0.5829087331506964,0.5938436902926645,4.052969387091823,-1.1689274507897056,-0.2098199292101972,0.8583898443253428,1.4536331330359609,-0.6679329909130951,0.3381574499636564,-2.388652233254627
33.0,228.0,999.9854125976562,-0.582907726887834,0.5938431441529355,4.052967908674907,-1.168925345477649,-0.2098221326248337,0.8583891147660596,1.4536340246089008,-0.667931358047336,0.3381620073938247,-2.3886463715820616
33.0,228.0,999.9854125976562,-0.5829076798980068,0.5938404117607945,4.05297051304596,-1.1689275600606424,-0.209821713372114,0.8583913031801487,1.453635672254431,-0.6679319112536026,0.3381615227801768,-2.3886457164473
33.0,228.0,999.9854125976562,-0.5829093460172396,0.5938416178402219,4.052967900981471,-1.16892803086867,-0.2098216172350495,0.8583898148066798,1.4536348322165606,-0.6679315195619742,0.3381570621749787,-2.388653151886704
33.0,228.0,999.9854125976562,-0.5829111423812021,0.5938417281242927,4.052967273692527,-1.168937990894396,-0.2098188783213892,0.8583862980719843,1.4536387175801018,-0.6679299581983047,0.3381527562499551,-2.3886556633371887
33.0,228.0,999.9854125976562,-0.5829098067737242,0.5938418869161852,4.052969926076772,-1.168932962879614,-0.2098200096625611,0.8583881816774657,1.4536382420763443,-0.6679309183147435,0.3381584980015013,-2.3886515618888686
33.0,228.0,999.9854125976562,-0.5829103778848639,0.5938422112375878,4.052969555587008,-1.1689317202119307,-0.2098178053476322,0.8583889493228556,1.4536322108663455,-0.6679313620737739,0.33815856587628,-2.388654943244448
33.0,228.0,999.9854125976562,-0.5829118325315878,0.59384640490447,4.052967050494216,-1.1689325379039062,-0.2098197125543865,0.858382201093356,1.4536331260337922,-0.6679299508821508,0.3381551993224949,-2.3886558237539064
33.0,228.0,999.9854125976562,-0.582910623671121,0.5938468418117644,4.052966727923948,-1.1689308335329516,-0.2098195639844329,0.8583868100677208,1.4536382508312071,-0.6679286617520228,0.3381589475138593,-2.3886497070908383
33.0,228.0,999.9854736328124,-0.5829131705692623,0.5938446931100403,4.052967470625422,-1.168936521862003,-0.2098168929607489,0.8583832583827427,1.453636761022448,-0.6679289803960016,0.3381547199746206,-2.388654511016397
33.0,228.0,999.9854125976562,-0.5829118836340133,0.5938498672774228,4.052970448674158,-1.168936906297866,-0.2098198975170184,0.8583785078401176,1.45364085488022,-0.6679286995677023,0.3381564304744353,-2.388653206682445
33.0,228.0,999.9854125976562,-0.5829087949499652,0.593845034287007,4.052970508118444,-1.168928547894443,-0.2098224476814145,0.8583875328920989,1.4536368905675996,-0.6679312072480235,0.3381572322704009,-2.38865210320905
33.0,228.0,999.9854125976562,-0.5829084092747854,0.5938428240466642,4.0529676298032165,-1.1689301752317238,-0.2098215715815623,0.8583872038411187,1.4536343144652184,-0.667930122129043,0.3381575164245607,-2.388652078505048
33.0,228.0,999.9854125976562,-0.5829095859804241,0.5938406331269919,4.052968176709722,-1.168931503145088,-0.2098209076946222,0.8583892540233515,1.4536378364109872,-0.6679300194485567,0.3381580775888668,-2.388651822241826
33.0,228.0,999.9854125976562,-0.5829091460442974,0.5938427161815163,4.052967983914659,-1.168932720350056,-0.2098206485035323,0.8583868792050344,1.4536381128011753,-0.6679303655655904,0.3381568038581397,-2.3886493022307667
33.0,228.0,999.9854125976562,-0.5829102950702261,0.5938428858825704,4.052967843380422,-1.1689345573594268,-0.2098205921430471,0.8583856818133491,1.453640637527366,-0.6679287680216106,0.338155448232774,-2.3886515656416583
33.0,228.0,999.9854736328124,-0.5829132984414827,0.5938489709740846,4.052970789807306,-1.1689431320605124,-0.2098171771984027,0.8583788437065039,1.4536445838197327,-0.6679304958069672,0.3381497692766686,-2.3886588798555053
33.0,228.0,999.9854125976562,-0.5829060123603016,0.593836560380093,4.052975365620428,-1.1689241200480105,-0.2098240630418342,0.8583930784502982,1.4536335827633824,-0.667932516673071,0.3381671997029043,-2.3886453038692568
33.0,228.0,999.9854125976562,-0.5829130777597538,0.5938459034936212,4.05296736459896,-1.1689350907835565,-0.2098175064283491,0.8583867499397568,1.4536367382243451,-0.6679312578242138,0.3381519127861487,-2.388658390783621
33.0,228.0,999.9854125976562,-0.5829096502875846,0.5938480877049717,4.052969470781729,-1.1689296632689905,-0.2098215599325366,0.858383474204917,1.453637234407954,-0.6679297083303197,0.3381598485675932,-2.388647974585024
33.0,228.0,999.9854736328124,-0.5829101283680114,0.5938423363521537,4.052960540582697,-1.1689345906917756,-0.2098177857015342,0.858389327678375,1.4536407086056204,-0.6679272886357959,0.3381500429679462,-2.388652960588268
33.0,228.0,999.9854125976562,-0.5829095379166924,0.5938397726318092,4.052970797904784,-1.1689298783720163,-0.2098216385974236,0.8583895757878643,1.4536353100896786,-0.6679303409240527,0.3381610256267029,-2.3886518878919483
33.0,228.0,999.9854125976562,-0.5829102996672404,0.5938429846851196,4.052965962505466,-1.168929693179205,-0.2098191325018907,0.8583894703774142,1.4536324541820091,-0.6679318446519016,0.3381524100688811,-2.388655679076128
33.0,228.0,999.9854125976562,-0.582909041073064,0.5938445933394902,4.052968789229926,-1.1689255048636489,-0.2098215543503538,0.8583868715352221,1.4536343138395118,-0.6679296269553987,0.3381631023521461,-2.3886459364569825
33.0,228.0,999.9854125976562,-0.5829079981854441,0.5938425890157886,4.052973456056153,-1.1689276399711497,-0.2098214250319978,0.858391003394015,1.4536369956328965,-0.6679333548877482,0.3381645668113116,-2.388645873925591
33.0,228.0,999.9854125976562,-0.5829084140763445,0.5938444865442216,4.05297108878584,-1.1689329074348676,-0.2098213018969499,0.8583852301539547,1.4536410024667887,-0.6679290052054352,0.3381607125347718,-2.388648647023889
33.0,228.0,999.9854125976562,-0.5829074859759968,0.5938408413543153,4.052968638928359,-1.168925908185832,-0.2098230076696214,0.8583912672834142,1.453634993209235,-0.6679324347880335,0.3381608337132249,-2.38864655182546
33.0,228.0,999.9854125976562,-0.5829115473700694,0.5938460139440576,4.052964850885889,-1.1689304439558108,-0.2098181028479713,0.8583879471064835,1.4536323913428353,-0.6679312727921927,0.3381554674145794,-2.388653491124757
33.0,228.0,999.9854125976562,-0.5829092241329645,0.5938400562597561,4.052970043100826,-1.1689299670784257,-0.2098208585628489,0.8583913745644365,1.4536382003045911,-0.6679327064800109,0.3381604247301695,-2.3886479785911208
33.0,229.0,999.9854125976562,-0.5829080301043197,0.5938441512901438,4.052970804960252,-1.1689270072208364,-0.2098229107810407,0.8583898767830913,1.4536378131821293,-0.667931716988269,0.3381640396235665,-2.388644091190637
33.0,229.0,999.9854125976562,-0.582910921723645,0.5938468438107751,4.052966354518876,-1.1689291290153667,-0.2098202126618344,0.8583835048482102,1.453632280737395,-0.6679292895314459,0.3381567170107979,-2.38865287793681
33.0,229.0,999.9854736328124,-0.5829062029904666,0.593836395699153,4.05297521198278,-1.1689233558286762,-0.2098249695370118,0.858397728953082,1.4536373324926135,-0.6679363998723336,0.3381654810396544,-2.388640778647529
33.0,229.0,999.9854736328124,-0.5829091291420498,0.5938388910109431,4.052967150645566,-1.1689261358208451,-0.2098195689170978,0.8583933887557249,1.4536333021051293,-0.6679328121856791,0.3381615336939569,-2.3886469840640108
33.0,229.0,999.9854125976562,-0.5829077021455049,0.5938421964434575,4.052971850597512,-1.1689311000567084,-0.2098226586127021,0.8583871230336735,1.45364161511141,-0.6679292513426649,0.3381610531502401,-2.388646284542853
33.0,229.0,999.9854125976562,-0.582909926206022,0.5938419474242105,4.052971420175801,-1.168932870690222,-0.2098210720918212,0.8583868850100913,1.453638483856321,-0.6679319996604036,0.3381580283910708,-2.388651744867325
33.0,229.0,999.9854736328124,-0.5829093102984935,0.5938401568646867,4.052971847942793,-1.1689321136429394,-0.2098221931961754,0.8583863450100884,1.4536405622367097,-0.6679298442439077,0.3381580547510046,-2.3886512453787203
33.0,229.0,999.9854736328124,-0.5829102107186133,0.5938450663850912,4.052964011930246,-1.1689338308235508,-0.2098190051254942,0.8583842931100971,1.4536381434228964,-0.6679286246445066,0.3381533882382284,-2.388653436662032
33.0,229.0,999.9854125976562,-0.5829092924358914,0.593841125737729,4.0529671244572505,-1.1689300210327196,-0.2098199465649806,0.8583923780187774,1.4536351596033086,-0.6679319210208412,0.3381551813859733,-2.3886527196902003
33.0,229.0,999.9854125976562,-0.5829096201509207,0.5938454267090378,4.05296790881671,-1.168928026857381,-0.2098199477678166,0.8583878847484936,1.4536299579781904,-0.6679311170747155,0.3381597506681357,-2.388650344920144
33.0,229.0,999.9854125976562,-0.5829115196642194,0.5938448183503571,4.05296804846466,-1.1689363929749534,-0.2098177083492975,0.8583836386790686,1.453637655776726,-0.6679287530701323,0.3381553541021622,-2.3886563076135663
33.0,229.0,999.9854125976562,-0.582908210720384,0.5938390242467362,4.052972765647283,-1.168931862945758,-0.2098214532051461,0.8583910098607266,1.4536384786628522,-0.667932401101357,0.3381581515151532,-2.388651526432724
33.0,229.0,999.9854736328124,-0.5829071982660743,0.5938449731229305,4.052969306157664,-1.168923804645459,-0.2098230645946781,0.85838952677181,1.4536342832907012,-0.6679330212206605,0.3381650500633002,-2.388643845778672
33.0,229.0,999.9854736328124,-0.5829095726843958,0.5938407385559428,4.052971954665734,-1.1689341525171448,-0.209820247370847,0.8583868209768948,1.4536418738817725,-0.6679298274476588,0.3381583928375686,-2.388650999240728
33.0,229.0,999.9854125976562,-0.5829100751635394,0.5938476280285112,4.0529673532464745,-1.1689307375966438,-0.2098200484741292,0.8583837688255445,1.453634020763812,-0.667930186750664,0.3381546992962994,-2.3886517699105085
33.0,229.0,999.9854125976562,-0.5829100681240824,0.5938456765182334,4.052969274383969,-1.1689332759884987,-0.2098209617938327,0.8583825058052259,1.4536375603755474,-0.6679303053496808,0.338157951095801,-2.3886492853262418
33.0,229.0,999.9854736328124,-0.5829137736605352,0.5938444058658412,4.052969872509909,-1.1689348985154933,-0.2098161165663512,0.858386272324454,1.4536341886582802,-0.6679319963189352,0.3381573117470147,-2.3886544254390083
33.0,229.0,999.9854125976562,-0.5829098110707651,0.5938424344959188,4.052967700342922,-1.1689340197207023,-0.2098209492703437,0.8583875615235144,1.4536415851907076,-0.6679289928054075,0.3381543218562779,-2.3886531144276835
33.0,229.0,999.9854125976562,-0.5829095912944267,0.5938460000806911,4.052968302634829,-1.1689292857165583,-0.2098203361913579,0.8583858282352903,1.453633626359112,-0.6679317933515616,0.3381569036183371,-2.388649908606848
33.0,229.0,999.9854125976562,-0.5829083286359023,0.5938429914468362,4.052969750829666,-1.1689276088161824,-0.209821789504347,0.8583877389542769,1.453635512111461,-0.6679292388258498,0.338161579608176,-2.3886467668245155
33.0,229.0,999.9854736328124,-0.582908315466339,0.5938364726323808,4.052966911526594,-1.1689218542862916,-0.2098219623189905,0.8583980305806707,1.4536316359405728,-0.6679333976108337,0.3381608434691507,-2.388647879782237
33.0,229.0,999.9854125976562,-0.5829087331506964,0.5938436902926645,4.052969387091823,-1.1689274507897056,-0.2098199292101972,0.8583898443253428,1.4536331330359609,-0.6679329909130951,0.3381574499636564,-2.388652233254627
33.0,229.0,999.9854125976562,-0.582907726887834,0.5938431441529355,4.052967908674907,-1.168925345477649,-0.2098221326248337,0.8583891147660596,1.4536340246089008,-0.667931358047336,0.3381620073938247,-2.3886463715820616
33.0,229.0,999.9854125976562,-0.5829076798980068,0.5938404117607945,4.05297051304596,-1.1689275600606424,-0.209821713372114,0.8583913031801487,1.453635672254431,-0.6679319112536026,0.3381615227801768,-2.3886457164473
33.0,229.0,999.9854125976562,-0.5829093460172396,0.5938416178402219,4.052967900981471,-1.16892803086867,-0.2098216172350495,0.8583898148066798,1.4536348322165606,-0.6679315195619742,0.3381570621749787,-2.388653151886704
33.0,229.0,999.9854125976562,-0.5829111423812021,0.5938417281242927,4.052967273692527,-1.168937990894396,-0.2098188783213892,0.8583862980719843,1.4536387175801018,-0.6679299581983047,0.3381527562499551,-2.3886556633371887
33.0,229.0,999.9854125976562,-0.5829098067737242,0.5938418869161852,4.052969926076772,-1.168932962879614,-0.2098200096625611,0.8583881816774657,1.4536382420763443,-0.6679309183147435,0.3381584980015013,-2.3886515618888686
33.0,229.0,999.9854125976562,-0.5829103778848639,0.5938422112375878,4.052969555587008,-1.1689317202119307,-0.2098178053476322,0.8583889493228556,1.4536322108663455,-0.6679313620737739,0.33815856587628,-2.388654943244448
33.0,229.0,999.9854125976562,-0.5829118325315878,0.59384640490447,4.052967050494216,-1.1689325379039062,-0.2098197125543865,0.858382201093356,1.4536331260337922,-0.6679299508821508,0.3381551993224949,-2.3886558237539064
33.0,229.0,999.9854125976562,-0.582910623671121,0.5938468418117644,4.052966727923948,-1.1689308335329516,-0.2098195639844329,0.8583868100677208,1.4536382508312071,-0.6679286617520228,0.3381589475138593,-2.3886497070908383
33.0,229.0,999.9854736328124,-0.5829131705692623,0.5938446931100403,4.052967470625422,-1.168936521862003,-0.2098168929607489,0.8583832583827427,1.453636761022448,-0.6679289803960016,0.3381547199746206,-2.388654511016397
33.0,229.0,999.9854125976562,-0.5829118836340133,0.5938498672774228,4.052970448674158,-1.168936906297866,-0.2098198975170184,0.8583785078401176,1.45364085488022,-0.6679286995677023,0.3381564304744353,-2.388653206682445
33.0,229.0,999.9854125976562,-0.5829087949499652,0.593845034287007,4.052970508118444,-1.168928547894443,-0.2098224476814145,0.8583875328920989,1.4536368905675996,-0.6679312072480235,0.3381572322704009,-2.38865210320905
33.0,229.0,999.9854125976562,-0.5829084092747854,0.5938428240466642,4.0529676298032165,-1.1689301752317238,-0.2098215715815623,0.8583872038411187,1.4536343144652184,-0.667930122129043,0.3381575164245607,-2.388652078505048
33.0,229.0,999.9854125976562,-0.5829095859804241,0.5938406331269919,4.052968176709722,-1.168931503145088,-0.2098209076946222,0.8583892540233515,1.4536378364109872,-0.6679300194485567,0.3381580775888668,-2.388651822241826
33.0,229.0,999.9854125976562,-0.5829091460442974,0.5938427161815163,4.052967983914659,-1.168932720350056,-0.2098206485035323,0.8583868792050344,1.4536381128011753,-0.6679303655655904,0.3381568038581397,-2.3886493022307667
33.0,229.0,999.9854125976562,-0.5829102950702261,0.5938428858825704,4.052967843380422,-1.1689345573594268,-0.2098205921430471,0.8583856818133491,1.453640637527366,-0.6679287680216106,0.338155448232774,-2.3886515656416583
33.0,229.0,999.9854736328124,-0.5829132984414827,0.5938489709740846,4.052970789807306,-1.1689431320605124,-0.2098171771984027,0.8583788437065039,1.4536445838197327,-0.6679304958069672,0.3381497692766686,-2.3886588798555053
33.0,229.0,999.9854125976562,-0.5829060123603016,0.593836560380093,4.052975365620428,-1.1689241200480105,-0.2098240630418342,0.8583930784502982,1.4536335827633824,-0.667932516673071,0.3381671997029043,-2.3886453038692568
33.0,229.0,999.9854125976562,-0.5829130777597538,0.5938459034936212,4.05296736459896,-1.1689350907835565,-0.2098175064283491,0.8583867499397568,1.4536367382243451,-0.6679312578242138,0.3381519127861487,-2.388658390783621
33.0,229.0,999.9854125976562,-0.5829096502875846,0.5938480877049717,4.052969470781729,-1.1689296632689905,-0.2098215599325366,0.858383474204917,1.453637234407954,-0.6679297083303197,0.3381598485675932,-2.388647974585024
33.0,229.0,999.9854736328124,-0.5829101283680114,0.5938423363521537,4.052960540582697,-1.1689345906917756,-0.2098177857015342,0.858389327678375,1.4536407086056204,-0.6679272886357959,0.3381500429679462,-2.388652960588268
33.0,229.0,999.9854125976562,-0.5829095379166924,0.5938397726318092,4.052970797904784,-1.1689298783720163,-0.2098216385974236,0.8583895757878643,1.4536353100896786,-0.6679303409240527,0.3381610256267029,-2.3886518878919483
33.0,229.0,999.9854125976562,-0.5829102996672404,0.5938429846851196,4.052965962505466,-1.168929693179205,-0.2098191325018907,0.8583894703774142,1.4536324541820091,-0.6679318446519016,0.3381524100688811,-2.388655679076128
33.0,229.0,999.9854125976562,-0.582909041073064,0.5938445933394902,4.052968789229926,-1.1689255048636489,-0.2098215543503538,0.8583868715352221,1.4536343138395118,-0.6679296269553987,0.3381631023521461,-2.3886459364569825
33.0,229.0,999.9854125976562,-0.5829079981854441,0.5938425890157886,4.052973456056153,-1.1689276399711497,-0.2098214250319978,0.858391003394015,1.4536369956328965,-0.6679333548877482,0.3381645668113116,-2.388645873925591
33.0,229.0,999.9854125976562,-0.5829084140763445,0.5938444865442216,4.05297108878584,-1.1689329074348676,-0.2098213018969499,0.8583852301539547,1.4536410024667887,-0.6679290052054352,0.3381607125347718,-2.388648647023889
33.0,229.0,999.9854125976562,-0.5829074859759968,0.5938408413543153,4.052968638928359,-1.168925908185832,-0.2098230076696214,0.8583912672834142,1.453634993209235,-0.6679324347880335,0.3381608337132249,-2.38864655182546
33.0,229.0,999.9854125976562,-0.5829115473700694,0.5938460139440576,4.052964850885889,-1.1689304439558108,-0.2098181028479713,0.8583879471064835,1.4536323913428353,-0.6679312727921927,0.3381554674145794,-2.388653491124757
33.0,229.0,999.9854125976562,-0.5829092241329645,0.5938400562597561,4.052970043100826,-1.1689299670784257,-0.2098208585628489,0.8583913745644365,1.4536382003045911,-0.6679327064800109,0.3381604247301695,-2.3886479785911208
33.0,230.0,999.9854125976562,-0.5829080301043197,0.5938441512901438,4.052970804960252,-1.1689270072208364,-0.2098229107810407,0.8583898767830913,1.4536378131821293,-0.667931716988269,0.3381640396235665,-2.388644091190637
33.0,230.0,999.9854125976562,-0.582910921723645,0.5938468438107751,4.052966354518876,-1.1689291290153667,-0.2098202126618344,0.8583835048482102,1.453632280737395,-0.6679292895314459,0.3381567170107979,-2.38865287793681
33.0,230.0,999.9854736328124,-0.5829062029904666,0.593836395699153,4.05297521198278,-1.1689233558286762,-0.2098249695370118,0.858397728953082,1.4536373324926135,-0.6679363998723336,0.3381654810396544,-2.388640778647529
33.0,230.0,999.9854736328124,-0.5829091291420498,0.5938388910109431,4.052967150645566,-1.1689261358208451,-0.2098195689170978,0.8583933887557249,1.4536333021051293,-0.6679328121856791,0.3381615336939569,-2.3886469840640108
33.0,230.0,999.9854125976562,-0.5829077021455049,0.5938421964434575,4.052971850597512,-1.1689311000567084,-0.2098226586127021,0.8583871230336735,1.45364161511141,-0.6679292513426649,0.3381610531502401,-2.388646284542853
33.0,230.0,999.9854125976562,-0.582909926206022,0.5938419474242105,4.052971420175801,-1.168932870690222,-0.2098210720918212,0.8583868850100913,1.453638483856321,-0.6679319996604036,0.3381580283910708,-2.388651744867325
33.0,230.0,999.9854736328124,-0.5829093102984935,0.5938401568646867,4.052971847942793,-1.1689321136429394,-0.2098221931961754,0.8583863450100884,1.4536405622367097,-0.6679298442439077,0.3381580547510046,-2.3886512453787203
33.0,230.0,999.9854736328124,-0.5829102107186133,0.5938450663850912,4.052964011930246,-1.1689338308235508,-0.2098190051254942,0.8583842931100971,1.4536381434228964,-0.6679286246445066,0.3381533882382284,-2.388653436662032
33.0,230.0,999.9854125976562,-0.5829092924358914,0.593841125737729,4.0529671244572505,-1.1689300210327196,-0.2098199465649806,0.8583923780187774,1.4536351596033086,-0.6679319210208412,0.3381551813859733,-2.3886527196902003
33.0,230.0,999.9854125976562,-0.5829096201509207,0.5938454267090378,4.05296790881671,-1.168928026857381,-0.2098199477678166,0.8583878847484936,1.4536299579781904,-0.6679311170747155,0.3381597506681357,-2.388650344920144
33.0,230.0,999.9854125976562,-0.5829115196642194,0.5938448183503571,4.05296804846466,-1.1689363929749534,-0.2098177083492975,0.8583836386790686,1.453637655776726,-0.6679287530701323,0.3381553541021622,-2.3886563076135663
33.0,230.0,999.9854125976562,-0.582908210720384,0.5938390242467362,4.052972765647283,-1.168931862945758,-0.2098214532051461,0.8583910098607266,1.4536384786628522,-0.667932401101357,0.3381581515151532,-2.388651526432724
33.0,230.0,999.9854736328124,-0.5829071982660743,0.5938449731229305,4.052969306157664,-1.168923804645459,-0.2098230645946781,0.85838952677181,1.4536342832907012,-0.6679330212206605,0.3381650500633002,-2.388643845778672
33.0,230.0,999.9854736328124,-0.5829095726843958,0.5938407385559428,4.052971954665734,-1.1689341525171448,-0.209820247370847,0.8583868209768948,1.4536418738817725,-0.6679298274476588,0.3381583928375686,-2.388650999240728
33.0,230.0,999.9854125976562,-0.5829100751635394,0.5938476280285112,4.0529673532464745,-1.1689307375966438,-0.2098200484741292,0.8583837688255445,1.453634020763812,-0.667930186750664,0.3381546992962994,-2.3886517699105085
33.0,230.0,999.9854125976562,-0.5829100681240824,0.5938456765182334,4.052969274383969,-1.1689332759884987,-0.2098209617938327,0.8583825058052259,1.4536375603755474,-0.6679303053496808,0.338157951095801,-2.3886492853262418
33.0,230.0,999.9854736328124,-0.5829137736605352,0.5938444058658412,4.052969872509909,-1.1689348985154933,-0.2098161165663512,0.858386272324454,1.4536341886582802,-0.6679319963189352,0.3381573117470147,-2.3886544254390083
33.0,230.0,999.9854125976562,-0.5829098110707651,0.5938424344959188,4.052967700342922,-1.1689340197207023,-0.2098209492703437,0.8583875615235144,1.4536415851907076,-0.6679289928054075,0.3381543218562779,-2.3886531144276835
33.0,230.0,999.9854125976562,-0.5829095912944267,0.5938460000806911,4.052968302634829,-1.1689292857165583,-0.2098203361913579,0.8583858282352903,1.453633626359112,-0.6679317933515616,0.3381569036183371,-2.388649908606848
33.0,230.0,999.9854125976562,-0.5829083286359023,0.5938429914468362,4.052969750829666,-1.1689276088161824,-0.209821789504347,0.8583877389542769,1.453635512111461,-0.6679292388258498,0.338161579608176,-2.3886467668245155
33.0,230.0,999.9854736328124,-0.582908315466339,0.5938364726323808,4.052966911526594,-1.1689218542862916,-0.2098219623189905,0.8583980305806707,1.4536316359405728,-0.6679333976108337,0.3381608434691507,-2.388647879782237
33.0,230.0,999.9854125976562,-0.5829087331506964,0.5938436902926645,4.052969387091823,-1.1689274507897056,-0.2098199292101972,0.8583898443253428,1.4536331330359609,-0.6679329909130951,0.3381574499636564,-2.388652233254627
33.0,230.0,999.9854125976562,-0.582907726887834,0.5938431441529355,4.052967908674907,-1.168925345477649,-0.2098221326248337,0.8583891147660596,1.4536340246089008,-0.667931358047336,0.3381620073938247,-2.3886463715820616
33.0,230.0,999.9854125976562,-0.5829076798980068,0.5938404117607945,4.05297051304596,-1.1689275600606424,-0.209821713372114,0.8583913031801487,1.453635672254431,-0.6679319112536026,0.3381615227801768,-2.3886457164473
33.0,230.0,999.9854125976562,-0.5829093460172396,0.5938416178402219,4.052967900981471,-1.16892803086867,-0.2098216172350495,0.8583898148066798,1.4536348322165606,-0.6679315195619742,0.3381570621749787,-2.388653151886704
33.0,230.0,999.9854125976562,-0.5829111423812021,0.5938417281242927,4.052967273692527,-1.168937990894396,-0.2098188783213892,0.8583862980719843,1.4536387175801018,-0.6679299581983047,0.3381527562499551,-2.3886556633371887
33.0,230.0,999.9854125976562,-0.5829098067737242,0.5938418869161852,4.052969926076772,-1.168932962879614,-0.2098200096625611,0.8583881816774657,1.4536382420763443,-0.6679309183147435,0.3381584980015013,-2.3886515618888686
33.0,230.0,999.9854125976562,-0.5829103778848639,0.5938422112375878,4.052969555587008,-1.1689317202119307,-0.2098178053476322,0.8583889493228556,1.4536322108663455,-0.6679313620737739,0.33815856587628,-2.388654943244448
33.0,230.0,999.9854125976562,-0.5829118325315878,0.59384640490447,4.052967050494216,-1.1689325379039062,-0.2098197125543865,0.858382201093356,1.4536331260337922,-0.6679299508821508,0.3381551993224949,-2.3886558237539064
33.0,230.0,999.9854125976562,-0.582910623671121,0.5938468418117644,4.052966727923948,-1.1689308335329516,-0.2098195639844329,0.8583868100677208,1.4536382508312071,-0.6679286617520228,0.3381589475138593,-2.3886497070908383
33.0,230.0,999.9854736328124,-0.5829131705692623,0.5938446931100403,4.052967470625422,-1.168936521862003,-0.2098168929607489,0.8583832583827427,1.453636761022448,-0.6679289803960016,0.3381547199746206,-2.388654511016397
33.0,230.0,999.9854125976562,-0.5829118836340133,0.5938498672774228,4.052970448674158,-1.168936906297866,-0.2098198975170184,0.8583785078401176,1.45364085488022,-0.6679286995677023,0.3381564304744353,-2.388653206682445
33.0,230.0,999.9854125976562,-0.5829087949499652,0.593845034287007,4.052970508118444,-1.168928547894443,-0.2098224476814145,0.8583875328920989,1.4536368905675996,-0.6679312072480235,0.3381572322704009,-2.38865210320905
33.0,230.0,999.9854125976562,-0.5829084092747854,0.5938428240466642,4.0529676298032165,-1.1689301752317238,-0.2098215715815623,0.8583872038411187,1.4536343144652184,-0.667930122129043,0.3381575164245607,-2.388652078505048
33.0,230.0,999.9854125976562,-0.5829095859804241,0.5938406331269919,4.052968176709722,-1.168931503145088,-0.2098209076946222,0.8583892540233515,1.4536378364109872,-0.6679300194485567,0.3381580775888668,-2.388651822241826
33.0,230.0,999.9854125976562,-0.5829091460442974,0.5938427161815163,4.052967983914659,-1.168932720350056,-0.2098206485035323,0.8583868792050344,1.4536381128011753,-0.6679303655655904,0.3381568038581397,-2.3886493022307667
33.0,230.0,999.9854125976562,-0.5829102950702261,0.5938428858825704,4.052967843380422,-1.1689345573594268,-0.2098205921430471,0.8583856818133491,1.453640637527366,-0.6679287680216106,0.338155448232774,-2.3886515656416583
33.0,230.0,999.9854736328124,-0.5829132984414827,0.5938489709740846,4.052970789807306,-1.1689431320605124,-0.2098171771984027,0.8583788437065039,1.4536445838197327,-0.6679304958069672,0.3381497692766686,-2.3886588798555053
33.0,230.0,999.9854125976562,-0.5829060123603016,0.593836560380093,4.052975365620428,-1.1689241200480105,-0.2098240630418342,0.8583930784502982,1.4536335827633824,-0.667932516673071,0.3381671997029043,-2.3886453038692568
33.0,230.0,999.9854125976562,-0.5829130777597538,0.5938459034936212,4.05296736459896,-1.1689350907835565,-0.2098175064283491,0.8583867499397568,1.4536367382243451,-0.6679312578242138,0.3381519127861487,-2.388658390783621
33.0,230.0,999.9854125976562,-0.5829096502875846,0.5938480877049717,4.052969470781729,-1.1689296632689905,-0.2098215599325366,0.858383474204917,1.453637234407954,-0.6679297083303197,0.3381598485675932,-2.388647974585024
33.0,230.0,999.9854736328124,-0.5829101283680114,0.5938423363521537,4.052960540582697,-1.1689345906917756,-0.2098177857015342,0.858389327678375,1.4536407086056204,-0.6679272886357959,0.3381500429679462,-2.388652960588268
33.0,230.0,999.9854125976562,-0.5829095379166924,0.5938397726318092,4.052970797904784,-1.1689298783720163,-0.2098216385974236,0.8583895757878643,1.4536353100896786,-0.6679303409240527,0.3381610256267029,-2.3886518878919483
33.0,230.0,999.9854125976562,-0.5829102996672404,0.5938429846851196,4.052965962505466,-1.168929693179205,-0.2098191325018907,0.8583894703774142,1.4536324541820091,-0.6679318446519016,0.3381524100688811,-2.388655679076128
33.0,230.0,999.9854125976562,-0.582909041073064,0.5938445933394902,4.052968789229926,-1.1689255048636489,-0.2098215543503538,0.8583868715352221,1.4536343138395118,-0.6679296269553987,0.3381631023521461,-2.3886459364569825
33.0,230.0,999.9854125976562,-0.5829079981854441,0.5938425890157886,4.052973456056153,-1.1689276399711497,-0.2098214250319978,0.858391003394015,1.4536369956328965,-0.6679333548877482,0.3381645668113116,-2.388645873925591
33.0,230.0,999.9854125976562,-0.5829084140763445,0.5938444865442216,4.05297108878584,-1.1689329074348676,-0.2098213018969499,0.8583852301539547,1.4536410024667887,-0.6679290052054352,0.3381607125347718,-2.388648647023889
33.0,230.0,999.9854125976562,-0.5829074859759968,0.5938408413543153,4.052968638928359,-1.168925908185832,-0.2098230076696214,0.8583912672834142,1.453634993209235,-0.6679324347880335,0.3381608337132249,-2.38864655182546
33.0,230.0,999.9854125976562,-0.5829115473700694,0.5938460139440576,4.052964850885889,-1.1689304439558108,-0.2098181028479713,0.8583879471064835,1.4536323913428353,-0.6679312727921927,0.3381554674145794,-2.388653491124757
33.0,230.0,999.9854125976562,-0.5829092241329645,0.5938400562597561,4.052970043100826,-1.1689299670784257,-0.2098208585628489,0.8583913745644365,1.4536382003045911,-0.6679327064800109,0.3381604247301695,-2.3886479785911208
33.0,231.0,999.9854125976562,-0.5829080301043197,0.5938441512901438,4.052970804960252,-1.1689270072208364,-0.2098229107810407,0.8583898767830913,1.4536378131821293,-0.667931716988269,0.3381640396235665,-2.388644091190637
33.0,231.0,999.9854125976562,-0.582910921723645,0.5938468438107751,4.052966354518876,-1.1689291290153667,-0.2098202126618344,0.8583835048482102,1.453632280737395,-0.6679292895314459,0.3381567170107979,-2.38865287793681
33.0,231.0,999.9854736328124,-0.5829062029904666,0.593836395699153,4.05297521198278,-1.1689233558286762,-0.2098249695370118,0.858397728953082,1.4536373324926135,-0.6679363998723336,0.3381654810396544,-2.388640778647529
33.0,231.0,999.9854736328124,-0.5829091291420498,0.5938388910109431,4.052967150645566,-1.1689261358208451,-0.2098195689170978,0.8583933887557249,1.4536333021051293,-0.6679328121856791,0.3381615336939569,-2.3886469840640108
33.0,231.0,999.9854125976562,-0.5829077021455049,0.5938421964434575,4.052971850597512,-1.1689311000567084,-0.2098226586127021,0.8583871230336735,1.45364161511141,-0.6679292513426649,0.3381610531502401,-2.388646284542853
33.0,231.0,999.9854125976562,-0.582909926206022,0.5938419474242105,4.052971420175801,-1.168932870690222,-0.2098210720918212,0.8583868850100913,1.453638483856321,-0.6679319996604036,0.3381580283910708,-2.388651744867325
33.0,231.0,999.9854736328124,-0.5829093102984935,0.5938401568646867,4.052971847942793,-1.1689321136429394,-0.2098221931961754,0.8583863450100884,1.4536405622367097,-0.6679298442439077,0.3381580547510046,-2.3886512453787203
33.0,231.0,999.9854736328124,-0.5829102107186133,0.5938450663850912,4.052964011930246,-1.1689338308235508,-0.2098190051254942,0.8583842931100971,1.4536381434228964,-0.6679286246445066,0.3381533882382284,-2.388653436662032
33.0,231.0,999.9854125976562,-0.5829092924358914,0.593841125737729,4.0529671244572505,-1.1689300210327196,-0.2098199465649806,0.8583923780187774,1.4536351596033086,-0.6679319210208412,0.3381551813859733,-2.3886527196902003
33.0,231.0,999.9854125976562,-0.5829096201509207,0.5938454267090378,4.05296790881671,-1.168928026857381,-0.2098199477678166,0.8583878847484936,1.4536299579781904,-0.6679311170747155,0.3381597506681357,-2.388650344920144
33.0,231.0,999.9854125976562,-0.5829115196642194,0.5938448183503571,4.05296804846466,-1.1689363929749534,-0.2098177083492975,0.8583836386790686,1.453637655776726,-0.6679287530701323,0.3381553541021622,-2.3886563076135663
33.0,231.0,999.9854125976562,-0.582908210720384,0.5938390242467362,4.052972765647283,-1.168931862945758,-0.2098214532051461,0.8583910098607266,1.4536384786628522,-0.667932401101357,0.3381581515151532,-2.388651526432724
33.0,231.0,999.9854736328124,-0.5829071982660743,0.5938449731229305,4.052969306157664,-1.168923804645459,-0.2098230645946781,0.85838952677181,1.4536342832907012,-0.6679330212206605,0.3381650500633002,-2.388643845778672
33.0,231.0,999.9854736328124,-0.5829095726843958,0.5938407385559428,4.052971954665734,-1.1689341525171448,-0.209820247370847,0.8583868209768948,1.4536418738817725,-0.6679298274476588,0.3381583928375686,-2.388650999240728
33.0,231.0,999.9854125976562,-0.5829100751635394,0.5938476280285112,4.0529673532464745,-1.1689307375966438,-0.2098200484741292,0.8583837688255445,1.453634020763812,-0.667930186750664,0.3381546992962994,-2.3886517699105085
33.0,231.0,999.9854125976562,-0.5829100681240824,0.5938456765182334,4.052969274383969,-1.1689332759884987,-0.2098209617938327,0.8583825058052259,1.4536375603755474,-0.6679303053496808,0.338157951095801,-2.3886492853262418
33.0,231.0,999.9854736328124,-0.5829137736605352,0.5938444058658412,4.052969872509909,-1.1689348985154933,-0.2098161165663512,0.858386272324454,1.4536341886582802,-0.6679319963189352,0.3381573117470147,-2.3886544254390083
33.0,231.0,999.9854125976562,-0.5829098110707651,0.5938424344959188,4.052967700342922,-1.1689340197207023,-0.2098209492703437,0.8583875615235144,1.4536415851907076,-0.6679289928054075,0.3381543218562779,-2.3886531144276835
33.0,231.0,999.9854125976562,-0.5829095912944267,0.5938460000806911,4.052968302634829,-1.1689292857165583,-0.2098203361913579,0.8583858282352903,1.453633626359112,-0.6679317933515616,0.3381569036183371,-2.388649908606848
33.0,231.0,999.9854125976562,-0.5829083286359023,0.5938429914468362,4.052969750829666,-1.1689276088161824,-0.209821789504347,0.8583877389542769,1.453635512111461,-0.6679292388258498,0.338161579608176,-2.3886467668245155
33.0,231.0,999.9854736328124,-0.582908315466339,0.5938364726323808,4.052966911526594,-1.1689218542862916,-0.2098219623189905,0.8583980305806707,1.4536316359405728,-0.6679333976108337,0.3381608434691507,-2.388647879782237
33.0,231.0,999.9854125976562,-0.5829087331506964,0.5938436902926645,4.052969387091823,-1.1689274507897056,-0.2098199292101972,0.8583898443253428,1.4536331330359609,-0.6679329909130951,0.3381574499636564,-2.388652233254627
33.0,231.0,999.9854125976562,-0.582907726887834,0.5938431441529355,4.052967908674907,-1.168925345477649,-0.2098221326248337,0.8583891147660596,1.4536340246089008,-0.667931358047336,0.3381620073938247,-2.3886463715820616
33.0,231.0,999.9854125976562,-0.5829076798980068,0.5938404117607945,4.05297051304596,-1.1689275600606424,-0.209821713372114,0.8583913031801487,1.453635672254431,-0.6679319112536026,0.3381615227801768,-2.3886457164473
33.0,231.0,999.9854125976562,-0.5829093460172396,0.5938416178402219,4.052967900981471,-1.16892803086867,-0.2098216172350495,0.8583898148066798,1.4536348322165606,-0.6679315195619742,0.3381570621749787,-2.388653151886704
33.0,231.0,999.9854125976562,-0.5829111423812021,0.5938417281242927,4.052967273692527,-1.168937990894396,-0.2098188783213892,0.8583862980719843,1.4536387175801018,-0.6679299581983047,0.3381527562499551,-2.3886556633371887
33.0,231.0,999.9854125976562,-0.5829098067737242,0.5938418869161852,4.052969926076772,-1.168932962879614,-0.2098200096625611,0.8583881816774657,1.4536382420763443,-0.6679309183147435,0.3381584980015013,-2.3886515618888686
33.0,231.0,999.9854125976562,-0.5829103778848639,0.5938422112375878,4.052969555587008,-1.1689317202119307,-0.2098178053476322,0.8583889493228556,1.4536322108663455,-0.6679313620737739,0.33815856587628,-2.388654943244448
33.0,231.0,999.9854125976562,-0.5829118325315878,0.59384640490447,4.052967050494216,-1.1689325379039062,-0.2098197125543865,0.858382201093356,1.4536331260337922,-0.6679299508821508,0.3381551993224949,-2.3886558237539064
33.0,231.0,999.9854125976562,-0.582910623671121,0.5938468418117644,4.052966727923948,-1.1689308335329516,-0.2098195639844329,0.8583868100677208,1.4536382508312071,-0.6679286617520228,0.3381589475138593,-2.3886497070908383
33.0,231.0,999.9854736328124,-0.5829131705692623,0.5938446931100403,4.052967470625422,-1.168936521862003,-0.2098168929607489,0.8583832583827427,1.453636761022448,-0.6679289803960016,0.3381547199746206,-2.388654511016397
33.0,231.0,999.9854125976562,-0.5829118836340133,0.5938498672774228,4.052970448674158,-1.168936906297866,-0.2098198975170184,0.8583785078401176,1.45364085488022,-0.6679286995677023,0.3381564304744353,-2.388653206682445
33.0,231.0,999.9854125976562,-0.5829087949499652,0.593845034287007,4.052970508118444,-1.168928547894443,-0.2098224476814145,0.8583875328920989,1.4536368905675996,-0.6679312072480235,0.3381572322704009,-2.38865210320905
33.0,231.0,999.9854125976562,-0.5829084092747854,0.5938428240466642,4.0529676298032165,-1.1689301752317238,-0.2098215715815623,0.8583872038411187,1.4536343144652184,-0.667930122129043,0.3381575164245607,-2.388652078505048
33.0,231.0,999.9854125976562,-0.5829095859804241,0.5938406331269919,4.052968176709722,-1.168931503145088,-0.2098209076946222,0.8583892540233515,1.4536378364109872,-0.6679300194485567,0.3381580775888668,-2.388651822241826
33.0,231.0,999.9854125976562,-0.5829091460442974,0.5938427161815163,4.052967983914659,-1.168932720350056,-0.2098206485035323,0.8583868792050344,1.4536381128011753,-0.6679303655655904,0.3381568038581397,-2.3886493022307667
33.0,231.0,999.9854125976562,-0.5829102950702261,0.5938428858825704,4.052967843380422,-1.1689345573594268,-0.2098205921430471,0.8583856818133491,1.453640637527366,-0.6679287680216106,0.338155448232774,-2.3886515656416583
33.0,231.0,999.9854736328124,-0.5829132984414827,0.5938489709740846,4.052970789807306,-1.1689431320605124,-0.2098171771984027,0.8583788437065039,1.4536445838197327,-0.6679304958069672,0.3381497692766686,-2.3886588798555053
33.0,231.0,999.9854125976562,-0.5829060123603016,0.593836560380093,4.052975365620428,-1.1689241200480105,-0.2098240630418342,0.8583930784502982,1.4536335827633824,-0.667932516673071,0.3381671997029043,-2.3886453038692568
33.0,231.0,999.9854125976562,-0.5829130777597538,0.5938459034936212,4.05296736459896,-1.1689350907835565,-0.2098175064283491,0.8583867499397568,1.4536367382243451,-0.6679312578242138,0.3381519127861487,-2.388658390783621
33.0,231.0,999.9854125976562,-0.5829096502875846,0.5938480877049717,4.052969470781729,-1.1689296632689905,-0.2098215599325366,0.858383474204917,1.453637234407954,-0.6679297083303197,0.3381598485675932,-2.388647974585024
33.0,231.0,999.9854736328124,-0.5829101283680114,0.5938423363521537,4.052960540582697,-1.1689345906917756,-0.2098177857015342,0.858389327678375,1.4536407086056204,-0.6679272886357959,0.3381500429679462,-2.388652960588268
33.0,231.0,999.9854125976562,-0.5829095379166924,0.5938397726318092,4.052970797904784,-1.1689298783720163,-0.2098216385974236,0.8583895757878643,1.4536353100896786,-0.6679303409240527,0.3381610256267029,-2.3886518878919483
33.0,231.0,999.9854125976562,-0.5829102996672404,0.5938429846851196,4.052965962505466,-1.168929693179205,-0.2098191325018907,0.8583894703774142,1.4536324541820091,-0.6679318446519016,0.3381524100688811,-2.388655679076128
33.0,231.0,999.9854125976562,-0.582909041073064,0.5938445933394902,4.052968789229926,-1.1689255048636489,-0.2098215543503538,0.8583868715352221,1.4536343138395118,-0.6679296269553987,0.3381631023521461,-2.3886459364569825
33.0,231.0,999.9854125976562,-0.5829079981854441,0.5938425890157886,4.052973456056153,-1.1689276399711497,-0.2098214250319978,0.858391003394015,1.4536369956328965,-0.6679333548877482,0.3381645668113116,-2.388645873925591
33.0,231.0,999.9854125976562,-0.5829084140763445,0.5938444865442216,4.05297108878584,-1.1689329074348676,-0.2098213018969499,0.8583852301539547,1.4536410024667887,-0.6679290052054352,0.3381607125347718,-2.388648647023889
33.0,231.0,999.9854125976562,-0.5829074859759968,0.5938408413543153,4.052968638928359,-1.168925908185832,-0.2098230076696214,0.8583912672834142,1.453634993209235,-0.6679324347880335,0.3381608337132249,-2.38864655182546
33.0,231.0,999.9854125976562,-0.5829115473700694,0.5938460139440576,4.052964850885889,-1.1689304439558108,-0.2098181028479713,0.8583879471064835,1.4536323913428353,-0.6679312727921927,0.3381554674145794,-2.388653491124757
33.0,231.0,999.9854125976562,-0.5829092241329645,0.5938400562597561,4.052970043100826,-1.1689299670784257,-0.2098208585628489,0.8583913745644365,1.4536382003045911,-0.6679327064800109,0.3381604247301695,-2.3886479785911208
33.0,232.0,999.9854125976562,-0.5829080301043197,0.5938441512901438,4.052970804960252,-1.1689270072208364,-0.2098229107810407,0.8583898767830913,1.4536378131821293,-0.667931716988269,0.3381640396235665,-2.388644091190637
33.0,232.0,999.9854125976562,-0.582910921723645,0.5938468438107751,4.052966354518876,-1.1689291290153667,-0.2098202126618344,0.8583835048482102,1.453632280737395,-0.6679292895314459,0.3381567170107979,-2.38865287793681
33.0,232.0,999.9854736328124,-0.5829062029904666,0.593836395699153,4.05297521198278,-1.1689233558286762,-0.2098249695370118,0.858397728953082,1.4536373324926135,-0.6679363998723336,0.3381654810396544,-2.388640778647529
33.0,232.0,999.9854736328124,-0.5829091291420498,0.5938388910109431,4.052967150645566,-1.1689261358208451,-0.2098195689170978,0.8583933887557249,1.4536333021051293,-0.6679328121856791,0.3381615336939569,-2.3886469840640108
33.0,232.0,999.9854125976562,-0.5829077021455049,0.5938421964434575,4.052971850597512,-1.1689311000567084,-0.2098226586127021,0.8583871230336735,1.45364161511141,-0.6679292513426649,0.3381610531502401,-2.388646284542853
33.0,232.0,999.9854125976562,-0.582909926206022,0.5938419474242105,4.052971420175801,-1.168932870690222,-0.2098210720918212,0.8583868850100913,1.453638483856321,-0.6679319996604036,0.3381580283910708,-2.388651744867325
33.0,232.0,999.9854736328124,-0.5829093102984935,0.5938401568646867,4.052971847942793,-1.1689321136429394,-0.2098221931961754,0.8583863450100884,1.4536405622367097,-0.6679298442439077,0.3381580547510046,-2.3886512453787203
33.0,232.0,999.9854736328124,-0.5829102107186133,0.5938450663850912,4.052964011930246,-1.1689338308235508,-0.2098190051254942,0.8583842931100971,1.4536381434228964,-0.6679286246445066,0.3381533882382284,-2.388653436662032
33.0,232.0,999.9854125976562,-0.5829092924358914,0.593841125737729,4.0529671244572505,-1.1689300210327196,-0.2098199465649806,0.8583923780187774,1.4536351596033086,-0.6679319210208412,0.3381551813859733,-2.3886527196902003
33.0,232.0,999.9854125976562,-0.5829096201509207,0.5938454267090378,4.05296790881671,-1.168928026857381,-0.2098199477678166,0.8583878847484936,1.4536299579781904,-0.6679311170747155,0.3381597506681357,-2.388650344920144
33.0,232.0,999.9854125976562,-0.5829115196642194,0.5938448183503571,4.05296804846466,-1.1689363929749534,-0.2098177083492975,0.8583836386790686,1.453637655776726,-0.6679287530701323,0.3381553541021622,-2.3886563076135663
33.0,232.0,999.9854125976562,-0.582908210720384,0.5938390242467362,4.052972765647283,-1.168931862945758,-0.2098214532051461,0.8583910098607266,1.4536384786628522,-0.667932401101357,0.3381581515151532,-2.388651526432724
33.0,232.0,999.9854736328124,-0.5829071982660743,0.5938449731229305,4.052969306157664,-1.168923804645459,-0.2098230645946781,0.85838952677181,1.4536342832907012,-0.6679330212206605,0.3381650500633002,-2.388643845778672
33.0,232.0,999.9854736328124,-0.5829095726843958,0.5938407385559428,4.052971954665734,-1.1689341525171448,-0.209820247370847,0.8583868209768948,1.4536418738817725,-0.6679298274476588,0.3381583928375686,-2.388650999240728
33.0,232.0,999.9854125976562,-0.5829100751635394,0.5938476280285112,4.0529673532464745,-1.1689307375966438,-0.2098200484741292,0.8583837688255445,1.453634020763812,-0.667930186750664,0.3381546992962994,-2.3886517699105085
33.0,232.0,999.9854125976562,-0.5829100681240824,0.5938456765182334,4.052969274383969,-1.1689332759884987,-0.2098209617938327,0.8583825058052259,1.4536375603755474,-0.6679303053496808,0.338157951095801,-2.3886492853262418
33.0,232.0,999.9854736328124,-0.5829137736605352,0.5938444058658412,4.052969872509909,-1.1689348985154933,-0.2098161165663512,0.858386272324454,1.4536341886582802,-0.6679319963189352,0.3381573117470147,-2.3886544254390083
33.0,232.0,999.9854125976562,-0.5829098110707651,0.5938424344959188,4.052967700342922,-1.1689340197207023,-0.2098209492703437,0.8583875615235144,1.4536415851907076,-0.6679289928054075,0.3381543218562779,-2.3886531144276835
33.0,232.0,999.9854125976562,-0.5829095912944267,0.5938460000806911,4.052968302634829,-1.1689292857165583,-0.2098203361913579,0.8583858282352903,1.453633626359112,-0.6679317933515616,0.3381569036183371,-2.388649908606848
33.0,232.0,999.9854125976562,-0.5829083286359023,0.5938429914468362,4.052969750829666,-1.1689276088161824,-0.209821789504347,0.8583877389542769,1.453635512111461,-0.6679292388258498,0.338161579608176,-2.3886467668245155
33.0,232.0,999.9854736328124,-0.582908315466339,0.5938364726323808,4.052966911526594,-1.1689218542862916,-0.2098219623189905,0.8583980305806707,1.4536316359405728,-0.6679333976108337,0.3381608434691507,-2.388647879782237
33.0,232.0,999.9854125976562,-0.5829087331506964,0.5938436902926645,4.052969387091823,-1.1689274507897056,-0.2098199292101972,0.8583898443253428,1.4536331330359609,-0.6679329909130951,0.3381574499636564,-2.388652233254627
33.0,232.0,999.9854125976562,-0.582907726887834,0.5938431441529355,4.052967908674907,-1.168925345477649,-0.2098221326248337,0.8583891147660596,1.4536340246089008,-0.667931358047336,0.3381620073938247,-2.3886463715820616
33.0,232.0,999.9854125976562,-0.5829076798980068,0.5938404117607945,4.05297051304596,-1.1689275600606424,-0.209821713372114,0.8583913031801487,1.453635672254431,-0.6679319112536026,0.3381615227801768,-2.3886457164473
33.0,232.0,999.9854125976562,-0.5829093460172396,0.5938416178402219,4.052967900981471,-1.16892803086867,-0.2098216172350495,0.8583898148066798,1.4536348322165606,-0.6679315195619742,0.3381570621749787,-2.388653151886704
33.0,232.0,999.9854125976562,-0.5829111423812021,0.5938417281242927,4.052967273692527,-1.168937990894396,-0.2098188783213892,0.8583862980719843,1.4536387175801018,-0.6679299581983047,0.3381527562499551,-2.3886556633371887
33.0,232.0,999.9854125976562,-0.5829098067737242,0.5938418869161852,4.052969926076772,-1.168932962879614,-0.2098200096625611,0.8583881816774657,1.4536382420763443,-0.6679309183147435,0.3381584980015013,-2.3886515618888686
33.0,232.0,999.9854125976562,-0.5829103778848639,0.5938422112375878,4.052969555587008,-1.1689317202119307,-0.2098178053476322,0.8583889493228556,1.4536322108663455,-0.6679313620737739,0.33815856587628,-2.388654943244448
33.0,232.0,999.9854125976562,-0.5829118325315878,0.59384640490447,4.052967050494216,-1.1689325379039062,-0.2098197125543865,0.858382201093356,1.4536331260337922,-0.6679299508821508,0.3381551993224949,-2.3886558237539064
33.0,232.0,999.9854125976562,-0.582910623671121,0.5938468418117644,4.052966727923948,-1.1689308335329516,-0.2098195639844329,0.8583868100677208,1.4536382508312071,-0.6679286617520228,0.3381589475138593,-2.3886497070908383
33.0,232.0,999.9854736328124,-0.5829131705692623,0.5938446931100403,4.052967470625422,-1.168936521862003,-0.2098168929607489,0.8583832583827427,1.453636761022448,-0.6679289803960016,0.3381547199746206,-2.388654511016397
33.0,232.0,999.9854125976562,-0.5829118836340133,0.5938498672774228,4.052970448674158,-1.168936906297866,-0.2098198975170184,0.8583785078401176,1.45364085488022,-0.6679286995677023,0.3381564304744353,-2.388653206682445
33.0,232.0,999.9854125976562,-0.5829087949499652,0.593845034287007,4.052970508118444,-1.168928547894443,-0.2098224476814145,0.8583875328920989,1.4536368905675996,-0.6679312072480235,0.3381572322704009,-2.38865210320905
33.0,232.0,999.9854125976562,-0.5829084092747854,0.5938428240466642,4.0529676298032165,-1.1689301752317238,-0.2098215715815623,0.8583872038411187,1.4536343144652184,-0.667930122129043,0.3381575164245607,-2.388652078505048
33.0,232.0,999.9854125976562,-0.5829095859804241,0.5938406331269919,4.052968176709722,-1.168931503145088,-0.2098209076946222,0.8583892540233515,1.4536378364109872,-0.6679300194485567,0.3381580775888668,-2.388651822241826
33.0,232.0,999.9854125976562,-0.5829091460442974,0.5938427161815163,4.052967983914659,-1.168932720350056,-0.2098206485035323,0.8583868792050344,1.4536381128011753,-0.6679303655655904,0.3381568038581397,-2.3886493022307667
33.0,232.0,999.9854125976562,-0.5829102950702261,0.5938428858825704,4.052967843380422,-1.1689345573594268,-0.2098205921430471,0.8583856818133491,1.453640637527366,-0.6679287680216106,0.338155448232774,-2.3886515656416583
33.0,232.0,999.9854736328124,-0.5829132984414827,0.5938489709740846,4.052970789807306,-1.1689431320605124,-0.2098171771984027,0.8583788437065039,1.4536445838197327,-0.6679304958069672,0.3381497692766686,-2.3886588798555053
33.0,232.0,999.9854125976562,-0.5829060123603016,0.593836560380093,4.052975365620428,-1.1689241200480105,-0.2098240630418342,0.8583930784502982,1.4536335827633824,-0.667932516673071,0.3381671997029043,-2.3886453038692568
33.0,232.0,999.9854125976562,-0.5829130777597538,0.5938459034936212,4.05296736459896,-1.1689350907835565,-0.2098175064283491,0.8583867499397568,1.4536367382243451,-0.6679312578242138,0.3381519127861487,-2.388658390783621
33.0,232.0,999.9854125976562,-0.5829096502875846,0.5938480877049717,4.052969470781729,-1.1689296632689905,-0.2098215599325366,0.858383474204917,1.453637234407954,-0.6679297083303197,0.3381598485675932,-2.388647974585024
33.0,232.0,999.9854736328124,-0.5829101283680114,0.5938423363521537,4.052960540582697,-1.1689345906917756,-0.2098177857015342,0.858389327678375,1.4536407086056204,-0.6679272886357959,0.3381500429679462,-2.388652960588268
33.0,232.0,999.9854125976562,-0.5829095379166924,0.5938397726318092,4.052970797904784,-1.1689298783720163,-0.2098216385974236,0.8583895757878643,1.4536353100896786,-0.6679303409240527,0.3381610256267029,-2.3886518878919483
33.0,232.0,999.9854125976562,-0.5829102996672404,0.5938429846851196,4.052965962505466,-1.168929693179205,-0.2098191325018907,0.8583894703774142,1.4536324541820091,-0.6679318446519016,0.3381524100688811,-2.388655679076128
33.0,232.0,999.9854125976562,-0.582909041073064,0.5938445933394902,4.052968789229926,-1.1689255048636489,-0.2098215543503538,0.8583868715352221,1.4536343138395118,-0.6679296269553987,0.3381631023521461,-2.3886459364569825
33.0,232.0,999.9854125976562,-0.5829079981854441,0.5938425890157886,4.052973456056153,-1.1689276399711497,-0.2098214250319978,0.858391003394015,1.4536369956328965,-0.6679333548877482,0.3381645668113116,-2.388645873925591
33.0,232.0,999.9854125976562,-0.5829084140763445,0.5938444865442216,4.05297108878584,-1.1689329074348676,-0.2098213018969499,0.8583852301539547,1.4536410024667887,-0.6679290052054352,0.3381607125347718,-2.388648647023889
33.0,232.0,999.9854125976562,-0.5829074859759968,0.5938408413543153,4.052968638928359,-1.168925908185832,-0.2098230076696214,0.8583912672834142,1.453634993209235,-0.6679324347880335,0.3381608337132249,-2.38864655182546
33.0,232.0,999.9854125976562,-0.5829115473700694,0.5938460139440576,4.052964850885889,-1.1689304439558108,-0.2098181028479713,0.8583879471064835,1.4536323913428353,-0.6679312727921927,0.3381554674145794,-2.388653491124757
33.0,232.0,999.9854125976562,-0.5829092241329645,0.5938400562597561,4.052970043100826,-1.1689299670784257,-0.2098208585628489,0.8583913745644365,1.4536382003045911,-0.6679327064800109,0.3381604247301695,-2.3886479785911208
33.0,233.0,999.9854125976562,-0.5829080301043197,0.5938441512901438,4.052970804960252,-1.1689270072208364,-0.2098229107810407,0.8583898767830913,1.4536378131821293,-0.667931716988269,0.3381640396235665,-2.388644091190637
33.0,233.0,999.9854125976562,-0.582910921723645,0.5938468438107751,4.052966354518876,-1.1689291290153667,-0.2098202126618344,0.8583835048482102,1.453632280737395,-0.6679292895314459,0.3381567170107979,-2.38865287793681
33.0,233.0,999.9854736328124,-0.5829062029904666,0.593836395699153,4.05297521198278,-1.1689233558286762,-0.2098249695370118,0.858397728953082,1.4536373324926135,-0.6679363998723336,0.3381654810396544,-2.388640778647529
33.0,233.0,999.9854736328124,-0.5829091291420498,0.5938388910109431,4.052967150645566,-1.1689261358208451,-0.2098195689170978,0.8583933887557249,1.4536333021051293,-0.6679328121856791,0.3381615336939569,-2.3886469840640108
33.0,233.0,999.9854125976562,-0.5829077021455049,0.5938421964434575,4.052971850597512,-1.1689311000567084,-0.2098226586127021,0.8583871230336735,1.45364161511141,-0.6679292513426649,0.3381610531502401,-2.388646284542853
33.0,233.0,999.9854125976562,-0.582909926206022,0.5938419474242105,4.052971420175801,-1.168932870690222,-0.2098210720918212,0.8583868850100913,1.453638483856321,-0.6679319996604036,0.3381580283910708,-2.388651744867325
33.0,233.0,999.9854736328124,-0.5829093102984935,0.5938401568646867,4.052971847942793,-1.1689321136429394,-0.2098221931961754,0.8583863450100884,1.4536405622367097,-0.6679298442439077,0.3381580547510046,-2.3886512453787203
33.0,233.0,999.9854736328124,-0.5829102107186133,0.5938450663850912,4.052964011930246,-1.1689338308235508,-0.2098190051254942,0.8583842931100971,1.4536381434228964,-0.6679286246445066,0.3381533882382284,-2.388653436662032
33.0,233.0,999.9854125976562,-0.5829092924358914,0.593841125737729,4.0529671244572505,-1.1689300210327196,-0.2098199465649806,0.8583923780187774,1.4536351596033086,-0.6679319210208412,0.3381551813859733,-2.3886527196902003
33.0,233.0,999.9854125976562,-0.5829096201509207,0.5938454267090378,4.05296790881671,-1.168928026857381,-0.2098199477678166,0.8583878847484936,1.4536299579781904,-0.6679311170747155,0.3381597506681357,-2.388650344920144
33.0,233.0,999.9854125976562,-0.5829115196642194,0.5938448183503571,4.05296804846466,-1.1689363929749534,-0.2098177083492975,0.8583836386790686,1.453637655776726,-0.6679287530701323,0.3381553541021622,-2.3886563076135663
33.0,233.0,999.9854125976562,-0.582908210720384,0.5938390242467362,4.052972765647283,-1.168931862945758,-0.2098214532051461,0.8583910098607266,1.4536384786628522,-0.667932401101357,0.3381581515151532,-2.388651526432724
33.0,233.0,999.9854736328124,-0.5829071982660743,0.5938449731229305,4.052969306157664,-1.168923804645459,-0.2098230645946781,0.85838952677181,1.4536342832907012,-0.6679330212206605,0.3381650500633002,-2.388643845778672
33.0,233.0,999.9854736328124,-0.5829095726843958,0.5938407385559428,4.052971954665734,-1.1689341525171448,-0.209820247370847,0.8583868209768948,1.4536418738817725,-0.6679298274476588,0.3381583928375686,-2.388650999240728
33.0,233.0,999.9854125976562,-0.5829100751635394,0.5938476280285112,4.0529673532464745,-1.1689307375966438,-0.2098200484741292,0.8583837688255445,1.453634020763812,-0.667930186750664,0.3381546992962994,-2.3886517699105085
33.0,233.0,999.9854125976562,-0.5829100681240824,0.5938456765182334,4.052969274383969,-1.1689332759884987,-0.2098209617938327,0.8583825058052259,1.4536375603755474,-0.6679303053496808,0.338157951095801,-2.3886492853262418
33.0,233.0,999.9854736328124,-0.5829137736605352,0.5938444058658412,4.052969872509909,-1.1689348985154933,-0.2098161165663512,0.858386272324454,1.4536341886582802,-0.6679319963189352,0.3381573117470147,-2.3886544254390083
33.0,233.0,999.9854125976562,-0.5829098110707651,0.5938424344959188,4.052967700342922,-1.1689340197207023,-0.2098209492703437,0.8583875615235144,1.4536415851907076,-0.6679289928054075,0.3381543218562779,-2.3886531144276835
33.0,233.0,999.9854125976562,-0.5829095912944267,0.5938460000806911,4.052968302634829,-1.1689292857165583,-0.2098203361913579,0.8583858282352903,1.453633626359112,-0.6679317933515616,0.3381569036183371,-2.388649908606848
33.0,233.0,999.9854125976562,-0.5829083286359023,0.5938429914468362,4.052969750829666,-1.1689276088161824,-0.209821789504347,0.8583877389542769,1.453635512111461,-0.6679292388258498,0.338161579608176,-2.3886467668245155
33.0,233.0,999.9854736328124,-0.582908315466339,0.5938364726323808,4.052966911526594,-1.1689218542862916,-0.2098219623189905,0.8583980305806707,1.4536316359405728,-0.6679333976108337,0.3381608434691507,-2.388647879782237
33.0,233.0,999.9854125976562,-0.5829087331506964,0.5938436902926645,4.052969387091823,-1.1689274507897056,-0.2098199292101972,0.8583898443253428,1.4536331330359609,-0.6679329909130951,0.3381574499636564,-2.388652233254627
33.0,233.0,999.9854125976562,-0.582907726887834,0.5938431441529355,4.052967908674907,-1.168925345477649,-0.2098221326248337,0.8583891147660596,1.4536340246089008,-0.667931358047336,0.3381620073938247,-2.3886463715820616
33.0,233.0,999.9854125976562,-0.5829076798980068,0.5938404117607945,4.05297051304596,-1.1689275600606424,-0.209821713372114,0.8583913031801487,1.453635672254431,-0.6679319112536026,0.3381615227801768,-2.3886457164473
33.0,233.0,999.9854125976562,-0.5829093460172396,0.5938416178402219,4.052967900981471,-1.16892803086867,-0.2098216172350495,0.8583898148066798,1.4536348322165606,-0.6679315195619742,0.3381570621749787,-2.388653151886704
33.0,233.0,999.9854125976562,-0.5829111423812021,0.5938417281242927,4.052967273692527,-1.168937990894396,-0.2098188783213892,0.8583862980719843,1.4536387175801018,-0.6679299581983047,0.3381527562499551,-2.3886556633371887
33.0,233.0,999.9854125976562,-0.5829098067737242,0.5938418869161852,4.052969926076772,-1.168932962879614,-0.2098200096625611,0.8583881816774657,1.4536382420763443,-0.6679309183147435,0.3381584980015013,-2.3886515618888686
33.0,233.0,999.9854125976562,-0.5829103778848639,0.5938422112375878,4.052969555587008,-1.1689317202119307,-0.2098178053476322,0.8583889493228556,1.4536322108663455,-0.6679313620737739,0.33815856587628,-2.388654943244448
33.0,233.0,999.9854125976562,-0.5829118325315878,0.59384640490447,4.052967050494216,-1.1689325379039062,-0.2098197125543865,0.858382201093356,1.4536331260337922,-0.6679299508821508,0.3381551993224949,-2.3886558237539064
33.0,233.0,999.9854125976562,-0.582910623671121,0.5938468418117644,4.052966727923948,-1.1689308335329516,-0.2098195639844329,0.8583868100677208,1.4536382508312071,-0.6679286617520228,0.3381589475138593,-2.3886497070908383
33.0,233.0,999.9854736328124,-0.5829131705692623,0.5938446931100403,4.052967470625422,-1.168936521862003,-0.2098168929607489,0.8583832583827427,1.453636761022448,-0.6679289803960016,0.3381547199746206,-2.388654511016397
33.0,233.0,999.9854125976562,-0.5829118836340133,0.5938498672774228,4.052970448674158,-1.168936906297866,-0.2098198975170184,0.8583785078401176,1.45364085488022,-0.6679286995677023,0.3381564304744353,-2.388653206682445
33.0,233.0,999.9854125976562,-0.5829087949499652,0.593845034287007,4.052970508118444,-1.168928547894443,-0.2098224476814145,0.8583875328920989,1.4536368905675996,-0.6679312072480235,0.3381572322704009,-2.38865210320905
33.0,233.0,999.9854125976562,-0.5829084092747854,0.5938428240466642,4.0529676298032165,-1.1689301752317238,-0.2098215715815623,0.8583872038411187,1.4536343144652184,-0.667930122129043,0.3381575164245607,-2.388652078505048
33.0,233.0,999.9854125976562,-0.5829095859804241,0.5938406331269919,4.052968176709722,-1.168931503145088,-0.2098209076946222,0.8583892540233515,1.4536378364109872,-0.6679300194485567,0.3381580775888668,-2.388651822241826
33.0,233.0,999.9854125976562,-0.5829091460442974,0.5938427161815163,4.052967983914659,-1.168932720350056,-0.2098206485035323,0.8583868792050344,1.4536381128011753,-0.6679303655655904,0.3381568038581397,-2.3886493022307667
33.0,233.0,999.9854125976562,-0.5829102950702261,0.5938428858825704,4.052967843380422,-1.1689345573594268,-0.2098205921430471,0.8583856818133491,1.453640637527366,-0.6679287680216106,0.338155448232774,-2.3886515656416583
33.0,233.0,999.9854736328124,-0.5829132984414827,0.5938489709740846,4.052970789807306,-1.1689431320605124,-0.2098171771984027,0.8583788437065039,1.4536445838197327,-0.6679304958069672,0.3381497692766686,-2.3886588798555053
33.0,233.0,999.9854125976562,-0.5829060123603016,0.593836560380093,4.052975365620428,-1.1689241200480105,-0.2098240630418342,0.8583930784502982,1.4536335827633824,-0.667932516673071,0.3381671997029043,-2.3886453038692568
33.0,233.0,999.9854125976562,-0.5829130777597538,0.5938459034936212,4.05296736459896,-1.1689350907835565,-0.2098175064283491,0.8583867499397568,1.4536367382243451,-0.6679312578242138,0.3381519127861487,-2.388658390783621
33.0,233.0,999.9854125976562,-0.5829096502875846,0.5938480877049717,4.052969470781729,-1.1689296632689905,-0.2098215599325366,0.858383474204917,1.453637234407954,-0.6679297083303197,0.3381598485675932,-2.388647974585024
33.0,233.0,999.9854736328124,-0.5829101283680114,0.5938423363521537,4.052960540582697,-1.1689345906917756,-0.2098177857015342,0.858389327678375,1.4536407086056204,-0.6679272886357959,0.3381500429679462,-2.388652960588268
33.0,233.0,999.9854125976562,-0.5829095379166924,0.5938397726318092,4.052970797904784,-1.1689298783720163,-0.2098216385974236,0.8583895757878643,1.4536353100896786,-0.6679303409240527,0.3381610256267029,-2.3886518878919483
33.0,233.0,999.9854125976562,-0.5829102996672404,0.5938429846851196,4.052965962505466,-1.168929693179205,-0.2098191325018907,0.8583894703774142,1.4536324541820091,-0.6679318446519016,0.3381524100688811,-2.388655679076128
33.0,233.0,999.9854125976562,-0.582909041073064,0.5938445933394902,4.052968789229926,-1.1689255048636489,-0.2098215543503538,0.8583868715352221,1.4536343138395118,-0.6679296269553987,0.3381631023521461,-2.3886459364569825
33.0,233.0,999.9854125976562,-0.5829079981854441,0.5938425890157886,4.052973456056153,-1.1689276399711497,-0.2098214250319978,0.858391003394015,1.4536369956328965,-0.6679333548877482,0.3381645668113116,-2.388645873925591
33.0,233.0,999.9854125976562,-0.5829084140763445,0.5938444865442216,4.05297108878584,-1.1689329074348676,-0.2098213018969499,0.8583852301539547,1.4536410024667887,-0.6679290052054352,0.3381607125347718,-2.388648647023889
33.0,233.0,999.9854125976562,-0.5829074859759968,0.5938408413543153,4.052968638928359,-1.168925908185832,-0.2098230076696214,0.8583912672834142,1.453634993209235,-0.6679324347880335,0.3381608337132249,-2.38864655182546
33.0,233.0,999.9854125976562,-0.5829115473700694,0.5938460139440576,4.052964850885889,-1.1689304439558108,-0.2098181028479713,0.8583879471064835,1.4536323913428353,-0.6679312727921927,0.3381554674145794,-2.388653491124757
33.0,233.0,999.9854125976562,-0.5829092241329645,0.5938400562597561,4.052970043100826,-1.1689299670784257,-0.2098208585628489,0.8583913745644365,1.4536382003045911,-0.6679327064800109,0.3381604247301695,-2.3886479785911208
33.0,234.0,999.9854125976562,-0.5829080301043197,0.5938441512901438,4.052970804960252,-1.1689270072208364,-0.2098229107810407,0.8583898767830913,1.4536378131821293,-0.667931716988269,0.3381640396235665,-2.388644091190637
33.0,234.0,999.9854125976562,-0.582910921723645,0.5938468438107751,4.052966354518876,-1.1689291290153667,-0.2098202126618344,0.8583835048482102,1.453632280737395,-0.6679292895314459,0.3381567170107979,-2.38865287793681
33.0,234.0,999.9854736328124,-0.5829062029904666,0.593836395699153,4.05297521198278,-1.1689233558286762,-0.2098249695370118,0.858397728953082,1.4536373324926135,-0.6679363998723336,0.3381654810396544,-2.388640778647529
33.0,234.0,999.9854736328124,-0.5829091291420498,0.5938388910109431,4.052967150645566,-1.1689261358208451,-0.2098195689170978,0.8583933887557249,1.4536333021051293,-0.6679328121856791,0.3381615336939569,-2.3886469840640108
33.0,234.0,999.9854125976562,-0.5829077021455049,0.5938421964434575,4.052971850597512,-1.1689311000567084,-0.2098226586127021,0.8583871230336735,1.45364161511141,-0.6679292513426649,0.3381610531502401,-2.388646284542853
33.0,234.0,999.9854125976562,-0.582909926206022,0.5938419474242105,4.052971420175801,-1.168932870690222,-0.2098210720918212,0.8583868850100913,1.453638483856321,-0.6679319996604036,0.3381580283910708,-2.388651744867325
33.0,234.0,999.9854736328124,-0.5829093102984935,0.5938401568646867,4.052971847942793,-1.1689321136429394,-0.2098221931961754,0.8583863450100884,1.4536405622367097,-0.6679298442439077,0.3381580547510046,-2.3886512453787203
33.0,234.0,999.9854736328124,-0.5829102107186133,0.5938450663850912,4.052964011930246,-1.1689338308235508,-0.2098190051254942,0.8583842931100971,1.4536381434228964,-0.6679286246445066,0.3381533882382284,-2.388653436662032
33.0,234.0,999.9854125976562,-0.5829092924358914,0.593841125737729,4.0529671244572505,-1.1689300210327196,-0.2098199465649806,0.8583923780187774,1.4536351596033086,-0.6679319210208412,0.3381551813859733,-2.3886527196902003
33.0,234.0,999.9854125976562,-0.5829096201509207,0.5938454267090378,4.05296790881671,-1.168928026857381,-0.2098199477678166,0.8583878847484936,1.4536299579781904,-0.6679311170747155,0.3381597506681357,-2.388650344920144
33.0,234.0,999.9854125976562,-0.5829115196642194,0.5938448183503571,4.05296804846466,-1.1689363929749534,-0.2098177083492975,0.8583836386790686,1.453637655776726,-0.6679287530701323,0.3381553541021622,-2.3886563076135663
33.0,234.0,999.9854125976562,-0.582908210720384,0.5938390242467362,4.052972765647283,-1.168931862945758,-0.2098214532051461,0.8583910098607266,1.4536384786628522,-0.667932401101357,0.3381581515151532,-2.388651526432724
33.0,234.0,999.9854736328124,-0.5829071982660743,0.5938449731229305,4.052969306157664,-1.168923804645459,-0.2098230645946781,0.85838952677181,1.4536342832907012,-0.6679330212206605,0.3381650500633002,-2.388643845778672
33.0,234.0,999.9854736328124,-0.5829095726843958,0.5938407385559428,4.052971954665734,-1.1689341525171448,-0.209820247370847,0.8583868209768948,1.4536418738817725,-0.6679298274476588,0.3381583928375686,-2.388650999240728
33.0,234.0,999.9854125976562,-0.5829100751635394,0.5938476280285112,4.0529673532464745,-1.1689307375966438,-0.2098200484741292,0.8583837688255445,1.453634020763812,-0.667930186750664,0.3381546992962994,-2.3886517699105085
33.0,234.0,999.9854125976562,-0.5829100681240824,0.5938456765182334,4.052969274383969,-1.1689332759884987,-0.2098209617938327,0.8583825058052259,1.4536375603755474,-0.6679303053496808,0.338157951095801,-2.3886492853262418
33.0,234.0,999.9854736328124,-0.5829137736605352,0.5938444058658412,4.052969872509909,-1.1689348985154933,-0.2098161165663512,0.858386272324454,1.4536341886582802,-0.6679319963189352,0.3381573117470147,-2.3886544254390083
33.0,234.0,999.9854125976562,-0.5829098110707651,0.5938424344959188,4.052967700342922,-1.1689340197207023,-0.2098209492703437,0.8583875615235144,1.4536415851907076,-0.6679289928054075,0.3381543218562779,-2.3886531144276835
33.0,234.0,999.9854125976562,-0.5829095912944267,0.5938460000806911,4.052968302634829,-1.1689292857165583,-0.2098203361913579,0.8583858282352903,1.453633626359112,-0.6679317933515616,0.3381569036183371,-2.388649908606848
33.0,234.0,999.9854125976562,-0.5829083286359023,0.5938429914468362,4.052969750829666,-1.1689276088161824,-0.209821789504347,0.8583877389542769,1.453635512111461,-0.6679292388258498,0.338161579608176,-2.3886467668245155
33.0,234.0,999.9854736328124,-0.582908315466339,0.5938364726323808,4.052966911526594,-1.1689218542862916,-0.2098219623189905,0.8583980305806707,1.4536316359405728,-0.6679333976108337,0.3381608434691507,-2.388647879782237
33.0,234.0,999.9854125976562,-0.5829087331506964,0.5938436902926645,4.052969387091823,-1.1689274507897056,-0.2098199292101972,0.8583898443253428,1.4536331330359609,-0.6679329909130951,0.3381574499636564,-2.388652233254627
33.0,234.0,999.9854125976562,-0.582907726887834,0.5938431441529355,4.052967908674907,-1.168925345477649,-0.2098221326248337,0.8583891147660596,1.4536340246089008,-0.667931358047336,0.3381620073938247,-2.3886463715820616
33.0,234.0,999.9854125976562,-0.5829076798980068,0.5938404117607945,4.05297051304596,-1.1689275600606424,-0.209821713372114,0.8583913031801487,1.453635672254431,-0.6679319112536026,0.3381615227801768,-2.3886457164473
33.0,234.0,999.9854125976562,-0.5829093460172396,0.5938416178402219,4.052967900981471,-1.16892803086867,-0.2098216172350495,0.8583898148066798,1.4536348322165606,-0.6679315195619742,0.3381570621749787,-2.388653151886704
33.0,234.0,999.9854125976562,-0.5829111423812021,0.5938417281242927,4.052967273692527,-1.168937990894396,-0.2098188783213892,0.8583862980719843,1.4536387175801018,-0.6679299581983047,0.3381527562499551,-2.3886556633371887
33.0,234.0,999.9854125976562,-0.5829098067737242,0.5938418869161852,4.052969926076772,-1.168932962879614,-0.2098200096625611,0.8583881816774657,1.4536382420763443,-0.6679309183147435,0.3381584980015013,-2.3886515618888686
33.0,234.0,999.9854125976562,-0.5829103778848639,0.5938422112375878,4.052969555587008,-1.1689317202119307,-0.2098178053476322,0.8583889493228556,1.4536322108663455,-0.6679313620737739,0.33815856587628,-2.388654943244448
33.0,234.0,999.9854125976562,-0.5829118325315878,0.59384640490447,4.052967050494216,-1.1689325379039062,-0.2098197125543865,0.858382201093356,1.4536331260337922,-0.6679299508821508,0.3381551993224949,-2.3886558237539064
33.0,234.0,999.9854125976562,-0.582910623671121,0.5938468418117644,4.052966727923948,-1.1689308335329516,-0.2098195639844329,0.8583868100677208,1.4536382508312071,-0.6679286617520228,0.3381589475138593,-2.3886497070908383
33.0,234.0,999.9854736328124,-0.5829131705692623,0.5938446931100403,4.052967470625422,-1.168936521862003,-0.2098168929607489,0.8583832583827427,1.453636761022448,-0.6679289803960016,0.3381547199746206,-2.388654511016397
33.0,234.0,999.9854125976562,-0.5829118836340133,0.5938498672774228,4.052970448674158,-1.168936906297866,-0.2098198975170184,0.8583785078401176,1.45364085488022,-0.6679286995677023,0.3381564304744353,-2.388653206682445
33.0,234.0,999.9854125976562,-0.5829087949499652,0.593845034287007,4.052970508118444,-1.168928547894443,-0.2098224476814145,0.8583875328920989,1.4536368905675996,-0.6679312072480235,0.3381572322704009,-2.38865210320905
33.0,234.0,999.9854125976562,-0.5829084092747854,0.5938428240466642,4.0529676298032165,-1.1689301752317238,-0.2098215715815623,0.8583872038411187,1.4536343144652184,-0.667930122129043,0.3381575164245607,-2.388652078505048
33.0,234.0,999.9854125976562,-0.5829095859804241,0.5938406331269919,4.052968176709722,-1.168931503145088,-0.2098209076946222,0.8583892540233515,1.4536378364109872,-0.6679300194485567,0.3381580775888668,-2.388651822241826
33.0,234.0,999.9854125976562,-0.5829091460442974,0.5938427161815163,4.052967983914659,-1.168932720350056,-0.2098206485035323,0.8583868792050344,1.4536381128011753,-0.6679303655655904,0.3381568038581397,-2.3886493022307667
33.0,234.0,999.9854125976562,-0.5829102950702261,0.5938428858825704,4.052967843380422,-1.1689345573594268,-0.2098205921430471,0.8583856818133491,1.453640637527366,-0.6679287680216106,0.338155448232774,-2.3886515656416583
33.0,234.0,999.9854736328124,-0.5829132984414827,0.5938489709740846,4.052970789807306,-1.1689431320605124,-0.2098171771984027,0.8583788437065039,1.4536445838197327,-0.6679304958069672,0.3381497692766686,-2.3886588798555053
33.0,234.0,999.9854125976562,-0.5829060123603016,0.593836560380093,4.052975365620428,-1.1689241200480105,-0.2098240630418342,0.8583930784502982,1.4536335827633824,-0.667932516673071,0.3381671997029043,-2.3886453038692568
33.0,234.0,999.9854125976562,-0.5829130777597538,0.5938459034936212,4.05296736459896,-1.1689350907835565,-0.2098175064283491,0.8583867499397568,1.4536367382243451,-0.6679312578242138,0.3381519127861487,-2.388658390783621
33.0,234.0,999.9854125976562,-0.5829096502875846,0.5938480877049717,4.052969470781729,-1.1689296632689905,-0.2098215599325366,0.858383474204917,1.453637234407954,-0.6679297083303197,0.3381598485675932,-2.388647974585024
33.0,234.0,999.9854736328124,-0.5829101283680114,0.5938423363521537,4.052960540582697,-1.1689345906917756,-0.2098177857015342,0.858389327678375,1.4536407086056204,-0.6679272886357959,0.3381500429679462,-2.388652960588268
33.0,234.0,999.9854125976562,-0.5829095379166924,0.5938397726318092,4.052970797904784,-1.1689298783720163,-0.2098216385974236,0.8583895757878643,1.4536353100896786,-0.6679303409240527,0.3381610256267029,-2.3886518878919483
33.0,234.0,999.9854125976562,-0.5829102996672404,0.5938429846851196,4.052965962505466,-1.168929693179205,-0.2098191325018907,0.8583894703774142,1.4536324541820091,-0.6679318446519016,0.3381524100688811,-2.388655679076128
33.0,234.0,999.9854125976562,-0.582909041073064,0.5938445933394902,4.052968789229926,-1.1689255048636489,-0.2098215543503538,0.8583868715352221,1.4536343138395118,-0.6679296269553987,0.3381631023521461,-2.3886459364569825
33.0,234.0,999.9854125976562,-0.5829079981854441,0.5938425890157886,4.052973456056153,-1.1689276399711497,-0.2098214250319978,0.858391003394015,1.4536369956328965,-0.6679333548877482,0.3381645668113116,-2.388645873925591
33.0,234.0,999.9854125976562,-0.5829084140763445,0.5938444865442216,4.05297108878584,-1.1689329074348676,-0.2098213018969499,0.8583852301539547,1.4536410024667887,-0.6679290052054352,0.3381607125347718,-2.388648647023889
33.0,234.0,999.9854125976562,-0.5829074859759968,0.5938408413543153,4.052968638928359,-1.168925908185832,-0.2098230076696214,0.8583912672834142,1.453634993209235,-0.6679324347880335,0.3381608337132249,-2.38864655182546
33.0,234.0,999.9854125976562,-0.5829115473700694,0.5938460139440576,4.052964850885889,-1.1689304439558108,-0.2098181028479713,0.8583879471064835,1.4536323913428353,-0.6679312727921927,0.3381554674145794,-2.388653491124757
33.0,234.0,999.9854125976562,-0.5829092241329645,0.5938400562597561,4.052970043100826,-1.1689299670784257,-0.2098208585628489,0.8583913745644365,1.4536382003045911,-0.6679327064800109,0.3381604247301695,-2.3886479785911208
33.0,235.0,999.9854125976562,-0.5829080301043197,0.5938441512901438,4.052970804960252,-1.1689270072208364,-0.2098229107810407,0.8583898767830913,1.4536378131821293,-0.667931716988269,0.3381640396235665,-2.388644091190637
33.0,235.0,999.9854125976562,-0.582910921723645,0.5938468438107751,4.052966354518876,-1.1689291290153667,-0.2098202126618344,0.8583835048482102,1.453632280737395,-0.6679292895314459,0.3381567170107979,-2.38865287793681
33.0,235.0,999.9854736328124,-0.5829062029904666,0.593836395699153,4.05297521198278,-1.1689233558286762,-0.2098249695370118,0.858397728953082,1.4536373324926135,-0.6679363998723336,0.3381654810396544,-2.388640778647529
33.0,235.0,999.9854736328124,-0.5829091291420498,0.5938388910109431,4.052967150645566,-1.1689261358208451,-0.2098195689170978,0.8583933887557249,1.4536333021051293,-0.6679328121856791,0.3381615336939569,-2.3886469840640108
33.0,235.0,999.9854125976562,-0.5829077021455049,0.5938421964434575,4.052971850597512,-1.1689311000567084,-0.2098226586127021,0.8583871230336735,1.45364161511141,-0.6679292513426649,0.3381610531502401,-2.388646284542853
33.0,235.0,999.9854125976562,-0.582909926206022,0.5938419474242105,4.052971420175801,-1.168932870690222,-0.2098210720918212,0.8583868850100913,1.453638483856321,-0.6679319996604036,0.3381580283910708,-2.388651744867325
33.0,235.0,999.9854736328124,-0.5829093102984935,0.5938401568646867,4.052971847942793,-1.1689321136429394,-0.2098221931961754,0.8583863450100884,1.4536405622367097,-0.6679298442439077,0.3381580547510046,-2.3886512453787203
33.0,235.0,999.9854736328124,-0.5829102107186133,0.5938450663850912,4.052964011930246,-1.1689338308235508,-0.2098190051254942,0.8583842931100971,1.4536381434228964,-0.6679286246445066,0.3381533882382284,-2.388653436662032
33.0,235.0,999.9854125976562,-0.5829092924358914,0.593841125737729,4.0529671244572505,-1.1689300210327196,-0.2098199465649806,0.8583923780187774,1.4536351596033086,-0.6679319210208412,0.3381551813859733,-2.3886527196902003
33.0,235.0,999.9854125976562,-0.5829096201509207,0.5938454267090378,4.05296790881671,-1.168928026857381,-0.2098199477678166,0.8583878847484936,1.4536299579781904,-0.6679311170747155,0.3381597506681357,-2.388650344920144
33.0,235.0,999.9854125976562,-0.5829115196642194,0.5938448183503571,4.05296804846466,-1.1689363929749534,-0.2098177083492975,0.8583836386790686,1.453637655776726,-0.6679287530701323,0.3381553541021622,-2.3886563076135663
33.0,235.0,999.9854125976562,-0.582908210720384,0.5938390242467362,4.052972765647283,-1.168931862945758,-0.2098214532051461,0.8583910098607266,1.4536384786628522,-0.667932401101357,0.3381581515151532,-2.388651526432724
33.0,235.0,999.9854736328124,-0.5829071982660743,0.5938449731229305,4.052969306157664,-1.168923804645459,-0.2098230645946781,0.85838952677181,1.4536342832907012,-0.6679330212206605,0.3381650500633002,-2.388643845778672
33.0,235.0,999.9854736328124,-0.5829095726843958,0.5938407385559428,4.052971954665734,-1.1689341525171448,-0.209820247370847,0.8583868209768948,1.4536418738817725,-0.6679298274476588,0.3381583928375686,-2.388650999240728
33.0,235.0,999.9854125976562,-0.5829100751635394,0.5938476280285112,4.0529673532464745,-1.1689307375966438,-0.2098200484741292,0.8583837688255445,1.453634020763812,-0.667930186750664,0.3381546992962994,-2.3886517699105085
33.0,235.0,999.9854125976562,-0.5829100681240824,0.5938456765182334,4.052969274383969,-1.1689332759884987,-0.2098209617938327,0.8583825058052259,1.4536375603755474,-0.6679303053496808,0.338157951095801,-2.3886492853262418
33.0,235.0,999.9854736328124,-0.5829137736605352,0.5938444058658412,4.052969872509909,-1.1689348985154933,-0.2098161165663512,0.858386272324454,1.4536341886582802,-0.6679319963189352,0.3381573117470147,-2.3886544254390083
33.0,235.0,999.9854125976562,-0.5829098110707651,0.5938424344959188,4.052967700342922,-1.1689340197207023,-0.2098209492703437,0.8583875615235144,1.4536415851907076,-0.6679289928054075,0.3381543218562779,-2.3886531144276835
33.0,235.0,999.9854125976562,-0.5829095912944267,0.5938460000806911,4.052968302634829,-1.1689292857165583,-0.2098203361913579,0.8583858282352903,1.453633626359112,-0.6679317933515616,0.3381569036183371,-2.388649908606848
33.0,235.0,999.9854125976562,-0.5829083286359023,0.5938429914468362,4.052969750829666,-1.1689276088161824,-0.209821789504347,0.8583877389542769,1.453635512111461,-0.6679292388258498,0.338161579608176,-2.3886467668245155
33.0,235.0,999.9854736328124,-0.582908315466339,0.5938364726323808,4.052966911526594,-1.1689218542862916,-0.2098219623189905,0.8583980305806707,1.4536316359405728,-0.6679333976108337,0.3381608434691507,-2.388647879782237
33.0,235.0,999.9854125976562,-0.5829087331506964,0.5938436902926645,4.052969387091823,-1.1689274507897056,-0.2098199292101972,0.8583898443253428,1.4536331330359609,-0.6679329909130951,0.3381574499636564,-2.388652233254627
33.0,235.0,999.9854125976562,-0.582907726887834,0.5938431441529355,4.052967908674907,-1.168925345477649,-0.2098221326248337,0.8583891147660596,1.4536340246089008,-0.667931358047336,0.3381620073938247,-2.3886463715820616
33.0,235.0,999.9854125976562,-0.5829076798980068,0.5938404117607945,4.05297051304596,-1.1689275600606424,-0.209821713372114,0.8583913031801487,1.453635672254431,-0.6679319112536026,0.3381615227801768,-2.3886457164473
33.0,235.0,999.9854125976562,-0.5829093460172396,0.5938416178402219,4.052967900981471,-1.16892803086867,-0.2098216172350495,0.8583898148066798,1.4536348322165606,-0.6679315195619742,0.3381570621749787,-2.388653151886704
33.0,235.0,999.9854125976562,-0.5829111423812021,0.5938417281242927,4.052967273692527,-1.168937990894396,-0.2098188783213892,0.8583862980719843,1.4536387175801018,-0.6679299581983047,0.3381527562499551,-2.3886556633371887
33.0,235.0,999.9854125976562,-0.5829098067737242,0.5938418869161852,4.052969926076772,-1.168932962879614,-0.2098200096625611,0.8583881816774657,1.4536382420763443,-0.6679309183147435,0.3381584980015013,-2.3886515618888686
33.0,235.0,999.9854125976562,-0.5829103778848639,0.5938422112375878,4.052969555587008,-1.1689317202119307,-0.2098178053476322,0.8583889493228556,1.4536322108663455,-0.6679313620737739,0.33815856587628,-2.388654943244448
33.0,235.0,999.9854125976562,-0.5829118325315878,0.59384640490447,4.052967050494216,-1.1689325379039062,-0.2098197125543865,0.858382201093356,1.4536331260337922,-0.6679299508821508,0.3381551993224949,-2.3886558237539064
33.0,235.0,999.9854125976562,-0.582910623671121,0.5938468418117644,4.052966727923948,-1.1689308335329516,-0.2098195639844329,0.8583868100677208,1.4536382508312071,-0.6679286617520228,0.3381589475138593,-2.3886497070908383
33.0,235.0,999.9854736328124,-0.5829131705692623,0.5938446931100403,4.052967470625422,-1.168936521862003,-0.2098168929607489,0.8583832583827427,1.453636761022448,-0.6679289803960016,0.3381547199746206,-2.388654511016397
33.0,235.0,999.9854125976562,-0.5829118836340133,0.5938498672774228,4.052970448674158,-1.168936906297866,-0.2098198975170184,0.8583785078401176,1.45364085488022,-0.6679286995677023,0.3381564304744353,-2.388653206682445
33.0,235.0,999.9854125976562,-0.5829087949499652,0.593845034287007,4.052970508118444,-1.168928547894443,-0.2098224476814145,0.8583875328920989,1.4536368905675996,-0.6679312072480235,0.3381572322704009,-2.38865210320905
33.0,235.0,999.9854125976562,-0.5829084092747854,0.5938428240466642,4.0529676298032165,-1.1689301752317238,-0.2098215715815623,0.8583872038411187,1.4536343144652184,-0.667930122129043,0.3381575164245607,-2.388652078505048
33.0,235.0,999.9854125976562,-0.5829095859804241,0.5938406331269919,4.052968176709722,-1.168931503145088,-0.2098209076946222,0.8583892540233515,1.4536378364109872,-0.6679300194485567,0.3381580775888668,-2.388651822241826
33.0,235.0,999.9854125976562,-0.5829091460442974,0.5938427161815163,4.052967983914659,-1.168932720350056,-0.2098206485035323,0.8583868792050344,1.4536381128011753,-0.6679303655655904,0.3381568038581397,-2.3886493022307667
33.0,235.0,999.9854125976562,-0.5829102950702261,0.5938428858825704,4.052967843380422,-1.1689345573594268,-0.2098205921430471,0.8583856818133491,1.453640637527366,-0.6679287680216106,0.338155448232774,-2.3886515656416583
33.0,235.0,999.9854736328124,-0.5829132984414827,0.5938489709740846,4.052970789807306,-1.1689431320605124,-0.2098171771984027,0.8583788437065039,1.4536445838197327,-0.6679304958069672,0.3381497692766686,-2.3886588798555053
33.0,235.0,999.9854125976562,-0.5829060123603016,0.593836560380093,4.052975365620428,-1.1689241200480105,-0.2098240630418342,0.8583930784502982,1.4536335827633824,-0.667932516673071,0.3381671997029043,-2.3886453038692568
33.0,235.0,999.9854125976562,-0.5829130777597538,0.5938459034936212,4.05296736459896,-1.1689350907835565,-0.2098175064283491,0.8583867499397568,1.4536367382243451,-0.6679312578242138,0.3381519127861487,-2.388658390783621
33.0,235.0,999.9854125976562,-0.5829096502875846,0.5938480877049717,4.052969470781729,-1.1689296632689905,-0.2098215599325366,0.858383474204917,1.453637234407954,-0.6679297083303197,0.3381598485675932,-2.388647974585024
33.0,235.0,999.9854736328124,-0.5829101283680114,0.5938423363521537,4.052960540582697,-1.1689345906917756,-0.2098177857015342,0.858389327678375,1.4536407086056204,-0.6679272886357959,0.3381500429679462,-2.388652960588268
33.0,235.0,999.9854125976562,-0.5829095379166924,0.5938397726318092,4.052970797904784,-1.1689298783720163,-0.2098216385974236,0.8583895757878643,1.4536353100896786,-0.6679303409240527,0.3381610256267029,-2.3886518878919483
33.0,235.0,999.9854125976562,-0.5829102996672404,0.5938429846851196,4.052965962505466,-1.168929693179205,-0.2098191325018907,0.8583894703774142,1.4536324541820091,-0.6679318446519016,0.3381524100688811,-2.388655679076128
33.0,235.0,999.9854125976562,-0.582909041073064,0.5938445933394902,4.052968789229926,-1.1689255048636489,-0.2098215543503538,0.8583868715352221,1.4536343138395118,-0.6679296269553987,0.3381631023521461,-2.3886459364569825
33.0,235.0,999.9854125976562,-0.5829079981854441,0.5938425890157886,4.052973456056153,-1.1689276399711497,-0.2098214250319978,0.858391003394015,1.4536369956328965,-0.6679333548877482,0.3381645668113116,-2.388645873925591
33.0,235.0,999.9854125976562,-0.5829084140763445,0.5938444865442216,4.05297108878584,-1.1689329074348676,-0.2098213018969499,0.8583852301539547,1.4536410024667887,-0.6679290052054352,0.3381607125347718,-2.388648647023889
33.0,235.0,999.9854125976562,-0.5829074859759968,0.5938408413543153,4.052968638928359,-1.168925908185832,-0.2098230076696214,0.8583912672834142,1.453634993209235,-0.6679324347880335,0.3381608337132249,-2.38864655182546
33.0,235.0,999.9854125976562,-0.5829115473700694,0.5938460139440576,4.052964850885889,-1.1689304439558108,-0.2098181028479713,0.8583879471064835,1.4536323913428353,-0.6679312727921927,0.3381554674145794,-2.388653491124757
33.0,235.0,999.9854125976562,-0.5829092241329645,0.5938400562597561,4.052970043100826,-1.1689299670784257,-0.2098208585628489,0.8583913745644365,1.4536382003045911,-0.6679327064800109,0.3381604247301695,-2.3886479785911208
33.0,236.0,999.9854125976562,-0.5829080301043197,0.5938441512901438,4.052970804960252,-1.1689270072208364,-0.2098229107810407,0.8583898767830913,1.4536378131821293,-0.667931716988269,0.3381640396235665,-2.388644091190637
33.0,236.0,999.9854125976562,-0.582910921723645,0.5938468438107751,4.052966354518876,-1.1689291290153667,-0.2098202126618344,0.8583835048482102,1.453632280737395,-0.6679292895314459,0.3381567170107979,-2.38865287793681
33.0,236.0,999.9854736328124,-0.5829062029904666,0.593836395699153,4.05297521198278,-1.1689233558286762,-0.2098249695370118,0.858397728953082,1.4536373324926135,-0.6679363998723336,0.3381654810396544,-2.388640778647529
33.0,236.0,999.9854736328124,-0.5829091291420498,0.5938388910109431,4.052967150645566,-1.1689261358208451,-0.2098195689170978,0.8583933887557249,1.4536333021051293,-0.6679328121856791,0.3381615336939569,-2.3886469840640108
33.0,236.0,999.9854125976562,-0.5829077021455049,0.5938421964434575,4.052971850597512,-1.1689311000567084,-0.2098226586127021,0.8583871230336735,1.45364161511141,-0.6679292513426649,0.3381610531502401,-2.388646284542853
33.0,236.0,999.9854125976562,-0.582909926206022,0.5938419474242105,4.052971420175801,-1.168932870690222,-0.2098210720918212,0.8583868850100913,1.453638483856321,-0.6679319996604036,0.3381580283910708,-2.388651744867325
33.0,236.0,999.9854736328124,-0.5829093102984935,0.5938401568646867,4.052971847942793,-1.1689321136429394,-0.2098221931961754,0.8583863450100884,1.4536405622367097,-0.6679298442439077,0.3381580547510046,-2.3886512453787203
33.0,236.0,999.9854736328124,-0.5829102107186133,0.5938450663850912,4.052964011930246,-1.1689338308235508,-0.2098190051254942,0.8583842931100971,1.4536381434228964,-0.6679286246445066,0.3381533882382284,-2.388653436662032
33.0,236.0,999.9854125976562,-0.5829092924358914,0.593841125737729,4.0529671244572505,-1.1689300210327196,-0.2098199465649806,0.8583923780187774,1.4536351596033086,-0.6679319210208412,0.3381551813859733,-2.3886527196902003
33.0,236.0,999.9854125976562,-0.5829096201509207,0.5938454267090378,4.05296790881671,-1.168928026857381,-0.2098199477678166,0.8583878847484936,1.4536299579781904,-0.6679311170747155,0.3381597506681357,-2.388650344920144
33.0,236.0,999.9854125976562,-0.5829115196642194,0.5938448183503571,4.05296804846466,-1.1689363929749534,-0.2098177083492975,0.8583836386790686,1.453637655776726,-0.6679287530701323,0.3381553541021622,-2.3886563076135663
33.0,236.0,999.9854125976562,-0.582908210720384,0.5938390242467362,4.052972765647283,-1.168931862945758,-0.2098214532051461,0.8583910098607266,1.4536384786628522,-0.667932401101357,0.3381581515151532,-2.388651526432724
33.0,236.0,999.9854736328124,-0.5829071982660743,0.5938449731229305,4.052969306157664,-1.168923804645459,-0.2098230645946781,0.85838952677181,1.4536342832907012,-0.6679330212206605,0.3381650500633002,-2.388643845778672
33.0,236.0,999.9854736328124,-0.5829095726843958,0.5938407385559428,4.052971954665734,-1.1689341525171448,-0.209820247370847,0.8583868209768948,1.4536418738817725,-0.6679298274476588,0.3381583928375686,-2.388650999240728
33.0,236.0,999.9854125976562,-0.5829100751635394,0.5938476280285112,4.0529673532464745,-1.1689307375966438,-0.2098200484741292,0.8583837688255445,1.453634020763812,-0.667930186750664,0.3381546992962994,-2.3886517699105085
33.0,236.0,999.9854125976562,-0.5829100681240824,0.5938456765182334,4.052969274383969,-1.1689332759884987,-0.2098209617938327,0.8583825058052259,1.4536375603755474,-0.6679303053496808,0.338157951095801,-2.3886492853262418
33.0,236.0,999.9854736328124,-0.5829137736605352,0.5938444058658412,4.052969872509909,-1.1689348985154933,-0.2098161165663512,0.858386272324454,1.4536341886582802,-0.6679319963189352,0.3381573117470147,-2.3886544254390083
33.0,236.0,999.9854125976562,-0.5829098110707651,0.5938424344959188,4.052967700342922,-1.1689340197207023,-0.2098209492703437,0.8583875615235144,1.4536415851907076,-0.6679289928054075,0.3381543218562779,-2.3886531144276835
33.0,236.0,999.9854125976562,-0.5829095912944267,0.5938460000806911,4.052968302634829,-1.1689292857165583,-0.2098203361913579,0.8583858282352903,1.453633626359112,-0.6679317933515616,0.3381569036183371,-2.388649908606848
33.0,236.0,999.9854125976562,-0.5829083286359023,0.5938429914468362,4.052969750829666,-1.1689276088161824,-0.209821789504347,0.8583877389542769,1.453635512111461,-0.6679292388258498,0.338161579608176,-2.3886467668245155
33.0,236.0,999.9854736328124,-0.582908315466339,0.5938364726323808,4.052966911526594,-1.1689218542862916,-0.2098219623189905,0.8583980305806707,1.4536316359405728,-0.6679333976108337,0.3381608434691507,-2.388647879782237
33.0,236.0,999.9854125976562,-0.5829087331506964,0.5938436902926645,4.052969387091823,-1.1689274507897056,-0.2098199292101972,0.8583898443253428,1.4536331330359609,-0.6679329909130951,0.3381574499636564,-2.388652233254627
33.0,236.0,999.9854125976562,-0.582907726887834,0.5938431441529355,4.052967908674907,-1.168925345477649,-0.2098221326248337,0.8583891147660596,1.4536340246089008,-0.667931358047336,0.3381620073938247,-2.3886463715820616
33.0,236.0,999.9854125976562,-0.5829076798980068,0.5938404117607945,4.05297051304596,-1.1689275600606424,-0.209821713372114,0.8583913031801487,1.453635672254431,-0.6679319112536026,0.3381615227801768,-2.3886457164473
33.0,236.0,999.9854125976562,-0.5829093460172396,0.5938416178402219,4.052967900981471,-1.16892803086867,-0.2098216172350495,0.8583898148066798,1.4536348322165606,-0.6679315195619742,0.3381570621749787,-2.388653151886704
33.0,236.0,999.9854125976562,-0.5829111423812021,0.5938417281242927,4.052967273692527,-1.168937990894396,-0.2098188783213892,0.8583862980719843,1.4536387175801018,-0.6679299581983047,0.3381527562499551,-2.3886556633371887
33.0,236.0,999.9854125976562,-0.5829098067737242,0.5938418869161852,4.052969926076772,-1.168932962879614,-0.2098200096625611,0.8583881816774657,1.4536382420763443,-0.6679309183147435,0.3381584980015013,-2.3886515618888686
33.0,236.0,999.9854125976562,-0.5829103778848639,0.5938422112375878,4.052969555587008,-1.1689317202119307,-0.2098178053476322,0.8583889493228556,1.4536322108663455,-0.6679313620737739,0.33815856587628,-2.388654943244448
33.0,236.0,999.9854125976562,-0.5829118325315878,0.59384640490447,4.052967050494216,-1.1689325379039062,-0.2098197125543865,0.858382201093356,1.4536331260337922,-0.6679299508821508,0.3381551993224949,-2.3886558237539064
33.0,236.0,999.9854125976562,-0.582910623671121,0.5938468418117644,4.052966727923948,-1.1689308335329516,-0.2098195639844329,0.8583868100677208,1.4536382508312071,-0.6679286617520228,0.3381589475138593,-2.3886497070908383
33.0,236.0,999.9854736328124,-0.5829131705692623,0.5938446931100403,4.052967470625422,-1.168936521862003,-0.2098168929607489,0.8583832583827427,1.453636761022448,-0.6679289803960016,0.3381547199746206,-2.388654511016397
33.0,236.0,999.9854125976562,-0.5829118836340133,0.5938498672774228,4.052970448674158,-1.168936906297866,-0.2098198975170184,0.8583785078401176,1.45364085488022,-0.6679286995677023,0.3381564304744353,-2.388653206682445
33.0,236.0,999.9854125976562,-0.5829087949499652,0.593845034287007,4.052970508118444,-1.168928547894443,-0.2098224476814145,0.8583875328920989,1.4536368905675996,-0.6679312072480235,0.3381572322704009,-2.38865210320905
33.0,236.0,999.9854125976562,-0.5829084092747854,0.5938428240466642,4.0529676298032165,-1.1689301752317238,-0.2098215715815623,0.8583872038411187,1.4536343144652184,-0.667930122129043,0.3381575164245607,-2.388652078505048
33.0,236.0,999.9854125976562,-0.5829095859804241,0.5938406331269919,4.052968176709722,-1.168931503145088,-0.2098209076946222,0.8583892540233515,1.4536378364109872,-0.6679300194485567,0.3381580775888668,-2.388651822241826
33.0,236.0,999.9854125976562,-0.5829091460442974,0.5938427161815163,4.052967983914659,-1.168932720350056,-0.2098206485035323,0.8583868792050344,1.4536381128011753,-0.6679303655655904,0.3381568038581397,-2.3886493022307667
33.0,236.0,999.9854125976562,-0.5829102950702261,0.5938428858825704,4.052967843380422,-1.1689345573594268,-0.2098205921430471,0.8583856818133491,1.453640637527366,-0.6679287680216106,0.338155448232774,-2.3886515656416583
33.0,236.0,999.9854736328124,-0.5829132984414827,0.5938489709740846,4.052970789807306,-1.1689431320605124,-0.2098171771984027,0.8583788437065039,1.4536445838197327,-0.6679304958069672,0.3381497692766686,-2.3886588798555053
33.0,236.0,999.9854125976562,-0.5829060123603016,0.593836560380093,4.052975365620428,-1.1689241200480105,-0.2098240630418342,0.8583930784502982,1.4536335827633824,-0.667932516673071,0.3381671997029043,-2.3886453038692568
33.0,236.0,999.9854125976562,-0.5829130777597538,0.5938459034936212,4.05296736459896,-1.1689350907835565,-0.2098175064283491,0.8583867499397568,1.4536367382243451,-0.6679312578242138,0.3381519127861487,-2.388658390783621
33.0,236.0,999.9854125976562,-0.5829096502875846,0.5938480877049717,4.052969470781729,-1.1689296632689905,-0.2098215599325366,0.858383474204917,1.453637234407954,-0.6679297083303197,0.3381598485675932,-2.388647974585024
33.0,236.0,999.9854736328124,-0.5829101283680114,0.5938423363521537,4.052960540582697,-1.1689345906917756,-0.2098177857015342,0.858389327678375,1.4536407086056204,-0.6679272886357959,0.3381500429679462,-2.388652960588268
33.0,236.0,999.9854125976562,-0.5829095379166924,0.5938397726318092,4.052970797904784,-1.1689298783720163,-0.2098216385974236,0.8583895757878643,1.4536353100896786,-0.6679303409240527,0.3381610256267029,-2.3886518878919483
33.0,236.0,999.9854125976562,-0.5829102996672404,0.5938429846851196,4.052965962505466,-1.168929693179205,-0.2098191325018907,0.8583894703774142,1.4536324541820091,-0.6679318446519016,0.3381524100688811,-2.388655679076128
33.0,236.0,999.9854125976562,-0.582909041073064,0.5938445933394902,4.052968789229926,-1.1689255048636489,-0.2098215543503538,0.8583868715352221,1.4536343138395118,-0.6679296269553987,0.3381631023521461,-2.3886459364569825
33.0,236.0,999.9854125976562,-0.5829079981854441,0.5938425890157886,4.052973456056153,-1.1689276399711497,-0.2098214250319978,0.858391003394015,1.4536369956328965,-0.6679333548877482,0.3381645668113116,-2.388645873925591
33.0,236.0,999.9854125976562,-0.5829084140763445,0.5938444865442216,4.05297108878584,-1.1689329074348676,-0.2098213018969499,0.8583852301539547,1.4536410024667887,-0.6679290052054352,0.3381607125347718,-2.388648647023889
33.0,236.0,999.9854125976562,-0.5829074859759968,0.5938408413543153,4.052968638928359,-1.168925908185832,-0.2098230076696214,0.8583912672834142,1.453634993209235,-0.6679324347880335,0.3381608337132249,-2.38864655182546
33.0,236.0,999.9854125976562,-0.5829115473700694,0.5938460139440576,4.052964850885889,-1.1689304439558108,-0.2098181028479713,0.8583879471064835,1.4536323913428353,-0.6679312727921927,0.3381554674145794,-2.388653491124757
33.0,236.0,999.9854125976562,-0.5829092241329645,0.5938400562597561,4.052970043100826,-1.1689299670784257,-0.2098208585628489,0.8583913745644365,1.4536382003045911,-0.6679327064800109,0.3381604247301695,-2.3886479785911208
33.0,237.0,999.9854125976562,-0.5829080301043197,0.5938441512901438,4.052970804960252,-1.1689270072208364,-0.2098229107810407,0.8583898767830913,1.4536378131821293,-0.667931716988269,0.3381640396235665,-2.388644091190637
33.0,237.0,999.9854125976562,-0.582910921723645,0.5938468438107751,4.052966354518876,-1.1689291290153667,-0.2098202126618344,0.8583835048482102,1.453632280737395,-0.6679292895314459,0.3381567170107979,-2.38865287793681
33.0,237.0,999.9854736328124,-0.5829062029904666,0.593836395699153,4.05297521198278,-1.1689233558286762,-0.2098249695370118,0.858397728953082,1.4536373324926135,-0.6679363998723336,0.3381654810396544,-2.388640778647529
33.0,237.0,999.9854736328124,-0.5829091291420498,0.5938388910109431,4.052967150645566,-1.1689261358208451,-0.2098195689170978,0.8583933887557249,1.4536333021051293,-0.6679328121856791,0.3381615336939569,-2.3886469840640108
33.0,237.0,999.9854125976562,-0.5829077021455049,0.5938421964434575,4.052971850597512,-1.1689311000567084,-0.2098226586127021,0.8583871230336735,1.45364161511141,-0.6679292513426649,0.3381610531502401,-2.388646284542853
33.0,237.0,999.9854125976562,-0.582909926206022,0.5938419474242105,4.052971420175801,-1.168932870690222,-0.2098210720918212,0.8583868850100913,1.453638483856321,-0.6679319996604036,0.3381580283910708,-2.388651744867325
33.0,237.0,999.9854736328124,-0.5829093102984935,0.5938401568646867,4.052971847942793,-1.1689321136429394,-0.2098221931961754,0.8583863450100884,1.4536405622367097,-0.6679298442439077,0.3381580547510046,-2.3886512453787203
33.0,237.0,999.9854736328124,-0.5829102107186133,0.5938450663850912,4.052964011930246,-1.1689338308235508,-0.2098190051254942,0.8583842931100971,1.4536381434228964,-0.6679286246445066,0.3381533882382284,-2.388653436662032
33.0,237.0,999.9854125976562,-0.5829092924358914,0.593841125737729,4.0529671244572505,-1.1689300210327196,-0.2098199465649806,0.8583923780187774,1.4536351596033086,-0.6679319210208412,0.3381551813859733,-2.3886527196902003
33.0,237.0,999.9854125976562,-0.5829096201509207,0.5938454267090378,4.05296790881671,-1.168928026857381,-0.2098199477678166,0.8583878847484936,1.4536299579781904,-0.6679311170747155,0.3381597506681357,-2.388650344920144
33.0,237.0,999.9854125976562,-0.5829115196642194,0.5938448183503571,4.05296804846466,-1.1689363929749534,-0.2098177083492975,0.8583836386790686,1.453637655776726,-0.6679287530701323,0.3381553541021622,-2.3886563076135663
33.0,237.0,999.9854125976562,-0.582908210720384,0.5938390242467362,4.052972765647283,-1.168931862945758,-0.2098214532051461,0.8583910098607266,1.4536384786628522,-0.667932401101357,0.3381581515151532,-2.388651526432724
33.0,237.0,999.9854736328124,-0.5829071982660743,0.5938449731229305,4.052969306157664,-1.168923804645459,-0.2098230645946781,0.85838952677181,1.4536342832907012,-0.6679330212206605,0.3381650500633002,-2.388643845778672
33.0,237.0,999.9854736328124,-0.5829095726843958,0.5938407385559428,4.052971954665734,-1.1689341525171448,-0.209820247370847,0.8583868209768948,1.4536418738817725,-0.6679298274476588,0.3381583928375686,-2.388650999240728
33.0,237.0,999.9854125976562,-0.5829100751635394,0.5938476280285112,4.0529673532464745,-1.1689307375966438,-0.2098200484741292,0.8583837688255445,1.453634020763812,-0.667930186750664,0.3381546992962994,-2.3886517699105085
33.0,237.0,999.9854125976562,-0.5829100681240824,0.5938456765182334,4.052969274383969,-1.1689332759884987,-0.2098209617938327,0.8583825058052259,1.4536375603755474,-0.6679303053496808,0.338157951095801,-2.3886492853262418
33.0,237.0,999.9854736328124,-0.5829137736605352,0.5938444058658412,4.052969872509909,-1.1689348985154933,-0.2098161165663512,0.858386272324454,1.4536341886582802,-0.6679319963189352,0.3381573117470147,-2.3886544254390083
33.0,237.0,999.9854125976562,-0.5829098110707651,0.5938424344959188,4.052967700342922,-1.1689340197207023,-0.2098209492703437,0.8583875615235144,1.4536415851907076,-0.6679289928054075,0.3381543218562779,-2.3886531144276835
33.0,237.0,999.9854125976562,-0.5829095912944267,0.5938460000806911,4.052968302634829,-1.1689292857165583,-0.2098203361913579,0.8583858282352903,1.453633626359112,-0.6679317933515616,0.3381569036183371,-2.388649908606848
33.0,237.0,999.9854125976562,-0.5829083286359023,0.5938429914468362,4.052969750829666,-1.1689276088161824,-0.209821789504347,0.8583877389542769,1.453635512111461,-0.6679292388258498,0.338161579608176,-2.3886467668245155
33.0,237.0,999.9854736328124,-0.582908315466339,0.5938364726323808,4.052966911526594,-1.1689218542862916,-0.2098219623189905,0.8583980305806707,1.4536316359405728,-0.6679333976108337,0.3381608434691507,-2.388647879782237
33.0,237.0,999.9854125976562,-0.5829087331506964,0.5938436902926645,4.052969387091823,-1.1689274507897056,-0.2098199292101972,0.8583898443253428,1.4536331330359609,-0.6679329909130951,0.3381574499636564,-2.388652233254627
33.0,237.0,999.9854125976562,-0.582907726887834,0.5938431441529355,4.052967908674907,-1.168925345477649,-0.2098221326248337,0.8583891147660596,1.4536340246089008,-0.667931358047336,0.3381620073938247,-2.3886463715820616
33.0,237.0,999.9854125976562,-0.5829076798980068,0.5938404117607945,4.05297051304596,-1.1689275600606424,-0.209821713372114,0.8583913031801487,1.453635672254431,-0.6679319112536026,0.3381615227801768,-2.3886457164473
33.0,237.0,999.9854125976562,-0.5829093460172396,0.5938416178402219,4.052967900981471,-1.16892803086867,-0.2098216172350495,0.8583898148066798,1.4536348322165606,-0.6679315195619742,0.3381570621749787,-2.388653151886704
33.0,237.0,999.9854125976562,-0.5829111423812021,0.5938417281242927,4.052967273692527,-1.168937990894396,-0.2098188783213892,0.8583862980719843,1.4536387175801018,-0.6679299581983047,0.3381527562499551,-2.3886556633371887
33.0,237.0,999.9854125976562,-0.5829098067737242,0.5938418869161852,4.052969926076772,-1.168932962879614,-0.2098200096625611,0.8583881816774657,1.4536382420763443,-0.6679309183147435,0.3381584980015013,-2.3886515618888686
33.0,237.0,999.9854125976562,-0.5829103778848639,0.5938422112375878,4.052969555587008,-1.1689317202119307,-0.2098178053476322,0.8583889493228556,1.4536322108663455,-0.6679313620737739,0.33815856587628,-2.388654943244448
33.0,237.0,999.9854125976562,-0.5829118325315878,0.59384640490447,4.052967050494216,-1.1689325379039062,-0.2098197125543865,0.858382201093356,1.4536331260337922,-0.6679299508821508,0.3381551993224949,-2.3886558237539064
33.0,237.0,999.9854125976562,-0.582910623671121,0.5938468418117644,4.052966727923948,-1.1689308335329516,-0.2098195639844329,0.8583868100677208,1.4536382508312071,-0.6679286617520228,0.3381589475138593,-2.3886497070908383
33.0,237.0,999.9854736328124,-0.5829131705692623,0.5938446931100403,4.052967470625422,-1.168936521862003,-0.2098168929607489,0.8583832583827427,1.453636761022448,-0.6679289803960016,0.3381547199746206,-2.388654511016397
33.0,237.0,999.9854125976562,-0.5829118836340133,0.5938498672774228,4.052970448674158,-1.168936906297866,-0.2098198975170184,0.8583785078401176,1.45364085488022,-0.6679286995677023,0.3381564304744353,-2.388653206682445
33.0,237.0,999.9854125976562,-0.5829087949499652,0.593845034287007,4.052970508118444,-1.168928547894443,-0.2098224476814145,0.8583875328920989,1.4536368905675996,-0.6679312072480235,0.3381572322704009,-2.38865210320905
33.0,237.0,999.9854125976562,-0.5829084092747854,0.5938428240466642,4.0529676298032165,-1.1689301752317238,-0.2098215715815623,0.8583872038411187,1.4536343144652184,-0.667930122129043,0.3381575164245607,-2.388652078505048
33.0,237.0,999.9854125976562,-0.5829095859804241,0.5938406331269919,4.052968176709722,-1.168931503145088,-0.2098209076946222,0.8583892540233515,1.4536378364109872,-0.6679300194485567,0.3381580775888668,-2.388651822241826
33.0,237.0,999.9854125976562,-0.5829091460442974,0.5938427161815163,4.052967983914659,-1.168932720350056,-0.2098206485035323,0.8583868792050344,1.4536381128011753,-0.6679303655655904,0.3381568038581397,-2.3886493022307667
33.0,237.0,999.9854125976562,-0.5829102950702261,0.5938428858825704,4.052967843380422,-1.1689345573594268,-0.2098205921430471,0.8583856818133491,1.453640637527366,-0.6679287680216106,0.338155448232774,-2.3886515656416583
33.0,237.0,999.9854736328124,-0.5829132984414827,0.5938489709740846,4.052970789807306,-1.1689431320605124,-0.2098171771984027,0.8583788437065039,1.4536445838197327,-0.6679304958069672,0.3381497692766686,-2.3886588798555053
33.0,237.0,999.9854125976562,-0.5829060123603016,0.593836560380093,4.052975365620428,-1.1689241200480105,-0.2098240630418342,0.8583930784502982,1.4536335827633824,-0.667932516673071,0.3381671997029043,-2.3886453038692568
33.0,237.0,999.9854125976562,-0.5829130777597538,0.5938459034936212,4.05296736459896,-1.1689350907835565,-0.2098175064283491,0.8583867499397568,1.4536367382243451,-0.6679312578242138,0.3381519127861487,-2.388658390783621
33.0,237.0,999.9854125976562,-0.5829096502875846,0.5938480877049717,4.052969470781729,-1.1689296632689905,-0.2098215599325366,0.858383474204917,1.453637234407954,-0.6679297083303197,0.3381598485675932,-2.388647974585024
33.0,237.0,999.9854736328124,-0.5829101283680114,0.5938423363521537,4.052960540582697,-1.1689345906917756,-0.2098177857015342,0.858389327678375,1.4536407086056204,-0.6679272886357959,0.3381500429679462,-2.388652960588268
33.0,237.0,999.9854125976562,-0.5829095379166924,0.5938397726318092,4.052970797904784,-1.1689298783720163,-0.2098216385974236,0.8583895757878643,1.4536353100896786,-0.6679303409240527,0.3381610256267029,-2.3886518878919483
33.0,237.0,999.9854125976562,-0.5829102996672404,0.5938429846851196,4.052965962505466,-1.168929693179205,-0.2098191325018907,0.8583894703774142,1.4536324541820091,-0.6679318446519016,0.3381524100688811,-2.388655679076128
33.0,237.0,999.9854125976562,-0.582909041073064,0.5938445933394902,4.052968789229926,-1.1689255048636489,-0.2098215543503538,0.8583868715352221,1.4536343138395118,-0.6679296269553987,0.3381631023521461,-2.3886459364569825
33.0,237.0,999.9854125976562,-0.5829079981854441,0.5938425890157886,4.052973456056153,-1.1689276399711497,-0.2098214250319978,0.858391003394015,1.4536369956328965,-0.6679333548877482,0.3381645668113116,-2.388645873925591
33.0,237.0,999.9854125976562,-0.5829084140763445,0.5938444865442216,4.05297108878584,-1.1689329074348676,-0.2098213018969499,0.8583852301539547,1.4536410024667887,-0.6679290052054352,0.3381607125347718,-2.388648647023889
33.0,237.0,999.9854125976562,-0.5829074859759968,0.5938408413543153,4.052968638928359,-1.168925908185832,-0.2098230076696214,0.8583912672834142,1.453634993209235,-0.6679324347880335,0.3381608337132249,-2.38864655182546
33.0,237.0,999.9854125976562,-0.5829115473700694,0.5938460139440576,4.052964850885889,-1.1689304439558108,-0.2098181028479713,0.8583879471064835,1.4536323913428353,-0.6679312727921927,0.3381554674145794,-2.388653491124757
33.0,237.0,999.9854125976562,-0.5829092241329645,0.5938400562597561,4.052970043100826,-1.1689299670784257,-0.2098208585628489,0.8583913745644365,1.4536382003045911,-0.6679327064800109,0.3381604247301695,-2.3886479785911208
33.0,238.0,999.9854125976562,-0.5829080301043197,0.5938441512901438,4.052970804960252,-1.1689270072208364,-0.2098229107810407,0.8583898767830913,1.4536378131821293,-0.667931716988269,0.3381640396235665,-2.388644091190637
33.0,238.0,999.9854125976562,-0.582910921723645,0.5938468438107751,4.052966354518876,-1.1689291290153667,-0.2098202126618344,0.8583835048482102,1.453632280737395,-0.6679292895314459,0.3381567170107979,-2.38865287793681
33.0,238.0,999.9854736328124,-0.5829062029904666,0.593836395699153,4.05297521198278,-1.1689233558286762,-0.2098249695370118,0.858397728953082,1.4536373324926135,-0.6679363998723336,0.3381654810396544,-2.388640778647529
33.0,238.0,999.9854736328124,-0.5829091291420498,0.5938388910109431,4.052967150645566,-1.1689261358208451,-0.2098195689170978,0.8583933887557249,1.4536333021051293,-0.6679328121856791,0.3381615336939569,-2.3886469840640108
33.0,238.0,999.9854125976562,-0.5829077021455049,0.5938421964434575,4.052971850597512,-1.1689311000567084,-0.2098226586127021,0.8583871230336735,1.45364161511141,-0.6679292513426649,0.3381610531502401,-2.388646284542853
33.0,238.0,999.9854125976562,-0.582909926206022,0.5938419474242105,4.052971420175801,-1.168932870690222,-0.2098210720918212,0.8583868850100913,1.453638483856321,-0.6679319996604036,0.3381580283910708,-2.388651744867325
33.0,238.0,999.9854736328124,-0.5829093102984935,0.5938401568646867,4.052971847942793,-1.1689321136429394,-0.2098221931961754,0.8583863450100884,1.4536405622367097,-0.6679298442439077,0.3381580547510046,-2.3886512453787203
33.0,238.0,999.9854736328124,-0.5829102107186133,0.5938450663850912,4.052964011930246,-1.1689338308235508,-0.2098190051254942,0.8583842931100971,1.4536381434228964,-0.6679286246445066,0.3381533882382284,-2.388653436662032
33.0,238.0,999.9854125976562,-0.5829092924358914,0.593841125737729,4.0529671244572505,-1.1689300210327196,-0.2098199465649806,0.8583923780187774,1.4536351596033086,-0.6679319210208412,0.3381551813859733,-2.3886527196902003
33.0,238.0,999.9854125976562,-0.5829096201509207,0.5938454267090378,4.05296790881671,-1.168928026857381,-0.2098199477678166,0.8583878847484936,1.4536299579781904,-0.6679311170747155,0.3381597506681357,-2.388650344920144
33.0,238.0,999.9854125976562,-0.5829115196642194,0.5938448183503571,4.05296804846466,-1.1689363929749534,-0.2098177083492975,0.8583836386790686,1.453637655776726,-0.6679287530701323,0.3381553541021622,-2.3886563076135663
33.0,238.0,999.9854125976562,-0.582908210720384,0.5938390242467362,4.052972765647283,-1.168931862945758,-0.2098214532051461,0.8583910098607266,1.4536384786628522,-0.667932401101357,0.3381581515151532,-2.388651526432724
33.0,238.0,999.9854736328124,-0.5829071982660743,0.5938449731229305,4.052969306157664,-1.168923804645459,-0.2098230645946781,0.85838952677181,1.4536342832907012,-0.6679330212206605,0.3381650500633002,-2.388643845778672
33.0,238.0,999.9854736328124,-0.5829095726843958,0.5938407385559428,4.052971954665734,-1.1689341525171448,-0.209820247370847,0.8583868209768948,1.4536418738817725,-0.6679298274476588,0.3381583928375686,-2.388650999240728
33.0,238.0,999.9854125976562,-0.5829100751635394,0.5938476280285112,4.0529673532464745,-1.1689307375966438,-0.2098200484741292,0.8583837688255445,1.453634020763812,-0.667930186750664,0.3381546992962994,-2.3886517699105085
33.0,238.0,999.9854125976562,-0.5829100681240824,0.5938456765182334,4.052969274383969,-1.1689332759884987,-0.2098209617938327,0.8583825058052259,1.4536375603755474,-0.6679303053496808,0.338157951095801,-2.3886492853262418
33.0,238.0,999.9854736328124,-0.5829137736605352,0.5938444058658412,4.052969872509909,-1.1689348985154933,-0.2098161165663512,0.858386272324454,1.4536341886582802,-0.6679319963189352,0.3381573117470147,-2.3886544254390083
33.0,238.0,999.9854125976562,-0.5829098110707651,0.5938424344959188,4.052967700342922,-1.1689340197207023,-0.2098209492703437,0.8583875615235144,1.4536415851907076,-0.6679289928054075,0.3381543218562779,-2.3886531144276835
33.0,238.0,999.9854125976562,-0.5829095912944267,0.5938460000806911,4.052968302634829,-1.1689292857165583,-0.2098203361913579,0.8583858282352903,1.453633626359112,-0.6679317933515616,0.3381569036183371,-2.388649908606848
33.0,238.0,999.9854125976562,-0.5829083286359023,0.5938429914468362,4.052969750829666,-1.1689276088161824,-0.209821789504347,0.8583877389542769,1.453635512111461,-0.6679292388258498,0.338161579608176,-2.3886467668245155
33.0,238.0,999.9854736328124,-0.582908315466339,0.5938364726323808,4.052966911526594,-1.1689218542862916,-0.2098219623189905,0.8583980305806707,1.4536316359405728,-0.6679333976108337,0.3381608434691507,-2.388647879782237
33.0,238.0,999.9854125976562,-0.5829087331506964,0.5938436902926645,4.052969387091823,-1.1689274507897056,-0.2098199292101972,0.8583898443253428,1.4536331330359609,-0.6679329909130951,0.3381574499636564,-2.388652233254627
33.0,238.0,999.9854125976562,-0.582907726887834,0.5938431441529355,4.052967908674907,-1.168925345477649,-0.2098221326248337,0.8583891147660596,1.4536340246089008,-0.667931358047336,0.3381620073938247,-2.3886463715820616
33.0,238.0,999.9854125976562,-0.5829076798980068,0.5938404117607945,4.05297051304596,-1.1689275600606424,-0.209821713372114,0.8583913031801487,1.453635672254431,-0.6679319112536026,0.3381615227801768,-2.3886457164473
33.0,238.0,999.9854125976562,-0.5829093460172396,0.5938416178402219,4.052967900981471,-1.16892803086867,-0.2098216172350495,0.8583898148066798,1.4536348322165606,-0.6679315195619742,0.3381570621749787,-2.388653151886704
33.0,238.0,999.9854125976562,-0.5829111423812021,0.5938417281242927,4.052967273692527,-1.168937990894396,-0.2098188783213892,0.8583862980719843,1.4536387175801018,-0.6679299581983047,0.3381527562499551,-2.3886556633371887
33.0,238.0,999.9854125976562,-0.5829098067737242,0.5938418869161852,4.052969926076772,-1.168932962879614,-0.2098200096625611,0.8583881816774657,1.4536382420763443,-0.6679309183147435,0.3381584980015013,-2.3886515618888686
33.0,238.0,999.9854125976562,-0.5829103778848639,0.5938422112375878,4.052969555587008,-1.1689317202119307,-0.2098178053476322,0.8583889493228556,1.4536322108663455,-0.6679313620737739,0.33815856587628,-2.388654943244448
33.0,238.0,999.9854125976562,-0.5829118325315878,0.59384640490447,4.052967050494216,-1.1689325379039062,-0.2098197125543865,0.858382201093356,1.4536331260337922,-0.6679299508821508,0.3381551993224949,-2.3886558237539064
33.0,238.0,999.9854125976562,-0.582910623671121,0.5938468418117644,4.052966727923948,-1.1689308335329516,-0.2098195639844329,0.8583868100677208,1.4536382508312071,-0.6679286617520228,0.3381589475138593,-2.3886497070908383
33.0,238.0,999.9854736328124,-0.5829131705692623,0.5938446931100403,4.052967470625422,-1.168936521862003,-0.2098168929607489,0.8583832583827427,1.453636761022448,-0.6679289803960016,0.3381547199746206,-2.388654511016397
33.0,238.0,999.9854125976562,-0.5829118836340133,0.5938498672774228,4.052970448674158,-1.168936906297866,-0.2098198975170184,0.8583785078401176,1.45364085488022,-0.6679286995677023,0.3381564304744353,-2.388653206682445
33.0,238.0,999.9854125976562,-0.5829087949499652,0.593845034287007,4.052970508118444,-1.168928547894443,-0.2098224476814145,0.8583875328920989,1.4536368905675996,-0.6679312072480235,0.3381572322704009,-2.38865210320905
33.0,238.0,999.9854125976562,-0.5829084092747854,0.5938428240466642,4.0529676298032165,-1.1689301752317238,-0.2098215715815623,0.8583872038411187,1.4536343144652184,-0.667930122129043,0.3381575164245607,-2.388652078505048
33.0,238.0,999.9854125976562,-0.5829095859804241,0.5938406331269919,4.052968176709722,-1.168931503145088,-0.2098209076946222,0.8583892540233515,1.4536378364109872,-0.6679300194485567,0.3381580775888668,-2.388651822241826
33.0,238.0,999.9854125976562,-0.5829091460442974,0.5938427161815163,4.052967983914659,-1.168932720350056,-0.2098206485035323,0.8583868792050344,1.4536381128011753,-0.6679303655655904,0.3381568038581397,-2.3886493022307667
33.0,238.0,999.9854125976562,-0.5829102950702261,0.5938428858825704,4.052967843380422,-1.1689345573594268,-0.2098205921430471,0.8583856818133491,1.453640637527366,-0.6679287680216106,0.338155448232774,-2.3886515656416583
33.0,238.0,999.9854736328124,-0.5829132984414827,0.5938489709740846,4.052970789807306,-1.1689431320605124,-0.2098171771984027,0.8583788437065039,1.4536445838197327,-0.6679304958069672,0.3381497692766686,-2.3886588798555053
33.0,238.0,999.9854125976562,-0.5829060123603016,0.593836560380093,4.052975365620428,-1.1689241200480105,-0.2098240630418342,0.8583930784502982,1.4536335827633824,-0.667932516673071,0.3381671997029043,-2.3886453038692568
33.0,238.0,999.9854125976562,-0.5829130777597538,0.5938459034936212,4.05296736459896,-1.1689350907835565,-0.2098175064283491,0.8583867499397568,1.4536367382243451,-0.6679312578242138,0.3381519127861487,-2.388658390783621
33.0,238.0,999.9854125976562,-0.5829096502875846,0.5938480877049717,4.052969470781729,-1.1689296632689905,-0.2098215599325366,0.858383474204917,1.453637234407954,-0.6679297083303197,0.3381598485675932,-2.388647974585024
33.0,238.0,999.9854736328124,-0.5829101283680114,0.5938423363521537,4.052960540582697,-1.1689345906917756,-0.2098177857015342,0.858389327678375,1.4536407086056204,-0.6679272886357959,0.3381500429679462,-2.388652960588268
33.0,238.0,999.9854125976562,-0.5829095379166924,0.5938397726318092,4.052970797904784,-1.1689298783720163,-0.2098216385974236,0.8583895757878643,1.4536353100896786,-0.6679303409240527,0.3381610256267029,-2.3886518878919483
33.0,238.0,999.9854125976562,-0.5829102996672404,0.5938429846851196,4.052965962505466,-1.168929693179205,-0.2098191325018907,0.8583894703774142,1.4536324541820091,-0.6679318446519016,0.3381524100688811,-2.388655679076128
33.0,238.0,999.9854125976562,-0.582909041073064,0.5938445933394902,4.052968789229926,-1.1689255048636489,-0.2098215543503538,0.8583868715352221,1.4536343138395118,-0.6679296269553987,0.3381631023521461,-2.3886459364569825
33.0,238.0,999.9854125976562,-0.5829079981854441,0.5938425890157886,4.052973456056153,-1.1689276399711497,-0.2098214250319978,0.858391003394015,1.4536369956328965,-0.6679333548877482,0.3381645668113116,-2.388645873925591
33.0,238.0,999.9854125976562,-0.5829084140763445,0.5938444865442216,4.05297108878584,-1.1689329074348676,-0.2098213018969499,0.8583852301539547,1.4536410024667887,-0.6679290052054352,0.3381607125347718,-2.388648647023889
33.0,238.0,999.9854125976562,-0.5829074859759968,0.5938408413543153,4.052968638928359,-1.168925908185832,-0.2098230076696214,0.8583912672834142,1.453634993209235,-0.6679324347880335,0.3381608337132249,-2.38864655182546
33.0,238.0,999.9854125976562,-0.5829115473700694,0.5938460139440576,4.052964850885889,-1.1689304439558108,-0.2098181028479713,0.8583879471064835,1.4536323913428353,-0.6679312727921927,0.3381554674145794,-2.388653491124757
33.0,238.0,999.9854125976562,-0.5829092241329645,0.5938400562597561,4.052970043100826,-1.1689299670784257,-0.2098208585628489,0.8583913745644365,1.4536382003045911,-0.6679327064800109,0.3381604247301695,-2.3886479785911208
33.0,239.0,999.9854125976562,-0.5829080301043197,0.5938441512901438,4.052970804960252,-1.1689270072208364,-0.2098229107810407,0.8583898767830913,1.4536378131821293,-0.667931716988269,0.3381640396235665,-2.388644091190637
33.0,239.0,999.9854125976562,-0.582910921723645,0.5938468438107751,4.052966354518876,-1.1689291290153667,-0.2098202126618344,0.8583835048482102,1.453632280737395,-0.6679292895314459,0.3381567170107979,-2.38865287793681
33.0,239.0,999.9854736328124,-0.5829062029904666,0.593836395699153,4.05297521198278,-1.1689233558286762,-0.2098249695370118,0.858397728953082,1.4536373324926135,-0.6679363998723336,0.3381654810396544,-2.388640778647529
33.0,239.0,999.9854736328124,-0.5829091291420498,0.5938388910109431,4.052967150645566,-1.1689261358208451,-0.2098195689170978,0.8583933887557249,1.4536333021051293,-0.6679328121856791,0.3381615336939569,-2.3886469840640108
33.0,239.0,999.9854125976562,-0.5829077021455049,0.5938421964434575,4.052971850597512,-1.1689311000567084,-0.2098226586127021,0.8583871230336735,1.45364161511141,-0.6679292513426649,0.3381610531502401,-2.388646284542853
33.0,239.0,999.9854125976562,-0.582909926206022,0.5938419474242105,4.052971420175801,-1.168932870690222,-0.2098210720918212,0.8583868850100913,1.453638483856321,-0.6679319996604036,0.3381580283910708,-2.388651744867325
33.0,239.0,999.9854736328124,-0.5829093102984935,0.5938401568646867,4.052971847942793,-1.1689321136429394,-0.2098221931961754,0.8583863450100884,1.4536405622367097,-0.6679298442439077,0.3381580547510046,-2.3886512453787203
33.0,239.0,999.9854736328124,-0.5829102107186133,0.5938450663850912,4.052964011930246,-1.1689338308235508,-0.2098190051254942,0.8583842931100971,1.4536381434228964,-0.6679286246445066,0.3381533882382284,-2.388653436662032
33.0,239.0,999.9854125976562,-0.5829092924358914,0.593841125737729,4.0529671244572505,-1.1689300210327196,-0.2098199465649806,0.8583923780187774,1.4536351596033086,-0.6679319210208412,0.3381551813859733,-2.3886527196902003
33.0,239.0,999.9854125976562,-0.5829096201509207,0.5938454267090378,4.05296790881671,-1.168928026857381,-0.2098199477678166,0.8583878847484936,1.4536299579781904,-0.6679311170747155,0.3381597506681357,-2.388650344920144
33.0,239.0,999.9854125976562,-0.5829115196642194,0.5938448183503571,4.05296804846466,-1.1689363929749534,-0.2098177083492975,0.8583836386790686,1.453637655776726,-0.6679287530701323,0.3381553541021622,-2.3886563076135663
33.0,239.0,999.9854125976562,-0.582908210720384,0.5938390242467362,4.052972765647283,-1.168931862945758,-0.2098214532051461,0.8583910098607266,1.4536384786628522,-0.667932401101357,0.3381581515151532,-2.388651526432724
33.0,239.0,999.9854736328124,-0.5829071982660743,0.5938449731229305,4.052969306157664,-1.168923804645459,-0.2098230645946781,0.85838952677181,1.4536342832907012,-0.6679330212206605,0.3381650500633002,-2.388643845778672
33.0,239.0,999.9854736328124,-0.5829095726843958,0.5938407385559428,4.052971954665734,-1.1689341525171448,-0.209820247370847,0.8583868209768948,1.4536418738817725,-0.6679298274476588,0.3381583928375686,-2.388650999240728
33.0,239.0,999.9854125976562,-0.5829100751635394,0.5938476280285112,4.0529673532464745,-1.1689307375966438,-0.2098200484741292,0.8583837688255445,1.453634020763812,-0.667930186750664,0.3381546992962994,-2.3886517699105085
33.0,239.0,999.9854125976562,-0.5829100681240824,0.5938456765182334,4.052969274383969,-1.1689332759884987,-0.2098209617938327,0.8583825058052259,1.4536375603755474,-0.6679303053496808,0.338157951095801,-2.3886492853262418
33.0,239.0,999.9854736328124,-0.5829137736605352,0.5938444058658412,4.052969872509909,-1.1689348985154933,-0.2098161165663512,0.858386272324454,1.4536341886582802,-0.6679319963189352,0.3381573117470147,-2.3886544254390083
33.0,239.0,999.9854125976562,-0.5829098110707651,0.5938424344959188,4.052967700342922,-1.1689340197207023,-0.2098209492703437,0.8583875615235144,1.4536415851907076,-0.6679289928054075,0.3381543218562779,-2.3886531144276835
33.0,239.0,999.9854125976562,-0.5829095912944267,0.5938460000806911,4.052968302634829,-1.1689292857165583,-0.2098203361913579,0.8583858282352903,1.453633626359112,-0.6679317933515616,0.3381569036183371,-2.388649908606848
33.0,239.0,999.9854125976562,-0.5829083286359023,0.5938429914468362,4.052969750829666,-1.1689276088161824,-0.209821789504347,0.8583877389542769,1.453635512111461,-0.6679292388258498,0.338161579608176,-2.3886467668245155
33.0,239.0,999.9854736328124,-0.582908315466339,0.5938364726323808,4.052966911526594,-1.1689218542862916,-0.2098219623189905,0.8583980305806707,1.4536316359405728,-0.6679333976108337,0.3381608434691507,-2.388647879782237
33.0,239.0,999.9854125976562,-0.5829087331506964,0.5938436902926645,4.052969387091823,-1.1689274507897056,-0.2098199292101972,0.8583898443253428,1.4536331330359609,-0.6679329909130951,0.3381574499636564,-2.388652233254627
33.0,239.0,999.9854125976562,-0.582907726887834,0.5938431441529355,4.052967908674907,-1.168925345477649,-0.2098221326248337,0.8583891147660596,1.4536340246089008,-0.667931358047336,0.3381620073938247,-2.3886463715820616
33.0,239.0,999.9854125976562,-0.5829076798980068,0.5938404117607945,4.05297051304596,-1.1689275600606424,-0.209821713372114,0.8583913031801487,1.453635672254431,-0.6679319112536026,0.3381615227801768,-2.3886457164473
33.0,239.0,999.9854125976562,-0.5829093460172396,0.5938416178402219,4.052967900981471,-1.16892803086867,-0.2098216172350495,0.8583898148066798,1.4536348322165606,-0.6679315195619742,0.3381570621749787,-2.388653151886704
33.0,239.0,999.9854125976562,-0.5829111423812021,0.5938417281242927,4.052967273692527,-1.168937990894396,-0.2098188783213892,0.8583862980719843,1.4536387175801018,-0.6679299581983047,0.3381527562499551,-2.3886556633371887
33.0,239.0,999.9854125976562,-0.5829098067737242,0.5938418869161852,4.052969926076772,-1.168932962879614,-0.2098200096625611,0.8583881816774657,1.4536382420763443,-0.6679309183147435,0.3381584980015013,-2.3886515618888686
33.0,239.0,999.9854125976562,-0.5829103778848639,0.5938422112375878,4.052969555587008,-1.1689317202119307,-0.2098178053476322,0.8583889493228556,1.4536322108663455,-0.6679313620737739,0.33815856587628,-2.388654943244448
33.0,239.0,999.9854125976562,-0.5829118325315878,0.59384640490447,4.052967050494216,-1.1689325379039062,-0.2098197125543865,0.858382201093356,1.4536331260337922,-0.6679299508821508,0.3381551993224949,-2.3886558237539064
33.0,239.0,999.9854125976562,-0.582910623671121,0.5938468418117644,4.052966727923948,-1.1689308335329516,-0.2098195639844329,0.8583868100677208,1.4536382508312071,-0.6679286617520228,0.3381589475138593,-2.3886497070908383
33.0,239.0,999.9854736328124,-0.5829131705692623,0.5938446931100403,4.052967470625422,-1.168936521862003,-0.2098168929607489,0.8583832583827427,1.453636761022448,-0.6679289803960016,0.3381547199746206,-2.388654511016397
33.0,239.0,999.9854125976562,-0.5829118836340133,0.5938498672774228,4.052970448674158,-1.168936906297866,-0.2098198975170184,0.8583785078401176,1.45364085488022,-0.6679286995677023,0.3381564304744353,-2.388653206682445
33.0,239.0,999.9854125976562,-0.5829087949499652,0.593845034287007,4.052970508118444,-1.168928547894443,-0.2098224476814145,0.8583875328920989,1.4536368905675996,-0.6679312072480235,0.3381572322704009,-2.38865210320905
33.0,239.0,999.9854125976562,-0.5829084092747854,0.5938428240466642,4.0529676298032165,-1.1689301752317238,-0.2098215715815623,0.8583872038411187,1.4536343144652184,-0.667930122129043,0.3381575164245607,-2.388652078505048
33.0,239.0,999.9854125976562,-0.5829095859804241,0.5938406331269919,4.052968176709722,-1.168931503145088,-0.2098209076946222,0.8583892540233515,1.4536378364109872,-0.6679300194485567,0.3381580775888668,-2.388651822241826
33.0,239.0,999.9854125976562,-0.5829091460442974,0.5938427161815163,4.052967983914659,-1.168932720350056,-0.2098206485035323,0.8583868792050344,1.4536381128011753,-0.6679303655655904,0.3381568038581397,-2.3886493022307667
33.0,239.0,999.9854125976562,-0.5829102950702261,0.5938428858825704,4.052967843380422,-1.1689345573594268,-0.2098205921430471,0.8583856818133491,1.453640637527366,-0.6679287680216106,0.338155448232774,-2.3886515656416583
33.0,239.0,999.9854736328124,-0.5829132984414827,0.5938489709740846,4.052970789807306,-1.1689431320605124,-0.2098171771984027,0.8583788437065039,1.4536445838197327,-0.6679304958069672,0.3381497692766686,-2.3886588798555053
33.0,239.0,999.9854125976562,-0.5829060123603016,0.593836560380093,4.052975365620428,-1.1689241200480105,-0.2098240630418342,0.8583930784502982,1.4536335827633824,-0.667932516673071,0.3381671997029043,-2.3886453038692568
33.0,239.0,999.9854125976562,-0.5829130777597538,0.5938459034936212,4.05296736459896,-1.1689350907835565,-0.2098175064283491,0.8583867499397568,1.4536367382243451,-0.6679312578242138,0.3381519127861487,-2.388658390783621
33.0,239.0,999.9854125976562,-0.5829096502875846,0.5938480877049717,4.052969470781729,-1.1689296632689905,-0.2098215599325366,0.858383474204917,1.453637234407954,-0.6679297083303197,0.3381598485675932,-2.388647974585024
33.0,239.0,999.9854736328124,-0.5829101283680114,0.5938423363521537,4.052960540582697,-1.1689345906917756,-0.2098177857015342,0.858389327678375,1.4536407086056204,-0.6679272886357959,0.3381500429679462,-2.388652960588268
33.0,239.0,999.9854125976562,-0.5829095379166924,0.5938397726318092,4.052970797904784,-1.1689298783720163,-0.2098216385974236,0.8583895757878643,1.4536353100896786,-0.6679303409240527,0.3381610256267029,-2.3886518878919483
33.0,239.0,999.9854125976562,-0.5829102996672404,0.5938429846851196,4.052965962505466,-1.168929693179205,-0.2098191325018907,0.8583894703774142,1.4536324541820091,-0.6679318446519016,0.3381524100688811,-2.388655679076128
33.0,239.0,999.9854125976562,-0.582909041073064,0.5938445933394902,4.052968789229926,-1.1689255048636489,-0.2098215543503538,0.8583868715352221,1.4536343138395118,-0.6679296269553987,0.3381631023521461,-2.3886459364569825
33.0,239.0,999.9854125976562,-0.5829079981854441,0.5938425890157886,4.052973456056153,-1.1689276399711497,-0.2098214250319978,0.858391003394015,1.4536369956328965,-0.6679333548877482,0.3381645668113116,-2.388645873925591
33.0,239.0,999.9854125976562,-0.5829084140763445,0.5938444865442216,4.05297108878584,-1.1689329074348676,-0.2098213018969499,0.8583852301539547,1.4536410024667887,-0.6679290052054352,0.3381607125347718,-2.388648647023889
33.0,239.0,999.9854125976562,-0.5829074859759968,0.5938408413543153,4.052968638928359,-1.168925908185832,-0.2098230076696214,0.8583912672834142,1.453634993209235,-0.6679324347880335,0.3381608337132249,-2.38864655182546
33.0,239.0,999.9854125976562,-0.5829115473700694,0.5938460139440576,4.052964850885889,-1.1689304439558108,-0.2098181028479713,0.8583879471064835,1.4536323913428353,-0.6679312727921927,0.3381554674145794,-2.388653491124757
33.0,239.0,999.9854125976562,-0.5829092241329645,0.5938400562597561,4.052970043100826,-1.1689299670784257,-0.2098208585628489,0.8583913745644365,1.4536382003045911,-0.6679327064800109,0.3381604247301695,-2.3886479785911208
33.0,240.0,999.9854125976562,-0.5829080301043197,0.5938441512901438,4.052970804960252,-1.1689270072208364,-0.2098229107810407,0.8583898767830913,1.4536378131821293,-0.667931716988269,0.3381640396235665,-2.388644091190637
33.0,240.0,999.9854125976562,-0.582910921723645,0.5938468438107751,4.052966354518876,-1.1689291290153667,-0.2098202126618344,0.8583835048482102,1.453632280737395,-0.6679292895314459,0.3381567170107979,-2.38865287793681
33.0,240.0,999.9854736328124,-0.5829062029904666,0.593836395699153,4.05297521198278,-1.1689233558286762,-0.2098249695370118,0.858397728953082,1.4536373324926135,-0.6679363998723336,0.3381654810396544,-2.388640778647529
33.0,240.0,999.9854736328124,-0.5829091291420498,0.5938388910109431,4.052967150645566,-1.1689261358208451,-0.2098195689170978,0.8583933887557249,1.4536333021051293,-0.6679328121856791,0.3381615336939569,-2.3886469840640108
33.0,240.0,999.9854125976562,-0.5829077021455049,0.5938421964434575,4.052971850597512,-1.1689311000567084,-0.2098226586127021,0.8583871230336735,1.45364161511141,-0.6679292513426649,0.3381610531502401,-2.388646284542853
33.0,240.0,999.9854125976562,-0.582909926206022,0.5938419474242105,4.052971420175801,-1.168932870690222,-0.2098210720918212,0.8583868850100913,1.453638483856321,-0.6679319996604036,0.3381580283910708,-2.388651744867325
33.0,240.0,999.9854736328124,-0.5829093102984935,0.5938401568646867,4.052971847942793,-1.1689321136429394,-0.2098221931961754,0.8583863450100884,1.4536405622367097,-0.6679298442439077,0.3381580547510046,-2.3886512453787203
33.0,240.0,999.9854736328124,-0.5829102107186133,0.5938450663850912,4.052964011930246,-1.1689338308235508,-0.2098190051254942,0.8583842931100971,1.4536381434228964,-0.6679286246445066,0.3381533882382284,-2.388653436662032
33.0,240.0,999.9854125976562,-0.5829092924358914,0.593841125737729,4.0529671244572505,-1.1689300210327196,-0.2098199465649806,0.8583923780187774,1.4536351596033086,-0.6679319210208412,0.3381551813859733,-2.3886527196902003
33.0,240.0,999.9854125976562,-0.5829096201509207,0.5938454267090378,4.05296790881671,-1.168928026857381,-0.2098199477678166,0.8583878847484936,1.4536299579781904,-0.6679311170747155,0.3381597506681357,-2.388650344920144
33.0,240.0,999.9854125976562,-0.5829115196642194,0.5938448183503571,4.05296804846466,-1.1689363929749534,-0.2098177083492975,0.8583836386790686,1.453637655776726,-0.6679287530701323,0.3381553541021622,-2.3886563076135663
33.0,240.0,999.9854125976562,-0.582908210720384,0.5938390242467362,4.052972765647283,-1.168931862945758,-0.2098214532051461,0.8583910098607266,1.4536384786628522,-0.667932401101357,0.3381581515151532,-2.388651526432724
33.0,240.0,999.9854736328124,-0.5829071982660743,0.5938449731229305,4.052969306157664,-1.168923804645459,-0.2098230645946781,0.85838952677181,1.4536342832907012,-0.6679330212206605,0.3381650500633002,-2.388643845778672
33.0,240.0,999.9854736328124,-0.5829095726843958,0.5938407385559428,4.052971954665734,-1.1689341525171448,-0.209820247370847,0.8583868209768948,1.4536418738817725,-0.6679298274476588,0.3381583928375686,-2.388650999240728
33.0,240.0,999.9854125976562,-0.5829100751635394,0.5938476280285112,4.0529673532464745,-1.1689307375966438,-0.2098200484741292,0.8583837688255445,1.453634020763812,-0.667930186750664,0.3381546992962994,-2.3886517699105085
33.0,240.0,999.9854125976562,-0.5829100681240824,0.5938456765182334,4.052969274383969,-1.1689332759884987,-0.2098209617938327,0.8583825058052259,1.4536375603755474,-0.6679303053496808,0.338157951095801,-2.3886492853262418
33.0,240.0,999.9854736328124,-0.5829137736605352,0.5938444058658412,4.052969872509909,-1.1689348985154933,-0.2098161165663512,0.858386272324454,1.4536341886582802,-0.6679319963189352,0.3381573117470147,-2.3886544254390083
33.0,240.0,999.9854125976562,-0.5829098110707651,0.5938424344959188,4.052967700342922,-1.1689340197207023,-0.2098209492703437,0.8583875615235144,1.4536415851907076,-0.6679289928054075,0.3381543218562779,-2.3886531144276835
33.0,240.0,999.9854125976562,-0.5829095912944267,0.5938460000806911,4.052968302634829,-1.1689292857165583,-0.2098203361913579,0.8583858282352903,1.453633626359112,-0.6679317933515616,0.3381569036183371,-2.388649908606848
33.0,240.0,999.9854125976562,-0.5829083286359023,0.5938429914468362,4.052969750829666,-1.1689276088161824,-0.209821789504347,0.8583877389542769,1.453635512111461,-0.6679292388258498,0.338161579608176,-2.3886467668245155
33.0,240.0,999.9854736328124,-0.582908315466339,0.5938364726323808,4.052966911526594,-1.1689218542862916,-0.2098219623189905,0.8583980305806707,1.4536316359405728,-0.6679333976108337,0.3381608434691507,-2.388647879782237
33.0,240.0,999.9854125976562,-0.5829087331506964,0.5938436902926645,4.052969387091823,-1.1689274507897056,-0.2098199292101972,0.8583898443253428,1.4536331330359609,-0.6679329909130951,0.3381574499636564,-2.388652233254627
33.0,240.0,999.9854125976562,-0.582907726887834,0.5938431441529355,4.052967908674907,-1.168925345477649,-0.2098221326248337,0.8583891147660596,1.4536340246089008,-0.667931358047336,0.3381620073938247,-2.3886463715820616
33.0,240.0,999.9854125976562,-0.5829076798980068,0.5938404117607945,4.05297051304596,-1.1689275600606424,-0.209821713372114,0.8583913031801487,1.453635672254431,-0.6679319112536026,0.3381615227801768,-2.3886457164473
33.0,240.0,999.9854125976562,-0.5829093460172396,0.5938416178402219,4.052967900981471,-1.16892803086867,-0.2098216172350495,0.8583898148066798,1.4536348322165606,-0.6679315195619742,0.3381570621749787,-2.388653151886704
33.0,240.0,999.9854125976562,-0.5829111423812021,0.5938417281242927,4.052967273692527,-1.168937990894396,-0.2098188783213892,0.8583862980719843,1.4536387175801018,-0.6679299581983047,0.3381527562499551,-2.3886556633371887
33.0,240.0,999.9854125976562,-0.5829098067737242,0.5938418869161852,4.052969926076772,-1.168932962879614,-0.2098200096625611,0.8583881816774657,1.4536382420763443,-0.6679309183147435,0.3381584980015013,-2.3886515618888686
33.0,240.0,999.9854125976562,-0.5829103778848639,0.5938422112375878,4.052969555587008,-1.1689317202119307,-0.2098178053476322,0.8583889493228556,1.4536322108663455,-0.6679313620737739,0.33815856587628,-2.388654943244448
33.0,240.0,999.9854125976562,-0.5829118325315878,0.59384640490447,4.052967050494216,-1.1689325379039062,-0.2098197125543865,0.858382201093356,1.4536331260337922,-0.6679299508821508,0.3381551993224949,-2.3886558237539064
33.0,240.0,999.9854125976562,-0.582910623671121,0.5938468418117644,4.052966727923948,-1.1689308335329516,-0.2098195639844329,0.8583868100677208,1.4536382508312071,-0.6679286617520228,0.3381589475138593,-2.3886497070908383
33.0,240.0,999.9854736328124,-0.5829131705692623,0.5938446931100403,4.052967470625422,-1.168936521862003,-0.2098168929607489,0.8583832583827427,1.453636761022448,-0.6679289803960016,0.3381547199746206,-2.388654511016397
33.0,240.0,999.9854125976562,-0.5829118836340133,0.5938498672774228,4.052970448674158,-1.168936906297866,-0.2098198975170184,0.8583785078401176,1.45364085488022,-0.6679286995677023,0.3381564304744353,-2.388653206682445
33.0,240.0,999.9854125976562,-0.5829087949499652,0.593845034287007,4.052970508118444,-1.168928547894443,-0.2098224476814145,0.8583875328920989,1.4536368905675996,-0.6679312072480235,0.3381572322704009,-2.38865210320905
33.0,240.0,999.9854125976562,-0.5829084092747854,0.5938428240466642,4.0529676298032165,-1.1689301752317238,-0.2098215715815623,0.8583872038411187,1.4536343144652184,-0.667930122129043,0.3381575164245607,-2.388652078505048
33.0,240.0,999.9854125976562,-0.5829095859804241,0.5938406331269919,4.052968176709722,-1.168931503145088,-0.2098209076946222,0.8583892540233515,1.4536378364109872,-0.6679300194485567,0.3381580775888668,-2.388651822241826
33.0,240.0,999.9854125976562,-0.5829091460442974,0.5938427161815163,4.052967983914659,-1.168932720350056,-0.2098206485035323,0.8583868792050344,1.4536381128011753,-0.6679303655655904,0.3381568038581397,-2.3886493022307667
33.0,240.0,999.9854125976562,-0.5829102950702261,0.5938428858825704,4.052967843380422,-1.1689345573594268,-0.2098205921430471,0.8583856818133491,1.453640637527366,-0.6679287680216106,0.338155448232774,-2.3886515656416583
33.0,240.0,999.9854736328124,-0.5829132984414827,0.5938489709740846,4.052970789807306,-1.1689431320605124,-0.2098171771984027,0.8583788437065039,1.4536445838197327,-0.6679304958069672,0.3381497692766686,-2.3886588798555053
33.0,240.0,999.9854125976562,-0.5829060123603016,0.593836560380093,4.052975365620428,-1.1689241200480105,-0.2098240630418342,0.8583930784502982,1.4536335827633824,-0.667932516673071,0.3381671997029043,-2.3886453038692568
33.0,240.0,999.9854125976562,-0.5829130777597538,0.5938459034936212,4.05296736459896,-1.1689350907835565,-0.2098175064283491,0.8583867499397568,1.4536367382243451,-0.6679312578242138,0.3381519127861487,-2.388658390783621
33.0,240.0,999.9854125976562,-0.5829096502875846,0.5938480877049717,4.052969470781729,-1.1689296632689905,-0.2098215599325366,0.858383474204917,1.453637234407954,-0.6679297083303197,0.3381598485675932,-2.388647974585024
33.0,240.0,999.9854736328124,-0.5829101283680114,0.5938423363521537,4.052960540582697,-1.1689345906917756,-0.2098177857015342,0.858389327678375,1.4536407086056204,-0.6679272886357959,0.3381500429679462,-2.388652960588268
33.0,240.0,999.9854125976562,-0.5829095379166924,0.5938397726318092,4.052970797904784,-1.1689298783720163,-0.2098216385974236,0.8583895757878643,1.4536353100896786,-0.6679303409240527,0.3381610256267029,-2.3886518878919483
33.0,240.0,999.9854125976562,-0.5829102996672404,0.5938429846851196,4.052965962505466,-1.168929693179205,-0.2098191325018907,0.8583894703774142,1.4536324541820091,-0.6679318446519016,0.3381524100688811,-2.388655679076128
33.0,240.0,999.9854125976562,-0.582909041073064,0.5938445933394902,4.052968789229926,-1.1689255048636489,-0.2098215543503538,0.8583868715352221,1.4536343138395118,-0.6679296269553987,0.3381631023521461,-2.3886459364569825
33.0,240.0,999.9854125976562,-0.5829079981854441,0.5938425890157886,4.052973456056153,-1.1689276399711497,-0.2098214250319978,0.858391003394015,1.4536369956328965,-0.6679333548877482,0.3381645668113116,-2.388645873925591
33.0,240.0,999.9854125976562,-0.5829084140763445,0.5938444865442216,4.05297108878584,-1.1689329074348676,-0.2098213018969499,0.8583852301539547,1.4536410024667887,-0.6679290052054352,0.3381607125347718,-2.388648647023889
33.0,240.0,999.9854125976562,-0.5829074859759968,0.5938408413543153,4.052968638928359,-1.168925908185832,-0.2098230076696214,0.8583912672834142,1.453634993209235,-0.6679324347880335,0.3381608337132249,-2.38864655182546
33.0,240.0,999.9854125976562,-0.5829115473700694,0.5938460139440576,4.052964850885889,-1.1689304439558108,-0.2098181028479713,0.8583879471064835,1.4536323913428353,-0.6679312727921927,0.3381554674145794,-2.388653491124757
33.0,240.0,999.9854125976562,-0.5829092241329645,0.5938400562597561,4.052970043100826,-1.1689299670784257,-0.2098208585628489,0.8583913745644365,1.4536382003045911,-0.6679327064800109,0.3381604247301695,-2.3886479785911208
33.0,241.0,999.9854125976562,-0.5829080301043197,0.5938441512901438,4.052970804960252,-1.1689270072208364,-0.2098229107810407,0.8583898767830913,1.4536378131821293,-0.667931716988269,0.3381640396235665,-2.388644091190637
33.0,241.0,999.9854125976562,-0.582910921723645,0.5938468438107751,4.052966354518876,-1.1689291290153667,-0.2098202126618344,0.8583835048482102,1.453632280737395,-0.6679292895314459,0.3381567170107979,-2.38865287793681
33.0,241.0,999.9854736328124,-0.5829062029904666,0.593836395699153,4.05297521198278,-1.1689233558286762,-0.2098249695370118,0.858397728953082,1.4536373324926135,-0.6679363998723336,0.3381654810396544,-2.388640778647529
33.0,241.0,999.9854736328124,-0.5829091291420498,0.5938388910109431,4.052967150645566,-1.1689261358208451,-0.2098195689170978,0.8583933887557249,1.4536333021051293,-0.6679328121856791,0.3381615336939569,-2.3886469840640108
33.0,241.0,999.9854125976562,-0.5829077021455049,0.5938421964434575,4.052971850597512,-1.1689311000567084,-0.2098226586127021,0.8583871230336735,1.45364161511141,-0.6679292513426649,0.3381610531502401,-2.388646284542853
33.0,241.0,999.9854125976562,-0.582909926206022,0.5938419474242105,4.052971420175801,-1.168932870690222,-0.2098210720918212,0.8583868850100913,1.453638483856321,-0.6679319996604036,0.3381580283910708,-2.388651744867325
33.0,241.0,999.9854736328124,-0.5829093102984935,0.5938401568646867,4.052971847942793,-1.1689321136429394,-0.2098221931961754,0.8583863450100884,1.4536405622367097,-0.6679298442439077,0.3381580547510046,-2.3886512453787203
33.0,241.0,999.9854736328124,-0.5829102107186133,0.5938450663850912,4.052964011930246,-1.1689338308235508,-0.2098190051254942,0.8583842931100971,1.4536381434228964,-0.6679286246445066,0.3381533882382284,-2.388653436662032
33.0,241.0,999.9854125976562,-0.5829092924358914,0.593841125737729,4.0529671244572505,-1.1689300210327196,-0.2098199465649806,0.8583923780187774,1.4536351596033086,-0.6679319210208412,0.3381551813859733,-2.3886527196902003
33.0,241.0,999.9854125976562,-0.5829096201509207,0.5938454267090378,4.05296790881671,-1.168928026857381,-0.2098199477678166,0.8583878847484936,1.4536299579781904,-0.6679311170747155,0.3381597506681357,-2.388650344920144
33.0,241.0,999.9854125976562,-0.5829115196642194,0.5938448183503571,4.05296804846466,-1.1689363929749534,-0.2098177083492975,0.8583836386790686,1.453637655776726,-0.6679287530701323,0.3381553541021622,-2.3886563076135663
33.0,241.0,999.9854125976562,-0.582908210720384,0.5938390242467362,4.052972765647283,-1.168931862945758,-0.2098214532051461,0.8583910098607266,1.4536384786628522,-0.667932401101357,0.3381581515151532,-2.388651526432724
33.0,241.0,999.9854736328124,-0.5829071982660743,0.5938449731229305,4.052969306157664,-1.168923804645459,-0.2098230645946781,0.85838952677181,1.4536342832907012,-0.6679330212206605,0.3381650500633002,-2.388643845778672
33.0,241.0,999.9854736328124,-0.5829095726843958,0.5938407385559428,4.052971954665734,-1.1689341525171448,-0.209820247370847,0.8583868209768948,1.4536418738817725,-0.6679298274476588,0.3381583928375686,-2.388650999240728
33.0,241.0,999.9854125976562,-0.5829100751635394,0.5938476280285112,4.0529673532464745,-1.1689307375966438,-0.2098200484741292,0.8583837688255445,1.453634020763812,-0.667930186750664,0.3381546992962994,-2.3886517699105085
33.0,241.0,999.9854125976562,-0.5829100681240824,0.5938456765182334,4.052969274383969,-1.1689332759884987,-0.2098209617938327,0.8583825058052259,1.4536375603755474,-0.6679303053496808,0.338157951095801,-2.3886492853262418
33.0,241.0,999.9854736328124,-0.5829137736605352,0.5938444058658412,4.052969872509909,-1.1689348985154933,-0.2098161165663512,0.858386272324454,1.4536341886582802,-0.6679319963189352,0.3381573117470147,-2.3886544254390083
33.0,241.0,999.9854125976562,-0.5829098110707651,0.5938424344959188,4.052967700342922,-1.1689340197207023,-0.2098209492703437,0.8583875615235144,1.4536415851907076,-0.6679289928054075,0.3381543218562779,-2.3886531144276835
33.0,241.0,999.9854125976562,-0.5829095912944267,0.5938460000806911,4.052968302634829,-1.1689292857165583,-0.2098203361913579,0.8583858282352903,1.453633626359112,-0.6679317933515616,0.3381569036183371,-2.388649908606848
33.0,241.0,999.9854125976562,-0.5829083286359023,0.5938429914468362,4.052969750829666,-1.1689276088161824,-0.209821789504347,0.8583877389542769,1.453635512111461,-0.6679292388258498,0.338161579608176,-2.3886467668245155
33.0,241.0,999.9854736328124,-0.582908315466339,0.5938364726323808,4.052966911526594,-1.1689218542862916,-0.2098219623189905,0.8583980305806707,1.4536316359405728,-0.6679333976108337,0.3381608434691507,-2.388647879782237
33.0,241.0,999.9854125976562,-0.5829087331506964,0.5938436902926645,4.052969387091823,-1.1689274507897056,-0.2098199292101972,0.8583898443253428,1.4536331330359609,-0.6679329909130951,0.3381574499636564,-2.388652233254627
33.0,241.0,999.9854125976562,-0.582907726887834,0.5938431441529355,4.052967908674907,-1.168925345477649,-0.2098221326248337,0.8583891147660596,1.4536340246089008,-0.667931358047336,0.3381620073938247,-2.3886463715820616
33.0,241.0,999.9854125976562,-0.5829076798980068,0.5938404117607945,4.05297051304596,-1.1689275600606424,-0.209821713372114,0.8583913031801487,1.453635672254431,-0.6679319112536026,0.3381615227801768,-2.3886457164473
33.0,241.0,999.9854125976562,-0.5829093460172396,0.5938416178402219,4.052967900981471,-1.16892803086867,-0.2098216172350495,0.8583898148066798,1.4536348322165606,-0.6679315195619742,0.3381570621749787,-2.388653151886704
33.0,241.0,999.9854125976562,-0.5829111423812021,0.5938417281242927,4.052967273692527,-1.168937990894396,-0.2098188783213892,0.8583862980719843,1.4536387175801018,-0.6679299581983047,0.3381527562499551,-2.3886556633371887
33.0,241.0,999.9854125976562,-0.5829098067737242,0.5938418869161852,4.052969926076772,-1.168932962879614,-0.2098200096625611,0.8583881816774657,1.4536382420763443,-0.6679309183147435,0.3381584980015013,-2.3886515618888686
33.0,241.0,999.9854125976562,-0.5829103778848639,0.5938422112375878,4.052969555587008,-1.1689317202119307,-0.2098178053476322,0.8583889493228556,1.4536322108663455,-0.6679313620737739,0.33815856587628,-2.388654943244448
33.0,241.0,999.9854125976562,-0.5829118325315878,0.59384640490447,4.052967050494216,-1.1689325379039062,-0.2098197125543865,0.858382201093356,1.4536331260337922,-0.6679299508821508,0.3381551993224949,-2.3886558237539064
33.0,241.0,999.9854125976562,-0.582910623671121,0.5938468418117644,4.052966727923948,-1.1689308335329516,-0.2098195639844329,0.8583868100677208,1.4536382508312071,-0.6679286617520228,0.3381589475138593,-2.3886497070908383
33.0,241.0,999.9854736328124,-0.5829131705692623,0.5938446931100403,4.052967470625422,-1.168936521862003,-0.2098168929607489,0.8583832583827427,1.453636761022448,-0.6679289803960016,0.3381547199746206,-2.388654511016397
33.0,241.0,999.9854125976562,-0.5829118836340133,0.5938498672774228,4.052970448674158,-1.168936906297866,-0.2098198975170184,0.8583785078401176,1.45364085488022,-0.6679286995677023,0.3381564304744353,-2.388653206682445
33.0,241.0,999.9854125976562,-0.5829087949499652,0.593845034287007,4.052970508118444,-1.168928547894443,-0.2098224476814145,0.8583875328920989,1.4536368905675996,-0.6679312072480235,0.3381572322704009,-2.38865210320905
33.0,241.0,999.9854125976562,-0.5829084092747854,0.5938428240466642,4.0529676298032165,-1.1689301752317238,-0.2098215715815623,0.8583872038411187,1.4536343144652184,-0.667930122129043,0.3381575164245607,-2.388652078505048
33.0,241.0,999.9854125976562,-0.5829095859804241,0.5938406331269919,4.052968176709722,-1.168931503145088,-0.2098209076946222,0.8583892540233515,1.4536378364109872,-0.6679300194485567,0.3381580775888668,-2.388651822241826
33.0,241.0,999.9854125976562,-0.5829091460442974,0.5938427161815163,4.052967983914659,-1.168932720350056,-0.2098206485035323,0.8583868792050344,1.4536381128011753,-0.6679303655655904,0.3381568038581397,-2.3886493022307667
33.0,241.0,999.9854125976562,-0.5829102950702261,0.5938428858825704,4.052967843380422,-1.1689345573594268,-0.2098205921430471,0.8583856818133491,1.453640637527366,-0.6679287680216106,0.338155448232774,-2.3886515656416583
33.0,241.0,999.9854736328124,-0.5829132984414827,0.5938489709740846,4.052970789807306,-1.1689431320605124,-0.2098171771984027,0.8583788437065039,1.4536445838197327,-0.6679304958069672,0.3381497692766686,-2.3886588798555053
33.0,241.0,999.9854125976562,-0.5829060123603016,0.593836560380093,4.052975365620428,-1.1689241200480105,-0.2098240630418342,0.8583930784502982,1.4536335827633824,-0.667932516673071,0.3381671997029043,-2.3886453038692568
33.0,241.0,999.9854125976562,-0.5829130777597538,0.5938459034936212,4.05296736459896,-1.1689350907835565,-0.2098175064283491,0.8583867499397568,1.4536367382243451,-0.6679312578242138,0.3381519127861487,-2.388658390783621
33.0,241.0,999.9854125976562,-0.5829096502875846,0.5938480877049717,4.052969470781729,-1.1689296632689905,-0.2098215599325366,0.858383474204917,1.453637234407954,-0.6679297083303197,0.3381598485675932,-2.388647974585024
33.0,241.0,999.9854736328124,-0.5829101283680114,0.5938423363521537,4.052960540582697,-1.1689345906917756,-0.2098177857015342,0.858389327678375,1.4536407086056204,-0.6679272886357959,0.3381500429679462,-2.388652960588268
33.0,241.0,999.9854125976562,-0.5829095379166924,0.5938397726318092,4.052970797904784,-1.1689298783720163,-0.2098216385974236,0.8583895757878643,1.4536353100896786,-0.6679303409240527,0.3381610256267029,-2.3886518878919483
33.0,241.0,999.9854125976562,-0.5829102996672404,0.5938429846851196,4.052965962505466,-1.168929693179205,-0.2098191325018907,0.8583894703774142,1.4536324541820091,-0.6679318446519016,0.3381524100688811,-2.388655679076128
33.0,241.0,999.9854125976562,-0.582909041073064,0.5938445933394902,4.052968789229926,-1.1689255048636489,-0.2098215543503538,0.8583868715352221,1.4536343138395118,-0.6679296269553987,0.3381631023521461,-2.3886459364569825
33.0,241.0,999.9854125976562,-0.5829079981854441,0.5938425890157886,4.052973456056153,-1.1689276399711497,-0.2098214250319978,0.858391003394015,1.4536369956328965,-0.6679333548877482,0.3381645668113116,-2.388645873925591
33.0,241.0,999.9854125976562,-0.5829084140763445,0.5938444865442216,4.05297108878584,-1.1689329074348676,-0.2098213018969499,0.8583852301539547,1.4536410024667887,-0.6679290052054352,0.3381607125347718,-2.388648647023889
33.0,241.0,999.9854125976562,-0.5829074859759968,0.5938408413543153,4.052968638928359,-1.168925908185832,-0.2098230076696214,0.8583912672834142,1.453634993209235,-0.6679324347880335,0.3381608337132249,-2.38864655182546
33.0,241.0,999.9854125976562,-0.5829115473700694,0.5938460139440576,4.052964850885889,-1.1689304439558108,-0.2098181028479713,0.8583879471064835,1.4536323913428353,-0.6679312727921927,0.3381554674145794,-2.388653491124757
33.0,241.0,999.9854125976562,-0.5829092241329645,0.5938400562597561,4.052970043100826,-1.1689299670784257,-0.2098208585628489,0.8583913745644365,1.4536382003045911,-0.6679327064800109,0.3381604247301695,-2.3886479785911208
33.0,242.0,999.9854125976562,-0.5829080301043197,0.5938441512901438,4.052970804960252,-1.1689270072208364,-0.2098229107810407,0.8583898767830913,1.4536378131821293,-0.667931716988269,0.3381640396235665,-2.388644091190637
33.0,242.0,999.9854125976562,-0.582910921723645,0.5938468438107751,4.052966354518876,-1.1689291290153667,-0.2098202126618344,0.8583835048482102,1.453632280737395,-0.6679292895314459,0.3381567170107979,-2.38865287793681
33.0,242.0,999.9854736328124,-0.5829062029904666,0.593836395699153,4.05297521198278,-1.1689233558286762,-0.2098249695370118,0.858397728953082,1.4536373324926135,-0.6679363998723336,0.3381654810396544,-2.388640778647529
33.0,242.0,999.9854736328124,-0.5829091291420498,0.5938388910109431,4.052967150645566,-1.1689261358208451,-0.2098195689170978,0.8583933887557249,1.4536333021051293,-0.6679328121856791,0.3381615336939569,-2.3886469840640108
33.0,242.0,999.9854125976562,-0.5829077021455049,0.5938421964434575,4.052971850597512,-1.1689311000567084,-0.2098226586127021,0.8583871230336735,1.45364161511141,-0.6679292513426649,0.3381610531502401,-2.388646284542853
33.0,242.0,999.9854125976562,-0.582909926206022,0.5938419474242105,4.052971420175801,-1.168932870690222,-0.2098210720918212,0.8583868850100913,1.453638483856321,-0.6679319996604036,0.3381580283910708,-2.388651744867325
33.0,242.0,999.9854736328124,-0.5829093102984935,0.5938401568646867,4.052971847942793,-1.1689321136429394,-0.2098221931961754,0.8583863450100884,1.4536405622367097,-0.6679298442439077,0.3381580547510046,-2.3886512453787203
33.0,242.0,999.9854736328124,-0.5829102107186133,0.5938450663850912,4.052964011930246,-1.1689338308235508,-0.2098190051254942,0.8583842931100971,1.4536381434228964,-0.6679286246445066,0.3381533882382284,-2.388653436662032
33.0,242.0,999.9854125976562,-0.5829092924358914,0.593841125737729,4.0529671244572505,-1.1689300210327196,-0.2098199465649806,0.8583923780187774,1.4536351596033086,-0.6679319210208412,0.3381551813859733,-2.3886527196902003
33.0,242.0,999.9854125976562,-0.5829096201509207,0.5938454267090378,4.05296790881671,-1.168928026857381,-0.2098199477678166,0.8583878847484936,1.4536299579781904,-0.6679311170747155,0.3381597506681357,-2.388650344920144
33.0,242.0,999.9854125976562,-0.5829115196642194,0.5938448183503571,4.05296804846466,-1.1689363929749534,-0.2098177083492975,0.8583836386790686,1.453637655776726,-0.6679287530701323,0.3381553541021622,-2.3886563076135663
33.0,242.0,999.9854125976562,-0.582908210720384,0.5938390242467362,4.052972765647283,-1.168931862945758,-0.2098214532051461,0.8583910098607266,1.4536384786628522,-0.667932401101357,0.3381581515151532,-2.388651526432724
33.0,242.0,999.9854736328124,-0.5829071982660743,0.5938449731229305,4.052969306157664,-1.168923804645459,-0.2098230645946781,0.85838952677181,1.4536342832907012,-0.6679330212206605,0.3381650500633002,-2.388643845778672
33.0,242.0,999.9854736328124,-0.5829095726843958,0.5938407385559428,4.052971954665734,-1.1689341525171448,-0.209820247370847,0.8583868209768948,1.4536418738817725,-0.6679298274476588,0.3381583928375686,-2.388650999240728
33.0,242.0,999.9854125976562,-0.5829100751635394,0.5938476280285112,4.0529673532464745,-1.1689307375966438,-0.2098200484741292,0.8583837688255445,1.453634020763812,-0.667930186750664,0.3381546992962994,-2.3886517699105085
33.0,242.0,999.9854125976562,-0.5829100681240824,0.5938456765182334,4.052969274383969,-1.1689332759884987,-0.2098209617938327,0.8583825058052259,1.4536375603755474,-0.6679303053496808,0.338157951095801,-2.3886492853262418
33.0,242.0,999.9854736328124,-0.5829137736605352,0.5938444058658412,4.052969872509909,-1.1689348985154933,-0.2098161165663512,0.858386272324454,1.4536341886582802,-0.6679319963189352,0.3381573117470147,-2.3886544254390083
33.0,242.0,999.9854125976562,-0.5829098110707651,0.5938424344959188,4.052967700342922,-1.1689340197207023,-0.2098209492703437,0.8583875615235144,1.4536415851907076,-0.6679289928054075,0.3381543218562779,-2.3886531144276835
33.0,242.0,999.9854125976562,-0.5829095912944267,0.5938460000806911,4.052968302634829,-1.1689292857165583,-0.2098203361913579,0.8583858282352903,1.453633626359112,-0.6679317933515616,0.3381569036183371,-2.388649908606848
33.0,242.0,999.9854125976562,-0.5829083286359023,0.5938429914468362,4.052969750829666,-1.1689276088161824,-0.209821789504347,0.8583877389542769,1.453635512111461,-0.6679292388258498,0.338161579608176,-2.3886467668245155
33.0,242.0,999.9854736328124,-0.582908315466339,0.5938364726323808,4.052966911526594,-1.1689218542862916,-0.2098219623189905,0.8583980305806707,1.4536316359405728,-0.6679333976108337,0.3381608434691507,-2.388647879782237
33.0,242.0,999.9854125976562,-0.5829087331506964,0.5938436902926645,4.052969387091823,-1.1689274507897056,-0.2098199292101972,0.8583898443253428,1.4536331330359609,-0.6679329909130951,0.3381574499636564,-2.388652233254627
33.0,242.0,999.9854125976562,-0.582907726887834,0.5938431441529355,4.052967908674907,-1.168925345477649,-0.2098221326248337,0.8583891147660596,1.4536340246089008,-0.667931358047336,0.3381620073938247,-2.3886463715820616
33.0,242.0,999.9854125976562,-0.5829076798980068,0.5938404117607945,4.05297051304596,-1.1689275600606424,-0.209821713372114,0.8583913031801487,1.453635672254431,-0.6679319112536026,0.3381615227801768,-2.3886457164473
33.0,242.0,999.9854125976562,-0.5829093460172396,0.5938416178402219,4.052967900981471,-1.16892803086867,-0.2098216172350495,0.8583898148066798,1.4536348322165606,-0.6679315195619742,0.3381570621749787,-2.388653151886704
33.0,242.0,999.9854125976562,-0.5829111423812021,0.5938417281242927,4.052967273692527,-1.168937990894396,-0.2098188783213892,0.8583862980719843,1.4536387175801018,-0.6679299581983047,0.3381527562499551,-2.3886556633371887
33.0,242.0,999.9854125976562,-0.5829098067737242,0.5938418869161852,4.052969926076772,-1.168932962879614,-0.2098200096625611,0.8583881816774657,1.4536382420763443,-0.6679309183147435,0.3381584980015013,-2.3886515618888686
33.0,242.0,999.9854125976562,-0.5829103778848639,0.5938422112375878,4.052969555587008,-1.1689317202119307,-0.2098178053476322,0.8583889493228556,1.4536322108663455,-0.6679313620737739,0.33815856587628,-2.388654943244448
33.0,242.0,999.9854125976562,-0.5829118325315878,0.59384640490447,4.052967050494216,-1.1689325379039062,-0.2098197125543865,0.858382201093356,1.4536331260337922,-0.6679299508821508,0.3381551993224949,-2.3886558237539064
33.0,242.0,999.9854125976562,-0.582910623671121,0.5938468418117644,4.052966727923948,-1.1689308335329516,-0.2098195639844329,0.8583868100677208,1.4536382508312071,-0.6679286617520228,0.3381589475138593,-2.3886497070908383
33.0,242.0,999.9854736328124,-0.5829131705692623,0.5938446931100403,4.052967470625422,-1.168936521862003,-0.2098168929607489,0.8583832583827427,1.453636761022448,-0.6679289803960016,0.3381547199746206,-2.388654511016397
33.0,242.0,999.9854125976562,-0.5829118836340133,0.5938498672774228,4.052970448674158,-1.168936906297866,-0.2098198975170184,0.8583785078401176,1.45364085488022,-0.6679286995677023,0.3381564304744353,-2.388653206682445
33.0,242.0,999.9854125976562,-0.5829087949499652,0.593845034287007,4.052970508118444,-1.168928547894443,-0.2098224476814145,0.8583875328920989,1.4536368905675996,-0.6679312072480235,0.3381572322704009,-2.38865210320905
33.0,242.0,999.9854125976562,-0.5829084092747854,0.5938428240466642,4.0529676298032165,-1.1689301752317238,-0.2098215715815623,0.8583872038411187,1.4536343144652184,-0.667930122129043,0.3381575164245607,-2.388652078505048
33.0,242.0,999.9854125976562,-0.5829095859804241,0.5938406331269919,4.052968176709722,-1.168931503145088,-0.2098209076946222,0.8583892540233515,1.4536378364109872,-0.6679300194485567,0.3381580775888668,-2.388651822241826
33.0,242.0,999.9854125976562,-0.5829091460442974,0.5938427161815163,4.052967983914659,-1.168932720350056,-0.2098206485035323,0.8583868792050344,1.4536381128011753,-0.6679303655655904,0.3381568038581397,-2.3886493022307667
33.0,242.0,999.9854125976562,-0.5829102950702261,0.5938428858825704,4.052967843380422,-1.1689345573594268,-0.2098205921430471,0.8583856818133491,1.453640637527366,-0.6679287680216106,0.338155448232774,-2.3886515656416583
33.0,242.0,999.9854736328124,-0.5829132984414827,0.5938489709740846,4.052970789807306,-1.1689431320605124,-0.2098171771984027,0.8583788437065039,1.4536445838197327,-0.6679304958069672,0.3381497692766686,-2.3886588798555053
33.0,242.0,999.9854125976562,-0.5829060123603016,0.593836560380093,4.052975365620428,-1.1689241200480105,-0.2098240630418342,0.8583930784502982,1.4536335827633824,-0.667932516673071,0.3381671997029043,-2.3886453038692568
33.0,242.0,999.9854125976562,-0.5829130777597538,0.5938459034936212,4.05296736459896,-1.1689350907835565,-0.2098175064283491,0.8583867499397568,1.4536367382243451,-0.6679312578242138,0.3381519127861487,-2.388658390783621
33.0,242.0,999.9854125976562,-0.5829096502875846,0.5938480877049717,4.052969470781729,-1.1689296632689905,-0.2098215599325366,0.858383474204917,1.453637234407954,-0.6679297083303197,0.3381598485675932,-2.388647974585024
33.0,242.0,999.9854736328124,-0.5829101283680114,0.5938423363521537,4.052960540582697,-1.1689345906917756,-0.2098177857015342,0.858389327678375,1.4536407086056204,-0.6679272886357959,0.3381500429679462,-2.388652960588268
33.0,242.0,999.9854125976562,-0.5829095379166924,0.5938397726318092,4.052970797904784,-1.1689298783720163,-0.2098216385974236,0.8583895757878643,1.4536353100896786,-0.6679303409240527,0.3381610256267029,-2.3886518878919483
33.0,242.0,999.9854125976562,-0.5829102996672404,0.5938429846851196,4.052965962505466,-1.168929693179205,-0.2098191325018907,0.8583894703774142,1.4536324541820091,-0.6679318446519016,0.3381524100688811,-2.388655679076128
33.0,242.0,999.9854125976562,-0.582909041073064,0.5938445933394902,4.052968789229926,-1.1689255048636489,-0.2098215543503538,0.8583868715352221,1.4536343138395118,-0.6679296269553987,0.3381631023521461,-2.3886459364569825
33.0,242.0,999.9854125976562,-0.5829079981854441,0.5938425890157886,4.052973456056153,-1.1689276399711497,-0.2098214250319978,0.858391003394015,1.4536369956328965,-0.6679333548877482,0.3381645668113116,-2.388645873925591
33.0,242.0,999.9854125976562,-0.5829084140763445,0.5938444865442216,4.05297108878584,-1.1689329074348676,-0.2098213018969499,0.8583852301539547,1.4536410024667887,-0.6679290052054352,0.3381607125347718,-2.388648647023889
33.0,242.0,999.9854125976562,-0.5829074859759968,0.5938408413543153,4.052968638928359,-1.168925908185832,-0.2098230076696214,0.8583912672834142,1.453634993209235,-0.6679324347880335,0.3381608337132249,-2.38864655182546
33.0,242.0,999.9854125976562,-0.5829115473700694,0.5938460139440576,4.052964850885889,-1.1689304439558108,-0.2098181028479713,0.8583879471064835,1.4536323913428353,-0.6679312727921927,0.3381554674145794,-2.388653491124757
33.0,242.0,999.9854125976562,-0.5829092241329645,0.5938400562597561,4.052970043100826,-1.1689299670784257,-0.2098208585628489,0.8583913745644365,1.4536382003045911,-0.6679327064800109,0.3381604247301695,-2.3886479785911208
33.0,243.0,999.9854125976562,-0.5829080301043197,0.5938441512901438,4.052970804960252,-1.1689270072208364,-0.2098229107810407,0.8583898767830913,1.4536378131821293,-0.667931716988269,0.3381640396235665,-2.388644091190637
33.0,243.0,999.9854125976562,-0.582910921723645,0.5938468438107751,4.052966354518876,-1.1689291290153667,-0.2098202126618344,0.8583835048482102,1.453632280737395,-0.6679292895314459,0.3381567170107979,-2.38865287793681
33.0,243.0,999.9854736328124,-0.5829062029904666,0.593836395699153,4.05297521198278,-1.1689233558286762,-0.2098249695370118,0.858397728953082,1.4536373324926135,-0.6679363998723336,0.3381654810396544,-2.388640778647529
33.0,243.0,999.9854736328124,-0.5829091291420498,0.5938388910109431,4.052967150645566,-1.1689261358208451,-0.2098195689170978,0.8583933887557249,1.4536333021051293,-0.6679328121856791,0.3381615336939569,-2.3886469840640108
33.0,243.0,999.9854125976562,-0.5829077021455049,0.5938421964434575,4.052971850597512,-1.1689311000567084,-0.2098226586127021,0.8583871230336735,1.45364161511141,-0.6679292513426649,0.3381610531502401,-2.388646284542853
33.0,243.0,999.9854125976562,-0.582909926206022,0.5938419474242105,4.052971420175801,-1.168932870690222,-0.2098210720918212,0.8583868850100913,1.453638483856321,-0.6679319996604036,0.3381580283910708,-2.388651744867325
33.0,243.0,999.9854736328124,-0.5829093102984935,0.5938401568646867,4.052971847942793,-1.1689321136429394,-0.2098221931961754,0.8583863450100884,1.4536405622367097,-0.6679298442439077,0.3381580547510046,-2.3886512453787203
33.0,243.0,999.9854736328124,-0.5829102107186133,0.5938450663850912,4.052964011930246,-1.1689338308235508,-0.2098190051254942,0.8583842931100971,1.4536381434228964,-0.6679286246445066,0.3381533882382284,-2.388653436662032
33.0,243.0,999.9854125976562,-0.5829092924358914,0.593841125737729,4.0529671244572505,-1.1689300210327196,-0.2098199465649806,0.8583923780187774,1.4536351596033086,-0.6679319210208412,0.3381551813859733,-2.3886527196902003
33.0,243.0,999.9854125976562,-0.5829096201509207,0.5938454267090378,4.05296790881671,-1.168928026857381,-0.2098199477678166,0.8583878847484936,1.4536299579781904,-0.6679311170747155,0.3381597506681357,-2.388650344920144
33.0,243.0,999.9854125976562,-0.5829115196642194,0.5938448183503571,4.05296804846466,-1.1689363929749534,-0.2098177083492975,0.8583836386790686,1.453637655776726,-0.6679287530701323,0.3381553541021622,-2.3886563076135663
33.0,243.0,999.9854125976562,-0.582908210720384,0.5938390242467362,4.052972765647283,-1.168931862945758,-0.2098214532051461,0.8583910098607266,1.4536384786628522,-0.667932401101357,0.3381581515151532,-2.388651526432724
33.0,243.0,999.9854736328124,-0.5829071982660743,0.5938449731229305,4.052969306157664,-1.168923804645459,-0.2098230645946781,0.85838952677181,1.4536342832907012,-0.6679330212206605,0.3381650500633002,-2.388643845778672
33.0,243.0,999.9854736328124,-0.5829095726843958,0.5938407385559428,4.052971954665734,-1.1689341525171448,-0.209820247370847,0.8583868209768948,1.4536418738817725,-0.6679298274476588,0.3381583928375686,-2.388650999240728
33.0,243.0,999.9854125976562,-0.5829100751635394,0.5938476280285112,4.0529673532464745,-1.1689307375966438,-0.2098200484741292,0.8583837688255445,1.453634020763812,-0.667930186750664,0.3381546992962994,-2.3886517699105085
33.0,243.0,999.9854125976562,-0.5829100681240824,0.5938456765182334,4.052969274383969,-1.1689332759884987,-0.2098209617938327,0.8583825058052259,1.4536375603755474,-0.6679303053496808,0.338157951095801,-2.3886492853262418
33.0,243.0,999.9854736328124,-0.5829137736605352,0.5938444058658412,4.052969872509909,-1.1689348985154933,-0.2098161165663512,0.858386272324454,1.4536341886582802,-0.6679319963189352,0.3381573117470147,-2.3886544254390083
33.0,243.0,999.9854125976562,-0.5829098110707651,0.5938424344959188,4.052967700342922,-1.1689340197207023,-0.2098209492703437,0.8583875615235144,1.4536415851907076,-0.6679289928054075,0.3381543218562779,-2.3886531144276835
33.0,243.0,999.9854125976562,-0.5829095912944267,0.5938460000806911,4.052968302634829,-1.1689292857165583,-0.2098203361913579,0.8583858282352903,1.453633626359112,-0.6679317933515616,0.3381569036183371,-2.388649908606848
33.0,243.0,999.9854125976562,-0.5829083286359023,0.5938429914468362,4.052969750829666,-1.1689276088161824,-0.209821789504347,0.8583877389542769,1.453635512111461,-0.6679292388258498,0.338161579608176,-2.3886467668245155
33.0,243.0,999.9854736328124,-0.582908315466339,0.5938364726323808,4.052966911526594,-1.1689218542862916,-0.2098219623189905,0.8583980305806707,1.4536316359405728,-0.6679333976108337,0.3381608434691507,-2.388647879782237
33.0,243.0,999.9854125976562,-0.5829087331506964,0.5938436902926645,4.052969387091823,-1.1689274507897056,-0.2098199292101972,0.8583898443253428,1.4536331330359609,-0.6679329909130951,0.3381574499636564,-2.388652233254627
33.0,243.0,999.9854125976562,-0.582907726887834,0.5938431441529355,4.052967908674907,-1.168925345477649,-0.2098221326248337,0.8583891147660596,1.4536340246089008,-0.667931358047336,0.3381620073938247,-2.3886463715820616
33.0,243.0,999.9854125976562,-0.5829076798980068,0.5938404117607945,4.05297051304596,-1.1689275600606424,-0.209821713372114,0.8583913031801487,1.453635672254431,-0.6679319112536026,0.3381615227801768,-2.3886457164473
33.0,243.0,999.9854125976562,-0.5829093460172396,0.5938416178402219,4.052967900981471,-1.16892803086867,-0.2098216172350495,0.8583898148066798,1.4536348322165606,-0.6679315195619742,0.3381570621749787,-2.388653151886704
33.0,243.0,999.9854125976562,-0.5829111423812021,0.5938417281242927,4.052967273692527,-1.168937990894396,-0.2098188783213892,0.8583862980719843,1.4536387175801018,-0.6679299581983047,0.3381527562499551,-2.3886556633371887
33.0,243.0,999.9854125976562,-0.5829098067737242,0.5938418869161852,4.052969926076772,-1.168932962879614,-0.2098200096625611,0.8583881816774657,1.4536382420763443,-0.6679309183147435,0.3381584980015013,-2.3886515618888686
33.0,243.0,999.9854125976562,-0.5829103778848639,0.5938422112375878,4.052969555587008,-1.1689317202119307,-0.2098178053476322,0.8583889493228556,1.4536322108663455,-0.6679313620737739,0.33815856587628,-2.388654943244448
33.0,243.0,999.9854125976562,-0.5829118325315878,0.59384640490447,4.052967050494216,-1.1689325379039062,-0.2098197125543865,0.858382201093356,1.4536331260337922,-0.6679299508821508,0.3381551993224949,-2.3886558237539064
33.0,243.0,999.9854125976562,-0.582910623671121,0.5938468418117644,4.052966727923948,-1.1689308335329516,-0.2098195639844329,0.8583868100677208,1.4536382508312071,-0.6679286617520228,0.3381589475138593,-2.3886497070908383
33.0,243.0,999.9854736328124,-0.5829131705692623,0.5938446931100403,4.052967470625422,-1.168936521862003,-0.2098168929607489,0.8583832583827427,1.453636761022448,-0.6679289803960016,0.3381547199746206,-2.388654511016397
33.0,243.0,999.9854125976562,-0.5829118836340133,0.5938498672774228,4.052970448674158,-1.168936906297866,-0.2098198975170184,0.8583785078401176,1.45364085488022,-0.6679286995677023,0.3381564304744353,-2.388653206682445
33.0,243.0,999.9854125976562,-0.5829087949499652,0.593845034287007,4.052970508118444,-1.168928547894443,-0.2098224476814145,0.8583875328920989,1.4536368905675996,-0.6679312072480235,0.3381572322704009,-2.38865210320905
33.0,243.0,999.9854125976562,-0.5829084092747854,0.5938428240466642,4.0529676298032165,-1.1689301752317238,-0.2098215715815623,0.8583872038411187,1.4536343144652184,-0.667930122129043,0.3381575164245607,-2.388652078505048
33.0,243.0,999.9854125976562,-0.5829095859804241,0.5938406331269919,4.052968176709722,-1.168931503145088,-0.2098209076946222,0.8583892540233515,1.4536378364109872,-0.6679300194485567,0.3381580775888668,-2.388651822241826
33.0,243.0,999.9854125976562,-0.5829091460442974,0.5938427161815163,4.052967983914659,-1.168932720350056,-0.2098206485035323,0.8583868792050344,1.4536381128011753,-0.6679303655655904,0.3381568038581397,-2.3886493022307667
33.0,243.0,999.9854125976562,-0.5829102950702261,0.5938428858825704,4.052967843380422,-1.1689345573594268,-0.2098205921430471,0.8583856818133491,1.453640637527366,-0.6679287680216106,0.338155448232774,-2.3886515656416583
33.0,243.0,999.9854736328124,-0.5829132984414827,0.5938489709740846,4.052970789807306,-1.1689431320605124,-0.2098171771984027,0.8583788437065039,1.4536445838197327,-0.6679304958069672,0.3381497692766686,-2.3886588798555053
33.0,243.0,999.9854125976562,-0.5829060123603016,0.593836560380093,4.052975365620428,-1.1689241200480105,-0.2098240630418342,0.8583930784502982,1.4536335827633824,-0.667932516673071,0.3381671997029043,-2.3886453038692568
33.0,243.0,999.9854125976562,-0.5829130777597538,0.5938459034936212,4.05296736459896,-1.1689350907835565,-0.2098175064283491,0.8583867499397568,1.4536367382243451,-0.6679312578242138,0.3381519127861487,-2.388658390783621
33.0,243.0,999.9854125976562,-0.5829096502875846,0.5938480877049717,4.052969470781729,-1.1689296632689905,-0.2098215599325366,0.858383474204917,1.453637234407954,-0.6679297083303197,0.3381598485675932,-2.388647974585024
33.0,243.0,999.9854736328124,-0.5829101283680114,0.5938423363521537,4.052960540582697,-1.1689345906917756,-0.2098177857015342,0.858389327678375,1.4536407086056204,-0.6679272886357959,0.3381500429679462,-2.388652960588268
33.0,243.0,999.9854125976562,-0.5829095379166924,0.5938397726318092,4.052970797904784,-1.1689298783720163,-0.2098216385974236,0.8583895757878643,1.4536353100896786,-0.6679303409240527,0.3381610256267029,-2.3886518878919483
33.0,243.0,999.9854125976562,-0.5829102996672404,0.5938429846851196,4.052965962505466,-1.168929693179205,-0.2098191325018907,0.8583894703774142,1.4536324541820091,-0.6679318446519016,0.3381524100688811,-2.388655679076128
33.0,243.0,999.9854125976562,-0.582909041073064,0.5938445933394902,4.052968789229926,-1.1689255048636489,-0.2098215543503538,0.8583868715352221,1.4536343138395118,-0.6679296269553987,0.3381631023521461,-2.3886459364569825
33.0,243.0,999.9854125976562,-0.5829079981854441,0.5938425890157886,4.052973456056153,-1.1689276399711497,-0.2098214250319978,0.858391003394015,1.4536369956328965,-0.6679333548877482,0.3381645668113116,-2.388645873925591
33.0,243.0,999.9854125976562,-0.5829084140763445,0.5938444865442216,4.05297108878584,-1.1689329074348676,-0.2098213018969499,0.8583852301539547,1.4536410024667887,-0.6679290052054352,0.3381607125347718,-2.388648647023889
33.0,243.0,999.9854125976562,-0.5829074859759968,0.5938408413543153,4.052968638928359,-1.168925908185832,-0.2098230076696214,0.8583912672834142,1.453634993209235,-0.6679324347880335,0.3381608337132249,-2.38864655182546
33.0,243.0,999.9854125976562,-0.5829115473700694,0.5938460139440576,4.052964850885889,-1.1689304439558108,-0.2098181028479713,0.8583879471064835,1.4536323913428353,-0.6679312727921927,0.3381554674145794,-2.388653491124757
33.0,243.0,999.9854125976562,-0.5829092241329645,0.5938400562597561,4.052970043100826,-1.1689299670784257,-0.2098208585628489,0.8583913745644365,1.4536382003045911,-0.6679327064800109,0.3381604247301695,-2.3886479785911208
33.0,244.0,999.9854125976562,-0.5829080301043197,0.5938441512901438,4.052970804960252,-1.1689270072208364,-0.2098229107810407,0.8583898767830913,1.4536378131821293,-0.667931716988269,0.3381640396235665,-2.388644091190637
33.0,244.0,999.9854125976562,-0.582910921723645,0.5938468438107751,4.052966354518876,-1.1689291290153667,-0.2098202126618344,0.8583835048482102,1.453632280737395,-0.6679292895314459,0.3381567170107979,-2.38865287793681
33.0,244.0,999.9854736328124,-0.5829062029904666,0.593836395699153,4.05297521198278,-1.1689233558286762,-0.2098249695370118,0.858397728953082,1.4536373324926135,-0.6679363998723336,0.3381654810396544,-2.388640778647529
33.0,244.0,999.9854736328124,-0.5829091291420498,0.5938388910109431,4.052967150645566,-1.1689261358208451,-0.2098195689170978,0.8583933887557249,1.4536333021051293,-0.6679328121856791,0.3381615336939569,-2.3886469840640108
33.0,244.0,999.9854125976562,-0.5829077021455049,0.5938421964434575,4.052971850597512,-1.1689311000567084,-0.2098226586127021,0.8583871230336735,1.45364161511141,-0.6679292513426649,0.3381610531502401,-2.388646284542853
33.0,244.0,999.9854125976562,-0.582909926206022,0.5938419474242105,4.052971420175801,-1.168932870690222,-0.2098210720918212,0.8583868850100913,1.453638483856321,-0.6679319996604036,0.3381580283910708,-2.388651744867325
33.0,244.0,999.9854736328124,-0.5829093102984935,0.5938401568646867,4.052971847942793,-1.1689321136429394,-0.2098221931961754,0.8583863450100884,1.4536405622367097,-0.6679298442439077,0.3381580547510046,-2.3886512453787203
33.0,244.0,999.9854736328124,-0.5829102107186133,0.5938450663850912,4.052964011930246,-1.1689338308235508,-0.2098190051254942,0.8583842931100971,1.4536381434228964,-0.6679286246445066,0.3381533882382284,-2.388653436662032
33.0,244.0,999.9854125976562,-0.5829092924358914,0.593841125737729,4.0529671244572505,-1.1689300210327196,-0.2098199465649806,0.8583923780187774,1.4536351596033086,-0.6679319210208412,0.3381551813859733,-2.3886527196902003
33.0,244.0,999.9854125976562,-0.5829096201509207,0.5938454267090378,4.05296790881671,-1.168928026857381,-0.2098199477678166,0.8583878847484936,1.4536299579781904,-0.6679311170747155,0.3381597506681357,-2.388650344920144
33.0,244.0,999.9854125976562,-0.5829115196642194,0.5938448183503571,4.05296804846466,-1.1689363929749534,-0.2098177083492975,0.8583836386790686,1.453637655776726,-0.6679287530701323,0.3381553541021622,-2.3886563076135663
33.0,244.0,999.9854125976562,-0.582908210720384,0.5938390242467362,4.052972765647283,-1.168931862945758,-0.2098214532051461,0.8583910098607266,1.4536384786628522,-0.667932401101357,0.3381581515151532,-2.388651526432724
33.0,244.0,999.9854736328124,-0.5829071982660743,0.5938449731229305,4.052969306157664,-1.168923804645459,-0.2098230645946781,0.85838952677181,1.4536342832907012,-0.6679330212206605,0.3381650500633002,-2.388643845778672
33.0,244.0,999.9854736328124,-0.5829095726843958,0.5938407385559428,4.052971954665734,-1.1689341525171448,-0.209820247370847,0.8583868209768948,1.4536418738817725,-0.6679298274476588,0.3381583928375686,-2.388650999240728
33.0,244.0,999.9854125976562,-0.5829100751635394,0.5938476280285112,4.0529673532464745,-1.1689307375966438,-0.2098200484741292,0.8583837688255445,1.453634020763812,-0.667930186750664,0.3381546992962994,-2.3886517699105085
33.0,244.0,999.9854125976562,-0.5829100681240824,0.5938456765182334,4.052969274383969,-1.1689332759884987,-0.2098209617938327,0.8583825058052259,1.4536375603755474,-0.6679303053496808,0.338157951095801,-2.3886492853262418
33.0,244.0,999.9854736328124,-0.5829137736605352,0.5938444058658412,4.052969872509909,-1.1689348985154933,-0.2098161165663512,0.858386272324454,1.4536341886582802,-0.6679319963189352,0.3381573117470147,-2.3886544254390083
33.0,244.0,999.9854125976562,-0.5829098110707651,0.5938424344959188,4.052967700342922,-1.1689340197207023,-0.2098209492703437,0.8583875615235144,1.4536415851907076,-0.6679289928054075,0.3381543218562779,-2.3886531144276835
33.0,244.0,999.9854125976562,-0.5829095912944267,0.5938460000806911,4.052968302634829,-1.1689292857165583,-0.2098203361913579,0.8583858282352903,1.453633626359112,-0.6679317933515616,0.3381569036183371,-2.388649908606848
33.0,244.0,999.9854125976562,-0.5829083286359023,0.5938429914468362,4.052969750829666,-1.1689276088161824,-0.209821789504347,0.8583877389542769,1.453635512111461,-0.6679292388258498,0.338161579608176,-2.3886467668245155
33.0,244.0,999.9854736328124,-0.582908315466339,0.5938364726323808,4.052966911526594,-1.1689218542862916,-0.2098219623189905,0.8583980305806707,1.4536316359405728,-0.6679333976108337,0.3381608434691507,-2.388647879782237
33.0,244.0,999.9854125976562,-0.5829087331506964,0.5938436902926645,4.052969387091823,-1.1689274507897056,-0.2098199292101972,0.8583898443253428,1.4536331330359609,-0.6679329909130951,0.3381574499636564,-2.388652233254627
33.0,244.0,999.9854125976562,-0.582907726887834,0.5938431441529355,4.052967908674907,-1.168925345477649,-0.2098221326248337,0.8583891147660596,1.4536340246089008,-0.667931358047336,0.3381620073938247,-2.3886463715820616
33.0,244.0,999.9854125976562,-0.5829076798980068,0.5938404117607945,4.05297051304596,-1.1689275600606424,-0.209821713372114,0.8583913031801487,1.453635672254431,-0.6679319112536026,0.3381615227801768,-2.3886457164473
33.0,244.0,999.9854125976562,-0.5829093460172396,0.5938416178402219,4.052967900981471,-1.16892803086867,-0.2098216172350495,0.8583898148066798,1.4536348322165606,-0.6679315195619742,0.3381570621749787,-2.388653151886704
33.0,244.0,999.9854125976562,-0.5829111423812021,0.5938417281242927,4.052967273692527,-1.168937990894396,-0.2098188783213892,0.8583862980719843,1.4536387175801018,-0.6679299581983047,0.3381527562499551,-2.3886556633371887
33.0,244.0,999.9854125976562,-0.5829098067737242,0.5938418869161852,4.052969926076772,-1.168932962879614,-0.2098200096625611,0.8583881816774657,1.4536382420763443,-0.6679309183147435,0.3381584980015013,-2.3886515618888686
33.0,244.0,999.9854125976562,-0.5829103778848639,0.5938422112375878,4.052969555587008,-1.1689317202119307,-0.2098178053476322,0.8583889493228556,1.4536322108663455,-0.6679313620737739,0.33815856587628,-2.388654943244448
33.0,244.0,999.9854125976562,-0.5829118325315878,0.59384640490447,4.052967050494216,-1.1689325379039062,-0.2098197125543865,0.858382201093356,1.4536331260337922,-0.6679299508821508,0.3381551993224949,-2.3886558237539064
33.0,244.0,999.9854125976562,-0.582910623671121,0.5938468418117644,4.052966727923948,-1.1689308335329516,-0.2098195639844329,0.8583868100677208,1.4536382508312071,-0.6679286617520228,0.3381589475138593,-2.3886497070908383
33.0,244.0,999.9854736328124,-0.5829131705692623,0.5938446931100403,4.052967470625422,-1.168936521862003,-0.2098168929607489,0.8583832583827427,1.453636761022448,-0.6679289803960016,0.3381547199746206,-2.388654511016397
33.0,244.0,999.9854125976562,-0.5829118836340133,0.5938498672774228,4.052970448674158,-1.168936906297866,-0.2098198975170184,0.8583785078401176,1.45364085488022,-0.6679286995677023,0.3381564304744353,-2.388653206682445
33.0,244.0,999.9854125976562,-0.5829087949499652,0.593845034287007,4.052970508118444,-1.168928547894443,-0.2098224476814145,0.8583875328920989,1.4536368905675996,-0.6679312072480235,0.3381572322704009,-2.38865210320905
33.0,244.0,999.9854125976562,-0.5829084092747854,0.5938428240466642,4.0529676298032165,-1.1689301752317238,-0.2098215715815623,0.8583872038411187,1.4536343144652184,-0.667930122129043,0.3381575164245607,-2.388652078505048
33.0,244.0,999.9854125976562,-0.5829095859804241,0.5938406331269919,4.052968176709722,-1.168931503145088,-0.2098209076946222,0.8583892540233515,1.4536378364109872,-0.6679300194485567,0.3381580775888668,-2.388651822241826
33.0,244.0,999.9854125976562,-0.5829091460442974,0.5938427161815163,4.052967983914659,-1.168932720350056,-0.2098206485035323,0.8583868792050344,1.4536381128011753,-0.6679303655655904,0.3381568038581397,-2.3886493022307667
33.0,244.0,999.9854125976562,-0.5829102950702261,0.5938428858825704,4.052967843380422,-1.1689345573594268,-0.2098205921430471,0.8583856818133491,1.453640637527366,-0.6679287680216106,0.338155448232774,-2.3886515656416583
33.0,244.0,999.9854736328124,-0.5829132984414827,0.5938489709740846,4.052970789807306,-1.1689431320605124,-0.2098171771984027,0.8583788437065039,1.4536445838197327,-0.6679304958069672,0.3381497692766686,-2.3886588798555053
33.0,244.0,999.9854125976562,-0.5829060123603016,0.593836560380093,4.052975365620428,-1.1689241200480105,-0.2098240630418342,0.8583930784502982,1.4536335827633824,-0.667932516673071,0.3381671997029043,-2.3886453038692568
33.0,244.0,999.9854125976562,-0.5829130777597538,0.5938459034936212,4.05296736459896,-1.1689350907835565,-0.2098175064283491,0.8583867499397568,1.4536367382243451,-0.6679312578242138,0.3381519127861487,-2.388658390783621
33.0,244.0,999.9854125976562,-0.5829096502875846,0.5938480877049717,4.052969470781729,-1.1689296632689905,-0.2098215599325366,0.858383474204917,1.453637234407954,-0.6679297083303197,0.3381598485675932,-2.388647974585024
33.0,244.0,999.9854736328124,-0.5829101283680114,0.5938423363521537,4.052960540582697,-1.1689345906917756,-0.2098177857015342,0.858389327678375,1.4536407086056204,-0.6679272886357959,0.3381500429679462,-2.388652960588268
33.0,244.0,999.9854125976562,-0.5829095379166924,0.5938397726318092,4.052970797904784,-1.1689298783720163,-0.2098216385974236,0.8583895757878643,1.4536353100896786,-0.6679303409240527,0.3381610256267029,-2.3886518878919483
33.0,244.0,999.9854125976562,-0.5829102996672404,0.5938429846851196,4.052965962505466,-1.168929693179205,-0.2098191325018907,0.8583894703774142,1.4536324541820091,-0.6679318446519016,0.3381524100688811,-2.388655679076128
33.0,244.0,999.9854125976562,-0.582909041073064,0.5938445933394902,4.052968789229926,-1.1689255048636489,-0.2098215543503538,0.8583868715352221,1.4536343138395118,-0.6679296269553987,0.3381631023521461,-2.3886459364569825
33.0,244.0,999.9854125976562,-0.5829079981854441,0.5938425890157886,4.052973456056153,-1.1689276399711497,-0.2098214250319978,0.858391003394015,1.4536369956328965,-0.6679333548877482,0.3381645668113116,-2.388645873925591
33.0,244.0,999.9854125976562,-0.5829084140763445,0.5938444865442216,4.05297108878584,-1.1689329074348676,-0.2098213018969499,0.8583852301539547,1.4536410024667887,-0.6679290052054352,0.3381607125347718,-2.388648647023889
33.0,244.0,999.9854125976562,-0.5829074859759968,0.5938408413543153,4.052968638928359,-1.168925908185832,-0.2098230076696214,0.8583912672834142,1.453634993209235,-0.6679324347880335,0.3381608337132249,-2.38864655182546
33.0,244.0,999.9854125976562,-0.5829115473700694,0.5938460139440576,4.052964850885889,-1.1689304439558108,-0.2098181028479713,0.8583879471064835,1.4536323913428353,-0.6679312727921927,0.3381554674145794,-2.388653491124757
33.0,244.0,999.9854125976562,-0.5829092241329645,0.5938400562597561,4.052970043100826,-1.1689299670784257,-0.2098208585628489,0.8583913745644365,1.4536382003045911,-0.6679327064800109,0.3381604247301695,-2.3886479785911208
33.0,245.0,999.9854125976562,-0.5829080301043197,0.5938441512901438,4.052970804960252,-1.1689270072208364,-0.2098229107810407,0.8583898767830913,1.4536378131821293,-0.667931716988269,0.3381640396235665,-2.388644091190637
33.0,245.0,999.9854125976562,-0.582910921723645,0.5938468438107751,4.052966354518876,-1.1689291290153667,-0.2098202126618344,0.8583835048482102,1.453632280737395,-0.6679292895314459,0.3381567170107979,-2.38865287793681
33.0,245.0,999.9854736328124,-0.5829062029904666,0.593836395699153,4.05297521198278,-1.1689233558286762,-0.2098249695370118,0.858397728953082,1.4536373324926135,-0.6679363998723336,0.3381654810396544,-2.388640778647529
33.0,245.0,999.9854736328124,-0.5829091291420498,0.5938388910109431,4.052967150645566,-1.1689261358208451,-0.2098195689170978,0.8583933887557249,1.4536333021051293,-0.6679328121856791,0.3381615336939569,-2.3886469840640108
33.0,245.0,999.9854125976562,-0.5829077021455049,0.5938421964434575,4.052971850597512,-1.1689311000567084,-0.2098226586127021,0.8583871230336735,1.45364161511141,-0.6679292513426649,0.3381610531502401,-2.388646284542853
33.0,245.0,999.9854125976562,-0.582909926206022,0.5938419474242105,4.052971420175801,-1.168932870690222,-0.2098210720918212,0.8583868850100913,1.453638483856321,-0.6679319996604036,0.3381580283910708,-2.388651744867325
33.0,245.0,999.9854736328124,-0.5829093102984935,0.5938401568646867,4.052971847942793,-1.1689321136429394,-0.2098221931961754,0.8583863450100884,1.4536405622367097,-0.6679298442439077,0.3381580547510046,-2.3886512453787203
33.0,245.0,999.9854736328124,-0.5829102107186133,0.5938450663850912,4.052964011930246,-1.1689338308235508,-0.2098190051254942,0.8583842931100971,1.4536381434228964,-0.6679286246445066,0.3381533882382284,-2.388653436662032
33.0,245.0,999.9854125976562,-0.5829092924358914,0.593841125737729,4.0529671244572505,-1.1689300210327196,-0.2098199465649806,0.8583923780187774,1.4536351596033086,-0.6679319210208412,0.3381551813859733,-2.3886527196902003
33.0,245.0,999.9854125976562,-0.5829096201509207,0.5938454267090378,4.05296790881671,-1.168928026857381,-0.2098199477678166,0.8583878847484936,1.4536299579781904,-0.6679311170747155,0.3381597506681357,-2.388650344920144
33.0,245.0,999.9854125976562,-0.5829115196642194,0.5938448183503571,4.05296804846466,-1.1689363929749534,-0.2098177083492975,0.8583836386790686,1.453637655776726,-0.6679287530701323,0.3381553541021622,-2.3886563076135663
33.0,245.0,999.9854125976562,-0.582908210720384,0.5938390242467362,4.052972765647283,-1.168931862945758,-0.2098214532051461,0.8583910098607266,1.4536384786628522,-0.667932401101357,0.3381581515151532,-2.388651526432724
33.0,245.0,999.9854736328124,-0.5829071982660743,0.5938449731229305,4.052969306157664,-1.168923804645459,-0.2098230645946781,0.85838952677181,1.4536342832907012,-0.6679330212206605,0.3381650500633002,-2.388643845778672
33.0,245.0,999.9854736328124,-0.5829095726843958,0.5938407385559428,4.052971954665734,-1.1689341525171448,-0.209820247370847,0.8583868209768948,1.4536418738817725,-0.6679298274476588,0.3381583928375686,-2.388650999240728
33.0,245.0,999.9854125976562,-0.5829100751635394,0.5938476280285112,4.0529673532464745,-1.1689307375966438,-0.2098200484741292,0.8583837688255445,1.453634020763812,-0.667930186750664,0.3381546992962994,-2.3886517699105085
33.0,245.0,999.9854125976562,-0.5829100681240824,0.5938456765182334,4.052969274383969,-1.1689332759884987,-0.2098209617938327,0.8583825058052259,1.4536375603755474,-0.6679303053496808,0.338157951095801,-2.3886492853262418
33.0,245.0,999.9854736328124,-0.5829137736605352,0.5938444058658412,4.052969872509909,-1.1689348985154933,-0.2098161165663512,0.858386272324454,1.4536341886582802,-0.6679319963189352,0.3381573117470147,-2.3886544254390083
33.0,245.0,999.9854125976562,-0.5829098110707651,0.5938424344959188,4.052967700342922,-1.1689340197207023,-0.2098209492703437,0.8583875615235144,1.4536415851907076,-0.6679289928054075,0.3381543218562779,-2.3886531144276835
33.0,245.0,999.9854125976562,-0.5829095912944267,0.5938460000806911,4.052968302634829,-1.1689292857165583,-0.2098203361913579,0.8583858282352903,1.453633626359112,-0.6679317933515616,0.3381569036183371,-2.388649908606848
33.0,245.0,999.9854125976562,-0.5829083286359023,0.5938429914468362,4.052969750829666,-1.1689276088161824,-0.209821789504347,0.8583877389542769,1.453635512111461,-0.6679292388258498,0.338161579608176,-2.3886467668245155
33.0,245.0,999.9854736328124,-0.582908315466339,0.5938364726323808,4.052966911526594,-1.1689218542862916,-0.2098219623189905,0.8583980305806707,1.4536316359405728,-0.6679333976108337,0.3381608434691507,-2.388647879782237
33.0,245.0,999.9854125976562,-0.5829087331506964,0.5938436902926645,4.052969387091823,-1.1689274507897056,-0.2098199292101972,0.8583898443253428,1.4536331330359609,-0.6679329909130951,0.3381574499636564,-2.388652233254627
33.0,245.0,999.9854125976562,-0.582907726887834,0.5938431441529355,4.052967908674907,-1.168925345477649,-0.2098221326248337,0.8583891147660596,1.4536340246089008,-0.667931358047336,0.3381620073938247,-2.3886463715820616
33.0,245.0,999.9854125976562,-0.5829076798980068,0.5938404117607945,4.05297051304596,-1.1689275600606424,-0.209821713372114,0.8583913031801487,1.453635672254431,-0.6679319112536026,0.3381615227801768,-2.3886457164473
33.0,245.0,999.9854125976562,-0.5829093460172396,0.5938416178402219,4.052967900981471,-1.16892803086867,-0.2098216172350495,0.8583898148066798,1.4536348322165606,-0.6679315195619742,0.3381570621749787,-2.388653151886704
33.0,245.0,999.9854125976562,-0.5829111423812021,0.5938417281242927,4.052967273692527,-1.168937990894396,-0.2098188783213892,0.8583862980719843,1.4536387175801018,-0.6679299581983047,0.3381527562499551,-2.3886556633371887
33.0,245.0,999.9854125976562,-0.5829098067737242,0.5938418869161852,4.052969926076772,-1.168932962879614,-0.2098200096625611,0.8583881816774657,1.4536382420763443,-0.6679309183147435,0.3381584980015013,-2.3886515618888686
33.0,245.0,999.9854125976562,-0.5829103778848639,0.5938422112375878,4.052969555587008,-1.1689317202119307,-0.2098178053476322,0.8583889493228556,1.4536322108663455,-0.6679313620737739,0.33815856587628,-2.388654943244448
33.0,245.0,999.9854125976562,-0.5829118325315878,0.59384640490447,4.052967050494216,-1.1689325379039062,-0.2098197125543865,0.858382201093356,1.4536331260337922,-0.6679299508821508,0.3381551993224949,-2.3886558237539064
33.0,245.0,999.9854125976562,-0.582910623671121,0.5938468418117644,4.052966727923948,-1.1689308335329516,-0.2098195639844329,0.8583868100677208,1.4536382508312071,-0.6679286617520228,0.3381589475138593,-2.3886497070908383
33.0,245.0,999.9854736328124,-0.5829131705692623,0.5938446931100403,4.052967470625422,-1.168936521862003,-0.2098168929607489,0.8583832583827427,1.453636761022448,-0.6679289803960016,0.3381547199746206,-2.388654511016397
33.0,245.0,999.9854125976562,-0.5829118836340133,0.5938498672774228,4.052970448674158,-1.168936906297866,-0.2098198975170184,0.8583785078401176,1.45364085488022,-0.6679286995677023,0.3381564304744353,-2.388653206682445
33.0,245.0,999.9854125976562,-0.5829087949499652,0.593845034287007,4.052970508118444,-1.168928547894443,-0.2098224476814145,0.8583875328920989,1.4536368905675996,-0.6679312072480235,0.3381572322704009,-2.38865210320905
33.0,245.0,999.9854125976562,-0.5829084092747854,0.5938428240466642,4.0529676298032165,-1.1689301752317238,-0.2098215715815623,0.8583872038411187,1.4536343144652184,-0.667930122129043,0.3381575164245607,-2.388652078505048
33.0,245.0,999.9854125976562,-0.5829095859804241,0.5938406331269919,4.052968176709722,-1.168931503145088,-0.2098209076946222,0.8583892540233515,1.4536378364109872,-0.6679300194485567,0.3381580775888668,-2.388651822241826
33.0,245.0,999.9854125976562,-0.5829091460442974,0.5938427161815163,4.052967983914659,-1.168932720350056,-0.2098206485035323,0.8583868792050344,1.4536381128011753,-0.6679303655655904,0.3381568038581397,-2.3886493022307667
33.0,245.0,999.9854125976562,-0.5829102950702261,0.5938428858825704,4.052967843380422,-1.1689345573594268,-0.2098205921430471,0.8583856818133491,1.453640637527366,-0.6679287680216106,0.338155448232774,-2.3886515656416583
33.0,245.0,999.9854736328124,-0.5829132984414827,0.5938489709740846,4.052970789807306,-1.1689431320605124,-0.2098171771984027,0.8583788437065039,1.4536445838197327,-0.6679304958069672,0.3381497692766686,-2.3886588798555053
33.0,245.0,999.9854125976562,-0.5829060123603016,0.593836560380093,4.052975365620428,-1.1689241200480105,-0.2098240630418342,0.8583930784502982,1.4536335827633824,-0.667932516673071,0.3381671997029043,-2.3886453038692568
33.0,245.0,999.9854125976562,-0.5829130777597538,0.5938459034936212,4.05296736459896,-1.1689350907835565,-0.2098175064283491,0.8583867499397568,1.4536367382243451,-0.6679312578242138,0.3381519127861487,-2.388658390783621
33.0,245.0,999.9854125976562,-0.5829096502875846,0.5938480877049717,4.052969470781729,-1.1689296632689905,-0.2098215599325366,0.858383474204917,1.453637234407954,-0.6679297083303197,0.3381598485675932,-2.388647974585024
33.0,245.0,999.9854736328124,-0.5829101283680114,0.5938423363521537,4.052960540582697,-1.1689345906917756,-0.2098177857015342,0.858389327678375,1.4536407086056204,-0.6679272886357959,0.3381500429679462,-2.388652960588268
33.0,245.0,999.9854125976562,-0.5829095379166924,0.5938397726318092,4.052970797904784,-1.1689298783720163,-0.2098216385974236,0.8583895757878643,1.4536353100896786,-0.6679303409240527,0.3381610256267029,-2.3886518878919483
33.0,245.0,999.9854125976562,-0.5829102996672404,0.5938429846851196,4.052965962505466,-1.168929693179205,-0.2098191325018907,0.8583894703774142,1.4536324541820091,-0.6679318446519016,0.3381524100688811,-2.388655679076128
33.0,245.0,999.9854125976562,-0.582909041073064,0.5938445933394902,4.052968789229926,-1.1689255048636489,-0.2098215543503538,0.8583868715352221,1.4536343138395118,-0.6679296269553987,0.3381631023521461,-2.3886459364569825
33.0,245.0,999.9854125976562,-0.5829079981854441,0.5938425890157886,4.052973456056153,-1.1689276399711497,-0.2098214250319978,0.858391003394015,1.4536369956328965,-0.6679333548877482,0.3381645668113116,-2.388645873925591
33.0,245.0,999.9854125976562,-0.5829084140763445,0.5938444865442216,4.05297108878584,-1.1689329074348676,-0.2098213018969499,0.8583852301539547,1.4536410024667887,-0.6679290052054352,0.3381607125347718,-2.388648647023889
33.0,245.0,999.9854125976562,-0.5829074859759968,0.5938408413543153,4.052968638928359,-1.168925908185832,-0.2098230076696214,0.8583912672834142,1.453634993209235,-0.6679324347880335,0.3381608337132249,-2.38864655182546
33.0,245.0,999.9854125976562,-0.5829115473700694,0.5938460139440576,4.052964850885889,-1.1689304439558108,-0.2098181028479713,0.8583879471064835,1.4536323913428353,-0.6679312727921927,0.3381554674145794,-2.388653491124757
33.0,245.0,999.9854125976562,-0.5829092241329645,0.5938400562597561,4.052970043100826,-1.1689299670784257,-0.2098208585628489,0.8583913745644365,1.4536382003045911,-0.6679327064800109,0.3381604247301695,-2.3886479785911208
33.0,246.0,999.9854125976562,-0.5829080301043197,0.5938441512901438,4.052970804960252,-1.1689270072208364,-0.2098229107810407,0.8583898767830913,1.4536378131821293,-0.667931716988269,0.3381640396235665,-2.388644091190637
33.0,246.0,999.9854125976562,-0.582910921723645,0.5938468438107751,4.052966354518876,-1.1689291290153667,-0.2098202126618344,0.8583835048482102,1.453632280737395,-0.6679292895314459,0.3381567170107979,-2.38865287793681
33.0,246.0,999.9854736328124,-0.5829062029904666,0.593836395699153,4.05297521198278,-1.1689233558286762,-0.2098249695370118,0.858397728953082,1.4536373324926135,-0.6679363998723336,0.3381654810396544,-2.388640778647529
33.0,246.0,999.9854736328124,-0.5829091291420498,0.5938388910109431,4.052967150645566,-1.1689261358208451,-0.2098195689170978,0.8583933887557249,1.4536333021051293,-0.6679328121856791,0.3381615336939569,-2.3886469840640108
33.0,246.0,999.9854125976562,-0.5829077021455049,0.5938421964434575,4.052971850597512,-1.1689311000567084,-0.2098226586127021,0.8583871230336735,1.45364161511141,-0.6679292513426649,0.3381610531502401,-2.388646284542853
33.0,246.0,999.9854125976562,-0.582909926206022,0.5938419474242105,4.052971420175801,-1.168932870690222,-0.2098210720918212,0.8583868850100913,1.453638483856321,-0.6679319996604036,0.3381580283910708,-2.388651744867325
33.0,246.0,999.9854736328124,-0.5829093102984935,0.5938401568646867,4.052971847942793,-1.1689321136429394,-0.2098221931961754,0.8583863450100884,1.4536405622367097,-0.6679298442439077,0.3381580547510046,-2.3886512453787203
33.0,246.0,999.9854736328124,-0.5829102107186133,0.5938450663850912,4.052964011930246,-1.1689338308235508,-0.2098190051254942,0.8583842931100971,1.4536381434228964,-0.6679286246445066,0.3381533882382284,-2.388653436662032
33.0,246.0,999.9854125976562,-0.5829092924358914,0.593841125737729,4.0529671244572505,-1.1689300210327196,-0.2098199465649806,0.8583923780187774,1.4536351596033086,-0.6679319210208412,0.3381551813859733,-2.3886527196902003
33.0,246.0,999.9854125976562,-0.5829096201509207,0.5938454267090378,4.05296790881671,-1.168928026857381,-0.2098199477678166,0.8583878847484936,1.4536299579781904,-0.6679311170747155,0.3381597506681357,-2.388650344920144
33.0,246.0,999.9854125976562,-0.5829115196642194,0.5938448183503571,4.05296804846466,-1.1689363929749534,-0.2098177083492975,0.8583836386790686,1.453637655776726,-0.6679287530701323,0.3381553541021622,-2.3886563076135663
33.0,246.0,999.9854125976562,-0.582908210720384,0.5938390242467362,4.052972765647283,-1.168931862945758,-0.2098214532051461,0.8583910098607266,1.4536384786628522,-0.667932401101357,0.3381581515151532,-2.388651526432724
33.0,246.0,999.9854736328124,-0.5829071982660743,0.5938449731229305,4.052969306157664,-1.168923804645459,-0.2098230645946781,0.85838952677181,1.4536342832907012,-0.6679330212206605,0.3381650500633002,-2.388643845778672
33.0,246.0,999.9854736328124,-0.5829095726843958,0.5938407385559428,4.052971954665734,-1.1689341525171448,-0.209820247370847,0.8583868209768948,1.4536418738817725,-0.6679298274476588,0.3381583928375686,-2.388650999240728
33.0,246.0,999.9854125976562,-0.5829100751635394,0.5938476280285112,4.0529673532464745,-1.1689307375966438,-0.2098200484741292,0.8583837688255445,1.453634020763812,-0.667930186750664,0.3381546992962994,-2.3886517699105085
33.0,246.0,999.9854125976562,-0.5829100681240824,0.5938456765182334,4.052969274383969,-1.1689332759884987,-0.2098209617938327,0.8583825058052259,1.4536375603755474,-0.6679303053496808,0.338157951095801,-2.3886492853262418
33.0,246.0,999.9854736328124,-0.5829137736605352,0.5938444058658412,4.052969872509909,-1.1689348985154933,-0.2098161165663512,0.858386272324454,1.4536341886582802,-0.6679319963189352,0.3381573117470147,-2.3886544254390083
33.0,246.0,999.9854125976562,-0.5829098110707651,0.5938424344959188,4.052967700342922,-1.1689340197207023,-0.2098209492703437,0.8583875615235144,1.4536415851907076,-0.6679289928054075,0.3381543218562779,-2.3886531144276835
33.0,246.0,999.9854125976562,-0.5829095912944267,0.5938460000806911,4.052968302634829,-1.1689292857165583,-0.2098203361913579,0.8583858282352903,1.453633626359112,-0.6679317933515616,0.3381569036183371,-2.388649908606848
33.0,246.0,999.9854125976562,-0.5829083286359023,0.5938429914468362,4.052969750829666,-1.1689276088161824,-0.209821789504347,0.8583877389542769,1.453635512111461,-0.6679292388258498,0.338161579608176,-2.3886467668245155
33.0,246.0,999.9854736328124,-0.582908315466339,0.5938364726323808,4.052966911526594,-1.1689218542862916,-0.2098219623189905,0.8583980305806707,1.4536316359405728,-0.6679333976108337,0.3381608434691507,-2.388647879782237
33.0,246.0,999.9854125976562,-0.5829087331506964,0.5938436902926645,4.052969387091823,-1.1689274507897056,-0.2098199292101972,0.8583898443253428,1.4536331330359609,-0.6679329909130951,0.3381574499636564,-2.388652233254627
33.0,246.0,999.9854125976562,-0.582907726887834,0.5938431441529355,4.052967908674907,-1.168925345477649,-0.2098221326248337,0.8583891147660596,1.4536340246089008,-0.667931358047336,0.3381620073938247,-2.3886463715820616
33.0,246.0,999.9854125976562,-0.5829076798980068,0.5938404117607945,4.05297051304596,-1.1689275600606424,-0.209821713372114,0.8583913031801487,1.453635672254431,-0.6679319112536026,0.3381615227801768,-2.3886457164473
33.0,246.0,999.9854125976562,-0.5829093460172396,0.5938416178402219,4.052967900981471,-1.16892803086867,-0.2098216172350495,0.8583898148066798,1.4536348322165606,-0.6679315195619742,0.3381570621749787,-2.388653151886704
33.0,246.0,999.9854125976562,-0.5829111423812021,0.5938417281242927,4.052967273692527,-1.168937990894396,-0.2098188783213892,0.8583862980719843,1.4536387175801018,-0.6679299581983047,0.3381527562499551,-2.3886556633371887
33.0,246.0,999.9854125976562,-0.5829098067737242,0.5938418869161852,4.052969926076772,-1.168932962879614,-0.2098200096625611,0.8583881816774657,1.4536382420763443,-0.6679309183147435,0.3381584980015013,-2.3886515618888686
33.0,246.0,999.9854125976562,-0.5829103778848639,0.5938422112375878,4.052969555587008,-1.1689317202119307,-0.2098178053476322,0.8583889493228556,1.4536322108663455,-0.6679313620737739,0.33815856587628,-2.388654943244448
33.0,246.0,999.9854125976562,-0.5829118325315878,0.59384640490447,4.052967050494216,-1.1689325379039062,-0.2098197125543865,0.858382201093356,1.4536331260337922,-0.6679299508821508,0.3381551993224949,-2.3886558237539064
33.0,246.0,999.9854125976562,-0.582910623671121,0.5938468418117644,4.052966727923948,-1.1689308335329516,-0.2098195639844329,0.8583868100677208,1.4536382508312071,-0.6679286617520228,0.3381589475138593,-2.3886497070908383
33.0,246.0,999.9854736328124,-0.5829131705692623,0.5938446931100403,4.052967470625422,-1.168936521862003,-0.2098168929607489,0.8583832583827427,1.453636761022448,-0.6679289803960016,0.3381547199746206,-2.388654511016397
33.0,246.0,999.9854125976562,-0.5829118836340133,0.5938498672774228,4.052970448674158,-1.168936906297866,-0.2098198975170184,0.8583785078401176,1.45364085488022,-0.6679286995677023,0.3381564304744353,-2.388653206682445
33.0,246.0,999.9854125976562,-0.5829087949499652,0.593845034287007,4.052970508118444,-1.168928547894443,-0.2098224476814145,0.8583875328920989,1.4536368905675996,-0.6679312072480235,0.3381572322704009,-2.38865210320905
33.0,246.0,999.9854125976562,-0.5829084092747854,0.5938428240466642,4.0529676298032165,-1.1689301752317238,-0.2098215715815623,0.8583872038411187,1.4536343144652184,-0.667930122129043,0.3381575164245607,-2.388652078505048
33.0,246.0,999.9854125976562,-0.5829095859804241,0.5938406331269919,4.052968176709722,-1.168931503145088,-0.2098209076946222,0.8583892540233515,1.4536378364109872,-0.6679300194485567,0.3381580775888668,-2.388651822241826
33.0,246.0,999.9854125976562,-0.5829091460442974,0.5938427161815163,4.052967983914659,-1.168932720350056,-0.2098206485035323,0.8583868792050344,1.4536381128011753,-0.6679303655655904,0.3381568038581397,-2.3886493022307667
33.0,246.0,999.9854125976562,-0.5829102950702261,0.5938428858825704,4.052967843380422,-1.1689345573594268,-0.2098205921430471,0.8583856818133491,1.453640637527366,-0.6679287680216106,0.338155448232774,-2.3886515656416583
33.0,246.0,999.9854736328124,-0.5829132984414827,0.5938489709740846,4.052970789807306,-1.1689431320605124,-0.2098171771984027,0.8583788437065039,1.4536445838197327,-0.6679304958069672,0.3381497692766686,-2.3886588798555053
33.0,246.0,999.9854125976562,-0.5829060123603016,0.593836560380093,4.052975365620428,-1.1689241200480105,-0.2098240630418342,0.8583930784502982,1.4536335827633824,-0.667932516673071,0.3381671997029043,-2.3886453038692568
33.0,246.0,999.9854125976562,-0.5829130777597538,0.5938459034936212,4.05296736459896,-1.1689350907835565,-0.2098175064283491,0.8583867499397568,1.4536367382243451,-0.6679312578242138,0.3381519127861487,-2.388658390783621
33.0,246.0,999.9854125976562,-0.5829096502875846,0.5938480877049717,4.052969470781729,-1.1689296632689905,-0.2098215599325366,0.858383474204917,1.453637234407954,-0.6679297083303197,0.3381598485675932,-2.388647974585024
33.0,246.0,999.9854736328124,-0.5829101283680114,0.5938423363521537,4.052960540582697,-1.1689345906917756,-0.2098177857015342,0.858389327678375,1.4536407086056204,-0.6679272886357959,0.3381500429679462,-2.388652960588268
33.0,246.0,999.9854125976562,-0.5829095379166924,0.5938397726318092,4.052970797904784,-1.1689298783720163,-0.2098216385974236,0.8583895757878643,1.4536353100896786,-0.6679303409240527,0.3381610256267029,-2.3886518878919483
33.0,246.0,999.9854125976562,-0.5829102996672404,0.5938429846851196,4.052965962505466,-1.168929693179205,-0.2098191325018907,0.8583894703774142,1.4536324541820091,-0.6679318446519016,0.3381524100688811,-2.388655679076128
33.0,246.0,999.9854125976562,-0.582909041073064,0.5938445933394902,4.052968789229926,-1.1689255048636489,-0.2098215543503538,0.8583868715352221,1.4536343138395118,-0.6679296269553987,0.3381631023521461,-2.3886459364569825
33.0,246.0,999.9854125976562,-0.5829079981854441,0.5938425890157886,4.052973456056153,-1.1689276399711497,-0.2098214250319978,0.858391003394015,1.4536369956328965,-0.6679333548877482,0.3381645668113116,-2.388645873925591
33.0,246.0,999.9854125976562,-0.5829084140763445,0.5938444865442216,4.05297108878584,-1.1689329074348676,-0.2098213018969499,0.8583852301539547,1.4536410024667887,-0.6679290052054352,0.3381607125347718,-2.388648647023889
33.0,246.0,999.9854125976562,-0.5829074859759968,0.5938408413543153,4.052968638928359,-1.168925908185832,-0.2098230076696214,0.8583912672834142,1.453634993209235,-0.6679324347880335,0.3381608337132249,-2.38864655182546
33.0,246.0,999.9854125976562,-0.5829115473700694,0.5938460139440576,4.052964850885889,-1.1689304439558108,-0.2098181028479713,0.8583879471064835,1.4536323913428353,-0.6679312727921927,0.3381554674145794,-2.388653491124757
33.0,246.0,999.9854125976562,-0.5829092241329645,0.5938400562597561,4.052970043100826,-1.1689299670784257,-0.2098208585628489,0.8583913745644365,1.4536382003045911,-0.6679327064800109,0.3381604247301695,-2.3886479785911208
33.0,247.0,999.9854125976562,-0.5829080301043197,0.5938441512901438,4.052970804960252,-1.1689270072208364,-0.2098229107810407,0.8583898767830913,1.4536378131821293,-0.667931716988269,0.3381640396235665,-2.388644091190637
33.0,247.0,999.9854125976562,-0.582910921723645,0.5938468438107751,4.052966354518876,-1.1689291290153667,-0.2098202126618344,0.8583835048482102,1.453632280737395,-0.6679292895314459,0.3381567170107979,-2.38865287793681
33.0,247.0,999.9854736328124,-0.5829062029904666,0.593836395699153,4.05297521198278,-1.1689233558286762,-0.2098249695370118,0.858397728953082,1.4536373324926135,-0.6679363998723336,0.3381654810396544,-2.388640778647529
33.0,247.0,999.9854736328124,-0.5829091291420498,0.5938388910109431,4.052967150645566,-1.1689261358208451,-0.2098195689170978,0.8583933887557249,1.4536333021051293,-0.6679328121856791,0.3381615336939569,-2.3886469840640108
33.0,247.0,999.9854125976562,-0.5829077021455049,0.5938421964434575,4.052971850597512,-1.1689311000567084,-0.2098226586127021,0.8583871230336735,1.45364161511141,-0.6679292513426649,0.3381610531502401,-2.388646284542853
33.0,247.0,999.9854125976562,-0.582909926206022,0.5938419474242105,4.052971420175801,-1.168932870690222,-0.2098210720918212,0.8583868850100913,1.453638483856321,-0.6679319996604036,0.3381580283910708,-2.388651744867325
33.0,247.0,999.9854736328124,-0.5829093102984935,0.5938401568646867,4.052971847942793,-1.1689321136429394,-0.2098221931961754,0.8583863450100884,1.4536405622367097,-0.6679298442439077,0.3381580547510046,-2.3886512453787203
33.0,247.0,999.9854736328124,-0.5829102107186133,0.5938450663850912,4.052964011930246,-1.1689338308235508,-0.2098190051254942,0.8583842931100971,1.4536381434228964,-0.6679286246445066,0.3381533882382284,-2.388653436662032
33.0,247.0,999.9854125976562,-0.5829092924358914,0.593841125737729,4.0529671244572505,-1.1689300210327196,-0.2098199465649806,0.8583923780187774,1.4536351596033086,-0.6679319210208412,0.3381551813859733,-2.3886527196902003
33.0,247.0,999.9854125976562,-0.5829096201509207,0.5938454267090378,4.05296790881671,-1.168928026857381,-0.2098199477678166,0.8583878847484936,1.4536299579781904,-0.6679311170747155,0.3381597506681357,-2.388650344920144
33.0,247.0,999.9854125976562,-0.5829115196642194,0.5938448183503571,4.05296804846466,-1.1689363929749534,-0.2098177083492975,0.8583836386790686,1.453637655776726,-0.6679287530701323,0.3381553541021622,-2.3886563076135663
33.0,247.0,999.9854125976562,-0.582908210720384,0.5938390242467362,4.052972765647283,-1.168931862945758,-0.2098214532051461,0.8583910098607266,1.4536384786628522,-0.667932401101357,0.3381581515151532,-2.388651526432724
33.0,247.0,999.9854736328124,-0.5829071982660743,0.5938449731229305,4.052969306157664,-1.168923804645459,-0.2098230645946781,0.85838952677181,1.4536342832907012,-0.6679330212206605,0.3381650500633002,-2.388643845778672
33.0,247.0,999.9854736328124,-0.5829095726843958,0.5938407385559428,4.052971954665734,-1.1689341525171448,-0.209820247370847,0.8583868209768948,1.4536418738817725,-0.6679298274476588,0.3381583928375686,-2.388650999240728
33.0,247.0,999.9854125976562,-0.5829100751635394,0.5938476280285112,4.0529673532464745,-1.1689307375966438,-0.2098200484741292,0.8583837688255445,1.453634020763812,-0.667930186750664,0.3381546992962994,-2.3886517699105085
33.0,247.0,999.9854125976562,-0.5829100681240824,0.5938456765182334,4.052969274383969,-1.1689332759884987,-0.2098209617938327,0.8583825058052259,1.4536375603755474,-0.6679303053496808,0.338157951095801,-2.3886492853262418
33.0,247.0,999.9854736328124,-0.5829137736605352,0.5938444058658412,4.052969872509909,-1.1689348985154933,-0.2098161165663512,0.858386272324454,1.4536341886582802,-0.6679319963189352,0.3381573117470147,-2.3886544254390083
33.0,247.0,999.9854125976562,-0.5829098110707651,0.5938424344959188,4.052967700342922,-1.1689340197207023,-0.2098209492703437,0.8583875615235144,1.4536415851907076,-0.6679289928054075,0.3381543218562779,-2.3886531144276835
33.0,247.0,999.9854125976562,-0.5829095912944267,0.5938460000806911,4.052968302634829,-1.1689292857165583,-0.2098203361913579,0.8583858282352903,1.453633626359112,-0.6679317933515616,0.3381569036183371,-2.388649908606848
33.0,247.0,999.9854125976562,-0.5829083286359023,0.5938429914468362,4.052969750829666,-1.1689276088161824,-0.209821789504347,0.8583877389542769,1.453635512111461,-0.6679292388258498,0.338161579608176,-2.3886467668245155
33.0,247.0,999.9854736328124,-0.582908315466339,0.5938364726323808,4.052966911526594,-1.1689218542862916,-0.2098219623189905,0.8583980305806707,1.4536316359405728,-0.6679333976108337,0.3381608434691507,-2.388647879782237
33.0,247.0,999.9854125976562,-0.5829087331506964,0.5938436902926645,4.052969387091823,-1.1689274507897056,-0.2098199292101972,0.8583898443253428,1.4536331330359609,-0.6679329909130951,0.3381574499636564,-2.388652233254627
33.0,247.0,999.9854125976562,-0.582907726887834,0.5938431441529355,4.052967908674907,-1.168925345477649,-0.2098221326248337,0.8583891147660596,1.4536340246089008,-0.667931358047336,0.3381620073938247,-2.3886463715820616
33.0,247.0,999.9854125976562,-0.5829076798980068,0.5938404117607945,4.05297051304596,-1.1689275600606424,-0.209821713372114,0.8583913031801487,1.453635672254431,-0.6679319112536026,0.3381615227801768,-2.3886457164473
33.0,247.0,999.9854125976562,-0.5829093460172396,0.5938416178402219,4.052967900981471,-1.16892803086867,-0.2098216172350495,0.8583898148066798,1.4536348322165606,-0.6679315195619742,0.3381570621749787,-2.388653151886704
33.0,247.0,999.9854125976562,-0.5829111423812021,0.5938417281242927,4.052967273692527,-1.168937990894396,-0.2098188783213892,0.8583862980719843,1.4536387175801018,-0.6679299581983047,0.3381527562499551,-2.3886556633371887
33.0,247.0,999.9854125976562,-0.5829098067737242,0.5938418869161852,4.052969926076772,-1.168932962879614,-0.2098200096625611,0.8583881816774657,1.4536382420763443,-0.6679309183147435,0.3381584980015013,-2.3886515618888686
33.0,247.0,999.9854125976562,-0.5829103778848639,0.5938422112375878,4.052969555587008,-1.1689317202119307,-0.2098178053476322,0.8583889493228556,1.4536322108663455,-0.6679313620737739,0.33815856587628,-2.388654943244448
33.0,247.0,999.9854125976562,-0.5829118325315878,0.59384640490447,4.052967050494216,-1.1689325379039062,-0.2098197125543865,0.858382201093356,1.4536331260337922,-0.6679299508821508,0.3381551993224949,-2.3886558237539064
33.0,247.0,999.9854125976562,-0.582910623671121,0.5938468418117644,4.052966727923948,-1.1689308335329516,-0.2098195639844329,0.8583868100677208,1.4536382508312071,-0.6679286617520228,0.3381589475138593,-2.3886497070908383
33.0,247.0,999.9854736328124,-0.5829131705692623,0.5938446931100403,4.052967470625422,-1.168936521862003,-0.2098168929607489,0.8583832583827427,1.453636761022448,-0.6679289803960016,0.3381547199746206,-2.388654511016397
33.0,247.0,999.9854125976562,-0.5829118836340133,0.5938498672774228,4.052970448674158,-1.168936906297866,-0.2098198975170184,0.8583785078401176,1.45364085488022,-0.6679286995677023,0.3381564304744353,-2.388653206682445
33.0,247.0,999.9854125976562,-0.5829087949499652,0.593845034287007,4.052970508118444,-1.168928547894443,-0.2098224476814145,0.8583875328920989,1.4536368905675996,-0.6679312072480235,0.3381572322704009,-2.38865210320905
33.0,247.0,999.9854125976562,-0.5829084092747854,0.5938428240466642,4.0529676298032165,-1.1689301752317238,-0.2098215715815623,0.8583872038411187,1.4536343144652184,-0.667930122129043,0.3381575164245607,-2.388652078505048
33.0,247.0,999.9854125976562,-0.5829095859804241,0.5938406331269919,4.052968176709722,-1.168931503145088,-0.2098209076946222,0.8583892540233515,1.4536378364109872,-0.6679300194485567,0.3381580775888668,-2.388651822241826
33.0,247.0,999.9854125976562,-0.5829091460442974,0.5938427161815163,4.052967983914659,-1.168932720350056,-0.2098206485035323,0.8583868792050344,1.4536381128011753,-0.6679303655655904,0.3381568038581397,-2.3886493022307667
33.0,247.0,999.9854125976562,-0.5829102950702261,0.5938428858825704,4.052967843380422,-1.1689345573594268,-0.2098205921430471,0.8583856818133491,1.453640637527366,-0.6679287680216106,0.338155448232774,-2.3886515656416583
33.0,247.0,999.9854736328124,-0.5829132984414827,0.5938489709740846,4.052970789807306,-1.1689431320605124,-0.2098171771984027,0.8583788437065039,1.4536445838197327,-0.6679304958069672,0.3381497692766686,-2.3886588798555053
33.0,247.0,999.9854125976562,-0.5829060123603016,0.593836560380093,4.052975365620428,-1.1689241200480105,-0.2098240630418342,0.8583930784502982,1.4536335827633824,-0.667932516673071,0.3381671997029043,-2.3886453038692568
33.0,247.0,999.9854125976562,-0.5829130777597538,0.5938459034936212,4.05296736459896,-1.1689350907835565,-0.2098175064283491,0.8583867499397568,1.4536367382243451,-0.6679312578242138,0.3381519127861487,-2.388658390783621
33.0,247.0,999.9854125976562,-0.5829096502875846,0.5938480877049717,4.052969470781729,-1.1689296632689905,-0.2098215599325366,0.858383474204917,1.453637234407954,-0.6679297083303197,0.3381598485675932,-2.388647974585024
33.0,247.0,999.9854736328124,-0.5829101283680114,0.5938423363521537,4.052960540582697,-1.1689345906917756,-0.2098177857015342,0.858389327678375,1.4536407086056204,-0.6679272886357959,0.3381500429679462,-2.388652960588268
33.0,247.0,999.9854125976562,-0.5829095379166924,0.5938397726318092,4.052970797904784,-1.1689298783720163,-0.2098216385974236,0.8583895757878643,1.4536353100896786,-0.6679303409240527,0.3381610256267029,-2.3886518878919483
33.0,247.0,999.9854125976562,-0.5829102996672404,0.5938429846851196,4.052965962505466,-1.168929693179205,-0.2098191325018907,0.8583894703774142,1.4536324541820091,-0.6679318446519016,0.3381524100688811,-2.388655679076128
33.0,247.0,999.9854125976562,-0.582909041073064,0.5938445933394902,4.052968789229926,-1.1689255048636489,-0.2098215543503538,0.8583868715352221,1.4536343138395118,-0.6679296269553987,0.3381631023521461,-2.3886459364569825
33.0,247.0,999.9854125976562,-0.5829079981854441,0.5938425890157886,4.052973456056153,-1.1689276399711497,-0.2098214250319978,0.858391003394015,1.4536369956328965,-0.6679333548877482,0.3381645668113116,-2.388645873925591
33.0,247.0,999.9854125976562,-0.5829084140763445,0.5938444865442216,4.05297108878584,-1.1689329074348676,-0.2098213018969499,0.8583852301539547,1.4536410024667887,-0.6679290052054352,0.3381607125347718,-2.388648647023889
33.0,247.0,999.9854125976562,-0.5829074859759968,0.5938408413543153,4.052968638928359,-1.168925908185832,-0.2098230076696214,0.8583912672834142,1.453634993209235,-0.6679324347880335,0.3381608337132249,-2.38864655182546
33.0,247.0,999.9854125976562,-0.5829115473700694,0.5938460139440576,4.052964850885889,-1.1689304439558108,-0.2098181028479713,0.8583879471064835,1.4536323913428353,-0.6679312727921927,0.3381554674145794,-2.388653491124757
33.0,247.0,999.9854125976562,-0.5829092241329645,0.5938400562597561,4.052970043100826,-1.1689299670784257,-0.2098208585628489,0.8583913745644365,1.4536382003045911,-0.6679327064800109,0.3381604247301695,-2.3886479785911208
33.0,248.0,999.9854125976562,-0.5829080301043197,0.5938441512901438,4.052970804960252,-1.1689270072208364,-0.2098229107810407,0.8583898767830913,1.4536378131821293,-0.667931716988269,0.3381640396235665,-2.388644091190637
33.0,248.0,999.9854125976562,-0.582910921723645,0.5938468438107751,4.052966354518876,-1.1689291290153667,-0.2098202126618344,0.8583835048482102,1.453632280737395,-0.6679292895314459,0.3381567170107979,-2.38865287793681
33.0,248.0,999.9854736328124,-0.5829062029904666,0.593836395699153,4.05297521198278,-1.1689233558286762,-0.2098249695370118,0.858397728953082,1.4536373324926135,-0.6679363998723336,0.3381654810396544,-2.388640778647529
33.0,248.0,999.9854736328124,-0.5829091291420498,0.5938388910109431,4.052967150645566,-1.1689261358208451,-0.2098195689170978,0.8583933887557249,1.4536333021051293,-0.6679328121856791,0.3381615336939569,-2.3886469840640108
33.0,248.0,999.9854125976562,-0.5829077021455049,0.5938421964434575,4.052971850597512,-1.1689311000567084,-0.2098226586127021,0.8583871230336735,1.45364161511141,-0.6679292513426649,0.3381610531502401,-2.388646284542853
33.0,248.0,999.9854125976562,-0.582909926206022,0.5938419474242105,4.052971420175801,-1.168932870690222,-0.2098210720918212,0.8583868850100913,1.453638483856321,-0.6679319996604036,0.3381580283910708,-2.388651744867325
33.0,248.0,999.9854736328124,-0.5829093102984935,0.5938401568646867,4.052971847942793,-1.1689321136429394,-0.2098221931961754,0.8583863450100884,1.4536405622367097,-0.6679298442439077,0.3381580547510046,-2.3886512453787203
33.0,248.0,999.9854736328124,-0.5829102107186133,0.5938450663850912,4.052964011930246,-1.1689338308235508,-0.2098190051254942,0.8583842931100971,1.4536381434228964,-0.6679286246445066,0.3381533882382284,-2.388653436662032
33.0,248.0,999.9854125976562,-0.5829092924358914,0.593841125737729,4.0529671244572505,-1.1689300210327196,-0.2098199465649806,0.8583923780187774,1.4536351596033086,-0.6679319210208412,0.3381551813859733,-2.3886527196902003
33.0,248.0,999.9854125976562,-0.5829096201509207,0.5938454267090378,4.05296790881671,-1.168928026857381,-0.2098199477678166,0.8583878847484936,1.4536299579781904,-0.6679311170747155,0.3381597506681357,-2.388650344920144
33.0,248.0,999.9854125976562,-0.5829115196642194,0.5938448183503571,4.05296804846466,-1.1689363929749534,-0.2098177083492975,0.8583836386790686,1.453637655776726,-0.6679287530701323,0.3381553541021622,-2.3886563076135663
33.0,248.0,999.9854125976562,-0.582908210720384,0.5938390242467362,4.052972765647283,-1.168931862945758,-0.2098214532051461,0.8583910098607266,1.4536384786628522,-0.667932401101357,0.3381581515151532,-2.388651526432724
33.0,248.0,999.9854736328124,-0.5829071982660743,0.5938449731229305,4.052969306157664,-1.168923804645459,-0.2098230645946781,0.85838952677181,1.4536342832907012,-0.6679330212206605,0.3381650500633002,-2.388643845778672
33.0,248.0,999.9854736328124,-0.5829095726843958,0.5938407385559428,4.052971954665734,-1.1689341525171448,-0.209820247370847,0.8583868209768948,1.4536418738817725,-0.6679298274476588,0.3381583928375686,-2.388650999240728
33.0,248.0,999.9854125976562,-0.5829100751635394,0.5938476280285112,4.0529673532464745,-1.1689307375966438,-0.2098200484741292,0.8583837688255445,1.453634020763812,-0.667930186750664,0.3381546992962994,-2.3886517699105085
33.0,248.0,999.9854125976562,-0.5829100681240824,0.5938456765182334,4.052969274383969,-1.1689332759884987,-0.2098209617938327,0.8583825058052259,1.4536375603755474,-0.6679303053496808,0.338157951095801,-2.3886492853262418
33.0,248.0,999.9854736328124,-0.5829137736605352,0.5938444058658412,4.052969872509909,-1.1689348985154933,-0.2098161165663512,0.858386272324454,1.4536341886582802,-0.6679319963189352,0.3381573117470147,-2.3886544254390083
33.0,248.0,999.9854125976562,-0.5829098110707651,0.5938424344959188,4.052967700342922,-1.1689340197207023,-0.2098209492703437,0.8583875615235144,1.4536415851907076,-0.6679289928054075,0.3381543218562779,-2.3886531144276835
33.0,248.0,999.9854125976562,-0.5829095912944267,0.5938460000806911,4.052968302634829,-1.1689292857165583,-0.2098203361913579,0.8583858282352903,1.453633626359112,-0.6679317933515616,0.3381569036183371,-2.388649908606848
33.0,248.0,999.9854125976562,-0.5829083286359023,0.5938429914468362,4.052969750829666,-1.1689276088161824,-0.209821789504347,0.8583877389542769,1.453635512111461,-0.6679292388258498,0.338161579608176,-2.3886467668245155
33.0,248.0,999.9854736328124,-0.582908315466339,0.5938364726323808,4.052966911526594,-1.1689218542862916,-0.2098219623189905,0.8583980305806707,1.4536316359405728,-0.6679333976108337,0.3381608434691507,-2.388647879782237
33.0,248.0,999.9854125976562,-0.5829087331506964,0.5938436902926645,4.052969387091823,-1.1689274507897056,-0.2098199292101972,0.8583898443253428,1.4536331330359609,-0.6679329909130951,0.3381574499636564,-2.388652233254627
33.0,248.0,999.9854125976562,-0.582907726887834,0.5938431441529355,4.052967908674907,-1.168925345477649,-0.2098221326248337,0.8583891147660596,1.4536340246089008,-0.667931358047336,0.3381620073938247,-2.3886463715820616
33.0,248.0,999.9854125976562,-0.5829076798980068,0.5938404117607945,4.05297051304596,-1.1689275600606424,-0.209821713372114,0.8583913031801487,1.453635672254431,-0.6679319112536026,0.3381615227801768,-2.3886457164473
33.0,248.0,999.9854125976562,-0.5829093460172396,0.5938416178402219,4.052967900981471,-1.16892803086867,-0.2098216172350495,0.8583898148066798,1.4536348322165606,-0.6679315195619742,0.3381570621749787,-2.388653151886704
33.0,248.0,999.9854125976562,-0.5829111423812021,0.5938417281242927,4.052967273692527,-1.168937990894396,-0.2098188783213892,0.8583862980719843,1.4536387175801018,-0.6679299581983047,0.3381527562499551,-2.3886556633371887
33.0,248.0,999.9854125976562,-0.5829098067737242,0.5938418869161852,4.052969926076772,-1.168932962879614,-0.2098200096625611,0.8583881816774657,1.4536382420763443,-0.6679309183147435,0.3381584980015013,-2.3886515618888686
33.0,248.0,999.9854125976562,-0.5829103778848639,0.5938422112375878,4.052969555587008,-1.1689317202119307,-0.2098178053476322,0.8583889493228556,1.4536322108663455,-0.6679313620737739,0.33815856587628,-2.388654943244448
33.0,248.0,999.9854125976562,-0.5829118325315878,0.59384640490447,4.052967050494216,-1.1689325379039062,-0.2098197125543865,0.858382201093356,1.4536331260337922,-0.6679299508821508,0.3381551993224949,-2.3886558237539064
33.0,248.0,999.9854125976562,-0.582910623671121,0.5938468418117644,4.052966727923948,-1.1689308335329516,-0.2098195639844329,0.8583868100677208,1.4536382508312071,-0.6679286617520228,0.3381589475138593,-2.3886497070908383
33.0,248.0,999.9854736328124,-0.5829131705692623,0.5938446931100403,4.052967470625422,-1.168936521862003,-0.2098168929607489,0.8583832583827427,1.453636761022448,-0.6679289803960016,0.3381547199746206,-2.388654511016397
33.0,248.0,999.9854125976562,-0.5829118836340133,0.5938498672774228,4.052970448674158,-1.168936906297866,-0.2098198975170184,0.8583785078401176,1.45364085488022,-0.6679286995677023,0.3381564304744353,-2.388653206682445
33.0,248.0,999.9854125976562,-0.5829087949499652,0.593845034287007,4.052970508118444,-1.168928547894443,-0.2098224476814145,0.8583875328920989,1.4536368905675996,-0.6679312072480235,0.3381572322704009,-2.38865210320905
33.0,248.0,999.9854125976562,-0.5829084092747854,0.5938428240466642,4.0529676298032165,-1.1689301752317238,-0.2098215715815623,0.8583872038411187,1.4536343144652184,-0.667930122129043,0.3381575164245607,-2.388652078505048
33.0,248.0,999.9854125976562,-0.5829095859804241,0.5938406331269919,4.052968176709722,-1.168931503145088,-0.2098209076946222,0.8583892540233515,1.4536378364109872,-0.6679300194485567,0.3381580775888668,-2.388651822241826
33.0,248.0,999.9854125976562,-0.5829091460442974,0.5938427161815163,4.052967983914659,-1.168932720350056,-0.2098206485035323,0.8583868792050344,1.4536381128011753,-0.6679303655655904,0.3381568038581397,-2.3886493022307667
33.0,248.0,999.9854125976562,-0.5829102950702261,0.5938428858825704,4.052967843380422,-1.1689345573594268,-0.2098205921430471,0.8583856818133491,1.453640637527366,-0.6679287680216106,0.338155448232774,-2.3886515656416583
33.0,248.0,999.9854736328124,-0.5829132984414827,0.5938489709740846,4.052970789807306,-1.1689431320605124,-0.2098171771984027,0.8583788437065039,1.4536445838197327,-0.6679304958069672,0.3381497692766686,-2.3886588798555053
33.0,248.0,999.9854125976562,-0.5829060123603016,0.593836560380093,4.052975365620428,-1.1689241200480105,-0.2098240630418342,0.8583930784502982,1.4536335827633824,-0.667932516673071,0.3381671997029043,-2.3886453038692568
33.0,248.0,999.9854125976562,-0.5829130777597538,0.5938459034936212,4.05296736459896,-1.1689350907835565,-0.2098175064283491,0.8583867499397568,1.4536367382243451,-0.6679312578242138,0.3381519127861487,-2.388658390783621
33.0,248.0,999.9854125976562,-0.5829096502875846,0.5938480877049717,4.052969470781729,-1.1689296632689905,-0.2098215599325366,0.858383474204917,1.453637234407954,-0.6679297083303197,0.3381598485675932,-2.388647974585024
33.0,248.0,999.9854736328124,-0.5829101283680114,0.5938423363521537,4.052960540582697,-1.1689345906917756,-0.2098177857015342,0.858389327678375,1.4536407086056204,-0.6679272886357959,0.3381500429679462,-2.388652960588268
33.0,248.0,999.9854125976562,-0.5829095379166924,0.5938397726318092,4.052970797904784,-1.1689298783720163,-0.2098216385974236,0.8583895757878643,1.4536353100896786,-0.6679303409240527,0.3381610256267029,-2.3886518878919483
33.0,248.0,999.9854125976562,-0.5829102996672404,0.5938429846851196,4.052965962505466,-1.168929693179205,-0.2098191325018907,0.8583894703774142,1.4536324541820091,-0.6679318446519016,0.3381524100688811,-2.388655679076128
33.0,248.0,999.9854125976562,-0.582909041073064,0.5938445933394902,4.052968789229926,-1.1689255048636489,-0.2098215543503538,0.8583868715352221,1.4536343138395118,-0.6679296269553987,0.3381631023521461,-2.3886459364569825
33.0,248.0,999.9854125976562,-0.5829079981854441,0.5938425890157886,4.052973456056153,-1.1689276399711497,-0.2098214250319978,0.858391003394015,1.4536369956328965,-0.6679333548877482,0.3381645668113116,-2.388645873925591
33.0,248.0,999.9854125976562,-0.5829084140763445,0.5938444865442216,4.05297108878584,-1.1689329074348676,-0.2098213018969499,0.8583852301539547,1.4536410024667887,-0.6679290052054352,0.3381607125347718,-2.388648647023889
33.0,248.0,999.9854125976562,-0.5829074859759968,0.5938408413543153,4.052968638928359,-1.168925908185832,-0.2098230076696214,0.8583912672834142,1.453634993209235,-0.6679324347880335,0.3381608337132249,-2.38864655182546
33.0,248.0,999.9854125976562,-0.5829115473700694,0.5938460139440576,4.052964850885889,-1.1689304439558108,-0.2098181028479713,0.8583879471064835,1.4536323913428353,-0.6679312727921927,0.3381554674145794,-2.388653491124757
33.0,248.0,999.9854125976562,-0.5829092241329645,0.5938400562597561,4.052970043100826,-1.1689299670784257,-0.2098208585628489,0.8583913745644365,1.4536382003045911,-0.6679327064800109,0.3381604247301695,-2.3886479785911208
33.0,249.0,999.9854125976562,-0.5829080301043197,0.5938441512901438,4.052970804960252,-1.1689270072208364,-0.2098229107810407,0.8583898767830913,1.4536378131821293,-0.667931716988269,0.3381640396235665,-2.388644091190637
33.0,249.0,999.9854125976562,-0.582910921723645,0.5938468438107751,4.052966354518876,-1.1689291290153667,-0.2098202126618344,0.8583835048482102,1.453632280737395,-0.6679292895314459,0.3381567170107979,-2.38865287793681
33.0,249.0,999.9854736328124,-0.5829062029904666,0.593836395699153,4.05297521198278,-1.1689233558286762,-0.2098249695370118,0.858397728953082,1.4536373324926135,-0.6679363998723336,0.3381654810396544,-2.388640778647529
33.0,249.0,999.9854736328124,-0.5829091291420498,0.5938388910109431,4.052967150645566,-1.1689261358208451,-0.2098195689170978,0.8583933887557249,1.4536333021051293,-0.6679328121856791,0.3381615336939569,-2.3886469840640108
33.0,249.0,999.9854125976562,-0.5829077021455049,0.5938421964434575,4.052971850597512,-1.1689311000567084,-0.2098226586127021,0.8583871230336735,1.45364161511141,-0.6679292513426649,0.3381610531502401,-2.388646284542853
33.0,249.0,999.9854125976562,-0.582909926206022,0.5938419474242105,4.052971420175801,-1.168932870690222,-0.2098210720918212,0.8583868850100913,1.453638483856321,-0.6679319996604036,0.3381580283910708,-2.388651744867325
33.0,249.0,999.9854736328124,-0.5829093102984935,0.5938401568646867,4.052971847942793,-1.1689321136429394,-0.2098221931961754,0.8583863450100884,1.4536405622367097,-0.6679298442439077,0.3381580547510046,-2.3886512453787203
33.0,249.0,999.9854736328124,-0.5829102107186133,0.5938450663850912,4.052964011930246,-1.1689338308235508,-0.2098190051254942,0.8583842931100971,1.4536381434228964,-0.6679286246445066,0.3381533882382284,-2.388653436662032
33.0,249.0,999.9854125976562,-0.5829092924358914,0.593841125737729,4.0529671244572505,-1.1689300210327196,-0.2098199465649806,0.8583923780187774,1.4536351596033086,-0.6679319210208412,0.3381551813859733,-2.3886527196902003
33.0,249.0,999.9854125976562,-0.5829096201509207,0.5938454267090378,4.05296790881671,-1.168928026857381,-0.2098199477678166,0.8583878847484936,1.4536299579781904,-0.6679311170747155,0.3381597506681357,-2.388650344920144
33.0,249.0,999.9854125976562,-0.5829115196642194,0.5938448183503571,4.05296804846466,-1.1689363929749534,-0.2098177083492975,0.8583836386790686,1.453637655776726,-0.6679287530701323,0.3381553541021622,-2.3886563076135663
33.0,249.0,999.9854125976562,-0.582908210720384,0.5938390242467362,4.052972765647283,-1.168931862945758,-0.2098214532051461,0.8583910098607266,1.4536384786628522,-0.667932401101357,0.3381581515151532,-2.388651526432724
33.0,249.0,999.9854736328124,-0.5829071982660743,0.5938449731229305,4.052969306157664,-1.168923804645459,-0.2098230645946781,0.85838952677181,1.4536342832907012,-0.6679330212206605,0.3381650500633002,-2.388643845778672
33.0,249.0,999.9854736328124,-0.5829095726843958,0.5938407385559428,4.052971954665734,-1.1689341525171448,-0.209820247370847,0.8583868209768948,1.4536418738817725,-0.6679298274476588,0.3381583928375686,-2.388650999240728
33.0,249.0,999.9854125976562,-0.5829100751635394,0.5938476280285112,4.0529673532464745,-1.1689307375966438,-0.2098200484741292,0.8583837688255445,1.453634020763812,-0.667930186750664,0.3381546992962994,-2.3886517699105085
33.0,249.0,999.9854125976562,-0.5829100681240824,0.5938456765182334,4.052969274383969,-1.1689332759884987,-0.2098209617938327,0.8583825058052259,1.4536375603755474,-0.6679303053496808,0.338157951095801,-2.3886492853262418
33.0,249.0,999.9854736328124,-0.5829137736605352,0.5938444058658412,4.052969872509909,-1.1689348985154933,-0.2098161165663512,0.858386272324454,1.4536341886582802,-0.6679319963189352,0.3381573117470147,-2.3886544254390083
33.0,249.0,999.9854125976562,-0.5829098110707651,0.5938424344959188,4.052967700342922,-1.1689340197207023,-0.2098209492703437,0.8583875615235144,1.4536415851907076,-0.6679289928054075,0.3381543218562779,-2.3886531144276835
33.0,249.0,999.9854125976562,-0.5829095912944267,0.5938460000806911,4.052968302634829,-1.1689292857165583,-0.2098203361913579,0.8583858282352903,1.453633626359112,-0.6679317933515616,0.3381569036183371,-2.388649908606848
33.0,249.0,999.9854125976562,-0.5829083286359023,0.5938429914468362,4.052969750829666,-1.1689276088161824,-0.209821789504347,0.8583877389542769,1.453635512111461,-0.6679292388258498,0.338161579608176,-2.3886467668245155
33.0,249.0,999.9854736328124,-0.582908315466339,0.5938364726323808,4.052966911526594,-1.1689218542862916,-0.2098219623189905,0.8583980305806707,1.4536316359405728,-0.6679333976108337,0.3381608434691507,-2.388647879782237
33.0,249.0,999.9854125976562,-0.5829087331506964,0.5938436902926645,4.052969387091823,-1.1689274507897056,-0.2098199292101972,0.8583898443253428,1.4536331330359609,-0.6679329909130951,0.3381574499636564,-2.388652233254627
33.0,249.0,999.9854125976562,-0.582907726887834,0.5938431441529355,4.052967908674907,-1.168925345477649,-0.2098221326248337,0.8583891147660596,1.4536340246089008,-0.667931358047336,0.3381620073938247,-2.3886463715820616
33.0,249.0,999.9854125976562,-0.5829076798980068,0.5938404117607945,4.05297051304596,-1.1689275600606424,-0.209821713372114,0.8583913031801487,1.453635672254431,-0.6679319112536026,0.3381615227801768,-2.3886457164473
33.0,249.0,999.9854125976562,-0.5829093460172396,0.5938416178402219,4.052967900981471,-1.16892803086867,-0.2098216172350495,0.8583898148066798,1.4536348322165606,-0.6679315195619742,0.3381570621749787,-2.388653151886704
33.0,249.0,999.9854125976562,-0.5829111423812021,0.5938417281242927,4.052967273692527,-1.168937990894396,-0.2098188783213892,0.8583862980719843,1.4536387175801018,-0.6679299581983047,0.3381527562499551,-2.3886556633371887
33.0,249.0,999.9854125976562,-0.5829098067737242,0.5938418869161852,4.052969926076772,-1.168932962879614,-0.2098200096625611,0.8583881816774657,1.4536382420763443,-0.6679309183147435,0.3381584980015013,-2.3886515618888686
33.0,249.0,999.9854125976562,-0.5829103778848639,0.5938422112375878,4.052969555587008,-1.1689317202119307,-0.2098178053476322,0.8583889493228556,1.4536322108663455,-0.6679313620737739,0.33815856587628,-2.388654943244448
33.0,249.0,999.9854125976562,-0.5829118325315878,0.59384640490447,4.052967050494216,-1.1689325379039062,-0.2098197125543865,0.858382201093356,1.4536331260337922,-0.6679299508821508,0.3381551993224949,-2.3886558237539064
33.0,249.0,999.9854125976562,-0.582910623671121,0.5938468418117644,4.052966727923948,-1.1689308335329516,-0.2098195639844329,0.8583868100677208,1.4536382508312071,-0.6679286617520228,0.3381589475138593,-2.3886497070908383
33.0,249.0,999.9854736328124,-0.5829131705692623,0.5938446931100403,4.052967470625422,-1.168936521862003,-0.2098168929607489,0.8583832583827427,1.453636761022448,-0.6679289803960016,0.3381547199746206,-2.388654511016397
33.0,249.0,999.9854125976562,-0.5829118836340133,0.5938498672774228,4.052970448674158,-1.168936906297866,-0.2098198975170184,0.8583785078401176,1.45364085488022,-0.6679286995677023,0.3381564304744353,-2.388653206682445
33.0,249.0,999.9854125976562,-0.5829087949499652,0.593845034287007,4.052970508118444,-1.168928547894443,-0.2098224476814145,0.8583875328920989,1.4536368905675996,-0.6679312072480235,0.3381572322704009,-2.38865210320905
33.0,249.0,999.9854125976562,-0.5829084092747854,0.5938428240466642,4.0529676298032165,-1.1689301752317238,-0.2098215715815623,0.8583872038411187,1.4536343144652184,-0.667930122129043,0.3381575164245607,-2.388652078505048
33.0,249.0,999.9854125976562,-0.5829095859804241,0.5938406331269919,4.052968176709722,-1.168931503145088,-0.2098209076946222,0.8583892540233515,1.4536378364109872,-0.6679300194485567,0.3381580775888668,-2.388651822241826
33.0,249.0,999.9854125976562,-0.5829091460442974,0.5938427161815163,4.052967983914659,-1.168932720350056,-0.2098206485035323,0.8583868792050344,1.4536381128011753,-0.6679303655655904,0.3381568038581397,-2.3886493022307667
33.0,249.0,999.9854125976562,-0.5829102950702261,0.5938428858825704,4.052967843380422,-1.1689345573594268,-0.2098205921430471,0.8583856818133491,1.453640637527366,-0.6679287680216106,0.338155448232774,-2.3886515656416583
33.0,249.0,999.9854736328124,-0.5829132984414827,0.5938489709740846,4.052970789807306,-1.1689431320605124,-0.2098171771984027,0.8583788437065039,1.4536445838197327,-0.6679304958069672,0.3381497692766686,-2.3886588798555053
33.0,249.0,999.9854125976562,-0.5829060123603016,0.593836560380093,4.052975365620428,-1.1689241200480105,-0.2098240630418342,0.8583930784502982,1.4536335827633824,-0.667932516673071,0.3381671997029043,-2.3886453038692568
33.0,249.0,999.9854125976562,-0.5829130777597538,0.5938459034936212,4.05296736459896,-1.1689350907835565,-0.2098175064283491,0.8583867499397568,1.4536367382243451,-0.6679312578242138,0.3381519127861487,-2.388658390783621
33.0,249.0,999.9854125976562,-0.5829096502875846,0.5938480877049717,4.052969470781729,-1.1689296632689905,-0.2098215599325366,0.858383474204917,1.453637234407954,-0.6679297083303197,0.3381598485675932,-2.388647974585024
33.0,249.0,999.9854736328124,-0.5829101283680114,0.5938423363521537,4.052960540582697,-1.1689345906917756,-0.2098177857015342,0.858389327678375,1.4536407086056204,-0.6679272886357959,0.3381500429679462,-2.388652960588268
33.0,249.0,999.9854125976562,-0.5829095379166924,0.5938397726318092,4.052970797904784,-1.1689298783720163,-0.2098216385974236,0.8583895757878643,1.4536353100896786,-0.6679303409240527,0.3381610256267029,-2.3886518878919483
33.0,249.0,999.9854125976562,-0.5829102996672404,0.5938429846851196,4.052965962505466,-1.168929693179205,-0.2098191325018907,0.8583894703774142,1.4536324541820091,-0.6679318446519016,0.3381524100688811,-2.388655679076128
33.0,249.0,999.9854125976562,-0.582909041073064,0.5938445933394902,4.052968789229926,-1.1689255048636489,-0.2098215543503538,0.8583868715352221,1.4536343138395118,-0.6679296269553987,0.3381631023521461,-2.3886459364569825
33.0,249.0,999.9854125976562,-0.5829079981854441,0.5938425890157886,4.052973456056153,-1.1689276399711497,-0.2098214250319978,0.858391003394015,1.4536369956328965,-0.6679333548877482,0.3381645668113116,-2.388645873925591
33.0,249.0,999.9854125976562,-0.5829084140763445,0.5938444865442216,4.05297108878584,-1.1689329074348676,-0.2098213018969499,0.8583852301539547,1.4536410024667887,-0.6679290052054352,0.3381607125347718,-2.388648647023889
33.0,249.0,999.9854125976562,-0.5829074859759968,0.5938408413543153,4.052968638928359,-1.168925908185832,-0.2098230076696214,0.8583912672834142,1.453634993209235,-0.6679324347880335,0.3381608337132249,-2.38864655182546
33.0,249.0,999.9854125976562,-0.5829115473700694,0.5938460139440576,4.052964850885889,-1.1689304439558108,-0.2098181028479713,0.8583879471064835,1.4536323913428353,-0.6679312727921927,0.3381554674145794,-2.388653491124757
33.0,249.0,999.9854125976562,-0.5829092241329645,0.5938400562597561,4.052970043100826,-1.1689299670784257,-0.2098208585628489,0.8583913745644365,1.4536382003045911,-0.6679327064800109,0.3381604247301695,-2.3886479785911208
33.0,250.0,999.9854125976562,-0.5829080301043197,0.5938441512901438,4.052970804960252,-1.1689270072208364,-0.2098229107810407,0.8583898767830913,1.4536378131821293,-0.667931716988269,0.3381640396235665,-2.388644091190637
33.0,250.0,999.9854125976562,-0.582910921723645,0.5938468438107751,4.052966354518876,-1.1689291290153667,-0.2098202126618344,0.8583835048482102,1.453632280737395,-0.6679292895314459,0.3381567170107979,-2.38865287793681
33.0,250.0,999.9854736328124,-0.5829062029904666,0.593836395699153,4.05297521198278,-1.1689233558286762,-0.2098249695370118,0.858397728953082,1.4536373324926135,-0.6679363998723336,0.3381654810396544,-2.388640778647529
33.0,250.0,999.9854736328124,-0.5829091291420498,0.5938388910109431,4.052967150645566,-1.1689261358208451,-0.2098195689170978,0.8583933887557249,1.4536333021051293,-0.6679328121856791,0.3381615336939569,-2.3886469840640108
33.0,250.0,999.9854125976562,-0.5829077021455049,0.5938421964434575,4.052971850597512,-1.1689311000567084,-0.2098226586127021,0.8583871230336735,1.45364161511141,-0.6679292513426649,0.3381610531502401,-2.388646284542853
33.0,250.0,999.9854125976562,-0.582909926206022,0.5938419474242105,4.052971420175801,-1.168932870690222,-0.2098210720918212,0.8583868850100913,1.453638483856321,-0.6679319996604036,0.3381580283910708,-2.388651744867325
33.0,250.0,999.9854736328124,-0.5829093102984935,0.5938401568646867,4.052971847942793,-1.1689321136429394,-0.2098221931961754,0.8583863450100884,1.4536405622367097,-0.6679298442439077,0.3381580547510046,-2.3886512453787203
33.0,250.0,999.9854736328124,-0.5829102107186133,0.5938450663850912,4.052964011930246,-1.1689338308235508,-0.2098190051254942,0.8583842931100971,1.4536381434228964,-0.6679286246445066,0.3381533882382284,-2.388653436662032
33.0,250.0,999.9854125976562,-0.5829092924358914,0.593841125737729,4.0529671244572505,-1.1689300210327196,-0.2098199465649806,0.8583923780187774,1.4536351596033086,-0.6679319210208412,0.3381551813859733,-2.3886527196902003
33.0,250.0,999.9854125976562,-0.5829096201509207,0.5938454267090378,4.05296790881671,-1.168928026857381,-0.2098199477678166,0.8583878847484936,1.4536299579781904,-0.6679311170747155,0.3381597506681357,-2.388650344920144
33.0,250.0,999.9854125976562,-0.5829115196642194,0.5938448183503571,4.05296804846466,-1.1689363929749534,-0.2098177083492975,0.8583836386790686,1.453637655776726,-0.6679287530701323,0.3381553541021622,-2.3886563076135663
33.0,250.0,999.9854125976562,-0.582908210720384,0.5938390242467362,4.052972765647283,-1.168931862945758,-0.2098214532051461,0.8583910098607266,1.4536384786628522,-0.667932401101357,0.3381581515151532,-2.388651526432724
33.0,250.0,999.9854736328124,-0.5829071982660743,0.5938449731229305,4.052969306157664,-1.168923804645459,-0.2098230645946781,0.85838952677181,1.4536342832907012,-0.6679330212206605,0.3381650500633002,-2.388643845778672
33.0,250.0,999.9854736328124,-0.5829095726843958,0.5938407385559428,4.052971954665734,-1.1689341525171448,-0.209820247370847,0.8583868209768948,1.4536418738817725,-0.6679298274476588,0.3381583928375686,-2.388650999240728
33.0,250.0,999.9854125976562,-0.5829100751635394,0.5938476280285112,4.0529673532464745,-1.1689307375966438,-0.2098200484741292,0.8583837688255445,1.453634020763812,-0.667930186750664,0.3381546992962994,-2.3886517699105085
33.0,250.0,999.9854125976562,-0.5829100681240824,0.5938456765182334,4.052969274383969,-1.1689332759884987,-0.2098209617938327,0.8583825058052259,1.4536375603755474,-0.6679303053496808,0.338157951095801,-2.3886492853262418
33.0,250.0,999.9854736328124,-0.5829137736605352,0.5938444058658412,4.052969872509909,-1.1689348985154933,-0.2098161165663512,0.858386272324454,1.4536341886582802,-0.6679319963189352,0.3381573117470147,-2.3886544254390083
33.0,250.0,999.9854125976562,-0.5829098110707651,0.5938424344959188,4.052967700342922,-1.1689340197207023,-0.2098209492703437,0.8583875615235144,1.4536415851907076,-0.6679289928054075,0.3381543218562779,-2.3886531144276835
33.0,250.0,999.9854125976562,-0.5829095912944267,0.5938460000806911,4.052968302634829,-1.1689292857165583,-0.2098203361913579,0.8583858282352903,1.453633626359112,-0.6679317933515616,0.3381569036183371,-2.388649908606848
33.0,250.0,999.9854125976562,-0.5829083286359023,0.5938429914468362,4.052969750829666,-1.1689276088161824,-0.209821789504347,0.8583877389542769,1.453635512111461,-0.6679292388258498,0.338161579608176,-2.3886467668245155
33.0,250.0,999.9854736328124,-0.582908315466339,0.5938364726323808,4.052966911526594,-1.1689218542862916,-0.2098219623189905,0.8583980305806707,1.4536316359405728,-0.6679333976108337,0.3381608434691507,-2.388647879782237
33.0,250.0,999.9854125976562,-0.5829087331506964,0.5938436902926645,4.052969387091823,-1.1689274507897056,-0.2098199292101972,0.8583898443253428,1.4536331330359609,-0.6679329909130951,0.3381574499636564,-2.388652233254627
33.0,250.0,999.9854125976562,-0.582907726887834,0.5938431441529355,4.052967908674907,-1.168925345477649,-0.2098221326248337,0.8583891147660596,1.4536340246089008,-0.667931358047336,0.3381620073938247,-2.3886463715820616
33.0,250.0,999.9854125976562,-0.5829076798980068,0.5938404117607945,4.05297051304596,-1.1689275600606424,-0.209821713372114,0.8583913031801487,1.453635672254431,-0.6679319112536026,0.3381615227801768,-2.3886457164473
33.0,250.0,999.9854125976562,-0.5829093460172396,0.5938416178402219,4.052967900981471,-1.16892803086867,-0.2098216172350495,0.8583898148066798,1.4536348322165606,-0.6679315195619742,0.3381570621749787,-2.388653151886704
33.0,250.0,999.9854125976562,-0.5829111423812021,0.5938417281242927,4.052967273692527,-1.168937990894396,-0.2098188783213892,0.8583862980719843,1.4536387175801018,-0.6679299581983047,0.3381527562499551,-2.3886556633371887
33.0,250.0,999.9854125976562,-0.5829098067737242,0.5938418869161852,4.052969926076772,-1.168932962879614,-0.2098200096625611,0.8583881816774657,1.4536382420763443,-0.6679309183147435,0.3381584980015013,-2.3886515618888686
33.0,250.0,999.9854125976562,-0.5829103778848639,0.5938422112375878,4.052969555587008,-1.1689317202119307,-0.2098178053476322,0.8583889493228556,1.4536322108663455,-0.6679313620737739,0.33815856587628,-2.388654943244448
33.0,250.0,999.9854125976562,-0.5829118325315878,0.59384640490447,4.052967050494216,-1.1689325379039062,-0.2098197125543865,0.858382201093356,1.4536331260337922,-0.6679299508821508,0.3381551993224949,-2.3886558237539064
33.0,250.0,999.9854125976562,-0.582910623671121,0.5938468418117644,4.052966727923948,-1.1689308335329516,-0.2098195639844329,0.8583868100677208,1.4536382508312071,-0.6679286617520228,0.3381589475138593,-2.3886497070908383
33.0,250.0,999.9854736328124,-0.5829131705692623,0.5938446931100403,4.052967470625422,-1.168936521862003,-0.2098168929607489,0.8583832583827427,1.453636761022448,-0.6679289803960016,0.3381547199746206,-2.388654511016397
33.0,250.0,999.9854125976562,-0.5829118836340133,0.5938498672774228,4.052970448674158,-1.168936906297866,-0.2098198975170184,0.8583785078401176,1.45364085488022,-0.6679286995677023,0.3381564304744353,-2.388653206682445
33.0,250.0,999.9854125976562,-0.5829087949499652,0.593845034287007,4.052970508118444,-1.168928547894443,-0.2098224476814145,0.8583875328920989,1.4536368905675996,-0.6679312072480235,0.3381572322704009,-2.38865210320905
33.0,250.0,999.9854125976562,-0.5829084092747854,0.5938428240466642,4.0529676298032165,-1.1689301752317238,-0.2098215715815623,0.8583872038411187,1.4536343144652184,-0.667930122129043,0.3381575164245607,-2.388652078505048
33.0,250.0,999.9854125976562,-0.5829095859804241,0.5938406331269919,4.052968176709722,-1.168931503145088,-0.2098209076946222,0.8583892540233515,1.4536378364109872,-0.6679300194485567,0.3381580775888668,-2.388651822241826
33.0,250.0,999.9854125976562,-0.5829091460442974,0.5938427161815163,4.052967983914659,-1.168932720350056,-0.2098206485035323,0.8583868792050344,1.4536381128011753,-0.6679303655655904,0.3381568038581397,-2.3886493022307667
33.0,250.0,999.9854125976562,-0.5829102950702261,0.5938428858825704,4.052967843380422,-1.1689345573594268,-0.2098205921430471,0.8583856818133491,1.453640637527366,-0.6679287680216106,0.338155448232774,-2.3886515656416583
33.0,250.0,999.9854736328124,-0.5829132984414827,0.5938489709740846,4.052970789807306,-1.1689431320605124,-0.2098171771984027,0.8583788437065039,1.4536445838197327,-0.6679304958069672,0.3381497692766686,-2.3886588798555053
33.0,250.0,999.9854125976562,-0.5829060123603016,0.593836560380093,4.052975365620428,-1.1689241200480105,-0.2098240630418342,0.8583930784502982,1.4536335827633824,-0.667932516673071,0.3381671997029043,-2.3886453038692568
33.0,250.0,999.9854125976562,-0.5829130777597538,0.5938459034936212,4.05296736459896,-1.1689350907835565,-0.2098175064283491,0.8583867499397568,1.4536367382243451,-0.6679312578242138,0.3381519127861487,-2.388658390783621
33.0,250.0,999.9854125976562,-0.5829096502875846,0.5938480877049717,4.052969470781729,-1.1689296632689905,-0.2098215599325366,0.858383474204917,1.453637234407954,-0.6679297083303197,0.3381598485675932,-2.388647974585024
33.0,250.0,999.9854736328124,-0.5829101283680114,0.5938423363521537,4.052960540582697,-1.1689345906917756,-0.2098177857015342,0.858389327678375,1.4536407086056204,-0.6679272886357959,0.3381500429679462,-2.388652960588268
33.0,250.0,999.9854125976562,-0.5829095379166924,0.5938397726318092,4.052970797904784,-1.1689298783720163,-0.2098216385974236,0.8583895757878643,1.4536353100896786,-0.6679303409240527,0.3381610256267029,-2.3886518878919483
33.0,250.0,999.9854125976562,-0.5829102996672404,0.5938429846851196,4.052965962505466,-1.168929693179205,-0.2098191325018907,0.8583894703774142,1.4536324541820091,-0.6679318446519016,0.3381524100688811,-2.388655679076128
33.0,250.0,999.9854125976562,-0.582909041073064,0.5938445933394902,4.052968789229926,-1.1689255048636489,-0.2098215543503538,0.8583868715352221,1.4536343138395118,-0.6679296269553987,0.3381631023521461,-2.3886459364569825
33.0,250.0,999.9854125976562,-0.5829079981854441,0.5938425890157886,4.052973456056153,-1.1689276399711497,-0.2098214250319978,0.858391003394015,1.4536369956328965,-0.6679333548877482,0.3381645668113116,-2.388645873925591
33.0,250.0,999.9854125976562,-0.5829084140763445,0.5938444865442216,4.05297108878584,-1.1689329074348676,-0.2098213018969499,0.8583852301539547,1.4536410024667887,-0.6679290052054352,0.3381607125347718,-2.388648647023889
33.0,250.0,999.9854125976562,-0.5829074859759968,0.5938408413543153,4.052968638928359,-1.168925908185832,-0.2098230076696214,0.8583912672834142,1.453634993209235,-0.6679324347880335,0.3381608337132249,-2.38864655182546
33.0,250.0,999.9854125976562,-0.5829115473700694,0.5938460139440576,4.052964850885889,-1.1689304439558108,-0.2098181028479713,0.8583879471064835,1.4536323913428353,-0.6679312727921927,0.3381554674145794,-2.388653491124757
33.0,250.0,999.9854125976562,-0.5829092241329645,0.5938400562597561,4.052970043100826,-1.1689299670784257,-0.2098208585628489,0.8583913745644365,1.4536382003045911,-0.6679327064800109,0.3381604247301695,-2.3886479785911208
33.0,251.0,999.9854125976562,-0.5829080301043197,0.5938441512901438,4.052970804960252,-1.1689270072208364,-0.2098229107810407,0.8583898767830913,1.4536378131821293,-0.667931716988269,0.3381640396235665,-2.388644091190637
33.0,251.0,999.9854125976562,-0.582910921723645,0.5938468438107751,4.052966354518876,-1.1689291290153667,-0.2098202126618344,0.8583835048482102,1.453632280737395,-0.6679292895314459,0.3381567170107979,-2.38865287793681
33.0,251.0,999.9854736328124,-0.5829062029904666,0.593836395699153,4.05297521198278,-1.1689233558286762,-0.2098249695370118,0.858397728953082,1.4536373324926135,-0.6679363998723336,0.3381654810396544,-2.388640778647529
33.0,251.0,999.9854736328124,-0.5829091291420498,0.5938388910109431,4.052967150645566,-1.1689261358208451,-0.2098195689170978,0.8583933887557249,1.4536333021051293,-0.6679328121856791,0.3381615336939569,-2.3886469840640108
33.0,251.0,999.9854125976562,-0.5829077021455049,0.5938421964434575,4.052971850597512,-1.1689311000567084,-0.2098226586127021,0.8583871230336735,1.45364161511141,-0.6679292513426649,0.3381610531502401,-2.388646284542853
33.0,251.0,999.9854125976562,-0.582909926206022,0.5938419474242105,4.052971420175801,-1.168932870690222,-0.2098210720918212,0.8583868850100913,1.453638483856321,-0.6679319996604036,0.3381580283910708,-2.388651744867325
33.0,251.0,999.9854736328124,-0.5829093102984935,0.5938401568646867,4.052971847942793,-1.1689321136429394,-0.2098221931961754,0.8583863450100884,1.4536405622367097,-0.6679298442439077,0.3381580547510046,-2.3886512453787203
33.0,251.0,999.9854736328124,-0.5829102107186133,0.5938450663850912,4.052964011930246,-1.1689338308235508,-0.2098190051254942,0.8583842931100971,1.4536381434228964,-0.6679286246445066,0.3381533882382284,-2.388653436662032
33.0,251.0,999.9854125976562,-0.5829092924358914,0.593841125737729,4.0529671244572505,-1.1689300210327196,-0.2098199465649806,0.8583923780187774,1.4536351596033086,-0.6679319210208412,0.3381551813859733,-2.3886527196902003
33.0,251.0,999.9854125976562,-0.5829096201509207,0.5938454267090378,4.05296790881671,-1.168928026857381,-0.2098199477678166,0.8583878847484936,1.4536299579781904,-0.6679311170747155,0.3381597506681357,-2.388650344920144
33.0,251.0,999.9854125976562,-0.5829115196642194,0.5938448183503571,4.05296804846466,-1.1689363929749534,-0.2098177083492975,0.8583836386790686,1.453637655776726,-0.6679287530701323,0.3381553541021622,-2.3886563076135663
33.0,251.0,999.9854125976562,-0.582908210720384,0.5938390242467362,4.052972765647283,-1.168931862945758,-0.2098214532051461,0.8583910098607266,1.4536384786628522,-0.667932401101357,0.3381581515151532,-2.388651526432724
33.0,251.0,999.9854736328124,-0.5829071982660743,0.5938449731229305,4.052969306157664,-1.168923804645459,-0.2098230645946781,0.85838952677181,1.4536342832907012,-0.6679330212206605,0.3381650500633002,-2.388643845778672
33.0,251.0,999.9854736328124,-0.5829095726843958,0.5938407385559428,4.052971954665734,-1.1689341525171448,-0.209820247370847,0.8583868209768948,1.4536418738817725,-0.6679298274476588,0.3381583928375686,-2.388650999240728
33.0,251.0,999.9854125976562,-0.5829100751635394,0.5938476280285112,4.0529673532464745,-1.1689307375966438,-0.2098200484741292,0.8583837688255445,1.453634020763812,-0.667930186750664,0.3381546992962994,-2.3886517699105085
33.0,251.0,999.9854125976562,-0.5829100681240824,0.5938456765182334,4.052969274383969,-1.1689332759884987,-0.2098209617938327,0.8583825058052259,1.4536375603755474,-0.6679303053496808,0.338157951095801,-2.3886492853262418
33.0,251.0,999.9854736328124,-0.5829137736605352,0.5938444058658412,4.052969872509909,-1.1689348985154933,-0.2098161165663512,0.858386272324454,1.4536341886582802,-0.6679319963189352,0.3381573117470147,-2.3886544254390083
33.0,251.0,999.9854125976562,-0.5829098110707651,0.5938424344959188,4.052967700342922,-1.1689340197207023,-0.2098209492703437,0.8583875615235144,1.4536415851907076,-0.6679289928054075,0.3381543218562779,-2.3886531144276835
33.0,251.0,999.9854125976562,-0.5829095912944267,0.5938460000806911,4.052968302634829,-1.1689292857165583,-0.2098203361913579,0.8583858282352903,1.453633626359112,-0.6679317933515616,0.3381569036183371,-2.388649908606848
33.0,251.0,999.9854125976562,-0.5829083286359023,0.5938429914468362,4.052969750829666,-1.1689276088161824,-0.209821789504347,0.8583877389542769,1.453635512111461,-0.6679292388258498,0.338161579608176,-2.3886467668245155
33.0,251.0,999.9854736328124,-0.582908315466339,0.5938364726323808,4.052966911526594,-1.1689218542862916,-0.2098219623189905,0.8583980305806707,1.4536316359405728,-0.6679333976108337,0.3381608434691507,-2.388647879782237
33.0,251.0,999.9854125976562,-0.5829087331506964,0.5938436902926645,4.052969387091823,-1.1689274507897056,-0.2098199292101972,0.8583898443253428,1.4536331330359609,-0.6679329909130951,0.3381574499636564,-2.388652233254627
33.0,251.0,999.9854125976562,-0.582907726887834,0.5938431441529355,4.052967908674907,-1.168925345477649,-0.2098221326248337,0.8583891147660596,1.4536340246089008,-0.667931358047336,0.3381620073938247,-2.3886463715820616
33.0,251.0,999.9854125976562,-0.5829076798980068,0.5938404117607945,4.05297051304596,-1.1689275600606424,-0.209821713372114,0.8583913031801487,1.453635672254431,-0.6679319112536026,0.3381615227801768,-2.3886457164473
33.0,251.0,999.9854125976562,-0.5829093460172396,0.5938416178402219,4.052967900981471,-1.16892803086867,-0.2098216172350495,0.8583898148066798,1.4536348322165606,-0.6679315195619742,0.3381570621749787,-2.388653151886704
33.0,251.0,999.9854125976562,-0.5829111423812021,0.5938417281242927,4.052967273692527,-1.168937990894396,-0.2098188783213892,0.8583862980719843,1.4536387175801018,-0.6679299581983047,0.3381527562499551,-2.3886556633371887
33.0,251.0,999.9854125976562,-0.5829098067737242,0.5938418869161852,4.052969926076772,-1.168932962879614,-0.2098200096625611,0.8583881816774657,1.4536382420763443,-0.6679309183147435,0.3381584980015013,-2.3886515618888686
33.0,251.0,999.9854125976562,-0.5829103778848639,0.5938422112375878,4.052969555587008,-1.1689317202119307,-0.2098178053476322,0.8583889493228556,1.4536322108663455,-0.6679313620737739,0.33815856587628,-2.388654943244448
33.0,251.0,999.9854125976562,-0.5829118325315878,0.59384640490447,4.052967050494216,-1.1689325379039062,-0.2098197125543865,0.858382201093356,1.4536331260337922,-0.6679299508821508,0.3381551993224949,-2.3886558237539064
33.0,251.0,999.9854125976562,-0.582910623671121,0.5938468418117644,4.052966727923948,-1.1689308335329516,-0.2098195639844329,0.8583868100677208,1.4536382508312071,-0.6679286617520228,0.3381589475138593,-2.3886497070908383
33.0,251.0,999.9854736328124,-0.5829131705692623,0.5938446931100403,4.052967470625422,-1.168936521862003,-0.2098168929607489,0.8583832583827427,1.453636761022448,-0.6679289803960016,0.3381547199746206,-2.388654511016397
33.0,251.0,999.9854125976562,-0.5829118836340133,0.5938498672774228,4.052970448674158,-1.168936906297866,-0.2098198975170184,0.8583785078401176,1.45364085488022,-0.6679286995677023,0.3381564304744353,-2.388653206682445
33.0,251.0,999.9854125976562,-0.5829087949499652,0.593845034287007,4.052970508118444,-1.168928547894443,-0.2098224476814145,0.8583875328920989,1.4536368905675996,-0.6679312072480235,0.3381572322704009,-2.38865210320905
33.0,251.0,999.9854125976562,-0.5829084092747854,0.5938428240466642,4.0529676298032165,-1.1689301752317238,-0.2098215715815623,0.8583872038411187,1.4536343144652184,-0.667930122129043,0.3381575164245607,-2.388652078505048
33.0,251.0,999.9854125976562,-0.5829095859804241,0.5938406331269919,4.052968176709722,-1.168931503145088,-0.2098209076946222,0.8583892540233515,1.4536378364109872,-0.6679300194485567,0.3381580775888668,-2.388651822241826
33.0,251.0,999.9854125976562,-0.5829091460442974,0.5938427161815163,4.052967983914659,-1.168932720350056,-0.2098206485035323,0.8583868792050344,1.4536381128011753,-0.6679303655655904,0.3381568038581397,-2.3886493022307667
33.0,251.0,999.9854125976562,-0.5829102950702261,0.5938428858825704,4.052967843380422,-1.1689345573594268,-0.2098205921430471,0.8583856818133491,1.453640637527366,-0.6679287680216106,0.338155448232774,-2.3886515656416583
33.0,251.0,999.9854736328124,-0.5829132984414827,0.5938489709740846,4.052970789807306,-1.1689431320605124,-0.2098171771984027,0.8583788437065039,1.4536445838197327,-0.6679304958069672,0.3381497692766686,-2.3886588798555053
33.0,251.0,999.9854125976562,-0.5829060123603016,0.593836560380093,4.052975365620428,-1.1689241200480105,-0.2098240630418342,0.8583930784502982,1.4536335827633824,-0.667932516673071,0.3381671997029043,-2.3886453038692568
33.0,251.0,999.9854125976562,-0.5829130777597538,0.5938459034936212,4.05296736459896,-1.1689350907835565,-0.2098175064283491,0.8583867499397568,1.4536367382243451,-0.6679312578242138,0.3381519127861487,-2.388658390783621
33.0,251.0,999.9854125976562,-0.5829096502875846,0.5938480877049717,4.052969470781729,-1.1689296632689905,-0.2098215599325366,0.858383474204917,1.453637234407954,-0.6679297083303197,0.3381598485675932,-2.388647974585024
33.0,251.0,999.9854736328124,-0.5829101283680114,0.5938423363521537,4.052960540582697,-1.1689345906917756,-0.2098177857015342,0.858389327678375,1.4536407086056204,-0.6679272886357959,0.3381500429679462,-2.388652960588268
33.0,251.0,999.9854125976562,-0.5829095379166924,0.5938397726318092,4.052970797904784,-1.1689298783720163,-0.2098216385974236,0.8583895757878643,1.4536353100896786,-0.6679303409240527,0.3381610256267029,-2.3886518878919483
33.0,251.0,999.9854125976562,-0.5829102996672404,0.5938429846851196,4.052965962505466,-1.168929693179205,-0.2098191325018907,0.8583894703774142,1.4536324541820091,-0.6679318446519016,0.3381524100688811,-2.388655679076128
33.0,251.0,999.9854125976562,-0.582909041073064,0.5938445933394902,4.052968789229926,-1.1689255048636489,-0.2098215543503538,0.8583868715352221,1.4536343138395118,-0.6679296269553987,0.3381631023521461,-2.3886459364569825
33.0,251.0,999.9854125976562,-0.5829079981854441,0.5938425890157886,4.052973456056153,-1.1689276399711497,-0.2098214250319978,0.858391003394015,1.4536369956328965,-0.6679333548877482,0.3381645668113116,-2.388645873925591
33.0,251.0,999.9854125976562,-0.5829084140763445,0.5938444865442216,4.05297108878584,-1.1689329074348676,-0.2098213018969499,0.8583852301539547,1.4536410024667887,-0.6679290052054352,0.3381607125347718,-2.388648647023889
33.0,251.0,999.9854125976562,-0.5829074859759968,0.5938408413543153,4.052968638928359,-1.168925908185832,-0.2098230076696214,0.8583912672834142,1.453634993209235,-0.6679324347880335,0.3381608337132249,-2.38864655182546
33.0,251.0,999.9854125976562,-0.5829115473700694,0.5938460139440576,4.052964850885889,-1.1689304439558108,-0.2098181028479713,0.8583879471064835,1.4536323913428353,-0.6679312727921927,0.3381554674145794,-2.388653491124757
33.0,251.0,999.9854125976562,-0.5829092241329645,0.5938400562597561,4.052970043100826,-1.1689299670784257,-0.2098208585628489,0.8583913745644365,1.4536382003045911,-0.6679327064800109,0.3381604247301695,-2.3886479785911208
33.0,252.0,999.9854125976562,-0.5829080301043197,0.5938441512901438,4.052970804960252,-1.1689270072208364,-0.2098229107810407,0.8583898767830913,1.4536378131821293,-0.667931716988269,0.3381640396235665,-2.388644091190637
33.0,252.0,999.9854125976562,-0.582910921723645,0.5938468438107751,4.052966354518876,-1.1689291290153667,-0.2098202126618344,0.8583835048482102,1.453632280737395,-0.6679292895314459,0.3381567170107979,-2.38865287793681
33.0,252.0,999.9854736328124,-0.5829062029904666,0.593836395699153,4.05297521198278,-1.1689233558286762,-0.2098249695370118,0.858397728953082,1.4536373324926135,-0.6679363998723336,0.3381654810396544,-2.388640778647529
33.0,252.0,999.9854736328124,-0.5829091291420498,0.5938388910109431,4.052967150645566,-1.1689261358208451,-0.2098195689170978,0.8583933887557249,1.4536333021051293,-0.6679328121856791,0.3381615336939569,-2.3886469840640108
33.0,252.0,999.9854125976562,-0.5829077021455049,0.5938421964434575,4.052971850597512,-1.1689311000567084,-0.2098226586127021,0.8583871230336735,1.45364161511141,-0.6679292513426649,0.3381610531502401,-2.388646284542853
33.0,252.0,999.9854125976562,-0.582909926206022,0.5938419474242105,4.052971420175801,-1.168932870690222,-0.2098210720918212,0.8583868850100913,1.453638483856321,-0.6679319996604036,0.3381580283910708,-2.388651744867325
33.0,252.0,999.9854736328124,-0.5829093102984935,0.5938401568646867,4.052971847942793,-1.1689321136429394,-0.2098221931961754,0.8583863450100884,1.4536405622367097,-0.6679298442439077,0.3381580547510046,-2.3886512453787203
33.0,252.0,999.9854736328124,-0.5829102107186133,0.5938450663850912,4.052964011930246,-1.1689338308235508,-0.2098190051254942,0.8583842931100971,1.4536381434228964,-0.6679286246445066,0.3381533882382284,-2.388653436662032
33.0,252.0,999.9854125976562,-0.5829092924358914,0.593841125737729,4.0529671244572505,-1.1689300210327196,-0.2098199465649806,0.8583923780187774,1.4536351596033086,-0.6679319210208412,0.3381551813859733,-2.3886527196902003
33.0,252.0,999.9854125976562,-0.5829096201509207,0.5938454267090378,4.05296790881671,-1.168928026857381,-0.2098199477678166,0.8583878847484936,1.4536299579781904,-0.6679311170747155,0.3381597506681357,-2.388650344920144
33.0,252.0,999.9854125976562,-0.5829115196642194,0.5938448183503571,4.05296804846466,-1.1689363929749534,-0.2098177083492975,0.8583836386790686,1.453637655776726,-0.6679287530701323,0.3381553541021622,-2.3886563076135663
33.0,252.0,999.9854125976562,-0.582908210720384,0.5938390242467362,4.052972765647283,-1.168931862945758,-0.2098214532051461,0.8583910098607266,1.4536384786628522,-0.667932401101357,0.3381581515151532,-2.388651526432724
33.0,252.0,999.9854736328124,-0.5829071982660743,0.5938449731229305,4.052969306157664,-1.168923804645459,-0.2098230645946781,0.85838952677181,1.4536342832907012,-0.6679330212206605,0.3381650500633002,-2.388643845778672
33.0,252.0,999.9854736328124,-0.5829095726843958,0.5938407385559428,4.052971954665734,-1.1689341525171448,-0.209820247370847,0.8583868209768948,1.4536418738817725,-0.6679298274476588,0.3381583928375686,-2.388650999240728
33.0,252.0,999.9854125976562,-0.5829100751635394,0.5938476280285112,4.0529673532464745,-1.1689307375966438,-0.2098200484741292,0.8583837688255445,1.453634020763812,-0.667930186750664,0.3381546992962994,-2.3886517699105085
33.0,252.0,999.9854125976562,-0.5829100681240824,0.5938456765182334,4.052969274383969,-1.1689332759884987,-0.2098209617938327,0.8583825058052259,1.4536375603755474,-0.6679303053496808,0.338157951095801,-2.3886492853262418
33.0,252.0,999.9854736328124,-0.5829137736605352,0.5938444058658412,4.052969872509909,-1.1689348985154933,-0.2098161165663512,0.858386272324454,1.4536341886582802,-0.6679319963189352,0.3381573117470147,-2.3886544254390083
33.0,252.0,999.9854125976562,-0.5829098110707651,0.5938424344959188,4.052967700342922,-1.1689340197207023,-0.2098209492703437,0.8583875615235144,1.4536415851907076,-0.6679289928054075,0.3381543218562779,-2.3886531144276835
33.0,252.0,999.9854125976562,-0.5829095912944267,0.5938460000806911,4.052968302634829,-1.1689292857165583,-0.2098203361913579,0.8583858282352903,1.453633626359112,-0.6679317933515616,0.3381569036183371,-2.388649908606848
33.0,252.0,999.9854125976562,-0.5829083286359023,0.5938429914468362,4.052969750829666,-1.1689276088161824,-0.209821789504347,0.8583877389542769,1.453635512111461,-0.6679292388258498,0.338161579608176,-2.3886467668245155
33.0,252.0,999.9854736328124,-0.582908315466339,0.5938364726323808,4.052966911526594,-1.1689218542862916,-0.2098219623189905,0.8583980305806707,1.4536316359405728,-0.6679333976108337,0.3381608434691507,-2.388647879782237
33.0,252.0,999.9854125976562,-0.5829087331506964,0.5938436902926645,4.052969387091823,-1.1689274507897056,-0.2098199292101972,0.8583898443253428,1.4536331330359609,-0.6679329909130951,0.3381574499636564,-2.388652233254627
33.0,252.0,999.9854125976562,-0.582907726887834,0.5938431441529355,4.052967908674907,-1.168925345477649,-0.2098221326248337,0.8583891147660596,1.4536340246089008,-0.667931358047336,0.3381620073938247,-2.3886463715820616
33.0,252.0,999.9854125976562,-0.5829076798980068,0.5938404117607945,4.05297051304596,-1.1689275600606424,-0.209821713372114,0.8583913031801487,1.453635672254431,-0.6679319112536026,0.3381615227801768,-2.3886457164473
33.0,252.0,999.9854125976562,-0.5829093460172396,0.5938416178402219,4.052967900981471,-1.16892803086867,-0.2098216172350495,0.8583898148066798,1.4536348322165606,-0.6679315195619742,0.3381570621749787,-2.388653151886704
33.0,252.0,999.9854125976562,-0.5829111423812021,0.5938417281242927,4.052967273692527,-1.168937990894396,-0.2098188783213892,0.8583862980719843,1.4536387175801018,-0.6679299581983047,0.3381527562499551,-2.3886556633371887
33.0,252.0,999.9854125976562,-0.5829098067737242,0.5938418869161852,4.052969926076772,-1.168932962879614,-0.2098200096625611,0.8583881816774657,1.4536382420763443,-0.6679309183147435,0.3381584980015013,-2.3886515618888686
33.0,252.0,999.9854125976562,-0.5829103778848639,0.5938422112375878,4.052969555587008,-1.1689317202119307,-0.2098178053476322,0.8583889493228556,1.4536322108663455,-0.6679313620737739,0.33815856587628,-2.388654943244448
33.0,252.0,999.9854125976562,-0.5829118325315878,0.59384640490447,4.052967050494216,-1.1689325379039062,-0.2098197125543865,0.858382201093356,1.4536331260337922,-0.6679299508821508,0.3381551993224949,-2.3886558237539064
33.0,252.0,999.9854125976562,-0.582910623671121,0.5938468418117644,4.052966727923948,-1.1689308335329516,-0.2098195639844329,0.8583868100677208,1.4536382508312071,-0.6679286617520228,0.3381589475138593,-2.3886497070908383
33.0,252.0,999.9854736328124,-0.5829131705692623,0.5938446931100403,4.052967470625422,-1.168936521862003,-0.2098168929607489,0.8583832583827427,1.453636761022448,-0.6679289803960016,0.3381547199746206,-2.388654511016397
33.0,252.0,999.9854125976562,-0.5829118836340133,0.5938498672774228,4.052970448674158,-1.168936906297866,-0.2098198975170184,0.8583785078401176,1.45364085488022,-0.6679286995677023,0.3381564304744353,-2.388653206682445
33.0,252.0,999.9854125976562,-0.5829087949499652,0.593845034287007,4.052970508118444,-1.168928547894443,-0.2098224476814145,0.8583875328920989,1.4536368905675996,-0.6679312072480235,0.3381572322704009,-2.38865210320905
33.0,252.0,999.9854125976562,-0.5829084092747854,0.5938428240466642,4.0529676298032165,-1.1689301752317238,-0.2098215715815623,0.8583872038411187,1.4536343144652184,-0.667930122129043,0.3381575164245607,-2.388652078505048
33.0,252.0,999.9854125976562,-0.5829095859804241,0.5938406331269919,4.052968176709722,-1.168931503145088,-0.2098209076946222,0.8583892540233515,1.4536378364109872,-0.6679300194485567,0.3381580775888668,-2.388651822241826
33.0,252.0,999.9854125976562,-0.5829091460442974,0.5938427161815163,4.052967983914659,-1.168932720350056,-0.2098206485035323,0.8583868792050344,1.4536381128011753,-0.6679303655655904,0.3381568038581397,-2.3886493022307667
33.0,252.0,999.9854125976562,-0.5829102950702261,0.5938428858825704,4.052967843380422,-1.1689345573594268,-0.2098205921430471,0.8583856818133491,1.453640637527366,-0.6679287680216106,0.338155448232774,-2.3886515656416583
33.0,252.0,999.9854736328124,-0.5829132984414827,0.5938489709740846,4.052970789807306,-1.1689431320605124,-0.2098171771984027,0.8583788437065039,1.4536445838197327,-0.6679304958069672,0.3381497692766686,-2.3886588798555053
33.0,252.0,999.9854125976562,-0.5829060123603016,0.593836560380093,4.052975365620428,-1.1689241200480105,-0.2098240630418342,0.8583930784502982,1.4536335827633824,-0.667932516673071,0.3381671997029043,-2.3886453038692568
33.0,252.0,999.9854125976562,-0.5829130777597538,0.5938459034936212,4.05296736459896,-1.1689350907835565,-0.2098175064283491,0.8583867499397568,1.4536367382243451,-0.6679312578242138,0.3381519127861487,-2.388658390783621
33.0,252.0,999.9854125976562,-0.5829096502875846,0.5938480877049717,4.052969470781729,-1.1689296632689905,-0.2098215599325366,0.858383474204917,1.453637234407954,-0.6679297083303197,0.3381598485675932,-2.388647974585024
33.0,252.0,999.9854736328124,-0.5829101283680114,0.5938423363521537,4.052960540582697,-1.1689345906917756,-0.2098177857015342,0.858389327678375,1.4536407086056204,-0.6679272886357959,0.3381500429679462,-2.388652960588268
33.0,252.0,999.9854125976562,-0.5829095379166924,0.5938397726318092,4.052970797904784,-1.1689298783720163,-0.2098216385974236,0.8583895757878643,1.4536353100896786,-0.6679303409240527,0.3381610256267029,-2.3886518878919483
33.0,252.0,999.9854125976562,-0.5829102996672404,0.5938429846851196,4.052965962505466,-1.168929693179205,-0.2098191325018907,0.8583894703774142,1.4536324541820091,-0.6679318446519016,0.3381524100688811,-2.388655679076128
33.0,252.0,999.9854125976562,-0.582909041073064,0.5938445933394902,4.052968789229926,-1.1689255048636489,-0.2098215543503538,0.8583868715352221,1.4536343138395118,-0.6679296269553987,0.3381631023521461,-2.3886459364569825
33.0,252.0,999.9854125976562,-0.5829079981854441,0.5938425890157886,4.052973456056153,-1.1689276399711497,-0.2098214250319978,0.858391003394015,1.4536369956328965,-0.6679333548877482,0.3381645668113116,-2.388645873925591
33.0,252.0,999.9854125976562,-0.5829084140763445,0.5938444865442216,4.05297108878584,-1.1689329074348676,-0.2098213018969499,0.8583852301539547,1.4536410024667887,-0.6679290052054352,0.3381607125347718,-2.388648647023889
33.0,252.0,999.9854125976562,-0.5829074859759968,0.5938408413543153,4.052968638928359,-1.168925908185832,-0.2098230076696214,0.8583912672834142,1.453634993209235,-0.6679324347880335,0.3381608337132249,-2.38864655182546
33.0,252.0,999.9854125976562,-0.5829115473700694,0.5938460139440576,4.052964850885889,-1.1689304439558108,-0.2098181028479713,0.8583879471064835,1.4536323913428353,-0.6679312727921927,0.3381554674145794,-2.388653491124757
33.0,252.0,999.9854125976562,-0.5829092241329645,0.5938400562597561,4.052970043100826,-1.1689299670784257,-0.2098208585628489,0.8583913745644365,1.4536382003045911,-0.6679327064800109,0.3381604247301695,-2.3886479785911208
33.0,253.0,999.9854125976562,-0.5829080301043197,0.5938441512901438,4.052970804960252,-1.1689270072208364,-0.2098229107810407,0.8583898767830913,1.4536378131821293,-0.667931716988269,0.3381640396235665,-2.388644091190637
33.0,253.0,999.9854125976562,-0.582910921723645,0.5938468438107751,4.052966354518876,-1.1689291290153667,-0.2098202126618344,0.8583835048482102,1.453632280737395,-0.6679292895314459,0.3381567170107979,-2.38865287793681
33.0,253.0,999.9854736328124,-0.5829062029904666,0.593836395699153,4.05297521198278,-1.1689233558286762,-0.2098249695370118,0.858397728953082,1.4536373324926135,-0.6679363998723336,0.3381654810396544,-2.388640778647529
33.0,253.0,999.9854736328124,-0.5829091291420498,0.5938388910109431,4.052967150645566,-1.1689261358208451,-0.2098195689170978,0.8583933887557249,1.4536333021051293,-0.6679328121856791,0.3381615336939569,-2.3886469840640108
33.0,253.0,999.9854125976562,-0.5829077021455049,0.5938421964434575,4.052971850597512,-1.1689311000567084,-0.2098226586127021,0.8583871230336735,1.45364161511141,-0.6679292513426649,0.3381610531502401,-2.388646284542853
33.0,253.0,999.9854125976562,-0.582909926206022,0.5938419474242105,4.052971420175801,-1.168932870690222,-0.2098210720918212,0.8583868850100913,1.453638483856321,-0.6679319996604036,0.3381580283910708,-2.388651744867325
33.0,253.0,999.9854736328124,-0.5829093102984935,0.5938401568646867,4.052971847942793,-1.1689321136429394,-0.2098221931961754,0.8583863450100884,1.4536405622367097,-0.6679298442439077,0.3381580547510046,-2.3886512453787203
33.0,253.0,999.9854736328124,-0.5829102107186133,0.5938450663850912,4.052964011930246,-1.1689338308235508,-0.2098190051254942,0.8583842931100971,1.4536381434228964,-0.6679286246445066,0.3381533882382284,-2.388653436662032
33.0,253.0,999.9854125976562,-0.5829092924358914,0.593841125737729,4.0529671244572505,-1.1689300210327196,-0.2098199465649806,0.8583923780187774,1.4536351596033086,-0.6679319210208412,0.3381551813859733,-2.3886527196902003
33.0,253.0,999.9854125976562,-0.5829096201509207,0.5938454267090378,4.05296790881671,-1.168928026857381,-0.2098199477678166,0.8583878847484936,1.4536299579781904,-0.6679311170747155,0.3381597506681357,-2.388650344920144
33.0,253.0,999.9854125976562,-0.5829115196642194,0.5938448183503571,4.05296804846466,-1.1689363929749534,-0.2098177083492975,0.8583836386790686,1.453637655776726,-0.6679287530701323,0.3381553541021622,-2.3886563076135663
33.0,253.0,999.9854125976562,-0.582908210720384,0.5938390242467362,4.052972765647283,-1.168931862945758,-0.2098214532051461,0.8583910098607266,1.4536384786628522,-0.667932401101357,0.3381581515151532,-2.388651526432724
33.0,253.0,999.9854736328124,-0.5829071982660743,0.5938449731229305,4.052969306157664,-1.168923804645459,-0.2098230645946781,0.85838952677181,1.4536342832907012,-0.6679330212206605,0.3381650500633002,-2.388643845778672
33.0,253.0,999.9854736328124,-0.5829095726843958,0.5938407385559428,4.052971954665734,-1.1689341525171448,-0.209820247370847,0.8583868209768948,1.4536418738817725,-0.6679298274476588,0.3381583928375686,-2.388650999240728
33.0,253.0,999.9854125976562,-0.5829100751635394,0.5938476280285112,4.0529673532464745,-1.1689307375966438,-0.2098200484741292,0.8583837688255445,1.453634020763812,-0.667930186750664,0.3381546992962994,-2.3886517699105085
33.0,253.0,999.9854125976562,-0.5829100681240824,0.5938456765182334,4.052969274383969,-1.1689332759884987,-0.2098209617938327,0.8583825058052259,1.4536375603755474,-0.6679303053496808,0.338157951095801,-2.3886492853262418
33.0,253.0,999.9854736328124,-0.5829137736605352,0.5938444058658412,4.052969872509909,-1.1689348985154933,-0.2098161165663512,0.858386272324454,1.4536341886582802,-0.6679319963189352,0.3381573117470147,-2.3886544254390083
33.0,253.0,999.9854125976562,-0.5829098110707651,0.5938424344959188,4.052967700342922,-1.1689340197207023,-0.2098209492703437,0.8583875615235144,1.4536415851907076,-0.6679289928054075,0.3381543218562779,-2.3886531144276835
33.0,253.0,999.9854125976562,-0.5829095912944267,0.5938460000806911,4.052968302634829,-1.1689292857165583,-0.2098203361913579,0.8583858282352903,1.453633626359112,-0.6679317933515616,0.3381569036183371,-2.388649908606848
33.0,253.0,999.9854125976562,-0.5829083286359023,0.5938429914468362,4.052969750829666,-1.1689276088161824,-0.209821789504347,0.8583877389542769,1.453635512111461,-0.6679292388258498,0.338161579608176,-2.3886467668245155
33.0,253.0,999.9854736328124,-0.582908315466339,0.5938364726323808,4.052966911526594,-1.1689218542862916,-0.2098219623189905,0.8583980305806707,1.4536316359405728,-0.6679333976108337,0.3381608434691507,-2.388647879782237
33.0,253.0,999.9854125976562,-0.5829087331506964,0.5938436902926645,4.052969387091823,-1.1689274507897056,-0.2098199292101972,0.8583898443253428,1.4536331330359609,-0.6679329909130951,0.3381574499636564,-2.388652233254627
33.0,253.0,999.9854125976562,-0.582907726887834,0.5938431441529355,4.052967908674907,-1.168925345477649,-0.2098221326248337,0.8583891147660596,1.4536340246089008,-0.667931358047336,0.3381620073938247,-2.3886463715820616
33.0,253.0,999.9854125976562,-0.5829076798980068,0.5938404117607945,4.05297051304596,-1.1689275600606424,-0.209821713372114,0.8583913031801487,1.453635672254431,-0.6679319112536026,0.3381615227801768,-2.3886457164473
33.0,253.0,999.9854125976562,-0.5829093460172396,0.5938416178402219,4.052967900981471,-1.16892803086867,-0.2098216172350495,0.8583898148066798,1.4536348322165606,-0.6679315195619742,0.3381570621749787,-2.388653151886704
33.0,253.0,999.9854125976562,-0.5829111423812021,0.5938417281242927,4.052967273692527,-1.168937990894396,-0.2098188783213892,0.8583862980719843,1.4536387175801018,-0.6679299581983047,0.3381527562499551,-2.3886556633371887
33.0,253.0,999.9854125976562,-0.5829098067737242,0.5938418869161852,4.052969926076772,-1.168932962879614,-0.2098200096625611,0.8583881816774657,1.4536382420763443,-0.6679309183147435,0.3381584980015013,-2.3886515618888686
33.0,253.0,999.9854125976562,-0.5829103778848639,0.5938422112375878,4.052969555587008,-1.1689317202119307,-0.2098178053476322,0.8583889493228556,1.4536322108663455,-0.6679313620737739,0.33815856587628,-2.388654943244448
33.0,253.0,999.9854125976562,-0.5829118325315878,0.59384640490447,4.052967050494216,-1.1689325379039062,-0.2098197125543865,0.858382201093356,1.4536331260337922,-0.6679299508821508,0.3381551993224949,-2.3886558237539064
33.0,253.0,999.9854125976562,-0.582910623671121,0.5938468418117644,4.052966727923948,-1.1689308335329516,-0.2098195639844329,0.8583868100677208,1.4536382508312071,-0.6679286617520228,0.3381589475138593,-2.3886497070908383
33.0,253.0,999.9854736328124,-0.5829131705692623,0.5938446931100403,4.052967470625422,-1.168936521862003,-0.2098168929607489,0.8583832583827427,1.453636761022448,-0.6679289803960016,0.3381547199746206,-2.388654511016397
33.0,253.0,999.9854125976562,-0.5829118836340133,0.5938498672774228,4.052970448674158,-1.168936906297866,-0.2098198975170184,0.8583785078401176,1.45364085488022,-0.6679286995677023,0.3381564304744353,-2.388653206682445
33.0,253.0,999.9854125976562,-0.5829087949499652,0.593845034287007,4.052970508118444,-1.168928547894443,-0.2098224476814145,0.8583875328920989,1.4536368905675996,-0.6679312072480235,0.3381572322704009,-2.38865210320905
33.0,253.0,999.9854125976562,-0.5829084092747854,0.5938428240466642,4.0529676298032165,-1.1689301752317238,-0.2098215715815623,0.8583872038411187,1.4536343144652184,-0.667930122129043,0.3381575164245607,-2.388652078505048
33.0,253.0,999.9854125976562,-0.5829095859804241,0.5938406331269919,4.052968176709722,-1.168931503145088,-0.2098209076946222,0.8583892540233515,1.4536378364109872,-0.6679300194485567,0.3381580775888668,-2.388651822241826
33.0,253.0,999.9854125976562,-0.5829091460442974,0.5938427161815163,4.052967983914659,-1.168932720350056,-0.2098206485035323,0.8583868792050344,1.4536381128011753,-0.6679303655655904,0.3381568038581397,-2.3886493022307667
33.0,253.0,999.9854125976562,-0.5829102950702261,0.5938428858825704,4.052967843380422,-1.1689345573594268,-0.2098205921430471,0.8583856818133491,1.453640637527366,-0.6679287680216106,0.338155448232774,-2.3886515656416583
33.0,253.0,999.9854736328124,-0.5829132984414827,0.5938489709740846,4.052970789807306,-1.1689431320605124,-0.2098171771984027,0.8583788437065039,1.4536445838197327,-0.6679304958069672,0.3381497692766686,-2.3886588798555053
33.0,253.0,999.9854125976562,-0.5829060123603016,0.593836560380093,4.052975365620428,-1.1689241200480105,-0.2098240630418342,0.8583930784502982,1.4536335827633824,-0.667932516673071,0.3381671997029043,-2.3886453038692568
33.0,253.0,999.9854125976562,-0.5829130777597538,0.5938459034936212,4.05296736459896,-1.1689350907835565,-0.2098175064283491,0.8583867499397568,1.4536367382243451,-0.6679312578242138,0.3381519127861487,-2.388658390783621
33.0,253.0,999.9854125976562,-0.5829096502875846,0.5938480877049717,4.052969470781729,-1.1689296632689905,-0.2098215599325366,0.858383474204917,1.453637234407954,-0.6679297083303197,0.3381598485675932,-2.388647974585024
33.0,253.0,999.9854736328124,-0.5829101283680114,0.5938423363521537,4.052960540582697,-1.1689345906917756,-0.2098177857015342,0.858389327678375,1.4536407086056204,-0.6679272886357959,0.3381500429679462,-2.388652960588268
33.0,253.0,999.9854125976562,-0.5829095379166924,0.5938397726318092,4.052970797904784,-1.1689298783720163,-0.2098216385974236,0.8583895757878643,1.4536353100896786,-0.6679303409240527,0.3381610256267029,-2.3886518878919483
33.0,253.0,999.9854125976562,-0.5829102996672404,0.5938429846851196,4.052965962505466,-1.168929693179205,-0.2098191325018907,0.8583894703774142,1.4536324541820091,-0.6679318446519016,0.3381524100688811,-2.388655679076128
33.0,253.0,999.9854125976562,-0.582909041073064,0.5938445933394902,4.052968789229926,-1.1689255048636489,-0.2098215543503538,0.8583868715352221,1.4536343138395118,-0.6679296269553987,0.3381631023521461,-2.3886459364569825
33.0,253.0,999.9854125976562,-0.5829079981854441,0.5938425890157886,4.052973456056153,-1.1689276399711497,-0.2098214250319978,0.858391003394015,1.4536369956328965,-0.6679333548877482,0.3381645668113116,-2.388645873925591
33.0,253.0,999.9854125976562,-0.5829084140763445,0.5938444865442216,4.05297108878584,-1.1689329074348676,-0.2098213018969499,0.8583852301539547,1.4536410024667887,-0.6679290052054352,0.3381607125347718,-2.388648647023889
33.0,253.0,999.9854125976562,-0.5829074859759968,0.5938408413543153,4.052968638928359,-1.168925908185832,-0.2098230076696214,0.8583912672834142,1.453634993209235,-0.6679324347880335,0.3381608337132249,-2.38864655182546
33.0,253.0,999.9854125976562,-0.5829115473700694,0.5938460139440576,4.052964850885889,-1.1689304439558108,-0.2098181028479713,0.8583879471064835,1.4536323913428353,-0.6679312727921927,0.3381554674145794,-2.388653491124757
33.0,253.0,999.9854125976562,-0.5829092241329645,0.5938400562597561,4.052970043100826,-1.1689299670784257,-0.2098208585628489,0.8583913745644365,1.4536382003045911,-0.6679327064800109,0.3381604247301695,-2.3886479785911208
33.0,254.0,999.9854125976562,-0.5829080301043197,0.5938441512901438,4.052970804960252,-1.1689270072208364,-0.2098229107810407,0.8583898767830913,1.4536378131821293,-0.667931716988269,0.3381640396235665,-2.388644091190637
33.0,254.0,999.9854125976562,-0.582910921723645,0.5938468438107751,4.052966354518876,-1.1689291290153667,-0.2098202126618344,0.8583835048482102,1.453632280737395,-0.6679292895314459,0.3381567170107979,-2.38865287793681
33.0,254.0,999.9854736328124,-0.5829062029904666,0.593836395699153,4.05297521198278,-1.1689233558286762,-0.2098249695370118,0.858397728953082,1.4536373324926135,-0.6679363998723336,0.3381654810396544,-2.388640778647529
33.0,254.0,999.9854736328124,-0.5829091291420498,0.5938388910109431,4.052967150645566,-1.1689261358208451,-0.2098195689170978,0.8583933887557249,1.4536333021051293,-0.6679328121856791,0.3381615336939569,-2.3886469840640108
33.0,254.0,999.9854125976562,-0.5829077021455049,0.5938421964434575,4.052971850597512,-1.1689311000567084,-0.2098226586127021,0.8583871230336735,1.45364161511141,-0.6679292513426649,0.3381610531502401,-2.388646284542853
33.0,254.0,999.9854125976562,-0.582909926206022,0.5938419474242105,4.052971420175801,-1.168932870690222,-0.2098210720918212,0.8583868850100913,1.453638483856321,-0.6679319996604036,0.3381580283910708,-2.388651744867325
33.0,254.0,999.9854736328124,-0.5829093102984935,0.5938401568646867,4.052971847942793,-1.1689321136429394,-0.2098221931961754,0.8583863450100884,1.4536405622367097,-0.6679298442439077,0.3381580547510046,-2.3886512453787203
33.0,254.0,999.9854736328124,-0.5829102107186133,0.5938450663850912,4.052964011930246,-1.1689338308235508,-0.2098190051254942,0.8583842931100971,1.4536381434228964,-0.6679286246445066,0.3381533882382284,-2.388653436662032
33.0,254.0,999.9854125976562,-0.5829092924358914,0.593841125737729,4.0529671244572505,-1.1689300210327196,-0.2098199465649806,0.8583923780187774,1.4536351596033086,-0.6679319210208412,0.3381551813859733,-2.3886527196902003
33.0,254.0,999.9854125976562,-0.5829096201509207,0.5938454267090378,4.05296790881671,-1.168928026857381,-0.2098199477678166,0.8583878847484936,1.4536299579781904,-0.6679311170747155,0.3381597506681357,-2.388650344920144
33.0,254.0,999.9854125976562,-0.5829115196642194,0.5938448183503571,4.05296804846466,-1.1689363929749534,-0.2098177083492975,0.8583836386790686,1.453637655776726,-0.6679287530701323,0.3381553541021622,-2.3886563076135663
33.0,254.0,999.9854125976562,-0.582908210720384,0.5938390242467362,4.052972765647283,-1.168931862945758,-0.2098214532051461,0.8583910098607266,1.4536384786628522,-0.667932401101357,0.3381581515151532,-2.388651526432724
33.0,254.0,999.9854736328124,-0.5829071982660743,0.5938449731229305,4.052969306157664,-1.168923804645459,-0.2098230645946781,0.85838952677181,1.4536342832907012,-0.6679330212206605,0.3381650500633002,-2.388643845778672
33.0,254.0,999.9854736328124,-0.5829095726843958,0.5938407385559428,4.052971954665734,-1.1689341525171448,-0.209820247370847,0.8583868209768948,1.4536418738817725,-0.6679298274476588,0.3381583928375686,-2.388650999240728
33.0,254.0,999.9854125976562,-0.5829100751635394,0.5938476280285112,4.0529673532464745,-1.1689307375966438,-0.2098200484741292,0.8583837688255445,1.453634020763812,-0.667930186750664,0.3381546992962994,-2.3886517699105085
33.0,254.0,999.9854125976562,-0.5829100681240824,0.5938456765182334,4.052969274383969,-1.1689332759884987,-0.2098209617938327,0.8583825058052259,1.4536375603755474,-0.6679303053496808,0.338157951095801,-2.3886492853262418
33.0,254.0,999.9854736328124,-0.5829137736605352,0.5938444058658412,4.052969872509909,-1.1689348985154933,-0.2098161165663512,0.858386272324454,1.4536341886582802,-0.6679319963189352,0.3381573117470147,-2.3886544254390083
33.0,254.0,999.9854125976562,-0.5829098110707651,0.5938424344959188,4.052967700342922,-1.1689340197207023,-0.2098209492703437,0.8583875615235144,1.4536415851907076,-0.6679289928054075,0.3381543218562779,-2.3886531144276835
33.0,254.0,999.9854125976562,-0.5829095912944267,0.5938460000806911,4.052968302634829,-1.1689292857165583,-0.2098203361913579,0.8583858282352903,1.453633626359112,-0.6679317933515616,0.3381569036183371,-2.388649908606848
33.0,254.0,999.9854125976562,-0.5829083286359023,0.5938429914468362,4.052969750829666,-1.1689276088161824,-0.209821789504347,0.8583877389542769,1.453635512111461,-0.6679292388258498,0.338161579608176,-2.3886467668245155
33.0,254.0,999.9854736328124,-0.582908315466339,0.5938364726323808,4.052966911526594,-1.1689218542862916,-0.2098219623189905,0.8583980305806707,1.4536316359405728,-0.6679333976108337,0.3381608434691507,-2.388647879782237
33.0,254.0,999.9854125976562,-0.5829087331506964,0.5938436902926645,4.052969387091823,-1.1689274507897056,-0.2098199292101972,0.8583898443253428,1.4536331330359609,-0.6679329909130951,0.3381574499636564,-2.388652233254627
33.0,254.0,999.9854125976562,-0.582907726887834,0.5938431441529355,4.052967908674907,-1.168925345477649,-0.2098221326248337,0.8583891147660596,1.4536340246089008,-0.667931358047336,0.3381620073938247,-2.3886463715820616
33.0,254.0,999.9854125976562,-0.5829076798980068,0.5938404117607945,4.05297051304596,-1.1689275600606424,-0.209821713372114,0.8583913031801487,1.453635672254431,-0.6679319112536026,0.3381615227801768,-2.3886457164473
33.0,254.0,999.9854125976562,-0.5829093460172396,0.5938416178402219,4.052967900981471,-1.16892803086867,-0.2098216172350495,0.8583898148066798,1.4536348322165606,-0.6679315195619742,0.3381570621749787,-2.388653151886704
33.0,254.0,999.9854125976562,-0.5829111423812021,0.5938417281242927,4.052967273692527,-1.168937990894396,-0.2098188783213892,0.8583862980719843,1.4536387175801018,-0.6679299581983047,0.3381527562499551,-2.3886556633371887
33.0,254.0,999.9854125976562,-0.5829098067737242,0.5938418869161852,4.052969926076772,-1.168932962879614,-0.2098200096625611,0.8583881816774657,1.4536382420763443,-0.6679309183147435,0.3381584980015013,-2.3886515618888686
33.0,254.0,999.9854125976562,-0.5829103778848639,0.5938422112375878,4.052969555587008,-1.1689317202119307,-0.2098178053476322,0.8583889493228556,1.4536322108663455,-0.6679313620737739,0.33815856587628,-2.388654943244448
33.0,254.0,999.9854125976562,-0.5829118325315878,0.59384640490447,4.052967050494216,-1.1689325379039062,-0.2098197125543865,0.858382201093356,1.4536331260337922,-0.6679299508821508,0.3381551993224949,-2.3886558237539064
33.0,254.0,999.9854125976562,-0.582910623671121,0.5938468418117644,4.052966727923948,-1.1689308335329516,-0.2098195639844329,0.8583868100677208,1.4536382508312071,-0.6679286617520228,0.3381589475138593,-2.3886497070908383
33.0,254.0,999.9854736328124,-0.5829131705692623,0.5938446931100403,4.052967470625422,-1.168936521862003,-0.2098168929607489,0.8583832583827427,1.453636761022448,-0.6679289803960016,0.3381547199746206,-2.388654511016397
33.0,254.0,999.9854125976562,-0.5829118836340133,0.5938498672774228,4.052970448674158,-1.168936906297866,-0.2098198975170184,0.8583785078401176,1.45364085488022,-0.6679286995677023,0.3381564304744353,-2.388653206682445
33.0,254.0,999.9854125976562,-0.5829087949499652,0.593845034287007,4.052970508118444,-1.168928547894443,-0.2098224476814145,0.8583875328920989,1.4536368905675996,-0.6679312072480235,0.3381572322704009,-2.38865210320905
33.0,254.0,999.9854125976562,-0.5829084092747854,0.5938428240466642,4.0529676298032165,-1.1689301752317238,-0.2098215715815623,0.8583872038411187,1.4536343144652184,-0.667930122129043,0.3381575164245607,-2.388652078505048
33.0,254.0,999.9854125976562,-0.5829095859804241,0.5938406331269919,4.052968176709722,-1.168931503145088,-0.2098209076946222,0.8583892540233515,1.4536378364109872,-0.6679300194485567,0.3381580775888668,-2.388651822241826
33.0,254.0,999.9854125976562,-0.5829091460442974,0.5938427161815163,4.052967983914659,-1.168932720350056,-0.2098206485035323,0.8583868792050344,1.4536381128011753,-0.6679303655655904,0.3381568038581397,-2.3886493022307667
33.0,254.0,999.9854125976562,-0.5829102950702261,0.5938428858825704,4.052967843380422,-1.1689345573594268,-0.2098205921430471,0.8583856818133491,1.453640637527366,-0.6679287680216106,0.338155448232774,-2.3886515656416583
33.0,254.0,999.9854736328124,-0.5829132984414827,0.5938489709740846,4.052970789807306,-1.1689431320605124,-0.2098171771984027,0.8583788437065039,1.4536445838197327,-0.6679304958069672,0.3381497692766686,-2.3886588798555053
33.0,254.0,999.9854125976562,-0.5829060123603016,0.593836560380093,4.052975365620428,-1.1689241200480105,-0.2098240630418342,0.8583930784502982,1.4536335827633824,-0.667932516673071,0.3381671997029043,-2.3886453038692568
33.0,254.0,999.9854125976562,-0.5829130777597538,0.5938459034936212,4.05296736459896,-1.1689350907835565,-0.2098175064283491,0.8583867499397568,1.4536367382243451,-0.6679312578242138,0.3381519127861487,-2.388658390783621
33.0,254.0,999.9854125976562,-0.5829096502875846,0.5938480877049717,4.052969470781729,-1.1689296632689905,-0.2098215599325366,0.858383474204917,1.453637234407954,-0.6679297083303197,0.3381598485675932,-2.388647974585024
33.0,254.0,999.9854736328124,-0.5829101283680114,0.5938423363521537,4.052960540582697,-1.1689345906917756,-0.2098177857015342,0.858389327678375,1.4536407086056204,-0.6679272886357959,0.3381500429679462,-2.388652960588268
33.0,254.0,999.9854125976562,-0.5829095379166924,0.5938397726318092,4.052970797904784,-1.1689298783720163,-0.2098216385974236,0.8583895757878643,1.4536353100896786,-0.6679303409240527,0.3381610256267029,-2.3886518878919483
33.0,254.0,999.9854125976562,-0.5829102996672404,0.5938429846851196,4.052965962505466,-1.168929693179205,-0.2098191325018907,0.8583894703774142,1.4536324541820091,-0.6679318446519016,0.3381524100688811,-2.388655679076128
33.0,254.0,999.9854125976562,-0.582909041073064,0.5938445933394902,4.052968789229926,-1.1689255048636489,-0.2098215543503538,0.8583868715352221,1.4536343138395118,-0.6679296269553987,0.3381631023521461,-2.3886459364569825
33.0,254.0,999.9854125976562,-0.5829079981854441,0.5938425890157886,4.052973456056153,-1.1689276399711497,-0.2098214250319978,0.858391003394015,1.4536369956328965,-0.6679333548877482,0.3381645668113116,-2.388645873925591
33.0,254.0,999.9854125976562,-0.5829084140763445,0.5938444865442216,4.05297108878584,-1.1689329074348676,-0.2098213018969499,0.8583852301539547,1.4536410024667887,-0.6679290052054352,0.3381607125347718,-2.388648647023889
33.0,254.0,999.9854125976562,-0.5829074859759968,0.5938408413543153,4.052968638928359,-1.168925908185832,-0.2098230076696214,0.8583912672834142,1.453634993209235,-0.6679324347880335,0.3381608337132249,-2.38864655182546
33.0,254.0,999.9854125976562,-0.5829115473700694,0.5938460139440576,4.052964850885889,-1.1689304439558108,-0.2098181028479713,0.8583879471064835,1.4536323913428353,-0.6679312727921927,0.3381554674145794,-2.388653491124757
33.0,254.0,999.9854125976562,-0.5829092241329645,0.5938400562597561,4.052970043100826,-1.1689299670784257,-0.2098208585628489,0.8583913745644365,1.4536382003045911,-0.6679327064800109,0.3381604247301695,-2.3886479785911208
33.0,255.0,999.9854125976562,-0.5829080301043197,0.5938441512901438,4.052970804960252,-1.1689270072208364,-0.2098229107810407,0.8583898767830913,1.4536378131821293,-0.667931716988269,0.3381640396235665,-2.388644091190637
33.0,255.0,999.9854125976562,-0.582910921723645,0.5938468438107751,4.052966354518876,-1.1689291290153667,-0.2098202126618344,0.8583835048482102,1.453632280737395,-0.6679292895314459,0.3381567170107979,-2.38865287793681
33.0,255.0,999.9854736328124,-0.5829062029904666,0.593836395699153,4.05297521198278,-1.1689233558286762,-0.2098249695370118,0.858397728953082,1.4536373324926135,-0.6679363998723336,0.3381654810396544,-2.388640778647529
33.0,255.0,999.9854736328124,-0.5829091291420498,0.5938388910109431,4.052967150645566,-1.1689261358208451,-0.2098195689170978,0.8583933887557249,1.4536333021051293,-0.6679328121856791,0.3381615336939569,-2.3886469840640108
33.0,255.0,999.9854125976562,-0.5829077021455049,0.5938421964434575,4.052971850597512,-1.1689311000567084,-0.2098226586127021,0.8583871230336735,1.45364161511141,-0.6679292513426649,0.3381610531502401,-2.388646284542853
33.0,255.0,999.9854125976562,-0.582909926206022,0.5938419474242105,4.052971420175801,-1.168932870690222,-0.2098210720918212,0.8583868850100913,1.453638483856321,-0.6679319996604036,0.3381580283910708,-2.388651744867325
33.0,255.0,999.9854736328124,-0.5829093102984935,0.5938401568646867,4.052971847942793,-1.1689321136429394,-0.2098221931961754,0.8583863450100884,1.4536405622367097,-0.6679298442439077,0.3381580547510046,-2.3886512453787203
33.0,255.0,999.9854736328124,-0.5829102107186133,0.5938450663850912,4.052964011930246,-1.1689338308235508,-0.2098190051254942,0.8583842931100971,1.4536381434228964,-0.6679286246445066,0.3381533882382284,-2.388653436662032
33.0,255.0,999.9854125976562,-0.5829092924358914,0.593841125737729,4.0529671244572505,-1.1689300210327196,-0.2098199465649806,0.8583923780187774,1.4536351596033086,-0.6679319210208412,0.3381551813859733,-2.3886527196902003
33.0,255.0,999.9854125976562,-0.5829096201509207,0.5938454267090378,4.05296790881671,-1.168928026857381,-0.2098199477678166,0.8583878847484936,1.4536299579781904,-0.6679311170747155,0.3381597506681357,-2.388650344920144
33.0,255.0,999.9854125976562,-0.5829115196642194,0.5938448183503571,4.05296804846466,-1.1689363929749534,-0.2098177083492975,0.8583836386790686,1.453637655776726,-0.6679287530701323,0.3381553541021622,-2.3886563076135663
33.0,255.0,999.9854125976562,-0.582908210720384,0.5938390242467362,4.052972765647283,-1.168931862945758,-0.2098214532051461,0.8583910098607266,1.4536384786628522,-0.667932401101357,0.3381581515151532,-2.388651526432724
33.0,255.0,999.9854736328124,-0.5829071982660743,0.5938449731229305,4.052969306157664,-1.168923804645459,-0.2098230645946781,0.85838952677181,1.4536342832907012,-0.6679330212206605,0.3381650500633002,-2.388643845778672
33.0,255.0,999.9854736328124,-0.5829095726843958,0.5938407385559428,4.052971954665734,-1.1689341525171448,-0.209820247370847,0.8583868209768948,1.4536418738817725,-0.6679298274476588,0.3381583928375686,-2.388650999240728
33.0,255.0,999.9854125976562,-0.5829100751635394,0.5938476280285112,4.0529673532464745,-1.1689307375966438,-0.2098200484741292,0.8583837688255445,1.453634020763812,-0.667930186750664,0.3381546992962994,-2.3886517699105085
33.0,255.0,999.9854125976562,-0.5829100681240824,0.5938456765182334,4.052969274383969,-1.1689332759884987,-0.2098209617938327,0.8583825058052259,1.4536375603755474,-0.6679303053496808,0.338157951095801,-2.3886492853262418
33.0,255.0,999.9854736328124,-0.5829137736605352,0.5938444058658412,4.052969872509909,-1.1689348985154933,-0.2098161165663512,0.858386272324454,1.4536341886582802,-0.6679319963189352,0.3381573117470147,-2.3886544254390083
33.0,255.0,999.9854125976562,-0.5829098110707651,0.5938424344959188,4.052967700342922,-1.1689340197207023,-0.2098209492703437,0.8583875615235144,1.4536415851907076,-0.6679289928054075,0.3381543218562779,-2.3886531144276835
33.0,255.0,999.9854125976562,-0.5829095912944267,0.5938460000806911,4.052968302634829,-1.1689292857165583,-0.2098203361913579,0.8583858282352903,1.453633626359112,-0.6679317933515616,0.3381569036183371,-2.388649908606848
33.0,255.0,999.9854125976562,-0.5829083286359023,0.5938429914468362,4.052969750829666,-1.1689276088161824,-0.209821789504347,0.8583877389542769,1.453635512111461,-0.6679292388258498,0.338161579608176,-2.3886467668245155
33.0,255.0,999.9854736328124,-0.582908315466339,0.5938364726323808,4.052966911526594,-1.1689218542862916,-0.2098219623189905,0.8583980305806707,1.4536316359405728,-0.6679333976108337,0.3381608434691507,-2.388647879782237
33.0,255.0,999.9854125976562,-0.5829087331506964,0.5938436902926645,4.052969387091823,-1.1689274507897056,-0.2098199292101972,0.8583898443253428,1.4536331330359609,-0.6679329909130951,0.3381574499636564,-2.388652233254627
33.0,255.0,999.9854125976562,-0.582907726887834,0.5938431441529355,4.052967908674907,-1.168925345477649,-0.2098221326248337,0.8583891147660596,1.4536340246089008,-0.667931358047336,0.3381620073938247,-2.3886463715820616
33.0,255.0,999.9854125976562,-0.5829076798980068,0.5938404117607945,4.05297051304596,-1.1689275600606424,-0.209821713372114,0.8583913031801487,1.453635672254431,-0.6679319112536026,0.3381615227801768,-2.3886457164473
33.0,255.0,999.9854125976562,-0.5829093460172396,0.5938416178402219,4.052967900981471,-1.16892803086867,-0.2098216172350495,0.8583898148066798,1.4536348322165606,-0.6679315195619742,0.3381570621749787,-2.388653151886704
33.0,255.0,999.9854125976562,-0.5829111423812021,0.5938417281242927,4.052967273692527,-1.168937990894396,-0.2098188783213892,0.8583862980719843,1.4536387175801018,-0.6679299581983047,0.3381527562499551,-2.3886556633371887
33.0,255.0,999.9854125976562,-0.5829098067737242,0.5938418869161852,4.052969926076772,-1.168932962879614,-0.2098200096625611,0.8583881816774657,1.4536382420763443,-0.6679309183147435,0.3381584980015013,-2.3886515618888686
33.0,255.0,999.9854125976562,-0.5829103778848639,0.5938422112375878,4.052969555587008,-1.1689317202119307,-0.2098178053476322,0.8583889493228556,1.4536322108663455,-0.6679313620737739,0.33815856587628,-2.388654943244448
33.0,255.0,999.9854125976562,-0.5829118325315878,0.59384640490447,4.052967050494216,-1.1689325379039062,-0.2098197125543865,0.858382201093356,1.4536331260337922,-0.6679299508821508,0.3381551993224949,-2.3886558237539064
33.0,255.0,999.9854125976562,-0.582910623671121,0.5938468418117644,4.052966727923948,-1.1689308335329516,-0.2098195639844329,0.8583868100677208,1.4536382508312071,-0.6679286617520228,0.3381589475138593,-2.3886497070908383
33.0,255.0,999.9854736328124,-0.5829131705692623,0.5938446931100403,4.052967470625422,-1.168936521862003,-0.2098168929607489,0.8583832583827427,1.453636761022448,-0.6679289803960016,0.3381547199746206,-2.388654511016397
33.0,255.0,999.9854125976562,-0.5829118836340133,0.5938498672774228,4.052970448674158,-1.168936906297866,-0.2098198975170184,0.8583785078401176,1.45364085488022,-0.6679286995677023,0.3381564304744353,-2.388653206682445
33.0,255.0,999.9854125976562,-0.5829087949499652,0.593845034287007,4.052970508118444,-1.168928547894443,-0.2098224476814145,0.8583875328920989,1.4536368905675996,-0.6679312072480235,0.3381572322704009,-2.38865210320905
33.0,255.0,999.9854125976562,-0.5829084092747854,0.5938428240466642,4.0529676298032165,-1.1689301752317238,-0.2098215715815623,0.8583872038411187,1.4536343144652184,-0.667930122129043,0.3381575164245607,-2.388652078505048
33.0,255.0,999.9854125976562,-0.5829095859804241,0.5938406331269919,4.052968176709722,-1.168931503145088,-0.2098209076946222,0.8583892540233515,1.4536378364109872,-0.6679300194485567,0.3381580775888668,-2.388651822241826
33.0,255.0,999.9854125976562,-0.5829091460442974,0.5938427161815163,4.052967983914659,-1.168932720350056,-0.2098206485035323,0.8583868792050344,1.4536381128011753,-0.6679303655655904,0.3381568038581397,-2.3886493022307667
33.0,255.0,999.9854125976562,-0.5829102950702261,0.5938428858825704,4.052967843380422,-1.1689345573594268,-0.2098205921430471,0.8583856818133491,1.453640637527366,-0.6679287680216106,0.338155448232774,-2.3886515656416583
33.0,255.0,999.9854736328124,-0.5829132984414827,0.5938489709740846,4.052970789807306,-1.1689431320605124,-0.2098171771984027,0.8583788437065039,1.4536445838197327,-0.6679304958069672,0.3381497692766686,-2.3886588798555053
33.0,255.0,999.9854125976562,-0.5829060123603016,0.593836560380093,4.052975365620428,-1.1689241200480105,-0.2098240630418342,0.8583930784502982,1.4536335827633824,-0.667932516673071,0.3381671997029043,-2.3886453038692568
33.0,255.0,999.9854125976562,-0.5829130777597538,0.5938459034936212,4.05296736459896,-1.1689350907835565,-0.2098175064283491,0.8583867499397568,1.4536367382243451,-0.6679312578242138,0.3381519127861487,-2.388658390783621
33.0,255.0,999.9854125976562,-0.5829096502875846,0.5938480877049717,4.052969470781729,-1.1689296632689905,-0.2098215599325366,0.858383474204917,1.453637234407954,-0.6679297083303197,0.3381598485675932,-2.388647974585024
33.0,255.0,999.9854736328124,-0.5829101283680114,0.5938423363521537,4.052960540582697,-1.1689345906917756,-0.2098177857015342,0.858389327678375,1.4536407086056204,-0.6679272886357959,0.3381500429679462,-2.388652960588268
33.0,255.0,999.9854125976562,-0.5829095379166924,0.5938397726318092,4.052970797904784,-1.1689298783720163,-0.2098216385974236,0.8583895757878643,1.4536353100896786,-0.6679303409240527,0.3381610256267029,-2.3886518878919483
33.0,255.0,999.9854125976562,-0.5829102996672404,0.5938429846851196,4.052965962505466,-1.168929693179205,-0.2098191325018907,0.8583894703774142,1.4536324541820091,-0.6679318446519016,0.3381524100688811,-2.388655679076128
33.0,255.0,999.9854125976562,-0.582909041073064,0.5938445933394902,4.052968789229926,-1.1689255048636489,-0.2098215543503538,0.8583868715352221,1.4536343138395118,-0.6679296269553987,0.3381631023521461,-2.3886459364569825
33.0,255.0,999.9854125976562,-0.5829079981854441,0.5938425890157886,4.052973456056153,-1.1689276399711497,-0.2098214250319978,0.858391003394015,1.4536369956328965,-0.6679333548877482,0.3381645668113116,-2.388645873925591
33.0,255.0,999.9854125976562,-0.5829084140763445,0.5938444865442216,4.05297108878584,-1.1689329074348676,-0.2098213018969499,0.8583852301539547,1.4536410024667887,-0.6679290052054352,0.3381607125347718,-2.388648647023889
33.0,255.0,999.9854125976562,-0.5829074859759968,0.5938408413543153,4.052968638928359,-1.168925908185832,-0.2098230076696214,0.8583912672834142,1.453634993209235,-0.6679324347880335,0.3381608337132249,-2.38864655182546
33.0,255.0,999.9854125976562,-0.5829115473700694,0.5938460139440576,4.052964850885889,-1.1689304439558108,-0.2098181028479713,0.8583879471064835,1.4536323913428353,-0.6679312727921927,0.3381554674145794,-2.388653491124757
33.0,255.0,999.9854125976562,-0.5829092241329645,0.5938400562597561,4.052970043100826,-1.1689299670784257,-0.2098208585628489,0.8583913745644365,1.4536382003045911,-0.6679327064800109,0.3381604247301695,-2.3886479785911208
33.0,256.0,999.9854125976562,-0.5829080301043197,0.5938441512901438,4.052970804960252,-1.1689270072208364,-0.2098229107810407,0.8583898767830913,1.4536378131821293,-0.667931716988269,0.3381640396235665,-2.388644091190637
33.0,256.0,999.9854125976562,-0.582910921723645,0.5938468438107751,4.052966354518876,-1.1689291290153667,-0.2098202126618344,0.8583835048482102,1.453632280737395,-0.6679292895314459,0.3381567170107979,-2.38865287793681
33.0,256.0,999.9854736328124,-0.5829062029904666,0.593836395699153,4.05297521198278,-1.1689233558286762,-0.2098249695370118,0.858397728953082,1.4536373324926135,-0.6679363998723336,0.3381654810396544,-2.388640778647529
33.0,256.0,999.9854736328124,-0.5829091291420498,0.5938388910109431,4.052967150645566,-1.1689261358208451,-0.2098195689170978,0.8583933887557249,1.4536333021051293,-0.6679328121856791,0.3381615336939569,-2.3886469840640108
33.0,256.0,999.9854125976562,-0.5829077021455049,0.5938421964434575,4.052971850597512,-1.1689311000567084,-0.2098226586127021,0.8583871230336735,1.45364161511141,-0.6679292513426649,0.3381610531502401,-2.388646284542853
33.0,256.0,999.9854125976562,-0.582909926206022,0.5938419474242105,4.052971420175801,-1.168932870690222,-0.2098210720918212,0.8583868850100913,1.453638483856321,-0.6679319996604036,0.3381580283910708,-2.388651744867325
33.0,256.0,999.9854736328124,-0.5829093102984935,0.5938401568646867,4.052971847942793,-1.1689321136429394,-0.2098221931961754,0.8583863450100884,1.4536405622367097,-0.6679298442439077,0.3381580547510046,-2.3886512453787203
33.0,256.0,999.9854736328124,-0.5829102107186133,0.5938450663850912,4.052964011930246,-1.1689338308235508,-0.2098190051254942,0.8583842931100971,1.4536381434228964,-0.6679286246445066,0.3381533882382284,-2.388653436662032
33.0,256.0,999.9854125976562,-0.5829092924358914,0.593841125737729,4.0529671244572505,-1.1689300210327196,-0.2098199465649806,0.8583923780187774,1.4536351596033086,-0.6679319210208412,0.3381551813859733,-2.3886527196902003
33.0,256.0,999.9854125976562,-0.5829096201509207,0.5938454267090378,4.05296790881671,-1.168928026857381,-0.2098199477678166,0.8583878847484936,1.4536299579781904,-0.6679311170747155,0.3381597506681357,-2.388650344920144
33.0,256.0,999.9854125976562,-0.5829115196642194,0.5938448183503571,4.05296804846466,-1.1689363929749534,-0.2098177083492975,0.8583836386790686,1.453637655776726,-0.6679287530701323,0.3381553541021622,-2.3886563076135663
33.0,256.0,999.9854125976562,-0.582908210720384,0.5938390242467362,4.052972765647283,-1.168931862945758,-0.2098214532051461,0.8583910098607266,1.4536384786628522,-0.667932401101357,0.3381581515151532,-2.388651526432724
33.0,256.0,999.9854736328124,-0.5829071982660743,0.5938449731229305,4.052969306157664,-1.168923804645459,-0.2098230645946781,0.85838952677181,1.4536342832907012,-0.6679330212206605,0.3381650500633002,-2.388643845778672
33.0,256.0,999.9854736328124,-0.5829095726843958,0.5938407385559428,4.052971954665734,-1.1689341525171448,-0.209820247370847,0.8583868209768948,1.4536418738817725,-0.6679298274476588,0.3381583928375686,-2.388650999240728
33.0,256.0,999.9854125976562,-0.5829100751635394,0.5938476280285112,4.0529673532464745,-1.1689307375966438,-0.2098200484741292,0.8583837688255445,1.453634020763812,-0.667930186750664,0.3381546992962994,-2.3886517699105085
33.0,256.0,999.9854125976562,-0.5829100681240824,0.5938456765182334,4.052969274383969,-1.1689332759884987,-0.2098209617938327,0.8583825058052259,1.4536375603755474,-0.6679303053496808,0.338157951095801,-2.3886492853262418
33.0,256.0,999.9854736328124,-0.5829137736605352,0.5938444058658412,4.052969872509909,-1.1689348985154933,-0.2098161165663512,0.858386272324454,1.4536341886582802,-0.6679319963189352,0.3381573117470147,-2.3886544254390083
33.0,256.0,999.9854125976562,-0.5829098110707651,0.5938424344959188,4.052967700342922,-1.1689340197207023,-0.2098209492703437,0.8583875615235144,1.4536415851907076,-0.6679289928054075,0.3381543218562779,-2.3886531144276835
33.0,256.0,999.9854125976562,-0.5829095912944267,0.5938460000806911,4.052968302634829,-1.1689292857165583,-0.2098203361913579,0.8583858282352903,1.453633626359112,-0.6679317933515616,0.3381569036183371,-2.388649908606848
33.0,256.0,999.9854125976562,-0.5829083286359023,0.5938429914468362,4.052969750829666,-1.1689276088161824,-0.209821789504347,0.8583877389542769,1.453635512111461,-0.6679292388258498,0.338161579608176,-2.3886467668245155
33.0,256.0,999.9854736328124,-0.582908315466339,0.5938364726323808,4.052966911526594,-1.1689218542862916,-0.2098219623189905,0.8583980305806707,1.4536316359405728,-0.6679333976108337,0.3381608434691507,-2.388647879782237
33.0,256.0,999.9854125976562,-0.5829087331506964,0.5938436902926645,4.052969387091823,-1.1689274507897056,-0.2098199292101972,0.8583898443253428,1.4536331330359609,-0.6679329909130951,0.3381574499636564,-2.388652233254627
33.0,256.0,999.9854125976562,-0.582907726887834,0.5938431441529355,4.052967908674907,-1.168925345477649,-0.2098221326248337,0.8583891147660596,1.4536340246089008,-0.667931358047336,0.3381620073938247,-2.3886463715820616
33.0,256.0,999.9854125976562,-0.5829076798980068,0.5938404117607945,4.05297051304596,-1.1689275600606424,-0.209821713372114,0.8583913031801487,1.453635672254431,-0.6679319112536026,0.3381615227801768,-2.3886457164473
33.0,256.0,999.9854125976562,-0.5829093460172396,0.5938416178402219,4.052967900981471,-1.16892803086867,-0.2098216172350495,0.8583898148066798,1.4536348322165606,-0.6679315195619742,0.3381570621749787,-2.388653151886704
33.0,256.0,999.9854125976562,-0.5829111423812021,0.5938417281242927,4.052967273692527,-1.168937990894396,-0.2098188783213892,0.8583862980719843,1.4536387175801018,-0.6679299581983047,0.3381527562499551,-2.3886556633371887
33.0,256.0,999.9854125976562,-0.5829098067737242,0.5938418869161852,4.052969926076772,-1.168932962879614,-0.2098200096625611,0.8583881816774657,1.4536382420763443,-0.6679309183147435,0.3381584980015013,-2.3886515618888686
33.0,256.0,999.9854125976562,-0.5829103778848639,0.5938422112375878,4.052969555587008,-1.1689317202119307,-0.2098178053476322,0.8583889493228556,1.4536322108663455,-0.6679313620737739,0.33815856587628,-2.388654943244448
33.0,256.0,999.9854125976562,-0.5829118325315878,0.59384640490447,4.052967050494216,-1.1689325379039062,-0.2098197125543865,0.858382201093356,1.4536331260337922,-0.6679299508821508,0.3381551993224949,-2.3886558237539064
33.0,256.0,999.9854125976562,-0.582910623671121,0.5938468418117644,4.052966727923948,-1.1689308335329516,-0.2098195639844329,0.8583868100677208,1.4536382508312071,-0.6679286617520228,0.3381589475138593,-2.3886497070908383
33.0,256.0,999.9854736328124,-0.5829131705692623,0.5938446931100403,4.052967470625422,-1.168936521862003,-0.2098168929607489,0.8583832583827427,1.453636761022448,-0.6679289803960016,0.3381547199746206,-2.388654511016397
33.0,256.0,999.9854125976562,-0.5829118836340133,0.5938498672774228,4.052970448674158,-1.168936906297866,-0.2098198975170184,0.8583785078401176,1.45364085488022,-0.6679286995677023,0.3381564304744353,-2.388653206682445
33.0,256.0,999.9854125976562,-0.5829087949499652,0.593845034287007,4.052970508118444,-1.168928547894443,-0.2098224476814145,0.8583875328920989,1.4536368905675996,-0.6679312072480235,0.3381572322704009,-2.38865210320905
33.0,256.0,999.9854125976562,-0.5829084092747854,0.5938428240466642,4.0529676298032165,-1.1689301752317238,-0.2098215715815623,0.8583872038411187,1.4536343144652184,-0.667930122129043,0.3381575164245607,-2.388652078505048
33.0,256.0,999.9854125976562,-0.5829095859804241,0.5938406331269919,4.052968176709722,-1.168931503145088,-0.2098209076946222,0.8583892540233515,1.4536378364109872,-0.6679300194485567,0.3381580775888668,-2.388651822241826
33.0,256.0,999.9854125976562,-0.5829091460442974,0.5938427161815163,4.052967983914659,-1.168932720350056,-0.2098206485035323,0.8583868792050344,1.4536381128011753,-0.6679303655655904,0.3381568038581397,-2.3886493022307667
33.0,256.0,999.9854125976562,-0.5829102950702261,0.5938428858825704,4.052967843380422,-1.1689345573594268,-0.2098205921430471,0.8583856818133491,1.453640637527366,-0.6679287680216106,0.338155448232774,-2.3886515656416583
33.0,256.0,999.9854736328124,-0.5829132984414827,0.5938489709740846,4.052970789807306,-1.1689431320605124,-0.2098171771984027,0.8583788437065039,1.4536445838197327,-0.6679304958069672,0.3381497692766686,-2.3886588798555053
33.0,256.0,999.9854125976562,-0.5829060123603016,0.593836560380093,4.052975365620428,-1.1689241200480105,-0.2098240630418342,0.8583930784502982,1.4536335827633824,-0.667932516673071,0.3381671997029043,-2.3886453038692568
33.0,256.0,999.9854125976562,-0.5829130777597538,0.5938459034936212,4.05296736459896,-1.1689350907835565,-0.2098175064283491,0.8583867499397568,1.4536367382243451,-0.6679312578242138,0.3381519127861487,-2.388658390783621
33.0,256.0,999.9854125976562,-0.5829096502875846,0.5938480877049717,4.052969470781729,-1.1689296632689905,-0.2098215599325366,0.858383474204917,1.453637234407954,-0.6679297083303197,0.3381598485675932,-2.388647974585024
33.0,256.0,999.9854736328124,-0.5829101283680114,0.5938423363521537,4.052960540582697,-1.1689345906917756,-0.2098177857015342,0.858389327678375,1.4536407086056204,-0.6679272886357959,0.3381500429679462,-2.388652960588268
33.0,256.0,999.9854125976562,-0.5829095379166924,0.5938397726318092,4.052970797904784,-1.1689298783720163,-0.2098216385974236,0.8583895757878643,1.4536353100896786,-0.6679303409240527,0.3381610256267029,-2.3886518878919483
33.0,256.0,999.9854125976562,-0.5829102996672404,0.5938429846851196,4.052965962505466,-1.168929693179205,-0.2098191325018907,0.8583894703774142,1.4536324541820091,-0.6679318446519016,0.3381524100688811,-2.388655679076128
33.0,256.0,999.9854125976562,-0.582909041073064,0.5938445933394902,4.052968789229926,-1.1689255048636489,-0.2098215543503538,0.8583868715352221,1.4536343138395118,-0.6679296269553987,0.3381631023521461,-2.3886459364569825
33.0,256.0,999.9854125976562,-0.5829079981854441,0.5938425890157886,4.052973456056153,-1.1689276399711497,-0.2098214250319978,0.858391003394015,1.4536369956328965,-0.6679333548877482,0.3381645668113116,-2.388645873925591
33.0,256.0,999.9854125976562,-0.5829084140763445,0.5938444865442216,4.05297108878584,-1.1689329074348676,-0.2098213018969499,0.8583852301539547,1.4536410024667887,-0.6679290052054352,0.3381607125347718,-2.388648647023889
33.0,256.0,999.9854125976562,-0.5829074859759968,0.5938408413543153,4.052968638928359,-1.168925908185832,-0.2098230076696214,0.8583912672834142,1.453634993209235,-0.6679324347880335,0.3381608337132249,-2.38864655182546
33.0,256.0,999.9854125976562,-0.5829115473700694,0.5938460139440576,4.052964850885889,-1.1689304439558108,-0.2098181028479713,0.8583879471064835,1.4536323913428353,-0.6679312727921927,0.3381554674145794,-2.388653491124757
33.0,256.0,999.9854125976562,-0.5829092241329645,0.5938400562597561,4.052970043100826,-1.1689299670784257,-0.2098208585628489,0.8583913745644365,1.4536382003045911,-0.6679327064800109,0.3381604247301695,-2.3886479785911208
33.0,257.0,999.9854125976562,-0.5829080301043197,0.5938441512901438,4.052970804960252,-1.1689270072208364,-0.2098229107810407,0.8583898767830913,1.4536378131821293,-0.667931716988269,0.3381640396235665,-2.388644091190637
33.0,257.0,999.9854125976562,-0.582910921723645,0.5938468438107751,4.052966354518876,-1.1689291290153667,-0.2098202126618344,0.8583835048482102,1.453632280737395,-0.6679292895314459,0.3381567170107979,-2.38865287793681
33.0,257.0,999.9854736328124,-0.5829062029904666,0.593836395699153,4.05297521198278,-1.1689233558286762,-0.2098249695370118,0.858397728953082,1.4536373324926135,-0.6679363998723336,0.3381654810396544,-2.388640778647529
33.0,257.0,999.9854736328124,-0.5829091291420498,0.5938388910109431,4.052967150645566,-1.1689261358208451,-0.2098195689170978,0.8583933887557249,1.4536333021051293,-0.6679328121856791,0.3381615336939569,-2.3886469840640108
33.0,257.0,999.9854125976562,-0.5829077021455049,0.5938421964434575,4.052971850597512,-1.1689311000567084,-0.2098226586127021,0.8583871230336735,1.45364161511141,-0.6679292513426649,0.3381610531502401,-2.388646284542853
33.0,257.0,999.9854125976562,-0.582909926206022,0.5938419474242105,4.052971420175801,-1.168932870690222,-0.2098210720918212,0.8583868850100913,1.453638483856321,-0.6679319996604036,0.3381580283910708,-2.388651744867325
33.0,257.0,999.9854736328124,-0.5829093102984935,0.5938401568646867,4.052971847942793,-1.1689321136429394,-0.2098221931961754,0.8583863450100884,1.4536405622367097,-0.6679298442439077,0.3381580547510046,-2.3886512453787203
33.0,257.0,999.9854736328124,-0.5829102107186133,0.5938450663850912,4.052964011930246,-1.1689338308235508,-0.2098190051254942,0.8583842931100971,1.4536381434228964,-0.6679286246445066,0.3381533882382284,-2.388653436662032
33.0,257.0,999.9854125976562,-0.5829092924358914,0.593841125737729,4.0529671244572505,-1.1689300210327196,-0.2098199465649806,0.8583923780187774,1.4536351596033086,-0.6679319210208412,0.3381551813859733,-2.3886527196902003
33.0,257.0,999.9854125976562,-0.5829096201509207,0.5938454267090378,4.05296790881671,-1.168928026857381,-0.2098199477678166,0.8583878847484936,1.4536299579781904,-0.6679311170747155,0.3381597506681357,-2.388650344920144
33.0,257.0,999.9854125976562,-0.5829115196642194,0.5938448183503571,4.05296804846466,-1.1689363929749534,-0.2098177083492975,0.8583836386790686,1.453637655776726,-0.6679287530701323,0.3381553541021622,-2.3886563076135663
33.0,257.0,999.9854125976562,-0.582908210720384,0.5938390242467362,4.052972765647283,-1.168931862945758,-0.2098214532051461,0.8583910098607266,1.4536384786628522,-0.667932401101357,0.3381581515151532,-2.388651526432724
33.0,257.0,999.9854736328124,-0.5829071982660743,0.5938449731229305,4.052969306157664,-1.168923804645459,-0.2098230645946781,0.85838952677181,1.4536342832907012,-0.6679330212206605,0.3381650500633002,-2.388643845778672
33.0,257.0,999.9854736328124,-0.5829095726843958,0.5938407385559428,4.052971954665734,-1.1689341525171448,-0.209820247370847,0.8583868209768948,1.4536418738817725,-0.6679298274476588,0.3381583928375686,-2.388650999240728
33.0,257.0,999.9854125976562,-0.5829100751635394,0.5938476280285112,4.0529673532464745,-1.1689307375966438,-0.2098200484741292,0.8583837688255445,1.453634020763812,-0.667930186750664,0.3381546992962994,-2.3886517699105085
33.0,257.0,999.9854125976562,-0.5829100681240824,0.5938456765182334,4.052969274383969,-1.1689332759884987,-0.2098209617938327,0.8583825058052259,1.4536375603755474,-0.6679303053496808,0.338157951095801,-2.3886492853262418
33.0,257.0,999.9854736328124,-0.5829137736605352,0.5938444058658412,4.052969872509909,-1.1689348985154933,-0.2098161165663512,0.858386272324454,1.4536341886582802,-0.6679319963189352,0.3381573117470147,-2.3886544254390083
33.0,257.0,999.9854125976562,-0.5829098110707651,0.5938424344959188,4.052967700342922,-1.1689340197207023,-0.2098209492703437,0.8583875615235144,1.4536415851907076,-0.6679289928054075,0.3381543218562779,-2.3886531144276835
33.0,257.0,999.9854125976562,-0.5829095912944267,0.5938460000806911,4.052968302634829,-1.1689292857165583,-0.2098203361913579,0.8583858282352903,1.453633626359112,-0.6679317933515616,0.3381569036183371,-2.388649908606848
33.0,257.0,999.9854125976562,-0.5829083286359023,0.5938429914468362,4.052969750829666,-1.1689276088161824,-0.209821789504347,0.8583877389542769,1.453635512111461,-0.6679292388258498,0.338161579608176,-2.3886467668245155
33.0,257.0,999.9854736328124,-0.582908315466339,0.5938364726323808,4.052966911526594,-1.1689218542862916,-0.2098219623189905,0.8583980305806707,1.4536316359405728,-0.6679333976108337,0.3381608434691507,-2.388647879782237
33.0,257.0,999.9854125976562,-0.5829087331506964,0.5938436902926645,4.052969387091823,-1.1689274507897056,-0.2098199292101972,0.8583898443253428,1.4536331330359609,-0.6679329909130951,0.3381574499636564,-2.388652233254627
33.0,257.0,999.9854125976562,-0.582907726887834,0.5938431441529355,4.052967908674907,-1.168925345477649,-0.2098221326248337,0.8583891147660596,1.4536340246089008,-0.667931358047336,0.3381620073938247,-2.3886463715820616
33.0,257.0,999.9854125976562,-0.5829076798980068,0.5938404117607945,4.05297051304596,-1.1689275600606424,-0.209821713372114,0.8583913031801487,1.453635672254431,-0.6679319112536026,0.3381615227801768,-2.3886457164473
33.0,257.0,999.9854125976562,-0.5829093460172396,0.5938416178402219,4.052967900981471,-1.16892803086867,-0.2098216172350495,0.8583898148066798,1.4536348322165606,-0.6679315195619742,0.3381570621749787,-2.388653151886704
33.0,257.0,999.9854125976562,-0.5829111423812021,0.5938417281242927,4.052967273692527,-1.168937990894396,-0.2098188783213892,0.8583862980719843,1.4536387175801018,-0.6679299581983047,0.3381527562499551,-2.3886556633371887
33.0,257.0,999.9854125976562,-0.5829098067737242,0.5938418869161852,4.052969926076772,-1.168932962879614,-0.2098200096625611,0.8583881816774657,1.4536382420763443,-0.6679309183147435,0.3381584980015013,-2.3886515618888686
33.0,257.0,999.9854125976562,-0.5829103778848639,0.5938422112375878,4.052969555587008,-1.1689317202119307,-0.2098178053476322,0.8583889493228556,1.4536322108663455,-0.6679313620737739,0.33815856587628,-2.388654943244448
33.0,257.0,999.9854125976562,-0.5829118325315878,0.59384640490447,4.052967050494216,-1.1689325379039062,-0.2098197125543865,0.858382201093356,1.4536331260337922,-0.6679299508821508,0.3381551993224949,-2.3886558237539064
33.0,257.0,999.9854125976562,-0.582910623671121,0.5938468418117644,4.052966727923948,-1.1689308335329516,-0.2098195639844329,0.8583868100677208,1.4536382508312071,-0.6679286617520228,0.3381589475138593,-2.3886497070908383
33.0,257.0,999.9854736328124,-0.5829131705692623,0.5938446931100403,4.052967470625422,-1.168936521862003,-0.2098168929607489,0.8583832583827427,1.453636761022448,-0.6679289803960016,0.3381547199746206,-2.388654511016397
33.0,257.0,999.9854125976562,-0.5829118836340133,0.5938498672774228,4.052970448674158,-1.168936906297866,-0.2098198975170184,0.8583785078401176,1.45364085488022,-0.6679286995677023,0.3381564304744353,-2.388653206682445
33.0,257.0,999.9854125976562,-0.5829087949499652,0.593845034287007,4.052970508118444,-1.168928547894443,-0.2098224476814145,0.8583875328920989,1.4536368905675996,-0.6679312072480235,0.3381572322704009,-2.38865210320905
33.0,257.0,999.9854125976562,-0.5829084092747854,0.5938428240466642,4.0529676298032165,-1.1689301752317238,-0.2098215715815623,0.8583872038411187,1.4536343144652184,-0.667930122129043,0.3381575164245607,-2.388652078505048
33.0,257.0,999.9854125976562,-0.5829095859804241,0.5938406331269919,4.052968176709722,-1.168931503145088,-0.2098209076946222,0.8583892540233515,1.4536378364109872,-0.6679300194485567,0.3381580775888668,-2.388651822241826
33.0,257.0,999.9854125976562,-0.5829091460442974,0.5938427161815163,4.052967983914659,-1.168932720350056,-0.2098206485035323,0.8583868792050344,1.4536381128011753,-0.6679303655655904,0.3381568038581397,-2.3886493022307667
33.0,257.0,999.9854125976562,-0.5829102950702261,0.5938428858825704,4.052967843380422,-1.1689345573594268,-0.2098205921430471,0.8583856818133491,1.453640637527366,-0.6679287680216106,0.338155448232774,-2.3886515656416583
33.0,257.0,999.9854736328124,-0.5829132984414827,0.5938489709740846,4.052970789807306,-1.1689431320605124,-0.2098171771984027,0.8583788437065039,1.4536445838197327,-0.6679304958069672,0.3381497692766686,-2.3886588798555053
33.0,257.0,999.9854125976562,-0.5829060123603016,0.593836560380093,4.052975365620428,-1.1689241200480105,-0.2098240630418342,0.8583930784502982,1.4536335827633824,-0.667932516673071,0.3381671997029043,-2.3886453038692568
33.0,257.0,999.9854125976562,-0.5829130777597538,0.5938459034936212,4.05296736459896,-1.1689350907835565,-0.2098175064283491,0.8583867499397568,1.4536367382243451,-0.6679312578242138,0.3381519127861487,-2.388658390783621
33.0,257.0,999.9854125976562,-0.5829096502875846,0.5938480877049717,4.052969470781729,-1.1689296632689905,-0.2098215599325366,0.858383474204917,1.453637234407954,-0.6679297083303197,0.3381598485675932,-2.388647974585024
33.0,257.0,999.9854736328124,-0.5829101283680114,0.5938423363521537,4.052960540582697,-1.1689345906917756,-0.2098177857015342,0.858389327678375,1.4536407086056204,-0.6679272886357959,0.3381500429679462,-2.388652960588268
33.0,257.0,999.9854125976562,-0.5829095379166924,0.5938397726318092,4.052970797904784,-1.1689298783720163,-0.2098216385974236,0.8583895757878643,1.4536353100896786,-0.6679303409240527,0.3381610256267029,-2.3886518878919483
33.0,257.0,999.9854125976562,-0.5829102996672404,0.5938429846851196,4.052965962505466,-1.168929693179205,-0.2098191325018907,0.8583894703774142,1.4536324541820091,-0.6679318446519016,0.3381524100688811,-2.388655679076128
33.0,257.0,999.9854125976562,-0.582909041073064,0.5938445933394902,4.052968789229926,-1.1689255048636489,-0.2098215543503538,0.8583868715352221,1.4536343138395118,-0.6679296269553987,0.3381631023521461,-2.3886459364569825
33.0,257.0,999.9854125976562,-0.5829079981854441,0.5938425890157886,4.052973456056153,-1.1689276399711497,-0.2098214250319978,0.858391003394015,1.4536369956328965,-0.6679333548877482,0.3381645668113116,-2.388645873925591
33.0,257.0,999.9854125976562,-0.5829084140763445,0.5938444865442216,4.05297108878584,-1.1689329074348676,-0.2098213018969499,0.8583852301539547,1.4536410024667887,-0.6679290052054352,0.3381607125347718,-2.388648647023889
33.0,257.0,999.9854125976562,-0.5829074859759968,0.5938408413543153,4.052968638928359,-1.168925908185832,-0.2098230076696214,0.8583912672834142,1.453634993209235,-0.6679324347880335,0.3381608337132249,-2.38864655182546
33.0,257.0,999.9854125976562,-0.5829115473700694,0.5938460139440576,4.052964850885889,-1.1689304439558108,-0.2098181028479713,0.8583879471064835,1.4536323913428353,-0.6679312727921927,0.3381554674145794,-2.388653491124757
33.0,257.0,999.9854125976562,-0.5829092241329645,0.5938400562597561,4.052970043100826,-1.1689299670784257,-0.2098208585628489,0.8583913745644365,1.4536382003045911,-0.6679327064800109,0.3381604247301695,-2.3886479785911208
33.0,258.0,999.9854125976562,-0.5829080301043197,0.5938441512901438,4.052970804960252,-1.1689270072208364,-0.2098229107810407,0.8583898767830913,1.4536378131821293,-0.667931716988269,0.3381640396235665,-2.388644091190637
33.0,258.0,999.9854125976562,-0.582910921723645,0.5938468438107751,4.052966354518876,-1.1689291290153667,-0.2098202126618344,0.8583835048482102,1.453632280737395,-0.6679292895314459,0.3381567170107979,-2.38865287793681
33.0,258.0,999.9854736328124,-0.5829062029904666,0.593836395699153,4.05297521198278,-1.1689233558286762,-0.2098249695370118,0.858397728953082,1.4536373324926135,-0.6679363998723336,0.3381654810396544,-2.388640778647529
33.0,258.0,999.9854736328124,-0.5829091291420498,0.5938388910109431,4.052967150645566,-1.1689261358208451,-0.2098195689170978,0.8583933887557249,1.4536333021051293,-0.6679328121856791,0.3381615336939569,-2.3886469840640108
33.0,258.0,999.9854125976562,-0.5829077021455049,0.5938421964434575,4.052971850597512,-1.1689311000567084,-0.2098226586127021,0.8583871230336735,1.45364161511141,-0.6679292513426649,0.3381610531502401,-2.388646284542853
33.0,258.0,999.9854125976562,-0.582909926206022,0.5938419474242105,4.052971420175801,-1.168932870690222,-0.2098210720918212,0.8583868850100913,1.453638483856321,-0.6679319996604036,0.3381580283910708,-2.388651744867325
33.0,258.0,999.9854736328124,-0.5829093102984935,0.5938401568646867,4.052971847942793,-1.1689321136429394,-0.2098221931961754,0.8583863450100884,1.4536405622367097,-0.6679298442439077,0.3381580547510046,-2.3886512453787203
33.0,258.0,999.9854736328124,-0.5829102107186133,0.5938450663850912,4.052964011930246,-1.1689338308235508,-0.2098190051254942,0.8583842931100971,1.4536381434228964,-0.6679286246445066,0.3381533882382284,-2.388653436662032
33.0,258.0,999.9854125976562,-0.5829092924358914,0.593841125737729,4.0529671244572505,-1.1689300210327196,-0.2098199465649806,0.8583923780187774,1.4536351596033086,-0.6679319210208412,0.3381551813859733,-2.3886527196902003
33.0,258.0,999.9854125976562,-0.5829096201509207,0.5938454267090378,4.05296790881671,-1.168928026857381,-0.2098199477678166,0.8583878847484936,1.4536299579781904,-0.6679311170747155,0.3381597506681357,-2.388650344920144
33.0,258.0,999.9854125976562,-0.5829115196642194,0.5938448183503571,4.05296804846466,-1.1689363929749534,-0.2098177083492975,0.8583836386790686,1.453637655776726,-0.6679287530701323,0.3381553541021622,-2.3886563076135663
33.0,258.0,999.9854125976562,-0.582908210720384,0.5938390242467362,4.052972765647283,-1.168931862945758,-0.2098214532051461,0.8583910098607266,1.4536384786628522,-0.667932401101357,0.3381581515151532,-2.388651526432724
33.0,258.0,999.9854736328124,-0.5829071982660743,0.5938449731229305,4.052969306157664,-1.168923804645459,-0.2098230645946781,0.85838952677181,1.4536342832907012,-0.6679330212206605,0.3381650500633002,-2.388643845778672
33.0,258.0,999.9854736328124,-0.5829095726843958,0.5938407385559428,4.052971954665734,-1.1689341525171448,-0.209820247370847,0.8583868209768948,1.4536418738817725,-0.6679298274476588,0.3381583928375686,-2.388650999240728
33.0,258.0,999.9854125976562,-0.5829100751635394,0.5938476280285112,4.0529673532464745,-1.1689307375966438,-0.2098200484741292,0.8583837688255445,1.453634020763812,-0.667930186750664,0.3381546992962994,-2.3886517699105085
33.0,258.0,999.9854125976562,-0.5829100681240824,0.5938456765182334,4.052969274383969,-1.1689332759884987,-0.2098209617938327,0.8583825058052259,1.4536375603755474,-0.6679303053496808,0.338157951095801,-2.3886492853262418
33.0,258.0,999.9854736328124,-0.5829137736605352,0.5938444058658412,4.052969872509909,-1.1689348985154933,-0.2098161165663512,0.858386272324454,1.4536341886582802,-0.6679319963189352,0.3381573117470147,-2.3886544254390083
33.0,258.0,999.9854125976562,-0.5829098110707651,0.5938424344959188,4.052967700342922,-1.1689340197207023,-0.2098209492703437,0.8583875615235144,1.4536415851907076,-0.6679289928054075,0.3381543218562779,-2.3886531144276835
33.0,258.0,999.9854125976562,-0.5829095912944267,0.5938460000806911,4.052968302634829,-1.1689292857165583,-0.2098203361913579,0.8583858282352903,1.453633626359112,-0.6679317933515616,0.3381569036183371,-2.388649908606848
33.0,258.0,999.9854125976562,-0.5829083286359023,0.5938429914468362,4.052969750829666,-1.1689276088161824,-0.209821789504347,0.8583877389542769,1.453635512111461,-0.6679292388258498,0.338161579608176,-2.3886467668245155
33.0,258.0,999.9854736328124,-0.582908315466339,0.5938364726323808,4.052966911526594,-1.1689218542862916,-0.2098219623189905,0.8583980305806707,1.4536316359405728,-0.6679333976108337,0.3381608434691507,-2.388647879782237
33.0,258.0,999.9854125976562,-0.5829087331506964,0.5938436902926645,4.052969387091823,-1.1689274507897056,-0.2098199292101972,0.8583898443253428,1.4536331330359609,-0.6679329909130951,0.3381574499636564,-2.388652233254627
33.0,258.0,999.9854125976562,-0.582907726887834,0.5938431441529355,4.052967908674907,-1.168925345477649,-0.2098221326248337,0.8583891147660596,1.4536340246089008,-0.667931358047336,0.3381620073938247,-2.3886463715820616
33.0,258.0,999.9854125976562,-0.5829076798980068,0.5938404117607945,4.05297051304596,-1.1689275600606424,-0.209821713372114,0.8583913031801487,1.453635672254431,-0.6679319112536026,0.3381615227801768,-2.3886457164473
33.0,258.0,999.9854125976562,-0.5829093460172396,0.5938416178402219,4.052967900981471,-1.16892803086867,-0.2098216172350495,0.8583898148066798,1.4536348322165606,-0.6679315195619742,0.3381570621749787,-2.388653151886704
33.0,258.0,999.9854125976562,-0.5829111423812021,0.5938417281242927,4.052967273692527,-1.168937990894396,-0.2098188783213892,0.8583862980719843,1.4536387175801018,-0.6679299581983047,0.3381527562499551,-2.3886556633371887
33.0,258.0,999.9854125976562,-0.5829098067737242,0.5938418869161852,4.052969926076772,-1.168932962879614,-0.2098200096625611,0.8583881816774657,1.4536382420763443,-0.6679309183147435,0.3381584980015013,-2.3886515618888686
33.0,258.0,999.9854125976562,-0.5829103778848639,0.5938422112375878,4.052969555587008,-1.1689317202119307,-0.2098178053476322,0.8583889493228556,1.4536322108663455,-0.6679313620737739,0.33815856587628,-2.388654943244448
33.0,258.0,999.9854125976562,-0.5829118325315878,0.59384640490447,4.052967050494216,-1.1689325379039062,-0.2098197125543865,0.858382201093356,1.4536331260337922,-0.6679299508821508,0.3381551993224949,-2.3886558237539064
33.0,258.0,999.9854125976562,-0.582910623671121,0.5938468418117644,4.052966727923948,-1.1689308335329516,-0.2098195639844329,0.8583868100677208,1.4536382508312071,-0.6679286617520228,0.3381589475138593,-2.3886497070908383
33.0,258.0,999.9854736328124,-0.5829131705692623,0.5938446931100403,4.052967470625422,-1.168936521862003,-0.2098168929607489,0.8583832583827427,1.453636761022448,-0.6679289803960016,0.3381547199746206,-2.388654511016397
33.0,258.0,999.9854125976562,-0.5829118836340133,0.5938498672774228,4.052970448674158,-1.168936906297866,-0.2098198975170184,0.8583785078401176,1.45364085488022,-0.6679286995677023,0.3381564304744353,-2.388653206682445
33.0,258.0,999.9854125976562,-0.5829087949499652,0.593845034287007,4.052970508118444,-1.168928547894443,-0.2098224476814145,0.8583875328920989,1.4536368905675996,-0.6679312072480235,0.3381572322704009,-2.38865210320905
33.0,258.0,999.9854125976562,-0.5829084092747854,0.5938428240466642,4.0529676298032165,-1.1689301752317238,-0.2098215715815623,0.8583872038411187,1.4536343144652184,-0.667930122129043,0.3381575164245607,-2.388652078505048
33.0,258.0,999.9854125976562,-0.5829095859804241,0.5938406331269919,4.052968176709722,-1.168931503145088,-0.2098209076946222,0.8583892540233515,1.4536378364109872,-0.6679300194485567,0.3381580775888668,-2.388651822241826
33.0,258.0,999.9854125976562,-0.5829091460442974,0.5938427161815163,4.052967983914659,-1.168932720350056,-0.2098206485035323,0.8583868792050344,1.4536381128011753,-0.6679303655655904,0.3381568038581397,-2.3886493022307667
33.0,258.0,999.9854125976562,-0.5829102950702261,0.5938428858825704,4.052967843380422,-1.1689345573594268,-0.2098205921430471,0.8583856818133491,1.453640637527366,-0.6679287680216106,0.338155448232774,-2.3886515656416583
33.0,258.0,999.9854736328124,-0.5829132984414827,0.5938489709740846,4.052970789807306,-1.1689431320605124,-0.2098171771984027,0.8583788437065039,1.4536445838197327,-0.6679304958069672,0.3381497692766686,-2.3886588798555053
33.0,258.0,999.9854125976562,-0.5829060123603016,0.593836560380093,4.052975365620428,-1.1689241200480105,-0.2098240630418342,0.8583930784502982,1.4536335827633824,-0.667932516673071,0.3381671997029043,-2.3886453038692568
33.0,258.0,999.9854125976562,-0.5829130777597538,0.5938459034936212,4.05296736459896,-1.1689350907835565,-0.2098175064283491,0.8583867499397568,1.4536367382243451,-0.6679312578242138,0.3381519127861487,-2.388658390783621
33.0,258.0,999.9854125976562,-0.5829096502875846,0.5938480877049717,4.052969470781729,-1.1689296632689905,-0.2098215599325366,0.858383474204917,1.453637234407954,-0.6679297083303197,0.3381598485675932,-2.388647974585024
33.0,258.0,999.9854736328124,-0.5829101283680114,0.5938423363521537,4.052960540582697,-1.1689345906917756,-0.2098177857015342,0.858389327678375,1.4536407086056204,-0.6679272886357959,0.3381500429679462,-2.388652960588268
33.0,258.0,999.9854125976562,-0.5829095379166924,0.5938397726318092,4.052970797904784,-1.1689298783720163,-0.2098216385974236,0.8583895757878643,1.4536353100896786,-0.6679303409240527,0.3381610256267029,-2.3886518878919483
33.0,258.0,999.9854125976562,-0.5829102996672404,0.5938429846851196,4.052965962505466,-1.168929693179205,-0.2098191325018907,0.8583894703774142,1.4536324541820091,-0.6679318446519016,0.3381524100688811,-2.388655679076128
33.0,258.0,999.9854125976562,-0.582909041073064,0.5938445933394902,4.052968789229926,-1.1689255048636489,-0.2098215543503538,0.8583868715352221,1.4536343138395118,-0.6679296269553987,0.3381631023521461,-2.3886459364569825
33.0,258.0,999.9854125976562,-0.5829079981854441,0.5938425890157886,4.052973456056153,-1.1689276399711497,-0.2098214250319978,0.858391003394015,1.4536369956328965,-0.6679333548877482,0.3381645668113116,-2.388645873925591
33.0,258.0,999.9854125976562,-0.5829084140763445,0.5938444865442216,4.05297108878584,-1.1689329074348676,-0.2098213018969499,0.8583852301539547,1.4536410024667887,-0.6679290052054352,0.3381607125347718,-2.388648647023889
33.0,258.0,999.9854125976562,-0.5829074859759968,0.5938408413543153,4.052968638928359,-1.168925908185832,-0.2098230076696214,0.8583912672834142,1.453634993209235,-0.6679324347880335,0.3381608337132249,-2.38864655182546
33.0,258.0,999.9854125976562,-0.5829115473700694,0.5938460139440576,4.052964850885889,-1.1689304439558108,-0.2098181028479713,0.8583879471064835,1.4536323913428353,-0.6679312727921927,0.3381554674145794,-2.388653491124757
33.0,258.0,999.9854125976562,-0.5829092241329645,0.5938400562597561,4.052970043100826,-1.1689299670784257,-0.2098208585628489,0.8583913745644365,1.4536382003045911,-0.6679327064800109,0.3381604247301695,-2.3886479785911208
33.0,259.0,999.9854125976562,-0.5829080301043197,0.5938441512901438,4.052970804960252,-1.1689270072208364,-0.2098229107810407,0.8583898767830913,1.4536378131821293,-0.667931716988269,0.3381640396235665,-2.388644091190637
33.0,259.0,999.9854125976562,-0.582910921723645,0.5938468438107751,4.052966354518876,-1.1689291290153667,-0.2098202126618344,0.8583835048482102,1.453632280737395,-0.6679292895314459,0.3381567170107979,-2.38865287793681
33.0,259.0,999.9854736328124,-0.5829062029904666,0.593836395699153,4.05297521198278,-1.1689233558286762,-0.2098249695370118,0.858397728953082,1.4536373324926135,-0.6679363998723336,0.3381654810396544,-2.388640778647529
33.0,259.0,999.9854736328124,-0.5829091291420498,0.5938388910109431,4.052967150645566,-1.1689261358208451,-0.2098195689170978,0.8583933887557249,1.4536333021051293,-0.6679328121856791,0.3381615336939569,-2.3886469840640108
33.0,259.0,999.9854125976562,-0.5829077021455049,0.5938421964434575,4.052971850597512,-1.1689311000567084,-0.2098226586127021,0.8583871230336735,1.45364161511141,-0.6679292513426649,0.3381610531502401,-2.388646284542853
33.0,259.0,999.9854125976562,-0.582909926206022,0.5938419474242105,4.052971420175801,-1.168932870690222,-0.2098210720918212,0.8583868850100913,1.453638483856321,-0.6679319996604036,0.3381580283910708,-2.388651744867325
33.0,259.0,999.9854736328124,-0.5829093102984935,0.5938401568646867,4.052971847942793,-1.1689321136429394,-0.2098221931961754,0.8583863450100884,1.4536405622367097,-0.6679298442439077,0.3381580547510046,-2.3886512453787203
33.0,259.0,999.9854736328124,-0.5829102107186133,0.5938450663850912,4.052964011930246,-1.1689338308235508,-0.2098190051254942,0.8583842931100971,1.4536381434228964,-0.6679286246445066,0.3381533882382284,-2.388653436662032
33.0,259.0,999.9854125976562,-0.5829092924358914,0.593841125737729,4.0529671244572505,-1.1689300210327196,-0.2098199465649806,0.8583923780187774,1.4536351596033086,-0.6679319210208412,0.3381551813859733,-2.3886527196902003
33.0,259.0,999.9854125976562,-0.5829096201509207,0.5938454267090378,4.05296790881671,-1.168928026857381,-0.2098199477678166,0.8583878847484936,1.4536299579781904,-0.6679311170747155,0.3381597506681357,-2.388650344920144
33.0,259.0,999.9854125976562,-0.5829115196642194,0.5938448183503571,4.05296804846466,-1.1689363929749534,-0.2098177083492975,0.8583836386790686,1.453637655776726,-0.6679287530701323,0.3381553541021622,-2.3886563076135663
33.0,259.0,999.9854125976562,-0.582908210720384,0.5938390242467362,4.052972765647283,-1.168931862945758,-0.2098214532051461,0.8583910098607266,1.4536384786628522,-0.667932401101357,0.3381581515151532,-2.388651526432724
33.0,259.0,999.9854736328124,-0.5829071982660743,0.5938449731229305,4.052969306157664,-1.168923804645459,-0.2098230645946781,0.85838952677181,1.4536342832907012,-0.6679330212206605,0.3381650500633002,-2.388643845778672
33.0,259.0,999.9854736328124,-0.5829095726843958,0.5938407385559428,4.052971954665734,-1.1689341525171448,-0.209820247370847,0.8583868209768948,1.4536418738817725,-0.6679298274476588,0.3381583928375686,-2.388650999240728
33.0,259.0,999.9854125976562,-0.5829100751635394,0.5938476280285112,4.0529673532464745,-1.1689307375966438,-0.2098200484741292,0.8583837688255445,1.453634020763812,-0.667930186750664,0.3381546992962994,-2.3886517699105085
33.0,259.0,999.9854125976562,-0.5829100681240824,0.5938456765182334,4.052969274383969,-1.1689332759884987,-0.2098209617938327,0.8583825058052259,1.4536375603755474,-0.6679303053496808,0.338157951095801,-2.3886492853262418
33.0,259.0,999.9854736328124,-0.5829137736605352,0.5938444058658412,4.052969872509909,-1.1689348985154933,-0.2098161165663512,0.858386272324454,1.4536341886582802,-0.6679319963189352,0.3381573117470147,-2.3886544254390083
33.0,259.0,999.9854125976562,-0.5829098110707651,0.5938424344959188,4.052967700342922,-1.1689340197207023,-0.2098209492703437,0.8583875615235144,1.4536415851907076,-0.6679289928054075,0.3381543218562779,-2.3886531144276835
33.0,259.0,999.9854125976562,-0.5829095912944267,0.5938460000806911,4.052968302634829,-1.1689292857165583,-0.2098203361913579,0.8583858282352903,1.453633626359112,-0.6679317933515616,0.3381569036183371,-2.388649908606848
33.0,259.0,999.9854125976562,-0.5829083286359023,0.5938429914468362,4.052969750829666,-1.1689276088161824,-0.209821789504347,0.8583877389542769,1.453635512111461,-0.6679292388258498,0.338161579608176,-2.3886467668245155
33.0,259.0,999.9854736328124,-0.582908315466339,0.5938364726323808,4.052966911526594,-1.1689218542862916,-0.2098219623189905,0.8583980305806707,1.4536316359405728,-0.6679333976108337,0.3381608434691507,-2.388647879782237
33.0,259.0,999.9854125976562,-0.5829087331506964,0.5938436902926645,4.052969387091823,-1.1689274507897056,-0.2098199292101972,0.8583898443253428,1.4536331330359609,-0.6679329909130951,0.3381574499636564,-2.388652233254627
33.0,259.0,999.9854125976562,-0.582907726887834,0.5938431441529355,4.052967908674907,-1.168925345477649,-0.2098221326248337,0.8583891147660596,1.4536340246089008,-0.667931358047336,0.3381620073938247,-2.3886463715820616
33.0,259.0,999.9854125976562,-0.5829076798980068,0.5938404117607945,4.05297051304596,-1.1689275600606424,-0.209821713372114,0.8583913031801487,1.453635672254431,-0.6679319112536026,0.3381615227801768,-2.3886457164473
33.0,259.0,999.9854125976562,-0.5829093460172396,0.5938416178402219,4.052967900981471,-1.16892803086867,-0.2098216172350495,0.8583898148066798,1.4536348322165606,-0.6679315195619742,0.3381570621749787,-2.388653151886704
33.0,259.0,999.9854125976562,-0.5829111423812021,0.5938417281242927,4.052967273692527,-1.168937990894396,-0.2098188783213892,0.8583862980719843,1.4536387175801018,-0.6679299581983047,0.3381527562499551,-2.3886556633371887
33.0,259.0,999.9854125976562,-0.5829098067737242,0.5938418869161852,4.052969926076772,-1.168932962879614,-0.2098200096625611,0.8583881816774657,1.4536382420763443,-0.6679309183147435,0.3381584980015013,-2.3886515618888686
33.0,259.0,999.9854125976562,-0.5829103778848639,0.5938422112375878,4.052969555587008,-1.1689317202119307,-0.2098178053476322,0.8583889493228556,1.4536322108663455,-0.6679313620737739,0.33815856587628,-2.388654943244448
33.0,259.0,999.9854125976562,-0.5829118325315878,0.59384640490447,4.052967050494216,-1.1689325379039062,-0.2098197125543865,0.858382201093356,1.4536331260337922,-0.6679299508821508,0.3381551993224949,-2.3886558237539064
33.0,259.0,999.9854125976562,-0.582910623671121,0.5938468418117644,4.052966727923948,-1.1689308335329516,-0.2098195639844329,0.8583868100677208,1.4536382508312071,-0.6679286617520228,0.3381589475138593,-2.3886497070908383
33.0,259.0,999.9854736328124,-0.5829131705692623,0.5938446931100403,4.052967470625422,-1.168936521862003,-0.2098168929607489,0.8583832583827427,1.453636761022448,-0.6679289803960016,0.3381547199746206,-2.388654511016397
33.0,259.0,999.9854125976562,-0.5829118836340133,0.5938498672774228,4.052970448674158,-1.168936906297866,-0.2098198975170184,0.8583785078401176,1.45364085488022,-0.6679286995677023,0.3381564304744353,-2.388653206682445
33.0,259.0,999.9854125976562,-0.5829087949499652,0.593845034287007,4.052970508118444,-1.168928547894443,-0.2098224476814145,0.8583875328920989,1.4536368905675996,-0.6679312072480235,0.3381572322704009,-2.38865210320905
33.0,259.0,999.9854125976562,-0.5829084092747854,0.5938428240466642,4.0529676298032165,-1.1689301752317238,-0.2098215715815623,0.8583872038411187,1.4536343144652184,-0.667930122129043,0.3381575164245607,-2.388652078505048
33.0,259.0,999.9854125976562,-0.5829095859804241,0.5938406331269919,4.052968176709722,-1.168931503145088,-0.2098209076946222,0.8583892540233515,1.4536378364109872,-0.6679300194485567,0.3381580775888668,-2.388651822241826
33.0,259.0,999.9854125976562,-0.5829091460442974,0.5938427161815163,4.052967983914659,-1.168932720350056,-0.2098206485035323,0.8583868792050344,1.4536381128011753,-0.6679303655655904,0.3381568038581397,-2.3886493022307667
33.0,259.0,999.9854125976562,-0.5829102950702261,0.5938428858825704,4.052967843380422,-1.1689345573594268,-0.2098205921430471,0.8583856818133491,1.453640637527366,-0.6679287680216106,0.338155448232774,-2.3886515656416583
33.0,259.0,999.9854736328124,-0.5829132984414827,0.5938489709740846,4.052970789807306,-1.1689431320605124,-0.2098171771984027,0.8583788437065039,1.4536445838197327,-0.6679304958069672,0.3381497692766686,-2.3886588798555053
33.0,259.0,999.9854125976562,-0.5829060123603016,0.593836560380093,4.052975365620428,-1.1689241200480105,-0.2098240630418342,0.8583930784502982,1.4536335827633824,-0.667932516673071,0.3381671997029043,-2.3886453038692568
33.0,259.0,999.9854125976562,-0.5829130777597538,0.5938459034936212,4.05296736459896,-1.1689350907835565,-0.2098175064283491,0.8583867499397568,1.4536367382243451,-0.6679312578242138,0.3381519127861487,-2.388658390783621
33.0,259.0,999.9854125976562,-0.5829096502875846,0.5938480877049717,4.052969470781729,-1.1689296632689905,-0.2098215599325366,0.858383474204917,1.453637234407954,-0.6679297083303197,0.3381598485675932,-2.388647974585024
33.0,259.0,999.9854736328124,-0.5829101283680114,0.5938423363521537,4.052960540582697,-1.1689345906917756,-0.2098177857015342,0.858389327678375,1.4536407086056204,-0.6679272886357959,0.3381500429679462,-2.388652960588268
33.0,259.0,999.9854125976562,-0.5829095379166924,0.5938397726318092,4.052970797904784,-1.1689298783720163,-0.2098216385974236,0.8583895757878643,1.4536353100896786,-0.6679303409240527,0.3381610256267029,-2.3886518878919483
33.0,259.0,999.9854125976562,-0.5829102996672404,0.5938429846851196,4.052965962505466,-1.168929693179205,-0.2098191325018907,0.8583894703774142,1.4536324541820091,-0.6679318446519016,0.3381524100688811,-2.388655679076128
33.0,259.0,999.9854125976562,-0.582909041073064,0.5938445933394902,4.052968789229926,-1.1689255048636489,-0.2098215543503538,0.8583868715352221,1.4536343138395118,-0.6679296269553987,0.3381631023521461,-2.3886459364569825
33.0,259.0,999.9854125976562,-0.5829079981854441,0.5938425890157886,4.052973456056153,-1.1689276399711497,-0.2098214250319978,0.858391003394015,1.4536369956328965,-0.6679333548877482,0.3381645668113116,-2.388645873925591
33.0,259.0,999.9854125976562,-0.5829084140763445,0.5938444865442216,4.05297108878584,-1.1689329074348676,-0.2098213018969499,0.8583852301539547,1.4536410024667887,-0.6679290052054352,0.3381607125347718,-2.388648647023889
33.0,259.0,999.9854125976562,-0.5829074859759968,0.5938408413543153,4.052968638928359,-1.168925908185832,-0.2098230076696214,0.8583912672834142,1.453634993209235,-0.6679324347880335,0.3381608337132249,-2.38864655182546
33.0,259.0,999.9854125976562,-0.5829115473700694,0.5938460139440576,4.052964850885889,-1.1689304439558108,-0.2098181028479713,0.8583879471064835,1.4536323913428353,-0.6679312727921927,0.3381554674145794,-2.388653491124757
33.0,259.0,999.9854125976562,-0.5829092241329645,0.5938400562597561,4.052970043100826,-1.1689299670784257,-0.2098208585628489,0.8583913745644365,1.4536382003045911,-0.6679327064800109,0.3381604247301695,-2.3886479785911208
33.0,260.0,999.9854125976562,-0.5829080301043197,0.5938441512901438,4.052970804960252,-1.1689270072208364,-0.2098229107810407,0.8583898767830913,1.4536378131821293,-0.667931716988269,0.3381640396235665,-2.388644091190637
33.0,260.0,999.9854125976562,-0.582910921723645,0.5938468438107751,4.052966354518876,-1.1689291290153667,-0.2098202126618344,0.8583835048482102,1.453632280737395,-0.6679292895314459,0.3381567170107979,-2.38865287793681
33.0,260.0,999.9854736328124,-0.5829062029904666,0.593836395699153,4.05297521198278,-1.1689233558286762,-0.2098249695370118,0.858397728953082,1.4536373324926135,-0.6679363998723336,0.3381654810396544,-2.388640778647529
33.0,260.0,999.9854736328124,-0.5829091291420498,0.5938388910109431,4.052967150645566,-1.1689261358208451,-0.2098195689170978,0.8583933887557249,1.4536333021051293,-0.6679328121856791,0.3381615336939569,-2.3886469840640108
33.0,260.0,999.9854125976562,-0.5829077021455049,0.5938421964434575,4.052971850597512,-1.1689311000567084,-0.2098226586127021,0.8583871230336735,1.45364161511141,-0.6679292513426649,0.3381610531502401,-2.388646284542853
33.0,260.0,999.9854125976562,-0.582909926206022,0.5938419474242105,4.052971420175801,-1.168932870690222,-0.2098210720918212,0.8583868850100913,1.453638483856321,-0.6679319996604036,0.3381580283910708,-2.388651744867325
33.0,260.0,999.9854736328124,-0.5829093102984935,0.5938401568646867,4.052971847942793,-1.1689321136429394,-0.2098221931961754,0.8583863450100884,1.4536405622367097,-0.6679298442439077,0.3381580547510046,-2.3886512453787203
33.0,260.0,999.9854736328124,-0.5829102107186133,0.5938450663850912,4.052964011930246,-1.1689338308235508,-0.2098190051254942,0.8583842931100971,1.4536381434228964,-0.6679286246445066,0.3381533882382284,-2.388653436662032
33.0,260.0,999.9854125976562,-0.5829092924358914,0.593841125737729,4.0529671244572505,-1.1689300210327196,-0.2098199465649806,0.8583923780187774,1.4536351596033086,-0.6679319210208412,0.3381551813859733,-2.3886527196902003
33.0,260.0,999.9854125976562,-0.5829096201509207,0.5938454267090378,4.05296790881671,-1.168928026857381,-0.2098199477678166,0.8583878847484936,1.4536299579781904,-0.6679311170747155,0.3381597506681357,-2.388650344920144
33.0,260.0,999.9854125976562,-0.5829115196642194,0.5938448183503571,4.05296804846466,-1.1689363929749534,-0.2098177083492975,0.8583836386790686,1.453637655776726,-0.6679287530701323,0.3381553541021622,-2.3886563076135663
33.0,260.0,999.9854125976562,-0.582908210720384,0.5938390242467362,4.052972765647283,-1.168931862945758,-0.2098214532051461,0.8583910098607266,1.4536384786628522,-0.667932401101357,0.3381581515151532,-2.388651526432724
33.0,260.0,999.9854736328124,-0.5829071982660743,0.5938449731229305,4.052969306157664,-1.168923804645459,-0.2098230645946781,0.85838952677181,1.4536342832907012,-0.6679330212206605,0.3381650500633002,-2.388643845778672
33.0,260.0,999.9854736328124,-0.5829095726843958,0.5938407385559428,4.052971954665734,-1.1689341525171448,-0.209820247370847,0.8583868209768948,1.4536418738817725,-0.6679298274476588,0.3381583928375686,-2.388650999240728
33.0,260.0,999.9854125976562,-0.5829100751635394,0.5938476280285112,4.0529673532464745,-1.1689307375966438,-0.2098200484741292,0.8583837688255445,1.453634020763812,-0.667930186750664,0.3381546992962994,-2.3886517699105085
33.0,260.0,999.9854125976562,-0.5829100681240824,0.5938456765182334,4.052969274383969,-1.1689332759884987,-0.2098209617938327,0.8583825058052259,1.4536375603755474,-0.6679303053496808,0.338157951095801,-2.3886492853262418
33.0,260.0,999.9854736328124,-0.5829137736605352,0.5938444058658412,4.052969872509909,-1.1689348985154933,-0.2098161165663512,0.858386272324454,1.4536341886582802,-0.6679319963189352,0.3381573117470147,-2.3886544254390083
33.0,260.0,999.9854125976562,-0.5829098110707651,0.5938424344959188,4.052967700342922,-1.1689340197207023,-0.2098209492703437,0.8583875615235144,1.4536415851907076,-0.6679289928054075,0.3381543218562779,-2.3886531144276835
33.0,260.0,999.9854125976562,-0.5829095912944267,0.5938460000806911,4.052968302634829,-1.1689292857165583,-0.2098203361913579,0.8583858282352903,1.453633626359112,-0.6679317933515616,0.3381569036183371,-2.388649908606848
33.0,260.0,999.9854125976562,-0.5829083286359023,0.5938429914468362,4.052969750829666,-1.1689276088161824,-0.209821789504347,0.8583877389542769,1.453635512111461,-0.6679292388258498,0.338161579608176,-2.3886467668245155
33.0,260.0,999.9854736328124,-0.582908315466339,0.5938364726323808,4.052966911526594,-1.1689218542862916,-0.2098219623189905,0.8583980305806707,1.4536316359405728,-0.6679333976108337,0.3381608434691507,-2.388647879782237
33.0,260.0,999.9854125976562,-0.5829087331506964,0.5938436902926645,4.052969387091823,-1.1689274507897056,-0.2098199292101972,0.8583898443253428,1.4536331330359609,-0.6679329909130951,0.3381574499636564,-2.388652233254627
33.0,260.0,999.9854125976562,-0.582907726887834,0.5938431441529355,4.052967908674907,-1.168925345477649,-0.2098221326248337,0.8583891147660596,1.4536340246089008,-0.667931358047336,0.3381620073938247,-2.3886463715820616
33.0,260.0,999.9854125976562,-0.5829076798980068,0.5938404117607945,4.05297051304596,-1.1689275600606424,-0.209821713372114,0.8583913031801487,1.453635672254431,-0.6679319112536026,0.3381615227801768,-2.3886457164473
33.0,260.0,999.9854125976562,-0.5829093460172396,0.5938416178402219,4.052967900981471,-1.16892803086867,-0.2098216172350495,0.8583898148066798,1.4536348322165606,-0.6679315195619742,0.3381570621749787,-2.388653151886704
33.0,260.0,999.9854125976562,-0.5829111423812021,0.5938417281242927,4.052967273692527,-1.168937990894396,-0.2098188783213892,0.8583862980719843,1.4536387175801018,-0.6679299581983047,0.3381527562499551,-2.3886556633371887
33.0,260.0,999.9854125976562,-0.5829098067737242,0.5938418869161852,4.052969926076772,-1.168932962879614,-0.2098200096625611,0.8583881816774657,1.4536382420763443,-0.6679309183147435,0.3381584980015013,-2.3886515618888686
33.0,260.0,999.9854125976562,-0.5829103778848639,0.5938422112375878,4.052969555587008,-1.1689317202119307,-0.2098178053476322,0.8583889493228556,1.4536322108663455,-0.6679313620737739,0.33815856587628,-2.388654943244448
33.0,260.0,999.9854125976562,-0.5829118325315878,0.59384640490447,4.052967050494216,-1.1689325379039062,-0.2098197125543865,0.858382201093356,1.4536331260337922,-0.6679299508821508,0.3381551993224949,-2.3886558237539064
33.0,260.0,999.9854125976562,-0.582910623671121,0.5938468418117644,4.052966727923948,-1.1689308335329516,-0.2098195639844329,0.8583868100677208,1.4536382508312071,-0.6679286617520228,0.3381589475138593,-2.3886497070908383
33.0,260.0,999.9854736328124,-0.5829131705692623,0.5938446931100403,4.052967470625422,-1.168936521862003,-0.2098168929607489,0.8583832583827427,1.453636761022448,-0.6679289803960016,0.3381547199746206,-2.388654511016397
33.0,260.0,999.9854125976562,-0.5829118836340133,0.5938498672774228,4.052970448674158,-1.168936906297866,-0.2098198975170184,0.8583785078401176,1.45364085488022,-0.6679286995677023,0.3381564304744353,-2.388653206682445
33.0,260.0,999.9854125976562,-0.5829087949499652,0.593845034287007,4.052970508118444,-1.168928547894443,-0.2098224476814145,0.8583875328920989,1.4536368905675996,-0.6679312072480235,0.3381572322704009,-2.38865210320905
33.0,260.0,999.9854125976562,-0.5829084092747854,0.5938428240466642,4.0529676298032165,-1.1689301752317238,-0.2098215715815623,0.8583872038411187,1.4536343144652184,-0.667930122129043,0.3381575164245607,-2.388652078505048
33.0,260.0,999.9854125976562,-0.5829095859804241,0.5938406331269919,4.052968176709722,-1.168931503145088,-0.2098209076946222,0.8583892540233515,1.4536378364109872,-0.6679300194485567,0.3381580775888668,-2.388651822241826
33.0,260.0,999.9854125976562,-0.5829091460442974,0.5938427161815163,4.052967983914659,-1.168932720350056,-0.2098206485035323,0.8583868792050344,1.4536381128011753,-0.6679303655655904,0.3381568038581397,-2.3886493022307667
33.0,260.0,999.9854125976562,-0.5829102950702261,0.5938428858825704,4.052967843380422,-1.1689345573594268,-0.2098205921430471,0.8583856818133491,1.453640637527366,-0.6679287680216106,0.338155448232774,-2.3886515656416583
33.0,260.0,999.9854736328124,-0.5829132984414827,0.5938489709740846,4.052970789807306,-1.1689431320605124,-0.2098171771984027,0.8583788437065039,1.4536445838197327,-0.6679304958069672,0.3381497692766686,-2.3886588798555053
33.0,260.0,999.9854125976562,-0.5829060123603016,0.593836560380093,4.052975365620428,-1.1689241200480105,-0.2098240630418342,0.8583930784502982,1.4536335827633824,-0.667932516673071,0.3381671997029043,-2.3886453038692568
33.0,260.0,999.9854125976562,-0.5829130777597538,0.5938459034936212,4.05296736459896,-1.1689350907835565,-0.2098175064283491,0.8583867499397568,1.4536367382243451,-0.6679312578242138,0.3381519127861487,-2.388658390783621
33.0,260.0,999.9854125976562,-0.5829096502875846,0.5938480877049717,4.052969470781729,-1.1689296632689905,-0.2098215599325366,0.858383474204917,1.453637234407954,-0.6679297083303197,0.3381598485675932,-2.388647974585024
33.0,260.0,999.9854736328124,-0.5829101283680114,0.5938423363521537,4.052960540582697,-1.1689345906917756,-0.2098177857015342,0.858389327678375,1.4536407086056204,-0.6679272886357959,0.3381500429679462,-2.388652960588268
33.0,260.0,999.9854125976562,-0.5829095379166924,0.5938397726318092,4.052970797904784,-1.1689298783720163,-0.2098216385974236,0.8583895757878643,1.4536353100896786,-0.6679303409240527,0.3381610256267029,-2.3886518878919483
33.0,260.0,999.9854125976562,-0.5829102996672404,0.5938429846851196,4.052965962505466,-1.168929693179205,-0.2098191325018907,0.8583894703774142,1.4536324541820091,-0.6679318446519016,0.3381524100688811,-2.388655679076128
33.0,260.0,999.9854125976562,-0.582909041073064,0.5938445933394902,4.052968789229926,-1.1689255048636489,-0.2098215543503538,0.8583868715352221,1.4536343138395118,-0.6679296269553987,0.3381631023521461,-2.3886459364569825
33.0,260.0,999.9854125976562,-0.5829079981854441,0.5938425890157886,4.052973456056153,-1.1689276399711497,-0.2098214250319978,0.858391003394015,1.4536369956328965,-0.6679333548877482,0.3381645668113116,-2.388645873925591
33.0,260.0,999.9854125976562,-0.5829084140763445,0.5938444865442216,4.05297108878584,-1.1689329074348676,-0.2098213018969499,0.8583852301539547,1.4536410024667887,-0.6679290052054352,0.3381607125347718,-2.388648647023889
33.0,260.0,999.9854125976562,-0.5829074859759968,0.5938408413543153,4.052968638928359,-1.168925908185832,-0.2098230076696214,0.8583912672834142,1.453634993209235,-0.6679324347880335,0.3381608337132249,-2.38864655182546
33.0,260.0,999.9854125976562,-0.5829115473700694,0.5938460139440576,4.052964850885889,-1.1689304439558108,-0.2098181028479713,0.8583879471064835,1.4536323913428353,-0.6679312727921927,0.3381554674145794,-2.388653491124757
33.0,260.0,999.9854125976562,-0.5829092241329645,0.5938400562597561,4.052970043100826,-1.1689299670784257,-0.2098208585628489,0.8583913745644365,1.4536382003045911,-0.6679327064800109,0.3381604247301695,-2.3886479785911208
33.0,261.0,999.9854125976562,-0.5829080301043197,0.5938441512901438,4.052970804960252,-1.1689270072208364,-0.2098229107810407,0.8583898767830913,1.4536378131821293,-0.667931716988269,0.3381640396235665,-2.388644091190637
33.0,261.0,999.9854125976562,-0.582910921723645,0.5938468438107751,4.052966354518876,-1.1689291290153667,-0.2098202126618344,0.8583835048482102,1.453632280737395,-0.6679292895314459,0.3381567170107979,-2.38865287793681
33.0,261.0,999.9854736328124,-0.5829062029904666,0.593836395699153,4.05297521198278,-1.1689233558286762,-0.2098249695370118,0.858397728953082,1.4536373324926135,-0.6679363998723336,0.3381654810396544,-2.388640778647529
33.0,261.0,999.9854736328124,-0.5829091291420498,0.5938388910109431,4.052967150645566,-1.1689261358208451,-0.2098195689170978,0.8583933887557249,1.4536333021051293,-0.6679328121856791,0.3381615336939569,-2.3886469840640108
33.0,261.0,999.9854125976562,-0.5829077021455049,0.5938421964434575,4.052971850597512,-1.1689311000567084,-0.2098226586127021,0.8583871230336735,1.45364161511141,-0.6679292513426649,0.3381610531502401,-2.388646284542853
33.0,261.0,999.9854125976562,-0.582909926206022,0.5938419474242105,4.052971420175801,-1.168932870690222,-0.2098210720918212,0.8583868850100913,1.453638483856321,-0.6679319996604036,0.3381580283910708,-2.388651744867325
33.0,261.0,999.9854736328124,-0.5829093102984935,0.5938401568646867,4.052971847942793,-1.1689321136429394,-0.2098221931961754,0.8583863450100884,1.4536405622367097,-0.6679298442439077,0.3381580547510046,-2.3886512453787203
33.0,261.0,999.9854736328124,-0.5829102107186133,0.5938450663850912,4.052964011930246,-1.1689338308235508,-0.2098190051254942,0.8583842931100971,1.4536381434228964,-0.6679286246445066,0.3381533882382284,-2.388653436662032
33.0,261.0,999.9854125976562,-0.5829092924358914,0.593841125737729,4.0529671244572505,-1.1689300210327196,-0.2098199465649806,0.8583923780187774,1.4536351596033086,-0.6679319210208412,0.3381551813859733,-2.3886527196902003
33.0,261.0,999.9854125976562,-0.5829096201509207,0.5938454267090378,4.05296790881671,-1.168928026857381,-0.2098199477678166,0.8583878847484936,1.4536299579781904,-0.6679311170747155,0.3381597506681357,-2.388650344920144
33.0,261.0,999.9854125976562,-0.5829115196642194,0.5938448183503571,4.05296804846466,-1.1689363929749534,-0.2098177083492975,0.8583836386790686,1.453637655776726,-0.6679287530701323,0.3381553541021622,-2.3886563076135663
33.0,261.0,999.9854125976562,-0.582908210720384,0.5938390242467362,4.052972765647283,-1.168931862945758,-0.2098214532051461,0.8583910098607266,1.4536384786628522,-0.667932401101357,0.3381581515151532,-2.388651526432724
33.0,261.0,999.9854736328124,-0.5829071982660743,0.5938449731229305,4.052969306157664,-1.168923804645459,-0.2098230645946781,0.85838952677181,1.4536342832907012,-0.6679330212206605,0.3381650500633002,-2.388643845778672
33.0,261.0,999.9854736328124,-0.5829095726843958,0.5938407385559428,4.052971954665734,-1.1689341525171448,-0.209820247370847,0.8583868209768948,1.4536418738817725,-0.6679298274476588,0.3381583928375686,-2.388650999240728
33.0,261.0,999.9854125976562,-0.5829100751635394,0.5938476280285112,4.0529673532464745,-1.1689307375966438,-0.2098200484741292,0.8583837688255445,1.453634020763812,-0.667930186750664,0.3381546992962994,-2.3886517699105085
33.0,261.0,999.9854125976562,-0.5829100681240824,0.5938456765182334,4.052969274383969,-1.1689332759884987,-0.2098209617938327,0.8583825058052259,1.4536375603755474,-0.6679303053496808,0.338157951095801,-2.3886492853262418
33.0,261.0,999.9854736328124,-0.5829137736605352,0.5938444058658412,4.052969872509909,-1.1689348985154933,-0.2098161165663512,0.858386272324454,1.4536341886582802,-0.6679319963189352,0.3381573117470147,-2.3886544254390083
33.0,261.0,999.9854125976562,-0.5829098110707651,0.5938424344959188,4.052967700342922,-1.1689340197207023,-0.2098209492703437,0.8583875615235144,1.4536415851907076,-0.6679289928054075,0.3381543218562779,-2.3886531144276835
33.0,261.0,999.9854125976562,-0.5829095912944267,0.5938460000806911,4.052968302634829,-1.1689292857165583,-0.2098203361913579,0.8583858282352903,1.453633626359112,-0.6679317933515616,0.3381569036183371,-2.388649908606848
33.0,261.0,999.9854125976562,-0.5829083286359023,0.5938429914468362,4.052969750829666,-1.1689276088161824,-0.209821789504347,0.8583877389542769,1.453635512111461,-0.6679292388258498,0.338161579608176,-2.3886467668245155
33.0,261.0,999.9854736328124,-0.582908315466339,0.5938364726323808,4.052966911526594,-1.1689218542862916,-0.2098219623189905,0.8583980305806707,1.4536316359405728,-0.6679333976108337,0.3381608434691507,-2.388647879782237
33.0,261.0,999.9854125976562,-0.5829087331506964,0.5938436902926645,4.052969387091823,-1.1689274507897056,-0.2098199292101972,0.8583898443253428,1.4536331330359609,-0.6679329909130951,0.3381574499636564,-2.388652233254627
33.0,261.0,999.9854125976562,-0.582907726887834,0.5938431441529355,4.052967908674907,-1.168925345477649,-0.2098221326248337,0.8583891147660596,1.4536340246089008,-0.667931358047336,0.3381620073938247,-2.3886463715820616
33.0,261.0,999.9854125976562,-0.5829076798980068,0.5938404117607945,4.05297051304596,-1.1689275600606424,-0.209821713372114,0.8583913031801487,1.453635672254431,-0.6679319112536026,0.3381615227801768,-2.3886457164473
33.0,261.0,999.9854125976562,-0.5829093460172396,0.5938416178402219,4.052967900981471,-1.16892803086867,-0.2098216172350495,0.8583898148066798,1.4536348322165606,-0.6679315195619742,0.3381570621749787,-2.388653151886704
33.0,261.0,999.9854125976562,-0.5829111423812021,0.5938417281242927,4.052967273692527,-1.168937990894396,-0.2098188783213892,0.8583862980719843,1.4536387175801018,-0.6679299581983047,0.3381527562499551,-2.3886556633371887
33.0,261.0,999.9854125976562,-0.5829098067737242,0.5938418869161852,4.052969926076772,-1.168932962879614,-0.2098200096625611,0.8583881816774657,1.4536382420763443,-0.6679309183147435,0.3381584980015013,-2.3886515618888686
33.0,261.0,999.9854125976562,-0.5829103778848639,0.5938422112375878,4.052969555587008,-1.1689317202119307,-0.2098178053476322,0.8583889493228556,1.4536322108663455,-0.6679313620737739,0.33815856587628,-2.388654943244448
33.0,261.0,999.9854125976562,-0.5829118325315878,0.59384640490447,4.052967050494216,-1.1689325379039062,-0.2098197125543865,0.858382201093356,1.4536331260337922,-0.6679299508821508,0.3381551993224949,-2.3886558237539064
33.0,261.0,999.9854125976562,-0.582910623671121,0.5938468418117644,4.052966727923948,-1.1689308335329516,-0.2098195639844329,0.8583868100677208,1.4536382508312071,-0.6679286617520228,0.3381589475138593,-2.3886497070908383
33.0,261.0,999.9854736328124,-0.5829131705692623,0.5938446931100403,4.052967470625422,-1.168936521862003,-0.2098168929607489,0.8583832583827427,1.453636761022448,-0.6679289803960016,0.3381547199746206,-2.388654511016397
33.0,261.0,999.9854125976562,-0.5829118836340133,0.5938498672774228,4.052970448674158,-1.168936906297866,-0.2098198975170184,0.8583785078401176,1.45364085488022,-0.6679286995677023,0.3381564304744353,-2.388653206682445
33.0,261.0,999.9854125976562,-0.5829087949499652,0.593845034287007,4.052970508118444,-1.168928547894443,-0.2098224476814145,0.8583875328920989,1.4536368905675996,-0.6679312072480235,0.3381572322704009,-2.38865210320905
33.0,261.0,999.9854125976562,-0.5829084092747854,0.5938428240466642,4.0529676298032165,-1.1689301752317238,-0.2098215715815623,0.8583872038411187,1.4536343144652184,-0.667930122129043,0.3381575164245607,-2.388652078505048
33.0,261.0,999.9854125976562,-0.5829095859804241,0.5938406331269919,4.052968176709722,-1.168931503145088,-0.2098209076946222,0.8583892540233515,1.4536378364109872,-0.6679300194485567,0.3381580775888668,-2.388651822241826
33.0,261.0,999.9854125976562,-0.5829091460442974,0.5938427161815163,4.052967983914659,-1.168932720350056,-0.2098206485035323,0.8583868792050344,1.4536381128011753,-0.6679303655655904,0.3381568038581397,-2.3886493022307667
33.0,261.0,999.9854125976562,-0.5829102950702261,0.5938428858825704,4.052967843380422,-1.1689345573594268,-0.2098205921430471,0.8583856818133491,1.453640637527366,-0.6679287680216106,0.338155448232774,-2.3886515656416583
33.0,261.0,999.9854736328124,-0.5829132984414827,0.5938489709740846,4.052970789807306,-1.1689431320605124,-0.2098171771984027,0.8583788437065039,1.4536445838197327,-0.6679304958069672,0.3381497692766686,-2.3886588798555053
33.0,261.0,999.9854125976562,-0.5829060123603016,0.593836560380093,4.052975365620428,-1.1689241200480105,-0.2098240630418342,0.8583930784502982,1.4536335827633824,-0.667932516673071,0.3381671997029043,-2.3886453038692568
33.0,261.0,999.9854125976562,-0.5829130777597538,0.5938459034936212,4.05296736459896,-1.1689350907835565,-0.2098175064283491,0.8583867499397568,1.4536367382243451,-0.6679312578242138,0.3381519127861487,-2.388658390783621
33.0,261.0,999.9854125976562,-0.5829096502875846,0.5938480877049717,4.052969470781729,-1.1689296632689905,-0.2098215599325366,0.858383474204917,1.453637234407954,-0.6679297083303197,0.3381598485675932,-2.388647974585024
33.0,261.0,999.9854736328124,-0.5829101283680114,0.5938423363521537,4.052960540582697,-1.1689345906917756,-0.2098177857015342,0.858389327678375,1.4536407086056204,-0.6679272886357959,0.3381500429679462,-2.388652960588268
33.0,261.0,999.9854125976562,-0.5829095379166924,0.5938397726318092,4.052970797904784,-1.1689298783720163,-0.2098216385974236,0.8583895757878643,1.4536353100896786,-0.6679303409240527,0.3381610256267029,-2.3886518878919483
33.0,261.0,999.9854125976562,-0.5829102996672404,0.5938429846851196,4.052965962505466,-1.168929693179205,-0.2098191325018907,0.8583894703774142,1.4536324541820091,-0.6679318446519016,0.3381524100688811,-2.388655679076128
33.0,261.0,999.9854125976562,-0.582909041073064,0.5938445933394902,4.052968789229926,-1.1689255048636489,-0.2098215543503538,0.8583868715352221,1.4536343138395118,-0.6679296269553987,0.3381631023521461,-2.3886459364569825
33.0,261.0,999.9854125976562,-0.5829079981854441,0.5938425890157886,4.052973456056153,-1.1689276399711497,-0.2098214250319978,0.858391003394015,1.4536369956328965,-0.6679333548877482,0.3381645668113116,-2.388645873925591
33.0,261.0,999.9854125976562,-0.5829084140763445,0.5938444865442216,4.05297108878584,-1.1689329074348676,-0.2098213018969499,0.8583852301539547,1.4536410024667887,-0.6679290052054352,0.3381607125347718,-2.388648647023889
33.0,261.0,999.9854125976562,-0.5829074859759968,0.5938408413543153,4.052968638928359,-1.168925908185832,-0.2098230076696214,0.8583912672834142,1.453634993209235,-0.6679324347880335,0.3381608337132249,-2.38864655182546
33.0,261.0,999.9854125976562,-0.5829115473700694,0.5938460139440576,4.052964850885889,-1.1689304439558108,-0.2098181028479713,0.8583879471064835,1.4536323913428353,-0.6679312727921927,0.3381554674145794,-2.388653491124757
33.0,261.0,999.9854125976562,-0.5829092241329645,0.5938400562597561,4.052970043100826,-1.1689299670784257,-0.2098208585628489,0.8583913745644365,1.4536382003045911,-0.6679327064800109,0.3381604247301695,-2.3886479785911208
33.0,262.0,999.9854125976562,-0.5829080301043197,0.5938441512901438,4.052970804960252,-1.1689270072208364,-0.2098229107810407,0.8583898767830913,1.4536378131821293,-0.667931716988269,0.3381640396235665,-2.388644091190637
33.0,262.0,999.9854125976562,-0.582910921723645,0.5938468438107751,4.052966354518876,-1.1689291290153667,-0.2098202126618344,0.8583835048482102,1.453632280737395,-0.6679292895314459,0.3381567170107979,-2.38865287793681
33.0,262.0,999.9854736328124,-0.5829062029904666,0.593836395699153,4.05297521198278,-1.1689233558286762,-0.2098249695370118,0.858397728953082,1.4536373324926135,-0.6679363998723336,0.3381654810396544,-2.388640778647529
33.0,262.0,999.9854736328124,-0.5829091291420498,0.5938388910109431,4.052967150645566,-1.1689261358208451,-0.2098195689170978,0.8583933887557249,1.4536333021051293,-0.6679328121856791,0.3381615336939569,-2.3886469840640108
33.0,262.0,999.9854125976562,-0.5829077021455049,0.5938421964434575,4.052971850597512,-1.1689311000567084,-0.2098226586127021,0.8583871230336735,1.45364161511141,-0.6679292513426649,0.3381610531502401,-2.388646284542853
33.0,262.0,999.9854125976562,-0.582909926206022,0.5938419474242105,4.052971420175801,-1.168932870690222,-0.2098210720918212,0.8583868850100913,1.453638483856321,-0.6679319996604036,0.3381580283910708,-2.388651744867325
33.0,262.0,999.9854736328124,-0.5829093102984935,0.5938401568646867,4.052971847942793,-1.1689321136429394,-0.2098221931961754,0.8583863450100884,1.4536405622367097,-0.6679298442439077,0.3381580547510046,-2.3886512453787203
33.0,262.0,999.9854736328124,-0.5829102107186133,0.5938450663850912,4.052964011930246,-1.1689338308235508,-0.2098190051254942,0.8583842931100971,1.4536381434228964,-0.6679286246445066,0.3381533882382284,-2.388653436662032
33.0,262.0,999.9854125976562,-0.5829092924358914,0.593841125737729,4.0529671244572505,-1.1689300210327196,-0.2098199465649806,0.8583923780187774,1.4536351596033086,-0.6679319210208412,0.3381551813859733,-2.3886527196902003
33.0,262.0,999.9854125976562,-0.5829096201509207,0.5938454267090378,4.05296790881671,-1.168928026857381,-0.2098199477678166,0.8583878847484936,1.4536299579781904,-0.6679311170747155,0.3381597506681357,-2.388650344920144
33.0,262.0,999.9854125976562,-0.5829115196642194,0.5938448183503571,4.05296804846466,-1.1689363929749534,-0.2098177083492975,0.8583836386790686,1.453637655776726,-0.6679287530701323,0.3381553541021622,-2.3886563076135663
33.0,262.0,999.9854125976562,-0.582908210720384,0.5938390242467362,4.052972765647283,-1.168931862945758,-0.2098214532051461,0.8583910098607266,1.4536384786628522,-0.667932401101357,0.3381581515151532,-2.388651526432724
33.0,262.0,999.9854736328124,-0.5829071982660743,0.5938449731229305,4.052969306157664,-1.168923804645459,-0.2098230645946781,0.85838952677181,1.4536342832907012,-0.6679330212206605,0.3381650500633002,-2.388643845778672
33.0,262.0,999.9854736328124,-0.5829095726843958,0.5938407385559428,4.052971954665734,-1.1689341525171448,-0.209820247370847,0.8583868209768948,1.4536418738817725,-0.6679298274476588,0.3381583928375686,-2.388650999240728
33.0,262.0,999.9854125976562,-0.5829100751635394,0.5938476280285112,4.0529673532464745,-1.1689307375966438,-0.2098200484741292,0.8583837688255445,1.453634020763812,-0.667930186750664,0.3381546992962994,-2.3886517699105085
33.0,262.0,999.9854125976562,-0.5829100681240824,0.5938456765182334,4.052969274383969,-1.1689332759884987,-0.2098209617938327,0.8583825058052259,1.4536375603755474,-0.6679303053496808,0.338157951095801,-2.3886492853262418
33.0,262.0,999.9854736328124,-0.5829137736605352,0.5938444058658412,4.052969872509909,-1.1689348985154933,-0.2098161165663512,0.858386272324454,1.4536341886582802,-0.6679319963189352,0.3381573117470147,-2.3886544254390083
33.0,262.0,999.9854125976562,-0.5829098110707651,0.5938424344959188,4.052967700342922,-1.1689340197207023,-0.2098209492703437,0.8583875615235144,1.4536415851907076,-0.6679289928054075,0.3381543218562779,-2.3886531144276835
33.0,262.0,999.9854125976562,-0.5829095912944267,0.5938460000806911,4.052968302634829,-1.1689292857165583,-0.2098203361913579,0.8583858282352903,1.453633626359112,-0.6679317933515616,0.3381569036183371,-2.388649908606848
33.0,262.0,999.9854125976562,-0.5829083286359023,0.5938429914468362,4.052969750829666,-1.1689276088161824,-0.209821789504347,0.8583877389542769,1.453635512111461,-0.6679292388258498,0.338161579608176,-2.3886467668245155
33.0,262.0,999.9854736328124,-0.582908315466339,0.5938364726323808,4.052966911526594,-1.1689218542862916,-0.2098219623189905,0.8583980305806707,1.4536316359405728,-0.6679333976108337,0.3381608434691507,-2.388647879782237
33.0,262.0,999.9854125976562,-0.5829087331506964,0.5938436902926645,4.052969387091823,-1.1689274507897056,-0.2098199292101972,0.8583898443253428,1.4536331330359609,-0.6679329909130951,0.3381574499636564,-2.388652233254627
33.0,262.0,999.9854125976562,-0.582907726887834,0.5938431441529355,4.052967908674907,-1.168925345477649,-0.2098221326248337,0.8583891147660596,1.4536340246089008,-0.667931358047336,0.3381620073938247,-2.3886463715820616
33.0,262.0,999.9854125976562,-0.5829076798980068,0.5938404117607945,4.05297051304596,-1.1689275600606424,-0.209821713372114,0.8583913031801487,1.453635672254431,-0.6679319112536026,0.3381615227801768,-2.3886457164473
33.0,262.0,999.9854125976562,-0.5829093460172396,0.5938416178402219,4.052967900981471,-1.16892803086867,-0.2098216172350495,0.8583898148066798,1.4536348322165606,-0.6679315195619742,0.3381570621749787,-2.388653151886704
33.0,262.0,999.9854125976562,-0.5829111423812021,0.5938417281242927,4.052967273692527,-1.168937990894396,-0.2098188783213892,0.8583862980719843,1.4536387175801018,-0.6679299581983047,0.3381527562499551,-2.3886556633371887
33.0,262.0,999.9854125976562,-0.5829098067737242,0.5938418869161852,4.052969926076772,-1.168932962879614,-0.2098200096625611,0.8583881816774657,1.4536382420763443,-0.6679309183147435,0.3381584980015013,-2.3886515618888686
33.0,262.0,999.9854125976562,-0.5829103778848639,0.5938422112375878,4.052969555587008,-1.1689317202119307,-0.2098178053476322,0.8583889493228556,1.4536322108663455,-0.6679313620737739,0.33815856587628,-2.388654943244448
33.0,262.0,999.9854125976562,-0.5829118325315878,0.59384640490447,4.052967050494216,-1.1689325379039062,-0.2098197125543865,0.858382201093356,1.4536331260337922,-0.6679299508821508,0.3381551993224949,-2.3886558237539064
33.0,262.0,999.9854125976562,-0.582910623671121,0.5938468418117644,4.052966727923948,-1.1689308335329516,-0.2098195639844329,0.8583868100677208,1.4536382508312071,-0.6679286617520228,0.3381589475138593,-2.3886497070908383
33.0,262.0,999.9854736328124,-0.5829131705692623,0.5938446931100403,4.052967470625422,-1.168936521862003,-0.2098168929607489,0.8583832583827427,1.453636761022448,-0.6679289803960016,0.3381547199746206,-2.388654511016397
33.0,262.0,999.9854125976562,-0.5829118836340133,0.5938498672774228,4.052970448674158,-1.168936906297866,-0.2098198975170184,0.8583785078401176,1.45364085488022,-0.6679286995677023,0.3381564304744353,-2.388653206682445
33.0,262.0,999.9854125976562,-0.5829087949499652,0.593845034287007,4.052970508118444,-1.168928547894443,-0.2098224476814145,0.8583875328920989,1.4536368905675996,-0.6679312072480235,0.3381572322704009,-2.38865210320905
33.0,262.0,999.9854125976562,-0.5829084092747854,0.5938428240466642,4.0529676298032165,-1.1689301752317238,-0.2098215715815623,0.8583872038411187,1.4536343144652184,-0.667930122129043,0.3381575164245607,-2.388652078505048
33.0,262.0,999.9854125976562,-0.5829095859804241,0.5938406331269919,4.052968176709722,-1.168931503145088,-0.2098209076946222,0.8583892540233515,1.4536378364109872,-0.6679300194485567,0.3381580775888668,-2.388651822241826
33.0,262.0,999.9854125976562,-0.5829091460442974,0.5938427161815163,4.052967983914659,-1.168932720350056,-0.2098206485035323,0.8583868792050344,1.4536381128011753,-0.6679303655655904,0.3381568038581397,-2.3886493022307667
33.0,262.0,999.9854125976562,-0.5829102950702261,0.5938428858825704,4.052967843380422,-1.1689345573594268,-0.2098205921430471,0.8583856818133491,1.453640637527366,-0.6679287680216106,0.338155448232774,-2.3886515656416583
33.0,262.0,999.9854736328124,-0.5829132984414827,0.5938489709740846,4.052970789807306,-1.1689431320605124,-0.2098171771984027,0.8583788437065039,1.4536445838197327,-0.6679304958069672,0.3381497692766686,-2.3886588798555053
33.0,262.0,999.9854125976562,-0.5829060123603016,0.593836560380093,4.052975365620428,-1.1689241200480105,-0.2098240630418342,0.8583930784502982,1.4536335827633824,-0.667932516673071,0.3381671997029043,-2.3886453038692568
33.0,262.0,999.9854125976562,-0.5829130777597538,0.5938459034936212,4.05296736459896,-1.1689350907835565,-0.2098175064283491,0.8583867499397568,1.4536367382243451,-0.6679312578242138,0.3381519127861487,-2.388658390783621
33.0,262.0,999.9854125976562,-0.5829096502875846,0.5938480877049717,4.052969470781729,-1.1689296632689905,-0.2098215599325366,0.858383474204917,1.453637234407954,-0.6679297083303197,0.3381598485675932,-2.388647974585024
33.0,262.0,999.9854736328124,-0.5829101283680114,0.5938423363521537,4.052960540582697,-1.1689345906917756,-0.2098177857015342,0.858389327678375,1.4536407086056204,-0.6679272886357959,0.3381500429679462,-2.388652960588268
33.0,262.0,999.9854125976562,-0.5829095379166924,0.5938397726318092,4.052970797904784,-1.1689298783720163,-0.2098216385974236,0.8583895757878643,1.4536353100896786,-0.6679303409240527,0.3381610256267029,-2.3886518878919483
33.0,262.0,999.9854125976562,-0.5829102996672404,0.5938429846851196,4.052965962505466,-1.168929693179205,-0.2098191325018907,0.8583894703774142,1.4536324541820091,-0.6679318446519016,0.3381524100688811,-2.388655679076128
33.0,262.0,999.9854125976562,-0.582909041073064,0.5938445933394902,4.052968789229926,-1.1689255048636489,-0.2098215543503538,0.8583868715352221,1.4536343138395118,-0.6679296269553987,0.3381631023521461,-2.3886459364569825
33.0,262.0,999.9854125976562,-0.5829079981854441,0.5938425890157886,4.052973456056153,-1.1689276399711497,-0.2098214250319978,0.858391003394015,1.4536369956328965,-0.6679333548877482,0.3381645668113116,-2.388645873925591
33.0,262.0,999.9854125976562,-0.5829084140763445,0.5938444865442216,4.05297108878584,-1.1689329074348676,-0.2098213018969499,0.8583852301539547,1.4536410024667887,-0.6679290052054352,0.3381607125347718,-2.388648647023889
33.0,262.0,999.9854125976562,-0.5829074859759968,0.5938408413543153,4.052968638928359,-1.168925908185832,-0.2098230076696214,0.8583912672834142,1.453634993209235,-0.6679324347880335,0.3381608337132249,-2.38864655182546
33.0,262.0,999.9854125976562,-0.5829115473700694,0.5938460139440576,4.052964850885889,-1.1689304439558108,-0.2098181028479713,0.8583879471064835,1.4536323913428353,-0.6679312727921927,0.3381554674145794,-2.388653491124757
33.0,262.0,999.9854125976562,-0.5829092241329645,0.5938400562597561,4.052970043100826,-1.1689299670784257,-0.2098208585628489,0.8583913745644365,1.4536382003045911,-0.6679327064800109,0.3381604247301695,-2.3886479785911208
33.0,263.0,999.9854125976562,-0.5829080301043197,0.5938441512901438,4.052970804960252,-1.1689270072208364,-0.2098229107810407,0.8583898767830913,1.4536378131821293,-0.667931716988269,0.3381640396235665,-2.388644091190637
33.0,263.0,999.9854125976562,-0.582910921723645,0.5938468438107751,4.052966354518876,-1.1689291290153667,-0.2098202126618344,0.8583835048482102,1.453632280737395,-0.6679292895314459,0.3381567170107979,-2.38865287793681
33.0,263.0,999.9854736328124,-0.5829062029904666,0.593836395699153,4.05297521198278,-1.1689233558286762,-0.2098249695370118,0.858397728953082,1.4536373324926135,-0.6679363998723336,0.3381654810396544,-2.388640778647529
33.0,263.0,999.9854736328124,-0.5829091291420498,0.5938388910109431,4.052967150645566,-1.1689261358208451,-0.2098195689170978,0.8583933887557249,1.4536333021051293,-0.6679328121856791,0.3381615336939569,-2.3886469840640108
33.0,263.0,999.9854125976562,-0.5829077021455049,0.5938421964434575,4.052971850597512,-1.1689311000567084,-0.2098226586127021,0.8583871230336735,1.45364161511141,-0.6679292513426649,0.3381610531502401,-2.388646284542853
33.0,263.0,999.9854125976562,-0.582909926206022,0.5938419474242105,4.052971420175801,-1.168932870690222,-0.2098210720918212,0.8583868850100913,1.453638483856321,-0.6679319996604036,0.3381580283910708,-2.388651744867325
33.0,263.0,999.9854736328124,-0.5829093102984935,0.5938401568646867,4.052971847942793,-1.1689321136429394,-0.2098221931961754,0.8583863450100884,1.4536405622367097,-0.6679298442439077,0.3381580547510046,-2.3886512453787203
33.0,263.0,999.9854736328124,-0.5829102107186133,0.5938450663850912,4.052964011930246,-1.1689338308235508,-0.2098190051254942,0.8583842931100971,1.4536381434228964,-0.6679286246445066,0.3381533882382284,-2.388653436662032
33.0,263.0,999.9854125976562,-0.5829092924358914,0.593841125737729,4.0529671244572505,-1.1689300210327196,-0.2098199465649806,0.8583923780187774,1.4536351596033086,-0.6679319210208412,0.3381551813859733,-2.3886527196902003
33.0,263.0,999.9854125976562,-0.5829096201509207,0.5938454267090378,4.05296790881671,-1.168928026857381,-0.2098199477678166,0.8583878847484936,1.4536299579781904,-0.6679311170747155,0.3381597506681357,-2.388650344920144
33.0,263.0,999.9854125976562,-0.5829115196642194,0.5938448183503571,4.05296804846466,-1.1689363929749534,-0.2098177083492975,0.8583836386790686,1.453637655776726,-0.6679287530701323,0.3381553541021622,-2.3886563076135663
33.0,263.0,999.9854125976562,-0.582908210720384,0.5938390242467362,4.052972765647283,-1.168931862945758,-0.2098214532051461,0.8583910098607266,1.4536384786628522,-0.667932401101357,0.3381581515151532,-2.388651526432724
33.0,263.0,999.9854736328124,-0.5829071982660743,0.5938449731229305,4.052969306157664,-1.168923804645459,-0.2098230645946781,0.85838952677181,1.4536342832907012,-0.6679330212206605,0.3381650500633002,-2.388643845778672
33.0,263.0,999.9854736328124,-0.5829095726843958,0.5938407385559428,4.052971954665734,-1.1689341525171448,-0.209820247370847,0.8583868209768948,1.4536418738817725,-0.6679298274476588,0.3381583928375686,-2.388650999240728
33.0,263.0,999.9854125976562,-0.5829100751635394,0.5938476280285112,4.0529673532464745,-1.1689307375966438,-0.2098200484741292,0.8583837688255445,1.453634020763812,-0.667930186750664,0.3381546992962994,-2.3886517699105085
33.0,263.0,999.9854125976562,-0.5829100681240824,0.5938456765182334,4.052969274383969,-1.1689332759884987,-0.2098209617938327,0.8583825058052259,1.4536375603755474,-0.6679303053496808,0.338157951095801,-2.3886492853262418
33.0,263.0,999.9854736328124,-0.5829137736605352,0.5938444058658412,4.052969872509909,-1.1689348985154933,-0.2098161165663512,0.858386272324454,1.4536341886582802,-0.6679319963189352,0.3381573117470147,-2.3886544254390083
33.0,263.0,999.9854125976562,-0.5829098110707651,0.5938424344959188,4.052967700342922,-1.1689340197207023,-0.2098209492703437,0.8583875615235144,1.4536415851907076,-0.6679289928054075,0.3381543218562779,-2.3886531144276835
33.0,263.0,999.9854125976562,-0.5829095912944267,0.5938460000806911,4.052968302634829,-1.1689292857165583,-0.2098203361913579,0.8583858282352903,1.453633626359112,-0.6679317933515616,0.3381569036183371,-2.388649908606848
33.0,263.0,999.9854125976562,-0.5829083286359023,0.5938429914468362,4.052969750829666,-1.1689276088161824,-0.209821789504347,0.8583877389542769,1.453635512111461,-0.6679292388258498,0.338161579608176,-2.3886467668245155
33.0,263.0,999.9854736328124,-0.582908315466339,0.5938364726323808,4.052966911526594,-1.1689218542862916,-0.2098219623189905,0.8583980305806707,1.4536316359405728,-0.6679333976108337,0.3381608434691507,-2.388647879782237
33.0,263.0,999.9854125976562,-0.5829087331506964,0.5938436902926645,4.052969387091823,-1.1689274507897056,-0.2098199292101972,0.8583898443253428,1.4536331330359609,-0.6679329909130951,0.3381574499636564,-2.388652233254627
33.0,263.0,999.9854125976562,-0.582907726887834,0.5938431441529355,4.052967908674907,-1.168925345477649,-0.2098221326248337,0.8583891147660596,1.4536340246089008,-0.667931358047336,0.3381620073938247,-2.3886463715820616
33.0,263.0,999.9854125976562,-0.5829076798980068,0.5938404117607945,4.05297051304596,-1.1689275600606424,-0.209821713372114,0.8583913031801487,1.453635672254431,-0.6679319112536026,0.3381615227801768,-2.3886457164473
33.0,263.0,999.9854125976562,-0.5829093460172396,0.5938416178402219,4.052967900981471,-1.16892803086867,-0.2098216172350495,0.8583898148066798,1.4536348322165606,-0.6679315195619742,0.3381570621749787,-2.388653151886704
33.0,263.0,999.9854125976562,-0.5829111423812021,0.5938417281242927,4.052967273692527,-1.168937990894396,-0.2098188783213892,0.8583862980719843,1.4536387175801018,-0.6679299581983047,0.3381527562499551,-2.3886556633371887
33.0,263.0,999.9854125976562,-0.5829098067737242,0.5938418869161852,4.052969926076772,-1.168932962879614,-0.2098200096625611,0.8583881816774657,1.4536382420763443,-0.6679309183147435,0.3381584980015013,-2.3886515618888686
33.0,263.0,999.9854125976562,-0.5829103778848639,0.5938422112375878,4.052969555587008,-1.1689317202119307,-0.2098178053476322,0.8583889493228556,1.4536322108663455,-0.6679313620737739,0.33815856587628,-2.388654943244448
33.0,263.0,999.9854125976562,-0.5829118325315878,0.59384640490447,4.052967050494216,-1.1689325379039062,-0.2098197125543865,0.858382201093356,1.4536331260337922,-0.6679299508821508,0.3381551993224949,-2.3886558237539064
33.0,263.0,999.9854125976562,-0.582910623671121,0.5938468418117644,4.052966727923948,-1.1689308335329516,-0.2098195639844329,0.8583868100677208,1.4536382508312071,-0.6679286617520228,0.3381589475138593,-2.3886497070908383
33.0,263.0,999.9854736328124,-0.5829131705692623,0.5938446931100403,4.052967470625422,-1.168936521862003,-0.2098168929607489,0.8583832583827427,1.453636761022448,-0.6679289803960016,0.3381547199746206,-2.388654511016397
33.0,263.0,999.9854125976562,-0.5829118836340133,0.5938498672774228,4.052970448674158,-1.168936906297866,-0.2098198975170184,0.8583785078401176,1.45364085488022,-0.6679286995677023,0.3381564304744353,-2.388653206682445
33.0,263.0,999.9854125976562,-0.5829087949499652,0.593845034287007,4.052970508118444,-1.168928547894443,-0.2098224476814145,0.8583875328920989,1.4536368905675996,-0.6679312072480235,0.3381572322704009,-2.38865210320905
33.0,263.0,999.9854125976562,-0.5829084092747854,0.5938428240466642,4.0529676298032165,-1.1689301752317238,-0.2098215715815623,0.8583872038411187,1.4536343144652184,-0.667930122129043,0.3381575164245607,-2.388652078505048
33.0,263.0,999.9854125976562,-0.5829095859804241,0.5938406331269919,4.052968176709722,-1.168931503145088,-0.2098209076946222,0.8583892540233515,1.4536378364109872,-0.6679300194485567,0.3381580775888668,-2.388651822241826
33.0,263.0,999.9854125976562,-0.5829091460442974,0.5938427161815163,4.052967983914659,-1.168932720350056,-0.2098206485035323,0.8583868792050344,1.4536381128011753,-0.6679303655655904,0.3381568038581397,-2.3886493022307667
33.0,263.0,999.9854125976562,-0.5829102950702261,0.5938428858825704,4.052967843380422,-1.1689345573594268,-0.2098205921430471,0.8583856818133491,1.453640637527366,-0.6679287680216106,0.338155448232774,-2.3886515656416583
33.0,263.0,999.9854736328124,-0.5829132984414827,0.5938489709740846,4.052970789807306,-1.1689431320605124,-0.2098171771984027,0.8583788437065039,1.4536445838197327,-0.6679304958069672,0.3381497692766686,-2.3886588798555053
33.0,263.0,999.9854125976562,-0.5829060123603016,0.593836560380093,4.052975365620428,-1.1689241200480105,-0.2098240630418342,0.8583930784502982,1.4536335827633824,-0.667932516673071,0.3381671997029043,-2.3886453038692568
33.0,263.0,999.9854125976562,-0.5829130777597538,0.5938459034936212,4.05296736459896,-1.1689350907835565,-0.2098175064283491,0.8583867499397568,1.4536367382243451,-0.6679312578242138,0.3381519127861487,-2.388658390783621
33.0,263.0,999.9854125976562,-0.5829096502875846,0.5938480877049717,4.052969470781729,-1.1689296632689905,-0.2098215599325366,0.858383474204917,1.453637234407954,-0.6679297083303197,0.3381598485675932,-2.388647974585024
33.0,263.0,999.9854736328124,-0.5829101283680114,0.5938423363521537,4.052960540582697,-1.1689345906917756,-0.2098177857015342,0.858389327678375,1.4536407086056204,-0.6679272886357959,0.3381500429679462,-2.388652960588268
33.0,263.0,999.9854125976562,-0.5829095379166924,0.5938397726318092,4.052970797904784,-1.1689298783720163,-0.2098216385974236,0.8583895757878643,1.4536353100896786,-0.6679303409240527,0.3381610256267029,-2.3886518878919483
33.0,263.0,999.9854125976562,-0.5829102996672404,0.5938429846851196,4.052965962505466,-1.168929693179205,-0.2098191325018907,0.8583894703774142,1.4536324541820091,-0.6679318446519016,0.3381524100688811,-2.388655679076128
33.0,263.0,999.9854125976562,-0.582909041073064,0.5938445933394902,4.052968789229926,-1.1689255048636489,-0.2098215543503538,0.8583868715352221,1.4536343138395118,-0.6679296269553987,0.3381631023521461,-2.3886459364569825
33.0,263.0,999.9854125976562,-0.5829079981854441,0.5938425890157886,4.052973456056153,-1.1689276399711497,-0.2098214250319978,0.858391003394015,1.4536369956328965,-0.6679333548877482,0.3381645668113116,-2.388645873925591
33.0,263.0,999.9854125976562,-0.5829084140763445,0.5938444865442216,4.05297108878584,-1.1689329074348676,-0.2098213018969499,0.8583852301539547,1.4536410024667887,-0.6679290052054352,0.3381607125347718,-2.388648647023889
33.0,263.0,999.9854125976562,-0.5829074859759968,0.5938408413543153,4.052968638928359,-1.168925908185832,-0.2098230076696214,0.8583912672834142,1.453634993209235,-0.6679324347880335,0.3381608337132249,-2.38864655182546
33.0,263.0,999.9854125976562,-0.5829115473700694,0.5938460139440576,4.052964850885889,-1.1689304439558108,-0.2098181028479713,0.8583879471064835,1.4536323913428353,-0.6679312727921927,0.3381554674145794,-2.388653491124757
33.0,263.0,999.9854125976562,-0.5829092241329645,0.5938400562597561,4.052970043100826,-1.1689299670784257,-0.2098208585628489,0.8583913745644365,1.4536382003045911,-0.6679327064800109,0.3381604247301695,-2.3886479785911208
33.0,264.0,999.9854125976562,-0.5829080301043197,0.5938441512901438,4.052970804960252,-1.1689270072208364,-0.2098229107810407,0.8583898767830913,1.4536378131821293,-0.667931716988269,0.3381640396235665,-2.388644091190637
33.0,264.0,999.9854125976562,-0.582910921723645,0.5938468438107751,4.052966354518876,-1.1689291290153667,-0.2098202126618344,0.8583835048482102,1.453632280737395,-0.6679292895314459,0.3381567170107979,-2.38865287793681
33.0,264.0,999.9854736328124,-0.5829062029904666,0.593836395699153,4.05297521198278,-1.1689233558286762,-0.2098249695370118,0.858397728953082,1.4536373324926135,-0.6679363998723336,0.3381654810396544,-2.388640778647529
33.0,264.0,999.9854736328124,-0.5829091291420498,0.5938388910109431,4.052967150645566,-1.1689261358208451,-0.2098195689170978,0.8583933887557249,1.4536333021051293,-0.6679328121856791,0.3381615336939569,-2.3886469840640108
33.0,264.0,999.9854125976562,-0.5829077021455049,0.5938421964434575,4.052971850597512,-1.1689311000567084,-0.2098226586127021,0.8583871230336735,1.45364161511141,-0.6679292513426649,0.3381610531502401,-2.388646284542853
33.0,264.0,999.9854125976562,-0.582909926206022,0.5938419474242105,4.052971420175801,-1.168932870690222,-0.2098210720918212,0.8583868850100913,1.453638483856321,-0.6679319996604036,0.3381580283910708,-2.388651744867325
33.0,264.0,999.9854736328124,-0.5829093102984935,0.5938401568646867,4.052971847942793,-1.1689321136429394,-0.2098221931961754,0.8583863450100884,1.4536405622367097,-0.6679298442439077,0.3381580547510046,-2.3886512453787203
33.0,264.0,999.9854736328124,-0.5829102107186133,0.5938450663850912,4.052964011930246,-1.1689338308235508,-0.2098190051254942,0.8583842931100971,1.4536381434228964,-0.6679286246445066,0.3381533882382284,-2.388653436662032
33.0,264.0,999.9854125976562,-0.5829092924358914,0.593841125737729,4.0529671244572505,-1.1689300210327196,-0.2098199465649806,0.8583923780187774,1.4536351596033086,-0.6679319210208412,0.3381551813859733,-2.3886527196902003
33.0,264.0,999.9854125976562,-0.5829096201509207,0.5938454267090378,4.05296790881671,-1.168928026857381,-0.2098199477678166,0.8583878847484936,1.4536299579781904,-0.6679311170747155,0.3381597506681357,-2.388650344920144
33.0,264.0,999.9854125976562,-0.5829115196642194,0.5938448183503571,4.05296804846466,-1.1689363929749534,-0.2098177083492975,0.8583836386790686,1.453637655776726,-0.6679287530701323,0.3381553541021622,-2.3886563076135663
33.0,264.0,999.9854125976562,-0.582908210720384,0.5938390242467362,4.052972765647283,-1.168931862945758,-0.2098214532051461,0.8583910098607266,1.4536384786628522,-0.667932401101357,0.3381581515151532,-2.388651526432724
33.0,264.0,999.9854736328124,-0.5829071982660743,0.5938449731229305,4.052969306157664,-1.168923804645459,-0.2098230645946781,0.85838952677181,1.4536342832907012,-0.6679330212206605,0.3381650500633002,-2.388643845778672
33.0,264.0,999.9854736328124,-0.5829095726843958,0.5938407385559428,4.052971954665734,-1.1689341525171448,-0.209820247370847,0.8583868209768948,1.4536418738817725,-0.6679298274476588,0.3381583928375686,-2.388650999240728
33.0,264.0,999.9854125976562,-0.5829100751635394,0.5938476280285112,4.0529673532464745,-1.1689307375966438,-0.2098200484741292,0.8583837688255445,1.453634020763812,-0.667930186750664,0.3381546992962994,-2.3886517699105085
33.0,264.0,999.9854125976562,-0.5829100681240824,0.5938456765182334,4.052969274383969,-1.1689332759884987,-0.2098209617938327,0.8583825058052259,1.4536375603755474,-0.6679303053496808,0.338157951095801,-2.3886492853262418
33.0,264.0,999.9854736328124,-0.5829137736605352,0.5938444058658412,4.052969872509909,-1.1689348985154933,-0.2098161165663512,0.858386272324454,1.4536341886582802,-0.6679319963189352,0.3381573117470147,-2.3886544254390083
33.0,264.0,999.9854125976562,-0.5829098110707651,0.5938424344959188,4.052967700342922,-1.1689340197207023,-0.2098209492703437,0.8583875615235144,1.4536415851907076,-0.6679289928054075,0.3381543218562779,-2.3886531144276835
33.0,264.0,999.9854125976562,-0.5829095912944267,0.5938460000806911,4.052968302634829,-1.1689292857165583,-0.2098203361913579,0.8583858282352903,1.453633626359112,-0.6679317933515616,0.3381569036183371,-2.388649908606848
33.0,264.0,999.9854125976562,-0.5829083286359023,0.5938429914468362,4.052969750829666,-1.1689276088161824,-0.209821789504347,0.8583877389542769,1.453635512111461,-0.6679292388258498,0.338161579608176,-2.3886467668245155
33.0,264.0,999.9854736328124,-0.582908315466339,0.5938364726323808,4.052966911526594,-1.1689218542862916,-0.2098219623189905,0.8583980305806707,1.4536316359405728,-0.6679333976108337,0.3381608434691507,-2.388647879782237
33.0,264.0,999.9854125976562,-0.5829087331506964,0.5938436902926645,4.052969387091823,-1.1689274507897056,-0.2098199292101972,0.8583898443253428,1.4536331330359609,-0.6679329909130951,0.3381574499636564,-2.388652233254627
33.0,264.0,999.9854125976562,-0.582907726887834,0.5938431441529355,4.052967908674907,-1.168925345477649,-0.2098221326248337,0.8583891147660596,1.4536340246089008,-0.667931358047336,0.3381620073938247,-2.3886463715820616
33.0,264.0,999.9854125976562,-0.5829076798980068,0.5938404117607945,4.05297051304596,-1.1689275600606424,-0.209821713372114,0.8583913031801487,1.453635672254431,-0.6679319112536026,0.3381615227801768,-2.3886457164473
33.0,264.0,999.9854125976562,-0.5829093460172396,0.5938416178402219,4.052967900981471,-1.16892803086867,-0.2098216172350495,0.8583898148066798,1.4536348322165606,-0.6679315195619742,0.3381570621749787,-2.388653151886704
33.0,264.0,999.9854125976562,-0.5829111423812021,0.5938417281242927,4.052967273692527,-1.168937990894396,-0.2098188783213892,0.8583862980719843,1.4536387175801018,-0.6679299581983047,0.3381527562499551,-2.3886556633371887
33.0,264.0,999.9854125976562,-0.5829098067737242,0.5938418869161852,4.052969926076772,-1.168932962879614,-0.2098200096625611,0.8583881816774657,1.4536382420763443,-0.6679309183147435,0.3381584980015013,-2.3886515618888686
33.0,264.0,999.9854125976562,-0.5829103778848639,0.5938422112375878,4.052969555587008,-1.1689317202119307,-0.2098178053476322,0.8583889493228556,1.4536322108663455,-0.6679313620737739,0.33815856587628,-2.388654943244448
33.0,264.0,999.9854125976562,-0.5829118325315878,0.59384640490447,4.052967050494216,-1.1689325379039062,-0.2098197125543865,0.858382201093356,1.4536331260337922,-0.6679299508821508,0.3381551993224949,-2.3886558237539064
33.0,264.0,999.9854125976562,-0.582910623671121,0.5938468418117644,4.052966727923948,-1.1689308335329516,-0.2098195639844329,0.8583868100677208,1.4536382508312071,-0.6679286617520228,0.3381589475138593,-2.3886497070908383
33.0,264.0,999.9854736328124,-0.5829131705692623,0.5938446931100403,4.052967470625422,-1.168936521862003,-0.2098168929607489,0.8583832583827427,1.453636761022448,-0.6679289803960016,0.3381547199746206,-2.388654511016397
33.0,264.0,999.9854125976562,-0.5829118836340133,0.5938498672774228,4.052970448674158,-1.168936906297866,-0.2098198975170184,0.8583785078401176,1.45364085488022,-0.6679286995677023,0.3381564304744353,-2.388653206682445
33.0,264.0,999.9854125976562,-0.5829087949499652,0.593845034287007,4.052970508118444,-1.168928547894443,-0.2098224476814145,0.8583875328920989,1.4536368905675996,-0.6679312072480235,0.3381572322704009,-2.38865210320905
33.0,264.0,999.9854125976562,-0.5829084092747854,0.5938428240466642,4.0529676298032165,-1.1689301752317238,-0.2098215715815623,0.8583872038411187,1.4536343144652184,-0.667930122129043,0.3381575164245607,-2.388652078505048
33.0,264.0,999.9854125976562,-0.5829095859804241,0.5938406331269919,4.052968176709722,-1.168931503145088,-0.2098209076946222,0.8583892540233515,1.4536378364109872,-0.6679300194485567,0.3381580775888668,-2.388651822241826
33.0,264.0,999.9854125976562,-0.5829091460442974,0.5938427161815163,4.052967983914659,-1.168932720350056,-0.2098206485035323,0.8583868792050344,1.4536381128011753,-0.6679303655655904,0.3381568038581397,-2.3886493022307667
33.0,264.0,999.9854125976562,-0.5829102950702261,0.5938428858825704,4.052967843380422,-1.1689345573594268,-0.2098205921430471,0.8583856818133491,1.453640637527366,-0.6679287680216106,0.338155448232774,-2.3886515656416583
33.0,264.0,999.9854736328124,-0.5829132984414827,0.5938489709740846,4.052970789807306,-1.1689431320605124,-0.2098171771984027,0.8583788437065039,1.4536445838197327,-0.6679304958069672,0.3381497692766686,-2.3886588798555053
33.0,264.0,999.9854125976562,-0.5829060123603016,0.593836560380093,4.052975365620428,-1.1689241200480105,-0.2098240630418342,0.8583930784502982,1.4536335827633824,-0.667932516673071,0.3381671997029043,-2.3886453038692568
33.0,264.0,999.9854125976562,-0.5829130777597538,0.5938459034936212,4.05296736459896,-1.1689350907835565,-0.2098175064283491,0.8583867499397568,1.4536367382243451,-0.6679312578242138,0.3381519127861487,-2.388658390783621
33.0,264.0,999.9854125976562,-0.5829096502875846,0.5938480877049717,4.052969470781729,-1.1689296632689905,-0.2098215599325366,0.858383474204917,1.453637234407954,-0.6679297083303197,0.3381598485675932,-2.388647974585024
33.0,264.0,999.9854736328124,-0.5829101283680114,0.5938423363521537,4.052960540582697,-1.1689345906917756,-0.2098177857015342,0.858389327678375,1.4536407086056204,-0.6679272886357959,0.3381500429679462,-2.388652960588268
33.0,264.0,999.9854125976562,-0.5829095379166924,0.5938397726318092,4.052970797904784,-1.1689298783720163,-0.2098216385974236,0.8583895757878643,1.4536353100896786,-0.6679303409240527,0.3381610256267029,-2.3886518878919483
33.0,264.0,999.9854125976562,-0.5829102996672404,0.5938429846851196,4.052965962505466,-1.168929693179205,-0.2098191325018907,0.8583894703774142,1.4536324541820091,-0.6679318446519016,0.3381524100688811,-2.388655679076128
33.0,264.0,999.9854125976562,-0.582909041073064,0.5938445933394902,4.052968789229926,-1.1689255048636489,-0.2098215543503538,0.8583868715352221,1.4536343138395118,-0.6679296269553987,0.3381631023521461,-2.3886459364569825
33.0,264.0,999.9854125976562,-0.5829079981854441,0.5938425890157886,4.052973456056153,-1.1689276399711497,-0.2098214250319978,0.858391003394015,1.4536369956328965,-0.6679333548877482,0.3381645668113116,-2.388645873925591
33.0,264.0,999.9854125976562,-0.5829084140763445,0.5938444865442216,4.05297108878584,-1.1689329074348676,-0.2098213018969499,0.8583852301539547,1.4536410024667887,-0.6679290052054352,0.3381607125347718,-2.388648647023889
33.0,264.0,999.9854125976562,-0.5829074859759968,0.5938408413543153,4.052968638928359,-1.168925908185832,-0.2098230076696214,0.8583912672834142,1.453634993209235,-0.6679324347880335,0.3381608337132249,-2.38864655182546
33.0,264.0,999.9854125976562,-0.5829115473700694,0.5938460139440576,4.052964850885889,-1.1689304439558108,-0.2098181028479713,0.8583879471064835,1.4536323913428353,-0.6679312727921927,0.3381554674145794,-2.388653491124757
33.0,264.0,999.9854125976562,-0.5829092241329645,0.5938400562597561,4.052970043100826,-1.1689299670784257,-0.2098208585628489,0.8583913745644365,1.4536382003045911,-0.6679327064800109,0.3381604247301695,-2.3886479785911208
33.0,265.0,999.9854125976562,-0.5829080301043197,0.5938441512901438,4.052970804960252,-1.1689270072208364,-0.2098229107810407,0.8583898767830913,1.4536378131821293,-0.667931716988269,0.3381640396235665,-2.388644091190637
33.0,265.0,999.9854125976562,-0.582910921723645,0.5938468438107751,4.052966354518876,-1.1689291290153667,-0.2098202126618344,0.8583835048482102,1.453632280737395,-0.6679292895314459,0.3381567170107979,-2.38865287793681
33.0,265.0,999.9854736328124,-0.5829062029904666,0.593836395699153,4.05297521198278,-1.1689233558286762,-0.2098249695370118,0.858397728953082,1.4536373324926135,-0.6679363998723336,0.3381654810396544,-2.388640778647529
33.0,265.0,999.9854736328124,-0.5829091291420498,0.5938388910109431,4.052967150645566,-1.1689261358208451,-0.2098195689170978,0.8583933887557249,1.4536333021051293,-0.6679328121856791,0.3381615336939569,-2.3886469840640108
33.0,265.0,999.9854125976562,-0.5829077021455049,0.5938421964434575,4.052971850597512,-1.1689311000567084,-0.2098226586127021,0.8583871230336735,1.45364161511141,-0.6679292513426649,0.3381610531502401,-2.388646284542853
33.0,265.0,999.9854125976562,-0.582909926206022,0.5938419474242105,4.052971420175801,-1.168932870690222,-0.2098210720918212,0.8583868850100913,1.453638483856321,-0.6679319996604036,0.3381580283910708,-2.388651744867325
33.0,265.0,999.9854736328124,-0.5829093102984935,0.5938401568646867,4.052971847942793,-1.1689321136429394,-0.2098221931961754,0.8583863450100884,1.4536405622367097,-0.6679298442439077,0.3381580547510046,-2.3886512453787203
33.0,265.0,999.9854736328124,-0.5829102107186133,0.5938450663850912,4.052964011930246,-1.1689338308235508,-0.2098190051254942,0.8583842931100971,1.4536381434228964,-0.6679286246445066,0.3381533882382284,-2.388653436662032
33.0,265.0,999.9854125976562,-0.5829092924358914,0.593841125737729,4.0529671244572505,-1.1689300210327196,-0.2098199465649806,0.8583923780187774,1.4536351596033086,-0.6679319210208412,0.3381551813859733,-2.3886527196902003
33.0,265.0,999.9854125976562,-0.5829096201509207,0.5938454267090378,4.05296790881671,-1.168928026857381,-0.2098199477678166,0.8583878847484936,1.4536299579781904,-0.6679311170747155,0.3381597506681357,-2.388650344920144
33.0,265.0,999.9854125976562,-0.5829115196642194,0.5938448183503571,4.05296804846466,-1.1689363929749534,-0.2098177083492975,0.8583836386790686,1.453637655776726,-0.6679287530701323,0.3381553541021622,-2.3886563076135663
33.0,265.0,999.9854125976562,-0.582908210720384,0.5938390242467362,4.052972765647283,-1.168931862945758,-0.2098214532051461,0.8583910098607266,1.4536384786628522,-0.667932401101357,0.3381581515151532,-2.388651526432724
33.0,265.0,999.9854736328124,-0.5829071982660743,0.5938449731229305,4.052969306157664,-1.168923804645459,-0.2098230645946781,0.85838952677181,1.4536342832907012,-0.6679330212206605,0.3381650500633002,-2.388643845778672
33.0,265.0,999.9854736328124,-0.5829095726843958,0.5938407385559428,4.052971954665734,-1.1689341525171448,-0.209820247370847,0.8583868209768948,1.4536418738817725,-0.6679298274476588,0.3381583928375686,-2.388650999240728
33.0,265.0,999.9854125976562,-0.5829100751635394,0.5938476280285112,4.0529673532464745,-1.1689307375966438,-0.2098200484741292,0.8583837688255445,1.453634020763812,-0.667930186750664,0.3381546992962994,-2.3886517699105085
33.0,265.0,999.9854125976562,-0.5829100681240824,0.5938456765182334,4.052969274383969,-1.1689332759884987,-0.2098209617938327,0.8583825058052259,1.4536375603755474,-0.6679303053496808,0.338157951095801,-2.3886492853262418
33.0,265.0,999.9854736328124,-0.5829137736605352,0.5938444058658412,4.052969872509909,-1.1689348985154933,-0.2098161165663512,0.858386272324454,1.4536341886582802,-0.6679319963189352,0.3381573117470147,-2.3886544254390083
33.0,265.0,999.9854125976562,-0.5829098110707651,0.5938424344959188,4.052967700342922,-1.1689340197207023,-0.2098209492703437,0.8583875615235144,1.4536415851907076,-0.6679289928054075,0.3381543218562779,-2.3886531144276835
33.0,265.0,999.9854125976562,-0.5829095912944267,0.5938460000806911,4.052968302634829,-1.1689292857165583,-0.2098203361913579,0.8583858282352903,1.453633626359112,-0.6679317933515616,0.3381569036183371,-2.388649908606848
33.0,265.0,999.9854125976562,-0.5829083286359023,0.5938429914468362,4.052969750829666,-1.1689276088161824,-0.209821789504347,0.8583877389542769,1.453635512111461,-0.6679292388258498,0.338161579608176,-2.3886467668245155
33.0,265.0,999.9854736328124,-0.582908315466339,0.5938364726323808,4.052966911526594,-1.1689218542862916,-0.2098219623189905,0.8583980305806707,1.4536316359405728,-0.6679333976108337,0.3381608434691507,-2.388647879782237
33.0,265.0,999.9854125976562,-0.5829087331506964,0.5938436902926645,4.052969387091823,-1.1689274507897056,-0.2098199292101972,0.8583898443253428,1.4536331330359609,-0.6679329909130951,0.3381574499636564,-2.388652233254627
33.0,265.0,999.9854125976562,-0.582907726887834,0.5938431441529355,4.052967908674907,-1.168925345477649,-0.2098221326248337,0.8583891147660596,1.4536340246089008,-0.667931358047336,0.3381620073938247,-2.3886463715820616
33.0,265.0,999.9854125976562,-0.5829076798980068,0.5938404117607945,4.05297051304596,-1.1689275600606424,-0.209821713372114,0.8583913031801487,1.453635672254431,-0.6679319112536026,0.3381615227801768,-2.3886457164473
33.0,265.0,999.9854125976562,-0.5829093460172396,0.5938416178402219,4.052967900981471,-1.16892803086867,-0.2098216172350495,0.8583898148066798,1.4536348322165606,-0.6679315195619742,0.3381570621749787,-2.388653151886704
33.0,265.0,999.9854125976562,-0.5829111423812021,0.5938417281242927,4.052967273692527,-1.168937990894396,-0.2098188783213892,0.8583862980719843,1.4536387175801018,-0.6679299581983047,0.3381527562499551,-2.3886556633371887
33.0,265.0,999.9854125976562,-0.5829098067737242,0.5938418869161852,4.052969926076772,-1.168932962879614,-0.2098200096625611,0.8583881816774657,1.4536382420763443,-0.6679309183147435,0.3381584980015013,-2.3886515618888686
33.0,265.0,999.9854125976562,-0.5829103778848639,0.5938422112375878,4.052969555587008,-1.1689317202119307,-0.2098178053476322,0.8583889493228556,1.4536322108663455,-0.6679313620737739,0.33815856587628,-2.388654943244448
33.0,265.0,999.9854125976562,-0.5829118325315878,0.59384640490447,4.052967050494216,-1.1689325379039062,-0.2098197125543865,0.858382201093356,1.4536331260337922,-0.6679299508821508,0.3381551993224949,-2.3886558237539064
33.0,265.0,999.9854125976562,-0.582910623671121,0.5938468418117644,4.052966727923948,-1.1689308335329516,-0.2098195639844329,0.8583868100677208,1.4536382508312071,-0.6679286617520228,0.3381589475138593,-2.3886497070908383
33.0,265.0,999.9854736328124,-0.5829131705692623,0.5938446931100403,4.052967470625422,-1.168936521862003,-0.2098168929607489,0.8583832583827427,1.453636761022448,-0.6679289803960016,0.3381547199746206,-2.388654511016397
33.0,265.0,999.9854125976562,-0.5829118836340133,0.5938498672774228,4.052970448674158,-1.168936906297866,-0.2098198975170184,0.8583785078401176,1.45364085488022,-0.6679286995677023,0.3381564304744353,-2.388653206682445
33.0,265.0,999.9854125976562,-0.5829087949499652,0.593845034287007,4.052970508118444,-1.168928547894443,-0.2098224476814145,0.8583875328920989,1.4536368905675996,-0.6679312072480235,0.3381572322704009,-2.38865210320905
33.0,265.0,999.9854125976562,-0.5829084092747854,0.5938428240466642,4.0529676298032165,-1.1689301752317238,-0.2098215715815623,0.8583872038411187,1.4536343144652184,-0.667930122129043,0.3381575164245607,-2.388652078505048
33.0,265.0,999.9854125976562,-0.5829095859804241,0.5938406331269919,4.052968176709722,-1.168931503145088,-0.2098209076946222,0.8583892540233515,1.4536378364109872,-0.6679300194485567,0.3381580775888668,-2.388651822241826
33.0,265.0,999.9854125976562,-0.5829091460442974,0.5938427161815163,4.052967983914659,-1.168932720350056,-0.2098206485035323,0.8583868792050344,1.4536381128011753,-0.6679303655655904,0.3381568038581397,-2.3886493022307667
33.0,265.0,999.9854125976562,-0.5829102950702261,0.5938428858825704,4.052967843380422,-1.1689345573594268,-0.2098205921430471,0.8583856818133491,1.453640637527366,-0.6679287680216106,0.338155448232774,-2.3886515656416583
33.0,265.0,999.9854736328124,-0.5829132984414827,0.5938489709740846,4.052970789807306,-1.1689431320605124,-0.2098171771984027,0.8583788437065039,1.4536445838197327,-0.6679304958069672,0.3381497692766686,-2.3886588798555053
33.0,265.0,999.9854125976562,-0.5829060123603016,0.593836560380093,4.052975365620428,-1.1689241200480105,-0.2098240630418342,0.8583930784502982,1.4536335827633824,-0.667932516673071,0.3381671997029043,-2.3886453038692568
33.0,265.0,999.9854125976562,-0.5829130777597538,0.5938459034936212,4.05296736459896,-1.1689350907835565,-0.2098175064283491,0.8583867499397568,1.4536367382243451,-0.6679312578242138,0.3381519127861487,-2.388658390783621
33.0,265.0,999.9854125976562,-0.5829096502875846,0.5938480877049717,4.052969470781729,-1.1689296632689905,-0.2098215599325366,0.858383474204917,1.453637234407954,-0.6679297083303197,0.3381598485675932,-2.388647974585024
33.0,265.0,999.9854736328124,-0.5829101283680114,0.5938423363521537,4.052960540582697,-1.1689345906917756,-0.2098177857015342,0.858389327678375,1.4536407086056204,-0.6679272886357959,0.3381500429679462,-2.388652960588268
33.0,265.0,999.9854125976562,-0.5829095379166924,0.5938397726318092,4.052970797904784,-1.1689298783720163,-0.2098216385974236,0.8583895757878643,1.4536353100896786,-0.6679303409240527,0.3381610256267029,-2.3886518878919483
33.0,265.0,999.9854125976562,-0.5829102996672404,0.5938429846851196,4.052965962505466,-1.168929693179205,-0.2098191325018907,0.8583894703774142,1.4536324541820091,-0.6679318446519016,0.3381524100688811,-2.388655679076128
33.0,265.0,999.9854125976562,-0.582909041073064,0.5938445933394902,4.052968789229926,-1.1689255048636489,-0.2098215543503538,0.8583868715352221,1.4536343138395118,-0.6679296269553987,0.3381631023521461,-2.3886459364569825
33.0,265.0,999.9854125976562,-0.5829079981854441,0.5938425890157886,4.052973456056153,-1.1689276399711497,-0.2098214250319978,0.858391003394015,1.4536369956328965,-0.6679333548877482,0.3381645668113116,-2.388645873925591
33.0,265.0,999.9854125976562,-0.5829084140763445,0.5938444865442216,4.05297108878584,-1.1689329074348676,-0.2098213018969499,0.8583852301539547,1.4536410024667887,-0.6679290052054352,0.3381607125347718,-2.388648647023889
33.0,265.0,999.9854125976562,-0.5829074859759968,0.5938408413543153,4.052968638928359,-1.168925908185832,-0.2098230076696214,0.8583912672834142,1.453634993209235,-0.6679324347880335,0.3381608337132249,-2.38864655182546
33.0,265.0,999.9854125976562,-0.5829115473700694,0.5938460139440576,4.052964850885889,-1.1689304439558108,-0.2098181028479713,0.8583879471064835,1.4536323913428353,-0.6679312727921927,0.3381554674145794,-2.388653491124757
33.0,265.0,999.9854125976562,-0.5829092241329645,0.5938400562597561,4.052970043100826,-1.1689299670784257,-0.2098208585628489,0.8583913745644365,1.4536382003045911,-0.6679327064800109,0.3381604247301695,-2.3886479785911208
33.0,266.0,999.9854125976562,-0.5829080301043197,0.5938441512901438,4.052970804960252,-1.1689270072208364,-0.2098229107810407,0.8583898767830913,1.4536378131821293,-0.667931716988269,0.3381640396235665,-2.388644091190637
33.0,266.0,999.9854125976562,-0.582910921723645,0.5938468438107751,4.052966354518876,-1.1689291290153667,-0.2098202126618344,0.8583835048482102,1.453632280737395,-0.6679292895314459,0.3381567170107979,-2.38865287793681
33.0,266.0,999.9854736328124,-0.5829062029904666,0.593836395699153,4.05297521198278,-1.1689233558286762,-0.2098249695370118,0.858397728953082,1.4536373324926135,-0.6679363998723336,0.3381654810396544,-2.388640778647529
33.0,266.0,999.9854736328124,-0.5829091291420498,0.5938388910109431,4.052967150645566,-1.1689261358208451,-0.2098195689170978,0.8583933887557249,1.4536333021051293,-0.6679328121856791,0.3381615336939569,-2.3886469840640108
33.0,266.0,999.9854125976562,-0.5829077021455049,0.5938421964434575,4.052971850597512,-1.1689311000567084,-0.2098226586127021,0.8583871230336735,1.45364161511141,-0.6679292513426649,0.3381610531502401,-2.388646284542853
33.0,266.0,999.9854125976562,-0.582909926206022,0.5938419474242105,4.052971420175801,-1.168932870690222,-0.2098210720918212,0.8583868850100913,1.453638483856321,-0.6679319996604036,0.3381580283910708,-2.388651744867325
33.0,266.0,999.9854736328124,-0.5829093102984935,0.5938401568646867,4.052971847942793,-1.1689321136429394,-0.2098221931961754,0.8583863450100884,1.4536405622367097,-0.6679298442439077,0.3381580547510046,-2.3886512453787203
33.0,266.0,999.9854736328124,-0.5829102107186133,0.5938450663850912,4.052964011930246,-1.1689338308235508,-0.2098190051254942,0.8583842931100971,1.4536381434228964,-0.6679286246445066,0.3381533882382284,-2.388653436662032
33.0,266.0,999.9854125976562,-0.5829092924358914,0.593841125737729,4.0529671244572505,-1.1689300210327196,-0.2098199465649806,0.8583923780187774,1.4536351596033086,-0.6679319210208412,0.3381551813859733,-2.3886527196902003
33.0,266.0,999.9854125976562,-0.5829096201509207,0.5938454267090378,4.05296790881671,-1.168928026857381,-0.2098199477678166,0.8583878847484936,1.4536299579781904,-0.6679311170747155,0.3381597506681357,-2.388650344920144
33.0,266.0,999.9854125976562,-0.5829115196642194,0.5938448183503571,4.05296804846466,-1.1689363929749534,-0.2098177083492975,0.8583836386790686,1.453637655776726,-0.6679287530701323,0.3381553541021622,-2.3886563076135663
33.0,266.0,999.9854125976562,-0.582908210720384,0.5938390242467362,4.052972765647283,-1.168931862945758,-0.2098214532051461,0.8583910098607266,1.4536384786628522,-0.667932401101357,0.3381581515151532,-2.388651526432724
33.0,266.0,999.9854736328124,-0.5829071982660743,0.5938449731229305,4.052969306157664,-1.168923804645459,-0.2098230645946781,0.85838952677181,1.4536342832907012,-0.6679330212206605,0.3381650500633002,-2.388643845778672
33.0,266.0,999.9854736328124,-0.5829095726843958,0.5938407385559428,4.052971954665734,-1.1689341525171448,-0.209820247370847,0.8583868209768948,1.4536418738817725,-0.6679298274476588,0.3381583928375686,-2.388650999240728
33.0,266.0,999.9854125976562,-0.5829100751635394,0.5938476280285112,4.0529673532464745,-1.1689307375966438,-0.2098200484741292,0.8583837688255445,1.453634020763812,-0.667930186750664,0.3381546992962994,-2.3886517699105085
33.0,266.0,999.9854125976562,-0.5829100681240824,0.5938456765182334,4.052969274383969,-1.1689332759884987,-0.2098209617938327,0.8583825058052259,1.4536375603755474,-0.6679303053496808,0.338157951095801,-2.3886492853262418
33.0,266.0,999.9854736328124,-0.5829137736605352,0.5938444058658412,4.052969872509909,-1.1689348985154933,-0.2098161165663512,0.858386272324454,1.4536341886582802,-0.6679319963189352,0.3381573117470147,-2.3886544254390083
33.0,266.0,999.9854125976562,-0.5829098110707651,0.5938424344959188,4.052967700342922,-1.1689340197207023,-0.2098209492703437,0.8583875615235144,1.4536415851907076,-0.6679289928054075,0.3381543218562779,-2.3886531144276835
33.0,266.0,999.9854125976562,-0.5829095912944267,0.5938460000806911,4.052968302634829,-1.1689292857165583,-0.2098203361913579,0.8583858282352903,1.453633626359112,-0.6679317933515616,0.3381569036183371,-2.388649908606848
33.0,266.0,999.9854125976562,-0.5829083286359023,0.5938429914468362,4.052969750829666,-1.1689276088161824,-0.209821789504347,0.8583877389542769,1.453635512111461,-0.6679292388258498,0.338161579608176,-2.3886467668245155
33.0,266.0,999.9854736328124,-0.582908315466339,0.5938364726323808,4.052966911526594,-1.1689218542862916,-0.2098219623189905,0.8583980305806707,1.4536316359405728,-0.6679333976108337,0.3381608434691507,-2.388647879782237
33.0,266.0,999.9854125976562,-0.5829087331506964,0.5938436902926645,4.052969387091823,-1.1689274507897056,-0.2098199292101972,0.8583898443253428,1.4536331330359609,-0.6679329909130951,0.3381574499636564,-2.388652233254627
33.0,266.0,999.9854125976562,-0.582907726887834,0.5938431441529355,4.052967908674907,-1.168925345477649,-0.2098221326248337,0.8583891147660596,1.4536340246089008,-0.667931358047336,0.3381620073938247,-2.3886463715820616
33.0,266.0,999.9854125976562,-0.5829076798980068,0.5938404117607945,4.05297051304596,-1.1689275600606424,-0.209821713372114,0.8583913031801487,1.453635672254431,-0.6679319112536026,0.3381615227801768,-2.3886457164473
33.0,266.0,999.9854125976562,-0.5829093460172396,0.5938416178402219,4.052967900981471,-1.16892803086867,-0.2098216172350495,0.8583898148066798,1.4536348322165606,-0.6679315195619742,0.3381570621749787,-2.388653151886704
33.0,266.0,999.9854125976562,-0.5829111423812021,0.5938417281242927,4.052967273692527,-1.168937990894396,-0.2098188783213892,0.8583862980719843,1.4536387175801018,-0.6679299581983047,0.3381527562499551,-2.3886556633371887
33.0,266.0,999.9854125976562,-0.5829098067737242,0.5938418869161852,4.052969926076772,-1.168932962879614,-0.2098200096625611,0.8583881816774657,1.4536382420763443,-0.6679309183147435,0.3381584980015013,-2.3886515618888686
33.0,266.0,999.9854125976562,-0.5829103778848639,0.5938422112375878,4.052969555587008,-1.1689317202119307,-0.2098178053476322,0.8583889493228556,1.4536322108663455,-0.6679313620737739,0.33815856587628,-2.388654943244448
33.0,266.0,999.9854125976562,-0.5829118325315878,0.59384640490447,4.052967050494216,-1.1689325379039062,-0.2098197125543865,0.858382201093356,1.4536331260337922,-0.6679299508821508,0.3381551993224949,-2.3886558237539064
33.0,266.0,999.9854125976562,-0.582910623671121,0.5938468418117644,4.052966727923948,-1.1689308335329516,-0.2098195639844329,0.8583868100677208,1.4536382508312071,-0.6679286617520228,0.3381589475138593,-2.3886497070908383
33.0,266.0,999.9854736328124,-0.5829131705692623,0.5938446931100403,4.052967470625422,-1.168936521862003,-0.2098168929607489,0.8583832583827427,1.453636761022448,-0.6679289803960016,0.3381547199746206,-2.388654511016397
33.0,266.0,999.9854125976562,-0.5829118836340133,0.5938498672774228,4.052970448674158,-1.168936906297866,-0.2098198975170184,0.8583785078401176,1.45364085488022,-0.6679286995677023,0.3381564304744353,-2.388653206682445
33.0,266.0,999.9854125976562,-0.5829087949499652,0.593845034287007,4.052970508118444,-1.168928547894443,-0.2098224476814145,0.8583875328920989,1.4536368905675996,-0.6679312072480235,0.3381572322704009,-2.38865210320905
33.0,266.0,999.9854125976562,-0.5829084092747854,0.5938428240466642,4.0529676298032165,-1.1689301752317238,-0.2098215715815623,0.8583872038411187,1.4536343144652184,-0.667930122129043,0.3381575164245607,-2.388652078505048
33.0,266.0,999.9854125976562,-0.5829095859804241,0.5938406331269919,4.052968176709722,-1.168931503145088,-0.2098209076946222,0.8583892540233515,1.4536378364109872,-0.6679300194485567,0.3381580775888668,-2.388651822241826
33.0,266.0,999.9854125976562,-0.5829091460442974,0.5938427161815163,4.052967983914659,-1.168932720350056,-0.2098206485035323,0.8583868792050344,1.4536381128011753,-0.6679303655655904,0.3381568038581397,-2.3886493022307667
33.0,266.0,999.9854125976562,-0.5829102950702261,0.5938428858825704,4.052967843380422,-1.1689345573594268,-0.2098205921430471,0.8583856818133491,1.453640637527366,-0.6679287680216106,0.338155448232774,-2.3886515656416583
33.0,266.0,999.9854736328124,-0.5829132984414827,0.5938489709740846,4.052970789807306,-1.1689431320605124,-0.2098171771984027,0.8583788437065039,1.4536445838197327,-0.6679304958069672,0.3381497692766686,-2.3886588798555053
33.0,266.0,999.9854125976562,-0.5829060123603016,0.593836560380093,4.052975365620428,-1.1689241200480105,-0.2098240630418342,0.8583930784502982,1.4536335827633824,-0.667932516673071,0.3381671997029043,-2.3886453038692568
33.0,266.0,999.9854125976562,-0.5829130777597538,0.5938459034936212,4.05296736459896,-1.1689350907835565,-0.2098175064283491,0.8583867499397568,1.4536367382243451,-0.6679312578242138,0.3381519127861487,-2.388658390783621
33.0,266.0,999.9854125976562,-0.5829096502875846,0.5938480877049717,4.052969470781729,-1.1689296632689905,-0.2098215599325366,0.858383474204917,1.453637234407954,-0.6679297083303197,0.3381598485675932,-2.388647974585024
33.0,266.0,999.9854736328124,-0.5829101283680114,0.5938423363521537,4.052960540582697,-1.1689345906917756,-0.2098177857015342,0.858389327678375,1.4536407086056204,-0.6679272886357959,0.3381500429679462,-2.388652960588268
33.0,266.0,999.9854125976562,-0.5829095379166924,0.5938397726318092,4.052970797904784,-1.1689298783720163,-0.2098216385974236,0.8583895757878643,1.4536353100896786,-0.6679303409240527,0.3381610256267029,-2.3886518878919483
33.0,266.0,999.9854125976562,-0.5829102996672404,0.5938429846851196,4.052965962505466,-1.168929693179205,-0.2098191325018907,0.8583894703774142,1.4536324541820091,-0.6679318446519016,0.3381524100688811,-2.388655679076128
33.0,266.0,999.9854125976562,-0.582909041073064,0.5938445933394902,4.052968789229926,-1.1689255048636489,-0.2098215543503538,0.8583868715352221,1.4536343138395118,-0.6679296269553987,0.3381631023521461,-2.3886459364569825
33.0,266.0,999.9854125976562,-0.5829079981854441,0.5938425890157886,4.052973456056153,-1.1689276399711497,-0.2098214250319978,0.858391003394015,1.4536369956328965,-0.6679333548877482,0.3381645668113116,-2.388645873925591
33.0,266.0,999.9854125976562,-0.5829084140763445,0.5938444865442216,4.05297108878584,-1.1689329074348676,-0.2098213018969499,0.8583852301539547,1.4536410024667887,-0.6679290052054352,0.3381607125347718,-2.388648647023889
33.0,266.0,999.9854125976562,-0.5829074859759968,0.5938408413543153,4.052968638928359,-1.168925908185832,-0.2098230076696214,0.8583912672834142,1.453634993209235,-0.6679324347880335,0.3381608337132249,-2.38864655182546
33.0,266.0,999.9854125976562,-0.5829115473700694,0.5938460139440576,4.052964850885889,-1.1689304439558108,-0.2098181028479713,0.8583879471064835,1.4536323913428353,-0.6679312727921927,0.3381554674145794,-2.388653491124757
33.0,266.0,999.9854125976562,-0.5829092241329645,0.5938400562597561,4.052970043100826,-1.1689299670784257,-0.2098208585628489,0.8583913745644365,1.4536382003045911,-0.6679327064800109,0.3381604247301695,-2.3886479785911208
33.0,267.0,999.9854125976562,-0.5829080301043197,0.5938441512901438,4.052970804960252,-1.1689270072208364,-0.2098229107810407,0.8583898767830913,1.4536378131821293,-0.667931716988269,0.3381640396235665,-2.388644091190637
33.0,267.0,999.9854125976562,-0.582910921723645,0.5938468438107751,4.052966354518876,-1.1689291290153667,-0.2098202126618344,0.8583835048482102,1.453632280737395,-0.6679292895314459,0.3381567170107979,-2.38865287793681
33.0,267.0,999.9854736328124,-0.5829062029904666,0.593836395699153,4.05297521198278,-1.1689233558286762,-0.2098249695370118,0.858397728953082,1.4536373324926135,-0.6679363998723336,0.3381654810396544,-2.388640778647529
33.0,267.0,999.9854736328124,-0.5829091291420498,0.5938388910109431,4.052967150645566,-1.1689261358208451,-0.2098195689170978,0.8583933887557249,1.4536333021051293,-0.6679328121856791,0.3381615336939569,-2.3886469840640108
33.0,267.0,999.9854125976562,-0.5829077021455049,0.5938421964434575,4.052971850597512,-1.1689311000567084,-0.2098226586127021,0.8583871230336735,1.45364161511141,-0.6679292513426649,0.3381610531502401,-2.388646284542853
33.0,267.0,999.9854125976562,-0.582909926206022,0.5938419474242105,4.052971420175801,-1.168932870690222,-0.2098210720918212,0.8583868850100913,1.453638483856321,-0.6679319996604036,0.3381580283910708,-2.388651744867325
33.0,267.0,999.9854736328124,-0.5829093102984935,0.5938401568646867,4.052971847942793,-1.1689321136429394,-0.2098221931961754,0.8583863450100884,1.4536405622367097,-0.6679298442439077,0.3381580547510046,-2.3886512453787203
33.0,267.0,999.9854736328124,-0.5829102107186133,0.5938450663850912,4.052964011930246,-1.1689338308235508,-0.2098190051254942,0.8583842931100971,1.4536381434228964,-0.6679286246445066,0.3381533882382284,-2.388653436662032
33.0,267.0,999.9854125976562,-0.5829092924358914,0.593841125737729,4.0529671244572505,-1.1689300210327196,-0.2098199465649806,0.8583923780187774,1.4536351596033086,-0.6679319210208412,0.3381551813859733,-2.3886527196902003
33.0,267.0,999.9854125976562,-0.5829096201509207,0.5938454267090378,4.05296790881671,-1.168928026857381,-0.2098199477678166,0.8583878847484936,1.4536299579781904,-0.6679311170747155,0.3381597506681357,-2.388650344920144
33.0,267.0,999.9854125976562,-0.5829115196642194,0.5938448183503571,4.05296804846466,-1.1689363929749534,-0.2098177083492975,0.8583836386790686,1.453637655776726,-0.6679287530701323,0.3381553541021622,-2.3886563076135663
33.0,267.0,999.9854125976562,-0.582908210720384,0.5938390242467362,4.052972765647283,-1.168931862945758,-0.2098214532051461,0.8583910098607266,1.4536384786628522,-0.667932401101357,0.3381581515151532,-2.388651526432724
33.0,267.0,999.9854736328124,-0.5829071982660743,0.5938449731229305,4.052969306157664,-1.168923804645459,-0.2098230645946781,0.85838952677181,1.4536342832907012,-0.6679330212206605,0.3381650500633002,-2.388643845778672
33.0,267.0,999.9854736328124,-0.5829095726843958,0.5938407385559428,4.052971954665734,-1.1689341525171448,-0.209820247370847,0.8583868209768948,1.4536418738817725,-0.6679298274476588,0.3381583928375686,-2.388650999240728
33.0,267.0,999.9854125976562,-0.5829100751635394,0.5938476280285112,4.0529673532464745,-1.1689307375966438,-0.2098200484741292,0.8583837688255445,1.453634020763812,-0.667930186750664,0.3381546992962994,-2.3886517699105085
33.0,267.0,999.9854125976562,-0.5829100681240824,0.5938456765182334,4.052969274383969,-1.1689332759884987,-0.2098209617938327,0.8583825058052259,1.4536375603755474,-0.6679303053496808,0.338157951095801,-2.3886492853262418
33.0,267.0,999.9854736328124,-0.5829137736605352,0.5938444058658412,4.052969872509909,-1.1689348985154933,-0.2098161165663512,0.858386272324454,1.4536341886582802,-0.6679319963189352,0.3381573117470147,-2.3886544254390083
33.0,267.0,999.9854125976562,-0.5829098110707651,0.5938424344959188,4.052967700342922,-1.1689340197207023,-0.2098209492703437,0.8583875615235144,1.4536415851907076,-0.6679289928054075,0.3381543218562779,-2.3886531144276835
33.0,267.0,999.9854125976562,-0.5829095912944267,0.5938460000806911,4.052968302634829,-1.1689292857165583,-0.2098203361913579,0.8583858282352903,1.453633626359112,-0.6679317933515616,0.3381569036183371,-2.388649908606848
33.0,267.0,999.9854125976562,-0.5829083286359023,0.5938429914468362,4.052969750829666,-1.1689276088161824,-0.209821789504347,0.8583877389542769,1.453635512111461,-0.6679292388258498,0.338161579608176,-2.3886467668245155
33.0,267.0,999.9854736328124,-0.582908315466339,0.5938364726323808,4.052966911526594,-1.1689218542862916,-0.2098219623189905,0.8583980305806707,1.4536316359405728,-0.6679333976108337,0.3381608434691507,-2.388647879782237
33.0,267.0,999.9854125976562,-0.5829087331506964,0.5938436902926645,4.052969387091823,-1.1689274507897056,-0.2098199292101972,0.8583898443253428,1.4536331330359609,-0.6679329909130951,0.3381574499636564,-2.388652233254627
33.0,267.0,999.9854125976562,-0.582907726887834,0.5938431441529355,4.052967908674907,-1.168925345477649,-0.2098221326248337,0.8583891147660596,1.4536340246089008,-0.667931358047336,0.3381620073938247,-2.3886463715820616
33.0,267.0,999.9854125976562,-0.5829076798980068,0.5938404117607945,4.05297051304596,-1.1689275600606424,-0.209821713372114,0.8583913031801487,1.453635672254431,-0.6679319112536026,0.3381615227801768,-2.3886457164473
33.0,267.0,999.9854125976562,-0.5829093460172396,0.5938416178402219,4.052967900981471,-1.16892803086867,-0.2098216172350495,0.8583898148066798,1.4536348322165606,-0.6679315195619742,0.3381570621749787,-2.388653151886704
33.0,267.0,999.9854125976562,-0.5829111423812021,0.5938417281242927,4.052967273692527,-1.168937990894396,-0.2098188783213892,0.8583862980719843,1.4536387175801018,-0.6679299581983047,0.3381527562499551,-2.3886556633371887
33.0,267.0,999.9854125976562,-0.5829098067737242,0.5938418869161852,4.052969926076772,-1.168932962879614,-0.2098200096625611,0.8583881816774657,1.4536382420763443,-0.6679309183147435,0.3381584980015013,-2.3886515618888686
33.0,267.0,999.9854125976562,-0.5829103778848639,0.5938422112375878,4.052969555587008,-1.1689317202119307,-0.2098178053476322,0.8583889493228556,1.4536322108663455,-0.6679313620737739,0.33815856587628,-2.388654943244448
33.0,267.0,999.9854125976562,-0.5829118325315878,0.59384640490447,4.052967050494216,-1.1689325379039062,-0.2098197125543865,0.858382201093356,1.4536331260337922,-0.6679299508821508,0.3381551993224949,-2.3886558237539064
33.0,267.0,999.9854125976562,-0.582910623671121,0.5938468418117644,4.052966727923948,-1.1689308335329516,-0.2098195639844329,0.8583868100677208,1.4536382508312071,-0.6679286617520228,0.3381589475138593,-2.3886497070908383
33.0,267.0,999.9854736328124,-0.5829131705692623,0.5938446931100403,4.052967470625422,-1.168936521862003,-0.2098168929607489,0.8583832583827427,1.453636761022448,-0.6679289803960016,0.3381547199746206,-2.388654511016397
33.0,267.0,999.9854125976562,-0.5829118836340133,0.5938498672774228,4.052970448674158,-1.168936906297866,-0.2098198975170184,0.8583785078401176,1.45364085488022,-0.6679286995677023,0.3381564304744353,-2.388653206682445
33.0,267.0,999.9854125976562,-0.5829087949499652,0.593845034287007,4.052970508118444,-1.168928547894443,-0.2098224476814145,0.8583875328920989,1.4536368905675996,-0.6679312072480235,0.3381572322704009,-2.38865210320905
33.0,267.0,999.9854125976562,-0.5829084092747854,0.5938428240466642,4.0529676298032165,-1.1689301752317238,-0.2098215715815623,0.8583872038411187,1.4536343144652184,-0.667930122129043,0.3381575164245607,-2.388652078505048
33.0,267.0,999.9854125976562,-0.5829095859804241,0.5938406331269919,4.052968176709722,-1.168931503145088,-0.2098209076946222,0.8583892540233515,1.4536378364109872,-0.6679300194485567,0.3381580775888668,-2.388651822241826
33.0,267.0,999.9854125976562,-0.5829091460442974,0.5938427161815163,4.052967983914659,-1.168932720350056,-0.2098206485035323,0.8583868792050344,1.4536381128011753,-0.6679303655655904,0.3381568038581397,-2.3886493022307667
33.0,267.0,999.9854125976562,-0.5829102950702261,0.5938428858825704,4.052967843380422,-1.1689345573594268,-0.2098205921430471,0.8583856818133491,1.453640637527366,-0.6679287680216106,0.338155448232774,-2.3886515656416583
33.0,267.0,999.9854736328124,-0.5829132984414827,0.5938489709740846,4.052970789807306,-1.1689431320605124,-0.2098171771984027,0.8583788437065039,1.4536445838197327,-0.6679304958069672,0.3381497692766686,-2.3886588798555053
33.0,267.0,999.9854125976562,-0.5829060123603016,0.593836560380093,4.052975365620428,-1.1689241200480105,-0.2098240630418342,0.8583930784502982,1.4536335827633824,-0.667932516673071,0.3381671997029043,-2.3886453038692568
33.0,267.0,999.9854125976562,-0.5829130777597538,0.5938459034936212,4.05296736459896,-1.1689350907835565,-0.2098175064283491,0.8583867499397568,1.4536367382243451,-0.6679312578242138,0.3381519127861487,-2.388658390783621
33.0,267.0,999.9854125976562,-0.5829096502875846,0.5938480877049717,4.052969470781729,-1.1689296632689905,-0.2098215599325366,0.858383474204917,1.453637234407954,-0.6679297083303197,0.3381598485675932,-2.388647974585024
33.0,267.0,999.9854736328124,-0.5829101283680114,0.5938423363521537,4.052960540582697,-1.1689345906917756,-0.2098177857015342,0.858389327678375,1.4536407086056204,-0.6679272886357959,0.3381500429679462,-2.388652960588268
33.0,267.0,999.9854125976562,-0.5829095379166924,0.5938397726318092,4.052970797904784,-1.1689298783720163,-0.2098216385974236,0.8583895757878643,1.4536353100896786,-0.6679303409240527,0.3381610256267029,-2.3886518878919483
33.0,267.0,999.9854125976562,-0.5829102996672404,0.5938429846851196,4.052965962505466,-1.168929693179205,-0.2098191325018907,0.8583894703774142,1.4536324541820091,-0.6679318446519016,0.3381524100688811,-2.388655679076128
33.0,267.0,999.9854125976562,-0.582909041073064,0.5938445933394902,4.052968789229926,-1.1689255048636489,-0.2098215543503538,0.8583868715352221,1.4536343138395118,-0.6679296269553987,0.3381631023521461,-2.3886459364569825
33.0,267.0,999.9854125976562,-0.5829079981854441,0.5938425890157886,4.052973456056153,-1.1689276399711497,-0.2098214250319978,0.858391003394015,1.4536369956328965,-0.6679333548877482,0.3381645668113116,-2.388645873925591
33.0,267.0,999.9854125976562,-0.5829084140763445,0.5938444865442216,4.05297108878584,-1.1689329074348676,-0.2098213018969499,0.8583852301539547,1.4536410024667887,-0.6679290052054352,0.3381607125347718,-2.388648647023889
33.0,267.0,999.9854125976562,-0.5829074859759968,0.5938408413543153,4.052968638928359,-1.168925908185832,-0.2098230076696214,0.8583912672834142,1.453634993209235,-0.6679324347880335,0.3381608337132249,-2.38864655182546
33.0,267.0,999.9854125976562,-0.5829115473700694,0.5938460139440576,4.052964850885889,-1.1689304439558108,-0.2098181028479713,0.8583879471064835,1.4536323913428353,-0.6679312727921927,0.3381554674145794,-2.388653491124757
33.0,267.0,999.9854125976562,-0.5829092241329645,0.5938400562597561,4.052970043100826,-1.1689299670784257,-0.2098208585628489,0.8583913745644365,1.4536382003045911,-0.6679327064800109,0.3381604247301695,-2.3886479785911208
33.0,268.0,999.9854125976562,-0.5829080301043197,0.5938441512901438,4.052970804960252,-1.1689270072208364,-0.2098229107810407,0.8583898767830913,1.4536378131821293,-0.667931716988269,0.3381640396235665,-2.388644091190637
33.0,268.0,999.9854125976562,-0.582910921723645,0.5938468438107751,4.052966354518876,-1.1689291290153667,-0.2098202126618344,0.8583835048482102,1.453632280737395,-0.6679292895314459,0.3381567170107979,-2.38865287793681
33.0,268.0,999.9854736328124,-0.5829062029904666,0.593836395699153,4.05297521198278,-1.1689233558286762,-0.2098249695370118,0.858397728953082,1.4536373324926135,-0.6679363998723336,0.3381654810396544,-2.388640778647529
33.0,268.0,999.9854736328124,-0.5829091291420498,0.5938388910109431,4.052967150645566,-1.1689261358208451,-0.2098195689170978,0.8583933887557249,1.4536333021051293,-0.6679328121856791,0.3381615336939569,-2.3886469840640108
33.0,268.0,999.9854125976562,-0.5829077021455049,0.5938421964434575,4.052971850597512,-1.1689311000567084,-0.2098226586127021,0.8583871230336735,1.45364161511141,-0.6679292513426649,0.3381610531502401,-2.388646284542853
33.0,268.0,999.9854125976562,-0.582909926206022,0.5938419474242105,4.052971420175801,-1.168932870690222,-0.2098210720918212,0.8583868850100913,1.453638483856321,-0.6679319996604036,0.3381580283910708,-2.388651744867325
33.0,268.0,999.9854736328124,-0.5829093102984935,0.5938401568646867,4.052971847942793,-1.1689321136429394,-0.2098221931961754,0.8583863450100884,1.4536405622367097,-0.6679298442439077,0.3381580547510046,-2.3886512453787203
33.0,268.0,999.9854736328124,-0.5829102107186133,0.5938450663850912,4.052964011930246,-1.1689338308235508,-0.2098190051254942,0.8583842931100971,1.4536381434228964,-0.6679286246445066,0.3381533882382284,-2.388653436662032
33.0,268.0,999.9854125976562,-0.5829092924358914,0.593841125737729,4.0529671244572505,-1.1689300210327196,-0.2098199465649806,0.8583923780187774,1.4536351596033086,-0.6679319210208412,0.3381551813859733,-2.3886527196902003
33.0,268.0,999.9854125976562,-0.5829096201509207,0.5938454267090378,4.05296790881671,-1.168928026857381,-0.2098199477678166,0.8583878847484936,1.4536299579781904,-0.6679311170747155,0.3381597506681357,-2.388650344920144
33.0,268.0,999.9854125976562,-0.5829115196642194,0.5938448183503571,4.05296804846466,-1.1689363929749534,-0.2098177083492975,0.8583836386790686,1.453637655776726,-0.6679287530701323,0.3381553541021622,-2.3886563076135663
33.0,268.0,999.9854125976562,-0.582908210720384,0.5938390242467362,4.052972765647283,-1.168931862945758,-0.2098214532051461,0.8583910098607266,1.4536384786628522,-0.667932401101357,0.3381581515151532,-2.388651526432724
33.0,268.0,999.9854736328124,-0.5829071982660743,0.5938449731229305,4.052969306157664,-1.168923804645459,-0.2098230645946781,0.85838952677181,1.4536342832907012,-0.6679330212206605,0.3381650500633002,-2.388643845778672
33.0,268.0,999.9854736328124,-0.5829095726843958,0.5938407385559428,4.052971954665734,-1.1689341525171448,-0.209820247370847,0.8583868209768948,1.4536418738817725,-0.6679298274476588,0.3381583928375686,-2.388650999240728
33.0,268.0,999.9854125976562,-0.5829100751635394,0.5938476280285112,4.0529673532464745,-1.1689307375966438,-0.2098200484741292,0.8583837688255445,1.453634020763812,-0.667930186750664,0.3381546992962994,-2.3886517699105085
33.0,268.0,999.9854125976562,-0.5829100681240824,0.5938456765182334,4.052969274383969,-1.1689332759884987,-0.2098209617938327,0.8583825058052259,1.4536375603755474,-0.6679303053496808,0.338157951095801,-2.3886492853262418
33.0,268.0,999.9854736328124,-0.5829137736605352,0.5938444058658412,4.052969872509909,-1.1689348985154933,-0.2098161165663512,0.858386272324454,1.4536341886582802,-0.6679319963189352,0.3381573117470147,-2.3886544254390083
33.0,268.0,999.9854125976562,-0.5829098110707651,0.5938424344959188,4.052967700342922,-1.1689340197207023,-0.2098209492703437,0.8583875615235144,1.4536415851907076,-0.6679289928054075,0.3381543218562779,-2.3886531144276835
33.0,268.0,999.9854125976562,-0.5829095912944267,0.5938460000806911,4.052968302634829,-1.1689292857165583,-0.2098203361913579,0.8583858282352903,1.453633626359112,-0.6679317933515616,0.3381569036183371,-2.388649908606848
33.0,268.0,999.9854125976562,-0.5829083286359023,0.5938429914468362,4.052969750829666,-1.1689276088161824,-0.209821789504347,0.8583877389542769,1.453635512111461,-0.6679292388258498,0.338161579608176,-2.3886467668245155
33.0,268.0,999.9854736328124,-0.582908315466339,0.5938364726323808,4.052966911526594,-1.1689218542862916,-0.2098219623189905,0.8583980305806707,1.4536316359405728,-0.6679333976108337,0.3381608434691507,-2.388647879782237
33.0,268.0,999.9854125976562,-0.5829087331506964,0.5938436902926645,4.052969387091823,-1.1689274507897056,-0.2098199292101972,0.8583898443253428,1.4536331330359609,-0.6679329909130951,0.3381574499636564,-2.388652233254627
33.0,268.0,999.9854125976562,-0.582907726887834,0.5938431441529355,4.052967908674907,-1.168925345477649,-0.2098221326248337,0.8583891147660596,1.4536340246089008,-0.667931358047336,0.3381620073938247,-2.3886463715820616
33.0,268.0,999.9854125976562,-0.5829076798980068,0.5938404117607945,4.05297051304596,-1.1689275600606424,-0.209821713372114,0.8583913031801487,1.453635672254431,-0.6679319112536026,0.3381615227801768,-2.3886457164473
33.0,268.0,999.9854125976562,-0.5829093460172396,0.5938416178402219,4.052967900981471,-1.16892803086867,-0.2098216172350495,0.8583898148066798,1.4536348322165606,-0.6679315195619742,0.3381570621749787,-2.388653151886704
33.0,268.0,999.9854125976562,-0.5829111423812021,0.5938417281242927,4.052967273692527,-1.168937990894396,-0.2098188783213892,0.8583862980719843,1.4536387175801018,-0.6679299581983047,0.3381527562499551,-2.3886556633371887
33.0,268.0,999.9854125976562,-0.5829098067737242,0.5938418869161852,4.052969926076772,-1.168932962879614,-0.2098200096625611,0.8583881816774657,1.4536382420763443,-0.6679309183147435,0.3381584980015013,-2.3886515618888686
33.0,268.0,999.9854125976562,-0.5829103778848639,0.5938422112375878,4.052969555587008,-1.1689317202119307,-0.2098178053476322,0.8583889493228556,1.4536322108663455,-0.6679313620737739,0.33815856587628,-2.388654943244448
33.0,268.0,999.9854125976562,-0.5829118325315878,0.59384640490447,4.052967050494216,-1.1689325379039062,-0.2098197125543865,0.858382201093356,1.4536331260337922,-0.6679299508821508,0.3381551993224949,-2.3886558237539064
33.0,268.0,999.9854125976562,-0.582910623671121,0.5938468418117644,4.052966727923948,-1.1689308335329516,-0.2098195639844329,0.8583868100677208,1.4536382508312071,-0.6679286617520228,0.3381589475138593,-2.3886497070908383
33.0,268.0,999.9854736328124,-0.5829131705692623,0.5938446931100403,4.052967470625422,-1.168936521862003,-0.2098168929607489,0.8583832583827427,1.453636761022448,-0.6679289803960016,0.3381547199746206,-2.388654511016397
33.0,268.0,999.9854125976562,-0.5829118836340133,0.5938498672774228,4.052970448674158,-1.168936906297866,-0.2098198975170184,0.8583785078401176,1.45364085488022,-0.6679286995677023,0.3381564304744353,-2.388653206682445
33.0,268.0,999.9854125976562,-0.5829087949499652,0.593845034287007,4.052970508118444,-1.168928547894443,-0.2098224476814145,0.8583875328920989,1.4536368905675996,-0.6679312072480235,0.3381572322704009,-2.38865210320905
33.0,268.0,999.9854125976562,-0.5829084092747854,0.5938428240466642,4.0529676298032165,-1.1689301752317238,-0.2098215715815623,0.8583872038411187,1.4536343144652184,-0.667930122129043,0.3381575164245607,-2.388652078505048
33.0,268.0,999.9854125976562,-0.5829095859804241,0.5938406331269919,4.052968176709722,-1.168931503145088,-0.2098209076946222,0.8583892540233515,1.4536378364109872,-0.6679300194485567,0.3381580775888668,-2.388651822241826
33.0,268.0,999.9854125976562,-0.5829091460442974,0.5938427161815163,4.052967983914659,-1.168932720350056,-0.2098206485035323,0.8583868792050344,1.4536381128011753,-0.6679303655655904,0.3381568038581397,-2.3886493022307667
33.0,268.0,999.9854125976562,-0.5829102950702261,0.5938428858825704,4.052967843380422,-1.1689345573594268,-0.2098205921430471,0.8583856818133491,1.453640637527366,-0.6679287680216106,0.338155448232774,-2.3886515656416583
33.0,268.0,999.9854736328124,-0.5829132984414827,0.5938489709740846,4.052970789807306,-1.1689431320605124,-0.2098171771984027,0.8583788437065039,1.4536445838197327,-0.6679304958069672,0.3381497692766686,-2.3886588798555053
33.0,268.0,999.9854125976562,-0.5829060123603016,0.593836560380093,4.052975365620428,-1.1689241200480105,-0.2098240630418342,0.8583930784502982,1.4536335827633824,-0.667932516673071,0.3381671997029043,-2.3886453038692568
33.0,268.0,999.9854125976562,-0.5829130777597538,0.5938459034936212,4.05296736459896,-1.1689350907835565,-0.2098175064283491,0.8583867499397568,1.4536367382243451,-0.6679312578242138,0.3381519127861487,-2.388658390783621
33.0,268.0,999.9854125976562,-0.5829096502875846,0.5938480877049717,4.052969470781729,-1.1689296632689905,-0.2098215599325366,0.858383474204917,1.453637234407954,-0.6679297083303197,0.3381598485675932,-2.388647974585024
33.0,268.0,999.9854736328124,-0.5829101283680114,0.5938423363521537,4.052960540582697,-1.1689345906917756,-0.2098177857015342,0.858389327678375,1.4536407086056204,-0.6679272886357959,0.3381500429679462,-2.388652960588268
33.0,268.0,999.9854125976562,-0.5829095379166924,0.5938397726318092,4.052970797904784,-1.1689298783720163,-0.2098216385974236,0.8583895757878643,1.4536353100896786,-0.6679303409240527,0.3381610256267029,-2.3886518878919483
33.0,268.0,999.9854125976562,-0.5829102996672404,0.5938429846851196,4.052965962505466,-1.168929693179205,-0.2098191325018907,0.8583894703774142,1.4536324541820091,-0.6679318446519016,0.3381524100688811,-2.388655679076128
33.0,268.0,999.9854125976562,-0.582909041073064,0.5938445933394902,4.052968789229926,-1.1689255048636489,-0.2098215543503538,0.8583868715352221,1.4536343138395118,-0.6679296269553987,0.3381631023521461,-2.3886459364569825
33.0,268.0,999.9854125976562,-0.5829079981854441,0.5938425890157886,4.052973456056153,-1.1689276399711497,-0.2098214250319978,0.858391003394015,1.4536369956328965,-0.6679333548877482,0.3381645668113116,-2.388645873925591
33.0,268.0,999.9854125976562,-0.5829084140763445,0.5938444865442216,4.05297108878584,-1.1689329074348676,-0.2098213018969499,0.8583852301539547,1.4536410024667887,-0.6679290052054352,0.3381607125347718,-2.388648647023889
33.0,268.0,999.9854125976562,-0.5829074859759968,0.5938408413543153,4.052968638928359,-1.168925908185832,-0.2098230076696214,0.8583912672834142,1.453634993209235,-0.6679324347880335,0.3381608337132249,-2.38864655182546
33.0,268.0,999.9854125976562,-0.5829115473700694,0.5938460139440576,4.052964850885889,-1.1689304439558108,-0.2098181028479713,0.8583879471064835,1.4536323913428353,-0.6679312727921927,0.3381554674145794,-2.388653491124757
33.0,268.0,999.9854125976562,-0.5829092241329645,0.5938400562597561,4.052970043100826,-1.1689299670784257,-0.2098208585628489,0.8583913745644365,1.4536382003045911,-0.6679327064800109,0.3381604247301695,-2.3886479785911208
33.0,269.0,999.9854125976562,-0.5829080301043197,0.5938441512901438,4.052970804960252,-1.1689270072208364,-0.2098229107810407,0.8583898767830913,1.4536378131821293,-0.667931716988269,0.3381640396235665,-2.388644091190637
33.0,269.0,999.9854125976562,-0.582910921723645,0.5938468438107751,4.052966354518876,-1.1689291290153667,-0.2098202126618344,0.8583835048482102,1.453632280737395,-0.6679292895314459,0.3381567170107979,-2.38865287793681
33.0,269.0,999.9854736328124,-0.5829062029904666,0.593836395699153,4.05297521198278,-1.1689233558286762,-0.2098249695370118,0.858397728953082,1.4536373324926135,-0.6679363998723336,0.3381654810396544,-2.388640778647529
33.0,269.0,999.9854736328124,-0.5829091291420498,0.5938388910109431,4.052967150645566,-1.1689261358208451,-0.2098195689170978,0.8583933887557249,1.4536333021051293,-0.6679328121856791,0.3381615336939569,-2.3886469840640108
33.0,269.0,999.9854125976562,-0.5829077021455049,0.5938421964434575,4.052971850597512,-1.1689311000567084,-0.2098226586127021,0.8583871230336735,1.45364161511141,-0.6679292513426649,0.3381610531502401,-2.388646284542853
33.0,269.0,999.9854125976562,-0.582909926206022,0.5938419474242105,4.052971420175801,-1.168932870690222,-0.2098210720918212,0.8583868850100913,1.453638483856321,-0.6679319996604036,0.3381580283910708,-2.388651744867325
33.0,269.0,999.9854736328124,-0.5829093102984935,0.5938401568646867,4.052971847942793,-1.1689321136429394,-0.2098221931961754,0.8583863450100884,1.4536405622367097,-0.6679298442439077,0.3381580547510046,-2.3886512453787203
33.0,269.0,999.9854736328124,-0.5829102107186133,0.5938450663850912,4.052964011930246,-1.1689338308235508,-0.2098190051254942,0.8583842931100971,1.4536381434228964,-0.6679286246445066,0.3381533882382284,-2.388653436662032
33.0,269.0,999.9854125976562,-0.5829092924358914,0.593841125737729,4.0529671244572505,-1.1689300210327196,-0.2098199465649806,0.8583923780187774,1.4536351596033086,-0.6679319210208412,0.3381551813859733,-2.3886527196902003
33.0,269.0,999.9854125976562,-0.5829096201509207,0.5938454267090378,4.05296790881671,-1.168928026857381,-0.2098199477678166,0.8583878847484936,1.4536299579781904,-0.6679311170747155,0.3381597506681357,-2.388650344920144
33.0,269.0,999.9854125976562,-0.5829115196642194,0.5938448183503571,4.05296804846466,-1.1689363929749534,-0.2098177083492975,0.8583836386790686,1.453637655776726,-0.6679287530701323,0.3381553541021622,-2.3886563076135663
33.0,269.0,999.9854125976562,-0.582908210720384,0.5938390242467362,4.052972765647283,-1.168931862945758,-0.2098214532051461,0.8583910098607266,1.4536384786628522,-0.667932401101357,0.3381581515151532,-2.388651526432724
33.0,269.0,999.9854736328124,-0.5829071982660743,0.5938449731229305,4.052969306157664,-1.168923804645459,-0.2098230645946781,0.85838952677181,1.4536342832907012,-0.6679330212206605,0.3381650500633002,-2.388643845778672
33.0,269.0,999.9854736328124,-0.5829095726843958,0.5938407385559428,4.052971954665734,-1.1689341525171448,-0.209820247370847,0.8583868209768948,1.4536418738817725,-0.6679298274476588,0.3381583928375686,-2.388650999240728
33.0,269.0,999.9854125976562,-0.5829100751635394,0.5938476280285112,4.0529673532464745,-1.1689307375966438,-0.2098200484741292,0.8583837688255445,1.453634020763812,-0.667930186750664,0.3381546992962994,-2.3886517699105085
33.0,269.0,999.9854125976562,-0.5829100681240824,0.5938456765182334,4.052969274383969,-1.1689332759884987,-0.2098209617938327,0.8583825058052259,1.4536375603755474,-0.6679303053496808,0.338157951095801,-2.3886492853262418
33.0,269.0,999.9854736328124,-0.5829137736605352,0.5938444058658412,4.052969872509909,-1.1689348985154933,-0.2098161165663512,0.858386272324454,1.4536341886582802,-0.6679319963189352,0.3381573117470147,-2.3886544254390083
33.0,269.0,999.9854125976562,-0.5829098110707651,0.5938424344959188,4.052967700342922,-1.1689340197207023,-0.2098209492703437,0.8583875615235144,1.4536415851907076,-0.6679289928054075,0.3381543218562779,-2.3886531144276835
33.0,269.0,999.9854125976562,-0.5829095912944267,0.5938460000806911,4.052968302634829,-1.1689292857165583,-0.2098203361913579,0.8583858282352903,1.453633626359112,-0.6679317933515616,0.3381569036183371,-2.388649908606848
33.0,269.0,999.9854125976562,-0.5829083286359023,0.5938429914468362,4.052969750829666,-1.1689276088161824,-0.209821789504347,0.8583877389542769,1.453635512111461,-0.6679292388258498,0.338161579608176,-2.3886467668245155
33.0,269.0,999.9854736328124,-0.582908315466339,0.5938364726323808,4.052966911526594,-1.1689218542862916,-0.2098219623189905,0.8583980305806707,1.4536316359405728,-0.6679333976108337,0.3381608434691507,-2.388647879782237
33.0,269.0,999.9854125976562,-0.5829087331506964,0.5938436902926645,4.052969387091823,-1.1689274507897056,-0.2098199292101972,0.8583898443253428,1.4536331330359609,-0.6679329909130951,0.3381574499636564,-2.388652233254627
33.0,269.0,999.9854125976562,-0.582907726887834,0.5938431441529355,4.052967908674907,-1.168925345477649,-0.2098221326248337,0.8583891147660596,1.4536340246089008,-0.667931358047336,0.3381620073938247,-2.3886463715820616
33.0,269.0,999.9854125976562,-0.5829076798980068,0.5938404117607945,4.05297051304596,-1.1689275600606424,-0.209821713372114,0.8583913031801487,1.453635672254431,-0.6679319112536026,0.3381615227801768,-2.3886457164473
33.0,269.0,999.9854125976562,-0.5829093460172396,0.5938416178402219,4.052967900981471,-1.16892803086867,-0.2098216172350495,0.8583898148066798,1.4536348322165606,-0.6679315195619742,0.3381570621749787,-2.388653151886704
33.0,269.0,999.9854125976562,-0.5829111423812021,0.5938417281242927,4.052967273692527,-1.168937990894396,-0.2098188783213892,0.8583862980719843,1.4536387175801018,-0.6679299581983047,0.3381527562499551,-2.3886556633371887
33.0,269.0,999.9854125976562,-0.5829098067737242,0.5938418869161852,4.052969926076772,-1.168932962879614,-0.2098200096625611,0.8583881816774657,1.4536382420763443,-0.6679309183147435,0.3381584980015013,-2.3886515618888686
33.0,269.0,999.9854125976562,-0.5829103778848639,0.5938422112375878,4.052969555587008,-1.1689317202119307,-0.2098178053476322,0.8583889493228556,1.4536322108663455,-0.6679313620737739,0.33815856587628,-2.388654943244448
33.0,269.0,999.9854125976562,-0.5829118325315878,0.59384640490447,4.052967050494216,-1.1689325379039062,-0.2098197125543865,0.858382201093356,1.4536331260337922,-0.6679299508821508,0.3381551993224949,-2.3886558237539064
33.0,269.0,999.9854125976562,-0.582910623671121,0.5938468418117644,4.052966727923948,-1.1689308335329516,-0.2098195639844329,0.8583868100677208,1.4536382508312071,-0.6679286617520228,0.3381589475138593,-2.3886497070908383
33.0,269.0,999.9854736328124,-0.5829131705692623,0.5938446931100403,4.052967470625422,-1.168936521862003,-0.2098168929607489,0.8583832583827427,1.453636761022448,-0.6679289803960016,0.3381547199746206,-2.388654511016397
33.0,269.0,999.9854125976562,-0.5829118836340133,0.5938498672774228,4.052970448674158,-1.168936906297866,-0.2098198975170184,0.8583785078401176,1.45364085488022,-0.6679286995677023,0.3381564304744353,-2.388653206682445
33.0,269.0,999.9854125976562,-0.5829087949499652,0.593845034287007,4.052970508118444,-1.168928547894443,-0.2098224476814145,0.8583875328920989,1.4536368905675996,-0.6679312072480235,0.3381572322704009,-2.38865210320905
33.0,269.0,999.9854125976562,-0.5829084092747854,0.5938428240466642,4.0529676298032165,-1.1689301752317238,-0.2098215715815623,0.8583872038411187,1.4536343144652184,-0.667930122129043,0.3381575164245607,-2.388652078505048
33.0,269.0,999.9854125976562,-0.5829095859804241,0.5938406331269919,4.052968176709722,-1.168931503145088,-0.2098209076946222,0.8583892540233515,1.4536378364109872,-0.6679300194485567,0.3381580775888668,-2.388651822241826
33.0,269.0,999.9854125976562,-0.5829091460442974,0.5938427161815163,4.052967983914659,-1.168932720350056,-0.2098206485035323,0.8583868792050344,1.4536381128011753,-0.6679303655655904,0.3381568038581397,-2.3886493022307667
33.0,269.0,999.9854125976562,-0.5829102950702261,0.5938428858825704,4.052967843380422,-1.1689345573594268,-0.2098205921430471,0.8583856818133491,1.453640637527366,-0.6679287680216106,0.338155448232774,-2.3886515656416583
33.0,269.0,999.9854736328124,-0.5829132984414827,0.5938489709740846,4.052970789807306,-1.1689431320605124,-0.2098171771984027,0.8583788437065039,1.4536445838197327,-0.6679304958069672,0.3381497692766686,-2.3886588798555053
33.0,269.0,999.9854125976562,-0.5829060123603016,0.593836560380093,4.052975365620428,-1.1689241200480105,-0.2098240630418342,0.8583930784502982,1.4536335827633824,-0.667932516673071,0.3381671997029043,-2.3886453038692568
33.0,269.0,999.9854125976562,-0.5829130777597538,0.5938459034936212,4.05296736459896,-1.1689350907835565,-0.2098175064283491,0.8583867499397568,1.4536367382243451,-0.6679312578242138,0.3381519127861487,-2.388658390783621
33.0,269.0,999.9854125976562,-0.5829096502875846,0.5938480877049717,4.052969470781729,-1.1689296632689905,-0.2098215599325366,0.858383474204917,1.453637234407954,-0.6679297083303197,0.3381598485675932,-2.388647974585024
33.0,269.0,999.9854736328124,-0.5829101283680114,0.5938423363521537,4.052960540582697,-1.1689345906917756,-0.2098177857015342,0.858389327678375,1.4536407086056204,-0.6679272886357959,0.3381500429679462,-2.388652960588268
33.0,269.0,999.9854125976562,-0.5829095379166924,0.5938397726318092,4.052970797904784,-1.1689298783720163,-0.2098216385974236,0.8583895757878643,1.4536353100896786,-0.6679303409240527,0.3381610256267029,-2.3886518878919483
33.0,269.0,999.9854125976562,-0.5829102996672404,0.5938429846851196,4.052965962505466,-1.168929693179205,-0.2098191325018907,0.8583894703774142,1.4536324541820091,-0.6679318446519016,0.3381524100688811,-2.388655679076128
33.0,269.0,999.9854125976562,-0.582909041073064,0.5938445933394902,4.052968789229926,-1.1689255048636489,-0.2098215543503538,0.8583868715352221,1.4536343138395118,-0.6679296269553987,0.3381631023521461,-2.3886459364569825
33.0,269.0,999.9854125976562,-0.5829079981854441,0.5938425890157886,4.052973456056153,-1.1689276399711497,-0.2098214250319978,0.858391003394015,1.4536369956328965,-0.6679333548877482,0.3381645668113116,-2.388645873925591
33.0,269.0,999.9854125976562,-0.5829084140763445,0.5938444865442216,4.05297108878584,-1.1689329074348676,-0.2098213018969499,0.8583852301539547,1.4536410024667887,-0.6679290052054352,0.3381607125347718,-2.388648647023889
33.0,269.0,999.9854125976562,-0.5829074859759968,0.5938408413543153,4.052968638928359,-1.168925908185832,-0.2098230076696214,0.8583912672834142,1.453634993209235,-0.6679324347880335,0.3381608337132249,-2.38864655182546
33.0,269.0,999.9854125976562,-0.5829115473700694,0.5938460139440576,4.052964850885889,-1.1689304439558108,-0.2098181028479713,0.8583879471064835,1.4536323913428353,-0.6679312727921927,0.3381554674145794,-2.388653491124757
33.0,269.0,999.9854125976562,-0.5829092241329645,0.5938400562597561,4.052970043100826,-1.1689299670784257,-0.2098208585628489,0.8583913745644365,1.4536382003045911,-0.6679327064800109,0.3381604247301695,-2.3886479785911208
33.0,270.0,999.9854125976562,-0.5829080301043197,0.5938441512901438,4.052970804960252,-1.1689270072208364,-0.2098229107810407,0.8583898767830913,1.4536378131821293,-0.667931716988269,0.3381640396235665,-2.388644091190637
33.0,270.0,999.9854125976562,-0.582910921723645,0.5938468438107751,4.052966354518876,-1.1689291290153667,-0.2098202126618344,0.8583835048482102,1.453632280737395,-0.6679292895314459,0.3381567170107979,-2.38865287793681
33.0,270.0,999.9854736328124,-0.5829062029904666,0.593836395699153,4.05297521198278,-1.1689233558286762,-0.2098249695370118,0.858397728953082,1.4536373324926135,-0.6679363998723336,0.3381654810396544,-2.388640778647529
33.0,270.0,999.9854736328124,-0.5829091291420498,0.5938388910109431,4.052967150645566,-1.1689261358208451,-0.2098195689170978,0.8583933887557249,1.4536333021051293,-0.6679328121856791,0.3381615336939569,-2.3886469840640108
33.0,270.0,999.9854125976562,-0.5829077021455049,0.5938421964434575,4.052971850597512,-1.1689311000567084,-0.2098226586127021,0.8583871230336735,1.45364161511141,-0.6679292513426649,0.3381610531502401,-2.388646284542853
33.0,270.0,999.9854125976562,-0.582909926206022,0.5938419474242105,4.052971420175801,-1.168932870690222,-0.2098210720918212,0.8583868850100913,1.453638483856321,-0.6679319996604036,0.3381580283910708,-2.388651744867325
33.0,270.0,999.9854736328124,-0.5829093102984935,0.5938401568646867,4.052971847942793,-1.1689321136429394,-0.2098221931961754,0.8583863450100884,1.4536405622367097,-0.6679298442439077,0.3381580547510046,-2.3886512453787203
33.0,270.0,999.9854736328124,-0.5829102107186133,0.5938450663850912,4.052964011930246,-1.1689338308235508,-0.2098190051254942,0.8583842931100971,1.4536381434228964,-0.6679286246445066,0.3381533882382284,-2.388653436662032
33.0,270.0,999.9854125976562,-0.5829092924358914,0.593841125737729,4.0529671244572505,-1.1689300210327196,-0.2098199465649806,0.8583923780187774,1.4536351596033086,-0.6679319210208412,0.3381551813859733,-2.3886527196902003
33.0,270.0,999.9854125976562,-0.5829096201509207,0.5938454267090378,4.05296790881671,-1.168928026857381,-0.2098199477678166,0.8583878847484936,1.4536299579781904,-0.6679311170747155,0.3381597506681357,-2.388650344920144
33.0,270.0,999.9854125976562,-0.5829115196642194,0.5938448183503571,4.05296804846466,-1.1689363929749534,-0.2098177083492975,0.8583836386790686,1.453637655776726,-0.6679287530701323,0.3381553541021622,-2.3886563076135663
33.0,270.0,999.9854125976562,-0.582908210720384,0.5938390242467362,4.052972765647283,-1.168931862945758,-0.2098214532051461,0.8583910098607266,1.4536384786628522,-0.667932401101357,0.3381581515151532,-2.388651526432724
33.0,270.0,999.9854736328124,-0.5829071982660743,0.5938449731229305,4.052969306157664,-1.168923804645459,-0.2098230645946781,0.85838952677181,1.4536342832907012,-0.6679330212206605,0.3381650500633002,-2.388643845778672
33.0,270.0,999.9854736328124,-0.5829095726843958,0.5938407385559428,4.052971954665734,-1.1689341525171448,-0.209820247370847,0.8583868209768948,1.4536418738817725,-0.6679298274476588,0.3381583928375686,-2.388650999240728
33.0,270.0,999.9854125976562,-0.5829100751635394,0.5938476280285112,4.0529673532464745,-1.1689307375966438,-0.2098200484741292,0.8583837688255445,1.453634020763812,-0.667930186750664,0.3381546992962994,-2.3886517699105085
33.0,270.0,999.9854125976562,-0.5829100681240824,0.5938456765182334,4.052969274383969,-1.1689332759884987,-0.2098209617938327,0.8583825058052259,1.4536375603755474,-0.6679303053496808,0.338157951095801,-2.3886492853262418
33.0,270.0,999.9854736328124,-0.5829137736605352,0.5938444058658412,4.052969872509909,-1.1689348985154933,-0.2098161165663512,0.858386272324454,1.4536341886582802,-0.6679319963189352,0.3381573117470147,-2.3886544254390083
33.0,270.0,999.9854125976562,-0.5829098110707651,0.5938424344959188,4.052967700342922,-1.1689340197207023,-0.2098209492703437,0.8583875615235144,1.4536415851907076,-0.6679289928054075,0.3381543218562779,-2.3886531144276835
33.0,270.0,999.9854125976562,-0.5829095912944267,0.5938460000806911,4.052968302634829,-1.1689292857165583,-0.2098203361913579,0.8583858282352903,1.453633626359112,-0.6679317933515616,0.3381569036183371,-2.388649908606848
33.0,270.0,999.9854125976562,-0.5829083286359023,0.5938429914468362,4.052969750829666,-1.1689276088161824,-0.209821789504347,0.8583877389542769,1.453635512111461,-0.6679292388258498,0.338161579608176,-2.3886467668245155
33.0,270.0,999.9854736328124,-0.582908315466339,0.5938364726323808,4.052966911526594,-1.1689218542862916,-0.2098219623189905,0.8583980305806707,1.4536316359405728,-0.6679333976108337,0.3381608434691507,-2.388647879782237
33.0,270.0,999.9854125976562,-0.5829087331506964,0.5938436902926645,4.052969387091823,-1.1689274507897056,-0.2098199292101972,0.8583898443253428,1.4536331330359609,-0.6679329909130951,0.3381574499636564,-2.388652233254627
33.0,270.0,999.9854125976562,-0.582907726887834,0.5938431441529355,4.052967908674907,-1.168925345477649,-0.2098221326248337,0.8583891147660596,1.4536340246089008,-0.667931358047336,0.3381620073938247,-2.3886463715820616
33.0,270.0,999.9854125976562,-0.5829076798980068,0.5938404117607945,4.05297051304596,-1.1689275600606424,-0.209821713372114,0.8583913031801487,1.453635672254431,-0.6679319112536026,0.3381615227801768,-2.3886457164473
33.0,270.0,999.9854125976562,-0.5829093460172396,0.5938416178402219,4.052967900981471,-1.16892803086867,-0.2098216172350495,0.8583898148066798,1.4536348322165606,-0.6679315195619742,0.3381570621749787,-2.388653151886704
33.0,270.0,999.9854125976562,-0.5829111423812021,0.5938417281242927,4.052967273692527,-1.168937990894396,-0.2098188783213892,0.8583862980719843,1.4536387175801018,-0.6679299581983047,0.3381527562499551,-2.3886556633371887
33.0,270.0,999.9854125976562,-0.5829098067737242,0.5938418869161852,4.052969926076772,-1.168932962879614,-0.2098200096625611,0.8583881816774657,1.4536382420763443,-0.6679309183147435,0.3381584980015013,-2.3886515618888686
33.0,270.0,999.9854125976562,-0.5829103778848639,0.5938422112375878,4.052969555587008,-1.1689317202119307,-0.2098178053476322,0.8583889493228556,1.4536322108663455,-0.6679313620737739,0.33815856587628,-2.388654943244448
33.0,270.0,999.9854125976562,-0.5829118325315878,0.59384640490447,4.052967050494216,-1.1689325379039062,-0.2098197125543865,0.858382201093356,1.4536331260337922,-0.6679299508821508,0.3381551993224949,-2.3886558237539064
33.0,270.0,999.9854125976562,-0.582910623671121,0.5938468418117644,4.052966727923948,-1.1689308335329516,-0.2098195639844329,0.8583868100677208,1.4536382508312071,-0.6679286617520228,0.3381589475138593,-2.3886497070908383
33.0,270.0,999.9854736328124,-0.5829131705692623,0.5938446931100403,4.052967470625422,-1.168936521862003,-0.2098168929607489,0.8583832583827427,1.453636761022448,-0.6679289803960016,0.3381547199746206,-2.388654511016397
33.0,270.0,999.9854125976562,-0.5829118836340133,0.5938498672774228,4.052970448674158,-1.168936906297866,-0.2098198975170184,0.8583785078401176,1.45364085488022,-0.6679286995677023,0.3381564304744353,-2.388653206682445
33.0,270.0,999.9854125976562,-0.5829087949499652,0.593845034287007,4.052970508118444,-1.168928547894443,-0.2098224476814145,0.8583875328920989,1.4536368905675996,-0.6679312072480235,0.3381572322704009,-2.38865210320905
33.0,270.0,999.9854125976562,-0.5829084092747854,0.5938428240466642,4.0529676298032165,-1.1689301752317238,-0.2098215715815623,0.8583872038411187,1.4536343144652184,-0.667930122129043,0.3381575164245607,-2.388652078505048
33.0,270.0,999.9854125976562,-0.5829095859804241,0.5938406331269919,4.052968176709722,-1.168931503145088,-0.2098209076946222,0.8583892540233515,1.4536378364109872,-0.6679300194485567,0.3381580775888668,-2.388651822241826
33.0,270.0,999.9854125976562,-0.5829091460442974,0.5938427161815163,4.052967983914659,-1.168932720350056,-0.2098206485035323,0.8583868792050344,1.4536381128011753,-0.6679303655655904,0.3381568038581397,-2.3886493022307667
33.0,270.0,999.9854125976562,-0.5829102950702261,0.5938428858825704,4.052967843380422,-1.1689345573594268,-0.2098205921430471,0.8583856818133491,1.453640637527366,-0.6679287680216106,0.338155448232774,-2.3886515656416583
33.0,270.0,999.9854736328124,-0.5829132984414827,0.5938489709740846,4.052970789807306,-1.1689431320605124,-0.2098171771984027,0.8583788437065039,1.4536445838197327,-0.6679304958069672,0.3381497692766686,-2.3886588798555053
33.0,270.0,999.9854125976562,-0.5829060123603016,0.593836560380093,4.052975365620428,-1.1689241200480105,-0.2098240630418342,0.8583930784502982,1.4536335827633824,-0.667932516673071,0.3381671997029043,-2.3886453038692568
33.0,270.0,999.9854125976562,-0.5829130777597538,0.5938459034936212,4.05296736459896,-1.1689350907835565,-0.2098175064283491,0.8583867499397568,1.4536367382243451,-0.6679312578242138,0.3381519127861487,-2.388658390783621
33.0,270.0,999.9854125976562,-0.5829096502875846,0.5938480877049717,4.052969470781729,-1.1689296632689905,-0.2098215599325366,0.858383474204917,1.453637234407954,-0.6679297083303197,0.3381598485675932,-2.388647974585024
33.0,270.0,999.9854736328124,-0.5829101283680114,0.5938423363521537,4.052960540582697,-1.1689345906917756,-0.2098177857015342,0.858389327678375,1.4536407086056204,-0.6679272886357959,0.3381500429679462,-2.388652960588268
33.0,270.0,999.9854125976562,-0.5829095379166924,0.5938397726318092,4.052970797904784,-1.1689298783720163,-0.2098216385974236,0.8583895757878643,1.4536353100896786,-0.6679303409240527,0.3381610256267029,-2.3886518878919483
33.0,270.0,999.9854125976562,-0.5829102996672404,0.5938429846851196,4.052965962505466,-1.168929693179205,-0.2098191325018907,0.8583894703774142,1.4536324541820091,-0.6679318446519016,0.3381524100688811,-2.388655679076128
33.0,270.0,999.9854125976562,-0.582909041073064,0.5938445933394902,4.052968789229926,-1.1689255048636489,-0.2098215543503538,0.8583868715352221,1.4536343138395118,-0.6679296269553987,0.3381631023521461,-2.3886459364569825
33.0,270.0,999.9854125976562,-0.5829079981854441,0.5938425890157886,4.052973456056153,-1.1689276399711497,-0.2098214250319978,0.858391003394015,1.4536369956328965,-0.6679333548877482,0.3381645668113116,-2.388645873925591
33.0,270.0,999.9854125976562,-0.5829084140763445,0.5938444865442216,4.05297108878584,-1.1689329074348676,-0.2098213018969499,0.8583852301539547,1.4536410024667887,-0.6679290052054352,0.3381607125347718,-2.388648647023889
33.0,270.0,999.9854125976562,-0.5829074859759968,0.5938408413543153,4.052968638928359,-1.168925908185832,-0.2098230076696214,0.8583912672834142,1.453634993209235,-0.6679324347880335,0.3381608337132249,-2.38864655182546
33.0,270.0,999.9854125976562,-0.5829115473700694,0.5938460139440576,4.052964850885889,-1.1689304439558108,-0.2098181028479713,0.8583879471064835,1.4536323913428353,-0.6679312727921927,0.3381554674145794,-2.388653491124757
33.0,270.0,999.9854125976562,-0.5829092241329645,0.5938400562597561,4.052970043100826,-1.1689299670784257,-0.2098208585628489,0.8583913745644365,1.4536382003045911,-0.6679327064800109,0.3381604247301695,-2.3886479785911208
33.0,271.0,999.9854125976562,-0.5829080301043197,0.5938441512901438,4.052970804960252,-1.1689270072208364,-0.2098229107810407,0.8583898767830913,1.4536378131821293,-0.667931716988269,0.3381640396235665,-2.388644091190637
33.0,271.0,999.9854125976562,-0.582910921723645,0.5938468438107751,4.052966354518876,-1.1689291290153667,-0.2098202126618344,0.8583835048482102,1.453632280737395,-0.6679292895314459,0.3381567170107979,-2.38865287793681
33.0,271.0,999.9854736328124,-0.5829062029904666,0.593836395699153,4.05297521198278,-1.1689233558286762,-0.2098249695370118,0.858397728953082,1.4536373324926135,-0.6679363998723336,0.3381654810396544,-2.388640778647529
33.0,271.0,999.9854736328124,-0.5829091291420498,0.5938388910109431,4.052967150645566,-1.1689261358208451,-0.2098195689170978,0.8583933887557249,1.4536333021051293,-0.6679328121856791,0.3381615336939569,-2.3886469840640108
33.0,271.0,999.9854125976562,-0.5829077021455049,0.5938421964434575,4.052971850597512,-1.1689311000567084,-0.2098226586127021,0.8583871230336735,1.45364161511141,-0.6679292513426649,0.3381610531502401,-2.388646284542853
33.0,271.0,999.9854125976562,-0.582909926206022,0.5938419474242105,4.052971420175801,-1.168932870690222,-0.2098210720918212,0.8583868850100913,1.453638483856321,-0.6679319996604036,0.3381580283910708,-2.388651744867325
33.0,271.0,999.9854736328124,-0.5829093102984935,0.5938401568646867,4.052971847942793,-1.1689321136429394,-0.2098221931961754,0.8583863450100884,1.4536405622367097,-0.6679298442439077,0.3381580547510046,-2.3886512453787203
33.0,271.0,999.9854736328124,-0.5829102107186133,0.5938450663850912,4.052964011930246,-1.1689338308235508,-0.2098190051254942,0.8583842931100971,1.4536381434228964,-0.6679286246445066,0.3381533882382284,-2.388653436662032
33.0,271.0,999.9854125976562,-0.5829092924358914,0.593841125737729,4.0529671244572505,-1.1689300210327196,-0.2098199465649806,0.8583923780187774,1.4536351596033086,-0.6679319210208412,0.3381551813859733,-2.3886527196902003
33.0,271.0,999.9854125976562,-0.5829096201509207,0.5938454267090378,4.05296790881671,-1.168928026857381,-0.2098199477678166,0.8583878847484936,1.4536299579781904,-0.6679311170747155,0.3381597506681357,-2.388650344920144
33.0,271.0,999.9854125976562,-0.5829115196642194,0.5938448183503571,4.05296804846466,-1.1689363929749534,-0.2098177083492975,0.8583836386790686,1.453637655776726,-0.6679287530701323,0.3381553541021622,-2.3886563076135663
33.0,271.0,999.9854125976562,-0.582908210720384,0.5938390242467362,4.052972765647283,-1.168931862945758,-0.2098214532051461,0.8583910098607266,1.4536384786628522,-0.667932401101357,0.3381581515151532,-2.388651526432724
33.0,271.0,999.9854736328124,-0.5829071982660743,0.5938449731229305,4.052969306157664,-1.168923804645459,-0.2098230645946781,0.85838952677181,1.4536342832907012,-0.6679330212206605,0.3381650500633002,-2.388643845778672
33.0,271.0,999.9854736328124,-0.5829095726843958,0.5938407385559428,4.052971954665734,-1.1689341525171448,-0.209820247370847,0.8583868209768948,1.4536418738817725,-0.6679298274476588,0.3381583928375686,-2.388650999240728
33.0,271.0,999.9854125976562,-0.5829100751635394,0.5938476280285112,4.0529673532464745,-1.1689307375966438,-0.2098200484741292,0.8583837688255445,1.453634020763812,-0.667930186750664,0.3381546992962994,-2.3886517699105085
33.0,271.0,999.9854125976562,-0.5829100681240824,0.5938456765182334,4.052969274383969,-1.1689332759884987,-0.2098209617938327,0.8583825058052259,1.4536375603755474,-0.6679303053496808,0.338157951095801,-2.3886492853262418
33.0,271.0,999.9854736328124,-0.5829137736605352,0.5938444058658412,4.052969872509909,-1.1689348985154933,-0.2098161165663512,0.858386272324454,1.4536341886582802,-0.6679319963189352,0.3381573117470147,-2.3886544254390083
33.0,271.0,999.9854125976562,-0.5829098110707651,0.5938424344959188,4.052967700342922,-1.1689340197207023,-0.2098209492703437,0.8583875615235144,1.4536415851907076,-0.6679289928054075,0.3381543218562779,-2.3886531144276835
33.0,271.0,999.9854125976562,-0.5829095912944267,0.5938460000806911,4.052968302634829,-1.1689292857165583,-0.2098203361913579,0.8583858282352903,1.453633626359112,-0.6679317933515616,0.3381569036183371,-2.388649908606848
33.0,271.0,999.9854125976562,-0.5829083286359023,0.5938429914468362,4.052969750829666,-1.1689276088161824,-0.209821789504347,0.8583877389542769,1.453635512111461,-0.6679292388258498,0.338161579608176,-2.3886467668245155
33.0,271.0,999.9854736328124,-0.582908315466339,0.5938364726323808,4.052966911526594,-1.1689218542862916,-0.2098219623189905,0.8583980305806707,1.4536316359405728,-0.6679333976108337,0.3381608434691507,-2.388647879782237
33.0,271.0,999.9854125976562,-0.5829087331506964,0.5938436902926645,4.052969387091823,-1.1689274507897056,-0.2098199292101972,0.8583898443253428,1.4536331330359609,-0.6679329909130951,0.3381574499636564,-2.388652233254627
33.0,271.0,999.9854125976562,-0.582907726887834,0.5938431441529355,4.052967908674907,-1.168925345477649,-0.2098221326248337,0.8583891147660596,1.4536340246089008,-0.667931358047336,0.3381620073938247,-2.3886463715820616
33.0,271.0,999.9854125976562,-0.5829076798980068,0.5938404117607945,4.05297051304596,-1.1689275600606424,-0.209821713372114,0.8583913031801487,1.453635672254431,-0.6679319112536026,0.3381615227801768,-2.3886457164473
33.0,271.0,999.9854125976562,-0.5829093460172396,0.5938416178402219,4.052967900981471,-1.16892803086867,-0.2098216172350495,0.8583898148066798,1.4536348322165606,-0.6679315195619742,0.3381570621749787,-2.388653151886704
33.0,271.0,999.9854125976562,-0.5829111423812021,0.5938417281242927,4.052967273692527,-1.168937990894396,-0.2098188783213892,0.8583862980719843,1.4536387175801018,-0.6679299581983047,0.3381527562499551,-2.3886556633371887
33.0,271.0,999.9854125976562,-0.5829098067737242,0.5938418869161852,4.052969926076772,-1.168932962879614,-0.2098200096625611,0.8583881816774657,1.4536382420763443,-0.6679309183147435,0.3381584980015013,-2.3886515618888686
33.0,271.0,999.9854125976562,-0.5829103778848639,0.5938422112375878,4.052969555587008,-1.1689317202119307,-0.2098178053476322,0.8583889493228556,1.4536322108663455,-0.6679313620737739,0.33815856587628,-2.388654943244448
33.0,271.0,999.9854125976562,-0.5829118325315878,0.59384640490447,4.052967050494216,-1.1689325379039062,-0.2098197125543865,0.858382201093356,1.4536331260337922,-0.6679299508821508,0.3381551993224949,-2.3886558237539064
33.0,271.0,999.9854125976562,-0.582910623671121,0.5938468418117644,4.052966727923948,-1.1689308335329516,-0.2098195639844329,0.8583868100677208,1.4536382508312071,-0.6679286617520228,0.3381589475138593,-2.3886497070908383
33.0,271.0,999.9854736328124,-0.5829131705692623,0.5938446931100403,4.052967470625422,-1.168936521862003,-0.2098168929607489,0.8583832583827427,1.453636761022448,-0.6679289803960016,0.3381547199746206,-2.388654511016397
33.0,271.0,999.9854125976562,-0.5829118836340133,0.5938498672774228,4.052970448674158,-1.168936906297866,-0.2098198975170184,0.8583785078401176,1.45364085488022,-0.6679286995677023,0.3381564304744353,-2.388653206682445
33.0,271.0,999.9854125976562,-0.5829087949499652,0.593845034287007,4.052970508118444,-1.168928547894443,-0.2098224476814145,0.8583875328920989,1.4536368905675996,-0.6679312072480235,0.3381572322704009,-2.38865210320905
33.0,271.0,999.9854125976562,-0.5829084092747854,0.5938428240466642,4.0529676298032165,-1.1689301752317238,-0.2098215715815623,0.8583872038411187,1.4536343144652184,-0.667930122129043,0.3381575164245607,-2.388652078505048
33.0,271.0,999.9854125976562,-0.5829095859804241,0.5938406331269919,4.052968176709722,-1.168931503145088,-0.2098209076946222,0.8583892540233515,1.4536378364109872,-0.6679300194485567,0.3381580775888668,-2.388651822241826
33.0,271.0,999.9854125976562,-0.5829091460442974,0.5938427161815163,4.052967983914659,-1.168932720350056,-0.2098206485035323,0.8583868792050344,1.4536381128011753,-0.6679303655655904,0.3381568038581397,-2.3886493022307667
33.0,271.0,999.9854125976562,-0.5829102950702261,0.5938428858825704,4.052967843380422,-1.1689345573594268,-0.2098205921430471,0.8583856818133491,1.453640637527366,-0.6679287680216106,0.338155448232774,-2.3886515656416583
33.0,271.0,999.9854736328124,-0.5829132984414827,0.5938489709740846,4.052970789807306,-1.1689431320605124,-0.2098171771984027,0.8583788437065039,1.4536445838197327,-0.6679304958069672,0.3381497692766686,-2.3886588798555053
33.0,271.0,999.9854125976562,-0.5829060123603016,0.593836560380093,4.052975365620428,-1.1689241200480105,-0.2098240630418342,0.8583930784502982,1.4536335827633824,-0.667932516673071,0.3381671997029043,-2.3886453038692568
33.0,271.0,999.9854125976562,-0.5829130777597538,0.5938459034936212,4.05296736459896,-1.1689350907835565,-0.2098175064283491,0.8583867499397568,1.4536367382243451,-0.6679312578242138,0.3381519127861487,-2.388658390783621
33.0,271.0,999.9854125976562,-0.5829096502875846,0.5938480877049717,4.052969470781729,-1.1689296632689905,-0.2098215599325366,0.858383474204917,1.453637234407954,-0.6679297083303197,0.3381598485675932,-2.388647974585024
33.0,271.0,999.9854736328124,-0.5829101283680114,0.5938423363521537,4.052960540582697,-1.1689345906917756,-0.2098177857015342,0.858389327678375,1.4536407086056204,-0.6679272886357959,0.3381500429679462,-2.388652960588268
33.0,271.0,999.9854125976562,-0.5829095379166924,0.5938397726318092,4.052970797904784,-1.1689298783720163,-0.2098216385974236,0.8583895757878643,1.4536353100896786,-0.6679303409240527,0.3381610256267029,-2.3886518878919483
33.0,271.0,999.9854125976562,-0.5829102996672404,0.5938429846851196,4.052965962505466,-1.168929693179205,-0.2098191325018907,0.8583894703774142,1.4536324541820091,-0.6679318446519016,0.3381524100688811,-2.388655679076128
33.0,271.0,999.9854125976562,-0.582909041073064,0.5938445933394902,4.052968789229926,-1.1689255048636489,-0.2098215543503538,0.8583868715352221,1.4536343138395118,-0.6679296269553987,0.3381631023521461,-2.3886459364569825
33.0,271.0,999.9854125976562,-0.5829079981854441,0.5938425890157886,4.052973456056153,-1.1689276399711497,-0.2098214250319978,0.858391003394015,1.4536369956328965,-0.6679333548877482,0.3381645668113116,-2.388645873925591
33.0,271.0,999.9854125976562,-0.5829084140763445,0.5938444865442216,4.05297108878584,-1.1689329074348676,-0.2098213018969499,0.8583852301539547,1.4536410024667887,-0.6679290052054352,0.3381607125347718,-2.388648647023889
33.0,271.0,999.9854125976562,-0.5829074859759968,0.5938408413543153,4.052968638928359,-1.168925908185832,-0.2098230076696214,0.8583912672834142,1.453634993209235,-0.6679324347880335,0.3381608337132249,-2.38864655182546
33.0,271.0,999.9854125976562,-0.5829115473700694,0.5938460139440576,4.052964850885889,-1.1689304439558108,-0.2098181028479713,0.8583879471064835,1.4536323913428353,-0.6679312727921927,0.3381554674145794,-2.388653491124757
33.0,271.0,999.9854125976562,-0.5829092241329645,0.5938400562597561,4.052970043100826,-1.1689299670784257,-0.2098208585628489,0.8583913745644365,1.4536382003045911,-0.6679327064800109,0.3381604247301695,-2.3886479785911208
33.0,272.0,999.9854125976562,-0.5829080301043197,0.5938441512901438,4.052970804960252,-1.1689270072208364,-0.2098229107810407,0.8583898767830913,1.4536378131821293,-0.667931716988269,0.3381640396235665,-2.388644091190637
33.0,272.0,999.9854125976562,-0.582910921723645,0.5938468438107751,4.052966354518876,-1.1689291290153667,-0.2098202126618344,0.8583835048482102,1.453632280737395,-0.6679292895314459,0.3381567170107979,-2.38865287793681
33.0,272.0,999.9854736328124,-0.5829062029904666,0.593836395699153,4.05297521198278,-1.1689233558286762,-0.2098249695370118,0.858397728953082,1.4536373324926135,-0.6679363998723336,0.3381654810396544,-2.388640778647529
33.0,272.0,999.9854736328124,-0.5829091291420498,0.5938388910109431,4.052967150645566,-1.1689261358208451,-0.2098195689170978,0.8583933887557249,1.4536333021051293,-0.6679328121856791,0.3381615336939569,-2.3886469840640108
33.0,272.0,999.9854125976562,-0.5829077021455049,0.5938421964434575,4.052971850597512,-1.1689311000567084,-0.2098226586127021,0.8583871230336735,1.45364161511141,-0.6679292513426649,0.3381610531502401,-2.388646284542853
33.0,272.0,999.9854125976562,-0.582909926206022,0.5938419474242105,4.052971420175801,-1.168932870690222,-0.2098210720918212,0.8583868850100913,1.453638483856321,-0.6679319996604036,0.3381580283910708,-2.388651744867325
33.0,272.0,999.9854736328124,-0.5829093102984935,0.5938401568646867,4.052971847942793,-1.1689321136429394,-0.2098221931961754,0.8583863450100884,1.4536405622367097,-0.6679298442439077,0.3381580547510046,-2.3886512453787203
33.0,272.0,999.9854736328124,-0.5829102107186133,0.5938450663850912,4.052964011930246,-1.1689338308235508,-0.2098190051254942,0.8583842931100971,1.4536381434228964,-0.6679286246445066,0.3381533882382284,-2.388653436662032
33.0,272.0,999.9854125976562,-0.5829092924358914,0.593841125737729,4.0529671244572505,-1.1689300210327196,-0.2098199465649806,0.8583923780187774,1.4536351596033086,-0.6679319210208412,0.3381551813859733,-2.3886527196902003
33.0,272.0,999.9854125976562,-0.5829096201509207,0.5938454267090378,4.05296790881671,-1.168928026857381,-0.2098199477678166,0.8583878847484936,1.4536299579781904,-0.6679311170747155,0.3381597506681357,-2.388650344920144
33.0,272.0,999.9854125976562,-0.5829115196642194,0.5938448183503571,4.05296804846466,-1.1689363929749534,-0.2098177083492975,0.8583836386790686,1.453637655776726,-0.6679287530701323,0.3381553541021622,-2.3886563076135663
33.0,272.0,999.9854125976562,-0.582908210720384,0.5938390242467362,4.052972765647283,-1.168931862945758,-0.2098214532051461,0.8583910098607266,1.4536384786628522,-0.667932401101357,0.3381581515151532,-2.388651526432724
33.0,272.0,999.9854736328124,-0.5829071982660743,0.5938449731229305,4.052969306157664,-1.168923804645459,-0.2098230645946781,0.85838952677181,1.4536342832907012,-0.6679330212206605,0.3381650500633002,-2.388643845778672
33.0,272.0,999.9854736328124,-0.5829095726843958,0.5938407385559428,4.052971954665734,-1.1689341525171448,-0.209820247370847,0.8583868209768948,1.4536418738817725,-0.6679298274476588,0.3381583928375686,-2.388650999240728
33.0,272.0,999.9854125976562,-0.5829100751635394,0.5938476280285112,4.0529673532464745,-1.1689307375966438,-0.2098200484741292,0.8583837688255445,1.453634020763812,-0.667930186750664,0.3381546992962994,-2.3886517699105085
33.0,272.0,999.9854125976562,-0.5829100681240824,0.5938456765182334,4.052969274383969,-1.1689332759884987,-0.2098209617938327,0.8583825058052259,1.4536375603755474,-0.6679303053496808,0.338157951095801,-2.3886492853262418
33.0,272.0,999.9854736328124,-0.5829137736605352,0.5938444058658412,4.052969872509909,-1.1689348985154933,-0.2098161165663512,0.858386272324454,1.4536341886582802,-0.6679319963189352,0.3381573117470147,-2.3886544254390083
33.0,272.0,999.9854125976562,-0.5829098110707651,0.5938424344959188,4.052967700342922,-1.1689340197207023,-0.2098209492703437,0.8583875615235144,1.4536415851907076,-0.6679289928054075,0.3381543218562779,-2.3886531144276835
33.0,272.0,999.9854125976562,-0.5829095912944267,0.5938460000806911,4.052968302634829,-1.1689292857165583,-0.2098203361913579,0.8583858282352903,1.453633626359112,-0.6679317933515616,0.3381569036183371,-2.388649908606848
33.0,272.0,999.9854125976562,-0.5829083286359023,0.5938429914468362,4.052969750829666,-1.1689276088161824,-0.209821789504347,0.8583877389542769,1.453635512111461,-0.6679292388258498,0.338161579608176,-2.3886467668245155
33.0,272.0,999.9854736328124,-0.582908315466339,0.5938364726323808,4.052966911526594,-1.1689218542862916,-0.2098219623189905,0.8583980305806707,1.4536316359405728,-0.6679333976108337,0.3381608434691507,-2.388647879782237
33.0,272.0,999.9854125976562,-0.5829087331506964,0.5938436902926645,4.052969387091823,-1.1689274507897056,-0.2098199292101972,0.8583898443253428,1.4536331330359609,-0.6679329909130951,0.3381574499636564,-2.388652233254627
33.0,272.0,999.9854125976562,-0.582907726887834,0.5938431441529355,4.052967908674907,-1.168925345477649,-0.2098221326248337,0.8583891147660596,1.4536340246089008,-0.667931358047336,0.3381620073938247,-2.3886463715820616
33.0,272.0,999.9854125976562,-0.5829076798980068,0.5938404117607945,4.05297051304596,-1.1689275600606424,-0.209821713372114,0.8583913031801487,1.453635672254431,-0.6679319112536026,0.3381615227801768,-2.3886457164473
33.0,272.0,999.9854125976562,-0.5829093460172396,0.5938416178402219,4.052967900981471,-1.16892803086867,-0.2098216172350495,0.8583898148066798,1.4536348322165606,-0.6679315195619742,0.3381570621749787,-2.388653151886704
33.0,272.0,999.9854125976562,-0.5829111423812021,0.5938417281242927,4.052967273692527,-1.168937990894396,-0.2098188783213892,0.8583862980719843,1.4536387175801018,-0.6679299581983047,0.3381527562499551,-2.3886556633371887
33.0,272.0,999.9854125976562,-0.5829098067737242,0.5938418869161852,4.052969926076772,-1.168932962879614,-0.2098200096625611,0.8583881816774657,1.4536382420763443,-0.6679309183147435,0.3381584980015013,-2.3886515618888686
33.0,272.0,999.9854125976562,-0.5829103778848639,0.5938422112375878,4.052969555587008,-1.1689317202119307,-0.2098178053476322,0.8583889493228556,1.4536322108663455,-0.6679313620737739,0.33815856587628,-2.388654943244448
33.0,272.0,999.9854125976562,-0.5829118325315878,0.59384640490447,4.052967050494216,-1.1689325379039062,-0.2098197125543865,0.858382201093356,1.4536331260337922,-0.6679299508821508,0.3381551993224949,-2.3886558237539064
33.0,272.0,999.9854125976562,-0.582910623671121,0.5938468418117644,4.052966727923948,-1.1689308335329516,-0.2098195639844329,0.8583868100677208,1.4536382508312071,-0.6679286617520228,0.3381589475138593,-2.3886497070908383
33.0,272.0,999.9854736328124,-0.5829131705692623,0.5938446931100403,4.052967470625422,-1.168936521862003,-0.2098168929607489,0.8583832583827427,1.453636761022448,-0.6679289803960016,0.3381547199746206,-2.388654511016397
33.0,272.0,999.9854125976562,-0.5829118836340133,0.5938498672774228,4.052970448674158,-1.168936906297866,-0.2098198975170184,0.8583785078401176,1.45364085488022,-0.6679286995677023,0.3381564304744353,-2.388653206682445
33.0,272.0,999.9854125976562,-0.5829087949499652,0.593845034287007,4.052970508118444,-1.168928547894443,-0.2098224476814145,0.8583875328920989,1.4536368905675996,-0.6679312072480235,0.3381572322704009,-2.38865210320905
33.0,272.0,999.9854125976562,-0.5829084092747854,0.5938428240466642,4.0529676298032165,-1.1689301752317238,-0.2098215715815623,0.8583872038411187,1.4536343144652184,-0.667930122129043,0.3381575164245607,-2.388652078505048
33.0,272.0,999.9854125976562,-0.5829095859804241,0.5938406331269919,4.052968176709722,-1.168931503145088,-0.2098209076946222,0.8583892540233515,1.4536378364109872,-0.6679300194485567,0.3381580775888668,-2.388651822241826
33.0,272.0,999.9854125976562,-0.5829091460442974,0.5938427161815163,4.052967983914659,-1.168932720350056,-0.2098206485035323,0.8583868792050344,1.4536381128011753,-0.6679303655655904,0.3381568038581397,-2.3886493022307667
33.0,272.0,999.9854125976562,-0.5829102950702261,0.5938428858825704,4.052967843380422,-1.1689345573594268,-0.2098205921430471,0.8583856818133491,1.453640637527366,-0.6679287680216106,0.338155448232774,-2.3886515656416583
33.0,272.0,999.9854736328124,-0.5829132984414827,0.5938489709740846,4.052970789807306,-1.1689431320605124,-0.2098171771984027,0.8583788437065039,1.4536445838197327,-0.6679304958069672,0.3381497692766686,-2.3886588798555053
33.0,272.0,999.9854125976562,-0.5829060123603016,0.593836560380093,4.052975365620428,-1.1689241200480105,-0.2098240630418342,0.8583930784502982,1.4536335827633824,-0.667932516673071,0.3381671997029043,-2.3886453038692568
33.0,272.0,999.9854125976562,-0.5829130777597538,0.5938459034936212,4.05296736459896,-1.1689350907835565,-0.2098175064283491,0.8583867499397568,1.4536367382243451,-0.6679312578242138,0.3381519127861487,-2.388658390783621
33.0,272.0,999.9854125976562,-0.5829096502875846,0.5938480877049717,4.052969470781729,-1.1689296632689905,-0.2098215599325366,0.858383474204917,1.453637234407954,-0.6679297083303197,0.3381598485675932,-2.388647974585024
33.0,272.0,999.9854736328124,-0.5829101283680114,0.5938423363521537,4.052960540582697,-1.1689345906917756,-0.2098177857015342,0.858389327678375,1.4536407086056204,-0.6679272886357959,0.3381500429679462,-2.388652960588268
33.0,272.0,999.9854125976562,-0.5829095379166924,0.5938397726318092,4.052970797904784,-1.1689298783720163,-0.2098216385974236,0.8583895757878643,1.4536353100896786,-0.6679303409240527,0.3381610256267029,-2.3886518878919483
33.0,272.0,999.9854125976562,-0.5829102996672404,0.5938429846851196,4.052965962505466,-1.168929693179205,-0.2098191325018907,0.8583894703774142,1.4536324541820091,-0.6679318446519016,0.3381524100688811,-2.388655679076128
33.0,272.0,999.9854125976562,-0.582909041073064,0.5938445933394902,4.052968789229926,-1.1689255048636489,-0.2098215543503538,0.8583868715352221,1.4536343138395118,-0.6679296269553987,0.3381631023521461,-2.3886459364569825
33.0,272.0,999.9854125976562,-0.5829079981854441,0.5938425890157886,4.052973456056153,-1.1689276399711497,-0.2098214250319978,0.858391003394015,1.4536369956328965,-0.6679333548877482,0.3381645668113116,-2.388645873925591
33.0,272.0,999.9854125976562,-0.5829084140763445,0.5938444865442216,4.05297108878584,-1.1689329074348676,-0.2098213018969499,0.8583852301539547,1.4536410024667887,-0.6679290052054352,0.3381607125347718,-2.388648647023889
33.0,272.0,999.9854125976562,-0.5829074859759968,0.5938408413543153,4.052968638928359,-1.168925908185832,-0.2098230076696214,0.8583912672834142,1.453634993209235,-0.6679324347880335,0.3381608337132249,-2.38864655182546
33.0,272.0,999.9854125976562,-0.5829115473700694,0.5938460139440576,4.052964850885889,-1.1689304439558108,-0.2098181028479713,0.8583879471064835,1.4536323913428353,-0.6679312727921927,0.3381554674145794,-2.388653491124757
33.0,272.0,999.9854125976562,-0.5829092241329645,0.5938400562597561,4.052970043100826,-1.1689299670784257,-0.2098208585628489,0.8583913745644365,1.4536382003045911,-0.6679327064800109,0.3381604247301695,-2.3886479785911208
33.0,273.0,999.9854125976562,-0.5829080301043197,0.5938441512901438,4.052970804960252,-1.1689270072208364,-0.2098229107810407,0.8583898767830913,1.4536378131821293,-0.667931716988269,0.3381640396235665,-2.388644091190637
33.0,273.0,999.9854125976562,-0.582910921723645,0.5938468438107751,4.052966354518876,-1.1689291290153667,-0.2098202126618344,0.8583835048482102,1.453632280737395,-0.6679292895314459,0.3381567170107979,-2.38865287793681
33.0,273.0,999.9854736328124,-0.5829062029904666,0.593836395699153,4.05297521198278,-1.1689233558286762,-0.2098249695370118,0.858397728953082,1.4536373324926135,-0.6679363998723336,0.3381654810396544,-2.388640778647529
33.0,273.0,999.9854736328124,-0.5829091291420498,0.5938388910109431,4.052967150645566,-1.1689261358208451,-0.2098195689170978,0.8583933887557249,1.4536333021051293,-0.6679328121856791,0.3381615336939569,-2.3886469840640108
33.0,273.0,999.9854125976562,-0.5829077021455049,0.5938421964434575,4.052971850597512,-1.1689311000567084,-0.2098226586127021,0.8583871230336735,1.45364161511141,-0.6679292513426649,0.3381610531502401,-2.388646284542853
33.0,273.0,999.9854125976562,-0.582909926206022,0.5938419474242105,4.052971420175801,-1.168932870690222,-0.2098210720918212,0.8583868850100913,1.453638483856321,-0.6679319996604036,0.3381580283910708,-2.388651744867325
33.0,273.0,999.9854736328124,-0.5829093102984935,0.5938401568646867,4.052971847942793,-1.1689321136429394,-0.2098221931961754,0.8583863450100884,1.4536405622367097,-0.6679298442439077,0.3381580547510046,-2.3886512453787203
33.0,273.0,999.9854736328124,-0.5829102107186133,0.5938450663850912,4.052964011930246,-1.1689338308235508,-0.2098190051254942,0.8583842931100971,1.4536381434228964,-0.6679286246445066,0.3381533882382284,-2.388653436662032
33.0,273.0,999.9854125976562,-0.5829092924358914,0.593841125737729,4.0529671244572505,-1.1689300210327196,-0.2098199465649806,0.8583923780187774,1.4536351596033086,-0.6679319210208412,0.3381551813859733,-2.3886527196902003
33.0,273.0,999.9854125976562,-0.5829096201509207,0.5938454267090378,4.05296790881671,-1.168928026857381,-0.2098199477678166,0.8583878847484936,1.4536299579781904,-0.6679311170747155,0.3381597506681357,-2.388650344920144
33.0,273.0,999.9854125976562,-0.5829115196642194,0.5938448183503571,4.05296804846466,-1.1689363929749534,-0.2098177083492975,0.8583836386790686,1.453637655776726,-0.6679287530701323,0.3381553541021622,-2.3886563076135663
33.0,273.0,999.9854125976562,-0.582908210720384,0.5938390242467362,4.052972765647283,-1.168931862945758,-0.2098214532051461,0.8583910098607266,1.4536384786628522,-0.667932401101357,0.3381581515151532,-2.388651526432724
33.0,273.0,999.9854736328124,-0.5829071982660743,0.5938449731229305,4.052969306157664,-1.168923804645459,-0.2098230645946781,0.85838952677181,1.4536342832907012,-0.6679330212206605,0.3381650500633002,-2.388643845778672
33.0,273.0,999.9854736328124,-0.5829095726843958,0.5938407385559428,4.052971954665734,-1.1689341525171448,-0.209820247370847,0.8583868209768948,1.4536418738817725,-0.6679298274476588,0.3381583928375686,-2.388650999240728
33.0,273.0,999.9854125976562,-0.5829100751635394,0.5938476280285112,4.0529673532464745,-1.1689307375966438,-0.2098200484741292,0.8583837688255445,1.453634020763812,-0.667930186750664,0.3381546992962994,-2.3886517699105085
33.0,273.0,999.9854125976562,-0.5829100681240824,0.5938456765182334,4.052969274383969,-1.1689332759884987,-0.2098209617938327,0.8583825058052259,1.4536375603755474,-0.6679303053496808,0.338157951095801,-2.3886492853262418
33.0,273.0,999.9854736328124,-0.5829137736605352,0.5938444058658412,4.052969872509909,-1.1689348985154933,-0.2098161165663512,0.858386272324454,1.4536341886582802,-0.6679319963189352,0.3381573117470147,-2.3886544254390083
33.0,273.0,999.9854125976562,-0.5829098110707651,0.5938424344959188,4.052967700342922,-1.1689340197207023,-0.2098209492703437,0.8583875615235144,1.4536415851907076,-0.6679289928054075,0.3381543218562779,-2.3886531144276835
33.0,273.0,999.9854125976562,-0.5829095912944267,0.5938460000806911,4.052968302634829,-1.1689292857165583,-0.2098203361913579,0.8583858282352903,1.453633626359112,-0.6679317933515616,0.3381569036183371,-2.388649908606848
33.0,273.0,999.9854125976562,-0.5829083286359023,0.5938429914468362,4.052969750829666,-1.1689276088161824,-0.209821789504347,0.8583877389542769,1.453635512111461,-0.6679292388258498,0.338161579608176,-2.3886467668245155
33.0,273.0,999.9854736328124,-0.582908315466339,0.5938364726323808,4.052966911526594,-1.1689218542862916,-0.2098219623189905,0.8583980305806707,1.4536316359405728,-0.6679333976108337,0.3381608434691507,-2.388647879782237
33.0,273.0,999.9854125976562,-0.5829087331506964,0.5938436902926645,4.052969387091823,-1.1689274507897056,-0.2098199292101972,0.8583898443253428,1.4536331330359609,-0.6679329909130951,0.3381574499636564,-2.388652233254627
33.0,273.0,999.9854125976562,-0.582907726887834,0.5938431441529355,4.052967908674907,-1.168925345477649,-0.2098221326248337,0.8583891147660596,1.4536340246089008,-0.667931358047336,0.3381620073938247,-2.3886463715820616
33.0,273.0,999.9854125976562,-0.5829076798980068,0.5938404117607945,4.05297051304596,-1.1689275600606424,-0.209821713372114,0.8583913031801487,1.453635672254431,-0.6679319112536026,0.3381615227801768,-2.3886457164473
33.0,273.0,999.9854125976562,-0.5829093460172396,0.5938416178402219,4.052967900981471,-1.16892803086867,-0.2098216172350495,0.8583898148066798,1.4536348322165606,-0.6679315195619742,0.3381570621749787,-2.388653151886704
33.0,273.0,999.9854125976562,-0.5829111423812021,0.5938417281242927,4.052967273692527,-1.168937990894396,-0.2098188783213892,0.8583862980719843,1.4536387175801018,-0.6679299581983047,0.3381527562499551,-2.3886556633371887
33.0,273.0,999.9854125976562,-0.5829098067737242,0.5938418869161852,4.052969926076772,-1.168932962879614,-0.2098200096625611,0.8583881816774657,1.4536382420763443,-0.6679309183147435,0.3381584980015013,-2.3886515618888686
33.0,273.0,999.9854125976562,-0.5829103778848639,0.5938422112375878,4.052969555587008,-1.1689317202119307,-0.2098178053476322,0.8583889493228556,1.4536322108663455,-0.6679313620737739,0.33815856587628,-2.388654943244448
33.0,273.0,999.9854125976562,-0.5829118325315878,0.59384640490447,4.052967050494216,-1.1689325379039062,-0.2098197125543865,0.858382201093356,1.4536331260337922,-0.6679299508821508,0.3381551993224949,-2.3886558237539064
33.0,273.0,999.9854125976562,-0.582910623671121,0.5938468418117644,4.052966727923948,-1.1689308335329516,-0.2098195639844329,0.8583868100677208,1.4536382508312071,-0.6679286617520228,0.3381589475138593,-2.3886497070908383
33.0,273.0,999.9854736328124,-0.5829131705692623,0.5938446931100403,4.052967470625422,-1.168936521862003,-0.2098168929607489,0.8583832583827427,1.453636761022448,-0.6679289803960016,0.3381547199746206,-2.388654511016397
33.0,273.0,999.9854125976562,-0.5829118836340133,0.5938498672774228,4.052970448674158,-1.168936906297866,-0.2098198975170184,0.8583785078401176,1.45364085488022,-0.6679286995677023,0.3381564304744353,-2.388653206682445
33.0,273.0,999.9854125976562,-0.5829087949499652,0.593845034287007,4.052970508118444,-1.168928547894443,-0.2098224476814145,0.8583875328920989,1.4536368905675996,-0.6679312072480235,0.3381572322704009,-2.38865210320905
33.0,273.0,999.9854125976562,-0.5829084092747854,0.5938428240466642,4.0529676298032165,-1.1689301752317238,-0.2098215715815623,0.8583872038411187,1.4536343144652184,-0.667930122129043,0.3381575164245607,-2.388652078505048
33.0,273.0,999.9854125976562,-0.5829095859804241,0.5938406331269919,4.052968176709722,-1.168931503145088,-0.2098209076946222,0.8583892540233515,1.4536378364109872,-0.6679300194485567,0.3381580775888668,-2.388651822241826
33.0,273.0,999.9854125976562,-0.5829091460442974,0.5938427161815163,4.052967983914659,-1.168932720350056,-0.2098206485035323,0.8583868792050344,1.4536381128011753,-0.6679303655655904,0.3381568038581397,-2.3886493022307667
33.0,273.0,999.9854125976562,-0.5829102950702261,0.5938428858825704,4.052967843380422,-1.1689345573594268,-0.2098205921430471,0.8583856818133491,1.453640637527366,-0.6679287680216106,0.338155448232774,-2.3886515656416583
33.0,273.0,999.9854736328124,-0.5829132984414827,0.5938489709740846,4.052970789807306,-1.1689431320605124,-0.2098171771984027,0.8583788437065039,1.4536445838197327,-0.6679304958069672,0.3381497692766686,-2.3886588798555053
33.0,273.0,999.9854125976562,-0.5829060123603016,0.593836560380093,4.052975365620428,-1.1689241200480105,-0.2098240630418342,0.8583930784502982,1.4536335827633824,-0.667932516673071,0.3381671997029043,-2.3886453038692568
33.0,273.0,999.9854125976562,-0.5829130777597538,0.5938459034936212,4.05296736459896,-1.1689350907835565,-0.2098175064283491,0.8583867499397568,1.4536367382243451,-0.6679312578242138,0.3381519127861487,-2.388658390783621
33.0,273.0,999.9854125976562,-0.5829096502875846,0.5938480877049717,4.052969470781729,-1.1689296632689905,-0.2098215599325366,0.858383474204917,1.453637234407954,-0.6679297083303197,0.3381598485675932,-2.388647974585024
33.0,273.0,999.9854736328124,-0.5829101283680114,0.5938423363521537,4.052960540582697,-1.1689345906917756,-0.2098177857015342,0.858389327678375,1.4536407086056204,-0.6679272886357959,0.3381500429679462,-2.388652960588268
33.0,273.0,999.9854125976562,-0.5829095379166924,0.5938397726318092,4.052970797904784,-1.1689298783720163,-0.2098216385974236,0.8583895757878643,1.4536353100896786,-0.6679303409240527,0.3381610256267029,-2.3886518878919483
33.0,273.0,999.9854125976562,-0.5829102996672404,0.5938429846851196,4.052965962505466,-1.168929693179205,-0.2098191325018907,0.8583894703774142,1.4536324541820091,-0.6679318446519016,0.3381524100688811,-2.388655679076128
33.0,273.0,999.9854125976562,-0.582909041073064,0.5938445933394902,4.052968789229926,-1.1689255048636489,-0.2098215543503538,0.8583868715352221,1.4536343138395118,-0.6679296269553987,0.3381631023521461,-2.3886459364569825
33.0,273.0,999.9854125976562,-0.5829079981854441,0.5938425890157886,4.052973456056153,-1.1689276399711497,-0.2098214250319978,0.858391003394015,1.4536369956328965,-0.6679333548877482,0.3381645668113116,-2.388645873925591
33.0,273.0,999.9854125976562,-0.5829084140763445,0.5938444865442216,4.05297108878584,-1.1689329074348676,-0.2098213018969499,0.8583852301539547,1.4536410024667887,-0.6679290052054352,0.3381607125347718,-2.388648647023889
33.0,273.0,999.9854125976562,-0.5829074859759968,0.5938408413543153,4.052968638928359,-1.168925908185832,-0.2098230076696214,0.8583912672834142,1.453634993209235,-0.6679324347880335,0.3381608337132249,-2.38864655182546
33.0,273.0,999.9854125976562,-0.5829115473700694,0.5938460139440576,4.052964850885889,-1.1689304439558108,-0.2098181028479713,0.8583879471064835,1.4536323913428353,-0.6679312727921927,0.3381554674145794,-2.388653491124757
33.0,273.0,999.9854125976562,-0.5829092241329645,0.5938400562597561,4.052970043100826,-1.1689299670784257,-0.2098208585628489,0.8583913745644365,1.4536382003045911,-0.6679327064800109,0.3381604247301695,-2.3886479785911208
33.0,274.0,999.9854125976562,-0.5829080301043197,0.5938441512901438,4.052970804960252,-1.1689270072208364,-0.2098229107810407,0.8583898767830913,1.4536378131821293,-0.667931716988269,0.3381640396235665,-2.388644091190637
33.0,274.0,999.9854125976562,-0.582910921723645,0.5938468438107751,4.052966354518876,-1.1689291290153667,-0.2098202126618344,0.8583835048482102,1.453632280737395,-0.6679292895314459,0.3381567170107979,-2.38865287793681
33.0,274.0,999.9854736328124,-0.5829062029904666,0.593836395699153,4.05297521198278,-1.1689233558286762,-0.2098249695370118,0.858397728953082,1.4536373324926135,-0.6679363998723336,0.3381654810396544,-2.388640778647529
33.0,274.0,999.9854736328124,-0.5829091291420498,0.5938388910109431,4.052967150645566,-1.1689261358208451,-0.2098195689170978,0.8583933887557249,1.4536333021051293,-0.6679328121856791,0.3381615336939569,-2.3886469840640108
33.0,274.0,999.9854125976562,-0.5829077021455049,0.5938421964434575,4.052971850597512,-1.1689311000567084,-0.2098226586127021,0.8583871230336735,1.45364161511141,-0.6679292513426649,0.3381610531502401,-2.388646284542853
33.0,274.0,999.9854125976562,-0.582909926206022,0.5938419474242105,4.052971420175801,-1.168932870690222,-0.2098210720918212,0.8583868850100913,1.453638483856321,-0.6679319996604036,0.3381580283910708,-2.388651744867325
33.0,274.0,999.9854736328124,-0.5829093102984935,0.5938401568646867,4.052971847942793,-1.1689321136429394,-0.2098221931961754,0.8583863450100884,1.4536405622367097,-0.6679298442439077,0.3381580547510046,-2.3886512453787203
33.0,274.0,999.9854736328124,-0.5829102107186133,0.5938450663850912,4.052964011930246,-1.1689338308235508,-0.2098190051254942,0.8583842931100971,1.4536381434228964,-0.6679286246445066,0.3381533882382284,-2.388653436662032
33.0,274.0,999.9854125976562,-0.5829092924358914,0.593841125737729,4.0529671244572505,-1.1689300210327196,-0.2098199465649806,0.8583923780187774,1.4536351596033086,-0.6679319210208412,0.3381551813859733,-2.3886527196902003
33.0,274.0,999.9854125976562,-0.5829096201509207,0.5938454267090378,4.05296790881671,-1.168928026857381,-0.2098199477678166,0.8583878847484936,1.4536299579781904,-0.6679311170747155,0.3381597506681357,-2.388650344920144
33.0,274.0,999.9854125976562,-0.5829115196642194,0.5938448183503571,4.05296804846466,-1.1689363929749534,-0.2098177083492975,0.8583836386790686,1.453637655776726,-0.6679287530701323,0.3381553541021622,-2.3886563076135663
33.0,274.0,999.9854125976562,-0.582908210720384,0.5938390242467362,4.052972765647283,-1.168931862945758,-0.2098214532051461,0.8583910098607266,1.4536384786628522,-0.667932401101357,0.3381581515151532,-2.388651526432724
33.0,274.0,999.9854736328124,-0.5829071982660743,0.5938449731229305,4.052969306157664,-1.168923804645459,-0.2098230645946781,0.85838952677181,1.4536342832907012,-0.6679330212206605,0.3381650500633002,-2.388643845778672
33.0,274.0,999.9854736328124,-0.5829095726843958,0.5938407385559428,4.052971954665734,-1.1689341525171448,-0.209820247370847,0.8583868209768948,1.4536418738817725,-0.6679298274476588,0.3381583928375686,-2.388650999240728
33.0,274.0,999.9854125976562,-0.5829100751635394,0.5938476280285112,4.0529673532464745,-1.1689307375966438,-0.2098200484741292,0.8583837688255445,1.453634020763812,-0.667930186750664,0.3381546992962994,-2.3886517699105085
33.0,274.0,999.9854125976562,-0.5829100681240824,0.5938456765182334,4.052969274383969,-1.1689332759884987,-0.2098209617938327,0.8583825058052259,1.4536375603755474,-0.6679303053496808,0.338157951095801,-2.3886492853262418
33.0,274.0,999.9854736328124,-0.5829137736605352,0.5938444058658412,4.052969872509909,-1.1689348985154933,-0.2098161165663512,0.858386272324454,1.4536341886582802,-0.6679319963189352,0.3381573117470147,-2.3886544254390083
33.0,274.0,999.9854125976562,-0.5829098110707651,0.5938424344959188,4.052967700342922,-1.1689340197207023,-0.2098209492703437,0.8583875615235144,1.4536415851907076,-0.6679289928054075,0.3381543218562779,-2.3886531144276835
33.0,274.0,999.9854125976562,-0.5829095912944267,0.5938460000806911,4.052968302634829,-1.1689292857165583,-0.2098203361913579,0.8583858282352903,1.453633626359112,-0.6679317933515616,0.3381569036183371,-2.388649908606848
33.0,274.0,999.9854125976562,-0.5829083286359023,0.5938429914468362,4.052969750829666,-1.1689276088161824,-0.209821789504347,0.8583877389542769,1.453635512111461,-0.6679292388258498,0.338161579608176,-2.3886467668245155
33.0,274.0,999.9854736328124,-0.582908315466339,0.5938364726323808,4.052966911526594,-1.1689218542862916,-0.2098219623189905,0.8583980305806707,1.4536316359405728,-0.6679333976108337,0.3381608434691507,-2.388647879782237
33.0,274.0,999.9854125976562,-0.5829087331506964,0.5938436902926645,4.052969387091823,-1.1689274507897056,-0.2098199292101972,0.8583898443253428,1.4536331330359609,-0.6679329909130951,0.3381574499636564,-2.388652233254627
33.0,274.0,999.9854125976562,-0.582907726887834,0.5938431441529355,4.052967908674907,-1.168925345477649,-0.2098221326248337,0.8583891147660596,1.4536340246089008,-0.667931358047336,0.3381620073938247,-2.3886463715820616
33.0,274.0,999.9854125976562,-0.5829076798980068,0.5938404117607945,4.05297051304596,-1.1689275600606424,-0.209821713372114,0.8583913031801487,1.453635672254431,-0.6679319112536026,0.3381615227801768,-2.3886457164473
33.0,274.0,999.9854125976562,-0.5829093460172396,0.5938416178402219,4.052967900981471,-1.16892803086867,-0.2098216172350495,0.8583898148066798,1.4536348322165606,-0.6679315195619742,0.3381570621749787,-2.388653151886704
33.0,274.0,999.9854125976562,-0.5829111423812021,0.5938417281242927,4.052967273692527,-1.168937990894396,-0.2098188783213892,0.8583862980719843,1.4536387175801018,-0.6679299581983047,0.3381527562499551,-2.3886556633371887
33.0,274.0,999.9854125976562,-0.5829098067737242,0.5938418869161852,4.052969926076772,-1.168932962879614,-0.2098200096625611,0.8583881816774657,1.4536382420763443,-0.6679309183147435,0.3381584980015013,-2.3886515618888686
33.0,274.0,999.9854125976562,-0.5829103778848639,0.5938422112375878,4.052969555587008,-1.1689317202119307,-0.2098178053476322,0.8583889493228556,1.4536322108663455,-0.6679313620737739,0.33815856587628,-2.388654943244448
33.0,274.0,999.9854125976562,-0.5829118325315878,0.59384640490447,4.052967050494216,-1.1689325379039062,-0.2098197125543865,0.858382201093356,1.4536331260337922,-0.6679299508821508,0.3381551993224949,-2.3886558237539064
33.0,274.0,999.9854125976562,-0.582910623671121,0.5938468418117644,4.052966727923948,-1.1689308335329516,-0.2098195639844329,0.8583868100677208,1.4536382508312071,-0.6679286617520228,0.3381589475138593,-2.3886497070908383
33.0,274.0,999.9854736328124,-0.5829131705692623,0.5938446931100403,4.052967470625422,-1.168936521862003,-0.2098168929607489,0.8583832583827427,1.453636761022448,-0.6679289803960016,0.3381547199746206,-2.388654511016397
33.0,274.0,999.9854125976562,-0.5829118836340133,0.5938498672774228,4.052970448674158,-1.168936906297866,-0.2098198975170184,0.8583785078401176,1.45364085488022,-0.6679286995677023,0.3381564304744353,-2.388653206682445
33.0,274.0,999.9854125976562,-0.5829087949499652,0.593845034287007,4.052970508118444,-1.168928547894443,-0.2098224476814145,0.8583875328920989,1.4536368905675996,-0.6679312072480235,0.3381572322704009,-2.38865210320905
33.0,274.0,999.9854125976562,-0.5829084092747854,0.5938428240466642,4.0529676298032165,-1.1689301752317238,-0.2098215715815623,0.8583872038411187,1.4536343144652184,-0.667930122129043,0.3381575164245607,-2.388652078505048
33.0,274.0,999.9854125976562,-0.5829095859804241,0.5938406331269919,4.052968176709722,-1.168931503145088,-0.2098209076946222,0.8583892540233515,1.4536378364109872,-0.6679300194485567,0.3381580775888668,-2.388651822241826
33.0,274.0,999.9854125976562,-0.5829091460442974,0.5938427161815163,4.052967983914659,-1.168932720350056,-0.2098206485035323,0.8583868792050344,1.4536381128011753,-0.6679303655655904,0.3381568038581397,-2.3886493022307667
33.0,274.0,999.9854125976562,-0.5829102950702261,0.5938428858825704,4.052967843380422,-1.1689345573594268,-0.2098205921430471,0.8583856818133491,1.453640637527366,-0.6679287680216106,0.338155448232774,-2.3886515656416583
33.0,274.0,999.9854736328124,-0.5829132984414827,0.5938489709740846,4.052970789807306,-1.1689431320605124,-0.2098171771984027,0.8583788437065039,1.4536445838197327,-0.6679304958069672,0.3381497692766686,-2.3886588798555053
33.0,274.0,999.9854125976562,-0.5829060123603016,0.593836560380093,4.052975365620428,-1.1689241200480105,-0.2098240630418342,0.8583930784502982,1.4536335827633824,-0.667932516673071,0.3381671997029043,-2.3886453038692568
33.0,274.0,999.9854125976562,-0.5829130777597538,0.5938459034936212,4.05296736459896,-1.1689350907835565,-0.2098175064283491,0.8583867499397568,1.4536367382243451,-0.6679312578242138,0.3381519127861487,-2.388658390783621
33.0,274.0,999.9854125976562,-0.5829096502875846,0.5938480877049717,4.052969470781729,-1.1689296632689905,-0.2098215599325366,0.858383474204917,1.453637234407954,-0.6679297083303197,0.3381598485675932,-2.388647974585024
33.0,274.0,999.9854736328124,-0.5829101283680114,0.5938423363521537,4.052960540582697,-1.1689345906917756,-0.2098177857015342,0.858389327678375,1.4536407086056204,-0.6679272886357959,0.3381500429679462,-2.388652960588268
33.0,274.0,999.9854125976562,-0.5829095379166924,0.5938397726318092,4.052970797904784,-1.1689298783720163,-0.2098216385974236,0.8583895757878643,1.4536353100896786,-0.6679303409240527,0.3381610256267029,-2.3886518878919483
33.0,274.0,999.9854125976562,-0.5829102996672404,0.5938429846851196,4.052965962505466,-1.168929693179205,-0.2098191325018907,0.8583894703774142,1.4536324541820091,-0.6679318446519016,0.3381524100688811,-2.388655679076128
33.0,274.0,999.9854125976562,-0.582909041073064,0.5938445933394902,4.052968789229926,-1.1689255048636489,-0.2098215543503538,0.8583868715352221,1.4536343138395118,-0.6679296269553987,0.3381631023521461,-2.3886459364569825
33.0,274.0,999.9854125976562,-0.5829079981854441,0.5938425890157886,4.052973456056153,-1.1689276399711497,-0.2098214250319978,0.858391003394015,1.4536369956328965,-0.6679333548877482,0.3381645668113116,-2.388645873925591
33.0,274.0,999.9854125976562,-0.5829084140763445,0.5938444865442216,4.05297108878584,-1.1689329074348676,-0.2098213018969499,0.8583852301539547,1.4536410024667887,-0.6679290052054352,0.3381607125347718,-2.388648647023889
33.0,274.0,999.9854125976562,-0.5829074859759968,0.5938408413543153,4.052968638928359,-1.168925908185832,-0.2098230076696214,0.8583912672834142,1.453634993209235,-0.6679324347880335,0.3381608337132249,-2.38864655182546
33.0,274.0,999.9854125976562,-0.5829115473700694,0.5938460139440576,4.052964850885889,-1.1689304439558108,-0.2098181028479713,0.8583879471064835,1.4536323913428353,-0.6679312727921927,0.3381554674145794,-2.388653491124757
33.0,274.0,999.9854125976562,-0.5829092241329645,0.5938400562597561,4.052970043100826,-1.1689299670784257,-0.2098208585628489,0.8583913745644365,1.4536382003045911,-0.6679327064800109,0.3381604247301695,-2.3886479785911208
33.0,275.0,999.9854125976562,-0.5829080301043197,0.5938441512901438,4.052970804960252,-1.1689270072208364,-0.2098229107810407,0.8583898767830913,1.4536378131821293,-0.667931716988269,0.3381640396235665,-2.388644091190637
33.0,275.0,999.9854125976562,-0.582910921723645,0.5938468438107751,4.052966354518876,-1.1689291290153667,-0.2098202126618344,0.8583835048482102,1.453632280737395,-0.6679292895314459,0.3381567170107979,-2.38865287793681
33.0,275.0,999.9854736328124,-0.5829062029904666,0.593836395699153,4.05297521198278,-1.1689233558286762,-0.2098249695370118,0.858397728953082,1.4536373324926135,-0.6679363998723336,0.3381654810396544,-2.388640778647529
33.0,275.0,999.9854736328124,-0.5829091291420498,0.5938388910109431,4.052967150645566,-1.1689261358208451,-0.2098195689170978,0.8583933887557249,1.4536333021051293,-0.6679328121856791,0.3381615336939569,-2.3886469840640108
33.0,275.0,999.9854125976562,-0.5829077021455049,0.5938421964434575,4.052971850597512,-1.1689311000567084,-0.2098226586127021,0.8583871230336735,1.45364161511141,-0.6679292513426649,0.3381610531502401,-2.388646284542853
33.0,275.0,999.9854125976562,-0.582909926206022,0.5938419474242105,4.052971420175801,-1.168932870690222,-0.2098210720918212,0.8583868850100913,1.453638483856321,-0.6679319996604036,0.3381580283910708,-2.388651744867325
33.0,275.0,999.9854736328124,-0.5829093102984935,0.5938401568646867,4.052971847942793,-1.1689321136429394,-0.2098221931961754,0.8583863450100884,1.4536405622367097,-0.6679298442439077,0.3381580547510046,-2.3886512453787203
33.0,275.0,999.9854736328124,-0.5829102107186133,0.5938450663850912,4.052964011930246,-1.1689338308235508,-0.2098190051254942,0.8583842931100971,1.4536381434228964,-0.6679286246445066,0.3381533882382284,-2.388653436662032
33.0,275.0,999.9854125976562,-0.5829092924358914,0.593841125737729,4.0529671244572505,-1.1689300210327196,-0.2098199465649806,0.8583923780187774,1.4536351596033086,-0.6679319210208412,0.3381551813859733,-2.3886527196902003
33.0,275.0,999.9854125976562,-0.5829096201509207,0.5938454267090378,4.05296790881671,-1.168928026857381,-0.2098199477678166,0.8583878847484936,1.4536299579781904,-0.6679311170747155,0.3381597506681357,-2.388650344920144
33.0,275.0,999.9854125976562,-0.5829115196642194,0.5938448183503571,4.05296804846466,-1.1689363929749534,-0.2098177083492975,0.8583836386790686,1.453637655776726,-0.6679287530701323,0.3381553541021622,-2.3886563076135663
33.0,275.0,999.9854125976562,-0.582908210720384,0.5938390242467362,4.052972765647283,-1.168931862945758,-0.2098214532051461,0.8583910098607266,1.4536384786628522,-0.667932401101357,0.3381581515151532,-2.388651526432724
33.0,275.0,999.9854736328124,-0.5829071982660743,0.5938449731229305,4.052969306157664,-1.168923804645459,-0.2098230645946781,0.85838952677181,1.4536342832907012,-0.6679330212206605,0.3381650500633002,-2.388643845778672
33.0,275.0,999.9854736328124,-0.5829095726843958,0.5938407385559428,4.052971954665734,-1.1689341525171448,-0.209820247370847,0.8583868209768948,1.4536418738817725,-0.6679298274476588,0.3381583928375686,-2.388650999240728
33.0,275.0,999.9854125976562,-0.5829100751635394,0.5938476280285112,4.0529673532464745,-1.1689307375966438,-0.2098200484741292,0.8583837688255445,1.453634020763812,-0.667930186750664,0.3381546992962994,-2.3886517699105085
33.0,275.0,999.9854125976562,-0.5829100681240824,0.5938456765182334,4.052969274383969,-1.1689332759884987,-0.2098209617938327,0.8583825058052259,1.4536375603755474,-0.6679303053496808,0.338157951095801,-2.3886492853262418
33.0,275.0,999.9854736328124,-0.5829137736605352,0.5938444058658412,4.052969872509909,-1.1689348985154933,-0.2098161165663512,0.858386272324454,1.4536341886582802,-0.6679319963189352,0.3381573117470147,-2.3886544254390083
33.0,275.0,999.9854125976562,-0.5829098110707651,0.5938424344959188,4.052967700342922,-1.1689340197207023,-0.2098209492703437,0.8583875615235144,1.4536415851907076,-0.6679289928054075,0.3381543218562779,-2.3886531144276835
33.0,275.0,999.9854125976562,-0.5829095912944267,0.5938460000806911,4.052968302634829,-1.1689292857165583,-0.2098203361913579,0.8583858282352903,1.453633626359112,-0.6679317933515616,0.3381569036183371,-2.388649908606848
33.0,275.0,999.9854125976562,-0.5829083286359023,0.5938429914468362,4.052969750829666,-1.1689276088161824,-0.209821789504347,0.8583877389542769,1.453635512111461,-0.6679292388258498,0.338161579608176,-2.3886467668245155
33.0,275.0,999.9854736328124,-0.582908315466339,0.5938364726323808,4.052966911526594,-1.1689218542862916,-0.2098219623189905,0.8583980305806707,1.4536316359405728,-0.6679333976108337,0.3381608434691507,-2.388647879782237
33.0,275.0,999.9854125976562,-0.5829087331506964,0.5938436902926645,4.052969387091823,-1.1689274507897056,-0.2098199292101972,0.8583898443253428,1.4536331330359609,-0.6679329909130951,0.3381574499636564,-2.388652233254627
33.0,275.0,999.9854125976562,-0.582907726887834,0.5938431441529355,4.052967908674907,-1.168925345477649,-0.2098221326248337,0.8583891147660596,1.4536340246089008,-0.667931358047336,0.3381620073938247,-2.3886463715820616
33.0,275.0,999.9854125976562,-0.5829076798980068,0.5938404117607945,4.05297051304596,-1.1689275600606424,-0.209821713372114,0.8583913031801487,1.453635672254431,-0.6679319112536026,0.3381615227801768,-2.3886457164473
33.0,275.0,999.9854125976562,-0.5829093460172396,0.5938416178402219,4.052967900981471,-1.16892803086867,-0.2098216172350495,0.8583898148066798,1.4536348322165606,-0.6679315195619742,0.3381570621749787,-2.388653151886704
33.0,275.0,999.9854125976562,-0.5829111423812021,0.5938417281242927,4.052967273692527,-1.168937990894396,-0.2098188783213892,0.8583862980719843,1.4536387175801018,-0.6679299581983047,0.3381527562499551,-2.3886556633371887
33.0,275.0,999.9854125976562,-0.5829098067737242,0.5938418869161852,4.052969926076772,-1.168932962879614,-0.2098200096625611,0.8583881816774657,1.4536382420763443,-0.6679309183147435,0.3381584980015013,-2.3886515618888686
33.0,275.0,999.9854125976562,-0.5829103778848639,0.5938422112375878,4.052969555587008,-1.1689317202119307,-0.2098178053476322,0.8583889493228556,1.4536322108663455,-0.6679313620737739,0.33815856587628,-2.388654943244448
33.0,275.0,999.9854125976562,-0.5829118325315878,0.59384640490447,4.052967050494216,-1.1689325379039062,-0.2098197125543865,0.858382201093356,1.4536331260337922,-0.6679299508821508,0.3381551993224949,-2.3886558237539064
33.0,275.0,999.9854125976562,-0.582910623671121,0.5938468418117644,4.052966727923948,-1.1689308335329516,-0.2098195639844329,0.8583868100677208,1.4536382508312071,-0.6679286617520228,0.3381589475138593,-2.3886497070908383
33.0,275.0,999.9854736328124,-0.5829131705692623,0.5938446931100403,4.052967470625422,-1.168936521862003,-0.2098168929607489,0.8583832583827427,1.453636761022448,-0.6679289803960016,0.3381547199746206,-2.388654511016397
33.0,275.0,999.9854125976562,-0.5829118836340133,0.5938498672774228,4.052970448674158,-1.168936906297866,-0.2098198975170184,0.8583785078401176,1.45364085488022,-0.6679286995677023,0.3381564304744353,-2.388653206682445
33.0,275.0,999.9854125976562,-0.5829087949499652,0.593845034287007,4.052970508118444,-1.168928547894443,-0.2098224476814145,0.8583875328920989,1.4536368905675996,-0.6679312072480235,0.3381572322704009,-2.38865210320905
33.0,275.0,999.9854125976562,-0.5829084092747854,0.5938428240466642,4.0529676298032165,-1.1689301752317238,-0.2098215715815623,0.8583872038411187,1.4536343144652184,-0.667930122129043,0.3381575164245607,-2.388652078505048
33.0,275.0,999.9854125976562,-0.5829095859804241,0.5938406331269919,4.052968176709722,-1.168931503145088,-0.2098209076946222,0.8583892540233515,1.4536378364109872,-0.6679300194485567,0.3381580775888668,-2.388651822241826
33.0,275.0,999.9854125976562,-0.5829091460442974,0.5938427161815163,4.052967983914659,-1.168932720350056,-0.2098206485035323,0.8583868792050344,1.4536381128011753,-0.6679303655655904,0.3381568038581397,-2.3886493022307667
33.0,275.0,999.9854125976562,-0.5829102950702261,0.5938428858825704,4.052967843380422,-1.1689345573594268,-0.2098205921430471,0.8583856818133491,1.453640637527366,-0.6679287680216106,0.338155448232774,-2.3886515656416583
33.0,275.0,999.9854736328124,-0.5829132984414827,0.5938489709740846,4.052970789807306,-1.1689431320605124,-0.2098171771984027,0.8583788437065039,1.4536445838197327,-0.6679304958069672,0.3381497692766686,-2.3886588798555053
33.0,275.0,999.9854125976562,-0.5829060123603016,0.593836560380093,4.052975365620428,-1.1689241200480105,-0.2098240630418342,0.8583930784502982,1.4536335827633824,-0.667932516673071,0.3381671997029043,-2.3886453038692568
33.0,275.0,999.9854125976562,-0.5829130777597538,0.5938459034936212,4.05296736459896,-1.1689350907835565,-0.2098175064283491,0.8583867499397568,1.4536367382243451,-0.6679312578242138,0.3381519127861487,-2.388658390783621
33.0,275.0,999.9854125976562,-0.5829096502875846,0.5938480877049717,4.052969470781729,-1.1689296632689905,-0.2098215599325366,0.858383474204917,1.453637234407954,-0.6679297083303197,0.3381598485675932,-2.388647974585024
33.0,275.0,999.9854736328124,-0.5829101283680114,0.5938423363521537,4.052960540582697,-1.1689345906917756,-0.2098177857015342,0.858389327678375,1.4536407086056204,-0.6679272886357959,0.3381500429679462,-2.388652960588268
33.0,275.0,999.9854125976562,-0.5829095379166924,0.5938397726318092,4.052970797904784,-1.1689298783720163,-0.2098216385974236,0.8583895757878643,1.4536353100896786,-0.6679303409240527,0.3381610256267029,-2.3886518878919483
33.0,275.0,999.9854125976562,-0.5829102996672404,0.5938429846851196,4.052965962505466,-1.168929693179205,-0.2098191325018907,0.8583894703774142,1.4536324541820091,-0.6679318446519016,0.3381524100688811,-2.388655679076128
33.0,275.0,999.9854125976562,-0.582909041073064,0.5938445933394902,4.052968789229926,-1.1689255048636489,-0.2098215543503538,0.8583868715352221,1.4536343138395118,-0.6679296269553987,0.3381631023521461,-2.3886459364569825
33.0,275.0,999.9854125976562,-0.5829079981854441,0.5938425890157886,4.052973456056153,-1.1689276399711497,-0.2098214250319978,0.858391003394015,1.4536369956328965,-0.6679333548877482,0.3381645668113116,-2.388645873925591
33.0,275.0,999.9854125976562,-0.5829084140763445,0.5938444865442216,4.05297108878584,-1.1689329074348676,-0.2098213018969499,0.8583852301539547,1.4536410024667887,-0.6679290052054352,0.3381607125347718,-2.388648647023889
33.0,275.0,999.9854125976562,-0.5829074859759968,0.5938408413543153,4.052968638928359,-1.168925908185832,-0.2098230076696214,0.8583912672834142,1.453634993209235,-0.6679324347880335,0.3381608337132249,-2.38864655182546
33.0,275.0,999.9854125976562,-0.5829115473700694,0.5938460139440576,4.052964850885889,-1.1689304439558108,-0.2098181028479713,0.8583879471064835,1.4536323913428353,-0.6679312727921927,0.3381554674145794,-2.388653491124757
33.0,275.0,999.9854125976562,-0.5829092241329645,0.5938400562597561,4.052970043100826,-1.1689299670784257,-0.2098208585628489,0.8583913745644365,1.4536382003045911,-0.6679327064800109,0.3381604247301695,-2.3886479785911208
33.0,276.0,999.9854125976562,-0.5829080301043197,0.5938441512901438,4.052970804960252,-1.1689270072208364,-0.2098229107810407,0.8583898767830913,1.4536378131821293,-0.667931716988269,0.3381640396235665,-2.388644091190637
33.0,276.0,999.9854125976562,-0.582910921723645,0.5938468438107751,4.052966354518876,-1.1689291290153667,-0.2098202126618344,0.8583835048482102,1.453632280737395,-0.6679292895314459,0.3381567170107979,-2.38865287793681
33.0,276.0,999.9854736328124,-0.5829062029904666,0.593836395699153,4.05297521198278,-1.1689233558286762,-0.2098249695370118,0.858397728953082,1.4536373324926135,-0.6679363998723336,0.3381654810396544,-2.388640778647529
33.0,276.0,999.9854736328124,-0.5829091291420498,0.5938388910109431,4.052967150645566,-1.1689261358208451,-0.2098195689170978,0.8583933887557249,1.4536333021051293,-0.6679328121856791,0.3381615336939569,-2.3886469840640108
33.0,276.0,999.9854125976562,-0.5829077021455049,0.5938421964434575,4.052971850597512,-1.1689311000567084,-0.2098226586127021,0.8583871230336735,1.45364161511141,-0.6679292513426649,0.3381610531502401,-2.388646284542853
33.0,276.0,999.9854125976562,-0.582909926206022,0.5938419474242105,4.052971420175801,-1.168932870690222,-0.2098210720918212,0.8583868850100913,1.453638483856321,-0.6679319996604036,0.3381580283910708,-2.388651744867325
33.0,276.0,999.9854736328124,-0.5829093102984935,0.5938401568646867,4.052971847942793,-1.1689321136429394,-0.2098221931961754,0.8583863450100884,1.4536405622367097,-0.6679298442439077,0.3381580547510046,-2.3886512453787203
33.0,276.0,999.9854736328124,-0.5829102107186133,0.5938450663850912,4.052964011930246,-1.1689338308235508,-0.2098190051254942,0.8583842931100971,1.4536381434228964,-0.6679286246445066,0.3381533882382284,-2.388653436662032
33.0,276.0,999.9854125976562,-0.5829092924358914,0.593841125737729,4.0529671244572505,-1.1689300210327196,-0.2098199465649806,0.8583923780187774,1.4536351596033086,-0.6679319210208412,0.3381551813859733,-2.3886527196902003
33.0,276.0,999.9854125976562,-0.5829096201509207,0.5938454267090378,4.05296790881671,-1.168928026857381,-0.2098199477678166,0.8583878847484936,1.4536299579781904,-0.6679311170747155,0.3381597506681357,-2.388650344920144
33.0,276.0,999.9854125976562,-0.5829115196642194,0.5938448183503571,4.05296804846466,-1.1689363929749534,-0.2098177083492975,0.8583836386790686,1.453637655776726,-0.6679287530701323,0.3381553541021622,-2.3886563076135663
33.0,276.0,999.9854125976562,-0.582908210720384,0.5938390242467362,4.052972765647283,-1.168931862945758,-0.2098214532051461,0.8583910098607266,1.4536384786628522,-0.667932401101357,0.3381581515151532,-2.388651526432724
33.0,276.0,999.9854736328124,-0.5829071982660743,0.5938449731229305,4.052969306157664,-1.168923804645459,-0.2098230645946781,0.85838952677181,1.4536342832907012,-0.6679330212206605,0.3381650500633002,-2.388643845778672
33.0,276.0,999.9854736328124,-0.5829095726843958,0.5938407385559428,4.052971954665734,-1.1689341525171448,-0.209820247370847,0.8583868209768948,1.4536418738817725,-0.6679298274476588,0.3381583928375686,-2.388650999240728
33.0,276.0,999.9854125976562,-0.5829100751635394,0.5938476280285112,4.0529673532464745,-1.1689307375966438,-0.2098200484741292,0.8583837688255445,1.453634020763812,-0.667930186750664,0.3381546992962994,-2.3886517699105085
33.0,276.0,999.9854125976562,-0.5829100681240824,0.5938456765182334,4.052969274383969,-1.1689332759884987,-0.2098209617938327,0.8583825058052259,1.4536375603755474,-0.6679303053496808,0.338157951095801,-2.3886492853262418
33.0,276.0,999.9854736328124,-0.5829137736605352,0.5938444058658412,4.052969872509909,-1.1689348985154933,-0.2098161165663512,0.858386272324454,1.4536341886582802,-0.6679319963189352,0.3381573117470147,-2.3886544254390083
33.0,276.0,999.9854125976562,-0.5829098110707651,0.5938424344959188,4.052967700342922,-1.1689340197207023,-0.2098209492703437,0.8583875615235144,1.4536415851907076,-0.6679289928054075,0.3381543218562779,-2.3886531144276835
33.0,276.0,999.9854125976562,-0.5829095912944267,0.5938460000806911,4.052968302634829,-1.1689292857165583,-0.2098203361913579,0.8583858282352903,1.453633626359112,-0.6679317933515616,0.3381569036183371,-2.388649908606848
33.0,276.0,999.9854125976562,-0.5829083286359023,0.5938429914468362,4.052969750829666,-1.1689276088161824,-0.209821789504347,0.8583877389542769,1.453635512111461,-0.6679292388258498,0.338161579608176,-2.3886467668245155
33.0,276.0,999.9854736328124,-0.582908315466339,0.5938364726323808,4.052966911526594,-1.1689218542862916,-0.2098219623189905,0.8583980305806707,1.4536316359405728,-0.6679333976108337,0.3381608434691507,-2.388647879782237
33.0,276.0,999.9854125976562,-0.5829087331506964,0.5938436902926645,4.052969387091823,-1.1689274507897056,-0.2098199292101972,0.8583898443253428,1.4536331330359609,-0.6679329909130951,0.3381574499636564,-2.388652233254627
33.0,276.0,999.9854125976562,-0.582907726887834,0.5938431441529355,4.052967908674907,-1.168925345477649,-0.2098221326248337,0.8583891147660596,1.4536340246089008,-0.667931358047336,0.3381620073938247,-2.3886463715820616
33.0,276.0,999.9854125976562,-0.5829076798980068,0.5938404117607945,4.05297051304596,-1.1689275600606424,-0.209821713372114,0.8583913031801487,1.453635672254431,-0.6679319112536026,0.3381615227801768,-2.3886457164473
33.0,276.0,999.9854125976562,-0.5829093460172396,0.5938416178402219,4.052967900981471,-1.16892803086867,-0.2098216172350495,0.8583898148066798,1.4536348322165606,-0.6679315195619742,0.3381570621749787,-2.388653151886704
33.0,276.0,999.9854125976562,-0.5829111423812021,0.5938417281242927,4.052967273692527,-1.168937990894396,-0.2098188783213892,0.8583862980719843,1.4536387175801018,-0.6679299581983047,0.3381527562499551,-2.3886556633371887
33.0,276.0,999.9854125976562,-0.5829098067737242,0.5938418869161852,4.052969926076772,-1.168932962879614,-0.2098200096625611,0.8583881816774657,1.4536382420763443,-0.6679309183147435,0.3381584980015013,-2.3886515618888686
33.0,276.0,999.9854125976562,-0.5829103778848639,0.5938422112375878,4.052969555587008,-1.1689317202119307,-0.2098178053476322,0.8583889493228556,1.4536322108663455,-0.6679313620737739,0.33815856587628,-2.388654943244448
33.0,276.0,999.9854125976562,-0.5829118325315878,0.59384640490447,4.052967050494216,-1.1689325379039062,-0.2098197125543865,0.858382201093356,1.4536331260337922,-0.6679299508821508,0.3381551993224949,-2.3886558237539064
33.0,276.0,999.9854125976562,-0.582910623671121,0.5938468418117644,4.052966727923948,-1.1689308335329516,-0.2098195639844329,0.8583868100677208,1.4536382508312071,-0.6679286617520228,0.3381589475138593,-2.3886497070908383
33.0,276.0,999.9854736328124,-0.5829131705692623,0.5938446931100403,4.052967470625422,-1.168936521862003,-0.2098168929607489,0.8583832583827427,1.453636761022448,-0.6679289803960016,0.3381547199746206,-2.388654511016397
33.0,276.0,999.9854125976562,-0.5829118836340133,0.5938498672774228,4.052970448674158,-1.168936906297866,-0.2098198975170184,0.8583785078401176,1.45364085488022,-0.6679286995677023,0.3381564304744353,-2.388653206682445
33.0,276.0,999.9854125976562,-0.5829087949499652,0.593845034287007,4.052970508118444,-1.168928547894443,-0.2098224476814145,0.8583875328920989,1.4536368905675996,-0.6679312072480235,0.3381572322704009,-2.38865210320905
33.0,276.0,999.9854125976562,-0.5829084092747854,0.5938428240466642,4.0529676298032165,-1.1689301752317238,-0.2098215715815623,0.8583872038411187,1.4536343144652184,-0.667930122129043,0.3381575164245607,-2.388652078505048
33.0,276.0,999.9854125976562,-0.5829095859804241,0.5938406331269919,4.052968176709722,-1.168931503145088,-0.2098209076946222,0.8583892540233515,1.4536378364109872,-0.6679300194485567,0.3381580775888668,-2.388651822241826
33.0,276.0,999.9854125976562,-0.5829091460442974,0.5938427161815163,4.052967983914659,-1.168932720350056,-0.2098206485035323,0.8583868792050344,1.4536381128011753,-0.6679303655655904,0.3381568038581397,-2.3886493022307667
33.0,276.0,999.9854125976562,-0.5829102950702261,0.5938428858825704,4.052967843380422,-1.1689345573594268,-0.2098205921430471,0.8583856818133491,1.453640637527366,-0.6679287680216106,0.338155448232774,-2.3886515656416583
33.0,276.0,999.9854736328124,-0.5829132984414827,0.5938489709740846,4.052970789807306,-1.1689431320605124,-0.2098171771984027,0.8583788437065039,1.4536445838197327,-0.6679304958069672,0.3381497692766686,-2.3886588798555053
33.0,276.0,999.9854125976562,-0.5829060123603016,0.593836560380093,4.052975365620428,-1.1689241200480105,-0.2098240630418342,0.8583930784502982,1.4536335827633824,-0.667932516673071,0.3381671997029043,-2.3886453038692568
33.0,276.0,999.9854125976562,-0.5829130777597538,0.5938459034936212,4.05296736459896,-1.1689350907835565,-0.2098175064283491,0.8583867499397568,1.4536367382243451,-0.6679312578242138,0.3381519127861487,-2.388658390783621
33.0,276.0,999.9854125976562,-0.5829096502875846,0.5938480877049717,4.052969470781729,-1.1689296632689905,-0.2098215599325366,0.858383474204917,1.453637234407954,-0.6679297083303197,0.3381598485675932,-2.388647974585024
33.0,276.0,999.9854736328124,-0.5829101283680114,0.5938423363521537,4.052960540582697,-1.1689345906917756,-0.2098177857015342,0.858389327678375,1.4536407086056204,-0.6679272886357959,0.3381500429679462,-2.388652960588268
33.0,276.0,999.9854125976562,-0.5829095379166924,0.5938397726318092,4.052970797904784,-1.1689298783720163,-0.2098216385974236,0.8583895757878643,1.4536353100896786,-0.6679303409240527,0.3381610256267029,-2.3886518878919483
33.0,276.0,999.9854125976562,-0.5829102996672404,0.5938429846851196,4.052965962505466,-1.168929693179205,-0.2098191325018907,0.8583894703774142,1.4536324541820091,-0.6679318446519016,0.3381524100688811,-2.388655679076128
33.0,276.0,999.9854125976562,-0.582909041073064,0.5938445933394902,4.052968789229926,-1.1689255048636489,-0.2098215543503538,0.8583868715352221,1.4536343138395118,-0.6679296269553987,0.3381631023521461,-2.3886459364569825
33.0,276.0,999.9854125976562,-0.5829079981854441,0.5938425890157886,4.052973456056153,-1.1689276399711497,-0.2098214250319978,0.858391003394015,1.4536369956328965,-0.6679333548877482,0.3381645668113116,-2.388645873925591
33.0,276.0,999.9854125976562,-0.5829084140763445,0.5938444865442216,4.05297108878584,-1.1689329074348676,-0.2098213018969499,0.8583852301539547,1.4536410024667887,-0.6679290052054352,0.3381607125347718,-2.388648647023889
33.0,276.0,999.9854125976562,-0.5829074859759968,0.5938408413543153,4.052968638928359,-1.168925908185832,-0.2098230076696214,0.8583912672834142,1.453634993209235,-0.6679324347880335,0.3381608337132249,-2.38864655182546
33.0,276.0,999.9854125976562,-0.5829115473700694,0.5938460139440576,4.052964850885889,-1.1689304439558108,-0.2098181028479713,0.8583879471064835,1.4536323913428353,-0.6679312727921927,0.3381554674145794,-2.388653491124757
33.0,276.0,999.9854125976562,-0.5829092241329645,0.5938400562597561,4.052970043100826,-1.1689299670784257,-0.2098208585628489,0.8583913745644365,1.4536382003045911,-0.6679327064800109,0.3381604247301695,-2.3886479785911208
33.0,277.0,999.9854125976562,-0.5829080301043197,0.5938441512901438,4.052970804960252,-1.1689270072208364,-0.2098229107810407,0.8583898767830913,1.4536378131821293,-0.667931716988269,0.3381640396235665,-2.388644091190637
33.0,277.0,999.9854125976562,-0.582910921723645,0.5938468438107751,4.052966354518876,-1.1689291290153667,-0.2098202126618344,0.8583835048482102,1.453632280737395,-0.6679292895314459,0.3381567170107979,-2.38865287793681
33.0,277.0,999.9854736328124,-0.5829062029904666,0.593836395699153,4.05297521198278,-1.1689233558286762,-0.2098249695370118,0.858397728953082,1.4536373324926135,-0.6679363998723336,0.3381654810396544,-2.388640778647529
33.0,277.0,999.9854736328124,-0.5829091291420498,0.5938388910109431,4.052967150645566,-1.1689261358208451,-0.2098195689170978,0.8583933887557249,1.4536333021051293,-0.6679328121856791,0.3381615336939569,-2.3886469840640108
33.0,277.0,999.9854125976562,-0.5829077021455049,0.5938421964434575,4.052971850597512,-1.1689311000567084,-0.2098226586127021,0.8583871230336735,1.45364161511141,-0.6679292513426649,0.3381610531502401,-2.388646284542853
33.0,277.0,999.9854125976562,-0.582909926206022,0.5938419474242105,4.052971420175801,-1.168932870690222,-0.2098210720918212,0.8583868850100913,1.453638483856321,-0.6679319996604036,0.3381580283910708,-2.388651744867325
33.0,277.0,999.9854736328124,-0.5829093102984935,0.5938401568646867,4.052971847942793,-1.1689321136429394,-0.2098221931961754,0.8583863450100884,1.4536405622367097,-0.6679298442439077,0.3381580547510046,-2.3886512453787203
33.0,277.0,999.9854736328124,-0.5829102107186133,0.5938450663850912,4.052964011930246,-1.1689338308235508,-0.2098190051254942,0.8583842931100971,1.4536381434228964,-0.6679286246445066,0.3381533882382284,-2.388653436662032
33.0,277.0,999.9854125976562,-0.5829092924358914,0.593841125737729,4.0529671244572505,-1.1689300210327196,-0.2098199465649806,0.8583923780187774,1.4536351596033086,-0.6679319210208412,0.3381551813859733,-2.3886527196902003
33.0,277.0,999.9854125976562,-0.5829096201509207,0.5938454267090378,4.05296790881671,-1.168928026857381,-0.2098199477678166,0.8583878847484936,1.4536299579781904,-0.6679311170747155,0.3381597506681357,-2.388650344920144
33.0,277.0,999.9854125976562,-0.5829115196642194,0.5938448183503571,4.05296804846466,-1.1689363929749534,-0.2098177083492975,0.8583836386790686,1.453637655776726,-0.6679287530701323,0.3381553541021622,-2.3886563076135663
33.0,277.0,999.9854125976562,-0.582908210720384,0.5938390242467362,4.052972765647283,-1.168931862945758,-0.2098214532051461,0.8583910098607266,1.4536384786628522,-0.667932401101357,0.3381581515151532,-2.388651526432724
33.0,277.0,999.9854736328124,-0.5829071982660743,0.5938449731229305,4.052969306157664,-1.168923804645459,-0.2098230645946781,0.85838952677181,1.4536342832907012,-0.6679330212206605,0.3381650500633002,-2.388643845778672
33.0,277.0,999.9854736328124,-0.5829095726843958,0.5938407385559428,4.052971954665734,-1.1689341525171448,-0.209820247370847,0.8583868209768948,1.4536418738817725,-0.6679298274476588,0.3381583928375686,-2.388650999240728
33.0,277.0,999.9854125976562,-0.5829100751635394,0.5938476280285112,4.0529673532464745,-1.1689307375966438,-0.2098200484741292,0.8583837688255445,1.453634020763812,-0.667930186750664,0.3381546992962994,-2.3886517699105085
33.0,277.0,999.9854125976562,-0.5829100681240824,0.5938456765182334,4.052969274383969,-1.1689332759884987,-0.2098209617938327,0.8583825058052259,1.4536375603755474,-0.6679303053496808,0.338157951095801,-2.3886492853262418
33.0,277.0,999.9854736328124,-0.5829137736605352,0.5938444058658412,4.052969872509909,-1.1689348985154933,-0.2098161165663512,0.858386272324454,1.4536341886582802,-0.6679319963189352,0.3381573117470147,-2.3886544254390083
33.0,277.0,999.9854125976562,-0.5829098110707651,0.5938424344959188,4.052967700342922,-1.1689340197207023,-0.2098209492703437,0.8583875615235144,1.4536415851907076,-0.6679289928054075,0.3381543218562779,-2.3886531144276835
33.0,277.0,999.9854125976562,-0.5829095912944267,0.5938460000806911,4.052968302634829,-1.1689292857165583,-0.2098203361913579,0.8583858282352903,1.453633626359112,-0.6679317933515616,0.3381569036183371,-2.388649908606848
33.0,277.0,999.9854125976562,-0.5829083286359023,0.5938429914468362,4.052969750829666,-1.1689276088161824,-0.209821789504347,0.8583877389542769,1.453635512111461,-0.6679292388258498,0.338161579608176,-2.3886467668245155
33.0,277.0,999.9854736328124,-0.582908315466339,0.5938364726323808,4.052966911526594,-1.1689218542862916,-0.2098219623189905,0.8583980305806707,1.4536316359405728,-0.6679333976108337,0.3381608434691507,-2.388647879782237
33.0,277.0,999.9854125976562,-0.5829087331506964,0.5938436902926645,4.052969387091823,-1.1689274507897056,-0.2098199292101972,0.8583898443253428,1.4536331330359609,-0.6679329909130951,0.3381574499636564,-2.388652233254627
33.0,277.0,999.9854125976562,-0.582907726887834,0.5938431441529355,4.052967908674907,-1.168925345477649,-0.2098221326248337,0.8583891147660596,1.4536340246089008,-0.667931358047336,0.3381620073938247,-2.3886463715820616
33.0,277.0,999.9854125976562,-0.5829076798980068,0.5938404117607945,4.05297051304596,-1.1689275600606424,-0.209821713372114,0.8583913031801487,1.453635672254431,-0.6679319112536026,0.3381615227801768,-2.3886457164473
33.0,277.0,999.9854125976562,-0.5829093460172396,0.5938416178402219,4.052967900981471,-1.16892803086867,-0.2098216172350495,0.8583898148066798,1.4536348322165606,-0.6679315195619742,0.3381570621749787,-2.388653151886704
33.0,277.0,999.9854125976562,-0.5829111423812021,0.5938417281242927,4.052967273692527,-1.168937990894396,-0.2098188783213892,0.8583862980719843,1.4536387175801018,-0.6679299581983047,0.3381527562499551,-2.3886556633371887
33.0,277.0,999.9854125976562,-0.5829098067737242,0.5938418869161852,4.052969926076772,-1.168932962879614,-0.2098200096625611,0.8583881816774657,1.4536382420763443,-0.6679309183147435,0.3381584980015013,-2.3886515618888686
33.0,277.0,999.9854125976562,-0.5829103778848639,0.5938422112375878,4.052969555587008,-1.1689317202119307,-0.2098178053476322,0.8583889493228556,1.4536322108663455,-0.6679313620737739,0.33815856587628,-2.388654943244448
33.0,277.0,999.9854125976562,-0.5829118325315878,0.59384640490447,4.052967050494216,-1.1689325379039062,-0.2098197125543865,0.858382201093356,1.4536331260337922,-0.6679299508821508,0.3381551993224949,-2.3886558237539064
33.0,277.0,999.9854125976562,-0.582910623671121,0.5938468418117644,4.052966727923948,-1.1689308335329516,-0.2098195639844329,0.8583868100677208,1.4536382508312071,-0.6679286617520228,0.3381589475138593,-2.3886497070908383
33.0,277.0,999.9854736328124,-0.5829131705692623,0.5938446931100403,4.052967470625422,-1.168936521862003,-0.2098168929607489,0.8583832583827427,1.453636761022448,-0.6679289803960016,0.3381547199746206,-2.388654511016397
33.0,277.0,999.9854125976562,-0.5829118836340133,0.5938498672774228,4.052970448674158,-1.168936906297866,-0.2098198975170184,0.8583785078401176,1.45364085488022,-0.6679286995677023,0.3381564304744353,-2.388653206682445
33.0,277.0,999.9854125976562,-0.5829087949499652,0.593845034287007,4.052970508118444,-1.168928547894443,-0.2098224476814145,0.8583875328920989,1.4536368905675996,-0.6679312072480235,0.3381572322704009,-2.38865210320905
33.0,277.0,999.9854125976562,-0.5829084092747854,0.5938428240466642,4.0529676298032165,-1.1689301752317238,-0.2098215715815623,0.8583872038411187,1.4536343144652184,-0.667930122129043,0.3381575164245607,-2.388652078505048
33.0,277.0,999.9854125976562,-0.5829095859804241,0.5938406331269919,4.052968176709722,-1.168931503145088,-0.2098209076946222,0.8583892540233515,1.4536378364109872,-0.6679300194485567,0.3381580775888668,-2.388651822241826
33.0,277.0,999.9854125976562,-0.5829091460442974,0.5938427161815163,4.052967983914659,-1.168932720350056,-0.2098206485035323,0.8583868792050344,1.4536381128011753,-0.6679303655655904,0.3381568038581397,-2.3886493022307667
33.0,277.0,999.9854125976562,-0.5829102950702261,0.5938428858825704,4.052967843380422,-1.1689345573594268,-0.2098205921430471,0.8583856818133491,1.453640637527366,-0.6679287680216106,0.338155448232774,-2.3886515656416583
33.0,277.0,999.9854736328124,-0.5829132984414827,0.5938489709740846,4.052970789807306,-1.1689431320605124,-0.2098171771984027,0.8583788437065039,1.4536445838197327,-0.6679304958069672,0.3381497692766686,-2.3886588798555053
33.0,277.0,999.9854125976562,-0.5829060123603016,0.593836560380093,4.052975365620428,-1.1689241200480105,-0.2098240630418342,0.8583930784502982,1.4536335827633824,-0.667932516673071,0.3381671997029043,-2.3886453038692568
33.0,277.0,999.9854125976562,-0.5829130777597538,0.5938459034936212,4.05296736459896,-1.1689350907835565,-0.2098175064283491,0.8583867499397568,1.4536367382243451,-0.6679312578242138,0.3381519127861487,-2.388658390783621
33.0,277.0,999.9854125976562,-0.5829096502875846,0.5938480877049717,4.052969470781729,-1.1689296632689905,-0.2098215599325366,0.858383474204917,1.453637234407954,-0.6679297083303197,0.3381598485675932,-2.388647974585024
33.0,277.0,999.9854736328124,-0.5829101283680114,0.5938423363521537,4.052960540582697,-1.1689345906917756,-0.2098177857015342,0.858389327678375,1.4536407086056204,-0.6679272886357959,0.3381500429679462,-2.388652960588268
33.0,277.0,999.9854125976562,-0.5829095379166924,0.5938397726318092,4.052970797904784,-1.1689298783720163,-0.2098216385974236,0.8583895757878643,1.4536353100896786,-0.6679303409240527,0.3381610256267029,-2.3886518878919483
33.0,277.0,999.9854125976562,-0.5829102996672404,0.5938429846851196,4.052965962505466,-1.168929693179205,-0.2098191325018907,0.8583894703774142,1.4536324541820091,-0.6679318446519016,0.3381524100688811,-2.388655679076128
33.0,277.0,999.9854125976562,-0.582909041073064,0.5938445933394902,4.052968789229926,-1.1689255048636489,-0.2098215543503538,0.8583868715352221,1.4536343138395118,-0.6679296269553987,0.3381631023521461,-2.3886459364569825
33.0,277.0,999.9854125976562,-0.5829079981854441,0.5938425890157886,4.052973456056153,-1.1689276399711497,-0.2098214250319978,0.858391003394015,1.4536369956328965,-0.6679333548877482,0.3381645668113116,-2.388645873925591
33.0,277.0,999.9854125976562,-0.5829084140763445,0.5938444865442216,4.05297108878584,-1.1689329074348676,-0.2098213018969499,0.8583852301539547,1.4536410024667887,-0.6679290052054352,0.3381607125347718,-2.388648647023889
33.0,277.0,999.9854125976562,-0.5829074859759968,0.5938408413543153,4.052968638928359,-1.168925908185832,-0.2098230076696214,0.8583912672834142,1.453634993209235,-0.6679324347880335,0.3381608337132249,-2.38864655182546
33.0,277.0,999.9854125976562,-0.5829115473700694,0.5938460139440576,4.052964850885889,-1.1689304439558108,-0.2098181028479713,0.8583879471064835,1.4536323913428353,-0.6679312727921927,0.3381554674145794,-2.388653491124757
33.0,277.0,999.9854125976562,-0.5829092241329645,0.5938400562597561,4.052970043100826,-1.1689299670784257,-0.2098208585628489,0.8583913745644365,1.4536382003045911,-0.6679327064800109,0.3381604247301695,-2.3886479785911208
33.0,278.0,999.9854125976562,-0.5829080301043197,0.5938441512901438,4.052970804960252,-1.1689270072208364,-0.2098229107810407,0.8583898767830913,1.4536378131821293,-0.667931716988269,0.3381640396235665,-2.388644091190637
33.0,278.0,999.9854125976562,-0.582910921723645,0.5938468438107751,4.052966354518876,-1.1689291290153667,-0.2098202126618344,0.8583835048482102,1.453632280737395,-0.6679292895314459,0.3381567170107979,-2.38865287793681
33.0,278.0,999.9854736328124,-0.5829062029904666,0.593836395699153,4.05297521198278,-1.1689233558286762,-0.2098249695370118,0.858397728953082,1.4536373324926135,-0.6679363998723336,0.3381654810396544,-2.388640778647529
33.0,278.0,999.9854736328124,-0.5829091291420498,0.5938388910109431,4.052967150645566,-1.1689261358208451,-0.2098195689170978,0.8583933887557249,1.4536333021051293,-0.6679328121856791,0.3381615336939569,-2.3886469840640108
33.0,278.0,999.9854125976562,-0.5829077021455049,0.5938421964434575,4.052971850597512,-1.1689311000567084,-0.2098226586127021,0.8583871230336735,1.45364161511141,-0.6679292513426649,0.3381610531502401,-2.388646284542853
33.0,278.0,999.9854125976562,-0.582909926206022,0.5938419474242105,4.052971420175801,-1.168932870690222,-0.2098210720918212,0.8583868850100913,1.453638483856321,-0.6679319996604036,0.3381580283910708,-2.388651744867325
33.0,278.0,999.9854736328124,-0.5829093102984935,0.5938401568646867,4.052971847942793,-1.1689321136429394,-0.2098221931961754,0.8583863450100884,1.4536405622367097,-0.6679298442439077,0.3381580547510046,-2.3886512453787203
33.0,278.0,999.9854736328124,-0.5829102107186133,0.5938450663850912,4.052964011930246,-1.1689338308235508,-0.2098190051254942,0.8583842931100971,1.4536381434228964,-0.6679286246445066,0.3381533882382284,-2.388653436662032
33.0,278.0,999.9854125976562,-0.5829092924358914,0.593841125737729,4.0529671244572505,-1.1689300210327196,-0.2098199465649806,0.8583923780187774,1.4536351596033086,-0.6679319210208412,0.3381551813859733,-2.3886527196902003
33.0,278.0,999.9854125976562,-0.5829096201509207,0.5938454267090378,4.05296790881671,-1.168928026857381,-0.2098199477678166,0.8583878847484936,1.4536299579781904,-0.6679311170747155,0.3381597506681357,-2.388650344920144
33.0,278.0,999.9854125976562,-0.5829115196642194,0.5938448183503571,4.05296804846466,-1.1689363929749534,-0.2098177083492975,0.8583836386790686,1.453637655776726,-0.6679287530701323,0.3381553541021622,-2.3886563076135663
33.0,278.0,999.9854125976562,-0.582908210720384,0.5938390242467362,4.052972765647283,-1.168931862945758,-0.2098214532051461,0.8583910098607266,1.4536384786628522,-0.667932401101357,0.3381581515151532,-2.388651526432724
33.0,278.0,999.9854736328124,-0.5829071982660743,0.5938449731229305,4.052969306157664,-1.168923804645459,-0.2098230645946781,0.85838952677181,1.4536342832907012,-0.6679330212206605,0.3381650500633002,-2.388643845778672
33.0,278.0,999.9854736328124,-0.5829095726843958,0.5938407385559428,4.052971954665734,-1.1689341525171448,-0.209820247370847,0.8583868209768948,1.4536418738817725,-0.6679298274476588,0.3381583928375686,-2.388650999240728
33.0,278.0,999.9854125976562,-0.5829100751635394,0.5938476280285112,4.0529673532464745,-1.1689307375966438,-0.2098200484741292,0.8583837688255445,1.453634020763812,-0.667930186750664,0.3381546992962994,-2.3886517699105085
33.0,278.0,999.9854125976562,-0.5829100681240824,0.5938456765182334,4.052969274383969,-1.1689332759884987,-0.2098209617938327,0.8583825058052259,1.4536375603755474,-0.6679303053496808,0.338157951095801,-2.3886492853262418
33.0,278.0,999.9854736328124,-0.5829137736605352,0.5938444058658412,4.052969872509909,-1.1689348985154933,-0.2098161165663512,0.858386272324454,1.4536341886582802,-0.6679319963189352,0.3381573117470147,-2.3886544254390083
33.0,278.0,999.9854125976562,-0.5829098110707651,0.5938424344959188,4.052967700342922,-1.1689340197207023,-0.2098209492703437,0.8583875615235144,1.4536415851907076,-0.6679289928054075,0.3381543218562779,-2.3886531144276835
33.0,278.0,999.9854125976562,-0.5829095912944267,0.5938460000806911,4.052968302634829,-1.1689292857165583,-0.2098203361913579,0.8583858282352903,1.453633626359112,-0.6679317933515616,0.3381569036183371,-2.388649908606848
33.0,278.0,999.9854125976562,-0.5829083286359023,0.5938429914468362,4.052969750829666,-1.1689276088161824,-0.209821789504347,0.8583877389542769,1.453635512111461,-0.6679292388258498,0.338161579608176,-2.3886467668245155
33.0,278.0,999.9854736328124,-0.582908315466339,0.5938364726323808,4.052966911526594,-1.1689218542862916,-0.2098219623189905,0.8583980305806707,1.4536316359405728,-0.6679333976108337,0.3381608434691507,-2.388647879782237
33.0,278.0,999.9854125976562,-0.5829087331506964,0.5938436902926645,4.052969387091823,-1.1689274507897056,-0.2098199292101972,0.8583898443253428,1.4536331330359609,-0.6679329909130951,0.3381574499636564,-2.388652233254627
33.0,278.0,999.9854125976562,-0.582907726887834,0.5938431441529355,4.052967908674907,-1.168925345477649,-0.2098221326248337,0.8583891147660596,1.4536340246089008,-0.667931358047336,0.3381620073938247,-2.3886463715820616
33.0,278.0,999.9854125976562,-0.5829076798980068,0.5938404117607945,4.05297051304596,-1.1689275600606424,-0.209821713372114,0.8583913031801487,1.453635672254431,-0.6679319112536026,0.3381615227801768,-2.3886457164473
33.0,278.0,999.9854125976562,-0.5829093460172396,0.5938416178402219,4.052967900981471,-1.16892803086867,-0.2098216172350495,0.8583898148066798,1.4536348322165606,-0.6679315195619742,0.3381570621749787,-2.388653151886704
33.0,278.0,999.9854125976562,-0.5829111423812021,0.5938417281242927,4.052967273692527,-1.168937990894396,-0.2098188783213892,0.8583862980719843,1.4536387175801018,-0.6679299581983047,0.3381527562499551,-2.3886556633371887
33.0,278.0,999.9854125976562,-0.5829098067737242,0.5938418869161852,4.052969926076772,-1.168932962879614,-0.2098200096625611,0.8583881816774657,1.4536382420763443,-0.6679309183147435,0.3381584980015013,-2.3886515618888686
33.0,278.0,999.9854125976562,-0.5829103778848639,0.5938422112375878,4.052969555587008,-1.1689317202119307,-0.2098178053476322,0.8583889493228556,1.4536322108663455,-0.6679313620737739,0.33815856587628,-2.388654943244448
33.0,278.0,999.9854125976562,-0.5829118325315878,0.59384640490447,4.052967050494216,-1.1689325379039062,-0.2098197125543865,0.858382201093356,1.4536331260337922,-0.6679299508821508,0.3381551993224949,-2.3886558237539064
33.0,278.0,999.9854125976562,-0.582910623671121,0.5938468418117644,4.052966727923948,-1.1689308335329516,-0.2098195639844329,0.8583868100677208,1.4536382508312071,-0.6679286617520228,0.3381589475138593,-2.3886497070908383
33.0,278.0,999.9854736328124,-0.5829131705692623,0.5938446931100403,4.052967470625422,-1.168936521862003,-0.2098168929607489,0.8583832583827427,1.453636761022448,-0.6679289803960016,0.3381547199746206,-2.388654511016397
33.0,278.0,999.9854125976562,-0.5829118836340133,0.5938498672774228,4.052970448674158,-1.168936906297866,-0.2098198975170184,0.8583785078401176,1.45364085488022,-0.6679286995677023,0.3381564304744353,-2.388653206682445
33.0,278.0,999.9854125976562,-0.5829087949499652,0.593845034287007,4.052970508118444,-1.168928547894443,-0.2098224476814145,0.8583875328920989,1.4536368905675996,-0.6679312072480235,0.3381572322704009,-2.38865210320905
33.0,278.0,999.9854125976562,-0.5829084092747854,0.5938428240466642,4.0529676298032165,-1.1689301752317238,-0.2098215715815623,0.8583872038411187,1.4536343144652184,-0.667930122129043,0.3381575164245607,-2.388652078505048
33.0,278.0,999.9854125976562,-0.5829095859804241,0.5938406331269919,4.052968176709722,-1.168931503145088,-0.2098209076946222,0.8583892540233515,1.4536378364109872,-0.6679300194485567,0.3381580775888668,-2.388651822241826
33.0,278.0,999.9854125976562,-0.5829091460442974,0.5938427161815163,4.052967983914659,-1.168932720350056,-0.2098206485035323,0.8583868792050344,1.4536381128011753,-0.6679303655655904,0.3381568038581397,-2.3886493022307667
33.0,278.0,999.9854125976562,-0.5829102950702261,0.5938428858825704,4.052967843380422,-1.1689345573594268,-0.2098205921430471,0.8583856818133491,1.453640637527366,-0.6679287680216106,0.338155448232774,-2.3886515656416583
33.0,278.0,999.9854736328124,-0.5829132984414827,0.5938489709740846,4.052970789807306,-1.1689431320605124,-0.2098171771984027,0.8583788437065039,1.4536445838197327,-0.6679304958069672,0.3381497692766686,-2.3886588798555053
33.0,278.0,999.9854125976562,-0.5829060123603016,0.593836560380093,4.052975365620428,-1.1689241200480105,-0.2098240630418342,0.8583930784502982,1.4536335827633824,-0.667932516673071,0.3381671997029043,-2.3886453038692568
33.0,278.0,999.9854125976562,-0.5829130777597538,0.5938459034936212,4.05296736459896,-1.1689350907835565,-0.2098175064283491,0.8583867499397568,1.4536367382243451,-0.6679312578242138,0.3381519127861487,-2.388658390783621
33.0,278.0,999.9854125976562,-0.5829096502875846,0.5938480877049717,4.052969470781729,-1.1689296632689905,-0.2098215599325366,0.858383474204917,1.453637234407954,-0.6679297083303197,0.3381598485675932,-2.388647974585024
33.0,278.0,999.9854736328124,-0.5829101283680114,0.5938423363521537,4.052960540582697,-1.1689345906917756,-0.2098177857015342,0.858389327678375,1.4536407086056204,-0.6679272886357959,0.3381500429679462,-2.388652960588268
33.0,278.0,999.9854125976562,-0.5829095379166924,0.5938397726318092,4.052970797904784,-1.1689298783720163,-0.2098216385974236,0.8583895757878643,1.4536353100896786,-0.6679303409240527,0.3381610256267029,-2.3886518878919483
33.0,278.0,999.9854125976562,-0.5829102996672404,0.5938429846851196,4.052965962505466,-1.168929693179205,-0.2098191325018907,0.8583894703774142,1.4536324541820091,-0.6679318446519016,0.3381524100688811,-2.388655679076128
33.0,278.0,999.9854125976562,-0.582909041073064,0.5938445933394902,4.052968789229926,-1.1689255048636489,-0.2098215543503538,0.8583868715352221,1.4536343138395118,-0.6679296269553987,0.3381631023521461,-2.3886459364569825
33.0,278.0,999.9854125976562,-0.5829079981854441,0.5938425890157886,4.052973456056153,-1.1689276399711497,-0.2098214250319978,0.858391003394015,1.4536369956328965,-0.6679333548877482,0.3381645668113116,-2.388645873925591
33.0,278.0,999.9854125976562,-0.5829084140763445,0.5938444865442216,4.05297108878584,-1.1689329074348676,-0.2098213018969499,0.8583852301539547,1.4536410024667887,-0.6679290052054352,0.3381607125347718,-2.388648647023889
33.0,278.0,999.9854125976562,-0.5829074859759968,0.5938408413543153,4.052968638928359,-1.168925908185832,-0.2098230076696214,0.8583912672834142,1.453634993209235,-0.6679324347880335,0.3381608337132249,-2.38864655182546
33.0,278.0,999.9854125976562,-0.5829115473700694,0.5938460139440576,4.052964850885889,-1.1689304439558108,-0.2098181028479713,0.8583879471064835,1.4536323913428353,-0.6679312727921927,0.3381554674145794,-2.388653491124757
33.0,278.0,999.9854125976562,-0.5829092241329645,0.5938400562597561,4.052970043100826,-1.1689299670784257,-0.2098208585628489,0.8583913745644365,1.4536382003045911,-0.6679327064800109,0.3381604247301695,-2.3886479785911208
33.0,279.0,999.9854125976562,-0.5829080301043197,0.5938441512901438,4.052970804960252,-1.1689270072208364,-0.2098229107810407,0.8583898767830913,1.4536378131821293,-0.667931716988269,0.3381640396235665,-2.388644091190637
33.0,279.0,999.9854125976562,-0.582910921723645,0.5938468438107751,4.052966354518876,-1.1689291290153667,-0.2098202126618344,0.8583835048482102,1.453632280737395,-0.6679292895314459,0.3381567170107979,-2.38865287793681
33.0,279.0,999.9854736328124,-0.5829062029904666,0.593836395699153,4.05297521198278,-1.1689233558286762,-0.2098249695370118,0.858397728953082,1.4536373324926135,-0.6679363998723336,0.3381654810396544,-2.388640778647529
33.0,279.0,999.9854736328124,-0.5829091291420498,0.5938388910109431,4.052967150645566,-1.1689261358208451,-0.2098195689170978,0.8583933887557249,1.4536333021051293,-0.6679328121856791,0.3381615336939569,-2.3886469840640108
33.0,279.0,999.9854125976562,-0.5829077021455049,0.5938421964434575,4.052971850597512,-1.1689311000567084,-0.2098226586127021,0.8583871230336735,1.45364161511141,-0.6679292513426649,0.3381610531502401,-2.388646284542853
33.0,279.0,999.9854125976562,-0.582909926206022,0.5938419474242105,4.052971420175801,-1.168932870690222,-0.2098210720918212,0.8583868850100913,1.453638483856321,-0.6679319996604036,0.3381580283910708,-2.388651744867325
33.0,279.0,999.9854736328124,-0.5829093102984935,0.5938401568646867,4.052971847942793,-1.1689321136429394,-0.2098221931961754,0.8583863450100884,1.4536405622367097,-0.6679298442439077,0.3381580547510046,-2.3886512453787203
33.0,279.0,999.9854736328124,-0.5829102107186133,0.5938450663850912,4.052964011930246,-1.1689338308235508,-0.2098190051254942,0.8583842931100971,1.4536381434228964,-0.6679286246445066,0.3381533882382284,-2.388653436662032
33.0,279.0,999.9854125976562,-0.5829092924358914,0.593841125737729,4.0529671244572505,-1.1689300210327196,-0.2098199465649806,0.8583923780187774,1.4536351596033086,-0.6679319210208412,0.3381551813859733,-2.3886527196902003
33.0,279.0,999.9854125976562,-0.5829096201509207,0.5938454267090378,4.05296790881671,-1.168928026857381,-0.2098199477678166,0.8583878847484936,1.4536299579781904,-0.6679311170747155,0.3381597506681357,-2.388650344920144
33.0,279.0,999.9854125976562,-0.5829115196642194,0.5938448183503571,4.05296804846466,-1.1689363929749534,-0.2098177083492975,0.8583836386790686,1.453637655776726,-0.6679287530701323,0.3381553541021622,-2.3886563076135663
33.0,279.0,999.9854125976562,-0.582908210720384,0.5938390242467362,4.052972765647283,-1.168931862945758,-0.2098214532051461,0.8583910098607266,1.4536384786628522,-0.667932401101357,0.3381581515151532,-2.388651526432724
33.0,279.0,999.9854736328124,-0.5829071982660743,0.5938449731229305,4.052969306157664,-1.168923804645459,-0.2098230645946781,0.85838952677181,1.4536342832907012,-0.6679330212206605,0.3381650500633002,-2.388643845778672
33.0,279.0,999.9854736328124,-0.5829095726843958,0.5938407385559428,4.052971954665734,-1.1689341525171448,-0.209820247370847,0.8583868209768948,1.4536418738817725,-0.6679298274476588,0.3381583928375686,-2.388650999240728
33.0,279.0,999.9854125976562,-0.5829100751635394,0.5938476280285112,4.0529673532464745,-1.1689307375966438,-0.2098200484741292,0.8583837688255445,1.453634020763812,-0.667930186750664,0.3381546992962994,-2.3886517699105085
33.0,279.0,999.9854125976562,-0.5829100681240824,0.5938456765182334,4.052969274383969,-1.1689332759884987,-0.2098209617938327,0.8583825058052259,1.4536375603755474,-0.6679303053496808,0.338157951095801,-2.3886492853262418
33.0,279.0,999.9854736328124,-0.5829137736605352,0.5938444058658412,4.052969872509909,-1.1689348985154933,-0.2098161165663512,0.858386272324454,1.4536341886582802,-0.6679319963189352,0.3381573117470147,-2.3886544254390083
33.0,279.0,999.9854125976562,-0.5829098110707651,0.5938424344959188,4.052967700342922,-1.1689340197207023,-0.2098209492703437,0.8583875615235144,1.4536415851907076,-0.6679289928054075,0.3381543218562779,-2.3886531144276835
33.0,279.0,999.9854125976562,-0.5829095912944267,0.5938460000806911,4.052968302634829,-1.1689292857165583,-0.2098203361913579,0.8583858282352903,1.453633626359112,-0.6679317933515616,0.3381569036183371,-2.388649908606848
33.0,279.0,999.9854125976562,-0.5829083286359023,0.5938429914468362,4.052969750829666,-1.1689276088161824,-0.209821789504347,0.8583877389542769,1.453635512111461,-0.6679292388258498,0.338161579608176,-2.3886467668245155
33.0,279.0,999.9854736328124,-0.582908315466339,0.5938364726323808,4.052966911526594,-1.1689218542862916,-0.2098219623189905,0.8583980305806707,1.4536316359405728,-0.6679333976108337,0.3381608434691507,-2.388647879782237
33.0,279.0,999.9854125976562,-0.5829087331506964,0.5938436902926645,4.052969387091823,-1.1689274507897056,-0.2098199292101972,0.8583898443253428,1.4536331330359609,-0.6679329909130951,0.3381574499636564,-2.388652233254627
33.0,279.0,999.9854125976562,-0.582907726887834,0.5938431441529355,4.052967908674907,-1.168925345477649,-0.2098221326248337,0.8583891147660596,1.4536340246089008,-0.667931358047336,0.3381620073938247,-2.3886463715820616
33.0,279.0,999.9854125976562,-0.5829076798980068,0.5938404117607945,4.05297051304596,-1.1689275600606424,-0.209821713372114,0.8583913031801487,1.453635672254431,-0.6679319112536026,0.3381615227801768,-2.3886457164473
33.0,279.0,999.9854125976562,-0.5829093460172396,0.5938416178402219,4.052967900981471,-1.16892803086867,-0.2098216172350495,0.8583898148066798,1.4536348322165606,-0.6679315195619742,0.3381570621749787,-2.388653151886704
33.0,279.0,999.9854125976562,-0.5829111423812021,0.5938417281242927,4.052967273692527,-1.168937990894396,-0.2098188783213892,0.8583862980719843,1.4536387175801018,-0.6679299581983047,0.3381527562499551,-2.3886556633371887
33.0,279.0,999.9854125976562,-0.5829098067737242,0.5938418869161852,4.052969926076772,-1.168932962879614,-0.2098200096625611,0.8583881816774657,1.4536382420763443,-0.6679309183147435,0.3381584980015013,-2.3886515618888686
33.0,279.0,999.9854125976562,-0.5829103778848639,0.5938422112375878,4.052969555587008,-1.1689317202119307,-0.2098178053476322,0.8583889493228556,1.4536322108663455,-0.6679313620737739,0.33815856587628,-2.388654943244448
33.0,279.0,999.9854125976562,-0.5829118325315878,0.59384640490447,4.052967050494216,-1.1689325379039062,-0.2098197125543865,0.858382201093356,1.4536331260337922,-0.6679299508821508,0.3381551993224949,-2.3886558237539064
33.0,279.0,999.9854125976562,-0.582910623671121,0.5938468418117644,4.052966727923948,-1.1689308335329516,-0.2098195639844329,0.8583868100677208,1.4536382508312071,-0.6679286617520228,0.3381589475138593,-2.3886497070908383
33.0,279.0,999.9854736328124,-0.5829131705692623,0.5938446931100403,4.052967470625422,-1.168936521862003,-0.2098168929607489,0.8583832583827427,1.453636761022448,-0.6679289803960016,0.3381547199746206,-2.388654511016397
33.0,279.0,999.9854125976562,-0.5829118836340133,0.5938498672774228,4.052970448674158,-1.168936906297866,-0.2098198975170184,0.8583785078401176,1.45364085488022,-0.6679286995677023,0.3381564304744353,-2.388653206682445
33.0,279.0,999.9854125976562,-0.5829087949499652,0.593845034287007,4.052970508118444,-1.168928547894443,-0.2098224476814145,0.8583875328920989,1.4536368905675996,-0.6679312072480235,0.3381572322704009,-2.38865210320905
33.0,279.0,999.9854125976562,-0.5829084092747854,0.5938428240466642,4.0529676298032165,-1.1689301752317238,-0.2098215715815623,0.8583872038411187,1.4536343144652184,-0.667930122129043,0.3381575164245607,-2.388652078505048
33.0,279.0,999.9854125976562,-0.5829095859804241,0.5938406331269919,4.052968176709722,-1.168931503145088,-0.2098209076946222,0.8583892540233515,1.4536378364109872,-0.6679300194485567,0.3381580775888668,-2.388651822241826
33.0,279.0,999.9854125976562,-0.5829091460442974,0.5938427161815163,4.052967983914659,-1.168932720350056,-0.2098206485035323,0.8583868792050344,1.4536381128011753,-0.6679303655655904,0.3381568038581397,-2.3886493022307667
33.0,279.0,999.9854125976562,-0.5829102950702261,0.5938428858825704,4.052967843380422,-1.1689345573594268,-0.2098205921430471,0.8583856818133491,1.453640637527366,-0.6679287680216106,0.338155448232774,-2.3886515656416583
33.0,279.0,999.9854736328124,-0.5829132984414827,0.5938489709740846,4.052970789807306,-1.1689431320605124,-0.2098171771984027,0.8583788437065039,1.4536445838197327,-0.6679304958069672,0.3381497692766686,-2.3886588798555053
33.0,279.0,999.9854125976562,-0.5829060123603016,0.593836560380093,4.052975365620428,-1.1689241200480105,-0.2098240630418342,0.8583930784502982,1.4536335827633824,-0.667932516673071,0.3381671997029043,-2.3886453038692568
33.0,279.0,999.9854125976562,-0.5829130777597538,0.5938459034936212,4.05296736459896,-1.1689350907835565,-0.2098175064283491,0.8583867499397568,1.4536367382243451,-0.6679312578242138,0.3381519127861487,-2.388658390783621
33.0,279.0,999.9854125976562,-0.5829096502875846,0.5938480877049717,4.052969470781729,-1.1689296632689905,-0.2098215599325366,0.858383474204917,1.453637234407954,-0.6679297083303197,0.3381598485675932,-2.388647974585024
33.0,279.0,999.9854736328124,-0.5829101283680114,0.5938423363521537,4.052960540582697,-1.1689345906917756,-0.2098177857015342,0.858389327678375,1.4536407086056204,-0.6679272886357959,0.3381500429679462,-2.388652960588268
33.0,279.0,999.9854125976562,-0.5829095379166924,0.5938397726318092,4.052970797904784,-1.1689298783720163,-0.2098216385974236,0.8583895757878643,1.4536353100896786,-0.6679303409240527,0.3381610256267029,-2.3886518878919483
33.0,279.0,999.9854125976562,-0.5829102996672404,0.5938429846851196,4.052965962505466,-1.168929693179205,-0.2098191325018907,0.8583894703774142,1.4536324541820091,-0.6679318446519016,0.3381524100688811,-2.388655679076128
33.0,279.0,999.9854125976562,-0.582909041073064,0.5938445933394902,4.052968789229926,-1.1689255048636489,-0.2098215543503538,0.8583868715352221,1.4536343138395118,-0.6679296269553987,0.3381631023521461,-2.3886459364569825
33.0,279.0,999.9854125976562,-0.5829079981854441,0.5938425890157886,4.052973456056153,-1.1689276399711497,-0.2098214250319978,0.858391003394015,1.4536369956328965,-0.6679333548877482,0.3381645668113116,-2.388645873925591
33.0,279.0,999.9854125976562,-0.5829084140763445,0.5938444865442216,4.05297108878584,-1.1689329074348676,-0.2098213018969499,0.8583852301539547,1.4536410024667887,-0.6679290052054352,0.3381607125347718,-2.388648647023889
33.0,279.0,999.9854125976562,-0.5829074859759968,0.5938408413543153,4.052968638928359,-1.168925908185832,-0.2098230076696214,0.8583912672834142,1.453634993209235,-0.6679324347880335,0.3381608337132249,-2.38864655182546
33.0,279.0,999.9854125976562,-0.5829115473700694,0.5938460139440576,4.052964850885889,-1.1689304439558108,-0.2098181028479713,0.8583879471064835,1.4536323913428353,-0.6679312727921927,0.3381554674145794,-2.388653491124757
33.0,279.0,999.9854125976562,-0.5829092241329645,0.5938400562597561,4.052970043100826,-1.1689299670784257,-0.2098208585628489,0.8583913745644365,1.4536382003045911,-0.6679327064800109,0.3381604247301695,-2.3886479785911208
33.0,280.0,999.9854125976562,-0.5829080301043197,0.5938441512901438,4.052970804960252,-1.1689270072208364,-0.2098229107810407,0.8583898767830913,1.4536378131821293,-0.667931716988269,0.3381640396235665,-2.388644091190637
33.0,280.0,999.9854125976562,-0.582910921723645,0.5938468438107751,4.052966354518876,-1.1689291290153667,-0.2098202126618344,0.8583835048482102,1.453632280737395,-0.6679292895314459,0.3381567170107979,-2.38865287793681
33.0,280.0,999.9854736328124,-0.5829062029904666,0.593836395699153,4.05297521198278,-1.1689233558286762,-0.2098249695370118,0.858397728953082,1.4536373324926135,-0.6679363998723336,0.3381654810396544,-2.388640778647529
33.0,280.0,999.9854736328124,-0.5829091291420498,0.5938388910109431,4.052967150645566,-1.1689261358208451,-0.2098195689170978,0.8583933887557249,1.4536333021051293,-0.6679328121856791,0.3381615336939569,-2.3886469840640108
33.0,280.0,999.9854125976562,-0.5829077021455049,0.5938421964434575,4.052971850597512,-1.1689311000567084,-0.2098226586127021,0.8583871230336735,1.45364161511141,-0.6679292513426649,0.3381610531502401,-2.388646284542853
33.0,280.0,999.9854125976562,-0.582909926206022,0.5938419474242105,4.052971420175801,-1.168932870690222,-0.2098210720918212,0.8583868850100913,1.453638483856321,-0.6679319996604036,0.3381580283910708,-2.388651744867325
33.0,280.0,999.9854736328124,-0.5829093102984935,0.5938401568646867,4.052971847942793,-1.1689321136429394,-0.2098221931961754,0.8583863450100884,1.4536405622367097,-0.6679298442439077,0.3381580547510046,-2.3886512453787203
33.0,280.0,999.9854736328124,-0.5829102107186133,0.5938450663850912,4.052964011930246,-1.1689338308235508,-0.2098190051254942,0.8583842931100971,1.4536381434228964,-0.6679286246445066,0.3381533882382284,-2.388653436662032
33.0,280.0,999.9854125976562,-0.5829092924358914,0.593841125737729,4.0529671244572505,-1.1689300210327196,-0.2098199465649806,0.8583923780187774,1.4536351596033086,-0.6679319210208412,0.3381551813859733,-2.3886527196902003
33.0,280.0,999.9854125976562,-0.5829096201509207,0.5938454267090378,4.05296790881671,-1.168928026857381,-0.2098199477678166,0.8583878847484936,1.4536299579781904,-0.6679311170747155,0.3381597506681357,-2.388650344920144
33.0,280.0,999.9854125976562,-0.5829115196642194,0.5938448183503571,4.05296804846466,-1.1689363929749534,-0.2098177083492975,0.8583836386790686,1.453637655776726,-0.6679287530701323,0.3381553541021622,-2.3886563076135663
33.0,280.0,999.9854125976562,-0.582908210720384,0.5938390242467362,4.052972765647283,-1.168931862945758,-0.2098214532051461,0.8583910098607266,1.4536384786628522,-0.667932401101357,0.3381581515151532,-2.388651526432724
33.0,280.0,999.9854736328124,-0.5829071982660743,0.5938449731229305,4.052969306157664,-1.168923804645459,-0.2098230645946781,0.85838952677181,1.4536342832907012,-0.6679330212206605,0.3381650500633002,-2.388643845778672
33.0,280.0,999.9854736328124,-0.5829095726843958,0.5938407385559428,4.052971954665734,-1.1689341525171448,-0.209820247370847,0.8583868209768948,1.4536418738817725,-0.6679298274476588,0.3381583928375686,-2.388650999240728
33.0,280.0,999.9854125976562,-0.5829100751635394,0.5938476280285112,4.0529673532464745,-1.1689307375966438,-0.2098200484741292,0.8583837688255445,1.453634020763812,-0.667930186750664,0.3381546992962994,-2.3886517699105085
33.0,280.0,999.9854125976562,-0.5829100681240824,0.5938456765182334,4.052969274383969,-1.1689332759884987,-0.2098209617938327,0.8583825058052259,1.4536375603755474,-0.6679303053496808,0.338157951095801,-2.3886492853262418
33.0,280.0,999.9854736328124,-0.5829137736605352,0.5938444058658412,4.052969872509909,-1.1689348985154933,-0.2098161165663512,0.858386272324454,1.4536341886582802,-0.6679319963189352,0.3381573117470147,-2.3886544254390083
33.0,280.0,999.9854125976562,-0.5829098110707651,0.5938424344959188,4.052967700342922,-1.1689340197207023,-0.2098209492703437,0.8583875615235144,1.4536415851907076,-0.6679289928054075,0.3381543218562779,-2.3886531144276835
33.0,280.0,999.9854125976562,-0.5829095912944267,0.5938460000806911,4.052968302634829,-1.1689292857165583,-0.2098203361913579,0.8583858282352903,1.453633626359112,-0.6679317933515616,0.3381569036183371,-2.388649908606848
33.0,280.0,999.9854125976562,-0.5829083286359023,0.5938429914468362,4.052969750829666,-1.1689276088161824,-0.209821789504347,0.8583877389542769,1.453635512111461,-0.6679292388258498,0.338161579608176,-2.3886467668245155
33.0,280.0,999.9854736328124,-0.582908315466339,0.5938364726323808,4.052966911526594,-1.1689218542862916,-0.2098219623189905,0.8583980305806707,1.4536316359405728,-0.6679333976108337,0.3381608434691507,-2.388647879782237
33.0,280.0,999.9854125976562,-0.5829087331506964,0.5938436902926645,4.052969387091823,-1.1689274507897056,-0.2098199292101972,0.8583898443253428,1.4536331330359609,-0.6679329909130951,0.3381574499636564,-2.388652233254627
33.0,280.0,999.9854125976562,-0.582907726887834,0.5938431441529355,4.052967908674907,-1.168925345477649,-0.2098221326248337,0.8583891147660596,1.4536340246089008,-0.667931358047336,0.3381620073938247,-2.3886463715820616
33.0,280.0,999.9854125976562,-0.5829076798980068,0.5938404117607945,4.05297051304596,-1.1689275600606424,-0.209821713372114,0.8583913031801487,1.453635672254431,-0.6679319112536026,0.3381615227801768,-2.3886457164473
33.0,280.0,999.9854125976562,-0.5829093460172396,0.5938416178402219,4.052967900981471,-1.16892803086867,-0.2098216172350495,0.8583898148066798,1.4536348322165606,-0.6679315195619742,0.3381570621749787,-2.388653151886704
33.0,280.0,999.9854125976562,-0.5829111423812021,0.5938417281242927,4.052967273692527,-1.168937990894396,-0.2098188783213892,0.8583862980719843,1.4536387175801018,-0.6679299581983047,0.3381527562499551,-2.3886556633371887
33.0,280.0,999.9854125976562,-0.5829098067737242,0.5938418869161852,4.052969926076772,-1.168932962879614,-0.2098200096625611,0.8583881816774657,1.4536382420763443,-0.6679309183147435,0.3381584980015013,-2.3886515618888686
33.0,280.0,999.9854125976562,-0.5829103778848639,0.5938422112375878,4.052969555587008,-1.1689317202119307,-0.2098178053476322,0.8583889493228556,1.4536322108663455,-0.6679313620737739,0.33815856587628,-2.388654943244448
33.0,280.0,999.9854125976562,-0.5829118325315878,0.59384640490447,4.052967050494216,-1.1689325379039062,-0.2098197125543865,0.858382201093356,1.4536331260337922,-0.6679299508821508,0.3381551993224949,-2.3886558237539064
33.0,280.0,999.9854125976562,-0.582910623671121,0.5938468418117644,4.052966727923948,-1.1689308335329516,-0.2098195639844329,0.8583868100677208,1.4536382508312071,-0.6679286617520228,0.3381589475138593,-2.3886497070908383
33.0,280.0,999.9854736328124,-0.5829131705692623,0.5938446931100403,4.052967470625422,-1.168936521862003,-0.2098168929607489,0.8583832583827427,1.453636761022448,-0.6679289803960016,0.3381547199746206,-2.388654511016397
33.0,280.0,999.9854125976562,-0.5829118836340133,0.5938498672774228,4.052970448674158,-1.168936906297866,-0.2098198975170184,0.8583785078401176,1.45364085488022,-0.6679286995677023,0.3381564304744353,-2.388653206682445
33.0,280.0,999.9854125976562,-0.5829087949499652,0.593845034287007,4.052970508118444,-1.168928547894443,-0.2098224476814145,0.8583875328920989,1.4536368905675996,-0.6679312072480235,0.3381572322704009,-2.38865210320905
33.0,280.0,999.9854125976562,-0.5829084092747854,0.5938428240466642,4.0529676298032165,-1.1689301752317238,-0.2098215715815623,0.8583872038411187,1.4536343144652184,-0.667930122129043,0.3381575164245607,-2.388652078505048
33.0,280.0,999.9854125976562,-0.5829095859804241,0.5938406331269919,4.052968176709722,-1.168931503145088,-0.2098209076946222,0.8583892540233515,1.4536378364109872,-0.6679300194485567,0.3381580775888668,-2.388651822241826
33.0,280.0,999.9854125976562,-0.5829091460442974,0.5938427161815163,4.052967983914659,-1.168932720350056,-0.2098206485035323,0.8583868792050344,1.4536381128011753,-0.6679303655655904,0.3381568038581397,-2.3886493022307667
33.0,280.0,999.9854125976562,-0.5829102950702261,0.5938428858825704,4.052967843380422,-1.1689345573594268,-0.2098205921430471,0.8583856818133491,1.453640637527366,-0.6679287680216106,0.338155448232774,-2.3886515656416583
33.0,280.0,999.9854736328124,-0.5829132984414827,0.5938489709740846,4.052970789807306,-1.1689431320605124,-0.2098171771984027,0.8583788437065039,1.4536445838197327,-0.6679304958069672,0.3381497692766686,-2.3886588798555053
33.0,280.0,999.9854125976562,-0.5829060123603016,0.593836560380093,4.052975365620428,-1.1689241200480105,-0.2098240630418342,0.8583930784502982,1.4536335827633824,-0.667932516673071,0.3381671997029043,-2.3886453038692568
33.0,280.0,999.9854125976562,-0.5829130777597538,0.5938459034936212,4.05296736459896,-1.1689350907835565,-0.2098175064283491,0.8583867499397568,1.4536367382243451,-0.6679312578242138,0.3381519127861487,-2.388658390783621
33.0,280.0,999.9854125976562,-0.5829096502875846,0.5938480877049717,4.052969470781729,-1.1689296632689905,-0.2098215599325366,0.858383474204917,1.453637234407954,-0.6679297083303197,0.3381598485675932,-2.388647974585024
33.0,280.0,999.9854736328124,-0.5829101283680114,0.5938423363521537,4.052960540582697,-1.1689345906917756,-0.2098177857015342,0.858389327678375,1.4536407086056204,-0.6679272886357959,0.3381500429679462,-2.388652960588268
33.0,280.0,999.9854125976562,-0.5829095379166924,0.5938397726318092,4.052970797904784,-1.1689298783720163,-0.2098216385974236,0.8583895757878643,1.4536353100896786,-0.6679303409240527,0.3381610256267029,-2.3886518878919483
33.0,280.0,999.9854125976562,-0.5829102996672404,0.5938429846851196,4.052965962505466,-1.168929693179205,-0.2098191325018907,0.8583894703774142,1.4536324541820091,-0.6679318446519016,0.3381524100688811,-2.388655679076128
33.0,280.0,999.9854125976562,-0.582909041073064,0.5938445933394902,4.052968789229926,-1.1689255048636489,-0.2098215543503538,0.8583868715352221,1.4536343138395118,-0.6679296269553987,0.3381631023521461,-2.3886459364569825
33.0,280.0,999.9854125976562,-0.5829079981854441,0.5938425890157886,4.052973456056153,-1.1689276399711497,-0.2098214250319978,0.858391003394015,1.4536369956328965,-0.6679333548877482,0.3381645668113116,-2.388645873925591
33.0,280.0,999.9854125976562,-0.5829084140763445,0.5938444865442216,4.05297108878584,-1.1689329074348676,-0.2098213018969499,0.8583852301539547,1.4536410024667887,-0.6679290052054352,0.3381607125347718,-2.388648647023889
33.0,280.0,999.9854125976562,-0.5829074859759968,0.5938408413543153,4.052968638928359,-1.168925908185832,-0.2098230076696214,0.8583912672834142,1.453634993209235,-0.6679324347880335,0.3381608337132249,-2.38864655182546
33.0,280.0,999.9854125976562,-0.5829115473700694,0.5938460139440576,4.052964850885889,-1.1689304439558108,-0.2098181028479713,0.8583879471064835,1.4536323913428353,-0.6679312727921927,0.3381554674145794,-2.388653491124757
33.0,280.0,999.9854125976562,-0.5829092241329645,0.5938400562597561,4.052970043100826,-1.1689299670784257,-0.2098208585628489,0.8583913745644365,1.4536382003045911,-0.6679327064800109,0.3381604247301695,-2.3886479785911208
33.0,281.0,999.9854125976562,-0.5829080301043197,0.5938441512901438,4.052970804960252,-1.1689270072208364,-0.2098229107810407,0.8583898767830913,1.4536378131821293,-0.667931716988269,0.3381640396235665,-2.388644091190637
33.0,281.0,999.9854125976562,-0.582910921723645,0.5938468438107751,4.052966354518876,-1.1689291290153667,-0.2098202126618344,0.8583835048482102,1.453632280737395,-0.6679292895314459,0.3381567170107979,-2.38865287793681
33.0,281.0,999.9854736328124,-0.5829062029904666,0.593836395699153,4.05297521198278,-1.1689233558286762,-0.2098249695370118,0.858397728953082,1.4536373324926135,-0.6679363998723336,0.3381654810396544,-2.388640778647529
33.0,281.0,999.9854736328124,-0.5829091291420498,0.5938388910109431,4.052967150645566,-1.1689261358208451,-0.2098195689170978,0.8583933887557249,1.4536333021051293,-0.6679328121856791,0.3381615336939569,-2.3886469840640108
33.0,281.0,999.9854125976562,-0.5829077021455049,0.5938421964434575,4.052971850597512,-1.1689311000567084,-0.2098226586127021,0.8583871230336735,1.45364161511141,-0.6679292513426649,0.3381610531502401,-2.388646284542853
33.0,281.0,999.9854125976562,-0.582909926206022,0.5938419474242105,4.052971420175801,-1.168932870690222,-0.2098210720918212,0.8583868850100913,1.453638483856321,-0.6679319996604036,0.3381580283910708,-2.388651744867325
33.0,281.0,999.9854736328124,-0.5829093102984935,0.5938401568646867,4.052971847942793,-1.1689321136429394,-0.2098221931961754,0.8583863450100884,1.4536405622367097,-0.6679298442439077,0.3381580547510046,-2.3886512453787203
33.0,281.0,999.9854736328124,-0.5829102107186133,0.5938450663850912,4.052964011930246,-1.1689338308235508,-0.2098190051254942,0.8583842931100971,1.4536381434228964,-0.6679286246445066,0.3381533882382284,-2.388653436662032
33.0,281.0,999.9854125976562,-0.5829092924358914,0.593841125737729,4.0529671244572505,-1.1689300210327196,-0.2098199465649806,0.8583923780187774,1.4536351596033086,-0.6679319210208412,0.3381551813859733,-2.3886527196902003
33.0,281.0,999.9854125976562,-0.5829096201509207,0.5938454267090378,4.05296790881671,-1.168928026857381,-0.2098199477678166,0.8583878847484936,1.4536299579781904,-0.6679311170747155,0.3381597506681357,-2.388650344920144
33.0,281.0,999.9854125976562,-0.5829115196642194,0.5938448183503571,4.05296804846466,-1.1689363929749534,-0.2098177083492975,0.8583836386790686,1.453637655776726,-0.6679287530701323,0.3381553541021622,-2.3886563076135663
33.0,281.0,999.9854125976562,-0.582908210720384,0.5938390242467362,4.052972765647283,-1.168931862945758,-0.2098214532051461,0.8583910098607266,1.4536384786628522,-0.667932401101357,0.3381581515151532,-2.388651526432724
33.0,281.0,999.9854736328124,-0.5829071982660743,0.5938449731229305,4.052969306157664,-1.168923804645459,-0.2098230645946781,0.85838952677181,1.4536342832907012,-0.6679330212206605,0.3381650500633002,-2.388643845778672
33.0,281.0,999.9854736328124,-0.5829095726843958,0.5938407385559428,4.052971954665734,-1.1689341525171448,-0.209820247370847,0.8583868209768948,1.4536418738817725,-0.6679298274476588,0.3381583928375686,-2.388650999240728
33.0,281.0,999.9854125976562,-0.5829100751635394,0.5938476280285112,4.0529673532464745,-1.1689307375966438,-0.2098200484741292,0.8583837688255445,1.453634020763812,-0.667930186750664,0.3381546992962994,-2.3886517699105085
33.0,281.0,999.9854125976562,-0.5829100681240824,0.5938456765182334,4.052969274383969,-1.1689332759884987,-0.2098209617938327,0.8583825058052259,1.4536375603755474,-0.6679303053496808,0.338157951095801,-2.3886492853262418
33.0,281.0,999.9854736328124,-0.5829137736605352,0.5938444058658412,4.052969872509909,-1.1689348985154933,-0.2098161165663512,0.858386272324454,1.4536341886582802,-0.6679319963189352,0.3381573117470147,-2.3886544254390083
33.0,281.0,999.9854125976562,-0.5829098110707651,0.5938424344959188,4.052967700342922,-1.1689340197207023,-0.2098209492703437,0.8583875615235144,1.4536415851907076,-0.6679289928054075,0.3381543218562779,-2.3886531144276835
33.0,281.0,999.9854125976562,-0.5829095912944267,0.5938460000806911,4.052968302634829,-1.1689292857165583,-0.2098203361913579,0.8583858282352903,1.453633626359112,-0.6679317933515616,0.3381569036183371,-2.388649908606848
33.0,281.0,999.9854125976562,-0.5829083286359023,0.5938429914468362,4.052969750829666,-1.1689276088161824,-0.209821789504347,0.8583877389542769,1.453635512111461,-0.6679292388258498,0.338161579608176,-2.3886467668245155
33.0,281.0,999.9854736328124,-0.582908315466339,0.5938364726323808,4.052966911526594,-1.1689218542862916,-0.2098219623189905,0.8583980305806707,1.4536316359405728,-0.6679333976108337,0.3381608434691507,-2.388647879782237
33.0,281.0,999.9854125976562,-0.5829087331506964,0.5938436902926645,4.052969387091823,-1.1689274507897056,-0.2098199292101972,0.8583898443253428,1.4536331330359609,-0.6679329909130951,0.3381574499636564,-2.388652233254627
33.0,281.0,999.9854125976562,-0.582907726887834,0.5938431441529355,4.052967908674907,-1.168925345477649,-0.2098221326248337,0.8583891147660596,1.4536340246089008,-0.667931358047336,0.3381620073938247,-2.3886463715820616
33.0,281.0,999.9854125976562,-0.5829076798980068,0.5938404117607945,4.05297051304596,-1.1689275600606424,-0.209821713372114,0.8583913031801487,1.453635672254431,-0.6679319112536026,0.3381615227801768,-2.3886457164473
33.0,281.0,999.9854125976562,-0.5829093460172396,0.5938416178402219,4.052967900981471,-1.16892803086867,-0.2098216172350495,0.8583898148066798,1.4536348322165606,-0.6679315195619742,0.3381570621749787,-2.388653151886704
33.0,281.0,999.9854125976562,-0.5829111423812021,0.5938417281242927,4.052967273692527,-1.168937990894396,-0.2098188783213892,0.8583862980719843,1.4536387175801018,-0.6679299581983047,0.3381527562499551,-2.3886556633371887
33.0,281.0,999.9854125976562,-0.5829098067737242,0.5938418869161852,4.052969926076772,-1.168932962879614,-0.2098200096625611,0.8583881816774657,1.4536382420763443,-0.6679309183147435,0.3381584980015013,-2.3886515618888686
33.0,281.0,999.9854125976562,-0.5829103778848639,0.5938422112375878,4.052969555587008,-1.1689317202119307,-0.2098178053476322,0.8583889493228556,1.4536322108663455,-0.6679313620737739,0.33815856587628,-2.388654943244448
33.0,281.0,999.9854125976562,-0.5829118325315878,0.59384640490447,4.052967050494216,-1.1689325379039062,-0.2098197125543865,0.858382201093356,1.4536331260337922,-0.6679299508821508,0.3381551993224949,-2.3886558237539064
33.0,281.0,999.9854125976562,-0.582910623671121,0.5938468418117644,4.052966727923948,-1.1689308335329516,-0.2098195639844329,0.8583868100677208,1.4536382508312071,-0.6679286617520228,0.3381589475138593,-2.3886497070908383
33.0,281.0,999.9854736328124,-0.5829131705692623,0.5938446931100403,4.052967470625422,-1.168936521862003,-0.2098168929607489,0.8583832583827427,1.453636761022448,-0.6679289803960016,0.3381547199746206,-2.388654511016397
33.0,281.0,999.9854125976562,-0.5829118836340133,0.5938498672774228,4.052970448674158,-1.168936906297866,-0.2098198975170184,0.8583785078401176,1.45364085488022,-0.6679286995677023,0.3381564304744353,-2.388653206682445
33.0,281.0,999.9854125976562,-0.5829087949499652,0.593845034287007,4.052970508118444,-1.168928547894443,-0.2098224476814145,0.8583875328920989,1.4536368905675996,-0.6679312072480235,0.3381572322704009,-2.38865210320905
33.0,281.0,999.9854125976562,-0.5829084092747854,0.5938428240466642,4.0529676298032165,-1.1689301752317238,-0.2098215715815623,0.8583872038411187,1.4536343144652184,-0.667930122129043,0.3381575164245607,-2.388652078505048
33.0,281.0,999.9854125976562,-0.5829095859804241,0.5938406331269919,4.052968176709722,-1.168931503145088,-0.2098209076946222,0.8583892540233515,1.4536378364109872,-0.6679300194485567,0.3381580775888668,-2.388651822241826
33.0,281.0,999.9854125976562,-0.5829091460442974,0.5938427161815163,4.052967983914659,-1.168932720350056,-0.2098206485035323,0.8583868792050344,1.4536381128011753,-0.6679303655655904,0.3381568038581397,-2.3886493022307667
33.0,281.0,999.9854125976562,-0.5829102950702261,0.5938428858825704,4.052967843380422,-1.1689345573594268,-0.2098205921430471,0.8583856818133491,1.453640637527366,-0.6679287680216106,0.338155448232774,-2.3886515656416583
33.0,281.0,999.9854736328124,-0.5829132984414827,0.5938489709740846,4.052970789807306,-1.1689431320605124,-0.2098171771984027,0.8583788437065039,1.4536445838197327,-0.6679304958069672,0.3381497692766686,-2.3886588798555053
33.0,281.0,999.9854125976562,-0.5829060123603016,0.593836560380093,4.052975365620428,-1.1689241200480105,-0.2098240630418342,0.8583930784502982,1.4536335827633824,-0.667932516673071,0.3381671997029043,-2.3886453038692568
33.0,281.0,999.9854125976562,-0.5829130777597538,0.5938459034936212,4.05296736459896,-1.1689350907835565,-0.2098175064283491,0.8583867499397568,1.4536367382243451,-0.6679312578242138,0.3381519127861487,-2.388658390783621
33.0,281.0,999.9854125976562,-0.5829096502875846,0.5938480877049717,4.052969470781729,-1.1689296632689905,-0.2098215599325366,0.858383474204917,1.453637234407954,-0.6679297083303197,0.3381598485675932,-2.388647974585024
33.0,281.0,999.9854736328124,-0.5829101283680114,0.5938423363521537,4.052960540582697,-1.1689345906917756,-0.2098177857015342,0.858389327678375,1.4536407086056204,-0.6679272886357959,0.3381500429679462,-2.388652960588268
33.0,281.0,999.9854125976562,-0.5829095379166924,0.5938397726318092,4.052970797904784,-1.1689298783720163,-0.2098216385974236,0.8583895757878643,1.4536353100896786,-0.6679303409240527,0.3381610256267029,-2.3886518878919483
33.0,281.0,999.9854125976562,-0.5829102996672404,0.5938429846851196,4.052965962505466,-1.168929693179205,-0.2098191325018907,0.8583894703774142,1.4536324541820091,-0.6679318446519016,0.3381524100688811,-2.388655679076128
33.0,281.0,999.9854125976562,-0.582909041073064,0.5938445933394902,4.052968789229926,-1.1689255048636489,-0.2098215543503538,0.8583868715352221,1.4536343138395118,-0.6679296269553987,0.3381631023521461,-2.3886459364569825
33.0,281.0,999.9854125976562,-0.5829079981854441,0.5938425890157886,4.052973456056153,-1.1689276399711497,-0.2098214250319978,0.858391003394015,1.4536369956328965,-0.6679333548877482,0.3381645668113116,-2.388645873925591
33.0,281.0,999.9854125976562,-0.5829084140763445,0.5938444865442216,4.05297108878584,-1.1689329074348676,-0.2098213018969499,0.8583852301539547,1.4536410024667887,-0.6679290052054352,0.3381607125347718,-2.388648647023889
33.0,281.0,999.9854125976562,-0.5829074859759968,0.5938408413543153,4.052968638928359,-1.168925908185832,-0.2098230076696214,0.8583912672834142,1.453634993209235,-0.6679324347880335,0.3381608337132249,-2.38864655182546
33.0,281.0,999.9854125976562,-0.5829115473700694,0.5938460139440576,4.052964850885889,-1.1689304439558108,-0.2098181028479713,0.8583879471064835,1.4536323913428353,-0.6679312727921927,0.3381554674145794,-2.388653491124757
33.0,281.0,999.9854125976562,-0.5829092241329645,0.5938400562597561,4.052970043100826,-1.1689299670784257,-0.2098208585628489,0.8583913745644365,1.4536382003045911,-0.6679327064800109,0.3381604247301695,-2.3886479785911208
33.0,282.0,999.9854125976562,-0.5829080301043197,0.5938441512901438,4.052970804960252,-1.1689270072208364,-0.2098229107810407,0.8583898767830913,1.4536378131821293,-0.667931716988269,0.3381640396235665,-2.388644091190637
33.0,282.0,999.9854125976562,-0.582910921723645,0.5938468438107751,4.052966354518876,-1.1689291290153667,-0.2098202126618344,0.8583835048482102,1.453632280737395,-0.6679292895314459,0.3381567170107979,-2.38865287793681
33.0,282.0,999.9854736328124,-0.5829062029904666,0.593836395699153,4.05297521198278,-1.1689233558286762,-0.2098249695370118,0.858397728953082,1.4536373324926135,-0.6679363998723336,0.3381654810396544,-2.388640778647529
33.0,282.0,999.9854736328124,-0.5829091291420498,0.5938388910109431,4.052967150645566,-1.1689261358208451,-0.2098195689170978,0.8583933887557249,1.4536333021051293,-0.6679328121856791,0.3381615336939569,-2.3886469840640108
33.0,282.0,999.9854125976562,-0.5829077021455049,0.5938421964434575,4.052971850597512,-1.1689311000567084,-0.2098226586127021,0.8583871230336735,1.45364161511141,-0.6679292513426649,0.3381610531502401,-2.388646284542853
33.0,282.0,999.9854125976562,-0.582909926206022,0.5938419474242105,4.052971420175801,-1.168932870690222,-0.2098210720918212,0.8583868850100913,1.453638483856321,-0.6679319996604036,0.3381580283910708,-2.388651744867325
33.0,282.0,999.9854736328124,-0.5829093102984935,0.5938401568646867,4.052971847942793,-1.1689321136429394,-0.2098221931961754,0.8583863450100884,1.4536405622367097,-0.6679298442439077,0.3381580547510046,-2.3886512453787203
33.0,282.0,999.9854736328124,-0.5829102107186133,0.5938450663850912,4.052964011930246,-1.1689338308235508,-0.2098190051254942,0.8583842931100971,1.4536381434228964,-0.6679286246445066,0.3381533882382284,-2.388653436662032
33.0,282.0,999.9854125976562,-0.5829092924358914,0.593841125737729,4.0529671244572505,-1.1689300210327196,-0.2098199465649806,0.8583923780187774,1.4536351596033086,-0.6679319210208412,0.3381551813859733,-2.3886527196902003
33.0,282.0,999.9854125976562,-0.5829096201509207,0.5938454267090378,4.05296790881671,-1.168928026857381,-0.2098199477678166,0.8583878847484936,1.4536299579781904,-0.6679311170747155,0.3381597506681357,-2.388650344920144
33.0,282.0,999.9854125976562,-0.5829115196642194,0.5938448183503571,4.05296804846466,-1.1689363929749534,-0.2098177083492975,0.8583836386790686,1.453637655776726,-0.6679287530701323,0.3381553541021622,-2.3886563076135663
33.0,282.0,999.9854125976562,-0.582908210720384,0.5938390242467362,4.052972765647283,-1.168931862945758,-0.2098214532051461,0.8583910098607266,1.4536384786628522,-0.667932401101357,0.3381581515151532,-2.388651526432724
33.0,282.0,999.9854736328124,-0.5829071982660743,0.5938449731229305,4.052969306157664,-1.168923804645459,-0.2098230645946781,0.85838952677181,1.4536342832907012,-0.6679330212206605,0.3381650500633002,-2.388643845778672
33.0,282.0,999.9854736328124,-0.5829095726843958,0.5938407385559428,4.052971954665734,-1.1689341525171448,-0.209820247370847,0.8583868209768948,1.4536418738817725,-0.6679298274476588,0.3381583928375686,-2.388650999240728
33.0,282.0,999.9854125976562,-0.5829100751635394,0.5938476280285112,4.0529673532464745,-1.1689307375966438,-0.2098200484741292,0.8583837688255445,1.453634020763812,-0.667930186750664,0.3381546992962994,-2.3886517699105085
33.0,282.0,999.9854125976562,-0.5829100681240824,0.5938456765182334,4.052969274383969,-1.1689332759884987,-0.2098209617938327,0.8583825058052259,1.4536375603755474,-0.6679303053496808,0.338157951095801,-2.3886492853262418
33.0,282.0,999.9854736328124,-0.5829137736605352,0.5938444058658412,4.052969872509909,-1.1689348985154933,-0.2098161165663512,0.858386272324454,1.4536341886582802,-0.6679319963189352,0.3381573117470147,-2.3886544254390083
33.0,282.0,999.9854125976562,-0.5829098110707651,0.5938424344959188,4.052967700342922,-1.1689340197207023,-0.2098209492703437,0.8583875615235144,1.4536415851907076,-0.6679289928054075,0.3381543218562779,-2.3886531144276835
33.0,282.0,999.9854125976562,-0.5829095912944267,0.5938460000806911,4.052968302634829,-1.1689292857165583,-0.2098203361913579,0.8583858282352903,1.453633626359112,-0.6679317933515616,0.3381569036183371,-2.388649908606848
33.0,282.0,999.9854125976562,-0.5829083286359023,0.5938429914468362,4.052969750829666,-1.1689276088161824,-0.209821789504347,0.8583877389542769,1.453635512111461,-0.6679292388258498,0.338161579608176,-2.3886467668245155
33.0,282.0,999.9854736328124,-0.582908315466339,0.5938364726323808,4.052966911526594,-1.1689218542862916,-0.2098219623189905,0.8583980305806707,1.4536316359405728,-0.6679333976108337,0.3381608434691507,-2.388647879782237
33.0,282.0,999.9854125976562,-0.5829087331506964,0.5938436902926645,4.052969387091823,-1.1689274507897056,-0.2098199292101972,0.8583898443253428,1.4536331330359609,-0.6679329909130951,0.3381574499636564,-2.388652233254627
33.0,282.0,999.9854125976562,-0.582907726887834,0.5938431441529355,4.052967908674907,-1.168925345477649,-0.2098221326248337,0.8583891147660596,1.4536340246089008,-0.667931358047336,0.3381620073938247,-2.3886463715820616
33.0,282.0,999.9854125976562,-0.5829076798980068,0.5938404117607945,4.05297051304596,-1.1689275600606424,-0.209821713372114,0.8583913031801487,1.453635672254431,-0.6679319112536026,0.3381615227801768,-2.3886457164473
33.0,282.0,999.9854125976562,-0.5829093460172396,0.5938416178402219,4.052967900981471,-1.16892803086867,-0.2098216172350495,0.8583898148066798,1.4536348322165606,-0.6679315195619742,0.3381570621749787,-2.388653151886704
33.0,282.0,999.9854125976562,-0.5829111423812021,0.5938417281242927,4.052967273692527,-1.168937990894396,-0.2098188783213892,0.8583862980719843,1.4536387175801018,-0.6679299581983047,0.3381527562499551,-2.3886556633371887
33.0,282.0,999.9854125976562,-0.5829098067737242,0.5938418869161852,4.052969926076772,-1.168932962879614,-0.2098200096625611,0.8583881816774657,1.4536382420763443,-0.6679309183147435,0.3381584980015013,-2.3886515618888686
33.0,282.0,999.9854125976562,-0.5829103778848639,0.5938422112375878,4.052969555587008,-1.1689317202119307,-0.2098178053476322,0.8583889493228556,1.4536322108663455,-0.6679313620737739,0.33815856587628,-2.388654943244448
33.0,282.0,999.9854125976562,-0.5829118325315878,0.59384640490447,4.052967050494216,-1.1689325379039062,-0.2098197125543865,0.858382201093356,1.4536331260337922,-0.6679299508821508,0.3381551993224949,-2.3886558237539064
33.0,282.0,999.9854125976562,-0.582910623671121,0.5938468418117644,4.052966727923948,-1.1689308335329516,-0.2098195639844329,0.8583868100677208,1.4536382508312071,-0.6679286617520228,0.3381589475138593,-2.3886497070908383
33.0,282.0,999.9854736328124,-0.5829131705692623,0.5938446931100403,4.052967470625422,-1.168936521862003,-0.2098168929607489,0.8583832583827427,1.453636761022448,-0.6679289803960016,0.3381547199746206,-2.388654511016397
33.0,282.0,999.9854125976562,-0.5829118836340133,0.5938498672774228,4.052970448674158,-1.168936906297866,-0.2098198975170184,0.8583785078401176,1.45364085488022,-0.6679286995677023,0.3381564304744353,-2.388653206682445
33.0,282.0,999.9854125976562,-0.5829087949499652,0.593845034287007,4.052970508118444,-1.168928547894443,-0.2098224476814145,0.8583875328920989,1.4536368905675996,-0.6679312072480235,0.3381572322704009,-2.38865210320905
33.0,282.0,999.9854125976562,-0.5829084092747854,0.5938428240466642,4.0529676298032165,-1.1689301752317238,-0.2098215715815623,0.8583872038411187,1.4536343144652184,-0.667930122129043,0.3381575164245607,-2.388652078505048
33.0,282.0,999.9854125976562,-0.5829095859804241,0.5938406331269919,4.052968176709722,-1.168931503145088,-0.2098209076946222,0.8583892540233515,1.4536378364109872,-0.6679300194485567,0.3381580775888668,-2.388651822241826
33.0,282.0,999.9854125976562,-0.5829091460442974,0.5938427161815163,4.052967983914659,-1.168932720350056,-0.2098206485035323,0.8583868792050344,1.4536381128011753,-0.6679303655655904,0.3381568038581397,-2.3886493022307667
33.0,282.0,999.9854125976562,-0.5829102950702261,0.5938428858825704,4.052967843380422,-1.1689345573594268,-0.2098205921430471,0.8583856818133491,1.453640637527366,-0.6679287680216106,0.338155448232774,-2.3886515656416583
33.0,282.0,999.9854736328124,-0.5829132984414827,0.5938489709740846,4.052970789807306,-1.1689431320605124,-0.2098171771984027,0.8583788437065039,1.4536445838197327,-0.6679304958069672,0.3381497692766686,-2.3886588798555053
33.0,282.0,999.9854125976562,-0.5829060123603016,0.593836560380093,4.052975365620428,-1.1689241200480105,-0.2098240630418342,0.8583930784502982,1.4536335827633824,-0.667932516673071,0.3381671997029043,-2.3886453038692568
33.0,282.0,999.9854125976562,-0.5829130777597538,0.5938459034936212,4.05296736459896,-1.1689350907835565,-0.2098175064283491,0.8583867499397568,1.4536367382243451,-0.6679312578242138,0.3381519127861487,-2.388658390783621
33.0,282.0,999.9854125976562,-0.5829096502875846,0.5938480877049717,4.052969470781729,-1.1689296632689905,-0.2098215599325366,0.858383474204917,1.453637234407954,-0.6679297083303197,0.3381598485675932,-2.388647974585024
33.0,282.0,999.9854736328124,-0.5829101283680114,0.5938423363521537,4.052960540582697,-1.1689345906917756,-0.2098177857015342,0.858389327678375,1.4536407086056204,-0.6679272886357959,0.3381500429679462,-2.388652960588268
33.0,282.0,999.9854125976562,-0.5829095379166924,0.5938397726318092,4.052970797904784,-1.1689298783720163,-0.2098216385974236,0.8583895757878643,1.4536353100896786,-0.6679303409240527,0.3381610256267029,-2.3886518878919483
33.0,282.0,999.9854125976562,-0.5829102996672404,0.5938429846851196,4.052965962505466,-1.168929693179205,-0.2098191325018907,0.8583894703774142,1.4536324541820091,-0.6679318446519016,0.3381524100688811,-2.388655679076128
33.0,282.0,999.9854125976562,-0.582909041073064,0.5938445933394902,4.052968789229926,-1.1689255048636489,-0.2098215543503538,0.8583868715352221,1.4536343138395118,-0.6679296269553987,0.3381631023521461,-2.3886459364569825
33.0,282.0,999.9854125976562,-0.5829079981854441,0.5938425890157886,4.052973456056153,-1.1689276399711497,-0.2098214250319978,0.858391003394015,1.4536369956328965,-0.6679333548877482,0.3381645668113116,-2.388645873925591
33.0,282.0,999.9854125976562,-0.5829084140763445,0.5938444865442216,4.05297108878584,-1.1689329074348676,-0.2098213018969499,0.8583852301539547,1.4536410024667887,-0.6679290052054352,0.3381607125347718,-2.388648647023889
33.0,282.0,999.9854125976562,-0.5829074859759968,0.5938408413543153,4.052968638928359,-1.168925908185832,-0.2098230076696214,0.8583912672834142,1.453634993209235,-0.6679324347880335,0.3381608337132249,-2.38864655182546
33.0,282.0,999.9854125976562,-0.5829115473700694,0.5938460139440576,4.052964850885889,-1.1689304439558108,-0.2098181028479713,0.8583879471064835,1.4536323913428353,-0.6679312727921927,0.3381554674145794,-2.388653491124757
33.0,282.0,999.9854125976562,-0.5829092241329645,0.5938400562597561,4.052970043100826,-1.1689299670784257,-0.2098208585628489,0.8583913745644365,1.4536382003045911,-0.6679327064800109,0.3381604247301695,-2.3886479785911208
33.0,283.0,999.9854125976562,-0.5829080301043197,0.5938441512901438,4.052970804960252,-1.1689270072208364,-0.2098229107810407,0.8583898767830913,1.4536378131821293,-0.667931716988269,0.3381640396235665,-2.388644091190637
33.0,283.0,999.9854125976562,-0.582910921723645,0.5938468438107751,4.052966354518876,-1.1689291290153667,-0.2098202126618344,0.8583835048482102,1.453632280737395,-0.6679292895314459,0.3381567170107979,-2.38865287793681
33.0,283.0,999.9854736328124,-0.5829062029904666,0.593836395699153,4.05297521198278,-1.1689233558286762,-0.2098249695370118,0.858397728953082,1.4536373324926135,-0.6679363998723336,0.3381654810396544,-2.388640778647529
33.0,283.0,999.9854736328124,-0.5829091291420498,0.5938388910109431,4.052967150645566,-1.1689261358208451,-0.2098195689170978,0.8583933887557249,1.4536333021051293,-0.6679328121856791,0.3381615336939569,-2.3886469840640108
33.0,283.0,999.9854125976562,-0.5829077021455049,0.5938421964434575,4.052971850597512,-1.1689311000567084,-0.2098226586127021,0.8583871230336735,1.45364161511141,-0.6679292513426649,0.3381610531502401,-2.388646284542853
33.0,283.0,999.9854125976562,-0.582909926206022,0.5938419474242105,4.052971420175801,-1.168932870690222,-0.2098210720918212,0.8583868850100913,1.453638483856321,-0.6679319996604036,0.3381580283910708,-2.388651744867325
33.0,283.0,999.9854736328124,-0.5829093102984935,0.5938401568646867,4.052971847942793,-1.1689321136429394,-0.2098221931961754,0.8583863450100884,1.4536405622367097,-0.6679298442439077,0.3381580547510046,-2.3886512453787203
33.0,283.0,999.9854736328124,-0.5829102107186133,0.5938450663850912,4.052964011930246,-1.1689338308235508,-0.2098190051254942,0.8583842931100971,1.4536381434228964,-0.6679286246445066,0.3381533882382284,-2.388653436662032
33.0,283.0,999.9854125976562,-0.5829092924358914,0.593841125737729,4.0529671244572505,-1.1689300210327196,-0.2098199465649806,0.8583923780187774,1.4536351596033086,-0.6679319210208412,0.3381551813859733,-2.3886527196902003
33.0,283.0,999.9854125976562,-0.5829096201509207,0.5938454267090378,4.05296790881671,-1.168928026857381,-0.2098199477678166,0.8583878847484936,1.4536299579781904,-0.6679311170747155,0.3381597506681357,-2.388650344920144
33.0,283.0,999.9854125976562,-0.5829115196642194,0.5938448183503571,4.05296804846466,-1.1689363929749534,-0.2098177083492975,0.8583836386790686,1.453637655776726,-0.6679287530701323,0.3381553541021622,-2.3886563076135663
33.0,283.0,999.9854125976562,-0.582908210720384,0.5938390242467362,4.052972765647283,-1.168931862945758,-0.2098214532051461,0.8583910098607266,1.4536384786628522,-0.667932401101357,0.3381581515151532,-2.388651526432724
33.0,283.0,999.9854736328124,-0.5829071982660743,0.5938449731229305,4.052969306157664,-1.168923804645459,-0.2098230645946781,0.85838952677181,1.4536342832907012,-0.6679330212206605,0.3381650500633002,-2.388643845778672
33.0,283.0,999.9854736328124,-0.5829095726843958,0.5938407385559428,4.052971954665734,-1.1689341525171448,-0.209820247370847,0.8583868209768948,1.4536418738817725,-0.6679298274476588,0.3381583928375686,-2.388650999240728
33.0,283.0,999.9854125976562,-0.5829100751635394,0.5938476280285112,4.0529673532464745,-1.1689307375966438,-0.2098200484741292,0.8583837688255445,1.453634020763812,-0.667930186750664,0.3381546992962994,-2.3886517699105085
33.0,283.0,999.9854125976562,-0.5829100681240824,0.5938456765182334,4.052969274383969,-1.1689332759884987,-0.2098209617938327,0.8583825058052259,1.4536375603755474,-0.6679303053496808,0.338157951095801,-2.3886492853262418
33.0,283.0,999.9854736328124,-0.5829137736605352,0.5938444058658412,4.052969872509909,-1.1689348985154933,-0.2098161165663512,0.858386272324454,1.4536341886582802,-0.6679319963189352,0.3381573117470147,-2.3886544254390083
33.0,283.0,999.9854125976562,-0.5829098110707651,0.5938424344959188,4.052967700342922,-1.1689340197207023,-0.2098209492703437,0.8583875615235144,1.4536415851907076,-0.6679289928054075,0.3381543218562779,-2.3886531144276835
33.0,283.0,999.9854125976562,-0.5829095912944267,0.5938460000806911,4.052968302634829,-1.1689292857165583,-0.2098203361913579,0.8583858282352903,1.453633626359112,-0.6679317933515616,0.3381569036183371,-2.388649908606848
33.0,283.0,999.9854125976562,-0.5829083286359023,0.5938429914468362,4.052969750829666,-1.1689276088161824,-0.209821789504347,0.8583877389542769,1.453635512111461,-0.6679292388258498,0.338161579608176,-2.3886467668245155
33.0,283.0,999.9854736328124,-0.582908315466339,0.5938364726323808,4.052966911526594,-1.1689218542862916,-0.2098219623189905,0.8583980305806707,1.4536316359405728,-0.6679333976108337,0.3381608434691507,-2.388647879782237
33.0,283.0,999.9854125976562,-0.5829087331506964,0.5938436902926645,4.052969387091823,-1.1689274507897056,-0.2098199292101972,0.8583898443253428,1.4536331330359609,-0.6679329909130951,0.3381574499636564,-2.388652233254627
33.0,283.0,999.9854125976562,-0.582907726887834,0.5938431441529355,4.052967908674907,-1.168925345477649,-0.2098221326248337,0.8583891147660596,1.4536340246089008,-0.667931358047336,0.3381620073938247,-2.3886463715820616
33.0,283.0,999.9854125976562,-0.5829076798980068,0.5938404117607945,4.05297051304596,-1.1689275600606424,-0.209821713372114,0.8583913031801487,1.453635672254431,-0.6679319112536026,0.3381615227801768,-2.3886457164473
33.0,283.0,999.9854125976562,-0.5829093460172396,0.5938416178402219,4.052967900981471,-1.16892803086867,-0.2098216172350495,0.8583898148066798,1.4536348322165606,-0.6679315195619742,0.3381570621749787,-2.388653151886704
33.0,283.0,999.9854125976562,-0.5829111423812021,0.5938417281242927,4.052967273692527,-1.168937990894396,-0.2098188783213892,0.8583862980719843,1.4536387175801018,-0.6679299581983047,0.3381527562499551,-2.3886556633371887
33.0,283.0,999.9854125976562,-0.5829098067737242,0.5938418869161852,4.052969926076772,-1.168932962879614,-0.2098200096625611,0.8583881816774657,1.4536382420763443,-0.6679309183147435,0.3381584980015013,-2.3886515618888686
33.0,283.0,999.9854125976562,-0.5829103778848639,0.5938422112375878,4.052969555587008,-1.1689317202119307,-0.2098178053476322,0.8583889493228556,1.4536322108663455,-0.6679313620737739,0.33815856587628,-2.388654943244448
33.0,283.0,999.9854125976562,-0.5829118325315878,0.59384640490447,4.052967050494216,-1.1689325379039062,-0.2098197125543865,0.858382201093356,1.4536331260337922,-0.6679299508821508,0.3381551993224949,-2.3886558237539064
33.0,283.0,999.9854125976562,-0.582910623671121,0.5938468418117644,4.052966727923948,-1.1689308335329516,-0.2098195639844329,0.8583868100677208,1.4536382508312071,-0.6679286617520228,0.3381589475138593,-2.3886497070908383
33.0,283.0,999.9854736328124,-0.5829131705692623,0.5938446931100403,4.052967470625422,-1.168936521862003,-0.2098168929607489,0.8583832583827427,1.453636761022448,-0.6679289803960016,0.3381547199746206,-2.388654511016397
33.0,283.0,999.9854125976562,-0.5829118836340133,0.5938498672774228,4.052970448674158,-1.168936906297866,-0.2098198975170184,0.8583785078401176,1.45364085488022,-0.6679286995677023,0.3381564304744353,-2.388653206682445
33.0,283.0,999.9854125976562,-0.5829087949499652,0.593845034287007,4.052970508118444,-1.168928547894443,-0.2098224476814145,0.8583875328920989,1.4536368905675996,-0.6679312072480235,0.3381572322704009,-2.38865210320905
33.0,283.0,999.9854125976562,-0.5829084092747854,0.5938428240466642,4.0529676298032165,-1.1689301752317238,-0.2098215715815623,0.8583872038411187,1.4536343144652184,-0.667930122129043,0.3381575164245607,-2.388652078505048
33.0,283.0,999.9854125976562,-0.5829095859804241,0.5938406331269919,4.052968176709722,-1.168931503145088,-0.2098209076946222,0.8583892540233515,1.4536378364109872,-0.6679300194485567,0.3381580775888668,-2.388651822241826
33.0,283.0,999.9854125976562,-0.5829091460442974,0.5938427161815163,4.052967983914659,-1.168932720350056,-0.2098206485035323,0.8583868792050344,1.4536381128011753,-0.6679303655655904,0.3381568038581397,-2.3886493022307667
33.0,283.0,999.9854125976562,-0.5829102950702261,0.5938428858825704,4.052967843380422,-1.1689345573594268,-0.2098205921430471,0.8583856818133491,1.453640637527366,-0.6679287680216106,0.338155448232774,-2.3886515656416583
33.0,283.0,999.9854736328124,-0.5829132984414827,0.5938489709740846,4.052970789807306,-1.1689431320605124,-0.2098171771984027,0.8583788437065039,1.4536445838197327,-0.6679304958069672,0.3381497692766686,-2.3886588798555053
33.0,283.0,999.9854125976562,-0.5829060123603016,0.593836560380093,4.052975365620428,-1.1689241200480105,-0.2098240630418342,0.8583930784502982,1.4536335827633824,-0.667932516673071,0.3381671997029043,-2.3886453038692568
33.0,283.0,999.9854125976562,-0.5829130777597538,0.5938459034936212,4.05296736459896,-1.1689350907835565,-0.2098175064283491,0.8583867499397568,1.4536367382243451,-0.6679312578242138,0.3381519127861487,-2.388658390783621
33.0,283.0,999.9854125976562,-0.5829096502875846,0.5938480877049717,4.052969470781729,-1.1689296632689905,-0.2098215599325366,0.858383474204917,1.453637234407954,-0.6679297083303197,0.3381598485675932,-2.388647974585024
33.0,283.0,999.9854736328124,-0.5829101283680114,0.5938423363521537,4.052960540582697,-1.1689345906917756,-0.2098177857015342,0.858389327678375,1.4536407086056204,-0.6679272886357959,0.3381500429679462,-2.388652960588268
33.0,283.0,999.9854125976562,-0.5829095379166924,0.5938397726318092,4.052970797904784,-1.1689298783720163,-0.2098216385974236,0.8583895757878643,1.4536353100896786,-0.6679303409240527,0.3381610256267029,-2.3886518878919483
33.0,283.0,999.9854125976562,-0.5829102996672404,0.5938429846851196,4.052965962505466,-1.168929693179205,-0.2098191325018907,0.8583894703774142,1.4536324541820091,-0.6679318446519016,0.3381524100688811,-2.388655679076128
33.0,283.0,999.9854125976562,-0.582909041073064,0.5938445933394902,4.052968789229926,-1.1689255048636489,-0.2098215543503538,0.8583868715352221,1.4536343138395118,-0.6679296269553987,0.3381631023521461,-2.3886459364569825
33.0,283.0,999.9854125976562,-0.5829079981854441,0.5938425890157886,4.052973456056153,-1.1689276399711497,-0.2098214250319978,0.858391003394015,1.4536369956328965,-0.6679333548877482,0.3381645668113116,-2.388645873925591
33.0,283.0,999.9854125976562,-0.5829084140763445,0.5938444865442216,4.05297108878584,-1.1689329074348676,-0.2098213018969499,0.8583852301539547,1.4536410024667887,-0.6679290052054352,0.3381607125347718,-2.388648647023889
33.0,283.0,999.9854125976562,-0.5829074859759968,0.5938408413543153,4.052968638928359,-1.168925908185832,-0.2098230076696214,0.8583912672834142,1.453634993209235,-0.6679324347880335,0.3381608337132249,-2.38864655182546
33.0,283.0,999.9854125976562,-0.5829115473700694,0.5938460139440576,4.052964850885889,-1.1689304439558108,-0.2098181028479713,0.8583879471064835,1.4536323913428353,-0.6679312727921927,0.3381554674145794,-2.388653491124757
33.0,283.0,999.9854125976562,-0.5829092241329645,0.5938400562597561,4.052970043100826,-1.1689299670784257,-0.2098208585628489,0.8583913745644365,1.4536382003045911,-0.6679327064800109,0.3381604247301695,-2.3886479785911208
33.0,284.0,999.9854125976562,-0.5829080301043197,0.5938441512901438,4.052970804960252,-1.1689270072208364,-0.2098229107810407,0.8583898767830913,1.4536378131821293,-0.667931716988269,0.3381640396235665,-2.388644091190637
33.0,284.0,999.9854125976562,-0.582910921723645,0.5938468438107751,4.052966354518876,-1.1689291290153667,-0.2098202126618344,0.8583835048482102,1.453632280737395,-0.6679292895314459,0.3381567170107979,-2.38865287793681
33.0,284.0,999.9854736328124,-0.5829062029904666,0.593836395699153,4.05297521198278,-1.1689233558286762,-0.2098249695370118,0.858397728953082,1.4536373324926135,-0.6679363998723336,0.3381654810396544,-2.388640778647529
33.0,284.0,999.9854736328124,-0.5829091291420498,0.5938388910109431,4.052967150645566,-1.1689261358208451,-0.2098195689170978,0.8583933887557249,1.4536333021051293,-0.6679328121856791,0.3381615336939569,-2.3886469840640108
33.0,284.0,999.9854125976562,-0.5829077021455049,0.5938421964434575,4.052971850597512,-1.1689311000567084,-0.2098226586127021,0.8583871230336735,1.45364161511141,-0.6679292513426649,0.3381610531502401,-2.388646284542853
33.0,284.0,999.9854125976562,-0.582909926206022,0.5938419474242105,4.052971420175801,-1.168932870690222,-0.2098210720918212,0.8583868850100913,1.453638483856321,-0.6679319996604036,0.3381580283910708,-2.388651744867325
33.0,284.0,999.9854736328124,-0.5829093102984935,0.5938401568646867,4.052971847942793,-1.1689321136429394,-0.2098221931961754,0.8583863450100884,1.4536405622367097,-0.6679298442439077,0.3381580547510046,-2.3886512453787203
33.0,284.0,999.9854736328124,-0.5829102107186133,0.5938450663850912,4.052964011930246,-1.1689338308235508,-0.2098190051254942,0.8583842931100971,1.4536381434228964,-0.6679286246445066,0.3381533882382284,-2.388653436662032
33.0,284.0,999.9854125976562,-0.5829092924358914,0.593841125737729,4.0529671244572505,-1.1689300210327196,-0.2098199465649806,0.8583923780187774,1.4536351596033086,-0.6679319210208412,0.3381551813859733,-2.3886527196902003
33.0,284.0,999.9854125976562,-0.5829096201509207,0.5938454267090378,4.05296790881671,-1.168928026857381,-0.2098199477678166,0.8583878847484936,1.4536299579781904,-0.6679311170747155,0.3381597506681357,-2.388650344920144
33.0,284.0,999.9854125976562,-0.5829115196642194,0.5938448183503571,4.05296804846466,-1.1689363929749534,-0.2098177083492975,0.8583836386790686,1.453637655776726,-0.6679287530701323,0.3381553541021622,-2.3886563076135663
33.0,284.0,999.9854125976562,-0.582908210720384,0.5938390242467362,4.052972765647283,-1.168931862945758,-0.2098214532051461,0.8583910098607266,1.4536384786628522,-0.667932401101357,0.3381581515151532,-2.388651526432724
33.0,284.0,999.9854736328124,-0.5829071982660743,0.5938449731229305,4.052969306157664,-1.168923804645459,-0.2098230645946781,0.85838952677181,1.4536342832907012,-0.6679330212206605,0.3381650500633002,-2.388643845778672
33.0,284.0,999.9854736328124,-0.5829095726843958,0.5938407385559428,4.052971954665734,-1.1689341525171448,-0.209820247370847,0.8583868209768948,1.4536418738817725,-0.6679298274476588,0.3381583928375686,-2.388650999240728
33.0,284.0,999.9854125976562,-0.5829100751635394,0.5938476280285112,4.0529673532464745,-1.1689307375966438,-0.2098200484741292,0.8583837688255445,1.453634020763812,-0.667930186750664,0.3381546992962994,-2.3886517699105085
33.0,284.0,999.9854125976562,-0.5829100681240824,0.5938456765182334,4.052969274383969,-1.1689332759884987,-0.2098209617938327,0.8583825058052259,1.4536375603755474,-0.6679303053496808,0.338157951095801,-2.3886492853262418
33.0,284.0,999.9854736328124,-0.5829137736605352,0.5938444058658412,4.052969872509909,-1.1689348985154933,-0.2098161165663512,0.858386272324454,1.4536341886582802,-0.6679319963189352,0.3381573117470147,-2.3886544254390083
33.0,284.0,999.9854125976562,-0.5829098110707651,0.5938424344959188,4.052967700342922,-1.1689340197207023,-0.2098209492703437,0.8583875615235144,1.4536415851907076,-0.6679289928054075,0.3381543218562779,-2.3886531144276835
33.0,284.0,999.9854125976562,-0.5829095912944267,0.5938460000806911,4.052968302634829,-1.1689292857165583,-0.2098203361913579,0.8583858282352903,1.453633626359112,-0.6679317933515616,0.3381569036183371,-2.388649908606848
33.0,284.0,999.9854125976562,-0.5829083286359023,0.5938429914468362,4.052969750829666,-1.1689276088161824,-0.209821789504347,0.8583877389542769,1.453635512111461,-0.6679292388258498,0.338161579608176,-2.3886467668245155
33.0,284.0,999.9854736328124,-0.582908315466339,0.5938364726323808,4.052966911526594,-1.1689218542862916,-0.2098219623189905,0.8583980305806707,1.4536316359405728,-0.6679333976108337,0.3381608434691507,-2.388647879782237
33.0,284.0,999.9854125976562,-0.5829087331506964,0.5938436902926645,4.052969387091823,-1.1689274507897056,-0.2098199292101972,0.8583898443253428,1.4536331330359609,-0.6679329909130951,0.3381574499636564,-2.388652233254627
33.0,284.0,999.9854125976562,-0.582907726887834,0.5938431441529355,4.052967908674907,-1.168925345477649,-0.2098221326248337,0.8583891147660596,1.4536340246089008,-0.667931358047336,0.3381620073938247,-2.3886463715820616
33.0,284.0,999.9854125976562,-0.5829076798980068,0.5938404117607945,4.05297051304596,-1.1689275600606424,-0.209821713372114,0.8583913031801487,1.453635672254431,-0.6679319112536026,0.3381615227801768,-2.3886457164473
33.0,284.0,999.9854125976562,-0.5829093460172396,0.5938416178402219,4.052967900981471,-1.16892803086867,-0.2098216172350495,0.8583898148066798,1.4536348322165606,-0.6679315195619742,0.3381570621749787,-2.388653151886704
33.0,284.0,999.9854125976562,-0.5829111423812021,0.5938417281242927,4.052967273692527,-1.168937990894396,-0.2098188783213892,0.8583862980719843,1.4536387175801018,-0.6679299581983047,0.3381527562499551,-2.3886556633371887
33.0,284.0,999.9854125976562,-0.5829098067737242,0.5938418869161852,4.052969926076772,-1.168932962879614,-0.2098200096625611,0.8583881816774657,1.4536382420763443,-0.6679309183147435,0.3381584980015013,-2.3886515618888686
33.0,284.0,999.9854125976562,-0.5829103778848639,0.5938422112375878,4.052969555587008,-1.1689317202119307,-0.2098178053476322,0.8583889493228556,1.4536322108663455,-0.6679313620737739,0.33815856587628,-2.388654943244448
33.0,284.0,999.9854125976562,-0.5829118325315878,0.59384640490447,4.052967050494216,-1.1689325379039062,-0.2098197125543865,0.858382201093356,1.4536331260337922,-0.6679299508821508,0.3381551993224949,-2.3886558237539064
33.0,284.0,999.9854125976562,-0.582910623671121,0.5938468418117644,4.052966727923948,-1.1689308335329516,-0.2098195639844329,0.8583868100677208,1.4536382508312071,-0.6679286617520228,0.3381589475138593,-2.3886497070908383
33.0,284.0,999.9854736328124,-0.5829131705692623,0.5938446931100403,4.052967470625422,-1.168936521862003,-0.2098168929607489,0.8583832583827427,1.453636761022448,-0.6679289803960016,0.3381547199746206,-2.388654511016397
33.0,284.0,999.9854125976562,-0.5829118836340133,0.5938498672774228,4.052970448674158,-1.168936906297866,-0.2098198975170184,0.8583785078401176,1.45364085488022,-0.6679286995677023,0.3381564304744353,-2.388653206682445
33.0,284.0,999.9854125976562,-0.5829087949499652,0.593845034287007,4.052970508118444,-1.168928547894443,-0.2098224476814145,0.8583875328920989,1.4536368905675996,-0.6679312072480235,0.3381572322704009,-2.38865210320905
33.0,284.0,999.9854125976562,-0.5829084092747854,0.5938428240466642,4.0529676298032165,-1.1689301752317238,-0.2098215715815623,0.8583872038411187,1.4536343144652184,-0.667930122129043,0.3381575164245607,-2.388652078505048
33.0,284.0,999.9854125976562,-0.5829095859804241,0.5938406331269919,4.052968176709722,-1.168931503145088,-0.2098209076946222,0.8583892540233515,1.4536378364109872,-0.6679300194485567,0.3381580775888668,-2.388651822241826
33.0,284.0,999.9854125976562,-0.5829091460442974,0.5938427161815163,4.052967983914659,-1.168932720350056,-0.2098206485035323,0.8583868792050344,1.4536381128011753,-0.6679303655655904,0.3381568038581397,-2.3886493022307667
33.0,284.0,999.9854125976562,-0.5829102950702261,0.5938428858825704,4.052967843380422,-1.1689345573594268,-0.2098205921430471,0.8583856818133491,1.453640637527366,-0.6679287680216106,0.338155448232774,-2.3886515656416583
33.0,284.0,999.9854736328124,-0.5829132984414827,0.5938489709740846,4.052970789807306,-1.1689431320605124,-0.2098171771984027,0.8583788437065039,1.4536445838197327,-0.6679304958069672,0.3381497692766686,-2.3886588798555053
33.0,284.0,999.9854125976562,-0.5829060123603016,0.593836560380093,4.052975365620428,-1.1689241200480105,-0.2098240630418342,0.8583930784502982,1.4536335827633824,-0.667932516673071,0.3381671997029043,-2.3886453038692568
33.0,284.0,999.9854125976562,-0.5829130777597538,0.5938459034936212,4.05296736459896,-1.1689350907835565,-0.2098175064283491,0.8583867499397568,1.4536367382243451,-0.6679312578242138,0.3381519127861487,-2.388658390783621
33.0,284.0,999.9854125976562,-0.5829096502875846,0.5938480877049717,4.052969470781729,-1.1689296632689905,-0.2098215599325366,0.858383474204917,1.453637234407954,-0.6679297083303197,0.3381598485675932,-2.388647974585024
33.0,284.0,999.9854736328124,-0.5829101283680114,0.5938423363521537,4.052960540582697,-1.1689345906917756,-0.2098177857015342,0.858389327678375,1.4536407086056204,-0.6679272886357959,0.3381500429679462,-2.388652960588268
33.0,284.0,999.9854125976562,-0.5829095379166924,0.5938397726318092,4.052970797904784,-1.1689298783720163,-0.2098216385974236,0.8583895757878643,1.4536353100896786,-0.6679303409240527,0.3381610256267029,-2.3886518878919483
33.0,284.0,999.9854125976562,-0.5829102996672404,0.5938429846851196,4.052965962505466,-1.168929693179205,-0.2098191325018907,0.8583894703774142,1.4536324541820091,-0.6679318446519016,0.3381524100688811,-2.388655679076128
33.0,284.0,999.9854125976562,-0.582909041073064,0.5938445933394902,4.052968789229926,-1.1689255048636489,-0.2098215543503538,0.8583868715352221,1.4536343138395118,-0.6679296269553987,0.3381631023521461,-2.3886459364569825
33.0,284.0,999.9854125976562,-0.5829079981854441,0.5938425890157886,4.052973456056153,-1.1689276399711497,-0.2098214250319978,0.858391003394015,1.4536369956328965,-0.6679333548877482,0.3381645668113116,-2.388645873925591
33.0,284.0,999.9854125976562,-0.5829084140763445,0.5938444865442216,4.05297108878584,-1.1689329074348676,-0.2098213018969499,0.8583852301539547,1.4536410024667887,-0.6679290052054352,0.3381607125347718,-2.388648647023889
33.0,284.0,999.9854125976562,-0.5829074859759968,0.5938408413543153,4.052968638928359,-1.168925908185832,-0.2098230076696214,0.8583912672834142,1.453634993209235,-0.6679324347880335,0.3381608337132249,-2.38864655182546
33.0,284.0,999.9854125976562,-0.5829115473700694,0.5938460139440576,4.052964850885889,-1.1689304439558108,-0.2098181028479713,0.8583879471064835,1.4536323913428353,-0.6679312727921927,0.3381554674145794,-2.388653491124757
33.0,284.0,999.9854125976562,-0.5829092241329645,0.5938400562597561,4.052970043100826,-1.1689299670784257,-0.2098208585628489,0.8583913745644365,1.4536382003045911,-0.6679327064800109,0.3381604247301695,-2.3886479785911208
33.0,285.0,999.9854125976562,-0.5829080301043197,0.5938441512901438,4.052970804960252,-1.1689270072208364,-0.2098229107810407,0.8583898767830913,1.4536378131821293,-0.667931716988269,0.3381640396235665,-2.388644091190637
33.0,285.0,999.9854125976562,-0.582910921723645,0.5938468438107751,4.052966354518876,-1.1689291290153667,-0.2098202126618344,0.8583835048482102,1.453632280737395,-0.6679292895314459,0.3381567170107979,-2.38865287793681
33.0,285.0,999.9854736328124,-0.5829062029904666,0.593836395699153,4.05297521198278,-1.1689233558286762,-0.2098249695370118,0.858397728953082,1.4536373324926135,-0.6679363998723336,0.3381654810396544,-2.388640778647529
33.0,285.0,999.9854736328124,-0.5829091291420498,0.5938388910109431,4.052967150645566,-1.1689261358208451,-0.2098195689170978,0.8583933887557249,1.4536333021051293,-0.6679328121856791,0.3381615336939569,-2.3886469840640108
33.0,285.0,999.9854125976562,-0.5829077021455049,0.5938421964434575,4.052971850597512,-1.1689311000567084,-0.2098226586127021,0.8583871230336735,1.45364161511141,-0.6679292513426649,0.3381610531502401,-2.388646284542853
33.0,285.0,999.9854125976562,-0.582909926206022,0.5938419474242105,4.052971420175801,-1.168932870690222,-0.2098210720918212,0.8583868850100913,1.453638483856321,-0.6679319996604036,0.3381580283910708,-2.388651744867325
33.0,285.0,999.9854736328124,-0.5829093102984935,0.5938401568646867,4.052971847942793,-1.1689321136429394,-0.2098221931961754,0.8583863450100884,1.4536405622367097,-0.6679298442439077,0.3381580547510046,-2.3886512453787203
33.0,285.0,999.9854736328124,-0.5829102107186133,0.5938450663850912,4.052964011930246,-1.1689338308235508,-0.2098190051254942,0.8583842931100971,1.4536381434228964,-0.6679286246445066,0.3381533882382284,-2.388653436662032
33.0,285.0,999.9854125976562,-0.5829092924358914,0.593841125737729,4.0529671244572505,-1.1689300210327196,-0.2098199465649806,0.8583923780187774,1.4536351596033086,-0.6679319210208412,0.3381551813859733,-2.3886527196902003
33.0,285.0,999.9854125976562,-0.5829096201509207,0.5938454267090378,4.05296790881671,-1.168928026857381,-0.2098199477678166,0.8583878847484936,1.4536299579781904,-0.6679311170747155,0.3381597506681357,-2.388650344920144
33.0,285.0,999.9854125976562,-0.5829115196642194,0.5938448183503571,4.05296804846466,-1.1689363929749534,-0.2098177083492975,0.8583836386790686,1.453637655776726,-0.6679287530701323,0.3381553541021622,-2.3886563076135663
33.0,285.0,999.9854125976562,-0.582908210720384,0.5938390242467362,4.052972765647283,-1.168931862945758,-0.2098214532051461,0.8583910098607266,1.4536384786628522,-0.667932401101357,0.3381581515151532,-2.388651526432724
33.0,285.0,999.9854736328124,-0.5829071982660743,0.5938449731229305,4.052969306157664,-1.168923804645459,-0.2098230645946781,0.85838952677181,1.4536342832907012,-0.6679330212206605,0.3381650500633002,-2.388643845778672
33.0,285.0,999.9854736328124,-0.5829095726843958,0.5938407385559428,4.052971954665734,-1.1689341525171448,-0.209820247370847,0.8583868209768948,1.4536418738817725,-0.6679298274476588,0.3381583928375686,-2.388650999240728
33.0,285.0,999.9854125976562,-0.5829100751635394,0.5938476280285112,4.0529673532464745,-1.1689307375966438,-0.2098200484741292,0.8583837688255445,1.453634020763812,-0.667930186750664,0.3381546992962994,-2.3886517699105085
33.0,285.0,999.9854125976562,-0.5829100681240824,0.5938456765182334,4.052969274383969,-1.1689332759884987,-0.2098209617938327,0.8583825058052259,1.4536375603755474,-0.6679303053496808,0.338157951095801,-2.3886492853262418
33.0,285.0,999.9854736328124,-0.5829137736605352,0.5938444058658412,4.052969872509909,-1.1689348985154933,-0.2098161165663512,0.858386272324454,1.4536341886582802,-0.6679319963189352,0.3381573117470147,-2.3886544254390083
33.0,285.0,999.9854125976562,-0.5829098110707651,0.5938424344959188,4.052967700342922,-1.1689340197207023,-0.2098209492703437,0.8583875615235144,1.4536415851907076,-0.6679289928054075,0.3381543218562779,-2.3886531144276835
33.0,285.0,999.9854125976562,-0.5829095912944267,0.5938460000806911,4.052968302634829,-1.1689292857165583,-0.2098203361913579,0.8583858282352903,1.453633626359112,-0.6679317933515616,0.3381569036183371,-2.388649908606848
33.0,285.0,999.9854125976562,-0.5829083286359023,0.5938429914468362,4.052969750829666,-1.1689276088161824,-0.209821789504347,0.8583877389542769,1.453635512111461,-0.6679292388258498,0.338161579608176,-2.3886467668245155
33.0,285.0,999.9854736328124,-0.582908315466339,0.5938364726323808,4.052966911526594,-1.1689218542862916,-0.2098219623189905,0.8583980305806707,1.4536316359405728,-0.6679333976108337,0.3381608434691507,-2.388647879782237
33.0,285.0,999.9854125976562,-0.5829087331506964,0.5938436902926645,4.052969387091823,-1.1689274507897056,-0.2098199292101972,0.8583898443253428,1.4536331330359609,-0.6679329909130951,0.3381574499636564,-2.388652233254627
33.0,285.0,999.9854125976562,-0.582907726887834,0.5938431441529355,4.052967908674907,-1.168925345477649,-0.2098221326248337,0.8583891147660596,1.4536340246089008,-0.667931358047336,0.3381620073938247,-2.3886463715820616
33.0,285.0,999.9854125976562,-0.5829076798980068,0.5938404117607945,4.05297051304596,-1.1689275600606424,-0.209821713372114,0.8583913031801487,1.453635672254431,-0.6679319112536026,0.3381615227801768,-2.3886457164473
33.0,285.0,999.9854125976562,-0.5829093460172396,0.5938416178402219,4.052967900981471,-1.16892803086867,-0.2098216172350495,0.8583898148066798,1.4536348322165606,-0.6679315195619742,0.3381570621749787,-2.388653151886704
33.0,285.0,999.9854125976562,-0.5829111423812021,0.5938417281242927,4.052967273692527,-1.168937990894396,-0.2098188783213892,0.8583862980719843,1.4536387175801018,-0.6679299581983047,0.3381527562499551,-2.3886556633371887
33.0,285.0,999.9854125976562,-0.5829098067737242,0.5938418869161852,4.052969926076772,-1.168932962879614,-0.2098200096625611,0.8583881816774657,1.4536382420763443,-0.6679309183147435,0.3381584980015013,-2.3886515618888686
33.0,285.0,999.9854125976562,-0.5829103778848639,0.5938422112375878,4.052969555587008,-1.1689317202119307,-0.2098178053476322,0.8583889493228556,1.4536322108663455,-0.6679313620737739,0.33815856587628,-2.388654943244448
33.0,285.0,999.9854125976562,-0.5829118325315878,0.59384640490447,4.052967050494216,-1.1689325379039062,-0.2098197125543865,0.858382201093356,1.4536331260337922,-0.6679299508821508,0.3381551993224949,-2.3886558237539064
33.0,285.0,999.9854125976562,-0.582910623671121,0.5938468418117644,4.052966727923948,-1.1689308335329516,-0.2098195639844329,0.8583868100677208,1.4536382508312071,-0.6679286617520228,0.3381589475138593,-2.3886497070908383
33.0,285.0,999.9854736328124,-0.5829131705692623,0.5938446931100403,4.052967470625422,-1.168936521862003,-0.2098168929607489,0.8583832583827427,1.453636761022448,-0.6679289803960016,0.3381547199746206,-2.388654511016397
33.0,285.0,999.9854125976562,-0.5829118836340133,0.5938498672774228,4.052970448674158,-1.168936906297866,-0.2098198975170184,0.8583785078401176,1.45364085488022,-0.6679286995677023,0.3381564304744353,-2.388653206682445
33.0,285.0,999.9854125976562,-0.5829087949499652,0.593845034287007,4.052970508118444,-1.168928547894443,-0.2098224476814145,0.8583875328920989,1.4536368905675996,-0.6679312072480235,0.3381572322704009,-2.38865210320905
33.0,285.0,999.9854125976562,-0.5829084092747854,0.5938428240466642,4.0529676298032165,-1.1689301752317238,-0.2098215715815623,0.8583872038411187,1.4536343144652184,-0.667930122129043,0.3381575164245607,-2.388652078505048
33.0,285.0,999.9854125976562,-0.5829095859804241,0.5938406331269919,4.052968176709722,-1.168931503145088,-0.2098209076946222,0.8583892540233515,1.4536378364109872,-0.6679300194485567,0.3381580775888668,-2.388651822241826
33.0,285.0,999.9854125976562,-0.5829091460442974,0.5938427161815163,4.052967983914659,-1.168932720350056,-0.2098206485035323,0.8583868792050344,1.4536381128011753,-0.6679303655655904,0.3381568038581397,-2.3886493022307667
33.0,285.0,999.9854125976562,-0.5829102950702261,0.5938428858825704,4.052967843380422,-1.1689345573594268,-0.2098205921430471,0.8583856818133491,1.453640637527366,-0.6679287680216106,0.338155448232774,-2.3886515656416583
33.0,285.0,999.9854736328124,-0.5829132984414827,0.5938489709740846,4.052970789807306,-1.1689431320605124,-0.2098171771984027,0.8583788437065039,1.4536445838197327,-0.6679304958069672,0.3381497692766686,-2.3886588798555053
33.0,285.0,999.9854125976562,-0.5829060123603016,0.593836560380093,4.052975365620428,-1.1689241200480105,-0.2098240630418342,0.8583930784502982,1.4536335827633824,-0.667932516673071,0.3381671997029043,-2.3886453038692568
33.0,285.0,999.9854125976562,-0.5829130777597538,0.5938459034936212,4.05296736459896,-1.1689350907835565,-0.2098175064283491,0.8583867499397568,1.4536367382243451,-0.6679312578242138,0.3381519127861487,-2.388658390783621
33.0,285.0,999.9854125976562,-0.5829096502875846,0.5938480877049717,4.052969470781729,-1.1689296632689905,-0.2098215599325366,0.858383474204917,1.453637234407954,-0.6679297083303197,0.3381598485675932,-2.388647974585024
33.0,285.0,999.9854736328124,-0.5829101283680114,0.5938423363521537,4.052960540582697,-1.1689345906917756,-0.2098177857015342,0.858389327678375,1.4536407086056204,-0.6679272886357959,0.3381500429679462,-2.388652960588268
33.0,285.0,999.9854125976562,-0.5829095379166924,0.5938397726318092,4.052970797904784,-1.1689298783720163,-0.2098216385974236,0.8583895757878643,1.4536353100896786,-0.6679303409240527,0.3381610256267029,-2.3886518878919483
33.0,285.0,999.9854125976562,-0.5829102996672404,0.5938429846851196,4.052965962505466,-1.168929693179205,-0.2098191325018907,0.8583894703774142,1.4536324541820091,-0.6679318446519016,0.3381524100688811,-2.388655679076128
33.0,285.0,999.9854125976562,-0.582909041073064,0.5938445933394902,4.052968789229926,-1.1689255048636489,-0.2098215543503538,0.8583868715352221,1.4536343138395118,-0.6679296269553987,0.3381631023521461,-2.3886459364569825
33.0,285.0,999.9854125976562,-0.5829079981854441,0.5938425890157886,4.052973456056153,-1.1689276399711497,-0.2098214250319978,0.858391003394015,1.4536369956328965,-0.6679333548877482,0.3381645668113116,-2.388645873925591
33.0,285.0,999.9854125976562,-0.5829084140763445,0.5938444865442216,4.05297108878584,-1.1689329074348676,-0.2098213018969499,0.8583852301539547,1.4536410024667887,-0.6679290052054352,0.3381607125347718,-2.388648647023889
33.0,285.0,999.9854125976562,-0.5829074859759968,0.5938408413543153,4.052968638928359,-1.168925908185832,-0.2098230076696214,0.8583912672834142,1.453634993209235,-0.6679324347880335,0.3381608337132249,-2.38864655182546
33.0,285.0,999.9854125976562,-0.5829115473700694,0.5938460139440576,4.052964850885889,-1.1689304439558108,-0.2098181028479713,0.8583879471064835,1.4536323913428353,-0.6679312727921927,0.3381554674145794,-2.388653491124757
33.0,285.0,999.9854125976562,-0.5829092241329645,0.5938400562597561,4.052970043100826,-1.1689299670784257,-0.2098208585628489,0.8583913745644365,1.4536382003045911,-0.6679327064800109,0.3381604247301695,-2.3886479785911208
33.0,286.0,999.9854125976562,-0.5829080301043197,0.5938441512901438,4.052970804960252,-1.1689270072208364,-0.2098229107810407,0.8583898767830913,1.4536378131821293,-0.667931716988269,0.3381640396235665,-2.388644091190637
33.0,286.0,999.9854125976562,-0.582910921723645,0.5938468438107751,4.052966354518876,-1.1689291290153667,-0.2098202126618344,0.8583835048482102,1.453632280737395,-0.6679292895314459,0.3381567170107979,-2.38865287793681
33.0,286.0,999.9854736328124,-0.5829062029904666,0.593836395699153,4.05297521198278,-1.1689233558286762,-0.2098249695370118,0.858397728953082,1.4536373324926135,-0.6679363998723336,0.3381654810396544,-2.388640778647529
33.0,286.0,999.9854736328124,-0.5829091291420498,0.5938388910109431,4.052967150645566,-1.1689261358208451,-0.2098195689170978,0.8583933887557249,1.4536333021051293,-0.6679328121856791,0.3381615336939569,-2.3886469840640108
33.0,286.0,999.9854125976562,-0.5829077021455049,0.5938421964434575,4.052971850597512,-1.1689311000567084,-0.2098226586127021,0.8583871230336735,1.45364161511141,-0.6679292513426649,0.3381610531502401,-2.388646284542853
33.0,286.0,999.9854125976562,-0.582909926206022,0.5938419474242105,4.052971420175801,-1.168932870690222,-0.2098210720918212,0.8583868850100913,1.453638483856321,-0.6679319996604036,0.3381580283910708,-2.388651744867325
33.0,286.0,999.9854736328124,-0.5829093102984935,0.5938401568646867,4.052971847942793,-1.1689321136429394,-0.2098221931961754,0.8583863450100884,1.4536405622367097,-0.6679298442439077,0.3381580547510046,-2.3886512453787203
33.0,286.0,999.9854736328124,-0.5829102107186133,0.5938450663850912,4.052964011930246,-1.1689338308235508,-0.2098190051254942,0.8583842931100971,1.4536381434228964,-0.6679286246445066,0.3381533882382284,-2.388653436662032
33.0,286.0,999.9854125976562,-0.5829092924358914,0.593841125737729,4.0529671244572505,-1.1689300210327196,-0.2098199465649806,0.8583923780187774,1.4536351596033086,-0.6679319210208412,0.3381551813859733,-2.3886527196902003
33.0,286.0,999.9854125976562,-0.5829096201509207,0.5938454267090378,4.05296790881671,-1.168928026857381,-0.2098199477678166,0.8583878847484936,1.4536299579781904,-0.6679311170747155,0.3381597506681357,-2.388650344920144
33.0,286.0,999.9854125976562,-0.5829115196642194,0.5938448183503571,4.05296804846466,-1.1689363929749534,-0.2098177083492975,0.8583836386790686,1.453637655776726,-0.6679287530701323,0.3381553541021622,-2.3886563076135663
33.0,286.0,999.9854125976562,-0.582908210720384,0.5938390242467362,4.052972765647283,-1.168931862945758,-0.2098214532051461,0.8583910098607266,1.4536384786628522,-0.667932401101357,0.3381581515151532,-2.388651526432724
33.0,286.0,999.9854736328124,-0.5829071982660743,0.5938449731229305,4.052969306157664,-1.168923804645459,-0.2098230645946781,0.85838952677181,1.4536342832907012,-0.6679330212206605,0.3381650500633002,-2.388643845778672
33.0,286.0,999.9854736328124,-0.5829095726843958,0.5938407385559428,4.052971954665734,-1.1689341525171448,-0.209820247370847,0.8583868209768948,1.4536418738817725,-0.6679298274476588,0.3381583928375686,-2.388650999240728
33.0,286.0,999.9854125976562,-0.5829100751635394,0.5938476280285112,4.0529673532464745,-1.1689307375966438,-0.2098200484741292,0.8583837688255445,1.453634020763812,-0.667930186750664,0.3381546992962994,-2.3886517699105085
33.0,286.0,999.9854125976562,-0.5829100681240824,0.5938456765182334,4.052969274383969,-1.1689332759884987,-0.2098209617938327,0.8583825058052259,1.4536375603755474,-0.6679303053496808,0.338157951095801,-2.3886492853262418
33.0,286.0,999.9854736328124,-0.5829137736605352,0.5938444058658412,4.052969872509909,-1.1689348985154933,-0.2098161165663512,0.858386272324454,1.4536341886582802,-0.6679319963189352,0.3381573117470147,-2.3886544254390083
33.0,286.0,999.9854125976562,-0.5829098110707651,0.5938424344959188,4.052967700342922,-1.1689340197207023,-0.2098209492703437,0.8583875615235144,1.4536415851907076,-0.6679289928054075,0.3381543218562779,-2.3886531144276835
33.0,286.0,999.9854125976562,-0.5829095912944267,0.5938460000806911,4.052968302634829,-1.1689292857165583,-0.2098203361913579,0.8583858282352903,1.453633626359112,-0.6679317933515616,0.3381569036183371,-2.388649908606848
33.0,286.0,999.9854125976562,-0.5829083286359023,0.5938429914468362,4.052969750829666,-1.1689276088161824,-0.209821789504347,0.8583877389542769,1.453635512111461,-0.6679292388258498,0.338161579608176,-2.3886467668245155
33.0,286.0,999.9854736328124,-0.582908315466339,0.5938364726323808,4.052966911526594,-1.1689218542862916,-0.2098219623189905,0.8583980305806707,1.4536316359405728,-0.6679333976108337,0.3381608434691507,-2.388647879782237
33.0,286.0,999.9854125976562,-0.5829087331506964,0.5938436902926645,4.052969387091823,-1.1689274507897056,-0.2098199292101972,0.8583898443253428,1.4536331330359609,-0.6679329909130951,0.3381574499636564,-2.388652233254627
33.0,286.0,999.9854125976562,-0.582907726887834,0.5938431441529355,4.052967908674907,-1.168925345477649,-0.2098221326248337,0.8583891147660596,1.4536340246089008,-0.667931358047336,0.3381620073938247,-2.3886463715820616
33.0,286.0,999.9854125976562,-0.5829076798980068,0.5938404117607945,4.05297051304596,-1.1689275600606424,-0.209821713372114,0.8583913031801487,1.453635672254431,-0.6679319112536026,0.3381615227801768,-2.3886457164473
33.0,286.0,999.9854125976562,-0.5829093460172396,0.5938416178402219,4.052967900981471,-1.16892803086867,-0.2098216172350495,0.8583898148066798,1.4536348322165606,-0.6679315195619742,0.3381570621749787,-2.388653151886704
33.0,286.0,999.9854125976562,-0.5829111423812021,0.5938417281242927,4.052967273692527,-1.168937990894396,-0.2098188783213892,0.8583862980719843,1.4536387175801018,-0.6679299581983047,0.3381527562499551,-2.3886556633371887
33.0,286.0,999.9854125976562,-0.5829098067737242,0.5938418869161852,4.052969926076772,-1.168932962879614,-0.2098200096625611,0.8583881816774657,1.4536382420763443,-0.6679309183147435,0.3381584980015013,-2.3886515618888686
33.0,286.0,999.9854125976562,-0.5829103778848639,0.5938422112375878,4.052969555587008,-1.1689317202119307,-0.2098178053476322,0.8583889493228556,1.4536322108663455,-0.6679313620737739,0.33815856587628,-2.388654943244448
33.0,286.0,999.9854125976562,-0.5829118325315878,0.59384640490447,4.052967050494216,-1.1689325379039062,-0.2098197125543865,0.858382201093356,1.4536331260337922,-0.6679299508821508,0.3381551993224949,-2.3886558237539064
33.0,286.0,999.9854125976562,-0.582910623671121,0.5938468418117644,4.052966727923948,-1.1689308335329516,-0.2098195639844329,0.8583868100677208,1.4536382508312071,-0.6679286617520228,0.3381589475138593,-2.3886497070908383
33.0,286.0,999.9854736328124,-0.5829131705692623,0.5938446931100403,4.052967470625422,-1.168936521862003,-0.2098168929607489,0.8583832583827427,1.453636761022448,-0.6679289803960016,0.3381547199746206,-2.388654511016397
33.0,286.0,999.9854125976562,-0.5829118836340133,0.5938498672774228,4.052970448674158,-1.168936906297866,-0.2098198975170184,0.8583785078401176,1.45364085488022,-0.6679286995677023,0.3381564304744353,-2.388653206682445
33.0,286.0,999.9854125976562,-0.5829087949499652,0.593845034287007,4.052970508118444,-1.168928547894443,-0.2098224476814145,0.8583875328920989,1.4536368905675996,-0.6679312072480235,0.3381572322704009,-2.38865210320905
33.0,286.0,999.9854125976562,-0.5829084092747854,0.5938428240466642,4.0529676298032165,-1.1689301752317238,-0.2098215715815623,0.8583872038411187,1.4536343144652184,-0.667930122129043,0.3381575164245607,-2.388652078505048
33.0,286.0,999.9854125976562,-0.5829095859804241,0.5938406331269919,4.052968176709722,-1.168931503145088,-0.2098209076946222,0.8583892540233515,1.4536378364109872,-0.6679300194485567,0.3381580775888668,-2.388651822241826
33.0,286.0,999.9854125976562,-0.5829091460442974,0.5938427161815163,4.052967983914659,-1.168932720350056,-0.2098206485035323,0.8583868792050344,1.4536381128011753,-0.6679303655655904,0.3381568038581397,-2.3886493022307667
33.0,286.0,999.9854125976562,-0.5829102950702261,0.5938428858825704,4.052967843380422,-1.1689345573594268,-0.2098205921430471,0.8583856818133491,1.453640637527366,-0.6679287680216106,0.338155448232774,-2.3886515656416583
33.0,286.0,999.9854736328124,-0.5829132984414827,0.5938489709740846,4.052970789807306,-1.1689431320605124,-0.2098171771984027,0.8583788437065039,1.4536445838197327,-0.6679304958069672,0.3381497692766686,-2.3886588798555053
33.0,286.0,999.9854125976562,-0.5829060123603016,0.593836560380093,4.052975365620428,-1.1689241200480105,-0.2098240630418342,0.8583930784502982,1.4536335827633824,-0.667932516673071,0.3381671997029043,-2.3886453038692568
33.0,286.0,999.9854125976562,-0.5829130777597538,0.5938459034936212,4.05296736459896,-1.1689350907835565,-0.2098175064283491,0.8583867499397568,1.4536367382243451,-0.6679312578242138,0.3381519127861487,-2.388658390783621
33.0,286.0,999.9854125976562,-0.5829096502875846,0.5938480877049717,4.052969470781729,-1.1689296632689905,-0.2098215599325366,0.858383474204917,1.453637234407954,-0.6679297083303197,0.3381598485675932,-2.388647974585024
33.0,286.0,999.9854736328124,-0.5829101283680114,0.5938423363521537,4.052960540582697,-1.1689345906917756,-0.2098177857015342,0.858389327678375,1.4536407086056204,-0.6679272886357959,0.3381500429679462,-2.388652960588268
33.0,286.0,999.9854125976562,-0.5829095379166924,0.5938397726318092,4.052970797904784,-1.1689298783720163,-0.2098216385974236,0.8583895757878643,1.4536353100896786,-0.6679303409240527,0.3381610256267029,-2.3886518878919483
33.0,286.0,999.9854125976562,-0.5829102996672404,0.5938429846851196,4.052965962505466,-1.168929693179205,-0.2098191325018907,0.8583894703774142,1.4536324541820091,-0.6679318446519016,0.3381524100688811,-2.388655679076128
33.0,286.0,999.9854125976562,-0.582909041073064,0.5938445933394902,4.052968789229926,-1.1689255048636489,-0.2098215543503538,0.8583868715352221,1.4536343138395118,-0.6679296269553987,0.3381631023521461,-2.3886459364569825
33.0,286.0,999.9854125976562,-0.5829079981854441,0.5938425890157886,4.052973456056153,-1.1689276399711497,-0.2098214250319978,0.858391003394015,1.4536369956328965,-0.6679333548877482,0.3381645668113116,-2.388645873925591
33.0,286.0,999.9854125976562,-0.5829084140763445,0.5938444865442216,4.05297108878584,-1.1689329074348676,-0.2098213018969499,0.8583852301539547,1.4536410024667887,-0.6679290052054352,0.3381607125347718,-2.388648647023889
33.0,286.0,999.9854125976562,-0.5829074859759968,0.5938408413543153,4.052968638928359,-1.168925908185832,-0.2098230076696214,0.8583912672834142,1.453634993209235,-0.6679324347880335,0.3381608337132249,-2.38864655182546
33.0,286.0,999.9854125976562,-0.5829115473700694,0.5938460139440576,4.052964850885889,-1.1689304439558108,-0.2098181028479713,0.8583879471064835,1.4536323913428353,-0.6679312727921927,0.3381554674145794,-2.388653491124757
33.0,286.0,999.9854125976562,-0.5829092241329645,0.5938400562597561,4.052970043100826,-1.1689299670784257,-0.2098208585628489,0.8583913745644365,1.4536382003045911,-0.6679327064800109,0.3381604247301695,-2.3886479785911208
33.0,287.0,999.9854125976562,-0.5829080301043197,0.5938441512901438,4.052970804960252,-1.1689270072208364,-0.2098229107810407,0.8583898767830913,1.4536378131821293,-0.667931716988269,0.3381640396235665,-2.388644091190637
33.0,287.0,999.9854125976562,-0.582910921723645,0.5938468438107751,4.052966354518876,-1.1689291290153667,-0.2098202126618344,0.8583835048482102,1.453632280737395,-0.6679292895314459,0.3381567170107979,-2.38865287793681
33.0,287.0,999.9854736328124,-0.5829062029904666,0.593836395699153,4.05297521198278,-1.1689233558286762,-0.2098249695370118,0.858397728953082,1.4536373324926135,-0.6679363998723336,0.3381654810396544,-2.388640778647529
33.0,287.0,999.9854736328124,-0.5829091291420498,0.5938388910109431,4.052967150645566,-1.1689261358208451,-0.2098195689170978,0.8583933887557249,1.4536333021051293,-0.6679328121856791,0.3381615336939569,-2.3886469840640108
33.0,287.0,999.9854125976562,-0.5829077021455049,0.5938421964434575,4.052971850597512,-1.1689311000567084,-0.2098226586127021,0.8583871230336735,1.45364161511141,-0.6679292513426649,0.3381610531502401,-2.388646284542853
33.0,287.0,999.9854125976562,-0.582909926206022,0.5938419474242105,4.052971420175801,-1.168932870690222,-0.2098210720918212,0.8583868850100913,1.453638483856321,-0.6679319996604036,0.3381580283910708,-2.388651744867325
33.0,287.0,999.9854736328124,-0.5829093102984935,0.5938401568646867,4.052971847942793,-1.1689321136429394,-0.2098221931961754,0.8583863450100884,1.4536405622367097,-0.6679298442439077,0.3381580547510046,-2.3886512453787203
33.0,287.0,999.9854736328124,-0.5829102107186133,0.5938450663850912,4.052964011930246,-1.1689338308235508,-0.2098190051254942,0.8583842931100971,1.4536381434228964,-0.6679286246445066,0.3381533882382284,-2.388653436662032
33.0,287.0,999.9854125976562,-0.5829092924358914,0.593841125737729,4.0529671244572505,-1.1689300210327196,-0.2098199465649806,0.8583923780187774,1.4536351596033086,-0.6679319210208412,0.3381551813859733,-2.3886527196902003
33.0,287.0,999.9854125976562,-0.5829096201509207,0.5938454267090378,4.05296790881671,-1.168928026857381,-0.2098199477678166,0.8583878847484936,1.4536299579781904,-0.6679311170747155,0.3381597506681357,-2.388650344920144
33.0,287.0,999.9854125976562,-0.5829115196642194,0.5938448183503571,4.05296804846466,-1.1689363929749534,-0.2098177083492975,0.8583836386790686,1.453637655776726,-0.6679287530701323,0.3381553541021622,-2.3886563076135663
33.0,287.0,999.9854125976562,-0.582908210720384,0.5938390242467362,4.052972765647283,-1.168931862945758,-0.2098214532051461,0.8583910098607266,1.4536384786628522,-0.667932401101357,0.3381581515151532,-2.388651526432724
33.0,287.0,999.9854736328124,-0.5829071982660743,0.5938449731229305,4.052969306157664,-1.168923804645459,-0.2098230645946781,0.85838952677181,1.4536342832907012,-0.6679330212206605,0.3381650500633002,-2.388643845778672
33.0,287.0,999.9854736328124,-0.5829095726843958,0.5938407385559428,4.052971954665734,-1.1689341525171448,-0.209820247370847,0.8583868209768948,1.4536418738817725,-0.6679298274476588,0.3381583928375686,-2.388650999240728
33.0,287.0,999.9854125976562,-0.5829100751635394,0.5938476280285112,4.0529673532464745,-1.1689307375966438,-0.2098200484741292,0.8583837688255445,1.453634020763812,-0.667930186750664,0.3381546992962994,-2.3886517699105085
33.0,287.0,999.9854125976562,-0.5829100681240824,0.5938456765182334,4.052969274383969,-1.1689332759884987,-0.2098209617938327,0.8583825058052259,1.4536375603755474,-0.6679303053496808,0.338157951095801,-2.3886492853262418
33.0,287.0,999.9854736328124,-0.5829137736605352,0.5938444058658412,4.052969872509909,-1.1689348985154933,-0.2098161165663512,0.858386272324454,1.4536341886582802,-0.6679319963189352,0.3381573117470147,-2.3886544254390083
33.0,287.0,999.9854125976562,-0.5829098110707651,0.5938424344959188,4.052967700342922,-1.1689340197207023,-0.2098209492703437,0.8583875615235144,1.4536415851907076,-0.6679289928054075,0.3381543218562779,-2.3886531144276835
33.0,287.0,999.9854125976562,-0.5829095912944267,0.5938460000806911,4.052968302634829,-1.1689292857165583,-0.2098203361913579,0.8583858282352903,1.453633626359112,-0.6679317933515616,0.3381569036183371,-2.388649908606848
33.0,287.0,999.9854125976562,-0.5829083286359023,0.5938429914468362,4.052969750829666,-1.1689276088161824,-0.209821789504347,0.8583877389542769,1.453635512111461,-0.6679292388258498,0.338161579608176,-2.3886467668245155
33.0,287.0,999.9854736328124,-0.582908315466339,0.5938364726323808,4.052966911526594,-1.1689218542862916,-0.2098219623189905,0.8583980305806707,1.4536316359405728,-0.6679333976108337,0.3381608434691507,-2.388647879782237
33.0,287.0,999.9854125976562,-0.5829087331506964,0.5938436902926645,4.052969387091823,-1.1689274507897056,-0.2098199292101972,0.8583898443253428,1.4536331330359609,-0.6679329909130951,0.3381574499636564,-2.388652233254627
33.0,287.0,999.9854125976562,-0.582907726887834,0.5938431441529355,4.052967908674907,-1.168925345477649,-0.2098221326248337,0.8583891147660596,1.4536340246089008,-0.667931358047336,0.3381620073938247,-2.3886463715820616
33.0,287.0,999.9854125976562,-0.5829076798980068,0.5938404117607945,4.05297051304596,-1.1689275600606424,-0.209821713372114,0.8583913031801487,1.453635672254431,-0.6679319112536026,0.3381615227801768,-2.3886457164473
33.0,287.0,999.9854125976562,-0.5829093460172396,0.5938416178402219,4.052967900981471,-1.16892803086867,-0.2098216172350495,0.8583898148066798,1.4536348322165606,-0.6679315195619742,0.3381570621749787,-2.388653151886704
33.0,287.0,999.9854125976562,-0.5829111423812021,0.5938417281242927,4.052967273692527,-1.168937990894396,-0.2098188783213892,0.8583862980719843,1.4536387175801018,-0.6679299581983047,0.3381527562499551,-2.3886556633371887
33.0,287.0,999.9854125976562,-0.5829098067737242,0.5938418869161852,4.052969926076772,-1.168932962879614,-0.2098200096625611,0.8583881816774657,1.4536382420763443,-0.6679309183147435,0.3381584980015013,-2.3886515618888686
33.0,287.0,999.9854125976562,-0.5829103778848639,0.5938422112375878,4.052969555587008,-1.1689317202119307,-0.2098178053476322,0.8583889493228556,1.4536322108663455,-0.6679313620737739,0.33815856587628,-2.388654943244448
33.0,287.0,999.9854125976562,-0.5829118325315878,0.59384640490447,4.052967050494216,-1.1689325379039062,-0.2098197125543865,0.858382201093356,1.4536331260337922,-0.6679299508821508,0.3381551993224949,-2.3886558237539064
33.0,287.0,999.9854125976562,-0.582910623671121,0.5938468418117644,4.052966727923948,-1.1689308335329516,-0.2098195639844329,0.8583868100677208,1.4536382508312071,-0.6679286617520228,0.3381589475138593,-2.3886497070908383
33.0,287.0,999.9854736328124,-0.5829131705692623,0.5938446931100403,4.052967470625422,-1.168936521862003,-0.2098168929607489,0.8583832583827427,1.453636761022448,-0.6679289803960016,0.3381547199746206,-2.388654511016397
33.0,287.0,999.9854125976562,-0.5829118836340133,0.5938498672774228,4.052970448674158,-1.168936906297866,-0.2098198975170184,0.8583785078401176,1.45364085488022,-0.6679286995677023,0.3381564304744353,-2.388653206682445
33.0,287.0,999.9854125976562,-0.5829087949499652,0.593845034287007,4.052970508118444,-1.168928547894443,-0.2098224476814145,0.8583875328920989,1.4536368905675996,-0.6679312072480235,0.3381572322704009,-2.38865210320905
33.0,287.0,999.9854125976562,-0.5829084092747854,0.5938428240466642,4.0529676298032165,-1.1689301752317238,-0.2098215715815623,0.8583872038411187,1.4536343144652184,-0.667930122129043,0.3381575164245607,-2.388652078505048
33.0,287.0,999.9854125976562,-0.5829095859804241,0.5938406331269919,4.052968176709722,-1.168931503145088,-0.2098209076946222,0.8583892540233515,1.4536378364109872,-0.6679300194485567,0.3381580775888668,-2.388651822241826
33.0,287.0,999.9854125976562,-0.5829091460442974,0.5938427161815163,4.052967983914659,-1.168932720350056,-0.2098206485035323,0.8583868792050344,1.4536381128011753,-0.6679303655655904,0.3381568038581397,-2.3886493022307667
33.0,287.0,999.9854125976562,-0.5829102950702261,0.5938428858825704,4.052967843380422,-1.1689345573594268,-0.2098205921430471,0.8583856818133491,1.453640637527366,-0.6679287680216106,0.338155448232774,-2.3886515656416583
33.0,287.0,999.9854736328124,-0.5829132984414827,0.5938489709740846,4.052970789807306,-1.1689431320605124,-0.2098171771984027,0.8583788437065039,1.4536445838197327,-0.6679304958069672,0.3381497692766686,-2.3886588798555053
33.0,287.0,999.9854125976562,-0.5829060123603016,0.593836560380093,4.052975365620428,-1.1689241200480105,-0.2098240630418342,0.8583930784502982,1.4536335827633824,-0.667932516673071,0.3381671997029043,-2.3886453038692568
33.0,287.0,999.9854125976562,-0.5829130777597538,0.5938459034936212,4.05296736459896,-1.1689350907835565,-0.2098175064283491,0.8583867499397568,1.4536367382243451,-0.6679312578242138,0.3381519127861487,-2.388658390783621
33.0,287.0,999.9854125976562,-0.5829096502875846,0.5938480877049717,4.052969470781729,-1.1689296632689905,-0.2098215599325366,0.858383474204917,1.453637234407954,-0.6679297083303197,0.3381598485675932,-2.388647974585024
33.0,287.0,999.9854736328124,-0.5829101283680114,0.5938423363521537,4.052960540582697,-1.1689345906917756,-0.2098177857015342,0.858389327678375,1.4536407086056204,-0.6679272886357959,0.3381500429679462,-2.388652960588268
33.0,287.0,999.9854125976562,-0.5829095379166924,0.5938397726318092,4.052970797904784,-1.1689298783720163,-0.2098216385974236,0.8583895757878643,1.4536353100896786,-0.6679303409240527,0.3381610256267029,-2.3886518878919483
33.0,287.0,999.9854125976562,-0.5829102996672404,0.5938429846851196,4.052965962505466,-1.168929693179205,-0.2098191325018907,0.8583894703774142,1.4536324541820091,-0.6679318446519016,0.3381524100688811,-2.388655679076128
33.0,287.0,999.9854125976562,-0.582909041073064,0.5938445933394902,4.052968789229926,-1.1689255048636489,-0.2098215543503538,0.8583868715352221,1.4536343138395118,-0.6679296269553987,0.3381631023521461,-2.3886459364569825
33.0,287.0,999.9854125976562,-0.5829079981854441,0.5938425890157886,4.052973456056153,-1.1689276399711497,-0.2098214250319978,0.858391003394015,1.4536369956328965,-0.6679333548877482,0.3381645668113116,-2.388645873925591
33.0,287.0,999.9854125976562,-0.5829084140763445,0.5938444865442216,4.05297108878584,-1.1689329074348676,-0.2098213018969499,0.8583852301539547,1.4536410024667887,-0.6679290052054352,0.3381607125347718,-2.388648647023889
33.0,287.0,999.9854125976562,-0.5829074859759968,0.5938408413543153,4.052968638928359,-1.168925908185832,-0.2098230076696214,0.8583912672834142,1.453634993209235,-0.6679324347880335,0.3381608337132249,-2.38864655182546
33.0,287.0,999.9854125976562,-0.5829115473700694,0.5938460139440576,4.052964850885889,-1.1689304439558108,-0.2098181028479713,0.8583879471064835,1.4536323913428353,-0.6679312727921927,0.3381554674145794,-2.388653491124757
33.0,287.0,999.9854125976562,-0.5829092241329645,0.5938400562597561,4.052970043100826,-1.1689299670784257,-0.2098208585628489,0.8583913745644365,1.4536382003045911,-0.6679327064800109,0.3381604247301695,-2.3886479785911208
33.0,288.0,999.9854125976562,-0.5829080301043197,0.5938441512901438,4.052970804960252,-1.1689270072208364,-0.2098229107810407,0.8583898767830913,1.4536378131821293,-0.667931716988269,0.3381640396235665,-2.388644091190637
33.0,288.0,999.9854125976562,-0.582910921723645,0.5938468438107751,4.052966354518876,-1.1689291290153667,-0.2098202126618344,0.8583835048482102,1.453632280737395,-0.6679292895314459,0.3381567170107979,-2.38865287793681
33.0,288.0,999.9854736328124,-0.5829062029904666,0.593836395699153,4.05297521198278,-1.1689233558286762,-0.2098249695370118,0.858397728953082,1.4536373324926135,-0.6679363998723336,0.3381654810396544,-2.388640778647529
33.0,288.0,999.9854736328124,-0.5829091291420498,0.5938388910109431,4.052967150645566,-1.1689261358208451,-0.2098195689170978,0.8583933887557249,1.4536333021051293,-0.6679328121856791,0.3381615336939569,-2.3886469840640108
33.0,288.0,999.9854125976562,-0.5829077021455049,0.5938421964434575,4.052971850597512,-1.1689311000567084,-0.2098226586127021,0.8583871230336735,1.45364161511141,-0.6679292513426649,0.3381610531502401,-2.388646284542853
33.0,288.0,999.9854125976562,-0.582909926206022,0.5938419474242105,4.052971420175801,-1.168932870690222,-0.2098210720918212,0.8583868850100913,1.453638483856321,-0.6679319996604036,0.3381580283910708,-2.388651744867325
33.0,288.0,999.9854736328124,-0.5829093102984935,0.5938401568646867,4.052971847942793,-1.1689321136429394,-0.2098221931961754,0.8583863450100884,1.4536405622367097,-0.6679298442439077,0.3381580547510046,-2.3886512453787203
33.0,288.0,999.9854736328124,-0.5829102107186133,0.5938450663850912,4.052964011930246,-1.1689338308235508,-0.2098190051254942,0.8583842931100971,1.4536381434228964,-0.6679286246445066,0.3381533882382284,-2.388653436662032
33.0,288.0,999.9854125976562,-0.5829092924358914,0.593841125737729,4.0529671244572505,-1.1689300210327196,-0.2098199465649806,0.8583923780187774,1.4536351596033086,-0.6679319210208412,0.3381551813859733,-2.3886527196902003
33.0,288.0,999.9854125976562,-0.5829096201509207,0.5938454267090378,4.05296790881671,-1.168928026857381,-0.2098199477678166,0.8583878847484936,1.4536299579781904,-0.6679311170747155,0.3381597506681357,-2.388650344920144
33.0,288.0,999.9854125976562,-0.5829115196642194,0.5938448183503571,4.05296804846466,-1.1689363929749534,-0.2098177083492975,0.8583836386790686,1.453637655776726,-0.6679287530701323,0.3381553541021622,-2.3886563076135663
33.0,288.0,999.9854125976562,-0.582908210720384,0.5938390242467362,4.052972765647283,-1.168931862945758,-0.2098214532051461,0.8583910098607266,1.4536384786628522,-0.667932401101357,0.3381581515151532,-2.388651526432724
33.0,288.0,999.9854736328124,-0.5829071982660743,0.5938449731229305,4.052969306157664,-1.168923804645459,-0.2098230645946781,0.85838952677181,1.4536342832907012,-0.6679330212206605,0.3381650500633002,-2.388643845778672
33.0,288.0,999.9854736328124,-0.5829095726843958,0.5938407385559428,4.052971954665734,-1.1689341525171448,-0.209820247370847,0.8583868209768948,1.4536418738817725,-0.6679298274476588,0.3381583928375686,-2.388650999240728
33.0,288.0,999.9854125976562,-0.5829100751635394,0.5938476280285112,4.0529673532464745,-1.1689307375966438,-0.2098200484741292,0.8583837688255445,1.453634020763812,-0.667930186750664,0.3381546992962994,-2.3886517699105085
33.0,288.0,999.9854125976562,-0.5829100681240824,0.5938456765182334,4.052969274383969,-1.1689332759884987,-0.2098209617938327,0.8583825058052259,1.4536375603755474,-0.6679303053496808,0.338157951095801,-2.3886492853262418
33.0,288.0,999.9854736328124,-0.5829137736605352,0.5938444058658412,4.052969872509909,-1.1689348985154933,-0.2098161165663512,0.858386272324454,1.4536341886582802,-0.6679319963189352,0.3381573117470147,-2.3886544254390083
33.0,288.0,999.9854125976562,-0.5829098110707651,0.5938424344959188,4.052967700342922,-1.1689340197207023,-0.2098209492703437,0.8583875615235144,1.4536415851907076,-0.6679289928054075,0.3381543218562779,-2.3886531144276835
33.0,288.0,999.9854125976562,-0.5829095912944267,0.5938460000806911,4.052968302634829,-1.1689292857165583,-0.2098203361913579,0.8583858282352903,1.453633626359112,-0.6679317933515616,0.3381569036183371,-2.388649908606848
33.0,288.0,999.9854125976562,-0.5829083286359023,0.5938429914468362,4.052969750829666,-1.1689276088161824,-0.209821789504347,0.8583877389542769,1.453635512111461,-0.6679292388258498,0.338161579608176,-2.3886467668245155
33.0,288.0,999.9854736328124,-0.582908315466339,0.5938364726323808,4.052966911526594,-1.1689218542862916,-0.2098219623189905,0.8583980305806707,1.4536316359405728,-0.6679333976108337,0.3381608434691507,-2.388647879782237
33.0,288.0,999.9854125976562,-0.5829087331506964,0.5938436902926645,4.052969387091823,-1.1689274507897056,-0.2098199292101972,0.8583898443253428,1.4536331330359609,-0.6679329909130951,0.3381574499636564,-2.388652233254627
33.0,288.0,999.9854125976562,-0.582907726887834,0.5938431441529355,4.052967908674907,-1.168925345477649,-0.2098221326248337,0.8583891147660596,1.4536340246089008,-0.667931358047336,0.3381620073938247,-2.3886463715820616
33.0,288.0,999.9854125976562,-0.5829076798980068,0.5938404117607945,4.05297051304596,-1.1689275600606424,-0.209821713372114,0.8583913031801487,1.453635672254431,-0.6679319112536026,0.3381615227801768,-2.3886457164473
33.0,288.0,999.9854125976562,-0.5829093460172396,0.5938416178402219,4.052967900981471,-1.16892803086867,-0.2098216172350495,0.8583898148066798,1.4536348322165606,-0.6679315195619742,0.3381570621749787,-2.388653151886704
33.0,288.0,999.9854125976562,-0.5829111423812021,0.5938417281242927,4.052967273692527,-1.168937990894396,-0.2098188783213892,0.8583862980719843,1.4536387175801018,-0.6679299581983047,0.3381527562499551,-2.3886556633371887
33.0,288.0,999.9854125976562,-0.5829098067737242,0.5938418869161852,4.052969926076772,-1.168932962879614,-0.2098200096625611,0.8583881816774657,1.4536382420763443,-0.6679309183147435,0.3381584980015013,-2.3886515618888686
33.0,288.0,999.9854125976562,-0.5829103778848639,0.5938422112375878,4.052969555587008,-1.1689317202119307,-0.2098178053476322,0.8583889493228556,1.4536322108663455,-0.6679313620737739,0.33815856587628,-2.388654943244448
33.0,288.0,999.9854125976562,-0.5829118325315878,0.59384640490447,4.052967050494216,-1.1689325379039062,-0.2098197125543865,0.858382201093356,1.4536331260337922,-0.6679299508821508,0.3381551993224949,-2.3886558237539064
33.0,288.0,999.9854125976562,-0.582910623671121,0.5938468418117644,4.052966727923948,-1.1689308335329516,-0.2098195639844329,0.8583868100677208,1.4536382508312071,-0.6679286617520228,0.3381589475138593,-2.3886497070908383
33.0,288.0,999.9854736328124,-0.5829131705692623,0.5938446931100403,4.052967470625422,-1.168936521862003,-0.2098168929607489,0.8583832583827427,1.453636761022448,-0.6679289803960016,0.3381547199746206,-2.388654511016397
33.0,288.0,999.9854125976562,-0.5829118836340133,0.5938498672774228,4.052970448674158,-1.168936906297866,-0.2098198975170184,0.8583785078401176,1.45364085488022,-0.6679286995677023,0.3381564304744353,-2.388653206682445
33.0,288.0,999.9854125976562,-0.5829087949499652,0.593845034287007,4.052970508118444,-1.168928547894443,-0.2098224476814145,0.8583875328920989,1.4536368905675996,-0.6679312072480235,0.3381572322704009,-2.38865210320905
33.0,288.0,999.9854125976562,-0.5829084092747854,0.5938428240466642,4.0529676298032165,-1.1689301752317238,-0.2098215715815623,0.8583872038411187,1.4536343144652184,-0.667930122129043,0.3381575164245607,-2.388652078505048
33.0,288.0,999.9854125976562,-0.5829095859804241,0.5938406331269919,4.052968176709722,-1.168931503145088,-0.2098209076946222,0.8583892540233515,1.4536378364109872,-0.6679300194485567,0.3381580775888668,-2.388651822241826
33.0,288.0,999.9854125976562,-0.5829091460442974,0.5938427161815163,4.052967983914659,-1.168932720350056,-0.2098206485035323,0.8583868792050344,1.4536381128011753,-0.6679303655655904,0.3381568038581397,-2.3886493022307667
33.0,288.0,999.9854125976562,-0.5829102950702261,0.5938428858825704,4.052967843380422,-1.1689345573594268,-0.2098205921430471,0.8583856818133491,1.453640637527366,-0.6679287680216106,0.338155448232774,-2.3886515656416583
33.0,288.0,999.9854736328124,-0.5829132984414827,0.5938489709740846,4.052970789807306,-1.1689431320605124,-0.2098171771984027,0.8583788437065039,1.4536445838197327,-0.6679304958069672,0.3381497692766686,-2.3886588798555053
33.0,288.0,999.9854125976562,-0.5829060123603016,0.593836560380093,4.052975365620428,-1.1689241200480105,-0.2098240630418342,0.8583930784502982,1.4536335827633824,-0.667932516673071,0.3381671997029043,-2.3886453038692568
33.0,288.0,999.9854125976562,-0.5829130777597538,0.5938459034936212,4.05296736459896,-1.1689350907835565,-0.2098175064283491,0.8583867499397568,1.4536367382243451,-0.6679312578242138,0.3381519127861487,-2.388658390783621
33.0,288.0,999.9854125976562,-0.5829096502875846,0.5938480877049717,4.052969470781729,-1.1689296632689905,-0.2098215599325366,0.858383474204917,1.453637234407954,-0.6679297083303197,0.3381598485675932,-2.388647974585024
33.0,288.0,999.9854736328124,-0.5829101283680114,0.5938423363521537,4.052960540582697,-1.1689345906917756,-0.2098177857015342,0.858389327678375,1.4536407086056204,-0.6679272886357959,0.3381500429679462,-2.388652960588268
33.0,288.0,999.9854125976562,-0.5829095379166924,0.5938397726318092,4.052970797904784,-1.1689298783720163,-0.2098216385974236,0.8583895757878643,1.4536353100896786,-0.6679303409240527,0.3381610256267029,-2.3886518878919483
33.0,288.0,999.9854125976562,-0.5829102996672404,0.5938429846851196,4.052965962505466,-1.168929693179205,-0.2098191325018907,0.8583894703774142,1.4536324541820091,-0.6679318446519016,0.3381524100688811,-2.388655679076128
33.0,288.0,999.9854125976562,-0.582909041073064,0.5938445933394902,4.052968789229926,-1.1689255048636489,-0.2098215543503538,0.8583868715352221,1.4536343138395118,-0.6679296269553987,0.3381631023521461,-2.3886459364569825
33.0,288.0,999.9854125976562,-0.5829079981854441,0.5938425890157886,4.052973456056153,-1.1689276399711497,-0.2098214250319978,0.858391003394015,1.4536369956328965,-0.6679333548877482,0.3381645668113116,-2.388645873925591
33.0,288.0,999.9854125976562,-0.5829084140763445,0.5938444865442216,4.05297108878584,-1.1689329074348676,-0.2098213018969499,0.8583852301539547,1.4536410024667887,-0.6679290052054352,0.3381607125347718,-2.388648647023889
33.0,288.0,999.9854125976562,-0.5829074859759968,0.5938408413543153,4.052968638928359,-1.168925908185832,-0.2098230076696214,0.8583912672834142,1.453634993209235,-0.6679324347880335,0.3381608337132249,-2.38864655182546
33.0,288.0,999.9854125976562,-0.5829115473700694,0.5938460139440576,4.052964850885889,-1.1689304439558108,-0.2098181028479713,0.8583879471064835,1.4536323913428353,-0.6679312727921927,0.3381554674145794,-2.388653491124757
33.0,288.0,999.9854125976562,-0.5829092241329645,0.5938400562597561,4.052970043100826,-1.1689299670784257,-0.2098208585628489,0.8583913745644365,1.4536382003045911,-0.6679327064800109,0.3381604247301695,-2.3886479785911208
33.0,289.0,999.9854125976562,-0.5829080301043197,0.5938441512901438,4.052970804960252,-1.1689270072208364,-0.2098229107810407,0.8583898767830913,1.4536378131821293,-0.667931716988269,0.3381640396235665,-2.388644091190637
33.0,289.0,999.9854125976562,-0.582910921723645,0.5938468438107751,4.052966354518876,-1.1689291290153667,-0.2098202126618344,0.8583835048482102,1.453632280737395,-0.6679292895314459,0.3381567170107979,-2.38865287793681
33.0,289.0,999.9854736328124,-0.5829062029904666,0.593836395699153,4.05297521198278,-1.1689233558286762,-0.2098249695370118,0.858397728953082,1.4536373324926135,-0.6679363998723336,0.3381654810396544,-2.388640778647529
33.0,289.0,999.9854736328124,-0.5829091291420498,0.5938388910109431,4.052967150645566,-1.1689261358208451,-0.2098195689170978,0.8583933887557249,1.4536333021051293,-0.6679328121856791,0.3381615336939569,-2.3886469840640108
33.0,289.0,999.9854125976562,-0.5829077021455049,0.5938421964434575,4.052971850597512,-1.1689311000567084,-0.2098226586127021,0.8583871230336735,1.45364161511141,-0.6679292513426649,0.3381610531502401,-2.388646284542853
33.0,289.0,999.9854125976562,-0.582909926206022,0.5938419474242105,4.052971420175801,-1.168932870690222,-0.2098210720918212,0.8583868850100913,1.453638483856321,-0.6679319996604036,0.3381580283910708,-2.388651744867325
33.0,289.0,999.9854736328124,-0.5829093102984935,0.5938401568646867,4.052971847942793,-1.1689321136429394,-0.2098221931961754,0.8583863450100884,1.4536405622367097,-0.6679298442439077,0.3381580547510046,-2.3886512453787203
33.0,289.0,999.9854736328124,-0.5829102107186133,0.5938450663850912,4.052964011930246,-1.1689338308235508,-0.2098190051254942,0.8583842931100971,1.4536381434228964,-0.6679286246445066,0.3381533882382284,-2.388653436662032
33.0,289.0,999.9854125976562,-0.5829092924358914,0.593841125737729,4.0529671244572505,-1.1689300210327196,-0.2098199465649806,0.8583923780187774,1.4536351596033086,-0.6679319210208412,0.3381551813859733,-2.3886527196902003
33.0,289.0,999.9854125976562,-0.5829096201509207,0.5938454267090378,4.05296790881671,-1.168928026857381,-0.2098199477678166,0.8583878847484936,1.4536299579781904,-0.6679311170747155,0.3381597506681357,-2.388650344920144
33.0,289.0,999.9854125976562,-0.5829115196642194,0.5938448183503571,4.05296804846466,-1.1689363929749534,-0.2098177083492975,0.8583836386790686,1.453637655776726,-0.6679287530701323,0.3381553541021622,-2.3886563076135663
33.0,289.0,999.9854125976562,-0.582908210720384,0.5938390242467362,4.052972765647283,-1.168931862945758,-0.2098214532051461,0.8583910098607266,1.4536384786628522,-0.667932401101357,0.3381581515151532,-2.388651526432724
33.0,289.0,999.9854736328124,-0.5829071982660743,0.5938449731229305,4.052969306157664,-1.168923804645459,-0.2098230645946781,0.85838952677181,1.4536342832907012,-0.6679330212206605,0.3381650500633002,-2.388643845778672
33.0,289.0,999.9854736328124,-0.5829095726843958,0.5938407385559428,4.052971954665734,-1.1689341525171448,-0.209820247370847,0.8583868209768948,1.4536418738817725,-0.6679298274476588,0.3381583928375686,-2.388650999240728
33.0,289.0,999.9854125976562,-0.5829100751635394,0.5938476280285112,4.0529673532464745,-1.1689307375966438,-0.2098200484741292,0.8583837688255445,1.453634020763812,-0.667930186750664,0.3381546992962994,-2.3886517699105085
33.0,289.0,999.9854125976562,-0.5829100681240824,0.5938456765182334,4.052969274383969,-1.1689332759884987,-0.2098209617938327,0.8583825058052259,1.4536375603755474,-0.6679303053496808,0.338157951095801,-2.3886492853262418
33.0,289.0,999.9854736328124,-0.5829137736605352,0.5938444058658412,4.052969872509909,-1.1689348985154933,-0.2098161165663512,0.858386272324454,1.4536341886582802,-0.6679319963189352,0.3381573117470147,-2.3886544254390083
33.0,289.0,999.9854125976562,-0.5829098110707651,0.5938424344959188,4.052967700342922,-1.1689340197207023,-0.2098209492703437,0.8583875615235144,1.4536415851907076,-0.6679289928054075,0.3381543218562779,-2.3886531144276835
33.0,289.0,999.9854125976562,-0.5829095912944267,0.5938460000806911,4.052968302634829,-1.1689292857165583,-0.2098203361913579,0.8583858282352903,1.453633626359112,-0.6679317933515616,0.3381569036183371,-2.388649908606848
33.0,289.0,999.9854125976562,-0.5829083286359023,0.5938429914468362,4.052969750829666,-1.1689276088161824,-0.209821789504347,0.8583877389542769,1.453635512111461,-0.6679292388258498,0.338161579608176,-2.3886467668245155
33.0,289.0,999.9854736328124,-0.582908315466339,0.5938364726323808,4.052966911526594,-1.1689218542862916,-0.2098219623189905,0.8583980305806707,1.4536316359405728,-0.6679333976108337,0.3381608434691507,-2.388647879782237
33.0,289.0,999.9854125976562,-0.5829087331506964,0.5938436902926645,4.052969387091823,-1.1689274507897056,-0.2098199292101972,0.8583898443253428,1.4536331330359609,-0.6679329909130951,0.3381574499636564,-2.388652233254627
33.0,289.0,999.9854125976562,-0.582907726887834,0.5938431441529355,4.052967908674907,-1.168925345477649,-0.2098221326248337,0.8583891147660596,1.4536340246089008,-0.667931358047336,0.3381620073938247,-2.3886463715820616
33.0,289.0,999.9854125976562,-0.5829076798980068,0.5938404117607945,4.05297051304596,-1.1689275600606424,-0.209821713372114,0.8583913031801487,1.453635672254431,-0.6679319112536026,0.3381615227801768,-2.3886457164473
33.0,289.0,999.9854125976562,-0.5829093460172396,0.5938416178402219,4.052967900981471,-1.16892803086867,-0.2098216172350495,0.8583898148066798,1.4536348322165606,-0.6679315195619742,0.3381570621749787,-2.388653151886704
33.0,289.0,999.9854125976562,-0.5829111423812021,0.5938417281242927,4.052967273692527,-1.168937990894396,-0.2098188783213892,0.8583862980719843,1.4536387175801018,-0.6679299581983047,0.3381527562499551,-2.3886556633371887
33.0,289.0,999.9854125976562,-0.5829098067737242,0.5938418869161852,4.052969926076772,-1.168932962879614,-0.2098200096625611,0.8583881816774657,1.4536382420763443,-0.6679309183147435,0.3381584980015013,-2.3886515618888686
33.0,289.0,999.9854125976562,-0.5829103778848639,0.5938422112375878,4.052969555587008,-1.1689317202119307,-0.2098178053476322,0.8583889493228556,1.4536322108663455,-0.6679313620737739,0.33815856587628,-2.388654943244448
33.0,289.0,999.9854125976562,-0.5829118325315878,0.59384640490447,4.052967050494216,-1.1689325379039062,-0.2098197125543865,0.858382201093356,1.4536331260337922,-0.6679299508821508,0.3381551993224949,-2.3886558237539064
33.0,289.0,999.9854125976562,-0.582910623671121,0.5938468418117644,4.052966727923948,-1.1689308335329516,-0.2098195639844329,0.8583868100677208,1.4536382508312071,-0.6679286617520228,0.3381589475138593,-2.3886497070908383
33.0,289.0,999.9854736328124,-0.5829131705692623,0.5938446931100403,4.052967470625422,-1.168936521862003,-0.2098168929607489,0.8583832583827427,1.453636761022448,-0.6679289803960016,0.3381547199746206,-2.388654511016397
33.0,289.0,999.9854125976562,-0.5829118836340133,0.5938498672774228,4.052970448674158,-1.168936906297866,-0.2098198975170184,0.8583785078401176,1.45364085488022,-0.6679286995677023,0.3381564304744353,-2.388653206682445
33.0,289.0,999.9854125976562,-0.5829087949499652,0.593845034287007,4.052970508118444,-1.168928547894443,-0.2098224476814145,0.8583875328920989,1.4536368905675996,-0.6679312072480235,0.3381572322704009,-2.38865210320905
33.0,289.0,999.9854125976562,-0.5829084092747854,0.5938428240466642,4.0529676298032165,-1.1689301752317238,-0.2098215715815623,0.8583872038411187,1.4536343144652184,-0.667930122129043,0.3381575164245607,-2.388652078505048
33.0,289.0,999.9854125976562,-0.5829095859804241,0.5938406331269919,4.052968176709722,-1.168931503145088,-0.2098209076946222,0.8583892540233515,1.4536378364109872,-0.6679300194485567,0.3381580775888668,-2.388651822241826
33.0,289.0,999.9854125976562,-0.5829091460442974,0.5938427161815163,4.052967983914659,-1.168932720350056,-0.2098206485035323,0.8583868792050344,1.4536381128011753,-0.6679303655655904,0.3381568038581397,-2.3886493022307667
33.0,289.0,999.9854125976562,-0.5829102950702261,0.5938428858825704,4.052967843380422,-1.1689345573594268,-0.2098205921430471,0.8583856818133491,1.453640637527366,-0.6679287680216106,0.338155448232774,-2.3886515656416583
33.0,289.0,999.9854736328124,-0.5829132984414827,0.5938489709740846,4.052970789807306,-1.1689431320605124,-0.2098171771984027,0.8583788437065039,1.4536445838197327,-0.6679304958069672,0.3381497692766686,-2.3886588798555053
33.0,289.0,999.9854125976562,-0.5829060123603016,0.593836560380093,4.052975365620428,-1.1689241200480105,-0.2098240630418342,0.8583930784502982,1.4536335827633824,-0.667932516673071,0.3381671997029043,-2.3886453038692568
33.0,289.0,999.9854125976562,-0.5829130777597538,0.5938459034936212,4.05296736459896,-1.1689350907835565,-0.2098175064283491,0.8583867499397568,1.4536367382243451,-0.6679312578242138,0.3381519127861487,-2.388658390783621
33.0,289.0,999.9854125976562,-0.5829096502875846,0.5938480877049717,4.052969470781729,-1.1689296632689905,-0.2098215599325366,0.858383474204917,1.453637234407954,-0.6679297083303197,0.3381598485675932,-2.388647974585024
33.0,289.0,999.9854736328124,-0.5829101283680114,0.5938423363521537,4.052960540582697,-1.1689345906917756,-0.2098177857015342,0.858389327678375,1.4536407086056204,-0.6679272886357959,0.3381500429679462,-2.388652960588268
33.0,289.0,999.9854125976562,-0.5829095379166924,0.5938397726318092,4.052970797904784,-1.1689298783720163,-0.2098216385974236,0.8583895757878643,1.4536353100896786,-0.6679303409240527,0.3381610256267029,-2.3886518878919483
33.0,289.0,999.9854125976562,-0.5829102996672404,0.5938429846851196,4.052965962505466,-1.168929693179205,-0.2098191325018907,0.8583894703774142,1.4536324541820091,-0.6679318446519016,0.3381524100688811,-2.388655679076128
33.0,289.0,999.9854125976562,-0.582909041073064,0.5938445933394902,4.052968789229926,-1.1689255048636489,-0.2098215543503538,0.8583868715352221,1.4536343138395118,-0.6679296269553987,0.3381631023521461,-2.3886459364569825
33.0,289.0,999.9854125976562,-0.5829079981854441,0.5938425890157886,4.052973456056153,-1.1689276399711497,-0.2098214250319978,0.858391003394015,1.4536369956328965,-0.6679333548877482,0.3381645668113116,-2.388645873925591
33.0,289.0,999.9854125976562,-0.5829084140763445,0.5938444865442216,4.05297108878584,-1.1689329074348676,-0.2098213018969499,0.8583852301539547,1.4536410024667887,-0.6679290052054352,0.3381607125347718,-2.388648647023889
33.0,289.0,999.9854125976562,-0.5829074859759968,0.5938408413543153,4.052968638928359,-1.168925908185832,-0.2098230076696214,0.8583912672834142,1.453634993209235,-0.6679324347880335,0.3381608337132249,-2.38864655182546
33.0,289.0,999.9854125976562,-0.5829115473700694,0.5938460139440576,4.052964850885889,-1.1689304439558108,-0.2098181028479713,0.8583879471064835,1.4536323913428353,-0.6679312727921927,0.3381554674145794,-2.388653491124757
33.0,289.0,999.9854125976562,-0.5829092241329645,0.5938400562597561,4.052970043100826,-1.1689299670784257,-0.2098208585628489,0.8583913745644365,1.4536382003045911,-0.6679327064800109,0.3381604247301695,-2.3886479785911208
33.0,290.0,999.9854125976562,-0.5829080301043197,0.5938441512901438,4.052970804960252,-1.1689270072208364,-0.2098229107810407,0.8583898767830913,1.4536378131821293,-0.667931716988269,0.3381640396235665,-2.388644091190637
33.0,290.0,999.9854125976562,-0.582910921723645,0.5938468438107751,4.052966354518876,-1.1689291290153667,-0.2098202126618344,0.8583835048482102,1.453632280737395,-0.6679292895314459,0.3381567170107979,-2.38865287793681
33.0,290.0,999.9854736328124,-0.5829062029904666,0.593836395699153,4.05297521198278,-1.1689233558286762,-0.2098249695370118,0.858397728953082,1.4536373324926135,-0.6679363998723336,0.3381654810396544,-2.388640778647529
33.0,290.0,999.9854736328124,-0.5829091291420498,0.5938388910109431,4.052967150645566,-1.1689261358208451,-0.2098195689170978,0.8583933887557249,1.4536333021051293,-0.6679328121856791,0.3381615336939569,-2.3886469840640108
33.0,290.0,999.9854125976562,-0.5829077021455049,0.5938421964434575,4.052971850597512,-1.1689311000567084,-0.2098226586127021,0.8583871230336735,1.45364161511141,-0.6679292513426649,0.3381610531502401,-2.388646284542853
33.0,290.0,999.9854125976562,-0.582909926206022,0.5938419474242105,4.052971420175801,-1.168932870690222,-0.2098210720918212,0.8583868850100913,1.453638483856321,-0.6679319996604036,0.3381580283910708,-2.388651744867325
33.0,290.0,999.9854736328124,-0.5829093102984935,0.5938401568646867,4.052971847942793,-1.1689321136429394,-0.2098221931961754,0.8583863450100884,1.4536405622367097,-0.6679298442439077,0.3381580547510046,-2.3886512453787203
33.0,290.0,999.9854736328124,-0.5829102107186133,0.5938450663850912,4.052964011930246,-1.1689338308235508,-0.2098190051254942,0.8583842931100971,1.4536381434228964,-0.6679286246445066,0.3381533882382284,-2.388653436662032
33.0,290.0,999.9854125976562,-0.5829092924358914,0.593841125737729,4.0529671244572505,-1.1689300210327196,-0.2098199465649806,0.8583923780187774,1.4536351596033086,-0.6679319210208412,0.3381551813859733,-2.3886527196902003
33.0,290.0,999.9854125976562,-0.5829096201509207,0.5938454267090378,4.05296790881671,-1.168928026857381,-0.2098199477678166,0.8583878847484936,1.4536299579781904,-0.6679311170747155,0.3381597506681357,-2.388650344920144
33.0,290.0,999.9854125976562,-0.5829115196642194,0.5938448183503571,4.05296804846466,-1.1689363929749534,-0.2098177083492975,0.8583836386790686,1.453637655776726,-0.6679287530701323,0.3381553541021622,-2.3886563076135663
33.0,290.0,999.9854125976562,-0.582908210720384,0.5938390242467362,4.052972765647283,-1.168931862945758,-0.2098214532051461,0.8583910098607266,1.4536384786628522,-0.667932401101357,0.3381581515151532,-2.388651526432724
33.0,290.0,999.9854736328124,-0.5829071982660743,0.5938449731229305,4.052969306157664,-1.168923804645459,-0.2098230645946781,0.85838952677181,1.4536342832907012,-0.6679330212206605,0.3381650500633002,-2.388643845778672
33.0,290.0,999.9854736328124,-0.5829095726843958,0.5938407385559428,4.052971954665734,-1.1689341525171448,-0.209820247370847,0.8583868209768948,1.4536418738817725,-0.6679298274476588,0.3381583928375686,-2.388650999240728
33.0,290.0,999.9854125976562,-0.5829100751635394,0.5938476280285112,4.0529673532464745,-1.1689307375966438,-0.2098200484741292,0.8583837688255445,1.453634020763812,-0.667930186750664,0.3381546992962994,-2.3886517699105085
33.0,290.0,999.9854125976562,-0.5829100681240824,0.5938456765182334,4.052969274383969,-1.1689332759884987,-0.2098209617938327,0.8583825058052259,1.4536375603755474,-0.6679303053496808,0.338157951095801,-2.3886492853262418
33.0,290.0,999.9854736328124,-0.5829137736605352,0.5938444058658412,4.052969872509909,-1.1689348985154933,-0.2098161165663512,0.858386272324454,1.4536341886582802,-0.6679319963189352,0.3381573117470147,-2.3886544254390083
33.0,290.0,999.9854125976562,-0.5829098110707651,0.5938424344959188,4.052967700342922,-1.1689340197207023,-0.2098209492703437,0.8583875615235144,1.4536415851907076,-0.6679289928054075,0.3381543218562779,-2.3886531144276835
33.0,290.0,999.9854125976562,-0.5829095912944267,0.5938460000806911,4.052968302634829,-1.1689292857165583,-0.2098203361913579,0.8583858282352903,1.453633626359112,-0.6679317933515616,0.3381569036183371,-2.388649908606848
33.0,290.0,999.9854125976562,-0.5829083286359023,0.5938429914468362,4.052969750829666,-1.1689276088161824,-0.209821789504347,0.8583877389542769,1.453635512111461,-0.6679292388258498,0.338161579608176,-2.3886467668245155
33.0,290.0,999.9854736328124,-0.582908315466339,0.5938364726323808,4.052966911526594,-1.1689218542862916,-0.2098219623189905,0.8583980305806707,1.4536316359405728,-0.6679333976108337,0.3381608434691507,-2.388647879782237
33.0,290.0,999.9854125976562,-0.5829087331506964,0.5938436902926645,4.052969387091823,-1.1689274507897056,-0.2098199292101972,0.8583898443253428,1.4536331330359609,-0.6679329909130951,0.3381574499636564,-2.388652233254627
33.0,290.0,999.9854125976562,-0.582907726887834,0.5938431441529355,4.052967908674907,-1.168925345477649,-0.2098221326248337,0.8583891147660596,1.4536340246089008,-0.667931358047336,0.3381620073938247,-2.3886463715820616
33.0,290.0,999.9854125976562,-0.5829076798980068,0.5938404117607945,4.05297051304596,-1.1689275600606424,-0.209821713372114,0.8583913031801487,1.453635672254431,-0.6679319112536026,0.3381615227801768,-2.3886457164473
33.0,290.0,999.9854125976562,-0.5829093460172396,0.5938416178402219,4.052967900981471,-1.16892803086867,-0.2098216172350495,0.8583898148066798,1.4536348322165606,-0.6679315195619742,0.3381570621749787,-2.388653151886704
33.0,290.0,999.9854125976562,-0.5829111423812021,0.5938417281242927,4.052967273692527,-1.168937990894396,-0.2098188783213892,0.8583862980719843,1.4536387175801018,-0.6679299581983047,0.3381527562499551,-2.3886556633371887
33.0,290.0,999.9854125976562,-0.5829098067737242,0.5938418869161852,4.052969926076772,-1.168932962879614,-0.2098200096625611,0.8583881816774657,1.4536382420763443,-0.6679309183147435,0.3381584980015013,-2.3886515618888686
33.0,290.0,999.9854125976562,-0.5829103778848639,0.5938422112375878,4.052969555587008,-1.1689317202119307,-0.2098178053476322,0.8583889493228556,1.4536322108663455,-0.6679313620737739,0.33815856587628,-2.388654943244448
33.0,290.0,999.9854125976562,-0.5829118325315878,0.59384640490447,4.052967050494216,-1.1689325379039062,-0.2098197125543865,0.858382201093356,1.4536331260337922,-0.6679299508821508,0.3381551993224949,-2.3886558237539064
33.0,290.0,999.9854125976562,-0.582910623671121,0.5938468418117644,4.052966727923948,-1.1689308335329516,-0.2098195639844329,0.8583868100677208,1.4536382508312071,-0.6679286617520228,0.3381589475138593,-2.3886497070908383
33.0,290.0,999.9854736328124,-0.5829131705692623,0.5938446931100403,4.052967470625422,-1.168936521862003,-0.2098168929607489,0.8583832583827427,1.453636761022448,-0.6679289803960016,0.3381547199746206,-2.388654511016397
33.0,290.0,999.9854125976562,-0.5829118836340133,0.5938498672774228,4.052970448674158,-1.168936906297866,-0.2098198975170184,0.8583785078401176,1.45364085488022,-0.6679286995677023,0.3381564304744353,-2.388653206682445
33.0,290.0,999.9854125976562,-0.5829087949499652,0.593845034287007,4.052970508118444,-1.168928547894443,-0.2098224476814145,0.8583875328920989,1.4536368905675996,-0.6679312072480235,0.3381572322704009,-2.38865210320905
33.0,290.0,999.9854125976562,-0.5829084092747854,0.5938428240466642,4.0529676298032165,-1.1689301752317238,-0.2098215715815623,0.8583872038411187,1.4536343144652184,-0.667930122129043,0.3381575164245607,-2.388652078505048
33.0,290.0,999.9854125976562,-0.5829095859804241,0.5938406331269919,4.052968176709722,-1.168931503145088,-0.2098209076946222,0.8583892540233515,1.4536378364109872,-0.6679300194485567,0.3381580775888668,-2.388651822241826
33.0,290.0,999.9854125976562,-0.5829091460442974,0.5938427161815163,4.052967983914659,-1.168932720350056,-0.2098206485035323,0.8583868792050344,1.4536381128011753,-0.6679303655655904,0.3381568038581397,-2.3886493022307667
33.0,290.0,999.9854125976562,-0.5829102950702261,0.5938428858825704,4.052967843380422,-1.1689345573594268,-0.2098205921430471,0.8583856818133491,1.453640637527366,-0.6679287680216106,0.338155448232774,-2.3886515656416583
33.0,290.0,999.9854736328124,-0.5829132984414827,0.5938489709740846,4.052970789807306,-1.1689431320605124,-0.2098171771984027,0.8583788437065039,1.4536445838197327,-0.6679304958069672,0.3381497692766686,-2.3886588798555053
33.0,290.0,999.9854125976562,-0.5829060123603016,0.593836560380093,4.052975365620428,-1.1689241200480105,-0.2098240630418342,0.8583930784502982,1.4536335827633824,-0.667932516673071,0.3381671997029043,-2.3886453038692568
33.0,290.0,999.9854125976562,-0.5829130777597538,0.5938459034936212,4.05296736459896,-1.1689350907835565,-0.2098175064283491,0.8583867499397568,1.4536367382243451,-0.6679312578242138,0.3381519127861487,-2.388658390783621
33.0,290.0,999.9854125976562,-0.5829096502875846,0.5938480877049717,4.052969470781729,-1.1689296632689905,-0.2098215599325366,0.858383474204917,1.453637234407954,-0.6679297083303197,0.3381598485675932,-2.388647974585024
33.0,290.0,999.9854736328124,-0.5829101283680114,0.5938423363521537,4.052960540582697,-1.1689345906917756,-0.2098177857015342,0.858389327678375,1.4536407086056204,-0.6679272886357959,0.3381500429679462,-2.388652960588268
33.0,290.0,999.9854125976562,-0.5829095379166924,0.5938397726318092,4.052970797904784,-1.1689298783720163,-0.2098216385974236,0.8583895757878643,1.4536353100896786,-0.6679303409240527,0.3381610256267029,-2.3886518878919483
33.0,290.0,999.9854125976562,-0.5829102996672404,0.5938429846851196,4.052965962505466,-1.168929693179205,-0.2098191325018907,0.8583894703774142,1.4536324541820091,-0.6679318446519016,0.3381524100688811,-2.388655679076128
33.0,290.0,999.9854125976562,-0.582909041073064,0.5938445933394902,4.052968789229926,-1.1689255048636489,-0.2098215543503538,0.8583868715352221,1.4536343138395118,-0.6679296269553987,0.3381631023521461,-2.3886459364569825
33.0,290.0,999.9854125976562,-0.5829079981854441,0.5938425890157886,4.052973456056153,-1.1689276399711497,-0.2098214250319978,0.858391003394015,1.4536369956328965,-0.6679333548877482,0.3381645668113116,-2.388645873925591
33.0,290.0,999.9854125976562,-0.5829084140763445,0.5938444865442216,4.05297108878584,-1.1689329074348676,-0.2098213018969499,0.8583852301539547,1.4536410024667887,-0.6679290052054352,0.3381607125347718,-2.388648647023889
33.0,290.0,999.9854125976562,-0.5829074859759968,0.5938408413543153,4.052968638928359,-1.168925908185832,-0.2098230076696214,0.8583912672834142,1.453634993209235,-0.6679324347880335,0.3381608337132249,-2.38864655182546
33.0,290.0,999.9854125976562,-0.5829115473700694,0.5938460139440576,4.052964850885889,-1.1689304439558108,-0.2098181028479713,0.8583879471064835,1.4536323913428353,-0.6679312727921927,0.3381554674145794,-2.388653491124757
33.0,290.0,999.9854125976562,-0.5829092241329645,0.5938400562597561,4.052970043100826,-1.1689299670784257,-0.2098208585628489,0.8583913745644365,1.4536382003045911,-0.6679327064800109,0.3381604247301695,-2.3886479785911208
33.0,291.0,999.9854125976562,-0.5829080301043197,0.5938441512901438,4.052970804960252,-1.1689270072208364,-0.2098229107810407,0.8583898767830913,1.4536378131821293,-0.667931716988269,0.3381640396235665,-2.388644091190637
33.0,291.0,999.9854125976562,-0.582910921723645,0.5938468438107751,4.052966354518876,-1.1689291290153667,-0.2098202126618344,0.8583835048482102,1.453632280737395,-0.6679292895314459,0.3381567170107979,-2.38865287793681
33.0,291.0,999.9854736328124,-0.5829062029904666,0.593836395699153,4.05297521198278,-1.1689233558286762,-0.2098249695370118,0.858397728953082,1.4536373324926135,-0.6679363998723336,0.3381654810396544,-2.388640778647529
33.0,291.0,999.9854736328124,-0.5829091291420498,0.5938388910109431,4.052967150645566,-1.1689261358208451,-0.2098195689170978,0.8583933887557249,1.4536333021051293,-0.6679328121856791,0.3381615336939569,-2.3886469840640108
33.0,291.0,999.9854125976562,-0.5829077021455049,0.5938421964434575,4.052971850597512,-1.1689311000567084,-0.2098226586127021,0.8583871230336735,1.45364161511141,-0.6679292513426649,0.3381610531502401,-2.388646284542853
33.0,291.0,999.9854125976562,-0.582909926206022,0.5938419474242105,4.052971420175801,-1.168932870690222,-0.2098210720918212,0.8583868850100913,1.453638483856321,-0.6679319996604036,0.3381580283910708,-2.388651744867325
33.0,291.0,999.9854736328124,-0.5829093102984935,0.5938401568646867,4.052971847942793,-1.1689321136429394,-0.2098221931961754,0.8583863450100884,1.4536405622367097,-0.6679298442439077,0.3381580547510046,-2.3886512453787203
33.0,291.0,999.9854736328124,-0.5829102107186133,0.5938450663850912,4.052964011930246,-1.1689338308235508,-0.2098190051254942,0.8583842931100971,1.4536381434228964,-0.6679286246445066,0.3381533882382284,-2.388653436662032
33.0,291.0,999.9854125976562,-0.5829092924358914,0.593841125737729,4.0529671244572505,-1.1689300210327196,-0.2098199465649806,0.8583923780187774,1.4536351596033086,-0.6679319210208412,0.3381551813859733,-2.3886527196902003
33.0,291.0,999.9854125976562,-0.5829096201509207,0.5938454267090378,4.05296790881671,-1.168928026857381,-0.2098199477678166,0.8583878847484936,1.4536299579781904,-0.6679311170747155,0.3381597506681357,-2.388650344920144
33.0,291.0,999.9854125976562,-0.5829115196642194,0.5938448183503571,4.05296804846466,-1.1689363929749534,-0.2098177083492975,0.8583836386790686,1.453637655776726,-0.6679287530701323,0.3381553541021622,-2.3886563076135663
33.0,291.0,999.9854125976562,-0.582908210720384,0.5938390242467362,4.052972765647283,-1.168931862945758,-0.2098214532051461,0.8583910098607266,1.4536384786628522,-0.667932401101357,0.3381581515151532,-2.388651526432724
33.0,291.0,999.9854736328124,-0.5829071982660743,0.5938449731229305,4.052969306157664,-1.168923804645459,-0.2098230645946781,0.85838952677181,1.4536342832907012,-0.6679330212206605,0.3381650500633002,-2.388643845778672
33.0,291.0,999.9854736328124,-0.5829095726843958,0.5938407385559428,4.052971954665734,-1.1689341525171448,-0.209820247370847,0.8583868209768948,1.4536418738817725,-0.6679298274476588,0.3381583928375686,-2.388650999240728
33.0,291.0,999.9854125976562,-0.5829100751635394,0.5938476280285112,4.0529673532464745,-1.1689307375966438,-0.2098200484741292,0.8583837688255445,1.453634020763812,-0.667930186750664,0.3381546992962994,-2.3886517699105085
33.0,291.0,999.9854125976562,-0.5829100681240824,0.5938456765182334,4.052969274383969,-1.1689332759884987,-0.2098209617938327,0.8583825058052259,1.4536375603755474,-0.6679303053496808,0.338157951095801,-2.3886492853262418
33.0,291.0,999.9854736328124,-0.5829137736605352,0.5938444058658412,4.052969872509909,-1.1689348985154933,-0.2098161165663512,0.858386272324454,1.4536341886582802,-0.6679319963189352,0.3381573117470147,-2.3886544254390083
33.0,291.0,999.9854125976562,-0.5829098110707651,0.5938424344959188,4.052967700342922,-1.1689340197207023,-0.2098209492703437,0.8583875615235144,1.4536415851907076,-0.6679289928054075,0.3381543218562779,-2.3886531144276835
33.0,291.0,999.9854125976562,-0.5829095912944267,0.5938460000806911,4.052968302634829,-1.1689292857165583,-0.2098203361913579,0.8583858282352903,1.453633626359112,-0.6679317933515616,0.3381569036183371,-2.388649908606848
33.0,291.0,999.9854125976562,-0.5829083286359023,0.5938429914468362,4.052969750829666,-1.1689276088161824,-0.209821789504347,0.8583877389542769,1.453635512111461,-0.6679292388258498,0.338161579608176,-2.3886467668245155
33.0,291.0,999.9854736328124,-0.582908315466339,0.5938364726323808,4.052966911526594,-1.1689218542862916,-0.2098219623189905,0.8583980305806707,1.4536316359405728,-0.6679333976108337,0.3381608434691507,-2.388647879782237
33.0,291.0,999.9854125976562,-0.5829087331506964,0.5938436902926645,4.052969387091823,-1.1689274507897056,-0.2098199292101972,0.8583898443253428,1.4536331330359609,-0.6679329909130951,0.3381574499636564,-2.388652233254627
33.0,291.0,999.9854125976562,-0.582907726887834,0.5938431441529355,4.052967908674907,-1.168925345477649,-0.2098221326248337,0.8583891147660596,1.4536340246089008,-0.667931358047336,0.3381620073938247,-2.3886463715820616
33.0,291.0,999.9854125976562,-0.5829076798980068,0.5938404117607945,4.05297051304596,-1.1689275600606424,-0.209821713372114,0.8583913031801487,1.453635672254431,-0.6679319112536026,0.3381615227801768,-2.3886457164473
33.0,291.0,999.9854125976562,-0.5829093460172396,0.5938416178402219,4.052967900981471,-1.16892803086867,-0.2098216172350495,0.8583898148066798,1.4536348322165606,-0.6679315195619742,0.3381570621749787,-2.388653151886704
33.0,291.0,999.9854125976562,-0.5829111423812021,0.5938417281242927,4.052967273692527,-1.168937990894396,-0.2098188783213892,0.8583862980719843,1.4536387175801018,-0.6679299581983047,0.3381527562499551,-2.3886556633371887
33.0,291.0,999.9854125976562,-0.5829098067737242,0.5938418869161852,4.052969926076772,-1.168932962879614,-0.2098200096625611,0.8583881816774657,1.4536382420763443,-0.6679309183147435,0.3381584980015013,-2.3886515618888686
33.0,291.0,999.9854125976562,-0.5829103778848639,0.5938422112375878,4.052969555587008,-1.1689317202119307,-0.2098178053476322,0.8583889493228556,1.4536322108663455,-0.6679313620737739,0.33815856587628,-2.388654943244448
33.0,291.0,999.9854125976562,-0.5829118325315878,0.59384640490447,4.052967050494216,-1.1689325379039062,-0.2098197125543865,0.858382201093356,1.4536331260337922,-0.6679299508821508,0.3381551993224949,-2.3886558237539064
33.0,291.0,999.9854125976562,-0.582910623671121,0.5938468418117644,4.052966727923948,-1.1689308335329516,-0.2098195639844329,0.8583868100677208,1.4536382508312071,-0.6679286617520228,0.3381589475138593,-2.3886497070908383
33.0,291.0,999.9854736328124,-0.5829131705692623,0.5938446931100403,4.052967470625422,-1.168936521862003,-0.2098168929607489,0.8583832583827427,1.453636761022448,-0.6679289803960016,0.3381547199746206,-2.388654511016397
33.0,291.0,999.9854125976562,-0.5829118836340133,0.5938498672774228,4.052970448674158,-1.168936906297866,-0.2098198975170184,0.8583785078401176,1.45364085488022,-0.6679286995677023,0.3381564304744353,-2.388653206682445
33.0,291.0,999.9854125976562,-0.5829087949499652,0.593845034287007,4.052970508118444,-1.168928547894443,-0.2098224476814145,0.8583875328920989,1.4536368905675996,-0.6679312072480235,0.3381572322704009,-2.38865210320905
33.0,291.0,999.9854125976562,-0.5829084092747854,0.5938428240466642,4.0529676298032165,-1.1689301752317238,-0.2098215715815623,0.8583872038411187,1.4536343144652184,-0.667930122129043,0.3381575164245607,-2.388652078505048
33.0,291.0,999.9854125976562,-0.5829095859804241,0.5938406331269919,4.052968176709722,-1.168931503145088,-0.2098209076946222,0.8583892540233515,1.4536378364109872,-0.6679300194485567,0.3381580775888668,-2.388651822241826
33.0,291.0,999.9854125976562,-0.5829091460442974,0.5938427161815163,4.052967983914659,-1.168932720350056,-0.2098206485035323,0.8583868792050344,1.4536381128011753,-0.6679303655655904,0.3381568038581397,-2.3886493022307667
33.0,291.0,999.9854125976562,-0.5829102950702261,0.5938428858825704,4.052967843380422,-1.1689345573594268,-0.2098205921430471,0.8583856818133491,1.453640637527366,-0.6679287680216106,0.338155448232774,-2.3886515656416583
33.0,291.0,999.9854736328124,-0.5829132984414827,0.5938489709740846,4.052970789807306,-1.1689431320605124,-0.2098171771984027,0.8583788437065039,1.4536445838197327,-0.6679304958069672,0.3381497692766686,-2.3886588798555053
33.0,291.0,999.9854125976562,-0.5829060123603016,0.593836560380093,4.052975365620428,-1.1689241200480105,-0.2098240630418342,0.8583930784502982,1.4536335827633824,-0.667932516673071,0.3381671997029043,-2.3886453038692568
33.0,291.0,999.9854125976562,-0.5829130777597538,0.5938459034936212,4.05296736459896,-1.1689350907835565,-0.2098175064283491,0.8583867499397568,1.4536367382243451,-0.6679312578242138,0.3381519127861487,-2.388658390783621
33.0,291.0,999.9854125976562,-0.5829096502875846,0.5938480877049717,4.052969470781729,-1.1689296632689905,-0.2098215599325366,0.858383474204917,1.453637234407954,-0.6679297083303197,0.3381598485675932,-2.388647974585024
33.0,291.0,999.9854736328124,-0.5829101283680114,0.5938423363521537,4.052960540582697,-1.1689345906917756,-0.2098177857015342,0.858389327678375,1.4536407086056204,-0.6679272886357959,0.3381500429679462,-2.388652960588268
33.0,291.0,999.9854125976562,-0.5829095379166924,0.5938397726318092,4.052970797904784,-1.1689298783720163,-0.2098216385974236,0.8583895757878643,1.4536353100896786,-0.6679303409240527,0.3381610256267029,-2.3886518878919483
33.0,291.0,999.9854125976562,-0.5829102996672404,0.5938429846851196,4.052965962505466,-1.168929693179205,-0.2098191325018907,0.8583894703774142,1.4536324541820091,-0.6679318446519016,0.3381524100688811,-2.388655679076128
33.0,291.0,999.9854125976562,-0.582909041073064,0.5938445933394902,4.052968789229926,-1.1689255048636489,-0.2098215543503538,0.8583868715352221,1.4536343138395118,-0.6679296269553987,0.3381631023521461,-2.3886459364569825
33.0,291.0,999.9854125976562,-0.5829079981854441,0.5938425890157886,4.052973456056153,-1.1689276399711497,-0.2098214250319978,0.858391003394015,1.4536369956328965,-0.6679333548877482,0.3381645668113116,-2.388645873925591
33.0,291.0,999.9854125976562,-0.5829084140763445,0.5938444865442216,4.05297108878584,-1.1689329074348676,-0.2098213018969499,0.8583852301539547,1.4536410024667887,-0.6679290052054352,0.3381607125347718,-2.388648647023889
33.0,291.0,999.9854125976562,-0.5829074859759968,0.5938408413543153,4.052968638928359,-1.168925908185832,-0.2098230076696214,0.8583912672834142,1.453634993209235,-0.6679324347880335,0.3381608337132249,-2.38864655182546
33.0,291.0,999.9854125976562,-0.5829115473700694,0.5938460139440576,4.052964850885889,-1.1689304439558108,-0.2098181028479713,0.8583879471064835,1.4536323913428353,-0.6679312727921927,0.3381554674145794,-2.388653491124757
33.0,291.0,999.9854125976562,-0.5829092241329645,0.5938400562597561,4.052970043100826,-1.1689299670784257,-0.2098208585628489,0.8583913745644365,1.4536382003045911,-0.6679327064800109,0.3381604247301695,-2.3886479785911208
33.0,292.0,999.9854125976562,-0.5829080301043197,0.5938441512901438,4.052970804960252,-1.1689270072208364,-0.2098229107810407,0.8583898767830913,1.4536378131821293,-0.667931716988269,0.3381640396235665,-2.388644091190637
33.0,292.0,999.9854125976562,-0.582910921723645,0.5938468438107751,4.052966354518876,-1.1689291290153667,-0.2098202126618344,0.8583835048482102,1.453632280737395,-0.6679292895314459,0.3381567170107979,-2.38865287793681
33.0,292.0,999.9854736328124,-0.5829062029904666,0.593836395699153,4.05297521198278,-1.1689233558286762,-0.2098249695370118,0.858397728953082,1.4536373324926135,-0.6679363998723336,0.3381654810396544,-2.388640778647529
33.0,292.0,999.9854736328124,-0.5829091291420498,0.5938388910109431,4.052967150645566,-1.1689261358208451,-0.2098195689170978,0.8583933887557249,1.4536333021051293,-0.6679328121856791,0.3381615336939569,-2.3886469840640108
33.0,292.0,999.9854125976562,-0.5829077021455049,0.5938421964434575,4.052971850597512,-1.1689311000567084,-0.2098226586127021,0.8583871230336735,1.45364161511141,-0.6679292513426649,0.3381610531502401,-2.388646284542853
33.0,292.0,999.9854125976562,-0.582909926206022,0.5938419474242105,4.052971420175801,-1.168932870690222,-0.2098210720918212,0.8583868850100913,1.453638483856321,-0.6679319996604036,0.3381580283910708,-2.388651744867325
33.0,292.0,999.9854736328124,-0.5829093102984935,0.5938401568646867,4.052971847942793,-1.1689321136429394,-0.2098221931961754,0.8583863450100884,1.4536405622367097,-0.6679298442439077,0.3381580547510046,-2.3886512453787203
33.0,292.0,999.9854736328124,-0.5829102107186133,0.5938450663850912,4.052964011930246,-1.1689338308235508,-0.2098190051254942,0.8583842931100971,1.4536381434228964,-0.6679286246445066,0.3381533882382284,-2.388653436662032
33.0,292.0,999.9854125976562,-0.5829092924358914,0.593841125737729,4.0529671244572505,-1.1689300210327196,-0.2098199465649806,0.8583923780187774,1.4536351596033086,-0.6679319210208412,0.3381551813859733,-2.3886527196902003
33.0,292.0,999.9854125976562,-0.5829096201509207,0.5938454267090378,4.05296790881671,-1.168928026857381,-0.2098199477678166,0.8583878847484936,1.4536299579781904,-0.6679311170747155,0.3381597506681357,-2.388650344920144
33.0,292.0,999.9854125976562,-0.5829115196642194,0.5938448183503571,4.05296804846466,-1.1689363929749534,-0.2098177083492975,0.8583836386790686,1.453637655776726,-0.6679287530701323,0.3381553541021622,-2.3886563076135663
33.0,292.0,999.9854125976562,-0.582908210720384,0.5938390242467362,4.052972765647283,-1.168931862945758,-0.2098214532051461,0.8583910098607266,1.4536384786628522,-0.667932401101357,0.3381581515151532,-2.388651526432724
33.0,292.0,999.9854736328124,-0.5829071982660743,0.5938449731229305,4.052969306157664,-1.168923804645459,-0.2098230645946781,0.85838952677181,1.4536342832907012,-0.6679330212206605,0.3381650500633002,-2.388643845778672
33.0,292.0,999.9854736328124,-0.5829095726843958,0.5938407385559428,4.052971954665734,-1.1689341525171448,-0.209820247370847,0.8583868209768948,1.4536418738817725,-0.6679298274476588,0.3381583928375686,-2.388650999240728
33.0,292.0,999.9854125976562,-0.5829100751635394,0.5938476280285112,4.0529673532464745,-1.1689307375966438,-0.2098200484741292,0.8583837688255445,1.453634020763812,-0.667930186750664,0.3381546992962994,-2.3886517699105085
33.0,292.0,999.9854125976562,-0.5829100681240824,0.5938456765182334,4.052969274383969,-1.1689332759884987,-0.2098209617938327,0.8583825058052259,1.4536375603755474,-0.6679303053496808,0.338157951095801,-2.3886492853262418
33.0,292.0,999.9854736328124,-0.5829137736605352,0.5938444058658412,4.052969872509909,-1.1689348985154933,-0.2098161165663512,0.858386272324454,1.4536341886582802,-0.6679319963189352,0.3381573117470147,-2.3886544254390083
33.0,292.0,999.9854125976562,-0.5829098110707651,0.5938424344959188,4.052967700342922,-1.1689340197207023,-0.2098209492703437,0.8583875615235144,1.4536415851907076,-0.6679289928054075,0.3381543218562779,-2.3886531144276835
33.0,292.0,999.9854125976562,-0.5829095912944267,0.5938460000806911,4.052968302634829,-1.1689292857165583,-0.2098203361913579,0.8583858282352903,1.453633626359112,-0.6679317933515616,0.3381569036183371,-2.388649908606848
33.0,292.0,999.9854125976562,-0.5829083286359023,0.5938429914468362,4.052969750829666,-1.1689276088161824,-0.209821789504347,0.8583877389542769,1.453635512111461,-0.6679292388258498,0.338161579608176,-2.3886467668245155
33.0,292.0,999.9854736328124,-0.582908315466339,0.5938364726323808,4.052966911526594,-1.1689218542862916,-0.2098219623189905,0.8583980305806707,1.4536316359405728,-0.6679333976108337,0.3381608434691507,-2.388647879782237
33.0,292.0,999.9854125976562,-0.5829087331506964,0.5938436902926645,4.052969387091823,-1.1689274507897056,-0.2098199292101972,0.8583898443253428,1.4536331330359609,-0.6679329909130951,0.3381574499636564,-2.388652233254627
33.0,292.0,999.9854125976562,-0.582907726887834,0.5938431441529355,4.052967908674907,-1.168925345477649,-0.2098221326248337,0.8583891147660596,1.4536340246089008,-0.667931358047336,0.3381620073938247,-2.3886463715820616
33.0,292.0,999.9854125976562,-0.5829076798980068,0.5938404117607945,4.05297051304596,-1.1689275600606424,-0.209821713372114,0.8583913031801487,1.453635672254431,-0.6679319112536026,0.3381615227801768,-2.3886457164473
33.0,292.0,999.9854125976562,-0.5829093460172396,0.5938416178402219,4.052967900981471,-1.16892803086867,-0.2098216172350495,0.8583898148066798,1.4536348322165606,-0.6679315195619742,0.3381570621749787,-2.388653151886704
33.0,292.0,999.9854125976562,-0.5829111423812021,0.5938417281242927,4.052967273692527,-1.168937990894396,-0.2098188783213892,0.8583862980719843,1.4536387175801018,-0.6679299581983047,0.3381527562499551,-2.3886556633371887
33.0,292.0,999.9854125976562,-0.5829098067737242,0.5938418869161852,4.052969926076772,-1.168932962879614,-0.2098200096625611,0.8583881816774657,1.4536382420763443,-0.6679309183147435,0.3381584980015013,-2.3886515618888686
33.0,292.0,999.9854125976562,-0.5829103778848639,0.5938422112375878,4.052969555587008,-1.1689317202119307,-0.2098178053476322,0.8583889493228556,1.4536322108663455,-0.6679313620737739,0.33815856587628,-2.388654943244448
33.0,292.0,999.9854125976562,-0.5829118325315878,0.59384640490447,4.052967050494216,-1.1689325379039062,-0.2098197125543865,0.858382201093356,1.4536331260337922,-0.6679299508821508,0.3381551993224949,-2.3886558237539064
33.0,292.0,999.9854125976562,-0.582910623671121,0.5938468418117644,4.052966727923948,-1.1689308335329516,-0.2098195639844329,0.8583868100677208,1.4536382508312071,-0.6679286617520228,0.3381589475138593,-2.3886497070908383
33.0,292.0,999.9854736328124,-0.5829131705692623,0.5938446931100403,4.052967470625422,-1.168936521862003,-0.2098168929607489,0.8583832583827427,1.453636761022448,-0.6679289803960016,0.3381547199746206,-2.388654511016397
33.0,292.0,999.9854125976562,-0.5829118836340133,0.5938498672774228,4.052970448674158,-1.168936906297866,-0.2098198975170184,0.8583785078401176,1.45364085488022,-0.6679286995677023,0.3381564304744353,-2.388653206682445
33.0,292.0,999.9854125976562,-0.5829087949499652,0.593845034287007,4.052970508118444,-1.168928547894443,-0.2098224476814145,0.8583875328920989,1.4536368905675996,-0.6679312072480235,0.3381572322704009,-2.38865210320905
33.0,292.0,999.9854125976562,-0.5829084092747854,0.5938428240466642,4.0529676298032165,-1.1689301752317238,-0.2098215715815623,0.8583872038411187,1.4536343144652184,-0.667930122129043,0.3381575164245607,-2.388652078505048
33.0,292.0,999.9854125976562,-0.5829095859804241,0.5938406331269919,4.052968176709722,-1.168931503145088,-0.2098209076946222,0.8583892540233515,1.4536378364109872,-0.6679300194485567,0.3381580775888668,-2.388651822241826
33.0,292.0,999.9854125976562,-0.5829091460442974,0.5938427161815163,4.052967983914659,-1.168932720350056,-0.2098206485035323,0.8583868792050344,1.4536381128011753,-0.6679303655655904,0.3381568038581397,-2.3886493022307667
33.0,292.0,999.9854125976562,-0.5829102950702261,0.5938428858825704,4.052967843380422,-1.1689345573594268,-0.2098205921430471,0.8583856818133491,1.453640637527366,-0.6679287680216106,0.338155448232774,-2.3886515656416583
33.0,292.0,999.9854736328124,-0.5829132984414827,0.5938489709740846,4.052970789807306,-1.1689431320605124,-0.2098171771984027,0.8583788437065039,1.4536445838197327,-0.6679304958069672,0.3381497692766686,-2.3886588798555053
33.0,292.0,999.9854125976562,-0.5829060123603016,0.593836560380093,4.052975365620428,-1.1689241200480105,-0.2098240630418342,0.8583930784502982,1.4536335827633824,-0.667932516673071,0.3381671997029043,-2.3886453038692568
33.0,292.0,999.9854125976562,-0.5829130777597538,0.5938459034936212,4.05296736459896,-1.1689350907835565,-0.2098175064283491,0.8583867499397568,1.4536367382243451,-0.6679312578242138,0.3381519127861487,-2.388658390783621
33.0,292.0,999.9854125976562,-0.5829096502875846,0.5938480877049717,4.052969470781729,-1.1689296632689905,-0.2098215599325366,0.858383474204917,1.453637234407954,-0.6679297083303197,0.3381598485675932,-2.388647974585024
33.0,292.0,999.9854736328124,-0.5829101283680114,0.5938423363521537,4.052960540582697,-1.1689345906917756,-0.2098177857015342,0.858389327678375,1.4536407086056204,-0.6679272886357959,0.3381500429679462,-2.388652960588268
33.0,292.0,999.9854125976562,-0.5829095379166924,0.5938397726318092,4.052970797904784,-1.1689298783720163,-0.2098216385974236,0.8583895757878643,1.4536353100896786,-0.6679303409240527,0.3381610256267029,-2.3886518878919483
33.0,292.0,999.9854125976562,-0.5829102996672404,0.5938429846851196,4.052965962505466,-1.168929693179205,-0.2098191325018907,0.8583894703774142,1.4536324541820091,-0.6679318446519016,0.3381524100688811,-2.388655679076128
33.0,292.0,999.9854125976562,-0.582909041073064,0.5938445933394902,4.052968789229926,-1.1689255048636489,-0.2098215543503538,0.8583868715352221,1.4536343138395118,-0.6679296269553987,0.3381631023521461,-2.3886459364569825
33.0,292.0,999.9854125976562,-0.5829079981854441,0.5938425890157886,4.052973456056153,-1.1689276399711497,-0.2098214250319978,0.858391003394015,1.4536369956328965,-0.6679333548877482,0.3381645668113116,-2.388645873925591
33.0,292.0,999.9854125976562,-0.5829084140763445,0.5938444865442216,4.05297108878584,-1.1689329074348676,-0.2098213018969499,0.8583852301539547,1.4536410024667887,-0.6679290052054352,0.3381607125347718,-2.388648647023889
33.0,292.0,999.9854125976562,-0.5829074859759968,0.5938408413543153,4.052968638928359,-1.168925908185832,-0.2098230076696214,0.8583912672834142,1.453634993209235,-0.6679324347880335,0.3381608337132249,-2.38864655182546
33.0,292.0,999.9854125976562,-0.5829115473700694,0.5938460139440576,4.052964850885889,-1.1689304439558108,-0.2098181028479713,0.8583879471064835,1.4536323913428353,-0.6679312727921927,0.3381554674145794,-2.388653491124757
33.0,292.0,999.9854125976562,-0.5829092241329645,0.5938400562597561,4.052970043100826,-1.1689299670784257,-0.2098208585628489,0.8583913745644365,1.4536382003045911,-0.6679327064800109,0.3381604247301695,-2.3886479785911208
33.0,293.0,999.9854125976562,-0.5829080301043197,0.5938441512901438,4.052970804960252,-1.1689270072208364,-0.2098229107810407,0.8583898767830913,1.4536378131821293,-0.667931716988269,0.3381640396235665,-2.388644091190637
33.0,293.0,999.9854125976562,-0.582910921723645,0.5938468438107751,4.052966354518876,-1.1689291290153667,-0.2098202126618344,0.8583835048482102,1.453632280737395,-0.6679292895314459,0.3381567170107979,-2.38865287793681
33.0,293.0,999.9854736328124,-0.5829062029904666,0.593836395699153,4.05297521198278,-1.1689233558286762,-0.2098249695370118,0.858397728953082,1.4536373324926135,-0.6679363998723336,0.3381654810396544,-2.388640778647529
33.0,293.0,999.9854736328124,-0.5829091291420498,0.5938388910109431,4.052967150645566,-1.1689261358208451,-0.2098195689170978,0.8583933887557249,1.4536333021051293,-0.6679328121856791,0.3381615336939569,-2.3886469840640108
33.0,293.0,999.9854125976562,-0.5829077021455049,0.5938421964434575,4.052971850597512,-1.1689311000567084,-0.2098226586127021,0.8583871230336735,1.45364161511141,-0.6679292513426649,0.3381610531502401,-2.388646284542853
33.0,293.0,999.9854125976562,-0.582909926206022,0.5938419474242105,4.052971420175801,-1.168932870690222,-0.2098210720918212,0.8583868850100913,1.453638483856321,-0.6679319996604036,0.3381580283910708,-2.388651744867325
33.0,293.0,999.9854736328124,-0.5829093102984935,0.5938401568646867,4.052971847942793,-1.1689321136429394,-0.2098221931961754,0.8583863450100884,1.4536405622367097,-0.6679298442439077,0.3381580547510046,-2.3886512453787203
33.0,293.0,999.9854736328124,-0.5829102107186133,0.5938450663850912,4.052964011930246,-1.1689338308235508,-0.2098190051254942,0.8583842931100971,1.4536381434228964,-0.6679286246445066,0.3381533882382284,-2.388653436662032
33.0,293.0,999.9854125976562,-0.5829092924358914,0.593841125737729,4.0529671244572505,-1.1689300210327196,-0.2098199465649806,0.8583923780187774,1.4536351596033086,-0.6679319210208412,0.3381551813859733,-2.3886527196902003
33.0,293.0,999.9854125976562,-0.5829096201509207,0.5938454267090378,4.05296790881671,-1.168928026857381,-0.2098199477678166,0.8583878847484936,1.4536299579781904,-0.6679311170747155,0.3381597506681357,-2.388650344920144
33.0,293.0,999.9854125976562,-0.5829115196642194,0.5938448183503571,4.05296804846466,-1.1689363929749534,-0.2098177083492975,0.8583836386790686,1.453637655776726,-0.6679287530701323,0.3381553541021622,-2.3886563076135663
33.0,293.0,999.9854125976562,-0.582908210720384,0.5938390242467362,4.052972765647283,-1.168931862945758,-0.2098214532051461,0.8583910098607266,1.4536384786628522,-0.667932401101357,0.3381581515151532,-2.388651526432724
33.0,293.0,999.9854736328124,-0.5829071982660743,0.5938449731229305,4.052969306157664,-1.168923804645459,-0.2098230645946781,0.85838952677181,1.4536342832907012,-0.6679330212206605,0.3381650500633002,-2.388643845778672
33.0,293.0,999.9854736328124,-0.5829095726843958,0.5938407385559428,4.052971954665734,-1.1689341525171448,-0.209820247370847,0.8583868209768948,1.4536418738817725,-0.6679298274476588,0.3381583928375686,-2.388650999240728
33.0,293.0,999.9854125976562,-0.5829100751635394,0.5938476280285112,4.0529673532464745,-1.1689307375966438,-0.2098200484741292,0.8583837688255445,1.453634020763812,-0.667930186750664,0.3381546992962994,-2.3886517699105085
33.0,293.0,999.9854125976562,-0.5829100681240824,0.5938456765182334,4.052969274383969,-1.1689332759884987,-0.2098209617938327,0.8583825058052259,1.4536375603755474,-0.6679303053496808,0.338157951095801,-2.3886492853262418
33.0,293.0,999.9854736328124,-0.5829137736605352,0.5938444058658412,4.052969872509909,-1.1689348985154933,-0.2098161165663512,0.858386272324454,1.4536341886582802,-0.6679319963189352,0.3381573117470147,-2.3886544254390083
33.0,293.0,999.9854125976562,-0.5829098110707651,0.5938424344959188,4.052967700342922,-1.1689340197207023,-0.2098209492703437,0.8583875615235144,1.4536415851907076,-0.6679289928054075,0.3381543218562779,-2.3886531144276835
33.0,293.0,999.9854125976562,-0.5829095912944267,0.5938460000806911,4.052968302634829,-1.1689292857165583,-0.2098203361913579,0.8583858282352903,1.453633626359112,-0.6679317933515616,0.3381569036183371,-2.388649908606848
33.0,293.0,999.9854125976562,-0.5829083286359023,0.5938429914468362,4.052969750829666,-1.1689276088161824,-0.209821789504347,0.8583877389542769,1.453635512111461,-0.6679292388258498,0.338161579608176,-2.3886467668245155
33.0,293.0,999.9854736328124,-0.582908315466339,0.5938364726323808,4.052966911526594,-1.1689218542862916,-0.2098219623189905,0.8583980305806707,1.4536316359405728,-0.6679333976108337,0.3381608434691507,-2.388647879782237
33.0,293.0,999.9854125976562,-0.5829087331506964,0.5938436902926645,4.052969387091823,-1.1689274507897056,-0.2098199292101972,0.8583898443253428,1.4536331330359609,-0.6679329909130951,0.3381574499636564,-2.388652233254627
33.0,293.0,999.9854125976562,-0.582907726887834,0.5938431441529355,4.052967908674907,-1.168925345477649,-0.2098221326248337,0.8583891147660596,1.4536340246089008,-0.667931358047336,0.3381620073938247,-2.3886463715820616
33.0,293.0,999.9854125976562,-0.5829076798980068,0.5938404117607945,4.05297051304596,-1.1689275600606424,-0.209821713372114,0.8583913031801487,1.453635672254431,-0.6679319112536026,0.3381615227801768,-2.3886457164473
33.0,293.0,999.9854125976562,-0.5829093460172396,0.5938416178402219,4.052967900981471,-1.16892803086867,-0.2098216172350495,0.8583898148066798,1.4536348322165606,-0.6679315195619742,0.3381570621749787,-2.388653151886704
33.0,293.0,999.9854125976562,-0.5829111423812021,0.5938417281242927,4.052967273692527,-1.168937990894396,-0.2098188783213892,0.8583862980719843,1.4536387175801018,-0.6679299581983047,0.3381527562499551,-2.3886556633371887
33.0,293.0,999.9854125976562,-0.5829098067737242,0.5938418869161852,4.052969926076772,-1.168932962879614,-0.2098200096625611,0.8583881816774657,1.4536382420763443,-0.6679309183147435,0.3381584980015013,-2.3886515618888686
33.0,293.0,999.9854125976562,-0.5829103778848639,0.5938422112375878,4.052969555587008,-1.1689317202119307,-0.2098178053476322,0.8583889493228556,1.4536322108663455,-0.6679313620737739,0.33815856587628,-2.388654943244448
33.0,293.0,999.9854125976562,-0.5829118325315878,0.59384640490447,4.052967050494216,-1.1689325379039062,-0.2098197125543865,0.858382201093356,1.4536331260337922,-0.6679299508821508,0.3381551993224949,-2.3886558237539064
33.0,293.0,999.9854125976562,-0.582910623671121,0.5938468418117644,4.052966727923948,-1.1689308335329516,-0.2098195639844329,0.8583868100677208,1.4536382508312071,-0.6679286617520228,0.3381589475138593,-2.3886497070908383
33.0,293.0,999.9854736328124,-0.5829131705692623,0.5938446931100403,4.052967470625422,-1.168936521862003,-0.2098168929607489,0.8583832583827427,1.453636761022448,-0.6679289803960016,0.3381547199746206,-2.388654511016397
33.0,293.0,999.9854125976562,-0.5829118836340133,0.5938498672774228,4.052970448674158,-1.168936906297866,-0.2098198975170184,0.8583785078401176,1.45364085488022,-0.6679286995677023,0.3381564304744353,-2.388653206682445
33.0,293.0,999.9854125976562,-0.5829087949499652,0.593845034287007,4.052970508118444,-1.168928547894443,-0.2098224476814145,0.8583875328920989,1.4536368905675996,-0.6679312072480235,0.3381572322704009,-2.38865210320905
33.0,293.0,999.9854125976562,-0.5829084092747854,0.5938428240466642,4.0529676298032165,-1.1689301752317238,-0.2098215715815623,0.8583872038411187,1.4536343144652184,-0.667930122129043,0.3381575164245607,-2.388652078505048
33.0,293.0,999.9854125976562,-0.5829095859804241,0.5938406331269919,4.052968176709722,-1.168931503145088,-0.2098209076946222,0.8583892540233515,1.4536378364109872,-0.6679300194485567,0.3381580775888668,-2.388651822241826
33.0,293.0,999.9854125976562,-0.5829091460442974,0.5938427161815163,4.052967983914659,-1.168932720350056,-0.2098206485035323,0.8583868792050344,1.4536381128011753,-0.6679303655655904,0.3381568038581397,-2.3886493022307667
33.0,293.0,999.9854125976562,-0.5829102950702261,0.5938428858825704,4.052967843380422,-1.1689345573594268,-0.2098205921430471,0.8583856818133491,1.453640637527366,-0.6679287680216106,0.338155448232774,-2.3886515656416583
33.0,293.0,999.9854736328124,-0.5829132984414827,0.5938489709740846,4.052970789807306,-1.1689431320605124,-0.2098171771984027,0.8583788437065039,1.4536445838197327,-0.6679304958069672,0.3381497692766686,-2.3886588798555053
33.0,293.0,999.9854125976562,-0.5829060123603016,0.593836560380093,4.052975365620428,-1.1689241200480105,-0.2098240630418342,0.8583930784502982,1.4536335827633824,-0.667932516673071,0.3381671997029043,-2.3886453038692568
33.0,293.0,999.9854125976562,-0.5829130777597538,0.5938459034936212,4.05296736459896,-1.1689350907835565,-0.2098175064283491,0.8583867499397568,1.4536367382243451,-0.6679312578242138,0.3381519127861487,-2.388658390783621
33.0,293.0,999.9854125976562,-0.5829096502875846,0.5938480877049717,4.052969470781729,-1.1689296632689905,-0.2098215599325366,0.858383474204917,1.453637234407954,-0.6679297083303197,0.3381598485675932,-2.388647974585024
33.0,293.0,999.9854736328124,-0.5829101283680114,0.5938423363521537,4.052960540582697,-1.1689345906917756,-0.2098177857015342,0.858389327678375,1.4536407086056204,-0.6679272886357959,0.3381500429679462,-2.388652960588268
33.0,293.0,999.9854125976562,-0.5829095379166924,0.5938397726318092,4.052970797904784,-1.1689298783720163,-0.2098216385974236,0.8583895757878643,1.4536353100896786,-0.6679303409240527,0.3381610256267029,-2.3886518878919483
33.0,293.0,999.9854125976562,-0.5829102996672404,0.5938429846851196,4.052965962505466,-1.168929693179205,-0.2098191325018907,0.8583894703774142,1.4536324541820091,-0.6679318446519016,0.3381524100688811,-2.388655679076128
33.0,293.0,999.9854125976562,-0.582909041073064,0.5938445933394902,4.052968789229926,-1.1689255048636489,-0.2098215543503538,0.8583868715352221,1.4536343138395118,-0.6679296269553987,0.3381631023521461,-2.3886459364569825
33.0,293.0,999.9854125976562,-0.5829079981854441,0.5938425890157886,4.052973456056153,-1.1689276399711497,-0.2098214250319978,0.858391003394015,1.4536369956328965,-0.6679333548877482,0.3381645668113116,-2.388645873925591
33.0,293.0,999.9854125976562,-0.5829084140763445,0.5938444865442216,4.05297108878584,-1.1689329074348676,-0.2098213018969499,0.8583852301539547,1.4536410024667887,-0.6679290052054352,0.3381607125347718,-2.388648647023889
33.0,293.0,999.9854125976562,-0.5829074859759968,0.5938408413543153,4.052968638928359,-1.168925908185832,-0.2098230076696214,0.8583912672834142,1.453634993209235,-0.6679324347880335,0.3381608337132249,-2.38864655182546
33.0,293.0,999.9854125976562,-0.5829115473700694,0.5938460139440576,4.052964850885889,-1.1689304439558108,-0.2098181028479713,0.8583879471064835,1.4536323913428353,-0.6679312727921927,0.3381554674145794,-2.388653491124757
33.0,293.0,999.9854125976562,-0.5829092241329645,0.5938400562597561,4.052970043100826,-1.1689299670784257,-0.2098208585628489,0.8583913745644365,1.4536382003045911,-0.6679327064800109,0.3381604247301695,-2.3886479785911208
33.0,294.0,999.9854125976562,-0.5829080301043197,0.5938441512901438,4.052970804960252,-1.1689270072208364,-0.2098229107810407,0.8583898767830913,1.4536378131821293,-0.667931716988269,0.3381640396235665,-2.388644091190637
33.0,294.0,999.9854125976562,-0.582910921723645,0.5938468438107751,4.052966354518876,-1.1689291290153667,-0.2098202126618344,0.8583835048482102,1.453632280737395,-0.6679292895314459,0.3381567170107979,-2.38865287793681
33.0,294.0,999.9854736328124,-0.5829062029904666,0.593836395699153,4.05297521198278,-1.1689233558286762,-0.2098249695370118,0.858397728953082,1.4536373324926135,-0.6679363998723336,0.3381654810396544,-2.388640778647529
33.0,294.0,999.9854736328124,-0.5829091291420498,0.5938388910109431,4.052967150645566,-1.1689261358208451,-0.2098195689170978,0.8583933887557249,1.4536333021051293,-0.6679328121856791,0.3381615336939569,-2.3886469840640108
33.0,294.0,999.9854125976562,-0.5829077021455049,0.5938421964434575,4.052971850597512,-1.1689311000567084,-0.2098226586127021,0.8583871230336735,1.45364161511141,-0.6679292513426649,0.3381610531502401,-2.388646284542853
33.0,294.0,999.9854125976562,-0.582909926206022,0.5938419474242105,4.052971420175801,-1.168932870690222,-0.2098210720918212,0.8583868850100913,1.453638483856321,-0.6679319996604036,0.3381580283910708,-2.388651744867325
33.0,294.0,999.9854736328124,-0.5829093102984935,0.5938401568646867,4.052971847942793,-1.1689321136429394,-0.2098221931961754,0.8583863450100884,1.4536405622367097,-0.6679298442439077,0.3381580547510046,-2.3886512453787203
33.0,294.0,999.9854736328124,-0.5829102107186133,0.5938450663850912,4.052964011930246,-1.1689338308235508,-0.2098190051254942,0.8583842931100971,1.4536381434228964,-0.6679286246445066,0.3381533882382284,-2.388653436662032
33.0,294.0,999.9854125976562,-0.5829092924358914,0.593841125737729,4.0529671244572505,-1.1689300210327196,-0.2098199465649806,0.8583923780187774,1.4536351596033086,-0.6679319210208412,0.3381551813859733,-2.3886527196902003
33.0,294.0,999.9854125976562,-0.5829096201509207,0.5938454267090378,4.05296790881671,-1.168928026857381,-0.2098199477678166,0.8583878847484936,1.4536299579781904,-0.6679311170747155,0.3381597506681357,-2.388650344920144
33.0,294.0,999.9854125976562,-0.5829115196642194,0.5938448183503571,4.05296804846466,-1.1689363929749534,-0.2098177083492975,0.8583836386790686,1.453637655776726,-0.6679287530701323,0.3381553541021622,-2.3886563076135663
33.0,294.0,999.9854125976562,-0.582908210720384,0.5938390242467362,4.052972765647283,-1.168931862945758,-0.2098214532051461,0.8583910098607266,1.4536384786628522,-0.667932401101357,0.3381581515151532,-2.388651526432724
33.0,294.0,999.9854736328124,-0.5829071982660743,0.5938449731229305,4.052969306157664,-1.168923804645459,-0.2098230645946781,0.85838952677181,1.4536342832907012,-0.6679330212206605,0.3381650500633002,-2.388643845778672
33.0,294.0,999.9854736328124,-0.5829095726843958,0.5938407385559428,4.052971954665734,-1.1689341525171448,-0.209820247370847,0.8583868209768948,1.4536418738817725,-0.6679298274476588,0.3381583928375686,-2.388650999240728
33.0,294.0,999.9854125976562,-0.5829100751635394,0.5938476280285112,4.0529673532464745,-1.1689307375966438,-0.2098200484741292,0.8583837688255445,1.453634020763812,-0.667930186750664,0.3381546992962994,-2.3886517699105085
33.0,294.0,999.9854125976562,-0.5829100681240824,0.5938456765182334,4.052969274383969,-1.1689332759884987,-0.2098209617938327,0.8583825058052259,1.4536375603755474,-0.6679303053496808,0.338157951095801,-2.3886492853262418
33.0,294.0,999.9854736328124,-0.5829137736605352,0.5938444058658412,4.052969872509909,-1.1689348985154933,-0.2098161165663512,0.858386272324454,1.4536341886582802,-0.6679319963189352,0.3381573117470147,-2.3886544254390083
33.0,294.0,999.9854125976562,-0.5829098110707651,0.5938424344959188,4.052967700342922,-1.1689340197207023,-0.2098209492703437,0.8583875615235144,1.4536415851907076,-0.6679289928054075,0.3381543218562779,-2.3886531144276835
33.0,294.0,999.9854125976562,-0.5829095912944267,0.5938460000806911,4.052968302634829,-1.1689292857165583,-0.2098203361913579,0.8583858282352903,1.453633626359112,-0.6679317933515616,0.3381569036183371,-2.388649908606848
33.0,294.0,999.9854125976562,-0.5829083286359023,0.5938429914468362,4.052969750829666,-1.1689276088161824,-0.209821789504347,0.8583877389542769,1.453635512111461,-0.6679292388258498,0.338161579608176,-2.3886467668245155
33.0,294.0,999.9854736328124,-0.582908315466339,0.5938364726323808,4.052966911526594,-1.1689218542862916,-0.2098219623189905,0.8583980305806707,1.4536316359405728,-0.6679333976108337,0.3381608434691507,-2.388647879782237
33.0,294.0,999.9854125976562,-0.5829087331506964,0.5938436902926645,4.052969387091823,-1.1689274507897056,-0.2098199292101972,0.8583898443253428,1.4536331330359609,-0.6679329909130951,0.3381574499636564,-2.388652233254627
33.0,294.0,999.9854125976562,-0.582907726887834,0.5938431441529355,4.052967908674907,-1.168925345477649,-0.2098221326248337,0.8583891147660596,1.4536340246089008,-0.667931358047336,0.3381620073938247,-2.3886463715820616
33.0,294.0,999.9854125976562,-0.5829076798980068,0.5938404117607945,4.05297051304596,-1.1689275600606424,-0.209821713372114,0.8583913031801487,1.453635672254431,-0.6679319112536026,0.3381615227801768,-2.3886457164473
33.0,294.0,999.9854125976562,-0.5829093460172396,0.5938416178402219,4.052967900981471,-1.16892803086867,-0.2098216172350495,0.8583898148066798,1.4536348322165606,-0.6679315195619742,0.3381570621749787,-2.388653151886704
33.0,294.0,999.9854125976562,-0.5829111423812021,0.5938417281242927,4.052967273692527,-1.168937990894396,-0.2098188783213892,0.8583862980719843,1.4536387175801018,-0.6679299581983047,0.3381527562499551,-2.3886556633371887
33.0,294.0,999.9854125976562,-0.5829098067737242,0.5938418869161852,4.052969926076772,-1.168932962879614,-0.2098200096625611,0.8583881816774657,1.4536382420763443,-0.6679309183147435,0.3381584980015013,-2.3886515618888686
33.0,294.0,999.9854125976562,-0.5829103778848639,0.5938422112375878,4.052969555587008,-1.1689317202119307,-0.2098178053476322,0.8583889493228556,1.4536322108663455,-0.6679313620737739,0.33815856587628,-2.388654943244448
33.0,294.0,999.9854125976562,-0.5829118325315878,0.59384640490447,4.052967050494216,-1.1689325379039062,-0.2098197125543865,0.858382201093356,1.4536331260337922,-0.6679299508821508,0.3381551993224949,-2.3886558237539064
33.0,294.0,999.9854125976562,-0.582910623671121,0.5938468418117644,4.052966727923948,-1.1689308335329516,-0.2098195639844329,0.8583868100677208,1.4536382508312071,-0.6679286617520228,0.3381589475138593,-2.3886497070908383
33.0,294.0,999.9854736328124,-0.5829131705692623,0.5938446931100403,4.052967470625422,-1.168936521862003,-0.2098168929607489,0.8583832583827427,1.453636761022448,-0.6679289803960016,0.3381547199746206,-2.388654511016397
33.0,294.0,999.9854125976562,-0.5829118836340133,0.5938498672774228,4.052970448674158,-1.168936906297866,-0.2098198975170184,0.8583785078401176,1.45364085488022,-0.6679286995677023,0.3381564304744353,-2.388653206682445
33.0,294.0,999.9854125976562,-0.5829087949499652,0.593845034287007,4.052970508118444,-1.168928547894443,-0.2098224476814145,0.8583875328920989,1.4536368905675996,-0.6679312072480235,0.3381572322704009,-2.38865210320905
33.0,294.0,999.9854125976562,-0.5829084092747854,0.5938428240466642,4.0529676298032165,-1.1689301752317238,-0.2098215715815623,0.8583872038411187,1.4536343144652184,-0.667930122129043,0.3381575164245607,-2.388652078505048
33.0,294.0,999.9854125976562,-0.5829095859804241,0.5938406331269919,4.052968176709722,-1.168931503145088,-0.2098209076946222,0.8583892540233515,1.4536378364109872,-0.6679300194485567,0.3381580775888668,-2.388651822241826
33.0,294.0,999.9854125976562,-0.5829091460442974,0.5938427161815163,4.052967983914659,-1.168932720350056,-0.2098206485035323,0.8583868792050344,1.4536381128011753,-0.6679303655655904,0.3381568038581397,-2.3886493022307667
33.0,294.0,999.9854125976562,-0.5829102950702261,0.5938428858825704,4.052967843380422,-1.1689345573594268,-0.2098205921430471,0.8583856818133491,1.453640637527366,-0.6679287680216106,0.338155448232774,-2.3886515656416583
33.0,294.0,999.9854736328124,-0.5829132984414827,0.5938489709740846,4.052970789807306,-1.1689431320605124,-0.2098171771984027,0.8583788437065039,1.4536445838197327,-0.6679304958069672,0.3381497692766686,-2.3886588798555053
33.0,294.0,999.9854125976562,-0.5829060123603016,0.593836560380093,4.052975365620428,-1.1689241200480105,-0.2098240630418342,0.8583930784502982,1.4536335827633824,-0.667932516673071,0.3381671997029043,-2.3886453038692568
33.0,294.0,999.9854125976562,-0.5829130777597538,0.5938459034936212,4.05296736459896,-1.1689350907835565,-0.2098175064283491,0.8583867499397568,1.4536367382243451,-0.6679312578242138,0.3381519127861487,-2.388658390783621
33.0,294.0,999.9854125976562,-0.5829096502875846,0.5938480877049717,4.052969470781729,-1.1689296632689905,-0.2098215599325366,0.858383474204917,1.453637234407954,-0.6679297083303197,0.3381598485675932,-2.388647974585024
33.0,294.0,999.9854736328124,-0.5829101283680114,0.5938423363521537,4.052960540582697,-1.1689345906917756,-0.2098177857015342,0.858389327678375,1.4536407086056204,-0.6679272886357959,0.3381500429679462,-2.388652960588268
33.0,294.0,999.9854125976562,-0.5829095379166924,0.5938397726318092,4.052970797904784,-1.1689298783720163,-0.2098216385974236,0.8583895757878643,1.4536353100896786,-0.6679303409240527,0.3381610256267029,-2.3886518878919483
33.0,294.0,999.9854125976562,-0.5829102996672404,0.5938429846851196,4.052965962505466,-1.168929693179205,-0.2098191325018907,0.8583894703774142,1.4536324541820091,-0.6679318446519016,0.3381524100688811,-2.388655679076128
33.0,294.0,999.9854125976562,-0.582909041073064,0.5938445933394902,4.052968789229926,-1.1689255048636489,-0.2098215543503538,0.8583868715352221,1.4536343138395118,-0.6679296269553987,0.3381631023521461,-2.3886459364569825
33.0,294.0,999.9854125976562,-0.5829079981854441,0.5938425890157886,4.052973456056153,-1.1689276399711497,-0.2098214250319978,0.858391003394015,1.4536369956328965,-0.6679333548877482,0.3381645668113116,-2.388645873925591
33.0,294.0,999.9854125976562,-0.5829084140763445,0.5938444865442216,4.05297108878584,-1.1689329074348676,-0.2098213018969499,0.8583852301539547,1.4536410024667887,-0.6679290052054352,0.3381607125347718,-2.388648647023889
33.0,294.0,999.9854125976562,-0.5829074859759968,0.5938408413543153,4.052968638928359,-1.168925908185832,-0.2098230076696214,0.8583912672834142,1.453634993209235,-0.6679324347880335,0.3381608337132249,-2.38864655182546
33.0,294.0,999.9854125976562,-0.5829115473700694,0.5938460139440576,4.052964850885889,-1.1689304439558108,-0.2098181028479713,0.8583879471064835,1.4536323913428353,-0.6679312727921927,0.3381554674145794,-2.388653491124757
33.0,294.0,999.9854125976562,-0.5829092241329645,0.5938400562597561,4.052970043100826,-1.1689299670784257,-0.2098208585628489,0.8583913745644365,1.4536382003045911,-0.6679327064800109,0.3381604247301695,-2.3886479785911208
33.0,295.0,999.9854125976562,-0.5829080301043197,0.5938441512901438,4.052970804960252,-1.1689270072208364,-0.2098229107810407,0.8583898767830913,1.4536378131821293,-0.667931716988269,0.3381640396235665,-2.388644091190637
33.0,295.0,999.9854125976562,-0.582910921723645,0.5938468438107751,4.052966354518876,-1.1689291290153667,-0.2098202126618344,0.8583835048482102,1.453632280737395,-0.6679292895314459,0.3381567170107979,-2.38865287793681
33.0,295.0,999.9854736328124,-0.5829062029904666,0.593836395699153,4.05297521198278,-1.1689233558286762,-0.2098249695370118,0.858397728953082,1.4536373324926135,-0.6679363998723336,0.3381654810396544,-2.388640778647529
33.0,295.0,999.9854736328124,-0.5829091291420498,0.5938388910109431,4.052967150645566,-1.1689261358208451,-0.2098195689170978,0.8583933887557249,1.4536333021051293,-0.6679328121856791,0.3381615336939569,-2.3886469840640108
33.0,295.0,999.9854125976562,-0.5829077021455049,0.5938421964434575,4.052971850597512,-1.1689311000567084,-0.2098226586127021,0.8583871230336735,1.45364161511141,-0.6679292513426649,0.3381610531502401,-2.388646284542853
33.0,295.0,999.9854125976562,-0.582909926206022,0.5938419474242105,4.052971420175801,-1.168932870690222,-0.2098210720918212,0.8583868850100913,1.453638483856321,-0.6679319996604036,0.3381580283910708,-2.388651744867325
33.0,295.0,999.9854736328124,-0.5829093102984935,0.5938401568646867,4.052971847942793,-1.1689321136429394,-0.2098221931961754,0.8583863450100884,1.4536405622367097,-0.6679298442439077,0.3381580547510046,-2.3886512453787203
33.0,295.0,999.9854736328124,-0.5829102107186133,0.5938450663850912,4.052964011930246,-1.1689338308235508,-0.2098190051254942,0.8583842931100971,1.4536381434228964,-0.6679286246445066,0.3381533882382284,-2.388653436662032
33.0,295.0,999.9854125976562,-0.5829092924358914,0.593841125737729,4.0529671244572505,-1.1689300210327196,-0.2098199465649806,0.8583923780187774,1.4536351596033086,-0.6679319210208412,0.3381551813859733,-2.3886527196902003
33.0,295.0,999.9854125976562,-0.5829096201509207,0.5938454267090378,4.05296790881671,-1.168928026857381,-0.2098199477678166,0.8583878847484936,1.4536299579781904,-0.6679311170747155,0.3381597506681357,-2.388650344920144
33.0,295.0,999.9854125976562,-0.5829115196642194,0.5938448183503571,4.05296804846466,-1.1689363929749534,-0.2098177083492975,0.8583836386790686,1.453637655776726,-0.6679287530701323,0.3381553541021622,-2.3886563076135663
33.0,295.0,999.9854125976562,-0.582908210720384,0.5938390242467362,4.052972765647283,-1.168931862945758,-0.2098214532051461,0.8583910098607266,1.4536384786628522,-0.667932401101357,0.3381581515151532,-2.388651526432724
33.0,295.0,999.9854736328124,-0.5829071982660743,0.5938449731229305,4.052969306157664,-1.168923804645459,-0.2098230645946781,0.85838952677181,1.4536342832907012,-0.6679330212206605,0.3381650500633002,-2.388643845778672
33.0,295.0,999.9854736328124,-0.5829095726843958,0.5938407385559428,4.052971954665734,-1.1689341525171448,-0.209820247370847,0.8583868209768948,1.4536418738817725,-0.6679298274476588,0.3381583928375686,-2.388650999240728
33.0,295.0,999.9854125976562,-0.5829100751635394,0.5938476280285112,4.0529673532464745,-1.1689307375966438,-0.2098200484741292,0.8583837688255445,1.453634020763812,-0.667930186750664,0.3381546992962994,-2.3886517699105085
33.0,295.0,999.9854125976562,-0.5829100681240824,0.5938456765182334,4.052969274383969,-1.1689332759884987,-0.2098209617938327,0.8583825058052259,1.4536375603755474,-0.6679303053496808,0.338157951095801,-2.3886492853262418
33.0,295.0,999.9854736328124,-0.5829137736605352,0.5938444058658412,4.052969872509909,-1.1689348985154933,-0.2098161165663512,0.858386272324454,1.4536341886582802,-0.6679319963189352,0.3381573117470147,-2.3886544254390083
33.0,295.0,999.9854125976562,-0.5829098110707651,0.5938424344959188,4.052967700342922,-1.1689340197207023,-0.2098209492703437,0.8583875615235144,1.4536415851907076,-0.6679289928054075,0.3381543218562779,-2.3886531144276835
33.0,295.0,999.9854125976562,-0.5829095912944267,0.5938460000806911,4.052968302634829,-1.1689292857165583,-0.2098203361913579,0.8583858282352903,1.453633626359112,-0.6679317933515616,0.3381569036183371,-2.388649908606848
33.0,295.0,999.9854125976562,-0.5829083286359023,0.5938429914468362,4.052969750829666,-1.1689276088161824,-0.209821789504347,0.8583877389542769,1.453635512111461,-0.6679292388258498,0.338161579608176,-2.3886467668245155
33.0,295.0,999.9854736328124,-0.582908315466339,0.5938364726323808,4.052966911526594,-1.1689218542862916,-0.2098219623189905,0.8583980305806707,1.4536316359405728,-0.6679333976108337,0.3381608434691507,-2.388647879782237
33.0,295.0,999.9854125976562,-0.5829087331506964,0.5938436902926645,4.052969387091823,-1.1689274507897056,-0.2098199292101972,0.8583898443253428,1.4536331330359609,-0.6679329909130951,0.3381574499636564,-2.388652233254627
33.0,295.0,999.9854125976562,-0.582907726887834,0.5938431441529355,4.052967908674907,-1.168925345477649,-0.2098221326248337,0.8583891147660596,1.4536340246089008,-0.667931358047336,0.3381620073938247,-2.3886463715820616
33.0,295.0,999.9854125976562,-0.5829076798980068,0.5938404117607945,4.05297051304596,-1.1689275600606424,-0.209821713372114,0.8583913031801487,1.453635672254431,-0.6679319112536026,0.3381615227801768,-2.3886457164473
33.0,295.0,999.9854125976562,-0.5829093460172396,0.5938416178402219,4.052967900981471,-1.16892803086867,-0.2098216172350495,0.8583898148066798,1.4536348322165606,-0.6679315195619742,0.3381570621749787,-2.388653151886704
33.0,295.0,999.9854125976562,-0.5829111423812021,0.5938417281242927,4.052967273692527,-1.168937990894396,-0.2098188783213892,0.8583862980719843,1.4536387175801018,-0.6679299581983047,0.3381527562499551,-2.3886556633371887
33.0,295.0,999.9854125976562,-0.5829098067737242,0.5938418869161852,4.052969926076772,-1.168932962879614,-0.2098200096625611,0.8583881816774657,1.4536382420763443,-0.6679309183147435,0.3381584980015013,-2.3886515618888686
33.0,295.0,999.9854125976562,-0.5829103778848639,0.5938422112375878,4.052969555587008,-1.1689317202119307,-0.2098178053476322,0.8583889493228556,1.4536322108663455,-0.6679313620737739,0.33815856587628,-2.388654943244448
33.0,295.0,999.9854125976562,-0.5829118325315878,0.59384640490447,4.052967050494216,-1.1689325379039062,-0.2098197125543865,0.858382201093356,1.4536331260337922,-0.6679299508821508,0.3381551993224949,-2.3886558237539064
33.0,295.0,999.9854125976562,-0.582910623671121,0.5938468418117644,4.052966727923948,-1.1689308335329516,-0.2098195639844329,0.8583868100677208,1.4536382508312071,-0.6679286617520228,0.3381589475138593,-2.3886497070908383
33.0,295.0,999.9854736328124,-0.5829131705692623,0.5938446931100403,4.052967470625422,-1.168936521862003,-0.2098168929607489,0.8583832583827427,1.453636761022448,-0.6679289803960016,0.3381547199746206,-2.388654511016397
33.0,295.0,999.9854125976562,-0.5829118836340133,0.5938498672774228,4.052970448674158,-1.168936906297866,-0.2098198975170184,0.8583785078401176,1.45364085488022,-0.6679286995677023,0.3381564304744353,-2.388653206682445
33.0,295.0,999.9854125976562,-0.5829087949499652,0.593845034287007,4.052970508118444,-1.168928547894443,-0.2098224476814145,0.8583875328920989,1.4536368905675996,-0.6679312072480235,0.3381572322704009,-2.38865210320905
33.0,295.0,999.9854125976562,-0.5829084092747854,0.5938428240466642,4.0529676298032165,-1.1689301752317238,-0.2098215715815623,0.8583872038411187,1.4536343144652184,-0.667930122129043,0.3381575164245607,-2.388652078505048
33.0,295.0,999.9854125976562,-0.5829095859804241,0.5938406331269919,4.052968176709722,-1.168931503145088,-0.2098209076946222,0.8583892540233515,1.4536378364109872,-0.6679300194485567,0.3381580775888668,-2.388651822241826
33.0,295.0,999.9854125976562,-0.5829091460442974,0.5938427161815163,4.052967983914659,-1.168932720350056,-0.2098206485035323,0.8583868792050344,1.4536381128011753,-0.6679303655655904,0.3381568038581397,-2.3886493022307667
33.0,295.0,999.9854125976562,-0.5829102950702261,0.5938428858825704,4.052967843380422,-1.1689345573594268,-0.2098205921430471,0.8583856818133491,1.453640637527366,-0.6679287680216106,0.338155448232774,-2.3886515656416583
33.0,295.0,999.9854736328124,-0.5829132984414827,0.5938489709740846,4.052970789807306,-1.1689431320605124,-0.2098171771984027,0.8583788437065039,1.4536445838197327,-0.6679304958069672,0.3381497692766686,-2.3886588798555053
33.0,295.0,999.9854125976562,-0.5829060123603016,0.593836560380093,4.052975365620428,-1.1689241200480105,-0.2098240630418342,0.8583930784502982,1.4536335827633824,-0.667932516673071,0.3381671997029043,-2.3886453038692568
33.0,295.0,999.9854125976562,-0.5829130777597538,0.5938459034936212,4.05296736459896,-1.1689350907835565,-0.2098175064283491,0.8583867499397568,1.4536367382243451,-0.6679312578242138,0.3381519127861487,-2.388658390783621
33.0,295.0,999.9854125976562,-0.5829096502875846,0.5938480877049717,4.052969470781729,-1.1689296632689905,-0.2098215599325366,0.858383474204917,1.453637234407954,-0.6679297083303197,0.3381598485675932,-2.388647974585024
33.0,295.0,999.9854736328124,-0.5829101283680114,0.5938423363521537,4.052960540582697,-1.1689345906917756,-0.2098177857015342,0.858389327678375,1.4536407086056204,-0.6679272886357959,0.3381500429679462,-2.388652960588268
33.0,295.0,999.9854125976562,-0.5829095379166924,0.5938397726318092,4.052970797904784,-1.1689298783720163,-0.2098216385974236,0.8583895757878643,1.4536353100896786,-0.6679303409240527,0.3381610256267029,-2.3886518878919483
33.0,295.0,999.9854125976562,-0.5829102996672404,0.5938429846851196,4.052965962505466,-1.168929693179205,-0.2098191325018907,0.8583894703774142,1.4536324541820091,-0.6679318446519016,0.3381524100688811,-2.388655679076128
33.0,295.0,999.9854125976562,-0.582909041073064,0.5938445933394902,4.052968789229926,-1.1689255048636489,-0.2098215543503538,0.8583868715352221,1.4536343138395118,-0.6679296269553987,0.3381631023521461,-2.3886459364569825
33.0,295.0,999.9854125976562,-0.5829079981854441,0.5938425890157886,4.052973456056153,-1.1689276399711497,-0.2098214250319978,0.858391003394015,1.4536369956328965,-0.6679333548877482,0.3381645668113116,-2.388645873925591
33.0,295.0,999.9854125976562,-0.5829084140763445,0.5938444865442216,4.05297108878584,-1.1689329074348676,-0.2098213018969499,0.8583852301539547,1.4536410024667887,-0.6679290052054352,0.3381607125347718,-2.388648647023889
33.0,295.0,999.9854125976562,-0.5829074859759968,0.5938408413543153,4.052968638928359,-1.168925908185832,-0.2098230076696214,0.8583912672834142,1.453634993209235,-0.6679324347880335,0.3381608337132249,-2.38864655182546
33.0,295.0,999.9854125976562,-0.5829115473700694,0.5938460139440576,4.052964850885889,-1.1689304439558108,-0.2098181028479713,0.8583879471064835,1.4536323913428353,-0.6679312727921927,0.3381554674145794,-2.388653491124757
33.0,295.0,999.9854125976562,-0.5829092241329645,0.5938400562597561,4.052970043100826,-1.1689299670784257,-0.2098208585628489,0.8583913745644365,1.4536382003045911,-0.6679327064800109,0.3381604247301695,-2.3886479785911208
33.0,296.0,999.9854125976562,-0.5829080301043197,0.5938441512901438,4.052970804960252,-1.1689270072208364,-0.2098229107810407,0.8583898767830913,1.4536378131821293,-0.667931716988269,0.3381640396235665,-2.388644091190637
33.0,296.0,999.9854125976562,-0.582910921723645,0.5938468438107751,4.052966354518876,-1.1689291290153667,-0.2098202126618344,0.8583835048482102,1.453632280737395,-0.6679292895314459,0.3381567170107979,-2.38865287793681
33.0,296.0,999.9854736328124,-0.5829062029904666,0.593836395699153,4.05297521198278,-1.1689233558286762,-0.2098249695370118,0.858397728953082,1.4536373324926135,-0.6679363998723336,0.3381654810396544,-2.388640778647529
33.0,296.0,999.9854736328124,-0.5829091291420498,0.5938388910109431,4.052967150645566,-1.1689261358208451,-0.2098195689170978,0.8583933887557249,1.4536333021051293,-0.6679328121856791,0.3381615336939569,-2.3886469840640108
33.0,296.0,999.9854125976562,-0.5829077021455049,0.5938421964434575,4.052971850597512,-1.1689311000567084,-0.2098226586127021,0.8583871230336735,1.45364161511141,-0.6679292513426649,0.3381610531502401,-2.388646284542853
33.0,296.0,999.9854125976562,-0.582909926206022,0.5938419474242105,4.052971420175801,-1.168932870690222,-0.2098210720918212,0.8583868850100913,1.453638483856321,-0.6679319996604036,0.3381580283910708,-2.388651744867325
33.0,296.0,999.9854736328124,-0.5829093102984935,0.5938401568646867,4.052971847942793,-1.1689321136429394,-0.2098221931961754,0.8583863450100884,1.4536405622367097,-0.6679298442439077,0.3381580547510046,-2.3886512453787203
33.0,296.0,999.9854736328124,-0.5829102107186133,0.5938450663850912,4.052964011930246,-1.1689338308235508,-0.2098190051254942,0.8583842931100971,1.4536381434228964,-0.6679286246445066,0.3381533882382284,-2.388653436662032
33.0,296.0,999.9854125976562,-0.5829092924358914,0.593841125737729,4.0529671244572505,-1.1689300210327196,-0.2098199465649806,0.8583923780187774,1.4536351596033086,-0.6679319210208412,0.3381551813859733,-2.3886527196902003
33.0,296.0,999.9854125976562,-0.5829096201509207,0.5938454267090378,4.05296790881671,-1.168928026857381,-0.2098199477678166,0.8583878847484936,1.4536299579781904,-0.6679311170747155,0.3381597506681357,-2.388650344920144
33.0,296.0,999.9854125976562,-0.5829115196642194,0.5938448183503571,4.05296804846466,-1.1689363929749534,-0.2098177083492975,0.8583836386790686,1.453637655776726,-0.6679287530701323,0.3381553541021622,-2.3886563076135663
33.0,296.0,999.9854125976562,-0.582908210720384,0.5938390242467362,4.052972765647283,-1.168931862945758,-0.2098214532051461,0.8583910098607266,1.4536384786628522,-0.667932401101357,0.3381581515151532,-2.388651526432724
33.0,296.0,999.9854736328124,-0.5829071982660743,0.5938449731229305,4.052969306157664,-1.168923804645459,-0.2098230645946781,0.85838952677181,1.4536342832907012,-0.6679330212206605,0.3381650500633002,-2.388643845778672
33.0,296.0,999.9854736328124,-0.5829095726843958,0.5938407385559428,4.052971954665734,-1.1689341525171448,-0.209820247370847,0.8583868209768948,1.4536418738817725,-0.6679298274476588,0.3381583928375686,-2.388650999240728
33.0,296.0,999.9854125976562,-0.5829100751635394,0.5938476280285112,4.0529673532464745,-1.1689307375966438,-0.2098200484741292,0.8583837688255445,1.453634020763812,-0.667930186750664,0.3381546992962994,-2.3886517699105085
33.0,296.0,999.9854125976562,-0.5829100681240824,0.5938456765182334,4.052969274383969,-1.1689332759884987,-0.2098209617938327,0.8583825058052259,1.4536375603755474,-0.6679303053496808,0.338157951095801,-2.3886492853262418
33.0,296.0,999.9854736328124,-0.5829137736605352,0.5938444058658412,4.052969872509909,-1.1689348985154933,-0.2098161165663512,0.858386272324454,1.4536341886582802,-0.6679319963189352,0.3381573117470147,-2.3886544254390083
33.0,296.0,999.9854125976562,-0.5829098110707651,0.5938424344959188,4.052967700342922,-1.1689340197207023,-0.2098209492703437,0.8583875615235144,1.4536415851907076,-0.6679289928054075,0.3381543218562779,-2.3886531144276835
33.0,296.0,999.9854125976562,-0.5829095912944267,0.5938460000806911,4.052968302634829,-1.1689292857165583,-0.2098203361913579,0.8583858282352903,1.453633626359112,-0.6679317933515616,0.3381569036183371,-2.388649908606848
33.0,296.0,999.9854125976562,-0.5829083286359023,0.5938429914468362,4.052969750829666,-1.1689276088161824,-0.209821789504347,0.8583877389542769,1.453635512111461,-0.6679292388258498,0.338161579608176,-2.3886467668245155
33.0,296.0,999.9854736328124,-0.582908315466339,0.5938364726323808,4.052966911526594,-1.1689218542862916,-0.2098219623189905,0.8583980305806707,1.4536316359405728,-0.6679333976108337,0.3381608434691507,-2.388647879782237
33.0,296.0,999.9854125976562,-0.5829087331506964,0.5938436902926645,4.052969387091823,-1.1689274507897056,-0.2098199292101972,0.8583898443253428,1.4536331330359609,-0.6679329909130951,0.3381574499636564,-2.388652233254627
33.0,296.0,999.9854125976562,-0.582907726887834,0.5938431441529355,4.052967908674907,-1.168925345477649,-0.2098221326248337,0.8583891147660596,1.4536340246089008,-0.667931358047336,0.3381620073938247,-2.3886463715820616
33.0,296.0,999.9854125976562,-0.5829076798980068,0.5938404117607945,4.05297051304596,-1.1689275600606424,-0.209821713372114,0.8583913031801487,1.453635672254431,-0.6679319112536026,0.3381615227801768,-2.3886457164473
33.0,296.0,999.9854125976562,-0.5829093460172396,0.5938416178402219,4.052967900981471,-1.16892803086867,-0.2098216172350495,0.8583898148066798,1.4536348322165606,-0.6679315195619742,0.3381570621749787,-2.388653151886704
33.0,296.0,999.9854125976562,-0.5829111423812021,0.5938417281242927,4.052967273692527,-1.168937990894396,-0.2098188783213892,0.8583862980719843,1.4536387175801018,-0.6679299581983047,0.3381527562499551,-2.3886556633371887
33.0,296.0,999.9854125976562,-0.5829098067737242,0.5938418869161852,4.052969926076772,-1.168932962879614,-0.2098200096625611,0.8583881816774657,1.4536382420763443,-0.6679309183147435,0.3381584980015013,-2.3886515618888686
33.0,296.0,999.9854125976562,-0.5829103778848639,0.5938422112375878,4.052969555587008,-1.1689317202119307,-0.2098178053476322,0.8583889493228556,1.4536322108663455,-0.6679313620737739,0.33815856587628,-2.388654943244448
33.0,296.0,999.9854125976562,-0.5829118325315878,0.59384640490447,4.052967050494216,-1.1689325379039062,-0.2098197125543865,0.858382201093356,1.4536331260337922,-0.6679299508821508,0.3381551993224949,-2.3886558237539064
33.0,296.0,999.9854125976562,-0.582910623671121,0.5938468418117644,4.052966727923948,-1.1689308335329516,-0.2098195639844329,0.8583868100677208,1.4536382508312071,-0.6679286617520228,0.3381589475138593,-2.3886497070908383
33.0,296.0,999.9854736328124,-0.5829131705692623,0.5938446931100403,4.052967470625422,-1.168936521862003,-0.2098168929607489,0.8583832583827427,1.453636761022448,-0.6679289803960016,0.3381547199746206,-2.388654511016397
33.0,296.0,999.9854125976562,-0.5829118836340133,0.5938498672774228,4.052970448674158,-1.168936906297866,-0.2098198975170184,0.8583785078401176,1.45364085488022,-0.6679286995677023,0.3381564304744353,-2.388653206682445
33.0,296.0,999.9854125976562,-0.5829087949499652,0.593845034287007,4.052970508118444,-1.168928547894443,-0.2098224476814145,0.8583875328920989,1.4536368905675996,-0.6679312072480235,0.3381572322704009,-2.38865210320905
33.0,296.0,999.9854125976562,-0.5829084092747854,0.5938428240466642,4.0529676298032165,-1.1689301752317238,-0.2098215715815623,0.8583872038411187,1.4536343144652184,-0.667930122129043,0.3381575164245607,-2.388652078505048
33.0,296.0,999.9854125976562,-0.5829095859804241,0.5938406331269919,4.052968176709722,-1.168931503145088,-0.2098209076946222,0.8583892540233515,1.4536378364109872,-0.6679300194485567,0.3381580775888668,-2.388651822241826
33.0,296.0,999.9854125976562,-0.5829091460442974,0.5938427161815163,4.052967983914659,-1.168932720350056,-0.2098206485035323,0.8583868792050344,1.4536381128011753,-0.6679303655655904,0.3381568038581397,-2.3886493022307667
33.0,296.0,999.9854125976562,-0.5829102950702261,0.5938428858825704,4.052967843380422,-1.1689345573594268,-0.2098205921430471,0.8583856818133491,1.453640637527366,-0.6679287680216106,0.338155448232774,-2.3886515656416583
33.0,296.0,999.9854736328124,-0.5829132984414827,0.5938489709740846,4.052970789807306,-1.1689431320605124,-0.2098171771984027,0.8583788437065039,1.4536445838197327,-0.6679304958069672,0.3381497692766686,-2.3886588798555053
33.0,296.0,999.9854125976562,-0.5829060123603016,0.593836560380093,4.052975365620428,-1.1689241200480105,-0.2098240630418342,0.8583930784502982,1.4536335827633824,-0.667932516673071,0.3381671997029043,-2.3886453038692568
33.0,296.0,999.9854125976562,-0.5829130777597538,0.5938459034936212,4.05296736459896,-1.1689350907835565,-0.2098175064283491,0.8583867499397568,1.4536367382243451,-0.6679312578242138,0.3381519127861487,-2.388658390783621
33.0,296.0,999.9854125976562,-0.5829096502875846,0.5938480877049717,4.052969470781729,-1.1689296632689905,-0.2098215599325366,0.858383474204917,1.453637234407954,-0.6679297083303197,0.3381598485675932,-2.388647974585024
33.0,296.0,999.9854736328124,-0.5829101283680114,0.5938423363521537,4.052960540582697,-1.1689345906917756,-0.2098177857015342,0.858389327678375,1.4536407086056204,-0.6679272886357959,0.3381500429679462,-2.388652960588268
33.0,296.0,999.9854125976562,-0.5829095379166924,0.5938397726318092,4.052970797904784,-1.1689298783720163,-0.2098216385974236,0.8583895757878643,1.4536353100896786,-0.6679303409240527,0.3381610256267029,-2.3886518878919483
33.0,296.0,999.9854125976562,-0.5829102996672404,0.5938429846851196,4.052965962505466,-1.168929693179205,-0.2098191325018907,0.8583894703774142,1.4536324541820091,-0.6679318446519016,0.3381524100688811,-2.388655679076128
33.0,296.0,999.9854125976562,-0.582909041073064,0.5938445933394902,4.052968789229926,-1.1689255048636489,-0.2098215543503538,0.8583868715352221,1.4536343138395118,-0.6679296269553987,0.3381631023521461,-2.3886459364569825
33.0,296.0,999.9854125976562,-0.5829079981854441,0.5938425890157886,4.052973456056153,-1.1689276399711497,-0.2098214250319978,0.858391003394015,1.4536369956328965,-0.6679333548877482,0.3381645668113116,-2.388645873925591
33.0,296.0,999.9854125976562,-0.5829084140763445,0.5938444865442216,4.05297108878584,-1.1689329074348676,-0.2098213018969499,0.8583852301539547,1.4536410024667887,-0.6679290052054352,0.3381607125347718,-2.388648647023889
33.0,296.0,999.9854125976562,-0.5829074859759968,0.5938408413543153,4.052968638928359,-1.168925908185832,-0.2098230076696214,0.8583912672834142,1.453634993209235,-0.6679324347880335,0.3381608337132249,-2.38864655182546
33.0,296.0,999.9854125976562,-0.5829115473700694,0.5938460139440576,4.052964850885889,-1.1689304439558108,-0.2098181028479713,0.8583879471064835,1.4536323913428353,-0.6679312727921927,0.3381554674145794,-2.388653491124757
33.0,296.0,999.9854125976562,-0.5829092241329645,0.5938400562597561,4.052970043100826,-1.1689299670784257,-0.2098208585628489,0.8583913745644365,1.4536382003045911,-0.6679327064800109,0.3381604247301695,-2.3886479785911208
33.0,297.0,999.9854125976562,-0.5829080301043197,0.5938441512901438,4.052970804960252,-1.1689270072208364,-0.2098229107810407,0.8583898767830913,1.4536378131821293,-0.667931716988269,0.3381640396235665,-2.388644091190637
33.0,297.0,999.9854125976562,-0.582910921723645,0.5938468438107751,4.052966354518876,-1.1689291290153667,-0.2098202126618344,0.8583835048482102,1.453632280737395,-0.6679292895314459,0.3381567170107979,-2.38865287793681
33.0,297.0,999.9854736328124,-0.5829062029904666,0.593836395699153,4.05297521198278,-1.1689233558286762,-0.2098249695370118,0.858397728953082,1.4536373324926135,-0.6679363998723336,0.3381654810396544,-2.388640778647529
33.0,297.0,999.9854736328124,-0.5829091291420498,0.5938388910109431,4.052967150645566,-1.1689261358208451,-0.2098195689170978,0.8583933887557249,1.4536333021051293,-0.6679328121856791,0.3381615336939569,-2.3886469840640108
33.0,297.0,999.9854125976562,-0.5829077021455049,0.5938421964434575,4.052971850597512,-1.1689311000567084,-0.2098226586127021,0.8583871230336735,1.45364161511141,-0.6679292513426649,0.3381610531502401,-2.388646284542853
33.0,297.0,999.9854125976562,-0.582909926206022,0.5938419474242105,4.052971420175801,-1.168932870690222,-0.2098210720918212,0.8583868850100913,1.453638483856321,-0.6679319996604036,0.3381580283910708,-2.388651744867325
33.0,297.0,999.9854736328124,-0.5829093102984935,0.5938401568646867,4.052971847942793,-1.1689321136429394,-0.2098221931961754,0.8583863450100884,1.4536405622367097,-0.6679298442439077,0.3381580547510046,-2.3886512453787203
33.0,297.0,999.9854736328124,-0.5829102107186133,0.5938450663850912,4.052964011930246,-1.1689338308235508,-0.2098190051254942,0.8583842931100971,1.4536381434228964,-0.6679286246445066,0.3381533882382284,-2.388653436662032
33.0,297.0,999.9854125976562,-0.5829092924358914,0.593841125737729,4.0529671244572505,-1.1689300210327196,-0.2098199465649806,0.8583923780187774,1.4536351596033086,-0.6679319210208412,0.3381551813859733,-2.3886527196902003
33.0,297.0,999.9854125976562,-0.5829096201509207,0.5938454267090378,4.05296790881671,-1.168928026857381,-0.2098199477678166,0.8583878847484936,1.4536299579781904,-0.6679311170747155,0.3381597506681357,-2.388650344920144
33.0,297.0,999.9854125976562,-0.5829115196642194,0.5938448183503571,4.05296804846466,-1.1689363929749534,-0.2098177083492975,0.8583836386790686,1.453637655776726,-0.6679287530701323,0.3381553541021622,-2.3886563076135663
33.0,297.0,999.9854125976562,-0.582908210720384,0.5938390242467362,4.052972765647283,-1.168931862945758,-0.2098214532051461,0.8583910098607266,1.4536384786628522,-0.667932401101357,0.3381581515151532,-2.388651526432724
33.0,297.0,999.9854736328124,-0.5829071982660743,0.5938449731229305,4.052969306157664,-1.168923804645459,-0.2098230645946781,0.85838952677181,1.4536342832907012,-0.6679330212206605,0.3381650500633002,-2.388643845778672
33.0,297.0,999.9854736328124,-0.5829095726843958,0.5938407385559428,4.052971954665734,-1.1689341525171448,-0.209820247370847,0.8583868209768948,1.4536418738817725,-0.6679298274476588,0.3381583928375686,-2.388650999240728
33.0,297.0,999.9854125976562,-0.5829100751635394,0.5938476280285112,4.0529673532464745,-1.1689307375966438,-0.2098200484741292,0.8583837688255445,1.453634020763812,-0.667930186750664,0.3381546992962994,-2.3886517699105085
33.0,297.0,999.9854125976562,-0.5829100681240824,0.5938456765182334,4.052969274383969,-1.1689332759884987,-0.2098209617938327,0.8583825058052259,1.4536375603755474,-0.6679303053496808,0.338157951095801,-2.3886492853262418
33.0,297.0,999.9854736328124,-0.5829137736605352,0.5938444058658412,4.052969872509909,-1.1689348985154933,-0.2098161165663512,0.858386272324454,1.4536341886582802,-0.6679319963189352,0.3381573117470147,-2.3886544254390083
33.0,297.0,999.9854125976562,-0.5829098110707651,0.5938424344959188,4.052967700342922,-1.1689340197207023,-0.2098209492703437,0.8583875615235144,1.4536415851907076,-0.6679289928054075,0.3381543218562779,-2.3886531144276835
33.0,297.0,999.9854125976562,-0.5829095912944267,0.5938460000806911,4.052968302634829,-1.1689292857165583,-0.2098203361913579,0.8583858282352903,1.453633626359112,-0.6679317933515616,0.3381569036183371,-2.388649908606848
33.0,297.0,999.9854125976562,-0.5829083286359023,0.5938429914468362,4.052969750829666,-1.1689276088161824,-0.209821789504347,0.8583877389542769,1.453635512111461,-0.6679292388258498,0.338161579608176,-2.3886467668245155
33.0,297.0,999.9854736328124,-0.582908315466339,0.5938364726323808,4.052966911526594,-1.1689218542862916,-0.2098219623189905,0.8583980305806707,1.4536316359405728,-0.6679333976108337,0.3381608434691507,-2.388647879782237
33.0,297.0,999.9854125976562,-0.5829087331506964,0.5938436902926645,4.052969387091823,-1.1689274507897056,-0.2098199292101972,0.8583898443253428,1.4536331330359609,-0.6679329909130951,0.3381574499636564,-2.388652233254627
33.0,297.0,999.9854125976562,-0.582907726887834,0.5938431441529355,4.052967908674907,-1.168925345477649,-0.2098221326248337,0.8583891147660596,1.4536340246089008,-0.667931358047336,0.3381620073938247,-2.3886463715820616
33.0,297.0,999.9854125976562,-0.5829076798980068,0.5938404117607945,4.05297051304596,-1.1689275600606424,-0.209821713372114,0.8583913031801487,1.453635672254431,-0.6679319112536026,0.3381615227801768,-2.3886457164473
33.0,297.0,999.9854125976562,-0.5829093460172396,0.5938416178402219,4.052967900981471,-1.16892803086867,-0.2098216172350495,0.8583898148066798,1.4536348322165606,-0.6679315195619742,0.3381570621749787,-2.388653151886704
33.0,297.0,999.9854125976562,-0.5829111423812021,0.5938417281242927,4.052967273692527,-1.168937990894396,-0.2098188783213892,0.8583862980719843,1.4536387175801018,-0.6679299581983047,0.3381527562499551,-2.3886556633371887
33.0,297.0,999.9854125976562,-0.5829098067737242,0.5938418869161852,4.052969926076772,-1.168932962879614,-0.2098200096625611,0.8583881816774657,1.4536382420763443,-0.6679309183147435,0.3381584980015013,-2.3886515618888686
33.0,297.0,999.9854125976562,-0.5829103778848639,0.5938422112375878,4.052969555587008,-1.1689317202119307,-0.2098178053476322,0.8583889493228556,1.4536322108663455,-0.6679313620737739,0.33815856587628,-2.388654943244448
33.0,297.0,999.9854125976562,-0.5829118325315878,0.59384640490447,4.052967050494216,-1.1689325379039062,-0.2098197125543865,0.858382201093356,1.4536331260337922,-0.6679299508821508,0.3381551993224949,-2.3886558237539064
33.0,297.0,999.9854125976562,-0.582910623671121,0.5938468418117644,4.052966727923948,-1.1689308335329516,-0.2098195639844329,0.8583868100677208,1.4536382508312071,-0.6679286617520228,0.3381589475138593,-2.3886497070908383
33.0,297.0,999.9854736328124,-0.5829131705692623,0.5938446931100403,4.052967470625422,-1.168936521862003,-0.2098168929607489,0.8583832583827427,1.453636761022448,-0.6679289803960016,0.3381547199746206,-2.388654511016397
33.0,297.0,999.9854125976562,-0.5829118836340133,0.5938498672774228,4.052970448674158,-1.168936906297866,-0.2098198975170184,0.8583785078401176,1.45364085488022,-0.6679286995677023,0.3381564304744353,-2.388653206682445
33.0,297.0,999.9854125976562,-0.5829087949499652,0.593845034287007,4.052970508118444,-1.168928547894443,-0.2098224476814145,0.8583875328920989,1.4536368905675996,-0.6679312072480235,0.3381572322704009,-2.38865210320905
33.0,297.0,999.9854125976562,-0.5829084092747854,0.5938428240466642,4.0529676298032165,-1.1689301752317238,-0.2098215715815623,0.8583872038411187,1.4536343144652184,-0.667930122129043,0.3381575164245607,-2.388652078505048
33.0,297.0,999.9854125976562,-0.5829095859804241,0.5938406331269919,4.052968176709722,-1.168931503145088,-0.2098209076946222,0.8583892540233515,1.4536378364109872,-0.6679300194485567,0.3381580775888668,-2.388651822241826
33.0,297.0,999.9854125976562,-0.5829091460442974,0.5938427161815163,4.052967983914659,-1.168932720350056,-0.2098206485035323,0.8583868792050344,1.4536381128011753,-0.6679303655655904,0.3381568038581397,-2.3886493022307667
33.0,297.0,999.9854125976562,-0.5829102950702261,0.5938428858825704,4.052967843380422,-1.1689345573594268,-0.2098205921430471,0.8583856818133491,1.453640637527366,-0.6679287680216106,0.338155448232774,-2.3886515656416583
33.0,297.0,999.9854736328124,-0.5829132984414827,0.5938489709740846,4.052970789807306,-1.1689431320605124,-0.2098171771984027,0.8583788437065039,1.4536445838197327,-0.6679304958069672,0.3381497692766686,-2.3886588798555053
33.0,297.0,999.9854125976562,-0.5829060123603016,0.593836560380093,4.052975365620428,-1.1689241200480105,-0.2098240630418342,0.8583930784502982,1.4536335827633824,-0.667932516673071,0.3381671997029043,-2.3886453038692568
33.0,297.0,999.9854125976562,-0.5829130777597538,0.5938459034936212,4.05296736459896,-1.1689350907835565,-0.2098175064283491,0.8583867499397568,1.4536367382243451,-0.6679312578242138,0.3381519127861487,-2.388658390783621
33.0,297.0,999.9854125976562,-0.5829096502875846,0.5938480877049717,4.052969470781729,-1.1689296632689905,-0.2098215599325366,0.858383474204917,1.453637234407954,-0.6679297083303197,0.3381598485675932,-2.388647974585024
33.0,297.0,999.9854736328124,-0.5829101283680114,0.5938423363521537,4.052960540582697,-1.1689345906917756,-0.2098177857015342,0.858389327678375,1.4536407086056204,-0.6679272886357959,0.3381500429679462,-2.388652960588268
33.0,297.0,999.9854125976562,-0.5829095379166924,0.5938397726318092,4.052970797904784,-1.1689298783720163,-0.2098216385974236,0.8583895757878643,1.4536353100896786,-0.6679303409240527,0.3381610256267029,-2.3886518878919483
33.0,297.0,999.9854125976562,-0.5829102996672404,0.5938429846851196,4.052965962505466,-1.168929693179205,-0.2098191325018907,0.8583894703774142,1.4536324541820091,-0.6679318446519016,0.3381524100688811,-2.388655679076128
33.0,297.0,999.9854125976562,-0.582909041073064,0.5938445933394902,4.052968789229926,-1.1689255048636489,-0.2098215543503538,0.8583868715352221,1.4536343138395118,-0.6679296269553987,0.3381631023521461,-2.3886459364569825
33.0,297.0,999.9854125976562,-0.5829079981854441,0.5938425890157886,4.052973456056153,-1.1689276399711497,-0.2098214250319978,0.858391003394015,1.4536369956328965,-0.6679333548877482,0.3381645668113116,-2.388645873925591
33.0,297.0,999.9854125976562,-0.5829084140763445,0.5938444865442216,4.05297108878584,-1.1689329074348676,-0.2098213018969499,0.8583852301539547,1.4536410024667887,-0.6679290052054352,0.3381607125347718,-2.388648647023889
33.0,297.0,999.9854125976562,-0.5829074859759968,0.5938408413543153,4.052968638928359,-1.168925908185832,-0.2098230076696214,0.8583912672834142,1.453634993209235,-0.6679324347880335,0.3381608337132249,-2.38864655182546
33.0,297.0,999.9854125976562,-0.5829115473700694,0.5938460139440576,4.052964850885889,-1.1689304439558108,-0.2098181028479713,0.8583879471064835,1.4536323913428353,-0.6679312727921927,0.3381554674145794,-2.388653491124757
33.0,297.0,999.9854125976562,-0.5829092241329645,0.5938400562597561,4.052970043100826,-1.1689299670784257,-0.2098208585628489,0.8583913745644365,1.4536382003045911,-0.6679327064800109,0.3381604247301695,-2.3886479785911208
33.0,298.0,999.9854125976562,-0.5829080301043197,0.5938441512901438,4.052970804960252,-1.1689270072208364,-0.2098229107810407,0.8583898767830913,1.4536378131821293,-0.667931716988269,0.3381640396235665,-2.388644091190637
33.0,298.0,999.9854125976562,-0.582910921723645,0.5938468438107751,4.052966354518876,-1.1689291290153667,-0.2098202126618344,0.8583835048482102,1.453632280737395,-0.6679292895314459,0.3381567170107979,-2.38865287793681
33.0,298.0,999.9854736328124,-0.5829062029904666,0.593836395699153,4.05297521198278,-1.1689233558286762,-0.2098249695370118,0.858397728953082,1.4536373324926135,-0.6679363998723336,0.3381654810396544,-2.388640778647529
33.0,298.0,999.9854736328124,-0.5829091291420498,0.5938388910109431,4.052967150645566,-1.1689261358208451,-0.2098195689170978,0.8583933887557249,1.4536333021051293,-0.6679328121856791,0.3381615336939569,-2.3886469840640108
33.0,298.0,999.9854125976562,-0.5829077021455049,0.5938421964434575,4.052971850597512,-1.1689311000567084,-0.2098226586127021,0.8583871230336735,1.45364161511141,-0.6679292513426649,0.3381610531502401,-2.388646284542853
33.0,298.0,999.9854125976562,-0.582909926206022,0.5938419474242105,4.052971420175801,-1.168932870690222,-0.2098210720918212,0.8583868850100913,1.453638483856321,-0.6679319996604036,0.3381580283910708,-2.388651744867325
33.0,298.0,999.9854736328124,-0.5829093102984935,0.5938401568646867,4.052971847942793,-1.1689321136429394,-0.2098221931961754,0.8583863450100884,1.4536405622367097,-0.6679298442439077,0.3381580547510046,-2.3886512453787203
33.0,298.0,999.9854736328124,-0.5829102107186133,0.5938450663850912,4.052964011930246,-1.1689338308235508,-0.2098190051254942,0.8583842931100971,1.4536381434228964,-0.6679286246445066,0.3381533882382284,-2.388653436662032
33.0,298.0,999.9854125976562,-0.5829092924358914,0.593841125737729,4.0529671244572505,-1.1689300210327196,-0.2098199465649806,0.8583923780187774,1.4536351596033086,-0.6679319210208412,0.3381551813859733,-2.3886527196902003
33.0,298.0,999.9854125976562,-0.5829096201509207,0.5938454267090378,4.05296790881671,-1.168928026857381,-0.2098199477678166,0.8583878847484936,1.4536299579781904,-0.6679311170747155,0.3381597506681357,-2.388650344920144
33.0,298.0,999.9854125976562,-0.5829115196642194,0.5938448183503571,4.05296804846466,-1.1689363929749534,-0.2098177083492975,0.8583836386790686,1.453637655776726,-0.6679287530701323,0.3381553541021622,-2.3886563076135663
33.0,298.0,999.9854125976562,-0.582908210720384,0.5938390242467362,4.052972765647283,-1.168931862945758,-0.2098214532051461,0.8583910098607266,1.4536384786628522,-0.667932401101357,0.3381581515151532,-2.388651526432724
33.0,298.0,999.9854736328124,-0.5829071982660743,0.5938449731229305,4.052969306157664,-1.168923804645459,-0.2098230645946781,0.85838952677181,1.4536342832907012,-0.6679330212206605,0.3381650500633002,-2.388643845778672
33.0,298.0,999.9854736328124,-0.5829095726843958,0.5938407385559428,4.052971954665734,-1.1689341525171448,-0.209820247370847,0.8583868209768948,1.4536418738817725,-0.6679298274476588,0.3381583928375686,-2.388650999240728
33.0,298.0,999.9854125976562,-0.5829100751635394,0.5938476280285112,4.0529673532464745,-1.1689307375966438,-0.2098200484741292,0.8583837688255445,1.453634020763812,-0.667930186750664,0.3381546992962994,-2.3886517699105085
33.0,298.0,999.9854125976562,-0.5829100681240824,0.5938456765182334,4.052969274383969,-1.1689332759884987,-0.2098209617938327,0.8583825058052259,1.4536375603755474,-0.6679303053496808,0.338157951095801,-2.3886492853262418
33.0,298.0,999.9854736328124,-0.5829137736605352,0.5938444058658412,4.052969872509909,-1.1689348985154933,-0.2098161165663512,0.858386272324454,1.4536341886582802,-0.6679319963189352,0.3381573117470147,-2.3886544254390083
33.0,298.0,999.9854125976562,-0.5829098110707651,0.5938424344959188,4.052967700342922,-1.1689340197207023,-0.2098209492703437,0.8583875615235144,1.4536415851907076,-0.6679289928054075,0.3381543218562779,-2.3886531144276835
33.0,298.0,999.9854125976562,-0.5829095912944267,0.5938460000806911,4.052968302634829,-1.1689292857165583,-0.2098203361913579,0.8583858282352903,1.453633626359112,-0.6679317933515616,0.3381569036183371,-2.388649908606848
33.0,298.0,999.9854125976562,-0.5829083286359023,0.5938429914468362,4.052969750829666,-1.1689276088161824,-0.209821789504347,0.8583877389542769,1.453635512111461,-0.6679292388258498,0.338161579608176,-2.3886467668245155
33.0,298.0,999.9854736328124,-0.582908315466339,0.5938364726323808,4.052966911526594,-1.1689218542862916,-0.2098219623189905,0.8583980305806707,1.4536316359405728,-0.6679333976108337,0.3381608434691507,-2.388647879782237
33.0,298.0,999.9854125976562,-0.5829087331506964,0.5938436902926645,4.052969387091823,-1.1689274507897056,-0.2098199292101972,0.8583898443253428,1.4536331330359609,-0.6679329909130951,0.3381574499636564,-2.388652233254627
33.0,298.0,999.9854125976562,-0.582907726887834,0.5938431441529355,4.052967908674907,-1.168925345477649,-0.2098221326248337,0.8583891147660596,1.4536340246089008,-0.667931358047336,0.3381620073938247,-2.3886463715820616
33.0,298.0,999.9854125976562,-0.5829076798980068,0.5938404117607945,4.05297051304596,-1.1689275600606424,-0.209821713372114,0.8583913031801487,1.453635672254431,-0.6679319112536026,0.3381615227801768,-2.3886457164473
33.0,298.0,999.9854125976562,-0.5829093460172396,0.5938416178402219,4.052967900981471,-1.16892803086867,-0.2098216172350495,0.8583898148066798,1.4536348322165606,-0.6679315195619742,0.3381570621749787,-2.388653151886704
33.0,298.0,999.9854125976562,-0.5829111423812021,0.5938417281242927,4.052967273692527,-1.168937990894396,-0.2098188783213892,0.8583862980719843,1.4536387175801018,-0.6679299581983047,0.3381527562499551,-2.3886556633371887
33.0,298.0,999.9854125976562,-0.5829098067737242,0.5938418869161852,4.052969926076772,-1.168932962879614,-0.2098200096625611,0.8583881816774657,1.4536382420763443,-0.6679309183147435,0.3381584980015013,-2.3886515618888686
33.0,298.0,999.9854125976562,-0.5829103778848639,0.5938422112375878,4.052969555587008,-1.1689317202119307,-0.2098178053476322,0.8583889493228556,1.4536322108663455,-0.6679313620737739,0.33815856587628,-2.388654943244448
33.0,298.0,999.9854125976562,-0.5829118325315878,0.59384640490447,4.052967050494216,-1.1689325379039062,-0.2098197125543865,0.858382201093356,1.4536331260337922,-0.6679299508821508,0.3381551993224949,-2.3886558237539064
33.0,298.0,999.9854125976562,-0.582910623671121,0.5938468418117644,4.052966727923948,-1.1689308335329516,-0.2098195639844329,0.8583868100677208,1.4536382508312071,-0.6679286617520228,0.3381589475138593,-2.3886497070908383
33.0,298.0,999.9854736328124,-0.5829131705692623,0.5938446931100403,4.052967470625422,-1.168936521862003,-0.2098168929607489,0.8583832583827427,1.453636761022448,-0.6679289803960016,0.3381547199746206,-2.388654511016397
33.0,298.0,999.9854125976562,-0.5829118836340133,0.5938498672774228,4.052970448674158,-1.168936906297866,-0.2098198975170184,0.8583785078401176,1.45364085488022,-0.6679286995677023,0.3381564304744353,-2.388653206682445
33.0,298.0,999.9854125976562,-0.5829087949499652,0.593845034287007,4.052970508118444,-1.168928547894443,-0.2098224476814145,0.8583875328920989,1.4536368905675996,-0.6679312072480235,0.3381572322704009,-2.38865210320905
33.0,298.0,999.9854125976562,-0.5829084092747854,0.5938428240466642,4.0529676298032165,-1.1689301752317238,-0.2098215715815623,0.8583872038411187,1.4536343144652184,-0.667930122129043,0.3381575164245607,-2.388652078505048
33.0,298.0,999.9854125976562,-0.5829095859804241,0.5938406331269919,4.052968176709722,-1.168931503145088,-0.2098209076946222,0.8583892540233515,1.4536378364109872,-0.6679300194485567,0.3381580775888668,-2.388651822241826
33.0,298.0,999.9854125976562,-0.5829091460442974,0.5938427161815163,4.052967983914659,-1.168932720350056,-0.2098206485035323,0.8583868792050344,1.4536381128011753,-0.6679303655655904,0.3381568038581397,-2.3886493022307667
33.0,298.0,999.9854125976562,-0.5829102950702261,0.5938428858825704,4.052967843380422,-1.1689345573594268,-0.2098205921430471,0.8583856818133491,1.453640637527366,-0.6679287680216106,0.338155448232774,-2.3886515656416583
33.0,298.0,999.9854736328124,-0.5829132984414827,0.5938489709740846,4.052970789807306,-1.1689431320605124,-0.2098171771984027,0.8583788437065039,1.4536445838197327,-0.6679304958069672,0.3381497692766686,-2.3886588798555053
33.0,298.0,999.9854125976562,-0.5829060123603016,0.593836560380093,4.052975365620428,-1.1689241200480105,-0.2098240630418342,0.8583930784502982,1.4536335827633824,-0.667932516673071,0.3381671997029043,-2.3886453038692568
33.0,298.0,999.9854125976562,-0.5829130777597538,0.5938459034936212,4.05296736459896,-1.1689350907835565,-0.2098175064283491,0.8583867499397568,1.4536367382243451,-0.6679312578242138,0.3381519127861487,-2.388658390783621
33.0,298.0,999.9854125976562,-0.5829096502875846,0.5938480877049717,4.052969470781729,-1.1689296632689905,-0.2098215599325366,0.858383474204917,1.453637234407954,-0.6679297083303197,0.3381598485675932,-2.388647974585024
33.0,298.0,999.9854736328124,-0.5829101283680114,0.5938423363521537,4.052960540582697,-1.1689345906917756,-0.2098177857015342,0.858389327678375,1.4536407086056204,-0.6679272886357959,0.3381500429679462,-2.388652960588268
33.0,298.0,999.9854125976562,-0.5829095379166924,0.5938397726318092,4.052970797904784,-1.1689298783720163,-0.2098216385974236,0.8583895757878643,1.4536353100896786,-0.6679303409240527,0.3381610256267029,-2.3886518878919483
33.0,298.0,999.9854125976562,-0.5829102996672404,0.5938429846851196,4.052965962505466,-1.168929693179205,-0.2098191325018907,0.8583894703774142,1.4536324541820091,-0.6679318446519016,0.3381524100688811,-2.388655679076128
33.0,298.0,999.9854125976562,-0.582909041073064,0.5938445933394902,4.052968789229926,-1.1689255048636489,-0.2098215543503538,0.8583868715352221,1.4536343138395118,-0.6679296269553987,0.3381631023521461,-2.3886459364569825
33.0,298.0,999.9854125976562,-0.5829079981854441,0.5938425890157886,4.052973456056153,-1.1689276399711497,-0.2098214250319978,0.858391003394015,1.4536369956328965,-0.6679333548877482,0.3381645668113116,-2.388645873925591
33.0,298.0,999.9854125976562,-0.5829084140763445,0.5938444865442216,4.05297108878584,-1.1689329074348676,-0.2098213018969499,0.8583852301539547,1.4536410024667887,-0.6679290052054352,0.3381607125347718,-2.388648647023889
33.0,298.0,999.9854125976562,-0.5829074859759968,0.5938408413543153,4.052968638928359,-1.168925908185832,-0.2098230076696214,0.8583912672834142,1.453634993209235,-0.6679324347880335,0.3381608337132249,-2.38864655182546
33.0,298.0,999.9854125976562,-0.5829115473700694,0.5938460139440576,4.052964850885889,-1.1689304439558108,-0.2098181028479713,0.8583879471064835,1.4536323913428353,-0.6679312727921927,0.3381554674145794,-2.388653491124757
33.0,298.0,999.9854125976562,-0.5829092241329645,0.5938400562597561,4.052970043100826,-1.1689299670784257,-0.2098208585628489,0.8583913745644365,1.4536382003045911,-0.6679327064800109,0.3381604247301695,-2.3886479785911208
33.0,299.0,999.9854125976562,-0.5829080301043197,0.5938441512901438,4.052970804960252,-1.1689270072208364,-0.2098229107810407,0.8583898767830913,1.4536378131821293,-0.667931716988269,0.3381640396235665,-2.388644091190637
33.0,299.0,999.9854125976562,-0.582910921723645,0.5938468438107751,4.052966354518876,-1.1689291290153667,-0.2098202126618344,0.8583835048482102,1.453632280737395,-0.6679292895314459,0.3381567170107979,-2.38865287793681
33.0,299.0,999.9854736328124,-0.5829062029904666,0.593836395699153,4.05297521198278,-1.1689233558286762,-0.2098249695370118,0.858397728953082,1.4536373324926135,-0.6679363998723336,0.3381654810396544,-2.388640778647529
33.0,299.0,999.9854736328124,-0.5829091291420498,0.5938388910109431,4.052967150645566,-1.1689261358208451,-0.2098195689170978,0.8583933887557249,1.4536333021051293,-0.6679328121856791,0.3381615336939569,-2.3886469840640108
33.0,299.0,999.9854125976562,-0.5829077021455049,0.5938421964434575,4.052971850597512,-1.1689311000567084,-0.2098226586127021,0.8583871230336735,1.45364161511141,-0.6679292513426649,0.3381610531502401,-2.388646284542853
33.0,299.0,999.9854125976562,-0.582909926206022,0.5938419474242105,4.052971420175801,-1.168932870690222,-0.2098210720918212,0.8583868850100913,1.453638483856321,-0.6679319996604036,0.3381580283910708,-2.388651744867325
33.0,299.0,999.9854736328124,-0.5829093102984935,0.5938401568646867,4.052971847942793,-1.1689321136429394,-0.2098221931961754,0.8583863450100884,1.4536405622367097,-0.6679298442439077,0.3381580547510046,-2.3886512453787203
33.0,299.0,999.9854736328124,-0.5829102107186133,0.5938450663850912,4.052964011930246,-1.1689338308235508,-0.2098190051254942,0.8583842931100971,1.4536381434228964,-0.6679286246445066,0.3381533882382284,-2.388653436662032
33.0,299.0,999.9854125976562,-0.5829092924358914,0.593841125737729,4.0529671244572505,-1.1689300210327196,-0.2098199465649806,0.8583923780187774,1.4536351596033086,-0.6679319210208412,0.3381551813859733,-2.3886527196902003
33.0,299.0,999.9854125976562,-0.5829096201509207,0.5938454267090378,4.05296790881671,-1.168928026857381,-0.2098199477678166,0.8583878847484936,1.4536299579781904,-0.6679311170747155,0.3381597506681357,-2.388650344920144
33.0,299.0,999.9854125976562,-0.5829115196642194,0.5938448183503571,4.05296804846466,-1.1689363929749534,-0.2098177083492975,0.8583836386790686,1.453637655776726,-0.6679287530701323,0.3381553541021622,-2.3886563076135663
33.0,299.0,999.9854125976562,-0.582908210720384,0.5938390242467362,4.052972765647283,-1.168931862945758,-0.2098214532051461,0.8583910098607266,1.4536384786628522,-0.667932401101357,0.3381581515151532,-2.388651526432724
33.0,299.0,999.9854736328124,-0.5829071982660743,0.5938449731229305,4.052969306157664,-1.168923804645459,-0.2098230645946781,0.85838952677181,1.4536342832907012,-0.6679330212206605,0.3381650500633002,-2.388643845778672
33.0,299.0,999.9854736328124,-0.5829095726843958,0.5938407385559428,4.052971954665734,-1.1689341525171448,-0.209820247370847,0.8583868209768948,1.4536418738817725,-0.6679298274476588,0.3381583928375686,-2.388650999240728
33.0,299.0,999.9854125976562,-0.5829100751635394,0.5938476280285112,4.0529673532464745,-1.1689307375966438,-0.2098200484741292,0.8583837688255445,1.453634020763812,-0.667930186750664,0.3381546992962994,-2.3886517699105085
33.0,299.0,999.9854125976562,-0.5829100681240824,0.5938456765182334,4.052969274383969,-1.1689332759884987,-0.2098209617938327,0.8583825058052259,1.4536375603755474,-0.6679303053496808,0.338157951095801,-2.3886492853262418
33.0,299.0,999.9854736328124,-0.5829137736605352,0.5938444058658412,4.052969872509909,-1.1689348985154933,-0.2098161165663512,0.858386272324454,1.4536341886582802,-0.6679319963189352,0.3381573117470147,-2.3886544254390083
33.0,299.0,999.9854125976562,-0.5829098110707651,0.5938424344959188,4.052967700342922,-1.1689340197207023,-0.2098209492703437,0.8583875615235144,1.4536415851907076,-0.6679289928054075,0.3381543218562779,-2.3886531144276835
33.0,299.0,999.9854125976562,-0.5829095912944267,0.5938460000806911,4.052968302634829,-1.1689292857165583,-0.2098203361913579,0.8583858282352903,1.453633626359112,-0.6679317933515616,0.3381569036183371,-2.388649908606848
33.0,299.0,999.9854125976562,-0.5829083286359023,0.5938429914468362,4.052969750829666,-1.1689276088161824,-0.209821789504347,0.8583877389542769,1.453635512111461,-0.6679292388258498,0.338161579608176,-2.3886467668245155
33.0,299.0,999.9854736328124,-0.582908315466339,0.5938364726323808,4.052966911526594,-1.1689218542862916,-0.2098219623189905,0.8583980305806707,1.4536316359405728,-0.6679333976108337,0.3381608434691507,-2.388647879782237
33.0,299.0,999.9854125976562,-0.5829087331506964,0.5938436902926645,4.052969387091823,-1.1689274507897056,-0.2098199292101972,0.8583898443253428,1.4536331330359609,-0.6679329909130951,0.3381574499636564,-2.388652233254627
33.0,299.0,999.9854125976562,-0.582907726887834,0.5938431441529355,4.052967908674907,-1.168925345477649,-0.2098221326248337,0.8583891147660596,1.4536340246089008,-0.667931358047336,0.3381620073938247,-2.3886463715820616
33.0,299.0,999.9854125976562,-0.5829076798980068,0.5938404117607945,4.05297051304596,-1.1689275600606424,-0.209821713372114,0.8583913031801487,1.453635672254431,-0.6679319112536026,0.3381615227801768,-2.3886457164473
33.0,299.0,999.9854125976562,-0.5829093460172396,0.5938416178402219,4.052967900981471,-1.16892803086867,-0.2098216172350495,0.8583898148066798,1.4536348322165606,-0.6679315195619742,0.3381570621749787,-2.388653151886704
33.0,299.0,999.9854125976562,-0.5829111423812021,0.5938417281242927,4.052967273692527,-1.168937990894396,-0.2098188783213892,0.8583862980719843,1.4536387175801018,-0.6679299581983047,0.3381527562499551,-2.3886556633371887
33.0,299.0,999.9854125976562,-0.5829098067737242,0.5938418869161852,4.052969926076772,-1.168932962879614,-0.2098200096625611,0.8583881816774657,1.4536382420763443,-0.6679309183147435,0.3381584980015013,-2.3886515618888686
33.0,299.0,999.9854125976562,-0.5829103778848639,0.5938422112375878,4.052969555587008,-1.1689317202119307,-0.2098178053476322,0.8583889493228556,1.4536322108663455,-0.6679313620737739,0.33815856587628,-2.388654943244448
33.0,299.0,999.9854125976562,-0.5829118325315878,0.59384640490447,4.052967050494216,-1.1689325379039062,-0.2098197125543865,0.858382201093356,1.4536331260337922,-0.6679299508821508,0.3381551993224949,-2.3886558237539064
33.0,299.0,999.9854125976562,-0.582910623671121,0.5938468418117644,4.052966727923948,-1.1689308335329516,-0.2098195639844329,0.8583868100677208,1.4536382508312071,-0.6679286617520228,0.3381589475138593,-2.3886497070908383
33.0,299.0,999.9854736328124,-0.5829131705692623,0.5938446931100403,4.052967470625422,-1.168936521862003,-0.2098168929607489,0.8583832583827427,1.453636761022448,-0.6679289803960016,0.3381547199746206,-2.388654511016397
33.0,299.0,999.9854125976562,-0.5829118836340133,0.5938498672774228,4.052970448674158,-1.168936906297866,-0.2098198975170184,0.8583785078401176,1.45364085488022,-0.6679286995677023,0.3381564304744353,-2.388653206682445
33.0,299.0,999.9854125976562,-0.5829087949499652,0.593845034287007,4.052970508118444,-1.168928547894443,-0.2098224476814145,0.8583875328920989,1.4536368905675996,-0.6679312072480235,0.3381572322704009,-2.38865210320905
33.0,299.0,999.9854125976562,-0.5829084092747854,0.5938428240466642,4.0529676298032165,-1.1689301752317238,-0.2098215715815623,0.8583872038411187,1.4536343144652184,-0.667930122129043,0.3381575164245607,-2.388652078505048
33.0,299.0,999.9854125976562,-0.5829095859804241,0.5938406331269919,4.052968176709722,-1.168931503145088,-0.2098209076946222,0.8583892540233515,1.4536378364109872,-0.6679300194485567,0.3381580775888668,-2.388651822241826
33.0,299.0,999.9854125976562,-0.5829091460442974,0.5938427161815163,4.052967983914659,-1.168932720350056,-0.2098206485035323,0.8583868792050344,1.4536381128011753,-0.6679303655655904,0.3381568038581397,-2.3886493022307667
33.0,299.0,999.9854125976562,-0.5829102950702261,0.5938428858825704,4.052967843380422,-1.1689345573594268,-0.2098205921430471,0.8583856818133491,1.453640637527366,-0.6679287680216106,0.338155448232774,-2.3886515656416583
33.0,299.0,999.9854736328124,-0.5829132984414827,0.5938489709740846,4.052970789807306,-1.1689431320605124,-0.2098171771984027,0.8583788437065039,1.4536445838197327,-0.6679304958069672,0.3381497692766686,-2.3886588798555053
33.0,299.0,999.9854125976562,-0.5829060123603016,0.593836560380093,4.052975365620428,-1.1689241200480105,-0.2098240630418342,0.8583930784502982,1.4536335827633824,-0.667932516673071,0.3381671997029043,-2.3886453038692568
33.0,299.0,999.9854125976562,-0.5829130777597538,0.5938459034936212,4.05296736459896,-1.1689350907835565,-0.2098175064283491,0.8583867499397568,1.4536367382243451,-0.6679312578242138,0.3381519127861487,-2.388658390783621
33.0,299.0,999.9854125976562,-0.5829096502875846,0.5938480877049717,4.052969470781729,-1.1689296632689905,-0.2098215599325366,0.858383474204917,1.453637234407954,-0.6679297083303197,0.3381598485675932,-2.388647974585024
33.0,299.0,999.9854736328124,-0.5829101283680114,0.5938423363521537,4.052960540582697,-1.1689345906917756,-0.2098177857015342,0.858389327678375,1.4536407086056204,-0.6679272886357959,0.3381500429679462,-2.388652960588268
33.0,299.0,999.9854125976562,-0.5829095379166924,0.5938397726318092,4.052970797904784,-1.1689298783720163,-0.2098216385974236,0.8583895757878643,1.4536353100896786,-0.6679303409240527,0.3381610256267029,-2.3886518878919483
33.0,299.0,999.9854125976562,-0.5829102996672404,0.5938429846851196,4.052965962505466,-1.168929693179205,-0.2098191325018907,0.8583894703774142,1.4536324541820091,-0.6679318446519016,0.3381524100688811,-2.388655679076128
33.0,299.0,999.9854125976562,-0.582909041073064,0.5938445933394902,4.052968789229926,-1.1689255048636489,-0.2098215543503538,0.8583868715352221,1.4536343138395118,-0.6679296269553987,0.3381631023521461,-2.3886459364569825
33.0,299.0,999.9854125976562,-0.5829079981854441,0.5938425890157886,4.052973456056153,-1.1689276399711497,-0.2098214250319978,0.858391003394015,1.4536369956328965,-0.6679333548877482,0.3381645668113116,-2.388645873925591
33.0,299.0,999.9854125976562,-0.5829084140763445,0.5938444865442216,4.05297108878584,-1.1689329074348676,-0.2098213018969499,0.8583852301539547,1.4536410024667887,-0.6679290052054352,0.3381607125347718,-2.388648647023889
33.0,299.0,999.9854125976562,-0.5829074859759968,0.5938408413543153,4.052968638928359,-1.168925908185832,-0.2098230076696214,0.8583912672834142,1.453634993209235,-0.6679324347880335,0.3381608337132249,-2.38864655182546
33.0,299.0,999.9854125976562,-0.5829115473700694,0.5938460139440576,4.052964850885889,-1.1689304439558108,-0.2098181028479713,0.8583879471064835,1.4536323913428353,-0.6679312727921927,0.3381554674145794,-2.388653491124757
33.0,299.0,999.9854125976562,-0.5829092241329645,0.5938400562597561,4.052970043100826,-1.1689299670784257,-0.2098208585628489,0.8583913745644365,1.4536382003045911,-0.6679327064800109,0.3381604247301695,-2.3886479785911208
