Run,Gen,F,1,2,3,4,5,6,7,8,9,10
30.0,0.0,124423.1328125,-2.8026206336363884,0.8304419711751807,-3.290731127677425,0.5109763307706849,3.790180758940816,3.0271879982213115,0.9472255575569042,3.972573146993847,-1.837389762898712,0.5749390720036001
30.0,0.0,561376.0,4.93728793509918,0.3257888269713458,-4.708001996776192,4.667533424865756,1.7987344389472266,-1.945250336435884,-4.879588304459835,-2.151906827780468,-3.6640865609367768,1.48692708673705
30.0,0.0,373578.125,-0.9498542795486484,3.573267479924929,2.1480972568980103,2.870675527392156,3.824258937766608,-1.0647993829337876,0.1719945679345178,-3.4760804265321417,2.783956868824271,-2.3271702143109745
30.0,0.0,154034.5625,4.62832958474533,-0.0989303095195026,0.0608220989829222,-2.1920225389744328,-3.239841360108996,3.93119458107228,-1.7390841816413012,1.6859765310080626,-1.3533418747471917,-2.6843257407691885
30.0,0.0,339636.75,-3.685082869450312,-2.6483096059813964,3.7759588414173457,-1.286107305120602,0.3534087702573796,-4.868865173638115,3.239282749833773,4.309663816582802,0.5301098111247242,2.0904392405120484
30.0,0.0,585400.5625,-4.025139434397039,2.6108819371503387,4.714278495441203,-4.50327885254413,-3.6228770402511135,-4.216938041372044,1.3212012743011092,-3.9624063543697647,-0.223039765824204,4.024642773504777
30.0,0.0,480672.4375,0.2649339463394984,3.2359854305829376,4.147193516371351,2.744331029238179,-2.8199829461770625,1.53929105528377,1.690341654106727,-1.4516840779603513,4.212140983247949,3.8415059143040544
30.0,0.0,201312.59375,1.6684334227836644,3.816218435909642,-1.5613492704975798,3.2940964838779507,2.170031319545126,0.5996953119237709,-4.445800987750521,1.3138355134803603,0.8816617430412608,3.122267591632365
30.0,0.0,103373.6484375,2.381466731682127,-0.8819201314164822,0.8772477759554747,-1.537067889263188,-3.939929738645813,1.940066359024176,-3.682025043367617,-3.061763482873736,-0.4219334041358795,-0.784200278159183
30.0,0.0,573242.25,1.894182913921231,-0.4383037987955998,3.380980600977136,4.34749777310299,0.9375192052292434,3.465049308516741,3.938834219112298,0.2230568971647137,-4.953181030839146,-4.686018865083806
30.0,0.0,329380.78125,-0.3544248099668436,0.5709683375869208,3.94583633641631,-3.2482375281711686,-1.9783328347945024,-1.4468758359181466,-3.860284762700532,-1.7946167331046508,0.6237019799857171,3.392154919398102
30.0,0.0,284239.34375,-3.524699282946276,-4.030538174947851,2.4759869808691874,-4.97523397820017,-0.2371572229182454,1.1643032317099733,-2.30835121712023,2.5055275221939706,4.77935179831114,3.760347376061413
30.0,0.0,403768.46875,3.5256891494762392,-4.524327199698069,2.7893835203384665,0.2094097702853634,-1.1992302186221613,1.2568703652449855,4.613922709038926,3.597646217286419,3.425225109991473,-3.89515186190754
30.0,0.0,52259.14453125,-0.7910233307190637,1.5141528690201698,-3.0785293439395405,-2.227696087512791,-0.4665042470416249,-4.632718440679611,1.5557984299305725,4.797617539186254,-2.092468001552409,2.876988400506992
30.0,0.0,146675.09375,-1.3195723698510644,-2.0736393237524675,1.7957646750254552,-2.511660418000672,-2.264809917304646,0.296612231923393,2.466637994917717,-2.687467082149432,-4.101031372515419,-0.1855379476199585
30.0,0.0,66752.5,-4.31914277280876,4.930683786446906,-0.6320387949592163,-1.032076232061872,-4.011861169374221,2.7062045163166726,-4.195985902262216,-0.7596202147934603,-0.0318021307644507,-1.022257715496644
30.0,0.0,135928.296875,0.451634779636036,4.200504610393857,-1.820970278095216,2.020273735111399,1.178877220304596,-2.909203192983449,2.9737412622715285,-0.1207928030831571,2.08031673645658,-0.2899455668079662
30.0,0.0,675054.6875,-3.032053766681233,-0.2519812721766907,4.5755871582816745,3.142415015198864,2.824312795871805,4.1937770204372775,-0.9216109390575936,-4.631286907499248,2.835030963043708,3.5703134600999213
30.0,0.0,222044.4375,1.3496636597425449,-1.5218294300823645,1.467462646187494,1.2467758796394426,3.2492961078981715,-1.3967299038240313,0.3748327741890689,3.6685666172803657,3.3718956037658785,-3.74528425419948
30.0,0.0,438132.53125,1.4659650121173635,-2.8698042999716424,-4.567435764716808,4.486230188658741,1.4247819486055633,0.0378134165495671,4.374526834161863,3.196472342762537,0.2146541041471126,-2.1632637136563897
30.0,0.0,221977.625,0.1821191533418984,1.320094240621038,-3.417717299943812,-3.7328724427667295,3.5453928719430845,0.7940935505664148,2.147914297868776,-3.791240823602213,-4.63280062549489,4.442976346958877
30.0,0.0,87172.71875,-4.564000174522292,-1.8099844945413173,-2.889402724030459,-0.1571777924905069,-0.8984217534823866,4.296339669226279,-2.6304507410992963,1.4334647044370863,1.8078877909170543,2.2232702744138555
30.0,0.0,482861.25,3.619525119479812,-3.833862633519625,-4.17848142362172,-4.742926685189137,4.450034666567607,-4.57968315148869,-2.4937574409014585,-4.108183386674385,-1.465284726824625,-1.6358286263013349
30.0,0.0,69962.9375,-2.1584322688928,1.0165552236486484,-1.631061021779114,-2.8258787857374656,2.446114750553176,2.1200398428195646,-1.9521251522172125,4.840292021510752,-3.5209401444480912,-2.9278418715729178
30.0,0.0,343264.71875,4.371741933774395,-1.671515872251132,1.1743210232581367,3.655010870086073,1.99616500683832,2.893730452230132,-2.979619855571868,0.5148057613619645,-2.3865022546466497,-4.3484111174921605
30.0,0.0,405659.15625,-1.0636641920505872,-4.968622570857847,-3.691515513028104,3.897536769963347,1.231290384765913,4.5619626330840255,-0.7839085521277536,3.3188392631896946,2.4256859544817813,-1.5607457841017331
30.0,0.0,554520.125,3.075662253844176,-3.139134849062981,4.861987835317411,1.9391028422895504,-4.94378503598956,-2.018387365166717,-0.0724828902942844,1.8168436350972268,-2.575431887611296,2.5289625587333973
30.0,0.0,189087.515625,-4.950318220089418,2.3826143646513644,2.949792368622072,0.0963744039099436,0.4369087456565648,2.232190368276496,-3.585676776389636,-0.426174633595914,-2.79853651229877,-0.4276437652729878
30.0,0.0,271148.78125,0.9479399485496404,-4.328590446863034,-0.3642805987937736,-1.61663259707794,-0.0611291936078366,-3.9092162524558014,-3.0137862448797903,-4.894126095774028,-3.080379582671084,4.982230102618487
30.0,0.0,171998.75,-0.0328037973711197,-4.735328400825382,-0.9213720379099924,-0.5508493852142866,3.1104423592120423,-2.519761434707825,0.7537562971322007,4.029566684329765,-1.0231738603269471,4.382977651430515
30.0,0.0,331649.65625,1.107561923246779,3.641763822309255,1.245991957418643,4.043146665983974,-0.7956226026150688,-2.6184686041627483,-4.285744080505691,-1.1174370212906553,-4.482574983408104,0.7952572431321414
30.0,0.0,31580.3046875,-2.5729560782298084,-0.7181491434483505,0.6149248065178146,-0.9472532685363806,-2.031993690836312,2.448456878915448,0.5393696260427596,0.7407887996494154,-0.8982080439144626,-4.061922999394048
30.0,0.0,359121.46875,-1.9792169453731177,4.1113620417308265,3.577866577053719,-3.120774890571364,-2.549991440569768,-0.2262272222847965,4.520916463627474,2.107083806100192,2.399270537950562,1.7547080584401078
30.0,0.0,144988.609375,-4.785712845907547,0.1083274403357128,-3.874680985730063,0.9504852374089988,-4.715673232119898,4.97808167452421,3.049448045719135,2.686825184849124,1.4225362872997094,-0.9467231825199872
30.0,0.0,269004.46875,-0.4484723702355317,2.9145898989600747,0.4054441895126528,-3.8449787623507294,4.296467968838428,-0.6080761052259991,-0.5001746391682174,1.0925905951881705,3.812203410564038,0.9298616215285715
30.0,0.0,199103.875,0.6683040776816309,0.7389395777863017,-2.794418296714252,3.438529634534236,-1.6200150544275216,-0.5032375733025081,-1.568378628701491,2.874171768610521,-3.831916547258972,2.715873850984977
30.0,0.0,273725.03125,3.2840134385852178,4.613131900710979,-1.1919740085106554,-0.709888221178117,-4.239593449792384,4.784378721274747,2.600210618889625,-0.2484664857555536,4.895785952847342,-1.892633550456135
30.0,0.0,204831.984375,4.115867751076888,-3.4001184734172685,-2.5418746731297124,0.6192603885208205,-1.3047901048446544,-0.8289760899984824,-1.0822469140240942,-2.953905116477072,-4.324570496603878,-4.824850642449568
30.0,0.0,185030.859375,-2.616522142150608,-2.4357350117137533,-1.234912790546383,-2.648751683507183,0.1693246277421787,0.8854319846038639,-1.3066460656029606,-4.582678326301656,4.129471055819479,1.0128873444558977
30.0,0.0,363745.4375,3.9133242652936575,-2.261351714974131,-4.985822442271581,1.553593400368953,2.768875034076485,3.3320523005175104,3.5363988534821136,-3.3956451849923592,4.582623607183113,1.937636702716533
30.0,0.0,34134.6875,2.1958279119105057,1.7376088952656683,-0.442955082176609,-4.214158559211891,-1.4048058186493928,1.746836685771532,1.8494329990566385,-0.858811863016733,-1.6897904969880866,1.2054963568008494
30.0,0.0,319449.0,-1.521138852799205,-1.2995272249446694,-2.107850154261446,-4.011520464828441,4.619404129679497,-2.2481559108510254,4.1395131749594185,0.9491027299757916,1.1649813613878646,-3.1598968359728894
30.0,0.0,417177.40625,2.807215379645549,-3.690648774351623,1.9728907467581944,2.3971396307126502,2.3190599088045065,-3.302002535297828,4.90884436257296,-2.397334042292209,1.3604542938855904,-3.3461575170248
30.0,0.0,356286.03125,2.4163525639552628,-3.271864362968626,-0.1788434649338306,-3.4650017038231,4.926212493520231,-3.462284836175198,1.0116090223196794,-1.2230108846567478,1.6710490705032912,4.733685516894512
30.0,0.0,573674.375,-2.3550344997314694,2.5639000872318043,0.3621090658121462,4.900722371085134,4.117080492474676,3.765804459965148,-2.184502166074134,-1.9609388032694857,3.634392967238952,0.1803118463788564
30.0,0.0,248183.140625,4.461071600644193,3.004170646001093,2.295836639408069,-0.3798053384598212,-4.578809647965017,-4.089846171140717,2.3155965736813453,-2.475487817367574,-0.7888651289956101,-2.5919278026389154
30.0,0.0,271357.71875,-3.3571496927182487,-1.0968088786601,3.0300967222142265,1.7234618201320266,-2.736984137122856,-3.15506611256336,3.7520302228655673,4.427780678083002,-3.358161326213295,-4.487306472847717
30.0,0.0,469207.375,-3.868730505799076,4.520986584581991,4.229162616270818,2.461928130205441,-3.0931958911084068,-3.7667155742831633,-3.2779471702506884,0.1654012413883894,3.1284752111074248,0.2127278623756945
30.0,0.0,73136.7734375,2.601189975547146,2.100118636572427,-4.358892989773582,1.1286808742729963,0.611530695325869,-1.7402204643183317,-4.79403226349133,2.2737016977322577,-2.954045080485757,-1.334639866400051
30.0,0.0,100425.8046875,-1.6746141209569645,1.851589063654834,-2.2172914337253773,-1.98533291886325,-3.508651710819873,-0.0846022051358534,-0.2761215990886558,-4.256615502169316,0.0796477822678953,-3.4978731730292525
30.0,1.0,64651.8359375,-1.1180700611606509,0.9114612216491004,-1.2907311276774251,-0.1792219541555972,2.951297432176401,3.1904756870001063,1.114700235668591,1.972573146993847,-0.3807432064657725,-0.9483834248744212
30.0,1.0,136623.375,2.93728793509918,1.1822261614418372,-2.708001996776192,2.667533424865756,-0.2012655610527733,0.0547496635641158,-2.879588304459835,-0.1519068277804676,-1.6640865609367768,-0.5130729132629499
30.0,1.0,216453.734375,-0.123342490715038,1.5732674799249295,1.3727540614307707,1.1788083772636817,4.030912779355127,0.6981855499855161,1.915602305780194,-1.4760804265321417,0.7839568688242711,-2.1260417453574383
30.0,1.0,113047.6328125,2.6283295847453303,0.3452589735622883,1.6927779660880375,-0.1920225389744327,-2.647640754914872,3.886929415039877,0.2609158183586988,2.375961297589089,-0.8673704915846638,-4.12650129598169
30.0,1.0,197082.140625,-1.6850828694503115,-1.26774274414151,3.2396137252038253,-0.7283176656559887,-0.4608239492587735,-2.868865173638115,2.0431314498114315,2.309663816582802,0.0443284561070203,0.0904392405120484
30.0,1.0,221243.015625,-2.0251394343970386,0.6108819371503387,3.2205742698958395,-2.5032788525441303,-1.801462969437569,-2.2169380413720443,1.4030050013064186,-1.9624063543697647,-1.229995042091801,2.0246427735047767
30.0,1.0,126515.375,-1.001695270581256,1.2359854305829376,2.1471935163713507,0.7443310292381788,-0.8199829461770625,2.1448550432708178,1.0670948359552772,0.5483159220396487,2.836425110354997,1.8415059143040544
30.0,1.0,54179.546875,-0.3315665772163356,1.8162184359096416,0.4386507295024202,1.2940964838779507,0.1700313195451261,2.599695311923771,-2.4458009877505207,1.5329494057615685,-0.5797240420774943,1.1222675916323652
30.0,1.0,66631.1875,0.3814667316821269,-0.2181959368187612,1.0325638023803956,0.3801555926567381,-1.9399297386458128,3.192942679802427,-1.6820250433676165,-1.0617634828737357,-0.8314016612347245,-2.784200278159183
30.0,1.0,427405.1875,2.114734226969252,-0.3783851979695506,4.171980079035721,2.3474977731029902,-1.0624807947707566,2.78697761647446,3.3856813213015955,1.9801175785912928,-2.953181030839146,-3.568977992625464
30.0,1.0,329380.78125,-0.3544248099668436,0.5709683375869208,3.94583633641631,-3.2482375281711686,-1.9783328347945024,-1.4468758359181466,-3.860284762700532,-1.7946167331046508,0.6237019799857171,3.392154919398102
30.0,1.0,169991.46875,-1.5246992829462762,-2.030538174947851,2.7217721815396883,-2.97523397820017,-2.237157222918245,2.704441587205582,-0.3083512171202298,2.6604342006826647,2.77935179831114,3.333662483716223
30.0,1.0,172889.046875,3.3969172620987287,-2.524327199698069,2.0433603728419127,0.2433381906742826,-0.769673706719151,3.256870365244985,2.613922709038926,1.5976462172864192,1.425225109991473,-3.197147313368516
30.0,1.0,7056.13330078125,-1.0210169269054656,-0.4858471309798302,-1.0785293439395405,-1.7240410520283642,-2.085980753018132,-2.6327184406796107,1.487837651005215,2.7976175391862537,-0.092468001552409,0.8769884005069919
30.0,1.0,144543.59375,-0.6956874334319928,-1.3805161414228977,2.573200950020647,-1.422851119434726,-1.891566267392741,2.296612231923393,2.270861388046889,-0.687467082149432,-2.10103137251542,-2.1855379476199586
30.0,1.0,66752.5,-4.31914277280876,4.930683786446906,-0.6320387949592163,-1.032076232061872,-4.011861169374221,2.7062045163166726,-4.195985902262216,-0.7596202147934603,-0.0318021307644507,-1.022257715496644
30.0,1.0,42723.28515625,-1.548365220363964,2.200504610393857,0.1790297219047838,0.0202737351113988,0.925162142603774,-0.9092031929834494,0.9737412622715284,0.9448044894822756,1.872709594861148,-1.8052399153810816
30.0,1.0,166559.515625,-2.565691105945328,0.1997477634117844,2.5755871582816745,1.142415015198864,0.8243127958718048,2.193777020437277,1.0783890609424065,-2.6312869074992484,0.8350309630437076,1.5703134600999211
30.0,1.0,94678.8203125,1.995155962435907,-0.6328286801646097,1.5904112561564303,-0.4133866708984888,1.2492961078981717,0.1112607674182795,1.79353711409856,2.362672736718612,1.3718956037658785,-3.1062956576895924
30.0,1.0,109511.3828125,-0.5340349878826363,-0.8698042999716424,-2.567435764716808,2.486230188658741,0.936100670394714,2.037813416549567,2.3745268341618626,2.4790304357215964,0.1927650452316518,-3.930675339396731
30.0,1.0,136406.84375,-0.4077496755506709,1.2406195464514544,-1.4177172999438117,-1.7328724427667297,1.5453928719430845,2.794093550566415,3.7161231843312312,-3.1305069679735102,-2.63280062549489,2.442976346958877
30.0,1.0,34360.80859375,-2.564000174522292,-0.3780597762985584,-0.8894027240304592,-0.5830535412061555,-0.3556894668633468,3.2288209607792018,-0.6304507410992963,2.0333741972737425,2.284735816277937,0.2232702744138555
30.0,1.0,86823.5859375,1.619525119479812,-1.833862633519625,-2.17848142362172,-2.742926685189137,2.450034666567607,-2.57968315148869,-1.7817700733870898,-2.1081833866743853,0.4236330975564855,-0.7419336075928022
30.0,1.0,28581.333984375,-2.712030038808517,-0.2267958758656059,0.368938978220886,-0.8835904259725587,0.4461147505531757,2.5034317491937985,0.0478748477827877,3.669011385253993,-1.5209401444480912,-3.730280662774595
30.0,1.0,78438.5,2.371741933774395,-0.9782129449997214,0.3865606598595374,1.6550108700860733,-0.0038349931616803,2.279720235627917,-0.979619855571868,1.6321878150613551,-1.0188730580435543,-2.5200815323599475
30.0,1.0,128517.6328125,-0.4492136272812252,-2.968622570857847,-1.6915155130281043,1.897536769963347,-0.7687096152340871,4.731450584722906,1.2160914478722464,2.606294832563634,0.4256859544817812,-2.352954095976949
30.0,1.0,276664.3125,1.0756622538441754,-1.7392774848104553,3.8101268825721086,0.3953562384441471,-2.94378503598956,-0.018387365166717,1.9275171097057155,1.4659500433153745,-0.5754318876112956,0.5289625587333973
30.0,1.0,154208.53125,-2.950318220089418,0.3826143646513644,2.848294638792747,-0.1276351819461259,-0.2444261128686353,2.5429918983926827,-1.585676776389636,1.1440513808713308,-0.79853651229877,-2.427643765272988
30.0,1.0,61423.421875,-1.0520600514503595,-2.328590446863034,0.3223904856167594,-0.1462325817778162,-2.0611291936078366,-1.9092162524558025,-1.0137862448797903,-2.894126095774028,-1.080379582671084,2.9822301026184874
30.0,1.0,38787.79296875,1.0422122810346663,-2.7353284008253818,-0.2379174340865255,0.2021003671562851,1.1104423592120425,-0.5197614347078252,1.0286254144995306,2.0295666843297653,0.887030612485137,2.382977651430515
30.0,1.0,120293.109375,-0.892438076753221,1.6417638223092546,1.5307929284453738,2.043146665983974,-2.3267205503452373,-0.9528642149118572,-2.2857440805056912,0.1517094798259055,-2.482574983408104,-1.2047427568678586
30.0,1.0,31580.3046875,-2.5729560782298084,-0.7181491434483505,0.6149248065178146,-0.9472532685363806,-2.031993690836312,2.448456878915448,0.5393696260427596,0.7407887996494154,-0.8982080439144626,-4.061922999394048
30.0,1.0,93766.7421875,-1.929436349880408,2.1113620417308265,1.5778665770537188,-1.120774890571364,-1.4647542316484272,1.7737727777152037,2.520916463627474,1.405153958692521,2.430480215814681,-0.2452919415598922
30.0,1.0,29621.42578125,-2.785712845907547,-0.1904695815341173,-1.8746809857300624,-0.6625990825766301,-2.715673232119898,3.5264387478965635,2.242480523869624,3.977530402190731,-0.5774637127002906,-0.1670518673012118
30.0,1.0,269004.46875,-0.4484723702355317,2.9145898989600747,0.4054441895126528,-3.8449787623507294,4.296467968838428,-0.6080761052259991,-0.5001746391682174,1.0925905951881705,3.812203410564038,0.9298616215285715
30.0,1.0,46184.1015625,-1.331695922318369,-1.1017220896559654,-0.7944182967142521,1.4385296345342358,-1.5103961995703374,1.496762426697492,0.4316213712985091,0.8741717686105215,-1.831916547258972,0.7158738509849769
30.0,1.0,80570.921875,2.3681139156770854,2.613131900710979,0.508961826521936,-0.3690421152633104,-2.239593449792384,2.8893255552482,0.6002106188896246,1.3850221981281776,2.8957859528473424,-2.4521225820288115
30.0,1.0,56628.7578125,2.1158677510768875,-2.798646045095136,-1.770864673442704,0.4356765833171604,-1.7430526398968238,1.1710239100015176,0.8983894875546461,-0.9539051164770718,-2.988239449085268,-3.0383081348383025
30.0,1.0,69485.8984375,-1.2874123799651132,-0.8063297954152002,0.765087209453617,-0.6487516835071832,-1.2969042416790877,2.885431984603864,0.6805052251815509,-2.5826783263016564,2.12947105581948,-0.9871126555441024
30.0,1.0,130696.5234375,1.9133242652936584,-0.2613517149741309,-2.985822442271581,2.055945530993397,1.2267275185790778,3.99870807514501,1.5363988534821136,-1.3956451849923592,2.582623607183113,-0.0623632972834666
30.0,1.0,34134.6875,2.1958279119105057,1.7376088952656683,-0.442955082176609,-4.214158559211891,-1.4048058186493928,1.746836685771532,1.8494329990566385,-0.858811863016733,-1.6897904969880866,1.2054963568008494
30.0,1.0,92228.625,-1.854618317083798,0.050282998948836,-0.1078501542614458,-2.0115204648284406,2.6194041296794968,-0.2481559108510254,2.1395131749594185,2.346348184283688,1.7715901460442465,-4.162738438541635
30.0,1.0,94194.375,0.807215379645549,-1.6906487743516232,1.2907620335274077,0.3971396307126502,1.0058126370466909,-1.3020025352978273,2.9088443625729603,-0.3973340422922091,-0.6395457061144096,-1.8150850366260087
30.0,1.0,184520.96875,0.4163525639552627,-2.1553957680636824,1.8211565350661687,-1.4650017038230994,2.9262124935202305,-1.462284836175198,2.642447856244578,-0.4209675920345719,2.5894868376191944,2.7336855168945124
30.0,1.0,169232.140625,-1.1435899343538185,1.8829353685892325,0.959370162461341,2.900722371085134,2.117080492474676,2.8325406317353887,-0.1845021660741341,0.0390611967305143,1.634392967238952,-1.819688153621144
30.0,1.0,137479.96875,2.4610716006441926,1.0041706460010928,2.221506076667216,-0.7672582479011747,-2.5788096479650173,-2.089846171140717,2.57082996879347,-0.4754878173675738,0.2236333385946056,-3.740720663265594
30.0,1.0,47040.6875,-1.667888092428821,-0.2028491298039894,1.0300967222142263,0.1293664632016591,-0.7369841371228554,-1.15506611256336,1.7520302228655673,3.4640268147809428,-1.358161326213295,-2.703918473532736
30.0,1.0,113463.625,-1.868730505799076,2.5209865845819905,2.229162616270818,0.4619281302054414,-1.4151602614200391,-2.8286287941961104,-1.2779471702506884,1.9817308159708853,1.3295114935255838,-1.7872721376243057
30.0,1.0,48761.71875,0.6011899755471459,1.7649388402518549,-2.358892989773582,1.4556507865450174,-1.388469304674131,0.2597795356816683,-2.7940322634913297,0.2737016977322577,-2.048883920306487,-2.2555455791370624
30.0,1.0,45041.2421875,-1.295404798411111,3.598868154426306,-0.2172914337253773,-0.5693080533533221,-1.5086517108198731,1.440002521987661,1.723878400911344,-2.256615502169316,-0.8363852964494167,-3.26654425266
30.0,2.0,26189.19921875,-0.2364492658405959,0.7528126221703415,-0.108724186083273,-2.1792219541555973,0.9512974321764012,1.1904756870001063,1.9198815895842,2.4907210430321274,0.4389778906486206,-0.391603169258606
30.0,2.0,27173.6015625,0.9372879350991798,-0.8177738385581628,-0.7080019967761917,0.6675334248657556,-2.2012655610527734,-0.2940861122273001,-0.8795883044598352,1.8480931722195324,-0.1862990124460053,0.94368339827236
30.0,2.0,51211.40234375,-0.9567674837547108,-0.4267325200750704,-0.6272459385692293,-0.8211916227363183,2.030912779355127,-1.301814450014484,2.1163042453378624,0.5239195734678583,-1.1048276522702594,-0.9823711694904134
30.0,2.0,26141.865234375,0.6283295847453303,-0.4050581177425093,-0.3072220339119624,-0.2724419032972249,-2.234152493422118,1.886929415039877,2.198361504066168,2.86927673046319,-0.0087210002709878,-3.750358687208051
30.0,2.0,49493.8203125,0.2435614873966201,0.351409548153279,1.2396137252038253,-1.5084461006850405,-2.4608239492587733,-1.737204556960328,1.485218984377625,2.002342901932036,-0.2558969482008464,-0.4869991811355754
30.0,2.0,48736.421875,-0.0654547763865709,-1.389118062849661,1.2205742698958395,-0.5387333189339558,-1.4041903576017891,-1.5071504432283114,1.4429660916291196,0.0375936456302352,-0.0823236633403008,0.6070975634039186
30.0,2.0,42684.0546875,-1.5871877581741147,-0.7640145694170624,1.095250553210186,-1.2556689707618212,-2.466488746046394,0.1448550432708177,1.2939741584346287,2.403888906894138,0.8364251103549969,0.3170948650996505
30.0,2.0,47277.28515625,-1.9810648837434992,-0.1837815640903581,1.289703438491089,-0.7059035161220493,-1.8299686804548736,0.5996953119237709,-0.4458009877505207,3.088739618196131,-1.1611072637173718,-0.0831530817116059
30.0,2.0,30837.935546875,-0.8898671595320644,-0.1799233590714737,0.7574703276330286,-0.2553412004627102,-1.1356484259704354,1.1929426798024272,0.3179749566323835,0.1963038504871082,-0.9917509314081988,-0.784200278159183
30.0,2.0,332995.78125,1.34846946442836,-0.4327847746883796,4.16796007646857,0.3474977731029902,-3.0624807947707566,0.7869776164744602,1.3856813213015955,3.980117578591293,-0.9531810308391462,-1.568977992625464
30.0,2.0,95548.4453125,-0.6382131404492264,-0.8650060153660187,2.1985163853911374,-1.0203037148651664,-2.7897429883940426,-1.4542297824408017,-2.3017505297405627,2.2013893799523574,0.6237019799857171,2.521292499290545
30.0,2.0,32446.73046875,0.0196953752516668,-0.9577691656395546,0.7217721815396883,-1.5161027719558051,-2.9969219974149466,0.704441587205582,1.6916487828797702,2.9201822906231745,0.77935179831114,1.333662483716223
30.0,2.0,56584.34375,1.396917262098729,-0.98033613642595,1.369021269072834,-1.7566618093257174,-0.8898080750320649,1.2568703652449855,1.2428957346993617,2.3975406919882047,-0.574774890008527,-1.2228529232227587
30.0,2.0,7022.79345703125,-1.0210169269054656,-0.4858471309798302,-1.180871460318268,-1.7240410520283642,-2.085980753018132,-2.6327184406796107,1.487837651005215,2.380487197328899,-0.092468001552409,0.8769884005069919
30.0,2.0,33491.63671875,-0.4384757941549877,-0.7120091813119905,0.573200950020647,-1.138172208470372,-2.074492368153147,0.296612231923393,2.031544227045831,1.312532917850568,-0.1010313725154192,-0.1855379476199585
30.0,2.0,9952.0341796875,-2.428877047459472,0.930683786446906,-0.6320387949592163,-1.0156131347567154,-3.8017152231411777,0.3058845795316411,-2.021990365311679,1.05076016517136,-0.2874683316747495,-1.022257715496644
30.0,2.0,41248.76171875,-1.999887471218041,0.2005046103938568,1.0227393307998902,-1.9797262648886007,-1.074837857396226,-1.3255284529030278,0.6206999107170066,2.944804489482276,1.0378524735377117,0.1947600846189183
30.0,2.0,49397.63671875,-1.6666155798630755,-0.6243362607689222,0.5755871582816745,-0.8575849848011359,-1.1756872041281952,0.1937770204372775,2.604051366072773,-0.6312869074992484,-1.1649690369562924,-0.0272629263826527
30.0,2.0,26214.677734375,2.120630366585172,0.0434669494598509,-0.4095887438435694,-2.413386670898489,-0.7507038921018285,0.7287919051236199,1.839989382898708,1.8513941097075792,-0.6281043962341215,-1.1062956576895924
30.0,2.0,21655.3125,-2.3673219104692693,0.0431129709583452,-0.5674357647168078,0.486230188658741,-1.063899329605286,0.0378134165495671,0.3745268341618626,2.181277952967004,0.1100526131282273,-2.540332690310931
30.0,2.0,42507.02734375,-0.9031572864742904,0.5008126470991433,-0.0451303291896825,-0.8502635452128317,-0.4546071280569155,0.8198790480679432,2.651522583366096,-1.1305069679735102,-0.6328006254948901,1.3719639755091022
30.0,2.0,15999.8173828125,-0.5640001745222918,0.2164033356716028,-0.0426089514750198,-1.9110018872578105,-1.9350436573824936,1.2288209607792018,1.3695492589007037,3.379077516128607,0.6521679219071985,-0.3576491452296799
30.0,2.0,13436.5703125,-0.3804748805201878,0.1661373664803749,-0.9712797469197588,-0.948682957929668,0.4500346665676069,-1.7135449268495533,0.2182299266129101,-0.9614183328778136,0.7579657711160812,1.2580663924071978
30.0,2.0,28581.333984375,-2.712030038808517,-0.2267958758656059,0.368938978220886,-0.8835904259725587,0.4461147505531757,2.5034317491937985,0.0478748477827877,3.669011385253993,-1.5209401444480912,-3.730280662774595
30.0,2.0,16174.8798828125,0.7373141134304797,-0.5014290221275935,-0.049216159195224,-0.3449891299139267,-1.3196255196063469,0.2797202356279169,0.0601984040273722,2.290406869878072,0.0699986520287332,-0.5200815323599475
30.0,2.0,32679.82421875,-0.2971440807646742,-0.9686225708578472,0.0723543170926899,-0.102463230036653,-2.768709615234087,2.7314505847229062,2.1700400501363086,2.3577267560098023,-1.3488969675921845,-0.3529540959769495
30.0,2.0,84486.6015625,-0.9243377461558246,0.2607225151895447,1.8101268825721089,-1.6046437615558529,-1.2311302762116922,0.3843017235839745,2.227699718965118,1.8894911711967664,0.4035533501994433,-0.0884727097571194
30.0,2.0,33712.1640625,-1.6964001179355606,-1.6173856353486356,0.8482946387927468,-2.127635181946126,-2.244426112868635,0.5429918983926827,0.414323223610364,3.144051380871331,0.4766713310582928,-0.9864639587776938
30.0,2.0,24165.064453125,-1.899537561744713,-0.3285904468630338,0.2490192216691688,-1.2708432057669077,-2.9598506178801967,-1.9384236834079165,0.9862137551202096,-0.8941260957740278,0.919620417328916,1.4678760722492856
30.0,2.0,23712.212890625,1.311390188787052,-0.7353284008253818,-0.4811626071215384,-0.1772396282408527,-0.8895576407879577,-1.5992365012072134,1.701860505498768,1.987083042279876,1.1487028940346975,0.3829776514305152
30.0,2.0,34050.234375,-1.945176449766204,-0.3582361776907454,0.6674144615560111,0.0431466659839738,-2.9877608535044464,-0.5659443484858427,-1.1938912296839177,2.151709479825905,-1.3864853812352766,0.7952572431321414
30.0,2.0,8553.8271484375,-1.1698923316812715,-0.0710748742613716,-1.3850751934821854,-1.7175855574969343,-1.6913722088255423,1.827630412784562,1.742180545535008,2.740788799649416,0.440668802180113,-2.061922999394048
30.0,2.0,12029.0029296875,-0.8561143806079003,0.2250750912679762,-0.4221334229462812,-0.6407481830439242,-1.928606314188789,-0.2262272222847965,1.1700352252677444,3.405153958692521,0.430480215814681,0.3880556871298767
30.0,2.0,6081.546875,-1.6057178492038835,-0.9119809531619488,-0.9198575719783844,-2.66259908257663,-1.4927588540867176,1.5264387478965635,1.2687210804644689,2.8781214819458825,-0.621993294766936,0.7352848147947819
30.0,2.0,122526.046875,-0.4484723702355317,0.2869724570899969,1.2333995890601228,-3.600137111254771,2.719034438336738,-0.6080761052259991,1.9227248278621103,2.7071449600830944,1.174302962505298,0.9298616215285715
30.0,2.0,23977.802734375,-1.612873095375808,-1.0675291302813226,-0.2738841317328278,-0.5614703654657642,-1.7101003826946233,0.7692351874132489,2.0806856568258065,0.0681363941180397,0.1680834527410284,0.0052054170357367
30.0,2.0,29388.802734375,0.3681139156770854,0.9660061619756876,0.6434547445310258,-1.9503521890428035,-1.2998072408701584,0.8893255552482002,0.0375204153846275,3.3850221981281776,0.8957859528473424,-0.4521225820288115
30.0,2.0,11838.689453125,0.1158677510768875,-0.9165064662961836,-1.276455269937002,-1.5643234166828397,-2.1361358389693823,-0.2037084378845199,1.8954385616422087,1.0460948835229282,-0.9882394490852676,-1.0383081348383023
30.0,2.0,48459.46875,-0.200359802115986,0.4531663960862142,0.8178030988503544,-0.4724543227176363,-2.7883500489815853,0.8854319846038639,2.098387626367807,-0.5826783263016564,0.1294710558194793,0.8772876702586099
30.0,2.0,14509.17578125,-0.0866757347063416,0.2193948415009489,-0.9858224422715808,0.0559455309933971,-0.7732724814209222,1.99870807514501,0.642517900327589,0.5033832767759909,0.5826236071831126,-0.9196418252406244
30.0,2.0,24229.626953125,1.33604246581423,0.380465195614317,-0.442955082176609,-1.9763542229123496,-1.819927324138649,1.4348426377312733,2.2595068908298304,1.5175231150739206,0.4513791250825147,-0.4682517057236963
30.0,2.0,21485.427734375,-0.9874622314796968,0.1811381714558978,-0.2366673179141113,-0.6621363748171119,0.6194041296794968,-1.3782855835256431,0.9605036222829796,2.9827548353636746,0.4517829320435846,-3.699059417599972
30.0,2.0,7330.5771484375,-1.192784620354451,0.1330937022151879,-0.7092379664725923,-1.6028603692873498,-0.9941873629533092,-0.4974158174416662,1.0960778339329824,1.6026659577077909,-0.6963181544981576,-0.3992519008198638
30.0,2.0,47765.7265625,-1.287743652563298,-0.1553957680636823,-0.1788434649338306,-0.7568485393755243,0.9262124935202304,-2.5605518813909187,2.9018013438809334,1.579032407965428,0.6245007294234457,1.7878398221251557
30.0,2.0,30691.953125,-0.5398106136999894,0.0834259954631626,-1.040629837538659,0.9007223710851342,0.1170804924746757,0.8325406317353887,1.8154978339258656,2.0390611967305143,-0.0615218463359863,-0.9450153106398836
30.0,2.0,25122.59375,1.2063254360324058,-0.9958293539989072,0.2215060766672159,-2.1811974541069263,-1.1947026867451624,-1.8834159971372808,1.217560145323252,1.5245121826324262,0.1321129412149296,-1.740720663265594
30.0,2.0,8096.81591796875,-0.043644728780857,0.1576250316012433,-0.4969914472949224,-1.8706335367983409,-1.4224856670353336,-0.7031891281852181,0.5443151401427855,1.9006558404000544,0.0086114433431023,-0.703918473532736
30.0,2.0,40481.55859375,-0.6229788251373436,1.4014507212916996,1.037930029701249,-1.5380718697945586,-1.332503067074693,-2.1657517566509297,0.7220528297493116,3.819471052827301,0.4530558012271009,0.2127278623756945
30.0,2.0,12129.2919921875,-0.869817745612492,-0.2350611597481453,-0.3588929897735822,-0.5443492134549826,-2.862953676341248,0.5256996600560363,-0.7940322634913297,2.147686284517944,-0.048883920306487,-0.2555455791370624
30.0,2.0,25423.259765625,-0.8061927930116968,1.598868154426306,-0.5683256408424301,-1.697560877440123,-0.8090643266712267,0.6797060537924012,2.39996617474853,-0.2566155021693159,-0.435388219846921,-1.2665442526599997
30.0,3.0,13102.6318359375,-2.236449265840596,-0.9197328230899076,-0.526363357978658,-4.085782134420823,-1.0487025678235988,0.2090880705332882,1.3102618603768763,3.2203168816078973,0.8756132295611374,1.6083968307413938
30.0,3.0,25426.916015625,-1.0627120649008202,-2.1108901440101007,0.4882051825954938,-1.3324665751342444,-2.147640316332,1.7059138877727,1.1204116955401648,3.848093172219533,0.6341854128621031,1.80671291453322
30.0,3.0,9369.6533203125,-2.3021373300191104,-2.1019030598787203,-2.376420017722878,-2.8211916227363183,0.0309127793551269,0.6981855499855161,0.9863563474435472,2.5239195734678583,-1.7808584701711907,0.2643098678055198
30.0,3.0,26141.865234375,0.6283295847453303,-0.4050581177425093,-0.3072220339119624,-0.2724419032972249,-2.234152493422118,1.886929415039877,2.198361504066168,2.86927673046319,-0.0087210002709878,-3.750358687208051
30.0,3.0,8668.5302734375,0.9607290137905612,0.2440459654207847,-0.7603862747961747,-2.7666859796847008,-3.585573363991754,0.2627954430396719,0.7046704910381955,2.4811375356938705,-0.7726729394559928,0.7137708600927437
30.0,3.0,16219.0185546875,1.0857873501515105,-2.3622829001822403,-0.7794257301041605,-1.122369035029801,-1.2426980107831422,0.4928495567716886,1.317360472584095,2.037593645630236,-0.3482929742514746,-0.2846829049907261
30.0,3.0,16015.041015625,-1.9651077701201256,-2.064015656429145,-0.904749446789814,-3.255668970761821,-1.6936664821649832,-0.4617063514897435,1.4012403044907455,4.231645087421853,-1.163574889645003,-0.1378434060682771
30.0,3.0,15879.1044921875,-2.351419364675216,-2.183781564090358,-0.710296561508911,-2.7059035161220493,-2.7099412540698844,0.1172534993014273,1.554199012249479,3.787818050793563,-1.2714028234485149,-0.579353623297326
30.0,3.0,19179.05078125,-2.688774674290798,-1.2138601030415492,-0.7105724464447629,-2.25534120046271,-1.2567596324376535,-0.0067920939271246,2.3179749566323835,2.196303850487108,-0.719123709951519,0.9590046611319318
30.0,3.0,97622.234375,-0.6515305355716401,-0.5753486168936142,2.16796007646857,-1.6525022268970098,-2.9020916616051355,0.481627893334756,-0.121885410479378,3.714296419079593,0.9634392886015744,0.4310220073745361
30.0,3.0,19763.91796875,0.0091342494942225,-1.4942999487597215,0.1985163853911373,-2.82620836660888,-2.550967946267172,-1.6157876245881404,-0.3017505297405627,3.500434511258136,0.4553858919101212,3.1411036668132537
30.0,3.0,21988.443359375,0.9652228115248132,-0.2026292846247446,-0.591585848594685,-2.8009912926524545,-0.9969219974149466,0.2906765585645099,2.4187296489003,3.009315267699032,-1.22064820168886,-0.666337516283777
30.0,3.0,9034.1220703125,-0.6030827379012713,0.0199738510408009,-0.6309787309271659,-3.3232770663881133,-1.56900030783288,0.1182638055335882,0.4107588891529748,3.089014949534466,-1.892776035690075,0.7771470767772413
30.0,3.0,7022.79345703125,-1.0210169269054656,-0.4858471309798302,-1.180871460318268,-1.7240410520283642,-2.085980753018132,-2.6327184406796107,1.487837651005215,2.380487197328899,-0.092468001552409,0.8769884005069919
30.0,3.0,4277.40966796875,-1.9754616538957863,-0.4876500392229635,-1.2173871306038686,-3.138172208470372,-1.8109438998726493,0.7942098454973252,0.935823064843932,3.312532917850568,0.5034291072564973,1.8144620523800408
30.0,3.0,2371.508056640625,-1.3507438375568597,-1.069316213553094,-2.089975319808312,-1.9502929176107984,-3.067081768973454,1.0760188312148966,-0.0219903653116788,3.05076016517136,-1.3163859274195078,0.977742284503356
30.0,3.0,9845.80859375,-1.6392539077244583,-1.216824476306046,-0.9772606692001098,-3.979726264888601,-2.983055014617441,0.6744715470969722,0.7988261518842015,4.121359117359329,0.0248737342354068,1.504714303496682
30.0,3.0,11476.703125,-1.0120676350752984,-1.1550820508854227,-1.4244128417183255,-2.857584984801136,-3.027414533152908,0.0125694083991045,1.9554163354647804,1.3687130925007516,-2.2566437526594525,0.1397471060436041
30.0,3.0,5076.03173828125,0.1206303665851722,-0.8985291329797089,-2.409588743843569,-4.025771936996629,-2.4184243260285734,1.920621108387175,0.9896469969577888,3.3237592989282536,-1.912967646599697,0.8937043423104076
30.0,3.0,21078.28125,-3.012509048298305,-1.0026162549903057,0.2617873610177869,-1.513769811341259,-2.831721346266718,-0.5570060652687567,0.0093239107202865,3.3461327219545693,-0.9122000310757516,-0.5403326903109309
30.0,3.0,20888.673828125,-1.5007644015605757,-1.4991873529008566,0.2956987366135994,-1.941329690388972,-2.07174679417413,-0.1939849291175501,0.7318619577297101,0.8694930320264898,0.6681099360863674,-0.0221812822712268
30.0,3.0,15999.8173828125,-0.5640001745222918,0.2164033356716028,-0.0426089514750198,-1.9110018872578105,-1.9350436573824936,1.2288209607792018,1.3695492589007037,3.379077516128607,0.6521679219071985,-0.3576491452296799
30.0,3.0,13436.5703125,-0.3804748805201878,0.1661373664803749,-0.9712797469197588,-0.948682957929668,0.4500346665676069,-1.7135449268495533,0.2182299266129101,-0.9614183328778136,0.7579657711160812,1.2580663924071978
30.0,3.0,4219.48193359375,-1.1516221834554223,-0.2295859074262309,-1.4635413845750376,-2.887695279148346,-1.6284280687949473,0.2550036733632068,0.3948158652722111,3.616037331964612,0.1149353382071467,-1.4207184881713233
30.0,3.0,10120.78125,-0.672183650668255,-0.3448162684656574,-1.0720947533412892,-2.3449891299139267,-2.2954885195840347,1.4071789598205509,2.060198404027372,2.882104260272034,-0.1258205435485485,0.9867779052793724
30.0,3.0,32679.82421875,-0.2971440807646742,-0.9686225708578472,0.0723543170926899,-0.102463230036653,-2.768709615234087,2.7314505847229062,2.1700400501363086,2.3577267560098023,-1.3488969675921845,-0.3529540959769495
30.0,3.0,19759.25390625,-2.9243377461558246,0.2737012394637961,-0.12046051518638,-2.985556515932214,-0.334697146452528,2.3843017235839747,1.0322846694389085,2.185195433672144,0.474249083798357,-0.4546408648054915
30.0,3.0,27727.76171875,-0.7437857454707965,-2.0090743744453805,-0.4894078377421345,-3.763306927348757,-3.361189253120842,-0.2342309089661376,2.414323223610364,4.408169275159018,-0.1644849813709183,0.0914852623996147
30.0,3.0,24165.064453125,-1.899537561744713,-0.3285904468630338,0.2490192216691688,-1.2708432057669077,-2.9598506178801967,-1.9384236834079165,0.9862137551202096,-0.8941260957740278,0.919620417328916,1.4678760722492856
30.0,3.0,8064.92822265625,-0.688609811212948,0.5481256868572695,-0.7856689129073428,-1.5689139353260746,-2.685829967916566,-2.2588001788629657,1.3384765027519114,2.8946315669180014,-0.8512971059653025,-0.523677324364983
30.0,3.0,11789.1533203125,-2.360526219623135,-1.6530336994966897,-0.4952574601858162,-1.956853334016026,-0.9877608535044464,1.4340556515141571,0.8061087703160825,4.1517094798259055,0.4373973630407395,2.003157121581024
30.0,3.0,8553.8271484375,-1.1698923316812715,-0.0710748742613716,-1.3850751934821854,-1.7175855574969343,-1.6913722088255423,1.827630412784562,1.742180545535008,2.740788799649416,0.440668802180113,-2.061922999394048
30.0,3.0,6944.1298828125,-0.7604221925411923,-1.7749249087320238,-1.8439337279228896,-2.6407481830439243,-1.9210611354192344,1.7737727777152037,0.3815483594722892,3.666601225153388,-1.569519784185319,0.8034287621038849
30.0,3.0,6081.546875,-1.6057178492038835,-0.9119809531619488,-0.9198575719783844,-2.66259908257663,-1.4927588540867176,1.5264387478965635,1.2687210804644689,2.8781214819458825,-0.621993294766936,0.7352848147947819
30.0,3.0,23868.5546875,-0.7083053754883777,-1.2801743547868891,-0.7666004109398772,-2.6264139815885,0.7190344383367382,-0.7467217712945189,2.146221183585201,3.798201122009674,-0.8256970374947021,1.902749885427664
30.0,3.0,23707.607421875,-1.786554259997196,-0.9273909833633432,-0.9632420819484696,-2.561470365465764,-1.6887204124186186,1.264468950633981,2.7041652418998687,2.0681363941180395,0.768069349546592,0.6015570601001385
30.0,3.0,15915.22265625,-1.6318860843229146,-1.0339938380243123,-1.356545255468974,-3.9503521890428033,-0.8166622858792287,0.0249236941263207,-0.2877483784467083,4.659058363625794,-1.1042140471526576,1.5478774179711885
30.0,3.0,11838.689453125,0.1158677510768875,-0.9165064662961836,-1.276455269937002,-1.5643234166828397,-2.1361358389693823,-0.2037084378845199,1.8954385616422087,1.0460948835229282,-0.9882394490852676,-1.0383081348383023
30.0,3.0,21025.552734375,-0.0680834310947122,-0.1716139422278166,-0.3080056132175082,-0.5408466954910676,-3.139246743423288,0.168880144868914,1.8202858579231576,1.4173216736983436,-1.3236242257676951,1.825769620299968
30.0,3.0,14509.17578125,-0.0866757347063416,0.2193948415009489,-0.9858224422715808,0.0559455309933971,-0.7732724814209222,1.99870807514501,0.642517900327589,0.5033832767759909,0.5826236071831126,-0.9196418252406244
30.0,3.0,16600.365234375,-0.66395753418577,-0.5869525031981826,-2.064063746758721,-2.469424239919296,-2.2717640851271104,0.2910879566716922,2.6497155249112008,3.517523115073921,-0.3720445046039087,0.5872498160333777
30.0,3.0,5243.298828125,-0.8970100266431513,-0.4624181799313215,-0.8879368840571972,-1.208652136205859,-1.3805958703205032,-0.9395366240972126,0.4261361137258798,3.300005891172217,-0.4956089753547813,-1.699059417599972
30.0,3.0,4321.09130859375,-2.673613760891424,0.5884206812361726,-2.020331483279468,-3.6028603692873498,-2.9621475672377744,1.502584182558334,0.0476388507468252,3.602665957707791,-0.6802063975036947,0.9755818672379468
30.0,3.0,11475.7275390625,-2.699417592572478,1.1149830200828663,-2.1717179661656267,-2.7568485393755244,-1.0737875064797695,-0.7982222359657434,2.1788704066503373,3.5790324079654283,-1.3754992705765543,-0.2121601778748443
30.0,3.0,18600.740234375,-0.3023997431557816,-1.916574004536837,-2.25546879371945,-1.0992776289148658,-1.882919507525324,-0.3959485852500541,2.3189396572817262,3.6576757686828767,-2.035511419180728,1.0549846893601162
30.0,3.0,8236.1787109375,-0.4876474555047374,-2.2507346310442577,-1.778493923332784,-3.2034712696534244,-0.536863225012297,0.1165840028627194,0.4400860793555081,3.344510224817648,-0.6752229540149342,0.2592793367344059
30.0,3.0,2111.709228515625,-0.459615795545724,-0.761842637303279,-1.893757993102337,-3.8706335367983407,-1.87987808876886,1.296810871814782,0.3418724698189972,2.432606507329069,0.5224884572871222,1.296081526467264
30.0,3.0,40481.55859375,-0.6229788251373436,1.4014507212916996,1.037930029701249,-1.5380718697945586,-1.332503067074693,-2.1657517566509297,0.7220528297493116,3.819471052827301,0.4530558012271009,0.2127278623756945
30.0,3.0,12129.2919921875,-0.869817745612492,-0.2350611597481453,-0.3588929897735822,-0.5443492134549826,-2.862953676341248,0.5256996600560363,-0.7940322634913297,2.147686284517944,-0.048883920306487,-0.2555455791370624
30.0,3.0,5172.904296875,-2.0025155986205885,0.1869424447129297,-1.2475900332451588,-3.697560877440123,-1.2975500513418714,1.318630875604173,0.9373804507447914,1.743384497830684,-0.4689411075383335,0.0300317902532489
30.0,4.0,6269.978515625,-2.77377536596108,-1.4685990503293227,-2.337044664253652,-4.69485799989162,-1.8232442523623515,0.7888928378853,0.3911460310184442,2.054287111251217,0.9321959662791508,1.932677791634125
30.0,4.0,7385.39794921875,-1.5864776422439255,-1.8840152166770168,-1.5117948174045062,-3.227336822021764,-1.735980130795522,2.139157897828305,0.9564609172325812,3.566377896302403,0.7967020386455683,2.077782185707523
30.0,4.0,6341.53076171875,-2.206170476238467,-1.2128677646705943,-2.1766082487624194,-4.821191622736318,-1.969087220644873,2.162148075267164,-0.1458279764921097,3.137114514732536,0.2191415298288093,1.4065221502627443
30.0,4.0,19523.41796875,0.6283295847453303,0.0086314069791552,-0.3072220339119624,0.01178598958178,-1.8490484411809385,2.076376670493353,1.08857477631173,2.316728363401105,-0.2335457124503223,0.2496413127919488
30.0,4.0,3007.39453125,-0.4977062970636947,-0.4674805250612748,-1.731681179240064,-3.740934370130069,-1.5855733639917546,1.8342184134539967,-0.102633928455546,2.615856215420963,-0.2954177049737303,1.4428579415349063
30.0,4.0,11932.3203125,-0.9142126498484896,-2.4767194998724023,-2.7794257301041605,-3.122369035029801,-1.2861013614718684,1.287028148320332,-0.3670786520998932,2.809037846546822,1.0976525602984093,0.333565967787226
30.0,4.0,8087.92138671875,-1.320330179959112,-2.187043229963745,-1.9572368523741293,-4.898482672287998,-1.6527303086762757,0.4046621014856288,-0.1866580803009292,2.897808383049978,0.4547506668747516,-0.1696325079628077
30.0,4.0,4859.36376953125,-1.3716685947597824,-1.3065796409216903,-2.710296561508911,-4.705903516122049,-2.307258779408461,1.5639026657094122,0.4323774376296931,3.607597019750268,0.7285971765514851,0.6140089854359645
30.0,4.0,4725.8583984375,-2.457541414846244,-1.0644696782260177,-2.710572446444763,-4.25534120046271,-2.2509117438540525,-0.0848870570316192,0.3928695486466456,3.01699981321323,1.280876290048481,1.6724744688626936
30.0,4.0,23077.158203125,-1.0628210541705876,-0.7024910233544558,0.16796007646857,-3.6525022268970098,-2.1196862582043616,1.7083921880248043,-0.4959027942494037,2.123220135728894,1.377932242050197,2.386455724548361
30.0,4.0,3499.14990234375,0.0490874771164926,-0.6134279451027451,-1.8014836146088624,-3.888601988976781,-1.30580294987657,0.3842123754118596,0.7277743926387636,3.576598474876362,0.5214930622402124,1.1411036668132537
30.0,4.0,4720.04296875,0.8668195638880298,-0.3510953558038679,-2.591585848594685,-4.140276275975095,-0.3971162727384778,0.574614237894834,0.8699099277224667,2.0572243630763194,-0.1742132499603763,-1.193671607171979
30.0,4.0,2148.544677734375,-1.204940366950884,0.2882851838634914,-1.7346284558911655,-4.140949697552856,-2.1074083424920844,-0.2881892598038672,-0.0178840727251556,2.5038877222063585,0.1072239643099253,1.6695257705340023
30.0,4.0,1137.572998046875,0.2161583404020199,0.1907385379411856,-2.306035998605108,-2.8924855496664,-1.833355578732472,-1.385133827660662,0.158493295257271,3.007843535981902,-0.0465592467074007,1.8179205310360784
30.0,4.0,2599.19140625,-1.6670134553779197,-0.6077480214257656,-2.254082290168032,-4.064953234611783,-1.7321371715762977,1.8096337285260289,0.4539863754797558,3.327018443437348,0.7536325676924648,2.036308029523377
30.0,4.0,2371.508056640625,-1.3507438375568597,-1.069316213553094,-2.089975319808312,-1.9502929176107984,-3.067081768973454,1.0760188312148966,-0.0219903653116788,3.05076016517136,-1.3163859274195078,0.977742284503356
30.0,4.0,7300.8701171875,0.0132135735649729,-1.004370349817594,-2.97726066920011,-4.563593361657232,-2.1615772032592373,1.5675590774868349,0.2211234687065592,4.231198992037264,0.0908773847123665,1.7516585765632866
30.0,4.0,5717.77099609375,0.3142845839932742,-1.2116376956469674,-2.655375812090835,-3.673533989659693,-1.9908820049835647,1.9840741405199875,0.5163122910784343,3.154857670376296,-2.4983880287599627,2.139747106043604
30.0,4.0,5076.03173828125,0.1206303665851722,-0.8985291329797089,-2.409588743843569,-4.025771936996629,-2.4184243260285734,1.920621108387175,0.9896469969577888,3.3237592989282536,-1.912967646599697,0.8937043423104076
30.0,4.0,2607.900634765625,-1.0125090482983046,-1.196103038503747,-1.6161545834061903,-3.1466097338896484,-1.7077390307350202,0.6323279363322583,0.1086042088695477,2.939916780808397,-0.9887313619642968,1.459667309689069
30.0,4.0,13788.9345703125,-1.3661938639644355,-1.031478923506648,-0.2412943170847896,-2.871679257128627,-2.478180139459317,1.5688782293777497,-0.5895494877303216,2.8694930320264898,0.9461752988906738,0.2371468066326436
30.0,4.0,3554.0009765625,-1.4744745855733474,-0.5012013201046841,-1.6755552419695188,-4.18507372397201,-2.15754885791748,1.6506073953150804,0.5680009909309174,3.044535753979696,0.6521679219071985,1.1790785024566024
30.0,4.0,13436.5703125,-0.3804748805201878,0.1661373664803749,-0.9712797469197588,-0.948682957929668,0.4500346665676069,-1.7135449268495533,0.2182299266129101,-0.9614183328778136,0.7579657711160812,1.2580663924071978
30.0,4.0,3549.5556640625,-0.4313858857050898,-0.9735186785069332,-2.8308383297404847,-4.887695279148346,-1.976290496019116,0.3639875543678746,-0.2728450948394201,3.553632277409747,0.2166433422206803,0.5792815118286767
30.0,4.0,4624.75244140625,-0.8352445737425056,-0.850935823509721,-2.799057559003825,-4.344989129913927,-2.423224653270148,1.7072666434646462,1.2629119245547158,2.2315884306361,0.9943588004731908,2.1753453101148965
30.0,4.0,20642.572265625,-0.4025553812350562,-0.2562258417755069,-0.9488390023879156,-4.102463230036653,-1.5234622586031783,0.2524788296633836,2.4674405909888093,2.2452812050501194,-1.0189903420345248,1.4300693205716206
30.0,4.0,4137.7431640625,-0.9243377461558246,-1.726298760536204,-2.12046051518638,-4.146210677469798,-2.334697146452528,1.4355979204652214,-0.081774624897823,2.4540948318492632,0.555941722428371,1.3937349547003266
30.0,4.0,4801.642578125,0.1449529558351004,-0.5471996762869413,-2.2709872816714323,-4.437026215198961,-2.7365820000391508,0.105452540371322,0.6016843052482264,3.941459776282765,0.7301198707914907,1.476650841892537
30.0,4.0,3137.74609375,-0.5083044636679821,-0.5479429094032269,-2.056918299899256,-1.9319952766417656,-2.0094998272762847,0.2802406448220167,0.5779511209377772,3.105873904225972,1.254364503280646,1.4648220941155252
30.0,4.0,2975.61865234375,-1.423832990935435,-1.0945875076784528,-2.158187781681301,-3.5689139353260746,-2.123789903769066,-0.2588001788629657,0.7848831942888245,3.1002038083897068,-1.2875669276585222,1.476322675635017
30.0,4.0,11789.1533203125,-2.360526219623135,-1.6530336994966897,-0.4952574601858162,-1.956853334016026,-0.9877608535044464,1.4340556515141571,0.8061087703160825,4.1517094798259055,0.4373973630407395,2.003157121581024
30.0,4.0,8371.12890625,-1.005438435323243,-0.7214967530770412,-1.1123877444605874,-1.7983479463611918,-2.4379314112558257,1.5671424536570786,1.5876723377487876,2.053275354558932,0.6193426610862567,-0.2054350894942433
30.0,4.0,3618.537841796875,-0.3930791660214552,-1.148941996485481,-2.4622225471909385,-4.06974522385592,-1.9103219919373544,1.96863349643406,0.0184281738792555,2.580128701721708,-0.8004525049261434,1.911456332875289
30.0,4.0,6081.546875,-1.6057178492038835,-0.9119809531619488,-0.9198575719783844,-2.66259908257663,-1.4927588540867176,1.5264387478965635,1.2687210804644689,2.8781214819458825,-0.621993294766936,0.7352848147947819
30.0,4.0,4687.9150390625,-0.4121661587126354,-1.814164456795332,-2.766600410939877,-2.439890649745337,-1.2520500741829768,-0.7611516538644614,0.1462211835852009,2.8889125256431747,-1.395487970704289,1.2890668370328966
30.0,4.0,2518.89990234375,-0.9875650442232168,-0.6343020688333217,-1.7842725249089089,-3.5741168301749133,-1.7635861118805742,1.468802710884151,0.7041652418998687,3.306960659417423,0.539848693860743,1.1792005670985284
30.0,4.0,4158.55810546875,-2.203632944229444,-1.463040879184344,-2.797842243118147,-4.719534984311412,-0.9326854070681768,1.2626086256695477,-0.0236748976971409,2.6590583636257943,-1.211379937587148,2.285064184273714
30.0,4.0,6168.634765625,0.1158677510768875,-0.3678798744710193,-0.7832655635183654,-2.429446416070706,-2.871999549727183,-0.1223659864233597,0.2246701177907282,1.1852346905699789,-0.7691570492483653,1.9121905877317305
30.0,4.0,1497.657958984375,-0.4700344220804168,-0.957862135245918,-1.6496246950943605,-2.2722163110372104,-2.0621180350388624,0.7669913214896805,0.0408187798053221,2.381024314559216,-0.5274549402885423,1.881313340331458
30.0,4.0,7840.3349609375,0.5268331532336521,-1.2740163739139487,-1.3562959670886672,-2.466916729943545,-0.5617344433979579,2.2017340716683456,0.1055865131281856,0.5033832767759909,0.5826236071831126,-0.583820279342796
30.0,4.0,3365.17041015625,-1.3445581285830626,-1.09522375508184,-2.518080549168156,-3.871751958426621,-2.008938667662184,0.0466732010767313,0.6497155249112008,3.636513645550406,-0.4282672822256195,1.593421324577924
30.0,4.0,1849.58984375,-0.3752254443515427,-1.2229153739932928,-1.9307632818339184,-3.20865213620586,-2.4880114995112663,0.986116132365748,0.0776541344025005,2.0979540692027614,-0.0474972675348044,0.3009405824000279
30.0,4.0,4321.09130859375,-2.673613760891424,0.5884206812361726,-2.020331483279468,-3.6028603692873498,-2.9621475672377744,1.502584182558334,0.0476388507468252,3.602665957707791,-0.6802063975036947,0.9755818672379468
30.0,4.0,9067.177734375,-0.6994175925724782,-0.0056691885253816,-2.696168268247303,-4.092621055861518,-3.073787506479769,1.2017777640342566,0.2987652095237743,4.241017761660343,-2.099286238756957,-0.0295598594656282
30.0,4.0,7317.45947265625,-0.4863866876493832,-1.9183503620787807,-2.145676029409268,-3.099277628914866,-2.6520223305826702,-0.1679315934408457,0.3189396572817262,3.9177009188565126,-0.3411186639044756,2.1653481259983383
30.0,4.0,2986.432373046875,-1.093655200702529,-0.2507346310442577,-2.731722207792042,-4.814723563794379,-0.3063261215143396,1.5313046924672171,0.0275906585361463,3.3060772995562155,1.182349572868519,2.0634740162704
30.0,4.0,2111.709228515625,-0.459615795545724,-0.761842637303279,-1.893757993102337,-3.8706335367983407,-1.87987808876886,1.296810871814782,0.3418724698189972,2.432606507329069,0.5224884572871222,1.296081526467264
30.0,4.0,7893.064453125,-0.616206967091286,-0.8977624869522136,-0.8156636095865475,-1.5380718697945586,-1.4842118155641302,1.8342482433490703,1.4775713134697956,2.990047280157407,0.9395011731186772,1.0849954435932354
30.0,4.0,6822.640625,-1.2119928855265836,-1.1868340516160956,-0.7873870224333329,-0.8537423951414933,-2.0238783389123656,1.4991046043598464,-0.7940322634913297,1.8791352145120888,-0.6007648975065178,0.9282005981345076
30.0,4.0,4489.0634765625,-0.5696386553025716,-1.106518059613675,-2.703753818780238,-4.766072935087569,-1.9491380844154853,1.5442833923194508,-0.0869687084671237,3.743384497830684,0.2886822831113701,2.0300317902532488
30.0,5.0,1345.7244873046875,-1.4266631293384051,0.5314009496706773,-3.045415663931529,-3.833411177213092,-2.127570223016668,-1.2111071621147,-0.0595933680047436,3.2763906425911107,-0.3813971578666294,1.920704198760896
30.0,5.0,1181.967041015625,0.4135223577560742,0.1159847833229832,-2.4001795635547447,-3.4446447808864424,-1.5934355873248902,0.1391578978283045,-0.6512949282423224,2.545580858310036,0.1783633817104623,1.8256181275864944
30.0,5.0,5033.76318359375,-1.2470780071650758,0.7852044924479551,-2.263756740077998,-4.937103154497518,-2.587711615286728,1.9943967903425024,-0.1317354907500065,3.327219820596109,0.7511993760451198,2.338253872392696
30.0,5.0,2880.577392578125,0.7015351566444273,0.5113293444233726,-2.3072220339119625,-1.4764003282568994,-1.8150282919256524,0.076376670493353,-0.91142522368827,3.1085032511730417,-0.3132563868719832,2.249641312791949
30.0,5.0,1603.9932861328125,0.1967161283707431,0.4165027647327912,-2.721390803361448,-3.942202248451457,-1.10916117090623,-0.1657815865460032,-0.1391017068040105,3.34001404564516,0.1240453789685647,2.132075227604912
30.0,5.0,1328.150146484375,-0.6439118012464968,-0.4767194998724022,-3.234216935669255,-3.775457761804777,-1.6295046202526795,0.598491780959904,-0.6921182771849836,3.3734727028223404,0.548223317846543,2.333565967787226
30.0,5.0,7740.66259765625,0.6796698200408879,-2.119293495098014,-2.3691044615604624,-2.898482672287998,-1.9965843143553768,-0.38851935434844,-0.3826055171270837,2.4916450999851576,0.4276754966254732,1.210723476047194
30.0,5.0,439.4668273925781,-0.92215222765976,0.6934203590783095,-3.3114508709716786,-2.7059035161220493,-1.8055877230792503,-0.4360973342905878,-0.047716393911291,2.3956182811792512,0.6735690552415086,2.600519733946988
30.0,5.0,2015.3511962890625,-0.4575414148462435,-0.7727128095572625,-3.015745100899216,-4.359371759838515,-2.41931010059653,-0.9589530926870048,-0.8093278470465082,3.3285448866490817,0.5198400215298786,2.0550634384099897
30.0,5.0,5956.2900390625,0.6562389596381799,-0.2160668216552854,-1.83203992353143,-3.7373438392795126,-1.5849745944855709,2.0667166813174127,-0.4384577932265301,2.946016591179275,-0.6169249372636532,2.4439636725866207
30.0,5.0,977.018798828125,0.3563213492646414,0.0484382886943492,-2.883723391916152,-3.607068316239928,-1.421215805359608,1.113946434901146,0.2314904031565977,2.6872657869477616,0.0154088685631154,0.8726300905677387
30.0,5.0,3886.04443359375,0.4710758394256369,0.2269101018911861,-2.9579794874552,-4.391058967030255,-0.486795948069521,-1.425385762105166,-0.4060686413082135,2.835860102961,0.4077413650603851,-0.5963909929081658
30.0,5.0,943.2664794921876,0.1125410979526289,0.3547541813536515,-2.7360015015740973,-3.903855563569736,-2.2168488056369777,-0.8547226876093862,0.1423183778773548,2.642999130282771,0.6802403319261583,2.095462843681229
30.0,5.0,1137.572998046875,0.2161583404020199,0.1907385379411856,-2.306035998605108,-2.8924855496664,-1.833355578732472,-1.385133827660662,0.158493295257271,3.007843535981902,-0.0465592467074007,1.8179205310360784
30.0,5.0,1269.6104736328125,-0.0413090908727382,-0.1757788289674571,-2.693810457396032,-3.956068786651031,-1.7797657965879687,-0.1903662714739711,0.0498330927317788,3.1937076658675188,-0.0228851992704598,2.102095847476058
30.0,5.0,1646.819091796875,-1.9065750245325304,0.2102733088694546,-1.984229030828876,-2.97419563486095,-3.067081768973454,-0.5298801809419831,-0.396759884149962,3.119619700764464,-0.083297782097495,0.6433846875229192
30.0,5.0,1577.6044921875,0.9520679872413816,0.995629650182406,-3.2536589540993246,-2.563593361657232,-1.784608893147376,-0.4324409225131651,-0.0999531676627231,2.4332870568847182,-0.1226407400386581,1.973825865339992
30.0,5.0,5717.77099609375,0.3142845839932742,-1.2116376956469674,-2.655375812090835,-3.673533989659693,-1.9908820049835647,1.9840741405199875,0.5163122910784343,3.154857670376296,-2.4983880287599627,2.139747106043604
30.0,5.0,2042.800048828125,0.2272731712876787,0.3762332363567062,-1.9400486760237727,-2.56740998269162,-1.0153207486996907,0.3173582335470408,0.7866536287825951,3.141720301935886,-0.2243283150509072,1.3038755583072503
30.0,5.0,2607.900634765625,-1.0125090482983046,-1.196103038503747,-1.6161545834061903,-3.1466097338896484,-1.7077390307350202,0.6323279363322583,0.1086042088695477,2.939916780808397,-0.9887313619642968,1.459667309689069
30.0,5.0,7084.61328125,-0.1773130975184444,0.4794152490177361,-1.0063279113708663,-3.270477148464141,-1.6461346110334727,-0.4311217706222505,-0.0169444387950417,3.693913997330254,-0.6084712228200335,0.570981060994686
30.0,5.0,1274.954833984375,-1.7716263191307775,-0.6479838421163608,-3.485498175412625,-2.280053555064399,-1.9217256477588216,-0.3493926046849196,-0.8150288129130421,2.901117097929615,0.8570620450879625,2.9103325447830257
30.0,5.0,13436.5703125,-0.3804748805201878,0.1661373664803749,-0.9712797469197588,-0.948682957929668,0.4500346665676069,-1.7135449268495533,0.2182299266129101,-0.9614183328778136,0.7579657711160812,1.2580663924071978
30.0,5.0,3549.5556640625,-0.4313858857050898,-0.9735186785069332,-2.8308383297404847,-4.887695279148346,-1.976290496019116,0.3639875543678746,-0.2728450948394201,3.553632277409747,0.2166433422206803,0.5792815118286767
30.0,5.0,3030.00146484375,0.4201737616601242,-0.701947192560525,-3.2389521581177947,-3.683874913908396,-1.469085468760222,-0.2927333565353538,-0.7370880754452842,3.482465774048798,0.0352858977002744,2.185456490341364
30.0,5.0,5591.85302734375,1.0179091630933008,0.1072362124432264,-2.880535339123193,-4.295354386216378,-1.3795940095771635,-1.7475211703366165,1.443505336703328,3.4464536464332625,0.1858397854822708,1.5794412509165126
30.0,5.0,3050.431640625,0.6371007670178681,-0.7736876904614627,-3.173244604805028,-3.875663847095532,-2.5520881376440863,-0.5644020795347786,-0.314999002829286,3.365845771008862,0.3970312006415822,2.911118147694345
30.0,5.0,2282.43359375,0.5837608212359291,0.1109881748435663,-3.0221396962351124,-4.5641650218536185,-2.1808261694028377,-0.7880665991612136,-0.8559686258530892,2.7858430735242927,0.926913539253599,2.684616223423668
30.0,5.0,3137.74609375,-0.5083044636679821,-0.5479429094032269,-2.056918299899256,-1.9319952766417656,-2.0094998272762847,0.2802406448220167,0.5779511209377772,3.105873904225972,1.254364503280646,1.4648220941155252
30.0,5.0,531.5946655273438,-1.302168205707655,0.1577978316768598,-2.8015901832300285,-3.496890545264069,-1.7581591707672204,0.2446612854199806,0.2453076036505482,3.0738852282406066,0.3868502445564465,2.441620065505182
30.0,5.0,11789.1533203125,-2.360526219623135,-1.6530336994966897,-0.4952574601858162,-1.956853334016026,-0.9877608535044464,1.4340556515141571,0.8061087703160825,4.1517094798259055,0.4373973630407395,2.003157121581024
30.0,5.0,2224.26123046875,0.4023843425780229,0.799235009976926,-2.424119323981615,-1.3599863502182523,-1.759203320774728,1.403270419102921,-0.4123276622512124,2.0972516329558566,-0.1888730552191279,1.7945649105057566
30.0,5.0,1615.9425048828125,0.3419195606173676,-0.3046697075920792,-2.6001848864758914,-3.3768139930021657,-1.7660796717650318,-0.0313665035659398,0.0426362414794744,2.281006575275974,0.7993211244228847,2.2497355752206105
30.0,5.0,5529.07080078125,-1.1615691027229842,0.178428573930227,-1.8645498017664413,-2.4880791162545624,-1.917470660078508,-1.0840921991386998,1.2778024380190551,3.865512598355167,-0.7525138606939341,2.0157493174303287
30.0,5.0,2983.893310546875,0.936771612512388,-0.5601652472513252,-2.794684517871729,-2.611973062995616,-2.709389553935001,-0.8196369535517806,-0.6302955438216087,2.5843985205020075,-0.1399738569909869,1.055327173846446
30.0,5.0,2518.89990234375,-0.9875650442232168,-0.6343020688333217,-1.7842725249089089,-3.5741168301749133,-1.7635861118805742,1.468802710884151,0.7041652418998687,3.306960659417423,0.539848693860743,1.1792005670985284
30.0,5.0,1325.4842529296875,-0.2036329442294433,0.5369591208156561,-2.5763065106931395,-2.7195349843114123,-0.9832702624618976,-0.7373913743304525,0.3922265191154506,2.294513800334911,-0.7768149054349069,1.7804333815825546
30.0,5.0,4241.505859375,0.9689420884548428,-0.5701434128259066,-2.5324322881600656,-2.4223564110793547,-1.827156028422004,-1.6333325996975767,-0.3741140995447529,3.1852346905699784,-0.3719528201459015,2.179722660790848
30.0,5.0,1497.657958984375,-0.4700344220804168,-0.957862135245918,-1.6496246950943605,-2.2722163110372104,-2.0621180350388624,0.7669913214896805,0.0408187798053221,2.381024314559216,-0.5274549402885423,1.881313340331458
30.0,5.0,7368.2373046875,1.1480126137153557,-0.3591422614138851,-3.0050598372289348,-3.0018568761163245,-1.6666358433428077,0.2017340716683455,-0.3014470082940891,1.0467691997101527,1.2705732543795416,0.5284847060598106
30.0,5.0,1051.66455078125,-0.5646610756822162,-0.4620549967328967,-2.55841589645293,-4.399659744832781,-1.7145987516220085,-0.2670210056962137,-0.3046628101821044,2.7292766362154506,-0.0872438948918062,2.024152553375436
30.0,5.0,1849.58984375,-0.3752254443515427,-1.2229153739932928,-1.9307632818339184,-3.20865213620586,-2.4880114995112663,0.986116132365748,0.0776541344025005,2.0979540692027614,-0.0474972675348044,0.3009405824000279
30.0,5.0,1188.0965576171875,-0.9758058805459188,1.072157801997514,-1.820353600002054,-2.8675928082099684,-1.876925357967316,-0.0443741719805255,0.2760014043922771,2.6194075859103725,-0.1464439038302277,0.4187710637702864
30.0,5.0,7400.296875,1.3005824074275218,-0.220496233933763,-2.319299085652983,-2.4305365817005944,-2.0100642434123355,-0.7982222359657434,-0.529213570251912,3.906833138864456,-0.0992862387569575,1.740987073100598
30.0,5.0,4430.70654296875,0.7537477937717383,0.0816496379212186,-2.3717035690898856,-3.804267409645017,-2.494650992820365,-1.1522440746888694,-0.6736207595195578,3.829248885147698,0.5936950657521866,2.255525412772065
30.0,5.0,2056.46826171875,0.9063447992974708,0.8729060110828262,-2.3411448885920154,-2.836923728152512,-2.30632612151434,0.3153302711203498,-0.0071817720654183,3.2358562245083697,0.7414123640227163,2.503632392058132
30.0,5.0,1591.836181640625,0.7045896606959154,0.2727622362394364,-2.44933793807627,-3.2555465999797035,-1.9143213313665264,-0.4060261457915499,0.0924448771957001,2.708918342409783,0.5285855184212096,2.592971468175115
30.0,5.0,4149.0478515625,0.7401978180198823,-0.778656480920867,-1.4884804161154603,-3.383196974913748,-1.574875742068671,-0.1657517566509296,-0.5224286865302044,2.229282551183581,0.3243407358838979,1.1695799763496868
30.0,5.0,445.6804504394531,-0.3804855219893231,-0.1358250583492906,-2.787387022433333,-2.8537423951414933,-2.0500476469816484,0.1749585158203843,-0.1686932445074667,1.805583034712896,-0.1348184988642328,1.1474925096806872
30.0,5.0,4489.0634765625,-0.5696386553025716,-1.106518059613675,-2.703753818780238,-4.766072935087569,-1.9491380844154853,1.5442833923194508,-0.0869687084671237,3.743384497830684,0.2886822831113701,2.0300317902532488
30.0,6.0,1345.7244873046875,-1.4266631293384051,0.5314009496706773,-3.045415663931529,-3.833411177213092,-2.127570223016668,-1.2111071621147,-0.0595933680047436,3.2763906425911107,-0.3813971578666294,1.920704198760896
30.0,6.0,1181.967041015625,0.4135223577560742,0.1159847833229832,-2.4001795635547447,-3.4446447808864424,-1.5934355873248902,0.1391578978283045,-0.6512949282423224,2.545580858310036,0.1783633817104623,1.8256181275864944
30.0,6.0,1186.141845703125,-0.4215733448203665,1.6472043220897512,-2.766362642287863,-3.740346894751005,-1.6518378492009238,1.0542068936840634,-0.0209337147475564,1.9469383541622889,0.948356514869501,2.7716112279072496
30.0,6.0,1472.33203125,-1.2984648433555726,0.8421085185889046,-4.052695792932032,-3.4764003282569,-1.7894996451375855,-1.679781942318765,-0.4816079508589863,2.181553619187461,-0.3089375493523188,3.3231359304761003
30.0,6.0,797.40869140625,0.1567968760272509,1.2106286557389914,-3.481634259607397,-3.132543412775082,-1.8774013167176449,-1.4574231655363792,-0.0785815480251875,2.661470170681538,0.9059095666184628,2.725083509773073
30.0,6.0,517.6328735351562,-0.6806939428591474,1.434429800832718,-3.549979398459441,-2.714364723231646,-1.8322429172050203,-0.3156925794786092,0.0955558444852104,2.460872357376939,0.4559932837220711,3.65003284252498
30.0,6.0,2746.369140625,0.8288241206299768,-0.4637799367931907,-2.7825691205081653,-1.779369466873072,-1.8067062684874564,-0.7955259241600621,-0.3675744273544795,2.296818794196286,0.5778546113571201,3.210723476047194
30.0,6.0,439.4668273925781,-0.92215222765976,0.6934203590783095,-3.3114508709716786,-2.7059035161220493,-1.8055877230792503,-0.4360973342905878,-0.047716393911291,2.3956182811792512,0.6735690552415086,2.600519733946988
30.0,6.0,550.1943359375,-0.064858884138739,1.2272871904427376,-3.303985162547688,-2.359371759838515,-1.6216428184484477,-0.9616977795623682,-1.159321605081893,2.072387196768466,0.3302820027911444,2.448060500850032
30.0,6.0,2928.78662109375,1.2293823090587526,0.7157600440697969,-2.7734354466705504,-3.716906026272815,-1.5791717232099731,0.0667166813174127,-0.3157213034793262,2.210511589783008,0.5023149390393995,2.7473882951033817
30.0,6.0,552.933349609375,-1.2176828428422062,1.1330989260069424,-3.4142443665269715,-2.3580513571447823,-1.8108451103919672,-0.8860535650988539,-0.5189317220526314,1.804228956057596,0.4329739522763532,2.8726300905677387
30.0,6.0,2362.28173828125,-0.476220865584799,0.5631316854473458,-3.5260694843389366,-2.391058967030255,-1.876099432452248,-1.6143038841194943,-0.6104262830862677,3.077865829796048,1.0476130134209083,1.403609007091834
30.0,6.0,943.2664794921876,0.1125410979526289,0.3547541813536515,-2.7360015015740973,-3.903855563569736,-2.2168488056369777,-0.8547226876093862,0.1423183778773548,2.642999130282771,0.6802403319261583,2.095462843681229
30.0,6.0,338.79803466796875,-0.6199777928131147,1.392196896182244,-3.397714281562976,-2.941928172218218,-1.7871050073807362,0.3084052175333895,-0.2235804365158545,2.285276088366156,0.2621472634586782,2.587701048249013
30.0,6.0,1103.4627685546875,0.4549243309238729,0.6460304434971036,-3.9011426980725497,-2.364891413071817,-1.824209725236528,-1.4359719096479162,-0.1845569962552397,3.059732918299148,0.59114248859197,2.76523492212469
30.0,6.0,1646.819091796875,-1.9065750245325304,0.2102733088694546,-1.984229030828876,-2.97419563486095,-3.067081768973454,-0.5298801809419831,-0.396759884149962,3.119619700764464,-0.083297782097495,0.6433846875229192
30.0,6.0,994.334228515625,0.1345508755301061,1.452633473374686,-3.4902361206424204,-1.9518727245383185,-1.651210694966757,-1.3136265226182386,-0.2241340271951348,1.5795352938992575,-0.1851015561219936,2.2602852605002663
30.0,6.0,4168.8759765625,-1.3507547443481631,0.4579112341886199,-2.950108926077173,-1.9945085088296448,-2.3830621229936835,-0.2081829027476203,1.328203341762059,2.0616058638892776,-0.6951232674982407,2.4267292143894705
30.0,6.0,1463.0809326171875,0.0172218688138713,1.5005217389414562,-2.710264335831198,-1.6943752701682142,-1.262684553827914,-0.94434281698823,0.5681868729888149,2.1800299498093345,0.7609686492420069,2.657399362861188
30.0,6.0,1764.41064453125,-1.0125090482983046,-0.3772928651709013,-3.5312405018730155,-2.498266187756607,-1.4798951936519145,-0.8652269058230249,-0.3800677135802494,2.846945216124758,1.053911616401215,1.8155300336743947
30.0,6.0,799.5479736328125,-0.2289219485406772,1.5513574620923365,-3.0063279113708665,-3.1764744832088283,-1.44462340612545,-1.3149394168632125,0.2181851898704099,3.1737552042955466,0.6365054006449349,2.231180442476284
30.0,6.0,1180.382568359375,-1.825424449655536,1.3520161578836392,-4.146464973188247,-1.535884810524318,-1.7373148550971649,-1.2586934116766546,-0.0449726566838913,2.597157829111328,0.5870690134836569,3.070562737490107
30.0,6.0,3025.478271484375,0.0737090114868287,0.7497577011348648,-2.816724393536824,-2.6417369212315105,-0.3272219806753346,-0.7517493873362096,-0.1665378920149707,0.9839942922905818,0.8989840636015874,2.466372977224176
30.0,6.0,2828.443115234375,-0.8813183136874831,-0.1358879592652346,-3.114933408765655,-3.761399289778623,-1.866132038724206,0.181665584963254,-0.2243442789295185,2.268151464581626,1.4414223895845764,2.4865051446332966
30.0,6.0,3030.00146484375,0.4201737616601242,-0.701947192560525,-3.2389521581177947,-3.683874913908396,-1.469085468760222,-0.2927333565353538,-0.7370880754452842,3.482465774048798,0.0352858977002744,2.185456490341364
30.0,6.0,2884.89111328125,0.2490164658381273,1.126376305543431,-4.363579974352311,-2.581357353011992,-1.8298169848213053,-0.6874578350436811,-0.5564946632966719,3.813376831360683,1.2674414818166473,3.360794158364996
30.0,6.0,728.3896484375,-1.2368426219336257,-0.0620656264815706,-3.64489969070347,-3.250285362746636,-1.63347269987905,-1.39975370863682,-0.0051764840816803,1.9722834619171448,0.4209115164846124,3.178936533175009
30.0,6.0,709.42626953125,-1.416239178764071,0.752515426476173,-3.589083172296557,-2.5641650218536185,-1.6538167839716051,-0.8339226839759708,-0.2582182029505976,2.0593325218841043,0.8788622132446321,3.1662662627303133
30.0,6.0,3137.74609375,-0.5083044636679821,-0.5479429094032269,-2.056918299899256,-1.9319952766417656,-2.0094998272762847,0.2802406448220167,0.5779511209377772,3.105873904225972,1.254364503280646,1.4648220941155252
30.0,6.0,531.5946655273438,-1.302168205707655,0.1577978316768598,-2.8015901832300285,-3.496890545264069,-1.7581591707672204,0.2446612854199806,0.2453076036505482,3.0738852282406066,0.3868502445564465,2.441620065505182
30.0,6.0,1722.1988525390625,-0.4991300560267607,-0.097071026718901,-2.075329197732928,-1.5796843514452474,-1.2009145010050597,-1.0451911545643937,-1.442797742325825,1.5521529937307394,-0.2513024229597457,3.231285585634639
30.0,6.0,690.423095703125,0.2348054628638317,1.4095568646301373,-3.5246872809234686,-1.942597736909563,-1.5180385553064046,0.5083798105280045,-0.7728377548993243,2.538369144494825,0.7370367521394676,3.323588160635981
30.0,6.0,1615.9425048828125,0.3419195606173676,-0.3046697075920792,-2.6001848864758914,-3.3768139930021657,-1.7660796717650318,-0.0313665035659398,0.0426362414794744,2.281006575275974,0.7993211244228847,2.2497355752206105
30.0,6.0,2499.798095703125,-1.4991834193633795,0.8039489824744914,-3.8377338451289,-1.9459711541424087,-1.692381325843375,-1.5601115296022714,0.993294313859712,1.917125198362461,0.8120423962994543,2.8389835071036256
30.0,6.0,449.6194763183594,-1.0632283874876118,0.1993365612252153,-2.8388665892833087,-2.814551485607229,-1.5703430265383398,-0.6467207165446596,-0.8489891808985355,2.2171008846132723,0.5253285768636241,2.668566069859006
30.0,6.0,2518.89990234375,-0.9875650442232168,-0.6343020688333217,-1.7842725249089089,-3.5741168301749133,-1.7635861118805742,1.468802710884151,0.7041652418998687,3.306960659417423,0.539848693860743,1.1792005670985284
30.0,6.0,972.3031005859376,0.0140958693832838,1.6592249721812555,-3.078014702593524,-1.842516928094996,-1.8291206674316247,-1.549421583023929,-0.1733560166214369,2.216187368359399,-0.1739185700673937,1.8997313839528456
30.0,6.0,1759.2503662109375,0.0480589922049118,-0.5852754475063713,-4.532432288160066,-2.495463577810962,-1.3655916082684427,-0.0255643568915606,-0.4445525197195604,2.969533867482036,0.0295611156580077,2.3143647623823047
30.0,6.0,1497.657958984375,-0.4700344220804168,-0.957862135245918,-1.6496246950943605,-2.2722163110372104,-2.0621180350388624,0.7669913214896805,0.0408187798053221,2.381024314559216,-0.5274549402885423,1.881313340331458
30.0,6.0,3213.851318359375,-0.8519873862846445,1.0953567535855373,-4.205538826468641,-3.120417615030796,-2.272764213089494,-0.8563242218397153,-0.1779333170496585,2.22044567238991,1.5046107418374937,2.5284847060598103
30.0,6.0,945.1600341796876,-0.9088451128915152,1.1383543039582262,-3.897752979917293,-3.729338785354939,-1.6252532624713525,-0.6482170533828218,-0.632770816665523,2.286327090652059,1.017006988678473,3.141643735681217
30.0,6.0,1341.3424072265625,-1.1825680542756627,0.9823666986225236,-2.676308978974243,-2.985716857632786,-2.2197157500570883,-0.3203908912865025,0.0987491984582271,1.4020197207854808,0.4606248238947261,0.4767435169378076
30.0,6.0,1188.0965576171875,-0.9758058805459188,1.072157801997514,-1.820353600002054,-2.8675928082099684,-1.876925357967316,-0.0443741719805255,0.2760014043922771,2.6194075859103725,-0.1464439038302277,0.4187710637702864
30.0,6.0,7400.296875,1.3005824074275218,-0.220496233933763,-2.319299085652983,-2.4305365817005944,-2.0100642434123355,-0.7982222359657434,-0.529213570251912,3.906833138864456,-0.0992862387569575,1.740987073100598
30.0,6.0,2326.743408203125,-1.2462522062282615,1.5608346207422277,-4.08451054848628,-1.9123577122699007,-1.0750648210229758,-0.4780859393862486,-0.7195308274414909,3.423725546625974,1.1584393437487877,2.745462603284255
30.0,6.0,706.049072265625,-1.093655200702529,1.2329959123991214,-2.917137201819895,-1.9611941592154905,-2.3938510681040497,-0.8616805734864539,-0.0935054285877651,2.806623168068043,0.5479491074928129,2.777958980998596
30.0,6.0,1131.0869140625,0.6584727175108314,1.1433267348740963,-3.903540338045247,-2.140914968900734,-1.823893026059804,-1.189386853818823,-0.0471187057751084,2.3797930210742986,0.7532253318797546,3.1757596380137536
30.0,6.0,1570.6640625,0.0058120570213697,-0.5614514049751285,-2.671221803992734,-4.156950038232329,-1.7210585623294152,-1.329807704091246,-1.2196694970170865,2.117106193707522,0.1228090218503367,2.804628986420465
30.0,6.0,445.6804504394531,-0.3804855219893231,-0.1358250583492906,-2.787387022433333,-2.8537423951414933,-2.0500476469816484,0.1749585158203843,-0.1686932445074667,1.805583034712896,-0.1348184988642328,1.1474925096806872
30.0,6.0,1284.5316162109375,-0.8453262952933285,0.6397291054000205,-3.5489909671484017,-2.441207084231664,-1.851290357649604,1.5442833923194508,0.1132943436705947,1.8737198303282367,0.7006531440574086,2.693147773224552
30.0,7.0,789.970947265625,-1.826223765578299,1.662988477363049,-3.412284720556493,-3.485925263521114,-1.8140230015513088,0.1357674987615029,-0.1740515249513784,1.7459607367527612,-0.6691744289171015,2.1675067251179496
30.0,7.0,870.2188720703125,-1.2529829712673726,-0.3757373405271875,-2.665401999000217,-3.5360018026476405,-1.6133391762789455,-0.3636435022625344,0.4590798657369545,3.025790436130092,0.0298401475006142,1.0401845763141355
30.0,7.0,638.9159545898438,-0.4009091409680403,1.8214658700365287,-3.1052144243992994,-2.5931024191294867,-1.552955057522496,-0.7632438998374345,-0.1816385066540204,2.080568536979402,0.5119235193696487,2.7801557013678297
30.0,7.0,1127.1806640625,-1.8598606608256167,1.87244007716844,-3.767206920287772,-3.2737643022217933,-1.7769914732554415,0.320218057681235,0.0131501479379004,1.9456314059963915,-0.1716656714217059,3.019109333321611
30.0,7.0,758.877197265625,-0.7522877835490678,1.532679343324785,-3.71054210439808,-2.750386668100006,-1.9945151877861624,0.5425768344636208,-0.3167806480143763,2.002252426606076,0.7337978722152241,2.785299693202795
30.0,7.0,517.6328735351562,-0.6806939428591474,1.434429800832718,-3.549979398459441,-2.714364723231646,-1.8322429172050203,-0.3156925794786092,0.0955558444852104,2.460872357376939,0.4559932837220711,3.65003284252498
30.0,7.0,516.3046875,-0.3898582992041338,0.4445865982675617,-3.2951179839349414,-2.7967457390844634,-1.732326809971504,0.1173639416987727,-0.1230077462762987,2.2159546080264243,0.3814626558391294,3.7961295415764313
30.0,7.0,439.4668273925781,-0.92215222765976,0.6934203590783095,-3.3114508709716786,-2.7059035161220493,-1.8055877230792503,-0.4360973342905878,-0.047716393911291,2.3956182811792512,0.6735690552415086,2.600519733946988
30.0,7.0,550.1943359375,-0.064858884138739,1.2272871904427376,-3.303985162547688,-2.359371759838515,-1.6216428184484477,-0.9616977795623682,-1.159321605081893,2.072387196768466,0.3302820027911444,2.448060500850032
30.0,7.0,563.3485107421875,-0.7203958217568207,1.2625850067235618,-3.77016668248876,-2.232386830520956,-1.6517594349493057,-0.420864190573597,-0.2143051215322989,2.066264408365109,0.4674158552125959,2.711607619926536
30.0,7.0,552.933349609375,-1.2176828428422062,1.1330989260069424,-3.4142443665269715,-2.3580513571447823,-1.8108451103919672,-0.8860535650988539,-0.5189317220526314,1.804228956057596,0.4329739522763532,2.8726300905677387
30.0,7.0,1155.8551025390625,-1.0727529157964624,0.8698343701453876,-3.7151049854694,-2.7122336880391265,-2.3662769797933465,-0.2783715037055576,-0.0714224364503876,2.951784308203836,-0.2148442959904453,3.403609007091834
30.0,7.0,943.2664794921876,0.1125410979526289,0.3547541813536515,-2.7360015015740973,-3.903855563569736,-2.2168488056369777,-0.8547226876093862,0.1423183778773548,2.642999130282771,0.6802403319261583,2.095462843681229
30.0,7.0,338.79803466796875,-0.6199777928131147,1.392196896182244,-3.397714281562976,-2.941928172218218,-1.7871050073807362,0.3084052175333895,-0.2235804365158545,2.285276088366156,0.2621472634586782,2.587701048249013
30.0,7.0,1103.4627685546875,0.4549243309238729,0.6460304434971036,-3.9011426980725497,-2.364891413071817,-1.824209725236528,-1.4359719096479162,-0.1845569962552397,3.059732918299148,0.59114248859197,2.76523492212469
30.0,7.0,1138.660888671875,-0.8191968447527747,-0.1933405367425107,-3.911305810707904,-3.16849800590545,-2.046115694273716,0.7428948548744052,0.7986545805648937,2.41615710978677,0.1281294298470663,2.309107954576858
30.0,7.0,453.7445983886719,-1.649550669532009,1.5747299148906166,-3.4021208715819538,-3.098937135434686,-1.6105751700329989,0.1080170791048995,-0.2717591146195983,2.05152443165706,0.1768174417112997,2.4654697350478543
30.0,7.0,1065.4569091796875,-2.0307555190003788,1.7294705914624615,-3.840246759925032,-2.990625791690772,-1.5924352439466944,-0.7645863043804311,0.1231027987917674,1.6189322996983049,0.5755916712369712,2.6594806194907243
30.0,7.0,1463.0809326171875,0.0172218688138713,1.5005217389414562,-2.710264335831198,-1.6943752701682142,-1.262684553827914,-0.94434281698823,0.5681868729888149,2.1800299498093345,0.7609686492420069,2.657399362861188
30.0,7.0,1032.2987060546875,-1.2755033608162394,1.0873273038580984,-3.854537697545606,-2.334278001905701,-1.9023094211102185,-1.0409910756350922,-0.4486557480394172,1.890755492139074,0.8461075232861472,2.4347528609571465
30.0,7.0,799.5479736328125,-0.2289219485406772,1.5513574620923365,-3.0063279113708665,-3.1764744832088283,-1.44462340612545,-1.3149394168632125,0.2181851898704099,3.1737552042955466,0.6365054006449349,2.231180442476284
30.0,7.0,1180.382568359375,-1.825424449655536,1.3520161578836392,-4.146464973188247,-1.535884810524318,-1.7373148550971649,-1.2586934116766546,-0.0449726566838913,2.597157829111328,0.5870690134836569,3.070562737490107
30.0,7.0,1888.9154052734373,-0.9670252313853414,1.6440673331167095,-4.165958963099683,-3.617174196682414,-0.2973918826080862,0.733502546532641,-0.1676614863493838,2.983994292290582,0.0921357483416592,2.717609991583182
30.0,7.0,800.8504638671875,-1.330151769541891,1.864112040734765,-3.612385347070447,-2.7952302024910893,-1.815698146717672,0.7721604305017554,-0.1998578342244976,2.1200628090549665,0.4690865302133867,2.5864129795484043
30.0,7.0,2388.079833984375,0.5809158450669851,0.7614286718180893,-2.9938988791595325,-1.4494716474676907,-2.3760219970964607,-0.0581323012162944,-0.734231113536931,2.9053336648297385,0.2478530286582522,2.692955348322945
30.0,7.0,1831.5137939453125,-1.0961665755499297,1.8675465706236367,-3.7671633295765625,-2.5432428150140063,-1.9692282247428547,1.312542164956319,-0.7659091730826373,1.8133768313606828,0.9278282261782642,3.5061350626718766
30.0,7.0,450.2902526855469,-1.2691596321725285,1.0867544090473733,-3.598471363714628,-2.639587833486806,-1.494197815638202,0.6002462913631801,-0.2327450344291843,1.7700165607324514,0.3658286366862905,2.51551764157388
30.0,7.0,709.42626953125,-1.416239178764071,0.752515426476173,-3.589083172296557,-2.5641650218536185,-1.6538167839716051,-0.8339226839759708,-0.2582182029505976,2.0593325218841043,0.8788622132446321,3.1662662627303133
30.0,7.0,1702.2413330078125,-1.2163156725286368,0.1586450989390668,-2.196020693159487,-1.657925992915727,-1.9567702014968424,1.2788162684447033,0.4182798853325642,1.6402204229769894,0.3502470877010617,1.5200032093595903
30.0,7.0,531.5946655273438,-1.302168205707655,0.1577978316768598,-2.8015901832300285,-3.496890545264069,-1.7581591707672204,0.2446612854199806,0.2453076036505482,3.0738852282406066,0.3868502445564465,2.441620065505182
30.0,7.0,1722.1988525390625,-0.4991300560267607,-0.097071026718901,-2.075329197732928,-1.5796843514452474,-1.2009145010050597,-1.0451911545643937,-1.442797742325825,1.5521529937307394,-0.2513024229597457,3.231285585634639
30.0,7.0,650.203369140625,-1.2756478855651916,1.6243644221762268,-3.8389844652533656,-2.9061070289665007,-1.5998229474562538,0.0219291592246988,-0.6796156882077818,2.2613999249733814,0.5076415127212812,3.560514451703391
30.0,7.0,885.7169189453125,-0.8849933993006517,-0.3039528441001169,-2.621156913216742,-3.157381219183441,-1.7910791258112555,0.7920548678729125,-0.0469901558312959,2.317503453951792,-0.695157955112456,2.4038531967241927
30.0,7.0,1692.5201416015625,-0.7440996029456759,2.156573231275428,-4.28979511661894,-2.799838156465967,-1.7945987583944016,0.4398884703977286,-1.006705686140288,1.7154467321904765,0.4025778708255411,2.7950211971261907
30.0,7.0,449.6194763183594,-1.0632283874876118,0.1993365612252153,-2.8388665892833087,-2.814551485607229,-1.5703430265383398,-0.6467207165446596,-0.8489891808985355,2.2171008846132723,0.5253285768636241,2.668566069859006
30.0,7.0,2518.89990234375,-0.9875650442232168,-0.6343020688333217,-1.7842725249089089,-3.5741168301749133,-1.7635861118805742,1.468802710884151,0.7041652418998687,3.306960659417423,0.539848693860743,1.1792005670985284
30.0,7.0,598.656494140625,-1.0588513207088175,1.702230936456388,-3.466836389049337,-3.724257621832749,-2.0718259932921743,-1.0429145479388902,-0.4717346962920901,2.306791511667773,0.1930120559031692,2.4138247874520866
30.0,7.0,532.20361328125,-1.2865271490762369,1.4147245524936287,-3.706430996543568,-3.137528636031862,-1.416327034115885,0.8613384030878946,-0.4421988005845074,1.924256335595811,0.1981849834253259,2.3991732404266943
30.0,7.0,1497.657958984375,-0.4700344220804168,-0.957862135245918,-1.6496246950943605,-2.2722163110372104,-2.0621180350388624,0.7669913214896805,0.0408187798053221,2.381024314559216,-0.5274549402885423,1.881313340331458
30.0,7.0,496.7620239257813,-1.319176434143962,1.7388058088303575,-3.103145487819872,-2.827854938452304,-2.1514219800868544,0.882727965445947,-0.1371603249980784,2.7100023394234327,0.7263137082198414,3.402653225025777
30.0,7.0,945.1600341796876,-0.9088451128915152,1.1383543039582262,-3.897752979917293,-3.729338785354939,-1.6252532624713525,-0.6482170533828218,-0.632770816665523,2.286327090652059,1.017006988678473,3.141643735681217
30.0,7.0,976.1060791015624,-1.00017776477668,2.041790659791576,-2.764319798491764,-2.753073352791886,-1.9042261312428628,0.1622424306697428,-0.448208451477317,1.3457918027146611,0.3338243618731228,1.1251371821122256
30.0,7.0,1188.0965576171875,-0.9758058805459188,1.072157801997514,-1.820353600002054,-2.8675928082099684,-1.876925357967316,-0.0443741719805255,0.2760014043922771,2.6194075859103725,-0.1464439038302277,0.4187710637702864
30.0,7.0,2029.7003173828125,-0.9626032439898784,-0.3966310106820756,-3.6499717869097137,-3.4898755675229287,-2.448130833455173,0.5117851450685655,-0.2012748973067221,2.551121317075725,1.208704797719347,2.139726146987673
30.0,7.0,1690.463134765625,-1.1714749657220995,2.115481471315696,-3.746337926235268,-2.385606809898912,-1.7665226834587615,1.3284971323240484,0.2535565905345628,2.2115958300399865,-0.1177858689005562,2.6425666873235323
30.0,7.0,366.9557189941406,-1.3002765807472962,1.4051179217940453,-3.374456460719599,-3.1591672598576164,-2.320344317626514,0.2506716482556181,-0.1321946471456885,2.2784973461055387,0.4045410665633173,2.7601666746781808
30.0,7.0,844.9014892578125,-1.3415272824891686,1.815849289247677,-3.799412792549875,-3.1322051422813635,-1.7679072655627974,-0.903441133043292,-0.2432649999867225,2.1260595797799486,0.4375882434591847,3.29393948002175
30.0,7.0,1233.937255859375,-0.600742484549726,1.4385485950248715,-4.438620742465148,-2.2210382020866897,-1.8359630534990543,-1.7776622135823732,0.3254664991616471,2.345590594036491,0.1588368283772569,3.270795253949054
30.0,7.0,445.6804504394531,-0.3804855219893231,-0.1358250583492906,-2.787387022433333,-2.8537423951414933,-2.0500476469816484,0.1749585158203843,-0.1686932445074667,1.805583034712896,-0.1348184988642328,1.1474925096806872
30.0,7.0,1268.0980224609375,-1.5641432713504022,1.1687525561541323,-3.563887929238461,-2.189840686793908,-1.7501646382098526,1.524476921540935,0.0723059484108376,1.575886072593452,0.4277910318732786,2.682267651212867
30.0,8.0,528.866455078125,-1.917016708589184,1.7083036700144696,-3.417870108427022,-3.433553093673741,-1.789014185792406,0.7879339245744752,-0.1830621424639418,1.81165193952278,0.0772777651368517,2.004872971881947
30.0,8.0,735.060791015625,-1.069489293534449,1.620385693561342,-2.845333479351711,-2.9684208604957245,-1.6242107058990969,0.9257362459299217,-0.1559476558237904,3.030648459272191,-0.0788593853292191,2.0396372945869765
30.0,8.0,626.0008544921875,-0.6322521954984222,1.612721629187445,-3.29330420883926,-2.5215146003359155,-1.935183208450181,-1.181165764668748,-0.2893766114217528,2.2175283653248545,-0.087152448412586,2.4486768446736704
30.0,8.0,744.51806640625,0.1401393391743826,2.087107688767241,-3.294590429213484,-2.526632377316378,-1.7893560300725675,1.0764805377576971,0.0704765231837273,2.496626340033403,0.2612932999476582,2.2074668308497367
30.0,8.0,692.0194091796875,-0.9762096331217897,1.440201738547138,-3.256969390290735,-2.8744361470690984,-1.8945072898135225,1.1297178252908742,-0.3707271285381702,1.874126963453575,0.307336384678785,2.5573003661605624
30.0,8.0,517.6328735351562,-0.6806939428591474,1.434429800832718,-3.549979398459441,-2.714364723231646,-1.8322429172050203,-0.3156925794786092,0.0955558444852104,2.460872357376939,0.4559932837220711,3.65003284252498
30.0,8.0,401.64990234375,-1.1827174437755108,0.9947521328435746,-3.5970246104912422,-3.382232658816379,-1.7753096261306385,0.5722504453438442,-0.2235036978921129,2.2734916700848142,0.1867299541295493,3.0837078198759134
30.0,8.0,381.21917724609375,-0.6006918104515216,0.6196452176844875,-3.2158605199014563,-2.951680941879085,-1.512080508607762,-0.3194645605240989,0.0338634581031901,2.63642997493382,0.0624883523488934,2.260196380729885
30.0,8.0,518.6632080078125,0.1114216551821096,0.7147764798451592,-3.2181567429599944,-3.059499942786357,-1.8833534342533191,-0.5982779398398211,0.2418850044594953,2.447556538617035,0.3201597830381693,2.763276107062892
30.0,8.0,500.9906311035156,-1.3120054192173116,1.588938997284657,-3.4191768656505515,-2.573968424074503,-1.924067911879122,0.1068195584113367,-0.1888604123103339,2.239475387015285,0.2382447594835899,2.6491836721522533
30.0,8.0,552.933349609375,-1.2176828428422062,1.1330989260069424,-3.4142443665269715,-2.3580513571447823,-1.8108451103919672,-0.8860535650988539,-0.5189317220526314,1.804228956057596,0.4329739522763532,2.8726300905677387
30.0,8.0,1155.8551025390625,-1.0727529157964624,0.8698343701453876,-3.7151049854694,-2.7122336880391265,-2.3662769797933465,-0.2783715037055576,-0.0714224364503876,2.951784308203836,-0.2148442959904453,3.403609007091834
30.0,8.0,595.8146362304688,-0.9863771302092084,0.3498304783006416,-2.5277801927133074,-3.3175358434133404,-1.7824660687991296,0.6472383578162886,-0.1428133011381178,2.397492834910061,-0.4766197197733637,1.8427539842279863
30.0,8.0,338.79803466796875,-0.6199777928131147,1.392196896182244,-3.397714281562976,-2.941928172218218,-1.7871050073807362,0.3084052175333895,-0.2235804365158545,2.285276088366156,0.2621472634586782,2.587701048249013
30.0,8.0,465.889892578125,-1.0079185376475783,0.2848486828224836,-3.4320901921179185,-3.816120043695171,-1.7779810560447815,-0.1480210490424285,-0.1288284002909128,2.378900004304992,0.6588193144013728,2.474703307605707
30.0,8.0,877.6334228515625,-0.6051231625817894,-0.4618472085365149,-3.831435367712768,-3.4585307213999794,-1.472561696073494,1.2061196622525974,0.1061723567738792,2.339498829752678,-0.0023678398719119,2.507160009608153
30.0,8.0,410.622802734375,-0.7377600854605971,1.4899169075330858,-3.3638786944334,-3.376784741953197,-1.8026327413121213,0.8042486888914381,-0.287823864496281,2.309020187624151,0.3636775873161981,2.627230952085694
30.0,8.0,738.537109375,-0.1749955948245529,1.5373771073061009,-3.970844812320267,-3.2974686246251674,-1.505725172666453,-0.956365888594652,-0.6935321975309463,2.459675681140597,0.6516069333701553,2.651116699331564
30.0,8.0,897.6727294921875,0.6742119250809975,1.193063642849367,-3.714730448067893,-2.632993941226917,-1.7536203525027332,0.8184347636922925,-0.1676670158918902,2.217157715659085,-0.1450453266577263,1.9714335724690504
30.0,8.0,849.85595703125,-0.2333546656572749,1.873939278064718,-3.5036449230018407,-3.1664377471901783,-1.931574795768072,0.6739664189865651,-0.0452164481782809,1.8178072781594463,0.061814218651052,2.8466799459207928
30.0,8.0,799.5479736328125,-0.2289219485406772,1.5513574620923365,-3.0063279113708665,-3.1764744832088283,-1.44462340612545,-1.3149394168632125,0.2181851898704099,3.1737552042955466,0.6365054006449349,2.231180442476284
30.0,8.0,1180.382568359375,-1.825424449655536,1.3520161578836392,-4.146464973188247,-1.535884810524318,-1.7373148550971649,-1.2586934116766546,-0.0449726566838913,2.597157829111328,0.5870690134836569,3.070562737490107
30.0,8.0,996.01171875,-0.885249533806938,1.5521909756940189,-4.39693677210255,-2.840820019674366,-2.2973918826080864,0.7563102918908925,-0.220967748884835,2.5766026807297555,-0.171536568501108,2.692349867520451
30.0,8.0,800.8504638671875,-1.330151769541891,1.864112040734765,-3.612385347070447,-2.7952302024910893,-1.815698146717672,0.7721604305017554,-0.1998578342244976,2.1200628090549665,0.4690865302133867,2.5864129795484043
30.0,8.0,548.3828125,-1.253338957163178,1.6744327080752188,-2.996650358176352,-3.224918181179324,-2.573976346172443,0.5953334127921456,0.0164739884419758,1.9737915770764385,0.283884119991504,2.524797711145485
30.0,8.0,1188.604736328125,-0.698941192627927,1.9066520858753475,-2.905165388119157,-2.661090014769332,-1.6626925549447087,0.9294334410187362,-0.3082217409790149,1.992785958811728,-0.1665958648697849,3.5012499049637
30.0,8.0,450.2902526855469,-1.2691596321725285,1.0867544090473733,-3.598471363714628,-2.639587833486806,-1.494197815638202,0.6002462913631801,-0.2327450344291843,1.7700165607324514,0.3658286366862905,2.51551764157388
30.0,8.0,709.42626953125,-1.416239178764071,0.752515426476173,-3.589083172296557,-2.5641650218536185,-1.6538167839716051,-0.8339226839759708,-0.2582182029505976,2.0593325218841043,0.8788622132446321,3.1662662627303133
30.0,8.0,1702.2413330078125,-1.2163156725286368,0.1586450989390668,-2.196020693159487,-1.657925992915727,-1.9567702014968424,1.2788162684447033,0.4182798853325642,1.6402204229769894,0.3502470877010617,1.5200032093595903
30.0,8.0,531.5946655273438,-1.302168205707655,0.1577978316768598,-2.8015901832300285,-3.496890545264069,-1.7581591707672204,0.2446612854199806,0.2453076036505482,3.0738852282406066,0.3868502445564465,2.441620065505182
30.0,8.0,560.296142578125,0.0229738867192852,1.4309178493882748,-3.945187898587928,-2.300177638158486,-1.6872006190053797,-0.223715076585884,-0.500445935406412,2.144487442753724,0.0736979208148745,2.652301343287558
30.0,8.0,650.203369140625,-1.2756478855651916,1.6243644221762268,-3.8389844652533656,-2.9061070289665007,-1.5998229474562538,0.0219291592246988,-0.6796156882077818,2.2613999249733814,0.5076415127212812,3.560514451703391
30.0,8.0,885.7169189453125,-0.8849933993006517,-0.3039528441001169,-2.621156913216742,-3.157381219183441,-1.7910791258112555,0.7920548678729125,-0.0469901558312959,2.317503453951792,-0.695157955112456,2.4038531967241927
30.0,8.0,1692.5201416015625,-0.7440996029456759,2.156573231275428,-4.28979511661894,-2.799838156465967,-1.7945987583944016,0.4398884703977286,-1.006705686140288,1.7154467321904765,0.4025778708255411,2.7950211971261907
30.0,8.0,294.11376953125,-0.6865608074234261,0.2866858582340517,-3.5985384303277765,-2.883189582059728,-2.429667852532715,0.3076950019399506,-0.2981505461157492,2.3305024631452027,0.3510794219152174,2.30450727823506
30.0,8.0,2518.89990234375,-0.9875650442232168,-0.6343020688333217,-1.7842725249089089,-3.5741168301749133,-1.7635861118805742,1.468802710884151,0.7041652418998687,3.306960659417423,0.539848693860743,1.1792005670985284
30.0,8.0,481.4809875488281,-0.7764971826755321,1.3289256558349445,-3.5330434072219874,-2.8938299694984835,-2.019367856410919,0.9570854520611098,-0.374585011482196,2.324307418634468,0.4533966205043368,2.7713701808001883
30.0,8.0,532.20361328125,-1.2865271490762369,1.4147245524936287,-3.706430996543568,-3.137528636031862,-1.416327034115885,0.8613384030878946,-0.4421988005845074,1.924256335595811,0.1981849834253259,2.3991732404266943
30.0,8.0,1497.657958984375,-0.4700344220804168,-0.957862135245918,-1.6496246950943605,-2.2722163110372104,-2.0621180350388624,0.7669913214896805,0.0408187798053221,2.381024314559216,-0.5274549402885423,1.881313340331458
30.0,8.0,496.7620239257813,-1.319176434143962,1.7388058088303575,-3.103145487819872,-2.827854938452304,-2.1514219800868544,0.882727965445947,-0.1371603249980784,2.7100023394234327,0.7263137082198414,3.402653225025777
30.0,8.0,825.118896484375,-0.6682532866655277,1.913663057973265,-3.525443792363718,-3.248230801383936,-1.8323875387390889,-0.0206080441371296,-0.2010141773745335,2.5320086432579,-0.0238366975528427,2.544597439011678
30.0,8.0,432.4493408203125,-0.2782272276703861,1.2001774276909454,-3.638074849426587,-2.9963235106681467,-1.6402157621789464,0.4478696602725991,-0.2161797074066664,2.633238376800913,0.1413527541391459,3.1251371821122254
30.0,8.0,516.437255859375,-1.08957793523775,0.9360410862513682,-3.940511022887724,-3.8112134962081727,-1.801961014537108,0.7922755883468435,0.1069363382320484,2.810794936559904,-0.4348812951304628,1.1193488670934515
30.0,8.0,1661.768798828125,-1.509855699857244,-0.9420866414844477,-3.917941634099949,-3.5838074516263285,-1.5933444198433195,0.9279510397512656,-0.1815146757312505,2.320186363952168,-0.1182934480793156,2.6691875751646923
30.0,8.0,661.9820556640625,-0.3787963782629342,1.5086347324793028,-3.233022493405569,-3.4002679162481813,-2.0662394931467163,0.2941554871439706,-0.2866531250767242,1.773732772746048,-0.327953749823748,2.54186078476638
30.0,8.0,366.9557189941406,-1.3002765807472962,1.4051179217940453,-3.374456460719599,-3.1591672598576164,-2.320344317626514,0.2506716482556181,-0.1321946471456885,2.2784973461055387,0.4045410665633173,2.7601666746781808
30.0,8.0,560.7733154296875,-1.2067654782112207,1.675524068647292,-3.43142250441608,-3.376876317714419,-1.7832854665029072,0.5714398794962863,-0.3179412481146856,2.0621146752447874,0.3021023382475523,2.692788715697609
30.0,8.0,1233.937255859375,-0.600742484549726,1.4385485950248715,-4.438620742465148,-2.2210382020866897,-1.8359630534990543,-1.7776622135823732,0.3254664991616471,2.345590594036491,0.1588368283772569,3.270795253949054
30.0,8.0,445.6804504394531,-0.3804855219893231,-0.1358250583492906,-2.787387022433333,-2.8537423951414933,-2.0500476469816484,0.1749585158203843,-0.1686932445074667,1.805583034712896,-0.1348184988642328,1.1474925096806872
30.0,8.0,561.8497314453125,-0.8617570746992008,1.5366897939160666,-3.5406818161863343,-2.305973566810444,-1.7776231640400229,0.4786816800480302,-0.411134409618815,2.1148821638343183,0.3011015292716882,2.631880682091844
30.0,9.0,528.866455078125,-1.917016708589184,1.7083036700144696,-3.417870108427022,-3.433553093673741,-1.789014185792406,0.7879339245744752,-0.1830621424639418,1.81165193952278,0.0772777651368517,2.004872971881947
30.0,9.0,735.060791015625,-1.069489293534449,1.620385693561342,-2.845333479351711,-2.9684208604957245,-1.6242107058990969,0.9257362459299217,-0.1559476558237904,3.030648459272191,-0.0788593853292191,2.0396372945869765
30.0,9.0,419.5506591796875,-0.8051930895614627,1.0769750202878368,-3.723618449081227,-2.7281036552966524,-2.400660569441972,-0.787773655523777,-0.3384368217539012,2.4402516328400807,-0.0653823722131267,2.31606333969767
30.0,9.0,744.51806640625,0.1401393391743826,2.087107688767241,-3.294590429213484,-2.526632377316378,-1.7893560300725675,1.0764805377576971,0.0704765231837273,2.496626340033403,0.2612932999476582,2.2074668308497367
30.0,9.0,656.9757080078125,-0.9996918627708142,-0.559798261452862,-3.734639997061172,-2.934277051641843,-2.196829674795854,0.0652067741360258,-0.3040144322447949,2.46426745424174,0.2122263089876017,2.4173365759265693
30.0,9.0,517.6328735351562,-0.6806939428591474,1.434429800832718,-3.549979398459441,-2.714364723231646,-1.8322429172050203,-0.3156925794786092,0.0955558444852104,2.460872357376939,0.4559932837220711,3.65003284252498
30.0,9.0,401.64990234375,-1.1827174437755108,0.9947521328435746,-3.5970246104912422,-3.382232658816379,-1.7753096261306385,0.5722504453438442,-0.2235036978921129,2.2734916700848142,0.1867299541295493,3.0837078198759134
30.0,9.0,316.59356689453125,-0.5656603473053559,0.1591667723757928,-3.5334387825261344,-2.9886842761480352,-2.956065693080139,0.6957601273833831,-0.1694579194900603,2.268851130877194,0.1591982750791758,2.018763649642422
30.0,9.0,489.6070251464844,-0.2853898831929705,-0.1478287537617386,-3.1262649509620264,-3.359578836133694,-2.0518439144943,-0.1087186976670293,0.1322040523032294,2.5698364076408344,0.3646801100876067,2.0081538329768747
30.0,9.0,279.3392333984375,-0.4687888801183613,0.7475514138373185,-3.37956591689695,-3.282377025862408,-2.4238978263757307,0.4086789951285816,-0.2560088844719789,2.361875961267953,0.1868362778669779,2.615217634827952
30.0,9.0,552.933349609375,-1.2176828428422062,1.1330989260069424,-3.4142443665269715,-2.3580513571447823,-1.8108451103919672,-0.8860535650988539,-0.5189317220526314,1.804228956057596,0.4329739522763532,2.8726300905677387
30.0,9.0,507.1825866699219,-0.779018894253221,0.3827102468200014,-4.174646766531769,-3.2511888525786845,-2.210249686363864,-0.1021510660947753,-0.3398737229760909,2.362174043840185,-0.1147287029031166,2.5258450452301107
30.0,9.0,595.8146362304688,-0.9863771302092084,0.3498304783006416,-2.5277801927133074,-3.3175358434133404,-1.7824660687991296,0.6472383578162886,-0.1428133011381178,2.397492834910061,-0.4766197197733637,1.8427539842279863
30.0,9.0,338.79803466796875,-0.6199777928131147,1.392196896182244,-3.397714281562976,-2.941928172218218,-1.7871050073807362,0.3084052175333895,-0.2235804365158545,2.285276088366156,0.2621472634586782,2.587701048249013
30.0,9.0,465.889892578125,-1.0079185376475783,0.2848486828224836,-3.4320901921179185,-3.816120043695171,-1.7779810560447815,-0.1480210490424285,-0.1288284002909128,2.378900004304992,0.6588193144013728,2.474703307605707
30.0,9.0,416.4002380371094,-0.5537862639306235,0.8348898959061944,-3.608100059401527,-3.5273562860900136,-2.4887947700570843,0.4370854053731885,-0.9193106525241256,2.302858681378099,-0.0290394039737113,2.398615855090197
30.0,9.0,306.2157592773437,-0.3795072852822322,0.305639099619815,-3.589779936178392,-3.3438200758053886,-2.0640658048965506,0.0720575976588927,-0.2974975441540629,2.437835312915956,0.435683976649139,2.630341005237133
30.0,9.0,738.537109375,-0.1749955948245529,1.5373771073061009,-3.970844812320267,-3.2974686246251674,-1.505725172666453,-0.956365888594652,-0.6935321975309463,2.459675681140597,0.6516069333701553,2.651116699331564
30.0,9.0,425.2535400390625,-0.0737408313963481,0.7644703314337571,-3.5462304651103893,-2.733738683839182,-2.2226674456006754,0.4820601892287229,-0.3776756181187238,2.4501348422604883,-0.2638684875905762,1.8743383396067723
30.0,9.0,701.56591796875,0.029829600922227,0.0575303558771196,-3.388151701343155,-3.222159326614973,-2.657881139553816,1.0343246024942552,-0.2910582292063753,2.109433684496024,0.2652747404409267,2.398757724684653
30.0,9.0,799.5479736328125,-0.2289219485406772,1.5513574620923365,-3.0063279113708665,-3.1764744832088283,-1.44462340612545,-1.3149394168632125,0.2181851898704099,3.1737552042955466,0.6365054006449349,2.231180442476284
30.0,9.0,1180.382568359375,-1.825424449655536,1.3520161578836392,-4.146464973188247,-1.535884810524318,-1.7373148550971649,-1.2586934116766546,-0.0449726566838913,2.597157829111328,0.5870690134836569,3.070562737490107
30.0,9.0,699.1400146484375,-0.6484108584333383,0.1150136831839714,-4.42295075493453,-2.547076022570286,-3.1037280865452512,0.7622329685342968,-0.2439076958471854,1.926143181561641,-0.0296530178518729,2.252000906289058
30.0,9.0,800.8504638671875,-1.330151769541891,1.864112040734765,-3.612385347070447,-2.7952302024910893,-1.815698146717672,0.7721604305017554,-0.1998578342244976,2.1200628090549665,0.4690865302133867,2.5864129795484043
30.0,9.0,548.3828125,-1.253338957163178,1.6744327080752188,-2.996650358176352,-3.224918181179324,-2.573976346172443,0.5953334127921456,0.0164739884419758,1.9737915770764385,0.283884119991504,2.524797711145485
30.0,9.0,504.5668029785156,-0.5415742396366819,1.8133768005428763,-2.948405536985518,-2.977310517812662,-2.974322785075459,0.503981905586399,-0.1111060507892776,2.57804885468551,-0.3015981013198003,1.5012499049636996
30.0,9.0,450.2902526855469,-1.2691596321725285,1.0867544090473733,-3.598471363714628,-2.639587833486806,-1.494197815638202,0.6002462913631801,-0.2327450344291843,1.7700165607324514,0.3658286366862905,2.51551764157388
30.0,9.0,709.42626953125,-1.416239178764071,0.752515426476173,-3.589083172296557,-2.5641650218536185,-1.6538167839716051,-0.8339226839759708,-0.2582182029505976,2.0593325218841043,0.8788622132446321,3.1662662627303133
30.0,9.0,1702.2413330078125,-1.2163156725286368,0.1586450989390668,-2.196020693159487,-1.657925992915727,-1.9567702014968424,1.2788162684447033,0.4182798853325642,1.6402204229769894,0.3502470877010617,1.5200032093595903
30.0,9.0,531.5946655273438,-1.302168205707655,0.1577978316768598,-2.8015901832300285,-3.496890545264069,-1.7581591707672204,0.2446612854199806,0.2453076036505482,3.0738852282406066,0.3868502445564465,2.441620065505182
30.0,9.0,560.296142578125,0.0229738867192852,1.4309178493882748,-3.945187898587928,-2.300177638158486,-1.6872006190053797,-0.223715076585884,-0.500445935406412,2.144487442753724,0.0736979208148745,2.652301343287558
30.0,9.0,650.203369140625,-1.2756478855651916,1.6243644221762268,-3.8389844652533656,-2.9061070289665007,-1.5998229474562538,0.0219291592246988,-0.6796156882077818,2.2613999249733814,0.5076415127212812,3.560514451703391
30.0,9.0,868.1103515625,-0.3472529773735205,-0.3039528441001169,-2.920328723561863,-2.753571371437423,-2.5061685906159106,0.0309103537058017,-0.101145029179615,2.344956902577424,-0.6409946164576138,2.2079496366326263
30.0,9.0,292.7175598144531,-0.8604335574225754,0.3048862805527244,-3.7765899616715655,-2.8288798328075746,-1.870121594496493,-0.4463734123356455,-0.1172124751165828,2.444594372432159,0.390996559676922,2.509169028976515
30.0,9.0,292.06414794921875,-0.6865608074234261,0.2866858582340517,-3.5985384303277765,-2.883189582059728,-2.1801508081295227,-0.5969139805602185,-0.2355694697182604,2.3305024631452027,0.3510794219152174,2.30450727823506
30.0,9.0,933.5338134765624,0.0549697392591603,0.1042240318760545,-4.0526858870969455,-3.093704789216934,-1.9143731863738584,0.6825386694852467,-0.7324005385310866,3.024484986005972,0.629315967738042,2.6960032108444025
30.0,9.0,481.4809875488281,-0.7764971826755321,1.3289256558349445,-3.5330434072219874,-2.8938299694984835,-2.019367856410919,0.9570854520611098,-0.374585011482196,2.324307418634468,0.4533966205043368,2.7713701808001883
30.0,9.0,532.20361328125,-1.2865271490762369,1.4147245524936287,-3.706430996543568,-3.137528636031862,-1.416327034115885,0.8613384030878946,-0.4421988005845074,1.924256335595811,0.1981849834253259,2.3991732404266943
30.0,9.0,990.871337890625,-0.0344280033057426,-0.0501525807616609,-3.001751162255044,-2.1617523660640443,-2.0298118109705303,-0.0448006847702187,-0.0443475444291205,1.8270108099915323,0.6192979480762941,3.075867028003649
30.0,9.0,496.7620239257813,-1.319176434143962,1.7388058088303575,-3.103145487819872,-2.827854938452304,-2.1514219800868544,0.882727965445947,-0.1371603249980784,2.7100023394234327,0.7263137082198414,3.402653225025777
30.0,9.0,488.5508117675781,-0.6598912900044286,-0.086336942026735,-3.3441270089991257,-2.609676903165754,-2.526379582435128,0.584608697876297,-0.2936915955142348,2.634458413165633,-0.0400673617646831,2.209196036321916
30.0,9.0,411.1954040527344,-0.0865738294591587,0.4375150972464416,-3.946947481507954,-2.9762987111018147,-1.6887095376311678,0.4404578577389962,-0.2434326438101328,2.5634265771023497,0.4041523110611593,3.326928673184652
30.0,9.0,516.437255859375,-1.08957793523775,0.9360410862513682,-3.940511022887724,-3.8112134962081727,-1.801961014537108,0.7922755883468435,0.1069363382320484,2.810794936559904,-0.4348812951304628,1.1193488670934515
30.0,9.0,452.2622985839844,-1.6102390527788086,0.2047318575820922,-3.400325272213143,-3.1684626891941168,-2.407025133223123,0.8499899282716905,-0.3786498052416381,2.239887195431489,0.1466169772496198,2.662918260251696
30.0,9.0,661.9820556640625,-0.3787963782629342,1.5086347324793028,-3.233022493405569,-3.4002679162481813,-2.0662394931467163,0.2941554871439706,-0.2866531250767242,1.773732772746048,-0.327953749823748,2.54186078476638
30.0,9.0,366.9557189941406,-1.3002765807472962,1.4051179217940453,-3.374456460719599,-3.1591672598576164,-2.320344317626514,0.2506716482556181,-0.1321946471456885,2.2784973461055387,0.4045410665633173,2.7601666746781808
30.0,9.0,560.7733154296875,-1.2067654782112207,1.675524068647292,-3.43142250441608,-3.376876317714419,-1.7832854665029072,0.5714398794962863,-0.3179412481146856,2.0621146752447874,0.3021023382475523,2.692788715697609
30.0,9.0,1050.9100341796875,-0.8832006363546826,0.2011657531033206,-3.692580497632631,-3.013358220181223,-2.473251851473372,-1.5513687551787696,-1.3683238994157871,2.4076538119525943,0.1993169353654788,2.8457378829206124
30.0,9.0,445.6804504394531,-0.3804855219893231,-0.1358250583492906,-2.787387022433333,-2.8537423951414933,-2.0500476469816484,0.1749585158203843,-0.1686932445074667,1.805583034712896,-0.1348184988642328,1.1474925096806872
30.0,9.0,494.73248291015625,-0.3714519999534335,-0.2594914449573955,-3.5922102024889697,-3.0578517988942524,-1.960293221291865,0.0379925110852664,-0.4048038807170244,2.608972553952167,0.3020720675575045,2.049873267677383
30.0,10.0,528.866455078125,-1.917016708589184,1.7083036700144696,-3.417870108427022,-3.433553093673741,-1.789014185792406,0.7879339245744752,-0.1830621424639418,1.81165193952278,0.0772777651368517,2.004872971881947
30.0,10.0,735.060791015625,-1.069489293534449,1.620385693561342,-2.845333479351711,-2.9684208604957245,-1.6242107058990969,0.9257362459299217,-0.1559476558237904,3.030648459272191,-0.0788593853292191,2.0396372945869765
30.0,10.0,266.0086669921875,-0.8651988602160304,0.795838850913587,-3.725373039973909,-3.367153817545199,-2.5899729199514487,0.2127217260512958,-0.2711611491755846,2.4976140982215043,0.4393069268345422,2.535738525526165
30.0,10.0,744.51806640625,0.1401393391743826,2.087107688767241,-3.294590429213484,-2.526632377316378,-1.7893560300725675,1.0764805377576971,0.0704765231837273,2.496626340033403,0.2612932999476582,2.2074668308497367
30.0,10.0,445.5347900390625,-0.91668144606044,1.140164687917385,-3.516901521070201,-3.6335540209935617,-2.749712466010441,-0.020515867305613,-0.21814786955867,2.66711463858296,0.1359390856127735,2.6677981725130104
30.0,10.0,517.6328735351562,-0.6806939428591474,1.434429800832718,-3.549979398459441,-2.714364723231646,-1.8322429172050203,-0.3156925794786092,0.0955558444852104,2.460872357376939,0.4559932837220711,3.65003284252498
30.0,10.0,401.64990234375,-1.1827174437755108,0.9947521328435746,-3.5970246104912422,-3.382232658816379,-1.7753096261306385,0.5722504453438442,-0.2235036978921129,2.2734916700848142,0.1867299541295493,3.0837078198759134
30.0,10.0,316.59356689453125,-0.5656603473053559,0.1591667723757928,-3.5334387825261344,-2.9886842761480352,-2.956065693080139,0.6957601273833831,-0.1694579194900603,2.268851130877194,0.1591982750791758,2.018763649642422
30.0,10.0,351.66632080078125,-0.5970456434648148,0.2872072223624737,-3.469815750400376,-3.4485211619225846,-2.1477358671341134,0.3510113286751568,-0.0247668968144146,2.205287119438691,0.3261987409563284,2.653900895426601
30.0,10.0,279.3392333984375,-0.4687888801183613,0.7475514138373185,-3.37956591689695,-3.282377025862408,-2.4238978263757307,0.4086789951285816,-0.2560088844719789,2.361875961267953,0.1868362778669779,2.615217634827952
30.0,10.0,552.933349609375,-1.2176828428422062,1.1330989260069424,-3.4142443665269715,-2.3580513571447823,-1.8108451103919672,-0.8860535650988539,-0.5189317220526314,1.804228956057596,0.4329739522763532,2.8726300905677387
30.0,10.0,507.1825866699219,-0.779018894253221,0.3827102468200014,-4.174646766531769,-3.2511888525786845,-2.210249686363864,-0.1021510660947753,-0.3398737229760909,2.362174043840185,-0.1147287029031166,2.5258450452301107
30.0,10.0,595.8146362304688,-0.9863771302092084,0.3498304783006416,-2.5277801927133074,-3.3175358434133404,-1.7824660687991296,0.6472383578162886,-0.1428133011381178,2.397492834910061,-0.4766197197733637,1.8427539842279863
30.0,10.0,338.79803466796875,-0.6199777928131147,1.392196896182244,-3.397714281562976,-2.941928172218218,-1.7871050073807362,0.3084052175333895,-0.2235804365158545,2.285276088366156,0.2621472634586782,2.587701048249013
30.0,10.0,438.7024536132813,-0.548720702474935,0.703990340800501,-3.257446760748476,-3.878574519287801,-0.9512624598086408,0.297249768566081,-0.2363984676129969,2.399185062381344,0.2635510064152668,2.67142891908704
30.0,10.0,371.0963134765625,-0.5284306681802737,1.3421614208793102,-3.469587003226333,-3.167550799848382,-2.79730090586828,0.0884829586070543,-0.8738121634682394,2.390521066609054,0.3889967492280045,2.385841239031055
30.0,10.0,278.1540832519531,-0.3140361421595639,0.6082135865526592,-3.271107033238561,-3.2078508608655,-2.517031733724211,0.4729766946454631,-0.2850006901370524,2.3626920571396166,0.3278070663958826,2.6022923813981484
30.0,10.0,632.9925537109375,-0.2595760562827301,-0.222838878980418,-3.4416697909573624,-3.5624329270083845,-2.408869265686553,0.8014087013202428,-0.4292513854279688,2.248843577565424,0.2760410533449055,2.800487986307972
30.0,10.0,424.0576477050781,-1.0214897416271818,0.5793813664174456,-3.231736042918493,-2.9119505113486435,-2.617567531219291,0.2435385565553264,-0.3898875774650917,2.462132499099689,0.6127268943219144,2.1920961379581057
30.0,10.0,308.76123046875,-0.7232108729775402,0.2962994248792651,-3.335996027072553,-3.361904609883445,-2.809549456194473,0.6310365155451838,-0.3869516901931407,2.673120968835126,0.2489907986584447,2.4985233533439395
30.0,10.0,799.5479736328125,-0.2289219485406772,1.5513574620923365,-3.0063279113708665,-3.1764744832088283,-1.44462340612545,-1.3149394168632125,0.2181851898704099,3.1737552042955466,0.6365054006449349,2.231180442476284
30.0,10.0,1180.382568359375,-1.825424449655536,1.3520161578836392,-4.146464973188247,-1.535884810524318,-1.7373148550971649,-1.2586934116766546,-0.0449726566838913,2.597157829111328,0.5870690134836569,3.070562737490107
30.0,10.0,448.7911071777344,-0.4255139652596531,0.1616365398445814,-3.7890671666371913,-2.919313032284045,-2.711815950379976,0.3392419332101047,-0.2549993980863169,2.206890417489418,0.0514166516830515,2.531825262768603
30.0,10.0,351.7488098144531,-0.4307605166013655,0.9964334591106504,-3.104131110113002,-3.203008444843865,-1.034477567566372,0.9907064318206024,-0.0478610751830408,2.527851296859976,0.1235371134448559,2.55853456233922
30.0,10.0,548.3828125,-1.253338957163178,1.6744327080752188,-2.996650358176352,-3.224918181179324,-2.573976346172443,0.5953334127921456,0.0164739884419758,1.9737915770764385,0.283884119991504,2.524797711145485
30.0,10.0,361.9255981445313,-0.4453527056630244,1.4313374977697797,-3.0585326476777994,-3.5720936314268608,-2.651114979910925,0.1801454603196969,-0.3059616962538909,2.7206395747964387,0.2197237159492057,2.4345624033019444
30.0,10.0,450.2902526855469,-1.2691596321725285,1.0867544090473733,-3.598471363714628,-2.639587833486806,-1.494197815638202,0.6002462913631801,-0.2327450344291843,1.7700165607324514,0.3658286366862905,2.51551764157388
30.0,10.0,709.42626953125,-1.416239178764071,0.752515426476173,-3.589083172296557,-2.5641650218536185,-1.6538167839716051,-0.8339226839759708,-0.2582182029505976,2.0593325218841043,0.8788622132446321,3.1662662627303133
30.0,10.0,1702.2413330078125,-1.2163156725286368,0.1586450989390668,-2.196020693159487,-1.657925992915727,-1.9567702014968424,1.2788162684447033,0.4182798853325642,1.6402204229769894,0.3502470877010617,1.5200032093595903
30.0,10.0,398.75238037109375,-0.782635720865801,0.9819275632291882,-3.1739728626586325,-3.964416510327649,-2.55738902810722,0.2410592009123259,-0.1456672156041788,2.661098748650124,0.4507979282572734,2.583088828590048
30.0,10.0,560.296142578125,0.0229738867192852,1.4309178493882748,-3.945187898587928,-2.300177638158486,-1.6872006190053797,-0.223715076585884,-0.500445935406412,2.144487442753724,0.0736979208148745,2.652301343287558
30.0,10.0,650.203369140625,-1.2756478855651916,1.6243644221762268,-3.8389844652533656,-2.9061070289665007,-1.5998229474562538,0.0219291592246988,-0.6796156882077818,2.2613999249733814,0.5076415127212812,3.560514451703391
30.0,10.0,325.66015625,-0.2659116531927821,0.6652636481201781,-3.1724530932560886,-3.254206000755038,-2.67236331854975,0.1738536023603995,-0.1937475976282369,2.394471488415045,0.52090235795774,2.7138494175625274
30.0,10.0,292.7175598144531,-0.8604335574225754,0.3048862805527244,-3.7765899616715655,-2.8288798328075746,-1.870121594496493,-0.4463734123356455,-0.1172124751165828,2.444594372432159,0.390996559676922,2.509169028976515
30.0,10.0,292.06414794921875,-0.6865608074234261,0.2866858582340517,-3.5985384303277765,-2.883189582059728,-2.1801508081295227,-0.5969139805602185,-0.2355694697182604,2.3305024631452027,0.3510794219152174,2.30450727823506
30.0,10.0,773.2213134765625,0.3167956884607474,0.2894940866742107,-3.470940519642383,-3.208837844178868,-2.4498625345880978,-0.1957377278015942,-0.5892330891051393,2.498078267979519,0.3671272875834961,3.2469701588751354
30.0,10.0,331.1085510253906,-0.645437429959419,0.5580416075946406,-3.10003376653797,-3.4253491193417576,-1.960982201055898,0.5415177375373517,-0.240601897551312,2.377245923592994,0.0896946302358459,2.554322809679767
30.0,10.0,532.20361328125,-1.2865271490762369,1.4147245524936287,-3.706430996543568,-3.137528636031862,-1.416327034115885,0.8613384030878946,-0.4421988005845074,1.924256335595811,0.1981849834253259,2.3991732404266943
30.0,10.0,677.432373046875,-0.4391068620935188,1.0749266590122784,-3.863556726874166,-2.5124011286749983,-2.8963760288380724,0.5994840114922534,-0.0690996278258535,1.785423149373898,0.5370537897682297,3.215250841525472
30.0,10.0,496.7620239257813,-1.319176434143962,1.7388058088303575,-3.103145487819872,-2.827854938452304,-2.1514219800868544,0.882727965445947,-0.1371603249980784,2.7100023394234327,0.7263137082198414,3.402653225025777
30.0,10.0,439.9631652832031,-0.6332409281756253,0.6837227250588862,-3.2817557975021634,-3.060045170936059,-2.744536727823328,0.5949869751683163,-0.294741560608554,2.2356865900507867,0.0171187678038155,2.865903902428669
30.0,10.0,363.4435424804688,-0.1146146117031625,0.7081876629498479,-3.71814172551811,-3.5279404866370543,-2.2818814615441863,0.3807482788930553,-0.2678512835991832,2.4494682035923154,0.4912287437233884,2.260675601134675
30.0,10.0,516.437255859375,-1.08957793523775,0.9360410862513682,-3.940511022887724,-3.8112134962081727,-1.801961014537108,0.7922755883468435,0.1069363382320484,2.810794936559904,-0.4348812951304628,1.1193488670934515
30.0,10.0,421.0124816894531,0.3897609472211913,1.6645541366443324,-3.158238950578088,-3.210287488833641,-2.7659754451797,0.5414894178204048,-0.3162601177655989,2.341124095947269,0.2573004699983926,2.6233363415340056
30.0,10.0,661.9820556640625,-0.3787963782629342,1.5086347324793028,-3.233022493405569,-3.4002679162481813,-2.0662394931467163,0.2941554871439706,-0.2866531250767242,1.773732772746048,-0.327953749823748,2.54186078476638
30.0,10.0,366.9557189941406,-1.3002765807472962,1.4051179217940453,-3.374456460719599,-3.1591672598576164,-2.320344317626514,0.2506716482556181,-0.1321946471456885,2.2784973461055387,0.4045410665633173,2.7601666746781808
30.0,10.0,560.7733154296875,-1.2067654782112207,1.675524068647292,-3.43142250441608,-3.376876317714419,-1.7832854665029072,0.5714398794962863,-0.3179412481146856,2.0621146752447874,0.3021023382475523,2.692788715697609
30.0,10.0,620.6531982421875,-0.5228073756298793,-0.0047210956699998,-2.928472675280071,-3.777679513351452,-2.6391343878108784,-0.2574568496364826,-2.1306925455673484,2.36572348414247,0.1556911183229843,2.8811929547028363
30.0,10.0,445.6804504394531,-0.3804855219893231,-0.1358250583492906,-2.787387022433333,-2.8537423951414933,-2.0500476469816484,0.1749585158203843,-0.1686932445074667,1.805583034712896,-0.1348184988642328,1.1474925096806872
30.0,10.0,494.73248291015625,-0.3714519999534335,-0.2594914449573955,-3.5922102024889697,-3.0578517988942524,-1.960293221291865,0.0379925110852664,-0.4048038807170244,2.608972553952167,0.3020720675575045,2.049873267677383
30.0,11.0,528.866455078125,-1.917016708589184,1.7083036700144696,-3.417870108427022,-3.433553093673741,-1.789014185792406,0.7879339245744752,-0.1830621424639418,1.81165193952278,0.0772777651368517,2.004872971881947
30.0,11.0,735.060791015625,-1.069489293534449,1.620385693561342,-2.845333479351711,-2.9684208604957245,-1.6242107058990969,0.9257362459299217,-0.1559476558237904,3.030648459272191,-0.0788593853292191,2.0396372945869765
30.0,11.0,266.0086669921875,-0.8651988602160304,0.795838850913587,-3.725373039973909,-3.367153817545199,-2.5899729199514487,0.2127217260512958,-0.2711611491755846,2.4976140982215043,0.4393069268345422,2.535738525526165
30.0,11.0,744.51806640625,0.1401393391743826,2.087107688767241,-3.294590429213484,-2.526632377316378,-1.7893560300725675,1.0764805377576971,0.0704765231837273,2.496626340033403,0.2612932999476582,2.2074668308497367
30.0,11.0,445.5347900390625,-0.91668144606044,1.140164687917385,-3.516901521070201,-3.6335540209935617,-2.749712466010441,-0.020515867305613,-0.21814786955867,2.66711463858296,0.1359390856127735,2.6677981725130104
30.0,11.0,426.0963745117188,-1.877959193733751,0.570537421631802,-3.4716012734182167,-3.78381020713332,-2.3785724731948465,-0.1727200291660461,-0.6884211765692514,2.4113835048927523,0.463512532524472,2.300486621946848
30.0,11.0,401.64990234375,-1.1827174437755108,0.9947521328435746,-3.5970246104912422,-3.382232658816379,-1.7753096261306385,0.5722504453438442,-0.2235036978921129,2.2734916700848142,0.1867299541295493,3.0837078198759134
30.0,11.0,316.59356689453125,-0.5656603473053559,0.1591667723757928,-3.5334387825261344,-2.9886842761480352,-2.956065693080139,0.6957601273833831,-0.1694579194900603,2.268851130877194,0.1591982750791758,2.018763649642422
30.0,11.0,351.66632080078125,-0.5970456434648148,0.2872072223624737,-3.469815750400376,-3.4485211619225846,-2.1477358671341134,0.3510113286751568,-0.0247668968144146,2.205287119438691,0.3261987409563284,2.653900895426601
30.0,11.0,279.3392333984375,-0.4687888801183613,0.7475514138373185,-3.37956591689695,-3.282377025862408,-2.4238978263757307,0.4086789951285816,-0.2560088844719789,2.361875961267953,0.1868362778669779,2.615217634827952
30.0,11.0,552.933349609375,-1.2176828428422062,1.1330989260069424,-3.4142443665269715,-2.3580513571447823,-1.8108451103919672,-0.8860535650988539,-0.5189317220526314,1.804228956057596,0.4329739522763532,2.8726300905677387
30.0,11.0,483.6513671875,-2.019243375573203,0.5396217650387072,-3.476906911911507,-3.490464714344204,-2.550065576049944,-0.0754376050175474,-0.2627205025434743,2.465593831384888,0.1061238208449744,2.745240404785785
30.0,11.0,463.4299621582031,-1.4379010554025289,1.2660718500260049,-3.74179244414065,-3.744489052549953,-2.5984965964327325,0.7575533722009034,-0.3825686176535792,2.687833921821864,0.2808259047936741,2.669366697496705
30.0,11.0,338.79803466796875,-0.6199777928131147,1.392196896182244,-3.397714281562976,-2.941928172218218,-1.7871050073807362,0.3084052175333895,-0.2235804365158545,2.285276088366156,0.2621472634586782,2.587701048249013
30.0,11.0,438.7024536132813,-0.548720702474935,0.703990340800501,-3.257446760748476,-3.878574519287801,-0.9512624598086408,0.297249768566081,-0.2363984676129969,2.399185062381344,0.2635510064152668,2.67142891908704
30.0,11.0,371.0963134765625,-0.5284306681802737,1.3421614208793102,-3.469587003226333,-3.167550799848382,-2.79730090586828,0.0884829586070543,-0.8738121634682394,2.390521066609054,0.3889967492280045,2.385841239031055
30.0,11.0,278.1540832519531,-0.3140361421595639,0.6082135865526592,-3.271107033238561,-3.2078508608655,-2.517031733724211,0.4729766946454631,-0.2850006901370524,2.3626920571396166,0.3278070663958826,2.6022923813981484
30.0,11.0,461.0413818359375,-0.6326071543396774,-0.022335040281827,-3.5550054605028523,-3.688609618558186,-2.1568273667308016,-0.030698498831894,0.0856926551254382,2.265705439700739,0.2948364265468904,2.4009738609236004
30.0,11.0,424.0576477050781,-1.0214897416271818,0.5793813664174456,-3.231736042918493,-2.9119505113486435,-2.617567531219291,0.2435385565553264,-0.3898875774650917,2.462132499099689,0.6127268943219144,2.1920961379581057
30.0,11.0,308.76123046875,-0.7232108729775402,0.2962994248792651,-3.335996027072553,-3.361904609883445,-2.809549456194473,0.6310365155451838,-0.3869516901931407,2.673120968835126,0.2489907986584447,2.4985233533439395
30.0,11.0,799.5479736328125,-0.2289219485406772,1.5513574620923365,-3.0063279113708665,-3.1764744832088283,-1.44462340612545,-1.3149394168632125,0.2181851898704099,3.1737552042955466,0.6365054006449349,2.231180442476284
30.0,11.0,1180.382568359375,-1.825424449655536,1.3520161578836392,-4.146464973188247,-1.535884810524318,-1.7373148550971649,-1.2586934116766546,-0.0449726566838913,2.597157829111328,0.5870690134836569,3.070562737490107
30.0,11.0,295.84429931640625,-0.8274497652448931,1.0342728518141864,-3.46765683024413,-3.11137567601808,-2.3975675583263074,0.1392076495113877,-0.2927233989198098,2.7149929303059825,0.5728088353393624,2.645860635896003
30.0,11.0,351.7488098144531,-0.4307605166013655,0.9964334591106504,-3.104131110113002,-3.203008444843865,-1.034477567566372,0.9907064318206024,-0.0478610751830408,2.527851296859976,0.1235371134448559,2.55853456233922
30.0,11.0,548.3828125,-1.253338957163178,1.6744327080752188,-2.996650358176352,-3.224918181179324,-2.573976346172443,0.5953334127921456,0.0164739884419758,1.9737915770764385,0.283884119991504,2.524797711145485
30.0,11.0,361.9255981445313,-0.4453527056630244,1.4313374977697797,-3.0585326476777994,-3.5720936314268608,-2.651114979910925,0.1801454603196969,-0.3059616962538909,2.7206395747964387,0.2197237159492057,2.4345624033019444
30.0,11.0,450.2902526855469,-1.2691596321725285,1.0867544090473733,-3.598471363714628,-2.639587833486806,-1.494197815638202,0.6002462913631801,-0.2327450344291843,1.7700165607324514,0.3658286366862905,2.51551764157388
30.0,11.0,709.42626953125,-1.416239178764071,0.752515426476173,-3.589083172296557,-2.5641650218536185,-1.6538167839716051,-0.8339226839759708,-0.2582182029505976,2.0593325218841043,0.8788622132446321,3.1662662627303133
30.0,11.0,1702.2413330078125,-1.2163156725286368,0.1586450989390668,-2.196020693159487,-1.657925992915727,-1.9567702014968424,1.2788162684447033,0.4182798853325642,1.6402204229769894,0.3502470877010617,1.5200032093595903
30.0,11.0,398.75238037109375,-0.782635720865801,0.9819275632291882,-3.1739728626586325,-3.964416510327649,-2.55738902810722,0.2410592009123259,-0.1456672156041788,2.661098748650124,0.4507979282572734,2.583088828590048
30.0,11.0,560.296142578125,0.0229738867192852,1.4309178493882748,-3.945187898587928,-2.300177638158486,-1.6872006190053797,-0.223715076585884,-0.500445935406412,2.144487442753724,0.0736979208148745,2.652301343287558
30.0,11.0,650.203369140625,-1.2756478855651916,1.6243644221762268,-3.8389844652533656,-2.9061070289665007,-1.5998229474562538,0.0219291592246988,-0.6796156882077818,2.2613999249733814,0.5076415127212812,3.560514451703391
30.0,11.0,325.66015625,-0.2659116531927821,0.6652636481201781,-3.1724530932560886,-3.254206000755038,-2.67236331854975,0.1738536023603995,-0.1937475976282369,2.394471488415045,0.52090235795774,2.7138494175625274
30.0,11.0,292.7175598144531,-0.8604335574225754,0.3048862805527244,-3.7765899616715655,-2.8288798328075746,-1.870121594496493,-0.4463734123356455,-0.1172124751165828,2.444594372432159,0.390996559676922,2.509169028976515
30.0,11.0,292.06414794921875,-0.6865608074234261,0.2866858582340517,-3.5985384303277765,-2.883189582059728,-2.1801508081295227,-0.5969139805602185,-0.2355694697182604,2.3305024631452027,0.3510794219152174,2.30450727823506
30.0,11.0,421.5471496582031,-1.2118959298763712,1.2855341629780808,-3.4320747800975053,-3.4920501712688563,-2.7884042834853187,-0.4935841947237134,-0.4314275526906743,2.292569049087392,0.34402892062585,2.386836939050071
30.0,11.0,331.1085510253906,-0.645437429959419,0.5580416075946406,-3.10003376653797,-3.4253491193417576,-1.960982201055898,0.5415177375373517,-0.240601897551312,2.377245923592994,0.0896946302358459,2.554322809679767
30.0,11.0,490.6245727539063,-0.3505742654452461,1.1716334998025475,-2.582613205314674,-3.679866056791592,-1.515770941831085,0.3754824157789555,-0.3345344099836213,2.334296466137552,0.0955281971148,2.6032605678436864
30.0,11.0,577.863037109375,-0.6674439415269549,1.2863361755892,-3.914561082196896,-3.2327304103052765,-2.89092566494981,0.444379234924961,-0.1713637900037184,1.925356018948976,0.3552225380633639,3.2273432427196824
30.0,11.0,496.7620239257813,-1.319176434143962,1.7388058088303575,-3.103145487819872,-2.827854938452304,-2.1514219800868544,0.882727965445947,-0.1371603249980784,2.7100023394234327,0.7263137082198414,3.402653225025777
30.0,11.0,342.05914306640625,-0.9838993533038376,1.0272737151416251,-3.611713372082967,-3.666821923270392,-2.515344755092819,0.5708097049259359,-0.2643000395923978,2.304668740843771,0.4031660942813643,2.745451760556988
30.0,11.0,363.4435424804688,-0.1146146117031625,0.7081876629498479,-3.71814172551811,-3.5279404866370543,-2.2818814615441863,0.3807482788930553,-0.2678512835991832,2.4494682035923154,0.4912287437233884,2.260675601134675
30.0,11.0,516.437255859375,-1.08957793523775,0.9360410862513682,-3.940511022887724,-3.8112134962081727,-1.801961014537108,0.7922755883468435,0.1069363382320484,2.810794936559904,-0.4348812951304628,1.1193488670934515
30.0,11.0,421.0124816894531,0.3897609472211913,1.6645541366443324,-3.158238950578088,-3.210287488833641,-2.7659754451797,0.5414894178204048,-0.3162601177655989,2.341124095947269,0.2573004699983926,2.6233363415340056
30.0,11.0,661.9820556640625,-0.3787963782629342,1.5086347324793028,-3.233022493405569,-3.4002679162481813,-2.0662394931467163,0.2941554871439706,-0.2866531250767242,1.773732772746048,-0.327953749823748,2.54186078476638
30.0,11.0,366.9557189941406,-1.3002765807472962,1.4051179217940453,-3.374456460719599,-3.1591672598576164,-2.320344317626514,0.2506716482556181,-0.1321946471456885,2.2784973461055387,0.4045410665633173,2.7601666746781808
30.0,11.0,383.0667724609375,-1.4403443420893003,1.2972032466255956,-3.81949972733508,-3.436292819883295,-2.187374754522719,0.0104083823532313,-0.2575935003414224,2.296353306416512,0.3998567680419042,2.6717517077313104
30.0,11.0,620.6531982421875,-0.5228073756298793,-0.0047210956699998,-2.928472675280071,-3.777679513351452,-2.6391343878108784,-0.2574568496364826,-2.1306925455673484,2.36572348414247,0.1556911183229843,2.8811929547028363
30.0,11.0,445.6804504394531,-0.3804855219893231,-0.1358250583492906,-2.787387022433333,-2.8537423951414933,-2.0500476469816484,0.1749585158203843,-0.1686932445074667,1.805583034712896,-0.1348184988642328,1.1474925096806872
30.0,11.0,494.73248291015625,-0.3714519999534335,-0.2594914449573955,-3.5922102024889697,-3.0578517988942524,-1.960293221291865,0.0379925110852664,-0.4048038807170244,2.608972553952167,0.3020720675575045,2.049873267677383
30.0,12.0,528.866455078125,-1.917016708589184,1.7083036700144696,-3.417870108427022,-3.433553093673741,-1.789014185792406,0.7879339245744752,-0.1830621424639418,1.81165193952278,0.0772777651368517,2.004872971881947
30.0,12.0,451.6572570800781,-0.9800267454778342,0.4900206325302301,-3.517325921721556,-3.312631872780653,-1.8343331008941344,0.1811476845493612,-0.2624301395560866,1.9543677799087529,0.5398844501963969,2.466704760278171
30.0,12.0,266.0086669921875,-0.8651988602160304,0.795838850913587,-3.725373039973909,-3.367153817545199,-2.5899729199514487,0.2127217260512958,-0.2711611491755846,2.4976140982215043,0.4393069268345422,2.535738525526165
30.0,12.0,640.487060546875,-0.7373471115031733,0.3952038676674005,-2.380713386455126,-2.5851010665889795,-2.272503006209924,-0.0030645584394309,-0.1508092365545807,2.5620542753432263,0.7756646880877334,2.556618617362448
30.0,12.0,289.2578125,-0.8621828837908422,0.7203462425145891,-3.2298610499433984,-3.4768747200707675,-2.6042292895413333,-0.2936963492259528,-0.2687525951917301,2.600753645329944,0.3873515803343954,2.5370428420661773
30.0,12.0,392.3865966796875,-1.6029133707814591,0.3625744602974192,-3.5984351455655377,-3.4372862859079047,-2.574695303462884,0.4144678629546125,-1.0504112905181864,2.612258358445541,0.334344102345837,2.242905191852961
30.0,12.0,264.36541748046875,-1.4997965073520505,0.7960154805906069,-3.6653219343093015,-3.0966191422002187,-1.95481394875697,0.042754160859852,-0.2886253056337143,2.602459344188841,0.0729225177993868,2.0490852440400094
30.0,12.0,255.0756072998047,-0.7437148430740248,0.7221510179996182,-3.674211477804517,-2.8340338413756925,-2.4877573132527546,0.5692305852999704,-0.266978671457205,2.4116514091769967,0.2146660230121969,1.880616205515768
30.0,12.0,351.66632080078125,-0.5970456434648148,0.2872072223624737,-3.469815750400376,-3.4485211619225846,-2.1477358671341134,0.3510113286751568,-0.0247668968144146,2.205287119438691,0.3261987409563284,2.653900895426601
30.0,12.0,279.3392333984375,-0.4687888801183613,0.7475514138373185,-3.37956591689695,-3.282377025862408,-2.4238978263757307,0.4086789951285816,-0.2560088844719789,2.361875961267953,0.1868362778669779,2.615217634827952
30.0,12.0,552.933349609375,-1.2176828428422062,1.1330989260069424,-3.4142443665269715,-2.3580513571447823,-1.8108451103919672,-0.8860535650988539,-0.5189317220526314,1.804228956057596,0.4329739522763532,2.8726300905677387
30.0,12.0,483.6513671875,-2.019243375573203,0.5396217650387072,-3.476906911911507,-3.490464714344204,-2.550065576049944,-0.0754376050175474,-0.2627205025434743,2.465593831384888,0.1061238208449744,2.745240404785785
30.0,12.0,463.4299621582031,-1.4379010554025289,1.2660718500260049,-3.74179244414065,-3.744489052549953,-2.5984965964327325,0.7575533722009034,-0.3825686176535792,2.687833921821864,0.2808259047936741,2.669366697496705
30.0,12.0,338.79803466796875,-0.6199777928131147,1.392196896182244,-3.397714281562976,-2.941928172218218,-1.7871050073807362,0.3084052175333895,-0.2235804365158545,2.285276088366156,0.2621472634586782,2.587701048249013
30.0,12.0,345.781005859375,-0.3680022852481478,0.8338293281505235,-3.888422334036651,-3.6635014319406896,-2.569932232891428,0.2332739489164878,-0.3048190942963623,2.321413988960378,0.33227937087607,2.3391939081929145
30.0,12.0,287.750244140625,-0.590887551501273,1.1795859811715257,-3.5400801413522704,-3.05612340965294,-2.534054238528981,0.2017444904502788,-0.2126121796379046,2.40336124742597,0.2050889514146974,2.4395818917896355
30.0,12.0,265.7742919921875,-1.1122281882889598,0.4519523901211518,-3.4691491010926607,-3.341665177233496,-2.8411347218338387,0.6818623980726526,-0.2685839323619836,2.3896678589022486,0.4041998245688276,2.5510123019982647
30.0,12.0,461.0413818359375,-0.6326071543396774,-0.022335040281827,-3.5550054605028523,-3.688609618558186,-2.1568273667308016,-0.030698498831894,0.0856926551254382,2.265705439700739,0.2948364265468904,2.4009738609236004
30.0,12.0,422.13232421875,-0.7036795083681349,0.6716143813479577,-3.958492621450049,-2.6416751171917383,-2.5579065439193243,0.3149894793546716,-0.2227793972684023,2.4392991377393884,0.6372803744006549,2.527982333611602
30.0,12.0,308.76123046875,-0.7232108729775402,0.2962994248792651,-3.335996027072553,-3.361904609883445,-2.809549456194473,0.6310365155451838,-0.3869516901931407,2.673120968835126,0.2489907986584447,2.4985233533439395
30.0,12.0,799.5479736328125,-0.2289219485406772,1.5513574620923365,-3.0063279113708665,-3.1764744832088283,-1.44462340612545,-1.3149394168632125,0.2181851898704099,3.1737552042955466,0.6365054006449349,2.231180442476284
30.0,12.0,1180.382568359375,-1.825424449655536,1.3520161578836392,-4.146464973188247,-1.535884810524318,-1.7373148550971649,-1.2586934116766546,-0.0449726566838913,2.597157829111328,0.5870690134836569,3.070562737490107
30.0,12.0,295.84429931640625,-0.8274497652448931,1.0342728518141864,-3.46765683024413,-3.11137567601808,-2.3975675583263074,0.1392076495113877,-0.2927233989198098,2.7149929303059825,0.5728088353393624,2.645860635896003
30.0,12.0,351.7488098144531,-0.4307605166013655,0.9964334591106504,-3.104131110113002,-3.203008444843865,-1.034477567566372,0.9907064318206024,-0.0478610751830408,2.527851296859976,0.1235371134448559,2.55853456233922
30.0,12.0,548.3828125,-1.253338957163178,1.6744327080752188,-2.996650358176352,-3.224918181179324,-2.573976346172443,0.5953334127921456,0.0164739884419758,1.9737915770764385,0.283884119991504,2.524797711145485
30.0,12.0,361.9255981445313,-0.4453527056630244,1.4313374977697797,-3.0585326476777994,-3.5720936314268608,-2.651114979910925,0.1801454603196969,-0.3059616962538909,2.7206395747964387,0.2197237159492057,2.4345624033019444
30.0,12.0,450.2902526855469,-1.2691596321725285,1.0867544090473733,-3.598471363714628,-2.639587833486806,-1.494197815638202,0.6002462913631801,-0.2327450344291843,1.7700165607324514,0.3658286366862905,2.51551764157388
30.0,12.0,274.9467163085937,-1.7976713622400913,0.685508690765736,-3.368481071704766,-3.223167652228727,-2.373385351226136,-0.6284659287727065,-0.2792506410448566,2.6374107373891515,0.3804872617538466,2.404299037556603
30.0,12.0,1702.2413330078125,-1.2163156725286368,0.1586450989390668,-2.196020693159487,-1.657925992915727,-1.9567702014968424,1.2788162684447033,0.4182798853325642,1.6402204229769894,0.3502470877010617,1.5200032093595903
30.0,12.0,398.75238037109375,-0.782635720865801,0.9819275632291882,-3.1739728626586325,-3.964416510327649,-2.55738902810722,0.2410592009123259,-0.1456672156041788,2.661098748650124,0.4507979282572734,2.583088828590048
30.0,12.0,560.296142578125,0.0229738867192852,1.4309178493882748,-3.945187898587928,-2.300177638158486,-1.6872006190053797,-0.223715076585884,-0.500445935406412,2.144487442753724,0.0736979208148745,2.652301343287558
30.0,12.0,571.3167114257812,-0.0270435272919231,0.267805272386183,-3.8724862929969657,-3.268169153325436,-1.568449834710437,0.3365663470871173,-0.4300626126204631,2.4621450268368283,0.5514644890058888,2.1620655596946303
30.0,12.0,325.66015625,-0.2659116531927821,0.6652636481201781,-3.1724530932560886,-3.254206000755038,-2.67236331854975,0.1738536023603995,-0.1937475976282369,2.394471488415045,0.52090235795774,2.7138494175625274
30.0,12.0,292.7175598144531,-0.8604335574225754,0.3048862805527244,-3.7765899616715655,-2.8288798328075746,-1.870121594496493,-0.4463734123356455,-0.1172124751165828,2.444594372432159,0.390996559676922,2.509169028976515
30.0,12.0,292.06414794921875,-0.6865608074234261,0.2866858582340517,-3.5985384303277765,-2.883189582059728,-2.1801508081295227,-0.5969139805602185,-0.2355694697182604,2.3305024631452027,0.3510794219152174,2.30450727823506
30.0,12.0,371.6979675292969,-1.7133997227713145,1.4549549957661454,-3.481205422722268,-3.54848290234381,-2.77810813105415,0.7327527880187672,-0.1909760371316776,2.3094257271448604,0.3761396440179647,2.2110849186127783
30.0,12.0,311.41265869140625,-0.8867088028445969,0.257329514698428,-3.23610814921806,-2.773337617535376,-2.60456159755399,0.1266932486288245,-0.2399800434147978,2.5301394790904643,0.2281286629125361,2.5426329414788085
30.0,12.0,490.6245727539063,-0.3505742654452461,1.1716334998025475,-2.582613205314674,-3.679866056791592,-1.515770941831085,0.3754824157789555,-0.3345344099836213,2.334296466137552,0.0955281971148,2.6032605678436864
30.0,12.0,348.7004699707031,-1.1267533871722688,0.7436729579566654,-3.6946817184553424,-3.644696596837969,-2.420747212699801,-0.069454591016226,-0.2952689444092738,2.3978981693306856,0.3751304423301788,3.172314819616514
30.0,12.0,496.7620239257813,-1.319176434143962,1.7388058088303575,-3.103145487819872,-2.827854938452304,-2.1514219800868544,0.882727965445947,-0.1371603249980784,2.7100023394234327,0.7263137082198414,3.402653225025777
30.0,12.0,342.05914306640625,-0.9838993533038376,1.0272737151416251,-3.611713372082967,-3.666821923270392,-2.515344755092819,0.5708097049259359,-0.2643000395923978,2.304668740843771,0.4031660942813643,2.745451760556988
30.0,12.0,363.4435424804688,-0.1146146117031625,0.7081876629498479,-3.71814172551811,-3.5279404866370543,-2.2818814615441863,0.3807482788930553,-0.2678512835991832,2.4494682035923154,0.4912287437233884,2.260675601134675
30.0,12.0,516.437255859375,-1.08957793523775,0.9360410862513682,-3.940511022887724,-3.8112134962081727,-1.801961014537108,0.7922755883468435,0.1069363382320484,2.810794936559904,-0.4348812951304628,1.1193488670934515
30.0,12.0,421.0124816894531,0.3897609472211913,1.6645541366443324,-3.158238950578088,-3.210287488833641,-2.7659754451797,0.5414894178204048,-0.3162601177655989,2.341124095947269,0.2573004699983926,2.6233363415340056
30.0,12.0,661.9820556640625,-0.3787963782629342,1.5086347324793028,-3.233022493405569,-3.4002679162481813,-2.0662394931467163,0.2941554871439706,-0.2866531250767242,1.773732772746048,-0.327953749823748,2.54186078476638
30.0,12.0,366.9557189941406,-1.3002765807472962,1.4051179217940453,-3.374456460719599,-3.1591672598576164,-2.320344317626514,0.2506716482556181,-0.1321946471456885,2.2784973461055387,0.4045410665633173,2.7601666746781808
30.0,12.0,383.0667724609375,-1.4403443420893003,1.2972032466255956,-3.81949972733508,-3.436292819883295,-2.187374754522719,0.0104083823532313,-0.2575935003414224,2.296353306416512,0.3998567680419042,2.6717517077313104
30.0,12.0,620.6531982421875,-0.5228073756298793,-0.0047210956699998,-2.928472675280071,-3.777679513351452,-2.6391343878108784,-0.2574568496364826,-2.1306925455673484,2.36572348414247,0.1556911183229843,2.8811929547028363
30.0,12.0,445.6804504394531,-0.3804855219893231,-0.1358250583492906,-2.787387022433333,-2.8537423951414933,-2.0500476469816484,0.1749585158203843,-0.1686932445074667,1.805583034712896,-0.1348184988642328,1.1474925096806872
30.0,12.0,447.1457824707031,-0.4857085353742018,1.2303277071723064,-3.9026395743406814,-3.119263268521581,-2.6035047755377807,0.0799809400611412,-0.1743345962889738,2.628457260004298,0.5175755153872093,1.88932977951805
30.0,13.0,528.866455078125,-1.917016708589184,1.7083036700144696,-3.417870108427022,-3.433553093673741,-1.789014185792406,0.7879339245744752,-0.1830621424639418,1.81165193952278,0.0772777651368517,2.004872971881947
30.0,13.0,381.4955749511719,-0.5240658087691116,0.2902225561485617,-3.857070892810499,-2.895198455503632,-2.085320446595963,0.3388204464132655,-0.3572580706088833,2.7363522113046965,0.603548693905476,2.47719652486574
30.0,13.0,266.0086669921875,-0.8651988602160304,0.795838850913587,-3.725373039973909,-3.367153817545199,-2.5899729199514487,0.2127217260512958,-0.2711611491755846,2.4976140982215043,0.4393069268345422,2.535738525526165
30.0,13.0,336.623779296875,-1.2053741355321894,-0.0454351512062894,-3.4685639437479856,-2.79867109772834,-2.5040932243494654,0.0160455929498039,-0.3349861783114926,2.3815516897040294,-0.145173088453996,1.4803545338521935
30.0,13.0,271.6688842773437,-0.6842061700961852,0.4638085689816863,-3.252988070706168,-2.790266815660216,-2.460459473538054,0.2362908595808029,-0.2865642706747766,2.5503171012258377,0.0685993219601668,1.2503052550954938
30.0,13.0,392.3865966796875,-1.6029133707814591,0.3625744602974192,-3.5984351455655377,-3.4372862859079047,-2.574695303462884,0.4144678629546125,-1.0504112905181864,2.612258358445541,0.334344102345837,2.242905191852961
30.0,13.0,264.36541748046875,-1.4997965073520505,0.7960154805906069,-3.6653219343093015,-3.0966191422002187,-1.95481394875697,0.042754160859852,-0.2886253056337143,2.602459344188841,0.0729225177993868,2.0490852440400094
30.0,13.0,255.0756072998047,-0.7437148430740248,0.7221510179996182,-3.674211477804517,-2.8340338413756925,-2.4877573132527546,0.5692305852999704,-0.266978671457205,2.4116514091769967,0.2146660230121969,1.880616205515768
30.0,13.0,351.66632080078125,-0.5970456434648148,0.2872072223624737,-3.469815750400376,-3.4485211619225846,-2.1477358671341134,0.3510113286751568,-0.0247668968144146,2.205287119438691,0.3261987409563284,2.653900895426601
30.0,13.0,279.3392333984375,-0.4687888801183613,0.7475514138373185,-3.37956591689695,-3.282377025862408,-2.4238978263757307,0.4086789951285816,-0.2560088844719789,2.361875961267953,0.1868362778669779,2.615217634827952
30.0,13.0,405.2192993164063,-0.4721307071756291,0.8247500111286277,-3.5833769755075147,-2.048634717034548,-0.9927708362949104,0.3809746339499664,-0.2398920280270809,2.3840014130283693,-0.0723553019695439,1.82456767888448
30.0,13.0,375.53948974609375,-1.092984130179244,0.5271645749648615,-4.057187584585502,-3.3536570016949137,-2.5051211815173566,0.6330097759288209,-0.2927889639333095,2.3288366387226613,0.2759636114215878,1.4060915596529096
30.0,13.0,463.4299621582031,-1.4379010554025289,1.2660718500260049,-3.74179244414065,-3.744489052549953,-2.5984965964327325,0.7575533722009034,-0.3825686176535792,2.687833921821864,0.2808259047936741,2.669366697496705
30.0,13.0,338.79803466796875,-0.6199777928131147,1.392196896182244,-3.397714281562976,-2.941928172218218,-1.7871050073807362,0.3084052175333895,-0.2235804365158545,2.285276088366156,0.2621472634586782,2.587701048249013
30.0,13.0,345.781005859375,-0.3680022852481478,0.8338293281505235,-3.888422334036651,-3.6635014319406896,-2.569932232891428,0.2332739489164878,-0.3048190942963623,2.321413988960378,0.33227937087607,2.3391939081929145
30.0,13.0,287.750244140625,-0.590887551501273,1.1795859811715257,-3.5400801413522704,-3.05612340965294,-2.534054238528981,0.2017444904502788,-0.2126121796379046,2.40336124742597,0.2050889514146974,2.4395818917896355
30.0,13.0,265.7742919921875,-1.1122281882889598,0.4519523901211518,-3.4691491010926607,-3.341665177233496,-2.8411347218338387,0.6818623980726526,-0.2685839323619836,2.3896678589022486,0.4041998245688276,2.5510123019982647
30.0,13.0,267.6527709960937,-0.5549520893518829,0.6762839021744473,-3.636581847232178,-3.0890989043850743,-1.2065953446726216,0.7148389101486381,0.1433722763052067,2.4615739137032207,0.0752852449678996,1.921423308447342
30.0,13.0,302.1475830078125,-0.5957893664454698,0.655643204982211,-3.618606983637777,-2.545006979413456,-2.346490967831861,0.5163651769734549,-0.2345863153545795,2.387424920988741,0.1522221725805848,1.8693688631498144
30.0,13.0,308.76123046875,-0.7232108729775402,0.2962994248792651,-3.335996027072553,-3.361904609883445,-2.809549456194473,0.6310365155451838,-0.3869516901931407,2.673120968835126,0.2489907986584447,2.4985233533439395
30.0,13.0,799.5479736328125,-0.2289219485406772,1.5513574620923365,-3.0063279113708665,-3.1764744832088283,-1.44462340612545,-1.3149394168632125,0.2181851898704099,3.1737552042955466,0.6365054006449349,2.231180442476284
30.0,13.0,1180.382568359375,-1.825424449655536,1.3520161578836392,-4.146464973188247,-1.535884810524318,-1.7373148550971649,-1.2586934116766546,-0.0449726566838913,2.597157829111328,0.5870690134836569,3.070562737490107
30.0,13.0,295.84429931640625,-0.8274497652448931,1.0342728518141864,-3.46765683024413,-3.11137567601808,-2.3975675583263074,0.1392076495113877,-0.2927233989198098,2.7149929303059825,0.5728088353393624,2.645860635896003
30.0,13.0,351.7488098144531,-0.4307605166013655,0.9964334591106504,-3.104131110113002,-3.203008444843865,-1.034477567566372,0.9907064318206024,-0.0478610751830408,2.527851296859976,0.1235371134448559,2.55853456233922
30.0,13.0,436.136474609375,-1.7816919674953322,-0.0284418074916477,-3.5539941453548543,-2.922061743316738,-2.3266352907877885,-0.1259133910760421,-0.2826975462654326,2.305835887188739,0.1851175843917371,1.6700550943557626
30.0,13.0,361.9255981445313,-0.4453527056630244,1.4313374977697797,-3.0585326476777994,-3.5720936314268608,-2.651114979910925,0.1801454603196969,-0.3059616962538909,2.7206395747964387,0.2197237159492057,2.4345624033019444
30.0,13.0,450.2902526855469,-1.2691596321725285,1.0867544090473733,-3.598471363714628,-2.639587833486806,-1.494197815638202,0.6002462913631801,-0.2327450344291843,1.7700165607324514,0.3658286366862905,2.51551764157388
30.0,13.0,274.9467163085937,-1.7976713622400913,0.685508690765736,-3.368481071704766,-3.223167652228727,-2.373385351226136,-0.6284659287727065,-0.2792506410448566,2.6374107373891515,0.3804872617538466,2.404299037556603
30.0,13.0,828.191162109375,-0.8257806328339702,0.4031318656132351,-3.477083116658741,-2.199776623825051,-1.5124289667190485,0.4277452593498509,-1.2482166579752942,3.0530033189558865,0.4938388585581026,1.6443166688421391
30.0,13.0,398.75238037109375,-0.782635720865801,0.9819275632291882,-3.1739728626586325,-3.964416510327649,-2.55738902810722,0.2410592009123259,-0.1456672156041788,2.661098748650124,0.4507979282572734,2.583088828590048
30.0,13.0,560.296142578125,0.0229738867192852,1.4309178493882748,-3.945187898587928,-2.300177638158486,-1.6872006190053797,-0.223715076585884,-0.500445935406412,2.144487442753724,0.0736979208148745,2.652301343287558
30.0,13.0,536.103515625,-0.3719838176508612,0.3284132435596534,-3.586933132194264,-3.151598216914209,-1.4817881570420894,0.6685900803033944,-0.7026287093774134,2.332848110985205,0.3054274678084306,1.0039882499128048
30.0,13.0,325.66015625,-0.2659116531927821,0.6652636481201781,-3.1724530932560886,-3.254206000755038,-2.67236331854975,0.1738536023603995,-0.1937475976282369,2.394471488415045,0.52090235795774,2.7138494175625274
30.0,13.0,292.7175598144531,-0.8604335574225754,0.3048862805527244,-3.7765899616715655,-2.8288798328075746,-1.870121594496493,-0.4463734123356455,-0.1172124751165828,2.444594372432159,0.390996559676922,2.509169028976515
30.0,13.0,292.06414794921875,-0.6865608074234261,0.2866858582340517,-3.5985384303277765,-2.883189582059728,-2.1801508081295227,-0.5969139805602185,-0.2355694697182604,2.3305024631452027,0.3510794219152174,2.30450727823506
30.0,13.0,371.6979675292969,-1.7133997227713145,1.4549549957661454,-3.481205422722268,-3.54848290234381,-2.77810813105415,0.7327527880187672,-0.1909760371316776,2.3094257271448604,0.3761396440179647,2.2110849186127783
30.0,13.0,311.41265869140625,-0.8867088028445969,0.257329514698428,-3.23610814921806,-2.773337617535376,-2.60456159755399,0.1266932486288245,-0.2399800434147978,2.5301394790904643,0.2281286629125361,2.5426329414788085
30.0,13.0,289.3829345703125,-0.565311942187866,1.312135896593844,-3.330796144014674,-2.772480435390341,-1.6549857168722142,0.5897488930782919,-0.3174485027897271,2.595561003940941,0.3075072904357021,1.8479086197769616
30.0,13.0,346.730712890625,-0.7053552372788895,0.5151726821814503,-3.586914517991076,-3.698620349499282,-2.3272938665349083,0.7173388592286922,-0.3185729103373799,2.5903949089611085,0.3570496711147158,1.8230010783152963
30.0,13.0,322.1278076171875,-0.7039393829407831,0.9037435659052252,-3.271369548795463,-3.3217335398810284,-2.1595218953022792,0.8636084050296422,-0.2024150306819624,2.567675481848496,0.6026633355665025,2.8428868969371885
30.0,13.0,342.05914306640625,-0.9838993533038376,1.0272737151416251,-3.611713372082967,-3.666821923270392,-2.515344755092819,0.5708097049259359,-0.2643000395923978,2.304668740843771,0.4031660942813643,2.745451760556988
30.0,13.0,363.4435424804688,-0.1146146117031625,0.7081876629498479,-3.71814172551811,-3.5279404866370543,-2.2818814615441863,0.3807482788930553,-0.2678512835991832,2.4494682035923154,0.4912287437233884,2.260675601134675
30.0,13.0,516.437255859375,-1.08957793523775,0.9360410862513682,-3.940511022887724,-3.8112134962081727,-1.801961014537108,0.7922755883468435,0.1069363382320484,2.810794936559904,-0.4348812951304628,1.1193488670934515
30.0,13.0,421.0124816894531,0.3897609472211913,1.6645541366443324,-3.158238950578088,-3.210287488833641,-2.7659754451797,0.5414894178204048,-0.3162601177655989,2.341124095947269,0.2573004699983926,2.6233363415340056
30.0,13.0,661.9820556640625,-0.3787963782629342,1.5086347324793028,-3.233022493405569,-3.4002679162481813,-2.0662394931467163,0.2941554871439706,-0.2866531250767242,1.773732772746048,-0.327953749823748,2.54186078476638
30.0,13.0,366.9557189941406,-1.3002765807472962,1.4051179217940453,-3.374456460719599,-3.1591672598576164,-2.320344317626514,0.2506716482556181,-0.1321946471456885,2.2784973461055387,0.4045410665633173,2.7601666746781808
30.0,13.0,383.0667724609375,-1.4403443420893003,1.2972032466255956,-3.81949972733508,-3.436292819883295,-2.187374754522719,0.0104083823532313,-0.2575935003414224,2.296353306416512,0.3998567680419042,2.6717517077313104
30.0,13.0,381.6988525390625,-0.5355860035531956,0.4960292643257966,-3.378797233793761,-2.61419527073092,-2.483798047527126,0.9557014460233606,-0.1388328406392683,2.344306170028766,0.1280068243188157,1.980776455031238
30.0,13.0,445.6804504394531,-0.3804855219893231,-0.1358250583492906,-2.787387022433333,-2.8537423951414933,-2.0500476469816484,0.1749585158203843,-0.1686932445074667,1.805583034712896,-0.1348184988642328,1.1474925096806872
30.0,13.0,367.1121215820313,-0.9666658723074312,0.9917716769349078,-3.687600931272224,-2.683943430251896,-2.6483880424263004,0.1022270048573812,-0.094822249774772,2.399289698569808,-0.157564309488442,1.686068123222133
30.0,14.0,528.866455078125,-1.917016708589184,1.7083036700144696,-3.417870108427022,-3.433553093673741,-1.789014185792406,0.7879339245744752,-0.1830621424639418,1.81165193952278,0.0772777651368517,2.004872971881947
30.0,14.0,381.4955749511719,-0.5240658087691116,0.2902225561485617,-3.857070892810499,-2.895198455503632,-2.085320446595963,0.3388204464132655,-0.3572580706088833,2.7363522113046965,0.603548693905476,2.47719652486574
30.0,14.0,266.0086669921875,-0.8651988602160304,0.795838850913587,-3.725373039973909,-3.367153817545199,-2.5899729199514487,0.2127217260512958,-0.2711611491755846,2.4976140982215043,0.4393069268345422,2.535738525526165
30.0,14.0,336.623779296875,-1.2053741355321894,-0.0454351512062894,-3.4685639437479856,-2.79867109772834,-2.5040932243494654,0.0160455929498039,-0.3349861783114926,2.3815516897040294,-0.145173088453996,1.4803545338521935
30.0,14.0,271.6688842773437,-0.6842061700961852,0.4638085689816863,-3.252988070706168,-2.790266815660216,-2.460459473538054,0.2362908595808029,-0.2865642706747766,2.5503171012258377,0.0685993219601668,1.2503052550954938
30.0,14.0,392.3865966796875,-1.6029133707814591,0.3625744602974192,-3.5984351455655377,-3.4372862859079047,-2.574695303462884,0.4144678629546125,-1.0504112905181864,2.612258358445541,0.334344102345837,2.242905191852961
30.0,14.0,264.36541748046875,-1.4997965073520505,0.7960154805906069,-3.6653219343093015,-3.0966191422002187,-1.95481394875697,0.042754160859852,-0.2886253056337143,2.602459344188841,0.0729225177993868,2.0490852440400094
30.0,14.0,255.0756072998047,-0.7437148430740248,0.7221510179996182,-3.674211477804517,-2.8340338413756925,-2.4877573132527546,0.5692305852999704,-0.266978671457205,2.4116514091769967,0.2146660230121969,1.880616205515768
30.0,14.0,351.66632080078125,-0.5970456434648148,0.2872072223624737,-3.469815750400376,-3.4485211619225846,-2.1477358671341134,0.3510113286751568,-0.0247668968144146,2.205287119438691,0.3261987409563284,2.653900895426601
30.0,14.0,279.3392333984375,-0.4687888801183613,0.7475514138373185,-3.37956591689695,-3.282377025862408,-2.4238978263757307,0.4086789951285816,-0.2560088844719789,2.361875961267953,0.1868362778669779,2.615217634827952
30.0,14.0,382.8299560546875,-0.1033312130665278,0.7314681164591776,-3.64805044298528,-2.6225867853959137,-1.3674626061908617,0.6497403122333654,-0.2702460422525716,2.6189875771092925,-0.2721268193290552,1.6226630173401415
30.0,14.0,375.53948974609375,-1.092984130179244,0.5271645749648615,-4.057187584585502,-3.3536570016949137,-2.5051211815173566,0.6330097759288209,-0.2927889639333095,2.3288366387226613,0.2759636114215878,1.4060915596529096
30.0,14.0,463.4299621582031,-1.4379010554025289,1.2660718500260049,-3.74179244414065,-3.744489052549953,-2.5984965964327325,0.7575533722009034,-0.3825686176535792,2.687833921821864,0.2808259047936741,2.669366697496705
30.0,14.0,338.79803466796875,-0.6199777928131147,1.392196896182244,-3.397714281562976,-2.941928172218218,-1.7871050073807362,0.3084052175333895,-0.2235804365158545,2.285276088366156,0.2621472634586782,2.587701048249013
30.0,14.0,345.781005859375,-0.3680022852481478,0.8338293281505235,-3.888422334036651,-3.6635014319406896,-2.569932232891428,0.2332739489164878,-0.3048190942963623,2.321413988960378,0.33227937087607,2.3391939081929145
30.0,14.0,275.01861572265625,-0.6435894451540639,0.960786556165334,-3.6386481786598015,-3.392367352171577,-2.394451126881897,0.3023155552594216,-0.3219428862502038,2.4493199224134816,0.2775636887740526,1.652361810561903
30.0,14.0,265.7742919921875,-1.1122281882889598,0.4519523901211518,-3.4691491010926607,-3.341665177233496,-2.8411347218338387,0.6818623980726526,-0.2685839323619836,2.3896678589022486,0.4041998245688276,2.5510123019982647
30.0,14.0,267.6527709960937,-0.5549520893518829,0.6762839021744473,-3.636581847232178,-3.0890989043850743,-1.2065953446726216,0.7148389101486381,0.1433722763052067,2.4615739137032207,0.0752852449678996,1.921423308447342
30.0,14.0,292.9871520996094,-0.553098956333989,0.671708806945772,-3.535260154479833,-2.634274982507589,-2.5057726158759603,0.6637927701644929,-0.2426657179589352,2.3816222443917114,0.0154586805114702,1.6207785928222296
30.0,14.0,308.76123046875,-0.7232108729775402,0.2962994248792651,-3.335996027072553,-3.361904609883445,-2.809549456194473,0.6310365155451838,-0.3869516901931407,2.673120968835126,0.2489907986584447,2.4985233533439395
30.0,14.0,772.5340576171875,-0.0104216325161784,0.0665177276425215,-3.133443098369942,-3.214778990935068,-1.6376502218419144,-0.4260307216798131,-0.5156463383356512,2.9898985376326337,0.2630957696532305,2.646960599873764
30.0,14.0,1180.382568359375,-1.825424449655536,1.3520161578836392,-4.146464973188247,-1.535884810524318,-1.7373148550971649,-1.2586934116766546,-0.0449726566838913,2.597157829111328,0.5870690134836569,3.070562737490107
30.0,14.0,295.84429931640625,-0.8274497652448931,1.0342728518141864,-3.46765683024413,-3.11137567601808,-2.3975675583263074,0.1392076495113877,-0.2927233989198098,2.7149929303059825,0.5728088353393624,2.645860635896003
30.0,14.0,339.4153747558594,-0.5703498734658845,0.718527764175121,-2.9323964248802388,-3.0101677844998607,-1.3857253679097383,0.5239520820634391,0.0565401844470996,2.664775353996507,-0.1218729671959147,1.8851736846843288
30.0,14.0,403.8861389160156,-0.6049972185946628,0.2539134228273885,-4.023736801047822,-2.583479150864956,-2.206159386859082,0.8251026673184118,-0.3672095684748465,2.4032581159805746,0.1900178678335247,1.7775682606854644
30.0,14.0,361.9255981445313,-0.4453527056630244,1.4313374977697797,-3.0585326476777994,-3.5720936314268608,-2.651114979910925,0.1801454603196969,-0.3059616962538909,2.7206395747964387,0.2197237159492057,2.4345624033019444
30.0,14.0,450.2902526855469,-1.2691596321725285,1.0867544090473733,-3.598471363714628,-2.639587833486806,-1.494197815638202,0.6002462913631801,-0.2327450344291843,1.7700165607324514,0.3658286366862905,2.51551764157388
30.0,14.0,274.9467163085937,-1.7976713622400913,0.685508690765736,-3.368481071704766,-3.223167652228727,-2.373385351226136,-0.6284659287727065,-0.2792506410448566,2.6374107373891515,0.3804872617538466,2.404299037556603
30.0,14.0,828.191162109375,-0.8257806328339702,0.4031318656132351,-3.477083116658741,-2.199776623825051,-1.5124289667190485,0.4277452593498509,-1.2482166579752942,3.0530033189558865,0.4938388585581026,1.6443166688421391
30.0,14.0,398.75238037109375,-0.782635720865801,0.9819275632291882,-3.1739728626586325,-3.964416510327649,-2.55738902810722,0.2410592009123259,-0.1456672156041788,2.661098748650124,0.4507979282572734,2.583088828590048
30.0,14.0,560.296142578125,0.0229738867192852,1.4309178493882748,-3.945187898587928,-2.300177638158486,-1.6872006190053797,-0.223715076585884,-0.500445935406412,2.144487442753724,0.0736979208148745,2.652301343287558
30.0,14.0,371.3937377929688,-1.261285797710725,0.8251658072135704,-3.5110895536370017,-2.80003023874782,-3.154002928441363,0.593996300890023,-0.4410411658695995,2.314548770978502,0.1037764376967239,1.2375770586044426
30.0,14.0,246.0790863037109,-0.5522253572946704,0.7516272087317926,-3.173279364932414,-3.3001355181276746,-2.600999035260396,0.5464110871380381,-0.2140931018555414,2.410793281399178,0.3047186983041551,2.4861174373907966
30.0,14.0,292.7175598144531,-0.8604335574225754,0.3048862805527244,-3.7765899616715655,-2.8288798328075746,-1.870121594496493,-0.4463734123356455,-0.1172124751165828,2.444594372432159,0.390996559676922,2.509169028976515
30.0,14.0,292.06414794921875,-0.6865608074234261,0.2866858582340517,-3.5985384303277765,-2.883189582059728,-2.1801508081295227,-0.5969139805602185,-0.2355694697182604,2.3305024631452027,0.3510794219152174,2.30450727823506
30.0,14.0,371.6979675292969,-1.7133997227713145,1.4549549957661454,-3.481205422722268,-3.54848290234381,-2.77810813105415,0.7327527880187672,-0.1909760371316776,2.3094257271448604,0.3761396440179647,2.2110849186127783
30.0,14.0,310.90509033203125,-0.8683260281106907,0.4075862295556997,-3.4089359415866283,-2.6689958770461364,-2.212230455968414,0.397852705637381,-0.2748470050179934,2.4554949041412804,0.2197767661507505,1.3318678709693943
30.0,14.0,289.3829345703125,-0.565311942187866,1.312135896593844,-3.330796144014674,-2.772480435390341,-1.6549857168722142,0.5897488930782919,-0.3174485027897271,2.595561003940941,0.3075072904357021,1.8479086197769616
30.0,14.0,286.754638671875,-0.6017324488526815,0.8488205670262445,-3.60961228230531,-3.4860034351570803,-2.35508367543291,0.7268210322972304,-0.3061769188260757,2.5288468020907566,0.1412300286107256,1.362879960545815
30.0,14.0,322.1278076171875,-0.7039393829407831,0.9037435659052252,-3.271369548795463,-3.3217335398810284,-2.1595218953022792,0.8636084050296422,-0.2024150306819624,2.567675481848496,0.6026633355665025,2.8428868969371885
30.0,14.0,256.8799743652344,-0.8166811240626726,0.7683906268858887,-3.8324701942519313,-2.9737945520503124,-2.443744084008556,0.6169524596354625,-0.2596001349303362,2.382728071812344,0.2195759396688291,2.0867158056547583
30.0,14.0,255.5301055908203,-0.7099668791098954,0.7250807586372798,-3.6955113143539,-3.3596089544328933,-2.5797961491422083,0.405228287514296,-0.2583518215209731,2.4241496923632027,0.413232194927573,2.505549254972048
30.0,14.0,516.437255859375,-1.08957793523775,0.9360410862513682,-3.940511022887724,-3.8112134962081727,-1.801961014537108,0.7922755883468435,0.1069363382320484,2.810794936559904,-0.4348812951304628,1.1193488670934515
30.0,14.0,421.0124816894531,0.3897609472211913,1.6645541366443324,-3.158238950578088,-3.210287488833641,-2.7659754451797,0.5414894178204048,-0.3162601177655989,2.341124095947269,0.2573004699983926,2.6233363415340056
30.0,14.0,606.066162109375,0.3341147450250772,1.2295573075603183,-4.038427322054601,-3.49043135403814,-2.265956660704285,-0.2461719707281373,-0.2310732049330223,2.543351595884201,-0.2109516474050773,1.8484752900927288
30.0,14.0,366.9557189941406,-1.3002765807472962,1.4051179217940453,-3.374456460719599,-3.1591672598576164,-2.320344317626514,0.2506716482556181,-0.1321946471456885,2.2784973461055387,0.4045410665633173,2.7601666746781808
30.0,14.0,383.0667724609375,-1.4403443420893003,1.2972032466255956,-3.81949972733508,-3.436292819883295,-2.187374754522719,0.0104083823532313,-0.2575935003414224,2.296353306416512,0.3998567680419042,2.6717517077313104
30.0,14.0,381.6988525390625,-0.5355860035531956,0.4960292643257966,-3.378797233793761,-2.61419527073092,-2.483798047527126,0.9557014460233606,-0.1388328406392683,2.344306170028766,0.1280068243188157,1.980776455031238
30.0,14.0,445.6804504394531,-0.3804855219893231,-0.1358250583492906,-2.787387022433333,-2.8537423951414933,-2.0500476469816484,0.1749585158203843,-0.1686932445074667,1.805583034712896,-0.1348184988642328,1.1474925096806872
30.0,14.0,316.78302001953125,-0.9057149938071404,0.4744090523770059,-3.5961969017132804,-2.767791928023771,-2.4725606797073114,0.4924061973791584,-0.1607019219491169,2.3330512736062365,0.3385649959403917,1.823719704758149
30.0,15.0,407.0769653320313,-0.2069563521327306,1.5677396602906208,-3.051339877408376,-3.406280333237597,-1.752000977815246,-0.5106295964583485,-0.2168125988516329,2.1439599907439404,0.1168359911345393,2.544795002419659
30.0,15.0,381.4955749511719,-0.5240658087691116,0.2902225561485617,-3.857070892810499,-2.895198455503632,-2.085320446595963,0.3388204464132655,-0.3572580706088833,2.7363522113046965,0.603548693905476,2.47719652486574
30.0,15.0,266.0086669921875,-0.8651988602160304,0.795838850913587,-3.725373039973909,-3.367153817545199,-2.5899729199514487,0.2127217260512958,-0.2711611491755846,2.4976140982215043,0.4393069268345422,2.535738525526165
30.0,15.0,336.623779296875,-1.2053741355321894,-0.0454351512062894,-3.4685639437479856,-2.79867109772834,-2.5040932243494654,0.0160455929498039,-0.3349861783114926,2.3815516897040294,-0.145173088453996,1.4803545338521935
30.0,15.0,271.6688842773437,-0.6842061700961852,0.4638085689816863,-3.252988070706168,-2.790266815660216,-2.460459473538054,0.2362908595808029,-0.2865642706747766,2.5503171012258377,0.0685993219601668,1.2503052550954938
30.0,15.0,355.0817565917969,-1.8366047360112845,0.9744478709837756,-3.071293819603757,-3.645333559295501,-2.5288858070872946,0.2772368586598365,-0.2207028975974612,2.3763052133843274,0.4221293973602867,2.1200217488816304
30.0,15.0,264.36541748046875,-1.4997965073520505,0.7960154805906069,-3.6653219343093015,-3.0966191422002187,-1.95481394875697,0.042754160859852,-0.2886253056337143,2.602459344188841,0.0729225177993868,2.0490852440400094
30.0,15.0,255.0756072998047,-0.7437148430740248,0.7221510179996182,-3.674211477804517,-2.8340338413756925,-2.4877573132527546,0.5692305852999704,-0.266978671457205,2.4116514091769967,0.2146660230121969,1.880616205515768
30.0,15.0,351.66632080078125,-0.5970456434648148,0.2872072223624737,-3.469815750400376,-3.4485211619225846,-2.1477358671341134,0.3510113286751568,-0.0247668968144146,2.205287119438691,0.3261987409563284,2.653900895426601
30.0,15.0,279.3392333984375,-0.4687888801183613,0.7475514138373185,-3.37956591689695,-3.282377025862408,-2.4238978263757307,0.4086789951285816,-0.2560088844719789,2.361875961267953,0.1868362778669779,2.615217634827952
30.0,15.0,382.8299560546875,-0.1033312130665278,0.7314681164591776,-3.64805044298528,-2.6225867853959137,-1.3674626061908617,0.6497403122333654,-0.2702460422525716,2.6189875771092925,-0.2721268193290552,1.6226630173401415
30.0,15.0,375.53948974609375,-1.092984130179244,0.5271645749648615,-4.057187584585502,-3.3536570016949137,-2.5051211815173566,0.6330097759288209,-0.2927889639333095,2.3288366387226613,0.2759636114215878,1.4060915596529096
30.0,15.0,463.4299621582031,-1.4379010554025289,1.2660718500260049,-3.74179244414065,-3.744489052549953,-2.5984965964327325,0.7575533722009034,-0.3825686176535792,2.687833921821864,0.2808259047936741,2.669366697496705
30.0,15.0,338.79803466796875,-0.6199777928131147,1.392196896182244,-3.397714281562976,-2.941928172218218,-1.7871050073807362,0.3084052175333895,-0.2235804365158545,2.285276088366156,0.2621472634586782,2.587701048249013
30.0,15.0,345.781005859375,-0.3680022852481478,0.8338293281505235,-3.888422334036651,-3.6635014319406896,-2.569932232891428,0.2332739489164878,-0.3048190942963623,2.321413988960378,0.33227937087607,2.3391939081929145
30.0,15.0,275.01861572265625,-0.6435894451540639,0.960786556165334,-3.6386481786598015,-3.392367352171577,-2.394451126881897,0.3023155552594216,-0.3219428862502038,2.4493199224134816,0.2775636887740526,1.652361810561903
30.0,15.0,265.7742919921875,-1.1122281882889598,0.4519523901211518,-3.4691491010926607,-3.341665177233496,-2.8411347218338387,0.6818623980726526,-0.2685839323619836,2.3896678589022486,0.4041998245688276,2.5510123019982647
30.0,15.0,267.6527709960937,-0.5549520893518829,0.6762839021744473,-3.636581847232178,-3.0890989043850743,-1.2065953446726216,0.7148389101486381,0.1433722763052067,2.4615739137032207,0.0752852449678996,1.921423308447342
30.0,15.0,292.9871520996094,-0.553098956333989,0.671708806945772,-3.535260154479833,-2.634274982507589,-2.5057726158759603,0.6637927701644929,-0.2426657179589352,2.3816222443917114,0.0154586805114702,1.6207785928222296
30.0,15.0,308.76123046875,-0.7232108729775402,0.2962994248792651,-3.335996027072553,-3.361904609883445,-2.809549456194473,0.6310365155451838,-0.3869516901931407,2.673120968835126,0.2489907986584447,2.4985233533439395
30.0,15.0,772.5340576171875,-0.0104216325161784,0.0665177276425215,-3.133443098369942,-3.214778990935068,-1.6376502218419144,-0.4260307216798131,-0.5156463383356512,2.9898985376326337,0.2630957696532305,2.646960599873764
30.0,15.0,1180.382568359375,-1.825424449655536,1.3520161578836392,-4.146464973188247,-1.535884810524318,-1.7373148550971649,-1.2586934116766546,-0.0449726566838913,2.597157829111328,0.5870690134836569,3.070562737490107
30.0,15.0,295.84429931640625,-0.8274497652448931,1.0342728518141864,-3.46765683024413,-3.11137567601808,-2.3975675583263074,0.1392076495113877,-0.2927233989198098,2.7149929303059825,0.5728088353393624,2.645860635896003
30.0,15.0,339.4153747558594,-0.5703498734658845,0.718527764175121,-2.9323964248802388,-3.0101677844998607,-1.3857253679097383,0.5239520820634391,0.0565401844470996,2.664775353996507,-0.1218729671959147,1.8851736846843288
30.0,15.0,403.8861389160156,-0.6049972185946628,0.2539134228273885,-4.023736801047822,-2.583479150864956,-2.206159386859082,0.8251026673184118,-0.3672095684748465,2.4032581159805746,0.1900178678335247,1.7775682606854644
30.0,15.0,361.9255981445313,-0.4453527056630244,1.4313374977697797,-3.0585326476777994,-3.5720936314268608,-2.651114979910925,0.1801454603196969,-0.3059616962538909,2.7206395747964387,0.2197237159492057,2.4345624033019444
30.0,15.0,450.2902526855469,-1.2691596321725285,1.0867544090473733,-3.598471363714628,-2.639587833486806,-1.494197815638202,0.6002462913631801,-0.2327450344291843,1.7700165607324514,0.3658286366862905,2.51551764157388
30.0,15.0,274.9467163085937,-1.7976713622400913,0.685508690765736,-3.368481071704766,-3.223167652228727,-2.373385351226136,-0.6284659287727065,-0.2792506410448566,2.6374107373891515,0.3804872617538466,2.404299037556603
30.0,15.0,810.9150390625,-0.9261549188527868,0.7953704798894963,-2.2109390323203497,-2.3437650086090818,-0.9834814733966256,-0.043990850426908,-1.136412774320415,2.6964914755865967,0.4773912809604101,1.685891583079851
30.0,15.0,370.2328796386719,-0.5539963444982521,0.7448878495125292,-3.0889972554086342,-2.836916575510024,-2.590462370545709,0.2424154209241782,-0.1229642653645847,2.3857553651946044,0.2331010753356178,3.028469654926772
30.0,15.0,560.296142578125,0.0229738867192852,1.4309178493882748,-3.945187898587928,-2.300177638158486,-1.6872006190053797,-0.223715076585884,-0.500445935406412,2.144487442753724,0.0736979208148745,2.652301343287558
30.0,15.0,371.3937377929688,-1.261285797710725,0.8251658072135704,-3.5110895536370017,-2.80003023874782,-3.154002928441363,0.593996300890023,-0.4410411658695995,2.314548770978502,0.1037764376967239,1.2375770586044426
30.0,15.0,246.0790863037109,-0.5522253572946704,0.7516272087317926,-3.173279364932414,-3.3001355181276746,-2.600999035260396,0.5464110871380381,-0.2140931018555414,2.410793281399178,0.3047186983041551,2.4861174373907966
30.0,15.0,292.7175598144531,-0.8604335574225754,0.3048862805527244,-3.7765899616715655,-2.8288798328075746,-1.870121594496493,-0.4463734123356455,-0.1172124751165828,2.444594372432159,0.390996559676922,2.509169028976515
30.0,15.0,292.06414794921875,-0.6865608074234261,0.2866858582340517,-3.5985384303277765,-2.883189582059728,-2.1801508081295227,-0.5969139805602185,-0.2355694697182604,2.3305024631452027,0.3510794219152174,2.30450727823506
30.0,15.0,371.6979675292969,-1.7133997227713145,1.4549549957661454,-3.481205422722268,-3.54848290234381,-2.77810813105415,0.7327527880187672,-0.1909760371316776,2.3094257271448604,0.3761396440179647,2.2110849186127783
30.0,15.0,252.4925079345703,-0.337224435983673,0.8919301080753493,-3.125677242659602,-3.338024343326791,-2.7663990941358425,0.5653093075327853,-0.171169867253963,2.373282080615244,0.2915229554402073,2.182667681744352
30.0,15.0,289.3829345703125,-0.565311942187866,1.312135896593844,-3.330796144014674,-2.772480435390341,-1.6549857168722142,0.5897488930782919,-0.3174485027897271,2.595561003940941,0.3075072904357021,1.8479086197769616
30.0,15.0,286.754638671875,-0.6017324488526815,0.8488205670262445,-3.60961228230531,-3.4860034351570803,-2.35508367543291,0.7268210322972304,-0.3061769188260757,2.5288468020907566,0.1412300286107256,1.362879960545815
30.0,15.0,322.1278076171875,-0.7039393829407831,0.9037435659052252,-3.271369548795463,-3.3217335398810284,-2.1595218953022792,0.8636084050296422,-0.2024150306819624,2.567675481848496,0.6026633355665025,2.8428868969371885
30.0,15.0,237.47869873046875,-0.8019130535331931,0.6989534746873916,-3.4768858431479166,-3.1537009096667643,-2.6227252976734925,0.3522320213679263,-0.1603884741083302,2.4309995389279866,0.3319332511669908,2.201227055895076
30.0,15.0,255.5301055908203,-0.7099668791098954,0.7250807586372798,-3.6955113143539,-3.3596089544328933,-2.5797961491422083,0.405228287514296,-0.2583518215209731,2.4241496923632027,0.413232194927573,2.505549254972048
30.0,15.0,516.437255859375,-1.08957793523775,0.9360410862513682,-3.940511022887724,-3.8112134962081727,-1.801961014537108,0.7922755883468435,0.1069363382320484,2.810794936559904,-0.4348812951304628,1.1193488670934515
30.0,15.0,375.29400634765625,-0.3229888417360054,1.633973561292268,-2.6820740797755964,-3.3242452098595328,-2.629720147043551,0.6213520781963835,-0.2446354396652619,2.3445737267885742,0.2589989826402931,2.8026108217095382
30.0,15.0,606.066162109375,0.3341147450250772,1.2295573075603183,-4.038427322054601,-3.49043135403814,-2.265956660704285,-0.2461719707281373,-0.2310732049330223,2.543351595884201,-0.2109516474050773,1.8484752900927288
30.0,15.0,366.9557189941406,-1.3002765807472962,1.4051179217940453,-3.374456460719599,-3.1591672598576164,-2.320344317626514,0.2506716482556181,-0.1321946471456885,2.2784973461055387,0.4045410665633173,2.7601666746781808
30.0,15.0,383.0667724609375,-1.4403443420893003,1.2972032466255956,-3.81949972733508,-3.436292819883295,-2.187374754522719,0.0104083823532313,-0.2575935003414224,2.296353306416512,0.3998567680419042,2.6717517077313104
30.0,15.0,381.6988525390625,-0.5355860035531956,0.4960292643257966,-3.378797233793761,-2.61419527073092,-2.483798047527126,0.9557014460233606,-0.1388328406392683,2.344306170028766,0.1280068243188157,1.980776455031238
30.0,15.0,445.6804504394531,-0.3804855219893231,-0.1358250583492906,-2.787387022433333,-2.8537423951414933,-2.0500476469816484,0.1749585158203843,-0.1686932445074667,1.805583034712896,-0.1348184988642328,1.1474925096806872
30.0,15.0,316.78302001953125,-0.9057149938071404,0.4744090523770059,-3.5961969017132804,-2.767791928023771,-2.4725606797073114,0.4924061973791584,-0.1607019219491169,2.3330512736062365,0.3385649959403917,1.823719704758149
30.0,16.0,407.0769653320313,-0.2069563521327306,1.5677396602906208,-3.051339877408376,-3.406280333237597,-1.752000977815246,-0.5106295964583485,-0.2168125988516329,2.1439599907439404,0.1168359911345393,2.544795002419659
30.0,16.0,381.4955749511719,-0.5240658087691116,0.2902225561485617,-3.857070892810499,-2.895198455503632,-2.085320446595963,0.3388204464132655,-0.3572580706088833,2.7363522113046965,0.603548693905476,2.47719652486574
30.0,16.0,266.0086669921875,-0.8651988602160304,0.795838850913587,-3.725373039973909,-3.367153817545199,-2.5899729199514487,0.2127217260512958,-0.2711611491755846,2.4976140982215043,0.4393069268345422,2.535738525526165
30.0,16.0,259.2620544433594,-0.8660650803244447,0.2254096598870836,-3.715600207882184,-3.166352786460449,-2.54237516823204,0.2520192489413212,-0.4127701327875814,2.470938097642882,-0.0819671006496654,1.2519135349494572
30.0,16.0,271.6688842773437,-0.6842061700961852,0.4638085689816863,-3.252988070706168,-2.790266815660216,-2.460459473538054,0.2362908595808029,-0.2865642706747766,2.5503171012258377,0.0685993219601668,1.2503052550954938
30.0,16.0,355.0817565917969,-1.8366047360112845,0.9744478709837756,-3.071293819603757,-3.645333559295501,-2.5288858070872946,0.2772368586598365,-0.2207028975974612,2.3763052133843274,0.4221293973602867,2.1200217488816304
30.0,16.0,264.36541748046875,-1.4997965073520505,0.7960154805906069,-3.6653219343093015,-3.0966191422002187,-1.95481394875697,0.042754160859852,-0.2886253056337143,2.602459344188841,0.0729225177993868,2.0490852440400094
30.0,16.0,255.0756072998047,-0.7437148430740248,0.7221510179996182,-3.674211477804517,-2.8340338413756925,-2.4877573132527546,0.5692305852999704,-0.266978671457205,2.4116514091769967,0.2146660230121969,1.880616205515768
30.0,16.0,351.66632080078125,-0.5970456434648148,0.2872072223624737,-3.469815750400376,-3.4485211619225846,-2.1477358671341134,0.3510113286751568,-0.0247668968144146,2.205287119438691,0.3261987409563284,2.653900895426601
30.0,16.0,279.3392333984375,-0.4687888801183613,0.7475514138373185,-3.37956591689695,-3.282377025862408,-2.4238978263757307,0.4086789951285816,-0.2560088844719789,2.361875961267953,0.1868362778669779,2.615217634827952
30.0,16.0,382.8299560546875,-0.1033312130665278,0.7314681164591776,-3.64805044298528,-2.6225867853959137,-1.3674626061908617,0.6497403122333654,-0.2702460422525716,2.6189875771092925,-0.2721268193290552,1.6226630173401415
30.0,16.0,375.53948974609375,-1.092984130179244,0.5271645749648615,-4.057187584585502,-3.3536570016949137,-2.5051211815173566,0.6330097759288209,-0.2927889639333095,2.3288366387226613,0.2759636114215878,1.4060915596529096
30.0,16.0,463.4299621582031,-1.4379010554025289,1.2660718500260049,-3.74179244414065,-3.744489052549953,-2.5984965964327325,0.7575533722009034,-0.3825686176535792,2.687833921821864,0.2808259047936741,2.669366697496705
30.0,16.0,338.79803466796875,-0.6199777928131147,1.392196896182244,-3.397714281562976,-2.941928172218218,-1.7871050073807362,0.3084052175333895,-0.2235804365158545,2.285276088366156,0.2621472634586782,2.587701048249013
30.0,16.0,345.781005859375,-0.3680022852481478,0.8338293281505235,-3.888422334036651,-3.6635014319406896,-2.569932232891428,0.2332739489164878,-0.3048190942963623,2.321413988960378,0.33227937087607,2.3391939081929145
30.0,16.0,244.17935180664065,-1.0580844602266946,0.7081778658264719,-3.649967616097416,-3.4679960447071654,-2.339667194835952,0.1576802503411899,-0.2229876707983459,2.4495041282774404,0.2115079684829703,2.127809645640622
30.0,16.0,265.7742919921875,-1.1122281882889598,0.4519523901211518,-3.4691491010926607,-3.341665177233496,-2.8411347218338387,0.6818623980726526,-0.2685839323619836,2.3896678589022486,0.4041998245688276,2.5510123019982647
30.0,16.0,267.6527709960937,-0.5549520893518829,0.6762839021744473,-3.636581847232178,-3.0890989043850743,-1.2065953446726216,0.7148389101486381,0.1433722763052067,2.4615739137032207,0.0752852449678996,1.921423308447342
30.0,16.0,282.494140625,-0.9249695746952056,0.6558811573372015,-2.940245698781853,-3.4000119941986737,-2.6288223869045124,0.3163710162005134,-0.1677922561576552,2.4217698585491925,0.2045598289500668,2.0866852148569177
30.0,16.0,308.76123046875,-0.7232108729775402,0.2962994248792651,-3.335996027072553,-3.361904609883445,-2.809549456194473,0.6310365155451838,-0.3869516901931407,2.673120968835126,0.2489907986584447,2.4985233533439395
30.0,16.0,414.5307922363281,-0.9421459444420008,0.8605122077230908,-3.255522734859939,-3.2095094928434755,-2.031293104462006,-0.2193641234635708,0.0968866380096856,2.101144902331572,0.2357503435606084,1.9126539554267623
30.0,16.0,1180.382568359375,-1.825424449655536,1.3520161578836392,-4.146464973188247,-1.535884810524318,-1.7373148550971649,-1.2586934116766546,-0.0449726566838913,2.597157829111328,0.5870690134836569,3.070562737490107
30.0,16.0,295.84429931640625,-0.8274497652448931,1.0342728518141864,-3.46765683024413,-3.11137567601808,-2.3975675583263074,0.1392076495113877,-0.2927233989198098,2.7149929303059825,0.5728088353393624,2.645860635896003
30.0,16.0,339.4153747558594,-0.5703498734658845,0.718527764175121,-2.9323964248802388,-3.0101677844998607,-1.3857253679097383,0.5239520820634391,0.0565401844470996,2.664775353996507,-0.1218729671959147,1.8851736846843288
30.0,16.0,287.73309326171875,-0.6413428115216947,0.1770224450221965,-3.0230233238102766,-3.157056682678569,-2.7485327870906606,0.602136996792339,-0.2190326132748448,2.3776984596605515,0.2522216552290435,1.7270380134526162
30.0,16.0,284.9021911621094,-1.5536260703309286,0.6642972433482515,-3.159303318716888,-3.2537406714691373,-2.575262264678952,0.0024046099787903,-0.2085338997241466,2.6831947849471574,0.115872491955876,1.8786414937436988
30.0,16.0,450.2902526855469,-1.2691596321725285,1.0867544090473733,-3.598471363714628,-2.639587833486806,-1.494197815638202,0.6002462913631801,-0.2327450344291843,1.7700165607324514,0.3658286366862905,2.51551764157388
30.0,16.0,274.9467163085937,-1.7976713622400913,0.685508690765736,-3.368481071704766,-3.223167652228727,-2.373385351226136,-0.6284659287727065,-0.2792506410448566,2.6374107373891515,0.3804872617538466,2.404299037556603
30.0,16.0,810.9150390625,-0.9261549188527868,0.7953704798894963,-2.2109390323203497,-2.3437650086090818,-0.9834814733966256,-0.043990850426908,-1.136412774320415,2.6964914755865967,0.4773912809604101,1.685891583079851
30.0,16.0,370.2328796386719,-0.5539963444982521,0.7448878495125292,-3.0889972554086342,-2.836916575510024,-2.590462370545709,0.2424154209241782,-0.1229642653645847,2.3857553651946044,0.2331010753356178,3.028469654926772
30.0,16.0,560.296142578125,0.0229738867192852,1.4309178493882748,-3.945187898587928,-2.300177638158486,-1.6872006190053797,-0.223715076585884,-0.500445935406412,2.144487442753724,0.0736979208148745,2.652301343287558
30.0,16.0,371.3937377929688,-1.261285797710725,0.8251658072135704,-3.5110895536370017,-2.80003023874782,-3.154002928441363,0.593996300890023,-0.4410411658695995,2.314548770978502,0.1037764376967239,1.2375770586044426
30.0,16.0,246.0790863037109,-0.5522253572946704,0.7516272087317926,-3.173279364932414,-3.3001355181276746,-2.600999035260396,0.5464110871380381,-0.2140931018555414,2.410793281399178,0.3047186983041551,2.4861174373907966
30.0,16.0,292.7175598144531,-0.8604335574225754,0.3048862805527244,-3.7765899616715655,-2.8288798328075746,-1.870121594496493,-0.4463734123356455,-0.1172124751165828,2.444594372432159,0.390996559676922,2.509169028976515
30.0,16.0,292.06414794921875,-0.6865608074234261,0.2866858582340517,-3.5985384303277765,-2.883189582059728,-2.1801508081295227,-0.5969139805602185,-0.2355694697182604,2.3305024631452027,0.3510794219152174,2.30450727823506
30.0,16.0,257.43017578125,-0.5727926672981707,1.0097875280541913,-3.828634002732692,-3.238681965243362,-2.418961905086457,0.4874517937431122,-0.1163219690684778,2.509820680235572,0.1923598043061238,2.2694650503871325
30.0,16.0,252.4925079345703,-0.337224435983673,0.8919301080753493,-3.125677242659602,-3.338024343326791,-2.7663990941358425,0.5653093075327853,-0.171169867253963,2.373282080615244,0.2915229554402073,2.182667681744352
30.0,16.0,289.3829345703125,-0.565311942187866,1.312135896593844,-3.330796144014674,-2.772480435390341,-1.6549857168722142,0.5897488930782919,-0.3174485027897271,2.595561003940941,0.3075072904357021,1.8479086197769616
30.0,16.0,286.754638671875,-0.6017324488526815,0.8488205670262445,-3.60961228230531,-3.4860034351570803,-2.35508367543291,0.7268210322972304,-0.3061769188260757,2.5288468020907566,0.1412300286107256,1.362879960545815
30.0,16.0,322.1278076171875,-0.7039393829407831,0.9037435659052252,-3.271369548795463,-3.3217335398810284,-2.1595218953022792,0.8636084050296422,-0.2024150306819624,2.567675481848496,0.6026633355665025,2.8428868969371885
30.0,16.0,237.47869873046875,-0.8019130535331931,0.6989534746873916,-3.4768858431479166,-3.1537009096667643,-2.6227252976734925,0.3522320213679263,-0.1603884741083302,2.4309995389279866,0.3319332511669908,2.201227055895076
30.0,16.0,241.21969604492188,-0.9414119247922652,0.6333499543572867,-3.7115223389409455,-3.0359039531911547,-2.5204260519843547,0.411527061792195,-0.1478945476840688,2.438405544188649,0.3185720733474935,2.496748730377731
30.0,16.0,456.4771423339844,-1.574599500723596,0.8311636632419128,-4.1510386671600354,-2.5261325240172248,-1.2218455262095822,0.2520009924181338,0.0558872001009917,2.256443774184432,-0.1225853014102055,2.1525399275508983
30.0,16.0,332.7763061523437,-0.8978683791441757,1.3788667562586552,-2.5173754401447166,-2.818143307773239,-2.579709470764811,0.5013012572483073,-0.0495583330773291,2.481782424263595,0.2421817580085098,2.320104835598226
30.0,16.0,449.42877197265625,-0.5240861442915158,1.478634577829257,-3.363149104104884,-2.912478872366012,-2.786194082888731,0.590572345113992,-0.1427370298105739,2.7258275917262424,-0.0329596514874864,2.269787850825466
30.0,16.0,366.9557189941406,-1.3002765807472962,1.4051179217940453,-3.374456460719599,-3.1591672598576164,-2.320344317626514,0.2506716482556181,-0.1321946471456885,2.2784973461055387,0.4045410665633173,2.7601666746781808
30.0,16.0,383.0667724609375,-1.4403443420893003,1.2972032466255956,-3.81949972733508,-3.436292819883295,-2.187374754522719,0.0104083823532313,-0.2575935003414224,2.296353306416512,0.3998567680419042,2.6717517077313104
30.0,16.0,381.6988525390625,-0.5355860035531956,0.4960292643257966,-3.378797233793761,-2.61419527073092,-2.483798047527126,0.9557014460233606,-0.1388328406392683,2.344306170028766,0.1280068243188157,1.980776455031238
30.0,16.0,445.6804504394531,-0.3804855219893231,-0.1358250583492906,-2.787387022433333,-2.8537423951414933,-2.0500476469816484,0.1749585158203843,-0.1686932445074667,1.805583034712896,-0.1348184988642328,1.1474925096806872
30.0,16.0,316.78302001953125,-0.9057149938071404,0.4744090523770059,-3.5961969017132804,-2.767791928023771,-2.4725606797073114,0.4924061973791584,-0.1607019219491169,2.3330512736062365,0.3385649959403917,1.823719704758149
30.0,17.0,403.0428161621094,-1.0030112445284014,1.4203883275280391,-2.655795102680123,-3.3858607616207097,-2.579630548390394,0.5074513600035824,-0.2378489781037731,2.2365819369882263,0.1299651228097236,2.233082517599578
30.0,17.0,249.9276885986328,-0.8612329163636977,0.5428705660266223,-3.97402976749547,-2.9484963630573984,-2.329602805124236,0.346349723449407,-0.107002805796062,2.576859074969224,0.3277243296457368,2.286002518147732
30.0,17.0,266.0086669921875,-0.8651988602160304,0.795838850913587,-3.725373039973909,-3.367153817545199,-2.5899729199514487,0.2127217260512958,-0.2711611491755846,2.4976140982215043,0.4393069268345422,2.535738525526165
30.0,17.0,259.2620544433594,-0.8660650803244447,0.2254096598870836,-3.715600207882184,-3.166352786460449,-2.54237516823204,0.2520192489413212,-0.4127701327875814,2.470938097642882,-0.0819671006496654,1.2519135349494572
30.0,17.0,271.6688842773437,-0.6842061700961852,0.4638085689816863,-3.252988070706168,-2.790266815660216,-2.460459473538054,0.2362908595808029,-0.2865642706747766,2.5503171012258377,0.0685993219601668,1.2503052550954938
30.0,17.0,328.6772155761719,-0.7504374384797727,0.7520877361583416,-2.7928420112008694,-3.225765645620985,-2.5665121589051294,0.3257514703285177,-0.2060321527628295,2.547377905718802,0.4261169074496399,2.071997458495625
30.0,17.0,264.36541748046875,-1.4997965073520505,0.7960154805906069,-3.6653219343093015,-3.0966191422002187,-1.95481394875697,0.042754160859852,-0.2886253056337143,2.602459344188841,0.0729225177993868,2.0490852440400094
30.0,17.0,255.0756072998047,-0.7437148430740248,0.7221510179996182,-3.674211477804517,-2.8340338413756925,-2.4877573132527546,0.5692305852999704,-0.266978671457205,2.4116514091769967,0.2146660230121969,1.880616205515768
30.0,17.0,351.66632080078125,-0.5970456434648148,0.2872072223624737,-3.469815750400376,-3.4485211619225846,-2.1477358671341134,0.3510113286751568,-0.0247668968144146,2.205287119438691,0.3261987409563284,2.653900895426601
30.0,17.0,248.2597045898437,-0.7130160797033014,0.6289607720408831,-3.444587279100257,-3.333428626271065,-2.5391640247345584,0.2161217831381211,-0.1334123147346632,2.388992340766104,0.265910291211543,2.028952185255275
30.0,17.0,382.8299560546875,-0.1033312130665278,0.7314681164591776,-3.64805044298528,-2.6225867853959137,-1.3674626061908617,0.6497403122333654,-0.2702460422525716,2.6189875771092925,-0.2721268193290552,1.6226630173401415
30.0,17.0,365.5438232421875,-1.9040933404468712,0.5595277887784762,-3.895451288678447,-2.6848029381769263,-2.620289653241075,0.600895707001217,-0.3488225998580893,2.37731808341621,0.1033572002805103,1.575040239731883
30.0,17.0,463.4299621582031,-1.4379010554025289,1.2660718500260049,-3.74179244414065,-3.744489052549953,-2.5984965964327325,0.7575533722009034,-0.3825686176535792,2.687833921821864,0.2808259047936741,2.669366697496705
30.0,17.0,338.79803466796875,-0.6199777928131147,1.392196896182244,-3.397714281562976,-2.941928172218218,-1.7871050073807362,0.3084052175333895,-0.2235804365158545,2.285276088366156,0.2621472634586782,2.587701048249013
30.0,17.0,345.781005859375,-0.3680022852481478,0.8338293281505235,-3.888422334036651,-3.6635014319406896,-2.569932232891428,0.2332739489164878,-0.3048190942963623,2.321413988960378,0.33227937087607,2.3391939081929145
30.0,17.0,244.134017944336,-0.7321628117863089,0.6392687461372437,-3.54240581723804,-3.109482324080489,-2.4788721065030948,0.2993421125078486,-0.19601583330962,2.444774030422228,0.3112208853674846,1.9290790597288
30.0,17.0,265.7742919921875,-1.1122281882889598,0.4519523901211518,-3.4691491010926607,-3.341665177233496,-2.8411347218338387,0.6818623980726526,-0.2685839323619836,2.3896678589022486,0.4041998245688276,2.5510123019982647
30.0,17.0,267.6527709960937,-0.5549520893518829,0.6762839021744473,-3.636581847232178,-3.0890989043850743,-1.2065953446726216,0.7148389101486381,0.1433722763052067,2.4615739137032207,0.0752852449678996,1.921423308447342
30.0,17.0,245.9429931640625,-0.8483266135729868,0.6453986865434707,-3.506552371550096,-3.271625883978806,-2.56814784519429,0.2147286641374462,-0.1436646083617611,2.4296898910346845,0.2413711030766583,2.371772908737178
30.0,17.0,308.76123046875,-0.7232108729775402,0.2962994248792651,-3.335996027072553,-3.361904609883445,-2.809549456194473,0.6310365155451838,-0.3869516901931407,2.673120968835126,0.2489907986584447,2.4985233533439395
30.0,17.0,414.5307922363281,-0.9421459444420008,0.8605122077230908,-3.255522734859939,-3.2095094928434755,-2.031293104462006,-0.2193641234635708,0.0968866380096856,2.101144902331572,0.2357503435606084,1.9126539554267623
30.0,17.0,1180.382568359375,-1.825424449655536,1.3520161578836392,-4.146464973188247,-1.535884810524318,-1.7373148550971649,-1.2586934116766546,-0.0449726566838913,2.597157829111328,0.5870690134836569,3.070562737490107
30.0,17.0,295.84429931640625,-0.8274497652448931,1.0342728518141864,-3.46765683024413,-3.11137567601808,-2.3975675583263074,0.1392076495113877,-0.2927233989198098,2.7149929303059825,0.5728088353393624,2.645860635896003
30.0,17.0,339.4153747558594,-0.5703498734658845,0.718527764175121,-2.9323964248802388,-3.0101677844998607,-1.3857253679097383,0.5239520820634391,0.0565401844470996,2.664775353996507,-0.1218729671959147,1.8851736846843288
30.0,17.0,287.73309326171875,-0.6413428115216947,0.1770224450221965,-3.0230233238102766,-3.157056682678569,-2.7485327870906606,0.602136996792339,-0.2190326132748448,2.3776984596605515,0.2522216552290435,1.7270380134526162
30.0,17.0,263.739990234375,-0.7532276630263719,0.9886981687438264,-3.2731413741796658,-3.058055298499577,-2.543213942024639,0.0951854730106263,-0.1078103136156235,2.5258761105957377,0.1029189690829771,2.092052766357126
30.0,17.0,450.2902526855469,-1.2691596321725285,1.0867544090473733,-3.598471363714628,-2.639587833486806,-1.494197815638202,0.6002462913631801,-0.2327450344291843,1.7700165607324514,0.3658286366862905,2.51551764157388
30.0,17.0,274.9467163085937,-1.7976713622400913,0.685508690765736,-3.368481071704766,-3.223167652228727,-2.373385351226136,-0.6284659287727065,-0.2792506410448566,2.6374107373891515,0.3804872617538466,2.404299037556603
30.0,17.0,755.8470458984375,-0.8222500971530329,0.7284623980118414,-2.857403323532299,-1.5195567921996442,-0.9834814733966252,0.4933971819401093,-0.0226603161870502,2.808909844427763,0.1614778375017873,1.6450935010365546
30.0,17.0,370.2328796386719,-0.5539963444982521,0.7448878495125292,-3.0889972554086342,-2.836916575510024,-2.590462370545709,0.2424154209241782,-0.1229642653645847,2.3857553651946044,0.2331010753356178,3.028469654926772
30.0,17.0,560.296142578125,0.0229738867192852,1.4309178493882748,-3.945187898587928,-2.300177638158486,-1.6872006190053797,-0.223715076585884,-0.500445935406412,2.144487442753724,0.0736979208148745,2.652301343287558
30.0,17.0,265.1556396484375,-0.8273520487972693,0.9664707520662178,-3.741068664027011,-2.893808767395306,-2.1574683190267985,0.4929648473003967,-0.4025484528392854,2.2868354158695308,0.0299532673094928,1.3255028386906005
30.0,17.0,246.0790863037109,-0.5522253572946704,0.7516272087317926,-3.173279364932414,-3.3001355181276746,-2.600999035260396,0.5464110871380381,-0.2140931018555414,2.410793281399178,0.3047186983041551,2.4861174373907966
30.0,17.0,292.7175598144531,-0.8604335574225754,0.3048862805527244,-3.7765899616715655,-2.8288798328075746,-1.870121594496493,-0.4463734123356455,-0.1172124751165828,2.444594372432159,0.390996559676922,2.509169028976515
30.0,17.0,249.83680725097656,-1.220238742736329,0.5362287559218952,-3.5837130233854446,-3.0453331248968,-2.416674388504088,0.0370643980737465,-0.2949749679633894,2.408083748151898,0.282527795324819,2.35985333066448
30.0,17.0,257.43017578125,-0.5727926672981707,1.0097875280541913,-3.828634002732692,-3.238681965243362,-2.418961905086457,0.4874517937431122,-0.1163219690684778,2.509820680235572,0.1923598043061238,2.2694650503871325
30.0,17.0,245.99302673339844,-0.7494604562313425,0.5827624451646062,-3.1978432976312727,-2.930434860001456,-2.589522757468941,0.4511330050359632,-0.2349149109541924,2.459352546895984,0.2558733024443547,1.86071018527782
30.0,17.0,289.3829345703125,-0.565311942187866,1.312135896593844,-3.330796144014674,-2.772480435390341,-1.6549857168722142,0.5897488930782919,-0.3174485027897271,2.595561003940941,0.3075072904357021,1.8479086197769616
30.0,17.0,286.754638671875,-0.6017324488526815,0.8488205670262445,-3.60961228230531,-3.4860034351570803,-2.35508367543291,0.7268210322972304,-0.3061769188260757,2.5288468020907566,0.1412300286107256,1.362879960545815
30.0,17.0,322.1278076171875,-0.7039393829407831,0.9037435659052252,-3.271369548795463,-3.3217335398810284,-2.1595218953022792,0.8636084050296422,-0.2024150306819624,2.567675481848496,0.6026633355665025,2.8428868969371885
30.0,17.0,237.47869873046875,-0.8019130535331931,0.6989534746873916,-3.4768858431479166,-3.1537009096667643,-2.6227252976734925,0.3522320213679263,-0.1603884741083302,2.4309995389279866,0.3319332511669908,2.201227055895076
30.0,17.0,241.21969604492188,-0.9414119247922652,0.6333499543572867,-3.7115223389409455,-3.0359039531911547,-2.5204260519843547,0.411527061792195,-0.1478945476840688,2.438405544188649,0.3185720733474935,2.496748730377731
30.0,17.0,437.0386657714844,-1.5363791114212622,0.5557209720261114,-3.7801725982007777,-3.340180155823075,-3.221557233767363,0.3698292136863152,-0.0690768799086161,2.173026375950516,0.1749927698533692,2.1298038574423286
30.0,17.0,332.7763061523437,-0.8978683791441757,1.3788667562586552,-2.5173754401447166,-2.818143307773239,-2.579709470764811,0.5013012572483073,-0.0495583330773291,2.481782424263595,0.2421817580085098,2.320104835598226
30.0,17.0,236.6888885498047,-1.032772558051405,0.7391759333718165,-3.198471828003135,-3.092713170014464,-2.782351137728058,0.6889610469854939,-0.1544105636658202,2.477530004270629,0.362315981199566,2.4083857929697303
30.0,17.0,366.9557189941406,-1.3002765807472962,1.4051179217940453,-3.374456460719599,-3.1591672598576164,-2.320344317626514,0.2506716482556181,-0.1321946471456885,2.2784973461055387,0.4045410665633173,2.7601666746781808
30.0,17.0,383.0667724609375,-1.4403443420893003,1.2972032466255956,-3.81949972733508,-3.436292819883295,-2.187374754522719,0.0104083823532313,-0.2575935003414224,2.296353306416512,0.3998567680419042,2.6717517077313104
30.0,17.0,370.98284912109375,-0.6637090264332685,0.7254099216506749,-3.4528133661883964,-3.1556205619259696,-2.574388947560811,0.9151578687283944,-0.2255886860347563,2.4060077232570127,0.270649183646652,3.0502111709655124
30.0,17.0,445.6804504394531,-0.3804855219893231,-0.1358250583492906,-2.787387022433333,-2.8537423951414933,-2.0500476469816484,0.1749585158203843,-0.1686932445074667,1.805583034712896,-0.1348184988642328,1.1474925096806872
30.0,17.0,316.78302001953125,-0.9057149938071404,0.4744090523770059,-3.5961969017132804,-2.767791928023771,-2.4725606797073114,0.4924061973791584,-0.1607019219491169,2.3330512736062365,0.3385649959403917,1.823719704758149
30.0,18.0,400.8621826171875,-1.336359040131309,0.8018086952543854,-2.738856224509879,-3.027775516669593,-3.201539926080605,0.8652826433415973,-0.2248456894439937,2.630983045616506,0.4717761193309479,2.159047124298676
30.0,18.0,249.9276885986328,-0.8612329163636977,0.5428705660266223,-3.97402976749547,-2.9484963630573984,-2.329602805124236,0.346349723449407,-0.107002805796062,2.576859074969224,0.3277243296457368,2.286002518147732
30.0,18.0,266.0086669921875,-0.8651988602160304,0.795838850913587,-3.725373039973909,-3.367153817545199,-2.5899729199514487,0.2127217260512958,-0.2711611491755846,2.4976140982215043,0.4393069268345422,2.535738525526165
30.0,18.0,259.2620544433594,-0.8660650803244447,0.2254096598870836,-3.715600207882184,-3.166352786460449,-2.54237516823204,0.2520192489413212,-0.4127701327875814,2.470938097642882,-0.0819671006496654,1.2519135349494572
30.0,18.0,271.6688842773437,-0.6842061700961852,0.4638085689816863,-3.252988070706168,-2.790266815660216,-2.460459473538054,0.2362908595808029,-0.2865642706747766,2.5503171012258377,0.0685993219601668,1.2503052550954938
30.0,18.0,328.6772155761719,-0.7504374384797727,0.7520877361583416,-2.7928420112008694,-3.225765645620985,-2.5665121589051294,0.3257514703285177,-0.2060321527628295,2.547377905718802,0.4261169074496399,2.071997458495625
30.0,18.0,264.36541748046875,-1.4997965073520505,0.7960154805906069,-3.6653219343093015,-3.0966191422002187,-1.95481394875697,0.042754160859852,-0.2886253056337143,2.602459344188841,0.0729225177993868,2.0490852440400094
30.0,18.0,255.0756072998047,-0.7437148430740248,0.7221510179996182,-3.674211477804517,-2.8340338413756925,-2.4877573132527546,0.5692305852999704,-0.266978671457205,2.4116514091769967,0.2146660230121969,1.880616205515768
30.0,18.0,351.66632080078125,-0.5970456434648148,0.2872072223624737,-3.469815750400376,-3.4485211619225846,-2.1477358671341134,0.3510113286751568,-0.0247668968144146,2.205287119438691,0.3261987409563284,2.653900895426601
30.0,18.0,248.2597045898437,-0.7130160797033014,0.6289607720408831,-3.444587279100257,-3.333428626271065,-2.5391640247345584,0.2161217831381211,-0.1334123147346632,2.388992340766104,0.265910291211543,2.028952185255275
30.0,18.0,382.8299560546875,-0.1033312130665278,0.7314681164591776,-3.64805044298528,-2.6225867853959137,-1.3674626061908617,0.6497403122333654,-0.2702460422525716,2.6189875771092925,-0.2721268193290552,1.6226630173401415
30.0,18.0,365.5438232421875,-1.9040933404468712,0.5595277887784762,-3.895451288678447,-2.6848029381769263,-2.620289653241075,0.600895707001217,-0.3488225998580893,2.37731808341621,0.1033572002805103,1.575040239731883
30.0,18.0,463.4299621582031,-1.4379010554025289,1.2660718500260049,-3.74179244414065,-3.744489052549953,-2.5984965964327325,0.7575533722009034,-0.3825686176535792,2.687833921821864,0.2808259047936741,2.669366697496705
30.0,18.0,338.79803466796875,-0.6199777928131147,1.392196896182244,-3.397714281562976,-2.941928172218218,-1.7871050073807362,0.3084052175333895,-0.2235804365158545,2.285276088366156,0.2621472634586782,2.587701048249013
30.0,18.0,345.781005859375,-0.3680022852481478,0.8338293281505235,-3.888422334036651,-3.6635014319406896,-2.569932232891428,0.2332739489164878,-0.3048190942963623,2.321413988960378,0.33227937087607,2.3391939081929145
30.0,18.0,244.134017944336,-0.7321628117863089,0.6392687461372437,-3.54240581723804,-3.109482324080489,-2.4788721065030948,0.2993421125078486,-0.19601583330962,2.444774030422228,0.3112208853674846,1.9290790597288
30.0,18.0,265.7742919921875,-1.1122281882889598,0.4519523901211518,-3.4691491010926607,-3.341665177233496,-2.8411347218338387,0.6818623980726526,-0.2685839323619836,2.3896678589022486,0.4041998245688276,2.5510123019982647
30.0,18.0,267.6527709960937,-0.5549520893518829,0.6762839021744473,-3.636581847232178,-3.0890989043850743,-1.2065953446726216,0.7148389101486381,0.1433722763052067,2.4615739137032207,0.0752852449678996,1.921423308447342
30.0,18.0,245.9429931640625,-0.8483266135729868,0.6453986865434707,-3.506552371550096,-3.271625883978806,-2.56814784519429,0.2147286641374462,-0.1436646083617611,2.4296898910346845,0.2413711030766583,2.371772908737178
30.0,18.0,308.76123046875,-0.7232108729775402,0.2962994248792651,-3.335996027072553,-3.361904609883445,-2.809549456194473,0.6310365155451838,-0.3869516901931407,2.673120968835126,0.2489907986584447,2.4985233533439395
30.0,18.0,414.5307922363281,-0.9421459444420008,0.8605122077230908,-3.255522734859939,-3.2095094928434755,-2.031293104462006,-0.2193641234635708,0.0968866380096856,2.101144902331572,0.2357503435606084,1.9126539554267623
30.0,18.0,409.1842041015625,-0.6789450115482797,0.7680368809250377,-3.6755178077344848,-2.322721375493223,-2.3038853066699643,0.5794535328858699,-0.0738638741126701,2.4815430100463223,0.2382065936026953,2.606504116912072
30.0,18.0,295.84429931640625,-0.8274497652448931,1.0342728518141864,-3.46765683024413,-3.11137567601808,-2.3975675583263074,0.1392076495113877,-0.2927233989198098,2.7149929303059825,0.5728088353393624,2.645860635896003
30.0,18.0,300.0084228515625,-0.7497831596891797,0.7563101965204818,-3.615203952324304,-3.2029392900176923,-2.628106630307109,0.5564034906800043,-0.2287308261071406,2.7911850375817444,0.0316589162826643,1.638000349203787
30.0,18.0,287.73309326171875,-0.6413428115216947,0.1770224450221965,-3.0230233238102766,-3.157056682678569,-2.7485327870906606,0.602136996792339,-0.2190326132748448,2.3776984596605515,0.2522216552290435,1.7270380134526162
30.0,18.0,263.739990234375,-0.7532276630263719,0.9886981687438264,-3.2731413741796658,-3.058055298499577,-2.543213942024639,0.0951854730106263,-0.1078103136156235,2.5258761105957377,0.1029189690829771,2.092052766357126
30.0,18.0,450.2902526855469,-1.2691596321725285,1.0867544090473733,-3.598471363714628,-2.639587833486806,-1.494197815638202,0.6002462913631801,-0.2327450344291843,1.7700165607324514,0.3658286366862905,2.51551764157388
30.0,18.0,274.9467163085937,-1.7976713622400913,0.685508690765736,-3.368481071704766,-3.223167652228727,-2.373385351226136,-0.6284659287727065,-0.2792506410448566,2.6374107373891515,0.3804872617538466,2.404299037556603
30.0,18.0,462.1731262207031,-1.0087065206547212,0.7679833829248431,-3.677793588580876,-3.519556792199644,-0.7542537121974423,0.9248213100505588,0.1388835733349213,2.633462494360999,0.4451703129969915,1.951760342957715
30.0,18.0,370.2328796386719,-0.5539963444982521,0.7448878495125292,-3.0889972554086342,-2.836916575510024,-2.590462370545709,0.2424154209241782,-0.1229642653645847,2.3857553651946044,0.2331010753356178,3.028469654926772
30.0,18.0,523.3519287109375,-0.5036277395917302,0.8451612601912996,-3.1917041985575,-2.955601940701724,-1.201173122810545,0.5529869238169364,0.3130550453436556,2.3010281133807315,-0.0214952923797042,2.4715712067997173
30.0,18.0,265.1556396484375,-0.8273520487972693,0.9664707520662178,-3.741068664027011,-2.893808767395306,-2.1574683190267985,0.4929648473003967,-0.4025484528392854,2.2868354158695308,0.0299532673094928,1.3255028386906005
30.0,18.0,246.0790863037109,-0.5522253572946704,0.7516272087317926,-3.173279364932414,-3.3001355181276746,-2.600999035260396,0.5464110871380381,-0.2140931018555414,2.410793281399178,0.3047186983041551,2.4861174373907966
30.0,18.0,292.7175598144531,-0.8604335574225754,0.3048862805527244,-3.7765899616715655,-2.8288798328075746,-1.870121594496493,-0.4463734123356455,-0.1172124751165828,2.444594372432159,0.390996559676922,2.509169028976515
30.0,18.0,249.83680725097656,-1.220238742736329,0.5362287559218952,-3.5837130233854446,-3.0453331248968,-2.416674388504088,0.0370643980737465,-0.2949749679633894,2.408083748151898,0.282527795324819,2.35985333066448
30.0,18.0,252.5151824951172,-1.1280511120121188,0.7063364813997923,-3.316997527740748,-3.248173669118144,-2.7306761009242444,0.7215271428870467,-0.1601293151896582,2.5138901424813844,0.4328678051759168,2.266829885758032
30.0,18.0,245.99302673339844,-0.7494604562313425,0.5827624451646062,-3.1978432976312727,-2.930434860001456,-2.589522757468941,0.4511330050359632,-0.2349149109541924,2.459352546895984,0.2558733024443547,1.86071018527782
30.0,18.0,264.50732421875,-0.4293087206912608,1.251573079217783,-2.879471973074992,-2.7231359024981763,-2.2928028774712867,0.6744443795714483,0.03983146614922,2.679979568073211,0.2298420764934695,2.432204443344829
30.0,18.0,286.754638671875,-0.6017324488526815,0.8488205670262445,-3.60961228230531,-3.4860034351570803,-2.35508367543291,0.7268210322972304,-0.3061769188260757,2.5288468020907566,0.1412300286107256,1.362879960545815
30.0,18.0,311.7669677734375,-0.430223790364615,0.7389625787389675,-2.7502101661483422,-3.0144567590897964,-2.9648537694484407,0.6290464414537535,-0.2089706529686135,2.6349722017992265,0.270296556060427,1.9132995113941285
30.0,18.0,237.47869873046875,-0.8019130535331931,0.6989534746873916,-3.4768858431479166,-3.1537009096667643,-2.6227252976734925,0.3522320213679263,-0.1603884741083302,2.4309995389279866,0.3319332511669908,2.201227055895076
30.0,18.0,241.21969604492188,-0.9414119247922652,0.6333499543572867,-3.7115223389409455,-3.0359039531911547,-2.5204260519843547,0.411527061792195,-0.1478945476840688,2.438405544188649,0.3185720733474935,2.496748730377731
30.0,18.0,437.0386657714844,-1.5363791114212622,0.5557209720261114,-3.7801725982007777,-3.340180155823075,-3.221557233767363,0.3698292136863152,-0.0690768799086161,2.173026375950516,0.1749927698533692,2.1298038574423286
30.0,18.0,332.7763061523437,-0.8978683791441757,1.3788667562586552,-2.5173754401447166,-2.818143307773239,-2.579709470764811,0.5013012572483073,-0.0495583330773291,2.481782424263595,0.2421817580085098,2.320104835598226
30.0,18.0,236.6888885498047,-1.032772558051405,0.7391759333718165,-3.198471828003135,-3.092713170014464,-2.782351137728058,0.6889610469854939,-0.1544105636658202,2.477530004270629,0.362315981199566,2.4083857929697303
30.0,18.0,366.9557189941406,-1.3002765807472962,1.4051179217940453,-3.374456460719599,-3.1591672598576164,-2.320344317626514,0.2506716482556181,-0.1321946471456885,2.2784973461055387,0.4045410665633173,2.7601666746781808
30.0,18.0,383.0667724609375,-1.4403443420893003,1.2972032466255956,-3.81949972733508,-3.436292819883295,-2.187374754522719,0.0104083823532313,-0.2575935003414224,2.296353306416512,0.3998567680419042,2.6717517077313104
30.0,18.0,332.88775634765625,-0.866286922037704,0.9143211190140288,-3.114514207736907,-3.530274792752901,-2.5528489865097344,0.9150420462401084,-0.1849265486440331,2.5158169198974227,0.4679781056679704,2.755994000725511
30.0,18.0,445.6804504394531,-0.3804855219893231,-0.1358250583492906,-2.787387022433333,-2.8537423951414933,-2.0500476469816484,0.1749585158203843,-0.1686932445074667,1.805583034712896,-0.1348184988642328,1.1474925096806872
30.0,18.0,316.78302001953125,-0.9057149938071404,0.4744090523770059,-3.5961969017132804,-2.767791928023771,-2.4725606797073114,0.4924061973791584,-0.1607019219491169,2.3330512736062365,0.3385649959403917,1.823719704758149
30.0,19.0,372.9171142578125,-1.0598791983791522,0.4262006562862532,-3.2228823049873605,-2.9309558610028934,-3.339813525350158,0.9576786823102528,-0.1038375139835493,2.797674624825761,0.4290027734911385,2.4139064239107046
30.0,19.0,249.9276885986328,-0.8612329163636977,0.5428705660266223,-3.97402976749547,-2.9484963630573984,-2.329602805124236,0.346349723449407,-0.107002805796062,2.576859074969224,0.3277243296457368,2.286002518147732
30.0,19.0,266.0086669921875,-0.8651988602160304,0.795838850913587,-3.725373039973909,-3.367153817545199,-2.5899729199514487,0.2127217260512958,-0.2711611491755846,2.4976140982215043,0.4393069268345422,2.535738525526165
30.0,19.0,251.8129272460937,-0.6822429551966878,0.7038794978396204,-3.563105722683384,-3.1669391163616605,-2.6976806164701927,0.3028314196973061,-0.2375067565801487,2.4707955732713267,0.1168295671445544,2.2253852517420274
30.0,19.0,271.6688842773437,-0.6842061700961852,0.4638085689816863,-3.252988070706168,-2.790266815660216,-2.460459473538054,0.2362908595808029,-0.2865642706747766,2.5503171012258377,0.0685993219601668,1.2503052550954938
30.0,19.0,299.07208251953125,-0.7678206422332418,0.7790499713301784,-3.2486185547915443,-3.259730125358571,-2.7349879380077744,-0.0109459498210591,-0.0155807232479376,2.5190028575333363,0.4014476165987418,2.353331628678202
30.0,19.0,264.36541748046875,-1.4997965073520505,0.7960154805906069,-3.6653219343093015,-3.0966191422002187,-1.95481394875697,0.042754160859852,-0.2886253056337143,2.602459344188841,0.0729225177993868,2.0490852440400094
30.0,19.0,255.0756072998047,-0.7437148430740248,0.7221510179996182,-3.674211477804517,-2.8340338413756925,-2.4877573132527546,0.5692305852999704,-0.266978671457205,2.4116514091769967,0.2146660230121969,1.880616205515768
30.0,19.0,351.66632080078125,-0.5970456434648148,0.2872072223624737,-3.469815750400376,-3.4485211619225846,-2.1477358671341134,0.3510113286751568,-0.0247668968144146,2.205287119438691,0.3261987409563284,2.653900895426601
30.0,19.0,248.2597045898437,-0.7130160797033014,0.6289607720408831,-3.444587279100257,-3.333428626271065,-2.5391640247345584,0.2161217831381211,-0.1334123147346632,2.388992340766104,0.265910291211543,2.028952185255275
30.0,19.0,375.8564147949219,-1.2659011413815189,0.7775844091675421,-2.559385632147716,-3.141965656182517,-2.213710362314522,0.5390625075423559,-0.1341977871421912,2.647673748460843,0.0898385542203018,1.2820644866713726
30.0,19.0,365.5438232421875,-1.9040933404468712,0.5595277887784762,-3.895451288678447,-2.6848029381769263,-2.620289653241075,0.600895707001217,-0.3488225998580893,2.37731808341621,0.1033572002805103,1.575040239731883
30.0,19.0,463.4299621582031,-1.4379010554025289,1.2660718500260049,-3.74179244414065,-3.744489052549953,-2.5984965964327325,0.7575533722009034,-0.3825686176535792,2.687833921821864,0.2808259047936741,2.669366697496705
30.0,19.0,338.79803466796875,-0.6199777928131147,1.392196896182244,-3.397714281562976,-2.941928172218218,-1.7871050073807362,0.3084052175333895,-0.2235804365158545,2.285276088366156,0.2621472634586782,2.587701048249013
30.0,19.0,345.781005859375,-0.3680022852481478,0.8338293281505235,-3.888422334036651,-3.6635014319406896,-2.569932232891428,0.2332739489164878,-0.3048190942963623,2.321413988960378,0.33227937087607,2.3391939081929145
30.0,19.0,244.134017944336,-0.7321628117863089,0.6392687461372437,-3.54240581723804,-3.109482324080489,-2.4788721065030948,0.2993421125078486,-0.19601583330962,2.444774030422228,0.3112208853674846,1.9290790597288
30.0,19.0,265.7742919921875,-1.1122281882889598,0.4519523901211518,-3.4691491010926607,-3.341665177233496,-2.8411347218338387,0.6818623980726526,-0.2685839323619836,2.3896678589022486,0.4041998245688276,2.5510123019982647
30.0,19.0,267.6527709960937,-0.5549520893518829,0.6762839021744473,-3.636581847232178,-3.0890989043850743,-1.2065953446726216,0.7148389101486381,0.1433722763052067,2.4615739137032207,0.0752852449678996,1.921423308447342
30.0,19.0,245.9429931640625,-0.8483266135729868,0.6453986865434707,-3.506552371550096,-3.271625883978806,-2.56814784519429,0.2147286641374462,-0.1436646083617611,2.4296898910346845,0.2413711030766583,2.371772908737178
30.0,19.0,308.76123046875,-0.7232108729775402,0.2962994248792651,-3.335996027072553,-3.361904609883445,-2.809549456194473,0.6310365155451838,-0.3869516901931407,2.673120968835126,0.2489907986584447,2.4985233533439395
30.0,19.0,364.0750732421875,-0.9742559029072873,0.9404925165046188,-3.151635345046216,-3.0791218771829088,-2.437134003312143,-0.749159656811619,-0.1251311091279274,2.1220596671710856,0.3807399330511263,2.3632422995895563
30.0,19.0,409.1842041015625,-0.6789450115482797,0.7680368809250377,-3.6755178077344848,-2.322721375493223,-2.3038853066699643,0.5794535328858699,-0.0738638741126701,2.4815430100463223,0.2382065936026953,2.606504116912072
30.0,19.0,295.84429931640625,-0.8274497652448931,1.0342728518141864,-3.46765683024413,-3.11137567601808,-2.3975675583263074,0.1392076495113877,-0.2927233989198098,2.7149929303059825,0.5728088353393624,2.645860635896003
30.0,19.0,300.0084228515625,-0.7497831596891797,0.7563101965204818,-3.615203952324304,-3.2029392900176923,-2.628106630307109,0.5564034906800043,-0.2287308261071406,2.7911850375817444,0.0316589162826643,1.638000349203787
30.0,19.0,287.73309326171875,-0.6413428115216947,0.1770224450221965,-3.0230233238102766,-3.157056682678569,-2.7485327870906606,0.602136996792339,-0.2190326132748448,2.3776984596605515,0.2522216552290435,1.7270380134526162
30.0,19.0,263.739990234375,-0.7532276630263719,0.9886981687438264,-3.2731413741796658,-3.058055298499577,-2.543213942024639,0.0951854730106263,-0.1078103136156235,2.5258761105957377,0.1029189690829771,2.092052766357126
30.0,19.0,328.9218139648437,-0.9723865815866096,0.8775650610950102,-4.360167650180556,-2.3968735911391392,-1.1029276254002358,0.4589213987258885,-0.1841488965368399,2.46772925975811,0.4154329138771411,2.4658441481826348
30.0,19.0,274.9467163085937,-1.7976713622400913,0.685508690765736,-3.368481071704766,-3.223167652228727,-2.373385351226136,-0.6284659287727065,-0.2792506410448566,2.6374107373891515,0.3804872617538466,2.404299037556603
30.0,19.0,462.1731262207031,-1.0087065206547212,0.7679833829248431,-3.677793588580876,-3.519556792199644,-0.7542537121974423,0.9248213100505588,0.1388835733349213,2.633462494360999,0.4451703129969915,1.951760342957715
30.0,19.0,314.4027709960937,-0.4504089442255937,0.8997188490605426,-3.639336040748874,-2.92597782064698,-2.7631592969477365,-0.2127234776775266,-0.1410260466420998,2.415094925334386,0.102511113548544,1.9188845060535664
30.0,19.0,523.3519287109375,-0.5036277395917302,0.8451612601912996,-3.1917041985575,-2.955601940701724,-1.201173122810545,0.5529869238169364,0.3130550453436556,2.3010281133807315,-0.0214952923797042,2.4715712067997173
30.0,19.0,265.1556396484375,-0.8273520487972693,0.9664707520662178,-3.741068664027011,-2.893808767395306,-2.1574683190267985,0.4929648473003967,-0.4025484528392854,2.2868354158695308,0.0299532673094928,1.3255028386906005
30.0,19.0,246.0790863037109,-0.5522253572946704,0.7516272087317926,-3.173279364932414,-3.3001355181276746,-2.600999035260396,0.5464110871380381,-0.2140931018555414,2.410793281399178,0.3047186983041551,2.4861174373907966
30.0,19.0,292.7175598144531,-0.8604335574225754,0.3048862805527244,-3.7765899616715655,-2.8288798328075746,-1.870121594496493,-0.4463734123356455,-0.1172124751165828,2.444594372432159,0.390996559676922,2.509169028976515
30.0,19.0,249.83680725097656,-1.220238742736329,0.5362287559218952,-3.5837130233854446,-3.0453331248968,-2.416674388504088,0.0370643980737465,-0.2949749679633894,2.408083748151898,0.282527795324819,2.35985333066448
30.0,19.0,252.5151824951172,-1.1280511120121188,0.7063364813997923,-3.316997527740748,-3.248173669118144,-2.7306761009242444,0.7215271428870467,-0.1601293151896582,2.5138901424813844,0.4328678051759168,2.266829885758032
30.0,19.0,245.99302673339844,-0.7494604562313425,0.5827624451646062,-3.1978432976312727,-2.930434860001456,-2.589522757468941,0.4511330050359632,-0.2349149109541924,2.459352546895984,0.2558733024443547,1.86071018527782
30.0,19.0,264.50732421875,-0.4293087206912608,1.251573079217783,-2.879471973074992,-2.7231359024981763,-2.2928028774712867,0.6744443795714483,0.03983146614922,2.679979568073211,0.2298420764934695,2.432204443344829
30.0,19.0,286.754638671875,-0.6017324488526815,0.8488205670262445,-3.60961228230531,-3.4860034351570803,-2.35508367543291,0.7268210322972304,-0.3061769188260757,2.5288468020907566,0.1412300286107256,1.362879960545815
30.0,19.0,311.7669677734375,-0.430223790364615,0.7389625787389675,-2.7502101661483422,-3.0144567590897964,-2.9648537694484407,0.6290464414537535,-0.2089706529686135,2.6349722017992265,0.270296556060427,1.9132995113941285
30.0,19.0,237.47869873046875,-0.8019130535331931,0.6989534746873916,-3.4768858431479166,-3.1537009096667643,-2.6227252976734925,0.3522320213679263,-0.1603884741083302,2.4309995389279866,0.3319332511669908,2.201227055895076
30.0,19.0,234.8134765625,-0.7258654924579264,0.5968242171567812,-3.2700358451274094,-3.088316599309646,-2.604752762461492,0.6287974176451994,-0.1491313982284096,2.4510714259169606,0.3363353866053943,2.2242415830528346
30.0,19.0,300.15826416015625,-0.9849672014800815,0.6981807887729095,-2.9437730691290867,-3.012876908715245,-2.440554506138889,0.427971985860701,-0.083093668004933,2.8289184288920453,0.2502527121555727,2.285627335500864
30.0,19.0,332.7763061523437,-0.8978683791441757,1.3788667562586552,-2.5173754401447166,-2.818143307773239,-2.579709470764811,0.5013012572483073,-0.0495583330773291,2.481782424263595,0.2421817580085098,2.320104835598226
30.0,19.0,236.6888885498047,-1.032772558051405,0.7391759333718165,-3.198471828003135,-3.092713170014464,-2.782351137728058,0.6889610469854939,-0.1544105636658202,2.477530004270629,0.362315981199566,2.4083857929697303
30.0,19.0,366.9557189941406,-1.3002765807472962,1.4051179217940453,-3.374456460719599,-3.1591672598576164,-2.320344317626514,0.2506716482556181,-0.1321946471456885,2.2784973461055387,0.4045410665633173,2.7601666746781808
30.0,19.0,383.0667724609375,-1.4403443420893003,1.2972032466255956,-3.81949972733508,-3.436292819883295,-2.187374754522719,0.0104083823532313,-0.2575935003414224,2.296353306416512,0.3998567680419042,2.6717517077313104
30.0,19.0,332.88775634765625,-0.866286922037704,0.9143211190140288,-3.114514207736907,-3.530274792752901,-2.5528489865097344,0.9150420462401084,-0.1849265486440331,2.5158169198974227,0.4679781056679704,2.755994000725511
30.0,19.0,445.6804504394531,-0.3804855219893231,-0.1358250583492906,-2.787387022433333,-2.8537423951414933,-2.0500476469816484,0.1749585158203843,-0.1686932445074667,1.805583034712896,-0.1348184988642328,1.1474925096806872
30.0,19.0,316.78302001953125,-0.9057149938071404,0.4744090523770059,-3.5961969017132804,-2.767791928023771,-2.4725606797073114,0.4924061973791584,-0.1607019219491169,2.3330512736062365,0.3385649959403917,1.823719704758149
30.0,20.0,297.5533447265625,-0.572007703174394,0.4845312501418969,-3.519983922771389,-3.0329988144439746,-3.025439572830304,0.9672898274964252,-0.1364424388028046,2.452535821969533,0.3621431622255321,2.279880363675128
30.0,20.0,249.9276885986328,-0.8612329163636977,0.5428705660266223,-3.97402976749547,-2.9484963630573984,-2.329602805124236,0.346349723449407,-0.107002805796062,2.576859074969224,0.3277243296457368,2.286002518147732
30.0,20.0,266.0086669921875,-0.8651988602160304,0.795838850913587,-3.725373039973909,-3.367153817545199,-2.5899729199514487,0.2127217260512958,-0.2711611491755846,2.4976140982215043,0.4393069268345422,2.535738525526165
30.0,20.0,232.8663024902344,-0.5293821743121027,0.8752609461603074,-3.641625797313981,-3.088768161485909,-2.516705419458084,0.3359178960416983,-0.1442490678713765,2.447790673601302,0.2271521663587482,2.2000761679641214
30.0,20.0,271.6688842773437,-0.6842061700961852,0.4638085689816863,-3.252988070706168,-2.790266815660216,-2.460459473538054,0.2362908595808029,-0.2865642706747766,2.5503171012258377,0.0685993219601668,1.2503052550954938
30.0,20.0,244.41653442382807,-0.5913242681685091,0.611465257477454,-3.6010777376605203,-3.291579133031102,-2.566995100403568,0.8021014684387153,-0.0154819600107024,2.459915695206361,0.296803278282713,2.172565019149549
30.0,20.0,264.36541748046875,-1.4997965073520505,0.7960154805906069,-3.6653219343093015,-3.0966191422002187,-1.95481394875697,0.042754160859852,-0.2886253056337143,2.602459344188841,0.0729225177993868,2.0490852440400094
30.0,20.0,255.0756072998047,-0.7437148430740248,0.7221510179996182,-3.674211477804517,-2.8340338413756925,-2.4877573132527546,0.5692305852999704,-0.266978671457205,2.4116514091769967,0.2146660230121969,1.880616205515768
30.0,20.0,351.66632080078125,-0.5970456434648148,0.2872072223624737,-3.469815750400376,-3.4485211619225846,-2.1477358671341134,0.3510113286751568,-0.0247668968144146,2.205287119438691,0.3261987409563284,2.653900895426601
30.0,20.0,248.2597045898437,-0.7130160797033014,0.6289607720408831,-3.444587279100257,-3.333428626271065,-2.5391640247345584,0.2161217831381211,-0.1334123147346632,2.388992340766104,0.265910291211543,2.028952185255275
30.0,20.0,375.8564147949219,-1.2659011413815189,0.7775844091675421,-2.559385632147716,-3.141965656182517,-2.213710362314522,0.5390625075423559,-0.1341977871421912,2.647673748460843,0.0898385542203018,1.2820644866713726
30.0,20.0,340.8064880371094,-0.3313927261344567,0.3857940012757809,-3.7576624671417775,-2.928379109559389,-2.549879679217311,0.5239457384576418,-0.1990687698737635,2.3861397211348225,0.1887270656747323,1.2174256772967549
30.0,20.0,463.4299621582031,-1.4379010554025289,1.2660718500260049,-3.74179244414065,-3.744489052549953,-2.5984965964327325,0.7575533722009034,-0.3825686176535792,2.687833921821864,0.2808259047936741,2.669366697496705
30.0,20.0,338.79803466796875,-0.6199777928131147,1.392196896182244,-3.397714281562976,-2.941928172218218,-1.7871050073807362,0.3084052175333895,-0.2235804365158545,2.285276088366156,0.2621472634586782,2.587701048249013
30.0,20.0,345.781005859375,-0.3680022852481478,0.8338293281505235,-3.888422334036651,-3.6635014319406896,-2.569932232891428,0.2332739489164878,-0.3048190942963623,2.321413988960378,0.33227937087607,2.3391939081929145
30.0,20.0,244.134017944336,-0.7321628117863089,0.6392687461372437,-3.54240581723804,-3.109482324080489,-2.4788721065030948,0.2993421125078486,-0.19601583330962,2.444774030422228,0.3112208853674846,1.9290790597288
30.0,20.0,265.7742919921875,-1.1122281882889598,0.4519523901211518,-3.4691491010926607,-3.341665177233496,-2.8411347218338387,0.6818623980726526,-0.2685839323619836,2.3896678589022486,0.4041998245688276,2.5510123019982647
30.0,20.0,267.6527709960937,-0.5549520893518829,0.6762839021744473,-3.636581847232178,-3.0890989043850743,-1.2065953446726216,0.7148389101486381,0.1433722763052067,2.4615739137032207,0.0752852449678996,1.921423308447342
30.0,20.0,245.9429931640625,-0.8483266135729868,0.6453986865434707,-3.506552371550096,-3.271625883978806,-2.56814784519429,0.2147286641374462,-0.1436646083617611,2.4296898910346845,0.2413711030766583,2.371772908737178
30.0,20.0,308.76123046875,-0.7232108729775402,0.2962994248792651,-3.335996027072553,-3.361904609883445,-2.809549456194473,0.6310365155451838,-0.3869516901931407,2.673120968835126,0.2489907986584447,2.4985233533439395
30.0,20.0,364.0750732421875,-0.9742559029072873,0.9404925165046188,-3.151635345046216,-3.0791218771829088,-2.437134003312143,-0.749159656811619,-0.1251311091279274,2.1220596671710856,0.3807399330511263,2.3632422995895563
30.0,20.0,322.2889099121094,-0.6757941116155722,0.4455238161602584,-3.09726567194959,-2.8829658278325763,-2.886088370225945,0.4035819222391834,0.0653905618745204,2.4706424991005664,0.3128544460438625,2.685500489245032
30.0,20.0,295.84429931640625,-0.8274497652448931,1.0342728518141864,-3.46765683024413,-3.11137567601808,-2.3975675583263074,0.1392076495113877,-0.2927233989198098,2.7149929303059825,0.5728088353393624,2.645860635896003
30.0,20.0,268.3162536621094,-0.5891365219081153,0.5418080661185847,-3.1145999808255085,-2.895587101053854,-1.928398930404457,0.6009830474190629,-0.3340237746567639,2.563480371458704,0.2340127982244642,2.3691050095574364
30.0,20.0,287.73309326171875,-0.6413428115216947,0.1770224450221965,-3.0230233238102766,-3.157056682678569,-2.7485327870906606,0.602136996792339,-0.2190326132748448,2.3776984596605515,0.2522216552290435,1.7270380134526162
30.0,20.0,263.739990234375,-0.7532276630263719,0.9886981687438264,-3.2731413741796658,-3.058055298499577,-2.543213942024639,0.0951854730106263,-0.1078103136156235,2.5258761105957377,0.1029189690829771,2.092052766357126
30.0,20.0,328.9218139648437,-0.9723865815866096,0.8775650610950102,-4.360167650180556,-2.3968735911391392,-1.1029276254002358,0.4589213987258885,-0.1841488965368399,2.46772925975811,0.4154329138771411,2.4658441481826348
30.0,20.0,266.25897216796875,-0.4388245548377008,0.6459065311733888,-3.778098880510924,-3.18257865190842,-2.267505808723637,-0.4295686358214284,-0.3813895270844219,2.607185452529022,0.2638134085590167,2.351814697673835
30.0,20.0,462.1731262207031,-1.0087065206547212,0.7679833829248431,-3.677793588580876,-3.519556792199644,-0.7542537121974423,0.9248213100505588,0.1388835733349213,2.633462494360999,0.4451703129969915,1.951760342957715
30.0,20.0,314.4027709960937,-0.4504089442255937,0.8997188490605426,-3.639336040748874,-2.92597782064698,-2.7631592969477365,-0.2127234776775266,-0.1410260466420998,2.415094925334386,0.102511113548544,1.9188845060535664
30.0,20.0,523.3519287109375,-0.5036277395917302,0.8451612601912996,-3.1917041985575,-2.955601940701724,-1.201173122810545,0.5529869238169364,0.3130550453436556,2.3010281133807315,-0.0214952923797042,2.4715712067997173
30.0,20.0,265.1556396484375,-0.8273520487972693,0.9664707520662178,-3.741068664027011,-2.893808767395306,-2.1574683190267985,0.4929648473003967,-0.4025484528392854,2.2868354158695308,0.0299532673094928,1.3255028386906005
30.0,20.0,246.0790863037109,-0.5522253572946704,0.7516272087317926,-3.173279364932414,-3.3001355181276746,-2.600999035260396,0.5464110871380381,-0.2140931018555414,2.410793281399178,0.3047186983041551,2.4861174373907966
30.0,20.0,292.7175598144531,-0.8604335574225754,0.3048862805527244,-3.7765899616715655,-2.8288798328075746,-1.870121594496493,-0.4463734123356455,-0.1172124751165828,2.444594372432159,0.390996559676922,2.509169028976515
30.0,20.0,248.2855834960937,-0.770799003272738,0.4753827710612451,-3.433535942894001,-3.109739668051914,-2.4246479649296173,-0.1173976404518245,-0.4245061830428389,2.431571807945595,0.260741302209151,2.106431543141128
30.0,20.0,252.5151824951172,-1.1280511120121188,0.7063364813997923,-3.316997527740748,-3.248173669118144,-2.7306761009242444,0.7215271428870467,-0.1601293151896582,2.5138901424813844,0.4328678051759168,2.266829885758032
30.0,20.0,245.99302673339844,-0.7494604562313425,0.5827624451646062,-3.1978432976312727,-2.930434860001456,-2.589522757468941,0.4511330050359632,-0.2349149109541924,2.459352546895984,0.2558733024443547,1.86071018527782
30.0,20.0,263.7562866210937,-0.5410888049717332,0.8782039587044692,-3.648659573680741,-3.0242512868654443,-2.475151781053915,0.6429156250510188,-0.3704281431617898,2.557410891565698,0.3148851888254307,2.3178611765225
30.0,20.0,286.754638671875,-0.6017324488526815,0.8488205670262445,-3.60961228230531,-3.4860034351570803,-2.35508367543291,0.7268210322972304,-0.3061769188260757,2.5288468020907566,0.1412300286107256,1.362879960545815
30.0,20.0,311.7669677734375,-0.430223790364615,0.7389625787389675,-2.7502101661483422,-3.0144567590897964,-2.9648537694484407,0.6290464414537535,-0.2089706529686135,2.6349722017992265,0.270296556060427,1.9132995113941285
30.0,20.0,237.47869873046875,-0.8019130535331931,0.6989534746873916,-3.4768858431479166,-3.1537009096667643,-2.6227252976734925,0.3522320213679263,-0.1603884741083302,2.4309995389279866,0.3319332511669908,2.201227055895076
30.0,20.0,234.8134765625,-0.7258654924579264,0.5968242171567812,-3.2700358451274094,-3.088316599309646,-2.604752762461492,0.6287974176451994,-0.1491313982284096,2.4510714259169606,0.3363353866053943,2.2242415830528346
30.0,20.0,227.20196533203125,-0.5116750571944799,0.6972731205591086,-3.2938281484796543,-2.9700465929030817,-1.999700050549319,0.4213177587651668,-0.0658713916111359,2.617315945961498,0.2204689709512841,2.19149797928948
30.0,20.0,332.7763061523437,-0.8978683791441757,1.3788667562586552,-2.5173754401447166,-2.818143307773239,-2.579709470764811,0.5013012572483073,-0.0495583330773291,2.481782424263595,0.2421817580085098,2.320104835598226
30.0,20.0,236.6888885498047,-1.032772558051405,0.7391759333718165,-3.198471828003135,-3.092713170014464,-2.782351137728058,0.6889610469854939,-0.1544105636658202,2.477530004270629,0.362315981199566,2.4083857929697303
30.0,20.0,366.9557189941406,-1.3002765807472962,1.4051179217940453,-3.374456460719599,-3.1591672598576164,-2.320344317626514,0.2506716482556181,-0.1321946471456885,2.2784973461055387,0.4045410665633173,2.7601666746781808
30.0,20.0,383.0667724609375,-1.4403443420893003,1.2972032466255956,-3.81949972733508,-3.436292819883295,-2.187374754522719,0.0104083823532313,-0.2575935003414224,2.296353306416512,0.3998567680419042,2.6717517077313104
30.0,20.0,332.88775634765625,-0.866286922037704,0.9143211190140288,-3.114514207736907,-3.530274792752901,-2.5528489865097344,0.9150420462401084,-0.1849265486440331,2.5158169198974227,0.4679781056679704,2.755994000725511
30.0,20.0,445.6804504394531,-0.3804855219893231,-0.1358250583492906,-2.787387022433333,-2.8537423951414933,-2.0500476469816484,0.1749585158203843,-0.1686932445074667,1.805583034712896,-0.1348184988642328,1.1474925096806872
30.0,20.0,316.78302001953125,-0.9057149938071404,0.4744090523770059,-3.5961969017132804,-2.767791928023771,-2.4725606797073114,0.4924061973791584,-0.1607019219491169,2.3330512736062365,0.3385649959403917,1.823719704758149
30.0,21.0,265.65899658203125,-0.2710672521584175,0.9633407686341244,-3.264841732052411,-3.053637064830114,-1.5848764997438236,0.5342671308953224,-0.0866456446952059,2.614501869687448,0.0381585982503487,2.18990723315428
30.0,21.0,249.9276885986328,-0.8612329163636977,0.5428705660266223,-3.97402976749547,-2.9484963630573984,-2.329602805124236,0.346349723449407,-0.107002805796062,2.576859074969224,0.3277243296457368,2.286002518147732
30.0,21.0,266.0086669921875,-0.8651988602160304,0.795838850913587,-3.725373039973909,-3.367153817545199,-2.5899729199514487,0.2127217260512958,-0.2711611491755846,2.4976140982215043,0.4393069268345422,2.535738525526165
30.0,21.0,232.8663024902344,-0.5293821743121027,0.8752609461603074,-3.641625797313981,-3.088768161485909,-2.516705419458084,0.3359178960416983,-0.1442490678713765,2.447790673601302,0.2271521663587482,2.2000761679641214
30.0,21.0,271.6688842773437,-0.6842061700961852,0.4638085689816863,-3.252988070706168,-2.790266815660216,-2.460459473538054,0.2362908595808029,-0.2865642706747766,2.5503171012258377,0.0685993219601668,1.2503052550954938
30.0,21.0,244.41653442382807,-0.5913242681685091,0.611465257477454,-3.6010777376605203,-3.291579133031102,-2.566995100403568,0.8021014684387153,-0.0154819600107024,2.459915695206361,0.296803278282713,2.172565019149549
30.0,21.0,264.36541748046875,-1.4997965073520505,0.7960154805906069,-3.6653219343093015,-3.0966191422002187,-1.95481394875697,0.042754160859852,-0.2886253056337143,2.602459344188841,0.0729225177993868,2.0490852440400094
30.0,21.0,255.0756072998047,-0.7437148430740248,0.7221510179996182,-3.674211477804517,-2.8340338413756925,-2.4877573132527546,0.5692305852999704,-0.266978671457205,2.4116514091769967,0.2146660230121969,1.880616205515768
30.0,21.0,295.35308837890625,-0.3997997594667243,0.3295897313787974,-3.3488355558829976,-3.231266325722655,-1.7236173829779449,0.6512129448456898,-0.0669519756295766,2.701230900633287,0.1526772667302129,2.2999622784423144
30.0,21.0,248.2597045898437,-0.7130160797033014,0.6289607720408831,-3.444587279100257,-3.333428626271065,-2.5391640247345584,0.2161217831381211,-0.1334123147346632,2.388992340766104,0.265910291211543,2.028952185255275
30.0,21.0,375.8564147949219,-1.2659011413815189,0.7775844091675421,-2.559385632147716,-3.141965656182517,-2.213710362314522,0.5390625075423559,-0.1341977871421912,2.647673748460843,0.0898385542203018,1.2820644866713726
30.0,21.0,340.8064880371094,-0.3313927261344567,0.3857940012757809,-3.7576624671417775,-2.928379109559389,-2.549879679217311,0.5239457384576418,-0.1990687698737635,2.3861397211348225,0.1887270656747323,1.2174256772967549
30.0,21.0,463.4299621582031,-1.4379010554025289,1.2660718500260049,-3.74179244414065,-3.744489052549953,-2.5984965964327325,0.7575533722009034,-0.3825686176535792,2.687833921821864,0.2808259047936741,2.669366697496705
30.0,21.0,338.79803466796875,-0.6199777928131147,1.392196896182244,-3.397714281562976,-2.941928172218218,-1.7871050073807362,0.3084052175333895,-0.2235804365158545,2.285276088366156,0.2621472634586782,2.587701048249013
30.0,21.0,345.781005859375,-0.3680022852481478,0.8338293281505235,-3.888422334036651,-3.6635014319406896,-2.569932232891428,0.2332739489164878,-0.3048190942963623,2.321413988960378,0.33227937087607,2.3391939081929145
30.0,21.0,244.134017944336,-0.7321628117863089,0.6392687461372437,-3.54240581723804,-3.109482324080489,-2.4788721065030948,0.2993421125078486,-0.19601583330962,2.444774030422228,0.3112208853674846,1.9290790597288
30.0,21.0,265.7742919921875,-1.1122281882889598,0.4519523901211518,-3.4691491010926607,-3.341665177233496,-2.8411347218338387,0.6818623980726526,-0.2685839323619836,2.3896678589022486,0.4041998245688276,2.5510123019982647
30.0,21.0,267.6527709960937,-0.5549520893518829,0.6762839021744473,-3.636581847232178,-3.0890989043850743,-1.2065953446726216,0.7148389101486381,0.1433722763052067,2.4615739137032207,0.0752852449678996,1.921423308447342
30.0,21.0,245.9429931640625,-0.8483266135729868,0.6453986865434707,-3.506552371550096,-3.271625883978806,-2.56814784519429,0.2147286641374462,-0.1436646083617611,2.4296898910346845,0.2413711030766583,2.371772908737178
30.0,21.0,308.76123046875,-0.7232108729775402,0.2962994248792651,-3.335996027072553,-3.361904609883445,-2.809549456194473,0.6310365155451838,-0.3869516901931407,2.673120968835126,0.2489907986584447,2.4985233533439395
30.0,21.0,364.0750732421875,-0.9742559029072873,0.9404925165046188,-3.151635345046216,-3.0791218771829088,-2.437134003312143,-0.749159656811619,-0.1251311091279274,2.1220596671710856,0.3807399330511263,2.3632422995895563
30.0,21.0,297.0845031738281,-0.3329880017955053,0.5687804285555916,-3.5306304187240607,-3.0000050428548017,-1.5417745232827875,0.0835729448412351,-0.027780805825294,2.6214624192077403,0.2357065416067534,1.8428655965398264
30.0,21.0,295.84429931640625,-0.8274497652448931,1.0342728518141864,-3.46765683024413,-3.11137567601808,-2.3975675583263074,0.1392076495113877,-0.2927233989198098,2.7149929303059825,0.5728088353393624,2.645860635896003
30.0,21.0,267.211669921875,-0.3353092691417557,0.7594541197706989,-2.9461735405749563,-2.744266811263208,-1.5019054170875448,0.2975034080205929,-0.3437818253058954,2.597543508666897,0.276443006386197,2.370801354245196
30.0,21.0,287.73309326171875,-0.6413428115216947,0.1770224450221965,-3.0230233238102766,-3.157056682678569,-2.7485327870906606,0.602136996792339,-0.2190326132748448,2.3776984596605515,0.2522216552290435,1.7270380134526162
30.0,21.0,263.739990234375,-0.7532276630263719,0.9886981687438264,-3.2731413741796658,-3.058055298499577,-2.543213942024639,0.0951854730106263,-0.1078103136156235,2.5258761105957377,0.1029189690829771,2.092052766357126
30.0,21.0,308.67706298828125,-0.5923768009015566,0.887058542544873,-3.3689616399950184,-3.346795822849816,-2.781744367928753,0.3939404804789495,-0.0975501829401959,2.85965328684963,0.1993046453234792,2.0922992373519955
30.0,21.0,266.25897216796875,-0.4388245548377008,0.6459065311733888,-3.778098880510924,-3.18257865190842,-2.267505808723637,-0.4295686358214284,-0.3813895270844219,2.607185452529022,0.2638134085590167,2.351814697673835
30.0,21.0,462.1731262207031,-1.0087065206547212,0.7679833829248431,-3.677793588580876,-3.519556792199644,-0.7542537121974423,0.9248213100505588,0.1388835733349213,2.633462494360999,0.4451703129969915,1.951760342957715
30.0,21.0,259.3251037597656,-0.4812815103956264,0.8813211598651323,-2.917229433285,-2.9803073832494813,-2.629641478735535,0.2876278694580837,-0.0271683322075616,2.574001227198867,0.2876925861652722,2.1593032251633657
30.0,21.0,523.3519287109375,-0.5036277395917302,0.8451612601912996,-3.1917041985575,-2.955601940701724,-1.201173122810545,0.5529869238169364,0.3130550453436556,2.3010281133807315,-0.0214952923797042,2.4715712067997173
30.0,21.0,265.1556396484375,-0.8273520487972693,0.9664707520662178,-3.741068664027011,-2.893808767395306,-2.1574683190267985,0.4929648473003967,-0.4025484528392854,2.2868354158695308,0.0299532673094928,1.3255028386906005
30.0,21.0,246.0790863037109,-0.5522253572946704,0.7516272087317926,-3.173279364932414,-3.3001355181276746,-2.600999035260396,0.5464110871380381,-0.2140931018555414,2.410793281399178,0.3047186983041551,2.4861174373907966
30.0,21.0,292.7175598144531,-0.8604335574225754,0.3048862805527244,-3.7765899616715655,-2.8288798328075746,-1.870121594496493,-0.4463734123356455,-0.1172124751165828,2.444594372432159,0.390996559676922,2.509169028976515
30.0,21.0,248.2855834960937,-0.770799003272738,0.4753827710612451,-3.433535942894001,-3.109739668051914,-2.4246479649296173,-0.1173976404518245,-0.4245061830428389,2.431571807945595,0.260741302209151,2.106431543141128
30.0,21.0,252.5151824951172,-1.1280511120121188,0.7063364813997923,-3.316997527740748,-3.248173669118144,-2.7306761009242444,0.7215271428870467,-0.1601293151896582,2.5138901424813844,0.4328678051759168,2.266829885758032
30.0,21.0,245.99302673339844,-0.7494604562313425,0.5827624451646062,-3.1978432976312727,-2.930434860001456,-2.589522757468941,0.4511330050359632,-0.2349149109541924,2.459352546895984,0.2558733024443547,1.86071018527782
30.0,21.0,253.9452514648437,-0.5006020071740038,0.7838473609367164,-3.4074350309933603,-3.0396695884429965,-1.7699567654816533,0.5489596465890714,-0.4524241679458525,2.562768921419754,0.2711993578668697,2.159154764230978
30.0,21.0,286.754638671875,-0.6017324488526815,0.8488205670262445,-3.60961228230531,-3.4860034351570803,-2.35508367543291,0.7268210322972304,-0.3061769188260757,2.5288468020907566,0.1412300286107256,1.362879960545815
30.0,21.0,311.7669677734375,-0.430223790364615,0.7389625787389675,-2.7502101661483422,-3.0144567590897964,-2.9648537694484407,0.6290464414537535,-0.2089706529686135,2.6349722017992265,0.270296556060427,1.9132995113941285
30.0,21.0,237.47869873046875,-0.8019130535331931,0.6989534746873916,-3.4768858431479166,-3.1537009096667643,-2.6227252976734925,0.3522320213679263,-0.1603884741083302,2.4309995389279866,0.3319332511669908,2.201227055895076
30.0,21.0,219.23175048828125,-0.5851094261234875,0.6060308179258742,-3.217691583181184,-3.0922314476217663,-1.486956541887752,0.6288182269148228,-0.0604397122418463,2.636483581191797,0.217647153546841,2.083524493697726
30.0,21.0,227.20196533203125,-0.5116750571944799,0.6972731205591086,-3.2938281484796543,-2.9700465929030817,-1.999700050549319,0.4213177587651668,-0.0658713916111359,2.617315945961498,0.2204689709512841,2.19149797928948
30.0,21.0,270.5972900390625,-0.339195293637367,0.8682199056895401,-3.429359759109701,-2.8360077134138004,-2.288424774409026,0.351023781793731,-0.0313313341651759,2.7013817145445707,0.0884129040474424,1.90707765857914
30.0,21.0,227.75701904296875,-0.9792051486980742,0.6668289796043207,-3.226357363532365,-3.007240751307254,-2.456842984036727,0.4759042173200444,-0.0648306762697417,2.49157505107593,0.2590560882265491,2.1076353013395264
30.0,21.0,366.9557189941406,-1.3002765807472962,1.4051179217940453,-3.374456460719599,-3.1591672598576164,-2.320344317626514,0.2506716482556181,-0.1321946471456885,2.2784973461055387,0.4045410665633173,2.7601666746781808
30.0,21.0,383.0667724609375,-1.4403443420893003,1.2972032466255956,-3.81949972733508,-3.436292819883295,-2.187374754522719,0.0104083823532313,-0.2575935003414224,2.296353306416512,0.3998567680419042,2.6717517077313104
30.0,21.0,332.88775634765625,-0.866286922037704,0.9143211190140288,-3.114514207736907,-3.530274792752901,-2.5528489865097344,0.9150420462401084,-0.1849265486440331,2.5158169198974227,0.4679781056679704,2.755994000725511
30.0,21.0,445.6804504394531,-0.3804855219893231,-0.1358250583492906,-2.787387022433333,-2.8537423951414933,-2.0500476469816484,0.1749585158203843,-0.1686932445074667,1.805583034712896,-0.1348184988642328,1.1474925096806872
30.0,21.0,253.77975463867188,-0.4867158342890469,0.5423263760631298,-3.079239397285852,-2.7767546739909323,-1.820891878797246,0.5593236614004602,-0.2049764736313727,2.63501531505845,0.150920440992216,2.0012930363551904
30.0,22.0,265.65899658203125,-0.2710672521584175,0.9633407686341244,-3.264841732052411,-3.053637064830114,-1.5848764997438236,0.5342671308953224,-0.0866456446952059,2.614501869687448,0.0381585982503487,2.18990723315428
30.0,22.0,232.06521606445312,-0.5337259209291824,0.7795998410218843,-3.621420920907045,-3.695389446801504,-1.1854391375048734,0.9529961626168773,-0.0136968391210639,2.576844922332739,0.2690543279393917,2.148148498562674
30.0,22.0,266.0086669921875,-0.8651988602160304,0.795838850913587,-3.725373039973909,-3.367153817545199,-2.5899729199514487,0.2127217260512958,-0.2711611491755846,2.4976140982215043,0.4393069268345422,2.535738525526165
30.0,22.0,232.8663024902344,-0.5293821743121027,0.8752609461603074,-3.641625797313981,-3.088768161485909,-2.516705419458084,0.3359178960416983,-0.1442490678713765,2.447790673601302,0.2271521663587482,2.2000761679641214
30.0,22.0,271.6688842773437,-0.6842061700961852,0.4638085689816863,-3.252988070706168,-2.790266815660216,-2.460459473538054,0.2362908595808029,-0.2865642706747766,2.5503171012258377,0.0685993219601668,1.2503052550954938
30.0,22.0,244.41653442382807,-0.5913242681685091,0.611465257477454,-3.6010777376605203,-3.291579133031102,-2.566995100403568,0.8021014684387153,-0.0154819600107024,2.459915695206361,0.296803278282713,2.172565019149549
30.0,22.0,264.36541748046875,-1.4997965073520505,0.7960154805906069,-3.6653219343093015,-3.0966191422002187,-1.95481394875697,0.042754160859852,-0.2886253056337143,2.602459344188841,0.0729225177993868,2.0490852440400094
30.0,22.0,250.65235900878903,-1.235739652317514,0.3507920473880082,-3.364486240861596,-3.364989235426924,-2.6765037762225408,0.6143317860425019,-0.162086552105284,2.3903294162196254,0.1175455023863454,2.1446587487744244
30.0,22.0,258.54852294921875,-0.5799105454437856,0.2518787248626362,-3.3199793379146785,-2.5777601681809763,-1.1137328541609477,0.7743086208529227,-0.0082204992381231,2.700250978486509,0.2105147953962237,2.10173554235897
30.0,22.0,248.2597045898437,-0.7130160797033014,0.6289607720408831,-3.444587279100257,-3.333428626271065,-2.5391640247345584,0.2161217831381211,-0.1334123147346632,2.388992340766104,0.265910291211543,2.028952185255275
30.0,22.0,375.8564147949219,-1.2659011413815189,0.7775844091675421,-2.559385632147716,-3.141965656182517,-2.213710362314522,0.5390625075423559,-0.1341977871421912,2.647673748460843,0.0898385542203018,1.2820644866713726
30.0,22.0,307.6420593261719,-1.3347135574097808,0.7846681286321069,-3.516308935579571,-2.914588926838949,-1.8810062511267456,0.7722399705921318,-0.3430730840558731,2.6796100870519486,0.2406852678094854,1.7551532168143775
30.0,22.0,463.4299621582031,-1.4379010554025289,1.2660718500260049,-3.74179244414065,-3.744489052549953,-2.5984965964327325,0.7575533722009034,-0.3825686176535792,2.687833921821864,0.2808259047936741,2.669366697496705
30.0,22.0,338.79803466796875,-0.6199777928131147,1.392196896182244,-3.397714281562976,-2.941928172218218,-1.7871050073807362,0.3084052175333895,-0.2235804365158545,2.285276088366156,0.2621472634586782,2.587701048249013
30.0,22.0,303.917236328125,-0.626786779095438,0.7860667115294114,-2.874091044065785,-3.539372976787684,-1.8256018915341672,0.177561167252928,-0.1650433323233022,2.5143555661264108,0.2406864064365424,2.3145546948416222
30.0,22.0,244.134017944336,-0.7321628117863089,0.6392687461372437,-3.54240581723804,-3.109482324080489,-2.4788721065030948,0.2993421125078486,-0.19601583330962,2.444774030422228,0.3112208853674846,1.9290790597288
30.0,22.0,265.7742919921875,-1.1122281882889598,0.4519523901211518,-3.4691491010926607,-3.341665177233496,-2.8411347218338387,0.6818623980726526,-0.2685839323619836,2.3896678589022486,0.4041998245688276,2.5510123019982647
30.0,22.0,233.4079132080078,-0.684705504600655,0.9715106107317124,-3.3341299942507123,-3.051556225932342,-1.6676848354484486,0.835755942287902,-0.0239780444229875,2.486599358084739,0.0417823536118915,1.7789452169045965
30.0,22.0,245.9429931640625,-0.8483266135729868,0.6453986865434707,-3.506552371550096,-3.271625883978806,-2.56814784519429,0.2147286641374462,-0.1436646083617611,2.4296898910346845,0.2413711030766583,2.371772908737178
30.0,22.0,308.76123046875,-0.7232108729775402,0.2962994248792651,-3.335996027072553,-3.361904609883445,-2.809549456194473,0.6310365155451838,-0.3869516901931407,2.673120968835126,0.2489907986584447,2.4985233533439395
30.0,22.0,301.6364440917969,-0.5663885713800598,0.5886983016177144,-3.2469078002309253,-3.1436269985497294,-1.6632874840116012,1.0309833885799309,-0.0645660458213499,2.47663923459987,0.2212987394987939,2.1625538144153973
30.0,22.0,297.0845031738281,-0.3329880017955053,0.5687804285555916,-3.5306304187240607,-3.0000050428548017,-1.5417745232827875,0.0835729448412351,-0.027780805825294,2.6214624192077403,0.2357065416067534,1.8428655965398264
30.0,22.0,295.84429931640625,-0.8274497652448931,1.0342728518141864,-3.46765683024413,-3.11137567601808,-2.3975675583263074,0.1392076495113877,-0.2927233989198098,2.7149929303059825,0.5728088353393624,2.645860635896003
30.0,22.0,267.211669921875,-0.3353092691417557,0.7594541197706989,-2.9461735405749563,-2.744266811263208,-1.5019054170875448,0.2975034080205929,-0.3437818253058954,2.597543508666897,0.276443006386197,2.370801354245196
30.0,22.0,279.5040283203125,-0.7627484561203124,0.1370991819918322,-2.990272126392232,-3.265699325712689,-2.9897724517942854,0.8729953535191665,0.0236641334124533,2.618758760875634,0.0349528972645836,1.2105546210480342
30.0,22.0,263.739990234375,-0.7532276630263719,0.9886981687438264,-3.2731413741796658,-3.058055298499577,-2.543213942024639,0.0951854730106263,-0.1078103136156235,2.5258761105957377,0.1029189690829771,2.092052766357126
30.0,22.0,308.67706298828125,-0.5923768009015566,0.887058542544873,-3.3689616399950184,-3.346795822849816,-2.781744367928753,0.3939404804789495,-0.0975501829401959,2.85965328684963,0.1993046453234792,2.0922992373519955
30.0,22.0,266.25897216796875,-0.4388245548377008,0.6459065311733888,-3.778098880510924,-3.18257865190842,-2.267505808723637,-0.4295686358214284,-0.3813895270844219,2.607185452529022,0.2638134085590167,2.351814697673835
30.0,22.0,462.1731262207031,-1.0087065206547212,0.7679833829248431,-3.677793588580876,-3.519556792199644,-0.7542537121974423,0.9248213100505588,0.1388835733349213,2.633462494360999,0.4451703129969915,1.951760342957715
30.0,22.0,259.3251037597656,-0.4812815103956264,0.8813211598651323,-2.917229433285,-2.9803073832494813,-2.629641478735535,0.2876278694580837,-0.0271683322075616,2.574001227198867,0.2876925861652722,2.1593032251633657
30.0,22.0,523.3519287109375,-0.5036277395917302,0.8451612601912996,-3.1917041985575,-2.955601940701724,-1.201173122810545,0.5529869238169364,0.3130550453436556,2.3010281133807315,-0.0214952923797042,2.4715712067997173
30.0,22.0,265.1556396484375,-0.8273520487972693,0.9664707520662178,-3.741068664027011,-2.893808767395306,-2.1574683190267985,0.4929648473003967,-0.4025484528392854,2.2868354158695308,0.0299532673094928,1.3255028386906005
30.0,22.0,246.0790863037109,-0.5522253572946704,0.7516272087317926,-3.173279364932414,-3.3001355181276746,-2.600999035260396,0.5464110871380381,-0.2140931018555414,2.410793281399178,0.3047186983041551,2.4861174373907966
30.0,22.0,292.7175598144531,-0.8604335574225754,0.3048862805527244,-3.7765899616715655,-2.8288798328075746,-1.870121594496493,-0.4463734123356455,-0.1172124751165828,2.444594372432159,0.390996559676922,2.509169028976515
30.0,22.0,248.2855834960937,-0.770799003272738,0.4753827710612451,-3.433535942894001,-3.109739668051914,-2.4246479649296173,-0.1173976404518245,-0.4245061830428389,2.431571807945595,0.260741302209151,2.106431543141128
30.0,22.0,252.5151824951172,-1.1280511120121188,0.7063364813997923,-3.316997527740748,-3.248173669118144,-2.7306761009242444,0.7215271428870467,-0.1601293151896582,2.5138901424813844,0.4328678051759168,2.266829885758032
30.0,22.0,245.99302673339844,-0.7494604562313425,0.5827624451646062,-3.1978432976312727,-2.930434860001456,-2.589522757468941,0.4511330050359632,-0.2349149109541924,2.459352546895984,0.2558733024443547,1.86071018527782
30.0,22.0,253.9452514648437,-0.5006020071740038,0.7838473609367164,-3.4074350309933603,-3.0396695884429965,-1.7699567654816533,0.5489596465890714,-0.4524241679458525,2.562768921419754,0.2711993578668697,2.159154764230978
30.0,22.0,286.754638671875,-0.6017324488526815,0.8488205670262445,-3.60961228230531,-3.4860034351570803,-2.35508367543291,0.7268210322972304,-0.3061769188260757,2.5288468020907566,0.1412300286107256,1.362879960545815
30.0,22.0,254.17898559570312,-0.8066331670219061,0.5523938191784252,-3.5999712467152927,-3.1148346834151104,-1.859535864920585,0.5030033376402547,0.041882517238716,2.7472643399446657,0.3698283136358836,1.9741842693152265
30.0,22.0,237.47869873046875,-0.8019130535331931,0.6989534746873916,-3.4768858431479166,-3.1537009096667643,-2.6227252976734925,0.3522320213679263,-0.1603884741083302,2.4309995389279866,0.3319332511669908,2.201227055895076
30.0,22.0,219.23175048828125,-0.5851094261234875,0.6060308179258742,-3.217691583181184,-3.0922314476217663,-1.486956541887752,0.6288182269148228,-0.0604397122418463,2.636483581191797,0.217647153546841,2.083524493697726
30.0,22.0,227.20196533203125,-0.5116750571944799,0.6972731205591086,-3.2938281484796543,-2.9700465929030817,-1.999700050549319,0.4213177587651668,-0.0658713916111359,2.617315945961498,0.2204689709512841,2.19149797928948
30.0,22.0,270.5972900390625,-0.339195293637367,0.8682199056895401,-3.429359759109701,-2.8360077134138004,-2.288424774409026,0.351023781793731,-0.0313313341651759,2.7013817145445707,0.0884129040474424,1.90707765857914
30.0,22.0,227.75701904296875,-0.9792051486980742,0.6668289796043207,-3.226357363532365,-3.007240751307254,-2.456842984036727,0.4759042173200444,-0.0648306762697417,2.49157505107593,0.2590560882265491,2.1076353013395264
30.0,22.0,366.9557189941406,-1.3002765807472962,1.4051179217940453,-3.374456460719599,-3.1591672598576164,-2.320344317626514,0.2506716482556181,-0.1321946471456885,2.2784973461055387,0.4045410665633173,2.7601666746781808
30.0,22.0,383.0667724609375,-1.4403443420893003,1.2972032466255956,-3.81949972733508,-3.436292819883295,-2.187374754522719,0.0104083823532313,-0.2575935003414224,2.296353306416512,0.3998567680419042,2.6717517077313104
30.0,22.0,332.88775634765625,-0.866286922037704,0.9143211190140288,-3.114514207736907,-3.530274792752901,-2.5528489865097344,0.9150420462401084,-0.1849265486440331,2.5158169198974227,0.4679781056679704,2.755994000725511
30.0,22.0,445.6804504394531,-0.3804855219893231,-0.1358250583492906,-2.787387022433333,-2.8537423951414933,-2.0500476469816484,0.1749585158203843,-0.1686932445074667,1.805583034712896,-0.1348184988642328,1.1474925096806872
30.0,22.0,253.77975463867188,-0.4867158342890469,0.5423263760631298,-3.079239397285852,-2.7767546739909323,-1.820891878797246,0.5593236614004602,-0.2049764736313727,2.63501531505845,0.150920440992216,2.0012930363551904
30.0,23.0,243.482162475586,-0.7934169346570008,0.4908301831897854,-3.186516757394323,-2.99251517450834,-2.346238790284405,0.721932492033907,-0.0463681302839743,2.5499619477084265,0.1890814032102756,2.194748107166904
30.0,23.0,232.06521606445312,-0.5337259209291824,0.7795998410218843,-3.621420920907045,-3.695389446801504,-1.1854391375048734,0.9529961626168773,-0.0136968391210639,2.576844922332739,0.2690543279393917,2.148148498562674
30.0,23.0,266.0086669921875,-0.8651988602160304,0.795838850913587,-3.725373039973909,-3.367153817545199,-2.5899729199514487,0.2127217260512958,-0.2711611491755846,2.4976140982215043,0.4393069268345422,2.535738525526165
30.0,23.0,232.8663024902344,-0.5293821743121027,0.8752609461603074,-3.641625797313981,-3.088768161485909,-2.516705419458084,0.3359178960416983,-0.1442490678713765,2.447790673601302,0.2271521663587482,2.2000761679641214
30.0,23.0,271.6688842773437,-0.6842061700961852,0.4638085689816863,-3.252988070706168,-2.790266815660216,-2.460459473538054,0.2362908595808029,-0.2865642706747766,2.5503171012258377,0.0685993219601668,1.2503052550954938
30.0,23.0,244.41653442382807,-0.5913242681685091,0.611465257477454,-3.6010777376605203,-3.291579133031102,-2.566995100403568,0.8021014684387153,-0.0154819600107024,2.459915695206361,0.296803278282713,2.172565019149549
30.0,23.0,264.36541748046875,-1.4997965073520505,0.7960154805906069,-3.6653219343093015,-3.0966191422002187,-1.95481394875697,0.042754160859852,-0.2886253056337143,2.602459344188841,0.0729225177993868,2.0490852440400094
30.0,23.0,250.65235900878903,-1.235739652317514,0.3507920473880082,-3.364486240861596,-3.364989235426924,-2.6765037762225408,0.6143317860425019,-0.162086552105284,2.3903294162196254,0.1175455023863454,2.1446587487744244
30.0,23.0,258.54852294921875,-0.5799105454437856,0.2518787248626362,-3.3199793379146785,-2.5777601681809763,-1.1137328541609477,0.7743086208529227,-0.0082204992381231,2.700250978486509,0.2105147953962237,2.10173554235897
30.0,23.0,248.2597045898437,-0.7130160797033014,0.6289607720408831,-3.444587279100257,-3.333428626271065,-2.5391640247345584,0.2161217831381211,-0.1334123147346632,2.388992340766104,0.265910291211543,2.028952185255275
30.0,23.0,375.8564147949219,-1.2659011413815189,0.7775844091675421,-2.559385632147716,-3.141965656182517,-2.213710362314522,0.5390625075423559,-0.1341977871421912,2.647673748460843,0.0898385542203018,1.2820644866713726
30.0,23.0,307.6420593261719,-1.3347135574097808,0.7846681286321069,-3.516308935579571,-2.914588926838949,-1.8810062511267456,0.7722399705921318,-0.3430730840558731,2.6796100870519486,0.2406852678094854,1.7551532168143775
30.0,23.0,397.2957458496094,-0.8134406255381121,0.3462947454248146,-3.9605552269576223,-1.9465224559755705,-0.9117320652567972,0.997153616568504,-0.2869158998926633,2.675776240795153,0.3004403314871079,2.1954396556167826
30.0,23.0,338.79803466796875,-0.6199777928131147,1.392196896182244,-3.397714281562976,-2.941928172218218,-1.7871050073807362,0.3084052175333895,-0.2235804365158545,2.285276088366156,0.2621472634586782,2.587701048249013
30.0,23.0,303.917236328125,-0.626786779095438,0.7860667115294114,-2.874091044065785,-3.539372976787684,-1.8256018915341672,0.177561167252928,-0.1650433323233022,2.5143555661264108,0.2406864064365424,2.3145546948416222
30.0,23.0,244.134017944336,-0.7321628117863089,0.6392687461372437,-3.54240581723804,-3.109482324080489,-2.4788721065030948,0.2993421125078486,-0.19601583330962,2.444774030422228,0.3112208853674846,1.9290790597288
30.0,23.0,265.7742919921875,-1.1122281882889598,0.4519523901211518,-3.4691491010926607,-3.341665177233496,-2.8411347218338387,0.6818623980726526,-0.2685839323619836,2.3896678589022486,0.4041998245688276,2.5510123019982647
30.0,23.0,233.4079132080078,-0.684705504600655,0.9715106107317124,-3.3341299942507123,-3.051556225932342,-1.6676848354484486,0.835755942287902,-0.0239780444229875,2.486599358084739,0.0417823536118915,1.7789452169045965
30.0,23.0,245.9429931640625,-0.8483266135729868,0.6453986865434707,-3.506552371550096,-3.271625883978806,-2.56814784519429,0.2147286641374462,-0.1436646083617611,2.4296898910346845,0.2413711030766583,2.371772908737178
30.0,23.0,308.76123046875,-0.7232108729775402,0.2962994248792651,-3.335996027072553,-3.361904609883445,-2.809549456194473,0.6310365155451838,-0.3869516901931407,2.673120968835126,0.2489907986584447,2.4985233533439395
30.0,23.0,301.6364440917969,-0.5663885713800598,0.5886983016177144,-3.2469078002309253,-3.1436269985497294,-1.6632874840116012,1.0309833885799309,-0.0645660458213499,2.47663923459987,0.2212987394987939,2.1625538144153973
30.0,23.0,270.0932006835937,-0.2353231132015451,0.5146998730403165,-3.332810425762141,-3.1370217274730328,-2.2321758155923472,0.5768186413715719,-0.0404053893521967,2.553253568002214,0.263015509319638,2.007085179282527
30.0,23.0,265.4642333984375,-0.5175126274109642,0.4478667701013641,-3.248484286755631,-2.9568525125410328,-2.4196695032782367,0.4756998465047823,-0.2103150709483107,2.7116334351079807,0.3330016271770545,2.2087271200697747
30.0,23.0,222.53189086914065,-0.5981973623947711,0.5927793426056944,-3.15274064021819,-3.0394392560895667,-1.6067214213339276,0.5814258435024495,0.000262382146408,2.6497874689220144,0.2220147123070955,2.1031771934839845
30.0,23.0,279.5040283203125,-0.7627484561203124,0.1370991819918322,-2.990272126392232,-3.265699325712689,-2.9897724517942854,0.8729953535191665,0.0236641334124533,2.618758760875634,0.0349528972645836,1.2105546210480342
30.0,23.0,263.739990234375,-0.7532276630263719,0.9886981687438264,-3.2731413741796658,-3.058055298499577,-2.543213942024639,0.0951854730106263,-0.1078103136156235,2.5258761105957377,0.1029189690829771,2.092052766357126
30.0,23.0,308.67706298828125,-0.5923768009015566,0.887058542544873,-3.3689616399950184,-3.346795822849816,-2.781744367928753,0.3939404804789495,-0.0975501829401959,2.85965328684963,0.1993046453234792,2.0922992373519955
30.0,23.0,266.25897216796875,-0.4388245548377008,0.6459065311733888,-3.778098880510924,-3.18257865190842,-2.267505808723637,-0.4295686358214284,-0.3813895270844219,2.607185452529022,0.2638134085590167,2.351814697673835
30.0,23.0,462.1731262207031,-1.0087065206547212,0.7679833829248431,-3.677793588580876,-3.519556792199644,-0.7542537121974423,0.9248213100505588,0.1388835733349213,2.633462494360999,0.4451703129969915,1.951760342957715
30.0,23.0,259.3251037597656,-0.4812815103956264,0.8813211598651323,-2.917229433285,-2.9803073832494813,-2.629641478735535,0.2876278694580837,-0.0271683322075616,2.574001227198867,0.2876925861652722,2.1593032251633657
30.0,23.0,523.3519287109375,-0.5036277395917302,0.8451612601912996,-3.1917041985575,-2.955601940701724,-1.201173122810545,0.5529869238169364,0.3130550453436556,2.3010281133807315,-0.0214952923797042,2.4715712067997173
30.0,23.0,265.1556396484375,-0.8273520487972693,0.9664707520662178,-3.741068664027011,-2.893808767395306,-2.1574683190267985,0.4929648473003967,-0.4025484528392854,2.2868354158695308,0.0299532673094928,1.3255028386906005
30.0,23.0,246.0790863037109,-0.5522253572946704,0.7516272087317926,-3.173279364932414,-3.3001355181276746,-2.600999035260396,0.5464110871380381,-0.2140931018555414,2.410793281399178,0.3047186983041551,2.4861174373907966
30.0,23.0,292.7175598144531,-0.8604335574225754,0.3048862805527244,-3.7765899616715655,-2.8288798328075746,-1.870121594496493,-0.4463734123356455,-0.1172124751165828,2.444594372432159,0.390996559676922,2.509169028976515
30.0,23.0,248.2855834960937,-0.770799003272738,0.4753827710612451,-3.433535942894001,-3.109739668051914,-2.4246479649296173,-0.1173976404518245,-0.4245061830428389,2.431571807945595,0.260741302209151,2.106431543141128
30.0,23.0,252.5151824951172,-1.1280511120121188,0.7063364813997923,-3.316997527740748,-3.248173669118144,-2.7306761009242444,0.7215271428870467,-0.1601293151896582,2.5138901424813844,0.4328678051759168,2.266829885758032
30.0,23.0,245.99302673339844,-0.7494604562313425,0.5827624451646062,-3.1978432976312727,-2.930434860001456,-2.589522757468941,0.4511330050359632,-0.2349149109541924,2.459352546895984,0.2558733024443547,1.86071018527782
30.0,23.0,252.7113037109375,-0.6260868414129155,0.5581563102620338,-3.0558793899570613,-3.070940999781132,-1.9069532758487464,0.5581166547876673,-0.2315711210777715,2.552456792189309,0.1771359341632105,2.249723336277666
30.0,23.0,286.754638671875,-0.6017324488526815,0.8488205670262445,-3.60961228230531,-3.4860034351570803,-2.35508367543291,0.7268210322972304,-0.3061769188260757,2.5288468020907566,0.1412300286107256,1.362879960545815
30.0,23.0,254.17898559570312,-0.8066331670219061,0.5523938191784252,-3.5999712467152927,-3.1148346834151104,-1.859535864920585,0.5030033376402547,0.041882517238716,2.7472643399446657,0.3698283136358836,1.9741842693152265
30.0,23.0,237.47869873046875,-0.8019130535331931,0.6989534746873916,-3.4768858431479166,-3.1537009096667643,-2.6227252976734925,0.3522320213679263,-0.1603884741083302,2.4309995389279866,0.3319332511669908,2.201227055895076
30.0,23.0,219.23175048828125,-0.5851094261234875,0.6060308179258742,-3.217691583181184,-3.0922314476217663,-1.486956541887752,0.6288182269148228,-0.0604397122418463,2.636483581191797,0.217647153546841,2.083524493697726
30.0,23.0,227.20196533203125,-0.5116750571944799,0.6972731205591086,-3.2938281484796543,-2.9700465929030817,-1.999700050549319,0.4213177587651668,-0.0658713916111359,2.617315945961498,0.2204689709512841,2.19149797928948
30.0,23.0,270.5972900390625,-0.339195293637367,0.8682199056895401,-3.429359759109701,-2.8360077134138004,-2.288424774409026,0.351023781793731,-0.0313313341651759,2.7013817145445707,0.0884129040474424,1.90707765857914
30.0,23.0,227.75701904296875,-0.9792051486980742,0.6668289796043207,-3.226357363532365,-3.007240751307254,-2.456842984036727,0.4759042173200444,-0.0648306762697417,2.49157505107593,0.2590560882265491,2.1076353013395264
30.0,23.0,366.9557189941406,-1.3002765807472962,1.4051179217940453,-3.374456460719599,-3.1591672598576164,-2.320344317626514,0.2506716482556181,-0.1321946471456885,2.2784973461055387,0.4045410665633173,2.7601666746781808
30.0,23.0,383.0667724609375,-1.4403443420893003,1.2972032466255956,-3.81949972733508,-3.436292819883295,-2.187374754522719,0.0104083823532313,-0.2575935003414224,2.296353306416512,0.3998567680419042,2.6717517077313104
30.0,23.0,332.88775634765625,-0.866286922037704,0.9143211190140288,-3.114514207736907,-3.530274792752901,-2.5528489865097344,0.9150420462401084,-0.1849265486440331,2.5158169198974227,0.4679781056679704,2.755994000725511
30.0,23.0,445.6804504394531,-0.3804855219893231,-0.1358250583492906,-2.787387022433333,-2.8537423951414933,-2.0500476469816484,0.1749585158203843,-0.1686932445074667,1.805583034712896,-0.1348184988642328,1.1474925096806872
30.0,23.0,212.53854370117188,-0.6652116657171865,0.5517910154077588,-3.487186870936479,-3.0353288935944893,-1.5616879649222075,0.5425118006464354,-0.1018203415964496,2.572296383580308,0.2315117338035235,1.963660786724124
30.0,24.0,243.482162475586,-0.7934169346570008,0.4908301831897854,-3.186516757394323,-2.99251517450834,-2.346238790284405,0.721932492033907,-0.0463681302839743,2.5499619477084265,0.1890814032102756,2.194748107166904
30.0,24.0,232.06521606445312,-0.5337259209291824,0.7795998410218843,-3.621420920907045,-3.695389446801504,-1.1854391375048734,0.9529961626168773,-0.0136968391210639,2.576844922332739,0.2690543279393917,2.148148498562674
30.0,24.0,266.0086669921875,-0.8651988602160304,0.795838850913587,-3.725373039973909,-3.367153817545199,-2.5899729199514487,0.2127217260512958,-0.2711611491755846,2.4976140982215043,0.4393069268345422,2.535738525526165
30.0,24.0,232.8663024902344,-0.5293821743121027,0.8752609461603074,-3.641625797313981,-3.088768161485909,-2.516705419458084,0.3359178960416983,-0.1442490678713765,2.447790673601302,0.2271521663587482,2.2000761679641214
30.0,24.0,232.8870849609375,-0.7740192339884692,0.568384950363026,-3.587232825180464,-3.037644322357971,-2.683237742041072,0.5364430684814652,-0.0835923392245626,2.6047272645007284,0.0180063909693008,1.1475198568814338
30.0,24.0,244.41653442382807,-0.5913242681685091,0.611465257477454,-3.6010777376605203,-3.291579133031102,-2.566995100403568,0.8021014684387153,-0.0154819600107024,2.459915695206361,0.296803278282713,2.172565019149549
30.0,24.0,264.36541748046875,-1.4997965073520505,0.7960154805906069,-3.6653219343093015,-3.0966191422002187,-1.95481394875697,0.042754160859852,-0.2886253056337143,2.602459344188841,0.0729225177993868,2.0490852440400094
30.0,24.0,241.72116088867188,-0.836191420389796,0.4999973603659167,-3.4796302570124045,-3.26966038691606,-1.392652055066675,0.465467878138518,-0.0977255983737381,2.407908416737019,0.2163960015534742,2.0238266829333265
30.0,24.0,233.98931884765625,-0.6335633160371926,0.6210399684169932,-3.585604868530923,-3.3630636892402173,-2.1060175099533964,0.3325861374976684,-0.0866865500980654,2.653912054334326,0.1880209636291144,2.0815287713953223
30.0,24.0,248.2597045898437,-0.7130160797033014,0.6289607720408831,-3.444587279100257,-3.333428626271065,-2.5391640247345584,0.2161217831381211,-0.1334123147346632,2.388992340766104,0.265910291211543,2.028952185255275
30.0,24.0,375.8564147949219,-1.2659011413815189,0.7775844091675421,-2.559385632147716,-3.141965656182517,-2.213710362314522,0.5390625075423559,-0.1341977871421912,2.647673748460843,0.0898385542203018,1.2820644866713726
30.0,24.0,307.6420593261719,-1.3347135574097808,0.7846681286321069,-3.516308935579571,-2.914588926838949,-1.8810062511267456,0.7722399705921318,-0.3430730840558731,2.6796100870519486,0.2406852678094854,1.7551532168143775
30.0,24.0,397.2957458496094,-0.8134406255381121,0.3462947454248146,-3.9605552269576223,-1.9465224559755705,-0.9117320652567972,0.997153616568504,-0.2869158998926633,2.675776240795153,0.3004403314871079,2.1954396556167826
30.0,24.0,268.76422119140625,-0.3583755911007427,0.6851819265102361,-3.524324169990338,-2.8026227673678448,-1.7196830889141514,0.576642097797294,-0.249243673182859,2.32213181606544,0.2604170328609541,2.4601816830744
30.0,24.0,260.9286193847656,-0.6726098650232801,0.4973155065714555,-3.3326125453710858,-3.404137267293055,-1.9975082326322555,-0.8933783120435723,-0.1338469471701584,2.4434521708203074,0.2143900542633005,2.459969864849084
30.0,24.0,244.134017944336,-0.7321628117863089,0.6392687461372437,-3.54240581723804,-3.109482324080489,-2.4788721065030948,0.2993421125078486,-0.19601583330962,2.444774030422228,0.3112208853674846,1.9290790597288
30.0,24.0,265.7742919921875,-1.1122281882889598,0.4519523901211518,-3.4691491010926607,-3.341665177233496,-2.8411347218338387,0.6818623980726526,-0.2685839323619836,2.3896678589022486,0.4041998245688276,2.5510123019982647
30.0,24.0,233.4079132080078,-0.684705504600655,0.9715106107317124,-3.3341299942507123,-3.051556225932342,-1.6676848354484486,0.835755942287902,-0.0239780444229875,2.486599358084739,0.0417823536118915,1.7789452169045965
30.0,24.0,245.9429931640625,-0.8483266135729868,0.6453986865434707,-3.506552371550096,-3.271625883978806,-2.56814784519429,0.2147286641374462,-0.1436646083617611,2.4296898910346845,0.2413711030766583,2.371772908737178
30.0,24.0,308.76123046875,-0.7232108729775402,0.2962994248792651,-3.335996027072553,-3.361904609883445,-2.809549456194473,0.6310365155451838,-0.3869516901931407,2.673120968835126,0.2489907986584447,2.4985233533439395
30.0,24.0,232.86456298828125,-0.5519304662216292,0.591058042805576,-3.264397299101393,-2.848906271830028,-1.6459637257548514,0.3396365755286978,-0.1177378809658317,2.594625030671888,0.2653811639335165,1.946900321533923
30.0,24.0,270.0932006835937,-0.2353231132015451,0.5146998730403165,-3.332810425762141,-3.1370217274730328,-2.2321758155923472,0.5768186413715719,-0.0404053893521967,2.553253568002214,0.263015509319638,2.007085179282527
30.0,24.0,265.4642333984375,-0.5175126274109642,0.4478667701013641,-3.248484286755631,-2.9568525125410328,-2.4196695032782367,0.4756998465047823,-0.2103150709483107,2.7116334351079807,0.3330016271770545,2.2087271200697747
30.0,24.0,215.29318237304688,-0.7303106476918474,0.5907255643137551,-3.524105812380638,-3.13711362026019,-1.7231508440576833,0.6333967340360969,0.0417727656699128,2.5515929537410247,0.2307631580167021,1.9273457231206468
30.0,24.0,279.5040283203125,-0.7627484561203124,0.1370991819918322,-2.990272126392232,-3.265699325712689,-2.9897724517942854,0.8729953535191665,0.0236641334124533,2.618758760875634,0.0349528972645836,1.2105546210480342
30.0,24.0,260.0228271484375,-0.6442943551373739,0.6961567552880802,-3.6056914422063913,-2.933543064934187,-2.4821054371162643,-0.1783455284295358,-0.1617608675784017,2.544253766431339,0.2203310999607528,1.827301217299052
30.0,24.0,308.67706298828125,-0.5923768009015566,0.887058542544873,-3.3689616399950184,-3.346795822849816,-2.781744367928753,0.3939404804789495,-0.0975501829401959,2.85965328684963,0.1993046453234792,2.0922992373519955
30.0,24.0,266.25897216796875,-0.4388245548377008,0.6459065311733888,-3.778098880510924,-3.18257865190842,-2.267505808723637,-0.4295686358214284,-0.3813895270844219,2.607185452529022,0.2638134085590167,2.351814697673835
30.0,24.0,462.1731262207031,-1.0087065206547212,0.7679833829248431,-3.677793588580876,-3.519556792199644,-0.7542537121974423,0.9248213100505588,0.1388835733349213,2.633462494360999,0.4451703129969915,1.951760342957715
30.0,24.0,259.3251037597656,-0.4812815103956264,0.8813211598651323,-2.917229433285,-2.9803073832494813,-2.629641478735535,0.2876278694580837,-0.0271683322075616,2.574001227198867,0.2876925861652722,2.1593032251633657
30.0,24.0,523.3519287109375,-0.5036277395917302,0.8451612601912996,-3.1917041985575,-2.955601940701724,-1.201173122810545,0.5529869238169364,0.3130550453436556,2.3010281133807315,-0.0214952923797042,2.4715712067997173
30.0,24.0,265.1556396484375,-0.8273520487972693,0.9664707520662178,-3.741068664027011,-2.893808767395306,-2.1574683190267985,0.4929648473003967,-0.4025484528392854,2.2868354158695308,0.0299532673094928,1.3255028386906005
30.0,24.0,246.0790863037109,-0.5522253572946704,0.7516272087317926,-3.173279364932414,-3.3001355181276746,-2.600999035260396,0.5464110871380381,-0.2140931018555414,2.410793281399178,0.3047186983041551,2.4861174373907966
30.0,24.0,292.7175598144531,-0.8604335574225754,0.3048862805527244,-3.7765899616715655,-2.8288798328075746,-1.870121594496493,-0.4463734123356455,-0.1172124751165828,2.444594372432159,0.390996559676922,2.509169028976515
30.0,24.0,248.2855834960937,-0.770799003272738,0.4753827710612451,-3.433535942894001,-3.109739668051914,-2.4246479649296173,-0.1173976404518245,-0.4245061830428389,2.431571807945595,0.260741302209151,2.106431543141128
30.0,24.0,252.5151824951172,-1.1280511120121188,0.7063364813997923,-3.316997527740748,-3.248173669118144,-2.7306761009242444,0.7215271428870467,-0.1601293151896582,2.5138901424813844,0.4328678051759168,2.266829885758032
30.0,24.0,245.99302673339844,-0.7494604562313425,0.5827624451646062,-3.1978432976312727,-2.930434860001456,-2.589522757468941,0.4511330050359632,-0.2349149109541924,2.459352546895984,0.2558733024443547,1.86071018527782
30.0,24.0,239.12130737304688,-0.6935365252939787,0.4714543551459419,-3.471865662249749,-3.023282441869997,-2.0865209213903704,0.5020425145849253,-0.3254562683830881,2.539434967386512,0.1851793422007025,1.7984455490671574
30.0,24.0,270.5323181152344,-0.5868605065069143,0.3519496523077796,-3.105542286085491,-3.0300240676480845,-2.7090908886436083,0.4741864492009303,-0.2713641635924554,2.599332173485966,0.0130530100057127,1.1741640318290387
30.0,24.0,254.17898559570312,-0.8066331670219061,0.5523938191784252,-3.5999712467152927,-3.1148346834151104,-1.859535864920585,0.5030033376402547,0.041882517238716,2.7472643399446657,0.3698283136358836,1.9741842693152265
30.0,24.0,235.6490631103516,-0.8058614480492043,0.5937211872645437,-3.633381708476114,-3.0823399741093254,-1.873056227853259,0.0790463568705618,-0.1325571052377968,2.57795077797902,0.2316027885965886,1.924987167448573
30.0,24.0,219.23175048828125,-0.5851094261234875,0.6060308179258742,-3.217691583181184,-3.0922314476217663,-1.486956541887752,0.6288182269148228,-0.0604397122418463,2.636483581191797,0.217647153546841,2.083524493697726
30.0,24.0,227.20196533203125,-0.5116750571944799,0.6972731205591086,-3.2938281484796543,-2.9700465929030817,-1.999700050549319,0.4213177587651668,-0.0658713916111359,2.617315945961498,0.2204689709512841,2.19149797928948
30.0,24.0,270.5972900390625,-0.339195293637367,0.8682199056895401,-3.429359759109701,-2.8360077134138004,-2.288424774409026,0.351023781793731,-0.0313313341651759,2.7013817145445707,0.0884129040474424,1.90707765857914
30.0,24.0,227.75701904296875,-0.9792051486980742,0.6668289796043207,-3.226357363532365,-3.007240751307254,-2.456842984036727,0.4759042173200444,-0.0648306762697417,2.49157505107593,0.2590560882265491,2.1076353013395264
30.0,24.0,366.9557189941406,-1.3002765807472962,1.4051179217940453,-3.374456460719599,-3.1591672598576164,-2.320344317626514,0.2506716482556181,-0.1321946471456885,2.2784973461055387,0.4045410665633173,2.7601666746781808
30.0,24.0,383.0667724609375,-1.4403443420893003,1.2972032466255956,-3.81949972733508,-3.436292819883295,-2.187374754522719,0.0104083823532313,-0.2575935003414224,2.296353306416512,0.3998567680419042,2.6717517077313104
30.0,24.0,267.404541015625,-0.2176805605218533,1.0380693301060613,-3.590882423083285,-3.305575645919899,-1.35378195535194,0.4229096087156889,-0.2609441368697187,2.625312538298536,0.2416451296081942,2.18286321441885
30.0,24.0,445.6804504394531,-0.3804855219893231,-0.1358250583492906,-2.787387022433333,-2.8537423951414933,-2.0500476469816484,0.1749585158203843,-0.1686932445074667,1.805583034712896,-0.1348184988642328,1.1474925096806872
30.0,24.0,212.53854370117188,-0.6652116657171865,0.5517910154077588,-3.487186870936479,-3.0353288935944893,-1.5616879649222075,0.5425118006464354,-0.1018203415964496,2.572296383580308,0.2315117338035235,1.963660786724124
30.0,25.0,243.482162475586,-0.7934169346570008,0.4908301831897854,-3.186516757394323,-2.99251517450834,-2.346238790284405,0.721932492033907,-0.0463681302839743,2.5499619477084265,0.1890814032102756,2.194748107166904
30.0,25.0,232.06521606445312,-0.5337259209291824,0.7795998410218843,-3.621420920907045,-3.695389446801504,-1.1854391375048734,0.9529961626168773,-0.0136968391210639,2.576844922332739,0.2690543279393917,2.148148498562674
30.0,25.0,266.0086669921875,-0.8651988602160304,0.795838850913587,-3.725373039973909,-3.367153817545199,-2.5899729199514487,0.2127217260512958,-0.2711611491755846,2.4976140982215043,0.4393069268345422,2.535738525526165
30.0,25.0,231.33071899414065,-0.9637402566906244,0.7819190194431735,-3.641558078370809,-3.071793584746388,-2.101468127243004,0.6850139038634937,-0.097575426515873,2.575499221353199,0.2108800134717585,1.9216367504911285
30.0,25.0,228.95266723632807,-0.7660736156444726,0.6195263281905163,-3.393791914390041,-3.2500722213794107,-3.0555355669062645,0.7022524160995176,-0.0139071272731807,2.541455510324424,0.2156784578279879,2.0672366455773
30.0,25.0,244.41653442382807,-0.5913242681685091,0.611465257477454,-3.6010777376605203,-3.291579133031102,-2.566995100403568,0.8021014684387153,-0.0154819600107024,2.459915695206361,0.296803278282713,2.172565019149549
30.0,25.0,264.36541748046875,-1.4997965073520505,0.7960154805906069,-3.6653219343093015,-3.0966191422002187,-1.95481394875697,0.042754160859852,-0.2886253056337143,2.602459344188841,0.0729225177993868,2.0490852440400094
30.0,25.0,241.72116088867188,-0.836191420389796,0.4999973603659167,-3.4796302570124045,-3.26966038691606,-1.392652055066675,0.465467878138518,-0.0977255983737381,2.407908416737019,0.2163960015534742,2.0238266829333265
30.0,25.0,233.98931884765625,-0.6335633160371926,0.6210399684169932,-3.585604868530923,-3.3630636892402173,-2.1060175099533964,0.3325861374976684,-0.0866865500980654,2.653912054334326,0.1880209636291144,2.0815287713953223
30.0,25.0,248.2597045898437,-0.7130160797033014,0.6289607720408831,-3.444587279100257,-3.333428626271065,-2.5391640247345584,0.2161217831381211,-0.1334123147346632,2.388992340766104,0.265910291211543,2.028952185255275
30.0,25.0,375.8564147949219,-1.2659011413815189,0.7775844091675421,-2.559385632147716,-3.141965656182517,-2.213710362314522,0.5390625075423559,-0.1341977871421912,2.647673748460843,0.0898385542203018,1.2820644866713726
30.0,25.0,263.0406494140625,-1.2868303873634983,0.9952098691701532,-3.546650995821949,-3.291692242837229,-1.9373985017427784,-0.1535844034667546,-0.2796769726809223,2.5428472217186946,0.325330999931762,2.019106519932087
30.0,25.0,246.31724548339844,-1.4603042133801831,0.4911618847772646,-3.753224060299584,-2.4698469131390133,-1.3897881801329786,0.8977462104743827,0.0963063812025414,2.488616171628157,0.2917929007118993,2.0532702621381347
30.0,25.0,266.129638671875,-0.4435658185937297,0.5687850403720719,-3.5368251151720984,-2.6400677525441605,-1.536125385241705,0.491423951245441,-0.4017090745667593,2.4269284556358133,0.2753686601322537,1.8926741194186896
30.0,25.0,260.9286193847656,-0.6726098650232801,0.4973155065714555,-3.3326125453710858,-3.404137267293055,-1.9975082326322555,-0.8933783120435723,-0.1338469471701584,2.4434521708203074,0.2143900542633005,2.459969864849084
30.0,25.0,244.134017944336,-0.7321628117863089,0.6392687461372437,-3.54240581723804,-3.109482324080489,-2.4788721065030948,0.2993421125078486,-0.19601583330962,2.444774030422228,0.3112208853674846,1.9290790597288
30.0,25.0,265.7742919921875,-1.1122281882889598,0.4519523901211518,-3.4691491010926607,-3.341665177233496,-2.8411347218338387,0.6818623980726526,-0.2685839323619836,2.3896678589022486,0.4041998245688276,2.5510123019982647
30.0,25.0,228.5635528564453,-0.3549994854249461,0.7788695945608625,-3.749652683533876,-3.240048907229221,-1.6722480013993102,0.6090439695604581,-0.0698225043228019,2.513660514978988,0.2551167529867592,2.193944748143837
30.0,25.0,245.9429931640625,-0.8483266135729868,0.6453986865434707,-3.506552371550096,-3.271625883978806,-2.56814784519429,0.2147286641374462,-0.1436646083617611,2.4296898910346845,0.2413711030766583,2.371772908737178
30.0,25.0,308.76123046875,-0.7232108729775402,0.2962994248792651,-3.335996027072553,-3.361904609883445,-2.809549456194473,0.6310365155451838,-0.3869516901931407,2.673120968835126,0.2489907986584447,2.4985233533439395
30.0,25.0,232.86456298828125,-0.5519304662216292,0.591058042805576,-3.264397299101393,-2.848906271830028,-1.6459637257548514,0.3396365755286978,-0.1177378809658317,2.594625030671888,0.2653811639335165,1.946900321533923
30.0,25.0,236.92007446289065,-0.3965552823496558,0.5614268313483523,-3.3430945373991845,-3.118493832252228,-1.602178590152588,0.4658355618583252,-0.1562505761083447,2.615494916874577,0.206987642092157,1.9957778021382453
30.0,25.0,265.4642333984375,-0.5175126274109642,0.4478667701013641,-3.248484286755631,-2.9568525125410328,-2.4196695032782367,0.4756998465047823,-0.2103150709483107,2.7116334351079807,0.3330016271770545,2.2087271200697747
30.0,25.0,215.29318237304688,-0.7303106476918474,0.5907255643137551,-3.524105812380638,-3.13711362026019,-1.7231508440576833,0.6333967340360969,0.0417727656699128,2.5515929537410247,0.2307631580167021,1.9273457231206468
30.0,25.0,279.5040283203125,-0.7627484561203124,0.1370991819918322,-2.990272126392232,-3.265699325712689,-2.9897724517942854,0.8729953535191665,0.0236641334124533,2.618758760875634,0.0349528972645836,1.2105546210480342
30.0,25.0,260.0228271484375,-0.6442943551373739,0.6961567552880802,-3.6056914422063913,-2.933543064934187,-2.4821054371162643,-0.1783455284295358,-0.1617608675784017,2.544253766431339,0.2203310999607528,1.827301217299052
30.0,25.0,287.283203125,-0.6126435076806769,0.447280552150414,-3.7044681618708406,-3.427946713390553,-2.1807174878845386,0.6756118677208922,-0.0908063484484817,2.7675224499900573,0.1781988251010318,2.0005423217519924
30.0,25.0,266.25897216796875,-0.4388245548377008,0.6459065311733888,-3.778098880510924,-3.18257865190842,-2.267505808723637,-0.4295686358214284,-0.3813895270844219,2.607185452529022,0.2638134085590167,2.351814697673835
30.0,25.0,396.9966735839844,0.0590108293304574,0.7808495351156564,-3.175143372127864,-2.7030407233379723,-1.3237249173412071,0.5777428855408488,0.0168106269333506,2.2735603558604325,0.2172613137452884,1.4390454817537834
30.0,25.0,255.348876953125,-0.5616144892048547,0.7350818660080125,-3.08066831766345,-2.999806382187566,-2.2544748353585256,0.1373777977263488,-0.0937791109186987,2.684371907198651,0.2610418292969416,1.9314682250504625
30.0,25.0,523.3519287109375,-0.5036277395917302,0.8451612601912996,-3.1917041985575,-2.955601940701724,-1.201173122810545,0.5529869238169364,0.3130550453436556,2.3010281133807315,-0.0214952923797042,2.4715712067997173
30.0,25.0,265.1556396484375,-0.8273520487972693,0.9664707520662178,-3.741068664027011,-2.893808767395306,-2.1574683190267985,0.4929648473003967,-0.4025484528392854,2.2868354158695308,0.0299532673094928,1.3255028386906005
30.0,25.0,246.0790863037109,-0.5522253572946704,0.7516272087317926,-3.173279364932414,-3.3001355181276746,-2.600999035260396,0.5464110871380381,-0.2140931018555414,2.410793281399178,0.3047186983041551,2.4861174373907966
30.0,25.0,292.7175598144531,-0.8604335574225754,0.3048862805527244,-3.7765899616715655,-2.8288798328075746,-1.870121594496493,-0.4463734123356455,-0.1172124751165828,2.444594372432159,0.390996559676922,2.509169028976515
30.0,25.0,248.2855834960937,-0.770799003272738,0.4753827710612451,-3.433535942894001,-3.109739668051914,-2.4246479649296173,-0.1173976404518245,-0.4245061830428389,2.431571807945595,0.260741302209151,2.106431543141128
30.0,25.0,252.5151824951172,-1.1280511120121188,0.7063364813997923,-3.316997527740748,-3.248173669118144,-2.7306761009242444,0.7215271428870467,-0.1601293151896582,2.5138901424813844,0.4328678051759168,2.266829885758032
30.0,25.0,245.99302673339844,-0.7494604562313425,0.5827624451646062,-3.1978432976312727,-2.930434860001456,-2.589522757468941,0.4511330050359632,-0.2349149109541924,2.459352546895984,0.2558733024443547,1.86071018527782
30.0,25.0,239.12130737304688,-0.6935365252939787,0.4714543551459419,-3.471865662249749,-3.023282441869997,-2.0865209213903704,0.5020425145849253,-0.3254562683830881,2.539434967386512,0.1851793422007025,1.7984455490671574
30.0,25.0,270.5323181152344,-0.5868605065069143,0.3519496523077796,-3.105542286085491,-3.0300240676480845,-2.7090908886436083,0.4741864492009303,-0.2713641635924554,2.599332173485966,0.0130530100057127,1.1741640318290387
30.0,25.0,254.17898559570312,-0.8066331670219061,0.5523938191784252,-3.5999712467152927,-3.1148346834151104,-1.859535864920585,0.5030033376402547,0.041882517238716,2.7472643399446657,0.3698283136358836,1.9741842693152265
30.0,25.0,235.6490631103516,-0.8058614480492043,0.5937211872645437,-3.633381708476114,-3.0823399741093254,-1.873056227853259,0.0790463568705618,-0.1325571052377968,2.57795077797902,0.2316027885965886,1.924987167448573
30.0,25.0,219.23175048828125,-0.5851094261234875,0.6060308179258742,-3.217691583181184,-3.0922314476217663,-1.486956541887752,0.6288182269148228,-0.0604397122418463,2.636483581191797,0.217647153546841,2.083524493697726
30.0,25.0,227.20196533203125,-0.5116750571944799,0.6972731205591086,-3.2938281484796543,-2.9700465929030817,-1.999700050549319,0.4213177587651668,-0.0658713916111359,2.617315945961498,0.2204689709512841,2.19149797928948
30.0,25.0,270.5972900390625,-0.339195293637367,0.8682199056895401,-3.429359759109701,-2.8360077134138004,-2.288424774409026,0.351023781793731,-0.0313313341651759,2.7013817145445707,0.0884129040474424,1.90707765857914
30.0,25.0,227.75701904296875,-0.9792051486980742,0.6668289796043207,-3.226357363532365,-3.007240751307254,-2.456842984036727,0.4759042173200444,-0.0648306762697417,2.49157505107593,0.2590560882265491,2.1076353013395264
30.0,25.0,366.9557189941406,-1.3002765807472962,1.4051179217940453,-3.374456460719599,-3.1591672598576164,-2.320344317626514,0.2506716482556181,-0.1321946471456885,2.2784973461055387,0.4045410665633173,2.7601666746781808
30.0,25.0,383.0667724609375,-1.4403443420893003,1.2972032466255956,-3.81949972733508,-3.436292819883295,-2.187374754522719,0.0104083823532313,-0.2575935003414224,2.296353306416512,0.3998567680419042,2.6717517077313104
30.0,25.0,267.404541015625,-0.2176805605218533,1.0380693301060613,-3.590882423083285,-3.305575645919899,-1.35378195535194,0.4229096087156889,-0.2609441368697187,2.625312538298536,0.2416451296081942,2.18286321441885
30.0,25.0,445.6804504394531,-0.3804855219893231,-0.1358250583492906,-2.787387022433333,-2.8537423951414933,-2.0500476469816484,0.1749585158203843,-0.1686932445074667,1.805583034712896,-0.1348184988642328,1.1474925096806872
30.0,25.0,212.53854370117188,-0.6652116657171865,0.5517910154077588,-3.487186870936479,-3.0353288935944893,-1.5616879649222075,0.5425118006464354,-0.1018203415964496,2.572296383580308,0.2315117338035235,1.963660786724124
30.0,26.0,224.96641540527344,-0.4897962620597739,0.6503064006393747,-3.23201341579236,-3.013366494238932,-1.4991030204555045,0.6966910480246035,-0.0563859076232586,2.539450270419227,0.184432198032618,2.2405338097705343
30.0,26.0,232.06521606445312,-0.5337259209291824,0.7795998410218843,-3.621420920907045,-3.695389446801504,-1.1854391375048734,0.9529961626168773,-0.0136968391210639,2.576844922332739,0.2690543279393917,2.148148498562674
30.0,26.0,266.0086669921875,-0.8651988602160304,0.795838850913587,-3.725373039973909,-3.367153817545199,-2.5899729199514487,0.2127217260512958,-0.2711611491755846,2.4976140982215043,0.4393069268345422,2.535738525526165
30.0,26.0,231.33071899414065,-0.9637402566906244,0.7819190194431735,-3.641558078370809,-3.071793584746388,-2.101468127243004,0.6850139038634937,-0.097575426515873,2.575499221353199,0.2108800134717585,1.9216367504911285
30.0,26.0,228.95266723632807,-0.7660736156444726,0.6195263281905163,-3.393791914390041,-3.2500722213794107,-3.0555355669062645,0.7022524160995176,-0.0139071272731807,2.541455510324424,0.2156784578279879,2.0672366455773
30.0,26.0,244.41653442382807,-0.5913242681685091,0.611465257477454,-3.6010777376605203,-3.291579133031102,-2.566995100403568,0.8021014684387153,-0.0154819600107024,2.459915695206361,0.296803278282713,2.172565019149549
30.0,26.0,264.36541748046875,-1.4997965073520505,0.7960154805906069,-3.6653219343093015,-3.0966191422002187,-1.95481394875697,0.042754160859852,-0.2886253056337143,2.602459344188841,0.0729225177993868,2.0490852440400094
30.0,26.0,241.72116088867188,-0.836191420389796,0.4999973603659167,-3.4796302570124045,-3.26966038691606,-1.392652055066675,0.465467878138518,-0.0977255983737381,2.407908416737019,0.2163960015534742,2.0238266829333265
30.0,26.0,207.5741577148437,-0.686965141996015,0.6133968297482193,-3.5462573106094832,-2.584725061092829,-1.407127749054816,0.7921407088901468,-0.0372440645726738,2.602195334414293,0.2127077341849965,2.004414567430152
30.0,26.0,248.2597045898437,-0.7130160797033014,0.6289607720408831,-3.444587279100257,-3.333428626271065,-2.5391640247345584,0.2161217831381211,-0.1334123147346632,2.388992340766104,0.265910291211543,2.028952185255275
30.0,26.0,375.8564147949219,-1.2659011413815189,0.7775844091675421,-2.559385632147716,-3.141965656182517,-2.213710362314522,0.5390625075423559,-0.1341977871421912,2.647673748460843,0.0898385542203018,1.2820644866713726
30.0,26.0,263.0406494140625,-1.2868303873634983,0.9952098691701532,-3.546650995821949,-3.291692242837229,-1.9373985017427784,-0.1535844034667546,-0.2796769726809223,2.5428472217186946,0.325330999931762,2.019106519932087
30.0,26.0,246.31724548339844,-1.4603042133801831,0.4911618847772646,-3.753224060299584,-2.4698469131390133,-1.3897881801329786,0.8977462104743827,0.0963063812025414,2.488616171628157,0.2917929007118993,2.0532702621381347
30.0,26.0,266.129638671875,-0.4435658185937297,0.5687850403720719,-3.5368251151720984,-2.6400677525441605,-1.536125385241705,0.491423951245441,-0.4017090745667593,2.4269284556358133,0.2753686601322537,1.8926741194186896
30.0,26.0,260.9286193847656,-0.6726098650232801,0.4973155065714555,-3.3326125453710858,-3.404137267293055,-1.9975082326322555,-0.8933783120435723,-0.1338469471701584,2.4434521708203074,0.2143900542633005,2.459969864849084
30.0,26.0,244.134017944336,-0.7321628117863089,0.6392687461372437,-3.54240581723804,-3.109482324080489,-2.4788721065030948,0.2993421125078486,-0.19601583330962,2.444774030422228,0.3112208853674846,1.9290790597288
30.0,26.0,265.7742919921875,-1.1122281882889598,0.4519523901211518,-3.4691491010926607,-3.341665177233496,-2.8411347218338387,0.6818623980726526,-0.2685839323619836,2.3896678589022486,0.4041998245688276,2.5510123019982647
30.0,26.0,228.5635528564453,-0.3549994854249461,0.7788695945608625,-3.749652683533876,-3.240048907229221,-1.6722480013993102,0.6090439695604581,-0.0698225043228019,2.513660514978988,0.2551167529867592,2.193944748143837
30.0,26.0,245.9429931640625,-0.8483266135729868,0.6453986865434707,-3.506552371550096,-3.271625883978806,-2.56814784519429,0.2147286641374462,-0.1436646083617611,2.4296898910346845,0.2413711030766583,2.371772908737178
30.0,26.0,302.9261474609375,-0.4917380535771341,0.6271886849604249,-3.857060620885521,-3.421775005577829,-2.8105454802769803,0.6506614186032018,-0.4259069159752354,2.5653435280492034,0.1886741106748641,2.006470997825576
30.0,26.0,220.66851806640625,-0.6123128784854797,0.5481261452213428,-3.232030519865346,-3.23580473785449,-1.639556017059631,0.6242798980386205,-0.1028969955257002,2.5301085731176585,0.2420621134440937,1.9462052945373312
30.0,26.0,236.92007446289065,-0.3965552823496558,0.5614268313483523,-3.3430945373991845,-3.118493832252228,-1.602178590152588,0.4658355618583252,-0.1562505761083447,2.615494916874577,0.206987642092157,1.9957778021382453
30.0,26.0,265.4642333984375,-0.5175126274109642,0.4478667701013641,-3.248484286755631,-2.9568525125410328,-2.4196695032782367,0.4756998465047823,-0.2103150709483107,2.7116334351079807,0.3330016271770545,2.2087271200697747
30.0,26.0,215.29318237304688,-0.7303106476918474,0.5907255643137551,-3.524105812380638,-3.13711362026019,-1.7231508440576833,0.6333967340360969,0.0417727656699128,2.5515929537410247,0.2307631580167021,1.9273457231206468
30.0,26.0,279.5040283203125,-0.7627484561203124,0.1370991819918322,-2.990272126392232,-3.265699325712689,-2.9897724517942854,0.8729953535191665,0.0236641334124533,2.618758760875634,0.0349528972645836,1.2105546210480342
30.0,26.0,260.0228271484375,-0.6442943551373739,0.6961567552880802,-3.6056914422063913,-2.933543064934187,-2.4821054371162643,-0.1783455284295358,-0.1617608675784017,2.544253766431339,0.2203310999607528,1.827301217299052
30.0,26.0,287.283203125,-0.6126435076806769,0.447280552150414,-3.7044681618708406,-3.427946713390553,-2.1807174878845386,0.6756118677208922,-0.0908063484484817,2.7675224499900573,0.1781988251010318,2.0005423217519924
30.0,26.0,266.25897216796875,-0.4388245548377008,0.6459065311733888,-3.778098880510924,-3.18257865190842,-2.267505808723637,-0.4295686358214284,-0.3813895270844219,2.607185452529022,0.2638134085590167,2.351814697673835
30.0,26.0,396.9966735839844,0.0590108293304574,0.7808495351156564,-3.175143372127864,-2.7030407233379723,-1.3237249173412071,0.5777428855408488,0.0168106269333506,2.2735603558604325,0.2172613137452884,1.4390454817537834
30.0,26.0,255.348876953125,-0.5616144892048547,0.7350818660080125,-3.08066831766345,-2.999806382187566,-2.2544748353585256,0.1373777977263488,-0.0937791109186987,2.684371907198651,0.2610418292969416,1.9314682250504625
30.0,26.0,523.033203125,-1.1958399617718485,0.7039506939596081,-3.2944159267079325,-2.873924136986479,-0.9965840892502188,0.8938331418010365,-0.2459661669380851,2.958760203432433,0.0278590352526402,1.892072602506931
30.0,26.0,265.1556396484375,-0.8273520487972693,0.9664707520662178,-3.741068664027011,-2.893808767395306,-2.1574683190267985,0.4929648473003967,-0.4025484528392854,2.2868354158695308,0.0299532673094928,1.3255028386906005
30.0,26.0,244.35633850097656,-0.4995642865272993,0.7797913665479483,-3.428157696480332,-3.422437540045962,-1.3315612772803471,0.6397326619040364,-0.041239131996404,2.519372089084023,0.2981705111373566,2.728823046364312
30.0,26.0,292.7175598144531,-0.8604335574225754,0.3048862805527244,-3.7765899616715655,-2.8288798328075746,-1.870121594496493,-0.4463734123356455,-0.1172124751165828,2.444594372432159,0.390996559676922,2.509169028976515
30.0,26.0,248.2855834960937,-0.770799003272738,0.4753827710612451,-3.433535942894001,-3.109739668051914,-2.4246479649296173,-0.1173976404518245,-0.4245061830428389,2.431571807945595,0.260741302209151,2.106431543141128
30.0,26.0,252.5151824951172,-1.1280511120121188,0.7063364813997923,-3.316997527740748,-3.248173669118144,-2.7306761009242444,0.7215271428870467,-0.1601293151896582,2.5138901424813844,0.4328678051759168,2.266829885758032
30.0,26.0,245.99302673339844,-0.7494604562313425,0.5827624451646062,-3.1978432976312727,-2.930434860001456,-2.589522757468941,0.4511330050359632,-0.2349149109541924,2.459352546895984,0.2558733024443547,1.86071018527782
30.0,26.0,225.8604431152344,-0.6800235686779046,0.5240445278346354,-3.688246817001056,-3.0673012753247453,-1.6632069831036351,0.5915873400534223,-0.1866510794114876,2.5907149817775057,0.2562124864379332,2.2678749523800468
30.0,26.0,270.5323181152344,-0.5868605065069143,0.3519496523077796,-3.105542286085491,-3.0300240676480845,-2.7090908886436083,0.4741864492009303,-0.2713641635924554,2.599332173485966,0.0130530100057127,1.1741640318290387
30.0,26.0,254.17898559570312,-0.8066331670219061,0.5523938191784252,-3.5999712467152927,-3.1148346834151104,-1.859535864920585,0.5030033376402547,0.041882517238716,2.7472643399446657,0.3698283136358836,1.9741842693152265
30.0,26.0,227.34295654296875,-0.4303130462535934,0.6096706816415851,-3.6982219468056527,-3.034995875184278,-1.4825248812718648,0.7252407011217336,-0.1020202810281051,2.5862083574027515,0.232157185076608,1.9105176327809648
30.0,26.0,219.23175048828125,-0.5851094261234875,0.6060308179258742,-3.217691583181184,-3.0922314476217663,-1.486956541887752,0.6288182269148228,-0.0604397122418463,2.636483581191797,0.217647153546841,2.083524493697726
30.0,26.0,214.44363403320312,-0.5803923523765426,0.7479896228381803,-3.2264089639306124,-2.9980928980145523,-1.6393261598146822,0.6080698179415325,-0.0776843074254867,2.6517557457338734,0.2097176421410653,1.951532901327788
30.0,26.0,270.5972900390625,-0.339195293637367,0.8682199056895401,-3.429359759109701,-2.8360077134138004,-2.288424774409026,0.351023781793731,-0.0313313341651759,2.7013817145445707,0.0884129040474424,1.90707765857914
30.0,26.0,227.75701904296875,-0.9792051486980742,0.6668289796043207,-3.226357363532365,-3.007240751307254,-2.456842984036727,0.4759042173200444,-0.0648306762697417,2.49157505107593,0.2590560882265491,2.1076353013395264
30.0,26.0,366.9557189941406,-1.3002765807472962,1.4051179217940453,-3.374456460719599,-3.1591672598576164,-2.320344317626514,0.2506716482556181,-0.1321946471456885,2.2784973461055387,0.4045410665633173,2.7601666746781808
30.0,26.0,373.06634521484375,-0.9311929563441632,0.6877389857315526,-3.3205780040041355,-3.5641801630706755,-1.260501494670068,0.4259518404832382,-0.5022296351076798,2.615834262809718,0.1400296869338607,2.602010306592337
30.0,26.0,267.404541015625,-0.2176805605218533,1.0380693301060613,-3.590882423083285,-3.305575645919899,-1.35378195535194,0.4229096087156889,-0.2609441368697187,2.625312538298536,0.2416451296081942,2.18286321441885
30.0,26.0,445.6804504394531,-0.3804855219893231,-0.1358250583492906,-2.787387022433333,-2.8537423951414933,-2.0500476469816484,0.1749585158203843,-0.1686932445074667,1.805583034712896,-0.1348184988642328,1.1474925096806872
30.0,26.0,212.53854370117188,-0.6652116657171865,0.5517910154077588,-3.487186870936479,-3.0353288935944893,-1.5616879649222075,0.5425118006464354,-0.1018203415964496,2.572296383580308,0.2315117338035235,1.963660786724124
30.0,27.0,224.96641540527344,-0.4897962620597739,0.6503064006393747,-3.23201341579236,-3.013366494238932,-1.4991030204555045,0.6966910480246035,-0.0563859076232586,2.539450270419227,0.184432198032618,2.2405338097705343
30.0,27.0,232.06521606445312,-0.5337259209291824,0.7795998410218843,-3.621420920907045,-3.695389446801504,-1.1854391375048734,0.9529961626168773,-0.0136968391210639,2.576844922332739,0.2690543279393917,2.148148498562674
30.0,27.0,266.0086669921875,-0.8651988602160304,0.795838850913587,-3.725373039973909,-3.367153817545199,-2.5899729199514487,0.2127217260512958,-0.2711611491755846,2.4976140982215043,0.4393069268345422,2.535738525526165
30.0,27.0,231.33071899414065,-0.9637402566906244,0.7819190194431735,-3.641558078370809,-3.071793584746388,-2.101468127243004,0.6850139038634937,-0.097575426515873,2.575499221353199,0.2108800134717585,1.9216367504911285
30.0,27.0,228.95266723632807,-0.7660736156444726,0.6195263281905163,-3.393791914390041,-3.2500722213794107,-3.0555355669062645,0.7022524160995176,-0.0139071272731807,2.541455510324424,0.2156784578279879,2.0672366455773
30.0,27.0,244.41653442382807,-0.5913242681685091,0.611465257477454,-3.6010777376605203,-3.291579133031102,-2.566995100403568,0.8021014684387153,-0.0154819600107024,2.459915695206361,0.296803278282713,2.172565019149549
30.0,27.0,264.36541748046875,-1.4997965073520505,0.7960154805906069,-3.6653219343093015,-3.0966191422002187,-1.95481394875697,0.042754160859852,-0.2886253056337143,2.602459344188841,0.0729225177993868,2.0490852440400094
30.0,27.0,241.72116088867188,-0.836191420389796,0.4999973603659167,-3.4796302570124045,-3.26966038691606,-1.392652055066675,0.465467878138518,-0.0977255983737381,2.407908416737019,0.2163960015534742,2.0238266829333265
30.0,27.0,207.5741577148437,-0.686965141996015,0.6133968297482193,-3.5462573106094832,-2.584725061092829,-1.407127749054816,0.7921407088901468,-0.0372440645726738,2.602195334414293,0.2127077341849965,2.004414567430152
30.0,27.0,248.2597045898437,-0.7130160797033014,0.6289607720408831,-3.444587279100257,-3.333428626271065,-2.5391640247345584,0.2161217831381211,-0.1334123147346632,2.388992340766104,0.265910291211543,2.028952185255275
30.0,27.0,375.8564147949219,-1.2659011413815189,0.7775844091675421,-2.559385632147716,-3.141965656182517,-2.213710362314522,0.5390625075423559,-0.1341977871421912,2.647673748460843,0.0898385542203018,1.2820644866713726
30.0,27.0,263.0406494140625,-1.2868303873634983,0.9952098691701532,-3.546650995821949,-3.291692242837229,-1.9373985017427784,-0.1535844034667546,-0.2796769726809223,2.5428472217186946,0.325330999931762,2.019106519932087
30.0,27.0,246.31724548339844,-1.4603042133801831,0.4911618847772646,-3.753224060299584,-2.4698469131390133,-1.3897881801329786,0.8977462104743827,0.0963063812025414,2.488616171628157,0.2917929007118993,2.0532702621381347
30.0,27.0,266.129638671875,-0.4435658185937297,0.5687850403720719,-3.5368251151720984,-2.6400677525441605,-1.536125385241705,0.491423951245441,-0.4017090745667593,2.4269284556358133,0.2753686601322537,1.8926741194186896
30.0,27.0,260.9286193847656,-0.6726098650232801,0.4973155065714555,-3.3326125453710858,-3.404137267293055,-1.9975082326322555,-0.8933783120435723,-0.1338469471701584,2.4434521708203074,0.2143900542633005,2.459969864849084
30.0,27.0,241.8267822265625,-0.7669578720657496,0.711420555910467,-3.023829169354464,-2.977494033558902,-1.7848998127827715,0.2160973725101599,-0.1266191860366815,2.5147218700725347,0.2675532762829481,2.067805623582084
30.0,27.0,265.7742919921875,-1.1122281882889598,0.4519523901211518,-3.4691491010926607,-3.341665177233496,-2.8411347218338387,0.6818623980726526,-0.2685839323619836,2.3896678589022486,0.4041998245688276,2.5510123019982647
30.0,27.0,228.5635528564453,-0.3549994854249461,0.7788695945608625,-3.749652683533876,-3.240048907229221,-1.6722480013993102,0.6090439695604581,-0.0698225043228019,2.513660514978988,0.2551167529867592,2.193944748143837
30.0,27.0,245.9429931640625,-0.8483266135729868,0.6453986865434707,-3.506552371550096,-3.271625883978806,-2.56814784519429,0.2147286641374462,-0.1436646083617611,2.4296898910346845,0.2413711030766583,2.371772908737178
30.0,27.0,302.9261474609375,-0.4917380535771341,0.6271886849604249,-3.857060620885521,-3.421775005577829,-2.8105454802769803,0.6506614186032018,-0.4259069159752354,2.5653435280492034,0.1886741106748641,2.006470997825576
30.0,27.0,220.66851806640625,-0.6123128784854797,0.5481261452213428,-3.232030519865346,-3.23580473785449,-1.639556017059631,0.6242798980386205,-0.1028969955257002,2.5301085731176585,0.2420621134440937,1.9462052945373312
30.0,27.0,236.92007446289065,-0.3965552823496558,0.5614268313483523,-3.3430945373991845,-3.118493832252228,-1.602178590152588,0.4658355618583252,-0.1562505761083447,2.615494916874577,0.206987642092157,1.9957778021382453
30.0,27.0,265.4642333984375,-0.5175126274109642,0.4478667701013641,-3.248484286755631,-2.9568525125410328,-2.4196695032782367,0.4756998465047823,-0.2103150709483107,2.7116334351079807,0.3330016271770545,2.2087271200697747
30.0,27.0,211.5782165527344,-0.616341034480048,0.6585589544153831,-3.8957539654690496,-2.4273420452695,-1.3229764044874746,0.7468199433156381,-0.1165702858605438,2.587473126094614,0.2035855040475715,2.040947202830515
30.0,27.0,279.5040283203125,-0.7627484561203124,0.1370991819918322,-2.990272126392232,-3.265699325712689,-2.9897724517942854,0.8729953535191665,0.0236641334124533,2.618758760875634,0.0349528972645836,1.2105546210480342
30.0,27.0,247.5511779785156,-0.6352449497512102,0.4944108103404063,-3.587756231797696,-2.828211488208829,-2.008453268316593,-0.5059632179991882,-0.166174683455977,2.5476070332525067,0.2020669584767385,1.8986928916711867
30.0,27.0,269.8694152832031,-0.6600106252146004,0.6688135931538084,-3.5471505534667105,-2.967230939448118,-2.3611370532133487,0.822821422801548,-0.0232943080718326,2.3569559024292137,0.1816548185783015,2.0087354784286755
30.0,27.0,266.25897216796875,-0.4388245548377008,0.6459065311733888,-3.778098880510924,-3.18257865190842,-2.267505808723637,-0.4295686358214284,-0.3813895270844219,2.607185452529022,0.2638134085590167,2.351814697673835
30.0,27.0,396.9966735839844,0.0590108293304574,0.7808495351156564,-3.175143372127864,-2.7030407233379723,-1.3237249173412071,0.5777428855408488,0.0168106269333506,2.2735603558604325,0.2172613137452884,1.4390454817537834
30.0,27.0,255.348876953125,-0.5616144892048547,0.7350818660080125,-3.08066831766345,-2.999806382187566,-2.2544748353585256,0.1373777977263488,-0.0937791109186987,2.684371907198651,0.2610418292969416,1.9314682250504625
30.0,27.0,497.7640075683594,-0.7673752482510402,0.6640423686523621,-3.435124449132454,-2.790751525572833,-0.755764298714481,0.9450868023588164,-0.2217290426402527,2.4926234029606884,-0.1154842068906876,2.071980491088354
30.0,27.0,265.1556396484375,-0.8273520487972693,0.9664707520662178,-3.741068664027011,-2.893808767395306,-2.1574683190267985,0.4929648473003967,-0.4025484528392854,2.2868354158695308,0.0299532673094928,1.3255028386906005
30.0,27.0,244.35633850097656,-0.4995642865272993,0.7797913665479483,-3.428157696480332,-3.422437540045962,-1.3315612772803471,0.6397326619040364,-0.041239131996404,2.519372089084023,0.2981705111373566,2.728823046364312
30.0,27.0,292.7175598144531,-0.8604335574225754,0.3048862805527244,-3.7765899616715655,-2.8288798328075746,-1.870121594496493,-0.4463734123356455,-0.1172124751165828,2.444594372432159,0.390996559676922,2.509169028976515
30.0,27.0,248.2855834960937,-0.770799003272738,0.4753827710612451,-3.433535942894001,-3.109739668051914,-2.4246479649296173,-0.1173976404518245,-0.4245061830428389,2.431571807945595,0.260741302209151,2.106431543141128
30.0,27.0,252.5151824951172,-1.1280511120121188,0.7063364813997923,-3.316997527740748,-3.248173669118144,-2.7306761009242444,0.7215271428870467,-0.1601293151896582,2.5138901424813844,0.4328678051759168,2.266829885758032
30.0,27.0,245.99302673339844,-0.7494604562313425,0.5827624451646062,-3.1978432976312727,-2.930434860001456,-2.589522757468941,0.4511330050359632,-0.2349149109541924,2.459352546895984,0.2558733024443547,1.86071018527782
30.0,27.0,225.8604431152344,-0.6800235686779046,0.5240445278346354,-3.688246817001056,-3.0673012753247453,-1.6632069831036351,0.5915873400534223,-0.1866510794114876,2.5907149817775057,0.2562124864379332,2.2678749523800468
30.0,27.0,270.5323181152344,-0.5868605065069143,0.3519496523077796,-3.105542286085491,-3.0300240676480845,-2.7090908886436083,0.4741864492009303,-0.2713641635924554,2.599332173485966,0.0130530100057127,1.1741640318290387
30.0,27.0,254.17898559570312,-0.8066331670219061,0.5523938191784252,-3.5999712467152927,-3.1148346834151104,-1.859535864920585,0.5030033376402547,0.041882517238716,2.7472643399446657,0.3698283136358836,1.9741842693152265
30.0,27.0,227.34295654296875,-0.4303130462535934,0.6096706816415851,-3.6982219468056527,-3.034995875184278,-1.4825248812718648,0.7252407011217336,-0.1020202810281051,2.5862083574027515,0.232157185076608,1.9105176327809648
30.0,27.0,219.23175048828125,-0.5851094261234875,0.6060308179258742,-3.217691583181184,-3.0922314476217663,-1.486956541887752,0.6288182269148228,-0.0604397122418463,2.636483581191797,0.217647153546841,2.083524493697726
30.0,27.0,214.44363403320312,-0.5803923523765426,0.7479896228381803,-3.2264089639306124,-2.9980928980145523,-1.6393261598146822,0.6080698179415325,-0.0776843074254867,2.6517557457338734,0.2097176421410653,1.951532901327788
30.0,27.0,270.5972900390625,-0.339195293637367,0.8682199056895401,-3.429359759109701,-2.8360077134138004,-2.288424774409026,0.351023781793731,-0.0313313341651759,2.7013817145445707,0.0884129040474424,1.90707765857914
30.0,27.0,227.75701904296875,-0.9792051486980742,0.6668289796043207,-3.226357363532365,-3.007240751307254,-2.456842984036727,0.4759042173200444,-0.0648306762697417,2.49157505107593,0.2590560882265491,2.1076353013395264
30.0,27.0,366.9557189941406,-1.3002765807472962,1.4051179217940453,-3.374456460719599,-3.1591672598576164,-2.320344317626514,0.2506716482556181,-0.1321946471456885,2.2784973461055387,0.4045410665633173,2.7601666746781808
30.0,27.0,373.06634521484375,-0.9311929563441632,0.6877389857315526,-3.3205780040041355,-3.5641801630706755,-1.260501494670068,0.4259518404832382,-0.5022296351076798,2.615834262809718,0.1400296869338607,2.602010306592337
30.0,27.0,267.404541015625,-0.2176805605218533,1.0380693301060613,-3.590882423083285,-3.305575645919899,-1.35378195535194,0.4229096087156889,-0.2609441368697187,2.625312538298536,0.2416451296081942,2.18286321441885
30.0,27.0,445.6804504394531,-0.3804855219893231,-0.1358250583492906,-2.787387022433333,-2.8537423951414933,-2.0500476469816484,0.1749585158203843,-0.1686932445074667,1.805583034712896,-0.1348184988642328,1.1474925096806872
30.0,27.0,212.53854370117188,-0.6652116657171865,0.5517910154077588,-3.487186870936479,-3.0353288935944893,-1.5616879649222075,0.5425118006464354,-0.1018203415964496,2.572296383580308,0.2315117338035235,1.963660786724124
30.0,28.0,214.22732543945312,-0.5709375357719852,0.6099977697356924,-3.140555826576952,-2.751540540879751,-1.5639863451240932,0.7150772700534826,-0.0298015949691891,2.517225884112829,0.2132561271602341,1.8995796105848937
30.0,28.0,215.49215698242188,-0.6909032197890999,0.7578473471421412,-3.298312528536455,-3.8960156550112552,-1.373024756915514,0.7588902828419445,-0.0341580954590716,2.6165666275983326,0.2025575615366581,1.8962632515297893
30.0,28.0,266.0086669921875,-0.8651988602160304,0.795838850913587,-3.725373039973909,-3.367153817545199,-2.5899729199514487,0.2127217260512958,-0.2711611491755846,2.4976140982215043,0.4393069268345422,2.535738525526165
30.0,28.0,231.33071899414065,-0.9637402566906244,0.7819190194431735,-3.641558078370809,-3.071793584746388,-2.101468127243004,0.6850139038634937,-0.097575426515873,2.575499221353199,0.2108800134717585,1.9216367504911285
30.0,28.0,228.95266723632807,-0.7660736156444726,0.6195263281905163,-3.393791914390041,-3.2500722213794107,-3.0555355669062645,0.7022524160995176,-0.0139071272731807,2.541455510324424,0.2156784578279879,2.0672366455773
30.0,28.0,244.41653442382807,-0.5913242681685091,0.611465257477454,-3.6010777376605203,-3.291579133031102,-2.566995100403568,0.8021014684387153,-0.0154819600107024,2.459915695206361,0.296803278282713,2.172565019149549
30.0,28.0,264.36541748046875,-1.4997965073520505,0.7960154805906069,-3.6653219343093015,-3.0966191422002187,-1.95481394875697,0.042754160859852,-0.2886253056337143,2.602459344188841,0.0729225177993868,2.0490852440400094
30.0,28.0,241.72116088867188,-0.836191420389796,0.4999973603659167,-3.4796302570124045,-3.26966038691606,-1.392652055066675,0.465467878138518,-0.0977255983737381,2.407908416737019,0.2163960015534742,2.0238266829333265
30.0,28.0,207.5741577148437,-0.686965141996015,0.6133968297482193,-3.5462573106094832,-2.584725061092829,-1.407127749054816,0.7921407088901468,-0.0372440645726738,2.602195334414293,0.2127077341849965,2.004414567430152
30.0,28.0,217.80987548828125,-0.7399219093249991,0.6265199654248446,-3.3812386568411683,-3.115740592719888,-2.4970438835882924,0.4187495791001843,-0.1164287251613381,2.541142812644273,0.2703581298861386,2.0687642066891287
30.0,28.0,375.8564147949219,-1.2659011413815189,0.7775844091675421,-2.559385632147716,-3.141965656182517,-2.213710362314522,0.5390625075423559,-0.1341977871421912,2.647673748460843,0.0898385542203018,1.2820644866713726
30.0,28.0,263.0406494140625,-1.2868303873634983,0.9952098691701532,-3.546650995821949,-3.291692242837229,-1.9373985017427784,-0.1535844034667546,-0.2796769726809223,2.5428472217186946,0.325330999931762,2.019106519932087
30.0,28.0,244.4027404785156,-1.4685250517230095,0.6088705291205184,-3.6463576713199495,-2.544881728925102,-1.6474228560157762,0.7594579174993055,-0.074961652832359,2.4504308881310526,0.2235923012688416,2.056703348257138
30.0,28.0,266.129638671875,-0.4435658185937297,0.5687850403720719,-3.5368251151720984,-2.6400677525441605,-1.536125385241705,0.491423951245441,-0.4017090745667593,2.4269284556358133,0.2753686601322537,1.8926741194186896
30.0,28.0,256.0018615722656,-0.6691380635419755,0.5827469437519147,-3.3790136906392485,-2.798258925925,-1.1114910743566462,0.854893571052213,-0.0112353143995043,2.4149559974209645,0.2105522727190908,2.2935689610566943
30.0,28.0,241.8267822265625,-0.7669578720657496,0.711420555910467,-3.023829169354464,-2.977494033558902,-1.7848998127827715,0.2160973725101599,-0.1266191860366815,2.5147218700725347,0.2675532762829481,2.067805623582084
30.0,28.0,265.7742919921875,-1.1122281882889598,0.4519523901211518,-3.4691491010926607,-3.341665177233496,-2.8411347218338387,0.6818623980726526,-0.2685839323619836,2.3896678589022486,0.4041998245688276,2.5510123019982647
30.0,28.0,228.5635528564453,-0.3549994854249461,0.7788695945608625,-3.749652683533876,-3.240048907229221,-1.6722480013993102,0.6090439695604581,-0.0698225043228019,2.513660514978988,0.2551167529867592,2.193944748143837
30.0,28.0,245.9429931640625,-0.8483266135729868,0.6453986865434707,-3.506552371550096,-3.271625883978806,-2.56814784519429,0.2147286641374462,-0.1436646083617611,2.4296898910346845,0.2413711030766583,2.371772908737178
30.0,28.0,302.9261474609375,-0.4917380535771341,0.6271886849604249,-3.857060620885521,-3.421775005577829,-2.8105454802769803,0.6506614186032018,-0.4259069159752354,2.5653435280492034,0.1886741106748641,2.006470997825576
30.0,28.0,220.66851806640625,-0.6123128784854797,0.5481261452213428,-3.232030519865346,-3.23580473785449,-1.639556017059631,0.6242798980386205,-0.1028969955257002,2.5301085731176585,0.2420621134440937,1.9462052945373312
30.0,28.0,236.92007446289065,-0.3965552823496558,0.5614268313483523,-3.3430945373991845,-3.118493832252228,-1.602178590152588,0.4658355618583252,-0.1562505761083447,2.615494916874577,0.206987642092157,1.9957778021382453
30.0,28.0,265.4642333984375,-0.5175126274109642,0.4478667701013641,-3.248484286755631,-2.9568525125410328,-2.4196695032782367,0.4756998465047823,-0.2103150709483107,2.7116334351079807,0.3330016271770545,2.2087271200697747
30.0,28.0,211.5782165527344,-0.616341034480048,0.6585589544153831,-3.8957539654690496,-2.4273420452695,-1.3229764044874746,0.7468199433156381,-0.1165702858605438,2.587473126094614,0.2035855040475715,2.040947202830515
30.0,28.0,279.5040283203125,-0.7627484561203124,0.1370991819918322,-2.990272126392232,-3.265699325712689,-2.9897724517942854,0.8729953535191665,0.0236641334124533,2.618758760875634,0.0349528972645836,1.2105546210480342
30.0,28.0,247.5511779785156,-0.6352449497512102,0.4944108103404063,-3.587756231797696,-2.828211488208829,-2.008453268316593,-0.5059632179991882,-0.166174683455977,2.5476070332525067,0.2020669584767385,1.8986928916711867
30.0,28.0,217.8655548095703,-0.734693200094301,0.5642334044448005,-3.6560295796871207,-2.4472103512507903,-1.4013636958479254,0.7804305287007681,-0.0228572444474311,2.592150929742849,0.1407959987536736,1.97449630511701
30.0,28.0,266.25897216796875,-0.4388245548377008,0.6459065311733888,-3.778098880510924,-3.18257865190842,-2.267505808723637,-0.4295686358214284,-0.3813895270844219,2.607185452529022,0.2638134085590167,2.351814697673835
30.0,28.0,396.9966735839844,0.0590108293304574,0.7808495351156564,-3.175143372127864,-2.7030407233379723,-1.3237249173412071,0.5777428855408488,0.0168106269333506,2.2735603558604325,0.2172613137452884,1.4390454817537834
30.0,28.0,255.348876953125,-0.5616144892048547,0.7350818660080125,-3.08066831766345,-2.999806382187566,-2.2544748353585256,0.1373777977263488,-0.0937791109186987,2.684371907198651,0.2610418292969416,1.9314682250504625
30.0,28.0,250.72154235839844,-0.5254240510808237,0.6197722004191626,-3.74352935825037,-2.29312280673766,-1.2331151661307007,0.7086925799825134,-0.1066809192934282,2.3832987015403733,0.2771332786028108,2.043192869632322
30.0,28.0,265.1556396484375,-0.8273520487972693,0.9664707520662178,-3.741068664027011,-2.893808767395306,-2.1574683190267985,0.4929648473003967,-0.4025484528392854,2.2868354158695308,0.0299532673094928,1.3255028386906005
30.0,28.0,222.7979736328125,-0.442732262413825,0.8690237858668566,-3.591566050933263,-2.475968233429029,-1.292565001219887,0.8696476213143532,-0.0274287940678758,2.538533767897868,0.2222450154248834,1.6931619466018952
30.0,28.0,292.7175598144531,-0.8604335574225754,0.3048862805527244,-3.7765899616715655,-2.8288798328075746,-1.870121594496493,-0.4463734123356455,-0.1172124751165828,2.444594372432159,0.390996559676922,2.509169028976515
30.0,28.0,248.2855834960937,-0.770799003272738,0.4753827710612451,-3.433535942894001,-3.109739668051914,-2.4246479649296173,-0.1173976404518245,-0.4245061830428389,2.431571807945595,0.260741302209151,2.106431543141128
30.0,28.0,232.78060913085932,-0.8283419063932651,0.6842128326084767,-3.1563936591149298,-3.225259296109024,-1.5442785778956911,0.836275295399031,0.0999911582022126,2.562898300054896,0.3426787071074906,2.365347476191777
30.0,28.0,245.99302673339844,-0.7494604562313425,0.5827624451646062,-3.1978432976312727,-2.930434860001456,-2.589522757468941,0.4511330050359632,-0.2349149109541924,2.459352546895984,0.2558733024443547,1.86071018527782
30.0,28.0,225.8604431152344,-0.6800235686779046,0.5240445278346354,-3.688246817001056,-3.0673012753247453,-1.6632069831036351,0.5915873400534223,-0.1866510794114876,2.5907149817775057,0.2562124864379332,2.2678749523800468
30.0,28.0,270.5323181152344,-0.5868605065069143,0.3519496523077796,-3.105542286085491,-3.0300240676480845,-2.7090908886436083,0.4741864492009303,-0.2713641635924554,2.599332173485966,0.0130530100057127,1.1741640318290387
30.0,28.0,241.57858276367188,-0.5036680527706593,0.6574959829780911,-3.625965864306637,-3.150071231791413,-1.5524822365436413,0.5744168012814763,0.0871678274447724,2.4603129006340856,0.2365726612027504,1.9707744285958904
30.0,28.0,227.34295654296875,-0.4303130462535934,0.6096706816415851,-3.6982219468056527,-3.034995875184278,-1.4825248812718648,0.7252407011217336,-0.1020202810281051,2.5862083574027515,0.232157185076608,1.9105176327809648
30.0,28.0,219.23175048828125,-0.5851094261234875,0.6060308179258742,-3.217691583181184,-3.0922314476217663,-1.486956541887752,0.6288182269148228,-0.0604397122418463,2.636483581191797,0.217647153546841,2.083524493697726
30.0,28.0,214.44363403320312,-0.5803923523765426,0.7479896228381803,-3.2264089639306124,-2.9980928980145523,-1.6393261598146822,0.6080698179415325,-0.0776843074254867,2.6517557457338734,0.2097176421410653,1.951532901327788
30.0,28.0,270.5972900390625,-0.339195293637367,0.8682199056895401,-3.429359759109701,-2.8360077134138004,-2.288424774409026,0.351023781793731,-0.0313313341651759,2.7013817145445707,0.0884129040474424,1.90707765857914
30.0,28.0,227.75701904296875,-0.9792051486980742,0.6668289796043207,-3.226357363532365,-3.007240751307254,-2.456842984036727,0.4759042173200444,-0.0648306762697417,2.49157505107593,0.2590560882265491,2.1076353013395264
30.0,28.0,366.9557189941406,-1.3002765807472962,1.4051179217940453,-3.374456460719599,-3.1591672598576164,-2.320344317626514,0.2506716482556181,-0.1321946471456885,2.2784973461055387,0.4045410665633173,2.7601666746781808
30.0,28.0,373.06634521484375,-0.9311929563441632,0.6877389857315526,-3.3205780040041355,-3.5641801630706755,-1.260501494670068,0.4259518404832382,-0.5022296351076798,2.615834262809718,0.1400296869338607,2.602010306592337
30.0,28.0,267.404541015625,-0.2176805605218533,1.0380693301060613,-3.590882423083285,-3.305575645919899,-1.35378195535194,0.4229096087156889,-0.2609441368697187,2.625312538298536,0.2416451296081942,2.18286321441885
30.0,28.0,445.6804504394531,-0.3804855219893231,-0.1358250583492906,-2.787387022433333,-2.8537423951414933,-2.0500476469816484,0.1749585158203843,-0.1686932445074667,1.805583034712896,-0.1348184988642328,1.1474925096806872
30.0,28.0,212.53854370117188,-0.6652116657171865,0.5517910154077588,-3.487186870936479,-3.0353288935944893,-1.5616879649222075,0.5425118006464354,-0.1018203415964496,2.572296383580308,0.2315117338035235,1.963660786724124
30.0,29.0,214.22732543945312,-0.5709375357719852,0.6099977697356924,-3.140555826576952,-2.751540540879751,-1.5639863451240932,0.7150772700534826,-0.0298015949691891,2.517225884112829,0.2132561271602341,1.8995796105848937
30.0,29.0,215.49215698242188,-0.6909032197890999,0.7578473471421412,-3.298312528536455,-3.8960156550112552,-1.373024756915514,0.7588902828419445,-0.0341580954590716,2.6165666275983326,0.2025575615366581,1.8962632515297893
30.0,29.0,266.0086669921875,-0.8651988602160304,0.795838850913587,-3.725373039973909,-3.367153817545199,-2.5899729199514487,0.2127217260512958,-0.2711611491755846,2.4976140982215043,0.4393069268345422,2.535738525526165
30.0,29.0,228.1195373535156,-0.5485506190749521,0.695233312286615,-3.571480095374729,-2.6134550019886724,-1.1353035965596128,0.7262067412338606,-0.0980209880032982,2.575453714364196,0.2158209651802363,2.175597556332701
30.0,29.0,228.95266723632807,-0.7660736156444726,0.6195263281905163,-3.393791914390041,-3.2500722213794107,-3.0555355669062645,0.7022524160995176,-0.0139071272731807,2.541455510324424,0.2156784578279879,2.0672366455773
30.0,29.0,227.0574951171875,-0.653494605871697,0.6096034138921268,-3.735189264425909,-3.265929730502364,-1.5208969214212162,0.7332083007371595,-0.0483612150746471,2.64426661583119,0.2059319841664234,2.178271355550065
30.0,29.0,264.36541748046875,-1.4997965073520505,0.7960154805906069,-3.6653219343093015,-3.0966191422002187,-1.95481394875697,0.042754160859852,-0.2886253056337143,2.602459344188841,0.0729225177993868,2.0490852440400094
30.0,29.0,241.72116088867188,-0.836191420389796,0.4999973603659167,-3.4796302570124045,-3.26966038691606,-1.392652055066675,0.465467878138518,-0.0977255983737381,2.407908416737019,0.2163960015534742,2.0238266829333265
30.0,29.0,207.5741577148437,-0.686965141996015,0.6133968297482193,-3.5462573106094832,-2.584725061092829,-1.407127749054816,0.7921407088901468,-0.0372440645726738,2.602195334414293,0.2127077341849965,2.004414567430152
30.0,29.0,217.80987548828125,-0.7399219093249991,0.6265199654248446,-3.3812386568411683,-3.115740592719888,-2.4970438835882924,0.4187495791001843,-0.1164287251613381,2.541142812644273,0.2703581298861386,2.0687642066891287
30.0,29.0,375.8564147949219,-1.2659011413815189,0.7775844091675421,-2.559385632147716,-3.141965656182517,-2.213710362314522,0.5390625075423559,-0.1341977871421912,2.647673748460843,0.0898385542203018,1.2820644866713726
30.0,29.0,263.0406494140625,-1.2868303873634983,0.9952098691701532,-3.546650995821949,-3.291692242837229,-1.9373985017427784,-0.1535844034667546,-0.2796769726809223,2.5428472217186946,0.325330999931762,2.019106519932087
30.0,29.0,244.4027404785156,-1.4685250517230095,0.6088705291205184,-3.6463576713199495,-2.544881728925102,-1.6474228560157762,0.7594579174993055,-0.074961652832359,2.4504308881310526,0.2235923012688416,2.056703348257138
30.0,29.0,266.129638671875,-0.4435658185937297,0.5687850403720719,-3.5368251151720984,-2.6400677525441605,-1.536125385241705,0.491423951245441,-0.4017090745667593,2.4269284556358133,0.2753686601322537,1.8926741194186896
30.0,29.0,256.0018615722656,-0.6691380635419755,0.5827469437519147,-3.3790136906392485,-2.798258925925,-1.1114910743566462,0.854893571052213,-0.0112353143995043,2.4149559974209645,0.2105522727190908,2.2935689610566943
30.0,29.0,241.8267822265625,-0.7669578720657496,0.711420555910467,-3.023829169354464,-2.977494033558902,-1.7848998127827715,0.2160973725101599,-0.1266191860366815,2.5147218700725347,0.2675532762829481,2.067805623582084
30.0,29.0,265.7742919921875,-1.1122281882889598,0.4519523901211518,-3.4691491010926607,-3.341665177233496,-2.8411347218338387,0.6818623980726526,-0.2685839323619836,2.3896678589022486,0.4041998245688276,2.5510123019982647
30.0,29.0,228.5635528564453,-0.3549994854249461,0.7788695945608625,-3.749652683533876,-3.240048907229221,-1.6722480013993102,0.6090439695604581,-0.0698225043228019,2.513660514978988,0.2551167529867592,2.193944748143837
30.0,29.0,245.9429931640625,-0.8483266135729868,0.6453986865434707,-3.506552371550096,-3.271625883978806,-2.56814784519429,0.2147286641374462,-0.1436646083617611,2.4296898910346845,0.2413711030766583,2.371772908737178
30.0,29.0,234.42823791503903,-0.685100499356709,0.3774153368532247,-3.569230557811632,-2.8025344937597527,-1.226955896836018,0.6600563260852125,-0.0763315672953608,2.589323569600523,0.2254126040108639,2.003922835265111
30.0,29.0,220.66851806640625,-0.6123128784854797,0.5481261452213428,-3.232030519865346,-3.23580473785449,-1.639556017059631,0.6242798980386205,-0.1028969955257002,2.5301085731176585,0.2420621134440937,1.9462052945373312
30.0,29.0,236.92007446289065,-0.3965552823496558,0.5614268313483523,-3.3430945373991845,-3.118493832252228,-1.602178590152588,0.4658355618583252,-0.1562505761083447,2.615494916874577,0.206987642092157,1.9957778021382453
30.0,29.0,265.4642333984375,-0.5175126274109642,0.4478667701013641,-3.248484286755631,-2.9568525125410328,-2.4196695032782367,0.4756998465047823,-0.2103150709483107,2.7116334351079807,0.3330016271770545,2.2087271200697747
30.0,29.0,211.5782165527344,-0.616341034480048,0.6585589544153831,-3.8957539654690496,-2.4273420452695,-1.3229764044874746,0.7468199433156381,-0.1165702858605438,2.587473126094614,0.2035855040475715,2.040947202830515
30.0,29.0,279.5040283203125,-0.7627484561203124,0.1370991819918322,-2.990272126392232,-3.265699325712689,-2.9897724517942854,0.8729953535191665,0.0236641334124533,2.618758760875634,0.0349528972645836,1.2105546210480342
30.0,29.0,247.5511779785156,-0.6352449497512102,0.4944108103404063,-3.587756231797696,-2.828211488208829,-2.008453268316593,-0.5059632179991882,-0.166174683455977,2.5476070332525067,0.2020669584767385,1.8986928916711867
30.0,29.0,217.8655548095703,-0.734693200094301,0.5642334044448005,-3.6560295796871207,-2.4472103512507903,-1.4013636958479254,0.7804305287007681,-0.0228572444474311,2.592150929742849,0.1407959987536736,1.97449630511701
30.0,29.0,240.7447204589844,-0.5655983374473725,0.7481076196874534,-3.536910410691028,-3.3742484021430093,-1.9114091299321103,-0.8669348676268276,-0.2076741336850478,2.599346589119341,0.2217033270048344,2.095371260731988
30.0,29.0,301.63330078125,-1.2198563099814637,0.902466662255744,-3.337935741415217,-2.851344192269763,-1.499172968486697,0.5132428018172562,-0.2843331096879207,2.3228783181170742,0.2153766349755855,1.2131596568187335
30.0,29.0,255.348876953125,-0.5616144892048547,0.7350818660080125,-3.08066831766345,-2.999806382187566,-2.2544748353585256,0.1373777977263488,-0.0937791109186987,2.684371907198651,0.2610418292969416,1.9314682250504625
30.0,29.0,250.72154235839844,-0.5254240510808237,0.6197722004191626,-3.74352935825037,-2.29312280673766,-1.2331151661307007,0.7086925799825134,-0.1066809192934282,2.3832987015403733,0.2771332786028108,2.043192869632322
30.0,29.0,265.1556396484375,-0.8273520487972693,0.9664707520662178,-3.741068664027011,-2.893808767395306,-2.1574683190267985,0.4929648473003967,-0.4025484528392854,2.2868354158695308,0.0299532673094928,1.3255028386906005
30.0,29.0,222.7979736328125,-0.442732262413825,0.8690237858668566,-3.591566050933263,-2.475968233429029,-1.292565001219887,0.8696476213143532,-0.0274287940678758,2.538533767897868,0.2222450154248834,1.6931619466018952
30.0,29.0,292.7175598144531,-0.8604335574225754,0.3048862805527244,-3.7765899616715655,-2.8288798328075746,-1.870121594496493,-0.4463734123356455,-0.1172124751165828,2.444594372432159,0.390996559676922,2.509169028976515
30.0,29.0,248.2855834960937,-0.770799003272738,0.4753827710612451,-3.433535942894001,-3.109739668051914,-2.4246479649296173,-0.1173976404518245,-0.4245061830428389,2.431571807945595,0.260741302209151,2.106431543141128
30.0,29.0,227.15000915527344,-0.591857542538301,0.6427558037952538,-3.5987744855578336,-3.056862785846088,-1.6040564669985276,0.6966470590396683,0.1052004395186233,2.6260019330921103,0.1401434846984538,2.05769365386993
30.0,29.0,245.99302673339844,-0.7494604562313425,0.5827624451646062,-3.1978432976312727,-2.930434860001456,-2.589522757468941,0.4511330050359632,-0.2349149109541924,2.459352546895984,0.2558733024443547,1.86071018527782
30.0,29.0,213.39453125,-0.677454921797442,0.5239078157027569,-3.6255810010738143,-2.855743792855663,-1.399999879801493,0.66407102189409,0.0366740582308147,2.589056390536872,0.292458637979307,2.1745045146165745
30.0,29.0,270.5323181152344,-0.5868605065069143,0.3519496523077796,-3.105542286085491,-3.0300240676480845,-2.7090908886436083,0.4741864492009303,-0.2713641635924554,2.599332173485966,0.0130530100057127,1.1741640318290387
30.0,29.0,241.57858276367188,-0.5036680527706593,0.6574959829780911,-3.625965864306637,-3.150071231791413,-1.5524822365436413,0.5744168012814763,0.0871678274447724,2.4603129006340856,0.2365726612027504,1.9707744285958904
30.0,29.0,227.34295654296875,-0.4303130462535934,0.6096706816415851,-3.6982219468056527,-3.034995875184278,-1.4825248812718648,0.7252407011217336,-0.1020202810281051,2.5862083574027515,0.232157185076608,1.9105176327809648
30.0,29.0,219.23175048828125,-0.5851094261234875,0.6060308179258742,-3.217691583181184,-3.0922314476217663,-1.486956541887752,0.6288182269148228,-0.0604397122418463,2.636483581191797,0.217647153546841,2.083524493697726
30.0,29.0,214.34109497070312,-0.5967766658984333,0.7408179573152065,-3.3750268224113342,-3.111173421875938,-1.5262009989017522,0.5401588690669812,-0.0420826972431191,2.639623460605059,0.213629264766406,1.902326843293
30.0,29.0,270.5972900390625,-0.339195293637367,0.8682199056895401,-3.429359759109701,-2.8360077134138004,-2.288424774409026,0.351023781793731,-0.0313313341651759,2.7013817145445707,0.0884129040474424,1.90707765857914
30.0,29.0,227.75701904296875,-0.9792051486980742,0.6668289796043207,-3.226357363532365,-3.007240751307254,-2.456842984036727,0.4759042173200444,-0.0648306762697417,2.49157505107593,0.2590560882265491,2.1076353013395264
30.0,29.0,366.9557189941406,-1.3002765807472962,1.4051179217940453,-3.374456460719599,-3.1591672598576164,-2.320344317626514,0.2506716482556181,-0.1321946471456885,2.2784973461055387,0.4045410665633173,2.7601666746781808
30.0,29.0,373.06634521484375,-0.9311929563441632,0.6877389857315526,-3.3205780040041355,-3.5641801630706755,-1.260501494670068,0.4259518404832382,-0.5022296351076798,2.615834262809718,0.1400296869338607,2.602010306592337
30.0,29.0,267.404541015625,-0.2176805605218533,1.0380693301060613,-3.590882423083285,-3.305575645919899,-1.35378195535194,0.4229096087156889,-0.2609441368697187,2.625312538298536,0.2416451296081942,2.18286321441885
30.0,29.0,445.6804504394531,-0.3804855219893231,-0.1358250583492906,-2.787387022433333,-2.8537423951414933,-2.0500476469816484,0.1749585158203843,-0.1686932445074667,1.805583034712896,-0.1348184988642328,1.1474925096806872
30.0,29.0,212.53854370117188,-0.6652116657171865,0.5517910154077588,-3.487186870936479,-3.0353288935944893,-1.5616879649222075,0.5425118006464354,-0.1018203415964496,2.572296383580308,0.2315117338035235,1.963660786724124
30.0,30.0,214.22732543945312,-0.5709375357719852,0.6099977697356924,-3.140555826576952,-2.751540540879751,-1.5639863451240932,0.7150772700534826,-0.0298015949691891,2.517225884112829,0.2132561271602341,1.8995796105848937
30.0,30.0,215.49215698242188,-0.6909032197890999,0.7578473471421412,-3.298312528536455,-3.8960156550112552,-1.373024756915514,0.7588902828419445,-0.0341580954590716,2.6165666275983326,0.2025575615366581,1.8962632515297893
30.0,30.0,266.0086669921875,-0.8651988602160304,0.795838850913587,-3.725373039973909,-3.367153817545199,-2.5899729199514487,0.2127217260512958,-0.2711611491755846,2.4976140982215043,0.4393069268345422,2.535738525526165
30.0,30.0,228.1195373535156,-0.5485506190749521,0.695233312286615,-3.571480095374729,-2.6134550019886724,-1.1353035965596128,0.7262067412338606,-0.0980209880032982,2.575453714364196,0.2158209651802363,2.175597556332701
30.0,30.0,228.95266723632807,-0.7660736156444726,0.6195263281905163,-3.393791914390041,-3.2500722213794107,-3.0555355669062645,0.7022524160995176,-0.0139071272731807,2.541455510324424,0.2156784578279879,2.0672366455773
30.0,30.0,218.3406982421875,-0.57976242384689,0.608275289158796,-3.7884456935763,-2.787155828950377,-1.3436766095515489,0.7143712574286206,-0.0403537190561652,2.6252880805980707,0.1852068305168782,2.121654777940545
30.0,30.0,264.36541748046875,-1.4997965073520505,0.7960154805906069,-3.6653219343093015,-3.0966191422002187,-1.95481394875697,0.042754160859852,-0.2886253056337143,2.602459344188841,0.0729225177993868,2.0490852440400094
30.0,30.0,241.72116088867188,-0.836191420389796,0.4999973603659167,-3.4796302570124045,-3.26966038691606,-1.392652055066675,0.465467878138518,-0.0977255983737381,2.407908416737019,0.2163960015534742,2.0238266829333265
30.0,30.0,207.5741577148437,-0.686965141996015,0.6133968297482193,-3.5462573106094832,-2.584725061092829,-1.407127749054816,0.7921407088901468,-0.0372440645726738,2.602195334414293,0.2127077341849965,2.004414567430152
30.0,30.0,217.80987548828125,-0.7399219093249991,0.6265199654248446,-3.3812386568411683,-3.115740592719888,-2.4970438835882924,0.4187495791001843,-0.1164287251613381,2.541142812644273,0.2703581298861386,2.0687642066891287
30.0,30.0,286.679931640625,-1.351456308836811,1.2084648294433395,-2.693007023361755,-2.955540540590349,-2.5757144026118044,0.7986278750976168,-0.0466480658428411,2.4762312342479387,0.1964744650925379,2.021275499902843
30.0,30.0,263.0406494140625,-1.2868303873634983,0.9952098691701532,-3.546650995821949,-3.291692242837229,-1.9373985017427784,-0.1535844034667546,-0.2796769726809223,2.5428472217186946,0.325330999931762,2.019106519932087
30.0,30.0,244.4027404785156,-1.4685250517230095,0.6088705291205184,-3.6463576713199495,-2.544881728925102,-1.6474228560157762,0.7594579174993055,-0.074961652832359,2.4504308881310526,0.2235923012688416,2.056703348257138
30.0,30.0,266.129638671875,-0.4435658185937297,0.5687850403720719,-3.5368251151720984,-2.6400677525441605,-1.536125385241705,0.491423951245441,-0.4017090745667593,2.4269284556358133,0.2753686601322537,1.8926741194186896
30.0,30.0,256.0018615722656,-0.6691380635419755,0.5827469437519147,-3.3790136906392485,-2.798258925925,-1.1114910743566462,0.854893571052213,-0.0112353143995043,2.4149559974209645,0.2105522727190908,2.2935689610566943
30.0,30.0,241.8267822265625,-0.7669578720657496,0.711420555910467,-3.023829169354464,-2.977494033558902,-1.7848998127827715,0.2160973725101599,-0.1266191860366815,2.5147218700725347,0.2675532762829481,2.067805623582084
30.0,30.0,265.7742919921875,-1.1122281882889598,0.4519523901211518,-3.4691491010926607,-3.341665177233496,-2.8411347218338387,0.6818623980726526,-0.2685839323619836,2.3896678589022486,0.4041998245688276,2.5510123019982647
30.0,30.0,228.5635528564453,-0.3549994854249461,0.7788695945608625,-3.749652683533876,-3.240048907229221,-1.6722480013993102,0.6090439695604581,-0.0698225043228019,2.513660514978988,0.2551167529867592,2.193944748143837
30.0,30.0,245.9429931640625,-0.8483266135729868,0.6453986865434707,-3.506552371550096,-3.271625883978806,-2.56814784519429,0.2147286641374462,-0.1436646083617611,2.4296898910346845,0.2413711030766583,2.371772908737178
30.0,30.0,234.42823791503903,-0.685100499356709,0.3774153368532247,-3.569230557811632,-2.8025344937597527,-1.226955896836018,0.6600563260852125,-0.0763315672953608,2.589323569600523,0.2254126040108639,2.003922835265111
30.0,30.0,220.66851806640625,-0.6123128784854797,0.5481261452213428,-3.232030519865346,-3.23580473785449,-1.639556017059631,0.6242798980386205,-0.1028969955257002,2.5301085731176585,0.2420621134440937,1.9462052945373312
30.0,30.0,222.5289306640625,-0.511542673158538,0.6108571614049959,-3.2901096426572467,-2.881567243567795,-1.4706958276750175,0.8087021362128171,-0.0847674889138501,2.62025056811978,0.2351378090154591,1.985130013700652
30.0,30.0,262.5444641113281,-0.5583588699161564,1.037793402671277,-3.606869462097874,-2.612954912707022,-1.5931111435738756,0.4914346095906416,-0.0440526167896579,2.615416155544103,0.086519711498254,2.1443912174774544
30.0,30.0,211.5782165527344,-0.616341034480048,0.6585589544153831,-3.8957539654690496,-2.4273420452695,-1.3229764044874746,0.7468199433156381,-0.1165702858605438,2.587473126094614,0.2035855040475715,2.040947202830515
30.0,30.0,240.5555419921875,-0.7688817929120586,0.9987198681569224,-3.1968977114857067,-3.6759411353930966,-1.4836674117918105,0.796091096281547,0.1169589605921438,2.565488299224888,0.0449966519068835,1.7799552473605913
30.0,30.0,247.5511779785156,-0.6352449497512102,0.4944108103404063,-3.587756231797696,-2.828211488208829,-2.008453268316593,-0.5059632179991882,-0.166174683455977,2.5476070332525067,0.2020669584767385,1.8986928916711867
30.0,30.0,217.8655548095703,-0.734693200094301,0.5642334044448005,-3.6560295796871207,-2.4472103512507903,-1.4013636958479254,0.7804305287007681,-0.0228572444474311,2.592150929742849,0.1407959987536736,1.97449630511701
30.0,30.0,240.7447204589844,-0.5655983374473725,0.7481076196874534,-3.536910410691028,-3.3742484021430093,-1.9114091299321103,-0.8669348676268276,-0.2076741336850478,2.599346589119341,0.2217033270048344,2.095371260731988
30.0,30.0,301.63330078125,-1.2198563099814637,0.902466662255744,-3.337935741415217,-2.851344192269763,-1.499172968486697,0.5132428018172562,-0.2843331096879207,2.3228783181170742,0.2153766349755855,1.2131596568187335
30.0,30.0,255.348876953125,-0.5616144892048547,0.7350818660080125,-3.08066831766345,-2.999806382187566,-2.2544748353585256,0.1373777977263488,-0.0937791109186987,2.684371907198651,0.2610418292969416,1.9314682250504625
30.0,30.0,250.72154235839844,-0.5254240510808237,0.6197722004191626,-3.74352935825037,-2.29312280673766,-1.2331151661307007,0.7086925799825134,-0.1066809192934282,2.3832987015403733,0.2771332786028108,2.043192869632322
30.0,30.0,265.1556396484375,-0.8273520487972693,0.9664707520662178,-3.741068664027011,-2.893808767395306,-2.1574683190267985,0.4929648473003967,-0.4025484528392854,2.2868354158695308,0.0299532673094928,1.3255028386906005
30.0,30.0,222.7979736328125,-0.442732262413825,0.8690237858668566,-3.591566050933263,-2.475968233429029,-1.292565001219887,0.8696476213143532,-0.0274287940678758,2.538533767897868,0.2222450154248834,1.6931619466018952
30.0,30.0,292.7175598144531,-0.8604335574225754,0.3048862805527244,-3.7765899616715655,-2.8288798328075746,-1.870121594496493,-0.4463734123356455,-0.1172124751165828,2.444594372432159,0.390996559676922,2.509169028976515
30.0,30.0,248.2855834960937,-0.770799003272738,0.4753827710612451,-3.433535942894001,-3.109739668051914,-2.4246479649296173,-0.1173976404518245,-0.4245061830428389,2.431571807945595,0.260741302209151,2.106431543141128
30.0,30.0,227.15000915527344,-0.591857542538301,0.6427558037952538,-3.5987744855578336,-3.056862785846088,-1.6040564669985276,0.6966470590396683,0.1052004395186233,2.6260019330921103,0.1401434846984538,2.05769365386993
30.0,30.0,245.99302673339844,-0.7494604562313425,0.5827624451646062,-3.1978432976312727,-2.930434860001456,-2.589522757468941,0.4511330050359632,-0.2349149109541924,2.459352546895984,0.2558733024443547,1.86071018527782
30.0,30.0,213.39453125,-0.677454921797442,0.5239078157027569,-3.6255810010738143,-2.855743792855663,-1.399999879801493,0.66407102189409,0.0366740582308147,2.589056390536872,0.292458637979307,2.1745045146165745
30.0,30.0,270.5323181152344,-0.5868605065069143,0.3519496523077796,-3.105542286085491,-3.0300240676480845,-2.7090908886436083,0.4741864492009303,-0.2713641635924554,2.599332173485966,0.0130530100057127,1.1741640318290387
30.0,30.0,241.57858276367188,-0.5036680527706593,0.6574959829780911,-3.625965864306637,-3.150071231791413,-1.5524822365436413,0.5744168012814763,0.0871678274447724,2.4603129006340856,0.2365726612027504,1.9707744285958904
30.0,30.0,205.575927734375,-0.8160173862793221,0.5906195673798553,-3.5501247184478806,-2.9220737949502533,-1.5276746941164658,0.7254873283981647,-0.0189028447691116,2.5943872451814447,0.2168908645567235,1.9760531472632008
30.0,30.0,219.23175048828125,-0.5851094261234875,0.6060308179258742,-3.217691583181184,-3.0922314476217663,-1.486956541887752,0.6288182269148228,-0.0604397122418463,2.636483581191797,0.217647153546841,2.083524493697726
30.0,30.0,214.34109497070312,-0.5967766658984333,0.7408179573152065,-3.3750268224113342,-3.111173421875938,-1.5262009989017522,0.5401588690669812,-0.0420826972431191,2.639623460605059,0.213629264766406,1.902326843293
30.0,30.0,270.5972900390625,-0.339195293637367,0.8682199056895401,-3.429359759109701,-2.8360077134138004,-2.288424774409026,0.351023781793731,-0.0313313341651759,2.7013817145445707,0.0884129040474424,1.90707765857914
30.0,30.0,227.75701904296875,-0.9792051486980742,0.6668289796043207,-3.226357363532365,-3.007240751307254,-2.456842984036727,0.4759042173200444,-0.0648306762697417,2.49157505107593,0.2590560882265491,2.1076353013395264
30.0,30.0,366.9557189941406,-1.3002765807472962,1.4051179217940453,-3.374456460719599,-3.1591672598576164,-2.320344317626514,0.2506716482556181,-0.1321946471456885,2.2784973461055387,0.4045410665633173,2.7601666746781808
30.0,30.0,373.06634521484375,-0.9311929563441632,0.6877389857315526,-3.3205780040041355,-3.5641801630706755,-1.260501494670068,0.4259518404832382,-0.5022296351076798,2.615834262809718,0.1400296869338607,2.602010306592337
30.0,30.0,267.404541015625,-0.2176805605218533,1.0380693301060613,-3.590882423083285,-3.305575645919899,-1.35378195535194,0.4229096087156889,-0.2609441368697187,2.625312538298536,0.2416451296081942,2.18286321441885
30.0,30.0,445.6804504394531,-0.3804855219893231,-0.1358250583492906,-2.787387022433333,-2.8537423951414933,-2.0500476469816484,0.1749585158203843,-0.1686932445074667,1.805583034712896,-0.1348184988642328,1.1474925096806872
30.0,30.0,212.53854370117188,-0.6652116657171865,0.5517910154077588,-3.487186870936479,-3.0353288935944893,-1.5616879649222075,0.5425118006464354,-0.1018203415964496,2.572296383580308,0.2315117338035235,1.963660786724124
30.0,31.0,214.22732543945312,-0.5709375357719852,0.6099977697356924,-3.140555826576952,-2.751540540879751,-1.5639863451240932,0.7150772700534826,-0.0298015949691891,2.517225884112829,0.2132561271602341,1.8995796105848937
30.0,31.0,215.49215698242188,-0.6909032197890999,0.7578473471421412,-3.298312528536455,-3.8960156550112552,-1.373024756915514,0.7588902828419445,-0.0341580954590716,2.6165666275983326,0.2025575615366581,1.8962632515297893
30.0,31.0,266.0086669921875,-0.8651988602160304,0.795838850913587,-3.725373039973909,-3.367153817545199,-2.5899729199514487,0.2127217260512958,-0.2711611491755846,2.4976140982215043,0.4393069268345422,2.535738525526165
30.0,31.0,228.1195373535156,-0.5485506190749521,0.695233312286615,-3.571480095374729,-2.6134550019886724,-1.1353035965596128,0.7262067412338606,-0.0980209880032982,2.575453714364196,0.2158209651802363,2.175597556332701
30.0,31.0,226.68344116210932,-0.968755021073112,0.5691725128542865,-3.559968913437624,-3.0470550253462885,-2.9575184270615047,0.631689158905977,-0.0184805230934379,2.5642592649595866,0.1960525201107048,1.948781269628156
30.0,31.0,210.597900390625,-0.7318280979898318,0.5914188254323861,-3.762520632782585,-2.804645763324062,-1.5552501707621134,0.7108059977869721,-0.0339586683914871,2.6116724728224123,0.1882452260922728,1.9445701194337384
30.0,31.0,254.408447265625,-1.4830690322573743,0.7121773913496777,-3.726241373110556,-3.1591481454419075,-2.166346601958004,-0.3160067511517694,-0.0406544661493137,2.6321290898891414,0.2330449294692601,1.962363157963311
30.0,31.0,241.72116088867188,-0.836191420389796,0.4999973603659167,-3.4796302570124045,-3.26966038691606,-1.392652055066675,0.465467878138518,-0.0977255983737381,2.407908416737019,0.2163960015534742,2.0238266829333265
30.0,31.0,207.5741577148437,-0.686965141996015,0.6133968297482193,-3.5462573106094832,-2.584725061092829,-1.407127749054816,0.7921407088901468,-0.0372440645726738,2.602195334414293,0.2127077341849965,2.004414567430152
30.0,31.0,217.80987548828125,-0.7399219093249991,0.6265199654248446,-3.3812386568411683,-3.115740592719888,-2.4970438835882924,0.4187495791001843,-0.1164287251613381,2.541142812644273,0.2703581298861386,2.0687642066891287
30.0,31.0,286.679931640625,-1.351456308836811,1.2084648294433395,-2.693007023361755,-2.955540540590349,-2.5757144026118044,0.7986278750976168,-0.0466480658428411,2.4762312342479387,0.1964744650925379,2.021275499902843
30.0,31.0,263.0406494140625,-1.2868303873634983,0.9952098691701532,-3.546650995821949,-3.291692242837229,-1.9373985017427784,-0.1535844034667546,-0.2796769726809223,2.5428472217186946,0.325330999931762,2.019106519932087
30.0,31.0,244.4027404785156,-1.4685250517230095,0.6088705291205184,-3.6463576713199495,-2.544881728925102,-1.6474228560157762,0.7594579174993055,-0.074961652832359,2.4504308881310526,0.2235923012688416,2.056703348257138
30.0,31.0,256.174072265625,-0.7919309868174118,0.6266277659013972,-3.536931239633616,-2.894463850962582,-1.478626825949433,0.7885785331668098,-0.0442727327782503,2.3515091289034764,0.3490249906293673,2.6493712548140183
30.0,31.0,256.0018615722656,-0.6691380635419755,0.5827469437519147,-3.3790136906392485,-2.798258925925,-1.1114910743566462,0.854893571052213,-0.0112353143995043,2.4149559974209645,0.2105522727190908,2.2935689610566943
30.0,31.0,241.8267822265625,-0.7669578720657496,0.711420555910467,-3.023829169354464,-2.977494033558902,-1.7848998127827715,0.2160973725101599,-0.1266191860366815,2.5147218700725347,0.2675532762829481,2.067805623582084
30.0,31.0,220.53668212890625,-1.2171966783311097,0.4756538204269566,-3.473961005955754,-3.088961056374514,-1.704597891261704,0.4920041034137272,-0.0918239354140258,2.562499878329205,0.3992523830963432,2.654374933471221
30.0,31.0,228.5635528564453,-0.3549994854249461,0.7788695945608625,-3.749652683533876,-3.240048907229221,-1.6722480013993102,0.6090439695604581,-0.0698225043228019,2.513660514978988,0.2551167529867592,2.193944748143837
30.0,31.0,245.9429931640625,-0.8483266135729868,0.6453986865434707,-3.506552371550096,-3.271625883978806,-2.56814784519429,0.2147286641374462,-0.1436646083617611,2.4296898910346845,0.2413711030766583,2.371772908737178
30.0,31.0,220.6161956787109,-0.9503927517081534,0.677458880081766,-3.4985466721108613,-3.1419557166689587,-2.6450864950941537,0.7657276416976995,-0.0800017667336136,2.591298282155937,0.2318220931468717,1.9778696258291708
30.0,31.0,220.66851806640625,-0.6123128784854797,0.5481261452213428,-3.232030519865346,-3.23580473785449,-1.639556017059631,0.6242798980386205,-0.1028969955257002,2.5301085731176585,0.2420621134440937,1.9462052945373312
30.0,31.0,222.5289306640625,-0.511542673158538,0.6108571614049959,-3.2901096426572467,-2.881567243567795,-1.4706958276750175,0.8087021362128171,-0.0847674889138501,2.62025056811978,0.2351378090154591,1.985130013700652
30.0,31.0,251.013427734375,-0.7346260530592424,0.5055581607223174,-3.731423035164165,-2.988067430073389,-1.4257410140104598,0.4532885102884107,-0.0156624146804946,2.565076652028866,0.266728983755684,1.7646301762417855
30.0,31.0,211.5782165527344,-0.616341034480048,0.6585589544153831,-3.8957539654690496,-2.4273420452695,-1.3229764044874746,0.7468199433156381,-0.1165702858605438,2.587473126094614,0.2035855040475715,2.040947202830515
30.0,31.0,221.88970947265625,-0.8733808561961942,0.7155497606499783,-3.4752829285551643,-2.6918855767736227,-1.6924920666992729,0.5277219818285475,-0.1793077577776774,2.5807317062418846,0.1613975901443036,1.763843010464756
30.0,31.0,247.5511779785156,-0.6352449497512102,0.4944108103404063,-3.587756231797696,-2.828211488208829,-2.008453268316593,-0.5059632179991882,-0.166174683455977,2.5476070332525067,0.2020669584767385,1.8986928916711867
30.0,31.0,217.8655548095703,-0.734693200094301,0.5642334044448005,-3.6560295796871207,-2.4472103512507903,-1.4013636958479254,0.7804305287007681,-0.0228572444474311,2.592150929742849,0.1407959987536736,1.97449630511701
30.0,31.0,240.7447204589844,-0.5655983374473725,0.7481076196874534,-3.536910410691028,-3.3742484021430093,-1.9114091299321103,-0.8669348676268276,-0.2076741336850478,2.599346589119341,0.2217033270048344,2.095371260731988
30.0,31.0,291.2152099609375,-0.4925722241072047,0.979423402732359,-3.605525640219117,-3.1749731558961845,-1.915760572200272,0.5698221181835107,-0.0820334709090166,2.7895552300879123,0.2353030132978962,2.6257327440521387
30.0,31.0,246.86642456054688,-0.9397382794050816,0.444321978215822,-3.592133175105278,-3.1758492451955185,-1.7881077118314863,0.5701658009830611,0.0514782389659365,2.4254623917333142,0.2597666588085365,1.926173185455858
30.0,31.0,222.8968505859375,-0.7213960823044631,0.5806304284076427,-3.733651098160713,-2.971849710439142,-1.3911051490574542,0.7102129615651065,-0.106824358526392,2.610992674736998,0.1480263428872814,1.989460893705192
30.0,31.0,265.1556396484375,-0.8273520487972693,0.9664707520662178,-3.741068664027011,-2.893808767395306,-2.1574683190267985,0.4929648473003967,-0.4025484528392854,2.2868354158695308,0.0299532673094928,1.3255028386906005
30.0,31.0,222.7979736328125,-0.442732262413825,0.8690237858668566,-3.591566050933263,-2.475968233429029,-1.292565001219887,0.8696476213143532,-0.0274287940678758,2.538533767897868,0.2222450154248834,1.6931619466018952
30.0,31.0,292.7175598144531,-0.8604335574225754,0.3048862805527244,-3.7765899616715655,-2.8288798328075746,-1.870121594496493,-0.4463734123356455,-0.1172124751165828,2.444594372432159,0.390996559676922,2.509169028976515
30.0,31.0,248.2855834960937,-0.770799003272738,0.4753827710612451,-3.433535942894001,-3.109739668051914,-2.4246479649296173,-0.1173976404518245,-0.4245061830428389,2.431571807945595,0.260741302209151,2.106431543141128
30.0,31.0,227.15000915527344,-0.591857542538301,0.6427558037952538,-3.5987744855578336,-3.056862785846088,-1.6040564669985276,0.6966470590396683,0.1052004395186233,2.6260019330921103,0.1401434846984538,2.05769365386993
30.0,31.0,245.99302673339844,-0.7494604562313425,0.5827624451646062,-3.1978432976312727,-2.930434860001456,-2.589522757468941,0.4511330050359632,-0.2349149109541924,2.459352546895984,0.2558733024443547,1.86071018527782
30.0,31.0,213.39453125,-0.677454921797442,0.5239078157027569,-3.6255810010738143,-2.855743792855663,-1.399999879801493,0.66407102189409,0.0366740582308147,2.589056390536872,0.292458637979307,2.1745045146165745
30.0,31.0,270.5323181152344,-0.5868605065069143,0.3519496523077796,-3.105542286085491,-3.0300240676480845,-2.7090908886436083,0.4741864492009303,-0.2713641635924554,2.599332173485966,0.0130530100057127,1.1741640318290387
30.0,31.0,241.57858276367188,-0.5036680527706593,0.6574959829780911,-3.625965864306637,-3.150071231791413,-1.5524822365436413,0.5744168012814763,0.0871678274447724,2.4603129006340856,0.2365726612027504,1.9707744285958904
30.0,31.0,205.575927734375,-0.8160173862793221,0.5906195673798553,-3.5501247184478806,-2.9220737949502533,-1.5276746941164658,0.7254873283981647,-0.0189028447691116,2.5943872451814447,0.2168908645567235,1.9760531472632008
30.0,31.0,214.27700805664065,-0.7926290099841349,0.5888611264579239,-3.1839344507612948,-3.159832343935378,-1.554787868869594,0.6558291373388759,-0.0748700300360836,2.573387661691449,0.2163776374455482,2.028170992343864
30.0,31.0,212.951904296875,-1.030440648054012,0.84618139163151,-3.450210781527228,-2.645939251639005,-1.4430408695732355,0.6051046235523525,-0.001039482930241,2.5835825886955126,0.2194322236394508,1.977669828819916
30.0,31.0,270.5972900390625,-0.339195293637367,0.8682199056895401,-3.429359759109701,-2.8360077134138004,-2.288424774409026,0.351023781793731,-0.0313313341651759,2.7013817145445707,0.0884129040474424,1.90707765857914
30.0,31.0,227.75701904296875,-0.9792051486980742,0.6668289796043207,-3.226357363532365,-3.007240751307254,-2.456842984036727,0.4759042173200444,-0.0648306762697417,2.49157505107593,0.2590560882265491,2.1076353013395264
30.0,31.0,366.9557189941406,-1.3002765807472962,1.4051179217940453,-3.374456460719599,-3.1591672598576164,-2.320344317626514,0.2506716482556181,-0.1321946471456885,2.2784973461055387,0.4045410665633173,2.7601666746781808
30.0,31.0,332.7037048339844,-0.1381255509318004,0.5984484606946394,-3.5272534844105894,-3.636004049553888,-1.7755199560059989,0.2504537228198571,-0.2076046868992364,2.583006663492613,0.2400011353164958,1.454690011313262
30.0,31.0,267.404541015625,-0.2176805605218533,1.0380693301060613,-3.590882423083285,-3.305575645919899,-1.35378195535194,0.4229096087156889,-0.2609441368697187,2.625312538298536,0.2416451296081942,2.18286321441885
30.0,31.0,339.7362670898437,-0.4125733958051069,0.5995737200956488,-2.985393726071904,-2.95802608884714,-2.211496389255004,0.4136760011371452,-0.2012300951659356,2.044223854278078,0.0305728825821629,0.9001332117734286
30.0,31.0,212.53854370117188,-0.6652116657171865,0.5517910154077588,-3.487186870936479,-3.0353288935944893,-1.5616879649222075,0.5425118006464354,-0.1018203415964496,2.572296383580308,0.2315117338035235,1.963660786724124
30.0,32.0,214.22732543945312,-0.5709375357719852,0.6099977697356924,-3.140555826576952,-2.751540540879751,-1.5639863451240932,0.7150772700534826,-0.0298015949691891,2.517225884112829,0.2132561271602341,1.8995796105848937
30.0,32.0,210.58750915527344,-0.703398487859937,0.5436740464111831,-3.656869873380296,-2.797545504246152,-1.42009517261692,0.7314458323235206,-0.04632689584676,2.635803218812559,0.1887756529943705,1.8779722819861309
30.0,32.0,266.0086669921875,-0.8651988602160304,0.795838850913587,-3.725373039973909,-3.367153817545199,-2.5899729199514487,0.2127217260512958,-0.2711611491755846,2.4976140982215043,0.4393069268345422,2.535738525526165
30.0,32.0,228.1195373535156,-0.5485506190749521,0.695233312286615,-3.571480095374729,-2.6134550019886724,-1.1353035965596128,0.7262067412338606,-0.0980209880032982,2.575453714364196,0.2158209651802363,2.175597556332701
30.0,32.0,223.29660034179688,-0.8550075195664,0.561889368482036,-3.5481666525218225,-2.8684998960275374,-1.8119706320966176,0.7315842663908971,-0.0107875060578493,2.5596834291725106,0.2503543613908082,2.1683733637603244
30.0,32.0,210.597900390625,-0.7318280979898318,0.5914188254323861,-3.762520632782585,-2.804645763324062,-1.5552501707621134,0.7108059977869721,-0.0339586683914871,2.6116724728224123,0.1882452260922728,1.9445701194337384
30.0,32.0,254.408447265625,-1.4830690322573743,0.7121773913496777,-3.726241373110556,-3.1591481454419075,-2.166346601958004,-0.3160067511517694,-0.0406544661493137,2.6321290898891414,0.2330449294692601,1.962363157963311
30.0,32.0,241.72116088867188,-0.836191420389796,0.4999973603659167,-3.4796302570124045,-3.26966038691606,-1.392652055066675,0.465467878138518,-0.0977255983737381,2.407908416737019,0.2163960015534742,2.0238266829333265
30.0,32.0,207.5741577148437,-0.686965141996015,0.6133968297482193,-3.5462573106094832,-2.584725061092829,-1.407127749054816,0.7921407088901468,-0.0372440645726738,2.602195334414293,0.2127077341849965,2.004414567430152
30.0,32.0,217.80987548828125,-0.7399219093249991,0.6265199654248446,-3.3812386568411683,-3.115740592719888,-2.4970438835882924,0.4187495791001843,-0.1164287251613381,2.541142812644273,0.2703581298861386,2.0687642066891287
30.0,32.0,286.679931640625,-1.351456308836811,1.2084648294433395,-2.693007023361755,-2.955540540590349,-2.5757144026118044,0.7986278750976168,-0.0466480658428411,2.4762312342479387,0.1964744650925379,2.021275499902843
30.0,32.0,263.0406494140625,-1.2868303873634983,0.9952098691701532,-3.546650995821949,-3.291692242837229,-1.9373985017427784,-0.1535844034667546,-0.2796769726809223,2.5428472217186946,0.325330999931762,2.019106519932087
30.0,32.0,244.4027404785156,-1.4685250517230095,0.6088705291205184,-3.6463576713199495,-2.544881728925102,-1.6474228560157762,0.7594579174993055,-0.074961652832359,2.4504308881310526,0.2235923012688416,2.056703348257138
30.0,32.0,241.0422515869141,-0.9111024789305194,0.5650840904583557,-3.547639955885296,-3.198187243551395,-1.4922461878232665,0.8226567652435903,0.02790846883725,2.35723609103158,0.1701463921869215,1.961964936170817
30.0,32.0,256.0018615722656,-0.6691380635419755,0.5827469437519147,-3.3790136906392485,-2.798258925925,-1.1114910743566462,0.854893571052213,-0.0112353143995043,2.4149559974209645,0.2105522727190908,2.2935689610566943
30.0,32.0,241.8267822265625,-0.7669578720657496,0.711420555910467,-3.023829169354464,-2.977494033558902,-1.7848998127827715,0.2160973725101599,-0.1266191860366815,2.5147218700725347,0.2675532762829481,2.067805623582084
30.0,32.0,220.53668212890625,-1.2171966783311097,0.4756538204269566,-3.473961005955754,-3.088961056374514,-1.704597891261704,0.4920041034137272,-0.0918239354140258,2.562499878329205,0.3992523830963432,2.654374933471221
30.0,32.0,228.5635528564453,-0.3549994854249461,0.7788695945608625,-3.749652683533876,-3.240048907229221,-1.6722480013993102,0.6090439695604581,-0.0698225043228019,2.513660514978988,0.2551167529867592,2.193944748143837
30.0,32.0,245.9429931640625,-0.8483266135729868,0.6453986865434707,-3.506552371550096,-3.271625883978806,-2.56814784519429,0.2147286641374462,-0.1436646083617611,2.4296898910346845,0.2413711030766583,2.371772908737178
30.0,32.0,220.6161956787109,-0.9503927517081534,0.677458880081766,-3.4985466721108613,-3.1419557166689587,-2.6450864950941537,0.7657276416976995,-0.0800017667336136,2.591298282155937,0.2318220931468717,1.9778696258291708
30.0,32.0,209.95681762695312,-0.8546054761373488,0.5561256830121146,-3.5196763665523463,-2.9998356632825494,-1.6631055522139582,0.5872105304760162,-0.0307104087849592,2.588951662564981,0.2473229352094717,1.9606851088631445
30.0,32.0,212.41294860839844,-0.7623209163399609,0.6118770638418635,-3.403948784251659,-2.9994190280741977,-1.3265313259675118,0.7083121871536535,-0.0490436342039086,2.5877609330154026,0.1860569251992293,1.9730679215566207
30.0,32.0,240.922607421875,-0.8133760211847113,0.3344039809502883,-3.7102004396003214,-3.0393906060861022,-1.5474572775585356,0.633640407652983,-0.0110224126579863,2.565941865665092,0.3098668825835172,1.9129207514589308
30.0,32.0,205.0666046142578,-1.1845443985933988,0.700803757263604,-3.952121874349335,-2.4643146691599824,-1.274298511414923,0.7420774041366475,-0.0662084833539095,2.5733936463653886,0.2075128882354602,2.0449957298774586
30.0,32.0,221.88970947265625,-0.8733808561961942,0.7155497606499783,-3.4752829285551643,-2.6918855767736227,-1.6924920666992729,0.5277219818285475,-0.1793077577776774,2.5807317062418846,0.1613975901443036,1.763843010464756
30.0,32.0,247.5511779785156,-0.6352449497512102,0.4944108103404063,-3.587756231797696,-2.828211488208829,-2.008453268316593,-0.5059632179991882,-0.166174683455977,2.5476070332525067,0.2020669584767385,1.8986928916711867
30.0,32.0,217.8655548095703,-0.734693200094301,0.5642334044448005,-3.6560295796871207,-2.4472103512507903,-1.4013636958479254,0.7804305287007681,-0.0228572444474311,2.592150929742849,0.1407959987536736,1.97449630511701
30.0,32.0,240.0376892089844,-0.818985015422538,0.7325545795717203,-3.463958090524869,-3.1745869837099026,-1.9281247841715203,0.2058466922336207,-0.3766659363291286,2.6001316734345754,0.2265875295001577,2.1979228280822705
30.0,32.0,291.2152099609375,-0.4925722241072047,0.979423402732359,-3.605525640219117,-3.1749731558961845,-1.915760572200272,0.5698221181835107,-0.0820334709090166,2.7895552300879123,0.2353030132978962,2.6257327440521387
30.0,32.0,246.86642456054688,-0.9397382794050816,0.444321978215822,-3.592133175105278,-3.1758492451955185,-1.7881077118314863,0.5701658009830611,0.0514782389659365,2.4254623917333142,0.2597666588085365,1.926173185455858
30.0,32.0,216.61349487304688,-0.8742870949961354,0.56875095512006,-3.497064669960815,-3.0801609567100705,-1.5859277114682282,0.7236664129750331,0.078156620677614,2.5253211881971027,0.1505674014375079,1.9696697594908883
30.0,32.0,265.1556396484375,-0.8273520487972693,0.9664707520662178,-3.741068664027011,-2.893808767395306,-2.1574683190267985,0.4929648473003967,-0.4025484528392854,2.2868354158695308,0.0299532673094928,1.3255028386906005
30.0,32.0,222.7979736328125,-0.442732262413825,0.8690237858668566,-3.591566050933263,-2.475968233429029,-1.292565001219887,0.8696476213143532,-0.0274287940678758,2.538533767897868,0.2222450154248834,1.6931619466018952
30.0,32.0,292.7175598144531,-0.8604335574225754,0.3048862805527244,-3.7765899616715655,-2.8288798328075746,-1.870121594496493,-0.4463734123356455,-0.1172124751165828,2.444594372432159,0.390996559676922,2.509169028976515
30.0,32.0,248.2855834960937,-0.770799003272738,0.4753827710612451,-3.433535942894001,-3.109739668051914,-2.4246479649296173,-0.1173976404518245,-0.4245061830428389,2.431571807945595,0.260741302209151,2.106431543141128
30.0,32.0,223.1627655029297,-0.8985820546660013,0.6016829497122207,-3.411395380510474,-3.664917165476703,-1.3178500873651418,0.7560007663919874,0.1789006658911505,2.607908573691832,0.2340229240768573,1.9822286294627685
30.0,32.0,245.99302673339844,-0.7494604562313425,0.5827624451646062,-3.1978432976312727,-2.930434860001456,-2.589522757468941,0.4511330050359632,-0.2349149109541924,2.459352546895984,0.2558733024443547,1.86071018527782
30.0,32.0,213.39453125,-0.677454921797442,0.5239078157027569,-3.6255810010738143,-2.855743792855663,-1.399999879801493,0.66407102189409,0.0366740582308147,2.589056390536872,0.292458637979307,2.1745045146165745
30.0,32.0,270.5323181152344,-0.5868605065069143,0.3519496523077796,-3.105542286085491,-3.0300240676480845,-2.7090908886436083,0.4741864492009303,-0.2713641635924554,2.599332173485966,0.0130530100057127,1.1741640318290387
30.0,32.0,237.2328491210937,-1.428040425390325,0.6174814452730092,-3.5736048511054546,-3.410823463642112,-1.461635712523008,0.80848581446371,0.2139962644890252,2.6033857876251307,0.1762205424558912,1.9148313389189773
30.0,32.0,205.575927734375,-0.8160173862793221,0.5906195673798553,-3.5501247184478806,-2.9220737949502533,-1.5276746941164658,0.7254873283981647,-0.0189028447691116,2.5943872451814447,0.2168908645567235,1.9760531472632008
30.0,32.0,210.86788940429688,-0.8675885592579199,0.5814427091929676,-3.3828925757278125,-2.8026065787794625,-1.4133141667751687,0.5847649848208732,0.0142647014205311,2.594815751130514,0.2177871720245377,1.9615568969837671
30.0,32.0,211.1742248535156,-1.172831000076355,0.8275206266779435,-3.5648584018360063,-3.0142187149782864,-1.556843960383598,0.7015873162262785,-0.0147911388633199,2.587897645016666,0.2170324484164403,2.0205186324938382
30.0,32.0,270.5972900390625,-0.339195293637367,0.8682199056895401,-3.429359759109701,-2.8360077134138004,-2.288424774409026,0.351023781793731,-0.0313313341651759,2.7013817145445707,0.0884129040474424,1.90707765857914
30.0,32.0,227.75701904296875,-0.9792051486980742,0.6668289796043207,-3.226357363532365,-3.007240751307254,-2.456842984036727,0.4759042173200444,-0.0648306762697417,2.49157505107593,0.2590560882265491,2.1076353013395264
30.0,32.0,297.1531066894531,-1.163542533882826,0.7788205722658192,-3.4776451369495747,-2.501691782372519,-2.0664928400047424,0.2782905431844639,-0.0802722887063241,2.637448483345972,0.0878446717744024,1.5326607414662785
30.0,32.0,258.5357971191406,-1.3575980507671022,0.504527320340175,-3.4910149734439875,-3.216918245501879,-1.652123298785394,0.8442723995213878,0.0107651463522036,2.5099896577492404,0.3287626390341918,1.879667821823216
30.0,32.0,267.404541015625,-0.2176805605218533,1.0380693301060613,-3.590882423083285,-3.305575645919899,-1.35378195535194,0.4229096087156889,-0.2609441368697187,2.625312538298536,0.2416451296081942,2.18286321441885
30.0,32.0,317.0145263671875,-0.5547537249476001,0.6119365648576789,-4.17447794550088,-2.954549080478124,-1.8403966694309184,0.7760051821747305,0.0480648058930144,2.468790334519953,0.2649377507325694,1.6634018988931811
30.0,32.0,211.8467254638672,-0.7477372598712155,0.6436859834828597,-3.462752233282377,-2.9250858721948507,-1.60780262608288,0.5310146488304917,-0.1403993425627469,2.580464045315256,0.1323395602747072,1.8916292211329224
30.0,33.0,214.22732543945312,-0.5709375357719852,0.6099977697356924,-3.140555826576952,-2.751540540879751,-1.5639863451240932,0.7150772700534826,-0.0298015949691891,2.517225884112829,0.2132561271602341,1.8995796105848937
30.0,33.0,210.58750915527344,-0.703398487859937,0.5436740464111831,-3.656869873380296,-2.797545504246152,-1.42009517261692,0.7314458323235206,-0.04632689584676,2.635803218812559,0.1887756529943705,1.8779722819861309
30.0,33.0,266.0086669921875,-0.8651988602160304,0.795838850913587,-3.725373039973909,-3.367153817545199,-2.5899729199514487,0.2127217260512958,-0.2711611491755846,2.4976140982215043,0.4393069268345422,2.535738525526165
30.0,33.0,228.1195373535156,-0.5485506190749521,0.695233312286615,-3.571480095374729,-2.6134550019886724,-1.1353035965596128,0.7262067412338606,-0.0980209880032982,2.575453714364196,0.2158209651802363,2.175597556332701
30.0,33.0,223.29660034179688,-0.8550075195664,0.561889368482036,-3.5481666525218225,-2.8684998960275374,-1.8119706320966176,0.7315842663908971,-0.0107875060578493,2.5596834291725106,0.2503543613908082,2.1683733637603244
30.0,33.0,210.597900390625,-0.7318280979898318,0.5914188254323861,-3.762520632782585,-2.804645763324062,-1.5552501707621134,0.7108059977869721,-0.0339586683914871,2.6116724728224123,0.1882452260922728,1.9445701194337384
30.0,33.0,254.408447265625,-1.4830690322573743,0.7121773913496777,-3.726241373110556,-3.1591481454419075,-2.166346601958004,-0.3160067511517694,-0.0406544661493137,2.6321290898891414,0.2330449294692601,1.962363157963311
30.0,33.0,241.72116088867188,-0.836191420389796,0.4999973603659167,-3.4796302570124045,-3.26966038691606,-1.392652055066675,0.465467878138518,-0.0977255983737381,2.407908416737019,0.2163960015534742,2.0238266829333265
30.0,33.0,207.5741577148437,-0.686965141996015,0.6133968297482193,-3.5462573106094832,-2.584725061092829,-1.407127749054816,0.7921407088901468,-0.0372440645726738,2.602195334414293,0.2127077341849965,2.004414567430152
30.0,33.0,217.80987548828125,-0.7399219093249991,0.6265199654248446,-3.3812386568411683,-3.115740592719888,-2.4970438835882924,0.4187495791001843,-0.1164287251613381,2.541142812644273,0.2703581298861386,2.0687642066891287
30.0,33.0,286.679931640625,-1.351456308836811,1.2084648294433395,-2.693007023361755,-2.955540540590349,-2.5757144026118044,0.7986278750976168,-0.0466480658428411,2.4762312342479387,0.1964744650925379,2.021275499902843
30.0,33.0,263.0406494140625,-1.2868303873634983,0.9952098691701532,-3.546650995821949,-3.291692242837229,-1.9373985017427784,-0.1535844034667546,-0.2796769726809223,2.5428472217186946,0.325330999931762,2.019106519932087
30.0,33.0,244.4027404785156,-1.4685250517230095,0.6088705291205184,-3.6463576713199495,-2.544881728925102,-1.6474228560157762,0.7594579174993055,-0.074961652832359,2.4504308881310526,0.2235923012688416,2.056703348257138
30.0,33.0,241.0422515869141,-0.9111024789305194,0.5650840904583557,-3.547639955885296,-3.198187243551395,-1.4922461878232665,0.8226567652435903,0.02790846883725,2.35723609103158,0.1701463921869215,1.961964936170817
30.0,33.0,256.0018615722656,-0.6691380635419755,0.5827469437519147,-3.3790136906392485,-2.798258925925,-1.1114910743566462,0.854893571052213,-0.0112353143995043,2.4149559974209645,0.2105522727190908,2.2935689610566943
30.0,33.0,241.8267822265625,-0.7669578720657496,0.711420555910467,-3.023829169354464,-2.977494033558902,-1.7848998127827715,0.2160973725101599,-0.1266191860366815,2.5147218700725347,0.2675532762829481,2.067805623582084
30.0,33.0,220.53668212890625,-1.2171966783311097,0.4756538204269566,-3.473961005955754,-3.088961056374514,-1.704597891261704,0.4920041034137272,-0.0918239354140258,2.562499878329205,0.3992523830963432,2.654374933471221
30.0,33.0,228.5635528564453,-0.3549994854249461,0.7788695945608625,-3.749652683533876,-3.240048907229221,-1.6722480013993102,0.6090439695604581,-0.0698225043228019,2.513660514978988,0.2551167529867592,2.193944748143837
30.0,33.0,245.9429931640625,-0.8483266135729868,0.6453986865434707,-3.506552371550096,-3.271625883978806,-2.56814784519429,0.2147286641374462,-0.1436646083617611,2.4296898910346845,0.2413711030766583,2.371772908737178
30.0,33.0,220.6161956787109,-0.9503927517081534,0.677458880081766,-3.4985466721108613,-3.1419557166689587,-2.6450864950941537,0.7657276416976995,-0.0800017667336136,2.591298282155937,0.2318220931468717,1.9778696258291708
30.0,33.0,209.95681762695312,-0.8546054761373488,0.5561256830121146,-3.5196763665523463,-2.9998356632825494,-1.6631055522139582,0.5872105304760162,-0.0307104087849592,2.588951662564981,0.2473229352094717,1.9606851088631445
30.0,33.0,212.41294860839844,-0.7623209163399609,0.6118770638418635,-3.403948784251659,-2.9994190280741977,-1.3265313259675118,0.7083121871536535,-0.0490436342039086,2.5877609330154026,0.1860569251992293,1.9730679215566207
30.0,33.0,240.922607421875,-0.8133760211847113,0.3344039809502883,-3.7102004396003214,-3.0393906060861022,-1.5474572775585356,0.633640407652983,-0.0110224126579863,2.565941865665092,0.3098668825835172,1.9129207514589308
30.0,33.0,205.0666046142578,-1.1845443985933988,0.700803757263604,-3.952121874349335,-2.4643146691599824,-1.274298511414923,0.7420774041366475,-0.0662084833539095,2.5733936463653886,0.2075128882354602,2.0449957298774586
30.0,33.0,221.88970947265625,-0.8733808561961942,0.7155497606499783,-3.4752829285551643,-2.6918855767736227,-1.6924920666992729,0.5277219818285475,-0.1793077577776774,2.5807317062418846,0.1613975901443036,1.763843010464756
30.0,33.0,247.5511779785156,-0.6352449497512102,0.4944108103404063,-3.587756231797696,-2.828211488208829,-2.008453268316593,-0.5059632179991882,-0.166174683455977,2.5476070332525067,0.2020669584767385,1.8986928916711867
30.0,33.0,217.8655548095703,-0.734693200094301,0.5642334044448005,-3.6560295796871207,-2.4472103512507903,-1.4013636958479254,0.7804305287007681,-0.0228572444474311,2.592150929742849,0.1407959987536736,1.97449630511701
30.0,33.0,240.0376892089844,-0.818985015422538,0.7325545795717203,-3.463958090524869,-3.1745869837099026,-1.9281247841715203,0.2058466922336207,-0.3766659363291286,2.6001316734345754,0.2265875295001577,2.1979228280822705
30.0,33.0,291.2152099609375,-0.4925722241072047,0.979423402732359,-3.605525640219117,-3.1749731558961845,-1.915760572200272,0.5698221181835107,-0.0820334709090166,2.7895552300879123,0.2353030132978962,2.6257327440521387
30.0,33.0,246.86642456054688,-0.9397382794050816,0.444321978215822,-3.592133175105278,-3.1758492451955185,-1.7881077118314863,0.5701658009830611,0.0514782389659365,2.4254623917333142,0.2597666588085365,1.926173185455858
30.0,33.0,216.61349487304688,-0.8742870949961354,0.56875095512006,-3.497064669960815,-3.0801609567100705,-1.5859277114682282,0.7236664129750331,0.078156620677614,2.5253211881971027,0.1505674014375079,1.9696697594908883
30.0,33.0,265.1556396484375,-0.8273520487972693,0.9664707520662178,-3.741068664027011,-2.893808767395306,-2.1574683190267985,0.4929648473003967,-0.4025484528392854,2.2868354158695308,0.0299532673094928,1.3255028386906005
30.0,33.0,222.7979736328125,-0.442732262413825,0.8690237858668566,-3.591566050933263,-2.475968233429029,-1.292565001219887,0.8696476213143532,-0.0274287940678758,2.538533767897868,0.2222450154248834,1.6931619466018952
30.0,33.0,292.7175598144531,-0.8604335574225754,0.3048862805527244,-3.7765899616715655,-2.8288798328075746,-1.870121594496493,-0.4463734123356455,-0.1172124751165828,2.444594372432159,0.390996559676922,2.509169028976515
30.0,33.0,248.2855834960937,-0.770799003272738,0.4753827710612451,-3.433535942894001,-3.109739668051914,-2.4246479649296173,-0.1173976404518245,-0.4245061830428389,2.431571807945595,0.260741302209151,2.106431543141128
30.0,33.0,223.1627655029297,-0.8985820546660013,0.6016829497122207,-3.411395380510474,-3.664917165476703,-1.3178500873651418,0.7560007663919874,0.1789006658911505,2.607908573691832,0.2340229240768573,1.9822286294627685
30.0,33.0,245.99302673339844,-0.7494604562313425,0.5827624451646062,-3.1978432976312727,-2.930434860001456,-2.589522757468941,0.4511330050359632,-0.2349149109541924,2.459352546895984,0.2558733024443547,1.86071018527782
30.0,33.0,213.39453125,-0.677454921797442,0.5239078157027569,-3.6255810010738143,-2.855743792855663,-1.399999879801493,0.66407102189409,0.0366740582308147,2.589056390536872,0.292458637979307,2.1745045146165745
30.0,33.0,270.5323181152344,-0.5868605065069143,0.3519496523077796,-3.105542286085491,-3.0300240676480845,-2.7090908886436083,0.4741864492009303,-0.2713641635924554,2.599332173485966,0.0130530100057127,1.1741640318290387
30.0,33.0,237.2328491210937,-1.428040425390325,0.6174814452730092,-3.5736048511054546,-3.410823463642112,-1.461635712523008,0.80848581446371,0.2139962644890252,2.6033857876251307,0.1762205424558912,1.9148313389189773
30.0,33.0,205.575927734375,-0.8160173862793221,0.5906195673798553,-3.5501247184478806,-2.9220737949502533,-1.5276746941164658,0.7254873283981647,-0.0189028447691116,2.5943872451814447,0.2168908645567235,1.9760531472632008
30.0,33.0,210.86788940429688,-0.8675885592579199,0.5814427091929676,-3.3828925757278125,-2.8026065787794625,-1.4133141667751687,0.5847649848208732,0.0142647014205311,2.594815751130514,0.2177871720245377,1.9615568969837671
30.0,33.0,211.1742248535156,-1.172831000076355,0.8275206266779435,-3.5648584018360063,-3.0142187149782864,-1.556843960383598,0.7015873162262785,-0.0147911388633199,2.587897645016666,0.2170324484164403,2.0205186324938382
30.0,33.0,270.5972900390625,-0.339195293637367,0.8682199056895401,-3.429359759109701,-2.8360077134138004,-2.288424774409026,0.351023781793731,-0.0313313341651759,2.7013817145445707,0.0884129040474424,1.90707765857914
30.0,33.0,227.75701904296875,-0.9792051486980742,0.6668289796043207,-3.226357363532365,-3.007240751307254,-2.456842984036727,0.4759042173200444,-0.0648306762697417,2.49157505107593,0.2590560882265491,2.1076353013395264
30.0,33.0,297.1531066894531,-1.163542533882826,0.7788205722658192,-3.4776451369495747,-2.501691782372519,-2.0664928400047424,0.2782905431844639,-0.0802722887063241,2.637448483345972,0.0878446717744024,1.5326607414662785
30.0,33.0,258.5357971191406,-1.3575980507671022,0.504527320340175,-3.4910149734439875,-3.216918245501879,-1.652123298785394,0.8442723995213878,0.0107651463522036,2.5099896577492404,0.3287626390341918,1.879667821823216
30.0,33.0,267.404541015625,-0.2176805605218533,1.0380693301060613,-3.590882423083285,-3.305575645919899,-1.35378195535194,0.4229096087156889,-0.2609441368697187,2.625312538298536,0.2416451296081942,2.18286321441885
30.0,33.0,317.0145263671875,-0.5547537249476001,0.6119365648576789,-4.17447794550088,-2.954549080478124,-1.8403966694309184,0.7760051821747305,0.0480648058930144,2.468790334519953,0.2649377507325694,1.6634018988931811
30.0,33.0,211.8467254638672,-0.7477372598712155,0.6436859834828597,-3.462752233282377,-2.9250858721948507,-1.60780262608288,0.5310146488304917,-0.1403993425627469,2.580464045315256,0.1323395602747072,1.8916292211329224
30.0,34.0,214.22732543945312,-0.5709375357719852,0.6099977697356924,-3.140555826576952,-2.751540540879751,-1.5639863451240932,0.7150772700534826,-0.0298015949691891,2.517225884112829,0.2132561271602341,1.8995796105848937
30.0,34.0,210.58750915527344,-0.703398487859937,0.5436740464111831,-3.656869873380296,-2.797545504246152,-1.42009517261692,0.7314458323235206,-0.04632689584676,2.635803218812559,0.1887756529943705,1.8779722819861309
30.0,34.0,266.0086669921875,-0.8651988602160304,0.795838850913587,-3.725373039973909,-3.367153817545199,-2.5899729199514487,0.2127217260512958,-0.2711611491755846,2.4976140982215043,0.4393069268345422,2.535738525526165
30.0,34.0,228.1195373535156,-0.5485506190749521,0.695233312286615,-3.571480095374729,-2.6134550019886724,-1.1353035965596128,0.7262067412338606,-0.0980209880032982,2.575453714364196,0.2158209651802363,2.175597556332701
30.0,34.0,223.29660034179688,-0.8550075195664,0.561889368482036,-3.5481666525218225,-2.8684998960275374,-1.8119706320966176,0.7315842663908971,-0.0107875060578493,2.5596834291725106,0.2503543613908082,2.1683733637603244
30.0,34.0,210.597900390625,-0.7318280979898318,0.5914188254323861,-3.762520632782585,-2.804645763324062,-1.5552501707621134,0.7108059977869721,-0.0339586683914871,2.6116724728224123,0.1882452260922728,1.9445701194337384
30.0,34.0,254.408447265625,-1.4830690322573743,0.7121773913496777,-3.726241373110556,-3.1591481454419075,-2.166346601958004,-0.3160067511517694,-0.0406544661493137,2.6321290898891414,0.2330449294692601,1.962363157963311
30.0,34.0,232.60125732421875,-0.9715995809412836,0.5577415504301244,-3.9342848517521216,-2.632825574260343,-1.597826820354903,0.3551696161869346,-0.1003542550359881,2.559180068656376,0.2073876226225236,2.0812335455710587
30.0,34.0,207.5741577148437,-0.686965141996015,0.6133968297482193,-3.5462573106094832,-2.584725061092829,-1.407127749054816,0.7921407088901468,-0.0372440645726738,2.602195334414293,0.2127077341849965,2.004414567430152
30.0,34.0,217.80987548828125,-0.7399219093249991,0.6265199654248446,-3.3812386568411683,-3.115740592719888,-2.4970438835882924,0.4187495791001843,-0.1164287251613381,2.541142812644273,0.2703581298861386,2.0687642066891287
30.0,34.0,286.679931640625,-1.351456308836811,1.2084648294433395,-2.693007023361755,-2.955540540590349,-2.5757144026118044,0.7986278750976168,-0.0466480658428411,2.4762312342479387,0.1964744650925379,2.021275499902843
30.0,34.0,263.0406494140625,-1.2868303873634983,0.9952098691701532,-3.546650995821949,-3.291692242837229,-1.9373985017427784,-0.1535844034667546,-0.2796769726809223,2.5428472217186946,0.325330999931762,2.019106519932087
30.0,34.0,244.4027404785156,-1.4685250517230095,0.6088705291205184,-3.6463576713199495,-2.544881728925102,-1.6474228560157762,0.7594579174993055,-0.074961652832359,2.4504308881310526,0.2235923012688416,2.056703348257138
30.0,34.0,213.15203857421875,-0.7306402239770209,0.7152692786706262,-3.91649851442627,-2.709850001079756,-1.4859976802958057,0.7794439747023575,-0.0372429649604344,2.5702450963636863,0.245303042308751,2.128215229041693
30.0,34.0,256.0018615722656,-0.6691380635419755,0.5827469437519147,-3.3790136906392485,-2.798258925925,-1.1114910743566462,0.854893571052213,-0.0112353143995043,2.4149559974209645,0.2105522727190908,2.2935689610566943
30.0,34.0,241.8267822265625,-0.7669578720657496,0.711420555910467,-3.023829169354464,-2.977494033558902,-1.7848998127827715,0.2160973725101599,-0.1266191860366815,2.5147218700725347,0.2675532762829481,2.067805623582084
30.0,34.0,220.53668212890625,-1.2171966783311097,0.4756538204269566,-3.473961005955754,-3.088961056374514,-1.704597891261704,0.4920041034137272,-0.0918239354140258,2.562499878329205,0.3992523830963432,2.654374933471221
30.0,34.0,228.5635528564453,-0.3549994854249461,0.7788695945608625,-3.749652683533876,-3.240048907229221,-1.6722480013993102,0.6090439695604581,-0.0698225043228019,2.513660514978988,0.2551167529867592,2.193944748143837
30.0,34.0,245.9429931640625,-0.8483266135729868,0.6453986865434707,-3.506552371550096,-3.271625883978806,-2.56814784519429,0.2147286641374462,-0.1436646083617611,2.4296898910346845,0.2413711030766583,2.371772908737178
30.0,34.0,220.6161956787109,-0.9503927517081534,0.677458880081766,-3.4985466721108613,-3.1419557166689587,-2.6450864950941537,0.7657276416976995,-0.0800017667336136,2.591298282155937,0.2318220931468717,1.9778696258291708
30.0,34.0,209.95681762695312,-0.8546054761373488,0.5561256830121146,-3.5196763665523463,-2.9998356632825494,-1.6631055522139582,0.5872105304760162,-0.0307104087849592,2.588951662564981,0.2473229352094717,1.9606851088631445
30.0,34.0,212.41294860839844,-0.7623209163399609,0.6118770638418635,-3.403948784251659,-2.9994190280741977,-1.3265313259675118,0.7083121871536535,-0.0490436342039086,2.5877609330154026,0.1860569251992293,1.9730679215566207
30.0,34.0,240.50863647460932,-0.9042593687235482,0.8553515450949849,-3.696393649968759,-2.3537574427113945,-1.4812449703213362,0.6159428455455872,-0.0469018530423728,2.564680771169352,0.1498309904320173,1.9075469790324675
30.0,34.0,205.0666046142578,-1.1845443985933988,0.700803757263604,-3.952121874349335,-2.4643146691599824,-1.274298511414923,0.7420774041366475,-0.0662084833539095,2.5733936463653886,0.2075128882354602,2.0449957298774586
30.0,34.0,221.88970947265625,-0.8733808561961942,0.7155497606499783,-3.4752829285551643,-2.6918855767736227,-1.6924920666992729,0.5277219818285475,-0.1793077577776774,2.5807317062418846,0.1613975901443036,1.763843010464756
30.0,34.0,247.5511779785156,-0.6352449497512102,0.4944108103404063,-3.587756231797696,-2.828211488208829,-2.008453268316593,-0.5059632179991882,-0.166174683455977,2.5476070332525067,0.2020669584767385,1.8986928916711867
30.0,34.0,217.8655548095703,-0.734693200094301,0.5642334044448005,-3.6560295796871207,-2.4472103512507903,-1.4013636958479254,0.7804305287007681,-0.0228572444474311,2.592150929742849,0.1407959987536736,1.97449630511701
30.0,34.0,240.0376892089844,-0.818985015422538,0.7325545795717203,-3.463958090524869,-3.1745869837099026,-1.9281247841715203,0.2058466922336207,-0.3766659363291286,2.6001316734345754,0.2265875295001577,2.1979228280822705
30.0,34.0,291.2152099609375,-0.4925722241072047,0.979423402732359,-3.605525640219117,-3.1749731558961845,-1.915760572200272,0.5698221181835107,-0.0820334709090166,2.7895552300879123,0.2353030132978962,2.6257327440521387
30.0,34.0,246.86642456054688,-0.9397382794050816,0.444321978215822,-3.592133175105278,-3.1758492451955185,-1.7881077118314863,0.5701658009830611,0.0514782389659365,2.4254623917333142,0.2597666588085365,1.926173185455858
30.0,34.0,216.61349487304688,-0.8742870949961354,0.56875095512006,-3.497064669960815,-3.0801609567100705,-1.5859277114682282,0.7236664129750331,0.078156620677614,2.5253211881971027,0.1505674014375079,1.9696697594908883
30.0,34.0,265.1556396484375,-0.8273520487972693,0.9664707520662178,-3.741068664027011,-2.893808767395306,-2.1574683190267985,0.4929648473003967,-0.4025484528392854,2.2868354158695308,0.0299532673094928,1.3255028386906005
30.0,34.0,222.7979736328125,-0.442732262413825,0.8690237858668566,-3.591566050933263,-2.475968233429029,-1.292565001219887,0.8696476213143532,-0.0274287940678758,2.538533767897868,0.2222450154248834,1.6931619466018952
30.0,34.0,292.7175598144531,-0.8604335574225754,0.3048862805527244,-3.7765899616715655,-2.8288798328075746,-1.870121594496493,-0.4463734123356455,-0.1172124751165828,2.444594372432159,0.390996559676922,2.509169028976515
30.0,34.0,248.2855834960937,-0.770799003272738,0.4753827710612451,-3.433535942894001,-3.109739668051914,-2.4246479649296173,-0.1173976404518245,-0.4245061830428389,2.431571807945595,0.260741302209151,2.106431543141128
30.0,34.0,223.1627655029297,-0.8985820546660013,0.6016829497122207,-3.411395380510474,-3.664917165476703,-1.3178500873651418,0.7560007663919874,0.1789006658911505,2.607908573691832,0.2340229240768573,1.9822286294627685
30.0,34.0,245.99302673339844,-0.7494604562313425,0.5827624451646062,-3.1978432976312727,-2.930434860001456,-2.589522757468941,0.4511330050359632,-0.2349149109541924,2.459352546895984,0.2558733024443547,1.86071018527782
30.0,34.0,213.39453125,-0.677454921797442,0.5239078157027569,-3.6255810010738143,-2.855743792855663,-1.399999879801493,0.66407102189409,0.0366740582308147,2.589056390536872,0.292458637979307,2.1745045146165745
30.0,34.0,270.5323181152344,-0.5868605065069143,0.3519496523077796,-3.105542286085491,-3.0300240676480845,-2.7090908886436083,0.4741864492009303,-0.2713641635924554,2.599332173485966,0.0130530100057127,1.1741640318290387
30.0,34.0,237.2328491210937,-1.428040425390325,0.6174814452730092,-3.5736048511054546,-3.410823463642112,-1.461635712523008,0.80848581446371,0.2139962644890252,2.6033857876251307,0.1762205424558912,1.9148313389189773
30.0,34.0,205.575927734375,-0.8160173862793221,0.5906195673798553,-3.5501247184478806,-2.9220737949502533,-1.5276746941164658,0.7254873283981647,-0.0189028447691116,2.5943872451814447,0.2168908645567235,1.9760531472632008
30.0,34.0,210.86788940429688,-0.8675885592579199,0.5814427091929676,-3.3828925757278125,-2.8026065787794625,-1.4133141667751687,0.5847649848208732,0.0142647014205311,2.594815751130514,0.2177871720245377,1.9615568969837671
30.0,34.0,211.1742248535156,-1.172831000076355,0.8275206266779435,-3.5648584018360063,-3.0142187149782864,-1.556843960383598,0.7015873162262785,-0.0147911388633199,2.587897645016666,0.2170324484164403,2.0205186324938382
30.0,34.0,270.5972900390625,-0.339195293637367,0.8682199056895401,-3.429359759109701,-2.8360077134138004,-2.288424774409026,0.351023781793731,-0.0313313341651759,2.7013817145445707,0.0884129040474424,1.90707765857914
30.0,34.0,227.75701904296875,-0.9792051486980742,0.6668289796043207,-3.226357363532365,-3.007240751307254,-2.456842984036727,0.4759042173200444,-0.0648306762697417,2.49157505107593,0.2590560882265491,2.1076353013395264
30.0,34.0,297.1531066894531,-1.163542533882826,0.7788205722658192,-3.4776451369495747,-2.501691782372519,-2.0664928400047424,0.2782905431844639,-0.0802722887063241,2.637448483345972,0.0878446717744024,1.5326607414662785
30.0,34.0,258.5357971191406,-1.3575980507671022,0.504527320340175,-3.4910149734439875,-3.216918245501879,-1.652123298785394,0.8442723995213878,0.0107651463522036,2.5099896577492404,0.3287626390341918,1.879667821823216
30.0,34.0,267.404541015625,-0.2176805605218533,1.0380693301060613,-3.590882423083285,-3.305575645919899,-1.35378195535194,0.4229096087156889,-0.2609441368697187,2.625312538298536,0.2416451296081942,2.18286321441885
30.0,34.0,269.43670654296875,-1.4665615201262887,0.7237078003587692,-3.883014448942289,-3.0141736651722058,-1.331490905615495,0.5350052855855068,-0.1379486159600293,2.6744203751546003,0.1302168663872752,1.433656199865773
30.0,34.0,211.8467254638672,-0.7477372598712155,0.6436859834828597,-3.462752233282377,-2.9250858721948507,-1.60780262608288,0.5310146488304917,-0.1403993425627469,2.580464045315256,0.1323395602747072,1.8916292211329224
30.0,35.0,214.22732543945312,-0.5709375357719852,0.6099977697356924,-3.140555826576952,-2.751540540879751,-1.5639863451240932,0.7150772700534826,-0.0298015949691891,2.517225884112829,0.2132561271602341,1.8995796105848937
30.0,35.0,210.58750915527344,-0.703398487859937,0.5436740464111831,-3.656869873380296,-2.797545504246152,-1.42009517261692,0.7314458323235206,-0.04632689584676,2.635803218812559,0.1887756529943705,1.8779722819861309
30.0,35.0,266.0086669921875,-0.8651988602160304,0.795838850913587,-3.725373039973909,-3.367153817545199,-2.5899729199514487,0.2127217260512958,-0.2711611491755846,2.4976140982215043,0.4393069268345422,2.535738525526165
30.0,35.0,228.1195373535156,-0.5485506190749521,0.695233312286615,-3.571480095374729,-2.6134550019886724,-1.1353035965596128,0.7262067412338606,-0.0980209880032982,2.575453714364196,0.2158209651802363,2.175597556332701
30.0,35.0,223.29660034179688,-0.8550075195664,0.561889368482036,-3.5481666525218225,-2.8684998960275374,-1.8119706320966176,0.7315842663908971,-0.0107875060578493,2.5596834291725106,0.2503543613908082,2.1683733637603244
30.0,35.0,210.597900390625,-0.7318280979898318,0.5914188254323861,-3.762520632782585,-2.804645763324062,-1.5552501707621134,0.7108059977869721,-0.0339586683914871,2.6116724728224123,0.1882452260922728,1.9445701194337384
30.0,35.0,254.408447265625,-1.4830690322573743,0.7121773913496777,-3.726241373110556,-3.1591481454419075,-2.166346601958004,-0.3160067511517694,-0.0406544661493137,2.6321290898891414,0.2330449294692601,1.962363157963311
30.0,35.0,232.60125732421875,-0.9715995809412836,0.5577415504301244,-3.9342848517521216,-2.632825574260343,-1.597826820354903,0.3551696161869346,-0.1003542550359881,2.559180068656376,0.2073876226225236,2.0812335455710587
30.0,35.0,207.5741577148437,-0.686965141996015,0.6133968297482193,-3.5462573106094832,-2.584725061092829,-1.407127749054816,0.7921407088901468,-0.0372440645726738,2.602195334414293,0.2127077341849965,2.004414567430152
30.0,35.0,217.80987548828125,-0.7399219093249991,0.6265199654248446,-3.3812386568411683,-3.115740592719888,-2.4970438835882924,0.4187495791001843,-0.1164287251613381,2.541142812644273,0.2703581298861386,2.0687642066891287
30.0,35.0,286.679931640625,-1.351456308836811,1.2084648294433395,-2.693007023361755,-2.955540540590349,-2.5757144026118044,0.7986278750976168,-0.0466480658428411,2.4762312342479387,0.1964744650925379,2.021275499902843
30.0,35.0,263.0406494140625,-1.2868303873634983,0.9952098691701532,-3.546650995821949,-3.291692242837229,-1.9373985017427784,-0.1535844034667546,-0.2796769726809223,2.5428472217186946,0.325330999931762,2.019106519932087
30.0,35.0,244.4027404785156,-1.4685250517230095,0.6088705291205184,-3.6463576713199495,-2.544881728925102,-1.6474228560157762,0.7594579174993055,-0.074961652832359,2.4504308881310526,0.2235923012688416,2.056703348257138
30.0,35.0,207.90756225585932,-0.6479159768522444,0.7284886100509094,-3.695921280759009,-2.781060718407121,-1.525929805493504,0.6871350509244251,-0.0636587062097553,2.565365913183575,0.2936218791881947,2.2605625805942813
30.0,35.0,256.0018615722656,-0.6691380635419755,0.5827469437519147,-3.3790136906392485,-2.798258925925,-1.1114910743566462,0.854893571052213,-0.0112353143995043,2.4149559974209645,0.2105522727190908,2.2935689610566943
30.0,35.0,241.8267822265625,-0.7669578720657496,0.711420555910467,-3.023829169354464,-2.977494033558902,-1.7848998127827715,0.2160973725101599,-0.1266191860366815,2.5147218700725347,0.2675532762829481,2.067805623582084
30.0,35.0,220.53668212890625,-1.2171966783311097,0.4756538204269566,-3.473961005955754,-3.088961056374514,-1.704597891261704,0.4920041034137272,-0.0918239354140258,2.562499878329205,0.3992523830963432,2.654374933471221
30.0,35.0,228.5635528564453,-0.3549994854249461,0.7788695945608625,-3.749652683533876,-3.240048907229221,-1.6722480013993102,0.6090439695604581,-0.0698225043228019,2.513660514978988,0.2551167529867592,2.193944748143837
30.0,35.0,245.9429931640625,-0.8483266135729868,0.6453986865434707,-3.506552371550096,-3.271625883978806,-2.56814784519429,0.2147286641374462,-0.1436646083617611,2.4296898910346845,0.2413711030766583,2.371772908737178
30.0,35.0,220.6161956787109,-0.9503927517081534,0.677458880081766,-3.4985466721108613,-3.1419557166689587,-2.6450864950941537,0.7657276416976995,-0.0800017667336136,2.591298282155937,0.2318220931468717,1.9778696258291708
30.0,35.0,209.95681762695312,-0.8546054761373488,0.5561256830121146,-3.5196763665523463,-2.9998356632825494,-1.6631055522139582,0.5872105304760162,-0.0307104087849592,2.588951662564981,0.2473229352094717,1.9606851088631445
30.0,35.0,212.41294860839844,-0.7623209163399609,0.6118770638418635,-3.403948784251659,-2.9994190280741977,-1.3265313259675118,0.7083121871536535,-0.0490436342039086,2.5877609330154026,0.1860569251992293,1.9730679215566207
30.0,35.0,240.50863647460932,-0.9042593687235482,0.8553515450949849,-3.696393649968759,-2.3537574427113945,-1.4812449703213362,0.6159428455455872,-0.0469018530423728,2.564680771169352,0.1498309904320173,1.9075469790324675
30.0,35.0,205.0666046142578,-1.1845443985933988,0.700803757263604,-3.952121874349335,-2.4643146691599824,-1.274298511414923,0.7420774041366475,-0.0662084833539095,2.5733936463653886,0.2075128882354602,2.0449957298774586
30.0,35.0,221.88970947265625,-0.8733808561961942,0.7155497606499783,-3.4752829285551643,-2.6918855767736227,-1.6924920666992729,0.5277219818285475,-0.1793077577776774,2.5807317062418846,0.1613975901443036,1.763843010464756
30.0,35.0,247.5511779785156,-0.6352449497512102,0.4944108103404063,-3.587756231797696,-2.828211488208829,-2.008453268316593,-0.5059632179991882,-0.166174683455977,2.5476070332525067,0.2020669584767385,1.8986928916711867
30.0,35.0,217.8655548095703,-0.734693200094301,0.5642334044448005,-3.6560295796871207,-2.4472103512507903,-1.4013636958479254,0.7804305287007681,-0.0228572444474311,2.592150929742849,0.1407959987536736,1.97449630511701
30.0,35.0,240.0376892089844,-0.818985015422538,0.7325545795717203,-3.463958090524869,-3.1745869837099026,-1.9281247841715203,0.2058466922336207,-0.3766659363291286,2.6001316734345754,0.2265875295001577,2.1979228280822705
30.0,35.0,291.2152099609375,-0.4925722241072047,0.979423402732359,-3.605525640219117,-3.1749731558961845,-1.915760572200272,0.5698221181835107,-0.0820334709090166,2.7895552300879123,0.2353030132978962,2.6257327440521387
30.0,35.0,246.86642456054688,-0.9397382794050816,0.444321978215822,-3.592133175105278,-3.1758492451955185,-1.7881077118314863,0.5701658009830611,0.0514782389659365,2.4254623917333142,0.2597666588085365,1.926173185455858
30.0,35.0,216.61349487304688,-0.8742870949961354,0.56875095512006,-3.497064669960815,-3.0801609567100705,-1.5859277114682282,0.7236664129750331,0.078156620677614,2.5253211881971027,0.1505674014375079,1.9696697594908883
30.0,35.0,265.1556396484375,-0.8273520487972693,0.9664707520662178,-3.741068664027011,-2.893808767395306,-2.1574683190267985,0.4929648473003967,-0.4025484528392854,2.2868354158695308,0.0299532673094928,1.3255028386906005
30.0,35.0,222.7979736328125,-0.442732262413825,0.8690237858668566,-3.591566050933263,-2.475968233429029,-1.292565001219887,0.8696476213143532,-0.0274287940678758,2.538533767897868,0.2222450154248834,1.6931619466018952
30.0,35.0,269.95477294921875,-0.9469876444525336,0.1611961980496876,-3.332253426200541,-3.2034244442623727,-2.023062704858525,0.2799096290766134,-0.0857408084903322,2.264403188659717,0.06585787261784,1.7735905610321585
30.0,35.0,248.2855834960937,-0.770799003272738,0.4753827710612451,-3.433535942894001,-3.109739668051914,-2.4246479649296173,-0.1173976404518245,-0.4245061830428389,2.431571807945595,0.260741302209151,2.106431543141128
30.0,35.0,223.1627655029297,-0.8985820546660013,0.6016829497122207,-3.411395380510474,-3.664917165476703,-1.3178500873651418,0.7560007663919874,0.1789006658911505,2.607908573691832,0.2340229240768573,1.9822286294627685
30.0,35.0,245.99302673339844,-0.7494604562313425,0.5827624451646062,-3.1978432976312727,-2.930434860001456,-2.589522757468941,0.4511330050359632,-0.2349149109541924,2.459352546895984,0.2558733024443547,1.86071018527782
30.0,35.0,213.39453125,-0.677454921797442,0.5239078157027569,-3.6255810010738143,-2.855743792855663,-1.399999879801493,0.66407102189409,0.0366740582308147,2.589056390536872,0.292458637979307,2.1745045146165745
30.0,35.0,256.37762451171875,-1.1740985325224615,0.7032819505618381,-3.4066706406576484,-3.71611809466677,-1.557211301218996,0.5527160638726896,-0.3590757376082736,2.5580340375955064,0.079370969136926,2.0201833040629724
30.0,35.0,237.2328491210937,-1.428040425390325,0.6174814452730092,-3.5736048511054546,-3.410823463642112,-1.461635712523008,0.80848581446371,0.2139962644890252,2.6033857876251307,0.1762205424558912,1.9148313389189773
30.0,35.0,205.575927734375,-0.8160173862793221,0.5906195673798553,-3.5501247184478806,-2.9220737949502533,-1.5276746941164658,0.7254873283981647,-0.0189028447691116,2.5943872451814447,0.2168908645567235,1.9760531472632008
30.0,35.0,210.86788940429688,-0.8675885592579199,0.5814427091929676,-3.3828925757278125,-2.8026065787794625,-1.4133141667751687,0.5847649848208732,0.0142647014205311,2.594815751130514,0.2177871720245377,1.9615568969837671
30.0,35.0,211.1742248535156,-1.172831000076355,0.8275206266779435,-3.5648584018360063,-3.0142187149782864,-1.556843960383598,0.7015873162262785,-0.0147911388633199,2.587897645016666,0.2170324484164403,2.0205186324938382
30.0,35.0,270.5972900390625,-0.339195293637367,0.8682199056895401,-3.429359759109701,-2.8360077134138004,-2.288424774409026,0.351023781793731,-0.0313313341651759,2.7013817145445707,0.0884129040474424,1.90707765857914
30.0,35.0,227.75701904296875,-0.9792051486980742,0.6668289796043207,-3.226357363532365,-3.007240751307254,-2.456842984036727,0.4759042173200444,-0.0648306762697417,2.49157505107593,0.2590560882265491,2.1076353013395264
30.0,35.0,297.1531066894531,-1.163542533882826,0.7788205722658192,-3.4776451369495747,-2.501691782372519,-2.0664928400047424,0.2782905431844639,-0.0802722887063241,2.637448483345972,0.0878446717744024,1.5326607414662785
30.0,35.0,258.5357971191406,-1.3575980507671022,0.504527320340175,-3.4910149734439875,-3.216918245501879,-1.652123298785394,0.8442723995213878,0.0107651463522036,2.5099896577492404,0.3287626390341918,1.879667821823216
30.0,35.0,267.404541015625,-0.2176805605218533,1.0380693301060613,-3.590882423083285,-3.305575645919899,-1.35378195535194,0.4229096087156889,-0.2609441368697187,2.625312538298536,0.2416451296081942,2.18286321441885
30.0,35.0,269.43670654296875,-1.4665615201262887,0.7237078003587692,-3.883014448942289,-3.0141736651722058,-1.331490905615495,0.5350052855855068,-0.1379486159600293,2.6744203751546003,0.1302168663872752,1.433656199865773
30.0,35.0,211.8467254638672,-0.7477372598712155,0.6436859834828597,-3.462752233282377,-2.9250858721948507,-1.60780262608288,0.5310146488304917,-0.1403993425627469,2.580464045315256,0.1323395602747072,1.8916292211329224
30.0,36.0,214.22732543945312,-0.5709375357719852,0.6099977697356924,-3.140555826576952,-2.751540540879751,-1.5639863451240932,0.7150772700534826,-0.0298015949691891,2.517225884112829,0.2132561271602341,1.8995796105848937
30.0,36.0,210.58750915527344,-0.703398487859937,0.5436740464111831,-3.656869873380296,-2.797545504246152,-1.42009517261692,0.7314458323235206,-0.04632689584676,2.635803218812559,0.1887756529943705,1.8779722819861309
30.0,36.0,266.0086669921875,-0.8651988602160304,0.795838850913587,-3.725373039973909,-3.367153817545199,-2.5899729199514487,0.2127217260512958,-0.2711611491755846,2.4976140982215043,0.4393069268345422,2.535738525526165
30.0,36.0,228.1195373535156,-0.5485506190749521,0.695233312286615,-3.571480095374729,-2.6134550019886724,-1.1353035965596128,0.7262067412338606,-0.0980209880032982,2.575453714364196,0.2158209651802363,2.175597556332701
30.0,36.0,223.29660034179688,-0.8550075195664,0.561889368482036,-3.5481666525218225,-2.8684998960275374,-1.8119706320966176,0.7315842663908971,-0.0107875060578493,2.5596834291725106,0.2503543613908082,2.1683733637603244
30.0,36.0,210.597900390625,-0.7318280979898318,0.5914188254323861,-3.762520632782585,-2.804645763324062,-1.5552501707621134,0.7108059977869721,-0.0339586683914871,2.6116724728224123,0.1882452260922728,1.9445701194337384
30.0,36.0,254.408447265625,-1.4830690322573743,0.7121773913496777,-3.726241373110556,-3.1591481454419075,-2.166346601958004,-0.3160067511517694,-0.0406544661493137,2.6321290898891414,0.2330449294692601,1.962363157963311
30.0,36.0,232.60125732421875,-0.9715995809412836,0.5577415504301244,-3.9342848517521216,-2.632825574260343,-1.597826820354903,0.3551696161869346,-0.1003542550359881,2.559180068656376,0.2073876226225236,2.0812335455710587
30.0,36.0,207.5741577148437,-0.686965141996015,0.6133968297482193,-3.5462573106094832,-2.584725061092829,-1.407127749054816,0.7921407088901468,-0.0372440645726738,2.602195334414293,0.2127077341849965,2.004414567430152
30.0,36.0,217.80987548828125,-0.7399219093249991,0.6265199654248446,-3.3812386568411683,-3.115740592719888,-2.4970438835882924,0.4187495791001843,-0.1164287251613381,2.541142812644273,0.2703581298861386,2.0687642066891287
30.0,36.0,286.679931640625,-1.351456308836811,1.2084648294433395,-2.693007023361755,-2.955540540590349,-2.5757144026118044,0.7986278750976168,-0.0466480658428411,2.4762312342479387,0.1964744650925379,2.021275499902843
30.0,36.0,263.0406494140625,-1.2868303873634983,0.9952098691701532,-3.546650995821949,-3.291692242837229,-1.9373985017427784,-0.1535844034667546,-0.2796769726809223,2.5428472217186946,0.325330999931762,2.019106519932087
30.0,36.0,244.4027404785156,-1.4685250517230095,0.6088705291205184,-3.6463576713199495,-2.544881728925102,-1.6474228560157762,0.7594579174993055,-0.074961652832359,2.4504308881310526,0.2235923012688416,2.056703348257138
30.0,36.0,207.90756225585932,-0.6479159768522444,0.7284886100509094,-3.695921280759009,-2.781060718407121,-1.525929805493504,0.6871350509244251,-0.0636587062097553,2.565365913183575,0.2936218791881947,2.2605625805942813
30.0,36.0,256.0018615722656,-0.6691380635419755,0.5827469437519147,-3.3790136906392485,-2.798258925925,-1.1114910743566462,0.854893571052213,-0.0112353143995043,2.4149559974209645,0.2105522727190908,2.2935689610566943
30.0,36.0,221.72499084472656,-0.6415070687297988,0.7331172715204216,-3.506658255004867,-2.9018052442108404,-1.3760273821735285,0.6969500572303289,-0.17231626723246,2.638548968920509,0.231609486547494,2.04482083530356
30.0,36.0,220.53668212890625,-1.2171966783311097,0.4756538204269566,-3.473961005955754,-3.088961056374514,-1.704597891261704,0.4920041034137272,-0.0918239354140258,2.562499878329205,0.3992523830963432,2.654374933471221
30.0,36.0,228.5635528564453,-0.3549994854249461,0.7788695945608625,-3.749652683533876,-3.240048907229221,-1.6722480013993102,0.6090439695604581,-0.0698225043228019,2.513660514978988,0.2551167529867592,2.193944748143837
30.0,36.0,245.9429931640625,-0.8483266135729868,0.6453986865434707,-3.506552371550096,-3.271625883978806,-2.56814784519429,0.2147286641374462,-0.1436646083617611,2.4296898910346845,0.2413711030766583,2.371772908737178
30.0,36.0,220.6161956787109,-0.9503927517081534,0.677458880081766,-3.4985466721108613,-3.1419557166689587,-2.6450864950941537,0.7657276416976995,-0.0800017667336136,2.591298282155937,0.2318220931468717,1.9778696258291708
30.0,36.0,209.95681762695312,-0.8546054761373488,0.5561256830121146,-3.5196763665523463,-2.9998356632825494,-1.6631055522139582,0.5872105304760162,-0.0307104087849592,2.588951662564981,0.2473229352094717,1.9606851088631445
30.0,36.0,212.41294860839844,-0.7623209163399609,0.6118770638418635,-3.403948784251659,-2.9994190280741977,-1.3265313259675118,0.7083121871536535,-0.0490436342039086,2.5877609330154026,0.1860569251992293,1.9730679215566207
30.0,36.0,240.50863647460932,-0.9042593687235482,0.8553515450949849,-3.696393649968759,-2.3537574427113945,-1.4812449703213362,0.6159428455455872,-0.0469018530423728,2.564680771169352,0.1498309904320173,1.9075469790324675
30.0,36.0,205.0666046142578,-1.1845443985933988,0.700803757263604,-3.952121874349335,-2.4643146691599824,-1.274298511414923,0.7420774041366475,-0.0662084833539095,2.5733936463653886,0.2075128882354602,2.0449957298774586
30.0,36.0,221.88970947265625,-0.8733808561961942,0.7155497606499783,-3.4752829285551643,-2.6918855767736227,-1.6924920666992729,0.5277219818285475,-0.1793077577776774,2.5807317062418846,0.1613975901443036,1.763843010464756
30.0,36.0,222.95318603515625,-0.5512669439573012,0.6012298200372116,-3.5414423266019885,-3.004355636698193,-1.763108542797002,0.3498505683405848,-0.0814614354781405,2.566684407128737,0.1719927680650282,1.884386814440135
30.0,36.0,217.8655548095703,-0.734693200094301,0.5642334044448005,-3.6560295796871207,-2.4472103512507903,-1.4013636958479254,0.7804305287007681,-0.0228572444474311,2.592150929742849,0.1407959987536736,1.97449630511701
30.0,36.0,240.0376892089844,-0.818985015422538,0.7325545795717203,-3.463958090524869,-3.1745869837099026,-1.9281247841715203,0.2058466922336207,-0.3766659363291286,2.6001316734345754,0.2265875295001577,2.1979228280822705
30.0,36.0,291.2152099609375,-0.4925722241072047,0.979423402732359,-3.605525640219117,-3.1749731558961845,-1.915760572200272,0.5698221181835107,-0.0820334709090166,2.7895552300879123,0.2353030132978962,2.6257327440521387
30.0,36.0,246.86642456054688,-0.9397382794050816,0.444321978215822,-3.592133175105278,-3.1758492451955185,-1.7881077118314863,0.5701658009830611,0.0514782389659365,2.4254623917333142,0.2597666588085365,1.926173185455858
30.0,36.0,216.61349487304688,-0.8742870949961354,0.56875095512006,-3.497064669960815,-3.0801609567100705,-1.5859277114682282,0.7236664129750331,0.078156620677614,2.5253211881971027,0.1505674014375079,1.9696697594908883
30.0,36.0,260.75506591796875,-0.7235173814946477,0.2633142916060825,-3.729488048766044,-2.598819823759516,-1.5621266964312754,0.5837873023273118,-0.2228563854805409,2.2311934862750764,0.0184947537160842,1.5811522207979942
30.0,36.0,222.7979736328125,-0.442732262413825,0.8690237858668566,-3.591566050933263,-2.475968233429029,-1.292565001219887,0.8696476213143532,-0.0274287940678758,2.538533767897868,0.2222450154248834,1.6931619466018952
30.0,36.0,269.95477294921875,-0.9469876444525336,0.1611961980496876,-3.332253426200541,-3.2034244442623727,-2.023062704858525,0.2799096290766134,-0.0857408084903322,2.264403188659717,0.06585787261784,1.7735905610321585
30.0,36.0,248.2855834960937,-0.770799003272738,0.4753827710612451,-3.433535942894001,-3.109739668051914,-2.4246479649296173,-0.1173976404518245,-0.4245061830428389,2.431571807945595,0.260741302209151,2.106431543141128
30.0,36.0,223.1627655029297,-0.8985820546660013,0.6016829497122207,-3.411395380510474,-3.664917165476703,-1.3178500873651418,0.7560007663919874,0.1789006658911505,2.607908573691832,0.2340229240768573,1.9822286294627685
30.0,36.0,245.99302673339844,-0.7494604562313425,0.5827624451646062,-3.1978432976312727,-2.930434860001456,-2.589522757468941,0.4511330050359632,-0.2349149109541924,2.459352546895984,0.2558733024443547,1.86071018527782
30.0,36.0,213.39453125,-0.677454921797442,0.5239078157027569,-3.6255810010738143,-2.855743792855663,-1.399999879801493,0.66407102189409,0.0366740582308147,2.589056390536872,0.292458637979307,2.1745045146165745
30.0,36.0,256.37762451171875,-1.1740985325224615,0.7032819505618381,-3.4066706406576484,-3.71611809466677,-1.557211301218996,0.5527160638726896,-0.3590757376082736,2.5580340375955064,0.079370969136926,2.0201833040629724
30.0,36.0,237.2328491210937,-1.428040425390325,0.6174814452730092,-3.5736048511054546,-3.410823463642112,-1.461635712523008,0.80848581446371,0.2139962644890252,2.6033857876251307,0.1762205424558912,1.9148313389189773
30.0,36.0,205.575927734375,-0.8160173862793221,0.5906195673798553,-3.5501247184478806,-2.9220737949502533,-1.5276746941164658,0.7254873283981647,-0.0189028447691116,2.5943872451814447,0.2168908645567235,1.9760531472632008
30.0,36.0,210.86788940429688,-0.8675885592579199,0.5814427091929676,-3.3828925757278125,-2.8026065787794625,-1.4133141667751687,0.5847649848208732,0.0142647014205311,2.594815751130514,0.2177871720245377,1.9615568969837671
30.0,36.0,211.1742248535156,-1.172831000076355,0.8275206266779435,-3.5648584018360063,-3.0142187149782864,-1.556843960383598,0.7015873162262785,-0.0147911388633199,2.587897645016666,0.2170324484164403,2.0205186324938382
30.0,36.0,270.5972900390625,-0.339195293637367,0.8682199056895401,-3.429359759109701,-2.8360077134138004,-2.288424774409026,0.351023781793731,-0.0313313341651759,2.7013817145445707,0.0884129040474424,1.90707765857914
30.0,36.0,227.75701904296875,-0.9792051486980742,0.6668289796043207,-3.226357363532365,-3.007240751307254,-2.456842984036727,0.4759042173200444,-0.0648306762697417,2.49157505107593,0.2590560882265491,2.1076353013395264
30.0,36.0,297.1531066894531,-1.163542533882826,0.7788205722658192,-3.4776451369495747,-2.501691782372519,-2.0664928400047424,0.2782905431844639,-0.0802722887063241,2.637448483345972,0.0878446717744024,1.5326607414662785
30.0,36.0,258.5357971191406,-1.3575980507671022,0.504527320340175,-3.4910149734439875,-3.216918245501879,-1.652123298785394,0.8442723995213878,0.0107651463522036,2.5099896577492404,0.3287626390341918,1.879667821823216
30.0,36.0,267.404541015625,-0.2176805605218533,1.0380693301060613,-3.590882423083285,-3.305575645919899,-1.35378195535194,0.4229096087156889,-0.2609441368697187,2.625312538298536,0.2416451296081942,2.18286321441885
30.0,36.0,269.43670654296875,-1.4665615201262887,0.7237078003587692,-3.883014448942289,-3.0141736651722058,-1.331490905615495,0.5350052855855068,-0.1379486159600293,2.6744203751546003,0.1302168663872752,1.433656199865773
30.0,36.0,211.8467254638672,-0.7477372598712155,0.6436859834828597,-3.462752233282377,-2.9250858721948507,-1.60780262608288,0.5310146488304917,-0.1403993425627469,2.580464045315256,0.1323395602747072,1.8916292211329224
30.0,37.0,214.22732543945312,-0.5709375357719852,0.6099977697356924,-3.140555826576952,-2.751540540879751,-1.5639863451240932,0.7150772700534826,-0.0298015949691891,2.517225884112829,0.2132561271602341,1.8995796105848937
30.0,37.0,210.58750915527344,-0.703398487859937,0.5436740464111831,-3.656869873380296,-2.797545504246152,-1.42009517261692,0.7314458323235206,-0.04632689584676,2.635803218812559,0.1887756529943705,1.8779722819861309
30.0,37.0,266.0086669921875,-0.8651988602160304,0.795838850913587,-3.725373039973909,-3.367153817545199,-2.5899729199514487,0.2127217260512958,-0.2711611491755846,2.4976140982215043,0.4393069268345422,2.535738525526165
30.0,37.0,220.02752685546875,-1.5763399824915625,0.6677805437198254,-3.5603195078056458,-2.6689465763326576,-1.3721711127841574,0.7442569290723814,-0.1538097083744664,2.5653082290870524,0.2040654320991673,2.060804649128472
30.0,37.0,223.29660034179688,-0.8550075195664,0.561889368482036,-3.5481666525218225,-2.8684998960275374,-1.8119706320966176,0.7315842663908971,-0.0107875060578493,2.5596834291725106,0.2503543613908082,2.1683733637603244
30.0,37.0,210.597900390625,-0.7318280979898318,0.5914188254323861,-3.762520632782585,-2.804645763324062,-1.5552501707621134,0.7108059977869721,-0.0339586683914871,2.6116724728224123,0.1882452260922728,1.9445701194337384
30.0,37.0,254.408447265625,-1.4830690322573743,0.7121773913496777,-3.726241373110556,-3.1591481454419075,-2.166346601958004,-0.3160067511517694,-0.0406544661493137,2.6321290898891414,0.2330449294692601,1.962363157963311
30.0,37.0,232.60125732421875,-0.9715995809412836,0.5577415504301244,-3.9342848517521216,-2.632825574260343,-1.597826820354903,0.3551696161869346,-0.1003542550359881,2.559180068656376,0.2073876226225236,2.0812335455710587
30.0,37.0,207.5741577148437,-0.686965141996015,0.6133968297482193,-3.5462573106094832,-2.584725061092829,-1.407127749054816,0.7921407088901468,-0.0372440645726738,2.602195334414293,0.2127077341849965,2.004414567430152
30.0,37.0,217.80987548828125,-0.7399219093249991,0.6265199654248446,-3.3812386568411683,-3.115740592719888,-2.4970438835882924,0.4187495791001843,-0.1164287251613381,2.541142812644273,0.2703581298861386,2.0687642066891287
30.0,37.0,286.679931640625,-1.351456308836811,1.2084648294433395,-2.693007023361755,-2.955540540590349,-2.5757144026118044,0.7986278750976168,-0.0466480658428411,2.4762312342479387,0.1964744650925379,2.021275499902843
30.0,37.0,263.0406494140625,-1.2868303873634983,0.9952098691701532,-3.546650995821949,-3.291692242837229,-1.9373985017427784,-0.1535844034667546,-0.2796769726809223,2.5428472217186946,0.325330999931762,2.019106519932087
30.0,37.0,244.4027404785156,-1.4685250517230095,0.6088705291205184,-3.6463576713199495,-2.544881728925102,-1.6474228560157762,0.7594579174993055,-0.074961652832359,2.4504308881310526,0.2235923012688416,2.056703348257138
30.0,37.0,207.90756225585932,-0.6479159768522444,0.7284886100509094,-3.695921280759009,-2.781060718407121,-1.525929805493504,0.6871350509244251,-0.0636587062097553,2.565365913183575,0.2936218791881947,2.2605625805942813
30.0,37.0,256.0018615722656,-0.6691380635419755,0.5827469437519147,-3.3790136906392485,-2.798258925925,-1.1114910743566462,0.854893571052213,-0.0112353143995043,2.4149559974209645,0.2105522727190908,2.2935689610566943
30.0,37.0,221.72499084472656,-0.6415070687297988,0.7331172715204216,-3.506658255004867,-2.9018052442108404,-1.3760273821735285,0.6969500572303289,-0.17231626723246,2.638548968920509,0.231609486547494,2.04482083530356
30.0,37.0,220.53668212890625,-1.2171966783311097,0.4756538204269566,-3.473961005955754,-3.088961056374514,-1.704597891261704,0.4920041034137272,-0.0918239354140258,2.562499878329205,0.3992523830963432,2.654374933471221
30.0,37.0,228.5635528564453,-0.3549994854249461,0.7788695945608625,-3.749652683533876,-3.240048907229221,-1.6722480013993102,0.6090439695604581,-0.0698225043228019,2.513660514978988,0.2551167529867592,2.193944748143837
30.0,37.0,245.9429931640625,-0.8483266135729868,0.6453986865434707,-3.506552371550096,-3.271625883978806,-2.56814784519429,0.2147286641374462,-0.1436646083617611,2.4296898910346845,0.2413711030766583,2.371772908737178
30.0,37.0,220.6161956787109,-0.9503927517081534,0.677458880081766,-3.4985466721108613,-3.1419557166689587,-2.6450864950941537,0.7657276416976995,-0.0800017667336136,2.591298282155937,0.2318220931468717,1.9778696258291708
30.0,37.0,209.95681762695312,-0.8546054761373488,0.5561256830121146,-3.5196763665523463,-2.9998356632825494,-1.6631055522139582,0.5872105304760162,-0.0307104087849592,2.588951662564981,0.2473229352094717,1.9606851088631445
30.0,37.0,210.38900756835932,-1.1030148903538175,0.6725199004498206,-3.0500689734425626,-2.512123982529112,-1.1726469422402617,0.7358130392764585,-0.0671597881709646,2.5691551791767107,0.1947903557842434,2.0762868036809854
30.0,37.0,240.50863647460932,-0.9042593687235482,0.8553515450949849,-3.696393649968759,-2.3537574427113945,-1.4812449703213362,0.6159428455455872,-0.0469018530423728,2.564680771169352,0.1498309904320173,1.9075469790324675
30.0,37.0,205.0666046142578,-1.1845443985933988,0.700803757263604,-3.952121874349335,-2.4643146691599824,-1.274298511414923,0.7420774041366475,-0.0662084833539095,2.5733936463653886,0.2075128882354602,2.0449957298774586
30.0,37.0,221.88970947265625,-0.8733808561961942,0.7155497606499783,-3.4752829285551643,-2.6918855767736227,-1.6924920666992729,0.5277219818285475,-0.1793077577776774,2.5807317062418846,0.1613975901443036,1.763843010464756
30.0,37.0,222.95318603515625,-0.5512669439573012,0.6012298200372116,-3.5414423266019885,-3.004355636698193,-1.763108542797002,0.3498505683405848,-0.0814614354781405,2.566684407128737,0.1719927680650282,1.884386814440135
30.0,37.0,217.8655548095703,-0.734693200094301,0.5642334044448005,-3.6560295796871207,-2.4472103512507903,-1.4013636958479254,0.7804305287007681,-0.0228572444474311,2.592150929742849,0.1407959987536736,1.97449630511701
30.0,37.0,240.0376892089844,-0.818985015422538,0.7325545795717203,-3.463958090524869,-3.1745869837099026,-1.9281247841715203,0.2058466922336207,-0.3766659363291286,2.6001316734345754,0.2265875295001577,2.1979228280822705
30.0,37.0,291.2152099609375,-0.4925722241072047,0.979423402732359,-3.605525640219117,-3.1749731558961845,-1.915760572200272,0.5698221181835107,-0.0820334709090166,2.7895552300879123,0.2353030132978962,2.6257327440521387
30.0,37.0,246.86642456054688,-0.9397382794050816,0.444321978215822,-3.592133175105278,-3.1758492451955185,-1.7881077118314863,0.5701658009830611,0.0514782389659365,2.4254623917333142,0.2597666588085365,1.926173185455858
30.0,37.0,216.61349487304688,-0.8742870949961354,0.56875095512006,-3.497064669960815,-3.0801609567100705,-1.5859277114682282,0.7236664129750331,0.078156620677614,2.5253211881971027,0.1505674014375079,1.9696697594908883
30.0,37.0,260.75506591796875,-0.7235173814946477,0.2633142916060825,-3.729488048766044,-2.598819823759516,-1.5621266964312754,0.5837873023273118,-0.2228563854805409,2.2311934862750764,0.0184947537160842,1.5811522207979942
30.0,37.0,222.7979736328125,-0.442732262413825,0.8690237858668566,-3.591566050933263,-2.475968233429029,-1.292565001219887,0.8696476213143532,-0.0274287940678758,2.538533767897868,0.2222450154248834,1.6931619466018952
30.0,37.0,269.95477294921875,-0.9469876444525336,0.1611961980496876,-3.332253426200541,-3.2034244442623727,-2.023062704858525,0.2799096290766134,-0.0857408084903322,2.264403188659717,0.06585787261784,1.7735905610321585
30.0,37.0,248.2855834960937,-0.770799003272738,0.4753827710612451,-3.433535942894001,-3.109739668051914,-2.4246479649296173,-0.1173976404518245,-0.4245061830428389,2.431571807945595,0.260741302209151,2.106431543141128
30.0,37.0,223.1627655029297,-0.8985820546660013,0.6016829497122207,-3.411395380510474,-3.664917165476703,-1.3178500873651418,0.7560007663919874,0.1789006658911505,2.607908573691832,0.2340229240768573,1.9822286294627685
30.0,37.0,245.99302673339844,-0.7494604562313425,0.5827624451646062,-3.1978432976312727,-2.930434860001456,-2.589522757468941,0.4511330050359632,-0.2349149109541924,2.459352546895984,0.2558733024443547,1.86071018527782
30.0,37.0,213.39453125,-0.677454921797442,0.5239078157027569,-3.6255810010738143,-2.855743792855663,-1.399999879801493,0.66407102189409,0.0366740582308147,2.589056390536872,0.292458637979307,2.1745045146165745
30.0,37.0,256.37762451171875,-1.1740985325224615,0.7032819505618381,-3.4066706406576484,-3.71611809466677,-1.557211301218996,0.5527160638726896,-0.3590757376082736,2.5580340375955064,0.079370969136926,2.0201833040629724
30.0,37.0,237.2328491210937,-1.428040425390325,0.6174814452730092,-3.5736048511054546,-3.410823463642112,-1.461635712523008,0.80848581446371,0.2139962644890252,2.6033857876251307,0.1762205424558912,1.9148313389189773
30.0,37.0,205.575927734375,-0.8160173862793221,0.5906195673798553,-3.5501247184478806,-2.9220737949502533,-1.5276746941164658,0.7254873283981647,-0.0189028447691116,2.5943872451814447,0.2168908645567235,1.9760531472632008
30.0,37.0,210.86788940429688,-0.8675885592579199,0.5814427091929676,-3.3828925757278125,-2.8026065787794625,-1.4133141667751687,0.5847649848208732,0.0142647014205311,2.594815751130514,0.2177871720245377,1.9615568969837671
30.0,37.0,211.1742248535156,-1.172831000076355,0.8275206266779435,-3.5648584018360063,-3.0142187149782864,-1.556843960383598,0.7015873162262785,-0.0147911388633199,2.587897645016666,0.2170324484164403,2.0205186324938382
30.0,37.0,270.5972900390625,-0.339195293637367,0.8682199056895401,-3.429359759109701,-2.8360077134138004,-2.288424774409026,0.351023781793731,-0.0313313341651759,2.7013817145445707,0.0884129040474424,1.90707765857914
30.0,37.0,227.75701904296875,-0.9792051486980742,0.6668289796043207,-3.226357363532365,-3.007240751307254,-2.456842984036727,0.4759042173200444,-0.0648306762697417,2.49157505107593,0.2590560882265491,2.1076353013395264
30.0,37.0,297.1531066894531,-1.163542533882826,0.7788205722658192,-3.4776451369495747,-2.501691782372519,-2.0664928400047424,0.2782905431844639,-0.0802722887063241,2.637448483345972,0.0878446717744024,1.5326607414662785
30.0,37.0,258.5357971191406,-1.3575980507671022,0.504527320340175,-3.4910149734439875,-3.216918245501879,-1.652123298785394,0.8442723995213878,0.0107651463522036,2.5099896577492404,0.3287626390341918,1.879667821823216
30.0,37.0,267.404541015625,-0.2176805605218533,1.0380693301060613,-3.590882423083285,-3.305575645919899,-1.35378195535194,0.4229096087156889,-0.2609441368697187,2.625312538298536,0.2416451296081942,2.18286321441885
30.0,37.0,269.43670654296875,-1.4665615201262887,0.7237078003587692,-3.883014448942289,-3.0141736651722058,-1.331490905615495,0.5350052855855068,-0.1379486159600293,2.6744203751546003,0.1302168663872752,1.433656199865773
30.0,37.0,211.8467254638672,-0.7477372598712155,0.6436859834828597,-3.462752233282377,-2.9250858721948507,-1.60780262608288,0.5310146488304917,-0.1403993425627469,2.580464045315256,0.1323395602747072,1.8916292211329224
30.0,38.0,214.22732543945312,-0.5709375357719852,0.6099977697356924,-3.140555826576952,-2.751540540879751,-1.5639863451240932,0.7150772700534826,-0.0298015949691891,2.517225884112829,0.2132561271602341,1.8995796105848937
30.0,38.0,210.58750915527344,-0.703398487859937,0.5436740464111831,-3.656869873380296,-2.797545504246152,-1.42009517261692,0.7314458323235206,-0.04632689584676,2.635803218812559,0.1887756529943705,1.8779722819861309
30.0,38.0,266.0086669921875,-0.8651988602160304,0.795838850913587,-3.725373039973909,-3.367153817545199,-2.5899729199514487,0.2127217260512958,-0.2711611491755846,2.4976140982215043,0.4393069268345422,2.535738525526165
30.0,38.0,220.02752685546875,-1.5763399824915625,0.6677805437198254,-3.5603195078056458,-2.6689465763326576,-1.3721711127841574,0.7442569290723814,-0.1538097083744664,2.5653082290870524,0.2040654320991673,2.060804649128472
30.0,38.0,223.29660034179688,-0.8550075195664,0.561889368482036,-3.5481666525218225,-2.8684998960275374,-1.8119706320966176,0.7315842663908971,-0.0107875060578493,2.5596834291725106,0.2503543613908082,2.1683733637603244
30.0,38.0,210.597900390625,-0.7318280979898318,0.5914188254323861,-3.762520632782585,-2.804645763324062,-1.5552501707621134,0.7108059977869721,-0.0339586683914871,2.6116724728224123,0.1882452260922728,1.9445701194337384
30.0,38.0,254.408447265625,-1.4830690322573743,0.7121773913496777,-3.726241373110556,-3.1591481454419075,-2.166346601958004,-0.3160067511517694,-0.0406544661493137,2.6321290898891414,0.2330449294692601,1.962363157963311
30.0,38.0,232.60125732421875,-0.9715995809412836,0.5577415504301244,-3.9342848517521216,-2.632825574260343,-1.597826820354903,0.3551696161869346,-0.1003542550359881,2.559180068656376,0.2073876226225236,2.0812335455710587
30.0,38.0,207.5741577148437,-0.686965141996015,0.6133968297482193,-3.5462573106094832,-2.584725061092829,-1.407127749054816,0.7921407088901468,-0.0372440645726738,2.602195334414293,0.2127077341849965,2.004414567430152
30.0,38.0,217.80987548828125,-0.7399219093249991,0.6265199654248446,-3.3812386568411683,-3.115740592719888,-2.4970438835882924,0.4187495791001843,-0.1164287251613381,2.541142812644273,0.2703581298861386,2.0687642066891287
30.0,38.0,286.679931640625,-1.351456308836811,1.2084648294433395,-2.693007023361755,-2.955540540590349,-2.5757144026118044,0.7986278750976168,-0.0466480658428411,2.4762312342479387,0.1964744650925379,2.021275499902843
30.0,38.0,263.0406494140625,-1.2868303873634983,0.9952098691701532,-3.546650995821949,-3.291692242837229,-1.9373985017427784,-0.1535844034667546,-0.2796769726809223,2.5428472217186946,0.325330999931762,2.019106519932087
30.0,38.0,244.4027404785156,-1.4685250517230095,0.6088705291205184,-3.6463576713199495,-2.544881728925102,-1.6474228560157762,0.7594579174993055,-0.074961652832359,2.4504308881310526,0.2235923012688416,2.056703348257138
30.0,38.0,207.90756225585932,-0.6479159768522444,0.7284886100509094,-3.695921280759009,-2.781060718407121,-1.525929805493504,0.6871350509244251,-0.0636587062097553,2.565365913183575,0.2936218791881947,2.2605625805942813
30.0,38.0,256.0018615722656,-0.6691380635419755,0.5827469437519147,-3.3790136906392485,-2.798258925925,-1.1114910743566462,0.854893571052213,-0.0112353143995043,2.4149559974209645,0.2105522727190908,2.2935689610566943
30.0,38.0,204.8106384277344,-1.254726376404085,0.7125155664595609,-3.707666905829853,-2.6955806254825507,-1.4354193519062597,0.7512400792514216,-0.0140717053441493,2.5845233329431867,0.2212652358131333,2.068509187674032
30.0,38.0,220.53668212890625,-1.2171966783311097,0.4756538204269566,-3.473961005955754,-3.088961056374514,-1.704597891261704,0.4920041034137272,-0.0918239354140258,2.562499878329205,0.3992523830963432,2.654374933471221
30.0,38.0,228.5635528564453,-0.3549994854249461,0.7788695945608625,-3.749652683533876,-3.240048907229221,-1.6722480013993102,0.6090439695604581,-0.0698225043228019,2.513660514978988,0.2551167529867592,2.193944748143837
30.0,38.0,245.9429931640625,-0.8483266135729868,0.6453986865434707,-3.506552371550096,-3.271625883978806,-2.56814784519429,0.2147286641374462,-0.1436646083617611,2.4296898910346845,0.2413711030766583,2.371772908737178
30.0,38.0,220.6161956787109,-0.9503927517081534,0.677458880081766,-3.4985466721108613,-3.1419557166689587,-2.6450864950941537,0.7657276416976995,-0.0800017667336136,2.591298282155937,0.2318220931468717,1.9778696258291708
30.0,38.0,209.95681762695312,-0.8546054761373488,0.5561256830121146,-3.5196763665523463,-2.9998356632825494,-1.6631055522139582,0.5872105304760162,-0.0307104087849592,2.588951662564981,0.2473229352094717,1.9606851088631445
30.0,38.0,210.38900756835932,-1.1030148903538175,0.6725199004498206,-3.0500689734425626,-2.512123982529112,-1.1726469422402617,0.7358130392764585,-0.0671597881709646,2.5691551791767107,0.1947903557842434,2.0762868036809854
30.0,38.0,240.50863647460932,-0.9042593687235482,0.8553515450949849,-3.696393649968759,-2.3537574427113945,-1.4812449703213362,0.6159428455455872,-0.0469018530423728,2.564680771169352,0.1498309904320173,1.9075469790324675
30.0,38.0,205.0666046142578,-1.1845443985933988,0.700803757263604,-3.952121874349335,-2.4643146691599824,-1.274298511414923,0.7420774041366475,-0.0662084833539095,2.5733936463653886,0.2075128882354602,2.0449957298774586
30.0,38.0,221.88970947265625,-0.8733808561961942,0.7155497606499783,-3.4752829285551643,-2.6918855767736227,-1.6924920666992729,0.5277219818285475,-0.1793077577776774,2.5807317062418846,0.1613975901443036,1.763843010464756
30.0,38.0,222.95318603515625,-0.5512669439573012,0.6012298200372116,-3.5414423266019885,-3.004355636698193,-1.763108542797002,0.3498505683405848,-0.0814614354781405,2.566684407128737,0.1719927680650282,1.884386814440135
30.0,38.0,217.8655548095703,-0.734693200094301,0.5642334044448005,-3.6560295796871207,-2.4472103512507903,-1.4013636958479254,0.7804305287007681,-0.0228572444474311,2.592150929742849,0.1407959987536736,1.97449630511701
30.0,38.0,240.0376892089844,-0.818985015422538,0.7325545795717203,-3.463958090524869,-3.1745869837099026,-1.9281247841715203,0.2058466922336207,-0.3766659363291286,2.6001316734345754,0.2265875295001577,2.1979228280822705
30.0,38.0,291.2152099609375,-0.4925722241072047,0.979423402732359,-3.605525640219117,-3.1749731558961845,-1.915760572200272,0.5698221181835107,-0.0820334709090166,2.7895552300879123,0.2353030132978962,2.6257327440521387
30.0,38.0,246.86642456054688,-0.9397382794050816,0.444321978215822,-3.592133175105278,-3.1758492451955185,-1.7881077118314863,0.5701658009830611,0.0514782389659365,2.4254623917333142,0.2597666588085365,1.926173185455858
30.0,38.0,216.61349487304688,-0.8742870949961354,0.56875095512006,-3.497064669960815,-3.0801609567100705,-1.5859277114682282,0.7236664129750331,0.078156620677614,2.5253211881971027,0.1505674014375079,1.9696697594908883
30.0,38.0,260.75506591796875,-0.7235173814946477,0.2633142916060825,-3.729488048766044,-2.598819823759516,-1.5621266964312754,0.5837873023273118,-0.2228563854805409,2.2311934862750764,0.0184947537160842,1.5811522207979942
30.0,38.0,222.7979736328125,-0.442732262413825,0.8690237858668566,-3.591566050933263,-2.475968233429029,-1.292565001219887,0.8696476213143532,-0.0274287940678758,2.538533767897868,0.2222450154248834,1.6931619466018952
30.0,38.0,269.95477294921875,-0.9469876444525336,0.1611961980496876,-3.332253426200541,-3.2034244442623727,-2.023062704858525,0.2799096290766134,-0.0857408084903322,2.264403188659717,0.06585787261784,1.7735905610321585
30.0,38.0,248.2855834960937,-0.770799003272738,0.4753827710612451,-3.433535942894001,-3.109739668051914,-2.4246479649296173,-0.1173976404518245,-0.4245061830428389,2.431571807945595,0.260741302209151,2.106431543141128
30.0,38.0,223.1627655029297,-0.8985820546660013,0.6016829497122207,-3.411395380510474,-3.664917165476703,-1.3178500873651418,0.7560007663919874,0.1789006658911505,2.607908573691832,0.2340229240768573,1.9822286294627685
30.0,38.0,245.99302673339844,-0.7494604562313425,0.5827624451646062,-3.1978432976312727,-2.930434860001456,-2.589522757468941,0.4511330050359632,-0.2349149109541924,2.459352546895984,0.2558733024443547,1.86071018527782
30.0,38.0,213.39453125,-0.677454921797442,0.5239078157027569,-3.6255810010738143,-2.855743792855663,-1.399999879801493,0.66407102189409,0.0366740582308147,2.589056390536872,0.292458637979307,2.1745045146165745
30.0,38.0,256.37762451171875,-1.1740985325224615,0.7032819505618381,-3.4066706406576484,-3.71611809466677,-1.557211301218996,0.5527160638726896,-0.3590757376082736,2.5580340375955064,0.079370969136926,2.0201833040629724
30.0,38.0,237.2328491210937,-1.428040425390325,0.6174814452730092,-3.5736048511054546,-3.410823463642112,-1.461635712523008,0.80848581446371,0.2139962644890252,2.6033857876251307,0.1762205424558912,1.9148313389189773
30.0,38.0,205.575927734375,-0.8160173862793221,0.5906195673798553,-3.5501247184478806,-2.9220737949502533,-1.5276746941164658,0.7254873283981647,-0.0189028447691116,2.5943872451814447,0.2168908645567235,1.9760531472632008
30.0,38.0,210.86788940429688,-0.8675885592579199,0.5814427091929676,-3.3828925757278125,-2.8026065787794625,-1.4133141667751687,0.5847649848208732,0.0142647014205311,2.594815751130514,0.2177871720245377,1.9615568969837671
30.0,38.0,211.1742248535156,-1.172831000076355,0.8275206266779435,-3.5648584018360063,-3.0142187149782864,-1.556843960383598,0.7015873162262785,-0.0147911388633199,2.587897645016666,0.2170324484164403,2.0205186324938382
30.0,38.0,270.5972900390625,-0.339195293637367,0.8682199056895401,-3.429359759109701,-2.8360077134138004,-2.288424774409026,0.351023781793731,-0.0313313341651759,2.7013817145445707,0.0884129040474424,1.90707765857914
30.0,38.0,227.75701904296875,-0.9792051486980742,0.6668289796043207,-3.226357363532365,-3.007240751307254,-2.456842984036727,0.4759042173200444,-0.0648306762697417,2.49157505107593,0.2590560882265491,2.1076353013395264
30.0,38.0,297.1531066894531,-1.163542533882826,0.7788205722658192,-3.4776451369495747,-2.501691782372519,-2.0664928400047424,0.2782905431844639,-0.0802722887063241,2.637448483345972,0.0878446717744024,1.5326607414662785
30.0,38.0,258.5357971191406,-1.3575980507671022,0.504527320340175,-3.4910149734439875,-3.216918245501879,-1.652123298785394,0.8442723995213878,0.0107651463522036,2.5099896577492404,0.3287626390341918,1.879667821823216
30.0,38.0,267.404541015625,-0.2176805605218533,1.0380693301060613,-3.590882423083285,-3.305575645919899,-1.35378195535194,0.4229096087156889,-0.2609441368697187,2.625312538298536,0.2416451296081942,2.18286321441885
30.0,38.0,269.43670654296875,-1.4665615201262887,0.7237078003587692,-3.883014448942289,-3.0141736651722058,-1.331490905615495,0.5350052855855068,-0.1379486159600293,2.6744203751546003,0.1302168663872752,1.433656199865773
30.0,38.0,211.8467254638672,-0.7477372598712155,0.6436859834828597,-3.462752233282377,-2.9250858721948507,-1.60780262608288,0.5310146488304917,-0.1403993425627469,2.580464045315256,0.1323395602747072,1.8916292211329224
30.0,39.0,214.22732543945312,-0.5709375357719852,0.6099977697356924,-3.140555826576952,-2.751540540879751,-1.5639863451240932,0.7150772700534826,-0.0298015949691891,2.517225884112829,0.2132561271602341,1.8995796105848937
30.0,39.0,210.58750915527344,-0.703398487859937,0.5436740464111831,-3.656869873380296,-2.797545504246152,-1.42009517261692,0.7314458323235206,-0.04632689584676,2.635803218812559,0.1887756529943705,1.8779722819861309
30.0,39.0,266.0086669921875,-0.8651988602160304,0.795838850913587,-3.725373039973909,-3.367153817545199,-2.5899729199514487,0.2127217260512958,-0.2711611491755846,2.4976140982215043,0.4393069268345422,2.535738525526165
30.0,39.0,213.03610229492188,-1.2354398857338844,0.7939081102973878,-3.3493720484664875,-2.8902677482083985,-1.461602894822429,0.7525245416952614,0.0544893644116046,2.5819723856611865,0.2089731658571398,2.209859361703204
30.0,39.0,223.29660034179688,-0.8550075195664,0.561889368482036,-3.5481666525218225,-2.8684998960275374,-1.8119706320966176,0.7315842663908971,-0.0107875060578493,2.5596834291725106,0.2503543613908082,2.1683733637603244
30.0,39.0,210.597900390625,-0.7318280979898318,0.5914188254323861,-3.762520632782585,-2.804645763324062,-1.5552501707621134,0.7108059977869721,-0.0339586683914871,2.6116724728224123,0.1882452260922728,1.9445701194337384
30.0,39.0,254.408447265625,-1.4830690322573743,0.7121773913496777,-3.726241373110556,-3.1591481454419075,-2.166346601958004,-0.3160067511517694,-0.0406544661493137,2.6321290898891414,0.2330449294692601,1.962363157963311
30.0,39.0,232.60125732421875,-0.9715995809412836,0.5577415504301244,-3.9342848517521216,-2.632825574260343,-1.597826820354903,0.3551696161869346,-0.1003542550359881,2.559180068656376,0.2073876226225236,2.0812335455710587
30.0,39.0,207.5741577148437,-0.686965141996015,0.6133968297482193,-3.5462573106094832,-2.584725061092829,-1.407127749054816,0.7921407088901468,-0.0372440645726738,2.602195334414293,0.2127077341849965,2.004414567430152
30.0,39.0,217.80987548828125,-0.7399219093249991,0.6265199654248446,-3.3812386568411683,-3.115740592719888,-2.4970438835882924,0.4187495791001843,-0.1164287251613381,2.541142812644273,0.2703581298861386,2.0687642066891287
30.0,39.0,286.679931640625,-1.351456308836811,1.2084648294433395,-2.693007023361755,-2.955540540590349,-2.5757144026118044,0.7986278750976168,-0.0466480658428411,2.4762312342479387,0.1964744650925379,2.021275499902843
30.0,39.0,263.0406494140625,-1.2868303873634983,0.9952098691701532,-3.546650995821949,-3.291692242837229,-1.9373985017427784,-0.1535844034667546,-0.2796769726809223,2.5428472217186946,0.325330999931762,2.019106519932087
30.0,39.0,244.4027404785156,-1.4685250517230095,0.6088705291205184,-3.6463576713199495,-2.544881728925102,-1.6474228560157762,0.7594579174993055,-0.074961652832359,2.4504308881310526,0.2235923012688416,2.056703348257138
30.0,39.0,207.90756225585932,-0.6479159768522444,0.7284886100509094,-3.695921280759009,-2.781060718407121,-1.525929805493504,0.6871350509244251,-0.0636587062097553,2.565365913183575,0.2936218791881947,2.2605625805942813
30.0,39.0,256.0018615722656,-0.6691380635419755,0.5827469437519147,-3.3790136906392485,-2.798258925925,-1.1114910743566462,0.854893571052213,-0.0112353143995043,2.4149559974209645,0.2105522727190908,2.2935689610566943
30.0,39.0,204.8106384277344,-1.254726376404085,0.7125155664595609,-3.707666905829853,-2.6955806254825507,-1.4354193519062597,0.7512400792514216,-0.0140717053441493,2.5845233329431867,0.2212652358131333,2.068509187674032
30.0,39.0,220.53668212890625,-1.2171966783311097,0.4756538204269566,-3.473961005955754,-3.088961056374514,-1.704597891261704,0.4920041034137272,-0.0918239354140258,2.562499878329205,0.3992523830963432,2.654374933471221
30.0,39.0,228.5635528564453,-0.3549994854249461,0.7788695945608625,-3.749652683533876,-3.240048907229221,-1.6722480013993102,0.6090439695604581,-0.0698225043228019,2.513660514978988,0.2551167529867592,2.193944748143837
30.0,39.0,245.9429931640625,-0.8483266135729868,0.6453986865434707,-3.506552371550096,-3.271625883978806,-2.56814784519429,0.2147286641374462,-0.1436646083617611,2.4296898910346845,0.2413711030766583,2.371772908737178
30.0,39.0,220.6161956787109,-0.9503927517081534,0.677458880081766,-3.4985466721108613,-3.1419557166689587,-2.6450864950941537,0.7657276416976995,-0.0800017667336136,2.591298282155937,0.2318220931468717,1.9778696258291708
30.0,39.0,209.95681762695312,-0.8546054761373488,0.5561256830121146,-3.5196763665523463,-2.9998356632825494,-1.6631055522139582,0.5872105304760162,-0.0307104087849592,2.588951662564981,0.2473229352094717,1.9606851088631445
30.0,39.0,210.38900756835932,-1.1030148903538175,0.6725199004498206,-3.0500689734425626,-2.512123982529112,-1.1726469422402617,0.7358130392764585,-0.0671597881709646,2.5691551791767107,0.1947903557842434,2.0762868036809854
30.0,39.0,240.50863647460932,-0.9042593687235482,0.8553515450949849,-3.696393649968759,-2.3537574427113945,-1.4812449703213362,0.6159428455455872,-0.0469018530423728,2.564680771169352,0.1498309904320173,1.9075469790324675
30.0,39.0,205.0666046142578,-1.1845443985933988,0.700803757263604,-3.952121874349335,-2.4643146691599824,-1.274298511414923,0.7420774041366475,-0.0662084833539095,2.5733936463653886,0.2075128882354602,2.0449957298774586
30.0,39.0,221.88970947265625,-0.8733808561961942,0.7155497606499783,-3.4752829285551643,-2.6918855767736227,-1.6924920666992729,0.5277219818285475,-0.1793077577776774,2.5807317062418846,0.1613975901443036,1.763843010464756
30.0,39.0,222.95318603515625,-0.5512669439573012,0.6012298200372116,-3.5414423266019885,-3.004355636698193,-1.763108542797002,0.3498505683405848,-0.0814614354781405,2.566684407128737,0.1719927680650282,1.884386814440135
30.0,39.0,217.8655548095703,-0.734693200094301,0.5642334044448005,-3.6560295796871207,-2.4472103512507903,-1.4013636958479254,0.7804305287007681,-0.0228572444474311,2.592150929742849,0.1407959987536736,1.97449630511701
30.0,39.0,240.0376892089844,-0.818985015422538,0.7325545795717203,-3.463958090524869,-3.1745869837099026,-1.9281247841715203,0.2058466922336207,-0.3766659363291286,2.6001316734345754,0.2265875295001577,2.1979228280822705
30.0,39.0,291.2152099609375,-0.4925722241072047,0.979423402732359,-3.605525640219117,-3.1749731558961845,-1.915760572200272,0.5698221181835107,-0.0820334709090166,2.7895552300879123,0.2353030132978962,2.6257327440521387
30.0,39.0,246.86642456054688,-0.9397382794050816,0.444321978215822,-3.592133175105278,-3.1758492451955185,-1.7881077118314863,0.5701658009830611,0.0514782389659365,2.4254623917333142,0.2597666588085365,1.926173185455858
30.0,39.0,216.61349487304688,-0.8742870949961354,0.56875095512006,-3.497064669960815,-3.0801609567100705,-1.5859277114682282,0.7236664129750331,0.078156620677614,2.5253211881971027,0.1505674014375079,1.9696697594908883
30.0,39.0,260.75506591796875,-0.7235173814946477,0.2633142916060825,-3.729488048766044,-2.598819823759516,-1.5621266964312754,0.5837873023273118,-0.2228563854805409,2.2311934862750764,0.0184947537160842,1.5811522207979942
30.0,39.0,222.7979736328125,-0.442732262413825,0.8690237858668566,-3.591566050933263,-2.475968233429029,-1.292565001219887,0.8696476213143532,-0.0274287940678758,2.538533767897868,0.2222450154248834,1.6931619466018952
30.0,39.0,269.95477294921875,-0.9469876444525336,0.1611961980496876,-3.332253426200541,-3.2034244442623727,-2.023062704858525,0.2799096290766134,-0.0857408084903322,2.264403188659717,0.06585787261784,1.7735905610321585
30.0,39.0,248.2855834960937,-0.770799003272738,0.4753827710612451,-3.433535942894001,-3.109739668051914,-2.4246479649296173,-0.1173976404518245,-0.4245061830428389,2.431571807945595,0.260741302209151,2.106431543141128
30.0,39.0,223.1627655029297,-0.8985820546660013,0.6016829497122207,-3.411395380510474,-3.664917165476703,-1.3178500873651418,0.7560007663919874,0.1789006658911505,2.607908573691832,0.2340229240768573,1.9822286294627685
30.0,39.0,245.99302673339844,-0.7494604562313425,0.5827624451646062,-3.1978432976312727,-2.930434860001456,-2.589522757468941,0.4511330050359632,-0.2349149109541924,2.459352546895984,0.2558733024443547,1.86071018527782
30.0,39.0,213.39453125,-0.677454921797442,0.5239078157027569,-3.6255810010738143,-2.855743792855663,-1.399999879801493,0.66407102189409,0.0366740582308147,2.589056390536872,0.292458637979307,2.1745045146165745
30.0,39.0,256.37762451171875,-1.1740985325224615,0.7032819505618381,-3.4066706406576484,-3.71611809466677,-1.557211301218996,0.5527160638726896,-0.3590757376082736,2.5580340375955064,0.079370969136926,2.0201833040629724
30.0,39.0,237.2328491210937,-1.428040425390325,0.6174814452730092,-3.5736048511054546,-3.410823463642112,-1.461635712523008,0.80848581446371,0.2139962644890252,2.6033857876251307,0.1762205424558912,1.9148313389189773
30.0,39.0,205.575927734375,-0.8160173862793221,0.5906195673798553,-3.5501247184478806,-2.9220737949502533,-1.5276746941164658,0.7254873283981647,-0.0189028447691116,2.5943872451814447,0.2168908645567235,1.9760531472632008
30.0,39.0,210.86788940429688,-0.8675885592579199,0.5814427091929676,-3.3828925757278125,-2.8026065787794625,-1.4133141667751687,0.5847649848208732,0.0142647014205311,2.594815751130514,0.2177871720245377,1.9615568969837671
30.0,39.0,211.1742248535156,-1.172831000076355,0.8275206266779435,-3.5648584018360063,-3.0142187149782864,-1.556843960383598,0.7015873162262785,-0.0147911388633199,2.587897645016666,0.2170324484164403,2.0205186324938382
30.0,39.0,270.5972900390625,-0.339195293637367,0.8682199056895401,-3.429359759109701,-2.8360077134138004,-2.288424774409026,0.351023781793731,-0.0313313341651759,2.7013817145445707,0.0884129040474424,1.90707765857914
30.0,39.0,227.75701904296875,-0.9792051486980742,0.6668289796043207,-3.226357363532365,-3.007240751307254,-2.456842984036727,0.4759042173200444,-0.0648306762697417,2.49157505107593,0.2590560882265491,2.1076353013395264
30.0,39.0,297.1531066894531,-1.163542533882826,0.7788205722658192,-3.4776451369495747,-2.501691782372519,-2.0664928400047424,0.2782905431844639,-0.0802722887063241,2.637448483345972,0.0878446717744024,1.5326607414662785
30.0,39.0,258.5357971191406,-1.3575980507671022,0.504527320340175,-3.4910149734439875,-3.216918245501879,-1.652123298785394,0.8442723995213878,0.0107651463522036,2.5099896577492404,0.3287626390341918,1.879667821823216
30.0,39.0,267.404541015625,-0.2176805605218533,1.0380693301060613,-3.590882423083285,-3.305575645919899,-1.35378195535194,0.4229096087156889,-0.2609441368697187,2.625312538298536,0.2416451296081942,2.18286321441885
30.0,39.0,269.43670654296875,-1.4665615201262887,0.7237078003587692,-3.883014448942289,-3.0141736651722058,-1.331490905615495,0.5350052855855068,-0.1379486159600293,2.6744203751546003,0.1302168663872752,1.433656199865773
30.0,39.0,211.8467254638672,-0.7477372598712155,0.6436859834828597,-3.462752233282377,-2.9250858721948507,-1.60780262608288,0.5310146488304917,-0.1403993425627469,2.580464045315256,0.1323395602747072,1.8916292211329224
30.0,40.0,214.22732543945312,-0.5709375357719852,0.6099977697356924,-3.140555826576952,-2.751540540879751,-1.5639863451240932,0.7150772700534826,-0.0298015949691891,2.517225884112829,0.2132561271602341,1.8995796105848937
30.0,40.0,210.58750915527344,-0.703398487859937,0.5436740464111831,-3.656869873380296,-2.797545504246152,-1.42009517261692,0.7314458323235206,-0.04632689584676,2.635803218812559,0.1887756529943705,1.8779722819861309
30.0,40.0,266.0086669921875,-0.8651988602160304,0.795838850913587,-3.725373039973909,-3.367153817545199,-2.5899729199514487,0.2127217260512958,-0.2711611491755846,2.4976140982215043,0.4393069268345422,2.535738525526165
30.0,40.0,212.1541748046875,-1.1663684089255033,0.812977381294437,-3.3924782439622008,-3.0264067310580427,-1.44941006824032,0.7524334869255285,0.0518376307869964,2.5864464659710493,0.2216780651672364,2.13722333582068
30.0,40.0,223.29660034179688,-0.8550075195664,0.561889368482036,-3.5481666525218225,-2.8684998960275374,-1.8119706320966176,0.7315842663908971,-0.0107875060578493,2.5596834291725106,0.2503543613908082,2.1683733637603244
30.0,40.0,210.597900390625,-0.7318280979898318,0.5914188254323861,-3.762520632782585,-2.804645763324062,-1.5552501707621134,0.7108059977869721,-0.0339586683914871,2.6116724728224123,0.1882452260922728,1.9445701194337384
30.0,40.0,254.408447265625,-1.4830690322573743,0.7121773913496777,-3.726241373110556,-3.1591481454419075,-2.166346601958004,-0.3160067511517694,-0.0406544661493137,2.6321290898891414,0.2330449294692601,1.962363157963311
30.0,40.0,232.60125732421875,-0.9715995809412836,0.5577415504301244,-3.9342848517521216,-2.632825574260343,-1.597826820354903,0.3551696161869346,-0.1003542550359881,2.559180068656376,0.2073876226225236,2.0812335455710587
30.0,40.0,207.5741577148437,-0.686965141996015,0.6133968297482193,-3.5462573106094832,-2.584725061092829,-1.407127749054816,0.7921407088901468,-0.0372440645726738,2.602195334414293,0.2127077341849965,2.004414567430152
30.0,40.0,217.80987548828125,-0.7399219093249991,0.6265199654248446,-3.3812386568411683,-3.115740592719888,-2.4970438835882924,0.4187495791001843,-0.1164287251613381,2.541142812644273,0.2703581298861386,2.0687642066891287
30.0,40.0,286.679931640625,-1.351456308836811,1.2084648294433395,-2.693007023361755,-2.955540540590349,-2.5757144026118044,0.7986278750976168,-0.0466480658428411,2.4762312342479387,0.1964744650925379,2.021275499902843
30.0,40.0,263.0406494140625,-1.2868303873634983,0.9952098691701532,-3.546650995821949,-3.291692242837229,-1.9373985017427784,-0.1535844034667546,-0.2796769726809223,2.5428472217186946,0.325330999931762,2.019106519932087
30.0,40.0,244.4027404785156,-1.4685250517230095,0.6088705291205184,-3.6463576713199495,-2.544881728925102,-1.6474228560157762,0.7594579174993055,-0.074961652832359,2.4504308881310526,0.2235923012688416,2.056703348257138
30.0,40.0,207.90756225585932,-0.6479159768522444,0.7284886100509094,-3.695921280759009,-2.781060718407121,-1.525929805493504,0.6871350509244251,-0.0636587062097553,2.565365913183575,0.2936218791881947,2.2605625805942813
30.0,40.0,256.0018615722656,-0.6691380635419755,0.5827469437519147,-3.3790136906392485,-2.798258925925,-1.1114910743566462,0.854893571052213,-0.0112353143995043,2.4149559974209645,0.2105522727190908,2.2935689610566943
30.0,40.0,204.8106384277344,-1.254726376404085,0.7125155664595609,-3.707666905829853,-2.6955806254825507,-1.4354193519062597,0.7512400792514216,-0.0140717053441493,2.5845233329431867,0.2212652358131333,2.068509187674032
30.0,40.0,220.53668212890625,-1.2171966783311097,0.4756538204269566,-3.473961005955754,-3.088961056374514,-1.704597891261704,0.4920041034137272,-0.0918239354140258,2.562499878329205,0.3992523830963432,2.654374933471221
30.0,40.0,228.5635528564453,-0.3549994854249461,0.7788695945608625,-3.749652683533876,-3.240048907229221,-1.6722480013993102,0.6090439695604581,-0.0698225043228019,2.513660514978988,0.2551167529867592,2.193944748143837
30.0,40.0,245.9429931640625,-0.8483266135729868,0.6453986865434707,-3.506552371550096,-3.271625883978806,-2.56814784519429,0.2147286641374462,-0.1436646083617611,2.4296898910346845,0.2413711030766583,2.371772908737178
30.0,40.0,220.6161956787109,-0.9503927517081534,0.677458880081766,-3.4985466721108613,-3.1419557166689587,-2.6450864950941537,0.7657276416976995,-0.0800017667336136,2.591298282155937,0.2318220931468717,1.9778696258291708
30.0,40.0,209.95681762695312,-0.8546054761373488,0.5561256830121146,-3.5196763665523463,-2.9998356632825494,-1.6631055522139582,0.5872105304760162,-0.0307104087849592,2.588951662564981,0.2473229352094717,1.9606851088631445
30.0,40.0,210.38900756835932,-1.1030148903538175,0.6725199004498206,-3.0500689734425626,-2.512123982529112,-1.1726469422402617,0.7358130392764585,-0.0671597881709646,2.5691551791767107,0.1947903557842434,2.0762868036809854
30.0,40.0,240.50863647460932,-0.9042593687235482,0.8553515450949849,-3.696393649968759,-2.3537574427113945,-1.4812449703213362,0.6159428455455872,-0.0469018530423728,2.564680771169352,0.1498309904320173,1.9075469790324675
30.0,40.0,205.0666046142578,-1.1845443985933988,0.700803757263604,-3.952121874349335,-2.4643146691599824,-1.274298511414923,0.7420774041366475,-0.0662084833539095,2.5733936463653886,0.2075128882354602,2.0449957298774586
30.0,40.0,221.88970947265625,-0.8733808561961942,0.7155497606499783,-3.4752829285551643,-2.6918855767736227,-1.6924920666992729,0.5277219818285475,-0.1793077577776774,2.5807317062418846,0.1613975901443036,1.763843010464756
30.0,40.0,222.95318603515625,-0.5512669439573012,0.6012298200372116,-3.5414423266019885,-3.004355636698193,-1.763108542797002,0.3498505683405848,-0.0814614354781405,2.566684407128737,0.1719927680650282,1.884386814440135
30.0,40.0,217.8655548095703,-0.734693200094301,0.5642334044448005,-3.6560295796871207,-2.4472103512507903,-1.4013636958479254,0.7804305287007681,-0.0228572444474311,2.592150929742849,0.1407959987536736,1.97449630511701
30.0,40.0,240.0376892089844,-0.818985015422538,0.7325545795717203,-3.463958090524869,-3.1745869837099026,-1.9281247841715203,0.2058466922336207,-0.3766659363291286,2.6001316734345754,0.2265875295001577,2.1979228280822705
30.0,40.0,291.2152099609375,-0.4925722241072047,0.979423402732359,-3.605525640219117,-3.1749731558961845,-1.915760572200272,0.5698221181835107,-0.0820334709090166,2.7895552300879123,0.2353030132978962,2.6257327440521387
30.0,40.0,246.86642456054688,-0.9397382794050816,0.444321978215822,-3.592133175105278,-3.1758492451955185,-1.7881077118314863,0.5701658009830611,0.0514782389659365,2.4254623917333142,0.2597666588085365,1.926173185455858
30.0,40.0,216.61349487304688,-0.8742870949961354,0.56875095512006,-3.497064669960815,-3.0801609567100705,-1.5859277114682282,0.7236664129750331,0.078156620677614,2.5253211881971027,0.1505674014375079,1.9696697594908883
30.0,40.0,260.75506591796875,-0.7235173814946477,0.2633142916060825,-3.729488048766044,-2.598819823759516,-1.5621266964312754,0.5837873023273118,-0.2228563854805409,2.2311934862750764,0.0184947537160842,1.5811522207979942
30.0,40.0,222.7979736328125,-0.442732262413825,0.8690237858668566,-3.591566050933263,-2.475968233429029,-1.292565001219887,0.8696476213143532,-0.0274287940678758,2.538533767897868,0.2222450154248834,1.6931619466018952
30.0,40.0,269.95477294921875,-0.9469876444525336,0.1611961980496876,-3.332253426200541,-3.2034244442623727,-2.023062704858525,0.2799096290766134,-0.0857408084903322,2.264403188659717,0.06585787261784,1.7735905610321585
30.0,40.0,248.2855834960937,-0.770799003272738,0.4753827710612451,-3.433535942894001,-3.109739668051914,-2.4246479649296173,-0.1173976404518245,-0.4245061830428389,2.431571807945595,0.260741302209151,2.106431543141128
30.0,40.0,223.1627655029297,-0.8985820546660013,0.6016829497122207,-3.411395380510474,-3.664917165476703,-1.3178500873651418,0.7560007663919874,0.1789006658911505,2.607908573691832,0.2340229240768573,1.9822286294627685
30.0,40.0,245.99302673339844,-0.7494604562313425,0.5827624451646062,-3.1978432976312727,-2.930434860001456,-2.589522757468941,0.4511330050359632,-0.2349149109541924,2.459352546895984,0.2558733024443547,1.86071018527782
30.0,40.0,213.39453125,-0.677454921797442,0.5239078157027569,-3.6255810010738143,-2.855743792855663,-1.399999879801493,0.66407102189409,0.0366740582308147,2.589056390536872,0.292458637979307,2.1745045146165745
30.0,40.0,256.37762451171875,-1.1740985325224615,0.7032819505618381,-3.4066706406576484,-3.71611809466677,-1.557211301218996,0.5527160638726896,-0.3590757376082736,2.5580340375955064,0.079370969136926,2.0201833040629724
30.0,40.0,237.2328491210937,-1.428040425390325,0.6174814452730092,-3.5736048511054546,-3.410823463642112,-1.461635712523008,0.80848581446371,0.2139962644890252,2.6033857876251307,0.1762205424558912,1.9148313389189773
30.0,40.0,205.575927734375,-0.8160173862793221,0.5906195673798553,-3.5501247184478806,-2.9220737949502533,-1.5276746941164658,0.7254873283981647,-0.0189028447691116,2.5943872451814447,0.2168908645567235,1.9760531472632008
30.0,40.0,210.86788940429688,-0.8675885592579199,0.5814427091929676,-3.3828925757278125,-2.8026065787794625,-1.4133141667751687,0.5847649848208732,0.0142647014205311,2.594815751130514,0.2177871720245377,1.9615568969837671
30.0,40.0,209.57760620117188,-1.2034234515468971,0.7430308923131923,-3.5112044090821017,-2.679625943968955,-1.4859544605392458,0.7008237889901245,0.0302477699241201,2.530165178186213,0.2254432496411395,2.078682998403177
30.0,40.0,270.5972900390625,-0.339195293637367,0.8682199056895401,-3.429359759109701,-2.8360077134138004,-2.288424774409026,0.351023781793731,-0.0313313341651759,2.7013817145445707,0.0884129040474424,1.90707765857914
30.0,40.0,227.75701904296875,-0.9792051486980742,0.6668289796043207,-3.226357363532365,-3.007240751307254,-2.456842984036727,0.4759042173200444,-0.0648306762697417,2.49157505107593,0.2590560882265491,2.1076353013395264
30.0,40.0,297.1531066894531,-1.163542533882826,0.7788205722658192,-3.4776451369495747,-2.501691782372519,-2.0664928400047424,0.2782905431844639,-0.0802722887063241,2.637448483345972,0.0878446717744024,1.5326607414662785
30.0,40.0,258.5357971191406,-1.3575980507671022,0.504527320340175,-3.4910149734439875,-3.216918245501879,-1.652123298785394,0.8442723995213878,0.0107651463522036,2.5099896577492404,0.3287626390341918,1.879667821823216
30.0,40.0,267.404541015625,-0.2176805605218533,1.0380693301060613,-3.590882423083285,-3.305575645919899,-1.35378195535194,0.4229096087156889,-0.2609441368697187,2.625312538298536,0.2416451296081942,2.18286321441885
30.0,40.0,269.43670654296875,-1.4665615201262887,0.7237078003587692,-3.883014448942289,-3.0141736651722058,-1.331490905615495,0.5350052855855068,-0.1379486159600293,2.6744203751546003,0.1302168663872752,1.433656199865773
30.0,40.0,211.8467254638672,-0.7477372598712155,0.6436859834828597,-3.462752233282377,-2.9250858721948507,-1.60780262608288,0.5310146488304917,-0.1403993425627469,2.580464045315256,0.1323395602747072,1.8916292211329224
30.0,41.0,214.22732543945312,-0.5709375357719852,0.6099977697356924,-3.140555826576952,-2.751540540879751,-1.5639863451240932,0.7150772700534826,-0.0298015949691891,2.517225884112829,0.2132561271602341,1.8995796105848937
30.0,41.0,210.58750915527344,-0.703398487859937,0.5436740464111831,-3.656869873380296,-2.797545504246152,-1.42009517261692,0.7314458323235206,-0.04632689584676,2.635803218812559,0.1887756529943705,1.8779722819861309
30.0,41.0,266.0086669921875,-0.8651988602160304,0.795838850913587,-3.725373039973909,-3.367153817545199,-2.5899729199514487,0.2127217260512958,-0.2711611491755846,2.4976140982215043,0.4393069268345422,2.535738525526165
30.0,41.0,210.5809326171875,-1.1928781041766716,0.7410890249838197,-3.4546492927986114,-3.034653902355488,-1.4284142341824275,0.7520185396083057,-0.0672447687398186,2.587025544318839,0.2277738101827026,2.08479343434105
30.0,41.0,223.29660034179688,-0.8550075195664,0.561889368482036,-3.5481666525218225,-2.8684998960275374,-1.8119706320966176,0.7315842663908971,-0.0107875060578493,2.5596834291725106,0.2503543613908082,2.1683733637603244
30.0,41.0,210.597900390625,-0.7318280979898318,0.5914188254323861,-3.762520632782585,-2.804645763324062,-1.5552501707621134,0.7108059977869721,-0.0339586683914871,2.6116724728224123,0.1882452260922728,1.9445701194337384
30.0,41.0,254.408447265625,-1.4830690322573743,0.7121773913496777,-3.726241373110556,-3.1591481454419075,-2.166346601958004,-0.3160067511517694,-0.0406544661493137,2.6321290898891414,0.2330449294692601,1.962363157963311
30.0,41.0,232.60125732421875,-0.9715995809412836,0.5577415504301244,-3.9342848517521216,-2.632825574260343,-1.597826820354903,0.3551696161869346,-0.1003542550359881,2.559180068656376,0.2073876226225236,2.0812335455710587
30.0,41.0,207.5741577148437,-0.686965141996015,0.6133968297482193,-3.5462573106094832,-2.584725061092829,-1.407127749054816,0.7921407088901468,-0.0372440645726738,2.602195334414293,0.2127077341849965,2.004414567430152
30.0,41.0,217.80987548828125,-0.7399219093249991,0.6265199654248446,-3.3812386568411683,-3.115740592719888,-2.4970438835882924,0.4187495791001843,-0.1164287251613381,2.541142812644273,0.2703581298861386,2.0687642066891287
30.0,41.0,226.02313232421875,-1.197734471764577,0.6247879266582765,-2.8954564117773574,-2.789528020552134,-1.3033640999843603,0.8371908035488221,-0.0181091504397275,2.5648792669700025,0.1870753175295839,2.071278711381518
30.0,41.0,263.0406494140625,-1.2868303873634983,0.9952098691701532,-3.546650995821949,-3.291692242837229,-1.9373985017427784,-0.1535844034667546,-0.2796769726809223,2.5428472217186946,0.325330999931762,2.019106519932087
30.0,41.0,244.4027404785156,-1.4685250517230095,0.6088705291205184,-3.6463576713199495,-2.544881728925102,-1.6474228560157762,0.7594579174993055,-0.074961652832359,2.4504308881310526,0.2235923012688416,2.056703348257138
30.0,41.0,207.90756225585932,-0.6479159768522444,0.7284886100509094,-3.695921280759009,-2.781060718407121,-1.525929805493504,0.6871350509244251,-0.0636587062097553,2.565365913183575,0.2936218791881947,2.2605625805942813
30.0,41.0,256.0018615722656,-0.6691380635419755,0.5827469437519147,-3.3790136906392485,-2.798258925925,-1.1114910743566462,0.854893571052213,-0.0112353143995043,2.4149559974209645,0.2105522727190908,2.2935689610566943
30.0,41.0,204.71969604492188,-1.254726376404085,0.7125155664595609,-3.707666905829853,-2.6955806254825507,-1.4354193519062597,0.7512400792514216,-0.0140717053441493,2.5845233329431867,0.2212652358131333,2.060685180311757
30.0,41.0,220.53668212890625,-1.2171966783311097,0.4756538204269566,-3.473961005955754,-3.088961056374514,-1.704597891261704,0.4920041034137272,-0.0918239354140258,2.562499878329205,0.3992523830963432,2.654374933471221
30.0,41.0,228.5635528564453,-0.3549994854249461,0.7788695945608625,-3.749652683533876,-3.240048907229221,-1.6722480013993102,0.6090439695604581,-0.0698225043228019,2.513660514978988,0.2551167529867592,2.193944748143837
30.0,41.0,245.9429931640625,-0.8483266135729868,0.6453986865434707,-3.506552371550096,-3.271625883978806,-2.56814784519429,0.2147286641374462,-0.1436646083617611,2.4296898910346845,0.2413711030766583,2.371772908737178
30.0,41.0,220.6161956787109,-0.9503927517081534,0.677458880081766,-3.4985466721108613,-3.1419557166689587,-2.6450864950941537,0.7657276416976995,-0.0800017667336136,2.591298282155937,0.2318220931468717,1.9778696258291708
30.0,41.0,209.95681762695312,-0.8546054761373488,0.5561256830121146,-3.5196763665523463,-2.9998356632825494,-1.6631055522139582,0.5872105304760162,-0.0307104087849592,2.588951662564981,0.2473229352094717,1.9606851088631445
30.0,41.0,210.38900756835932,-1.1030148903538175,0.6725199004498206,-3.0500689734425626,-2.512123982529112,-1.1726469422402617,0.7358130392764585,-0.0671597881709646,2.5691551791767107,0.1947903557842434,2.0762868036809854
30.0,41.0,240.50863647460932,-0.9042593687235482,0.8553515450949849,-3.696393649968759,-2.3537574427113945,-1.4812449703213362,0.6159428455455872,-0.0469018530423728,2.564680771169352,0.1498309904320173,1.9075469790324675
30.0,41.0,205.0666046142578,-1.1845443985933988,0.700803757263604,-3.952121874349335,-2.4643146691599824,-1.274298511414923,0.7420774041366475,-0.0662084833539095,2.5733936463653886,0.2075128882354602,2.0449957298774586
30.0,41.0,221.88970947265625,-0.8733808561961942,0.7155497606499783,-3.4752829285551643,-2.6918855767736227,-1.6924920666992729,0.5277219818285475,-0.1793077577776774,2.5807317062418846,0.1613975901443036,1.763843010464756
30.0,41.0,222.95318603515625,-0.5512669439573012,0.6012298200372116,-3.5414423266019885,-3.004355636698193,-1.763108542797002,0.3498505683405848,-0.0814614354781405,2.566684407128737,0.1719927680650282,1.884386814440135
30.0,41.0,217.8655548095703,-0.734693200094301,0.5642334044448005,-3.6560295796871207,-2.4472103512507903,-1.4013636958479254,0.7804305287007681,-0.0228572444474311,2.592150929742849,0.1407959987536736,1.97449630511701
30.0,41.0,240.0376892089844,-0.818985015422538,0.7325545795717203,-3.463958090524869,-3.1745869837099026,-1.9281247841715203,0.2058466922336207,-0.3766659363291286,2.6001316734345754,0.2265875295001577,2.1979228280822705
30.0,41.0,291.2152099609375,-0.4925722241072047,0.979423402732359,-3.605525640219117,-3.1749731558961845,-1.915760572200272,0.5698221181835107,-0.0820334709090166,2.7895552300879123,0.2353030132978962,2.6257327440521387
30.0,41.0,246.86642456054688,-0.9397382794050816,0.444321978215822,-3.592133175105278,-3.1758492451955185,-1.7881077118314863,0.5701658009830611,0.0514782389659365,2.4254623917333142,0.2597666588085365,1.926173185455858
30.0,41.0,216.61349487304688,-0.8742870949961354,0.56875095512006,-3.497064669960815,-3.0801609567100705,-1.5859277114682282,0.7236664129750331,0.078156620677614,2.5253211881971027,0.1505674014375079,1.9696697594908883
30.0,41.0,260.75506591796875,-0.7235173814946477,0.2633142916060825,-3.729488048766044,-2.598819823759516,-1.5621266964312754,0.5837873023273118,-0.2228563854805409,2.2311934862750764,0.0184947537160842,1.5811522207979942
30.0,41.0,222.7979736328125,-0.442732262413825,0.8690237858668566,-3.591566050933263,-2.475968233429029,-1.292565001219887,0.8696476213143532,-0.0274287940678758,2.538533767897868,0.2222450154248834,1.6931619466018952
30.0,41.0,269.95477294921875,-0.9469876444525336,0.1611961980496876,-3.332253426200541,-3.2034244442623727,-2.023062704858525,0.2799096290766134,-0.0857408084903322,2.264403188659717,0.06585787261784,1.7735905610321585
30.0,41.0,248.2855834960937,-0.770799003272738,0.4753827710612451,-3.433535942894001,-3.109739668051914,-2.4246479649296173,-0.1173976404518245,-0.4245061830428389,2.431571807945595,0.260741302209151,2.106431543141128
30.0,41.0,223.1627655029297,-0.8985820546660013,0.6016829497122207,-3.411395380510474,-3.664917165476703,-1.3178500873651418,0.7560007663919874,0.1789006658911505,2.607908573691832,0.2340229240768573,1.9822286294627685
30.0,41.0,245.99302673339844,-0.7494604562313425,0.5827624451646062,-3.1978432976312727,-2.930434860001456,-2.589522757468941,0.4511330050359632,-0.2349149109541924,2.459352546895984,0.2558733024443547,1.86071018527782
30.0,41.0,213.39453125,-0.677454921797442,0.5239078157027569,-3.6255810010738143,-2.855743792855663,-1.399999879801493,0.66407102189409,0.0366740582308147,2.589056390536872,0.292458637979307,2.1745045146165745
30.0,41.0,256.37762451171875,-1.1740985325224615,0.7032819505618381,-3.4066706406576484,-3.71611809466677,-1.557211301218996,0.5527160638726896,-0.3590757376082736,2.5580340375955064,0.079370969136926,2.0201833040629724
30.0,41.0,237.2328491210937,-1.428040425390325,0.6174814452730092,-3.5736048511054546,-3.410823463642112,-1.461635712523008,0.80848581446371,0.2139962644890252,2.6033857876251307,0.1762205424558912,1.9148313389189773
30.0,41.0,205.575927734375,-0.8160173862793221,0.5906195673798553,-3.5501247184478806,-2.9220737949502533,-1.5276746941164658,0.7254873283981647,-0.0189028447691116,2.5943872451814447,0.2168908645567235,1.9760531472632008
30.0,41.0,210.86788940429688,-0.8675885592579199,0.5814427091929676,-3.3828925757278125,-2.8026065787794625,-1.4133141667751687,0.5847649848208732,0.0142647014205311,2.594815751130514,0.2177871720245377,1.9615568969837671
30.0,41.0,209.57760620117188,-1.2034234515468971,0.7430308923131923,-3.5112044090821017,-2.679625943968955,-1.4859544605392458,0.7008237889901245,0.0302477699241201,2.530165178186213,0.2254432496411395,2.078682998403177
30.0,41.0,270.5972900390625,-0.339195293637367,0.8682199056895401,-3.429359759109701,-2.8360077134138004,-2.288424774409026,0.351023781793731,-0.0313313341651759,2.7013817145445707,0.0884129040474424,1.90707765857914
30.0,41.0,227.75701904296875,-0.9792051486980742,0.6668289796043207,-3.226357363532365,-3.007240751307254,-2.456842984036727,0.4759042173200444,-0.0648306762697417,2.49157505107593,0.2590560882265491,2.1076353013395264
30.0,41.0,297.1531066894531,-1.163542533882826,0.7788205722658192,-3.4776451369495747,-2.501691782372519,-2.0664928400047424,0.2782905431844639,-0.0802722887063241,2.637448483345972,0.0878446717744024,1.5326607414662785
30.0,41.0,258.5357971191406,-1.3575980507671022,0.504527320340175,-3.4910149734439875,-3.216918245501879,-1.652123298785394,0.8442723995213878,0.0107651463522036,2.5099896577492404,0.3287626390341918,1.879667821823216
30.0,41.0,267.404541015625,-0.2176805605218533,1.0380693301060613,-3.590882423083285,-3.305575645919899,-1.35378195535194,0.4229096087156889,-0.2609441368697187,2.625312538298536,0.2416451296081942,2.18286321441885
30.0,41.0,269.43670654296875,-1.4665615201262887,0.7237078003587692,-3.883014448942289,-3.0141736651722058,-1.331490905615495,0.5350052855855068,-0.1379486159600293,2.6744203751546003,0.1302168663872752,1.433656199865773
30.0,41.0,211.8467254638672,-0.7477372598712155,0.6436859834828597,-3.462752233282377,-2.9250858721948507,-1.60780262608288,0.5310146488304917,-0.1403993425627469,2.580464045315256,0.1323395602747072,1.8916292211329224
30.0,42.0,214.22732543945312,-0.5709375357719852,0.6099977697356924,-3.140555826576952,-2.751540540879751,-1.5639863451240932,0.7150772700534826,-0.0298015949691891,2.517225884112829,0.2132561271602341,1.8995796105848937
30.0,42.0,210.58750915527344,-0.703398487859937,0.5436740464111831,-3.656869873380296,-2.797545504246152,-1.42009517261692,0.7314458323235206,-0.04632689584676,2.635803218812559,0.1887756529943705,1.8779722819861309
30.0,42.0,266.0086669921875,-0.8651988602160304,0.795838850913587,-3.725373039973909,-3.367153817545199,-2.5899729199514487,0.2127217260512958,-0.2711611491755846,2.4976140982215043,0.4393069268345422,2.535738525526165
30.0,42.0,210.5809326171875,-1.1928781041766716,0.7410890249838197,-3.4546492927986114,-3.034653902355488,-1.4284142341824275,0.7520185396083057,-0.0672447687398186,2.587025544318839,0.2277738101827026,2.08479343434105
30.0,42.0,223.29660034179688,-0.8550075195664,0.561889368482036,-3.5481666525218225,-2.8684998960275374,-1.8119706320966176,0.7315842663908971,-0.0107875060578493,2.5596834291725106,0.2503543613908082,2.1683733637603244
30.0,42.0,210.597900390625,-0.7318280979898318,0.5914188254323861,-3.762520632782585,-2.804645763324062,-1.5552501707621134,0.7108059977869721,-0.0339586683914871,2.6116724728224123,0.1882452260922728,1.9445701194337384
30.0,42.0,254.408447265625,-1.4830690322573743,0.7121773913496777,-3.726241373110556,-3.1591481454419075,-2.166346601958004,-0.3160067511517694,-0.0406544661493137,2.6321290898891414,0.2330449294692601,1.962363157963311
30.0,42.0,232.60125732421875,-0.9715995809412836,0.5577415504301244,-3.9342848517521216,-2.632825574260343,-1.597826820354903,0.3551696161869346,-0.1003542550359881,2.559180068656376,0.2073876226225236,2.0812335455710587
30.0,42.0,207.5741577148437,-0.686965141996015,0.6133968297482193,-3.5462573106094832,-2.584725061092829,-1.407127749054816,0.7921407088901468,-0.0372440645726738,2.602195334414293,0.2127077341849965,2.004414567430152
30.0,42.0,217.80987548828125,-0.7399219093249991,0.6265199654248446,-3.3812386568411683,-3.115740592719888,-2.4970438835882924,0.4187495791001843,-0.1164287251613381,2.541142812644273,0.2703581298861386,2.0687642066891287
30.0,42.0,226.02313232421875,-1.197734471764577,0.6247879266582765,-2.8954564117773574,-2.789528020552134,-1.3033640999843603,0.8371908035488221,-0.0181091504397275,2.5648792669700025,0.1870753175295839,2.071278711381518
30.0,42.0,263.0406494140625,-1.2868303873634983,0.9952098691701532,-3.546650995821949,-3.291692242837229,-1.9373985017427784,-0.1535844034667546,-0.2796769726809223,2.5428472217186946,0.325330999931762,2.019106519932087
30.0,42.0,244.4027404785156,-1.4685250517230095,0.6088705291205184,-3.6463576713199495,-2.544881728925102,-1.6474228560157762,0.7594579174993055,-0.074961652832359,2.4504308881310526,0.2235923012688416,2.056703348257138
30.0,42.0,207.90756225585932,-0.6479159768522444,0.7284886100509094,-3.695921280759009,-2.781060718407121,-1.525929805493504,0.6871350509244251,-0.0636587062097553,2.565365913183575,0.2936218791881947,2.2605625805942813
30.0,42.0,256.0018615722656,-0.6691380635419755,0.5827469437519147,-3.3790136906392485,-2.798258925925,-1.1114910743566462,0.854893571052213,-0.0112353143995043,2.4149559974209645,0.2105522727190908,2.2935689610566943
30.0,42.0,204.71969604492188,-1.254726376404085,0.7125155664595609,-3.707666905829853,-2.6955806254825507,-1.4354193519062597,0.7512400792514216,-0.0140717053441493,2.5845233329431867,0.2212652358131333,2.060685180311757
30.0,42.0,220.53668212890625,-1.2171966783311097,0.4756538204269566,-3.473961005955754,-3.088961056374514,-1.704597891261704,0.4920041034137272,-0.0918239354140258,2.562499878329205,0.3992523830963432,2.654374933471221
30.0,42.0,228.5635528564453,-0.3549994854249461,0.7788695945608625,-3.749652683533876,-3.240048907229221,-1.6722480013993102,0.6090439695604581,-0.0698225043228019,2.513660514978988,0.2551167529867592,2.193944748143837
30.0,42.0,245.9429931640625,-0.8483266135729868,0.6453986865434707,-3.506552371550096,-3.271625883978806,-2.56814784519429,0.2147286641374462,-0.1436646083617611,2.4296898910346845,0.2413711030766583,2.371772908737178
30.0,42.0,220.6161956787109,-0.9503927517081534,0.677458880081766,-3.4985466721108613,-3.1419557166689587,-2.6450864950941537,0.7657276416976995,-0.0800017667336136,2.591298282155937,0.2318220931468717,1.9778696258291708
30.0,42.0,209.95681762695312,-0.8546054761373488,0.5561256830121146,-3.5196763665523463,-2.9998356632825494,-1.6631055522139582,0.5872105304760162,-0.0307104087849592,2.588951662564981,0.2473229352094717,1.9606851088631445
30.0,42.0,210.38900756835932,-1.1030148903538175,0.6725199004498206,-3.0500689734425626,-2.512123982529112,-1.1726469422402617,0.7358130392764585,-0.0671597881709646,2.5691551791767107,0.1947903557842434,2.0762868036809854
30.0,42.0,240.50863647460932,-0.9042593687235482,0.8553515450949849,-3.696393649968759,-2.3537574427113945,-1.4812449703213362,0.6159428455455872,-0.0469018530423728,2.564680771169352,0.1498309904320173,1.9075469790324675
30.0,42.0,205.0666046142578,-1.1845443985933988,0.700803757263604,-3.952121874349335,-2.4643146691599824,-1.274298511414923,0.7420774041366475,-0.0662084833539095,2.5733936463653886,0.2075128882354602,2.0449957298774586
30.0,42.0,221.88970947265625,-0.8733808561961942,0.7155497606499783,-3.4752829285551643,-2.6918855767736227,-1.6924920666992729,0.5277219818285475,-0.1793077577776774,2.5807317062418846,0.1613975901443036,1.763843010464756
30.0,42.0,222.95318603515625,-0.5512669439573012,0.6012298200372116,-3.5414423266019885,-3.004355636698193,-1.763108542797002,0.3498505683405848,-0.0814614354781405,2.566684407128737,0.1719927680650282,1.884386814440135
30.0,42.0,217.8655548095703,-0.734693200094301,0.5642334044448005,-3.6560295796871207,-2.4472103512507903,-1.4013636958479254,0.7804305287007681,-0.0228572444474311,2.592150929742849,0.1407959987536736,1.97449630511701
30.0,42.0,240.0376892089844,-0.818985015422538,0.7325545795717203,-3.463958090524869,-3.1745869837099026,-1.9281247841715203,0.2058466922336207,-0.3766659363291286,2.6001316734345754,0.2265875295001577,2.1979228280822705
30.0,42.0,291.2152099609375,-0.4925722241072047,0.979423402732359,-3.605525640219117,-3.1749731558961845,-1.915760572200272,0.5698221181835107,-0.0820334709090166,2.7895552300879123,0.2353030132978962,2.6257327440521387
30.0,42.0,246.86642456054688,-0.9397382794050816,0.444321978215822,-3.592133175105278,-3.1758492451955185,-1.7881077118314863,0.5701658009830611,0.0514782389659365,2.4254623917333142,0.2597666588085365,1.926173185455858
30.0,42.0,216.61349487304688,-0.8742870949961354,0.56875095512006,-3.497064669960815,-3.0801609567100705,-1.5859277114682282,0.7236664129750331,0.078156620677614,2.5253211881971027,0.1505674014375079,1.9696697594908883
30.0,42.0,260.75506591796875,-0.7235173814946477,0.2633142916060825,-3.729488048766044,-2.598819823759516,-1.5621266964312754,0.5837873023273118,-0.2228563854805409,2.2311934862750764,0.0184947537160842,1.5811522207979942
30.0,42.0,222.7979736328125,-0.442732262413825,0.8690237858668566,-3.591566050933263,-2.475968233429029,-1.292565001219887,0.8696476213143532,-0.0274287940678758,2.538533767897868,0.2222450154248834,1.6931619466018952
30.0,42.0,269.95477294921875,-0.9469876444525336,0.1611961980496876,-3.332253426200541,-3.2034244442623727,-2.023062704858525,0.2799096290766134,-0.0857408084903322,2.264403188659717,0.06585787261784,1.7735905610321585
30.0,42.0,248.2855834960937,-0.770799003272738,0.4753827710612451,-3.433535942894001,-3.109739668051914,-2.4246479649296173,-0.1173976404518245,-0.4245061830428389,2.431571807945595,0.260741302209151,2.106431543141128
30.0,42.0,223.1627655029297,-0.8985820546660013,0.6016829497122207,-3.411395380510474,-3.664917165476703,-1.3178500873651418,0.7560007663919874,0.1789006658911505,2.607908573691832,0.2340229240768573,1.9822286294627685
30.0,42.0,245.99302673339844,-0.7494604562313425,0.5827624451646062,-3.1978432976312727,-2.930434860001456,-2.589522757468941,0.4511330050359632,-0.2349149109541924,2.459352546895984,0.2558733024443547,1.86071018527782
30.0,42.0,213.39453125,-0.677454921797442,0.5239078157027569,-3.6255810010738143,-2.855743792855663,-1.399999879801493,0.66407102189409,0.0366740582308147,2.589056390536872,0.292458637979307,2.1745045146165745
30.0,42.0,256.37762451171875,-1.1740985325224615,0.7032819505618381,-3.4066706406576484,-3.71611809466677,-1.557211301218996,0.5527160638726896,-0.3590757376082736,2.5580340375955064,0.079370969136926,2.0201833040629724
30.0,42.0,237.2328491210937,-1.428040425390325,0.6174814452730092,-3.5736048511054546,-3.410823463642112,-1.461635712523008,0.80848581446371,0.2139962644890252,2.6033857876251307,0.1762205424558912,1.9148313389189773
30.0,42.0,205.575927734375,-0.8160173862793221,0.5906195673798553,-3.5501247184478806,-2.9220737949502533,-1.5276746941164658,0.7254873283981647,-0.0189028447691116,2.5943872451814447,0.2168908645567235,1.9760531472632008
30.0,42.0,210.86788940429688,-0.8675885592579199,0.5814427091929676,-3.3828925757278125,-2.8026065787794625,-1.4133141667751687,0.5847649848208732,0.0142647014205311,2.594815751130514,0.2177871720245377,1.9615568969837671
30.0,42.0,209.57760620117188,-1.2034234515468971,0.7430308923131923,-3.5112044090821017,-2.679625943968955,-1.4859544605392458,0.7008237889901245,0.0302477699241201,2.530165178186213,0.2254432496411395,2.078682998403177
30.0,42.0,270.5972900390625,-0.339195293637367,0.8682199056895401,-3.429359759109701,-2.8360077134138004,-2.288424774409026,0.351023781793731,-0.0313313341651759,2.7013817145445707,0.0884129040474424,1.90707765857914
30.0,42.0,227.75701904296875,-0.9792051486980742,0.6668289796043207,-3.226357363532365,-3.007240751307254,-2.456842984036727,0.4759042173200444,-0.0648306762697417,2.49157505107593,0.2590560882265491,2.1076353013395264
30.0,42.0,297.1531066894531,-1.163542533882826,0.7788205722658192,-3.4776451369495747,-2.501691782372519,-2.0664928400047424,0.2782905431844639,-0.0802722887063241,2.637448483345972,0.0878446717744024,1.5326607414662785
30.0,42.0,249.36651611328125,-1.1722822779368622,0.7080623374607016,-3.65310173025472,-3.047267752401176,-1.8019472403823524,0.8702047103893942,0.0049085971074855,2.513704715536054,0.1255057881850386,2.0114731534309427
30.0,42.0,267.404541015625,-0.2176805605218533,1.0380693301060613,-3.590882423083285,-3.305575645919899,-1.35378195535194,0.4229096087156889,-0.2609441368697187,2.625312538298536,0.2416451296081942,2.18286321441885
30.0,42.0,269.43670654296875,-1.4665615201262887,0.7237078003587692,-3.883014448942289,-3.0141736651722058,-1.331490905615495,0.5350052855855068,-0.1379486159600293,2.6744203751546003,0.1302168663872752,1.433656199865773
30.0,42.0,211.8467254638672,-0.7477372598712155,0.6436859834828597,-3.462752233282377,-2.9250858721948507,-1.60780262608288,0.5310146488304917,-0.1403993425627469,2.580464045315256,0.1323395602747072,1.8916292211329224
30.0,43.0,214.22732543945312,-0.5709375357719852,0.6099977697356924,-3.140555826576952,-2.751540540879751,-1.5639863451240932,0.7150772700534826,-0.0298015949691891,2.517225884112829,0.2132561271602341,1.8995796105848937
30.0,43.0,205.94509887695312,-0.8697084474054906,0.7076252501927573,-3.59309160306721,-2.4953958283050364,-1.328386459745306,0.7456298272598766,-0.0322207498833573,2.583775301033965,0.1369441477754707,1.8464055601176232
30.0,43.0,266.0086669921875,-0.8651988602160304,0.795838850913587,-3.725373039973909,-3.367153817545199,-2.5899729199514487,0.2127217260512958,-0.2711611491755846,2.4976140982215043,0.4393069268345422,2.535738525526165
30.0,43.0,210.5809326171875,-1.1928781041766716,0.7410890249838197,-3.4546492927986114,-3.034653902355488,-1.4284142341824275,0.7520185396083057,-0.0672447687398186,2.587025544318839,0.2277738101827026,2.08479343434105
30.0,43.0,223.29660034179688,-0.8550075195664,0.561889368482036,-3.5481666525218225,-2.8684998960275374,-1.8119706320966176,0.7315842663908971,-0.0107875060578493,2.5596834291725106,0.2503543613908082,2.1683733637603244
30.0,43.0,210.597900390625,-0.7318280979898318,0.5914188254323861,-3.762520632782585,-2.804645763324062,-1.5552501707621134,0.7108059977869721,-0.0339586683914871,2.6116724728224123,0.1882452260922728,1.9445701194337384
30.0,43.0,254.408447265625,-1.4830690322573743,0.7121773913496777,-3.726241373110556,-3.1591481454419075,-2.166346601958004,-0.3160067511517694,-0.0406544661493137,2.6321290898891414,0.2330449294692601,1.962363157963311
30.0,43.0,232.60125732421875,-0.9715995809412836,0.5577415504301244,-3.9342848517521216,-2.632825574260343,-1.597826820354903,0.3551696161869346,-0.1003542550359881,2.559180068656376,0.2073876226225236,2.0812335455710587
30.0,43.0,207.5741577148437,-0.686965141996015,0.6133968297482193,-3.5462573106094832,-2.584725061092829,-1.407127749054816,0.7921407088901468,-0.0372440645726738,2.602195334414293,0.2127077341849965,2.004414567430152
30.0,43.0,217.80987548828125,-0.7399219093249991,0.6265199654248446,-3.3812386568411683,-3.115740592719888,-2.4970438835882924,0.4187495791001843,-0.1164287251613381,2.541142812644273,0.2703581298861386,2.0687642066891287
30.0,43.0,226.02313232421875,-1.197734471764577,0.6247879266582765,-2.8954564117773574,-2.789528020552134,-1.3033640999843603,0.8371908035488221,-0.0181091504397275,2.5648792669700025,0.1870753175295839,2.071278711381518
30.0,43.0,263.0406494140625,-1.2868303873634983,0.9952098691701532,-3.546650995821949,-3.291692242837229,-1.9373985017427784,-0.1535844034667546,-0.2796769726809223,2.5428472217186946,0.325330999931762,2.019106519932087
30.0,43.0,244.4027404785156,-1.4685250517230095,0.6088705291205184,-3.6463576713199495,-2.544881728925102,-1.6474228560157762,0.7594579174993055,-0.074961652832359,2.4504308881310526,0.2235923012688416,2.056703348257138
30.0,43.0,207.90756225585932,-0.6479159768522444,0.7284886100509094,-3.695921280759009,-2.781060718407121,-1.525929805493504,0.6871350509244251,-0.0636587062097553,2.565365913183575,0.2936218791881947,2.2605625805942813
30.0,43.0,256.0018615722656,-0.6691380635419755,0.5827469437519147,-3.3790136906392485,-2.798258925925,-1.1114910743566462,0.854893571052213,-0.0112353143995043,2.4149559974209645,0.2105522727190908,2.2935689610566943
30.0,43.0,204.71969604492188,-1.254726376404085,0.7125155664595609,-3.707666905829853,-2.6955806254825507,-1.4354193519062597,0.7512400792514216,-0.0140717053441493,2.5845233329431867,0.2212652358131333,2.060685180311757
30.0,43.0,220.53668212890625,-1.2171966783311097,0.4756538204269566,-3.473961005955754,-3.088961056374514,-1.704597891261704,0.4920041034137272,-0.0918239354140258,2.562499878329205,0.3992523830963432,2.654374933471221
30.0,43.0,228.5635528564453,-0.3549994854249461,0.7788695945608625,-3.749652683533876,-3.240048907229221,-1.6722480013993102,0.6090439695604581,-0.0698225043228019,2.513660514978988,0.2551167529867592,2.193944748143837
30.0,43.0,245.9429931640625,-0.8483266135729868,0.6453986865434707,-3.506552371550096,-3.271625883978806,-2.56814784519429,0.2147286641374462,-0.1436646083617611,2.4296898910346845,0.2413711030766583,2.371772908737178
30.0,43.0,220.6161956787109,-0.9503927517081534,0.677458880081766,-3.4985466721108613,-3.1419557166689587,-2.6450864950941537,0.7657276416976995,-0.0800017667336136,2.591298282155937,0.2318220931468717,1.9778696258291708
30.0,43.0,209.95681762695312,-0.8546054761373488,0.5561256830121146,-3.5196763665523463,-2.9998356632825494,-1.6631055522139582,0.5872105304760162,-0.0307104087849592,2.588951662564981,0.2473229352094717,1.9606851088631445
30.0,43.0,205.87635803222656,-1.3025411224933796,0.6923380974972835,-3.456553956950128,-2.830680330342892,-1.4042578391412994,0.7281215353580567,-0.0295502834160407,2.593628736436953,0.1994573726537631,2.086608205675232
30.0,43.0,240.50863647460932,-0.9042593687235482,0.8553515450949849,-3.696393649968759,-2.3537574427113945,-1.4812449703213362,0.6159428455455872,-0.0469018530423728,2.564680771169352,0.1498309904320173,1.9075469790324675
30.0,43.0,205.0666046142578,-1.1845443985933988,0.700803757263604,-3.952121874349335,-2.4643146691599824,-1.274298511414923,0.7420774041366475,-0.0662084833539095,2.5733936463653886,0.2075128882354602,2.0449957298774586
30.0,43.0,221.88970947265625,-0.8733808561961942,0.7155497606499783,-3.4752829285551643,-2.6918855767736227,-1.6924920666992729,0.5277219818285475,-0.1793077577776774,2.5807317062418846,0.1613975901443036,1.763843010464756
30.0,43.0,222.95318603515625,-0.5512669439573012,0.6012298200372116,-3.5414423266019885,-3.004355636698193,-1.763108542797002,0.3498505683405848,-0.0814614354781405,2.566684407128737,0.1719927680650282,1.884386814440135
30.0,43.0,217.8655548095703,-0.734693200094301,0.5642334044448005,-3.6560295796871207,-2.4472103512507903,-1.4013636958479254,0.7804305287007681,-0.0228572444474311,2.592150929742849,0.1407959987536736,1.97449630511701
30.0,43.0,240.0376892089844,-0.818985015422538,0.7325545795717203,-3.463958090524869,-3.1745869837099026,-1.9281247841715203,0.2058466922336207,-0.3766659363291286,2.6001316734345754,0.2265875295001577,2.1979228280822705
30.0,43.0,291.2152099609375,-0.4925722241072047,0.979423402732359,-3.605525640219117,-3.1749731558961845,-1.915760572200272,0.5698221181835107,-0.0820334709090166,2.7895552300879123,0.2353030132978962,2.6257327440521387
30.0,43.0,246.86642456054688,-0.9397382794050816,0.444321978215822,-3.592133175105278,-3.1758492451955185,-1.7881077118314863,0.5701658009830611,0.0514782389659365,2.4254623917333142,0.2597666588085365,1.926173185455858
30.0,43.0,216.61349487304688,-0.8742870949961354,0.56875095512006,-3.497064669960815,-3.0801609567100705,-1.5859277114682282,0.7236664129750331,0.078156620677614,2.5253211881971027,0.1505674014375079,1.9696697594908883
30.0,43.0,260.75506591796875,-0.7235173814946477,0.2633142916060825,-3.729488048766044,-2.598819823759516,-1.5621266964312754,0.5837873023273118,-0.2228563854805409,2.2311934862750764,0.0184947537160842,1.5811522207979942
30.0,43.0,222.7979736328125,-0.442732262413825,0.8690237858668566,-3.591566050933263,-2.475968233429029,-1.292565001219887,0.8696476213143532,-0.0274287940678758,2.538533767897868,0.2222450154248834,1.6931619466018952
30.0,43.0,269.95477294921875,-0.9469876444525336,0.1611961980496876,-3.332253426200541,-3.2034244442623727,-2.023062704858525,0.2799096290766134,-0.0857408084903322,2.264403188659717,0.06585787261784,1.7735905610321585
30.0,43.0,248.2855834960937,-0.770799003272738,0.4753827710612451,-3.433535942894001,-3.109739668051914,-2.4246479649296173,-0.1173976404518245,-0.4245061830428389,2.431571807945595,0.260741302209151,2.106431543141128
30.0,43.0,223.1627655029297,-0.8985820546660013,0.6016829497122207,-3.411395380510474,-3.664917165476703,-1.3178500873651418,0.7560007663919874,0.1789006658911505,2.607908573691832,0.2340229240768573,1.9822286294627685
30.0,43.0,245.99302673339844,-0.7494604562313425,0.5827624451646062,-3.1978432976312727,-2.930434860001456,-2.589522757468941,0.4511330050359632,-0.2349149109541924,2.459352546895984,0.2558733024443547,1.86071018527782
30.0,43.0,213.39453125,-0.677454921797442,0.5239078157027569,-3.6255810010738143,-2.855743792855663,-1.399999879801493,0.66407102189409,0.0366740582308147,2.589056390536872,0.292458637979307,2.1745045146165745
30.0,43.0,256.37762451171875,-1.1740985325224615,0.7032819505618381,-3.4066706406576484,-3.71611809466677,-1.557211301218996,0.5527160638726896,-0.3590757376082736,2.5580340375955064,0.079370969136926,2.0201833040629724
30.0,43.0,237.2328491210937,-1.428040425390325,0.6174814452730092,-3.5736048511054546,-3.410823463642112,-1.461635712523008,0.80848581446371,0.2139962644890252,2.6033857876251307,0.1762205424558912,1.9148313389189773
30.0,43.0,205.575927734375,-0.8160173862793221,0.5906195673798553,-3.5501247184478806,-2.9220737949502533,-1.5276746941164658,0.7254873283981647,-0.0189028447691116,2.5943872451814447,0.2168908645567235,1.9760531472632008
30.0,43.0,210.86788940429688,-0.8675885592579199,0.5814427091929676,-3.3828925757278125,-2.8026065787794625,-1.4133141667751687,0.5847649848208732,0.0142647014205311,2.594815751130514,0.2177871720245377,1.9615568969837671
30.0,43.0,209.57760620117188,-1.2034234515468971,0.7430308923131923,-3.5112044090821017,-2.679625943968955,-1.4859544605392458,0.7008237889901245,0.0302477699241201,2.530165178186213,0.2254432496411395,2.078682998403177
30.0,43.0,270.5972900390625,-0.339195293637367,0.8682199056895401,-3.429359759109701,-2.8360077134138004,-2.288424774409026,0.351023781793731,-0.0313313341651759,2.7013817145445707,0.0884129040474424,1.90707765857914
30.0,43.0,227.75701904296875,-0.9792051486980742,0.6668289796043207,-3.226357363532365,-3.007240751307254,-2.456842984036727,0.4759042173200444,-0.0648306762697417,2.49157505107593,0.2590560882265491,2.1076353013395264
30.0,43.0,297.1531066894531,-1.163542533882826,0.7788205722658192,-3.4776451369495747,-2.501691782372519,-2.0664928400047424,0.2782905431844639,-0.0802722887063241,2.637448483345972,0.0878446717744024,1.5326607414662785
30.0,43.0,249.36651611328125,-1.1722822779368622,0.7080623374607016,-3.65310173025472,-3.047267752401176,-1.8019472403823524,0.8702047103893942,0.0049085971074855,2.513704715536054,0.1255057881850386,2.0114731534309427
30.0,43.0,267.404541015625,-0.2176805605218533,1.0380693301060613,-3.590882423083285,-3.305575645919899,-1.35378195535194,0.4229096087156889,-0.2609441368697187,2.625312538298536,0.2416451296081942,2.18286321441885
30.0,43.0,269.43670654296875,-1.4665615201262887,0.7237078003587692,-3.883014448942289,-3.0141736651722058,-1.331490905615495,0.5350052855855068,-0.1379486159600293,2.6744203751546003,0.1302168663872752,1.433656199865773
30.0,43.0,211.8467254638672,-0.7477372598712155,0.6436859834828597,-3.462752233282377,-2.9250858721948507,-1.60780262608288,0.5310146488304917,-0.1403993425627469,2.580464045315256,0.1323395602747072,1.8916292211329224
30.0,44.0,214.22732543945312,-0.5709375357719852,0.6099977697356924,-3.140555826576952,-2.751540540879751,-1.5639863451240932,0.7150772700534826,-0.0298015949691891,2.517225884112829,0.2132561271602341,1.8995796105848937
30.0,44.0,205.94509887695312,-0.8697084474054906,0.7076252501927573,-3.59309160306721,-2.4953958283050364,-1.328386459745306,0.7456298272598766,-0.0322207498833573,2.583775301033965,0.1369441477754707,1.8464055601176232
30.0,44.0,266.0086669921875,-0.8651988602160304,0.795838850913587,-3.725373039973909,-3.367153817545199,-2.5899729199514487,0.2127217260512958,-0.2711611491755846,2.4976140982215043,0.4393069268345422,2.535738525526165
30.0,44.0,208.15997314453125,-1.245759181566911,0.7028667801777714,-3.633647979049527,-2.7792488200090744,-1.4390678854124717,0.7528071174266333,-0.0738512862628182,2.584667608422431,0.2249873639169209,2.1124285261715974
30.0,44.0,214.00857543945312,-0.7139631603258823,0.7092000346795715,-3.2877890834867407,-2.643549225035128,-1.3735423703328584,0.7415708760224456,-0.0388542302863073,2.574011045117569,0.11154615162462,2.0638814725292884
30.0,44.0,210.597900390625,-0.7318280979898318,0.5914188254323861,-3.762520632782585,-2.804645763324062,-1.5552501707621134,0.7108059977869721,-0.0339586683914871,2.6116724728224123,0.1882452260922728,1.9445701194337384
30.0,44.0,254.408447265625,-1.4830690322573743,0.7121773913496777,-3.726241373110556,-3.1591481454419075,-2.166346601958004,-0.3160067511517694,-0.0406544661493137,2.6321290898891414,0.2330449294692601,1.962363157963311
30.0,44.0,232.60125732421875,-0.9715995809412836,0.5577415504301244,-3.9342848517521216,-2.632825574260343,-1.597826820354903,0.3551696161869346,-0.1003542550359881,2.559180068656376,0.2073876226225236,2.0812335455710587
30.0,44.0,207.5741577148437,-0.686965141996015,0.6133968297482193,-3.5462573106094832,-2.584725061092829,-1.407127749054816,0.7921407088901468,-0.0372440645726738,2.602195334414293,0.2127077341849965,2.004414567430152
30.0,44.0,217.80987548828125,-0.7399219093249991,0.6265199654248446,-3.3812386568411683,-3.115740592719888,-2.4970438835882924,0.4187495791001843,-0.1164287251613381,2.541142812644273,0.2703581298861386,2.0687642066891287
30.0,44.0,226.02313232421875,-1.197734471764577,0.6247879266582765,-2.8954564117773574,-2.789528020552134,-1.3033640999843603,0.8371908035488221,-0.0181091504397275,2.5648792669700025,0.1870753175295839,2.071278711381518
30.0,44.0,263.0406494140625,-1.2868303873634983,0.9952098691701532,-3.546650995821949,-3.291692242837229,-1.9373985017427784,-0.1535844034667546,-0.2796769726809223,2.5428472217186946,0.325330999931762,2.019106519932087
30.0,44.0,244.4027404785156,-1.4685250517230095,0.6088705291205184,-3.6463576713199495,-2.544881728925102,-1.6474228560157762,0.7594579174993055,-0.074961652832359,2.4504308881310526,0.2235923012688416,2.056703348257138
30.0,44.0,207.90756225585932,-0.6479159768522444,0.7284886100509094,-3.695921280759009,-2.781060718407121,-1.525929805493504,0.6871350509244251,-0.0636587062097553,2.565365913183575,0.2936218791881947,2.2605625805942813
30.0,44.0,256.0018615722656,-0.6691380635419755,0.5827469437519147,-3.3790136906392485,-2.798258925925,-1.1114910743566462,0.854893571052213,-0.0112353143995043,2.4149559974209645,0.2105522727190908,2.2935689610566943
30.0,44.0,204.71969604492188,-1.254726376404085,0.7125155664595609,-3.707666905829853,-2.6955806254825507,-1.4354193519062597,0.7512400792514216,-0.0140717053441493,2.5845233329431867,0.2212652358131333,2.060685180311757
30.0,44.0,220.53668212890625,-1.2171966783311097,0.4756538204269566,-3.473961005955754,-3.088961056374514,-1.704597891261704,0.4920041034137272,-0.0918239354140258,2.562499878329205,0.3992523830963432,2.654374933471221
30.0,44.0,228.5635528564453,-0.3549994854249461,0.7788695945608625,-3.749652683533876,-3.240048907229221,-1.6722480013993102,0.6090439695604581,-0.0698225043228019,2.513660514978988,0.2551167529867592,2.193944748143837
30.0,44.0,245.9429931640625,-0.8483266135729868,0.6453986865434707,-3.506552371550096,-3.271625883978806,-2.56814784519429,0.2147286641374462,-0.1436646083617611,2.4296898910346845,0.2413711030766583,2.371772908737178
30.0,44.0,220.6161956787109,-0.9503927517081534,0.677458880081766,-3.4985466721108613,-3.1419557166689587,-2.6450864950941537,0.7657276416976995,-0.0800017667336136,2.591298282155937,0.2318220931468717,1.9778696258291708
30.0,44.0,209.95681762695312,-0.8546054761373488,0.5561256830121146,-3.5196763665523463,-2.9998356632825494,-1.6631055522139582,0.5872105304760162,-0.0307104087849592,2.588951662564981,0.2473229352094717,1.9606851088631445
30.0,44.0,205.87635803222656,-1.3025411224933796,0.6923380974972835,-3.456553956950128,-2.830680330342892,-1.4042578391412994,0.7281215353580567,-0.0295502834160407,2.593628736436953,0.1994573726537631,2.086608205675232
30.0,44.0,240.50863647460932,-0.9042593687235482,0.8553515450949849,-3.696393649968759,-2.3537574427113945,-1.4812449703213362,0.6159428455455872,-0.0469018530423728,2.564680771169352,0.1498309904320173,1.9075469790324675
30.0,44.0,205.0666046142578,-1.1845443985933988,0.700803757263604,-3.952121874349335,-2.4643146691599824,-1.274298511414923,0.7420774041366475,-0.0662084833539095,2.5733936463653886,0.2075128882354602,2.0449957298774586
30.0,44.0,221.88970947265625,-0.8733808561961942,0.7155497606499783,-3.4752829285551643,-2.6918855767736227,-1.6924920666992729,0.5277219818285475,-0.1793077577776774,2.5807317062418846,0.1613975901443036,1.763843010464756
30.0,44.0,222.95318603515625,-0.5512669439573012,0.6012298200372116,-3.5414423266019885,-3.004355636698193,-1.763108542797002,0.3498505683405848,-0.0814614354781405,2.566684407128737,0.1719927680650282,1.884386814440135
30.0,44.0,217.8655548095703,-0.734693200094301,0.5642334044448005,-3.6560295796871207,-2.4472103512507903,-1.4013636958479254,0.7804305287007681,-0.0228572444474311,2.592150929742849,0.1407959987536736,1.97449630511701
30.0,44.0,240.0376892089844,-0.818985015422538,0.7325545795717203,-3.463958090524869,-3.1745869837099026,-1.9281247841715203,0.2058466922336207,-0.3766659363291286,2.6001316734345754,0.2265875295001577,2.1979228280822705
30.0,44.0,291.2152099609375,-0.4925722241072047,0.979423402732359,-3.605525640219117,-3.1749731558961845,-1.915760572200272,0.5698221181835107,-0.0820334709090166,2.7895552300879123,0.2353030132978962,2.6257327440521387
30.0,44.0,246.86642456054688,-0.9397382794050816,0.444321978215822,-3.592133175105278,-3.1758492451955185,-1.7881077118314863,0.5701658009830611,0.0514782389659365,2.4254623917333142,0.2597666588085365,1.926173185455858
30.0,44.0,216.61349487304688,-0.8742870949961354,0.56875095512006,-3.497064669960815,-3.0801609567100705,-1.5859277114682282,0.7236664129750331,0.078156620677614,2.5253211881971027,0.1505674014375079,1.9696697594908883
30.0,44.0,260.75506591796875,-0.7235173814946477,0.2633142916060825,-3.729488048766044,-2.598819823759516,-1.5621266964312754,0.5837873023273118,-0.2228563854805409,2.2311934862750764,0.0184947537160842,1.5811522207979942
30.0,44.0,222.7979736328125,-0.442732262413825,0.8690237858668566,-3.591566050933263,-2.475968233429029,-1.292565001219887,0.8696476213143532,-0.0274287940678758,2.538533767897868,0.2222450154248834,1.6931619466018952
30.0,44.0,269.95477294921875,-0.9469876444525336,0.1611961980496876,-3.332253426200541,-3.2034244442623727,-2.023062704858525,0.2799096290766134,-0.0857408084903322,2.264403188659717,0.06585787261784,1.7735905610321585
30.0,44.0,241.38804626464844,-1.067201702703351,0.6023728035771788,-3.289428595837416,-3.2452188728246893,-1.7483562182775751,0.0453134475114543,-0.1885751098828854,2.5667959029030776,0.2398378622311989,2.110714050417245
30.0,44.0,223.1627655029297,-0.8985820546660013,0.6016829497122207,-3.411395380510474,-3.664917165476703,-1.3178500873651418,0.7560007663919874,0.1789006658911505,2.607908573691832,0.2340229240768573,1.9822286294627685
30.0,44.0,245.99302673339844,-0.7494604562313425,0.5827624451646062,-3.1978432976312727,-2.930434860001456,-2.589522757468941,0.4511330050359632,-0.2349149109541924,2.459352546895984,0.2558733024443547,1.86071018527782
30.0,44.0,213.39453125,-0.677454921797442,0.5239078157027569,-3.6255810010738143,-2.855743792855663,-1.399999879801493,0.66407102189409,0.0366740582308147,2.589056390536872,0.292458637979307,2.1745045146165745
30.0,44.0,256.37762451171875,-1.1740985325224615,0.7032819505618381,-3.4066706406576484,-3.71611809466677,-1.557211301218996,0.5527160638726896,-0.3590757376082736,2.5580340375955064,0.079370969136926,2.0201833040629724
30.0,44.0,237.2328491210937,-1.428040425390325,0.6174814452730092,-3.5736048511054546,-3.410823463642112,-1.461635712523008,0.80848581446371,0.2139962644890252,2.6033857876251307,0.1762205424558912,1.9148313389189773
30.0,44.0,205.575927734375,-0.8160173862793221,0.5906195673798553,-3.5501247184478806,-2.9220737949502533,-1.5276746941164658,0.7254873283981647,-0.0189028447691116,2.5943872451814447,0.2168908645567235,1.9760531472632008
30.0,44.0,206.15182495117188,-1.021208591034679,0.50961503660092,-3.144610939529908,-2.765177086552761,-1.4071357512523337,0.6938978150236301,-0.0147396806557166,2.548052965813157,0.2183828022744247,1.9028349602058523
30.0,44.0,209.57760620117188,-1.2034234515468971,0.7430308923131923,-3.5112044090821017,-2.679625943968955,-1.4859544605392458,0.7008237889901245,0.0302477699241201,2.530165178186213,0.2254432496411395,2.078682998403177
30.0,44.0,270.5972900390625,-0.339195293637367,0.8682199056895401,-3.429359759109701,-2.8360077134138004,-2.288424774409026,0.351023781793731,-0.0313313341651759,2.7013817145445707,0.0884129040474424,1.90707765857914
30.0,44.0,227.75701904296875,-0.9792051486980742,0.6668289796043207,-3.226357363532365,-3.007240751307254,-2.456842984036727,0.4759042173200444,-0.0648306762697417,2.49157505107593,0.2590560882265491,2.1076353013395264
30.0,44.0,254.17941284179688,-1.326321974452913,0.6857621513454839,-3.796053631375636,-2.7790171547816658,-1.6826180849514976,0.4775988274730668,-0.0771566694361954,2.5049503920975544,-0.0360892555134662,1.9269645314177744
30.0,44.0,249.36651611328125,-1.1722822779368622,0.7080623374607016,-3.65310173025472,-3.047267752401176,-1.8019472403823524,0.8702047103893942,0.0049085971074855,2.513704715536054,0.1255057881850386,2.0114731534309427
30.0,44.0,267.404541015625,-0.2176805605218533,1.0380693301060613,-3.590882423083285,-3.305575645919899,-1.35378195535194,0.4229096087156889,-0.2609441368697187,2.625312538298536,0.2416451296081942,2.18286321441885
30.0,44.0,269.43670654296875,-1.4665615201262887,0.7237078003587692,-3.883014448942289,-3.0141736651722058,-1.331490905615495,0.5350052855855068,-0.1379486159600293,2.6744203751546003,0.1302168663872752,1.433656199865773
30.0,44.0,211.8467254638672,-0.7477372598712155,0.6436859834828597,-3.462752233282377,-2.9250858721948507,-1.60780262608288,0.5310146488304917,-0.1403993425627469,2.580464045315256,0.1323395602747072,1.8916292211329224
30.0,45.0,214.22732543945312,-0.5709375357719852,0.6099977697356924,-3.140555826576952,-2.751540540879751,-1.5639863451240932,0.7150772700534826,-0.0298015949691891,2.517225884112829,0.2132561271602341,1.8995796105848937
30.0,45.0,205.94509887695312,-0.8697084474054906,0.7076252501927573,-3.59309160306721,-2.4953958283050364,-1.328386459745306,0.7456298272598766,-0.0322207498833573,2.583775301033965,0.1369441477754707,1.8464055601176232
30.0,45.0,266.0086669921875,-0.8651988602160304,0.795838850913587,-3.725373039973909,-3.367153817545199,-2.5899729199514487,0.2127217260512958,-0.2711611491755846,2.4976140982215043,0.4393069268345422,2.535738525526165
30.0,45.0,206.98532104492188,-1.2689571399686637,0.6830904193650393,-3.584615721879779,-2.714669649737683,-1.435284659324721,0.7529761436278012,-0.07759887416233,2.5845765645126386,0.2174545036003018,2.065036617170621
30.0,45.0,214.00857543945312,-0.7139631603258823,0.7092000346795715,-3.2877890834867407,-2.643549225035128,-1.3735423703328584,0.7415708760224456,-0.0388542302863073,2.574011045117569,0.11154615162462,2.0638814725292884
30.0,45.0,210.597900390625,-0.7318280979898318,0.5914188254323861,-3.762520632782585,-2.804645763324062,-1.5552501707621134,0.7108059977869721,-0.0339586683914871,2.6116724728224123,0.1882452260922728,1.9445701194337384
30.0,45.0,254.408447265625,-1.4830690322573743,0.7121773913496777,-3.726241373110556,-3.1591481454419075,-2.166346601958004,-0.3160067511517694,-0.0406544661493137,2.6321290898891414,0.2330449294692601,1.962363157963311
30.0,45.0,232.60125732421875,-0.9715995809412836,0.5577415504301244,-3.9342848517521216,-2.632825574260343,-1.597826820354903,0.3551696161869346,-0.1003542550359881,2.559180068656376,0.2073876226225236,2.0812335455710587
30.0,45.0,207.5741577148437,-0.686965141996015,0.6133968297482193,-3.5462573106094832,-2.584725061092829,-1.407127749054816,0.7921407088901468,-0.0372440645726738,2.602195334414293,0.2127077341849965,2.004414567430152
30.0,45.0,217.80987548828125,-0.7399219093249991,0.6265199654248446,-3.3812386568411683,-3.115740592719888,-2.4970438835882924,0.4187495791001843,-0.1164287251613381,2.541142812644273,0.2703581298861386,2.0687642066891287
30.0,45.0,226.02313232421875,-1.197734471764577,0.6247879266582765,-2.8954564117773574,-2.789528020552134,-1.3033640999843603,0.8371908035488221,-0.0181091504397275,2.5648792669700025,0.1870753175295839,2.071278711381518
30.0,45.0,263.0406494140625,-1.2868303873634983,0.9952098691701532,-3.546650995821949,-3.291692242837229,-1.9373985017427784,-0.1535844034667546,-0.2796769726809223,2.5428472217186946,0.325330999931762,2.019106519932087
30.0,45.0,244.4027404785156,-1.4685250517230095,0.6088705291205184,-3.6463576713199495,-2.544881728925102,-1.6474228560157762,0.7594579174993055,-0.074961652832359,2.4504308881310526,0.2235923012688416,2.056703348257138
30.0,45.0,207.90756225585932,-0.6479159768522444,0.7284886100509094,-3.695921280759009,-2.781060718407121,-1.525929805493504,0.6871350509244251,-0.0636587062097553,2.565365913183575,0.2936218791881947,2.2605625805942813
30.0,45.0,256.0018615722656,-0.6691380635419755,0.5827469437519147,-3.3790136906392485,-2.798258925925,-1.1114910743566462,0.854893571052213,-0.0112353143995043,2.4149559974209645,0.2105522727190908,2.2935689610566943
30.0,45.0,204.71969604492188,-1.254726376404085,0.7125155664595609,-3.707666905829853,-2.6955806254825507,-1.4354193519062597,0.7512400792514216,-0.0140717053441493,2.5845233329431867,0.2212652358131333,2.060685180311757
30.0,45.0,220.53668212890625,-1.2171966783311097,0.4756538204269566,-3.473961005955754,-3.088961056374514,-1.704597891261704,0.4920041034137272,-0.0918239354140258,2.562499878329205,0.3992523830963432,2.654374933471221
30.0,45.0,228.5635528564453,-0.3549994854249461,0.7788695945608625,-3.749652683533876,-3.240048907229221,-1.6722480013993102,0.6090439695604581,-0.0698225043228019,2.513660514978988,0.2551167529867592,2.193944748143837
30.0,45.0,245.9429931640625,-0.8483266135729868,0.6453986865434707,-3.506552371550096,-3.271625883978806,-2.56814784519429,0.2147286641374462,-0.1436646083617611,2.4296898910346845,0.2413711030766583,2.371772908737178
30.0,45.0,220.6161956787109,-0.9503927517081534,0.677458880081766,-3.4985466721108613,-3.1419557166689587,-2.6450864950941537,0.7657276416976995,-0.0800017667336136,2.591298282155937,0.2318220931468717,1.9778696258291708
30.0,45.0,209.95681762695312,-0.8546054761373488,0.5561256830121146,-3.5196763665523463,-2.9998356632825494,-1.6631055522139582,0.5872105304760162,-0.0307104087849592,2.588951662564981,0.2473229352094717,1.9606851088631445
30.0,45.0,205.87635803222656,-1.3025411224933796,0.6923380974972835,-3.456553956950128,-2.830680330342892,-1.4042578391412994,0.7281215353580567,-0.0295502834160407,2.593628736436953,0.1994573726537631,2.086608205675232
30.0,45.0,240.50863647460932,-0.9042593687235482,0.8553515450949849,-3.696393649968759,-2.3537574427113945,-1.4812449703213362,0.6159428455455872,-0.0469018530423728,2.564680771169352,0.1498309904320173,1.9075469790324675
30.0,45.0,205.0666046142578,-1.1845443985933988,0.700803757263604,-3.952121874349335,-2.4643146691599824,-1.274298511414923,0.7420774041366475,-0.0662084833539095,2.5733936463653886,0.2075128882354602,2.0449957298774586
30.0,45.0,221.88970947265625,-0.8733808561961942,0.7155497606499783,-3.4752829285551643,-2.6918855767736227,-1.6924920666992729,0.5277219818285475,-0.1793077577776774,2.5807317062418846,0.1613975901443036,1.763843010464756
30.0,45.0,222.95318603515625,-0.5512669439573012,0.6012298200372116,-3.5414423266019885,-3.004355636698193,-1.763108542797002,0.3498505683405848,-0.0814614354781405,2.566684407128737,0.1719927680650282,1.884386814440135
30.0,45.0,217.8655548095703,-0.734693200094301,0.5642334044448005,-3.6560295796871207,-2.4472103512507903,-1.4013636958479254,0.7804305287007681,-0.0228572444474311,2.592150929742849,0.1407959987536736,1.97449630511701
30.0,45.0,240.0376892089844,-0.818985015422538,0.7325545795717203,-3.463958090524869,-3.1745869837099026,-1.9281247841715203,0.2058466922336207,-0.3766659363291286,2.6001316734345754,0.2265875295001577,2.1979228280822705
30.0,45.0,291.2152099609375,-0.4925722241072047,0.979423402732359,-3.605525640219117,-3.1749731558961845,-1.915760572200272,0.5698221181835107,-0.0820334709090166,2.7895552300879123,0.2353030132978962,2.6257327440521387
30.0,45.0,246.86642456054688,-0.9397382794050816,0.444321978215822,-3.592133175105278,-3.1758492451955185,-1.7881077118314863,0.5701658009830611,0.0514782389659365,2.4254623917333142,0.2597666588085365,1.926173185455858
30.0,45.0,216.61349487304688,-0.8742870949961354,0.56875095512006,-3.497064669960815,-3.0801609567100705,-1.5859277114682282,0.7236664129750331,0.078156620677614,2.5253211881971027,0.1505674014375079,1.9696697594908883
30.0,45.0,260.75506591796875,-0.7235173814946477,0.2633142916060825,-3.729488048766044,-2.598819823759516,-1.5621266964312754,0.5837873023273118,-0.2228563854805409,2.2311934862750764,0.0184947537160842,1.5811522207979942
30.0,45.0,222.7979736328125,-0.442732262413825,0.8690237858668566,-3.591566050933263,-2.475968233429029,-1.292565001219887,0.8696476213143532,-0.0274287940678758,2.538533767897868,0.2222450154248834,1.6931619466018952
30.0,45.0,242.719970703125,-1.013086476464787,0.347399226527423,-3.8198719599024367,-3.0897542948028494,-1.5318829002026608,0.4676886724625169,-0.0890555011371741,2.6231757476874376,0.2162614150844842,1.946162885946897
30.0,45.0,241.38804626464844,-1.067201702703351,0.6023728035771788,-3.289428595837416,-3.2452188728246893,-1.7483562182775751,0.0453134475114543,-0.1885751098828854,2.5667959029030776,0.2398378622311989,2.110714050417245
30.0,45.0,223.1627655029297,-0.8985820546660013,0.6016829497122207,-3.411395380510474,-3.664917165476703,-1.3178500873651418,0.7560007663919874,0.1789006658911505,2.607908573691832,0.2340229240768573,1.9822286294627685
30.0,45.0,245.99302673339844,-0.7494604562313425,0.5827624451646062,-3.1978432976312727,-2.930434860001456,-2.589522757468941,0.4511330050359632,-0.2349149109541924,2.459352546895984,0.2558733024443547,1.86071018527782
30.0,45.0,213.39453125,-0.677454921797442,0.5239078157027569,-3.6255810010738143,-2.855743792855663,-1.399999879801493,0.66407102189409,0.0366740582308147,2.589056390536872,0.292458637979307,2.1745045146165745
30.0,45.0,256.37762451171875,-1.1740985325224615,0.7032819505618381,-3.4066706406576484,-3.71611809466677,-1.557211301218996,0.5527160638726896,-0.3590757376082736,2.5580340375955064,0.079370969136926,2.0201833040629724
30.0,45.0,237.2328491210937,-1.428040425390325,0.6174814452730092,-3.5736048511054546,-3.410823463642112,-1.461635712523008,0.80848581446371,0.2139962644890252,2.6033857876251307,0.1762205424558912,1.9148313389189773
30.0,45.0,205.575927734375,-0.8160173862793221,0.5906195673798553,-3.5501247184478806,-2.9220737949502533,-1.5276746941164658,0.7254873283981647,-0.0189028447691116,2.5943872451814447,0.2168908645567235,1.9760531472632008
30.0,45.0,206.15182495117188,-1.021208591034679,0.50961503660092,-3.144610939529908,-2.765177086552761,-1.4071357512523337,0.6938978150236301,-0.0147396806557166,2.548052965813157,0.2183828022744247,1.9028349602058523
30.0,45.0,209.57760620117188,-1.2034234515468971,0.7430308923131923,-3.5112044090821017,-2.679625943968955,-1.4859544605392458,0.7008237889901245,0.0302477699241201,2.530165178186213,0.2254432496411395,2.078682998403177
30.0,45.0,270.5972900390625,-0.339195293637367,0.8682199056895401,-3.429359759109701,-2.8360077134138004,-2.288424774409026,0.351023781793731,-0.0313313341651759,2.7013817145445707,0.0884129040474424,1.90707765857914
30.0,45.0,227.75701904296875,-0.9792051486980742,0.6668289796043207,-3.226357363532365,-3.007240751307254,-2.456842984036727,0.4759042173200444,-0.0648306762697417,2.49157505107593,0.2590560882265491,2.1076353013395264
30.0,45.0,254.17941284179688,-1.326321974452913,0.6857621513454839,-3.796053631375636,-2.7790171547816658,-1.6826180849514976,0.4775988274730668,-0.0771566694361954,2.5049503920975544,-0.0360892555134662,1.9269645314177744
30.0,45.0,246.14732360839844,-1.2686159640808323,0.6760806043338021,-3.7504806405159448,-2.3560222663942145,-1.5877563809661257,0.6786963658492926,-0.0079346124023953,2.5819156012655315,0.2900883907595766,2.15150372495451
30.0,45.0,267.404541015625,-0.2176805605218533,1.0380693301060613,-3.590882423083285,-3.305575645919899,-1.35378195535194,0.4229096087156889,-0.2609441368697187,2.625312538298536,0.2416451296081942,2.18286321441885
30.0,45.0,269.43670654296875,-1.4665615201262887,0.7237078003587692,-3.883014448942289,-3.0141736651722058,-1.331490905615495,0.5350052855855068,-0.1379486159600293,2.6744203751546003,0.1302168663872752,1.433656199865773
30.0,45.0,211.8467254638672,-0.7477372598712155,0.6436859834828597,-3.462752233282377,-2.9250858721948507,-1.60780262608288,0.5310146488304917,-0.1403993425627469,2.580464045315256,0.1323395602747072,1.8916292211329224
30.0,46.0,214.22732543945312,-0.5709375357719852,0.6099977697356924,-3.140555826576952,-2.751540540879751,-1.5639863451240932,0.7150772700534826,-0.0298015949691891,2.517225884112829,0.2132561271602341,1.8995796105848937
30.0,46.0,205.94509887695312,-0.8697084474054906,0.7076252501927573,-3.59309160306721,-2.4953958283050364,-1.328386459745306,0.7456298272598766,-0.0322207498833573,2.583775301033965,0.1369441477754707,1.8464055601176232
30.0,46.0,266.0086669921875,-0.8651988602160304,0.795838850913587,-3.725373039973909,-3.367153817545199,-2.5899729199514487,0.2127217260512958,-0.2711611491755846,2.4976140982215043,0.4393069268345422,2.535738525526165
30.0,46.0,206.17947387695312,-1.2543861953466937,0.7221983875321775,-3.5825214902094675,-2.6513188390384257,-1.4334235232196684,0.7502049143395104,-0.0612715239812842,2.5844859212723312,0.2181572021423279,2.0335951749875774
30.0,46.0,214.00857543945312,-0.7139631603258823,0.7092000346795715,-3.2877890834867407,-2.643549225035128,-1.3735423703328584,0.7415708760224456,-0.0388542302863073,2.574011045117569,0.11154615162462,2.0638814725292884
30.0,46.0,210.597900390625,-0.7318280979898318,0.5914188254323861,-3.762520632782585,-2.804645763324062,-1.5552501707621134,0.7108059977869721,-0.0339586683914871,2.6116724728224123,0.1882452260922728,1.9445701194337384
30.0,46.0,254.408447265625,-1.4830690322573743,0.7121773913496777,-3.726241373110556,-3.1591481454419075,-2.166346601958004,-0.3160067511517694,-0.0406544661493137,2.6321290898891414,0.2330449294692601,1.962363157963311
30.0,46.0,232.60125732421875,-0.9715995809412836,0.5577415504301244,-3.9342848517521216,-2.632825574260343,-1.597826820354903,0.3551696161869346,-0.1003542550359881,2.559180068656376,0.2073876226225236,2.0812335455710587
30.0,46.0,207.5741577148437,-0.686965141996015,0.6133968297482193,-3.5462573106094832,-2.584725061092829,-1.407127749054816,0.7921407088901468,-0.0372440645726738,2.602195334414293,0.2127077341849965,2.004414567430152
30.0,46.0,217.80987548828125,-0.7399219093249991,0.6265199654248446,-3.3812386568411683,-3.115740592719888,-2.4970438835882924,0.4187495791001843,-0.1164287251613381,2.541142812644273,0.2703581298861386,2.0687642066891287
30.0,46.0,226.02313232421875,-1.197734471764577,0.6247879266582765,-2.8954564117773574,-2.789528020552134,-1.3033640999843603,0.8371908035488221,-0.0181091504397275,2.5648792669700025,0.1870753175295839,2.071278711381518
30.0,46.0,263.0406494140625,-1.2868303873634983,0.9952098691701532,-3.546650995821949,-3.291692242837229,-1.9373985017427784,-0.1535844034667546,-0.2796769726809223,2.5428472217186946,0.325330999931762,2.019106519932087
30.0,46.0,244.4027404785156,-1.4685250517230095,0.6088705291205184,-3.6463576713199495,-2.544881728925102,-1.6474228560157762,0.7594579174993055,-0.074961652832359,2.4504308881310526,0.2235923012688416,2.056703348257138
30.0,46.0,207.90756225585932,-0.6479159768522444,0.7284886100509094,-3.695921280759009,-2.781060718407121,-1.525929805493504,0.6871350509244251,-0.0636587062097553,2.565365913183575,0.2936218791881947,2.2605625805942813
30.0,46.0,256.0018615722656,-0.6691380635419755,0.5827469437519147,-3.3790136906392485,-2.798258925925,-1.1114910743566462,0.854893571052213,-0.0112353143995043,2.4149559974209645,0.2105522727190908,2.2935689610566943
30.0,46.0,204.71969604492188,-1.254726376404085,0.7125155664595609,-3.707666905829853,-2.6955806254825507,-1.4354193519062597,0.7512400792514216,-0.0140717053441493,2.5845233329431867,0.2212652358131333,2.060685180311757
30.0,46.0,220.53668212890625,-1.2171966783311097,0.4756538204269566,-3.473961005955754,-3.088961056374514,-1.704597891261704,0.4920041034137272,-0.0918239354140258,2.562499878329205,0.3992523830963432,2.654374933471221
30.0,46.0,228.5635528564453,-0.3549994854249461,0.7788695945608625,-3.749652683533876,-3.240048907229221,-1.6722480013993102,0.6090439695604581,-0.0698225043228019,2.513660514978988,0.2551167529867592,2.193944748143837
30.0,46.0,245.9429931640625,-0.8483266135729868,0.6453986865434707,-3.506552371550096,-3.271625883978806,-2.56814784519429,0.2147286641374462,-0.1436646083617611,2.4296898910346845,0.2413711030766583,2.371772908737178
30.0,46.0,220.6161956787109,-0.9503927517081534,0.677458880081766,-3.4985466721108613,-3.1419557166689587,-2.6450864950941537,0.7657276416976995,-0.0800017667336136,2.591298282155937,0.2318220931468717,1.9778696258291708
30.0,46.0,209.95681762695312,-0.8546054761373488,0.5561256830121146,-3.5196763665523463,-2.9998356632825494,-1.6631055522139582,0.5872105304760162,-0.0307104087849592,2.588951662564981,0.2473229352094717,1.9606851088631445
30.0,46.0,205.87635803222656,-1.3025411224933796,0.6923380974972835,-3.456553956950128,-2.830680330342892,-1.4042578391412994,0.7281215353580567,-0.0295502834160407,2.593628736436953,0.1994573726537631,2.086608205675232
30.0,46.0,220.6445159912109,-1.6134177651461188,0.852509955050408,-3.7561168215695298,-2.423952296286082,-1.353474608805061,0.8137938627679311,-0.0400343974760885,2.5837281903190856,0.2061422638805313,2.151942851591269
30.0,46.0,205.0666046142578,-1.1845443985933988,0.700803757263604,-3.952121874349335,-2.4643146691599824,-1.274298511414923,0.7420774041366475,-0.0662084833539095,2.5733936463653886,0.2075128882354602,2.0449957298774586
30.0,46.0,221.88970947265625,-0.8733808561961942,0.7155497606499783,-3.4752829285551643,-2.6918855767736227,-1.6924920666992729,0.5277219818285475,-0.1793077577776774,2.5807317062418846,0.1613975901443036,1.763843010464756
30.0,46.0,222.95318603515625,-0.5512669439573012,0.6012298200372116,-3.5414423266019885,-3.004355636698193,-1.763108542797002,0.3498505683405848,-0.0814614354781405,2.566684407128737,0.1719927680650282,1.884386814440135
30.0,46.0,217.8655548095703,-0.734693200094301,0.5642334044448005,-3.6560295796871207,-2.4472103512507903,-1.4013636958479254,0.7804305287007681,-0.0228572444474311,2.592150929742849,0.1407959987536736,1.97449630511701
30.0,46.0,240.0376892089844,-0.818985015422538,0.7325545795717203,-3.463958090524869,-3.1745869837099026,-1.9281247841715203,0.2058466922336207,-0.3766659363291286,2.6001316734345754,0.2265875295001577,2.1979228280822705
30.0,46.0,291.2152099609375,-0.4925722241072047,0.979423402732359,-3.605525640219117,-3.1749731558961845,-1.915760572200272,0.5698221181835107,-0.0820334709090166,2.7895552300879123,0.2353030132978962,2.6257327440521387
30.0,46.0,246.86642456054688,-0.9397382794050816,0.444321978215822,-3.592133175105278,-3.1758492451955185,-1.7881077118314863,0.5701658009830611,0.0514782389659365,2.4254623917333142,0.2597666588085365,1.926173185455858
30.0,46.0,216.61349487304688,-0.8742870949961354,0.56875095512006,-3.497064669960815,-3.0801609567100705,-1.5859277114682282,0.7236664129750331,0.078156620677614,2.5253211881971027,0.1505674014375079,1.9696697594908883
30.0,46.0,260.75506591796875,-0.7235173814946477,0.2633142916060825,-3.729488048766044,-2.598819823759516,-1.5621266964312754,0.5837873023273118,-0.2228563854805409,2.2311934862750764,0.0184947537160842,1.5811522207979942
30.0,46.0,222.7979736328125,-0.442732262413825,0.8690237858668566,-3.591566050933263,-2.475968233429029,-1.292565001219887,0.8696476213143532,-0.0274287940678758,2.538533767897868,0.2222450154248834,1.6931619466018952
30.0,46.0,242.719970703125,-1.013086476464787,0.347399226527423,-3.8198719599024367,-3.0897542948028494,-1.5318829002026608,0.4676886724625169,-0.0890555011371741,2.6231757476874376,0.2162614150844842,1.946162885946897
30.0,46.0,241.38804626464844,-1.067201702703351,0.6023728035771788,-3.289428595837416,-3.2452188728246893,-1.7483562182775751,0.0453134475114543,-0.1885751098828854,2.5667959029030776,0.2398378622311989,2.110714050417245
30.0,46.0,223.1627655029297,-0.8985820546660013,0.6016829497122207,-3.411395380510474,-3.664917165476703,-1.3178500873651418,0.7560007663919874,0.1789006658911505,2.607908573691832,0.2340229240768573,1.9822286294627685
30.0,46.0,245.99302673339844,-0.7494604562313425,0.5827624451646062,-3.1978432976312727,-2.930434860001456,-2.589522757468941,0.4511330050359632,-0.2349149109541924,2.459352546895984,0.2558733024443547,1.86071018527782
30.0,46.0,213.39453125,-0.677454921797442,0.5239078157027569,-3.6255810010738143,-2.855743792855663,-1.399999879801493,0.66407102189409,0.0366740582308147,2.589056390536872,0.292458637979307,2.1745045146165745
30.0,46.0,256.37762451171875,-1.1740985325224615,0.7032819505618381,-3.4066706406576484,-3.71611809466677,-1.557211301218996,0.5527160638726896,-0.3590757376082736,2.5580340375955064,0.079370969136926,2.0201833040629724
30.0,46.0,237.2328491210937,-1.428040425390325,0.6174814452730092,-3.5736048511054546,-3.410823463642112,-1.461635712523008,0.80848581446371,0.2139962644890252,2.6033857876251307,0.1762205424558912,1.9148313389189773
30.0,46.0,205.575927734375,-0.8160173862793221,0.5906195673798553,-3.5501247184478806,-2.9220737949502533,-1.5276746941164658,0.7254873283981647,-0.0189028447691116,2.5943872451814447,0.2168908645567235,1.9760531472632008
30.0,46.0,206.15182495117188,-1.021208591034679,0.50961503660092,-3.144610939529908,-2.765177086552761,-1.4071357512523337,0.6938978150236301,-0.0147396806557166,2.548052965813157,0.2183828022744247,1.9028349602058523
30.0,46.0,209.57760620117188,-1.2034234515468971,0.7430308923131923,-3.5112044090821017,-2.679625943968955,-1.4859544605392458,0.7008237889901245,0.0302477699241201,2.530165178186213,0.2254432496411395,2.078682998403177
30.0,46.0,270.5972900390625,-0.339195293637367,0.8682199056895401,-3.429359759109701,-2.8360077134138004,-2.288424774409026,0.351023781793731,-0.0313313341651759,2.7013817145445707,0.0884129040474424,1.90707765857914
30.0,46.0,227.75701904296875,-0.9792051486980742,0.6668289796043207,-3.226357363532365,-3.007240751307254,-2.456842984036727,0.4759042173200444,-0.0648306762697417,2.49157505107593,0.2590560882265491,2.1076353013395264
30.0,46.0,254.17941284179688,-1.326321974452913,0.6857621513454839,-3.796053631375636,-2.7790171547816658,-1.6826180849514976,0.4775988274730668,-0.0771566694361954,2.5049503920975544,-0.0360892555134662,1.9269645314177744
30.0,46.0,211.0224609375,-1.320639438911705,0.6936989862486255,-3.712079251947993,-2.599918602985408,-1.5204053024960218,0.6558248049548306,-0.0166615392514837,2.597391026594717,0.2599806638690164,2.219304548662517
30.0,46.0,267.404541015625,-0.2176805605218533,1.0380693301060613,-3.590882423083285,-3.305575645919899,-1.35378195535194,0.4229096087156889,-0.2609441368697187,2.625312538298536,0.2416451296081942,2.18286321441885
30.0,46.0,244.09619140625,-1.0535524722847025,0.7174926392853137,-3.626713109892129,-2.999640496010941,-1.4579653133764736,0.6271392104808658,0.1022991938854671,2.5517347673531905,0.2063527061416982,1.5046546653822424
30.0,46.0,211.8467254638672,-0.7477372598712155,0.6436859834828597,-3.462752233282377,-2.9250858721948507,-1.60780262608288,0.5310146488304917,-0.1403993425627469,2.580464045315256,0.1323395602747072,1.8916292211329224
30.0,47.0,214.22732543945312,-0.5709375357719852,0.6099977697356924,-3.140555826576952,-2.751540540879751,-1.5639863451240932,0.7150772700534826,-0.0298015949691891,2.517225884112829,0.2132561271602341,1.8995796105848937
30.0,47.0,205.94509887695312,-0.8697084474054906,0.7076252501927573,-3.59309160306721,-2.4953958283050364,-1.328386459745306,0.7456298272598766,-0.0322207498833573,2.583775301033965,0.1369441477754707,1.8464055601176232
30.0,47.0,266.0086669921875,-0.8651988602160304,0.795838850913587,-3.725373039973909,-3.367153817545199,-2.5899729199514487,0.2127217260512958,-0.2711611491755846,2.4976140982215043,0.4393069268345422,2.535738525526165
30.0,47.0,205.40724182128903,-1.2471719392371754,0.7338063691250966,-3.6956164114227614,-2.6893020048638974,-1.4361633841990469,0.7509499775402746,-0.0265320376388999,2.5844589496606782,0.2214973721181175,2.0621365244733765
30.0,47.0,214.00857543945312,-0.7139631603258823,0.7092000346795715,-3.2877890834867407,-2.643549225035128,-1.3735423703328584,0.7415708760224456,-0.0388542302863073,2.574011045117569,0.11154615162462,2.0638814725292884
30.0,47.0,210.597900390625,-0.7318280979898318,0.5914188254323861,-3.762520632782585,-2.804645763324062,-1.5552501707621134,0.7108059977869721,-0.0339586683914871,2.6116724728224123,0.1882452260922728,1.9445701194337384
30.0,47.0,254.408447265625,-1.4830690322573743,0.7121773913496777,-3.726241373110556,-3.1591481454419075,-2.166346601958004,-0.3160067511517694,-0.0406544661493137,2.6321290898891414,0.2330449294692601,1.962363157963311
30.0,47.0,230.62510681152344,-1.2088644590452666,0.6602895544062706,-4.184496151972633,-2.651555014995831,-1.4125341331346393,0.597692482632072,-0.0614163100624828,2.578194654208247,0.2341095521444143,2.1072198379691263
30.0,47.0,207.39334106445312,-1.0258939968469385,0.6076071115421714,-3.751137722763505,-2.6091710178148384,-1.473777270629259,0.7692169663711574,-0.0048715447514498,2.5782455512075733,0.2422122757844483,2.0304605900455126
30.0,47.0,217.80987548828125,-0.7399219093249991,0.6265199654248446,-3.3812386568411683,-3.115740592719888,-2.4970438835882924,0.4187495791001843,-0.1164287251613381,2.541142812644273,0.2703581298861386,2.0687642066891287
30.0,47.0,226.02313232421875,-1.197734471764577,0.6247879266582765,-2.8954564117773574,-2.789528020552134,-1.3033640999843603,0.8371908035488221,-0.0181091504397275,2.5648792669700025,0.1870753175295839,2.071278711381518
30.0,47.0,263.0406494140625,-1.2868303873634983,0.9952098691701532,-3.546650995821949,-3.291692242837229,-1.9373985017427784,-0.1535844034667546,-0.2796769726809223,2.5428472217186946,0.325330999931762,2.019106519932087
30.0,47.0,244.4027404785156,-1.4685250517230095,0.6088705291205184,-3.6463576713199495,-2.544881728925102,-1.6474228560157762,0.7594579174993055,-0.074961652832359,2.4504308881310526,0.2235923012688416,2.056703348257138
30.0,47.0,207.90756225585932,-0.6479159768522444,0.7284886100509094,-3.695921280759009,-2.781060718407121,-1.525929805493504,0.6871350509244251,-0.0636587062097553,2.565365913183575,0.2936218791881947,2.2605625805942813
30.0,47.0,256.0018615722656,-0.6691380635419755,0.5827469437519147,-3.3790136906392485,-2.798258925925,-1.1114910743566462,0.854893571052213,-0.0112353143995043,2.4149559974209645,0.2105522727190908,2.2935689610566943
30.0,47.0,203.6602935791016,-1.254726376404085,0.7125155664595609,-3.707666905829853,-2.6955806254825507,-1.3802903658455987,0.7512400792514216,-0.0140717053441493,2.5845233329431867,0.2212652358131333,2.060685180311757
30.0,47.0,220.53668212890625,-1.2171966783311097,0.4756538204269566,-3.473961005955754,-3.088961056374514,-1.704597891261704,0.4920041034137272,-0.0918239354140258,2.562499878329205,0.3992523830963432,2.654374933471221
30.0,47.0,228.5635528564453,-0.3549994854249461,0.7788695945608625,-3.749652683533876,-3.240048907229221,-1.6722480013993102,0.6090439695604581,-0.0698225043228019,2.513660514978988,0.2551167529867592,2.193944748143837
30.0,47.0,245.9429931640625,-0.8483266135729868,0.6453986865434707,-3.506552371550096,-3.271625883978806,-2.56814784519429,0.2147286641374462,-0.1436646083617611,2.4296898910346845,0.2413711030766583,2.371772908737178
30.0,47.0,220.6161956787109,-0.9503927517081534,0.677458880081766,-3.4985466721108613,-3.1419557166689587,-2.6450864950941537,0.7657276416976995,-0.0800017667336136,2.591298282155937,0.2318220931468717,1.9778696258291708
30.0,47.0,209.95681762695312,-0.8546054761373488,0.5561256830121146,-3.5196763665523463,-2.9998356632825494,-1.6631055522139582,0.5872105304760162,-0.0307104087849592,2.588951662564981,0.2473229352094717,1.9606851088631445
30.0,47.0,205.87635803222656,-1.3025411224933796,0.6923380974972835,-3.456553956950128,-2.830680330342892,-1.4042578391412994,0.7281215353580567,-0.0295502834160407,2.593628736436953,0.1994573726537631,2.086608205675232
30.0,47.0,220.6445159912109,-1.6134177651461188,0.852509955050408,-3.7561168215695298,-2.423952296286082,-1.353474608805061,0.8137938627679311,-0.0400343974760885,2.5837281903190856,0.2061422638805313,2.151942851591269
30.0,47.0,205.0666046142578,-1.1845443985933988,0.700803757263604,-3.952121874349335,-2.4643146691599824,-1.274298511414923,0.7420774041366475,-0.0662084833539095,2.5733936463653886,0.2075128882354602,2.0449957298774586
30.0,47.0,221.88970947265625,-0.8733808561961942,0.7155497606499783,-3.4752829285551643,-2.6918855767736227,-1.6924920666992729,0.5277219818285475,-0.1793077577776774,2.5807317062418846,0.1613975901443036,1.763843010464756
30.0,47.0,222.95318603515625,-0.5512669439573012,0.6012298200372116,-3.5414423266019885,-3.004355636698193,-1.763108542797002,0.3498505683405848,-0.0814614354781405,2.566684407128737,0.1719927680650282,1.884386814440135
30.0,47.0,217.8655548095703,-0.734693200094301,0.5642334044448005,-3.6560295796871207,-2.4472103512507903,-1.4013636958479254,0.7804305287007681,-0.0228572444474311,2.592150929742849,0.1407959987536736,1.97449630511701
30.0,47.0,240.0376892089844,-0.818985015422538,0.7325545795717203,-3.463958090524869,-3.1745869837099026,-1.9281247841715203,0.2058466922336207,-0.3766659363291286,2.6001316734345754,0.2265875295001577,2.1979228280822705
30.0,47.0,291.2152099609375,-0.4925722241072047,0.979423402732359,-3.605525640219117,-3.1749731558961845,-1.915760572200272,0.5698221181835107,-0.0820334709090166,2.7895552300879123,0.2353030132978962,2.6257327440521387
30.0,47.0,245.2245635986328,-1.1728790336011918,0.8347062270592458,-3.583300405819172,-3.188686118685552,-1.2797998131944517,0.8697225253693288,-0.1406672569619899,2.465700381984935,0.1988823685350355,1.9332998267396069
30.0,47.0,216.61349487304688,-0.8742870949961354,0.56875095512006,-3.497064669960815,-3.0801609567100705,-1.5859277114682282,0.7236664129750331,0.078156620677614,2.5253211881971027,0.1505674014375079,1.9696697594908883
30.0,47.0,260.75506591796875,-0.7235173814946477,0.2633142916060825,-3.729488048766044,-2.598819823759516,-1.5621266964312754,0.5837873023273118,-0.2228563854805409,2.2311934862750764,0.0184947537160842,1.5811522207979942
30.0,47.0,222.7979736328125,-0.442732262413825,0.8690237858668566,-3.591566050933263,-2.475968233429029,-1.292565001219887,0.8696476213143532,-0.0274287940678758,2.538533767897868,0.2222450154248834,1.6931619466018952
30.0,47.0,224.52279663085932,-1.1209004810999788,0.587534191886606,-3.9146252621736815,-2.8221906098175027,-1.3843300828991196,0.6233811966868311,0.0119079811353295,2.6370923165561915,0.0918849005107356,1.6462322419522186
30.0,47.0,241.38804626464844,-1.067201702703351,0.6023728035771788,-3.289428595837416,-3.2452188728246893,-1.7483562182775751,0.0453134475114543,-0.1885751098828854,2.5667959029030776,0.2398378622311989,2.110714050417245
30.0,47.0,223.1627655029297,-0.8985820546660013,0.6016829497122207,-3.411395380510474,-3.664917165476703,-1.3178500873651418,0.7560007663919874,0.1789006658911505,2.607908573691832,0.2340229240768573,1.9822286294627685
30.0,47.0,245.99302673339844,-0.7494604562313425,0.5827624451646062,-3.1978432976312727,-2.930434860001456,-2.589522757468941,0.4511330050359632,-0.2349149109541924,2.459352546895984,0.2558733024443547,1.86071018527782
30.0,47.0,213.39453125,-0.677454921797442,0.5239078157027569,-3.6255810010738143,-2.855743792855663,-1.399999879801493,0.66407102189409,0.0366740582308147,2.589056390536872,0.292458637979307,2.1745045146165745
30.0,47.0,256.37762451171875,-1.1740985325224615,0.7032819505618381,-3.4066706406576484,-3.71611809466677,-1.557211301218996,0.5527160638726896,-0.3590757376082736,2.5580340375955064,0.079370969136926,2.0201833040629724
30.0,47.0,237.2328491210937,-1.428040425390325,0.6174814452730092,-3.5736048511054546,-3.410823463642112,-1.461635712523008,0.80848581446371,0.2139962644890252,2.6033857876251307,0.1762205424558912,1.9148313389189773
30.0,47.0,205.575927734375,-0.8160173862793221,0.5906195673798553,-3.5501247184478806,-2.9220737949502533,-1.5276746941164658,0.7254873283981647,-0.0189028447691116,2.5943872451814447,0.2168908645567235,1.9760531472632008
30.0,47.0,206.15182495117188,-1.021208591034679,0.50961503660092,-3.144610939529908,-2.765177086552761,-1.4071357512523337,0.6938978150236301,-0.0147396806557166,2.548052965813157,0.2183828022744247,1.9028349602058523
30.0,47.0,209.57760620117188,-1.2034234515468971,0.7430308923131923,-3.5112044090821017,-2.679625943968955,-1.4859544605392458,0.7008237889901245,0.0302477699241201,2.530165178186213,0.2254432496411395,2.078682998403177
30.0,47.0,270.5972900390625,-0.339195293637367,0.8682199056895401,-3.429359759109701,-2.8360077134138004,-2.288424774409026,0.351023781793731,-0.0313313341651759,2.7013817145445707,0.0884129040474424,1.90707765857914
30.0,47.0,227.75701904296875,-0.9792051486980742,0.6668289796043207,-3.226357363532365,-3.007240751307254,-2.456842984036727,0.4759042173200444,-0.0648306762697417,2.49157505107593,0.2590560882265491,2.1076353013395264
30.0,47.0,215.00582885742188,-1.3362269621506024,0.6909401133240985,-3.6958136060628175,-2.766535802928542,-1.578943155117534,0.5991151981177973,-0.0611612945314653,2.5056992509925267,0.0700747834210505,1.865374583499689
30.0,47.0,210.76025390625,-1.2243939012836405,0.7107490187485579,-3.685866937128308,-2.9198068103582457,-1.4364634171657291,0.7565275479767862,-0.0184583599800589,2.5859278947483544,0.205520859807649,2.1085947745106246
30.0,47.0,267.404541015625,-0.2176805605218533,1.0380693301060613,-3.590882423083285,-3.305575645919899,-1.35378195535194,0.4229096087156889,-0.2609441368697187,2.625312538298536,0.2416451296081942,2.18286321441885
30.0,47.0,244.09619140625,-1.0535524722847025,0.7174926392853137,-3.626713109892129,-2.999640496010941,-1.4579653133764736,0.6271392104808658,0.1022991938854671,2.5517347673531905,0.2063527061416982,1.5046546653822424
30.0,47.0,211.8467254638672,-0.7477372598712155,0.6436859834828597,-3.462752233282377,-2.9250858721948507,-1.60780262608288,0.5310146488304917,-0.1403993425627469,2.580464045315256,0.1323395602747072,1.8916292211329224
30.0,48.0,214.22732543945312,-0.5709375357719852,0.6099977697356924,-3.140555826576952,-2.751540540879751,-1.5639863451240932,0.7150772700534826,-0.0298015949691891,2.517225884112829,0.2132561271602341,1.8995796105848937
30.0,48.0,205.94509887695312,-0.8697084474054906,0.7076252501927573,-3.59309160306721,-2.4953958283050364,-1.328386459745306,0.7456298272598766,-0.0322207498833573,2.583775301033965,0.1369441477754707,1.8464055601176232
30.0,48.0,266.0086669921875,-0.8651988602160304,0.795838850913587,-3.725373039973909,-3.367153817545199,-2.5899729199514487,0.2127217260512958,-0.2711611491755846,2.4976140982215043,0.4393069268345422,2.535738525526165
30.0,48.0,205.40724182128903,-1.2471719392371754,0.7338063691250966,-3.6956164114227614,-2.6893020048638974,-1.4361633841990469,0.7509499775402746,-0.0265320376388999,2.5844589496606782,0.2214973721181175,2.0621365244733765
30.0,48.0,214.00857543945312,-0.7139631603258823,0.7092000346795715,-3.2877890834867407,-2.643549225035128,-1.3735423703328584,0.7415708760224456,-0.0388542302863073,2.574011045117569,0.11154615162462,2.0638814725292884
30.0,48.0,210.597900390625,-0.7318280979898318,0.5914188254323861,-3.762520632782585,-2.804645763324062,-1.5552501707621134,0.7108059977869721,-0.0339586683914871,2.6116724728224123,0.1882452260922728,1.9445701194337384
30.0,48.0,254.408447265625,-1.4830690322573743,0.7121773913496777,-3.726241373110556,-3.1591481454419075,-2.166346601958004,-0.3160067511517694,-0.0406544661493137,2.6321290898891414,0.2330449294692601,1.962363157963311
30.0,48.0,221.2772216796875,-1.2876108839713487,0.8331488007160313,-3.995528989761279,-2.6691051310111806,-1.3502359964245227,0.8528462452311841,0.0008612106647913,2.610352533200217,0.2443055713626243,2.060575658752521
30.0,48.0,207.39334106445312,-1.0258939968469385,0.6076071115421714,-3.751137722763505,-2.6091710178148384,-1.473777270629259,0.7692169663711574,-0.0048715447514498,2.5782455512075733,0.2422122757844483,2.0304605900455126
30.0,48.0,217.80987548828125,-0.7399219093249991,0.6265199654248446,-3.3812386568411683,-3.115740592719888,-2.4970438835882924,0.4187495791001843,-0.1164287251613381,2.541142812644273,0.2703581298861386,2.0687642066891287
30.0,48.0,226.02313232421875,-1.197734471764577,0.6247879266582765,-2.8954564117773574,-2.789528020552134,-1.3033640999843603,0.8371908035488221,-0.0181091504397275,2.5648792669700025,0.1870753175295839,2.071278711381518
30.0,48.0,240.17958068847656,-1.3345286420079658,0.6835516868925776,-3.746639772333718,-3.1762817802901115,-1.2464876029860226,0.8006940829756326,-0.0915212120896023,2.5938318411664363,0.2848721632363585,2.031668570634608
30.0,48.0,244.4027404785156,-1.4685250517230095,0.6088705291205184,-3.6463576713199495,-2.544881728925102,-1.6474228560157762,0.7594579174993055,-0.074961652832359,2.4504308881310526,0.2235923012688416,2.056703348257138
30.0,48.0,207.90756225585932,-0.6479159768522444,0.7284886100509094,-3.695921280759009,-2.781060718407121,-1.525929805493504,0.6871350509244251,-0.0636587062097553,2.565365913183575,0.2936218791881947,2.2605625805942813
30.0,48.0,256.0018615722656,-0.6691380635419755,0.5827469437519147,-3.3790136906392485,-2.798258925925,-1.1114910743566462,0.854893571052213,-0.0112353143995043,2.4149559974209645,0.2105522727190908,2.2935689610566943
30.0,48.0,203.6602935791016,-1.254726376404085,0.7125155664595609,-3.707666905829853,-2.6955806254825507,-1.3802903658455987,0.7512400792514216,-0.0140717053441493,2.5845233329431867,0.2212652358131333,2.060685180311757
30.0,48.0,220.53668212890625,-1.2171966783311097,0.4756538204269566,-3.473961005955754,-3.088961056374514,-1.704597891261704,0.4920041034137272,-0.0918239354140258,2.562499878329205,0.3992523830963432,2.654374933471221
30.0,48.0,228.5635528564453,-0.3549994854249461,0.7788695945608625,-3.749652683533876,-3.240048907229221,-1.6722480013993102,0.6090439695604581,-0.0698225043228019,2.513660514978988,0.2551167529867592,2.193944748143837
30.0,48.0,245.9429931640625,-0.8483266135729868,0.6453986865434707,-3.506552371550096,-3.271625883978806,-2.56814784519429,0.2147286641374462,-0.1436646083617611,2.4296898910346845,0.2413711030766583,2.371772908737178
30.0,48.0,220.6161956787109,-0.9503927517081534,0.677458880081766,-3.4985466721108613,-3.1419557166689587,-2.6450864950941537,0.7657276416976995,-0.0800017667336136,2.591298282155937,0.2318220931468717,1.9778696258291708
30.0,48.0,209.95681762695312,-0.8546054761373488,0.5561256830121146,-3.5196763665523463,-2.9998356632825494,-1.6631055522139582,0.5872105304760162,-0.0307104087849592,2.588951662564981,0.2473229352094717,1.9606851088631445
30.0,48.0,205.87635803222656,-1.3025411224933796,0.6923380974972835,-3.456553956950128,-2.830680330342892,-1.4042578391412994,0.7281215353580567,-0.0295502834160407,2.593628736436953,0.1994573726537631,2.086608205675232
30.0,48.0,220.6445159912109,-1.6134177651461188,0.852509955050408,-3.7561168215695298,-2.423952296286082,-1.353474608805061,0.8137938627679311,-0.0400343974760885,2.5837281903190856,0.2061422638805313,2.151942851591269
30.0,48.0,205.0666046142578,-1.1845443985933988,0.700803757263604,-3.952121874349335,-2.4643146691599824,-1.274298511414923,0.7420774041366475,-0.0662084833539095,2.5733936463653886,0.2075128882354602,2.0449957298774586
30.0,48.0,221.88970947265625,-0.8733808561961942,0.7155497606499783,-3.4752829285551643,-2.6918855767736227,-1.6924920666992729,0.5277219818285475,-0.1793077577776774,2.5807317062418846,0.1613975901443036,1.763843010464756
30.0,48.0,222.95318603515625,-0.5512669439573012,0.6012298200372116,-3.5414423266019885,-3.004355636698193,-1.763108542797002,0.3498505683405848,-0.0814614354781405,2.566684407128737,0.1719927680650282,1.884386814440135
30.0,48.0,211.2432861328125,-0.9512234161610114,0.87664911336891,-3.496092557493266,-2.603731673199817,-1.3782030709945547,0.791123793903684,0.009079287800491,2.5902246035851464,0.230394497676781,1.9315051906776464
30.0,48.0,240.0376892089844,-0.818985015422538,0.7325545795717203,-3.463958090524869,-3.1745869837099026,-1.9281247841715203,0.2058466922336207,-0.3766659363291286,2.6001316734345754,0.2265875295001577,2.1979228280822705
30.0,48.0,291.2152099609375,-0.4925722241072047,0.979423402732359,-3.605525640219117,-3.1749731558961845,-1.915760572200272,0.5698221181835107,-0.0820334709090166,2.7895552300879123,0.2353030132978962,2.6257327440521387
30.0,48.0,245.2245635986328,-1.1728790336011918,0.8347062270592458,-3.583300405819172,-3.188686118685552,-1.2797998131944517,0.8697225253693288,-0.1406672569619899,2.465700381984935,0.1988823685350355,1.9332998267396069
30.0,48.0,216.61349487304688,-0.8742870949961354,0.56875095512006,-3.497064669960815,-3.0801609567100705,-1.5859277114682282,0.7236664129750331,0.078156620677614,2.5253211881971027,0.1505674014375079,1.9696697594908883
30.0,48.0,260.75506591796875,-0.7235173814946477,0.2633142916060825,-3.729488048766044,-2.598819823759516,-1.5621266964312754,0.5837873023273118,-0.2228563854805409,2.2311934862750764,0.0184947537160842,1.5811522207979942
30.0,48.0,222.7979736328125,-0.442732262413825,0.8690237858668566,-3.591566050933263,-2.475968233429029,-1.292565001219887,0.8696476213143532,-0.0274287940678758,2.538533767897868,0.2222450154248834,1.6931619466018952
30.0,48.0,224.52279663085932,-1.1209004810999788,0.587534191886606,-3.9146252621736815,-2.8221906098175027,-1.3843300828991196,0.6233811966868311,0.0119079811353295,2.6370923165561915,0.0918849005107356,1.6462322419522186
30.0,48.0,241.38804626464844,-1.067201702703351,0.6023728035771788,-3.289428595837416,-3.2452188728246893,-1.7483562182775751,0.0453134475114543,-0.1885751098828854,2.5667959029030776,0.2398378622311989,2.110714050417245
30.0,48.0,223.1627655029297,-0.8985820546660013,0.6016829497122207,-3.411395380510474,-3.664917165476703,-1.3178500873651418,0.7560007663919874,0.1789006658911505,2.607908573691832,0.2340229240768573,1.9822286294627685
30.0,48.0,245.99302673339844,-0.7494604562313425,0.5827624451646062,-3.1978432976312727,-2.930434860001456,-2.589522757468941,0.4511330050359632,-0.2349149109541924,2.459352546895984,0.2558733024443547,1.86071018527782
30.0,48.0,213.39453125,-0.677454921797442,0.5239078157027569,-3.6255810010738143,-2.855743792855663,-1.399999879801493,0.66407102189409,0.0366740582308147,2.589056390536872,0.292458637979307,2.1745045146165745
30.0,48.0,256.37762451171875,-1.1740985325224615,0.7032819505618381,-3.4066706406576484,-3.71611809466677,-1.557211301218996,0.5527160638726896,-0.3590757376082736,2.5580340375955064,0.079370969136926,2.0201833040629724
30.0,48.0,237.2328491210937,-1.428040425390325,0.6174814452730092,-3.5736048511054546,-3.410823463642112,-1.461635712523008,0.80848581446371,0.2139962644890252,2.6033857876251307,0.1762205424558912,1.9148313389189773
30.0,48.0,205.575927734375,-0.8160173862793221,0.5906195673798553,-3.5501247184478806,-2.9220737949502533,-1.5276746941164658,0.7254873283981647,-0.0189028447691116,2.5943872451814447,0.2168908645567235,1.9760531472632008
30.0,48.0,206.15182495117188,-1.021208591034679,0.50961503660092,-3.144610939529908,-2.765177086552761,-1.4071357512523337,0.6938978150236301,-0.0147396806557166,2.548052965813157,0.2183828022744247,1.9028349602058523
30.0,48.0,209.57760620117188,-1.2034234515468971,0.7430308923131923,-3.5112044090821017,-2.679625943968955,-1.4859544605392458,0.7008237889901245,0.0302477699241201,2.530165178186213,0.2254432496411395,2.078682998403177
30.0,48.0,262.9179077148437,-0.9391109084640024,0.6797087949740567,-4.111601741642644,-2.3000698770336268,-1.4991903001224878,0.5231833854320784,-0.0024491857493256,2.7031747050873243,0.2590100123505139,1.7831169464725047
30.0,48.0,227.75701904296875,-0.9792051486980742,0.6668289796043207,-3.226357363532365,-3.007240751307254,-2.456842984036727,0.4759042173200444,-0.0648306762697417,2.49157505107593,0.2590560882265491,2.1076353013395264
30.0,48.0,215.00582885742188,-1.3362269621506024,0.6909401133240985,-3.6958136060628175,-2.766535802928542,-1.578943155117534,0.5991151981177973,-0.0611612945314653,2.5056992509925267,0.0700747834210505,1.865374583499689
30.0,48.0,210.76025390625,-1.2243939012836405,0.7107490187485579,-3.685866937128308,-2.9198068103582457,-1.4364634171657291,0.7565275479767862,-0.0184583599800589,2.5859278947483544,0.205520859807649,2.1085947745106246
30.0,48.0,230.7245330810547,-0.8022665059264028,1.002589458395029,-3.1440566673303305,-2.2722276895436564,-1.2490087338137947,0.6555840640154926,0.0487644182103328,2.605657153689719,0.2629434870411504,2.194889397470204
30.0,48.0,237.83999633789065,-1.1931424034388698,0.7218402545528985,-3.632888461829676,-3.0261863311071746,-1.3659369195418252,0.8855221809691789,-0.0766774353231125,2.626232946508227,0.1779093239007614,1.625962898051544
30.0,48.0,211.8467254638672,-0.7477372598712155,0.6436859834828597,-3.462752233282377,-2.9250858721948507,-1.60780262608288,0.5310146488304917,-0.1403993425627469,2.580464045315256,0.1323395602747072,1.8916292211329224
30.0,49.0,214.22732543945312,-0.5709375357719852,0.6099977697356924,-3.140555826576952,-2.751540540879751,-1.5639863451240932,0.7150772700534826,-0.0298015949691891,2.517225884112829,0.2132561271602341,1.8995796105848937
30.0,49.0,205.94509887695312,-0.8697084474054906,0.7076252501927573,-3.59309160306721,-2.4953958283050364,-1.328386459745306,0.7456298272598766,-0.0322207498833573,2.583775301033965,0.1369441477754707,1.8464055601176232
30.0,49.0,230.72708129882807,-0.7505005446075721,0.4995301140165852,-3.262756264472906,-3.4106714678633083,-2.049964762895655,0.3972810130199824,-0.1954838537825732,2.505238696946213,0.2685742957734491,2.077726091417845
30.0,49.0,205.40724182128903,-1.2471719392371754,0.7338063691250966,-3.6956164114227614,-2.6893020048638974,-1.4361633841990469,0.7509499775402746,-0.0265320376388999,2.5844589496606782,0.2214973721181175,2.0621365244733765
30.0,49.0,214.00857543945312,-0.7139631603258823,0.7092000346795715,-3.2877890834867407,-2.643549225035128,-1.3735423703328584,0.7415708760224456,-0.0388542302863073,2.574011045117569,0.11154615162462,2.0638814725292884
30.0,49.0,210.597900390625,-0.7318280979898318,0.5914188254323861,-3.762520632782585,-2.804645763324062,-1.5552501707621134,0.7108059977869721,-0.0339586683914871,2.6116724728224123,0.1882452260922728,1.9445701194337384
30.0,49.0,254.408447265625,-1.4830690322573743,0.7121773913496777,-3.726241373110556,-3.1591481454419075,-2.166346601958004,-0.3160067511517694,-0.0406544661493137,2.6321290898891414,0.2330449294692601,1.962363157963311
30.0,49.0,210.5049285888672,-1.2711626573301689,0.7849427643149225,-3.3328902095879616,-2.6894984331660936,-1.3603045637268063,0.8856545511374271,0.0113213645427208,2.570694469593072,0.213769868116885,2.03993902919477
30.0,49.0,204.51629638671875,-0.5919887295943869,0.6356049830406483,-3.6732160213902447,-2.6379992306002986,-1.3855224664764352,0.748534618089416,-0.0370041105509009,2.5846849748313465,0.2417023777958638,2.0677960455262494
30.0,49.0,217.80987548828125,-0.7399219093249991,0.6265199654248446,-3.3812386568411683,-3.115740592719888,-2.4970438835882924,0.4187495791001843,-0.1164287251613381,2.541142812644273,0.2703581298861386,2.0687642066891287
30.0,49.0,210.2080993652344,-1.2933478385616817,0.7051360527400485,-2.8039093220593805,-2.5434944870747658,-1.2701575728560293,0.8580026017004923,-0.0183265821500908,2.59699323238604,0.24319364411731,2.070840754971936
30.0,49.0,240.17958068847656,-1.3345286420079658,0.6835516868925776,-3.746639772333718,-3.1762817802901115,-1.2464876029860226,0.8006940829756326,-0.0915212120896023,2.5938318411664363,0.2848721632363585,2.031668570634608
30.0,49.0,233.1591033935547,-0.8635676528614212,0.5711003010081909,-3.637547722877784,-2.677162767843771,-1.1559921699666773,0.7705958360017883,-0.0349742350328619,2.4129393928406664,0.2351610841487504,2.0528279249993497
30.0,49.0,207.90756225585932,-0.6479159768522444,0.7284886100509094,-3.695921280759009,-2.781060718407121,-1.525929805493504,0.6871350509244251,-0.0636587062097553,2.565365913183575,0.2936218791881947,2.2605625805942813
30.0,49.0,256.0018615722656,-0.6691380635419755,0.5827469437519147,-3.3790136906392485,-2.798258925925,-1.1114910743566462,0.854893571052213,-0.0112353143995043,2.4149559974209645,0.2105522727190908,2.2935689610566943
30.0,49.0,203.6602935791016,-1.254726376404085,0.7125155664595609,-3.707666905829853,-2.6955806254825507,-1.3802903658455987,0.7512400792514216,-0.0140717053441493,2.5845233329431867,0.2212652358131333,2.060685180311757
30.0,49.0,220.53668212890625,-1.2171966783311097,0.4756538204269566,-3.473961005955754,-3.088961056374514,-1.704597891261704,0.4920041034137272,-0.0918239354140258,2.562499878329205,0.3992523830963432,2.654374933471221
30.0,49.0,228.5635528564453,-0.3549994854249461,0.7788695945608625,-3.749652683533876,-3.240048907229221,-1.6722480013993102,0.6090439695604581,-0.0698225043228019,2.513660514978988,0.2551167529867592,2.193944748143837
30.0,49.0,245.9429931640625,-0.8483266135729868,0.6453986865434707,-3.506552371550096,-3.271625883978806,-2.56814784519429,0.2147286641374462,-0.1436646083617611,2.4296898910346845,0.2413711030766583,2.371772908737178
30.0,49.0,220.6161956787109,-0.9503927517081534,0.677458880081766,-3.4985466721108613,-3.1419557166689587,-2.6450864950941537,0.7657276416976995,-0.0800017667336136,2.591298282155937,0.2318220931468717,1.9778696258291708
30.0,49.0,209.95681762695312,-0.8546054761373488,0.5561256830121146,-3.5196763665523463,-2.9998356632825494,-1.6631055522139582,0.5872105304760162,-0.0307104087849592,2.588951662564981,0.2473229352094717,1.9606851088631445
30.0,49.0,205.87635803222656,-1.3025411224933796,0.6923380974972835,-3.456553956950128,-2.830680330342892,-1.4042578391412994,0.7281215353580567,-0.0295502834160407,2.593628736436953,0.1994573726537631,2.086608205675232
30.0,49.0,220.6445159912109,-1.6134177651461188,0.852509955050408,-3.7561168215695298,-2.423952296286082,-1.353474608805061,0.8137938627679311,-0.0400343974760885,2.5837281903190856,0.2061422638805313,2.151942851591269
30.0,49.0,205.0666046142578,-1.1845443985933988,0.700803757263604,-3.952121874349335,-2.4643146691599824,-1.274298511414923,0.7420774041366475,-0.0662084833539095,2.5733936463653886,0.2075128882354602,2.0449957298774586
30.0,49.0,221.88970947265625,-0.8733808561961942,0.7155497606499783,-3.4752829285551643,-2.6918855767736227,-1.6924920666992729,0.5277219818285475,-0.1793077577776774,2.5807317062418846,0.1613975901443036,1.763843010464756
30.0,49.0,222.95318603515625,-0.5512669439573012,0.6012298200372116,-3.5414423266019885,-3.004355636698193,-1.763108542797002,0.3498505683405848,-0.0814614354781405,2.566684407128737,0.1719927680650282,1.884386814440135
30.0,49.0,211.2432861328125,-0.9512234161610114,0.87664911336891,-3.496092557493266,-2.603731673199817,-1.3782030709945547,0.791123793903684,0.009079287800491,2.5902246035851464,0.230394497676781,1.9315051906776464
30.0,49.0,240.0376892089844,-0.818985015422538,0.7325545795717203,-3.463958090524869,-3.1745869837099026,-1.9281247841715203,0.2058466922336207,-0.3766659363291286,2.6001316734345754,0.2265875295001577,2.1979228280822705
30.0,49.0,291.2152099609375,-0.4925722241072047,0.979423402732359,-3.605525640219117,-3.1749731558961845,-1.915760572200272,0.5698221181835107,-0.0820334709090166,2.7895552300879123,0.2353030132978962,2.6257327440521387
30.0,49.0,245.2245635986328,-1.1728790336011918,0.8347062270592458,-3.583300405819172,-3.188686118685552,-1.2797998131944517,0.8697225253693288,-0.1406672569619899,2.465700381984935,0.1988823685350355,1.9332998267396069
30.0,49.0,216.61349487304688,-0.8742870949961354,0.56875095512006,-3.497064669960815,-3.0801609567100705,-1.5859277114682282,0.7236664129750331,0.078156620677614,2.5253211881971027,0.1505674014375079,1.9696697594908883
30.0,49.0,260.75506591796875,-0.7235173814946477,0.2633142916060825,-3.729488048766044,-2.598819823759516,-1.5621266964312754,0.5837873023273118,-0.2228563854805409,2.2311934862750764,0.0184947537160842,1.5811522207979942
30.0,49.0,222.7979736328125,-0.442732262413825,0.8690237858668566,-3.591566050933263,-2.475968233429029,-1.292565001219887,0.8696476213143532,-0.0274287940678758,2.538533767897868,0.2222450154248834,1.6931619466018952
30.0,49.0,224.52279663085932,-1.1209004810999788,0.587534191886606,-3.9146252621736815,-2.8221906098175027,-1.3843300828991196,0.6233811966868311,0.0119079811353295,2.6370923165561915,0.0918849005107356,1.6462322419522186
30.0,49.0,241.38804626464844,-1.067201702703351,0.6023728035771788,-3.289428595837416,-3.2452188728246893,-1.7483562182775751,0.0453134475114543,-0.1885751098828854,2.5667959029030776,0.2398378622311989,2.110714050417245
30.0,49.0,223.1627655029297,-0.8985820546660013,0.6016829497122207,-3.411395380510474,-3.664917165476703,-1.3178500873651418,0.7560007663919874,0.1789006658911505,2.607908573691832,0.2340229240768573,1.9822286294627685
30.0,49.0,245.99302673339844,-0.7494604562313425,0.5827624451646062,-3.1978432976312727,-2.930434860001456,-2.589522757468941,0.4511330050359632,-0.2349149109541924,2.459352546895984,0.2558733024443547,1.86071018527782
30.0,49.0,213.39453125,-0.677454921797442,0.5239078157027569,-3.6255810010738143,-2.855743792855663,-1.399999879801493,0.66407102189409,0.0366740582308147,2.589056390536872,0.292458637979307,2.1745045146165745
30.0,49.0,256.37762451171875,-1.1740985325224615,0.7032819505618381,-3.4066706406576484,-3.71611809466677,-1.557211301218996,0.5527160638726896,-0.3590757376082736,2.5580340375955064,0.079370969136926,2.0201833040629724
30.0,49.0,237.2328491210937,-1.428040425390325,0.6174814452730092,-3.5736048511054546,-3.410823463642112,-1.461635712523008,0.80848581446371,0.2139962644890252,2.6033857876251307,0.1762205424558912,1.9148313389189773
30.0,49.0,205.575927734375,-0.8160173862793221,0.5906195673798553,-3.5501247184478806,-2.9220737949502533,-1.5276746941164658,0.7254873283981647,-0.0189028447691116,2.5943872451814447,0.2168908645567235,1.9760531472632008
30.0,49.0,206.15182495117188,-1.021208591034679,0.50961503660092,-3.144610939529908,-2.765177086552761,-1.4071357512523337,0.6938978150236301,-0.0147396806557166,2.548052965813157,0.2183828022744247,1.9028349602058523
30.0,49.0,209.57760620117188,-1.2034234515468971,0.7430308923131923,-3.5112044090821017,-2.679625943968955,-1.4859544605392458,0.7008237889901245,0.0302477699241201,2.530165178186213,0.2254432496411395,2.078682998403177
30.0,49.0,262.9179077148437,-0.9391109084640024,0.6797087949740567,-4.111601741642644,-2.3000698770336268,-1.4991903001224878,0.5231833854320784,-0.0024491857493256,2.7031747050873243,0.2590100123505139,1.7831169464725047
30.0,49.0,227.75701904296875,-0.9792051486980742,0.6668289796043207,-3.226357363532365,-3.007240751307254,-2.456842984036727,0.4759042173200444,-0.0648306762697417,2.49157505107593,0.2590560882265491,2.1076353013395264
30.0,49.0,215.00582885742188,-1.3362269621506024,0.6909401133240985,-3.6958136060628175,-2.766535802928542,-1.578943155117534,0.5991151981177973,-0.0611612945314653,2.5056992509925267,0.0700747834210505,1.865374583499689
30.0,49.0,209.12191772460932,-1.3416769520442744,0.7206519991240709,-3.699924706904203,-2.878095774452846,-1.4621299058695183,0.7340172376989259,-0.0209954765194161,2.5989343289710494,0.2222213172664964,2.128210676666373
30.0,49.0,230.7245330810547,-0.8022665059264028,1.002589458395029,-3.1440566673303305,-2.2722276895436564,-1.2490087338137947,0.6555840640154926,0.0487644182103328,2.605657153689719,0.2629434870411504,2.194889397470204
30.0,49.0,237.83999633789065,-1.1931424034388698,0.7218402545528985,-3.632888461829676,-3.0261863311071746,-1.3659369195418252,0.8855221809691789,-0.0766774353231125,2.626232946508227,0.1779093239007614,1.625962898051544
30.0,49.0,211.8467254638672,-0.7477372598712155,0.6436859834828597,-3.462752233282377,-2.9250858721948507,-1.60780262608288,0.5310146488304917,-0.1403993425627469,2.580464045315256,0.1323395602747072,1.8916292211329224
30.0,50.0,214.22732543945312,-0.5709375357719852,0.6099977697356924,-3.140555826576952,-2.751540540879751,-1.5639863451240932,0.7150772700534826,-0.0298015949691891,2.517225884112829,0.2132561271602341,1.8995796105848937
30.0,50.0,205.94509887695312,-0.8697084474054906,0.7076252501927573,-3.59309160306721,-2.4953958283050364,-1.328386459745306,0.7456298272598766,-0.0322207498833573,2.583775301033965,0.1369441477754707,1.8464055601176232
30.0,50.0,230.72708129882807,-0.7505005446075721,0.4995301140165852,-3.262756264472906,-3.4106714678633083,-2.049964762895655,0.3972810130199824,-0.1954838537825732,2.505238696946213,0.2685742957734491,2.077726091417845
30.0,50.0,205.40724182128903,-1.2471719392371754,0.7338063691250966,-3.6956164114227614,-2.6893020048638974,-1.4361633841990469,0.7509499775402746,-0.0265320376388999,2.5844589496606782,0.2214973721181175,2.0621365244733765
30.0,50.0,214.00857543945312,-0.7139631603258823,0.7092000346795715,-3.2877890834867407,-2.643549225035128,-1.3735423703328584,0.7415708760224456,-0.0388542302863073,2.574011045117569,0.11154615162462,2.0638814725292884
30.0,50.0,210.597900390625,-0.7318280979898318,0.5914188254323861,-3.762520632782585,-2.804645763324062,-1.5552501707621134,0.7108059977869721,-0.0339586683914871,2.6116724728224123,0.1882452260922728,1.9445701194337384
30.0,50.0,237.805404663086,-1.6306021299356674,0.6979464599150758,-3.7325683779200944,-3.711679171800787,-1.2600826130489746,0.6802626235987035,-0.0425128707213355,2.6131436385178555,0.2167557540477622,1.9660651721751048
30.0,50.0,207.64205932617188,-1.235290071769486,0.7322101732635687,-3.295450799571755,-2.7036265239703434,-1.396354935436248,0.8490538420777825,0.0052484942248957,2.570797384715777,0.2102187012161289,2.046521790825583
30.0,50.0,203.4140472412109,-0.5678473708618155,0.7799693007154738,-3.6749830968560486,-2.725391649065348,-1.3797502672892723,0.7480700850134762,-0.0265029683648772,2.586302994710479,0.2283338142204806,2.0667280186433774
30.0,50.0,217.80987548828125,-0.7399219093249991,0.6265199654248446,-3.3812386568411683,-3.115740592719888,-2.4970438835882924,0.4187495791001843,-0.1164287251613381,2.541142812644273,0.2703581298861386,2.0687642066891287
30.0,50.0,205.21090698242188,-1.2809065502355736,0.7925444501396468,-3.3532341053309804,-2.646572170741824,-1.3385719858292224,0.6894461018648685,-0.0170222599533008,2.589704955188264,0.2735530590024844,2.067635574234418
30.0,50.0,240.17958068847656,-1.3345286420079658,0.6835516868925776,-3.746639772333718,-3.1762817802901115,-1.2464876029860226,0.8006940829756326,-0.0915212120896023,2.5938318411664363,0.2848721632363585,2.031668570634608
30.0,50.0,231.3826904296875,-1.2906052546468303,0.5329993315592167,-3.740409349521154,-2.833086156356247,-1.216326279402099,0.7409881340092355,-0.0140042931016588,2.46291876478485,0.2341513308218496,2.062536350028714
30.0,50.0,207.90756225585932,-0.6479159768522444,0.7284886100509094,-3.695921280759009,-2.781060718407121,-1.525929805493504,0.6871350509244251,-0.0636587062097553,2.565365913183575,0.2936218791881947,2.2605625805942813
30.0,50.0,256.0018615722656,-0.6691380635419755,0.5827469437519147,-3.3790136906392485,-2.798258925925,-1.1114910743566462,0.854893571052213,-0.0112353143995043,2.4149559974209645,0.2105522727190908,2.2935689610566943
30.0,50.0,203.6602935791016,-1.254726376404085,0.7125155664595609,-3.707666905829853,-2.6955806254825507,-1.3802903658455987,0.7512400792514216,-0.0140717053441493,2.5845233329431867,0.2212652358131333,2.060685180311757
30.0,50.0,220.53668212890625,-1.2171966783311097,0.4756538204269566,-3.473961005955754,-3.088961056374514,-1.704597891261704,0.4920041034137272,-0.0918239354140258,2.562499878329205,0.3992523830963432,2.654374933471221
30.0,50.0,228.5635528564453,-0.3549994854249461,0.7788695945608625,-3.749652683533876,-3.240048907229221,-1.6722480013993102,0.6090439695604581,-0.0698225043228019,2.513660514978988,0.2551167529867592,2.193944748143837
30.0,50.0,245.9429931640625,-0.8483266135729868,0.6453986865434707,-3.506552371550096,-3.271625883978806,-2.56814784519429,0.2147286641374462,-0.1436646083617611,2.4296898910346845,0.2413711030766583,2.371772908737178
30.0,50.0,220.6161956787109,-0.9503927517081534,0.677458880081766,-3.4985466721108613,-3.1419557166689587,-2.6450864950941537,0.7657276416976995,-0.0800017667336136,2.591298282155937,0.2318220931468717,1.9778696258291708
30.0,50.0,209.95681762695312,-0.8546054761373488,0.5561256830121146,-3.5196763665523463,-2.9998356632825494,-1.6631055522139582,0.5872105304760162,-0.0307104087849592,2.588951662564981,0.2473229352094717,1.9606851088631445
30.0,50.0,205.87635803222656,-1.3025411224933796,0.6923380974972835,-3.456553956950128,-2.830680330342892,-1.4042578391412994,0.7281215353580567,-0.0295502834160407,2.593628736436953,0.1994573726537631,2.086608205675232
30.0,50.0,220.6445159912109,-1.6134177651461188,0.852509955050408,-3.7561168215695298,-2.423952296286082,-1.353474608805061,0.8137938627679311,-0.0400343974760885,2.5837281903190856,0.2061422638805313,2.151942851591269
30.0,50.0,205.0666046142578,-1.1845443985933988,0.700803757263604,-3.952121874349335,-2.4643146691599824,-1.274298511414923,0.7420774041366475,-0.0662084833539095,2.5733936463653886,0.2075128882354602,2.0449957298774586
30.0,50.0,221.88970947265625,-0.8733808561961942,0.7155497606499783,-3.4752829285551643,-2.6918855767736227,-1.6924920666992729,0.5277219818285475,-0.1793077577776774,2.5807317062418846,0.1613975901443036,1.763843010464756
30.0,50.0,222.95318603515625,-0.5512669439573012,0.6012298200372116,-3.5414423266019885,-3.004355636698193,-1.763108542797002,0.3498505683405848,-0.0814614354781405,2.566684407128737,0.1719927680650282,1.884386814440135
30.0,50.0,208.49581909179688,-1.3602710475371125,0.8037597672560631,-3.827855581502343,-2.7182228743575862,-1.3727033675746665,0.7499334569719059,-0.0050902619423661,2.590177668630096,0.2356277569319409,2.0226034684499026
30.0,50.0,240.0376892089844,-0.818985015422538,0.7325545795717203,-3.463958090524869,-3.1745869837099026,-1.9281247841715203,0.2058466922336207,-0.3766659363291286,2.6001316734345754,0.2265875295001577,2.1979228280822705
30.0,50.0,291.2152099609375,-0.4925722241072047,0.979423402732359,-3.605525640219117,-3.1749731558961845,-1.915760572200272,0.5698221181835107,-0.0820334709090166,2.7895552300879123,0.2353030132978962,2.6257327440521387
30.0,50.0,245.2245635986328,-1.1728790336011918,0.8347062270592458,-3.583300405819172,-3.188686118685552,-1.2797998131944517,0.8697225253693288,-0.1406672569619899,2.465700381984935,0.1988823685350355,1.9332998267396069
30.0,50.0,215.39306640625,-1.1157203663755917,0.7790458896506752,-3.41406183901339,-3.108727550208726,-1.5162109948725837,0.7200720108349982,0.0053589216862678,2.4851087726401384,0.2297207424083396,2.0489379459748887
30.0,50.0,260.75506591796875,-0.7235173814946477,0.2633142916060825,-3.729488048766044,-2.598819823759516,-1.5621266964312754,0.5837873023273118,-0.2228563854805409,2.2311934862750764,0.0184947537160842,1.5811522207979942
30.0,50.0,222.7979736328125,-0.442732262413825,0.8690237858668566,-3.591566050933263,-2.475968233429029,-1.292565001219887,0.8696476213143532,-0.0274287940678758,2.538533767897868,0.2222450154248834,1.6931619466018952
30.0,50.0,224.52279663085932,-1.1209004810999788,0.587534191886606,-3.9146252621736815,-2.8221906098175027,-1.3843300828991196,0.6233811966868311,0.0119079811353295,2.6370923165561915,0.0918849005107356,1.6462322419522186
30.0,50.0,241.38804626464844,-1.067201702703351,0.6023728035771788,-3.289428595837416,-3.2452188728246893,-1.7483562182775751,0.0453134475114543,-0.1885751098828854,2.5667959029030776,0.2398378622311989,2.110714050417245
30.0,50.0,223.1627655029297,-0.8985820546660013,0.6016829497122207,-3.411395380510474,-3.664917165476703,-1.3178500873651418,0.7560007663919874,0.1789006658911505,2.607908573691832,0.2340229240768573,1.9822286294627685
30.0,50.0,245.99302673339844,-0.7494604562313425,0.5827624451646062,-3.1978432976312727,-2.930434860001456,-2.589522757468941,0.4511330050359632,-0.2349149109541924,2.459352546895984,0.2558733024443547,1.86071018527782
30.0,50.0,213.39453125,-0.677454921797442,0.5239078157027569,-3.6255810010738143,-2.855743792855663,-1.399999879801493,0.66407102189409,0.0366740582308147,2.589056390536872,0.292458637979307,2.1745045146165745
30.0,50.0,256.37762451171875,-1.1740985325224615,0.7032819505618381,-3.4066706406576484,-3.71611809466677,-1.557211301218996,0.5527160638726896,-0.3590757376082736,2.5580340375955064,0.079370969136926,2.0201833040629724
30.0,50.0,237.2328491210937,-1.428040425390325,0.6174814452730092,-3.5736048511054546,-3.410823463642112,-1.461635712523008,0.80848581446371,0.2139962644890252,2.6033857876251307,0.1762205424558912,1.9148313389189773
30.0,50.0,205.575927734375,-0.8160173862793221,0.5906195673798553,-3.5501247184478806,-2.9220737949502533,-1.5276746941164658,0.7254873283981647,-0.0189028447691116,2.5943872451814447,0.2168908645567235,1.9760531472632008
30.0,50.0,206.15182495117188,-1.021208591034679,0.50961503660092,-3.144610939529908,-2.765177086552761,-1.4071357512523337,0.6938978150236301,-0.0147396806557166,2.548052965813157,0.2183828022744247,1.9028349602058523
30.0,50.0,209.57760620117188,-1.2034234515468971,0.7430308923131923,-3.5112044090821017,-2.679625943968955,-1.4859544605392458,0.7008237889901245,0.0302477699241201,2.530165178186213,0.2254432496411395,2.078682998403177
30.0,50.0,262.9179077148437,-0.9391109084640024,0.6797087949740567,-4.111601741642644,-2.3000698770336268,-1.4991903001224878,0.5231833854320784,-0.0024491857493256,2.7031747050873243,0.2590100123505139,1.7831169464725047
30.0,50.0,227.75701904296875,-0.9792051486980742,0.6668289796043207,-3.226357363532365,-3.007240751307254,-2.456842984036727,0.4759042173200444,-0.0648306762697417,2.49157505107593,0.2590560882265491,2.1076353013395264
30.0,50.0,215.00582885742188,-1.3362269621506024,0.6909401133240985,-3.6958136060628175,-2.766535802928542,-1.578943155117534,0.5991151981177973,-0.0611612945314653,2.5056992509925267,0.0700747834210505,1.865374583499689
30.0,50.0,209.12191772460932,-1.3416769520442744,0.7206519991240709,-3.699924706904203,-2.878095774452846,-1.4621299058695183,0.7340172376989259,-0.0209954765194161,2.5989343289710494,0.2222213172664964,2.128210676666373
30.0,50.0,224.1871032714844,-0.9222807474828136,0.8585124425692048,-3.9199214865640295,-2.3342983995747173,-1.3158510254555804,0.7083652727456793,0.0474448717204234,2.58773014344418,0.2488446451687852,2.1385845193917
30.0,50.0,216.8900451660156,-1.380028130672098,0.7166796361913516,-3.811645392071974,-2.740634238892048,-1.3702989073741174,0.6788862047552009,-0.0146210633413801,2.6177241518629746,0.2980138564360318,2.5257256975440314
30.0,50.0,211.8467254638672,-0.7477372598712155,0.6436859834828597,-3.462752233282377,-2.9250858721948507,-1.60780262608288,0.5310146488304917,-0.1403993425627469,2.580464045315256,0.1323395602747072,1.8916292211329224
30.0,51.0,214.22732543945312,-0.5709375357719852,0.6099977697356924,-3.140555826576952,-2.751540540879751,-1.5639863451240932,0.7150772700534826,-0.0298015949691891,2.517225884112829,0.2132561271602341,1.8995796105848937
30.0,51.0,205.94509887695312,-0.8697084474054906,0.7076252501927573,-3.59309160306721,-2.4953958283050364,-1.328386459745306,0.7456298272598766,-0.0322207498833573,2.583775301033965,0.1369441477754707,1.8464055601176232
30.0,51.0,230.72708129882807,-0.7505005446075721,0.4995301140165852,-3.262756264472906,-3.4106714678633083,-2.049964762895655,0.3972810130199824,-0.1954838537825732,2.505238696946213,0.2685742957734491,2.077726091417845
30.0,51.0,205.40724182128903,-1.2471719392371754,0.7338063691250966,-3.6956164114227614,-2.6893020048638974,-1.4361633841990469,0.7509499775402746,-0.0265320376388999,2.5844589496606782,0.2214973721181175,2.0621365244733765
30.0,51.0,214.00857543945312,-0.7139631603258823,0.7092000346795715,-3.2877890834867407,-2.643549225035128,-1.3735423703328584,0.7415708760224456,-0.0388542302863073,2.574011045117569,0.11154615162462,2.0638814725292884
30.0,51.0,210.597900390625,-0.7318280979898318,0.5914188254323861,-3.762520632782585,-2.804645763324062,-1.5552501707621134,0.7108059977869721,-0.0339586683914871,2.6116724728224123,0.1882452260922728,1.9445701194337384
30.0,51.0,237.805404663086,-1.6306021299356674,0.6979464599150758,-3.7325683779200944,-3.711679171800787,-1.2600826130489746,0.6802626235987035,-0.0425128707213355,2.6131436385178555,0.2167557540477622,1.9660651721751048
30.0,51.0,206.9166259765625,-0.8676373682653975,0.764662328085284,-3.347691783684574,-2.733623735689973,-1.3980275891187708,0.6286210352648085,-0.0230812022825826,2.6026796313603064,0.2116081435584502,2.062969519256361
30.0,51.0,203.4140472412109,-0.5678473708618155,0.7799693007154738,-3.6749830968560486,-2.725391649065348,-1.3797502672892723,0.7480700850134762,-0.0265029683648772,2.586302994710479,0.2283338142204806,2.0667280186433774
30.0,51.0,217.80987548828125,-0.7399219093249991,0.6265199654248446,-3.3812386568411683,-3.115740592719888,-2.4970438835882924,0.4187495791001843,-0.1164287251613381,2.541142812644273,0.2703581298861386,2.0687642066891287
30.0,51.0,205.21090698242188,-1.2809065502355736,0.7925444501396468,-3.3532341053309804,-2.646572170741824,-1.3385719858292224,0.6894461018648685,-0.0170222599533008,2.589704955188264,0.2735530590024844,2.067635574234418
30.0,51.0,240.17958068847656,-1.3345286420079658,0.6835516868925776,-3.746639772333718,-3.1762817802901115,-1.2464876029860226,0.8006940829756326,-0.0915212120896023,2.5938318411664363,0.2848721632363585,2.031668570634608
30.0,51.0,207.83547973632807,-0.6093818883939179,0.6606775746699285,-3.7273144112605854,-2.841327781951346,-1.494066011804058,0.7323698211789191,-0.0180924333755167,2.562770388463827,0.233308359956536,2.069017081187908
30.0,51.0,207.90756225585932,-0.6479159768522444,0.7284886100509094,-3.695921280759009,-2.781060718407121,-1.525929805493504,0.6871350509244251,-0.0636587062097553,2.565365913183575,0.2936218791881947,2.2605625805942813
30.0,51.0,256.0018615722656,-0.6691380635419755,0.5827469437519147,-3.3790136906392485,-2.798258925925,-1.1114910743566462,0.854893571052213,-0.0112353143995043,2.4149559974209645,0.2105522727190908,2.2935689610566943
30.0,51.0,203.6602935791016,-1.254726376404085,0.7125155664595609,-3.707666905829853,-2.6955806254825507,-1.3802903658455987,0.7512400792514216,-0.0140717053441493,2.5845233329431867,0.2212652358131333,2.060685180311757
30.0,51.0,220.53668212890625,-1.2171966783311097,0.4756538204269566,-3.473961005955754,-3.088961056374514,-1.704597891261704,0.4920041034137272,-0.0918239354140258,2.562499878329205,0.3992523830963432,2.654374933471221
30.0,51.0,228.5635528564453,-0.3549994854249461,0.7788695945608625,-3.749652683533876,-3.240048907229221,-1.6722480013993102,0.6090439695604581,-0.0698225043228019,2.513660514978988,0.2551167529867592,2.193944748143837
30.0,51.0,245.9429931640625,-0.8483266135729868,0.6453986865434707,-3.506552371550096,-3.271625883978806,-2.56814784519429,0.2147286641374462,-0.1436646083617611,2.4296898910346845,0.2413711030766583,2.371772908737178
30.0,51.0,220.6161956787109,-0.9503927517081534,0.677458880081766,-3.4985466721108613,-3.1419557166689587,-2.6450864950941537,0.7657276416976995,-0.0800017667336136,2.591298282155937,0.2318220931468717,1.9778696258291708
30.0,51.0,209.95681762695312,-0.8546054761373488,0.5561256830121146,-3.5196763665523463,-2.9998356632825494,-1.6631055522139582,0.5872105304760162,-0.0307104087849592,2.588951662564981,0.2473229352094717,1.9606851088631445
30.0,51.0,205.87635803222656,-1.3025411224933796,0.6923380974972835,-3.456553956950128,-2.830680330342892,-1.4042578391412994,0.7281215353580567,-0.0295502834160407,2.593628736436953,0.1994573726537631,2.086608205675232
30.0,51.0,220.6445159912109,-1.6134177651461188,0.852509955050408,-3.7561168215695298,-2.423952296286082,-1.353474608805061,0.8137938627679311,-0.0400343974760885,2.5837281903190856,0.2061422638805313,2.151942851591269
30.0,51.0,205.0666046142578,-1.1845443985933988,0.700803757263604,-3.952121874349335,-2.4643146691599824,-1.274298511414923,0.7420774041366475,-0.0662084833539095,2.5733936463653886,0.2075128882354602,2.0449957298774586
30.0,51.0,221.88970947265625,-0.8733808561961942,0.7155497606499783,-3.4752829285551643,-2.6918855767736227,-1.6924920666992729,0.5277219818285475,-0.1793077577776774,2.5807317062418846,0.1613975901443036,1.763843010464756
30.0,51.0,222.95318603515625,-0.5512669439573012,0.6012298200372116,-3.5414423266019885,-3.004355636698193,-1.763108542797002,0.3498505683405848,-0.0814614354781405,2.566684407128737,0.1719927680650282,1.884386814440135
30.0,51.0,208.49581909179688,-1.3602710475371125,0.8037597672560631,-3.827855581502343,-2.7182228743575862,-1.3727033675746665,0.7499334569719059,-0.0050902619423661,2.590177668630096,0.2356277569319409,2.0226034684499026
30.0,51.0,240.0376892089844,-0.818985015422538,0.7325545795717203,-3.463958090524869,-3.1745869837099026,-1.9281247841715203,0.2058466922336207,-0.3766659363291286,2.6001316734345754,0.2265875295001577,2.1979228280822705
30.0,51.0,291.2152099609375,-0.4925722241072047,0.979423402732359,-3.605525640219117,-3.1749731558961845,-1.915760572200272,0.5698221181835107,-0.0820334709090166,2.7895552300879123,0.2353030132978962,2.6257327440521387
30.0,51.0,245.2245635986328,-1.1728790336011918,0.8347062270592458,-3.583300405819172,-3.188686118685552,-1.2797998131944517,0.8697225253693288,-0.1406672569619899,2.465700381984935,0.1988823685350355,1.9332998267396069
30.0,51.0,215.39306640625,-1.1157203663755917,0.7790458896506752,-3.41406183901339,-3.108727550208726,-1.5162109948725837,0.7200720108349982,0.0053589216862678,2.4851087726401384,0.2297207424083396,2.0489379459748887
30.0,51.0,260.75506591796875,-0.7235173814946477,0.2633142916060825,-3.729488048766044,-2.598819823759516,-1.5621266964312754,0.5837873023273118,-0.2228563854805409,2.2311934862750764,0.0184947537160842,1.5811522207979942
30.0,51.0,222.7979736328125,-0.442732262413825,0.8690237858668566,-3.591566050933263,-2.475968233429029,-1.292565001219887,0.8696476213143532,-0.0274287940678758,2.538533767897868,0.2222450154248834,1.6931619466018952
30.0,51.0,224.52279663085932,-1.1209004810999788,0.587534191886606,-3.9146252621736815,-2.8221906098175027,-1.3843300828991196,0.6233811966868311,0.0119079811353295,2.6370923165561915,0.0918849005107356,1.6462322419522186
30.0,51.0,241.38804626464844,-1.067201702703351,0.6023728035771788,-3.289428595837416,-3.2452188728246893,-1.7483562182775751,0.0453134475114543,-0.1885751098828854,2.5667959029030776,0.2398378622311989,2.110714050417245
30.0,51.0,223.1627655029297,-0.8985820546660013,0.6016829497122207,-3.411395380510474,-3.664917165476703,-1.3178500873651418,0.7560007663919874,0.1789006658911505,2.607908573691832,0.2340229240768573,1.9822286294627685
30.0,51.0,245.99302673339844,-0.7494604562313425,0.5827624451646062,-3.1978432976312727,-2.930434860001456,-2.589522757468941,0.4511330050359632,-0.2349149109541924,2.459352546895984,0.2558733024443547,1.86071018527782
30.0,51.0,213.39453125,-0.677454921797442,0.5239078157027569,-3.6255810010738143,-2.855743792855663,-1.399999879801493,0.66407102189409,0.0366740582308147,2.589056390536872,0.292458637979307,2.1745045146165745
30.0,51.0,256.37762451171875,-1.1740985325224615,0.7032819505618381,-3.4066706406576484,-3.71611809466677,-1.557211301218996,0.5527160638726896,-0.3590757376082736,2.5580340375955064,0.079370969136926,2.0201833040629724
30.0,51.0,237.2328491210937,-1.428040425390325,0.6174814452730092,-3.5736048511054546,-3.410823463642112,-1.461635712523008,0.80848581446371,0.2139962644890252,2.6033857876251307,0.1762205424558912,1.9148313389189773
30.0,51.0,205.575927734375,-0.8160173862793221,0.5906195673798553,-3.5501247184478806,-2.9220737949502533,-1.5276746941164658,0.7254873283981647,-0.0189028447691116,2.5943872451814447,0.2168908645567235,1.9760531472632008
30.0,51.0,206.15182495117188,-1.021208591034679,0.50961503660092,-3.144610939529908,-2.765177086552761,-1.4071357512523337,0.6938978150236301,-0.0147396806557166,2.548052965813157,0.2183828022744247,1.9028349602058523
30.0,51.0,209.57760620117188,-1.2034234515468971,0.7430308923131923,-3.5112044090821017,-2.679625943968955,-1.4859544605392458,0.7008237889901245,0.0302477699241201,2.530165178186213,0.2254432496411395,2.078682998403177
30.0,51.0,262.9179077148437,-0.9391109084640024,0.6797087949740567,-4.111601741642644,-2.3000698770336268,-1.4991903001224878,0.5231833854320784,-0.0024491857493256,2.7031747050873243,0.2590100123505139,1.7831169464725047
30.0,51.0,227.75701904296875,-0.9792051486980742,0.6668289796043207,-3.226357363532365,-3.007240751307254,-2.456842984036727,0.4759042173200444,-0.0648306762697417,2.49157505107593,0.2590560882265491,2.1076353013395264
30.0,51.0,215.00582885742188,-1.3362269621506024,0.6909401133240985,-3.6958136060628175,-2.766535802928542,-1.578943155117534,0.5991151981177973,-0.0611612945314653,2.5056992509925267,0.0700747834210505,1.865374583499689
30.0,51.0,209.12191772460932,-1.3416769520442744,0.7206519991240709,-3.699924706904203,-2.878095774452846,-1.4621299058695183,0.7340172376989259,-0.0209954765194161,2.5989343289710494,0.2222213172664964,2.128210676666373
30.0,51.0,224.1871032714844,-0.9222807474828136,0.8585124425692048,-3.9199214865640295,-2.3342983995747173,-1.3158510254555804,0.7083652727456793,0.0474448717204234,2.58773014344418,0.2488446451687852,2.1385845193917
30.0,51.0,211.11618041992188,-0.6912459840756849,0.7731202850882303,-3.6695732903683416,-2.63357170262388,-1.3884528353461008,0.636312429468462,-0.0069531228063356,2.605084627803244,0.232296914014559,2.2547917035296985
30.0,51.0,211.8467254638672,-0.7477372598712155,0.6436859834828597,-3.462752233282377,-2.9250858721948507,-1.60780262608288,0.5310146488304917,-0.1403993425627469,2.580464045315256,0.1323395602747072,1.8916292211329224
30.0,52.0,214.22732543945312,-0.5709375357719852,0.6099977697356924,-3.140555826576952,-2.751540540879751,-1.5639863451240932,0.7150772700534826,-0.0298015949691891,2.517225884112829,0.2132561271602341,1.8995796105848937
30.0,52.0,205.94509887695312,-0.8697084474054906,0.7076252501927573,-3.59309160306721,-2.4953958283050364,-1.328386459745306,0.7456298272598766,-0.0322207498833573,2.583775301033965,0.1369441477754707,1.8464055601176232
30.0,52.0,230.72708129882807,-0.7505005446075721,0.4995301140165852,-3.262756264472906,-3.4106714678633083,-2.049964762895655,0.3972810130199824,-0.1954838537825732,2.505238696946213,0.2685742957734491,2.077726091417845
30.0,52.0,205.40724182128903,-1.2471719392371754,0.7338063691250966,-3.6956164114227614,-2.6893020048638974,-1.4361633841990469,0.7509499775402746,-0.0265320376388999,2.5844589496606782,0.2214973721181175,2.0621365244733765
30.0,52.0,205.09112548828125,-1.1572419554538709,0.767902139530901,-3.308261460513854,-2.602973968785468,-1.2700557538681685,0.7536763229139203,0.0180286495065518,2.571401273934201,0.1970673817264065,2.063022415606615
30.0,52.0,210.597900390625,-0.7318280979898318,0.5914188254323861,-3.762520632782585,-2.804645763324062,-1.5552501707621134,0.7108059977869721,-0.0339586683914871,2.6116724728224123,0.1882452260922728,1.9445701194337384
30.0,52.0,237.805404663086,-1.6306021299356674,0.6979464599150758,-3.7325683779200944,-3.711679171800787,-1.2600826130489746,0.6802626235987035,-0.0425128707213355,2.6131436385178555,0.2167557540477622,1.9660651721751048
30.0,52.0,206.9166259765625,-0.8676373682653975,0.764662328085284,-3.347691783684574,-2.733623735689973,-1.3980275891187708,0.6286210352648085,-0.0230812022825826,2.6026796313603064,0.2116081435584502,2.062969519256361
30.0,52.0,203.4140472412109,-0.5678473708618155,0.7799693007154738,-3.6749830968560486,-2.725391649065348,-1.3797502672892723,0.7480700850134762,-0.0265029683648772,2.586302994710479,0.2283338142204806,2.0667280186433774
30.0,52.0,217.80987548828125,-0.7399219093249991,0.6265199654248446,-3.3812386568411683,-3.115740592719888,-2.4970438835882924,0.4187495791001843,-0.1164287251613381,2.541142812644273,0.2703581298861386,2.0687642066891287
30.0,52.0,205.21090698242188,-1.2809065502355736,0.7925444501396468,-3.3532341053309804,-2.646572170741824,-1.3385719858292224,0.6894461018648685,-0.0170222599533008,2.589704955188264,0.2735530590024844,2.067635574234418
30.0,52.0,240.17958068847656,-1.3345286420079658,0.6835516868925776,-3.746639772333718,-3.1762817802901115,-1.2464876029860226,0.8006940829756326,-0.0915212120896023,2.5938318411664363,0.2848721632363585,2.031668570634608
30.0,52.0,207.83547973632807,-0.6093818883939179,0.6606775746699285,-3.7273144112605854,-2.841327781951346,-1.494066011804058,0.7323698211789191,-0.0180924333755167,2.562770388463827,0.233308359956536,2.069017081187908
30.0,52.0,206.52899169921875,-0.7610077216956189,0.7873188272803618,-3.671011498341608,-2.797102779150619,-1.4672157645865391,0.7340733475992329,-0.0206439303635367,2.589550527467277,0.1709802727947255,1.8048162474363496
30.0,52.0,256.0018615722656,-0.6691380635419755,0.5827469437519147,-3.3790136906392485,-2.798258925925,-1.1114910743566462,0.854893571052213,-0.0112353143995043,2.4149559974209645,0.2105522727190908,2.2935689610566943
30.0,52.0,203.6602935791016,-1.254726376404085,0.7125155664595609,-3.707666905829853,-2.6955806254825507,-1.3802903658455987,0.7512400792514216,-0.0140717053441493,2.5845233329431867,0.2212652358131333,2.060685180311757
30.0,52.0,220.53668212890625,-1.2171966783311097,0.4756538204269566,-3.473961005955754,-3.088961056374514,-1.704597891261704,0.4920041034137272,-0.0918239354140258,2.562499878329205,0.3992523830963432,2.654374933471221
30.0,52.0,228.5635528564453,-0.3549994854249461,0.7788695945608625,-3.749652683533876,-3.240048907229221,-1.6722480013993102,0.6090439695604581,-0.0698225043228019,2.513660514978988,0.2551167529867592,2.193944748143837
30.0,52.0,245.9429931640625,-0.8483266135729868,0.6453986865434707,-3.506552371550096,-3.271625883978806,-2.56814784519429,0.2147286641374462,-0.1436646083617611,2.4296898910346845,0.2413711030766583,2.371772908737178
30.0,52.0,220.6161956787109,-0.9503927517081534,0.677458880081766,-3.4985466721108613,-3.1419557166689587,-2.6450864950941537,0.7657276416976995,-0.0800017667336136,2.591298282155937,0.2318220931468717,1.9778696258291708
30.0,52.0,209.95681762695312,-0.8546054761373488,0.5561256830121146,-3.5196763665523463,-2.9998356632825494,-1.6631055522139582,0.5872105304760162,-0.0307104087849592,2.588951662564981,0.2473229352094717,1.9606851088631445
30.0,52.0,205.87635803222656,-1.3025411224933796,0.6923380974972835,-3.456553956950128,-2.830680330342892,-1.4042578391412994,0.7281215353580567,-0.0295502834160407,2.593628736436953,0.1994573726537631,2.086608205675232
30.0,52.0,220.6445159912109,-1.6134177651461188,0.852509955050408,-3.7561168215695298,-2.423952296286082,-1.353474608805061,0.8137938627679311,-0.0400343974760885,2.5837281903190856,0.2061422638805313,2.151942851591269
30.0,52.0,205.0666046142578,-1.1845443985933988,0.700803757263604,-3.952121874349335,-2.4643146691599824,-1.274298511414923,0.7420774041366475,-0.0662084833539095,2.5733936463653886,0.2075128882354602,2.0449957298774586
30.0,52.0,221.88970947265625,-0.8733808561961942,0.7155497606499783,-3.4752829285551643,-2.6918855767736227,-1.6924920666992729,0.5277219818285475,-0.1793077577776774,2.5807317062418846,0.1613975901443036,1.763843010464756
30.0,52.0,222.95318603515625,-0.5512669439573012,0.6012298200372116,-3.5414423266019885,-3.004355636698193,-1.763108542797002,0.3498505683405848,-0.0814614354781405,2.566684407128737,0.1719927680650282,1.884386814440135
30.0,52.0,208.49581909179688,-1.3602710475371125,0.8037597672560631,-3.827855581502343,-2.7182228743575862,-1.3727033675746665,0.7499334569719059,-0.0050902619423661,2.590177668630096,0.2356277569319409,2.0226034684499026
30.0,52.0,240.0376892089844,-0.818985015422538,0.7325545795717203,-3.463958090524869,-3.1745869837099026,-1.9281247841715203,0.2058466922336207,-0.3766659363291286,2.6001316734345754,0.2265875295001577,2.1979228280822705
30.0,52.0,291.2152099609375,-0.4925722241072047,0.979423402732359,-3.605525640219117,-3.1749731558961845,-1.915760572200272,0.5698221181835107,-0.0820334709090166,2.7895552300879123,0.2353030132978962,2.6257327440521387
30.0,52.0,220.605712890625,-1.2895249897217784,0.6267801880458499,-3.669371183878931,-3.708187388611526,-1.371776205624486,0.7876874042806006,-0.1093378182371131,2.5556089237368944,0.217041584977199,1.9716464210471627
30.0,52.0,215.39306640625,-1.1157203663755917,0.7790458896506752,-3.41406183901339,-3.108727550208726,-1.5162109948725837,0.7200720108349982,0.0053589216862678,2.4851087726401384,0.2297207424083396,2.0489379459748887
30.0,52.0,260.75506591796875,-0.7235173814946477,0.2633142916060825,-3.729488048766044,-2.598819823759516,-1.5621266964312754,0.5837873023273118,-0.2228563854805409,2.2311934862750764,0.0184947537160842,1.5811522207979942
30.0,52.0,222.7979736328125,-0.442732262413825,0.8690237858668566,-3.591566050933263,-2.475968233429029,-1.292565001219887,0.8696476213143532,-0.0274287940678758,2.538533767897868,0.2222450154248834,1.6931619466018952
30.0,52.0,224.52279663085932,-1.1209004810999788,0.587534191886606,-3.9146252621736815,-2.8221906098175027,-1.3843300828991196,0.6233811966868311,0.0119079811353295,2.6370923165561915,0.0918849005107356,1.6462322419522186
30.0,52.0,241.38804626464844,-1.067201702703351,0.6023728035771788,-3.289428595837416,-3.2452188728246893,-1.7483562182775751,0.0453134475114543,-0.1885751098828854,2.5667959029030776,0.2398378622311989,2.110714050417245
30.0,52.0,214.98892211914065,-0.7512159825825386,0.6699478687378887,-2.74343829917212,-2.394965191926085,-1.4026515162668238,0.7895498350000281,-0.0238737891500623,2.5879517907992136,0.2403639734004579,1.921057656743706
30.0,52.0,245.99302673339844,-0.7494604562313425,0.5827624451646062,-3.1978432976312727,-2.930434860001456,-2.589522757468941,0.4511330050359632,-0.2349149109541924,2.459352546895984,0.2558733024443547,1.86071018527782
30.0,52.0,213.39453125,-0.677454921797442,0.5239078157027569,-3.6255810010738143,-2.855743792855663,-1.399999879801493,0.66407102189409,0.0366740582308147,2.589056390536872,0.292458637979307,2.1745045146165745
30.0,52.0,256.37762451171875,-1.1740985325224615,0.7032819505618381,-3.4066706406576484,-3.71611809466677,-1.557211301218996,0.5527160638726896,-0.3590757376082736,2.5580340375955064,0.079370969136926,2.0201833040629724
30.0,52.0,237.2328491210937,-1.428040425390325,0.6174814452730092,-3.5736048511054546,-3.410823463642112,-1.461635712523008,0.80848581446371,0.2139962644890252,2.6033857876251307,0.1762205424558912,1.9148313389189773
30.0,52.0,205.575927734375,-0.8160173862793221,0.5906195673798553,-3.5501247184478806,-2.9220737949502533,-1.5276746941164658,0.7254873283981647,-0.0189028447691116,2.5943872451814447,0.2168908645567235,1.9760531472632008
30.0,52.0,206.15182495117188,-1.021208591034679,0.50961503660092,-3.144610939529908,-2.765177086552761,-1.4071357512523337,0.6938978150236301,-0.0147396806557166,2.548052965813157,0.2183828022744247,1.9028349602058523
30.0,52.0,209.57760620117188,-1.2034234515468971,0.7430308923131923,-3.5112044090821017,-2.679625943968955,-1.4859544605392458,0.7008237889901245,0.0302477699241201,2.530165178186213,0.2254432496411395,2.078682998403177
30.0,52.0,262.9179077148437,-0.9391109084640024,0.6797087949740567,-4.111601741642644,-2.3000698770336268,-1.4991903001224878,0.5231833854320784,-0.0024491857493256,2.7031747050873243,0.2590100123505139,1.7831169464725047
30.0,52.0,227.75701904296875,-0.9792051486980742,0.6668289796043207,-3.226357363532365,-3.007240751307254,-2.456842984036727,0.4759042173200444,-0.0648306762697417,2.49157505107593,0.2590560882265491,2.1076353013395264
30.0,52.0,215.00582885742188,-1.3362269621506024,0.6909401133240985,-3.6958136060628175,-2.766535802928542,-1.578943155117534,0.5991151981177973,-0.0611612945314653,2.5056992509925267,0.0700747834210505,1.865374583499689
30.0,52.0,209.12191772460932,-1.3416769520442744,0.7206519991240709,-3.699924706904203,-2.878095774452846,-1.4621299058695183,0.7340172376989259,-0.0209954765194161,2.5989343289710494,0.2222213172664964,2.128210676666373
30.0,52.0,224.1871032714844,-0.9222807474828136,0.8585124425692048,-3.9199214865640295,-2.3342983995747173,-1.3158510254555804,0.7083652727456793,0.0474448717204234,2.58773014344418,0.2488446451687852,2.1385845193917
30.0,52.0,211.11618041992188,-0.6912459840756849,0.7731202850882303,-3.6695732903683416,-2.63357170262388,-1.3884528353461008,0.636312429468462,-0.0069531228063356,2.605084627803244,0.232296914014559,2.2547917035296985
30.0,52.0,211.8467254638672,-0.7477372598712155,0.6436859834828597,-3.462752233282377,-2.9250858721948507,-1.60780262608288,0.5310146488304917,-0.1403993425627469,2.580464045315256,0.1323395602747072,1.8916292211329224
30.0,53.0,214.22732543945312,-0.5709375357719852,0.6099977697356924,-3.140555826576952,-2.751540540879751,-1.5639863451240932,0.7150772700534826,-0.0298015949691891,2.517225884112829,0.2132561271602341,1.8995796105848937
30.0,53.0,203.5776824951172,-0.768387116687397,0.7384208718644991,-3.6775742120098114,-2.677739989124288,-1.4133818962659783,0.7461343815713738,-0.0314242144585147,2.5831514908754336,0.2473672341214235,2.0653194263588786
30.0,53.0,230.72708129882807,-0.7505005446075721,0.4995301140165852,-3.262756264472906,-3.4106714678633083,-2.049964762895655,0.3972810130199824,-0.1954838537825732,2.505238696946213,0.2685742957734491,2.077726091417845
30.0,53.0,205.40724182128903,-1.2471719392371754,0.7338063691250966,-3.6956164114227614,-2.6893020048638974,-1.4361633841990469,0.7509499775402746,-0.0265320376388999,2.5844589496606782,0.2214973721181175,2.0621365244733765
30.0,53.0,205.09112548828125,-1.1572419554538709,0.767902139530901,-3.308261460513854,-2.602973968785468,-1.2700557538681685,0.7536763229139203,0.0180286495065518,2.571401273934201,0.1970673817264065,2.063022415606615
30.0,53.0,210.597900390625,-0.7318280979898318,0.5914188254323861,-3.762520632782585,-2.804645763324062,-1.5552501707621134,0.7108059977869721,-0.0339586683914871,2.6116724728224123,0.1882452260922728,1.9445701194337384
30.0,53.0,237.805404663086,-1.6306021299356674,0.6979464599150758,-3.7325683779200944,-3.711679171800787,-1.2600826130489746,0.6802626235987035,-0.0425128707213355,2.6131436385178555,0.2167557540477622,1.9660651721751048
30.0,53.0,205.98110961914065,-0.5741805320319023,0.7778050604655171,-3.647588125609453,-2.711106099596089,-1.3739711464555358,0.8205499965536627,-0.0132168900910719,2.5849701490715176,0.2108372862449554,2.0651148736727705
30.0,53.0,203.4140472412109,-0.5678473708618155,0.7799693007154738,-3.6749830968560486,-2.725391649065348,-1.3797502672892723,0.7480700850134762,-0.0265029683648772,2.586302994710479,0.2283338142204806,2.0667280186433774
30.0,53.0,217.80987548828125,-0.7399219093249991,0.6265199654248446,-3.3812386568411683,-3.115740592719888,-2.4970438835882924,0.4187495791001843,-0.1164287251613381,2.541142812644273,0.2703581298861386,2.0687642066891287
30.0,53.0,205.21090698242188,-1.2809065502355736,0.7925444501396468,-3.3532341053309804,-2.646572170741824,-1.3385719858292224,0.6894461018648685,-0.0170222599533008,2.589704955188264,0.2735530590024844,2.067635574234418
30.0,53.0,240.17958068847656,-1.3345286420079658,0.6835516868925776,-3.746639772333718,-3.1762817802901115,-1.2464876029860226,0.8006940829756326,-0.0915212120896023,2.5938318411664363,0.2848721632363585,2.031668570634608
30.0,53.0,207.52395629882807,-1.0172369141889488,0.5097226488719611,-3.674337809841004,-2.8353189978585056,-1.3644168602548383,0.7515932251121955,-0.0172059671688819,2.580125632767812,0.2261450789481383,2.063133829032119
30.0,53.0,206.52899169921875,-0.7610077216956189,0.7873188272803618,-3.671011498341608,-2.797102779150619,-1.4672157645865391,0.7340733475992329,-0.0206439303635367,2.589550527467277,0.1709802727947255,1.8048162474363496
30.0,53.0,256.0018615722656,-0.6691380635419755,0.5827469437519147,-3.3790136906392485,-2.798258925925,-1.1114910743566462,0.854893571052213,-0.0112353143995043,2.4149559974209645,0.2105522727190908,2.2935689610566943
30.0,53.0,203.6602935791016,-1.254726376404085,0.7125155664595609,-3.707666905829853,-2.6955806254825507,-1.3802903658455987,0.7512400792514216,-0.0140717053441493,2.5845233329431867,0.2212652358131333,2.060685180311757
30.0,53.0,220.53668212890625,-1.2171966783311097,0.4756538204269566,-3.473961005955754,-3.088961056374514,-1.704597891261704,0.4920041034137272,-0.0918239354140258,2.562499878329205,0.3992523830963432,2.654374933471221
30.0,53.0,228.5635528564453,-0.3549994854249461,0.7788695945608625,-3.749652683533876,-3.240048907229221,-1.6722480013993102,0.6090439695604581,-0.0698225043228019,2.513660514978988,0.2551167529867592,2.193944748143837
30.0,53.0,245.9429931640625,-0.8483266135729868,0.6453986865434707,-3.506552371550096,-3.271625883978806,-2.56814784519429,0.2147286641374462,-0.1436646083617611,2.4296898910346845,0.2413711030766583,2.371772908737178
30.0,53.0,220.6161956787109,-0.9503927517081534,0.677458880081766,-3.4985466721108613,-3.1419557166689587,-2.6450864950941537,0.7657276416976995,-0.0800017667336136,2.591298282155937,0.2318220931468717,1.9778696258291708
30.0,53.0,209.95681762695312,-0.8546054761373488,0.5561256830121146,-3.5196763665523463,-2.9998356632825494,-1.6631055522139582,0.5872105304760162,-0.0307104087849592,2.588951662564981,0.2473229352094717,1.9606851088631445
30.0,53.0,205.87635803222656,-1.3025411224933796,0.6923380974972835,-3.456553956950128,-2.830680330342892,-1.4042578391412994,0.7281215353580567,-0.0295502834160407,2.593628736436953,0.1994573726537631,2.086608205675232
30.0,53.0,220.6445159912109,-1.6134177651461188,0.852509955050408,-3.7561168215695298,-2.423952296286082,-1.353474608805061,0.8137938627679311,-0.0400343974760885,2.5837281903190856,0.2061422638805313,2.151942851591269
30.0,53.0,205.0666046142578,-1.1845443985933988,0.700803757263604,-3.952121874349335,-2.4643146691599824,-1.274298511414923,0.7420774041366475,-0.0662084833539095,2.5733936463653886,0.2075128882354602,2.0449957298774586
30.0,53.0,221.88970947265625,-0.8733808561961942,0.7155497606499783,-3.4752829285551643,-2.6918855767736227,-1.6924920666992729,0.5277219818285475,-0.1793077577776774,2.5807317062418846,0.1613975901443036,1.763843010464756
30.0,53.0,222.95318603515625,-0.5512669439573012,0.6012298200372116,-3.5414423266019885,-3.004355636698193,-1.763108542797002,0.3498505683405848,-0.0814614354781405,2.566684407128737,0.1719927680650282,1.884386814440135
30.0,53.0,203.7299041748047,-1.4671963034076896,0.7718039591814964,-3.521820860113768,-2.7055890962796987,-1.3850800460590984,0.7492558679810841,0.0041742840984898,2.5864682179734686,0.2295821296873494,1.9406396168518183
30.0,53.0,240.0376892089844,-0.818985015422538,0.7325545795717203,-3.463958090524869,-3.1745869837099026,-1.9281247841715203,0.2058466922336207,-0.3766659363291286,2.6001316734345754,0.2265875295001577,2.1979228280822705
30.0,53.0,291.2152099609375,-0.4925722241072047,0.979423402732359,-3.605525640219117,-3.1749731558961845,-1.915760572200272,0.5698221181835107,-0.0820334709090166,2.7895552300879123,0.2353030132978962,2.6257327440521387
30.0,53.0,220.605712890625,-1.2895249897217784,0.6267801880458499,-3.669371183878931,-3.708187388611526,-1.371776205624486,0.7876874042806006,-0.1093378182371131,2.5556089237368944,0.217041584977199,1.9716464210471627
30.0,53.0,215.39306640625,-1.1157203663755917,0.7790458896506752,-3.41406183901339,-3.108727550208726,-1.5162109948725837,0.7200720108349982,0.0053589216862678,2.4851087726401384,0.2297207424083396,2.0489379459748887
30.0,53.0,260.75506591796875,-0.7235173814946477,0.2633142916060825,-3.729488048766044,-2.598819823759516,-1.5621266964312754,0.5837873023273118,-0.2228563854805409,2.2311934862750764,0.0184947537160842,1.5811522207979942
30.0,53.0,210.2730407714844,-0.5512322595588818,0.889324074699246,-3.431174498618789,-2.614588040550606,-1.3427188361745317,0.751786776827548,-0.0161751052550797,2.5586390730252795,0.2176566944408889,1.6890020375240633
30.0,53.0,224.52279663085932,-1.1209004810999788,0.587534191886606,-3.9146252621736815,-2.8221906098175027,-1.3843300828991196,0.6233811966868311,0.0119079811353295,2.6370923165561915,0.0918849005107356,1.6462322419522186
30.0,53.0,241.38804626464844,-1.067201702703351,0.6023728035771788,-3.289428595837416,-3.2452188728246893,-1.7483562182775751,0.0453134475114543,-0.1885751098828854,2.5667959029030776,0.2398378622311989,2.110714050417245
30.0,53.0,214.98892211914065,-0.7512159825825386,0.6699478687378887,-2.74343829917212,-2.394965191926085,-1.4026515162668238,0.7895498350000281,-0.0238737891500623,2.5879517907992136,0.2403639734004579,1.921057656743706
30.0,53.0,245.99302673339844,-0.7494604562313425,0.5827624451646062,-3.1978432976312727,-2.930434860001456,-2.589522757468941,0.4511330050359632,-0.2349149109541924,2.459352546895984,0.2558733024443547,1.86071018527782
30.0,53.0,213.39453125,-0.677454921797442,0.5239078157027569,-3.6255810010738143,-2.855743792855663,-1.399999879801493,0.66407102189409,0.0366740582308147,2.589056390536872,0.292458637979307,2.1745045146165745
30.0,53.0,256.37762451171875,-1.1740985325224615,0.7032819505618381,-3.4066706406576484,-3.71611809466677,-1.557211301218996,0.5527160638726896,-0.3590757376082736,2.5580340375955064,0.079370969136926,2.0201833040629724
30.0,53.0,237.2328491210937,-1.428040425390325,0.6174814452730092,-3.5736048511054546,-3.410823463642112,-1.461635712523008,0.80848581446371,0.2139962644890252,2.6033857876251307,0.1762205424558912,1.9148313389189773
30.0,53.0,205.575927734375,-0.8160173862793221,0.5906195673798553,-3.5501247184478806,-2.9220737949502533,-1.5276746941164658,0.7254873283981647,-0.0189028447691116,2.5943872451814447,0.2168908645567235,1.9760531472632008
30.0,53.0,206.15182495117188,-1.021208591034679,0.50961503660092,-3.144610939529908,-2.765177086552761,-1.4071357512523337,0.6938978150236301,-0.0147396806557166,2.548052965813157,0.2183828022744247,1.9028349602058523
30.0,53.0,209.57760620117188,-1.2034234515468971,0.7430308923131923,-3.5112044090821017,-2.679625943968955,-1.4859544605392458,0.7008237889901245,0.0302477699241201,2.530165178186213,0.2254432496411395,2.078682998403177
30.0,53.0,262.9179077148437,-0.9391109084640024,0.6797087949740567,-4.111601741642644,-2.3000698770336268,-1.4991903001224878,0.5231833854320784,-0.0024491857493256,2.7031747050873243,0.2590100123505139,1.7831169464725047
30.0,53.0,227.75701904296875,-0.9792051486980742,0.6668289796043207,-3.226357363532365,-3.007240751307254,-2.456842984036727,0.4759042173200444,-0.0648306762697417,2.49157505107593,0.2590560882265491,2.1076353013395264
30.0,53.0,215.00582885742188,-1.3362269621506024,0.6909401133240985,-3.6958136060628175,-2.766535802928542,-1.578943155117534,0.5991151981177973,-0.0611612945314653,2.5056992509925267,0.0700747834210505,1.865374583499689
30.0,53.0,209.12191772460932,-1.3416769520442744,0.7206519991240709,-3.699924706904203,-2.878095774452846,-1.4621299058695183,0.7340172376989259,-0.0209954765194161,2.5989343289710494,0.2222213172664964,2.128210676666373
30.0,53.0,224.1871032714844,-0.9222807474828136,0.8585124425692048,-3.9199214865640295,-2.3342983995747173,-1.3158510254555804,0.7083652727456793,0.0474448717204234,2.58773014344418,0.2488446451687852,2.1385845193917
30.0,53.0,211.11618041992188,-0.6912459840756849,0.7731202850882303,-3.6695732903683416,-2.63357170262388,-1.3884528353461008,0.636312429468462,-0.0069531228063356,2.605084627803244,0.232296914014559,2.2547917035296985
30.0,53.0,211.8467254638672,-0.7477372598712155,0.6436859834828597,-3.462752233282377,-2.9250858721948507,-1.60780262608288,0.5310146488304917,-0.1403993425627469,2.580464045315256,0.1323395602747072,1.8916292211329224
30.0,54.0,214.22732543945312,-0.5709375357719852,0.6099977697356924,-3.140555826576952,-2.751540540879751,-1.5639863451240932,0.7150772700534826,-0.0298015949691891,2.517225884112829,0.2132561271602341,1.8995796105848937
30.0,54.0,203.5776824951172,-0.768387116687397,0.7384208718644991,-3.6775742120098114,-2.677739989124288,-1.4133818962659783,0.7461343815713738,-0.0314242144585147,2.5831514908754336,0.2473672341214235,2.0653194263588786
30.0,54.0,230.72708129882807,-0.7505005446075721,0.4995301140165852,-3.262756264472906,-3.4106714678633083,-2.049964762895655,0.3972810130199824,-0.1954838537825732,2.505238696946213,0.2685742957734491,2.077726091417845
30.0,54.0,205.40724182128903,-1.2471719392371754,0.7338063691250966,-3.6956164114227614,-2.6893020048638974,-1.4361633841990469,0.7509499775402746,-0.0265320376388999,2.5844589496606782,0.2214973721181175,2.0621365244733765
30.0,54.0,205.09112548828125,-1.1572419554538709,0.767902139530901,-3.308261460513854,-2.602973968785468,-1.2700557538681685,0.7536763229139203,0.0180286495065518,2.571401273934201,0.1970673817264065,2.063022415606615
30.0,54.0,210.597900390625,-0.7318280979898318,0.5914188254323861,-3.762520632782585,-2.804645763324062,-1.5552501707621134,0.7108059977869721,-0.0339586683914871,2.6116724728224123,0.1882452260922728,1.9445701194337384
30.0,54.0,237.805404663086,-1.6306021299356674,0.6979464599150758,-3.7325683779200944,-3.711679171800787,-1.2600826130489746,0.6802626235987035,-0.0425128707213355,2.6131436385178555,0.2167557540477622,1.9660651721751048
30.0,54.0,205.98110961914065,-0.5741805320319023,0.7778050604655171,-3.647588125609453,-2.711106099596089,-1.3739711464555358,0.8205499965536627,-0.0132168900910719,2.5849701490715176,0.2108372862449554,2.0651148736727705
30.0,54.0,203.4140472412109,-0.5678473708618155,0.7799693007154738,-3.6749830968560486,-2.725391649065348,-1.3797502672892723,0.7480700850134762,-0.0265029683648772,2.586302994710479,0.2283338142204806,2.0667280186433774
30.0,54.0,217.80987548828125,-0.7399219093249991,0.6265199654248446,-3.3812386568411683,-3.115740592719888,-2.4970438835882924,0.4187495791001843,-0.1164287251613381,2.541142812644273,0.2703581298861386,2.0687642066891287
30.0,54.0,205.21090698242188,-1.2809065502355736,0.7925444501396468,-3.3532341053309804,-2.646572170741824,-1.3385719858292224,0.6894461018648685,-0.0170222599533008,2.589704955188264,0.2735530590024844,2.067635574234418
30.0,54.0,240.17958068847656,-1.3345286420079658,0.6835516868925776,-3.746639772333718,-3.1762817802901115,-1.2464876029860226,0.8006940829756326,-0.0915212120896023,2.5938318411664363,0.2848721632363585,2.031668570634608
30.0,54.0,207.52395629882807,-1.0172369141889488,0.5097226488719611,-3.674337809841004,-2.8353189978585056,-1.3644168602548383,0.7515932251121955,-0.0172059671688819,2.580125632767812,0.2261450789481383,2.063133829032119
30.0,54.0,206.52899169921875,-0.7610077216956189,0.7873188272803618,-3.671011498341608,-2.797102779150619,-1.4672157645865391,0.7340733475992329,-0.0206439303635367,2.589550527467277,0.1709802727947255,1.8048162474363496
30.0,54.0,256.0018615722656,-0.6691380635419755,0.5827469437519147,-3.3790136906392485,-2.798258925925,-1.1114910743566462,0.854893571052213,-0.0112353143995043,2.4149559974209645,0.2105522727190908,2.2935689610566943
30.0,54.0,203.6602935791016,-1.254726376404085,0.7125155664595609,-3.707666905829853,-2.6955806254825507,-1.3802903658455987,0.7512400792514216,-0.0140717053441493,2.5845233329431867,0.2212652358131333,2.060685180311757
30.0,54.0,220.53668212890625,-1.2171966783311097,0.4756538204269566,-3.473961005955754,-3.088961056374514,-1.704597891261704,0.4920041034137272,-0.0918239354140258,2.562499878329205,0.3992523830963432,2.654374933471221
30.0,54.0,228.5635528564453,-0.3549994854249461,0.7788695945608625,-3.749652683533876,-3.240048907229221,-1.6722480013993102,0.6090439695604581,-0.0698225043228019,2.513660514978988,0.2551167529867592,2.193944748143837
30.0,54.0,245.9429931640625,-0.8483266135729868,0.6453986865434707,-3.506552371550096,-3.271625883978806,-2.56814784519429,0.2147286641374462,-0.1436646083617611,2.4296898910346845,0.2413711030766583,2.371772908737178
30.0,54.0,220.6161956787109,-0.9503927517081534,0.677458880081766,-3.4985466721108613,-3.1419557166689587,-2.6450864950941537,0.7657276416976995,-0.0800017667336136,2.591298282155937,0.2318220931468717,1.9778696258291708
30.0,54.0,209.95681762695312,-0.8546054761373488,0.5561256830121146,-3.5196763665523463,-2.9998356632825494,-1.6631055522139582,0.5872105304760162,-0.0307104087849592,2.588951662564981,0.2473229352094717,1.9606851088631445
30.0,54.0,205.87635803222656,-1.3025411224933796,0.6923380974972835,-3.456553956950128,-2.830680330342892,-1.4042578391412994,0.7281215353580567,-0.0295502834160407,2.593628736436953,0.1994573726537631,2.086608205675232
30.0,54.0,220.6445159912109,-1.6134177651461188,0.852509955050408,-3.7561168215695298,-2.423952296286082,-1.353474608805061,0.8137938627679311,-0.0400343974760885,2.5837281903190856,0.2061422638805313,2.151942851591269
30.0,54.0,205.0666046142578,-1.1845443985933988,0.700803757263604,-3.952121874349335,-2.4643146691599824,-1.274298511414923,0.7420774041366475,-0.0662084833539095,2.5733936463653886,0.2075128882354602,2.0449957298774586
30.0,54.0,221.88970947265625,-0.8733808561961942,0.7155497606499783,-3.4752829285551643,-2.6918855767736227,-1.6924920666992729,0.5277219818285475,-0.1793077577776774,2.5807317062418846,0.1613975901443036,1.763843010464756
30.0,54.0,222.95318603515625,-0.5512669439573012,0.6012298200372116,-3.5414423266019885,-3.004355636698193,-1.763108542797002,0.3498505683405848,-0.0814614354781405,2.566684407128737,0.1719927680650282,1.884386814440135
30.0,54.0,203.7299041748047,-1.4671963034076896,0.7718039591814964,-3.521820860113768,-2.7055890962796987,-1.3850800460590984,0.7492558679810841,0.0041742840984898,2.5864682179734686,0.2295821296873494,1.9406396168518183
30.0,54.0,240.0376892089844,-0.818985015422538,0.7325545795717203,-3.463958090524869,-3.1745869837099026,-1.9281247841715203,0.2058466922336207,-0.3766659363291286,2.6001316734345754,0.2265875295001577,2.1979228280822705
30.0,54.0,291.2152099609375,-0.4925722241072047,0.979423402732359,-3.605525640219117,-3.1749731558961845,-1.915760572200272,0.5698221181835107,-0.0820334709090166,2.7895552300879123,0.2353030132978962,2.6257327440521387
30.0,54.0,220.605712890625,-1.2895249897217784,0.6267801880458499,-3.669371183878931,-3.708187388611526,-1.371776205624486,0.7876874042806006,-0.1093378182371131,2.5556089237368944,0.217041584977199,1.9716464210471627
30.0,54.0,215.39306640625,-1.1157203663755917,0.7790458896506752,-3.41406183901339,-3.108727550208726,-1.5162109948725837,0.7200720108349982,0.0053589216862678,2.4851087726401384,0.2297207424083396,2.0489379459748887
30.0,54.0,260.75506591796875,-0.7235173814946477,0.2633142916060825,-3.729488048766044,-2.598819823759516,-1.5621266964312754,0.5837873023273118,-0.2228563854805409,2.2311934862750764,0.0184947537160842,1.5811522207979942
30.0,54.0,209.25173950195312,-0.6049798297034249,0.8700369486498956,-3.5121369923899,-2.978665740776508,-1.3709635250567371,0.6953074873326881,-0.0197388972245102,2.570807191335508,0.2133529739662926,1.9102401571552368
30.0,54.0,224.52279663085932,-1.1209004810999788,0.587534191886606,-3.9146252621736815,-2.8221906098175027,-1.3843300828991196,0.6233811966868311,0.0119079811353295,2.6370923165561915,0.0918849005107356,1.6462322419522186
30.0,54.0,241.38804626464844,-1.067201702703351,0.6023728035771788,-3.289428595837416,-3.2452188728246893,-1.7483562182775751,0.0453134475114543,-0.1885751098828854,2.5667959029030776,0.2398378622311989,2.110714050417245
30.0,54.0,214.98892211914065,-0.7512159825825386,0.6699478687378887,-2.74343829917212,-2.394965191926085,-1.4026515162668238,0.7895498350000281,-0.0238737891500623,2.5879517907992136,0.2403639734004579,1.921057656743706
30.0,54.0,245.99302673339844,-0.7494604562313425,0.5827624451646062,-3.1978432976312727,-2.930434860001456,-2.589522757468941,0.4511330050359632,-0.2349149109541924,2.459352546895984,0.2558733024443547,1.86071018527782
30.0,54.0,213.39453125,-0.677454921797442,0.5239078157027569,-3.6255810010738143,-2.855743792855663,-1.399999879801493,0.66407102189409,0.0366740582308147,2.589056390536872,0.292458637979307,2.1745045146165745
30.0,54.0,256.37762451171875,-1.1740985325224615,0.7032819505618381,-3.4066706406576484,-3.71611809466677,-1.557211301218996,0.5527160638726896,-0.3590757376082736,2.5580340375955064,0.079370969136926,2.0201833040629724
30.0,54.0,237.2328491210937,-1.428040425390325,0.6174814452730092,-3.5736048511054546,-3.410823463642112,-1.461635712523008,0.80848581446371,0.2139962644890252,2.6033857876251307,0.1762205424558912,1.9148313389189773
30.0,54.0,205.575927734375,-0.8160173862793221,0.5906195673798553,-3.5501247184478806,-2.9220737949502533,-1.5276746941164658,0.7254873283981647,-0.0189028447691116,2.5943872451814447,0.2168908645567235,1.9760531472632008
30.0,54.0,206.15182495117188,-1.021208591034679,0.50961503660092,-3.144610939529908,-2.765177086552761,-1.4071357512523337,0.6938978150236301,-0.0147396806557166,2.548052965813157,0.2183828022744247,1.9028349602058523
30.0,54.0,209.57760620117188,-1.2034234515468971,0.7430308923131923,-3.5112044090821017,-2.679625943968955,-1.4859544605392458,0.7008237889901245,0.0302477699241201,2.530165178186213,0.2254432496411395,2.078682998403177
30.0,54.0,262.9179077148437,-0.9391109084640024,0.6797087949740567,-4.111601741642644,-2.3000698770336268,-1.4991903001224878,0.5231833854320784,-0.0024491857493256,2.7031747050873243,0.2590100123505139,1.7831169464725047
30.0,54.0,227.75701904296875,-0.9792051486980742,0.6668289796043207,-3.226357363532365,-3.007240751307254,-2.456842984036727,0.4759042173200444,-0.0648306762697417,2.49157505107593,0.2590560882265491,2.1076353013395264
30.0,54.0,215.00582885742188,-1.3362269621506024,0.6909401133240985,-3.6958136060628175,-2.766535802928542,-1.578943155117534,0.5991151981177973,-0.0611612945314653,2.5056992509925267,0.0700747834210505,1.865374583499689
30.0,54.0,205.0664978027344,-1.3914274226548131,0.7719925782704486,-3.711777936235568,-2.661361404055668,-1.3172262091328366,0.7325585094115068,-0.0371418416155145,2.578786897151764,0.223048065015636,1.99590049177824
30.0,54.0,224.1871032714844,-0.9222807474828136,0.8585124425692048,-3.9199214865640295,-2.3342983995747173,-1.3158510254555804,0.7083652727456793,0.0474448717204234,2.58773014344418,0.2488446451687852,2.1385845193917
30.0,54.0,211.11618041992188,-0.6912459840756849,0.7731202850882303,-3.6695732903683416,-2.63357170262388,-1.3884528353461008,0.636312429468462,-0.0069531228063356,2.605084627803244,0.232296914014559,2.2547917035296985
30.0,54.0,211.8467254638672,-0.7477372598712155,0.6436859834828597,-3.462752233282377,-2.9250858721948507,-1.60780262608288,0.5310146488304917,-0.1403993425627469,2.580464045315256,0.1323395602747072,1.8916292211329224
30.0,55.0,214.22732543945312,-0.5709375357719852,0.6099977697356924,-3.140555826576952,-2.751540540879751,-1.5639863451240932,0.7150772700534826,-0.0298015949691891,2.517225884112829,0.2132561271602341,1.8995796105848937
30.0,55.0,203.5776824951172,-0.768387116687397,0.7384208718644991,-3.6775742120098114,-2.677739989124288,-1.4133818962659783,0.7461343815713738,-0.0314242144585147,2.5831514908754336,0.2473672341214235,2.0653194263588786
30.0,55.0,230.72708129882807,-0.7505005446075721,0.4995301140165852,-3.262756264472906,-3.4106714678633083,-2.049964762895655,0.3972810130199824,-0.1954838537825732,2.505238696946213,0.2685742957734491,2.077726091417845
30.0,55.0,205.40724182128903,-1.2471719392371754,0.7338063691250966,-3.6956164114227614,-2.6893020048638974,-1.4361633841990469,0.7509499775402746,-0.0265320376388999,2.5844589496606782,0.2214973721181175,2.0621365244733765
30.0,55.0,205.09112548828125,-1.1572419554538709,0.767902139530901,-3.308261460513854,-2.602973968785468,-1.2700557538681685,0.7536763229139203,0.0180286495065518,2.571401273934201,0.1970673817264065,2.063022415606615
30.0,55.0,210.597900390625,-0.7318280979898318,0.5914188254323861,-3.762520632782585,-2.804645763324062,-1.5552501707621134,0.7108059977869721,-0.0339586683914871,2.6116724728224123,0.1882452260922728,1.9445701194337384
30.0,55.0,237.805404663086,-1.6306021299356674,0.6979464599150758,-3.7325683779200944,-3.711679171800787,-1.2600826130489746,0.6802626235987035,-0.0425128707213355,2.6131436385178555,0.2167557540477622,1.9660651721751048
30.0,55.0,202.96908569335932,-0.596234071643681,0.7846976132085869,-3.656508095706115,-2.7179815036117074,-1.3841671338694566,0.7348438993906392,-0.0285836543095157,2.5868253141516413,0.2447299163872075,2.070355369487193
30.0,55.0,203.4140472412109,-0.5678473708618155,0.7799693007154738,-3.6749830968560486,-2.725391649065348,-1.3797502672892723,0.7480700850134762,-0.0265029683648772,2.586302994710479,0.2283338142204806,2.0667280186433774
30.0,55.0,217.80987548828125,-0.7399219093249991,0.6265199654248446,-3.3812386568411683,-3.115740592719888,-2.4970438835882924,0.4187495791001843,-0.1164287251613381,2.541142812644273,0.2703581298861386,2.0687642066891287
30.0,55.0,205.21090698242188,-1.2809065502355736,0.7925444501396468,-3.3532341053309804,-2.646572170741824,-1.3385719858292224,0.6894461018648685,-0.0170222599533008,2.589704955188264,0.2735530590024844,2.067635574234418
30.0,55.0,240.17958068847656,-1.3345286420079658,0.6835516868925776,-3.746639772333718,-3.1762817802901115,-1.2464876029860226,0.8006940829756326,-0.0915212120896023,2.5938318411664363,0.2848721632363585,2.031668570634608
30.0,55.0,207.52395629882807,-1.0172369141889488,0.5097226488719611,-3.674337809841004,-2.8353189978585056,-1.3644168602548383,0.7515932251121955,-0.0172059671688819,2.580125632767812,0.2261450789481383,2.063133829032119
30.0,55.0,206.52899169921875,-0.7610077216956189,0.7873188272803618,-3.671011498341608,-2.797102779150619,-1.4672157645865391,0.7340733475992329,-0.0206439303635367,2.589550527467277,0.1709802727947255,1.8048162474363496
30.0,55.0,256.0018615722656,-0.6691380635419755,0.5827469437519147,-3.3790136906392485,-2.798258925925,-1.1114910743566462,0.854893571052213,-0.0112353143995043,2.4149559974209645,0.2105522727190908,2.2935689610566943
30.0,55.0,203.6602935791016,-1.254726376404085,0.7125155664595609,-3.707666905829853,-2.6955806254825507,-1.3802903658455987,0.7512400792514216,-0.0140717053441493,2.5845233329431867,0.2212652358131333,2.060685180311757
30.0,55.0,220.53668212890625,-1.2171966783311097,0.4756538204269566,-3.473961005955754,-3.088961056374514,-1.704597891261704,0.4920041034137272,-0.0918239354140258,2.562499878329205,0.3992523830963432,2.654374933471221
30.0,55.0,228.5635528564453,-0.3549994854249461,0.7788695945608625,-3.749652683533876,-3.240048907229221,-1.6722480013993102,0.6090439695604581,-0.0698225043228019,2.513660514978988,0.2551167529867592,2.193944748143837
30.0,55.0,245.9429931640625,-0.8483266135729868,0.6453986865434707,-3.506552371550096,-3.271625883978806,-2.56814784519429,0.2147286641374462,-0.1436646083617611,2.4296898910346845,0.2413711030766583,2.371772908737178
30.0,55.0,220.6161956787109,-0.9503927517081534,0.677458880081766,-3.4985466721108613,-3.1419557166689587,-2.6450864950941537,0.7657276416976995,-0.0800017667336136,2.591298282155937,0.2318220931468717,1.9778696258291708
30.0,55.0,209.95681762695312,-0.8546054761373488,0.5561256830121146,-3.5196763665523463,-2.9998356632825494,-1.6631055522139582,0.5872105304760162,-0.0307104087849592,2.588951662564981,0.2473229352094717,1.9606851088631445
30.0,55.0,205.87635803222656,-1.3025411224933796,0.6923380974972835,-3.456553956950128,-2.830680330342892,-1.4042578391412994,0.7281215353580567,-0.0295502834160407,2.593628736436953,0.1994573726537631,2.086608205675232
30.0,55.0,220.6445159912109,-1.6134177651461188,0.852509955050408,-3.7561168215695298,-2.423952296286082,-1.353474608805061,0.8137938627679311,-0.0400343974760885,2.5837281903190856,0.2061422638805313,2.151942851591269
30.0,55.0,205.0666046142578,-1.1845443985933988,0.700803757263604,-3.952121874349335,-2.4643146691599824,-1.274298511414923,0.7420774041366475,-0.0662084833539095,2.5733936463653886,0.2075128882354602,2.0449957298774586
30.0,55.0,221.88970947265625,-0.8733808561961942,0.7155497606499783,-3.4752829285551643,-2.6918855767736227,-1.6924920666992729,0.5277219818285475,-0.1793077577776774,2.5807317062418846,0.1613975901443036,1.763843010464756
30.0,55.0,222.95318603515625,-0.5512669439573012,0.6012298200372116,-3.5414423266019885,-3.004355636698193,-1.763108542797002,0.3498505683405848,-0.0814614354781405,2.566684407128737,0.1719927680650282,1.884386814440135
30.0,55.0,203.7299041748047,-1.4671963034076896,0.7718039591814964,-3.521820860113768,-2.7055890962796987,-1.3850800460590984,0.7492558679810841,0.0041742840984898,2.5864682179734686,0.2295821296873494,1.9406396168518183
30.0,55.0,240.0376892089844,-0.818985015422538,0.7325545795717203,-3.463958090524869,-3.1745869837099026,-1.9281247841715203,0.2058466922336207,-0.3766659363291286,2.6001316734345754,0.2265875295001577,2.1979228280822705
30.0,55.0,291.2152099609375,-0.4925722241072047,0.979423402732359,-3.605525640219117,-3.1749731558961845,-1.915760572200272,0.5698221181835107,-0.0820334709090166,2.7895552300879123,0.2353030132978962,2.6257327440521387
30.0,55.0,220.605712890625,-1.2895249897217784,0.6267801880458499,-3.669371183878931,-3.708187388611526,-1.371776205624486,0.7876874042806006,-0.1093378182371131,2.5556089237368944,0.217041584977199,1.9716464210471627
30.0,55.0,215.39306640625,-1.1157203663755917,0.7790458896506752,-3.41406183901339,-3.108727550208726,-1.5162109948725837,0.7200720108349982,0.0053589216862678,2.4851087726401384,0.2297207424083396,2.0489379459748887
30.0,55.0,260.75506591796875,-0.7235173814946477,0.2633142916060825,-3.729488048766044,-2.598819823759516,-1.5621266964312754,0.5837873023273118,-0.2228563854805409,2.2311934862750764,0.0184947537160842,1.5811522207979942
30.0,55.0,209.25173950195312,-0.6049798297034249,0.8700369486498956,-3.5121369923899,-2.978665740776508,-1.3709635250567371,0.6953074873326881,-0.0197388972245102,2.570807191335508,0.2133529739662926,1.9102401571552368
30.0,55.0,224.52279663085932,-1.1209004810999788,0.587534191886606,-3.9146252621736815,-2.8221906098175027,-1.3843300828991196,0.6233811966868311,0.0119079811353295,2.6370923165561915,0.0918849005107356,1.6462322419522186
30.0,55.0,241.38804626464844,-1.067201702703351,0.6023728035771788,-3.289428595837416,-3.2452188728246893,-1.7483562182775751,0.0453134475114543,-0.1885751098828854,2.5667959029030776,0.2398378622311989,2.110714050417245
30.0,55.0,214.98892211914065,-0.7512159825825386,0.6699478687378887,-2.74343829917212,-2.394965191926085,-1.4026515162668238,0.7895498350000281,-0.0238737891500623,2.5879517907992136,0.2403639734004579,1.921057656743706
30.0,55.0,245.99302673339844,-0.7494604562313425,0.5827624451646062,-3.1978432976312727,-2.930434860001456,-2.589522757468941,0.4511330050359632,-0.2349149109541924,2.459352546895984,0.2558733024443547,1.86071018527782
30.0,55.0,213.39453125,-0.677454921797442,0.5239078157027569,-3.6255810010738143,-2.855743792855663,-1.399999879801493,0.66407102189409,0.0366740582308147,2.589056390536872,0.292458637979307,2.1745045146165745
30.0,55.0,256.37762451171875,-1.1740985325224615,0.7032819505618381,-3.4066706406576484,-3.71611809466677,-1.557211301218996,0.5527160638726896,-0.3590757376082736,2.5580340375955064,0.079370969136926,2.0201833040629724
30.0,55.0,237.2328491210937,-1.428040425390325,0.6174814452730092,-3.5736048511054546,-3.410823463642112,-1.461635712523008,0.80848581446371,0.2139962644890252,2.6033857876251307,0.1762205424558912,1.9148313389189773
30.0,55.0,205.575927734375,-0.8160173862793221,0.5906195673798553,-3.5501247184478806,-2.9220737949502533,-1.5276746941164658,0.7254873283981647,-0.0189028447691116,2.5943872451814447,0.2168908645567235,1.9760531472632008
30.0,55.0,206.15182495117188,-1.021208591034679,0.50961503660092,-3.144610939529908,-2.765177086552761,-1.4071357512523337,0.6938978150236301,-0.0147396806557166,2.548052965813157,0.2183828022744247,1.9028349602058523
30.0,55.0,209.57760620117188,-1.2034234515468971,0.7430308923131923,-3.5112044090821017,-2.679625943968955,-1.4859544605392458,0.7008237889901245,0.0302477699241201,2.530165178186213,0.2254432496411395,2.078682998403177
30.0,55.0,262.9179077148437,-0.9391109084640024,0.6797087949740567,-4.111601741642644,-2.3000698770336268,-1.4991903001224878,0.5231833854320784,-0.0024491857493256,2.7031747050873243,0.2590100123505139,1.7831169464725047
30.0,55.0,227.75701904296875,-0.9792051486980742,0.6668289796043207,-3.226357363532365,-3.007240751307254,-2.456842984036727,0.4759042173200444,-0.0648306762697417,2.49157505107593,0.2590560882265491,2.1076353013395264
30.0,55.0,215.00582885742188,-1.3362269621506024,0.6909401133240985,-3.6958136060628175,-2.766535802928542,-1.578943155117534,0.5991151981177973,-0.0611612945314653,2.5056992509925267,0.0700747834210505,1.865374583499689
30.0,55.0,204.02066040039065,-0.5360788147725334,0.8220242529592233,-3.704448488474214,-2.572937615917462,-1.2930044406528134,0.727797274375178,-0.0293837418069484,2.572049976849279,0.2286212455722067,2.006856321185746
30.0,55.0,224.1871032714844,-0.9222807474828136,0.8585124425692048,-3.9199214865640295,-2.3342983995747173,-1.3158510254555804,0.7083652727456793,0.0474448717204234,2.58773014344418,0.2488446451687852,2.1385845193917
30.0,55.0,210.32589721679688,-0.464756598910195,0.7794550981436936,-3.628029593869376,-2.7315220874552244,-1.3746153300198394,0.6846674471006579,-0.0225581386003686,2.5889026008284888,0.2038190495791906,2.1795521493841084
30.0,55.0,211.8467254638672,-0.7477372598712155,0.6436859834828597,-3.462752233282377,-2.9250858721948507,-1.60780262608288,0.5310146488304917,-0.1403993425627469,2.580464045315256,0.1323395602747072,1.8916292211329224
30.0,56.0,214.22732543945312,-0.5709375357719852,0.6099977697356924,-3.140555826576952,-2.751540540879751,-1.5639863451240932,0.7150772700534826,-0.0298015949691891,2.517225884112829,0.2132561271602341,1.8995796105848937
30.0,56.0,203.5776824951172,-0.768387116687397,0.7384208718644991,-3.6775742120098114,-2.677739989124288,-1.4133818962659783,0.7461343815713738,-0.0314242144585147,2.5831514908754336,0.2473672341214235,2.0653194263588786
30.0,56.0,216.8951416015625,-0.8209688307021434,0.7380708179123863,-3.421735287255472,-2.590285251222465,-1.155161557111979,0.7342647559357545,-0.0585356627712509,2.540457390469685,0.2245473946276626,2.0744917312299864
30.0,56.0,205.40724182128903,-1.2471719392371754,0.7338063691250966,-3.6956164114227614,-2.6893020048638974,-1.4361633841990469,0.7509499775402746,-0.0265320376388999,2.5844589496606782,0.2214973721181175,2.0621365244733765
30.0,56.0,205.09112548828125,-1.1572419554538709,0.767902139530901,-3.308261460513854,-2.602973968785468,-1.2700557538681685,0.7536763229139203,0.0180286495065518,2.571401273934201,0.1970673817264065,2.063022415606615
30.0,56.0,210.597900390625,-0.7318280979898318,0.5914188254323861,-3.762520632782585,-2.804645763324062,-1.5552501707621134,0.7108059977869721,-0.0339586683914871,2.6116724728224123,0.1882452260922728,1.9445701194337384
30.0,56.0,235.06851196289065,-1.1928180229566985,0.7214958529698767,-3.7299425077344543,-3.485819821354569,-1.2889623560712973,0.6923328964208957,-0.0474505938113846,2.6572024767876967,0.2452580542532287,1.9322086455229963
30.0,56.0,202.96908569335932,-0.596234071643681,0.7846976132085869,-3.656508095706115,-2.7179815036117074,-1.3841671338694566,0.7348438993906392,-0.0285836543095157,2.5868253141516413,0.2447299163872075,2.070355369487193
30.0,56.0,203.4140472412109,-0.5678473708618155,0.7799693007154738,-3.6749830968560486,-2.725391649065348,-1.3797502672892723,0.7480700850134762,-0.0265029683648772,2.586302994710479,0.2283338142204806,2.0667280186433774
30.0,56.0,217.80987548828125,-0.7399219093249991,0.6265199654248446,-3.3812386568411683,-3.115740592719888,-2.4970438835882924,0.4187495791001843,-0.1164287251613381,2.541142812644273,0.2703581298861386,2.0687642066891287
30.0,56.0,203.93551635742188,-0.836930594060181,0.7834589647819618,-3.4909721873922126,-2.648098910029719,-1.341254100321929,0.7403541970509413,-0.0266811799881513,2.5885665711164005,0.2572116307061891,2.0700899918704856
30.0,56.0,240.17958068847656,-1.3345286420079658,0.6835516868925776,-3.746639772333718,-3.1762817802901115,-1.2464876029860226,0.8006940829756326,-0.0915212120896023,2.5938318411664363,0.2848721632363585,2.031668570634608
30.0,56.0,207.52395629882807,-1.0172369141889488,0.5097226488719611,-3.674337809841004,-2.8353189978585056,-1.3644168602548383,0.7515932251121955,-0.0172059671688819,2.580125632767812,0.2261450789481383,2.063133829032119
30.0,56.0,206.52899169921875,-0.7610077216956189,0.7873188272803618,-3.671011498341608,-2.797102779150619,-1.4672157645865391,0.7340733475992329,-0.0206439303635367,2.589550527467277,0.1709802727947255,1.8048162474363496
30.0,56.0,256.0018615722656,-0.6691380635419755,0.5827469437519147,-3.3790136906392485,-2.798258925925,-1.1114910743566462,0.854893571052213,-0.0112353143995043,2.4149559974209645,0.2105522727190908,2.2935689610566943
30.0,56.0,203.6602935791016,-1.254726376404085,0.7125155664595609,-3.707666905829853,-2.6955806254825507,-1.3802903658455987,0.7512400792514216,-0.0140717053441493,2.5845233329431867,0.2212652358131333,2.060685180311757
30.0,56.0,220.53668212890625,-1.2171966783311097,0.4756538204269566,-3.473961005955754,-3.088961056374514,-1.704597891261704,0.4920041034137272,-0.0918239354140258,2.562499878329205,0.3992523830963432,2.654374933471221
30.0,56.0,228.5635528564453,-0.3549994854249461,0.7788695945608625,-3.749652683533876,-3.240048907229221,-1.6722480013993102,0.6090439695604581,-0.0698225043228019,2.513660514978988,0.2551167529867592,2.193944748143837
30.0,56.0,245.9429931640625,-0.8483266135729868,0.6453986865434707,-3.506552371550096,-3.271625883978806,-2.56814784519429,0.2147286641374462,-0.1436646083617611,2.4296898910346845,0.2413711030766583,2.371772908737178
30.0,56.0,220.6161956787109,-0.9503927517081534,0.677458880081766,-3.4985466721108613,-3.1419557166689587,-2.6450864950941537,0.7657276416976995,-0.0800017667336136,2.591298282155937,0.2318220931468717,1.9778696258291708
30.0,56.0,209.95681762695312,-0.8546054761373488,0.5561256830121146,-3.5196763665523463,-2.9998356632825494,-1.6631055522139582,0.5872105304760162,-0.0307104087849592,2.588951662564981,0.2473229352094717,1.9606851088631445
30.0,56.0,205.87635803222656,-1.3025411224933796,0.6923380974972835,-3.456553956950128,-2.830680330342892,-1.4042578391412994,0.7281215353580567,-0.0295502834160407,2.593628736436953,0.1994573726537631,2.086608205675232
30.0,56.0,220.6445159912109,-1.6134177651461188,0.852509955050408,-3.7561168215695298,-2.423952296286082,-1.353474608805061,0.8137938627679311,-0.0400343974760885,2.5837281903190856,0.2061422638805313,2.151942851591269
30.0,56.0,205.0666046142578,-1.1845443985933988,0.700803757263604,-3.952121874349335,-2.4643146691599824,-1.274298511414923,0.7420774041366475,-0.0662084833539095,2.5733936463653886,0.2075128882354602,2.0449957298774586
30.0,56.0,221.88970947265625,-0.8733808561961942,0.7155497606499783,-3.4752829285551643,-2.6918855767736227,-1.6924920666992729,0.5277219818285475,-0.1793077577776774,2.5807317062418846,0.1613975901443036,1.763843010464756
30.0,56.0,222.95318603515625,-0.5512669439573012,0.6012298200372116,-3.5414423266019885,-3.004355636698193,-1.763108542797002,0.3498505683405848,-0.0814614354781405,2.566684407128737,0.1719927680650282,1.884386814440135
30.0,56.0,203.7299041748047,-1.4671963034076896,0.7718039591814964,-3.521820860113768,-2.7055890962796987,-1.3850800460590984,0.7492558679810841,0.0041742840984898,2.5864682179734686,0.2295821296873494,1.9406396168518183
30.0,56.0,240.0376892089844,-0.818985015422538,0.7325545795717203,-3.463958090524869,-3.1745869837099026,-1.9281247841715203,0.2058466922336207,-0.3766659363291286,2.6001316734345754,0.2265875295001577,2.1979228280822705
30.0,56.0,291.2152099609375,-0.4925722241072047,0.979423402732359,-3.605525640219117,-3.1749731558961845,-1.915760572200272,0.5698221181835107,-0.0820334709090166,2.7895552300879123,0.2353030132978962,2.6257327440521387
30.0,56.0,220.605712890625,-1.2895249897217784,0.6267801880458499,-3.669371183878931,-3.708187388611526,-1.371776205624486,0.7876874042806006,-0.1093378182371131,2.5556089237368944,0.217041584977199,1.9716464210471627
30.0,56.0,215.39306640625,-1.1157203663755917,0.7790458896506752,-3.41406183901339,-3.108727550208726,-1.5162109948725837,0.7200720108349982,0.0053589216862678,2.4851087726401384,0.2297207424083396,2.0489379459748887
30.0,56.0,260.75506591796875,-0.7235173814946477,0.2633142916060825,-3.729488048766044,-2.598819823759516,-1.5621266964312754,0.5837873023273118,-0.2228563854805409,2.2311934862750764,0.0184947537160842,1.5811522207979942
30.0,56.0,204.6615753173828,-0.5881550896358864,0.7674344455864472,-3.706109957006408,-2.5490152043218943,-1.384775274145316,0.7089915513049554,-0.019301064098781,2.568138754848365,0.2395113008345916,1.984760122398856
30.0,56.0,223.36575317382807,-0.629010906527848,0.7796718900631116,-3.737349692165163,-2.897480933730752,-1.4081473339722377,0.764954955976554,-0.0187631909813036,2.6116866874606024,0.1939822382158437,1.5666576641242311
30.0,56.0,241.38804626464844,-1.067201702703351,0.6023728035771788,-3.289428595837416,-3.2452188728246893,-1.7483562182775751,0.0453134475114543,-0.1885751098828854,2.5667959029030776,0.2398378622311989,2.110714050417245
30.0,56.0,214.98892211914065,-0.7512159825825386,0.6699478687378887,-2.74343829917212,-2.394965191926085,-1.4026515162668238,0.7895498350000281,-0.0238737891500623,2.5879517907992136,0.2403639734004579,1.921057656743706
30.0,56.0,245.99302673339844,-0.7494604562313425,0.5827624451646062,-3.1978432976312727,-2.930434860001456,-2.589522757468941,0.4511330050359632,-0.2349149109541924,2.459352546895984,0.2558733024443547,1.86071018527782
30.0,56.0,213.39453125,-0.677454921797442,0.5239078157027569,-3.6255810010738143,-2.855743792855663,-1.399999879801493,0.66407102189409,0.0366740582308147,2.589056390536872,0.292458637979307,2.1745045146165745
30.0,56.0,256.37762451171875,-1.1740985325224615,0.7032819505618381,-3.4066706406576484,-3.71611809466677,-1.557211301218996,0.5527160638726896,-0.3590757376082736,2.5580340375955064,0.079370969136926,2.0201833040629724
30.0,56.0,237.2328491210937,-1.428040425390325,0.6174814452730092,-3.5736048511054546,-3.410823463642112,-1.461635712523008,0.80848581446371,0.2139962644890252,2.6033857876251307,0.1762205424558912,1.9148313389189773
30.0,56.0,205.575927734375,-0.8160173862793221,0.5906195673798553,-3.5501247184478806,-2.9220737949502533,-1.5276746941164658,0.7254873283981647,-0.0189028447691116,2.5943872451814447,0.2168908645567235,1.9760531472632008
30.0,56.0,206.15182495117188,-1.021208591034679,0.50961503660092,-3.144610939529908,-2.765177086552761,-1.4071357512523337,0.6938978150236301,-0.0147396806557166,2.548052965813157,0.2183828022744247,1.9028349602058523
30.0,56.0,209.57760620117188,-1.2034234515468971,0.7430308923131923,-3.5112044090821017,-2.679625943968955,-1.4859544605392458,0.7008237889901245,0.0302477699241201,2.530165178186213,0.2254432496411395,2.078682998403177
30.0,56.0,262.9179077148437,-0.9391109084640024,0.6797087949740567,-4.111601741642644,-2.3000698770336268,-1.4991903001224878,0.5231833854320784,-0.0024491857493256,2.7031747050873243,0.2590100123505139,1.7831169464725047
30.0,56.0,216.57489013671875,-0.9800480581389956,0.769655144631543,-3.622013522902831,-2.758160641655706,-1.4783587107975318,0.5265168099230446,-0.0508870714293159,2.629359699278598,0.2397342443170531,2.07970420417083
30.0,56.0,215.00582885742188,-1.3362269621506024,0.6909401133240985,-3.6958136060628175,-2.766535802928542,-1.578943155117534,0.5991151981177973,-0.0611612945314653,2.5056992509925267,0.0700747834210505,1.865374583499689
30.0,56.0,204.02066040039065,-0.5360788147725334,0.8220242529592233,-3.704448488474214,-2.572937615917462,-1.2930044406528134,0.727797274375178,-0.0293837418069484,2.572049976849279,0.2286212455722067,2.006856321185746
30.0,56.0,224.1871032714844,-0.9222807474828136,0.8585124425692048,-3.9199214865640295,-2.3342983995747173,-1.3158510254555804,0.7083652727456793,0.0474448717204234,2.58773014344418,0.2488446451687852,2.1385845193917
30.0,56.0,205.20260620117188,-0.6026318969874942,0.7844482371744204,-3.604128543802107,-2.79176819710228,-1.3734117284267928,0.673319415802446,-0.0202046886738824,2.586519504600667,0.2476932194031063,2.093689135974819
30.0,56.0,211.8467254638672,-0.7477372598712155,0.6436859834828597,-3.462752233282377,-2.9250858721948507,-1.60780262608288,0.5310146488304917,-0.1403993425627469,2.580464045315256,0.1323395602747072,1.8916292211329224
30.0,57.0,214.22732543945312,-0.5709375357719852,0.6099977697356924,-3.140555826576952,-2.751540540879751,-1.5639863451240932,0.7150772700534826,-0.0298015949691891,2.517225884112829,0.2132561271602341,1.8995796105848937
30.0,57.0,203.5776824951172,-0.768387116687397,0.7384208718644991,-3.6775742120098114,-2.677739989124288,-1.4133818962659783,0.7461343815713738,-0.0314242144585147,2.5831514908754336,0.2473672341214235,2.0653194263588786
30.0,57.0,216.8951416015625,-0.8209688307021434,0.7380708179123863,-3.421735287255472,-2.590285251222465,-1.155161557111979,0.7342647559357545,-0.0585356627712509,2.540457390469685,0.2245473946276626,2.0744917312299864
30.0,57.0,205.40724182128903,-1.2471719392371754,0.7338063691250966,-3.6956164114227614,-2.6893020048638974,-1.4361633841990469,0.7509499775402746,-0.0265320376388999,2.5844589496606782,0.2214973721181175,2.0621365244733765
30.0,57.0,205.09112548828125,-1.1572419554538709,0.767902139530901,-3.308261460513854,-2.602973968785468,-1.2700557538681685,0.7536763229139203,0.0180286495065518,2.571401273934201,0.1970673817264065,2.063022415606615
30.0,57.0,210.597900390625,-0.7318280979898318,0.5914188254323861,-3.762520632782585,-2.804645763324062,-1.5552501707621134,0.7108059977869721,-0.0339586683914871,2.6116724728224123,0.1882452260922728,1.9445701194337384
30.0,57.0,214.14028930664065,-1.1434842733221384,0.7467011545083976,-3.61566340994263,-2.397656549818283,-1.3194626883827023,0.7445831591880623,-0.0235240708782619,2.572376291744031,0.2525925611316618,2.0353215430454794
30.0,57.0,202.96908569335932,-0.596234071643681,0.7846976132085869,-3.656508095706115,-2.7179815036117074,-1.3841671338694566,0.7348438993906392,-0.0285836543095157,2.5868253141516413,0.2447299163872075,2.070355369487193
30.0,57.0,203.4140472412109,-0.5678473708618155,0.7799693007154738,-3.6749830968560486,-2.725391649065348,-1.3797502672892723,0.7480700850134762,-0.0265029683648772,2.586302994710479,0.2283338142204806,2.0667280186433774
30.0,57.0,217.80987548828125,-0.7399219093249991,0.6265199654248446,-3.3812386568411683,-3.115740592719888,-2.4970438835882924,0.4187495791001843,-0.1164287251613381,2.541142812644273,0.2703581298861386,2.0687642066891287
30.0,57.0,203.93551635742188,-0.836930594060181,0.7834589647819618,-3.4909721873922126,-2.648098910029719,-1.341254100321929,0.7403541970509413,-0.0266811799881513,2.5885665711164005,0.2572116307061891,2.0700899918704856
30.0,57.0,229.62973022460932,-0.8289017359226194,0.7464989683373164,-3.6865916915535295,-2.433490217711669,-1.3909685661391895,0.9043174858317876,0.159010170009252,2.589883235762803,0.2077556498903224,2.0144673940528834
30.0,57.0,207.52395629882807,-1.0172369141889488,0.5097226488719611,-3.674337809841004,-2.8353189978585056,-1.3644168602548383,0.7515932251121955,-0.0172059671688819,2.580125632767812,0.2261450789481383,2.063133829032119
30.0,57.0,206.52899169921875,-0.7610077216956189,0.7873188272803618,-3.671011498341608,-2.797102779150619,-1.4672157645865391,0.7340733475992329,-0.0206439303635367,2.589550527467277,0.1709802727947255,1.8048162474363496
30.0,57.0,221.4112243652344,-0.3577889705867167,0.8293934806643648,-3.3979003253151454,-2.7654536822693285,-1.6698577467448548,0.6572926121331348,0.0036915510580502,2.630194871551593,0.2211682507633885,2.2321347321959304
30.0,57.0,203.6602935791016,-1.254726376404085,0.7125155664595609,-3.707666905829853,-2.6955806254825507,-1.3802903658455987,0.7512400792514216,-0.0140717053441493,2.5845233329431867,0.2212652358131333,2.060685180311757
30.0,57.0,220.53668212890625,-1.2171966783311097,0.4756538204269566,-3.473961005955754,-3.088961056374514,-1.704597891261704,0.4920041034137272,-0.0918239354140258,2.562499878329205,0.3992523830963432,2.654374933471221
30.0,57.0,228.5635528564453,-0.3549994854249461,0.7788695945608625,-3.749652683533876,-3.240048907229221,-1.6722480013993102,0.6090439695604581,-0.0698225043228019,2.513660514978988,0.2551167529867592,2.193944748143837
30.0,57.0,245.9429931640625,-0.8483266135729868,0.6453986865434707,-3.506552371550096,-3.271625883978806,-2.56814784519429,0.2147286641374462,-0.1436646083617611,2.4296898910346845,0.2413711030766583,2.371772908737178
30.0,57.0,220.6161956787109,-0.9503927517081534,0.677458880081766,-3.4985466721108613,-3.1419557166689587,-2.6450864950941537,0.7657276416976995,-0.0800017667336136,2.591298282155937,0.2318220931468717,1.9778696258291708
30.0,57.0,209.95681762695312,-0.8546054761373488,0.5561256830121146,-3.5196763665523463,-2.9998356632825494,-1.6631055522139582,0.5872105304760162,-0.0307104087849592,2.588951662564981,0.2473229352094717,1.9606851088631445
30.0,57.0,205.87635803222656,-1.3025411224933796,0.6923380974972835,-3.456553956950128,-2.830680330342892,-1.4042578391412994,0.7281215353580567,-0.0295502834160407,2.593628736436953,0.1994573726537631,2.086608205675232
30.0,57.0,220.6445159912109,-1.6134177651461188,0.852509955050408,-3.7561168215695298,-2.423952296286082,-1.353474608805061,0.8137938627679311,-0.0400343974760885,2.5837281903190856,0.2061422638805313,2.151942851591269
30.0,57.0,205.0666046142578,-1.1845443985933988,0.700803757263604,-3.952121874349335,-2.4643146691599824,-1.274298511414923,0.7420774041366475,-0.0662084833539095,2.5733936463653886,0.2075128882354602,2.0449957298774586
30.0,57.0,212.0033721923828,-0.8813850480789237,0.7156236336710075,-2.8867299281643435,-2.6508082527114425,-1.298193516055492,0.6969291455196953,-0.0438067243389636,2.592153809892498,0.1782040732178845,1.7691983352163718
30.0,57.0,222.95318603515625,-0.5512669439573012,0.6012298200372116,-3.5414423266019885,-3.004355636698193,-1.763108542797002,0.3498505683405848,-0.0814614354781405,2.566684407128737,0.1719927680650282,1.884386814440135
30.0,57.0,203.7299041748047,-1.4671963034076896,0.7718039591814964,-3.521820860113768,-2.7055890962796987,-1.3850800460590984,0.7492558679810841,0.0041742840984898,2.5864682179734686,0.2295821296873494,1.9406396168518183
30.0,57.0,240.0376892089844,-0.818985015422538,0.7325545795717203,-3.463958090524869,-3.1745869837099026,-1.9281247841715203,0.2058466922336207,-0.3766659363291286,2.6001316734345754,0.2265875295001577,2.1979228280822705
30.0,57.0,291.2152099609375,-0.4925722241072047,0.979423402732359,-3.605525640219117,-3.1749731558961845,-1.915760572200272,0.5698221181835107,-0.0820334709090166,2.7895552300879123,0.2353030132978962,2.6257327440521387
30.0,57.0,220.605712890625,-1.2895249897217784,0.6267801880458499,-3.669371183878931,-3.708187388611526,-1.371776205624486,0.7876874042806006,-0.1093378182371131,2.5556089237368944,0.217041584977199,1.9716464210471627
30.0,57.0,215.39306640625,-1.1157203663755917,0.7790458896506752,-3.41406183901339,-3.108727550208726,-1.5162109948725837,0.7200720108349982,0.0053589216862678,2.4851087726401384,0.2297207424083396,2.0489379459748887
30.0,57.0,260.75506591796875,-0.7235173814946477,0.2633142916060825,-3.729488048766044,-2.598819823759516,-1.5621266964312754,0.5837873023273118,-0.2228563854805409,2.2311934862750764,0.0184947537160842,1.5811522207979942
30.0,57.0,204.6615753173828,-0.5881550896358864,0.7674344455864472,-3.706109957006408,-2.5490152043218943,-1.384775274145316,0.7089915513049554,-0.019301064098781,2.568138754848365,0.2395113008345916,1.984760122398856
30.0,57.0,223.36575317382807,-0.629010906527848,0.7796718900631116,-3.737349692165163,-2.897480933730752,-1.4081473339722377,0.764954955976554,-0.0187631909813036,2.6116866874606024,0.1939822382158437,1.5666576641242311
30.0,57.0,239.3764038085937,-1.1081436284250072,0.6309275057390885,-3.236023682160483,-3.456376466556208,-1.8517789869340189,0.7152810444529152,-0.1465231063496614,2.47965412754661,0.2469427319159217,2.060292557668716
30.0,57.0,214.98892211914065,-0.7512159825825386,0.6699478687378887,-2.74343829917212,-2.394965191926085,-1.4026515162668238,0.7895498350000281,-0.0238737891500623,2.5879517907992136,0.2403639734004579,1.921057656743706
30.0,57.0,245.99302673339844,-0.7494604562313425,0.5827624451646062,-3.1978432976312727,-2.930434860001456,-2.589522757468941,0.4511330050359632,-0.2349149109541924,2.459352546895984,0.2558733024443547,1.86071018527782
30.0,57.0,213.39453125,-0.677454921797442,0.5239078157027569,-3.6255810010738143,-2.855743792855663,-1.399999879801493,0.66407102189409,0.0366740582308147,2.589056390536872,0.292458637979307,2.1745045146165745
30.0,57.0,256.37762451171875,-1.1740985325224615,0.7032819505618381,-3.4066706406576484,-3.71611809466677,-1.557211301218996,0.5527160638726896,-0.3590757376082736,2.5580340375955064,0.079370969136926,2.0201833040629724
30.0,57.0,237.2328491210937,-1.428040425390325,0.6174814452730092,-3.5736048511054546,-3.410823463642112,-1.461635712523008,0.80848581446371,0.2139962644890252,2.6033857876251307,0.1762205424558912,1.9148313389189773
30.0,57.0,205.575927734375,-0.8160173862793221,0.5906195673798553,-3.5501247184478806,-2.9220737949502533,-1.5276746941164658,0.7254873283981647,-0.0189028447691116,2.5943872451814447,0.2168908645567235,1.9760531472632008
30.0,57.0,206.15182495117188,-1.021208591034679,0.50961503660092,-3.144610939529908,-2.765177086552761,-1.4071357512523337,0.6938978150236301,-0.0147396806557166,2.548052965813157,0.2183828022744247,1.9028349602058523
30.0,57.0,209.57760620117188,-1.2034234515468971,0.7430308923131923,-3.5112044090821017,-2.679625943968955,-1.4859544605392458,0.7008237889901245,0.0302477699241201,2.530165178186213,0.2254432496411395,2.078682998403177
30.0,57.0,262.9179077148437,-0.9391109084640024,0.6797087949740567,-4.111601741642644,-2.3000698770336268,-1.4991903001224878,0.5231833854320784,-0.0024491857493256,2.7031747050873243,0.2590100123505139,1.7831169464725047
30.0,57.0,216.57489013671875,-0.9800480581389956,0.769655144631543,-3.622013522902831,-2.758160641655706,-1.4783587107975318,0.5265168099230446,-0.0508870714293159,2.629359699278598,0.2397342443170531,2.07970420417083
30.0,57.0,215.00582885742188,-1.3362269621506024,0.6909401133240985,-3.6958136060628175,-2.766535802928542,-1.578943155117534,0.5991151981177973,-0.0611612945314653,2.5056992509925267,0.0700747834210505,1.865374583499689
30.0,57.0,204.02066040039065,-0.5360788147725334,0.8220242529592233,-3.704448488474214,-2.572937615917462,-1.2930044406528134,0.727797274375178,-0.0293837418069484,2.572049976849279,0.2286212455722067,2.006856321185746
30.0,57.0,224.1871032714844,-0.9222807474828136,0.8585124425692048,-3.9199214865640295,-2.3342983995747173,-1.3158510254555804,0.7083652727456793,0.0474448717204234,2.58773014344418,0.2488446451687852,2.1385845193917
30.0,57.0,205.047607421875,-0.6609559854213537,0.7871131318435379,-3.5999991813568446,-2.77458827519174,-1.387742524160843,0.7056590435064164,-0.0314407563718354,2.5859177673965985,0.2640673916392313,2.030959219546158
30.0,57.0,209.4955139160156,-0.6950121509787272,0.7309393743463216,-3.288309061929061,-2.749224267236279,-1.5294276555058492,0.7644046287054563,-0.064038077306502,2.580046702672267,0.2333099207198582,2.153511050107072
30.0,58.0,214.22732543945312,-0.5709375357719852,0.6099977697356924,-3.140555826576952,-2.751540540879751,-1.5639863451240932,0.7150772700534826,-0.0298015949691891,2.517225884112829,0.2132561271602341,1.8995796105848937
30.0,58.0,203.5776824951172,-0.768387116687397,0.7384208718644991,-3.6775742120098114,-2.677739989124288,-1.4133818962659783,0.7461343815713738,-0.0314242144585147,2.5831514908754336,0.2473672341214235,2.0653194263588786
30.0,58.0,216.8951416015625,-0.8209688307021434,0.7380708179123863,-3.421735287255472,-2.590285251222465,-1.155161557111979,0.7342647559357545,-0.0585356627712509,2.540457390469685,0.2245473946276626,2.0744917312299864
30.0,58.0,205.40724182128903,-1.2471719392371754,0.7338063691250966,-3.6956164114227614,-2.6893020048638974,-1.4361633841990469,0.7509499775402746,-0.0265320376388999,2.5844589496606782,0.2214973721181175,2.0621365244733765
30.0,58.0,203.8832092285156,-1.4790613265445376,0.7732738784922106,-3.3582703227624244,-2.695334901826924,-1.3453112019984668,0.7075198587616528,-0.0020897764918419,2.575840366118009,0.2040841445302196,2.0670954059278106
30.0,58.0,210.597900390625,-0.7318280979898318,0.5914188254323861,-3.762520632782585,-2.804645763324062,-1.5552501707621134,0.7108059977869721,-0.0339586683914871,2.6116724728224123,0.1882452260922728,1.9445701194337384
30.0,58.0,214.14028930664065,-1.1434842733221384,0.7467011545083976,-3.61566340994263,-2.397656549818283,-1.3194626883827023,0.7445831591880623,-0.0235240708782619,2.572376291744031,0.2525925611316618,2.0353215430454794
30.0,58.0,202.96908569335932,-0.596234071643681,0.7846976132085869,-3.656508095706115,-2.7179815036117074,-1.3841671338694566,0.7348438993906392,-0.0285836543095157,2.5868253141516413,0.2447299163872075,2.070355369487193
30.0,58.0,203.4140472412109,-0.5678473708618155,0.7799693007154738,-3.6749830968560486,-2.725391649065348,-1.3797502672892723,0.7480700850134762,-0.0265029683648772,2.586302994710479,0.2283338142204806,2.0667280186433774
30.0,58.0,217.80987548828125,-0.7399219093249991,0.6265199654248446,-3.3812386568411683,-3.115740592719888,-2.4970438835882924,0.4187495791001843,-0.1164287251613381,2.541142812644273,0.2703581298861386,2.0687642066891287
30.0,58.0,203.93551635742188,-0.836930594060181,0.7834589647819618,-3.4909721873922126,-2.648098910029719,-1.341254100321929,0.7403541970509413,-0.0266811799881513,2.5885665711164005,0.2572116307061891,2.0700899918704856
30.0,58.0,229.62973022460932,-0.8289017359226194,0.7464989683373164,-3.6865916915535295,-2.433490217711669,-1.3909685661391895,0.9043174858317876,0.159010170009252,2.589883235762803,0.2077556498903224,2.0144673940528834
30.0,58.0,207.52395629882807,-1.0172369141889488,0.5097226488719611,-3.674337809841004,-2.8353189978585056,-1.3644168602548383,0.7515932251121955,-0.0172059671688819,2.580125632767812,0.2261450789481383,2.063133829032119
30.0,58.0,206.52899169921875,-0.7610077216956189,0.7873188272803618,-3.671011498341608,-2.797102779150619,-1.4672157645865391,0.7340733475992329,-0.0206439303635367,2.589550527467277,0.1709802727947255,1.8048162474363496
30.0,58.0,221.4112243652344,-0.3577889705867167,0.8293934806643648,-3.3979003253151454,-2.7654536822693285,-1.6698577467448548,0.6572926121331348,0.0036915510580502,2.630194871551593,0.2211682507633885,2.2321347321959304
30.0,58.0,203.6602935791016,-1.254726376404085,0.7125155664595609,-3.707666905829853,-2.6955806254825507,-1.3802903658455987,0.7512400792514216,-0.0140717053441493,2.5845233329431867,0.2212652358131333,2.060685180311757
30.0,58.0,220.53668212890625,-1.2171966783311097,0.4756538204269566,-3.473961005955754,-3.088961056374514,-1.704597891261704,0.4920041034137272,-0.0918239354140258,2.562499878329205,0.3992523830963432,2.654374933471221
30.0,58.0,228.5635528564453,-0.3549994854249461,0.7788695945608625,-3.749652683533876,-3.240048907229221,-1.6722480013993102,0.6090439695604581,-0.0698225043228019,2.513660514978988,0.2551167529867592,2.193944748143837
30.0,58.0,245.9429931640625,-0.8483266135729868,0.6453986865434707,-3.506552371550096,-3.271625883978806,-2.56814784519429,0.2147286641374462,-0.1436646083617611,2.4296898910346845,0.2413711030766583,2.371772908737178
30.0,58.0,220.6161956787109,-0.9503927517081534,0.677458880081766,-3.4985466721108613,-3.1419557166689587,-2.6450864950941537,0.7657276416976995,-0.0800017667336136,2.591298282155937,0.2318220931468717,1.9778696258291708
30.0,58.0,209.95681762695312,-0.8546054761373488,0.5561256830121146,-3.5196763665523463,-2.9998356632825494,-1.6631055522139582,0.5872105304760162,-0.0307104087849592,2.588951662564981,0.2473229352094717,1.9606851088631445
30.0,58.0,205.87635803222656,-1.3025411224933796,0.6923380974972835,-3.456553956950128,-2.830680330342892,-1.4042578391412994,0.7281215353580567,-0.0295502834160407,2.593628736436953,0.1994573726537631,2.086608205675232
30.0,58.0,205.4263153076172,-1.0610826982318322,0.7387432132212964,-3.5269101097837323,-2.588175478326636,-1.3746018730768372,0.7544874944278932,-0.0259144887775997,2.5909527780546773,0.210068459110206,2.063579531483645
30.0,58.0,205.0666046142578,-1.1845443985933988,0.700803757263604,-3.952121874349335,-2.4643146691599824,-1.274298511414923,0.7420774041366475,-0.0662084833539095,2.5733936463653886,0.2075128882354602,2.0449957298774586
30.0,58.0,212.0033721923828,-0.8813850480789237,0.7156236336710075,-2.8867299281643435,-2.6508082527114425,-1.298193516055492,0.6969291455196953,-0.0438067243389636,2.592153809892498,0.1782040732178845,1.7691983352163718
30.0,58.0,218.27413940429688,-0.7069106438625752,0.5034288113293806,-3.551035952586673,-2.611204380676856,-1.5138673603253183,0.5280995513142707,-0.0529335301283987,2.566053045436146,0.1844313396332098,1.9770220909537648
30.0,58.0,203.7299041748047,-1.4671963034076896,0.7718039591814964,-3.521820860113768,-2.7055890962796987,-1.3850800460590984,0.7492558679810841,0.0041742840984898,2.5864682179734686,0.2295821296873494,1.9406396168518183
30.0,58.0,240.0376892089844,-0.818985015422538,0.7325545795717203,-3.463958090524869,-3.1745869837099026,-1.9281247841715203,0.2058466922336207,-0.3766659363291286,2.6001316734345754,0.2265875295001577,2.1979228280822705
30.0,58.0,291.2152099609375,-0.4925722241072047,0.979423402732359,-3.605525640219117,-3.1749731558961845,-1.915760572200272,0.5698221181835107,-0.0820334709090166,2.7895552300879123,0.2353030132978962,2.6257327440521387
30.0,58.0,220.605712890625,-1.2895249897217784,0.6267801880458499,-3.669371183878931,-3.708187388611526,-1.371776205624486,0.7876874042806006,-0.1093378182371131,2.5556089237368944,0.217041584977199,1.9716464210471627
30.0,58.0,215.39306640625,-1.1157203663755917,0.7790458896506752,-3.41406183901339,-3.108727550208726,-1.5162109948725837,0.7200720108349982,0.0053589216862678,2.4851087726401384,0.2297207424083396,2.0489379459748887
30.0,58.0,260.75506591796875,-0.7235173814946477,0.2633142916060825,-3.729488048766044,-2.598819823759516,-1.5621266964312754,0.5837873023273118,-0.2228563854805409,2.2311934862750764,0.0184947537160842,1.5811522207979942
30.0,58.0,204.6615753173828,-0.5881550896358864,0.7674344455864472,-3.706109957006408,-2.5490152043218943,-1.384775274145316,0.7089915513049554,-0.019301064098781,2.568138754848365,0.2395113008345916,1.984760122398856
30.0,58.0,217.53952026367188,-0.6088654384628776,0.8298699740064607,-3.8424246101091017,-2.892241097642129,-1.389256613983513,0.7022469135226689,-0.0060202530265598,2.591475095937372,0.1257291691892792,1.832918764555055
30.0,58.0,239.3764038085937,-1.1081436284250072,0.6309275057390885,-3.236023682160483,-3.456376466556208,-1.8517789869340189,0.7152810444529152,-0.1465231063496614,2.47965412754661,0.2469427319159217,2.060292557668716
30.0,58.0,214.98892211914065,-0.7512159825825386,0.6699478687378887,-2.74343829917212,-2.394965191926085,-1.4026515162668238,0.7895498350000281,-0.0238737891500623,2.5879517907992136,0.2403639734004579,1.921057656743706
30.0,58.0,245.99302673339844,-0.7494604562313425,0.5827624451646062,-3.1978432976312727,-2.930434860001456,-2.589522757468941,0.4511330050359632,-0.2349149109541924,2.459352546895984,0.2558733024443547,1.86071018527782
30.0,58.0,213.39453125,-0.677454921797442,0.5239078157027569,-3.6255810010738143,-2.855743792855663,-1.399999879801493,0.66407102189409,0.0366740582308147,2.589056390536872,0.292458637979307,2.1745045146165745
30.0,58.0,256.37762451171875,-1.1740985325224615,0.7032819505618381,-3.4066706406576484,-3.71611809466677,-1.557211301218996,0.5527160638726896,-0.3590757376082736,2.5580340375955064,0.079370969136926,2.0201833040629724
30.0,58.0,237.2328491210937,-1.428040425390325,0.6174814452730092,-3.5736048511054546,-3.410823463642112,-1.461635712523008,0.80848581446371,0.2139962644890252,2.6033857876251307,0.1762205424558912,1.9148313389189773
30.0,58.0,205.575927734375,-0.8160173862793221,0.5906195673798553,-3.5501247184478806,-2.9220737949502533,-1.5276746941164658,0.7254873283981647,-0.0189028447691116,2.5943872451814447,0.2168908645567235,1.9760531472632008
30.0,58.0,206.15182495117188,-1.021208591034679,0.50961503660092,-3.144610939529908,-2.765177086552761,-1.4071357512523337,0.6938978150236301,-0.0147396806557166,2.548052965813157,0.2183828022744247,1.9028349602058523
30.0,58.0,209.57760620117188,-1.2034234515468971,0.7430308923131923,-3.5112044090821017,-2.679625943968955,-1.4859544605392458,0.7008237889901245,0.0302477699241201,2.530165178186213,0.2254432496411395,2.078682998403177
30.0,58.0,262.9179077148437,-0.9391109084640024,0.6797087949740567,-4.111601741642644,-2.3000698770336268,-1.4991903001224878,0.5231833854320784,-0.0024491857493256,2.7031747050873243,0.2590100123505139,1.7831169464725047
30.0,58.0,216.57489013671875,-0.9800480581389956,0.769655144631543,-3.622013522902831,-2.758160641655706,-1.4783587107975318,0.5265168099230446,-0.0508870714293159,2.629359699278598,0.2397342443170531,2.07970420417083
30.0,58.0,215.00582885742188,-1.3362269621506024,0.6909401133240985,-3.6958136060628175,-2.766535802928542,-1.578943155117534,0.5991151981177973,-0.0611612945314653,2.5056992509925267,0.0700747834210505,1.865374583499689
30.0,58.0,204.02066040039065,-0.5360788147725334,0.8220242529592233,-3.704448488474214,-2.572937615917462,-1.2930044406528134,0.727797274375178,-0.0293837418069484,2.572049976849279,0.2286212455722067,2.006856321185746
30.0,58.0,224.1871032714844,-0.9222807474828136,0.8585124425692048,-3.9199214865640295,-2.3342983995747173,-1.3158510254555804,0.7083652727456793,0.0474448717204234,2.58773014344418,0.2488446451687852,2.1385845193917
30.0,58.0,205.047607421875,-0.6609559854213537,0.7871131318435379,-3.5999991813568446,-2.77458827519174,-1.387742524160843,0.7056590435064164,-0.0314407563718354,2.5859177673965985,0.2640673916392313,2.030959219546158
30.0,58.0,209.4955139160156,-0.6950121509787272,0.7309393743463216,-3.288309061929061,-2.749224267236279,-1.5294276555058492,0.7644046287054563,-0.064038077306502,2.580046702672267,0.2333099207198582,2.153511050107072
30.0,59.0,214.22732543945312,-0.5709375357719852,0.6099977697356924,-3.140555826576952,-2.751540540879751,-1.5639863451240932,0.7150772700534826,-0.0298015949691891,2.517225884112829,0.2132561271602341,1.8995796105848937
30.0,59.0,203.5776824951172,-0.768387116687397,0.7384208718644991,-3.6775742120098114,-2.677739989124288,-1.4133818962659783,0.7461343815713738,-0.0314242144585147,2.5831514908754336,0.2473672341214235,2.0653194263588786
30.0,59.0,216.8951416015625,-0.8209688307021434,0.7380708179123863,-3.421735287255472,-2.590285251222465,-1.155161557111979,0.7342647559357545,-0.0585356627712509,2.540457390469685,0.2245473946276626,2.0744917312299864
30.0,59.0,205.40724182128903,-1.2471719392371754,0.7338063691250966,-3.6956164114227614,-2.6893020048638974,-1.4361633841990469,0.7509499775402746,-0.0265320376388999,2.5844589496606782,0.2214973721181175,2.0621365244733765
30.0,59.0,203.8832092285156,-1.4790613265445376,0.7732738784922106,-3.3582703227624244,-2.695334901826924,-1.3453112019984668,0.7075198587616528,-0.0020897764918419,2.575840366118009,0.2040841445302196,2.0670954059278106
30.0,59.0,210.597900390625,-0.7318280979898318,0.5914188254323861,-3.762520632782585,-2.804645763324062,-1.5552501707621134,0.7108059977869721,-0.0339586683914871,2.6116724728224123,0.1882452260922728,1.9445701194337384
30.0,59.0,214.14028930664065,-1.1434842733221384,0.7467011545083976,-3.61566340994263,-2.397656549818283,-1.3194626883827023,0.7445831591880623,-0.0235240708782619,2.572376291744031,0.2525925611316618,2.0353215430454794
30.0,59.0,202.96908569335932,-0.596234071643681,0.7846976132085869,-3.656508095706115,-2.7179815036117074,-1.3841671338694566,0.7348438993906392,-0.0285836543095157,2.5868253141516413,0.2447299163872075,2.070355369487193
30.0,59.0,203.4140472412109,-0.5678473708618155,0.7799693007154738,-3.6749830968560486,-2.725391649065348,-1.3797502672892723,0.7480700850134762,-0.0265029683648772,2.586302994710479,0.2283338142204806,2.0667280186433774
30.0,59.0,217.80987548828125,-0.7399219093249991,0.6265199654248446,-3.3812386568411683,-3.115740592719888,-2.4970438835882924,0.4187495791001843,-0.1164287251613381,2.541142812644273,0.2703581298861386,2.0687642066891287
30.0,59.0,201.7044219970703,-0.6552952230338768,0.789537644755984,-3.131677153117997,-2.725862189701337,-1.327890814222953,0.7257755438118074,-0.0264966475501739,2.5879562114865826,0.2411740536822892,2.06908069814025
30.0,59.0,215.97982788085932,-0.5651244519905764,0.7942173504368707,-3.630474703778904,-2.6939116347862413,-1.3803549559516537,0.9266561928960172,0.0693739678619915,2.5913866947701454,0.2368418839044089,2.059473745536561
30.0,59.0,207.52395629882807,-1.0172369141889488,0.5097226488719611,-3.674337809841004,-2.8353189978585056,-1.3644168602548383,0.7515932251121955,-0.0172059671688819,2.580125632767812,0.2261450789481383,2.063133829032119
30.0,59.0,206.52899169921875,-0.7610077216956189,0.7873188272803618,-3.671011498341608,-2.797102779150619,-1.4672157645865391,0.7340733475992329,-0.0206439303635367,2.589550527467277,0.1709802727947255,1.8048162474363496
30.0,59.0,221.4112243652344,-0.3577889705867167,0.8293934806643648,-3.3979003253151454,-2.7654536822693285,-1.6698577467448548,0.6572926121331348,0.0036915510580502,2.630194871551593,0.2211682507633885,2.2321347321959304
30.0,59.0,203.6602935791016,-1.254726376404085,0.7125155664595609,-3.707666905829853,-2.6955806254825507,-1.3802903658455987,0.7512400792514216,-0.0140717053441493,2.5845233329431867,0.2212652358131333,2.060685180311757
30.0,59.0,220.53668212890625,-1.2171966783311097,0.4756538204269566,-3.473961005955754,-3.088961056374514,-1.704597891261704,0.4920041034137272,-0.0918239354140258,2.562499878329205,0.3992523830963432,2.654374933471221
30.0,59.0,228.5635528564453,-0.3549994854249461,0.7788695945608625,-3.749652683533876,-3.240048907229221,-1.6722480013993102,0.6090439695604581,-0.0698225043228019,2.513660514978988,0.2551167529867592,2.193944748143837
30.0,59.0,245.9429931640625,-0.8483266135729868,0.6453986865434707,-3.506552371550096,-3.271625883978806,-2.56814784519429,0.2147286641374462,-0.1436646083617611,2.4296898910346845,0.2413711030766583,2.371772908737178
30.0,59.0,220.6161956787109,-0.9503927517081534,0.677458880081766,-3.4985466721108613,-3.1419557166689587,-2.6450864950941537,0.7657276416976995,-0.0800017667336136,2.591298282155937,0.2318220931468717,1.9778696258291708
30.0,59.0,209.95681762695312,-0.8546054761373488,0.5561256830121146,-3.5196763665523463,-2.9998356632825494,-1.6631055522139582,0.5872105304760162,-0.0307104087849592,2.588951662564981,0.2473229352094717,1.9606851088631445
30.0,59.0,205.87635803222656,-1.3025411224933796,0.6923380974972835,-3.456553956950128,-2.830680330342892,-1.4042578391412994,0.7281215353580567,-0.0295502834160407,2.593628736436953,0.1994573726537631,2.086608205675232
30.0,59.0,205.4263153076172,-1.0610826982318322,0.7387432132212964,-3.5269101097837323,-2.588175478326636,-1.3746018730768372,0.7544874944278932,-0.0259144887775997,2.5909527780546773,0.210068459110206,2.063579531483645
30.0,59.0,205.0666046142578,-1.1845443985933988,0.700803757263604,-3.952121874349335,-2.4643146691599824,-1.274298511414923,0.7420774041366475,-0.0662084833539095,2.5733936463653886,0.2075128882354602,2.0449957298774586
30.0,59.0,210.98074340820312,-0.502447929530058,0.7976105456118544,-3.182183584165597,-2.6619277676548454,-1.383076032000186,0.8191110151903969,-0.0878203005987974,2.549807925360932,0.2373785208052922,2.240481900897391
30.0,59.0,216.52218627929688,-0.5683720702651482,0.702300370457382,-3.6693246350626856,-2.4843626093965376,-1.4036139042350797,0.8065975231879565,-0.0404232044992309,2.608402304241778,0.2014278760248643,2.125030147540836
30.0,59.0,203.7299041748047,-1.4671963034076896,0.7718039591814964,-3.521820860113768,-2.7055890962796987,-1.3850800460590984,0.7492558679810841,0.0041742840984898,2.5864682179734686,0.2295821296873494,1.9406396168518183
30.0,59.0,240.0376892089844,-0.818985015422538,0.7325545795717203,-3.463958090524869,-3.1745869837099026,-1.9281247841715203,0.2058466922336207,-0.3766659363291286,2.6001316734345754,0.2265875295001577,2.1979228280822705
30.0,59.0,291.2152099609375,-0.4925722241072047,0.979423402732359,-3.605525640219117,-3.1749731558961845,-1.915760572200272,0.5698221181835107,-0.0820334709090166,2.7895552300879123,0.2353030132978962,2.6257327440521387
30.0,59.0,220.605712890625,-1.2895249897217784,0.6267801880458499,-3.669371183878931,-3.708187388611526,-1.371776205624486,0.7876874042806006,-0.1093378182371131,2.5556089237368944,0.217041584977199,1.9716464210471627
30.0,59.0,210.02865600585932,-0.8580111126169524,0.7817574778197114,-3.3139554907647666,-2.747140032872876,-1.527584908101148,0.7203383849461824,0.0051663944622394,2.5105962979010927,0.2203589910254215,2.0933798890874407
30.0,59.0,260.75506591796875,-0.7235173814946477,0.2633142916060825,-3.729488048766044,-2.598819823759516,-1.5621266964312754,0.5837873023273118,-0.2228563854805409,2.2311934862750764,0.0184947537160842,1.5811522207979942
30.0,59.0,204.6615753173828,-0.5881550896358864,0.7674344455864472,-3.706109957006408,-2.5490152043218943,-1.384775274145316,0.7089915513049554,-0.019301064098781,2.568138754848365,0.2395113008345916,1.984760122398856
30.0,59.0,211.80484008789065,-0.5958352345030807,0.7958190522268157,-3.872871263544437,-2.664940679581518,-1.3872294604356326,0.7314589599245824,-0.0091777602584278,2.5841274354420367,0.2894400661662744,1.986701785640108
30.0,59.0,223.3937225341797,-0.7220230017152024,0.6812922196366334,-3.5324861588097702,-3.0660296883263336,-1.3852723689352235,0.7903403664750774,-0.1482887781496653,2.59842436607156,0.2537285501601596,2.0616581790545783
30.0,59.0,214.98892211914065,-0.7512159825825386,0.6699478687378887,-2.74343829917212,-2.394965191926085,-1.4026515162668238,0.7895498350000281,-0.0238737891500623,2.5879517907992136,0.2403639734004579,1.921057656743706
30.0,59.0,245.99302673339844,-0.7494604562313425,0.5827624451646062,-3.1978432976312727,-2.930434860001456,-2.589522757468941,0.4511330050359632,-0.2349149109541924,2.459352546895984,0.2558733024443547,1.86071018527782
30.0,59.0,210.119873046875,-0.7610068930568665,0.5642124147423887,-3.726421416211226,-2.7995431788777383,-1.3708891968054873,0.679066308131347,0.0234932080174868,2.5843400721228726,0.297657964549431,2.1950618999519365
30.0,59.0,256.37762451171875,-1.1740985325224615,0.7032819505618381,-3.4066706406576484,-3.71611809466677,-1.557211301218996,0.5527160638726896,-0.3590757376082736,2.5580340375955064,0.079370969136926,2.0201833040629724
30.0,59.0,237.2328491210937,-1.428040425390325,0.6174814452730092,-3.5736048511054546,-3.410823463642112,-1.461635712523008,0.80848581446371,0.2139962644890252,2.6033857876251307,0.1762205424558912,1.9148313389189773
30.0,59.0,205.575927734375,-0.8160173862793221,0.5906195673798553,-3.5501247184478806,-2.9220737949502533,-1.5276746941164658,0.7254873283981647,-0.0189028447691116,2.5943872451814447,0.2168908645567235,1.9760531472632008
30.0,59.0,206.15182495117188,-1.021208591034679,0.50961503660092,-3.144610939529908,-2.765177086552761,-1.4071357512523337,0.6938978150236301,-0.0147396806557166,2.548052965813157,0.2183828022744247,1.9028349602058523
30.0,59.0,206.7618103027344,-0.7235287359706767,0.7646206242944331,-3.675714206207459,-2.64753842068487,-1.3736411244899616,0.7047226022942639,-0.0853989240751,2.611533935832294,0.2349437101110282,2.076106130801713
30.0,59.0,262.9179077148437,-0.9391109084640024,0.6797087949740567,-4.111601741642644,-2.3000698770336268,-1.4991903001224878,0.5231833854320784,-0.0024491857493256,2.7031747050873243,0.2590100123505139,1.7831169464725047
30.0,59.0,216.57489013671875,-0.9800480581389956,0.769655144631543,-3.622013522902831,-2.758160641655706,-1.4783587107975318,0.5265168099230446,-0.0508870714293159,2.629359699278598,0.2397342443170531,2.07970420417083
30.0,59.0,215.00582885742188,-1.3362269621506024,0.6909401133240985,-3.6958136060628175,-2.766535802928542,-1.578943155117534,0.5991151981177973,-0.0611612945314653,2.5056992509925267,0.0700747834210505,1.865374583499689
30.0,59.0,204.02066040039065,-0.5360788147725334,0.8220242529592233,-3.704448488474214,-2.572937615917462,-1.2930044406528134,0.727797274375178,-0.0293837418069484,2.572049976849279,0.2286212455722067,2.006856321185746
30.0,59.0,224.1871032714844,-0.9222807474828136,0.8585124425692048,-3.9199214865640295,-2.3342983995747173,-1.3158510254555804,0.7083652727456793,0.0474448717204234,2.58773014344418,0.2488446451687852,2.1385845193917
30.0,59.0,205.047607421875,-0.6609559854213537,0.7871131318435379,-3.5999991813568446,-2.77458827519174,-1.387742524160843,0.7056590435064164,-0.0314407563718354,2.5859177673965985,0.2640673916392313,2.030959219546158
30.0,59.0,209.4955139160156,-0.6950121509787272,0.7309393743463216,-3.288309061929061,-2.749224267236279,-1.5294276555058492,0.7644046287054563,-0.064038077306502,2.580046702672267,0.2333099207198582,2.153511050107072
30.0,60.0,214.22732543945312,-0.5709375357719852,0.6099977697356924,-3.140555826576952,-2.751540540879751,-1.5639863451240932,0.7150772700534826,-0.0298015949691891,2.517225884112829,0.2132561271602341,1.8995796105848937
30.0,60.0,203.5776824951172,-0.768387116687397,0.7384208718644991,-3.6775742120098114,-2.677739989124288,-1.4133818962659783,0.7461343815713738,-0.0314242144585147,2.5831514908754336,0.2473672341214235,2.0653194263588786
30.0,60.0,216.8951416015625,-0.8209688307021434,0.7380708179123863,-3.421735287255472,-2.590285251222465,-1.155161557111979,0.7342647559357545,-0.0585356627712509,2.540457390469685,0.2245473946276626,2.0744917312299864
30.0,60.0,205.40724182128903,-1.2471719392371754,0.7338063691250966,-3.6956164114227614,-2.6893020048638974,-1.4361633841990469,0.7509499775402746,-0.0265320376388999,2.5844589496606782,0.2214973721181175,2.0621365244733765
30.0,60.0,203.8832092285156,-1.4790613265445376,0.7732738784922106,-3.3582703227624244,-2.695334901826924,-1.3453112019984668,0.7075198587616528,-0.0020897764918419,2.575840366118009,0.2040841445302196,2.0670954059278106
30.0,60.0,210.597900390625,-0.7318280979898318,0.5914188254323861,-3.762520632782585,-2.804645763324062,-1.5552501707621134,0.7108059977869721,-0.0339586683914871,2.6116724728224123,0.1882452260922728,1.9445701194337384
30.0,60.0,210.86183166503903,-0.4043850887925787,0.7664177303560624,-2.743127675789049,-2.2593865072362105,-1.2785646382088058,0.7467509740788121,-0.0220265555688535,2.576800849655988,0.247869349300375,2.029170489549615
30.0,60.0,202.96908569335932,-0.596234071643681,0.7846976132085869,-3.656508095706115,-2.7179815036117074,-1.3841671338694566,0.7348438993906392,-0.0285836543095157,2.5868253141516413,0.2447299163872075,2.070355369487193
30.0,60.0,203.4140472412109,-0.5678473708618155,0.7799693007154738,-3.6749830968560486,-2.725391649065348,-1.3797502672892723,0.7480700850134762,-0.0265029683648772,2.586302994710479,0.2283338142204806,2.0667280186433774
30.0,60.0,217.80987548828125,-0.7399219093249991,0.6265199654248446,-3.3812386568411683,-3.115740592719888,-2.4970438835882924,0.4187495791001843,-0.1164287251613381,2.541142812644273,0.2703581298861386,2.0687642066891287
30.0,60.0,201.7044219970703,-0.6552952230338768,0.789537644755984,-3.131677153117997,-2.725862189701337,-1.327890814222953,0.7257755438118074,-0.0264966475501739,2.5879562114865826,0.2411740536822892,2.06908069814025
30.0,60.0,212.4227905273437,-0.6907153179917402,0.7860396034299225,-3.2535270425466463,-2.79970695224025,-1.2903974454981932,0.878488061907963,-0.0288022749193398,2.586764965264056,0.2339108123581079,2.0533935907047587
30.0,60.0,207.52395629882807,-1.0172369141889488,0.5097226488719611,-3.674337809841004,-2.8353189978585056,-1.3644168602548383,0.7515932251121955,-0.0172059671688819,2.580125632767812,0.2261450789481383,2.063133829032119
30.0,60.0,205.3887939453125,-0.701554161089398,0.7935688778690012,-3.636931362357639,-2.784399905356276,-1.418639267798624,0.7204509370747922,-0.0280768615223741,2.592952911556428,0.236870474245992,2.1480429121852302
30.0,60.0,221.4112243652344,-0.3577889705867167,0.8293934806643648,-3.3979003253151454,-2.7654536822693285,-1.6698577467448548,0.6572926121331348,0.0036915510580502,2.630194871551593,0.2211682507633885,2.2321347321959304
30.0,60.0,203.6602935791016,-1.254726376404085,0.7125155664595609,-3.707666905829853,-2.6955806254825507,-1.3802903658455987,0.7512400792514216,-0.0140717053441493,2.5845233329431867,0.2212652358131333,2.060685180311757
30.0,60.0,220.53668212890625,-1.2171966783311097,0.4756538204269566,-3.473961005955754,-3.088961056374514,-1.704597891261704,0.4920041034137272,-0.0918239354140258,2.562499878329205,0.3992523830963432,2.654374933471221
30.0,60.0,218.650634765625,-0.3044171300711956,0.7770764676758787,-2.9127493121648365,-2.5039700868168904,-1.4454563763651622,0.6272445017044588,-0.0276886628998542,2.638230406183696,0.2518630889135642,2.1280644057979443
30.0,60.0,245.9429931640625,-0.8483266135729868,0.6453986865434707,-3.506552371550096,-3.271625883978806,-2.56814784519429,0.2147286641374462,-0.1436646083617611,2.4296898910346845,0.2413711030766583,2.371772908737178
30.0,60.0,220.6161956787109,-0.9503927517081534,0.677458880081766,-3.4985466721108613,-3.1419557166689587,-2.6450864950941537,0.7657276416976995,-0.0800017667336136,2.591298282155937,0.2318220931468717,1.9778696258291708
30.0,60.0,209.95681762695312,-0.8546054761373488,0.5561256830121146,-3.5196763665523463,-2.9998356632825494,-1.6631055522139582,0.5872105304760162,-0.0307104087849592,2.588951662564981,0.2473229352094717,1.9606851088631445
30.0,60.0,205.87635803222656,-1.3025411224933796,0.6923380974972835,-3.456553956950128,-2.830680330342892,-1.4042578391412994,0.7281215353580567,-0.0295502834160407,2.593628736436953,0.1994573726537631,2.086608205675232
30.0,60.0,205.4263153076172,-1.0610826982318322,0.7387432132212964,-3.5269101097837323,-2.588175478326636,-1.3746018730768372,0.7544874944278932,-0.0259144887775997,2.5909527780546773,0.210068459110206,2.063579531483645
30.0,60.0,205.0666046142578,-1.1845443985933988,0.700803757263604,-3.952121874349335,-2.4643146691599824,-1.274298511414923,0.7420774041366475,-0.0662084833539095,2.5733936463653886,0.2075128882354602,2.0449957298774586
30.0,60.0,210.98074340820312,-0.502447929530058,0.7976105456118544,-3.182183584165597,-2.6619277676548454,-1.383076032000186,0.8191110151903969,-0.0878203005987974,2.549807925360932,0.2373785208052922,2.240481900897391
30.0,60.0,205.1505126953125,-0.5194177600772468,0.8526421821706089,-3.223930667393427,-2.5202704259025936,-1.194672134294586,0.8773330723027952,-0.024825816925646,2.6207143745989265,0.2422229045475225,2.1064832572511247
30.0,60.0,203.7299041748047,-1.4671963034076896,0.7718039591814964,-3.521820860113768,-2.7055890962796987,-1.3850800460590984,0.7492558679810841,0.0041742840984898,2.5864682179734686,0.2295821296873494,1.9406396168518183
30.0,60.0,240.0376892089844,-0.818985015422538,0.7325545795717203,-3.463958090524869,-3.1745869837099026,-1.9281247841715203,0.2058466922336207,-0.3766659363291286,2.6001316734345754,0.2265875295001577,2.1979228280822705
30.0,60.0,291.2152099609375,-0.4925722241072047,0.979423402732359,-3.605525640219117,-3.1749731558961845,-1.915760572200272,0.5698221181835107,-0.0820334709090166,2.7895552300879123,0.2353030132978962,2.6257327440521387
30.0,60.0,220.605712890625,-1.2895249897217784,0.6267801880458499,-3.669371183878931,-3.708187388611526,-1.371776205624486,0.7876874042806006,-0.1093378182371131,2.5556089237368944,0.217041584977199,1.9716464210471627
30.0,60.0,210.02865600585932,-0.8580111126169524,0.7817574778197114,-3.3139554907647666,-2.747140032872876,-1.527584908101148,0.7203383849461824,0.0051663944622394,2.5105962979010927,0.2203589910254215,2.0933798890874407
30.0,60.0,260.75506591796875,-0.7235173814946477,0.2633142916060825,-3.729488048766044,-2.598819823759516,-1.5621266964312754,0.5837873023273118,-0.2228563854805409,2.2311934862750764,0.0184947537160842,1.5811522207979942
30.0,60.0,204.6615753173828,-0.5881550896358864,0.7674344455864472,-3.706109957006408,-2.5490152043218943,-1.384775274145316,0.7089915513049554,-0.019301064098781,2.568138754848365,0.2395113008345916,1.984760122398856
30.0,60.0,209.853515625,-0.6115977473066232,0.7776220381257966,-3.835539989399004,-2.6171739805113914,-1.275521664933832,0.7366176474541036,-0.0458302544230463,2.584816162634513,0.2980722673261389,2.069972514370848
30.0,60.0,223.3937225341797,-0.7220230017152024,0.6812922196366334,-3.5324861588097702,-3.0660296883263336,-1.3852723689352235,0.7903403664750774,-0.1482887781496653,2.59842436607156,0.2537285501601596,2.0616581790545783
30.0,60.0,214.98892211914065,-0.7512159825825386,0.6699478687378887,-2.74343829917212,-2.394965191926085,-1.4026515162668238,0.7895498350000281,-0.0238737891500623,2.5879517907992136,0.2403639734004579,1.921057656743706
30.0,60.0,245.99302673339844,-0.7494604562313425,0.5827624451646062,-3.1978432976312727,-2.930434860001456,-2.589522757468941,0.4511330050359632,-0.2349149109541924,2.459352546895984,0.2558733024443547,1.86071018527782
30.0,60.0,210.119873046875,-0.7610068930568665,0.5642124147423887,-3.726421416211226,-2.7995431788777383,-1.3708891968054873,0.679066308131347,0.0234932080174868,2.5843400721228726,0.297657964549431,2.1950618999519365
30.0,60.0,256.37762451171875,-1.1740985325224615,0.7032819505618381,-3.4066706406576484,-3.71611809466677,-1.557211301218996,0.5527160638726896,-0.3590757376082736,2.5580340375955064,0.079370969136926,2.0201833040629724
30.0,60.0,237.2328491210937,-1.428040425390325,0.6174814452730092,-3.5736048511054546,-3.410823463642112,-1.461635712523008,0.80848581446371,0.2139962644890252,2.6033857876251307,0.1762205424558912,1.9148313389189773
30.0,60.0,205.575927734375,-0.8160173862793221,0.5906195673798553,-3.5501247184478806,-2.9220737949502533,-1.5276746941164658,0.7254873283981647,-0.0189028447691116,2.5943872451814447,0.2168908645567235,1.9760531472632008
30.0,60.0,206.15182495117188,-1.021208591034679,0.50961503660092,-3.144610939529908,-2.765177086552761,-1.4071357512523337,0.6938978150236301,-0.0147396806557166,2.548052965813157,0.2183828022744247,1.9028349602058523
30.0,60.0,206.7618103027344,-0.7235287359706767,0.7646206242944331,-3.675714206207459,-2.64753842068487,-1.3736411244899616,0.7047226022942639,-0.0853989240751,2.611533935832294,0.2349437101110282,2.076106130801713
30.0,60.0,262.9179077148437,-0.9391109084640024,0.6797087949740567,-4.111601741642644,-2.3000698770336268,-1.4991903001224878,0.5231833854320784,-0.0024491857493256,2.7031747050873243,0.2590100123505139,1.7831169464725047
30.0,60.0,216.57489013671875,-0.9800480581389956,0.769655144631543,-3.622013522902831,-2.758160641655706,-1.4783587107975318,0.5265168099230446,-0.0508870714293159,2.629359699278598,0.2397342443170531,2.07970420417083
30.0,60.0,215.00582885742188,-1.3362269621506024,0.6909401133240985,-3.6958136060628175,-2.766535802928542,-1.578943155117534,0.5991151981177973,-0.0611612945314653,2.5056992509925267,0.0700747834210505,1.865374583499689
30.0,60.0,204.02066040039065,-0.5360788147725334,0.8220242529592233,-3.704448488474214,-2.572937615917462,-1.2930044406528134,0.727797274375178,-0.0293837418069484,2.572049976849279,0.2286212455722067,2.006856321185746
30.0,60.0,218.819091796875,-0.2133921015998691,0.8572345381536358,-3.246033883334662,-2.5817480463900853,-1.327543888707885,0.7353851583893327,0.0967121922272309,2.6002963966507906,0.249185144606241,2.11489074898864
30.0,60.0,205.047607421875,-0.6609559854213537,0.7871131318435379,-3.5999991813568446,-2.77458827519174,-1.387742524160843,0.7056590435064164,-0.0314407563718354,2.5859177673965985,0.2640673916392313,2.030959219546158
30.0,60.0,209.4955139160156,-0.6950121509787272,0.7309393743463216,-3.288309061929061,-2.749224267236279,-1.5294276555058492,0.7644046287054563,-0.064038077306502,2.580046702672267,0.2333099207198582,2.153511050107072
30.0,61.0,214.22732543945312,-0.5709375357719852,0.6099977697356924,-3.140555826576952,-2.751540540879751,-1.5639863451240932,0.7150772700534826,-0.0298015949691891,2.517225884112829,0.2132561271602341,1.8995796105848937
30.0,61.0,201.4370574951172,-0.4540401323260987,0.8179070478135094,-3.314276906304189,-2.628539443785192,-1.3337882873665527,0.7127938785222587,-0.0269535484838654,2.590339428802196,0.2594558839508205,2.0689052243034824
30.0,61.0,216.8951416015625,-0.8209688307021434,0.7380708179123863,-3.421735287255472,-2.590285251222465,-1.155161557111979,0.7342647559357545,-0.0585356627712509,2.540457390469685,0.2245473946276626,2.0744917312299864
30.0,61.0,205.40724182128903,-1.2471719392371754,0.7338063691250966,-3.6956164114227614,-2.6893020048638974,-1.4361633841990469,0.7509499775402746,-0.0265320376388999,2.5844589496606782,0.2214973721181175,2.0621365244733765
30.0,61.0,203.8832092285156,-1.4790613265445376,0.7732738784922106,-3.3582703227624244,-2.695334901826924,-1.3453112019984668,0.7075198587616528,-0.0020897764918419,2.575840366118009,0.2040841445302196,2.0670954059278106
30.0,61.0,210.597900390625,-0.7318280979898318,0.5914188254323861,-3.762520632782585,-2.804645763324062,-1.5552501707621134,0.7108059977869721,-0.0339586683914871,2.6116724728224123,0.1882452260922728,1.9445701194337384
30.0,61.0,210.86183166503903,-0.4043850887925787,0.7664177303560624,-2.743127675789049,-2.2593865072362105,-1.2785646382088058,0.7467509740788121,-0.0220265555688535,2.576800849655988,0.247869349300375,2.029170489549615
30.0,61.0,202.96908569335932,-0.596234071643681,0.7846976132085869,-3.656508095706115,-2.7179815036117074,-1.3841671338694566,0.7348438993906392,-0.0285836543095157,2.5868253141516413,0.2447299163872075,2.070355369487193
30.0,61.0,203.4140472412109,-0.5678473708618155,0.7799693007154738,-3.6749830968560486,-2.725391649065348,-1.3797502672892723,0.7480700850134762,-0.0265029683648772,2.586302994710479,0.2283338142204806,2.0667280186433774
30.0,61.0,217.80987548828125,-0.7399219093249991,0.6265199654248446,-3.3812386568411683,-3.115740592719888,-2.4970438835882924,0.4187495791001843,-0.1164287251613381,2.541142812644273,0.2703581298861386,2.0687642066891287
30.0,61.0,201.7044219970703,-0.6552952230338768,0.789537644755984,-3.131677153117997,-2.725862189701337,-1.327890814222953,0.7257755438118074,-0.0264966475501739,2.5879562114865826,0.2411740536822892,2.06908069814025
30.0,61.0,212.4227905273437,-0.6907153179917402,0.7860396034299225,-3.2535270425466463,-2.79970695224025,-1.2903974454981932,0.878488061907963,-0.0288022749193398,2.586764965264056,0.2339108123581079,2.0533935907047587
30.0,61.0,207.52395629882807,-1.0172369141889488,0.5097226488719611,-3.674337809841004,-2.8353189978585056,-1.3644168602548383,0.7515932251121955,-0.0172059671688819,2.580125632767812,0.2261450789481383,2.063133829032119
30.0,61.0,205.3887939453125,-0.701554161089398,0.7935688778690012,-3.636931362357639,-2.784399905356276,-1.418639267798624,0.7204509370747922,-0.0280768615223741,2.592952911556428,0.236870474245992,2.1480429121852302
30.0,61.0,221.4112243652344,-0.3577889705867167,0.8293934806643648,-3.3979003253151454,-2.7654536822693285,-1.6698577467448548,0.6572926121331348,0.0036915510580502,2.630194871551593,0.2211682507633885,2.2321347321959304
30.0,61.0,203.6602935791016,-1.254726376404085,0.7125155664595609,-3.707666905829853,-2.6955806254825507,-1.3802903658455987,0.7512400792514216,-0.0140717053441493,2.5845233329431867,0.2212652358131333,2.060685180311757
30.0,61.0,220.53668212890625,-1.2171966783311097,0.4756538204269566,-3.473961005955754,-3.088961056374514,-1.704597891261704,0.4920041034137272,-0.0918239354140258,2.562499878329205,0.3992523830963432,2.654374933471221
30.0,61.0,218.650634765625,-0.3044171300711956,0.7770764676758787,-2.9127493121648365,-2.5039700868168904,-1.4454563763651622,0.6272445017044588,-0.0276886628998542,2.638230406183696,0.2518630889135642,2.1280644057979443
30.0,61.0,245.9429931640625,-0.8483266135729868,0.6453986865434707,-3.506552371550096,-3.271625883978806,-2.56814784519429,0.2147286641374462,-0.1436646083617611,2.4296898910346845,0.2413711030766583,2.371772908737178
30.0,61.0,220.6161956787109,-0.9503927517081534,0.677458880081766,-3.4985466721108613,-3.1419557166689587,-2.6450864950941537,0.7657276416976995,-0.0800017667336136,2.591298282155937,0.2318220931468717,1.9778696258291708
30.0,61.0,209.95681762695312,-0.8546054761373488,0.5561256830121146,-3.5196763665523463,-2.9998356632825494,-1.6631055522139582,0.5872105304760162,-0.0307104087849592,2.588951662564981,0.2473229352094717,1.9606851088631445
30.0,61.0,205.36083984375,-1.0410372824203336,0.7676645361621044,-3.3922084993722885,-2.757479147550971,-1.3696282247663814,0.7197802351399657,0.0253103845882088,2.591243372468218,0.2560553276800137,2.054097732849192
30.0,61.0,205.4263153076172,-1.0610826982318322,0.7387432132212964,-3.5269101097837323,-2.588175478326636,-1.3746018730768372,0.7544874944278932,-0.0259144887775997,2.5909527780546773,0.210068459110206,2.063579531483645
30.0,61.0,205.0666046142578,-1.1845443985933988,0.700803757263604,-3.952121874349335,-2.4643146691599824,-1.274298511414923,0.7420774041366475,-0.0662084833539095,2.5733936463653886,0.2075128882354602,2.0449957298774586
30.0,61.0,210.98074340820312,-0.502447929530058,0.7976105456118544,-3.182183584165597,-2.6619277676548454,-1.383076032000186,0.8191110151903969,-0.0878203005987974,2.549807925360932,0.2373785208052922,2.240481900897391
30.0,61.0,205.1505126953125,-0.5194177600772468,0.8526421821706089,-3.223930667393427,-2.5202704259025936,-1.194672134294586,0.8773330723027952,-0.024825816925646,2.6207143745989265,0.2422229045475225,2.1064832572511247
30.0,61.0,203.7299041748047,-1.4671963034076896,0.7718039591814964,-3.521820860113768,-2.7055890962796987,-1.3850800460590984,0.7492558679810841,0.0041742840984898,2.5864682179734686,0.2295821296873494,1.9406396168518183
30.0,61.0,240.0376892089844,-0.818985015422538,0.7325545795717203,-3.463958090524869,-3.1745869837099026,-1.9281247841715203,0.2058466922336207,-0.3766659363291286,2.6001316734345754,0.2265875295001577,2.1979228280822705
30.0,61.0,291.2152099609375,-0.4925722241072047,0.979423402732359,-3.605525640219117,-3.1749731558961845,-1.915760572200272,0.5698221181835107,-0.0820334709090166,2.7895552300879123,0.2353030132978962,2.6257327440521387
30.0,61.0,220.605712890625,-1.2895249897217784,0.6267801880458499,-3.669371183878931,-3.708187388611526,-1.371776205624486,0.7876874042806006,-0.1093378182371131,2.5556089237368944,0.217041584977199,1.9716464210471627
30.0,61.0,210.02865600585932,-0.8580111126169524,0.7817574778197114,-3.3139554907647666,-2.747140032872876,-1.527584908101148,0.7203383849461824,0.0051663944622394,2.5105962979010927,0.2203589910254215,2.0933798890874407
30.0,61.0,260.75506591796875,-0.7235173814946477,0.2633142916060825,-3.729488048766044,-2.598819823759516,-1.5621266964312754,0.5837873023273118,-0.2228563854805409,2.2311934862750764,0.0184947537160842,1.5811522207979942
30.0,61.0,204.6615753173828,-0.5881550896358864,0.7674344455864472,-3.706109957006408,-2.5490152043218943,-1.384775274145316,0.7089915513049554,-0.019301064098781,2.568138754848365,0.2395113008345916,1.984760122398856
30.0,61.0,209.853515625,-0.6115977473066232,0.7776220381257966,-3.835539989399004,-2.6171739805113914,-1.275521664933832,0.7366176474541036,-0.0458302544230463,2.584816162634513,0.2980722673261389,2.069972514370848
30.0,61.0,223.3937225341797,-0.7220230017152024,0.6812922196366334,-3.5324861588097702,-3.0660296883263336,-1.3852723689352235,0.7903403664750774,-0.1482887781496653,2.59842436607156,0.2537285501601596,2.0616581790545783
30.0,61.0,192.8934631347656,-0.5880389478763564,0.9340412679251964,-2.983703478792013,-2.53209783797018,-1.308800481145049,0.8012585175405463,-0.0185404059939453,2.5841035150592684,0.2440439508493463,1.9859045521165195
30.0,61.0,245.99302673339844,-0.7494604562313425,0.5827624451646062,-3.1978432976312727,-2.930434860001456,-2.589522757468941,0.4511330050359632,-0.2349149109541924,2.459352546895984,0.2558733024443547,1.86071018527782
30.0,61.0,210.119873046875,-0.7610068930568665,0.5642124147423887,-3.726421416211226,-2.7995431788777383,-1.3708891968054873,0.679066308131347,0.0234932080174868,2.5843400721228726,0.297657964549431,2.1950618999519365
30.0,61.0,256.37762451171875,-1.1740985325224615,0.7032819505618381,-3.4066706406576484,-3.71611809466677,-1.557211301218996,0.5527160638726896,-0.3590757376082736,2.5580340375955064,0.079370969136926,2.0201833040629724
30.0,61.0,232.8768768310547,-0.844794263634564,0.6703191259558043,-3.200144127349688,-3.5077391003034752,-1.3333716862603344,0.8101388211370322,0.0120711902496678,2.5240665800965623,0.1306433490323604,2.097909299485868
30.0,61.0,205.575927734375,-0.8160173862793221,0.5906195673798553,-3.5501247184478806,-2.9220737949502533,-1.5276746941164658,0.7254873283981647,-0.0189028447691116,2.5943872451814447,0.2168908645567235,1.9760531472632008
30.0,61.0,206.15182495117188,-1.021208591034679,0.50961503660092,-3.144610939529908,-2.765177086552761,-1.4071357512523337,0.6938978150236301,-0.0147396806557166,2.548052965813157,0.2183828022744247,1.9028349602058523
30.0,61.0,206.7618103027344,-0.7235287359706767,0.7646206242944331,-3.675714206207459,-2.64753842068487,-1.3736411244899616,0.7047226022942639,-0.0853989240751,2.611533935832294,0.2349437101110282,2.076106130801713
30.0,61.0,262.9179077148437,-0.9391109084640024,0.6797087949740567,-4.111601741642644,-2.3000698770336268,-1.4991903001224878,0.5231833854320784,-0.0024491857493256,2.7031747050873243,0.2590100123505139,1.7831169464725047
30.0,61.0,216.57489013671875,-0.9800480581389956,0.769655144631543,-3.622013522902831,-2.758160641655706,-1.4783587107975318,0.5265168099230446,-0.0508870714293159,2.629359699278598,0.2397342443170531,2.07970420417083
30.0,61.0,215.00582885742188,-1.3362269621506024,0.6909401133240985,-3.6958136060628175,-2.766535802928542,-1.578943155117534,0.5991151981177973,-0.0611612945314653,2.5056992509925267,0.0700747834210505,1.865374583499689
30.0,61.0,195.95263671875,-0.6271930896169433,0.8435034056843016,-2.981856159743415,-2.586050744610472,-1.3074273322785814,0.7748523112005237,-0.0253269704720538,2.5806821632638424,0.1918897234445147,1.954706450325797
30.0,61.0,218.819091796875,-0.2133921015998691,0.8572345381536358,-3.246033883334662,-2.5817480463900853,-1.327543888707885,0.7353851583893327,0.0967121922272309,2.6002963966507906,0.249185144606241,2.11489074898864
30.0,61.0,205.047607421875,-0.6609559854213537,0.7871131318435379,-3.5999991813568446,-2.77458827519174,-1.387742524160843,0.7056590435064164,-0.0314407563718354,2.5859177673965985,0.2640673916392313,2.030959219546158
30.0,61.0,207.98568725585932,-0.6787625311419865,0.715164509528199,-3.0528963680737573,-2.7589737347719074,-1.4148376407977956,0.7069034916124726,-0.0446916528613966,2.579442541059737,0.2441836886104539,2.2433628643521777
30.0,62.0,214.22732543945312,-0.5709375357719852,0.6099977697356924,-3.140555826576952,-2.751540540879751,-1.5639863451240932,0.7150772700534826,-0.0298015949691891,2.517225884112829,0.2132561271602341,1.8995796105848937
30.0,62.0,201.4370574951172,-0.4540401323260987,0.8179070478135094,-3.314276906304189,-2.628539443785192,-1.3337882873665527,0.7127938785222587,-0.0269535484838654,2.590339428802196,0.2594558839508205,2.0689052243034824
30.0,62.0,216.8951416015625,-0.8209688307021434,0.7380708179123863,-3.421735287255472,-2.590285251222465,-1.155161557111979,0.7342647559357545,-0.0585356627712509,2.540457390469685,0.2245473946276626,2.0744917312299864
30.0,62.0,205.40724182128903,-1.2471719392371754,0.7338063691250966,-3.6956164114227614,-2.6893020048638974,-1.4361633841990469,0.7509499775402746,-0.0265320376388999,2.5844589496606782,0.2214973721181175,2.0621365244733765
30.0,62.0,203.8832092285156,-1.4790613265445376,0.7732738784922106,-3.3582703227624244,-2.695334901826924,-1.3453112019984668,0.7075198587616528,-0.0020897764918419,2.575840366118009,0.2040841445302196,2.0670954059278106
30.0,62.0,210.597900390625,-0.7318280979898318,0.5914188254323861,-3.762520632782585,-2.804645763324062,-1.5552501707621134,0.7108059977869721,-0.0339586683914871,2.6116724728224123,0.1882452260922728,1.9445701194337384
30.0,62.0,208.94384765625,-1.085489356319436,1.132964704318622,-2.819435205742711,-2.2915208148107054,-1.328907444398517,0.7459092212647476,-0.0196422307653415,2.59287697978066,0.2437686243450859,1.9864247639557568
30.0,62.0,201.9364318847656,-0.6216002226330657,1.1651981050950706,-3.00501997478066,-2.495720412970558,-1.3643600620778402,0.7940991917500423,-0.0500238193391704,2.58558153261216,0.2473227464931295,1.916354915974653
30.0,62.0,203.4140472412109,-0.5678473708618155,0.7799693007154738,-3.6749830968560486,-2.725391649065348,-1.3797502672892723,0.7480700850134762,-0.0265029683648772,2.586302994710479,0.2283338142204806,2.0667280186433774
30.0,62.0,217.80987548828125,-0.7399219093249991,0.6265199654248446,-3.3812386568411683,-3.115740592719888,-2.4970438835882924,0.4187495791001843,-0.1164287251613381,2.541142812644273,0.2703581298861386,2.0687642066891287
30.0,62.0,201.7044219970703,-0.6552952230338768,0.789537644755984,-3.131677153117997,-2.725862189701337,-1.327890814222953,0.7257755438118074,-0.0264966475501739,2.5879562114865826,0.2411740536822892,2.06908069814025
30.0,62.0,201.6882476806641,-0.4588962501391711,0.9096602500062038,-2.949829821578191,-2.467119860186212,-1.379448094557577,0.8499868249819075,-0.0438147361776023,2.584926426322239,0.2465514650102595,1.9809467566765493
30.0,62.0,207.52395629882807,-1.0172369141889488,0.5097226488719611,-3.674337809841004,-2.8353189978585056,-1.3644168602548383,0.7515932251121955,-0.0172059671688819,2.580125632767812,0.2261450789481383,2.063133829032119
30.0,62.0,193.26284790039065,-0.6169093751175422,1.0847799856470062,-2.846593045873369,-2.488159771422099,-1.3029909777648443,0.8712393559502101,-0.0238232193041211,2.574657645516376,0.2281580697797121,2.002724335785554
30.0,62.0,221.4112243652344,-0.3577889705867167,0.8293934806643648,-3.3979003253151454,-2.7654536822693285,-1.6698577467448548,0.6572926121331348,0.0036915510580502,2.630194871551593,0.2211682507633885,2.2321347321959304
30.0,62.0,196.3609619140625,-0.1614021504752847,1.0606848432082563,-2.998088212723939,-2.465358135314118,-1.2651193066628352,0.8857948360265007,-0.0077847583200449,2.5833494299936985,0.2403625212402152,2.005431759366695
30.0,62.0,220.53668212890625,-1.2171966783311097,0.4756538204269566,-3.473961005955754,-3.088961056374514,-1.704597891261704,0.4920041034137272,-0.0918239354140258,2.562499878329205,0.3992523830963432,2.654374933471221
30.0,62.0,206.0865936279297,-0.4136640260106263,0.9637106885170554,-2.9696422279674346,-2.517993647082837,-1.152636326933622,0.6940352725647709,-0.0210584370002549,2.519039761688368,0.2592651220353566,2.0256750277175684
30.0,62.0,245.9429931640625,-0.8483266135729868,0.6453986865434707,-3.506552371550096,-3.271625883978806,-2.56814784519429,0.2147286641374462,-0.1436646083617611,2.4296898910346845,0.2413711030766583,2.371772908737178
30.0,62.0,220.6161956787109,-0.9503927517081534,0.677458880081766,-3.4985466721108613,-3.1419557166689587,-2.6450864950941537,0.7657276416976995,-0.0800017667336136,2.591298282155937,0.2318220931468717,1.9778696258291708
30.0,62.0,209.95681762695312,-0.8546054761373488,0.5561256830121146,-3.5196763665523463,-2.9998356632825494,-1.6631055522139582,0.5872105304760162,-0.0307104087849592,2.588951662564981,0.2473229352094717,1.9606851088631445
30.0,62.0,205.36083984375,-1.0410372824203336,0.7676645361621044,-3.3922084993722885,-2.757479147550971,-1.3696282247663814,0.7197802351399657,0.0253103845882088,2.591243372468218,0.2560553276800137,2.054097732849192
30.0,62.0,205.4263153076172,-1.0610826982318322,0.7387432132212964,-3.5269101097837323,-2.588175478326636,-1.3746018730768372,0.7544874944278932,-0.0259144887775997,2.5909527780546773,0.210068459110206,2.063579531483645
30.0,62.0,205.0666046142578,-1.1845443985933988,0.700803757263604,-3.952121874349335,-2.4643146691599824,-1.274298511414923,0.7420774041366475,-0.0662084833539095,2.5733936463653886,0.2075128882354602,2.0449957298774586
30.0,62.0,206.8003845214844,-0.4685236881923951,0.9946105256692112,-3.267230670353845,-2.4898129528425903,-1.2859274745152385,0.8532707207148611,-0.0213634432580984,2.5511429144437567,0.248626704529277,1.883845725340539
30.0,62.0,193.2711181640625,-0.6842758594564051,0.9680666246710484,-2.934993020487215,-2.4698144457057767,-1.3060954259054494,0.7538183924378333,-0.0179424193089091,2.5683203777484263,0.2437561066007904,1.997710454656931
30.0,62.0,203.7299041748047,-1.4671963034076896,0.7718039591814964,-3.521820860113768,-2.7055890962796987,-1.3850800460590984,0.7492558679810841,0.0041742840984898,2.5864682179734686,0.2295821296873494,1.9406396168518183
30.0,62.0,240.0376892089844,-0.818985015422538,0.7325545795717203,-3.463958090524869,-3.1745869837099026,-1.9281247841715203,0.2058466922336207,-0.3766659363291286,2.6001316734345754,0.2265875295001577,2.1979228280822705
30.0,62.0,291.2152099609375,-0.4925722241072047,0.979423402732359,-3.605525640219117,-3.1749731558961845,-1.915760572200272,0.5698221181835107,-0.0820334709090166,2.7895552300879123,0.2353030132978962,2.6257327440521387
30.0,62.0,220.605712890625,-1.2895249897217784,0.6267801880458499,-3.669371183878931,-3.708187388611526,-1.371776205624486,0.7876874042806006,-0.1093378182371131,2.5556089237368944,0.217041584977199,1.9716464210471627
30.0,62.0,210.02865600585932,-0.8580111126169524,0.7817574778197114,-3.3139554907647666,-2.747140032872876,-1.527584908101148,0.7203383849461824,0.0051663944622394,2.5105962979010927,0.2203589910254215,2.0933798890874407
30.0,62.0,260.75506591796875,-0.7235173814946477,0.2633142916060825,-3.729488048766044,-2.598819823759516,-1.5621266964312754,0.5837873023273118,-0.2228563854805409,2.2311934862750764,0.0184947537160842,1.5811522207979942
30.0,62.0,204.6615753173828,-0.5881550896358864,0.7674344455864472,-3.706109957006408,-2.5490152043218943,-1.384775274145316,0.7089915513049554,-0.019301064098781,2.568138754848365,0.2395113008345916,1.984760122398856
30.0,62.0,209.853515625,-0.6115977473066232,0.7776220381257966,-3.835539989399004,-2.6171739805113914,-1.275521664933832,0.7366176474541036,-0.0458302544230463,2.584816162634513,0.2980722673261389,2.069972514370848
30.0,62.0,223.3937225341797,-0.7220230017152024,0.6812922196366334,-3.5324861588097702,-3.0660296883263336,-1.3852723689352235,0.7903403664750774,-0.1482887781496653,2.59842436607156,0.2537285501601596,2.0616581790545783
30.0,62.0,192.8934631347656,-0.5880389478763564,0.9340412679251964,-2.983703478792013,-2.53209783797018,-1.308800481145049,0.8012585175405463,-0.0185404059939453,2.5841035150592684,0.2440439508493463,1.9859045521165195
30.0,62.0,245.99302673339844,-0.7494604562313425,0.5827624451646062,-3.1978432976312727,-2.930434860001456,-2.589522757468941,0.4511330050359632,-0.2349149109541924,2.459352546895984,0.2558733024443547,1.86071018527782
30.0,62.0,210.119873046875,-0.7610068930568665,0.5642124147423887,-3.726421416211226,-2.7995431788777383,-1.3708891968054873,0.679066308131347,0.0234932080174868,2.5843400721228726,0.297657964549431,2.1950618999519365
30.0,62.0,256.37762451171875,-1.1740985325224615,0.7032819505618381,-3.4066706406576484,-3.71611809466677,-1.557211301218996,0.5527160638726896,-0.3590757376082736,2.5580340375955064,0.079370969136926,2.0201833040629724
30.0,62.0,215.4642791748047,-0.619272128359899,1.0161821115856564,-3.392347947738536,-3.718930889608517,-1.3159031693529706,0.8296082231312336,0.0283507836533688,2.580653015910745,0.2883060967232943,2.043397947376025
30.0,62.0,205.575927734375,-0.8160173862793221,0.5906195673798553,-3.5501247184478806,-2.9220737949502533,-1.5276746941164658,0.7254873283981647,-0.0189028447691116,2.5943872451814447,0.2168908645567235,1.9760531472632008
30.0,62.0,206.15182495117188,-1.021208591034679,0.50961503660092,-3.144610939529908,-2.765177086552761,-1.4071357512523337,0.6938978150236301,-0.0147396806557166,2.548052965813157,0.2183828022744247,1.9028349602058523
30.0,62.0,206.7618103027344,-0.7235287359706767,0.7646206242944331,-3.675714206207459,-2.64753842068487,-1.3736411244899616,0.7047226022942639,-0.0853989240751,2.611533935832294,0.2349437101110282,2.076106130801713
30.0,62.0,262.9179077148437,-0.9391109084640024,0.6797087949740567,-4.111601741642644,-2.3000698770336268,-1.4991903001224878,0.5231833854320784,-0.0024491857493256,2.7031747050873243,0.2590100123505139,1.7831169464725047
30.0,62.0,216.57489013671875,-0.9800480581389956,0.769655144631543,-3.622013522902831,-2.758160641655706,-1.4783587107975318,0.5265168099230446,-0.0508870714293159,2.629359699278598,0.2397342443170531,2.07970420417083
30.0,62.0,215.00582885742188,-1.3362269621506024,0.6909401133240985,-3.6958136060628175,-2.766535802928542,-1.578943155117534,0.5991151981177973,-0.0611612945314653,2.5056992509925267,0.0700747834210505,1.865374583499689
30.0,62.0,195.95263671875,-0.6271930896169433,0.8435034056843016,-2.981856159743415,-2.586050744610472,-1.3074273322785814,0.7748523112005237,-0.0253269704720538,2.5806821632638424,0.1918897234445147,1.954706450325797
30.0,62.0,218.819091796875,-0.2133921015998691,0.8572345381536358,-3.246033883334662,-2.5817480463900853,-1.327543888707885,0.7353851583893327,0.0967121922272309,2.6002963966507906,0.249185144606241,2.11489074898864
30.0,62.0,205.047607421875,-0.6609559854213537,0.7871131318435379,-3.5999991813568446,-2.77458827519174,-1.387742524160843,0.7056590435064164,-0.0314407563718354,2.5859177673965985,0.2640673916392313,2.030959219546158
30.0,62.0,207.98568725585932,-0.6787625311419865,0.715164509528199,-3.0528963680737573,-2.7589737347719074,-1.4148376407977956,0.7069034916124726,-0.0446916528613966,2.579442541059737,0.2441836886104539,2.2433628643521777
30.0,63.0,214.22732543945312,-0.5709375357719852,0.6099977697356924,-3.140555826576952,-2.751540540879751,-1.5639863451240932,0.7150772700534826,-0.0298015949691891,2.517225884112829,0.2132561271602341,1.8995796105848937
30.0,63.0,201.4370574951172,-0.4540401323260987,0.8179070478135094,-3.314276906304189,-2.628539443785192,-1.3337882873665527,0.7127938785222587,-0.0269535484838654,2.590339428802196,0.2594558839508205,2.0689052243034824
30.0,63.0,216.8951416015625,-0.8209688307021434,0.7380708179123863,-3.421735287255472,-2.590285251222465,-1.155161557111979,0.7342647559357545,-0.0585356627712509,2.540457390469685,0.2245473946276626,2.0744917312299864
30.0,63.0,205.40724182128903,-1.2471719392371754,0.7338063691250966,-3.6956164114227614,-2.6893020048638974,-1.4361633841990469,0.7509499775402746,-0.0265320376388999,2.5844589496606782,0.2214973721181175,2.0621365244733765
30.0,63.0,203.8832092285156,-1.4790613265445376,0.7732738784922106,-3.3582703227624244,-2.695334901826924,-1.3453112019984668,0.7075198587616528,-0.0020897764918419,2.575840366118009,0.2040841445302196,2.0670954059278106
30.0,63.0,210.597900390625,-0.7318280979898318,0.5914188254323861,-3.762520632782585,-2.804645763324062,-1.5552501707621134,0.7108059977869721,-0.0339586683914871,2.6116724728224123,0.1882452260922728,1.9445701194337384
30.0,63.0,208.94384765625,-1.085489356319436,1.132964704318622,-2.819435205742711,-2.2915208148107054,-1.328907444398517,0.7459092212647476,-0.0196422307653415,2.59287697978066,0.2437686243450859,1.9864247639557568
30.0,63.0,201.9364318847656,-0.6216002226330657,1.1651981050950706,-3.00501997478066,-2.495720412970558,-1.3643600620778402,0.7940991917500423,-0.0500238193391704,2.58558153261216,0.2473227464931295,1.916354915974653
30.0,63.0,203.4140472412109,-0.5678473708618155,0.7799693007154738,-3.6749830968560486,-2.725391649065348,-1.3797502672892723,0.7480700850134762,-0.0265029683648772,2.586302994710479,0.2283338142204806,2.0667280186433774
30.0,63.0,217.80987548828125,-0.7399219093249991,0.6265199654248446,-3.3812386568411683,-3.115740592719888,-2.4970438835882924,0.4187495791001843,-0.1164287251613381,2.541142812644273,0.2703581298861386,2.0687642066891287
30.0,63.0,201.7044219970703,-0.6552952230338768,0.789537644755984,-3.131677153117997,-2.725862189701337,-1.327890814222953,0.7257755438118074,-0.0264966475501739,2.5879562114865826,0.2411740536822892,2.06908069814025
30.0,63.0,201.6882476806641,-0.4588962501391711,0.9096602500062038,-2.949829821578191,-2.467119860186212,-1.379448094557577,0.8499868249819075,-0.0438147361776023,2.584926426322239,0.2465514650102595,1.9809467566765493
30.0,63.0,207.52395629882807,-1.0172369141889488,0.5097226488719611,-3.674337809841004,-2.8353189978585056,-1.3644168602548383,0.7515932251121955,-0.0172059671688819,2.580125632767812,0.2261450789481383,2.063133829032119
30.0,63.0,189.95870971679688,-0.5524474728960863,1.111417508121561,-2.7892116795618493,-2.389978519569056,-1.3277844810861723,0.882358098708791,-0.0093590376759386,2.5751949663198297,0.1992337410707131,1.967451553862284
30.0,63.0,221.4112243652344,-0.3577889705867167,0.8293934806643648,-3.3979003253151454,-2.7654536822693285,-1.6698577467448548,0.6572926121331348,0.0036915510580502,2.630194871551593,0.2211682507633885,2.2321347321959304
30.0,63.0,196.3609619140625,-0.1614021504752847,1.0606848432082563,-2.998088212723939,-2.465358135314118,-1.2651193066628352,0.8857948360265007,-0.0077847583200449,2.5833494299936985,0.2403625212402152,2.005431759366695
30.0,63.0,220.53668212890625,-1.2171966783311097,0.4756538204269566,-3.473961005955754,-3.088961056374514,-1.704597891261704,0.4920041034137272,-0.0918239354140258,2.562499878329205,0.3992523830963432,2.654374933471221
30.0,63.0,206.0865936279297,-0.4136640260106263,0.9637106885170554,-2.9696422279674346,-2.517993647082837,-1.152636326933622,0.6940352725647709,-0.0210584370002549,2.519039761688368,0.2592651220353566,2.0256750277175684
30.0,63.0,245.9429931640625,-0.8483266135729868,0.6453986865434707,-3.506552371550096,-3.271625883978806,-2.56814784519429,0.2147286641374462,-0.1436646083617611,2.4296898910346845,0.2413711030766583,2.371772908737178
30.0,63.0,220.6161956787109,-0.9503927517081534,0.677458880081766,-3.4985466721108613,-3.1419557166689587,-2.6450864950941537,0.7657276416976995,-0.0800017667336136,2.591298282155937,0.2318220931468717,1.9778696258291708
30.0,63.0,209.95681762695312,-0.8546054761373488,0.5561256830121146,-3.5196763665523463,-2.9998356632825494,-1.6631055522139582,0.5872105304760162,-0.0307104087849592,2.588951662564981,0.2473229352094717,1.9606851088631445
30.0,63.0,205.36083984375,-1.0410372824203336,0.7676645361621044,-3.3922084993722885,-2.757479147550971,-1.3696282247663814,0.7197802351399657,0.0253103845882088,2.591243372468218,0.2560553276800137,2.054097732849192
30.0,63.0,205.4263153076172,-1.0610826982318322,0.7387432132212964,-3.5269101097837323,-2.588175478326636,-1.3746018730768372,0.7544874944278932,-0.0259144887775997,2.5909527780546773,0.210068459110206,2.063579531483645
30.0,63.0,205.0666046142578,-1.1845443985933988,0.700803757263604,-3.952121874349335,-2.4643146691599824,-1.274298511414923,0.7420774041366475,-0.0662084833539095,2.5733936463653886,0.2075128882354602,2.0449957298774586
30.0,63.0,201.031967163086,-0.6268196516608248,1.0287813157008212,-2.63371231473624,-2.432648748308807,-1.2392268679699336,0.8754636454127289,-0.0004532060230834,2.576048408553612,0.2434831677544173,1.9381746870674568
30.0,63.0,193.2711181640625,-0.6842758594564051,0.9680666246710484,-2.934993020487215,-2.4698144457057767,-1.3060954259054494,0.7538183924378333,-0.0179424193089091,2.5683203777484263,0.2437561066007904,1.997710454656931
30.0,63.0,203.7299041748047,-1.4671963034076896,0.7718039591814964,-3.521820860113768,-2.7055890962796987,-1.3850800460590984,0.7492558679810841,0.0041742840984898,2.5864682179734686,0.2295821296873494,1.9406396168518183
30.0,63.0,240.0376892089844,-0.818985015422538,0.7325545795717203,-3.463958090524869,-3.1745869837099026,-1.9281247841715203,0.2058466922336207,-0.3766659363291286,2.6001316734345754,0.2265875295001577,2.1979228280822705
30.0,63.0,291.2152099609375,-0.4925722241072047,0.979423402732359,-3.605525640219117,-3.1749731558961845,-1.915760572200272,0.5698221181835107,-0.0820334709090166,2.7895552300879123,0.2353030132978962,2.6257327440521387
30.0,63.0,220.605712890625,-1.2895249897217784,0.6267801880458499,-3.669371183878931,-3.708187388611526,-1.371776205624486,0.7876874042806006,-0.1093378182371131,2.5556089237368944,0.217041584977199,1.9716464210471627
30.0,63.0,210.02865600585932,-0.8580111126169524,0.7817574778197114,-3.3139554907647666,-2.747140032872876,-1.527584908101148,0.7203383849461824,0.0051663944622394,2.5105962979010927,0.2203589910254215,2.0933798890874407
30.0,63.0,260.75506591796875,-0.7235173814946477,0.2633142916060825,-3.729488048766044,-2.598819823759516,-1.5621266964312754,0.5837873023273118,-0.2228563854805409,2.2311934862750764,0.0184947537160842,1.5811522207979942
30.0,63.0,204.6615753173828,-0.5881550896358864,0.7674344455864472,-3.706109957006408,-2.5490152043218943,-1.384775274145316,0.7089915513049554,-0.019301064098781,2.568138754848365,0.2395113008345916,1.984760122398856
30.0,63.0,209.853515625,-0.6115977473066232,0.7776220381257966,-3.835539989399004,-2.6171739805113914,-1.275521664933832,0.7366176474541036,-0.0458302544230463,2.584816162634513,0.2980722673261389,2.069972514370848
30.0,63.0,220.6042022705078,-0.939798725952892,0.5407874015422488,-2.877861819393124,-2.71067747161837,-1.3196979108534272,0.8199973681854954,-0.0707772765236909,2.589797053892619,0.2539836208383218,2.060350469463008
30.0,63.0,192.8934631347656,-0.5880389478763564,0.9340412679251964,-2.983703478792013,-2.53209783797018,-1.308800481145049,0.8012585175405463,-0.0185404059939453,2.5841035150592684,0.2440439508493463,1.9859045521165195
30.0,63.0,245.99302673339844,-0.7494604562313425,0.5827624451646062,-3.1978432976312727,-2.930434860001456,-2.589522757468941,0.4511330050359632,-0.2349149109541924,2.459352546895984,0.2558733024443547,1.86071018527782
30.0,63.0,210.119873046875,-0.7610068930568665,0.5642124147423887,-3.726421416211226,-2.7995431788777383,-1.3708891968054873,0.679066308131347,0.0234932080174868,2.5843400721228726,0.297657964549431,2.1950618999519365
30.0,63.0,256.37762451171875,-1.1740985325224615,0.7032819505618381,-3.4066706406576484,-3.71611809466677,-1.557211301218996,0.5527160638726896,-0.3590757376082736,2.5580340375955064,0.079370969136926,2.0201833040629724
30.0,63.0,215.4642791748047,-0.619272128359899,1.0161821115856564,-3.392347947738536,-3.718930889608517,-1.3159031693529706,0.8296082231312336,0.0283507836533688,2.580653015910745,0.2883060967232943,2.043397947376025
30.0,63.0,205.575927734375,-0.8160173862793221,0.5906195673798553,-3.5501247184478806,-2.9220737949502533,-1.5276746941164658,0.7254873283981647,-0.0189028447691116,2.5943872451814447,0.2168908645567235,1.9760531472632008
30.0,63.0,206.15182495117188,-1.021208591034679,0.50961503660092,-3.144610939529908,-2.765177086552761,-1.4071357512523337,0.6938978150236301,-0.0147396806557166,2.548052965813157,0.2183828022744247,1.9028349602058523
30.0,63.0,206.7618103027344,-0.7235287359706767,0.7646206242944331,-3.675714206207459,-2.64753842068487,-1.3736411244899616,0.7047226022942639,-0.0853989240751,2.611533935832294,0.2349437101110282,2.076106130801713
30.0,63.0,262.9179077148437,-0.9391109084640024,0.6797087949740567,-4.111601741642644,-2.3000698770336268,-1.4991903001224878,0.5231833854320784,-0.0024491857493256,2.7031747050873243,0.2590100123505139,1.7831169464725047
30.0,63.0,216.57489013671875,-0.9800480581389956,0.769655144631543,-3.622013522902831,-2.758160641655706,-1.4783587107975318,0.5265168099230446,-0.0508870714293159,2.629359699278598,0.2397342443170531,2.07970420417083
30.0,63.0,215.00582885742188,-1.3362269621506024,0.6909401133240985,-3.6958136060628175,-2.766535802928542,-1.578943155117534,0.5991151981177973,-0.0611612945314653,2.5056992509925267,0.0700747834210505,1.865374583499689
30.0,63.0,195.95263671875,-0.6271930896169433,0.8435034056843016,-2.981856159743415,-2.586050744610472,-1.3074273322785814,0.7748523112005237,-0.0253269704720538,2.5806821632638424,0.1918897234445147,1.954706450325797
30.0,63.0,218.819091796875,-0.2133921015998691,0.8572345381536358,-3.246033883334662,-2.5817480463900853,-1.327543888707885,0.7353851583893327,0.0967121922272309,2.6002963966507906,0.249185144606241,2.11489074898864
30.0,63.0,205.047607421875,-0.6609559854213537,0.7871131318435379,-3.5999991813568446,-2.77458827519174,-1.387742524160843,0.7056590435064164,-0.0314407563718354,2.5859177673965985,0.2640673916392313,2.030959219546158
30.0,63.0,199.0501251220703,-0.6024479495258663,0.8139575214728456,-3.014314716756399,-2.356944058725844,-1.255363988100252,0.7861204739966892,-0.0301873832470093,2.588684666563217,0.2391461815515317,2.081859807887868
30.0,64.0,214.22732543945312,-0.5709375357719852,0.6099977697356924,-3.140555826576952,-2.751540540879751,-1.5639863451240932,0.7150772700534826,-0.0298015949691891,2.517225884112829,0.2132561271602341,1.8995796105848937
30.0,64.0,201.4370574951172,-0.4540401323260987,0.8179070478135094,-3.314276906304189,-2.628539443785192,-1.3337882873665527,0.7127938785222587,-0.0269535484838654,2.590339428802196,0.2594558839508205,2.0689052243034824
30.0,64.0,216.8951416015625,-0.8209688307021434,0.7380708179123863,-3.421735287255472,-2.590285251222465,-1.155161557111979,0.7342647559357545,-0.0585356627712509,2.540457390469685,0.2245473946276626,2.0744917312299864
30.0,64.0,205.40724182128903,-1.2471719392371754,0.7338063691250966,-3.6956164114227614,-2.6893020048638974,-1.4361633841990469,0.7509499775402746,-0.0265320376388999,2.5844589496606782,0.2214973721181175,2.0621365244733765
30.0,64.0,203.8832092285156,-1.4790613265445376,0.7732738784922106,-3.3582703227624244,-2.695334901826924,-1.3453112019984668,0.7075198587616528,-0.0020897764918419,2.575840366118009,0.2040841445302196,2.0670954059278106
30.0,64.0,210.597900390625,-0.7318280979898318,0.5914188254323861,-3.762520632782585,-2.804645763324062,-1.5552501707621134,0.7108059977869721,-0.0339586683914871,2.6116724728224123,0.1882452260922728,1.9445701194337384
30.0,64.0,208.94384765625,-1.085489356319436,1.132964704318622,-2.819435205742711,-2.2915208148107054,-1.328907444398517,0.7459092212647476,-0.0196422307653415,2.59287697978066,0.2437686243450859,1.9864247639557568
30.0,64.0,201.9364318847656,-0.6216002226330657,1.1651981050950706,-3.00501997478066,-2.495720412970558,-1.3643600620778402,0.7940991917500423,-0.0500238193391704,2.58558153261216,0.2473227464931295,1.916354915974653
30.0,64.0,203.4140472412109,-0.5678473708618155,0.7799693007154738,-3.6749830968560486,-2.725391649065348,-1.3797502672892723,0.7480700850134762,-0.0265029683648772,2.586302994710479,0.2283338142204806,2.0667280186433774
30.0,64.0,217.80987548828125,-0.7399219093249991,0.6265199654248446,-3.3812386568411683,-3.115740592719888,-2.4970438835882924,0.4187495791001843,-0.1164287251613381,2.541142812644273,0.2703581298861386,2.0687642066891287
30.0,64.0,201.7044219970703,-0.6552952230338768,0.789537644755984,-3.131677153117997,-2.725862189701337,-1.327890814222953,0.7257755438118074,-0.0264966475501739,2.5879562114865826,0.2411740536822892,2.06908069814025
30.0,64.0,201.6882476806641,-0.4588962501391711,0.9096602500062038,-2.949829821578191,-2.467119860186212,-1.379448094557577,0.8499868249819075,-0.0438147361776023,2.584926426322239,0.2465514650102595,1.9809467566765493
30.0,64.0,207.52395629882807,-1.0172369141889488,0.5097226488719611,-3.674337809841004,-2.8353189978585056,-1.3644168602548383,0.7515932251121955,-0.0172059671688819,2.580125632767812,0.2261450789481383,2.063133829032119
30.0,64.0,189.95870971679688,-0.5524474728960863,1.111417508121561,-2.7892116795618493,-2.389978519569056,-1.3277844810861723,0.882358098708791,-0.0093590376759386,2.5751949663198297,0.1992337410707131,1.967451553862284
30.0,64.0,221.4112243652344,-0.3577889705867167,0.8293934806643648,-3.3979003253151454,-2.7654536822693285,-1.6698577467448548,0.6572926121331348,0.0036915510580502,2.630194871551593,0.2211682507633885,2.2321347321959304
30.0,64.0,196.3609619140625,-0.1614021504752847,1.0606848432082563,-2.998088212723939,-2.465358135314118,-1.2651193066628352,0.8857948360265007,-0.0077847583200449,2.5833494299936985,0.2403625212402152,2.005431759366695
30.0,64.0,220.53668212890625,-1.2171966783311097,0.4756538204269566,-3.473961005955754,-3.088961056374514,-1.704597891261704,0.4920041034137272,-0.0918239354140258,2.562499878329205,0.3992523830963432,2.654374933471221
30.0,64.0,206.0865936279297,-0.4136640260106263,0.9637106885170554,-2.9696422279674346,-2.517993647082837,-1.152636326933622,0.6940352725647709,-0.0210584370002549,2.519039761688368,0.2592651220353566,2.0256750277175684
30.0,64.0,245.9429931640625,-0.8483266135729868,0.6453986865434707,-3.506552371550096,-3.271625883978806,-2.56814784519429,0.2147286641374462,-0.1436646083617611,2.4296898910346845,0.2413711030766583,2.371772908737178
30.0,64.0,220.6161956787109,-0.9503927517081534,0.677458880081766,-3.4985466721108613,-3.1419557166689587,-2.6450864950941537,0.7657276416976995,-0.0800017667336136,2.591298282155937,0.2318220931468717,1.9778696258291708
30.0,64.0,209.95681762695312,-0.8546054761373488,0.5561256830121146,-3.5196763665523463,-2.9998356632825494,-1.6631055522139582,0.5872105304760162,-0.0307104087849592,2.588951662564981,0.2473229352094717,1.9606851088631445
30.0,64.0,205.36083984375,-1.0410372824203336,0.7676645361621044,-3.3922084993722885,-2.757479147550971,-1.3696282247663814,0.7197802351399657,0.0253103845882088,2.591243372468218,0.2560553276800137,2.054097732849192
30.0,64.0,205.4263153076172,-1.0610826982318322,0.7387432132212964,-3.5269101097837323,-2.588175478326636,-1.3746018730768372,0.7544874944278932,-0.0259144887775997,2.5909527780546773,0.210068459110206,2.063579531483645
30.0,64.0,205.0666046142578,-1.1845443985933988,0.700803757263604,-3.952121874349335,-2.4643146691599824,-1.274298511414923,0.7420774041366475,-0.0662084833539095,2.5733936463653886,0.2075128882354602,2.0449957298774586
30.0,64.0,201.031967163086,-0.6268196516608248,1.0287813157008212,-2.63371231473624,-2.432648748308807,-1.2392268679699336,0.8754636454127289,-0.0004532060230834,2.576048408553612,0.2434831677544173,1.9381746870674568
30.0,64.0,193.2711181640625,-0.6842758594564051,0.9680666246710484,-2.934993020487215,-2.4698144457057767,-1.3060954259054494,0.7538183924378333,-0.0179424193089091,2.5683203777484263,0.2437561066007904,1.997710454656931
30.0,64.0,203.7299041748047,-1.4671963034076896,0.7718039591814964,-3.521820860113768,-2.7055890962796987,-1.3850800460590984,0.7492558679810841,0.0041742840984898,2.5864682179734686,0.2295821296873494,1.9406396168518183
30.0,64.0,240.0376892089844,-0.818985015422538,0.7325545795717203,-3.463958090524869,-3.1745869837099026,-1.9281247841715203,0.2058466922336207,-0.3766659363291286,2.6001316734345754,0.2265875295001577,2.1979228280822705
30.0,64.0,291.2152099609375,-0.4925722241072047,0.979423402732359,-3.605525640219117,-3.1749731558961845,-1.915760572200272,0.5698221181835107,-0.0820334709090166,2.7895552300879123,0.2353030132978962,2.6257327440521387
30.0,64.0,220.605712890625,-1.2895249897217784,0.6267801880458499,-3.669371183878931,-3.708187388611526,-1.371776205624486,0.7876874042806006,-0.1093378182371131,2.5556089237368944,0.217041584977199,1.9716464210471627
30.0,64.0,210.02865600585932,-0.8580111126169524,0.7817574778197114,-3.3139554907647666,-2.747140032872876,-1.527584908101148,0.7203383849461824,0.0051663944622394,2.5105962979010927,0.2203589910254215,2.0933798890874407
30.0,64.0,260.75506591796875,-0.7235173814946477,0.2633142916060825,-3.729488048766044,-2.598819823759516,-1.5621266964312754,0.5837873023273118,-0.2228563854805409,2.2311934862750764,0.0184947537160842,1.5811522207979942
30.0,64.0,204.6615753173828,-0.5881550896358864,0.7674344455864472,-3.706109957006408,-2.5490152043218943,-1.384775274145316,0.7089915513049554,-0.019301064098781,2.568138754848365,0.2395113008345916,1.984760122398856
30.0,64.0,209.853515625,-0.6115977473066232,0.7776220381257966,-3.835539989399004,-2.6171739805113914,-1.275521664933832,0.7366176474541036,-0.0458302544230463,2.584816162634513,0.2980722673261389,2.069972514370848
30.0,64.0,220.6042022705078,-0.939798725952892,0.5407874015422488,-2.877861819393124,-2.71067747161837,-1.3196979108534272,0.8199973681854954,-0.0707772765236909,2.589797053892619,0.2539836208383218,2.060350469463008
30.0,64.0,192.8934631347656,-0.5880389478763564,0.9340412679251964,-2.983703478792013,-2.53209783797018,-1.308800481145049,0.8012585175405463,-0.0185404059939453,2.5841035150592684,0.2440439508493463,1.9859045521165195
30.0,64.0,245.99302673339844,-0.7494604562313425,0.5827624451646062,-3.1978432976312727,-2.930434860001456,-2.589522757468941,0.4511330050359632,-0.2349149109541924,2.459352546895984,0.2558733024443547,1.86071018527782
30.0,64.0,210.119873046875,-0.7610068930568665,0.5642124147423887,-3.726421416211226,-2.7995431788777383,-1.3708891968054873,0.679066308131347,0.0234932080174868,2.5843400721228726,0.297657964549431,2.1950618999519365
30.0,64.0,239.7064971923828,-0.2328794482560279,0.7545007887614678,-2.979455057748599,-2.512355720049881,-1.4978771075277424,0.8027093975467121,0.0324352269155117,2.5580316959530327,0.1173505329031556,1.969306052037464
30.0,64.0,215.4642791748047,-0.619272128359899,1.0161821115856564,-3.392347947738536,-3.718930889608517,-1.3159031693529706,0.8296082231312336,0.0283507836533688,2.580653015910745,0.2883060967232943,2.043397947376025
30.0,64.0,205.575927734375,-0.8160173862793221,0.5906195673798553,-3.5501247184478806,-2.9220737949502533,-1.5276746941164658,0.7254873283981647,-0.0189028447691116,2.5943872451814447,0.2168908645567235,1.9760531472632008
30.0,64.0,206.15182495117188,-1.021208591034679,0.50961503660092,-3.144610939529908,-2.765177086552761,-1.4071357512523337,0.6938978150236301,-0.0147396806557166,2.548052965813157,0.2183828022744247,1.9028349602058523
30.0,64.0,202.34161376953125,-0.5437153968472443,1.2201362092178465,-2.9327896380515743,-2.3348892932454093,-1.3680692879890928,0.799878162172721,-0.0708515878000364,2.5944630893413843,0.1819189383454921,1.921531755368276
30.0,64.0,262.9179077148437,-0.9391109084640024,0.6797087949740567,-4.111601741642644,-2.3000698770336268,-1.4991903001224878,0.5231833854320784,-0.0024491857493256,2.7031747050873243,0.2590100123505139,1.7831169464725047
30.0,64.0,211.49984741210932,-0.6023430394608064,0.6862990325442788,-3.3371353581117207,-2.8851573211860253,-1.389844403508281,0.7960834819435386,-0.0731183203058278,2.570385485955568,0.1939850410112546,2.062637422407674
30.0,64.0,215.00582885742188,-1.3362269621506024,0.6909401133240985,-3.6958136060628175,-2.766535802928542,-1.578943155117534,0.5991151981177973,-0.0611612945314653,2.5056992509925267,0.0700747834210505,1.865374583499689
30.0,64.0,195.95263671875,-0.6271930896169433,0.8435034056843016,-2.981856159743415,-2.586050744610472,-1.3074273322785814,0.7748523112005237,-0.0253269704720538,2.5806821632638424,0.1918897234445147,1.954706450325797
30.0,64.0,218.819091796875,-0.2133921015998691,0.8572345381536358,-3.246033883334662,-2.5817480463900853,-1.327543888707885,0.7353851583893327,0.0967121922272309,2.6002963966507906,0.249185144606241,2.11489074898864
30.0,64.0,205.047607421875,-0.6609559854213537,0.7871131318435379,-3.5999991813568446,-2.77458827519174,-1.387742524160843,0.7056590435064164,-0.0314407563718354,2.5859177673965985,0.2640673916392313,2.030959219546158
30.0,64.0,185.83172607421875,-0.5667145595346732,1.0911922048553038,-2.928158411831461,-2.472280901217557,-1.2213801626458107,0.818224212690349,0.0050904277746674,2.568940471011983,0.1948895607766022,1.90106489908542
30.0,65.0,214.22732543945312,-0.5709375357719852,0.6099977697356924,-3.140555826576952,-2.751540540879751,-1.5639863451240932,0.7150772700534826,-0.0298015949691891,2.517225884112829,0.2132561271602341,1.8995796105848937
30.0,65.0,201.4370574951172,-0.4540401323260987,0.8179070478135094,-3.314276906304189,-2.628539443785192,-1.3337882873665527,0.7127938785222587,-0.0269535484838654,2.590339428802196,0.2594558839508205,2.0689052243034824
30.0,65.0,216.8951416015625,-0.8209688307021434,0.7380708179123863,-3.421735287255472,-2.590285251222465,-1.155161557111979,0.7342647559357545,-0.0585356627712509,2.540457390469685,0.2245473946276626,2.0744917312299864
30.0,65.0,205.40724182128903,-1.2471719392371754,0.7338063691250966,-3.6956164114227614,-2.6893020048638974,-1.4361633841990469,0.7509499775402746,-0.0265320376388999,2.5844589496606782,0.2214973721181175,2.0621365244733765
30.0,65.0,203.8832092285156,-1.4790613265445376,0.7732738784922106,-3.3582703227624244,-2.695334901826924,-1.3453112019984668,0.7075198587616528,-0.0020897764918419,2.575840366118009,0.2040841445302196,2.0670954059278106
30.0,65.0,208.1419677734375,-0.5342015380373079,1.0720311382894645,-3.3340957290525863,-2.6667101620008924,-1.3101819711917453,0.7581667987173277,0.0774657658696823,2.6315187676672407,0.2126302386078593,1.879943475928813
30.0,65.0,195.5624847412109,-0.3451478678304719,1.0717443615239337,-2.771548981327064,-2.214819499359658,-1.2895722244912626,0.6724892302553315,0.0126343785100021,2.559422637340044,0.2397533649450093,1.940281613285566
30.0,65.0,201.9364318847656,-0.6216002226330657,1.1651981050950706,-3.00501997478066,-2.495720412970558,-1.3643600620778402,0.7940991917500423,-0.0500238193391704,2.58558153261216,0.2473227464931295,1.916354915974653
30.0,65.0,203.4140472412109,-0.5678473708618155,0.7799693007154738,-3.6749830968560486,-2.725391649065348,-1.3797502672892723,0.7480700850134762,-0.0265029683648772,2.586302994710479,0.2283338142204806,2.0667280186433774
30.0,65.0,217.80987548828125,-0.7399219093249991,0.6265199654248446,-3.3812386568411683,-3.115740592719888,-2.4970438835882924,0.4187495791001843,-0.1164287251613381,2.541142812644273,0.2703581298861386,2.0687642066891287
30.0,65.0,201.7044219970703,-0.6552952230338768,0.789537644755984,-3.131677153117997,-2.725862189701337,-1.327890814222953,0.7257755438118074,-0.0264966475501739,2.5879562114865826,0.2411740536822892,2.06908069814025
30.0,65.0,197.7736053466797,-0.5050292979431045,0.8962254264119011,-2.952646966192616,-2.4656824027540325,-1.1495912180374015,0.7802683933554012,-0.0489277025236076,2.579380314024927,0.2286910243190448,1.966488924729619
30.0,65.0,207.52395629882807,-1.0172369141889488,0.5097226488719611,-3.674337809841004,-2.8353189978585056,-1.3644168602548383,0.7515932251121955,-0.0172059671688819,2.580125632767812,0.2261450789481383,2.063133829032119
30.0,65.0,182.019760131836,-0.5392721594138349,1.1145180488571664,-2.822954610021082,-2.4096468062716165,-1.2431023037581062,0.8743321482948021,0.0152327089681988,2.5709854267475163,0.1821806113995575,1.92764036949352
30.0,65.0,221.4112243652344,-0.3577889705867167,0.8293934806643648,-3.3979003253151454,-2.7654536822693285,-1.6698577467448548,0.6572926121331348,0.0036915510580502,2.630194871551593,0.2211682507633885,2.2321347321959304
30.0,65.0,194.0189514160156,-0.0987051146018236,1.1127685542247996,-2.829082236557894,-2.5035103169323984,-1.1771908999568623,0.7753637514500991,0.0129953676279054,2.557876661296899,0.221519012637788,1.8834728851683344
30.0,65.0,220.53668212890625,-1.2171966783311097,0.4756538204269566,-3.473961005955754,-3.088961056374514,-1.704597891261704,0.4920041034137272,-0.0918239354140258,2.562499878329205,0.3992523830963432,2.654374933471221
30.0,65.0,206.0865936279297,-0.4136640260106263,0.9637106885170554,-2.9696422279674346,-2.517993647082837,-1.152636326933622,0.6940352725647709,-0.0210584370002549,2.519039761688368,0.2592651220353566,2.0256750277175684
30.0,65.0,245.9429931640625,-0.8483266135729868,0.6453986865434707,-3.506552371550096,-3.271625883978806,-2.56814784519429,0.2147286641374462,-0.1436646083617611,2.4296898910346845,0.2413711030766583,2.371772908737178
30.0,65.0,220.6161956787109,-0.9503927517081534,0.677458880081766,-3.4985466721108613,-3.1419557166689587,-2.6450864950941537,0.7657276416976995,-0.0800017667336136,2.591298282155937,0.2318220931468717,1.9778696258291708
30.0,65.0,209.95681762695312,-0.8546054761373488,0.5561256830121146,-3.5196763665523463,-2.9998356632825494,-1.6631055522139582,0.5872105304760162,-0.0307104087849592,2.588951662564981,0.2473229352094717,1.9606851088631445
30.0,65.0,205.36083984375,-1.0410372824203336,0.7676645361621044,-3.3922084993722885,-2.757479147550971,-1.3696282247663814,0.7197802351399657,0.0253103845882088,2.591243372468218,0.2560553276800137,2.054097732849192
30.0,65.0,205.4263153076172,-1.0610826982318322,0.7387432132212964,-3.5269101097837323,-2.588175478326636,-1.3746018730768372,0.7544874944278932,-0.0259144887775997,2.5909527780546773,0.210068459110206,2.063579531483645
30.0,65.0,205.0666046142578,-1.1845443985933988,0.700803757263604,-3.952121874349335,-2.4643146691599824,-1.274298511414923,0.7420774041366475,-0.0662084833539095,2.5733936463653886,0.2075128882354602,2.0449957298774586
30.0,65.0,201.031967163086,-0.6268196516608248,1.0287813157008212,-2.63371231473624,-2.432648748308807,-1.2392268679699336,0.8754636454127289,-0.0004532060230834,2.576048408553612,0.2434831677544173,1.9381746870674568
30.0,65.0,193.2711181640625,-0.6842758594564051,0.9680666246710484,-2.934993020487215,-2.4698144457057767,-1.3060954259054494,0.7538183924378333,-0.0179424193089091,2.5683203777484263,0.2437561066007904,1.997710454656931
30.0,65.0,203.7299041748047,-1.4671963034076896,0.7718039591814964,-3.521820860113768,-2.7055890962796987,-1.3850800460590984,0.7492558679810841,0.0041742840984898,2.5864682179734686,0.2295821296873494,1.9406396168518183
30.0,65.0,240.0376892089844,-0.818985015422538,0.7325545795717203,-3.463958090524869,-3.1745869837099026,-1.9281247841715203,0.2058466922336207,-0.3766659363291286,2.6001316734345754,0.2265875295001577,2.1979228280822705
30.0,65.0,239.34703063964844,-0.5573109000134422,1.0820330890696988,-3.240952051214933,-3.640707829016172,-1.7737497179098791,0.4745016799634982,0.0314885242161033,2.6135288507269894,0.153150853889011,1.936260516662292
30.0,65.0,220.605712890625,-1.2895249897217784,0.6267801880458499,-3.669371183878931,-3.708187388611526,-1.371776205624486,0.7876874042806006,-0.1093378182371131,2.5556089237368944,0.217041584977199,1.9716464210471627
30.0,65.0,210.02865600585932,-0.8580111126169524,0.7817574778197114,-3.3139554907647666,-2.747140032872876,-1.527584908101148,0.7203383849461824,0.0051663944622394,2.5105962979010927,0.2203589910254215,2.0933798890874407
30.0,65.0,260.75506591796875,-0.7235173814946477,0.2633142916060825,-3.729488048766044,-2.598819823759516,-1.5621266964312754,0.5837873023273118,-0.2228563854805409,2.2311934862750764,0.0184947537160842,1.5811522207979942
30.0,65.0,204.6615753173828,-0.5881550896358864,0.7674344455864472,-3.706109957006408,-2.5490152043218943,-1.384775274145316,0.7089915513049554,-0.019301064098781,2.568138754848365,0.2395113008345916,1.984760122398856
30.0,65.0,209.853515625,-0.6115977473066232,0.7776220381257966,-3.835539989399004,-2.6171739805113914,-1.275521664933832,0.7366176474541036,-0.0458302544230463,2.584816162634513,0.2980722673261389,2.069972514370848
30.0,65.0,213.7247009277344,-0.919755006307186,0.8433972614779855,-3.85184466801622,-2.567086034020021,-1.2103577328021369,0.8304192596650548,-0.0121405386026417,2.554998066444173,0.1500114237482923,1.87399203461314
30.0,65.0,192.8934631347656,-0.5880389478763564,0.9340412679251964,-2.983703478792013,-2.53209783797018,-1.308800481145049,0.8012585175405463,-0.0185404059939453,2.5841035150592684,0.2440439508493463,1.9859045521165195
30.0,65.0,245.99302673339844,-0.7494604562313425,0.5827624451646062,-3.1978432976312727,-2.930434860001456,-2.589522757468941,0.4511330050359632,-0.2349149109541924,2.459352546895984,0.2558733024443547,1.86071018527782
30.0,65.0,210.119873046875,-0.7610068930568665,0.5642124147423887,-3.726421416211226,-2.7995431788777383,-1.3708891968054873,0.679066308131347,0.0234932080174868,2.5843400721228726,0.297657964549431,2.1950618999519365
30.0,65.0,239.7064971923828,-0.2328794482560279,0.7545007887614678,-2.979455057748599,-2.512355720049881,-1.4978771075277424,0.8027093975467121,0.0324352269155117,2.5580316959530327,0.1173505329031556,1.969306052037464
30.0,65.0,215.4642791748047,-0.619272128359899,1.0161821115856564,-3.392347947738536,-3.718930889608517,-1.3159031693529706,0.8296082231312336,0.0283507836533688,2.580653015910745,0.2883060967232943,2.043397947376025
30.0,65.0,205.575927734375,-0.8160173862793221,0.5906195673798553,-3.5501247184478806,-2.9220737949502533,-1.5276746941164658,0.7254873283981647,-0.0189028447691116,2.5943872451814447,0.2168908645567235,1.9760531472632008
30.0,65.0,206.15182495117188,-1.021208591034679,0.50961503660092,-3.144610939529908,-2.765177086552761,-1.4071357512523337,0.6938978150236301,-0.0147396806557166,2.548052965813157,0.2183828022744247,1.9028349602058523
30.0,65.0,202.34161376953125,-0.5437153968472443,1.2201362092178465,-2.9327896380515743,-2.3348892932454093,-1.3680692879890928,0.799878162172721,-0.0708515878000364,2.5944630893413843,0.1819189383454921,1.921531755368276
30.0,65.0,262.9179077148437,-0.9391109084640024,0.6797087949740567,-4.111601741642644,-2.3000698770336268,-1.4991903001224878,0.5231833854320784,-0.0024491857493256,2.7031747050873243,0.2590100123505139,1.7831169464725047
30.0,65.0,211.49984741210932,-0.6023430394608064,0.6862990325442788,-3.3371353581117207,-2.8851573211860253,-1.389844403508281,0.7960834819435386,-0.0731183203058278,2.570385485955568,0.1939850410112546,2.062637422407674
30.0,65.0,215.00582885742188,-1.3362269621506024,0.6909401133240985,-3.6958136060628175,-2.766535802928542,-1.578943155117534,0.5991151981177973,-0.0611612945314653,2.5056992509925267,0.0700747834210505,1.865374583499689
30.0,65.0,195.95263671875,-0.6271930896169433,0.8435034056843016,-2.981856159743415,-2.586050744610472,-1.3074273322785814,0.7748523112005237,-0.0253269704720538,2.5806821632638424,0.1918897234445147,1.954706450325797
30.0,65.0,216.70318603515625,-0.7525064745697687,0.6740056924469794,-2.631164278897585,-2.4297450353032444,-1.2503322854860095,0.7344559772764387,-0.0013826729221246,2.5851005678129044,0.1799968723576052,1.8336707324189496
30.0,65.0,198.83090209960932,-0.7178621712551736,1.383075448188278,-2.5556999423751128,-2.251233660636461,-1.2882835382359523,0.7116569375176779,-0.0066505498125672,2.5722764236122315,0.2004850188154407,1.8216064868194104
30.0,65.0,185.83172607421875,-0.5667145595346732,1.0911922048553038,-2.928158411831461,-2.472280901217557,-1.2213801626458107,0.818224212690349,0.0050904277746674,2.568940471011983,0.1948895607766022,1.90106489908542
30.0,66.0,214.22732543945312,-0.5709375357719852,0.6099977697356924,-3.140555826576952,-2.751540540879751,-1.5639863451240932,0.7150772700534826,-0.0298015949691891,2.517225884112829,0.2132561271602341,1.8995796105848937
30.0,66.0,201.4370574951172,-0.4540401323260987,0.8179070478135094,-3.314276906304189,-2.628539443785192,-1.3337882873665527,0.7127938785222587,-0.0269535484838654,2.590339428802196,0.2594558839508205,2.0689052243034824
30.0,66.0,216.8951416015625,-0.8209688307021434,0.7380708179123863,-3.421735287255472,-2.590285251222465,-1.155161557111979,0.7342647559357545,-0.0585356627712509,2.540457390469685,0.2245473946276626,2.0744917312299864
30.0,66.0,205.40724182128903,-1.2471719392371754,0.7338063691250966,-3.6956164114227614,-2.6893020048638974,-1.4361633841990469,0.7509499775402746,-0.0265320376388999,2.5844589496606782,0.2214973721181175,2.0621365244733765
30.0,66.0,203.8832092285156,-1.4790613265445376,0.7732738784922106,-3.3582703227624244,-2.695334901826924,-1.3453112019984668,0.7075198587616528,-0.0020897764918419,2.575840366118009,0.2040841445302196,2.0670954059278106
30.0,66.0,208.1419677734375,-0.5342015380373079,1.0720311382894645,-3.3340957290525863,-2.6667101620008924,-1.3101819711917453,0.7581667987173277,0.0774657658696823,2.6315187676672407,0.2126302386078593,1.879943475928813
30.0,66.0,195.5624847412109,-0.3451478678304719,1.0717443615239337,-2.771548981327064,-2.214819499359658,-1.2895722244912626,0.6724892302553315,0.0126343785100021,2.559422637340044,0.2397533649450093,1.940281613285566
30.0,66.0,201.9364318847656,-0.6216002226330657,1.1651981050950706,-3.00501997478066,-2.495720412970558,-1.3643600620778402,0.7940991917500423,-0.0500238193391704,2.58558153261216,0.2473227464931295,1.916354915974653
30.0,66.0,203.4140472412109,-0.5678473708618155,0.7799693007154738,-3.6749830968560486,-2.725391649065348,-1.3797502672892723,0.7480700850134762,-0.0265029683648772,2.586302994710479,0.2283338142204806,2.0667280186433774
30.0,66.0,217.80987548828125,-0.7399219093249991,0.6265199654248446,-3.3812386568411683,-3.115740592719888,-2.4970438835882924,0.4187495791001843,-0.1164287251613381,2.541142812644273,0.2703581298861386,2.0687642066891287
30.0,66.0,201.7044219970703,-0.6552952230338768,0.789537644755984,-3.131677153117997,-2.725862189701337,-1.327890814222953,0.7257755438118074,-0.0264966475501739,2.5879562114865826,0.2411740536822892,2.06908069814025
30.0,66.0,188.41647338867188,-0.5137304771441006,0.9929209088884844,-2.7986637815732704,-2.263940936754043,-1.2142922384553498,0.74975816369942,-0.0101938686823111,2.565019253833686,0.2026761658776608,1.938850885137227
30.0,66.0,207.52395629882807,-1.0172369141889488,0.5097226488719611,-3.674337809841004,-2.8353189978585056,-1.3644168602548383,0.7515932251121955,-0.0172059671688819,2.580125632767812,0.2261450789481383,2.063133829032119
30.0,66.0,182.019760131836,-0.5392721594138349,1.1145180488571664,-2.822954610021082,-2.4096468062716165,-1.2431023037581062,0.8743321482948021,0.0152327089681988,2.5709854267475163,0.1821806113995575,1.92764036949352
30.0,66.0,221.4112243652344,-0.3577889705867167,0.8293934806643648,-3.3979003253151454,-2.7654536822693285,-1.6698577467448548,0.6572926121331348,0.0036915510580502,2.630194871551593,0.2211682507633885,2.2321347321959304
30.0,66.0,184.14129638671875,-0.5074798594717527,1.1505347075765056,-2.870528530422053,-2.333445418532947,-1.2085254101523273,0.8099746220958399,0.016537482578328,2.550539847660915,0.2261421499117579,1.8369009866617525
30.0,66.0,220.53668212890625,-1.2171966783311097,0.4756538204269566,-3.473961005955754,-3.088961056374514,-1.704597891261704,0.4920041034137272,-0.0918239354140258,2.562499878329205,0.3992523830963432,2.654374933471221
30.0,66.0,197.72836303710932,-0.3719592089117266,1.2451048443435582,-2.971700110236734,-2.4171846573585323,-1.4858130559802385,0.6250833538124337,0.0243475802454595,2.599196726228091,0.2075258447930438,2.057903081567385
30.0,66.0,245.9429931640625,-0.8483266135729868,0.6453986865434707,-3.506552371550096,-3.271625883978806,-2.56814784519429,0.2147286641374462,-0.1436646083617611,2.4296898910346845,0.2413711030766583,2.371772908737178
30.0,66.0,220.6161956787109,-0.9503927517081534,0.677458880081766,-3.4985466721108613,-3.1419557166689587,-2.6450864950941537,0.7657276416976995,-0.0800017667336136,2.591298282155937,0.2318220931468717,1.9778696258291708
30.0,66.0,209.95681762695312,-0.8546054761373488,0.5561256830121146,-3.5196763665523463,-2.9998356632825494,-1.6631055522139582,0.5872105304760162,-0.0307104087849592,2.588951662564981,0.2473229352094717,1.9606851088631445
30.0,66.0,205.36083984375,-1.0410372824203336,0.7676645361621044,-3.3922084993722885,-2.757479147550971,-1.3696282247663814,0.7197802351399657,0.0253103845882088,2.591243372468218,0.2560553276800137,2.054097732849192
30.0,66.0,205.4263153076172,-1.0610826982318322,0.7387432132212964,-3.5269101097837323,-2.588175478326636,-1.3746018730768372,0.7544874944278932,-0.0259144887775997,2.5909527780546773,0.210068459110206,2.063579531483645
30.0,66.0,205.0666046142578,-1.1845443985933988,0.700803757263604,-3.952121874349335,-2.4643146691599824,-1.274298511414923,0.7420774041366475,-0.0662084833539095,2.5733936463653886,0.2075128882354602,2.0449957298774586
30.0,66.0,201.031967163086,-0.6268196516608248,1.0287813157008212,-2.63371231473624,-2.432648748308807,-1.2392268679699336,0.8754636454127289,-0.0004532060230834,2.576048408553612,0.2434831677544173,1.9381746870674568
30.0,66.0,193.2711181640625,-0.6842758594564051,0.9680666246710484,-2.934993020487215,-2.4698144457057767,-1.3060954259054494,0.7538183924378333,-0.0179424193089091,2.5683203777484263,0.2437561066007904,1.997710454656931
30.0,66.0,203.7299041748047,-1.4671963034076896,0.7718039591814964,-3.521820860113768,-2.7055890962796987,-1.3850800460590984,0.7492558679810841,0.0041742840984898,2.5864682179734686,0.2295821296873494,1.9406396168518183
30.0,66.0,240.0376892089844,-0.818985015422538,0.7325545795717203,-3.463958090524869,-3.1745869837099026,-1.9281247841715203,0.2058466922336207,-0.3766659363291286,2.6001316734345754,0.2265875295001577,2.1979228280822705
30.0,66.0,239.34703063964844,-0.5573109000134422,1.0820330890696988,-3.240952051214933,-3.640707829016172,-1.7737497179098791,0.4745016799634982,0.0314885242161033,2.6135288507269894,0.153150853889011,1.936260516662292
30.0,66.0,220.605712890625,-1.2895249897217784,0.6267801880458499,-3.669371183878931,-3.708187388611526,-1.371776205624486,0.7876874042806006,-0.1093378182371131,2.5556089237368944,0.217041584977199,1.9716464210471627
30.0,66.0,210.02865600585932,-0.8580111126169524,0.7817574778197114,-3.3139554907647666,-2.747140032872876,-1.527584908101148,0.7203383849461824,0.0051663944622394,2.5105962979010927,0.2203589910254215,2.0933798890874407
30.0,66.0,260.75506591796875,-0.7235173814946477,0.2633142916060825,-3.729488048766044,-2.598819823759516,-1.5621266964312754,0.5837873023273118,-0.2228563854805409,2.2311934862750764,0.0184947537160842,1.5811522207979942
30.0,66.0,204.6615753173828,-0.5881550896358864,0.7674344455864472,-3.706109957006408,-2.5490152043218943,-1.384775274145316,0.7089915513049554,-0.019301064098781,2.568138754848365,0.2395113008345916,1.984760122398856
30.0,66.0,209.853515625,-0.6115977473066232,0.7776220381257966,-3.835539989399004,-2.6171739805113914,-1.275521664933832,0.7366176474541036,-0.0458302544230463,2.584816162634513,0.2980722673261389,2.069972514370848
30.0,66.0,213.7247009277344,-0.919755006307186,0.8433972614779855,-3.85184466801622,-2.567086034020021,-1.2103577328021369,0.8304192596650548,-0.0121405386026417,2.554998066444173,0.1500114237482923,1.87399203461314
30.0,66.0,192.8934631347656,-0.5880389478763564,0.9340412679251964,-2.983703478792013,-2.53209783797018,-1.308800481145049,0.8012585175405463,-0.0185404059939453,2.5841035150592684,0.2440439508493463,1.9859045521165195
30.0,66.0,245.99302673339844,-0.7494604562313425,0.5827624451646062,-3.1978432976312727,-2.930434860001456,-2.589522757468941,0.4511330050359632,-0.2349149109541924,2.459352546895984,0.2558733024443547,1.86071018527782
30.0,66.0,210.119873046875,-0.7610068930568665,0.5642124147423887,-3.726421416211226,-2.7995431788777383,-1.3708891968054873,0.679066308131347,0.0234932080174868,2.5843400721228726,0.297657964549431,2.1950618999519365
30.0,66.0,239.7064971923828,-0.2328794482560279,0.7545007887614678,-2.979455057748599,-2.512355720049881,-1.4978771075277424,0.8027093975467121,0.0324352269155117,2.5580316959530327,0.1173505329031556,1.969306052037464
30.0,66.0,215.4642791748047,-0.619272128359899,1.0161821115856564,-3.392347947738536,-3.718930889608517,-1.3159031693529706,0.8296082231312336,0.0283507836533688,2.580653015910745,0.2883060967232943,2.043397947376025
30.0,66.0,205.575927734375,-0.8160173862793221,0.5906195673798553,-3.5501247184478806,-2.9220737949502533,-1.5276746941164658,0.7254873283981647,-0.0189028447691116,2.5943872451814447,0.2168908645567235,1.9760531472632008
30.0,66.0,206.15182495117188,-1.021208591034679,0.50961503660092,-3.144610939529908,-2.765177086552761,-1.4071357512523337,0.6938978150236301,-0.0147396806557166,2.548052965813157,0.2183828022744247,1.9028349602058523
30.0,66.0,202.34161376953125,-0.5437153968472443,1.2201362092178465,-2.9327896380515743,-2.3348892932454093,-1.3680692879890928,0.799878162172721,-0.0708515878000364,2.5944630893413843,0.1819189383454921,1.921531755368276
30.0,66.0,262.9179077148437,-0.9391109084640024,0.6797087949740567,-4.111601741642644,-2.3000698770336268,-1.4991903001224878,0.5231833854320784,-0.0024491857493256,2.7031747050873243,0.2590100123505139,1.7831169464725047
30.0,66.0,211.49984741210932,-0.6023430394608064,0.6862990325442788,-3.3371353581117207,-2.8851573211860253,-1.389844403508281,0.7960834819435386,-0.0731183203058278,2.570385485955568,0.1939850410112546,2.062637422407674
30.0,66.0,215.00582885742188,-1.3362269621506024,0.6909401133240985,-3.6958136060628175,-2.766535802928542,-1.578943155117534,0.5991151981177973,-0.0611612945314653,2.5056992509925267,0.0700747834210505,1.865374583499689
30.0,66.0,195.95263671875,-0.6271930896169433,0.8435034056843016,-2.981856159743415,-2.586050744610472,-1.3074273322785814,0.7748523112005237,-0.0253269704720538,2.5806821632638424,0.1918897234445147,1.954706450325797
30.0,66.0,216.70318603515625,-0.7525064745697687,0.6740056924469794,-2.631164278897585,-2.4297450353032444,-1.2503322854860095,0.7344559772764387,-0.0013826729221246,2.5851005678129044,0.1799968723576052,1.8336707324189496
30.0,66.0,195.40826416015625,-0.4313268452784733,1.5964089542966549,-2.559706087218293,-2.474855308174541,-1.2185376998536803,0.7074595262452336,0.0177350221483261,2.569258811955444,0.1681044651715849,1.874896677292096
30.0,66.0,177.81500244140625,-0.5073008455582954,1.1951952556920071,-2.8214771859586443,-2.3834511055318104,-1.2511788929918908,0.8532804357301367,0.0380303727122156,2.5670712433875686,0.1549955360813808,1.9020463062591708
30.0,67.0,214.22732543945312,-0.5709375357719852,0.6099977697356924,-3.140555826576952,-2.751540540879751,-1.5639863451240932,0.7150772700534826,-0.0298015949691891,2.517225884112829,0.2132561271602341,1.8995796105848937
30.0,67.0,201.4370574951172,-0.4540401323260987,0.8179070478135094,-3.314276906304189,-2.628539443785192,-1.3337882873665527,0.7127938785222587,-0.0269535484838654,2.590339428802196,0.2594558839508205,2.0689052243034824
30.0,67.0,216.8951416015625,-0.8209688307021434,0.7380708179123863,-3.421735287255472,-2.590285251222465,-1.155161557111979,0.7342647559357545,-0.0585356627712509,2.540457390469685,0.2245473946276626,2.0744917312299864
30.0,67.0,205.40724182128903,-1.2471719392371754,0.7338063691250966,-3.6956164114227614,-2.6893020048638974,-1.4361633841990469,0.7509499775402746,-0.0265320376388999,2.5844589496606782,0.2214973721181175,2.0621365244733765
30.0,67.0,203.8832092285156,-1.4790613265445376,0.7732738784922106,-3.3582703227624244,-2.695334901826924,-1.3453112019984668,0.7075198587616528,-0.0020897764918419,2.575840366118009,0.2040841445302196,2.0670954059278106
30.0,67.0,208.1419677734375,-0.5342015380373079,1.0720311382894645,-3.3340957290525863,-2.6667101620008924,-1.3101819711917453,0.7581667987173277,0.0774657658696823,2.6315187676672407,0.2126302386078593,1.879943475928813
30.0,67.0,185.60337829589844,-0.626756935226114,1.0943243965401392,-2.7574811282738323,-2.43141408164491,-1.2420120237613066,0.8396900515179762,0.0380053051348984,2.568718101020372,0.1889918269794381,1.9101453785487623
30.0,67.0,199.08404541015625,-0.5370876268876162,0.8825927289308854,-2.860106546102352,-2.31633209847673,-1.2172180712151208,0.9150745458037765,0.0517230563252085,2.575049599854513,0.2556136943223807,1.9587082660463515
30.0,67.0,203.4140472412109,-0.5678473708618155,0.7799693007154738,-3.6749830968560486,-2.725391649065348,-1.3797502672892723,0.7480700850134762,-0.0265029683648772,2.586302994710479,0.2283338142204806,2.0667280186433774
30.0,67.0,217.80987548828125,-0.7399219093249991,0.6265199654248446,-3.3812386568411683,-3.115740592719888,-2.4970438835882924,0.4187495791001843,-0.1164287251613381,2.541142812644273,0.2703581298861386,2.0687642066891287
30.0,67.0,201.7044219970703,-0.6552952230338768,0.789537644755984,-3.131677153117997,-2.725862189701337,-1.327890814222953,0.7257755438118074,-0.0264966475501739,2.5879562114865826,0.2411740536822892,2.06908069814025
30.0,67.0,188.41647338867188,-0.5137304771441006,0.9929209088884844,-2.7986637815732704,-2.263940936754043,-1.2142922384553498,0.74975816369942,-0.0101938686823111,2.565019253833686,0.2026761658776608,1.938850885137227
30.0,67.0,207.52395629882807,-1.0172369141889488,0.5097226488719611,-3.674337809841004,-2.8353189978585056,-1.3644168602548383,0.7515932251121955,-0.0172059671688819,2.580125632767812,0.2261450789481383,2.063133829032119
30.0,67.0,175.8495330810547,-0.4775785043656096,1.232828352030302,-2.829773447056977,-2.384111755209133,-1.2235130123262596,0.8677996048050263,0.0581306772521697,2.565029186474866,0.1954501146382836,1.8987196644750453
30.0,67.0,221.4112243652344,-0.3577889705867167,0.8293934806643648,-3.3979003253151454,-2.7654536822693285,-1.6698577467448548,0.6572926121331348,0.0036915510580502,2.630194871551593,0.2211682507633885,2.2321347321959304
30.0,67.0,184.14129638671875,-0.5074798594717527,1.1505347075765056,-2.870528530422053,-2.333445418532947,-1.2085254101523273,0.8099746220958399,0.016537482578328,2.550539847660915,0.2261421499117579,1.8369009866617525
30.0,67.0,220.53668212890625,-1.2171966783311097,0.4756538204269566,-3.473961005955754,-3.088961056374514,-1.704597891261704,0.4920041034137272,-0.0918239354140258,2.562499878329205,0.3992523830963432,2.654374933471221
30.0,67.0,197.72836303710932,-0.3719592089117266,1.2451048443435582,-2.971700110236734,-2.4171846573585323,-1.4858130559802385,0.6250833538124337,0.0243475802454595,2.599196726228091,0.2075258447930438,2.057903081567385
30.0,67.0,245.9429931640625,-0.8483266135729868,0.6453986865434707,-3.506552371550096,-3.271625883978806,-2.56814784519429,0.2147286641374462,-0.1436646083617611,2.4296898910346845,0.2413711030766583,2.371772908737178
30.0,67.0,220.6161956787109,-0.9503927517081534,0.677458880081766,-3.4985466721108613,-3.1419557166689587,-2.6450864950941537,0.7657276416976995,-0.0800017667336136,2.591298282155937,0.2318220931468717,1.9778696258291708
30.0,67.0,209.95681762695312,-0.8546054761373488,0.5561256830121146,-3.5196763665523463,-2.9998356632825494,-1.6631055522139582,0.5872105304760162,-0.0307104087849592,2.588951662564981,0.2473229352094717,1.9606851088631445
30.0,67.0,205.36083984375,-1.0410372824203336,0.7676645361621044,-3.3922084993722885,-2.757479147550971,-1.3696282247663814,0.7197802351399657,0.0253103845882088,2.591243372468218,0.2560553276800137,2.054097732849192
30.0,67.0,205.4263153076172,-1.0610826982318322,0.7387432132212964,-3.5269101097837323,-2.588175478326636,-1.3746018730768372,0.7544874944278932,-0.0259144887775997,2.5909527780546773,0.210068459110206,2.063579531483645
30.0,67.0,205.0666046142578,-1.1845443985933988,0.700803757263604,-3.952121874349335,-2.4643146691599824,-1.274298511414923,0.7420774041366475,-0.0662084833539095,2.5733936463653886,0.2075128882354602,2.0449957298774586
30.0,67.0,187.77005004882807,-0.4348341341403705,1.0780260629205825,-2.728307428114979,-2.215201899237105,-1.1902887331037997,0.936982184469548,0.0450413033638718,2.555137163599826,0.2035784538177373,1.8811055583074303
30.0,67.0,192.06378173828125,-0.5058883891659122,1.0510504277245758,-2.957106111888418,-2.520255353320372,-1.3475359744539834,0.8728805334504063,0.0566681793561207,2.578424709802364,0.1565460451023538,1.918769612422188
30.0,67.0,203.7299041748047,-1.4671963034076896,0.7718039591814964,-3.521820860113768,-2.7055890962796987,-1.3850800460590984,0.7492558679810841,0.0041742840984898,2.5864682179734686,0.2295821296873494,1.9406396168518183
30.0,67.0,240.0376892089844,-0.818985015422538,0.7325545795717203,-3.463958090524869,-3.1745869837099026,-1.9281247841715203,0.2058466922336207,-0.3766659363291286,2.6001316734345754,0.2265875295001577,2.1979228280822705
30.0,67.0,239.34703063964844,-0.5573109000134422,1.0820330890696988,-3.240952051214933,-3.640707829016172,-1.7737497179098791,0.4745016799634982,0.0314885242161033,2.6135288507269894,0.153150853889011,1.936260516662292
30.0,67.0,220.605712890625,-1.2895249897217784,0.6267801880458499,-3.669371183878931,-3.708187388611526,-1.371776205624486,0.7876874042806006,-0.1093378182371131,2.5556089237368944,0.217041584977199,1.9716464210471627
30.0,67.0,210.02865600585932,-0.8580111126169524,0.7817574778197114,-3.3139554907647666,-2.747140032872876,-1.527584908101148,0.7203383849461824,0.0051663944622394,2.5105962979010927,0.2203589910254215,2.0933798890874407
30.0,67.0,260.75506591796875,-0.7235173814946477,0.2633142916060825,-3.729488048766044,-2.598819823759516,-1.5621266964312754,0.5837873023273118,-0.2228563854805409,2.2311934862750764,0.0184947537160842,1.5811522207979942
30.0,67.0,204.6615753173828,-0.5881550896358864,0.7674344455864472,-3.706109957006408,-2.5490152043218943,-1.384775274145316,0.7089915513049554,-0.019301064098781,2.568138754848365,0.2395113008345916,1.984760122398856
30.0,67.0,209.853515625,-0.6115977473066232,0.7776220381257966,-3.835539989399004,-2.6171739805113914,-1.275521664933832,0.7366176474541036,-0.0458302544230463,2.584816162634513,0.2980722673261389,2.069972514370848
30.0,67.0,213.7247009277344,-0.919755006307186,0.8433972614779855,-3.85184466801622,-2.567086034020021,-1.2103577328021369,0.8304192596650548,-0.0121405386026417,2.554998066444173,0.1500114237482923,1.87399203461314
30.0,67.0,183.142578125,-0.4846044644683147,1.2609479698209585,-2.716297376533628,-2.491168390990333,-1.1779980610367318,0.8558323048887874,0.0049094907774674,2.5735246353900574,0.2271908311138594,1.853213008450933
30.0,67.0,245.99302673339844,-0.7494604562313425,0.5827624451646062,-3.1978432976312727,-2.930434860001456,-2.589522757468941,0.4511330050359632,-0.2349149109541924,2.459352546895984,0.2558733024443547,1.86071018527782
30.0,67.0,210.119873046875,-0.7610068930568665,0.5642124147423887,-3.726421416211226,-2.7995431788777383,-1.3708891968054873,0.679066308131347,0.0234932080174868,2.5843400721228726,0.297657964549431,2.1950618999519365
30.0,67.0,239.7064971923828,-0.2328794482560279,0.7545007887614678,-2.979455057748599,-2.512355720049881,-1.4978771075277424,0.8027093975467121,0.0324352269155117,2.5580316959530327,0.1173505329031556,1.969306052037464
30.0,67.0,215.4642791748047,-0.619272128359899,1.0161821115856564,-3.392347947738536,-3.718930889608517,-1.3159031693529706,0.8296082231312336,0.0283507836533688,2.580653015910745,0.2883060967232943,2.043397947376025
30.0,67.0,205.575927734375,-0.8160173862793221,0.5906195673798553,-3.5501247184478806,-2.9220737949502533,-1.5276746941164658,0.7254873283981647,-0.0189028447691116,2.5943872451814447,0.2168908645567235,1.9760531472632008
30.0,67.0,206.15182495117188,-1.021208591034679,0.50961503660092,-3.144610939529908,-2.765177086552761,-1.4071357512523337,0.6938978150236301,-0.0147396806557166,2.548052965813157,0.2183828022744247,1.9028349602058523
30.0,67.0,194.58029174804688,-0.5245956248124446,1.4500222033515322,-2.5190258495763183,-2.4153411069066792,-1.3700299018227702,0.8063024211262269,-0.0473590275528375,2.586918098301548,0.1673408758335884,1.9519671080299204
30.0,67.0,262.9179077148437,-0.9391109084640024,0.6797087949740567,-4.111601741642644,-2.3000698770336268,-1.4991903001224878,0.5231833854320784,-0.0024491857493256,2.7031747050873243,0.2590100123505139,1.7831169464725047
30.0,67.0,211.49984741210932,-0.6023430394608064,0.6862990325442788,-3.3371353581117207,-2.8851573211860253,-1.389844403508281,0.7960834819435386,-0.0731183203058278,2.570385485955568,0.1939850410112546,2.062637422407674
30.0,67.0,215.00582885742188,-1.3362269621506024,0.6909401133240985,-3.6958136060628175,-2.766535802928542,-1.578943155117534,0.5991151981177973,-0.0611612945314653,2.5056992509925267,0.0700747834210505,1.865374583499689
30.0,67.0,195.95263671875,-0.6271930896169433,0.8435034056843016,-2.981856159743415,-2.586050744610472,-1.3074273322785814,0.7748523112005237,-0.0253269704720538,2.5806821632638424,0.1918897234445147,1.954706450325797
30.0,67.0,194.90689086914065,-0.3906770073754061,1.2906934202926608,-2.9198592697587946,-2.3652407507083018,-1.2778464332277075,0.9795194702467488,0.0807765824346126,2.572695955274747,0.1568605211684292,1.866264555499184
30.0,67.0,195.40826416015625,-0.4313268452784733,1.5964089542966549,-2.559706087218293,-2.474855308174541,-1.2185376998536803,0.7074595262452336,0.0177350221483261,2.569258811955444,0.1681044651715849,1.874896677292096
30.0,67.0,177.81500244140625,-0.5073008455582954,1.1951952556920071,-2.8214771859586443,-2.3834511055318104,-1.2511788929918908,0.8532804357301367,0.0380303727122156,2.5670712433875686,0.1549955360813808,1.9020463062591708
30.0,68.0,214.22732543945312,-0.5709375357719852,0.6099977697356924,-3.140555826576952,-2.751540540879751,-1.5639863451240932,0.7150772700534826,-0.0298015949691891,2.517225884112829,0.2132561271602341,1.8995796105848937
30.0,68.0,201.4370574951172,-0.4540401323260987,0.8179070478135094,-3.314276906304189,-2.628539443785192,-1.3337882873665527,0.7127938785222587,-0.0269535484838654,2.590339428802196,0.2594558839508205,2.0689052243034824
30.0,68.0,216.8951416015625,-0.8209688307021434,0.7380708179123863,-3.421735287255472,-2.590285251222465,-1.155161557111979,0.7342647559357545,-0.0585356627712509,2.540457390469685,0.2245473946276626,2.0744917312299864
30.0,68.0,205.40724182128903,-1.2471719392371754,0.7338063691250966,-3.6956164114227614,-2.6893020048638974,-1.4361633841990469,0.7509499775402746,-0.0265320376388999,2.5844589496606782,0.2214973721181175,2.0621365244733765
30.0,68.0,203.8832092285156,-1.4790613265445376,0.7732738784922106,-3.3582703227624244,-2.695334901826924,-1.3453112019984668,0.7075198587616528,-0.0020897764918419,2.575840366118009,0.2040841445302196,2.0670954059278106
30.0,68.0,208.1419677734375,-0.5342015380373079,1.0720311382894645,-3.3340957290525863,-2.6667101620008924,-1.3101819711917453,0.7581667987173277,0.0774657658696823,2.6315187676672407,0.2126302386078593,1.879943475928813
30.0,68.0,185.60337829589844,-0.626756935226114,1.0943243965401392,-2.7574811282738323,-2.43141408164491,-1.2420120237613066,0.8396900515179762,0.0380053051348984,2.568718101020372,0.1889918269794381,1.9101453785487623
30.0,68.0,193.0452880859375,-0.4057110143690113,1.250813761181166,-2.8502432235087976,-2.386086152799156,-1.2589571461412723,0.959285757650596,0.1116866914412746,2.551738669778126,0.2516525927486736,1.8493942605914075
30.0,68.0,203.4140472412109,-0.5678473708618155,0.7799693007154738,-3.6749830968560486,-2.725391649065348,-1.3797502672892723,0.7480700850134762,-0.0265029683648772,2.586302994710479,0.2283338142204806,2.0667280186433774
30.0,68.0,217.80987548828125,-0.7399219093249991,0.6265199654248446,-3.3812386568411683,-3.115740592719888,-2.4970438835882924,0.4187495791001843,-0.1164287251613381,2.541142812644273,0.2703581298861386,2.0687642066891287
30.0,68.0,201.7044219970703,-0.6552952230338768,0.789537644755984,-3.131677153117997,-2.725862189701337,-1.327890814222953,0.7257755438118074,-0.0264966475501739,2.5879562114865826,0.2411740536822892,2.06908069814025
30.0,68.0,183.3599853515625,-0.462187961107799,1.2094342741401296,-2.762874702349084,-2.4415079766471326,-1.2228150071878905,0.8648192226059986,0.1359768177164564,2.5644962672729417,0.1544165972581752,1.996336860179472
30.0,68.0,207.52395629882807,-1.0172369141889488,0.5097226488719611,-3.674337809841004,-2.8353189978585056,-1.3644168602548383,0.7515932251121955,-0.0172059671688819,2.580125632767812,0.2261450789481383,2.063133829032119
30.0,68.0,175.8495330810547,-0.4775785043656096,1.232828352030302,-2.829773447056977,-2.384111755209133,-1.2235130123262596,0.8677996048050263,0.0581306772521697,2.565029186474866,0.1954501146382836,1.8987196644750453
30.0,68.0,221.4112243652344,-0.3577889705867167,0.8293934806643648,-3.3979003253151454,-2.7654536822693285,-1.6698577467448548,0.6572926121331348,0.0036915510580502,2.630194871551593,0.2211682507633885,2.2321347321959304
30.0,68.0,184.14129638671875,-0.5074798594717527,1.1505347075765056,-2.870528530422053,-2.333445418532947,-1.2085254101523273,0.8099746220958399,0.016537482578328,2.550539847660915,0.2261421499117579,1.8369009866617525
30.0,68.0,220.53668212890625,-1.2171966783311097,0.4756538204269566,-3.473961005955754,-3.088961056374514,-1.704597891261704,0.4920041034137272,-0.0918239354140258,2.562499878329205,0.3992523830963432,2.654374933471221
30.0,68.0,197.72836303710932,-0.3719592089117266,1.2451048443435582,-2.971700110236734,-2.4171846573585323,-1.4858130559802385,0.6250833538124337,0.0243475802454595,2.599196726228091,0.2075258447930438,2.057903081567385
30.0,68.0,245.9429931640625,-0.8483266135729868,0.6453986865434707,-3.506552371550096,-3.271625883978806,-2.56814784519429,0.2147286641374462,-0.1436646083617611,2.4296898910346845,0.2413711030766583,2.371772908737178
30.0,68.0,220.6161956787109,-0.9503927517081534,0.677458880081766,-3.4985466721108613,-3.1419557166689587,-2.6450864950941537,0.7657276416976995,-0.0800017667336136,2.591298282155937,0.2318220931468717,1.9778696258291708
30.0,68.0,209.95681762695312,-0.8546054761373488,0.5561256830121146,-3.5196763665523463,-2.9998356632825494,-1.6631055522139582,0.5872105304760162,-0.0307104087849592,2.588951662564981,0.2473229352094717,1.9606851088631445
30.0,68.0,205.36083984375,-1.0410372824203336,0.7676645361621044,-3.3922084993722885,-2.757479147550971,-1.3696282247663814,0.7197802351399657,0.0253103845882088,2.591243372468218,0.2560553276800137,2.054097732849192
30.0,68.0,205.4263153076172,-1.0610826982318322,0.7387432132212964,-3.5269101097837323,-2.588175478326636,-1.3746018730768372,0.7544874944278932,-0.0259144887775997,2.5909527780546773,0.210068459110206,2.063579531483645
30.0,68.0,205.0666046142578,-1.1845443985933988,0.700803757263604,-3.952121874349335,-2.4643146691599824,-1.274298511414923,0.7420774041366475,-0.0662084833539095,2.5733936463653886,0.2075128882354602,2.0449957298774586
30.0,68.0,187.77005004882807,-0.4348341341403705,1.0780260629205825,-2.728307428114979,-2.215201899237105,-1.1902887331037997,0.936982184469548,0.0450413033638718,2.555137163599826,0.2035784538177373,1.8811055583074303
30.0,68.0,175.30068969726562,-0.4055457816762336,1.263913903039687,-2.850935314060796,-2.4387868566246165,-1.2653950579440352,0.8641941942146514,0.0904198307835558,2.586353114030645,0.1626290224490627,1.938798413501564
30.0,68.0,203.7299041748047,-1.4671963034076896,0.7718039591814964,-3.521820860113768,-2.7055890962796987,-1.3850800460590984,0.7492558679810841,0.0041742840984898,2.5864682179734686,0.2295821296873494,1.9406396168518183
30.0,68.0,240.0376892089844,-0.818985015422538,0.7325545795717203,-3.463958090524869,-3.1745869837099026,-1.9281247841715203,0.2058466922336207,-0.3766659363291286,2.6001316734345754,0.2265875295001577,2.1979228280822705
30.0,68.0,239.34703063964844,-0.5573109000134422,1.0820330890696988,-3.240952051214933,-3.640707829016172,-1.7737497179098791,0.4745016799634982,0.0314885242161033,2.6135288507269894,0.153150853889011,1.936260516662292
30.0,68.0,220.605712890625,-1.2895249897217784,0.6267801880458499,-3.669371183878931,-3.708187388611526,-1.371776205624486,0.7876874042806006,-0.1093378182371131,2.5556089237368944,0.217041584977199,1.9716464210471627
30.0,68.0,210.02865600585932,-0.8580111126169524,0.7817574778197114,-3.3139554907647666,-2.747140032872876,-1.527584908101148,0.7203383849461824,0.0051663944622394,2.5105962979010927,0.2203589910254215,2.0933798890874407
30.0,68.0,260.75506591796875,-0.7235173814946477,0.2633142916060825,-3.729488048766044,-2.598819823759516,-1.5621266964312754,0.5837873023273118,-0.2228563854805409,2.2311934862750764,0.0184947537160842,1.5811522207979942
30.0,68.0,204.6615753173828,-0.5881550896358864,0.7674344455864472,-3.706109957006408,-2.5490152043218943,-1.384775274145316,0.7089915513049554,-0.019301064098781,2.568138754848365,0.2395113008345916,1.984760122398856
30.0,68.0,209.853515625,-0.6115977473066232,0.7776220381257966,-3.835539989399004,-2.6171739805113914,-1.275521664933832,0.7366176474541036,-0.0458302544230463,2.584816162634513,0.2980722673261389,2.069972514370848
30.0,68.0,213.7247009277344,-0.919755006307186,0.8433972614779855,-3.85184466801622,-2.567086034020021,-1.2103577328021369,0.8304192596650548,-0.0121405386026417,2.554998066444173,0.1500114237482923,1.87399203461314
30.0,68.0,173.4844970703125,-0.4273616948999679,1.4241941112673162,-2.6073675234919125,-2.380429173902992,-1.1242479626007147,0.8366447347762911,0.101895573365002,2.5567655090313064,0.1828939151738544,1.798051917970429
30.0,68.0,245.99302673339844,-0.7494604562313425,0.5827624451646062,-3.1978432976312727,-2.930434860001456,-2.589522757468941,0.4511330050359632,-0.2349149109541924,2.459352546895984,0.2558733024443547,1.86071018527782
30.0,68.0,210.119873046875,-0.7610068930568665,0.5642124147423887,-3.726421416211226,-2.7995431788777383,-1.3708891968054873,0.679066308131347,0.0234932080174868,2.5843400721228726,0.297657964549431,2.1950618999519365
30.0,68.0,239.7064971923828,-0.2328794482560279,0.7545007887614678,-2.979455057748599,-2.512355720049881,-1.4978771075277424,0.8027093975467121,0.0324352269155117,2.5580316959530327,0.1173505329031556,1.969306052037464
30.0,68.0,215.4642791748047,-0.619272128359899,1.0161821115856564,-3.392347947738536,-3.718930889608517,-1.3159031693529706,0.8296082231312336,0.0283507836533688,2.580653015910745,0.2883060967232943,2.043397947376025
30.0,68.0,205.575927734375,-0.8160173862793221,0.5906195673798553,-3.5501247184478806,-2.9220737949502533,-1.5276746941164658,0.7254873283981647,-0.0189028447691116,2.5943872451814447,0.2168908645567235,1.9760531472632008
30.0,68.0,206.15182495117188,-1.021208591034679,0.50961503660092,-3.144610939529908,-2.765177086552761,-1.4071357512523337,0.6938978150236301,-0.0147396806557166,2.548052965813157,0.2183828022744247,1.9028349602058523
30.0,68.0,194.58029174804688,-0.5245956248124446,1.4500222033515322,-2.5190258495763183,-2.4153411069066792,-1.3700299018227702,0.8063024211262269,-0.0473590275528375,2.586918098301548,0.1673408758335884,1.9519671080299204
30.0,68.0,262.9179077148437,-0.9391109084640024,0.6797087949740567,-4.111601741642644,-2.3000698770336268,-1.4991903001224878,0.5231833854320784,-0.0024491857493256,2.7031747050873243,0.2590100123505139,1.7831169464725047
30.0,68.0,211.49984741210932,-0.6023430394608064,0.6862990325442788,-3.3371353581117207,-2.8851573211860253,-1.389844403508281,0.7960834819435386,-0.0731183203058278,2.570385485955568,0.1939850410112546,2.062637422407674
30.0,68.0,215.00582885742188,-1.3362269621506024,0.6909401133240985,-3.6958136060628175,-2.766535802928542,-1.578943155117534,0.5991151981177973,-0.0611612945314653,2.5056992509925267,0.0700747834210505,1.865374583499689
30.0,68.0,195.95263671875,-0.6271930896169433,0.8435034056843016,-2.981856159743415,-2.586050744610472,-1.3074273322785814,0.7748523112005237,-0.0253269704720538,2.5806821632638424,0.1918897234445147,1.954706450325797
30.0,68.0,182.55075073242188,-0.3254270103462373,1.2110756139283363,-2.702799948654653,-2.405299768243127,-1.21239468363437,1.0058715261768818,0.1277891668890426,2.5815633423538173,0.1943088712438058,1.8885274824497724
30.0,68.0,195.40826416015625,-0.4313268452784733,1.5964089542966549,-2.559706087218293,-2.474855308174541,-1.2185376998536803,0.7074595262452336,0.0177350221483261,2.569258811955444,0.1681044651715849,1.874896677292096
30.0,68.0,173.00320434570312,-0.4374654517932287,1.2357249990135362,-2.79238402845472,-2.355827463102169,-1.220448700538539,0.8911572022735176,0.0642796433100644,2.564324926403032,0.1520911367781914,1.9022022776230323
30.0,69.0,214.22732543945312,-0.5709375357719852,0.6099977697356924,-3.140555826576952,-2.751540540879751,-1.5639863451240932,0.7150772700534826,-0.0298015949691891,2.517225884112829,0.2132561271602341,1.8995796105848937
30.0,69.0,201.4370574951172,-0.4540401323260987,0.8179070478135094,-3.314276906304189,-2.628539443785192,-1.3337882873665527,0.7127938785222587,-0.0269535484838654,2.590339428802196,0.2594558839508205,2.0689052243034824
30.0,69.0,216.8951416015625,-0.8209688307021434,0.7380708179123863,-3.421735287255472,-2.590285251222465,-1.155161557111979,0.7342647559357545,-0.0585356627712509,2.540457390469685,0.2245473946276626,2.0744917312299864
30.0,69.0,205.40724182128903,-1.2471719392371754,0.7338063691250966,-3.6956164114227614,-2.6893020048638974,-1.4361633841990469,0.7509499775402746,-0.0265320376388999,2.5844589496606782,0.2214973721181175,2.0621365244733765
30.0,69.0,203.8832092285156,-1.4790613265445376,0.7732738784922106,-3.3582703227624244,-2.695334901826924,-1.3453112019984668,0.7075198587616528,-0.0020897764918419,2.575840366118009,0.2040841445302196,2.0670954059278106
30.0,69.0,176.92063903808594,-0.5128636191748109,1.2247389574996688,-2.7819010448892167,-2.4467991445151207,-1.2879055984765355,0.7681206657248971,-0.0115460438445526,2.5518158826653736,0.1997881625219492,1.9035138886835352
30.0,69.0,185.60337829589844,-0.626756935226114,1.0943243965401392,-2.7574811282738323,-2.43141408164491,-1.2420120237613066,0.8396900515179762,0.0380053051348984,2.568718101020372,0.1889918269794381,1.9101453785487623
30.0,69.0,188.5603179931641,-0.3834995514884349,1.4439604245083684,-2.785240659300588,-2.374271267048012,-1.206065077054912,0.925550923488687,0.1444297922023185,2.5410758530765984,0.070486442442354,1.840904738842488
30.0,69.0,203.4140472412109,-0.5678473708618155,0.7799693007154738,-3.6749830968560486,-2.725391649065348,-1.3797502672892723,0.7480700850134762,-0.0265029683648772,2.586302994710479,0.2283338142204806,2.0667280186433774
30.0,69.0,217.80987548828125,-0.7399219093249991,0.6265199654248446,-3.3812386568411683,-3.115740592719888,-2.4970438835882924,0.4187495791001843,-0.1164287251613381,2.541142812644273,0.2703581298861386,2.0687642066891287
30.0,69.0,201.7044219970703,-0.6552952230338768,0.789537644755984,-3.131677153117997,-2.725862189701337,-1.327890814222953,0.7257755438118074,-0.0264966475501739,2.5879562114865826,0.2411740536822892,2.06908069814025
30.0,69.0,180.76876831054688,-0.3934678436822287,1.1994000651636727,-2.7746842077308864,-2.4806529882597568,-1.1678443788452353,0.856790289104261,0.0867030367966464,2.5666915428653563,0.1617692716843377,2.056591827331284
30.0,69.0,207.52395629882807,-1.0172369141889488,0.5097226488719611,-3.674337809841004,-2.8353189978585056,-1.3644168602548383,0.7515932251121955,-0.0172059671688819,2.580125632767812,0.2261450789481383,2.063133829032119
30.0,69.0,175.8495330810547,-0.4775785043656096,1.232828352030302,-2.829773447056977,-2.384111755209133,-1.2235130123262596,0.8677996048050263,0.0581306772521697,2.565029186474866,0.1954501146382836,1.8987196644750453
30.0,69.0,221.4112243652344,-0.3577889705867167,0.8293934806643648,-3.3979003253151454,-2.7654536822693285,-1.6698577467448548,0.6572926121331348,0.0036915510580502,2.630194871551593,0.2211682507633885,2.2321347321959304
30.0,69.0,164.40052795410156,-0.2312741245420057,1.2516199075585743,-2.8441994915153583,-2.3834304593099085,-1.1823672700932044,0.8618921272376177,0.0314612351403292,2.5499487110438994,0.1330393156940826,1.8288779424411608
30.0,69.0,220.53668212890625,-1.2171966783311097,0.4756538204269566,-3.473961005955754,-3.088961056374514,-1.704597891261704,0.4920041034137272,-0.0918239354140258,2.562499878329205,0.3992523830963432,2.654374933471221
30.0,69.0,197.72836303710932,-0.3719592089117266,1.2451048443435582,-2.971700110236734,-2.4171846573585323,-1.4858130559802385,0.6250833538124337,0.0243475802454595,2.599196726228091,0.2075258447930438,2.057903081567385
30.0,69.0,245.9429931640625,-0.8483266135729868,0.6453986865434707,-3.506552371550096,-3.271625883978806,-2.56814784519429,0.2147286641374462,-0.1436646083617611,2.4296898910346845,0.2413711030766583,2.371772908737178
30.0,69.0,220.6161956787109,-0.9503927517081534,0.677458880081766,-3.4985466721108613,-3.1419557166689587,-2.6450864950941537,0.7657276416976995,-0.0800017667336136,2.591298282155937,0.2318220931468717,1.9778696258291708
30.0,69.0,209.95681762695312,-0.8546054761373488,0.5561256830121146,-3.5196763665523463,-2.9998356632825494,-1.6631055522139582,0.5872105304760162,-0.0307104087849592,2.588951662564981,0.2473229352094717,1.9606851088631445
30.0,69.0,205.36083984375,-1.0410372824203336,0.7676645361621044,-3.3922084993722885,-2.757479147550971,-1.3696282247663814,0.7197802351399657,0.0253103845882088,2.591243372468218,0.2560553276800137,2.054097732849192
30.0,69.0,205.4263153076172,-1.0610826982318322,0.7387432132212964,-3.5269101097837323,-2.588175478326636,-1.3746018730768372,0.7544874944278932,-0.0259144887775997,2.5909527780546773,0.210068459110206,2.063579531483645
30.0,69.0,205.0666046142578,-1.1845443985933988,0.700803757263604,-3.952121874349335,-2.4643146691599824,-1.274298511414923,0.7420774041366475,-0.0662084833539095,2.5733936463653886,0.2075128882354602,2.0449957298774586
30.0,69.0,167.54644775390625,-0.4349059305455656,1.358164740777227,-2.7134078567972857,-2.258475992674277,-1.1691695541845466,0.879978646170476,0.020358390298509,2.559760942443237,0.1798004860885329,1.9118310375291745
30.0,69.0,168.197265625,-0.3956108405962312,1.374953410497178,-2.7201399797026604,-2.2743242247617927,-1.201433023245342,0.9119278965783468,0.0650285464883649,2.559715416096879,0.1659117605476397,1.941754325422527
30.0,69.0,203.7299041748047,-1.4671963034076896,0.7718039591814964,-3.521820860113768,-2.7055890962796987,-1.3850800460590984,0.7492558679810841,0.0041742840984898,2.5864682179734686,0.2295821296873494,1.9406396168518183
30.0,69.0,240.0376892089844,-0.818985015422538,0.7325545795717203,-3.463958090524869,-3.1745869837099026,-1.9281247841715203,0.2058466922336207,-0.3766659363291286,2.6001316734345754,0.2265875295001577,2.1979228280822705
30.0,69.0,239.34703063964844,-0.5573109000134422,1.0820330890696988,-3.240952051214933,-3.640707829016172,-1.7737497179098791,0.4745016799634982,0.0314885242161033,2.6135288507269894,0.153150853889011,1.936260516662292
30.0,69.0,220.605712890625,-1.2895249897217784,0.6267801880458499,-3.669371183878931,-3.708187388611526,-1.371776205624486,0.7876874042806006,-0.1093378182371131,2.5556089237368944,0.217041584977199,1.9716464210471627
30.0,69.0,210.02865600585932,-0.8580111126169524,0.7817574778197114,-3.3139554907647666,-2.747140032872876,-1.527584908101148,0.7203383849461824,0.0051663944622394,2.5105962979010927,0.2203589910254215,2.0933798890874407
30.0,69.0,260.75506591796875,-0.7235173814946477,0.2633142916060825,-3.729488048766044,-2.598819823759516,-1.5621266964312754,0.5837873023273118,-0.2228563854805409,2.2311934862750764,0.0184947537160842,1.5811522207979942
30.0,69.0,204.6615753173828,-0.5881550896358864,0.7674344455864472,-3.706109957006408,-2.5490152043218943,-1.384775274145316,0.7089915513049554,-0.019301064098781,2.568138754848365,0.2395113008345916,1.984760122398856
30.0,69.0,209.853515625,-0.6115977473066232,0.7776220381257966,-3.835539989399004,-2.6171739805113914,-1.275521664933832,0.7366176474541036,-0.0458302544230463,2.584816162634513,0.2980722673261389,2.069972514370848
30.0,69.0,213.7247009277344,-0.919755006307186,0.8433972614779855,-3.85184466801622,-2.567086034020021,-1.2103577328021369,0.8304192596650548,-0.0121405386026417,2.554998066444173,0.1500114237482923,1.87399203461314
30.0,69.0,173.4844970703125,-0.4273616948999679,1.4241941112673162,-2.6073675234919125,-2.380429173902992,-1.1242479626007147,0.8366447347762911,0.101895573365002,2.5567655090313064,0.1828939151738544,1.798051917970429
30.0,69.0,245.99302673339844,-0.7494604562313425,0.5827624451646062,-3.1978432976312727,-2.930434860001456,-2.589522757468941,0.4511330050359632,-0.2349149109541924,2.459352546895984,0.2558733024443547,1.86071018527782
30.0,69.0,210.119873046875,-0.7610068930568665,0.5642124147423887,-3.726421416211226,-2.7995431788777383,-1.3708891968054873,0.679066308131347,0.0234932080174868,2.5843400721228726,0.297657964549431,2.1950618999519365
30.0,69.0,239.7064971923828,-0.2328794482560279,0.7545007887614678,-2.979455057748599,-2.512355720049881,-1.4978771075277424,0.8027093975467121,0.0324352269155117,2.5580316959530327,0.1173505329031556,1.969306052037464
30.0,69.0,215.4642791748047,-0.619272128359899,1.0161821115856564,-3.392347947738536,-3.718930889608517,-1.3159031693529706,0.8296082231312336,0.0283507836533688,2.580653015910745,0.2883060967232943,2.043397947376025
30.0,69.0,205.575927734375,-0.8160173862793221,0.5906195673798553,-3.5501247184478806,-2.9220737949502533,-1.5276746941164658,0.7254873283981647,-0.0189028447691116,2.5943872451814447,0.2168908645567235,1.9760531472632008
30.0,69.0,206.15182495117188,-1.021208591034679,0.50961503660092,-3.144610939529908,-2.765177086552761,-1.4071357512523337,0.6938978150236301,-0.0147396806557166,2.548052965813157,0.2183828022744247,1.9028349602058523
30.0,69.0,194.58029174804688,-0.5245956248124446,1.4500222033515322,-2.5190258495763183,-2.4153411069066792,-1.3700299018227702,0.8063024211262269,-0.0473590275528375,2.586918098301548,0.1673408758335884,1.9519671080299204
30.0,69.0,262.9179077148437,-0.9391109084640024,0.6797087949740567,-4.111601741642644,-2.3000698770336268,-1.4991903001224878,0.5231833854320784,-0.0024491857493256,2.7031747050873243,0.2590100123505139,1.7831169464725047
30.0,69.0,211.49984741210932,-0.6023430394608064,0.6862990325442788,-3.3371353581117207,-2.8851573211860253,-1.389844403508281,0.7960834819435386,-0.0731183203058278,2.570385485955568,0.1939850410112546,2.062637422407674
30.0,69.0,215.00582885742188,-1.3362269621506024,0.6909401133240985,-3.6958136060628175,-2.766535802928542,-1.578943155117534,0.5991151981177973,-0.0611612945314653,2.5056992509925267,0.0700747834210505,1.865374583499689
30.0,69.0,195.95263671875,-0.6271930896169433,0.8435034056843016,-2.981856159743415,-2.586050744610472,-1.3074273322785814,0.7748523112005237,-0.0253269704720538,2.5806821632638424,0.1918897234445147,1.954706450325797
30.0,69.0,167.40396118164062,-0.3173391148991081,1.210135069519238,-2.5949193608802035,-2.350179843790257,-1.1847237840690976,0.7920585800398604,0.0461634216479875,2.5653738865731595,0.1560990543059995,1.9238109672086865
30.0,69.0,195.40826416015625,-0.4313268452784733,1.5964089542966549,-2.559706087218293,-2.474855308174541,-1.2185376998536803,0.7074595262452336,0.0177350221483261,2.569258811955444,0.1681044651715849,1.874896677292096
30.0,69.0,173.00320434570312,-0.4374654517932287,1.2357249990135362,-2.79238402845472,-2.355827463102169,-1.220448700538539,0.8911572022735176,0.0642796433100644,2.564324926403032,0.1520911367781914,1.9022022776230323
30.0,70.0,214.22732543945312,-0.5709375357719852,0.6099977697356924,-3.140555826576952,-2.751540540879751,-1.5639863451240932,0.7150772700534826,-0.0298015949691891,2.517225884112829,0.2132561271602341,1.8995796105848937
30.0,70.0,201.4370574951172,-0.4540401323260987,0.8179070478135094,-3.314276906304189,-2.628539443785192,-1.3337882873665527,0.7127938785222587,-0.0269535484838654,2.590339428802196,0.2594558839508205,2.0689052243034824
30.0,70.0,216.8951416015625,-0.8209688307021434,0.7380708179123863,-3.421735287255472,-2.590285251222465,-1.155161557111979,0.7342647559357545,-0.0585356627712509,2.540457390469685,0.2245473946276626,2.0744917312299864
30.0,70.0,205.40724182128903,-1.2471719392371754,0.7338063691250966,-3.6956164114227614,-2.6893020048638974,-1.4361633841990469,0.7509499775402746,-0.0265320376388999,2.5844589496606782,0.2214973721181175,2.0621365244733765
30.0,70.0,203.8832092285156,-1.4790613265445376,0.7732738784922106,-3.3582703227624244,-2.695334901826924,-1.3453112019984668,0.7075198587616528,-0.0020897764918419,2.575840366118009,0.2040841445302196,2.0670954059278106
30.0,70.0,176.92063903808594,-0.5128636191748109,1.2247389574996688,-2.7819010448892167,-2.4467991445151207,-1.2879055984765355,0.7681206657248971,-0.0115460438445526,2.5518158826653736,0.1997881625219492,1.9035138886835352
30.0,70.0,185.60337829589844,-0.626756935226114,1.0943243965401392,-2.7574811282738323,-2.43141408164491,-1.2420120237613066,0.8396900515179762,0.0380053051348984,2.568718101020372,0.1889918269794381,1.9101453785487623
30.0,70.0,188.5603179931641,-0.3834995514884349,1.4439604245083684,-2.785240659300588,-2.374271267048012,-1.206065077054912,0.925550923488687,0.1444297922023185,2.5410758530765984,0.070486442442354,1.840904738842488
30.0,70.0,203.4140472412109,-0.5678473708618155,0.7799693007154738,-3.6749830968560486,-2.725391649065348,-1.3797502672892723,0.7480700850134762,-0.0265029683648772,2.586302994710479,0.2283338142204806,2.0667280186433774
30.0,70.0,217.80987548828125,-0.7399219093249991,0.6265199654248446,-3.3812386568411683,-3.115740592719888,-2.4970438835882924,0.4187495791001843,-0.1164287251613381,2.541142812644273,0.2703581298861386,2.0687642066891287
30.0,70.0,201.7044219970703,-0.6552952230338768,0.789537644755984,-3.131677153117997,-2.725862189701337,-1.327890814222953,0.7257755438118074,-0.0264966475501739,2.5879562114865826,0.2411740536822892,2.06908069814025
30.0,70.0,180.07049560546875,-0.0408401442609799,1.2057477633173896,-2.80763108947954,-2.333289116570641,-1.1494351731806491,0.8565851608553919,-0.0292387583747943,2.542507045614074,0.1263240639261116,1.7476740732728648
30.0,70.0,207.52395629882807,-1.0172369141889488,0.5097226488719611,-3.674337809841004,-2.8353189978585056,-1.3644168602548383,0.7515932251121955,-0.0172059671688819,2.580125632767812,0.2261450789481383,2.063133829032119
30.0,70.0,175.8495330810547,-0.4775785043656096,1.232828352030302,-2.829773447056977,-2.384111755209133,-1.2235130123262596,0.8677996048050263,0.0581306772521697,2.565029186474866,0.1954501146382836,1.8987196644750453
30.0,70.0,221.4112243652344,-0.3577889705867167,0.8293934806643648,-3.3979003253151454,-2.7654536822693285,-1.6698577467448548,0.6572926121331348,0.0036915510580502,2.630194871551593,0.2211682507633885,2.2321347321959304
30.0,70.0,164.40052795410156,-0.2312741245420057,1.2516199075585743,-2.8441994915153583,-2.3834304593099085,-1.1823672700932044,0.8618921272376177,0.0314612351403292,2.5499487110438994,0.1330393156940826,1.8288779424411608
30.0,70.0,220.53668212890625,-1.2171966783311097,0.4756538204269566,-3.473961005955754,-3.088961056374514,-1.704597891261704,0.4920041034137272,-0.0918239354140258,2.562499878329205,0.3992523830963432,2.654374933471221
30.0,70.0,197.72836303710932,-0.3719592089117266,1.2451048443435582,-2.971700110236734,-2.4171846573585323,-1.4858130559802385,0.6250833538124337,0.0243475802454595,2.599196726228091,0.2075258447930438,2.057903081567385
30.0,70.0,245.9429931640625,-0.8483266135729868,0.6453986865434707,-3.506552371550096,-3.271625883978806,-2.56814784519429,0.2147286641374462,-0.1436646083617611,2.4296898910346845,0.2413711030766583,2.371772908737178
30.0,70.0,220.6161956787109,-0.9503927517081534,0.677458880081766,-3.4985466721108613,-3.1419557166689587,-2.6450864950941537,0.7657276416976995,-0.0800017667336136,2.591298282155937,0.2318220931468717,1.9778696258291708
30.0,70.0,209.95681762695312,-0.8546054761373488,0.5561256830121146,-3.5196763665523463,-2.9998356632825494,-1.6631055522139582,0.5872105304760162,-0.0307104087849592,2.588951662564981,0.2473229352094717,1.9606851088631445
30.0,70.0,205.36083984375,-1.0410372824203336,0.7676645361621044,-3.3922084993722885,-2.757479147550971,-1.3696282247663814,0.7197802351399657,0.0253103845882088,2.591243372468218,0.2560553276800137,2.054097732849192
30.0,70.0,205.4263153076172,-1.0610826982318322,0.7387432132212964,-3.5269101097837323,-2.588175478326636,-1.3746018730768372,0.7544874944278932,-0.0259144887775997,2.5909527780546773,0.210068459110206,2.063579531483645
30.0,70.0,205.0666046142578,-1.1845443985933988,0.700803757263604,-3.952121874349335,-2.4643146691599824,-1.274298511414923,0.7420774041366475,-0.0662084833539095,2.5733936463653886,0.2075128882354602,2.0449957298774586
30.0,70.0,167.54644775390625,-0.4349059305455656,1.358164740777227,-2.7134078567972857,-2.258475992674277,-1.1691695541845466,0.879978646170476,0.020358390298509,2.559760942443237,0.1798004860885329,1.9118310375291745
30.0,70.0,161.8810272216797,-0.127827698139409,1.3503434506646173,-2.748742842126488,-2.202560255465848,-1.1477034268745885,0.8778217961212578,0.0166683139884165,2.530739622043255,0.128151922566513,1.9212025539874984
30.0,70.0,203.7299041748047,-1.4671963034076896,0.7718039591814964,-3.521820860113768,-2.7055890962796987,-1.3850800460590984,0.7492558679810841,0.0041742840984898,2.5864682179734686,0.2295821296873494,1.9406396168518183
30.0,70.0,240.0376892089844,-0.818985015422538,0.7325545795717203,-3.463958090524869,-3.1745869837099026,-1.9281247841715203,0.2058466922336207,-0.3766659363291286,2.6001316734345754,0.2265875295001577,2.1979228280822705
30.0,70.0,239.34703063964844,-0.5573109000134422,1.0820330890696988,-3.240952051214933,-3.640707829016172,-1.7737497179098791,0.4745016799634982,0.0314885242161033,2.6135288507269894,0.153150853889011,1.936260516662292
30.0,70.0,220.605712890625,-1.2895249897217784,0.6267801880458499,-3.669371183878931,-3.708187388611526,-1.371776205624486,0.7876874042806006,-0.1093378182371131,2.5556089237368944,0.217041584977199,1.9716464210471627
30.0,70.0,210.02865600585932,-0.8580111126169524,0.7817574778197114,-3.3139554907647666,-2.747140032872876,-1.527584908101148,0.7203383849461824,0.0051663944622394,2.5105962979010927,0.2203589910254215,2.0933798890874407
30.0,70.0,260.75506591796875,-0.7235173814946477,0.2633142916060825,-3.729488048766044,-2.598819823759516,-1.5621266964312754,0.5837873023273118,-0.2228563854805409,2.2311934862750764,0.0184947537160842,1.5811522207979942
30.0,70.0,204.6615753173828,-0.5881550896358864,0.7674344455864472,-3.706109957006408,-2.5490152043218943,-1.384775274145316,0.7089915513049554,-0.019301064098781,2.568138754848365,0.2395113008345916,1.984760122398856
30.0,70.0,209.853515625,-0.6115977473066232,0.7776220381257966,-3.835539989399004,-2.6171739805113914,-1.275521664933832,0.7366176474541036,-0.0458302544230463,2.584816162634513,0.2980722673261389,2.069972514370848
30.0,70.0,187.02798461914065,-0.2304175613661974,1.0983327096881783,-2.625654578204768,-2.3356485137225893,-1.1595344088636097,0.7904605323233822,0.0654427124726189,2.5129711504355194,0.0984144077129414,1.888807754687954
30.0,70.0,173.4844970703125,-0.4273616948999679,1.4241941112673162,-2.6073675234919125,-2.380429173902992,-1.1242479626007147,0.8366447347762911,0.101895573365002,2.5567655090313064,0.1828939151738544,1.798051917970429
30.0,70.0,245.99302673339844,-0.7494604562313425,0.5827624451646062,-3.1978432976312727,-2.930434860001456,-2.589522757468941,0.4511330050359632,-0.2349149109541924,2.459352546895984,0.2558733024443547,1.86071018527782
30.0,70.0,210.119873046875,-0.7610068930568665,0.5642124147423887,-3.726421416211226,-2.7995431788777383,-1.3708891968054873,0.679066308131347,0.0234932080174868,2.5843400721228726,0.297657964549431,2.1950618999519365
30.0,70.0,239.7064971923828,-0.2328794482560279,0.7545007887614678,-2.979455057748599,-2.512355720049881,-1.4978771075277424,0.8027093975467121,0.0324352269155117,2.5580316959530327,0.1173505329031556,1.969306052037464
30.0,70.0,215.4642791748047,-0.619272128359899,1.0161821115856564,-3.392347947738536,-3.718930889608517,-1.3159031693529706,0.8296082231312336,0.0283507836533688,2.580653015910745,0.2883060967232943,2.043397947376025
30.0,70.0,205.575927734375,-0.8160173862793221,0.5906195673798553,-3.5501247184478806,-2.9220737949502533,-1.5276746941164658,0.7254873283981647,-0.0189028447691116,2.5943872451814447,0.2168908645567235,1.9760531472632008
30.0,70.0,206.15182495117188,-1.021208591034679,0.50961503660092,-3.144610939529908,-2.765177086552761,-1.4071357512523337,0.6938978150236301,-0.0147396806557166,2.548052965813157,0.2183828022744247,1.9028349602058523
30.0,70.0,194.103271484375,-0.4265601489959335,1.1368361269260148,-2.6415109526169807,-2.397323464740281,-1.1937480260627074,0.9246704581212052,-0.0771721248662271,2.526764807786052,0.1519509591094809,2.003367369156924
30.0,70.0,262.9179077148437,-0.9391109084640024,0.6797087949740567,-4.111601741642644,-2.3000698770336268,-1.4991903001224878,0.5231833854320784,-0.0024491857493256,2.7031747050873243,0.2590100123505139,1.7831169464725047
30.0,70.0,211.49984741210932,-0.6023430394608064,0.6862990325442788,-3.3371353581117207,-2.8851573211860253,-1.389844403508281,0.7960834819435386,-0.0731183203058278,2.570385485955568,0.1939850410112546,2.062637422407674
30.0,70.0,215.00582885742188,-1.3362269621506024,0.6909401133240985,-3.6958136060628175,-2.766535802928542,-1.578943155117534,0.5991151981177973,-0.0611612945314653,2.5056992509925267,0.0700747834210505,1.865374583499689
30.0,70.0,195.95263671875,-0.6271930896169433,0.8435034056843016,-2.981856159743415,-2.586050744610472,-1.3074273322785814,0.7748523112005237,-0.0253269704720538,2.5806821632638424,0.1918897234445147,1.954706450325797
30.0,70.0,163.35888671875,-0.2273195789748161,1.260000859032034,-2.7675202021899468,-2.3779965205211133,-1.1648121725170024,0.8116154404411746,-0.0116952752920374,2.5278025093938608,0.0952630528363526,1.850839881445192
30.0,70.0,195.40826416015625,-0.4313268452784733,1.5964089542966549,-2.559706087218293,-2.474855308174541,-1.2185376998536803,0.7074595262452336,0.0177350221483261,2.569258811955444,0.1681044651715849,1.874896677292096
30.0,70.0,173.00320434570312,-0.4374654517932287,1.2357249990135362,-2.79238402845472,-2.355827463102169,-1.220448700538539,0.8911572022735176,0.0642796433100644,2.564324926403032,0.1520911367781914,1.9022022776230323
30.0,71.0,214.22732543945312,-0.5709375357719852,0.6099977697356924,-3.140555826576952,-2.751540540879751,-1.5639863451240932,0.7150772700534826,-0.0298015949691891,2.517225884112829,0.2132561271602341,1.8995796105848937
30.0,71.0,201.4370574951172,-0.4540401323260987,0.8179070478135094,-3.314276906304189,-2.628539443785192,-1.3337882873665527,0.7127938785222587,-0.0269535484838654,2.590339428802196,0.2594558839508205,2.0689052243034824
30.0,71.0,216.8951416015625,-0.8209688307021434,0.7380708179123863,-3.421735287255472,-2.590285251222465,-1.155161557111979,0.7342647559357545,-0.0585356627712509,2.540457390469685,0.2245473946276626,2.0744917312299864
30.0,71.0,205.40724182128903,-1.2471719392371754,0.7338063691250966,-3.6956164114227614,-2.6893020048638974,-1.4361633841990469,0.7509499775402746,-0.0265320376388999,2.5844589496606782,0.2214973721181175,2.0621365244733765
30.0,71.0,203.8832092285156,-1.4790613265445376,0.7732738784922106,-3.3582703227624244,-2.695334901826924,-1.3453112019984668,0.7075198587616528,-0.0020897764918419,2.575840366118009,0.2040841445302196,2.0670954059278106
30.0,71.0,171.24755859375,-0.333630068791559,1.2773154770224608,-2.7378550962384387,-2.380236627844272,-1.0814690638890674,0.925270489295846,-0.0017208833668505,2.5573667781639395,0.1739930666956682,1.9427062459064623
30.0,71.0,185.60337829589844,-0.626756935226114,1.0943243965401392,-2.7574811282738323,-2.43141408164491,-1.2420120237613066,0.8396900515179762,0.0380053051348984,2.568718101020372,0.1889918269794381,1.9101453785487623
30.0,71.0,188.5603179931641,-0.3834995514884349,1.4439604245083684,-2.785240659300588,-2.374271267048012,-1.206065077054912,0.925550923488687,0.1444297922023185,2.5410758530765984,0.070486442442354,1.840904738842488
30.0,71.0,203.4140472412109,-0.5678473708618155,0.7799693007154738,-3.6749830968560486,-2.725391649065348,-1.3797502672892723,0.7480700850134762,-0.0265029683648772,2.586302994710479,0.2283338142204806,2.0667280186433774
30.0,71.0,217.80987548828125,-0.7399219093249991,0.6265199654248446,-3.3812386568411683,-3.115740592719888,-2.4970438835882924,0.4187495791001843,-0.1164287251613381,2.541142812644273,0.2703581298861386,2.0687642066891287
30.0,71.0,201.7044219970703,-0.6552952230338768,0.789537644755984,-3.131677153117997,-2.725862189701337,-1.327890814222953,0.7257755438118074,-0.0264966475501739,2.5879562114865826,0.2411740536822892,2.06908069814025
30.0,71.0,180.07049560546875,-0.0408401442609799,1.2057477633173896,-2.80763108947954,-2.333289116570641,-1.1494351731806491,0.8565851608553919,-0.0292387583747943,2.542507045614074,0.1263240639261116,1.7476740732728648
30.0,71.0,207.52395629882807,-1.0172369141889488,0.5097226488719611,-3.674337809841004,-2.8353189978585056,-1.3644168602548383,0.7515932251121955,-0.0172059671688819,2.580125632767812,0.2261450789481383,2.063133829032119
30.0,71.0,175.8495330810547,-0.4775785043656096,1.232828352030302,-2.829773447056977,-2.384111755209133,-1.2235130123262596,0.8677996048050263,0.0581306772521697,2.565029186474866,0.1954501146382836,1.8987196644750453
30.0,71.0,221.4112243652344,-0.3577889705867167,0.8293934806643648,-3.3979003253151454,-2.7654536822693285,-1.6698577467448548,0.6572926121331348,0.0036915510580502,2.630194871551593,0.2211682507633885,2.2321347321959304
30.0,71.0,164.40052795410156,-0.2312741245420057,1.2516199075585743,-2.8441994915153583,-2.3834304593099085,-1.1823672700932044,0.8618921272376177,0.0314612351403292,2.5499487110438994,0.1330393156940826,1.8288779424411608
30.0,71.0,220.53668212890625,-1.2171966783311097,0.4756538204269566,-3.473961005955754,-3.088961056374514,-1.704597891261704,0.4920041034137272,-0.0918239354140258,2.562499878329205,0.3992523830963432,2.654374933471221
30.0,71.0,197.72836303710932,-0.3719592089117266,1.2451048443435582,-2.971700110236734,-2.4171846573585323,-1.4858130559802385,0.6250833538124337,0.0243475802454595,2.599196726228091,0.2075258447930438,2.057903081567385
30.0,71.0,245.9429931640625,-0.8483266135729868,0.6453986865434707,-3.506552371550096,-3.271625883978806,-2.56814784519429,0.2147286641374462,-0.1436646083617611,2.4296898910346845,0.2413711030766583,2.371772908737178
30.0,71.0,220.6161956787109,-0.9503927517081534,0.677458880081766,-3.4985466721108613,-3.1419557166689587,-2.6450864950941537,0.7657276416976995,-0.0800017667336136,2.591298282155937,0.2318220931468717,1.9778696258291708
30.0,71.0,209.95681762695312,-0.8546054761373488,0.5561256830121146,-3.5196763665523463,-2.9998356632825494,-1.6631055522139582,0.5872105304760162,-0.0307104087849592,2.588951662564981,0.2473229352094717,1.9606851088631445
30.0,71.0,205.36083984375,-1.0410372824203336,0.7676645361621044,-3.3922084993722885,-2.757479147550971,-1.3696282247663814,0.7197802351399657,0.0253103845882088,2.591243372468218,0.2560553276800137,2.054097732849192
30.0,71.0,205.4263153076172,-1.0610826982318322,0.7387432132212964,-3.5269101097837323,-2.588175478326636,-1.3746018730768372,0.7544874944278932,-0.0259144887775997,2.5909527780546773,0.210068459110206,2.063579531483645
30.0,71.0,205.0666046142578,-1.1845443985933988,0.700803757263604,-3.952121874349335,-2.4643146691599824,-1.274298511414923,0.7420774041366475,-0.0662084833539095,2.5733936463653886,0.2075128882354602,2.0449957298774586
30.0,71.0,147.59059143066406,-0.1599907260178709,1.3950295064335572,-2.639014168442954,-2.2313556162884867,-1.1559712847371466,0.9187315202657592,0.0536591368976181,2.536754732327305,0.140548622345268,1.8127552323279057
30.0,71.0,161.8810272216797,-0.127827698139409,1.3503434506646173,-2.748742842126488,-2.202560255465848,-1.1477034268745885,0.8778217961212578,0.0166683139884165,2.530739622043255,0.128151922566513,1.9212025539874984
30.0,71.0,203.7299041748047,-1.4671963034076896,0.7718039591814964,-3.521820860113768,-2.7055890962796987,-1.3850800460590984,0.7492558679810841,0.0041742840984898,2.5864682179734686,0.2295821296873494,1.9406396168518183
30.0,71.0,240.0376892089844,-0.818985015422538,0.7325545795717203,-3.463958090524869,-3.1745869837099026,-1.9281247841715203,0.2058466922336207,-0.3766659363291286,2.6001316734345754,0.2265875295001577,2.1979228280822705
30.0,71.0,239.34703063964844,-0.5573109000134422,1.0820330890696988,-3.240952051214933,-3.640707829016172,-1.7737497179098791,0.4745016799634982,0.0314885242161033,2.6135288507269894,0.153150853889011,1.936260516662292
30.0,71.0,220.605712890625,-1.2895249897217784,0.6267801880458499,-3.669371183878931,-3.708187388611526,-1.371776205624486,0.7876874042806006,-0.1093378182371131,2.5556089237368944,0.217041584977199,1.9716464210471627
30.0,71.0,210.02865600585932,-0.8580111126169524,0.7817574778197114,-3.3139554907647666,-2.747140032872876,-1.527584908101148,0.7203383849461824,0.0051663944622394,2.5105962979010927,0.2203589910254215,2.0933798890874407
30.0,71.0,260.75506591796875,-0.7235173814946477,0.2633142916060825,-3.729488048766044,-2.598819823759516,-1.5621266964312754,0.5837873023273118,-0.2228563854805409,2.2311934862750764,0.0184947537160842,1.5811522207979942
30.0,71.0,204.6615753173828,-0.5881550896358864,0.7674344455864472,-3.706109957006408,-2.5490152043218943,-1.384775274145316,0.7089915513049554,-0.019301064098781,2.568138754848365,0.2395113008345916,1.984760122398856
30.0,71.0,209.853515625,-0.6115977473066232,0.7776220381257966,-3.835539989399004,-2.6171739805113914,-1.275521664933832,0.7366176474541036,-0.0458302544230463,2.584816162634513,0.2980722673261389,2.069972514370848
30.0,71.0,187.02798461914065,-0.2304175613661974,1.0983327096881783,-2.625654578204768,-2.3356485137225893,-1.1595344088636097,0.7904605323233822,0.0654427124726189,2.5129711504355194,0.0984144077129414,1.888807754687954
30.0,71.0,173.4844970703125,-0.4273616948999679,1.4241941112673162,-2.6073675234919125,-2.380429173902992,-1.1242479626007147,0.8366447347762911,0.101895573365002,2.5567655090313064,0.1828939151738544,1.798051917970429
30.0,71.0,245.99302673339844,-0.7494604562313425,0.5827624451646062,-3.1978432976312727,-2.930434860001456,-2.589522757468941,0.4511330050359632,-0.2349149109541924,2.459352546895984,0.2558733024443547,1.86071018527782
30.0,71.0,210.119873046875,-0.7610068930568665,0.5642124147423887,-3.726421416211226,-2.7995431788777383,-1.3708891968054873,0.679066308131347,0.0234932080174868,2.5843400721228726,0.297657964549431,2.1950618999519365
30.0,71.0,239.7064971923828,-0.2328794482560279,0.7545007887614678,-2.979455057748599,-2.512355720049881,-1.4978771075277424,0.8027093975467121,0.0324352269155117,2.5580316959530327,0.1173505329031556,1.969306052037464
30.0,71.0,215.4642791748047,-0.619272128359899,1.0161821115856564,-3.392347947738536,-3.718930889608517,-1.3159031693529706,0.8296082231312336,0.0283507836533688,2.580653015910745,0.2883060967232943,2.043397947376025
30.0,71.0,205.575927734375,-0.8160173862793221,0.5906195673798553,-3.5501247184478806,-2.9220737949502533,-1.5276746941164658,0.7254873283981647,-0.0189028447691116,2.5943872451814447,0.2168908645567235,1.9760531472632008
30.0,71.0,206.15182495117188,-1.021208591034679,0.50961503660092,-3.144610939529908,-2.765177086552761,-1.4071357512523337,0.6938978150236301,-0.0147396806557166,2.548052965813157,0.2183828022744247,1.9028349602058523
30.0,71.0,194.103271484375,-0.4265601489959335,1.1368361269260148,-2.6415109526169807,-2.397323464740281,-1.1937480260627074,0.9246704581212052,-0.0771721248662271,2.526764807786052,0.1519509591094809,2.003367369156924
30.0,71.0,262.9179077148437,-0.9391109084640024,0.6797087949740567,-4.111601741642644,-2.3000698770336268,-1.4991903001224878,0.5231833854320784,-0.0024491857493256,2.7031747050873243,0.2590100123505139,1.7831169464725047
30.0,71.0,211.49984741210932,-0.6023430394608064,0.6862990325442788,-3.3371353581117207,-2.8851573211860253,-1.389844403508281,0.7960834819435386,-0.0731183203058278,2.570385485955568,0.1939850410112546,2.062637422407674
30.0,71.0,215.00582885742188,-1.3362269621506024,0.6909401133240985,-3.6958136060628175,-2.766535802928542,-1.578943155117534,0.5991151981177973,-0.0611612945314653,2.5056992509925267,0.0700747834210505,1.865374583499689
30.0,71.0,195.95263671875,-0.6271930896169433,0.8435034056843016,-2.981856159743415,-2.586050744610472,-1.3074273322785814,0.7748523112005237,-0.0253269704720538,2.5806821632638424,0.1918897234445147,1.954706450325797
30.0,71.0,163.35888671875,-0.2273195789748161,1.260000859032034,-2.7675202021899468,-2.3779965205211133,-1.1648121725170024,0.8116154404411746,-0.0116952752920374,2.5278025093938608,0.0952630528363526,1.850839881445192
30.0,71.0,195.40826416015625,-0.4313268452784733,1.5964089542966549,-2.559706087218293,-2.474855308174541,-1.2185376998536803,0.7074595262452336,0.0177350221483261,2.569258811955444,0.1681044651715849,1.874896677292096
30.0,71.0,173.00320434570312,-0.4374654517932287,1.2357249990135362,-2.79238402845472,-2.355827463102169,-1.220448700538539,0.8911572022735176,0.0642796433100644,2.564324926403032,0.1520911367781914,1.9022022776230323
30.0,72.0,214.22732543945312,-0.5709375357719852,0.6099977697356924,-3.140555826576952,-2.751540540879751,-1.5639863451240932,0.7150772700534826,-0.0298015949691891,2.517225884112829,0.2132561271602341,1.8995796105848937
30.0,72.0,201.4370574951172,-0.4540401323260987,0.8179070478135094,-3.314276906304189,-2.628539443785192,-1.3337882873665527,0.7127938785222587,-0.0269535484838654,2.590339428802196,0.2594558839508205,2.0689052243034824
30.0,72.0,216.8951416015625,-0.8209688307021434,0.7380708179123863,-3.421735287255472,-2.590285251222465,-1.155161557111979,0.7342647559357545,-0.0585356627712509,2.540457390469685,0.2245473946276626,2.0744917312299864
30.0,72.0,205.40724182128903,-1.2471719392371754,0.7338063691250966,-3.6956164114227614,-2.6893020048638974,-1.4361633841990469,0.7509499775402746,-0.0265320376388999,2.5844589496606782,0.2214973721181175,2.0621365244733765
30.0,72.0,203.8832092285156,-1.4790613265445376,0.7732738784922106,-3.3582703227624244,-2.695334901826924,-1.3453112019984668,0.7075198587616528,-0.0020897764918419,2.575840366118009,0.2040841445302196,2.0670954059278106
30.0,72.0,171.24755859375,-0.333630068791559,1.2773154770224608,-2.7378550962384387,-2.380236627844272,-1.0814690638890674,0.925270489295846,-0.0017208833668505,2.5573667781639395,0.1739930666956682,1.9427062459064623
30.0,72.0,185.60337829589844,-0.626756935226114,1.0943243965401392,-2.7574811282738323,-2.43141408164491,-1.2420120237613066,0.8396900515179762,0.0380053051348984,2.568718101020372,0.1889918269794381,1.9101453785487623
30.0,72.0,188.5603179931641,-0.3834995514884349,1.4439604245083684,-2.785240659300588,-2.374271267048012,-1.206065077054912,0.925550923488687,0.1444297922023185,2.5410758530765984,0.070486442442354,1.840904738842488
30.0,72.0,203.4140472412109,-0.5678473708618155,0.7799693007154738,-3.6749830968560486,-2.725391649065348,-1.3797502672892723,0.7480700850134762,-0.0265029683648772,2.586302994710479,0.2283338142204806,2.0667280186433774
30.0,72.0,217.80987548828125,-0.7399219093249991,0.6265199654248446,-3.3812386568411683,-3.115740592719888,-2.4970438835882924,0.4187495791001843,-0.1164287251613381,2.541142812644273,0.2703581298861386,2.0687642066891287
30.0,72.0,201.7044219970703,-0.6552952230338768,0.789537644755984,-3.131677153117997,-2.725862189701337,-1.327890814222953,0.7257755438118074,-0.0264966475501739,2.5879562114865826,0.2411740536822892,2.06908069814025
30.0,72.0,173.5728302001953,-0.2580585028983796,1.3337203164579838,-2.481928661884096,-2.379959305927828,-1.1510256820112852,0.9241293283456398,0.1007679438887994,2.5424118918400573,0.1841569944571293,1.7867257836984416
30.0,72.0,207.52395629882807,-1.0172369141889488,0.5097226488719611,-3.674337809841004,-2.8353189978585056,-1.3644168602548383,0.7515932251121955,-0.0172059671688819,2.580125632767812,0.2261450789481383,2.063133829032119
30.0,72.0,175.8495330810547,-0.4775785043656096,1.232828352030302,-2.829773447056977,-2.384111755209133,-1.2235130123262596,0.8677996048050263,0.0581306772521697,2.565029186474866,0.1954501146382836,1.8987196644750453
30.0,72.0,221.4112243652344,-0.3577889705867167,0.8293934806643648,-3.3979003253151454,-2.7654536822693285,-1.6698577467448548,0.6572926121331348,0.0036915510580502,2.630194871551593,0.2211682507633885,2.2321347321959304
30.0,72.0,164.40052795410156,-0.2312741245420057,1.2516199075585743,-2.8441994915153583,-2.3834304593099085,-1.1823672700932044,0.8618921272376177,0.0314612351403292,2.5499487110438994,0.1330393156940826,1.8288779424411608
30.0,72.0,220.53668212890625,-1.2171966783311097,0.4756538204269566,-3.473961005955754,-3.088961056374514,-1.704597891261704,0.4920041034137272,-0.0918239354140258,2.562499878329205,0.3992523830963432,2.654374933471221
30.0,72.0,175.60821533203125,-0.0846227714394584,1.4147078754970792,-2.742587727598637,-2.4208359008032008,-1.1958579179744178,1.0199632787808386,0.0605942691994708,2.591861214194366,0.1245341951026132,1.917044174958609
30.0,72.0,245.9429931640625,-0.8483266135729868,0.6453986865434707,-3.506552371550096,-3.271625883978806,-2.56814784519429,0.2147286641374462,-0.1436646083617611,2.4296898910346845,0.2413711030766583,2.371772908737178
30.0,72.0,220.6161956787109,-0.9503927517081534,0.677458880081766,-3.4985466721108613,-3.1419557166689587,-2.6450864950941537,0.7657276416976995,-0.0800017667336136,2.591298282155937,0.2318220931468717,1.9778696258291708
30.0,72.0,209.95681762695312,-0.8546054761373488,0.5561256830121146,-3.5196763665523463,-2.9998356632825494,-1.6631055522139582,0.5872105304760162,-0.0307104087849592,2.588951662564981,0.2473229352094717,1.9606851088631445
30.0,72.0,205.36083984375,-1.0410372824203336,0.7676645361621044,-3.3922084993722885,-2.757479147550971,-1.3696282247663814,0.7197802351399657,0.0253103845882088,2.591243372468218,0.2560553276800137,2.054097732849192
30.0,72.0,205.4263153076172,-1.0610826982318322,0.7387432132212964,-3.5269101097837323,-2.588175478326636,-1.3746018730768372,0.7544874944278932,-0.0259144887775997,2.5909527780546773,0.210068459110206,2.063579531483645
30.0,72.0,205.0666046142578,-1.1845443985933988,0.700803757263604,-3.952121874349335,-2.4643146691599824,-1.274298511414923,0.7420774041366475,-0.0662084833539095,2.5733936463653886,0.2075128882354602,2.0449957298774586
30.0,72.0,147.59059143066406,-0.1599907260178709,1.3950295064335572,-2.639014168442954,-2.2313556162884867,-1.1559712847371466,0.9187315202657592,0.0536591368976181,2.536754732327305,0.140548622345268,1.8127552323279057
30.0,72.0,161.8810272216797,-0.127827698139409,1.3503434506646173,-2.748742842126488,-2.202560255465848,-1.1477034268745885,0.8778217961212578,0.0166683139884165,2.530739622043255,0.128151922566513,1.9212025539874984
30.0,72.0,203.7299041748047,-1.4671963034076896,0.7718039591814964,-3.521820860113768,-2.7055890962796987,-1.3850800460590984,0.7492558679810841,0.0041742840984898,2.5864682179734686,0.2295821296873494,1.9406396168518183
30.0,72.0,240.0376892089844,-0.818985015422538,0.7325545795717203,-3.463958090524869,-3.1745869837099026,-1.9281247841715203,0.2058466922336207,-0.3766659363291286,2.6001316734345754,0.2265875295001577,2.1979228280822705
30.0,72.0,239.34703063964844,-0.5573109000134422,1.0820330890696988,-3.240952051214933,-3.640707829016172,-1.7737497179098791,0.4745016799634982,0.0314885242161033,2.6135288507269894,0.153150853889011,1.936260516662292
30.0,72.0,220.605712890625,-1.2895249897217784,0.6267801880458499,-3.669371183878931,-3.708187388611526,-1.371776205624486,0.7876874042806006,-0.1093378182371131,2.5556089237368944,0.217041584977199,1.9716464210471627
30.0,72.0,210.02865600585932,-0.8580111126169524,0.7817574778197114,-3.3139554907647666,-2.747140032872876,-1.527584908101148,0.7203383849461824,0.0051663944622394,2.5105962979010927,0.2203589910254215,2.0933798890874407
30.0,72.0,260.75506591796875,-0.7235173814946477,0.2633142916060825,-3.729488048766044,-2.598819823759516,-1.5621266964312754,0.5837873023273118,-0.2228563854805409,2.2311934862750764,0.0184947537160842,1.5811522207979942
30.0,72.0,204.6615753173828,-0.5881550896358864,0.7674344455864472,-3.706109957006408,-2.5490152043218943,-1.384775274145316,0.7089915513049554,-0.019301064098781,2.568138754848365,0.2395113008345916,1.984760122398856
30.0,72.0,209.853515625,-0.6115977473066232,0.7776220381257966,-3.835539989399004,-2.6171739805113914,-1.275521664933832,0.7366176474541036,-0.0458302544230463,2.584816162634513,0.2980722673261389,2.069972514370848
30.0,72.0,187.02798461914065,-0.2304175613661974,1.0983327096881783,-2.625654578204768,-2.3356485137225893,-1.1595344088636097,0.7904605323233822,0.0654427124726189,2.5129711504355194,0.0984144077129414,1.888807754687954
30.0,72.0,173.4844970703125,-0.4273616948999679,1.4241941112673162,-2.6073675234919125,-2.380429173902992,-1.1242479626007147,0.8366447347762911,0.101895573365002,2.5567655090313064,0.1828939151738544,1.798051917970429
30.0,72.0,245.99302673339844,-0.7494604562313425,0.5827624451646062,-3.1978432976312727,-2.930434860001456,-2.589522757468941,0.4511330050359632,-0.2349149109541924,2.459352546895984,0.2558733024443547,1.86071018527782
30.0,72.0,210.119873046875,-0.7610068930568665,0.5642124147423887,-3.726421416211226,-2.7995431788777383,-1.3708891968054873,0.679066308131347,0.0234932080174868,2.5843400721228726,0.297657964549431,2.1950618999519365
30.0,72.0,239.7064971923828,-0.2328794482560279,0.7545007887614678,-2.979455057748599,-2.512355720049881,-1.4978771075277424,0.8027093975467121,0.0324352269155117,2.5580316959530327,0.1173505329031556,1.969306052037464
30.0,72.0,215.4642791748047,-0.619272128359899,1.0161821115856564,-3.392347947738536,-3.718930889608517,-1.3159031693529706,0.8296082231312336,0.0283507836533688,2.580653015910745,0.2883060967232943,2.043397947376025
30.0,72.0,205.575927734375,-0.8160173862793221,0.5906195673798553,-3.5501247184478806,-2.9220737949502533,-1.5276746941164658,0.7254873283981647,-0.0189028447691116,2.5943872451814447,0.2168908645567235,1.9760531472632008
30.0,72.0,206.15182495117188,-1.021208591034679,0.50961503660092,-3.144610939529908,-2.765177086552761,-1.4071357512523337,0.6938978150236301,-0.0147396806557166,2.548052965813157,0.2183828022744247,1.9028349602058523
30.0,72.0,153.32322692871094,-0.2469255061733817,1.5109587309340438,-2.5725792082273338,-2.2820972719629884,-1.1743039417348822,0.9392735000097842,-0.02346056377755,2.5384977498792862,0.1391829116932507,1.7679616639714906
30.0,72.0,262.9179077148437,-0.9391109084640024,0.6797087949740567,-4.111601741642644,-2.3000698770336268,-1.4991903001224878,0.5231833854320784,-0.0024491857493256,2.7031747050873243,0.2590100123505139,1.7831169464725047
30.0,72.0,211.49984741210932,-0.6023430394608064,0.6862990325442788,-3.3371353581117207,-2.8851573211860253,-1.389844403508281,0.7960834819435386,-0.0731183203058278,2.570385485955568,0.1939850410112546,2.062637422407674
30.0,72.0,215.00582885742188,-1.3362269621506024,0.6909401133240985,-3.6958136060628175,-2.766535802928542,-1.578943155117534,0.5991151981177973,-0.0611612945314653,2.5056992509925267,0.0700747834210505,1.865374583499689
30.0,72.0,195.95263671875,-0.6271930896169433,0.8435034056843016,-2.981856159743415,-2.586050744610472,-1.3074273322785814,0.7748523112005237,-0.0253269704720538,2.5806821632638424,0.1918897234445147,1.954706450325797
30.0,72.0,163.35888671875,-0.2273195789748161,1.260000859032034,-2.7675202021899468,-2.3779965205211133,-1.1648121725170024,0.8116154404411746,-0.0116952752920374,2.5278025093938608,0.0952630528363526,1.850839881445192
30.0,72.0,195.40826416015625,-0.4313268452784733,1.5964089542966549,-2.559706087218293,-2.474855308174541,-1.2185376998536803,0.7074595262452336,0.0177350221483261,2.569258811955444,0.1681044651715849,1.874896677292096
30.0,72.0,173.00320434570312,-0.4374654517932287,1.2357249990135362,-2.79238402845472,-2.355827463102169,-1.220448700538539,0.8911572022735176,0.0642796433100644,2.564324926403032,0.1520911367781914,1.9022022776230323
30.0,73.0,214.22732543945312,-0.5709375357719852,0.6099977697356924,-3.140555826576952,-2.751540540879751,-1.5639863451240932,0.7150772700534826,-0.0298015949691891,2.517225884112829,0.2132561271602341,1.8995796105848937
30.0,73.0,201.4370574951172,-0.4540401323260987,0.8179070478135094,-3.314276906304189,-2.628539443785192,-1.3337882873665527,0.7127938785222587,-0.0269535484838654,2.590339428802196,0.2594558839508205,2.0689052243034824
30.0,73.0,216.8951416015625,-0.8209688307021434,0.7380708179123863,-3.421735287255472,-2.590285251222465,-1.155161557111979,0.7342647559357545,-0.0585356627712509,2.540457390469685,0.2245473946276626,2.0744917312299864
30.0,73.0,205.40724182128903,-1.2471719392371754,0.7338063691250966,-3.6956164114227614,-2.6893020048638974,-1.4361633841990469,0.7509499775402746,-0.0265320376388999,2.5844589496606782,0.2214973721181175,2.0621365244733765
30.0,73.0,203.8832092285156,-1.4790613265445376,0.7732738784922106,-3.3582703227624244,-2.695334901826924,-1.3453112019984668,0.7075198587616528,-0.0020897764918419,2.575840366118009,0.2040841445302196,2.0670954059278106
30.0,73.0,166.29928588867188,-0.3409036001205325,1.3813283920900024,-2.595268359952477,-2.4211568000327426,-1.2338201548842351,0.9059585032555626,0.0892001211152509,2.548200206694746,0.1735490328615134,1.8751429775844144
30.0,73.0,185.60337829589844,-0.626756935226114,1.0943243965401392,-2.7574811282738323,-2.43141408164491,-1.2420120237613066,0.8396900515179762,0.0380053051348984,2.568718101020372,0.1889918269794381,1.9101453785487623
30.0,73.0,188.5603179931641,-0.3834995514884349,1.4439604245083684,-2.785240659300588,-2.374271267048012,-1.206065077054912,0.925550923488687,0.1444297922023185,2.5410758530765984,0.070486442442354,1.840904738842488
30.0,73.0,203.4140472412109,-0.5678473708618155,0.7799693007154738,-3.6749830968560486,-2.725391649065348,-1.3797502672892723,0.7480700850134762,-0.0265029683648772,2.586302994710479,0.2283338142204806,2.0667280186433774
30.0,73.0,217.80987548828125,-0.7399219093249991,0.6265199654248446,-3.3812386568411683,-3.115740592719888,-2.4970438835882924,0.4187495791001843,-0.1164287251613381,2.541142812644273,0.2703581298861386,2.0687642066891287
30.0,73.0,201.7044219970703,-0.6552952230338768,0.789537644755984,-3.131677153117997,-2.725862189701337,-1.327890814222953,0.7257755438118074,-0.0264966475501739,2.5879562114865826,0.2411740536822892,2.06908069814025
30.0,73.0,173.5728302001953,-0.2580585028983796,1.3337203164579838,-2.481928661884096,-2.379959305927828,-1.1510256820112852,0.9241293283456398,0.1007679438887994,2.5424118918400573,0.1841569944571293,1.7867257836984416
30.0,73.0,207.52395629882807,-1.0172369141889488,0.5097226488719611,-3.674337809841004,-2.8353189978585056,-1.3644168602548383,0.7515932251121955,-0.0172059671688819,2.580125632767812,0.2261450789481383,2.063133829032119
30.0,73.0,175.8495330810547,-0.4775785043656096,1.232828352030302,-2.829773447056977,-2.384111755209133,-1.2235130123262596,0.8677996048050263,0.0581306772521697,2.565029186474866,0.1954501146382836,1.8987196644750453
30.0,73.0,221.4112243652344,-0.3577889705867167,0.8293934806643648,-3.3979003253151454,-2.7654536822693285,-1.6698577467448548,0.6572926121331348,0.0036915510580502,2.630194871551593,0.2211682507633885,2.2321347321959304
30.0,73.0,159.97982788085938,-0.2433837393278499,1.2494599281134473,-2.732451202974904,-2.2785790341630805,-1.184733370606712,0.8153797848521159,0.0164282828813617,2.5566033320816963,0.1661020233801398,1.714057009498695
30.0,73.0,220.53668212890625,-1.2171966783311097,0.4756538204269566,-3.473961005955754,-3.088961056374514,-1.704597891261704,0.4920041034137272,-0.0918239354140258,2.562499878329205,0.3992523830963432,2.654374933471221
30.0,73.0,175.60821533203125,-0.0846227714394584,1.4147078754970792,-2.742587727598637,-2.4208359008032008,-1.1958579179744178,1.0199632787808386,0.0605942691994708,2.591861214194366,0.1245341951026132,1.917044174958609
30.0,73.0,245.9429931640625,-0.8483266135729868,0.6453986865434707,-3.506552371550096,-3.271625883978806,-2.56814784519429,0.2147286641374462,-0.1436646083617611,2.4296898910346845,0.2413711030766583,2.371772908737178
30.0,73.0,220.6161956787109,-0.9503927517081534,0.677458880081766,-3.4985466721108613,-3.1419557166689587,-2.6450864950941537,0.7657276416976995,-0.0800017667336136,2.591298282155937,0.2318220931468717,1.9778696258291708
30.0,73.0,209.95681762695312,-0.8546054761373488,0.5561256830121146,-3.5196763665523463,-2.9998356632825494,-1.6631055522139582,0.5872105304760162,-0.0307104087849592,2.588951662564981,0.2473229352094717,1.9606851088631445
30.0,73.0,205.36083984375,-1.0410372824203336,0.7676645361621044,-3.3922084993722885,-2.757479147550971,-1.3696282247663814,0.7197802351399657,0.0253103845882088,2.591243372468218,0.2560553276800137,2.054097732849192
30.0,73.0,205.4263153076172,-1.0610826982318322,0.7387432132212964,-3.5269101097837323,-2.588175478326636,-1.3746018730768372,0.7544874944278932,-0.0259144887775997,2.5909527780546773,0.210068459110206,2.063579531483645
30.0,73.0,205.0666046142578,-1.1845443985933988,0.700803757263604,-3.952121874349335,-2.4643146691599824,-1.274298511414923,0.7420774041366475,-0.0662084833539095,2.5733936463653886,0.2075128882354602,2.0449957298774586
30.0,73.0,147.59059143066406,-0.1599907260178709,1.3950295064335572,-2.639014168442954,-2.2313556162884867,-1.1559712847371466,0.9187315202657592,0.0536591368976181,2.536754732327305,0.140548622345268,1.8127552323279057
30.0,73.0,161.8810272216797,-0.127827698139409,1.3503434506646173,-2.748742842126488,-2.202560255465848,-1.1477034268745885,0.8778217961212578,0.0166683139884165,2.530739622043255,0.128151922566513,1.9212025539874984
30.0,73.0,203.7299041748047,-1.4671963034076896,0.7718039591814964,-3.521820860113768,-2.7055890962796987,-1.3850800460590984,0.7492558679810841,0.0041742840984898,2.5864682179734686,0.2295821296873494,1.9406396168518183
30.0,73.0,240.0376892089844,-0.818985015422538,0.7325545795717203,-3.463958090524869,-3.1745869837099026,-1.9281247841715203,0.2058466922336207,-0.3766659363291286,2.6001316734345754,0.2265875295001577,2.1979228280822705
30.0,73.0,239.34703063964844,-0.5573109000134422,1.0820330890696988,-3.240952051214933,-3.640707829016172,-1.7737497179098791,0.4745016799634982,0.0314885242161033,2.6135288507269894,0.153150853889011,1.936260516662292
30.0,73.0,220.605712890625,-1.2895249897217784,0.6267801880458499,-3.669371183878931,-3.708187388611526,-1.371776205624486,0.7876874042806006,-0.1093378182371131,2.5556089237368944,0.217041584977199,1.9716464210471627
30.0,73.0,210.02865600585932,-0.8580111126169524,0.7817574778197114,-3.3139554907647666,-2.747140032872876,-1.527584908101148,0.7203383849461824,0.0051663944622394,2.5105962979010927,0.2203589910254215,2.0933798890874407
30.0,73.0,260.75506591796875,-0.7235173814946477,0.2633142916060825,-3.729488048766044,-2.598819823759516,-1.5621266964312754,0.5837873023273118,-0.2228563854805409,2.2311934862750764,0.0184947537160842,1.5811522207979942
30.0,73.0,204.6615753173828,-0.5881550896358864,0.7674344455864472,-3.706109957006408,-2.5490152043218943,-1.384775274145316,0.7089915513049554,-0.019301064098781,2.568138754848365,0.2395113008345916,1.984760122398856
30.0,73.0,209.853515625,-0.6115977473066232,0.7776220381257966,-3.835539989399004,-2.6171739805113914,-1.275521664933832,0.7366176474541036,-0.0458302544230463,2.584816162634513,0.2980722673261389,2.069972514370848
30.0,73.0,187.02798461914065,-0.2304175613661974,1.0983327096881783,-2.625654578204768,-2.3356485137225893,-1.1595344088636097,0.7904605323233822,0.0654427124726189,2.5129711504355194,0.0984144077129414,1.888807754687954
30.0,73.0,172.35604858398438,-0.2338308280545807,1.2362330789563325,-2.662569843037572,-2.189149778219808,-1.165989887563458,0.7940946082759757,0.0751820525558845,2.5671628229035703,0.0760817227804353,1.3254955030639866
30.0,73.0,245.99302673339844,-0.7494604562313425,0.5827624451646062,-3.1978432976312727,-2.930434860001456,-2.589522757468941,0.4511330050359632,-0.2349149109541924,2.459352546895984,0.2558733024443547,1.86071018527782
30.0,73.0,210.119873046875,-0.7610068930568665,0.5642124147423887,-3.726421416211226,-2.7995431788777383,-1.3708891968054873,0.679066308131347,0.0234932080174868,2.5843400721228726,0.297657964549431,2.1950618999519365
30.0,73.0,239.7064971923828,-0.2328794482560279,0.7545007887614678,-2.979455057748599,-2.512355720049881,-1.4978771075277424,0.8027093975467121,0.0324352269155117,2.5580316959530327,0.1173505329031556,1.969306052037464
30.0,73.0,215.4642791748047,-0.619272128359899,1.0161821115856564,-3.392347947738536,-3.718930889608517,-1.3159031693529706,0.8296082231312336,0.0283507836533688,2.580653015910745,0.2883060967232943,2.043397947376025
30.0,73.0,205.575927734375,-0.8160173862793221,0.5906195673798553,-3.5501247184478806,-2.9220737949502533,-1.5276746941164658,0.7254873283981647,-0.0189028447691116,2.5943872451814447,0.2168908645567235,1.9760531472632008
30.0,73.0,206.15182495117188,-1.021208591034679,0.50961503660092,-3.144610939529908,-2.765177086552761,-1.4071357512523337,0.6938978150236301,-0.0147396806557166,2.548052965813157,0.2183828022744247,1.9028349602058523
30.0,73.0,153.32322692871094,-0.2469255061733817,1.5109587309340438,-2.5725792082273338,-2.2820972719629884,-1.1743039417348822,0.9392735000097842,-0.02346056377755,2.5384977498792862,0.1391829116932507,1.7679616639714906
30.0,73.0,262.9179077148437,-0.9391109084640024,0.6797087949740567,-4.111601741642644,-2.3000698770336268,-1.4991903001224878,0.5231833854320784,-0.0024491857493256,2.7031747050873243,0.2590100123505139,1.7831169464725047
30.0,73.0,211.49984741210932,-0.6023430394608064,0.6862990325442788,-3.3371353581117207,-2.8851573211860253,-1.389844403508281,0.7960834819435386,-0.0731183203058278,2.570385485955568,0.1939850410112546,2.062637422407674
30.0,73.0,215.00582885742188,-1.3362269621506024,0.6909401133240985,-3.6958136060628175,-2.766535802928542,-1.578943155117534,0.5991151981177973,-0.0611612945314653,2.5056992509925267,0.0700747834210505,1.865374583499689
30.0,73.0,195.95263671875,-0.6271930896169433,0.8435034056843016,-2.981856159743415,-2.586050744610472,-1.3074273322785814,0.7748523112005237,-0.0253269704720538,2.5806821632638424,0.1918897234445147,1.954706450325797
30.0,73.0,163.35888671875,-0.2273195789748161,1.260000859032034,-2.7675202021899468,-2.3779965205211133,-1.1648121725170024,0.8116154404411746,-0.0116952752920374,2.5278025093938608,0.0952630528363526,1.850839881445192
30.0,73.0,195.40826416015625,-0.4313268452784733,1.5964089542966549,-2.559706087218293,-2.474855308174541,-1.2185376998536803,0.7074595262452336,0.0177350221483261,2.569258811955444,0.1681044651715849,1.874896677292096
30.0,73.0,173.00320434570312,-0.4374654517932287,1.2357249990135362,-2.79238402845472,-2.355827463102169,-1.220448700538539,0.8911572022735176,0.0642796433100644,2.564324926403032,0.1520911367781914,1.9022022776230323
30.0,74.0,214.22732543945312,-0.5709375357719852,0.6099977697356924,-3.140555826576952,-2.751540540879751,-1.5639863451240932,0.7150772700534826,-0.0298015949691891,2.517225884112829,0.2132561271602341,1.8995796105848937
30.0,74.0,201.4370574951172,-0.4540401323260987,0.8179070478135094,-3.314276906304189,-2.628539443785192,-1.3337882873665527,0.7127938785222587,-0.0269535484838654,2.590339428802196,0.2594558839508205,2.0689052243034824
30.0,74.0,216.8951416015625,-0.8209688307021434,0.7380708179123863,-3.421735287255472,-2.590285251222465,-1.155161557111979,0.7342647559357545,-0.0585356627712509,2.540457390469685,0.2245473946276626,2.0744917312299864
30.0,74.0,205.40724182128903,-1.2471719392371754,0.7338063691250966,-3.6956164114227614,-2.6893020048638974,-1.4361633841990469,0.7509499775402746,-0.0265320376388999,2.5844589496606782,0.2214973721181175,2.0621365244733765
30.0,74.0,203.8832092285156,-1.4790613265445376,0.7732738784922106,-3.3582703227624244,-2.695334901826924,-1.3453112019984668,0.7075198587616528,-0.0020897764918419,2.575840366118009,0.2040841445302196,2.0670954059278106
30.0,74.0,163.8726806640625,-0.3460018417941516,1.4395535327556548,-2.5030809185538305,-2.317138688026256,-1.191841931455532,0.8974683476028262,0.1052515045914556,2.530739929092724,0.1602675583901159,1.728000123595309
30.0,74.0,185.60337829589844,-0.626756935226114,1.0943243965401392,-2.7574811282738323,-2.43141408164491,-1.2420120237613066,0.8396900515179762,0.0380053051348984,2.568718101020372,0.1889918269794381,1.9101453785487623
30.0,74.0,188.5603179931641,-0.3834995514884349,1.4439604245083684,-2.785240659300588,-2.374271267048012,-1.206065077054912,0.925550923488687,0.1444297922023185,2.5410758530765984,0.070486442442354,1.840904738842488
30.0,74.0,203.4140472412109,-0.5678473708618155,0.7799693007154738,-3.6749830968560486,-2.725391649065348,-1.3797502672892723,0.7480700850134762,-0.0265029683648772,2.586302994710479,0.2283338142204806,2.0667280186433774
30.0,74.0,217.80987548828125,-0.7399219093249991,0.6265199654248446,-3.3812386568411683,-3.115740592719888,-2.4970438835882924,0.4187495791001843,-0.1164287251613381,2.541142812644273,0.2703581298861386,2.0687642066891287
30.0,74.0,201.7044219970703,-0.6552952230338768,0.789537644755984,-3.131677153117997,-2.725862189701337,-1.327890814222953,0.7257755438118074,-0.0264966475501739,2.5879562114865826,0.2411740536822892,2.06908069814025
30.0,74.0,166.6708984375,-0.1939983147536388,1.4747525216281434,-2.701445566797277,-2.20710720537205,-1.1262146992546769,0.9185544171009816,0.1612287054084232,2.525500928176508,0.101479798300257,1.860168695461404
30.0,74.0,207.52395629882807,-1.0172369141889488,0.5097226488719611,-3.674337809841004,-2.8353189978585056,-1.3644168602548383,0.7515932251121955,-0.0172059671688819,2.580125632767812,0.2261450789481383,2.063133829032119
30.0,74.0,175.8495330810547,-0.4775785043656096,1.232828352030302,-2.829773447056977,-2.384111755209133,-1.2235130123262596,0.8677996048050263,0.0581306772521697,2.565029186474866,0.1954501146382836,1.8987196644750453
30.0,74.0,221.4112243652344,-0.3577889705867167,0.8293934806643648,-3.3979003253151454,-2.7654536822693285,-1.6698577467448548,0.6572926121331348,0.0036915510580502,2.630194871551593,0.2211682507633885,2.2321347321959304
30.0,74.0,159.97982788085938,-0.2433837393278499,1.2494599281134473,-2.732451202974904,-2.2785790341630805,-1.184733370606712,0.8153797848521159,0.0164282828813617,2.5566033320816963,0.1661020233801398,1.714057009498695
30.0,74.0,220.53668212890625,-1.2171966783311097,0.4756538204269566,-3.473961005955754,-3.088961056374514,-1.704597891261704,0.4920041034137272,-0.0918239354140258,2.562499878329205,0.3992523830963432,2.654374933471221
30.0,74.0,150.9752197265625,-0.1775624783970037,1.401633628584086,-2.709509538975155,-2.21492977136202,-1.1603965254135886,0.8315500045659168,0.0522790887871648,2.57576063415358,0.1270628370713633,1.6772362601068225
30.0,74.0,245.9429931640625,-0.8483266135729868,0.6453986865434707,-3.506552371550096,-3.271625883978806,-2.56814784519429,0.2147286641374462,-0.1436646083617611,2.4296898910346845,0.2413711030766583,2.371772908737178
30.0,74.0,220.6161956787109,-0.9503927517081534,0.677458880081766,-3.4985466721108613,-3.1419557166689587,-2.6450864950941537,0.7657276416976995,-0.0800017667336136,2.591298282155937,0.2318220931468717,1.9778696258291708
30.0,74.0,209.95681762695312,-0.8546054761373488,0.5561256830121146,-3.5196763665523463,-2.9998356632825494,-1.6631055522139582,0.5872105304760162,-0.0307104087849592,2.588951662564981,0.2473229352094717,1.9606851088631445
30.0,74.0,205.36083984375,-1.0410372824203336,0.7676645361621044,-3.3922084993722885,-2.757479147550971,-1.3696282247663814,0.7197802351399657,0.0253103845882088,2.591243372468218,0.2560553276800137,2.054097732849192
30.0,74.0,205.4263153076172,-1.0610826982318322,0.7387432132212964,-3.5269101097837323,-2.588175478326636,-1.3746018730768372,0.7544874944278932,-0.0259144887775997,2.5909527780546773,0.210068459110206,2.063579531483645
30.0,74.0,202.041259765625,-0.220112299828889,1.551950355392396,-2.6292300258902817,-2.1767458756754747,-1.089245135484547,0.5787939443506575,-0.1764535772250983,2.579744942419393,0.0615468135025986,1.9010671610375367
30.0,74.0,147.59059143066406,-0.1599907260178709,1.3950295064335572,-2.639014168442954,-2.2313556162884867,-1.1559712847371466,0.9187315202657592,0.0536591368976181,2.536754732327305,0.140548622345268,1.8127552323279057
30.0,74.0,161.8810272216797,-0.127827698139409,1.3503434506646173,-2.748742842126488,-2.202560255465848,-1.1477034268745885,0.8778217961212578,0.0166683139884165,2.530739622043255,0.128151922566513,1.9212025539874984
30.0,74.0,203.7299041748047,-1.4671963034076896,0.7718039591814964,-3.521820860113768,-2.7055890962796987,-1.3850800460590984,0.7492558679810841,0.0041742840984898,2.5864682179734686,0.2295821296873494,1.9406396168518183
30.0,74.0,240.0376892089844,-0.818985015422538,0.7325545795717203,-3.463958090524869,-3.1745869837099026,-1.9281247841715203,0.2058466922336207,-0.3766659363291286,2.6001316734345754,0.2265875295001577,2.1979228280822705
30.0,74.0,239.34703063964844,-0.5573109000134422,1.0820330890696988,-3.240952051214933,-3.640707829016172,-1.7737497179098791,0.4745016799634982,0.0314885242161033,2.6135288507269894,0.153150853889011,1.936260516662292
30.0,74.0,220.605712890625,-1.2895249897217784,0.6267801880458499,-3.669371183878931,-3.708187388611526,-1.371776205624486,0.7876874042806006,-0.1093378182371131,2.5556089237368944,0.217041584977199,1.9716464210471627
30.0,74.0,210.02865600585932,-0.8580111126169524,0.7817574778197114,-3.3139554907647666,-2.747140032872876,-1.527584908101148,0.7203383849461824,0.0051663944622394,2.5105962979010927,0.2203589910254215,2.0933798890874407
30.0,74.0,260.75506591796875,-0.7235173814946477,0.2633142916060825,-3.729488048766044,-2.598819823759516,-1.5621266964312754,0.5837873023273118,-0.2228563854805409,2.2311934862750764,0.0184947537160842,1.5811522207979942
30.0,74.0,204.6615753173828,-0.5881550896358864,0.7674344455864472,-3.706109957006408,-2.5490152043218943,-1.384775274145316,0.7089915513049554,-0.019301064098781,2.568138754848365,0.2395113008345916,1.984760122398856
30.0,74.0,209.853515625,-0.6115977473066232,0.7776220381257966,-3.835539989399004,-2.6171739805113914,-1.275521664933832,0.7366176474541036,-0.0458302544230463,2.584816162634513,0.2980722673261389,2.069972514370848
30.0,74.0,187.02798461914065,-0.2304175613661974,1.0983327096881783,-2.625654578204768,-2.3356485137225893,-1.1595344088636097,0.7904605323233822,0.0654427124726189,2.5129711504355194,0.0984144077129414,1.888807754687954
30.0,74.0,172.35604858398438,-0.2338308280545807,1.2362330789563325,-2.662569843037572,-2.189149778219808,-1.165989887563458,0.7940946082759757,0.0751820525558845,2.5671628229035703,0.0760817227804353,1.3254955030639866
30.0,74.0,245.99302673339844,-0.7494604562313425,0.5827624451646062,-3.1978432976312727,-2.930434860001456,-2.589522757468941,0.4511330050359632,-0.2349149109541924,2.459352546895984,0.2558733024443547,1.86071018527782
30.0,74.0,210.119873046875,-0.7610068930568665,0.5642124147423887,-3.726421416211226,-2.7995431788777383,-1.3708891968054873,0.679066308131347,0.0234932080174868,2.5843400721228726,0.297657964549431,2.1950618999519365
30.0,74.0,239.7064971923828,-0.2328794482560279,0.7545007887614678,-2.979455057748599,-2.512355720049881,-1.4978771075277424,0.8027093975467121,0.0324352269155117,2.5580316959530327,0.1173505329031556,1.969306052037464
30.0,74.0,215.4642791748047,-0.619272128359899,1.0161821115856564,-3.392347947738536,-3.718930889608517,-1.3159031693529706,0.8296082231312336,0.0283507836533688,2.580653015910745,0.2883060967232943,2.043397947376025
30.0,74.0,205.575927734375,-0.8160173862793221,0.5906195673798553,-3.5501247184478806,-2.9220737949502533,-1.5276746941164658,0.7254873283981647,-0.0189028447691116,2.5943872451814447,0.2168908645567235,1.9760531472632008
30.0,74.0,206.15182495117188,-1.021208591034679,0.50961503660092,-3.144610939529908,-2.765177086552761,-1.4071357512523337,0.6938978150236301,-0.0147396806557166,2.548052965813157,0.2183828022744247,1.9028349602058523
30.0,74.0,153.32322692871094,-0.2469255061733817,1.5109587309340438,-2.5725792082273338,-2.2820972719629884,-1.1743039417348822,0.9392735000097842,-0.02346056377755,2.5384977498792862,0.1391829116932507,1.7679616639714906
30.0,74.0,262.9179077148437,-0.9391109084640024,0.6797087949740567,-4.111601741642644,-2.3000698770336268,-1.4991903001224878,0.5231833854320784,-0.0024491857493256,2.7031747050873243,0.2590100123505139,1.7831169464725047
30.0,74.0,211.49984741210932,-0.6023430394608064,0.6862990325442788,-3.3371353581117207,-2.8851573211860253,-1.389844403508281,0.7960834819435386,-0.0731183203058278,2.570385485955568,0.1939850410112546,2.062637422407674
30.0,74.0,215.00582885742188,-1.3362269621506024,0.6909401133240985,-3.6958136060628175,-2.766535802928542,-1.578943155117534,0.5991151981177973,-0.0611612945314653,2.5056992509925267,0.0700747834210505,1.865374583499689
30.0,74.0,195.95263671875,-0.6271930896169433,0.8435034056843016,-2.981856159743415,-2.586050744610472,-1.3074273322785814,0.7748523112005237,-0.0253269704720538,2.5806821632638424,0.1918897234445147,1.954706450325797
30.0,74.0,163.35888671875,-0.2273195789748161,1.260000859032034,-2.7675202021899468,-2.3779965205211133,-1.1648121725170024,0.8116154404411746,-0.0116952752920374,2.5278025093938608,0.0952630528363526,1.850839881445192
30.0,74.0,195.40826416015625,-0.4313268452784733,1.5964089542966549,-2.559706087218293,-2.474855308174541,-1.2185376998536803,0.7074595262452336,0.0177350221483261,2.569258811955444,0.1681044651715849,1.874896677292096
30.0,74.0,173.00320434570312,-0.4374654517932287,1.2357249990135362,-2.79238402845472,-2.355827463102169,-1.220448700538539,0.8911572022735176,0.0642796433100644,2.564324926403032,0.1520911367781914,1.9022022776230323
30.0,75.0,214.22732543945312,-0.5709375357719852,0.6099977697356924,-3.140555826576952,-2.751540540879751,-1.5639863451240932,0.7150772700534826,-0.0298015949691891,2.517225884112829,0.2132561271602341,1.8995796105848937
30.0,75.0,201.4370574951172,-0.4540401323260987,0.8179070478135094,-3.314276906304189,-2.628539443785192,-1.3337882873665527,0.7127938785222587,-0.0269535484838654,2.590339428802196,0.2594558839508205,2.0689052243034824
30.0,75.0,216.8951416015625,-0.8209688307021434,0.7380708179123863,-3.421735287255472,-2.590285251222465,-1.155161557111979,0.7342647559357545,-0.0585356627712509,2.540457390469685,0.2245473946276626,2.0744917312299864
30.0,75.0,205.40724182128903,-1.2471719392371754,0.7338063691250966,-3.6956164114227614,-2.6893020048638974,-1.4361633841990469,0.7509499775402746,-0.0265320376388999,2.5844589496606782,0.2214973721181175,2.0621365244733765
30.0,75.0,203.8832092285156,-1.4790613265445376,0.7732738784922106,-3.3582703227624244,-2.695334901826924,-1.3453112019984668,0.7075198587616528,-0.0020897764918419,2.575840366118009,0.2040841445302196,2.0670954059278106
30.0,75.0,150.41392517089844,-0.0836422116617835,1.4150486523332035,-2.6432444639306527,-2.2202315703084667,-1.108802324512066,0.92774446347885,0.1044245321469893,2.5270163002115376,0.1393815202622376,1.6891175426267322
30.0,75.0,185.60337829589844,-0.626756935226114,1.0943243965401392,-2.7574811282738323,-2.43141408164491,-1.2420120237613066,0.8396900515179762,0.0380053051348984,2.568718101020372,0.1889918269794381,1.9101453785487623
30.0,75.0,188.5603179931641,-0.3834995514884349,1.4439604245083684,-2.785240659300588,-2.374271267048012,-1.206065077054912,0.925550923488687,0.1444297922023185,2.5410758530765984,0.070486442442354,1.840904738842488
30.0,75.0,203.4140472412109,-0.5678473708618155,0.7799693007154738,-3.6749830968560486,-2.725391649065348,-1.3797502672892723,0.7480700850134762,-0.0265029683648772,2.586302994710479,0.2283338142204806,2.0667280186433774
30.0,75.0,217.80987548828125,-0.7399219093249991,0.6265199654248446,-3.3812386568411683,-3.115740592719888,-2.4970438835882924,0.4187495791001843,-0.1164287251613381,2.541142812644273,0.2703581298861386,2.0687642066891287
30.0,75.0,201.7044219970703,-0.6552952230338768,0.789537644755984,-3.131677153117997,-2.725862189701337,-1.327890814222953,0.7257755438118074,-0.0264966475501739,2.5879562114865826,0.2411740536822892,2.06908069814025
30.0,75.0,166.6708984375,-0.1939983147536388,1.4747525216281434,-2.701445566797277,-2.20710720537205,-1.1262146992546769,0.9185544171009816,0.1612287054084232,2.525500928176508,0.101479798300257,1.860168695461404
30.0,75.0,207.52395629882807,-1.0172369141889488,0.5097226488719611,-3.674337809841004,-2.8353189978585056,-1.3644168602548383,0.7515932251121955,-0.0172059671688819,2.580125632767812,0.2261450789481383,2.063133829032119
30.0,75.0,175.8495330810547,-0.4775785043656096,1.232828352030302,-2.829773447056977,-2.384111755209133,-1.2235130123262596,0.8677996048050263,0.0581306772521697,2.565029186474866,0.1954501146382836,1.8987196644750453
30.0,75.0,221.4112243652344,-0.3577889705867167,0.8293934806643648,-3.3979003253151454,-2.7654536822693285,-1.6698577467448548,0.6572926121331348,0.0036915510580502,2.630194871551593,0.2211682507633885,2.2321347321959304
30.0,75.0,159.97982788085938,-0.2433837393278499,1.2494599281134473,-2.732451202974904,-2.2785790341630805,-1.184733370606712,0.8153797848521159,0.0164282828813617,2.5566033320816963,0.1661020233801398,1.714057009498695
30.0,75.0,220.53668212890625,-1.2171966783311097,0.4756538204269566,-3.473961005955754,-3.088961056374514,-1.704597891261704,0.4920041034137272,-0.0918239354140258,2.562499878329205,0.3992523830963432,2.654374933471221
30.0,75.0,150.9752197265625,-0.1775624783970037,1.401633628584086,-2.709509538975155,-2.21492977136202,-1.1603965254135886,0.8315500045659168,0.0522790887871648,2.57576063415358,0.1270628370713633,1.6772362601068225
30.0,75.0,245.9429931640625,-0.8483266135729868,0.6453986865434707,-3.506552371550096,-3.271625883978806,-2.56814784519429,0.2147286641374462,-0.1436646083617611,2.4296898910346845,0.2413711030766583,2.371772908737178
30.0,75.0,220.6161956787109,-0.9503927517081534,0.677458880081766,-3.4985466721108613,-3.1419557166689587,-2.6450864950941537,0.7657276416976995,-0.0800017667336136,2.591298282155937,0.2318220931468717,1.9778696258291708
30.0,75.0,209.95681762695312,-0.8546054761373488,0.5561256830121146,-3.5196763665523463,-2.9998356632825494,-1.6631055522139582,0.5872105304760162,-0.0307104087849592,2.588951662564981,0.2473229352094717,1.9606851088631445
30.0,75.0,205.36083984375,-1.0410372824203336,0.7676645361621044,-3.3922084993722885,-2.757479147550971,-1.3696282247663814,0.7197802351399657,0.0253103845882088,2.591243372468218,0.2560553276800137,2.054097732849192
30.0,75.0,205.4263153076172,-1.0610826982318322,0.7387432132212964,-3.5269101097837323,-2.588175478326636,-1.3746018730768372,0.7544874944278932,-0.0259144887775997,2.5909527780546773,0.210068459110206,2.063579531483645
30.0,75.0,202.041259765625,-0.220112299828889,1.551950355392396,-2.6292300258902817,-2.1767458756754747,-1.089245135484547,0.5787939443506575,-0.1764535772250983,2.579744942419393,0.0615468135025986,1.9010671610375367
30.0,75.0,147.59059143066406,-0.1599907260178709,1.3950295064335572,-2.639014168442954,-2.2313556162884867,-1.1559712847371466,0.9187315202657592,0.0536591368976181,2.536754732327305,0.140548622345268,1.8127552323279057
30.0,75.0,161.8810272216797,-0.127827698139409,1.3503434506646173,-2.748742842126488,-2.202560255465848,-1.1477034268745885,0.8778217961212578,0.0166683139884165,2.530739622043255,0.128151922566513,1.9212025539874984
30.0,75.0,203.7299041748047,-1.4671963034076896,0.7718039591814964,-3.521820860113768,-2.7055890962796987,-1.3850800460590984,0.7492558679810841,0.0041742840984898,2.5864682179734686,0.2295821296873494,1.9406396168518183
30.0,75.0,240.0376892089844,-0.818985015422538,0.7325545795717203,-3.463958090524869,-3.1745869837099026,-1.9281247841715203,0.2058466922336207,-0.3766659363291286,2.6001316734345754,0.2265875295001577,2.1979228280822705
30.0,75.0,239.34703063964844,-0.5573109000134422,1.0820330890696988,-3.240952051214933,-3.640707829016172,-1.7737497179098791,0.4745016799634982,0.0314885242161033,2.6135288507269894,0.153150853889011,1.936260516662292
30.0,75.0,220.605712890625,-1.2895249897217784,0.6267801880458499,-3.669371183878931,-3.708187388611526,-1.371776205624486,0.7876874042806006,-0.1093378182371131,2.5556089237368944,0.217041584977199,1.9716464210471627
30.0,75.0,210.02865600585932,-0.8580111126169524,0.7817574778197114,-3.3139554907647666,-2.747140032872876,-1.527584908101148,0.7203383849461824,0.0051663944622394,2.5105962979010927,0.2203589910254215,2.0933798890874407
30.0,75.0,260.75506591796875,-0.7235173814946477,0.2633142916060825,-3.729488048766044,-2.598819823759516,-1.5621266964312754,0.5837873023273118,-0.2228563854805409,2.2311934862750764,0.0184947537160842,1.5811522207979942
30.0,75.0,203.24859619140625,-0.9192315676381116,0.6919205216551769,-3.0556354367665235,-2.451509490379421,-1.3093301803592623,0.7055183031443459,-0.0108541801189103,2.503597830966404,0.1763286553760367,1.883109007204634
30.0,75.0,209.853515625,-0.6115977473066232,0.7776220381257966,-3.835539989399004,-2.6171739805113914,-1.275521664933832,0.7366176474541036,-0.0458302544230463,2.584816162634513,0.2980722673261389,2.069972514370848
30.0,75.0,187.02798461914065,-0.2304175613661974,1.0983327096881783,-2.625654578204768,-2.3356485137225893,-1.1595344088636097,0.7904605323233822,0.0654427124726189,2.5129711504355194,0.0984144077129414,1.888807754687954
30.0,75.0,157.32095336914062,-0.2224815772543465,1.4944166923460842,-2.6293709991726217,-2.1250279979499416,-1.1156887463748832,0.8879849449890217,0.0974416156793797,2.527091334114643,0.1586697037428803,1.8139810869703752
30.0,75.0,245.99302673339844,-0.7494604562313425,0.5827624451646062,-3.1978432976312727,-2.930434860001456,-2.589522757468941,0.4511330050359632,-0.2349149109541924,2.459352546895984,0.2558733024443547,1.86071018527782
30.0,75.0,210.119873046875,-0.7610068930568665,0.5642124147423887,-3.726421416211226,-2.7995431788777383,-1.3708891968054873,0.679066308131347,0.0234932080174868,2.5843400721228726,0.297657964549431,2.1950618999519365
30.0,75.0,239.7064971923828,-0.2328794482560279,0.7545007887614678,-2.979455057748599,-2.512355720049881,-1.4978771075277424,0.8027093975467121,0.0324352269155117,2.5580316959530327,0.1173505329031556,1.969306052037464
30.0,75.0,215.4642791748047,-0.619272128359899,1.0161821115856564,-3.392347947738536,-3.718930889608517,-1.3159031693529706,0.8296082231312336,0.0283507836533688,2.580653015910745,0.2883060967232943,2.043397947376025
30.0,75.0,205.575927734375,-0.8160173862793221,0.5906195673798553,-3.5501247184478806,-2.9220737949502533,-1.5276746941164658,0.7254873283981647,-0.0189028447691116,2.5943872451814447,0.2168908645567235,1.9760531472632008
30.0,75.0,206.15182495117188,-1.021208591034679,0.50961503660092,-3.144610939529908,-2.765177086552761,-1.4071357512523337,0.6938978150236301,-0.0147396806557166,2.548052965813157,0.2183828022744247,1.9028349602058523
30.0,75.0,153.32322692871094,-0.2469255061733817,1.5109587309340438,-2.5725792082273338,-2.2820972719629884,-1.1743039417348822,0.9392735000097842,-0.02346056377755,2.5384977498792862,0.1391829116932507,1.7679616639714906
30.0,75.0,262.9179077148437,-0.9391109084640024,0.6797087949740567,-4.111601741642644,-2.3000698770336268,-1.4991903001224878,0.5231833854320784,-0.0024491857493256,2.7031747050873243,0.2590100123505139,1.7831169464725047
30.0,75.0,211.49984741210932,-0.6023430394608064,0.6862990325442788,-3.3371353581117207,-2.8851573211860253,-1.389844403508281,0.7960834819435386,-0.0731183203058278,2.570385485955568,0.1939850410112546,2.062637422407674
30.0,75.0,215.00582885742188,-1.3362269621506024,0.6909401133240985,-3.6958136060628175,-2.766535802928542,-1.578943155117534,0.5991151981177973,-0.0611612945314653,2.5056992509925267,0.0700747834210505,1.865374583499689
30.0,75.0,195.95263671875,-0.6271930896169433,0.8435034056843016,-2.981856159743415,-2.586050744610472,-1.3074273322785814,0.7748523112005237,-0.0253269704720538,2.5806821632638424,0.1918897234445147,1.954706450325797
30.0,75.0,160.44549560546875,-0.1179902592702502,1.3638262843685487,-2.780348911102408,-2.2654439486146947,-1.1614696298905407,0.8317026553239173,-0.0444725396261123,2.525124528782864,0.089398658453526,1.8200592773413928
30.0,75.0,195.40826416015625,-0.4313268452784733,1.5964089542966549,-2.559706087218293,-2.474855308174541,-1.2185376998536803,0.7074595262452336,0.0177350221483261,2.569258811955444,0.1681044651715849,1.874896677292096
30.0,75.0,173.00320434570312,-0.4374654517932287,1.2357249990135362,-2.79238402845472,-2.355827463102169,-1.220448700538539,0.8911572022735176,0.0642796433100644,2.564324926403032,0.1520911367781914,1.9022022776230323
30.0,76.0,214.22732543945312,-0.5709375357719852,0.6099977697356924,-3.140555826576952,-2.751540540879751,-1.5639863451240932,0.7150772700534826,-0.0298015949691891,2.517225884112829,0.2132561271602341,1.8995796105848937
30.0,76.0,201.4370574951172,-0.4540401323260987,0.8179070478135094,-3.314276906304189,-2.628539443785192,-1.3337882873665527,0.7127938785222587,-0.0269535484838654,2.590339428802196,0.2594558839508205,2.0689052243034824
30.0,76.0,216.8951416015625,-0.8209688307021434,0.7380708179123863,-3.421735287255472,-2.590285251222465,-1.155161557111979,0.7342647559357545,-0.0585356627712509,2.540457390469685,0.2245473946276626,2.0744917312299864
30.0,76.0,205.40724182128903,-1.2471719392371754,0.7338063691250966,-3.6956164114227614,-2.6893020048638974,-1.4361633841990469,0.7509499775402746,-0.0265320376388999,2.5844589496606782,0.2214973721181175,2.0621365244733765
30.0,76.0,203.8832092285156,-1.4790613265445376,0.7732738784922106,-3.3582703227624244,-2.695334901826924,-1.3453112019984668,0.7075198587616528,-0.0020897764918419,2.575840366118009,0.2040841445302196,2.0670954059278106
30.0,76.0,150.41392517089844,-0.0836422116617835,1.4150486523332035,-2.6432444639306527,-2.2202315703084667,-1.108802324512066,0.92774446347885,0.1044245321469893,2.5270163002115376,0.1393815202622376,1.6891175426267322
30.0,76.0,185.60337829589844,-0.626756935226114,1.0943243965401392,-2.7574811282738323,-2.43141408164491,-1.2420120237613066,0.8396900515179762,0.0380053051348984,2.568718101020372,0.1889918269794381,1.9101453785487623
30.0,76.0,188.5603179931641,-0.3834995514884349,1.4439604245083684,-2.785240659300588,-2.374271267048012,-1.206065077054912,0.925550923488687,0.1444297922023185,2.5410758530765984,0.070486442442354,1.840904738842488
30.0,76.0,203.4140472412109,-0.5678473708618155,0.7799693007154738,-3.6749830968560486,-2.725391649065348,-1.3797502672892723,0.7480700850134762,-0.0265029683648772,2.586302994710479,0.2283338142204806,2.0667280186433774
30.0,76.0,217.80987548828125,-0.7399219093249991,0.6265199654248446,-3.3812386568411683,-3.115740592719888,-2.4970438835882924,0.4187495791001843,-0.1164287251613381,2.541142812644273,0.2703581298861386,2.0687642066891287
30.0,76.0,201.7044219970703,-0.6552952230338768,0.789537644755984,-3.131677153117997,-2.725862189701337,-1.327890814222953,0.7257755438118074,-0.0264966475501739,2.5879562114865826,0.2411740536822892,2.06908069814025
30.0,76.0,166.6708984375,-0.1939983147536388,1.4747525216281434,-2.701445566797277,-2.20710720537205,-1.1262146992546769,0.9185544171009816,0.1612287054084232,2.525500928176508,0.101479798300257,1.860168695461404
30.0,76.0,207.52395629882807,-1.0172369141889488,0.5097226488719611,-3.674337809841004,-2.8353189978585056,-1.3644168602548383,0.7515932251121955,-0.0172059671688819,2.580125632767812,0.2261450789481383,2.063133829032119
30.0,76.0,175.8495330810547,-0.4775785043656096,1.232828352030302,-2.829773447056977,-2.384111755209133,-1.2235130123262596,0.8677996048050263,0.0581306772521697,2.565029186474866,0.1954501146382836,1.8987196644750453
30.0,76.0,221.4112243652344,-0.3577889705867167,0.8293934806643648,-3.3979003253151454,-2.7654536822693285,-1.6698577467448548,0.6572926121331348,0.0036915510580502,2.630194871551593,0.2211682507633885,2.2321347321959304
30.0,76.0,159.97982788085938,-0.2433837393278499,1.2494599281134473,-2.732451202974904,-2.2785790341630805,-1.184733370606712,0.8153797848521159,0.0164282828813617,2.5566033320816963,0.1661020233801398,1.714057009498695
30.0,76.0,220.53668212890625,-1.2171966783311097,0.4756538204269566,-3.473961005955754,-3.088961056374514,-1.704597891261704,0.4920041034137272,-0.0918239354140258,2.562499878329205,0.3992523830963432,2.654374933471221
30.0,76.0,150.9752197265625,-0.1775624783970037,1.401633628584086,-2.709509538975155,-2.21492977136202,-1.1603965254135886,0.8315500045659168,0.0522790887871648,2.57576063415358,0.1270628370713633,1.6772362601068225
30.0,76.0,245.9429931640625,-0.8483266135729868,0.6453986865434707,-3.506552371550096,-3.271625883978806,-2.56814784519429,0.2147286641374462,-0.1436646083617611,2.4296898910346845,0.2413711030766583,2.371772908737178
30.0,76.0,220.6161956787109,-0.9503927517081534,0.677458880081766,-3.4985466721108613,-3.1419557166689587,-2.6450864950941537,0.7657276416976995,-0.0800017667336136,2.591298282155937,0.2318220931468717,1.9778696258291708
30.0,76.0,209.95681762695312,-0.8546054761373488,0.5561256830121146,-3.5196763665523463,-2.9998356632825494,-1.6631055522139582,0.5872105304760162,-0.0307104087849592,2.588951662564981,0.2473229352094717,1.9606851088631445
30.0,76.0,205.36083984375,-1.0410372824203336,0.7676645361621044,-3.3922084993722885,-2.757479147550971,-1.3696282247663814,0.7197802351399657,0.0253103845882088,2.591243372468218,0.2560553276800137,2.054097732849192
30.0,76.0,205.4263153076172,-1.0610826982318322,0.7387432132212964,-3.5269101097837323,-2.588175478326636,-1.3746018730768372,0.7544874944278932,-0.0259144887775997,2.5909527780546773,0.210068459110206,2.063579531483645
30.0,76.0,187.0008544921875,-0.1568621147891883,1.4248283474429309,-2.7122721235999143,-2.42517234952652,-1.1536771666964525,0.5435096094221697,-0.1797523215463589,2.5351632354647866,0.1897108716045448,1.785458775235611
30.0,76.0,147.59059143066406,-0.1599907260178709,1.3950295064335572,-2.639014168442954,-2.2313556162884867,-1.1559712847371466,0.9187315202657592,0.0536591368976181,2.536754732327305,0.140548622345268,1.8127552323279057
30.0,76.0,161.8810272216797,-0.127827698139409,1.3503434506646173,-2.748742842126488,-2.202560255465848,-1.1477034268745885,0.8778217961212578,0.0166683139884165,2.530739622043255,0.128151922566513,1.9212025539874984
30.0,76.0,203.7299041748047,-1.4671963034076896,0.7718039591814964,-3.521820860113768,-2.7055890962796987,-1.3850800460590984,0.7492558679810841,0.0041742840984898,2.5864682179734686,0.2295821296873494,1.9406396168518183
30.0,76.0,240.0376892089844,-0.818985015422538,0.7325545795717203,-3.463958090524869,-3.1745869837099026,-1.9281247841715203,0.2058466922336207,-0.3766659363291286,2.6001316734345754,0.2265875295001577,2.1979228280822705
30.0,76.0,239.34703063964844,-0.5573109000134422,1.0820330890696988,-3.240952051214933,-3.640707829016172,-1.7737497179098791,0.4745016799634982,0.0314885242161033,2.6135288507269894,0.153150853889011,1.936260516662292
30.0,76.0,220.605712890625,-1.2895249897217784,0.6267801880458499,-3.669371183878931,-3.708187388611526,-1.371776205624486,0.7876874042806006,-0.1093378182371131,2.5556089237368944,0.217041584977199,1.9716464210471627
30.0,76.0,210.02865600585932,-0.8580111126169524,0.7817574778197114,-3.3139554907647666,-2.747140032872876,-1.527584908101148,0.7203383849461824,0.0051663944622394,2.5105962979010927,0.2203589910254215,2.0933798890874407
30.0,76.0,260.75506591796875,-0.7235173814946477,0.2633142916060825,-3.729488048766044,-2.598819823759516,-1.5621266964312754,0.5837873023273118,-0.2228563854805409,2.2311934862750764,0.0184947537160842,1.5811522207979942
30.0,76.0,203.24859619140625,-0.9192315676381116,0.6919205216551769,-3.0556354367665235,-2.451509490379421,-1.3093301803592623,0.7055183031443459,-0.0108541801189103,2.503597830966404,0.1763286553760367,1.883109007204634
30.0,76.0,209.853515625,-0.6115977473066232,0.7776220381257966,-3.835539989399004,-2.6171739805113914,-1.275521664933832,0.7366176474541036,-0.0458302544230463,2.584816162634513,0.2980722673261389,2.069972514370848
30.0,76.0,187.02798461914065,-0.2304175613661974,1.0983327096881783,-2.625654578204768,-2.3356485137225893,-1.1595344088636097,0.7904605323233822,0.0654427124726189,2.5129711504355194,0.0984144077129414,1.888807754687954
30.0,76.0,157.32095336914062,-0.2224815772543465,1.4944166923460842,-2.6293709991726217,-2.1250279979499416,-1.1156887463748832,0.8879849449890217,0.0974416156793797,2.527091334114643,0.1586697037428803,1.8139810869703752
30.0,76.0,245.99302673339844,-0.7494604562313425,0.5827624451646062,-3.1978432976312727,-2.930434860001456,-2.589522757468941,0.4511330050359632,-0.2349149109541924,2.459352546895984,0.2558733024443547,1.86071018527782
30.0,76.0,210.119873046875,-0.7610068930568665,0.5642124147423887,-3.726421416211226,-2.7995431788777383,-1.3708891968054873,0.679066308131347,0.0234932080174868,2.5843400721228726,0.297657964549431,2.1950618999519365
30.0,76.0,239.7064971923828,-0.2328794482560279,0.7545007887614678,-2.979455057748599,-2.512355720049881,-1.4978771075277424,0.8027093975467121,0.0324352269155117,2.5580316959530327,0.1173505329031556,1.969306052037464
30.0,76.0,215.4642791748047,-0.619272128359899,1.0161821115856564,-3.392347947738536,-3.718930889608517,-1.3159031693529706,0.8296082231312336,0.0283507836533688,2.580653015910745,0.2883060967232943,2.043397947376025
30.0,76.0,205.575927734375,-0.8160173862793221,0.5906195673798553,-3.5501247184478806,-2.9220737949502533,-1.5276746941164658,0.7254873283981647,-0.0189028447691116,2.5943872451814447,0.2168908645567235,1.9760531472632008
30.0,76.0,206.15182495117188,-1.021208591034679,0.50961503660092,-3.144610939529908,-2.765177086552761,-1.4071357512523337,0.6938978150236301,-0.0147396806557166,2.548052965813157,0.2183828022744247,1.9028349602058523
30.0,76.0,153.32322692871094,-0.2469255061733817,1.5109587309340438,-2.5725792082273338,-2.2820972719629884,-1.1743039417348822,0.9392735000097842,-0.02346056377755,2.5384977498792862,0.1391829116932507,1.7679616639714906
30.0,76.0,262.9179077148437,-0.9391109084640024,0.6797087949740567,-4.111601741642644,-2.3000698770336268,-1.4991903001224878,0.5231833854320784,-0.0024491857493256,2.7031747050873243,0.2590100123505139,1.7831169464725047
30.0,76.0,211.49984741210932,-0.6023430394608064,0.6862990325442788,-3.3371353581117207,-2.8851573211860253,-1.389844403508281,0.7960834819435386,-0.0731183203058278,2.570385485955568,0.1939850410112546,2.062637422407674
30.0,76.0,215.00582885742188,-1.3362269621506024,0.6909401133240985,-3.6958136060628175,-2.766535802928542,-1.578943155117534,0.5991151981177973,-0.0611612945314653,2.5056992509925267,0.0700747834210505,1.865374583499689
30.0,76.0,195.95263671875,-0.6271930896169433,0.8435034056843016,-2.981856159743415,-2.586050744610472,-1.3074273322785814,0.7748523112005237,-0.0253269704720538,2.5806821632638424,0.1918897234445147,1.954706450325797
30.0,76.0,160.44549560546875,-0.1179902592702502,1.3638262843685487,-2.780348911102408,-2.2654439486146947,-1.1614696298905407,0.8317026553239173,-0.0444725396261123,2.525124528782864,0.089398658453526,1.8200592773413928
30.0,76.0,195.40826416015625,-0.4313268452784733,1.5964089542966549,-2.559706087218293,-2.474855308174541,-1.2185376998536803,0.7074595262452336,0.0177350221483261,2.569258811955444,0.1681044651715849,1.874896677292096
30.0,76.0,173.00320434570312,-0.4374654517932287,1.2357249990135362,-2.79238402845472,-2.355827463102169,-1.220448700538539,0.8911572022735176,0.0642796433100644,2.564324926403032,0.1520911367781914,1.9022022776230323
30.0,77.0,214.22732543945312,-0.5709375357719852,0.6099977697356924,-3.140555826576952,-2.751540540879751,-1.5639863451240932,0.7150772700534826,-0.0298015949691891,2.517225884112829,0.2132561271602341,1.8995796105848937
30.0,77.0,201.4370574951172,-0.4540401323260987,0.8179070478135094,-3.314276906304189,-2.628539443785192,-1.3337882873665527,0.7127938785222587,-0.0269535484838654,2.590339428802196,0.2594558839508205,2.0689052243034824
30.0,77.0,216.8951416015625,-0.8209688307021434,0.7380708179123863,-3.421735287255472,-2.590285251222465,-1.155161557111979,0.7342647559357545,-0.0585356627712509,2.540457390469685,0.2245473946276626,2.0744917312299864
30.0,77.0,205.40724182128903,-1.2471719392371754,0.7338063691250966,-3.6956164114227614,-2.6893020048638974,-1.4361633841990469,0.7509499775402746,-0.0265320376388999,2.5844589496606782,0.2214973721181175,2.0621365244733765
30.0,77.0,203.8832092285156,-1.4790613265445376,0.7732738784922106,-3.3582703227624244,-2.695334901826924,-1.3453112019984668,0.7075198587616528,-0.0020897764918419,2.575840366118009,0.2040841445302196,2.0670954059278106
30.0,77.0,150.41392517089844,-0.0836422116617835,1.4150486523332035,-2.6432444639306527,-2.2202315703084667,-1.108802324512066,0.92774446347885,0.1044245321469893,2.5270163002115376,0.1393815202622376,1.6891175426267322
30.0,77.0,185.60337829589844,-0.626756935226114,1.0943243965401392,-2.7574811282738323,-2.43141408164491,-1.2420120237613066,0.8396900515179762,0.0380053051348984,2.568718101020372,0.1889918269794381,1.9101453785487623
30.0,77.0,188.5603179931641,-0.3834995514884349,1.4439604245083684,-2.785240659300588,-2.374271267048012,-1.206065077054912,0.925550923488687,0.1444297922023185,2.5410758530765984,0.070486442442354,1.840904738842488
30.0,77.0,203.4140472412109,-0.5678473708618155,0.7799693007154738,-3.6749830968560486,-2.725391649065348,-1.3797502672892723,0.7480700850134762,-0.0265029683648772,2.586302994710479,0.2283338142204806,2.0667280186433774
30.0,77.0,217.80987548828125,-0.7399219093249991,0.6265199654248446,-3.3812386568411683,-3.115740592719888,-2.4970438835882924,0.4187495791001843,-0.1164287251613381,2.541142812644273,0.2703581298861386,2.0687642066891287
30.0,77.0,201.7044219970703,-0.6552952230338768,0.789537644755984,-3.131677153117997,-2.725862189701337,-1.327890814222953,0.7257755438118074,-0.0264966475501739,2.5879562114865826,0.2411740536822892,2.06908069814025
30.0,77.0,166.6708984375,-0.1939983147536388,1.4747525216281434,-2.701445566797277,-2.20710720537205,-1.1262146992546769,0.9185544171009816,0.1612287054084232,2.525500928176508,0.101479798300257,1.860168695461404
30.0,77.0,207.52395629882807,-1.0172369141889488,0.5097226488719611,-3.674337809841004,-2.8353189978585056,-1.3644168602548383,0.7515932251121955,-0.0172059671688819,2.580125632767812,0.2261450789481383,2.063133829032119
30.0,77.0,175.8495330810547,-0.4775785043656096,1.232828352030302,-2.829773447056977,-2.384111755209133,-1.2235130123262596,0.8677996048050263,0.0581306772521697,2.565029186474866,0.1954501146382836,1.8987196644750453
30.0,77.0,221.4112243652344,-0.3577889705867167,0.8293934806643648,-3.3979003253151454,-2.7654536822693285,-1.6698577467448548,0.6572926121331348,0.0036915510580502,2.630194871551593,0.2211682507633885,2.2321347321959304
30.0,77.0,159.97982788085938,-0.2433837393278499,1.2494599281134473,-2.732451202974904,-2.2785790341630805,-1.184733370606712,0.8153797848521159,0.0164282828813617,2.5566033320816963,0.1661020233801398,1.714057009498695
30.0,77.0,220.53668212890625,-1.2171966783311097,0.4756538204269566,-3.473961005955754,-3.088961056374514,-1.704597891261704,0.4920041034137272,-0.0918239354140258,2.562499878329205,0.3992523830963432,2.654374933471221
30.0,77.0,150.9752197265625,-0.1775624783970037,1.401633628584086,-2.709509538975155,-2.21492977136202,-1.1603965254135886,0.8315500045659168,0.0522790887871648,2.57576063415358,0.1270628370713633,1.6772362601068225
30.0,77.0,245.9429931640625,-0.8483266135729868,0.6453986865434707,-3.506552371550096,-3.271625883978806,-2.56814784519429,0.2147286641374462,-0.1436646083617611,2.4296898910346845,0.2413711030766583,2.371772908737178
30.0,77.0,220.6161956787109,-0.9503927517081534,0.677458880081766,-3.4985466721108613,-3.1419557166689587,-2.6450864950941537,0.7657276416976995,-0.0800017667336136,2.591298282155937,0.2318220931468717,1.9778696258291708
30.0,77.0,209.95681762695312,-0.8546054761373488,0.5561256830121146,-3.5196763665523463,-2.9998356632825494,-1.6631055522139582,0.5872105304760162,-0.0307104087849592,2.588951662564981,0.2473229352094717,1.9606851088631445
30.0,77.0,205.36083984375,-1.0410372824203336,0.7676645361621044,-3.3922084993722885,-2.757479147550971,-1.3696282247663814,0.7197802351399657,0.0253103845882088,2.591243372468218,0.2560553276800137,2.054097732849192
30.0,77.0,205.4263153076172,-1.0610826982318322,0.7387432132212964,-3.5269101097837323,-2.588175478326636,-1.3746018730768372,0.7544874944278932,-0.0259144887775997,2.5909527780546773,0.210068459110206,2.063579531483645
30.0,77.0,187.0008544921875,-0.1568621147891883,1.4248283474429309,-2.7122721235999143,-2.42517234952652,-1.1536771666964525,0.5435096094221697,-0.1797523215463589,2.5351632354647866,0.1897108716045448,1.785458775235611
30.0,77.0,147.59059143066406,-0.1599907260178709,1.3950295064335572,-2.639014168442954,-2.2313556162884867,-1.1559712847371466,0.9187315202657592,0.0536591368976181,2.536754732327305,0.140548622345268,1.8127552323279057
30.0,77.0,161.8810272216797,-0.127827698139409,1.3503434506646173,-2.748742842126488,-2.202560255465848,-1.1477034268745885,0.8778217961212578,0.0166683139884165,2.530739622043255,0.128151922566513,1.9212025539874984
30.0,77.0,203.7299041748047,-1.4671963034076896,0.7718039591814964,-3.521820860113768,-2.7055890962796987,-1.3850800460590984,0.7492558679810841,0.0041742840984898,2.5864682179734686,0.2295821296873494,1.9406396168518183
30.0,77.0,240.0376892089844,-0.818985015422538,0.7325545795717203,-3.463958090524869,-3.1745869837099026,-1.9281247841715203,0.2058466922336207,-0.3766659363291286,2.6001316734345754,0.2265875295001577,2.1979228280822705
30.0,77.0,239.34703063964844,-0.5573109000134422,1.0820330890696988,-3.240952051214933,-3.640707829016172,-1.7737497179098791,0.4745016799634982,0.0314885242161033,2.6135288507269894,0.153150853889011,1.936260516662292
30.0,77.0,212.3438873291016,-1.557908792152764,0.7812118760917048,-3.276699207737689,-2.517975874158795,-1.3094452414096935,0.8953993694345304,0.0426183328891991,2.521546768070464,0.1659403421417329,1.953499831456992
30.0,77.0,210.02865600585932,-0.8580111126169524,0.7817574778197114,-3.3139554907647666,-2.747140032872876,-1.527584908101148,0.7203383849461824,0.0051663944622394,2.5105962979010927,0.2203589910254215,2.0933798890874407
30.0,77.0,260.75506591796875,-0.7235173814946477,0.2633142916060825,-3.729488048766044,-2.598819823759516,-1.5621266964312754,0.5837873023273118,-0.2228563854805409,2.2311934862750764,0.0184947537160842,1.5811522207979942
30.0,77.0,203.24859619140625,-0.9192315676381116,0.6919205216551769,-3.0556354367665235,-2.451509490379421,-1.3093301803592623,0.7055183031443459,-0.0108541801189103,2.503597830966404,0.1763286553760367,1.883109007204634
30.0,77.0,209.853515625,-0.6115977473066232,0.7776220381257966,-3.835539989399004,-2.6171739805113914,-1.275521664933832,0.7366176474541036,-0.0458302544230463,2.584816162634513,0.2980722673261389,2.069972514370848
30.0,77.0,187.02798461914065,-0.2304175613661974,1.0983327096881783,-2.625654578204768,-2.3356485137225893,-1.1595344088636097,0.7904605323233822,0.0654427124726189,2.5129711504355194,0.0984144077129414,1.888807754687954
30.0,77.0,157.32095336914062,-0.2224815772543465,1.4944166923460842,-2.6293709991726217,-2.1250279979499416,-1.1156887463748832,0.8879849449890217,0.0974416156793797,2.527091334114643,0.1586697037428803,1.8139810869703752
30.0,77.0,245.99302673339844,-0.7494604562313425,0.5827624451646062,-3.1978432976312727,-2.930434860001456,-2.589522757468941,0.4511330050359632,-0.2349149109541924,2.459352546895984,0.2558733024443547,1.86071018527782
30.0,77.0,210.119873046875,-0.7610068930568665,0.5642124147423887,-3.726421416211226,-2.7995431788777383,-1.3708891968054873,0.679066308131347,0.0234932080174868,2.5843400721228726,0.297657964549431,2.1950618999519365
30.0,77.0,239.7064971923828,-0.2328794482560279,0.7545007887614678,-2.979455057748599,-2.512355720049881,-1.4978771075277424,0.8027093975467121,0.0324352269155117,2.5580316959530327,0.1173505329031556,1.969306052037464
30.0,77.0,215.4642791748047,-0.619272128359899,1.0161821115856564,-3.392347947738536,-3.718930889608517,-1.3159031693529706,0.8296082231312336,0.0283507836533688,2.580653015910745,0.2883060967232943,2.043397947376025
30.0,77.0,205.575927734375,-0.8160173862793221,0.5906195673798553,-3.5501247184478806,-2.9220737949502533,-1.5276746941164658,0.7254873283981647,-0.0189028447691116,2.5943872451814447,0.2168908645567235,1.9760531472632008
30.0,77.0,206.15182495117188,-1.021208591034679,0.50961503660092,-3.144610939529908,-2.765177086552761,-1.4071357512523337,0.6938978150236301,-0.0147396806557166,2.548052965813157,0.2183828022744247,1.9028349602058523
30.0,77.0,153.32322692871094,-0.2469255061733817,1.5109587309340438,-2.5725792082273338,-2.2820972719629884,-1.1743039417348822,0.9392735000097842,-0.02346056377755,2.5384977498792862,0.1391829116932507,1.7679616639714906
30.0,77.0,262.9179077148437,-0.9391109084640024,0.6797087949740567,-4.111601741642644,-2.3000698770336268,-1.4991903001224878,0.5231833854320784,-0.0024491857493256,2.7031747050873243,0.2590100123505139,1.7831169464725047
30.0,77.0,211.49984741210932,-0.6023430394608064,0.6862990325442788,-3.3371353581117207,-2.8851573211860253,-1.389844403508281,0.7960834819435386,-0.0731183203058278,2.570385485955568,0.1939850410112546,2.062637422407674
30.0,77.0,215.00582885742188,-1.3362269621506024,0.6909401133240985,-3.6958136060628175,-2.766535802928542,-1.578943155117534,0.5991151981177973,-0.0611612945314653,2.5056992509925267,0.0700747834210505,1.865374583499689
30.0,77.0,195.95263671875,-0.6271930896169433,0.8435034056843016,-2.981856159743415,-2.586050744610472,-1.3074273322785814,0.7748523112005237,-0.0253269704720538,2.5806821632638424,0.1918897234445147,1.954706450325797
30.0,77.0,160.44549560546875,-0.1179902592702502,1.3638262843685487,-2.780348911102408,-2.2654439486146947,-1.1614696298905407,0.8317026553239173,-0.0444725396261123,2.525124528782864,0.089398658453526,1.8200592773413928
30.0,77.0,195.40826416015625,-0.4313268452784733,1.5964089542966549,-2.559706087218293,-2.474855308174541,-1.2185376998536803,0.7074595262452336,0.0177350221483261,2.569258811955444,0.1681044651715849,1.874896677292096
30.0,77.0,173.00320434570312,-0.4374654517932287,1.2357249990135362,-2.79238402845472,-2.355827463102169,-1.220448700538539,0.8911572022735176,0.0642796433100644,2.564324926403032,0.1520911367781914,1.9022022776230323
30.0,78.0,214.22732543945312,-0.5709375357719852,0.6099977697356924,-3.140555826576952,-2.751540540879751,-1.5639863451240932,0.7150772700534826,-0.0298015949691891,2.517225884112829,0.2132561271602341,1.8995796105848937
30.0,78.0,201.4370574951172,-0.4540401323260987,0.8179070478135094,-3.314276906304189,-2.628539443785192,-1.3337882873665527,0.7127938785222587,-0.0269535484838654,2.590339428802196,0.2594558839508205,2.0689052243034824
30.0,78.0,216.8951416015625,-0.8209688307021434,0.7380708179123863,-3.421735287255472,-2.590285251222465,-1.155161557111979,0.7342647559357545,-0.0585356627712509,2.540457390469685,0.2245473946276626,2.0744917312299864
30.0,78.0,205.40724182128903,-1.2471719392371754,0.7338063691250966,-3.6956164114227614,-2.6893020048638974,-1.4361633841990469,0.7509499775402746,-0.0265320376388999,2.5844589496606782,0.2214973721181175,2.0621365244733765
30.0,78.0,203.8832092285156,-1.4790613265445376,0.7732738784922106,-3.3582703227624244,-2.695334901826924,-1.3453112019984668,0.7075198587616528,-0.0020897764918419,2.575840366118009,0.2040841445302196,2.0670954059278106
30.0,78.0,150.41392517089844,-0.0836422116617835,1.4150486523332035,-2.6432444639306527,-2.2202315703084667,-1.108802324512066,0.92774446347885,0.1044245321469893,2.5270163002115376,0.1393815202622376,1.6891175426267322
30.0,78.0,185.60337829589844,-0.626756935226114,1.0943243965401392,-2.7574811282738323,-2.43141408164491,-1.2420120237613066,0.8396900515179762,0.0380053051348984,2.568718101020372,0.1889918269794381,1.9101453785487623
30.0,78.0,188.5603179931641,-0.3834995514884349,1.4439604245083684,-2.785240659300588,-2.374271267048012,-1.206065077054912,0.925550923488687,0.1444297922023185,2.5410758530765984,0.070486442442354,1.840904738842488
30.0,78.0,203.4140472412109,-0.5678473708618155,0.7799693007154738,-3.6749830968560486,-2.725391649065348,-1.3797502672892723,0.7480700850134762,-0.0265029683648772,2.586302994710479,0.2283338142204806,2.0667280186433774
30.0,78.0,217.80987548828125,-0.7399219093249991,0.6265199654248446,-3.3812386568411683,-3.115740592719888,-2.4970438835882924,0.4187495791001843,-0.1164287251613381,2.541142812644273,0.2703581298861386,2.0687642066891287
30.0,78.0,201.7044219970703,-0.6552952230338768,0.789537644755984,-3.131677153117997,-2.725862189701337,-1.327890814222953,0.7257755438118074,-0.0264966475501739,2.5879562114865826,0.2411740536822892,2.06908069814025
30.0,78.0,166.6708984375,-0.1939983147536388,1.4747525216281434,-2.701445566797277,-2.20710720537205,-1.1262146992546769,0.9185544171009816,0.1612287054084232,2.525500928176508,0.101479798300257,1.860168695461404
30.0,78.0,207.52395629882807,-1.0172369141889488,0.5097226488719611,-3.674337809841004,-2.8353189978585056,-1.3644168602548383,0.7515932251121955,-0.0172059671688819,2.580125632767812,0.2261450789481383,2.063133829032119
30.0,78.0,175.8495330810547,-0.4775785043656096,1.232828352030302,-2.829773447056977,-2.384111755209133,-1.2235130123262596,0.8677996048050263,0.0581306772521697,2.565029186474866,0.1954501146382836,1.8987196644750453
30.0,78.0,221.4112243652344,-0.3577889705867167,0.8293934806643648,-3.3979003253151454,-2.7654536822693285,-1.6698577467448548,0.6572926121331348,0.0036915510580502,2.630194871551593,0.2211682507633885,2.2321347321959304
30.0,78.0,159.97982788085938,-0.2433837393278499,1.2494599281134473,-2.732451202974904,-2.2785790341630805,-1.184733370606712,0.8153797848521159,0.0164282828813617,2.5566033320816963,0.1661020233801398,1.714057009498695
30.0,78.0,220.53668212890625,-1.2171966783311097,0.4756538204269566,-3.473961005955754,-3.088961056374514,-1.704597891261704,0.4920041034137272,-0.0918239354140258,2.562499878329205,0.3992523830963432,2.654374933471221
30.0,78.0,150.9752197265625,-0.1775624783970037,1.401633628584086,-2.709509538975155,-2.21492977136202,-1.1603965254135886,0.8315500045659168,0.0522790887871648,2.57576063415358,0.1270628370713633,1.6772362601068225
30.0,78.0,245.9429931640625,-0.8483266135729868,0.6453986865434707,-3.506552371550096,-3.271625883978806,-2.56814784519429,0.2147286641374462,-0.1436646083617611,2.4296898910346845,0.2413711030766583,2.371772908737178
30.0,78.0,220.6161956787109,-0.9503927517081534,0.677458880081766,-3.4985466721108613,-3.1419557166689587,-2.6450864950941537,0.7657276416976995,-0.0800017667336136,2.591298282155937,0.2318220931468717,1.9778696258291708
30.0,78.0,209.95681762695312,-0.8546054761373488,0.5561256830121146,-3.5196763665523463,-2.9998356632825494,-1.6631055522139582,0.5872105304760162,-0.0307104087849592,2.588951662564981,0.2473229352094717,1.9606851088631445
30.0,78.0,205.36083984375,-1.0410372824203336,0.7676645361621044,-3.3922084993722885,-2.757479147550971,-1.3696282247663814,0.7197802351399657,0.0253103845882088,2.591243372468218,0.2560553276800137,2.054097732849192
30.0,78.0,205.4263153076172,-1.0610826982318322,0.7387432132212964,-3.5269101097837323,-2.588175478326636,-1.3746018730768372,0.7544874944278932,-0.0259144887775997,2.5909527780546773,0.210068459110206,2.063579531483645
30.0,78.0,187.0008544921875,-0.1568621147891883,1.4248283474429309,-2.7122721235999143,-2.42517234952652,-1.1536771666964525,0.5435096094221697,-0.1797523215463589,2.5351632354647866,0.1897108716045448,1.785458775235611
30.0,78.0,147.59059143066406,-0.1599907260178709,1.3950295064335572,-2.639014168442954,-2.2313556162884867,-1.1559712847371466,0.9187315202657592,0.0536591368976181,2.536754732327305,0.140548622345268,1.8127552323279057
30.0,78.0,161.8810272216797,-0.127827698139409,1.3503434506646173,-2.748742842126488,-2.202560255465848,-1.1477034268745885,0.8778217961212578,0.0166683139884165,2.530739622043255,0.128151922566513,1.9212025539874984
30.0,78.0,203.7299041748047,-1.4671963034076896,0.7718039591814964,-3.521820860113768,-2.7055890962796987,-1.3850800460590984,0.7492558679810841,0.0041742840984898,2.5864682179734686,0.2295821296873494,1.9406396168518183
30.0,78.0,240.0376892089844,-0.818985015422538,0.7325545795717203,-3.463958090524869,-3.1745869837099026,-1.9281247841715203,0.2058466922336207,-0.3766659363291286,2.6001316734345754,0.2265875295001577,2.1979228280822705
30.0,78.0,239.34703063964844,-0.5573109000134422,1.0820330890696988,-3.240952051214933,-3.640707829016172,-1.7737497179098791,0.4745016799634982,0.0314885242161033,2.6135288507269894,0.153150853889011,1.936260516662292
30.0,78.0,212.3438873291016,-1.557908792152764,0.7812118760917048,-3.276699207737689,-2.517975874158795,-1.3094452414096935,0.8953993694345304,0.0426183328891991,2.521546768070464,0.1659403421417329,1.953499831456992
30.0,78.0,210.02865600585932,-0.8580111126169524,0.7817574778197114,-3.3139554907647666,-2.747140032872876,-1.527584908101148,0.7203383849461824,0.0051663944622394,2.5105962979010927,0.2203589910254215,2.0933798890874407
30.0,78.0,260.75506591796875,-0.7235173814946477,0.2633142916060825,-3.729488048766044,-2.598819823759516,-1.5621266964312754,0.5837873023273118,-0.2228563854805409,2.2311934862750764,0.0184947537160842,1.5811522207979942
30.0,78.0,203.24859619140625,-0.9192315676381116,0.6919205216551769,-3.0556354367665235,-2.451509490379421,-1.3093301803592623,0.7055183031443459,-0.0108541801189103,2.503597830966404,0.1763286553760367,1.883109007204634
30.0,78.0,209.853515625,-0.6115977473066232,0.7776220381257966,-3.835539989399004,-2.6171739805113914,-1.275521664933832,0.7366176474541036,-0.0458302544230463,2.584816162634513,0.2980722673261389,2.069972514370848
30.0,78.0,187.02798461914065,-0.2304175613661974,1.0983327096881783,-2.625654578204768,-2.3356485137225893,-1.1595344088636097,0.7904605323233822,0.0654427124726189,2.5129711504355194,0.0984144077129414,1.888807754687954
30.0,78.0,157.32095336914062,-0.2224815772543465,1.4944166923460842,-2.6293709991726217,-2.1250279979499416,-1.1156887463748832,0.8879849449890217,0.0974416156793797,2.527091334114643,0.1586697037428803,1.8139810869703752
30.0,78.0,245.99302673339844,-0.7494604562313425,0.5827624451646062,-3.1978432976312727,-2.930434860001456,-2.589522757468941,0.4511330050359632,-0.2349149109541924,2.459352546895984,0.2558733024443547,1.86071018527782
30.0,78.0,210.119873046875,-0.7610068930568665,0.5642124147423887,-3.726421416211226,-2.7995431788777383,-1.3708891968054873,0.679066308131347,0.0234932080174868,2.5843400721228726,0.297657964549431,2.1950618999519365
30.0,78.0,239.7064971923828,-0.2328794482560279,0.7545007887614678,-2.979455057748599,-2.512355720049881,-1.4978771075277424,0.8027093975467121,0.0324352269155117,2.5580316959530327,0.1173505329031556,1.969306052037464
30.0,78.0,215.4642791748047,-0.619272128359899,1.0161821115856564,-3.392347947738536,-3.718930889608517,-1.3159031693529706,0.8296082231312336,0.0283507836533688,2.580653015910745,0.2883060967232943,2.043397947376025
30.0,78.0,205.575927734375,-0.8160173862793221,0.5906195673798553,-3.5501247184478806,-2.9220737949502533,-1.5276746941164658,0.7254873283981647,-0.0189028447691116,2.5943872451814447,0.2168908645567235,1.9760531472632008
30.0,78.0,206.15182495117188,-1.021208591034679,0.50961503660092,-3.144610939529908,-2.765177086552761,-1.4071357512523337,0.6938978150236301,-0.0147396806557166,2.548052965813157,0.2183828022744247,1.9028349602058523
30.0,78.0,153.32322692871094,-0.2469255061733817,1.5109587309340438,-2.5725792082273338,-2.2820972719629884,-1.1743039417348822,0.9392735000097842,-0.02346056377755,2.5384977498792862,0.1391829116932507,1.7679616639714906
30.0,78.0,262.9179077148437,-0.9391109084640024,0.6797087949740567,-4.111601741642644,-2.3000698770336268,-1.4991903001224878,0.5231833854320784,-0.0024491857493256,2.7031747050873243,0.2590100123505139,1.7831169464725047
30.0,78.0,211.49984741210932,-0.6023430394608064,0.6862990325442788,-3.3371353581117207,-2.8851573211860253,-1.389844403508281,0.7960834819435386,-0.0731183203058278,2.570385485955568,0.1939850410112546,2.062637422407674
30.0,78.0,215.00582885742188,-1.3362269621506024,0.6909401133240985,-3.6958136060628175,-2.766535802928542,-1.578943155117534,0.5991151981177973,-0.0611612945314653,2.5056992509925267,0.0700747834210505,1.865374583499689
30.0,78.0,195.95263671875,-0.6271930896169433,0.8435034056843016,-2.981856159743415,-2.586050744610472,-1.3074273322785814,0.7748523112005237,-0.0253269704720538,2.5806821632638424,0.1918897234445147,1.954706450325797
30.0,78.0,160.44549560546875,-0.1179902592702502,1.3638262843685487,-2.780348911102408,-2.2654439486146947,-1.1614696298905407,0.8317026553239173,-0.0444725396261123,2.525124528782864,0.089398658453526,1.8200592773413928
30.0,78.0,157.4029998779297,-0.0456770941882355,1.5863363170176947,-2.56644752828971,-2.2438459484006232,-1.2793374196999965,0.5517380213899806,-0.0303154928660709,2.5362616215189875,0.1683646754718108,1.9087344575208447
30.0,78.0,173.00320434570312,-0.4374654517932287,1.2357249990135362,-2.79238402845472,-2.355827463102169,-1.220448700538539,0.8911572022735176,0.0642796433100644,2.564324926403032,0.1520911367781914,1.9022022776230323
30.0,79.0,214.22732543945312,-0.5709375357719852,0.6099977697356924,-3.140555826576952,-2.751540540879751,-1.5639863451240932,0.7150772700534826,-0.0298015949691891,2.517225884112829,0.2132561271602341,1.8995796105848937
30.0,79.0,201.4370574951172,-0.4540401323260987,0.8179070478135094,-3.314276906304189,-2.628539443785192,-1.3337882873665527,0.7127938785222587,-0.0269535484838654,2.590339428802196,0.2594558839508205,2.0689052243034824
30.0,79.0,216.8951416015625,-0.8209688307021434,0.7380708179123863,-3.421735287255472,-2.590285251222465,-1.155161557111979,0.7342647559357545,-0.0585356627712509,2.540457390469685,0.2245473946276626,2.0744917312299864
30.0,79.0,205.40724182128903,-1.2471719392371754,0.7338063691250966,-3.6956164114227614,-2.6893020048638974,-1.4361633841990469,0.7509499775402746,-0.0265320376388999,2.5844589496606782,0.2214973721181175,2.0621365244733765
30.0,79.0,203.8832092285156,-1.4790613265445376,0.7732738784922106,-3.3582703227624244,-2.695334901826924,-1.3453112019984668,0.7075198587616528,-0.0020897764918419,2.575840366118009,0.2040841445302196,2.0670954059278106
30.0,79.0,150.41392517089844,-0.0836422116617835,1.4150486523332035,-2.6432444639306527,-2.2202315703084667,-1.108802324512066,0.92774446347885,0.1044245321469893,2.5270163002115376,0.1393815202622376,1.6891175426267322
30.0,79.0,185.60337829589844,-0.626756935226114,1.0943243965401392,-2.7574811282738323,-2.43141408164491,-1.2420120237613066,0.8396900515179762,0.0380053051348984,2.568718101020372,0.1889918269794381,1.9101453785487623
30.0,79.0,188.5603179931641,-0.3834995514884349,1.4439604245083684,-2.785240659300588,-2.374271267048012,-1.206065077054912,0.925550923488687,0.1444297922023185,2.5410758530765984,0.070486442442354,1.840904738842488
30.0,79.0,203.4140472412109,-0.5678473708618155,0.7799693007154738,-3.6749830968560486,-2.725391649065348,-1.3797502672892723,0.7480700850134762,-0.0265029683648772,2.586302994710479,0.2283338142204806,2.0667280186433774
30.0,79.0,217.80987548828125,-0.7399219093249991,0.6265199654248446,-3.3812386568411683,-3.115740592719888,-2.4970438835882924,0.4187495791001843,-0.1164287251613381,2.541142812644273,0.2703581298861386,2.0687642066891287
30.0,79.0,201.7044219970703,-0.6552952230338768,0.789537644755984,-3.131677153117997,-2.725862189701337,-1.327890814222953,0.7257755438118074,-0.0264966475501739,2.5879562114865826,0.2411740536822892,2.06908069814025
30.0,79.0,166.6708984375,-0.1939983147536388,1.4747525216281434,-2.701445566797277,-2.20710720537205,-1.1262146992546769,0.9185544171009816,0.1612287054084232,2.525500928176508,0.101479798300257,1.860168695461404
30.0,79.0,207.52395629882807,-1.0172369141889488,0.5097226488719611,-3.674337809841004,-2.8353189978585056,-1.3644168602548383,0.7515932251121955,-0.0172059671688819,2.580125632767812,0.2261450789481383,2.063133829032119
30.0,79.0,175.8495330810547,-0.4775785043656096,1.232828352030302,-2.829773447056977,-2.384111755209133,-1.2235130123262596,0.8677996048050263,0.0581306772521697,2.565029186474866,0.1954501146382836,1.8987196644750453
30.0,79.0,221.4112243652344,-0.3577889705867167,0.8293934806643648,-3.3979003253151454,-2.7654536822693285,-1.6698577467448548,0.6572926121331348,0.0036915510580502,2.630194871551593,0.2211682507633885,2.2321347321959304
30.0,79.0,155.2830810546875,-0.275779852940814,1.4253862259941428,-2.6761805861964167,-2.265972759291313,-1.1453673602987453,0.8574367065590297,0.1271276561826112,2.6366277352350176,0.1881968053166395,1.82364656746708
30.0,79.0,220.53668212890625,-1.2171966783311097,0.4756538204269566,-3.473961005955754,-3.088961056374514,-1.704597891261704,0.4920041034137272,-0.0918239354140258,2.562499878329205,0.3992523830963432,2.654374933471221
30.0,79.0,150.9752197265625,-0.1775624783970037,1.401633628584086,-2.709509538975155,-2.21492977136202,-1.1603965254135886,0.8315500045659168,0.0522790887871648,2.57576063415358,0.1270628370713633,1.6772362601068225
30.0,79.0,245.9429931640625,-0.8483266135729868,0.6453986865434707,-3.506552371550096,-3.271625883978806,-2.56814784519429,0.2147286641374462,-0.1436646083617611,2.4296898910346845,0.2413711030766583,2.371772908737178
30.0,79.0,220.6161956787109,-0.9503927517081534,0.677458880081766,-3.4985466721108613,-3.1419557166689587,-2.6450864950941537,0.7657276416976995,-0.0800017667336136,2.591298282155937,0.2318220931468717,1.9778696258291708
30.0,79.0,209.95681762695312,-0.8546054761373488,0.5561256830121146,-3.5196763665523463,-2.9998356632825494,-1.6631055522139582,0.5872105304760162,-0.0307104087849592,2.588951662564981,0.2473229352094717,1.9606851088631445
30.0,79.0,205.36083984375,-1.0410372824203336,0.7676645361621044,-3.3922084993722885,-2.757479147550971,-1.3696282247663814,0.7197802351399657,0.0253103845882088,2.591243372468218,0.2560553276800137,2.054097732849192
30.0,79.0,205.4263153076172,-1.0610826982318322,0.7387432132212964,-3.5269101097837323,-2.588175478326636,-1.3746018730768372,0.7544874944278932,-0.0259144887775997,2.5909527780546773,0.210068459110206,2.063579531483645
30.0,79.0,187.0008544921875,-0.1568621147891883,1.4248283474429309,-2.7122721235999143,-2.42517234952652,-1.1536771666964525,0.5435096094221697,-0.1797523215463589,2.5351632354647866,0.1897108716045448,1.785458775235611
30.0,79.0,147.59059143066406,-0.1599907260178709,1.3950295064335572,-2.639014168442954,-2.2313556162884867,-1.1559712847371466,0.9187315202657592,0.0536591368976181,2.536754732327305,0.140548622345268,1.8127552323279057
30.0,79.0,161.8810272216797,-0.127827698139409,1.3503434506646173,-2.748742842126488,-2.202560255465848,-1.1477034268745885,0.8778217961212578,0.0166683139884165,2.530739622043255,0.128151922566513,1.9212025539874984
30.0,79.0,203.7299041748047,-1.4671963034076896,0.7718039591814964,-3.521820860113768,-2.7055890962796987,-1.3850800460590984,0.7492558679810841,0.0041742840984898,2.5864682179734686,0.2295821296873494,1.9406396168518183
30.0,79.0,240.0376892089844,-0.818985015422538,0.7325545795717203,-3.463958090524869,-3.1745869837099026,-1.9281247841715203,0.2058466922336207,-0.3766659363291286,2.6001316734345754,0.2265875295001577,2.1979228280822705
30.0,79.0,239.34703063964844,-0.5573109000134422,1.0820330890696988,-3.240952051214933,-3.640707829016172,-1.7737497179098791,0.4745016799634982,0.0314885242161033,2.6135288507269894,0.153150853889011,1.936260516662292
30.0,79.0,212.3438873291016,-1.557908792152764,0.7812118760917048,-3.276699207737689,-2.517975874158795,-1.3094452414096935,0.8953993694345304,0.0426183328891991,2.521546768070464,0.1659403421417329,1.953499831456992
30.0,79.0,210.02865600585932,-0.8580111126169524,0.7817574778197114,-3.3139554907647666,-2.747140032872876,-1.527584908101148,0.7203383849461824,0.0051663944622394,2.5105962979010927,0.2203589910254215,2.0933798890874407
30.0,79.0,260.75506591796875,-0.7235173814946477,0.2633142916060825,-3.729488048766044,-2.598819823759516,-1.5621266964312754,0.5837873023273118,-0.2228563854805409,2.2311934862750764,0.0184947537160842,1.5811522207979942
30.0,79.0,203.24859619140625,-0.9192315676381116,0.6919205216551769,-3.0556354367665235,-2.451509490379421,-1.3093301803592623,0.7055183031443459,-0.0108541801189103,2.503597830966404,0.1763286553760367,1.883109007204634
30.0,79.0,209.853515625,-0.6115977473066232,0.7776220381257966,-3.835539989399004,-2.6171739805113914,-1.275521664933832,0.7366176474541036,-0.0458302544230463,2.584816162634513,0.2980722673261389,2.069972514370848
30.0,79.0,187.02798461914065,-0.2304175613661974,1.0983327096881783,-2.625654578204768,-2.3356485137225893,-1.1595344088636097,0.7904605323233822,0.0654427124726189,2.5129711504355194,0.0984144077129414,1.888807754687954
30.0,79.0,157.32095336914062,-0.2224815772543465,1.4944166923460842,-2.6293709991726217,-2.1250279979499416,-1.1156887463748832,0.8879849449890217,0.0974416156793797,2.527091334114643,0.1586697037428803,1.8139810869703752
30.0,79.0,245.99302673339844,-0.7494604562313425,0.5827624451646062,-3.1978432976312727,-2.930434860001456,-2.589522757468941,0.4511330050359632,-0.2349149109541924,2.459352546895984,0.2558733024443547,1.86071018527782
30.0,79.0,210.119873046875,-0.7610068930568665,0.5642124147423887,-3.726421416211226,-2.7995431788777383,-1.3708891968054873,0.679066308131347,0.0234932080174868,2.5843400721228726,0.297657964549431,2.1950618999519365
30.0,79.0,239.7064971923828,-0.2328794482560279,0.7545007887614678,-2.979455057748599,-2.512355720049881,-1.4978771075277424,0.8027093975467121,0.0324352269155117,2.5580316959530327,0.1173505329031556,1.969306052037464
30.0,79.0,215.4642791748047,-0.619272128359899,1.0161821115856564,-3.392347947738536,-3.718930889608517,-1.3159031693529706,0.8296082231312336,0.0283507836533688,2.580653015910745,0.2883060967232943,2.043397947376025
30.0,79.0,205.575927734375,-0.8160173862793221,0.5906195673798553,-3.5501247184478806,-2.9220737949502533,-1.5276746941164658,0.7254873283981647,-0.0189028447691116,2.5943872451814447,0.2168908645567235,1.9760531472632008
30.0,79.0,206.15182495117188,-1.021208591034679,0.50961503660092,-3.144610939529908,-2.765177086552761,-1.4071357512523337,0.6938978150236301,-0.0147396806557166,2.548052965813157,0.2183828022744247,1.9028349602058523
30.0,79.0,153.32322692871094,-0.2469255061733817,1.5109587309340438,-2.5725792082273338,-2.2820972719629884,-1.1743039417348822,0.9392735000097842,-0.02346056377755,2.5384977498792862,0.1391829116932507,1.7679616639714906
30.0,79.0,262.9179077148437,-0.9391109084640024,0.6797087949740567,-4.111601741642644,-2.3000698770336268,-1.4991903001224878,0.5231833854320784,-0.0024491857493256,2.7031747050873243,0.2590100123505139,1.7831169464725047
30.0,79.0,211.49984741210932,-0.6023430394608064,0.6862990325442788,-3.3371353581117207,-2.8851573211860253,-1.389844403508281,0.7960834819435386,-0.0731183203058278,2.570385485955568,0.1939850410112546,2.062637422407674
30.0,79.0,215.00582885742188,-1.3362269621506024,0.6909401133240985,-3.6958136060628175,-2.766535802928542,-1.578943155117534,0.5991151981177973,-0.0611612945314653,2.5056992509925267,0.0700747834210505,1.865374583499689
30.0,79.0,195.95263671875,-0.6271930896169433,0.8435034056843016,-2.981856159743415,-2.586050744610472,-1.3074273322785814,0.7748523112005237,-0.0253269704720538,2.5806821632638424,0.1918897234445147,1.954706450325797
30.0,79.0,157.229248046875,-0.1858893872628343,1.3971403184414466,-2.589935403529314,-2.229884386993945,-1.158434326889744,0.9250201165849322,-0.0835390385175476,2.528409041423714,0.1079591823781304,1.81123280043176
30.0,79.0,157.4029998779297,-0.0456770941882355,1.5863363170176947,-2.56644752828971,-2.2438459484006232,-1.2793374196999965,0.5517380213899806,-0.0303154928660709,2.5362616215189875,0.1683646754718108,1.9087344575208447
30.0,79.0,173.00320434570312,-0.4374654517932287,1.2357249990135362,-2.79238402845472,-2.355827463102169,-1.220448700538539,0.8911572022735176,0.0642796433100644,2.564324926403032,0.1520911367781914,1.9022022776230323
30.0,80.0,214.22732543945312,-0.5709375357719852,0.6099977697356924,-3.140555826576952,-2.751540540879751,-1.5639863451240932,0.7150772700534826,-0.0298015949691891,2.517225884112829,0.2132561271602341,1.8995796105848937
30.0,80.0,201.4370574951172,-0.4540401323260987,0.8179070478135094,-3.314276906304189,-2.628539443785192,-1.3337882873665527,0.7127938785222587,-0.0269535484838654,2.590339428802196,0.2594558839508205,2.0689052243034824
30.0,80.0,216.8951416015625,-0.8209688307021434,0.7380708179123863,-3.421735287255472,-2.590285251222465,-1.155161557111979,0.7342647559357545,-0.0585356627712509,2.540457390469685,0.2245473946276626,2.0744917312299864
30.0,80.0,205.40724182128903,-1.2471719392371754,0.7338063691250966,-3.6956164114227614,-2.6893020048638974,-1.4361633841990469,0.7509499775402746,-0.0265320376388999,2.5844589496606782,0.2214973721181175,2.0621365244733765
30.0,80.0,203.8832092285156,-1.4790613265445376,0.7732738784922106,-3.3582703227624244,-2.695334901826924,-1.3453112019984668,0.7075198587616528,-0.0020897764918419,2.575840366118009,0.2040841445302196,2.0670954059278106
30.0,80.0,150.41392517089844,-0.0836422116617835,1.4150486523332035,-2.6432444639306527,-2.2202315703084667,-1.108802324512066,0.92774446347885,0.1044245321469893,2.5270163002115376,0.1393815202622376,1.6891175426267322
30.0,80.0,185.60337829589844,-0.626756935226114,1.0943243965401392,-2.7574811282738323,-2.43141408164491,-1.2420120237613066,0.8396900515179762,0.0380053051348984,2.568718101020372,0.1889918269794381,1.9101453785487623
30.0,80.0,188.5603179931641,-0.3834995514884349,1.4439604245083684,-2.785240659300588,-2.374271267048012,-1.206065077054912,0.925550923488687,0.1444297922023185,2.5410758530765984,0.070486442442354,1.840904738842488
30.0,80.0,203.4140472412109,-0.5678473708618155,0.7799693007154738,-3.6749830968560486,-2.725391649065348,-1.3797502672892723,0.7480700850134762,-0.0265029683648772,2.586302994710479,0.2283338142204806,2.0667280186433774
30.0,80.0,217.80987548828125,-0.7399219093249991,0.6265199654248446,-3.3812386568411683,-3.115740592719888,-2.4970438835882924,0.4187495791001843,-0.1164287251613381,2.541142812644273,0.2703581298861386,2.0687642066891287
30.0,80.0,201.7044219970703,-0.6552952230338768,0.789537644755984,-3.131677153117997,-2.725862189701337,-1.327890814222953,0.7257755438118074,-0.0264966475501739,2.5879562114865826,0.2411740536822892,2.06908069814025
30.0,80.0,166.6708984375,-0.1939983147536388,1.4747525216281434,-2.701445566797277,-2.20710720537205,-1.1262146992546769,0.9185544171009816,0.1612287054084232,2.525500928176508,0.101479798300257,1.860168695461404
30.0,80.0,207.52395629882807,-1.0172369141889488,0.5097226488719611,-3.674337809841004,-2.8353189978585056,-1.3644168602548383,0.7515932251121955,-0.0172059671688819,2.580125632767812,0.2261450789481383,2.063133829032119
30.0,80.0,175.8495330810547,-0.4775785043656096,1.232828352030302,-2.829773447056977,-2.384111755209133,-1.2235130123262596,0.8677996048050263,0.0581306772521697,2.565029186474866,0.1954501146382836,1.8987196644750453
30.0,80.0,221.4112243652344,-0.3577889705867167,0.8293934806643648,-3.3979003253151454,-2.7654536822693285,-1.6698577467448548,0.6572926121331348,0.0036915510580502,2.630194871551593,0.2211682507633885,2.2321347321959304
30.0,80.0,155.2830810546875,-0.275779852940814,1.4253862259941428,-2.6761805861964167,-2.265972759291313,-1.1453673602987453,0.8574367065590297,0.1271276561826112,2.6366277352350176,0.1881968053166395,1.82364656746708
30.0,80.0,220.53668212890625,-1.2171966783311097,0.4756538204269566,-3.473961005955754,-3.088961056374514,-1.704597891261704,0.4920041034137272,-0.0918239354140258,2.562499878329205,0.3992523830963432,2.654374933471221
30.0,80.0,150.9752197265625,-0.1775624783970037,1.401633628584086,-2.709509538975155,-2.21492977136202,-1.1603965254135886,0.8315500045659168,0.0522790887871648,2.57576063415358,0.1270628370713633,1.6772362601068225
30.0,80.0,245.9429931640625,-0.8483266135729868,0.6453986865434707,-3.506552371550096,-3.271625883978806,-2.56814784519429,0.2147286641374462,-0.1436646083617611,2.4296898910346845,0.2413711030766583,2.371772908737178
30.0,80.0,220.6161956787109,-0.9503927517081534,0.677458880081766,-3.4985466721108613,-3.1419557166689587,-2.6450864950941537,0.7657276416976995,-0.0800017667336136,2.591298282155937,0.2318220931468717,1.9778696258291708
30.0,80.0,209.95681762695312,-0.8546054761373488,0.5561256830121146,-3.5196763665523463,-2.9998356632825494,-1.6631055522139582,0.5872105304760162,-0.0307104087849592,2.588951662564981,0.2473229352094717,1.9606851088631445
30.0,80.0,205.36083984375,-1.0410372824203336,0.7676645361621044,-3.3922084993722885,-2.757479147550971,-1.3696282247663814,0.7197802351399657,0.0253103845882088,2.591243372468218,0.2560553276800137,2.054097732849192
30.0,80.0,205.4263153076172,-1.0610826982318322,0.7387432132212964,-3.5269101097837323,-2.588175478326636,-1.3746018730768372,0.7544874944278932,-0.0259144887775997,2.5909527780546773,0.210068459110206,2.063579531483645
30.0,80.0,187.0008544921875,-0.1568621147891883,1.4248283474429309,-2.7122721235999143,-2.42517234952652,-1.1536771666964525,0.5435096094221697,-0.1797523215463589,2.5351632354647866,0.1897108716045448,1.785458775235611
30.0,80.0,147.59059143066406,-0.1599907260178709,1.3950295064335572,-2.639014168442954,-2.2313556162884867,-1.1559712847371466,0.9187315202657592,0.0536591368976181,2.536754732327305,0.140548622345268,1.8127552323279057
30.0,80.0,161.8810272216797,-0.127827698139409,1.3503434506646173,-2.748742842126488,-2.202560255465848,-1.1477034268745885,0.8778217961212578,0.0166683139884165,2.530739622043255,0.128151922566513,1.9212025539874984
30.0,80.0,203.7299041748047,-1.4671963034076896,0.7718039591814964,-3.521820860113768,-2.7055890962796987,-1.3850800460590984,0.7492558679810841,0.0041742840984898,2.5864682179734686,0.2295821296873494,1.9406396168518183
30.0,80.0,240.0376892089844,-0.818985015422538,0.7325545795717203,-3.463958090524869,-3.1745869837099026,-1.9281247841715203,0.2058466922336207,-0.3766659363291286,2.6001316734345754,0.2265875295001577,2.1979228280822705
30.0,80.0,239.34703063964844,-0.5573109000134422,1.0820330890696988,-3.240952051214933,-3.640707829016172,-1.7737497179098791,0.4745016799634982,0.0314885242161033,2.6135288507269894,0.153150853889011,1.936260516662292
30.0,80.0,212.3438873291016,-1.557908792152764,0.7812118760917048,-3.276699207737689,-2.517975874158795,-1.3094452414096935,0.8953993694345304,0.0426183328891991,2.521546768070464,0.1659403421417329,1.953499831456992
30.0,80.0,210.02865600585932,-0.8580111126169524,0.7817574778197114,-3.3139554907647666,-2.747140032872876,-1.527584908101148,0.7203383849461824,0.0051663944622394,2.5105962979010927,0.2203589910254215,2.0933798890874407
30.0,80.0,260.75506591796875,-0.7235173814946477,0.2633142916060825,-3.729488048766044,-2.598819823759516,-1.5621266964312754,0.5837873023273118,-0.2228563854805409,2.2311934862750764,0.0184947537160842,1.5811522207979942
30.0,80.0,203.24859619140625,-0.9192315676381116,0.6919205216551769,-3.0556354367665235,-2.451509490379421,-1.3093301803592623,0.7055183031443459,-0.0108541801189103,2.503597830966404,0.1763286553760367,1.883109007204634
30.0,80.0,209.853515625,-0.6115977473066232,0.7776220381257966,-3.835539989399004,-2.6171739805113914,-1.275521664933832,0.7366176474541036,-0.0458302544230463,2.584816162634513,0.2980722673261389,2.069972514370848
30.0,80.0,187.02798461914065,-0.2304175613661974,1.0983327096881783,-2.625654578204768,-2.3356485137225893,-1.1595344088636097,0.7904605323233822,0.0654427124726189,2.5129711504355194,0.0984144077129414,1.888807754687954
30.0,80.0,157.32095336914062,-0.2224815772543465,1.4944166923460842,-2.6293709991726217,-2.1250279979499416,-1.1156887463748832,0.8879849449890217,0.0974416156793797,2.527091334114643,0.1586697037428803,1.8139810869703752
30.0,80.0,245.99302673339844,-0.7494604562313425,0.5827624451646062,-3.1978432976312727,-2.930434860001456,-2.589522757468941,0.4511330050359632,-0.2349149109541924,2.459352546895984,0.2558733024443547,1.86071018527782
30.0,80.0,210.119873046875,-0.7610068930568665,0.5642124147423887,-3.726421416211226,-2.7995431788777383,-1.3708891968054873,0.679066308131347,0.0234932080174868,2.5843400721228726,0.297657964549431,2.1950618999519365
30.0,80.0,239.7064971923828,-0.2328794482560279,0.7545007887614678,-2.979455057748599,-2.512355720049881,-1.4978771075277424,0.8027093975467121,0.0324352269155117,2.5580316959530327,0.1173505329031556,1.969306052037464
30.0,80.0,215.4642791748047,-0.619272128359899,1.0161821115856564,-3.392347947738536,-3.718930889608517,-1.3159031693529706,0.8296082231312336,0.0283507836533688,2.580653015910745,0.2883060967232943,2.043397947376025
30.0,80.0,205.575927734375,-0.8160173862793221,0.5906195673798553,-3.5501247184478806,-2.9220737949502533,-1.5276746941164658,0.7254873283981647,-0.0189028447691116,2.5943872451814447,0.2168908645567235,1.9760531472632008
30.0,80.0,206.15182495117188,-1.021208591034679,0.50961503660092,-3.144610939529908,-2.765177086552761,-1.4071357512523337,0.6938978150236301,-0.0147396806557166,2.548052965813157,0.2183828022744247,1.9028349602058523
30.0,80.0,153.32322692871094,-0.2469255061733817,1.5109587309340438,-2.5725792082273338,-2.2820972719629884,-1.1743039417348822,0.9392735000097842,-0.02346056377755,2.5384977498792862,0.1391829116932507,1.7679616639714906
30.0,80.0,262.9179077148437,-0.9391109084640024,0.6797087949740567,-4.111601741642644,-2.3000698770336268,-1.4991903001224878,0.5231833854320784,-0.0024491857493256,2.7031747050873243,0.2590100123505139,1.7831169464725047
30.0,80.0,211.49984741210932,-0.6023430394608064,0.6862990325442788,-3.3371353581117207,-2.8851573211860253,-1.389844403508281,0.7960834819435386,-0.0731183203058278,2.570385485955568,0.1939850410112546,2.062637422407674
30.0,80.0,215.00582885742188,-1.3362269621506024,0.6909401133240985,-3.6958136060628175,-2.766535802928542,-1.578943155117534,0.5991151981177973,-0.0611612945314653,2.5056992509925267,0.0700747834210505,1.865374583499689
30.0,80.0,195.95263671875,-0.6271930896169433,0.8435034056843016,-2.981856159743415,-2.586050744610472,-1.3074273322785814,0.7748523112005237,-0.0253269704720538,2.5806821632638424,0.1918897234445147,1.954706450325797
30.0,80.0,155.3135528564453,-0.164479252300676,1.419355133151018,-2.478805556850716,-2.168999486305082,-1.1556819690609852,0.9504245208753054,-0.0368277327176131,2.5357669311797,0.1327657173048508,1.805423275551804
30.0,80.0,157.4029998779297,-0.0456770941882355,1.5863363170176947,-2.56644752828971,-2.2438459484006232,-1.2793374196999965,0.5517380213899806,-0.0303154928660709,2.5362616215189875,0.1683646754718108,1.9087344575208447
30.0,80.0,173.00320434570312,-0.4374654517932287,1.2357249990135362,-2.79238402845472,-2.355827463102169,-1.220448700538539,0.8911572022735176,0.0642796433100644,2.564324926403032,0.1520911367781914,1.9022022776230323
30.0,81.0,214.22732543945312,-0.5709375357719852,0.6099977697356924,-3.140555826576952,-2.751540540879751,-1.5639863451240932,0.7150772700534826,-0.0298015949691891,2.517225884112829,0.2132561271602341,1.8995796105848937
30.0,81.0,201.4370574951172,-0.4540401323260987,0.8179070478135094,-3.314276906304189,-2.628539443785192,-1.3337882873665527,0.7127938785222587,-0.0269535484838654,2.590339428802196,0.2594558839508205,2.0689052243034824
30.0,81.0,216.8951416015625,-0.8209688307021434,0.7380708179123863,-3.421735287255472,-2.590285251222465,-1.155161557111979,0.7342647559357545,-0.0585356627712509,2.540457390469685,0.2245473946276626,2.0744917312299864
30.0,81.0,205.40724182128903,-1.2471719392371754,0.7338063691250966,-3.6956164114227614,-2.6893020048638974,-1.4361633841990469,0.7509499775402746,-0.0265320376388999,2.5844589496606782,0.2214973721181175,2.0621365244733765
30.0,81.0,203.8832092285156,-1.4790613265445376,0.7732738784922106,-3.3582703227624244,-2.695334901826924,-1.3453112019984668,0.7075198587616528,-0.0020897764918419,2.575840366118009,0.2040841445302196,2.0670954059278106
30.0,81.0,150.41392517089844,-0.0836422116617835,1.4150486523332035,-2.6432444639306527,-2.2202315703084667,-1.108802324512066,0.92774446347885,0.1044245321469893,2.5270163002115376,0.1393815202622376,1.6891175426267322
30.0,81.0,185.60337829589844,-0.626756935226114,1.0943243965401392,-2.7574811282738323,-2.43141408164491,-1.2420120237613066,0.8396900515179762,0.0380053051348984,2.568718101020372,0.1889918269794381,1.9101453785487623
30.0,81.0,188.5603179931641,-0.3834995514884349,1.4439604245083684,-2.785240659300588,-2.374271267048012,-1.206065077054912,0.925550923488687,0.1444297922023185,2.5410758530765984,0.070486442442354,1.840904738842488
30.0,81.0,203.4140472412109,-0.5678473708618155,0.7799693007154738,-3.6749830968560486,-2.725391649065348,-1.3797502672892723,0.7480700850134762,-0.0265029683648772,2.586302994710479,0.2283338142204806,2.0667280186433774
30.0,81.0,217.80987548828125,-0.7399219093249991,0.6265199654248446,-3.3812386568411683,-3.115740592719888,-2.4970438835882924,0.4187495791001843,-0.1164287251613381,2.541142812644273,0.2703581298861386,2.0687642066891287
30.0,81.0,201.7044219970703,-0.6552952230338768,0.789537644755984,-3.131677153117997,-2.725862189701337,-1.327890814222953,0.7257755438118074,-0.0264966475501739,2.5879562114865826,0.2411740536822892,2.06908069814025
30.0,81.0,165.10992431640625,-0.1584455909459395,1.351823994805841,-2.664687056329777,-2.231469123206561,-1.1133444779257315,0.9094498543037488,0.1795452353776502,2.538043371068389,0.1019733717649579,1.8268189407244613
30.0,81.0,207.52395629882807,-1.0172369141889488,0.5097226488719611,-3.674337809841004,-2.8353189978585056,-1.3644168602548383,0.7515932251121955,-0.0172059671688819,2.580125632767812,0.2261450789481383,2.063133829032119
30.0,81.0,175.8495330810547,-0.4775785043656096,1.232828352030302,-2.829773447056977,-2.384111755209133,-1.2235130123262596,0.8677996048050263,0.0581306772521697,2.565029186474866,0.1954501146382836,1.8987196644750453
30.0,81.0,221.4112243652344,-0.3577889705867167,0.8293934806643648,-3.3979003253151454,-2.7654536822693285,-1.6698577467448548,0.6572926121331348,0.0036915510580502,2.630194871551593,0.2211682507633885,2.2321347321959304
30.0,81.0,154.8157958984375,-0.1466788341016385,1.3680838397403996,-2.6811178502131003,-2.2604398259222225,-1.1697598237743363,0.7901561877112837,0.1012507516684885,2.616797862333564,0.1156895302404107,1.82878620174452
30.0,81.0,220.53668212890625,-1.2171966783311097,0.4756538204269566,-3.473961005955754,-3.088961056374514,-1.704597891261704,0.4920041034137272,-0.0918239354140258,2.562499878329205,0.3992523830963432,2.654374933471221
30.0,81.0,150.9752197265625,-0.1775624783970037,1.401633628584086,-2.709509538975155,-2.21492977136202,-1.1603965254135886,0.8315500045659168,0.0522790887871648,2.57576063415358,0.1270628370713633,1.6772362601068225
30.0,81.0,245.9429931640625,-0.8483266135729868,0.6453986865434707,-3.506552371550096,-3.271625883978806,-2.56814784519429,0.2147286641374462,-0.1436646083617611,2.4296898910346845,0.2413711030766583,2.371772908737178
30.0,81.0,220.6161956787109,-0.9503927517081534,0.677458880081766,-3.4985466721108613,-3.1419557166689587,-2.6450864950941537,0.7657276416976995,-0.0800017667336136,2.591298282155937,0.2318220931468717,1.9778696258291708
30.0,81.0,209.95681762695312,-0.8546054761373488,0.5561256830121146,-3.5196763665523463,-2.9998356632825494,-1.6631055522139582,0.5872105304760162,-0.0307104087849592,2.588951662564981,0.2473229352094717,1.9606851088631445
30.0,81.0,205.36083984375,-1.0410372824203336,0.7676645361621044,-3.3922084993722885,-2.757479147550971,-1.3696282247663814,0.7197802351399657,0.0253103845882088,2.591243372468218,0.2560553276800137,2.054097732849192
30.0,81.0,205.4263153076172,-1.0610826982318322,0.7387432132212964,-3.5269101097837323,-2.588175478326636,-1.3746018730768372,0.7544874944278932,-0.0259144887775997,2.5909527780546773,0.210068459110206,2.063579531483645
30.0,81.0,186.29234313964844,-0.1210776479525893,1.4128667658767184,-2.639848217240868,-2.159621974944315,-1.1763271455600244,0.5160531793360317,-0.0110632884944296,2.524973728703904,0.0893390467187169,1.7866198614289734
30.0,81.0,147.59059143066406,-0.1599907260178709,1.3950295064335572,-2.639014168442954,-2.2313556162884867,-1.1559712847371466,0.9187315202657592,0.0536591368976181,2.536754732327305,0.140548622345268,1.8127552323279057
30.0,81.0,161.8810272216797,-0.127827698139409,1.3503434506646173,-2.748742842126488,-2.202560255465848,-1.1477034268745885,0.8778217961212578,0.0166683139884165,2.530739622043255,0.128151922566513,1.9212025539874984
30.0,81.0,203.7299041748047,-1.4671963034076896,0.7718039591814964,-3.521820860113768,-2.7055890962796987,-1.3850800460590984,0.7492558679810841,0.0041742840984898,2.5864682179734686,0.2295821296873494,1.9406396168518183
30.0,81.0,240.0376892089844,-0.818985015422538,0.7325545795717203,-3.463958090524869,-3.1745869837099026,-1.9281247841715203,0.2058466922336207,-0.3766659363291286,2.6001316734345754,0.2265875295001577,2.1979228280822705
30.0,81.0,239.34703063964844,-0.5573109000134422,1.0820330890696988,-3.240952051214933,-3.640707829016172,-1.7737497179098791,0.4745016799634982,0.0314885242161033,2.6135288507269894,0.153150853889011,1.936260516662292
30.0,81.0,212.3438873291016,-1.557908792152764,0.7812118760917048,-3.276699207737689,-2.517975874158795,-1.3094452414096935,0.8953993694345304,0.0426183328891991,2.521546768070464,0.1659403421417329,1.953499831456992
30.0,81.0,210.02865600585932,-0.8580111126169524,0.7817574778197114,-3.3139554907647666,-2.747140032872876,-1.527584908101148,0.7203383849461824,0.0051663944622394,2.5105962979010927,0.2203589910254215,2.0933798890874407
30.0,81.0,260.75506591796875,-0.7235173814946477,0.2633142916060825,-3.729488048766044,-2.598819823759516,-1.5621266964312754,0.5837873023273118,-0.2228563854805409,2.2311934862750764,0.0184947537160842,1.5811522207979942
30.0,81.0,203.24859619140625,-0.9192315676381116,0.6919205216551769,-3.0556354367665235,-2.451509490379421,-1.3093301803592623,0.7055183031443459,-0.0108541801189103,2.503597830966404,0.1763286553760367,1.883109007204634
30.0,81.0,209.853515625,-0.6115977473066232,0.7776220381257966,-3.835539989399004,-2.6171739805113914,-1.275521664933832,0.7366176474541036,-0.0458302544230463,2.584816162634513,0.2980722673261389,2.069972514370848
30.0,81.0,179.86012268066406,-0.2032637593498947,1.2886229533525682,-2.5328564840155474,-2.4060153819517542,-1.1680371913213,0.8481851374476755,-0.0967800601033986,2.5262862147568304,0.087974850221404,1.9028023964355465
30.0,81.0,157.32095336914062,-0.2224815772543465,1.4944166923460842,-2.6293709991726217,-2.1250279979499416,-1.1156887463748832,0.8879849449890217,0.0974416156793797,2.527091334114643,0.1586697037428803,1.8139810869703752
30.0,81.0,245.99302673339844,-0.7494604562313425,0.5827624451646062,-3.1978432976312727,-2.930434860001456,-2.589522757468941,0.4511330050359632,-0.2349149109541924,2.459352546895984,0.2558733024443547,1.86071018527782
30.0,81.0,210.119873046875,-0.7610068930568665,0.5642124147423887,-3.726421416211226,-2.7995431788777383,-1.3708891968054873,0.679066308131347,0.0234932080174868,2.5843400721228726,0.297657964549431,2.1950618999519365
30.0,81.0,239.7064971923828,-0.2328794482560279,0.7545007887614678,-2.979455057748599,-2.512355720049881,-1.4978771075277424,0.8027093975467121,0.0324352269155117,2.5580316959530327,0.1173505329031556,1.969306052037464
30.0,81.0,215.4642791748047,-0.619272128359899,1.0161821115856564,-3.392347947738536,-3.718930889608517,-1.3159031693529706,0.8296082231312336,0.0283507836533688,2.580653015910745,0.2883060967232943,2.043397947376025
30.0,81.0,205.575927734375,-0.8160173862793221,0.5906195673798553,-3.5501247184478806,-2.9220737949502533,-1.5276746941164658,0.7254873283981647,-0.0189028447691116,2.5943872451814447,0.2168908645567235,1.9760531472632008
30.0,81.0,206.15182495117188,-1.021208591034679,0.50961503660092,-3.144610939529908,-2.765177086552761,-1.4071357512523337,0.6938978150236301,-0.0147396806557166,2.548052965813157,0.2183828022744247,1.9028349602058523
30.0,81.0,153.32322692871094,-0.2469255061733817,1.5109587309340438,-2.5725792082273338,-2.2820972719629884,-1.1743039417348822,0.9392735000097842,-0.02346056377755,2.5384977498792862,0.1391829116932507,1.7679616639714906
30.0,81.0,262.9179077148437,-0.9391109084640024,0.6797087949740567,-4.111601741642644,-2.3000698770336268,-1.4991903001224878,0.5231833854320784,-0.0024491857493256,2.7031747050873243,0.2590100123505139,1.7831169464725047
30.0,81.0,211.49984741210932,-0.6023430394608064,0.6862990325442788,-3.3371353581117207,-2.8851573211860253,-1.389844403508281,0.7960834819435386,-0.0731183203058278,2.570385485955568,0.1939850410112546,2.062637422407674
30.0,81.0,215.00582885742188,-1.3362269621506024,0.6909401133240985,-3.6958136060628175,-2.766535802928542,-1.578943155117534,0.5991151981177973,-0.0611612945314653,2.5056992509925267,0.0700747834210505,1.865374583499689
30.0,81.0,195.95263671875,-0.6271930896169433,0.8435034056843016,-2.981856159743415,-2.586050744610472,-1.3074273322785814,0.7748523112005237,-0.0253269704720538,2.5806821632638424,0.1918897234445147,1.954706450325797
30.0,81.0,151.73428344726562,-0.1482568412137229,1.415324046517105,-2.449860109302856,-2.156514239058789,-1.1542323592900927,0.94324647446918,0.0799715563668917,2.541037569394509,0.1507679015837282,1.807516174151981
30.0,81.0,157.4029998779297,-0.0456770941882355,1.5863363170176947,-2.56644752828971,-2.2438459484006232,-1.2793374196999965,0.5517380213899806,-0.0303154928660709,2.5362616215189875,0.1683646754718108,1.9087344575208447
30.0,81.0,173.00320434570312,-0.4374654517932287,1.2357249990135362,-2.79238402845472,-2.355827463102169,-1.220448700538539,0.8911572022735176,0.0642796433100644,2.564324926403032,0.1520911367781914,1.9022022776230323
30.0,82.0,214.22732543945312,-0.5709375357719852,0.6099977697356924,-3.140555826576952,-2.751540540879751,-1.5639863451240932,0.7150772700534826,-0.0298015949691891,2.517225884112829,0.2132561271602341,1.8995796105848937
30.0,82.0,201.4370574951172,-0.4540401323260987,0.8179070478135094,-3.314276906304189,-2.628539443785192,-1.3337882873665527,0.7127938785222587,-0.0269535484838654,2.590339428802196,0.2594558839508205,2.0689052243034824
30.0,82.0,216.8951416015625,-0.8209688307021434,0.7380708179123863,-3.421735287255472,-2.590285251222465,-1.155161557111979,0.7342647559357545,-0.0585356627712509,2.540457390469685,0.2245473946276626,2.0744917312299864
30.0,82.0,205.40724182128903,-1.2471719392371754,0.7338063691250966,-3.6956164114227614,-2.6893020048638974,-1.4361633841990469,0.7509499775402746,-0.0265320376388999,2.5844589496606782,0.2214973721181175,2.0621365244733765
30.0,82.0,203.8832092285156,-1.4790613265445376,0.7732738784922106,-3.3582703227624244,-2.695334901826924,-1.3453112019984668,0.7075198587616528,-0.0020897764918419,2.575840366118009,0.2040841445302196,2.0670954059278106
30.0,82.0,150.41392517089844,-0.0836422116617835,1.4150486523332035,-2.6432444639306527,-2.2202315703084667,-1.108802324512066,0.92774446347885,0.1044245321469893,2.5270163002115376,0.1393815202622376,1.6891175426267322
30.0,82.0,185.60337829589844,-0.626756935226114,1.0943243965401392,-2.7574811282738323,-2.43141408164491,-1.2420120237613066,0.8396900515179762,0.0380053051348984,2.568718101020372,0.1889918269794381,1.9101453785487623
30.0,82.0,188.5603179931641,-0.3834995514884349,1.4439604245083684,-2.785240659300588,-2.374271267048012,-1.206065077054912,0.925550923488687,0.1444297922023185,2.5410758530765984,0.070486442442354,1.840904738842488
30.0,82.0,203.4140472412109,-0.5678473708618155,0.7799693007154738,-3.6749830968560486,-2.725391649065348,-1.3797502672892723,0.7480700850134762,-0.0265029683648772,2.586302994710479,0.2283338142204806,2.0667280186433774
30.0,82.0,217.80987548828125,-0.7399219093249991,0.6265199654248446,-3.3812386568411683,-3.115740592719888,-2.4970438835882924,0.4187495791001843,-0.1164287251613381,2.541142812644273,0.2703581298861386,2.0687642066891287
30.0,82.0,201.7044219970703,-0.6552952230338768,0.789537644755984,-3.131677153117997,-2.725862189701337,-1.327890814222953,0.7257755438118074,-0.0264966475501739,2.5879562114865826,0.2411740536822892,2.06908069814025
30.0,82.0,165.10992431640625,-0.1584455909459395,1.351823994805841,-2.664687056329777,-2.231469123206561,-1.1133444779257315,0.9094498543037488,0.1795452353776502,2.538043371068389,0.1019733717649579,1.8268189407244613
30.0,82.0,207.52395629882807,-1.0172369141889488,0.5097226488719611,-3.674337809841004,-2.8353189978585056,-1.3644168602548383,0.7515932251121955,-0.0172059671688819,2.580125632767812,0.2261450789481383,2.063133829032119
30.0,82.0,175.8495330810547,-0.4775785043656096,1.232828352030302,-2.829773447056977,-2.384111755209133,-1.2235130123262596,0.8677996048050263,0.0581306772521697,2.565029186474866,0.1954501146382836,1.8987196644750453
30.0,82.0,221.4112243652344,-0.3577889705867167,0.8293934806643648,-3.3979003253151454,-2.7654536822693285,-1.6698577467448548,0.6572926121331348,0.0036915510580502,2.630194871551593,0.2211682507633885,2.2321347321959304
30.0,82.0,154.8157958984375,-0.1466788341016385,1.3680838397403996,-2.6811178502131003,-2.2604398259222225,-1.1697598237743363,0.7901561877112837,0.1012507516684885,2.616797862333564,0.1156895302404107,1.82878620174452
30.0,82.0,220.53668212890625,-1.2171966783311097,0.4756538204269566,-3.473961005955754,-3.088961056374514,-1.704597891261704,0.4920041034137272,-0.0918239354140258,2.562499878329205,0.3992523830963432,2.654374933471221
30.0,82.0,150.9752197265625,-0.1775624783970037,1.401633628584086,-2.709509538975155,-2.21492977136202,-1.1603965254135886,0.8315500045659168,0.0522790887871648,2.57576063415358,0.1270628370713633,1.6772362601068225
30.0,82.0,245.9429931640625,-0.8483266135729868,0.6453986865434707,-3.506552371550096,-3.271625883978806,-2.56814784519429,0.2147286641374462,-0.1436646083617611,2.4296898910346845,0.2413711030766583,2.371772908737178
30.0,82.0,220.6161956787109,-0.9503927517081534,0.677458880081766,-3.4985466721108613,-3.1419557166689587,-2.6450864950941537,0.7657276416976995,-0.0800017667336136,2.591298282155937,0.2318220931468717,1.9778696258291708
30.0,82.0,209.95681762695312,-0.8546054761373488,0.5561256830121146,-3.5196763665523463,-2.9998356632825494,-1.6631055522139582,0.5872105304760162,-0.0307104087849592,2.588951662564981,0.2473229352094717,1.9606851088631445
30.0,82.0,205.36083984375,-1.0410372824203336,0.7676645361621044,-3.3922084993722885,-2.757479147550971,-1.3696282247663814,0.7197802351399657,0.0253103845882088,2.591243372468218,0.2560553276800137,2.054097732849192
30.0,82.0,205.4263153076172,-1.0610826982318322,0.7387432132212964,-3.5269101097837323,-2.588175478326636,-1.3746018730768372,0.7544874944278932,-0.0259144887775997,2.5909527780546773,0.210068459110206,2.063579531483645
30.0,82.0,186.29234313964844,-0.1210776479525893,1.4128667658767184,-2.639848217240868,-2.159621974944315,-1.1763271455600244,0.5160531793360317,-0.0110632884944296,2.524973728703904,0.0893390467187169,1.7866198614289734
30.0,82.0,147.59059143066406,-0.1599907260178709,1.3950295064335572,-2.639014168442954,-2.2313556162884867,-1.1559712847371466,0.9187315202657592,0.0536591368976181,2.536754732327305,0.140548622345268,1.8127552323279057
30.0,82.0,161.8810272216797,-0.127827698139409,1.3503434506646173,-2.748742842126488,-2.202560255465848,-1.1477034268745885,0.8778217961212578,0.0166683139884165,2.530739622043255,0.128151922566513,1.9212025539874984
30.0,82.0,203.7299041748047,-1.4671963034076896,0.7718039591814964,-3.521820860113768,-2.7055890962796987,-1.3850800460590984,0.7492558679810841,0.0041742840984898,2.5864682179734686,0.2295821296873494,1.9406396168518183
30.0,82.0,240.0376892089844,-0.818985015422538,0.7325545795717203,-3.463958090524869,-3.1745869837099026,-1.9281247841715203,0.2058466922336207,-0.3766659363291286,2.6001316734345754,0.2265875295001577,2.1979228280822705
30.0,82.0,239.34703063964844,-0.5573109000134422,1.0820330890696988,-3.240952051214933,-3.640707829016172,-1.7737497179098791,0.4745016799634982,0.0314885242161033,2.6135288507269894,0.153150853889011,1.936260516662292
30.0,82.0,212.3438873291016,-1.557908792152764,0.7812118760917048,-3.276699207737689,-2.517975874158795,-1.3094452414096935,0.8953993694345304,0.0426183328891991,2.521546768070464,0.1659403421417329,1.953499831456992
30.0,82.0,210.02865600585932,-0.8580111126169524,0.7817574778197114,-3.3139554907647666,-2.747140032872876,-1.527584908101148,0.7203383849461824,0.0051663944622394,2.5105962979010927,0.2203589910254215,2.0933798890874407
30.0,82.0,260.75506591796875,-0.7235173814946477,0.2633142916060825,-3.729488048766044,-2.598819823759516,-1.5621266964312754,0.5837873023273118,-0.2228563854805409,2.2311934862750764,0.0184947537160842,1.5811522207979942
30.0,82.0,203.24859619140625,-0.9192315676381116,0.6919205216551769,-3.0556354367665235,-2.451509490379421,-1.3093301803592623,0.7055183031443459,-0.0108541801189103,2.503597830966404,0.1763286553760367,1.883109007204634
30.0,82.0,209.853515625,-0.6115977473066232,0.7776220381257966,-3.835539989399004,-2.6171739805113914,-1.275521664933832,0.7366176474541036,-0.0458302544230463,2.584816162634513,0.2980722673261389,2.069972514370848
30.0,82.0,179.86012268066406,-0.2032637593498947,1.2886229533525682,-2.5328564840155474,-2.4060153819517542,-1.1680371913213,0.8481851374476755,-0.0967800601033986,2.5262862147568304,0.087974850221404,1.9028023964355465
30.0,82.0,157.32095336914062,-0.2224815772543465,1.4944166923460842,-2.6293709991726217,-2.1250279979499416,-1.1156887463748832,0.8879849449890217,0.0974416156793797,2.527091334114643,0.1586697037428803,1.8139810869703752
30.0,82.0,245.99302673339844,-0.7494604562313425,0.5827624451646062,-3.1978432976312727,-2.930434860001456,-2.589522757468941,0.4511330050359632,-0.2349149109541924,2.459352546895984,0.2558733024443547,1.86071018527782
30.0,82.0,210.119873046875,-0.7610068930568665,0.5642124147423887,-3.726421416211226,-2.7995431788777383,-1.3708891968054873,0.679066308131347,0.0234932080174868,2.5843400721228726,0.297657964549431,2.1950618999519365
30.0,82.0,239.7064971923828,-0.2328794482560279,0.7545007887614678,-2.979455057748599,-2.512355720049881,-1.4978771075277424,0.8027093975467121,0.0324352269155117,2.5580316959530327,0.1173505329031556,1.969306052037464
30.0,82.0,215.4642791748047,-0.619272128359899,1.0161821115856564,-3.392347947738536,-3.718930889608517,-1.3159031693529706,0.8296082231312336,0.0283507836533688,2.580653015910745,0.2883060967232943,2.043397947376025
30.0,82.0,205.575927734375,-0.8160173862793221,0.5906195673798553,-3.5501247184478806,-2.9220737949502533,-1.5276746941164658,0.7254873283981647,-0.0189028447691116,2.5943872451814447,0.2168908645567235,1.9760531472632008
30.0,82.0,206.15182495117188,-1.021208591034679,0.50961503660092,-3.144610939529908,-2.765177086552761,-1.4071357512523337,0.6938978150236301,-0.0147396806557166,2.548052965813157,0.2183828022744247,1.9028349602058523
30.0,82.0,153.32322692871094,-0.2469255061733817,1.5109587309340438,-2.5725792082273338,-2.2820972719629884,-1.1743039417348822,0.9392735000097842,-0.02346056377755,2.5384977498792862,0.1391829116932507,1.7679616639714906
30.0,82.0,262.9179077148437,-0.9391109084640024,0.6797087949740567,-4.111601741642644,-2.3000698770336268,-1.4991903001224878,0.5231833854320784,-0.0024491857493256,2.7031747050873243,0.2590100123505139,1.7831169464725047
30.0,82.0,211.49984741210932,-0.6023430394608064,0.6862990325442788,-3.3371353581117207,-2.8851573211860253,-1.389844403508281,0.7960834819435386,-0.0731183203058278,2.570385485955568,0.1939850410112546,2.062637422407674
30.0,82.0,215.00582885742188,-1.3362269621506024,0.6909401133240985,-3.6958136060628175,-2.766535802928542,-1.578943155117534,0.5991151981177973,-0.0611612945314653,2.5056992509925267,0.0700747834210505,1.865374583499689
30.0,82.0,195.95263671875,-0.6271930896169433,0.8435034056843016,-2.981856159743415,-2.586050744610472,-1.3074273322785814,0.7748523112005237,-0.0253269704720538,2.5806821632638424,0.1918897234445147,1.954706450325797
30.0,82.0,151.73428344726562,-0.1482568412137229,1.415324046517105,-2.449860109302856,-2.156514239058789,-1.1542323592900927,0.94324647446918,0.0799715563668917,2.541037569394509,0.1507679015837282,1.807516174151981
30.0,82.0,157.4029998779297,-0.0456770941882355,1.5863363170176947,-2.56644752828971,-2.2438459484006232,-1.2793374196999965,0.5517380213899806,-0.0303154928660709,2.5362616215189875,0.1683646754718108,1.9087344575208447
30.0,82.0,173.00320434570312,-0.4374654517932287,1.2357249990135362,-2.79238402845472,-2.355827463102169,-1.220448700538539,0.8911572022735176,0.0642796433100644,2.564324926403032,0.1520911367781914,1.9022022776230323
30.0,83.0,214.22732543945312,-0.5709375357719852,0.6099977697356924,-3.140555826576952,-2.751540540879751,-1.5639863451240932,0.7150772700534826,-0.0298015949691891,2.517225884112829,0.2132561271602341,1.8995796105848937
30.0,83.0,201.4370574951172,-0.4540401323260987,0.8179070478135094,-3.314276906304189,-2.628539443785192,-1.3337882873665527,0.7127938785222587,-0.0269535484838654,2.590339428802196,0.2594558839508205,2.0689052243034824
30.0,83.0,216.8951416015625,-0.8209688307021434,0.7380708179123863,-3.421735287255472,-2.590285251222465,-1.155161557111979,0.7342647559357545,-0.0585356627712509,2.540457390469685,0.2245473946276626,2.0744917312299864
30.0,83.0,205.40724182128903,-1.2471719392371754,0.7338063691250966,-3.6956164114227614,-2.6893020048638974,-1.4361633841990469,0.7509499775402746,-0.0265320376388999,2.5844589496606782,0.2214973721181175,2.0621365244733765
30.0,83.0,203.8832092285156,-1.4790613265445376,0.7732738784922106,-3.3582703227624244,-2.695334901826924,-1.3453112019984668,0.7075198587616528,-0.0020897764918419,2.575840366118009,0.2040841445302196,2.0670954059278106
30.0,83.0,150.41392517089844,-0.0836422116617835,1.4150486523332035,-2.6432444639306527,-2.2202315703084667,-1.108802324512066,0.92774446347885,0.1044245321469893,2.5270163002115376,0.1393815202622376,1.6891175426267322
30.0,83.0,185.60337829589844,-0.626756935226114,1.0943243965401392,-2.7574811282738323,-2.43141408164491,-1.2420120237613066,0.8396900515179762,0.0380053051348984,2.568718101020372,0.1889918269794381,1.9101453785487623
30.0,83.0,188.5603179931641,-0.3834995514884349,1.4439604245083684,-2.785240659300588,-2.374271267048012,-1.206065077054912,0.925550923488687,0.1444297922023185,2.5410758530765984,0.070486442442354,1.840904738842488
30.0,83.0,203.4140472412109,-0.5678473708618155,0.7799693007154738,-3.6749830968560486,-2.725391649065348,-1.3797502672892723,0.7480700850134762,-0.0265029683648772,2.586302994710479,0.2283338142204806,2.0667280186433774
30.0,83.0,217.80987548828125,-0.7399219093249991,0.6265199654248446,-3.3812386568411683,-3.115740592719888,-2.4970438835882924,0.4187495791001843,-0.1164287251613381,2.541142812644273,0.2703581298861386,2.0687642066891287
30.0,83.0,201.7044219970703,-0.6552952230338768,0.789537644755984,-3.131677153117997,-2.725862189701337,-1.327890814222953,0.7257755438118074,-0.0264966475501739,2.5879562114865826,0.2411740536822892,2.06908069814025
30.0,83.0,159.58082580566406,-0.1962119196862958,1.5150649400545844,-2.655952718606733,-2.273867712986932,-1.1324563180090688,0.9170956153850068,0.0503272658238002,2.526150892538534,0.0383692493261147,1.84208238275248
30.0,83.0,207.52395629882807,-1.0172369141889488,0.5097226488719611,-3.674337809841004,-2.8353189978585056,-1.3644168602548383,0.7515932251121955,-0.0172059671688819,2.580125632767812,0.2261450789481383,2.063133829032119
30.0,83.0,175.8495330810547,-0.4775785043656096,1.232828352030302,-2.829773447056977,-2.384111755209133,-1.2235130123262596,0.8677996048050263,0.0581306772521697,2.565029186474866,0.1954501146382836,1.8987196644750453
30.0,83.0,221.4112243652344,-0.3577889705867167,0.8293934806643648,-3.3979003253151454,-2.7654536822693285,-1.6698577467448548,0.6572926121331348,0.0036915510580502,2.630194871551593,0.2211682507633885,2.2321347321959304
30.0,83.0,154.8157958984375,-0.1466788341016385,1.3680838397403996,-2.6811178502131003,-2.2604398259222225,-1.1697598237743363,0.7901561877112837,0.1012507516684885,2.616797862333564,0.1156895302404107,1.82878620174452
30.0,83.0,220.53668212890625,-1.2171966783311097,0.4756538204269566,-3.473961005955754,-3.088961056374514,-1.704597891261704,0.4920041034137272,-0.0918239354140258,2.562499878329205,0.3992523830963432,2.654374933471221
30.0,83.0,150.9752197265625,-0.1775624783970037,1.401633628584086,-2.709509538975155,-2.21492977136202,-1.1603965254135886,0.8315500045659168,0.0522790887871648,2.57576063415358,0.1270628370713633,1.6772362601068225
30.0,83.0,245.9429931640625,-0.8483266135729868,0.6453986865434707,-3.506552371550096,-3.271625883978806,-2.56814784519429,0.2147286641374462,-0.1436646083617611,2.4296898910346845,0.2413711030766583,2.371772908737178
30.0,83.0,220.6161956787109,-0.9503927517081534,0.677458880081766,-3.4985466721108613,-3.1419557166689587,-2.6450864950941537,0.7657276416976995,-0.0800017667336136,2.591298282155937,0.2318220931468717,1.9778696258291708
30.0,83.0,209.95681762695312,-0.8546054761373488,0.5561256830121146,-3.5196763665523463,-2.9998356632825494,-1.6631055522139582,0.5872105304760162,-0.0307104087849592,2.588951662564981,0.2473229352094717,1.9606851088631445
30.0,83.0,205.36083984375,-1.0410372824203336,0.7676645361621044,-3.3922084993722885,-2.757479147550971,-1.3696282247663814,0.7197802351399657,0.0253103845882088,2.591243372468218,0.2560553276800137,2.054097732849192
30.0,83.0,205.4263153076172,-1.0610826982318322,0.7387432132212964,-3.5269101097837323,-2.588175478326636,-1.3746018730768372,0.7544874944278932,-0.0259144887775997,2.5909527780546773,0.210068459110206,2.063579531483645
30.0,83.0,186.29234313964844,-0.1210776479525893,1.4128667658767184,-2.639848217240868,-2.159621974944315,-1.1763271455600244,0.5160531793360317,-0.0110632884944296,2.524973728703904,0.0893390467187169,1.7866198614289734
30.0,83.0,147.59059143066406,-0.1599907260178709,1.3950295064335572,-2.639014168442954,-2.2313556162884867,-1.1559712847371466,0.9187315202657592,0.0536591368976181,2.536754732327305,0.140548622345268,1.8127552323279057
30.0,83.0,161.8810272216797,-0.127827698139409,1.3503434506646173,-2.748742842126488,-2.202560255465848,-1.1477034268745885,0.8778217961212578,0.0166683139884165,2.530739622043255,0.128151922566513,1.9212025539874984
30.0,83.0,203.7299041748047,-1.4671963034076896,0.7718039591814964,-3.521820860113768,-2.7055890962796987,-1.3850800460590984,0.7492558679810841,0.0041742840984898,2.5864682179734686,0.2295821296873494,1.9406396168518183
30.0,83.0,240.0376892089844,-0.818985015422538,0.7325545795717203,-3.463958090524869,-3.1745869837099026,-1.9281247841715203,0.2058466922336207,-0.3766659363291286,2.6001316734345754,0.2265875295001577,2.1979228280822705
30.0,83.0,239.34703063964844,-0.5573109000134422,1.0820330890696988,-3.240952051214933,-3.640707829016172,-1.7737497179098791,0.4745016799634982,0.0314885242161033,2.6135288507269894,0.153150853889011,1.936260516662292
30.0,83.0,212.3438873291016,-1.557908792152764,0.7812118760917048,-3.276699207737689,-2.517975874158795,-1.3094452414096935,0.8953993694345304,0.0426183328891991,2.521546768070464,0.1659403421417329,1.953499831456992
30.0,83.0,210.02865600585932,-0.8580111126169524,0.7817574778197114,-3.3139554907647666,-2.747140032872876,-1.527584908101148,0.7203383849461824,0.0051663944622394,2.5105962979010927,0.2203589910254215,2.0933798890874407
30.0,83.0,260.75506591796875,-0.7235173814946477,0.2633142916060825,-3.729488048766044,-2.598819823759516,-1.5621266964312754,0.5837873023273118,-0.2228563854805409,2.2311934862750764,0.0184947537160842,1.5811522207979942
30.0,83.0,203.24859619140625,-0.9192315676381116,0.6919205216551769,-3.0556354367665235,-2.451509490379421,-1.3093301803592623,0.7055183031443459,-0.0108541801189103,2.503597830966404,0.1763286553760367,1.883109007204634
30.0,83.0,209.853515625,-0.6115977473066232,0.7776220381257966,-3.835539989399004,-2.6171739805113914,-1.275521664933832,0.7366176474541036,-0.0458302544230463,2.584816162634513,0.2980722673261389,2.069972514370848
30.0,83.0,161.74893188476562,-0.1766137434895641,1.4494675789321585,-2.562436050691607,-2.3730552224313564,-1.155507118340375,0.973634479727198,0.0095997130133467,2.5287750015822463,0.0971939209187635,1.8738561752601752
30.0,83.0,157.32095336914062,-0.2224815772543465,1.4944166923460842,-2.6293709991726217,-2.1250279979499416,-1.1156887463748832,0.8879849449890217,0.0974416156793797,2.527091334114643,0.1586697037428803,1.8139810869703752
30.0,83.0,245.99302673339844,-0.7494604562313425,0.5827624451646062,-3.1978432976312727,-2.930434860001456,-2.589522757468941,0.4511330050359632,-0.2349149109541924,2.459352546895984,0.2558733024443547,1.86071018527782
30.0,83.0,210.119873046875,-0.7610068930568665,0.5642124147423887,-3.726421416211226,-2.7995431788777383,-1.3708891968054873,0.679066308131347,0.0234932080174868,2.5843400721228726,0.297657964549431,2.1950618999519365
30.0,83.0,239.7064971923828,-0.2328794482560279,0.7545007887614678,-2.979455057748599,-2.512355720049881,-1.4978771075277424,0.8027093975467121,0.0324352269155117,2.5580316959530327,0.1173505329031556,1.969306052037464
30.0,83.0,215.4642791748047,-0.619272128359899,1.0161821115856564,-3.392347947738536,-3.718930889608517,-1.3159031693529706,0.8296082231312336,0.0283507836533688,2.580653015910745,0.2883060967232943,2.043397947376025
30.0,83.0,205.575927734375,-0.8160173862793221,0.5906195673798553,-3.5501247184478806,-2.9220737949502533,-1.5276746941164658,0.7254873283981647,-0.0189028447691116,2.5943872451814447,0.2168908645567235,1.9760531472632008
30.0,83.0,206.15182495117188,-1.021208591034679,0.50961503660092,-3.144610939529908,-2.765177086552761,-1.4071357512523337,0.6938978150236301,-0.0147396806557166,2.548052965813157,0.2183828022744247,1.9028349602058523
30.0,83.0,153.32322692871094,-0.2469255061733817,1.5109587309340438,-2.5725792082273338,-2.2820972719629884,-1.1743039417348822,0.9392735000097842,-0.02346056377755,2.5384977498792862,0.1391829116932507,1.7679616639714906
30.0,83.0,262.9179077148437,-0.9391109084640024,0.6797087949740567,-4.111601741642644,-2.3000698770336268,-1.4991903001224878,0.5231833854320784,-0.0024491857493256,2.7031747050873243,0.2590100123505139,1.7831169464725047
30.0,83.0,211.49984741210932,-0.6023430394608064,0.6862990325442788,-3.3371353581117207,-2.8851573211860253,-1.389844403508281,0.7960834819435386,-0.0731183203058278,2.570385485955568,0.1939850410112546,2.062637422407674
30.0,83.0,215.00582885742188,-1.3362269621506024,0.6909401133240985,-3.6958136060628175,-2.766535802928542,-1.578943155117534,0.5991151981177973,-0.0611612945314653,2.5056992509925267,0.0700747834210505,1.865374583499689
30.0,83.0,195.95263671875,-0.6271930896169433,0.8435034056843016,-2.981856159743415,-2.586050744610472,-1.3074273322785814,0.7748523112005237,-0.0253269704720538,2.5806821632638424,0.1918897234445147,1.954706450325797
30.0,83.0,151.73428344726562,-0.1482568412137229,1.415324046517105,-2.449860109302856,-2.156514239058789,-1.1542323592900927,0.94324647446918,0.0799715563668917,2.541037569394509,0.1507679015837282,1.807516174151981
30.0,83.0,157.4029998779297,-0.0456770941882355,1.5863363170176947,-2.56644752828971,-2.2438459484006232,-1.2793374196999965,0.5517380213899806,-0.0303154928660709,2.5362616215189875,0.1683646754718108,1.9087344575208447
30.0,83.0,173.00320434570312,-0.4374654517932287,1.2357249990135362,-2.79238402845472,-2.355827463102169,-1.220448700538539,0.8911572022735176,0.0642796433100644,2.564324926403032,0.1520911367781914,1.9022022776230323
30.0,84.0,214.22732543945312,-0.5709375357719852,0.6099977697356924,-3.140555826576952,-2.751540540879751,-1.5639863451240932,0.7150772700534826,-0.0298015949691891,2.517225884112829,0.2132561271602341,1.8995796105848937
30.0,84.0,201.4370574951172,-0.4540401323260987,0.8179070478135094,-3.314276906304189,-2.628539443785192,-1.3337882873665527,0.7127938785222587,-0.0269535484838654,2.590339428802196,0.2594558839508205,2.0689052243034824
30.0,84.0,216.8951416015625,-0.8209688307021434,0.7380708179123863,-3.421735287255472,-2.590285251222465,-1.155161557111979,0.7342647559357545,-0.0585356627712509,2.540457390469685,0.2245473946276626,2.0744917312299864
30.0,84.0,205.40724182128903,-1.2471719392371754,0.7338063691250966,-3.6956164114227614,-2.6893020048638974,-1.4361633841990469,0.7509499775402746,-0.0265320376388999,2.5844589496606782,0.2214973721181175,2.0621365244733765
30.0,84.0,203.8832092285156,-1.4790613265445376,0.7732738784922106,-3.3582703227624244,-2.695334901826924,-1.3453112019984668,0.7075198587616528,-0.0020897764918419,2.575840366118009,0.2040841445302196,2.0670954059278106
30.0,84.0,150.41392517089844,-0.0836422116617835,1.4150486523332035,-2.6432444639306527,-2.2202315703084667,-1.108802324512066,0.92774446347885,0.1044245321469893,2.5270163002115376,0.1393815202622376,1.6891175426267322
30.0,84.0,185.60337829589844,-0.626756935226114,1.0943243965401392,-2.7574811282738323,-2.43141408164491,-1.2420120237613066,0.8396900515179762,0.0380053051348984,2.568718101020372,0.1889918269794381,1.9101453785487623
30.0,84.0,188.5603179931641,-0.3834995514884349,1.4439604245083684,-2.785240659300588,-2.374271267048012,-1.206065077054912,0.925550923488687,0.1444297922023185,2.5410758530765984,0.070486442442354,1.840904738842488
30.0,84.0,203.4140472412109,-0.5678473708618155,0.7799693007154738,-3.6749830968560486,-2.725391649065348,-1.3797502672892723,0.7480700850134762,-0.0265029683648772,2.586302994710479,0.2283338142204806,2.0667280186433774
30.0,84.0,217.80987548828125,-0.7399219093249991,0.6265199654248446,-3.3812386568411683,-3.115740592719888,-2.4970438835882924,0.4187495791001843,-0.1164287251613381,2.541142812644273,0.2703581298861386,2.0687642066891287
30.0,84.0,201.7044219970703,-0.6552952230338768,0.789537644755984,-3.131677153117997,-2.725862189701337,-1.327890814222953,0.7257755438118074,-0.0264966475501739,2.5879562114865826,0.2411740536822892,2.06908069814025
30.0,84.0,159.58082580566406,-0.1962119196862958,1.5150649400545844,-2.655952718606733,-2.273867712986932,-1.1324563180090688,0.9170956153850068,0.0503272658238002,2.526150892538534,0.0383692493261147,1.84208238275248
30.0,84.0,207.52395629882807,-1.0172369141889488,0.5097226488719611,-3.674337809841004,-2.8353189978585056,-1.3644168602548383,0.7515932251121955,-0.0172059671688819,2.580125632767812,0.2261450789481383,2.063133829032119
30.0,84.0,175.8495330810547,-0.4775785043656096,1.232828352030302,-2.829773447056977,-2.384111755209133,-1.2235130123262596,0.8677996048050263,0.0581306772521697,2.565029186474866,0.1954501146382836,1.8987196644750453
30.0,84.0,221.4112243652344,-0.3577889705867167,0.8293934806643648,-3.3979003253151454,-2.7654536822693285,-1.6698577467448548,0.6572926121331348,0.0036915510580502,2.630194871551593,0.2211682507633885,2.2321347321959304
30.0,84.0,154.8157958984375,-0.1466788341016385,1.3680838397403996,-2.6811178502131003,-2.2604398259222225,-1.1697598237743363,0.7901561877112837,0.1012507516684885,2.616797862333564,0.1156895302404107,1.82878620174452
30.0,84.0,220.53668212890625,-1.2171966783311097,0.4756538204269566,-3.473961005955754,-3.088961056374514,-1.704597891261704,0.4920041034137272,-0.0918239354140258,2.562499878329205,0.3992523830963432,2.654374933471221
30.0,84.0,150.9752197265625,-0.1775624783970037,1.401633628584086,-2.709509538975155,-2.21492977136202,-1.1603965254135886,0.8315500045659168,0.0522790887871648,2.57576063415358,0.1270628370713633,1.6772362601068225
30.0,84.0,245.9429931640625,-0.8483266135729868,0.6453986865434707,-3.506552371550096,-3.271625883978806,-2.56814784519429,0.2147286641374462,-0.1436646083617611,2.4296898910346845,0.2413711030766583,2.371772908737178
30.0,84.0,220.6161956787109,-0.9503927517081534,0.677458880081766,-3.4985466721108613,-3.1419557166689587,-2.6450864950941537,0.7657276416976995,-0.0800017667336136,2.591298282155937,0.2318220931468717,1.9778696258291708
30.0,84.0,209.95681762695312,-0.8546054761373488,0.5561256830121146,-3.5196763665523463,-2.9998356632825494,-1.6631055522139582,0.5872105304760162,-0.0307104087849592,2.588951662564981,0.2473229352094717,1.9606851088631445
30.0,84.0,205.36083984375,-1.0410372824203336,0.7676645361621044,-3.3922084993722885,-2.757479147550971,-1.3696282247663814,0.7197802351399657,0.0253103845882088,2.591243372468218,0.2560553276800137,2.054097732849192
30.0,84.0,205.4263153076172,-1.0610826982318322,0.7387432132212964,-3.5269101097837323,-2.588175478326636,-1.3746018730768372,0.7544874944278932,-0.0259144887775997,2.5909527780546773,0.210068459110206,2.063579531483645
30.0,84.0,186.29234313964844,-0.1210776479525893,1.4128667658767184,-2.639848217240868,-2.159621974944315,-1.1763271455600244,0.5160531793360317,-0.0110632884944296,2.524973728703904,0.0893390467187169,1.7866198614289734
30.0,84.0,147.59059143066406,-0.1599907260178709,1.3950295064335572,-2.639014168442954,-2.2313556162884867,-1.1559712847371466,0.9187315202657592,0.0536591368976181,2.536754732327305,0.140548622345268,1.8127552323279057
30.0,84.0,156.6641082763672,-0.1423578865886985,1.390585267888113,-2.432737053074099,-2.234014129855083,-1.146849097568701,0.9159125115018368,0.0325874852528898,2.533550100098616,0.1525798375765895,1.6289317073142255
30.0,84.0,203.7299041748047,-1.4671963034076896,0.7718039591814964,-3.521820860113768,-2.7055890962796987,-1.3850800460590984,0.7492558679810841,0.0041742840984898,2.5864682179734686,0.2295821296873494,1.9406396168518183
30.0,84.0,240.0376892089844,-0.818985015422538,0.7325545795717203,-3.463958090524869,-3.1745869837099026,-1.9281247841715203,0.2058466922336207,-0.3766659363291286,2.6001316734345754,0.2265875295001577,2.1979228280822705
30.0,84.0,239.34703063964844,-0.5573109000134422,1.0820330890696988,-3.240952051214933,-3.640707829016172,-1.7737497179098791,0.4745016799634982,0.0314885242161033,2.6135288507269894,0.153150853889011,1.936260516662292
30.0,84.0,212.3438873291016,-1.557908792152764,0.7812118760917048,-3.276699207737689,-2.517975874158795,-1.3094452414096935,0.8953993694345304,0.0426183328891991,2.521546768070464,0.1659403421417329,1.953499831456992
30.0,84.0,210.02865600585932,-0.8580111126169524,0.7817574778197114,-3.3139554907647666,-2.747140032872876,-1.527584908101148,0.7203383849461824,0.0051663944622394,2.5105962979010927,0.2203589910254215,2.0933798890874407
30.0,84.0,260.75506591796875,-0.7235173814946477,0.2633142916060825,-3.729488048766044,-2.598819823759516,-1.5621266964312754,0.5837873023273118,-0.2228563854805409,2.2311934862750764,0.0184947537160842,1.5811522207979942
30.0,84.0,203.24859619140625,-0.9192315676381116,0.6919205216551769,-3.0556354367665235,-2.451509490379421,-1.3093301803592623,0.7055183031443459,-0.0108541801189103,2.503597830966404,0.1763286553760367,1.883109007204634
30.0,84.0,209.853515625,-0.6115977473066232,0.7776220381257966,-3.835539989399004,-2.6171739805113914,-1.275521664933832,0.7366176474541036,-0.0458302544230463,2.584816162634513,0.2980722673261389,2.069972514370848
30.0,84.0,161.74893188476562,-0.1766137434895641,1.4494675789321585,-2.562436050691607,-2.3730552224313564,-1.155507118340375,0.973634479727198,0.0095997130133467,2.5287750015822463,0.0971939209187635,1.8738561752601752
30.0,84.0,157.32095336914062,-0.2224815772543465,1.4944166923460842,-2.6293709991726217,-2.1250279979499416,-1.1156887463748832,0.8879849449890217,0.0974416156793797,2.527091334114643,0.1586697037428803,1.8139810869703752
30.0,84.0,245.99302673339844,-0.7494604562313425,0.5827624451646062,-3.1978432976312727,-2.930434860001456,-2.589522757468941,0.4511330050359632,-0.2349149109541924,2.459352546895984,0.2558733024443547,1.86071018527782
30.0,84.0,210.119873046875,-0.7610068930568665,0.5642124147423887,-3.726421416211226,-2.7995431788777383,-1.3708891968054873,0.679066308131347,0.0234932080174868,2.5843400721228726,0.297657964549431,2.1950618999519365
30.0,84.0,239.7064971923828,-0.2328794482560279,0.7545007887614678,-2.979455057748599,-2.512355720049881,-1.4978771075277424,0.8027093975467121,0.0324352269155117,2.5580316959530327,0.1173505329031556,1.969306052037464
30.0,84.0,215.4642791748047,-0.619272128359899,1.0161821115856564,-3.392347947738536,-3.718930889608517,-1.3159031693529706,0.8296082231312336,0.0283507836533688,2.580653015910745,0.2883060967232943,2.043397947376025
30.0,84.0,205.575927734375,-0.8160173862793221,0.5906195673798553,-3.5501247184478806,-2.9220737949502533,-1.5276746941164658,0.7254873283981647,-0.0189028447691116,2.5943872451814447,0.2168908645567235,1.9760531472632008
30.0,84.0,200.966552734375,0.0511069574124457,1.747527639933753,-2.322465838549517,-2.385367672303049,-1.5689299050997256,0.7279599504360057,0.0318551325799721,2.538697767103279,0.2265852792998942,1.890549882815444
30.0,84.0,153.32322692871094,-0.2469255061733817,1.5109587309340438,-2.5725792082273338,-2.2820972719629884,-1.1743039417348822,0.9392735000097842,-0.02346056377755,2.5384977498792862,0.1391829116932507,1.7679616639714906
30.0,84.0,262.9179077148437,-0.9391109084640024,0.6797087949740567,-4.111601741642644,-2.3000698770336268,-1.4991903001224878,0.5231833854320784,-0.0024491857493256,2.7031747050873243,0.2590100123505139,1.7831169464725047
30.0,84.0,211.49984741210932,-0.6023430394608064,0.6862990325442788,-3.3371353581117207,-2.8851573211860253,-1.389844403508281,0.7960834819435386,-0.0731183203058278,2.570385485955568,0.1939850410112546,2.062637422407674
30.0,84.0,215.00582885742188,-1.3362269621506024,0.6909401133240985,-3.6958136060628175,-2.766535802928542,-1.578943155117534,0.5991151981177973,-0.0611612945314653,2.5056992509925267,0.0700747834210505,1.865374583499689
30.0,84.0,195.95263671875,-0.6271930896169433,0.8435034056843016,-2.981856159743415,-2.586050744610472,-1.3074273322785814,0.7748523112005237,-0.0253269704720538,2.5806821632638424,0.1918897234445147,1.954706450325797
30.0,84.0,151.026123046875,-0.1480012606318881,1.3937612467329792,-2.5100378916928223,-2.2290706236787736,-1.156154980380241,0.955125195732172,0.0856548276803185,2.535883340999261,0.1346168656198897,1.8019541069149565
30.0,84.0,157.4029998779297,-0.0456770941882355,1.5863363170176947,-2.56644752828971,-2.2438459484006232,-1.2793374196999965,0.5517380213899806,-0.0303154928660709,2.5362616215189875,0.1683646754718108,1.9087344575208447
30.0,84.0,173.00320434570312,-0.4374654517932287,1.2357249990135362,-2.79238402845472,-2.355827463102169,-1.220448700538539,0.8911572022735176,0.0642796433100644,2.564324926403032,0.1520911367781914,1.9022022776230323
30.0,85.0,214.22732543945312,-0.5709375357719852,0.6099977697356924,-3.140555826576952,-2.751540540879751,-1.5639863451240932,0.7150772700534826,-0.0298015949691891,2.517225884112829,0.2132561271602341,1.8995796105848937
30.0,85.0,201.4370574951172,-0.4540401323260987,0.8179070478135094,-3.314276906304189,-2.628539443785192,-1.3337882873665527,0.7127938785222587,-0.0269535484838654,2.590339428802196,0.2594558839508205,2.0689052243034824
30.0,85.0,216.8951416015625,-0.8209688307021434,0.7380708179123863,-3.421735287255472,-2.590285251222465,-1.155161557111979,0.7342647559357545,-0.0585356627712509,2.540457390469685,0.2245473946276626,2.0744917312299864
30.0,85.0,205.40724182128903,-1.2471719392371754,0.7338063691250966,-3.6956164114227614,-2.6893020048638974,-1.4361633841990469,0.7509499775402746,-0.0265320376388999,2.5844589496606782,0.2214973721181175,2.0621365244733765
30.0,85.0,203.8832092285156,-1.4790613265445376,0.7732738784922106,-3.3582703227624244,-2.695334901826924,-1.3453112019984668,0.7075198587616528,-0.0020897764918419,2.575840366118009,0.2040841445302196,2.0670954059278106
30.0,85.0,147.97607421875,-0.1753943806266924,1.395145652567223,-2.638932395765852,-2.214468329642911,-1.1318632073540378,0.903540100316074,0.0773086416309774,2.59866721862546,0.1378201062081425,1.882498542328312
30.0,85.0,185.60337829589844,-0.626756935226114,1.0943243965401392,-2.7574811282738323,-2.43141408164491,-1.2420120237613066,0.8396900515179762,0.0380053051348984,2.568718101020372,0.1889918269794381,1.9101453785487623
30.0,85.0,188.5603179931641,-0.3834995514884349,1.4439604245083684,-2.785240659300588,-2.374271267048012,-1.206065077054912,0.925550923488687,0.1444297922023185,2.5410758530765984,0.070486442442354,1.840904738842488
30.0,85.0,203.4140472412109,-0.5678473708618155,0.7799693007154738,-3.6749830968560486,-2.725391649065348,-1.3797502672892723,0.7480700850134762,-0.0265029683648772,2.586302994710479,0.2283338142204806,2.0667280186433774
30.0,85.0,217.80987548828125,-0.7399219093249991,0.6265199654248446,-3.3812386568411683,-3.115740592719888,-2.4970438835882924,0.4187495791001843,-0.1164287251613381,2.541142812644273,0.2703581298861386,2.0687642066891287
30.0,85.0,201.7044219970703,-0.6552952230338768,0.789537644755984,-3.131677153117997,-2.725862189701337,-1.327890814222953,0.7257755438118074,-0.0264966475501739,2.5879562114865826,0.2411740536822892,2.06908069814025
30.0,85.0,159.58082580566406,-0.1962119196862958,1.5150649400545844,-2.655952718606733,-2.273867712986932,-1.1324563180090688,0.9170956153850068,0.0503272658238002,2.526150892538534,0.0383692493261147,1.84208238275248
30.0,85.0,207.52395629882807,-1.0172369141889488,0.5097226488719611,-3.674337809841004,-2.8353189978585056,-1.3644168602548383,0.7515932251121955,-0.0172059671688819,2.580125632767812,0.2261450789481383,2.063133829032119
30.0,85.0,175.8495330810547,-0.4775785043656096,1.232828352030302,-2.829773447056977,-2.384111755209133,-1.2235130123262596,0.8677996048050263,0.0581306772521697,2.565029186474866,0.1954501146382836,1.8987196644750453
30.0,85.0,221.4112243652344,-0.3577889705867167,0.8293934806643648,-3.3979003253151454,-2.7654536822693285,-1.6698577467448548,0.6572926121331348,0.0036915510580502,2.630194871551593,0.2211682507633885,2.2321347321959304
30.0,85.0,154.8157958984375,-0.1466788341016385,1.3680838397403996,-2.6811178502131003,-2.2604398259222225,-1.1697598237743363,0.7901561877112837,0.1012507516684885,2.616797862333564,0.1156895302404107,1.82878620174452
30.0,85.0,220.53668212890625,-1.2171966783311097,0.4756538204269566,-3.473961005955754,-3.088961056374514,-1.704597891261704,0.4920041034137272,-0.0918239354140258,2.562499878329205,0.3992523830963432,2.654374933471221
30.0,85.0,150.9752197265625,-0.1775624783970037,1.401633628584086,-2.709509538975155,-2.21492977136202,-1.1603965254135886,0.8315500045659168,0.0522790887871648,2.57576063415358,0.1270628370713633,1.6772362601068225
30.0,85.0,245.9429931640625,-0.8483266135729868,0.6453986865434707,-3.506552371550096,-3.271625883978806,-2.56814784519429,0.2147286641374462,-0.1436646083617611,2.4296898910346845,0.2413711030766583,2.371772908737178
30.0,85.0,220.6161956787109,-0.9503927517081534,0.677458880081766,-3.4985466721108613,-3.1419557166689587,-2.6450864950941537,0.7657276416976995,-0.0800017667336136,2.591298282155937,0.2318220931468717,1.9778696258291708
30.0,85.0,209.95681762695312,-0.8546054761373488,0.5561256830121146,-3.5196763665523463,-2.9998356632825494,-1.6631055522139582,0.5872105304760162,-0.0307104087849592,2.588951662564981,0.2473229352094717,1.9606851088631445
30.0,85.0,205.36083984375,-1.0410372824203336,0.7676645361621044,-3.3922084993722885,-2.757479147550971,-1.3696282247663814,0.7197802351399657,0.0253103845882088,2.591243372468218,0.2560553276800137,2.054097732849192
30.0,85.0,205.4263153076172,-1.0610826982318322,0.7387432132212964,-3.5269101097837323,-2.588175478326636,-1.3746018730768372,0.7544874944278932,-0.0259144887775997,2.5909527780546773,0.210068459110206,2.063579531483645
30.0,85.0,186.29234313964844,-0.1210776479525893,1.4128667658767184,-2.639848217240868,-2.159621974944315,-1.1763271455600244,0.5160531793360317,-0.0110632884944296,2.524973728703904,0.0893390467187169,1.7866198614289734
30.0,85.0,147.59059143066406,-0.1599907260178709,1.3950295064335572,-2.639014168442954,-2.2313556162884867,-1.1559712847371466,0.9187315202657592,0.0536591368976181,2.536754732327305,0.140548622345268,1.8127552323279057
30.0,85.0,156.6641082763672,-0.1423578865886985,1.390585267888113,-2.432737053074099,-2.234014129855083,-1.146849097568701,0.9159125115018368,0.0325874852528898,2.533550100098616,0.1525798375765895,1.6289317073142255
30.0,85.0,203.7299041748047,-1.4671963034076896,0.7718039591814964,-3.521820860113768,-2.7055890962796987,-1.3850800460590984,0.7492558679810841,0.0041742840984898,2.5864682179734686,0.2295821296873494,1.9406396168518183
30.0,85.0,240.0376892089844,-0.818985015422538,0.7325545795717203,-3.463958090524869,-3.1745869837099026,-1.9281247841715203,0.2058466922336207,-0.3766659363291286,2.6001316734345754,0.2265875295001577,2.1979228280822705
30.0,85.0,239.34703063964844,-0.5573109000134422,1.0820330890696988,-3.240952051214933,-3.640707829016172,-1.7737497179098791,0.4745016799634982,0.0314885242161033,2.6135288507269894,0.153150853889011,1.936260516662292
30.0,85.0,212.3438873291016,-1.557908792152764,0.7812118760917048,-3.276699207737689,-2.517975874158795,-1.3094452414096935,0.8953993694345304,0.0426183328891991,2.521546768070464,0.1659403421417329,1.953499831456992
30.0,85.0,210.02865600585932,-0.8580111126169524,0.7817574778197114,-3.3139554907647666,-2.747140032872876,-1.527584908101148,0.7203383849461824,0.0051663944622394,2.5105962979010927,0.2203589910254215,2.0933798890874407
30.0,85.0,260.75506591796875,-0.7235173814946477,0.2633142916060825,-3.729488048766044,-2.598819823759516,-1.5621266964312754,0.5837873023273118,-0.2228563854805409,2.2311934862750764,0.0184947537160842,1.5811522207979942
30.0,85.0,203.24859619140625,-0.9192315676381116,0.6919205216551769,-3.0556354367665235,-2.451509490379421,-1.3093301803592623,0.7055183031443459,-0.0108541801189103,2.503597830966404,0.1763286553760367,1.883109007204634
30.0,85.0,209.853515625,-0.6115977473066232,0.7776220381257966,-3.835539989399004,-2.6171739805113914,-1.275521664933832,0.7366176474541036,-0.0458302544230463,2.584816162634513,0.2980722673261389,2.069972514370848
30.0,85.0,151.47451782226562,-0.1418211981072229,1.412601979240955,-2.6557115778260787,-2.379498146467377,-1.1525648674504068,0.8199042572593136,-0.0853159925599691,2.5171243505357133,0.1283542900155694,1.8213361689400305
30.0,85.0,157.32095336914062,-0.2224815772543465,1.4944166923460842,-2.6293709991726217,-2.1250279979499416,-1.1156887463748832,0.8879849449890217,0.0974416156793797,2.527091334114643,0.1586697037428803,1.8139810869703752
30.0,85.0,245.99302673339844,-0.7494604562313425,0.5827624451646062,-3.1978432976312727,-2.930434860001456,-2.589522757468941,0.4511330050359632,-0.2349149109541924,2.459352546895984,0.2558733024443547,1.86071018527782
30.0,85.0,210.119873046875,-0.7610068930568665,0.5642124147423887,-3.726421416211226,-2.7995431788777383,-1.3708891968054873,0.679066308131347,0.0234932080174868,2.5843400721228726,0.297657964549431,2.1950618999519365
30.0,85.0,239.7064971923828,-0.2328794482560279,0.7545007887614678,-2.979455057748599,-2.512355720049881,-1.4978771075277424,0.8027093975467121,0.0324352269155117,2.5580316959530327,0.1173505329031556,1.969306052037464
30.0,85.0,215.4642791748047,-0.619272128359899,1.0161821115856564,-3.392347947738536,-3.718930889608517,-1.3159031693529706,0.8296082231312336,0.0283507836533688,2.580653015910745,0.2883060967232943,2.043397947376025
30.0,85.0,205.575927734375,-0.8160173862793221,0.5906195673798553,-3.5501247184478806,-2.9220737949502533,-1.5276746941164658,0.7254873283981647,-0.0189028447691116,2.5943872451814447,0.2168908645567235,1.9760531472632008
30.0,85.0,200.966552734375,0.0511069574124457,1.747527639933753,-2.322465838549517,-2.385367672303049,-1.5689299050997256,0.7279599504360057,0.0318551325799721,2.538697767103279,0.2265852792998942,1.890549882815444
30.0,85.0,153.32322692871094,-0.2469255061733817,1.5109587309340438,-2.5725792082273338,-2.2820972719629884,-1.1743039417348822,0.9392735000097842,-0.02346056377755,2.5384977498792862,0.1391829116932507,1.7679616639714906
30.0,85.0,262.9179077148437,-0.9391109084640024,0.6797087949740567,-4.111601741642644,-2.3000698770336268,-1.4991903001224878,0.5231833854320784,-0.0024491857493256,2.7031747050873243,0.2590100123505139,1.7831169464725047
30.0,85.0,211.49984741210932,-0.6023430394608064,0.6862990325442788,-3.3371353581117207,-2.8851573211860253,-1.389844403508281,0.7960834819435386,-0.0731183203058278,2.570385485955568,0.1939850410112546,2.062637422407674
30.0,85.0,215.00582885742188,-1.3362269621506024,0.6909401133240985,-3.6958136060628175,-2.766535802928542,-1.578943155117534,0.5991151981177973,-0.0611612945314653,2.5056992509925267,0.0700747834210505,1.865374583499689
30.0,85.0,195.95263671875,-0.6271930896169433,0.8435034056843016,-2.981856159743415,-2.586050744610472,-1.3074273322785814,0.7748523112005237,-0.0253269704720538,2.5806821632638424,0.1918897234445147,1.954706450325797
30.0,85.0,147.74378967285156,-0.1522318159503758,1.4000364061943964,-2.5957620722684225,-2.240718733248012,-1.1566094347525329,0.9235543123544624,0.1013676450914388,2.5358790373551146,0.1285087381098674,1.8079122101336884
30.0,85.0,157.4029998779297,-0.0456770941882355,1.5863363170176947,-2.56644752828971,-2.2438459484006232,-1.2793374196999965,0.5517380213899806,-0.0303154928660709,2.5362616215189875,0.1683646754718108,1.9087344575208447
30.0,85.0,173.00320434570312,-0.4374654517932287,1.2357249990135362,-2.79238402845472,-2.355827463102169,-1.220448700538539,0.8911572022735176,0.0642796433100644,2.564324926403032,0.1520911367781914,1.9022022776230323
30.0,86.0,214.22732543945312,-0.5709375357719852,0.6099977697356924,-3.140555826576952,-2.751540540879751,-1.5639863451240932,0.7150772700534826,-0.0298015949691891,2.517225884112829,0.2132561271602341,1.8995796105848937
30.0,86.0,201.4370574951172,-0.4540401323260987,0.8179070478135094,-3.314276906304189,-2.628539443785192,-1.3337882873665527,0.7127938785222587,-0.0269535484838654,2.590339428802196,0.2594558839508205,2.0689052243034824
30.0,86.0,216.8951416015625,-0.8209688307021434,0.7380708179123863,-3.421735287255472,-2.590285251222465,-1.155161557111979,0.7342647559357545,-0.0585356627712509,2.540457390469685,0.2245473946276626,2.0744917312299864
30.0,86.0,205.40724182128903,-1.2471719392371754,0.7338063691250966,-3.6956164114227614,-2.6893020048638974,-1.4361633841990469,0.7509499775402746,-0.0265320376388999,2.5844589496606782,0.2214973721181175,2.0621365244733765
30.0,86.0,203.8832092285156,-1.4790613265445376,0.7732738784922106,-3.3582703227624244,-2.695334901826924,-1.3453112019984668,0.7075198587616528,-0.0020897764918419,2.575840366118009,0.2040841445302196,2.0670954059278106
30.0,86.0,147.97607421875,-0.1753943806266924,1.395145652567223,-2.638932395765852,-2.214468329642911,-1.1318632073540378,0.903540100316074,0.0773086416309774,2.59866721862546,0.1378201062081425,1.882498542328312
30.0,86.0,185.0653686523437,-0.4142245386583997,1.4477108609956248,-2.5823062315438863,-2.164453658329141,-1.0361648330241349,0.7524905157490805,0.0663770822560962,2.5319006953094405,0.1196089891188965,1.9731892862038325
30.0,86.0,188.5603179931641,-0.3834995514884349,1.4439604245083684,-2.785240659300588,-2.374271267048012,-1.206065077054912,0.925550923488687,0.1444297922023185,2.5410758530765984,0.070486442442354,1.840904738842488
30.0,86.0,203.4140472412109,-0.5678473708618155,0.7799693007154738,-3.6749830968560486,-2.725391649065348,-1.3797502672892723,0.7480700850134762,-0.0265029683648772,2.586302994710479,0.2283338142204806,2.0667280186433774
30.0,86.0,217.80987548828125,-0.7399219093249991,0.6265199654248446,-3.3812386568411683,-3.115740592719888,-2.4970438835882924,0.4187495791001843,-0.1164287251613381,2.541142812644273,0.2703581298861386,2.0687642066891287
30.0,86.0,201.7044219970703,-0.6552952230338768,0.789537644755984,-3.131677153117997,-2.725862189701337,-1.327890814222953,0.7257755438118074,-0.0264966475501739,2.5879562114865826,0.2411740536822892,2.06908069814025
30.0,86.0,159.58082580566406,-0.1962119196862958,1.5150649400545844,-2.655952718606733,-2.273867712986932,-1.1324563180090688,0.9170956153850068,0.0503272658238002,2.526150892538534,0.0383692493261147,1.84208238275248
30.0,86.0,207.52395629882807,-1.0172369141889488,0.5097226488719611,-3.674337809841004,-2.8353189978585056,-1.3644168602548383,0.7515932251121955,-0.0172059671688819,2.580125632767812,0.2261450789481383,2.063133829032119
30.0,86.0,175.8495330810547,-0.4775785043656096,1.232828352030302,-2.829773447056977,-2.384111755209133,-1.2235130123262596,0.8677996048050263,0.0581306772521697,2.565029186474866,0.1954501146382836,1.8987196644750453
30.0,86.0,221.4112243652344,-0.3577889705867167,0.8293934806643648,-3.3979003253151454,-2.7654536822693285,-1.6698577467448548,0.6572926121331348,0.0036915510580502,2.630194871551593,0.2211682507633885,2.2321347321959304
30.0,86.0,154.8157958984375,-0.1466788341016385,1.3680838397403996,-2.6811178502131003,-2.2604398259222225,-1.1697598237743363,0.7901561877112837,0.1012507516684885,2.616797862333564,0.1156895302404107,1.82878620174452
30.0,86.0,220.53668212890625,-1.2171966783311097,0.4756538204269566,-3.473961005955754,-3.088961056374514,-1.704597891261704,0.4920041034137272,-0.0918239354140258,2.562499878329205,0.3992523830963432,2.654374933471221
30.0,86.0,150.9752197265625,-0.1775624783970037,1.401633628584086,-2.709509538975155,-2.21492977136202,-1.1603965254135886,0.8315500045659168,0.0522790887871648,2.57576063415358,0.1270628370713633,1.6772362601068225
30.0,86.0,245.9429931640625,-0.8483266135729868,0.6453986865434707,-3.506552371550096,-3.271625883978806,-2.56814784519429,0.2147286641374462,-0.1436646083617611,2.4296898910346845,0.2413711030766583,2.371772908737178
30.0,86.0,220.6161956787109,-0.9503927517081534,0.677458880081766,-3.4985466721108613,-3.1419557166689587,-2.6450864950941537,0.7657276416976995,-0.0800017667336136,2.591298282155937,0.2318220931468717,1.9778696258291708
30.0,86.0,209.95681762695312,-0.8546054761373488,0.5561256830121146,-3.5196763665523463,-2.9998356632825494,-1.6631055522139582,0.5872105304760162,-0.0307104087849592,2.588951662564981,0.2473229352094717,1.9606851088631445
30.0,86.0,205.36083984375,-1.0410372824203336,0.7676645361621044,-3.3922084993722885,-2.757479147550971,-1.3696282247663814,0.7197802351399657,0.0253103845882088,2.591243372468218,0.2560553276800137,2.054097732849192
30.0,86.0,205.4263153076172,-1.0610826982318322,0.7387432132212964,-3.5269101097837323,-2.588175478326636,-1.3746018730768372,0.7544874944278932,-0.0259144887775997,2.5909527780546773,0.210068459110206,2.063579531483645
30.0,86.0,172.61151123046875,-0.1592416640714551,1.3781854332006982,-2.842439873240012,-2.5781979073611363,-1.1858615648576751,0.8182413546845793,-0.0201786099424935,2.54670396876944,0.0844296178985597,1.767456241439366
30.0,86.0,147.59059143066406,-0.1599907260178709,1.3950295064335572,-2.639014168442954,-2.2313556162884867,-1.1559712847371466,0.9187315202657592,0.0536591368976181,2.536754732327305,0.140548622345268,1.8127552323279057
30.0,86.0,151.35276794433594,-0.1576391243841984,1.4034713697281849,-2.695938519672744,-2.2133240866040635,-1.1416160379961382,0.8329937843206117,0.0557891151670943,2.542322494777994,0.195360468417186,2.0268246290371863
30.0,86.0,203.7299041748047,-1.4671963034076896,0.7718039591814964,-3.521820860113768,-2.7055890962796987,-1.3850800460590984,0.7492558679810841,0.0041742840984898,2.5864682179734686,0.2295821296873494,1.9406396168518183
30.0,86.0,240.0376892089844,-0.818985015422538,0.7325545795717203,-3.463958090524869,-3.1745869837099026,-1.9281247841715203,0.2058466922336207,-0.3766659363291286,2.6001316734345754,0.2265875295001577,2.1979228280822705
30.0,86.0,239.34703063964844,-0.5573109000134422,1.0820330890696988,-3.240952051214933,-3.640707829016172,-1.7737497179098791,0.4745016799634982,0.0314885242161033,2.6135288507269894,0.153150853889011,1.936260516662292
30.0,86.0,212.3438873291016,-1.557908792152764,0.7812118760917048,-3.276699207737689,-2.517975874158795,-1.3094452414096935,0.8953993694345304,0.0426183328891991,2.521546768070464,0.1659403421417329,1.953499831456992
30.0,86.0,210.02865600585932,-0.8580111126169524,0.7817574778197114,-3.3139554907647666,-2.747140032872876,-1.527584908101148,0.7203383849461824,0.0051663944622394,2.5105962979010927,0.2203589910254215,2.0933798890874407
30.0,86.0,260.75506591796875,-0.7235173814946477,0.2633142916060825,-3.729488048766044,-2.598819823759516,-1.5621266964312754,0.5837873023273118,-0.2228563854805409,2.2311934862750764,0.0184947537160842,1.5811522207979942
30.0,86.0,203.24859619140625,-0.9192315676381116,0.6919205216551769,-3.0556354367665235,-2.451509490379421,-1.3093301803592623,0.7055183031443459,-0.0108541801189103,2.503597830966404,0.1763286553760367,1.883109007204634
30.0,86.0,209.853515625,-0.6115977473066232,0.7776220381257966,-3.835539989399004,-2.6171739805113914,-1.275521664933832,0.7366176474541036,-0.0458302544230463,2.584816162634513,0.2980722673261389,2.069972514370848
30.0,86.0,151.47451782226562,-0.1418211981072229,1.412601979240955,-2.6557115778260787,-2.379498146467377,-1.1525648674504068,0.8199042572593136,-0.0853159925599691,2.5171243505357133,0.1283542900155694,1.8213361689400305
30.0,86.0,157.32095336914062,-0.2224815772543465,1.4944166923460842,-2.6293709991726217,-2.1250279979499416,-1.1156887463748832,0.8879849449890217,0.0974416156793797,2.527091334114643,0.1586697037428803,1.8139810869703752
30.0,86.0,245.99302673339844,-0.7494604562313425,0.5827624451646062,-3.1978432976312727,-2.930434860001456,-2.589522757468941,0.4511330050359632,-0.2349149109541924,2.459352546895984,0.2558733024443547,1.86071018527782
30.0,86.0,210.119873046875,-0.7610068930568665,0.5642124147423887,-3.726421416211226,-2.7995431788777383,-1.3708891968054873,0.679066308131347,0.0234932080174868,2.5843400721228726,0.297657964549431,2.1950618999519365
30.0,86.0,239.7064971923828,-0.2328794482560279,0.7545007887614678,-2.979455057748599,-2.512355720049881,-1.4978771075277424,0.8027093975467121,0.0324352269155117,2.5580316959530327,0.1173505329031556,1.969306052037464
30.0,86.0,215.4642791748047,-0.619272128359899,1.0161821115856564,-3.392347947738536,-3.718930889608517,-1.3159031693529706,0.8296082231312336,0.0283507836533688,2.580653015910745,0.2883060967232943,2.043397947376025
30.0,86.0,205.575927734375,-0.8160173862793221,0.5906195673798553,-3.5501247184478806,-2.9220737949502533,-1.5276746941164658,0.7254873283981647,-0.0189028447691116,2.5943872451814447,0.2168908645567235,1.9760531472632008
30.0,86.0,200.966552734375,0.0511069574124457,1.747527639933753,-2.322465838549517,-2.385367672303049,-1.5689299050997256,0.7279599504360057,0.0318551325799721,2.538697767103279,0.2265852792998942,1.890549882815444
30.0,86.0,153.32322692871094,-0.2469255061733817,1.5109587309340438,-2.5725792082273338,-2.2820972719629884,-1.1743039417348822,0.9392735000097842,-0.02346056377755,2.5384977498792862,0.1391829116932507,1.7679616639714906
30.0,86.0,262.9179077148437,-0.9391109084640024,0.6797087949740567,-4.111601741642644,-2.3000698770336268,-1.4991903001224878,0.5231833854320784,-0.0024491857493256,2.7031747050873243,0.2590100123505139,1.7831169464725047
30.0,86.0,211.49984741210932,-0.6023430394608064,0.6862990325442788,-3.3371353581117207,-2.8851573211860253,-1.389844403508281,0.7960834819435386,-0.0731183203058278,2.570385485955568,0.1939850410112546,2.062637422407674
30.0,86.0,215.00582885742188,-1.3362269621506024,0.6909401133240985,-3.6958136060628175,-2.766535802928542,-1.578943155117534,0.5991151981177973,-0.0611612945314653,2.5056992509925267,0.0700747834210505,1.865374583499689
30.0,86.0,164.29824829101562,-0.2182807024527169,1.3075553644433655,-2.7169802224964386,-2.2927553080693177,-1.3421731508819263,0.7831666341277534,-0.0496333619459991,2.536361327936988,0.2124666788459562,2.0295842807859272
30.0,86.0,147.74378967285156,-0.1522318159503758,1.4000364061943964,-2.5957620722684225,-2.240718733248012,-1.1566094347525329,0.9235543123544624,0.1013676450914388,2.5358790373551146,0.1285087381098674,1.8079122101336884
30.0,86.0,157.4029998779297,-0.0456770941882355,1.5863363170176947,-2.56644752828971,-2.2438459484006232,-1.2793374196999965,0.5517380213899806,-0.0303154928660709,2.5362616215189875,0.1683646754718108,1.9087344575208447
30.0,86.0,173.00320434570312,-0.4374654517932287,1.2357249990135362,-2.79238402845472,-2.355827463102169,-1.220448700538539,0.8911572022735176,0.0642796433100644,2.564324926403032,0.1520911367781914,1.9022022776230323
30.0,87.0,214.22732543945312,-0.5709375357719852,0.6099977697356924,-3.140555826576952,-2.751540540879751,-1.5639863451240932,0.7150772700534826,-0.0298015949691891,2.517225884112829,0.2132561271602341,1.8995796105848937
30.0,87.0,201.4370574951172,-0.4540401323260987,0.8179070478135094,-3.314276906304189,-2.628539443785192,-1.3337882873665527,0.7127938785222587,-0.0269535484838654,2.590339428802196,0.2594558839508205,2.0689052243034824
30.0,87.0,216.8951416015625,-0.8209688307021434,0.7380708179123863,-3.421735287255472,-2.590285251222465,-1.155161557111979,0.7342647559357545,-0.0585356627712509,2.540457390469685,0.2245473946276626,2.0744917312299864
30.0,87.0,205.40724182128903,-1.2471719392371754,0.7338063691250966,-3.6956164114227614,-2.6893020048638974,-1.4361633841990469,0.7509499775402746,-0.0265320376388999,2.5844589496606782,0.2214973721181175,2.0621365244733765
30.0,87.0,203.8832092285156,-1.4790613265445376,0.7732738784922106,-3.3582703227624244,-2.695334901826924,-1.3453112019984668,0.7075198587616528,-0.0020897764918419,2.575840366118009,0.2040841445302196,2.0670954059278106
30.0,87.0,147.97607421875,-0.1753943806266924,1.395145652567223,-2.638932395765852,-2.214468329642911,-1.1318632073540378,0.903540100316074,0.0773086416309774,2.59866721862546,0.1378201062081425,1.882498542328312
30.0,87.0,185.0653686523437,-0.4142245386583997,1.4477108609956248,-2.5823062315438863,-2.164453658329141,-1.0361648330241349,0.7524905157490805,0.0663770822560962,2.5319006953094405,0.1196089891188965,1.9731892862038325
30.0,87.0,172.89468383789062,-0.2976892717525566,1.3587047776083103,-2.6657837590100817,-2.251911342352483,-1.2503280037383595,0.9155573769586676,0.1015020372873474,2.534354966775497,0.0388694377925035,1.802237879535402
30.0,87.0,203.4140472412109,-0.5678473708618155,0.7799693007154738,-3.6749830968560486,-2.725391649065348,-1.3797502672892723,0.7480700850134762,-0.0265029683648772,2.586302994710479,0.2283338142204806,2.0667280186433774
30.0,87.0,217.80987548828125,-0.7399219093249991,0.6265199654248446,-3.3812386568411683,-3.115740592719888,-2.4970438835882924,0.4187495791001843,-0.1164287251613381,2.541142812644273,0.2703581298861386,2.0687642066891287
30.0,87.0,201.7044219970703,-0.6552952230338768,0.789537644755984,-3.131677153117997,-2.725862189701337,-1.327890814222953,0.7257755438118074,-0.0264966475501739,2.5879562114865826,0.2411740536822892,2.06908069814025
30.0,87.0,159.58082580566406,-0.1962119196862958,1.5150649400545844,-2.655952718606733,-2.273867712986932,-1.1324563180090688,0.9170956153850068,0.0503272658238002,2.526150892538534,0.0383692493261147,1.84208238275248
30.0,87.0,207.52395629882807,-1.0172369141889488,0.5097226488719611,-3.674337809841004,-2.8353189978585056,-1.3644168602548383,0.7515932251121955,-0.0172059671688819,2.580125632767812,0.2261450789481383,2.063133829032119
30.0,87.0,175.8495330810547,-0.4775785043656096,1.232828352030302,-2.829773447056977,-2.384111755209133,-1.2235130123262596,0.8677996048050263,0.0581306772521697,2.565029186474866,0.1954501146382836,1.8987196644750453
30.0,87.0,221.4112243652344,-0.3577889705867167,0.8293934806643648,-3.3979003253151454,-2.7654536822693285,-1.6698577467448548,0.6572926121331348,0.0036915510580502,2.630194871551593,0.2211682507633885,2.2321347321959304
30.0,87.0,154.8157958984375,-0.1466788341016385,1.3680838397403996,-2.6811178502131003,-2.2604398259222225,-1.1697598237743363,0.7901561877112837,0.1012507516684885,2.616797862333564,0.1156895302404107,1.82878620174452
30.0,87.0,220.53668212890625,-1.2171966783311097,0.4756538204269566,-3.473961005955754,-3.088961056374514,-1.704597891261704,0.4920041034137272,-0.0918239354140258,2.562499878329205,0.3992523830963432,2.654374933471221
30.0,87.0,150.9752197265625,-0.1775624783970037,1.401633628584086,-2.709509538975155,-2.21492977136202,-1.1603965254135886,0.8315500045659168,0.0522790887871648,2.57576063415358,0.1270628370713633,1.6772362601068225
30.0,87.0,245.9429931640625,-0.8483266135729868,0.6453986865434707,-3.506552371550096,-3.271625883978806,-2.56814784519429,0.2147286641374462,-0.1436646083617611,2.4296898910346845,0.2413711030766583,2.371772908737178
30.0,87.0,220.6161956787109,-0.9503927517081534,0.677458880081766,-3.4985466721108613,-3.1419557166689587,-2.6450864950941537,0.7657276416976995,-0.0800017667336136,2.591298282155937,0.2318220931468717,1.9778696258291708
30.0,87.0,209.95681762695312,-0.8546054761373488,0.5561256830121146,-3.5196763665523463,-2.9998356632825494,-1.6631055522139582,0.5872105304760162,-0.0307104087849592,2.588951662564981,0.2473229352094717,1.9606851088631445
30.0,87.0,205.36083984375,-1.0410372824203336,0.7676645361621044,-3.3922084993722885,-2.757479147550971,-1.3696282247663814,0.7197802351399657,0.0253103845882088,2.591243372468218,0.2560553276800137,2.054097732849192
30.0,87.0,205.4263153076172,-1.0610826982318322,0.7387432132212964,-3.5269101097837323,-2.588175478326636,-1.3746018730768372,0.7544874944278932,-0.0259144887775997,2.5909527780546773,0.210068459110206,2.063579531483645
30.0,87.0,172.61151123046875,-0.1592416640714551,1.3781854332006982,-2.842439873240012,-2.5781979073611363,-1.1858615648576751,0.8182413546845793,-0.0201786099424935,2.54670396876944,0.0844296178985597,1.767456241439366
30.0,87.0,147.59059143066406,-0.1599907260178709,1.3950295064335572,-2.639014168442954,-2.2313556162884867,-1.1559712847371466,0.9187315202657592,0.0536591368976181,2.536754732327305,0.140548622345268,1.8127552323279057
30.0,87.0,151.35276794433594,-0.1576391243841984,1.4034713697281849,-2.695938519672744,-2.2133240866040635,-1.1416160379961382,0.8329937843206117,0.0557891151670943,2.542322494777994,0.195360468417186,2.0268246290371863
30.0,87.0,203.7299041748047,-1.4671963034076896,0.7718039591814964,-3.521820860113768,-2.7055890962796987,-1.3850800460590984,0.7492558679810841,0.0041742840984898,2.5864682179734686,0.2295821296873494,1.9406396168518183
30.0,87.0,240.0376892089844,-0.818985015422538,0.7325545795717203,-3.463958090524869,-3.1745869837099026,-1.9281247841715203,0.2058466922336207,-0.3766659363291286,2.6001316734345754,0.2265875295001577,2.1979228280822705
30.0,87.0,239.34703063964844,-0.5573109000134422,1.0820330890696988,-3.240952051214933,-3.640707829016172,-1.7737497179098791,0.4745016799634982,0.0314885242161033,2.6135288507269894,0.153150853889011,1.936260516662292
30.0,87.0,212.3438873291016,-1.557908792152764,0.7812118760917048,-3.276699207737689,-2.517975874158795,-1.3094452414096935,0.8953993694345304,0.0426183328891991,2.521546768070464,0.1659403421417329,1.953499831456992
30.0,87.0,210.02865600585932,-0.8580111126169524,0.7817574778197114,-3.3139554907647666,-2.747140032872876,-1.527584908101148,0.7203383849461824,0.0051663944622394,2.5105962979010927,0.2203589910254215,2.0933798890874407
30.0,87.0,260.75506591796875,-0.7235173814946477,0.2633142916060825,-3.729488048766044,-2.598819823759516,-1.5621266964312754,0.5837873023273118,-0.2228563854805409,2.2311934862750764,0.0184947537160842,1.5811522207979942
30.0,87.0,203.24859619140625,-0.9192315676381116,0.6919205216551769,-3.0556354367665235,-2.451509490379421,-1.3093301803592623,0.7055183031443459,-0.0108541801189103,2.503597830966404,0.1763286553760367,1.883109007204634
30.0,87.0,209.853515625,-0.6115977473066232,0.7776220381257966,-3.835539989399004,-2.6171739805113914,-1.275521664933832,0.7366176474541036,-0.0458302544230463,2.584816162634513,0.2980722673261389,2.069972514370848
30.0,87.0,151.47451782226562,-0.1418211981072229,1.412601979240955,-2.6557115778260787,-2.379498146467377,-1.1525648674504068,0.8199042572593136,-0.0853159925599691,2.5171243505357133,0.1283542900155694,1.8213361689400305
30.0,87.0,157.32095336914062,-0.2224815772543465,1.4944166923460842,-2.6293709991726217,-2.1250279979499416,-1.1156887463748832,0.8879849449890217,0.0974416156793797,2.527091334114643,0.1586697037428803,1.8139810869703752
30.0,87.0,245.99302673339844,-0.7494604562313425,0.5827624451646062,-3.1978432976312727,-2.930434860001456,-2.589522757468941,0.4511330050359632,-0.2349149109541924,2.459352546895984,0.2558733024443547,1.86071018527782
30.0,87.0,210.119873046875,-0.7610068930568665,0.5642124147423887,-3.726421416211226,-2.7995431788777383,-1.3708891968054873,0.679066308131347,0.0234932080174868,2.5843400721228726,0.297657964549431,2.1950618999519365
30.0,87.0,239.7064971923828,-0.2328794482560279,0.7545007887614678,-2.979455057748599,-2.512355720049881,-1.4978771075277424,0.8027093975467121,0.0324352269155117,2.5580316959530327,0.1173505329031556,1.969306052037464
30.0,87.0,215.4642791748047,-0.619272128359899,1.0161821115856564,-3.392347947738536,-3.718930889608517,-1.3159031693529706,0.8296082231312336,0.0283507836533688,2.580653015910745,0.2883060967232943,2.043397947376025
30.0,87.0,205.575927734375,-0.8160173862793221,0.5906195673798553,-3.5501247184478806,-2.9220737949502533,-1.5276746941164658,0.7254873283981647,-0.0189028447691116,2.5943872451814447,0.2168908645567235,1.9760531472632008
30.0,87.0,200.966552734375,0.0511069574124457,1.747527639933753,-2.322465838549517,-2.385367672303049,-1.5689299050997256,0.7279599504360057,0.0318551325799721,2.538697767103279,0.2265852792998942,1.890549882815444
30.0,87.0,153.32322692871094,-0.2469255061733817,1.5109587309340438,-2.5725792082273338,-2.2820972719629884,-1.1743039417348822,0.9392735000097842,-0.02346056377755,2.5384977498792862,0.1391829116932507,1.7679616639714906
30.0,87.0,250.88189697265625,-0.7221421622355475,0.0875713897904714,-2.5109606836637552,-2.321004009327849,-1.4391490503760545,0.7462866713726329,0.05330843798363,2.626129362067425,0.0233932705561144,1.607297882428407
30.0,87.0,211.49984741210932,-0.6023430394608064,0.6862990325442788,-3.3371353581117207,-2.8851573211860253,-1.389844403508281,0.7960834819435386,-0.0731183203058278,2.570385485955568,0.1939850410112546,2.062637422407674
30.0,87.0,215.00582885742188,-1.3362269621506024,0.6909401133240985,-3.6958136060628175,-2.766535802928542,-1.578943155117534,0.5991151981177973,-0.0611612945314653,2.5056992509925267,0.0700747834210505,1.865374583499689
30.0,87.0,164.29824829101562,-0.2182807024527169,1.3075553644433655,-2.7169802224964386,-2.2927553080693177,-1.3421731508819263,0.7831666341277534,-0.0496333619459991,2.536361327936988,0.2124666788459562,2.0295842807859272
30.0,87.0,147.74378967285156,-0.1522318159503758,1.4000364061943964,-2.5957620722684225,-2.240718733248012,-1.1566094347525329,0.9235543123544624,0.1013676450914388,2.5358790373551146,0.1285087381098674,1.8079122101336884
30.0,87.0,157.4029998779297,-0.0456770941882355,1.5863363170176947,-2.56644752828971,-2.2438459484006232,-1.2793374196999965,0.5517380213899806,-0.0303154928660709,2.5362616215189875,0.1683646754718108,1.9087344575208447
30.0,87.0,173.00320434570312,-0.4374654517932287,1.2357249990135362,-2.79238402845472,-2.355827463102169,-1.220448700538539,0.8911572022735176,0.0642796433100644,2.564324926403032,0.1520911367781914,1.9022022776230323
30.0,88.0,214.22732543945312,-0.5709375357719852,0.6099977697356924,-3.140555826576952,-2.751540540879751,-1.5639863451240932,0.7150772700534826,-0.0298015949691891,2.517225884112829,0.2132561271602341,1.8995796105848937
30.0,88.0,201.4370574951172,-0.4540401323260987,0.8179070478135094,-3.314276906304189,-2.628539443785192,-1.3337882873665527,0.7127938785222587,-0.0269535484838654,2.590339428802196,0.2594558839508205,2.0689052243034824
30.0,88.0,216.8951416015625,-0.8209688307021434,0.7380708179123863,-3.421735287255472,-2.590285251222465,-1.155161557111979,0.7342647559357545,-0.0585356627712509,2.540457390469685,0.2245473946276626,2.0744917312299864
30.0,88.0,205.40724182128903,-1.2471719392371754,0.7338063691250966,-3.6956164114227614,-2.6893020048638974,-1.4361633841990469,0.7509499775402746,-0.0265320376388999,2.5844589496606782,0.2214973721181175,2.0621365244733765
30.0,88.0,203.8832092285156,-1.4790613265445376,0.7732738784922106,-3.3582703227624244,-2.695334901826924,-1.3453112019984668,0.7075198587616528,-0.0020897764918419,2.575840366118009,0.2040841445302196,2.0670954059278106
30.0,88.0,147.97607421875,-0.1753943806266924,1.395145652567223,-2.638932395765852,-2.214468329642911,-1.1318632073540378,0.903540100316074,0.0773086416309774,2.59866721862546,0.1378201062081425,1.882498542328312
30.0,88.0,185.0653686523437,-0.4142245386583997,1.4477108609956248,-2.5823062315438863,-2.164453658329141,-1.0361648330241349,0.7524905157490805,0.0663770822560962,2.5319006953094405,0.1196089891188965,1.9731892862038325
30.0,88.0,172.89468383789062,-0.2976892717525566,1.3587047776083103,-2.6657837590100817,-2.251911342352483,-1.2503280037383595,0.9155573769586676,0.1015020372873474,2.534354966775497,0.0388694377925035,1.802237879535402
30.0,88.0,203.4140472412109,-0.5678473708618155,0.7799693007154738,-3.6749830968560486,-2.725391649065348,-1.3797502672892723,0.7480700850134762,-0.0265029683648772,2.586302994710479,0.2283338142204806,2.0667280186433774
30.0,88.0,217.80987548828125,-0.7399219093249991,0.6265199654248446,-3.3812386568411683,-3.115740592719888,-2.4970438835882924,0.4187495791001843,-0.1164287251613381,2.541142812644273,0.2703581298861386,2.0687642066891287
30.0,88.0,201.7044219970703,-0.6552952230338768,0.789537644755984,-3.131677153117997,-2.725862189701337,-1.327890814222953,0.7257755438118074,-0.0264966475501739,2.5879562114865826,0.2411740536822892,2.06908069814025
30.0,88.0,159.58082580566406,-0.1962119196862958,1.5150649400545844,-2.655952718606733,-2.273867712986932,-1.1324563180090688,0.9170956153850068,0.0503272658238002,2.526150892538534,0.0383692493261147,1.84208238275248
30.0,88.0,207.52395629882807,-1.0172369141889488,0.5097226488719611,-3.674337809841004,-2.8353189978585056,-1.3644168602548383,0.7515932251121955,-0.0172059671688819,2.580125632767812,0.2261450789481383,2.063133829032119
30.0,88.0,175.8495330810547,-0.4775785043656096,1.232828352030302,-2.829773447056977,-2.384111755209133,-1.2235130123262596,0.8677996048050263,0.0581306772521697,2.565029186474866,0.1954501146382836,1.8987196644750453
30.0,88.0,221.4112243652344,-0.3577889705867167,0.8293934806643648,-3.3979003253151454,-2.7654536822693285,-1.6698577467448548,0.6572926121331348,0.0036915510580502,2.630194871551593,0.2211682507633885,2.2321347321959304
30.0,88.0,148.6250457763672,-0.1986492861108648,1.4209620232211004,-2.65459858518546,-2.257949075710216,-1.136677850453398,0.8572889993518071,0.1111603619959347,2.60279736794967,0.1589008643243573,1.9487578796654748
30.0,88.0,220.53668212890625,-1.2171966783311097,0.4756538204269566,-3.473961005955754,-3.088961056374514,-1.704597891261704,0.4920041034137272,-0.0918239354140258,2.562499878329205,0.3992523830963432,2.654374933471221
30.0,88.0,150.9752197265625,-0.1775624783970037,1.401633628584086,-2.709509538975155,-2.21492977136202,-1.1603965254135886,0.8315500045659168,0.0522790887871648,2.57576063415358,0.1270628370713633,1.6772362601068225
30.0,88.0,245.9429931640625,-0.8483266135729868,0.6453986865434707,-3.506552371550096,-3.271625883978806,-2.56814784519429,0.2147286641374462,-0.1436646083617611,2.4296898910346845,0.2413711030766583,2.371772908737178
30.0,88.0,220.6161956787109,-0.9503927517081534,0.677458880081766,-3.4985466721108613,-3.1419557166689587,-2.6450864950941537,0.7657276416976995,-0.0800017667336136,2.591298282155937,0.2318220931468717,1.9778696258291708
30.0,88.0,209.95681762695312,-0.8546054761373488,0.5561256830121146,-3.5196763665523463,-2.9998356632825494,-1.6631055522139582,0.5872105304760162,-0.0307104087849592,2.588951662564981,0.2473229352094717,1.9606851088631445
30.0,88.0,205.36083984375,-1.0410372824203336,0.7676645361621044,-3.3922084993722885,-2.757479147550971,-1.3696282247663814,0.7197802351399657,0.0253103845882088,2.591243372468218,0.2560553276800137,2.054097732849192
30.0,88.0,205.4263153076172,-1.0610826982318322,0.7387432132212964,-3.5269101097837323,-2.588175478326636,-1.3746018730768372,0.7544874944278932,-0.0259144887775997,2.5909527780546773,0.210068459110206,2.063579531483645
30.0,88.0,172.61151123046875,-0.1592416640714551,1.3781854332006982,-2.842439873240012,-2.5781979073611363,-1.1858615648576751,0.8182413546845793,-0.0201786099424935,2.54670396876944,0.0844296178985597,1.767456241439366
30.0,88.0,147.59059143066406,-0.1599907260178709,1.3950295064335572,-2.639014168442954,-2.2313556162884867,-1.1559712847371466,0.9187315202657592,0.0536591368976181,2.536754732327305,0.140548622345268,1.8127552323279057
30.0,88.0,151.35276794433594,-0.1576391243841984,1.4034713697281849,-2.695938519672744,-2.2133240866040635,-1.1416160379961382,0.8329937843206117,0.0557891151670943,2.542322494777994,0.195360468417186,2.0268246290371863
30.0,88.0,203.7299041748047,-1.4671963034076896,0.7718039591814964,-3.521820860113768,-2.7055890962796987,-1.3850800460590984,0.7492558679810841,0.0041742840984898,2.5864682179734686,0.2295821296873494,1.9406396168518183
30.0,88.0,240.0376892089844,-0.818985015422538,0.7325545795717203,-3.463958090524869,-3.1745869837099026,-1.9281247841715203,0.2058466922336207,-0.3766659363291286,2.6001316734345754,0.2265875295001577,2.1979228280822705
30.0,88.0,239.34703063964844,-0.5573109000134422,1.0820330890696988,-3.240952051214933,-3.640707829016172,-1.7737497179098791,0.4745016799634982,0.0314885242161033,2.6135288507269894,0.153150853889011,1.936260516662292
30.0,88.0,212.3438873291016,-1.557908792152764,0.7812118760917048,-3.276699207737689,-2.517975874158795,-1.3094452414096935,0.8953993694345304,0.0426183328891991,2.521546768070464,0.1659403421417329,1.953499831456992
30.0,88.0,210.02865600585932,-0.8580111126169524,0.7817574778197114,-3.3139554907647666,-2.747140032872876,-1.527584908101148,0.7203383849461824,0.0051663944622394,2.5105962979010927,0.2203589910254215,2.0933798890874407
30.0,88.0,260.75506591796875,-0.7235173814946477,0.2633142916060825,-3.729488048766044,-2.598819823759516,-1.5621266964312754,0.5837873023273118,-0.2228563854805409,2.2311934862750764,0.0184947537160842,1.5811522207979942
30.0,88.0,203.24859619140625,-0.9192315676381116,0.6919205216551769,-3.0556354367665235,-2.451509490379421,-1.3093301803592623,0.7055183031443459,-0.0108541801189103,2.503597830966404,0.1763286553760367,1.883109007204634
30.0,88.0,209.853515625,-0.6115977473066232,0.7776220381257966,-3.835539989399004,-2.6171739805113914,-1.275521664933832,0.7366176474541036,-0.0458302544230463,2.584816162634513,0.2980722673261389,2.069972514370848
30.0,88.0,151.47451782226562,-0.1418211981072229,1.412601979240955,-2.6557115778260787,-2.379498146467377,-1.1525648674504068,0.8199042572593136,-0.0853159925599691,2.5171243505357133,0.1283542900155694,1.8213361689400305
30.0,88.0,157.32095336914062,-0.2224815772543465,1.4944166923460842,-2.6293709991726217,-2.1250279979499416,-1.1156887463748832,0.8879849449890217,0.0974416156793797,2.527091334114643,0.1586697037428803,1.8139810869703752
30.0,88.0,245.99302673339844,-0.7494604562313425,0.5827624451646062,-3.1978432976312727,-2.930434860001456,-2.589522757468941,0.4511330050359632,-0.2349149109541924,2.459352546895984,0.2558733024443547,1.86071018527782
30.0,88.0,210.119873046875,-0.7610068930568665,0.5642124147423887,-3.726421416211226,-2.7995431788777383,-1.3708891968054873,0.679066308131347,0.0234932080174868,2.5843400721228726,0.297657964549431,2.1950618999519365
30.0,88.0,234.28631591796875,-0.3166969088569362,1.4245675324868703,-2.399757141893694,-2.324190821771595,-1.5360221703514694,0.873205019131485,0.0596207919100668,2.6925191363010423,0.1269935555399345,2.044740432980703
30.0,88.0,215.4642791748047,-0.619272128359899,1.0161821115856564,-3.392347947738536,-3.718930889608517,-1.3159031693529706,0.8296082231312336,0.0283507836533688,2.580653015910745,0.2883060967232943,2.043397947376025
30.0,88.0,205.575927734375,-0.8160173862793221,0.5906195673798553,-3.5501247184478806,-2.9220737949502533,-1.5276746941164658,0.7254873283981647,-0.0189028447691116,2.5943872451814447,0.2168908645567235,1.9760531472632008
30.0,88.0,200.966552734375,0.0511069574124457,1.747527639933753,-2.322465838549517,-2.385367672303049,-1.5689299050997256,0.7279599504360057,0.0318551325799721,2.538697767103279,0.2265852792998942,1.890549882815444
30.0,88.0,153.32322692871094,-0.2469255061733817,1.5109587309340438,-2.5725792082273338,-2.2820972719629884,-1.1743039417348822,0.9392735000097842,-0.02346056377755,2.5384977498792862,0.1391829116932507,1.7679616639714906
30.0,88.0,250.88189697265625,-0.7221421622355475,0.0875713897904714,-2.5109606836637552,-2.321004009327849,-1.4391490503760545,0.7462866713726329,0.05330843798363,2.626129362067425,0.0233932705561144,1.607297882428407
30.0,88.0,211.49984741210932,-0.6023430394608064,0.6862990325442788,-3.3371353581117207,-2.8851573211860253,-1.389844403508281,0.7960834819435386,-0.0731183203058278,2.570385485955568,0.1939850410112546,2.062637422407674
30.0,88.0,215.00582885742188,-1.3362269621506024,0.6909401133240985,-3.6958136060628175,-2.766535802928542,-1.578943155117534,0.5991151981177973,-0.0611612945314653,2.5056992509925267,0.0700747834210505,1.865374583499689
30.0,88.0,164.29824829101562,-0.2182807024527169,1.3075553644433655,-2.7169802224964386,-2.2927553080693177,-1.3421731508819263,0.7831666341277534,-0.0496333619459991,2.536361327936988,0.2124666788459562,2.0295842807859272
30.0,88.0,146.41009521484375,-0.1546360528340893,1.403427151820927,-2.5213709570690304,-2.245267582062948,-1.156558077988362,0.9282637220458408,0.0531707142082469,2.5349841252247765,0.1328863856366552,1.7947829312010335
30.0,88.0,157.4029998779297,-0.0456770941882355,1.5863363170176947,-2.56644752828971,-2.2438459484006232,-1.2793374196999965,0.5517380213899806,-0.0303154928660709,2.5362616215189875,0.1683646754718108,1.9087344575208447
30.0,88.0,173.00320434570312,-0.4374654517932287,1.2357249990135362,-2.79238402845472,-2.355827463102169,-1.220448700538539,0.8911572022735176,0.0642796433100644,2.564324926403032,0.1520911367781914,1.9022022776230323
30.0,89.0,214.22732543945312,-0.5709375357719852,0.6099977697356924,-3.140555826576952,-2.751540540879751,-1.5639863451240932,0.7150772700534826,-0.0298015949691891,2.517225884112829,0.2132561271602341,1.8995796105848937
30.0,89.0,201.4370574951172,-0.4540401323260987,0.8179070478135094,-3.314276906304189,-2.628539443785192,-1.3337882873665527,0.7127938785222587,-0.0269535484838654,2.590339428802196,0.2594558839508205,2.0689052243034824
30.0,89.0,216.8951416015625,-0.8209688307021434,0.7380708179123863,-3.421735287255472,-2.590285251222465,-1.155161557111979,0.7342647559357545,-0.0585356627712509,2.540457390469685,0.2245473946276626,2.0744917312299864
30.0,89.0,205.40724182128903,-1.2471719392371754,0.7338063691250966,-3.6956164114227614,-2.6893020048638974,-1.4361633841990469,0.7509499775402746,-0.0265320376388999,2.5844589496606782,0.2214973721181175,2.0621365244733765
30.0,89.0,203.8832092285156,-1.4790613265445376,0.7732738784922106,-3.3582703227624244,-2.695334901826924,-1.3453112019984668,0.7075198587616528,-0.0020897764918419,2.575840366118009,0.2040841445302196,2.0670954059278106
30.0,89.0,147.97607421875,-0.1753943806266924,1.395145652567223,-2.638932395765852,-2.214468329642911,-1.1318632073540378,0.903540100316074,0.0773086416309774,2.59866721862546,0.1378201062081425,1.882498542328312
30.0,89.0,185.0653686523437,-0.4142245386583997,1.4477108609956248,-2.5823062315438863,-2.164453658329141,-1.0361648330241349,0.7524905157490805,0.0663770822560962,2.5319006953094405,0.1196089891188965,1.9731892862038325
30.0,89.0,169.61236572265625,-0.1735024115748304,1.435744787711793,-2.5964877648775646,-2.0718594204254,-1.1381779573842274,0.9206079639585828,0.1288331534452055,2.535085228785376,0.0617681268981504,1.7968651079307014
30.0,89.0,203.4140472412109,-0.5678473708618155,0.7799693007154738,-3.6749830968560486,-2.725391649065348,-1.3797502672892723,0.7480700850134762,-0.0265029683648772,2.586302994710479,0.2283338142204806,2.0667280186433774
30.0,89.0,217.80987548828125,-0.7399219093249991,0.6265199654248446,-3.3812386568411683,-3.115740592719888,-2.4970438835882924,0.4187495791001843,-0.1164287251613381,2.541142812644273,0.2703581298861386,2.0687642066891287
30.0,89.0,201.7044219970703,-0.6552952230338768,0.789537644755984,-3.131677153117997,-2.725862189701337,-1.327890814222953,0.7257755438118074,-0.0264966475501739,2.5879562114865826,0.2411740536822892,2.06908069814025
30.0,89.0,154.27999877929688,-0.2043021816725437,1.6172222072605178,-2.569907140296358,-2.2603344950090616,-1.1835250076227577,0.9225747529812937,0.0579203947063146,2.510962710221192,0.0670616546392125,1.72997771910741
30.0,89.0,207.52395629882807,-1.0172369141889488,0.5097226488719611,-3.674337809841004,-2.8353189978585056,-1.3644168602548383,0.7515932251121955,-0.0172059671688819,2.580125632767812,0.2261450789481383,2.063133829032119
30.0,89.0,175.8495330810547,-0.4775785043656096,1.232828352030302,-2.829773447056977,-2.384111755209133,-1.2235130123262596,0.8677996048050263,0.0581306772521697,2.565029186474866,0.1954501146382836,1.8987196644750453
30.0,89.0,221.4112243652344,-0.3577889705867167,0.8293934806643648,-3.3979003253151454,-2.7654536822693285,-1.6698577467448548,0.6572926121331348,0.0036915510580502,2.630194871551593,0.2211682507633885,2.2321347321959304
30.0,89.0,148.6250457763672,-0.1986492861108648,1.4209620232211004,-2.65459858518546,-2.257949075710216,-1.136677850453398,0.8572889993518071,0.1111603619959347,2.60279736794967,0.1589008643243573,1.9487578796654748
30.0,89.0,220.53668212890625,-1.2171966783311097,0.4756538204269566,-3.473961005955754,-3.088961056374514,-1.704597891261704,0.4920041034137272,-0.0918239354140258,2.562499878329205,0.3992523830963432,2.654374933471221
30.0,89.0,150.9752197265625,-0.1775624783970037,1.401633628584086,-2.709509538975155,-2.21492977136202,-1.1603965254135886,0.8315500045659168,0.0522790887871648,2.57576063415358,0.1270628370713633,1.6772362601068225
30.0,89.0,245.9429931640625,-0.8483266135729868,0.6453986865434707,-3.506552371550096,-3.271625883978806,-2.56814784519429,0.2147286641374462,-0.1436646083617611,2.4296898910346845,0.2413711030766583,2.371772908737178
30.0,89.0,220.6161956787109,-0.9503927517081534,0.677458880081766,-3.4985466721108613,-3.1419557166689587,-2.6450864950941537,0.7657276416976995,-0.0800017667336136,2.591298282155937,0.2318220931468717,1.9778696258291708
30.0,89.0,209.95681762695312,-0.8546054761373488,0.5561256830121146,-3.5196763665523463,-2.9998356632825494,-1.6631055522139582,0.5872105304760162,-0.0307104087849592,2.588951662564981,0.2473229352094717,1.9606851088631445
30.0,89.0,205.36083984375,-1.0410372824203336,0.7676645361621044,-3.3922084993722885,-2.757479147550971,-1.3696282247663814,0.7197802351399657,0.0253103845882088,2.591243372468218,0.2560553276800137,2.054097732849192
30.0,89.0,205.4263153076172,-1.0610826982318322,0.7387432132212964,-3.5269101097837323,-2.588175478326636,-1.3746018730768372,0.7544874944278932,-0.0259144887775997,2.5909527780546773,0.210068459110206,2.063579531483645
30.0,89.0,172.61151123046875,-0.1592416640714551,1.3781854332006982,-2.842439873240012,-2.5781979073611363,-1.1858615648576751,0.8182413546845793,-0.0201786099424935,2.54670396876944,0.0844296178985597,1.767456241439366
30.0,89.0,144.32171630859375,-0.1567597370205269,1.3895092158946387,-2.569657595449988,-2.243604837029796,-1.1516167881477226,0.8984333026920511,0.0548166478961312,2.5355142957097367,0.1352836858182341,1.7901371097300829
30.0,89.0,145.2047119140625,-0.1477976237940177,1.392680310215214,-2.532579821443925,-2.240551415351056,-1.1557647472069534,0.8741154020041527,0.0290850792770973,2.5416485961678577,0.2004377798493291,2.052579034713903
30.0,89.0,203.7299041748047,-1.4671963034076896,0.7718039591814964,-3.521820860113768,-2.7055890962796987,-1.3850800460590984,0.7492558679810841,0.0041742840984898,2.5864682179734686,0.2295821296873494,1.9406396168518183
30.0,89.0,240.0376892089844,-0.818985015422538,0.7325545795717203,-3.463958090524869,-3.1745869837099026,-1.9281247841715203,0.2058466922336207,-0.3766659363291286,2.6001316734345754,0.2265875295001577,2.1979228280822705
30.0,89.0,239.34703063964844,-0.5573109000134422,1.0820330890696988,-3.240952051214933,-3.640707829016172,-1.7737497179098791,0.4745016799634982,0.0314885242161033,2.6135288507269894,0.153150853889011,1.936260516662292
30.0,89.0,212.3438873291016,-1.557908792152764,0.7812118760917048,-3.276699207737689,-2.517975874158795,-1.3094452414096935,0.8953993694345304,0.0426183328891991,2.521546768070464,0.1659403421417329,1.953499831456992
30.0,89.0,210.02865600585932,-0.8580111126169524,0.7817574778197114,-3.3139554907647666,-2.747140032872876,-1.527584908101148,0.7203383849461824,0.0051663944622394,2.5105962979010927,0.2203589910254215,2.0933798890874407
30.0,89.0,260.75506591796875,-0.7235173814946477,0.2633142916060825,-3.729488048766044,-2.598819823759516,-1.5621266964312754,0.5837873023273118,-0.2228563854805409,2.2311934862750764,0.0184947537160842,1.5811522207979942
30.0,89.0,203.24859619140625,-0.9192315676381116,0.6919205216551769,-3.0556354367665235,-2.451509490379421,-1.3093301803592623,0.7055183031443459,-0.0108541801189103,2.503597830966404,0.1763286553760367,1.883109007204634
30.0,89.0,209.853515625,-0.6115977473066232,0.7776220381257966,-3.835539989399004,-2.6171739805113914,-1.275521664933832,0.7366176474541036,-0.0458302544230463,2.584816162634513,0.2980722673261389,2.069972514370848
30.0,89.0,151.47451782226562,-0.1418211981072229,1.412601979240955,-2.6557115778260787,-2.379498146467377,-1.1525648674504068,0.8199042572593136,-0.0853159925599691,2.5171243505357133,0.1283542900155694,1.8213361689400305
30.0,89.0,154.97901916503906,-0.1543950427739067,1.3835663937023943,-2.5098113937091924,-2.166905553941939,-1.0612230984733326,0.928346553310198,0.1248522238203028,2.5094366589298187,0.1429087496873865,1.8059396285908
30.0,89.0,245.99302673339844,-0.7494604562313425,0.5827624451646062,-3.1978432976312727,-2.930434860001456,-2.589522757468941,0.4511330050359632,-0.2349149109541924,2.459352546895984,0.2558733024443547,1.86071018527782
30.0,89.0,210.119873046875,-0.7610068930568665,0.5642124147423887,-3.726421416211226,-2.7995431788777383,-1.3708891968054873,0.679066308131347,0.0234932080174868,2.5843400721228726,0.297657964549431,2.1950618999519365
30.0,89.0,234.28631591796875,-0.3166969088569362,1.4245675324868703,-2.399757141893694,-2.324190821771595,-1.5360221703514694,0.873205019131485,0.0596207919100668,2.6925191363010423,0.1269935555399345,2.044740432980703
30.0,89.0,215.4642791748047,-0.619272128359899,1.0161821115856564,-3.392347947738536,-3.718930889608517,-1.3159031693529706,0.8296082231312336,0.0283507836533688,2.580653015910745,0.2883060967232943,2.043397947376025
30.0,89.0,205.575927734375,-0.8160173862793221,0.5906195673798553,-3.5501247184478806,-2.9220737949502533,-1.5276746941164658,0.7254873283981647,-0.0189028447691116,2.5943872451814447,0.2168908645567235,1.9760531472632008
30.0,89.0,200.966552734375,0.0511069574124457,1.747527639933753,-2.322465838549517,-2.385367672303049,-1.5689299050997256,0.7279599504360057,0.0318551325799721,2.538697767103279,0.2265852792998942,1.890549882815444
30.0,89.0,153.32322692871094,-0.2469255061733817,1.5109587309340438,-2.5725792082273338,-2.2820972719629884,-1.1743039417348822,0.9392735000097842,-0.02346056377755,2.5384977498792862,0.1391829116932507,1.7679616639714906
30.0,89.0,250.88189697265625,-0.7221421622355475,0.0875713897904714,-2.5109606836637552,-2.321004009327849,-1.4391490503760545,0.7462866713726329,0.05330843798363,2.626129362067425,0.0233932705561144,1.607297882428407
30.0,89.0,211.49984741210932,-0.6023430394608064,0.6862990325442788,-3.3371353581117207,-2.8851573211860253,-1.389844403508281,0.7960834819435386,-0.0731183203058278,2.570385485955568,0.1939850410112546,2.062637422407674
30.0,89.0,215.00582885742188,-1.3362269621506024,0.6909401133240985,-3.6958136060628175,-2.766535802928542,-1.578943155117534,0.5991151981177973,-0.0611612945314653,2.5056992509925267,0.0700747834210505,1.865374583499689
30.0,89.0,164.29824829101562,-0.2182807024527169,1.3075553644433655,-2.7169802224964386,-2.2927553080693177,-1.3421731508819263,0.7831666341277534,-0.0496333619459991,2.536361327936988,0.2124666788459562,2.0295842807859272
30.0,89.0,146.41009521484375,-0.1546360528340893,1.403427151820927,-2.5213709570690304,-2.245267582062948,-1.156558077988362,0.9282637220458408,0.0531707142082469,2.5349841252247765,0.1328863856366552,1.7947829312010335
30.0,89.0,157.4029998779297,-0.0456770941882355,1.5863363170176947,-2.56644752828971,-2.2438459484006232,-1.2793374196999965,0.5517380213899806,-0.0303154928660709,2.5362616215189875,0.1683646754718108,1.9087344575208447
30.0,89.0,173.00320434570312,-0.4374654517932287,1.2357249990135362,-2.79238402845472,-2.355827463102169,-1.220448700538539,0.8911572022735176,0.0642796433100644,2.564324926403032,0.1520911367781914,1.9022022776230323
30.0,90.0,214.22732543945312,-0.5709375357719852,0.6099977697356924,-3.140555826576952,-2.751540540879751,-1.5639863451240932,0.7150772700534826,-0.0298015949691891,2.517225884112829,0.2132561271602341,1.8995796105848937
30.0,90.0,201.4370574951172,-0.4540401323260987,0.8179070478135094,-3.314276906304189,-2.628539443785192,-1.3337882873665527,0.7127938785222587,-0.0269535484838654,2.590339428802196,0.2594558839508205,2.0689052243034824
30.0,90.0,216.8951416015625,-0.8209688307021434,0.7380708179123863,-3.421735287255472,-2.590285251222465,-1.155161557111979,0.7342647559357545,-0.0585356627712509,2.540457390469685,0.2245473946276626,2.0744917312299864
30.0,90.0,205.40724182128903,-1.2471719392371754,0.7338063691250966,-3.6956164114227614,-2.6893020048638974,-1.4361633841990469,0.7509499775402746,-0.0265320376388999,2.5844589496606782,0.2214973721181175,2.0621365244733765
30.0,90.0,203.8832092285156,-1.4790613265445376,0.7732738784922106,-3.3582703227624244,-2.695334901826924,-1.3453112019984668,0.7075198587616528,-0.0020897764918419,2.575840366118009,0.2040841445302196,2.0670954059278106
30.0,90.0,147.97607421875,-0.1753943806266924,1.395145652567223,-2.638932395765852,-2.214468329642911,-1.1318632073540378,0.903540100316074,0.0773086416309774,2.59866721862546,0.1378201062081425,1.882498542328312
30.0,90.0,185.0653686523437,-0.4142245386583997,1.4477108609956248,-2.5823062315438863,-2.164453658329141,-1.0361648330241349,0.7524905157490805,0.0663770822560962,2.5319006953094405,0.1196089891188965,1.9731892862038325
30.0,90.0,153.5360107421875,-0.1472970597599977,1.496576687889035,-2.509214933731729,-2.3400053962346385,-1.0829692326177185,0.926555888705432,0.1330865194917769,2.535578515963482,0.1584092438329615,1.7918650234217743
30.0,90.0,203.4140472412109,-0.5678473708618155,0.7799693007154738,-3.6749830968560486,-2.725391649065348,-1.3797502672892723,0.7480700850134762,-0.0265029683648772,2.586302994710479,0.2283338142204806,2.0667280186433774
30.0,90.0,217.80987548828125,-0.7399219093249991,0.6265199654248446,-3.3812386568411683,-3.115740592719888,-2.4970438835882924,0.4187495791001843,-0.1164287251613381,2.541142812644273,0.2703581298861386,2.0687642066891287
30.0,90.0,201.7044219970703,-0.6552952230338768,0.789537644755984,-3.131677153117997,-2.725862189701337,-1.327890814222953,0.7257755438118074,-0.0264966475501739,2.5879562114865826,0.2411740536822892,2.06908069814025
30.0,90.0,154.27999877929688,-0.2043021816725437,1.6172222072605178,-2.569907140296358,-2.2603344950090616,-1.1835250076227577,0.9225747529812937,0.0579203947063146,2.510962710221192,0.0670616546392125,1.72997771910741
30.0,90.0,207.52395629882807,-1.0172369141889488,0.5097226488719611,-3.674337809841004,-2.8353189978585056,-1.3644168602548383,0.7515932251121955,-0.0172059671688819,2.580125632767812,0.2261450789481383,2.063133829032119
30.0,90.0,175.8495330810547,-0.4775785043656096,1.232828352030302,-2.829773447056977,-2.384111755209133,-1.2235130123262596,0.8677996048050263,0.0581306772521697,2.565029186474866,0.1954501146382836,1.8987196644750453
30.0,90.0,221.4112243652344,-0.3577889705867167,0.8293934806643648,-3.3979003253151454,-2.7654536822693285,-1.6698577467448548,0.6572926121331348,0.0036915510580502,2.630194871551593,0.2211682507633885,2.2321347321959304
30.0,90.0,148.6250457763672,-0.1986492861108648,1.4209620232211004,-2.65459858518546,-2.257949075710216,-1.136677850453398,0.8572889993518071,0.1111603619959347,2.60279736794967,0.1589008643243573,1.9487578796654748
30.0,90.0,220.53668212890625,-1.2171966783311097,0.4756538204269566,-3.473961005955754,-3.088961056374514,-1.704597891261704,0.4920041034137272,-0.0918239354140258,2.562499878329205,0.3992523830963432,2.654374933471221
30.0,90.0,150.9752197265625,-0.1775624783970037,1.401633628584086,-2.709509538975155,-2.21492977136202,-1.1603965254135886,0.8315500045659168,0.0522790887871648,2.57576063415358,0.1270628370713633,1.6772362601068225
30.0,90.0,245.9429931640625,-0.8483266135729868,0.6453986865434707,-3.506552371550096,-3.271625883978806,-2.56814784519429,0.2147286641374462,-0.1436646083617611,2.4296898910346845,0.2413711030766583,2.371772908737178
30.0,90.0,220.6161956787109,-0.9503927517081534,0.677458880081766,-3.4985466721108613,-3.1419557166689587,-2.6450864950941537,0.7657276416976995,-0.0800017667336136,2.591298282155937,0.2318220931468717,1.9778696258291708
30.0,90.0,209.95681762695312,-0.8546054761373488,0.5561256830121146,-3.5196763665523463,-2.9998356632825494,-1.6631055522139582,0.5872105304760162,-0.0307104087849592,2.588951662564981,0.2473229352094717,1.9606851088631445
30.0,90.0,205.36083984375,-1.0410372824203336,0.7676645361621044,-3.3922084993722885,-2.757479147550971,-1.3696282247663814,0.7197802351399657,0.0253103845882088,2.591243372468218,0.2560553276800137,2.054097732849192
30.0,90.0,205.4263153076172,-1.0610826982318322,0.7387432132212964,-3.5269101097837323,-2.588175478326636,-1.3746018730768372,0.7544874944278932,-0.0259144887775997,2.5909527780546773,0.210068459110206,2.063579531483645
30.0,90.0,172.61151123046875,-0.1592416640714551,1.3781854332006982,-2.842439873240012,-2.5781979073611363,-1.1858615648576751,0.8182413546845793,-0.0201786099424935,2.54670396876944,0.0844296178985597,1.767456241439366
30.0,90.0,144.32171630859375,-0.1567597370205269,1.3895092158946387,-2.569657595449988,-2.243604837029796,-1.1516167881477226,0.8984333026920511,0.0548166478961312,2.5355142957097367,0.1352836858182341,1.7901371097300829
30.0,90.0,145.2047119140625,-0.1477976237940177,1.392680310215214,-2.532579821443925,-2.240551415351056,-1.1557647472069534,0.8741154020041527,0.0290850792770973,2.5416485961678577,0.2004377798493291,2.052579034713903
30.0,90.0,203.7299041748047,-1.4671963034076896,0.7718039591814964,-3.521820860113768,-2.7055890962796987,-1.3850800460590984,0.7492558679810841,0.0041742840984898,2.5864682179734686,0.2295821296873494,1.9406396168518183
30.0,90.0,240.0376892089844,-0.818985015422538,0.7325545795717203,-3.463958090524869,-3.1745869837099026,-1.9281247841715203,0.2058466922336207,-0.3766659363291286,2.6001316734345754,0.2265875295001577,2.1979228280822705
30.0,90.0,239.34703063964844,-0.5573109000134422,1.0820330890696988,-3.240952051214933,-3.640707829016172,-1.7737497179098791,0.4745016799634982,0.0314885242161033,2.6135288507269894,0.153150853889011,1.936260516662292
30.0,90.0,212.3438873291016,-1.557908792152764,0.7812118760917048,-3.276699207737689,-2.517975874158795,-1.3094452414096935,0.8953993694345304,0.0426183328891991,2.521546768070464,0.1659403421417329,1.953499831456992
30.0,90.0,210.02865600585932,-0.8580111126169524,0.7817574778197114,-3.3139554907647666,-2.747140032872876,-1.527584908101148,0.7203383849461824,0.0051663944622394,2.5105962979010927,0.2203589910254215,2.0933798890874407
30.0,90.0,260.75506591796875,-0.7235173814946477,0.2633142916060825,-3.729488048766044,-2.598819823759516,-1.5621266964312754,0.5837873023273118,-0.2228563854805409,2.2311934862750764,0.0184947537160842,1.5811522207979942
30.0,90.0,203.24859619140625,-0.9192315676381116,0.6919205216551769,-3.0556354367665235,-2.451509490379421,-1.3093301803592623,0.7055183031443459,-0.0108541801189103,2.503597830966404,0.1763286553760367,1.883109007204634
30.0,90.0,209.853515625,-0.6115977473066232,0.7776220381257966,-3.835539989399004,-2.6171739805113914,-1.275521664933832,0.7366176474541036,-0.0458302544230463,2.584816162634513,0.2980722673261389,2.069972514370848
30.0,90.0,151.47451782226562,-0.1418211981072229,1.412601979240955,-2.6557115778260787,-2.379498146467377,-1.1525648674504068,0.8199042572593136,-0.0853159925599691,2.5171243505357133,0.1283542900155694,1.8213361689400305
30.0,90.0,154.97901916503906,-0.1543950427739067,1.3835663937023943,-2.5098113937091924,-2.166905553941939,-1.0612230984733326,0.928346553310198,0.1248522238203028,2.5094366589298187,0.1429087496873865,1.8059396285908
30.0,90.0,245.99302673339844,-0.7494604562313425,0.5827624451646062,-3.1978432976312727,-2.930434860001456,-2.589522757468941,0.4511330050359632,-0.2349149109541924,2.459352546895984,0.2558733024443547,1.86071018527782
30.0,90.0,210.119873046875,-0.7610068930568665,0.5642124147423887,-3.726421416211226,-2.7995431788777383,-1.3708891968054873,0.679066308131347,0.0234932080174868,2.5843400721228726,0.297657964549431,2.1950618999519365
30.0,90.0,188.89675903320312,-0.262322680652829,1.2151290208786631,-2.4980908225041345,-2.2043390746018354,-1.1288980328792575,0.903602377854595,0.0501536476033018,2.495626338497884,0.1269798851290972,2.147628616879598
30.0,90.0,215.4642791748047,-0.619272128359899,1.0161821115856564,-3.392347947738536,-3.718930889608517,-1.3159031693529706,0.8296082231312336,0.0283507836533688,2.580653015910745,0.2883060967232943,2.043397947376025
30.0,90.0,205.575927734375,-0.8160173862793221,0.5906195673798553,-3.5501247184478806,-2.9220737949502533,-1.5276746941164658,0.7254873283981647,-0.0189028447691116,2.5943872451814447,0.2168908645567235,1.9760531472632008
30.0,90.0,200.966552734375,0.0511069574124457,1.747527639933753,-2.322465838549517,-2.385367672303049,-1.5689299050997256,0.7279599504360057,0.0318551325799721,2.538697767103279,0.2265852792998942,1.890549882815444
30.0,90.0,153.32322692871094,-0.2469255061733817,1.5109587309340438,-2.5725792082273338,-2.2820972719629884,-1.1743039417348822,0.9392735000097842,-0.02346056377755,2.5384977498792862,0.1391829116932507,1.7679616639714906
30.0,90.0,250.88189697265625,-0.7221421622355475,0.0875713897904714,-2.5109606836637552,-2.321004009327849,-1.4391490503760545,0.7462866713726329,0.05330843798363,2.626129362067425,0.0233932705561144,1.607297882428407
30.0,90.0,211.49984741210932,-0.6023430394608064,0.6862990325442788,-3.3371353581117207,-2.8851573211860253,-1.389844403508281,0.7960834819435386,-0.0731183203058278,2.570385485955568,0.1939850410112546,2.062637422407674
30.0,90.0,215.00582885742188,-1.3362269621506024,0.6909401133240985,-3.6958136060628175,-2.766535802928542,-1.578943155117534,0.5991151981177973,-0.0611612945314653,2.5056992509925267,0.0700747834210505,1.865374583499689
30.0,90.0,164.29824829101562,-0.2182807024527169,1.3075553644433655,-2.7169802224964386,-2.2927553080693177,-1.3421731508819263,0.7831666341277534,-0.0496333619459991,2.536361327936988,0.2124666788459562,2.0295842807859272
30.0,90.0,146.41009521484375,-0.1546360528340893,1.403427151820927,-2.5213709570690304,-2.245267582062948,-1.156558077988362,0.9282637220458408,0.0531707142082469,2.5349841252247765,0.1328863856366552,1.7947829312010335
30.0,90.0,157.4029998779297,-0.0456770941882355,1.5863363170176947,-2.56644752828971,-2.2438459484006232,-1.2793374196999965,0.5517380213899806,-0.0303154928660709,2.5362616215189875,0.1683646754718108,1.9087344575208447
30.0,90.0,173.00320434570312,-0.4374654517932287,1.2357249990135362,-2.79238402845472,-2.355827463102169,-1.220448700538539,0.8911572022735176,0.0642796433100644,2.564324926403032,0.1520911367781914,1.9022022776230323
30.0,91.0,214.22732543945312,-0.5709375357719852,0.6099977697356924,-3.140555826576952,-2.751540540879751,-1.5639863451240932,0.7150772700534826,-0.0298015949691891,2.517225884112829,0.2132561271602341,1.8995796105848937
30.0,91.0,201.4370574951172,-0.4540401323260987,0.8179070478135094,-3.314276906304189,-2.628539443785192,-1.3337882873665527,0.7127938785222587,-0.0269535484838654,2.590339428802196,0.2594558839508205,2.0689052243034824
30.0,91.0,216.8951416015625,-0.8209688307021434,0.7380708179123863,-3.421735287255472,-2.590285251222465,-1.155161557111979,0.7342647559357545,-0.0585356627712509,2.540457390469685,0.2245473946276626,2.0744917312299864
30.0,91.0,205.40724182128903,-1.2471719392371754,0.7338063691250966,-3.6956164114227614,-2.6893020048638974,-1.4361633841990469,0.7509499775402746,-0.0265320376388999,2.5844589496606782,0.2214973721181175,2.0621365244733765
30.0,91.0,203.8832092285156,-1.4790613265445376,0.7732738784922106,-3.3582703227624244,-2.695334901826924,-1.3453112019984668,0.7075198587616528,-0.0020897764918419,2.575840366118009,0.2040841445302196,2.0670954059278106
30.0,91.0,147.97607421875,-0.1753943806266924,1.395145652567223,-2.638932395765852,-2.214468329642911,-1.1318632073540378,0.903540100316074,0.0773086416309774,2.59866721862546,0.1378201062081425,1.882498542328312
30.0,91.0,185.0653686523437,-0.4142245386583997,1.4477108609956248,-2.5823062315438863,-2.164453658329141,-1.0361648330241349,0.7524905157490805,0.0663770822560962,2.5319006953094405,0.1196089891188965,1.9731892862038325
30.0,91.0,153.5360107421875,-0.1472970597599977,1.496576687889035,-2.509214933731729,-2.3400053962346385,-1.0829692326177185,0.926555888705432,0.1330865194917769,2.535578515963482,0.1584092438329615,1.7918650234217743
30.0,91.0,203.4140472412109,-0.5678473708618155,0.7799693007154738,-3.6749830968560486,-2.725391649065348,-1.3797502672892723,0.7480700850134762,-0.0265029683648772,2.586302994710479,0.2283338142204806,2.0667280186433774
30.0,91.0,217.80987548828125,-0.7399219093249991,0.6265199654248446,-3.3812386568411683,-3.115740592719888,-2.4970438835882924,0.4187495791001843,-0.1164287251613381,2.541142812644273,0.2703581298861386,2.0687642066891287
30.0,91.0,201.7044219970703,-0.6552952230338768,0.789537644755984,-3.131677153117997,-2.725862189701337,-1.327890814222953,0.7257755438118074,-0.0264966475501739,2.5879562114865826,0.2411740536822892,2.06908069814025
30.0,91.0,154.27999877929688,-0.2043021816725437,1.6172222072605178,-2.569907140296358,-2.2603344950090616,-1.1835250076227577,0.9225747529812937,0.0579203947063146,2.510962710221192,0.0670616546392125,1.72997771910741
30.0,91.0,207.52395629882807,-1.0172369141889488,0.5097226488719611,-3.674337809841004,-2.8353189978585056,-1.3644168602548383,0.7515932251121955,-0.0172059671688819,2.580125632767812,0.2261450789481383,2.063133829032119
30.0,91.0,175.8495330810547,-0.4775785043656096,1.232828352030302,-2.829773447056977,-2.384111755209133,-1.2235130123262596,0.8677996048050263,0.0581306772521697,2.565029186474866,0.1954501146382836,1.8987196644750453
30.0,91.0,221.4112243652344,-0.3577889705867167,0.8293934806643648,-3.3979003253151454,-2.7654536822693285,-1.6698577467448548,0.6572926121331348,0.0036915510580502,2.630194871551593,0.2211682507633885,2.2321347321959304
30.0,91.0,148.6250457763672,-0.1986492861108648,1.4209620232211004,-2.65459858518546,-2.257949075710216,-1.136677850453398,0.8572889993518071,0.1111603619959347,2.60279736794967,0.1589008643243573,1.9487578796654748
30.0,91.0,220.53668212890625,-1.2171966783311097,0.4756538204269566,-3.473961005955754,-3.088961056374514,-1.704597891261704,0.4920041034137272,-0.0918239354140258,2.562499878329205,0.3992523830963432,2.654374933471221
30.0,91.0,150.9752197265625,-0.1775624783970037,1.401633628584086,-2.709509538975155,-2.21492977136202,-1.1603965254135886,0.8315500045659168,0.0522790887871648,2.57576063415358,0.1270628370713633,1.6772362601068225
30.0,91.0,245.9429931640625,-0.8483266135729868,0.6453986865434707,-3.506552371550096,-3.271625883978806,-2.56814784519429,0.2147286641374462,-0.1436646083617611,2.4296898910346845,0.2413711030766583,2.371772908737178
30.0,91.0,220.6161956787109,-0.9503927517081534,0.677458880081766,-3.4985466721108613,-3.1419557166689587,-2.6450864950941537,0.7657276416976995,-0.0800017667336136,2.591298282155937,0.2318220931468717,1.9778696258291708
30.0,91.0,209.95681762695312,-0.8546054761373488,0.5561256830121146,-3.5196763665523463,-2.9998356632825494,-1.6631055522139582,0.5872105304760162,-0.0307104087849592,2.588951662564981,0.2473229352094717,1.9606851088631445
30.0,91.0,205.36083984375,-1.0410372824203336,0.7676645361621044,-3.3922084993722885,-2.757479147550971,-1.3696282247663814,0.7197802351399657,0.0253103845882088,2.591243372468218,0.2560553276800137,2.054097732849192
30.0,91.0,205.4263153076172,-1.0610826982318322,0.7387432132212964,-3.5269101097837323,-2.588175478326636,-1.3746018730768372,0.7544874944278932,-0.0259144887775997,2.5909527780546773,0.210068459110206,2.063579531483645
30.0,91.0,172.61151123046875,-0.1592416640714551,1.3781854332006982,-2.842439873240012,-2.5781979073611363,-1.1858615648576751,0.8182413546845793,-0.0201786099424935,2.54670396876944,0.0844296178985597,1.767456241439366
30.0,91.0,144.32171630859375,-0.1567597370205269,1.3895092158946387,-2.569657595449988,-2.243604837029796,-1.1516167881477226,0.8984333026920511,0.0548166478961312,2.5355142957097367,0.1352836858182341,1.7901371097300829
30.0,91.0,145.2047119140625,-0.1477976237940177,1.392680310215214,-2.532579821443925,-2.240551415351056,-1.1557647472069534,0.8741154020041527,0.0290850792770973,2.5416485961678577,0.2004377798493291,2.052579034713903
30.0,91.0,203.7299041748047,-1.4671963034076896,0.7718039591814964,-3.521820860113768,-2.7055890962796987,-1.3850800460590984,0.7492558679810841,0.0041742840984898,2.5864682179734686,0.2295821296873494,1.9406396168518183
30.0,91.0,240.0376892089844,-0.818985015422538,0.7325545795717203,-3.463958090524869,-3.1745869837099026,-1.9281247841715203,0.2058466922336207,-0.3766659363291286,2.6001316734345754,0.2265875295001577,2.1979228280822705
30.0,91.0,239.34703063964844,-0.5573109000134422,1.0820330890696988,-3.240952051214933,-3.640707829016172,-1.7737497179098791,0.4745016799634982,0.0314885242161033,2.6135288507269894,0.153150853889011,1.936260516662292
30.0,91.0,212.3438873291016,-1.557908792152764,0.7812118760917048,-3.276699207737689,-2.517975874158795,-1.3094452414096935,0.8953993694345304,0.0426183328891991,2.521546768070464,0.1659403421417329,1.953499831456992
30.0,91.0,210.02865600585932,-0.8580111126169524,0.7817574778197114,-3.3139554907647666,-2.747140032872876,-1.527584908101148,0.7203383849461824,0.0051663944622394,2.5105962979010927,0.2203589910254215,2.0933798890874407
30.0,91.0,260.75506591796875,-0.7235173814946477,0.2633142916060825,-3.729488048766044,-2.598819823759516,-1.5621266964312754,0.5837873023273118,-0.2228563854805409,2.2311934862750764,0.0184947537160842,1.5811522207979942
30.0,91.0,203.24859619140625,-0.9192315676381116,0.6919205216551769,-3.0556354367665235,-2.451509490379421,-1.3093301803592623,0.7055183031443459,-0.0108541801189103,2.503597830966404,0.1763286553760367,1.883109007204634
30.0,91.0,209.853515625,-0.6115977473066232,0.7776220381257966,-3.835539989399004,-2.6171739805113914,-1.275521664933832,0.7366176474541036,-0.0458302544230463,2.584816162634513,0.2980722673261389,2.069972514370848
30.0,91.0,151.47451782226562,-0.1418211981072229,1.412601979240955,-2.6557115778260787,-2.379498146467377,-1.1525648674504068,0.8199042572593136,-0.0853159925599691,2.5171243505357133,0.1283542900155694,1.8213361689400305
30.0,91.0,154.97901916503906,-0.1543950427739067,1.3835663937023943,-2.5098113937091924,-2.166905553941939,-1.0612230984733326,0.928346553310198,0.1248522238203028,2.5094366589298187,0.1429087496873865,1.8059396285908
30.0,91.0,245.99302673339844,-0.7494604562313425,0.5827624451646062,-3.1978432976312727,-2.930434860001456,-2.589522757468941,0.4511330050359632,-0.2349149109541924,2.459352546895984,0.2558733024443547,1.86071018527782
30.0,91.0,210.119873046875,-0.7610068930568665,0.5642124147423887,-3.726421416211226,-2.7995431788777383,-1.3708891968054873,0.679066308131347,0.0234932080174868,2.5843400721228726,0.297657964549431,2.1950618999519365
30.0,91.0,188.89675903320312,-0.262322680652829,1.2151290208786631,-2.4980908225041345,-2.2043390746018354,-1.1288980328792575,0.903602377854595,0.0501536476033018,2.495626338497884,0.1269798851290972,2.147628616879598
30.0,91.0,215.4642791748047,-0.619272128359899,1.0161821115856564,-3.392347947738536,-3.718930889608517,-1.3159031693529706,0.8296082231312336,0.0283507836533688,2.580653015910745,0.2883060967232943,2.043397947376025
30.0,91.0,205.575927734375,-0.8160173862793221,0.5906195673798553,-3.5501247184478806,-2.9220737949502533,-1.5276746941164658,0.7254873283981647,-0.0189028447691116,2.5943872451814447,0.2168908645567235,1.9760531472632008
30.0,91.0,200.966552734375,0.0511069574124457,1.747527639933753,-2.322465838549517,-2.385367672303049,-1.5689299050997256,0.7279599504360057,0.0318551325799721,2.538697767103279,0.2265852792998942,1.890549882815444
30.0,91.0,153.32322692871094,-0.2469255061733817,1.5109587309340438,-2.5725792082273338,-2.2820972719629884,-1.1743039417348822,0.9392735000097842,-0.02346056377755,2.5384977498792862,0.1391829116932507,1.7679616639714906
30.0,91.0,250.88189697265625,-0.7221421622355475,0.0875713897904714,-2.5109606836637552,-2.321004009327849,-1.4391490503760545,0.7462866713726329,0.05330843798363,2.626129362067425,0.0233932705561144,1.607297882428407
30.0,91.0,211.49984741210932,-0.6023430394608064,0.6862990325442788,-3.3371353581117207,-2.8851573211860253,-1.389844403508281,0.7960834819435386,-0.0731183203058278,2.570385485955568,0.1939850410112546,2.062637422407674
30.0,91.0,215.00582885742188,-1.3362269621506024,0.6909401133240985,-3.6958136060628175,-2.766535802928542,-1.578943155117534,0.5991151981177973,-0.0611612945314653,2.5056992509925267,0.0700747834210505,1.865374583499689
30.0,91.0,164.29824829101562,-0.2182807024527169,1.3075553644433655,-2.7169802224964386,-2.2927553080693177,-1.3421731508819263,0.7831666341277534,-0.0496333619459991,2.536361327936988,0.2124666788459562,2.0295842807859272
30.0,91.0,146.41009521484375,-0.1546360528340893,1.403427151820927,-2.5213709570690304,-2.245267582062948,-1.156558077988362,0.9282637220458408,0.0531707142082469,2.5349841252247765,0.1328863856366552,1.7947829312010335
30.0,91.0,157.4029998779297,-0.0456770941882355,1.5863363170176947,-2.56644752828971,-2.2438459484006232,-1.2793374196999965,0.5517380213899806,-0.0303154928660709,2.5362616215189875,0.1683646754718108,1.9087344575208447
30.0,91.0,173.00320434570312,-0.4374654517932287,1.2357249990135362,-2.79238402845472,-2.355827463102169,-1.220448700538539,0.8911572022735176,0.0642796433100644,2.564324926403032,0.1520911367781914,1.9022022776230323
30.0,92.0,214.22732543945312,-0.5709375357719852,0.6099977697356924,-3.140555826576952,-2.751540540879751,-1.5639863451240932,0.7150772700534826,-0.0298015949691891,2.517225884112829,0.2132561271602341,1.8995796105848937
30.0,92.0,201.4370574951172,-0.4540401323260987,0.8179070478135094,-3.314276906304189,-2.628539443785192,-1.3337882873665527,0.7127938785222587,-0.0269535484838654,2.590339428802196,0.2594558839508205,2.0689052243034824
30.0,92.0,216.8951416015625,-0.8209688307021434,0.7380708179123863,-3.421735287255472,-2.590285251222465,-1.155161557111979,0.7342647559357545,-0.0585356627712509,2.540457390469685,0.2245473946276626,2.0744917312299864
30.0,92.0,205.40724182128903,-1.2471719392371754,0.7338063691250966,-3.6956164114227614,-2.6893020048638974,-1.4361633841990469,0.7509499775402746,-0.0265320376388999,2.5844589496606782,0.2214973721181175,2.0621365244733765
30.0,92.0,203.8832092285156,-1.4790613265445376,0.7732738784922106,-3.3582703227624244,-2.695334901826924,-1.3453112019984668,0.7075198587616528,-0.0020897764918419,2.575840366118009,0.2040841445302196,2.0670954059278106
30.0,92.0,147.97607421875,-0.1753943806266924,1.395145652567223,-2.638932395765852,-2.214468329642911,-1.1318632073540378,0.903540100316074,0.0773086416309774,2.59866721862546,0.1378201062081425,1.882498542328312
30.0,92.0,185.0653686523437,-0.4142245386583997,1.4477108609956248,-2.5823062315438863,-2.164453658329141,-1.0361648330241349,0.7524905157490805,0.0663770822560962,2.5319006953094405,0.1196089891188965,1.9731892862038325
30.0,92.0,153.5360107421875,-0.1472970597599977,1.496576687889035,-2.509214933731729,-2.3400053962346385,-1.0829692326177185,0.926555888705432,0.1330865194917769,2.535578515963482,0.1584092438329615,1.7918650234217743
30.0,92.0,203.4140472412109,-0.5678473708618155,0.7799693007154738,-3.6749830968560486,-2.725391649065348,-1.3797502672892723,0.7480700850134762,-0.0265029683648772,2.586302994710479,0.2283338142204806,2.0667280186433774
30.0,92.0,217.80987548828125,-0.7399219093249991,0.6265199654248446,-3.3812386568411683,-3.115740592719888,-2.4970438835882924,0.4187495791001843,-0.1164287251613381,2.541142812644273,0.2703581298861386,2.0687642066891287
30.0,92.0,201.7044219970703,-0.6552952230338768,0.789537644755984,-3.131677153117997,-2.725862189701337,-1.327890814222953,0.7257755438118074,-0.0264966475501739,2.5879562114865826,0.2411740536822892,2.06908069814025
30.0,92.0,154.27999877929688,-0.2043021816725437,1.6172222072605178,-2.569907140296358,-2.2603344950090616,-1.1835250076227577,0.9225747529812937,0.0579203947063146,2.510962710221192,0.0670616546392125,1.72997771910741
30.0,92.0,207.52395629882807,-1.0172369141889488,0.5097226488719611,-3.674337809841004,-2.8353189978585056,-1.3644168602548383,0.7515932251121955,-0.0172059671688819,2.580125632767812,0.2261450789481383,2.063133829032119
30.0,92.0,175.8495330810547,-0.4775785043656096,1.232828352030302,-2.829773447056977,-2.384111755209133,-1.2235130123262596,0.8677996048050263,0.0581306772521697,2.565029186474866,0.1954501146382836,1.8987196644750453
30.0,92.0,221.4112243652344,-0.3577889705867167,0.8293934806643648,-3.3979003253151454,-2.7654536822693285,-1.6698577467448548,0.6572926121331348,0.0036915510580502,2.630194871551593,0.2211682507633885,2.2321347321959304
30.0,92.0,148.6250457763672,-0.1986492861108648,1.4209620232211004,-2.65459858518546,-2.257949075710216,-1.136677850453398,0.8572889993518071,0.1111603619959347,2.60279736794967,0.1589008643243573,1.9487578796654748
30.0,92.0,220.53668212890625,-1.2171966783311097,0.4756538204269566,-3.473961005955754,-3.088961056374514,-1.704597891261704,0.4920041034137272,-0.0918239354140258,2.562499878329205,0.3992523830963432,2.654374933471221
30.0,92.0,150.9752197265625,-0.1775624783970037,1.401633628584086,-2.709509538975155,-2.21492977136202,-1.1603965254135886,0.8315500045659168,0.0522790887871648,2.57576063415358,0.1270628370713633,1.6772362601068225
30.0,92.0,245.9429931640625,-0.8483266135729868,0.6453986865434707,-3.506552371550096,-3.271625883978806,-2.56814784519429,0.2147286641374462,-0.1436646083617611,2.4296898910346845,0.2413711030766583,2.371772908737178
30.0,92.0,220.6161956787109,-0.9503927517081534,0.677458880081766,-3.4985466721108613,-3.1419557166689587,-2.6450864950941537,0.7657276416976995,-0.0800017667336136,2.591298282155937,0.2318220931468717,1.9778696258291708
30.0,92.0,209.95681762695312,-0.8546054761373488,0.5561256830121146,-3.5196763665523463,-2.9998356632825494,-1.6631055522139582,0.5872105304760162,-0.0307104087849592,2.588951662564981,0.2473229352094717,1.9606851088631445
30.0,92.0,205.36083984375,-1.0410372824203336,0.7676645361621044,-3.3922084993722885,-2.757479147550971,-1.3696282247663814,0.7197802351399657,0.0253103845882088,2.591243372468218,0.2560553276800137,2.054097732849192
30.0,92.0,205.4263153076172,-1.0610826982318322,0.7387432132212964,-3.5269101097837323,-2.588175478326636,-1.3746018730768372,0.7544874944278932,-0.0259144887775997,2.5909527780546773,0.210068459110206,2.063579531483645
30.0,92.0,172.61151123046875,-0.1592416640714551,1.3781854332006982,-2.842439873240012,-2.5781979073611363,-1.1858615648576751,0.8182413546845793,-0.0201786099424935,2.54670396876944,0.0844296178985597,1.767456241439366
30.0,92.0,144.32171630859375,-0.1567597370205269,1.3895092158946387,-2.569657595449988,-2.243604837029796,-1.1516167881477226,0.8984333026920511,0.0548166478961312,2.5355142957097367,0.1352836858182341,1.7901371097300829
30.0,92.0,145.2047119140625,-0.1477976237940177,1.392680310215214,-2.532579821443925,-2.240551415351056,-1.1557647472069534,0.8741154020041527,0.0290850792770973,2.5416485961678577,0.2004377798493291,2.052579034713903
30.0,92.0,203.7299041748047,-1.4671963034076896,0.7718039591814964,-3.521820860113768,-2.7055890962796987,-1.3850800460590984,0.7492558679810841,0.0041742840984898,2.5864682179734686,0.2295821296873494,1.9406396168518183
30.0,92.0,240.0376892089844,-0.818985015422538,0.7325545795717203,-3.463958090524869,-3.1745869837099026,-1.9281247841715203,0.2058466922336207,-0.3766659363291286,2.6001316734345754,0.2265875295001577,2.1979228280822705
30.0,92.0,239.34703063964844,-0.5573109000134422,1.0820330890696988,-3.240952051214933,-3.640707829016172,-1.7737497179098791,0.4745016799634982,0.0314885242161033,2.6135288507269894,0.153150853889011,1.936260516662292
30.0,92.0,212.3438873291016,-1.557908792152764,0.7812118760917048,-3.276699207737689,-2.517975874158795,-1.3094452414096935,0.8953993694345304,0.0426183328891991,2.521546768070464,0.1659403421417329,1.953499831456992
30.0,92.0,210.02865600585932,-0.8580111126169524,0.7817574778197114,-3.3139554907647666,-2.747140032872876,-1.527584908101148,0.7203383849461824,0.0051663944622394,2.5105962979010927,0.2203589910254215,2.0933798890874407
30.0,92.0,260.75506591796875,-0.7235173814946477,0.2633142916060825,-3.729488048766044,-2.598819823759516,-1.5621266964312754,0.5837873023273118,-0.2228563854805409,2.2311934862750764,0.0184947537160842,1.5811522207979942
30.0,92.0,203.24859619140625,-0.9192315676381116,0.6919205216551769,-3.0556354367665235,-2.451509490379421,-1.3093301803592623,0.7055183031443459,-0.0108541801189103,2.503597830966404,0.1763286553760367,1.883109007204634
30.0,92.0,209.853515625,-0.6115977473066232,0.7776220381257966,-3.835539989399004,-2.6171739805113914,-1.275521664933832,0.7366176474541036,-0.0458302544230463,2.584816162634513,0.2980722673261389,2.069972514370848
30.0,92.0,151.47451782226562,-0.1418211981072229,1.412601979240955,-2.6557115778260787,-2.379498146467377,-1.1525648674504068,0.8199042572593136,-0.0853159925599691,2.5171243505357133,0.1283542900155694,1.8213361689400305
30.0,92.0,154.97901916503906,-0.1543950427739067,1.3835663937023943,-2.5098113937091924,-2.166905553941939,-1.0612230984733326,0.928346553310198,0.1248522238203028,2.5094366589298187,0.1429087496873865,1.8059396285908
30.0,92.0,245.99302673339844,-0.7494604562313425,0.5827624451646062,-3.1978432976312727,-2.930434860001456,-2.589522757468941,0.4511330050359632,-0.2349149109541924,2.459352546895984,0.2558733024443547,1.86071018527782
30.0,92.0,210.119873046875,-0.7610068930568665,0.5642124147423887,-3.726421416211226,-2.7995431788777383,-1.3708891968054873,0.679066308131347,0.0234932080174868,2.5843400721228726,0.297657964549431,2.1950618999519365
30.0,92.0,144.38113403320312,-0.1239302614565262,1.4020931441231452,-2.5059017792457428,-2.256944813313996,-1.144722575789511,0.8719787057394687,0.0461031945591192,2.523262375627505,0.1330768290102388,1.7838718084527925
30.0,92.0,215.4642791748047,-0.619272128359899,1.0161821115856564,-3.392347947738536,-3.718930889608517,-1.3159031693529706,0.8296082231312336,0.0283507836533688,2.580653015910745,0.2883060967232943,2.043397947376025
30.0,92.0,205.575927734375,-0.8160173862793221,0.5906195673798553,-3.5501247184478806,-2.9220737949502533,-1.5276746941164658,0.7254873283981647,-0.0189028447691116,2.5943872451814447,0.2168908645567235,1.9760531472632008
30.0,92.0,200.966552734375,0.0511069574124457,1.747527639933753,-2.322465838549517,-2.385367672303049,-1.5689299050997256,0.7279599504360057,0.0318551325799721,2.538697767103279,0.2265852792998942,1.890549882815444
30.0,92.0,153.32322692871094,-0.2469255061733817,1.5109587309340438,-2.5725792082273338,-2.2820972719629884,-1.1743039417348822,0.9392735000097842,-0.02346056377755,2.5384977498792862,0.1391829116932507,1.7679616639714906
30.0,92.0,250.88189697265625,-0.7221421622355475,0.0875713897904714,-2.5109606836637552,-2.321004009327849,-1.4391490503760545,0.7462866713726329,0.05330843798363,2.626129362067425,0.0233932705561144,1.607297882428407
30.0,92.0,211.49984741210932,-0.6023430394608064,0.6862990325442788,-3.3371353581117207,-2.8851573211860253,-1.389844403508281,0.7960834819435386,-0.0731183203058278,2.570385485955568,0.1939850410112546,2.062637422407674
30.0,92.0,215.00582885742188,-1.3362269621506024,0.6909401133240985,-3.6958136060628175,-2.766535802928542,-1.578943155117534,0.5991151981177973,-0.0611612945314653,2.5056992509925267,0.0700747834210505,1.865374583499689
30.0,92.0,164.29824829101562,-0.2182807024527169,1.3075553644433655,-2.7169802224964386,-2.2927553080693177,-1.3421731508819263,0.7831666341277534,-0.0496333619459991,2.536361327936988,0.2124666788459562,2.0295842807859272
30.0,92.0,146.41009521484375,-0.1546360528340893,1.403427151820927,-2.5213709570690304,-2.245267582062948,-1.156558077988362,0.9282637220458408,0.0531707142082469,2.5349841252247765,0.1328863856366552,1.7947829312010335
30.0,92.0,157.4029998779297,-0.0456770941882355,1.5863363170176947,-2.56644752828971,-2.2438459484006232,-1.2793374196999965,0.5517380213899806,-0.0303154928660709,2.5362616215189875,0.1683646754718108,1.9087344575208447
30.0,92.0,173.00320434570312,-0.4374654517932287,1.2357249990135362,-2.79238402845472,-2.355827463102169,-1.220448700538539,0.8911572022735176,0.0642796433100644,2.564324926403032,0.1520911367781914,1.9022022776230323
30.0,93.0,214.22732543945312,-0.5709375357719852,0.6099977697356924,-3.140555826576952,-2.751540540879751,-1.5639863451240932,0.7150772700534826,-0.0298015949691891,2.517225884112829,0.2132561271602341,1.8995796105848937
30.0,93.0,201.4370574951172,-0.4540401323260987,0.8179070478135094,-3.314276906304189,-2.628539443785192,-1.3337882873665527,0.7127938785222587,-0.0269535484838654,2.590339428802196,0.2594558839508205,2.0689052243034824
30.0,93.0,216.8951416015625,-0.8209688307021434,0.7380708179123863,-3.421735287255472,-2.590285251222465,-1.155161557111979,0.7342647559357545,-0.0585356627712509,2.540457390469685,0.2245473946276626,2.0744917312299864
30.0,93.0,205.40724182128903,-1.2471719392371754,0.7338063691250966,-3.6956164114227614,-2.6893020048638974,-1.4361633841990469,0.7509499775402746,-0.0265320376388999,2.5844589496606782,0.2214973721181175,2.0621365244733765
30.0,93.0,203.8832092285156,-1.4790613265445376,0.7732738784922106,-3.3582703227624244,-2.695334901826924,-1.3453112019984668,0.7075198587616528,-0.0020897764918419,2.575840366118009,0.2040841445302196,2.0670954059278106
30.0,93.0,147.97607421875,-0.1753943806266924,1.395145652567223,-2.638932395765852,-2.214468329642911,-1.1318632073540378,0.903540100316074,0.0773086416309774,2.59866721862546,0.1378201062081425,1.882498542328312
30.0,93.0,185.0653686523437,-0.4142245386583997,1.4477108609956248,-2.5823062315438863,-2.164453658329141,-1.0361648330241349,0.7524905157490805,0.0663770822560962,2.5319006953094405,0.1196089891188965,1.9731892862038325
30.0,93.0,153.5360107421875,-0.1472970597599977,1.496576687889035,-2.509214933731729,-2.3400053962346385,-1.0829692326177185,0.926555888705432,0.1330865194917769,2.535578515963482,0.1584092438329615,1.7918650234217743
30.0,93.0,203.4140472412109,-0.5678473708618155,0.7799693007154738,-3.6749830968560486,-2.725391649065348,-1.3797502672892723,0.7480700850134762,-0.0265029683648772,2.586302994710479,0.2283338142204806,2.0667280186433774
30.0,93.0,217.80987548828125,-0.7399219093249991,0.6265199654248446,-3.3812386568411683,-3.115740592719888,-2.4970438835882924,0.4187495791001843,-0.1164287251613381,2.541142812644273,0.2703581298861386,2.0687642066891287
30.0,93.0,201.7044219970703,-0.6552952230338768,0.789537644755984,-3.131677153117997,-2.725862189701337,-1.327890814222953,0.7257755438118074,-0.0264966475501739,2.5879562114865826,0.2411740536822892,2.06908069814025
30.0,93.0,147.891357421875,-0.1514091369466303,1.4226389789124485,-2.472524968969882,-2.254424289313682,-1.1299876004624414,0.8644690781454691,0.0585394553690915,2.540678788711155,0.0481537576306037,1.7177539918371183
30.0,93.0,207.52395629882807,-1.0172369141889488,0.5097226488719611,-3.674337809841004,-2.8353189978585056,-1.3644168602548383,0.7515932251121955,-0.0172059671688819,2.580125632767812,0.2261450789481383,2.063133829032119
30.0,93.0,175.8495330810547,-0.4775785043656096,1.232828352030302,-2.829773447056977,-2.384111755209133,-1.2235130123262596,0.8677996048050263,0.0581306772521697,2.565029186474866,0.1954501146382836,1.8987196644750453
30.0,93.0,221.4112243652344,-0.3577889705867167,0.8293934806643648,-3.3979003253151454,-2.7654536822693285,-1.6698577467448548,0.6572926121331348,0.0036915510580502,2.630194871551593,0.2211682507633885,2.2321347321959304
30.0,93.0,148.6250457763672,-0.1986492861108648,1.4209620232211004,-2.65459858518546,-2.257949075710216,-1.136677850453398,0.8572889993518071,0.1111603619959347,2.60279736794967,0.1589008643243573,1.9487578796654748
30.0,93.0,220.53668212890625,-1.2171966783311097,0.4756538204269566,-3.473961005955754,-3.088961056374514,-1.704597891261704,0.4920041034137272,-0.0918239354140258,2.562499878329205,0.3992523830963432,2.654374933471221
30.0,93.0,150.9752197265625,-0.1775624783970037,1.401633628584086,-2.709509538975155,-2.21492977136202,-1.1603965254135886,0.8315500045659168,0.0522790887871648,2.57576063415358,0.1270628370713633,1.6772362601068225
30.0,93.0,245.9429931640625,-0.8483266135729868,0.6453986865434707,-3.506552371550096,-3.271625883978806,-2.56814784519429,0.2147286641374462,-0.1436646083617611,2.4296898910346845,0.2413711030766583,2.371772908737178
30.0,93.0,220.6161956787109,-0.9503927517081534,0.677458880081766,-3.4985466721108613,-3.1419557166689587,-2.6450864950941537,0.7657276416976995,-0.0800017667336136,2.591298282155937,0.2318220931468717,1.9778696258291708
30.0,93.0,209.95681762695312,-0.8546054761373488,0.5561256830121146,-3.5196763665523463,-2.9998356632825494,-1.6631055522139582,0.5872105304760162,-0.0307104087849592,2.588951662564981,0.2473229352094717,1.9606851088631445
30.0,93.0,205.36083984375,-1.0410372824203336,0.7676645361621044,-3.3922084993722885,-2.757479147550971,-1.3696282247663814,0.7197802351399657,0.0253103845882088,2.591243372468218,0.2560553276800137,2.054097732849192
30.0,93.0,205.4263153076172,-1.0610826982318322,0.7387432132212964,-3.5269101097837323,-2.588175478326636,-1.3746018730768372,0.7544874944278932,-0.0259144887775997,2.5909527780546773,0.210068459110206,2.063579531483645
30.0,93.0,172.61151123046875,-0.1592416640714551,1.3781854332006982,-2.842439873240012,-2.5781979073611363,-1.1858615648576751,0.8182413546845793,-0.0201786099424935,2.54670396876944,0.0844296178985597,1.767456241439366
30.0,93.0,144.32171630859375,-0.1567597370205269,1.3895092158946387,-2.569657595449988,-2.243604837029796,-1.1516167881477226,0.8984333026920511,0.0548166478961312,2.5355142957097367,0.1352836858182341,1.7901371097300829
30.0,93.0,145.2047119140625,-0.1477976237940177,1.392680310215214,-2.532579821443925,-2.240551415351056,-1.1557647472069534,0.8741154020041527,0.0290850792770973,2.5416485961678577,0.2004377798493291,2.052579034713903
30.0,93.0,203.7299041748047,-1.4671963034076896,0.7718039591814964,-3.521820860113768,-2.7055890962796987,-1.3850800460590984,0.7492558679810841,0.0041742840984898,2.5864682179734686,0.2295821296873494,1.9406396168518183
30.0,93.0,240.0376892089844,-0.818985015422538,0.7325545795717203,-3.463958090524869,-3.1745869837099026,-1.9281247841715203,0.2058466922336207,-0.3766659363291286,2.6001316734345754,0.2265875295001577,2.1979228280822705
30.0,93.0,239.34703063964844,-0.5573109000134422,1.0820330890696988,-3.240952051214933,-3.640707829016172,-1.7737497179098791,0.4745016799634982,0.0314885242161033,2.6135288507269894,0.153150853889011,1.936260516662292
30.0,93.0,212.3438873291016,-1.557908792152764,0.7812118760917048,-3.276699207737689,-2.517975874158795,-1.3094452414096935,0.8953993694345304,0.0426183328891991,2.521546768070464,0.1659403421417329,1.953499831456992
30.0,93.0,210.02865600585932,-0.8580111126169524,0.7817574778197114,-3.3139554907647666,-2.747140032872876,-1.527584908101148,0.7203383849461824,0.0051663944622394,2.5105962979010927,0.2203589910254215,2.0933798890874407
30.0,93.0,260.75506591796875,-0.7235173814946477,0.2633142916060825,-3.729488048766044,-2.598819823759516,-1.5621266964312754,0.5837873023273118,-0.2228563854805409,2.2311934862750764,0.0184947537160842,1.5811522207979942
30.0,93.0,203.24859619140625,-0.9192315676381116,0.6919205216551769,-3.0556354367665235,-2.451509490379421,-1.3093301803592623,0.7055183031443459,-0.0108541801189103,2.503597830966404,0.1763286553760367,1.883109007204634
30.0,93.0,209.853515625,-0.6115977473066232,0.7776220381257966,-3.835539989399004,-2.6171739805113914,-1.275521664933832,0.7366176474541036,-0.0458302544230463,2.584816162634513,0.2980722673261389,2.069972514370848
30.0,93.0,151.47451782226562,-0.1418211981072229,1.412601979240955,-2.6557115778260787,-2.379498146467377,-1.1525648674504068,0.8199042572593136,-0.0853159925599691,2.5171243505357133,0.1283542900155694,1.8213361689400305
30.0,93.0,154.97901916503906,-0.1543950427739067,1.3835663937023943,-2.5098113937091924,-2.166905553941939,-1.0612230984733326,0.928346553310198,0.1248522238203028,2.5094366589298187,0.1429087496873865,1.8059396285908
30.0,93.0,245.99302673339844,-0.7494604562313425,0.5827624451646062,-3.1978432976312727,-2.930434860001456,-2.589522757468941,0.4511330050359632,-0.2349149109541924,2.459352546895984,0.2558733024443547,1.86071018527782
30.0,93.0,210.119873046875,-0.7610068930568665,0.5642124147423887,-3.726421416211226,-2.7995431788777383,-1.3708891968054873,0.679066308131347,0.0234932080174868,2.5843400721228726,0.297657964549431,2.1950618999519365
30.0,93.0,144.38113403320312,-0.1239302614565262,1.4020931441231452,-2.5059017792457428,-2.256944813313996,-1.144722575789511,0.8719787057394687,0.0461031945591192,2.523262375627505,0.1330768290102388,1.7838718084527925
30.0,93.0,215.4642791748047,-0.619272128359899,1.0161821115856564,-3.392347947738536,-3.718930889608517,-1.3159031693529706,0.8296082231312336,0.0283507836533688,2.580653015910745,0.2883060967232943,2.043397947376025
30.0,93.0,205.575927734375,-0.8160173862793221,0.5906195673798553,-3.5501247184478806,-2.9220737949502533,-1.5276746941164658,0.7254873283981647,-0.0189028447691116,2.5943872451814447,0.2168908645567235,1.9760531472632008
30.0,93.0,200.966552734375,0.0511069574124457,1.747527639933753,-2.322465838549517,-2.385367672303049,-1.5689299050997256,0.7279599504360057,0.0318551325799721,2.538697767103279,0.2265852792998942,1.890549882815444
30.0,93.0,153.32322692871094,-0.2469255061733817,1.5109587309340438,-2.5725792082273338,-2.2820972719629884,-1.1743039417348822,0.9392735000097842,-0.02346056377755,2.5384977498792862,0.1391829116932507,1.7679616639714906
30.0,93.0,250.88189697265625,-0.7221421622355475,0.0875713897904714,-2.5109606836637552,-2.321004009327849,-1.4391490503760545,0.7462866713726329,0.05330843798363,2.626129362067425,0.0233932705561144,1.607297882428407
30.0,93.0,211.49984741210932,-0.6023430394608064,0.6862990325442788,-3.3371353581117207,-2.8851573211860253,-1.389844403508281,0.7960834819435386,-0.0731183203058278,2.570385485955568,0.1939850410112546,2.062637422407674
30.0,93.0,203.5377197265625,-0.7554581713797442,0.5923854189498861,-3.044490820697141,-2.484803336870788,-1.3228756579212249,0.7903576123627445,-0.0791024217178839,2.4920453876996134,0.1334636090779443,1.7953664526480333
30.0,93.0,164.29824829101562,-0.2182807024527169,1.3075553644433655,-2.7169802224964386,-2.2927553080693177,-1.3421731508819263,0.7831666341277534,-0.0496333619459991,2.536361327936988,0.2124666788459562,2.0295842807859272
30.0,93.0,146.41009521484375,-0.1546360528340893,1.403427151820927,-2.5213709570690304,-2.245267582062948,-1.156558077988362,0.9282637220458408,0.0531707142082469,2.5349841252247765,0.1328863856366552,1.7947829312010335
30.0,93.0,157.4029998779297,-0.0456770941882355,1.5863363170176947,-2.56644752828971,-2.2438459484006232,-1.2793374196999965,0.5517380213899806,-0.0303154928660709,2.5362616215189875,0.1683646754718108,1.9087344575208447
30.0,93.0,173.00320434570312,-0.4374654517932287,1.2357249990135362,-2.79238402845472,-2.355827463102169,-1.220448700538539,0.8911572022735176,0.0642796433100644,2.564324926403032,0.1520911367781914,1.9022022776230323
30.0,94.0,214.22732543945312,-0.5709375357719852,0.6099977697356924,-3.140555826576952,-2.751540540879751,-1.5639863451240932,0.7150772700534826,-0.0298015949691891,2.517225884112829,0.2132561271602341,1.8995796105848937
30.0,94.0,201.4370574951172,-0.4540401323260987,0.8179070478135094,-3.314276906304189,-2.628539443785192,-1.3337882873665527,0.7127938785222587,-0.0269535484838654,2.590339428802196,0.2594558839508205,2.0689052243034824
30.0,94.0,216.8951416015625,-0.8209688307021434,0.7380708179123863,-3.421735287255472,-2.590285251222465,-1.155161557111979,0.7342647559357545,-0.0585356627712509,2.540457390469685,0.2245473946276626,2.0744917312299864
30.0,94.0,205.40724182128903,-1.2471719392371754,0.7338063691250966,-3.6956164114227614,-2.6893020048638974,-1.4361633841990469,0.7509499775402746,-0.0265320376388999,2.5844589496606782,0.2214973721181175,2.0621365244733765
30.0,94.0,203.8832092285156,-1.4790613265445376,0.7732738784922106,-3.3582703227624244,-2.695334901826924,-1.3453112019984668,0.7075198587616528,-0.0020897764918419,2.575840366118009,0.2040841445302196,2.0670954059278106
30.0,94.0,147.97607421875,-0.1753943806266924,1.395145652567223,-2.638932395765852,-2.214468329642911,-1.1318632073540378,0.903540100316074,0.0773086416309774,2.59866721862546,0.1378201062081425,1.882498542328312
30.0,94.0,185.0653686523437,-0.4142245386583997,1.4477108609956248,-2.5823062315438863,-2.164453658329141,-1.0361648330241349,0.7524905157490805,0.0663770822560962,2.5319006953094405,0.1196089891188965,1.9731892862038325
30.0,94.0,148.7598114013672,-0.1508725484502137,1.5329507562315912,-2.454079572578232,-2.3065682349494825,-1.0810491372799909,0.9058194286717788,0.0879127762931579,2.535574533587188,0.1719140720173182,1.7922382360912594
30.0,94.0,203.4140472412109,-0.5678473708618155,0.7799693007154738,-3.6749830968560486,-2.725391649065348,-1.3797502672892723,0.7480700850134762,-0.0265029683648772,2.586302994710479,0.2283338142204806,2.0667280186433774
30.0,94.0,217.80987548828125,-0.7399219093249991,0.6265199654248446,-3.3812386568411683,-3.115740592719888,-2.4970438835882924,0.4187495791001843,-0.1164287251613381,2.541142812644273,0.2703581298861386,2.0687642066891287
30.0,94.0,201.7044219970703,-0.6552952230338768,0.789537644755984,-3.131677153117997,-2.725862189701337,-1.327890814222953,0.7257755438118074,-0.0264966475501739,2.5879562114865826,0.2411740536822892,2.06908069814025
30.0,94.0,147.891357421875,-0.1514091369466303,1.4226389789124485,-2.472524968969882,-2.254424289313682,-1.1299876004624414,0.8644690781454691,0.0585394553690915,2.540678788711155,0.0481537576306037,1.7177539918371183
30.0,94.0,207.52395629882807,-1.0172369141889488,0.5097226488719611,-3.674337809841004,-2.8353189978585056,-1.3644168602548383,0.7515932251121955,-0.0172059671688819,2.580125632767812,0.2261450789481383,2.063133829032119
30.0,94.0,175.8495330810547,-0.4775785043656096,1.232828352030302,-2.829773447056977,-2.384111755209133,-1.2235130123262596,0.8677996048050263,0.0581306772521697,2.565029186474866,0.1954501146382836,1.8987196644750453
30.0,94.0,221.4112243652344,-0.3577889705867167,0.8293934806643648,-3.3979003253151454,-2.7654536822693285,-1.6698577467448548,0.6572926121331348,0.0036915510580502,2.630194871551593,0.2211682507633885,2.2321347321959304
30.0,94.0,148.6250457763672,-0.1986492861108648,1.4209620232211004,-2.65459858518546,-2.257949075710216,-1.136677850453398,0.8572889993518071,0.1111603619959347,2.60279736794967,0.1589008643243573,1.9487578796654748
30.0,94.0,220.53668212890625,-1.2171966783311097,0.4756538204269566,-3.473961005955754,-3.088961056374514,-1.704597891261704,0.4920041034137272,-0.0918239354140258,2.562499878329205,0.3992523830963432,2.654374933471221
30.0,94.0,150.9752197265625,-0.1775624783970037,1.401633628584086,-2.709509538975155,-2.21492977136202,-1.1603965254135886,0.8315500045659168,0.0522790887871648,2.57576063415358,0.1270628370713633,1.6772362601068225
30.0,94.0,245.9429931640625,-0.8483266135729868,0.6453986865434707,-3.506552371550096,-3.271625883978806,-2.56814784519429,0.2147286641374462,-0.1436646083617611,2.4296898910346845,0.2413711030766583,2.371772908737178
30.0,94.0,220.6161956787109,-0.9503927517081534,0.677458880081766,-3.4985466721108613,-3.1419557166689587,-2.6450864950941537,0.7657276416976995,-0.0800017667336136,2.591298282155937,0.2318220931468717,1.9778696258291708
30.0,94.0,209.95681762695312,-0.8546054761373488,0.5561256830121146,-3.5196763665523463,-2.9998356632825494,-1.6631055522139582,0.5872105304760162,-0.0307104087849592,2.588951662564981,0.2473229352094717,1.9606851088631445
30.0,94.0,205.36083984375,-1.0410372824203336,0.7676645361621044,-3.3922084993722885,-2.757479147550971,-1.3696282247663814,0.7197802351399657,0.0253103845882088,2.591243372468218,0.2560553276800137,2.054097732849192
30.0,94.0,205.4263153076172,-1.0610826982318322,0.7387432132212964,-3.5269101097837323,-2.588175478326636,-1.3746018730768372,0.7544874944278932,-0.0259144887775997,2.5909527780546773,0.210068459110206,2.063579531483645
30.0,94.0,172.61151123046875,-0.1592416640714551,1.3781854332006982,-2.842439873240012,-2.5781979073611363,-1.1858615648576751,0.8182413546845793,-0.0201786099424935,2.54670396876944,0.0844296178985597,1.767456241439366
30.0,94.0,144.32171630859375,-0.1567597370205269,1.3895092158946387,-2.569657595449988,-2.243604837029796,-1.1516167881477226,0.8984333026920511,0.0548166478961312,2.5355142957097367,0.1352836858182341,1.7901371097300829
30.0,94.0,145.2047119140625,-0.1477976237940177,1.392680310215214,-2.532579821443925,-2.240551415351056,-1.1557647472069534,0.8741154020041527,0.0290850792770973,2.5416485961678577,0.2004377798493291,2.052579034713903
30.0,94.0,203.7299041748047,-1.4671963034076896,0.7718039591814964,-3.521820860113768,-2.7055890962796987,-1.3850800460590984,0.7492558679810841,0.0041742840984898,2.5864682179734686,0.2295821296873494,1.9406396168518183
30.0,94.0,240.0376892089844,-0.818985015422538,0.7325545795717203,-3.463958090524869,-3.1745869837099026,-1.9281247841715203,0.2058466922336207,-0.3766659363291286,2.6001316734345754,0.2265875295001577,2.1979228280822705
30.0,94.0,239.34703063964844,-0.5573109000134422,1.0820330890696988,-3.240952051214933,-3.640707829016172,-1.7737497179098791,0.4745016799634982,0.0314885242161033,2.6135288507269894,0.153150853889011,1.936260516662292
30.0,94.0,212.3438873291016,-1.557908792152764,0.7812118760917048,-3.276699207737689,-2.517975874158795,-1.3094452414096935,0.8953993694345304,0.0426183328891991,2.521546768070464,0.1659403421417329,1.953499831456992
30.0,94.0,210.02865600585932,-0.8580111126169524,0.7817574778197114,-3.3139554907647666,-2.747140032872876,-1.527584908101148,0.7203383849461824,0.0051663944622394,2.5105962979010927,0.2203589910254215,2.0933798890874407
30.0,94.0,260.75506591796875,-0.7235173814946477,0.2633142916060825,-3.729488048766044,-2.598819823759516,-1.5621266964312754,0.5837873023273118,-0.2228563854805409,2.2311934862750764,0.0184947537160842,1.5811522207979942
30.0,94.0,203.24859619140625,-0.9192315676381116,0.6919205216551769,-3.0556354367665235,-2.451509490379421,-1.3093301803592623,0.7055183031443459,-0.0108541801189103,2.503597830966404,0.1763286553760367,1.883109007204634
30.0,94.0,209.853515625,-0.6115977473066232,0.7776220381257966,-3.835539989399004,-2.6171739805113914,-1.275521664933832,0.7366176474541036,-0.0458302544230463,2.584816162634513,0.2980722673261389,2.069972514370848
30.0,94.0,151.47451782226562,-0.1418211981072229,1.412601979240955,-2.6557115778260787,-2.379498146467377,-1.1525648674504068,0.8199042572593136,-0.0853159925599691,2.5171243505357133,0.1283542900155694,1.8213361689400305
30.0,94.0,154.97901916503906,-0.1543950427739067,1.3835663937023943,-2.5098113937091924,-2.166905553941939,-1.0612230984733326,0.928346553310198,0.1248522238203028,2.5094366589298187,0.1429087496873865,1.8059396285908
30.0,94.0,245.99302673339844,-0.7494604562313425,0.5827624451646062,-3.1978432976312727,-2.930434860001456,-2.589522757468941,0.4511330050359632,-0.2349149109541924,2.459352546895984,0.2558733024443547,1.86071018527782
30.0,94.0,210.119873046875,-0.7610068930568665,0.5642124147423887,-3.726421416211226,-2.7995431788777383,-1.3708891968054873,0.679066308131347,0.0234932080174868,2.5843400721228726,0.297657964549431,2.1950618999519365
30.0,94.0,140.07952880859375,-0.1705972684404303,1.5744298234031444,-2.5248779128573338,-2.2530706335500423,-1.1456221555722588,0.9013505918828096,0.057991828968424,2.538744156640316,0.1291620819988968,1.810862351586772
30.0,94.0,215.4642791748047,-0.619272128359899,1.0161821115856564,-3.392347947738536,-3.718930889608517,-1.3159031693529706,0.8296082231312336,0.0283507836533688,2.580653015910745,0.2883060967232943,2.043397947376025
30.0,94.0,205.575927734375,-0.8160173862793221,0.5906195673798553,-3.5501247184478806,-2.9220737949502533,-1.5276746941164658,0.7254873283981647,-0.0189028447691116,2.5943872451814447,0.2168908645567235,1.9760531472632008
30.0,94.0,200.966552734375,0.0511069574124457,1.747527639933753,-2.322465838549517,-2.385367672303049,-1.5689299050997256,0.7279599504360057,0.0318551325799721,2.538697767103279,0.2265852792998942,1.890549882815444
30.0,94.0,153.32322692871094,-0.2469255061733817,1.5109587309340438,-2.5725792082273338,-2.2820972719629884,-1.1743039417348822,0.9392735000097842,-0.02346056377755,2.5384977498792862,0.1391829116932507,1.7679616639714906
30.0,94.0,215.6819305419922,-0.4190785287619595,1.2788991178382196,-2.407723832423641,-2.168663595807088,-1.3553827158331515,0.8937699958109332,0.0533918466299844,2.569417065049979,-0.0290809993232211,1.5620514005465094
30.0,94.0,211.49984741210932,-0.6023430394608064,0.6862990325442788,-3.3371353581117207,-2.8851573211860253,-1.389844403508281,0.7960834819435386,-0.0731183203058278,2.570385485955568,0.1939850410112546,2.062637422407674
30.0,94.0,203.5377197265625,-0.7554581713797442,0.5923854189498861,-3.044490820697141,-2.484803336870788,-1.3228756579212249,0.7903576123627445,-0.0791024217178839,2.4920453876996134,0.1334636090779443,1.7953664526480333
30.0,94.0,164.29824829101562,-0.2182807024527169,1.3075553644433655,-2.7169802224964386,-2.2927553080693177,-1.3421731508819263,0.7831666341277534,-0.0496333619459991,2.536361327936988,0.2124666788459562,2.0295842807859272
30.0,94.0,141.75634765625,-0.154861146434693,1.6440811925732517,-2.4994987120876813,-2.2437461217764594,-1.1538537908409845,0.8339975007937741,0.0649566700655102,2.536760445428784,0.1351494117241419,1.7925622682932996
30.0,94.0,157.4029998779297,-0.0456770941882355,1.5863363170176947,-2.56644752828971,-2.2438459484006232,-1.2793374196999965,0.5517380213899806,-0.0303154928660709,2.5362616215189875,0.1683646754718108,1.9087344575208447
30.0,94.0,173.00320434570312,-0.4374654517932287,1.2357249990135362,-2.79238402845472,-2.355827463102169,-1.220448700538539,0.8911572022735176,0.0642796433100644,2.564324926403032,0.1520911367781914,1.9022022776230323
30.0,95.0,214.22732543945312,-0.5709375357719852,0.6099977697356924,-3.140555826576952,-2.751540540879751,-1.5639863451240932,0.7150772700534826,-0.0298015949691891,2.517225884112829,0.2132561271602341,1.8995796105848937
30.0,95.0,201.4370574951172,-0.4540401323260987,0.8179070478135094,-3.314276906304189,-2.628539443785192,-1.3337882873665527,0.7127938785222587,-0.0269535484838654,2.590339428802196,0.2594558839508205,2.0689052243034824
30.0,95.0,216.8951416015625,-0.8209688307021434,0.7380708179123863,-3.421735287255472,-2.590285251222465,-1.155161557111979,0.7342647559357545,-0.0585356627712509,2.540457390469685,0.2245473946276626,2.0744917312299864
30.0,95.0,205.40724182128903,-1.2471719392371754,0.7338063691250966,-3.6956164114227614,-2.6893020048638974,-1.4361633841990469,0.7509499775402746,-0.0265320376388999,2.5844589496606782,0.2214973721181175,2.0621365244733765
30.0,95.0,203.8832092285156,-1.4790613265445376,0.7732738784922106,-3.3582703227624244,-2.695334901826924,-1.3453112019984668,0.7075198587616528,-0.0020897764918419,2.575840366118009,0.2040841445302196,2.0670954059278106
30.0,95.0,147.97607421875,-0.1753943806266924,1.395145652567223,-2.638932395765852,-2.214468329642911,-1.1318632073540378,0.903540100316074,0.0773086416309774,2.59866721862546,0.1378201062081425,1.882498542328312
30.0,95.0,185.0653686523437,-0.4142245386583997,1.4477108609956248,-2.5823062315438863,-2.164453658329141,-1.0361648330241349,0.7524905157490805,0.0663770822560962,2.5319006953094405,0.1196089891188965,1.9731892862038325
30.0,95.0,148.7598114013672,-0.1508725484502137,1.5329507562315912,-2.454079572578232,-2.3065682349494825,-1.0810491372799909,0.9058194286717788,0.0879127762931579,2.535574533587188,0.1719140720173182,1.7922382360912594
30.0,95.0,203.4140472412109,-0.5678473708618155,0.7799693007154738,-3.6749830968560486,-2.725391649065348,-1.3797502672892723,0.7480700850134762,-0.0265029683648772,2.586302994710479,0.2283338142204806,2.0667280186433774
30.0,95.0,217.80987548828125,-0.7399219093249991,0.6265199654248446,-3.3812386568411683,-3.115740592719888,-2.4970438835882924,0.4187495791001843,-0.1164287251613381,2.541142812644273,0.2703581298861386,2.0687642066891287
30.0,95.0,201.7044219970703,-0.6552952230338768,0.789537644755984,-3.131677153117997,-2.725862189701337,-1.327890814222953,0.7257755438118074,-0.0264966475501739,2.5879562114865826,0.2411740536822892,2.06908069814025
30.0,95.0,147.891357421875,-0.1514091369466303,1.4226389789124485,-2.472524968969882,-2.254424289313682,-1.1299876004624414,0.8644690781454691,0.0585394553690915,2.540678788711155,0.0481537576306037,1.7177539918371183
30.0,95.0,207.52395629882807,-1.0172369141889488,0.5097226488719611,-3.674337809841004,-2.8353189978585056,-1.3644168602548383,0.7515932251121955,-0.0172059671688819,2.580125632767812,0.2261450789481383,2.063133829032119
30.0,95.0,175.8495330810547,-0.4775785043656096,1.232828352030302,-2.829773447056977,-2.384111755209133,-1.2235130123262596,0.8677996048050263,0.0581306772521697,2.565029186474866,0.1954501146382836,1.8987196644750453
30.0,95.0,221.4112243652344,-0.3577889705867167,0.8293934806643648,-3.3979003253151454,-2.7654536822693285,-1.6698577467448548,0.6572926121331348,0.0036915510580502,2.630194871551593,0.2211682507633885,2.2321347321959304
30.0,95.0,148.6250457763672,-0.1986492861108648,1.4209620232211004,-2.65459858518546,-2.257949075710216,-1.136677850453398,0.8572889993518071,0.1111603619959347,2.60279736794967,0.1589008643243573,1.9487578796654748
30.0,95.0,220.53668212890625,-1.2171966783311097,0.4756538204269566,-3.473961005955754,-3.088961056374514,-1.704597891261704,0.4920041034137272,-0.0918239354140258,2.562499878329205,0.3992523830963432,2.654374933471221
30.0,95.0,150.9752197265625,-0.1775624783970037,1.401633628584086,-2.709509538975155,-2.21492977136202,-1.1603965254135886,0.8315500045659168,0.0522790887871648,2.57576063415358,0.1270628370713633,1.6772362601068225
30.0,95.0,245.9429931640625,-0.8483266135729868,0.6453986865434707,-3.506552371550096,-3.271625883978806,-2.56814784519429,0.2147286641374462,-0.1436646083617611,2.4296898910346845,0.2413711030766583,2.371772908737178
30.0,95.0,220.6161956787109,-0.9503927517081534,0.677458880081766,-3.4985466721108613,-3.1419557166689587,-2.6450864950941537,0.7657276416976995,-0.0800017667336136,2.591298282155937,0.2318220931468717,1.9778696258291708
30.0,95.0,209.95681762695312,-0.8546054761373488,0.5561256830121146,-3.5196763665523463,-2.9998356632825494,-1.6631055522139582,0.5872105304760162,-0.0307104087849592,2.588951662564981,0.2473229352094717,1.9606851088631445
30.0,95.0,205.36083984375,-1.0410372824203336,0.7676645361621044,-3.3922084993722885,-2.757479147550971,-1.3696282247663814,0.7197802351399657,0.0253103845882088,2.591243372468218,0.2560553276800137,2.054097732849192
30.0,95.0,205.4263153076172,-1.0610826982318322,0.7387432132212964,-3.5269101097837323,-2.588175478326636,-1.3746018730768372,0.7544874944278932,-0.0259144887775997,2.5909527780546773,0.210068459110206,2.063579531483645
30.0,95.0,172.61151123046875,-0.1592416640714551,1.3781854332006982,-2.842439873240012,-2.5781979073611363,-1.1858615648576751,0.8182413546845793,-0.0201786099424935,2.54670396876944,0.0844296178985597,1.767456241439366
30.0,95.0,144.32171630859375,-0.1567597370205269,1.3895092158946387,-2.569657595449988,-2.243604837029796,-1.1516167881477226,0.8984333026920511,0.0548166478961312,2.5355142957097367,0.1352836858182341,1.7901371097300829
30.0,95.0,145.2047119140625,-0.1477976237940177,1.392680310215214,-2.532579821443925,-2.240551415351056,-1.1557647472069534,0.8741154020041527,0.0290850792770973,2.5416485961678577,0.2004377798493291,2.052579034713903
30.0,95.0,203.7299041748047,-1.4671963034076896,0.7718039591814964,-3.521820860113768,-2.7055890962796987,-1.3850800460590984,0.7492558679810841,0.0041742840984898,2.5864682179734686,0.2295821296873494,1.9406396168518183
30.0,95.0,240.0376892089844,-0.818985015422538,0.7325545795717203,-3.463958090524869,-3.1745869837099026,-1.9281247841715203,0.2058466922336207,-0.3766659363291286,2.6001316734345754,0.2265875295001577,2.1979228280822705
30.0,95.0,239.34703063964844,-0.5573109000134422,1.0820330890696988,-3.240952051214933,-3.640707829016172,-1.7737497179098791,0.4745016799634982,0.0314885242161033,2.6135288507269894,0.153150853889011,1.936260516662292
30.0,95.0,212.3438873291016,-1.557908792152764,0.7812118760917048,-3.276699207737689,-2.517975874158795,-1.3094452414096935,0.8953993694345304,0.0426183328891991,2.521546768070464,0.1659403421417329,1.953499831456992
30.0,95.0,210.02865600585932,-0.8580111126169524,0.7817574778197114,-3.3139554907647666,-2.747140032872876,-1.527584908101148,0.7203383849461824,0.0051663944622394,2.5105962979010927,0.2203589910254215,2.0933798890874407
30.0,95.0,260.75506591796875,-0.7235173814946477,0.2633142916060825,-3.729488048766044,-2.598819823759516,-1.5621266964312754,0.5837873023273118,-0.2228563854805409,2.2311934862750764,0.0184947537160842,1.5811522207979942
30.0,95.0,203.24859619140625,-0.9192315676381116,0.6919205216551769,-3.0556354367665235,-2.451509490379421,-1.3093301803592623,0.7055183031443459,-0.0108541801189103,2.503597830966404,0.1763286553760367,1.883109007204634
30.0,95.0,209.853515625,-0.6115977473066232,0.7776220381257966,-3.835539989399004,-2.6171739805113914,-1.275521664933832,0.7366176474541036,-0.0458302544230463,2.584816162634513,0.2980722673261389,2.069972514370848
30.0,95.0,151.47451782226562,-0.1418211981072229,1.412601979240955,-2.6557115778260787,-2.379498146467377,-1.1525648674504068,0.8199042572593136,-0.0853159925599691,2.5171243505357133,0.1283542900155694,1.8213361689400305
30.0,95.0,148.47743225097656,-0.1616488084762737,1.4624487004431028,-2.4869701916543385,-2.218770277149196,-1.0181471478034116,0.918812976581497,0.0799127591106972,2.518709193214576,0.1352542651572059,1.803759259513938
30.0,95.0,245.99302673339844,-0.7494604562313425,0.5827624451646062,-3.1978432976312727,-2.930434860001456,-2.589522757468941,0.4511330050359632,-0.2349149109541924,2.459352546895984,0.2558733024443547,1.86071018527782
30.0,95.0,210.119873046875,-0.7610068930568665,0.5642124147423887,-3.726421416211226,-2.7995431788777383,-1.3708891968054873,0.679066308131347,0.0234932080174868,2.5843400721228726,0.297657964549431,2.1950618999519365
30.0,95.0,140.07952880859375,-0.1705972684404303,1.5744298234031444,-2.5248779128573338,-2.2530706335500423,-1.1456221555722588,0.9013505918828096,0.057991828968424,2.538744156640316,0.1291620819988968,1.810862351586772
30.0,95.0,215.4642791748047,-0.619272128359899,1.0161821115856564,-3.392347947738536,-3.718930889608517,-1.3159031693529706,0.8296082231312336,0.0283507836533688,2.580653015910745,0.2883060967232943,2.043397947376025
30.0,95.0,205.575927734375,-0.8160173862793221,0.5906195673798553,-3.5501247184478806,-2.9220737949502533,-1.5276746941164658,0.7254873283981647,-0.0189028447691116,2.5943872451814447,0.2168908645567235,1.9760531472632008
30.0,95.0,200.966552734375,0.0511069574124457,1.747527639933753,-2.322465838549517,-2.385367672303049,-1.5689299050997256,0.7279599504360057,0.0318551325799721,2.538697767103279,0.2265852792998942,1.890549882815444
30.0,95.0,150.92465209960938,0.0039868052276248,1.4593307822048505,-2.5718153044566288,-2.219717118922306,-1.1167367832023332,0.9309128149319438,-0.0537374319899247,2.5375804087851104,0.1420989550569483,1.810309976490704
30.0,95.0,215.6819305419922,-0.4190785287619595,1.2788991178382196,-2.407723832423641,-2.168663595807088,-1.3553827158331515,0.8937699958109332,0.0533918466299844,2.569417065049979,-0.0290809993232211,1.5620514005465094
30.0,95.0,211.49984741210932,-0.6023430394608064,0.6862990325442788,-3.3371353581117207,-2.8851573211860253,-1.389844403508281,0.7960834819435386,-0.0731183203058278,2.570385485955568,0.1939850410112546,2.062637422407674
30.0,95.0,203.5377197265625,-0.7554581713797442,0.5923854189498861,-3.044490820697141,-2.484803336870788,-1.3228756579212249,0.7903576123627445,-0.0791024217178839,2.4920453876996134,0.1334636090779443,1.7953664526480333
30.0,95.0,156.1363067626953,-0.2760540952185579,1.3788603984589185,-2.677692971778043,-2.2776812973108007,-1.2271409693286892,0.7593997243579433,0.0223990236343197,2.533094999759438,0.1595613271141087,2.003122963565078
30.0,95.0,141.50352478027344,-0.1703753841791951,1.5463459933052854,-2.5450940697161166,-2.2532207182812933,-1.1463281812143054,0.7882735375176825,0.071453732953926,2.539870795236198,0.1315407264967877,1.80608826485088
30.0,95.0,157.4029998779297,-0.0456770941882355,1.5863363170176947,-2.56644752828971,-2.2438459484006232,-1.2793374196999965,0.5517380213899806,-0.0303154928660709,2.5362616215189875,0.1683646754718108,1.9087344575208447
30.0,95.0,173.00320434570312,-0.4374654517932287,1.2357249990135362,-2.79238402845472,-2.355827463102169,-1.220448700538539,0.8911572022735176,0.0642796433100644,2.564324926403032,0.1520911367781914,1.9022022776230323
30.0,96.0,214.22732543945312,-0.5709375357719852,0.6099977697356924,-3.140555826576952,-2.751540540879751,-1.5639863451240932,0.7150772700534826,-0.0298015949691891,2.517225884112829,0.2132561271602341,1.8995796105848937
30.0,96.0,201.4370574951172,-0.4540401323260987,0.8179070478135094,-3.314276906304189,-2.628539443785192,-1.3337882873665527,0.7127938785222587,-0.0269535484838654,2.590339428802196,0.2594558839508205,2.0689052243034824
30.0,96.0,216.8951416015625,-0.8209688307021434,0.7380708179123863,-3.421735287255472,-2.590285251222465,-1.155161557111979,0.7342647559357545,-0.0585356627712509,2.540457390469685,0.2245473946276626,2.0744917312299864
30.0,96.0,205.40724182128903,-1.2471719392371754,0.7338063691250966,-3.6956164114227614,-2.6893020048638974,-1.4361633841990469,0.7509499775402746,-0.0265320376388999,2.5844589496606782,0.2214973721181175,2.0621365244733765
30.0,96.0,203.8832092285156,-1.4790613265445376,0.7732738784922106,-3.3582703227624244,-2.695334901826924,-1.3453112019984668,0.7075198587616528,-0.0020897764918419,2.575840366118009,0.2040841445302196,2.0670954059278106
30.0,96.0,147.97607421875,-0.1753943806266924,1.395145652567223,-2.638932395765852,-2.214468329642911,-1.1318632073540378,0.903540100316074,0.0773086416309774,2.59866721862546,0.1378201062081425,1.882498542328312
30.0,96.0,185.0653686523437,-0.4142245386583997,1.4477108609956248,-2.5823062315438863,-2.164453658329141,-1.0361648330241349,0.7524905157490805,0.0663770822560962,2.5319006953094405,0.1196089891188965,1.9731892862038325
30.0,96.0,144.4262237548828,-0.156873384063246,1.5132686067161578,-2.521070584149941,-2.265949337062596,-1.1026409259860004,0.9019686730808608,0.1324169788497684,2.540111150797165,0.151476470843724,1.812252947801677
30.0,96.0,203.4140472412109,-0.5678473708618155,0.7799693007154738,-3.6749830968560486,-2.725391649065348,-1.3797502672892723,0.7480700850134762,-0.0265029683648772,2.586302994710479,0.2283338142204806,2.0667280186433774
30.0,96.0,217.80987548828125,-0.7399219093249991,0.6265199654248446,-3.3812386568411683,-3.115740592719888,-2.4970438835882924,0.4187495791001843,-0.1164287251613381,2.541142812644273,0.2703581298861386,2.0687642066891287
30.0,96.0,201.7044219970703,-0.6552952230338768,0.789537644755984,-3.131677153117997,-2.725862189701337,-1.327890814222953,0.7257755438118074,-0.0264966475501739,2.5879562114865826,0.2411740536822892,2.06908069814025
30.0,96.0,147.891357421875,-0.1514091369466303,1.4226389789124485,-2.472524968969882,-2.254424289313682,-1.1299876004624414,0.8644690781454691,0.0585394553690915,2.540678788711155,0.0481537576306037,1.7177539918371183
30.0,96.0,207.52395629882807,-1.0172369141889488,0.5097226488719611,-3.674337809841004,-2.8353189978585056,-1.3644168602548383,0.7515932251121955,-0.0172059671688819,2.580125632767812,0.2261450789481383,2.063133829032119
30.0,96.0,175.8495330810547,-0.4775785043656096,1.232828352030302,-2.829773447056977,-2.384111755209133,-1.2235130123262596,0.8677996048050263,0.0581306772521697,2.565029186474866,0.1954501146382836,1.8987196644750453
30.0,96.0,221.4112243652344,-0.3577889705867167,0.8293934806643648,-3.3979003253151454,-2.7654536822693285,-1.6698577467448548,0.6572926121331348,0.0036915510580502,2.630194871551593,0.2211682507633885,2.2321347321959304
30.0,96.0,148.6250457763672,-0.1986492861108648,1.4209620232211004,-2.65459858518546,-2.257949075710216,-1.136677850453398,0.8572889993518071,0.1111603619959347,2.60279736794967,0.1589008643243573,1.9487578796654748
30.0,96.0,220.53668212890625,-1.2171966783311097,0.4756538204269566,-3.473961005955754,-3.088961056374514,-1.704597891261704,0.4920041034137272,-0.0918239354140258,2.562499878329205,0.3992523830963432,2.654374933471221
30.0,96.0,150.9752197265625,-0.1775624783970037,1.401633628584086,-2.709509538975155,-2.21492977136202,-1.1603965254135886,0.8315500045659168,0.0522790887871648,2.57576063415358,0.1270628370713633,1.6772362601068225
30.0,96.0,245.9429931640625,-0.8483266135729868,0.6453986865434707,-3.506552371550096,-3.271625883978806,-2.56814784519429,0.2147286641374462,-0.1436646083617611,2.4296898910346845,0.2413711030766583,2.371772908737178
30.0,96.0,220.6161956787109,-0.9503927517081534,0.677458880081766,-3.4985466721108613,-3.1419557166689587,-2.6450864950941537,0.7657276416976995,-0.0800017667336136,2.591298282155937,0.2318220931468717,1.9778696258291708
30.0,96.0,209.95681762695312,-0.8546054761373488,0.5561256830121146,-3.5196763665523463,-2.9998356632825494,-1.6631055522139582,0.5872105304760162,-0.0307104087849592,2.588951662564981,0.2473229352094717,1.9606851088631445
30.0,96.0,205.36083984375,-1.0410372824203336,0.7676645361621044,-3.3922084993722885,-2.757479147550971,-1.3696282247663814,0.7197802351399657,0.0253103845882088,2.591243372468218,0.2560553276800137,2.054097732849192
30.0,96.0,205.4263153076172,-1.0610826982318322,0.7387432132212964,-3.5269101097837323,-2.588175478326636,-1.3746018730768372,0.7544874944278932,-0.0259144887775997,2.5909527780546773,0.210068459110206,2.063579531483645
30.0,96.0,172.61151123046875,-0.1592416640714551,1.3781854332006982,-2.842439873240012,-2.5781979073611363,-1.1858615648576751,0.8182413546845793,-0.0201786099424935,2.54670396876944,0.0844296178985597,1.767456241439366
30.0,96.0,144.32171630859375,-0.1567597370205269,1.3895092158946387,-2.569657595449988,-2.243604837029796,-1.1516167881477226,0.8984333026920511,0.0548166478961312,2.5355142957097367,0.1352836858182341,1.7901371097300829
30.0,96.0,145.2047119140625,-0.1477976237940177,1.392680310215214,-2.532579821443925,-2.240551415351056,-1.1557647472069534,0.8741154020041527,0.0290850792770973,2.5416485961678577,0.2004377798493291,2.052579034713903
30.0,96.0,203.7299041748047,-1.4671963034076896,0.7718039591814964,-3.521820860113768,-2.7055890962796987,-1.3850800460590984,0.7492558679810841,0.0041742840984898,2.5864682179734686,0.2295821296873494,1.9406396168518183
30.0,96.0,240.0376892089844,-0.818985015422538,0.7325545795717203,-3.463958090524869,-3.1745869837099026,-1.9281247841715203,0.2058466922336207,-0.3766659363291286,2.6001316734345754,0.2265875295001577,2.1979228280822705
30.0,96.0,239.34703063964844,-0.5573109000134422,1.0820330890696988,-3.240952051214933,-3.640707829016172,-1.7737497179098791,0.4745016799634982,0.0314885242161033,2.6135288507269894,0.153150853889011,1.936260516662292
30.0,96.0,212.3438873291016,-1.557908792152764,0.7812118760917048,-3.276699207737689,-2.517975874158795,-1.3094452414096935,0.8953993694345304,0.0426183328891991,2.521546768070464,0.1659403421417329,1.953499831456992
30.0,96.0,210.02865600585932,-0.8580111126169524,0.7817574778197114,-3.3139554907647666,-2.747140032872876,-1.527584908101148,0.7203383849461824,0.0051663944622394,2.5105962979010927,0.2203589910254215,2.0933798890874407
30.0,96.0,260.75506591796875,-0.7235173814946477,0.2633142916060825,-3.729488048766044,-2.598819823759516,-1.5621266964312754,0.5837873023273118,-0.2228563854805409,2.2311934862750764,0.0184947537160842,1.5811522207979942
30.0,96.0,203.24859619140625,-0.9192315676381116,0.6919205216551769,-3.0556354367665235,-2.451509490379421,-1.3093301803592623,0.7055183031443459,-0.0108541801189103,2.503597830966404,0.1763286553760367,1.883109007204634
30.0,96.0,209.853515625,-0.6115977473066232,0.7776220381257966,-3.835539989399004,-2.6171739805113914,-1.275521664933832,0.7366176474541036,-0.0458302544230463,2.584816162634513,0.2980722673261389,2.069972514370848
30.0,96.0,151.47451782226562,-0.1418211981072229,1.412601979240955,-2.6557115778260787,-2.379498146467377,-1.1525648674504068,0.8199042572593136,-0.0853159925599691,2.5171243505357133,0.1283542900155694,1.8213361689400305
30.0,96.0,148.47743225097656,-0.1616488084762737,1.4624487004431028,-2.4869701916543385,-2.218770277149196,-1.0181471478034116,0.918812976581497,0.0799127591106972,2.518709193214576,0.1352542651572059,1.803759259513938
30.0,96.0,245.99302673339844,-0.7494604562313425,0.5827624451646062,-3.1978432976312727,-2.930434860001456,-2.589522757468941,0.4511330050359632,-0.2349149109541924,2.459352546895984,0.2558733024443547,1.86071018527782
30.0,96.0,210.119873046875,-0.7610068930568665,0.5642124147423887,-3.726421416211226,-2.7995431788777383,-1.3708891968054873,0.679066308131347,0.0234932080174868,2.5843400721228726,0.297657964549431,2.1950618999519365
30.0,96.0,140.07952880859375,-0.1705972684404303,1.5744298234031444,-2.5248779128573338,-2.2530706335500423,-1.1456221555722588,0.9013505918828096,0.057991828968424,2.538744156640316,0.1291620819988968,1.810862351586772
30.0,96.0,215.4642791748047,-0.619272128359899,1.0161821115856564,-3.392347947738536,-3.718930889608517,-1.3159031693529706,0.8296082231312336,0.0283507836533688,2.580653015910745,0.2883060967232943,2.043397947376025
30.0,96.0,205.575927734375,-0.8160173862793221,0.5906195673798553,-3.5501247184478806,-2.9220737949502533,-1.5276746941164658,0.7254873283981647,-0.0189028447691116,2.5943872451814447,0.2168908645567235,1.9760531472632008
30.0,96.0,200.966552734375,0.0511069574124457,1.747527639933753,-2.322465838549517,-2.385367672303049,-1.5689299050997256,0.7279599504360057,0.0318551325799721,2.538697767103279,0.2265852792998942,1.890549882815444
30.0,96.0,150.92465209960938,0.0039868052276248,1.4593307822048505,-2.5718153044566288,-2.219717118922306,-1.1167367832023332,0.9309128149319438,-0.0537374319899247,2.5375804087851104,0.1420989550569483,1.810309976490704
30.0,96.0,155.98338317871094,-0.2024276395039266,1.4757110585336122,-2.4502597428080977,-2.082774826371418,-0.9601509290415876,0.9056574070079249,0.050352590757788,2.5285115153311137,0.0621560000786131,1.6667480598192068
30.0,96.0,211.49984741210932,-0.6023430394608064,0.6862990325442788,-3.3371353581117207,-2.8851573211860253,-1.389844403508281,0.7960834819435386,-0.0731183203058278,2.570385485955568,0.1939850410112546,2.062637422407674
30.0,96.0,203.5377197265625,-0.7554581713797442,0.5923854189498861,-3.044490820697141,-2.484803336870788,-1.3228756579212249,0.7903576123627445,-0.0791024217178839,2.4920453876996134,0.1334636090779443,1.7953664526480333
30.0,96.0,156.1363067626953,-0.2760540952185579,1.3788603984589185,-2.677692971778043,-2.2776812973108007,-1.2271409693286892,0.7593997243579433,0.0223990236343197,2.533094999759438,0.1595613271141087,2.003122963565078
30.0,96.0,141.50352478027344,-0.1703753841791951,1.5463459933052854,-2.5450940697161166,-2.2532207182812933,-1.1463281812143054,0.7882735375176825,0.071453732953926,2.539870795236198,0.1315407264967877,1.80608826485088
30.0,96.0,146.11997985839844,0.0231773239615567,1.5900440339081472,-2.557088513817261,-2.2596745168926566,-1.116703160570698,0.9839692671284156,0.0308092790054673,2.5387506742986723,0.170607838222245,1.898810586817404
30.0,96.0,173.00320434570312,-0.4374654517932287,1.2357249990135362,-2.79238402845472,-2.355827463102169,-1.220448700538539,0.8911572022735176,0.0642796433100644,2.564324926403032,0.1520911367781914,1.9022022776230323
30.0,97.0,214.22732543945312,-0.5709375357719852,0.6099977697356924,-3.140555826576952,-2.751540540879751,-1.5639863451240932,0.7150772700534826,-0.0298015949691891,2.517225884112829,0.2132561271602341,1.8995796105848937
30.0,97.0,201.4370574951172,-0.4540401323260987,0.8179070478135094,-3.314276906304189,-2.628539443785192,-1.3337882873665527,0.7127938785222587,-0.0269535484838654,2.590339428802196,0.2594558839508205,2.0689052243034824
30.0,97.0,216.8951416015625,-0.8209688307021434,0.7380708179123863,-3.421735287255472,-2.590285251222465,-1.155161557111979,0.7342647559357545,-0.0585356627712509,2.540457390469685,0.2245473946276626,2.0744917312299864
30.0,97.0,205.40724182128903,-1.2471719392371754,0.7338063691250966,-3.6956164114227614,-2.6893020048638974,-1.4361633841990469,0.7509499775402746,-0.0265320376388999,2.5844589496606782,0.2214973721181175,2.0621365244733765
30.0,97.0,203.8832092285156,-1.4790613265445376,0.7732738784922106,-3.3582703227624244,-2.695334901826924,-1.3453112019984668,0.7075198587616528,-0.0020897764918419,2.575840366118009,0.2040841445302196,2.0670954059278106
30.0,97.0,147.97607421875,-0.1753943806266924,1.395145652567223,-2.638932395765852,-2.214468329642911,-1.1318632073540378,0.903540100316074,0.0773086416309774,2.59866721862546,0.1378201062081425,1.882498542328312
30.0,97.0,185.0653686523437,-0.4142245386583997,1.4477108609956248,-2.5823062315438863,-2.164453658329141,-1.0361648330241349,0.7524905157490805,0.0663770822560962,2.5319006953094405,0.1196089891188965,1.9731892862038325
30.0,97.0,141.76980590820312,-0.1726694780871411,1.492711525515042,-2.554525559410054,-2.226593541021798,-1.1212977242605144,0.9017571813118558,0.0892457553886975,2.540857333810433,0.1084945328334737,1.8149380844440453
30.0,97.0,203.4140472412109,-0.5678473708618155,0.7799693007154738,-3.6749830968560486,-2.725391649065348,-1.3797502672892723,0.7480700850134762,-0.0265029683648772,2.586302994710479,0.2283338142204806,2.0667280186433774
30.0,97.0,217.80987548828125,-0.7399219093249991,0.6265199654248446,-3.3812386568411683,-3.115740592719888,-2.4970438835882924,0.4187495791001843,-0.1164287251613381,2.541142812644273,0.2703581298861386,2.0687642066891287
30.0,97.0,201.7044219970703,-0.6552952230338768,0.789537644755984,-3.131677153117997,-2.725862189701337,-1.327890814222953,0.7257755438118074,-0.0264966475501739,2.5879562114865826,0.2411740536822892,2.06908069814025
30.0,97.0,147.891357421875,-0.1514091369466303,1.4226389789124485,-2.472524968969882,-2.254424289313682,-1.1299876004624414,0.8644690781454691,0.0585394553690915,2.540678788711155,0.0481537576306037,1.7177539918371183
30.0,97.0,207.52395629882807,-1.0172369141889488,0.5097226488719611,-3.674337809841004,-2.8353189978585056,-1.3644168602548383,0.7515932251121955,-0.0172059671688819,2.580125632767812,0.2261450789481383,2.063133829032119
30.0,97.0,175.8495330810547,-0.4775785043656096,1.232828352030302,-2.829773447056977,-2.384111755209133,-1.2235130123262596,0.8677996048050263,0.0581306772521697,2.565029186474866,0.1954501146382836,1.8987196644750453
30.0,97.0,221.4112243652344,-0.3577889705867167,0.8293934806643648,-3.3979003253151454,-2.7654536822693285,-1.6698577467448548,0.6572926121331348,0.0036915510580502,2.630194871551593,0.2211682507633885,2.2321347321959304
30.0,97.0,148.6250457763672,-0.1986492861108648,1.4209620232211004,-2.65459858518546,-2.257949075710216,-1.136677850453398,0.8572889993518071,0.1111603619959347,2.60279736794967,0.1589008643243573,1.9487578796654748
30.0,97.0,220.53668212890625,-1.2171966783311097,0.4756538204269566,-3.473961005955754,-3.088961056374514,-1.704597891261704,0.4920041034137272,-0.0918239354140258,2.562499878329205,0.3992523830963432,2.654374933471221
30.0,97.0,150.9752197265625,-0.1775624783970037,1.401633628584086,-2.709509538975155,-2.21492977136202,-1.1603965254135886,0.8315500045659168,0.0522790887871648,2.57576063415358,0.1270628370713633,1.6772362601068225
30.0,97.0,245.9429931640625,-0.8483266135729868,0.6453986865434707,-3.506552371550096,-3.271625883978806,-2.56814784519429,0.2147286641374462,-0.1436646083617611,2.4296898910346845,0.2413711030766583,2.371772908737178
30.0,97.0,220.6161956787109,-0.9503927517081534,0.677458880081766,-3.4985466721108613,-3.1419557166689587,-2.6450864950941537,0.7657276416976995,-0.0800017667336136,2.591298282155937,0.2318220931468717,1.9778696258291708
30.0,97.0,209.95681762695312,-0.8546054761373488,0.5561256830121146,-3.5196763665523463,-2.9998356632825494,-1.6631055522139582,0.5872105304760162,-0.0307104087849592,2.588951662564981,0.2473229352094717,1.9606851088631445
30.0,97.0,205.36083984375,-1.0410372824203336,0.7676645361621044,-3.3922084993722885,-2.757479147550971,-1.3696282247663814,0.7197802351399657,0.0253103845882088,2.591243372468218,0.2560553276800137,2.054097732849192
30.0,97.0,205.4263153076172,-1.0610826982318322,0.7387432132212964,-3.5269101097837323,-2.588175478326636,-1.3746018730768372,0.7544874944278932,-0.0259144887775997,2.5909527780546773,0.210068459110206,2.063579531483645
30.0,97.0,172.61151123046875,-0.1592416640714551,1.3781854332006982,-2.842439873240012,-2.5781979073611363,-1.1858615648576751,0.8182413546845793,-0.0201786099424935,2.54670396876944,0.0844296178985597,1.767456241439366
30.0,97.0,144.32171630859375,-0.1567597370205269,1.3895092158946387,-2.569657595449988,-2.243604837029796,-1.1516167881477226,0.8984333026920511,0.0548166478961312,2.5355142957097367,0.1352836858182341,1.7901371097300829
30.0,97.0,145.2047119140625,-0.1477976237940177,1.392680310215214,-2.532579821443925,-2.240551415351056,-1.1557647472069534,0.8741154020041527,0.0290850792770973,2.5416485961678577,0.2004377798493291,2.052579034713903
30.0,97.0,203.7299041748047,-1.4671963034076896,0.7718039591814964,-3.521820860113768,-2.7055890962796987,-1.3850800460590984,0.7492558679810841,0.0041742840984898,2.5864682179734686,0.2295821296873494,1.9406396168518183
30.0,97.0,240.0376892089844,-0.818985015422538,0.7325545795717203,-3.463958090524869,-3.1745869837099026,-1.9281247841715203,0.2058466922336207,-0.3766659363291286,2.6001316734345754,0.2265875295001577,2.1979228280822705
30.0,97.0,239.34703063964844,-0.5573109000134422,1.0820330890696988,-3.240952051214933,-3.640707829016172,-1.7737497179098791,0.4745016799634982,0.0314885242161033,2.6135288507269894,0.153150853889011,1.936260516662292
30.0,97.0,212.3438873291016,-1.557908792152764,0.7812118760917048,-3.276699207737689,-2.517975874158795,-1.3094452414096935,0.8953993694345304,0.0426183328891991,2.521546768070464,0.1659403421417329,1.953499831456992
30.0,97.0,210.02865600585932,-0.8580111126169524,0.7817574778197114,-3.3139554907647666,-2.747140032872876,-1.527584908101148,0.7203383849461824,0.0051663944622394,2.5105962979010927,0.2203589910254215,2.0933798890874407
30.0,97.0,260.75506591796875,-0.7235173814946477,0.2633142916060825,-3.729488048766044,-2.598819823759516,-1.5621266964312754,0.5837873023273118,-0.2228563854805409,2.2311934862750764,0.0184947537160842,1.5811522207979942
30.0,97.0,203.24859619140625,-0.9192315676381116,0.6919205216551769,-3.0556354367665235,-2.451509490379421,-1.3093301803592623,0.7055183031443459,-0.0108541801189103,2.503597830966404,0.1763286553760367,1.883109007204634
30.0,97.0,209.853515625,-0.6115977473066232,0.7776220381257966,-3.835539989399004,-2.6171739805113914,-1.275521664933832,0.7366176474541036,-0.0458302544230463,2.584816162634513,0.2980722673261389,2.069972514370848
30.0,97.0,151.47451782226562,-0.1418211981072229,1.412601979240955,-2.6557115778260787,-2.379498146467377,-1.1525648674504068,0.8199042572593136,-0.0853159925599691,2.5171243505357133,0.1283542900155694,1.8213361689400305
30.0,97.0,141.15191650390625,-0.1684435646959172,1.4514984756911034,-2.513581918211674,-2.190620575828313,-1.135489378133682,0.8990402854633907,0.0621149363651593,2.5363774653744184,0.1279276835653126,1.8005150538651369
30.0,97.0,245.99302673339844,-0.7494604562313425,0.5827624451646062,-3.1978432976312727,-2.930434860001456,-2.589522757468941,0.4511330050359632,-0.2349149109541924,2.459352546895984,0.2558733024443547,1.86071018527782
30.0,97.0,210.119873046875,-0.7610068930568665,0.5642124147423887,-3.726421416211226,-2.7995431788777383,-1.3708891968054873,0.679066308131347,0.0234932080174868,2.5843400721228726,0.297657964549431,2.1950618999519365
30.0,97.0,140.07952880859375,-0.1705972684404303,1.5744298234031444,-2.5248779128573338,-2.2530706335500423,-1.1456221555722588,0.9013505918828096,0.057991828968424,2.538744156640316,0.1291620819988968,1.810862351586772
30.0,97.0,215.4642791748047,-0.619272128359899,1.0161821115856564,-3.392347947738536,-3.718930889608517,-1.3159031693529706,0.8296082231312336,0.0283507836533688,2.580653015910745,0.2883060967232943,2.043397947376025
30.0,97.0,205.575927734375,-0.8160173862793221,0.5906195673798553,-3.5501247184478806,-2.9220737949502533,-1.5276746941164658,0.7254873283981647,-0.0189028447691116,2.5943872451814447,0.2168908645567235,1.9760531472632008
30.0,97.0,200.966552734375,0.0511069574124457,1.747527639933753,-2.322465838549517,-2.385367672303049,-1.5689299050997256,0.7279599504360057,0.0318551325799721,2.538697767103279,0.2265852792998942,1.890549882815444
30.0,97.0,148.63836669921875,0.0962178898991423,1.5057124041161911,-2.483075685841065,-2.236827286369331,-1.1230047531076228,0.8949647165117501,0.0320536267109474,2.5415188146271337,0.1312298703670478,1.8162571762454591
30.0,97.0,155.98338317871094,-0.2024276395039266,1.4757110585336122,-2.4502597428080977,-2.082774826371418,-0.9601509290415876,0.9056574070079249,0.050352590757788,2.5285115153311137,0.0621560000786131,1.6667480598192068
30.0,97.0,211.49984741210932,-0.6023430394608064,0.6862990325442788,-3.3371353581117207,-2.8851573211860253,-1.389844403508281,0.7960834819435386,-0.0731183203058278,2.570385485955568,0.1939850410112546,2.062637422407674
30.0,97.0,203.5377197265625,-0.7554581713797442,0.5923854189498861,-3.044490820697141,-2.484803336870788,-1.3228756579212249,0.7903576123627445,-0.0791024217178839,2.4920453876996134,0.1334636090779443,1.7953664526480333
30.0,97.0,156.1363067626953,-0.2760540952185579,1.3788603984589185,-2.677692971778043,-2.2776812973108007,-1.2271409693286892,0.7593997243579433,0.0223990236343197,2.533094999759438,0.1595613271141087,2.003122963565078
30.0,97.0,138.86634826660156,-0.1624262735988433,1.5489224699855646,-2.5608669978179264,-2.2487773082726696,-1.152822392540219,0.8329065325469658,0.0631211708700835,2.538375961884181,0.1328284256882179,1.816430224869659
30.0,97.0,146.11997985839844,0.0231773239615567,1.5900440339081472,-2.557088513817261,-2.2596745168926566,-1.116703160570698,0.9839692671284156,0.0308092790054673,2.5387506742986723,0.170607838222245,1.898810586817404
30.0,97.0,173.00320434570312,-0.4374654517932287,1.2357249990135362,-2.79238402845472,-2.355827463102169,-1.220448700538539,0.8911572022735176,0.0642796433100644,2.564324926403032,0.1520911367781914,1.9022022776230323
30.0,98.0,214.22732543945312,-0.5709375357719852,0.6099977697356924,-3.140555826576952,-2.751540540879751,-1.5639863451240932,0.7150772700534826,-0.0298015949691891,2.517225884112829,0.2132561271602341,1.8995796105848937
30.0,98.0,201.4370574951172,-0.4540401323260987,0.8179070478135094,-3.314276906304189,-2.628539443785192,-1.3337882873665527,0.7127938785222587,-0.0269535484838654,2.590339428802196,0.2594558839508205,2.0689052243034824
30.0,98.0,216.8951416015625,-0.8209688307021434,0.7380708179123863,-3.421735287255472,-2.590285251222465,-1.155161557111979,0.7342647559357545,-0.0585356627712509,2.540457390469685,0.2245473946276626,2.0744917312299864
30.0,98.0,205.40724182128903,-1.2471719392371754,0.7338063691250966,-3.6956164114227614,-2.6893020048638974,-1.4361633841990469,0.7509499775402746,-0.0265320376388999,2.5844589496606782,0.2214973721181175,2.0621365244733765
30.0,98.0,203.8832092285156,-1.4790613265445376,0.7732738784922106,-3.3582703227624244,-2.695334901826924,-1.3453112019984668,0.7075198587616528,-0.0020897764918419,2.575840366118009,0.2040841445302196,2.0670954059278106
30.0,98.0,147.97607421875,-0.1753943806266924,1.395145652567223,-2.638932395765852,-2.214468329642911,-1.1318632073540378,0.903540100316074,0.0773086416309774,2.59866721862546,0.1378201062081425,1.882498542328312
30.0,98.0,185.0653686523437,-0.4142245386583997,1.4477108609956248,-2.5823062315438863,-2.164453658329141,-1.0361648330241349,0.7524905157490805,0.0663770822560962,2.5319006953094405,0.1196089891188965,1.9731892862038325
30.0,98.0,141.70181274414062,-0.1685325164104623,1.5501374366692815,-2.575998649215871,-2.234746371402544,-1.1432874811430065,0.8046625768658585,0.0558917629476091,2.540474328054145,0.1129549909816494,1.8172036393700528
30.0,98.0,203.4140472412109,-0.5678473708618155,0.7799693007154738,-3.6749830968560486,-2.725391649065348,-1.3797502672892723,0.7480700850134762,-0.0265029683648772,2.586302994710479,0.2283338142204806,2.0667280186433774
30.0,98.0,217.80987548828125,-0.7399219093249991,0.6265199654248446,-3.3812386568411683,-3.115740592719888,-2.4970438835882924,0.4187495791001843,-0.1164287251613381,2.541142812644273,0.2703581298861386,2.0687642066891287
30.0,98.0,201.7044219970703,-0.6552952230338768,0.789537644755984,-3.131677153117997,-2.725862189701337,-1.327890814222953,0.7257755438118074,-0.0264966475501739,2.5879562114865826,0.2411740536822892,2.06908069814025
30.0,98.0,147.891357421875,-0.1514091369466303,1.4226389789124485,-2.472524968969882,-2.254424289313682,-1.1299876004624414,0.8644690781454691,0.0585394553690915,2.540678788711155,0.0481537576306037,1.7177539918371183
30.0,98.0,207.52395629882807,-1.0172369141889488,0.5097226488719611,-3.674337809841004,-2.8353189978585056,-1.3644168602548383,0.7515932251121955,-0.0172059671688819,2.580125632767812,0.2261450789481383,2.063133829032119
30.0,98.0,175.8495330810547,-0.4775785043656096,1.232828352030302,-2.829773447056977,-2.384111755209133,-1.2235130123262596,0.8677996048050263,0.0581306772521697,2.565029186474866,0.1954501146382836,1.8987196644750453
30.0,98.0,221.4112243652344,-0.3577889705867167,0.8293934806643648,-3.3979003253151454,-2.7654536822693285,-1.6698577467448548,0.6572926121331348,0.0036915510580502,2.630194871551593,0.2211682507633885,2.2321347321959304
30.0,98.0,148.6250457763672,-0.1986492861108648,1.4209620232211004,-2.65459858518546,-2.257949075710216,-1.136677850453398,0.8572889993518071,0.1111603619959347,2.60279736794967,0.1589008643243573,1.9487578796654748
30.0,98.0,220.53668212890625,-1.2171966783311097,0.4756538204269566,-3.473961005955754,-3.088961056374514,-1.704597891261704,0.4920041034137272,-0.0918239354140258,2.562499878329205,0.3992523830963432,2.654374933471221
30.0,98.0,150.9752197265625,-0.1775624783970037,1.401633628584086,-2.709509538975155,-2.21492977136202,-1.1603965254135886,0.8315500045659168,0.0522790887871648,2.57576063415358,0.1270628370713633,1.6772362601068225
30.0,98.0,245.9429931640625,-0.8483266135729868,0.6453986865434707,-3.506552371550096,-3.271625883978806,-2.56814784519429,0.2147286641374462,-0.1436646083617611,2.4296898910346845,0.2413711030766583,2.371772908737178
30.0,98.0,220.6161956787109,-0.9503927517081534,0.677458880081766,-3.4985466721108613,-3.1419557166689587,-2.6450864950941537,0.7657276416976995,-0.0800017667336136,2.591298282155937,0.2318220931468717,1.9778696258291708
30.0,98.0,209.95681762695312,-0.8546054761373488,0.5561256830121146,-3.5196763665523463,-2.9998356632825494,-1.6631055522139582,0.5872105304760162,-0.0307104087849592,2.588951662564981,0.2473229352094717,1.9606851088631445
30.0,98.0,205.36083984375,-1.0410372824203336,0.7676645361621044,-3.3922084993722885,-2.757479147550971,-1.3696282247663814,0.7197802351399657,0.0253103845882088,2.591243372468218,0.2560553276800137,2.054097732849192
30.0,98.0,205.4263153076172,-1.0610826982318322,0.7387432132212964,-3.5269101097837323,-2.588175478326636,-1.3746018730768372,0.7544874944278932,-0.0259144887775997,2.5909527780546773,0.210068459110206,2.063579531483645
30.0,98.0,172.61151123046875,-0.1592416640714551,1.3781854332006982,-2.842439873240012,-2.5781979073611363,-1.1858615648576751,0.8182413546845793,-0.0201786099424935,2.54670396876944,0.0844296178985597,1.767456241439366
30.0,98.0,144.32171630859375,-0.1567597370205269,1.3895092158946387,-2.569657595449988,-2.243604837029796,-1.1516167881477226,0.8984333026920511,0.0548166478961312,2.5355142957097367,0.1352836858182341,1.7901371097300829
30.0,98.0,145.2047119140625,-0.1477976237940177,1.392680310215214,-2.532579821443925,-2.240551415351056,-1.1557647472069534,0.8741154020041527,0.0290850792770973,2.5416485961678577,0.2004377798493291,2.052579034713903
30.0,98.0,203.7299041748047,-1.4671963034076896,0.7718039591814964,-3.521820860113768,-2.7055890962796987,-1.3850800460590984,0.7492558679810841,0.0041742840984898,2.5864682179734686,0.2295821296873494,1.9406396168518183
30.0,98.0,240.0376892089844,-0.818985015422538,0.7325545795717203,-3.463958090524869,-3.1745869837099026,-1.9281247841715203,0.2058466922336207,-0.3766659363291286,2.6001316734345754,0.2265875295001577,2.1979228280822705
30.0,98.0,239.34703063964844,-0.5573109000134422,1.0820330890696988,-3.240952051214933,-3.640707829016172,-1.7737497179098791,0.4745016799634982,0.0314885242161033,2.6135288507269894,0.153150853889011,1.936260516662292
30.0,98.0,212.3438873291016,-1.557908792152764,0.7812118760917048,-3.276699207737689,-2.517975874158795,-1.3094452414096935,0.8953993694345304,0.0426183328891991,2.521546768070464,0.1659403421417329,1.953499831456992
30.0,98.0,210.02865600585932,-0.8580111126169524,0.7817574778197114,-3.3139554907647666,-2.747140032872876,-1.527584908101148,0.7203383849461824,0.0051663944622394,2.5105962979010927,0.2203589910254215,2.0933798890874407
30.0,98.0,260.75506591796875,-0.7235173814946477,0.2633142916060825,-3.729488048766044,-2.598819823759516,-1.5621266964312754,0.5837873023273118,-0.2228563854805409,2.2311934862750764,0.0184947537160842,1.5811522207979942
30.0,98.0,203.24859619140625,-0.9192315676381116,0.6919205216551769,-3.0556354367665235,-2.451509490379421,-1.3093301803592623,0.7055183031443459,-0.0108541801189103,2.503597830966404,0.1763286553760367,1.883109007204634
30.0,98.0,209.853515625,-0.6115977473066232,0.7776220381257966,-3.835539989399004,-2.6171739805113914,-1.275521664933832,0.7366176474541036,-0.0458302544230463,2.584816162634513,0.2980722673261389,2.069972514370848
30.0,98.0,151.47451782226562,-0.1418211981072229,1.412601979240955,-2.6557115778260787,-2.379498146467377,-1.1525648674504068,0.8199042572593136,-0.0853159925599691,2.5171243505357133,0.1283542900155694,1.8213361689400305
30.0,98.0,141.15191650390625,-0.1684435646959172,1.4514984756911034,-2.513581918211674,-2.190620575828313,-1.135489378133682,0.8990402854633907,0.0621149363651593,2.5363774653744184,0.1279276835653126,1.8005150538651369
30.0,98.0,245.99302673339844,-0.7494604562313425,0.5827624451646062,-3.1978432976312727,-2.930434860001456,-2.589522757468941,0.4511330050359632,-0.2349149109541924,2.459352546895984,0.2558733024443547,1.86071018527782
30.0,98.0,210.119873046875,-0.7610068930568665,0.5642124147423887,-3.726421416211226,-2.7995431788777383,-1.3708891968054873,0.679066308131347,0.0234932080174868,2.5843400721228726,0.297657964549431,2.1950618999519365
30.0,98.0,140.07952880859375,-0.1705972684404303,1.5744298234031444,-2.5248779128573338,-2.2530706335500423,-1.1456221555722588,0.9013505918828096,0.057991828968424,2.538744156640316,0.1291620819988968,1.810862351586772
30.0,98.0,215.4642791748047,-0.619272128359899,1.0161821115856564,-3.392347947738536,-3.718930889608517,-1.3159031693529706,0.8296082231312336,0.0283507836533688,2.580653015910745,0.2883060967232943,2.043397947376025
30.0,98.0,205.575927734375,-0.8160173862793221,0.5906195673798553,-3.5501247184478806,-2.9220737949502533,-1.5276746941164658,0.7254873283981647,-0.0189028447691116,2.5943872451814447,0.2168908645567235,1.9760531472632008
30.0,98.0,200.966552734375,0.0511069574124457,1.747527639933753,-2.322465838549517,-2.385367672303049,-1.5689299050997256,0.7279599504360057,0.0318551325799721,2.538697767103279,0.2265852792998942,1.890549882815444
30.0,98.0,140.95059204101562,-0.0758722971174136,1.5463698794572058,-2.51310326190627,-2.2798321956551386,-1.17379780869854,0.8926691400002842,0.131651864853358,2.543541387274989,0.1276334417693584,1.8032608665127847
30.0,98.0,155.98338317871094,-0.2024276395039266,1.4757110585336122,-2.4502597428080977,-2.082774826371418,-0.9601509290415876,0.9056574070079249,0.050352590757788,2.5285115153311137,0.0621560000786131,1.6667480598192068
30.0,98.0,211.49984741210932,-0.6023430394608064,0.6862990325442788,-3.3371353581117207,-2.8851573211860253,-1.389844403508281,0.7960834819435386,-0.0731183203058278,2.570385485955568,0.1939850410112546,2.062637422407674
30.0,98.0,203.5377197265625,-0.7554581713797442,0.5923854189498861,-3.044490820697141,-2.484803336870788,-1.3228756579212249,0.7903576123627445,-0.0791024217178839,2.4920453876996134,0.1334636090779443,1.7953664526480333
30.0,98.0,156.1363067626953,-0.2760540952185579,1.3788603984589185,-2.677692971778043,-2.2776812973108007,-1.2271409693286892,0.7593997243579433,0.0223990236343197,2.533094999759438,0.1595613271141087,2.003122963565078
30.0,98.0,138.86634826660156,-0.1624262735988433,1.5489224699855646,-2.5608669978179264,-2.2487773082726696,-1.152822392540219,0.8329065325469658,0.0631211708700835,2.538375961884181,0.1328284256882179,1.816430224869659
30.0,98.0,146.11997985839844,0.0231773239615567,1.5900440339081472,-2.557088513817261,-2.2596745168926566,-1.116703160570698,0.9839692671284156,0.0308092790054673,2.5387506742986723,0.170607838222245,1.898810586817404
30.0,98.0,173.00320434570312,-0.4374654517932287,1.2357249990135362,-2.79238402845472,-2.355827463102169,-1.220448700538539,0.8911572022735176,0.0642796433100644,2.564324926403032,0.1520911367781914,1.9022022776230323
30.0,99.0,214.22732543945312,-0.5709375357719852,0.6099977697356924,-3.140555826576952,-2.751540540879751,-1.5639863451240932,0.7150772700534826,-0.0298015949691891,2.517225884112829,0.2132561271602341,1.8995796105848937
30.0,99.0,201.4370574951172,-0.4540401323260987,0.8179070478135094,-3.314276906304189,-2.628539443785192,-1.3337882873665527,0.7127938785222587,-0.0269535484838654,2.590339428802196,0.2594558839508205,2.0689052243034824
30.0,99.0,216.8951416015625,-0.8209688307021434,0.7380708179123863,-3.421735287255472,-2.590285251222465,-1.155161557111979,0.7342647559357545,-0.0585356627712509,2.540457390469685,0.2245473946276626,2.0744917312299864
30.0,99.0,205.40724182128903,-1.2471719392371754,0.7338063691250966,-3.6956164114227614,-2.6893020048638974,-1.4361633841990469,0.7509499775402746,-0.0265320376388999,2.5844589496606782,0.2214973721181175,2.0621365244733765
30.0,99.0,203.8832092285156,-1.4790613265445376,0.7732738784922106,-3.3582703227624244,-2.695334901826924,-1.3453112019984668,0.7075198587616528,-0.0020897764918419,2.575840366118009,0.2040841445302196,2.0670954059278106
30.0,99.0,147.97607421875,-0.1753943806266924,1.395145652567223,-2.638932395765852,-2.214468329642911,-1.1318632073540378,0.903540100316074,0.0773086416309774,2.59866721862546,0.1378201062081425,1.882498542328312
30.0,99.0,185.0653686523437,-0.4142245386583997,1.4477108609956248,-2.5823062315438863,-2.164453658329141,-1.0361648330241349,0.7524905157490805,0.0663770822560962,2.5319006953094405,0.1196089891188965,1.9731892862038325
30.0,99.0,141.70181274414062,-0.1685325164104623,1.5501374366692815,-2.575998649215871,-2.234746371402544,-1.1432874811430065,0.8046625768658585,0.0558917629476091,2.540474328054145,0.1129549909816494,1.8172036393700528
30.0,99.0,203.4140472412109,-0.5678473708618155,0.7799693007154738,-3.6749830968560486,-2.725391649065348,-1.3797502672892723,0.7480700850134762,-0.0265029683648772,2.586302994710479,0.2283338142204806,2.0667280186433774
30.0,99.0,217.80987548828125,-0.7399219093249991,0.6265199654248446,-3.3812386568411683,-3.115740592719888,-2.4970438835882924,0.4187495791001843,-0.1164287251613381,2.541142812644273,0.2703581298861386,2.0687642066891287
30.0,99.0,201.7044219970703,-0.6552952230338768,0.789537644755984,-3.131677153117997,-2.725862189701337,-1.327890814222953,0.7257755438118074,-0.0264966475501739,2.5879562114865826,0.2411740536822892,2.06908069814025
30.0,99.0,147.891357421875,-0.1514091369466303,1.4226389789124485,-2.472524968969882,-2.254424289313682,-1.1299876004624414,0.8644690781454691,0.0585394553690915,2.540678788711155,0.0481537576306037,1.7177539918371183
30.0,99.0,207.52395629882807,-1.0172369141889488,0.5097226488719611,-3.674337809841004,-2.8353189978585056,-1.3644168602548383,0.7515932251121955,-0.0172059671688819,2.580125632767812,0.2261450789481383,2.063133829032119
30.0,99.0,175.8495330810547,-0.4775785043656096,1.232828352030302,-2.829773447056977,-2.384111755209133,-1.2235130123262596,0.8677996048050263,0.0581306772521697,2.565029186474866,0.1954501146382836,1.8987196644750453
30.0,99.0,221.4112243652344,-0.3577889705867167,0.8293934806643648,-3.3979003253151454,-2.7654536822693285,-1.6698577467448548,0.6572926121331348,0.0036915510580502,2.630194871551593,0.2211682507633885,2.2321347321959304
30.0,99.0,148.6250457763672,-0.1986492861108648,1.4209620232211004,-2.65459858518546,-2.257949075710216,-1.136677850453398,0.8572889993518071,0.1111603619959347,2.60279736794967,0.1589008643243573,1.9487578796654748
30.0,99.0,220.53668212890625,-1.2171966783311097,0.4756538204269566,-3.473961005955754,-3.088961056374514,-1.704597891261704,0.4920041034137272,-0.0918239354140258,2.562499878329205,0.3992523830963432,2.654374933471221
30.0,99.0,150.9752197265625,-0.1775624783970037,1.401633628584086,-2.709509538975155,-2.21492977136202,-1.1603965254135886,0.8315500045659168,0.0522790887871648,2.57576063415358,0.1270628370713633,1.6772362601068225
30.0,99.0,245.9429931640625,-0.8483266135729868,0.6453986865434707,-3.506552371550096,-3.271625883978806,-2.56814784519429,0.2147286641374462,-0.1436646083617611,2.4296898910346845,0.2413711030766583,2.371772908737178
30.0,99.0,220.6161956787109,-0.9503927517081534,0.677458880081766,-3.4985466721108613,-3.1419557166689587,-2.6450864950941537,0.7657276416976995,-0.0800017667336136,2.591298282155937,0.2318220931468717,1.9778696258291708
30.0,99.0,209.95681762695312,-0.8546054761373488,0.5561256830121146,-3.5196763665523463,-2.9998356632825494,-1.6631055522139582,0.5872105304760162,-0.0307104087849592,2.588951662564981,0.2473229352094717,1.9606851088631445
30.0,99.0,205.36083984375,-1.0410372824203336,0.7676645361621044,-3.3922084993722885,-2.757479147550971,-1.3696282247663814,0.7197802351399657,0.0253103845882088,2.591243372468218,0.2560553276800137,2.054097732849192
30.0,99.0,205.4263153076172,-1.0610826982318322,0.7387432132212964,-3.5269101097837323,-2.588175478326636,-1.3746018730768372,0.7544874944278932,-0.0259144887775997,2.5909527780546773,0.210068459110206,2.063579531483645
30.0,99.0,172.61151123046875,-0.1592416640714551,1.3781854332006982,-2.842439873240012,-2.5781979073611363,-1.1858615648576751,0.8182413546845793,-0.0201786099424935,2.54670396876944,0.0844296178985597,1.767456241439366
30.0,99.0,144.32171630859375,-0.1567597370205269,1.3895092158946387,-2.569657595449988,-2.243604837029796,-1.1516167881477226,0.8984333026920511,0.0548166478961312,2.5355142957097367,0.1352836858182341,1.7901371097300829
30.0,99.0,145.2047119140625,-0.1477976237940177,1.392680310215214,-2.532579821443925,-2.240551415351056,-1.1557647472069534,0.8741154020041527,0.0290850792770973,2.5416485961678577,0.2004377798493291,2.052579034713903
30.0,99.0,203.7299041748047,-1.4671963034076896,0.7718039591814964,-3.521820860113768,-2.7055890962796987,-1.3850800460590984,0.7492558679810841,0.0041742840984898,2.5864682179734686,0.2295821296873494,1.9406396168518183
30.0,99.0,240.0376892089844,-0.818985015422538,0.7325545795717203,-3.463958090524869,-3.1745869837099026,-1.9281247841715203,0.2058466922336207,-0.3766659363291286,2.6001316734345754,0.2265875295001577,2.1979228280822705
30.0,99.0,239.34703063964844,-0.5573109000134422,1.0820330890696988,-3.240952051214933,-3.640707829016172,-1.7737497179098791,0.4745016799634982,0.0314885242161033,2.6135288507269894,0.153150853889011,1.936260516662292
30.0,99.0,212.3438873291016,-1.557908792152764,0.7812118760917048,-3.276699207737689,-2.517975874158795,-1.3094452414096935,0.8953993694345304,0.0426183328891991,2.521546768070464,0.1659403421417329,1.953499831456992
30.0,99.0,210.02865600585932,-0.8580111126169524,0.7817574778197114,-3.3139554907647666,-2.747140032872876,-1.527584908101148,0.7203383849461824,0.0051663944622394,2.5105962979010927,0.2203589910254215,2.0933798890874407
30.0,99.0,260.75506591796875,-0.7235173814946477,0.2633142916060825,-3.729488048766044,-2.598819823759516,-1.5621266964312754,0.5837873023273118,-0.2228563854805409,2.2311934862750764,0.0184947537160842,1.5811522207979942
30.0,99.0,203.24859619140625,-0.9192315676381116,0.6919205216551769,-3.0556354367665235,-2.451509490379421,-1.3093301803592623,0.7055183031443459,-0.0108541801189103,2.503597830966404,0.1763286553760367,1.883109007204634
30.0,99.0,209.853515625,-0.6115977473066232,0.7776220381257966,-3.835539989399004,-2.6171739805113914,-1.275521664933832,0.7366176474541036,-0.0458302544230463,2.584816162634513,0.2980722673261389,2.069972514370848
30.0,99.0,151.47451782226562,-0.1418211981072229,1.412601979240955,-2.6557115778260787,-2.379498146467377,-1.1525648674504068,0.8199042572593136,-0.0853159925599691,2.5171243505357133,0.1283542900155694,1.8213361689400305
30.0,99.0,139.55245971679688,-0.1799832481474482,1.5851288968146715,-2.50722816037407,-2.2391577076401434,-1.1621592273072054,0.8522463405543167,0.0565107814755018,2.536626467713893,0.1308657498061176,1.80726400534788
30.0,99.0,245.99302673339844,-0.7494604562313425,0.5827624451646062,-3.1978432976312727,-2.930434860001456,-2.589522757468941,0.4511330050359632,-0.2349149109541924,2.459352546895984,0.2558733024443547,1.86071018527782
30.0,99.0,210.119873046875,-0.7610068930568665,0.5642124147423887,-3.726421416211226,-2.7995431788777383,-1.3708891968054873,0.679066308131347,0.0234932080174868,2.5843400721228726,0.297657964549431,2.1950618999519365
30.0,99.0,140.07952880859375,-0.1705972684404303,1.5744298234031444,-2.5248779128573338,-2.2530706335500423,-1.1456221555722588,0.9013505918828096,0.057991828968424,2.538744156640316,0.1291620819988968,1.810862351586772
30.0,99.0,215.4642791748047,-0.619272128359899,1.0161821115856564,-3.392347947738536,-3.718930889608517,-1.3159031693529706,0.8296082231312336,0.0283507836533688,2.580653015910745,0.2883060967232943,2.043397947376025
30.0,99.0,205.575927734375,-0.8160173862793221,0.5906195673798553,-3.5501247184478806,-2.9220737949502533,-1.5276746941164658,0.7254873283981647,-0.0189028447691116,2.5943872451814447,0.2168908645567235,1.9760531472632008
30.0,99.0,200.966552734375,0.0511069574124457,1.747527639933753,-2.322465838549517,-2.385367672303049,-1.5689299050997256,0.7279599504360057,0.0318551325799721,2.538697767103279,0.2265852792998942,1.890549882815444
30.0,99.0,140.95059204101562,-0.0758722971174136,1.5463698794572058,-2.51310326190627,-2.2798321956551386,-1.17379780869854,0.8926691400002842,0.131651864853358,2.543541387274989,0.1276334417693584,1.8032608665127847
30.0,99.0,155.98338317871094,-0.2024276395039266,1.4757110585336122,-2.4502597428080977,-2.082774826371418,-0.9601509290415876,0.9056574070079249,0.050352590757788,2.5285115153311137,0.0621560000786131,1.6667480598192068
30.0,99.0,211.49984741210932,-0.6023430394608064,0.6862990325442788,-3.3371353581117207,-2.8851573211860253,-1.389844403508281,0.7960834819435386,-0.0731183203058278,2.570385485955568,0.1939850410112546,2.062637422407674
30.0,99.0,203.5377197265625,-0.7554581713797442,0.5923854189498861,-3.044490820697141,-2.484803336870788,-1.3228756579212249,0.7903576123627445,-0.0791024217178839,2.4920453876996134,0.1334636090779443,1.7953664526480333
30.0,99.0,156.1363067626953,-0.2760540952185579,1.3788603984589185,-2.677692971778043,-2.2776812973108007,-1.2271409693286892,0.7593997243579433,0.0223990236343197,2.533094999759438,0.1595613271141087,2.003122963565078
30.0,99.0,138.86634826660156,-0.1624262735988433,1.5489224699855646,-2.5608669978179264,-2.2487773082726696,-1.152822392540219,0.8329065325469658,0.0631211708700835,2.538375961884181,0.1328284256882179,1.816430224869659
30.0,99.0,146.11997985839844,0.0231773239615567,1.5900440339081472,-2.557088513817261,-2.2596745168926566,-1.116703160570698,0.9839692671284156,0.0308092790054673,2.5387506742986723,0.170607838222245,1.898810586817404
30.0,99.0,173.00320434570312,-0.4374654517932287,1.2357249990135362,-2.79238402845472,-2.355827463102169,-1.220448700538539,0.8911572022735176,0.0642796433100644,2.564324926403032,0.1520911367781914,1.9022022776230323
30.0,100.0,214.22732543945312,-0.5709375357719852,0.6099977697356924,-3.140555826576952,-2.751540540879751,-1.5639863451240932,0.7150772700534826,-0.0298015949691891,2.517225884112829,0.2132561271602341,1.8995796105848937
30.0,100.0,201.4370574951172,-0.4540401323260987,0.8179070478135094,-3.314276906304189,-2.628539443785192,-1.3337882873665527,0.7127938785222587,-0.0269535484838654,2.590339428802196,0.2594558839508205,2.0689052243034824
30.0,100.0,216.8951416015625,-0.8209688307021434,0.7380708179123863,-3.421735287255472,-2.590285251222465,-1.155161557111979,0.7342647559357545,-0.0585356627712509,2.540457390469685,0.2245473946276626,2.0744917312299864
30.0,100.0,205.40724182128903,-1.2471719392371754,0.7338063691250966,-3.6956164114227614,-2.6893020048638974,-1.4361633841990469,0.7509499775402746,-0.0265320376388999,2.5844589496606782,0.2214973721181175,2.0621365244733765
30.0,100.0,203.8832092285156,-1.4790613265445376,0.7732738784922106,-3.3582703227624244,-2.695334901826924,-1.3453112019984668,0.7075198587616528,-0.0020897764918419,2.575840366118009,0.2040841445302196,2.0670954059278106
30.0,100.0,147.97607421875,-0.1753943806266924,1.395145652567223,-2.638932395765852,-2.214468329642911,-1.1318632073540378,0.903540100316074,0.0773086416309774,2.59866721862546,0.1378201062081425,1.882498542328312
30.0,100.0,185.0653686523437,-0.4142245386583997,1.4477108609956248,-2.5823062315438863,-2.164453658329141,-1.0361648330241349,0.7524905157490805,0.0663770822560962,2.5319006953094405,0.1196089891188965,1.9731892862038325
30.0,100.0,141.70181274414062,-0.1685325164104623,1.5501374366692815,-2.575998649215871,-2.234746371402544,-1.1432874811430065,0.8046625768658585,0.0558917629476091,2.540474328054145,0.1129549909816494,1.8172036393700528
30.0,100.0,203.4140472412109,-0.5678473708618155,0.7799693007154738,-3.6749830968560486,-2.725391649065348,-1.3797502672892723,0.7480700850134762,-0.0265029683648772,2.586302994710479,0.2283338142204806,2.0667280186433774
30.0,100.0,217.80987548828125,-0.7399219093249991,0.6265199654248446,-3.3812386568411683,-3.115740592719888,-2.4970438835882924,0.4187495791001843,-0.1164287251613381,2.541142812644273,0.2703581298861386,2.0687642066891287
30.0,100.0,201.7044219970703,-0.6552952230338768,0.789537644755984,-3.131677153117997,-2.725862189701337,-1.327890814222953,0.7257755438118074,-0.0264966475501739,2.5879562114865826,0.2411740536822892,2.06908069814025
30.0,100.0,147.72621154785156,-0.1939006752508493,1.4979391158531548,-2.532450702160125,-2.257979484741621,-1.1423032820860115,0.8674318531329542,0.0581448647145933,2.573350345779238,0.0728363797434046,1.8767522428541328
30.0,100.0,207.52395629882807,-1.0172369141889488,0.5097226488719611,-3.674337809841004,-2.8353189978585056,-1.3644168602548383,0.7515932251121955,-0.0172059671688819,2.580125632767812,0.2261450789481383,2.063133829032119
30.0,100.0,175.8495330810547,-0.4775785043656096,1.232828352030302,-2.829773447056977,-2.384111755209133,-1.2235130123262596,0.8677996048050263,0.0581306772521697,2.565029186474866,0.1954501146382836,1.8987196644750453
30.0,100.0,221.4112243652344,-0.3577889705867167,0.8293934806643648,-3.3979003253151454,-2.7654536822693285,-1.6698577467448548,0.6572926121331348,0.0036915510580502,2.630194871551593,0.2211682507633885,2.2321347321959304
30.0,100.0,148.6250457763672,-0.1986492861108648,1.4209620232211004,-2.65459858518546,-2.257949075710216,-1.136677850453398,0.8572889993518071,0.1111603619959347,2.60279736794967,0.1589008643243573,1.9487578796654748
30.0,100.0,220.53668212890625,-1.2171966783311097,0.4756538204269566,-3.473961005955754,-3.088961056374514,-1.704597891261704,0.4920041034137272,-0.0918239354140258,2.562499878329205,0.3992523830963432,2.654374933471221
30.0,100.0,150.9752197265625,-0.1775624783970037,1.401633628584086,-2.709509538975155,-2.21492977136202,-1.1603965254135886,0.8315500045659168,0.0522790887871648,2.57576063415358,0.1270628370713633,1.6772362601068225
30.0,100.0,245.9429931640625,-0.8483266135729868,0.6453986865434707,-3.506552371550096,-3.271625883978806,-2.56814784519429,0.2147286641374462,-0.1436646083617611,2.4296898910346845,0.2413711030766583,2.371772908737178
30.0,100.0,220.6161956787109,-0.9503927517081534,0.677458880081766,-3.4985466721108613,-3.1419557166689587,-2.6450864950941537,0.7657276416976995,-0.0800017667336136,2.591298282155937,0.2318220931468717,1.9778696258291708
30.0,100.0,209.95681762695312,-0.8546054761373488,0.5561256830121146,-3.5196763665523463,-2.9998356632825494,-1.6631055522139582,0.5872105304760162,-0.0307104087849592,2.588951662564981,0.2473229352094717,1.9606851088631445
30.0,100.0,205.36083984375,-1.0410372824203336,0.7676645361621044,-3.3922084993722885,-2.757479147550971,-1.3696282247663814,0.7197802351399657,0.0253103845882088,2.591243372468218,0.2560553276800137,2.054097732849192
30.0,100.0,205.4263153076172,-1.0610826982318322,0.7387432132212964,-3.5269101097837323,-2.588175478326636,-1.3746018730768372,0.7544874944278932,-0.0259144887775997,2.5909527780546773,0.210068459110206,2.063579531483645
30.0,100.0,172.61151123046875,-0.1592416640714551,1.3781854332006982,-2.842439873240012,-2.5781979073611363,-1.1858615648576751,0.8182413546845793,-0.0201786099424935,2.54670396876944,0.0844296178985597,1.767456241439366
30.0,100.0,144.32171630859375,-0.1567597370205269,1.3895092158946387,-2.569657595449988,-2.243604837029796,-1.1516167881477226,0.8984333026920511,0.0548166478961312,2.5355142957097367,0.1352836858182341,1.7901371097300829
30.0,100.0,145.2047119140625,-0.1477976237940177,1.392680310215214,-2.532579821443925,-2.240551415351056,-1.1557647472069534,0.8741154020041527,0.0290850792770973,2.5416485961678577,0.2004377798493291,2.052579034713903
30.0,100.0,203.7299041748047,-1.4671963034076896,0.7718039591814964,-3.521820860113768,-2.7055890962796987,-1.3850800460590984,0.7492558679810841,0.0041742840984898,2.5864682179734686,0.2295821296873494,1.9406396168518183
30.0,100.0,240.0376892089844,-0.818985015422538,0.7325545795717203,-3.463958090524869,-3.1745869837099026,-1.9281247841715203,0.2058466922336207,-0.3766659363291286,2.6001316734345754,0.2265875295001577,2.1979228280822705
30.0,100.0,239.34703063964844,-0.5573109000134422,1.0820330890696988,-3.240952051214933,-3.640707829016172,-1.7737497179098791,0.4745016799634982,0.0314885242161033,2.6135288507269894,0.153150853889011,1.936260516662292
30.0,100.0,212.3438873291016,-1.557908792152764,0.7812118760917048,-3.276699207737689,-2.517975874158795,-1.3094452414096935,0.8953993694345304,0.0426183328891991,2.521546768070464,0.1659403421417329,1.953499831456992
30.0,100.0,210.02865600585932,-0.8580111126169524,0.7817574778197114,-3.3139554907647666,-2.747140032872876,-1.527584908101148,0.7203383849461824,0.0051663944622394,2.5105962979010927,0.2203589910254215,2.0933798890874407
30.0,100.0,260.75506591796875,-0.7235173814946477,0.2633142916060825,-3.729488048766044,-2.598819823759516,-1.5621266964312754,0.5837873023273118,-0.2228563854805409,2.2311934862750764,0.0184947537160842,1.5811522207979942
30.0,100.0,191.34083557128903,-1.5782530283405627,1.462905161101563,-2.756038926781092,-2.3587594639159164,-1.2809563166407751,0.722111698658904,0.0833811676068319,2.536624253604572,0.1890429879280465,1.943734046562741
30.0,100.0,209.853515625,-0.6115977473066232,0.7776220381257966,-3.835539989399004,-2.6171739805113914,-1.275521664933832,0.7366176474541036,-0.0458302544230463,2.584816162634513,0.2980722673261389,2.069972514370848
30.0,100.0,151.47451782226562,-0.1418211981072229,1.412601979240955,-2.6557115778260787,-2.379498146467377,-1.1525648674504068,0.8199042572593136,-0.0853159925599691,2.5171243505357133,0.1283542900155694,1.8213361689400305
30.0,100.0,139.55245971679688,-0.1799832481474482,1.5851288968146715,-2.50722816037407,-2.2391577076401434,-1.1621592273072054,0.8522463405543167,0.0565107814755018,2.536626467713893,0.1308657498061176,1.80726400534788
30.0,100.0,245.99302673339844,-0.7494604562313425,0.5827624451646062,-3.1978432976312727,-2.930434860001456,-2.589522757468941,0.4511330050359632,-0.2349149109541924,2.459352546895984,0.2558733024443547,1.86071018527782
30.0,100.0,210.119873046875,-0.7610068930568665,0.5642124147423887,-3.726421416211226,-2.7995431788777383,-1.3708891968054873,0.679066308131347,0.0234932080174868,2.5843400721228726,0.297657964549431,2.1950618999519365
30.0,100.0,140.07952880859375,-0.1705972684404303,1.5744298234031444,-2.5248779128573338,-2.2530706335500423,-1.1456221555722588,0.9013505918828096,0.057991828968424,2.538744156640316,0.1291620819988968,1.810862351586772
30.0,100.0,215.4642791748047,-0.619272128359899,1.0161821115856564,-3.392347947738536,-3.718930889608517,-1.3159031693529706,0.8296082231312336,0.0283507836533688,2.580653015910745,0.2883060967232943,2.043397947376025
30.0,100.0,205.575927734375,-0.8160173862793221,0.5906195673798553,-3.5501247184478806,-2.9220737949502533,-1.5276746941164658,0.7254873283981647,-0.0189028447691116,2.5943872451814447,0.2168908645567235,1.9760531472632008
30.0,100.0,200.966552734375,0.0511069574124457,1.747527639933753,-2.322465838549517,-2.385367672303049,-1.5689299050997256,0.7279599504360057,0.0318551325799721,2.538697767103279,0.2265852792998942,1.890549882815444
30.0,100.0,140.95059204101562,-0.0758722971174136,1.5463698794572058,-2.51310326190627,-2.2798321956551386,-1.17379780869854,0.8926691400002842,0.131651864853358,2.543541387274989,0.1276334417693584,1.8032608665127847
30.0,100.0,155.98338317871094,-0.2024276395039266,1.4757110585336122,-2.4502597428080977,-2.082774826371418,-0.9601509290415876,0.9056574070079249,0.050352590757788,2.5285115153311137,0.0621560000786131,1.6667480598192068
30.0,100.0,211.49984741210932,-0.6023430394608064,0.6862990325442788,-3.3371353581117207,-2.8851573211860253,-1.389844403508281,0.7960834819435386,-0.0731183203058278,2.570385485955568,0.1939850410112546,2.062637422407674
30.0,100.0,203.5377197265625,-0.7554581713797442,0.5923854189498861,-3.044490820697141,-2.484803336870788,-1.3228756579212249,0.7903576123627445,-0.0791024217178839,2.4920453876996134,0.1334636090779443,1.7953664526480333
30.0,100.0,156.1363067626953,-0.2760540952185579,1.3788603984589185,-2.677692971778043,-2.2776812973108007,-1.2271409693286892,0.7593997243579433,0.0223990236343197,2.533094999759438,0.1595613271141087,2.003122963565078
30.0,100.0,138.86634826660156,-0.1624262735988433,1.5489224699855646,-2.5608669978179264,-2.2487773082726696,-1.152822392540219,0.8329065325469658,0.0631211708700835,2.538375961884181,0.1328284256882179,1.816430224869659
30.0,100.0,146.11997985839844,0.0231773239615567,1.5900440339081472,-2.557088513817261,-2.2596745168926566,-1.116703160570698,0.9839692671284156,0.0308092790054673,2.5387506742986723,0.170607838222245,1.898810586817404
30.0,100.0,173.00320434570312,-0.4374654517932287,1.2357249990135362,-2.79238402845472,-2.355827463102169,-1.220448700538539,0.8911572022735176,0.0642796433100644,2.564324926403032,0.1520911367781914,1.9022022776230323
30.0,101.0,214.22732543945312,-0.5709375357719852,0.6099977697356924,-3.140555826576952,-2.751540540879751,-1.5639863451240932,0.7150772700534826,-0.0298015949691891,2.517225884112829,0.2132561271602341,1.8995796105848937
30.0,101.0,201.4370574951172,-0.4540401323260987,0.8179070478135094,-3.314276906304189,-2.628539443785192,-1.3337882873665527,0.7127938785222587,-0.0269535484838654,2.590339428802196,0.2594558839508205,2.0689052243034824
30.0,101.0,216.8951416015625,-0.8209688307021434,0.7380708179123863,-3.421735287255472,-2.590285251222465,-1.155161557111979,0.7342647559357545,-0.0585356627712509,2.540457390469685,0.2245473946276626,2.0744917312299864
30.0,101.0,205.40724182128903,-1.2471719392371754,0.7338063691250966,-3.6956164114227614,-2.6893020048638974,-1.4361633841990469,0.7509499775402746,-0.0265320376388999,2.5844589496606782,0.2214973721181175,2.0621365244733765
30.0,101.0,203.8832092285156,-1.4790613265445376,0.7732738784922106,-3.3582703227624244,-2.695334901826924,-1.3453112019984668,0.7075198587616528,-0.0020897764918419,2.575840366118009,0.2040841445302196,2.0670954059278106
30.0,101.0,147.97607421875,-0.1753943806266924,1.395145652567223,-2.638932395765852,-2.214468329642911,-1.1318632073540378,0.903540100316074,0.0773086416309774,2.59866721862546,0.1378201062081425,1.882498542328312
30.0,101.0,179.71534729003906,-0.4294391819388351,1.5182471795225465,-2.607939737838965,-2.299309196689008,-1.2211510969322157,0.6866797279846205,0.0643592760501503,2.523830065005916,0.1250747037079508,1.7848519331104384
30.0,101.0,141.51535034179688,-0.1676471296526489,1.57826048426288,-2.5649783239559607,-2.2380349390840606,-1.1566985250094934,0.8772990285411679,0.0624179140061281,2.538299989608136,0.1173217381915347,1.8163076726893688
30.0,101.0,203.4140472412109,-0.5678473708618155,0.7799693007154738,-3.6749830968560486,-2.725391649065348,-1.3797502672892723,0.7480700850134762,-0.0265029683648772,2.586302994710479,0.2283338142204806,2.0667280186433774
30.0,101.0,217.80987548828125,-0.7399219093249991,0.6265199654248446,-3.3812386568411683,-3.115740592719888,-2.4970438835882924,0.4187495791001843,-0.1164287251613381,2.541142812644273,0.2703581298861386,2.0687642066891287
30.0,101.0,201.7044219970703,-0.6552952230338768,0.789537644755984,-3.131677153117997,-2.725862189701337,-1.327890814222953,0.7257755438118074,-0.0264966475501739,2.5879562114865826,0.2411740536822892,2.06908069814025
30.0,101.0,147.72621154785156,-0.1939006752508493,1.4979391158531548,-2.532450702160125,-2.257979484741621,-1.1423032820860115,0.8674318531329542,0.0581448647145933,2.573350345779238,0.0728363797434046,1.8767522428541328
30.0,101.0,207.52395629882807,-1.0172369141889488,0.5097226488719611,-3.674337809841004,-2.8353189978585056,-1.3644168602548383,0.7515932251121955,-0.0172059671688819,2.580125632767812,0.2261450789481383,2.063133829032119
30.0,101.0,175.8495330810547,-0.4775785043656096,1.232828352030302,-2.829773447056977,-2.384111755209133,-1.2235130123262596,0.8677996048050263,0.0581306772521697,2.565029186474866,0.1954501146382836,1.8987196644750453
30.0,101.0,221.4112243652344,-0.3577889705867167,0.8293934806643648,-3.3979003253151454,-2.7654536822693285,-1.6698577467448548,0.6572926121331348,0.0036915510580502,2.630194871551593,0.2211682507633885,2.2321347321959304
30.0,101.0,148.6250457763672,-0.1986492861108648,1.4209620232211004,-2.65459858518546,-2.257949075710216,-1.136677850453398,0.8572889993518071,0.1111603619959347,2.60279736794967,0.1589008643243573,1.9487578796654748
30.0,101.0,220.53668212890625,-1.2171966783311097,0.4756538204269566,-3.473961005955754,-3.088961056374514,-1.704597891261704,0.4920041034137272,-0.0918239354140258,2.562499878329205,0.3992523830963432,2.654374933471221
30.0,101.0,150.9752197265625,-0.1775624783970037,1.401633628584086,-2.709509538975155,-2.21492977136202,-1.1603965254135886,0.8315500045659168,0.0522790887871648,2.57576063415358,0.1270628370713633,1.6772362601068225
30.0,101.0,245.9429931640625,-0.8483266135729868,0.6453986865434707,-3.506552371550096,-3.271625883978806,-2.56814784519429,0.2147286641374462,-0.1436646083617611,2.4296898910346845,0.2413711030766583,2.371772908737178
30.0,101.0,220.6161956787109,-0.9503927517081534,0.677458880081766,-3.4985466721108613,-3.1419557166689587,-2.6450864950941537,0.7657276416976995,-0.0800017667336136,2.591298282155937,0.2318220931468717,1.9778696258291708
30.0,101.0,209.95681762695312,-0.8546054761373488,0.5561256830121146,-3.5196763665523463,-2.9998356632825494,-1.6631055522139582,0.5872105304760162,-0.0307104087849592,2.588951662564981,0.2473229352094717,1.9606851088631445
30.0,101.0,198.1161651611328,-2.038243775065099,1.5493086873758664,-2.845738260058812,-2.791556400356753,-1.3545742485838108,0.7431300521504673,0.0653416799188597,2.5513340819415955,0.1909917097448164,1.910990100271098
30.0,101.0,205.4263153076172,-1.0610826982318322,0.7387432132212964,-3.5269101097837323,-2.588175478326636,-1.3746018730768372,0.7544874944278932,-0.0259144887775997,2.5909527780546773,0.210068459110206,2.063579531483645
30.0,101.0,172.61151123046875,-0.1592416640714551,1.3781854332006982,-2.842439873240012,-2.5781979073611363,-1.1858615648576751,0.8182413546845793,-0.0201786099424935,2.54670396876944,0.0844296178985597,1.767456241439366
30.0,101.0,140.42506408691406,-0.1231691343012334,1.5261925979131252,-2.5510881951835267,-2.138217341582353,-1.1526007180789968,0.8373915023406256,0.0458963879901323,2.5458489270733304,0.1346086023251771,1.8421509058126817
30.0,101.0,140.92250061035156,-0.1578175040544302,1.5357471937293226,-2.572885211687902,-2.2413803787954967,-1.1526301002426311,0.8706008537826532,0.0396143979996494,2.5380261465348712,0.2483336071012503,2.0120638771213173
30.0,101.0,203.7299041748047,-1.4671963034076896,0.7718039591814964,-3.521820860113768,-2.7055890962796987,-1.3850800460590984,0.7492558679810841,0.0041742840984898,2.5864682179734686,0.2295821296873494,1.9406396168518183
30.0,101.0,240.0376892089844,-0.818985015422538,0.7325545795717203,-3.463958090524869,-3.1745869837099026,-1.9281247841715203,0.2058466922336207,-0.3766659363291286,2.6001316734345754,0.2265875295001577,2.1979228280822705
30.0,101.0,239.34703063964844,-0.5573109000134422,1.0820330890696988,-3.240952051214933,-3.640707829016172,-1.7737497179098791,0.4745016799634982,0.0314885242161033,2.6135288507269894,0.153150853889011,1.936260516662292
30.0,101.0,212.3438873291016,-1.557908792152764,0.7812118760917048,-3.276699207737689,-2.517975874158795,-1.3094452414096935,0.8953993694345304,0.0426183328891991,2.521546768070464,0.1659403421417329,1.953499831456992
30.0,101.0,210.02865600585932,-0.8580111126169524,0.7817574778197114,-3.3139554907647666,-2.747140032872876,-1.527584908101148,0.7203383849461824,0.0051663944622394,2.5105962979010927,0.2203589910254215,2.0933798890874407
30.0,101.0,260.75506591796875,-0.7235173814946477,0.2633142916060825,-3.729488048766044,-2.598819823759516,-1.5621266964312754,0.5837873023273118,-0.2228563854805409,2.2311934862750764,0.0184947537160842,1.5811522207979942
30.0,101.0,180.75180053710932,-1.5807573939206765,1.469290316596337,-2.5297438910965795,-2.303541822213111,-1.2326950186349293,0.7274332656968645,0.0766846025806966,2.552040644417223,0.1382893542705546,1.937735264157364
30.0,101.0,209.853515625,-0.6115977473066232,0.7776220381257966,-3.835539989399004,-2.6171739805113914,-1.275521664933832,0.7366176474541036,-0.0458302544230463,2.584816162634513,0.2980722673261389,2.069972514370848
30.0,101.0,151.47451782226562,-0.1418211981072229,1.412601979240955,-2.6557115778260787,-2.379498146467377,-1.1525648674504068,0.8199042572593136,-0.0853159925599691,2.5171243505357133,0.1283542900155694,1.8213361689400305
30.0,101.0,139.55245971679688,-0.1799832481474482,1.5851288968146715,-2.50722816037407,-2.2391577076401434,-1.1621592273072054,0.8522463405543167,0.0565107814755018,2.536626467713893,0.1308657498061176,1.80726400534788
30.0,101.0,245.99302673339844,-0.7494604562313425,0.5827624451646062,-3.1978432976312727,-2.930434860001456,-2.589522757468941,0.4511330050359632,-0.2349149109541924,2.459352546895984,0.2558733024443547,1.86071018527782
30.0,101.0,210.119873046875,-0.7610068930568665,0.5642124147423887,-3.726421416211226,-2.7995431788777383,-1.3708891968054873,0.679066308131347,0.0234932080174868,2.5843400721228726,0.297657964549431,2.1950618999519365
30.0,101.0,140.07952880859375,-0.1705972684404303,1.5744298234031444,-2.5248779128573338,-2.2530706335500423,-1.1456221555722588,0.9013505918828096,0.057991828968424,2.538744156640316,0.1291620819988968,1.810862351586772
30.0,101.0,215.4642791748047,-0.619272128359899,1.0161821115856564,-3.392347947738536,-3.718930889608517,-1.3159031693529706,0.8296082231312336,0.0283507836533688,2.580653015910745,0.2883060967232943,2.043397947376025
30.0,101.0,205.575927734375,-0.8160173862793221,0.5906195673798553,-3.5501247184478806,-2.9220737949502533,-1.5276746941164658,0.7254873283981647,-0.0189028447691116,2.5943872451814447,0.2168908645567235,1.9760531472632008
30.0,101.0,200.966552734375,0.0511069574124457,1.747527639933753,-2.322465838549517,-2.385367672303049,-1.5689299050997256,0.7279599504360057,0.0318551325799721,2.538697767103279,0.2265852792998942,1.890549882815444
30.0,101.0,140.95059204101562,-0.0758722971174136,1.5463698794572058,-2.51310326190627,-2.2798321956551386,-1.17379780869854,0.8926691400002842,0.131651864853358,2.543541387274989,0.1276334417693584,1.8032608665127847
30.0,101.0,147.184326171875,-0.0405363997524206,1.5030279308288623,-2.4406287533934004,-2.168772691134057,-0.9820398880100109,0.9391154075520962,0.0634634722304155,2.5278287114971616,0.1221443240665024,1.748257460055134
30.0,101.0,211.49984741210932,-0.6023430394608064,0.6862990325442788,-3.3371353581117207,-2.8851573211860253,-1.389844403508281,0.7960834819435386,-0.0731183203058278,2.570385485955568,0.1939850410112546,2.062637422407674
30.0,101.0,203.5377197265625,-0.7554581713797442,0.5923854189498861,-3.044490820697141,-2.484803336870788,-1.3228756579212249,0.7903576123627445,-0.0791024217178839,2.4920453876996134,0.1334636090779443,1.7953664526480333
30.0,101.0,156.1363067626953,-0.2760540952185579,1.3788603984589185,-2.677692971778043,-2.2776812973108007,-1.2271409693286892,0.7593997243579433,0.0223990236343197,2.533094999759438,0.1595613271141087,2.003122963565078
30.0,101.0,138.86634826660156,-0.1624262735988433,1.5489224699855646,-2.5608669978179264,-2.2487773082726696,-1.152822392540219,0.8329065325469658,0.0631211708700835,2.538375961884181,0.1328284256882179,1.816430224869659
30.0,101.0,146.11997985839844,0.0231773239615567,1.5900440339081472,-2.557088513817261,-2.2596745168926566,-1.116703160570698,0.9839692671284156,0.0308092790054673,2.5387506742986723,0.170607838222245,1.898810586817404
30.0,101.0,173.00320434570312,-0.4374654517932287,1.2357249990135362,-2.79238402845472,-2.355827463102169,-1.220448700538539,0.8911572022735176,0.0642796433100644,2.564324926403032,0.1520911367781914,1.9022022776230323
30.0,102.0,214.22732543945312,-0.5709375357719852,0.6099977697356924,-3.140555826576952,-2.751540540879751,-1.5639863451240932,0.7150772700534826,-0.0298015949691891,2.517225884112829,0.2132561271602341,1.8995796105848937
30.0,102.0,201.4370574951172,-0.4540401323260987,0.8179070478135094,-3.314276906304189,-2.628539443785192,-1.3337882873665527,0.7127938785222587,-0.0269535484838654,2.590339428802196,0.2594558839508205,2.0689052243034824
30.0,102.0,216.8951416015625,-0.8209688307021434,0.7380708179123863,-3.421735287255472,-2.590285251222465,-1.155161557111979,0.7342647559357545,-0.0585356627712509,2.540457390469685,0.2245473946276626,2.0744917312299864
30.0,102.0,205.40724182128903,-1.2471719392371754,0.7338063691250966,-3.6956164114227614,-2.6893020048638974,-1.4361633841990469,0.7509499775402746,-0.0265320376388999,2.5844589496606782,0.2214973721181175,2.0621365244733765
30.0,102.0,203.8832092285156,-1.4790613265445376,0.7732738784922106,-3.3582703227624244,-2.695334901826924,-1.3453112019984668,0.7075198587616528,-0.0020897764918419,2.575840366118009,0.2040841445302196,2.0670954059278106
30.0,102.0,147.97607421875,-0.1753943806266924,1.395145652567223,-2.638932395765852,-2.214468329642911,-1.1318632073540378,0.903540100316074,0.0773086416309774,2.59866721862546,0.1378201062081425,1.882498542328312
30.0,102.0,152.4091796875,-0.2052244292277316,1.4335249258703708,-2.601913903798436,-2.33249649920457,-1.0915353574696294,0.7964200357860189,0.0638710003452214,2.537287474170038,0.1269240657784776,1.6543944259676349
30.0,102.0,140.14569091796875,-0.1596143386217478,1.572562641592737,-2.564853003151302,-2.2389393642239543,-1.1516309247711227,0.8781655047839267,0.0579179178654838,2.538269298644119,0.1208491632275317,1.815687986547092
30.0,102.0,203.4140472412109,-0.5678473708618155,0.7799693007154738,-3.6749830968560486,-2.725391649065348,-1.3797502672892723,0.7480700850134762,-0.0265029683648772,2.586302994710479,0.2283338142204806,2.0667280186433774
30.0,102.0,217.80987548828125,-0.7399219093249991,0.6265199654248446,-3.3812386568411683,-3.115740592719888,-2.4970438835882924,0.4187495791001843,-0.1164287251613381,2.541142812644273,0.2703581298861386,2.0687642066891287
30.0,102.0,201.7044219970703,-0.6552952230338768,0.789537644755984,-3.131677153117997,-2.725862189701337,-1.327890814222953,0.7257755438118074,-0.0264966475501739,2.5879562114865826,0.2411740536822892,2.06908069814025
30.0,102.0,147.72621154785156,-0.1939006752508493,1.4979391158531548,-2.532450702160125,-2.257979484741621,-1.1423032820860115,0.8674318531329542,0.0581448647145933,2.573350345779238,0.0728363797434046,1.8767522428541328
30.0,102.0,207.52395629882807,-1.0172369141889488,0.5097226488719611,-3.674337809841004,-2.8353189978585056,-1.3644168602548383,0.7515932251121955,-0.0172059671688819,2.580125632767812,0.2261450789481383,2.063133829032119
30.0,102.0,175.8495330810547,-0.4775785043656096,1.232828352030302,-2.829773447056977,-2.384111755209133,-1.2235130123262596,0.8677996048050263,0.0581306772521697,2.565029186474866,0.1954501146382836,1.8987196644750453
30.0,102.0,221.4112243652344,-0.3577889705867167,0.8293934806643648,-3.3979003253151454,-2.7654536822693285,-1.6698577467448548,0.6572926121331348,0.0036915510580502,2.630194871551593,0.2211682507633885,2.2321347321959304
30.0,102.0,148.6250457763672,-0.1986492861108648,1.4209620232211004,-2.65459858518546,-2.257949075710216,-1.136677850453398,0.8572889993518071,0.1111603619959347,2.60279736794967,0.1589008643243573,1.9487578796654748
30.0,102.0,220.53668212890625,-1.2171966783311097,0.4756538204269566,-3.473961005955754,-3.088961056374514,-1.704597891261704,0.4920041034137272,-0.0918239354140258,2.562499878329205,0.3992523830963432,2.654374933471221
30.0,102.0,150.9752197265625,-0.1775624783970037,1.401633628584086,-2.709509538975155,-2.21492977136202,-1.1603965254135886,0.8315500045659168,0.0522790887871648,2.57576063415358,0.1270628370713633,1.6772362601068225
30.0,102.0,245.9429931640625,-0.8483266135729868,0.6453986865434707,-3.506552371550096,-3.271625883978806,-2.56814784519429,0.2147286641374462,-0.1436646083617611,2.4296898910346845,0.2413711030766583,2.371772908737178
30.0,102.0,220.6161956787109,-0.9503927517081534,0.677458880081766,-3.4985466721108613,-3.1419557166689587,-2.6450864950941537,0.7657276416976995,-0.0800017667336136,2.591298282155937,0.2318220931468717,1.9778696258291708
30.0,102.0,209.95681762695312,-0.8546054761373488,0.5561256830121146,-3.5196763665523463,-2.9998356632825494,-1.6631055522139582,0.5872105304760162,-0.0307104087849592,2.588951662564981,0.2473229352094717,1.9606851088631445
30.0,102.0,198.1161651611328,-2.038243775065099,1.5493086873758664,-2.845738260058812,-2.791556400356753,-1.3545742485838108,0.7431300521504673,0.0653416799188597,2.5513340819415955,0.1909917097448164,1.910990100271098
30.0,102.0,205.4263153076172,-1.0610826982318322,0.7387432132212964,-3.5269101097837323,-2.588175478326636,-1.3746018730768372,0.7544874944278932,-0.0259144887775997,2.5909527780546773,0.210068459110206,2.063579531483645
30.0,102.0,172.61151123046875,-0.1592416640714551,1.3781854332006982,-2.842439873240012,-2.5781979073611363,-1.1858615648576751,0.8182413546845793,-0.0201786099424935,2.54670396876944,0.0844296178985597,1.767456241439366
30.0,102.0,140.42506408691406,-0.1231691343012334,1.5261925979131252,-2.5510881951835267,-2.138217341582353,-1.1526007180789968,0.8373915023406256,0.0458963879901323,2.5458489270733304,0.1346086023251771,1.8421509058126817
30.0,102.0,140.92250061035156,-0.1578175040544302,1.5357471937293226,-2.572885211687902,-2.2413803787954967,-1.1526301002426311,0.8706008537826532,0.0396143979996494,2.5380261465348712,0.2483336071012503,2.0120638771213173
30.0,102.0,203.7299041748047,-1.4671963034076896,0.7718039591814964,-3.521820860113768,-2.7055890962796987,-1.3850800460590984,0.7492558679810841,0.0041742840984898,2.5864682179734686,0.2295821296873494,1.9406396168518183
30.0,102.0,240.0376892089844,-0.818985015422538,0.7325545795717203,-3.463958090524869,-3.1745869837099026,-1.9281247841715203,0.2058466922336207,-0.3766659363291286,2.6001316734345754,0.2265875295001577,2.1979228280822705
30.0,102.0,239.34703063964844,-0.5573109000134422,1.0820330890696988,-3.240952051214933,-3.640707829016172,-1.7737497179098791,0.4745016799634982,0.0314885242161033,2.6135288507269894,0.153150853889011,1.936260516662292
30.0,102.0,174.9043731689453,-0.4337148036269149,1.3957858779033767,-2.563306055980149,-2.192045404372617,-1.0163253117217677,0.9323530831185236,0.0483385174874929,2.489070490227351,0.15075481690501,1.9308161435418136
30.0,102.0,210.02865600585932,-0.8580111126169524,0.7817574778197114,-3.3139554907647666,-2.747140032872876,-1.527584908101148,0.7203383849461824,0.0051663944622394,2.5105962979010927,0.2203589910254215,2.0933798890874407
30.0,102.0,260.75506591796875,-0.7235173814946477,0.2633142916060825,-3.729488048766044,-2.598819823759516,-1.5621266964312754,0.5837873023273118,-0.2228563854805409,2.2311934862750764,0.0184947537160842,1.5811522207979942
30.0,102.0,180.75180053710932,-1.5807573939206765,1.469290316596337,-2.5297438910965795,-2.303541822213111,-1.2326950186349293,0.7274332656968645,0.0766846025806966,2.552040644417223,0.1382893542705546,1.937735264157364
30.0,102.0,209.853515625,-0.6115977473066232,0.7776220381257966,-3.835539989399004,-2.6171739805113914,-1.275521664933832,0.7366176474541036,-0.0458302544230463,2.584816162634513,0.2980722673261389,2.069972514370848
30.0,102.0,151.47451782226562,-0.1418211981072229,1.412601979240955,-2.6557115778260787,-2.379498146467377,-1.1525648674504068,0.8199042572593136,-0.0853159925599691,2.5171243505357133,0.1283542900155694,1.8213361689400305
30.0,102.0,139.10752868652344,-0.1782652222118764,1.5113633612842243,-2.539311235093208,-2.214927395302152,-1.19543234522081,0.8467890861042809,0.0408229054028912,2.5380856026260226,0.1320015808216279,1.8046607263077723
30.0,102.0,245.99302673339844,-0.7494604562313425,0.5827624451646062,-3.1978432976312727,-2.930434860001456,-2.589522757468941,0.4511330050359632,-0.2349149109541924,2.459352546895984,0.2558733024443547,1.86071018527782
30.0,102.0,210.119873046875,-0.7610068930568665,0.5642124147423887,-3.726421416211226,-2.7995431788777383,-1.3708891968054873,0.679066308131347,0.0234932080174868,2.5843400721228726,0.297657964549431,2.1950618999519365
30.0,102.0,140.07952880859375,-0.1705972684404303,1.5744298234031444,-2.5248779128573338,-2.2530706335500423,-1.1456221555722588,0.9013505918828096,0.057991828968424,2.538744156640316,0.1291620819988968,1.810862351586772
30.0,102.0,215.4642791748047,-0.619272128359899,1.0161821115856564,-3.392347947738536,-3.718930889608517,-1.3159031693529706,0.8296082231312336,0.0283507836533688,2.580653015910745,0.2883060967232943,2.043397947376025
30.0,102.0,205.575927734375,-0.8160173862793221,0.5906195673798553,-3.5501247184478806,-2.9220737949502533,-1.5276746941164658,0.7254873283981647,-0.0189028447691116,2.5943872451814447,0.2168908645567235,1.9760531472632008
30.0,102.0,200.966552734375,0.0511069574124457,1.747527639933753,-2.322465838549517,-2.385367672303049,-1.5689299050997256,0.7279599504360057,0.0318551325799721,2.538697767103279,0.2265852792998942,1.890549882815444
30.0,102.0,140.95059204101562,-0.0758722971174136,1.5463698794572058,-2.51310326190627,-2.2798321956551386,-1.17379780869854,0.8926691400002842,0.131651864853358,2.543541387274989,0.1276334417693584,1.8032608665127847
30.0,102.0,147.184326171875,-0.0405363997524206,1.5030279308288623,-2.4406287533934004,-2.168772691134057,-0.9820398880100109,0.9391154075520962,0.0634634722304155,2.5278287114971616,0.1221443240665024,1.748257460055134
30.0,102.0,211.49984741210932,-0.6023430394608064,0.6862990325442788,-3.3371353581117207,-2.8851573211860253,-1.389844403508281,0.7960834819435386,-0.0731183203058278,2.570385485955568,0.1939850410112546,2.062637422407674
30.0,102.0,203.5377197265625,-0.7554581713797442,0.5923854189498861,-3.044490820697141,-2.484803336870788,-1.3228756579212249,0.7903576123627445,-0.0791024217178839,2.4920453876996134,0.1334636090779443,1.7953664526480333
30.0,102.0,156.1363067626953,-0.2760540952185579,1.3788603984589185,-2.677692971778043,-2.2776812973108007,-1.2271409693286892,0.7593997243579433,0.0223990236343197,2.533094999759438,0.1595613271141087,2.003122963565078
30.0,102.0,138.86634826660156,-0.1624262735988433,1.5489224699855646,-2.5608669978179264,-2.2487773082726696,-1.152822392540219,0.8329065325469658,0.0631211708700835,2.538375961884181,0.1328284256882179,1.816430224869659
30.0,102.0,146.11997985839844,0.0231773239615567,1.5900440339081472,-2.557088513817261,-2.2596745168926566,-1.116703160570698,0.9839692671284156,0.0308092790054673,2.5387506742986723,0.170607838222245,1.898810586817404
30.0,102.0,173.00320434570312,-0.4374654517932287,1.2357249990135362,-2.79238402845472,-2.355827463102169,-1.220448700538539,0.8911572022735176,0.0642796433100644,2.564324926403032,0.1520911367781914,1.9022022776230323
30.0,103.0,214.22732543945312,-0.5709375357719852,0.6099977697356924,-3.140555826576952,-2.751540540879751,-1.5639863451240932,0.7150772700534826,-0.0298015949691891,2.517225884112829,0.2132561271602341,1.8995796105848937
30.0,103.0,201.4370574951172,-0.4540401323260987,0.8179070478135094,-3.314276906304189,-2.628539443785192,-1.3337882873665527,0.7127938785222587,-0.0269535484838654,2.590339428802196,0.2594558839508205,2.0689052243034824
30.0,103.0,216.8951416015625,-0.8209688307021434,0.7380708179123863,-3.421735287255472,-2.590285251222465,-1.155161557111979,0.7342647559357545,-0.0585356627712509,2.540457390469685,0.2245473946276626,2.0744917312299864
30.0,103.0,205.40724182128903,-1.2471719392371754,0.7338063691250966,-3.6956164114227614,-2.6893020048638974,-1.4361633841990469,0.7509499775402746,-0.0265320376388999,2.5844589496606782,0.2214973721181175,2.0621365244733765
30.0,103.0,203.8832092285156,-1.4790613265445376,0.7732738784922106,-3.3582703227624244,-2.695334901826924,-1.3453112019984668,0.7075198587616528,-0.0020897764918419,2.575840366118009,0.2040841445302196,2.0670954059278106
30.0,103.0,147.97607421875,-0.1753943806266924,1.395145652567223,-2.638932395765852,-2.214468329642911,-1.1318632073540378,0.903540100316074,0.0773086416309774,2.59866721862546,0.1378201062081425,1.882498542328312
30.0,103.0,140.7367401123047,-0.0718790777171477,1.499813386559901,-2.580710036925243,-2.265040955317292,-1.0566672645017183,0.899844672082817,0.0631835643720943,2.545609209046769,0.1283204342768349,1.7097008545603962
30.0,103.0,138.20484924316406,-0.1560462109353987,1.5486388632117136,-2.561301662540131,-2.25114653042783,-1.1508629798932914,0.8555338146551423,0.062029025946916,2.5384132740651024,0.131533663628888,1.816078486110944
30.0,103.0,203.4140472412109,-0.5678473708618155,0.7799693007154738,-3.6749830968560486,-2.725391649065348,-1.3797502672892723,0.7480700850134762,-0.0265029683648772,2.586302994710479,0.2283338142204806,2.0667280186433774
30.0,103.0,217.80987548828125,-0.7399219093249991,0.6265199654248446,-3.3812386568411683,-3.115740592719888,-2.4970438835882924,0.4187495791001843,-0.1164287251613381,2.541142812644273,0.2703581298861386,2.0687642066891287
30.0,103.0,201.7044219970703,-0.6552952230338768,0.789537644755984,-3.131677153117997,-2.725862189701337,-1.327890814222953,0.7257755438118074,-0.0264966475501739,2.5879562114865826,0.2411740536822892,2.06908069814025
30.0,103.0,147.72621154785156,-0.1939006752508493,1.4979391158531548,-2.532450702160125,-2.257979484741621,-1.1423032820860115,0.8674318531329542,0.0581448647145933,2.573350345779238,0.0728363797434046,1.8767522428541328
30.0,103.0,207.52395629882807,-1.0172369141889488,0.5097226488719611,-3.674337809841004,-2.8353189978585056,-1.3644168602548383,0.7515932251121955,-0.0172059671688819,2.580125632767812,0.2261450789481383,2.063133829032119
30.0,103.0,175.8495330810547,-0.4775785043656096,1.232828352030302,-2.829773447056977,-2.384111755209133,-1.2235130123262596,0.8677996048050263,0.0581306772521697,2.565029186474866,0.1954501146382836,1.8987196644750453
30.0,103.0,221.4112243652344,-0.3577889705867167,0.8293934806643648,-3.3979003253151454,-2.7654536822693285,-1.6698577467448548,0.6572926121331348,0.0036915510580502,2.630194871551593,0.2211682507633885,2.2321347321959304
30.0,103.0,148.6250457763672,-0.1986492861108648,1.4209620232211004,-2.65459858518546,-2.257949075710216,-1.136677850453398,0.8572889993518071,0.1111603619959347,2.60279736794967,0.1589008643243573,1.9487578796654748
30.0,103.0,220.53668212890625,-1.2171966783311097,0.4756538204269566,-3.473961005955754,-3.088961056374514,-1.704597891261704,0.4920041034137272,-0.0918239354140258,2.562499878329205,0.3992523830963432,2.654374933471221
30.0,103.0,150.9752197265625,-0.1775624783970037,1.401633628584086,-2.709509538975155,-2.21492977136202,-1.1603965254135886,0.8315500045659168,0.0522790887871648,2.57576063415358,0.1270628370713633,1.6772362601068225
30.0,103.0,245.9429931640625,-0.8483266135729868,0.6453986865434707,-3.506552371550096,-3.271625883978806,-2.56814784519429,0.2147286641374462,-0.1436646083617611,2.4296898910346845,0.2413711030766583,2.371772908737178
30.0,103.0,220.6161956787109,-0.9503927517081534,0.677458880081766,-3.4985466721108613,-3.1419557166689587,-2.6450864950941537,0.7657276416976995,-0.0800017667336136,2.591298282155937,0.2318220931468717,1.9778696258291708
30.0,103.0,209.95681762695312,-0.8546054761373488,0.5561256830121146,-3.5196763665523463,-2.9998356632825494,-1.6631055522139582,0.5872105304760162,-0.0307104087849592,2.588951662564981,0.2473229352094717,1.9606851088631445
30.0,103.0,198.1161651611328,-2.038243775065099,1.5493086873758664,-2.845738260058812,-2.791556400356753,-1.3545742485838108,0.7431300521504673,0.0653416799188597,2.5513340819415955,0.1909917097448164,1.910990100271098
30.0,103.0,205.4263153076172,-1.0610826982318322,0.7387432132212964,-3.5269101097837323,-2.588175478326636,-1.3746018730768372,0.7544874944278932,-0.0259144887775997,2.5909527780546773,0.210068459110206,2.063579531483645
30.0,103.0,172.61151123046875,-0.1592416640714551,1.3781854332006982,-2.842439873240012,-2.5781979073611363,-1.1858615648576751,0.8182413546845793,-0.0201786099424935,2.54670396876944,0.0844296178985597,1.767456241439366
30.0,103.0,139.95156860351562,-0.1829389626642093,1.5211282854919483,-2.555272666127349,-2.284593773248756,-1.1545693335517355,0.842093179101076,0.0497553250792507,2.544441556132347,0.1333945336513107,1.85559965494074
30.0,103.0,140.92250061035156,-0.1578175040544302,1.5357471937293226,-2.572885211687902,-2.2413803787954967,-1.1526301002426311,0.8706008537826532,0.0396143979996494,2.5380261465348712,0.2483336071012503,2.0120638771213173
30.0,103.0,203.7299041748047,-1.4671963034076896,0.7718039591814964,-3.521820860113768,-2.7055890962796987,-1.3850800460590984,0.7492558679810841,0.0041742840984898,2.5864682179734686,0.2295821296873494,1.9406396168518183
30.0,103.0,240.0376892089844,-0.818985015422538,0.7325545795717203,-3.463958090524869,-3.1745869837099026,-1.9281247841715203,0.2058466922336207,-0.3766659363291286,2.6001316734345754,0.2265875295001577,2.1979228280822705
30.0,103.0,239.34703063964844,-0.5573109000134422,1.0820330890696988,-3.240952051214933,-3.640707829016172,-1.7737497179098791,0.4745016799634982,0.0314885242161033,2.6135288507269894,0.153150853889011,1.936260516662292
30.0,103.0,174.9043731689453,-0.4337148036269149,1.3957858779033767,-2.563306055980149,-2.192045404372617,-1.0163253117217677,0.9323530831185236,0.0483385174874929,2.489070490227351,0.15075481690501,1.9308161435418136
30.0,103.0,187.1537628173828,0.0820136104750541,1.5378229716042444,-2.6524295119590624,-2.475500114899797,-1.5560577199078425,0.6182529856820358,0.0565008767680714,2.494194196373203,0.0545494562339165,1.7330886542775998
30.0,103.0,260.75506591796875,-0.7235173814946477,0.2633142916060825,-3.729488048766044,-2.598819823759516,-1.5621266964312754,0.5837873023273118,-0.2228563854805409,2.2311934862750764,0.0184947537160842,1.5811522207979942
30.0,103.0,180.75180053710932,-1.5807573939206765,1.469290316596337,-2.5297438910965795,-2.303541822213111,-1.2326950186349293,0.7274332656968645,0.0766846025806966,2.552040644417223,0.1382893542705546,1.937735264157364
30.0,103.0,209.853515625,-0.6115977473066232,0.7776220381257966,-3.835539989399004,-2.6171739805113914,-1.275521664933832,0.7366176474541036,-0.0458302544230463,2.584816162634513,0.2980722673261389,2.069972514370848
30.0,103.0,151.47451782226562,-0.1418211981072229,1.412601979240955,-2.6557115778260787,-2.379498146467377,-1.1525648674504068,0.8199042572593136,-0.0853159925599691,2.5171243505357133,0.1283542900155694,1.8213361689400305
30.0,103.0,138.403076171875,-0.1706017729883105,1.5391790427557863,-2.5588139225785578,-2.2712667403043096,-1.173814595822353,0.8509573764389864,0.0368957005476934,2.539282427365752,0.1324100795754743,1.8225669777547973
30.0,103.0,245.99302673339844,-0.7494604562313425,0.5827624451646062,-3.1978432976312727,-2.930434860001456,-2.589522757468941,0.4511330050359632,-0.2349149109541924,2.459352546895984,0.2558733024443547,1.86071018527782
30.0,103.0,210.119873046875,-0.7610068930568665,0.5642124147423887,-3.726421416211226,-2.7995431788777383,-1.3708891968054873,0.679066308131347,0.0234932080174868,2.5843400721228726,0.297657964549431,2.1950618999519365
30.0,103.0,140.07952880859375,-0.1705972684404303,1.5744298234031444,-2.5248779128573338,-2.2530706335500423,-1.1456221555722588,0.9013505918828096,0.057991828968424,2.538744156640316,0.1291620819988968,1.810862351586772
30.0,103.0,215.4642791748047,-0.619272128359899,1.0161821115856564,-3.392347947738536,-3.718930889608517,-1.3159031693529706,0.8296082231312336,0.0283507836533688,2.580653015910745,0.2883060967232943,2.043397947376025
30.0,103.0,205.575927734375,-0.8160173862793221,0.5906195673798553,-3.5501247184478806,-2.9220737949502533,-1.5276746941164658,0.7254873283981647,-0.0189028447691116,2.5943872451814447,0.2168908645567235,1.9760531472632008
30.0,103.0,200.966552734375,0.0511069574124457,1.747527639933753,-2.322465838549517,-2.385367672303049,-1.5689299050997256,0.7279599504360057,0.0318551325799721,2.538697767103279,0.2265852792998942,1.890549882815444
30.0,103.0,140.95059204101562,-0.0758722971174136,1.5463698794572058,-2.51310326190627,-2.2798321956551386,-1.17379780869854,0.8926691400002842,0.131651864853358,2.543541387274989,0.1276334417693584,1.8032608665127847
30.0,103.0,147.184326171875,-0.0405363997524206,1.5030279308288623,-2.4406287533934004,-2.168772691134057,-0.9820398880100109,0.9391154075520962,0.0634634722304155,2.5278287114971616,0.1221443240665024,1.748257460055134
30.0,103.0,211.49984741210932,-0.6023430394608064,0.6862990325442788,-3.3371353581117207,-2.8851573211860253,-1.389844403508281,0.7960834819435386,-0.0731183203058278,2.570385485955568,0.1939850410112546,2.062637422407674
30.0,103.0,203.5377197265625,-0.7554581713797442,0.5923854189498861,-3.044490820697141,-2.484803336870788,-1.3228756579212249,0.7903576123627445,-0.0791024217178839,2.4920453876996134,0.1334636090779443,1.7953664526480333
30.0,103.0,156.1363067626953,-0.2760540952185579,1.3788603984589185,-2.677692971778043,-2.2776812973108007,-1.2271409693286892,0.7593997243579433,0.0223990236343197,2.533094999759438,0.1595613271141087,2.003122963565078
30.0,103.0,138.86634826660156,-0.1624262735988433,1.5489224699855646,-2.5608669978179264,-2.2487773082726696,-1.152822392540219,0.8329065325469658,0.0631211708700835,2.538375961884181,0.1328284256882179,1.816430224869659
30.0,103.0,142.5310516357422,0.0646283168116785,1.6058681210553791,-2.557794659127135,-2.2681664890851003,-1.150286832144521,0.7412492840876096,0.030853545802548,2.5386821041915657,0.1472138259151174,1.7755732026200983
30.0,103.0,173.00320434570312,-0.4374654517932287,1.2357249990135362,-2.79238402845472,-2.355827463102169,-1.220448700538539,0.8911572022735176,0.0642796433100644,2.564324926403032,0.1520911367781914,1.9022022776230323
30.0,104.0,214.22732543945312,-0.5709375357719852,0.6099977697356924,-3.140555826576952,-2.751540540879751,-1.5639863451240932,0.7150772700534826,-0.0298015949691891,2.517225884112829,0.2132561271602341,1.8995796105848937
30.0,104.0,201.4370574951172,-0.4540401323260987,0.8179070478135094,-3.314276906304189,-2.628539443785192,-1.3337882873665527,0.7127938785222587,-0.0269535484838654,2.590339428802196,0.2594558839508205,2.0689052243034824
30.0,104.0,200.4073944091797,-0.2626395968649222,1.2795148321212544,-2.816264214387436,-2.299968181444316,-1.1562383657541695,0.7195028696970598,-0.0393644535664708,2.539232668497584,0.2927417241407885,1.68910398633701
30.0,104.0,205.40724182128903,-1.2471719392371754,0.7338063691250966,-3.6956164114227614,-2.6893020048638974,-1.4361633841990469,0.7509499775402746,-0.0265320376388999,2.5844589496606782,0.2214973721181175,2.0621365244733765
30.0,104.0,203.8832092285156,-1.4790613265445376,0.7732738784922106,-3.3582703227624244,-2.695334901826924,-1.3453112019984668,0.7075198587616528,-0.0020897764918419,2.575840366118009,0.2040841445302196,2.0670954059278106
30.0,104.0,140.8223419189453,-0.1579089892298896,1.528616790212859,-2.4792742852453866,-2.237690128139213,-1.1319030405305304,0.8558834986801042,0.0527652322844071,2.498700038453474,0.1374835743739023,1.8817626761699149
30.0,104.0,138.6132049560547,-0.1056389426356239,1.570926210369768,-2.5687626328631583,-2.211938084415688,-1.1184181232622945,0.9225082752922606,0.0617191118293244,2.5486016091056536,0.1334561957855253,1.8328625921192103
30.0,104.0,137.66346740722656,-0.1560462109353987,1.5486388632117136,-2.561301662540131,-2.25114653042783,-1.1508629798932914,0.8555338146551423,0.062029025946916,2.554597374637189,0.131533663628888,1.816078486110944
30.0,104.0,203.4140472412109,-0.5678473708618155,0.7799693007154738,-3.6749830968560486,-2.725391649065348,-1.3797502672892723,0.7480700850134762,-0.0265029683648772,2.586302994710479,0.2283338142204806,2.0667280186433774
30.0,104.0,217.80987548828125,-0.7399219093249991,0.6265199654248446,-3.3812386568411683,-3.115740592719888,-2.4970438835882924,0.4187495791001843,-0.1164287251613381,2.541142812644273,0.2703581298861386,2.0687642066891287
30.0,104.0,201.7044219970703,-0.6552952230338768,0.789537644755984,-3.131677153117997,-2.725862189701337,-1.327890814222953,0.7257755438118074,-0.0264966475501739,2.5879562114865826,0.2411740536822892,2.06908069814025
30.0,104.0,147.72621154785156,-0.1939006752508493,1.4979391158531548,-2.532450702160125,-2.257979484741621,-1.1423032820860115,0.8674318531329542,0.0581448647145933,2.573350345779238,0.0728363797434046,1.8767522428541328
30.0,104.0,207.52395629882807,-1.0172369141889488,0.5097226488719611,-3.674337809841004,-2.8353189978585056,-1.3644168602548383,0.7515932251121955,-0.0172059671688819,2.580125632767812,0.2261450789481383,2.063133829032119
30.0,104.0,175.8495330810547,-0.4775785043656096,1.232828352030302,-2.829773447056977,-2.384111755209133,-1.2235130123262596,0.8677996048050263,0.0581306772521697,2.565029186474866,0.1954501146382836,1.8987196644750453
30.0,104.0,221.4112243652344,-0.3577889705867167,0.8293934806643648,-3.3979003253151454,-2.7654536822693285,-1.6698577467448548,0.6572926121331348,0.0036915510580502,2.630194871551593,0.2211682507633885,2.2321347321959304
30.0,104.0,148.6250457763672,-0.1986492861108648,1.4209620232211004,-2.65459858518546,-2.257949075710216,-1.136677850453398,0.8572889993518071,0.1111603619959347,2.60279736794967,0.1589008643243573,1.9487578796654748
30.0,104.0,220.53668212890625,-1.2171966783311097,0.4756538204269566,-3.473961005955754,-3.088961056374514,-1.704597891261704,0.4920041034137272,-0.0918239354140258,2.562499878329205,0.3992523830963432,2.654374933471221
30.0,104.0,150.9752197265625,-0.1775624783970037,1.401633628584086,-2.709509538975155,-2.21492977136202,-1.1603965254135886,0.8315500045659168,0.0522790887871648,2.57576063415358,0.1270628370713633,1.6772362601068225
30.0,104.0,245.9429931640625,-0.8483266135729868,0.6453986865434707,-3.506552371550096,-3.271625883978806,-2.56814784519429,0.2147286641374462,-0.1436646083617611,2.4296898910346845,0.2413711030766583,2.371772908737178
30.0,104.0,220.6161956787109,-0.9503927517081534,0.677458880081766,-3.4985466721108613,-3.1419557166689587,-2.6450864950941537,0.7657276416976995,-0.0800017667336136,2.591298282155937,0.2318220931468717,1.9778696258291708
30.0,104.0,209.95681762695312,-0.8546054761373488,0.5561256830121146,-3.5196763665523463,-2.9998356632825494,-1.6631055522139582,0.5872105304760162,-0.0307104087849592,2.588951662564981,0.2473229352094717,1.9606851088631445
30.0,104.0,198.1161651611328,-2.038243775065099,1.5493086873758664,-2.845738260058812,-2.791556400356753,-1.3545742485838108,0.7431300521504673,0.0653416799188597,2.5513340819415955,0.1909917097448164,1.910990100271098
30.0,104.0,205.4263153076172,-1.0610826982318322,0.7387432132212964,-3.5269101097837323,-2.588175478326636,-1.3746018730768372,0.7544874944278932,-0.0259144887775997,2.5909527780546773,0.210068459110206,2.063579531483645
30.0,104.0,172.61151123046875,-0.1592416640714551,1.3781854332006982,-2.842439873240012,-2.5781979073611363,-1.1858615648576751,0.8182413546845793,-0.0201786099424935,2.54670396876944,0.0844296178985597,1.767456241439366
30.0,104.0,139.95156860351562,-0.1829389626642093,1.5211282854919483,-2.555272666127349,-2.284593773248756,-1.1545693335517355,0.842093179101076,0.0497553250792507,2.544441556132347,0.1333945336513107,1.85559965494074
30.0,104.0,140.92250061035156,-0.1578175040544302,1.5357471937293226,-2.572885211687902,-2.2413803787954967,-1.1526301002426311,0.8706008537826532,0.0396143979996494,2.5380261465348712,0.2483336071012503,2.0120638771213173
30.0,104.0,203.7299041748047,-1.4671963034076896,0.7718039591814964,-3.521820860113768,-2.7055890962796987,-1.3850800460590984,0.7492558679810841,0.0041742840984898,2.5864682179734686,0.2295821296873494,1.9406396168518183
30.0,104.0,240.0376892089844,-0.818985015422538,0.7325545795717203,-3.463958090524869,-3.1745869837099026,-1.9281247841715203,0.2058466922336207,-0.3766659363291286,2.6001316734345754,0.2265875295001577,2.1979228280822705
30.0,104.0,239.34703063964844,-0.5573109000134422,1.0820330890696988,-3.240952051214933,-3.640707829016172,-1.7737497179098791,0.4745016799634982,0.0314885242161033,2.6135288507269894,0.153150853889011,1.936260516662292
30.0,104.0,174.9043731689453,-0.4337148036269149,1.3957858779033767,-2.563306055980149,-2.192045404372617,-1.0163253117217677,0.9323530831185236,0.0483385174874929,2.489070490227351,0.15075481690501,1.9308161435418136
30.0,104.0,170.52313232421875,0.0109620022296549,1.6927811977428286,-2.5542488555114216,-2.4265672801696816,-1.1727007755454286,0.9196282780621898,0.0915809906467058,2.4924894407012355,0.0272749610531778,1.809196731337729
30.0,104.0,260.75506591796875,-0.7235173814946477,0.2633142916060825,-3.729488048766044,-2.598819823759516,-1.5621266964312754,0.5837873023273118,-0.2228563854805409,2.2311934862750764,0.0184947537160842,1.5811522207979942
30.0,104.0,180.75180053710932,-1.5807573939206765,1.469290316596337,-2.5297438910965795,-2.303541822213111,-1.2326950186349293,0.7274332656968645,0.0766846025806966,2.552040644417223,0.1382893542705546,1.937735264157364
30.0,104.0,209.853515625,-0.6115977473066232,0.7776220381257966,-3.835539989399004,-2.6171739805113914,-1.275521664933832,0.7366176474541036,-0.0458302544230463,2.584816162634513,0.2980722673261389,2.069972514370848
30.0,104.0,151.47451782226562,-0.1418211981072229,1.412601979240955,-2.6557115778260787,-2.379498146467377,-1.1525648674504068,0.8199042572593136,-0.0853159925599691,2.5171243505357133,0.1283542900155694,1.8213361689400305
30.0,104.0,138.403076171875,-0.1706017729883105,1.5391790427557863,-2.5588139225785578,-2.2712667403043096,-1.173814595822353,0.8509573764389864,0.0368957005476934,2.539282427365752,0.1324100795754743,1.8225669777547973
30.0,104.0,245.99302673339844,-0.7494604562313425,0.5827624451646062,-3.1978432976312727,-2.930434860001456,-2.589522757468941,0.4511330050359632,-0.2349149109541924,2.459352546895984,0.2558733024443547,1.86071018527782
30.0,104.0,210.119873046875,-0.7610068930568665,0.5642124147423887,-3.726421416211226,-2.7995431788777383,-1.3708891968054873,0.679066308131347,0.0234932080174868,2.5843400721228726,0.297657964549431,2.1950618999519365
30.0,104.0,140.07952880859375,-0.1705972684404303,1.5744298234031444,-2.5248779128573338,-2.2530706335500423,-1.1456221555722588,0.9013505918828096,0.057991828968424,2.538744156640316,0.1291620819988968,1.810862351586772
30.0,104.0,215.4642791748047,-0.619272128359899,1.0161821115856564,-3.392347947738536,-3.718930889608517,-1.3159031693529706,0.8296082231312336,0.0283507836533688,2.580653015910745,0.2883060967232943,2.043397947376025
30.0,104.0,205.575927734375,-0.8160173862793221,0.5906195673798553,-3.5501247184478806,-2.9220737949502533,-1.5276746941164658,0.7254873283981647,-0.0189028447691116,2.5943872451814447,0.2168908645567235,1.9760531472632008
30.0,104.0,200.966552734375,0.0511069574124457,1.747527639933753,-2.322465838549517,-2.385367672303049,-1.5689299050997256,0.7279599504360057,0.0318551325799721,2.538697767103279,0.2265852792998942,1.890549882815444
30.0,104.0,137.67105102539062,-0.0171376467195247,1.5812068137891182,-2.539043186157312,-2.233898822650057,-1.111853512701401,0.897920882042137,0.1184512720303499,2.5483238974336,0.1327377123625676,1.815698838058628
30.0,104.0,147.184326171875,-0.0405363997524206,1.5030279308288623,-2.4406287533934004,-2.168772691134057,-0.9820398880100109,0.9391154075520962,0.0634634722304155,2.5278287114971616,0.1221443240665024,1.748257460055134
30.0,104.0,211.49984741210932,-0.6023430394608064,0.6862990325442788,-3.3371353581117207,-2.8851573211860253,-1.389844403508281,0.7960834819435386,-0.0731183203058278,2.570385485955568,0.1939850410112546,2.062637422407674
30.0,104.0,203.5377197265625,-0.7554581713797442,0.5923854189498861,-3.044490820697141,-2.484803336870788,-1.3228756579212249,0.7903576123627445,-0.0791024217178839,2.4920453876996134,0.1334636090779443,1.7953664526480333
30.0,104.0,156.1363067626953,-0.2760540952185579,1.3788603984589185,-2.677692971778043,-2.2776812973108007,-1.2271409693286892,0.7593997243579433,0.0223990236343197,2.533094999759438,0.1595613271141087,2.003122963565078
30.0,104.0,138.86634826660156,-0.1624262735988433,1.5489224699855646,-2.5608669978179264,-2.2487773082726696,-1.152822392540219,0.8329065325469658,0.0631211708700835,2.538375961884181,0.1328284256882179,1.816430224869659
30.0,104.0,142.5310516357422,0.0646283168116785,1.6058681210553791,-2.557794659127135,-2.2681664890851003,-1.150286832144521,0.7412492840876096,0.030853545802548,2.5386821041915657,0.1472138259151174,1.7755732026200983
30.0,104.0,173.00320434570312,-0.4374654517932287,1.2357249990135362,-2.79238402845472,-2.355827463102169,-1.220448700538539,0.8911572022735176,0.0642796433100644,2.564324926403032,0.1520911367781914,1.9022022776230323
30.0,105.0,214.22732543945312,-0.5709375357719852,0.6099977697356924,-3.140555826576952,-2.751540540879751,-1.5639863451240932,0.7150772700534826,-0.0298015949691891,2.517225884112829,0.2132561271602341,1.8995796105848937
30.0,105.0,201.4370574951172,-0.4540401323260987,0.8179070478135094,-3.314276906304189,-2.628539443785192,-1.3337882873665527,0.7127938785222587,-0.0269535484838654,2.590339428802196,0.2594558839508205,2.0689052243034824
30.0,105.0,153.999755859375,0.090003848393836,1.4879568507480778,-2.443072235761771,-2.1772047752446784,-1.1485221113138315,0.7588645746392224,0.0428182696614072,2.5503598486219388,0.0955003353395833,1.6431707677356984
30.0,105.0,205.40724182128903,-1.2471719392371754,0.7338063691250966,-3.6956164114227614,-2.6893020048638974,-1.4361633841990469,0.7509499775402746,-0.0265320376388999,2.5844589496606782,0.2214973721181175,2.0621365244733765
30.0,105.0,203.8832092285156,-1.4790613265445376,0.7732738784922106,-3.3582703227624244,-2.695334901826924,-1.3453112019984668,0.7075198587616528,-0.0020897764918419,2.575840366118009,0.2040841445302196,2.0670954059278106
30.0,105.0,140.8223419189453,-0.1579089892298896,1.528616790212859,-2.4792742852453866,-2.237690128139213,-1.1319030405305304,0.8558834986801042,0.0527652322844071,2.498700038453474,0.1374835743739023,1.8817626761699149
30.0,105.0,138.6132049560547,-0.1056389426356239,1.570926210369768,-2.5687626328631583,-2.211938084415688,-1.1184181232622945,0.9225082752922606,0.0617191118293244,2.5486016091056536,0.1334561957855253,1.8328625921192103
30.0,105.0,137.66346740722656,-0.1560462109353987,1.5486388632117136,-2.561301662540131,-2.25114653042783,-1.1508629798932914,0.8555338146551423,0.062029025946916,2.554597374637189,0.131533663628888,1.816078486110944
30.0,105.0,203.4140472412109,-0.5678473708618155,0.7799693007154738,-3.6749830968560486,-2.725391649065348,-1.3797502672892723,0.7480700850134762,-0.0265029683648772,2.586302994710479,0.2283338142204806,2.0667280186433774
30.0,105.0,217.80987548828125,-0.7399219093249991,0.6265199654248446,-3.3812386568411683,-3.115740592719888,-2.4970438835882924,0.4187495791001843,-0.1164287251613381,2.541142812644273,0.2703581298861386,2.0687642066891287
30.0,105.0,201.7044219970703,-0.6552952230338768,0.789537644755984,-3.131677153117997,-2.725862189701337,-1.327890814222953,0.7257755438118074,-0.0264966475501739,2.5879562114865826,0.2411740536822892,2.06908069814025
30.0,105.0,147.72621154785156,-0.1939006752508493,1.4979391158531548,-2.532450702160125,-2.257979484741621,-1.1423032820860115,0.8674318531329542,0.0581448647145933,2.573350345779238,0.0728363797434046,1.8767522428541328
30.0,105.0,207.52395629882807,-1.0172369141889488,0.5097226488719611,-3.674337809841004,-2.8353189978585056,-1.3644168602548383,0.7515932251121955,-0.0172059671688819,2.580125632767812,0.2261450789481383,2.063133829032119
30.0,105.0,175.8495330810547,-0.4775785043656096,1.232828352030302,-2.829773447056977,-2.384111755209133,-1.2235130123262596,0.8677996048050263,0.0581306772521697,2.565029186474866,0.1954501146382836,1.8987196644750453
30.0,105.0,221.4112243652344,-0.3577889705867167,0.8293934806643648,-3.3979003253151454,-2.7654536822693285,-1.6698577467448548,0.6572926121331348,0.0036915510580502,2.630194871551593,0.2211682507633885,2.2321347321959304
30.0,105.0,148.6250457763672,-0.1986492861108648,1.4209620232211004,-2.65459858518546,-2.257949075710216,-1.136677850453398,0.8572889993518071,0.1111603619959347,2.60279736794967,0.1589008643243573,1.9487578796654748
30.0,105.0,220.53668212890625,-1.2171966783311097,0.4756538204269566,-3.473961005955754,-3.088961056374514,-1.704597891261704,0.4920041034137272,-0.0918239354140258,2.562499878329205,0.3992523830963432,2.654374933471221
30.0,105.0,150.9752197265625,-0.1775624783970037,1.401633628584086,-2.709509538975155,-2.21492977136202,-1.1603965254135886,0.8315500045659168,0.0522790887871648,2.57576063415358,0.1270628370713633,1.6772362601068225
30.0,105.0,245.9429931640625,-0.8483266135729868,0.6453986865434707,-3.506552371550096,-3.271625883978806,-2.56814784519429,0.2147286641374462,-0.1436646083617611,2.4296898910346845,0.2413711030766583,2.371772908737178
30.0,105.0,220.6161956787109,-0.9503927517081534,0.677458880081766,-3.4985466721108613,-3.1419557166689587,-2.6450864950941537,0.7657276416976995,-0.0800017667336136,2.591298282155937,0.2318220931468717,1.9778696258291708
30.0,105.0,209.95681762695312,-0.8546054761373488,0.5561256830121146,-3.5196763665523463,-2.9998356632825494,-1.6631055522139582,0.5872105304760162,-0.0307104087849592,2.588951662564981,0.2473229352094717,1.9606851088631445
30.0,105.0,198.1161651611328,-2.038243775065099,1.5493086873758664,-2.845738260058812,-2.791556400356753,-1.3545742485838108,0.7431300521504673,0.0653416799188597,2.5513340819415955,0.1909917097448164,1.910990100271098
30.0,105.0,205.4263153076172,-1.0610826982318322,0.7387432132212964,-3.5269101097837323,-2.588175478326636,-1.3746018730768372,0.7544874944278932,-0.0259144887775997,2.5909527780546773,0.210068459110206,2.063579531483645
30.0,105.0,172.61151123046875,-0.1592416640714551,1.3781854332006982,-2.842439873240012,-2.5781979073611363,-1.1858615648576751,0.8182413546845793,-0.0201786099424935,2.54670396876944,0.0844296178985597,1.767456241439366
30.0,105.0,139.26182556152344,-0.1152263085670925,1.5613044927918347,-2.564315116284852,-2.3097191674695003,-1.154011399762824,0.7921241275192658,0.0530459740719964,2.55637036880796,0.1322026453873147,1.837881264975784
30.0,105.0,140.92250061035156,-0.1578175040544302,1.5357471937293226,-2.572885211687902,-2.2413803787954967,-1.1526301002426311,0.8706008537826532,0.0396143979996494,2.5380261465348712,0.2483336071012503,2.0120638771213173
30.0,105.0,203.7299041748047,-1.4671963034076896,0.7718039591814964,-3.521820860113768,-2.7055890962796987,-1.3850800460590984,0.7492558679810841,0.0041742840984898,2.5864682179734686,0.2295821296873494,1.9406396168518183
30.0,105.0,240.0376892089844,-0.818985015422538,0.7325545795717203,-3.463958090524869,-3.1745869837099026,-1.9281247841715203,0.2058466922336207,-0.3766659363291286,2.6001316734345754,0.2265875295001577,2.1979228280822705
30.0,105.0,239.34703063964844,-0.5573109000134422,1.0820330890696988,-3.240952051214933,-3.640707829016172,-1.7737497179098791,0.4745016799634982,0.0314885242161033,2.6135288507269894,0.153150853889011,1.936260516662292
30.0,105.0,174.9043731689453,-0.4337148036269149,1.3957858779033767,-2.563306055980149,-2.192045404372617,-1.0163253117217677,0.9323530831185236,0.0483385174874929,2.489070490227351,0.15075481690501,1.9308161435418136
30.0,105.0,158.45535278320312,-0.0626968904673227,1.7078752823295758,-2.5138658373037366,-2.132265221094887,-0.9747990200372,0.9705743444685944,0.0880984029153308,2.5783407344591955,0.0930182220357821,1.851253467387596
30.0,105.0,260.75506591796875,-0.7235173814946477,0.2633142916060825,-3.729488048766044,-2.598819823759516,-1.5621266964312754,0.5837873023273118,-0.2228563854805409,2.2311934862750764,0.0184947537160842,1.5811522207979942
30.0,105.0,180.75180053710932,-1.5807573939206765,1.469290316596337,-2.5297438910965795,-2.303541822213111,-1.2326950186349293,0.7274332656968645,0.0766846025806966,2.552040644417223,0.1382893542705546,1.937735264157364
30.0,105.0,209.853515625,-0.6115977473066232,0.7776220381257966,-3.835539989399004,-2.6171739805113914,-1.275521664933832,0.7366176474541036,-0.0458302544230463,2.584816162634513,0.2980722673261389,2.069972514370848
30.0,105.0,151.47451782226562,-0.1418211981072229,1.412601979240955,-2.6557115778260787,-2.379498146467377,-1.1525648674504068,0.8199042572593136,-0.0853159925599691,2.5171243505357133,0.1283542900155694,1.8213361689400305
30.0,105.0,138.403076171875,-0.1706017729883105,1.5391790427557863,-2.5588139225785578,-2.2712667403043096,-1.173814595822353,0.8509573764389864,0.0368957005476934,2.539282427365752,0.1324100795754743,1.8225669777547973
30.0,105.0,245.99302673339844,-0.7494604562313425,0.5827624451646062,-3.1978432976312727,-2.930434860001456,-2.589522757468941,0.4511330050359632,-0.2349149109541924,2.459352546895984,0.2558733024443547,1.86071018527782
30.0,105.0,210.119873046875,-0.7610068930568665,0.5642124147423887,-3.726421416211226,-2.7995431788777383,-1.3708891968054873,0.679066308131347,0.0234932080174868,2.5843400721228726,0.297657964549431,2.1950618999519365
30.0,105.0,140.07952880859375,-0.1705972684404303,1.5744298234031444,-2.5248779128573338,-2.2530706335500423,-1.1456221555722588,0.9013505918828096,0.057991828968424,2.538744156640316,0.1291620819988968,1.810862351586772
30.0,105.0,215.4642791748047,-0.619272128359899,1.0161821115856564,-3.392347947738536,-3.718930889608517,-1.3159031693529706,0.8296082231312336,0.0283507836533688,2.580653015910745,0.2883060967232943,2.043397947376025
30.0,105.0,205.575927734375,-0.8160173862793221,0.5906195673798553,-3.5501247184478806,-2.9220737949502533,-1.5276746941164658,0.7254873283981647,-0.0189028447691116,2.5943872451814447,0.2168908645567235,1.9760531472632008
30.0,105.0,200.966552734375,0.0511069574124457,1.747527639933753,-2.322465838549517,-2.385367672303049,-1.5689299050997256,0.7279599504360057,0.0318551325799721,2.538697767103279,0.2265852792998942,1.890549882815444
30.0,105.0,137.67105102539062,-0.0171376467195247,1.5812068137891182,-2.539043186157312,-2.233898822650057,-1.111853512701401,0.897920882042137,0.1184512720303499,2.5483238974336,0.1327377123625676,1.815698838058628
30.0,105.0,147.184326171875,-0.0405363997524206,1.5030279308288623,-2.4406287533934004,-2.168772691134057,-0.9820398880100109,0.9391154075520962,0.0634634722304155,2.5278287114971616,0.1221443240665024,1.748257460055134
30.0,105.0,211.49984741210932,-0.6023430394608064,0.6862990325442788,-3.3371353581117207,-2.8851573211860253,-1.389844403508281,0.7960834819435386,-0.0731183203058278,2.570385485955568,0.1939850410112546,2.062637422407674
30.0,105.0,203.5377197265625,-0.7554581713797442,0.5923854189498861,-3.044490820697141,-2.484803336870788,-1.3228756579212249,0.7903576123627445,-0.0791024217178839,2.4920453876996134,0.1334636090779443,1.7953664526480333
30.0,105.0,156.1363067626953,-0.2760540952185579,1.3788603984589185,-2.677692971778043,-2.2776812973108007,-1.2271409693286892,0.7593997243579433,0.0223990236343197,2.533094999759438,0.1595613271141087,2.003122963565078
30.0,105.0,138.86634826660156,-0.1624262735988433,1.5489224699855646,-2.5608669978179264,-2.2487773082726696,-1.152822392540219,0.8329065325469658,0.0631211708700835,2.538375961884181,0.1328284256882179,1.816430224869659
30.0,105.0,142.5310516357422,0.0646283168116785,1.6058681210553791,-2.557794659127135,-2.2681664890851003,-1.150286832144521,0.7412492840876096,0.030853545802548,2.5386821041915657,0.1472138259151174,1.7755732026200983
30.0,105.0,173.00320434570312,-0.4374654517932287,1.2357249990135362,-2.79238402845472,-2.355827463102169,-1.220448700538539,0.8911572022735176,0.0642796433100644,2.564324926403032,0.1520911367781914,1.9022022776230323
30.0,106.0,214.22732543945312,-0.5709375357719852,0.6099977697356924,-3.140555826576952,-2.751540540879751,-1.5639863451240932,0.7150772700534826,-0.0298015949691891,2.517225884112829,0.2132561271602341,1.8995796105848937
30.0,106.0,201.4370574951172,-0.4540401323260987,0.8179070478135094,-3.314276906304189,-2.628539443785192,-1.3337882873665527,0.7127938785222587,-0.0269535484838654,2.590339428802196,0.2594558839508205,2.0689052243034824
30.0,106.0,153.999755859375,0.090003848393836,1.4879568507480778,-2.443072235761771,-2.1772047752446784,-1.1485221113138315,0.7588645746392224,0.0428182696614072,2.5503598486219388,0.0955003353395833,1.6431707677356984
30.0,106.0,205.40724182128903,-1.2471719392371754,0.7338063691250966,-3.6956164114227614,-2.6893020048638974,-1.4361633841990469,0.7509499775402746,-0.0265320376388999,2.5844589496606782,0.2214973721181175,2.0621365244733765
30.0,106.0,203.8832092285156,-1.4790613265445376,0.7732738784922106,-3.3582703227624244,-2.695334901826924,-1.3453112019984668,0.7075198587616528,-0.0020897764918419,2.575840366118009,0.2040841445302196,2.0670954059278106
30.0,106.0,140.8223419189453,-0.1579089892298896,1.528616790212859,-2.4792742852453866,-2.237690128139213,-1.1319030405305304,0.8558834986801042,0.0527652322844071,2.498700038453474,0.1374835743739023,1.8817626761699149
30.0,106.0,138.6132049560547,-0.1056389426356239,1.570926210369768,-2.5687626328631583,-2.211938084415688,-1.1184181232622945,0.9225082752922606,0.0617191118293244,2.5486016091056536,0.1334561957855253,1.8328625921192103
30.0,106.0,137.66346740722656,-0.1560462109353987,1.5486388632117136,-2.561301662540131,-2.25114653042783,-1.1508629798932914,0.8555338146551423,0.062029025946916,2.554597374637189,0.131533663628888,1.816078486110944
30.0,106.0,203.4140472412109,-0.5678473708618155,0.7799693007154738,-3.6749830968560486,-2.725391649065348,-1.3797502672892723,0.7480700850134762,-0.0265029683648772,2.586302994710479,0.2283338142204806,2.0667280186433774
30.0,106.0,217.80987548828125,-0.7399219093249991,0.6265199654248446,-3.3812386568411683,-3.115740592719888,-2.4970438835882924,0.4187495791001843,-0.1164287251613381,2.541142812644273,0.2703581298861386,2.0687642066891287
30.0,106.0,201.7044219970703,-0.6552952230338768,0.789537644755984,-3.131677153117997,-2.725862189701337,-1.327890814222953,0.7257755438118074,-0.0264966475501739,2.5879562114865826,0.2411740536822892,2.06908069814025
30.0,106.0,147.72621154785156,-0.1939006752508493,1.4979391158531548,-2.532450702160125,-2.257979484741621,-1.1423032820860115,0.8674318531329542,0.0581448647145933,2.573350345779238,0.0728363797434046,1.8767522428541328
30.0,106.0,207.52395629882807,-1.0172369141889488,0.5097226488719611,-3.674337809841004,-2.8353189978585056,-1.3644168602548383,0.7515932251121955,-0.0172059671688819,2.580125632767812,0.2261450789481383,2.063133829032119
30.0,106.0,175.8495330810547,-0.4775785043656096,1.232828352030302,-2.829773447056977,-2.384111755209133,-1.2235130123262596,0.8677996048050263,0.0581306772521697,2.565029186474866,0.1954501146382836,1.8987196644750453
30.0,106.0,221.4112243652344,-0.3577889705867167,0.8293934806643648,-3.3979003253151454,-2.7654536822693285,-1.6698577467448548,0.6572926121331348,0.0036915510580502,2.630194871551593,0.2211682507633885,2.2321347321959304
30.0,106.0,148.6250457763672,-0.1986492861108648,1.4209620232211004,-2.65459858518546,-2.257949075710216,-1.136677850453398,0.8572889993518071,0.1111603619959347,2.60279736794967,0.1589008643243573,1.9487578796654748
30.0,106.0,220.53668212890625,-1.2171966783311097,0.4756538204269566,-3.473961005955754,-3.088961056374514,-1.704597891261704,0.4920041034137272,-0.0918239354140258,2.562499878329205,0.3992523830963432,2.654374933471221
30.0,106.0,150.9752197265625,-0.1775624783970037,1.401633628584086,-2.709509538975155,-2.21492977136202,-1.1603965254135886,0.8315500045659168,0.0522790887871648,2.57576063415358,0.1270628370713633,1.6772362601068225
30.0,106.0,245.9429931640625,-0.8483266135729868,0.6453986865434707,-3.506552371550096,-3.271625883978806,-2.56814784519429,0.2147286641374462,-0.1436646083617611,2.4296898910346845,0.2413711030766583,2.371772908737178
30.0,106.0,220.6161956787109,-0.9503927517081534,0.677458880081766,-3.4985466721108613,-3.1419557166689587,-2.6450864950941537,0.7657276416976995,-0.0800017667336136,2.591298282155937,0.2318220931468717,1.9778696258291708
30.0,106.0,209.95681762695312,-0.8546054761373488,0.5561256830121146,-3.5196763665523463,-2.9998356632825494,-1.6631055522139582,0.5872105304760162,-0.0307104087849592,2.588951662564981,0.2473229352094717,1.9606851088631445
30.0,106.0,198.1161651611328,-2.038243775065099,1.5493086873758664,-2.845738260058812,-2.791556400356753,-1.3545742485838108,0.7431300521504673,0.0653416799188597,2.5513340819415955,0.1909917097448164,1.910990100271098
30.0,106.0,205.4263153076172,-1.0610826982318322,0.7387432132212964,-3.5269101097837323,-2.588175478326636,-1.3746018730768372,0.7544874944278932,-0.0259144887775997,2.5909527780546773,0.210068459110206,2.063579531483645
30.0,106.0,172.61151123046875,-0.1592416640714551,1.3781854332006982,-2.842439873240012,-2.5781979073611363,-1.1858615648576751,0.8182413546845793,-0.0201786099424935,2.54670396876944,0.0844296178985597,1.767456241439366
30.0,106.0,139.26182556152344,-0.1152263085670925,1.5613044927918347,-2.564315116284852,-2.3097191674695003,-1.154011399762824,0.7921241275192658,0.0530459740719964,2.55637036880796,0.1322026453873147,1.837881264975784
30.0,106.0,140.92250061035156,-0.1578175040544302,1.5357471937293226,-2.572885211687902,-2.2413803787954967,-1.1526301002426311,0.8706008537826532,0.0396143979996494,2.5380261465348712,0.2483336071012503,2.0120638771213173
30.0,106.0,203.7299041748047,-1.4671963034076896,0.7718039591814964,-3.521820860113768,-2.7055890962796987,-1.3850800460590984,0.7492558679810841,0.0041742840984898,2.5864682179734686,0.2295821296873494,1.9406396168518183
30.0,106.0,240.0376892089844,-0.818985015422538,0.7325545795717203,-3.463958090524869,-3.1745869837099026,-1.9281247841715203,0.2058466922336207,-0.3766659363291286,2.6001316734345754,0.2265875295001577,2.1979228280822705
30.0,106.0,239.34703063964844,-0.5573109000134422,1.0820330890696988,-3.240952051214933,-3.640707829016172,-1.7737497179098791,0.4745016799634982,0.0314885242161033,2.6135288507269894,0.153150853889011,1.936260516662292
30.0,106.0,174.9043731689453,-0.4337148036269149,1.3957858779033767,-2.563306055980149,-2.192045404372617,-1.0163253117217677,0.9323530831185236,0.0483385174874929,2.489070490227351,0.15075481690501,1.9308161435418136
30.0,106.0,158.45535278320312,-0.0626968904673227,1.7078752823295758,-2.5138658373037366,-2.132265221094887,-0.9747990200372,0.9705743444685944,0.0880984029153308,2.5783407344591955,0.0930182220357821,1.851253467387596
30.0,106.0,260.75506591796875,-0.7235173814946477,0.2633142916060825,-3.729488048766044,-2.598819823759516,-1.5621266964312754,0.5837873023273118,-0.2228563854805409,2.2311934862750764,0.0184947537160842,1.5811522207979942
30.0,106.0,180.75180053710932,-1.5807573939206765,1.469290316596337,-2.5297438910965795,-2.303541822213111,-1.2326950186349293,0.7274332656968645,0.0766846025806966,2.552040644417223,0.1382893542705546,1.937735264157364
30.0,106.0,209.853515625,-0.6115977473066232,0.7776220381257966,-3.835539989399004,-2.6171739805113914,-1.275521664933832,0.7366176474541036,-0.0458302544230463,2.584816162634513,0.2980722673261389,2.069972514370848
30.0,106.0,151.47451782226562,-0.1418211981072229,1.412601979240955,-2.6557115778260787,-2.379498146467377,-1.1525648674504068,0.8199042572593136,-0.0853159925599691,2.5171243505357133,0.1283542900155694,1.8213361689400305
30.0,106.0,138.134521484375,-0.1501240535410418,1.5238422571829962,-2.5659790119720323,-2.252227512490273,-1.1827579942156454,0.8529091244282879,0.0681707175095043,2.546567990452733,0.1316199312010578,1.8239427593805688
30.0,106.0,245.99302673339844,-0.7494604562313425,0.5827624451646062,-3.1978432976312727,-2.930434860001456,-2.589522757468941,0.4511330050359632,-0.2349149109541924,2.459352546895984,0.2558733024443547,1.86071018527782
30.0,106.0,210.119873046875,-0.7610068930568665,0.5642124147423887,-3.726421416211226,-2.7995431788777383,-1.3708891968054873,0.679066308131347,0.0234932080174868,2.5843400721228726,0.297657964549431,2.1950618999519365
30.0,106.0,140.07952880859375,-0.1705972684404303,1.5744298234031444,-2.5248779128573338,-2.2530706335500423,-1.1456221555722588,0.9013505918828096,0.057991828968424,2.538744156640316,0.1291620819988968,1.810862351586772
30.0,106.0,215.4642791748047,-0.619272128359899,1.0161821115856564,-3.392347947738536,-3.718930889608517,-1.3159031693529706,0.8296082231312336,0.0283507836533688,2.580653015910745,0.2883060967232943,2.043397947376025
30.0,106.0,205.575927734375,-0.8160173862793221,0.5906195673798553,-3.5501247184478806,-2.9220737949502533,-1.5276746941164658,0.7254873283981647,-0.0189028447691116,2.5943872451814447,0.2168908645567235,1.9760531472632008
30.0,106.0,200.966552734375,0.0511069574124457,1.747527639933753,-2.322465838549517,-2.385367672303049,-1.5689299050997256,0.7279599504360057,0.0318551325799721,2.538697767103279,0.2265852792998942,1.890549882815444
30.0,106.0,134.3700714111328,-0.0689789739237431,1.5751765161058888,-2.531163365076467,-2.2507063653885937,-1.1199307998578605,0.8667443501769972,0.082286444217526,2.557601845220334,0.1319990650133191,1.8058652564319624
30.0,106.0,147.184326171875,-0.0405363997524206,1.5030279308288623,-2.4406287533934004,-2.168772691134057,-0.9820398880100109,0.9391154075520962,0.0634634722304155,2.5278287114971616,0.1221443240665024,1.748257460055134
30.0,106.0,211.49984741210932,-0.6023430394608064,0.6862990325442788,-3.3371353581117207,-2.8851573211860253,-1.389844403508281,0.7960834819435386,-0.0731183203058278,2.570385485955568,0.1939850410112546,2.062637422407674
30.0,106.0,203.5377197265625,-0.7554581713797442,0.5923854189498861,-3.044490820697141,-2.484803336870788,-1.3228756579212249,0.7903576123627445,-0.0791024217178839,2.4920453876996134,0.1334636090779443,1.7953664526480333
30.0,106.0,156.1363067626953,-0.2760540952185579,1.3788603984589185,-2.677692971778043,-2.2776812973108007,-1.2271409693286892,0.7593997243579433,0.0223990236343197,2.533094999759438,0.1595613271141087,2.003122963565078
30.0,106.0,138.86634826660156,-0.1624262735988433,1.5489224699855646,-2.5608669978179264,-2.2487773082726696,-1.152822392540219,0.8329065325469658,0.0631211708700835,2.538375961884181,0.1328284256882179,1.816430224869659
30.0,106.0,142.5310516357422,0.0646283168116785,1.6058681210553791,-2.557794659127135,-2.2681664890851003,-1.150286832144521,0.7412492840876096,0.030853545802548,2.5386821041915657,0.1472138259151174,1.7755732026200983
30.0,106.0,173.00320434570312,-0.4374654517932287,1.2357249990135362,-2.79238402845472,-2.355827463102169,-1.220448700538539,0.8911572022735176,0.0642796433100644,2.564324926403032,0.1520911367781914,1.9022022776230323
30.0,107.0,214.22732543945312,-0.5709375357719852,0.6099977697356924,-3.140555826576952,-2.751540540879751,-1.5639863451240932,0.7150772700534826,-0.0298015949691891,2.517225884112829,0.2132561271602341,1.8995796105848937
30.0,107.0,201.4370574951172,-0.4540401323260987,0.8179070478135094,-3.314276906304189,-2.628539443785192,-1.3337882873665527,0.7127938785222587,-0.0269535484838654,2.590339428802196,0.2594558839508205,2.0689052243034824
30.0,107.0,143.2484893798828,0.0420119024890019,1.6695875052165907,-2.5464215881545824,-2.2673709542453704,-1.118747134159931,0.75231708558375,0.0227948356022871,2.548545948024531,0.1478021613494526,1.7443722065138334
30.0,107.0,205.40724182128903,-1.2471719392371754,0.7338063691250966,-3.6956164114227614,-2.6893020048638974,-1.4361633841990469,0.7509499775402746,-0.0265320376388999,2.5844589496606782,0.2214973721181175,2.0621365244733765
30.0,107.0,203.8832092285156,-1.4790613265445376,0.7732738784922106,-3.3582703227624244,-2.695334901826924,-1.3453112019984668,0.7075198587616528,-0.0020897764918419,2.575840366118009,0.2040841445302196,2.0670954059278106
30.0,107.0,140.8223419189453,-0.1579089892298896,1.528616790212859,-2.4792742852453866,-2.237690128139213,-1.1319030405305304,0.8558834986801042,0.0527652322844071,2.498700038453474,0.1374835743739023,1.8817626761699149
30.0,107.0,138.6132049560547,-0.1056389426356239,1.570926210369768,-2.5687626328631583,-2.211938084415688,-1.1184181232622945,0.9225082752922606,0.0617191118293244,2.5486016091056536,0.1334561957855253,1.8328625921192103
30.0,107.0,134.90081787109375,-0.0562137274903181,1.5760360999446532,-2.5442581699856763,-2.2515131185205006,-1.1110458047415688,0.8691811287662962,0.0874950033423354,2.557359726743205,0.1321272858997887,1.7483527886758687
30.0,107.0,203.4140472412109,-0.5678473708618155,0.7799693007154738,-3.6749830968560486,-2.725391649065348,-1.3797502672892723,0.7480700850134762,-0.0265029683648772,2.586302994710479,0.2283338142204806,2.0667280186433774
30.0,107.0,217.80987548828125,-0.7399219093249991,0.6265199654248446,-3.3812386568411683,-3.115740592719888,-2.4970438835882924,0.4187495791001843,-0.1164287251613381,2.541142812644273,0.2703581298861386,2.0687642066891287
30.0,107.0,201.7044219970703,-0.6552952230338768,0.789537644755984,-3.131677153117997,-2.725862189701337,-1.327890814222953,0.7257755438118074,-0.0264966475501739,2.5879562114865826,0.2411740536822892,2.06908069814025
30.0,107.0,147.72621154785156,-0.1939006752508493,1.4979391158531548,-2.532450702160125,-2.257979484741621,-1.1423032820860115,0.8674318531329542,0.0581448647145933,2.573350345779238,0.0728363797434046,1.8767522428541328
30.0,107.0,207.52395629882807,-1.0172369141889488,0.5097226488719611,-3.674337809841004,-2.8353189978585056,-1.3644168602548383,0.7515932251121955,-0.0172059671688819,2.580125632767812,0.2261450789481383,2.063133829032119
30.0,107.0,175.8495330810547,-0.4775785043656096,1.232828352030302,-2.829773447056977,-2.384111755209133,-1.2235130123262596,0.8677996048050263,0.0581306772521697,2.565029186474866,0.1954501146382836,1.8987196644750453
30.0,107.0,221.4112243652344,-0.3577889705867167,0.8293934806643648,-3.3979003253151454,-2.7654536822693285,-1.6698577467448548,0.6572926121331348,0.0036915510580502,2.630194871551593,0.2211682507633885,2.2321347321959304
30.0,107.0,148.6250457763672,-0.1986492861108648,1.4209620232211004,-2.65459858518546,-2.257949075710216,-1.136677850453398,0.8572889993518071,0.1111603619959347,2.60279736794967,0.1589008643243573,1.9487578796654748
30.0,107.0,220.53668212890625,-1.2171966783311097,0.4756538204269566,-3.473961005955754,-3.088961056374514,-1.704597891261704,0.4920041034137272,-0.0918239354140258,2.562499878329205,0.3992523830963432,2.654374933471221
30.0,107.0,150.9752197265625,-0.1775624783970037,1.401633628584086,-2.709509538975155,-2.21492977136202,-1.1603965254135886,0.8315500045659168,0.0522790887871648,2.57576063415358,0.1270628370713633,1.6772362601068225
30.0,107.0,245.9429931640625,-0.8483266135729868,0.6453986865434707,-3.506552371550096,-3.271625883978806,-2.56814784519429,0.2147286641374462,-0.1436646083617611,2.4296898910346845,0.2413711030766583,2.371772908737178
30.0,107.0,220.6161956787109,-0.9503927517081534,0.677458880081766,-3.4985466721108613,-3.1419557166689587,-2.6450864950941537,0.7657276416976995,-0.0800017667336136,2.591298282155937,0.2318220931468717,1.9778696258291708
30.0,107.0,209.95681762695312,-0.8546054761373488,0.5561256830121146,-3.5196763665523463,-2.9998356632825494,-1.6631055522139582,0.5872105304760162,-0.0307104087849592,2.588951662564981,0.2473229352094717,1.9606851088631445
30.0,107.0,198.1161651611328,-2.038243775065099,1.5493086873758664,-2.845738260058812,-2.791556400356753,-1.3545742485838108,0.7431300521504673,0.0653416799188597,2.5513340819415955,0.1909917097448164,1.910990100271098
30.0,107.0,205.4263153076172,-1.0610826982318322,0.7387432132212964,-3.5269101097837323,-2.588175478326636,-1.3746018730768372,0.7544874944278932,-0.0259144887775997,2.5909527780546773,0.210068459110206,2.063579531483645
30.0,107.0,172.61151123046875,-0.1592416640714551,1.3781854332006982,-2.842439873240012,-2.5781979073611363,-1.1858615648576751,0.8182413546845793,-0.0201786099424935,2.54670396876944,0.0844296178985597,1.767456241439366
30.0,107.0,135.96267700195312,-0.092351230301669,1.5668842247634145,-2.5247631426385384,-2.280494066693228,-1.1079211740501802,0.8803939301486516,0.0537824071421274,2.5573276297632,0.1328282215290741,1.832211195754568
30.0,107.0,136.3568572998047,-0.018031943560004,1.559089057844506,-2.5158851817725507,-2.2333281855701586,-1.135383744137039,0.8264282610877168,0.0725478680747091,2.535279741491141,0.2148080168980822,1.9382990439886696
30.0,107.0,203.7299041748047,-1.4671963034076896,0.7718039591814964,-3.521820860113768,-2.7055890962796987,-1.3850800460590984,0.7492558679810841,0.0041742840984898,2.5864682179734686,0.2295821296873494,1.9406396168518183
30.0,107.0,240.0376892089844,-0.818985015422538,0.7325545795717203,-3.463958090524869,-3.1745869837099026,-1.9281247841715203,0.2058466922336207,-0.3766659363291286,2.6001316734345754,0.2265875295001577,2.1979228280822705
30.0,107.0,239.34703063964844,-0.5573109000134422,1.0820330890696988,-3.240952051214933,-3.640707829016172,-1.7737497179098791,0.4745016799634982,0.0314885242161033,2.6135288507269894,0.153150853889011,1.936260516662292
30.0,107.0,174.9043731689453,-0.4337148036269149,1.3957858779033767,-2.563306055980149,-2.192045404372617,-1.0163253117217677,0.9323530831185236,0.0483385174874929,2.489070490227351,0.15075481690501,1.9308161435418136
30.0,107.0,158.45535278320312,-0.0626968904673227,1.7078752823295758,-2.5138658373037366,-2.132265221094887,-0.9747990200372,0.9705743444685944,0.0880984029153308,2.5783407344591955,0.0930182220357821,1.851253467387596
30.0,107.0,260.75506591796875,-0.7235173814946477,0.2633142916060825,-3.729488048766044,-2.598819823759516,-1.5621266964312754,0.5837873023273118,-0.2228563854805409,2.2311934862750764,0.0184947537160842,1.5811522207979942
30.0,107.0,180.75180053710932,-1.5807573939206765,1.469290316596337,-2.5297438910965795,-2.303541822213111,-1.2326950186349293,0.7274332656968645,0.0766846025806966,2.552040644417223,0.1382893542705546,1.937735264157364
30.0,107.0,209.853515625,-0.6115977473066232,0.7776220381257966,-3.835539989399004,-2.6171739805113914,-1.275521664933832,0.7366176474541036,-0.0458302544230463,2.584816162634513,0.2980722673261389,2.069972514370848
30.0,107.0,145.46542358398438,-0.1236144851633765,1.6175870242059798,-2.5358364488669483,-2.170196958161545,-1.1376398221665929,0.8235712195587487,-0.0730761431217709,2.4531607097673827,0.1306253287625997,1.8058055175727568
30.0,107.0,137.9208221435547,-0.0398540186358622,1.507461200419347,-2.534490540083853,-2.2514381348255235,-1.140341110551198,0.864823399575815,0.103957741659951,2.5475856792439084,0.1312039652345779,1.7986578209916475
30.0,107.0,245.99302673339844,-0.7494604562313425,0.5827624451646062,-3.1978432976312727,-2.930434860001456,-2.589522757468941,0.4511330050359632,-0.2349149109541924,2.459352546895984,0.2558733024443547,1.86071018527782
30.0,107.0,210.119873046875,-0.7610068930568665,0.5642124147423887,-3.726421416211226,-2.7995431788777383,-1.3708891968054873,0.679066308131347,0.0234932080174868,2.5843400721228726,0.297657964549431,2.1950618999519365
30.0,107.0,139.55007934570312,0.0363768761751788,1.603676781075126,-2.5204275470789166,-2.248612944354974,-1.1133398035589397,0.7842342313476913,0.081350784650436,2.5670380602981835,0.1344590046029129,1.7934976367619484
30.0,107.0,215.4642791748047,-0.619272128359899,1.0161821115856564,-3.392347947738536,-3.718930889608517,-1.3159031693529706,0.8296082231312336,0.0283507836533688,2.580653015910745,0.2883060967232943,2.043397947376025
30.0,107.0,205.575927734375,-0.8160173862793221,0.5906195673798553,-3.5501247184478806,-2.9220737949502533,-1.5276746941164658,0.7254873283981647,-0.0189028447691116,2.5943872451814447,0.2168908645567235,1.9760531472632008
30.0,107.0,200.966552734375,0.0511069574124457,1.747527639933753,-2.322465838549517,-2.385367672303049,-1.5689299050997256,0.7279599504360057,0.0318551325799721,2.538697767103279,0.2265852792998942,1.890549882815444
30.0,107.0,134.3700714111328,-0.0689789739237431,1.5751765161058888,-2.531163365076467,-2.2507063653885937,-1.1199307998578605,0.8667443501769972,0.082286444217526,2.557601845220334,0.1319990650133191,1.8058652564319624
30.0,107.0,147.184326171875,-0.0405363997524206,1.5030279308288623,-2.4406287533934004,-2.168772691134057,-0.9820398880100109,0.9391154075520962,0.0634634722304155,2.5278287114971616,0.1221443240665024,1.748257460055134
30.0,107.0,211.49984741210932,-0.6023430394608064,0.6862990325442788,-3.3371353581117207,-2.8851573211860253,-1.389844403508281,0.7960834819435386,-0.0731183203058278,2.570385485955568,0.1939850410112546,2.062637422407674
30.0,107.0,203.5377197265625,-0.7554581713797442,0.5923854189498861,-3.044490820697141,-2.484803336870788,-1.3228756579212249,0.7903576123627445,-0.0791024217178839,2.4920453876996134,0.1334636090779443,1.7953664526480333
30.0,107.0,156.1363067626953,-0.2760540952185579,1.3788603984589185,-2.677692971778043,-2.2776812973108007,-1.2271409693286892,0.7593997243579433,0.0223990236343197,2.533094999759438,0.1595613271141087,2.003122963565078
30.0,107.0,138.86634826660156,-0.1624262735988433,1.5489224699855646,-2.5608669978179264,-2.2487773082726696,-1.152822392540219,0.8329065325469658,0.0631211708700835,2.538375961884181,0.1328284256882179,1.816430224869659
30.0,107.0,140.42367553710938,0.0612991526191017,1.617404887340922,-2.541765641324032,-2.2520912416675047,-1.1147101696883266,0.8436593515102255,0.0865310960184235,2.545062747730707,0.1749903867669293,1.7847925238163556
30.0,107.0,173.00320434570312,-0.4374654517932287,1.2357249990135362,-2.79238402845472,-2.355827463102169,-1.220448700538539,0.8911572022735176,0.0642796433100644,2.564324926403032,0.1520911367781914,1.9022022776230323
30.0,108.0,214.22732543945312,-0.5709375357719852,0.6099977697356924,-3.140555826576952,-2.751540540879751,-1.5639863451240932,0.7150772700534826,-0.0298015949691891,2.517225884112829,0.2132561271602341,1.8995796105848937
30.0,108.0,201.4370574951172,-0.4540401323260987,0.8179070478135094,-3.314276906304189,-2.628539443785192,-1.3337882873665527,0.7127938785222587,-0.0269535484838654,2.590339428802196,0.2594558839508205,2.0689052243034824
30.0,108.0,143.2484893798828,0.0420119024890019,1.6695875052165907,-2.5464215881545824,-2.2673709542453704,-1.118747134159931,0.75231708558375,0.0227948356022871,2.548545948024531,0.1478021613494526,1.7443722065138334
30.0,108.0,205.40724182128903,-1.2471719392371754,0.7338063691250966,-3.6956164114227614,-2.6893020048638974,-1.4361633841990469,0.7509499775402746,-0.0265320376388999,2.5844589496606782,0.2214973721181175,2.0621365244733765
30.0,108.0,203.8832092285156,-1.4790613265445376,0.7732738784922106,-3.3582703227624244,-2.695334901826924,-1.3453112019984668,0.7075198587616528,-0.0020897764918419,2.575840366118009,0.2040841445302196,2.0670954059278106
30.0,108.0,140.8223419189453,-0.1579089892298896,1.528616790212859,-2.4792742852453866,-2.237690128139213,-1.1319030405305304,0.8558834986801042,0.0527652322844071,2.498700038453474,0.1374835743739023,1.8817626761699149
30.0,108.0,138.6132049560547,-0.1056389426356239,1.570926210369768,-2.5687626328631583,-2.211938084415688,-1.1184181232622945,0.9225082752922606,0.0617191118293244,2.5486016091056536,0.1334561957855253,1.8328625921192103
30.0,108.0,134.90081787109375,-0.0562137274903181,1.5760360999446532,-2.5442581699856763,-2.2515131185205006,-1.1110458047415688,0.8691811287662962,0.0874950033423354,2.557359726743205,0.1321272858997887,1.7483527886758687
30.0,108.0,203.4140472412109,-0.5678473708618155,0.7799693007154738,-3.6749830968560486,-2.725391649065348,-1.3797502672892723,0.7480700850134762,-0.0265029683648772,2.586302994710479,0.2283338142204806,2.0667280186433774
30.0,108.0,217.80987548828125,-0.7399219093249991,0.6265199654248446,-3.3812386568411683,-3.115740592719888,-2.4970438835882924,0.4187495791001843,-0.1164287251613381,2.541142812644273,0.2703581298861386,2.0687642066891287
30.0,108.0,201.7044219970703,-0.6552952230338768,0.789537644755984,-3.131677153117997,-2.725862189701337,-1.327890814222953,0.7257755438118074,-0.0264966475501739,2.5879562114865826,0.2411740536822892,2.06908069814025
30.0,108.0,147.72621154785156,-0.1939006752508493,1.4979391158531548,-2.532450702160125,-2.257979484741621,-1.1423032820860115,0.8674318531329542,0.0581448647145933,2.573350345779238,0.0728363797434046,1.8767522428541328
30.0,108.0,207.52395629882807,-1.0172369141889488,0.5097226488719611,-3.674337809841004,-2.8353189978585056,-1.3644168602548383,0.7515932251121955,-0.0172059671688819,2.580125632767812,0.2261450789481383,2.063133829032119
30.0,108.0,175.8495330810547,-0.4775785043656096,1.232828352030302,-2.829773447056977,-2.384111755209133,-1.2235130123262596,0.8677996048050263,0.0581306772521697,2.565029186474866,0.1954501146382836,1.8987196644750453
30.0,108.0,221.4112243652344,-0.3577889705867167,0.8293934806643648,-3.3979003253151454,-2.7654536822693285,-1.6698577467448548,0.6572926121331348,0.0036915510580502,2.630194871551593,0.2211682507633885,2.2321347321959304
30.0,108.0,148.6250457763672,-0.1986492861108648,1.4209620232211004,-2.65459858518546,-2.257949075710216,-1.136677850453398,0.8572889993518071,0.1111603619959347,2.60279736794967,0.1589008643243573,1.9487578796654748
30.0,108.0,220.53668212890625,-1.2171966783311097,0.4756538204269566,-3.473961005955754,-3.088961056374514,-1.704597891261704,0.4920041034137272,-0.0918239354140258,2.562499878329205,0.3992523830963432,2.654374933471221
30.0,108.0,140.0439453125,-0.0796392550862691,1.5532265082337384,-2.613158468902046,-2.198529235180583,-1.1731255852943998,0.846052480593442,0.0620847422395202,2.585898548688649,0.1292501271330532,1.800355425086905
30.0,108.0,245.9429931640625,-0.8483266135729868,0.6453986865434707,-3.506552371550096,-3.271625883978806,-2.56814784519429,0.2147286641374462,-0.1436646083617611,2.4296898910346845,0.2413711030766583,2.371772908737178
30.0,108.0,220.6161956787109,-0.9503927517081534,0.677458880081766,-3.4985466721108613,-3.1419557166689587,-2.6450864950941537,0.7657276416976995,-0.0800017667336136,2.591298282155937,0.2318220931468717,1.9778696258291708
30.0,108.0,209.95681762695312,-0.8546054761373488,0.5561256830121146,-3.5196763665523463,-2.9998356632825494,-1.6631055522139582,0.5872105304760162,-0.0307104087849592,2.588951662564981,0.2473229352094717,1.9606851088631445
30.0,108.0,198.1161651611328,-2.038243775065099,1.5493086873758664,-2.845738260058812,-2.791556400356753,-1.3545742485838108,0.7431300521504673,0.0653416799188597,2.5513340819415955,0.1909917097448164,1.910990100271098
30.0,108.0,205.4263153076172,-1.0610826982318322,0.7387432132212964,-3.5269101097837323,-2.588175478326636,-1.3746018730768372,0.7544874944278932,-0.0259144887775997,2.5909527780546773,0.210068459110206,2.063579531483645
30.0,108.0,172.61151123046875,-0.1592416640714551,1.3781854332006982,-2.842439873240012,-2.5781979073611363,-1.1858615648576751,0.8182413546845793,-0.0201786099424935,2.54670396876944,0.0844296178985597,1.767456241439366
30.0,108.0,135.96267700195312,-0.092351230301669,1.5668842247634145,-2.5247631426385384,-2.280494066693228,-1.1079211740501802,0.8803939301486516,0.0537824071421274,2.5573276297632,0.1328282215290741,1.832211195754568
30.0,108.0,136.3568572998047,-0.018031943560004,1.559089057844506,-2.5158851817725507,-2.2333281855701586,-1.135383744137039,0.8264282610877168,0.0725478680747091,2.535279741491141,0.2148080168980822,1.9382990439886696
30.0,108.0,203.7299041748047,-1.4671963034076896,0.7718039591814964,-3.521820860113768,-2.7055890962796987,-1.3850800460590984,0.7492558679810841,0.0041742840984898,2.5864682179734686,0.2295821296873494,1.9406396168518183
30.0,108.0,240.0376892089844,-0.818985015422538,0.7325545795717203,-3.463958090524869,-3.1745869837099026,-1.9281247841715203,0.2058466922336207,-0.3766659363291286,2.6001316734345754,0.2265875295001577,2.1979228280822705
30.0,108.0,239.34703063964844,-0.5573109000134422,1.0820330890696988,-3.240952051214933,-3.640707829016172,-1.7737497179098791,0.4745016799634982,0.0314885242161033,2.6135288507269894,0.153150853889011,1.936260516662292
30.0,108.0,174.9043731689453,-0.4337148036269149,1.3957858779033767,-2.563306055980149,-2.192045404372617,-1.0163253117217677,0.9323530831185236,0.0483385174874929,2.489070490227351,0.15075481690501,1.9308161435418136
30.0,108.0,151.201171875,-0.0604959599161633,1.660349102418173,-2.4958135131104235,-2.2181962185364723,-1.0169317307189114,0.9443139359213466,0.090055875202249,2.532359104152835,0.0948852905053401,1.9201907134385936
30.0,108.0,260.75506591796875,-0.7235173814946477,0.2633142916060825,-3.729488048766044,-2.598819823759516,-1.5621266964312754,0.5837873023273118,-0.2228563854805409,2.2311934862750764,0.0184947537160842,1.5811522207979942
30.0,108.0,180.75180053710932,-1.5807573939206765,1.469290316596337,-2.5297438910965795,-2.303541822213111,-1.2326950186349293,0.7274332656968645,0.0766846025806966,2.552040644417223,0.1382893542705546,1.937735264157364
30.0,108.0,209.853515625,-0.6115977473066232,0.7776220381257966,-3.835539989399004,-2.6171739805113914,-1.275521664933832,0.7366176474541036,-0.0458302544230463,2.584816162634513,0.2980722673261389,2.069972514370848
30.0,108.0,142.9522247314453,-0.0234743614320289,1.6740720823464483,-2.344075059461828,-2.0641415079813887,-1.1210323362961732,0.8513693258370354,-0.0501001874907655,2.5212638469753714,0.1326361305950788,1.7963438605285
30.0,108.0,134.80091857910156,-0.0083493472617951,1.5986458047838503,-2.518084464086384,-2.2504995977641427,-1.0998027741574623,0.8735148400886782,0.088050140989382,2.559629835015667,0.1312637823396601,1.790847917249133
30.0,108.0,245.99302673339844,-0.7494604562313425,0.5827624451646062,-3.1978432976312727,-2.930434860001456,-2.589522757468941,0.4511330050359632,-0.2349149109541924,2.459352546895984,0.2558733024443547,1.86071018527782
30.0,108.0,210.119873046875,-0.7610068930568665,0.5642124147423887,-3.726421416211226,-2.7995431788777383,-1.3708891968054873,0.679066308131347,0.0234932080174868,2.5843400721228726,0.297657964549431,2.1950618999519365
30.0,108.0,139.55007934570312,0.0363768761751788,1.603676781075126,-2.5204275470789166,-2.248612944354974,-1.1133398035589397,0.7842342313476913,0.081350784650436,2.5670380602981835,0.1344590046029129,1.7934976367619484
30.0,108.0,215.4642791748047,-0.619272128359899,1.0161821115856564,-3.392347947738536,-3.718930889608517,-1.3159031693529706,0.8296082231312336,0.0283507836533688,2.580653015910745,0.2883060967232943,2.043397947376025
30.0,108.0,205.575927734375,-0.8160173862793221,0.5906195673798553,-3.5501247184478806,-2.9220737949502533,-1.5276746941164658,0.7254873283981647,-0.0189028447691116,2.5943872451814447,0.2168908645567235,1.9760531472632008
30.0,108.0,200.25596618652344,-0.1977212746974754,1.5075971778256838,-2.469336245887654,-2.551904905716473,-1.0767812526870189,0.8269913410662212,0.0458680968666382,2.5544125640576394,0.2238205855993769,1.817430614427915
30.0,108.0,134.3700714111328,-0.0689789739237431,1.5751765161058888,-2.531163365076467,-2.2507063653885937,-1.1199307998578605,0.8667443501769972,0.082286444217526,2.557601845220334,0.1319990650133191,1.8058652564319624
30.0,108.0,147.184326171875,-0.0405363997524206,1.5030279308288623,-2.4406287533934004,-2.168772691134057,-0.9820398880100109,0.9391154075520962,0.0634634722304155,2.5278287114971616,0.1221443240665024,1.748257460055134
30.0,108.0,211.49984741210932,-0.6023430394608064,0.6862990325442788,-3.3371353581117207,-2.8851573211860253,-1.389844403508281,0.7960834819435386,-0.0731183203058278,2.570385485955568,0.1939850410112546,2.062637422407674
30.0,108.0,203.5377197265625,-0.7554581713797442,0.5923854189498861,-3.044490820697141,-2.484803336870788,-1.3228756579212249,0.7903576123627445,-0.0791024217178839,2.4920453876996134,0.1334636090779443,1.7953664526480333
30.0,108.0,156.1363067626953,-0.2760540952185579,1.3788603984589185,-2.677692971778043,-2.2776812973108007,-1.2271409693286892,0.7593997243579433,0.0223990236343197,2.533094999759438,0.1595613271141087,2.003122963565078
30.0,108.0,138.86634826660156,-0.1624262735988433,1.5489224699855646,-2.5608669978179264,-2.2487773082726696,-1.152822392540219,0.8329065325469658,0.0631211708700835,2.538375961884181,0.1328284256882179,1.816430224869659
30.0,108.0,140.42367553710938,0.0612991526191017,1.617404887340922,-2.541765641324032,-2.2520912416675047,-1.1147101696883266,0.8436593515102255,0.0865310960184235,2.545062747730707,0.1749903867669293,1.7847925238163556
30.0,108.0,173.00320434570312,-0.4374654517932287,1.2357249990135362,-2.79238402845472,-2.355827463102169,-1.220448700538539,0.8911572022735176,0.0642796433100644,2.564324926403032,0.1520911367781914,1.9022022776230323
30.0,109.0,214.22732543945312,-0.5709375357719852,0.6099977697356924,-3.140555826576952,-2.751540540879751,-1.5639863451240932,0.7150772700534826,-0.0298015949691891,2.517225884112829,0.2132561271602341,1.8995796105848937
30.0,109.0,201.4370574951172,-0.4540401323260987,0.8179070478135094,-3.314276906304189,-2.628539443785192,-1.3337882873665527,0.7127938785222587,-0.0269535484838654,2.590339428802196,0.2594558839508205,2.0689052243034824
30.0,109.0,138.49923706054688,0.0627248503688638,1.5556371685937316,-2.483798386836248,-2.2021581495766376,-1.1187718023582884,0.8041218422740326,0.0408103426925332,2.549403995000928,0.1260036065600873,1.6792847029819644
30.0,109.0,205.40724182128903,-1.2471719392371754,0.7338063691250966,-3.6956164114227614,-2.6893020048638974,-1.4361633841990469,0.7509499775402746,-0.0265320376388999,2.5844589496606782,0.2214973721181175,2.0621365244733765
30.0,109.0,203.8832092285156,-1.4790613265445376,0.7732738784922106,-3.3582703227624244,-2.695334901826924,-1.3453112019984668,0.7075198587616528,-0.0020897764918419,2.575840366118009,0.2040841445302196,2.0670954059278106
30.0,109.0,140.8223419189453,-0.1579089892298896,1.528616790212859,-2.4792742852453866,-2.237690128139213,-1.1319030405305304,0.8558834986801042,0.0527652322844071,2.498700038453474,0.1374835743739023,1.8817626761699149
30.0,109.0,138.6132049560547,-0.1056389426356239,1.570926210369768,-2.5687626328631583,-2.211938084415688,-1.1184181232622945,0.9225082752922606,0.0617191118293244,2.5486016091056536,0.1334561957855253,1.8328625921192103
30.0,109.0,134.90081787109375,-0.0562137274903181,1.5760360999446532,-2.5442581699856763,-2.2515131185205006,-1.1110458047415688,0.8691811287662962,0.0874950033423354,2.557359726743205,0.1321272858997887,1.7483527886758687
30.0,109.0,203.4140472412109,-0.5678473708618155,0.7799693007154738,-3.6749830968560486,-2.725391649065348,-1.3797502672892723,0.7480700850134762,-0.0265029683648772,2.586302994710479,0.2283338142204806,2.0667280186433774
30.0,109.0,217.80987548828125,-0.7399219093249991,0.6265199654248446,-3.3812386568411683,-3.115740592719888,-2.4970438835882924,0.4187495791001843,-0.1164287251613381,2.541142812644273,0.2703581298861386,2.0687642066891287
30.0,109.0,201.7044219970703,-0.6552952230338768,0.789537644755984,-3.131677153117997,-2.725862189701337,-1.327890814222953,0.7257755438118074,-0.0264966475501739,2.5879562114865826,0.2411740536822892,2.06908069814025
30.0,109.0,147.72621154785156,-0.1939006752508493,1.4979391158531548,-2.532450702160125,-2.257979484741621,-1.1423032820860115,0.8674318531329542,0.0581448647145933,2.573350345779238,0.0728363797434046,1.8767522428541328
30.0,109.0,207.52395629882807,-1.0172369141889488,0.5097226488719611,-3.674337809841004,-2.8353189978585056,-1.3644168602548383,0.7515932251121955,-0.0172059671688819,2.580125632767812,0.2261450789481383,2.063133829032119
30.0,109.0,167.50865173339844,0.202997643708874,1.68728175400963,-2.374628713441949,-2.276908752024436,-1.1147274094302462,0.8074469943812721,0.0714439071003893,2.543238686666488,0.102091682888312,1.895688587275591
30.0,109.0,217.03973388671875,-0.1405600031966605,1.169851341558746,-2.7820637285419467,-2.65281235814957,-1.3232830357714078,0.9180883091289352,-0.0419884413412701,2.478564466063779,0.1619277690092773,2.1763345793213724
30.0,109.0,148.6250457763672,-0.1986492861108648,1.4209620232211004,-2.65459858518546,-2.257949075710216,-1.136677850453398,0.8572889993518071,0.1111603619959347,2.60279736794967,0.1589008643243573,1.9487578796654748
30.0,109.0,220.53668212890625,-1.2171966783311097,0.4756538204269566,-3.473961005955754,-3.088961056374514,-1.704597891261704,0.4920041034137272,-0.0918239354140258,2.562499878329205,0.3992523830963432,2.654374933471221
30.0,109.0,140.0439453125,-0.0796392550862691,1.5532265082337384,-2.613158468902046,-2.198529235180583,-1.1731255852943998,0.846052480593442,0.0620847422395202,2.585898548688649,0.1292501271330532,1.800355425086905
30.0,109.0,245.9429931640625,-0.8483266135729868,0.6453986865434707,-3.506552371550096,-3.271625883978806,-2.56814784519429,0.2147286641374462,-0.1436646083617611,2.4296898910346845,0.2413711030766583,2.371772908737178
30.0,109.0,220.6161956787109,-0.9503927517081534,0.677458880081766,-3.4985466721108613,-3.1419557166689587,-2.6450864950941537,0.7657276416976995,-0.0800017667336136,2.591298282155937,0.2318220931468717,1.9778696258291708
30.0,109.0,209.95681762695312,-0.8546054761373488,0.5561256830121146,-3.5196763665523463,-2.9998356632825494,-1.6631055522139582,0.5872105304760162,-0.0307104087849592,2.588951662564981,0.2473229352094717,1.9606851088631445
30.0,109.0,198.1161651611328,-2.038243775065099,1.5493086873758664,-2.845738260058812,-2.791556400356753,-1.3545742485838108,0.7431300521504673,0.0653416799188597,2.5513340819415955,0.1909917097448164,1.910990100271098
30.0,109.0,205.4263153076172,-1.0610826982318322,0.7387432132212964,-3.5269101097837323,-2.588175478326636,-1.3746018730768372,0.7544874944278932,-0.0259144887775997,2.5909527780546773,0.210068459110206,2.063579531483645
30.0,109.0,172.61151123046875,-0.1592416640714551,1.3781854332006982,-2.842439873240012,-2.5781979073611363,-1.1858615648576751,0.8182413546845793,-0.0201786099424935,2.54670396876944,0.0844296178985597,1.767456241439366
30.0,109.0,135.96267700195312,-0.092351230301669,1.5668842247634145,-2.5247631426385384,-2.280494066693228,-1.1079211740501802,0.8803939301486516,0.0537824071421274,2.5573276297632,0.1328282215290741,1.832211195754568
30.0,109.0,136.3568572998047,-0.018031943560004,1.559089057844506,-2.5158851817725507,-2.2333281855701586,-1.135383744137039,0.8264282610877168,0.0725478680747091,2.535279741491141,0.2148080168980822,1.9382990439886696
30.0,109.0,203.7299041748047,-1.4671963034076896,0.7718039591814964,-3.521820860113768,-2.7055890962796987,-1.3850800460590984,0.7492558679810841,0.0041742840984898,2.5864682179734686,0.2295821296873494,1.9406396168518183
30.0,109.0,240.0376892089844,-0.818985015422538,0.7325545795717203,-3.463958090524869,-3.1745869837099026,-1.9281247841715203,0.2058466922336207,-0.3766659363291286,2.6001316734345754,0.2265875295001577,2.1979228280822705
30.0,109.0,239.34703063964844,-0.5573109000134422,1.0820330890696988,-3.240952051214933,-3.640707829016172,-1.7737497179098791,0.4745016799634982,0.0314885242161033,2.6135288507269894,0.153150853889011,1.936260516662292
30.0,109.0,174.9043731689453,-0.4337148036269149,1.3957858779033767,-2.563306055980149,-2.192045404372617,-1.0163253117217677,0.9323530831185236,0.0483385174874929,2.489070490227351,0.15075481690501,1.9308161435418136
30.0,109.0,145.8456268310547,-0.0802964219130124,1.6518842599724324,-2.5418829464071964,-2.251759462909259,-1.1605878729913874,0.9495693644685796,0.0906864625448548,2.554155083325774,0.1096533000267683,1.829167785245141
30.0,109.0,260.75506591796875,-0.7235173814946477,0.2633142916060825,-3.729488048766044,-2.598819823759516,-1.5621266964312754,0.5837873023273118,-0.2228563854805409,2.2311934862750764,0.0184947537160842,1.5811522207979942
30.0,109.0,180.75180053710932,-1.5807573939206765,1.469290316596337,-2.5297438910965795,-2.303541822213111,-1.2326950186349293,0.7274332656968645,0.0766846025806966,2.552040644417223,0.1382893542705546,1.937735264157364
30.0,109.0,209.853515625,-0.6115977473066232,0.7776220381257966,-3.835539989399004,-2.6171739805113914,-1.275521664933832,0.7366176474541036,-0.0458302544230463,2.584816162634513,0.2980722673261389,2.069972514370848
30.0,109.0,142.9522247314453,-0.0234743614320289,1.6740720823464483,-2.344075059461828,-2.0641415079813887,-1.1210323362961732,0.8513693258370354,-0.0501001874907655,2.5212638469753714,0.1326361305950788,1.7963438605285
30.0,109.0,134.80091857910156,-0.0083493472617951,1.5986458047838503,-2.518084464086384,-2.2504995977641427,-1.0998027741574623,0.8735148400886782,0.088050140989382,2.559629835015667,0.1312637823396601,1.790847917249133
30.0,109.0,245.99302673339844,-0.7494604562313425,0.5827624451646062,-3.1978432976312727,-2.930434860001456,-2.589522757468941,0.4511330050359632,-0.2349149109541924,2.459352546895984,0.2558733024443547,1.86071018527782
30.0,109.0,210.119873046875,-0.7610068930568665,0.5642124147423887,-3.726421416211226,-2.7995431788777383,-1.3708891968054873,0.679066308131347,0.0234932080174868,2.5843400721228726,0.297657964549431,2.1950618999519365
30.0,109.0,135.3036346435547,-0.0096841831287342,1.5576741689508495,-2.533054868764167,-2.250450282815105,-1.1288782721054234,0.8464940076814618,0.0742595780056818,2.535444098815625,0.1544019942464529,1.8011904366194151
30.0,109.0,215.4642791748047,-0.619272128359899,1.0161821115856564,-3.392347947738536,-3.718930889608517,-1.3159031693529706,0.8296082231312336,0.0283507836533688,2.580653015910745,0.2883060967232943,2.043397947376025
30.0,109.0,205.575927734375,-0.8160173862793221,0.5906195673798553,-3.5501247184478806,-2.9220737949502533,-1.5276746941164658,0.7254873283981647,-0.0189028447691116,2.5943872451814447,0.2168908645567235,1.9760531472632008
30.0,109.0,200.25596618652344,-0.1977212746974754,1.5075971778256838,-2.469336245887654,-2.551904905716473,-1.0767812526870189,0.8269913410662212,0.0458680968666382,2.5544125640576394,0.2238205855993769,1.817430614427915
30.0,109.0,134.3700714111328,-0.0689789739237431,1.5751765161058888,-2.531163365076467,-2.2507063653885937,-1.1199307998578605,0.8667443501769972,0.082286444217526,2.557601845220334,0.1319990650133191,1.8058652564319624
30.0,109.0,147.184326171875,-0.0405363997524206,1.5030279308288623,-2.4406287533934004,-2.168772691134057,-0.9820398880100109,0.9391154075520962,0.0634634722304155,2.5278287114971616,0.1221443240665024,1.748257460055134
30.0,109.0,211.49984741210932,-0.6023430394608064,0.6862990325442788,-3.3371353581117207,-2.8851573211860253,-1.389844403508281,0.7960834819435386,-0.0731183203058278,2.570385485955568,0.1939850410112546,2.062637422407674
30.0,109.0,203.5377197265625,-0.7554581713797442,0.5923854189498861,-3.044490820697141,-2.484803336870788,-1.3228756579212249,0.7903576123627445,-0.0791024217178839,2.4920453876996134,0.1334636090779443,1.7953664526480333
30.0,109.0,156.1363067626953,-0.2760540952185579,1.3788603984589185,-2.677692971778043,-2.2776812973108007,-1.2271409693286892,0.7593997243579433,0.0223990236343197,2.533094999759438,0.1595613271141087,2.003122963565078
30.0,109.0,138.86634826660156,-0.1624262735988433,1.5489224699855646,-2.5608669978179264,-2.2487773082726696,-1.152822392540219,0.8329065325469658,0.0631211708700835,2.538375961884181,0.1328284256882179,1.816430224869659
30.0,109.0,140.42367553710938,0.0612991526191017,1.617404887340922,-2.541765641324032,-2.2520912416675047,-1.1147101696883266,0.8436593515102255,0.0865310960184235,2.545062747730707,0.1749903867669293,1.7847925238163556
30.0,109.0,173.00320434570312,-0.4374654517932287,1.2357249990135362,-2.79238402845472,-2.355827463102169,-1.220448700538539,0.8911572022735176,0.0642796433100644,2.564324926403032,0.1520911367781914,1.9022022776230323
30.0,110.0,214.22732543945312,-0.5709375357719852,0.6099977697356924,-3.140555826576952,-2.751540540879751,-1.5639863451240932,0.7150772700534826,-0.0298015949691891,2.517225884112829,0.2132561271602341,1.8995796105848937
30.0,110.0,201.4370574951172,-0.4540401323260987,0.8179070478135094,-3.314276906304189,-2.628539443785192,-1.3337882873665527,0.7127938785222587,-0.0269535484838654,2.590339428802196,0.2594558839508205,2.0689052243034824
30.0,110.0,138.49923706054688,0.0627248503688638,1.5556371685937316,-2.483798386836248,-2.2021581495766376,-1.1187718023582884,0.8041218422740326,0.0408103426925332,2.549403995000928,0.1260036065600873,1.6792847029819644
30.0,110.0,205.40724182128903,-1.2471719392371754,0.7338063691250966,-3.6956164114227614,-2.6893020048638974,-1.4361633841990469,0.7509499775402746,-0.0265320376388999,2.5844589496606782,0.2214973721181175,2.0621365244733765
30.0,110.0,203.8832092285156,-1.4790613265445376,0.7732738784922106,-3.3582703227624244,-2.695334901826924,-1.3453112019984668,0.7075198587616528,-0.0020897764918419,2.575840366118009,0.2040841445302196,2.0670954059278106
30.0,110.0,140.8223419189453,-0.1579089892298896,1.528616790212859,-2.4792742852453866,-2.237690128139213,-1.1319030405305304,0.8558834986801042,0.0527652322844071,2.498700038453474,0.1374835743739023,1.8817626761699149
30.0,110.0,132.98980712890625,-0.054156580747855,1.5771833804297577,-2.4658179047854603,-2.1526684639493614,-1.103985669483399,0.8961762222953014,0.0718766287873991,2.55925255738012,0.1364021811939696,1.820062975196193
30.0,110.0,134.90081787109375,-0.0562137274903181,1.5760360999446532,-2.5442581699856763,-2.2515131185205006,-1.1110458047415688,0.8691811287662962,0.0874950033423354,2.557359726743205,0.1321272858997887,1.7483527886758687
30.0,110.0,203.4140472412109,-0.5678473708618155,0.7799693007154738,-3.6749830968560486,-2.725391649065348,-1.3797502672892723,0.7480700850134762,-0.0265029683648772,2.586302994710479,0.2283338142204806,2.0667280186433774
30.0,110.0,217.80987548828125,-0.7399219093249991,0.6265199654248446,-3.3812386568411683,-3.115740592719888,-2.4970438835882924,0.4187495791001843,-0.1164287251613381,2.541142812644273,0.2703581298861386,2.0687642066891287
30.0,110.0,201.7044219970703,-0.6552952230338768,0.789537644755984,-3.131677153117997,-2.725862189701337,-1.327890814222953,0.7257755438118074,-0.0264966475501739,2.5879562114865826,0.2411740536822892,2.06908069814025
30.0,110.0,141.92616271972656,-0.0290771470339519,1.5258487609586402,-2.5459396904426663,-2.2550969052751646,-1.1275157184480242,0.8625450661176581,0.0902418846340969,2.5217141279675586,0.1280027010896341,1.9409394300774
30.0,110.0,207.52395629882807,-1.0172369141889488,0.5097226488719611,-3.674337809841004,-2.8353189978585056,-1.3644168602548383,0.7515932251121955,-0.0172059671688819,2.580125632767812,0.2261450789481383,2.063133829032119
30.0,110.0,167.50865173339844,0.202997643708874,1.68728175400963,-2.374628713441949,-2.276908752024436,-1.1147274094302462,0.8074469943812721,0.0714439071003893,2.543238686666488,0.102091682888312,1.895688587275591
30.0,110.0,217.03973388671875,-0.1405600031966605,1.169851341558746,-2.7820637285419467,-2.65281235814957,-1.3232830357714078,0.9180883091289352,-0.0419884413412701,2.478564466063779,0.1619277690092773,2.1763345793213724
30.0,110.0,148.6250457763672,-0.1986492861108648,1.4209620232211004,-2.65459858518546,-2.257949075710216,-1.136677850453398,0.8572889993518071,0.1111603619959347,2.60279736794967,0.1589008643243573,1.9487578796654748
30.0,110.0,220.53668212890625,-1.2171966783311097,0.4756538204269566,-3.473961005955754,-3.088961056374514,-1.704597891261704,0.4920041034137272,-0.0918239354140258,2.562499878329205,0.3992523830963432,2.654374933471221
30.0,110.0,140.0439453125,-0.0796392550862691,1.5532265082337384,-2.613158468902046,-2.198529235180583,-1.1731255852943998,0.846052480593442,0.0620847422395202,2.585898548688649,0.1292501271330532,1.800355425086905
30.0,110.0,245.9429931640625,-0.8483266135729868,0.6453986865434707,-3.506552371550096,-3.271625883978806,-2.56814784519429,0.2147286641374462,-0.1436646083617611,2.4296898910346845,0.2413711030766583,2.371772908737178
30.0,110.0,220.6161956787109,-0.9503927517081534,0.677458880081766,-3.4985466721108613,-3.1419557166689587,-2.6450864950941537,0.7657276416976995,-0.0800017667336136,2.591298282155937,0.2318220931468717,1.9778696258291708
30.0,110.0,209.95681762695312,-0.8546054761373488,0.5561256830121146,-3.5196763665523463,-2.9998356632825494,-1.6631055522139582,0.5872105304760162,-0.0307104087849592,2.588951662564981,0.2473229352094717,1.9606851088631445
30.0,110.0,198.1161651611328,-2.038243775065099,1.5493086873758664,-2.845738260058812,-2.791556400356753,-1.3545742485838108,0.7431300521504673,0.0653416799188597,2.5513340819415955,0.1909917097448164,1.910990100271098
30.0,110.0,205.4263153076172,-1.0610826982318322,0.7387432132212964,-3.5269101097837323,-2.588175478326636,-1.3746018730768372,0.7544874944278932,-0.0259144887775997,2.5909527780546773,0.210068459110206,2.063579531483645
30.0,110.0,172.61151123046875,-0.1592416640714551,1.3781854332006982,-2.842439873240012,-2.5781979073611363,-1.1858615648576751,0.8182413546845793,-0.0201786099424935,2.54670396876944,0.0844296178985597,1.767456241439366
30.0,110.0,135.96267700195312,-0.092351230301669,1.5668842247634145,-2.5247631426385384,-2.280494066693228,-1.1079211740501802,0.8803939301486516,0.0537824071421274,2.5573276297632,0.1328282215290741,1.832211195754568
30.0,110.0,135.45883178710938,-0.0873252395066185,1.5751266241709474,-2.527550610394404,-2.237884769164118,-1.137379683303917,0.8331373720339491,0.0675294701189984,2.5590664462457853,0.1964248853811158,1.814742262021884
30.0,110.0,203.7299041748047,-1.4671963034076896,0.7718039591814964,-3.521820860113768,-2.7055890962796987,-1.3850800460590984,0.7492558679810841,0.0041742840984898,2.5864682179734686,0.2295821296873494,1.9406396168518183
30.0,110.0,240.0376892089844,-0.818985015422538,0.7325545795717203,-3.463958090524869,-3.1745869837099026,-1.9281247841715203,0.2058466922336207,-0.3766659363291286,2.6001316734345754,0.2265875295001577,2.1979228280822705
30.0,110.0,239.34703063964844,-0.5573109000134422,1.0820330890696988,-3.240952051214933,-3.640707829016172,-1.7737497179098791,0.4745016799634982,0.0314885242161033,2.6135288507269894,0.153150853889011,1.936260516662292
30.0,110.0,174.9043731689453,-0.4337148036269149,1.3957858779033767,-2.563306055980149,-2.192045404372617,-1.0163253117217677,0.9323530831185236,0.0483385174874929,2.489070490227351,0.15075481690501,1.9308161435418136
30.0,110.0,140.59536743164062,-0.0726557417202642,1.647456294893118,-2.561120175754624,-2.266376837335441,-1.2098963300312735,0.8294559528974601,0.0836946920862934,2.568118687010265,0.1500339902395265,1.7733932562986463
30.0,110.0,260.75506591796875,-0.7235173814946477,0.2633142916060825,-3.729488048766044,-2.598819823759516,-1.5621266964312754,0.5837873023273118,-0.2228563854805409,2.2311934862750764,0.0184947537160842,1.5811522207979942
30.0,110.0,180.75180053710932,-1.5807573939206765,1.469290316596337,-2.5297438910965795,-2.303541822213111,-1.2326950186349293,0.7274332656968645,0.0766846025806966,2.552040644417223,0.1382893542705546,1.937735264157364
30.0,110.0,209.853515625,-0.6115977473066232,0.7776220381257966,-3.835539989399004,-2.6171739805113914,-1.275521664933832,0.7366176474541036,-0.0458302544230463,2.584816162634513,0.2980722673261389,2.069972514370848
30.0,110.0,133.95928955078125,-0.0675793543555816,1.5499970694717196,-2.554549052261088,-2.2037658147046955,-1.1299684300080404,0.8457985509130024,0.033366336625776,2.535263804806013,0.1327274958393893,1.8077805187052325
30.0,110.0,134.80091857910156,-0.0083493472617951,1.5986458047838503,-2.518084464086384,-2.2504995977641427,-1.0998027741574623,0.8735148400886782,0.088050140989382,2.559629835015667,0.1312637823396601,1.790847917249133
30.0,110.0,245.99302673339844,-0.7494604562313425,0.5827624451646062,-3.1978432976312727,-2.930434860001456,-2.589522757468941,0.4511330050359632,-0.2349149109541924,2.459352546895984,0.2558733024443547,1.86071018527782
30.0,110.0,210.119873046875,-0.7610068930568665,0.5642124147423887,-3.726421416211226,-2.7995431788777383,-1.3708891968054873,0.679066308131347,0.0234932080174868,2.5843400721228726,0.297657964549431,2.1950618999519365
30.0,110.0,135.3036346435547,-0.0096841831287342,1.5576741689508495,-2.533054868764167,-2.250450282815105,-1.1288782721054234,0.8464940076814618,0.0742595780056818,2.535444098815625,0.1544019942464529,1.8011904366194151
30.0,110.0,215.4642791748047,-0.619272128359899,1.0161821115856564,-3.392347947738536,-3.718930889608517,-1.3159031693529706,0.8296082231312336,0.0283507836533688,2.580653015910745,0.2883060967232943,2.043397947376025
30.0,110.0,205.575927734375,-0.8160173862793221,0.5906195673798553,-3.5501247184478806,-2.9220737949502533,-1.5276746941164658,0.7254873283981647,-0.0189028447691116,2.5943872451814447,0.2168908645567235,1.9760531472632008
30.0,110.0,161.35391235351562,0.1499173174987512,1.5549473370324665,-2.5010808139672336,-2.361374584326886,-1.189261740952341,0.8670441024564607,0.0735320068948391,2.55390220415592,0.1975383545183064,1.8089986964818203
30.0,110.0,134.3700714111328,-0.0689789739237431,1.5751765161058888,-2.531163365076467,-2.2507063653885937,-1.1199307998578605,0.8667443501769972,0.082286444217526,2.557601845220334,0.1319990650133191,1.8058652564319624
30.0,110.0,147.184326171875,-0.0405363997524206,1.5030279308288623,-2.4406287533934004,-2.168772691134057,-0.9820398880100109,0.9391154075520962,0.0634634722304155,2.5278287114971616,0.1221443240665024,1.748257460055134
30.0,110.0,211.49984741210932,-0.6023430394608064,0.6862990325442788,-3.3371353581117207,-2.8851573211860253,-1.389844403508281,0.7960834819435386,-0.0731183203058278,2.570385485955568,0.1939850410112546,2.062637422407674
30.0,110.0,203.5377197265625,-0.7554581713797442,0.5923854189498861,-3.044490820697141,-2.484803336870788,-1.3228756579212249,0.7903576123627445,-0.0791024217178839,2.4920453876996134,0.1334636090779443,1.7953664526480333
30.0,110.0,156.1363067626953,-0.2760540952185579,1.3788603984589185,-2.677692971778043,-2.2776812973108007,-1.2271409693286892,0.7593997243579433,0.0223990236343197,2.533094999759438,0.1595613271141087,2.003122963565078
30.0,110.0,135.11524963378906,-0.054507864480546,1.542426450023746,-2.571400726830845,-2.2526586358272453,-1.1232792456101766,0.8713122450462728,0.0370966774437699,2.5437607174182544,0.1321442350921275,1.8384272040042349
30.0,110.0,140.42367553710938,0.0612991526191017,1.617404887340922,-2.541765641324032,-2.2520912416675047,-1.1147101696883266,0.8436593515102255,0.0865310960184235,2.545062747730707,0.1749903867669293,1.7847925238163556
30.0,110.0,173.00320434570312,-0.4374654517932287,1.2357249990135362,-2.79238402845472,-2.355827463102169,-1.220448700538539,0.8911572022735176,0.0642796433100644,2.564324926403032,0.1520911367781914,1.9022022776230323
30.0,111.0,214.22732543945312,-0.5709375357719852,0.6099977697356924,-3.140555826576952,-2.751540540879751,-1.5639863451240932,0.7150772700534826,-0.0298015949691891,2.517225884112829,0.2132561271602341,1.8995796105848937
30.0,111.0,201.4370574951172,-0.4540401323260987,0.8179070478135094,-3.314276906304189,-2.628539443785192,-1.3337882873665527,0.7127938785222587,-0.0269535484838654,2.590339428802196,0.2594558839508205,2.0689052243034824
30.0,111.0,137.73001098632812,0.0616222164903918,1.5617414684020845,-2.4647399550023024,-2.1541050735053564,-1.1165957118288712,0.8815980207741319,0.0627475841863714,2.5512951708169656,0.1354307285239683,1.7756789644866908
30.0,111.0,205.40724182128903,-1.2471719392371754,0.7338063691250966,-3.6956164114227614,-2.6893020048638974,-1.4361633841990469,0.7509499775402746,-0.0265320376388999,2.5844589496606782,0.2214973721181175,2.0621365244733765
30.0,111.0,203.8832092285156,-1.4790613265445376,0.7732738784922106,-3.3582703227624244,-2.695334901826924,-1.3453112019984668,0.7075198587616528,-0.0020897764918419,2.575840366118009,0.2040841445302196,2.0670954059278106
30.0,111.0,140.8223419189453,-0.1579089892298896,1.528616790212859,-2.4792742852453866,-2.237690128139213,-1.1319030405305304,0.8558834986801042,0.0527652322844071,2.498700038453474,0.1374835743739023,1.8817626761699149
30.0,111.0,132.98980712890625,-0.054156580747855,1.5771833804297577,-2.4658179047854603,-2.1526684639493614,-1.103985669483399,0.8961762222953014,0.0718766287873991,2.55925255738012,0.1364021811939696,1.820062975196193
30.0,111.0,131.7421417236328,-0.0582953071118527,1.5863747926247802,-2.489444775902408,-2.199686807958399,-1.1163000076730247,0.8876243006604948,0.0697763403582965,2.5626518438403325,0.13699454481731,1.7816696243448145
30.0,111.0,203.4140472412109,-0.5678473708618155,0.7799693007154738,-3.6749830968560486,-2.725391649065348,-1.3797502672892723,0.7480700850134762,-0.0265029683648772,2.586302994710479,0.2283338142204806,2.0667280186433774
30.0,111.0,217.80987548828125,-0.7399219093249991,0.6265199654248446,-3.3812386568411683,-3.115740592719888,-2.4970438835882924,0.4187495791001843,-0.1164287251613381,2.541142812644273,0.2703581298861386,2.0687642066891287
30.0,111.0,201.7044219970703,-0.6552952230338768,0.789537644755984,-3.131677153117997,-2.725862189701337,-1.327890814222953,0.7257755438118074,-0.0264966475501739,2.5879562114865826,0.2411740536822892,2.06908069814025
30.0,111.0,141.92616271972656,-0.0290771470339519,1.5258487609586402,-2.5459396904426663,-2.2550969052751646,-1.1275157184480242,0.8625450661176581,0.0902418846340969,2.5217141279675586,0.1280027010896341,1.9409394300774
30.0,111.0,207.52395629882807,-1.0172369141889488,0.5097226488719611,-3.674337809841004,-2.8353189978585056,-1.3644168602548383,0.7515932251121955,-0.0172059671688819,2.580125632767812,0.2261450789481383,2.063133829032119
30.0,111.0,167.50865173339844,0.202997643708874,1.68728175400963,-2.374628713441949,-2.276908752024436,-1.1147274094302462,0.8074469943812721,0.0714439071003893,2.543238686666488,0.102091682888312,1.895688587275591
30.0,111.0,217.03973388671875,-0.1405600031966605,1.169851341558746,-2.7820637285419467,-2.65281235814957,-1.3232830357714078,0.9180883091289352,-0.0419884413412701,2.478564466063779,0.1619277690092773,2.1763345793213724
30.0,111.0,148.6250457763672,-0.1986492861108648,1.4209620232211004,-2.65459858518546,-2.257949075710216,-1.136677850453398,0.8572889993518071,0.1111603619959347,2.60279736794967,0.1589008643243573,1.9487578796654748
30.0,111.0,220.53668212890625,-1.2171966783311097,0.4756538204269566,-3.473961005955754,-3.088961056374514,-1.704597891261704,0.4920041034137272,-0.0918239354140258,2.562499878329205,0.3992523830963432,2.654374933471221
30.0,111.0,140.0439453125,-0.0796392550862691,1.5532265082337384,-2.613158468902046,-2.198529235180583,-1.1731255852943998,0.846052480593442,0.0620847422395202,2.585898548688649,0.1292501271330532,1.800355425086905
30.0,111.0,245.9429931640625,-0.8483266135729868,0.6453986865434707,-3.506552371550096,-3.271625883978806,-2.56814784519429,0.2147286641374462,-0.1436646083617611,2.4296898910346845,0.2413711030766583,2.371772908737178
30.0,111.0,220.6161956787109,-0.9503927517081534,0.677458880081766,-3.4985466721108613,-3.1419557166689587,-2.6450864950941537,0.7657276416976995,-0.0800017667336136,2.591298282155937,0.2318220931468717,1.9778696258291708
30.0,111.0,209.95681762695312,-0.8546054761373488,0.5561256830121146,-3.5196763665523463,-2.9998356632825494,-1.6631055522139582,0.5872105304760162,-0.0307104087849592,2.588951662564981,0.2473229352094717,1.9606851088631445
30.0,111.0,198.1161651611328,-2.038243775065099,1.5493086873758664,-2.845738260058812,-2.791556400356753,-1.3545742485838108,0.7431300521504673,0.0653416799188597,2.5513340819415955,0.1909917097448164,1.910990100271098
30.0,111.0,205.4263153076172,-1.0610826982318322,0.7387432132212964,-3.5269101097837323,-2.588175478326636,-1.3746018730768372,0.7544874944278932,-0.0259144887775997,2.5909527780546773,0.210068459110206,2.063579531483645
30.0,111.0,172.61151123046875,-0.1592416640714551,1.3781854332006982,-2.842439873240012,-2.5781979073611363,-1.1858615648576751,0.8182413546845793,-0.0201786099424935,2.54670396876944,0.0844296178985597,1.767456241439366
30.0,111.0,135.96267700195312,-0.092351230301669,1.5668842247634145,-2.5247631426385384,-2.280494066693228,-1.1079211740501802,0.8803939301486516,0.0537824071421274,2.5573276297632,0.1328282215290741,1.832211195754568
30.0,111.0,135.45883178710938,-0.0873252395066185,1.5751266241709474,-2.527550610394404,-2.237884769164118,-1.137379683303917,0.8331373720339491,0.0675294701189984,2.5590664462457853,0.1964248853811158,1.814742262021884
30.0,111.0,203.7299041748047,-1.4671963034076896,0.7718039591814964,-3.521820860113768,-2.7055890962796987,-1.3850800460590984,0.7492558679810841,0.0041742840984898,2.5864682179734686,0.2295821296873494,1.9406396168518183
30.0,111.0,240.0376892089844,-0.818985015422538,0.7325545795717203,-3.463958090524869,-3.1745869837099026,-1.9281247841715203,0.2058466922336207,-0.3766659363291286,2.6001316734345754,0.2265875295001577,2.1979228280822705
30.0,111.0,239.34703063964844,-0.5573109000134422,1.0820330890696988,-3.240952051214933,-3.640707829016172,-1.7737497179098791,0.4745016799634982,0.0314885242161033,2.6135288507269894,0.153150853889011,1.936260516662292
30.0,111.0,174.9043731689453,-0.4337148036269149,1.3957858779033767,-2.563306055980149,-2.192045404372617,-1.0163253117217677,0.9323530831185236,0.0483385174874929,2.489070490227351,0.15075481690501,1.9308161435418136
30.0,111.0,134.8094940185547,-0.0392100205808893,1.550275822315607,-2.467366671124412,-2.16104586746638,-1.1546067961928117,0.8210269471673382,0.0779474645479232,2.568398746227944,0.149271321144728,1.797544054887935
30.0,111.0,260.75506591796875,-0.7235173814946477,0.2633142916060825,-3.729488048766044,-2.598819823759516,-1.5621266964312754,0.5837873023273118,-0.2228563854805409,2.2311934862750764,0.0184947537160842,1.5811522207979942
30.0,111.0,180.75180053710932,-1.5807573939206765,1.469290316596337,-2.5297438910965795,-2.303541822213111,-1.2326950186349293,0.7274332656968645,0.0766846025806966,2.552040644417223,0.1382893542705546,1.937735264157364
30.0,111.0,209.853515625,-0.6115977473066232,0.7776220381257966,-3.835539989399004,-2.6171739805113914,-1.275521664933832,0.7366176474541036,-0.0458302544230463,2.584816162634513,0.2980722673261389,2.069972514370848
30.0,111.0,133.95928955078125,-0.0675793543555816,1.5499970694717196,-2.554549052261088,-2.2037658147046955,-1.1299684300080404,0.8457985509130024,0.033366336625776,2.535263804806013,0.1327274958393893,1.8077805187052325
30.0,111.0,134.80091857910156,-0.0083493472617951,1.5986458047838503,-2.518084464086384,-2.2504995977641427,-1.0998027741574623,0.8735148400886782,0.088050140989382,2.559629835015667,0.1312637823396601,1.790847917249133
30.0,111.0,245.99302673339844,-0.7494604562313425,0.5827624451646062,-3.1978432976312727,-2.930434860001456,-2.589522757468941,0.4511330050359632,-0.2349149109541924,2.459352546895984,0.2558733024443547,1.86071018527782
30.0,111.0,210.119873046875,-0.7610068930568665,0.5642124147423887,-3.726421416211226,-2.7995431788777383,-1.3708891968054873,0.679066308131347,0.0234932080174868,2.5843400721228726,0.297657964549431,2.1950618999519365
30.0,111.0,135.3036346435547,-0.0096841831287342,1.5576741689508495,-2.533054868764167,-2.250450282815105,-1.1288782721054234,0.8464940076814618,0.0742595780056818,2.535444098815625,0.1544019942464529,1.8011904366194151
30.0,111.0,215.4642791748047,-0.619272128359899,1.0161821115856564,-3.392347947738536,-3.718930889608517,-1.3159031693529706,0.8296082231312336,0.0283507836533688,2.580653015910745,0.2883060967232943,2.043397947376025
30.0,111.0,205.575927734375,-0.8160173862793221,0.5906195673798553,-3.5501247184478806,-2.9220737949502533,-1.5276746941164658,0.7254873283981647,-0.0189028447691116,2.5943872451814447,0.2168908645567235,1.9760531472632008
30.0,111.0,161.35391235351562,0.1499173174987512,1.5549473370324665,-2.5010808139672336,-2.361374584326886,-1.189261740952341,0.8670441024564607,0.0735320068948391,2.55390220415592,0.1975383545183064,1.8089986964818203
30.0,111.0,134.3700714111328,-0.0689789739237431,1.5751765161058888,-2.531163365076467,-2.2507063653885937,-1.1199307998578605,0.8667443501769972,0.082286444217526,2.557601845220334,0.1319990650133191,1.8058652564319624
30.0,111.0,147.184326171875,-0.0405363997524206,1.5030279308288623,-2.4406287533934004,-2.168772691134057,-0.9820398880100109,0.9391154075520962,0.0634634722304155,2.5278287114971616,0.1221443240665024,1.748257460055134
30.0,111.0,211.49984741210932,-0.6023430394608064,0.6862990325442788,-3.3371353581117207,-2.8851573211860253,-1.389844403508281,0.7960834819435386,-0.0731183203058278,2.570385485955568,0.1939850410112546,2.062637422407674
30.0,111.0,203.5377197265625,-0.7554581713797442,0.5923854189498861,-3.044490820697141,-2.484803336870788,-1.3228756579212249,0.7903576123627445,-0.0791024217178839,2.4920453876996134,0.1334636090779443,1.7953664526480333
30.0,111.0,156.1363067626953,-0.2760540952185579,1.3788603984589185,-2.677692971778043,-2.2776812973108007,-1.2271409693286892,0.7593997243579433,0.0223990236343197,2.533094999759438,0.1595613271141087,2.003122963565078
30.0,111.0,135.11524963378906,-0.054507864480546,1.542426450023746,-2.571400726830845,-2.2526586358272453,-1.1232792456101766,0.8713122450462728,0.0370966774437699,2.5437607174182544,0.1321442350921275,1.8384272040042349
30.0,111.0,140.42367553710938,0.0612991526191017,1.617404887340922,-2.541765641324032,-2.2520912416675047,-1.1147101696883266,0.8436593515102255,0.0865310960184235,2.545062747730707,0.1749903867669293,1.7847925238163556
30.0,111.0,173.00320434570312,-0.4374654517932287,1.2357249990135362,-2.79238402845472,-2.355827463102169,-1.220448700538539,0.8911572022735176,0.0642796433100644,2.564324926403032,0.1520911367781914,1.9022022776230323
30.0,112.0,214.22732543945312,-0.5709375357719852,0.6099977697356924,-3.140555826576952,-2.751540540879751,-1.5639863451240932,0.7150772700534826,-0.0298015949691891,2.517225884112829,0.2132561271602341,1.8995796105848937
30.0,112.0,201.4370574951172,-0.4540401323260987,0.8179070478135094,-3.314276906304189,-2.628539443785192,-1.3337882873665527,0.7127938785222587,-0.0269535484838654,2.590339428802196,0.2594558839508205,2.0689052243034824
30.0,112.0,137.73001098632812,0.0616222164903918,1.5617414684020845,-2.4647399550023024,-2.1541050735053564,-1.1165957118288712,0.8815980207741319,0.0627475841863714,2.5512951708169656,0.1354307285239683,1.7756789644866908
30.0,112.0,205.40724182128903,-1.2471719392371754,0.7338063691250966,-3.6956164114227614,-2.6893020048638974,-1.4361633841990469,0.7509499775402746,-0.0265320376388999,2.5844589496606782,0.2214973721181175,2.0621365244733765
30.0,112.0,203.2894897460937,-1.959170784239848,1.7808749259414065,-2.621076823328134,-2.538580411128057,-1.303279020384032,0.7399559009117076,-0.0134890833036735,2.541666245410128,0.1967308695834149,1.660602637408188
30.0,112.0,140.8223419189453,-0.1579089892298896,1.528616790212859,-2.4792742852453866,-2.237690128139213,-1.1319030405305304,0.8558834986801042,0.0527652322844071,2.498700038453474,0.1374835743739023,1.8817626761699149
30.0,112.0,132.63693237304688,-0.0619611285038455,1.599087964084572,-2.48308912207016,-2.165402093831167,-1.1102570626557862,0.888850995114382,0.0701950789360149,2.5623093414329507,0.1369942689712078,1.820586153331807
30.0,112.0,131.7421417236328,-0.0582953071118527,1.5863747926247802,-2.489444775902408,-2.199686807958399,-1.1163000076730247,0.8876243006604948,0.0697763403582965,2.5626518438403325,0.13699454481731,1.7816696243448145
30.0,112.0,203.4140472412109,-0.5678473708618155,0.7799693007154738,-3.6749830968560486,-2.725391649065348,-1.3797502672892723,0.7480700850134762,-0.0265029683648772,2.586302994710479,0.2283338142204806,2.0667280186433774
30.0,112.0,217.80987548828125,-0.7399219093249991,0.6265199654248446,-3.3812386568411683,-3.115740592719888,-2.4970438835882924,0.4187495791001843,-0.1164287251613381,2.541142812644273,0.2703581298861386,2.0687642066891287
30.0,112.0,201.7044219970703,-0.6552952230338768,0.789537644755984,-3.131677153117997,-2.725862189701337,-1.327890814222953,0.7257755438118074,-0.0264966475501739,2.5879562114865826,0.2411740536822892,2.06908069814025
30.0,112.0,140.84890747070312,-0.094057634109271,1.5677909023720251,-2.525171030345801,-2.1088048324788096,-1.1249847780288271,0.9060258646735846,0.0792147875382106,2.577860913838633,0.1349113743075044,1.690036323434193
30.0,112.0,207.52395629882807,-1.0172369141889488,0.5097226488719611,-3.674337809841004,-2.8353189978585056,-1.3644168602548383,0.7515932251121955,-0.0172059671688819,2.580125632767812,0.2261450789481383,2.063133829032119
30.0,112.0,167.50865173339844,0.202997643708874,1.68728175400963,-2.374628713441949,-2.276908752024436,-1.1147274094302462,0.8074469943812721,0.0714439071003893,2.543238686666488,0.102091682888312,1.895688587275591
30.0,112.0,217.03973388671875,-0.1405600031966605,1.169851341558746,-2.7820637285419467,-2.65281235814957,-1.3232830357714078,0.9180883091289352,-0.0419884413412701,2.478564466063779,0.1619277690092773,2.1763345793213724
30.0,112.0,148.6250457763672,-0.1986492861108648,1.4209620232211004,-2.65459858518546,-2.257949075710216,-1.136677850453398,0.8572889993518071,0.1111603619959347,2.60279736794967,0.1589008643243573,1.9487578796654748
30.0,112.0,220.53668212890625,-1.2171966783311097,0.4756538204269566,-3.473961005955754,-3.088961056374514,-1.704597891261704,0.4920041034137272,-0.0918239354140258,2.562499878329205,0.3992523830963432,2.654374933471221
30.0,112.0,139.9826202392578,-0.0580917374452609,1.596921738433326,-2.383924892215544,-2.2127324019055714,-1.0670470907207272,0.9059934695256482,0.0586228150935849,2.588354798644477,0.1374442275007053,1.9018212150915337
30.0,112.0,245.9429931640625,-0.8483266135729868,0.6453986865434707,-3.506552371550096,-3.271625883978806,-2.56814784519429,0.2147286641374462,-0.1436646083617611,2.4296898910346845,0.2413711030766583,2.371772908737178
30.0,112.0,220.6161956787109,-0.9503927517081534,0.677458880081766,-3.4985466721108613,-3.1419557166689587,-2.6450864950941537,0.7657276416976995,-0.0800017667336136,2.591298282155937,0.2318220931468717,1.9778696258291708
30.0,112.0,209.95681762695312,-0.8546054761373488,0.5561256830121146,-3.5196763665523463,-2.9998356632825494,-1.6631055522139582,0.5872105304760162,-0.0307104087849592,2.588951662564981,0.2473229352094717,1.9606851088631445
30.0,112.0,198.1161651611328,-2.038243775065099,1.5493086873758664,-2.845738260058812,-2.791556400356753,-1.3545742485838108,0.7431300521504673,0.0653416799188597,2.5513340819415955,0.1909917097448164,1.910990100271098
30.0,112.0,205.4263153076172,-1.0610826982318322,0.7387432132212964,-3.5269101097837323,-2.588175478326636,-1.3746018730768372,0.7544874944278932,-0.0259144887775997,2.5909527780546773,0.210068459110206,2.063579531483645
30.0,112.0,172.61151123046875,-0.1592416640714551,1.3781854332006982,-2.842439873240012,-2.5781979073611363,-1.1858615648576751,0.8182413546845793,-0.0201786099424935,2.54670396876944,0.0844296178985597,1.767456241439366
30.0,112.0,134.11685180664062,-0.0673144918089929,1.5766229270852925,-2.514149690592088,-2.2141324441081744,-1.111037073988588,0.8108660338783701,0.0656979436082339,2.560328540997725,0.1332465587083832,1.750836811268806
30.0,112.0,135.45883178710938,-0.0873252395066185,1.5751266241709474,-2.527550610394404,-2.237884769164118,-1.137379683303917,0.8331373720339491,0.0675294701189984,2.5590664462457853,0.1964248853811158,1.814742262021884
30.0,112.0,203.7299041748047,-1.4671963034076896,0.7718039591814964,-3.521820860113768,-2.7055890962796987,-1.3850800460590984,0.7492558679810841,0.0041742840984898,2.5864682179734686,0.2295821296873494,1.9406396168518183
30.0,112.0,240.0376892089844,-0.818985015422538,0.7325545795717203,-3.463958090524869,-3.1745869837099026,-1.9281247841715203,0.2058466922336207,-0.3766659363291286,2.6001316734345754,0.2265875295001577,2.1979228280822705
30.0,112.0,239.34703063964844,-0.5573109000134422,1.0820330890696988,-3.240952051214933,-3.640707829016172,-1.7737497179098791,0.4745016799634982,0.0314885242161033,2.6135288507269894,0.153150853889011,1.936260516662292
30.0,112.0,174.9043731689453,-0.4337148036269149,1.3957858779033767,-2.563306055980149,-2.192045404372617,-1.0163253117217677,0.9323530831185236,0.0483385174874929,2.489070490227351,0.15075481690501,1.9308161435418136
30.0,112.0,134.8094940185547,-0.0392100205808893,1.550275822315607,-2.467366671124412,-2.16104586746638,-1.1546067961928117,0.8210269471673382,0.0779474645479232,2.568398746227944,0.149271321144728,1.797544054887935
30.0,112.0,260.75506591796875,-0.7235173814946477,0.2633142916060825,-3.729488048766044,-2.598819823759516,-1.5621266964312754,0.5837873023273118,-0.2228563854805409,2.2311934862750764,0.0184947537160842,1.5811522207979942
30.0,112.0,176.04026794433594,-0.5010202184410941,1.411064067370067,-2.5318511694797228,-2.152766534062716,-1.1694507053714382,0.781185854389168,0.0716331174522715,2.557234595271097,0.1407828104886984,1.776534769783426
30.0,112.0,209.853515625,-0.6115977473066232,0.7776220381257966,-3.835539989399004,-2.6171739805113914,-1.275521664933832,0.7366176474541036,-0.0458302544230463,2.584816162634513,0.2980722673261389,2.069972514370848
30.0,112.0,133.95928955078125,-0.0675793543555816,1.5499970694717196,-2.554549052261088,-2.2037658147046955,-1.1299684300080404,0.8457985509130024,0.033366336625776,2.535263804806013,0.1327274958393893,1.8077805187052325
30.0,112.0,134.80091857910156,-0.0083493472617951,1.5986458047838503,-2.518084464086384,-2.2504995977641427,-1.0998027741574623,0.8735148400886782,0.088050140989382,2.559629835015667,0.1312637823396601,1.790847917249133
30.0,112.0,245.99302673339844,-0.7494604562313425,0.5827624451646062,-3.1978432976312727,-2.930434860001456,-2.589522757468941,0.4511330050359632,-0.2349149109541924,2.459352546895984,0.2558733024443547,1.86071018527782
30.0,112.0,210.119873046875,-0.7610068930568665,0.5642124147423887,-3.726421416211226,-2.7995431788777383,-1.3708891968054873,0.679066308131347,0.0234932080174868,2.5843400721228726,0.297657964549431,2.1950618999519365
30.0,112.0,135.3036346435547,-0.0096841831287342,1.5576741689508495,-2.533054868764167,-2.250450282815105,-1.1288782721054234,0.8464940076814618,0.0742595780056818,2.535444098815625,0.1544019942464529,1.8011904366194151
30.0,112.0,215.4642791748047,-0.619272128359899,1.0161821115856564,-3.392347947738536,-3.718930889608517,-1.3159031693529706,0.8296082231312336,0.0283507836533688,2.580653015910745,0.2883060967232943,2.043397947376025
30.0,112.0,205.575927734375,-0.8160173862793221,0.5906195673798553,-3.5501247184478806,-2.9220737949502533,-1.5276746941164658,0.7254873283981647,-0.0189028447691116,2.5943872451814447,0.2168908645567235,1.9760531472632008
30.0,112.0,161.35391235351562,0.1499173174987512,1.5549473370324665,-2.5010808139672336,-2.361374584326886,-1.189261740952341,0.8670441024564607,0.0735320068948391,2.55390220415592,0.1975383545183064,1.8089986964818203
30.0,112.0,134.3700714111328,-0.0689789739237431,1.5751765161058888,-2.531163365076467,-2.2507063653885937,-1.1199307998578605,0.8667443501769972,0.082286444217526,2.557601845220334,0.1319990650133191,1.8058652564319624
30.0,112.0,147.184326171875,-0.0405363997524206,1.5030279308288623,-2.4406287533934004,-2.168772691134057,-0.9820398880100109,0.9391154075520962,0.0634634722304155,2.5278287114971616,0.1221443240665024,1.748257460055134
30.0,112.0,211.49984741210932,-0.6023430394608064,0.6862990325442788,-3.3371353581117207,-2.8851573211860253,-1.389844403508281,0.7960834819435386,-0.0731183203058278,2.570385485955568,0.1939850410112546,2.062637422407674
30.0,112.0,203.5377197265625,-0.7554581713797442,0.5923854189498861,-3.044490820697141,-2.484803336870788,-1.3228756579212249,0.7903576123627445,-0.0791024217178839,2.4920453876996134,0.1334636090779443,1.7953664526480333
30.0,112.0,156.1363067626953,-0.2760540952185579,1.3788603984589185,-2.677692971778043,-2.2776812973108007,-1.2271409693286892,0.7593997243579433,0.0223990236343197,2.533094999759438,0.1595613271141087,2.003122963565078
30.0,112.0,135.11524963378906,-0.054507864480546,1.542426450023746,-2.571400726830845,-2.2526586358272453,-1.1232792456101766,0.8713122450462728,0.0370966774437699,2.5437607174182544,0.1321442350921275,1.8384272040042349
30.0,112.0,140.42367553710938,0.0612991526191017,1.617404887340922,-2.541765641324032,-2.2520912416675047,-1.1147101696883266,0.8436593515102255,0.0865310960184235,2.545062747730707,0.1749903867669293,1.7847925238163556
30.0,112.0,173.00320434570312,-0.4374654517932287,1.2357249990135362,-2.79238402845472,-2.355827463102169,-1.220448700538539,0.8911572022735176,0.0642796433100644,2.564324926403032,0.1520911367781914,1.9022022776230323
30.0,113.0,214.22732543945312,-0.5709375357719852,0.6099977697356924,-3.140555826576952,-2.751540540879751,-1.5639863451240932,0.7150772700534826,-0.0298015949691891,2.517225884112829,0.2132561271602341,1.8995796105848937
30.0,113.0,201.4370574951172,-0.4540401323260987,0.8179070478135094,-3.314276906304189,-2.628539443785192,-1.3337882873665527,0.7127938785222587,-0.0269535484838654,2.590339428802196,0.2594558839508205,2.0689052243034824
30.0,113.0,137.73001098632812,0.0616222164903918,1.5617414684020845,-2.4647399550023024,-2.1541050735053564,-1.1165957118288712,0.8815980207741319,0.0627475841863714,2.5512951708169656,0.1354307285239683,1.7756789644866908
30.0,113.0,205.40724182128903,-1.2471719392371754,0.7338063691250966,-3.6956164114227614,-2.6893020048638974,-1.4361633841990469,0.7509499775402746,-0.0265320376388999,2.5844589496606782,0.2214973721181175,2.0621365244733765
30.0,113.0,203.2894897460937,-1.959170784239848,1.7808749259414065,-2.621076823328134,-2.538580411128057,-1.303279020384032,0.7399559009117076,-0.0134890833036735,2.541666245410128,0.1967308695834149,1.660602637408188
30.0,113.0,140.8223419189453,-0.1579089892298896,1.528616790212859,-2.4792742852453866,-2.237690128139213,-1.1319030405305304,0.8558834986801042,0.0527652322844071,2.498700038453474,0.1374835743739023,1.8817626761699149
30.0,113.0,132.13143920898438,-0.0649582522590853,1.588345481483599,-2.4946811472786163,-2.1800884131654965,-1.121412978137226,0.8850900290811229,0.0692301044036429,2.5641916591818736,0.1372657640270614,1.7692110048041394
30.0,113.0,131.7421417236328,-0.0582953071118527,1.5863747926247802,-2.489444775902408,-2.199686807958399,-1.1163000076730247,0.8876243006604948,0.0697763403582965,2.5626518438403325,0.13699454481731,1.7816696243448145
30.0,113.0,203.4140472412109,-0.5678473708618155,0.7799693007154738,-3.6749830968560486,-2.725391649065348,-1.3797502672892723,0.7480700850134762,-0.0265029683648772,2.586302994710479,0.2283338142204806,2.0667280186433774
30.0,113.0,217.80987548828125,-0.7399219093249991,0.6265199654248446,-3.3812386568411683,-3.115740592719888,-2.4970438835882924,0.4187495791001843,-0.1164287251613381,2.541142812644273,0.2703581298861386,2.0687642066891287
30.0,113.0,201.7044219970703,-0.6552952230338768,0.789537644755984,-3.131677153117997,-2.725862189701337,-1.327890814222953,0.7257755438118074,-0.0264966475501739,2.5879562114865826,0.2411740536822892,2.06908069814025
30.0,113.0,140.26556396484375,-0.1286199501434299,1.5986561133482855,-2.519361760961875,-2.256834736211003,-1.1172039383326056,0.9001679094522984,0.0759023851369327,2.608891461848793,0.1352915838145775,1.6055496071481163
30.0,113.0,207.52395629882807,-1.0172369141889488,0.5097226488719611,-3.674337809841004,-2.8353189978585056,-1.3644168602548383,0.7515932251121955,-0.0172059671688819,2.580125632767812,0.2261450789481383,2.063133829032119
30.0,113.0,159.6756591796875,-0.1083254280106161,1.6384503898520348,-2.5547360694584884,-2.2258453790215857,-1.1204854891964229,0.8810718402386277,0.0998750903329331,2.5291762415562125,0.0857695719355885,2.037747314376384
30.0,113.0,217.03973388671875,-0.1405600031966605,1.169851341558746,-2.7820637285419467,-2.65281235814957,-1.3232830357714078,0.9180883091289352,-0.0419884413412701,2.478564466063779,0.1619277690092773,2.1763345793213724
30.0,113.0,148.6250457763672,-0.1986492861108648,1.4209620232211004,-2.65459858518546,-2.257949075710216,-1.136677850453398,0.8572889993518071,0.1111603619959347,2.60279736794967,0.1589008643243573,1.9487578796654748
30.0,113.0,220.53668212890625,-1.2171966783311097,0.4756538204269566,-3.473961005955754,-3.088961056374514,-1.704597891261704,0.4920041034137272,-0.0918239354140258,2.562499878329205,0.3992523830963432,2.654374933471221
30.0,113.0,139.9826202392578,-0.0580917374452609,1.596921738433326,-2.383924892215544,-2.2127324019055714,-1.0670470907207272,0.9059934695256482,0.0586228150935849,2.588354798644477,0.1374442275007053,1.9018212150915337
30.0,113.0,245.9429931640625,-0.8483266135729868,0.6453986865434707,-3.506552371550096,-3.271625883978806,-2.56814784519429,0.2147286641374462,-0.1436646083617611,2.4296898910346845,0.2413711030766583,2.371772908737178
30.0,113.0,220.6161956787109,-0.9503927517081534,0.677458880081766,-3.4985466721108613,-3.1419557166689587,-2.6450864950941537,0.7657276416976995,-0.0800017667336136,2.591298282155937,0.2318220931468717,1.9778696258291708
30.0,113.0,209.95681762695312,-0.8546054761373488,0.5561256830121146,-3.5196763665523463,-2.9998356632825494,-1.6631055522139582,0.5872105304760162,-0.0307104087849592,2.588951662564981,0.2473229352094717,1.9606851088631445
30.0,113.0,198.1161651611328,-2.038243775065099,1.5493086873758664,-2.845738260058812,-2.791556400356753,-1.3545742485838108,0.7431300521504673,0.0653416799188597,2.5513340819415955,0.1909917097448164,1.910990100271098
30.0,113.0,205.4263153076172,-1.0610826982318322,0.7387432132212964,-3.5269101097837323,-2.588175478326636,-1.3746018730768372,0.7544874944278932,-0.0259144887775997,2.5909527780546773,0.210068459110206,2.063579531483645
30.0,113.0,172.61151123046875,-0.1592416640714551,1.3781854332006982,-2.842439873240012,-2.5781979073611363,-1.1858615648576751,0.8182413546845793,-0.0201786099424935,2.54670396876944,0.0844296178985597,1.767456241439366
30.0,113.0,134.11685180664062,-0.0673144918089929,1.5766229270852925,-2.514149690592088,-2.2141324441081744,-1.111037073988588,0.8108660338783701,0.0656979436082339,2.560328540997725,0.1332465587083832,1.750836811268806
30.0,113.0,135.45883178710938,-0.0873252395066185,1.5751266241709474,-2.527550610394404,-2.237884769164118,-1.137379683303917,0.8331373720339491,0.0675294701189984,2.5590664462457853,0.1964248853811158,1.814742262021884
30.0,113.0,203.7299041748047,-1.4671963034076896,0.7718039591814964,-3.521820860113768,-2.7055890962796987,-1.3850800460590984,0.7492558679810841,0.0041742840984898,2.5864682179734686,0.2295821296873494,1.9406396168518183
30.0,113.0,240.0376892089844,-0.818985015422538,0.7325545795717203,-3.463958090524869,-3.1745869837099026,-1.9281247841715203,0.2058466922336207,-0.3766659363291286,2.6001316734345754,0.2265875295001577,2.1979228280822705
30.0,113.0,239.34703063964844,-0.5573109000134422,1.0820330890696988,-3.240952051214933,-3.640707829016172,-1.7737497179098791,0.4745016799634982,0.0314885242161033,2.6135288507269894,0.153150853889011,1.936260516662292
30.0,113.0,174.9043731689453,-0.4337148036269149,1.3957858779033767,-2.563306055980149,-2.192045404372617,-1.0163253117217677,0.9323530831185236,0.0483385174874929,2.489070490227351,0.15075481690501,1.9308161435418136
30.0,113.0,134.8094940185547,-0.0392100205808893,1.550275822315607,-2.467366671124412,-2.16104586746638,-1.1546067961928117,0.8210269471673382,0.0779474645479232,2.568398746227944,0.149271321144728,1.797544054887935
30.0,113.0,260.75506591796875,-0.7235173814946477,0.2633142916060825,-3.729488048766044,-2.598819823759516,-1.5621266964312754,0.5837873023273118,-0.2228563854805409,2.2311934862750764,0.0184947537160842,1.5811522207979942
30.0,113.0,176.04026794433594,-0.5010202184410941,1.411064067370067,-2.5318511694797228,-2.152766534062716,-1.1694507053714382,0.781185854389168,0.0716331174522715,2.557234595271097,0.1407828104886984,1.776534769783426
30.0,113.0,209.853515625,-0.6115977473066232,0.7776220381257966,-3.835539989399004,-2.6171739805113914,-1.275521664933832,0.7366176474541036,-0.0458302544230463,2.584816162634513,0.2980722673261389,2.069972514370848
30.0,113.0,133.95928955078125,-0.0675793543555816,1.5499970694717196,-2.554549052261088,-2.2037658147046955,-1.1299684300080404,0.8457985509130024,0.033366336625776,2.535263804806013,0.1327274958393893,1.8077805187052325
30.0,113.0,134.80091857910156,-0.0083493472617951,1.5986458047838503,-2.518084464086384,-2.2504995977641427,-1.0998027741574623,0.8735148400886782,0.088050140989382,2.559629835015667,0.1312637823396601,1.790847917249133
30.0,113.0,245.99302673339844,-0.7494604562313425,0.5827624451646062,-3.1978432976312727,-2.930434860001456,-2.589522757468941,0.4511330050359632,-0.2349149109541924,2.459352546895984,0.2558733024443547,1.86071018527782
30.0,113.0,210.119873046875,-0.7610068930568665,0.5642124147423887,-3.726421416211226,-2.7995431788777383,-1.3708891968054873,0.679066308131347,0.0234932080174868,2.5843400721228726,0.297657964549431,2.1950618999519365
30.0,113.0,135.3036346435547,-0.0096841831287342,1.5576741689508495,-2.533054868764167,-2.250450282815105,-1.1288782721054234,0.8464940076814618,0.0742595780056818,2.535444098815625,0.1544019942464529,1.8011904366194151
30.0,113.0,215.4642791748047,-0.619272128359899,1.0161821115856564,-3.392347947738536,-3.718930889608517,-1.3159031693529706,0.8296082231312336,0.0283507836533688,2.580653015910745,0.2883060967232943,2.043397947376025
30.0,113.0,205.575927734375,-0.8160173862793221,0.5906195673798553,-3.5501247184478806,-2.9220737949502533,-1.5276746941164658,0.7254873283981647,-0.0189028447691116,2.5943872451814447,0.2168908645567235,1.9760531472632008
30.0,113.0,138.71194458007812,-0.0708362691517604,1.5949948039524082,-2.4967222595499083,-2.1658146173084125,-1.0201242883003592,0.8748986778202814,0.0688848097293362,2.547513070176106,0.1676739553251537,1.7869465778264522
30.0,113.0,134.3700714111328,-0.0689789739237431,1.5751765161058888,-2.531163365076467,-2.2507063653885937,-1.1199307998578605,0.8667443501769972,0.082286444217526,2.557601845220334,0.1319990650133191,1.8058652564319624
30.0,113.0,147.184326171875,-0.0405363997524206,1.5030279308288623,-2.4406287533934004,-2.168772691134057,-0.9820398880100109,0.9391154075520962,0.0634634722304155,2.5278287114971616,0.1221443240665024,1.748257460055134
30.0,113.0,211.49984741210932,-0.6023430394608064,0.6862990325442788,-3.3371353581117207,-2.8851573211860253,-1.389844403508281,0.7960834819435386,-0.0731183203058278,2.570385485955568,0.1939850410112546,2.062637422407674
30.0,113.0,203.5377197265625,-0.7554581713797442,0.5923854189498861,-3.044490820697141,-2.484803336870788,-1.3228756579212249,0.7903576123627445,-0.0791024217178839,2.4920453876996134,0.1334636090779443,1.7953664526480333
30.0,113.0,156.1363067626953,-0.2760540952185579,1.3788603984589185,-2.677692971778043,-2.2776812973108007,-1.2271409693286892,0.7593997243579433,0.0223990236343197,2.533094999759438,0.1595613271141087,2.003122963565078
30.0,113.0,135.11524963378906,-0.054507864480546,1.542426450023746,-2.571400726830845,-2.2526586358272453,-1.1232792456101766,0.8713122450462728,0.0370966774437699,2.5437607174182544,0.1321442350921275,1.8384272040042349
30.0,113.0,140.42367553710938,0.0612991526191017,1.617404887340922,-2.541765641324032,-2.2520912416675047,-1.1147101696883266,0.8436593515102255,0.0865310960184235,2.545062747730707,0.1749903867669293,1.7847925238163556
30.0,113.0,173.00320434570312,-0.4374654517932287,1.2357249990135362,-2.79238402845472,-2.355827463102169,-1.220448700538539,0.8911572022735176,0.0642796433100644,2.564324926403032,0.1520911367781914,1.9022022776230323
30.0,114.0,214.22732543945312,-0.5709375357719852,0.6099977697356924,-3.140555826576952,-2.751540540879751,-1.5639863451240932,0.7150772700534826,-0.0298015949691891,2.517225884112829,0.2132561271602341,1.8995796105848937
30.0,114.0,201.4370574951172,-0.4540401323260987,0.8179070478135094,-3.314276906304189,-2.628539443785192,-1.3337882873665527,0.7127938785222587,-0.0269535484838654,2.590339428802196,0.2594558839508205,2.0689052243034824
30.0,114.0,131.73171997070312,-0.0327593353590495,1.5746342018616182,-2.4757646182647823,-2.1792713407745614,-1.1093847213906145,0.8682632054115403,0.0622239554132318,2.550276862370034,0.1253449252741268,1.7712252800087258
30.0,114.0,205.40724182128903,-1.2471719392371754,0.7338063691250966,-3.6956164114227614,-2.6893020048638974,-1.4361633841990469,0.7509499775402746,-0.0265320376388999,2.5844589496606782,0.2214973721181175,2.0621365244733765
30.0,114.0,203.2894897460937,-1.959170784239848,1.7808749259414065,-2.621076823328134,-2.538580411128057,-1.303279020384032,0.7399559009117076,-0.0134890833036735,2.541666245410128,0.1967308695834149,1.660602637408188
30.0,114.0,140.8223419189453,-0.1579089892298896,1.528616790212859,-2.4792742852453866,-2.237690128139213,-1.1319030405305304,0.8558834986801042,0.0527652322844071,2.498700038453474,0.1374835743739023,1.8817626761699149
30.0,114.0,131.9437255859375,-0.0638193628186916,1.582073757138911,-2.4970649463416845,-2.194633008557512,-1.1232016475597897,0.8862198912337259,0.0692667045128286,2.563571944462496,0.1370418350423354,1.7492671254099377
30.0,114.0,131.7421417236328,-0.0582953071118527,1.5863747926247802,-2.489444775902408,-2.199686807958399,-1.1163000076730247,0.8876243006604948,0.0697763403582965,2.5626518438403325,0.13699454481731,1.7816696243448145
30.0,114.0,203.4140472412109,-0.5678473708618155,0.7799693007154738,-3.6749830968560486,-2.725391649065348,-1.3797502672892723,0.7480700850134762,-0.0265029683648772,2.586302994710479,0.2283338142204806,2.0667280186433774
30.0,114.0,217.80987548828125,-0.7399219093249991,0.6265199654248446,-3.3812386568411683,-3.115740592719888,-2.4970438835882924,0.4187495791001843,-0.1164287251613381,2.541142812644273,0.2703581298861386,2.0687642066891287
30.0,114.0,201.7044219970703,-0.6552952230338768,0.789537644755984,-3.131677153117997,-2.725862189701337,-1.327890814222953,0.7257755438118074,-0.0264966475501739,2.5879562114865826,0.2411740536822892,2.06908069814025
30.0,114.0,139.50360107421875,-0.0394676922448188,1.599963320545343,-2.4853333974940943,-2.3193410948765685,-1.1136110348564223,0.8907510403392923,0.0640657051092449,2.616672429647155,0.1363886800640218,1.8092135801437708
30.0,114.0,207.52395629882807,-1.0172369141889488,0.5097226488719611,-3.674337809841004,-2.8353189978585056,-1.3644168602548383,0.7515932251121955,-0.0172059671688819,2.580125632767812,0.2261450789481383,2.063133829032119
30.0,114.0,159.6756591796875,-0.1083254280106161,1.6384503898520348,-2.5547360694584884,-2.2258453790215857,-1.1204854891964229,0.8810718402386277,0.0998750903329331,2.5291762415562125,0.0857695719355885,2.037747314376384
30.0,114.0,217.03973388671875,-0.1405600031966605,1.169851341558746,-2.7820637285419467,-2.65281235814957,-1.3232830357714078,0.9180883091289352,-0.0419884413412701,2.478564466063779,0.1619277690092773,2.1763345793213724
30.0,114.0,148.6250457763672,-0.1986492861108648,1.4209620232211004,-2.65459858518546,-2.257949075710216,-1.136677850453398,0.8572889993518071,0.1111603619959347,2.60279736794967,0.1589008643243573,1.9487578796654748
30.0,114.0,220.53668212890625,-1.2171966783311097,0.4756538204269566,-3.473961005955754,-3.088961056374514,-1.704597891261704,0.4920041034137272,-0.0918239354140258,2.562499878329205,0.3992523830963432,2.654374933471221
30.0,114.0,136.08425903320312,-0.0682721095897578,1.548624168567114,-2.5339236573194226,-2.202642802136203,-1.1750163584386493,0.8801795561288189,0.0701380345681251,2.5414660040956925,0.1318183691806977,1.845775932677727
30.0,114.0,245.9429931640625,-0.8483266135729868,0.6453986865434707,-3.506552371550096,-3.271625883978806,-2.56814784519429,0.2147286641374462,-0.1436646083617611,2.4296898910346845,0.2413711030766583,2.371772908737178
30.0,114.0,220.6161956787109,-0.9503927517081534,0.677458880081766,-3.4985466721108613,-3.1419557166689587,-2.6450864950941537,0.7657276416976995,-0.0800017667336136,2.591298282155937,0.2318220931468717,1.9778696258291708
30.0,114.0,209.95681762695312,-0.8546054761373488,0.5561256830121146,-3.5196763665523463,-2.9998356632825494,-1.6631055522139582,0.5872105304760162,-0.0307104087849592,2.588951662564981,0.2473229352094717,1.9606851088631445
30.0,114.0,198.1161651611328,-2.038243775065099,1.5493086873758664,-2.845738260058812,-2.791556400356753,-1.3545742485838108,0.7431300521504673,0.0653416799188597,2.5513340819415955,0.1909917097448164,1.910990100271098
30.0,114.0,205.4263153076172,-1.0610826982318322,0.7387432132212964,-3.5269101097837323,-2.588175478326636,-1.3746018730768372,0.7544874944278932,-0.0259144887775997,2.5909527780546773,0.210068459110206,2.063579531483645
30.0,114.0,172.61151123046875,-0.1592416640714551,1.3781854332006982,-2.842439873240012,-2.5781979073611363,-1.1858615648576751,0.8182413546845793,-0.0201786099424935,2.54670396876944,0.0844296178985597,1.767456241439366
30.0,114.0,133.01242065429688,-0.0211005215733108,1.5654024418879082,-2.497532559528819,-2.197569667460679,-1.1136814316560275,0.8810286465571269,0.066500457299694,2.5616230989864257,0.1364543745297286,1.8632427681648835
30.0,114.0,135.45883178710938,-0.0873252395066185,1.5751266241709474,-2.527550610394404,-2.237884769164118,-1.137379683303917,0.8331373720339491,0.0675294701189984,2.5590664462457853,0.1964248853811158,1.814742262021884
30.0,114.0,203.7299041748047,-1.4671963034076896,0.7718039591814964,-3.521820860113768,-2.7055890962796987,-1.3850800460590984,0.7492558679810841,0.0041742840984898,2.5864682179734686,0.2295821296873494,1.9406396168518183
30.0,114.0,240.0376892089844,-0.818985015422538,0.7325545795717203,-3.463958090524869,-3.1745869837099026,-1.9281247841715203,0.2058466922336207,-0.3766659363291286,2.6001316734345754,0.2265875295001577,2.1979228280822705
30.0,114.0,239.34703063964844,-0.5573109000134422,1.0820330890696988,-3.240952051214933,-3.640707829016172,-1.7737497179098791,0.4745016799634982,0.0314885242161033,2.6135288507269894,0.153150853889011,1.936260516662292
30.0,114.0,174.9043731689453,-0.4337148036269149,1.3957858779033767,-2.563306055980149,-2.192045404372617,-1.0163253117217677,0.9323530831185236,0.0483385174874929,2.489070490227351,0.15075481690501,1.9308161435418136
30.0,114.0,134.8094940185547,-0.0392100205808893,1.550275822315607,-2.467366671124412,-2.16104586746638,-1.1546067961928117,0.8210269471673382,0.0779474645479232,2.568398746227944,0.149271321144728,1.797544054887935
30.0,114.0,260.75506591796875,-0.7235173814946477,0.2633142916060825,-3.729488048766044,-2.598819823759516,-1.5621266964312754,0.5837873023273118,-0.2228563854805409,2.2311934862750764,0.0184947537160842,1.5811522207979942
30.0,114.0,176.04026794433594,-0.5010202184410941,1.411064067370067,-2.5318511694797228,-2.152766534062716,-1.1694507053714382,0.781185854389168,0.0716331174522715,2.557234595271097,0.1407828104886984,1.776534769783426
30.0,114.0,209.853515625,-0.6115977473066232,0.7776220381257966,-3.835539989399004,-2.6171739805113914,-1.275521664933832,0.7366176474541036,-0.0458302544230463,2.584816162634513,0.2980722673261389,2.069972514370848
30.0,114.0,133.95928955078125,-0.0675793543555816,1.5499970694717196,-2.554549052261088,-2.2037658147046955,-1.1299684300080404,0.8457985509130024,0.033366336625776,2.535263804806013,0.1327274958393893,1.8077805187052325
30.0,114.0,134.80091857910156,-0.0083493472617951,1.5986458047838503,-2.518084464086384,-2.2504995977641427,-1.0998027741574623,0.8735148400886782,0.088050140989382,2.559629835015667,0.1312637823396601,1.790847917249133
30.0,114.0,245.99302673339844,-0.7494604562313425,0.5827624451646062,-3.1978432976312727,-2.930434860001456,-2.589522757468941,0.4511330050359632,-0.2349149109541924,2.459352546895984,0.2558733024443547,1.86071018527782
30.0,114.0,210.119873046875,-0.7610068930568665,0.5642124147423887,-3.726421416211226,-2.7995431788777383,-1.3708891968054873,0.679066308131347,0.0234932080174868,2.5843400721228726,0.297657964549431,2.1950618999519365
30.0,114.0,135.3036346435547,-0.0096841831287342,1.5576741689508495,-2.533054868764167,-2.250450282815105,-1.1288782721054234,0.8464940076814618,0.0742595780056818,2.535444098815625,0.1544019942464529,1.8011904366194151
30.0,114.0,215.4642791748047,-0.619272128359899,1.0161821115856564,-3.392347947738536,-3.718930889608517,-1.3159031693529706,0.8296082231312336,0.0283507836533688,2.580653015910745,0.2883060967232943,2.043397947376025
30.0,114.0,205.575927734375,-0.8160173862793221,0.5906195673798553,-3.5501247184478806,-2.9220737949502533,-1.5276746941164658,0.7254873283981647,-0.0189028447691116,2.5943872451814447,0.2168908645567235,1.9760531472632008
30.0,114.0,138.71194458007812,-0.0708362691517604,1.5949948039524082,-2.4967222595499083,-2.1658146173084125,-1.0201242883003592,0.8748986778202814,0.0688848097293362,2.547513070176106,0.1676739553251537,1.7869465778264522
30.0,114.0,134.3700714111328,-0.0689789739237431,1.5751765161058888,-2.531163365076467,-2.2507063653885937,-1.1199307998578605,0.8667443501769972,0.082286444217526,2.557601845220334,0.1319990650133191,1.8058652564319624
30.0,114.0,147.184326171875,-0.0405363997524206,1.5030279308288623,-2.4406287533934004,-2.168772691134057,-0.9820398880100109,0.9391154075520962,0.0634634722304155,2.5278287114971616,0.1221443240665024,1.748257460055134
30.0,114.0,211.49984741210932,-0.6023430394608064,0.6862990325442788,-3.3371353581117207,-2.8851573211860253,-1.389844403508281,0.7960834819435386,-0.0731183203058278,2.570385485955568,0.1939850410112546,2.062637422407674
30.0,114.0,203.5377197265625,-0.7554581713797442,0.5923854189498861,-3.044490820697141,-2.484803336870788,-1.3228756579212249,0.7903576123627445,-0.0791024217178839,2.4920453876996134,0.1334636090779443,1.7953664526480333
30.0,114.0,156.1363067626953,-0.2760540952185579,1.3788603984589185,-2.677692971778043,-2.2776812973108007,-1.2271409693286892,0.7593997243579433,0.0223990236343197,2.533094999759438,0.1595613271141087,2.003122963565078
30.0,114.0,135.11524963378906,-0.054507864480546,1.542426450023746,-2.571400726830845,-2.2526586358272453,-1.1232792456101766,0.8713122450462728,0.0370966774437699,2.5437607174182544,0.1321442350921275,1.8384272040042349
30.0,114.0,140.42367553710938,0.0612991526191017,1.617404887340922,-2.541765641324032,-2.2520912416675047,-1.1147101696883266,0.8436593515102255,0.0865310960184235,2.545062747730707,0.1749903867669293,1.7847925238163556
30.0,114.0,173.00320434570312,-0.4374654517932287,1.2357249990135362,-2.79238402845472,-2.355827463102169,-1.220448700538539,0.8911572022735176,0.0642796433100644,2.564324926403032,0.1520911367781914,1.9022022776230323
30.0,115.0,214.22732543945312,-0.5709375357719852,0.6099977697356924,-3.140555826576952,-2.751540540879751,-1.5639863451240932,0.7150772700534826,-0.0298015949691891,2.517225884112829,0.2132561271602341,1.8995796105848937
30.0,115.0,201.4370574951172,-0.4540401323260987,0.8179070478135094,-3.314276906304189,-2.628539443785192,-1.3337882873665527,0.7127938785222587,-0.0269535484838654,2.590339428802196,0.2594558839508205,2.0689052243034824
30.0,115.0,131.73171997070312,-0.0327593353590495,1.5746342018616182,-2.4757646182647823,-2.1792713407745614,-1.1093847213906145,0.8682632054115403,0.0622239554132318,2.550276862370034,0.1253449252741268,1.7712252800087258
30.0,115.0,205.40724182128903,-1.2471719392371754,0.7338063691250966,-3.6956164114227614,-2.6893020048638974,-1.4361633841990469,0.7509499775402746,-0.0265320376388999,2.5844589496606782,0.2214973721181175,2.0621365244733765
30.0,115.0,203.2894897460937,-1.959170784239848,1.7808749259414065,-2.621076823328134,-2.538580411128057,-1.303279020384032,0.7399559009117076,-0.0134890833036735,2.541666245410128,0.1967308695834149,1.660602637408188
30.0,115.0,140.8223419189453,-0.1579089892298896,1.528616790212859,-2.4792742852453866,-2.237690128139213,-1.1319030405305304,0.8558834986801042,0.0527652322844071,2.498700038453474,0.1374835743739023,1.8817626761699149
30.0,115.0,131.7268829345703,-0.0220502561503575,1.574300858964988,-2.4841674715893305,-2.190891686406486,-1.1009740997148598,0.8760665298426482,0.0644845854744224,2.557750060637539,0.1315687325431195,1.7594655443629534
30.0,115.0,131.7421417236328,-0.0582953071118527,1.5863747926247802,-2.489444775902408,-2.199686807958399,-1.1163000076730247,0.8876243006604948,0.0697763403582965,2.5626518438403325,0.13699454481731,1.7816696243448145
30.0,115.0,203.4140472412109,-0.5678473708618155,0.7799693007154738,-3.6749830968560486,-2.725391649065348,-1.3797502672892723,0.7480700850134762,-0.0265029683648772,2.586302994710479,0.2283338142204806,2.0667280186433774
30.0,115.0,217.80987548828125,-0.7399219093249991,0.6265199654248446,-3.3812386568411683,-3.115740592719888,-2.4970438835882924,0.4187495791001843,-0.1164287251613381,2.541142812644273,0.2703581298861386,2.0687642066891287
30.0,115.0,201.7044219970703,-0.6552952230338768,0.789537644755984,-3.131677153117997,-2.725862189701337,-1.327890814222953,0.7257755438118074,-0.0264966475501739,2.5879562114865826,0.2411740536822892,2.06908069814025
30.0,115.0,136.2269287109375,0.0050869953978359,1.5949544794642836,-2.458063988334653,-2.1209823142215845,-1.1072760705370968,0.8857866948549444,0.0564746821015466,2.545455410584019,0.1210507299075306,1.8700600904493947
30.0,115.0,207.52395629882807,-1.0172369141889488,0.5097226488719611,-3.674337809841004,-2.8353189978585056,-1.3644168602548383,0.7515932251121955,-0.0172059671688819,2.580125632767812,0.2261450789481383,2.063133829032119
30.0,115.0,159.6756591796875,-0.1083254280106161,1.6384503898520348,-2.5547360694584884,-2.2258453790215857,-1.1204854891964229,0.8810718402386277,0.0998750903329331,2.5291762415562125,0.0857695719355885,2.037747314376384
30.0,115.0,217.03973388671875,-0.1405600031966605,1.169851341558746,-2.7820637285419467,-2.65281235814957,-1.3232830357714078,0.9180883091289352,-0.0419884413412701,2.478564466063779,0.1619277690092773,2.1763345793213724
30.0,115.0,148.6250457763672,-0.1986492861108648,1.4209620232211004,-2.65459858518546,-2.257949075710216,-1.136677850453398,0.8572889993518071,0.1111603619959347,2.60279736794967,0.1589008643243573,1.9487578796654748
30.0,115.0,220.53668212890625,-1.2171966783311097,0.4756538204269566,-3.473961005955754,-3.088961056374514,-1.704597891261704,0.4920041034137272,-0.0918239354140258,2.562499878329205,0.3992523830963432,2.654374933471221
30.0,115.0,136.08425903320312,-0.0682721095897578,1.548624168567114,-2.5339236573194226,-2.202642802136203,-1.1750163584386493,0.8801795561288189,0.0701380345681251,2.5414660040956925,0.1318183691806977,1.845775932677727
30.0,115.0,245.9429931640625,-0.8483266135729868,0.6453986865434707,-3.506552371550096,-3.271625883978806,-2.56814784519429,0.2147286641374462,-0.1436646083617611,2.4296898910346845,0.2413711030766583,2.371772908737178
30.0,115.0,220.6161956787109,-0.9503927517081534,0.677458880081766,-3.4985466721108613,-3.1419557166689587,-2.6450864950941537,0.7657276416976995,-0.0800017667336136,2.591298282155937,0.2318220931468717,1.9778696258291708
30.0,115.0,209.95681762695312,-0.8546054761373488,0.5561256830121146,-3.5196763665523463,-2.9998356632825494,-1.6631055522139582,0.5872105304760162,-0.0307104087849592,2.588951662564981,0.2473229352094717,1.9606851088631445
30.0,115.0,198.1161651611328,-2.038243775065099,1.5493086873758664,-2.845738260058812,-2.791556400356753,-1.3545742485838108,0.7431300521504673,0.0653416799188597,2.5513340819415955,0.1909917097448164,1.910990100271098
30.0,115.0,205.4263153076172,-1.0610826982318322,0.7387432132212964,-3.5269101097837323,-2.588175478326636,-1.3746018730768372,0.7544874944278932,-0.0259144887775997,2.5909527780546773,0.210068459110206,2.063579531483645
30.0,115.0,172.61151123046875,-0.1592416640714551,1.3781854332006982,-2.842439873240012,-2.5781979073611363,-1.1858615648576751,0.8182413546845793,-0.0201786099424935,2.54670396876944,0.0844296178985597,1.767456241439366
30.0,115.0,133.01242065429688,-0.0211005215733108,1.5654024418879082,-2.497532559528819,-2.197569667460679,-1.1136814316560275,0.8810286465571269,0.066500457299694,2.5616230989864257,0.1364543745297286,1.8632427681648835
30.0,115.0,134.65281677246094,-0.0561053464165727,1.5761955823874794,-2.481505035198324,-2.2398526400213927,-1.1559742615168649,0.8987242333699185,0.0583632998286429,2.553555019860417,0.1705535586164283,1.743248997889435
30.0,115.0,203.7299041748047,-1.4671963034076896,0.7718039591814964,-3.521820860113768,-2.7055890962796987,-1.3850800460590984,0.7492558679810841,0.0041742840984898,2.5864682179734686,0.2295821296873494,1.9406396168518183
30.0,115.0,240.0376892089844,-0.818985015422538,0.7325545795717203,-3.463958090524869,-3.1745869837099026,-1.9281247841715203,0.2058466922336207,-0.3766659363291286,2.6001316734345754,0.2265875295001577,2.1979228280822705
30.0,115.0,239.34703063964844,-0.5573109000134422,1.0820330890696988,-3.240952051214933,-3.640707829016172,-1.7737497179098791,0.4745016799634982,0.0314885242161033,2.6135288507269894,0.153150853889011,1.936260516662292
30.0,115.0,174.9043731689453,-0.4337148036269149,1.3957858779033767,-2.563306055980149,-2.192045404372617,-1.0163253117217677,0.9323530831185236,0.0483385174874929,2.489070490227351,0.15075481690501,1.9308161435418136
30.0,115.0,134.8094940185547,-0.0392100205808893,1.550275822315607,-2.467366671124412,-2.16104586746638,-1.1546067961928117,0.8210269471673382,0.0779474645479232,2.568398746227944,0.149271321144728,1.797544054887935
30.0,115.0,260.75506591796875,-0.7235173814946477,0.2633142916060825,-3.729488048766044,-2.598819823759516,-1.5621266964312754,0.5837873023273118,-0.2228563854805409,2.2311934862750764,0.0184947537160842,1.5811522207979942
30.0,115.0,176.04026794433594,-0.5010202184410941,1.411064067370067,-2.5318511694797228,-2.152766534062716,-1.1694507053714382,0.781185854389168,0.0716331174522715,2.557234595271097,0.1407828104886984,1.776534769783426
30.0,115.0,209.853515625,-0.6115977473066232,0.7776220381257966,-3.835539989399004,-2.6171739805113914,-1.275521664933832,0.7366176474541036,-0.0458302544230463,2.584816162634513,0.2980722673261389,2.069972514370848
30.0,115.0,132.9395294189453,-0.0686276059089859,1.569286288396921,-2.498428485344134,-2.1846298127404573,-1.1255734721935773,0.8304270796862265,0.0225377912821355,2.536591971196333,0.1303326873757869,1.637057459586878
30.0,115.0,134.80091857910156,-0.0083493472617951,1.5986458047838503,-2.518084464086384,-2.2504995977641427,-1.0998027741574623,0.8735148400886782,0.088050140989382,2.559629835015667,0.1312637823396601,1.790847917249133
30.0,115.0,245.99302673339844,-0.7494604562313425,0.5827624451646062,-3.1978432976312727,-2.930434860001456,-2.589522757468941,0.4511330050359632,-0.2349149109541924,2.459352546895984,0.2558733024443547,1.86071018527782
30.0,115.0,210.119873046875,-0.7610068930568665,0.5642124147423887,-3.726421416211226,-2.7995431788777383,-1.3708891968054873,0.679066308131347,0.0234932080174868,2.5843400721228726,0.297657964549431,2.1950618999519365
30.0,115.0,135.3036346435547,-0.0096841831287342,1.5576741689508495,-2.533054868764167,-2.250450282815105,-1.1288782721054234,0.8464940076814618,0.0742595780056818,2.535444098815625,0.1544019942464529,1.8011904366194151
30.0,115.0,215.4642791748047,-0.619272128359899,1.0161821115856564,-3.392347947738536,-3.718930889608517,-1.3159031693529706,0.8296082231312336,0.0283507836533688,2.580653015910745,0.2883060967232943,2.043397947376025
30.0,115.0,205.575927734375,-0.8160173862793221,0.5906195673798553,-3.5501247184478806,-2.9220737949502533,-1.5276746941164658,0.7254873283981647,-0.0189028447691116,2.5943872451814447,0.2168908645567235,1.9760531472632008
30.0,115.0,138.71194458007812,-0.0708362691517604,1.5949948039524082,-2.4967222595499083,-2.1658146173084125,-1.0201242883003592,0.8748986778202814,0.0688848097293362,2.547513070176106,0.1676739553251537,1.7869465778264522
30.0,115.0,134.3700714111328,-0.0689789739237431,1.5751765161058888,-2.531163365076467,-2.2507063653885937,-1.1199307998578605,0.8667443501769972,0.082286444217526,2.557601845220334,0.1319990650133191,1.8058652564319624
30.0,115.0,147.184326171875,-0.0405363997524206,1.5030279308288623,-2.4406287533934004,-2.168772691134057,-0.9820398880100109,0.9391154075520962,0.0634634722304155,2.5278287114971616,0.1221443240665024,1.748257460055134
30.0,115.0,211.49984741210932,-0.6023430394608064,0.6862990325442788,-3.3371353581117207,-2.8851573211860253,-1.389844403508281,0.7960834819435386,-0.0731183203058278,2.570385485955568,0.1939850410112546,2.062637422407674
30.0,115.0,203.5377197265625,-0.7554581713797442,0.5923854189498861,-3.044490820697141,-2.484803336870788,-1.3228756579212249,0.7903576123627445,-0.0791024217178839,2.4920453876996134,0.1334636090779443,1.7953664526480333
30.0,115.0,135.9934844970703,0.0306746160903412,1.630728272204205,-2.452994334455136,-2.2177384679066288,-1.1748531251307175,0.7786265248366245,0.0706386248619924,2.546575635877142,0.1585119159435863,1.825865731113942
30.0,115.0,135.11524963378906,-0.054507864480546,1.542426450023746,-2.571400726830845,-2.2526586358272453,-1.1232792456101766,0.8713122450462728,0.0370966774437699,2.5437607174182544,0.1321442350921275,1.8384272040042349
30.0,115.0,140.42367553710938,0.0612991526191017,1.617404887340922,-2.541765641324032,-2.2520912416675047,-1.1147101696883266,0.8436593515102255,0.0865310960184235,2.545062747730707,0.1749903867669293,1.7847925238163556
30.0,115.0,173.00320434570312,-0.4374654517932287,1.2357249990135362,-2.79238402845472,-2.355827463102169,-1.220448700538539,0.8911572022735176,0.0642796433100644,2.564324926403032,0.1520911367781914,1.9022022776230323
30.0,116.0,214.22732543945312,-0.5709375357719852,0.6099977697356924,-3.140555826576952,-2.751540540879751,-1.5639863451240932,0.7150772700534826,-0.0298015949691891,2.517225884112829,0.2132561271602341,1.8995796105848937
30.0,116.0,201.4370574951172,-0.4540401323260987,0.8179070478135094,-3.314276906304189,-2.628539443785192,-1.3337882873665527,0.7127938785222587,-0.0269535484838654,2.590339428802196,0.2594558839508205,2.0689052243034824
30.0,116.0,131.73171997070312,-0.0327593353590495,1.5746342018616182,-2.4757646182647823,-2.1792713407745614,-1.1093847213906145,0.8682632054115403,0.0622239554132318,2.550276862370034,0.1253449252741268,1.7712252800087258
30.0,116.0,205.40724182128903,-1.2471719392371754,0.7338063691250966,-3.6956164114227614,-2.6893020048638974,-1.4361633841990469,0.7509499775402746,-0.0265320376388999,2.5844589496606782,0.2214973721181175,2.0621365244733765
30.0,116.0,203.2894897460937,-1.959170784239848,1.7808749259414065,-2.621076823328134,-2.538580411128057,-1.303279020384032,0.7399559009117076,-0.0134890833036735,2.541666245410128,0.1967308695834149,1.660602637408188
30.0,116.0,140.8223419189453,-0.1579089892298896,1.528616790212859,-2.4792742852453866,-2.237690128139213,-1.1319030405305304,0.8558834986801042,0.0527652322844071,2.498700038453474,0.1374835743739023,1.8817626761699149
30.0,116.0,131.7268829345703,-0.0220502561503575,1.574300858964988,-2.4841674715893305,-2.190891686406486,-1.1009740997148598,0.8760665298426482,0.0644845854744224,2.557750060637539,0.1315687325431195,1.7594655443629534
30.0,116.0,131.7421417236328,-0.0582953071118527,1.5863747926247802,-2.489444775902408,-2.199686807958399,-1.1163000076730247,0.8876243006604948,0.0697763403582965,2.5626518438403325,0.13699454481731,1.7816696243448145
30.0,116.0,203.4140472412109,-0.5678473708618155,0.7799693007154738,-3.6749830968560486,-2.725391649065348,-1.3797502672892723,0.7480700850134762,-0.0265029683648772,2.586302994710479,0.2283338142204806,2.0667280186433774
30.0,116.0,217.80987548828125,-0.7399219093249991,0.6265199654248446,-3.3812386568411683,-3.115740592719888,-2.4970438835882924,0.4187495791001843,-0.1164287251613381,2.541142812644273,0.2703581298861386,2.0687642066891287
30.0,116.0,201.7044219970703,-0.6552952230338768,0.789537644755984,-3.131677153117997,-2.725862189701337,-1.327890814222953,0.7257755438118074,-0.0264966475501739,2.5879562114865826,0.2411740536822892,2.06908069814025
30.0,116.0,136.2269287109375,0.0050869953978359,1.5949544794642836,-2.458063988334653,-2.1209823142215845,-1.1072760705370968,0.8857866948549444,0.0564746821015466,2.545455410584019,0.1210507299075306,1.8700600904493947
30.0,116.0,207.52395629882807,-1.0172369141889488,0.5097226488719611,-3.674337809841004,-2.8353189978585056,-1.3644168602548383,0.7515932251121955,-0.0172059671688819,2.580125632767812,0.2261450789481383,2.063133829032119
30.0,116.0,156.32778930664062,-0.2138792026840201,1.5819391503579283,-2.515803100323433,-2.15618292157357,-1.100397950272994,0.900000269426162,0.093739849154146,2.556234775916752,0.1209670282887929,2.052041950127168
30.0,116.0,217.03973388671875,-0.1405600031966605,1.169851341558746,-2.7820637285419467,-2.65281235814957,-1.3232830357714078,0.9180883091289352,-0.0419884413412701,2.478564466063779,0.1619277690092773,2.1763345793213724
30.0,116.0,148.6250457763672,-0.1986492861108648,1.4209620232211004,-2.65459858518546,-2.257949075710216,-1.136677850453398,0.8572889993518071,0.1111603619959347,2.60279736794967,0.1589008643243573,1.9487578796654748
30.0,116.0,220.53668212890625,-1.2171966783311097,0.4756538204269566,-3.473961005955754,-3.088961056374514,-1.704597891261704,0.4920041034137272,-0.0918239354140258,2.562499878329205,0.3992523830963432,2.654374933471221
30.0,116.0,136.08425903320312,-0.0682721095897578,1.548624168567114,-2.5339236573194226,-2.202642802136203,-1.1750163584386493,0.8801795561288189,0.0701380345681251,2.5414660040956925,0.1318183691806977,1.845775932677727
30.0,116.0,245.9429931640625,-0.8483266135729868,0.6453986865434707,-3.506552371550096,-3.271625883978806,-2.56814784519429,0.2147286641374462,-0.1436646083617611,2.4296898910346845,0.2413711030766583,2.371772908737178
30.0,116.0,220.6161956787109,-0.9503927517081534,0.677458880081766,-3.4985466721108613,-3.1419557166689587,-2.6450864950941537,0.7657276416976995,-0.0800017667336136,2.591298282155937,0.2318220931468717,1.9778696258291708
30.0,116.0,209.95681762695312,-0.8546054761373488,0.5561256830121146,-3.5196763665523463,-2.9998356632825494,-1.6631055522139582,0.5872105304760162,-0.0307104087849592,2.588951662564981,0.2473229352094717,1.9606851088631445
30.0,116.0,198.1161651611328,-2.038243775065099,1.5493086873758664,-2.845738260058812,-2.791556400356753,-1.3545742485838108,0.7431300521504673,0.0653416799188597,2.5513340819415955,0.1909917097448164,1.910990100271098
30.0,116.0,205.4263153076172,-1.0610826982318322,0.7387432132212964,-3.5269101097837323,-2.588175478326636,-1.3746018730768372,0.7544874944278932,-0.0259144887775997,2.5909527780546773,0.210068459110206,2.063579531483645
30.0,116.0,172.61151123046875,-0.1592416640714551,1.3781854332006982,-2.842439873240012,-2.5781979073611363,-1.1858615648576751,0.8182413546845793,-0.0201786099424935,2.54670396876944,0.0844296178985597,1.767456241439366
30.0,116.0,132.4901123046875,-0.0401401448384889,1.5691640480867228,-2.4748250689506883,-2.1733020909144805,-1.0967336393424418,0.8711230820347129,0.0761493187364635,2.563522459663836,0.137992442785462,1.813506912209612
30.0,116.0,133.9936981201172,-0.0236374300682379,1.5677675849077195,-2.4640417308056284,-2.194374762954165,-1.160593984514516,0.8889591769753297,0.0597898782539675,2.5570780901034103,0.1459959175199371,1.6857340091089783
30.0,116.0,203.7299041748047,-1.4671963034076896,0.7718039591814964,-3.521820860113768,-2.7055890962796987,-1.3850800460590984,0.7492558679810841,0.0041742840984898,2.5864682179734686,0.2295821296873494,1.9406396168518183
30.0,116.0,240.0376892089844,-0.818985015422538,0.7325545795717203,-3.463958090524869,-3.1745869837099026,-1.9281247841715203,0.2058466922336207,-0.3766659363291286,2.6001316734345754,0.2265875295001577,2.1979228280822705
30.0,116.0,239.34703063964844,-0.5573109000134422,1.0820330890696988,-3.240952051214933,-3.640707829016172,-1.7737497179098791,0.4745016799634982,0.0314885242161033,2.6135288507269894,0.153150853889011,1.936260516662292
30.0,116.0,174.9043731689453,-0.4337148036269149,1.3957858779033767,-2.563306055980149,-2.192045404372617,-1.0163253117217677,0.9323530831185236,0.0483385174874929,2.489070490227351,0.15075481690501,1.9308161435418136
30.0,116.0,133.12086486816406,-0.0185978819456747,1.596717018096805,-2.423044214752788,-2.1990631200598973,-1.1200372808063692,0.8952097661411785,0.0841613063734164,2.566399092186304,0.144011360198191,1.7834039878344117
30.0,116.0,260.75506591796875,-0.7235173814946477,0.2633142916060825,-3.729488048766044,-2.598819823759516,-1.5621266964312754,0.5837873023273118,-0.2228563854805409,2.2311934862750764,0.0184947537160842,1.5811522207979942
30.0,116.0,137.6033172607422,0.0734690339909855,1.6781441773893817,-2.5041835045846743,-2.205183084605744,-1.0845819559145051,0.9069838322752825,0.0703653972895518,2.576266717145413,0.1453986014804874,1.7718609973840391
30.0,116.0,209.853515625,-0.6115977473066232,0.7776220381257966,-3.835539989399004,-2.6171739805113914,-1.275521664933832,0.7366176474541036,-0.0458302544230463,2.584816162634513,0.2980722673261389,2.069972514370848
30.0,116.0,131.41119384765625,-0.0147623507889491,1.5842862478134834,-2.492203019910043,-2.182377807085342,-1.1176294240017577,0.8774441381484056,0.0511550270805041,2.5579323287591023,0.1310811902994772,1.7155566387516603
30.0,116.0,134.80091857910156,-0.0083493472617951,1.5986458047838503,-2.518084464086384,-2.2504995977641427,-1.0998027741574623,0.8735148400886782,0.088050140989382,2.559629835015667,0.1312637823396601,1.790847917249133
30.0,116.0,245.99302673339844,-0.7494604562313425,0.5827624451646062,-3.1978432976312727,-2.930434860001456,-2.589522757468941,0.4511330050359632,-0.2349149109541924,2.459352546895984,0.2558733024443547,1.86071018527782
30.0,116.0,210.119873046875,-0.7610068930568665,0.5642124147423887,-3.726421416211226,-2.7995431788777383,-1.3708891968054873,0.679066308131347,0.0234932080174868,2.5843400721228726,0.297657964549431,2.1950618999519365
30.0,116.0,135.3036346435547,-0.0096841831287342,1.5576741689508495,-2.533054868764167,-2.250450282815105,-1.1288782721054234,0.8464940076814618,0.0742595780056818,2.535444098815625,0.1544019942464529,1.8011904366194151
30.0,116.0,215.4642791748047,-0.619272128359899,1.0161821115856564,-3.392347947738536,-3.718930889608517,-1.3159031693529706,0.8296082231312336,0.0283507836533688,2.580653015910745,0.2883060967232943,2.043397947376025
30.0,116.0,205.575927734375,-0.8160173862793221,0.5906195673798553,-3.5501247184478806,-2.9220737949502533,-1.5276746941164658,0.7254873283981647,-0.0189028447691116,2.5943872451814447,0.2168908645567235,1.9760531472632008
30.0,116.0,138.71194458007812,-0.0708362691517604,1.5949948039524082,-2.4967222595499083,-2.1658146173084125,-1.0201242883003592,0.8748986778202814,0.0688848097293362,2.547513070176106,0.1676739553251537,1.7869465778264522
30.0,116.0,134.3700714111328,-0.0689789739237431,1.5751765161058888,-2.531163365076467,-2.2507063653885937,-1.1199307998578605,0.8667443501769972,0.082286444217526,2.557601845220334,0.1319990650133191,1.8058652564319624
30.0,116.0,147.184326171875,-0.0405363997524206,1.5030279308288623,-2.4406287533934004,-2.168772691134057,-0.9820398880100109,0.9391154075520962,0.0634634722304155,2.5278287114971616,0.1221443240665024,1.748257460055134
30.0,116.0,211.49984741210932,-0.6023430394608064,0.6862990325442788,-3.3371353581117207,-2.8851573211860253,-1.389844403508281,0.7960834819435386,-0.0731183203058278,2.570385485955568,0.1939850410112546,2.062637422407674
30.0,116.0,203.5377197265625,-0.7554581713797442,0.5923854189498861,-3.044490820697141,-2.484803336870788,-1.3228756579212249,0.7903576123627445,-0.0791024217178839,2.4920453876996134,0.1334636090779443,1.7953664526480333
30.0,116.0,135.9934844970703,0.0306746160903412,1.630728272204205,-2.452994334455136,-2.2177384679066288,-1.1748531251307175,0.7786265248366245,0.0706386248619924,2.546575635877142,0.1585119159435863,1.825865731113942
30.0,116.0,135.11524963378906,-0.054507864480546,1.542426450023746,-2.571400726830845,-2.2526586358272453,-1.1232792456101766,0.8713122450462728,0.0370966774437699,2.5437607174182544,0.1321442350921275,1.8384272040042349
30.0,116.0,140.42367553710938,0.0612991526191017,1.617404887340922,-2.541765641324032,-2.2520912416675047,-1.1147101696883266,0.8436593515102255,0.0865310960184235,2.545062747730707,0.1749903867669293,1.7847925238163556
30.0,116.0,173.00320434570312,-0.4374654517932287,1.2357249990135362,-2.79238402845472,-2.355827463102169,-1.220448700538539,0.8911572022735176,0.0642796433100644,2.564324926403032,0.1520911367781914,1.9022022776230323
30.0,117.0,214.22732543945312,-0.5709375357719852,0.6099977697356924,-3.140555826576952,-2.751540540879751,-1.5639863451240932,0.7150772700534826,-0.0298015949691891,2.517225884112829,0.2132561271602341,1.8995796105848937
30.0,117.0,201.4370574951172,-0.4540401323260987,0.8179070478135094,-3.314276906304189,-2.628539443785192,-1.3337882873665527,0.7127938785222587,-0.0269535484838654,2.590339428802196,0.2594558839508205,2.0689052243034824
30.0,117.0,131.73171997070312,-0.0327593353590495,1.5746342018616182,-2.4757646182647823,-2.1792713407745614,-1.1093847213906145,0.8682632054115403,0.0622239554132318,2.550276862370034,0.1253449252741268,1.7712252800087258
30.0,117.0,205.40724182128903,-1.2471719392371754,0.7338063691250966,-3.6956164114227614,-2.6893020048638974,-1.4361633841990469,0.7509499775402746,-0.0265320376388999,2.5844589496606782,0.2214973721181175,2.0621365244733765
30.0,117.0,203.2894897460937,-1.959170784239848,1.7808749259414065,-2.621076823328134,-2.538580411128057,-1.303279020384032,0.7399559009117076,-0.0134890833036735,2.541666245410128,0.1967308695834149,1.660602637408188
30.0,117.0,134.85916137695312,0.0006308279611463,1.550917339359574,-2.5450356024985195,-2.230294409570277,-1.1511926828077954,0.7978813762094201,0.043761605586442,2.575198839810496,0.1419797861739483,1.7253661416318722
30.0,117.0,131.7268829345703,-0.0220502561503575,1.574300858964988,-2.4841674715893305,-2.190891686406486,-1.1009740997148598,0.8760665298426482,0.0644845854744224,2.557750060637539,0.1315687325431195,1.7594655443629534
30.0,117.0,131.7421417236328,-0.0582953071118527,1.5863747926247802,-2.489444775902408,-2.199686807958399,-1.1163000076730247,0.8876243006604948,0.0697763403582965,2.5626518438403325,0.13699454481731,1.7816696243448145
30.0,117.0,203.4140472412109,-0.5678473708618155,0.7799693007154738,-3.6749830968560486,-2.725391649065348,-1.3797502672892723,0.7480700850134762,-0.0265029683648772,2.586302994710479,0.2283338142204806,2.0667280186433774
30.0,117.0,217.80987548828125,-0.7399219093249991,0.6265199654248446,-3.3812386568411683,-3.115740592719888,-2.4970438835882924,0.4187495791001843,-0.1164287251613381,2.541142812644273,0.2703581298861386,2.0687642066891287
30.0,117.0,201.7044219970703,-0.6552952230338768,0.789537644755984,-3.131677153117997,-2.725862189701337,-1.327890814222953,0.7257755438118074,-0.0264966475501739,2.5879562114865826,0.2411740536822892,2.06908069814025
30.0,117.0,133.5088653564453,-0.0039784308135471,1.5738046232812004,-2.4699744267369104,-2.196170001230774,-1.1281910814397258,0.8782703578442013,0.0462715983775808,2.58748365769106,0.1248772799958921,1.6019264549494308
30.0,117.0,207.52395629882807,-1.0172369141889488,0.5097226488719611,-3.674337809841004,-2.8353189978585056,-1.3644168602548383,0.7515932251121955,-0.0172059671688819,2.580125632767812,0.2261450789481383,2.063133829032119
30.0,117.0,139.9965362548828,-0.1279144003432098,1.5632427489480631,-2.4576687339515493,-2.145663250706564,-1.110546297761764,0.907055424610176,0.0292700584935877,2.5641670217966643,0.1238735073019478,1.9262916711453344
30.0,117.0,217.03973388671875,-0.1405600031966605,1.169851341558746,-2.7820637285419467,-2.65281235814957,-1.3232830357714078,0.9180883091289352,-0.0419884413412701,2.478564466063779,0.1619277690092773,2.1763345793213724
30.0,117.0,148.6250457763672,-0.1986492861108648,1.4209620232211004,-2.65459858518546,-2.257949075710216,-1.136677850453398,0.8572889993518071,0.1111603619959347,2.60279736794967,0.1589008643243573,1.9487578796654748
30.0,117.0,220.53668212890625,-1.2171966783311097,0.4756538204269566,-3.473961005955754,-3.088961056374514,-1.704597891261704,0.4920041034137272,-0.0918239354140258,2.562499878329205,0.3992523830963432,2.654374933471221
30.0,117.0,136.08425903320312,-0.0682721095897578,1.548624168567114,-2.5339236573194226,-2.202642802136203,-1.1750163584386493,0.8801795561288189,0.0701380345681251,2.5414660040956925,0.1318183691806977,1.845775932677727
30.0,117.0,245.9429931640625,-0.8483266135729868,0.6453986865434707,-3.506552371550096,-3.271625883978806,-2.56814784519429,0.2147286641374462,-0.1436646083617611,2.4296898910346845,0.2413711030766583,2.371772908737178
30.0,117.0,220.6161956787109,-0.9503927517081534,0.677458880081766,-3.4985466721108613,-3.1419557166689587,-2.6450864950941537,0.7657276416976995,-0.0800017667336136,2.591298282155937,0.2318220931468717,1.9778696258291708
30.0,117.0,209.95681762695312,-0.8546054761373488,0.5561256830121146,-3.5196763665523463,-2.9998356632825494,-1.6631055522139582,0.5872105304760162,-0.0307104087849592,2.588951662564981,0.2473229352094717,1.9606851088631445
30.0,117.0,198.1161651611328,-2.038243775065099,1.5493086873758664,-2.845738260058812,-2.791556400356753,-1.3545742485838108,0.7431300521504673,0.0653416799188597,2.5513340819415955,0.1909917097448164,1.910990100271098
30.0,117.0,205.4263153076172,-1.0610826982318322,0.7387432132212964,-3.5269101097837323,-2.588175478326636,-1.3746018730768372,0.7544874944278932,-0.0259144887775997,2.5909527780546773,0.210068459110206,2.063579531483645
30.0,117.0,172.61151123046875,-0.1592416640714551,1.3781854332006982,-2.842439873240012,-2.5781979073611363,-1.1858615648576751,0.8182413546845793,-0.0201786099424935,2.54670396876944,0.0844296178985597,1.767456241439366
30.0,117.0,132.4901123046875,-0.0401401448384889,1.5691640480867228,-2.4748250689506883,-2.1733020909144805,-1.0967336393424418,0.8711230820347129,0.0761493187364635,2.563522459663836,0.137992442785462,1.813506912209612
30.0,117.0,131.89857482910156,-0.001048206556921,1.5929642425113266,-2.481783391346152,-2.170578223241184,-1.1281402030043544,0.868288012236614,0.0472761250561298,2.559997801360613,0.1311874794820613,1.6740406531643175
30.0,117.0,203.7299041748047,-1.4671963034076896,0.7718039591814964,-3.521820860113768,-2.7055890962796987,-1.3850800460590984,0.7492558679810841,0.0041742840984898,2.5864682179734686,0.2295821296873494,1.9406396168518183
30.0,117.0,240.0376892089844,-0.818985015422538,0.7325545795717203,-3.463958090524869,-3.1745869837099026,-1.9281247841715203,0.2058466922336207,-0.3766659363291286,2.6001316734345754,0.2265875295001577,2.1979228280822705
30.0,117.0,239.34703063964844,-0.5573109000134422,1.0820330890696988,-3.240952051214933,-3.640707829016172,-1.7737497179098791,0.4745016799634982,0.0314885242161033,2.6135288507269894,0.153150853889011,1.936260516662292
30.0,117.0,168.74960327148438,-0.3117558301150889,1.319759294534803,-2.68409084539148,-2.2081893063814206,-1.1385723349755457,0.9331614038108066,0.0362425673937719,2.4885944735028955,0.1625869727251821,1.6662462626051613
30.0,117.0,133.12086486816406,-0.0185978819456747,1.596717018096805,-2.423044214752788,-2.1990631200598973,-1.1200372808063692,0.8952097661411785,0.0841613063734164,2.566399092186304,0.144011360198191,1.7834039878344117
30.0,117.0,260.75506591796875,-0.7235173814946477,0.2633142916060825,-3.729488048766044,-2.598819823759516,-1.5621266964312754,0.5837873023273118,-0.2228563854805409,2.2311934862750764,0.0184947537160842,1.5811522207979942
30.0,117.0,137.6033172607422,0.0734690339909855,1.6781441773893817,-2.5041835045846743,-2.205183084605744,-1.0845819559145051,0.9069838322752825,0.0703653972895518,2.576266717145413,0.1453986014804874,1.7718609973840391
30.0,117.0,209.853515625,-0.6115977473066232,0.7776220381257966,-3.835539989399004,-2.6171739805113914,-1.275521664933832,0.7366176474541036,-0.0458302544230463,2.584816162634513,0.2980722673261389,2.069972514370848
30.0,117.0,131.41119384765625,-0.0147623507889491,1.5842862478134834,-2.492203019910043,-2.182377807085342,-1.1176294240017577,0.8774441381484056,0.0511550270805041,2.5579323287591023,0.1310811902994772,1.7155566387516603
30.0,117.0,134.80091857910156,-0.0083493472617951,1.5986458047838503,-2.518084464086384,-2.2504995977641427,-1.0998027741574623,0.8735148400886782,0.088050140989382,2.559629835015667,0.1312637823396601,1.790847917249133
30.0,117.0,245.99302673339844,-0.7494604562313425,0.5827624451646062,-3.1978432976312727,-2.930434860001456,-2.589522757468941,0.4511330050359632,-0.2349149109541924,2.459352546895984,0.2558733024443547,1.86071018527782
30.0,117.0,210.119873046875,-0.7610068930568665,0.5642124147423887,-3.726421416211226,-2.7995431788777383,-1.3708891968054873,0.679066308131347,0.0234932080174868,2.5843400721228726,0.297657964549431,2.1950618999519365
30.0,117.0,135.3036346435547,-0.0096841831287342,1.5576741689508495,-2.533054868764167,-2.250450282815105,-1.1288782721054234,0.8464940076814618,0.0742595780056818,2.535444098815625,0.1544019942464529,1.8011904366194151
30.0,117.0,215.4642791748047,-0.619272128359899,1.0161821115856564,-3.392347947738536,-3.718930889608517,-1.3159031693529706,0.8296082231312336,0.0283507836533688,2.580653015910745,0.2883060967232943,2.043397947376025
30.0,117.0,205.575927734375,-0.8160173862793221,0.5906195673798553,-3.5501247184478806,-2.9220737949502533,-1.5276746941164658,0.7254873283981647,-0.0189028447691116,2.5943872451814447,0.2168908645567235,1.9760531472632008
30.0,117.0,138.71194458007812,-0.0708362691517604,1.5949948039524082,-2.4967222595499083,-2.1658146173084125,-1.0201242883003592,0.8748986778202814,0.0688848097293362,2.547513070176106,0.1676739553251537,1.7869465778264522
30.0,117.0,134.3700714111328,-0.0689789739237431,1.5751765161058888,-2.531163365076467,-2.2507063653885937,-1.1199307998578605,0.8667443501769972,0.082286444217526,2.557601845220334,0.1319990650133191,1.8058652564319624
30.0,117.0,147.184326171875,-0.0405363997524206,1.5030279308288623,-2.4406287533934004,-2.168772691134057,-0.9820398880100109,0.9391154075520962,0.0634634722304155,2.5278287114971616,0.1221443240665024,1.748257460055134
30.0,117.0,211.49984741210932,-0.6023430394608064,0.6862990325442788,-3.3371353581117207,-2.8851573211860253,-1.389844403508281,0.7960834819435386,-0.0731183203058278,2.570385485955568,0.1939850410112546,2.062637422407674
30.0,117.0,175.5164794921875,-0.1275727271565325,1.62339085304753,-2.615052946708969,-2.15967240363564,-1.267012019226854,0.970328846093216,0.1438623537754713,2.6245913870877176,0.1447551585615671,1.8515117902710128
30.0,117.0,135.9934844970703,0.0306746160903412,1.630728272204205,-2.452994334455136,-2.2177384679066288,-1.1748531251307175,0.7786265248366245,0.0706386248619924,2.546575635877142,0.1585119159435863,1.825865731113942
30.0,117.0,135.11524963378906,-0.054507864480546,1.542426450023746,-2.571400726830845,-2.2526586358272453,-1.1232792456101766,0.8713122450462728,0.0370966774437699,2.5437607174182544,0.1321442350921275,1.8384272040042349
30.0,117.0,140.42367553710938,0.0612991526191017,1.617404887340922,-2.541765641324032,-2.2520912416675047,-1.1147101696883266,0.8436593515102255,0.0865310960184235,2.545062747730707,0.1749903867669293,1.7847925238163556
30.0,117.0,158.2157745361328,-0.1197730161260821,1.4536773726598662,-2.54701832719291,-2.446660342135217,-1.114945675704669,0.854405829148761,0.0413069794990094,2.542261155235824,0.1449247749580094,1.876575994063209
30.0,118.0,214.22732543945312,-0.5709375357719852,0.6099977697356924,-3.140555826576952,-2.751540540879751,-1.5639863451240932,0.7150772700534826,-0.0298015949691891,2.517225884112829,0.2132561271602341,1.8995796105848937
30.0,118.0,201.4370574951172,-0.4540401323260987,0.8179070478135094,-3.314276906304189,-2.628539443785192,-1.3337882873665527,0.7127938785222587,-0.0269535484838654,2.590339428802196,0.2594558839508205,2.0689052243034824
30.0,118.0,131.32760620117188,-0.0138477676352566,1.5801238206622656,-2.464844970157015,-2.2001853369019515,-1.1145212562118412,0.8825863672742946,0.0482689153422356,2.5549206875055126,0.1283080732278719,1.7419780310718291
30.0,118.0,205.40724182128903,-1.2471719392371754,0.7338063691250966,-3.6956164114227614,-2.6893020048638974,-1.4361633841990469,0.7509499775402746,-0.0265320376388999,2.5844589496606782,0.2214973721181175,2.0621365244733765
30.0,118.0,203.2894897460937,-1.959170784239848,1.7808749259414065,-2.621076823328134,-2.538580411128057,-1.303279020384032,0.7399559009117076,-0.0134890833036735,2.541666245410128,0.1967308695834149,1.660602637408188
30.0,118.0,134.85916137695312,0.0006308279611463,1.550917339359574,-2.5450356024985195,-2.230294409570277,-1.1511926828077954,0.7978813762094201,0.043761605586442,2.575198839810496,0.1419797861739483,1.7253661416318722
30.0,118.0,131.7268829345703,-0.0220502561503575,1.574300858964988,-2.4841674715893305,-2.190891686406486,-1.1009740997148598,0.8760665298426482,0.0644845854744224,2.557750060637539,0.1315687325431195,1.7594655443629534
30.0,118.0,131.7421417236328,-0.0582953071118527,1.5863747926247802,-2.489444775902408,-2.199686807958399,-1.1163000076730247,0.8876243006604948,0.0697763403582965,2.5626518438403325,0.13699454481731,1.7816696243448145
30.0,118.0,203.4140472412109,-0.5678473708618155,0.7799693007154738,-3.6749830968560486,-2.725391649065348,-1.3797502672892723,0.7480700850134762,-0.0265029683648772,2.586302994710479,0.2283338142204806,2.0667280186433774
30.0,118.0,217.80987548828125,-0.7399219093249991,0.6265199654248446,-3.3812386568411683,-3.115740592719888,-2.4970438835882924,0.4187495791001843,-0.1164287251613381,2.541142812644273,0.2703581298861386,2.0687642066891287
30.0,118.0,201.7044219970703,-0.6552952230338768,0.789537644755984,-3.131677153117997,-2.725862189701337,-1.327890814222953,0.7257755438118074,-0.0264966475501739,2.5879562114865826,0.2411740536822892,2.06908069814025
30.0,118.0,131.93374633789062,-0.0166491043541218,1.5790643305429808,-2.485255825758535,-2.2153971598577167,-1.1385301154511127,0.8789509156606689,0.0499867674207692,2.560482236060883,0.134754776421497,1.672810014665351
30.0,118.0,207.52395629882807,-1.0172369141889488,0.5097226488719611,-3.674337809841004,-2.8353189978585056,-1.3644168602548383,0.7515932251121955,-0.0172059671688819,2.580125632767812,0.2261450789481383,2.063133829032119
30.0,118.0,139.18936157226562,0.0415891868987143,1.5847203600054314,-2.473394193404857,-2.1463681706179325,-1.1193303121514129,0.8734673784224167,0.0116716863912646,2.566994186617964,0.1270535500134846,1.525039145519744
30.0,118.0,217.03973388671875,-0.1405600031966605,1.169851341558746,-2.7820637285419467,-2.65281235814957,-1.3232830357714078,0.9180883091289352,-0.0419884413412701,2.478564466063779,0.1619277690092773,2.1763345793213724
30.0,118.0,148.6250457763672,-0.1986492861108648,1.4209620232211004,-2.65459858518546,-2.257949075710216,-1.136677850453398,0.8572889993518071,0.1111603619959347,2.60279736794967,0.1589008643243573,1.9487578796654748
30.0,118.0,220.53668212890625,-1.2171966783311097,0.4756538204269566,-3.473961005955754,-3.088961056374514,-1.704597891261704,0.4920041034137272,-0.0918239354140258,2.562499878329205,0.3992523830963432,2.654374933471221
30.0,118.0,136.08425903320312,-0.0682721095897578,1.548624168567114,-2.5339236573194226,-2.202642802136203,-1.1750163584386493,0.8801795561288189,0.0701380345681251,2.5414660040956925,0.1318183691806977,1.845775932677727
30.0,118.0,245.9429931640625,-0.8483266135729868,0.6453986865434707,-3.506552371550096,-3.271625883978806,-2.56814784519429,0.2147286641374462,-0.1436646083617611,2.4296898910346845,0.2413711030766583,2.371772908737178
30.0,118.0,220.6161956787109,-0.9503927517081534,0.677458880081766,-3.4985466721108613,-3.1419557166689587,-2.6450864950941537,0.7657276416976995,-0.0800017667336136,2.591298282155937,0.2318220931468717,1.9778696258291708
30.0,118.0,209.95681762695312,-0.8546054761373488,0.5561256830121146,-3.5196763665523463,-2.9998356632825494,-1.6631055522139582,0.5872105304760162,-0.0307104087849592,2.588951662564981,0.2473229352094717,1.9606851088631445
30.0,118.0,198.1161651611328,-2.038243775065099,1.5493086873758664,-2.845738260058812,-2.791556400356753,-1.3545742485838108,0.7431300521504673,0.0653416799188597,2.5513340819415955,0.1909917097448164,1.910990100271098
30.0,118.0,205.4263153076172,-1.0610826982318322,0.7387432132212964,-3.5269101097837323,-2.588175478326636,-1.3746018730768372,0.7544874944278932,-0.0259144887775997,2.5909527780546773,0.210068459110206,2.063579531483645
30.0,118.0,172.61151123046875,-0.1592416640714551,1.3781854332006982,-2.842439873240012,-2.5781979073611363,-1.1858615648576751,0.8182413546845793,-0.0201786099424935,2.54670396876944,0.0844296178985597,1.767456241439366
30.0,118.0,132.4901123046875,-0.0401401448384889,1.5691640480867228,-2.4748250689506883,-2.1733020909144805,-1.0967336393424418,0.8711230820347129,0.0761493187364635,2.563522459663836,0.137992442785462,1.813506912209612
30.0,118.0,131.89857482910156,-0.001048206556921,1.5929642425113266,-2.481783391346152,-2.170578223241184,-1.1281402030043544,0.868288012236614,0.0472761250561298,2.559997801360613,0.1311874794820613,1.6740406531643175
30.0,118.0,203.7299041748047,-1.4671963034076896,0.7718039591814964,-3.521820860113768,-2.7055890962796987,-1.3850800460590984,0.7492558679810841,0.0041742840984898,2.5864682179734686,0.2295821296873494,1.9406396168518183
30.0,118.0,240.0376892089844,-0.818985015422538,0.7325545795717203,-3.463958090524869,-3.1745869837099026,-1.9281247841715203,0.2058466922336207,-0.3766659363291286,2.6001316734345754,0.2265875295001577,2.1979228280822705
30.0,118.0,239.34703063964844,-0.5573109000134422,1.0820330890696988,-3.240952051214933,-3.640707829016172,-1.7737497179098791,0.4745016799634982,0.0314885242161033,2.6135288507269894,0.153150853889011,1.936260516662292
30.0,118.0,161.7139129638672,0.0902816906718732,1.5620999052594216,-2.5760711908938645,-2.1755533798011,-1.2054177379113646,0.9521227082789402,0.0155422058676721,2.520829389271027,0.1486467108911284,1.609558682849456
30.0,118.0,133.12086486816406,-0.0185978819456747,1.596717018096805,-2.423044214752788,-2.1990631200598973,-1.1200372808063692,0.8952097661411785,0.0841613063734164,2.566399092186304,0.144011360198191,1.7834039878344117
30.0,118.0,260.75506591796875,-0.7235173814946477,0.2633142916060825,-3.729488048766044,-2.598819823759516,-1.5621266964312754,0.5837873023273118,-0.2228563854805409,2.2311934862750764,0.0184947537160842,1.5811522207979942
30.0,118.0,137.6033172607422,0.0734690339909855,1.6781441773893817,-2.5041835045846743,-2.205183084605744,-1.0845819559145051,0.9069838322752825,0.0703653972895518,2.576266717145413,0.1453986014804874,1.7718609973840391
30.0,118.0,209.853515625,-0.6115977473066232,0.7776220381257966,-3.835539989399004,-2.6171739805113914,-1.275521664933832,0.7366176474541036,-0.0458302544230463,2.584816162634513,0.2980722673261389,2.069972514370848
30.0,118.0,131.41119384765625,-0.0147623507889491,1.5842862478134834,-2.492203019910043,-2.182377807085342,-1.1176294240017577,0.8774441381484056,0.0511550270805041,2.5579323287591023,0.1310811902994772,1.7155566387516603
30.0,118.0,134.80091857910156,-0.0083493472617951,1.5986458047838503,-2.518084464086384,-2.2504995977641427,-1.0998027741574623,0.8735148400886782,0.088050140989382,2.559629835015667,0.1312637823396601,1.790847917249133
30.0,118.0,245.99302673339844,-0.7494604562313425,0.5827624451646062,-3.1978432976312727,-2.930434860001456,-2.589522757468941,0.4511330050359632,-0.2349149109541924,2.459352546895984,0.2558733024443547,1.86071018527782
30.0,118.0,210.119873046875,-0.7610068930568665,0.5642124147423887,-3.726421416211226,-2.7995431788777383,-1.3708891968054873,0.679066308131347,0.0234932080174868,2.5843400721228726,0.297657964549431,2.1950618999519365
30.0,118.0,135.3036346435547,-0.0096841831287342,1.5576741689508495,-2.533054868764167,-2.250450282815105,-1.1288782721054234,0.8464940076814618,0.0742595780056818,2.535444098815625,0.1544019942464529,1.8011904366194151
30.0,118.0,215.4642791748047,-0.619272128359899,1.0161821115856564,-3.392347947738536,-3.718930889608517,-1.3159031693529706,0.8296082231312336,0.0283507836533688,2.580653015910745,0.2883060967232943,2.043397947376025
30.0,118.0,205.575927734375,-0.8160173862793221,0.5906195673798553,-3.5501247184478806,-2.9220737949502533,-1.5276746941164658,0.7254873283981647,-0.0189028447691116,2.5943872451814447,0.2168908645567235,1.9760531472632008
30.0,118.0,138.71194458007812,-0.0708362691517604,1.5949948039524082,-2.4967222595499083,-2.1658146173084125,-1.0201242883003592,0.8748986778202814,0.0688848097293362,2.547513070176106,0.1676739553251537,1.7869465778264522
30.0,118.0,134.3700714111328,-0.0689789739237431,1.5751765161058888,-2.531163365076467,-2.2507063653885937,-1.1199307998578605,0.8667443501769972,0.082286444217526,2.557601845220334,0.1319990650133191,1.8058652564319624
30.0,118.0,147.184326171875,-0.0405363997524206,1.5030279308288623,-2.4406287533934004,-2.168772691134057,-0.9820398880100109,0.9391154075520962,0.0634634722304155,2.5278287114971616,0.1221443240665024,1.748257460055134
30.0,118.0,211.49984741210932,-0.6023430394608064,0.6862990325442788,-3.3371353581117207,-2.8851573211860253,-1.389844403508281,0.7960834819435386,-0.0731183203058278,2.570385485955568,0.1939850410112546,2.062637422407674
30.0,118.0,175.5164794921875,-0.1275727271565325,1.62339085304753,-2.615052946708969,-2.15967240363564,-1.267012019226854,0.970328846093216,0.1438623537754713,2.6245913870877176,0.1447551585615671,1.8515117902710128
30.0,118.0,135.9934844970703,0.0306746160903412,1.630728272204205,-2.452994334455136,-2.2177384679066288,-1.1748531251307175,0.7786265248366245,0.0706386248619924,2.546575635877142,0.1585119159435863,1.825865731113942
30.0,118.0,135.11524963378906,-0.054507864480546,1.542426450023746,-2.571400726830845,-2.2526586358272453,-1.1232792456101766,0.8713122450462728,0.0370966774437699,2.5437607174182544,0.1321442350921275,1.8384272040042349
30.0,118.0,137.79788208007812,-0.0320439573357102,1.604641101063467,-2.490151561600812,-2.2664146738162065,-1.1175528504715992,0.8387465334122182,0.1152818584369439,2.5584118088977124,0.1215632976113423,1.7016927120065852
30.0,118.0,158.2157745361328,-0.1197730161260821,1.4536773726598662,-2.54701832719291,-2.446660342135217,-1.114945675704669,0.854405829148761,0.0413069794990094,2.542261155235824,0.1449247749580094,1.876575994063209
30.0,119.0,214.22732543945312,-0.5709375357719852,0.6099977697356924,-3.140555826576952,-2.751540540879751,-1.5639863451240932,0.7150772700534826,-0.0298015949691891,2.517225884112829,0.2132561271602341,1.8995796105848937
30.0,119.0,201.4370574951172,-0.4540401323260987,0.8179070478135094,-3.314276906304189,-2.628539443785192,-1.3337882873665527,0.7127938785222587,-0.0269535484838654,2.590339428802196,0.2594558839508205,2.0689052243034824
30.0,119.0,131.32760620117188,-0.0138477676352566,1.5801238206622656,-2.464844970157015,-2.2001853369019515,-1.1145212562118412,0.8825863672742946,0.0482689153422356,2.5549206875055126,0.1283080732278719,1.7419780310718291
30.0,119.0,205.40724182128903,-1.2471719392371754,0.7338063691250966,-3.6956164114227614,-2.6893020048638974,-1.4361633841990469,0.7509499775402746,-0.0265320376388999,2.5844589496606782,0.2214973721181175,2.0621365244733765
30.0,119.0,203.2894897460937,-1.959170784239848,1.7808749259414065,-2.621076823328134,-2.538580411128057,-1.303279020384032,0.7399559009117076,-0.0134890833036735,2.541666245410128,0.1967308695834149,1.660602637408188
30.0,119.0,134.85916137695312,0.0006308279611463,1.550917339359574,-2.5450356024985195,-2.230294409570277,-1.1511926828077954,0.7978813762094201,0.043761605586442,2.575198839810496,0.1419797861739483,1.7253661416318722
30.0,119.0,131.7268829345703,-0.0220502561503575,1.574300858964988,-2.4841674715893305,-2.190891686406486,-1.1009740997148598,0.8760665298426482,0.0644845854744224,2.557750060637539,0.1315687325431195,1.7594655443629534
30.0,119.0,131.7421417236328,-0.0582953071118527,1.5863747926247802,-2.489444775902408,-2.199686807958399,-1.1163000076730247,0.8876243006604948,0.0697763403582965,2.5626518438403325,0.13699454481731,1.7816696243448145
30.0,119.0,203.4140472412109,-0.5678473708618155,0.7799693007154738,-3.6749830968560486,-2.725391649065348,-1.3797502672892723,0.7480700850134762,-0.0265029683648772,2.586302994710479,0.2283338142204806,2.0667280186433774
30.0,119.0,217.80987548828125,-0.7399219093249991,0.6265199654248446,-3.3812386568411683,-3.115740592719888,-2.4970438835882924,0.4187495791001843,-0.1164287251613381,2.541142812644273,0.2703581298861386,2.0687642066891287
30.0,119.0,201.7044219970703,-0.6552952230338768,0.789537644755984,-3.131677153117997,-2.725862189701337,-1.327890814222953,0.7257755438118074,-0.0264966475501739,2.5879562114865826,0.2411740536822892,2.06908069814025
30.0,119.0,131.4452362060547,-0.0192656339999052,1.582961012395331,-2.4816195278968505,-2.2126505364936127,-1.1335201721277162,0.8827044503307264,0.0501325236516369,2.5454926898097736,0.1302775077021985,1.7295117190913198
30.0,119.0,207.52395629882807,-1.0172369141889488,0.5097226488719611,-3.674337809841004,-2.8353189978585056,-1.3644168602548383,0.7515932251121955,-0.0172059671688819,2.580125632767812,0.2261450789481383,2.063133829032119
30.0,119.0,137.1613006591797,0.0852525851513286,1.5923160235833205,-2.4657745289756754,-2.158006285733168,-1.121758280121602,0.8697706158124553,0.0329467629038308,2.5510933479979787,0.1285139447946785,1.7617941490002738
30.0,119.0,217.03973388671875,-0.1405600031966605,1.169851341558746,-2.7820637285419467,-2.65281235814957,-1.3232830357714078,0.9180883091289352,-0.0419884413412701,2.478564466063779,0.1619277690092773,2.1763345793213724
30.0,119.0,144.89158630371094,0.1150223345244207,1.5739951141981128,-2.4960556497845507,-2.243569084492677,-1.134173358887532,0.8734621103454546,0.0433931816097666,2.5299249371818613,0.1887144753836011,1.983300702471318
30.0,119.0,220.53668212890625,-1.2171966783311097,0.4756538204269566,-3.473961005955754,-3.088961056374514,-1.704597891261704,0.4920041034137272,-0.0918239354140258,2.562499878329205,0.3992523830963432,2.654374933471221
30.0,119.0,136.08425903320312,-0.0682721095897578,1.548624168567114,-2.5339236573194226,-2.202642802136203,-1.1750163584386493,0.8801795561288189,0.0701380345681251,2.5414660040956925,0.1318183691806977,1.845775932677727
30.0,119.0,245.9429931640625,-0.8483266135729868,0.6453986865434707,-3.506552371550096,-3.271625883978806,-2.56814784519429,0.2147286641374462,-0.1436646083617611,2.4296898910346845,0.2413711030766583,2.371772908737178
30.0,119.0,220.6161956787109,-0.9503927517081534,0.677458880081766,-3.4985466721108613,-3.1419557166689587,-2.6450864950941537,0.7657276416976995,-0.0800017667336136,2.591298282155937,0.2318220931468717,1.9778696258291708
30.0,119.0,209.95681762695312,-0.8546054761373488,0.5561256830121146,-3.5196763665523463,-2.9998356632825494,-1.6631055522139582,0.5872105304760162,-0.0307104087849592,2.588951662564981,0.2473229352094717,1.9606851088631445
30.0,119.0,198.1161651611328,-2.038243775065099,1.5493086873758664,-2.845738260058812,-2.791556400356753,-1.3545742485838108,0.7431300521504673,0.0653416799188597,2.5513340819415955,0.1909917097448164,1.910990100271098
30.0,119.0,205.4263153076172,-1.0610826982318322,0.7387432132212964,-3.5269101097837323,-2.588175478326636,-1.3746018730768372,0.7544874944278932,-0.0259144887775997,2.5909527780546773,0.210068459110206,2.063579531483645
30.0,119.0,172.61151123046875,-0.1592416640714551,1.3781854332006982,-2.842439873240012,-2.5781979073611363,-1.1858615648576751,0.8182413546845793,-0.0201786099424935,2.54670396876944,0.0844296178985597,1.767456241439366
30.0,119.0,132.4901123046875,-0.0401401448384889,1.5691640480867228,-2.4748250689506883,-2.1733020909144805,-1.0967336393424418,0.8711230820347129,0.0761493187364635,2.563522459663836,0.137992442785462,1.813506912209612
30.0,119.0,131.89857482910156,-0.001048206556921,1.5929642425113266,-2.481783391346152,-2.170578223241184,-1.1281402030043544,0.868288012236614,0.0472761250561298,2.559997801360613,0.1311874794820613,1.6740406531643175
30.0,119.0,203.7299041748047,-1.4671963034076896,0.7718039591814964,-3.521820860113768,-2.7055890962796987,-1.3850800460590984,0.7492558679810841,0.0041742840984898,2.5864682179734686,0.2295821296873494,1.9406396168518183
30.0,119.0,240.0376892089844,-0.818985015422538,0.7325545795717203,-3.463958090524869,-3.1745869837099026,-1.9281247841715203,0.2058466922336207,-0.3766659363291286,2.6001316734345754,0.2265875295001577,2.1979228280822705
30.0,119.0,239.34703063964844,-0.5573109000134422,1.0820330890696988,-3.240952051214933,-3.640707829016172,-1.7737497179098791,0.4745016799634982,0.0314885242161033,2.6135288507269894,0.153150853889011,1.936260516662292
30.0,119.0,136.08956909179688,0.0708652089792416,1.676828101274026,-2.37126754950834,-2.1782873569233567,-1.1445261204721893,0.8587898770173823,0.0606893887487766,2.5538931769553552,0.1371270268844777,1.7832580657679804
30.0,119.0,133.12086486816406,-0.0185978819456747,1.596717018096805,-2.423044214752788,-2.1990631200598973,-1.1200372808063692,0.8952097661411785,0.0841613063734164,2.566399092186304,0.144011360198191,1.7834039878344117
30.0,119.0,260.75506591796875,-0.7235173814946477,0.2633142916060825,-3.729488048766044,-2.598819823759516,-1.5621266964312754,0.5837873023273118,-0.2228563854805409,2.2311934862750764,0.0184947537160842,1.5811522207979942
30.0,119.0,137.6033172607422,0.0734690339909855,1.6781441773893817,-2.5041835045846743,-2.205183084605744,-1.0845819559145051,0.9069838322752825,0.0703653972895518,2.576266717145413,0.1453986014804874,1.7718609973840391
30.0,119.0,209.853515625,-0.6115977473066232,0.7776220381257966,-3.835539989399004,-2.6171739805113914,-1.275521664933832,0.7366176474541036,-0.0458302544230463,2.584816162634513,0.2980722673261389,2.069972514370848
30.0,119.0,131.41119384765625,-0.0147623507889491,1.5842862478134834,-2.492203019910043,-2.182377807085342,-1.1176294240017577,0.8774441381484056,0.0511550270805041,2.5579323287591023,0.1310811902994772,1.7155566387516603
30.0,119.0,134.80091857910156,-0.0083493472617951,1.5986458047838503,-2.518084464086384,-2.2504995977641427,-1.0998027741574623,0.8735148400886782,0.088050140989382,2.559629835015667,0.1312637823396601,1.790847917249133
30.0,119.0,245.99302673339844,-0.7494604562313425,0.5827624451646062,-3.1978432976312727,-2.930434860001456,-2.589522757468941,0.4511330050359632,-0.2349149109541924,2.459352546895984,0.2558733024443547,1.86071018527782
30.0,119.0,210.119873046875,-0.7610068930568665,0.5642124147423887,-3.726421416211226,-2.7995431788777383,-1.3708891968054873,0.679066308131347,0.0234932080174868,2.5843400721228726,0.297657964549431,2.1950618999519365
30.0,119.0,135.3036346435547,-0.0096841831287342,1.5576741689508495,-2.533054868764167,-2.250450282815105,-1.1288782721054234,0.8464940076814618,0.0742595780056818,2.535444098815625,0.1544019942464529,1.8011904366194151
30.0,119.0,215.4642791748047,-0.619272128359899,1.0161821115856564,-3.392347947738536,-3.718930889608517,-1.3159031693529706,0.8296082231312336,0.0283507836533688,2.580653015910745,0.2883060967232943,2.043397947376025
30.0,119.0,205.575927734375,-0.8160173862793221,0.5906195673798553,-3.5501247184478806,-2.9220737949502533,-1.5276746941164658,0.7254873283981647,-0.0189028447691116,2.5943872451814447,0.2168908645567235,1.9760531472632008
30.0,119.0,138.71194458007812,-0.0708362691517604,1.5949948039524082,-2.4967222595499083,-2.1658146173084125,-1.0201242883003592,0.8748986778202814,0.0688848097293362,2.547513070176106,0.1676739553251537,1.7869465778264522
30.0,119.0,134.3700714111328,-0.0689789739237431,1.5751765161058888,-2.531163365076467,-2.2507063653885937,-1.1199307998578605,0.8667443501769972,0.082286444217526,2.557601845220334,0.1319990650133191,1.8058652564319624
30.0,119.0,141.73477172851562,-0.0157397650839973,1.506308069911931,-2.445069331546996,-2.139344944804368,-1.1083502514709624,0.8762153185260457,0.0853375713180889,2.589307245165192,0.2185603266094499,1.8161572945849
30.0,119.0,211.49984741210932,-0.6023430394608064,0.6862990325442788,-3.3371353581117207,-2.8851573211860253,-1.389844403508281,0.7960834819435386,-0.0731183203058278,2.570385485955568,0.1939850410112546,2.062637422407674
30.0,119.0,175.5164794921875,-0.1275727271565325,1.62339085304753,-2.615052946708969,-2.15967240363564,-1.267012019226854,0.970328846093216,0.1438623537754713,2.6245913870877176,0.1447551585615671,1.8515117902710128
30.0,119.0,135.9934844970703,0.0306746160903412,1.630728272204205,-2.452994334455136,-2.2177384679066288,-1.1748531251307175,0.7786265248366245,0.0706386248619924,2.546575635877142,0.1585119159435863,1.825865731113942
30.0,119.0,135.11524963378906,-0.054507864480546,1.542426450023746,-2.571400726830845,-2.2526586358272453,-1.1232792456101766,0.8713122450462728,0.0370966774437699,2.5437607174182544,0.1321442350921275,1.8384272040042349
30.0,119.0,137.79788208007812,-0.0320439573357102,1.604641101063467,-2.490151561600812,-2.2664146738162065,-1.1175528504715992,0.8387465334122182,0.1152818584369439,2.5584118088977124,0.1215632976113423,1.7016927120065852
30.0,119.0,158.2157745361328,-0.1197730161260821,1.4536773726598662,-2.54701832719291,-2.446660342135217,-1.114945675704669,0.854405829148761,0.0413069794990094,2.542261155235824,0.1449247749580094,1.876575994063209
30.0,120.0,214.22732543945312,-0.5709375357719852,0.6099977697356924,-3.140555826576952,-2.751540540879751,-1.5639863451240932,0.7150772700534826,-0.0298015949691891,2.517225884112829,0.2132561271602341,1.8995796105848937
30.0,120.0,201.4370574951172,-0.4540401323260987,0.8179070478135094,-3.314276906304189,-2.628539443785192,-1.3337882873665527,0.7127938785222587,-0.0269535484838654,2.590339428802196,0.2594558839508205,2.0689052243034824
30.0,120.0,131.32760620117188,-0.0138477676352566,1.5801238206622656,-2.464844970157015,-2.2001853369019515,-1.1145212562118412,0.8825863672742946,0.0482689153422356,2.5549206875055126,0.1283080732278719,1.7419780310718291
30.0,120.0,205.40724182128903,-1.2471719392371754,0.7338063691250966,-3.6956164114227614,-2.6893020048638974,-1.4361633841990469,0.7509499775402746,-0.0265320376388999,2.5844589496606782,0.2214973721181175,2.0621365244733765
30.0,120.0,203.2894897460937,-1.959170784239848,1.7808749259414065,-2.621076823328134,-2.538580411128057,-1.303279020384032,0.7399559009117076,-0.0134890833036735,2.541666245410128,0.1967308695834149,1.660602637408188
30.0,120.0,134.85916137695312,0.0006308279611463,1.550917339359574,-2.5450356024985195,-2.230294409570277,-1.1511926828077954,0.7978813762094201,0.043761605586442,2.575198839810496,0.1419797861739483,1.7253661416318722
30.0,120.0,131.7268829345703,-0.0220502561503575,1.574300858964988,-2.4841674715893305,-2.190891686406486,-1.1009740997148598,0.8760665298426482,0.0644845854744224,2.557750060637539,0.1315687325431195,1.7594655443629534
30.0,120.0,131.7421417236328,-0.0582953071118527,1.5863747926247802,-2.489444775902408,-2.199686807958399,-1.1163000076730247,0.8876243006604948,0.0697763403582965,2.5626518438403325,0.13699454481731,1.7816696243448145
30.0,120.0,203.4140472412109,-0.5678473708618155,0.7799693007154738,-3.6749830968560486,-2.725391649065348,-1.3797502672892723,0.7480700850134762,-0.0265029683648772,2.586302994710479,0.2283338142204806,2.0667280186433774
30.0,120.0,217.80987548828125,-0.7399219093249991,0.6265199654248446,-3.3812386568411683,-3.115740592719888,-2.4970438835882924,0.4187495791001843,-0.1164287251613381,2.541142812644273,0.2703581298861386,2.0687642066891287
30.0,120.0,201.7044219970703,-0.6552952230338768,0.789537644755984,-3.131677153117997,-2.725862189701337,-1.327890814222953,0.7257755438118074,-0.0264966475501739,2.5879562114865826,0.2411740536822892,2.06908069814025
30.0,120.0,131.4452362060547,-0.0192656339999052,1.582961012395331,-2.4816195278968505,-2.2126505364936127,-1.1335201721277162,0.8827044503307264,0.0501325236516369,2.5454926898097736,0.1302775077021985,1.7295117190913198
30.0,120.0,207.52395629882807,-1.0172369141889488,0.5097226488719611,-3.674337809841004,-2.8353189978585056,-1.3644168602548383,0.7515932251121955,-0.0172059671688819,2.580125632767812,0.2261450789481383,2.063133829032119
30.0,120.0,133.20343017578125,0.0059583354965633,1.5902640160248669,-2.461290828426052,-2.18080671813004,-1.1129966985105932,0.8743852281983417,0.0625038950898948,2.549993838171164,0.1288943139854701,1.8580455115735897
30.0,120.0,217.03973388671875,-0.1405600031966605,1.169851341558746,-2.7820637285419467,-2.65281235814957,-1.3232830357714078,0.9180883091289352,-0.0419884413412701,2.478564466063779,0.1619277690092773,2.1763345793213724
30.0,120.0,144.89158630371094,0.1150223345244207,1.5739951141981128,-2.4960556497845507,-2.243569084492677,-1.134173358887532,0.8734621103454546,0.0433931816097666,2.5299249371818613,0.1887144753836011,1.983300702471318
30.0,120.0,220.53668212890625,-1.2171966783311097,0.4756538204269566,-3.473961005955754,-3.088961056374514,-1.704597891261704,0.4920041034137272,-0.0918239354140258,2.562499878329205,0.3992523830963432,2.654374933471221
30.0,120.0,136.08425903320312,-0.0682721095897578,1.548624168567114,-2.5339236573194226,-2.202642802136203,-1.1750163584386493,0.8801795561288189,0.0701380345681251,2.5414660040956925,0.1318183691806977,1.845775932677727
30.0,120.0,245.9429931640625,-0.8483266135729868,0.6453986865434707,-3.506552371550096,-3.271625883978806,-2.56814784519429,0.2147286641374462,-0.1436646083617611,2.4296898910346845,0.2413711030766583,2.371772908737178
30.0,120.0,220.6161956787109,-0.9503927517081534,0.677458880081766,-3.4985466721108613,-3.1419557166689587,-2.6450864950941537,0.7657276416976995,-0.0800017667336136,2.591298282155937,0.2318220931468717,1.9778696258291708
30.0,120.0,209.95681762695312,-0.8546054761373488,0.5561256830121146,-3.5196763665523463,-2.9998356632825494,-1.6631055522139582,0.5872105304760162,-0.0307104087849592,2.588951662564981,0.2473229352094717,1.9606851088631445
30.0,120.0,198.1161651611328,-2.038243775065099,1.5493086873758664,-2.845738260058812,-2.791556400356753,-1.3545742485838108,0.7431300521504673,0.0653416799188597,2.5513340819415955,0.1909917097448164,1.910990100271098
30.0,120.0,205.4263153076172,-1.0610826982318322,0.7387432132212964,-3.5269101097837323,-2.588175478326636,-1.3746018730768372,0.7544874944278932,-0.0259144887775997,2.5909527780546773,0.210068459110206,2.063579531483645
30.0,120.0,172.61151123046875,-0.1592416640714551,1.3781854332006982,-2.842439873240012,-2.5781979073611363,-1.1858615648576751,0.8182413546845793,-0.0201786099424935,2.54670396876944,0.0844296178985597,1.767456241439366
30.0,120.0,131.92140197753906,-0.0353610756530009,1.5673462334055637,-2.4682744910364285,-2.1907999589054787,-1.1035912784603754,0.8778376682417087,0.0683840008420144,2.5581399457559493,0.1360707880856958,1.7505893172754718
30.0,120.0,131.89857482910156,-0.001048206556921,1.5929642425113266,-2.481783391346152,-2.170578223241184,-1.1281402030043544,0.868288012236614,0.0472761250561298,2.559997801360613,0.1311874794820613,1.6740406531643175
30.0,120.0,203.7299041748047,-1.4671963034076896,0.7718039591814964,-3.521820860113768,-2.7055890962796987,-1.3850800460590984,0.7492558679810841,0.0041742840984898,2.5864682179734686,0.2295821296873494,1.9406396168518183
30.0,120.0,240.0376892089844,-0.818985015422538,0.7325545795717203,-3.463958090524869,-3.1745869837099026,-1.9281247841715203,0.2058466922336207,-0.3766659363291286,2.6001316734345754,0.2265875295001577,2.1979228280822705
30.0,120.0,239.34703063964844,-0.5573109000134422,1.0820330890696988,-3.240952051214933,-3.640707829016172,-1.7737497179098791,0.4745016799634982,0.0314885242161033,2.6135288507269894,0.153150853889011,1.936260516662292
30.0,120.0,136.08956909179688,0.0708652089792416,1.676828101274026,-2.37126754950834,-2.1782873569233567,-1.1445261204721893,0.8587898770173823,0.0606893887487766,2.5538931769553552,0.1371270268844777,1.7832580657679804
30.0,120.0,133.12086486816406,-0.0185978819456747,1.596717018096805,-2.423044214752788,-2.1990631200598973,-1.1200372808063692,0.8952097661411785,0.0841613063734164,2.566399092186304,0.144011360198191,1.7834039878344117
30.0,120.0,260.75506591796875,-0.7235173814946477,0.2633142916060825,-3.729488048766044,-2.598819823759516,-1.5621266964312754,0.5837873023273118,-0.2228563854805409,2.2311934862750764,0.0184947537160842,1.5811522207979942
30.0,120.0,137.6033172607422,0.0734690339909855,1.6781441773893817,-2.5041835045846743,-2.205183084605744,-1.0845819559145051,0.9069838322752825,0.0703653972895518,2.576266717145413,0.1453986014804874,1.7718609973840391
30.0,120.0,209.853515625,-0.6115977473066232,0.7776220381257966,-3.835539989399004,-2.6171739805113914,-1.275521664933832,0.7366176474541036,-0.0458302544230463,2.584816162634513,0.2980722673261389,2.069972514370848
30.0,120.0,131.41119384765625,-0.0147623507889491,1.5842862478134834,-2.492203019910043,-2.182377807085342,-1.1176294240017577,0.8774441381484056,0.0511550270805041,2.5579323287591023,0.1310811902994772,1.7155566387516603
30.0,120.0,133.43218994140625,0.0370506773749017,1.589675992171499,-2.494453163613936,-2.196210394099296,-1.1016238519155452,0.8918402926150301,0.0458204725901497,2.5596959818794858,0.1338155881336527,1.7535231394386006
30.0,120.0,245.99302673339844,-0.7494604562313425,0.5827624451646062,-3.1978432976312727,-2.930434860001456,-2.589522757468941,0.4511330050359632,-0.2349149109541924,2.459352546895984,0.2558733024443547,1.86071018527782
30.0,120.0,210.119873046875,-0.7610068930568665,0.5642124147423887,-3.726421416211226,-2.7995431788777383,-1.3708891968054873,0.679066308131347,0.0234932080174868,2.5843400721228726,0.297657964549431,2.1950618999519365
30.0,120.0,135.3036346435547,-0.0096841831287342,1.5576741689508495,-2.533054868764167,-2.250450282815105,-1.1288782721054234,0.8464940076814618,0.0742595780056818,2.535444098815625,0.1544019942464529,1.8011904366194151
30.0,120.0,215.4642791748047,-0.619272128359899,1.0161821115856564,-3.392347947738536,-3.718930889608517,-1.3159031693529706,0.8296082231312336,0.0283507836533688,2.580653015910745,0.2883060967232943,2.043397947376025
30.0,120.0,205.575927734375,-0.8160173862793221,0.5906195673798553,-3.5501247184478806,-2.9220737949502533,-1.5276746941164658,0.7254873283981647,-0.0189028447691116,2.5943872451814447,0.2168908645567235,1.9760531472632008
30.0,120.0,138.71194458007812,-0.0708362691517604,1.5949948039524082,-2.4967222595499083,-2.1658146173084125,-1.0201242883003592,0.8748986778202814,0.0688848097293362,2.547513070176106,0.1676739553251537,1.7869465778264522
30.0,120.0,134.3700714111328,-0.0689789739237431,1.5751765161058888,-2.531163365076467,-2.2507063653885937,-1.1199307998578605,0.8667443501769972,0.082286444217526,2.557601845220334,0.1319990650133191,1.8058652564319624
30.0,120.0,141.73477172851562,-0.0157397650839973,1.506308069911931,-2.445069331546996,-2.139344944804368,-1.1083502514709624,0.8762153185260457,0.0853375713180889,2.589307245165192,0.2185603266094499,1.8161572945849
30.0,120.0,211.49984741210932,-0.6023430394608064,0.6862990325442788,-3.3371353581117207,-2.8851573211860253,-1.389844403508281,0.7960834819435386,-0.0731183203058278,2.570385485955568,0.1939850410112546,2.062637422407674
30.0,120.0,175.5164794921875,-0.1275727271565325,1.62339085304753,-2.615052946708969,-2.15967240363564,-1.267012019226854,0.970328846093216,0.1438623537754713,2.6245913870877176,0.1447551585615671,1.8515117902710128
30.0,120.0,135.9934844970703,0.0306746160903412,1.630728272204205,-2.452994334455136,-2.2177384679066288,-1.1748531251307175,0.7786265248366245,0.0706386248619924,2.546575635877142,0.1585119159435863,1.825865731113942
30.0,120.0,135.11524963378906,-0.054507864480546,1.542426450023746,-2.571400726830845,-2.2526586358272453,-1.1232792456101766,0.8713122450462728,0.0370966774437699,2.5437607174182544,0.1321442350921275,1.8384272040042349
30.0,120.0,137.79788208007812,-0.0320439573357102,1.604641101063467,-2.490151561600812,-2.2664146738162065,-1.1175528504715992,0.8387465334122182,0.1152818584369439,2.5584118088977124,0.1215632976113423,1.7016927120065852
30.0,120.0,158.2157745361328,-0.1197730161260821,1.4536773726598662,-2.54701832719291,-2.446660342135217,-1.114945675704669,0.854405829148761,0.0413069794990094,2.542261155235824,0.1449247749580094,1.876575994063209
30.0,121.0,214.22732543945312,-0.5709375357719852,0.6099977697356924,-3.140555826576952,-2.751540540879751,-1.5639863451240932,0.7150772700534826,-0.0298015949691891,2.517225884112829,0.2132561271602341,1.8995796105848937
30.0,121.0,201.4370574951172,-0.4540401323260987,0.8179070478135094,-3.314276906304189,-2.628539443785192,-1.3337882873665527,0.7127938785222587,-0.0269535484838654,2.590339428802196,0.2594558839508205,2.0689052243034824
30.0,121.0,131.32760620117188,-0.0138477676352566,1.5801238206622656,-2.464844970157015,-2.2001853369019515,-1.1145212562118412,0.8825863672742946,0.0482689153422356,2.5549206875055126,0.1283080732278719,1.7419780310718291
30.0,121.0,205.40724182128903,-1.2471719392371754,0.7338063691250966,-3.6956164114227614,-2.6893020048638974,-1.4361633841990469,0.7509499775402746,-0.0265320376388999,2.5844589496606782,0.2214973721181175,2.0621365244733765
30.0,121.0,203.2894897460937,-1.959170784239848,1.7808749259414065,-2.621076823328134,-2.538580411128057,-1.303279020384032,0.7399559009117076,-0.0134890833036735,2.541666245410128,0.1967308695834149,1.660602637408188
30.0,121.0,134.85916137695312,0.0006308279611463,1.550917339359574,-2.5450356024985195,-2.230294409570277,-1.1511926828077954,0.7978813762094201,0.043761605586442,2.575198839810496,0.1419797861739483,1.7253661416318722
30.0,121.0,131.7268829345703,-0.0220502561503575,1.574300858964988,-2.4841674715893305,-2.190891686406486,-1.1009740997148598,0.8760665298426482,0.0644845854744224,2.557750060637539,0.1315687325431195,1.7594655443629534
30.0,121.0,131.7421417236328,-0.0582953071118527,1.5863747926247802,-2.489444775902408,-2.199686807958399,-1.1163000076730247,0.8876243006604948,0.0697763403582965,2.5626518438403325,0.13699454481731,1.7816696243448145
30.0,121.0,203.4140472412109,-0.5678473708618155,0.7799693007154738,-3.6749830968560486,-2.725391649065348,-1.3797502672892723,0.7480700850134762,-0.0265029683648772,2.586302994710479,0.2283338142204806,2.0667280186433774
30.0,121.0,217.80987548828125,-0.7399219093249991,0.6265199654248446,-3.3812386568411683,-3.115740592719888,-2.4970438835882924,0.4187495791001843,-0.1164287251613381,2.541142812644273,0.2703581298861386,2.0687642066891287
30.0,121.0,201.7044219970703,-0.6552952230338768,0.789537644755984,-3.131677153117997,-2.725862189701337,-1.327890814222953,0.7257755438118074,-0.0264966475501739,2.5879562114865826,0.2411740536822892,2.06908069814025
30.0,121.0,131.37120056152344,-0.0146828711159404,1.581958837204413,-2.490982797017945,-2.197206767596966,-1.1046267824677771,0.8830428277731855,0.0496442128288553,2.55922802988805,0.1269094300655397,1.7437170018247607
30.0,121.0,207.52395629882807,-1.0172369141889488,0.5097226488719611,-3.674337809841004,-2.8353189978585056,-1.3644168602548383,0.7515932251121955,-0.0172059671688819,2.580125632767812,0.2261450789481383,2.063133829032119
30.0,121.0,131.76429748535156,-0.0377805657169989,1.578447160668725,-2.46334768304543,-2.1906015964701377,-1.1102323986068368,0.8790860120676334,0.0722967116701219,2.558371371625222,0.1280706618705115,1.7062767324265031
30.0,121.0,217.03973388671875,-0.1405600031966605,1.169851341558746,-2.7820637285419467,-2.65281235814957,-1.3232830357714078,0.9180883091289352,-0.0419884413412701,2.478564466063779,0.1619277690092773,2.1763345793213724
30.0,121.0,133.33116149902344,-0.008169531555523,1.568000337401074,-2.5061634845210423,-2.245851259409636,-1.1033423516970915,0.8769686080162078,0.0300595647032052,2.5702795513287,0.1285966705325331,1.6874070343930254
30.0,121.0,220.53668212890625,-1.2171966783311097,0.4756538204269566,-3.473961005955754,-3.088961056374514,-1.704597891261704,0.4920041034137272,-0.0918239354140258,2.562499878329205,0.3992523830963432,2.654374933471221
30.0,121.0,136.08425903320312,-0.0682721095897578,1.548624168567114,-2.5339236573194226,-2.202642802136203,-1.1750163584386493,0.8801795561288189,0.0701380345681251,2.5414660040956925,0.1318183691806977,1.845775932677727
30.0,121.0,245.9429931640625,-0.8483266135729868,0.6453986865434707,-3.506552371550096,-3.271625883978806,-2.56814784519429,0.2147286641374462,-0.1436646083617611,2.4296898910346845,0.2413711030766583,2.371772908737178
30.0,121.0,220.6161956787109,-0.9503927517081534,0.677458880081766,-3.4985466721108613,-3.1419557166689587,-2.6450864950941537,0.7657276416976995,-0.0800017667336136,2.591298282155937,0.2318220931468717,1.9778696258291708
30.0,121.0,209.95681762695312,-0.8546054761373488,0.5561256830121146,-3.5196763665523463,-2.9998356632825494,-1.6631055522139582,0.5872105304760162,-0.0307104087849592,2.588951662564981,0.2473229352094717,1.9606851088631445
30.0,121.0,198.1161651611328,-2.038243775065099,1.5493086873758664,-2.845738260058812,-2.791556400356753,-1.3545742485838108,0.7431300521504673,0.0653416799188597,2.5513340819415955,0.1909917097448164,1.910990100271098
30.0,121.0,205.4263153076172,-1.0610826982318322,0.7387432132212964,-3.5269101097837323,-2.588175478326636,-1.3746018730768372,0.7544874944278932,-0.0259144887775997,2.5909527780546773,0.210068459110206,2.063579531483645
30.0,121.0,172.61151123046875,-0.1592416640714551,1.3781854332006982,-2.842439873240012,-2.5781979073611363,-1.1858615648576751,0.8182413546845793,-0.0201786099424935,2.54670396876944,0.0844296178985597,1.767456241439366
30.0,121.0,131.92140197753906,-0.0353610756530009,1.5673462334055637,-2.4682744910364285,-2.1907999589054787,-1.1035912784603754,0.8778376682417087,0.0683840008420144,2.5581399457559493,0.1360707880856958,1.7505893172754718
30.0,121.0,131.0581817626953,-0.0237856950168128,1.592311938135244,-2.4776814039113724,-2.180229294909255,-1.0974295908565586,0.8812742317247277,0.0482346083441795,2.5614352304876364,0.1355746664708585,1.742250361857216
30.0,121.0,203.7299041748047,-1.4671963034076896,0.7718039591814964,-3.521820860113768,-2.7055890962796987,-1.3850800460590984,0.7492558679810841,0.0041742840984898,2.5864682179734686,0.2295821296873494,1.9406396168518183
30.0,121.0,240.0376892089844,-0.818985015422538,0.7325545795717203,-3.463958090524869,-3.1745869837099026,-1.9281247841715203,0.2058466922336207,-0.3766659363291286,2.6001316734345754,0.2265875295001577,2.1979228280822705
30.0,121.0,239.34703063964844,-0.5573109000134422,1.0820330890696988,-3.240952051214933,-3.640707829016172,-1.7737497179098791,0.4745016799634982,0.0314885242161033,2.6135288507269894,0.153150853889011,1.936260516662292
30.0,121.0,136.08956909179688,0.0708652089792416,1.676828101274026,-2.37126754950834,-2.1782873569233567,-1.1445261204721893,0.8587898770173823,0.0606893887487766,2.5538931769553552,0.1371270268844777,1.7832580657679804
30.0,121.0,133.12086486816406,-0.0185978819456747,1.596717018096805,-2.423044214752788,-2.1990631200598973,-1.1200372808063692,0.8952097661411785,0.0841613063734164,2.566399092186304,0.144011360198191,1.7834039878344117
30.0,121.0,260.75506591796875,-0.7235173814946477,0.2633142916060825,-3.729488048766044,-2.598819823759516,-1.5621266964312754,0.5837873023273118,-0.2228563854805409,2.2311934862750764,0.0184947537160842,1.5811522207979942
30.0,121.0,137.6033172607422,0.0734690339909855,1.6781441773893817,-2.5041835045846743,-2.205183084605744,-1.0845819559145051,0.9069838322752825,0.0703653972895518,2.576266717145413,0.1453986014804874,1.7718609973840391
30.0,121.0,209.853515625,-0.6115977473066232,0.7776220381257966,-3.835539989399004,-2.6171739805113914,-1.275521664933832,0.7366176474541036,-0.0458302544230463,2.584816162634513,0.2980722673261389,2.069972514370848
30.0,121.0,131.41119384765625,-0.0147623507889491,1.5842862478134834,-2.492203019910043,-2.182377807085342,-1.1176294240017577,0.8774441381484056,0.0511550270805041,2.5579323287591023,0.1310811902994772,1.7155566387516603
30.0,121.0,133.43218994140625,0.0370506773749017,1.589675992171499,-2.494453163613936,-2.196210394099296,-1.1016238519155452,0.8918402926150301,0.0458204725901497,2.5596959818794858,0.1338155881336527,1.7535231394386006
30.0,121.0,245.99302673339844,-0.7494604562313425,0.5827624451646062,-3.1978432976312727,-2.930434860001456,-2.589522757468941,0.4511330050359632,-0.2349149109541924,2.459352546895984,0.2558733024443547,1.86071018527782
30.0,121.0,210.119873046875,-0.7610068930568665,0.5642124147423887,-3.726421416211226,-2.7995431788777383,-1.3708891968054873,0.679066308131347,0.0234932080174868,2.5843400721228726,0.297657964549431,2.1950618999519365
30.0,121.0,135.3036346435547,-0.0096841831287342,1.5576741689508495,-2.533054868764167,-2.250450282815105,-1.1288782721054234,0.8464940076814618,0.0742595780056818,2.535444098815625,0.1544019942464529,1.8011904366194151
30.0,121.0,215.4642791748047,-0.619272128359899,1.0161821115856564,-3.392347947738536,-3.718930889608517,-1.3159031693529706,0.8296082231312336,0.0283507836533688,2.580653015910745,0.2883060967232943,2.043397947376025
30.0,121.0,205.575927734375,-0.8160173862793221,0.5906195673798553,-3.5501247184478806,-2.9220737949502533,-1.5276746941164658,0.7254873283981647,-0.0189028447691116,2.5943872451814447,0.2168908645567235,1.9760531472632008
30.0,121.0,138.71194458007812,-0.0708362691517604,1.5949948039524082,-2.4967222595499083,-2.1658146173084125,-1.0201242883003592,0.8748986778202814,0.0688848097293362,2.547513070176106,0.1676739553251537,1.7869465778264522
30.0,121.0,134.3700714111328,-0.0689789739237431,1.5751765161058888,-2.531163365076467,-2.2507063653885937,-1.1199307998578605,0.8667443501769972,0.082286444217526,2.557601845220334,0.1319990650133191,1.8058652564319624
30.0,121.0,140.80836486816406,-0.0123330293858242,1.5302457800650222,-2.4642279302727497,-2.283978827053827,-1.0920451889154643,0.8800262660999565,0.0719222074725027,2.572813454221325,0.1342625634078968,1.851124772975809
30.0,121.0,211.49984741210932,-0.6023430394608064,0.6862990325442788,-3.3371353581117207,-2.8851573211860253,-1.389844403508281,0.7960834819435386,-0.0731183203058278,2.570385485955568,0.1939850410112546,2.062637422407674
30.0,121.0,175.5164794921875,-0.1275727271565325,1.62339085304753,-2.615052946708969,-2.15967240363564,-1.267012019226854,0.970328846093216,0.1438623537754713,2.6245913870877176,0.1447551585615671,1.8515117902710128
30.0,121.0,135.9934844970703,0.0306746160903412,1.630728272204205,-2.452994334455136,-2.2177384679066288,-1.1748531251307175,0.7786265248366245,0.0706386248619924,2.546575635877142,0.1585119159435863,1.825865731113942
30.0,121.0,135.11524963378906,-0.054507864480546,1.542426450023746,-2.571400726830845,-2.2526586358272453,-1.1232792456101766,0.8713122450462728,0.0370966774437699,2.5437607174182544,0.1321442350921275,1.8384272040042349
30.0,121.0,137.79788208007812,-0.0320439573357102,1.604641101063467,-2.490151561600812,-2.2664146738162065,-1.1175528504715992,0.8387465334122182,0.1152818584369439,2.5584118088977124,0.1215632976113423,1.7016927120065852
30.0,121.0,158.2157745361328,-0.1197730161260821,1.4536773726598662,-2.54701832719291,-2.446660342135217,-1.114945675704669,0.854405829148761,0.0413069794990094,2.542261155235824,0.1449247749580094,1.876575994063209
30.0,122.0,214.22732543945312,-0.5709375357719852,0.6099977697356924,-3.140555826576952,-2.751540540879751,-1.5639863451240932,0.7150772700534826,-0.0298015949691891,2.517225884112829,0.2132561271602341,1.8995796105848937
30.0,122.0,201.4370574951172,-0.4540401323260987,0.8179070478135094,-3.314276906304189,-2.628539443785192,-1.3337882873665527,0.7127938785222587,-0.0269535484838654,2.590339428802196,0.2594558839508205,2.0689052243034824
30.0,122.0,131.32760620117188,-0.0138477676352566,1.5801238206622656,-2.464844970157015,-2.2001853369019515,-1.1145212562118412,0.8825863672742946,0.0482689153422356,2.5549206875055126,0.1283080732278719,1.7419780310718291
30.0,122.0,205.40724182128903,-1.2471719392371754,0.7338063691250966,-3.6956164114227614,-2.6893020048638974,-1.4361633841990469,0.7509499775402746,-0.0265320376388999,2.5844589496606782,0.2214973721181175,2.0621365244733765
30.0,122.0,203.2894897460937,-1.959170784239848,1.7808749259414065,-2.621076823328134,-2.538580411128057,-1.303279020384032,0.7399559009117076,-0.0134890833036735,2.541666245410128,0.1967308695834149,1.660602637408188
30.0,122.0,134.85916137695312,0.0006308279611463,1.550917339359574,-2.5450356024985195,-2.230294409570277,-1.1511926828077954,0.7978813762094201,0.043761605586442,2.575198839810496,0.1419797861739483,1.7253661416318722
30.0,122.0,131.50111389160156,-0.0246334983524676,1.5894284478106433,-2.4922116892428656,-2.177766433166122,-1.1088363481985972,0.8751480611688212,0.0245910133386471,2.5641441542792736,0.1413523537145188,1.7207404918708709
30.0,122.0,131.7421417236328,-0.0582953071118527,1.5863747926247802,-2.489444775902408,-2.199686807958399,-1.1163000076730247,0.8876243006604948,0.0697763403582965,2.5626518438403325,0.13699454481731,1.7816696243448145
30.0,122.0,189.8971405029297,-0.1405292025412786,1.7033979438090308,-2.524313211938222,-2.287242637165854,-1.447504988022916,0.6167682713394497,-0.0335969687734852,2.5434630684806177,0.1792906129115863,1.4818427283199904
30.0,122.0,217.80987548828125,-0.7399219093249991,0.6265199654248446,-3.3812386568411683,-3.115740592719888,-2.4970438835882924,0.4187495791001843,-0.1164287251613381,2.541142812644273,0.2703581298861386,2.0687642066891287
30.0,122.0,201.7044219970703,-0.6552952230338768,0.789537644755984,-3.131677153117997,-2.725862189701337,-1.327890814222953,0.7257755438118074,-0.0264966475501739,2.5879562114865826,0.2411740536822892,2.06908069814025
30.0,122.0,131.37120056152344,-0.0146828711159404,1.581958837204413,-2.490982797017945,-2.197206767596966,-1.1046267824677771,0.8830428277731855,0.0496442128288553,2.55922802988805,0.1269094300655397,1.7437170018247607
30.0,122.0,207.52395629882807,-1.0172369141889488,0.5097226488719611,-3.674337809841004,-2.8353189978585056,-1.3644168602548383,0.7515932251121955,-0.0172059671688819,2.580125632767812,0.2261450789481383,2.063133829032119
30.0,122.0,131.5785675048828,-0.0399815099732549,1.5903114726702938,-2.4695675820915683,-2.194075631408451,-1.088079403974274,0.8832160424791048,0.0416139715858297,2.565394159274168,0.1355791494363507,1.7036449825050548
30.0,122.0,217.03973388671875,-0.1405600031966605,1.169851341558746,-2.7820637285419467,-2.65281235814957,-1.3232830357714078,0.9180883091289352,-0.0419884413412701,2.478564466063779,0.1619277690092773,2.1763345793213724
30.0,122.0,133.33116149902344,-0.008169531555523,1.568000337401074,-2.5061634845210423,-2.245851259409636,-1.1033423516970915,0.8769686080162078,0.0300595647032052,2.5702795513287,0.1285966705325331,1.6874070343930254
30.0,122.0,220.53668212890625,-1.2171966783311097,0.4756538204269566,-3.473961005955754,-3.088961056374514,-1.704597891261704,0.4920041034137272,-0.0918239354140258,2.562499878329205,0.3992523830963432,2.654374933471221
30.0,122.0,136.08425903320312,-0.0682721095897578,1.548624168567114,-2.5339236573194226,-2.202642802136203,-1.1750163584386493,0.8801795561288189,0.0701380345681251,2.5414660040956925,0.1318183691806977,1.845775932677727
30.0,122.0,245.9429931640625,-0.8483266135729868,0.6453986865434707,-3.506552371550096,-3.271625883978806,-2.56814784519429,0.2147286641374462,-0.1436646083617611,2.4296898910346845,0.2413711030766583,2.371772908737178
30.0,122.0,220.6161956787109,-0.9503927517081534,0.677458880081766,-3.4985466721108613,-3.1419557166689587,-2.6450864950941537,0.7657276416976995,-0.0800017667336136,2.591298282155937,0.2318220931468717,1.9778696258291708
30.0,122.0,209.95681762695312,-0.8546054761373488,0.5561256830121146,-3.5196763665523463,-2.9998356632825494,-1.6631055522139582,0.5872105304760162,-0.0307104087849592,2.588951662564981,0.2473229352094717,1.9606851088631445
30.0,122.0,198.1161651611328,-2.038243775065099,1.5493086873758664,-2.845738260058812,-2.791556400356753,-1.3545742485838108,0.7431300521504673,0.0653416799188597,2.5513340819415955,0.1909917097448164,1.910990100271098
30.0,122.0,205.4263153076172,-1.0610826982318322,0.7387432132212964,-3.5269101097837323,-2.588175478326636,-1.3746018730768372,0.7544874944278932,-0.0259144887775997,2.5909527780546773,0.210068459110206,2.063579531483645
30.0,122.0,172.61151123046875,-0.1592416640714551,1.3781854332006982,-2.842439873240012,-2.5781979073611363,-1.1858615648576751,0.8182413546845793,-0.0201786099424935,2.54670396876944,0.0844296178985597,1.767456241439366
30.0,122.0,131.92140197753906,-0.0353610756530009,1.5673462334055637,-2.4682744910364285,-2.1907999589054787,-1.1035912784603754,0.8778376682417087,0.0683840008420144,2.5581399457559493,0.1360707880856958,1.7505893172754718
30.0,122.0,131.0581817626953,-0.0237856950168128,1.592311938135244,-2.4776814039113724,-2.180229294909255,-1.0974295908565586,0.8812742317247277,0.0482346083441795,2.5614352304876364,0.1355746664708585,1.742250361857216
30.0,122.0,203.7299041748047,-1.4671963034076896,0.7718039591814964,-3.521820860113768,-2.7055890962796987,-1.3850800460590984,0.7492558679810841,0.0041742840984898,2.5864682179734686,0.2295821296873494,1.9406396168518183
30.0,122.0,240.0376892089844,-0.818985015422538,0.7325545795717203,-3.463958090524869,-3.1745869837099026,-1.9281247841715203,0.2058466922336207,-0.3766659363291286,2.6001316734345754,0.2265875295001577,2.1979228280822705
30.0,122.0,239.34703063964844,-0.5573109000134422,1.0820330890696988,-3.240952051214933,-3.640707829016172,-1.7737497179098791,0.4745016799634982,0.0314885242161033,2.6135288507269894,0.153150853889011,1.936260516662292
30.0,122.0,136.08956909179688,0.0708652089792416,1.676828101274026,-2.37126754950834,-2.1782873569233567,-1.1445261204721893,0.8587898770173823,0.0606893887487766,2.5538931769553552,0.1371270268844777,1.7832580657679804
30.0,122.0,133.12086486816406,-0.0185978819456747,1.596717018096805,-2.423044214752788,-2.1990631200598973,-1.1200372808063692,0.8952097661411785,0.0841613063734164,2.566399092186304,0.144011360198191,1.7834039878344117
30.0,122.0,260.75506591796875,-0.7235173814946477,0.2633142916060825,-3.729488048766044,-2.598819823759516,-1.5621266964312754,0.5837873023273118,-0.2228563854805409,2.2311934862750764,0.0184947537160842,1.5811522207979942
30.0,122.0,137.6033172607422,0.0734690339909855,1.6781441773893817,-2.5041835045846743,-2.205183084605744,-1.0845819559145051,0.9069838322752825,0.0703653972895518,2.576266717145413,0.1453986014804874,1.7718609973840391
30.0,122.0,209.853515625,-0.6115977473066232,0.7776220381257966,-3.835539989399004,-2.6171739805113914,-1.275521664933832,0.7366176474541036,-0.0458302544230463,2.584816162634513,0.2980722673261389,2.069972514370848
30.0,122.0,131.41119384765625,-0.0147623507889491,1.5842862478134834,-2.492203019910043,-2.182377807085342,-1.1176294240017577,0.8774441381484056,0.0511550270805041,2.5579323287591023,0.1310811902994772,1.7155566387516603
30.0,122.0,131.87115478515625,-0.0515245728357122,1.6018748951501978,-2.489816585481594,-2.211708503541276,-1.0939183048060934,0.87876128438544,0.0598752334075474,2.5619218262473127,0.1342886868619843,1.7683854618856805
30.0,122.0,245.99302673339844,-0.7494604562313425,0.5827624451646062,-3.1978432976312727,-2.930434860001456,-2.589522757468941,0.4511330050359632,-0.2349149109541924,2.459352546895984,0.2558733024443547,1.86071018527782
30.0,122.0,210.119873046875,-0.7610068930568665,0.5642124147423887,-3.726421416211226,-2.7995431788777383,-1.3708891968054873,0.679066308131347,0.0234932080174868,2.5843400721228726,0.297657964549431,2.1950618999519365
30.0,122.0,135.3036346435547,-0.0096841831287342,1.5576741689508495,-2.533054868764167,-2.250450282815105,-1.1288782721054234,0.8464940076814618,0.0742595780056818,2.535444098815625,0.1544019942464529,1.8011904366194151
30.0,122.0,215.4642791748047,-0.619272128359899,1.0161821115856564,-3.392347947738536,-3.718930889608517,-1.3159031693529706,0.8296082231312336,0.0283507836533688,2.580653015910745,0.2883060967232943,2.043397947376025
30.0,122.0,205.575927734375,-0.8160173862793221,0.5906195673798553,-3.5501247184478806,-2.9220737949502533,-1.5276746941164658,0.7254873283981647,-0.0189028447691116,2.5943872451814447,0.2168908645567235,1.9760531472632008
30.0,122.0,138.71194458007812,-0.0708362691517604,1.5949948039524082,-2.4967222595499083,-2.1658146173084125,-1.0201242883003592,0.8748986778202814,0.0688848097293362,2.547513070176106,0.1676739553251537,1.7869465778264522
30.0,122.0,134.3700714111328,-0.0689789739237431,1.5751765161058888,-2.531163365076467,-2.2507063653885937,-1.1199307998578605,0.8667443501769972,0.082286444217526,2.557601845220334,0.1319990650133191,1.8058652564319624
30.0,122.0,140.80836486816406,-0.0123330293858242,1.5302457800650222,-2.4642279302727497,-2.283978827053827,-1.0920451889154643,0.8800262660999565,0.0719222074725027,2.572813454221325,0.1342625634078968,1.851124772975809
30.0,122.0,211.49984741210932,-0.6023430394608064,0.6862990325442788,-3.3371353581117207,-2.8851573211860253,-1.389844403508281,0.7960834819435386,-0.0731183203058278,2.570385485955568,0.1939850410112546,2.062637422407674
30.0,122.0,175.5164794921875,-0.1275727271565325,1.62339085304753,-2.615052946708969,-2.15967240363564,-1.267012019226854,0.970328846093216,0.1438623537754713,2.6245913870877176,0.1447551585615671,1.8515117902710128
30.0,122.0,135.9934844970703,0.0306746160903412,1.630728272204205,-2.452994334455136,-2.2177384679066288,-1.1748531251307175,0.7786265248366245,0.0706386248619924,2.546575635877142,0.1585119159435863,1.825865731113942
30.0,122.0,135.11524963378906,-0.054507864480546,1.542426450023746,-2.571400726830845,-2.2526586358272453,-1.1232792456101766,0.8713122450462728,0.0370966774437699,2.5437607174182544,0.1321442350921275,1.8384272040042349
30.0,122.0,137.79788208007812,-0.0320439573357102,1.604641101063467,-2.490151561600812,-2.2664146738162065,-1.1175528504715992,0.8387465334122182,0.1152818584369439,2.5584118088977124,0.1215632976113423,1.7016927120065852
30.0,122.0,141.78997802734375,-0.0687237660310815,1.677632594383966,-2.541311444640445,-2.162205224012881,-1.093702945351364,0.8535446856753296,0.0425356572843124,2.5632168137910365,0.144277014231849,1.84494288078585
30.0,123.0,214.22732543945312,-0.5709375357719852,0.6099977697356924,-3.140555826576952,-2.751540540879751,-1.5639863451240932,0.7150772700534826,-0.0298015949691891,2.517225884112829,0.2132561271602341,1.8995796105848937
30.0,123.0,201.4370574951172,-0.4540401323260987,0.8179070478135094,-3.314276906304189,-2.628539443785192,-1.3337882873665527,0.7127938785222587,-0.0269535484838654,2.590339428802196,0.2594558839508205,2.0689052243034824
30.0,123.0,131.32760620117188,-0.0138477676352566,1.5801238206622656,-2.464844970157015,-2.2001853369019515,-1.1145212562118412,0.8825863672742946,0.0482689153422356,2.5549206875055126,0.1283080732278719,1.7419780310718291
30.0,123.0,205.40724182128903,-1.2471719392371754,0.7338063691250966,-3.6956164114227614,-2.6893020048638974,-1.4361633841990469,0.7509499775402746,-0.0265320376388999,2.5844589496606782,0.2214973721181175,2.0621365244733765
30.0,123.0,203.2894897460937,-1.959170784239848,1.7808749259414065,-2.621076823328134,-2.538580411128057,-1.303279020384032,0.7399559009117076,-0.0134890833036735,2.541666245410128,0.1967308695834149,1.660602637408188
30.0,123.0,134.85916137695312,0.0006308279611463,1.550917339359574,-2.5450356024985195,-2.230294409570277,-1.1511926828077954,0.7978813762094201,0.043761605586442,2.575198839810496,0.1419797861739483,1.7253661416318722
30.0,123.0,131.50111389160156,-0.0246334983524676,1.5894284478106433,-2.4922116892428656,-2.177766433166122,-1.1088363481985972,0.8751480611688212,0.0245910133386471,2.5641441542792736,0.1413523537145188,1.7207404918708709
30.0,123.0,131.7421417236328,-0.0582953071118527,1.5863747926247802,-2.489444775902408,-2.199686807958399,-1.1163000076730247,0.8876243006604948,0.0697763403582965,2.5626518438403325,0.13699454481731,1.7816696243448145
30.0,123.0,189.8971405029297,-0.1405292025412786,1.7033979438090308,-2.524313211938222,-2.287242637165854,-1.447504988022916,0.6167682713394497,-0.0335969687734852,2.5434630684806177,0.1792906129115863,1.4818427283199904
30.0,123.0,217.80987548828125,-0.7399219093249991,0.6265199654248446,-3.3812386568411683,-3.115740592719888,-2.4970438835882924,0.4187495791001843,-0.1164287251613381,2.541142812644273,0.2703581298861386,2.0687642066891287
30.0,123.0,201.7044219970703,-0.6552952230338768,0.789537644755984,-3.131677153117997,-2.725862189701337,-1.327890814222953,0.7257755438118074,-0.0264966475501739,2.5879562114865826,0.2411740536822892,2.06908069814025
30.0,123.0,131.37120056152344,-0.0146828711159404,1.581958837204413,-2.490982797017945,-2.197206767596966,-1.1046267824677771,0.8830428277731855,0.0496442128288553,2.55922802988805,0.1269094300655397,1.7437170018247607
30.0,123.0,207.52395629882807,-1.0172369141889488,0.5097226488719611,-3.674337809841004,-2.8353189978585056,-1.3644168602548383,0.7515932251121955,-0.0172059671688819,2.580125632767812,0.2261450789481383,2.063133829032119
30.0,123.0,131.4821319580078,-0.0133322645114816,1.5967184609171146,-2.4852660578656653,-2.1759111420131894,-1.0889919077812906,0.8845490016487255,0.0392824952971006,2.56691045085422,0.1386571023185526,1.748781271302498
30.0,123.0,217.03973388671875,-0.1405600031966605,1.169851341558746,-2.7820637285419467,-2.65281235814957,-1.3232830357714078,0.9180883091289352,-0.0419884413412701,2.478564466063779,0.1619277690092773,2.1763345793213724
30.0,123.0,133.33116149902344,-0.008169531555523,1.568000337401074,-2.5061634845210423,-2.245851259409636,-1.1033423516970915,0.8769686080162078,0.0300595647032052,2.5702795513287,0.1285966705325331,1.6874070343930254
30.0,123.0,220.53668212890625,-1.2171966783311097,0.4756538204269566,-3.473961005955754,-3.088961056374514,-1.704597891261704,0.4920041034137272,-0.0918239354140258,2.562499878329205,0.3992523830963432,2.654374933471221
30.0,123.0,136.08425903320312,-0.0682721095897578,1.548624168567114,-2.5339236573194226,-2.202642802136203,-1.1750163584386493,0.8801795561288189,0.0701380345681251,2.5414660040956925,0.1318183691806977,1.845775932677727
30.0,123.0,245.9429931640625,-0.8483266135729868,0.6453986865434707,-3.506552371550096,-3.271625883978806,-2.56814784519429,0.2147286641374462,-0.1436646083617611,2.4296898910346845,0.2413711030766583,2.371772908737178
30.0,123.0,220.6161956787109,-0.9503927517081534,0.677458880081766,-3.4985466721108613,-3.1419557166689587,-2.6450864950941537,0.7657276416976995,-0.0800017667336136,2.591298282155937,0.2318220931468717,1.9778696258291708
30.0,123.0,209.95681762695312,-0.8546054761373488,0.5561256830121146,-3.5196763665523463,-2.9998356632825494,-1.6631055522139582,0.5872105304760162,-0.0307104087849592,2.588951662564981,0.2473229352094717,1.9606851088631445
30.0,123.0,198.1161651611328,-2.038243775065099,1.5493086873758664,-2.845738260058812,-2.791556400356753,-1.3545742485838108,0.7431300521504673,0.0653416799188597,2.5513340819415955,0.1909917097448164,1.910990100271098
30.0,123.0,205.4263153076172,-1.0610826982318322,0.7387432132212964,-3.5269101097837323,-2.588175478326636,-1.3746018730768372,0.7544874944278932,-0.0259144887775997,2.5909527780546773,0.210068459110206,2.063579531483645
30.0,123.0,172.61151123046875,-0.1592416640714551,1.3781854332006982,-2.842439873240012,-2.5781979073611363,-1.1858615648576751,0.8182413546845793,-0.0201786099424935,2.54670396876944,0.0844296178985597,1.767456241439366
30.0,123.0,131.92140197753906,-0.0353610756530009,1.5673462334055637,-2.4682744910364285,-2.1907999589054787,-1.1035912784603754,0.8778376682417087,0.0683840008420144,2.5581399457559493,0.1360707880856958,1.7505893172754718
30.0,123.0,131.0581817626953,-0.0237856950168128,1.592311938135244,-2.4776814039113724,-2.180229294909255,-1.0974295908565586,0.8812742317247277,0.0482346083441795,2.5614352304876364,0.1355746664708585,1.742250361857216
30.0,123.0,203.7299041748047,-1.4671963034076896,0.7718039591814964,-3.521820860113768,-2.7055890962796987,-1.3850800460590984,0.7492558679810841,0.0041742840984898,2.5864682179734686,0.2295821296873494,1.9406396168518183
30.0,123.0,240.0376892089844,-0.818985015422538,0.7325545795717203,-3.463958090524869,-3.1745869837099026,-1.9281247841715203,0.2058466922336207,-0.3766659363291286,2.6001316734345754,0.2265875295001577,2.1979228280822705
30.0,123.0,239.34703063964844,-0.5573109000134422,1.0820330890696988,-3.240952051214933,-3.640707829016172,-1.7737497179098791,0.4745016799634982,0.0314885242161033,2.6135288507269894,0.153150853889011,1.936260516662292
30.0,123.0,132.6175994873047,0.0343930072846318,1.6155289219344118,-2.486248883394332,-2.2092454971848525,-1.117678648848581,0.864836629326254,0.0530339405032813,2.551418951546099,0.11652392850324,1.7754203122286358
30.0,123.0,133.12086486816406,-0.0185978819456747,1.596717018096805,-2.423044214752788,-2.1990631200598973,-1.1200372808063692,0.8952097661411785,0.0841613063734164,2.566399092186304,0.144011360198191,1.7834039878344117
30.0,123.0,260.75506591796875,-0.7235173814946477,0.2633142916060825,-3.729488048766044,-2.598819823759516,-1.5621266964312754,0.5837873023273118,-0.2228563854805409,2.2311934862750764,0.0184947537160842,1.5811522207979942
30.0,123.0,137.6033172607422,0.0734690339909855,1.6781441773893817,-2.5041835045846743,-2.205183084605744,-1.0845819559145051,0.9069838322752825,0.0703653972895518,2.576266717145413,0.1453986014804874,1.7718609973840391
30.0,123.0,209.853515625,-0.6115977473066232,0.7776220381257966,-3.835539989399004,-2.6171739805113914,-1.275521664933832,0.7366176474541036,-0.0458302544230463,2.584816162634513,0.2980722673261389,2.069972514370848
30.0,123.0,131.41119384765625,-0.0147623507889491,1.5842862478134834,-2.492203019910043,-2.182377807085342,-1.1176294240017577,0.8774441381484056,0.0511550270805041,2.5579323287591023,0.1310811902994772,1.7155566387516603
30.0,123.0,131.87115478515625,-0.0515245728357122,1.6018748951501978,-2.489816585481594,-2.211708503541276,-1.0939183048060934,0.87876128438544,0.0598752334075474,2.5619218262473127,0.1342886868619843,1.7683854618856805
30.0,123.0,245.99302673339844,-0.7494604562313425,0.5827624451646062,-3.1978432976312727,-2.930434860001456,-2.589522757468941,0.4511330050359632,-0.2349149109541924,2.459352546895984,0.2558733024443547,1.86071018527782
30.0,123.0,210.119873046875,-0.7610068930568665,0.5642124147423887,-3.726421416211226,-2.7995431788777383,-1.3708891968054873,0.679066308131347,0.0234932080174868,2.5843400721228726,0.297657964549431,2.1950618999519365
30.0,123.0,134.39039611816406,-0.0706760162031879,1.59599643429057,-2.5006533339238475,-2.1970689196721382,-1.118958315824904,0.9174195059504756,0.0260090757615888,2.5416715517354374,0.1243563080183625,1.793291140752502
30.0,123.0,215.4642791748047,-0.619272128359899,1.0161821115856564,-3.392347947738536,-3.718930889608517,-1.3159031693529706,0.8296082231312336,0.0283507836533688,2.580653015910745,0.2883060967232943,2.043397947376025
30.0,123.0,205.575927734375,-0.8160173862793221,0.5906195673798553,-3.5501247184478806,-2.9220737949502533,-1.5276746941164658,0.7254873283981647,-0.0189028447691116,2.5943872451814447,0.2168908645567235,1.9760531472632008
30.0,123.0,138.71194458007812,-0.0708362691517604,1.5949948039524082,-2.4967222595499083,-2.1658146173084125,-1.0201242883003592,0.8748986778202814,0.0688848097293362,2.547513070176106,0.1676739553251537,1.7869465778264522
30.0,123.0,134.3700714111328,-0.0689789739237431,1.5751765161058888,-2.531163365076467,-2.2507063653885937,-1.1199307998578605,0.8667443501769972,0.082286444217526,2.557601845220334,0.1319990650133191,1.8058652564319624
30.0,123.0,133.67115783691406,-0.0247357479661582,1.6057464879303078,-2.4501873885598804,-2.259597407943065,-1.1629832418739354,0.8805307145210934,0.0436901601511838,2.579434958545941,0.1258578675623793,1.7966400622047207
30.0,123.0,211.49984741210932,-0.6023430394608064,0.6862990325442788,-3.3371353581117207,-2.8851573211860253,-1.389844403508281,0.7960834819435386,-0.0731183203058278,2.570385485955568,0.1939850410112546,2.062637422407674
30.0,123.0,175.5164794921875,-0.1275727271565325,1.62339085304753,-2.615052946708969,-2.15967240363564,-1.267012019226854,0.970328846093216,0.1438623537754713,2.6245913870877176,0.1447551585615671,1.8515117902710128
30.0,123.0,135.9934844970703,0.0306746160903412,1.630728272204205,-2.452994334455136,-2.2177384679066288,-1.1748531251307175,0.7786265248366245,0.0706386248619924,2.546575635877142,0.1585119159435863,1.825865731113942
30.0,123.0,135.11524963378906,-0.054507864480546,1.542426450023746,-2.571400726830845,-2.2526586358272453,-1.1232792456101766,0.8713122450462728,0.0370966774437699,2.5437607174182544,0.1321442350921275,1.8384272040042349
30.0,123.0,137.79788208007812,-0.0320439573357102,1.604641101063467,-2.490151561600812,-2.2664146738162065,-1.1175528504715992,0.8387465334122182,0.1152818584369439,2.5584118088977124,0.1215632976113423,1.7016927120065852
30.0,123.0,141.78997802734375,-0.0687237660310815,1.677632594383966,-2.541311444640445,-2.162205224012881,-1.093702945351364,0.8535446856753296,0.0425356572843124,2.5632168137910365,0.144277014231849,1.84494288078585
30.0,124.0,214.22732543945312,-0.5709375357719852,0.6099977697356924,-3.140555826576952,-2.751540540879751,-1.5639863451240932,0.7150772700534826,-0.0298015949691891,2.517225884112829,0.2132561271602341,1.8995796105848937
30.0,124.0,201.4370574951172,-0.4540401323260987,0.8179070478135094,-3.314276906304189,-2.628539443785192,-1.3337882873665527,0.7127938785222587,-0.0269535484838654,2.590339428802196,0.2594558839508205,2.0689052243034824
30.0,124.0,131.32760620117188,-0.0138477676352566,1.5801238206622656,-2.464844970157015,-2.2001853369019515,-1.1145212562118412,0.8825863672742946,0.0482689153422356,2.5549206875055126,0.1283080732278719,1.7419780310718291
30.0,124.0,205.40724182128903,-1.2471719392371754,0.7338063691250966,-3.6956164114227614,-2.6893020048638974,-1.4361633841990469,0.7509499775402746,-0.0265320376388999,2.5844589496606782,0.2214973721181175,2.0621365244733765
30.0,124.0,203.2894897460937,-1.959170784239848,1.7808749259414065,-2.621076823328134,-2.538580411128057,-1.303279020384032,0.7399559009117076,-0.0134890833036735,2.541666245410128,0.1967308695834149,1.660602637408188
30.0,124.0,134.85916137695312,0.0006308279611463,1.550917339359574,-2.5450356024985195,-2.230294409570277,-1.1511926828077954,0.7978813762094201,0.043761605586442,2.575198839810496,0.1419797861739483,1.7253661416318722
30.0,124.0,131.29234313964844,-0.0292988435628628,1.5903191293991603,-2.474535023631585,-2.178791754548504,-1.1062768412720332,0.8838733233405248,0.0331911259184767,2.560286759440213,0.1383314190461202,1.7095663921340885
30.0,124.0,131.7421417236328,-0.0582953071118527,1.5863747926247802,-2.489444775902408,-2.199686807958399,-1.1163000076730247,0.8876243006604948,0.0697763403582965,2.5626518438403325,0.13699454481731,1.7816696243448145
30.0,124.0,189.8971405029297,-0.1405292025412786,1.7033979438090308,-2.524313211938222,-2.287242637165854,-1.447504988022916,0.6167682713394497,-0.0335969687734852,2.5434630684806177,0.1792906129115863,1.4818427283199904
30.0,124.0,217.80987548828125,-0.7399219093249991,0.6265199654248446,-3.3812386568411683,-3.115740592719888,-2.4970438835882924,0.4187495791001843,-0.1164287251613381,2.541142812644273,0.2703581298861386,2.0687642066891287
30.0,124.0,201.7044219970703,-0.6552952230338768,0.789537644755984,-3.131677153117997,-2.725862189701337,-1.327890814222953,0.7257755438118074,-0.0264966475501739,2.5879562114865826,0.2411740536822892,2.06908069814025
30.0,124.0,131.3538360595703,-0.0277029839365163,1.5791674291886206,-2.480814465281913,-2.2003155276739945,-1.101853626877812,0.8839061317833686,0.049138779334048,2.5574805856430243,0.1220119626895463,1.751016209778722
30.0,124.0,207.52395629882807,-1.0172369141889488,0.5097226488719611,-3.674337809841004,-2.8353189978585056,-1.3644168602548383,0.7515932251121955,-0.0172059671688819,2.580125632767812,0.2261450789481383,2.063133829032119
30.0,124.0,131.4821319580078,-0.0133322645114816,1.5967184609171146,-2.4852660578656653,-2.1759111420131894,-1.0889919077812906,0.8845490016487255,0.0392824952971006,2.56691045085422,0.1386571023185526,1.748781271302498
30.0,124.0,196.76321411132807,-0.1578207310018706,1.576682057964717,-2.3584028191141595,-2.144010235882225,-1.153026698736212,0.8853020036860515,-0.0506077292538898,2.529029433525904,0.1664902719874366,1.1529365451522957
30.0,124.0,133.33116149902344,-0.008169531555523,1.568000337401074,-2.5061634845210423,-2.245851259409636,-1.1033423516970915,0.8769686080162078,0.0300595647032052,2.5702795513287,0.1285966705325331,1.6874070343930254
30.0,124.0,220.53668212890625,-1.2171966783311097,0.4756538204269566,-3.473961005955754,-3.088961056374514,-1.704597891261704,0.4920041034137272,-0.0918239354140258,2.562499878329205,0.3992523830963432,2.654374933471221
30.0,124.0,136.08425903320312,-0.0682721095897578,1.548624168567114,-2.5339236573194226,-2.202642802136203,-1.1750163584386493,0.8801795561288189,0.0701380345681251,2.5414660040956925,0.1318183691806977,1.845775932677727
30.0,124.0,245.9429931640625,-0.8483266135729868,0.6453986865434707,-3.506552371550096,-3.271625883978806,-2.56814784519429,0.2147286641374462,-0.1436646083617611,2.4296898910346845,0.2413711030766583,2.371772908737178
30.0,124.0,220.6161956787109,-0.9503927517081534,0.677458880081766,-3.4985466721108613,-3.1419557166689587,-2.6450864950941537,0.7657276416976995,-0.0800017667336136,2.591298282155937,0.2318220931468717,1.9778696258291708
30.0,124.0,209.95681762695312,-0.8546054761373488,0.5561256830121146,-3.5196763665523463,-2.9998356632825494,-1.6631055522139582,0.5872105304760162,-0.0307104087849592,2.588951662564981,0.2473229352094717,1.9606851088631445
30.0,124.0,198.1161651611328,-2.038243775065099,1.5493086873758664,-2.845738260058812,-2.791556400356753,-1.3545742485838108,0.7431300521504673,0.0653416799188597,2.5513340819415955,0.1909917097448164,1.910990100271098
30.0,124.0,205.4263153076172,-1.0610826982318322,0.7387432132212964,-3.5269101097837323,-2.588175478326636,-1.3746018730768372,0.7544874944278932,-0.0259144887775997,2.5909527780546773,0.210068459110206,2.063579531483645
30.0,124.0,172.61151123046875,-0.1592416640714551,1.3781854332006982,-2.842439873240012,-2.5781979073611363,-1.1858615648576751,0.8182413546845793,-0.0201786099424935,2.54670396876944,0.0844296178985597,1.767456241439366
30.0,124.0,131.92140197753906,-0.0353610756530009,1.5673462334055637,-2.4682744910364285,-2.1907999589054787,-1.1035912784603754,0.8778376682417087,0.0683840008420144,2.5581399457559493,0.1360707880856958,1.7505893172754718
30.0,124.0,131.0581817626953,-0.0237856950168128,1.592311938135244,-2.4776814039113724,-2.180229294909255,-1.0974295908565586,0.8812742317247277,0.0482346083441795,2.5614352304876364,0.1355746664708585,1.742250361857216
30.0,124.0,203.7299041748047,-1.4671963034076896,0.7718039591814964,-3.521820860113768,-2.7055890962796987,-1.3850800460590984,0.7492558679810841,0.0041742840984898,2.5864682179734686,0.2295821296873494,1.9406396168518183
30.0,124.0,240.0376892089844,-0.818985015422538,0.7325545795717203,-3.463958090524869,-3.1745869837099026,-1.9281247841715203,0.2058466922336207,-0.3766659363291286,2.6001316734345754,0.2265875295001577,2.1979228280822705
30.0,124.0,239.34703063964844,-0.5573109000134422,1.0820330890696988,-3.240952051214933,-3.640707829016172,-1.7737497179098791,0.4745016799634982,0.0314885242161033,2.6135288507269894,0.153150853889011,1.936260516662292
30.0,124.0,132.6175994873047,0.0343930072846318,1.6155289219344118,-2.486248883394332,-2.2092454971848525,-1.117678648848581,0.864836629326254,0.0530339405032813,2.551418951546099,0.11652392850324,1.7754203122286358
30.0,124.0,133.12086486816406,-0.0185978819456747,1.596717018096805,-2.423044214752788,-2.1990631200598973,-1.1200372808063692,0.8952097661411785,0.0841613063734164,2.566399092186304,0.144011360198191,1.7834039878344117
30.0,124.0,260.75506591796875,-0.7235173814946477,0.2633142916060825,-3.729488048766044,-2.598819823759516,-1.5621266964312754,0.5837873023273118,-0.2228563854805409,2.2311934862750764,0.0184947537160842,1.5811522207979942
30.0,124.0,137.6033172607422,0.0734690339909855,1.6781441773893817,-2.5041835045846743,-2.205183084605744,-1.0845819559145051,0.9069838322752825,0.0703653972895518,2.576266717145413,0.1453986014804874,1.7718609973840391
30.0,124.0,209.853515625,-0.6115977473066232,0.7776220381257966,-3.835539989399004,-2.6171739805113914,-1.275521664933832,0.7366176474541036,-0.0458302544230463,2.584816162634513,0.2980722673261389,2.069972514370848
30.0,124.0,131.41119384765625,-0.0147623507889491,1.5842862478134834,-2.492203019910043,-2.182377807085342,-1.1176294240017577,0.8774441381484056,0.0511550270805041,2.5579323287591023,0.1310811902994772,1.7155566387516603
30.0,124.0,131.46543884277344,-0.0372462815487643,1.6034082807636991,-2.4923306674920696,-2.206622734856677,-1.095364749737284,0.8847511015983484,0.0469513994795001,2.559954348411829,0.1349657604352452,1.7578198931764155
30.0,124.0,245.99302673339844,-0.7494604562313425,0.5827624451646062,-3.1978432976312727,-2.930434860001456,-2.589522757468941,0.4511330050359632,-0.2349149109541924,2.459352546895984,0.2558733024443547,1.86071018527782
30.0,124.0,210.119873046875,-0.7610068930568665,0.5642124147423887,-3.726421416211226,-2.7995431788777383,-1.3708891968054873,0.679066308131347,0.0234932080174868,2.5843400721228726,0.297657964549431,2.1950618999519365
30.0,124.0,133.60848999023438,-0.0545038197448975,1.5972543601182143,-2.4368533899406835,-2.173655536226002,-1.089835448929741,0.9104645648595436,0.0056272380145212,2.5481818394562583,0.116821857559282,1.7403594084208094
30.0,124.0,215.4642791748047,-0.619272128359899,1.0161821115856564,-3.392347947738536,-3.718930889608517,-1.3159031693529706,0.8296082231312336,0.0283507836533688,2.580653015910745,0.2883060967232943,2.043397947376025
30.0,124.0,205.575927734375,-0.8160173862793221,0.5906195673798553,-3.5501247184478806,-2.9220737949502533,-1.5276746941164658,0.7254873283981647,-0.0189028447691116,2.5943872451814447,0.2168908645567235,1.9760531472632008
30.0,124.0,138.71194458007812,-0.0708362691517604,1.5949948039524082,-2.4967222595499083,-2.1658146173084125,-1.0201242883003592,0.8748986778202814,0.0688848097293362,2.547513070176106,0.1676739553251537,1.7869465778264522
30.0,124.0,134.3700714111328,-0.0689789739237431,1.5751765161058888,-2.531163365076467,-2.2507063653885937,-1.1199307998578605,0.8667443501769972,0.082286444217526,2.557601845220334,0.1319990650133191,1.8058652564319624
30.0,124.0,133.67115783691406,-0.0247357479661582,1.6057464879303078,-2.4501873885598804,-2.259597407943065,-1.1629832418739354,0.8805307145210934,0.0436901601511838,2.579434958545941,0.1258578675623793,1.7966400622047207
30.0,124.0,211.49984741210932,-0.6023430394608064,0.6862990325442788,-3.3371353581117207,-2.8851573211860253,-1.389844403508281,0.7960834819435386,-0.0731183203058278,2.570385485955568,0.1939850410112546,2.062637422407674
30.0,124.0,175.5164794921875,-0.1275727271565325,1.62339085304753,-2.615052946708969,-2.15967240363564,-1.267012019226854,0.970328846093216,0.1438623537754713,2.6245913870877176,0.1447551585615671,1.8515117902710128
30.0,124.0,135.9934844970703,0.0306746160903412,1.630728272204205,-2.452994334455136,-2.2177384679066288,-1.1748531251307175,0.7786265248366245,0.0706386248619924,2.546575635877142,0.1585119159435863,1.825865731113942
30.0,124.0,135.11524963378906,-0.054507864480546,1.542426450023746,-2.571400726830845,-2.2526586358272453,-1.1232792456101766,0.8713122450462728,0.0370966774437699,2.5437607174182544,0.1321442350921275,1.8384272040042349
30.0,124.0,137.79788208007812,-0.0320439573357102,1.604641101063467,-2.490151561600812,-2.2664146738162065,-1.1175528504715992,0.8387465334122182,0.1152818584369439,2.5584118088977124,0.1215632976113423,1.7016927120065852
30.0,124.0,135.5629425048828,-0.0672510956599719,1.489055594250038,-2.513539601072208,-2.184958362580532,-1.10529184562964,0.8792633364085884,0.0423373774975296,2.5568814283818404,0.132341762135312,1.807853946017204
30.0,125.0,190.19482421875,-0.5017711185615835,1.4778414511659248,-2.71872319504208,-2.5170530990611537,-1.2952749715771184,0.7956053289366514,-0.0186148759708682,2.555307688273708,0.1556492043996025,1.83044638637806
30.0,125.0,201.4370574951172,-0.4540401323260987,0.8179070478135094,-3.314276906304189,-2.628539443785192,-1.3337882873665527,0.7127938785222587,-0.0269535484838654,2.590339428802196,0.2594558839508205,2.0689052243034824
30.0,125.0,131.32760620117188,-0.0138477676352566,1.5801238206622656,-2.464844970157015,-2.2001853369019515,-1.1145212562118412,0.8825863672742946,0.0482689153422356,2.5549206875055126,0.1283080732278719,1.7419780310718291
30.0,125.0,205.40724182128903,-1.2471719392371754,0.7338063691250966,-3.6956164114227614,-2.6893020048638974,-1.4361633841990469,0.7509499775402746,-0.0265320376388999,2.5844589496606782,0.2214973721181175,2.0621365244733765
30.0,125.0,203.2894897460937,-1.959170784239848,1.7808749259414065,-2.621076823328134,-2.538580411128057,-1.303279020384032,0.7399559009117076,-0.0134890833036735,2.541666245410128,0.1967308695834149,1.660602637408188
30.0,125.0,134.85916137695312,0.0006308279611463,1.550917339359574,-2.5450356024985195,-2.230294409570277,-1.1511926828077954,0.7978813762094201,0.043761605586442,2.575198839810496,0.1419797861739483,1.7253661416318722
30.0,125.0,131.29234313964844,-0.0292988435628628,1.5903191293991603,-2.474535023631585,-2.178791754548504,-1.1062768412720332,0.8838733233405248,0.0331911259184767,2.560286759440213,0.1383314190461202,1.7095663921340885
30.0,125.0,131.7421417236328,-0.0582953071118527,1.5863747926247802,-2.489444775902408,-2.199686807958399,-1.1163000076730247,0.8876243006604948,0.0697763403582965,2.5626518438403325,0.13699454481731,1.7816696243448145
30.0,125.0,189.8971405029297,-0.1405292025412786,1.7033979438090308,-2.524313211938222,-2.287242637165854,-1.447504988022916,0.6167682713394497,-0.0335969687734852,2.5434630684806177,0.1792906129115863,1.4818427283199904
30.0,125.0,217.80987548828125,-0.7399219093249991,0.6265199654248446,-3.3812386568411683,-3.115740592719888,-2.4970438835882924,0.4187495791001843,-0.1164287251613381,2.541142812644273,0.2703581298861386,2.0687642066891287
30.0,125.0,201.7044219970703,-0.6552952230338768,0.789537644755984,-3.131677153117997,-2.725862189701337,-1.327890814222953,0.7257755438118074,-0.0264966475501739,2.5879562114865826,0.2411740536822892,2.06908069814025
30.0,125.0,131.3538360595703,-0.0277029839365163,1.5791674291886206,-2.480814465281913,-2.2003155276739945,-1.101853626877812,0.8839061317833686,0.049138779334048,2.5574805856430243,0.1220119626895463,1.751016209778722
30.0,125.0,207.52395629882807,-1.0172369141889488,0.5097226488719611,-3.674337809841004,-2.8353189978585056,-1.3644168602548383,0.7515932251121955,-0.0172059671688819,2.580125632767812,0.2261450789481383,2.063133829032119
30.0,125.0,131.47682189941406,-0.0162316776295491,1.5918749018077665,-2.485408450364522,-2.1839504424026392,-1.0905416446941003,0.8836152041338025,0.0302650832737745,2.562849448181085,0.1372359953410512,1.7417533728469103
30.0,125.0,196.76321411132807,-0.1578207310018706,1.576682057964717,-2.3584028191141595,-2.144010235882225,-1.153026698736212,0.8853020036860515,-0.0506077292538898,2.529029433525904,0.1664902719874366,1.1529365451522957
30.0,125.0,133.33116149902344,-0.008169531555523,1.568000337401074,-2.5061634845210423,-2.245851259409636,-1.1033423516970915,0.8769686080162078,0.0300595647032052,2.5702795513287,0.1285966705325331,1.6874070343930254
30.0,125.0,220.53668212890625,-1.2171966783311097,0.4756538204269566,-3.473961005955754,-3.088961056374514,-1.704597891261704,0.4920041034137272,-0.0918239354140258,2.562499878329205,0.3992523830963432,2.654374933471221
30.0,125.0,135.26487731933594,-0.102644694930203,1.5531884002010492,-2.4672143724091646,-2.1905014991999767,-1.1523639249947562,0.88106617586786,0.0765331068693343,2.547710186676258,0.1517506683431289,1.730435124673824
30.0,125.0,245.9429931640625,-0.8483266135729868,0.6453986865434707,-3.506552371550096,-3.271625883978806,-2.56814784519429,0.2147286641374462,-0.1436646083617611,2.4296898910346845,0.2413711030766583,2.371772908737178
30.0,125.0,220.6161956787109,-0.9503927517081534,0.677458880081766,-3.4985466721108613,-3.1419557166689587,-2.6450864950941537,0.7657276416976995,-0.0800017667336136,2.591298282155937,0.2318220931468717,1.9778696258291708
30.0,125.0,209.95681762695312,-0.8546054761373488,0.5561256830121146,-3.5196763665523463,-2.9998356632825494,-1.6631055522139582,0.5872105304760162,-0.0307104087849592,2.588951662564981,0.2473229352094717,1.9606851088631445
30.0,125.0,198.1161651611328,-2.038243775065099,1.5493086873758664,-2.845738260058812,-2.791556400356753,-1.3545742485838108,0.7431300521504673,0.0653416799188597,2.5513340819415955,0.1909917097448164,1.910990100271098
30.0,125.0,205.4263153076172,-1.0610826982318322,0.7387432132212964,-3.5269101097837323,-2.588175478326636,-1.3746018730768372,0.7544874944278932,-0.0259144887775997,2.5909527780546773,0.210068459110206,2.063579531483645
30.0,125.0,172.61151123046875,-0.1592416640714551,1.3781854332006982,-2.842439873240012,-2.5781979073611363,-1.1858615648576751,0.8182413546845793,-0.0201786099424935,2.54670396876944,0.0844296178985597,1.767456241439366
30.0,125.0,131.92140197753906,-0.0353610756530009,1.5673462334055637,-2.4682744910364285,-2.1907999589054787,-1.1035912784603754,0.8778376682417087,0.0683840008420144,2.5581399457559493,0.1360707880856958,1.7505893172754718
30.0,125.0,131.0581817626953,-0.0237856950168128,1.592311938135244,-2.4776814039113724,-2.180229294909255,-1.0974295908565586,0.8812742317247277,0.0482346083441795,2.5614352304876364,0.1355746664708585,1.742250361857216
30.0,125.0,203.7299041748047,-1.4671963034076896,0.7718039591814964,-3.521820860113768,-2.7055890962796987,-1.3850800460590984,0.7492558679810841,0.0041742840984898,2.5864682179734686,0.2295821296873494,1.9406396168518183
30.0,125.0,240.0376892089844,-0.818985015422538,0.7325545795717203,-3.463958090524869,-3.1745869837099026,-1.9281247841715203,0.2058466922336207,-0.3766659363291286,2.6001316734345754,0.2265875295001577,2.1979228280822705
30.0,125.0,239.34703063964844,-0.5573109000134422,1.0820330890696988,-3.240952051214933,-3.640707829016172,-1.7737497179098791,0.4745016799634982,0.0314885242161033,2.6135288507269894,0.153150853889011,1.936260516662292
30.0,125.0,132.6175994873047,0.0343930072846318,1.6155289219344118,-2.486248883394332,-2.2092454971848525,-1.117678648848581,0.864836629326254,0.0530339405032813,2.551418951546099,0.11652392850324,1.7754203122286358
30.0,125.0,133.12086486816406,-0.0185978819456747,1.596717018096805,-2.423044214752788,-2.1990631200598973,-1.1200372808063692,0.8952097661411785,0.0841613063734164,2.566399092186304,0.144011360198191,1.7834039878344117
30.0,125.0,260.75506591796875,-0.7235173814946477,0.2633142916060825,-3.729488048766044,-2.598819823759516,-1.5621266964312754,0.5837873023273118,-0.2228563854805409,2.2311934862750764,0.0184947537160842,1.5811522207979942
30.0,125.0,136.40847778320312,0.0473637946559778,1.6311841545056502,-2.4981178686812058,-2.234337089892308,-1.0792512265831469,0.9117180844922604,0.0574688223411026,2.582897481785505,0.1911317458342219,1.827884652982787
30.0,125.0,209.853515625,-0.6115977473066232,0.7776220381257966,-3.835539989399004,-2.6171739805113914,-1.275521664933832,0.7366176474541036,-0.0458302544230463,2.584816162634513,0.2980722673261389,2.069972514370848
30.0,125.0,131.41119384765625,-0.0147623507889491,1.5842862478134834,-2.492203019910043,-2.182377807085342,-1.1176294240017577,0.8774441381484056,0.0511550270805041,2.5579323287591023,0.1310811902994772,1.7155566387516603
30.0,125.0,131.36712646484375,-0.0225600891359466,1.5877353876542868,-2.479198634666473,-2.20588875401619,-1.099058901059058,0.887916566686485,0.0465610115550607,2.5607113845735383,0.135111905309574,1.7346160189320992
30.0,125.0,245.99302673339844,-0.7494604562313425,0.5827624451646062,-3.1978432976312727,-2.930434860001456,-2.589522757468941,0.4511330050359632,-0.2349149109541924,2.459352546895984,0.2558733024443547,1.86071018527782
30.0,125.0,210.119873046875,-0.7610068930568665,0.5642124147423887,-3.726421416211226,-2.7995431788777383,-1.3708891968054873,0.679066308131347,0.0234932080174868,2.5843400721228726,0.297657964549431,2.1950618999519365
30.0,125.0,132.5389404296875,0.0043293949581232,1.5909561651446638,-2.48024592535994,-2.1681667746076685,-1.0786277771511863,0.8752012959411966,0.0512551822306045,2.565554850125478,0.142472800617504,1.722033941917108
30.0,125.0,215.4642791748047,-0.619272128359899,1.0161821115856564,-3.392347947738536,-3.718930889608517,-1.3159031693529706,0.8296082231312336,0.0283507836533688,2.580653015910745,0.2883060967232943,2.043397947376025
30.0,125.0,205.575927734375,-0.8160173862793221,0.5906195673798553,-3.5501247184478806,-2.9220737949502533,-1.5276746941164658,0.7254873283981647,-0.0189028447691116,2.5943872451814447,0.2168908645567235,1.9760531472632008
30.0,125.0,138.71194458007812,-0.0708362691517604,1.5949948039524082,-2.4967222595499083,-2.1658146173084125,-1.0201242883003592,0.8748986778202814,0.0688848097293362,2.547513070176106,0.1676739553251537,1.7869465778264522
30.0,125.0,134.3700714111328,-0.0689789739237431,1.5751765161058888,-2.531163365076467,-2.2507063653885937,-1.1199307998578605,0.8667443501769972,0.082286444217526,2.557601845220334,0.1319990650133191,1.8058652564319624
30.0,125.0,133.67115783691406,-0.0247357479661582,1.6057464879303078,-2.4501873885598804,-2.259597407943065,-1.1629832418739354,0.8805307145210934,0.0436901601511838,2.579434958545941,0.1258578675623793,1.7966400622047207
30.0,125.0,211.49984741210932,-0.6023430394608064,0.6862990325442788,-3.3371353581117207,-2.8851573211860253,-1.389844403508281,0.7960834819435386,-0.0731183203058278,2.570385485955568,0.1939850410112546,2.062637422407674
30.0,125.0,175.5164794921875,-0.1275727271565325,1.62339085304753,-2.615052946708969,-2.15967240363564,-1.267012019226854,0.970328846093216,0.1438623537754713,2.6245913870877176,0.1447551585615671,1.8515117902710128
30.0,125.0,135.9934844970703,0.0306746160903412,1.630728272204205,-2.452994334455136,-2.2177384679066288,-1.1748531251307175,0.7786265248366245,0.0706386248619924,2.546575635877142,0.1585119159435863,1.825865731113942
30.0,125.0,135.11524963378906,-0.054507864480546,1.542426450023746,-2.571400726830845,-2.2526586358272453,-1.1232792456101766,0.8713122450462728,0.0370966774437699,2.5437607174182544,0.1321442350921275,1.8384272040042349
30.0,125.0,137.79788208007812,-0.0320439573357102,1.604641101063467,-2.490151561600812,-2.2664146738162065,-1.1175528504715992,0.8387465334122182,0.1152818584369439,2.5584118088977124,0.1215632976113423,1.7016927120065852
30.0,125.0,135.5629425048828,-0.0672510956599719,1.489055594250038,-2.513539601072208,-2.184958362580532,-1.10529184562964,0.8792633364085884,0.0423373774975296,2.5568814283818404,0.132341762135312,1.807853946017204
30.0,126.0,190.19482421875,-0.5017711185615835,1.4778414511659248,-2.71872319504208,-2.5170530990611537,-1.2952749715771184,0.7956053289366514,-0.0186148759708682,2.555307688273708,0.1556492043996025,1.83044638637806
30.0,126.0,201.4370574951172,-0.4540401323260987,0.8179070478135094,-3.314276906304189,-2.628539443785192,-1.3337882873665527,0.7127938785222587,-0.0269535484838654,2.590339428802196,0.2594558839508205,2.0689052243034824
30.0,126.0,131.32760620117188,-0.0138477676352566,1.5801238206622656,-2.464844970157015,-2.2001853369019515,-1.1145212562118412,0.8825863672742946,0.0482689153422356,2.5549206875055126,0.1283080732278719,1.7419780310718291
30.0,126.0,205.40724182128903,-1.2471719392371754,0.7338063691250966,-3.6956164114227614,-2.6893020048638974,-1.4361633841990469,0.7509499775402746,-0.0265320376388999,2.5844589496606782,0.2214973721181175,2.0621365244733765
30.0,126.0,203.2894897460937,-1.959170784239848,1.7808749259414065,-2.621076823328134,-2.538580411128057,-1.303279020384032,0.7399559009117076,-0.0134890833036735,2.541666245410128,0.1967308695834149,1.660602637408188
30.0,126.0,134.85916137695312,0.0006308279611463,1.550917339359574,-2.5450356024985195,-2.230294409570277,-1.1511926828077954,0.7978813762094201,0.043761605586442,2.575198839810496,0.1419797861739483,1.7253661416318722
30.0,126.0,131.29234313964844,-0.0292988435628628,1.5903191293991603,-2.474535023631585,-2.178791754548504,-1.1062768412720332,0.8838733233405248,0.0331911259184767,2.560286759440213,0.1383314190461202,1.7095663921340885
30.0,126.0,131.7421417236328,-0.0582953071118527,1.5863747926247802,-2.489444775902408,-2.199686807958399,-1.1163000076730247,0.8876243006604948,0.0697763403582965,2.5626518438403325,0.13699454481731,1.7816696243448145
30.0,126.0,189.8971405029297,-0.1405292025412786,1.7033979438090308,-2.524313211938222,-2.287242637165854,-1.447504988022916,0.6167682713394497,-0.0335969687734852,2.5434630684806177,0.1792906129115863,1.4818427283199904
30.0,126.0,217.80987548828125,-0.7399219093249991,0.6265199654248446,-3.3812386568411683,-3.115740592719888,-2.4970438835882924,0.4187495791001843,-0.1164287251613381,2.541142812644273,0.2703581298861386,2.0687642066891287
30.0,126.0,201.7044219970703,-0.6552952230338768,0.789537644755984,-3.131677153117997,-2.725862189701337,-1.327890814222953,0.7257755438118074,-0.0264966475501739,2.5879562114865826,0.2411740536822892,2.06908069814025
30.0,126.0,131.3538360595703,-0.0277029839365163,1.5791674291886206,-2.480814465281913,-2.2003155276739945,-1.101853626877812,0.8839061317833686,0.049138779334048,2.5574805856430243,0.1220119626895463,1.751016209778722
30.0,126.0,207.52395629882807,-1.0172369141889488,0.5097226488719611,-3.674337809841004,-2.8353189978585056,-1.3644168602548383,0.7515932251121955,-0.0172059671688819,2.580125632767812,0.2261450789481383,2.063133829032119
30.0,126.0,131.06993103027344,-0.0281463964335437,1.5903029698322333,-2.480307190018662,-2.18182452333514,-1.0987163751854765,0.8828313725036737,0.0472980570285915,2.56235008996427,0.1334551374187013,1.7360636636877105
30.0,126.0,196.76321411132807,-0.1578207310018706,1.576682057964717,-2.3584028191141595,-2.144010235882225,-1.153026698736212,0.8853020036860515,-0.0506077292538898,2.529029433525904,0.1664902719874366,1.1529365451522957
30.0,126.0,131.86245727539062,0.0027368731338747,1.587834039021322,-2.4520634949665907,-2.1878817660672323,-1.1172003628484644,0.8779959283235971,0.0485891695407659,2.5461954508806444,0.1432232568794002,1.8093105187135263
30.0,126.0,220.53668212890625,-1.2171966783311097,0.4756538204269566,-3.473961005955754,-3.088961056374514,-1.704597891261704,0.4920041034137272,-0.0918239354140258,2.562499878329205,0.3992523830963432,2.654374933471221
30.0,126.0,133.701416015625,-0.0717395521348092,1.6196600567518318,-2.455756154143897,-2.1823251301654936,-1.0995475648266344,0.8817678194441154,0.0606974825726281,2.547782233464795,0.1473553745459477,1.682808634414654
30.0,126.0,245.9429931640625,-0.8483266135729868,0.6453986865434707,-3.506552371550096,-3.271625883978806,-2.56814784519429,0.2147286641374462,-0.1436646083617611,2.4296898910346845,0.2413711030766583,2.371772908737178
30.0,126.0,220.6161956787109,-0.9503927517081534,0.677458880081766,-3.4985466721108613,-3.1419557166689587,-2.6450864950941537,0.7657276416976995,-0.0800017667336136,2.591298282155937,0.2318220931468717,1.9778696258291708
30.0,126.0,209.95681762695312,-0.8546054761373488,0.5561256830121146,-3.5196763665523463,-2.9998356632825494,-1.6631055522139582,0.5872105304760162,-0.0307104087849592,2.588951662564981,0.2473229352094717,1.9606851088631445
30.0,126.0,198.1161651611328,-2.038243775065099,1.5493086873758664,-2.845738260058812,-2.791556400356753,-1.3545742485838108,0.7431300521504673,0.0653416799188597,2.5513340819415955,0.1909917097448164,1.910990100271098
30.0,126.0,205.4263153076172,-1.0610826982318322,0.7387432132212964,-3.5269101097837323,-2.588175478326636,-1.3746018730768372,0.7544874944278932,-0.0259144887775997,2.5909527780546773,0.210068459110206,2.063579531483645
30.0,126.0,146.0563201904297,0.0208050693179463,1.58551564854952,-2.3943690863338416,-2.189487526381773,-1.15428436304566,0.8930564112501748,-0.0583916824555558,2.561422745311817,0.1076432940308701,1.875945353802414
30.0,126.0,131.92140197753906,-0.0353610756530009,1.5673462334055637,-2.4682744910364285,-2.1907999589054787,-1.1035912784603754,0.8778376682417087,0.0683840008420144,2.5581399457559493,0.1360707880856958,1.7505893172754718
30.0,126.0,131.0581817626953,-0.0237856950168128,1.592311938135244,-2.4776814039113724,-2.180229294909255,-1.0974295908565586,0.8812742317247277,0.0482346083441795,2.5614352304876364,0.1355746664708585,1.742250361857216
30.0,126.0,203.7299041748047,-1.4671963034076896,0.7718039591814964,-3.521820860113768,-2.7055890962796987,-1.3850800460590984,0.7492558679810841,0.0041742840984898,2.5864682179734686,0.2295821296873494,1.9406396168518183
30.0,126.0,240.0376892089844,-0.818985015422538,0.7325545795717203,-3.463958090524869,-3.1745869837099026,-1.9281247841715203,0.2058466922336207,-0.3766659363291286,2.6001316734345754,0.2265875295001577,2.1979228280822705
30.0,126.0,239.34703063964844,-0.5573109000134422,1.0820330890696988,-3.240952051214933,-3.640707829016172,-1.7737497179098791,0.4745016799634982,0.0314885242161033,2.6135288507269894,0.153150853889011,1.936260516662292
30.0,126.0,132.6175994873047,0.0343930072846318,1.6155289219344118,-2.486248883394332,-2.2092454971848525,-1.117678648848581,0.864836629326254,0.0530339405032813,2.551418951546099,0.11652392850324,1.7754203122286358
30.0,126.0,133.12086486816406,-0.0185978819456747,1.596717018096805,-2.423044214752788,-2.1990631200598973,-1.1200372808063692,0.8952097661411785,0.0841613063734164,2.566399092186304,0.144011360198191,1.7834039878344117
30.0,126.0,260.75506591796875,-0.7235173814946477,0.2633142916060825,-3.729488048766044,-2.598819823759516,-1.5621266964312754,0.5837873023273118,-0.2228563854805409,2.2311934862750764,0.0184947537160842,1.5811522207979942
30.0,126.0,136.40847778320312,0.0473637946559778,1.6311841545056502,-2.4981178686812058,-2.234337089892308,-1.0792512265831469,0.9117180844922604,0.0574688223411026,2.582897481785505,0.1911317458342219,1.827884652982787
30.0,126.0,209.853515625,-0.6115977473066232,0.7776220381257966,-3.835539989399004,-2.6171739805113914,-1.275521664933832,0.7366176474541036,-0.0458302544230463,2.584816162634513,0.2980722673261389,2.069972514370848
30.0,126.0,131.41119384765625,-0.0147623507889491,1.5842862478134834,-2.492203019910043,-2.182377807085342,-1.1176294240017577,0.8774441381484056,0.0511550270805041,2.5579323287591023,0.1310811902994772,1.7155566387516603
30.0,126.0,131.1335906982422,-0.0174334502659106,1.5891881177080989,-2.4721668504720937,-2.19859659176566,-1.0983009996787385,0.8775032753375193,0.0480203546449555,2.56192197617254,0.1356356342148398,1.7354573870068155
30.0,126.0,245.99302673339844,-0.7494604562313425,0.5827624451646062,-3.1978432976312727,-2.930434860001456,-2.589522757468941,0.4511330050359632,-0.2349149109541924,2.459352546895984,0.2558733024443547,1.86071018527782
30.0,126.0,210.119873046875,-0.7610068930568665,0.5642124147423887,-3.726421416211226,-2.7995431788777383,-1.3708891968054873,0.679066308131347,0.0234932080174868,2.5843400721228726,0.297657964549431,2.1950618999519365
30.0,126.0,132.5389404296875,0.0043293949581232,1.5909561651446638,-2.48024592535994,-2.1681667746076685,-1.0786277771511863,0.8752012959411966,0.0512551822306045,2.565554850125478,0.142472800617504,1.722033941917108
30.0,126.0,215.4642791748047,-0.619272128359899,1.0161821115856564,-3.392347947738536,-3.718930889608517,-1.3159031693529706,0.8296082231312336,0.0283507836533688,2.580653015910745,0.2883060967232943,2.043397947376025
30.0,126.0,205.575927734375,-0.8160173862793221,0.5906195673798553,-3.5501247184478806,-2.9220737949502533,-1.5276746941164658,0.7254873283981647,-0.0189028447691116,2.5943872451814447,0.2168908645567235,1.9760531472632008
30.0,126.0,138.71194458007812,-0.0708362691517604,1.5949948039524082,-2.4967222595499083,-2.1658146173084125,-1.0201242883003592,0.8748986778202814,0.0688848097293362,2.547513070176106,0.1676739553251537,1.7869465778264522
30.0,126.0,134.3700714111328,-0.0689789739237431,1.5751765161058888,-2.531163365076467,-2.2507063653885937,-1.1199307998578605,0.8667443501769972,0.082286444217526,2.557601845220334,0.1319990650133191,1.8058652564319624
30.0,126.0,133.67115783691406,-0.0247357479661582,1.6057464879303078,-2.4501873885598804,-2.259597407943065,-1.1629832418739354,0.8805307145210934,0.0436901601511838,2.579434958545941,0.1258578675623793,1.7966400622047207
30.0,126.0,211.49984741210932,-0.6023430394608064,0.6862990325442788,-3.3371353581117207,-2.8851573211860253,-1.389844403508281,0.7960834819435386,-0.0731183203058278,2.570385485955568,0.1939850410112546,2.062637422407674
30.0,126.0,175.5164794921875,-0.1275727271565325,1.62339085304753,-2.615052946708969,-2.15967240363564,-1.267012019226854,0.970328846093216,0.1438623537754713,2.6245913870877176,0.1447551585615671,1.8515117902710128
30.0,126.0,135.9934844970703,0.0306746160903412,1.630728272204205,-2.452994334455136,-2.2177384679066288,-1.1748531251307175,0.7786265248366245,0.0706386248619924,2.546575635877142,0.1585119159435863,1.825865731113942
30.0,126.0,135.11524963378906,-0.054507864480546,1.542426450023746,-2.571400726830845,-2.2526586358272453,-1.1232792456101766,0.8713122450462728,0.0370966774437699,2.5437607174182544,0.1321442350921275,1.8384272040042349
30.0,126.0,137.79788208007812,-0.0320439573357102,1.604641101063467,-2.490151561600812,-2.2664146738162065,-1.1175528504715992,0.8387465334122182,0.1152818584369439,2.5584118088977124,0.1215632976113423,1.7016927120065852
30.0,126.0,135.5629425048828,-0.0672510956599719,1.489055594250038,-2.513539601072208,-2.184958362580532,-1.10529184562964,0.8792633364085884,0.0423373774975296,2.5568814283818404,0.132341762135312,1.807853946017204
30.0,127.0,190.19482421875,-0.5017711185615835,1.4778414511659248,-2.71872319504208,-2.5170530990611537,-1.2952749715771184,0.7956053289366514,-0.0186148759708682,2.555307688273708,0.1556492043996025,1.83044638637806
30.0,127.0,201.4370574951172,-0.4540401323260987,0.8179070478135094,-3.314276906304189,-2.628539443785192,-1.3337882873665527,0.7127938785222587,-0.0269535484838654,2.590339428802196,0.2594558839508205,2.0689052243034824
30.0,127.0,131.32760620117188,-0.0138477676352566,1.5801238206622656,-2.464844970157015,-2.2001853369019515,-1.1145212562118412,0.8825863672742946,0.0482689153422356,2.5549206875055126,0.1283080732278719,1.7419780310718291
30.0,127.0,205.40724182128903,-1.2471719392371754,0.7338063691250966,-3.6956164114227614,-2.6893020048638974,-1.4361633841990469,0.7509499775402746,-0.0265320376388999,2.5844589496606782,0.2214973721181175,2.0621365244733765
30.0,127.0,203.2894897460937,-1.959170784239848,1.7808749259414065,-2.621076823328134,-2.538580411128057,-1.303279020384032,0.7399559009117076,-0.0134890833036735,2.541666245410128,0.1967308695834149,1.660602637408188
30.0,127.0,132.97659301757812,-0.0264856817514435,1.5473504318912457,-2.4897864401019896,-2.243713386918888,-1.119015356473259,0.874517528365608,0.046049180340479,2.570814082713566,0.1355836398599215,1.7189741823625828
30.0,127.0,131.29234313964844,-0.0292988435628628,1.5903191293991603,-2.474535023631585,-2.178791754548504,-1.1062768412720332,0.8838733233405248,0.0331911259184767,2.560286759440213,0.1383314190461202,1.7095663921340885
30.0,127.0,131.7421417236328,-0.0582953071118527,1.5863747926247802,-2.489444775902408,-2.199686807958399,-1.1163000076730247,0.8876243006604948,0.0697763403582965,2.5626518438403325,0.13699454481731,1.7816696243448145
30.0,127.0,189.8971405029297,-0.1405292025412786,1.7033979438090308,-2.524313211938222,-2.287242637165854,-1.447504988022916,0.6167682713394497,-0.0335969687734852,2.5434630684806177,0.1792906129115863,1.4818427283199904
30.0,127.0,217.80987548828125,-0.7399219093249991,0.6265199654248446,-3.3812386568411683,-3.115740592719888,-2.4970438835882924,0.4187495791001843,-0.1164287251613381,2.541142812644273,0.2703581298861386,2.0687642066891287
30.0,127.0,201.7044219970703,-0.6552952230338768,0.789537644755984,-3.131677153117997,-2.725862189701337,-1.327890814222953,0.7257755438118074,-0.0264966475501739,2.5879562114865826,0.2411740536822892,2.06908069814025
30.0,127.0,131.04942321777344,-0.0152053219370911,1.6000319699645191,-2.482624209150284,-2.193110597927763,-1.102128683292444,0.8852486932924976,0.0485343331310227,2.560796416811688,0.1374963073097148,1.7568973459823407
30.0,127.0,207.52395629882807,-1.0172369141889488,0.5097226488719611,-3.674337809841004,-2.8353189978585056,-1.3644168602548383,0.7515932251121955,-0.0172059671688819,2.580125632767812,0.2261450789481383,2.063133829032119
30.0,127.0,131.0275115966797,-0.0300941791408053,1.5917029557930946,-2.4736354944710914,-2.179986158404016,-1.101528336860324,0.8807576840987235,0.0543171311855271,2.560955495354865,0.1339453615989479,1.7340583791588895
30.0,127.0,156.4094696044922,0.0382118715789132,1.5905196204131562,-2.6074891716506365,-2.1767723474350267,-1.0776575857853743,0.8958894571097886,0.0208111777076627,2.5249114182471835,0.1217852609510629,2.074688450188189
30.0,127.0,131.86245727539062,0.0027368731338747,1.587834039021322,-2.4520634949665907,-2.1878817660672323,-1.1172003628484644,0.8779959283235971,0.0485891695407659,2.5461954508806444,0.1432232568794002,1.8093105187135263
30.0,127.0,220.53668212890625,-1.2171966783311097,0.4756538204269566,-3.473961005955754,-3.088961056374514,-1.704597891261704,0.4920041034137272,-0.0918239354140258,2.562499878329205,0.3992523830963432,2.654374933471221
30.0,127.0,132.63819885253906,-0.0504129167642387,1.623317990421645,-2.470083391712349,-2.175506030257002,-1.0744379594229487,0.8815006615854839,0.0455499043065705,2.554445753582696,0.1272968285643538,1.6663293271561603
30.0,127.0,245.9429931640625,-0.8483266135729868,0.6453986865434707,-3.506552371550096,-3.271625883978806,-2.56814784519429,0.2147286641374462,-0.1436646083617611,2.4296898910346845,0.2413711030766583,2.371772908737178
30.0,127.0,220.6161956787109,-0.9503927517081534,0.677458880081766,-3.4985466721108613,-3.1419557166689587,-2.6450864950941537,0.7657276416976995,-0.0800017667336136,2.591298282155937,0.2318220931468717,1.9778696258291708
30.0,127.0,209.95681762695312,-0.8546054761373488,0.5561256830121146,-3.5196763665523463,-2.9998356632825494,-1.6631055522139582,0.5872105304760162,-0.0307104087849592,2.588951662564981,0.2473229352094717,1.9606851088631445
30.0,127.0,198.1161651611328,-2.038243775065099,1.5493086873758664,-2.845738260058812,-2.791556400356753,-1.3545742485838108,0.7431300521504673,0.0653416799188597,2.5513340819415955,0.1909917097448164,1.910990100271098
30.0,127.0,205.4263153076172,-1.0610826982318322,0.7387432132212964,-3.5269101097837323,-2.588175478326636,-1.3746018730768372,0.7544874944278932,-0.0259144887775997,2.5909527780546773,0.210068459110206,2.063579531483645
30.0,127.0,146.0563201904297,0.0208050693179463,1.58551564854952,-2.3943690863338416,-2.189487526381773,-1.15428436304566,0.8930564112501748,-0.0583916824555558,2.561422745311817,0.1076432940308701,1.875945353802414
30.0,127.0,131.92140197753906,-0.0353610756530009,1.5673462334055637,-2.4682744910364285,-2.1907999589054787,-1.1035912784603754,0.8778376682417087,0.0683840008420144,2.5581399457559493,0.1360707880856958,1.7505893172754718
30.0,127.0,131.0581817626953,-0.0237856950168128,1.592311938135244,-2.4776814039113724,-2.180229294909255,-1.0974295908565586,0.8812742317247277,0.0482346083441795,2.5614352304876364,0.1355746664708585,1.742250361857216
30.0,127.0,203.7299041748047,-1.4671963034076896,0.7718039591814964,-3.521820860113768,-2.7055890962796987,-1.3850800460590984,0.7492558679810841,0.0041742840984898,2.5864682179734686,0.2295821296873494,1.9406396168518183
30.0,127.0,240.0376892089844,-0.818985015422538,0.7325545795717203,-3.463958090524869,-3.1745869837099026,-1.9281247841715203,0.2058466922336207,-0.3766659363291286,2.6001316734345754,0.2265875295001577,2.1979228280822705
30.0,127.0,239.34703063964844,-0.5573109000134422,1.0820330890696988,-3.240952051214933,-3.640707829016172,-1.7737497179098791,0.4745016799634982,0.0314885242161033,2.6135288507269894,0.153150853889011,1.936260516662292
30.0,127.0,132.6175994873047,0.0343930072846318,1.6155289219344118,-2.486248883394332,-2.2092454971848525,-1.117678648848581,0.864836629326254,0.0530339405032813,2.551418951546099,0.11652392850324,1.7754203122286358
30.0,127.0,133.12086486816406,-0.0185978819456747,1.596717018096805,-2.423044214752788,-2.1990631200598973,-1.1200372808063692,0.8952097661411785,0.0841613063734164,2.566399092186304,0.144011360198191,1.7834039878344117
30.0,127.0,260.75506591796875,-0.7235173814946477,0.2633142916060825,-3.729488048766044,-2.598819823759516,-1.5621266964312754,0.5837873023273118,-0.2228563854805409,2.2311934862750764,0.0184947537160842,1.5811522207979942
30.0,127.0,136.40847778320312,0.0473637946559778,1.6311841545056502,-2.4981178686812058,-2.234337089892308,-1.0792512265831469,0.9117180844922604,0.0574688223411026,2.582897481785505,0.1911317458342219,1.827884652982787
30.0,127.0,209.853515625,-0.6115977473066232,0.7776220381257966,-3.835539989399004,-2.6171739805113914,-1.275521664933832,0.7366176474541036,-0.0458302544230463,2.584816162634513,0.2980722673261389,2.069972514370848
30.0,127.0,131.41119384765625,-0.0147623507889491,1.5842862478134834,-2.492203019910043,-2.182377807085342,-1.1176294240017577,0.8774441381484056,0.0511550270805041,2.5579323287591023,0.1310811902994772,1.7155566387516603
30.0,127.0,131.1335906982422,-0.0174334502659106,1.5891881177080989,-2.4721668504720937,-2.19859659176566,-1.0983009996787385,0.8775032753375193,0.0480203546449555,2.56192197617254,0.1356356342148398,1.7354573870068155
30.0,127.0,245.99302673339844,-0.7494604562313425,0.5827624451646062,-3.1978432976312727,-2.930434860001456,-2.589522757468941,0.4511330050359632,-0.2349149109541924,2.459352546895984,0.2558733024443547,1.86071018527782
30.0,127.0,210.119873046875,-0.7610068930568665,0.5642124147423887,-3.726421416211226,-2.7995431788777383,-1.3708891968054873,0.679066308131347,0.0234932080174868,2.5843400721228726,0.297657964549431,2.1950618999519365
30.0,127.0,131.56948852539062,-0.0029073944270317,1.5948827797902283,-2.459377962671953,-2.1839759211723555,-1.0842492228377427,0.8655715593947672,0.0431084051833475,2.557334227544017,0.1314123714792973,1.7279547111231175
30.0,127.0,215.4642791748047,-0.619272128359899,1.0161821115856564,-3.392347947738536,-3.718930889608517,-1.3159031693529706,0.8296082231312336,0.0283507836533688,2.580653015910745,0.2883060967232943,2.043397947376025
30.0,127.0,205.575927734375,-0.8160173862793221,0.5906195673798553,-3.5501247184478806,-2.9220737949502533,-1.5276746941164658,0.7254873283981647,-0.0189028447691116,2.5943872451814447,0.2168908645567235,1.9760531472632008
30.0,127.0,138.71194458007812,-0.0708362691517604,1.5949948039524082,-2.4967222595499083,-2.1658146173084125,-1.0201242883003592,0.8748986778202814,0.0688848097293362,2.547513070176106,0.1676739553251537,1.7869465778264522
30.0,127.0,134.3700714111328,-0.0689789739237431,1.5751765161058888,-2.531163365076467,-2.2507063653885937,-1.1199307998578605,0.8667443501769972,0.082286444217526,2.557601845220334,0.1319990650133191,1.8058652564319624
30.0,127.0,133.67115783691406,-0.0247357479661582,1.6057464879303078,-2.4501873885598804,-2.259597407943065,-1.1629832418739354,0.8805307145210934,0.0436901601511838,2.579434958545941,0.1258578675623793,1.7966400622047207
30.0,127.0,211.49984741210932,-0.6023430394608064,0.6862990325442788,-3.3371353581117207,-2.8851573211860253,-1.389844403508281,0.7960834819435386,-0.0731183203058278,2.570385485955568,0.1939850410112546,2.062637422407674
30.0,127.0,175.5164794921875,-0.1275727271565325,1.62339085304753,-2.615052946708969,-2.15967240363564,-1.267012019226854,0.970328846093216,0.1438623537754713,2.6245913870877176,0.1447551585615671,1.8515117902710128
30.0,127.0,135.9934844970703,0.0306746160903412,1.630728272204205,-2.452994334455136,-2.2177384679066288,-1.1748531251307175,0.7786265248366245,0.0706386248619924,2.546575635877142,0.1585119159435863,1.825865731113942
30.0,127.0,135.11524963378906,-0.054507864480546,1.542426450023746,-2.571400726830845,-2.2526586358272453,-1.1232792456101766,0.8713122450462728,0.0370966774437699,2.5437607174182544,0.1321442350921275,1.8384272040042349
30.0,127.0,137.79788208007812,-0.0320439573357102,1.604641101063467,-2.490151561600812,-2.2664146738162065,-1.1175528504715992,0.8387465334122182,0.1152818584369439,2.5584118088977124,0.1215632976113423,1.7016927120065852
30.0,127.0,132.2544403076172,-0.0926571583604785,1.570975001003475,-2.498969002465269,-2.1902786377650174,-1.10818568383066,0.8655126752917419,0.0432246015150623,2.5563345600272336,0.1395084329354663,1.7904093128244234
30.0,128.0,190.19482421875,-0.5017711185615835,1.4778414511659248,-2.71872319504208,-2.5170530990611537,-1.2952749715771184,0.7956053289366514,-0.0186148759708682,2.555307688273708,0.1556492043996025,1.83044638637806
30.0,128.0,201.4370574951172,-0.4540401323260987,0.8179070478135094,-3.314276906304189,-2.628539443785192,-1.3337882873665527,0.7127938785222587,-0.0269535484838654,2.590339428802196,0.2594558839508205,2.0689052243034824
30.0,128.0,131.32760620117188,-0.0138477676352566,1.5801238206622656,-2.464844970157015,-2.2001853369019515,-1.1145212562118412,0.8825863672742946,0.0482689153422356,2.5549206875055126,0.1283080732278719,1.7419780310718291
30.0,128.0,205.40724182128903,-1.2471719392371754,0.7338063691250966,-3.6956164114227614,-2.6893020048638974,-1.4361633841990469,0.7509499775402746,-0.0265320376388999,2.5844589496606782,0.2214973721181175,2.0621365244733765
30.0,128.0,203.2894897460937,-1.959170784239848,1.7808749259414065,-2.621076823328134,-2.538580411128057,-1.303279020384032,0.7399559009117076,-0.0134890833036735,2.541666245410128,0.1967308695834149,1.660602637408188
30.0,128.0,131.4840545654297,-0.0439861379222379,1.6167751361374445,-2.4547226430619644,-2.1792605721041505,-1.1170053376868063,0.8997509899296237,0.055379308620336,2.56908968547563,0.1319758475067839,1.7304414995825623
30.0,128.0,131.29234313964844,-0.0292988435628628,1.5903191293991603,-2.474535023631585,-2.178791754548504,-1.1062768412720332,0.8838733233405248,0.0331911259184767,2.560286759440213,0.1383314190461202,1.7095663921340885
30.0,128.0,131.7421417236328,-0.0582953071118527,1.5863747926247802,-2.489444775902408,-2.199686807958399,-1.1163000076730247,0.8876243006604948,0.0697763403582965,2.5626518438403325,0.13699454481731,1.7816696243448145
30.0,128.0,189.8971405029297,-0.1405292025412786,1.7033979438090308,-2.524313211938222,-2.287242637165854,-1.447504988022916,0.6167682713394497,-0.0335969687734852,2.5434630684806177,0.1792906129115863,1.4818427283199904
30.0,128.0,217.80987548828125,-0.7399219093249991,0.6265199654248446,-3.3812386568411683,-3.115740592719888,-2.4970438835882924,0.4187495791001843,-0.1164287251613381,2.541142812644273,0.2703581298861386,2.0687642066891287
30.0,128.0,201.7044219970703,-0.6552952230338768,0.789537644755984,-3.131677153117997,-2.725862189701337,-1.327890814222953,0.7257755438118074,-0.0264966475501739,2.5879562114865826,0.2411740536822892,2.06908069814025
30.0,128.0,131.04942321777344,-0.0152053219370911,1.6000319699645191,-2.482624209150284,-2.193110597927763,-1.102128683292444,0.8852486932924976,0.0485343331310227,2.560796416811688,0.1374963073097148,1.7568973459823407
30.0,128.0,207.52395629882807,-1.0172369141889488,0.5097226488719611,-3.674337809841004,-2.8353189978585056,-1.3644168602548383,0.7515932251121955,-0.0172059671688819,2.580125632767812,0.2261450789481383,2.063133829032119
30.0,128.0,131.0275115966797,-0.0300941791408053,1.5917029557930946,-2.4736354944710914,-2.179986158404016,-1.101528336860324,0.8807576840987235,0.0543171311855271,2.560955495354865,0.1339453615989479,1.7340583791588895
30.0,128.0,131.34779357910156,-0.0236050113651903,1.592411078057243,-2.461288484259544,-2.1584362321296258,-1.0913284330589328,0.8756089622921313,0.0468249695977496,2.557253273821046,0.1043480664315724,1.6937272690030485
30.0,128.0,131.71165466308594,-0.0082313894574399,1.5781824557745483,-2.454995073302777,-2.173141641384262,-1.1177891798699349,0.8765765608145578,0.0494817128889732,2.5514482818952176,0.1330624302912376,1.7695437015802675
30.0,128.0,220.53668212890625,-1.2171966783311097,0.4756538204269566,-3.473961005955754,-3.088961056374514,-1.704597891261704,0.4920041034137272,-0.0918239354140258,2.562499878329205,0.3992523830963432,2.654374933471221
30.0,128.0,131.49212646484375,-0.0032793506438343,1.586261915859334,-2.4789431227323098,-2.179291203168704,-1.103498131312232,0.8800762674448059,0.0447492312601952,2.559838826438484,0.1192559137177246,1.7498771024806845
30.0,128.0,245.9429931640625,-0.8483266135729868,0.6453986865434707,-3.506552371550096,-3.271625883978806,-2.56814784519429,0.2147286641374462,-0.1436646083617611,2.4296898910346845,0.2413711030766583,2.371772908737178
30.0,128.0,220.6161956787109,-0.9503927517081534,0.677458880081766,-3.4985466721108613,-3.1419557166689587,-2.6450864950941537,0.7657276416976995,-0.0800017667336136,2.591298282155937,0.2318220931468717,1.9778696258291708
30.0,128.0,209.95681762695312,-0.8546054761373488,0.5561256830121146,-3.5196763665523463,-2.9998356632825494,-1.6631055522139582,0.5872105304760162,-0.0307104087849592,2.588951662564981,0.2473229352094717,1.9606851088631445
30.0,128.0,198.1161651611328,-2.038243775065099,1.5493086873758664,-2.845738260058812,-2.791556400356753,-1.3545742485838108,0.7431300521504673,0.0653416799188597,2.5513340819415955,0.1909917097448164,1.910990100271098
30.0,128.0,205.4263153076172,-1.0610826982318322,0.7387432132212964,-3.5269101097837323,-2.588175478326636,-1.3746018730768372,0.7544874944278932,-0.0259144887775997,2.5909527780546773,0.210068459110206,2.063579531483645
30.0,128.0,146.0563201904297,0.0208050693179463,1.58551564854952,-2.3943690863338416,-2.189487526381773,-1.15428436304566,0.8930564112501748,-0.0583916824555558,2.561422745311817,0.1076432940308701,1.875945353802414
30.0,128.0,131.92140197753906,-0.0353610756530009,1.5673462334055637,-2.4682744910364285,-2.1907999589054787,-1.1035912784603754,0.8778376682417087,0.0683840008420144,2.5581399457559493,0.1360707880856958,1.7505893172754718
30.0,128.0,131.0581817626953,-0.0237856950168128,1.592311938135244,-2.4776814039113724,-2.180229294909255,-1.0974295908565586,0.8812742317247277,0.0482346083441795,2.5614352304876364,0.1355746664708585,1.742250361857216
30.0,128.0,203.7299041748047,-1.4671963034076896,0.7718039591814964,-3.521820860113768,-2.7055890962796987,-1.3850800460590984,0.7492558679810841,0.0041742840984898,2.5864682179734686,0.2295821296873494,1.9406396168518183
30.0,128.0,240.0376892089844,-0.818985015422538,0.7325545795717203,-3.463958090524869,-3.1745869837099026,-1.9281247841715203,0.2058466922336207,-0.3766659363291286,2.6001316734345754,0.2265875295001577,2.1979228280822705
30.0,128.0,239.34703063964844,-0.5573109000134422,1.0820330890696988,-3.240952051214933,-3.640707829016172,-1.7737497179098791,0.4745016799634982,0.0314885242161033,2.6135288507269894,0.153150853889011,1.936260516662292
30.0,128.0,131.6788330078125,-0.0195447226740316,1.6085380916198635,-2.465040132582603,-2.207437228424593,-1.0890279179338376,0.8729860925758106,0.0556089997752755,2.55451339402635,0.1080927873548161,1.7213679349859592
30.0,128.0,133.12086486816406,-0.0185978819456747,1.596717018096805,-2.423044214752788,-2.1990631200598973,-1.1200372808063692,0.8952097661411785,0.0841613063734164,2.566399092186304,0.144011360198191,1.7834039878344117
30.0,128.0,260.75506591796875,-0.7235173814946477,0.2633142916060825,-3.729488048766044,-2.598819823759516,-1.5621266964312754,0.5837873023273118,-0.2228563854805409,2.2311934862750764,0.0184947537160842,1.5811522207979942
30.0,128.0,136.40847778320312,0.0473637946559778,1.6311841545056502,-2.4981178686812058,-2.234337089892308,-1.0792512265831469,0.9117180844922604,0.0574688223411026,2.582897481785505,0.1911317458342219,1.827884652982787
30.0,128.0,209.853515625,-0.6115977473066232,0.7776220381257966,-3.835539989399004,-2.6171739805113914,-1.275521664933832,0.7366176474541036,-0.0458302544230463,2.584816162634513,0.2980722673261389,2.069972514370848
30.0,128.0,131.41119384765625,-0.0147623507889491,1.5842862478134834,-2.492203019910043,-2.182377807085342,-1.1176294240017577,0.8774441381484056,0.0511550270805041,2.5579323287591023,0.1310811902994772,1.7155566387516603
30.0,128.0,131.1041259765625,-0.0208665487897157,1.5916627496255509,-2.4737644061552766,-2.1921131825677924,-1.0988156010189167,0.8808103473936866,0.0543891612300679,2.5603274011756696,0.1330385464875209,1.7329503646663205
30.0,128.0,245.99302673339844,-0.7494604562313425,0.5827624451646062,-3.1978432976312727,-2.930434860001456,-2.589522757468941,0.4511330050359632,-0.2349149109541924,2.459352546895984,0.2558733024443547,1.86071018527782
30.0,128.0,210.119873046875,-0.7610068930568665,0.5642124147423887,-3.726421416211226,-2.7995431788777383,-1.3708891968054873,0.679066308131347,0.0234932080174868,2.5843400721228726,0.297657964549431,2.1950618999519365
30.0,128.0,131.1105499267578,-0.0221724311295,1.5947951088985624,-2.4558031736577384,-2.1836504418792217,-1.0892283745807336,0.8785077536370107,0.0372668804653603,2.556325821081627,0.1287718251508848,1.7389801576389194
30.0,128.0,215.4642791748047,-0.619272128359899,1.0161821115856564,-3.392347947738536,-3.718930889608517,-1.3159031693529706,0.8296082231312336,0.0283507836533688,2.580653015910745,0.2883060967232943,2.043397947376025
30.0,128.0,205.575927734375,-0.8160173862793221,0.5906195673798553,-3.5501247184478806,-2.9220737949502533,-1.5276746941164658,0.7254873283981647,-0.0189028447691116,2.5943872451814447,0.2168908645567235,1.9760531472632008
30.0,128.0,138.71194458007812,-0.0708362691517604,1.5949948039524082,-2.4967222595499083,-2.1658146173084125,-1.0201242883003592,0.8748986778202814,0.0688848097293362,2.547513070176106,0.1676739553251537,1.7869465778264522
30.0,128.0,131.70326232910156,-0.0285048563112289,1.5763782981982608,-2.4947688243147166,-2.1759364619732104,-1.102128358066017,0.8779464383825708,0.0235306095031697,2.5559636629530385,0.1338426328315249,1.724651318458374
30.0,128.0,133.67115783691406,-0.0247357479661582,1.6057464879303078,-2.4501873885598804,-2.259597407943065,-1.1629832418739354,0.8805307145210934,0.0436901601511838,2.579434958545941,0.1258578675623793,1.7966400622047207
30.0,128.0,211.49984741210932,-0.6023430394608064,0.6862990325442788,-3.3371353581117207,-2.8851573211860253,-1.389844403508281,0.7960834819435386,-0.0731183203058278,2.570385485955568,0.1939850410112546,2.062637422407674
30.0,128.0,175.5164794921875,-0.1275727271565325,1.62339085304753,-2.615052946708969,-2.15967240363564,-1.267012019226854,0.970328846093216,0.1438623537754713,2.6245913870877176,0.1447551585615671,1.8515117902710128
30.0,128.0,135.9934844970703,0.0306746160903412,1.630728272204205,-2.452994334455136,-2.2177384679066288,-1.1748531251307175,0.7786265248366245,0.0706386248619924,2.546575635877142,0.1585119159435863,1.825865731113942
30.0,128.0,133.9625701904297,-0.0490433415632059,1.5844515374980792,-2.5206283210383607,-2.216053980835782,-1.1187270422978328,0.8705390060866804,0.0236475179555119,2.541547415665085,0.1295738320555413,1.5944955202673063
30.0,128.0,137.79788208007812,-0.0320439573357102,1.604641101063467,-2.490151561600812,-2.2664146738162065,-1.1175528504715992,0.8387465334122182,0.1152818584369439,2.5584118088977124,0.1215632976113423,1.7016927120065852
30.0,128.0,132.2544403076172,-0.0926571583604785,1.570975001003475,-2.498969002465269,-2.1902786377650174,-1.10818568383066,0.8655126752917419,0.0432246015150623,2.5563345600272336,0.1395084329354663,1.7904093128244234
30.0,129.0,190.19482421875,-0.5017711185615835,1.4778414511659248,-2.71872319504208,-2.5170530990611537,-1.2952749715771184,0.7956053289366514,-0.0186148759708682,2.555307688273708,0.1556492043996025,1.83044638637806
30.0,129.0,201.4370574951172,-0.4540401323260987,0.8179070478135094,-3.314276906304189,-2.628539443785192,-1.3337882873665527,0.7127938785222587,-0.0269535484838654,2.590339428802196,0.2594558839508205,2.0689052243034824
30.0,129.0,131.32760620117188,-0.0138477676352566,1.5801238206622656,-2.464844970157015,-2.2001853369019515,-1.1145212562118412,0.8825863672742946,0.0482689153422356,2.5549206875055126,0.1283080732278719,1.7419780310718291
30.0,129.0,205.40724182128903,-1.2471719392371754,0.7338063691250966,-3.6956164114227614,-2.6893020048638974,-1.4361633841990469,0.7509499775402746,-0.0265320376388999,2.5844589496606782,0.2214973721181175,2.0621365244733765
30.0,129.0,203.2894897460937,-1.959170784239848,1.7808749259414065,-2.621076823328134,-2.538580411128057,-1.303279020384032,0.7399559009117076,-0.0134890833036735,2.541666245410128,0.1967308695834149,1.660602637408188
30.0,129.0,131.4840545654297,-0.0439861379222379,1.6167751361374445,-2.4547226430619644,-2.1792605721041505,-1.1170053376868063,0.8997509899296237,0.055379308620336,2.56908968547563,0.1319758475067839,1.7304414995825623
30.0,129.0,131.29234313964844,-0.0292988435628628,1.5903191293991603,-2.474535023631585,-2.178791754548504,-1.1062768412720332,0.8838733233405248,0.0331911259184767,2.560286759440213,0.1383314190461202,1.7095663921340885
30.0,129.0,131.7421417236328,-0.0582953071118527,1.5863747926247802,-2.489444775902408,-2.199686807958399,-1.1163000076730247,0.8876243006604948,0.0697763403582965,2.5626518438403325,0.13699454481731,1.7816696243448145
30.0,129.0,189.8971405029297,-0.1405292025412786,1.7033979438090308,-2.524313211938222,-2.287242637165854,-1.447504988022916,0.6167682713394497,-0.0335969687734852,2.5434630684806177,0.1792906129115863,1.4818427283199904
30.0,129.0,217.80987548828125,-0.7399219093249991,0.6265199654248446,-3.3812386568411683,-3.115740592719888,-2.4970438835882924,0.4187495791001843,-0.1164287251613381,2.541142812644273,0.2703581298861386,2.0687642066891287
30.0,129.0,201.7044219970703,-0.6552952230338768,0.789537644755984,-3.131677153117997,-2.725862189701337,-1.327890814222953,0.7257755438118074,-0.0264966475501739,2.5879562114865826,0.2411740536822892,2.06908069814025
30.0,129.0,130.99856567382812,-0.0234737112506512,1.594471586756045,-2.467628198510296,-2.178105572949665,-1.1020588264306614,0.8848706253287761,0.0535956197476396,2.5597304944765247,0.1200217257049796,1.7155511658927949
30.0,129.0,207.52395629882807,-1.0172369141889488,0.5097226488719611,-3.674337809841004,-2.8353189978585056,-1.3644168602548383,0.7515932251121955,-0.0172059671688819,2.580125632767812,0.2261450789481383,2.063133829032119
30.0,129.0,131.0275115966797,-0.0300941791408053,1.5917029557930946,-2.4736354944710914,-2.179986158404016,-1.101528336860324,0.8807576840987235,0.0543171311855271,2.560955495354865,0.1339453615989479,1.7340583791588895
30.0,129.0,131.34779357910156,-0.0236050113651903,1.592411078057243,-2.461288484259544,-2.1584362321296258,-1.0913284330589328,0.8756089622921313,0.0468249695977496,2.557253273821046,0.1043480664315724,1.6937272690030485
30.0,129.0,131.54052734375,-0.0374908409817377,1.579145408390791,-2.4708974046440093,-2.173170668995676,-1.103706658227492,0.8766527544058863,0.0545216399189498,2.552527874858128,0.1294783022806728,1.696074034436237
30.0,129.0,220.53668212890625,-1.2171966783311097,0.4756538204269566,-3.473961005955754,-3.088961056374514,-1.704597891261704,0.4920041034137272,-0.0918239354140258,2.562499878329205,0.3992523830963432,2.654374933471221
30.0,129.0,131.49212646484375,-0.0032793506438343,1.586261915859334,-2.4789431227323098,-2.179291203168704,-1.103498131312232,0.8800762674448059,0.0447492312601952,2.559838826438484,0.1192559137177246,1.7498771024806845
30.0,129.0,245.9429931640625,-0.8483266135729868,0.6453986865434707,-3.506552371550096,-3.271625883978806,-2.56814784519429,0.2147286641374462,-0.1436646083617611,2.4296898910346845,0.2413711030766583,2.371772908737178
30.0,129.0,220.6161956787109,-0.9503927517081534,0.677458880081766,-3.4985466721108613,-3.1419557166689587,-2.6450864950941537,0.7657276416976995,-0.0800017667336136,2.591298282155937,0.2318220931468717,1.9778696258291708
30.0,129.0,209.95681762695312,-0.8546054761373488,0.5561256830121146,-3.5196763665523463,-2.9998356632825494,-1.6631055522139582,0.5872105304760162,-0.0307104087849592,2.588951662564981,0.2473229352094717,1.9606851088631445
30.0,129.0,198.1161651611328,-2.038243775065099,1.5493086873758664,-2.845738260058812,-2.791556400356753,-1.3545742485838108,0.7431300521504673,0.0653416799188597,2.5513340819415955,0.1909917097448164,1.910990100271098
30.0,129.0,205.4263153076172,-1.0610826982318322,0.7387432132212964,-3.5269101097837323,-2.588175478326636,-1.3746018730768372,0.7544874944278932,-0.0259144887775997,2.5909527780546773,0.210068459110206,2.063579531483645
30.0,129.0,146.0563201904297,0.0208050693179463,1.58551564854952,-2.3943690863338416,-2.189487526381773,-1.15428436304566,0.8930564112501748,-0.0583916824555558,2.561422745311817,0.1076432940308701,1.875945353802414
30.0,129.0,131.92140197753906,-0.0353610756530009,1.5673462334055637,-2.4682744910364285,-2.1907999589054787,-1.1035912784603754,0.8778376682417087,0.0683840008420144,2.5581399457559493,0.1360707880856958,1.7505893172754718
30.0,129.0,131.0581817626953,-0.0237856950168128,1.592311938135244,-2.4776814039113724,-2.180229294909255,-1.0974295908565586,0.8812742317247277,0.0482346083441795,2.5614352304876364,0.1355746664708585,1.742250361857216
30.0,129.0,203.7299041748047,-1.4671963034076896,0.7718039591814964,-3.521820860113768,-2.7055890962796987,-1.3850800460590984,0.7492558679810841,0.0041742840984898,2.5864682179734686,0.2295821296873494,1.9406396168518183
30.0,129.0,240.0376892089844,-0.818985015422538,0.7325545795717203,-3.463958090524869,-3.1745869837099026,-1.9281247841715203,0.2058466922336207,-0.3766659363291286,2.6001316734345754,0.2265875295001577,2.1979228280822705
30.0,129.0,239.34703063964844,-0.5573109000134422,1.0820330890696988,-3.240952051214933,-3.640707829016172,-1.7737497179098791,0.4745016799634982,0.0314885242161033,2.6135288507269894,0.153150853889011,1.936260516662292
30.0,129.0,131.6788330078125,-0.0195447226740316,1.6085380916198635,-2.465040132582603,-2.207437228424593,-1.0890279179338376,0.8729860925758106,0.0556089997752755,2.55451339402635,0.1080927873548161,1.7213679349859592
30.0,129.0,133.12086486816406,-0.0185978819456747,1.596717018096805,-2.423044214752788,-2.1990631200598973,-1.1200372808063692,0.8952097661411785,0.0841613063734164,2.566399092186304,0.144011360198191,1.7834039878344117
30.0,129.0,260.75506591796875,-0.7235173814946477,0.2633142916060825,-3.729488048766044,-2.598819823759516,-1.5621266964312754,0.5837873023273118,-0.2228563854805409,2.2311934862750764,0.0184947537160842,1.5811522207979942
30.0,129.0,136.40847778320312,0.0473637946559778,1.6311841545056502,-2.4981178686812058,-2.234337089892308,-1.0792512265831469,0.9117180844922604,0.0574688223411026,2.582897481785505,0.1911317458342219,1.827884652982787
30.0,129.0,209.853515625,-0.6115977473066232,0.7776220381257966,-3.835539989399004,-2.6171739805113914,-1.275521664933832,0.7366176474541036,-0.0458302544230463,2.584816162634513,0.2980722673261389,2.069972514370848
30.0,129.0,131.41119384765625,-0.0147623507889491,1.5842862478134834,-2.492203019910043,-2.182377807085342,-1.1176294240017577,0.8774441381484056,0.0511550270805041,2.5579323287591023,0.1310811902994772,1.7155566387516603
30.0,129.0,131.1041259765625,-0.0208665487897157,1.5916627496255509,-2.4737644061552766,-2.1921131825677924,-1.0988156010189167,0.8808103473936866,0.0543891612300679,2.5603274011756696,0.1330385464875209,1.7329503646663205
30.0,129.0,245.99302673339844,-0.7494604562313425,0.5827624451646062,-3.1978432976312727,-2.930434860001456,-2.589522757468941,0.4511330050359632,-0.2349149109541924,2.459352546895984,0.2558733024443547,1.86071018527782
30.0,129.0,210.119873046875,-0.7610068930568665,0.5642124147423887,-3.726421416211226,-2.7995431788777383,-1.3708891968054873,0.679066308131347,0.0234932080174868,2.5843400721228726,0.297657964549431,2.1950618999519365
30.0,129.0,131.1105499267578,-0.0221724311295,1.5947951088985624,-2.4558031736577384,-2.1836504418792217,-1.0892283745807336,0.8785077536370107,0.0372668804653603,2.556325821081627,0.1287718251508848,1.7389801576389194
30.0,129.0,215.4642791748047,-0.619272128359899,1.0161821115856564,-3.392347947738536,-3.718930889608517,-1.3159031693529706,0.8296082231312336,0.0283507836533688,2.580653015910745,0.2883060967232943,2.043397947376025
30.0,129.0,205.575927734375,-0.8160173862793221,0.5906195673798553,-3.5501247184478806,-2.9220737949502533,-1.5276746941164658,0.7254873283981647,-0.0189028447691116,2.5943872451814447,0.2168908645567235,1.9760531472632008
30.0,129.0,138.71194458007812,-0.0708362691517604,1.5949948039524082,-2.4967222595499083,-2.1658146173084125,-1.0201242883003592,0.8748986778202814,0.0688848097293362,2.547513070176106,0.1676739553251537,1.7869465778264522
30.0,129.0,131.70326232910156,-0.0285048563112289,1.5763782981982608,-2.4947688243147166,-2.1759364619732104,-1.102128358066017,0.8779464383825708,0.0235306095031697,2.5559636629530385,0.1338426328315249,1.724651318458374
30.0,129.0,133.6082000732422,-0.0252374657828058,1.5977130106162114,-2.458041190016303,-2.1807188480129542,-1.1703052188142986,0.8813727380437566,0.032089667739092,2.538555368108474,0.1344910894449503,1.8512861254042647
30.0,129.0,211.49984741210932,-0.6023430394608064,0.6862990325442788,-3.3371353581117207,-2.8851573211860253,-1.389844403508281,0.7960834819435386,-0.0731183203058278,2.570385485955568,0.1939850410112546,2.062637422407674
30.0,129.0,175.5164794921875,-0.1275727271565325,1.62339085304753,-2.615052946708969,-2.15967240363564,-1.267012019226854,0.970328846093216,0.1438623537754713,2.6245913870877176,0.1447551585615671,1.8515117902710128
30.0,129.0,135.9934844970703,0.0306746160903412,1.630728272204205,-2.452994334455136,-2.2177384679066288,-1.1748531251307175,0.7786265248366245,0.0706386248619924,2.546575635877142,0.1585119159435863,1.825865731113942
30.0,129.0,131.47850036621094,-0.0482109867575819,1.595070953507842,-2.465208919588046,-2.161356352001325,-1.1086535445559702,0.8742354972568628,0.0644758361680563,2.566171235006831,0.1290306267162363,1.7637249640635648
30.0,129.0,137.79788208007812,-0.0320439573357102,1.604641101063467,-2.490151561600812,-2.2664146738162065,-1.1175528504715992,0.8387465334122182,0.1152818584369439,2.5584118088977124,0.1215632976113423,1.7016927120065852
30.0,129.0,132.2544403076172,-0.0926571583604785,1.570975001003475,-2.498969002465269,-2.1902786377650174,-1.10818568383066,0.8655126752917419,0.0432246015150623,2.5563345600272336,0.1395084329354663,1.7904093128244234
30.0,130.0,190.19482421875,-0.5017711185615835,1.4778414511659248,-2.71872319504208,-2.5170530990611537,-1.2952749715771184,0.7956053289366514,-0.0186148759708682,2.555307688273708,0.1556492043996025,1.83044638637806
30.0,130.0,201.4370574951172,-0.4540401323260987,0.8179070478135094,-3.314276906304189,-2.628539443785192,-1.3337882873665527,0.7127938785222587,-0.0269535484838654,2.590339428802196,0.2594558839508205,2.0689052243034824
30.0,130.0,131.32760620117188,-0.0138477676352566,1.5801238206622656,-2.464844970157015,-2.2001853369019515,-1.1145212562118412,0.8825863672742946,0.0482689153422356,2.5549206875055126,0.1283080732278719,1.7419780310718291
30.0,130.0,205.40724182128903,-1.2471719392371754,0.7338063691250966,-3.6956164114227614,-2.6893020048638974,-1.4361633841990469,0.7509499775402746,-0.0265320376388999,2.5844589496606782,0.2214973721181175,2.0621365244733765
30.0,130.0,203.2894897460937,-1.959170784239848,1.7808749259414065,-2.621076823328134,-2.538580411128057,-1.303279020384032,0.7399559009117076,-0.0134890833036735,2.541666245410128,0.1967308695834149,1.660602637408188
30.0,130.0,131.3213653564453,-0.0429102185208806,1.6139172368309571,-2.455067661760828,-2.192570424409028,-1.1537170086128037,0.8783661422722325,0.0501194785219237,2.5686246789473715,0.1236030949109955,1.7272500454198143
30.0,130.0,131.29234313964844,-0.0292988435628628,1.5903191293991603,-2.474535023631585,-2.178791754548504,-1.1062768412720332,0.8838733233405248,0.0331911259184767,2.560286759440213,0.1383314190461202,1.7095663921340885
30.0,130.0,131.66275024414062,-0.0244898939013895,1.633907534933411,-2.450073241674686,-2.178626018480413,-1.1165097288550383,0.8865684217666687,0.0757307476464531,2.558888422021949,0.1150073659018199,1.718919415726115
30.0,130.0,189.8971405029297,-0.1405292025412786,1.7033979438090308,-2.524313211938222,-2.287242637165854,-1.447504988022916,0.6167682713394497,-0.0335969687734852,2.5434630684806177,0.1792906129115863,1.4818427283199904
30.0,130.0,217.80987548828125,-0.7399219093249991,0.6265199654248446,-3.3812386568411683,-3.115740592719888,-2.4970438835882924,0.4187495791001843,-0.1164287251613381,2.541142812644273,0.2703581298861386,2.0687642066891287
30.0,130.0,201.7044219970703,-0.6552952230338768,0.789537644755984,-3.131677153117997,-2.725862189701337,-1.327890814222953,0.7257755438118074,-0.0264966475501739,2.5879562114865826,0.2411740536822892,2.06908069814025
30.0,130.0,130.99856567382812,-0.0234737112506512,1.594471586756045,-2.467628198510296,-2.178105572949665,-1.1020588264306614,0.8848706253287761,0.0535956197476396,2.5597304944765247,0.1200217257049796,1.7155511658927949
30.0,130.0,207.52395629882807,-1.0172369141889488,0.5097226488719611,-3.674337809841004,-2.8353189978585056,-1.3644168602548383,0.7515932251121955,-0.0172059671688819,2.580125632767812,0.2261450789481383,2.063133829032119
30.0,130.0,131.0275115966797,-0.0300941791408053,1.5917029557930946,-2.4736354944710914,-2.179986158404016,-1.101528336860324,0.8807576840987235,0.0543171311855271,2.560955495354865,0.1339453615989479,1.7340583791588895
30.0,130.0,131.34779357910156,-0.0236050113651903,1.592411078057243,-2.461288484259544,-2.1584362321296258,-1.0913284330589328,0.8756089622921313,0.0468249695977496,2.557253273821046,0.1043480664315724,1.6937272690030485
30.0,130.0,131.42161560058594,-0.038533292354039,1.5892366472570538,-2.4730058100141314,-2.176173623298241,-1.096248938542509,0.8924396176576174,0.0548470317694644,2.561415777126528,0.1112372819180308,1.6697845681640218
30.0,130.0,220.53668212890625,-1.2171966783311097,0.4756538204269566,-3.473961005955754,-3.088961056374514,-1.704597891261704,0.4920041034137272,-0.0918239354140258,2.562499878329205,0.3992523830963432,2.654374933471221
30.0,130.0,131.3184814453125,-0.0171258733668888,1.596678722866471,-2.476394344750312,-2.179456130701732,-1.0864311656714412,0.8831961793735269,0.0377464094839479,2.558177086704147,0.1227371982698423,1.7416274258183448
30.0,130.0,245.9429931640625,-0.8483266135729868,0.6453986865434707,-3.506552371550096,-3.271625883978806,-2.56814784519429,0.2147286641374462,-0.1436646083617611,2.4296898910346845,0.2413711030766583,2.371772908737178
30.0,130.0,220.6161956787109,-0.9503927517081534,0.677458880081766,-3.4985466721108613,-3.1419557166689587,-2.6450864950941537,0.7657276416976995,-0.0800017667336136,2.591298282155937,0.2318220931468717,1.9778696258291708
30.0,130.0,209.95681762695312,-0.8546054761373488,0.5561256830121146,-3.5196763665523463,-2.9998356632825494,-1.6631055522139582,0.5872105304760162,-0.0307104087849592,2.588951662564981,0.2473229352094717,1.9606851088631445
30.0,130.0,198.1161651611328,-2.038243775065099,1.5493086873758664,-2.845738260058812,-2.791556400356753,-1.3545742485838108,0.7431300521504673,0.0653416799188597,2.5513340819415955,0.1909917097448164,1.910990100271098
30.0,130.0,205.4263153076172,-1.0610826982318322,0.7387432132212964,-3.5269101097837323,-2.588175478326636,-1.3746018730768372,0.7544874944278932,-0.0259144887775997,2.5909527780546773,0.210068459110206,2.063579531483645
30.0,130.0,139.36001586914062,-0.0774070545303248,1.6107636616475962,-2.435309289895771,-2.1221775679526624,-1.1521248722995543,0.8817374030863666,-0.0413502966353422,2.5675322466615333,0.1243038753987036,1.7308025143472547
30.0,130.0,131.92140197753906,-0.0353610756530009,1.5673462334055637,-2.4682744910364285,-2.1907999589054787,-1.1035912784603754,0.8778376682417087,0.0683840008420144,2.5581399457559493,0.1360707880856958,1.7505893172754718
30.0,130.0,131.0581817626953,-0.0237856950168128,1.592311938135244,-2.4776814039113724,-2.180229294909255,-1.0974295908565586,0.8812742317247277,0.0482346083441795,2.5614352304876364,0.1355746664708585,1.742250361857216
30.0,130.0,203.7299041748047,-1.4671963034076896,0.7718039591814964,-3.521820860113768,-2.7055890962796987,-1.3850800460590984,0.7492558679810841,0.0041742840984898,2.5864682179734686,0.2295821296873494,1.9406396168518183
30.0,130.0,240.0376892089844,-0.818985015422538,0.7325545795717203,-3.463958090524869,-3.1745869837099026,-1.9281247841715203,0.2058466922336207,-0.3766659363291286,2.6001316734345754,0.2265875295001577,2.1979228280822705
30.0,130.0,239.34703063964844,-0.5573109000134422,1.0820330890696988,-3.240952051214933,-3.640707829016172,-1.7737497179098791,0.4745016799634982,0.0314885242161033,2.6135288507269894,0.153150853889011,1.936260516662292
30.0,130.0,131.6788330078125,-0.0195447226740316,1.6085380916198635,-2.465040132582603,-2.207437228424593,-1.0890279179338376,0.8729860925758106,0.0556089997752755,2.55451339402635,0.1080927873548161,1.7213679349859592
30.0,130.0,132.22018432617188,-0.0364854123914052,1.6130172805577867,-2.4696113632051406,-2.1790514158174217,-1.1223010435941787,0.8838781733163168,0.0668914882904284,2.5600186007838155,0.1132496544820928,1.7930033591530865
30.0,130.0,260.75506591796875,-0.7235173814946477,0.2633142916060825,-3.729488048766044,-2.598819823759516,-1.5621266964312754,0.5837873023273118,-0.2228563854805409,2.2311934862750764,0.0184947537160842,1.5811522207979942
30.0,130.0,136.40847778320312,0.0473637946559778,1.6311841545056502,-2.4981178686812058,-2.234337089892308,-1.0792512265831469,0.9117180844922604,0.0574688223411026,2.582897481785505,0.1911317458342219,1.827884652982787
30.0,130.0,209.853515625,-0.6115977473066232,0.7776220381257966,-3.835539989399004,-2.6171739805113914,-1.275521664933832,0.7366176474541036,-0.0458302544230463,2.584816162634513,0.2980722673261389,2.069972514370848
30.0,130.0,131.41119384765625,-0.0147623507889491,1.5842862478134834,-2.492203019910043,-2.182377807085342,-1.1176294240017577,0.8774441381484056,0.0511550270805041,2.5579323287591023,0.1310811902994772,1.7155566387516603
30.0,130.0,130.9593048095703,-0.0250098466797264,1.595657124857908,-2.472560541501688,-2.1896878554687973,-1.1014048039777866,0.88618962399519,0.0499380163522769,2.5600996124879907,0.1152695012594677,1.704180585454803
30.0,130.0,245.99302673339844,-0.7494604562313425,0.5827624451646062,-3.1978432976312727,-2.930434860001456,-2.589522757468941,0.4511330050359632,-0.2349149109541924,2.459352546895984,0.2558733024443547,1.86071018527782
30.0,130.0,210.119873046875,-0.7610068930568665,0.5642124147423887,-3.726421416211226,-2.7995431788777383,-1.3708891968054873,0.679066308131347,0.0234932080174868,2.5843400721228726,0.297657964549431,2.1950618999519365
30.0,130.0,131.1105499267578,-0.0221724311295,1.5947951088985624,-2.4558031736577384,-2.1836504418792217,-1.0892283745807336,0.8785077536370107,0.0372668804653603,2.556325821081627,0.1287718251508848,1.7389801576389194
30.0,130.0,215.4642791748047,-0.619272128359899,1.0161821115856564,-3.392347947738536,-3.718930889608517,-1.3159031693529706,0.8296082231312336,0.0283507836533688,2.580653015910745,0.2883060967232943,2.043397947376025
30.0,130.0,205.575927734375,-0.8160173862793221,0.5906195673798553,-3.5501247184478806,-2.9220737949502533,-1.5276746941164658,0.7254873283981647,-0.0189028447691116,2.5943872451814447,0.2168908645567235,1.9760531472632008
30.0,130.0,138.71194458007812,-0.0708362691517604,1.5949948039524082,-2.4967222595499083,-2.1658146173084125,-1.0201242883003592,0.8748986778202814,0.0688848097293362,2.547513070176106,0.1676739553251537,1.7869465778264522
30.0,130.0,131.70326232910156,-0.0285048563112289,1.5763782981982608,-2.4947688243147166,-2.1759364619732104,-1.102128358066017,0.8779464383825708,0.0235306095031697,2.5559636629530385,0.1338426328315249,1.724651318458374
30.0,130.0,132.59158325195312,-0.0212513126031604,1.5935732721924576,-2.487198224335116,-2.227809728071767,-1.1142888674432372,0.8856247128577741,0.0302826547812017,2.545399548612842,0.1136543937748505,1.802107557413208
30.0,130.0,211.49984741210932,-0.6023430394608064,0.6862990325442788,-3.3371353581117207,-2.8851573211860253,-1.389844403508281,0.7960834819435386,-0.0731183203058278,2.570385485955568,0.1939850410112546,2.062637422407674
30.0,130.0,175.5164794921875,-0.1275727271565325,1.62339085304753,-2.615052946708969,-2.15967240363564,-1.267012019226854,0.970328846093216,0.1438623537754713,2.6245913870877176,0.1447551585615671,1.8515117902710128
30.0,130.0,135.9934844970703,0.0306746160903412,1.630728272204205,-2.452994334455136,-2.2177384679066288,-1.1748531251307175,0.7786265248366245,0.0706386248619924,2.546575635877142,0.1585119159435863,1.825865731113942
30.0,130.0,131.47850036621094,-0.0482109867575819,1.595070953507842,-2.465208919588046,-2.161356352001325,-1.1086535445559702,0.8742354972568628,0.0644758361680563,2.566171235006831,0.1290306267162363,1.7637249640635648
30.0,130.0,137.79788208007812,-0.0320439573357102,1.604641101063467,-2.490151561600812,-2.2664146738162065,-1.1175528504715992,0.8387465334122182,0.1152818584369439,2.5584118088977124,0.1215632976113423,1.7016927120065852
30.0,130.0,132.2544403076172,-0.0926571583604785,1.570975001003475,-2.498969002465269,-2.1902786377650174,-1.10818568383066,0.8655126752917419,0.0432246015150623,2.5563345600272336,0.1395084329354663,1.7904093128244234
30.0,131.0,190.19482421875,-0.5017711185615835,1.4778414511659248,-2.71872319504208,-2.5170530990611537,-1.2952749715771184,0.7956053289366514,-0.0186148759708682,2.555307688273708,0.1556492043996025,1.83044638637806
30.0,131.0,201.4370574951172,-0.4540401323260987,0.8179070478135094,-3.314276906304189,-2.628539443785192,-1.3337882873665527,0.7127938785222587,-0.0269535484838654,2.590339428802196,0.2594558839508205,2.0689052243034824
30.0,131.0,131.32760620117188,-0.0138477676352566,1.5801238206622656,-2.464844970157015,-2.2001853369019515,-1.1145212562118412,0.8825863672742946,0.0482689153422356,2.5549206875055126,0.1283080732278719,1.7419780310718291
30.0,131.0,205.40724182128903,-1.2471719392371754,0.7338063691250966,-3.6956164114227614,-2.6893020048638974,-1.4361633841990469,0.7509499775402746,-0.0265320376388999,2.5844589496606782,0.2214973721181175,2.0621365244733765
30.0,131.0,203.2894897460937,-1.959170784239848,1.7808749259414065,-2.621076823328134,-2.538580411128057,-1.303279020384032,0.7399559009117076,-0.0134890833036735,2.541666245410128,0.1967308695834149,1.660602637408188
30.0,131.0,130.8968048095703,-0.0130541646245537,1.593922434430379,-2.46565693336918,-2.205010597545909,-1.1128288523686936,0.8738559420465596,0.0468691288696001,2.5645814587792013,0.1108213846711231,1.7112999884187647
30.0,131.0,131.29234313964844,-0.0292988435628628,1.5903191293991603,-2.474535023631585,-2.178791754548504,-1.1062768412720332,0.8838733233405248,0.0331911259184767,2.560286759440213,0.1383314190461202,1.7095663921340885
30.0,131.0,131.27163696289062,-0.0320772555930487,1.617818362708383,-2.477083834827868,-2.1895742301940047,-1.1140726177456242,0.8863882289938658,0.0637563183191963,2.560572552844615,0.1043939842142013,1.6812820781233233
30.0,131.0,189.8971405029297,-0.1405292025412786,1.7033979438090308,-2.524313211938222,-2.287242637165854,-1.447504988022916,0.6167682713394497,-0.0335969687734852,2.5434630684806177,0.1792906129115863,1.4818427283199904
30.0,131.0,217.80987548828125,-0.7399219093249991,0.6265199654248446,-3.3812386568411683,-3.115740592719888,-2.4970438835882924,0.4187495791001843,-0.1164287251613381,2.541142812644273,0.2703581298861386,2.0687642066891287
30.0,131.0,201.7044219970703,-0.6552952230338768,0.789537644755984,-3.131677153117997,-2.725862189701337,-1.327890814222953,0.7257755438118074,-0.0264966475501739,2.5879562114865826,0.2411740536822892,2.06908069814025
30.0,131.0,130.99856567382812,-0.0234737112506512,1.594471586756045,-2.467628198510296,-2.178105572949665,-1.1020588264306614,0.8848706253287761,0.0535956197476396,2.5597304944765247,0.1200217257049796,1.7155511658927949
30.0,131.0,207.52395629882807,-1.0172369141889488,0.5097226488719611,-3.674337809841004,-2.8353189978585056,-1.3644168602548383,0.7515932251121955,-0.0172059671688819,2.580125632767812,0.2261450789481383,2.063133829032119
30.0,131.0,131.0275115966797,-0.0300941791408053,1.5917029557930946,-2.4736354944710914,-2.179986158404016,-1.101528336860324,0.8807576840987235,0.0543171311855271,2.560955495354865,0.1339453615989479,1.7340583791588895
30.0,131.0,131.34779357910156,-0.0236050113651903,1.592411078057243,-2.461288484259544,-2.1584362321296258,-1.0913284330589328,0.8756089622921313,0.0468249695977496,2.557253273821046,0.1043480664315724,1.6937272690030485
30.0,131.0,131.34127807617188,-0.0316931243681134,1.5997226629228711,-2.4736071995677547,-2.1783831953182187,-1.1024636121718856,0.8915294038516361,0.0536057761938908,2.564545653821982,0.107524709246162,1.7226332048885509
30.0,131.0,220.53668212890625,-1.2171966783311097,0.4756538204269566,-3.473961005955754,-3.088961056374514,-1.704597891261704,0.4920041034137272,-0.0918239354140258,2.562499878329205,0.3992523830963432,2.654374933471221
30.0,131.0,131.1551513671875,-0.0335460027946652,1.6019170254128154,-2.47389335712306,-2.195688374693128,-1.0982380791022026,0.8856186908304893,0.0309710139842772,2.5566419283783275,0.1143255073309255,1.6645614420229051
30.0,131.0,245.9429931640625,-0.8483266135729868,0.6453986865434707,-3.506552371550096,-3.271625883978806,-2.56814784519429,0.2147286641374462,-0.1436646083617611,2.4296898910346845,0.2413711030766583,2.371772908737178
30.0,131.0,220.6161956787109,-0.9503927517081534,0.677458880081766,-3.4985466721108613,-3.1419557166689587,-2.6450864950941537,0.7657276416976995,-0.0800017667336136,2.591298282155937,0.2318220931468717,1.9778696258291708
30.0,131.0,209.95681762695312,-0.8546054761373488,0.5561256830121146,-3.5196763665523463,-2.9998356632825494,-1.6631055522139582,0.5872105304760162,-0.0307104087849592,2.588951662564981,0.2473229352094717,1.9606851088631445
30.0,131.0,198.1161651611328,-2.038243775065099,1.5493086873758664,-2.845738260058812,-2.791556400356753,-1.3545742485838108,0.7431300521504673,0.0653416799188597,2.5513340819415955,0.1909917097448164,1.910990100271098
30.0,131.0,205.4263153076172,-1.0610826982318322,0.7387432132212964,-3.5269101097837323,-2.588175478326636,-1.3746018730768372,0.7544874944278932,-0.0259144887775997,2.5909527780546773,0.210068459110206,2.063579531483645
30.0,131.0,139.36001586914062,-0.0774070545303248,1.6107636616475962,-2.435309289895771,-2.1221775679526624,-1.1521248722995543,0.8817374030863666,-0.0413502966353422,2.5675322466615333,0.1243038753987036,1.7308025143472547
30.0,131.0,131.8915252685547,-0.0220703378242445,1.5818504711222554,-2.477277172560251,-2.2065912925652373,-1.1055036106211495,0.8752669659694866,0.0765810691667238,2.5641400805644348,0.1232296665965192,1.7324196201936295
30.0,131.0,131.0581817626953,-0.0237856950168128,1.592311938135244,-2.4776814039113724,-2.180229294909255,-1.0974295908565586,0.8812742317247277,0.0482346083441795,2.5614352304876364,0.1355746664708585,1.742250361857216
30.0,131.0,203.7299041748047,-1.4671963034076896,0.7718039591814964,-3.521820860113768,-2.7055890962796987,-1.3850800460590984,0.7492558679810841,0.0041742840984898,2.5864682179734686,0.2295821296873494,1.9406396168518183
30.0,131.0,240.0376892089844,-0.818985015422538,0.7325545795717203,-3.463958090524869,-3.1745869837099026,-1.9281247841715203,0.2058466922336207,-0.3766659363291286,2.6001316734345754,0.2265875295001577,2.1979228280822705
30.0,131.0,239.34703063964844,-0.5573109000134422,1.0820330890696988,-3.240952051214933,-3.640707829016172,-1.7737497179098791,0.4745016799634982,0.0314885242161033,2.6135288507269894,0.153150853889011,1.936260516662292
30.0,131.0,131.6788330078125,-0.0195447226740316,1.6085380916198635,-2.465040132582603,-2.207437228424593,-1.0890279179338376,0.8729860925758106,0.0556089997752755,2.55451339402635,0.1080927873548161,1.7213679349859592
30.0,131.0,131.57919311523438,-0.0372607438120079,1.600256455601346,-2.4750249211333,-2.204021794344572,-1.1008989996210603,0.8813471894117355,0.0512946878944528,2.559004753125338,0.1056879639309788,1.7473183122605995
30.0,131.0,260.75506591796875,-0.7235173814946477,0.2633142916060825,-3.729488048766044,-2.598819823759516,-1.5621266964312754,0.5837873023273118,-0.2228563854805409,2.2311934862750764,0.0184947537160842,1.5811522207979942
30.0,131.0,136.40847778320312,0.0473637946559778,1.6311841545056502,-2.4981178686812058,-2.234337089892308,-1.0792512265831469,0.9117180844922604,0.0574688223411026,2.582897481785505,0.1911317458342219,1.827884652982787
30.0,131.0,209.853515625,-0.6115977473066232,0.7776220381257966,-3.835539989399004,-2.6171739805113914,-1.275521664933832,0.7366176474541036,-0.0458302544230463,2.584816162634513,0.2980722673261389,2.069972514370848
30.0,131.0,131.41119384765625,-0.0147623507889491,1.5842862478134834,-2.492203019910043,-2.182377807085342,-1.1176294240017577,0.8774441381484056,0.0511550270805041,2.5579323287591023,0.1310811902994772,1.7155566387516603
30.0,131.0,130.9593048095703,-0.0250098466797264,1.595657124857908,-2.472560541501688,-2.1896878554687973,-1.1014048039777866,0.88618962399519,0.0499380163522769,2.5600996124879907,0.1152695012594677,1.704180585454803
30.0,131.0,245.99302673339844,-0.7494604562313425,0.5827624451646062,-3.1978432976312727,-2.930434860001456,-2.589522757468941,0.4511330050359632,-0.2349149109541924,2.459352546895984,0.2558733024443547,1.86071018527782
30.0,131.0,210.119873046875,-0.7610068930568665,0.5642124147423887,-3.726421416211226,-2.7995431788777383,-1.3708891968054873,0.679066308131347,0.0234932080174868,2.5843400721228726,0.297657964549431,2.1950618999519365
30.0,131.0,131.1105499267578,-0.0221724311295,1.5947951088985624,-2.4558031736577384,-2.1836504418792217,-1.0892283745807336,0.8785077536370107,0.0372668804653603,2.556325821081627,0.1287718251508848,1.7389801576389194
30.0,131.0,215.4642791748047,-0.619272128359899,1.0161821115856564,-3.392347947738536,-3.718930889608517,-1.3159031693529706,0.8296082231312336,0.0283507836533688,2.580653015910745,0.2883060967232943,2.043397947376025
30.0,131.0,205.575927734375,-0.8160173862793221,0.5906195673798553,-3.5501247184478806,-2.9220737949502533,-1.5276746941164658,0.7254873283981647,-0.0189028447691116,2.5943872451814447,0.2168908645567235,1.9760531472632008
30.0,131.0,138.71194458007812,-0.0708362691517604,1.5949948039524082,-2.4967222595499083,-2.1658146173084125,-1.0201242883003592,0.8748986778202814,0.0688848097293362,2.547513070176106,0.1676739553251537,1.7869465778264522
30.0,131.0,131.70326232910156,-0.0285048563112289,1.5763782981982608,-2.4947688243147166,-2.1759364619732104,-1.102128358066017,0.8779464383825708,0.0235306095031697,2.5559636629530385,0.1338426328315249,1.724651318458374
30.0,131.0,132.31307983398438,-0.0201367516182242,1.5943505654373429,-2.478508906343367,-2.192563088424358,-1.085471542088607,0.8874780293254546,0.0658554534331111,2.5767009232328912,0.1065971080253319,1.7424219041076927
30.0,131.0,211.49984741210932,-0.6023430394608064,0.6862990325442788,-3.3371353581117207,-2.8851573211860253,-1.389844403508281,0.7960834819435386,-0.0731183203058278,2.570385485955568,0.1939850410112546,2.062637422407674
30.0,131.0,175.5164794921875,-0.1275727271565325,1.62339085304753,-2.615052946708969,-2.15967240363564,-1.267012019226854,0.970328846093216,0.1438623537754713,2.6245913870877176,0.1447551585615671,1.8515117902710128
30.0,131.0,135.9934844970703,0.0306746160903412,1.630728272204205,-2.452994334455136,-2.2177384679066288,-1.1748531251307175,0.7786265248366245,0.0706386248619924,2.546575635877142,0.1585119159435863,1.825865731113942
30.0,131.0,131.47850036621094,-0.0482109867575819,1.595070953507842,-2.465208919588046,-2.161356352001325,-1.1086535445559702,0.8742354972568628,0.0644758361680563,2.566171235006831,0.1290306267162363,1.7637249640635648
30.0,131.0,137.79788208007812,-0.0320439573357102,1.604641101063467,-2.490151561600812,-2.2664146738162065,-1.1175528504715992,0.8387465334122182,0.1152818584369439,2.5584118088977124,0.1215632976113423,1.7016927120065852
30.0,131.0,132.2544403076172,-0.0926571583604785,1.570975001003475,-2.498969002465269,-2.1902786377650174,-1.10818568383066,0.8655126752917419,0.0432246015150623,2.5563345600272336,0.1395084329354663,1.7904093128244234
30.0,132.0,190.19482421875,-0.5017711185615835,1.4778414511659248,-2.71872319504208,-2.5170530990611537,-1.2952749715771184,0.7956053289366514,-0.0186148759708682,2.555307688273708,0.1556492043996025,1.83044638637806
30.0,132.0,201.4370574951172,-0.4540401323260987,0.8179070478135094,-3.314276906304189,-2.628539443785192,-1.3337882873665527,0.7127938785222587,-0.0269535484838654,2.590339428802196,0.2594558839508205,2.0689052243034824
30.0,132.0,131.32760620117188,-0.0138477676352566,1.5801238206622656,-2.464844970157015,-2.2001853369019515,-1.1145212562118412,0.8825863672742946,0.0482689153422356,2.5549206875055126,0.1283080732278719,1.7419780310718291
30.0,132.0,205.40724182128903,-1.2471719392371754,0.7338063691250966,-3.6956164114227614,-2.6893020048638974,-1.4361633841990469,0.7509499775402746,-0.0265320376388999,2.5844589496606782,0.2214973721181175,2.0621365244733765
30.0,132.0,203.2894897460937,-1.959170784239848,1.7808749259414065,-2.621076823328134,-2.538580411128057,-1.303279020384032,0.7399559009117076,-0.0134890833036735,2.541666245410128,0.1967308695834149,1.660602637408188
30.0,132.0,130.8968048095703,-0.0130541646245537,1.593922434430379,-2.46565693336918,-2.205010597545909,-1.1128288523686936,0.8738559420465596,0.0468691288696001,2.5645814587792013,0.1108213846711231,1.7112999884187647
30.0,132.0,131.29234313964844,-0.0292988435628628,1.5903191293991603,-2.474535023631585,-2.178791754548504,-1.1062768412720332,0.8838733233405248,0.0331911259184767,2.560286759440213,0.1383314190461202,1.7095663921340885
30.0,132.0,131.25656127929688,-0.030854168000456,1.577779857804125,-2.470962633887744,-2.207131439125804,-1.1117386014380095,0.8788130414107205,0.0558614835428843,2.5649694151951747,0.111370725862921,1.6801219174218938
30.0,132.0,189.8971405029297,-0.1405292025412786,1.7033979438090308,-2.524313211938222,-2.287242637165854,-1.447504988022916,0.6167682713394497,-0.0335969687734852,2.5434630684806177,0.1792906129115863,1.4818427283199904
30.0,132.0,217.80987548828125,-0.7399219093249991,0.6265199654248446,-3.3812386568411683,-3.115740592719888,-2.4970438835882924,0.4187495791001843,-0.1164287251613381,2.541142812644273,0.2703581298861386,2.0687642066891287
30.0,132.0,201.7044219970703,-0.6552952230338768,0.789537644755984,-3.131677153117997,-2.725862189701337,-1.327890814222953,0.7257755438118074,-0.0264966475501739,2.5879562114865826,0.2411740536822892,2.06908069814025
30.0,132.0,130.8868408203125,-0.0094736484989709,1.593368925658871,-2.4672294850704226,-2.2041667451512463,-1.1159381540922522,0.874460977322806,0.0518323341034448,2.570144345418393,0.1239595520809595,1.7305083555203484
30.0,132.0,207.52395629882807,-1.0172369141889488,0.5097226488719611,-3.674337809841004,-2.8353189978585056,-1.3644168602548383,0.7515932251121955,-0.0172059671688819,2.580125632767812,0.2261450789481383,2.063133829032119
30.0,132.0,131.0275115966797,-0.0300941791408053,1.5917029557930946,-2.4736354944710914,-2.179986158404016,-1.101528336860324,0.8807576840987235,0.0543171311855271,2.560955495354865,0.1339453615989479,1.7340583791588895
30.0,132.0,131.34779357910156,-0.0236050113651903,1.592411078057243,-2.461288484259544,-2.1584362321296258,-1.0913284330589328,0.8756089622921313,0.0468249695977496,2.557253273821046,0.1043480664315724,1.6937272690030485
30.0,132.0,130.75709533691406,-0.0072192118197653,1.599520006561203,-2.461711918796834,-2.1938869249080444,-1.1241436963533349,0.8584373088272397,0.0500892452347779,2.5657918721270416,0.1125438261030244,1.732941138418418
30.0,132.0,220.53668212890625,-1.2171966783311097,0.4756538204269566,-3.473961005955754,-3.088961056374514,-1.704597891261704,0.4920041034137272,-0.0918239354140258,2.562499878329205,0.3992523830963432,2.654374933471221
30.0,132.0,130.93505859375,-0.0267616870923232,1.5899520236190323,-2.4636806400194207,-2.2099270036747964,-1.1220809283682462,0.8771587764719065,0.0338025424831254,2.5675146585115503,0.1074959522911677,1.6736809985365169
30.0,132.0,245.9429931640625,-0.8483266135729868,0.6453986865434707,-3.506552371550096,-3.271625883978806,-2.56814784519429,0.2147286641374462,-0.1436646083617611,2.4296898910346845,0.2413711030766583,2.371772908737178
30.0,132.0,220.6161956787109,-0.9503927517081534,0.677458880081766,-3.4985466721108613,-3.1419557166689587,-2.6450864950941537,0.7657276416976995,-0.0800017667336136,2.591298282155937,0.2318220931468717,1.9778696258291708
30.0,132.0,209.95681762695312,-0.8546054761373488,0.5561256830121146,-3.5196763665523463,-2.9998356632825494,-1.6631055522139582,0.5872105304760162,-0.0307104087849592,2.588951662564981,0.2473229352094717,1.9606851088631445
30.0,132.0,198.1161651611328,-2.038243775065099,1.5493086873758664,-2.845738260058812,-2.791556400356753,-1.3545742485838108,0.7431300521504673,0.0653416799188597,2.5513340819415955,0.1909917097448164,1.910990100271098
30.0,132.0,205.4263153076172,-1.0610826982318322,0.7387432132212964,-3.5269101097837323,-2.588175478326636,-1.3746018730768372,0.7544874944278932,-0.0259144887775997,2.5909527780546773,0.210068459110206,2.063579531483645
30.0,132.0,139.36001586914062,-0.0774070545303248,1.6107636616475962,-2.435309289895771,-2.1221775679526624,-1.1521248722995543,0.8817374030863666,-0.0413502966353422,2.5675322466615333,0.1243038753987036,1.7308025143472547
30.0,132.0,130.63694763183594,-0.0158208742008888,1.5940504411909475,-2.4818744723810435,-2.2125646632840947,-1.1213255934437285,0.8684802830576959,0.0376850974264508,2.5676178744987874,0.1238659615227365,1.731371259484648
30.0,132.0,131.0225830078125,0.003746723345173,1.5960581208962763,-2.46019258165567,-2.196840072869813,-1.1144014014517856,0.8742996247090098,0.0454087299057329,2.561221737196761,0.1306013668717527,1.7425577280200164
30.0,132.0,203.7299041748047,-1.4671963034076896,0.7718039591814964,-3.521820860113768,-2.7055890962796987,-1.3850800460590984,0.7492558679810841,0.0041742840984898,2.5864682179734686,0.2295821296873494,1.9406396168518183
30.0,132.0,240.0376892089844,-0.818985015422538,0.7325545795717203,-3.463958090524869,-3.1745869837099026,-1.9281247841715203,0.2058466922336207,-0.3766659363291286,2.6001316734345754,0.2265875295001577,2.1979228280822705
30.0,132.0,239.34703063964844,-0.5573109000134422,1.0820330890696988,-3.240952051214933,-3.640707829016172,-1.7737497179098791,0.4745016799634982,0.0314885242161033,2.6135288507269894,0.153150853889011,1.936260516662292
30.0,132.0,131.6788330078125,-0.0195447226740316,1.6085380916198635,-2.465040132582603,-2.207437228424593,-1.0890279179338376,0.8729860925758106,0.0556089997752755,2.55451339402635,0.1080927873548161,1.7213679349859592
30.0,132.0,131.57919311523438,-0.0372607438120079,1.600256455601346,-2.4750249211333,-2.204021794344572,-1.1008989996210603,0.8813471894117355,0.0512946878944528,2.559004753125338,0.1056879639309788,1.7473183122605995
30.0,132.0,260.75506591796875,-0.7235173814946477,0.2633142916060825,-3.729488048766044,-2.598819823759516,-1.5621266964312754,0.5837873023273118,-0.2228563854805409,2.2311934862750764,0.0184947537160842,1.5811522207979942
30.0,132.0,136.40847778320312,0.0473637946559778,1.6311841545056502,-2.4981178686812058,-2.234337089892308,-1.0792512265831469,0.9117180844922604,0.0574688223411026,2.582897481785505,0.1911317458342219,1.827884652982787
30.0,132.0,209.853515625,-0.6115977473066232,0.7776220381257966,-3.835539989399004,-2.6171739805113914,-1.275521664933832,0.7366176474541036,-0.0458302544230463,2.584816162634513,0.2980722673261389,2.069972514370848
30.0,132.0,131.41119384765625,-0.0147623507889491,1.5842862478134834,-2.492203019910043,-2.182377807085342,-1.1176294240017577,0.8774441381484056,0.0511550270805041,2.5579323287591023,0.1310811902994772,1.7155566387516603
30.0,132.0,130.9593048095703,-0.0250098466797264,1.595657124857908,-2.472560541501688,-2.1896878554687973,-1.1014048039777866,0.88618962399519,0.0499380163522769,2.5600996124879907,0.1152695012594677,1.704180585454803
30.0,132.0,245.99302673339844,-0.7494604562313425,0.5827624451646062,-3.1978432976312727,-2.930434860001456,-2.589522757468941,0.4511330050359632,-0.2349149109541924,2.459352546895984,0.2558733024443547,1.86071018527782
30.0,132.0,210.119873046875,-0.7610068930568665,0.5642124147423887,-3.726421416211226,-2.7995431788777383,-1.3708891968054873,0.679066308131347,0.0234932080174868,2.5843400721228726,0.297657964549431,2.1950618999519365
30.0,132.0,131.1105499267578,-0.0221724311295,1.5947951088985624,-2.4558031736577384,-2.1836504418792217,-1.0892283745807336,0.8785077536370107,0.0372668804653603,2.556325821081627,0.1287718251508848,1.7389801576389194
30.0,132.0,215.4642791748047,-0.619272128359899,1.0161821115856564,-3.392347947738536,-3.718930889608517,-1.3159031693529706,0.8296082231312336,0.0283507836533688,2.580653015910745,0.2883060967232943,2.043397947376025
30.0,132.0,205.575927734375,-0.8160173862793221,0.5906195673798553,-3.5501247184478806,-2.9220737949502533,-1.5276746941164658,0.7254873283981647,-0.0189028447691116,2.5943872451814447,0.2168908645567235,1.9760531472632008
30.0,132.0,137.99317932128906,-0.0224946946464303,1.591288224030904,-2.4980302986486422,-2.214059585938304,-1.0463221367449136,0.8705257517465949,0.0232922482651668,2.54495862716522,0.092786415343891,1.8187959074295068
30.0,132.0,130.62899780273438,-0.0242292787556977,1.6012337053711958,-2.464579507004121,-2.195260153281381,-1.1143679015637342,0.8785199711550532,0.0315793417836433,2.566001853923271,0.1282982925046728,1.7179030245262106
30.0,132.0,131.53829956054688,-0.0076790494752185,1.5943174545852543,-2.4495227985729926,-2.199589434565998,-1.110655214420455,0.873052882472955,0.0423417236017487,2.580700681739765,0.1063755822080659,1.7067714874138826
30.0,132.0,211.49984741210932,-0.6023430394608064,0.6862990325442788,-3.3371353581117207,-2.8851573211860253,-1.389844403508281,0.7960834819435386,-0.0731183203058278,2.570385485955568,0.1939850410112546,2.062637422407674
30.0,132.0,175.5164794921875,-0.1275727271565325,1.62339085304753,-2.615052946708969,-2.15967240363564,-1.267012019226854,0.970328846093216,0.1438623537754713,2.6245913870877176,0.1447551585615671,1.8515117902710128
30.0,132.0,135.9934844970703,0.0306746160903412,1.630728272204205,-2.452994334455136,-2.2177384679066288,-1.1748531251307175,0.7786265248366245,0.0706386248619924,2.546575635877142,0.1585119159435863,1.825865731113942
30.0,132.0,131.47850036621094,-0.0482109867575819,1.595070953507842,-2.465208919588046,-2.161356352001325,-1.1086535445559702,0.8742354972568628,0.0644758361680563,2.566171235006831,0.1290306267162363,1.7637249640635648
30.0,132.0,137.79788208007812,-0.0320439573357102,1.604641101063467,-2.490151561600812,-2.2664146738162065,-1.1175528504715992,0.8387465334122182,0.1152818584369439,2.5584118088977124,0.1215632976113423,1.7016927120065852
30.0,132.0,132.2544403076172,-0.0926571583604785,1.570975001003475,-2.498969002465269,-2.1902786377650174,-1.10818568383066,0.8655126752917419,0.0432246015150623,2.5563345600272336,0.1395084329354663,1.7904093128244234
30.0,133.0,190.19482421875,-0.5017711185615835,1.4778414511659248,-2.71872319504208,-2.5170530990611537,-1.2952749715771184,0.7956053289366514,-0.0186148759708682,2.555307688273708,0.1556492043996025,1.83044638637806
30.0,133.0,201.4370574951172,-0.4540401323260987,0.8179070478135094,-3.314276906304189,-2.628539443785192,-1.3337882873665527,0.7127938785222587,-0.0269535484838654,2.590339428802196,0.2594558839508205,2.0689052243034824
30.0,133.0,131.32760620117188,-0.0138477676352566,1.5801238206622656,-2.464844970157015,-2.2001853369019515,-1.1145212562118412,0.8825863672742946,0.0482689153422356,2.5549206875055126,0.1283080732278719,1.7419780310718291
30.0,133.0,205.40724182128903,-1.2471719392371754,0.7338063691250966,-3.6956164114227614,-2.6893020048638974,-1.4361633841990469,0.7509499775402746,-0.0265320376388999,2.5844589496606782,0.2214973721181175,2.0621365244733765
30.0,133.0,203.2894897460937,-1.959170784239848,1.7808749259414065,-2.621076823328134,-2.538580411128057,-1.303279020384032,0.7399559009117076,-0.0134890833036735,2.541666245410128,0.1967308695834149,1.660602637408188
30.0,133.0,130.8968048095703,-0.0130541646245537,1.593922434430379,-2.46565693336918,-2.205010597545909,-1.1128288523686936,0.8738559420465596,0.0468691288696001,2.5645814587792013,0.1108213846711231,1.7112999884187647
30.0,133.0,131.29234313964844,-0.0292988435628628,1.5903191293991603,-2.474535023631585,-2.178791754548504,-1.1062768412720332,0.8838733233405248,0.0331911259184767,2.560286759440213,0.1383314190461202,1.7095663921340885
30.0,133.0,131.11029052734375,-0.0214100554638076,1.5783932969780123,-2.4684257735971133,-2.194878106680909,-1.1158955469307597,0.8753119892646283,0.0234043640554535,2.566892243626357,0.1376362262045719,1.7435774233153352
30.0,133.0,189.8971405029297,-0.1405292025412786,1.7033979438090308,-2.524313211938222,-2.287242637165854,-1.447504988022916,0.6167682713394497,-0.0335969687734852,2.5434630684806177,0.1792906129115863,1.4818427283199904
30.0,133.0,217.80987548828125,-0.7399219093249991,0.6265199654248446,-3.3812386568411683,-3.115740592719888,-2.4970438835882924,0.4187495791001843,-0.1164287251613381,2.541142812644273,0.2703581298861386,2.0687642066891287
30.0,133.0,201.7044219970703,-0.6552952230338768,0.789537644755984,-3.131677153117997,-2.725862189701337,-1.327890814222953,0.7257755438118074,-0.0264966475501739,2.5879562114865826,0.2411740536822892,2.06908069814025
30.0,133.0,130.63623046875,-0.0137190218444058,1.6060184423377524,-2.4620230283201523,-2.20805397089418,-1.118955715522452,0.8735380730458316,0.0459290622104521,2.5734871575196308,0.133429026802837,1.7378577491069405
30.0,133.0,207.52395629882807,-1.0172369141889488,0.5097226488719611,-3.674337809841004,-2.8353189978585056,-1.3644168602548383,0.7515932251121955,-0.0172059671688819,2.580125632767812,0.2261450789481383,2.063133829032119
30.0,133.0,131.0275115966797,-0.0300941791408053,1.5917029557930946,-2.4736354944710914,-2.179986158404016,-1.101528336860324,0.8807576840987235,0.0543171311855271,2.560955495354865,0.1339453615989479,1.7340583791588895
30.0,133.0,131.34779357910156,-0.0236050113651903,1.592411078057243,-2.461288484259544,-2.1584362321296258,-1.0913284330589328,0.8756089622921313,0.0468249695977496,2.557253273821046,0.1043480664315724,1.6937272690030485
30.0,133.0,130.75709533691406,-0.0072192118197653,1.599520006561203,-2.461711918796834,-2.1938869249080444,-1.1241436963533349,0.8584373088272397,0.0500892452347779,2.5657918721270416,0.1125438261030244,1.732941138418418
30.0,133.0,220.53668212890625,-1.2171966783311097,0.4756538204269566,-3.473961005955754,-3.088961056374514,-1.704597891261704,0.4920041034137272,-0.0918239354140258,2.562499878329205,0.3992523830963432,2.654374933471221
30.0,133.0,130.8074951171875,-0.0222379245442398,1.6000721975686312,-2.460528358611432,-2.213176088300447,-1.1297597497806375,0.8738615406070241,0.0308424503716241,2.569945365372688,0.1276835026659077,1.7639423395974707
30.0,133.0,245.9429931640625,-0.8483266135729868,0.6453986865434707,-3.506552371550096,-3.271625883978806,-2.56814784519429,0.2147286641374462,-0.1436646083617611,2.4296898910346845,0.2413711030766583,2.371772908737178
30.0,133.0,220.6161956787109,-0.9503927517081534,0.677458880081766,-3.4985466721108613,-3.1419557166689587,-2.6450864950941537,0.7657276416976995,-0.0800017667336136,2.591298282155937,0.2318220931468717,1.9778696258291708
30.0,133.0,209.95681762695312,-0.8546054761373488,0.5561256830121146,-3.5196763665523463,-2.9998356632825494,-1.6631055522139582,0.5872105304760162,-0.0307104087849592,2.588951662564981,0.2473229352094717,1.9606851088631445
30.0,133.0,198.1161651611328,-2.038243775065099,1.5493086873758664,-2.845738260058812,-2.791556400356753,-1.3545742485838108,0.7431300521504673,0.0653416799188597,2.5513340819415955,0.1909917097448164,1.910990100271098
30.0,133.0,205.4263153076172,-1.0610826982318322,0.7387432132212964,-3.5269101097837323,-2.588175478326636,-1.3746018730768372,0.7544874944278932,-0.0259144887775997,2.5909527780546773,0.210068459110206,2.063579531483645
30.0,133.0,139.36001586914062,-0.0774070545303248,1.6107636616475962,-2.435309289895771,-2.1221775679526624,-1.1521248722995543,0.8817374030863666,-0.0413502966353422,2.5675322466615333,0.1243038753987036,1.7308025143472547
30.0,133.0,130.63694763183594,-0.0158208742008888,1.5940504411909475,-2.4818744723810435,-2.2125646632840947,-1.1213255934437285,0.8684802830576959,0.0376850974264508,2.5676178744987874,0.1238659615227365,1.731371259484648
30.0,133.0,130.91091918945312,-0.0308009299414181,1.6018835137297696,-2.4482637279596866,-2.1952693118778783,-1.1189589846424923,0.8785856623814114,0.0197045111231801,2.5608379380785844,0.1275167504532207,1.7377600298166027
30.0,133.0,203.7299041748047,-1.4671963034076896,0.7718039591814964,-3.521820860113768,-2.7055890962796987,-1.3850800460590984,0.7492558679810841,0.0041742840984898,2.5864682179734686,0.2295821296873494,1.9406396168518183
30.0,133.0,240.0376892089844,-0.818985015422538,0.7325545795717203,-3.463958090524869,-3.1745869837099026,-1.9281247841715203,0.2058466922336207,-0.3766659363291286,2.6001316734345754,0.2265875295001577,2.1979228280822705
30.0,133.0,239.34703063964844,-0.5573109000134422,1.0820330890696988,-3.240952051214933,-3.640707829016172,-1.7737497179098791,0.4745016799634982,0.0314885242161033,2.6135288507269894,0.153150853889011,1.936260516662292
30.0,133.0,131.24679565429688,-0.0022604359966386,1.6141590459937567,-2.441244972269571,-2.1714371744627345,-1.1208083145401346,0.8780563939173385,0.0352644227132041,2.5591350827134094,0.1383523253428388,1.7026928506812629
30.0,133.0,131.29983520507812,-0.039105423599584,1.6062707311643245,-2.47142516795986,-2.197312345689175,-1.1099900779378291,0.8949592412710364,0.0302483045831138,2.563623197641851,0.1418732995250128,1.7589603940424297
30.0,133.0,260.75506591796875,-0.7235173814946477,0.2633142916060825,-3.729488048766044,-2.598819823759516,-1.5621266964312754,0.5837873023273118,-0.2228563854805409,2.2311934862750764,0.0184947537160842,1.5811522207979942
30.0,133.0,136.40847778320312,0.0473637946559778,1.6311841545056502,-2.4981178686812058,-2.234337089892308,-1.0792512265831469,0.9117180844922604,0.0574688223411026,2.582897481785505,0.1911317458342219,1.827884652982787
30.0,133.0,209.853515625,-0.6115977473066232,0.7776220381257966,-3.835539989399004,-2.6171739805113914,-1.275521664933832,0.7366176474541036,-0.0458302544230463,2.584816162634513,0.2980722673261389,2.069972514370848
30.0,133.0,131.41119384765625,-0.0147623507889491,1.5842862478134834,-2.492203019910043,-2.182377807085342,-1.1176294240017577,0.8774441381484056,0.0511550270805041,2.5579323287591023,0.1310811902994772,1.7155566387516603
30.0,133.0,130.9593048095703,-0.0250098466797264,1.595657124857908,-2.472560541501688,-2.1896878554687973,-1.1014048039777866,0.88618962399519,0.0499380163522769,2.5600996124879907,0.1152695012594677,1.704180585454803
30.0,133.0,245.99302673339844,-0.7494604562313425,0.5827624451646062,-3.1978432976312727,-2.930434860001456,-2.589522757468941,0.4511330050359632,-0.2349149109541924,2.459352546895984,0.2558733024443547,1.86071018527782
30.0,133.0,210.119873046875,-0.7610068930568665,0.5642124147423887,-3.726421416211226,-2.7995431788777383,-1.3708891968054873,0.679066308131347,0.0234932080174868,2.5843400721228726,0.297657964549431,2.1950618999519365
30.0,133.0,131.1105499267578,-0.0221724311295,1.5947951088985624,-2.4558031736577384,-2.1836504418792217,-1.0892283745807336,0.8785077536370107,0.0372668804653603,2.556325821081627,0.1287718251508848,1.7389801576389194
30.0,133.0,215.4642791748047,-0.619272128359899,1.0161821115856564,-3.392347947738536,-3.718930889608517,-1.3159031693529706,0.8296082231312336,0.0283507836533688,2.580653015910745,0.2883060967232943,2.043397947376025
30.0,133.0,205.575927734375,-0.8160173862793221,0.5906195673798553,-3.5501247184478806,-2.9220737949502533,-1.5276746941164658,0.7254873283981647,-0.0189028447691116,2.5943872451814447,0.2168908645567235,1.9760531472632008
30.0,133.0,137.99317932128906,-0.0224946946464303,1.591288224030904,-2.4980302986486422,-2.214059585938304,-1.0463221367449136,0.8705257517465949,0.0232922482651668,2.54495862716522,0.092786415343891,1.8187959074295068
30.0,133.0,130.62899780273438,-0.0242292787556977,1.6012337053711958,-2.464579507004121,-2.195260153281381,-1.1143679015637342,0.8785199711550532,0.0315793417836433,2.566001853923271,0.1282982925046728,1.7179030245262106
30.0,133.0,131.52963256835938,-0.0197374258391891,1.6022056722685647,-2.448111015839101,-2.2018830148947948,-1.121386207863067,0.8765083397749386,0.0175819197561415,2.556217802417271,0.1426050736853314,1.7073220959847262
30.0,133.0,211.49984741210932,-0.6023430394608064,0.6862990325442788,-3.3371353581117207,-2.8851573211860253,-1.389844403508281,0.7960834819435386,-0.0731183203058278,2.570385485955568,0.1939850410112546,2.062637422407674
30.0,133.0,175.5164794921875,-0.1275727271565325,1.62339085304753,-2.615052946708969,-2.15967240363564,-1.267012019226854,0.970328846093216,0.1438623537754713,2.6245913870877176,0.1447551585615671,1.8515117902710128
30.0,133.0,133.6562957763672,0.0310271037570986,1.6819388461679168,-2.4448092422303533,-2.222700150977468,-1.1762325657441854,0.8553105437401876,0.03347853790207,2.5427244503678743,0.1554916748118071,1.8200415690141984
30.0,133.0,131.47850036621094,-0.0482109867575819,1.595070953507842,-2.465208919588046,-2.161356352001325,-1.1086535445559702,0.8742354972568628,0.0644758361680563,2.566171235006831,0.1290306267162363,1.7637249640635648
30.0,133.0,137.79788208007812,-0.0320439573357102,1.604641101063467,-2.490151561600812,-2.2664146738162065,-1.1175528504715992,0.8387465334122182,0.1152818584369439,2.5584118088977124,0.1215632976113423,1.7016927120065852
30.0,133.0,132.2544403076172,-0.0926571583604785,1.570975001003475,-2.498969002465269,-2.1902786377650174,-1.10818568383066,0.8655126752917419,0.0432246015150623,2.5563345600272336,0.1395084329354663,1.7904093128244234
30.0,134.0,190.19482421875,-0.5017711185615835,1.4778414511659248,-2.71872319504208,-2.5170530990611537,-1.2952749715771184,0.7956053289366514,-0.0186148759708682,2.555307688273708,0.1556492043996025,1.83044638637806
30.0,134.0,201.4370574951172,-0.4540401323260987,0.8179070478135094,-3.314276906304189,-2.628539443785192,-1.3337882873665527,0.7127938785222587,-0.0269535484838654,2.590339428802196,0.2594558839508205,2.0689052243034824
30.0,134.0,131.32760620117188,-0.0138477676352566,1.5801238206622656,-2.464844970157015,-2.2001853369019515,-1.1145212562118412,0.8825863672742946,0.0482689153422356,2.5549206875055126,0.1283080732278719,1.7419780310718291
30.0,134.0,205.40724182128903,-1.2471719392371754,0.7338063691250966,-3.6956164114227614,-2.6893020048638974,-1.4361633841990469,0.7509499775402746,-0.0265320376388999,2.5844589496606782,0.2214973721181175,2.0621365244733765
30.0,134.0,203.2894897460937,-1.959170784239848,1.7808749259414065,-2.621076823328134,-2.538580411128057,-1.303279020384032,0.7399559009117076,-0.0134890833036735,2.541666245410128,0.1967308695834149,1.660602637408188
30.0,134.0,130.8968048095703,-0.0130541646245537,1.593922434430379,-2.46565693336918,-2.205010597545909,-1.1128288523686936,0.8738559420465596,0.0468691288696001,2.5645814587792013,0.1108213846711231,1.7112999884187647
30.0,134.0,131.29234313964844,-0.0292988435628628,1.5903191293991603,-2.474535023631585,-2.178791754548504,-1.1062768412720332,0.8838733233405248,0.0331911259184767,2.560286759440213,0.1383314190461202,1.7095663921340885
30.0,134.0,130.84092712402344,-0.0228664439025479,1.6094759657758848,-2.46712325629674,-2.1904041537201664,-1.1154588085550183,0.879260856609133,0.0205694165988551,2.5660988707370653,0.1408629249671514,1.7410086780969487
30.0,134.0,189.8971405029297,-0.1405292025412786,1.7033979438090308,-2.524313211938222,-2.287242637165854,-1.447504988022916,0.6167682713394497,-0.0335969687734852,2.5434630684806177,0.1792906129115863,1.4818427283199904
30.0,134.0,217.80987548828125,-0.7399219093249991,0.6265199654248446,-3.3812386568411683,-3.115740592719888,-2.4970438835882924,0.4187495791001843,-0.1164287251613381,2.541142812644273,0.2703581298861386,2.0687642066891287
30.0,134.0,201.7044219970703,-0.6552952230338768,0.789537644755984,-3.131677153117997,-2.725862189701337,-1.327890814222953,0.7257755438118074,-0.0264966475501739,2.5879562114865826,0.2411740536822892,2.06908069814025
30.0,134.0,130.63623046875,-0.0137190218444058,1.6060184423377524,-2.4620230283201523,-2.20805397089418,-1.118955715522452,0.8735380730458316,0.0459290622104521,2.5734871575196308,0.133429026802837,1.7378577491069405
30.0,134.0,207.52395629882807,-1.0172369141889488,0.5097226488719611,-3.674337809841004,-2.8353189978585056,-1.3644168602548383,0.7515932251121955,-0.0172059671688819,2.580125632767812,0.2261450789481383,2.063133829032119
30.0,134.0,131.0275115966797,-0.0300941791408053,1.5917029557930946,-2.4736354944710914,-2.179986158404016,-1.101528336860324,0.8807576840987235,0.0543171311855271,2.560955495354865,0.1339453615989479,1.7340583791588895
30.0,134.0,131.34779357910156,-0.0236050113651903,1.592411078057243,-2.461288484259544,-2.1584362321296258,-1.0913284330589328,0.8756089622921313,0.0468249695977496,2.557253273821046,0.1043480664315724,1.6937272690030485
30.0,134.0,130.48095703125,-0.0263561790047711,1.6015253764683937,-2.465033074762451,-2.1926059126630406,-1.1161818080473769,0.8628217825825626,0.0520953320729586,2.564612183516153,0.1285528650702829,1.7237121779010771
30.0,134.0,220.53668212890625,-1.2171966783311097,0.4756538204269566,-3.473961005955754,-3.088961056374514,-1.704597891261704,0.4920041034137272,-0.0918239354140258,2.562499878329205,0.3992523830963432,2.654374933471221
30.0,134.0,130.71820068359375,-0.0229427046861122,1.6045647176748676,-2.466345276573969,-2.178916168204561,-1.1241921385194535,0.8752863757177765,0.031204039554748,2.566823055940476,0.1357307682416353,1.7978129261008162
30.0,134.0,245.9429931640625,-0.8483266135729868,0.6453986865434707,-3.506552371550096,-3.271625883978806,-2.56814784519429,0.2147286641374462,-0.1436646083617611,2.4296898910346845,0.2413711030766583,2.371772908737178
30.0,134.0,220.6161956787109,-0.9503927517081534,0.677458880081766,-3.4985466721108613,-3.1419557166689587,-2.6450864950941537,0.7657276416976995,-0.0800017667336136,2.591298282155937,0.2318220931468717,1.9778696258291708
30.0,134.0,209.95681762695312,-0.8546054761373488,0.5561256830121146,-3.5196763665523463,-2.9998356632825494,-1.6631055522139582,0.5872105304760162,-0.0307104087849592,2.588951662564981,0.2473229352094717,1.9606851088631445
30.0,134.0,198.1161651611328,-2.038243775065099,1.5493086873758664,-2.845738260058812,-2.791556400356753,-1.3545742485838108,0.7431300521504673,0.0653416799188597,2.5513340819415955,0.1909917097448164,1.910990100271098
30.0,134.0,205.4263153076172,-1.0610826982318322,0.7387432132212964,-3.5269101097837323,-2.588175478326636,-1.3746018730768372,0.7544874944278932,-0.0259144887775997,2.5909527780546773,0.210068459110206,2.063579531483645
30.0,134.0,139.36001586914062,-0.0774070545303248,1.6107636616475962,-2.435309289895771,-2.1221775679526624,-1.1521248722995543,0.8817374030863666,-0.0413502966353422,2.5675322466615333,0.1243038753987036,1.7308025143472547
30.0,134.0,130.63694763183594,-0.0158208742008888,1.5940504411909475,-2.4818744723810435,-2.2125646632840947,-1.1213255934437285,0.8684802830576959,0.0376850974264508,2.5676178744987874,0.1238659615227365,1.731371259484648
30.0,134.0,130.87879943847656,-0.0332799162440545,1.603147545083949,-2.45654672888414,-2.194641458172544,-1.118020969758261,0.8802510166439297,0.0191221912270333,2.5636411025061405,0.1263746520888256,1.734914557960153
30.0,134.0,203.7299041748047,-1.4671963034076896,0.7718039591814964,-3.521820860113768,-2.7055890962796987,-1.3850800460590984,0.7492558679810841,0.0041742840984898,2.5864682179734686,0.2295821296873494,1.9406396168518183
30.0,134.0,240.0376892089844,-0.818985015422538,0.7325545795717203,-3.463958090524869,-3.1745869837099026,-1.9281247841715203,0.2058466922336207,-0.3766659363291286,2.6001316734345754,0.2265875295001577,2.1979228280822705
30.0,134.0,239.34703063964844,-0.5573109000134422,1.0820330890696988,-3.240952051214933,-3.640707829016172,-1.7737497179098791,0.4745016799634982,0.0314885242161033,2.6135288507269894,0.153150853889011,1.936260516662292
30.0,134.0,131.22015380859375,-0.0101582861883258,1.623123849218197,-2.458537559390188,-2.1868927729654235,-1.1243470604363248,0.8749571132306145,0.0250023245865934,2.563739180694001,0.1478840394054699,1.7122244588247433
30.0,134.0,130.736572265625,-0.0399524840688786,1.603849157495161,-2.46896633972163,-2.186092905277298,-1.1164186516639387,0.8721383350508287,0.0281289339801689,2.567094460194492,0.1415331202079941,1.7312196228671335
30.0,134.0,260.75506591796875,-0.7235173814946477,0.2633142916060825,-3.729488048766044,-2.598819823759516,-1.5621266964312754,0.5837873023273118,-0.2228563854805409,2.2311934862750764,0.0184947537160842,1.5811522207979942
30.0,134.0,136.40847778320312,0.0473637946559778,1.6311841545056502,-2.4981178686812058,-2.234337089892308,-1.0792512265831469,0.9117180844922604,0.0574688223411026,2.582897481785505,0.1911317458342219,1.827884652982787
30.0,134.0,209.853515625,-0.6115977473066232,0.7776220381257966,-3.835539989399004,-2.6171739805113914,-1.275521664933832,0.7366176474541036,-0.0458302544230463,2.584816162634513,0.2980722673261389,2.069972514370848
30.0,134.0,131.41119384765625,-0.0147623507889491,1.5842862478134834,-2.492203019910043,-2.182377807085342,-1.1176294240017577,0.8774441381484056,0.0511550270805041,2.5579323287591023,0.1310811902994772,1.7155566387516603
30.0,134.0,130.9593048095703,-0.0250098466797264,1.595657124857908,-2.472560541501688,-2.1896878554687973,-1.1014048039777866,0.88618962399519,0.0499380163522769,2.5600996124879907,0.1152695012594677,1.704180585454803
30.0,134.0,245.99302673339844,-0.7494604562313425,0.5827624451646062,-3.1978432976312727,-2.930434860001456,-2.589522757468941,0.4511330050359632,-0.2349149109541924,2.459352546895984,0.2558733024443547,1.86071018527782
30.0,134.0,210.119873046875,-0.7610068930568665,0.5642124147423887,-3.726421416211226,-2.7995431788777383,-1.3708891968054873,0.679066308131347,0.0234932080174868,2.5843400721228726,0.297657964549431,2.1950618999519365
30.0,134.0,131.1105499267578,-0.0221724311295,1.5947951088985624,-2.4558031736577384,-2.1836504418792217,-1.0892283745807336,0.8785077536370107,0.0372668804653603,2.556325821081627,0.1287718251508848,1.7389801576389194
30.0,134.0,215.4642791748047,-0.619272128359899,1.0161821115856564,-3.392347947738536,-3.718930889608517,-1.3159031693529706,0.8296082231312336,0.0283507836533688,2.580653015910745,0.2883060967232943,2.043397947376025
30.0,134.0,205.575927734375,-0.8160173862793221,0.5906195673798553,-3.5501247184478806,-2.9220737949502533,-1.5276746941164658,0.7254873283981647,-0.0189028447691116,2.5943872451814447,0.2168908645567235,1.9760531472632008
30.0,134.0,137.99317932128906,-0.0224946946464303,1.591288224030904,-2.4980302986486422,-2.214059585938304,-1.0463221367449136,0.8705257517465949,0.0232922482651668,2.54495862716522,0.092786415343891,1.8187959074295068
30.0,134.0,130.62899780273438,-0.0242292787556977,1.6012337053711958,-2.464579507004121,-2.195260153281381,-1.1143679015637342,0.8785199711550532,0.0315793417836433,2.566001853923271,0.1282982925046728,1.7179030245262106
30.0,134.0,131.1087646484375,-0.0336727739186587,1.6042430309613338,-2.4652595443146743,-2.198449872000091,-1.1228951903035294,0.8808109096293533,0.0136887311439519,2.56100314957675,0.1319490708877598,1.7142978166700904
30.0,134.0,211.49984741210932,-0.6023430394608064,0.6862990325442788,-3.3371353581117207,-2.8851573211860253,-1.389844403508281,0.7960834819435386,-0.0731183203058278,2.570385485955568,0.1939850410112546,2.062637422407674
30.0,134.0,175.5164794921875,-0.1275727271565325,1.62339085304753,-2.615052946708969,-2.15967240363564,-1.267012019226854,0.970328846093216,0.1438623537754713,2.6245913870877176,0.1447551585615671,1.8515117902710128
30.0,134.0,133.6562957763672,0.0310271037570986,1.6819388461679168,-2.4448092422303533,-2.222700150977468,-1.1762325657441854,0.8553105437401876,0.03347853790207,2.5427244503678743,0.1554916748118071,1.8200415690141984
30.0,134.0,131.47850036621094,-0.0482109867575819,1.595070953507842,-2.465208919588046,-2.161356352001325,-1.1086535445559702,0.8742354972568628,0.0644758361680563,2.566171235006831,0.1290306267162363,1.7637249640635648
30.0,134.0,137.79788208007812,-0.0320439573357102,1.604641101063467,-2.490151561600812,-2.2664146738162065,-1.1175528504715992,0.8387465334122182,0.1152818584369439,2.5584118088977124,0.1215632976113423,1.7016927120065852
30.0,134.0,132.2544403076172,-0.0926571583604785,1.570975001003475,-2.498969002465269,-2.1902786377650174,-1.10818568383066,0.8655126752917419,0.0432246015150623,2.5563345600272336,0.1395084329354663,1.7904093128244234
30.0,135.0,190.19482421875,-0.5017711185615835,1.4778414511659248,-2.71872319504208,-2.5170530990611537,-1.2952749715771184,0.7956053289366514,-0.0186148759708682,2.555307688273708,0.1556492043996025,1.83044638637806
30.0,135.0,201.4370574951172,-0.4540401323260987,0.8179070478135094,-3.314276906304189,-2.628539443785192,-1.3337882873665527,0.7127938785222587,-0.0269535484838654,2.590339428802196,0.2594558839508205,2.0689052243034824
30.0,135.0,131.32760620117188,-0.0138477676352566,1.5801238206622656,-2.464844970157015,-2.2001853369019515,-1.1145212562118412,0.8825863672742946,0.0482689153422356,2.5549206875055126,0.1283080732278719,1.7419780310718291
30.0,135.0,205.40724182128903,-1.2471719392371754,0.7338063691250966,-3.6956164114227614,-2.6893020048638974,-1.4361633841990469,0.7509499775402746,-0.0265320376388999,2.5844589496606782,0.2214973721181175,2.0621365244733765
30.0,135.0,202.96990966796875,0.3362381535837879,1.8273661720146173,-2.495782769497777,-2.310097137140361,-1.1442278829591028,0.7647322350608421,0.0155332596870815,2.5552020249680805,0.1113662910643749,1.6966970104765222
30.0,135.0,130.8968048095703,-0.0130541646245537,1.593922434430379,-2.46565693336918,-2.205010597545909,-1.1128288523686936,0.8738559420465596,0.0468691288696001,2.5645814587792013,0.1108213846711231,1.7112999884187647
30.0,135.0,131.29234313964844,-0.0292988435628628,1.5903191293991603,-2.474535023631585,-2.178791754548504,-1.1062768412720332,0.8838733233405248,0.0331911259184767,2.560286759440213,0.1383314190461202,1.7095663921340885
30.0,135.0,130.84092712402344,-0.0228664439025479,1.6094759657758848,-2.46712325629674,-2.1904041537201664,-1.1154588085550183,0.879260856609133,0.0205694165988551,2.5660988707370653,0.1408629249671514,1.7410086780969487
30.0,135.0,189.8971405029297,-0.1405292025412786,1.7033979438090308,-2.524313211938222,-2.287242637165854,-1.447504988022916,0.6167682713394497,-0.0335969687734852,2.5434630684806177,0.1792906129115863,1.4818427283199904
30.0,135.0,217.80987548828125,-0.7399219093249991,0.6265199654248446,-3.3812386568411683,-3.115740592719888,-2.4970438835882924,0.4187495791001843,-0.1164287251613381,2.541142812644273,0.2703581298861386,2.0687642066891287
30.0,135.0,201.7044219970703,-0.6552952230338768,0.789537644755984,-3.131677153117997,-2.725862189701337,-1.327890814222953,0.7257755438118074,-0.0264966475501739,2.5879562114865826,0.2411740536822892,2.06908069814025
30.0,135.0,130.63623046875,-0.0137190218444058,1.6060184423377524,-2.4620230283201523,-2.20805397089418,-1.118955715522452,0.8735380730458316,0.0459290622104521,2.5734871575196308,0.133429026802837,1.7378577491069405
30.0,135.0,207.52395629882807,-1.0172369141889488,0.5097226488719611,-3.674337809841004,-2.8353189978585056,-1.3644168602548383,0.7515932251121955,-0.0172059671688819,2.580125632767812,0.2261450789481383,2.063133829032119
30.0,135.0,131.0275115966797,-0.0300941791408053,1.5917029557930946,-2.4736354944710914,-2.179986158404016,-1.101528336860324,0.8807576840987235,0.0543171311855271,2.560955495354865,0.1339453615989479,1.7340583791588895
30.0,135.0,131.2432861328125,-0.0255914985661123,1.6081737495767026,-2.457403670524259,-2.1699251229976526,-1.0975602702886167,0.8695430245485813,0.050504602230313,2.576092029669665,0.1120773949028663,1.748016245765751
30.0,135.0,130.48095703125,-0.0263561790047711,1.6015253764683937,-2.465033074762451,-2.1926059126630406,-1.1161818080473769,0.8628217825825626,0.0520953320729586,2.564612183516153,0.1285528650702829,1.7237121779010771
30.0,135.0,220.53668212890625,-1.2171966783311097,0.4756538204269566,-3.473961005955754,-3.088961056374514,-1.704597891261704,0.4920041034137272,-0.0918239354140258,2.562499878329205,0.3992523830963432,2.654374933471221
30.0,135.0,130.71820068359375,-0.0229427046861122,1.6045647176748676,-2.466345276573969,-2.178916168204561,-1.1241921385194535,0.8752863757177765,0.031204039554748,2.566823055940476,0.1357307682416353,1.7978129261008162
30.0,135.0,245.9429931640625,-0.8483266135729868,0.6453986865434707,-3.506552371550096,-3.271625883978806,-2.56814784519429,0.2147286641374462,-0.1436646083617611,2.4296898910346845,0.2413711030766583,2.371772908737178
30.0,135.0,220.6161956787109,-0.9503927517081534,0.677458880081766,-3.4985466721108613,-3.1419557166689587,-2.6450864950941537,0.7657276416976995,-0.0800017667336136,2.591298282155937,0.2318220931468717,1.9778696258291708
30.0,135.0,209.95681762695312,-0.8546054761373488,0.5561256830121146,-3.5196763665523463,-2.9998356632825494,-1.6631055522139582,0.5872105304760162,-0.0307104087849592,2.588951662564981,0.2473229352094717,1.9606851088631445
30.0,135.0,198.1161651611328,-2.038243775065099,1.5493086873758664,-2.845738260058812,-2.791556400356753,-1.3545742485838108,0.7431300521504673,0.0653416799188597,2.5513340819415955,0.1909917097448164,1.910990100271098
30.0,135.0,205.4263153076172,-1.0610826982318322,0.7387432132212964,-3.5269101097837323,-2.588175478326636,-1.3746018730768372,0.7544874944278932,-0.0259144887775997,2.5909527780546773,0.210068459110206,2.063579531483645
30.0,135.0,139.36001586914062,-0.0774070545303248,1.6107636616475962,-2.435309289895771,-2.1221775679526624,-1.1521248722995543,0.8817374030863666,-0.0413502966353422,2.5675322466615333,0.1243038753987036,1.7308025143472547
30.0,135.0,130.63694763183594,-0.0158208742008888,1.5940504411909475,-2.4818744723810435,-2.2125646632840947,-1.1213255934437285,0.8684802830576959,0.0376850974264508,2.5676178744987874,0.1238659615227365,1.731371259484648
30.0,135.0,130.87879943847656,-0.0332799162440545,1.603147545083949,-2.45654672888414,-2.194641458172544,-1.118020969758261,0.8802510166439297,0.0191221912270333,2.5636411025061405,0.1263746520888256,1.734914557960153
30.0,135.0,203.7299041748047,-1.4671963034076896,0.7718039591814964,-3.521820860113768,-2.7055890962796987,-1.3850800460590984,0.7492558679810841,0.0041742840984898,2.5864682179734686,0.2295821296873494,1.9406396168518183
30.0,135.0,240.0376892089844,-0.818985015422538,0.7325545795717203,-3.463958090524869,-3.1745869837099026,-1.9281247841715203,0.2058466922336207,-0.3766659363291286,2.6001316734345754,0.2265875295001577,2.1979228280822705
30.0,135.0,239.34703063964844,-0.5573109000134422,1.0820330890696988,-3.240952051214933,-3.640707829016172,-1.7737497179098791,0.4745016799634982,0.0314885242161033,2.6135288507269894,0.153150853889011,1.936260516662292
30.0,135.0,131.22015380859375,-0.0101582861883258,1.623123849218197,-2.458537559390188,-2.1868927729654235,-1.1243470604363248,0.8749571132306145,0.0250023245865934,2.563739180694001,0.1478840394054699,1.7122244588247433
30.0,135.0,130.36105346679688,-0.0338782421566046,1.6017324916814066,-2.465814574574928,-2.1848031553160268,-1.1185842769664722,0.8528023738124761,0.0421782803591058,2.563768976793345,0.1222206399665384,1.7143363672870386
30.0,135.0,260.75506591796875,-0.7235173814946477,0.2633142916060825,-3.729488048766044,-2.598819823759516,-1.5621266964312754,0.5837873023273118,-0.2228563854805409,2.2311934862750764,0.0184947537160842,1.5811522207979942
30.0,135.0,136.40847778320312,0.0473637946559778,1.6311841545056502,-2.4981178686812058,-2.234337089892308,-1.0792512265831469,0.9117180844922604,0.0574688223411026,2.582897481785505,0.1911317458342219,1.827884652982787
30.0,135.0,209.853515625,-0.6115977473066232,0.7776220381257966,-3.835539989399004,-2.6171739805113914,-1.275521664933832,0.7366176474541036,-0.0458302544230463,2.584816162634513,0.2980722673261389,2.069972514370848
30.0,135.0,131.41119384765625,-0.0147623507889491,1.5842862478134834,-2.492203019910043,-2.182377807085342,-1.1176294240017577,0.8774441381484056,0.0511550270805041,2.5579323287591023,0.1310811902994772,1.7155566387516603
30.0,135.0,130.9593048095703,-0.0250098466797264,1.595657124857908,-2.472560541501688,-2.1896878554687973,-1.1014048039777866,0.88618962399519,0.0499380163522769,2.5600996124879907,0.1152695012594677,1.704180585454803
30.0,135.0,245.99302673339844,-0.7494604562313425,0.5827624451646062,-3.1978432976312727,-2.930434860001456,-2.589522757468941,0.4511330050359632,-0.2349149109541924,2.459352546895984,0.2558733024443547,1.86071018527782
30.0,135.0,210.119873046875,-0.7610068930568665,0.5642124147423887,-3.726421416211226,-2.7995431788777383,-1.3708891968054873,0.679066308131347,0.0234932080174868,2.5843400721228726,0.297657964549431,2.1950618999519365
30.0,135.0,131.1105499267578,-0.0221724311295,1.5947951088985624,-2.4558031736577384,-2.1836504418792217,-1.0892283745807336,0.8785077536370107,0.0372668804653603,2.556325821081627,0.1287718251508848,1.7389801576389194
30.0,135.0,215.4642791748047,-0.619272128359899,1.0161821115856564,-3.392347947738536,-3.718930889608517,-1.3159031693529706,0.8296082231312336,0.0283507836533688,2.580653015910745,0.2883060967232943,2.043397947376025
30.0,135.0,205.575927734375,-0.8160173862793221,0.5906195673798553,-3.5501247184478806,-2.9220737949502533,-1.5276746941164658,0.7254873283981647,-0.0189028447691116,2.5943872451814447,0.2168908645567235,1.9760531472632008
30.0,135.0,137.99317932128906,-0.0224946946464303,1.591288224030904,-2.4980302986486422,-2.214059585938304,-1.0463221367449136,0.8705257517465949,0.0232922482651668,2.54495862716522,0.092786415343891,1.8187959074295068
30.0,135.0,130.62899780273438,-0.0242292787556977,1.6012337053711958,-2.464579507004121,-2.195260153281381,-1.1143679015637342,0.8785199711550532,0.0315793417836433,2.566001853923271,0.1282982925046728,1.7179030245262106
30.0,135.0,130.52716064453125,-0.0372698066220308,1.6043706290634792,-2.4717227807182187,-2.1932197727143827,-1.1113733011070792,0.8533789892049322,0.0443548611717827,2.567187374995246,0.1231484209741344,1.721047355863026
30.0,135.0,211.49984741210932,-0.6023430394608064,0.6862990325442788,-3.3371353581117207,-2.8851573211860253,-1.389844403508281,0.7960834819435386,-0.0731183203058278,2.570385485955568,0.1939850410112546,2.062637422407674
30.0,135.0,175.5164794921875,-0.1275727271565325,1.62339085304753,-2.615052946708969,-2.15967240363564,-1.267012019226854,0.970328846093216,0.1438623537754713,2.6245913870877176,0.1447551585615671,1.8515117902710128
30.0,135.0,133.6562957763672,0.0310271037570986,1.6819388461679168,-2.4448092422303533,-2.222700150977468,-1.1762325657441854,0.8553105437401876,0.03347853790207,2.5427244503678743,0.1554916748118071,1.8200415690141984
30.0,135.0,131.47850036621094,-0.0482109867575819,1.595070953507842,-2.465208919588046,-2.161356352001325,-1.1086535445559702,0.8742354972568628,0.0644758361680563,2.566171235006831,0.1290306267162363,1.7637249640635648
30.0,135.0,137.79788208007812,-0.0320439573357102,1.604641101063467,-2.490151561600812,-2.2664146738162065,-1.1175528504715992,0.8387465334122182,0.1152818584369439,2.5584118088977124,0.1215632976113423,1.7016927120065852
30.0,135.0,132.2544403076172,-0.0926571583604785,1.570975001003475,-2.498969002465269,-2.1902786377650174,-1.10818568383066,0.8655126752917419,0.0432246015150623,2.5563345600272336,0.1395084329354663,1.7904093128244234
30.0,136.0,190.19482421875,-0.5017711185615835,1.4778414511659248,-2.71872319504208,-2.5170530990611537,-1.2952749715771184,0.7956053289366514,-0.0186148759708682,2.555307688273708,0.1556492043996025,1.83044638637806
30.0,136.0,201.4370574951172,-0.4540401323260987,0.8179070478135094,-3.314276906304189,-2.628539443785192,-1.3337882873665527,0.7127938785222587,-0.0269535484838654,2.590339428802196,0.2594558839508205,2.0689052243034824
30.0,136.0,131.32760620117188,-0.0138477676352566,1.5801238206622656,-2.464844970157015,-2.2001853369019515,-1.1145212562118412,0.8825863672742946,0.0482689153422356,2.5549206875055126,0.1283080732278719,1.7419780310718291
30.0,136.0,205.40724182128903,-1.2471719392371754,0.7338063691250966,-3.6956164114227614,-2.6893020048638974,-1.4361633841990469,0.7509499775402746,-0.0265320376388999,2.5844589496606782,0.2214973721181175,2.0621365244733765
30.0,136.0,202.96990966796875,0.3362381535837879,1.8273661720146173,-2.495782769497777,-2.310097137140361,-1.1442278829591028,0.7647322350608421,0.0155332596870815,2.5552020249680805,0.1113662910643749,1.6966970104765222
30.0,136.0,130.8968048095703,-0.0130541646245537,1.593922434430379,-2.46565693336918,-2.205010597545909,-1.1128288523686936,0.8738559420465596,0.0468691288696001,2.5645814587792013,0.1108213846711231,1.7112999884187647
30.0,136.0,131.29234313964844,-0.0292988435628628,1.5903191293991603,-2.474535023631585,-2.178791754548504,-1.1062768412720332,0.8838733233405248,0.0331911259184767,2.560286759440213,0.1383314190461202,1.7095663921340885
30.0,136.0,130.79653930664062,-0.0328125492507464,1.5894649182831515,-2.4658678085900907,-2.180275619066528,-1.1190861296770147,0.869786284280565,0.0236306630912944,2.565940447335937,0.1125270233990234,1.7203706959220797
30.0,136.0,189.8971405029297,-0.1405292025412786,1.7033979438090308,-2.524313211938222,-2.287242637165854,-1.447504988022916,0.6167682713394497,-0.0335969687734852,2.5434630684806177,0.1792906129115863,1.4818427283199904
30.0,136.0,217.80987548828125,-0.7399219093249991,0.6265199654248446,-3.3812386568411683,-3.115740592719888,-2.4970438835882924,0.4187495791001843,-0.1164287251613381,2.541142812644273,0.2703581298861386,2.0687642066891287
30.0,136.0,201.7044219970703,-0.6552952230338768,0.789537644755984,-3.131677153117997,-2.725862189701337,-1.327890814222953,0.7257755438118074,-0.0264966475501739,2.5879562114865826,0.2411740536822892,2.06908069814025
30.0,136.0,130.5114288330078,-0.0343842992688667,1.6049648044203766,-2.466387357442748,-2.1905719757835245,-1.119713913787532,0.8761907712226772,0.0392621439734497,2.5691358130825046,0.1359418559242828,1.73771962303575
30.0,136.0,207.52395629882807,-1.0172369141889488,0.5097226488719611,-3.674337809841004,-2.8353189978585056,-1.3644168602548383,0.7515932251121955,-0.0172059671688819,2.580125632767812,0.2261450789481383,2.063133829032119
30.0,136.0,131.0275115966797,-0.0300941791408053,1.5917029557930946,-2.4736354944710914,-2.179986158404016,-1.101528336860324,0.8807576840987235,0.0543171311855271,2.560955495354865,0.1339453615989479,1.7340583791588895
30.0,136.0,131.09017944335938,-0.0354495870663098,1.60272797303982,-2.469052091141817,-2.172183512675413,-1.1158578452013086,0.8534883620173064,0.0596182375745799,2.574447621060209,0.1182964529051241,1.7334119547126663
30.0,136.0,130.48095703125,-0.0263561790047711,1.6015253764683937,-2.465033074762451,-2.1926059126630406,-1.1161818080473769,0.8628217825825626,0.0520953320729586,2.564612183516153,0.1285528650702829,1.7237121779010771
30.0,136.0,220.53668212890625,-1.2171966783311097,0.4756538204269566,-3.473961005955754,-3.088961056374514,-1.704597891261704,0.4920041034137272,-0.0918239354140258,2.562499878329205,0.3992523830963432,2.654374933471221
30.0,136.0,130.71820068359375,-0.0229427046861122,1.6045647176748676,-2.466345276573969,-2.178916168204561,-1.1241921385194535,0.8752863757177765,0.031204039554748,2.566823055940476,0.1357307682416353,1.7978129261008162
30.0,136.0,245.9429931640625,-0.8483266135729868,0.6453986865434707,-3.506552371550096,-3.271625883978806,-2.56814784519429,0.2147286641374462,-0.1436646083617611,2.4296898910346845,0.2413711030766583,2.371772908737178
30.0,136.0,220.6161956787109,-0.9503927517081534,0.677458880081766,-3.4985466721108613,-3.1419557166689587,-2.6450864950941537,0.7657276416976995,-0.0800017667336136,2.591298282155937,0.2318220931468717,1.9778696258291708
30.0,136.0,209.95681762695312,-0.8546054761373488,0.5561256830121146,-3.5196763665523463,-2.9998356632825494,-1.6631055522139582,0.5872105304760162,-0.0307104087849592,2.588951662564981,0.2473229352094717,1.9606851088631445
30.0,136.0,198.1161651611328,-2.038243775065099,1.5493086873758664,-2.845738260058812,-2.791556400356753,-1.3545742485838108,0.7431300521504673,0.0653416799188597,2.5513340819415955,0.1909917097448164,1.910990100271098
30.0,136.0,205.4263153076172,-1.0610826982318322,0.7387432132212964,-3.5269101097837323,-2.588175478326636,-1.3746018730768372,0.7544874944278932,-0.0259144887775997,2.5909527780546773,0.210068459110206,2.063579531483645
30.0,136.0,139.36001586914062,-0.0774070545303248,1.6107636616475962,-2.435309289895771,-2.1221775679526624,-1.1521248722995543,0.8817374030863666,-0.0413502966353422,2.5675322466615333,0.1243038753987036,1.7308025143472547
30.0,136.0,130.2895050048828,-0.0286924762136469,1.5953937218262342,-2.467813950801939,-2.2004920466320965,-1.132997270524016,0.8396541351393457,0.018417032044962,2.5609478115692554,0.1167986398771738,1.7282877005213242
30.0,136.0,130.87879943847656,-0.0332799162440545,1.603147545083949,-2.45654672888414,-2.194641458172544,-1.118020969758261,0.8802510166439297,0.0191221912270333,2.5636411025061405,0.1263746520888256,1.734914557960153
30.0,136.0,203.7299041748047,-1.4671963034076896,0.7718039591814964,-3.521820860113768,-2.7055890962796987,-1.3850800460590984,0.7492558679810841,0.0041742840984898,2.5864682179734686,0.2295821296873494,1.9406396168518183
30.0,136.0,240.0376892089844,-0.818985015422538,0.7325545795717203,-3.463958090524869,-3.1745869837099026,-1.9281247841715203,0.2058466922336207,-0.3766659363291286,2.6001316734345754,0.2265875295001577,2.1979228280822705
30.0,136.0,239.34703063964844,-0.5573109000134422,1.0820330890696988,-3.240952051214933,-3.640707829016172,-1.7737497179098791,0.4745016799634982,0.0314885242161033,2.6135288507269894,0.153150853889011,1.936260516662292
30.0,136.0,131.22015380859375,-0.0101582861883258,1.623123849218197,-2.458537559390188,-2.1868927729654235,-1.1243470604363248,0.8749571132306145,0.0250023245865934,2.563739180694001,0.1478840394054699,1.7122244588247433
30.0,136.0,130.36105346679688,-0.0338782421566046,1.6017324916814066,-2.465814574574928,-2.1848031553160268,-1.1185842769664722,0.8528023738124761,0.0421782803591058,2.563768976793345,0.1222206399665384,1.7143363672870386
30.0,136.0,253.9329833984375,-0.053723840070014,1.665919155621595,-2.5017272113673497,-2.0803969033318284,-0.9367624717377336,0.7408312750436603,-0.5774611242678286,2.264237602753933,-0.0361318425173727,1.5865583228034896
30.0,136.0,133.58306884765625,0.0305447037626248,1.6597078304883972,-2.48657126761048,-2.179899685691188,-1.083102703812838,0.8761758117452516,0.0426243966233819,2.596978127645796,0.1709608387464055,1.9002845512395337
30.0,136.0,209.853515625,-0.6115977473066232,0.7776220381257966,-3.835539989399004,-2.6171739805113914,-1.275521664933832,0.7366176474541036,-0.0458302544230463,2.584816162634513,0.2980722673261389,2.069972514370848
30.0,136.0,131.41119384765625,-0.0147623507889491,1.5842862478134834,-2.492203019910043,-2.182377807085342,-1.1176294240017577,0.8774441381484056,0.0511550270805041,2.5579323287591023,0.1310811902994772,1.7155566387516603
30.0,136.0,130.9593048095703,-0.0250098466797264,1.595657124857908,-2.472560541501688,-2.1896878554687973,-1.1014048039777866,0.88618962399519,0.0499380163522769,2.5600996124879907,0.1152695012594677,1.704180585454803
30.0,136.0,245.99302673339844,-0.7494604562313425,0.5827624451646062,-3.1978432976312727,-2.930434860001456,-2.589522757468941,0.4511330050359632,-0.2349149109541924,2.459352546895984,0.2558733024443547,1.86071018527782
30.0,136.0,210.119873046875,-0.7610068930568665,0.5642124147423887,-3.726421416211226,-2.7995431788777383,-1.3708891968054873,0.679066308131347,0.0234932080174868,2.5843400721228726,0.297657964549431,2.1950618999519365
30.0,136.0,131.1105499267578,-0.0221724311295,1.5947951088985624,-2.4558031736577384,-2.1836504418792217,-1.0892283745807336,0.8785077536370107,0.0372668804653603,2.556325821081627,0.1287718251508848,1.7389801576389194
30.0,136.0,215.4642791748047,-0.619272128359899,1.0161821115856564,-3.392347947738536,-3.718930889608517,-1.3159031693529706,0.8296082231312336,0.0283507836533688,2.580653015910745,0.2883060967232943,2.043397947376025
30.0,136.0,205.575927734375,-0.8160173862793221,0.5906195673798553,-3.5501247184478806,-2.9220737949502533,-1.5276746941164658,0.7254873283981647,-0.0189028447691116,2.5943872451814447,0.2168908645567235,1.9760531472632008
30.0,136.0,137.99317932128906,-0.0224946946464303,1.591288224030904,-2.4980302986486422,-2.214059585938304,-1.0463221367449136,0.8705257517465949,0.0232922482651668,2.54495862716522,0.092786415343891,1.8187959074295068
30.0,136.0,130.62899780273438,-0.0242292787556977,1.6012337053711958,-2.464579507004121,-2.195260153281381,-1.1143679015637342,0.8785199711550532,0.0315793417836433,2.566001853923271,0.1282982925046728,1.7179030245262106
30.0,136.0,130.52716064453125,-0.0372698066220308,1.6043706290634792,-2.4717227807182187,-2.1932197727143827,-1.1113733011070792,0.8533789892049322,0.0443548611717827,2.567187374995246,0.1231484209741344,1.721047355863026
30.0,136.0,211.49984741210932,-0.6023430394608064,0.6862990325442788,-3.3371353581117207,-2.8851573211860253,-1.389844403508281,0.7960834819435386,-0.0731183203058278,2.570385485955568,0.1939850410112546,2.062637422407674
30.0,136.0,175.5164794921875,-0.1275727271565325,1.62339085304753,-2.615052946708969,-2.15967240363564,-1.267012019226854,0.970328846093216,0.1438623537754713,2.6245913870877176,0.1447551585615671,1.8515117902710128
30.0,136.0,133.6562957763672,0.0310271037570986,1.6819388461679168,-2.4448092422303533,-2.222700150977468,-1.1762325657441854,0.8553105437401876,0.03347853790207,2.5427244503678743,0.1554916748118071,1.8200415690141984
30.0,136.0,131.47850036621094,-0.0482109867575819,1.595070953507842,-2.465208919588046,-2.161356352001325,-1.1086535445559702,0.8742354972568628,0.0644758361680563,2.566171235006831,0.1290306267162363,1.7637249640635648
30.0,136.0,137.79788208007812,-0.0320439573357102,1.604641101063467,-2.490151561600812,-2.2664146738162065,-1.1175528504715992,0.8387465334122182,0.1152818584369439,2.5584118088977124,0.1215632976113423,1.7016927120065852
30.0,136.0,132.2544403076172,-0.0926571583604785,1.570975001003475,-2.498969002465269,-2.1902786377650174,-1.10818568383066,0.8655126752917419,0.0432246015150623,2.5563345600272336,0.1395084329354663,1.7904093128244234
30.0,137.0,190.19482421875,-0.5017711185615835,1.4778414511659248,-2.71872319504208,-2.5170530990611537,-1.2952749715771184,0.7956053289366514,-0.0186148759708682,2.555307688273708,0.1556492043996025,1.83044638637806
30.0,137.0,201.4370574951172,-0.4540401323260987,0.8179070478135094,-3.314276906304189,-2.628539443785192,-1.3337882873665527,0.7127938785222587,-0.0269535484838654,2.590339428802196,0.2594558839508205,2.0689052243034824
30.0,137.0,131.32760620117188,-0.0138477676352566,1.5801238206622656,-2.464844970157015,-2.2001853369019515,-1.1145212562118412,0.8825863672742946,0.0482689153422356,2.5549206875055126,0.1283080732278719,1.7419780310718291
30.0,137.0,205.40724182128903,-1.2471719392371754,0.7338063691250966,-3.6956164114227614,-2.6893020048638974,-1.4361633841990469,0.7509499775402746,-0.0265320376388999,2.5844589496606782,0.2214973721181175,2.0621365244733765
30.0,137.0,202.96990966796875,0.3362381535837879,1.8273661720146173,-2.495782769497777,-2.310097137140361,-1.1442278829591028,0.7647322350608421,0.0155332596870815,2.5552020249680805,0.1113662910643749,1.6966970104765222
30.0,137.0,130.8968048095703,-0.0130541646245537,1.593922434430379,-2.46565693336918,-2.205010597545909,-1.1128288523686936,0.8738559420465596,0.0468691288696001,2.5645814587792013,0.1108213846711231,1.7112999884187647
30.0,137.0,131.29234313964844,-0.0292988435628628,1.5903191293991603,-2.474535023631585,-2.178791754548504,-1.1062768412720332,0.8838733233405248,0.0331911259184767,2.560286759440213,0.1383314190461202,1.7095663921340885
30.0,137.0,130.79653930664062,-0.0328125492507464,1.5894649182831515,-2.4658678085900907,-2.180275619066528,-1.1190861296770147,0.869786284280565,0.0236306630912944,2.565940447335937,0.1125270233990234,1.7203706959220797
30.0,137.0,189.8971405029297,-0.1405292025412786,1.7033979438090308,-2.524313211938222,-2.287242637165854,-1.447504988022916,0.6167682713394497,-0.0335969687734852,2.5434630684806177,0.1792906129115863,1.4818427283199904
30.0,137.0,217.80987548828125,-0.7399219093249991,0.6265199654248446,-3.3812386568411683,-3.115740592719888,-2.4970438835882924,0.4187495791001843,-0.1164287251613381,2.541142812644273,0.2703581298861386,2.0687642066891287
30.0,137.0,201.7044219970703,-0.6552952230338768,0.789537644755984,-3.131677153117997,-2.725862189701337,-1.327890814222953,0.7257755438118074,-0.0264966475501739,2.5879562114865826,0.2411740536822892,2.06908069814025
30.0,137.0,130.5114288330078,-0.0343842992688667,1.6049648044203766,-2.466387357442748,-2.1905719757835245,-1.119713913787532,0.8761907712226772,0.0392621439734497,2.5691358130825046,0.1359418559242828,1.73771962303575
30.0,137.0,207.52395629882807,-1.0172369141889488,0.5097226488719611,-3.674337809841004,-2.8353189978585056,-1.3644168602548383,0.7515932251121955,-0.0172059671688819,2.580125632767812,0.2261450789481383,2.063133829032119
30.0,137.0,131.0275115966797,-0.0300941791408053,1.5917029557930946,-2.4736354944710914,-2.179986158404016,-1.101528336860324,0.8807576840987235,0.0543171311855271,2.560955495354865,0.1339453615989479,1.7340583791588895
30.0,137.0,130.40615844726562,-0.027587046682928,1.5906292590785702,-2.471774186851914,-2.2214822207489493,-1.151391988892166,0.838467292838993,0.0199206005770148,2.5580559466947888,0.1194421760617362,1.7191921603813272
30.0,137.0,130.48095703125,-0.0263561790047711,1.6015253764683937,-2.465033074762451,-2.1926059126630406,-1.1161818080473769,0.8628217825825626,0.0520953320729586,2.564612183516153,0.1285528650702829,1.7237121779010771
30.0,137.0,220.53668212890625,-1.2171966783311097,0.4756538204269566,-3.473961005955754,-3.088961056374514,-1.704597891261704,0.4920041034137272,-0.0918239354140258,2.562499878329205,0.3992523830963432,2.654374933471221
30.0,137.0,130.71820068359375,-0.0229427046861122,1.6045647176748676,-2.466345276573969,-2.178916168204561,-1.1241921385194535,0.8752863757177765,0.031204039554748,2.566823055940476,0.1357307682416353,1.7978129261008162
30.0,137.0,245.9429931640625,-0.8483266135729868,0.6453986865434707,-3.506552371550096,-3.271625883978806,-2.56814784519429,0.2147286641374462,-0.1436646083617611,2.4296898910346845,0.2413711030766583,2.371772908737178
30.0,137.0,220.6161956787109,-0.9503927517081534,0.677458880081766,-3.4985466721108613,-3.1419557166689587,-2.6450864950941537,0.7657276416976995,-0.0800017667336136,2.591298282155937,0.2318220931468717,1.9778696258291708
30.0,137.0,209.95681762695312,-0.8546054761373488,0.5561256830121146,-3.5196763665523463,-2.9998356632825494,-1.6631055522139582,0.5872105304760162,-0.0307104087849592,2.588951662564981,0.2473229352094717,1.9606851088631445
30.0,137.0,198.1161651611328,-2.038243775065099,1.5493086873758664,-2.845738260058812,-2.791556400356753,-1.3545742485838108,0.7431300521504673,0.0653416799188597,2.5513340819415955,0.1909917097448164,1.910990100271098
30.0,137.0,205.4263153076172,-1.0610826982318322,0.7387432132212964,-3.5269101097837323,-2.588175478326636,-1.3746018730768372,0.7544874944278932,-0.0259144887775997,2.5909527780546773,0.210068459110206,2.063579531483645
30.0,137.0,139.36001586914062,-0.0774070545303248,1.6107636616475962,-2.435309289895771,-2.1221775679526624,-1.1521248722995543,0.8817374030863666,-0.0413502966353422,2.5675322466615333,0.1243038753987036,1.7308025143472547
30.0,137.0,130.2895050048828,-0.0286924762136469,1.5953937218262342,-2.467813950801939,-2.2004920466320965,-1.132997270524016,0.8396541351393457,0.018417032044962,2.5609478115692554,0.1167986398771738,1.7282877005213242
30.0,137.0,130.87879943847656,-0.0332799162440545,1.603147545083949,-2.45654672888414,-2.194641458172544,-1.118020969758261,0.8802510166439297,0.0191221912270333,2.5636411025061405,0.1263746520888256,1.734914557960153
30.0,137.0,203.7299041748047,-1.4671963034076896,0.7718039591814964,-3.521820860113768,-2.7055890962796987,-1.3850800460590984,0.7492558679810841,0.0041742840984898,2.5864682179734686,0.2295821296873494,1.9406396168518183
30.0,137.0,240.0376892089844,-0.818985015422538,0.7325545795717203,-3.463958090524869,-3.1745869837099026,-1.9281247841715203,0.2058466922336207,-0.3766659363291286,2.6001316734345754,0.2265875295001577,2.1979228280822705
30.0,137.0,239.34703063964844,-0.5573109000134422,1.0820330890696988,-3.240952051214933,-3.640707829016172,-1.7737497179098791,0.4745016799634982,0.0314885242161033,2.6135288507269894,0.153150853889011,1.936260516662292
30.0,137.0,131.22015380859375,-0.0101582861883258,1.623123849218197,-2.458537559390188,-2.1868927729654235,-1.1243470604363248,0.8749571132306145,0.0250023245865934,2.563739180694001,0.1478840394054699,1.7122244588247433
30.0,137.0,130.36105346679688,-0.0338782421566046,1.6017324916814066,-2.465814574574928,-2.1848031553160268,-1.1185842769664722,0.8528023738124761,0.0421782803591058,2.563768976793345,0.1222206399665384,1.7143363672870386
30.0,137.0,253.9329833984375,-0.053723840070014,1.665919155621595,-2.5017272113673497,-2.0803969033318284,-0.9367624717377336,0.7408312750436603,-0.5774611242678286,2.264237602753933,-0.0361318425173727,1.5865583228034896
30.0,137.0,133.58306884765625,0.0305447037626248,1.6597078304883972,-2.48657126761048,-2.179899685691188,-1.083102703812838,0.8761758117452516,0.0426243966233819,2.596978127645796,0.1709608387464055,1.9002845512395337
30.0,137.0,209.853515625,-0.6115977473066232,0.7776220381257966,-3.835539989399004,-2.6171739805113914,-1.275521664933832,0.7366176474541036,-0.0458302544230463,2.584816162634513,0.2980722673261389,2.069972514370848
30.0,137.0,131.41119384765625,-0.0147623507889491,1.5842862478134834,-2.492203019910043,-2.182377807085342,-1.1176294240017577,0.8774441381484056,0.0511550270805041,2.5579323287591023,0.1310811902994772,1.7155566387516603
30.0,137.0,130.9593048095703,-0.0250098466797264,1.595657124857908,-2.472560541501688,-2.1896878554687973,-1.1014048039777866,0.88618962399519,0.0499380163522769,2.5600996124879907,0.1152695012594677,1.704180585454803
30.0,137.0,245.99302673339844,-0.7494604562313425,0.5827624451646062,-3.1978432976312727,-2.930434860001456,-2.589522757468941,0.4511330050359632,-0.2349149109541924,2.459352546895984,0.2558733024443547,1.86071018527782
30.0,137.0,210.119873046875,-0.7610068930568665,0.5642124147423887,-3.726421416211226,-2.7995431788777383,-1.3708891968054873,0.679066308131347,0.0234932080174868,2.5843400721228726,0.297657964549431,2.1950618999519365
30.0,137.0,131.1105499267578,-0.0221724311295,1.5947951088985624,-2.4558031736577384,-2.1836504418792217,-1.0892283745807336,0.8785077536370107,0.0372668804653603,2.556325821081627,0.1287718251508848,1.7389801576389194
30.0,137.0,215.4642791748047,-0.619272128359899,1.0161821115856564,-3.392347947738536,-3.718930889608517,-1.3159031693529706,0.8296082231312336,0.0283507836533688,2.580653015910745,0.2883060967232943,2.043397947376025
30.0,137.0,205.575927734375,-0.8160173862793221,0.5906195673798553,-3.5501247184478806,-2.9220737949502533,-1.5276746941164658,0.7254873283981647,-0.0189028447691116,2.5943872451814447,0.2168908645567235,1.9760531472632008
30.0,137.0,137.7564697265625,-0.0164701126859404,1.6196241225135748,-2.4977241184584806,-2.230402145447064,-1.0864015249917975,0.8709876649627867,0.0039726978682462,2.614582506818419,0.0922317712462975,1.7357573999160807
30.0,137.0,130.62899780273438,-0.0242292787556977,1.6012337053711958,-2.464579507004121,-2.195260153281381,-1.1143679015637342,0.8785199711550532,0.0315793417836433,2.566001853923271,0.1282982925046728,1.7179030245262106
30.0,137.0,130.52716064453125,-0.0372698066220308,1.6043706290634792,-2.4717227807182187,-2.1932197727143827,-1.1113733011070792,0.8533789892049322,0.0443548611717827,2.567187374995246,0.1231484209741344,1.721047355863026
30.0,137.0,211.49984741210932,-0.6023430394608064,0.6862990325442788,-3.3371353581117207,-2.8851573211860253,-1.389844403508281,0.7960834819435386,-0.0731183203058278,2.570385485955568,0.1939850410112546,2.062637422407674
30.0,137.0,175.5164794921875,-0.1275727271565325,1.62339085304753,-2.615052946708969,-2.15967240363564,-1.267012019226854,0.970328846093216,0.1438623537754713,2.6245913870877176,0.1447551585615671,1.8515117902710128
30.0,137.0,133.6562957763672,0.0310271037570986,1.6819388461679168,-2.4448092422303533,-2.222700150977468,-1.1762325657441854,0.8553105437401876,0.03347853790207,2.5427244503678743,0.1554916748118071,1.8200415690141984
30.0,137.0,131.47850036621094,-0.0482109867575819,1.595070953507842,-2.465208919588046,-2.161356352001325,-1.1086535445559702,0.8742354972568628,0.0644758361680563,2.566171235006831,0.1290306267162363,1.7637249640635648
30.0,137.0,137.79788208007812,-0.0320439573357102,1.604641101063467,-2.490151561600812,-2.2664146738162065,-1.1175528504715992,0.8387465334122182,0.1152818584369439,2.5584118088977124,0.1215632976113423,1.7016927120065852
30.0,137.0,132.2544403076172,-0.0926571583604785,1.570975001003475,-2.498969002465269,-2.1902786377650174,-1.10818568383066,0.8655126752917419,0.0432246015150623,2.5563345600272336,0.1395084329354663,1.7904093128244234
30.0,138.0,164.09584045410156,0.0042246226570736,1.397906107723002,-2.6432532392976267,-2.24459307068032,-1.3188455952067126,0.7371239020376129,0.0710757892001441,2.565532135150081,0.1477168695475251,1.6989134998442454
30.0,138.0,201.4370574951172,-0.4540401323260987,0.8179070478135094,-3.314276906304189,-2.628539443785192,-1.3337882873665527,0.7127938785222587,-0.0269535484838654,2.590339428802196,0.2594558839508205,2.0689052243034824
30.0,138.0,131.32760620117188,-0.0138477676352566,1.5801238206622656,-2.464844970157015,-2.2001853369019515,-1.1145212562118412,0.8825863672742946,0.0482689153422356,2.5549206875055126,0.1283080732278719,1.7419780310718291
30.0,138.0,205.40724182128903,-1.2471719392371754,0.7338063691250966,-3.6956164114227614,-2.6893020048638974,-1.4361633841990469,0.7509499775402746,-0.0265320376388999,2.5844589496606782,0.2214973721181175,2.0621365244733765
30.0,138.0,158.0044708251953,-0.0757322953707615,1.7903651419296591,-2.5046199930823363,-2.2484300107067066,-1.1446647979120184,0.8673592899266545,0.0333715065562249,2.566841957783223,0.1243736819845747,1.7265147253207231
30.0,138.0,130.8968048095703,-0.0130541646245537,1.593922434430379,-2.46565693336918,-2.205010597545909,-1.1128288523686936,0.8738559420465596,0.0468691288696001,2.5645814587792013,0.1108213846711231,1.7112999884187647
30.0,138.0,131.29234313964844,-0.0292988435628628,1.5903191293991603,-2.474535023631585,-2.178791754548504,-1.1062768412720332,0.8838733233405248,0.0331911259184767,2.560286759440213,0.1383314190461202,1.7095663921340885
30.0,138.0,130.79653930664062,-0.0328125492507464,1.5894649182831515,-2.4658678085900907,-2.180275619066528,-1.1190861296770147,0.869786284280565,0.0236306630912944,2.565940447335937,0.1125270233990234,1.7203706959220797
30.0,138.0,189.8971405029297,-0.1405292025412786,1.7033979438090308,-2.524313211938222,-2.287242637165854,-1.447504988022916,0.6167682713394497,-0.0335969687734852,2.5434630684806177,0.1792906129115863,1.4818427283199904
30.0,138.0,217.80987548828125,-0.7399219093249991,0.6265199654248446,-3.3812386568411683,-3.115740592719888,-2.4970438835882924,0.4187495791001843,-0.1164287251613381,2.541142812644273,0.2703581298861386,2.0687642066891287
30.0,138.0,201.7044219970703,-0.6552952230338768,0.789537644755984,-3.131677153117997,-2.725862189701337,-1.327890814222953,0.7257755438118074,-0.0264966475501739,2.5879562114865826,0.2411740536822892,2.06908069814025
30.0,138.0,130.5114288330078,-0.0343842992688667,1.6049648044203766,-2.466387357442748,-2.1905719757835245,-1.119713913787532,0.8761907712226772,0.0392621439734497,2.5691358130825046,0.1359418559242828,1.73771962303575
30.0,138.0,207.52395629882807,-1.0172369141889488,0.5097226488719611,-3.674337809841004,-2.8353189978585056,-1.3644168602548383,0.7515932251121955,-0.0172059671688819,2.580125632767812,0.2261450789481383,2.063133829032119
30.0,138.0,131.0275115966797,-0.0300941791408053,1.5917029557930946,-2.4736354944710914,-2.179986158404016,-1.101528336860324,0.8807576840987235,0.0543171311855271,2.560955495354865,0.1339453615989479,1.7340583791588895
30.0,138.0,130.40615844726562,-0.027587046682928,1.5906292590785702,-2.471774186851914,-2.2214822207489493,-1.151391988892166,0.838467292838993,0.0199206005770148,2.5580559466947888,0.1194421760617362,1.7191921603813272
30.0,138.0,130.48095703125,-0.0263561790047711,1.6015253764683937,-2.465033074762451,-2.1926059126630406,-1.1161818080473769,0.8628217825825626,0.0520953320729586,2.564612183516153,0.1285528650702829,1.7237121779010771
30.0,138.0,220.53668212890625,-1.2171966783311097,0.4756538204269566,-3.473961005955754,-3.088961056374514,-1.704597891261704,0.4920041034137272,-0.0918239354140258,2.562499878329205,0.3992523830963432,2.654374933471221
30.0,138.0,130.43496704101562,-0.0284568852651977,1.6026588007871154,-2.4675091990599483,-2.194768262163928,-1.1185031001291146,0.8457061931516516,0.0219825531993017,2.5661166789347227,0.106905762521904,1.6604482624112773
30.0,138.0,245.9429931640625,-0.8483266135729868,0.6453986865434707,-3.506552371550096,-3.271625883978806,-2.56814784519429,0.2147286641374462,-0.1436646083617611,2.4296898910346845,0.2413711030766583,2.371772908737178
30.0,138.0,202.07305908203125,-0.5913198112483224,0.771950545188603,-3.0203592555883976,-2.6017803067481746,-1.3000487108249943,0.8454072197524046,0.0533774586459374,2.5848886936271365,0.1193070434199166,1.8604054827243013
30.0,138.0,209.95681762695312,-0.8546054761373488,0.5561256830121146,-3.5196763665523463,-2.9998356632825494,-1.6631055522139582,0.5872105304760162,-0.0307104087849592,2.588951662564981,0.2473229352094717,1.9606851088631445
30.0,138.0,198.1161651611328,-2.038243775065099,1.5493086873758664,-2.845738260058812,-2.791556400356753,-1.3545742485838108,0.7431300521504673,0.0653416799188597,2.5513340819415955,0.1909917097448164,1.910990100271098
30.0,138.0,205.4263153076172,-1.0610826982318322,0.7387432132212964,-3.5269101097837323,-2.588175478326636,-1.3746018730768372,0.7544874944278932,-0.0259144887775997,2.5909527780546773,0.210068459110206,2.063579531483645
30.0,138.0,139.36001586914062,-0.0774070545303248,1.6107636616475962,-2.435309289895771,-2.1221775679526624,-1.1521248722995543,0.8817374030863666,-0.0413502966353422,2.5675322466615333,0.1243038753987036,1.7308025143472547
30.0,138.0,130.2895050048828,-0.0286924762136469,1.5953937218262342,-2.467813950801939,-2.2004920466320965,-1.132997270524016,0.8396541351393457,0.018417032044962,2.5609478115692554,0.1167986398771738,1.7282877005213242
30.0,138.0,130.87879943847656,-0.0332799162440545,1.603147545083949,-2.45654672888414,-2.194641458172544,-1.118020969758261,0.8802510166439297,0.0191221912270333,2.5636411025061405,0.1263746520888256,1.734914557960153
30.0,138.0,203.7299041748047,-1.4671963034076896,0.7718039591814964,-3.521820860113768,-2.7055890962796987,-1.3850800460590984,0.7492558679810841,0.0041742840984898,2.5864682179734686,0.2295821296873494,1.9406396168518183
30.0,138.0,240.0376892089844,-0.818985015422538,0.7325545795717203,-3.463958090524869,-3.1745869837099026,-1.9281247841715203,0.2058466922336207,-0.3766659363291286,2.6001316734345754,0.2265875295001577,2.1979228280822705
30.0,138.0,239.34703063964844,-0.5573109000134422,1.0820330890696988,-3.240952051214933,-3.640707829016172,-1.7737497179098791,0.4745016799634982,0.0314885242161033,2.6135288507269894,0.153150853889011,1.936260516662292
30.0,138.0,131.22015380859375,-0.0101582861883258,1.623123849218197,-2.458537559390188,-2.1868927729654235,-1.1243470604363248,0.8749571132306145,0.0250023245865934,2.563739180694001,0.1478840394054699,1.7122244588247433
30.0,138.0,130.36105346679688,-0.0338782421566046,1.6017324916814066,-2.465814574574928,-2.1848031553160268,-1.1185842769664722,0.8528023738124761,0.0421782803591058,2.563768976793345,0.1222206399665384,1.7143363672870386
30.0,138.0,253.9329833984375,-0.053723840070014,1.665919155621595,-2.5017272113673497,-2.0803969033318284,-0.9367624717377336,0.7408312750436603,-0.5774611242678286,2.264237602753933,-0.0361318425173727,1.5865583228034896
30.0,138.0,133.58306884765625,0.0305447037626248,1.6597078304883972,-2.48657126761048,-2.179899685691188,-1.083102703812838,0.8761758117452516,0.0426243966233819,2.596978127645796,0.1709608387464055,1.9002845512395337
30.0,138.0,209.853515625,-0.6115977473066232,0.7776220381257966,-3.835539989399004,-2.6171739805113914,-1.275521664933832,0.7366176474541036,-0.0458302544230463,2.584816162634513,0.2980722673261389,2.069972514370848
30.0,138.0,131.41119384765625,-0.0147623507889491,1.5842862478134834,-2.492203019910043,-2.182377807085342,-1.1176294240017577,0.8774441381484056,0.0511550270805041,2.5579323287591023,0.1310811902994772,1.7155566387516603
30.0,138.0,130.9593048095703,-0.0250098466797264,1.595657124857908,-2.472560541501688,-2.1896878554687973,-1.1014048039777866,0.88618962399519,0.0499380163522769,2.5600996124879907,0.1152695012594677,1.704180585454803
30.0,138.0,245.99302673339844,-0.7494604562313425,0.5827624451646062,-3.1978432976312727,-2.930434860001456,-2.589522757468941,0.4511330050359632,-0.2349149109541924,2.459352546895984,0.2558733024443547,1.86071018527782
30.0,138.0,210.119873046875,-0.7610068930568665,0.5642124147423887,-3.726421416211226,-2.7995431788777383,-1.3708891968054873,0.679066308131347,0.0234932080174868,2.5843400721228726,0.297657964549431,2.1950618999519365
30.0,138.0,131.1105499267578,-0.0221724311295,1.5947951088985624,-2.4558031736577384,-2.1836504418792217,-1.0892283745807336,0.8785077536370107,0.0372668804653603,2.556325821081627,0.1287718251508848,1.7389801576389194
30.0,138.0,215.4642791748047,-0.619272128359899,1.0161821115856564,-3.392347947738536,-3.718930889608517,-1.3159031693529706,0.8296082231312336,0.0283507836533688,2.580653015910745,0.2883060967232943,2.043397947376025
30.0,138.0,205.575927734375,-0.8160173862793221,0.5906195673798553,-3.5501247184478806,-2.9220737949502533,-1.5276746941164658,0.7254873283981647,-0.0189028447691116,2.5943872451814447,0.2168908645567235,1.9760531472632008
30.0,138.0,133.7758331298828,-0.0306629593236881,1.6224472414826117,-2.48003369160725,-2.2171393659265592,-1.1555739428384373,0.8128019323405755,0.0043660493016393,2.614518350008384,0.1178811759799288,1.6885902062872526
30.0,138.0,130.62899780273438,-0.0242292787556977,1.6012337053711958,-2.464579507004121,-2.195260153281381,-1.1143679015637342,0.8785199711550532,0.0315793417836433,2.566001853923271,0.1282982925046728,1.7179030245262106
30.0,138.0,130.52716064453125,-0.0372698066220308,1.6043706290634792,-2.4717227807182187,-2.1932197727143827,-1.1113733011070792,0.8533789892049322,0.0443548611717827,2.567187374995246,0.1231484209741344,1.721047355863026
30.0,138.0,211.49984741210932,-0.6023430394608064,0.6862990325442788,-3.3371353581117207,-2.8851573211860253,-1.389844403508281,0.7960834819435386,-0.0731183203058278,2.570385485955568,0.1939850410112546,2.062637422407674
30.0,138.0,175.5164794921875,-0.1275727271565325,1.62339085304753,-2.615052946708969,-2.15967240363564,-1.267012019226854,0.970328846093216,0.1438623537754713,2.6245913870877176,0.1447551585615671,1.8515117902710128
30.0,138.0,133.6562957763672,0.0310271037570986,1.6819388461679168,-2.4448092422303533,-2.222700150977468,-1.1762325657441854,0.8553105437401876,0.03347853790207,2.5427244503678743,0.1554916748118071,1.8200415690141984
30.0,138.0,131.47850036621094,-0.0482109867575819,1.595070953507842,-2.465208919588046,-2.161356352001325,-1.1086535445559702,0.8742354972568628,0.0644758361680563,2.566171235006831,0.1290306267162363,1.7637249640635648
30.0,138.0,137.79788208007812,-0.0320439573357102,1.604641101063467,-2.490151561600812,-2.2664146738162065,-1.1175528504715992,0.8387465334122182,0.1152818584369439,2.5584118088977124,0.1215632976113423,1.7016927120065852
30.0,138.0,132.2544403076172,-0.0926571583604785,1.570975001003475,-2.498969002465269,-2.1902786377650174,-1.10818568383066,0.8655126752917419,0.0432246015150623,2.5563345600272336,0.1395084329354663,1.7904093128244234
30.0,139.0,164.09584045410156,0.0042246226570736,1.397906107723002,-2.6432532392976267,-2.24459307068032,-1.3188455952067126,0.7371239020376129,0.0710757892001441,2.565532135150081,0.1477168695475251,1.6989134998442454
30.0,139.0,201.4370574951172,-0.4540401323260987,0.8179070478135094,-3.314276906304189,-2.628539443785192,-1.3337882873665527,0.7127938785222587,-0.0269535484838654,2.590339428802196,0.2594558839508205,2.0689052243034824
30.0,139.0,131.32760620117188,-0.0138477676352566,1.5801238206622656,-2.464844970157015,-2.2001853369019515,-1.1145212562118412,0.8825863672742946,0.0482689153422356,2.5549206875055126,0.1283080732278719,1.7419780310718291
30.0,139.0,205.40724182128903,-1.2471719392371754,0.7338063691250966,-3.6956164114227614,-2.6893020048638974,-1.4361633841990469,0.7509499775402746,-0.0265320376388999,2.5844589496606782,0.2214973721181175,2.0621365244733765
30.0,139.0,158.0044708251953,-0.0757322953707615,1.7903651419296591,-2.5046199930823363,-2.2484300107067066,-1.1446647979120184,0.8673592899266545,0.0333715065562249,2.566841957783223,0.1243736819845747,1.7265147253207231
30.0,139.0,130.8968048095703,-0.0130541646245537,1.593922434430379,-2.46565693336918,-2.205010597545909,-1.1128288523686936,0.8738559420465596,0.0468691288696001,2.5645814587792013,0.1108213846711231,1.7112999884187647
30.0,139.0,130.82757568359375,-0.0324969359645192,1.6035443203874162,-2.462428659938543,-2.207745301395513,-1.1179732807635323,0.8392995059881051,0.0472462639747037,2.563642381276944,0.1181305698331163,1.7299190029490854
30.0,139.0,130.79653930664062,-0.0328125492507464,1.5894649182831515,-2.4658678085900907,-2.180275619066528,-1.1190861296770147,0.869786284280565,0.0236306630912944,2.565940447335937,0.1125270233990234,1.7203706959220797
30.0,139.0,189.8971405029297,-0.1405292025412786,1.7033979438090308,-2.524313211938222,-2.287242637165854,-1.447504988022916,0.6167682713394497,-0.0335969687734852,2.5434630684806177,0.1792906129115863,1.4818427283199904
30.0,139.0,217.80987548828125,-0.7399219093249991,0.6265199654248446,-3.3812386568411683,-3.115740592719888,-2.4970438835882924,0.4187495791001843,-0.1164287251613381,2.541142812644273,0.2703581298861386,2.0687642066891287
30.0,139.0,201.7044219970703,-0.6552952230338768,0.789537644755984,-3.131677153117997,-2.725862189701337,-1.327890814222953,0.7257755438118074,-0.0264966475501739,2.5879562114865826,0.2411740536822892,2.06908069814025
30.0,139.0,130.5114288330078,-0.0343842992688667,1.6049648044203766,-2.466387357442748,-2.1905719757835245,-1.119713913787532,0.8761907712226772,0.0392621439734497,2.5691358130825046,0.1359418559242828,1.73771962303575
30.0,139.0,207.52395629882807,-1.0172369141889488,0.5097226488719611,-3.674337809841004,-2.8353189978585056,-1.3644168602548383,0.7515932251121955,-0.0172059671688819,2.580125632767812,0.2261450789481383,2.063133829032119
30.0,139.0,131.0275115966797,-0.0300941791408053,1.5917029557930946,-2.4736354944710914,-2.179986158404016,-1.101528336860324,0.8807576840987235,0.0543171311855271,2.560955495354865,0.1339453615989479,1.7340583791588895
30.0,139.0,130.40615844726562,-0.027587046682928,1.5906292590785702,-2.471774186851914,-2.2214822207489493,-1.151391988892166,0.838467292838993,0.0199206005770148,2.5580559466947888,0.1194421760617362,1.7191921603813272
30.0,139.0,130.48095703125,-0.0263561790047711,1.6015253764683937,-2.465033074762451,-2.1926059126630406,-1.1161818080473769,0.8628217825825626,0.0520953320729586,2.564612183516153,0.1285528650702829,1.7237121779010771
30.0,139.0,220.53668212890625,-1.2171966783311097,0.4756538204269566,-3.473961005955754,-3.088961056374514,-1.704597891261704,0.4920041034137272,-0.0918239354140258,2.562499878329205,0.3992523830963432,2.654374933471221
30.0,139.0,130.43496704101562,-0.0284568852651977,1.6026588007871154,-2.4675091990599483,-2.194768262163928,-1.1185031001291146,0.8457061931516516,0.0219825531993017,2.5661166789347227,0.106905762521904,1.6604482624112773
30.0,139.0,245.9429931640625,-0.8483266135729868,0.6453986865434707,-3.506552371550096,-3.271625883978806,-2.56814784519429,0.2147286641374462,-0.1436646083617611,2.4296898910346845,0.2413711030766583,2.371772908737178
30.0,139.0,202.07305908203125,-0.5913198112483224,0.771950545188603,-3.0203592555883976,-2.6017803067481746,-1.3000487108249943,0.8454072197524046,0.0533774586459374,2.5848886936271365,0.1193070434199166,1.8604054827243013
30.0,139.0,209.95681762695312,-0.8546054761373488,0.5561256830121146,-3.5196763665523463,-2.9998356632825494,-1.6631055522139582,0.5872105304760162,-0.0307104087849592,2.588951662564981,0.2473229352094717,1.9606851088631445
30.0,139.0,198.1161651611328,-2.038243775065099,1.5493086873758664,-2.845738260058812,-2.791556400356753,-1.3545742485838108,0.7431300521504673,0.0653416799188597,2.5513340819415955,0.1909917097448164,1.910990100271098
30.0,139.0,205.4263153076172,-1.0610826982318322,0.7387432132212964,-3.5269101097837323,-2.588175478326636,-1.3746018730768372,0.7544874944278932,-0.0259144887775997,2.5909527780546773,0.210068459110206,2.063579531483645
30.0,139.0,139.36001586914062,-0.0774070545303248,1.6107636616475962,-2.435309289895771,-2.1221775679526624,-1.1521248722995543,0.8817374030863666,-0.0413502966353422,2.5675322466615333,0.1243038753987036,1.7308025143472547
30.0,139.0,130.2895050048828,-0.0286924762136469,1.5953937218262342,-2.467813950801939,-2.2004920466320965,-1.132997270524016,0.8396541351393457,0.018417032044962,2.5609478115692554,0.1167986398771738,1.7282877005213242
30.0,139.0,130.73130798339844,-0.0268959514501839,1.5983331632766902,-2.4763203442494266,-2.195455336680608,-1.1255167426114148,0.8419760018599357,-0.0004891424596619,2.5648884605447715,0.117589455554272,1.7153013963210864
30.0,139.0,203.7299041748047,-1.4671963034076896,0.7718039591814964,-3.521820860113768,-2.7055890962796987,-1.3850800460590984,0.7492558679810841,0.0041742840984898,2.5864682179734686,0.2295821296873494,1.9406396168518183
30.0,139.0,240.0376892089844,-0.818985015422538,0.7325545795717203,-3.463958090524869,-3.1745869837099026,-1.9281247841715203,0.2058466922336207,-0.3766659363291286,2.6001316734345754,0.2265875295001577,2.1979228280822705
30.0,139.0,239.34703063964844,-0.5573109000134422,1.0820330890696988,-3.240952051214933,-3.640707829016172,-1.7737497179098791,0.4745016799634982,0.0314885242161033,2.6135288507269894,0.153150853889011,1.936260516662292
30.0,139.0,130.45645141601562,-0.0363739964700082,1.619359955371767,-2.459177339805861,-2.1949649169607794,-1.1299623045790108,0.8393373071625005,0.0394277542386456,2.559593844200528,0.1161289271195126,1.7227814271351625
30.0,139.0,130.36105346679688,-0.0338782421566046,1.6017324916814066,-2.465814574574928,-2.1848031553160268,-1.1185842769664722,0.8528023738124761,0.0421782803591058,2.563768976793345,0.1222206399665384,1.7143363672870386
30.0,139.0,253.9329833984375,-0.053723840070014,1.665919155621595,-2.5017272113673497,-2.0803969033318284,-0.9367624717377336,0.7408312750436603,-0.5774611242678286,2.264237602753933,-0.0361318425173727,1.5865583228034896
30.0,139.0,133.58306884765625,0.0305447037626248,1.6597078304883972,-2.48657126761048,-2.179899685691188,-1.083102703812838,0.8761758117452516,0.0426243966233819,2.596978127645796,0.1709608387464055,1.9002845512395337
30.0,139.0,209.853515625,-0.6115977473066232,0.7776220381257966,-3.835539989399004,-2.6171739805113914,-1.275521664933832,0.7366176474541036,-0.0458302544230463,2.584816162634513,0.2980722673261389,2.069972514370848
30.0,139.0,131.41119384765625,-0.0147623507889491,1.5842862478134834,-2.492203019910043,-2.182377807085342,-1.1176294240017577,0.8774441381484056,0.0511550270805041,2.5579323287591023,0.1310811902994772,1.7155566387516603
30.0,139.0,130.9593048095703,-0.0250098466797264,1.595657124857908,-2.472560541501688,-2.1896878554687973,-1.1014048039777866,0.88618962399519,0.0499380163522769,2.5600996124879907,0.1152695012594677,1.704180585454803
30.0,139.0,245.99302673339844,-0.7494604562313425,0.5827624451646062,-3.1978432976312727,-2.930434860001456,-2.589522757468941,0.4511330050359632,-0.2349149109541924,2.459352546895984,0.2558733024443547,1.86071018527782
30.0,139.0,210.119873046875,-0.7610068930568665,0.5642124147423887,-3.726421416211226,-2.7995431788777383,-1.3708891968054873,0.679066308131347,0.0234932080174868,2.5843400721228726,0.297657964549431,2.1950618999519365
30.0,139.0,131.1105499267578,-0.0221724311295,1.5947951088985624,-2.4558031736577384,-2.1836504418792217,-1.0892283745807336,0.8785077536370107,0.0372668804653603,2.556325821081627,0.1287718251508848,1.7389801576389194
30.0,139.0,215.4642791748047,-0.619272128359899,1.0161821115856564,-3.392347947738536,-3.718930889608517,-1.3159031693529706,0.8296082231312336,0.0283507836533688,2.580653015910745,0.2883060967232943,2.043397947376025
30.0,139.0,205.575927734375,-0.8160173862793221,0.5906195673798553,-3.5501247184478806,-2.9220737949502533,-1.5276746941164658,0.7254873283981647,-0.0189028447691116,2.5943872451814447,0.2168908645567235,1.9760531472632008
30.0,139.0,132.60128784179688,-0.0328455885450474,1.5713724108586713,-2.4652182835047447,-2.184253826828558,-1.181894327292719,0.8145731004042687,0.0076664081353639,2.578347549486113,0.1270725401364047,1.7022924619833355
30.0,139.0,130.62899780273438,-0.0242292787556977,1.6012337053711958,-2.464579507004121,-2.195260153281381,-1.1143679015637342,0.8785199711550532,0.0315793417836433,2.566001853923271,0.1282982925046728,1.7179030245262106
30.0,139.0,130.52716064453125,-0.0372698066220308,1.6043706290634792,-2.4717227807182187,-2.1932197727143827,-1.1113733011070792,0.8533789892049322,0.0443548611717827,2.567187374995246,0.1231484209741344,1.721047355863026
30.0,139.0,211.49984741210932,-0.6023430394608064,0.6862990325442788,-3.3371353581117207,-2.8851573211860253,-1.389844403508281,0.7960834819435386,-0.0731183203058278,2.570385485955568,0.1939850410112546,2.062637422407674
30.0,139.0,161.9656219482422,-0.1136510447568401,1.588686878347409,-2.5080151288835384,-2.135283144775394,-1.2403220620555695,0.8735566413966696,0.145804783058892,2.484070857649981,0.1418154010623033,1.844504064690298
30.0,139.0,133.6562957763672,0.0310271037570986,1.6819388461679168,-2.4448092422303533,-2.222700150977468,-1.1762325657441854,0.8553105437401876,0.03347853790207,2.5427244503678743,0.1554916748118071,1.8200415690141984
30.0,139.0,131.47850036621094,-0.0482109867575819,1.595070953507842,-2.465208919588046,-2.161356352001325,-1.1086535445559702,0.8742354972568628,0.0644758361680563,2.566171235006831,0.1290306267162363,1.7637249640635648
30.0,139.0,132.24331665039062,-0.023156583707425,1.5983950246783722,-2.4799964786139137,-2.201875620688081,-1.1314716335219732,0.8244523816844194,0.062332706078463,2.5632047816624586,0.0977817285430741,1.7332972158101956
30.0,139.0,132.2544403076172,-0.0926571583604785,1.570975001003475,-2.498969002465269,-2.1902786377650174,-1.10818568383066,0.8655126752917419,0.0432246015150623,2.5563345600272336,0.1395084329354663,1.7904093128244234
30.0,140.0,164.09584045410156,0.0042246226570736,1.397906107723002,-2.6432532392976267,-2.24459307068032,-1.3188455952067126,0.7371239020376129,0.0710757892001441,2.565532135150081,0.1477168695475251,1.6989134998442454
30.0,140.0,201.4370574951172,-0.4540401323260987,0.8179070478135094,-3.314276906304189,-2.628539443785192,-1.3337882873665527,0.7127938785222587,-0.0269535484838654,2.590339428802196,0.2594558839508205,2.0689052243034824
30.0,140.0,131.32760620117188,-0.0138477676352566,1.5801238206622656,-2.464844970157015,-2.2001853369019515,-1.1145212562118412,0.8825863672742946,0.0482689153422356,2.5549206875055126,0.1283080732278719,1.7419780310718291
30.0,140.0,205.40724182128903,-1.2471719392371754,0.7338063691250966,-3.6956164114227614,-2.6893020048638974,-1.4361633841990469,0.7509499775402746,-0.0265320376388999,2.5844589496606782,0.2214973721181175,2.0621365244733765
30.0,140.0,139.13023376464844,0.0335335401998285,1.61234843638069,-2.4990180974871725,-2.1662076725747923,-1.1361271036506326,0.750310343763002,0.0554093423957864,2.552394309462981,0.1200050334800116,1.7272621431375303
30.0,140.0,130.8968048095703,-0.0130541646245537,1.593922434430379,-2.46565693336918,-2.205010597545909,-1.1128288523686936,0.8738559420465596,0.0468691288696001,2.5645814587792013,0.1108213846711231,1.7112999884187647
30.0,140.0,130.5272979736328,-0.0265374955730277,1.5998513966170094,-2.4648739319230737,-2.2126843071477342,-1.1652189581332042,0.8357116573863514,0.018241537377076,2.564083022199307,0.1209552067962242,1.729694793563449
30.0,140.0,130.79653930664062,-0.0328125492507464,1.5894649182831515,-2.4658678085900907,-2.180275619066528,-1.1190861296770147,0.869786284280565,0.0236306630912944,2.565940447335937,0.1125270233990234,1.7203706959220797
30.0,140.0,157.5321502685547,-0.1676752851117812,1.6079737605284663,-2.474647294200256,-2.267961350931138,-1.3791243574437633,0.7120599153809838,-0.0827662508063961,2.583166229564662,0.169284770934126,1.7636906705687625
30.0,140.0,217.80987548828125,-0.7399219093249991,0.6265199654248446,-3.3812386568411683,-3.115740592719888,-2.4970438835882924,0.4187495791001843,-0.1164287251613381,2.541142812644273,0.2703581298861386,2.0687642066891287
30.0,140.0,201.7044219970703,-0.6552952230338768,0.789537644755984,-3.131677153117997,-2.725862189701337,-1.327890814222953,0.7257755438118074,-0.0264966475501739,2.5879562114865826,0.2411740536822892,2.06908069814025
30.0,140.0,130.5114288330078,-0.0343842992688667,1.6049648044203766,-2.466387357442748,-2.1905719757835245,-1.119713913787532,0.8761907712226772,0.0392621439734497,2.5691358130825046,0.1359418559242828,1.73771962303575
30.0,140.0,207.52395629882807,-1.0172369141889488,0.5097226488719611,-3.674337809841004,-2.8353189978585056,-1.3644168602548383,0.7515932251121955,-0.0172059671688819,2.580125632767812,0.2261450789481383,2.063133829032119
30.0,140.0,131.0275115966797,-0.0300941791408053,1.5917029557930946,-2.4736354944710914,-2.179986158404016,-1.101528336860324,0.8807576840987235,0.0543171311855271,2.560955495354865,0.1339453615989479,1.7340583791588895
30.0,140.0,130.40615844726562,-0.027587046682928,1.5906292590785702,-2.471774186851914,-2.2214822207489493,-1.151391988892166,0.838467292838993,0.0199206005770148,2.5580559466947888,0.1194421760617362,1.7191921603813272
30.0,140.0,130.48095703125,-0.0263561790047711,1.6015253764683937,-2.465033074762451,-2.1926059126630406,-1.1161818080473769,0.8628217825825626,0.0520953320729586,2.564612183516153,0.1285528650702829,1.7237121779010771
30.0,140.0,220.53668212890625,-1.2171966783311097,0.4756538204269566,-3.473961005955754,-3.088961056374514,-1.704597891261704,0.4920041034137272,-0.0918239354140258,2.562499878329205,0.3992523830963432,2.654374933471221
30.0,140.0,130.43496704101562,-0.0284568852651977,1.6026588007871154,-2.4675091990599483,-2.194768262163928,-1.1185031001291146,0.8457061931516516,0.0219825531993017,2.5661166789347227,0.106905762521904,1.6604482624112773
30.0,140.0,245.9429931640625,-0.8483266135729868,0.6453986865434707,-3.506552371550096,-3.271625883978806,-2.56814784519429,0.2147286641374462,-0.1436646083617611,2.4296898910346845,0.2413711030766583,2.371772908737178
30.0,140.0,202.07305908203125,-0.5913198112483224,0.771950545188603,-3.0203592555883976,-2.6017803067481746,-1.3000487108249943,0.8454072197524046,0.0533774586459374,2.5848886936271365,0.1193070434199166,1.8604054827243013
30.0,140.0,209.95681762695312,-0.8546054761373488,0.5561256830121146,-3.5196763665523463,-2.9998356632825494,-1.6631055522139582,0.5872105304760162,-0.0307104087849592,2.588951662564981,0.2473229352094717,1.9606851088631445
30.0,140.0,198.1161651611328,-2.038243775065099,1.5493086873758664,-2.845738260058812,-2.791556400356753,-1.3545742485838108,0.7431300521504673,0.0653416799188597,2.5513340819415955,0.1909917097448164,1.910990100271098
30.0,140.0,205.4263153076172,-1.0610826982318322,0.7387432132212964,-3.5269101097837323,-2.588175478326636,-1.3746018730768372,0.7544874944278932,-0.0259144887775997,2.5909527780546773,0.210068459110206,2.063579531483645
30.0,140.0,139.36001586914062,-0.0774070545303248,1.6107636616475962,-2.435309289895771,-2.1221775679526624,-1.1521248722995543,0.8817374030863666,-0.0413502966353422,2.5675322466615333,0.1243038753987036,1.7308025143472547
30.0,140.0,130.2895050048828,-0.0286924762136469,1.5953937218262342,-2.467813950801939,-2.2004920466320965,-1.132997270524016,0.8396541351393457,0.018417032044962,2.5609478115692554,0.1167986398771738,1.7282877005213242
30.0,140.0,130.73130798339844,-0.0268959514501839,1.5983331632766902,-2.4763203442494266,-2.195455336680608,-1.1255167426114148,0.8419760018599357,-0.0004891424596619,2.5648884605447715,0.117589455554272,1.7153013963210864
30.0,140.0,203.7299041748047,-1.4671963034076896,0.7718039591814964,-3.521820860113768,-2.7055890962796987,-1.3850800460590984,0.7492558679810841,0.0041742840984898,2.5864682179734686,0.2295821296873494,1.9406396168518183
30.0,140.0,240.0376892089844,-0.818985015422538,0.7325545795717203,-3.463958090524869,-3.1745869837099026,-1.9281247841715203,0.2058466922336207,-0.3766659363291286,2.6001316734345754,0.2265875295001577,2.1979228280822705
30.0,140.0,239.34703063964844,-0.5573109000134422,1.0820330890696988,-3.240952051214933,-3.640707829016172,-1.7737497179098791,0.4745016799634982,0.0314885242161033,2.6135288507269894,0.153150853889011,1.936260516662292
30.0,140.0,130.45645141601562,-0.0363739964700082,1.619359955371767,-2.459177339805861,-2.1949649169607794,-1.1299623045790108,0.8393373071625005,0.0394277542386456,2.559593844200528,0.1161289271195126,1.7227814271351625
30.0,140.0,130.36105346679688,-0.0338782421566046,1.6017324916814066,-2.465814574574928,-2.1848031553160268,-1.1185842769664722,0.8528023738124761,0.0421782803591058,2.563768976793345,0.1222206399665384,1.7143363672870386
30.0,140.0,253.9329833984375,-0.053723840070014,1.665919155621595,-2.5017272113673497,-2.0803969033318284,-0.9367624717377336,0.7408312750436603,-0.5774611242678286,2.264237602753933,-0.0361318425173727,1.5865583228034896
30.0,140.0,133.58306884765625,0.0305447037626248,1.6597078304883972,-2.48657126761048,-2.179899685691188,-1.083102703812838,0.8761758117452516,0.0426243966233819,2.596978127645796,0.1709608387464055,1.9002845512395337
30.0,140.0,209.853515625,-0.6115977473066232,0.7776220381257966,-3.835539989399004,-2.6171739805113914,-1.275521664933832,0.7366176474541036,-0.0458302544230463,2.584816162634513,0.2980722673261389,2.069972514370848
30.0,140.0,131.41119384765625,-0.0147623507889491,1.5842862478134834,-2.492203019910043,-2.182377807085342,-1.1176294240017577,0.8774441381484056,0.0511550270805041,2.5579323287591023,0.1310811902994772,1.7155566387516603
30.0,140.0,130.9593048095703,-0.0250098466797264,1.595657124857908,-2.472560541501688,-2.1896878554687973,-1.1014048039777866,0.88618962399519,0.0499380163522769,2.5600996124879907,0.1152695012594677,1.704180585454803
30.0,140.0,245.99302673339844,-0.7494604562313425,0.5827624451646062,-3.1978432976312727,-2.930434860001456,-2.589522757468941,0.4511330050359632,-0.2349149109541924,2.459352546895984,0.2558733024443547,1.86071018527782
30.0,140.0,210.119873046875,-0.7610068930568665,0.5642124147423887,-3.726421416211226,-2.7995431788777383,-1.3708891968054873,0.679066308131347,0.0234932080174868,2.5843400721228726,0.297657964549431,2.1950618999519365
30.0,140.0,131.1105499267578,-0.0221724311295,1.5947951088985624,-2.4558031736577384,-2.1836504418792217,-1.0892283745807336,0.8785077536370107,0.0372668804653603,2.556325821081627,0.1287718251508848,1.7389801576389194
30.0,140.0,215.4642791748047,-0.619272128359899,1.0161821115856564,-3.392347947738536,-3.718930889608517,-1.3159031693529706,0.8296082231312336,0.0283507836533688,2.580653015910745,0.2883060967232943,2.043397947376025
30.0,140.0,205.575927734375,-0.8160173862793221,0.5906195673798553,-3.5501247184478806,-2.9220737949502533,-1.5276746941164658,0.7254873283981647,-0.0189028447691116,2.5943872451814447,0.2168908645567235,1.9760531472632008
30.0,140.0,131.17356872558594,-0.0257897509811811,1.6020130022333323,-2.4624642980767697,-2.1948323030309087,-1.1275169140740078,0.8226269657355478,0.0237101689031588,2.537687063897996,0.1091451344647857,1.7618050246102956
30.0,140.0,130.62899780273438,-0.0242292787556977,1.6012337053711958,-2.464579507004121,-2.195260153281381,-1.1143679015637342,0.8785199711550532,0.0315793417836433,2.566001853923271,0.1282982925046728,1.7179030245262106
30.0,140.0,130.52716064453125,-0.0372698066220308,1.6043706290634792,-2.4717227807182187,-2.1932197727143827,-1.1113733011070792,0.8533789892049322,0.0443548611717827,2.567187374995246,0.1231484209741344,1.721047355863026
30.0,140.0,211.49984741210932,-0.6023430394608064,0.6862990325442788,-3.3371353581117207,-2.8851573211860253,-1.389844403508281,0.7960834819435386,-0.0731183203058278,2.570385485955568,0.1939850410112546,2.062637422407674
30.0,140.0,159.2812957763672,0.0027929078962058,1.5866341065330147,-2.361230164580104,-2.201429615786892,-1.0377880595017506,0.8152100525981132,0.1121121529335567,2.476727138675579,0.153315958683665,1.7590298521471548
30.0,140.0,133.6562957763672,0.0310271037570986,1.6819388461679168,-2.4448092422303533,-2.222700150977468,-1.1762325657441854,0.8553105437401876,0.03347853790207,2.5427244503678743,0.1554916748118071,1.8200415690141984
30.0,140.0,131.47850036621094,-0.0482109867575819,1.595070953507842,-2.465208919588046,-2.161356352001325,-1.1086535445559702,0.8742354972568628,0.0644758361680563,2.566171235006831,0.1290306267162363,1.7637249640635648
30.0,140.0,132.24331665039062,-0.023156583707425,1.5983950246783722,-2.4799964786139137,-2.201875620688081,-1.1314716335219732,0.8244523816844194,0.062332706078463,2.5632047816624586,0.0977817285430741,1.7332972158101956
30.0,140.0,132.2544403076172,-0.0926571583604785,1.570975001003475,-2.498969002465269,-2.1902786377650174,-1.10818568383066,0.8655126752917419,0.0432246015150623,2.5563345600272336,0.1395084329354663,1.7904093128244234
30.0,141.0,164.09584045410156,0.0042246226570736,1.397906107723002,-2.6432532392976267,-2.24459307068032,-1.3188455952067126,0.7371239020376129,0.0710757892001441,2.565532135150081,0.1477168695475251,1.6989134998442454
30.0,141.0,201.4370574951172,-0.4540401323260987,0.8179070478135094,-3.314276906304189,-2.628539443785192,-1.3337882873665527,0.7127938785222587,-0.0269535484838654,2.590339428802196,0.2594558839508205,2.0689052243034824
30.0,141.0,131.32760620117188,-0.0138477676352566,1.5801238206622656,-2.464844970157015,-2.2001853369019515,-1.1145212562118412,0.8825863672742946,0.0482689153422356,2.5549206875055126,0.1283080732278719,1.7419780310718291
30.0,141.0,205.40724182128903,-1.2471719392371754,0.7338063691250966,-3.6956164114227614,-2.6893020048638974,-1.4361633841990469,0.7509499775402746,-0.0265320376388999,2.5844589496606782,0.2214973721181175,2.0621365244733765
30.0,141.0,139.13023376464844,0.0335335401998285,1.61234843638069,-2.4990180974871725,-2.1662076725747923,-1.1361271036506326,0.750310343763002,0.0554093423957864,2.552394309462981,0.1200050334800116,1.7272621431375303
30.0,141.0,130.8968048095703,-0.0130541646245537,1.593922434430379,-2.46565693336918,-2.205010597545909,-1.1128288523686936,0.8738559420465596,0.0468691288696001,2.5645814587792013,0.1108213846711231,1.7112999884187647
30.0,141.0,130.5272979736328,-0.0265374955730277,1.5998513966170094,-2.4648739319230737,-2.2126843071477342,-1.1652189581332042,0.8357116573863514,0.018241537377076,2.564083022199307,0.1209552067962242,1.729694793563449
30.0,141.0,130.50418090820312,-0.030869994951615,1.6210640617477796,-2.4666062565160525,-2.1914902717591414,-1.1458671399030558,0.8496031275967771,0.0315314106330251,2.570523089898347,0.115451307735491,1.715704182603477
30.0,141.0,141.68389892578125,0.000740732523332,1.590130200456265,-2.443501305232867,-2.1357783175112024,-1.178519335632155,0.9499219011910414,0.0693736356606205,2.586864783493819,0.1445483756299447,1.7928978413739114
30.0,141.0,217.80987548828125,-0.7399219093249991,0.6265199654248446,-3.3812386568411683,-3.115740592719888,-2.4970438835882924,0.4187495791001843,-0.1164287251613381,2.541142812644273,0.2703581298861386,2.0687642066891287
30.0,141.0,201.7044219970703,-0.6552952230338768,0.789537644755984,-3.131677153117997,-2.725862189701337,-1.327890814222953,0.7257755438118074,-0.0264966475501739,2.5879562114865826,0.2411740536822892,2.06908069814025
30.0,141.0,130.5114288330078,-0.0343842992688667,1.6049648044203766,-2.466387357442748,-2.1905719757835245,-1.119713913787532,0.8761907712226772,0.0392621439734497,2.5691358130825046,0.1359418559242828,1.73771962303575
30.0,141.0,207.52395629882807,-1.0172369141889488,0.5097226488719611,-3.674337809841004,-2.8353189978585056,-1.3644168602548383,0.7515932251121955,-0.0172059671688819,2.580125632767812,0.2261450789481383,2.063133829032119
30.0,141.0,131.0275115966797,-0.0300941791408053,1.5917029557930946,-2.4736354944710914,-2.179986158404016,-1.101528336860324,0.8807576840987235,0.0543171311855271,2.560955495354865,0.1339453615989479,1.7340583791588895
30.0,141.0,130.40615844726562,-0.027587046682928,1.5906292590785702,-2.471774186851914,-2.2214822207489493,-1.151391988892166,0.838467292838993,0.0199206005770148,2.5580559466947888,0.1194421760617362,1.7191921603813272
30.0,141.0,130.48095703125,-0.0263561790047711,1.6015253764683937,-2.465033074762451,-2.1926059126630406,-1.1161818080473769,0.8628217825825626,0.0520953320729586,2.564612183516153,0.1285528650702829,1.7237121779010771
30.0,141.0,220.53668212890625,-1.2171966783311097,0.4756538204269566,-3.473961005955754,-3.088961056374514,-1.704597891261704,0.4920041034137272,-0.0918239354140258,2.562499878329205,0.3992523830963432,2.654374933471221
30.0,141.0,130.43496704101562,-0.0284568852651977,1.6026588007871154,-2.4675091990599483,-2.194768262163928,-1.1185031001291146,0.8457061931516516,0.0219825531993017,2.5661166789347227,0.106905762521904,1.6604482624112773
30.0,141.0,235.15011596679688,-1.4968733390215123,0.7725604914603461,-2.6618546405207995,-2.430234576485166,-1.4691978701276658,0.7881024347344581,-0.0510289187670653,2.608894543463544,0.0408067696656563,1.6817653072067569
30.0,141.0,202.07305908203125,-0.5913198112483224,0.771950545188603,-3.0203592555883976,-2.6017803067481746,-1.3000487108249943,0.8454072197524046,0.0533774586459374,2.5848886936271365,0.1193070434199166,1.8604054827243013
30.0,141.0,209.95681762695312,-0.8546054761373488,0.5561256830121146,-3.5196763665523463,-2.9998356632825494,-1.6631055522139582,0.5872105304760162,-0.0307104087849592,2.588951662564981,0.2473229352094717,1.9606851088631445
30.0,141.0,198.1161651611328,-2.038243775065099,1.5493086873758664,-2.845738260058812,-2.791556400356753,-1.3545742485838108,0.7431300521504673,0.0653416799188597,2.5513340819415955,0.1909917097448164,1.910990100271098
30.0,141.0,205.4263153076172,-1.0610826982318322,0.7387432132212964,-3.5269101097837323,-2.588175478326636,-1.3746018730768372,0.7544874944278932,-0.0259144887775997,2.5909527780546773,0.210068459110206,2.063579531483645
30.0,141.0,139.36001586914062,-0.0774070545303248,1.6107636616475962,-2.435309289895771,-2.1221775679526624,-1.1521248722995543,0.8817374030863666,-0.0413502966353422,2.5675322466615333,0.1243038753987036,1.7308025143472547
30.0,141.0,130.2895050048828,-0.0286924762136469,1.5953937218262342,-2.467813950801939,-2.2004920466320965,-1.132997270524016,0.8396541351393457,0.018417032044962,2.5609478115692554,0.1167986398771738,1.7282877005213242
30.0,141.0,130.2588348388672,-0.0268155035225158,1.5978037115202774,-2.468611255640289,-2.2006720960248254,-1.1266289480841782,0.8503449998598901,0.0164581524357002,2.558106124629458,0.1212074184239656,1.7266150074366458
30.0,141.0,203.7299041748047,-1.4671963034076896,0.7718039591814964,-3.521820860113768,-2.7055890962796987,-1.3850800460590984,0.7492558679810841,0.0041742840984898,2.5864682179734686,0.2295821296873494,1.9406396168518183
30.0,141.0,240.0376892089844,-0.818985015422538,0.7325545795717203,-3.463958090524869,-3.1745869837099026,-1.9281247841715203,0.2058466922336207,-0.3766659363291286,2.6001316734345754,0.2265875295001577,2.1979228280822705
30.0,141.0,239.34703063964844,-0.5573109000134422,1.0820330890696988,-3.240952051214933,-3.640707829016172,-1.7737497179098791,0.4745016799634982,0.0314885242161033,2.6135288507269894,0.153150853889011,1.936260516662292
30.0,141.0,130.45645141601562,-0.0363739964700082,1.619359955371767,-2.459177339805861,-2.1949649169607794,-1.1299623045790108,0.8393373071625005,0.0394277542386456,2.559593844200528,0.1161289271195126,1.7227814271351625
30.0,141.0,130.36105346679688,-0.0338782421566046,1.6017324916814066,-2.465814574574928,-2.1848031553160268,-1.1185842769664722,0.8528023738124761,0.0421782803591058,2.563768976793345,0.1222206399665384,1.7143363672870386
30.0,141.0,253.9329833984375,-0.053723840070014,1.665919155621595,-2.5017272113673497,-2.0803969033318284,-0.9367624717377336,0.7408312750436603,-0.5774611242678286,2.264237602753933,-0.0361318425173727,1.5865583228034896
30.0,141.0,131.1864776611328,0.0057603726337334,1.6388476272482686,-2.4875765767222955,-2.209132877205584,-1.1400112823550457,0.8442725559696725,0.0355265095922296,2.5593653217207843,0.1553364787498654,1.7836217485793218
30.0,141.0,209.853515625,-0.6115977473066232,0.7776220381257966,-3.835539989399004,-2.6171739805113914,-1.275521664933832,0.7366176474541036,-0.0458302544230463,2.584816162634513,0.2980722673261389,2.069972514370848
30.0,141.0,131.41119384765625,-0.0147623507889491,1.5842862478134834,-2.492203019910043,-2.182377807085342,-1.1176294240017577,0.8774441381484056,0.0511550270805041,2.5579323287591023,0.1310811902994772,1.7155566387516603
30.0,141.0,130.9593048095703,-0.0250098466797264,1.595657124857908,-2.472560541501688,-2.1896878554687973,-1.1014048039777866,0.88618962399519,0.0499380163522769,2.5600996124879907,0.1152695012594677,1.704180585454803
30.0,141.0,245.99302673339844,-0.7494604562313425,0.5827624451646062,-3.1978432976312727,-2.930434860001456,-2.589522757468941,0.4511330050359632,-0.2349149109541924,2.459352546895984,0.2558733024443547,1.86071018527782
30.0,141.0,210.119873046875,-0.7610068930568665,0.5642124147423887,-3.726421416211226,-2.7995431788777383,-1.3708891968054873,0.679066308131347,0.0234932080174868,2.5843400721228726,0.297657964549431,2.1950618999519365
30.0,141.0,131.1105499267578,-0.0221724311295,1.5947951088985624,-2.4558031736577384,-2.1836504418792217,-1.0892283745807336,0.8785077536370107,0.0372668804653603,2.556325821081627,0.1287718251508848,1.7389801576389194
30.0,141.0,215.4642791748047,-0.619272128359899,1.0161821115856564,-3.392347947738536,-3.718930889608517,-1.3159031693529706,0.8296082231312336,0.0283507836533688,2.580653015910745,0.2883060967232943,2.043397947376025
30.0,141.0,205.575927734375,-0.8160173862793221,0.5906195673798553,-3.5501247184478806,-2.9220737949502533,-1.5276746941164658,0.7254873283981647,-0.0189028447691116,2.5943872451814447,0.2168908645567235,1.9760531472632008
30.0,141.0,131.17356872558594,-0.0257897509811811,1.6020130022333323,-2.4624642980767697,-2.1948323030309087,-1.1275169140740078,0.8226269657355478,0.0237101689031588,2.537687063897996,0.1091451344647857,1.7618050246102956
30.0,141.0,130.62899780273438,-0.0242292787556977,1.6012337053711958,-2.464579507004121,-2.195260153281381,-1.1143679015637342,0.8785199711550532,0.0315793417836433,2.566001853923271,0.1282982925046728,1.7179030245262106
30.0,141.0,130.430419921875,-0.0400555063001424,1.602037369342707,-2.469322418439925,-2.202367899845322,-1.122796179137299,0.8538333981768536,0.0173644186458731,2.5655371944304624,0.1224856736810998,1.7248196216461458
30.0,141.0,211.49984741210932,-0.6023430394608064,0.6862990325442788,-3.3371353581117207,-2.8851573211860253,-1.389844403508281,0.7960834819435386,-0.0731183203058278,2.570385485955568,0.1939850410112546,2.062637422407674
30.0,141.0,156.69825744628906,0.0436381264911239,1.5884140911950897,-2.322904444946892,-2.225871346843426,-1.1091196685374305,0.7929392393325957,0.0426153710757348,2.64990393656252,0.1078765679990814,1.6873654075110196
30.0,141.0,133.6562957763672,0.0310271037570986,1.6819388461679168,-2.4448092422303533,-2.222700150977468,-1.1762325657441854,0.8553105437401876,0.03347853790207,2.5427244503678743,0.1554916748118071,1.8200415690141984
30.0,141.0,131.47850036621094,-0.0482109867575819,1.595070953507842,-2.465208919588046,-2.161356352001325,-1.1086535445559702,0.8742354972568628,0.0644758361680563,2.566171235006831,0.1290306267162363,1.7637249640635648
30.0,141.0,131.80824279785156,-0.026210768264266,1.5948687355889857,-2.471185641506314,-2.2191585537877194,-1.128083467681909,0.833610043225789,0.0457951683263065,2.558627909898392,0.0924669824838255,1.7322000417561574
30.0,141.0,132.2544403076172,-0.0926571583604785,1.570975001003475,-2.498969002465269,-2.1902786377650174,-1.10818568383066,0.8655126752917419,0.0432246015150623,2.5563345600272336,0.1395084329354663,1.7904093128244234
30.0,142.0,164.09584045410156,0.0042246226570736,1.397906107723002,-2.6432532392976267,-2.24459307068032,-1.3188455952067126,0.7371239020376129,0.0710757892001441,2.565532135150081,0.1477168695475251,1.6989134998442454
30.0,142.0,201.4370574951172,-0.4540401323260987,0.8179070478135094,-3.314276906304189,-2.628539443785192,-1.3337882873665527,0.7127938785222587,-0.0269535484838654,2.590339428802196,0.2594558839508205,2.0689052243034824
30.0,142.0,131.32760620117188,-0.0138477676352566,1.5801238206622656,-2.464844970157015,-2.2001853369019515,-1.1145212562118412,0.8825863672742946,0.0482689153422356,2.5549206875055126,0.1283080732278719,1.7419780310718291
30.0,142.0,205.40724182128903,-1.2471719392371754,0.7338063691250966,-3.6956164114227614,-2.6893020048638974,-1.4361633841990469,0.7509499775402746,-0.0265320376388999,2.5844589496606782,0.2214973721181175,2.0621365244733765
30.0,142.0,139.13023376464844,0.0335335401998285,1.61234843638069,-2.4990180974871725,-2.1662076725747923,-1.1361271036506326,0.750310343763002,0.0554093423957864,2.552394309462981,0.1200050334800116,1.7272621431375303
30.0,142.0,130.8968048095703,-0.0130541646245537,1.593922434430379,-2.46565693336918,-2.205010597545909,-1.1128288523686936,0.8738559420465596,0.0468691288696001,2.5645814587792013,0.1108213846711231,1.7112999884187647
30.0,142.0,130.37579345703125,-0.0273204750493663,1.5991386032581203,-2.4658686196166024,-2.207526107690199,-1.1554996168222655,0.8498170345184121,0.0220281669957809,2.5577968115660377,0.1210186723196777,1.7295745896364527
30.0,142.0,130.50418090820312,-0.030869994951615,1.6210640617477796,-2.4666062565160525,-2.1914902717591414,-1.1458671399030558,0.8496031275967771,0.0315314106330251,2.570523089898347,0.115451307735491,1.715704182603477
30.0,142.0,138.1097412109375,0.0182021761401881,1.5995412639863966,-2.48228528239197,-2.132716022051689,-1.0589630645937238,0.9554497345820644,0.0317026908825166,2.55370028119518,0.1132199610051522,1.683746292777487
30.0,142.0,217.80987548828125,-0.7399219093249991,0.6265199654248446,-3.3812386568411683,-3.115740592719888,-2.4970438835882924,0.4187495791001843,-0.1164287251613381,2.541142812644273,0.2703581298861386,2.0687642066891287
30.0,142.0,201.7044219970703,-0.6552952230338768,0.789537644755984,-3.131677153117997,-2.725862189701337,-1.327890814222953,0.7257755438118074,-0.0264966475501739,2.5879562114865826,0.2411740536822892,2.06908069814025
30.0,142.0,130.33517456054688,-0.0368493786777331,1.6058556880844237,-2.468232823753793,-2.1920286070201755,-1.1238090884779377,0.8672674208165909,0.0341203204018448,2.5652939456604327,0.1277484578060109,1.7392576831370077
30.0,142.0,207.52395629882807,-1.0172369141889488,0.5097226488719611,-3.674337809841004,-2.8353189978585056,-1.3644168602548383,0.7515932251121955,-0.0172059671688819,2.580125632767812,0.2261450789481383,2.063133829032119
30.0,142.0,131.0275115966797,-0.0300941791408053,1.5917029557930946,-2.4736354944710914,-2.179986158404016,-1.101528336860324,0.8807576840987235,0.0543171311855271,2.560955495354865,0.1339453615989479,1.7340583791588895
30.0,142.0,130.40615844726562,-0.027587046682928,1.5906292590785702,-2.471774186851914,-2.2214822207489493,-1.151391988892166,0.838467292838993,0.0199206005770148,2.5580559466947888,0.1194421760617362,1.7191921603813272
30.0,142.0,130.48095703125,-0.0263561790047711,1.6015253764683937,-2.465033074762451,-2.1926059126630406,-1.1161818080473769,0.8628217825825626,0.0520953320729586,2.564612183516153,0.1285528650702829,1.7237121779010771
30.0,142.0,220.53668212890625,-1.2171966783311097,0.4756538204269566,-3.473961005955754,-3.088961056374514,-1.704597891261704,0.4920041034137272,-0.0918239354140258,2.562499878329205,0.3992523830963432,2.654374933471221
30.0,142.0,130.43496704101562,-0.0284568852651977,1.6026588007871154,-2.4675091990599483,-2.194768262163928,-1.1185031001291146,0.8457061931516516,0.0219825531993017,2.5661166789347227,0.106905762521904,1.6604482624112773
30.0,142.0,235.15011596679688,-1.4968733390215123,0.7725604914603461,-2.6618546405207995,-2.430234576485166,-1.4691978701276658,0.7881024347344581,-0.0510289187670653,2.608894543463544,0.0408067696656563,1.6817653072067569
30.0,142.0,202.07305908203125,-0.5913198112483224,0.771950545188603,-3.0203592555883976,-2.6017803067481746,-1.3000487108249943,0.8454072197524046,0.0533774586459374,2.5848886936271365,0.1193070434199166,1.8604054827243013
30.0,142.0,209.95681762695312,-0.8546054761373488,0.5561256830121146,-3.5196763665523463,-2.9998356632825494,-1.6631055522139582,0.5872105304760162,-0.0307104087849592,2.588951662564981,0.2473229352094717,1.9606851088631445
30.0,142.0,198.1161651611328,-2.038243775065099,1.5493086873758664,-2.845738260058812,-2.791556400356753,-1.3545742485838108,0.7431300521504673,0.0653416799188597,2.5513340819415955,0.1909917097448164,1.910990100271098
30.0,142.0,205.4263153076172,-1.0610826982318322,0.7387432132212964,-3.5269101097837323,-2.588175478326636,-1.3746018730768372,0.7544874944278932,-0.0259144887775997,2.5909527780546773,0.210068459110206,2.063579531483645
30.0,142.0,139.36001586914062,-0.0774070545303248,1.6107636616475962,-2.435309289895771,-2.1221775679526624,-1.1521248722995543,0.8817374030863666,-0.0413502966353422,2.5675322466615333,0.1243038753987036,1.7308025143472547
30.0,142.0,130.2895050048828,-0.0286924762136469,1.5953937218262342,-2.467813950801939,-2.2004920466320965,-1.132997270524016,0.8396541351393457,0.018417032044962,2.5609478115692554,0.1167986398771738,1.7282877005213242
30.0,142.0,130.2588348388672,-0.0268155035225158,1.5978037115202774,-2.468611255640289,-2.2006720960248254,-1.1266289480841782,0.8503449998598901,0.0164581524357002,2.558106124629458,0.1212074184239656,1.7266150074366458
30.0,142.0,203.7299041748047,-1.4671963034076896,0.7718039591814964,-3.521820860113768,-2.7055890962796987,-1.3850800460590984,0.7492558679810841,0.0041742840984898,2.5864682179734686,0.2295821296873494,1.9406396168518183
30.0,142.0,240.0376892089844,-0.818985015422538,0.7325545795717203,-3.463958090524869,-3.1745869837099026,-1.9281247841715203,0.2058466922336207,-0.3766659363291286,2.6001316734345754,0.2265875295001577,2.1979228280822705
30.0,142.0,239.34703063964844,-0.5573109000134422,1.0820330890696988,-3.240952051214933,-3.640707829016172,-1.7737497179098791,0.4745016799634982,0.0314885242161033,2.6135288507269894,0.153150853889011,1.936260516662292
30.0,142.0,130.45645141601562,-0.0363739964700082,1.619359955371767,-2.459177339805861,-2.1949649169607794,-1.1299623045790108,0.8393373071625005,0.0394277542386456,2.559593844200528,0.1161289271195126,1.7227814271351625
30.0,142.0,130.36105346679688,-0.0338782421566046,1.6017324916814066,-2.465814574574928,-2.1848031553160268,-1.1185842769664722,0.8528023738124761,0.0421782803591058,2.563768976793345,0.1222206399665384,1.7143363672870386
30.0,142.0,237.58969116210932,-0.0535244805306706,1.540105597719828,-2.3781059874314674,-2.006638090906512,-1.1483408165629454,0.5762811819131448,-0.5609325772318855,2.376821161788412,-0.0603452636604252,1.6460123782079987
30.0,142.0,131.1864776611328,0.0057603726337334,1.6388476272482686,-2.4875765767222955,-2.209132877205584,-1.1400112823550457,0.8442725559696725,0.0355265095922296,2.5593653217207843,0.1553364787498654,1.7836217485793218
30.0,142.0,209.853515625,-0.6115977473066232,0.7776220381257966,-3.835539989399004,-2.6171739805113914,-1.275521664933832,0.7366176474541036,-0.0458302544230463,2.584816162634513,0.2980722673261389,2.069972514370848
30.0,142.0,131.30274963378906,-0.0314759759770826,1.5968941600620872,-2.492399292712584,-2.200736810143224,-1.1212638311194567,0.8347619636925965,0.0163541879363654,2.540939885325936,0.1434888592016231,1.7204941374636953
30.0,142.0,130.9593048095703,-0.0250098466797264,1.595657124857908,-2.472560541501688,-2.1896878554687973,-1.1014048039777866,0.88618962399519,0.0499380163522769,2.5600996124879907,0.1152695012594677,1.704180585454803
30.0,142.0,245.99302673339844,-0.7494604562313425,0.5827624451646062,-3.1978432976312727,-2.930434860001456,-2.589522757468941,0.4511330050359632,-0.2349149109541924,2.459352546895984,0.2558733024443547,1.86071018527782
30.0,142.0,210.119873046875,-0.7610068930568665,0.5642124147423887,-3.726421416211226,-2.7995431788777383,-1.3708891968054873,0.679066308131347,0.0234932080174868,2.5843400721228726,0.297657964549431,2.1950618999519365
30.0,142.0,131.1105499267578,-0.0221724311295,1.5947951088985624,-2.4558031736577384,-2.1836504418792217,-1.0892283745807336,0.8785077536370107,0.0372668804653603,2.556325821081627,0.1287718251508848,1.7389801576389194
30.0,142.0,215.4642791748047,-0.619272128359899,1.0161821115856564,-3.392347947738536,-3.718930889608517,-1.3159031693529706,0.8296082231312336,0.0283507836533688,2.580653015910745,0.2883060967232943,2.043397947376025
30.0,142.0,205.575927734375,-0.8160173862793221,0.5906195673798553,-3.5501247184478806,-2.9220737949502533,-1.5276746941164658,0.7254873283981647,-0.0189028447691116,2.5943872451814447,0.2168908645567235,1.9760531472632008
30.0,142.0,130.75413513183594,-0.0241291295479039,1.6018469766791776,-2.469106127429182,-2.1965756191582595,-1.134493439366488,0.8444846788098389,0.0154185080781178,2.542748500357267,0.1124483286972671,1.7712111879438115
30.0,142.0,130.62899780273438,-0.0242292787556977,1.6012337053711958,-2.464579507004121,-2.195260153281381,-1.1143679015637342,0.8785199711550532,0.0315793417836433,2.566001853923271,0.1282982925046728,1.7179030245262106
30.0,142.0,130.430419921875,-0.0400555063001424,1.602037369342707,-2.469322418439925,-2.202367899845322,-1.122796179137299,0.8538333981768536,0.0173644186458731,2.5655371944304624,0.1224856736810998,1.7248196216461458
30.0,142.0,211.49984741210932,-0.6023430394608064,0.6862990325442788,-3.3371353581117207,-2.8851573211860253,-1.389844403508281,0.7960834819435386,-0.0731183203058278,2.570385485955568,0.1939850410112546,2.062637422407674
30.0,142.0,134.46861267089844,-0.0383714206061284,1.595113824477861,-2.4947485489079515,-2.215349907849573,-1.156085572771229,0.8288711828355886,0.0063379557990877,2.618240155592799,0.098119870294277,1.669214869936024
30.0,142.0,133.6562957763672,0.0310271037570986,1.6819388461679168,-2.4448092422303533,-2.222700150977468,-1.1762325657441854,0.8553105437401876,0.03347853790207,2.5427244503678743,0.1554916748118071,1.8200415690141984
30.0,142.0,131.47850036621094,-0.0482109867575819,1.595070953507842,-2.465208919588046,-2.161356352001325,-1.1086535445559702,0.8742354972568628,0.0644758361680563,2.566171235006831,0.1290306267162363,1.7637249640635648
30.0,142.0,131.70407104492188,-0.0285530732965018,1.5968819894958417,-2.476837116146661,-2.229634702692066,-1.1235161690809827,0.8405673513140871,-0.0146746000273505,2.5572305936417843,0.1349878292517844,1.7277207595333066
30.0,142.0,132.2544403076172,-0.0926571583604785,1.570975001003475,-2.498969002465269,-2.1902786377650174,-1.10818568383066,0.8655126752917419,0.0432246015150623,2.5563345600272336,0.1395084329354663,1.7904093128244234
30.0,143.0,164.09584045410156,0.0042246226570736,1.397906107723002,-2.6432532392976267,-2.24459307068032,-1.3188455952067126,0.7371239020376129,0.0710757892001441,2.565532135150081,0.1477168695475251,1.6989134998442454
30.0,143.0,201.4370574951172,-0.4540401323260987,0.8179070478135094,-3.314276906304189,-2.628539443785192,-1.3337882873665527,0.7127938785222587,-0.0269535484838654,2.590339428802196,0.2594558839508205,2.0689052243034824
30.0,143.0,131.32760620117188,-0.0138477676352566,1.5801238206622656,-2.464844970157015,-2.2001853369019515,-1.1145212562118412,0.8825863672742946,0.0482689153422356,2.5549206875055126,0.1283080732278719,1.7419780310718291
30.0,143.0,205.40724182128903,-1.2471719392371754,0.7338063691250966,-3.6956164114227614,-2.6893020048638974,-1.4361633841990469,0.7509499775402746,-0.0265320376388999,2.5844589496606782,0.2214973721181175,2.0621365244733765
30.0,143.0,136.44996643066406,-0.0340784730956165,1.5908437734823644,-2.515406884530293,-2.160359504666584,-1.1414308693466588,0.7526167032487353,0.0148422770464848,2.5541795494185657,0.121763455182169,1.7265501882912473
30.0,143.0,130.8968048095703,-0.0130541646245537,1.593922434430379,-2.46565693336918,-2.205010597545909,-1.1128288523686936,0.8738559420465596,0.0468691288696001,2.5645814587792013,0.1108213846711231,1.7112999884187647
30.0,143.0,130.34695434570312,-0.0269089728668502,1.5989820093189244,-2.467640511566127,-2.1973401532521835,-1.1465959327950956,0.8533547661510248,0.0167260520464499,2.55750602164766,0.1215454667519447,1.7272554145095365
30.0,143.0,130.4460906982422,-0.0239093837960897,1.5889968477431964,-2.467797715799636,-2.1902172528225723,-1.1443746727715598,0.8517823305214072,0.0317309471400679,2.555870015694925,0.121218220556818,1.718444004300712
30.0,143.0,131.00546264648438,-0.0314607930216337,1.6015275391647406,-2.4689915604599006,-2.204508338187593,-1.1035114077623198,0.8345982739793623,0.012773467069741,2.5498982898778784,0.1122417497262599,1.6714728959302667
30.0,143.0,217.80987548828125,-0.7399219093249991,0.6265199654248446,-3.3812386568411683,-3.115740592719888,-2.4970438835882924,0.4187495791001843,-0.1164287251613381,2.541142812644273,0.2703581298861386,2.0687642066891287
30.0,143.0,201.7044219970703,-0.6552952230338768,0.789537644755984,-3.131677153117997,-2.725862189701337,-1.327890814222953,0.7257755438118074,-0.0264966475501739,2.5879562114865826,0.2411740536822892,2.06908069814025
30.0,143.0,130.33517456054688,-0.0368493786777331,1.6058556880844237,-2.468232823753793,-2.1920286070201755,-1.1238090884779377,0.8672674208165909,0.0341203204018448,2.5652939456604327,0.1277484578060109,1.7392576831370077
30.0,143.0,207.52395629882807,-1.0172369141889488,0.5097226488719611,-3.674337809841004,-2.8353189978585056,-1.3644168602548383,0.7515932251121955,-0.0172059671688819,2.580125632767812,0.2261450789481383,2.063133829032119
30.0,143.0,131.0275115966797,-0.0300941791408053,1.5917029557930946,-2.4736354944710914,-2.179986158404016,-1.101528336860324,0.8807576840987235,0.0543171311855271,2.560955495354865,0.1339453615989479,1.7340583791588895
30.0,143.0,130.40615844726562,-0.027587046682928,1.5906292590785702,-2.471774186851914,-2.2214822207489493,-1.151391988892166,0.838467292838993,0.0199206005770148,2.5580559466947888,0.1194421760617362,1.7191921603813272
30.0,143.0,130.48095703125,-0.0263561790047711,1.6015253764683937,-2.465033074762451,-2.1926059126630406,-1.1161818080473769,0.8628217825825626,0.0520953320729586,2.564612183516153,0.1285528650702829,1.7237121779010771
30.0,143.0,220.53668212890625,-1.2171966783311097,0.4756538204269566,-3.473961005955754,-3.088961056374514,-1.704597891261704,0.4920041034137272,-0.0918239354140258,2.562499878329205,0.3992523830963432,2.654374933471221
30.0,143.0,130.38717651367188,-0.0280932717189375,1.6149020266633756,-2.467709751052918,-2.195657197000738,-1.1294898982138954,0.8642683702819618,0.0221670864869614,2.5573421905889178,0.1280501887031711,1.7113638717972677
30.0,143.0,235.15011596679688,-1.4968733390215123,0.7725604914603461,-2.6618546405207995,-2.430234576485166,-1.4691978701276658,0.7881024347344581,-0.0510289187670653,2.608894543463544,0.0408067696656563,1.6817653072067569
30.0,143.0,202.07305908203125,-0.5913198112483224,0.771950545188603,-3.0203592555883976,-2.6017803067481746,-1.3000487108249943,0.8454072197524046,0.0533774586459374,2.5848886936271365,0.1193070434199166,1.8604054827243013
30.0,143.0,209.95681762695312,-0.8546054761373488,0.5561256830121146,-3.5196763665523463,-2.9998356632825494,-1.6631055522139582,0.5872105304760162,-0.0307104087849592,2.588951662564981,0.2473229352094717,1.9606851088631445
30.0,143.0,198.1161651611328,-2.038243775065099,1.5493086873758664,-2.845738260058812,-2.791556400356753,-1.3545742485838108,0.7431300521504673,0.0653416799188597,2.5513340819415955,0.1909917097448164,1.910990100271098
30.0,143.0,205.4263153076172,-1.0610826982318322,0.7387432132212964,-3.5269101097837323,-2.588175478326636,-1.3746018730768372,0.7544874944278932,-0.0259144887775997,2.5909527780546773,0.210068459110206,2.063579531483645
30.0,143.0,139.36001586914062,-0.0774070545303248,1.6107636616475962,-2.435309289895771,-2.1221775679526624,-1.1521248722995543,0.8817374030863666,-0.0413502966353422,2.5675322466615333,0.1243038753987036,1.7308025143472547
30.0,143.0,130.2895050048828,-0.0286924762136469,1.5953937218262342,-2.467813950801939,-2.2004920466320965,-1.132997270524016,0.8396541351393457,0.018417032044962,2.5609478115692554,0.1167986398771738,1.7282877005213242
30.0,143.0,130.2588348388672,-0.0268155035225158,1.5978037115202774,-2.468611255640289,-2.2006720960248254,-1.1266289480841782,0.8503449998598901,0.0164581524357002,2.558106124629458,0.1212074184239656,1.7266150074366458
30.0,143.0,203.7299041748047,-1.4671963034076896,0.7718039591814964,-3.521820860113768,-2.7055890962796987,-1.3850800460590984,0.7492558679810841,0.0041742840984898,2.5864682179734686,0.2295821296873494,1.9406396168518183
30.0,143.0,240.0376892089844,-0.818985015422538,0.7325545795717203,-3.463958090524869,-3.1745869837099026,-1.9281247841715203,0.2058466922336207,-0.3766659363291286,2.6001316734345754,0.2265875295001577,2.1979228280822705
30.0,143.0,239.34703063964844,-0.5573109000134422,1.0820330890696988,-3.240952051214933,-3.640707829016172,-1.7737497179098791,0.4745016799634982,0.0314885242161033,2.6135288507269894,0.153150853889011,1.936260516662292
30.0,143.0,130.45645141601562,-0.0363739964700082,1.619359955371767,-2.459177339805861,-2.1949649169607794,-1.1299623045790108,0.8393373071625005,0.0394277542386456,2.559593844200528,0.1161289271195126,1.7227814271351625
30.0,143.0,130.36105346679688,-0.0338782421566046,1.6017324916814066,-2.465814574574928,-2.1848031553160268,-1.1185842769664722,0.8528023738124761,0.0421782803591058,2.563768976793345,0.1222206399665384,1.7143363672870386
30.0,143.0,237.58969116210932,-0.0535244805306706,1.540105597719828,-2.3781059874314674,-2.006638090906512,-1.1483408165629454,0.5762811819131448,-0.5609325772318855,2.376821161788412,-0.0603452636604252,1.6460123782079987
30.0,143.0,131.1864776611328,0.0057603726337334,1.6388476272482686,-2.4875765767222955,-2.209132877205584,-1.1400112823550457,0.8442725559696725,0.0355265095922296,2.5593653217207843,0.1553364787498654,1.7836217485793218
30.0,143.0,209.853515625,-0.6115977473066232,0.7776220381257966,-3.835539989399004,-2.6171739805113914,-1.275521664933832,0.7366176474541036,-0.0458302544230463,2.584816162634513,0.2980722673261389,2.069972514370848
30.0,143.0,130.80111694335938,-0.0216824476410686,1.5945086455391748,-2.470001126179485,-2.2040651346785327,-1.135931524795356,0.8401392379568232,-0.0014314331859555,2.5301247381497003,0.1179433327995418,1.7485124751705956
30.0,143.0,130.9593048095703,-0.0250098466797264,1.595657124857908,-2.472560541501688,-2.1896878554687973,-1.1014048039777866,0.88618962399519,0.0499380163522769,2.5600996124879907,0.1152695012594677,1.704180585454803
30.0,143.0,245.99302673339844,-0.7494604562313425,0.5827624451646062,-3.1978432976312727,-2.930434860001456,-2.589522757468941,0.4511330050359632,-0.2349149109541924,2.459352546895984,0.2558733024443547,1.86071018527782
30.0,143.0,210.119873046875,-0.7610068930568665,0.5642124147423887,-3.726421416211226,-2.7995431788777383,-1.3708891968054873,0.679066308131347,0.0234932080174868,2.5843400721228726,0.297657964549431,2.1950618999519365
30.0,143.0,131.1105499267578,-0.0221724311295,1.5947951088985624,-2.4558031736577384,-2.1836504418792217,-1.0892283745807336,0.8785077536370107,0.0372668804653603,2.556325821081627,0.1287718251508848,1.7389801576389194
30.0,143.0,215.4642791748047,-0.619272128359899,1.0161821115856564,-3.392347947738536,-3.718930889608517,-1.3159031693529706,0.8296082231312336,0.0283507836533688,2.580653015910745,0.2883060967232943,2.043397947376025
30.0,143.0,205.575927734375,-0.8160173862793221,0.5906195673798553,-3.5501247184478806,-2.9220737949502533,-1.5276746941164658,0.7254873283981647,-0.0189028447691116,2.5943872451814447,0.2168908645567235,1.9760531472632008
30.0,143.0,130.3399658203125,-0.0302314357146866,1.599329373585452,-2.4702138770322537,-2.200614010365821,-1.1323523629354353,0.8432914072694264,0.0146307228029932,2.553597671828715,0.1252804447401976,1.692265687104411
30.0,143.0,130.62899780273438,-0.0242292787556977,1.6012337053711958,-2.464579507004121,-2.195260153281381,-1.1143679015637342,0.8785199711550532,0.0315793417836433,2.566001853923271,0.1282982925046728,1.7179030245262106
30.0,143.0,130.3097686767578,-0.0368558012871799,1.599364535503039,-2.468148401017079,-2.200514931025308,-1.1240398466129842,0.8389856654052155,0.0218309929933061,2.55858021406503,0.1191211098413266,1.724293081344912
30.0,143.0,211.49984741210932,-0.6023430394608064,0.6862990325442788,-3.3371353581117207,-2.8851573211860253,-1.389844403508281,0.7960834819435386,-0.0731183203058278,2.570385485955568,0.1939850410112546,2.062637422407674
30.0,143.0,134.46861267089844,-0.0383714206061284,1.595113824477861,-2.4947485489079515,-2.215349907849573,-1.156085572771229,0.8288711828355886,0.0063379557990877,2.618240155592799,0.098119870294277,1.669214869936024
30.0,143.0,133.6562957763672,0.0310271037570986,1.6819388461679168,-2.4448092422303533,-2.222700150977468,-1.1762325657441854,0.8553105437401876,0.03347853790207,2.5427244503678743,0.1554916748118071,1.8200415690141984
30.0,143.0,131.47850036621094,-0.0482109867575819,1.595070953507842,-2.465208919588046,-2.161356352001325,-1.1086535445559702,0.8742354972568628,0.0644758361680563,2.566171235006831,0.1290306267162363,1.7637249640635648
30.0,143.0,131.70407104492188,-0.0285530732965018,1.5968819894958417,-2.476837116146661,-2.229634702692066,-1.1235161690809827,0.8405673513140871,-0.0146746000273505,2.5572305936417843,0.1349878292517844,1.7277207595333066
30.0,143.0,132.2544403076172,-0.0926571583604785,1.570975001003475,-2.498969002465269,-2.1902786377650174,-1.10818568383066,0.8655126752917419,0.0432246015150623,2.5563345600272336,0.1395084329354663,1.7904093128244234
30.0,144.0,164.09584045410156,0.0042246226570736,1.397906107723002,-2.6432532392976267,-2.24459307068032,-1.3188455952067126,0.7371239020376129,0.0710757892001441,2.565532135150081,0.1477168695475251,1.6989134998442454
30.0,144.0,201.4370574951172,-0.4540401323260987,0.8179070478135094,-3.314276906304189,-2.628539443785192,-1.3337882873665527,0.7127938785222587,-0.0269535484838654,2.590339428802196,0.2594558839508205,2.0689052243034824
30.0,144.0,130.8804931640625,-0.0104833535256732,1.621575682007034,-2.4658492698366974,-2.200170217385262,-1.1433332993237804,0.8749007092782072,0.049209477625163,2.552376953968847,0.1223833246522438,1.7482767942425548
30.0,144.0,205.40724182128903,-1.2471719392371754,0.7338063691250966,-3.6956164114227614,-2.6893020048638974,-1.4361633841990469,0.7509499775402746,-0.0265320376388999,2.5844589496606782,0.2214973721181175,2.0621365244733765
30.0,144.0,135.62770080566406,-0.0794115095224211,1.597452939986406,-2.468600625509369,-2.1949017756623905,-1.127490261851345,0.7516773237857706,0.0182894075179462,2.5584897225346506,0.1212581313009916,1.7264362201649122
30.0,144.0,130.8968048095703,-0.0130541646245537,1.593922434430379,-2.46565693336918,-2.205010597545909,-1.1128288523686936,0.8738559420465596,0.0468691288696001,2.5645814587792013,0.1108213846711231,1.7112999884187647
30.0,144.0,130.3321075439453,-0.0267311080661428,1.5986516460017683,-2.46913466632787,-2.196327341156051,-1.1229135963885055,0.8547349669178244,0.0141202701683347,2.5578344933902284,0.1212729083968448,1.7261709762615347
30.0,144.0,130.4460906982422,-0.0239093837960897,1.5889968477431964,-2.467797715799636,-2.1902172528225723,-1.1443746727715598,0.8517823305214072,0.0317309471400679,2.555870015694925,0.121218220556818,1.718444004300712
30.0,144.0,131.00546264648438,-0.0314607930216337,1.6015275391647406,-2.4689915604599006,-2.204508338187593,-1.1035114077623198,0.8345982739793623,0.012773467069741,2.5498982898778784,0.1122417497262599,1.6714728959302667
30.0,144.0,217.80987548828125,-0.7399219093249991,0.6265199654248446,-3.3812386568411683,-3.115740592719888,-2.4970438835882924,0.4187495791001843,-0.1164287251613381,2.541142812644273,0.2703581298861386,2.0687642066891287
30.0,144.0,201.7044219970703,-0.6552952230338768,0.789537644755984,-3.131677153117997,-2.725862189701337,-1.327890814222953,0.7257755438118074,-0.0264966475501739,2.5879562114865826,0.2411740536822892,2.06908069814025
30.0,144.0,130.32611083984375,-0.027913879922782,1.6044239183302524,-2.468641593664083,-2.202168170278475,-1.1156769699442404,0.8517854896333806,0.0295922234986414,2.5623016858979937,0.1257249086459958,1.7185093996644747
30.0,144.0,207.52395629882807,-1.0172369141889488,0.5097226488719611,-3.674337809841004,-2.8353189978585056,-1.3644168602548383,0.7515932251121955,-0.0172059671688819,2.580125632767812,0.2261450789481383,2.063133829032119
30.0,144.0,131.0275115966797,-0.0300941791408053,1.5917029557930946,-2.4736354944710914,-2.179986158404016,-1.101528336860324,0.8807576840987235,0.0543171311855271,2.560955495354865,0.1339453615989479,1.7340583791588895
30.0,144.0,130.40615844726562,-0.027587046682928,1.5906292590785702,-2.471774186851914,-2.2214822207489493,-1.151391988892166,0.838467292838993,0.0199206005770148,2.5580559466947888,0.1194421760617362,1.7191921603813272
30.0,144.0,130.48095703125,-0.0263561790047711,1.6015253764683937,-2.465033074762451,-2.1926059126630406,-1.1161818080473769,0.8628217825825626,0.0520953320729586,2.564612183516153,0.1285528650702829,1.7237121779010771
30.0,144.0,220.53668212890625,-1.2171966783311097,0.4756538204269566,-3.473961005955754,-3.088961056374514,-1.704597891261704,0.4920041034137272,-0.0918239354140258,2.562499878329205,0.3992523830963432,2.654374933471221
30.0,144.0,130.34767150878906,-0.0275109299770532,1.601839585643775,-2.4676066751887884,-2.1971093944906928,-1.1319566613569247,0.8462502743524463,0.0195756987381792,2.5565163412962555,0.1186569786153854,1.7581412280688733
30.0,144.0,231.17630004882807,-0.8781351656333966,1.287945265726409,-2.4524335952619185,-2.1952781736013884,-1.1344218151691503,0.759272192791213,-0.1155860351697811,2.544749528634836,0.1793741516962377,1.4738464299376806
30.0,144.0,202.07305908203125,-0.5913198112483224,0.771950545188603,-3.0203592555883976,-2.6017803067481746,-1.3000487108249943,0.8454072197524046,0.0533774586459374,2.5848886936271365,0.1193070434199166,1.8604054827243013
30.0,144.0,209.95681762695312,-0.8546054761373488,0.5561256830121146,-3.5196763665523463,-2.9998356632825494,-1.6631055522139582,0.5872105304760162,-0.0307104087849592,2.588951662564981,0.2473229352094717,1.9606851088631445
30.0,144.0,198.1161651611328,-2.038243775065099,1.5493086873758664,-2.845738260058812,-2.791556400356753,-1.3545742485838108,0.7431300521504673,0.0653416799188597,2.5513340819415955,0.1909917097448164,1.910990100271098
30.0,144.0,205.4263153076172,-1.0610826982318322,0.7387432132212964,-3.5269101097837323,-2.588175478326636,-1.3746018730768372,0.7544874944278932,-0.0259144887775997,2.5909527780546773,0.210068459110206,2.063579531483645
30.0,144.0,134.2151336669922,-0.0266008127431463,1.6323175277400754,-2.4504389379909144,-2.2232325674742426,-1.1538495835806082,0.7585289697210993,-0.0434258704477416,2.559735147981925,0.1220146205643424,1.7274791794406383
30.0,144.0,130.2895050048828,-0.0286924762136469,1.5953937218262342,-2.467813950801939,-2.2004920466320965,-1.132997270524016,0.8396541351393457,0.018417032044962,2.5609478115692554,0.1167986398771738,1.7282877005213242
30.0,144.0,130.2588348388672,-0.0268155035225158,1.5978037115202774,-2.468611255640289,-2.2006720960248254,-1.1266289480841782,0.8503449998598901,0.0164581524357002,2.558106124629458,0.1212074184239656,1.7266150074366458
30.0,144.0,203.7299041748047,-1.4671963034076896,0.7718039591814964,-3.521820860113768,-2.7055890962796987,-1.3850800460590984,0.7492558679810841,0.0041742840984898,2.5864682179734686,0.2295821296873494,1.9406396168518183
30.0,144.0,240.0376892089844,-0.818985015422538,0.7325545795717203,-3.463958090524869,-3.1745869837099026,-1.9281247841715203,0.2058466922336207,-0.3766659363291286,2.6001316734345754,0.2265875295001577,2.1979228280822705
30.0,144.0,239.34703063964844,-0.5573109000134422,1.0820330890696988,-3.240952051214933,-3.640707829016172,-1.7737497179098791,0.4745016799634982,0.0314885242161033,2.6135288507269894,0.153150853889011,1.936260516662292
30.0,144.0,130.45645141601562,-0.0363739964700082,1.619359955371767,-2.459177339805861,-2.1949649169607794,-1.1299623045790108,0.8393373071625005,0.0394277542386456,2.559593844200528,0.1161289271195126,1.7227814271351625
30.0,144.0,130.36105346679688,-0.0338782421566046,1.6017324916814066,-2.465814574574928,-2.1848031553160268,-1.1185842769664722,0.8528023738124761,0.0421782803591058,2.563768976793345,0.1222206399665384,1.7143363672870386
30.0,144.0,191.3741455078125,0.0039348095995282,1.7655142746057404,-2.4559832627265297,-2.1857588147665954,-1.00286854516213,1.0149623061774518,-0.0194647696558267,2.3104625149191707,0.1134435180194296,1.7792839083485463
30.0,144.0,131.1864776611328,0.0057603726337334,1.6388476272482686,-2.4875765767222955,-2.209132877205584,-1.1400112823550457,0.8442725559696725,0.0355265095922296,2.5593653217207843,0.1553364787498654,1.7836217485793218
30.0,144.0,209.853515625,-0.6115977473066232,0.7776220381257966,-3.835539989399004,-2.6171739805113914,-1.275521664933832,0.7366176474541036,-0.0458302544230463,2.584816162634513,0.2980722673261389,2.069972514370848
30.0,144.0,130.5288848876953,-0.0257206211943577,1.5973374246791003,-2.459170138114779,-2.2035274720302893,-1.1304286712289282,0.8508906505145685,0.0269709052907019,2.5455953663648305,0.1102278388815727,1.738199573152833
30.0,144.0,130.9593048095703,-0.0250098466797264,1.595657124857908,-2.472560541501688,-2.1896878554687973,-1.1014048039777866,0.88618962399519,0.0499380163522769,2.5600996124879907,0.1152695012594677,1.704180585454803
30.0,144.0,245.99302673339844,-0.7494604562313425,0.5827624451646062,-3.1978432976312727,-2.930434860001456,-2.589522757468941,0.4511330050359632,-0.2349149109541924,2.459352546895984,0.2558733024443547,1.86071018527782
30.0,144.0,210.119873046875,-0.7610068930568665,0.5642124147423887,-3.726421416211226,-2.7995431788777383,-1.3708891968054873,0.679066308131347,0.0234932080174868,2.5843400721228726,0.297657964549431,2.1950618999519365
30.0,144.0,131.1105499267578,-0.0221724311295,1.5947951088985624,-2.4558031736577384,-2.1836504418792217,-1.0892283745807336,0.8785077536370107,0.0372668804653603,2.556325821081627,0.1287718251508848,1.7389801576389194
30.0,144.0,215.4642791748047,-0.619272128359899,1.0161821115856564,-3.392347947738536,-3.718930889608517,-1.3159031693529706,0.8296082231312336,0.0283507836533688,2.580653015910745,0.2883060967232943,2.043397947376025
30.0,144.0,205.575927734375,-0.8160173862793221,0.5906195673798553,-3.5501247184478806,-2.9220737949502533,-1.5276746941164658,0.7254873283981647,-0.0189028447691116,2.5943872451814447,0.2168908645567235,1.9760531472632008
30.0,144.0,130.3399658203125,-0.0302314357146866,1.599329373585452,-2.4702138770322537,-2.200614010365821,-1.1323523629354353,0.8432914072694264,0.0146307228029932,2.553597671828715,0.1252804447401976,1.692265687104411
30.0,144.0,130.62899780273438,-0.0242292787556977,1.6012337053711958,-2.464579507004121,-2.195260153281381,-1.1143679015637342,0.8785199711550532,0.0315793417836433,2.566001853923271,0.1282982925046728,1.7179030245262106
30.0,144.0,130.3079833984375,-0.0295056872720328,1.5972408004571494,-2.468144632559352,-2.199368981650914,-1.1266185182958166,0.8340112396229397,0.0262307566418922,2.55721212767826,0.1216280686855113,1.7233134514274009
30.0,144.0,211.49984741210932,-0.6023430394608064,0.6862990325442788,-3.3371353581117207,-2.8851573211860253,-1.389844403508281,0.7960834819435386,-0.0731183203058278,2.570385485955568,0.1939850410112546,2.062637422407674
30.0,144.0,133.4647216796875,-0.0461704892194994,1.5946549630797104,-2.421601875543554,-2.231617901464226,-1.1243532978944806,0.8510914087561475,0.0282273178140047,2.55376019911877,0.1095890536487665,1.6103540354646866
30.0,144.0,133.37478637695312,0.0262346904260354,1.5962904321786555,-2.458915264671121,-2.246765517365721,-1.1675900209296477,0.8473141251045122,0.003931660657271,2.554848048585811,0.171469592526765,1.8323938205694472
30.0,144.0,131.47850036621094,-0.0482109867575819,1.595070953507842,-2.465208919588046,-2.161356352001325,-1.1086535445559702,0.8742354972568628,0.0644758361680563,2.566171235006831,0.1290306267162363,1.7637249640635648
30.0,144.0,131.70407104492188,-0.0285530732965018,1.5968819894958417,-2.476837116146661,-2.229634702692066,-1.1235161690809827,0.8405673513140871,-0.0146746000273505,2.5572305936417843,0.1349878292517844,1.7277207595333066
30.0,144.0,132.2544403076172,-0.0926571583604785,1.570975001003475,-2.498969002465269,-2.1902786377650174,-1.10818568383066,0.8655126752917419,0.0432246015150623,2.5563345600272336,0.1395084329354663,1.7904093128244234
30.0,145.0,164.09584045410156,0.0042246226570736,1.397906107723002,-2.6432532392976267,-2.24459307068032,-1.3188455952067126,0.7371239020376129,0.0710757892001441,2.565532135150081,0.1477168695475251,1.6989134998442454
30.0,145.0,201.4370574951172,-0.4540401323260987,0.8179070478135094,-3.314276906304189,-2.628539443785192,-1.3337882873665527,0.7127938785222587,-0.0269535484838654,2.590339428802196,0.2594558839508205,2.0689052243034824
30.0,145.0,130.72996520996094,-0.0238546679284693,1.635841763547753,-2.4721793194544364,-2.20031097728827,-1.1221646566399643,0.8415878710029678,0.0108015903067795,2.5556368969003125,0.1184246639739624,1.71654855274381
30.0,145.0,205.40724182128903,-1.2471719392371754,0.7338063691250966,-3.6956164114227614,-2.6893020048638974,-1.4361633841990469,0.7509499775402746,-0.0265320376388999,2.5844589496606782,0.2214973721181175,2.0621365244733765
30.0,145.0,133.7666473388672,-0.0598438027255913,1.600519539955931,-2.450285086175373,-2.2192464352235306,-1.12083675212461,0.913862222439224,0.0179719796578892,2.5595965618458467,0.1209526184768135,1.7267237490906664
30.0,145.0,130.8968048095703,-0.0130541646245537,1.593922434430379,-2.46565693336918,-2.205010597545909,-1.1128288523686936,0.8738559420465596,0.0468691288696001,2.5645814587792013,0.1108213846711231,1.7112999884187647
30.0,145.0,130.3321075439453,-0.0267311080661428,1.5986516460017683,-2.46913466632787,-2.196327341156051,-1.1229135963885055,0.8547349669178244,0.0141202701683347,2.5578344933902284,0.1212729083968448,1.7261709762615347
30.0,145.0,130.4460906982422,-0.0239093837960897,1.5889968477431964,-2.467797715799636,-2.1902172528225723,-1.1443746727715598,0.8517823305214072,0.0317309471400679,2.555870015694925,0.121218220556818,1.718444004300712
30.0,145.0,131.00546264648438,-0.0314607930216337,1.6015275391647406,-2.4689915604599006,-2.204508338187593,-1.1035114077623198,0.8345982739793623,0.012773467069741,2.5498982898778784,0.1122417497262599,1.6714728959302667
30.0,145.0,217.80987548828125,-0.7399219093249991,0.6265199654248446,-3.3812386568411683,-3.115740592719888,-2.4970438835882924,0.4187495791001843,-0.1164287251613381,2.541142812644273,0.2703581298861386,2.0687642066891287
30.0,145.0,201.7044219970703,-0.6552952230338768,0.789537644755984,-3.131677153117997,-2.725862189701337,-1.327890814222953,0.7257755438118074,-0.0264966475501739,2.5879562114865826,0.2411740536822892,2.06908069814025
30.0,145.0,130.32611083984375,-0.027913879922782,1.6044239183302524,-2.468641593664083,-2.202168170278475,-1.1156769699442404,0.8517854896333806,0.0295922234986414,2.5623016858979937,0.1257249086459958,1.7185093996644747
30.0,145.0,207.52395629882807,-1.0172369141889488,0.5097226488719611,-3.674337809841004,-2.8353189978585056,-1.3644168602548383,0.7515932251121955,-0.0172059671688819,2.580125632767812,0.2261450789481383,2.063133829032119
30.0,145.0,131.0275115966797,-0.0300941791408053,1.5917029557930946,-2.4736354944710914,-2.179986158404016,-1.101528336860324,0.8807576840987235,0.0543171311855271,2.560955495354865,0.1339453615989479,1.7340583791588895
30.0,145.0,130.40615844726562,-0.027587046682928,1.5906292590785702,-2.471774186851914,-2.2214822207489493,-1.151391988892166,0.838467292838993,0.0199206005770148,2.5580559466947888,0.1194421760617362,1.7191921603813272
30.0,145.0,130.48095703125,-0.0263561790047711,1.6015253764683937,-2.465033074762451,-2.1926059126630406,-1.1161818080473769,0.8628217825825626,0.0520953320729586,2.564612183516153,0.1285528650702829,1.7237121779010771
30.0,145.0,220.53668212890625,-1.2171966783311097,0.4756538204269566,-3.473961005955754,-3.088961056374514,-1.704597891261704,0.4920041034137272,-0.0918239354140258,2.562499878329205,0.3992523830963432,2.654374933471221
30.0,145.0,130.34767150878906,-0.0275109299770532,1.601839585643775,-2.4676066751887884,-2.1971093944906928,-1.1319566613569247,0.8462502743524463,0.0195756987381792,2.5565163412962555,0.1186569786153854,1.7581412280688733
30.0,145.0,170.261474609375,-0.3043654106829667,1.4743560263103657,-2.471644416697039,-2.001086987157553,-1.0932626129026477,0.8327847177457688,-0.0104229519990668,2.54673313885527,0.0529506817270578,1.5247362111612963
30.0,145.0,202.07305908203125,-0.5913198112483224,0.771950545188603,-3.0203592555883976,-2.6017803067481746,-1.3000487108249943,0.8454072197524046,0.0533774586459374,2.5848886936271365,0.1193070434199166,1.8604054827243013
30.0,145.0,209.95681762695312,-0.8546054761373488,0.5561256830121146,-3.5196763665523463,-2.9998356632825494,-1.6631055522139582,0.5872105304760162,-0.0307104087849592,2.588951662564981,0.2473229352094717,1.9606851088631445
30.0,145.0,198.1161651611328,-2.038243775065099,1.5493086873758664,-2.845738260058812,-2.791556400356753,-1.3545742485838108,0.7431300521504673,0.0653416799188597,2.5513340819415955,0.1909917097448164,1.910990100271098
30.0,145.0,205.4263153076172,-1.0610826982318322,0.7387432132212964,-3.5269101097837323,-2.588175478326636,-1.3746018730768372,0.7544874944278932,-0.0259144887775997,2.5909527780546773,0.210068459110206,2.063579531483645
30.0,145.0,134.2151336669922,-0.0266008127431463,1.6323175277400754,-2.4504389379909144,-2.2232325674742426,-1.1538495835806082,0.7585289697210993,-0.0434258704477416,2.559735147981925,0.1220146205643424,1.7274791794406383
30.0,145.0,130.2895050048828,-0.0286924762136469,1.5953937218262342,-2.467813950801939,-2.2004920466320965,-1.132997270524016,0.8396541351393457,0.018417032044962,2.5609478115692554,0.1167986398771738,1.7282877005213242
30.0,145.0,130.2588348388672,-0.0268155035225158,1.5978037115202774,-2.468611255640289,-2.2006720960248254,-1.1266289480841782,0.8503449998598901,0.0164581524357002,2.558106124629458,0.1212074184239656,1.7266150074366458
30.0,145.0,203.7299041748047,-1.4671963034076896,0.7718039591814964,-3.521820860113768,-2.7055890962796987,-1.3850800460590984,0.7492558679810841,0.0041742840984898,2.5864682179734686,0.2295821296873494,1.9406396168518183
30.0,145.0,240.0376892089844,-0.818985015422538,0.7325545795717203,-3.463958090524869,-3.1745869837099026,-1.9281247841715203,0.2058466922336207,-0.3766659363291286,2.6001316734345754,0.2265875295001577,2.1979228280822705
30.0,145.0,239.34703063964844,-0.5573109000134422,1.0820330890696988,-3.240952051214933,-3.640707829016172,-1.7737497179098791,0.4745016799634982,0.0314885242161033,2.6135288507269894,0.153150853889011,1.936260516662292
30.0,145.0,130.45645141601562,-0.0363739964700082,1.619359955371767,-2.459177339805861,-2.1949649169607794,-1.1299623045790108,0.8393373071625005,0.0394277542386456,2.559593844200528,0.1161289271195126,1.7227814271351625
30.0,145.0,130.36105346679688,-0.0338782421566046,1.6017324916814066,-2.465814574574928,-2.1848031553160268,-1.1185842769664722,0.8528023738124761,0.0421782803591058,2.563768976793345,0.1222206399665384,1.7143363672870386
30.0,145.0,191.3741455078125,0.0039348095995282,1.7655142746057404,-2.4559832627265297,-2.1857588147665954,-1.00286854516213,1.0149623061774518,-0.0194647696558267,2.3104625149191707,0.1134435180194296,1.7792839083485463
30.0,145.0,131.1864776611328,0.0057603726337334,1.6388476272482686,-2.4875765767222955,-2.209132877205584,-1.1400112823550457,0.8442725559696725,0.0355265095922296,2.5593653217207843,0.1553364787498654,1.7836217485793218
30.0,145.0,209.853515625,-0.6115977473066232,0.7776220381257966,-3.835539989399004,-2.6171739805113914,-1.275521664933832,0.7366176474541036,-0.0458302544230463,2.584816162634513,0.2980722673261389,2.069972514370848
30.0,145.0,130.39222717285156,-0.0283983060376254,1.5986820493549132,-2.455670291594587,-2.20148233872522,-1.1252228941631155,0.8539359705643252,0.0161829236167985,2.556405138887976,0.1166670337009633,1.709917774413548
30.0,145.0,130.9593048095703,-0.0250098466797264,1.595657124857908,-2.472560541501688,-2.1896878554687973,-1.1014048039777866,0.88618962399519,0.0499380163522769,2.5600996124879907,0.1152695012594677,1.704180585454803
30.0,145.0,245.99302673339844,-0.7494604562313425,0.5827624451646062,-3.1978432976312727,-2.930434860001456,-2.589522757468941,0.4511330050359632,-0.2349149109541924,2.459352546895984,0.2558733024443547,1.86071018527782
30.0,145.0,210.119873046875,-0.7610068930568665,0.5642124147423887,-3.726421416211226,-2.7995431788777383,-1.3708891968054873,0.679066308131347,0.0234932080174868,2.5843400721228726,0.297657964549431,2.1950618999519365
30.0,145.0,131.1105499267578,-0.0221724311295,1.5947951088985624,-2.4558031736577384,-2.1836504418792217,-1.0892283745807336,0.8785077536370107,0.0372668804653603,2.556325821081627,0.1287718251508848,1.7389801576389194
30.0,145.0,215.4642791748047,-0.619272128359899,1.0161821115856564,-3.392347947738536,-3.718930889608517,-1.3159031693529706,0.8296082231312336,0.0283507836533688,2.580653015910745,0.2883060967232943,2.043397947376025
30.0,145.0,205.575927734375,-0.8160173862793221,0.5906195673798553,-3.5501247184478806,-2.9220737949502533,-1.5276746941164658,0.7254873283981647,-0.0189028447691116,2.5943872451814447,0.2168908645567235,1.9760531472632008
30.0,145.0,130.28530883789062,-0.027865981628428,1.5992085662035431,-2.468744110993885,-2.201740419696804,-1.1275931946912203,0.8474877240565927,0.0154923686400062,2.55920999103634,0.1243725755167232,1.7076995448307153
30.0,145.0,130.62899780273438,-0.0242292787556977,1.6012337053711958,-2.464579507004121,-2.195260153281381,-1.1143679015637342,0.8785199711550532,0.0315793417836433,2.566001853923271,0.1282982925046728,1.7179030245262106
30.0,145.0,130.18907165527344,-0.0262528851207238,1.5974584251967272,-2.468816970185684,-2.200886649619457,-1.1276400649197336,0.8507476817299163,0.0244560118133023,2.558412121330832,0.1219603704325533,1.7273670293808945
30.0,145.0,211.49984741210932,-0.6023430394608064,0.6862990325442788,-3.3371353581117207,-2.8851573211860253,-1.389844403508281,0.7960834819435386,-0.0731183203058278,2.570385485955568,0.1939850410112546,2.062637422407674
30.0,145.0,133.4647216796875,-0.0461704892194994,1.5946549630797104,-2.421601875543554,-2.231617901464226,-1.1243532978944806,0.8510914087561475,0.0282273178140047,2.55376019911877,0.1095890536487665,1.6103540354646866
30.0,145.0,133.37478637695312,0.0262346904260354,1.5962904321786555,-2.458915264671121,-2.246765517365721,-1.1675900209296477,0.8473141251045122,0.003931660657271,2.554848048585811,0.171469592526765,1.8323938205694472
30.0,145.0,131.47850036621094,-0.0482109867575819,1.595070953507842,-2.465208919588046,-2.161356352001325,-1.1086535445559702,0.8742354972568628,0.0644758361680563,2.566171235006831,0.1290306267162363,1.7637249640635648
30.0,145.0,130.6073455810547,-0.0262380874392602,1.5983408752973098,-2.4809372243595726,-2.203718350026307,-1.1272654765122954,0.8590586811667049,0.0245332106129221,2.5579597885512,0.142665403961247,1.7267699511080374
30.0,145.0,132.2544403076172,-0.0926571583604785,1.570975001003475,-2.498969002465269,-2.1902786377650174,-1.10818568383066,0.8655126752917419,0.0432246015150623,2.5563345600272336,0.1395084329354663,1.7904093128244234
30.0,146.0,164.09584045410156,0.0042246226570736,1.397906107723002,-2.6432532392976267,-2.24459307068032,-1.3188455952067126,0.7371239020376129,0.0710757892001441,2.565532135150081,0.1477168695475251,1.6989134998442454
30.0,146.0,201.4370574951172,-0.4540401323260987,0.8179070478135094,-3.314276906304189,-2.628539443785192,-1.3337882873665527,0.7127938785222587,-0.0269535484838654,2.590339428802196,0.2594558839508205,2.0689052243034824
30.0,146.0,130.72996520996094,-0.0238546679284693,1.635841763547753,-2.4721793194544364,-2.20031097728827,-1.1221646566399643,0.8415878710029678,0.0108015903067795,2.5556368969003125,0.1184246639739624,1.71654855274381
30.0,146.0,205.40724182128903,-1.2471719392371754,0.7338063691250966,-3.6956164114227614,-2.6893020048638974,-1.4361633841990469,0.7509499775402746,-0.0265320376388999,2.5844589496606782,0.2214973721181175,2.0621365244733765
30.0,146.0,131.46182250976562,-0.0298854936073839,1.5967358701588783,-2.4622806769090264,-2.2038044090925184,-1.1250705491039703,0.8936593897888467,0.0210019413286297,2.558516432867361,0.1218407199554822,1.7269447697179008
30.0,146.0,130.8968048095703,-0.0130541646245537,1.593922434430379,-2.46565693336918,-2.205010597545909,-1.1128288523686936,0.8738559420465596,0.0468691288696001,2.5645814587792013,0.1108213846711231,1.7112999884187647
30.0,146.0,130.22927856445312,-0.0266934467497271,1.598996745886765,-2.469001620266828,-2.2034767602846483,-1.1362861591750577,0.8536083026559569,0.0184776608374377,2.558498146315201,0.1226399318402472,1.726547407440646
30.0,146.0,130.4460906982422,-0.0239093837960897,1.5889968477431964,-2.467797715799636,-2.1902172528225723,-1.1443746727715598,0.8517823305214072,0.0317309471400679,2.555870015694925,0.121218220556818,1.718444004300712
30.0,146.0,131.00546264648438,-0.0314607930216337,1.6015275391647406,-2.4689915604599006,-2.204508338187593,-1.1035114077623198,0.8345982739793623,0.012773467069741,2.5498982898778784,0.1122417497262599,1.6714728959302667
30.0,146.0,217.80987548828125,-0.7399219093249991,0.6265199654248446,-3.3812386568411683,-3.115740592719888,-2.4970438835882924,0.4187495791001843,-0.1164287251613381,2.541142812644273,0.2703581298861386,2.0687642066891287
30.0,146.0,201.7044219970703,-0.6552952230338768,0.789537644755984,-3.131677153117997,-2.725862189701337,-1.327890814222953,0.7257755438118074,-0.0264966475501739,2.5879562114865826,0.2411740536822892,2.06908069814025
30.0,146.0,130.19931030273438,-0.0274948736945472,1.5962661430267622,-2.468866159045344,-2.203201971453633,-1.1338413827570262,0.8519372091919913,0.0313421702243342,2.559464236080768,0.1199641462746694,1.7279367029706272
30.0,146.0,207.52395629882807,-1.0172369141889488,0.5097226488719611,-3.674337809841004,-2.8353189978585056,-1.3644168602548383,0.7515932251121955,-0.0172059671688819,2.580125632767812,0.2261450789481383,2.063133829032119
30.0,146.0,131.0275115966797,-0.0300941791408053,1.5917029557930946,-2.4736354944710914,-2.179986158404016,-1.101528336860324,0.8807576840987235,0.0543171311855271,2.560955495354865,0.1339453615989479,1.7340583791588895
30.0,146.0,130.40615844726562,-0.027587046682928,1.5906292590785702,-2.471774186851914,-2.2214822207489493,-1.151391988892166,0.838467292838993,0.0199206005770148,2.5580559466947888,0.1194421760617362,1.7191921603813272
30.0,146.0,130.48095703125,-0.0263561790047711,1.6015253764683937,-2.465033074762451,-2.1926059126630406,-1.1161818080473769,0.8628217825825626,0.0520953320729586,2.564612183516153,0.1285528650702829,1.7237121779010771
30.0,146.0,220.53668212890625,-1.2171966783311097,0.4756538204269566,-3.473961005955754,-3.088961056374514,-1.704597891261704,0.4920041034137272,-0.0918239354140258,2.562499878329205,0.3992523830963432,2.654374933471221
30.0,146.0,130.34767150878906,-0.0275109299770532,1.601839585643775,-2.4676066751887884,-2.1971093944906928,-1.1319566613569247,0.8462502743524463,0.0195756987381792,2.5565163412962555,0.1186569786153854,1.7581412280688733
30.0,146.0,170.261474609375,-0.3043654106829667,1.4743560263103657,-2.471644416697039,-2.001086987157553,-1.0932626129026477,0.8327847177457688,-0.0104229519990668,2.54673313885527,0.0529506817270578,1.5247362111612963
30.0,146.0,202.07305908203125,-0.5913198112483224,0.771950545188603,-3.0203592555883976,-2.6017803067481746,-1.3000487108249943,0.8454072197524046,0.0533774586459374,2.5848886936271365,0.1193070434199166,1.8604054827243013
30.0,146.0,209.95681762695312,-0.8546054761373488,0.5561256830121146,-3.5196763665523463,-2.9998356632825494,-1.6631055522139582,0.5872105304760162,-0.0307104087849592,2.588951662564981,0.2473229352094717,1.9606851088631445
30.0,146.0,198.1161651611328,-2.038243775065099,1.5493086873758664,-2.845738260058812,-2.791556400356753,-1.3545742485838108,0.7431300521504673,0.0653416799188597,2.5513340819415955,0.1909917097448164,1.910990100271098
30.0,146.0,205.4263153076172,-1.0610826982318322,0.7387432132212964,-3.5269101097837323,-2.588175478326636,-1.3746018730768372,0.7544874944278932,-0.0259144887775997,2.5909527780546773,0.210068459110206,2.063579531483645
30.0,146.0,134.2151336669922,-0.0266008127431463,1.6323175277400754,-2.4504389379909144,-2.2232325674742426,-1.1538495835806082,0.7585289697210993,-0.0434258704477416,2.559735147981925,0.1220146205643424,1.7274791794406383
30.0,146.0,130.2895050048828,-0.0286924762136469,1.5953937218262342,-2.467813950801939,-2.2004920466320965,-1.132997270524016,0.8396541351393457,0.018417032044962,2.5609478115692554,0.1167986398771738,1.7282877005213242
30.0,146.0,130.2588348388672,-0.0268155035225158,1.5978037115202774,-2.468611255640289,-2.2006720960248254,-1.1266289480841782,0.8503449998598901,0.0164581524357002,2.558106124629458,0.1212074184239656,1.7266150074366458
30.0,146.0,203.7299041748047,-1.4671963034076896,0.7718039591814964,-3.521820860113768,-2.7055890962796987,-1.3850800460590984,0.7492558679810841,0.0041742840984898,2.5864682179734686,0.2295821296873494,1.9406396168518183
30.0,146.0,240.0376892089844,-0.818985015422538,0.7325545795717203,-3.463958090524869,-3.1745869837099026,-1.9281247841715203,0.2058466922336207,-0.3766659363291286,2.6001316734345754,0.2265875295001577,2.1979228280822705
30.0,146.0,239.34703063964844,-0.5573109000134422,1.0820330890696988,-3.240952051214933,-3.640707829016172,-1.7737497179098791,0.4745016799634982,0.0314885242161033,2.6135288507269894,0.153150853889011,1.936260516662292
30.0,146.0,130.45645141601562,-0.0363739964700082,1.619359955371767,-2.459177339805861,-2.1949649169607794,-1.1299623045790108,0.8393373071625005,0.0394277542386456,2.559593844200528,0.1161289271195126,1.7227814271351625
30.0,146.0,130.36105346679688,-0.0338782421566046,1.6017324916814066,-2.465814574574928,-2.1848031553160268,-1.1185842769664722,0.8528023738124761,0.0421782803591058,2.563768976793345,0.1222206399665384,1.7143363672870386
30.0,146.0,163.40170288085938,-0.0356334251662267,1.6059162456316165,-2.461282071449062,-2.0239378533736447,-1.0387492037085164,0.912717210775126,-0.0081540503109349,2.6944182004566906,0.1206703753386809,1.809480462075328
30.0,146.0,131.1864776611328,0.0057603726337334,1.6388476272482686,-2.4875765767222955,-2.209132877205584,-1.1400112823550457,0.8442725559696725,0.0355265095922296,2.5593653217207843,0.1553364787498654,1.7836217485793218
30.0,146.0,209.853515625,-0.6115977473066232,0.7776220381257966,-3.835539989399004,-2.6171739805113914,-1.275521664933832,0.7366176474541036,-0.0458302544230463,2.584816162634513,0.2980722673261389,2.069972514370848
30.0,146.0,130.26133728027344,-0.0293818951923145,1.5975988704002435,-2.4660772285000654,-2.2001850618962675,-1.125043057898825,0.8540663657133399,0.0294494260657879,2.565019302182808,0.1295323342752137,1.7227751666418385
30.0,146.0,130.9593048095703,-0.0250098466797264,1.595657124857908,-2.472560541501688,-2.1896878554687973,-1.1014048039777866,0.88618962399519,0.0499380163522769,2.5600996124879907,0.1152695012594677,1.704180585454803
30.0,146.0,245.99302673339844,-0.7494604562313425,0.5827624451646062,-3.1978432976312727,-2.930434860001456,-2.589522757468941,0.4511330050359632,-0.2349149109541924,2.459352546895984,0.2558733024443547,1.86071018527782
30.0,146.0,210.119873046875,-0.7610068930568665,0.5642124147423887,-3.726421416211226,-2.7995431788777383,-1.3708891968054873,0.679066308131347,0.0234932080174868,2.5843400721228726,0.297657964549431,2.1950618999519365
30.0,146.0,131.1105499267578,-0.0221724311295,1.5947951088985624,-2.4558031736577384,-2.1836504418792217,-1.0892283745807336,0.8785077536370107,0.0372668804653603,2.556325821081627,0.1287718251508848,1.7389801576389194
30.0,146.0,215.4642791748047,-0.619272128359899,1.0161821115856564,-3.392347947738536,-3.718930889608517,-1.3159031693529706,0.8296082231312336,0.0283507836533688,2.580653015910745,0.2883060967232943,2.043397947376025
30.0,146.0,205.575927734375,-0.8160173862793221,0.5906195673798553,-3.5501247184478806,-2.9220737949502533,-1.5276746941164658,0.7254873283981647,-0.0189028447691116,2.5943872451814447,0.2168908645567235,1.9760531472632008
30.0,146.0,130.28530883789062,-0.027865981628428,1.5992085662035431,-2.468744110993885,-2.201740419696804,-1.1275931946912203,0.8474877240565927,0.0154923686400062,2.55920999103634,0.1243725755167232,1.7076995448307153
30.0,146.0,130.62899780273438,-0.0242292787556977,1.6012337053711958,-2.464579507004121,-2.195260153281381,-1.1143679015637342,0.8785199711550532,0.0315793417836433,2.566001853923271,0.1282982925046728,1.7179030245262106
30.0,146.0,130.18907165527344,-0.0262528851207238,1.5974584251967272,-2.468816970185684,-2.200886649619457,-1.1276400649197336,0.8507476817299163,0.0244560118133023,2.558412121330832,0.1219603704325533,1.7273670293808945
30.0,146.0,211.49984741210932,-0.6023430394608064,0.6862990325442788,-3.3371353581117207,-2.8851573211860253,-1.389844403508281,0.7960834819435386,-0.0731183203058278,2.570385485955568,0.1939850410112546,2.062637422407674
30.0,146.0,131.7528076171875,-0.0455692697616977,1.6003806462928385,-2.452721285991705,-2.2087583536437267,-1.1274818503250237,0.8518848126412992,0.0250084433271677,2.5189138840781724,0.1258526217716163,1.7796754153046928
30.0,146.0,133.12057495117188,-0.0506832585254331,1.6108176260829032,-2.448972172441502,-2.1772451883042927,-1.102414628623109,0.8506820182854035,0.0542786667212796,2.562443790939475,0.1863455875556055,1.7776872214961237
30.0,146.0,131.47850036621094,-0.0482109867575819,1.595070953507842,-2.465208919588046,-2.161356352001325,-1.1086535445559702,0.8742354972568628,0.0644758361680563,2.566171235006831,0.1290306267162363,1.7637249640635648
30.0,146.0,130.2548370361328,-0.0254141503274171,1.5987161180840013,-2.4729529382132345,-2.1962788705212986,-1.128966389489986,0.8593266770548573,0.0392410108495072,2.558146592534117,0.1214347451309442,1.7281968084339174
30.0,146.0,132.2544403076172,-0.0926571583604785,1.570975001003475,-2.498969002465269,-2.1902786377650174,-1.10818568383066,0.8655126752917419,0.0432246015150623,2.5563345600272336,0.1395084329354663,1.7904093128244234
30.0,147.0,164.09584045410156,0.0042246226570736,1.397906107723002,-2.6432532392976267,-2.24459307068032,-1.3188455952067126,0.7371239020376129,0.0710757892001441,2.565532135150081,0.1477168695475251,1.6989134998442454
30.0,147.0,201.4370574951172,-0.4540401323260987,0.8179070478135094,-3.314276906304189,-2.628539443785192,-1.3337882873665527,0.7127938785222587,-0.0269535484838654,2.590339428802196,0.2594558839508205,2.0689052243034824
30.0,147.0,130.29180908203125,-0.0255085092876812,1.6258127918083234,-2.4693973408227,-2.200423780683176,-1.1312746294892229,0.8414018488131316,0.0266935385396716,2.5536875180471554,0.123602131749791,1.7281141012101295
30.0,147.0,205.40724182128903,-1.2471719392371754,0.7338063691250966,-3.6956164114227614,-2.6893020048638974,-1.4361633841990469,0.7509499775402746,-0.0265320376388999,2.5844589496606782,0.2214973721181175,2.0621365244733765
30.0,147.0,130.46693420410156,-0.0112530189001524,1.596553852473919,-2.474109991850906,-2.19582861833344,-1.1294968826340277,0.830975284308173,0.0265370062024106,2.5580320217642294,0.1223498925615228,1.727723928623392
30.0,147.0,130.8968048095703,-0.0130541646245537,1.593922434430379,-2.46565693336918,-2.205010597545909,-1.1128288523686936,0.8738559420465596,0.0468691288696001,2.5645814587792013,0.1108213846711231,1.7112999884187647
30.0,147.0,130.18487548828125,-0.0263358352072435,1.5971722810214464,-2.468925642998724,-2.201641509813569,-1.1299267637102857,0.8541124981053472,0.0301632449775029,2.558593152410194,0.1221900765642507,1.7266945250819137
30.0,147.0,130.4460906982422,-0.0239093837960897,1.5889968477431964,-2.467797715799636,-2.1902172528225723,-1.1443746727715598,0.8517823305214072,0.0317309471400679,2.555870015694925,0.121218220556818,1.718444004300712
30.0,147.0,131.00546264648438,-0.0314607930216337,1.6015275391647406,-2.4689915604599006,-2.204508338187593,-1.1035114077623198,0.8345982739793623,0.012773467069741,2.5498982898778784,0.1122417497262599,1.6714728959302667
30.0,147.0,217.80987548828125,-0.7399219093249991,0.6265199654248446,-3.3812386568411683,-3.115740592719888,-2.4970438835882924,0.4187495791001843,-0.1164287251613381,2.541142812644273,0.2703581298861386,2.0687642066891287
30.0,147.0,201.7044219970703,-0.6552952230338768,0.789537644755984,-3.131677153117997,-2.725862189701337,-1.327890814222953,0.7257755438118074,-0.0264966475501739,2.5879562114865826,0.2411740536822892,2.06908069814025
30.0,147.0,130.1955108642578,-0.0276278634330994,1.598757868700743,-2.4691236753852017,-2.200231601451421,-1.1349703967829163,0.8534942915446206,0.0224404997873856,2.557684723850145,0.1218194600070353,1.7341863670289246
30.0,147.0,207.52395629882807,-1.0172369141889488,0.5097226488719611,-3.674337809841004,-2.8353189978585056,-1.3644168602548383,0.7515932251121955,-0.0172059671688819,2.580125632767812,0.2261450789481383,2.063133829032119
30.0,147.0,131.0275115966797,-0.0300941791408053,1.5917029557930946,-2.4736354944710914,-2.179986158404016,-1.101528336860324,0.8807576840987235,0.0543171311855271,2.560955495354865,0.1339453615989479,1.7340583791588895
30.0,147.0,130.40615844726562,-0.027587046682928,1.5906292590785702,-2.471774186851914,-2.2214822207489493,-1.151391988892166,0.838467292838993,0.0199206005770148,2.5580559466947888,0.1194421760617362,1.7191921603813272
30.0,147.0,130.48095703125,-0.0263561790047711,1.6015253764683937,-2.465033074762451,-2.1926059126630406,-1.1161818080473769,0.8628217825825626,0.0520953320729586,2.564612183516153,0.1285528650702829,1.7237121779010771
30.0,147.0,220.53668212890625,-1.2171966783311097,0.4756538204269566,-3.473961005955754,-3.088961056374514,-1.704597891261704,0.4920041034137272,-0.0918239354140258,2.562499878329205,0.3992523830963432,2.654374933471221
30.0,147.0,130.29965209960938,-0.0270181722652193,1.5998302377999265,-2.4688449720586445,-2.1973371147720733,-1.1277709927535775,0.8406039018297893,0.024696783604874,2.557721589171869,0.1168274437377326,1.741195981858255
30.0,147.0,170.261474609375,-0.3043654106829667,1.4743560263103657,-2.471644416697039,-2.001086987157553,-1.0932626129026477,0.8327847177457688,-0.0104229519990668,2.54673313885527,0.0529506817270578,1.5247362111612963
30.0,147.0,202.07305908203125,-0.5913198112483224,0.771950545188603,-3.0203592555883976,-2.6017803067481746,-1.3000487108249943,0.8454072197524046,0.0533774586459374,2.5848886936271365,0.1193070434199166,1.8604054827243013
30.0,147.0,209.95681762695312,-0.8546054761373488,0.5561256830121146,-3.5196763665523463,-2.9998356632825494,-1.6631055522139582,0.5872105304760162,-0.0307104087849592,2.588951662564981,0.2473229352094717,1.9606851088631445
30.0,147.0,198.1161651611328,-2.038243775065099,1.5493086873758664,-2.845738260058812,-2.791556400356753,-1.3545742485838108,0.7431300521504673,0.0653416799188597,2.5513340819415955,0.1909917097448164,1.910990100271098
30.0,147.0,205.4263153076172,-1.0610826982318322,0.7387432132212964,-3.5269101097837323,-2.588175478326636,-1.3746018730768372,0.7544874944278932,-0.0259144887775997,2.5909527780546773,0.210068459110206,2.063579531483645
30.0,147.0,134.2151336669922,-0.0266008127431463,1.6323175277400754,-2.4504389379909144,-2.2232325674742426,-1.1538495835806082,0.7585289697210993,-0.0434258704477416,2.559735147981925,0.1220146205643424,1.7274791794406383
30.0,147.0,130.2895050048828,-0.0286924762136469,1.5953937218262342,-2.467813950801939,-2.2004920466320965,-1.132997270524016,0.8396541351393457,0.018417032044962,2.5609478115692554,0.1167986398771738,1.7282877005213242
30.0,147.0,130.2588348388672,-0.0268155035225158,1.5978037115202774,-2.468611255640289,-2.2006720960248254,-1.1266289480841782,0.8503449998598901,0.0164581524357002,2.558106124629458,0.1212074184239656,1.7266150074366458
30.0,147.0,203.7299041748047,-1.4671963034076896,0.7718039591814964,-3.521820860113768,-2.7055890962796987,-1.3850800460590984,0.7492558679810841,0.0041742840984898,2.5864682179734686,0.2295821296873494,1.9406396168518183
30.0,147.0,240.0376892089844,-0.818985015422538,0.7325545795717203,-3.463958090524869,-3.1745869837099026,-1.9281247841715203,0.2058466922336207,-0.3766659363291286,2.6001316734345754,0.2265875295001577,2.1979228280822705
30.0,147.0,177.52542114257812,-0.1399147291481588,1.3104345384142884,-2.895616916085339,-2.370731695767934,-1.3128826466008157,0.8976919765709114,0.0257127932349606,2.6151636929432462,0.1563520672564393,1.8927211584930392
30.0,147.0,130.45645141601562,-0.0363739964700082,1.619359955371767,-2.459177339805861,-2.1949649169607794,-1.1299623045790108,0.8393373071625005,0.0394277542386456,2.559593844200528,0.1161289271195126,1.7227814271351625
30.0,147.0,130.36105346679688,-0.0338782421566046,1.6017324916814066,-2.465814574574928,-2.1848031553160268,-1.1185842769664722,0.8528023738124761,0.0421782803591058,2.563768976793345,0.1222206399665384,1.7143363672870386
30.0,147.0,153.52542114257812,-0.0337036973640677,1.5548722834859934,-2.4758134331053023,-2.2550639695034813,-0.9972832343163156,0.89277040776242,0.065945388793015,2.662062183106192,0.1094400824847097,1.8182765851778704
30.0,147.0,130.84451293945312,-0.0245227331659557,1.5706987358833044,-2.477683004645756,-2.206850682761849,-1.1317718922713056,0.851447210336387,0.0274091555103019,2.548593405685752,0.1315999960234825,1.7408465497738068
30.0,147.0,209.853515625,-0.6115977473066232,0.7776220381257966,-3.835539989399004,-2.6171739805113914,-1.275521664933832,0.7366176474541036,-0.0458302544230463,2.584816162634513,0.2980722673261389,2.069972514370848
30.0,147.0,130.23777770996094,-0.0234779724206849,1.5970695064209297,-2.4706228681233826,-2.200986537315555,-1.1279582855325974,0.8522739570705478,0.0245807188003378,2.555257332563796,0.1314057690079777,1.7332370361526412
30.0,147.0,130.3667449951172,-0.0435493836624316,1.5974714306904658,-2.4691164840380138,-2.1949268937776822,-1.136253585065368,0.8477883401545055,0.0335944662093171,2.558639741583242,0.1150346607173672,1.7316614578618632
30.0,147.0,245.99302673339844,-0.7494604562313425,0.5827624451646062,-3.1978432976312727,-2.930434860001456,-2.589522757468941,0.4511330050359632,-0.2349149109541924,2.459352546895984,0.2558733024443547,1.86071018527782
30.0,147.0,210.119873046875,-0.7610068930568665,0.5642124147423887,-3.726421416211226,-2.7995431788777383,-1.3708891968054873,0.679066308131347,0.0234932080174868,2.5843400721228726,0.297657964549431,2.1950618999519365
30.0,147.0,131.1105499267578,-0.0221724311295,1.5947951088985624,-2.4558031736577384,-2.1836504418792217,-1.0892283745807336,0.8785077536370107,0.0372668804653603,2.556325821081627,0.1287718251508848,1.7389801576389194
30.0,147.0,215.4642791748047,-0.619272128359899,1.0161821115856564,-3.392347947738536,-3.718930889608517,-1.3159031693529706,0.8296082231312336,0.0283507836533688,2.580653015910745,0.2883060967232943,2.043397947376025
30.0,147.0,205.575927734375,-0.8160173862793221,0.5906195673798553,-3.5501247184478806,-2.9220737949502533,-1.5276746941164658,0.7254873283981647,-0.0189028447691116,2.5943872451814447,0.2168908645567235,1.9760531472632008
30.0,147.0,130.28530883789062,-0.027865981628428,1.5992085662035431,-2.468744110993885,-2.201740419696804,-1.1275931946912203,0.8474877240565927,0.0154923686400062,2.55920999103634,0.1243725755167232,1.7076995448307153
30.0,147.0,130.62899780273438,-0.0242292787556977,1.6012337053711958,-2.464579507004121,-2.195260153281381,-1.1143679015637342,0.8785199711550532,0.0315793417836433,2.566001853923271,0.1282982925046728,1.7179030245262106
30.0,147.0,130.18907165527344,-0.0262528851207238,1.5974584251967272,-2.468816970185684,-2.200886649619457,-1.1276400649197336,0.8507476817299163,0.0244560118133023,2.558412121330832,0.1219603704325533,1.7273670293808945
30.0,147.0,211.49984741210932,-0.6023430394608064,0.6862990325442788,-3.3371353581117207,-2.8851573211860253,-1.389844403508281,0.7960834819435386,-0.0731183203058278,2.570385485955568,0.1939850410112546,2.062637422407674
30.0,147.0,131.7528076171875,-0.0455692697616977,1.6003806462928385,-2.452721285991705,-2.2087583536437267,-1.1274818503250237,0.8518848126412992,0.0250084433271677,2.5189138840781724,0.1258526217716163,1.7796754153046928
30.0,147.0,133.12057495117188,-0.0506832585254331,1.6108176260829032,-2.448972172441502,-2.1772451883042927,-1.102414628623109,0.8506820182854035,0.0542786667212796,2.562443790939475,0.1863455875556055,1.7776872214961237
30.0,147.0,131.47850036621094,-0.0482109867575819,1.595070953507842,-2.465208919588046,-2.161356352001325,-1.1086535445559702,0.8742354972568628,0.0644758361680563,2.566171235006831,0.1290306267162363,1.7637249640635648
30.0,147.0,130.2548370361328,-0.0254141503274171,1.5987161180840013,-2.4729529382132345,-2.1962788705212986,-1.128966389489986,0.8593266770548573,0.0392410108495072,2.558146592534117,0.1214347451309442,1.7281968084339174
30.0,147.0,132.2544403076172,-0.0926571583604785,1.570975001003475,-2.498969002465269,-2.1902786377650174,-1.10818568383066,0.8655126752917419,0.0432246015150623,2.5563345600272336,0.1395084329354663,1.7904093128244234
30.0,148.0,164.09584045410156,0.0042246226570736,1.397906107723002,-2.6432532392976267,-2.24459307068032,-1.3188455952067126,0.7371239020376129,0.0710757892001441,2.565532135150081,0.1477168695475251,1.6989134998442454
30.0,148.0,201.4370574951172,-0.4540401323260987,0.8179070478135094,-3.314276906304189,-2.628539443785192,-1.3337882873665527,0.7127938785222587,-0.0269535484838654,2.590339428802196,0.2594558839508205,2.0689052243034824
30.0,148.0,130.29180908203125,-0.0255085092876812,1.6258127918083234,-2.4693973408227,-2.200423780683176,-1.1312746294892229,0.8414018488131316,0.0266935385396716,2.5536875180471554,0.123602131749791,1.7281141012101295
30.0,148.0,205.40724182128903,-1.2471719392371754,0.7338063691250966,-3.6956164114227614,-2.6893020048638974,-1.4361633841990469,0.7509499775402746,-0.0265320376388999,2.5844589496606782,0.2214973721181175,2.0621365244733765
30.0,148.0,130.3245391845703,-0.0108701403496236,1.5970702519922608,-2.470032282119932,-2.201468057535941,-1.1320155789258133,0.8500838956184517,0.0360247770330045,2.558440358496005,0.1225459104683589,1.7277477960167176
30.0,148.0,130.8968048095703,-0.0130541646245537,1.593922434430379,-2.46565693336918,-2.205010597545909,-1.1128288523686936,0.8738559420465596,0.0468691288696001,2.5645814587792013,0.1108213846711231,1.7112999884187647
30.0,148.0,130.18487548828125,-0.0263358352072435,1.5971722810214464,-2.468925642998724,-2.201641509813569,-1.1299267637102857,0.8541124981053472,0.0301632449775029,2.558593152410194,0.1221900765642507,1.7266945250819137
30.0,148.0,130.1848907470703,-0.0265574037614308,1.6085184033336062,-2.4681400642079447,-2.19905645782379,-1.1359602154482598,0.857185582763443,0.0366119663928107,2.5549193815149374,0.1209167481207315,1.7183445901683687
30.0,148.0,131.00546264648438,-0.0314607930216337,1.6015275391647406,-2.4689915604599006,-2.204508338187593,-1.1035114077623198,0.8345982739793623,0.012773467069741,2.5498982898778784,0.1122417497262599,1.6714728959302667
30.0,148.0,217.80987548828125,-0.7399219093249991,0.6265199654248446,-3.3812386568411683,-3.115740592719888,-2.4970438835882924,0.4187495791001843,-0.1164287251613381,2.541142812644273,0.2703581298861386,2.0687642066891287
30.0,148.0,201.7044219970703,-0.6552952230338768,0.789537644755984,-3.131677153117997,-2.725862189701337,-1.327890814222953,0.7257755438118074,-0.0264966475501739,2.5879562114865826,0.2411740536822892,2.06908069814025
30.0,148.0,130.17884826660156,-0.0254986038941377,1.597901763186967,-2.4690386388414147,-2.2011035716890994,-1.1308183091852213,0.8547535540519632,0.0266444333300031,2.557189981958263,0.122886575401794,1.7215373757942565
30.0,148.0,207.52395629882807,-1.0172369141889488,0.5097226488719611,-3.674337809841004,-2.8353189978585056,-1.3644168602548383,0.7515932251121955,-0.0172059671688819,2.580125632767812,0.2261450789481383,2.063133829032119
30.0,148.0,131.0275115966797,-0.0300941791408053,1.5917029557930946,-2.4736354944710914,-2.179986158404016,-1.101528336860324,0.8807576840987235,0.0543171311855271,2.560955495354865,0.1339453615989479,1.7340583791588895
30.0,148.0,130.40615844726562,-0.027587046682928,1.5906292590785702,-2.471774186851914,-2.2214822207489493,-1.151391988892166,0.838467292838993,0.0199206005770148,2.5580559466947888,0.1194421760617362,1.7191921603813272
30.0,148.0,130.48095703125,-0.0263561790047711,1.6015253764683937,-2.465033074762451,-2.1926059126630406,-1.1161818080473769,0.8628217825825626,0.0520953320729586,2.564612183516153,0.1285528650702829,1.7237121779010771
30.0,148.0,220.53668212890625,-1.2171966783311097,0.4756538204269566,-3.473961005955754,-3.088961056374514,-1.704597891261704,0.4920041034137272,-0.0918239354140258,2.562499878329205,0.3992523830963432,2.654374933471221
30.0,148.0,130.28787231445312,-0.0257577242996005,1.5957719122093716,-2.469378531699475,-2.2048253940291347,-1.126409663453392,0.8420380732529935,0.0290250962061796,2.5596014323463163,0.1161688111331047,1.7138880228702258
30.0,148.0,170.261474609375,-0.3043654106829667,1.4743560263103657,-2.471644416697039,-2.001086987157553,-1.0932626129026477,0.8327847177457688,-0.0104229519990668,2.54673313885527,0.0529506817270578,1.5247362111612963
30.0,148.0,202.07305908203125,-0.5913198112483224,0.771950545188603,-3.0203592555883976,-2.6017803067481746,-1.3000487108249943,0.8454072197524046,0.0533774586459374,2.5848886936271365,0.1193070434199166,1.8604054827243013
30.0,148.0,209.95681762695312,-0.8546054761373488,0.5561256830121146,-3.5196763665523463,-2.9998356632825494,-1.6631055522139582,0.5872105304760162,-0.0307104087849592,2.588951662564981,0.2473229352094717,1.9606851088631445
30.0,148.0,198.1161651611328,-2.038243775065099,1.5493086873758664,-2.845738260058812,-2.791556400356753,-1.3545742485838108,0.7431300521504673,0.0653416799188597,2.5513340819415955,0.1909917097448164,1.910990100271098
30.0,148.0,205.4263153076172,-1.0610826982318322,0.7387432132212964,-3.5269101097837323,-2.588175478326636,-1.3746018730768372,0.7544874944278932,-0.0259144887775997,2.5909527780546773,0.210068459110206,2.063579531483645
30.0,148.0,134.2151336669922,-0.0266008127431463,1.6323175277400754,-2.4504389379909144,-2.2232325674742426,-1.1538495835806082,0.7585289697210993,-0.0434258704477416,2.559735147981925,0.1220146205643424,1.7274791794406383
30.0,148.0,130.2895050048828,-0.0286924762136469,1.5953937218262342,-2.467813950801939,-2.2004920466320965,-1.132997270524016,0.8396541351393457,0.018417032044962,2.5609478115692554,0.1167986398771738,1.7282877005213242
30.0,148.0,130.2588348388672,-0.0268155035225158,1.5978037115202774,-2.468611255640289,-2.2006720960248254,-1.1266289480841782,0.8503449998598901,0.0164581524357002,2.558106124629458,0.1212074184239656,1.7266150074366458
30.0,148.0,203.7299041748047,-1.4671963034076896,0.7718039591814964,-3.521820860113768,-2.7055890962796987,-1.3850800460590984,0.7492558679810841,0.0041742840984898,2.5864682179734686,0.2295821296873494,1.9406396168518183
30.0,148.0,240.0376892089844,-0.818985015422538,0.7325545795717203,-3.463958090524869,-3.1745869837099026,-1.9281247841715203,0.2058466922336207,-0.3766659363291286,2.6001316734345754,0.2265875295001577,2.1979228280822705
30.0,148.0,177.52542114257812,-0.1399147291481588,1.3104345384142884,-2.895616916085339,-2.370731695767934,-1.3128826466008157,0.8976919765709114,0.0257127932349606,2.6151636929432462,0.1563520672564393,1.8927211584930392
30.0,148.0,130.45645141601562,-0.0363739964700082,1.619359955371767,-2.459177339805861,-2.1949649169607794,-1.1299623045790108,0.8393373071625005,0.0394277542386456,2.559593844200528,0.1161289271195126,1.7227814271351625
30.0,148.0,130.36105346679688,-0.0338782421566046,1.6017324916814066,-2.465814574574928,-2.1848031553160268,-1.1185842769664722,0.8528023738124761,0.0421782803591058,2.563768976793345,0.1222206399665384,1.7143363672870386
30.0,148.0,140.4705047607422,-0.0191221478142707,1.5349096078138071,-2.4745402752389336,-2.2415794037664942,-1.1908837765685816,0.8715265406693312,0.0703969623240648,2.646149507668456,0.1330204968731572,1.631749153668182
30.0,148.0,130.84451293945312,-0.0245227331659557,1.5706987358833044,-2.477683004645756,-2.206850682761849,-1.1317718922713056,0.851447210336387,0.0274091555103019,2.548593405685752,0.1315999960234825,1.7408465497738068
30.0,148.0,209.853515625,-0.6115977473066232,0.7776220381257966,-3.835539989399004,-2.6171739805113914,-1.275521664933832,0.7366176474541036,-0.0458302544230463,2.584816162634513,0.2980722673261389,2.069972514370848
30.0,148.0,130.23777770996094,-0.0234779724206849,1.5970695064209297,-2.4706228681233826,-2.200986537315555,-1.1279582855325974,0.8522739570705478,0.0245807188003378,2.555257332563796,0.1314057690079777,1.7332370361526412
30.0,148.0,130.3667449951172,-0.0435493836624316,1.5974714306904658,-2.4691164840380138,-2.1949268937776822,-1.136253585065368,0.8477883401545055,0.0335944662093171,2.558639741583242,0.1150346607173672,1.7316614578618632
30.0,148.0,245.99302673339844,-0.7494604562313425,0.5827624451646062,-3.1978432976312727,-2.930434860001456,-2.589522757468941,0.4511330050359632,-0.2349149109541924,2.459352546895984,0.2558733024443547,1.86071018527782
30.0,148.0,210.119873046875,-0.7610068930568665,0.5642124147423887,-3.726421416211226,-2.7995431788777383,-1.3708891968054873,0.679066308131347,0.0234932080174868,2.5843400721228726,0.297657964549431,2.1950618999519365
30.0,148.0,131.1105499267578,-0.0221724311295,1.5947951088985624,-2.4558031736577384,-2.1836504418792217,-1.0892283745807336,0.8785077536370107,0.0372668804653603,2.556325821081627,0.1287718251508848,1.7389801576389194
30.0,148.0,215.4642791748047,-0.619272128359899,1.0161821115856564,-3.392347947738536,-3.718930889608517,-1.3159031693529706,0.8296082231312336,0.0283507836533688,2.580653015910745,0.2883060967232943,2.043397947376025
30.0,148.0,205.575927734375,-0.8160173862793221,0.5906195673798553,-3.5501247184478806,-2.9220737949502533,-1.5276746941164658,0.7254873283981647,-0.0189028447691116,2.5943872451814447,0.2168908645567235,1.9760531472632008
30.0,148.0,130.28530883789062,-0.027865981628428,1.5992085662035431,-2.468744110993885,-2.201740419696804,-1.1275931946912203,0.8474877240565927,0.0154923686400062,2.55920999103634,0.1243725755167232,1.7076995448307153
30.0,148.0,130.62899780273438,-0.0242292787556977,1.6012337053711958,-2.464579507004121,-2.195260153281381,-1.1143679015637342,0.8785199711550532,0.0315793417836433,2.566001853923271,0.1282982925046728,1.7179030245262106
30.0,148.0,130.18907165527344,-0.0262528851207238,1.5974584251967272,-2.468816970185684,-2.200886649619457,-1.1276400649197336,0.8507476817299163,0.0244560118133023,2.558412121330832,0.1219603704325533,1.7273670293808945
30.0,148.0,211.49984741210932,-0.6023430394608064,0.6862990325442788,-3.3371353581117207,-2.8851573211860253,-1.389844403508281,0.7960834819435386,-0.0731183203058278,2.570385485955568,0.1939850410112546,2.062637422407674
30.0,148.0,131.7528076171875,-0.0455692697616977,1.6003806462928385,-2.452721285991705,-2.2087583536437267,-1.1274818503250237,0.8518848126412992,0.0250084433271677,2.5189138840781724,0.1258526217716163,1.7796754153046928
30.0,148.0,133.12057495117188,-0.0506832585254331,1.6108176260829032,-2.448972172441502,-2.1772451883042927,-1.102414628623109,0.8506820182854035,0.0542786667212796,2.562443790939475,0.1863455875556055,1.7776872214961237
30.0,148.0,131.47850036621094,-0.0482109867575819,1.595070953507842,-2.465208919588046,-2.161356352001325,-1.1086535445559702,0.8742354972568628,0.0644758361680563,2.566171235006831,0.1290306267162363,1.7637249640635648
30.0,148.0,130.2548370361328,-0.0254141503274171,1.5987161180840013,-2.4729529382132345,-2.1962788705212986,-1.128966389489986,0.8593266770548573,0.0392410108495072,2.558146592534117,0.1214347451309442,1.7281968084339174
30.0,148.0,132.2544403076172,-0.0926571583604785,1.570975001003475,-2.498969002465269,-2.1902786377650174,-1.10818568383066,0.8655126752917419,0.0432246015150623,2.5563345600272336,0.1395084329354663,1.7904093128244234
30.0,149.0,164.09584045410156,0.0042246226570736,1.397906107723002,-2.6432532392976267,-2.24459307068032,-1.3188455952067126,0.7371239020376129,0.0710757892001441,2.565532135150081,0.1477168695475251,1.6989134998442454
30.0,149.0,201.4370574951172,-0.4540401323260987,0.8179070478135094,-3.314276906304189,-2.628539443785192,-1.3337882873665527,0.7127938785222587,-0.0269535484838654,2.590339428802196,0.2594558839508205,2.0689052243034824
30.0,149.0,130.29180908203125,-0.0255085092876812,1.6258127918083234,-2.4693973408227,-2.200423780683176,-1.1312746294892229,0.8414018488131316,0.0266935385396716,2.5536875180471554,0.123602131749791,1.7281141012101295
30.0,149.0,205.40724182128903,-1.2471719392371754,0.7338063691250966,-3.6956164114227614,-2.6893020048638974,-1.4361633841990469,0.7509499775402746,-0.0265320376388999,2.5844589496606782,0.2214973721181175,2.0621365244733765
30.0,149.0,130.3245391845703,-0.0108701403496236,1.5970702519922608,-2.470032282119932,-2.201468057535941,-1.1320155789258133,0.8500838956184517,0.0360247770330045,2.558440358496005,0.1225459104683589,1.7277477960167176
30.0,149.0,130.8968048095703,-0.0130541646245537,1.593922434430379,-2.46565693336918,-2.205010597545909,-1.1128288523686936,0.8738559420465596,0.0468691288696001,2.5645814587792013,0.1108213846711231,1.7112999884187647
30.0,149.0,130.18077087402344,-0.0260468902231209,1.5983578343990732,-2.468957577448791,-2.200842246581117,-1.1295603629790112,0.8551547161894129,0.0266838419047653,2.556337980567533,0.1228386601075636,1.7189292442938289
30.0,149.0,130.16143798828125,-0.0272023152773785,1.6069446120749649,-2.468516676953258,-2.20409920003219,-1.1308940967216718,0.8548204457026602,0.0243204370575271,2.559334902077458,0.1228453135480701,1.719390818105748
30.0,149.0,131.00546264648438,-0.0314607930216337,1.6015275391647406,-2.4689915604599006,-2.204508338187593,-1.1035114077623198,0.8345982739793623,0.012773467069741,2.5498982898778784,0.1122417497262599,1.6714728959302667
30.0,149.0,217.80987548828125,-0.7399219093249991,0.6265199654248446,-3.3812386568411683,-3.115740592719888,-2.4970438835882924,0.4187495791001843,-0.1164287251613381,2.541142812644273,0.2703581298861386,2.0687642066891287
30.0,149.0,201.7044219970703,-0.6552952230338768,0.789537644755984,-3.131677153117997,-2.725862189701337,-1.327890814222953,0.7257755438118074,-0.0264966475501739,2.5879562114865826,0.2411740536822892,2.06908069814025
30.0,149.0,130.17884826660156,-0.0254986038941377,1.597901763186967,-2.4690386388414147,-2.2011035716890994,-1.1308183091852213,0.8547535540519632,0.0266444333300031,2.557189981958263,0.122886575401794,1.7215373757942565
30.0,149.0,207.52395629882807,-1.0172369141889488,0.5097226488719611,-3.674337809841004,-2.8353189978585056,-1.3644168602548383,0.7515932251121955,-0.0172059671688819,2.580125632767812,0.2261450789481383,2.063133829032119
30.0,149.0,131.0275115966797,-0.0300941791408053,1.5917029557930946,-2.4736354944710914,-2.179986158404016,-1.101528336860324,0.8807576840987235,0.0543171311855271,2.560955495354865,0.1339453615989479,1.7340583791588895
30.0,149.0,130.1885986328125,-0.0295589382472684,1.6011107095414818,-2.4695919545525054,-2.188479897814474,-1.1320610596372391,0.8440510046081918,0.023507772615345,2.5583430617459566,0.1215565334410269,1.7122852980188232
30.0,149.0,130.48095703125,-0.0263561790047711,1.6015253764683937,-2.465033074762451,-2.1926059126630406,-1.1161818080473769,0.8628217825825626,0.0520953320729586,2.564612183516153,0.1285528650702829,1.7237121779010771
30.0,149.0,220.53668212890625,-1.2171966783311097,0.4756538204269566,-3.473961005955754,-3.088961056374514,-1.704597891261704,0.4920041034137272,-0.0918239354140258,2.562499878329205,0.3992523830963432,2.654374933471221
30.0,149.0,130.18881225585938,-0.0248793790111791,1.595654370000214,-2.469512267741689,-2.201369270334053,-1.1297321265814966,0.8482632106222173,0.0286233851467247,2.557530048110019,0.1177150525666485,1.705979544962513
30.0,149.0,170.261474609375,-0.3043654106829667,1.4743560263103657,-2.471644416697039,-2.001086987157553,-1.0932626129026477,0.8327847177457688,-0.0104229519990668,2.54673313885527,0.0529506817270578,1.5247362111612963
30.0,149.0,202.07305908203125,-0.5913198112483224,0.771950545188603,-3.0203592555883976,-2.6017803067481746,-1.3000487108249943,0.8454072197524046,0.0533774586459374,2.5848886936271365,0.1193070434199166,1.8604054827243013
30.0,149.0,209.95681762695312,-0.8546054761373488,0.5561256830121146,-3.5196763665523463,-2.9998356632825494,-1.6631055522139582,0.5872105304760162,-0.0307104087849592,2.588951662564981,0.2473229352094717,1.9606851088631445
30.0,149.0,180.9757843017578,-1.8517977311508589,1.484829358578989,-2.8646515630835494,-2.3330328143076,-1.324308728161648,0.7335714837905816,0.0669089456915945,2.5547276506622687,0.1380743062776372,1.8790938989983288
30.0,149.0,205.4263153076172,-1.0610826982318322,0.7387432132212964,-3.5269101097837323,-2.588175478326636,-1.3746018730768372,0.7544874944278932,-0.0259144887775997,2.5909527780546773,0.210068459110206,2.063579531483645
30.0,149.0,134.2151336669922,-0.0266008127431463,1.6323175277400754,-2.4504389379909144,-2.2232325674742426,-1.1538495835806082,0.7585289697210993,-0.0434258704477416,2.559735147981925,0.1220146205643424,1.7274791794406383
30.0,149.0,130.2895050048828,-0.0286924762136469,1.5953937218262342,-2.467813950801939,-2.2004920466320965,-1.132997270524016,0.8396541351393457,0.018417032044962,2.5609478115692554,0.1167986398771738,1.7282877005213242
30.0,149.0,130.2588348388672,-0.0268155035225158,1.5978037115202774,-2.468611255640289,-2.2006720960248254,-1.1266289480841782,0.8503449998598901,0.0164581524357002,2.558106124629458,0.1212074184239656,1.7266150074366458
30.0,149.0,203.7299041748047,-1.4671963034076896,0.7718039591814964,-3.521820860113768,-2.7055890962796987,-1.3850800460590984,0.7492558679810841,0.0041742840984898,2.5864682179734686,0.2295821296873494,1.9406396168518183
30.0,149.0,240.0376892089844,-0.818985015422538,0.7325545795717203,-3.463958090524869,-3.1745869837099026,-1.9281247841715203,0.2058466922336207,-0.3766659363291286,2.6001316734345754,0.2265875295001577,2.1979228280822705
30.0,149.0,177.52542114257812,-0.1399147291481588,1.3104345384142884,-2.895616916085339,-2.370731695767934,-1.3128826466008157,0.8976919765709114,0.0257127932349606,2.6151636929432462,0.1563520672564393,1.8927211584930392
30.0,149.0,130.45645141601562,-0.0363739964700082,1.619359955371767,-2.459177339805861,-2.1949649169607794,-1.1299623045790108,0.8393373071625005,0.0394277542386456,2.559593844200528,0.1161289271195126,1.7227814271351625
30.0,149.0,130.36105346679688,-0.0338782421566046,1.6017324916814066,-2.465814574574928,-2.1848031553160268,-1.1185842769664722,0.8528023738124761,0.0421782803591058,2.563768976793345,0.1222206399665384,1.7143363672870386
30.0,149.0,132.70433044433594,-0.0260679572836913,1.59714211137754,-2.4676683417096785,-2.2091694577917385,-1.189496898589402,0.8508420964521336,0.0381465505315422,2.527529776462586,0.1274084326186782,1.679301363021844
30.0,149.0,130.84451293945312,-0.0245227331659557,1.5706987358833044,-2.477683004645756,-2.206850682761849,-1.1317718922713056,0.851447210336387,0.0274091555103019,2.548593405685752,0.1315999960234825,1.7408465497738068
30.0,149.0,209.853515625,-0.6115977473066232,0.7776220381257966,-3.835539989399004,-2.6171739805113914,-1.275521664933832,0.7366176474541036,-0.0458302544230463,2.584816162634513,0.2980722673261389,2.069972514370848
30.0,149.0,130.22564697265625,-0.0214510544350595,1.5974281253537082,-2.465324118754858,-2.200038912702706,-1.13162492088727,0.8556569027363466,0.0255109040588393,2.556767034022747,0.1257320018015135,1.7353762089986748
30.0,149.0,130.3667449951172,-0.0435493836624316,1.5974714306904658,-2.4691164840380138,-2.1949268937776822,-1.136253585065368,0.8477883401545055,0.0335944662093171,2.558639741583242,0.1150346607173672,1.7316614578618632
30.0,149.0,245.99302673339844,-0.7494604562313425,0.5827624451646062,-3.1978432976312727,-2.930434860001456,-2.589522757468941,0.4511330050359632,-0.2349149109541924,2.459352546895984,0.2558733024443547,1.86071018527782
30.0,149.0,210.119873046875,-0.7610068930568665,0.5642124147423887,-3.726421416211226,-2.7995431788777383,-1.3708891968054873,0.679066308131347,0.0234932080174868,2.5843400721228726,0.297657964549431,2.1950618999519365
30.0,149.0,131.1105499267578,-0.0221724311295,1.5947951088985624,-2.4558031736577384,-2.1836504418792217,-1.0892283745807336,0.8785077536370107,0.0372668804653603,2.556325821081627,0.1287718251508848,1.7389801576389194
30.0,149.0,215.4642791748047,-0.619272128359899,1.0161821115856564,-3.392347947738536,-3.718930889608517,-1.3159031693529706,0.8296082231312336,0.0283507836533688,2.580653015910745,0.2883060967232943,2.043397947376025
30.0,149.0,205.575927734375,-0.8160173862793221,0.5906195673798553,-3.5501247184478806,-2.9220737949502533,-1.5276746941164658,0.7254873283981647,-0.0189028447691116,2.5943872451814447,0.2168908645567235,1.9760531472632008
30.0,149.0,130.28216552734375,-0.0242035442288561,1.5940965146584818,-2.4689241813287084,-2.197349086968277,-1.132930784884895,0.854229313267734,0.0209273871509445,2.55611959757997,0.1225328713344367,1.705293367159446
30.0,149.0,130.62899780273438,-0.0242292787556977,1.6012337053711958,-2.464579507004121,-2.195260153281381,-1.1143679015637342,0.8785199711550532,0.0315793417836433,2.566001853923271,0.1282982925046728,1.7179030245262106
30.0,149.0,130.18907165527344,-0.0262528851207238,1.5974584251967272,-2.468816970185684,-2.200886649619457,-1.1276400649197336,0.8507476817299163,0.0244560118133023,2.558412121330832,0.1219603704325533,1.7273670293808945
30.0,149.0,211.49984741210932,-0.6023430394608064,0.6862990325442788,-3.3371353581117207,-2.8851573211860253,-1.389844403508281,0.7960834819435386,-0.0731183203058278,2.570385485955568,0.1939850410112546,2.062637422407674
30.0,149.0,131.7528076171875,-0.0455692697616977,1.6003806462928385,-2.452721285991705,-2.2087583536437267,-1.1274818503250237,0.8518848126412992,0.0250084433271677,2.5189138840781724,0.1258526217716163,1.7796754153046928
30.0,149.0,130.7288818359375,-0.0507139195495177,1.606872288365765,-2.470332824650721,-2.2079678649972885,-1.1378986008229088,0.8465948822525787,0.0433257203111648,2.5654042339769023,0.1602757251829291,1.7905635030790985
30.0,149.0,131.47850036621094,-0.0482109867575819,1.595070953507842,-2.465208919588046,-2.161356352001325,-1.1086535445559702,0.8742354972568628,0.0644758361680563,2.566171235006831,0.1290306267162363,1.7637249640635648
30.0,149.0,130.2548370361328,-0.0254141503274171,1.5987161180840013,-2.4729529382132345,-2.1962788705212986,-1.128966389489986,0.8593266770548573,0.0392410108495072,2.558146592534117,0.1214347451309442,1.7281968084339174
30.0,149.0,132.2544403076172,-0.0926571583604785,1.570975001003475,-2.498969002465269,-2.1902786377650174,-1.10818568383066,0.8655126752917419,0.0432246015150623,2.5563345600272336,0.1395084329354663,1.7904093128244234
30.0,150.0,164.09584045410156,0.0042246226570736,1.397906107723002,-2.6432532392976267,-2.24459307068032,-1.3188455952067126,0.7371239020376129,0.0710757892001441,2.565532135150081,0.1477168695475251,1.6989134998442454
30.0,150.0,201.4370574951172,-0.4540401323260987,0.8179070478135094,-3.314276906304189,-2.628539443785192,-1.3337882873665527,0.7127938785222587,-0.0269535484838654,2.590339428802196,0.2594558839508205,2.0689052243034824
30.0,150.0,130.29180908203125,-0.0255085092876812,1.6258127918083234,-2.4693973408227,-2.200423780683176,-1.1312746294892229,0.8414018488131316,0.0266935385396716,2.5536875180471554,0.123602131749791,1.7281141012101295
30.0,150.0,205.40724182128903,-1.2471719392371754,0.7338063691250966,-3.6956164114227614,-2.6893020048638974,-1.4361633841990469,0.7509499775402746,-0.0265320376388999,2.5844589496606782,0.2214973721181175,2.0621365244733765
30.0,150.0,130.3245391845703,-0.0108701403496236,1.5970702519922608,-2.470032282119932,-2.201468057535941,-1.1320155789258133,0.8500838956184517,0.0360247770330045,2.558440358496005,0.1225459104683589,1.7277477960167176
30.0,150.0,130.8968048095703,-0.0130541646245537,1.593922434430379,-2.46565693336918,-2.205010597545909,-1.1128288523686936,0.8738559420465596,0.0468691288696001,2.5645814587792013,0.1108213846711231,1.7112999884187647
30.0,150.0,130.18077087402344,-0.0260468902231209,1.5983578343990732,-2.468957577448791,-2.200842246581117,-1.1295603629790112,0.8551547161894129,0.0266838419047653,2.556337980567533,0.1228386601075636,1.7189292442938289
30.0,150.0,130.16143798828125,-0.0272023152773785,1.6069446120749649,-2.468516676953258,-2.20409920003219,-1.1308940967216718,0.8548204457026602,0.0243204370575271,2.559334902077458,0.1228453135480701,1.719390818105748
30.0,150.0,130.93048095703125,-0.0353700802854073,1.602553428401181,-2.473721387643772,-2.20726133830524,-1.1652476446951507,0.8323675442971922,0.0173605212836562,2.5661948506591448,0.1207187666399554,1.6548617815713436
30.0,150.0,217.80987548828125,-0.7399219093249991,0.6265199654248446,-3.3812386568411683,-3.115740592719888,-2.4970438835882924,0.4187495791001843,-0.1164287251613381,2.541142812644273,0.2703581298861386,2.0687642066891287
30.0,150.0,201.7044219970703,-0.6552952230338768,0.789537644755984,-3.131677153117997,-2.725862189701337,-1.327890814222953,0.7257755438118074,-0.0264966475501739,2.5879562114865826,0.2411740536822892,2.06908069814025
30.0,150.0,130.17884826660156,-0.0254986038941377,1.597901763186967,-2.4690386388414147,-2.2011035716890994,-1.1308183091852213,0.8547535540519632,0.0266444333300031,2.557189981958263,0.122886575401794,1.7215373757942565
30.0,150.0,207.52395629882807,-1.0172369141889488,0.5097226488719611,-3.674337809841004,-2.8353189978585056,-1.3644168602548383,0.7515932251121955,-0.0172059671688819,2.580125632767812,0.2261450789481383,2.063133829032119
30.0,150.0,131.0275115966797,-0.0300941791408053,1.5917029557930946,-2.4736354944710914,-2.179986158404016,-1.101528336860324,0.8807576840987235,0.0543171311855271,2.560955495354865,0.1339453615989479,1.7340583791588895
30.0,150.0,130.1885986328125,-0.0295589382472684,1.6011107095414818,-2.4695919545525054,-2.188479897814474,-1.1320610596372391,0.8440510046081918,0.023507772615345,2.5583430617459566,0.1215565334410269,1.7122852980188232
30.0,150.0,130.48095703125,-0.0263561790047711,1.6015253764683937,-2.465033074762451,-2.1926059126630406,-1.1161818080473769,0.8628217825825626,0.0520953320729586,2.564612183516153,0.1285528650702829,1.7237121779010771
30.0,150.0,220.53668212890625,-1.2171966783311097,0.4756538204269566,-3.473961005955754,-3.088961056374514,-1.704597891261704,0.4920041034137272,-0.0918239354140258,2.562499878329205,0.3992523830963432,2.654374933471221
30.0,150.0,130.18881225585938,-0.0248793790111791,1.595654370000214,-2.469512267741689,-2.201369270334053,-1.1297321265814966,0.8482632106222173,0.0286233851467247,2.557530048110019,0.1177150525666485,1.705979544962513
30.0,150.0,170.261474609375,-0.3043654106829667,1.4743560263103657,-2.471644416697039,-2.001086987157553,-1.0932626129026477,0.8327847177457688,-0.0104229519990668,2.54673313885527,0.0529506817270578,1.5247362111612963
30.0,150.0,155.56332397460938,-0.1470342957036836,1.6683466141158902,-2.4371904636595265,-2.3093040841036063,-1.3233602954227546,0.8458557198611475,0.0070441616334116,2.583585616230394,0.1307415899107391,1.7953996227933509
30.0,150.0,209.95681762695312,-0.8546054761373488,0.5561256830121146,-3.5196763665523463,-2.9998356632825494,-1.6631055522139582,0.5872105304760162,-0.0307104087849592,2.588951662564981,0.2473229352094717,1.9606851088631445
30.0,150.0,164.91798400878906,-0.1437161934618982,1.489606584521924,-2.846767052253764,-2.411167177334734,-1.270426390827592,0.8438405469531745,0.0600711944169592,2.561874767574003,0.1433483410966894,1.873594421911412
30.0,150.0,205.4263153076172,-1.0610826982318322,0.7387432132212964,-3.5269101097837323,-2.588175478326636,-1.3746018730768372,0.7544874944278932,-0.0259144887775997,2.5909527780546773,0.210068459110206,2.063579531483645
30.0,150.0,134.2151336669922,-0.0266008127431463,1.6323175277400754,-2.4504389379909144,-2.2232325674742426,-1.1538495835806082,0.7585289697210993,-0.0434258704477416,2.559735147981925,0.1220146205643424,1.7274791794406383
30.0,150.0,130.2895050048828,-0.0286924762136469,1.5953937218262342,-2.467813950801939,-2.2004920466320965,-1.132997270524016,0.8396541351393457,0.018417032044962,2.5609478115692554,0.1167986398771738,1.7282877005213242
30.0,150.0,130.2588348388672,-0.0268155035225158,1.5978037115202774,-2.468611255640289,-2.2006720960248254,-1.1266289480841782,0.8503449998598901,0.0164581524357002,2.558106124629458,0.1212074184239656,1.7266150074366458
30.0,150.0,203.7299041748047,-1.4671963034076896,0.7718039591814964,-3.521820860113768,-2.7055890962796987,-1.3850800460590984,0.7492558679810841,0.0041742840984898,2.5864682179734686,0.2295821296873494,1.9406396168518183
30.0,150.0,240.0376892089844,-0.818985015422538,0.7325545795717203,-3.463958090524869,-3.1745869837099026,-1.9281247841715203,0.2058466922336207,-0.3766659363291286,2.6001316734345754,0.2265875295001577,2.1979228280822705
30.0,150.0,177.52542114257812,-0.1399147291481588,1.3104345384142884,-2.895616916085339,-2.370731695767934,-1.3128826466008157,0.8976919765709114,0.0257127932349606,2.6151636929432462,0.1563520672564393,1.8927211584930392
30.0,150.0,130.45645141601562,-0.0363739964700082,1.619359955371767,-2.459177339805861,-2.1949649169607794,-1.1299623045790108,0.8393373071625005,0.0394277542386456,2.559593844200528,0.1161289271195126,1.7227814271351625
30.0,150.0,130.36105346679688,-0.0338782421566046,1.6017324916814066,-2.465814574574928,-2.1848031553160268,-1.1185842769664722,0.8528023738124761,0.0421782803591058,2.563768976793345,0.1222206399665384,1.7143363672870386
30.0,150.0,132.11358642578125,-0.0291429356248032,1.6228369936943725,-2.4661702195332285,-2.1875167526057826,-1.0833217599636178,0.8430164878295653,-0.0027698960741128,2.529427488015191,0.1156794698030942,1.7307592449274447
30.0,150.0,130.84451293945312,-0.0245227331659557,1.5706987358833044,-2.477683004645756,-2.206850682761849,-1.1317718922713056,0.851447210336387,0.0274091555103019,2.548593405685752,0.1315999960234825,1.7408465497738068
30.0,150.0,209.853515625,-0.6115977473066232,0.7776220381257966,-3.835539989399004,-2.6171739805113914,-1.275521664933832,0.7366176474541036,-0.0458302544230463,2.584816162634513,0.2980722673261389,2.069972514370848
30.0,150.0,130.22564697265625,-0.0214510544350595,1.5974281253537082,-2.465324118754858,-2.200038912702706,-1.13162492088727,0.8556569027363466,0.0255109040588393,2.556767034022747,0.1257320018015135,1.7353762089986748
30.0,150.0,130.3667449951172,-0.0435493836624316,1.5974714306904658,-2.4691164840380138,-2.1949268937776822,-1.136253585065368,0.8477883401545055,0.0335944662093171,2.558639741583242,0.1150346607173672,1.7316614578618632
30.0,150.0,245.99302673339844,-0.7494604562313425,0.5827624451646062,-3.1978432976312727,-2.930434860001456,-2.589522757468941,0.4511330050359632,-0.2349149109541924,2.459352546895984,0.2558733024443547,1.86071018527782
30.0,150.0,210.119873046875,-0.7610068930568665,0.5642124147423887,-3.726421416211226,-2.7995431788777383,-1.3708891968054873,0.679066308131347,0.0234932080174868,2.5843400721228726,0.297657964549431,2.1950618999519365
30.0,150.0,131.05609130859375,-0.0215538433416412,1.5995194144860367,-2.4697220880133743,-2.1735440863131488,-1.113698758477289,0.8714196247733786,0.0081581518331378,2.560074443634779,0.1194731501769217,1.7226644755676903
30.0,150.0,215.4642791748047,-0.619272128359899,1.0161821115856564,-3.392347947738536,-3.718930889608517,-1.3159031693529706,0.8296082231312336,0.0283507836533688,2.580653015910745,0.2883060967232943,2.043397947376025
30.0,150.0,205.575927734375,-0.8160173862793221,0.5906195673798553,-3.5501247184478806,-2.9220737949502533,-1.5276746941164658,0.7254873283981647,-0.0189028447691116,2.5943872451814447,0.2168908645567235,1.9760531472632008
30.0,150.0,130.16616821289062,-0.0250412808600715,1.608003031402457,-2.4684158451049134,-2.208235873547278,-1.1330666007547328,0.8548485673578002,0.0314002811069027,2.559573435833059,0.1230119524247558,1.7269533755390407
30.0,150.0,130.62899780273438,-0.0242292787556977,1.6012337053711958,-2.464579507004121,-2.195260153281381,-1.1143679015637342,0.8785199711550532,0.0315793417836433,2.566001853923271,0.1282982925046728,1.7179030245262106
30.0,150.0,130.18907165527344,-0.0262528851207238,1.5974584251967272,-2.468816970185684,-2.200886649619457,-1.1276400649197336,0.8507476817299163,0.0244560118133023,2.558412121330832,0.1219603704325533,1.7273670293808945
30.0,150.0,211.49984741210932,-0.6023430394608064,0.6862990325442788,-3.3371353581117207,-2.8851573211860253,-1.389844403508281,0.7960834819435386,-0.0731183203058278,2.570385485955568,0.1939850410112546,2.062637422407674
30.0,150.0,131.7528076171875,-0.0455692697616977,1.6003806462928385,-2.452721285991705,-2.2087583536437267,-1.1274818503250237,0.8518848126412992,0.0250084433271677,2.5189138840781724,0.1258526217716163,1.7796754153046928
30.0,150.0,130.7288818359375,-0.0507139195495177,1.606872288365765,-2.470332824650721,-2.2079678649972885,-1.1378986008229088,0.8465948822525787,0.0433257203111648,2.5654042339769023,0.1602757251829291,1.7905635030790985
30.0,150.0,131.47850036621094,-0.0482109867575819,1.595070953507842,-2.465208919588046,-2.161356352001325,-1.1086535445559702,0.8742354972568628,0.0644758361680563,2.566171235006831,0.1290306267162363,1.7637249640635648
30.0,150.0,130.15472412109375,-0.0263475386201413,1.6034435358923471,-2.473031179106798,-2.2002251381787823,-1.1306230406652376,0.8538126505300766,0.0337187634346841,2.5585343718560365,0.122816239835256,1.715614417459707
30.0,150.0,132.2544403076172,-0.0926571583604785,1.570975001003475,-2.498969002465269,-2.1902786377650174,-1.10818568383066,0.8655126752917419,0.0432246015150623,2.5563345600272336,0.1395084329354663,1.7904093128244234
30.0,151.0,164.09584045410156,0.0042246226570736,1.397906107723002,-2.6432532392976267,-2.24459307068032,-1.3188455952067126,0.7371239020376129,0.0710757892001441,2.565532135150081,0.1477168695475251,1.6989134998442454
30.0,151.0,201.4370574951172,-0.4540401323260987,0.8179070478135094,-3.314276906304189,-2.628539443785192,-1.3337882873665527,0.7127938785222587,-0.0269535484838654,2.590339428802196,0.2594558839508205,2.0689052243034824
30.0,151.0,130.29180908203125,-0.0255085092876812,1.6258127918083234,-2.4693973408227,-2.200423780683176,-1.1312746294892229,0.8414018488131316,0.0266935385396716,2.5536875180471554,0.123602131749791,1.7281141012101295
30.0,151.0,205.40724182128903,-1.2471719392371754,0.7338063691250966,-3.6956164114227614,-2.6893020048638974,-1.4361633841990469,0.7509499775402746,-0.0265320376388999,2.5844589496606782,0.2214973721181175,2.0621365244733765
30.0,151.0,130.3245391845703,-0.0108701403496236,1.5970702519922608,-2.470032282119932,-2.201468057535941,-1.1320155789258133,0.8500838956184517,0.0360247770330045,2.558440358496005,0.1225459104683589,1.7277477960167176
30.0,151.0,130.8968048095703,-0.0130541646245537,1.593922434430379,-2.46565693336918,-2.205010597545909,-1.1128288523686936,0.8738559420465596,0.0468691288696001,2.5645814587792013,0.1108213846711231,1.7112999884187647
30.0,151.0,130.18077087402344,-0.0260468902231209,1.5983578343990732,-2.468957577448791,-2.200842246581117,-1.1295603629790112,0.8551547161894129,0.0266838419047653,2.556337980567533,0.1228386601075636,1.7189292442938289
30.0,151.0,130.16143798828125,-0.0272023152773785,1.6069446120749649,-2.468516676953258,-2.20409920003219,-1.1308940967216718,0.8548204457026602,0.0243204370575271,2.559334902077458,0.1228453135480701,1.719390818105748
30.0,151.0,130.93048095703125,-0.0353700802854073,1.602553428401181,-2.473721387643772,-2.20726133830524,-1.1652476446951507,0.8323675442971922,0.0173605212836562,2.5661948506591448,0.1207187666399554,1.6548617815713436
30.0,151.0,217.80987548828125,-0.7399219093249991,0.6265199654248446,-3.3812386568411683,-3.115740592719888,-2.4970438835882924,0.4187495791001843,-0.1164287251613381,2.541142812644273,0.2703581298861386,2.0687642066891287
30.0,151.0,201.7044219970703,-0.6552952230338768,0.789537644755984,-3.131677153117997,-2.725862189701337,-1.327890814222953,0.7257755438118074,-0.0264966475501739,2.5879562114865826,0.2411740536822892,2.06908069814025
30.0,151.0,130.17884826660156,-0.0254986038941377,1.597901763186967,-2.4690386388414147,-2.2011035716890994,-1.1308183091852213,0.8547535540519632,0.0266444333300031,2.557189981958263,0.122886575401794,1.7215373757942565
30.0,151.0,207.52395629882807,-1.0172369141889488,0.5097226488719611,-3.674337809841004,-2.8353189978585056,-1.3644168602548383,0.7515932251121955,-0.0172059671688819,2.580125632767812,0.2261450789481383,2.063133829032119
30.0,151.0,131.0275115966797,-0.0300941791408053,1.5917029557930946,-2.4736354944710914,-2.179986158404016,-1.101528336860324,0.8807576840987235,0.0543171311855271,2.560955495354865,0.1339453615989479,1.7340583791588895
30.0,151.0,130.1885986328125,-0.0295589382472684,1.6011107095414818,-2.4695919545525054,-2.188479897814474,-1.1320610596372391,0.8440510046081918,0.023507772615345,2.5583430617459566,0.1215565334410269,1.7122852980188232
30.0,151.0,130.48095703125,-0.0263561790047711,1.6015253764683937,-2.465033074762451,-2.1926059126630406,-1.1161818080473769,0.8628217825825626,0.0520953320729586,2.564612183516153,0.1285528650702829,1.7237121779010771
30.0,151.0,220.53668212890625,-1.2171966783311097,0.4756538204269566,-3.473961005955754,-3.088961056374514,-1.704597891261704,0.4920041034137272,-0.0918239354140258,2.562499878329205,0.3992523830963432,2.654374933471221
30.0,151.0,130.18881225585938,-0.0248793790111791,1.595654370000214,-2.469512267741689,-2.201369270334053,-1.1297321265814966,0.8482632106222173,0.0286233851467247,2.557530048110019,0.1177150525666485,1.705979544962513
30.0,151.0,151.3677978515625,-0.2662641697755719,1.4677223391205243,-2.470065353511937,-2.113021265938422,-1.117219671877936,0.8314588234370501,0.0047048576123704,2.524465575325904,0.1609046536538942,1.730570644247126
30.0,151.0,155.56332397460938,-0.1470342957036836,1.6683466141158902,-2.4371904636595265,-2.3093040841036063,-1.3233602954227546,0.8458557198611475,0.0070441616334116,2.583585616230394,0.1307415899107391,1.7953996227933509
30.0,151.0,209.95681762695312,-0.8546054761373488,0.5561256830121146,-3.5196763665523463,-2.9998356632825494,-1.6631055522139582,0.5872105304760162,-0.0307104087849592,2.588951662564981,0.2473229352094717,1.9606851088631445
30.0,151.0,164.91798400878906,-0.1437161934618982,1.489606584521924,-2.846767052253764,-2.411167177334734,-1.270426390827592,0.8438405469531745,0.0600711944169592,2.561874767574003,0.1433483410966894,1.873594421911412
30.0,151.0,205.4263153076172,-1.0610826982318322,0.7387432132212964,-3.5269101097837323,-2.588175478326636,-1.3746018730768372,0.7544874944278932,-0.0259144887775997,2.5909527780546773,0.210068459110206,2.063579531483645
30.0,151.0,134.2151336669922,-0.0266008127431463,1.6323175277400754,-2.4504389379909144,-2.2232325674742426,-1.1538495835806082,0.7585289697210993,-0.0434258704477416,2.559735147981925,0.1220146205643424,1.7274791794406383
30.0,151.0,130.2895050048828,-0.0286924762136469,1.5953937218262342,-2.467813950801939,-2.2004920466320965,-1.132997270524016,0.8396541351393457,0.018417032044962,2.5609478115692554,0.1167986398771738,1.7282877005213242
30.0,151.0,130.2588348388672,-0.0268155035225158,1.5978037115202774,-2.468611255640289,-2.2006720960248254,-1.1266289480841782,0.8503449998598901,0.0164581524357002,2.558106124629458,0.1212074184239656,1.7266150074366458
30.0,151.0,203.7299041748047,-1.4671963034076896,0.7718039591814964,-3.521820860113768,-2.7055890962796987,-1.3850800460590984,0.7492558679810841,0.0041742840984898,2.5864682179734686,0.2295821296873494,1.9406396168518183
30.0,151.0,240.0376892089844,-0.818985015422538,0.7325545795717203,-3.463958090524869,-3.1745869837099026,-1.9281247841715203,0.2058466922336207,-0.3766659363291286,2.6001316734345754,0.2265875295001577,2.1979228280822705
30.0,151.0,177.52542114257812,-0.1399147291481588,1.3104345384142884,-2.895616916085339,-2.370731695767934,-1.3128826466008157,0.8976919765709114,0.0257127932349606,2.6151636929432462,0.1563520672564393,1.8927211584930392
30.0,151.0,130.45645141601562,-0.0363739964700082,1.619359955371767,-2.459177339805861,-2.1949649169607794,-1.1299623045790108,0.8393373071625005,0.0394277542386456,2.559593844200528,0.1161289271195126,1.7227814271351625
30.0,151.0,130.36105346679688,-0.0338782421566046,1.6017324916814066,-2.465814574574928,-2.1848031553160268,-1.1185842769664722,0.8528023738124761,0.0421782803591058,2.563768976793345,0.1222206399665384,1.7143363672870386
30.0,151.0,132.11358642578125,-0.0291429356248032,1.6228369936943725,-2.4661702195332285,-2.1875167526057826,-1.0833217599636178,0.8430164878295653,-0.0027698960741128,2.529427488015191,0.1156794698030942,1.7307592449274447
30.0,151.0,130.84451293945312,-0.0245227331659557,1.5706987358833044,-2.477683004645756,-2.206850682761849,-1.1317718922713056,0.851447210336387,0.0274091555103019,2.548593405685752,0.1315999960234825,1.7408465497738068
30.0,151.0,209.853515625,-0.6115977473066232,0.7776220381257966,-3.835539989399004,-2.6171739805113914,-1.275521664933832,0.7366176474541036,-0.0458302544230463,2.584816162634513,0.2980722673261389,2.069972514370848
30.0,151.0,130.22564697265625,-0.0214510544350595,1.5974281253537082,-2.465324118754858,-2.200038912702706,-1.13162492088727,0.8556569027363466,0.0255109040588393,2.556767034022747,0.1257320018015135,1.7353762089986748
30.0,151.0,130.3667449951172,-0.0435493836624316,1.5974714306904658,-2.4691164840380138,-2.1949268937776822,-1.136253585065368,0.8477883401545055,0.0335944662093171,2.558639741583242,0.1150346607173672,1.7316614578618632
30.0,151.0,245.99302673339844,-0.7494604562313425,0.5827624451646062,-3.1978432976312727,-2.930434860001456,-2.589522757468941,0.4511330050359632,-0.2349149109541924,2.459352546895984,0.2558733024443547,1.86071018527782
30.0,151.0,210.119873046875,-0.7610068930568665,0.5642124147423887,-3.726421416211226,-2.7995431788777383,-1.3708891968054873,0.679066308131347,0.0234932080174868,2.5843400721228726,0.297657964549431,2.1950618999519365
30.0,151.0,130.45436096191406,-0.0237217860756443,1.6041098692954812,-2.482922499163822,-2.222666958948273,-1.1362019902536615,0.8411625563356315,0.0266205044487393,2.5591261437981028,0.1283258143931809,1.706351365686484
30.0,151.0,215.4642791748047,-0.619272128359899,1.0161821115856564,-3.392347947738536,-3.718930889608517,-1.3159031693529706,0.8296082231312336,0.0283507836533688,2.580653015910745,0.2883060967232943,2.043397947376025
30.0,151.0,205.575927734375,-0.8160173862793221,0.5906195673798553,-3.5501247184478806,-2.9220737949502533,-1.5276746941164658,0.7254873283981647,-0.0189028447691116,2.5943872451814447,0.2168908645567235,1.9760531472632008
30.0,151.0,130.16616821289062,-0.0250412808600715,1.608003031402457,-2.4684158451049134,-2.208235873547278,-1.1330666007547328,0.8548485673578002,0.0314002811069027,2.559573435833059,0.1230119524247558,1.7269533755390407
30.0,151.0,130.62899780273438,-0.0242292787556977,1.6012337053711958,-2.464579507004121,-2.195260153281381,-1.1143679015637342,0.8785199711550532,0.0315793417836433,2.566001853923271,0.1282982925046728,1.7179030245262106
30.0,151.0,130.18907165527344,-0.0262528851207238,1.5974584251967272,-2.468816970185684,-2.200886649619457,-1.1276400649197336,0.8507476817299163,0.0244560118133023,2.558412121330832,0.1219603704325533,1.7273670293808945
30.0,151.0,211.49984741210932,-0.6023430394608064,0.6862990325442788,-3.3371353581117207,-2.8851573211860253,-1.389844403508281,0.7960834819435386,-0.0731183203058278,2.570385485955568,0.1939850410112546,2.062637422407674
30.0,151.0,131.7528076171875,-0.0455692697616977,1.6003806462928385,-2.452721285991705,-2.2087583536437267,-1.1274818503250237,0.8518848126412992,0.0250084433271677,2.5189138840781724,0.1258526217716163,1.7796754153046928
30.0,151.0,130.7288818359375,-0.0507139195495177,1.606872288365765,-2.470332824650721,-2.2079678649972885,-1.1378986008229088,0.8465948822525787,0.0433257203111648,2.5654042339769023,0.1602757251829291,1.7905635030790985
30.0,151.0,131.47850036621094,-0.0482109867575819,1.595070953507842,-2.465208919588046,-2.161356352001325,-1.1086535445559702,0.8742354972568628,0.0644758361680563,2.566171235006831,0.1290306267162363,1.7637249640635648
30.0,151.0,130.15472412109375,-0.0263475386201413,1.6034435358923471,-2.473031179106798,-2.2002251381787823,-1.1306230406652376,0.8538126505300766,0.0337187634346841,2.5585343718560365,0.122816239835256,1.715614417459707
30.0,151.0,132.2544403076172,-0.0926571583604785,1.570975001003475,-2.498969002465269,-2.1902786377650174,-1.10818568383066,0.8655126752917419,0.0432246015150623,2.5563345600272336,0.1395084329354663,1.7904093128244234
30.0,152.0,164.09584045410156,0.0042246226570736,1.397906107723002,-2.6432532392976267,-2.24459307068032,-1.3188455952067126,0.7371239020376129,0.0710757892001441,2.565532135150081,0.1477168695475251,1.6989134998442454
30.0,152.0,201.4370574951172,-0.4540401323260987,0.8179070478135094,-3.314276906304189,-2.628539443785192,-1.3337882873665527,0.7127938785222587,-0.0269535484838654,2.590339428802196,0.2594558839508205,2.0689052243034824
30.0,152.0,130.29180908203125,-0.0255085092876812,1.6258127918083234,-2.4693973408227,-2.200423780683176,-1.1312746294892229,0.8414018488131316,0.0266935385396716,2.5536875180471554,0.123602131749791,1.7281141012101295
30.0,152.0,205.40724182128903,-1.2471719392371754,0.7338063691250966,-3.6956164114227614,-2.6893020048638974,-1.4361633841990469,0.7509499775402746,-0.0265320376388999,2.5844589496606782,0.2214973721181175,2.0621365244733765
30.0,152.0,130.3245391845703,-0.0108701403496236,1.5970702519922608,-2.470032282119932,-2.201468057535941,-1.1320155789258133,0.8500838956184517,0.0360247770330045,2.558440358496005,0.1225459104683589,1.7277477960167176
30.0,152.0,130.8968048095703,-0.0130541646245537,1.593922434430379,-2.46565693336918,-2.205010597545909,-1.1128288523686936,0.8738559420465596,0.0468691288696001,2.5645814587792013,0.1108213846711231,1.7112999884187647
30.0,152.0,130.18077087402344,-0.0260468902231209,1.5983578343990732,-2.468957577448791,-2.200842246581117,-1.1295603629790112,0.8551547161894129,0.0266838419047653,2.556337980567533,0.1228386601075636,1.7189292442938289
30.0,152.0,130.15914916992188,-0.0276588789199077,1.6065836233462711,-2.4609272096969423,-2.2000620421306176,-1.1315358087627645,0.8546975580809032,0.0334943767703193,2.5582726095387134,0.1225461710425408,1.713789563694484
30.0,152.0,130.93048095703125,-0.0353700802854073,1.602553428401181,-2.473721387643772,-2.20726133830524,-1.1652476446951507,0.8323675442971922,0.0173605212836562,2.5661948506591448,0.1207187666399554,1.6548617815713436
30.0,152.0,217.80987548828125,-0.7399219093249991,0.6265199654248446,-3.3812386568411683,-3.115740592719888,-2.4970438835882924,0.4187495791001843,-0.1164287251613381,2.541142812644273,0.2703581298861386,2.0687642066891287
30.0,152.0,201.7044219970703,-0.6552952230338768,0.789537644755984,-3.131677153117997,-2.725862189701337,-1.327890814222953,0.7257755438118074,-0.0264966475501739,2.5879562114865826,0.2411740536822892,2.06908069814025
30.0,152.0,130.17884826660156,-0.0254986038941377,1.597901763186967,-2.4690386388414147,-2.2011035716890994,-1.1308183091852213,0.8547535540519632,0.0266444333300031,2.557189981958263,0.122886575401794,1.7215373757942565
30.0,152.0,207.52395629882807,-1.0172369141889488,0.5097226488719611,-3.674337809841004,-2.8353189978585056,-1.3644168602548383,0.7515932251121955,-0.0172059671688819,2.580125632767812,0.2261450789481383,2.063133829032119
30.0,152.0,131.0275115966797,-0.0300941791408053,1.5917029557930946,-2.4736354944710914,-2.179986158404016,-1.101528336860324,0.8807576840987235,0.0543171311855271,2.560955495354865,0.1339453615989479,1.7340583791588895
30.0,152.0,130.1885986328125,-0.0295589382472684,1.6011107095414818,-2.4695919545525054,-2.188479897814474,-1.1320610596372391,0.8440510046081918,0.023507772615345,2.5583430617459566,0.1215565334410269,1.7122852980188232
30.0,152.0,130.48095703125,-0.0263561790047711,1.6015253764683937,-2.465033074762451,-2.1926059126630406,-1.1161818080473769,0.8628217825825626,0.0520953320729586,2.564612183516153,0.1285528650702829,1.7237121779010771
30.0,152.0,220.53668212890625,-1.2171966783311097,0.4756538204269566,-3.473961005955754,-3.088961056374514,-1.704597891261704,0.4920041034137272,-0.0918239354140258,2.562499878329205,0.3992523830963432,2.654374933471221
30.0,152.0,130.18881225585938,-0.0248793790111791,1.595654370000214,-2.469512267741689,-2.201369270334053,-1.1297321265814966,0.8482632106222173,0.0286233851467247,2.557530048110019,0.1177150525666485,1.705979544962513
30.0,152.0,151.3677978515625,-0.2662641697755719,1.4677223391205243,-2.470065353511937,-2.113021265938422,-1.117219671877936,0.8314588234370501,0.0047048576123704,2.524465575325904,0.1609046536538942,1.730570644247126
30.0,152.0,155.56332397460938,-0.1470342957036836,1.6683466141158902,-2.4371904636595265,-2.3093040841036063,-1.3233602954227546,0.8458557198611475,0.0070441616334116,2.583585616230394,0.1307415899107391,1.7953996227933509
30.0,152.0,209.95681762695312,-0.8546054761373488,0.5561256830121146,-3.5196763665523463,-2.9998356632825494,-1.6631055522139582,0.5872105304760162,-0.0307104087849592,2.588951662564981,0.2473229352094717,1.9606851088631445
30.0,152.0,164.91798400878906,-0.1437161934618982,1.489606584521924,-2.846767052253764,-2.411167177334734,-1.270426390827592,0.8438405469531745,0.0600711944169592,2.561874767574003,0.1433483410966894,1.873594421911412
30.0,152.0,205.4263153076172,-1.0610826982318322,0.7387432132212964,-3.5269101097837323,-2.588175478326636,-1.3746018730768372,0.7544874944278932,-0.0259144887775997,2.5909527780546773,0.210068459110206,2.063579531483645
30.0,152.0,134.2151336669922,-0.0266008127431463,1.6323175277400754,-2.4504389379909144,-2.2232325674742426,-1.1538495835806082,0.7585289697210993,-0.0434258704477416,2.559735147981925,0.1220146205643424,1.7274791794406383
30.0,152.0,130.2895050048828,-0.0286924762136469,1.5953937218262342,-2.467813950801939,-2.2004920466320965,-1.132997270524016,0.8396541351393457,0.018417032044962,2.5609478115692554,0.1167986398771738,1.7282877005213242
30.0,152.0,130.2588348388672,-0.0268155035225158,1.5978037115202774,-2.468611255640289,-2.2006720960248254,-1.1266289480841782,0.8503449998598901,0.0164581524357002,2.558106124629458,0.1212074184239656,1.7266150074366458
30.0,152.0,203.7299041748047,-1.4671963034076896,0.7718039591814964,-3.521820860113768,-2.7055890962796987,-1.3850800460590984,0.7492558679810841,0.0041742840984898,2.5864682179734686,0.2295821296873494,1.9406396168518183
30.0,152.0,240.0376892089844,-0.818985015422538,0.7325545795717203,-3.463958090524869,-3.1745869837099026,-1.9281247841715203,0.2058466922336207,-0.3766659363291286,2.6001316734345754,0.2265875295001577,2.1979228280822705
30.0,152.0,177.52542114257812,-0.1399147291481588,1.3104345384142884,-2.895616916085339,-2.370731695767934,-1.3128826466008157,0.8976919765709114,0.0257127932349606,2.6151636929432462,0.1563520672564393,1.8927211584930392
30.0,152.0,130.45645141601562,-0.0363739964700082,1.619359955371767,-2.459177339805861,-2.1949649169607794,-1.1299623045790108,0.8393373071625005,0.0394277542386456,2.559593844200528,0.1161289271195126,1.7227814271351625
30.0,152.0,130.36105346679688,-0.0338782421566046,1.6017324916814066,-2.465814574574928,-2.1848031553160268,-1.1185842769664722,0.8528023738124761,0.0421782803591058,2.563768976793345,0.1222206399665384,1.7143363672870386
30.0,152.0,132.11358642578125,-0.0291429356248032,1.6228369936943725,-2.4661702195332285,-2.1875167526057826,-1.0833217599636178,0.8430164878295653,-0.0027698960741128,2.529427488015191,0.1156794698030942,1.7307592449274447
30.0,152.0,130.708984375,-0.0241914391519198,1.5894277198006217,-2.476653827970462,-2.19927739864821,-1.1096485179592503,0.8521672947277785,0.0217330199397099,2.5459647845236133,0.1232183840239203,1.748148357934591
30.0,152.0,209.853515625,-0.6115977473066232,0.7776220381257966,-3.835539989399004,-2.6171739805113914,-1.275521664933832,0.7366176474541036,-0.0458302544230463,2.584816162634513,0.2980722673261389,2.069972514370848
30.0,152.0,130.22564697265625,-0.0214510544350595,1.5974281253537082,-2.465324118754858,-2.200038912702706,-1.13162492088727,0.8556569027363466,0.0255109040588393,2.556767034022747,0.1257320018015135,1.7353762089986748
30.0,152.0,130.3667449951172,-0.0435493836624316,1.5974714306904658,-2.4691164840380138,-2.1949268937776822,-1.136253585065368,0.8477883401545055,0.0335944662093171,2.558639741583242,0.1150346607173672,1.7316614578618632
30.0,152.0,245.99302673339844,-0.7494604562313425,0.5827624451646062,-3.1978432976312727,-2.930434860001456,-2.589522757468941,0.4511330050359632,-0.2349149109541924,2.459352546895984,0.2558733024443547,1.86071018527782
30.0,152.0,210.119873046875,-0.7610068930568665,0.5642124147423887,-3.726421416211226,-2.7995431788777383,-1.3708891968054873,0.679066308131347,0.0234932080174868,2.5843400721228726,0.297657964549431,2.1950618999519365
30.0,152.0,130.35394287109375,-0.0290981216026936,1.605876460081576,-2.475122811260809,-2.207290461293004,-1.1435142590804306,0.8367276235706597,0.0394385738797747,2.558448667323204,0.125404652333642,1.710095285975288
30.0,152.0,215.4642791748047,-0.619272128359899,1.0161821115856564,-3.392347947738536,-3.718930889608517,-1.3159031693529706,0.8296082231312336,0.0283507836533688,2.580653015910745,0.2883060967232943,2.043397947376025
30.0,152.0,205.575927734375,-0.8160173862793221,0.5906195673798553,-3.5501247184478806,-2.9220737949502533,-1.5276746941164658,0.7254873283981647,-0.0189028447691116,2.5943872451814447,0.2168908645567235,1.9760531472632008
30.0,152.0,130.16616821289062,-0.0250412808600715,1.608003031402457,-2.4684158451049134,-2.208235873547278,-1.1330666007547328,0.8548485673578002,0.0314002811069027,2.559573435833059,0.1230119524247558,1.7269533755390407
30.0,152.0,130.62899780273438,-0.0242292787556977,1.6012337053711958,-2.464579507004121,-2.195260153281381,-1.1143679015637342,0.8785199711550532,0.0315793417836433,2.566001853923271,0.1282982925046728,1.7179030245262106
30.0,152.0,130.18907165527344,-0.0262528851207238,1.5974584251967272,-2.468816970185684,-2.200886649619457,-1.1276400649197336,0.8507476817299163,0.0244560118133023,2.558412121330832,0.1219603704325533,1.7273670293808945
30.0,152.0,211.49984741210932,-0.6023430394608064,0.6862990325442788,-3.3371353581117207,-2.8851573211860253,-1.389844403508281,0.7960834819435386,-0.0731183203058278,2.570385485955568,0.1939850410112546,2.062637422407674
30.0,152.0,131.7528076171875,-0.0455692697616977,1.6003806462928385,-2.452721285991705,-2.2087583536437267,-1.1274818503250237,0.8518848126412992,0.0250084433271677,2.5189138840781724,0.1258526217716163,1.7796754153046928
30.0,152.0,130.7288818359375,-0.0507139195495177,1.606872288365765,-2.470332824650721,-2.2079678649972885,-1.1378986008229088,0.8465948822525787,0.0433257203111648,2.5654042339769023,0.1602757251829291,1.7905635030790985
30.0,152.0,131.47850036621094,-0.0482109867575819,1.595070953507842,-2.465208919588046,-2.161356352001325,-1.1086535445559702,0.8742354972568628,0.0644758361680563,2.566171235006831,0.1290306267162363,1.7637249640635648
30.0,152.0,130.15472412109375,-0.0263475386201413,1.6034435358923471,-2.473031179106798,-2.2002251381787823,-1.1306230406652376,0.8538126505300766,0.0337187634346841,2.5585343718560365,0.122816239835256,1.715614417459707
30.0,152.0,132.2544403076172,-0.0926571583604785,1.570975001003475,-2.498969002465269,-2.1902786377650174,-1.10818568383066,0.8655126752917419,0.0432246015150623,2.5563345600272336,0.1395084329354663,1.7904093128244234
30.0,153.0,153.00799560546875,-0.049899597480978,1.795603310336937,-2.4638299730208164,-2.2132810739056343,-1.1237627000642914,0.8368151853878456,0.0222802455106978,2.56531568299751,0.1452012947837832,1.7100002067789004
30.0,153.0,201.4370574951172,-0.4540401323260987,0.8179070478135094,-3.314276906304189,-2.628539443785192,-1.3337882873665527,0.7127938785222587,-0.0269535484838654,2.590339428802196,0.2594558839508205,2.0689052243034824
30.0,153.0,130.29180908203125,-0.0255085092876812,1.6258127918083234,-2.4693973408227,-2.200423780683176,-1.1312746294892229,0.8414018488131316,0.0266935385396716,2.5536875180471554,0.123602131749791,1.7281141012101295
30.0,153.0,205.40724182128903,-1.2471719392371754,0.7338063691250966,-3.6956164114227614,-2.6893020048638974,-1.4361633841990469,0.7509499775402746,-0.0265320376388999,2.5844589496606782,0.2214973721181175,2.0621365244733765
30.0,153.0,130.3245391845703,-0.0108701403496236,1.5970702519922608,-2.470032282119932,-2.201468057535941,-1.1320155789258133,0.8500838956184517,0.0360247770330045,2.558440358496005,0.1225459104683589,1.7277477960167176
30.0,153.0,130.87567138671875,-0.0473073421366669,1.5833666110525335,-2.4745932512065902,-2.2061314981132325,-1.110829625134443,0.8485472286757606,0.0194043929044869,2.566216836563547,0.1205794446907989,1.718761765198406
30.0,153.0,130.18077087402344,-0.0260468902231209,1.5983578343990732,-2.468957577448791,-2.200842246581117,-1.1295603629790112,0.8551547161894129,0.0266838419047653,2.556337980567533,0.1228386601075636,1.7189292442938289
30.0,153.0,130.14947509765625,-0.0265878033432111,1.6057191627870409,-2.471715409892107,-2.198689063139184,-1.1321482627601072,0.8544690238115497,0.0344679859174902,2.5581475898083745,0.1223609757607841,1.7148494574260558
30.0,153.0,130.93048095703125,-0.0353700802854073,1.602553428401181,-2.473721387643772,-2.20726133830524,-1.1652476446951507,0.8323675442971922,0.0173605212836562,2.5661948506591448,0.1207187666399554,1.6548617815713436
30.0,153.0,217.80987548828125,-0.7399219093249991,0.6265199654248446,-3.3812386568411683,-3.115740592719888,-2.4970438835882924,0.4187495791001843,-0.1164287251613381,2.541142812644273,0.2703581298861386,2.0687642066891287
30.0,153.0,201.7044219970703,-0.6552952230338768,0.789537644755984,-3.131677153117997,-2.725862189701337,-1.327890814222953,0.7257755438118074,-0.0264966475501739,2.5879562114865826,0.2411740536822892,2.06908069814025
30.0,153.0,130.17884826660156,-0.0254986038941377,1.597901763186967,-2.4690386388414147,-2.2011035716890994,-1.1308183091852213,0.8547535540519632,0.0266444333300031,2.557189981958263,0.122886575401794,1.7215373757942565
30.0,153.0,207.52395629882807,-1.0172369141889488,0.5097226488719611,-3.674337809841004,-2.8353189978585056,-1.3644168602548383,0.7515932251121955,-0.0172059671688819,2.580125632767812,0.2261450789481383,2.063133829032119
30.0,153.0,131.0275115966797,-0.0300941791408053,1.5917029557930946,-2.4736354944710914,-2.179986158404016,-1.101528336860324,0.8807576840987235,0.0543171311855271,2.560955495354865,0.1339453615989479,1.7340583791588895
30.0,153.0,130.1885986328125,-0.0295589382472684,1.6011107095414818,-2.4695919545525054,-2.188479897814474,-1.1320610596372391,0.8440510046081918,0.023507772615345,2.5583430617459566,0.1215565334410269,1.7122852980188232
30.0,153.0,130.48095703125,-0.0263561790047711,1.6015253764683937,-2.465033074762451,-2.1926059126630406,-1.1161818080473769,0.8628217825825626,0.0520953320729586,2.564612183516153,0.1285528650702829,1.7237121779010771
30.0,153.0,220.53668212890625,-1.2171966783311097,0.4756538204269566,-3.473961005955754,-3.088961056374514,-1.704597891261704,0.4920041034137272,-0.0918239354140258,2.562499878329205,0.3992523830963432,2.654374933471221
30.0,153.0,130.18881225585938,-0.0248793790111791,1.595654370000214,-2.469512267741689,-2.201369270334053,-1.1297321265814966,0.8482632106222173,0.0286233851467247,2.557530048110019,0.1177150525666485,1.705979544962513
30.0,153.0,151.3677978515625,-0.2662641697755719,1.4677223391205243,-2.470065353511937,-2.113021265938422,-1.117219671877936,0.8314588234370501,0.0047048576123704,2.524465575325904,0.1609046536538942,1.730570644247126
30.0,153.0,146.35423278808594,-0.0590671670562645,1.4621711823003023,-2.5402860175598225,-2.25238323298417,-1.0220460566030696,0.8503337113942634,0.03636363916344,2.5687795803832625,0.1351012285910761,1.7932713533696611
30.0,153.0,209.95681762695312,-0.8546054761373488,0.5561256830121146,-3.5196763665523463,-2.9998356632825494,-1.6631055522139582,0.5872105304760162,-0.0307104087849592,2.588951662564981,0.2473229352094717,1.9606851088631445
30.0,153.0,164.91798400878906,-0.1437161934618982,1.489606584521924,-2.846767052253764,-2.411167177334734,-1.270426390827592,0.8438405469531745,0.0600711944169592,2.561874767574003,0.1433483410966894,1.873594421911412
30.0,153.0,205.4263153076172,-1.0610826982318322,0.7387432132212964,-3.5269101097837323,-2.588175478326636,-1.3746018730768372,0.7544874944278932,-0.0259144887775997,2.5909527780546773,0.210068459110206,2.063579531483645
30.0,153.0,134.2151336669922,-0.0266008127431463,1.6323175277400754,-2.4504389379909144,-2.2232325674742426,-1.1538495835806082,0.7585289697210993,-0.0434258704477416,2.559735147981925,0.1220146205643424,1.7274791794406383
30.0,153.0,130.2895050048828,-0.0286924762136469,1.5953937218262342,-2.467813950801939,-2.2004920466320965,-1.132997270524016,0.8396541351393457,0.018417032044962,2.5609478115692554,0.1167986398771738,1.7282877005213242
30.0,153.0,130.2588348388672,-0.0268155035225158,1.5978037115202774,-2.468611255640289,-2.2006720960248254,-1.1266289480841782,0.8503449998598901,0.0164581524357002,2.558106124629458,0.1212074184239656,1.7266150074366458
30.0,153.0,203.7299041748047,-1.4671963034076896,0.7718039591814964,-3.521820860113768,-2.7055890962796987,-1.3850800460590984,0.7492558679810841,0.0041742840984898,2.5864682179734686,0.2295821296873494,1.9406396168518183
30.0,153.0,240.0376892089844,-0.818985015422538,0.7325545795717203,-3.463958090524869,-3.1745869837099026,-1.9281247841715203,0.2058466922336207,-0.3766659363291286,2.6001316734345754,0.2265875295001577,2.1979228280822705
30.0,153.0,177.52542114257812,-0.1399147291481588,1.3104345384142884,-2.895616916085339,-2.370731695767934,-1.3128826466008157,0.8976919765709114,0.0257127932349606,2.6151636929432462,0.1563520672564393,1.8927211584930392
30.0,153.0,130.45645141601562,-0.0363739964700082,1.619359955371767,-2.459177339805861,-2.1949649169607794,-1.1299623045790108,0.8393373071625005,0.0394277542386456,2.559593844200528,0.1161289271195126,1.7227814271351625
30.0,153.0,130.36105346679688,-0.0338782421566046,1.6017324916814066,-2.465814574574928,-2.1848031553160268,-1.1185842769664722,0.8528023738124761,0.0421782803591058,2.563768976793345,0.1222206399665384,1.7143363672870386
30.0,153.0,130.74465942382812,-0.0292929325361082,1.5979920534928769,-2.4662116286490656,-2.177789478957376,-1.1009653521684113,0.8504094147236416,0.0136999228558057,2.554642732882973,0.1203535063021552,1.7195893813379906
30.0,153.0,130.708984375,-0.0241914391519198,1.5894277198006217,-2.476653827970462,-2.19927739864821,-1.1096485179592503,0.8521672947277785,0.0217330199397099,2.5459647845236133,0.1232183840239203,1.748148357934591
30.0,153.0,209.853515625,-0.6115977473066232,0.7776220381257966,-3.835539989399004,-2.6171739805113914,-1.275521664933832,0.7366176474541036,-0.0458302544230463,2.584816162634513,0.2980722673261389,2.069972514370848
30.0,153.0,130.22564697265625,-0.0214510544350595,1.5974281253537082,-2.465324118754858,-2.200038912702706,-1.13162492088727,0.8556569027363466,0.0255109040588393,2.556767034022747,0.1257320018015135,1.7353762089986748
30.0,153.0,130.22972106933594,-0.0145525552392131,1.603926995669682,-2.4685846918530583,-2.1981105493598787,-1.1305852983365927,0.8570387867196437,0.0265408269047751,2.559012577288978,0.1154030558169636,1.7190219868982075
30.0,153.0,245.99302673339844,-0.7494604562313425,0.5827624451646062,-3.1978432976312727,-2.930434860001456,-2.589522757468941,0.4511330050359632,-0.2349149109541924,2.459352546895984,0.2558733024443547,1.86071018527782
30.0,153.0,210.119873046875,-0.7610068930568665,0.5642124147423887,-3.726421416211226,-2.7995431788777383,-1.3708891968054873,0.679066308131347,0.0234932080174868,2.5843400721228726,0.297657964549431,2.1950618999519365
30.0,153.0,130.35394287109375,-0.0290981216026936,1.605876460081576,-2.475122811260809,-2.207290461293004,-1.1435142590804306,0.8367276235706597,0.0394385738797747,2.558448667323204,0.125404652333642,1.710095285975288
30.0,153.0,215.4642791748047,-0.619272128359899,1.0161821115856564,-3.392347947738536,-3.718930889608517,-1.3159031693529706,0.8296082231312336,0.0283507836533688,2.580653015910745,0.2883060967232943,2.043397947376025
30.0,153.0,205.575927734375,-0.8160173862793221,0.5906195673798553,-3.5501247184478806,-2.9220737949502533,-1.5276746941164658,0.7254873283981647,-0.0189028447691116,2.5943872451814447,0.2168908645567235,1.9760531472632008
30.0,153.0,130.16616821289062,-0.0250412808600715,1.608003031402457,-2.4684158451049134,-2.208235873547278,-1.1330666007547328,0.8548485673578002,0.0314002811069027,2.559573435833059,0.1230119524247558,1.7269533755390407
30.0,153.0,130.62899780273438,-0.0242292787556977,1.6012337053711958,-2.464579507004121,-2.195260153281381,-1.1143679015637342,0.8785199711550532,0.0315793417836433,2.566001853923271,0.1282982925046728,1.7179030245262106
30.0,153.0,130.18907165527344,-0.0262528851207238,1.5974584251967272,-2.468816970185684,-2.200886649619457,-1.1276400649197336,0.8507476817299163,0.0244560118133023,2.558412121330832,0.1219603704325533,1.7273670293808945
30.0,153.0,211.49984741210932,-0.6023430394608064,0.6862990325442788,-3.3371353581117207,-2.8851573211860253,-1.389844403508281,0.7960834819435386,-0.0731183203058278,2.570385485955568,0.1939850410112546,2.062637422407674
30.0,153.0,131.7528076171875,-0.0455692697616977,1.6003806462928385,-2.452721285991705,-2.2087583536437267,-1.1274818503250237,0.8518848126412992,0.0250084433271677,2.5189138840781724,0.1258526217716163,1.7796754153046928
30.0,153.0,130.7288818359375,-0.0507139195495177,1.606872288365765,-2.470332824650721,-2.2079678649972885,-1.1378986008229088,0.8465948822525787,0.0433257203111648,2.5654042339769023,0.1602757251829291,1.7905635030790985
30.0,153.0,131.47850036621094,-0.0482109867575819,1.595070953507842,-2.465208919588046,-2.161356352001325,-1.1086535445559702,0.8742354972568628,0.0644758361680563,2.566171235006831,0.1290306267162363,1.7637249640635648
30.0,153.0,130.15472412109375,-0.0263475386201413,1.6034435358923471,-2.473031179106798,-2.2002251381787823,-1.1306230406652376,0.8538126505300766,0.0337187634346841,2.5585343718560365,0.122816239835256,1.715614417459707
30.0,153.0,132.2544403076172,-0.0926571583604785,1.570975001003475,-2.498969002465269,-2.1902786377650174,-1.10818568383066,0.8655126752917419,0.0432246015150623,2.5563345600272336,0.1395084329354663,1.7904093128244234
30.0,154.0,134.47256469726562,-0.0306476066784143,1.554287453162975,-2.4482824963153944,-2.2073031265710896,-1.0715363582759887,0.8780772558853828,0.0153248732648984,2.561311078275496,0.1151111977585992,1.695698651417971
30.0,154.0,201.4370574951172,-0.4540401323260987,0.8179070478135094,-3.314276906304189,-2.628539443785192,-1.3337882873665527,0.7127938785222587,-0.0269535484838654,2.590339428802196,0.2594558839508205,2.0689052243034824
30.0,154.0,130.29180908203125,-0.0255085092876812,1.6258127918083234,-2.4693973408227,-2.200423780683176,-1.1312746294892229,0.8414018488131316,0.0266935385396716,2.5536875180471554,0.123602131749791,1.7281141012101295
30.0,154.0,205.40724182128903,-1.2471719392371754,0.7338063691250966,-3.6956164114227614,-2.6893020048638974,-1.4361633841990469,0.7509499775402746,-0.0265320376388999,2.5844589496606782,0.2214973721181175,2.0621365244733765
30.0,154.0,130.20700073242188,-0.0157415267511401,1.6083910389480145,-2.471133364002209,-2.1967638533300216,-1.133459095562101,0.8511843493479359,0.0398551817258278,2.5591227850746487,0.1219788928608195,1.7239692621202836
30.0,154.0,130.357421875,-0.0329120770452558,1.6175503420378397,-2.4706659035577485,-2.201228449142889,-1.133402909164287,0.8577700499072999,0.0277853089174569,2.566440582890257,0.1285983663764613,1.7166057473818237
30.0,154.0,130.18077087402344,-0.0260468902231209,1.5983578343990732,-2.468957577448791,-2.200842246581117,-1.1295603629790112,0.8551547161894129,0.0266838419047653,2.556337980567533,0.1228386601075636,1.7189292442938289
30.0,154.0,130.14947509765625,-0.0265878033432111,1.6057191627870409,-2.471715409892107,-2.198689063139184,-1.1321482627601072,0.8544690238115497,0.0344679859174902,2.5581475898083745,0.1223609757607841,1.7148494574260558
30.0,154.0,130.93048095703125,-0.0353700802854073,1.602553428401181,-2.473721387643772,-2.20726133830524,-1.1652476446951507,0.8323675442971922,0.0173605212836562,2.5661948506591448,0.1207187666399554,1.6548617815713436
30.0,154.0,217.80987548828125,-0.7399219093249991,0.6265199654248446,-3.3812386568411683,-3.115740592719888,-2.4970438835882924,0.4187495791001843,-0.1164287251613381,2.541142812644273,0.2703581298861386,2.0687642066891287
30.0,154.0,201.7044219970703,-0.6552952230338768,0.789537644755984,-3.131677153117997,-2.725862189701337,-1.327890814222953,0.7257755438118074,-0.0264966475501739,2.5879562114865826,0.2411740536822892,2.06908069814025
30.0,154.0,130.17884826660156,-0.0254986038941377,1.597901763186967,-2.4690386388414147,-2.2011035716890994,-1.1308183091852213,0.8547535540519632,0.0266444333300031,2.557189981958263,0.122886575401794,1.7215373757942565
30.0,154.0,207.52395629882807,-1.0172369141889488,0.5097226488719611,-3.674337809841004,-2.8353189978585056,-1.3644168602548383,0.7515932251121955,-0.0172059671688819,2.580125632767812,0.2261450789481383,2.063133829032119
30.0,154.0,131.0275115966797,-0.0300941791408053,1.5917029557930946,-2.4736354944710914,-2.179986158404016,-1.101528336860324,0.8807576840987235,0.0543171311855271,2.560955495354865,0.1339453615989479,1.7340583791588895
30.0,154.0,130.17825317382812,-0.0284646535872629,1.6021177926935344,-2.4726328795464263,-2.20920556864666,-1.1322836575180697,0.8522628873527283,0.026896844345292,2.558263170981496,0.1220260715950226,1.716426186623919
30.0,154.0,130.48095703125,-0.0263561790047711,1.6015253764683937,-2.465033074762451,-2.1926059126630406,-1.1161818080473769,0.8628217825825626,0.0520953320729586,2.564612183516153,0.1285528650702829,1.7237121779010771
30.0,154.0,220.53668212890625,-1.2171966783311097,0.4756538204269566,-3.473961005955754,-3.088961056374514,-1.704597891261704,0.4920041034137272,-0.0918239354140258,2.562499878329205,0.3992523830963432,2.654374933471221
30.0,154.0,130.18881225585938,-0.0248793790111791,1.595654370000214,-2.469512267741689,-2.201369270334053,-1.1297321265814966,0.8482632106222173,0.0286233851467247,2.557530048110019,0.1177150525666485,1.705979544962513
30.0,154.0,151.3677978515625,-0.2662641697755719,1.4677223391205243,-2.470065353511937,-2.113021265938422,-1.117219671877936,0.8314588234370501,0.0047048576123704,2.524465575325904,0.1609046536538942,1.730570644247126
30.0,154.0,146.35423278808594,-0.0590671670562645,1.4621711823003023,-2.5402860175598225,-2.25238323298417,-1.0220460566030696,0.8503337113942634,0.03636363916344,2.5687795803832625,0.1351012285910761,1.7932713533696611
30.0,154.0,209.95681762695312,-0.8546054761373488,0.5561256830121146,-3.5196763665523463,-2.9998356632825494,-1.6631055522139582,0.5872105304760162,-0.0307104087849592,2.588951662564981,0.2473229352094717,1.9606851088631445
30.0,154.0,164.91798400878906,-0.1437161934618982,1.489606584521924,-2.846767052253764,-2.411167177334734,-1.270426390827592,0.8438405469531745,0.0600711944169592,2.561874767574003,0.1433483410966894,1.873594421911412
30.0,154.0,205.4263153076172,-1.0610826982318322,0.7387432132212964,-3.5269101097837323,-2.588175478326636,-1.3746018730768372,0.7544874944278932,-0.0259144887775997,2.5909527780546773,0.210068459110206,2.063579531483645
30.0,154.0,134.2151336669922,-0.0266008127431463,1.6323175277400754,-2.4504389379909144,-2.2232325674742426,-1.1538495835806082,0.7585289697210993,-0.0434258704477416,2.559735147981925,0.1220146205643424,1.7274791794406383
30.0,154.0,130.2895050048828,-0.0286924762136469,1.5953937218262342,-2.467813950801939,-2.2004920466320965,-1.132997270524016,0.8396541351393457,0.018417032044962,2.5609478115692554,0.1167986398771738,1.7282877005213242
30.0,154.0,130.2588348388672,-0.0268155035225158,1.5978037115202774,-2.468611255640289,-2.2006720960248254,-1.1266289480841782,0.8503449998598901,0.0164581524357002,2.558106124629458,0.1212074184239656,1.7266150074366458
30.0,154.0,203.7299041748047,-1.4671963034076896,0.7718039591814964,-3.521820860113768,-2.7055890962796987,-1.3850800460590984,0.7492558679810841,0.0041742840984898,2.5864682179734686,0.2295821296873494,1.9406396168518183
30.0,154.0,240.0376892089844,-0.818985015422538,0.7325545795717203,-3.463958090524869,-3.1745869837099026,-1.9281247841715203,0.2058466922336207,-0.3766659363291286,2.6001316734345754,0.2265875295001577,2.1979228280822705
30.0,154.0,177.52542114257812,-0.1399147291481588,1.3104345384142884,-2.895616916085339,-2.370731695767934,-1.3128826466008157,0.8976919765709114,0.0257127932349606,2.6151636929432462,0.1563520672564393,1.8927211584930392
30.0,154.0,130.45645141601562,-0.0363739964700082,1.619359955371767,-2.459177339805861,-2.1949649169607794,-1.1299623045790108,0.8393373071625005,0.0394277542386456,2.559593844200528,0.1161289271195126,1.7227814271351625
30.0,154.0,130.24623107910156,-0.0298725900468851,1.615567266721298,-2.465753927348174,-2.1973054413551973,-1.1197814136233972,0.8513438100929269,0.0317918869008664,2.5552432465259383,0.1219616900130418,1.7151404183208523
30.0,154.0,130.74465942382812,-0.0292929325361082,1.5979920534928769,-2.4662116286490656,-2.177789478957376,-1.1009653521684113,0.8504094147236416,0.0136999228558057,2.554642732882973,0.1203535063021552,1.7195893813379906
30.0,154.0,130.708984375,-0.0241914391519198,1.5894277198006217,-2.476653827970462,-2.19927739864821,-1.1096485179592503,0.8521672947277785,0.0217330199397099,2.5459647845236133,0.1232183840239203,1.748148357934591
30.0,154.0,209.853515625,-0.6115977473066232,0.7776220381257966,-3.835539989399004,-2.6171739805113914,-1.275521664933832,0.7366176474541036,-0.0458302544230463,2.584816162634513,0.2980722673261389,2.069972514370848
30.0,154.0,130.22564697265625,-0.0214510544350595,1.5974281253537082,-2.465324118754858,-2.200038912702706,-1.13162492088727,0.8556569027363466,0.0255109040588393,2.556767034022747,0.1257320018015135,1.7353762089986748
30.0,154.0,130.22972106933594,-0.0145525552392131,1.603926995669682,-2.4685846918530583,-2.1981105493598787,-1.1305852983365927,0.8570387867196437,0.0265408269047751,2.559012577288978,0.1154030558169636,1.7190219868982075
30.0,154.0,245.99302673339844,-0.7494604562313425,0.5827624451646062,-3.1978432976312727,-2.930434860001456,-2.589522757468941,0.4511330050359632,-0.2349149109541924,2.459352546895984,0.2558733024443547,1.86071018527782
30.0,154.0,210.119873046875,-0.7610068930568665,0.5642124147423887,-3.726421416211226,-2.7995431788777383,-1.3708891968054873,0.679066308131347,0.0234932080174868,2.5843400721228726,0.297657964549431,2.1950618999519365
30.0,154.0,130.35394287109375,-0.0290981216026936,1.605876460081576,-2.475122811260809,-2.207290461293004,-1.1435142590804306,0.8367276235706597,0.0394385738797747,2.558448667323204,0.125404652333642,1.710095285975288
30.0,154.0,215.4642791748047,-0.619272128359899,1.0161821115856564,-3.392347947738536,-3.718930889608517,-1.3159031693529706,0.8296082231312336,0.0283507836533688,2.580653015910745,0.2883060967232943,2.043397947376025
30.0,154.0,205.575927734375,-0.8160173862793221,0.5906195673798553,-3.5501247184478806,-2.9220737949502533,-1.5276746941164658,0.7254873283981647,-0.0189028447691116,2.5943872451814447,0.2168908645567235,1.9760531472632008
30.0,154.0,130.16616821289062,-0.0250412808600715,1.608003031402457,-2.4684158451049134,-2.208235873547278,-1.1330666007547328,0.8548485673578002,0.0314002811069027,2.559573435833059,0.1230119524247558,1.7269533755390407
30.0,154.0,130.62899780273438,-0.0242292787556977,1.6012337053711958,-2.464579507004121,-2.195260153281381,-1.1143679015637342,0.8785199711550532,0.0315793417836433,2.566001853923271,0.1282982925046728,1.7179030245262106
30.0,154.0,130.18907165527344,-0.0262528851207238,1.5974584251967272,-2.468816970185684,-2.200886649619457,-1.1276400649197336,0.8507476817299163,0.0244560118133023,2.558412121330832,0.1219603704325533,1.7273670293808945
30.0,154.0,211.49984741210932,-0.6023430394608064,0.6862990325442788,-3.3371353581117207,-2.8851573211860253,-1.389844403508281,0.7960834819435386,-0.0731183203058278,2.570385485955568,0.1939850410112546,2.062637422407674
30.0,154.0,131.7528076171875,-0.0455692697616977,1.6003806462928385,-2.452721285991705,-2.2087583536437267,-1.1274818503250237,0.8518848126412992,0.0250084433271677,2.5189138840781724,0.1258526217716163,1.7796754153046928
30.0,154.0,130.7288818359375,-0.0507139195495177,1.606872288365765,-2.470332824650721,-2.2079678649972885,-1.1378986008229088,0.8465948822525787,0.0433257203111648,2.5654042339769023,0.1602757251829291,1.7905635030790985
30.0,154.0,131.47850036621094,-0.0482109867575819,1.595070953507842,-2.465208919588046,-2.161356352001325,-1.1086535445559702,0.8742354972568628,0.0644758361680563,2.566171235006831,0.1290306267162363,1.7637249640635648
30.0,154.0,130.15472412109375,-0.0263475386201413,1.6034435358923471,-2.473031179106798,-2.2002251381787823,-1.1306230406652376,0.8538126505300766,0.0337187634346841,2.5585343718560365,0.122816239835256,1.715614417459707
30.0,154.0,131.3859100341797,-0.0738877401124195,1.5916436312002809,-2.484764665880606,-2.232272085366175,-1.1349552031067485,0.8397701037857085,0.0253129017016149,2.5581716136810653,0.1407905510297673,1.7956443566409137
30.0,155.0,131.7202606201172,-0.0222646209069985,1.5595434328471824,-2.484063979302982,-2.185967494420196,-1.1103369531864336,0.8769810432625667,0.0271013014957709,2.555622866282106,0.1191547688943891,1.7136833410685266
30.0,155.0,201.4370574951172,-0.4540401323260987,0.8179070478135094,-3.314276906304189,-2.628539443785192,-1.3337882873665527,0.7127938785222587,-0.0269535484838654,2.590339428802196,0.2594558839508205,2.0689052243034824
30.0,155.0,130.27854919433594,-0.026145228566988,1.6034444924935922,-2.465685879205243,-2.199107908470015,-1.1299671271195684,0.829486231901659,0.0215291772917725,2.5525140628251903,0.1211853133404356,1.7144484368887227
30.0,155.0,205.40724182128903,-1.2471719392371754,0.7338063691250966,-3.6956164114227614,-2.6893020048638974,-1.4361633841990469,0.7509499775402746,-0.0265320376388999,2.5844589496606782,0.2214973721181175,2.0621365244733765
30.0,155.0,130.20045471191406,-0.0217747119534832,1.607842090564807,-2.472372016738597,-2.1970879452841903,-1.1334773102081028,0.8460318304652307,0.0384682923399739,2.5585741001246727,0.1221877754071861,1.7132538245816251
30.0,155.0,130.357421875,-0.0329120770452558,1.6175503420378397,-2.4706659035577485,-2.201228449142889,-1.133402909164287,0.8577700499072999,0.0277853089174569,2.566440582890257,0.1285983663764613,1.7166057473818237
30.0,155.0,130.18077087402344,-0.0260468902231209,1.5983578343990732,-2.468957577448791,-2.200842246581117,-1.1295603629790112,0.8551547161894129,0.0266838419047653,2.556337980567533,0.1228386601075636,1.7189292442938289
30.0,155.0,130.14947509765625,-0.0265878033432111,1.6057191627870409,-2.471715409892107,-2.198689063139184,-1.1321482627601072,0.8544690238115497,0.0344679859174902,2.5581475898083745,0.1223609757607841,1.7148494574260558
30.0,155.0,130.93048095703125,-0.0353700802854073,1.602553428401181,-2.473721387643772,-2.20726133830524,-1.1652476446951507,0.8323675442971922,0.0173605212836562,2.5661948506591448,0.1207187666399554,1.6548617815713436
30.0,155.0,217.80987548828125,-0.7399219093249991,0.6265199654248446,-3.3812386568411683,-3.115740592719888,-2.4970438835882924,0.4187495791001843,-0.1164287251613381,2.541142812644273,0.2703581298861386,2.0687642066891287
30.0,155.0,201.7044219970703,-0.6552952230338768,0.789537644755984,-3.131677153117997,-2.725862189701337,-1.327890814222953,0.7257755438118074,-0.0264966475501739,2.5879562114865826,0.2411740536822892,2.06908069814025
30.0,155.0,130.17884826660156,-0.0254986038941377,1.597901763186967,-2.4690386388414147,-2.2011035716890994,-1.1308183091852213,0.8547535540519632,0.0266444333300031,2.557189981958263,0.122886575401794,1.7215373757942565
30.0,155.0,207.52395629882807,-1.0172369141889488,0.5097226488719611,-3.674337809841004,-2.8353189978585056,-1.3644168602548383,0.7515932251121955,-0.0172059671688819,2.580125632767812,0.2261450789481383,2.063133829032119
30.0,155.0,131.0275115966797,-0.0300941791408053,1.5917029557930946,-2.4736354944710914,-2.179986158404016,-1.101528336860324,0.8807576840987235,0.0543171311855271,2.560955495354865,0.1339453615989479,1.7340583791588895
30.0,155.0,130.17825317382812,-0.0284646535872629,1.6021177926935344,-2.4726328795464263,-2.20920556864666,-1.1322836575180697,0.8522628873527283,0.026896844345292,2.558263170981496,0.1220260715950226,1.716426186623919
30.0,155.0,130.33106994628906,-0.0279063831612311,1.6062892186854678,-2.4675676969883047,-2.2041274894869627,-1.1164362371859493,0.8544059668014166,0.0225379041884396,2.557986371714308,0.1244265819387748,1.7224237971276566
30.0,155.0,220.53668212890625,-1.2171966783311097,0.4756538204269566,-3.473961005955754,-3.088961056374514,-1.704597891261704,0.4920041034137272,-0.0918239354140258,2.562499878329205,0.3992523830963432,2.654374933471221
30.0,155.0,130.18881225585938,-0.0248793790111791,1.595654370000214,-2.469512267741689,-2.201369270334053,-1.1297321265814966,0.8482632106222173,0.0286233851467247,2.557530048110019,0.1177150525666485,1.705979544962513
30.0,155.0,151.3677978515625,-0.2662641697755719,1.4677223391205243,-2.470065353511937,-2.113021265938422,-1.117219671877936,0.8314588234370501,0.0047048576123704,2.524465575325904,0.1609046536538942,1.730570644247126
30.0,155.0,146.35423278808594,-0.0590671670562645,1.4621711823003023,-2.5402860175598225,-2.25238323298417,-1.0220460566030696,0.8503337113942634,0.03636363916344,2.5687795803832625,0.1351012285910761,1.7932713533696611
30.0,155.0,209.95681762695312,-0.8546054761373488,0.5561256830121146,-3.5196763665523463,-2.9998356632825494,-1.6631055522139582,0.5872105304760162,-0.0307104087849592,2.588951662564981,0.2473229352094717,1.9606851088631445
30.0,155.0,164.91798400878906,-0.1437161934618982,1.489606584521924,-2.846767052253764,-2.411167177334734,-1.270426390827592,0.8438405469531745,0.0600711944169592,2.561874767574003,0.1433483410966894,1.873594421911412
30.0,155.0,205.4263153076172,-1.0610826982318322,0.7387432132212964,-3.5269101097837323,-2.588175478326636,-1.3746018730768372,0.7544874944278932,-0.0259144887775997,2.5909527780546773,0.210068459110206,2.063579531483645
30.0,155.0,134.2151336669922,-0.0266008127431463,1.6323175277400754,-2.4504389379909144,-2.2232325674742426,-1.1538495835806082,0.7585289697210993,-0.0434258704477416,2.559735147981925,0.1220146205643424,1.7274791794406383
30.0,155.0,130.25880432128906,-0.029964522282692,1.6139843385108616,-2.472121539699492,-2.200567129010893,-1.1273184147260908,0.8560555025610929,0.0257238030606882,2.5627699510032778,0.1290134385606911,1.7232447093377457
30.0,155.0,130.2588348388672,-0.0268155035225158,1.5978037115202774,-2.468611255640289,-2.2006720960248254,-1.1266289480841782,0.8503449998598901,0.0164581524357002,2.558106124629458,0.1212074184239656,1.7266150074366458
30.0,155.0,203.7299041748047,-1.4671963034076896,0.7718039591814964,-3.521820860113768,-2.7055890962796987,-1.3850800460590984,0.7492558679810841,0.0041742840984898,2.5864682179734686,0.2295821296873494,1.9406396168518183
30.0,155.0,240.0376892089844,-0.818985015422538,0.7325545795717203,-3.463958090524869,-3.1745869837099026,-1.9281247841715203,0.2058466922336207,-0.3766659363291286,2.6001316734345754,0.2265875295001577,2.1979228280822705
30.0,155.0,177.52542114257812,-0.1399147291481588,1.3104345384142884,-2.895616916085339,-2.370731695767934,-1.3128826466008157,0.8976919765709114,0.0257127932349606,2.6151636929432462,0.1563520672564393,1.8927211584930392
30.0,155.0,130.45645141601562,-0.0363739964700082,1.619359955371767,-2.459177339805861,-2.1949649169607794,-1.1299623045790108,0.8393373071625005,0.0394277542386456,2.559593844200528,0.1161289271195126,1.7227814271351625
30.0,155.0,130.2078399658203,-0.0350249315112979,1.603448147068413,-2.471929868705712,-2.1987529872935507,-1.1260965549181183,0.8565058699945272,0.0274709760473614,2.5560128913486824,0.1222111602168232,1.714722332430539
30.0,155.0,130.5966033935547,-0.0277618332380886,1.5954250211730845,-2.471694046803115,-2.1802030852812213,-1.10697394329138,0.855223399743654,0.0224792998089315,2.557458966132243,0.1222027480203375,1.6994998512491832
30.0,155.0,130.30319213867188,-0.0256383360554863,1.6162950046672215,-2.4718356906736574,-2.200556319201771,-1.1380057692619592,0.8523155994810866,0.0411897112958643,2.557896200624997,0.1216018084654769,1.6996851465269172
30.0,155.0,209.853515625,-0.6115977473066232,0.7776220381257966,-3.835539989399004,-2.6171739805113914,-1.275521664933832,0.7366176474541036,-0.0458302544230463,2.584816162634513,0.2980722673261389,2.069972514370848
30.0,155.0,130.22564697265625,-0.0214510544350595,1.5974281253537082,-2.465324118754858,-2.200038912702706,-1.13162492088727,0.8556569027363466,0.0255109040588393,2.556767034022747,0.1257320018015135,1.7353762089986748
30.0,155.0,130.22972106933594,-0.0145525552392131,1.603926995669682,-2.4685846918530583,-2.1981105493598787,-1.1305852983365927,0.8570387867196437,0.0265408269047751,2.559012577288978,0.1154030558169636,1.7190219868982075
30.0,155.0,245.99302673339844,-0.7494604562313425,0.5827624451646062,-3.1978432976312727,-2.930434860001456,-2.589522757468941,0.4511330050359632,-0.2349149109541924,2.459352546895984,0.2558733024443547,1.86071018527782
30.0,155.0,210.119873046875,-0.7610068930568665,0.5642124147423887,-3.726421416211226,-2.7995431788777383,-1.3708891968054873,0.679066308131347,0.0234932080174868,2.5843400721228726,0.297657964549431,2.1950618999519365
30.0,155.0,130.2893829345703,-0.029369527111691,1.610877091766587,-2.474180435608493,-2.210929323137224,-1.1366180859202484,0.8410629720254718,0.0372695261808652,2.55846890046998,0.1234414108467056,1.7150563071549505
30.0,155.0,215.4642791748047,-0.619272128359899,1.0161821115856564,-3.392347947738536,-3.718930889608517,-1.3159031693529706,0.8296082231312336,0.0283507836533688,2.580653015910745,0.2883060967232943,2.043397947376025
30.0,155.0,205.575927734375,-0.8160173862793221,0.5906195673798553,-3.5501247184478806,-2.9220737949502533,-1.5276746941164658,0.7254873283981647,-0.0189028447691116,2.5943872451814447,0.2168908645567235,1.9760531472632008
30.0,155.0,130.16616821289062,-0.0250412808600715,1.608003031402457,-2.4684158451049134,-2.208235873547278,-1.1330666007547328,0.8548485673578002,0.0314002811069027,2.559573435833059,0.1230119524247558,1.7269533755390407
30.0,155.0,130.62899780273438,-0.0242292787556977,1.6012337053711958,-2.464579507004121,-2.195260153281381,-1.1143679015637342,0.8785199711550532,0.0315793417836433,2.566001853923271,0.1282982925046728,1.7179030245262106
30.0,155.0,130.18907165527344,-0.0262528851207238,1.5974584251967272,-2.468816970185684,-2.200886649619457,-1.1276400649197336,0.8507476817299163,0.0244560118133023,2.558412121330832,0.1219603704325533,1.7273670293808945
30.0,155.0,211.49984741210932,-0.6023430394608064,0.6862990325442788,-3.3371353581117207,-2.8851573211860253,-1.389844403508281,0.7960834819435386,-0.0731183203058278,2.570385485955568,0.1939850410112546,2.062637422407674
30.0,155.0,131.7528076171875,-0.0455692697616977,1.6003806462928385,-2.452721285991705,-2.2087583536437267,-1.1274818503250237,0.8518848126412992,0.0250084433271677,2.5189138840781724,0.1258526217716163,1.7796754153046928
30.0,155.0,130.7288818359375,-0.0507139195495177,1.606872288365765,-2.470332824650721,-2.2079678649972885,-1.1378986008229088,0.8465948822525787,0.0433257203111648,2.5654042339769023,0.1602757251829291,1.7905635030790985
30.0,155.0,131.47850036621094,-0.0482109867575819,1.595070953507842,-2.465208919588046,-2.161356352001325,-1.1086535445559702,0.8742354972568628,0.0644758361680563,2.566171235006831,0.1290306267162363,1.7637249640635648
30.0,155.0,130.15472412109375,-0.0263475386201413,1.6034435358923471,-2.473031179106798,-2.2002251381787823,-1.1306230406652376,0.8538126505300766,0.0337187634346841,2.5585343718560365,0.122816239835256,1.715614417459707
30.0,155.0,131.3859100341797,-0.0738877401124195,1.5916436312002809,-2.484764665880606,-2.232272085366175,-1.1349552031067485,0.8397701037857085,0.0253129017016149,2.5581716136810653,0.1407905510297673,1.7956443566409137
30.0,156.0,131.45567321777344,-0.0243367344303416,1.5686819694442489,-2.4880352416033618,-2.195090715102197,-1.1599955927356953,0.8424307997322883,0.0458025948541941,2.553764834329694,0.1240185481584979,1.720996563932652
30.0,156.0,201.4370574951172,-0.4540401323260987,0.8179070478135094,-3.314276906304189,-2.628539443785192,-1.3337882873665527,0.7127938785222587,-0.0269535484838654,2.590339428802196,0.2594558839508205,2.0689052243034824
30.0,156.0,130.27854919433594,-0.026145228566988,1.6034444924935922,-2.465685879205243,-2.199107908470015,-1.1299671271195684,0.829486231901659,0.0215291772917725,2.5525140628251903,0.1211853133404356,1.7144484368887227
30.0,156.0,205.40724182128903,-1.2471719392371754,0.7338063691250966,-3.6956164114227614,-2.6893020048638974,-1.4361633841990469,0.7509499775402746,-0.0265320376388999,2.5844589496606782,0.2214973721181175,2.0621365244733765
30.0,156.0,130.17164611816406,-0.0276657204423328,1.6058212136835686,-2.4719631221210805,-2.200023925887909,-1.133325395029908,0.8476349401364388,0.0363707091626716,2.557537186861344,0.1222953879009348,1.7117000173913512
30.0,156.0,130.357421875,-0.0329120770452558,1.6175503420378397,-2.4706659035577485,-2.201228449142889,-1.133402909164287,0.8577700499072999,0.0277853089174569,2.566440582890257,0.1285983663764613,1.7166057473818237
30.0,156.0,130.18077087402344,-0.0260468902231209,1.5983578343990732,-2.468957577448791,-2.200842246581117,-1.1295603629790112,0.8551547161894129,0.0266838419047653,2.556337980567533,0.1228386601075636,1.7189292442938289
30.0,156.0,130.14947509765625,-0.0265878033432111,1.6057191627870409,-2.471715409892107,-2.198689063139184,-1.1321482627601072,0.8544690238115497,0.0344679859174902,2.5581475898083745,0.1223609757607841,1.7148494574260558
30.0,156.0,130.93048095703125,-0.0353700802854073,1.602553428401181,-2.473721387643772,-2.20726133830524,-1.1652476446951507,0.8323675442971922,0.0173605212836562,2.5661948506591448,0.1207187666399554,1.6548617815713436
30.0,156.0,217.80987548828125,-0.7399219093249991,0.6265199654248446,-3.3812386568411683,-3.115740592719888,-2.4970438835882924,0.4187495791001843,-0.1164287251613381,2.541142812644273,0.2703581298861386,2.0687642066891287
30.0,156.0,201.7044219970703,-0.6552952230338768,0.789537644755984,-3.131677153117997,-2.725862189701337,-1.327890814222953,0.7257755438118074,-0.0264966475501739,2.5879562114865826,0.2411740536822892,2.06908069814025
30.0,156.0,130.17884826660156,-0.0254986038941377,1.597901763186967,-2.4690386388414147,-2.2011035716890994,-1.1308183091852213,0.8547535540519632,0.0266444333300031,2.557189981958263,0.122886575401794,1.7215373757942565
30.0,156.0,207.52395629882807,-1.0172369141889488,0.5097226488719611,-3.674337809841004,-2.8353189978585056,-1.3644168602548383,0.7515932251121955,-0.0172059671688819,2.580125632767812,0.2261450789481383,2.063133829032119
30.0,156.0,131.0275115966797,-0.0300941791408053,1.5917029557930946,-2.4736354944710914,-2.179986158404016,-1.101528336860324,0.8807576840987235,0.0543171311855271,2.560955495354865,0.1339453615989479,1.7340583791588895
30.0,156.0,130.17825317382812,-0.0284646535872629,1.6021177926935344,-2.4726328795464263,-2.20920556864666,-1.1322836575180697,0.8522628873527283,0.026896844345292,2.558263170981496,0.1220260715950226,1.716426186623919
30.0,156.0,130.33106994628906,-0.0279063831612311,1.6062892186854678,-2.4675676969883047,-2.2041274894869627,-1.1164362371859493,0.8544059668014166,0.0225379041884396,2.557986371714308,0.1244265819387748,1.7224237971276566
30.0,156.0,220.53668212890625,-1.2171966783311097,0.4756538204269566,-3.473961005955754,-3.088961056374514,-1.704597891261704,0.4920041034137272,-0.0918239354140258,2.562499878329205,0.3992523830963432,2.654374933471221
30.0,156.0,130.18881225585938,-0.0248793790111791,1.595654370000214,-2.469512267741689,-2.201369270334053,-1.1297321265814966,0.8482632106222173,0.0286233851467247,2.557530048110019,0.1177150525666485,1.705979544962513
30.0,156.0,151.3677978515625,-0.2662641697755719,1.4677223391205243,-2.470065353511937,-2.113021265938422,-1.117219671877936,0.8314588234370501,0.0047048576123704,2.524465575325904,0.1609046536538942,1.730570644247126
30.0,156.0,146.35423278808594,-0.0590671670562645,1.4621711823003023,-2.5402860175598225,-2.25238323298417,-1.0220460566030696,0.8503337113942634,0.03636363916344,2.5687795803832625,0.1351012285910761,1.7932713533696611
30.0,156.0,209.95681762695312,-0.8546054761373488,0.5561256830121146,-3.5196763665523463,-2.9998356632825494,-1.6631055522139582,0.5872105304760162,-0.0307104087849592,2.588951662564981,0.2473229352094717,1.9606851088631445
30.0,156.0,164.91798400878906,-0.1437161934618982,1.489606584521924,-2.846767052253764,-2.411167177334734,-1.270426390827592,0.8438405469531745,0.0600711944169592,2.561874767574003,0.1433483410966894,1.873594421911412
30.0,156.0,205.4263153076172,-1.0610826982318322,0.7387432132212964,-3.5269101097837323,-2.588175478326636,-1.3746018730768372,0.7544874944278932,-0.0259144887775997,2.5909527780546773,0.210068459110206,2.063579531483645
30.0,156.0,134.2151336669922,-0.0266008127431463,1.6323175277400754,-2.4504389379909144,-2.2232325674742426,-1.1538495835806082,0.7585289697210993,-0.0434258704477416,2.559735147981925,0.1220146205643424,1.7274791794406383
30.0,156.0,130.25880432128906,-0.029964522282692,1.6139843385108616,-2.472121539699492,-2.200567129010893,-1.1273184147260908,0.8560555025610929,0.0257238030606882,2.5627699510032778,0.1290134385606911,1.7232447093377457
30.0,156.0,130.2588348388672,-0.0268155035225158,1.5978037115202774,-2.468611255640289,-2.2006720960248254,-1.1266289480841782,0.8503449998598901,0.0164581524357002,2.558106124629458,0.1212074184239656,1.7266150074366458
30.0,156.0,203.7299041748047,-1.4671963034076896,0.7718039591814964,-3.521820860113768,-2.7055890962796987,-1.3850800460590984,0.7492558679810841,0.0041742840984898,2.5864682179734686,0.2295821296873494,1.9406396168518183
30.0,156.0,240.0376892089844,-0.818985015422538,0.7325545795717203,-3.463958090524869,-3.1745869837099026,-1.9281247841715203,0.2058466922336207,-0.3766659363291286,2.6001316734345754,0.2265875295001577,2.1979228280822705
30.0,156.0,177.52542114257812,-0.1399147291481588,1.3104345384142884,-2.895616916085339,-2.370731695767934,-1.3128826466008157,0.8976919765709114,0.0257127932349606,2.6151636929432462,0.1563520672564393,1.8927211584930392
30.0,156.0,130.45645141601562,-0.0363739964700082,1.619359955371767,-2.459177339805861,-2.1949649169607794,-1.1299623045790108,0.8393373071625005,0.0394277542386456,2.559593844200528,0.1161289271195126,1.7227814271351625
30.0,156.0,130.20248413085938,-0.032706679097149,1.6023340665991934,-2.4739984214566304,-2.1993157008306845,-1.1378773256552177,0.8551476154452659,0.0330416509179903,2.556972004598205,0.1223790527381765,1.7145658296385422
30.0,156.0,130.5966033935547,-0.0277618332380886,1.5954250211730845,-2.471694046803115,-2.1802030852812213,-1.10697394329138,0.855223399743654,0.0224792998089315,2.557458966132243,0.1222027480203375,1.6994998512491832
30.0,156.0,130.30319213867188,-0.0256383360554863,1.6162950046672215,-2.4718356906736574,-2.200556319201771,-1.1380057692619592,0.8523155994810866,0.0411897112958643,2.557896200624997,0.1216018084654769,1.6996851465269172
30.0,156.0,209.853515625,-0.6115977473066232,0.7776220381257966,-3.835539989399004,-2.6171739805113914,-1.275521664933832,0.7366176474541036,-0.0458302544230463,2.584816162634513,0.2980722673261389,2.069972514370848
30.0,156.0,130.16502380371094,-0.0239276783461695,1.6030238110426818,-2.4653146602231515,-2.2009701662288146,-1.131527372590016,0.8555672664827669,0.0269128561979604,2.557857692761297,0.1243106809635768,1.7386928381685134
30.0,156.0,130.22972106933594,-0.0145525552392131,1.603926995669682,-2.4685846918530583,-2.1981105493598787,-1.1305852983365927,0.8570387867196437,0.0265408269047751,2.559012577288978,0.1154030558169636,1.7190219868982075
30.0,156.0,245.99302673339844,-0.7494604562313425,0.5827624451646062,-3.1978432976312727,-2.930434860001456,-2.589522757468941,0.4511330050359632,-0.2349149109541924,2.459352546895984,0.2558733024443547,1.86071018527782
30.0,156.0,210.119873046875,-0.7610068930568665,0.5642124147423887,-3.726421416211226,-2.7995431788777383,-1.3708891968054873,0.679066308131347,0.0234932080174868,2.5843400721228726,0.297657964549431,2.1950618999519365
30.0,156.0,130.18698120117188,-0.027843010021096,1.612745995575209,-2.474086090684364,-2.2026503280064813,-1.1398314683571875,0.8515383070985598,0.0333473484537252,2.558340000176982,0.1216333299188033,1.7154077159534218
30.0,156.0,215.4642791748047,-0.619272128359899,1.0161821115856564,-3.392347947738536,-3.718930889608517,-1.3159031693529706,0.8296082231312336,0.0283507836533688,2.580653015910745,0.2883060967232943,2.043397947376025
30.0,156.0,205.575927734375,-0.8160173862793221,0.5906195673798553,-3.5501247184478806,-2.9220737949502533,-1.5276746941164658,0.7254873283981647,-0.0189028447691116,2.5943872451814447,0.2168908645567235,1.9760531472632008
30.0,156.0,130.16616821289062,-0.0250412808600715,1.608003031402457,-2.4684158451049134,-2.208235873547278,-1.1330666007547328,0.8548485673578002,0.0314002811069027,2.559573435833059,0.1230119524247558,1.7269533755390407
30.0,156.0,130.62899780273438,-0.0242292787556977,1.6012337053711958,-2.464579507004121,-2.195260153281381,-1.1143679015637342,0.8785199711550532,0.0315793417836433,2.566001853923271,0.1282982925046728,1.7179030245262106
30.0,156.0,130.18907165527344,-0.0262528851207238,1.5974584251967272,-2.468816970185684,-2.200886649619457,-1.1276400649197336,0.8507476817299163,0.0244560118133023,2.558412121330832,0.1219603704325533,1.7273670293808945
30.0,156.0,211.49984741210932,-0.6023430394608064,0.6862990325442788,-3.3371353581117207,-2.8851573211860253,-1.389844403508281,0.7960834819435386,-0.0731183203058278,2.570385485955568,0.1939850410112546,2.062637422407674
30.0,156.0,130.80540466308594,-0.0457458415908259,1.592019978671002,-2.478315594894324,-2.1943073591704247,-1.1294794184553647,0.8518566862361483,0.0315811448420636,2.5804633732505806,0.1196419989834061,1.6810327291419662
30.0,156.0,130.7288818359375,-0.0507139195495177,1.606872288365765,-2.470332824650721,-2.2079678649972885,-1.1378986008229088,0.8465948822525787,0.0433257203111648,2.5654042339769023,0.1602757251829291,1.7905635030790985
30.0,156.0,131.47850036621094,-0.0482109867575819,1.595070953507842,-2.465208919588046,-2.161356352001325,-1.1086535445559702,0.8742354972568628,0.0644758361680563,2.566171235006831,0.1290306267162363,1.7637249640635648
30.0,156.0,130.15472412109375,-0.0263475386201413,1.6034435358923471,-2.473031179106798,-2.2002251381787823,-1.1306230406652376,0.8538126505300766,0.0337187634346841,2.5585343718560365,0.122816239835256,1.715614417459707
30.0,156.0,131.2361602783203,-0.0220692456970595,1.59744718855561,-2.4749331952861127,-2.242386412278529,-1.1309225678285506,0.8523441005269395,0.033251440959556,2.5580831916685187,0.1558555047697084,1.8390339515386167
30.0,157.0,130.5635528564453,-0.0281390207439314,1.602227458756918,-2.4826399931839727,-2.2024671500014827,-1.1592945303024598,0.8326625085253692,0.0351923197237663,2.5534306390469235,0.1255061083330188,1.715992077137808
30.0,157.0,201.4370574951172,-0.4540401323260987,0.8179070478135094,-3.314276906304189,-2.628539443785192,-1.3337882873665527,0.7127938785222587,-0.0269535484838654,2.590339428802196,0.2594558839508205,2.0689052243034824
30.0,157.0,130.27854919433594,-0.026145228566988,1.6034444924935922,-2.465685879205243,-2.199107908470015,-1.1299671271195684,0.829486231901659,0.0215291772917725,2.5525140628251903,0.1211853133404356,1.7144484368887227
30.0,157.0,205.40724182128903,-1.2471719392371754,0.7338063691250966,-3.6956164114227614,-2.6893020048638974,-1.4361633841990469,0.7509499775402746,-0.0265320376388999,2.5844589496606782,0.2214973721181175,2.0621365244733765
30.0,157.0,130.17164611816406,-0.0276657204423328,1.6058212136835686,-2.4719631221210805,-2.200023925887909,-1.133325395029908,0.8476349401364388,0.0363707091626716,2.557537186861344,0.1222953879009348,1.7117000173913512
30.0,157.0,130.24237060546875,-0.0283320943367211,1.6155298937082458,-2.471657042849429,-2.20065765547756,-1.1380042540115165,0.8562814864983875,0.0313665243468795,2.5650982837070297,0.1222976670929457,1.7171670916829036
30.0,157.0,130.18077087402344,-0.0260468902231209,1.5983578343990732,-2.468957577448791,-2.200842246581117,-1.1295603629790112,0.8551547161894129,0.0266838419047653,2.556337980567533,0.1228386601075636,1.7189292442938289
30.0,157.0,130.14947509765625,-0.0265878033432111,1.6057191627870409,-2.471715409892107,-2.198689063139184,-1.1321482627601072,0.8544690238115497,0.0344679859174902,2.5581475898083745,0.1223609757607841,1.7148494574260558
30.0,157.0,130.751708984375,-0.0295694506453053,1.6089998371416658,-2.467391160501682,-2.210324387905544,-1.13784379946253,0.855110845744154,0.0219275827343298,2.5694756915919346,0.1242560777464212,1.7905352909781425
30.0,157.0,217.80987548828125,-0.7399219093249991,0.6265199654248446,-3.3812386568411683,-3.115740592719888,-2.4970438835882924,0.4187495791001843,-0.1164287251613381,2.541142812644273,0.2703581298861386,2.0687642066891287
30.0,157.0,201.7044219970703,-0.6552952230338768,0.789537644755984,-3.131677153117997,-2.725862189701337,-1.327890814222953,0.7257755438118074,-0.0264966475501739,2.5879562114865826,0.2411740536822892,2.06908069814025
30.0,157.0,130.17884826660156,-0.0254986038941377,1.597901763186967,-2.4690386388414147,-2.2011035716890994,-1.1308183091852213,0.8547535540519632,0.0266444333300031,2.557189981958263,0.122886575401794,1.7215373757942565
30.0,157.0,207.52395629882807,-1.0172369141889488,0.5097226488719611,-3.674337809841004,-2.8353189978585056,-1.3644168602548383,0.7515932251121955,-0.0172059671688819,2.580125632767812,0.2261450789481383,2.063133829032119
30.0,157.0,131.0275115966797,-0.0300941791408053,1.5917029557930946,-2.4736354944710914,-2.179986158404016,-1.101528336860324,0.8807576840987235,0.0543171311855271,2.560955495354865,0.1339453615989479,1.7340583791588895
30.0,157.0,130.12234497070312,-0.0281963023023564,1.607983138766233,-2.47207220348178,-2.1982003957362166,-1.1322205757454529,0.847318403553332,0.0241631196656896,2.558210017809466,0.1219390633187435,1.7150237467066978
30.0,157.0,130.33106994628906,-0.0279063831612311,1.6062892186854678,-2.4675676969883047,-2.2041274894869627,-1.1164362371859493,0.8544059668014166,0.0225379041884396,2.557986371714308,0.1244265819387748,1.7224237971276566
30.0,157.0,220.53668212890625,-1.2171966783311097,0.4756538204269566,-3.473961005955754,-3.088961056374514,-1.704597891261704,0.4920041034137272,-0.0918239354140258,2.562499878329205,0.3992523830963432,2.654374933471221
30.0,157.0,130.14657592773438,-0.0252436364348085,1.6147939355247436,-2.467687244636643,-2.198296556735403,-1.132132149962899,0.8561075125035819,0.0330077291067336,2.5584814784758354,0.1200828489731299,1.714419895822393
30.0,157.0,151.3677978515625,-0.2662641697755719,1.4677223391205243,-2.470065353511937,-2.113021265938422,-1.117219671877936,0.8314588234370501,0.0047048576123704,2.524465575325904,0.1609046536538942,1.730570644247126
30.0,157.0,146.35423278808594,-0.0590671670562645,1.4621711823003023,-2.5402860175598225,-2.25238323298417,-1.0220460566030696,0.8503337113942634,0.03636363916344,2.5687795803832625,0.1351012285910761,1.7932713533696611
30.0,157.0,193.9613037109375,-0.3075383373017628,1.546724999954208,-2.537338326221394,-2.187983668170705,-1.2146620460955737,0.6379227342950066,0.1658223778650231,2.5465474994567225,0.1936427384170718,1.80377066196103
30.0,157.0,164.91798400878906,-0.1437161934618982,1.489606584521924,-2.846767052253764,-2.411167177334734,-1.270426390827592,0.8438405469531745,0.0600711944169592,2.561874767574003,0.1433483410966894,1.873594421911412
30.0,157.0,205.4263153076172,-1.0610826982318322,0.7387432132212964,-3.5269101097837323,-2.588175478326636,-1.3746018730768372,0.7544874944278932,-0.0259144887775997,2.5909527780546773,0.210068459110206,2.063579531483645
30.0,157.0,134.2151336669922,-0.0266008127431463,1.6323175277400754,-2.4504389379909144,-2.2232325674742426,-1.1538495835806082,0.7585289697210993,-0.0434258704477416,2.559735147981925,0.1220146205643424,1.7274791794406383
30.0,157.0,130.18515014648438,-0.0314610992520142,1.609639749233936,-2.4750214290988746,-2.198689253255808,-1.134565952646198,0.8536162726413422,0.0298215458323615,2.557808561406277,0.1243996244166793,1.7248276384408174
30.0,157.0,130.2588348388672,-0.0268155035225158,1.5978037115202774,-2.468611255640289,-2.2006720960248254,-1.1266289480841782,0.8503449998598901,0.0164581524357002,2.558106124629458,0.1212074184239656,1.7266150074366458
30.0,157.0,203.7299041748047,-1.4671963034076896,0.7718039591814964,-3.521820860113768,-2.7055890962796987,-1.3850800460590984,0.7492558679810841,0.0041742840984898,2.5864682179734686,0.2295821296873494,1.9406396168518183
30.0,157.0,240.0376892089844,-0.818985015422538,0.7325545795717203,-3.463958090524869,-3.1745869837099026,-1.9281247841715203,0.2058466922336207,-0.3766659363291286,2.6001316734345754,0.2265875295001577,2.1979228280822705
30.0,157.0,177.52542114257812,-0.1399147291481588,1.3104345384142884,-2.895616916085339,-2.370731695767934,-1.3128826466008157,0.8976919765709114,0.0257127932349606,2.6151636929432462,0.1563520672564393,1.8927211584930392
30.0,157.0,130.45645141601562,-0.0363739964700082,1.619359955371767,-2.459177339805861,-2.1949649169607794,-1.1299623045790108,0.8393373071625005,0.0394277542386456,2.559593844200528,0.1161289271195126,1.7227814271351625
30.0,157.0,130.1726531982422,-0.02187738092452,1.6069456390122383,-2.4718337158088537,-2.198854309170023,-1.1388231632243635,0.8535326926247407,0.0357541459886722,2.5586697611398086,0.1224151290418882,1.715045960649884
30.0,157.0,130.2286834716797,-0.0271826698003397,1.6145985740423054,-2.4715464473642084,-2.2092197202824924,-1.1394229843027128,0.8541174431154692,0.0225454668945235,2.557668279222869,0.1222537644706667,1.7182035055492069
30.0,157.0,130.30319213867188,-0.0256383360554863,1.6162950046672215,-2.4718356906736574,-2.200556319201771,-1.1380057692619592,0.8523155994810866,0.0411897112958643,2.557896200624997,0.1216018084654769,1.6996851465269172
30.0,157.0,209.853515625,-0.6115977473066232,0.7776220381257966,-3.835539989399004,-2.6171739805113914,-1.275521664933832,0.7366176474541036,-0.0458302544230463,2.584816162634513,0.2980722673261389,2.069972514370848
30.0,157.0,130.15554809570312,-0.028276017672726,1.6088873765647975,-2.4619169578748834,-2.1970794184713225,-1.1314964652939974,0.8525034848377047,0.034897608315422,2.5590669093892884,0.1227354089024558,1.73789585742042
30.0,157.0,130.22972106933594,-0.0145525552392131,1.603926995669682,-2.4685846918530583,-2.1981105493598787,-1.1305852983365927,0.8570387867196437,0.0265408269047751,2.559012577288978,0.1154030558169636,1.7190219868982075
30.0,157.0,245.99302673339844,-0.7494604562313425,0.5827624451646062,-3.1978432976312727,-2.930434860001456,-2.589522757468941,0.4511330050359632,-0.2349149109541924,2.459352546895984,0.2558733024443547,1.86071018527782
30.0,157.0,210.119873046875,-0.7610068930568665,0.5642124147423887,-3.726421416211226,-2.7995431788777383,-1.3708891968054873,0.679066308131347,0.0234932080174868,2.5843400721228726,0.297657964549431,2.1950618999519365
30.0,157.0,130.18698120117188,-0.027843010021096,1.612745995575209,-2.474086090684364,-2.2026503280064813,-1.1398314683571875,0.8515383070985598,0.0333473484537252,2.558340000176982,0.1216333299188033,1.7154077159534218
30.0,157.0,215.4642791748047,-0.619272128359899,1.0161821115856564,-3.392347947738536,-3.718930889608517,-1.3159031693529706,0.8296082231312336,0.0283507836533688,2.580653015910745,0.2883060967232943,2.043397947376025
30.0,157.0,205.575927734375,-0.8160173862793221,0.5906195673798553,-3.5501247184478806,-2.9220737949502533,-1.5276746941164658,0.7254873283981647,-0.0189028447691116,2.5943872451814447,0.2168908645567235,1.9760531472632008
30.0,157.0,130.13316345214844,-0.0227586929501421,1.6081043275543792,-2.4682856111991627,-2.1932304090971884,-1.1331419185378844,0.8550593768296066,0.0317013919848782,2.5581726997599663,0.1222957614446536,1.7206188887985865
30.0,157.0,130.62899780273438,-0.0242292787556977,1.6012337053711958,-2.464579507004121,-2.195260153281381,-1.1143679015637342,0.8785199711550532,0.0315793417836433,2.566001853923271,0.1282982925046728,1.7179030245262106
30.0,157.0,130.18907165527344,-0.0262528851207238,1.5974584251967272,-2.468816970185684,-2.200886649619457,-1.1276400649197336,0.8507476817299163,0.0244560118133023,2.558412121330832,0.1219603704325533,1.7273670293808945
30.0,157.0,211.49984741210932,-0.6023430394608064,0.6862990325442788,-3.3371353581117207,-2.8851573211860253,-1.389844403508281,0.7960834819435386,-0.0731183203058278,2.570385485955568,0.1939850410112546,2.062637422407674
30.0,157.0,130.80540466308594,-0.0457458415908259,1.592019978671002,-2.478315594894324,-2.1943073591704247,-1.1294794184553647,0.8518566862361483,0.0315811448420636,2.5804633732505806,0.1196419989834061,1.6810327291419662
30.0,157.0,130.7288818359375,-0.0507139195495177,1.606872288365765,-2.470332824650721,-2.2079678649972885,-1.1378986008229088,0.8465948822525787,0.0433257203111648,2.5654042339769023,0.1602757251829291,1.7905635030790985
30.0,157.0,131.47850036621094,-0.0482109867575819,1.595070953507842,-2.465208919588046,-2.161356352001325,-1.1086535445559702,0.8742354972568628,0.0644758361680563,2.566171235006831,0.1290306267162363,1.7637249640635648
30.0,157.0,130.15472412109375,-0.0263475386201413,1.6034435358923471,-2.473031179106798,-2.2002251381787823,-1.1306230406652376,0.8538126505300766,0.0337187634346841,2.5585343718560365,0.122816239835256,1.715614417459707
30.0,157.0,131.2361602783203,-0.0220692456970595,1.59744718855561,-2.4749331952861127,-2.242386412278529,-1.1309225678285506,0.8523441005269395,0.033251440959556,2.5580831916685187,0.1558555047697084,1.8390339515386167
30.0,158.0,130.5635528564453,-0.0281390207439314,1.602227458756918,-2.4826399931839727,-2.2024671500014827,-1.1592945303024598,0.8326625085253692,0.0351923197237663,2.5534306390469235,0.1255061083330188,1.715992077137808
30.0,158.0,201.4370574951172,-0.4540401323260987,0.8179070478135094,-3.314276906304189,-2.628539443785192,-1.3337882873665527,0.7127938785222587,-0.0269535484838654,2.590339428802196,0.2594558839508205,2.0689052243034824
30.0,158.0,130.27854919433594,-0.026145228566988,1.6034444924935922,-2.465685879205243,-2.199107908470015,-1.1299671271195684,0.829486231901659,0.0215291772917725,2.5525140628251903,0.1211853133404356,1.7144484368887227
30.0,158.0,205.40724182128903,-1.2471719392371754,0.7338063691250966,-3.6956164114227614,-2.6893020048638974,-1.4361633841990469,0.7509499775402746,-0.0265320376388999,2.5844589496606782,0.2214973721181175,2.0621365244733765
30.0,158.0,130.17164611816406,-0.0276657204423328,1.6058212136835686,-2.4719631221210805,-2.200023925887909,-1.133325395029908,0.8476349401364388,0.0363707091626716,2.557537186861344,0.1222953879009348,1.7117000173913512
30.0,158.0,130.22621154785156,-0.0276609201816961,1.6083139744656991,-2.472103878844929,-2.1983697908939623,-1.1378487295777189,0.8363175927367971,0.0319912798420186,2.562659697315485,0.1247746058417893,1.713390375638602
30.0,158.0,130.18077087402344,-0.0260468902231209,1.5983578343990732,-2.468957577448791,-2.200842246581117,-1.1295603629790112,0.8551547161894129,0.0266838419047653,2.556337980567533,0.1228386601075636,1.7189292442938289
30.0,158.0,130.14947509765625,-0.0265878033432111,1.6057191627870409,-2.471715409892107,-2.198689063139184,-1.1321482627601072,0.8544690238115497,0.0344679859174902,2.5581475898083745,0.1223609757607841,1.7148494574260558
30.0,158.0,130.45828247070312,-0.0276049364319737,1.6048085651542363,-2.474192716614678,-2.205919663118896,-1.1453911061087478,0.8628769871239852,0.0203174768513427,2.561227504060744,0.1240852221967582,1.737776294778461
30.0,158.0,217.80987548828125,-0.7399219093249991,0.6265199654248446,-3.3812386568411683,-3.115740592719888,-2.4970438835882924,0.4187495791001843,-0.1164287251613381,2.541142812644273,0.2703581298861386,2.0687642066891287
30.0,158.0,201.7044219970703,-0.6552952230338768,0.789537644755984,-3.131677153117997,-2.725862189701337,-1.327890814222953,0.7257755438118074,-0.0264966475501739,2.5879562114865826,0.2411740536822892,2.06908069814025
30.0,158.0,130.17884826660156,-0.0254986038941377,1.597901763186967,-2.4690386388414147,-2.2011035716890994,-1.1308183091852213,0.8547535540519632,0.0266444333300031,2.557189981958263,0.122886575401794,1.7215373757942565
30.0,158.0,207.52395629882807,-1.0172369141889488,0.5097226488719611,-3.674337809841004,-2.8353189978585056,-1.3644168602548383,0.7515932251121955,-0.0172059671688819,2.580125632767812,0.2261450789481383,2.063133829032119
30.0,158.0,130.83175659179688,-0.0211188075731931,1.6209407642296505,-2.4723739997570613,-2.193510025965816,-1.1035777110428266,0.8390387197558822,0.028306268392547,2.551340578323344,0.1226851174560424,1.717667150919397
30.0,158.0,130.12234497070312,-0.0281963023023564,1.607983138766233,-2.47207220348178,-2.1982003957362166,-1.1322205757454529,0.847318403553332,0.0241631196656896,2.558210017809466,0.1219390633187435,1.7150237467066978
30.0,158.0,130.252685546875,-0.0309364869953082,1.6092984272138382,-2.472675177156948,-2.198430670397077,-1.128163306481725,0.8405028569083122,0.014314702131937,2.558917282812173,0.1234436123709578,1.7234036731980125
30.0,158.0,220.53668212890625,-1.2171966783311097,0.4756538204269566,-3.473961005955754,-3.088961056374514,-1.704597891261704,0.4920041034137272,-0.0918239354140258,2.562499878329205,0.3992523830963432,2.654374933471221
30.0,158.0,130.14657592773438,-0.0252436364348085,1.6147939355247436,-2.467687244636643,-2.198296556735403,-1.132132149962899,0.8561075125035819,0.0330077291067336,2.5584814784758354,0.1200828489731299,1.714419895822393
30.0,158.0,139.85452270507812,-0.123910664940507,1.6040200842669576,-2.4719154227487072,-2.120575815957378,-1.137368736980168,0.8099296008818534,-0.012110990641603,2.555655334908806,0.1597965637051018,1.699470006772135
30.0,158.0,142.2772979736328,-0.1943138604409249,1.4329407986177698,-2.513115298132288,-2.1577489718394087,-1.1265387829520084,0.8470016652475111,0.0269946996102086,2.55300023562854,0.1402620302579745,1.7833523672777365
30.0,158.0,193.9613037109375,-0.3075383373017628,1.546724999954208,-2.537338326221394,-2.187983668170705,-1.2146620460955737,0.6379227342950066,0.1658223778650231,2.5465474994567225,0.1936427384170718,1.80377066196103
30.0,158.0,164.91798400878906,-0.1437161934618982,1.489606584521924,-2.846767052253764,-2.411167177334734,-1.270426390827592,0.8438405469531745,0.0600711944169592,2.561874767574003,0.1433483410966894,1.873594421911412
30.0,158.0,205.4263153076172,-1.0610826982318322,0.7387432132212964,-3.5269101097837323,-2.588175478326636,-1.3746018730768372,0.7544874944278932,-0.0259144887775997,2.5909527780546773,0.210068459110206,2.063579531483645
30.0,158.0,134.2151336669922,-0.0266008127431463,1.6323175277400754,-2.4504389379909144,-2.2232325674742426,-1.1538495835806082,0.7585289697210993,-0.0434258704477416,2.559735147981925,0.1220146205643424,1.7274791794406383
30.0,158.0,130.16708374023438,-0.0313162853688334,1.608564062794678,-2.4725371274831813,-2.201147340581399,-1.1339083769187634,0.8446821339667291,0.0217176158658825,2.5571414319018,0.116433911085171,1.7225055456256302
30.0,158.0,130.2588348388672,-0.0268155035225158,1.5978037115202774,-2.468611255640289,-2.2006720960248254,-1.1266289480841782,0.8503449998598901,0.0164581524357002,2.558106124629458,0.1212074184239656,1.7266150074366458
30.0,158.0,203.7299041748047,-1.4671963034076896,0.7718039591814964,-3.521820860113768,-2.7055890962796987,-1.3850800460590984,0.7492558679810841,0.0041742840984898,2.5864682179734686,0.2295821296873494,1.9406396168518183
30.0,158.0,240.0376892089844,-0.818985015422538,0.7325545795717203,-3.463958090524869,-3.1745869837099026,-1.9281247841715203,0.2058466922336207,-0.3766659363291286,2.6001316734345754,0.2265875295001577,2.1979228280822705
30.0,158.0,177.52542114257812,-0.1399147291481588,1.3104345384142884,-2.895616916085339,-2.370731695767934,-1.3128826466008157,0.8976919765709114,0.0257127932349606,2.6151636929432462,0.1563520672564393,1.8927211584930392
30.0,158.0,130.45645141601562,-0.0363739964700082,1.619359955371767,-2.459177339805861,-2.1949649169607794,-1.1299623045790108,0.8393373071625005,0.0394277542386456,2.559593844200528,0.1161289271195126,1.7227814271351625
30.0,158.0,130.1726531982422,-0.02187738092452,1.6069456390122383,-2.4718337158088537,-2.198854309170023,-1.1388231632243635,0.8535326926247407,0.0357541459886722,2.5586697611398086,0.1224151290418882,1.715045960649884
30.0,158.0,130.2286834716797,-0.0271826698003397,1.6145985740423054,-2.4715464473642084,-2.2092197202824924,-1.1394229843027128,0.8541174431154692,0.0225454668945235,2.557668279222869,0.1222537644706667,1.7182035055492069
30.0,158.0,130.30319213867188,-0.0256383360554863,1.6162950046672215,-2.4718356906736574,-2.200556319201771,-1.1380057692619592,0.8523155994810866,0.0411897112958643,2.557896200624997,0.1216018084654769,1.6996851465269172
30.0,158.0,209.853515625,-0.6115977473066232,0.7776220381257966,-3.835539989399004,-2.6171739805113914,-1.275521664933832,0.7366176474541036,-0.0458302544230463,2.584816162634513,0.2980722673261389,2.069972514370848
30.0,158.0,130.15554809570312,-0.028276017672726,1.6088873765647975,-2.4619169578748834,-2.1970794184713225,-1.1314964652939974,0.8525034848377047,0.034897608315422,2.5590669093892884,0.1227354089024558,1.73789585742042
30.0,158.0,130.22972106933594,-0.0145525552392131,1.603926995669682,-2.4685846918530583,-2.1981105493598787,-1.1305852983365927,0.8570387867196437,0.0265408269047751,2.559012577288978,0.1154030558169636,1.7190219868982075
30.0,158.0,245.99302673339844,-0.7494604562313425,0.5827624451646062,-3.1978432976312727,-2.930434860001456,-2.589522757468941,0.4511330050359632,-0.2349149109541924,2.459352546895984,0.2558733024443547,1.86071018527782
30.0,158.0,210.119873046875,-0.7610068930568665,0.5642124147423887,-3.726421416211226,-2.7995431788777383,-1.3708891968054873,0.679066308131347,0.0234932080174868,2.5843400721228726,0.297657964549431,2.1950618999519365
30.0,158.0,130.18698120117188,-0.027843010021096,1.612745995575209,-2.474086090684364,-2.2026503280064813,-1.1398314683571875,0.8515383070985598,0.0333473484537252,2.558340000176982,0.1216333299188033,1.7154077159534218
30.0,158.0,215.4642791748047,-0.619272128359899,1.0161821115856564,-3.392347947738536,-3.718930889608517,-1.3159031693529706,0.8296082231312336,0.0283507836533688,2.580653015910745,0.2883060967232943,2.043397947376025
30.0,158.0,205.575927734375,-0.8160173862793221,0.5906195673798553,-3.5501247184478806,-2.9220737949502533,-1.5276746941164658,0.7254873283981647,-0.0189028447691116,2.5943872451814447,0.2168908645567235,1.9760531472632008
30.0,158.0,130.13316345214844,-0.0227586929501421,1.6081043275543792,-2.4682856111991627,-2.1932304090971884,-1.1331419185378844,0.8550593768296066,0.0317013919848782,2.5581726997599663,0.1222957614446536,1.7206188887985865
30.0,158.0,130.62899780273438,-0.0242292787556977,1.6012337053711958,-2.464579507004121,-2.195260153281381,-1.1143679015637342,0.8785199711550532,0.0315793417836433,2.566001853923271,0.1282982925046728,1.7179030245262106
30.0,158.0,130.18907165527344,-0.0262528851207238,1.5974584251967272,-2.468816970185684,-2.200886649619457,-1.1276400649197336,0.8507476817299163,0.0244560118133023,2.558412121330832,0.1219603704325533,1.7273670293808945
30.0,158.0,211.49984741210932,-0.6023430394608064,0.6862990325442788,-3.3371353581117207,-2.8851573211860253,-1.389844403508281,0.7960834819435386,-0.0731183203058278,2.570385485955568,0.1939850410112546,2.062637422407674
30.0,158.0,130.73129272460938,-0.0307384251074199,1.6114711159212614,-2.4683471264650745,-2.1940991627805624,-1.1319492109511524,0.8363440849402597,0.0162559409193293,2.5696639781576014,0.1258876719100648,1.793205285886706
30.0,158.0,130.7288818359375,-0.0507139195495177,1.606872288365765,-2.470332824650721,-2.2079678649972885,-1.1378986008229088,0.8465948822525787,0.0433257203111648,2.5654042339769023,0.1602757251829291,1.7905635030790985
30.0,158.0,131.47850036621094,-0.0482109867575819,1.595070953507842,-2.465208919588046,-2.161356352001325,-1.1086535445559702,0.8742354972568628,0.0644758361680563,2.566171235006831,0.1290306267162363,1.7637249640635648
30.0,158.0,130.15472412109375,-0.0263475386201413,1.6034435358923471,-2.473031179106798,-2.2002251381787823,-1.1306230406652376,0.8538126505300766,0.0337187634346841,2.5585343718560365,0.122816239835256,1.715614417459707
30.0,158.0,131.2361602783203,-0.0220692456970595,1.59744718855561,-2.4749331952861127,-2.242386412278529,-1.1309225678285506,0.8523441005269395,0.033251440959556,2.5580831916685187,0.1558555047697084,1.8390339515386167
30.0,159.0,130.2827606201172,-0.0260783071142162,1.5973082246718555,-2.480812617091858,-2.1995200949394054,-1.1453278072250987,0.8429957753388813,0.02520898674536,2.5473993790431098,0.1214989467494516,1.7184800828139009
30.0,159.0,201.4370574951172,-0.4540401323260987,0.8179070478135094,-3.314276906304189,-2.628539443785192,-1.3337882873665527,0.7127938785222587,-0.0269535484838654,2.590339428802196,0.2594558839508205,2.0689052243034824
30.0,159.0,130.27854919433594,-0.026145228566988,1.6034444924935922,-2.465685879205243,-2.199107908470015,-1.1299671271195684,0.829486231901659,0.0215291772917725,2.5525140628251903,0.1211853133404356,1.7144484368887227
30.0,159.0,205.40724182128903,-1.2471719392371754,0.7338063691250966,-3.6956164114227614,-2.6893020048638974,-1.4361633841990469,0.7509499775402746,-0.0265320376388999,2.5844589496606782,0.2214973721181175,2.0621365244733765
30.0,159.0,130.121337890625,-0.0271457798773763,1.6097654441706752,-2.472270140630771,-2.201372858963835,-1.1322065365629956,0.8471921343316641,0.0273947207894006,2.558371601417272,0.1218069810107806,1.7147025141022665
30.0,159.0,130.16561889648438,-0.0283332256643304,1.6051723021600184,-2.472265635271937,-2.1971575463062725,-1.136877621131615,0.8425488852305877,0.0183759154230486,2.560145055479893,0.12179750569094,1.7119591872163504
30.0,159.0,130.18077087402344,-0.0260468902231209,1.5983578343990732,-2.468957577448791,-2.200842246581117,-1.1295603629790112,0.8551547161894129,0.0266838419047653,2.556337980567533,0.1228386601075636,1.7189292442938289
30.0,159.0,130.14947509765625,-0.0265878033432111,1.6057191627870409,-2.471715409892107,-2.198689063139184,-1.1321482627601072,0.8544690238115497,0.0344679859174902,2.5581475898083745,0.1223609757607841,1.7148494574260558
30.0,159.0,130.24612426757812,-0.0271846262441846,1.605830735185315,-2.473367567312015,-2.202518241595323,-1.121666516083503,0.8445153251582138,0.0204423089178527,2.553615702012141,0.119533165862295,1.7080384381471858
30.0,159.0,217.80987548828125,-0.7399219093249991,0.6265199654248446,-3.3812386568411683,-3.115740592719888,-2.4970438835882924,0.4187495791001843,-0.1164287251613381,2.541142812644273,0.2703581298861386,2.0687642066891287
30.0,159.0,201.7044219970703,-0.6552952230338768,0.789537644755984,-3.131677153117997,-2.725862189701337,-1.327890814222953,0.7257755438118074,-0.0264966475501739,2.5879562114865826,0.2411740536822892,2.06908069814025
30.0,159.0,130.17884826660156,-0.0254986038941377,1.597901763186967,-2.4690386388414147,-2.2011035716890994,-1.1308183091852213,0.8547535540519632,0.0266444333300031,2.557189981958263,0.122886575401794,1.7215373757942565
30.0,159.0,207.52395629882807,-1.0172369141889488,0.5097226488719611,-3.674337809841004,-2.8353189978585056,-1.3644168602548383,0.7515932251121955,-0.0172059671688819,2.580125632767812,0.2261450789481383,2.063133829032119
30.0,159.0,130.83175659179688,-0.0211188075731931,1.6209407642296505,-2.4723739997570613,-2.193510025965816,-1.1035777110428266,0.8390387197558822,0.028306268392547,2.551340578323344,0.1226851174560424,1.717667150919397
30.0,159.0,130.12234497070312,-0.0281963023023564,1.607983138766233,-2.47207220348178,-2.1982003957362166,-1.1322205757454529,0.847318403553332,0.0241631196656896,2.558210017809466,0.1219390633187435,1.7150237467066978
30.0,159.0,130.252685546875,-0.0309364869953082,1.6092984272138382,-2.472675177156948,-2.198430670397077,-1.128163306481725,0.8405028569083122,0.014314702131937,2.558917282812173,0.1234436123709578,1.7234036731980125
30.0,159.0,220.53668212890625,-1.2171966783311097,0.4756538204269566,-3.473961005955754,-3.088961056374514,-1.704597891261704,0.4920041034137272,-0.0918239354140258,2.562499878329205,0.3992523830963432,2.654374933471221
30.0,159.0,130.14657592773438,-0.0252436364348085,1.6147939355247436,-2.467687244636643,-2.198296556735403,-1.132132149962899,0.8561075125035819,0.0330077291067336,2.5584814784758354,0.1200828489731299,1.714419895822393
30.0,159.0,133.38487243652344,-0.0297682917903108,1.6163735690053664,-2.472479584167922,-2.216930781868496,-1.137782106136534,0.8821358067371998,-0.0232465298327908,2.5471632403138,0.1382557114156506,1.711600503280228
30.0,159.0,142.2772979736328,-0.1943138604409249,1.4329407986177698,-2.513115298132288,-2.1577489718394087,-1.1265387829520084,0.8470016652475111,0.0269946996102086,2.55300023562854,0.1402620302579745,1.7833523672777365
30.0,159.0,188.96124267578125,-0.3786803366698169,1.5868624730201446,-2.6299726832553683,-2.380968374162264,-1.123055344012958,0.9265622863934202,0.1356437080271502,2.549432648507156,0.0432207760195693,1.7148947264130263
30.0,159.0,164.91798400878906,-0.1437161934618982,1.489606584521924,-2.846767052253764,-2.411167177334734,-1.270426390827592,0.8438405469531745,0.0600711944169592,2.561874767574003,0.1433483410966894,1.873594421911412
30.0,159.0,205.4263153076172,-1.0610826982318322,0.7387432132212964,-3.5269101097837323,-2.588175478326636,-1.3746018730768372,0.7544874944278932,-0.0259144887775997,2.5909527780546773,0.210068459110206,2.063579531483645
30.0,159.0,134.2151336669922,-0.0266008127431463,1.6323175277400754,-2.4504389379909144,-2.2232325674742426,-1.1538495835806082,0.7585289697210993,-0.0434258704477416,2.559735147981925,0.1220146205643424,1.7274791794406383
30.0,159.0,130.12106323242188,-0.0268418524415132,1.607971210081246,-2.4712624494244704,-2.199058154505161,-1.1332600567613618,0.8443475714739972,0.0232630546507814,2.5573724150402186,0.1239606100015764,1.7152180370041608
30.0,159.0,130.2588348388672,-0.0268155035225158,1.5978037115202774,-2.468611255640289,-2.2006720960248254,-1.1266289480841782,0.8503449998598901,0.0164581524357002,2.558106124629458,0.1212074184239656,1.7266150074366458
30.0,159.0,203.7299041748047,-1.4671963034076896,0.7718039591814964,-3.521820860113768,-2.7055890962796987,-1.3850800460590984,0.7492558679810841,0.0041742840984898,2.5864682179734686,0.2295821296873494,1.9406396168518183
30.0,159.0,240.0376892089844,-0.818985015422538,0.7325545795717203,-3.463958090524869,-3.1745869837099026,-1.9281247841715203,0.2058466922336207,-0.3766659363291286,2.6001316734345754,0.2265875295001577,2.1979228280822705
30.0,159.0,159.85574340820312,0.0252396825413021,1.6529321782806137,-2.5972660368103093,-2.1497931760405287,-1.2296027951994513,0.8967889501845605,0.0241830396969638,2.6331062960667984,0.1121326128038513,1.598520646037442
30.0,159.0,130.45645141601562,-0.0363739964700082,1.619359955371767,-2.459177339805861,-2.1949649169607794,-1.1299623045790108,0.8393373071625005,0.0394277542386456,2.559593844200528,0.1161289271195126,1.7227814271351625
30.0,159.0,130.1726531982422,-0.02187738092452,1.6069456390122383,-2.4718337158088537,-2.198854309170023,-1.1388231632243635,0.8535326926247407,0.0357541459886722,2.5586697611398086,0.1224151290418882,1.715045960649884
30.0,159.0,130.2286834716797,-0.0271826698003397,1.6145985740423054,-2.4715464473642084,-2.2092197202824924,-1.1394229843027128,0.8541174431154692,0.0225454668945235,2.557668279222869,0.1222537644706667,1.7182035055492069
30.0,159.0,130.30319213867188,-0.0256383360554863,1.6162950046672215,-2.4718356906736574,-2.200556319201771,-1.1380057692619592,0.8523155994810866,0.0411897112958643,2.557896200624997,0.1216018084654769,1.6996851465269172
30.0,159.0,209.853515625,-0.6115977473066232,0.7776220381257966,-3.835539989399004,-2.6171739805113914,-1.275521664933832,0.7366176474541036,-0.0458302544230463,2.584816162634513,0.2980722673261389,2.069972514370848
30.0,159.0,130.15554809570312,-0.028276017672726,1.6088873765647975,-2.4619169578748834,-2.1970794184713225,-1.1314964652939974,0.8525034848377047,0.034897608315422,2.5590669093892884,0.1227354089024558,1.73789585742042
30.0,159.0,130.22972106933594,-0.0145525552392131,1.603926995669682,-2.4685846918530583,-2.1981105493598787,-1.1305852983365927,0.8570387867196437,0.0265408269047751,2.559012577288978,0.1154030558169636,1.7190219868982075
30.0,159.0,245.99302673339844,-0.7494604562313425,0.5827624451646062,-3.1978432976312727,-2.930434860001456,-2.589522757468941,0.4511330050359632,-0.2349149109541924,2.459352546895984,0.2558733024443547,1.86071018527782
30.0,159.0,210.119873046875,-0.7610068930568665,0.5642124147423887,-3.726421416211226,-2.7995431788777383,-1.3708891968054873,0.679066308131347,0.0234932080174868,2.5843400721228726,0.297657964549431,2.1950618999519365
30.0,159.0,130.18698120117188,-0.027843010021096,1.612745995575209,-2.474086090684364,-2.2026503280064813,-1.1398314683571875,0.8515383070985598,0.0333473484537252,2.558340000176982,0.1216333299188033,1.7154077159534218
30.0,159.0,177.84205627441406,-0.3344296245974757,1.456727943650264,-2.545006175729599,-2.3742213433541144,-1.0416007318729126,0.7776093113480511,0.031023158488282,2.5671596519350386,0.2916437058445463,2.1682998093418884
30.0,159.0,205.575927734375,-0.8160173862793221,0.5906195673798553,-3.5501247184478806,-2.9220737949502533,-1.5276746941164658,0.7254873283981647,-0.0189028447691116,2.5943872451814447,0.2168908645567235,1.9760531472632008
30.0,159.0,130.13316345214844,-0.0227586929501421,1.6081043275543792,-2.4682856111991627,-2.1932304090971884,-1.1331419185378844,0.8550593768296066,0.0317013919848782,2.5581726997599663,0.1222957614446536,1.7206188887985865
30.0,159.0,130.62899780273438,-0.0242292787556977,1.6012337053711958,-2.464579507004121,-2.195260153281381,-1.1143679015637342,0.8785199711550532,0.0315793417836433,2.566001853923271,0.1282982925046728,1.7179030245262106
30.0,159.0,130.18907165527344,-0.0262528851207238,1.5974584251967272,-2.468816970185684,-2.200886649619457,-1.1276400649197336,0.8507476817299163,0.0244560118133023,2.558412121330832,0.1219603704325533,1.7273670293808945
30.0,159.0,211.49984741210932,-0.6023430394608064,0.6862990325442788,-3.3371353581117207,-2.8851573211860253,-1.389844403508281,0.7960834819435386,-0.0731183203058278,2.570385485955568,0.1939850410112546,2.062637422407674
30.0,159.0,130.73129272460938,-0.0307384251074199,1.6114711159212614,-2.4683471264650745,-2.1940991627805624,-1.1319492109511524,0.8363440849402597,0.0162559409193293,2.5696639781576014,0.1258876719100648,1.793205285886706
30.0,159.0,130.7288818359375,-0.0507139195495177,1.606872288365765,-2.470332824650721,-2.2079678649972885,-1.1378986008229088,0.8465948822525787,0.0433257203111648,2.5654042339769023,0.1602757251829291,1.7905635030790985
30.0,159.0,131.47850036621094,-0.0482109867575819,1.595070953507842,-2.465208919588046,-2.161356352001325,-1.1086535445559702,0.8742354972568628,0.0644758361680563,2.566171235006831,0.1290306267162363,1.7637249640635648
30.0,159.0,130.15472412109375,-0.0263475386201413,1.6034435358923471,-2.473031179106798,-2.2002251381787823,-1.1306230406652376,0.8538126505300766,0.0337187634346841,2.5585343718560365,0.122816239835256,1.715614417459707
30.0,159.0,131.2361602783203,-0.0220692456970595,1.59744718855561,-2.4749331952861127,-2.242386412278529,-1.1309225678285506,0.8523441005269395,0.033251440959556,2.5580831916685187,0.1558555047697084,1.8390339515386167
30.0,160.0,130.2827606201172,-0.0260783071142162,1.5973082246718555,-2.480812617091858,-2.1995200949394054,-1.1453278072250987,0.8429957753388813,0.02520898674536,2.5473993790431098,0.1214989467494516,1.7184800828139009
30.0,160.0,201.4370574951172,-0.4540401323260987,0.8179070478135094,-3.314276906304189,-2.628539443785192,-1.3337882873665527,0.7127938785222587,-0.0269535484838654,2.590339428802196,0.2594558839508205,2.0689052243034824
30.0,160.0,130.1399688720703,-0.0256478731421237,1.6056379291936012,-2.46707446943306,-2.1978525526248087,-1.1363399751958083,0.8495727548337197,0.0277665009926215,2.55850122522749,0.1267783823420839,1.7145894489188038
30.0,160.0,205.40724182128903,-1.2471719392371754,0.7338063691250966,-3.6956164114227614,-2.6893020048638974,-1.4361633841990469,0.7509499775402746,-0.0265320376388999,2.5844589496606782,0.2214973721181175,2.0621365244733765
30.0,160.0,130.11087036132812,-0.0269920670710517,1.6054834444335775,-2.47018161498845,-2.200489369902386,-1.13282789547404,0.8461836051164138,0.0286360530585968,2.556817058295205,0.122750074275211,1.7154530643742665
30.0,160.0,130.12989807128906,-0.0276785691152699,1.6097906044639732,-2.4709195274194453,-2.200506571985092,-1.130441875274602,0.8469296861528134,0.0235267460644589,2.557882329662379,0.1223288840452922,1.7141937862333627
30.0,160.0,130.18077087402344,-0.0260468902231209,1.5983578343990732,-2.468957577448791,-2.200842246581117,-1.1295603629790112,0.8551547161894129,0.0266838419047653,2.556337980567533,0.1228386601075636,1.7189292442938289
30.0,160.0,130.14947509765625,-0.0265878033432111,1.6057191627870409,-2.471715409892107,-2.198689063139184,-1.1321482627601072,0.8544690238115497,0.0344679859174902,2.5581475898083745,0.1223609757607841,1.7148494574260558
30.0,160.0,130.24612426757812,-0.0271846262441846,1.605830735185315,-2.473367567312015,-2.202518241595323,-1.121666516083503,0.8445153251582138,0.0204423089178527,2.553615702012141,0.119533165862295,1.7080384381471858
30.0,160.0,217.80987548828125,-0.7399219093249991,0.6265199654248446,-3.3812386568411683,-3.115740592719888,-2.4970438835882924,0.4187495791001843,-0.1164287251613381,2.541142812644273,0.2703581298861386,2.0687642066891287
30.0,160.0,201.7044219970703,-0.6552952230338768,0.789537644755984,-3.131677153117997,-2.725862189701337,-1.327890814222953,0.7257755438118074,-0.0264966475501739,2.5879562114865826,0.2411740536822892,2.06908069814025
30.0,160.0,130.17884826660156,-0.0254986038941377,1.597901763186967,-2.4690386388414147,-2.2011035716890994,-1.1308183091852213,0.8547535540519632,0.0266444333300031,2.557189981958263,0.122886575401794,1.7215373757942565
30.0,160.0,207.52395629882807,-1.0172369141889488,0.5097226488719611,-3.674337809841004,-2.8353189978585056,-1.3644168602548383,0.7515932251121955,-0.0172059671688819,2.580125632767812,0.2261450789481383,2.063133829032119
30.0,160.0,130.83175659179688,-0.0211188075731931,1.6209407642296505,-2.4723739997570613,-2.193510025965816,-1.1035777110428266,0.8390387197558822,0.028306268392547,2.551340578323344,0.1226851174560424,1.717667150919397
30.0,160.0,130.12234497070312,-0.0281963023023564,1.607983138766233,-2.47207220348178,-2.1982003957362166,-1.1322205757454529,0.847318403553332,0.0241631196656896,2.558210017809466,0.1219390633187435,1.7150237467066978
30.0,160.0,130.252685546875,-0.0309364869953082,1.6092984272138382,-2.472675177156948,-2.198430670397077,-1.128163306481725,0.8405028569083122,0.014314702131937,2.558917282812173,0.1234436123709578,1.7234036731980125
30.0,160.0,220.53668212890625,-1.2171966783311097,0.4756538204269566,-3.473961005955754,-3.088961056374514,-1.704597891261704,0.4920041034137272,-0.0918239354140258,2.562499878329205,0.3992523830963432,2.654374933471221
30.0,160.0,130.14657592773438,-0.0252436364348085,1.6147939355247436,-2.467687244636643,-2.198296556735403,-1.132132149962899,0.8561075125035819,0.0330077291067336,2.5584814784758354,0.1200828489731299,1.714419895822393
30.0,160.0,133.19984436035156,0.012594595554824,1.612114486559562,-2.4724214193518987,-2.2303182820600123,-1.1350637174262772,0.9065455164279536,0.025612333170002,2.5537256926721867,0.1070174110797535,1.7181298992267722
30.0,160.0,134.53778076171875,-0.0949591945111162,1.647606423682989,-2.444028485824232,-2.160435518111475,-1.1309100224520343,0.8447896526507935,0.0268100551227633,2.5577692582488414,0.1212642474231988,1.7872640222612173
30.0,160.0,135.4603271484375,0.0688927540469164,1.6252909799984456,-2.457087962575703,-2.232349777443908,-1.1153321567388474,0.8409693364262749,0.0603581986889273,2.548799684310409,0.1329475942521614,1.7348937341822377
30.0,160.0,164.91798400878906,-0.1437161934618982,1.489606584521924,-2.846767052253764,-2.411167177334734,-1.270426390827592,0.8438405469531745,0.0600711944169592,2.561874767574003,0.1433483410966894,1.873594421911412
30.0,160.0,205.4263153076172,-1.0610826982318322,0.7387432132212964,-3.5269101097837323,-2.588175478326636,-1.3746018730768372,0.7544874944278932,-0.0259144887775997,2.5909527780546773,0.210068459110206,2.063579531483645
30.0,160.0,134.2151336669922,-0.0266008127431463,1.6323175277400754,-2.4504389379909144,-2.2232325674742426,-1.1538495835806082,0.7585289697210993,-0.0434258704477416,2.559735147981925,0.1220146205643424,1.7274791794406383
30.0,160.0,130.12106323242188,-0.0268418524415132,1.607971210081246,-2.4712624494244704,-2.199058154505161,-1.1332600567613618,0.8443475714739972,0.0232630546507814,2.5573724150402186,0.1239606100015764,1.7152180370041608
30.0,160.0,130.2588348388672,-0.0268155035225158,1.5978037115202774,-2.468611255640289,-2.2006720960248254,-1.1266289480841782,0.8503449998598901,0.0164581524357002,2.558106124629458,0.1212074184239656,1.7266150074366458
30.0,160.0,203.7299041748047,-1.4671963034076896,0.7718039591814964,-3.521820860113768,-2.7055890962796987,-1.3850800460590984,0.7492558679810841,0.0041742840984898,2.5864682179734686,0.2295821296873494,1.9406396168518183
30.0,160.0,240.0376892089844,-0.818985015422538,0.7325545795717203,-3.463958090524869,-3.1745869837099026,-1.9281247841715203,0.2058466922336207,-0.3766659363291286,2.6001316734345754,0.2265875295001577,2.1979228280822705
30.0,160.0,159.85574340820312,0.0252396825413021,1.6529321782806137,-2.5972660368103093,-2.1497931760405287,-1.2296027951994513,0.8967889501845605,0.0241830396969638,2.6331062960667984,0.1121326128038513,1.598520646037442
30.0,160.0,130.45645141601562,-0.0363739964700082,1.619359955371767,-2.459177339805861,-2.1949649169607794,-1.1299623045790108,0.8393373071625005,0.0394277542386456,2.559593844200528,0.1161289271195126,1.7227814271351625
30.0,160.0,130.1726531982422,-0.02187738092452,1.6069456390122383,-2.4718337158088537,-2.198854309170023,-1.1388231632243635,0.8535326926247407,0.0357541459886722,2.5586697611398086,0.1224151290418882,1.715045960649884
30.0,160.0,130.2286834716797,-0.0271826698003397,1.6145985740423054,-2.4715464473642084,-2.2092197202824924,-1.1394229843027128,0.8541174431154692,0.0225454668945235,2.557668279222869,0.1222537644706667,1.7182035055492069
30.0,160.0,130.30319213867188,-0.0256383360554863,1.6162950046672215,-2.4718356906736574,-2.200556319201771,-1.1380057692619592,0.8523155994810866,0.0411897112958643,2.557896200624997,0.1216018084654769,1.6996851465269172
30.0,160.0,209.853515625,-0.6115977473066232,0.7776220381257966,-3.835539989399004,-2.6171739805113914,-1.275521664933832,0.7366176474541036,-0.0458302544230463,2.584816162634513,0.2980722673261389,2.069972514370848
30.0,160.0,130.15554809570312,-0.028276017672726,1.6088873765647975,-2.4619169578748834,-2.1970794184713225,-1.1314964652939974,0.8525034848377047,0.034897608315422,2.5590669093892884,0.1227354089024558,1.73789585742042
30.0,160.0,130.22972106933594,-0.0145525552392131,1.603926995669682,-2.4685846918530583,-2.1981105493598787,-1.1305852983365927,0.8570387867196437,0.0265408269047751,2.559012577288978,0.1154030558169636,1.7190219868982075
30.0,160.0,245.99302673339844,-0.7494604562313425,0.5827624451646062,-3.1978432976312727,-2.930434860001456,-2.589522757468941,0.4511330050359632,-0.2349149109541924,2.459352546895984,0.2558733024443547,1.86071018527782
30.0,160.0,210.119873046875,-0.7610068930568665,0.5642124147423887,-3.726421416211226,-2.7995431788777383,-1.3708891968054873,0.679066308131347,0.0234932080174868,2.5843400721228726,0.297657964549431,2.1950618999519365
30.0,160.0,130.11378479003906,-0.025418661755612,1.609788619687983,-2.467742468066187,-2.1992159063336043,-1.139393725709663,0.8436331155412066,0.028150739578659,2.558248709560447,0.1245962660378493,1.7154837985515845
30.0,160.0,177.84205627441406,-0.3344296245974757,1.456727943650264,-2.545006175729599,-2.3742213433541144,-1.0416007318729126,0.7776093113480511,0.031023158488282,2.5671596519350386,0.2916437058445463,2.1682998093418884
30.0,160.0,205.575927734375,-0.8160173862793221,0.5906195673798553,-3.5501247184478806,-2.9220737949502533,-1.5276746941164658,0.7254873283981647,-0.0189028447691116,2.5943872451814447,0.2168908645567235,1.9760531472632008
30.0,160.0,130.13316345214844,-0.0227586929501421,1.6081043275543792,-2.4682856111991627,-2.1932304090971884,-1.1331419185378844,0.8550593768296066,0.0317013919848782,2.5581726997599663,0.1222957614446536,1.7206188887985865
30.0,160.0,130.62899780273438,-0.0242292787556977,1.6012337053711958,-2.464579507004121,-2.195260153281381,-1.1143679015637342,0.8785199711550532,0.0315793417836433,2.566001853923271,0.1282982925046728,1.7179030245262106
30.0,160.0,130.18907165527344,-0.0262528851207238,1.5974584251967272,-2.468816970185684,-2.200886649619457,-1.1276400649197336,0.8507476817299163,0.0244560118133023,2.558412121330832,0.1219603704325533,1.7273670293808945
30.0,160.0,211.49984741210932,-0.6023430394608064,0.6862990325442788,-3.3371353581117207,-2.8851573211860253,-1.389844403508281,0.7960834819435386,-0.0731183203058278,2.570385485955568,0.1939850410112546,2.062637422407674
30.0,160.0,130.40269470214844,-0.0336925524517817,1.6101517475534868,-2.469403063635556,-2.194330769696992,-1.1330648551509948,0.8417107317723654,0.017480432277677,2.552745748693522,0.1253633691210977,1.6848860295647454
30.0,160.0,130.34408569335938,-0.0202741100628106,1.6073094684863487,-2.46983714633243,-2.2041245411967174,-1.1402976659755075,0.8356536239821102,0.0337867447504752,2.5547735905033604,0.1371381845001238,1.7355927770859143
30.0,160.0,131.47850036621094,-0.0482109867575819,1.595070953507842,-2.465208919588046,-2.161356352001325,-1.1086535445559702,0.8742354972568628,0.0644758361680563,2.566171235006831,0.1290306267162363,1.7637249640635648
30.0,160.0,130.15472412109375,-0.0263475386201413,1.6034435358923471,-2.473031179106798,-2.2002251381787823,-1.1306230406652376,0.8538126505300766,0.0337187634346841,2.5585343718560365,0.122816239835256,1.715614417459707
30.0,160.0,131.2361602783203,-0.0220692456970595,1.59744718855561,-2.4749331952861127,-2.242386412278529,-1.1309225678285506,0.8523441005269395,0.033251440959556,2.5580831916685187,0.1558555047697084,1.8390339515386167
30.0,161.0,130.2827606201172,-0.0260783071142162,1.5973082246718555,-2.480812617091858,-2.1995200949394054,-1.1453278072250987,0.8429957753388813,0.02520898674536,2.5473993790431098,0.1214989467494516,1.7184800828139009
30.0,161.0,201.4370574951172,-0.4540401323260987,0.8179070478135094,-3.314276906304189,-2.628539443785192,-1.3337882873665527,0.7127938785222587,-0.0269535484838654,2.590339428802196,0.2594558839508205,2.0689052243034824
30.0,161.0,130.1399688720703,-0.0256478731421237,1.6056379291936012,-2.46707446943306,-2.1978525526248087,-1.1363399751958083,0.8495727548337197,0.0277665009926215,2.55850122522749,0.1267783823420839,1.7145894489188038
30.0,161.0,205.40724182128903,-1.2471719392371754,0.7338063691250966,-3.6956164114227614,-2.6893020048638974,-1.4361633841990469,0.7509499775402746,-0.0265320376388999,2.5844589496606782,0.2214973721181175,2.0621365244733765
30.0,161.0,130.11087036132812,-0.0269920670710517,1.6054834444335775,-2.47018161498845,-2.200489369902386,-1.13282789547404,0.8461836051164138,0.0286360530585968,2.556817058295205,0.122750074275211,1.7154530643742665
30.0,161.0,130.12989807128906,-0.0276785691152699,1.6097906044639732,-2.4709195274194453,-2.200506571985092,-1.130441875274602,0.8469296861528134,0.0235267460644589,2.557882329662379,0.1223288840452922,1.7141937862333627
30.0,161.0,130.18077087402344,-0.0260468902231209,1.5983578343990732,-2.468957577448791,-2.200842246581117,-1.1295603629790112,0.8551547161894129,0.0266838419047653,2.556337980567533,0.1228386601075636,1.7189292442938289
30.0,161.0,130.14947509765625,-0.0265878033432111,1.6057191627870409,-2.471715409892107,-2.198689063139184,-1.1321482627601072,0.8544690238115497,0.0344679859174902,2.5581475898083745,0.1223609757607841,1.7148494574260558
30.0,161.0,130.1759796142578,-0.0271217458911261,1.6045023178624749,-2.4730649138685123,-2.196172204339367,-1.137520082192677,0.8422974682615045,0.0281237687559989,2.56434348200158,0.1243121587558477,1.715622565996981
30.0,161.0,217.80987548828125,-0.7399219093249991,0.6265199654248446,-3.3812386568411683,-3.115740592719888,-2.4970438835882924,0.4187495791001843,-0.1164287251613381,2.541142812644273,0.2703581298861386,2.0687642066891287
30.0,161.0,201.7044219970703,-0.6552952230338768,0.789537644755984,-3.131677153117997,-2.725862189701337,-1.327890814222953,0.7257755438118074,-0.0264966475501739,2.5879562114865826,0.2411740536822892,2.06908069814025
30.0,161.0,130.17884826660156,-0.0254986038941377,1.597901763186967,-2.4690386388414147,-2.2011035716890994,-1.1308183091852213,0.8547535540519632,0.0266444333300031,2.557189981958263,0.122886575401794,1.7215373757942565
30.0,161.0,207.52395629882807,-1.0172369141889488,0.5097226488719611,-3.674337809841004,-2.8353189978585056,-1.3644168602548383,0.7515932251121955,-0.0172059671688819,2.580125632767812,0.2261450789481383,2.063133829032119
30.0,161.0,130.40394592285156,-0.0251395981926135,1.602565427578024,-2.478486471095417,-2.2057754179964366,-1.1325727629138522,0.8577272238405256,0.0344594642237553,2.5424214562574314,0.1215956875080025,1.7156410670585742
30.0,161.0,130.12234497070312,-0.0281963023023564,1.607983138766233,-2.47207220348178,-2.1982003957362166,-1.1322205757454529,0.847318403553332,0.0241631196656896,2.558210017809466,0.1219390633187435,1.7150237467066978
30.0,161.0,130.24417114257812,-0.0274826218258919,1.6032092794728172,-2.4682498672278896,-2.1989784644195494,-1.1330556707440589,0.8437171635969067,0.0398358381039286,2.557096436767248,0.1207452335881626,1.7276126878805889
30.0,161.0,220.53668212890625,-1.2171966783311097,0.4756538204269566,-3.473961005955754,-3.088961056374514,-1.704597891261704,0.4920041034137272,-0.0918239354140258,2.562499878329205,0.3992523830963432,2.654374933471221
30.0,161.0,130.14657592773438,-0.0252436364348085,1.6147939355247436,-2.467687244636643,-2.198296556735403,-1.132132149962899,0.8561075125035819,0.0330077291067336,2.5584814784758354,0.1200828489731299,1.714419895822393
30.0,161.0,132.71749877929688,-0.0078595506393447,1.6001315134125442,-2.468256618310624,-2.2220468538371327,-1.1316411038392022,0.7973629181735838,0.0466845982182434,2.5614843826250864,0.1063297647455485,1.719911234668632
30.0,161.0,132.8284454345703,0.0383840404691384,1.585894326549994,-2.4791561522401486,-2.180241977941442,-1.1303151845701682,0.8466618125884992,0.031526573723739,2.558772008566495,0.1194193548141075,1.6902957735601165
30.0,161.0,135.4603271484375,0.0688927540469164,1.6252909799984456,-2.457087962575703,-2.232349777443908,-1.1153321567388474,0.8409693364262749,0.0603581986889273,2.548799684310409,0.1329475942521614,1.7348937341822377
30.0,161.0,164.91798400878906,-0.1437161934618982,1.489606584521924,-2.846767052253764,-2.411167177334734,-1.270426390827592,0.8438405469531745,0.0600711944169592,2.561874767574003,0.1433483410966894,1.873594421911412
30.0,161.0,205.4263153076172,-1.0610826982318322,0.7387432132212964,-3.5269101097837323,-2.588175478326636,-1.3746018730768372,0.7544874944278932,-0.0259144887775997,2.5909527780546773,0.210068459110206,2.063579531483645
30.0,161.0,134.2151336669922,-0.0266008127431463,1.6323175277400754,-2.4504389379909144,-2.2232325674742426,-1.1538495835806082,0.7585289697210993,-0.0434258704477416,2.559735147981925,0.1220146205643424,1.7274791794406383
30.0,161.0,130.12106323242188,-0.0268418524415132,1.607971210081246,-2.4712624494244704,-2.199058154505161,-1.1332600567613618,0.8443475714739972,0.0232630546507814,2.5573724150402186,0.1239606100015764,1.7152180370041608
30.0,161.0,130.2588348388672,-0.0268155035225158,1.5978037115202774,-2.468611255640289,-2.2006720960248254,-1.1266289480841782,0.8503449998598901,0.0164581524357002,2.558106124629458,0.1212074184239656,1.7266150074366458
30.0,161.0,203.7299041748047,-1.4671963034076896,0.7718039591814964,-3.521820860113768,-2.7055890962796987,-1.3850800460590984,0.7492558679810841,0.0041742840984898,2.5864682179734686,0.2295821296873494,1.9406396168518183
30.0,161.0,240.0376892089844,-0.818985015422538,0.7325545795717203,-3.463958090524869,-3.1745869837099026,-1.9281247841715203,0.2058466922336207,-0.3766659363291286,2.6001316734345754,0.2265875295001577,2.1979228280822705
30.0,161.0,159.85574340820312,0.0252396825413021,1.6529321782806137,-2.5972660368103093,-2.1497931760405287,-1.2296027951994513,0.8967889501845605,0.0241830396969638,2.6331062960667984,0.1121326128038513,1.598520646037442
30.0,161.0,130.45645141601562,-0.0363739964700082,1.619359955371767,-2.459177339805861,-2.1949649169607794,-1.1299623045790108,0.8393373071625005,0.0394277542386456,2.559593844200528,0.1161289271195126,1.7227814271351625
30.0,161.0,130.1726531982422,-0.02187738092452,1.6069456390122383,-2.4718337158088537,-2.198854309170023,-1.1388231632243635,0.8535326926247407,0.0357541459886722,2.5586697611398086,0.1224151290418882,1.715045960649884
30.0,161.0,130.2286834716797,-0.0271826698003397,1.6145985740423054,-2.4715464473642084,-2.2092197202824924,-1.1394229843027128,0.8541174431154692,0.0225454668945235,2.557668279222869,0.1222537644706667,1.7182035055492069
30.0,161.0,130.30319213867188,-0.0256383360554863,1.6162950046672215,-2.4718356906736574,-2.200556319201771,-1.1380057692619592,0.8523155994810866,0.0411897112958643,2.557896200624997,0.1216018084654769,1.6996851465269172
30.0,161.0,209.853515625,-0.6115977473066232,0.7776220381257966,-3.835539989399004,-2.6171739805113914,-1.275521664933832,0.7366176474541036,-0.0458302544230463,2.584816162634513,0.2980722673261389,2.069972514370848
30.0,161.0,130.15554809570312,-0.028276017672726,1.6088873765647975,-2.4619169578748834,-2.1970794184713225,-1.1314964652939974,0.8525034848377047,0.034897608315422,2.5590669093892884,0.1227354089024558,1.73789585742042
30.0,161.0,130.22972106933594,-0.0145525552392131,1.603926995669682,-2.4685846918530583,-2.1981105493598787,-1.1305852983365927,0.8570387867196437,0.0265408269047751,2.559012577288978,0.1154030558169636,1.7190219868982075
30.0,161.0,245.99302673339844,-0.7494604562313425,0.5827624451646062,-3.1978432976312727,-2.930434860001456,-2.589522757468941,0.4511330050359632,-0.2349149109541924,2.459352546895984,0.2558733024443547,1.86071018527782
30.0,161.0,210.119873046875,-0.7610068930568665,0.5642124147423887,-3.726421416211226,-2.7995431788777383,-1.3708891968054873,0.679066308131347,0.0234932080174868,2.5843400721228726,0.297657964549431,2.1950618999519365
30.0,161.0,130.11378479003906,-0.025418661755612,1.609788619687983,-2.467742468066187,-2.1992159063336043,-1.139393725709663,0.8436331155412066,0.028150739578659,2.558248709560447,0.1245962660378493,1.7154837985515845
30.0,161.0,177.84205627441406,-0.3344296245974757,1.456727943650264,-2.545006175729599,-2.3742213433541144,-1.0416007318729126,0.7776093113480511,0.031023158488282,2.5671596519350386,0.2916437058445463,2.1682998093418884
30.0,161.0,205.575927734375,-0.8160173862793221,0.5906195673798553,-3.5501247184478806,-2.9220737949502533,-1.5276746941164658,0.7254873283981647,-0.0189028447691116,2.5943872451814447,0.2168908645567235,1.9760531472632008
30.0,161.0,130.13316345214844,-0.0227586929501421,1.6081043275543792,-2.4682856111991627,-2.1932304090971884,-1.1331419185378844,0.8550593768296066,0.0317013919848782,2.5581726997599663,0.1222957614446536,1.7206188887985865
30.0,161.0,130.62899780273438,-0.0242292787556977,1.6012337053711958,-2.464579507004121,-2.195260153281381,-1.1143679015637342,0.8785199711550532,0.0315793417836433,2.566001853923271,0.1282982925046728,1.7179030245262106
30.0,161.0,130.18907165527344,-0.0262528851207238,1.5974584251967272,-2.468816970185684,-2.200886649619457,-1.1276400649197336,0.8507476817299163,0.0244560118133023,2.558412121330832,0.1219603704325533,1.7273670293808945
30.0,161.0,211.49984741210932,-0.6023430394608064,0.6862990325442788,-3.3371353581117207,-2.8851573211860253,-1.389844403508281,0.7960834819435386,-0.0731183203058278,2.570385485955568,0.1939850410112546,2.062637422407674
30.0,161.0,130.40269470214844,-0.0336925524517817,1.6101517475534868,-2.469403063635556,-2.194330769696992,-1.1330648551509948,0.8417107317723654,0.017480432277677,2.552745748693522,0.1253633691210977,1.6848860295647454
30.0,161.0,130.31637573242188,-0.0186074072916156,1.6061412668976838,-2.4693381342798624,-2.1936185462684583,-1.1350803436534311,0.832039716122682,0.0292830808432912,2.5541512747537585,0.1228569352251695,1.699720246643455
30.0,161.0,131.47850036621094,-0.0482109867575819,1.595070953507842,-2.465208919588046,-2.161356352001325,-1.1086535445559702,0.8742354972568628,0.0644758361680563,2.566171235006831,0.1290306267162363,1.7637249640635648
30.0,161.0,130.15472412109375,-0.0263475386201413,1.6034435358923471,-2.473031179106798,-2.2002251381787823,-1.1306230406652376,0.8538126505300766,0.0337187634346841,2.5585343718560365,0.122816239835256,1.715614417459707
30.0,161.0,131.2361602783203,-0.0220692456970595,1.59744718855561,-2.4749331952861127,-2.242386412278529,-1.1309225678285506,0.8523441005269395,0.033251440959556,2.5580831916685187,0.1558555047697084,1.8390339515386167
30.0,162.0,130.28216552734375,-0.0275748201393253,1.5973264620130283,-2.4789749340384297,-2.200293511286962,-1.1505465579222698,0.844276046626882,0.020795017564573,2.552147462093643,0.1210382981931647,1.7142914015702737
30.0,162.0,201.4370574951172,-0.4540401323260987,0.8179070478135094,-3.314276906304189,-2.628539443785192,-1.3337882873665527,0.7127938785222587,-0.0269535484838654,2.590339428802196,0.2594558839508205,2.0689052243034824
30.0,162.0,130.11936950683594,-0.0240284794850789,1.6052651515564942,-2.4667590651608067,-2.194181130611165,-1.1269951522718904,0.8505898945756736,0.0274180012573763,2.5581408300810726,0.1211952951294154,1.7135665595755052
30.0,162.0,205.40724182128903,-1.2471719392371754,0.7338063691250966,-3.6956164114227614,-2.6893020048638974,-1.4361633841990469,0.7509499775402746,-0.0265320376388999,2.5844589496606782,0.2214973721181175,2.0621365244733765
30.0,162.0,130.11087036132812,-0.0269920670710517,1.6054834444335775,-2.47018161498845,-2.200489369902386,-1.13282789547404,0.8461836051164138,0.0286360530585968,2.556817058295205,0.122750074275211,1.7154530643742665
30.0,162.0,130.12893676757812,-0.0290661560278603,1.610679264907678,-2.47003192648897,-2.19901478766499,-1.132459054457686,0.8470698773368196,0.029836049842841,2.5599990146134552,0.1228711740054778,1.716245233191566
30.0,162.0,130.18077087402344,-0.0260468902231209,1.5983578343990732,-2.468957577448791,-2.200842246581117,-1.1295603629790112,0.8551547161894129,0.0266838419047653,2.556337980567533,0.1228386601075636,1.7189292442938289
30.0,162.0,130.14947509765625,-0.0265878033432111,1.6057191627870409,-2.471715409892107,-2.198689063139184,-1.1321482627601072,0.8544690238115497,0.0344679859174902,2.5581475898083745,0.1223609757607841,1.7148494574260558
30.0,162.0,130.1759796142578,-0.0271217458911261,1.6045023178624749,-2.4730649138685123,-2.196172204339367,-1.137520082192677,0.8422974682615045,0.0281237687559989,2.56434348200158,0.1243121587558477,1.715622565996981
30.0,162.0,217.80987548828125,-0.7399219093249991,0.6265199654248446,-3.3812386568411683,-3.115740592719888,-2.4970438835882924,0.4187495791001843,-0.1164287251613381,2.541142812644273,0.2703581298861386,2.0687642066891287
30.0,162.0,201.7044219970703,-0.6552952230338768,0.789537644755984,-3.131677153117997,-2.725862189701337,-1.327890814222953,0.7257755438118074,-0.0264966475501739,2.5879562114865826,0.2411740536822892,2.06908069814025
30.0,162.0,130.17884826660156,-0.0254986038941377,1.597901763186967,-2.4690386388414147,-2.2011035716890994,-1.1308183091852213,0.8547535540519632,0.0266444333300031,2.557189981958263,0.122886575401794,1.7215373757942565
30.0,162.0,168.2700958251953,-0.2518884293201345,1.5022292034092235,-2.651594991868935,-2.484489740406878,-1.2066631202873055,0.8339959751370151,0.0086655140988281,2.5738978732939546,0.1593129023447073,2.119382244077528
30.0,162.0,130.40394592285156,-0.0251395981926135,1.602565427578024,-2.478486471095417,-2.2057754179964366,-1.1325727629138522,0.8577272238405256,0.0344594642237553,2.5424214562574314,0.1215956875080025,1.7156410670585742
30.0,162.0,130.12234497070312,-0.0281963023023564,1.607983138766233,-2.47207220348178,-2.1982003957362166,-1.1322205757454529,0.847318403553332,0.0241631196656896,2.558210017809466,0.1219390633187435,1.7150237467066978
30.0,162.0,130.24417114257812,-0.0274826218258919,1.6032092794728172,-2.4682498672278896,-2.1989784644195494,-1.1330556707440589,0.8437171635969067,0.0398358381039286,2.557096436767248,0.1207452335881626,1.7276126878805889
30.0,162.0,220.53668212890625,-1.2171966783311097,0.4756538204269566,-3.473961005955754,-3.088961056374514,-1.704597891261704,0.4920041034137272,-0.0918239354140258,2.562499878329205,0.3992523830963432,2.654374933471221
30.0,162.0,130.10888671875,-0.0250847770297169,1.6125766611988686,-2.466709078562076,-2.198367910536711,-1.1325293394461469,0.8459924973534039,0.022484345642455,2.557662949102429,0.1162061624580331,1.7145794120128168
30.0,162.0,132.71749877929688,-0.0078595506393447,1.6001315134125442,-2.468256618310624,-2.2220468538371327,-1.1316411038392022,0.7973629181735838,0.0466845982182434,2.5614843826250864,0.1063297647455485,1.719911234668632
30.0,162.0,132.8284454345703,0.0383840404691384,1.585894326549994,-2.4791561522401486,-2.180241977941442,-1.1303151845701682,0.8466618125884992,0.031526573723739,2.558772008566495,0.1194193548141075,1.6902957735601165
30.0,162.0,132.07337951660156,-0.0715378268087487,1.601564681424695,-2.4503899232554813,-2.224810845866159,-1.1420162149159725,0.8130826707239752,0.0289945863500373,2.551213123197335,0.1172312303078024,1.723701807607377
30.0,162.0,164.91798400878906,-0.1437161934618982,1.489606584521924,-2.846767052253764,-2.411167177334734,-1.270426390827592,0.8438405469531745,0.0600711944169592,2.561874767574003,0.1433483410966894,1.873594421911412
30.0,162.0,205.4263153076172,-1.0610826982318322,0.7387432132212964,-3.5269101097837323,-2.588175478326636,-1.3746018730768372,0.7544874944278932,-0.0259144887775997,2.5909527780546773,0.210068459110206,2.063579531483645
30.0,162.0,134.2151336669922,-0.0266008127431463,1.6323175277400754,-2.4504389379909144,-2.2232325674742426,-1.1538495835806082,0.7585289697210993,-0.0434258704477416,2.559735147981925,0.1220146205643424,1.7274791794406383
30.0,162.0,130.12106323242188,-0.0268418524415132,1.607971210081246,-2.4712624494244704,-2.199058154505161,-1.1332600567613618,0.8443475714739972,0.0232630546507814,2.5573724150402186,0.1239606100015764,1.7152180370041608
30.0,162.0,130.2588348388672,-0.0268155035225158,1.5978037115202774,-2.468611255640289,-2.2006720960248254,-1.1266289480841782,0.8503449998598901,0.0164581524357002,2.558106124629458,0.1212074184239656,1.7266150074366458
30.0,162.0,203.7299041748047,-1.4671963034076896,0.7718039591814964,-3.521820860113768,-2.7055890962796987,-1.3850800460590984,0.7492558679810841,0.0041742840984898,2.5864682179734686,0.2295821296873494,1.9406396168518183
30.0,162.0,240.0376892089844,-0.818985015422538,0.7325545795717203,-3.463958090524869,-3.1745869837099026,-1.9281247841715203,0.2058466922336207,-0.3766659363291286,2.6001316734345754,0.2265875295001577,2.1979228280822705
30.0,162.0,159.85574340820312,0.0252396825413021,1.6529321782806137,-2.5972660368103093,-2.1497931760405287,-1.2296027951994513,0.8967889501845605,0.0241830396969638,2.6331062960667984,0.1121326128038513,1.598520646037442
30.0,162.0,130.42623901367188,-0.0376540477205038,1.6205916515354644,-2.4562996547237983,-2.1998819791074,-1.1314195774687916,0.8371557926986543,0.0334606804627315,2.5600756227547588,0.1179014995311916,1.7170495386411857
30.0,162.0,130.1726531982422,-0.02187738092452,1.6069456390122383,-2.4718337158088537,-2.198854309170023,-1.1388231632243635,0.8535326926247407,0.0357541459886722,2.5586697611398086,0.1224151290418882,1.715045960649884
30.0,162.0,130.2286834716797,-0.0271826698003397,1.6145985740423054,-2.4715464473642084,-2.2092197202824924,-1.1394229843027128,0.8541174431154692,0.0225454668945235,2.557668279222869,0.1222537644706667,1.7182035055492069
30.0,162.0,130.13674926757812,-0.0209826798819658,1.6080500886043,-2.470375266539364,-2.19963815303328,-1.1293346286494517,0.8491485902799436,0.021076697051656,2.554119835006297,0.1213172854602372,1.7082725873239852
30.0,162.0,209.853515625,-0.6115977473066232,0.7776220381257966,-3.835539989399004,-2.6171739805113914,-1.275521664933832,0.7366176474541036,-0.0458302544230463,2.584816162634513,0.2980722673261389,2.069972514370848
30.0,162.0,130.1309051513672,-0.0272858821878142,1.6108233957323643,-2.4710811567914925,-2.1985903613276343,-1.133349495233834,0.8482270390099167,0.0302107637512672,2.5568500433798644,0.1254928358220491,1.721579884648463
30.0,162.0,130.22972106933594,-0.0145525552392131,1.603926995669682,-2.4685846918530583,-2.1981105493598787,-1.1305852983365927,0.8570387867196437,0.0265408269047751,2.559012577288978,0.1154030558169636,1.7190219868982075
30.0,162.0,245.99302673339844,-0.7494604562313425,0.5827624451646062,-3.1978432976312727,-2.930434860001456,-2.589522757468941,0.4511330050359632,-0.2349149109541924,2.459352546895984,0.2558733024443547,1.86071018527782
30.0,162.0,210.119873046875,-0.7610068930568665,0.5642124147423887,-3.726421416211226,-2.7995431788777383,-1.3708891968054873,0.679066308131347,0.0234932080174868,2.5843400721228726,0.297657964549431,2.1950618999519365
30.0,162.0,130.11378479003906,-0.025418661755612,1.609788619687983,-2.467742468066187,-2.1992159063336043,-1.139393725709663,0.8436331155412066,0.028150739578659,2.558248709560447,0.1245962660378493,1.7154837985515845
30.0,162.0,177.84205627441406,-0.3344296245974757,1.456727943650264,-2.545006175729599,-2.3742213433541144,-1.0416007318729126,0.7776093113480511,0.031023158488282,2.5671596519350386,0.2916437058445463,2.1682998093418884
30.0,162.0,205.575927734375,-0.8160173862793221,0.5906195673798553,-3.5501247184478806,-2.9220737949502533,-1.5276746941164658,0.7254873283981647,-0.0189028447691116,2.5943872451814447,0.2168908645567235,1.9760531472632008
30.0,162.0,130.13316345214844,-0.0227586929501421,1.6081043275543792,-2.4682856111991627,-2.1932304090971884,-1.1331419185378844,0.8550593768296066,0.0317013919848782,2.5581726997599663,0.1222957614446536,1.7206188887985865
30.0,162.0,130.62899780273438,-0.0242292787556977,1.6012337053711958,-2.464579507004121,-2.195260153281381,-1.1143679015637342,0.8785199711550532,0.0315793417836433,2.566001853923271,0.1282982925046728,1.7179030245262106
30.0,162.0,130.18907165527344,-0.0262528851207238,1.5974584251967272,-2.468816970185684,-2.200886649619457,-1.1276400649197336,0.8507476817299163,0.0244560118133023,2.558412121330832,0.1219603704325533,1.7273670293808945
30.0,162.0,211.49984741210932,-0.6023430394608064,0.6862990325442788,-3.3371353581117207,-2.8851573211860253,-1.389844403508281,0.7960834819435386,-0.0731183203058278,2.570385485955568,0.1939850410112546,2.062637422407674
30.0,162.0,130.40269470214844,-0.0336925524517817,1.6101517475534868,-2.469403063635556,-2.194330769696992,-1.1330648551509948,0.8417107317723654,0.017480432277677,2.552745748693522,0.1253633691210977,1.6848860295647454
30.0,162.0,130.1323699951172,-0.0179663503966487,1.605455184410784,-2.470201238338872,-2.198832438574263,-1.1329015183021365,0.8504842291538732,0.0267476509743195,2.555436415752527,0.1170733635180431,1.6941764639762558
30.0,162.0,131.47850036621094,-0.0482109867575819,1.595070953507842,-2.465208919588046,-2.161356352001325,-1.1086535445559702,0.8742354972568628,0.0644758361680563,2.566171235006831,0.1290306267162363,1.7637249640635648
30.0,162.0,130.15472412109375,-0.0263475386201413,1.6034435358923471,-2.473031179106798,-2.2002251381787823,-1.1306230406652376,0.8538126505300766,0.0337187634346841,2.5585343718560365,0.122816239835256,1.715614417459707
30.0,162.0,131.2361602783203,-0.0220692456970595,1.59744718855561,-2.4749331952861127,-2.242386412278529,-1.1309225678285506,0.8523441005269395,0.033251440959556,2.5580831916685187,0.1558555047697084,1.8390339515386167
30.0,163.0,130.28216552734375,-0.0275748201393253,1.5973264620130283,-2.4789749340384297,-2.200293511286962,-1.1505465579222698,0.844276046626882,0.020795017564573,2.552147462093643,0.1210382981931647,1.7142914015702737
30.0,163.0,201.4370574951172,-0.4540401323260987,0.8179070478135094,-3.314276906304189,-2.628539443785192,-1.3337882873665527,0.7127938785222587,-0.0269535484838654,2.590339428802196,0.2594558839508205,2.0689052243034824
30.0,163.0,130.11936950683594,-0.0240284794850789,1.6052651515564942,-2.4667590651608067,-2.194181130611165,-1.1269951522718904,0.8505898945756736,0.0274180012573763,2.5581408300810726,0.1211952951294154,1.7135665595755052
30.0,163.0,205.40724182128903,-1.2471719392371754,0.7338063691250966,-3.6956164114227614,-2.6893020048638974,-1.4361633841990469,0.7509499775402746,-0.0265320376388999,2.5844589496606782,0.2214973721181175,2.0621365244733765
30.0,163.0,130.11087036132812,-0.0269920670710517,1.6054834444335775,-2.47018161498845,-2.200489369902386,-1.13282789547404,0.8461836051164138,0.0286360530585968,2.556817058295205,0.122750074275211,1.7154530643742665
30.0,163.0,130.123046875,-0.0251351480231935,1.616314897051794,-2.4631477653908544,-2.1970617322795025,-1.1338861285853985,0.8450746434736254,0.0278199421035963,2.5618786550462853,0.121922729185624,1.7128000922872118
30.0,163.0,130.18077087402344,-0.0260468902231209,1.5983578343990732,-2.468957577448791,-2.200842246581117,-1.1295603629790112,0.8551547161894129,0.0266838419047653,2.556337980567533,0.1228386601075636,1.7189292442938289
30.0,163.0,130.14947509765625,-0.0265878033432111,1.6057191627870409,-2.471715409892107,-2.198689063139184,-1.1321482627601072,0.8544690238115497,0.0344679859174902,2.5581475898083745,0.1223609757607841,1.7148494574260558
30.0,163.0,130.17379760742188,-0.0255078576606857,1.6070296033809692,-2.471352612121822,-2.195502899272564,-1.1367019434824237,0.8426960462889544,0.0235968624718642,2.5542548687826674,0.1095641685151268,1.7127938240402956
30.0,163.0,217.80987548828125,-0.7399219093249991,0.6265199654248446,-3.3812386568411683,-3.115740592719888,-2.4970438835882924,0.4187495791001843,-0.1164287251613381,2.541142812644273,0.2703581298861386,2.0687642066891287
30.0,163.0,201.7044219970703,-0.6552952230338768,0.789537644755984,-3.131677153117997,-2.725862189701337,-1.327890814222953,0.7257755438118074,-0.0264966475501739,2.5879562114865826,0.2411740536822892,2.06908069814025
30.0,163.0,130.17884826660156,-0.0254986038941377,1.597901763186967,-2.4690386388414147,-2.2011035716890994,-1.1308183091852213,0.8547535540519632,0.0266444333300031,2.557189981958263,0.122886575401794,1.7215373757942565
30.0,163.0,168.2700958251953,-0.2518884293201345,1.5022292034092235,-2.651594991868935,-2.484489740406878,-1.2066631202873055,0.8339959751370151,0.0086655140988281,2.5738978732939546,0.1593129023447073,2.119382244077528
30.0,163.0,130.35623168945312,-0.0274998522394151,1.6054584697409735,-2.465953312522413,-2.191165247805399,-1.1188084587336626,0.8399454665972319,0.0307153727975453,2.5488050245166654,0.1139321845621991,1.7158908464179798
30.0,163.0,130.12234497070312,-0.0281963023023564,1.607983138766233,-2.47207220348178,-2.1982003957362166,-1.1322205757454529,0.847318403553332,0.0241631196656896,2.558210017809466,0.1219390633187435,1.7150237467066978
30.0,163.0,130.24417114257812,-0.0274826218258919,1.6032092794728172,-2.4682498672278896,-2.1989784644195494,-1.1330556707440589,0.8437171635969067,0.0398358381039286,2.557096436767248,0.1207452335881626,1.7276126878805889
30.0,163.0,220.53668212890625,-1.2171966783311097,0.4756538204269566,-3.473961005955754,-3.088961056374514,-1.704597891261704,0.4920041034137272,-0.0918239354140258,2.562499878329205,0.3992523830963432,2.654374933471221
30.0,163.0,130.10888671875,-0.0250847770297169,1.6125766611988686,-2.466709078562076,-2.198367910536711,-1.1325293394461469,0.8459924973534039,0.022484345642455,2.557662949102429,0.1162061624580331,1.7145794120128168
30.0,163.0,132.71749877929688,-0.0078595506393447,1.6001315134125442,-2.468256618310624,-2.2220468538371327,-1.1316411038392022,0.7973629181735838,0.0466845982182434,2.5614843826250864,0.1063297647455485,1.719911234668632
30.0,163.0,132.8284454345703,0.0383840404691384,1.585894326549994,-2.4791561522401486,-2.180241977941442,-1.1303151845701682,0.8466618125884992,0.031526573723739,2.558772008566495,0.1194193548141075,1.6902957735601165
30.0,163.0,132.07337951660156,-0.0715378268087487,1.601564681424695,-2.4503899232554813,-2.224810845866159,-1.1420162149159725,0.8130826707239752,0.0289945863500373,2.551213123197335,0.1172312303078024,1.723701807607377
30.0,163.0,164.91798400878906,-0.1437161934618982,1.489606584521924,-2.846767052253764,-2.411167177334734,-1.270426390827592,0.8438405469531745,0.0600711944169592,2.561874767574003,0.1433483410966894,1.873594421911412
30.0,163.0,205.4263153076172,-1.0610826982318322,0.7387432132212964,-3.5269101097837323,-2.588175478326636,-1.3746018730768372,0.7544874944278932,-0.0259144887775997,2.5909527780546773,0.210068459110206,2.063579531483645
30.0,163.0,134.2151336669922,-0.0266008127431463,1.6323175277400754,-2.4504389379909144,-2.2232325674742426,-1.1538495835806082,0.7585289697210993,-0.0434258704477416,2.559735147981925,0.1220146205643424,1.7274791794406383
30.0,163.0,130.12106323242188,-0.0268418524415132,1.607971210081246,-2.4712624494244704,-2.199058154505161,-1.1332600567613618,0.8443475714739972,0.0232630546507814,2.5573724150402186,0.1239606100015764,1.7152180370041608
30.0,163.0,130.2588348388672,-0.0268155035225158,1.5978037115202774,-2.468611255640289,-2.2006720960248254,-1.1266289480841782,0.8503449998598901,0.0164581524357002,2.558106124629458,0.1212074184239656,1.7266150074366458
30.0,163.0,203.7299041748047,-1.4671963034076896,0.7718039591814964,-3.521820860113768,-2.7055890962796987,-1.3850800460590984,0.7492558679810841,0.0041742840984898,2.5864682179734686,0.2295821296873494,1.9406396168518183
30.0,163.0,240.0376892089844,-0.818985015422538,0.7325545795717203,-3.463958090524869,-3.1745869837099026,-1.9281247841715203,0.2058466922336207,-0.3766659363291286,2.6001316734345754,0.2265875295001577,2.1979228280822705
30.0,163.0,159.85574340820312,0.0252396825413021,1.6529321782806137,-2.5972660368103093,-2.1497931760405287,-1.2296027951994513,0.8967889501845605,0.0241830396969638,2.6331062960667984,0.1121326128038513,1.598520646037442
30.0,163.0,130.16990661621094,-0.012939424148688,1.6217921971114029,-2.466866915145127,-2.195744515149266,-1.1316151888272783,0.8549451489716492,0.0278345908974274,2.55637382281483,0.1141129869668094,1.7050849569878228
30.0,163.0,130.1726531982422,-0.02187738092452,1.6069456390122383,-2.4718337158088537,-2.198854309170023,-1.1388231632243635,0.8535326926247407,0.0357541459886722,2.5586697611398086,0.1224151290418882,1.715045960649884
30.0,163.0,130.2286834716797,-0.0271826698003397,1.6145985740423054,-2.4715464473642084,-2.2092197202824924,-1.1394229843027128,0.8541174431154692,0.0225454668945235,2.557668279222869,0.1222537644706667,1.7182035055492069
30.0,163.0,130.13674926757812,-0.0209826798819658,1.6080500886043,-2.470375266539364,-2.19963815303328,-1.1293346286494517,0.8491485902799436,0.021076697051656,2.554119835006297,0.1213172854602372,1.7082725873239852
30.0,163.0,209.853515625,-0.6115977473066232,0.7776220381257966,-3.835539989399004,-2.6171739805113914,-1.275521664933832,0.7366176474541036,-0.0458302544230463,2.584816162634513,0.2980722673261389,2.069972514370848
30.0,163.0,130.1309051513672,-0.0272858821878142,1.6108233957323643,-2.4710811567914925,-2.1985903613276343,-1.133349495233834,0.8482270390099167,0.0302107637512672,2.5568500433798644,0.1254928358220491,1.721579884648463
30.0,163.0,130.22972106933594,-0.0145525552392131,1.603926995669682,-2.4685846918530583,-2.1981105493598787,-1.1305852983365927,0.8570387867196437,0.0265408269047751,2.559012577288978,0.1154030558169636,1.7190219868982075
30.0,163.0,245.99302673339844,-0.7494604562313425,0.5827624451646062,-3.1978432976312727,-2.930434860001456,-2.589522757468941,0.4511330050359632,-0.2349149109541924,2.459352546895984,0.2558733024443547,1.86071018527782
30.0,163.0,210.119873046875,-0.7610068930568665,0.5642124147423887,-3.726421416211226,-2.7995431788777383,-1.3708891968054873,0.679066308131347,0.0234932080174868,2.5843400721228726,0.297657964549431,2.1950618999519365
30.0,163.0,130.11378479003906,-0.025418661755612,1.609788619687983,-2.467742468066187,-2.1992159063336043,-1.139393725709663,0.8436331155412066,0.028150739578659,2.558248709560447,0.1245962660378493,1.7154837985515845
30.0,163.0,177.84205627441406,-0.3344296245974757,1.456727943650264,-2.545006175729599,-2.3742213433541144,-1.0416007318729126,0.7776093113480511,0.031023158488282,2.5671596519350386,0.2916437058445463,2.1682998093418884
30.0,163.0,205.575927734375,-0.8160173862793221,0.5906195673798553,-3.5501247184478806,-2.9220737949502533,-1.5276746941164658,0.7254873283981647,-0.0189028447691116,2.5943872451814447,0.2168908645567235,1.9760531472632008
30.0,163.0,130.13316345214844,-0.0227586929501421,1.6081043275543792,-2.4682856111991627,-2.1932304090971884,-1.1331419185378844,0.8550593768296066,0.0317013919848782,2.5581726997599663,0.1222957614446536,1.7206188887985865
30.0,163.0,130.62899780273438,-0.0242292787556977,1.6012337053711958,-2.464579507004121,-2.195260153281381,-1.1143679015637342,0.8785199711550532,0.0315793417836433,2.566001853923271,0.1282982925046728,1.7179030245262106
30.0,163.0,130.18907165527344,-0.0262528851207238,1.5974584251967272,-2.468816970185684,-2.200886649619457,-1.1276400649197336,0.8507476817299163,0.0244560118133023,2.558412121330832,0.1219603704325533,1.7273670293808945
30.0,163.0,211.49984741210932,-0.6023430394608064,0.6862990325442788,-3.3371353581117207,-2.8851573211860253,-1.389844403508281,0.7960834819435386,-0.0731183203058278,2.570385485955568,0.1939850410112546,2.062637422407674
30.0,163.0,130.40269470214844,-0.0336925524517817,1.6101517475534868,-2.469403063635556,-2.194330769696992,-1.1330648551509948,0.8417107317723654,0.017480432277677,2.552745748693522,0.1253633691210977,1.6848860295647454
30.0,163.0,130.1323699951172,-0.0179663503966487,1.605455184410784,-2.470201238338872,-2.198832438574263,-1.1329015183021365,0.8504842291538732,0.0267476509743195,2.555436415752527,0.1170733635180431,1.6941764639762558
30.0,163.0,131.47850036621094,-0.0482109867575819,1.595070953507842,-2.465208919588046,-2.161356352001325,-1.1086535445559702,0.8742354972568628,0.0644758361680563,2.566171235006831,0.1290306267162363,1.7637249640635648
30.0,163.0,130.15472412109375,-0.0263475386201413,1.6034435358923471,-2.473031179106798,-2.2002251381787823,-1.1306230406652376,0.8538126505300766,0.0337187634346841,2.5585343718560365,0.122816239835256,1.715614417459707
30.0,163.0,131.2361602783203,-0.0220692456970595,1.59744718855561,-2.4749331952861127,-2.242386412278529,-1.1309225678285506,0.8523441005269395,0.033251440959556,2.5580831916685187,0.1558555047697084,1.8390339515386167
30.0,164.0,130.28216552734375,-0.0275748201393253,1.5973264620130283,-2.4789749340384297,-2.200293511286962,-1.1505465579222698,0.844276046626882,0.020795017564573,2.552147462093643,0.1210382981931647,1.7142914015702737
30.0,164.0,201.4370574951172,-0.4540401323260987,0.8179070478135094,-3.314276906304189,-2.628539443785192,-1.3337882873665527,0.7127938785222587,-0.0269535484838654,2.590339428802196,0.2594558839508205,2.0689052243034824
30.0,164.0,130.11936950683594,-0.0240284794850789,1.6052651515564942,-2.4667590651608067,-2.194181130611165,-1.1269951522718904,0.8505898945756736,0.0274180012573763,2.5581408300810726,0.1211952951294154,1.7135665595755052
30.0,164.0,205.40724182128903,-1.2471719392371754,0.7338063691250966,-3.6956164114227614,-2.6893020048638974,-1.4361633841990469,0.7509499775402746,-0.0265320376388999,2.5844589496606782,0.2214973721181175,2.0621365244733765
30.0,164.0,130.11087036132812,-0.0269920670710517,1.6054834444335775,-2.47018161498845,-2.200489369902386,-1.13282789547404,0.8461836051164138,0.0286360530585968,2.556817058295205,0.122750074275211,1.7154530643742665
30.0,164.0,130.10536193847656,-0.0235538359742939,1.6114951935497412,-2.463722332766263,-2.197057806555596,-1.1336878616068975,0.8458354950743165,0.0211062227208712,2.558193656229544,0.1161264643964604,1.713668886652113
30.0,164.0,130.18077087402344,-0.0260468902231209,1.5983578343990732,-2.468957577448791,-2.200842246581117,-1.1295603629790112,0.8551547161894129,0.0266838419047653,2.556337980567533,0.1228386601075636,1.7189292442938289
30.0,164.0,130.14947509765625,-0.0265878033432111,1.6057191627870409,-2.471715409892107,-2.198689063139184,-1.1321482627601072,0.8544690238115497,0.0344679859174902,2.5581475898083745,0.1223609757607841,1.7148494574260558
30.0,164.0,130.17379760742188,-0.0255078576606857,1.6070296033809692,-2.471352612121822,-2.195502899272564,-1.1367019434824237,0.8426960462889544,0.0235968624718642,2.5542548687826674,0.1095641685151268,1.7127938240402956
30.0,164.0,217.80987548828125,-0.7399219093249991,0.6265199654248446,-3.3812386568411683,-3.115740592719888,-2.4970438835882924,0.4187495791001843,-0.1164287251613381,2.541142812644273,0.2703581298861386,2.0687642066891287
30.0,164.0,201.7044219970703,-0.6552952230338768,0.789537644755984,-3.131677153117997,-2.725862189701337,-1.327890814222953,0.7257755438118074,-0.0264966475501739,2.5879562114865826,0.2411740536822892,2.06908069814025
30.0,164.0,130.17884826660156,-0.0254986038941377,1.597901763186967,-2.4690386388414147,-2.2011035716890994,-1.1308183091852213,0.8547535540519632,0.0266444333300031,2.557189981958263,0.122886575401794,1.7215373757942565
30.0,164.0,168.2700958251953,-0.2518884293201345,1.5022292034092235,-2.651594991868935,-2.484489740406878,-1.2066631202873055,0.8339959751370151,0.0086655140988281,2.5738978732939546,0.1593129023447073,2.119382244077528
30.0,164.0,130.35623168945312,-0.0274998522394151,1.6054584697409735,-2.465953312522413,-2.191165247805399,-1.1188084587336626,0.8399454665972319,0.0307153727975453,2.5488050245166654,0.1139321845621991,1.7158908464179798
30.0,164.0,130.12234497070312,-0.0281963023023564,1.607983138766233,-2.47207220348178,-2.1982003957362166,-1.1322205757454529,0.847318403553332,0.0241631196656896,2.558210017809466,0.1219390633187435,1.7150237467066978
30.0,164.0,130.24417114257812,-0.0274826218258919,1.6032092794728172,-2.4682498672278896,-2.1989784644195494,-1.1330556707440589,0.8437171635969067,0.0398358381039286,2.557096436767248,0.1207452335881626,1.7276126878805889
30.0,164.0,220.53668212890625,-1.2171966783311097,0.4756538204269566,-3.473961005955754,-3.088961056374514,-1.704597891261704,0.4920041034137272,-0.0918239354140258,2.562499878329205,0.3992523830963432,2.654374933471221
30.0,164.0,130.10888671875,-0.0250847770297169,1.6125766611988686,-2.466709078562076,-2.198367910536711,-1.1325293394461469,0.8459924973534039,0.022484345642455,2.557662949102429,0.1162061624580331,1.7145794120128168
30.0,164.0,132.71749877929688,-0.0078595506393447,1.6001315134125442,-2.468256618310624,-2.2220468538371327,-1.1316411038392022,0.7973629181735838,0.0466845982182434,2.5614843826250864,0.1063297647455485,1.719911234668632
30.0,164.0,130.80857849121094,0.0145218934703841,1.610248098857297,-2.481924809760831,-2.195733945913022,-1.134006678213119,0.845644185302131,0.0292044645126772,2.558853906555955,0.1174055773804923,1.7141513569966849
30.0,164.0,132.07337951660156,-0.0715378268087487,1.601564681424695,-2.4503899232554813,-2.224810845866159,-1.1420162149159725,0.8130826707239752,0.0289945863500373,2.551213123197335,0.1172312303078024,1.723701807607377
30.0,164.0,164.91798400878906,-0.1437161934618982,1.489606584521924,-2.846767052253764,-2.411167177334734,-1.270426390827592,0.8438405469531745,0.0600711944169592,2.561874767574003,0.1433483410966894,1.873594421911412
30.0,164.0,205.4263153076172,-1.0610826982318322,0.7387432132212964,-3.5269101097837323,-2.588175478326636,-1.3746018730768372,0.7544874944278932,-0.0259144887775997,2.5909527780546773,0.210068459110206,2.063579531483645
30.0,164.0,134.2151336669922,-0.0266008127431463,1.6323175277400754,-2.4504389379909144,-2.2232325674742426,-1.1538495835806082,0.7585289697210993,-0.0434258704477416,2.559735147981925,0.1220146205643424,1.7274791794406383
30.0,164.0,130.12106323242188,-0.0268418524415132,1.607971210081246,-2.4712624494244704,-2.199058154505161,-1.1332600567613618,0.8443475714739972,0.0232630546507814,2.5573724150402186,0.1239606100015764,1.7152180370041608
30.0,164.0,130.2588348388672,-0.0268155035225158,1.5978037115202774,-2.468611255640289,-2.2006720960248254,-1.1266289480841782,0.8503449998598901,0.0164581524357002,2.558106124629458,0.1212074184239656,1.7266150074366458
30.0,164.0,203.7299041748047,-1.4671963034076896,0.7718039591814964,-3.521820860113768,-2.7055890962796987,-1.3850800460590984,0.7492558679810841,0.0041742840984898,2.5864682179734686,0.2295821296873494,1.9406396168518183
30.0,164.0,240.0376892089844,-0.818985015422538,0.7325545795717203,-3.463958090524869,-3.1745869837099026,-1.9281247841715203,0.2058466922336207,-0.3766659363291286,2.6001316734345754,0.2265875295001577,2.1979228280822705
30.0,164.0,159.85574340820312,0.0252396825413021,1.6529321782806137,-2.5972660368103093,-2.1497931760405287,-1.2296027951994513,0.8967889501845605,0.0241830396969638,2.6331062960667984,0.1121326128038513,1.598520646037442
30.0,164.0,130.16465759277344,-0.0115986428521521,1.609831298987195,-2.470868451844657,-2.194620570421125,-1.1331348624863191,0.8463798079676619,0.0227007394528765,2.554958864364925,0.1157227056279474,1.7152797910850488
30.0,164.0,130.1726531982422,-0.02187738092452,1.6069456390122383,-2.4718337158088537,-2.198854309170023,-1.1388231632243635,0.8535326926247407,0.0357541459886722,2.5586697611398086,0.1224151290418882,1.715045960649884
30.0,164.0,130.2286834716797,-0.0271826698003397,1.6145985740423054,-2.4715464473642084,-2.2092197202824924,-1.1394229843027128,0.8541174431154692,0.0225454668945235,2.557668279222869,0.1222537644706667,1.7182035055492069
30.0,164.0,130.12437438964844,-0.0257409681054672,1.6083225365172191,-2.4668011944489097,-2.1984240027905857,-1.1340825305968667,0.8496134994215216,0.018477910920555,2.5557054871019647,0.1141857563979933,1.7034112362133784
30.0,164.0,209.853515625,-0.6115977473066232,0.7776220381257966,-3.835539989399004,-2.6171739805113914,-1.275521664933832,0.7366176474541036,-0.0458302544230463,2.584816162634513,0.2980722673261389,2.069972514370848
30.0,164.0,130.1309051513672,-0.0272858821878142,1.6108233957323643,-2.4710811567914925,-2.1985903613276343,-1.133349495233834,0.8482270390099167,0.0302107637512672,2.5568500433798644,0.1254928358220491,1.721579884648463
30.0,164.0,130.22972106933594,-0.0145525552392131,1.603926995669682,-2.4685846918530583,-2.1981105493598787,-1.1305852983365927,0.8570387867196437,0.0265408269047751,2.559012577288978,0.1154030558169636,1.7190219868982075
30.0,164.0,245.99302673339844,-0.7494604562313425,0.5827624451646062,-3.1978432976312727,-2.930434860001456,-2.589522757468941,0.4511330050359632,-0.2349149109541924,2.459352546895984,0.2558733024443547,1.86071018527782
30.0,164.0,210.119873046875,-0.7610068930568665,0.5642124147423887,-3.726421416211226,-2.7995431788777383,-1.3708891968054873,0.679066308131347,0.0234932080174868,2.5843400721228726,0.297657964549431,2.1950618999519365
30.0,164.0,130.11378479003906,-0.025418661755612,1.609788619687983,-2.467742468066187,-2.1992159063336043,-1.139393725709663,0.8436331155412066,0.028150739578659,2.558248709560447,0.1245962660378493,1.7154837985515845
30.0,164.0,177.84205627441406,-0.3344296245974757,1.456727943650264,-2.545006175729599,-2.3742213433541144,-1.0416007318729126,0.7776093113480511,0.031023158488282,2.5671596519350386,0.2916437058445463,2.1682998093418884
30.0,164.0,205.575927734375,-0.8160173862793221,0.5906195673798553,-3.5501247184478806,-2.9220737949502533,-1.5276746941164658,0.7254873283981647,-0.0189028447691116,2.5943872451814447,0.2168908645567235,1.9760531472632008
30.0,164.0,130.13316345214844,-0.0227586929501421,1.6081043275543792,-2.4682856111991627,-2.1932304090971884,-1.1331419185378844,0.8550593768296066,0.0317013919848782,2.5581726997599663,0.1222957614446536,1.7206188887985865
30.0,164.0,130.62899780273438,-0.0242292787556977,1.6012337053711958,-2.464579507004121,-2.195260153281381,-1.1143679015637342,0.8785199711550532,0.0315793417836433,2.566001853923271,0.1282982925046728,1.7179030245262106
30.0,164.0,130.18907165527344,-0.0262528851207238,1.5974584251967272,-2.468816970185684,-2.200886649619457,-1.1276400649197336,0.8507476817299163,0.0244560118133023,2.558412121330832,0.1219603704325533,1.7273670293808945
30.0,164.0,211.49984741210932,-0.6023430394608064,0.6862990325442788,-3.3371353581117207,-2.8851573211860253,-1.389844403508281,0.7960834819435386,-0.0731183203058278,2.570385485955568,0.1939850410112546,2.062637422407674
30.0,164.0,130.40269470214844,-0.0336925524517817,1.6101517475534868,-2.469403063635556,-2.194330769696992,-1.1330648551509948,0.8417107317723654,0.017480432277677,2.552745748693522,0.1253633691210977,1.6848860295647454
30.0,164.0,130.1323699951172,-0.0179663503966487,1.605455184410784,-2.470201238338872,-2.198832438574263,-1.1329015183021365,0.8504842291538732,0.0267476509743195,2.555436415752527,0.1170733635180431,1.6941764639762558
30.0,164.0,131.47850036621094,-0.0482109867575819,1.595070953507842,-2.465208919588046,-2.161356352001325,-1.1086535445559702,0.8742354972568628,0.0644758361680563,2.566171235006831,0.1290306267162363,1.7637249640635648
30.0,164.0,130.15472412109375,-0.0263475386201413,1.6034435358923471,-2.473031179106798,-2.2002251381787823,-1.1306230406652376,0.8538126505300766,0.0337187634346841,2.5585343718560365,0.122816239835256,1.715614417459707
30.0,164.0,131.2361602783203,-0.0220692456970595,1.59744718855561,-2.4749331952861127,-2.242386412278529,-1.1309225678285506,0.8523441005269395,0.033251440959556,2.5580831916685187,0.1558555047697084,1.8390339515386167
30.0,165.0,130.28216552734375,-0.0275748201393253,1.5973264620130283,-2.4789749340384297,-2.200293511286962,-1.1505465579222698,0.844276046626882,0.020795017564573,2.552147462093643,0.1210382981931647,1.7142914015702737
30.0,165.0,201.4370574951172,-0.4540401323260987,0.8179070478135094,-3.314276906304189,-2.628539443785192,-1.3337882873665527,0.7127938785222587,-0.0269535484838654,2.590339428802196,0.2594558839508205,2.0689052243034824
30.0,165.0,130.11936950683594,-0.0240284794850789,1.6052651515564942,-2.4667590651608067,-2.194181130611165,-1.1269951522718904,0.8505898945756736,0.0274180012573763,2.5581408300810726,0.1211952951294154,1.7135665595755052
30.0,165.0,205.40724182128903,-1.2471719392371754,0.7338063691250966,-3.6956164114227614,-2.6893020048638974,-1.4361633841990469,0.7509499775402746,-0.0265320376388999,2.5844589496606782,0.2214973721181175,2.0621365244733765
30.0,165.0,130.11087036132812,-0.0269920670710517,1.6054834444335775,-2.47018161498845,-2.200489369902386,-1.13282789547404,0.8461836051164138,0.0286360530585968,2.556817058295205,0.122750074275211,1.7154530643742665
30.0,165.0,130.10536193847656,-0.0235538359742939,1.6114951935497412,-2.463722332766263,-2.197057806555596,-1.1336878616068975,0.8458354950743165,0.0211062227208712,2.558193656229544,0.1161264643964604,1.713668886652113
30.0,165.0,130.18077087402344,-0.0260468902231209,1.5983578343990732,-2.468957577448791,-2.200842246581117,-1.1295603629790112,0.8551547161894129,0.0266838419047653,2.556337980567533,0.1228386601075636,1.7189292442938289
30.0,165.0,130.14947509765625,-0.0265878033432111,1.6057191627870409,-2.471715409892107,-2.198689063139184,-1.1321482627601072,0.8544690238115497,0.0344679859174902,2.5581475898083745,0.1223609757607841,1.7148494574260558
30.0,165.0,130.17379760742188,-0.0255078576606857,1.6070296033809692,-2.471352612121822,-2.195502899272564,-1.1367019434824237,0.8426960462889544,0.0235968624718642,2.5542548687826674,0.1095641685151268,1.7127938240402956
30.0,165.0,217.80987548828125,-0.7399219093249991,0.6265199654248446,-3.3812386568411683,-3.115740592719888,-2.4970438835882924,0.4187495791001843,-0.1164287251613381,2.541142812644273,0.2703581298861386,2.0687642066891287
30.0,165.0,201.7044219970703,-0.6552952230338768,0.789537644755984,-3.131677153117997,-2.725862189701337,-1.327890814222953,0.7257755438118074,-0.0264966475501739,2.5879562114865826,0.2411740536822892,2.06908069814025
30.0,165.0,130.17884826660156,-0.0254986038941377,1.597901763186967,-2.4690386388414147,-2.2011035716890994,-1.1308183091852213,0.8547535540519632,0.0266444333300031,2.557189981958263,0.122886575401794,1.7215373757942565
30.0,165.0,168.2700958251953,-0.2518884293201345,1.5022292034092235,-2.651594991868935,-2.484489740406878,-1.2066631202873055,0.8339959751370151,0.0086655140988281,2.5738978732939546,0.1593129023447073,2.119382244077528
30.0,165.0,130.24179077148438,-0.0260239143151743,1.6175782751582,-2.4649761234113576,-2.195783890213232,-1.1342079724290812,0.8450042547959722,0.0098654759412035,2.554699091392606,0.1163823427465246,1.7140498610429002
30.0,165.0,130.12234497070312,-0.0281963023023564,1.607983138766233,-2.47207220348178,-2.1982003957362166,-1.1322205757454529,0.847318403553332,0.0241631196656896,2.558210017809466,0.1219390633187435,1.7150237467066978
30.0,165.0,130.24417114257812,-0.0274826218258919,1.6032092794728172,-2.4682498672278896,-2.1989784644195494,-1.1330556707440589,0.8437171635969067,0.0398358381039286,2.557096436767248,0.1207452335881626,1.7276126878805889
30.0,165.0,220.53668212890625,-1.2171966783311097,0.4756538204269566,-3.473961005955754,-3.088961056374514,-1.704597891261704,0.4920041034137272,-0.0918239354140258,2.562499878329205,0.3992523830963432,2.654374933471221
30.0,165.0,130.10888671875,-0.0250847770297169,1.6125766611988686,-2.466709078562076,-2.198367910536711,-1.1325293394461469,0.8459924973534039,0.022484345642455,2.557662949102429,0.1162061624580331,1.7145794120128168
30.0,165.0,132.71749877929688,-0.0078595506393447,1.6001315134125442,-2.468256618310624,-2.2220468538371327,-1.1316411038392022,0.7973629181735838,0.0466845982182434,2.5614843826250864,0.1063297647455485,1.719911234668632
30.0,165.0,130.80857849121094,0.0145218934703841,1.610248098857297,-2.481924809760831,-2.195733945913022,-1.134006678213119,0.845644185302131,0.0292044645126772,2.558853906555955,0.1174055773804923,1.7141513569966849
30.0,165.0,132.07337951660156,-0.0715378268087487,1.601564681424695,-2.4503899232554813,-2.224810845866159,-1.1420162149159725,0.8130826707239752,0.0289945863500373,2.551213123197335,0.1172312303078024,1.723701807607377
30.0,165.0,156.43931579589844,-0.0428489362783082,1.5630312318772257,-2.559447169856255,-2.4963163981831347,-1.194115399081464,0.794710519466976,0.0465971695125568,2.560501108063998,0.1122631686552846,1.8352966397033303
30.0,165.0,205.4263153076172,-1.0610826982318322,0.7387432132212964,-3.5269101097837323,-2.588175478326636,-1.3746018730768372,0.7544874944278932,-0.0259144887775997,2.5909527780546773,0.210068459110206,2.063579531483645
30.0,165.0,131.74472045898438,-0.0217622248270837,1.6151437588304574,-2.436902941618946,-2.192280454748374,-1.1738441987430537,0.7982765685614288,0.0293762384428971,2.559426800744156,0.1217920734642005,1.7284088333979366
30.0,165.0,130.12106323242188,-0.0268418524415132,1.607971210081246,-2.4712624494244704,-2.199058154505161,-1.1332600567613618,0.8443475714739972,0.0232630546507814,2.5573724150402186,0.1239606100015764,1.7152180370041608
30.0,165.0,130.2588348388672,-0.0268155035225158,1.5978037115202774,-2.468611255640289,-2.2006720960248254,-1.1266289480841782,0.8503449998598901,0.0164581524357002,2.558106124629458,0.1212074184239656,1.7266150074366458
30.0,165.0,203.7299041748047,-1.4671963034076896,0.7718039591814964,-3.521820860113768,-2.7055890962796987,-1.3850800460590984,0.7492558679810841,0.0041742840984898,2.5864682179734686,0.2295821296873494,1.9406396168518183
30.0,165.0,240.0376892089844,-0.818985015422538,0.7325545795717203,-3.463958090524869,-3.1745869837099026,-1.9281247841715203,0.2058466922336207,-0.3766659363291286,2.6001316734345754,0.2265875295001577,2.1979228280822705
30.0,165.0,159.85574340820312,0.0252396825413021,1.6529321782806137,-2.5972660368103093,-2.1497931760405287,-1.2296027951994513,0.8967889501845605,0.0241830396969638,2.6331062960667984,0.1121326128038513,1.598520646037442
30.0,165.0,130.1540069580078,-0.0233617360495238,1.6063562389096482,-2.465712201816212,-2.1962820042897984,-1.1338732704022232,0.8417801363551509,0.0195847291877616,2.5607292946758373,0.1164628001299254,1.7172461156255154
30.0,165.0,130.14247131347656,-0.0291723463715712,1.6077952738808947,-2.460187727706012,-2.195712075343262,-1.1292933870839374,0.8471610979729282,0.0326492523767173,2.5569411454637305,0.1200406137479282,1.7145687914700531
30.0,165.0,130.2286834716797,-0.0271826698003397,1.6145985740423054,-2.4715464473642084,-2.2092197202824924,-1.1394229843027128,0.8541174431154692,0.0225454668945235,2.557668279222869,0.1222537644706667,1.7182035055492069
30.0,165.0,130.09596252441406,-0.0267700017881518,1.607963802271796,-2.463894573138408,-2.1968028580641845,-1.135257649520309,0.8493750549085285,0.025443114961393,2.556572105823862,0.1131479800481685,1.7007746024894883
30.0,165.0,209.853515625,-0.6115977473066232,0.7776220381257966,-3.835539989399004,-2.6171739805113914,-1.275521664933832,0.7366176474541036,-0.0458302544230463,2.584816162634513,0.2980722673261389,2.069972514370848
30.0,165.0,130.1309051513672,-0.0272858821878142,1.6108233957323643,-2.4710811567914925,-2.1985903613276343,-1.133349495233834,0.8482270390099167,0.0302107637512672,2.5568500433798644,0.1254928358220491,1.721579884648463
30.0,165.0,130.22972106933594,-0.0145525552392131,1.603926995669682,-2.4685846918530583,-2.1981105493598787,-1.1305852983365927,0.8570387867196437,0.0265408269047751,2.559012577288978,0.1154030558169636,1.7190219868982075
30.0,165.0,245.99302673339844,-0.7494604562313425,0.5827624451646062,-3.1978432976312727,-2.930434860001456,-2.589522757468941,0.4511330050359632,-0.2349149109541924,2.459352546895984,0.2558733024443547,1.86071018527782
30.0,165.0,210.119873046875,-0.7610068930568665,0.5642124147423887,-3.726421416211226,-2.7995431788777383,-1.3708891968054873,0.679066308131347,0.0234932080174868,2.5843400721228726,0.297657964549431,2.1950618999519365
30.0,165.0,130.11378479003906,-0.025418661755612,1.609788619687983,-2.467742468066187,-2.1992159063336043,-1.139393725709663,0.8436331155412066,0.028150739578659,2.558248709560447,0.1245962660378493,1.7154837985515845
30.0,165.0,148.685791015625,-0.1844595747117682,1.553405182679582,-2.528912169692083,-2.253632512524986,-1.0995630172326345,0.7983901642551336,0.0134056832860364,2.572049796835783,0.2235345561535918,2.2776265769358743
30.0,165.0,205.575927734375,-0.8160173862793221,0.5906195673798553,-3.5501247184478806,-2.9220737949502533,-1.5276746941164658,0.7254873283981647,-0.0189028447691116,2.5943872451814447,0.2168908645567235,1.9760531472632008
30.0,165.0,130.13316345214844,-0.0227586929501421,1.6081043275543792,-2.4682856111991627,-2.1932304090971884,-1.1331419185378844,0.8550593768296066,0.0317013919848782,2.5581726997599663,0.1222957614446536,1.7206188887985865
30.0,165.0,130.62899780273438,-0.0242292787556977,1.6012337053711958,-2.464579507004121,-2.195260153281381,-1.1143679015637342,0.8785199711550532,0.0315793417836433,2.566001853923271,0.1282982925046728,1.7179030245262106
30.0,165.0,130.18907165527344,-0.0262528851207238,1.5974584251967272,-2.468816970185684,-2.200886649619457,-1.1276400649197336,0.8507476817299163,0.0244560118133023,2.558412121330832,0.1219603704325533,1.7273670293808945
30.0,165.0,211.49984741210932,-0.6023430394608064,0.6862990325442788,-3.3371353581117207,-2.8851573211860253,-1.389844403508281,0.7960834819435386,-0.0731183203058278,2.570385485955568,0.1939850410112546,2.062637422407674
30.0,165.0,130.40269470214844,-0.0336925524517817,1.6101517475534868,-2.469403063635556,-2.194330769696992,-1.1330648551509948,0.8417107317723654,0.017480432277677,2.552745748693522,0.1253633691210977,1.6848860295647454
30.0,165.0,130.1323699951172,-0.0179663503966487,1.605455184410784,-2.470201238338872,-2.198832438574263,-1.1329015183021365,0.8504842291538732,0.0267476509743195,2.555436415752527,0.1170733635180431,1.6941764639762558
30.0,165.0,131.47850036621094,-0.0482109867575819,1.595070953507842,-2.465208919588046,-2.161356352001325,-1.1086535445559702,0.8742354972568628,0.0644758361680563,2.566171235006831,0.1290306267162363,1.7637249640635648
30.0,165.0,130.15472412109375,-0.0263475386201413,1.6034435358923471,-2.473031179106798,-2.2002251381787823,-1.1306230406652376,0.8538126505300766,0.0337187634346841,2.5585343718560365,0.122816239835256,1.715614417459707
30.0,165.0,131.2361602783203,-0.0220692456970595,1.59744718855561,-2.4749331952861127,-2.242386412278529,-1.1309225678285506,0.8523441005269395,0.033251440959556,2.5580831916685187,0.1558555047697084,1.8390339515386167
30.0,166.0,130.18386840820312,-0.0195279859543345,1.60790233056197,-2.4642695997633104,-2.196629688188837,-1.144518720795918,0.8510455617556382,0.0227090147478589,2.556791967021899,0.113310326188798,1.6946622937718905
30.0,166.0,201.4370574951172,-0.4540401323260987,0.8179070478135094,-3.314276906304189,-2.628539443785192,-1.3337882873665527,0.7127938785222587,-0.0269535484838654,2.590339428802196,0.2594558839508205,2.0689052243034824
30.0,166.0,130.11441040039062,-0.0243249262698666,1.6076657526153977,-2.4692284232280093,-2.1978307136669155,-1.1322763059637089,0.850454436981448,0.0262837213659894,2.558781924496589,0.111232860302842,1.6962916283755682
30.0,166.0,205.40724182128903,-1.2471719392371754,0.7338063691250966,-3.6956164114227614,-2.6893020048638974,-1.4361633841990469,0.7509499775402746,-0.0265320376388999,2.5844589496606782,0.2214973721181175,2.0621365244733765
30.0,166.0,130.11087036132812,-0.0269920670710517,1.6054834444335775,-2.47018161498845,-2.200489369902386,-1.13282789547404,0.8461836051164138,0.0286360530585968,2.556817058295205,0.122750074275211,1.7154530643742665
30.0,166.0,130.10536193847656,-0.0235538359742939,1.6114951935497412,-2.463722332766263,-2.197057806555596,-1.1336878616068975,0.8458354950743165,0.0211062227208712,2.558193656229544,0.1161264643964604,1.713668886652113
30.0,166.0,130.18077087402344,-0.0260468902231209,1.5983578343990732,-2.468957577448791,-2.200842246581117,-1.1295603629790112,0.8551547161894129,0.0266838419047653,2.556337980567533,0.1228386601075636,1.7189292442938289
30.0,166.0,130.14947509765625,-0.0265878033432111,1.6057191627870409,-2.471715409892107,-2.198689063139184,-1.1321482627601072,0.8544690238115497,0.0344679859174902,2.5581475898083745,0.1223609757607841,1.7148494574260558
30.0,166.0,130.17379760742188,-0.0255078576606857,1.6070296033809692,-2.471352612121822,-2.195502899272564,-1.1367019434824237,0.8426960462889544,0.0235968624718642,2.5542548687826674,0.1095641685151268,1.7127938240402956
30.0,166.0,217.80987548828125,-0.7399219093249991,0.6265199654248446,-3.3812386568411683,-3.115740592719888,-2.4970438835882924,0.4187495791001843,-0.1164287251613381,2.541142812644273,0.2703581298861386,2.0687642066891287
30.0,166.0,201.7044219970703,-0.6552952230338768,0.789537644755984,-3.131677153117997,-2.725862189701337,-1.327890814222953,0.7257755438118074,-0.0264966475501739,2.5879562114865826,0.2411740536822892,2.06908069814025
30.0,166.0,130.17884826660156,-0.0254986038941377,1.597901763186967,-2.4690386388414147,-2.2011035716890994,-1.1308183091852213,0.8547535540519632,0.0266444333300031,2.557189981958263,0.122886575401794,1.7215373757942565
30.0,166.0,168.2700958251953,-0.2518884293201345,1.5022292034092235,-2.651594991868935,-2.484489740406878,-1.2066631202873055,0.8339959751370151,0.0086655140988281,2.5738978732939546,0.1593129023447073,2.119382244077528
30.0,166.0,130.24179077148438,-0.0260239143151743,1.6175782751582,-2.4649761234113576,-2.195783890213232,-1.1342079724290812,0.8450042547959722,0.0098654759412035,2.554699091392606,0.1163823427465246,1.7140498610429002
30.0,166.0,130.12234497070312,-0.0281963023023564,1.607983138766233,-2.47207220348178,-2.1982003957362166,-1.1322205757454529,0.847318403553332,0.0241631196656896,2.558210017809466,0.1219390633187435,1.7150237467066978
30.0,166.0,130.24417114257812,-0.0274826218258919,1.6032092794728172,-2.4682498672278896,-2.1989784644195494,-1.1330556707440589,0.8437171635969067,0.0398358381039286,2.557096436767248,0.1207452335881626,1.7276126878805889
30.0,166.0,220.53668212890625,-1.2171966783311097,0.4756538204269566,-3.473961005955754,-3.088961056374514,-1.704597891261704,0.4920041034137272,-0.0918239354140258,2.562499878329205,0.3992523830963432,2.654374933471221
30.0,166.0,130.10888671875,-0.0250847770297169,1.6125766611988686,-2.466709078562076,-2.198367910536711,-1.1325293394461469,0.8459924973534039,0.022484345642455,2.557662949102429,0.1162061624580331,1.7145794120128168
30.0,166.0,132.71749877929688,-0.0078595506393447,1.6001315134125442,-2.468256618310624,-2.2220468538371327,-1.1316411038392022,0.7973629181735838,0.0466845982182434,2.5614843826250864,0.1063297647455485,1.719911234668632
30.0,166.0,130.80857849121094,0.0145218934703841,1.610248098857297,-2.481924809760831,-2.195733945913022,-1.134006678213119,0.845644185302131,0.0292044645126772,2.558853906555955,0.1174055773804923,1.7141513569966849
30.0,166.0,132.07337951660156,-0.0715378268087487,1.601564681424695,-2.4503899232554813,-2.224810845866159,-1.1420162149159725,0.8130826707239752,0.0289945863500373,2.551213123197335,0.1172312303078024,1.723701807607377
30.0,166.0,132.2454833984375,-0.0111055726255074,1.6505101117030574,-2.40584948880962,-2.189950897988249,-1.1605973977680906,0.8546535079451567,0.036335896105406,2.553450211635662,0.1006454423584248,1.6166917119255686
30.0,166.0,205.4263153076172,-1.0610826982318322,0.7387432132212964,-3.5269101097837323,-2.588175478326636,-1.3746018730768372,0.7544874944278932,-0.0259144887775997,2.5909527780546773,0.210068459110206,2.063579531483645
30.0,166.0,131.05328369140625,-0.0280925201067,1.5781728857331003,-2.472668176045846,-2.1959374335483965,-1.1216496063276429,0.8364103672511181,0.0467763875752318,2.554919749456748,0.1137742073034547,1.7146848314045484
30.0,166.0,130.12106323242188,-0.0268418524415132,1.607971210081246,-2.4712624494244704,-2.199058154505161,-1.1332600567613618,0.8443475714739972,0.0232630546507814,2.5573724150402186,0.1239606100015764,1.7152180370041608
30.0,166.0,130.2588348388672,-0.0268155035225158,1.5978037115202774,-2.468611255640289,-2.2006720960248254,-1.1266289480841782,0.8503449998598901,0.0164581524357002,2.558106124629458,0.1212074184239656,1.7266150074366458
30.0,166.0,203.7299041748047,-1.4671963034076896,0.7718039591814964,-3.521820860113768,-2.7055890962796987,-1.3850800460590984,0.7492558679810841,0.0041742840984898,2.5864682179734686,0.2295821296873494,1.9406396168518183
30.0,166.0,240.0376892089844,-0.818985015422538,0.7325545795717203,-3.463958090524869,-3.1745869837099026,-1.9281247841715203,0.2058466922336207,-0.3766659363291286,2.6001316734345754,0.2265875295001577,2.1979228280822705
30.0,166.0,159.85574340820312,0.0252396825413021,1.6529321782806137,-2.5972660368103093,-2.1497931760405287,-1.2296027951994513,0.8967889501845605,0.0241830396969638,2.6331062960667984,0.1121326128038513,1.598520646037442
30.0,166.0,130.1540069580078,-0.0233617360495238,1.6063562389096482,-2.465712201816212,-2.1962820042897984,-1.1338732704022232,0.8417801363551509,0.0195847291877616,2.5607292946758373,0.1164628001299254,1.7172461156255154
30.0,166.0,130.14247131347656,-0.0291723463715712,1.6077952738808947,-2.460187727706012,-2.195712075343262,-1.1292933870839374,0.8471610979729282,0.0326492523767173,2.5569411454637305,0.1200406137479282,1.7145687914700531
30.0,166.0,130.2286834716797,-0.0271826698003397,1.6145985740423054,-2.4715464473642084,-2.2092197202824924,-1.1394229843027128,0.8541174431154692,0.0225454668945235,2.557668279222869,0.1222537644706667,1.7182035055492069
30.0,166.0,130.09596252441406,-0.0267700017881518,1.607963802271796,-2.463894573138408,-2.1968028580641845,-1.135257649520309,0.8493750549085285,0.025443114961393,2.556572105823862,0.1131479800481685,1.7007746024894883
30.0,166.0,209.853515625,-0.6115977473066232,0.7776220381257966,-3.835539989399004,-2.6171739805113914,-1.275521664933832,0.7366176474541036,-0.0458302544230463,2.584816162634513,0.2980722673261389,2.069972514370848
30.0,166.0,130.1309051513672,-0.0272858821878142,1.6108233957323643,-2.4710811567914925,-2.1985903613276343,-1.133349495233834,0.8482270390099167,0.0302107637512672,2.5568500433798644,0.1254928358220491,1.721579884648463
30.0,166.0,130.22972106933594,-0.0145525552392131,1.603926995669682,-2.4685846918530583,-2.1981105493598787,-1.1305852983365927,0.8570387867196437,0.0265408269047751,2.559012577288978,0.1154030558169636,1.7190219868982075
30.0,166.0,245.99302673339844,-0.7494604562313425,0.5827624451646062,-3.1978432976312727,-2.930434860001456,-2.589522757468941,0.4511330050359632,-0.2349149109541924,2.459352546895984,0.2558733024443547,1.86071018527782
30.0,166.0,210.119873046875,-0.7610068930568665,0.5642124147423887,-3.726421416211226,-2.7995431788777383,-1.3708891968054873,0.679066308131347,0.0234932080174868,2.5843400721228726,0.297657964549431,2.1950618999519365
30.0,166.0,130.11378479003906,-0.025418661755612,1.609788619687983,-2.467742468066187,-2.1992159063336043,-1.139393725709663,0.8436331155412066,0.028150739578659,2.558248709560447,0.1245962660378493,1.7154837985515845
30.0,166.0,148.685791015625,-0.1844595747117682,1.553405182679582,-2.528912169692083,-2.253632512524986,-1.0995630172326345,0.7983901642551336,0.0134056832860364,2.572049796835783,0.2235345561535918,2.2776265769358743
30.0,166.0,205.575927734375,-0.8160173862793221,0.5906195673798553,-3.5501247184478806,-2.9220737949502533,-1.5276746941164658,0.7254873283981647,-0.0189028447691116,2.5943872451814447,0.2168908645567235,1.9760531472632008
30.0,166.0,130.13316345214844,-0.0227586929501421,1.6081043275543792,-2.4682856111991627,-2.1932304090971884,-1.1331419185378844,0.8550593768296066,0.0317013919848782,2.5581726997599663,0.1222957614446536,1.7206188887985865
30.0,166.0,130.62899780273438,-0.0242292787556977,1.6012337053711958,-2.464579507004121,-2.195260153281381,-1.1143679015637342,0.8785199711550532,0.0315793417836433,2.566001853923271,0.1282982925046728,1.7179030245262106
30.0,166.0,130.18907165527344,-0.0262528851207238,1.5974584251967272,-2.468816970185684,-2.200886649619457,-1.1276400649197336,0.8507476817299163,0.0244560118133023,2.558412121330832,0.1219603704325533,1.7273670293808945
30.0,166.0,211.49984741210932,-0.6023430394608064,0.6862990325442788,-3.3371353581117207,-2.8851573211860253,-1.389844403508281,0.7960834819435386,-0.0731183203058278,2.570385485955568,0.1939850410112546,2.062637422407674
30.0,166.0,130.127685546875,-0.0256895562556013,1.613103977908512,-2.464709448207722,-2.196302668110952,-1.1354849877527156,0.8512552439278277,0.0273033929305007,2.551385955883234,0.1071988564936243,1.6979850152176676
30.0,166.0,130.12095642089844,-0.0162629232495581,1.6055565587530658,-2.4653380952476547,-2.19999405355414,-1.137191769047912,0.8487530389580329,0.0276585115021569,2.555066569395907,0.1151645942720692,1.6994176125051306
30.0,166.0,131.47850036621094,-0.0482109867575819,1.595070953507842,-2.465208919588046,-2.161356352001325,-1.1086535445559702,0.8742354972568628,0.0644758361680563,2.566171235006831,0.1290306267162363,1.7637249640635648
30.0,166.0,130.15472412109375,-0.0263475386201413,1.6034435358923471,-2.473031179106798,-2.2002251381787823,-1.1306230406652376,0.8538126505300766,0.0337187634346841,2.5585343718560365,0.122816239835256,1.715614417459707
30.0,166.0,131.2361602783203,-0.0220692456970595,1.59744718855561,-2.4749331952861127,-2.242386412278529,-1.1309225678285506,0.8523441005269395,0.033251440959556,2.5580831916685187,0.1558555047697084,1.8390339515386167
30.0,167.0,130.18386840820312,-0.0195279859543345,1.60790233056197,-2.4642695997633104,-2.196629688188837,-1.144518720795918,0.8510455617556382,0.0227090147478589,2.556791967021899,0.113310326188798,1.6946622937718905
30.0,167.0,201.4370574951172,-0.4540401323260987,0.8179070478135094,-3.314276906304189,-2.628539443785192,-1.3337882873665527,0.7127938785222587,-0.0269535484838654,2.590339428802196,0.2594558839508205,2.0689052243034824
30.0,167.0,130.11441040039062,-0.0243249262698666,1.6076657526153977,-2.4692284232280093,-2.1978307136669155,-1.1322763059637089,0.850454436981448,0.0262837213659894,2.558781924496589,0.111232860302842,1.6962916283755682
30.0,167.0,205.40724182128903,-1.2471719392371754,0.7338063691250966,-3.6956164114227614,-2.6893020048638974,-1.4361633841990469,0.7509499775402746,-0.0265320376388999,2.5844589496606782,0.2214973721181175,2.0621365244733765
30.0,167.0,130.11087036132812,-0.0269920670710517,1.6054834444335775,-2.47018161498845,-2.200489369902386,-1.13282789547404,0.8461836051164138,0.0286360530585968,2.556817058295205,0.122750074275211,1.7154530643742665
30.0,167.0,130.10536193847656,-0.0235538359742939,1.6114951935497412,-2.463722332766263,-2.197057806555596,-1.1336878616068975,0.8458354950743165,0.0211062227208712,2.558193656229544,0.1161264643964604,1.713668886652113
30.0,167.0,130.18077087402344,-0.0260468902231209,1.5983578343990732,-2.468957577448791,-2.200842246581117,-1.1295603629790112,0.8551547161894129,0.0266838419047653,2.556337980567533,0.1228386601075636,1.7189292442938289
30.0,167.0,130.14947509765625,-0.0265878033432111,1.6057191627870409,-2.471715409892107,-2.198689063139184,-1.1321482627601072,0.8544690238115497,0.0344679859174902,2.5581475898083745,0.1223609757607841,1.7148494574260558
30.0,167.0,130.17379760742188,-0.0255078576606857,1.6070296033809692,-2.471352612121822,-2.195502899272564,-1.1367019434824237,0.8426960462889544,0.0235968624718642,2.5542548687826674,0.1095641685151268,1.7127938240402956
30.0,167.0,217.80987548828125,-0.7399219093249991,0.6265199654248446,-3.3812386568411683,-3.115740592719888,-2.4970438835882924,0.4187495791001843,-0.1164287251613381,2.541142812644273,0.2703581298861386,2.0687642066891287
30.0,167.0,201.7044219970703,-0.6552952230338768,0.789537644755984,-3.131677153117997,-2.725862189701337,-1.327890814222953,0.7257755438118074,-0.0264966475501739,2.5879562114865826,0.2411740536822892,2.06908069814025
30.0,167.0,130.14710998535156,-0.0135315212204502,1.605720809961498,-2.465363107625075,-2.198675567082205,-1.1345383175960768,0.8451830189750128,0.0267326894214271,2.56007963879809,0.1228236626545748,1.716905954945148
30.0,167.0,168.2700958251953,-0.2518884293201345,1.5022292034092235,-2.651594991868935,-2.484489740406878,-1.2066631202873055,0.8339959751370151,0.0086655140988281,2.5738978732939546,0.1593129023447073,2.119382244077528
30.0,167.0,130.24179077148438,-0.0260239143151743,1.6175782751582,-2.4649761234113576,-2.195783890213232,-1.1342079724290812,0.8450042547959722,0.0098654759412035,2.554699091392606,0.1163823427465246,1.7140498610429002
30.0,167.0,130.12234497070312,-0.0281963023023564,1.607983138766233,-2.47207220348178,-2.1982003957362166,-1.1322205757454529,0.847318403553332,0.0241631196656896,2.558210017809466,0.1219390633187435,1.7150237467066978
30.0,167.0,130.24417114257812,-0.0274826218258919,1.6032092794728172,-2.4682498672278896,-2.1989784644195494,-1.1330556707440589,0.8437171635969067,0.0398358381039286,2.557096436767248,0.1207452335881626,1.7276126878805889
30.0,167.0,220.53668212890625,-1.2171966783311097,0.4756538204269566,-3.473961005955754,-3.088961056374514,-1.704597891261704,0.4920041034137272,-0.0918239354140258,2.562499878329205,0.3992523830963432,2.654374933471221
30.0,167.0,130.10888671875,-0.0250847770297169,1.6125766611988686,-2.466709078562076,-2.198367910536711,-1.1325293394461469,0.8459924973534039,0.022484345642455,2.557662949102429,0.1162061624580331,1.7145794120128168
30.0,167.0,132.71749877929688,-0.0078595506393447,1.6001315134125442,-2.468256618310624,-2.2220468538371327,-1.1316411038392022,0.7973629181735838,0.0466845982182434,2.5614843826250864,0.1063297647455485,1.719911234668632
30.0,167.0,130.2471466064453,-0.0280745091539965,1.6154942074375032,-2.4755213595236487,-2.1968237735358143,-1.1356035593588556,0.8499511526703878,0.0303951848780532,2.561134313962432,0.1098981923423949,1.6893887967468817
30.0,167.0,132.07337951660156,-0.0715378268087487,1.601564681424695,-2.4503899232554813,-2.224810845866159,-1.1420162149159725,0.8130826707239752,0.0289945863500373,2.551213123197335,0.1172312303078024,1.723701807607377
30.0,167.0,132.2454833984375,-0.0111055726255074,1.6505101117030574,-2.40584948880962,-2.189950897988249,-1.1605973977680906,0.8546535079451567,0.036335896105406,2.553450211635662,0.1006454423584248,1.6166917119255686
30.0,167.0,205.4263153076172,-1.0610826982318322,0.7387432132212964,-3.5269101097837323,-2.588175478326636,-1.3746018730768372,0.7544874944278932,-0.0259144887775997,2.5909527780546773,0.210068459110206,2.063579531483645
30.0,167.0,130.6275634765625,-0.0276994797014518,1.5817615689439273,-2.4714136549816743,-2.198228869924624,-1.120940778654032,0.868993899348958,0.0330093907725599,2.554979128604282,0.1093821273598802,1.69487357268009
30.0,167.0,130.12106323242188,-0.0268418524415132,1.607971210081246,-2.4712624494244704,-2.199058154505161,-1.1332600567613618,0.8443475714739972,0.0232630546507814,2.5573724150402186,0.1239606100015764,1.7152180370041608
30.0,167.0,130.2588348388672,-0.0268155035225158,1.5978037115202774,-2.468611255640289,-2.2006720960248254,-1.1266289480841782,0.8503449998598901,0.0164581524357002,2.558106124629458,0.1212074184239656,1.7266150074366458
30.0,167.0,203.7299041748047,-1.4671963034076896,0.7718039591814964,-3.521820860113768,-2.7055890962796987,-1.3850800460590984,0.7492558679810841,0.0041742840984898,2.5864682179734686,0.2295821296873494,1.9406396168518183
30.0,167.0,240.0376892089844,-0.818985015422538,0.7325545795717203,-3.463958090524869,-3.1745869837099026,-1.9281247841715203,0.2058466922336207,-0.3766659363291286,2.6001316734345754,0.2265875295001577,2.1979228280822705
30.0,167.0,159.85574340820312,0.0252396825413021,1.6529321782806137,-2.5972660368103093,-2.1497931760405287,-1.2296027951994513,0.8967889501845605,0.0241830396969638,2.6331062960667984,0.1121326128038513,1.598520646037442
30.0,167.0,130.1540069580078,-0.0233617360495238,1.6063562389096482,-2.465712201816212,-2.1962820042897984,-1.1338732704022232,0.8417801363551509,0.0195847291877616,2.5607292946758373,0.1164628001299254,1.7172461156255154
30.0,167.0,130.14247131347656,-0.0291723463715712,1.6077952738808947,-2.460187727706012,-2.195712075343262,-1.1292933870839374,0.8471610979729282,0.0326492523767173,2.5569411454637305,0.1200406137479282,1.7145687914700531
30.0,167.0,130.2286834716797,-0.0271826698003397,1.6145985740423054,-2.4715464473642084,-2.2092197202824924,-1.1394229843027128,0.8541174431154692,0.0225454668945235,2.557668279222869,0.1222537644706667,1.7182035055492069
30.0,167.0,130.09596252441406,-0.0267700017881518,1.607963802271796,-2.463894573138408,-2.1968028580641845,-1.135257649520309,0.8493750549085285,0.025443114961393,2.556572105823862,0.1131479800481685,1.7007746024894883
30.0,167.0,209.853515625,-0.6115977473066232,0.7776220381257966,-3.835539989399004,-2.6171739805113914,-1.275521664933832,0.7366176474541036,-0.0458302544230463,2.584816162634513,0.2980722673261389,2.069972514370848
30.0,167.0,130.1309051513672,-0.0272858821878142,1.6108233957323643,-2.4710811567914925,-2.1985903613276343,-1.133349495233834,0.8482270390099167,0.0302107637512672,2.5568500433798644,0.1254928358220491,1.721579884648463
30.0,167.0,130.22972106933594,-0.0145525552392131,1.603926995669682,-2.4685846918530583,-2.1981105493598787,-1.1305852983365927,0.8570387867196437,0.0265408269047751,2.559012577288978,0.1154030558169636,1.7190219868982075
30.0,167.0,245.99302673339844,-0.7494604562313425,0.5827624451646062,-3.1978432976312727,-2.930434860001456,-2.589522757468941,0.4511330050359632,-0.2349149109541924,2.459352546895984,0.2558733024443547,1.86071018527782
30.0,167.0,210.119873046875,-0.7610068930568665,0.5642124147423887,-3.726421416211226,-2.7995431788777383,-1.3708891968054873,0.679066308131347,0.0234932080174868,2.5843400721228726,0.297657964549431,2.1950618999519365
30.0,167.0,130.11378479003906,-0.025418661755612,1.609788619687983,-2.467742468066187,-2.1992159063336043,-1.139393725709663,0.8436331155412066,0.028150739578659,2.558248709560447,0.1245962660378493,1.7154837985515845
30.0,167.0,148.685791015625,-0.1844595747117682,1.553405182679582,-2.528912169692083,-2.253632512524986,-1.0995630172326345,0.7983901642551336,0.0134056832860364,2.572049796835783,0.2235345561535918,2.2776265769358743
30.0,167.0,205.575927734375,-0.8160173862793221,0.5906195673798553,-3.5501247184478806,-2.9220737949502533,-1.5276746941164658,0.7254873283981647,-0.0189028447691116,2.5943872451814447,0.2168908645567235,1.9760531472632008
30.0,167.0,130.13316345214844,-0.0227586929501421,1.6081043275543792,-2.4682856111991627,-2.1932304090971884,-1.1331419185378844,0.8550593768296066,0.0317013919848782,2.5581726997599663,0.1222957614446536,1.7206188887985865
30.0,167.0,130.62899780273438,-0.0242292787556977,1.6012337053711958,-2.464579507004121,-2.195260153281381,-1.1143679015637342,0.8785199711550532,0.0315793417836433,2.566001853923271,0.1282982925046728,1.7179030245262106
30.0,167.0,130.18907165527344,-0.0262528851207238,1.5974584251967272,-2.468816970185684,-2.200886649619457,-1.1276400649197336,0.8507476817299163,0.0244560118133023,2.558412121330832,0.1219603704325533,1.7273670293808945
30.0,167.0,211.49984741210932,-0.6023430394608064,0.6862990325442788,-3.3371353581117207,-2.8851573211860253,-1.389844403508281,0.7960834819435386,-0.0731183203058278,2.570385485955568,0.1939850410112546,2.062637422407674
30.0,167.0,130.127685546875,-0.0256895562556013,1.613103977908512,-2.464709448207722,-2.196302668110952,-1.1354849877527156,0.8512552439278277,0.0273033929305007,2.551385955883234,0.1071988564936243,1.6979850152176676
30.0,167.0,130.10707092285156,-0.0206413009465822,1.607103771741906,-2.4650415183868595,-2.199410421657112,-1.1344675718595512,0.850930496846279,0.0231514778796615,2.5564366696589165,0.1144160206393127,1.7014104240487815
30.0,167.0,131.47850036621094,-0.0482109867575819,1.595070953507842,-2.465208919588046,-2.161356352001325,-1.1086535445559702,0.8742354972568628,0.0644758361680563,2.566171235006831,0.1290306267162363,1.7637249640635648
30.0,167.0,130.15472412109375,-0.0263475386201413,1.6034435358923471,-2.473031179106798,-2.2002251381787823,-1.1306230406652376,0.8538126505300766,0.0337187634346841,2.5585343718560365,0.122816239835256,1.715614417459707
30.0,167.0,131.2361602783203,-0.0220692456970595,1.59744718855561,-2.4749331952861127,-2.242386412278529,-1.1309225678285506,0.8523441005269395,0.033251440959556,2.5580831916685187,0.1558555047697084,1.8390339515386167
30.0,168.0,130.131103515625,-0.0278544454516833,1.6081129944827368,-2.468882587286671,-2.196805754745057,-1.1280161313477026,0.8495628687749317,0.0220023293227485,2.5566768224871965,0.1145606897293819,1.6952041118756451
30.0,168.0,201.4370574951172,-0.4540401323260987,0.8179070478135094,-3.314276906304189,-2.628539443785192,-1.3337882873665527,0.7127938785222587,-0.0269535484838654,2.590339428802196,0.2594558839508205,2.0689052243034824
30.0,168.0,130.1121063232422,-0.0265634155457615,1.60623480497619,-2.46756597105969,-2.1991113819073185,-1.133287545835645,0.8492630832317594,0.0255035098698758,2.559455602861785,0.1143400814507139,1.7049865455767588
30.0,168.0,205.40724182128903,-1.2471719392371754,0.7338063691250966,-3.6956164114227614,-2.6893020048638974,-1.4361633841990469,0.7509499775402746,-0.0265320376388999,2.5844589496606782,0.2214973721181175,2.0621365244733765
30.0,168.0,130.11087036132812,-0.0269920670710517,1.6054834444335775,-2.47018161498845,-2.200489369902386,-1.13282789547404,0.8461836051164138,0.0286360530585968,2.556817058295205,0.122750074275211,1.7154530643742665
30.0,168.0,130.10536193847656,-0.0235538359742939,1.6114951935497412,-2.463722332766263,-2.197057806555596,-1.1336878616068975,0.8458354950743165,0.0211062227208712,2.558193656229544,0.1161264643964604,1.713668886652113
30.0,168.0,130.18077087402344,-0.0260468902231209,1.5983578343990732,-2.468957577448791,-2.200842246581117,-1.1295603629790112,0.8551547161894129,0.0266838419047653,2.556337980567533,0.1228386601075636,1.7189292442938289
30.0,168.0,130.14947509765625,-0.0265878033432111,1.6057191627870409,-2.471715409892107,-2.198689063139184,-1.1321482627601072,0.8544690238115497,0.0344679859174902,2.5581475898083745,0.1223609757607841,1.7148494574260558
30.0,168.0,130.17379760742188,-0.0255078576606857,1.6070296033809692,-2.471352612121822,-2.195502899272564,-1.1367019434824237,0.8426960462889544,0.0235968624718642,2.5542548687826674,0.1095641685151268,1.7127938240402956
30.0,168.0,217.80987548828125,-0.7399219093249991,0.6265199654248446,-3.3812386568411683,-3.115740592719888,-2.4970438835882924,0.4187495791001843,-0.1164287251613381,2.541142812644273,0.2703581298861386,2.0687642066891287
30.0,168.0,201.7044219970703,-0.6552952230338768,0.789537644755984,-3.131677153117997,-2.725862189701337,-1.327890814222953,0.7257755438118074,-0.0264966475501739,2.5879562114865826,0.2411740536822892,2.06908069814025
30.0,168.0,130.14710998535156,-0.0135315212204502,1.605720809961498,-2.465363107625075,-2.198675567082205,-1.1345383175960768,0.8451830189750128,0.0267326894214271,2.56007963879809,0.1228236626545748,1.716905954945148
30.0,168.0,168.2700958251953,-0.2518884293201345,1.5022292034092235,-2.651594991868935,-2.484489740406878,-1.2066631202873055,0.8339959751370151,0.0086655140988281,2.5738978732939546,0.1593129023447073,2.119382244077528
30.0,168.0,130.24179077148438,-0.0260239143151743,1.6175782751582,-2.4649761234113576,-2.195783890213232,-1.1342079724290812,0.8450042547959722,0.0098654759412035,2.554699091392606,0.1163823427465246,1.7140498610429002
30.0,168.0,130.12234497070312,-0.0281963023023564,1.607983138766233,-2.47207220348178,-2.1982003957362166,-1.1322205757454529,0.847318403553332,0.0241631196656896,2.558210017809466,0.1219390633187435,1.7150237467066978
30.0,168.0,130.15760803222656,-0.0267757387035477,1.60398439240737,-2.461088520009093,-2.199432003214416,-1.1384582665931664,0.8523611361211363,0.0241088424358353,2.555544224744032,0.1170253228509962,1.712902891344093
30.0,168.0,220.53668212890625,-1.2171966783311097,0.4756538204269566,-3.473961005955754,-3.088961056374514,-1.704597891261704,0.4920041034137272,-0.0918239354140258,2.562499878329205,0.3992523830963432,2.654374933471221
30.0,168.0,130.10888671875,-0.0250847770297169,1.6125766611988686,-2.466709078562076,-2.198367910536711,-1.1325293394461469,0.8459924973534039,0.022484345642455,2.557662949102429,0.1162061624580331,1.7145794120128168
30.0,168.0,132.71749877929688,-0.0078595506393447,1.6001315134125442,-2.468256618310624,-2.2220468538371327,-1.1316411038392022,0.7973629181735838,0.0466845982182434,2.5614843826250864,0.1063297647455485,1.719911234668632
30.0,168.0,130.2471466064453,-0.0280745091539965,1.6154942074375032,-2.4755213595236487,-2.1968237735358143,-1.1356035593588556,0.8499511526703878,0.0303951848780532,2.561134313962432,0.1098981923423949,1.6893887967468817
30.0,168.0,132.07337951660156,-0.0715378268087487,1.601564681424695,-2.4503899232554813,-2.224810845866159,-1.1420162149159725,0.8130826707239752,0.0289945863500373,2.551213123197335,0.1172312303078024,1.723701807607377
30.0,168.0,132.2454833984375,-0.0111055726255074,1.6505101117030574,-2.40584948880962,-2.189950897988249,-1.1605973977680906,0.8546535079451567,0.036335896105406,2.553450211635662,0.1006454423584248,1.6166917119255686
30.0,168.0,205.4263153076172,-1.0610826982318322,0.7387432132212964,-3.5269101097837323,-2.588175478326636,-1.3746018730768372,0.7544874944278932,-0.0259144887775997,2.5909527780546773,0.210068459110206,2.063579531483645
30.0,168.0,130.48236083984375,-0.0253876241990461,1.6059742569814104,-2.454508232516627,-2.1974316202642874,-1.1511308203608734,0.8539002220859021,0.0159905004840372,2.55821656492312,0.1133503618843424,1.6905275300186524
30.0,168.0,130.12106323242188,-0.0268418524415132,1.607971210081246,-2.4712624494244704,-2.199058154505161,-1.1332600567613618,0.8443475714739972,0.0232630546507814,2.5573724150402186,0.1239606100015764,1.7152180370041608
30.0,168.0,130.2588348388672,-0.0268155035225158,1.5978037115202774,-2.468611255640289,-2.2006720960248254,-1.1266289480841782,0.8503449998598901,0.0164581524357002,2.558106124629458,0.1212074184239656,1.7266150074366458
30.0,168.0,203.7299041748047,-1.4671963034076896,0.7718039591814964,-3.521820860113768,-2.7055890962796987,-1.3850800460590984,0.7492558679810841,0.0041742840984898,2.5864682179734686,0.2295821296873494,1.9406396168518183
30.0,168.0,240.0376892089844,-0.818985015422538,0.7325545795717203,-3.463958090524869,-3.1745869837099026,-1.9281247841715203,0.2058466922336207,-0.3766659363291286,2.6001316734345754,0.2265875295001577,2.1979228280822705
30.0,168.0,159.85574340820312,0.0252396825413021,1.6529321782806137,-2.5972660368103093,-2.1497931760405287,-1.2296027951994513,0.8967889501845605,0.0241830396969638,2.6331062960667984,0.1121326128038513,1.598520646037442
30.0,168.0,130.1540069580078,-0.0233617360495238,1.6063562389096482,-2.465712201816212,-2.1962820042897984,-1.1338732704022232,0.8417801363551509,0.0195847291877616,2.5607292946758373,0.1164628001299254,1.7172461156255154
30.0,168.0,130.14247131347656,-0.0291723463715712,1.6077952738808947,-2.460187727706012,-2.195712075343262,-1.1292933870839374,0.8471610979729282,0.0326492523767173,2.5569411454637305,0.1200406137479282,1.7145687914700531
30.0,168.0,130.2286834716797,-0.0271826698003397,1.6145985740423054,-2.4715464473642084,-2.2092197202824924,-1.1394229843027128,0.8541174431154692,0.0225454668945235,2.557668279222869,0.1222537644706667,1.7182035055492069
30.0,168.0,130.09596252441406,-0.0267700017881518,1.607963802271796,-2.463894573138408,-2.1968028580641845,-1.135257649520309,0.8493750549085285,0.025443114961393,2.556572105823862,0.1131479800481685,1.7007746024894883
30.0,168.0,209.853515625,-0.6115977473066232,0.7776220381257966,-3.835539989399004,-2.6171739805113914,-1.275521664933832,0.7366176474541036,-0.0458302544230463,2.584816162634513,0.2980722673261389,2.069972514370848
30.0,168.0,130.1309051513672,-0.0272858821878142,1.6108233957323643,-2.4710811567914925,-2.1985903613276343,-1.133349495233834,0.8482270390099167,0.0302107637512672,2.5568500433798644,0.1254928358220491,1.721579884648463
30.0,168.0,130.22972106933594,-0.0145525552392131,1.603926995669682,-2.4685846918530583,-2.1981105493598787,-1.1305852983365927,0.8570387867196437,0.0265408269047751,2.559012577288978,0.1154030558169636,1.7190219868982075
30.0,168.0,245.99302673339844,-0.7494604562313425,0.5827624451646062,-3.1978432976312727,-2.930434860001456,-2.589522757468941,0.4511330050359632,-0.2349149109541924,2.459352546895984,0.2558733024443547,1.86071018527782
30.0,168.0,210.119873046875,-0.7610068930568665,0.5642124147423887,-3.726421416211226,-2.7995431788777383,-1.3708891968054873,0.679066308131347,0.0234932080174868,2.5843400721228726,0.297657964549431,2.1950618999519365
30.0,168.0,130.11378479003906,-0.025418661755612,1.609788619687983,-2.467742468066187,-2.1992159063336043,-1.139393725709663,0.8436331155412066,0.028150739578659,2.558248709560447,0.1245962660378493,1.7154837985515845
30.0,168.0,148.685791015625,-0.1844595747117682,1.553405182679582,-2.528912169692083,-2.253632512524986,-1.0995630172326345,0.7983901642551336,0.0134056832860364,2.572049796835783,0.2235345561535918,2.2776265769358743
30.0,168.0,205.575927734375,-0.8160173862793221,0.5906195673798553,-3.5501247184478806,-2.9220737949502533,-1.5276746941164658,0.7254873283981647,-0.0189028447691116,2.5943872451814447,0.2168908645567235,1.9760531472632008
30.0,168.0,130.13316345214844,-0.0227586929501421,1.6081043275543792,-2.4682856111991627,-2.1932304090971884,-1.1331419185378844,0.8550593768296066,0.0317013919848782,2.5581726997599663,0.1222957614446536,1.7206188887985865
30.0,168.0,130.62899780273438,-0.0242292787556977,1.6012337053711958,-2.464579507004121,-2.195260153281381,-1.1143679015637342,0.8785199711550532,0.0315793417836433,2.566001853923271,0.1282982925046728,1.7179030245262106
30.0,168.0,130.18907165527344,-0.0262528851207238,1.5974584251967272,-2.468816970185684,-2.200886649619457,-1.1276400649197336,0.8507476817299163,0.0244560118133023,2.558412121330832,0.1219603704325533,1.7273670293808945
30.0,168.0,206.04153442382807,-0.3396549981540837,1.6668242769853858,-2.6567477981223115,-2.411074178708744,-1.4002456160814472,0.8570662304176697,0.1170775457154856,2.556986763647142,0.1473120189844505,1.7796496325765492
30.0,168.0,130.127685546875,-0.0256895562556013,1.613103977908512,-2.464709448207722,-2.196302668110952,-1.1354849877527156,0.8512552439278277,0.0273033929305007,2.551385955883234,0.1071988564936243,1.6979850152176676
30.0,168.0,130.10707092285156,-0.0206413009465822,1.607103771741906,-2.4650415183868595,-2.199410421657112,-1.1344675718595512,0.850930496846279,0.0231514778796615,2.5564366696589165,0.1144160206393127,1.7014104240487815
30.0,168.0,131.47850036621094,-0.0482109867575819,1.595070953507842,-2.465208919588046,-2.161356352001325,-1.1086535445559702,0.8742354972568628,0.0644758361680563,2.566171235006831,0.1290306267162363,1.7637249640635648
30.0,168.0,130.15472412109375,-0.0263475386201413,1.6034435358923471,-2.473031179106798,-2.2002251381787823,-1.1306230406652376,0.8538126505300766,0.0337187634346841,2.5585343718560365,0.122816239835256,1.715614417459707
30.0,168.0,131.2361602783203,-0.0220692456970595,1.59744718855561,-2.4749331952861127,-2.242386412278529,-1.1309225678285506,0.8523441005269395,0.033251440959556,2.5580831916685187,0.1558555047697084,1.8390339515386167
30.0,169.0,130.131103515625,-0.0278544454516833,1.6081129944827368,-2.468882587286671,-2.196805754745057,-1.1280161313477026,0.8495628687749317,0.0220023293227485,2.5566768224871965,0.1145606897293819,1.6952041118756451
30.0,169.0,201.4370574951172,-0.4540401323260987,0.8179070478135094,-3.314276906304189,-2.628539443785192,-1.3337882873665527,0.7127938785222587,-0.0269535484838654,2.590339428802196,0.2594558839508205,2.0689052243034824
30.0,169.0,130.1121063232422,-0.0265634155457615,1.60623480497619,-2.46756597105969,-2.1991113819073185,-1.133287545835645,0.8492630832317594,0.0255035098698758,2.559455602861785,0.1143400814507139,1.7049865455767588
30.0,169.0,205.40724182128903,-1.2471719392371754,0.7338063691250966,-3.6956164114227614,-2.6893020048638974,-1.4361633841990469,0.7509499775402746,-0.0265320376388999,2.5844589496606782,0.2214973721181175,2.0621365244733765
30.0,169.0,130.11087036132812,-0.0269920670710517,1.6054834444335775,-2.47018161498845,-2.200489369902386,-1.13282789547404,0.8461836051164138,0.0286360530585968,2.556817058295205,0.122750074275211,1.7154530643742665
30.0,169.0,130.10536193847656,-0.0235538359742939,1.6114951935497412,-2.463722332766263,-2.197057806555596,-1.1336878616068975,0.8458354950743165,0.0211062227208712,2.558193656229544,0.1161264643964604,1.713668886652113
30.0,169.0,130.18077087402344,-0.0260468902231209,1.5983578343990732,-2.468957577448791,-2.200842246581117,-1.1295603629790112,0.8551547161894129,0.0266838419047653,2.556337980567533,0.1228386601075636,1.7189292442938289
30.0,169.0,130.14947509765625,-0.0265878033432111,1.6057191627870409,-2.471715409892107,-2.198689063139184,-1.1321482627601072,0.8544690238115497,0.0344679859174902,2.5581475898083745,0.1223609757607841,1.7148494574260558
30.0,169.0,130.12844848632812,-0.0271119899159177,1.6066814938307847,-2.4615333602509355,-2.198249035619912,-1.1352233984577975,0.8499162760602594,0.0218138765229704,2.55631019698736,0.1127819608077453,1.7037340464600743
30.0,169.0,217.80987548828125,-0.7399219093249991,0.6265199654248446,-3.3812386568411683,-3.115740592719888,-2.4970438835882924,0.4187495791001843,-0.1164287251613381,2.541142812644273,0.2703581298861386,2.0687642066891287
30.0,169.0,201.7044219970703,-0.6552952230338768,0.789537644755984,-3.131677153117997,-2.725862189701337,-1.327890814222953,0.7257755438118074,-0.0264966475501739,2.5879562114865826,0.2411740536822892,2.06908069814025
30.0,169.0,130.14710998535156,-0.0135315212204502,1.605720809961498,-2.465363107625075,-2.198675567082205,-1.1345383175960768,0.8451830189750128,0.0267326894214271,2.56007963879809,0.1228236626545748,1.716905954945148
30.0,169.0,167.2873992919922,0.1364449192261084,1.540220880879914,-2.4572309128923724,-2.1521621669699544,-1.1833218179616156,0.8480809513961107,0.0536753970836616,2.567811800468,0.1091536845791828,1.3044015798949056
30.0,169.0,130.24179077148438,-0.0260239143151743,1.6175782751582,-2.4649761234113576,-2.195783890213232,-1.1342079724290812,0.8450042547959722,0.0098654759412035,2.554699091392606,0.1163823427465246,1.7140498610429002
30.0,169.0,130.12234497070312,-0.0281963023023564,1.607983138766233,-2.47207220348178,-2.1982003957362166,-1.1322205757454529,0.847318403553332,0.0241631196656896,2.558210017809466,0.1219390633187435,1.7150237467066978
30.0,169.0,130.15760803222656,-0.0267757387035477,1.60398439240737,-2.461088520009093,-2.199432003214416,-1.1384582665931664,0.8523611361211363,0.0241088424358353,2.555544224744032,0.1170253228509962,1.712902891344093
30.0,169.0,220.53668212890625,-1.2171966783311097,0.4756538204269566,-3.473961005955754,-3.088961056374514,-1.704597891261704,0.4920041034137272,-0.0918239354140258,2.562499878329205,0.3992523830963432,2.654374933471221
30.0,169.0,130.10888671875,-0.0250847770297169,1.6125766611988686,-2.466709078562076,-2.198367910536711,-1.1325293394461469,0.8459924973534039,0.022484345642455,2.557662949102429,0.1162061624580331,1.7145794120128168
30.0,169.0,130.48040771484375,-0.012758828874881,1.6062764644806302,-2.46632980236816,-2.210103095643349,-1.1362048518035643,0.8263804418378736,0.0272176181182342,2.5607880983502964,0.1302147676306199,1.7179089571632271
30.0,169.0,130.2471466064453,-0.0280745091539965,1.6154942074375032,-2.4755213595236487,-2.1968237735358143,-1.1356035593588556,0.8499511526703878,0.0303951848780532,2.561134313962432,0.1098981923423949,1.6893887967468817
30.0,169.0,132.07337951660156,-0.0715378268087487,1.601564681424695,-2.4503899232554813,-2.224810845866159,-1.1420162149159725,0.8130826707239752,0.0289945863500373,2.551213123197335,0.1172312303078024,1.723701807607377
30.0,169.0,132.2454833984375,-0.0111055726255074,1.6505101117030574,-2.40584948880962,-2.189950897988249,-1.1605973977680906,0.8546535079451567,0.036335896105406,2.553450211635662,0.1006454423584248,1.6166917119255686
30.0,169.0,205.4263153076172,-1.0610826982318322,0.7387432132212964,-3.5269101097837323,-2.588175478326636,-1.3746018730768372,0.7544874944278932,-0.0259144887775997,2.5909527780546773,0.210068459110206,2.063579531483645
30.0,169.0,130.25180053710938,-0.0267476221560134,1.61793390936736,-2.459822279534134,-2.196682669709967,-1.1461446241820243,0.8389852000934749,0.0124573123331893,2.5566323003307927,0.1145296592012222,1.6893486914259876
30.0,169.0,130.12106323242188,-0.0268418524415132,1.607971210081246,-2.4712624494244704,-2.199058154505161,-1.1332600567613618,0.8443475714739972,0.0232630546507814,2.5573724150402186,0.1239606100015764,1.7152180370041608
30.0,169.0,130.2588348388672,-0.0268155035225158,1.5978037115202774,-2.468611255640289,-2.2006720960248254,-1.1266289480841782,0.8503449998598901,0.0164581524357002,2.558106124629458,0.1212074184239656,1.7266150074366458
30.0,169.0,203.7299041748047,-1.4671963034076896,0.7718039591814964,-3.521820860113768,-2.7055890962796987,-1.3850800460590984,0.7492558679810841,0.0041742840984898,2.5864682179734686,0.2295821296873494,1.9406396168518183
30.0,169.0,240.0376892089844,-0.818985015422538,0.7325545795717203,-3.463958090524869,-3.1745869837099026,-1.9281247841715203,0.2058466922336207,-0.3766659363291286,2.6001316734345754,0.2265875295001577,2.1979228280822705
30.0,169.0,159.85574340820312,0.0252396825413021,1.6529321782806137,-2.5972660368103093,-2.1497931760405287,-1.2296027951994513,0.8967889501845605,0.0241830396969638,2.6331062960667984,0.1121326128038513,1.598520646037442
30.0,169.0,130.1540069580078,-0.0233617360495238,1.6063562389096482,-2.465712201816212,-2.1962820042897984,-1.1338732704022232,0.8417801363551509,0.0195847291877616,2.5607292946758373,0.1164628001299254,1.7172461156255154
30.0,169.0,130.14247131347656,-0.0291723463715712,1.6077952738808947,-2.460187727706012,-2.195712075343262,-1.1292933870839374,0.8471610979729282,0.0326492523767173,2.5569411454637305,0.1200406137479282,1.7145687914700531
30.0,169.0,130.2286834716797,-0.0271826698003397,1.6145985740423054,-2.4715464473642084,-2.2092197202824924,-1.1394229843027128,0.8541174431154692,0.0225454668945235,2.557668279222869,0.1222537644706667,1.7182035055492069
30.0,169.0,130.09596252441406,-0.0267700017881518,1.607963802271796,-2.463894573138408,-2.1968028580641845,-1.135257649520309,0.8493750549085285,0.025443114961393,2.556572105823862,0.1131479800481685,1.7007746024894883
30.0,169.0,209.853515625,-0.6115977473066232,0.7776220381257966,-3.835539989399004,-2.6171739805113914,-1.275521664933832,0.7366176474541036,-0.0458302544230463,2.584816162634513,0.2980722673261389,2.069972514370848
30.0,169.0,130.1309051513672,-0.0272858821878142,1.6108233957323643,-2.4710811567914925,-2.1985903613276343,-1.133349495233834,0.8482270390099167,0.0302107637512672,2.5568500433798644,0.1254928358220491,1.721579884648463
30.0,169.0,130.22972106933594,-0.0145525552392131,1.603926995669682,-2.4685846918530583,-2.1981105493598787,-1.1305852983365927,0.8570387867196437,0.0265408269047751,2.559012577288978,0.1154030558169636,1.7190219868982075
30.0,169.0,245.99302673339844,-0.7494604562313425,0.5827624451646062,-3.1978432976312727,-2.930434860001456,-2.589522757468941,0.4511330050359632,-0.2349149109541924,2.459352546895984,0.2558733024443547,1.86071018527782
30.0,169.0,210.119873046875,-0.7610068930568665,0.5642124147423887,-3.726421416211226,-2.7995431788777383,-1.3708891968054873,0.679066308131347,0.0234932080174868,2.5843400721228726,0.297657964549431,2.1950618999519365
30.0,169.0,130.0970001220703,-0.0266400754544768,1.6080811707817129,-2.469143285511299,-2.201741422134297,-1.1362336051908095,0.8429304559891113,0.0208751053518192,2.555642669695219,0.1158560511393114,1.708619194920999
30.0,169.0,148.685791015625,-0.1844595747117682,1.553405182679582,-2.528912169692083,-2.253632512524986,-1.0995630172326345,0.7983901642551336,0.0134056832860364,2.572049796835783,0.2235345561535918,2.2776265769358743
30.0,169.0,205.575927734375,-0.8160173862793221,0.5906195673798553,-3.5501247184478806,-2.9220737949502533,-1.5276746941164658,0.7254873283981647,-0.0189028447691116,2.5943872451814447,0.2168908645567235,1.9760531472632008
30.0,169.0,130.13316345214844,-0.0227586929501421,1.6081043275543792,-2.4682856111991627,-2.1932304090971884,-1.1331419185378844,0.8550593768296066,0.0317013919848782,2.5581726997599663,0.1222957614446536,1.7206188887985865
30.0,169.0,130.62899780273438,-0.0242292787556977,1.6012337053711958,-2.464579507004121,-2.195260153281381,-1.1143679015637342,0.8785199711550532,0.0315793417836433,2.566001853923271,0.1282982925046728,1.7179030245262106
30.0,169.0,130.18907165527344,-0.0262528851207238,1.5974584251967272,-2.468816970185684,-2.200886649619457,-1.1276400649197336,0.8507476817299163,0.0244560118133023,2.558412121330832,0.1219603704325533,1.7273670293808945
30.0,169.0,206.04153442382807,-0.3396549981540837,1.6668242769853858,-2.6567477981223115,-2.411074178708744,-1.4002456160814472,0.8570662304176697,0.1170775457154856,2.556986763647142,0.1473120189844505,1.7796496325765492
30.0,169.0,130.11865234375,-0.0266416845160599,1.6087064716267117,-2.4634515893356763,-2.193992049986947,-1.1351504762642477,0.8491319143809366,0.0268904914874937,2.55149899181501,0.1164404281162467,1.7187807461714406
30.0,169.0,130.10707092285156,-0.0206413009465822,1.607103771741906,-2.4650415183868595,-2.199410421657112,-1.1344675718595512,0.850930496846279,0.0231514778796615,2.5564366696589165,0.1144160206393127,1.7014104240487815
30.0,169.0,131.47850036621094,-0.0482109867575819,1.595070953507842,-2.465208919588046,-2.161356352001325,-1.1086535445559702,0.8742354972568628,0.0644758361680563,2.566171235006831,0.1290306267162363,1.7637249640635648
30.0,169.0,130.15472412109375,-0.0263475386201413,1.6034435358923471,-2.473031179106798,-2.2002251381787823,-1.1306230406652376,0.8538126505300766,0.0337187634346841,2.5585343718560365,0.122816239835256,1.715614417459707
30.0,169.0,131.2361602783203,-0.0220692456970595,1.59744718855561,-2.4749331952861127,-2.242386412278529,-1.1309225678285506,0.8523441005269395,0.033251440959556,2.5580831916685187,0.1558555047697084,1.8390339515386167
30.0,170.0,130.1182403564453,-0.0269475198327534,1.607635521731975,-2.4678018934272954,-2.1968018729563914,-1.135042482823502,0.8493654196665862,0.0260099413557604,2.556584963602296,0.1102726939706529,1.7024071446134472
30.0,170.0,201.4370574951172,-0.4540401323260987,0.8179070478135094,-3.314276906304189,-2.628539443785192,-1.3337882873665527,0.7127938785222587,-0.0269535484838654,2.590339428802196,0.2594558839508205,2.0689052243034824
30.0,170.0,130.1121063232422,-0.0265634155457615,1.60623480497619,-2.46756597105969,-2.1991113819073185,-1.133287545835645,0.8492630832317594,0.0255035098698758,2.559455602861785,0.1143400814507139,1.7049865455767588
30.0,170.0,205.40724182128903,-1.2471719392371754,0.7338063691250966,-3.6956164114227614,-2.6893020048638974,-1.4361633841990469,0.7509499775402746,-0.0265320376388999,2.5844589496606782,0.2214973721181175,2.0621365244733765
30.0,170.0,130.11087036132812,-0.0269920670710517,1.6054834444335775,-2.47018161498845,-2.200489369902386,-1.13282789547404,0.8461836051164138,0.0286360530585968,2.556817058295205,0.122750074275211,1.7154530643742665
30.0,170.0,130.10536193847656,-0.0235538359742939,1.6114951935497412,-2.463722332766263,-2.197057806555596,-1.1336878616068975,0.8458354950743165,0.0211062227208712,2.558193656229544,0.1161264643964604,1.713668886652113
30.0,170.0,130.18077087402344,-0.0260468902231209,1.5983578343990732,-2.468957577448791,-2.200842246581117,-1.1295603629790112,0.8551547161894129,0.0266838419047653,2.556337980567533,0.1228386601075636,1.7189292442938289
30.0,170.0,130.14947509765625,-0.0265878033432111,1.6057191627870409,-2.471715409892107,-2.198689063139184,-1.1321482627601072,0.8544690238115497,0.0344679859174902,2.5581475898083745,0.1223609757607841,1.7148494574260558
30.0,170.0,130.09400939941406,-0.0268993225807057,1.609624953122047,-2.463323841560391,-2.1991398059123326,-1.1368782246200333,0.8479548448777308,0.0275958228125492,2.5572579675745946,0.1149468801703433,1.7014833006616188
30.0,170.0,217.80987548828125,-0.7399219093249991,0.6265199654248446,-3.3812386568411683,-3.115740592719888,-2.4970438835882924,0.4187495791001843,-0.1164287251613381,2.541142812644273,0.2703581298861386,2.0687642066891287
30.0,170.0,201.7044219970703,-0.6552952230338768,0.789537644755984,-3.131677153117997,-2.725862189701337,-1.327890814222953,0.7257755438118074,-0.0264966475501739,2.5879562114865826,0.2411740536822892,2.06908069814025
30.0,170.0,130.13739013671875,-0.0153033557216235,1.6078015879527705,-2.465580910813728,-2.1993767968866145,-1.1367952942034754,0.8469511566703656,0.0271941227170915,2.563068082639992,0.1242921693091419,1.7366673012582765
30.0,170.0,167.2873992919922,0.1364449192261084,1.540220880879914,-2.4572309128923724,-2.1521621669699544,-1.1833218179616156,0.8480809513961107,0.0536753970836616,2.567811800468,0.1091536845791828,1.3044015798949056
30.0,170.0,130.20350646972656,-0.0261510730517243,1.6132766135226475,-2.465626643000028,-2.1953746406039194,-1.1374088695732856,0.8470089186256159,0.0264855725448808,2.556381185815768,0.1081847003933697,1.713825184948757
30.0,170.0,130.12234497070312,-0.0281963023023564,1.607983138766233,-2.47207220348178,-2.1982003957362166,-1.1322205757454529,0.847318403553332,0.0241631196656896,2.558210017809466,0.1219390633187435,1.7150237467066978
30.0,170.0,130.1466522216797,-0.0270300348835046,1.6075706153806095,-2.458501079158284,-2.1967554057568663,-1.1365996351128516,0.8502053973103434,0.0331242644435623,2.557078393671457,0.1124791188669385,1.6944965663114384
30.0,170.0,220.53668212890625,-1.2171966783311097,0.4756538204269566,-3.473961005955754,-3.088961056374514,-1.704597891261704,0.4920041034137272,-0.0918239354140258,2.562499878329205,0.3992523830963432,2.654374933471221
30.0,170.0,130.10888671875,-0.0250847770297169,1.6125766611988686,-2.466709078562076,-2.198367910536711,-1.1325293394461469,0.8459924973534039,0.022484345642455,2.557662949102429,0.1162061624580331,1.7145794120128168
30.0,170.0,130.48040771484375,-0.012758828874881,1.6062764644806302,-2.46632980236816,-2.210103095643349,-1.1362048518035643,0.8263804418378736,0.0272176181182342,2.5607880983502964,0.1302147676306199,1.7179089571632271
30.0,170.0,130.2471466064453,-0.0280745091539965,1.6154942074375032,-2.4755213595236487,-2.1968237735358143,-1.1356035593588556,0.8499511526703878,0.0303951848780532,2.561134313962432,0.1098981923423949,1.6893887967468817
30.0,170.0,132.07337951660156,-0.0715378268087487,1.601564681424695,-2.4503899232554813,-2.224810845866159,-1.1420162149159725,0.8130826707239752,0.0289945863500373,2.551213123197335,0.1172312303078024,1.723701807607377
30.0,170.0,132.2454833984375,-0.0111055726255074,1.6505101117030574,-2.40584948880962,-2.189950897988249,-1.1605973977680906,0.8546535079451567,0.036335896105406,2.553450211635662,0.1006454423584248,1.6166917119255686
30.0,170.0,205.4263153076172,-1.0610826982318322,0.7387432132212964,-3.5269101097837323,-2.588175478326636,-1.3746018730768372,0.7544874944278932,-0.0259144887775997,2.5909527780546773,0.210068459110206,2.063579531483645
30.0,170.0,130.25180053710938,-0.0267476221560134,1.61793390936736,-2.459822279534134,-2.196682669709967,-1.1461446241820243,0.8389852000934749,0.0124573123331893,2.5566323003307927,0.1145296592012222,1.6893486914259876
30.0,170.0,130.12106323242188,-0.0268418524415132,1.607971210081246,-2.4712624494244704,-2.199058154505161,-1.1332600567613618,0.8443475714739972,0.0232630546507814,2.5573724150402186,0.1239606100015764,1.7152180370041608
30.0,170.0,130.2588348388672,-0.0268155035225158,1.5978037115202774,-2.468611255640289,-2.2006720960248254,-1.1266289480841782,0.8503449998598901,0.0164581524357002,2.558106124629458,0.1212074184239656,1.7266150074366458
30.0,170.0,203.7299041748047,-1.4671963034076896,0.7718039591814964,-3.521820860113768,-2.7055890962796987,-1.3850800460590984,0.7492558679810841,0.0041742840984898,2.5864682179734686,0.2295821296873494,1.9406396168518183
30.0,170.0,240.0376892089844,-0.818985015422538,0.7325545795717203,-3.463958090524869,-3.1745869837099026,-1.9281247841715203,0.2058466922336207,-0.3766659363291286,2.6001316734345754,0.2265875295001577,2.1979228280822705
30.0,170.0,159.85574340820312,0.0252396825413021,1.6529321782806137,-2.5972660368103093,-2.1497931760405287,-1.2296027951994513,0.8967889501845605,0.0241830396969638,2.6331062960667984,0.1121326128038513,1.598520646037442
30.0,170.0,130.1107940673828,-0.0232108042947572,1.6084100066251412,-2.465414410342325,-2.196019462642357,-1.1338894332001204,0.8412227882869152,0.0223142877480759,2.5566735845294315,0.1131330675409479,1.708669848551375
30.0,170.0,130.14247131347656,-0.0291723463715712,1.6077952738808947,-2.460187727706012,-2.195712075343262,-1.1292933870839374,0.8471610979729282,0.0326492523767173,2.5569411454637305,0.1200406137479282,1.7145687914700531
30.0,170.0,130.2286834716797,-0.0271826698003397,1.6145985740423054,-2.4715464473642084,-2.2092197202824924,-1.1394229843027128,0.8541174431154692,0.0225454668945235,2.557668279222869,0.1222537644706667,1.7182035055492069
30.0,170.0,130.09596252441406,-0.0267700017881518,1.607963802271796,-2.463894573138408,-2.1968028580641845,-1.135257649520309,0.8493750549085285,0.025443114961393,2.556572105823862,0.1131479800481685,1.7007746024894883
30.0,170.0,209.853515625,-0.6115977473066232,0.7776220381257966,-3.835539989399004,-2.6171739805113914,-1.275521664933832,0.7366176474541036,-0.0458302544230463,2.584816162634513,0.2980722673261389,2.069972514370848
30.0,170.0,130.1309051513672,-0.0272858821878142,1.6108233957323643,-2.4710811567914925,-2.1985903613276343,-1.133349495233834,0.8482270390099167,0.0302107637512672,2.5568500433798644,0.1254928358220491,1.721579884648463
30.0,170.0,130.22972106933594,-0.0145525552392131,1.603926995669682,-2.4685846918530583,-2.1981105493598787,-1.1305852983365927,0.8570387867196437,0.0265408269047751,2.559012577288978,0.1154030558169636,1.7190219868982075
30.0,170.0,245.99302673339844,-0.7494604562313425,0.5827624451646062,-3.1978432976312727,-2.930434860001456,-2.589522757468941,0.4511330050359632,-0.2349149109541924,2.459352546895984,0.2558733024443547,1.86071018527782
30.0,170.0,210.119873046875,-0.7610068930568665,0.5642124147423887,-3.726421416211226,-2.7995431788777383,-1.3708891968054873,0.679066308131347,0.0234932080174868,2.5843400721228726,0.297657964549431,2.1950618999519365
30.0,170.0,130.0970001220703,-0.0266400754544768,1.6080811707817129,-2.469143285511299,-2.201741422134297,-1.1362336051908095,0.8429304559891113,0.0208751053518192,2.555642669695219,0.1158560511393114,1.708619194920999
30.0,170.0,147.79562377929688,0.0252655546281009,1.6169913992675744,-2.5347712688184503,-2.325384506795884,-1.1447684153743776,0.8610547619978212,0.0191568328394006,2.572290425618951,0.1255794258045681,1.409012059503742
30.0,170.0,205.575927734375,-0.8160173862793221,0.5906195673798553,-3.5501247184478806,-2.9220737949502533,-1.5276746941164658,0.7254873283981647,-0.0189028447691116,2.5943872451814447,0.2168908645567235,1.9760531472632008
30.0,170.0,130.13316345214844,-0.0227586929501421,1.6081043275543792,-2.4682856111991627,-2.1932304090971884,-1.1331419185378844,0.8550593768296066,0.0317013919848782,2.5581726997599663,0.1222957614446536,1.7206188887985865
30.0,170.0,130.4272003173828,-0.0270627746571956,1.6078621267607354,-2.4820721697906896,-2.189840540156476,-1.1161845164246842,0.8568048619047415,0.0326151924797751,2.557249809091139,0.112672589798062,1.6823613833706743
30.0,170.0,130.18907165527344,-0.0262528851207238,1.5974584251967272,-2.468816970185684,-2.200886649619457,-1.1276400649197336,0.8507476817299163,0.0244560118133023,2.558412121330832,0.1219603704325533,1.7273670293808945
30.0,170.0,206.04153442382807,-0.3396549981540837,1.6668242769853858,-2.6567477981223115,-2.411074178708744,-1.4002456160814472,0.8570662304176697,0.1170775457154856,2.556986763647142,0.1473120189844505,1.7796496325765492
30.0,170.0,130.11865234375,-0.0266416845160599,1.6087064716267117,-2.4634515893356763,-2.193992049986947,-1.1351504762642477,0.8491319143809366,0.0268904914874937,2.55149899181501,0.1164404281162467,1.7187807461714406
30.0,170.0,130.10411071777344,-0.0233487755122673,1.607905008380489,-2.464275371932697,-2.1951429585527378,-1.1350753473522563,0.8497962887793008,0.0240718104989148,2.5563652728590127,0.1117946436450674,1.7013596539651168
30.0,170.0,131.47850036621094,-0.0482109867575819,1.595070953507842,-2.465208919588046,-2.161356352001325,-1.1086535445559702,0.8742354972568628,0.0644758361680563,2.566171235006831,0.1290306267162363,1.7637249640635648
30.0,170.0,130.15472412109375,-0.0263475386201413,1.6034435358923471,-2.473031179106798,-2.2002251381787823,-1.1306230406652376,0.8538126505300766,0.0337187634346841,2.5585343718560365,0.122816239835256,1.715614417459707
30.0,170.0,131.2361602783203,-0.0220692456970595,1.59744718855561,-2.4749331952861127,-2.242386412278529,-1.1309225678285506,0.8523441005269395,0.033251440959556,2.5580831916685187,0.1558555047697084,1.8390339515386167
30.0,171.0,130.10073852539062,-0.0262159455996994,1.6095509354501645,-2.465425194720173,-2.1975389994033443,-1.1401469472331285,0.8471091903947456,0.0270403644289655,2.556705026684569,0.1145883547416645,1.703095403666658
30.0,171.0,201.4370574951172,-0.4540401323260987,0.8179070478135094,-3.314276906304189,-2.628539443785192,-1.3337882873665527,0.7127938785222587,-0.0269535484838654,2.590339428802196,0.2594558839508205,2.0689052243034824
30.0,171.0,130.1121063232422,-0.0265634155457615,1.60623480497619,-2.46756597105969,-2.1991113819073185,-1.133287545835645,0.8492630832317594,0.0255035098698758,2.559455602861785,0.1143400814507139,1.7049865455767588
30.0,171.0,205.40724182128903,-1.2471719392371754,0.7338063691250966,-3.6956164114227614,-2.6893020048638974,-1.4361633841990469,0.7509499775402746,-0.0265320376388999,2.5844589496606782,0.2214973721181175,2.0621365244733765
30.0,171.0,130.11087036132812,-0.0269920670710517,1.6054834444335775,-2.47018161498845,-2.200489369902386,-1.13282789547404,0.8461836051164138,0.0286360530585968,2.556817058295205,0.122750074275211,1.7154530643742665
30.0,171.0,130.10536193847656,-0.0235538359742939,1.6114951935497412,-2.463722332766263,-2.197057806555596,-1.1336878616068975,0.8458354950743165,0.0211062227208712,2.558193656229544,0.1161264643964604,1.713668886652113
30.0,171.0,130.18077087402344,-0.0260468902231209,1.5983578343990732,-2.468957577448791,-2.200842246581117,-1.1295603629790112,0.8551547161894129,0.0266838419047653,2.556337980567533,0.1228386601075636,1.7189292442938289
30.0,171.0,130.14947509765625,-0.0265878033432111,1.6057191627870409,-2.471715409892107,-2.198689063139184,-1.1321482627601072,0.8544690238115497,0.0344679859174902,2.5581475898083745,0.1223609757607841,1.7148494574260558
30.0,171.0,130.09400939941406,-0.0268993225807057,1.609624953122047,-2.463323841560391,-2.1991398059123326,-1.1368782246200333,0.8479548448777308,0.0275958228125492,2.5572579675745946,0.1149468801703433,1.7014833006616188
30.0,171.0,217.80987548828125,-0.7399219093249991,0.6265199654248446,-3.3812386568411683,-3.115740592719888,-2.4970438835882924,0.4187495791001843,-0.1164287251613381,2.541142812644273,0.2703581298861386,2.0687642066891287
30.0,171.0,201.7044219970703,-0.6552952230338768,0.789537644755984,-3.131677153117997,-2.725862189701337,-1.327890814222953,0.7257755438118074,-0.0264966475501739,2.5879562114865826,0.2411740536822892,2.06908069814025
30.0,171.0,130.13739013671875,-0.0153033557216235,1.6078015879527705,-2.465580910813728,-2.1993767968866145,-1.1367952942034754,0.8469511566703656,0.0271941227170915,2.563068082639992,0.1242921693091419,1.7366673012582765
30.0,171.0,167.2873992919922,0.1364449192261084,1.540220880879914,-2.4572309128923724,-2.1521621669699544,-1.1833218179616156,0.8480809513961107,0.0536753970836616,2.567811800468,0.1091536845791828,1.3044015798949056
30.0,171.0,130.20350646972656,-0.0261510730517243,1.6132766135226475,-2.465626643000028,-2.1953746406039194,-1.1374088695732856,0.8470089186256159,0.0264855725448808,2.556381185815768,0.1081847003933697,1.713825184948757
30.0,171.0,130.12234497070312,-0.0281963023023564,1.607983138766233,-2.47207220348178,-2.1982003957362166,-1.1322205757454529,0.847318403553332,0.0241631196656896,2.558210017809466,0.1219390633187435,1.7150237467066978
30.0,171.0,130.1466522216797,-0.0270300348835046,1.6075706153806095,-2.458501079158284,-2.1967554057568663,-1.1365996351128516,0.8502053973103434,0.0331242644435623,2.557078393671457,0.1124791188669385,1.6944965663114384
30.0,171.0,220.53668212890625,-1.2171966783311097,0.4756538204269566,-3.473961005955754,-3.088961056374514,-1.704597891261704,0.4920041034137272,-0.0918239354140258,2.562499878329205,0.3992523830963432,2.654374933471221
30.0,171.0,130.10888671875,-0.0250847770297169,1.6125766611988686,-2.466709078562076,-2.198367910536711,-1.1325293394461469,0.8459924973534039,0.022484345642455,2.557662949102429,0.1162061624580331,1.7145794120128168
30.0,171.0,130.48040771484375,-0.012758828874881,1.6062764644806302,-2.46632980236816,-2.210103095643349,-1.1362048518035643,0.8263804418378736,0.0272176181182342,2.5607880983502964,0.1302147676306199,1.7179089571632271
30.0,171.0,130.2471466064453,-0.0280745091539965,1.6154942074375032,-2.4755213595236487,-2.1968237735358143,-1.1356035593588556,0.8499511526703878,0.0303951848780532,2.561134313962432,0.1098981923423949,1.6893887967468817
30.0,171.0,132.07337951660156,-0.0715378268087487,1.601564681424695,-2.4503899232554813,-2.224810845866159,-1.1420162149159725,0.8130826707239752,0.0289945863500373,2.551213123197335,0.1172312303078024,1.723701807607377
30.0,171.0,132.22679138183594,-0.0316801348106987,1.6202569598088732,-2.4241655571342835,-2.1633523812292177,-1.1668797736654066,0.811519521328014,0.0321632983952759,2.5620309576039704,0.1128823196096662,1.6995257150393013
30.0,171.0,205.4263153076172,-1.0610826982318322,0.7387432132212964,-3.5269101097837323,-2.588175478326636,-1.3746018730768372,0.7544874944278932,-0.0259144887775997,2.5909527780546773,0.210068459110206,2.063579531483645
30.0,171.0,130.22964477539062,-0.0264061132277707,1.6115980790928923,-2.451563333282103,-2.197863575197416,-1.1375398210499026,0.8422491740087541,0.0341118331847806,2.557877566736509,0.1146664448408976,1.7026663520220051
30.0,171.0,130.12106323242188,-0.0268418524415132,1.607971210081246,-2.4712624494244704,-2.199058154505161,-1.1332600567613618,0.8443475714739972,0.0232630546507814,2.5573724150402186,0.1239606100015764,1.7152180370041608
30.0,171.0,130.2588348388672,-0.0268155035225158,1.5978037115202774,-2.468611255640289,-2.2006720960248254,-1.1266289480841782,0.8503449998598901,0.0164581524357002,2.558106124629458,0.1212074184239656,1.7266150074366458
30.0,171.0,203.7299041748047,-1.4671963034076896,0.7718039591814964,-3.521820860113768,-2.7055890962796987,-1.3850800460590984,0.7492558679810841,0.0041742840984898,2.5864682179734686,0.2295821296873494,1.9406396168518183
30.0,171.0,240.0376892089844,-0.818985015422538,0.7325545795717203,-3.463958090524869,-3.1745869837099026,-1.9281247841715203,0.2058466922336207,-0.3766659363291286,2.6001316734345754,0.2265875295001577,2.1979228280822705
30.0,171.0,156.61386108398438,0.0199090602030015,1.401112796168357,-2.445107295868611,-2.171350111244476,-1.1228774213158377,0.826895059188147,0.0323435846890696,2.600752674939596,0.1188689495468403,1.672769626781622
30.0,171.0,130.1107940673828,-0.0232108042947572,1.6084100066251412,-2.465414410342325,-2.196019462642357,-1.1338894332001204,0.8412227882869152,0.0223142877480759,2.5566735845294315,0.1131330675409479,1.708669848551375
30.0,171.0,130.14247131347656,-0.0291723463715712,1.6077952738808947,-2.460187727706012,-2.195712075343262,-1.1292933870839374,0.8471610979729282,0.0326492523767173,2.5569411454637305,0.1200406137479282,1.7145687914700531
30.0,171.0,130.2286834716797,-0.0271826698003397,1.6145985740423054,-2.4715464473642084,-2.2092197202824924,-1.1394229843027128,0.8541174431154692,0.0225454668945235,2.557668279222869,0.1222537644706667,1.7182035055492069
30.0,171.0,130.09596252441406,-0.0267700017881518,1.607963802271796,-2.463894573138408,-2.1968028580641845,-1.135257649520309,0.8493750549085285,0.025443114961393,2.556572105823862,0.1131479800481685,1.7007746024894883
30.0,171.0,209.853515625,-0.6115977473066232,0.7776220381257966,-3.835539989399004,-2.6171739805113914,-1.275521664933832,0.7366176474541036,-0.0458302544230463,2.584816162634513,0.2980722673261389,2.069972514370848
30.0,171.0,130.1309051513672,-0.0272858821878142,1.6108233957323643,-2.4710811567914925,-2.1985903613276343,-1.133349495233834,0.8482270390099167,0.0302107637512672,2.5568500433798644,0.1254928358220491,1.721579884648463
30.0,171.0,130.22972106933594,-0.0145525552392131,1.603926995669682,-2.4685846918530583,-2.1981105493598787,-1.1305852983365927,0.8570387867196437,0.0265408269047751,2.559012577288978,0.1154030558169636,1.7190219868982075
30.0,171.0,245.99302673339844,-0.7494604562313425,0.5827624451646062,-3.1978432976312727,-2.930434860001456,-2.589522757468941,0.4511330050359632,-0.2349149109541924,2.459352546895984,0.2558733024443547,1.86071018527782
30.0,171.0,210.119873046875,-0.7610068930568665,0.5642124147423887,-3.726421416211226,-2.7995431788777383,-1.3708891968054873,0.679066308131347,0.0234932080174868,2.5843400721228726,0.297657964549431,2.1950618999519365
30.0,171.0,130.0970001220703,-0.0266400754544768,1.6080811707817129,-2.469143285511299,-2.201741422134297,-1.1362336051908095,0.8429304559891113,0.0208751053518192,2.555642669695219,0.1158560511393114,1.708619194920999
30.0,171.0,135.18727111816406,0.043345987551287,1.60326286524386,-2.4947454409730514,-2.2107823956232218,-1.1517792527395736,0.8485859467924263,0.0212141715357631,2.5712580086948926,0.0845863836468819,1.4721510379433929
30.0,171.0,205.575927734375,-0.8160173862793221,0.5906195673798553,-3.5501247184478806,-2.9220737949502533,-1.5276746941164658,0.7254873283981647,-0.0189028447691116,2.5943872451814447,0.2168908645567235,1.9760531472632008
30.0,171.0,130.13316345214844,-0.0227586929501421,1.6081043275543792,-2.4682856111991627,-2.1932304090971884,-1.1331419185378844,0.8550593768296066,0.0317013919848782,2.5581726997599663,0.1222957614446536,1.7206188887985865
30.0,171.0,130.4272003173828,-0.0270627746571956,1.6078621267607354,-2.4820721697906896,-2.189840540156476,-1.1161845164246842,0.8568048619047415,0.0326151924797751,2.557249809091139,0.112672589798062,1.6823613833706743
30.0,171.0,130.18907165527344,-0.0262528851207238,1.5974584251967272,-2.468816970185684,-2.200886649619457,-1.1276400649197336,0.8507476817299163,0.0244560118133023,2.558412121330832,0.1219603704325533,1.7273670293808945
30.0,171.0,206.04153442382807,-0.3396549981540837,1.6668242769853858,-2.6567477981223115,-2.411074178708744,-1.4002456160814472,0.8570662304176697,0.1170775457154856,2.556986763647142,0.1473120189844505,1.7796496325765492
30.0,171.0,130.11865234375,-0.0266416845160599,1.6087064716267117,-2.4634515893356763,-2.193992049986947,-1.1351504762642477,0.8491319143809366,0.0268904914874937,2.55149899181501,0.1164404281162467,1.7187807461714406
30.0,171.0,130.10411071777344,-0.0233487755122673,1.607905008380489,-2.464275371932697,-2.1951429585527378,-1.1350753473522563,0.8497962887793008,0.0240718104989148,2.5563652728590127,0.1117946436450674,1.7013596539651168
30.0,171.0,131.47850036621094,-0.0482109867575819,1.595070953507842,-2.465208919588046,-2.161356352001325,-1.1086535445559702,0.8742354972568628,0.0644758361680563,2.566171235006831,0.1290306267162363,1.7637249640635648
30.0,171.0,130.15472412109375,-0.0263475386201413,1.6034435358923471,-2.473031179106798,-2.2002251381787823,-1.1306230406652376,0.8538126505300766,0.0337187634346841,2.5585343718560365,0.122816239835256,1.715614417459707
30.0,171.0,131.2361602783203,-0.0220692456970595,1.59744718855561,-2.4749331952861127,-2.242386412278529,-1.1309225678285506,0.8523441005269395,0.033251440959556,2.5580831916685187,0.1558555047697084,1.8390339515386167
30.0,172.0,130.10073852539062,-0.0262159455996994,1.6095509354501645,-2.465425194720173,-2.1975389994033443,-1.1401469472331285,0.8471091903947456,0.0270403644289655,2.556705026684569,0.1145883547416645,1.703095403666658
30.0,172.0,201.4370574951172,-0.4540401323260987,0.8179070478135094,-3.314276906304189,-2.628539443785192,-1.3337882873665527,0.7127938785222587,-0.0269535484838654,2.590339428802196,0.2594558839508205,2.0689052243034824
30.0,172.0,130.1121063232422,-0.0265634155457615,1.60623480497619,-2.46756597105969,-2.1991113819073185,-1.133287545835645,0.8492630832317594,0.0255035098698758,2.559455602861785,0.1143400814507139,1.7049865455767588
30.0,172.0,205.40724182128903,-1.2471719392371754,0.7338063691250966,-3.6956164114227614,-2.6893020048638974,-1.4361633841990469,0.7509499775402746,-0.0265320376388999,2.5844589496606782,0.2214973721181175,2.0621365244733765
30.0,172.0,130.11087036132812,-0.0269920670710517,1.6054834444335775,-2.47018161498845,-2.200489369902386,-1.13282789547404,0.8461836051164138,0.0286360530585968,2.556817058295205,0.122750074275211,1.7154530643742665
30.0,172.0,130.10536193847656,-0.0235538359742939,1.6114951935497412,-2.463722332766263,-2.197057806555596,-1.1336878616068975,0.8458354950743165,0.0211062227208712,2.558193656229544,0.1161264643964604,1.713668886652113
30.0,172.0,130.18077087402344,-0.0260468902231209,1.5983578343990732,-2.468957577448791,-2.200842246581117,-1.1295603629790112,0.8551547161894129,0.0266838419047653,2.556337980567533,0.1228386601075636,1.7189292442938289
30.0,172.0,130.14947509765625,-0.0265878033432111,1.6057191627870409,-2.471715409892107,-2.198689063139184,-1.1321482627601072,0.8544690238115497,0.0344679859174902,2.5581475898083745,0.1223609757607841,1.7148494574260558
30.0,172.0,130.09400939941406,-0.0268993225807057,1.609624953122047,-2.463323841560391,-2.1991398059123326,-1.1368782246200333,0.8479548448777308,0.0275958228125492,2.5572579675745946,0.1149468801703433,1.7014833006616188
30.0,172.0,217.80987548828125,-0.7399219093249991,0.6265199654248446,-3.3812386568411683,-3.115740592719888,-2.4970438835882924,0.4187495791001843,-0.1164287251613381,2.541142812644273,0.2703581298861386,2.0687642066891287
30.0,172.0,201.7044219970703,-0.6552952230338768,0.789537644755984,-3.131677153117997,-2.725862189701337,-1.327890814222953,0.7257755438118074,-0.0264966475501739,2.5879562114865826,0.2411740536822892,2.06908069814025
30.0,172.0,130.13739013671875,-0.0153033557216235,1.6078015879527705,-2.465580910813728,-2.1993767968866145,-1.1367952942034754,0.8469511566703656,0.0271941227170915,2.563068082639992,0.1242921693091419,1.7366673012582765
30.0,172.0,154.91246032714844,0.1651456135719926,1.632988435276179,-2.512363901587801,-2.1354343483395297,-1.1193475972894602,0.8348989273557856,0.0744019590579066,2.5611616109189144,0.1067382685610878,1.4941583577362183
30.0,172.0,130.20350646972656,-0.0261510730517243,1.6132766135226475,-2.465626643000028,-2.1953746406039194,-1.1374088695732856,0.8470089186256159,0.0264855725448808,2.556381185815768,0.1081847003933697,1.713825184948757
30.0,172.0,130.12234497070312,-0.0281963023023564,1.607983138766233,-2.47207220348178,-2.1982003957362166,-1.1322205757454529,0.847318403553332,0.0241631196656896,2.558210017809466,0.1219390633187435,1.7150237467066978
30.0,172.0,130.1466522216797,-0.0270300348835046,1.6075706153806095,-2.458501079158284,-2.1967554057568663,-1.1365996351128516,0.8502053973103434,0.0331242644435623,2.557078393671457,0.1124791188669385,1.6944965663114384
30.0,172.0,220.53668212890625,-1.2171966783311097,0.4756538204269566,-3.473961005955754,-3.088961056374514,-1.704597891261704,0.4920041034137272,-0.0918239354140258,2.562499878329205,0.3992523830963432,2.654374933471221
30.0,172.0,130.10888671875,-0.0250847770297169,1.6125766611988686,-2.466709078562076,-2.198367910536711,-1.1325293394461469,0.8459924973534039,0.022484345642455,2.557662949102429,0.1162061624580331,1.7145794120128168
30.0,172.0,130.48040771484375,-0.012758828874881,1.6062764644806302,-2.46632980236816,-2.210103095643349,-1.1362048518035643,0.8263804418378736,0.0272176181182342,2.5607880983502964,0.1302147676306199,1.7179089571632271
30.0,172.0,130.2471466064453,-0.0280745091539965,1.6154942074375032,-2.4755213595236487,-2.1968237735358143,-1.1356035593588556,0.8499511526703878,0.0303951848780532,2.561134313962432,0.1098981923423949,1.6893887967468817
30.0,172.0,132.07337951660156,-0.0715378268087487,1.601564681424695,-2.4503899232554813,-2.224810845866159,-1.1420162149159725,0.8130826707239752,0.0289945863500373,2.551213123197335,0.1172312303078024,1.723701807607377
30.0,172.0,132.22679138183594,-0.0316801348106987,1.6202569598088732,-2.4241655571342835,-2.1633523812292177,-1.1668797736654066,0.811519521328014,0.0321632983952759,2.5620309576039704,0.1128823196096662,1.6995257150393013
30.0,172.0,205.4263153076172,-1.0610826982318322,0.7387432132212964,-3.5269101097837323,-2.588175478326636,-1.3746018730768372,0.7544874944278932,-0.0259144887775997,2.5909527780546773,0.210068459110206,2.063579531483645
30.0,172.0,130.22964477539062,-0.0264061132277707,1.6115980790928923,-2.451563333282103,-2.197863575197416,-1.1375398210499026,0.8422491740087541,0.0341118331847806,2.557877566736509,0.1146664448408976,1.7026663520220051
30.0,172.0,130.12106323242188,-0.0268418524415132,1.607971210081246,-2.4712624494244704,-2.199058154505161,-1.1332600567613618,0.8443475714739972,0.0232630546507814,2.5573724150402186,0.1239606100015764,1.7152180370041608
30.0,172.0,130.2588348388672,-0.0268155035225158,1.5978037115202774,-2.468611255640289,-2.2006720960248254,-1.1266289480841782,0.8503449998598901,0.0164581524357002,2.558106124629458,0.1212074184239656,1.7266150074366458
30.0,172.0,203.7299041748047,-1.4671963034076896,0.7718039591814964,-3.521820860113768,-2.7055890962796987,-1.3850800460590984,0.7492558679810841,0.0041742840984898,2.5864682179734686,0.2295821296873494,1.9406396168518183
30.0,172.0,240.0376892089844,-0.818985015422538,0.7325545795717203,-3.463958090524869,-3.1745869837099026,-1.9281247841715203,0.2058466922336207,-0.3766659363291286,2.6001316734345754,0.2265875295001577,2.1979228280822705
30.0,172.0,156.61386108398438,0.0199090602030015,1.401112796168357,-2.445107295868611,-2.171350111244476,-1.1228774213158377,0.826895059188147,0.0323435846890696,2.600752674939596,0.1188689495468403,1.672769626781622
30.0,172.0,130.1107940673828,-0.0232108042947572,1.6084100066251412,-2.465414410342325,-2.196019462642357,-1.1338894332001204,0.8412227882869152,0.0223142877480759,2.5566735845294315,0.1131330675409479,1.708669848551375
30.0,172.0,130.10638427734375,-0.0257705561249888,1.6080205454177898,-2.4622210558992945,-2.197574390679728,-1.1327246494326295,0.8492853256747454,0.0231380977624447,2.556873018069425,0.1169045351186283,1.7147733277782051
30.0,172.0,130.2286834716797,-0.0271826698003397,1.6145985740423054,-2.4715464473642084,-2.2092197202824924,-1.1394229843027128,0.8541174431154692,0.0225454668945235,2.557668279222869,0.1222537644706667,1.7182035055492069
30.0,172.0,130.09596252441406,-0.0267700017881518,1.607963802271796,-2.463894573138408,-2.1968028580641845,-1.135257649520309,0.8493750549085285,0.025443114961393,2.556572105823862,0.1131479800481685,1.7007746024894883
30.0,172.0,209.853515625,-0.6115977473066232,0.7776220381257966,-3.835539989399004,-2.6171739805113914,-1.275521664933832,0.7366176474541036,-0.0458302544230463,2.584816162634513,0.2980722673261389,2.069972514370848
30.0,172.0,130.1309051513672,-0.0272858821878142,1.6108233957323643,-2.4710811567914925,-2.1985903613276343,-1.133349495233834,0.8482270390099167,0.0302107637512672,2.5568500433798644,0.1254928358220491,1.721579884648463
30.0,172.0,130.22972106933594,-0.0145525552392131,1.603926995669682,-2.4685846918530583,-2.1981105493598787,-1.1305852983365927,0.8570387867196437,0.0265408269047751,2.559012577288978,0.1154030558169636,1.7190219868982075
30.0,172.0,245.99302673339844,-0.7494604562313425,0.5827624451646062,-3.1978432976312727,-2.930434860001456,-2.589522757468941,0.4511330050359632,-0.2349149109541924,2.459352546895984,0.2558733024443547,1.86071018527782
30.0,172.0,210.119873046875,-0.7610068930568665,0.5642124147423887,-3.726421416211226,-2.7995431788777383,-1.3708891968054873,0.679066308131347,0.0234932080174868,2.5843400721228726,0.297657964549431,2.1950618999519365
30.0,172.0,130.0970001220703,-0.0266400754544768,1.6080811707817129,-2.469143285511299,-2.201741422134297,-1.1362336051908095,0.8429304559891113,0.0208751053518192,2.555642669695219,0.1158560511393114,1.708619194920999
30.0,172.0,133.38626098632812,-0.0858318695331953,1.6000261696024165,-2.4655890703878525,-2.146388605519955,-1.1447371446498107,0.8426995092989924,0.0233906096008493,2.550663751291094,0.0945489562379355,1.7009053037226254
30.0,172.0,205.575927734375,-0.8160173862793221,0.5906195673798553,-3.5501247184478806,-2.9220737949502533,-1.5276746941164658,0.7254873283981647,-0.0189028447691116,2.5943872451814447,0.2168908645567235,1.9760531472632008
30.0,172.0,130.13316345214844,-0.0227586929501421,1.6081043275543792,-2.4682856111991627,-2.1932304090971884,-1.1331419185378844,0.8550593768296066,0.0317013919848782,2.5581726997599663,0.1222957614446536,1.7206188887985865
30.0,172.0,130.4272003173828,-0.0270627746571956,1.6078621267607354,-2.4820721697906896,-2.189840540156476,-1.1161845164246842,0.8568048619047415,0.0326151924797751,2.557249809091139,0.112672589798062,1.6823613833706743
30.0,172.0,130.18907165527344,-0.0262528851207238,1.5974584251967272,-2.468816970185684,-2.200886649619457,-1.1276400649197336,0.8507476817299163,0.0244560118133023,2.558412121330832,0.1219603704325533,1.7273670293808945
30.0,172.0,206.04153442382807,-0.3396549981540837,1.6668242769853858,-2.6567477981223115,-2.411074178708744,-1.4002456160814472,0.8570662304176697,0.1170775457154856,2.556986763647142,0.1473120189844505,1.7796496325765492
30.0,172.0,130.11865234375,-0.0266416845160599,1.6087064716267117,-2.4634515893356763,-2.193992049986947,-1.1351504762642477,0.8491319143809366,0.0268904914874937,2.55149899181501,0.1164404281162467,1.7187807461714406
30.0,172.0,130.10411071777344,-0.0233487755122673,1.607905008380489,-2.464275371932697,-2.1951429585527378,-1.1350753473522563,0.8497962887793008,0.0240718104989148,2.5563652728590127,0.1117946436450674,1.7013596539651168
30.0,172.0,131.47850036621094,-0.0482109867575819,1.595070953507842,-2.465208919588046,-2.161356352001325,-1.1086535445559702,0.8742354972568628,0.0644758361680563,2.566171235006831,0.1290306267162363,1.7637249640635648
30.0,172.0,130.15472412109375,-0.0263475386201413,1.6034435358923471,-2.473031179106798,-2.2002251381787823,-1.1306230406652376,0.8538126505300766,0.0337187634346841,2.5585343718560365,0.122816239835256,1.715614417459707
30.0,172.0,131.2361602783203,-0.0220692456970595,1.59744718855561,-2.4749331952861127,-2.242386412278529,-1.1309225678285506,0.8523441005269395,0.033251440959556,2.5580831916685187,0.1558555047697084,1.8390339515386167
30.0,173.0,130.08706665039062,-0.0268215443462787,1.6098540217857014,-2.46403769562482,-2.1967828871056394,-1.135938910610692,0.847752979648084,0.0268838171900771,2.556287737654379,0.1156623813214139,1.7019411288653454
30.0,173.0,201.4370574951172,-0.4540401323260987,0.8179070478135094,-3.314276906304189,-2.628539443785192,-1.3337882873665527,0.7127938785222587,-0.0269535484838654,2.590339428802196,0.2594558839508205,2.0689052243034824
30.0,173.0,130.10169982910156,-0.026021752737939,1.6103353176305792,-2.4697951104893034,-2.199076572909228,-1.1348006292387829,0.8463062761720785,0.025072291215374,2.5579244882859418,0.1142299032175628,1.703897998854622
30.0,173.0,205.40724182128903,-1.2471719392371754,0.7338063691250966,-3.6956164114227614,-2.6893020048638974,-1.4361633841990469,0.7509499775402746,-0.0265320376388999,2.5844589496606782,0.2214973721181175,2.0621365244733765
30.0,173.0,130.11087036132812,-0.0269920670710517,1.6054834444335775,-2.47018161498845,-2.200489369902386,-1.13282789547404,0.8461836051164138,0.0286360530585968,2.556817058295205,0.122750074275211,1.7154530643742665
30.0,173.0,130.10536193847656,-0.0235538359742939,1.6114951935497412,-2.463722332766263,-2.197057806555596,-1.1336878616068975,0.8458354950743165,0.0211062227208712,2.558193656229544,0.1161264643964604,1.713668886652113
30.0,173.0,130.18077087402344,-0.0260468902231209,1.5983578343990732,-2.468957577448791,-2.200842246581117,-1.1295603629790112,0.8551547161894129,0.0266838419047653,2.556337980567533,0.1228386601075636,1.7189292442938289
30.0,173.0,130.14947509765625,-0.0265878033432111,1.6057191627870409,-2.471715409892107,-2.198689063139184,-1.1321482627601072,0.8544690238115497,0.0344679859174902,2.5581475898083745,0.1223609757607841,1.7148494574260558
30.0,173.0,130.09400939941406,-0.0268993225807057,1.609624953122047,-2.463323841560391,-2.1991398059123326,-1.1368782246200333,0.8479548448777308,0.0275958228125492,2.5572579675745946,0.1149468801703433,1.7014833006616188
30.0,173.0,217.80987548828125,-0.7399219093249991,0.6265199654248446,-3.3812386568411683,-3.115740592719888,-2.4970438835882924,0.4187495791001843,-0.1164287251613381,2.541142812644273,0.2703581298861386,2.0687642066891287
30.0,173.0,201.7044219970703,-0.6552952230338768,0.789537644755984,-3.131677153117997,-2.725862189701337,-1.327890814222953,0.7257755438118074,-0.0264966475501739,2.5879562114865826,0.2411740536822892,2.06908069814025
30.0,173.0,130.13739013671875,-0.0153033557216235,1.6078015879527705,-2.465580910813728,-2.1993767968866145,-1.1367952942034754,0.8469511566703656,0.0271941227170915,2.563068082639992,0.1242921693091419,1.7366673012582765
30.0,173.0,154.91246032714844,0.1651456135719926,1.632988435276179,-2.512363901587801,-2.1354343483395297,-1.1193475972894602,0.8348989273557856,0.0744019590579066,2.5611616109189144,0.1067382685610878,1.4941583577362183
30.0,173.0,130.20350646972656,-0.0261510730517243,1.6132766135226475,-2.465626643000028,-2.1953746406039194,-1.1374088695732856,0.8470089186256159,0.0264855725448808,2.556381185815768,0.1081847003933697,1.713825184948757
30.0,173.0,130.12234497070312,-0.0281963023023564,1.607983138766233,-2.47207220348178,-2.1982003957362166,-1.1322205757454529,0.847318403553332,0.0241631196656896,2.558210017809466,0.1219390633187435,1.7150237467066978
30.0,173.0,130.1466522216797,-0.0270300348835046,1.6075706153806095,-2.458501079158284,-2.1967554057568663,-1.1365996351128516,0.8502053973103434,0.0331242644435623,2.557078393671457,0.1124791188669385,1.6944965663114384
30.0,173.0,220.53668212890625,-1.2171966783311097,0.4756538204269566,-3.473961005955754,-3.088961056374514,-1.704597891261704,0.4920041034137272,-0.0918239354140258,2.562499878329205,0.3992523830963432,2.654374933471221
30.0,173.0,130.10888671875,-0.0250847770297169,1.6125766611988686,-2.466709078562076,-2.198367910536711,-1.1325293394461469,0.8459924973534039,0.022484345642455,2.557662949102429,0.1162061624580331,1.7145794120128168
30.0,173.0,130.48040771484375,-0.012758828874881,1.6062764644806302,-2.46632980236816,-2.210103095643349,-1.1362048518035643,0.8263804418378736,0.0272176181182342,2.5607880983502964,0.1302147676306199,1.7179089571632271
30.0,173.0,130.2471466064453,-0.0280745091539965,1.6154942074375032,-2.4755213595236487,-2.1968237735358143,-1.1356035593588556,0.8499511526703878,0.0303951848780532,2.561134313962432,0.1098981923423949,1.6893887967468817
30.0,173.0,131.0060272216797,-0.0711353062100211,1.6000822803044217,-2.473106724902367,-2.208373125863656,-1.1397695093597005,0.8537053584335834,0.0284193220077843,2.5576082440108774,0.110079087975021,1.7159755281764577
30.0,173.0,131.31295776367188,-0.0295433746411486,1.604661797035884,-2.440904353012381,-2.220483645193289,-1.157687938733128,0.8140534002842397,0.023383244023397,2.562889652342162,0.1143405498918115,1.6741416506939557
30.0,173.0,205.4263153076172,-1.0610826982318322,0.7387432132212964,-3.5269101097837323,-2.588175478326636,-1.3746018730768372,0.7544874944278932,-0.0259144887775997,2.5909527780546773,0.210068459110206,2.063579531483645
30.0,173.0,130.2250518798828,-0.0273036696880482,1.6127877403667708,-2.4594700741177555,-2.196359453185606,-1.1368866650167442,0.8482485436932878,0.0409249437387215,2.5575558676233023,0.1148435665316777,1.7012914892824234
30.0,173.0,130.12106323242188,-0.0268418524415132,1.607971210081246,-2.4712624494244704,-2.199058154505161,-1.1332600567613618,0.8443475714739972,0.0232630546507814,2.5573724150402186,0.1239606100015764,1.7152180370041608
30.0,173.0,130.2588348388672,-0.0268155035225158,1.5978037115202774,-2.468611255640289,-2.2006720960248254,-1.1266289480841782,0.8503449998598901,0.0164581524357002,2.558106124629458,0.1212074184239656,1.7266150074366458
30.0,173.0,203.7299041748047,-1.4671963034076896,0.7718039591814964,-3.521820860113768,-2.7055890962796987,-1.3850800460590984,0.7492558679810841,0.0041742840984898,2.5864682179734686,0.2295821296873494,1.9406396168518183
30.0,173.0,240.0376892089844,-0.818985015422538,0.7325545795717203,-3.463958090524869,-3.1745869837099026,-1.9281247841715203,0.2058466922336207,-0.3766659363291286,2.6001316734345754,0.2265875295001577,2.1979228280822705
30.0,173.0,155.8607177734375,-0.0043679197925813,1.4169143308586485,-2.46052372413471,-2.1656461653295738,-1.1225598067867033,0.8348508963163236,0.030103733251709,2.657780072445747,0.1187851338285041,1.6899513402753308
30.0,173.0,130.1107940673828,-0.0232108042947572,1.6084100066251412,-2.465414410342325,-2.196019462642357,-1.1338894332001204,0.8412227882869152,0.0223142877480759,2.5566735845294315,0.1131330675409479,1.708669848551375
30.0,173.0,130.1053924560547,-0.026571516101755,1.6076556637294352,-2.463362887364494,-2.196942603787644,-1.135507346969037,0.851402963828053,0.0265212721672653,2.5570350576292205,0.1169615871001732,1.7118963488566326
30.0,173.0,130.1483154296875,-0.0275914564491359,1.6025853398429613,-2.4696357611751845,-2.2066023363701146,-1.1327268692418329,0.8490465012714042,0.0273886671575012,2.557676004069114,0.1189562630161606,1.7028423325895643
30.0,173.0,130.09596252441406,-0.0267700017881518,1.607963802271796,-2.463894573138408,-2.1968028580641845,-1.135257649520309,0.8493750549085285,0.025443114961393,2.556572105823862,0.1131479800481685,1.7007746024894883
30.0,173.0,209.853515625,-0.6115977473066232,0.7776220381257966,-3.835539989399004,-2.6171739805113914,-1.275521664933832,0.7366176474541036,-0.0458302544230463,2.584816162634513,0.2980722673261389,2.069972514370848
30.0,173.0,130.1309051513672,-0.0272858821878142,1.6108233957323643,-2.4710811567914925,-2.1985903613276343,-1.133349495233834,0.8482270390099167,0.0302107637512672,2.5568500433798644,0.1254928358220491,1.721579884648463
30.0,173.0,130.2199249267578,-0.0164016591945668,1.5993259807019513,-2.4632326202227595,-2.198265719738708,-1.1318002084895964,0.8512892352084716,0.0277605504584635,2.557842107059672,0.1147463541621337,1.7122463555521037
30.0,173.0,245.99302673339844,-0.7494604562313425,0.5827624451646062,-3.1978432976312727,-2.930434860001456,-2.589522757468941,0.4511330050359632,-0.2349149109541924,2.459352546895984,0.2558733024443547,1.86071018527782
30.0,173.0,210.119873046875,-0.7610068930568665,0.5642124147423887,-3.726421416211226,-2.7995431788777383,-1.3708891968054873,0.679066308131347,0.0234932080174868,2.5843400721228726,0.297657964549431,2.1950618999519365
30.0,173.0,130.0970001220703,-0.0266400754544768,1.6080811707817129,-2.469143285511299,-2.201741422134297,-1.1362336051908095,0.8429304559891113,0.0208751053518192,2.555642669695219,0.1158560511393114,1.708619194920999
30.0,173.0,131.44332885742188,-0.055842383590578,1.6020397485554485,-2.451030363870182,-2.2106972783984427,-1.1353203241053516,0.8504619940508691,0.0285279449411233,2.549726184470776,0.1183971788929138,1.7923460931028237
30.0,173.0,205.575927734375,-0.8160173862793221,0.5906195673798553,-3.5501247184478806,-2.9220737949502533,-1.5276746941164658,0.7254873283981647,-0.0189028447691116,2.5943872451814447,0.2168908645567235,1.9760531472632008
30.0,173.0,130.13316345214844,-0.0227586929501421,1.6081043275543792,-2.4682856111991627,-2.1932304090971884,-1.1331419185378844,0.8550593768296066,0.0317013919848782,2.5581726997599663,0.1222957614446536,1.7206188887985865
30.0,173.0,130.4272003173828,-0.0270627746571956,1.6078621267607354,-2.4820721697906896,-2.189840540156476,-1.1161845164246842,0.8568048619047415,0.0326151924797751,2.557249809091139,0.112672589798062,1.6823613833706743
30.0,173.0,130.18907165527344,-0.0262528851207238,1.5974584251967272,-2.468816970185684,-2.200886649619457,-1.1276400649197336,0.8507476817299163,0.0244560118133023,2.558412121330832,0.1219603704325533,1.7273670293808945
30.0,173.0,182.29638671875,-0.1398059562801792,1.6310721653057083,-2.367690127960409,-2.1406095062204145,-1.3335229756234377,0.8571108864699657,-0.1680977433583661,2.557405389595819,0.1223749058169319,1.7500658547421886
30.0,173.0,130.11865234375,-0.0266416845160599,1.6087064716267117,-2.4634515893356763,-2.193992049986947,-1.1351504762642477,0.8491319143809366,0.0268904914874937,2.55149899181501,0.1164404281162467,1.7187807461714406
30.0,173.0,130.10411071777344,-0.0233487755122673,1.607905008380489,-2.464275371932697,-2.1951429585527378,-1.1350753473522563,0.8497962887793008,0.0240718104989148,2.5563652728590127,0.1117946436450674,1.7013596539651168
30.0,173.0,131.47850036621094,-0.0482109867575819,1.595070953507842,-2.465208919588046,-2.161356352001325,-1.1086535445559702,0.8742354972568628,0.0644758361680563,2.566171235006831,0.1290306267162363,1.7637249640635648
30.0,173.0,130.15472412109375,-0.0263475386201413,1.6034435358923471,-2.473031179106798,-2.2002251381787823,-1.1306230406652376,0.8538126505300766,0.0337187634346841,2.5585343718560365,0.122816239835256,1.715614417459707
30.0,173.0,131.2361602783203,-0.0220692456970595,1.59744718855561,-2.4749331952861127,-2.242386412278529,-1.1309225678285506,0.8523441005269395,0.033251440959556,2.5580831916685187,0.1558555047697084,1.8390339515386167
30.0,174.0,130.08706665039062,-0.0268215443462787,1.6098540217857014,-2.46403769562482,-2.1967828871056394,-1.135938910610692,0.847752979648084,0.0268838171900771,2.556287737654379,0.1156623813214139,1.7019411288653454
30.0,174.0,201.4370574951172,-0.4540401323260987,0.8179070478135094,-3.314276906304189,-2.628539443785192,-1.3337882873665527,0.7127938785222587,-0.0269535484838654,2.590339428802196,0.2594558839508205,2.0689052243034824
30.0,174.0,130.10169982910156,-0.026021752737939,1.6103353176305792,-2.4697951104893034,-2.199076572909228,-1.1348006292387829,0.8463062761720785,0.025072291215374,2.5579244882859418,0.1142299032175628,1.703897998854622
30.0,174.0,205.40724182128903,-1.2471719392371754,0.7338063691250966,-3.6956164114227614,-2.6893020048638974,-1.4361633841990469,0.7509499775402746,-0.0265320376388999,2.5844589496606782,0.2214973721181175,2.0621365244733765
30.0,174.0,130.11087036132812,-0.0269920670710517,1.6054834444335775,-2.47018161498845,-2.200489369902386,-1.13282789547404,0.8461836051164138,0.0286360530585968,2.556817058295205,0.122750074275211,1.7154530643742665
30.0,174.0,130.10536193847656,-0.0235538359742939,1.6114951935497412,-2.463722332766263,-2.197057806555596,-1.1336878616068975,0.8458354950743165,0.0211062227208712,2.558193656229544,0.1161264643964604,1.713668886652113
30.0,174.0,130.18077087402344,-0.0260468902231209,1.5983578343990732,-2.468957577448791,-2.200842246581117,-1.1295603629790112,0.8551547161894129,0.0266838419047653,2.556337980567533,0.1228386601075636,1.7189292442938289
30.0,174.0,130.14947509765625,-0.0265878033432111,1.6057191627870409,-2.471715409892107,-2.198689063139184,-1.1321482627601072,0.8544690238115497,0.0344679859174902,2.5581475898083745,0.1223609757607841,1.7148494574260558
30.0,174.0,130.09400939941406,-0.0268993225807057,1.609624953122047,-2.463323841560391,-2.1991398059123326,-1.1368782246200333,0.8479548448777308,0.0275958228125492,2.5572579675745946,0.1149468801703433,1.7014833006616188
30.0,174.0,217.80987548828125,-0.7399219093249991,0.6265199654248446,-3.3812386568411683,-3.115740592719888,-2.4970438835882924,0.4187495791001843,-0.1164287251613381,2.541142812644273,0.2703581298861386,2.0687642066891287
30.0,174.0,201.7044219970703,-0.6552952230338768,0.789537644755984,-3.131677153117997,-2.725862189701337,-1.327890814222953,0.7257755438118074,-0.0264966475501739,2.5879562114865826,0.2411740536822892,2.06908069814025
30.0,174.0,130.13739013671875,-0.0153033557216235,1.6078015879527705,-2.465580910813728,-2.1993767968866145,-1.1367952942034754,0.8469511566703656,0.0271941227170915,2.563068082639992,0.1242921693091419,1.7366673012582765
30.0,174.0,134.17279052734375,-0.1063982819070455,1.584843191310777,-2.443847991196032,-2.190967390787373,-1.1776952831826486,0.8411870466011879,0.023922649269859,2.557908590385769,0.1158788818750021,1.7808306616801692
30.0,174.0,130.17520141601562,-0.0269658749428282,1.606992806028766,-2.4649047299848794,-2.191776059303389,-1.1372169465607522,0.8476059370583215,0.0279254691653254,2.5569212638194325,0.1065974812911623,1.6992538925941565
30.0,174.0,130.12234497070312,-0.0281963023023564,1.607983138766233,-2.47207220348178,-2.1982003957362166,-1.1322205757454529,0.847318403553332,0.0241631196656896,2.558210017809466,0.1219390633187435,1.7150237467066978
30.0,174.0,130.1466522216797,-0.0270300348835046,1.6075706153806095,-2.458501079158284,-2.1967554057568663,-1.1365996351128516,0.8502053973103434,0.0331242644435623,2.557078393671457,0.1124791188669385,1.6944965663114384
30.0,174.0,220.53668212890625,-1.2171966783311097,0.4756538204269566,-3.473961005955754,-3.088961056374514,-1.704597891261704,0.4920041034137272,-0.0918239354140258,2.562499878329205,0.3992523830963432,2.654374933471221
30.0,174.0,130.10888671875,-0.0250847770297169,1.6125766611988686,-2.466709078562076,-2.198367910536711,-1.1325293394461469,0.8459924973534039,0.022484345642455,2.557662949102429,0.1162061624580331,1.7145794120128168
30.0,174.0,130.48040771484375,-0.012758828874881,1.6062764644806302,-2.46632980236816,-2.210103095643349,-1.1362048518035643,0.8263804418378736,0.0272176181182342,2.5607880983502964,0.1302147676306199,1.7179089571632271
30.0,174.0,130.2471466064453,-0.0280745091539965,1.6154942074375032,-2.4755213595236487,-2.1968237735358143,-1.1356035593588556,0.8499511526703878,0.0303951848780532,2.561134313962432,0.1098981923423949,1.6893887967468817
30.0,174.0,130.79547119140625,-0.0101987793035671,1.6071760577066403,-2.470315104188651,-2.188795259458932,-1.1323028832898874,0.8145328553467382,0.0265627413656537,2.555533301157999,0.112210805883216,1.7056750949555977
30.0,174.0,130.48373413085938,-0.0203323484968562,1.607251109191222,-2.4441450755196383,-2.180220406705653,-1.1175664876993974,0.8492080949961762,0.0243612586079547,2.55825570383626,0.1147691111991311,1.6676177571665314
30.0,174.0,205.4263153076172,-1.0610826982318322,0.7387432132212964,-3.5269101097837323,-2.588175478326636,-1.3746018730768372,0.7544874944278932,-0.0259144887775997,2.5909527780546773,0.210068459110206,2.063579531483645
30.0,174.0,130.2250518798828,-0.0273036696880482,1.6127877403667708,-2.4594700741177555,-2.196359453185606,-1.1368866650167442,0.8482485436932878,0.0409249437387215,2.5575558676233023,0.1148435665316777,1.7012914892824234
30.0,174.0,130.12106323242188,-0.0268418524415132,1.607971210081246,-2.4712624494244704,-2.199058154505161,-1.1332600567613618,0.8443475714739972,0.0232630546507814,2.5573724150402186,0.1239606100015764,1.7152180370041608
30.0,174.0,130.2588348388672,-0.0268155035225158,1.5978037115202774,-2.468611255640289,-2.2006720960248254,-1.1266289480841782,0.8503449998598901,0.0164581524357002,2.558106124629458,0.1212074184239656,1.7266150074366458
30.0,174.0,203.7299041748047,-1.4671963034076896,0.7718039591814964,-3.521820860113768,-2.7055890962796987,-1.3850800460590984,0.7492558679810841,0.0041742840984898,2.5864682179734686,0.2295821296873494,1.9406396168518183
30.0,174.0,240.0376892089844,-0.818985015422538,0.7325545795717203,-3.463958090524869,-3.1745869837099026,-1.9281247841715203,0.2058466922336207,-0.3766659363291286,2.6001316734345754,0.2265875295001577,2.1979228280822705
30.0,174.0,155.8607177734375,-0.0043679197925813,1.4169143308586485,-2.46052372413471,-2.1656461653295738,-1.1225598067867033,0.8348508963163236,0.030103733251709,2.657780072445747,0.1187851338285041,1.6899513402753308
30.0,174.0,130.10598754882812,-0.0237789567241243,1.6111342369967478,-2.46048911794711,-2.194053814447623,-1.1343951586840482,0.8449405350261342,0.0290463311950841,2.55693718128592,0.1178790958469164,1.6983844578568894
30.0,174.0,130.0986785888672,-0.0272623373479379,1.6078130115497282,-2.464233359120807,-2.19648572108831,-1.1374657012665903,0.8482938177968452,0.0283363020251961,2.55581121311248,0.1154890104153708,1.7064506847812602
30.0,174.0,130.1483154296875,-0.0275914564491359,1.6025853398429613,-2.4696357611751845,-2.2066023363701146,-1.1327268692418329,0.8490465012714042,0.0273886671575012,2.557676004069114,0.1189562630161606,1.7028423325895643
30.0,174.0,130.09596252441406,-0.0267700017881518,1.607963802271796,-2.463894573138408,-2.1968028580641845,-1.135257649520309,0.8493750549085285,0.025443114961393,2.556572105823862,0.1131479800481685,1.7007746024894883
30.0,174.0,209.853515625,-0.6115977473066232,0.7776220381257966,-3.835539989399004,-2.6171739805113914,-1.275521664933832,0.7366176474541036,-0.0458302544230463,2.584816162634513,0.2980722673261389,2.069972514370848
30.0,174.0,130.1309051513672,-0.0272858821878142,1.6108233957323643,-2.4710811567914925,-2.1985903613276343,-1.133349495233834,0.8482270390099167,0.0302107637512672,2.5568500433798644,0.1254928358220491,1.721579884648463
30.0,174.0,130.13388061523438,-0.0203107034591652,1.605877194730801,-2.4641644641748006,-2.1953871134421004,-1.1324854122729326,0.8481455229165954,0.0319220957686381,2.5545650113502694,0.1177895487736775,1.697006395816571
30.0,174.0,245.99302673339844,-0.7494604562313425,0.5827624451646062,-3.1978432976312727,-2.930434860001456,-2.589522757468941,0.4511330050359632,-0.2349149109541924,2.459352546895984,0.2558733024443547,1.86071018527782
30.0,174.0,210.119873046875,-0.7610068930568665,0.5642124147423887,-3.726421416211226,-2.7995431788777383,-1.3708891968054873,0.679066308131347,0.0234932080174868,2.5843400721228726,0.297657964549431,2.1950618999519365
30.0,174.0,130.0970001220703,-0.0266400754544768,1.6080811707817129,-2.469143285511299,-2.201741422134297,-1.1362336051908095,0.8429304559891113,0.0208751053518192,2.555642669695219,0.1158560511393114,1.708619194920999
30.0,174.0,131.44332885742188,-0.055842383590578,1.6020397485554485,-2.451030363870182,-2.2106972783984427,-1.1353203241053516,0.8504619940508691,0.0285279449411233,2.549726184470776,0.1183971788929138,1.7923460931028237
30.0,174.0,205.575927734375,-0.8160173862793221,0.5906195673798553,-3.5501247184478806,-2.9220737949502533,-1.5276746941164658,0.7254873283981647,-0.0189028447691116,2.5943872451814447,0.2168908645567235,1.9760531472632008
30.0,174.0,130.13316345214844,-0.0227586929501421,1.6081043275543792,-2.4682856111991627,-2.1932304090971884,-1.1331419185378844,0.8550593768296066,0.0317013919848782,2.5581726997599663,0.1222957614446536,1.7206188887985865
30.0,174.0,130.4272003173828,-0.0270627746571956,1.6078621267607354,-2.4820721697906896,-2.189840540156476,-1.1161845164246842,0.8568048619047415,0.0326151924797751,2.557249809091139,0.112672589798062,1.6823613833706743
30.0,174.0,130.18907165527344,-0.0262528851207238,1.5974584251967272,-2.468816970185684,-2.200886649619457,-1.1276400649197336,0.8507476817299163,0.0244560118133023,2.558412121330832,0.1219603704325533,1.7273670293808945
30.0,174.0,182.29638671875,-0.1398059562801792,1.6310721653057083,-2.367690127960409,-2.1406095062204145,-1.3335229756234377,0.8571108864699657,-0.1680977433583661,2.557405389595819,0.1223749058169319,1.7500658547421886
30.0,174.0,130.1027374267578,-0.0269434663148705,1.6076983795378237,-2.463551338342037,-2.193428639212767,-1.1338892974888488,0.8485459302626202,0.028780699867207,2.550105103126076,0.1093290593651119,1.6834452125795507
30.0,174.0,130.10411071777344,-0.0233487755122673,1.607905008380489,-2.464275371932697,-2.1951429585527378,-1.1350753473522563,0.8497962887793008,0.0240718104989148,2.5563652728590127,0.1117946436450674,1.7013596539651168
30.0,174.0,131.47850036621094,-0.0482109867575819,1.595070953507842,-2.465208919588046,-2.161356352001325,-1.1086535445559702,0.8742354972568628,0.0644758361680563,2.566171235006831,0.1290306267162363,1.7637249640635648
30.0,174.0,130.15472412109375,-0.0263475386201413,1.6034435358923471,-2.473031179106798,-2.2002251381787823,-1.1306230406652376,0.8538126505300766,0.0337187634346841,2.5585343718560365,0.122816239835256,1.715614417459707
30.0,174.0,131.2361602783203,-0.0220692456970595,1.59744718855561,-2.4749331952861127,-2.242386412278529,-1.1309225678285506,0.8523441005269395,0.033251440959556,2.5580831916685187,0.1558555047697084,1.8390339515386167
30.0,175.0,130.08706665039062,-0.0268215443462787,1.6098540217857014,-2.46403769562482,-2.1967828871056394,-1.135938910610692,0.847752979648084,0.0268838171900771,2.556287737654379,0.1156623813214139,1.7019411288653454
30.0,175.0,201.4370574951172,-0.4540401323260987,0.8179070478135094,-3.314276906304189,-2.628539443785192,-1.3337882873665527,0.7127938785222587,-0.0269535484838654,2.590339428802196,0.2594558839508205,2.0689052243034824
30.0,175.0,130.09426879882812,-0.0267763067321953,1.6090176298763874,-2.4682827983202023,-2.1999950821377525,-1.1367982994889156,0.8475770489849096,0.0237787398082431,2.5559489594736275,0.1138999109995433,1.704474667024517
30.0,175.0,205.40724182128903,-1.2471719392371754,0.7338063691250966,-3.6956164114227614,-2.6893020048638974,-1.4361633841990469,0.7509499775402746,-0.0265320376388999,2.5844589496606782,0.2214973721181175,2.0621365244733765
30.0,175.0,130.11087036132812,-0.0269920670710517,1.6054834444335775,-2.47018161498845,-2.200489369902386,-1.13282789547404,0.8461836051164138,0.0286360530585968,2.556817058295205,0.122750074275211,1.7154530643742665
30.0,175.0,130.10536193847656,-0.0235538359742939,1.6114951935497412,-2.463722332766263,-2.197057806555596,-1.1336878616068975,0.8458354950743165,0.0211062227208712,2.558193656229544,0.1161264643964604,1.713668886652113
30.0,175.0,130.18077087402344,-0.0260468902231209,1.5983578343990732,-2.468957577448791,-2.200842246581117,-1.1295603629790112,0.8551547161894129,0.0266838419047653,2.556337980567533,0.1228386601075636,1.7189292442938289
30.0,175.0,130.14947509765625,-0.0265878033432111,1.6057191627870409,-2.471715409892107,-2.198689063139184,-1.1321482627601072,0.8544690238115497,0.0344679859174902,2.5581475898083745,0.1223609757607841,1.7148494574260558
30.0,175.0,130.09400939941406,-0.0268993225807057,1.609624953122047,-2.463323841560391,-2.1991398059123326,-1.1368782246200333,0.8479548448777308,0.0275958228125492,2.5572579675745946,0.1149468801703433,1.7014833006616188
30.0,175.0,217.80987548828125,-0.7399219093249991,0.6265199654248446,-3.3812386568411683,-3.115740592719888,-2.4970438835882924,0.4187495791001843,-0.1164287251613381,2.541142812644273,0.2703581298861386,2.0687642066891287
30.0,175.0,201.7044219970703,-0.6552952230338768,0.789537644755984,-3.131677153117997,-2.725862189701337,-1.327890814222953,0.7257755438118074,-0.0264966475501739,2.5879562114865826,0.2411740536822892,2.06908069814025
30.0,175.0,130.13739013671875,-0.0153033557216235,1.6078015879527705,-2.465580910813728,-2.1993767968866145,-1.1367952942034754,0.8469511566703656,0.0271941227170915,2.563068082639992,0.1242921693091419,1.7366673012582765
30.0,175.0,134.17279052734375,-0.1063982819070455,1.584843191310777,-2.443847991196032,-2.190967390787373,-1.1776952831826486,0.8411870466011879,0.023922649269859,2.557908590385769,0.1158788818750021,1.7808306616801692
30.0,175.0,130.12673950195312,-0.0270208175183191,1.6092310047818863,-2.46353529669978,-2.197918632183113,-1.1366921625140112,0.8483061156642232,0.022726946966387,2.5560805264156534,0.1201306901029803,1.6990152025228558
30.0,175.0,130.12234497070312,-0.0281963023023564,1.607983138766233,-2.47207220348178,-2.1982003957362166,-1.1322205757454529,0.847318403553332,0.0241631196656896,2.558210017809466,0.1219390633187435,1.7150237467066978
30.0,175.0,130.1192626953125,-0.0268211285920621,1.608033618670003,-2.461986291979553,-2.196070550800417,-1.136930713533966,0.8485139890884742,0.0316098249832594,2.555496350963314,0.117248357231102,1.7007076132878776
30.0,175.0,220.53668212890625,-1.2171966783311097,0.4756538204269566,-3.473961005955754,-3.088961056374514,-1.704597891261704,0.4920041034137272,-0.0918239354140258,2.562499878329205,0.3992523830963432,2.654374933471221
30.0,175.0,130.10888671875,-0.0250847770297169,1.6125766611988686,-2.466709078562076,-2.198367910536711,-1.1325293394461469,0.8459924973534039,0.022484345642455,2.557662949102429,0.1162061624580331,1.7145794120128168
30.0,175.0,130.48040771484375,-0.012758828874881,1.6062764644806302,-2.46632980236816,-2.210103095643349,-1.1362048518035643,0.8263804418378736,0.0272176181182342,2.5607880983502964,0.1302147676306199,1.7179089571632271
30.0,175.0,130.2471466064453,-0.0280745091539965,1.6154942074375032,-2.4755213595236487,-2.1968237735358143,-1.1356035593588556,0.8499511526703878,0.0303951848780532,2.561134313962432,0.1098981923423949,1.6893887967468817
30.0,175.0,130.79547119140625,-0.0101987793035671,1.6071760577066403,-2.470315104188651,-2.188795259458932,-1.1323028832898874,0.8145328553467382,0.0265627413656537,2.555533301157999,0.112210805883216,1.7056750949555977
30.0,175.0,130.48373413085938,-0.0203323484968562,1.607251109191222,-2.4441450755196383,-2.180220406705653,-1.1175664876993974,0.8492080949961762,0.0243612586079547,2.55825570383626,0.1147691111991311,1.6676177571665314
30.0,175.0,205.4263153076172,-1.0610826982318322,0.7387432132212964,-3.5269101097837323,-2.588175478326636,-1.3746018730768372,0.7544874944278932,-0.0259144887775997,2.5909527780546773,0.210068459110206,2.063579531483645
30.0,175.0,130.2250518798828,-0.0273036696880482,1.6127877403667708,-2.4594700741177555,-2.196359453185606,-1.1368866650167442,0.8482485436932878,0.0409249437387215,2.5575558676233023,0.1148435665316777,1.7012914892824234
30.0,175.0,130.12106323242188,-0.0268418524415132,1.607971210081246,-2.4712624494244704,-2.199058154505161,-1.1332600567613618,0.8443475714739972,0.0232630546507814,2.5573724150402186,0.1239606100015764,1.7152180370041608
30.0,175.0,130.2588348388672,-0.0268155035225158,1.5978037115202774,-2.468611255640289,-2.2006720960248254,-1.1266289480841782,0.8503449998598901,0.0164581524357002,2.558106124629458,0.1212074184239656,1.7266150074366458
30.0,175.0,203.7299041748047,-1.4671963034076896,0.7718039591814964,-3.521820860113768,-2.7055890962796987,-1.3850800460590984,0.7492558679810841,0.0041742840984898,2.5864682179734686,0.2295821296873494,1.9406396168518183
30.0,175.0,240.0376892089844,-0.818985015422538,0.7325545795717203,-3.463958090524869,-3.1745869837099026,-1.9281247841715203,0.2058466922336207,-0.3766659363291286,2.6001316734345754,0.2265875295001577,2.1979228280822705
30.0,175.0,155.8607177734375,-0.0043679197925813,1.4169143308586485,-2.46052372413471,-2.1656461653295738,-1.1225598067867033,0.8348508963163236,0.030103733251709,2.657780072445747,0.1187851338285041,1.6899513402753308
30.0,175.0,130.10598754882812,-0.0237789567241243,1.6111342369967478,-2.46048911794711,-2.194053814447623,-1.1343951586840482,0.8449405350261342,0.0290463311950841,2.55693718128592,0.1178790958469164,1.6983844578568894
30.0,175.0,130.0986785888672,-0.0272623373479379,1.6078130115497282,-2.464233359120807,-2.19648572108831,-1.1374657012665903,0.8482938177968452,0.0283363020251961,2.55581121311248,0.1154890104153708,1.7064506847812602
30.0,175.0,130.1483154296875,-0.0275914564491359,1.6025853398429613,-2.4696357611751845,-2.2066023363701146,-1.1327268692418329,0.8490465012714042,0.0273886671575012,2.557676004069114,0.1189562630161606,1.7028423325895643
30.0,175.0,130.09596252441406,-0.0267700017881518,1.607963802271796,-2.463894573138408,-2.1968028580641845,-1.135257649520309,0.8493750549085285,0.025443114961393,2.556572105823862,0.1131479800481685,1.7007746024894883
30.0,175.0,209.853515625,-0.6115977473066232,0.7776220381257966,-3.835539989399004,-2.6171739805113914,-1.275521664933832,0.7366176474541036,-0.0458302544230463,2.584816162634513,0.2980722673261389,2.069972514370848
30.0,175.0,130.1278839111328,-0.0264414088563578,1.60856097353547,-2.469846034607108,-2.197425740310393,-1.1347528441539985,0.8479731599107803,0.0188090280420553,2.556714322144333,0.1181432103529951,1.7124200969489307
30.0,175.0,130.13388061523438,-0.0203107034591652,1.605877194730801,-2.4641644641748006,-2.1953871134421004,-1.1324854122729326,0.8481455229165954,0.0319220957686381,2.5545650113502694,0.1177895487736775,1.697006395816571
30.0,175.0,245.99302673339844,-0.7494604562313425,0.5827624451646062,-3.1978432976312727,-2.930434860001456,-2.589522757468941,0.4511330050359632,-0.2349149109541924,2.459352546895984,0.2558733024443547,1.86071018527782
30.0,175.0,210.119873046875,-0.7610068930568665,0.5642124147423887,-3.726421416211226,-2.7995431788777383,-1.3708891968054873,0.679066308131347,0.0234932080174868,2.5843400721228726,0.297657964549431,2.1950618999519365
30.0,175.0,130.0970001220703,-0.0266400754544768,1.6080811707817129,-2.469143285511299,-2.201741422134297,-1.1362336051908095,0.8429304559891113,0.0208751053518192,2.555642669695219,0.1158560511393114,1.708619194920999
30.0,175.0,131.44332885742188,-0.055842383590578,1.6020397485554485,-2.451030363870182,-2.2106972783984427,-1.1353203241053516,0.8504619940508691,0.0285279449411233,2.549726184470776,0.1183971788929138,1.7923460931028237
30.0,175.0,205.575927734375,-0.8160173862793221,0.5906195673798553,-3.5501247184478806,-2.9220737949502533,-1.5276746941164658,0.7254873283981647,-0.0189028447691116,2.5943872451814447,0.2168908645567235,1.9760531472632008
30.0,175.0,130.13316345214844,-0.0227586929501421,1.6081043275543792,-2.4682856111991627,-2.1932304090971884,-1.1331419185378844,0.8550593768296066,0.0317013919848782,2.5581726997599663,0.1222957614446536,1.7206188887985865
30.0,175.0,130.4272003173828,-0.0270627746571956,1.6078621267607354,-2.4820721697906896,-2.189840540156476,-1.1161845164246842,0.8568048619047415,0.0326151924797751,2.557249809091139,0.112672589798062,1.6823613833706743
30.0,175.0,130.18907165527344,-0.0262528851207238,1.5974584251967272,-2.468816970185684,-2.200886649619457,-1.1276400649197336,0.8507476817299163,0.0244560118133023,2.558412121330832,0.1219603704325533,1.7273670293808945
30.0,175.0,133.0816650390625,0.0217743853037566,1.609198870539131,-2.485038288667445,-2.1830888072793093,-1.183800534054218,0.8431361455464328,0.0024066326987878,2.554991723222333,0.1262067255873081,1.708314488743189
30.0,175.0,130.1027374267578,-0.0269434663148705,1.6076983795378237,-2.463551338342037,-2.193428639212767,-1.1338892974888488,0.8485459302626202,0.028780699867207,2.550105103126076,0.1093290593651119,1.6834452125795507
30.0,175.0,130.10411071777344,-0.0233487755122673,1.607905008380489,-2.464275371932697,-2.1951429585527378,-1.1350753473522563,0.8497962887793008,0.0240718104989148,2.5563652728590127,0.1117946436450674,1.7013596539651168
30.0,175.0,130.74539184570312,-0.0265545249447991,1.5996476335381318,-2.4646123594632474,-2.214864489046768,-1.1235411313934531,0.8622347665799958,0.0532430109239737,2.563436079397384,0.1141973356341132,1.715094393739485
30.0,175.0,130.15472412109375,-0.0263475386201413,1.6034435358923471,-2.473031179106798,-2.2002251381787823,-1.1306230406652376,0.8538126505300766,0.0337187634346841,2.5585343718560365,0.122816239835256,1.715614417459707
30.0,175.0,131.2361602783203,-0.0220692456970595,1.59744718855561,-2.4749331952861127,-2.242386412278529,-1.1309225678285506,0.8523441005269395,0.033251440959556,2.5580831916685187,0.1558555047697084,1.8390339515386167
30.0,176.0,130.08706665039062,-0.0268215443462787,1.6098540217857014,-2.46403769562482,-2.1967828871056394,-1.135938910610692,0.847752979648084,0.0268838171900771,2.556287737654379,0.1156623813214139,1.7019411288653454
30.0,176.0,201.4370574951172,-0.4540401323260987,0.8179070478135094,-3.314276906304189,-2.628539443785192,-1.3337882873665527,0.7127938785222587,-0.0269535484838654,2.590339428802196,0.2594558839508205,2.0689052243034824
30.0,176.0,130.09426879882812,-0.0267763067321953,1.6090176298763874,-2.4682827983202023,-2.1999950821377525,-1.1367982994889156,0.8475770489849096,0.0237787398082431,2.5559489594736275,0.1138999109995433,1.704474667024517
30.0,176.0,205.40724182128903,-1.2471719392371754,0.7338063691250966,-3.6956164114227614,-2.6893020048638974,-1.4361633841990469,0.7509499775402746,-0.0265320376388999,2.5844589496606782,0.2214973721181175,2.0621365244733765
30.0,176.0,130.11087036132812,-0.0269920670710517,1.6054834444335775,-2.47018161498845,-2.200489369902386,-1.13282789547404,0.8461836051164138,0.0286360530585968,2.556817058295205,0.122750074275211,1.7154530643742665
30.0,176.0,130.10536193847656,-0.0235538359742939,1.6114951935497412,-2.463722332766263,-2.197057806555596,-1.1336878616068975,0.8458354950743165,0.0211062227208712,2.558193656229544,0.1161264643964604,1.713668886652113
30.0,176.0,130.18077087402344,-0.0260468902231209,1.5983578343990732,-2.468957577448791,-2.200842246581117,-1.1295603629790112,0.8551547161894129,0.0266838419047653,2.556337980567533,0.1228386601075636,1.7189292442938289
30.0,176.0,130.14947509765625,-0.0265878033432111,1.6057191627870409,-2.471715409892107,-2.198689063139184,-1.1321482627601072,0.8544690238115497,0.0344679859174902,2.5581475898083745,0.1223609757607841,1.7148494574260558
30.0,176.0,130.09400939941406,-0.0268993225807057,1.609624953122047,-2.463323841560391,-2.1991398059123326,-1.1368782246200333,0.8479548448777308,0.0275958228125492,2.5572579675745946,0.1149468801703433,1.7014833006616188
30.0,176.0,217.80987548828125,-0.7399219093249991,0.6265199654248446,-3.3812386568411683,-3.115740592719888,-2.4970438835882924,0.4187495791001843,-0.1164287251613381,2.541142812644273,0.2703581298861386,2.0687642066891287
30.0,176.0,201.7044219970703,-0.6552952230338768,0.789537644755984,-3.131677153117997,-2.725862189701337,-1.327890814222953,0.7257755438118074,-0.0264966475501739,2.5879562114865826,0.2411740536822892,2.06908069814025
30.0,176.0,130.13739013671875,-0.0153033557216235,1.6078015879527705,-2.465580910813728,-2.1993767968866145,-1.1367952942034754,0.8469511566703656,0.0271941227170915,2.563068082639992,0.1242921693091419,1.7366673012582765
30.0,176.0,134.17279052734375,-0.1063982819070455,1.584843191310777,-2.443847991196032,-2.190967390787373,-1.1776952831826486,0.8411870466011879,0.023922649269859,2.557908590385769,0.1158788818750021,1.7808306616801692
30.0,176.0,130.1068878173828,-0.0265789034951175,1.6107114539622032,-2.463204491088306,-2.2002359212185225,-1.1354706718331091,0.8480628334788792,0.0276737864909128,2.5561985137526886,0.119795525416204,1.7026546194741183
30.0,176.0,130.12234497070312,-0.0281963023023564,1.607983138766233,-2.47207220348178,-2.1982003957362166,-1.1322205757454529,0.847318403553332,0.0241631196656896,2.558210017809466,0.1219390633187435,1.7150237467066978
30.0,176.0,130.09231567382812,-0.0268223905139756,1.6092959240910376,-2.467938480845784,-2.196751782744395,-1.135082333670434,0.8482486041821744,0.0237327199888557,2.5550202192897244,0.1160743327985052,1.702169492595352
30.0,176.0,220.53668212890625,-1.2171966783311097,0.4756538204269566,-3.473961005955754,-3.088961056374514,-1.704597891261704,0.4920041034137272,-0.0918239354140258,2.562499878329205,0.3992523830963432,2.654374933471221
30.0,176.0,130.10888671875,-0.0250847770297169,1.6125766611988686,-2.466709078562076,-2.198367910536711,-1.1325293394461469,0.8459924973534039,0.022484345642455,2.557662949102429,0.1162061624580331,1.7145794120128168
30.0,176.0,130.48040771484375,-0.012758828874881,1.6062764644806302,-2.46632980236816,-2.210103095643349,-1.1362048518035643,0.8263804418378736,0.0272176181182342,2.5607880983502964,0.1302147676306199,1.7179089571632271
30.0,176.0,130.2471466064453,-0.0280745091539965,1.6154942074375032,-2.4755213595236487,-2.1968237735358143,-1.1356035593588556,0.8499511526703878,0.0303951848780532,2.561134313962432,0.1098981923423949,1.6893887967468817
30.0,176.0,130.63037109375,-0.0601665700596903,1.6010480614080675,-2.4626200272287844,-2.196616880475503,-1.1331897218994014,0.8374995386204122,0.0263968636051037,2.55715349795194,0.1126886952209825,1.70804517973774
30.0,176.0,130.48373413085938,-0.0203323484968562,1.607251109191222,-2.4441450755196383,-2.180220406705653,-1.1175664876993974,0.8492080949961762,0.0243612586079547,2.55825570383626,0.1147691111991311,1.6676177571665314
30.0,176.0,205.4263153076172,-1.0610826982318322,0.7387432132212964,-3.5269101097837323,-2.588175478326636,-1.3746018730768372,0.7544874944278932,-0.0259144887775997,2.5909527780546773,0.210068459110206,2.063579531483645
30.0,176.0,130.2250518798828,-0.0273036696880482,1.6127877403667708,-2.4594700741177555,-2.196359453185606,-1.1368866650167442,0.8482485436932878,0.0409249437387215,2.5575558676233023,0.1148435665316777,1.7012914892824234
30.0,176.0,130.12106323242188,-0.0268418524415132,1.607971210081246,-2.4712624494244704,-2.199058154505161,-1.1332600567613618,0.8443475714739972,0.0232630546507814,2.5573724150402186,0.1239606100015764,1.7152180370041608
30.0,176.0,130.2588348388672,-0.0268155035225158,1.5978037115202774,-2.468611255640289,-2.2006720960248254,-1.1266289480841782,0.8503449998598901,0.0164581524357002,2.558106124629458,0.1212074184239656,1.7266150074366458
30.0,176.0,203.7299041748047,-1.4671963034076896,0.7718039591814964,-3.521820860113768,-2.7055890962796987,-1.3850800460590984,0.7492558679810841,0.0041742840984898,2.5864682179734686,0.2295821296873494,1.9406396168518183
30.0,176.0,240.0376892089844,-0.818985015422538,0.7325545795717203,-3.463958090524869,-3.1745869837099026,-1.9281247841715203,0.2058466922336207,-0.3766659363291286,2.6001316734345754,0.2265875295001577,2.1979228280822705
30.0,176.0,151.0711212158203,-0.0398133439838506,1.496602347467856,-2.460029247690339,-2.154219146258616,-1.117513638163316,0.8382413823778696,0.0284962463566301,2.6961990109867284,0.1131283262283352,1.7032291450353667
30.0,176.0,130.10128784179688,-0.0252274302982497,1.6099749747627163,-2.46657134925934,-2.196384694160163,-1.1362031530928105,0.8483661800115997,0.0234889068076505,2.5568696983010493,0.1158486908170197,1.712589423851481
30.0,176.0,130.09544372558594,-0.027222286667414,1.6077913134940935,-2.464192715575547,-2.197029648939042,-1.1354254587391104,0.8489348755769122,0.028784354701888,2.556538149862527,0.1155952183616385,1.6995030739247243
30.0,176.0,130.1483154296875,-0.0275914564491359,1.6025853398429613,-2.4696357611751845,-2.2066023363701146,-1.1327268692418329,0.8490465012714042,0.0273886671575012,2.557676004069114,0.1189562630161606,1.7028423325895643
30.0,176.0,130.09596252441406,-0.0267700017881518,1.607963802271796,-2.463894573138408,-2.1968028580641845,-1.135257649520309,0.8493750549085285,0.025443114961393,2.556572105823862,0.1131479800481685,1.7007746024894883
30.0,176.0,209.853515625,-0.6115977473066232,0.7776220381257966,-3.835539989399004,-2.6171739805113914,-1.275521664933832,0.7366176474541036,-0.0458302544230463,2.584816162634513,0.2980722673261389,2.069972514370848
30.0,176.0,130.10888671875,-0.0263130122291071,1.6092856519032104,-2.471560362941401,-2.196180663024464,-1.135002357521825,0.8476189845052248,0.0264367934923549,2.5558859402067498,0.1141542635234534,1.6967188089297471
30.0,176.0,130.13372802734375,-0.0229513668260011,1.605106381459289,-2.463502777126048,-2.196929322419156,-1.1366242957561197,0.8506123651777404,0.0331596592789374,2.554777965762381,0.1149878460329188,1.7062676185870918
30.0,176.0,245.99302673339844,-0.7494604562313425,0.5827624451646062,-3.1978432976312727,-2.930434860001456,-2.589522757468941,0.4511330050359632,-0.2349149109541924,2.459352546895984,0.2558733024443547,1.86071018527782
30.0,176.0,210.119873046875,-0.7610068930568665,0.5642124147423887,-3.726421416211226,-2.7995431788777383,-1.3708891968054873,0.679066308131347,0.0234932080174868,2.5843400721228726,0.297657964549431,2.1950618999519365
30.0,176.0,130.0970001220703,-0.0266400754544768,1.6080811707817129,-2.469143285511299,-2.201741422134297,-1.1362336051908095,0.8429304559891113,0.0208751053518192,2.555642669695219,0.1158560511393114,1.708619194920999
30.0,176.0,131.44332885742188,-0.055842383590578,1.6020397485554485,-2.451030363870182,-2.2106972783984427,-1.1353203241053516,0.8504619940508691,0.0285279449411233,2.549726184470776,0.1183971788929138,1.7923460931028237
30.0,176.0,205.575927734375,-0.8160173862793221,0.5906195673798553,-3.5501247184478806,-2.9220737949502533,-1.5276746941164658,0.7254873283981647,-0.0189028447691116,2.5943872451814447,0.2168908645567235,1.9760531472632008
30.0,176.0,130.13316345214844,-0.0227586929501421,1.6081043275543792,-2.4682856111991627,-2.1932304090971884,-1.1331419185378844,0.8550593768296066,0.0317013919848782,2.5581726997599663,0.1222957614446536,1.7206188887985865
30.0,176.0,130.4272003173828,-0.0270627746571956,1.6078621267607354,-2.4820721697906896,-2.189840540156476,-1.1161845164246842,0.8568048619047415,0.0326151924797751,2.557249809091139,0.112672589798062,1.6823613833706743
30.0,176.0,130.18907165527344,-0.0262528851207238,1.5974584251967272,-2.468816970185684,-2.200886649619457,-1.1276400649197336,0.8507476817299163,0.0244560118133023,2.558412121330832,0.1219603704325533,1.7273670293808945
30.0,176.0,133.0816650390625,0.0217743853037566,1.609198870539131,-2.485038288667445,-2.1830888072793093,-1.183800534054218,0.8431361455464328,0.0024066326987878,2.554991723222333,0.1262067255873081,1.708314488743189
30.0,176.0,130.1027374267578,-0.0269434663148705,1.6076983795378237,-2.463551338342037,-2.193428639212767,-1.1338892974888488,0.8485459302626202,0.028780699867207,2.550105103126076,0.1093290593651119,1.6834452125795507
30.0,176.0,130.10411071777344,-0.0233487755122673,1.607905008380489,-2.464275371932697,-2.1951429585527378,-1.1350753473522563,0.8497962887793008,0.0240718104989148,2.5563652728590127,0.1117946436450674,1.7013596539651168
30.0,176.0,130.74539184570312,-0.0265545249447991,1.5996476335381318,-2.4646123594632474,-2.214864489046768,-1.1235411313934531,0.8622347665799958,0.0532430109239737,2.563436079397384,0.1141973356341132,1.715094393739485
30.0,176.0,130.11598205566406,-0.024664830193695,1.6139708937193435,-2.4689379337041024,-2.197223184696348,-1.135627419141619,0.8485394042165838,0.0279544955564317,2.5539248421388536,0.1171536193712693,1.7173175053873393
30.0,176.0,131.2361602783203,-0.0220692456970595,1.59744718855561,-2.4749331952861127,-2.242386412278529,-1.1309225678285506,0.8523441005269395,0.033251440959556,2.5580831916685187,0.1558555047697084,1.8390339515386167
30.0,177.0,130.08706665039062,-0.0268215443462787,1.6098540217857014,-2.46403769562482,-2.1967828871056394,-1.135938910610692,0.847752979648084,0.0268838171900771,2.556287737654379,0.1156623813214139,1.7019411288653454
30.0,177.0,201.4370574951172,-0.4540401323260987,0.8179070478135094,-3.314276906304189,-2.628539443785192,-1.3337882873665527,0.7127938785222587,-0.0269535484838654,2.590339428802196,0.2594558839508205,2.0689052243034824
30.0,177.0,130.09426879882812,-0.0267763067321953,1.6090176298763874,-2.4682827983202023,-2.1999950821377525,-1.1367982994889156,0.8475770489849096,0.0237787398082431,2.5559489594736275,0.1138999109995433,1.704474667024517
30.0,177.0,205.40724182128903,-1.2471719392371754,0.7338063691250966,-3.6956164114227614,-2.6893020048638974,-1.4361633841990469,0.7509499775402746,-0.0265320376388999,2.5844589496606782,0.2214973721181175,2.0621365244733765
30.0,177.0,130.11087036132812,-0.0269920670710517,1.6054834444335775,-2.47018161498845,-2.200489369902386,-1.13282789547404,0.8461836051164138,0.0286360530585968,2.556817058295205,0.122750074275211,1.7154530643742665
30.0,177.0,130.10536193847656,-0.0235538359742939,1.6114951935497412,-2.463722332766263,-2.197057806555596,-1.1336878616068975,0.8458354950743165,0.0211062227208712,2.558193656229544,0.1161264643964604,1.713668886652113
30.0,177.0,130.18077087402344,-0.0260468902231209,1.5983578343990732,-2.468957577448791,-2.200842246581117,-1.1295603629790112,0.8551547161894129,0.0266838419047653,2.556337980567533,0.1228386601075636,1.7189292442938289
30.0,177.0,130.14947509765625,-0.0265878033432111,1.6057191627870409,-2.471715409892107,-2.198689063139184,-1.1321482627601072,0.8544690238115497,0.0344679859174902,2.5581475898083745,0.1223609757607841,1.7148494574260558
30.0,177.0,130.09400939941406,-0.0268993225807057,1.609624953122047,-2.463323841560391,-2.1991398059123326,-1.1368782246200333,0.8479548448777308,0.0275958228125492,2.5572579675745946,0.1149468801703433,1.7014833006616188
30.0,177.0,217.80987548828125,-0.7399219093249991,0.6265199654248446,-3.3812386568411683,-3.115740592719888,-2.4970438835882924,0.4187495791001843,-0.1164287251613381,2.541142812644273,0.2703581298861386,2.0687642066891287
30.0,177.0,201.7044219970703,-0.6552952230338768,0.789537644755984,-3.131677153117997,-2.725862189701337,-1.327890814222953,0.7257755438118074,-0.0264966475501739,2.5879562114865826,0.2411740536822892,2.06908069814025
30.0,177.0,130.13739013671875,-0.0153033557216235,1.6078015879527705,-2.465580910813728,-2.1993767968866145,-1.1367952942034754,0.8469511566703656,0.0271941227170915,2.563068082639992,0.1242921693091419,1.7366673012582765
30.0,177.0,134.17279052734375,-0.1063982819070455,1.584843191310777,-2.443847991196032,-2.190967390787373,-1.1776952831826486,0.8411870466011879,0.023922649269859,2.557908590385769,0.1158788818750021,1.7808306616801692
30.0,177.0,130.10325622558594,-0.0268857958396983,1.610655071170804,-2.463780955767509,-2.194995763265477,-1.1350386628326734,0.8473336888592118,0.029195351117803,2.5563880150884737,0.1124785235081379,1.7031019492380317
30.0,177.0,130.12234497070312,-0.0281963023023564,1.607983138766233,-2.47207220348178,-2.1982003957362166,-1.1322205757454529,0.847318403553332,0.0241631196656896,2.558210017809466,0.1219390633187435,1.7150237467066978
30.0,177.0,130.08956909179688,-0.026821791379214,1.6110937658694104,-2.461728683390209,-2.1970534826072687,-1.1360710301232455,0.8470179952285819,0.023141353617295,2.554990343900708,0.1148387987810228,1.7022297585858963
30.0,177.0,220.53668212890625,-1.2171966783311097,0.4756538204269566,-3.473961005955754,-3.088961056374514,-1.704597891261704,0.4920041034137272,-0.0918239354140258,2.562499878329205,0.3992523830963432,2.654374933471221
30.0,177.0,130.10888671875,-0.0250847770297169,1.6125766611988686,-2.466709078562076,-2.198367910536711,-1.1325293394461469,0.8459924973534039,0.022484345642455,2.557662949102429,0.1162061624580331,1.7145794120128168
30.0,177.0,130.48040771484375,-0.012758828874881,1.6062764644806302,-2.46632980236816,-2.210103095643349,-1.1362048518035643,0.8263804418378736,0.0272176181182342,2.5607880983502964,0.1302147676306199,1.7179089571632271
30.0,177.0,130.2471466064453,-0.0280745091539965,1.6154942074375032,-2.4755213595236487,-2.1968237735358143,-1.1356035593588556,0.8499511526703878,0.0303951848780532,2.561134313962432,0.1098981923423949,1.6893887967468817
30.0,177.0,130.63037109375,-0.0601665700596903,1.6010480614080675,-2.4626200272287844,-2.196616880475503,-1.1331897218994014,0.8374995386204122,0.0263968636051037,2.55715349795194,0.1126886952209825,1.70804517973774
30.0,177.0,130.48373413085938,-0.0203323484968562,1.607251109191222,-2.4441450755196383,-2.180220406705653,-1.1175664876993974,0.8492080949961762,0.0243612586079547,2.55825570383626,0.1147691111991311,1.6676177571665314
30.0,177.0,205.4263153076172,-1.0610826982318322,0.7387432132212964,-3.5269101097837323,-2.588175478326636,-1.3746018730768372,0.7544874944278932,-0.0259144887775997,2.5909527780546773,0.210068459110206,2.063579531483645
30.0,177.0,130.2250518798828,-0.0273036696880482,1.6127877403667708,-2.4594700741177555,-2.196359453185606,-1.1368866650167442,0.8482485436932878,0.0409249437387215,2.5575558676233023,0.1148435665316777,1.7012914892824234
30.0,177.0,130.12106323242188,-0.0268418524415132,1.607971210081246,-2.4712624494244704,-2.199058154505161,-1.1332600567613618,0.8443475714739972,0.0232630546507814,2.5573724150402186,0.1239606100015764,1.7152180370041608
30.0,177.0,130.2588348388672,-0.0268155035225158,1.5978037115202774,-2.468611255640289,-2.2006720960248254,-1.1266289480841782,0.8503449998598901,0.0164581524357002,2.558106124629458,0.1212074184239656,1.7266150074366458
30.0,177.0,203.7299041748047,-1.4671963034076896,0.7718039591814964,-3.521820860113768,-2.7055890962796987,-1.3850800460590984,0.7492558679810841,0.0041742840984898,2.5864682179734686,0.2295821296873494,1.9406396168518183
30.0,177.0,240.0376892089844,-0.818985015422538,0.7325545795717203,-3.463958090524869,-3.1745869837099026,-1.9281247841715203,0.2058466922336207,-0.3766659363291286,2.6001316734345754,0.2265875295001577,2.1979228280822705
30.0,177.0,138.45228576660156,-0.0523362321100622,1.7047336683923793,-2.467139576850896,-2.1696420602552573,-1.1501614564305302,0.8529761790772469,0.0274959832943582,2.511484000911969,0.1186132729683027,1.6992234437142089
30.0,177.0,130.08889770507812,-0.0260508296323319,1.60947502761352,-2.464822293490781,-2.1977240605601285,-1.1361736730770269,0.848881252508057,0.0273743803483291,2.556972041156353,0.115695895842066,1.700954560182486
30.0,177.0,130.08970642089844,-0.0263279661342332,1.6070369788274048,-2.464135538255126,-2.197090325332616,-1.1350012393027191,0.8479191858073961,0.0272768990938441,2.556719124801285,0.1158971302093889,1.7008573611666702
30.0,177.0,130.1483154296875,-0.0275914564491359,1.6025853398429613,-2.4696357611751845,-2.2066023363701146,-1.1327268692418329,0.8490465012714042,0.0273886671575012,2.557676004069114,0.1189562630161606,1.7028423325895643
30.0,177.0,130.09596252441406,-0.0267700017881518,1.607963802271796,-2.463894573138408,-2.1968028580641845,-1.135257649520309,0.8493750549085285,0.025443114961393,2.556572105823862,0.1131479800481685,1.7007746024894883
30.0,177.0,209.853515625,-0.6115977473066232,0.7776220381257966,-3.835539989399004,-2.6171739805113914,-1.275521664933832,0.7366176474541036,-0.0458302544230463,2.584816162634513,0.2980722673261389,2.069972514370848
30.0,177.0,130.10072326660156,-0.0270327527830721,1.6095998770727868,-2.461455531770028,-2.195931900313336,-1.135162723758192,0.8477353183047134,0.0298573107554729,2.556311453132258,0.1126109143950019,1.694385034176586
30.0,177.0,130.09657287597656,-0.0239764449067406,1.6107300598937342,-2.4636160476978866,-2.197790009195948,-1.1364899837258735,0.8468075045439134,0.0314284199550169,2.5564165870403985,0.1147070197157513,1.702666575625106
30.0,177.0,245.99302673339844,-0.7494604562313425,0.5827624451646062,-3.1978432976312727,-2.930434860001456,-2.589522757468941,0.4511330050359632,-0.2349149109541924,2.459352546895984,0.2558733024443547,1.86071018527782
30.0,177.0,210.119873046875,-0.7610068930568665,0.5642124147423887,-3.726421416211226,-2.7995431788777383,-1.3708891968054873,0.679066308131347,0.0234932080174868,2.5843400721228726,0.297657964549431,2.1950618999519365
30.0,177.0,130.0970001220703,-0.0266400754544768,1.6080811707817129,-2.469143285511299,-2.201741422134297,-1.1362336051908095,0.8429304559891113,0.0208751053518192,2.555642669695219,0.1158560511393114,1.708619194920999
30.0,177.0,131.44332885742188,-0.055842383590578,1.6020397485554485,-2.451030363870182,-2.2106972783984427,-1.1353203241053516,0.8504619940508691,0.0285279449411233,2.549726184470776,0.1183971788929138,1.7923460931028237
30.0,177.0,205.575927734375,-0.8160173862793221,0.5906195673798553,-3.5501247184478806,-2.9220737949502533,-1.5276746941164658,0.7254873283981647,-0.0189028447691116,2.5943872451814447,0.2168908645567235,1.9760531472632008
30.0,177.0,130.13316345214844,-0.0227586929501421,1.6081043275543792,-2.4682856111991627,-2.1932304090971884,-1.1331419185378844,0.8550593768296066,0.0317013919848782,2.5581726997599663,0.1222957614446536,1.7206188887985865
30.0,177.0,130.4272003173828,-0.0270627746571956,1.6078621267607354,-2.4820721697906896,-2.189840540156476,-1.1161845164246842,0.8568048619047415,0.0326151924797751,2.557249809091139,0.112672589798062,1.6823613833706743
30.0,177.0,130.18907165527344,-0.0262528851207238,1.5974584251967272,-2.468816970185684,-2.200886649619457,-1.1276400649197336,0.8507476817299163,0.0244560118133023,2.558412121330832,0.1219603704325533,1.7273670293808945
30.0,177.0,133.0816650390625,0.0217743853037566,1.609198870539131,-2.485038288667445,-2.1830888072793093,-1.183800534054218,0.8431361455464328,0.0024066326987878,2.554991723222333,0.1262067255873081,1.708314488743189
30.0,177.0,130.1027374267578,-0.0269434663148705,1.6076983795378237,-2.463551338342037,-2.193428639212767,-1.1338892974888488,0.8485459302626202,0.028780699867207,2.550105103126076,0.1093290593651119,1.6834452125795507
30.0,177.0,130.10411071777344,-0.0233487755122673,1.607905008380489,-2.464275371932697,-2.1951429585527378,-1.1350753473522563,0.8497962887793008,0.0240718104989148,2.5563652728590127,0.1117946436450674,1.7013596539651168
30.0,177.0,130.74539184570312,-0.0265545249447991,1.5996476335381318,-2.4646123594632474,-2.214864489046768,-1.1235411313934531,0.8622347665799958,0.0532430109239737,2.563436079397384,0.1141973356341132,1.715094393739485
30.0,177.0,130.11598205566406,-0.024664830193695,1.6139708937193435,-2.4689379337041024,-2.197223184696348,-1.135627419141619,0.8485394042165838,0.0279544955564317,2.5539248421388536,0.1171536193712693,1.7173175053873393
30.0,177.0,131.2361602783203,-0.0220692456970595,1.59744718855561,-2.4749331952861127,-2.242386412278529,-1.1309225678285506,0.8523441005269395,0.033251440959556,2.5580831916685187,0.1558555047697084,1.8390339515386167
30.0,178.0,130.08706665039062,-0.0268215443462787,1.6098540217857014,-2.46403769562482,-2.1967828871056394,-1.135938910610692,0.847752979648084,0.0268838171900771,2.556287737654379,0.1156623813214139,1.7019411288653454
30.0,178.0,201.4370574951172,-0.4540401323260987,0.8179070478135094,-3.314276906304189,-2.628539443785192,-1.3337882873665527,0.7127938785222587,-0.0269535484838654,2.590339428802196,0.2594558839508205,2.0689052243034824
30.0,178.0,130.09426879882812,-0.0267763067321953,1.6090176298763874,-2.4682827983202023,-2.1999950821377525,-1.1367982994889156,0.8475770489849096,0.0237787398082431,2.5559489594736275,0.1138999109995433,1.704474667024517
30.0,178.0,205.40724182128903,-1.2471719392371754,0.7338063691250966,-3.6956164114227614,-2.6893020048638974,-1.4361633841990469,0.7509499775402746,-0.0265320376388999,2.5844589496606782,0.2214973721181175,2.0621365244733765
30.0,178.0,130.11087036132812,-0.0269920670710517,1.6054834444335775,-2.47018161498845,-2.200489369902386,-1.13282789547404,0.8461836051164138,0.0286360530585968,2.556817058295205,0.122750074275211,1.7154530643742665
30.0,178.0,130.1001434326172,-0.0260200690184018,1.6087963842766926,-2.463816770576014,-2.1971062913178274,-1.133796493160098,0.8475521957209313,0.0265861879471573,2.556992473595585,0.1157149752502628,1.7161404430854648
30.0,178.0,130.18077087402344,-0.0260468902231209,1.5983578343990732,-2.468957577448791,-2.200842246581117,-1.1295603629790112,0.8551547161894129,0.0266838419047653,2.556337980567533,0.1228386601075636,1.7189292442938289
30.0,178.0,130.14947509765625,-0.0265878033432111,1.6057191627870409,-2.471715409892107,-2.198689063139184,-1.1321482627601072,0.8544690238115497,0.0344679859174902,2.5581475898083745,0.1223609757607841,1.7148494574260558
30.0,178.0,130.09400939941406,-0.0268993225807057,1.609624953122047,-2.463323841560391,-2.1991398059123326,-1.1368782246200333,0.8479548448777308,0.0275958228125492,2.5572579675745946,0.1149468801703433,1.7014833006616188
30.0,178.0,217.80987548828125,-0.7399219093249991,0.6265199654248446,-3.3812386568411683,-3.115740592719888,-2.4970438835882924,0.4187495791001843,-0.1164287251613381,2.541142812644273,0.2703581298861386,2.0687642066891287
30.0,178.0,201.7044219970703,-0.6552952230338768,0.789537644755984,-3.131677153117997,-2.725862189701337,-1.327890814222953,0.7257755438118074,-0.0264966475501739,2.5879562114865826,0.2411740536822892,2.06908069814025
30.0,178.0,130.1201934814453,-0.0193041525618204,1.6070488143594968,-2.4650649202360446,-2.1933460569421865,-1.1360619178029767,0.8481488131221663,0.0267647719795372,2.554520138295232,0.1203933049514694,1.705779384571798
30.0,178.0,133.34689331054688,-0.0790579073023191,1.5807950559118178,-2.431160924097008,-2.191567062465148,-1.175800824066324,0.8392053646979919,0.0262031403611047,2.5539230855438046,0.1159541032355962,1.6351092540913723
30.0,178.0,130.10325622558594,-0.0268857958396983,1.610655071170804,-2.463780955767509,-2.194995763265477,-1.1350386628326734,0.8473336888592118,0.029195351117803,2.5563880150884737,0.1124785235081379,1.7031019492380317
30.0,178.0,130.12234497070312,-0.0281963023023564,1.607983138766233,-2.47207220348178,-2.1982003957362166,-1.1322205757454529,0.847318403553332,0.0241631196656896,2.558210017809466,0.1219390633187435,1.7150237467066978
30.0,178.0,130.08956909179688,-0.026821791379214,1.6110937658694104,-2.461728683390209,-2.1970534826072687,-1.1360710301232455,0.8470179952285819,0.023141353617295,2.554990343900708,0.1148387987810228,1.7022297585858963
30.0,178.0,220.53668212890625,-1.2171966783311097,0.4756538204269566,-3.473961005955754,-3.088961056374514,-1.704597891261704,0.4920041034137272,-0.0918239354140258,2.562499878329205,0.3992523830963432,2.654374933471221
30.0,178.0,130.10888671875,-0.0250847770297169,1.6125766611988686,-2.466709078562076,-2.198367910536711,-1.1325293394461469,0.8459924973534039,0.022484345642455,2.557662949102429,0.1162061624580331,1.7145794120128168
30.0,178.0,130.48040771484375,-0.012758828874881,1.6062764644806302,-2.46632980236816,-2.210103095643349,-1.1362048518035643,0.8263804418378736,0.0272176181182342,2.5607880983502964,0.1302147676306199,1.7179089571632271
30.0,178.0,130.2471466064453,-0.0280745091539965,1.6154942074375032,-2.4755213595236487,-2.1968237735358143,-1.1356035593588556,0.8499511526703878,0.0303951848780532,2.561134313962432,0.1098981923423949,1.6893887967468817
30.0,178.0,130.63037109375,-0.0601665700596903,1.6010480614080675,-2.4626200272287844,-2.196616880475503,-1.1331897218994014,0.8374995386204122,0.0263968636051037,2.55715349795194,0.1126886952209825,1.70804517973774
30.0,178.0,130.48373413085938,-0.0203323484968562,1.607251109191222,-2.4441450755196383,-2.180220406705653,-1.1175664876993974,0.8492080949961762,0.0243612586079547,2.55825570383626,0.1147691111991311,1.6676177571665314
30.0,178.0,205.4263153076172,-1.0610826982318322,0.7387432132212964,-3.5269101097837323,-2.588175478326636,-1.3746018730768372,0.7544874944278932,-0.0259144887775997,2.5909527780546773,0.210068459110206,2.063579531483645
30.0,178.0,130.10845947265625,-0.0263240339525195,1.6152425601020464,-2.4601534421825924,-2.196957872936761,-1.1357892040613893,0.8464712645961521,0.0280178057148322,2.558456364538482,0.116216879528503,1.702560266393291
30.0,178.0,130.12106323242188,-0.0268418524415132,1.607971210081246,-2.4712624494244704,-2.199058154505161,-1.1332600567613618,0.8443475714739972,0.0232630546507814,2.5573724150402186,0.1239606100015764,1.7152180370041608
30.0,178.0,130.2588348388672,-0.0268155035225158,1.5978037115202774,-2.468611255640289,-2.2006720960248254,-1.1266289480841782,0.8503449998598901,0.0164581524357002,2.558106124629458,0.1212074184239656,1.7266150074366458
30.0,178.0,203.7299041748047,-1.4671963034076896,0.7718039591814964,-3.521820860113768,-2.7055890962796987,-1.3850800460590984,0.7492558679810841,0.0041742840984898,2.5864682179734686,0.2295821296873494,1.9406396168518183
30.0,178.0,240.0376892089844,-0.818985015422538,0.7325545795717203,-3.463958090524869,-3.1745869837099026,-1.9281247841715203,0.2058466922336207,-0.3766659363291286,2.6001316734345754,0.2265875295001577,2.1979228280822705
30.0,178.0,137.8660430908203,-0.0127287830181754,1.581930213261601,-2.466121038916556,-2.1839829235001336,-1.1555573082405854,0.849158934259818,0.0269622809282007,2.449385777586725,0.116913448012598,1.7035901707036722
30.0,178.0,130.08889770507812,-0.0260508296323319,1.60947502761352,-2.464822293490781,-2.1977240605601285,-1.1361736730770269,0.848881252508057,0.0273743803483291,2.556972041156353,0.115695895842066,1.700954560182486
30.0,178.0,130.0890350341797,-0.0267270375045781,1.6124943325471668,-2.4639376764058447,-2.1968550235692423,-1.135382836488675,0.8472252090866235,0.0261390944479555,2.556566612512321,0.1157568661933615,1.7029845544887696
30.0,178.0,130.1483154296875,-0.0275914564491359,1.6025853398429613,-2.4696357611751845,-2.2066023363701146,-1.1327268692418329,0.8490465012714042,0.0273886671575012,2.557676004069114,0.1189562630161606,1.7028423325895643
30.0,178.0,130.09596252441406,-0.0267700017881518,1.607963802271796,-2.463894573138408,-2.1968028580641845,-1.135257649520309,0.8493750549085285,0.025443114961393,2.556572105823862,0.1131479800481685,1.7007746024894883
30.0,178.0,209.853515625,-0.6115977473066232,0.7776220381257966,-3.835539989399004,-2.6171739805113914,-1.275521664933832,0.7366176474541036,-0.0458302544230463,2.584816162634513,0.2980722673261389,2.069972514370848
30.0,178.0,130.10072326660156,-0.0270327527830721,1.6095998770727868,-2.461455531770028,-2.195931900313336,-1.135162723758192,0.8477353183047134,0.0298573107554729,2.556311453132258,0.1126109143950019,1.694385034176586
30.0,178.0,130.08673095703125,-0.0259249521584827,1.6111617920405366,-2.4638036946707764,-2.196573498713516,-1.1354040681667157,0.847146053938228,0.0273478988437227,2.5568787872229315,0.1157501387388378,1.69962402858483
30.0,178.0,245.99302673339844,-0.7494604562313425,0.5827624451646062,-3.1978432976312727,-2.930434860001456,-2.589522757468941,0.4511330050359632,-0.2349149109541924,2.459352546895984,0.2558733024443547,1.86071018527782
30.0,178.0,210.119873046875,-0.7610068930568665,0.5642124147423887,-3.726421416211226,-2.7995431788777383,-1.3708891968054873,0.679066308131347,0.0234932080174868,2.5843400721228726,0.297657964549431,2.1950618999519365
30.0,178.0,130.0970001220703,-0.0266400754544768,1.6080811707817129,-2.469143285511299,-2.201741422134297,-1.1362336051908095,0.8429304559891113,0.0208751053518192,2.555642669695219,0.1158560511393114,1.708619194920999
30.0,178.0,131.44332885742188,-0.055842383590578,1.6020397485554485,-2.451030363870182,-2.2106972783984427,-1.1353203241053516,0.8504619940508691,0.0285279449411233,2.549726184470776,0.1183971788929138,1.7923460931028237
30.0,178.0,205.575927734375,-0.8160173862793221,0.5906195673798553,-3.5501247184478806,-2.9220737949502533,-1.5276746941164658,0.7254873283981647,-0.0189028447691116,2.5943872451814447,0.2168908645567235,1.9760531472632008
30.0,178.0,130.13316345214844,-0.0227586929501421,1.6081043275543792,-2.4682856111991627,-2.1932304090971884,-1.1331419185378844,0.8550593768296066,0.0317013919848782,2.5581726997599663,0.1222957614446536,1.7206188887985865
30.0,178.0,130.4272003173828,-0.0270627746571956,1.6078621267607354,-2.4820721697906896,-2.189840540156476,-1.1161845164246842,0.8568048619047415,0.0326151924797751,2.557249809091139,0.112672589798062,1.6823613833706743
30.0,178.0,130.18907165527344,-0.0262528851207238,1.5974584251967272,-2.468816970185684,-2.200886649619457,-1.1276400649197336,0.8507476817299163,0.0244560118133023,2.558412121330832,0.1219603704325533,1.7273670293808945
30.0,178.0,133.0816650390625,0.0217743853037566,1.609198870539131,-2.485038288667445,-2.1830888072793093,-1.183800534054218,0.8431361455464328,0.0024066326987878,2.554991723222333,0.1262067255873081,1.708314488743189
30.0,178.0,130.1027374267578,-0.0269434663148705,1.6076983795378237,-2.463551338342037,-2.193428639212767,-1.1338892974888488,0.8485459302626202,0.028780699867207,2.550105103126076,0.1093290593651119,1.6834452125795507
30.0,178.0,130.10411071777344,-0.0233487755122673,1.607905008380489,-2.464275371932697,-2.1951429585527378,-1.1350753473522563,0.8497962887793008,0.0240718104989148,2.5563652728590127,0.1117946436450674,1.7013596539651168
30.0,178.0,130.48658752441406,-0.0248032033004253,1.612500450570591,-2.464372678288919,-2.209577560808127,-1.1169985512869642,0.8628730607494397,0.037001740697109,2.5503259651023944,0.1164092502230208,1.7189098656116917
30.0,178.0,130.1116485595703,-0.0256199116252312,1.6177840926288696,-2.4642823259265056,-2.197715260843644,-1.1353391466932403,0.8477811453911194,0.0260057571514242,2.555236889146714,0.1169458598333787,1.7029906975605178
30.0,178.0,131.2361602783203,-0.0220692456970595,1.59744718855561,-2.4749331952861127,-2.242386412278529,-1.1309225678285506,0.8523441005269395,0.033251440959556,2.5580831916685187,0.1558555047697084,1.8390339515386167
30.0,179.0,130.08706665039062,-0.0268215443462787,1.6098540217857014,-2.46403769562482,-2.1967828871056394,-1.135938910610692,0.847752979648084,0.0268838171900771,2.556287737654379,0.1156623813214139,1.7019411288653454
30.0,179.0,201.4370574951172,-0.4540401323260987,0.8179070478135094,-3.314276906304189,-2.628539443785192,-1.3337882873665527,0.7127938785222587,-0.0269535484838654,2.590339428802196,0.2594558839508205,2.0689052243034824
30.0,179.0,130.09426879882812,-0.0267763067321953,1.6090176298763874,-2.4682827983202023,-2.1999950821377525,-1.1367982994889156,0.8475770489849096,0.0237787398082431,2.5559489594736275,0.1138999109995433,1.704474667024517
30.0,179.0,205.40724182128903,-1.2471719392371754,0.7338063691250966,-3.6956164114227614,-2.6893020048638974,-1.4361633841990469,0.7509499775402746,-0.0265320376388999,2.5844589496606782,0.2214973721181175,2.0621365244733765
30.0,179.0,130.11087036132812,-0.0269920670710517,1.6054834444335775,-2.47018161498845,-2.200489369902386,-1.13282789547404,0.8461836051164138,0.0286360530585968,2.556817058295205,0.122750074275211,1.7154530643742665
30.0,179.0,130.0894775390625,-0.0259665740589158,1.6073564167857517,-2.463775824348148,-2.196693957459018,-1.1352225935164328,0.8467689867716551,0.027414451420508,2.5573204457858543,0.1154953977585901,1.7021456918034046
30.0,179.0,130.18077087402344,-0.0260468902231209,1.5983578343990732,-2.468957577448791,-2.200842246581117,-1.1295603629790112,0.8551547161894129,0.0266838419047653,2.556337980567533,0.1228386601075636,1.7189292442938289
30.0,179.0,130.14947509765625,-0.0265878033432111,1.6057191627870409,-2.471715409892107,-2.198689063139184,-1.1321482627601072,0.8544690238115497,0.0344679859174902,2.5581475898083745,0.1223609757607841,1.7148494574260558
30.0,179.0,130.09400939941406,-0.0268993225807057,1.609624953122047,-2.463323841560391,-2.1991398059123326,-1.1368782246200333,0.8479548448777308,0.0275958228125492,2.5572579675745946,0.1149468801703433,1.7014833006616188
30.0,179.0,217.80987548828125,-0.7399219093249991,0.6265199654248446,-3.3812386568411683,-3.115740592719888,-2.4970438835882924,0.4187495791001843,-0.1164287251613381,2.541142812644273,0.2703581298861386,2.0687642066891287
30.0,179.0,201.7044219970703,-0.6552952230338768,0.789537644755984,-3.131677153117997,-2.725862189701337,-1.327890814222953,0.7257755438118074,-0.0264966475501739,2.5879562114865826,0.2411740536822892,2.06908069814025
30.0,179.0,130.1201934814453,-0.0193041525618204,1.6070488143594968,-2.4650649202360446,-2.1933460569421865,-1.1360619178029767,0.8481488131221663,0.0267647719795372,2.554520138295232,0.1203933049514694,1.705779384571798
30.0,179.0,133.34689331054688,-0.0790579073023191,1.5807950559118178,-2.431160924097008,-2.191567062465148,-1.175800824066324,0.8392053646979919,0.0262031403611047,2.5539230855438046,0.1159541032355962,1.6351092540913723
30.0,179.0,130.09986877441406,-0.0261520147261933,1.6117749224537523,-2.4639921385830768,-2.1987347145948606,-1.133617367733939,0.8472120730261792,0.0295495982304374,2.5564665975205454,0.1171301233422157,1.6987956501355972
30.0,179.0,130.12234497070312,-0.0281963023023564,1.607983138766233,-2.47207220348178,-2.1982003957362166,-1.1322205757454529,0.847318403553332,0.0241631196656896,2.558210017809466,0.1219390633187435,1.7150237467066978
30.0,179.0,130.08956909179688,-0.026821791379214,1.6110937658694104,-2.461728683390209,-2.1970534826072687,-1.1360710301232455,0.8470179952285819,0.023141353617295,2.554990343900708,0.1148387987810228,1.7022297585858963
30.0,179.0,220.53668212890625,-1.2171966783311097,0.4756538204269566,-3.473961005955754,-3.088961056374514,-1.704597891261704,0.4920041034137272,-0.0918239354140258,2.562499878329205,0.3992523830963432,2.654374933471221
30.0,179.0,130.10040283203125,-0.0250864138382669,1.6136142207189332,-2.464109565889747,-2.1963131351894205,-1.1326645763565504,0.8455999987165248,0.0287578774733171,2.557126331200263,0.1155886644760995,1.7109844311839768
30.0,179.0,130.48040771484375,-0.012758828874881,1.6062764644806302,-2.46632980236816,-2.210103095643349,-1.1362048518035643,0.8263804418378736,0.0272176181182342,2.5607880983502964,0.1302147676306199,1.7179089571632271
30.0,179.0,130.19248962402344,-0.0204200264016376,1.614274637026454,-2.465301564451965,-2.1964421018007525,-1.1352810736698289,0.8451808555195603,0.0310657260774166,2.5572623281242595,0.1215552875651033,1.6892490967702225
30.0,179.0,130.2523956298828,-0.0406854200649095,1.6075972427593923,-2.462002529791406,-2.1934977839049328,-1.1342081029553368,0.8389286658179057,0.0278794705723327,2.556841442112717,0.1136747249013717,1.6931833639749134
30.0,179.0,130.48373413085938,-0.0203323484968562,1.607251109191222,-2.4441450755196383,-2.180220406705653,-1.1175664876993974,0.8492080949961762,0.0243612586079547,2.55825570383626,0.1147691111991311,1.6676177571665314
30.0,179.0,205.4263153076172,-1.0610826982318322,0.7387432132212964,-3.5269101097837323,-2.588175478326636,-1.3746018730768372,0.7544874944278932,-0.0259144887775997,2.5909527780546773,0.210068459110206,2.063579531483645
30.0,179.0,130.10845947265625,-0.0263240339525195,1.6152425601020464,-2.4601534421825924,-2.196957872936761,-1.1357892040613893,0.8464712645961521,0.0280178057148322,2.558456364538482,0.116216879528503,1.702560266393291
30.0,179.0,130.12106323242188,-0.0268418524415132,1.607971210081246,-2.4712624494244704,-2.199058154505161,-1.1332600567613618,0.8443475714739972,0.0232630546507814,2.5573724150402186,0.1239606100015764,1.7152180370041608
30.0,179.0,130.2588348388672,-0.0268155035225158,1.5978037115202774,-2.468611255640289,-2.2006720960248254,-1.1266289480841782,0.8503449998598901,0.0164581524357002,2.558106124629458,0.1212074184239656,1.7266150074366458
30.0,179.0,203.7299041748047,-1.4671963034076896,0.7718039591814964,-3.521820860113768,-2.7055890962796987,-1.3850800460590984,0.7492558679810841,0.0041742840984898,2.5864682179734686,0.2295821296873494,1.9406396168518183
30.0,179.0,240.0376892089844,-0.818985015422538,0.7325545795717203,-3.463958090524869,-3.1745869837099026,-1.9281247841715203,0.2058466922336207,-0.3766659363291286,2.6001316734345754,0.2265875295001577,2.1979228280822705
30.0,179.0,133.80352783203125,-0.0070918362214011,1.5600764298618244,-2.464113389940666,-2.215388616802997,-1.1286115814304918,0.8431303804192689,0.0270461585051543,2.5004608306702814,0.1146512256598092,1.70139530090984
30.0,179.0,130.08889770507812,-0.0260508296323319,1.60947502761352,-2.464822293490781,-2.1977240605601285,-1.1361736730770269,0.848881252508057,0.0273743803483291,2.556972041156353,0.115695895842066,1.700954560182486
30.0,179.0,130.0889434814453,-0.0262120006260491,1.6116446184139568,-2.463700024377842,-2.196276865595672,-1.1355655887036251,0.8468663355111264,0.0279346762413893,2.557102676994091,0.1156882813719223,1.7034284444415886
30.0,179.0,130.1483154296875,-0.0275914564491359,1.6025853398429613,-2.4696357611751845,-2.2066023363701146,-1.1327268692418329,0.8490465012714042,0.0273886671575012,2.557676004069114,0.1189562630161606,1.7028423325895643
30.0,179.0,130.09596252441406,-0.0267700017881518,1.607963802271796,-2.463894573138408,-2.1968028580641845,-1.135257649520309,0.8493750549085285,0.025443114961393,2.556572105823862,0.1131479800481685,1.7007746024894883
30.0,179.0,209.853515625,-0.6115977473066232,0.7776220381257966,-3.835539989399004,-2.6171739805113914,-1.275521664933832,0.7366176474541036,-0.0458302544230463,2.584816162634513,0.2980722673261389,2.069972514370848
30.0,179.0,130.10072326660156,-0.0270327527830721,1.6095998770727868,-2.461455531770028,-2.195931900313336,-1.135162723758192,0.8477353183047134,0.0298573107554729,2.556311453132258,0.1126109143950019,1.694385034176586
30.0,179.0,130.08673095703125,-0.0259249521584827,1.6111617920405366,-2.4638036946707764,-2.196573498713516,-1.1354040681667157,0.847146053938228,0.0273478988437227,2.5568787872229315,0.1157501387388378,1.69962402858483
30.0,179.0,245.99302673339844,-0.7494604562313425,0.5827624451646062,-3.1978432976312727,-2.930434860001456,-2.589522757468941,0.4511330050359632,-0.2349149109541924,2.459352546895984,0.2558733024443547,1.86071018527782
30.0,179.0,210.119873046875,-0.7610068930568665,0.5642124147423887,-3.726421416211226,-2.7995431788777383,-1.3708891968054873,0.679066308131347,0.0234932080174868,2.5843400721228726,0.297657964549431,2.1950618999519365
30.0,179.0,130.0970001220703,-0.0266400754544768,1.6080811707817129,-2.469143285511299,-2.201741422134297,-1.1362336051908095,0.8429304559891113,0.0208751053518192,2.555642669695219,0.1158560511393114,1.708619194920999
30.0,179.0,131.44332885742188,-0.055842383590578,1.6020397485554485,-2.451030363870182,-2.2106972783984427,-1.1353203241053516,0.8504619940508691,0.0285279449411233,2.549726184470776,0.1183971788929138,1.7923460931028237
30.0,179.0,205.575927734375,-0.8160173862793221,0.5906195673798553,-3.5501247184478806,-2.9220737949502533,-1.5276746941164658,0.7254873283981647,-0.0189028447691116,2.5943872451814447,0.2168908645567235,1.9760531472632008
30.0,179.0,130.13316345214844,-0.0227586929501421,1.6081043275543792,-2.4682856111991627,-2.1932304090971884,-1.1331419185378844,0.8550593768296066,0.0317013919848782,2.5581726997599663,0.1222957614446536,1.7206188887985865
30.0,179.0,130.38633728027344,-0.0251981807254963,1.607891640389932,-2.4762577586339622,-2.192972184570172,-1.1501325576886143,0.8468193904355156,0.0350364549227348,2.557189428322561,0.1121585189930712,1.682285700921207
30.0,179.0,130.18907165527344,-0.0262528851207238,1.5974584251967272,-2.468816970185684,-2.200886649619457,-1.1276400649197336,0.8507476817299163,0.0244560118133023,2.558412121330832,0.1219603704325533,1.7273670293808945
30.0,179.0,133.0816650390625,0.0217743853037566,1.609198870539131,-2.485038288667445,-2.1830888072793093,-1.183800534054218,0.8431361455464328,0.0024066326987878,2.554991723222333,0.1262067255873081,1.708314488743189
30.0,179.0,130.1027374267578,-0.0269434663148705,1.6076983795378237,-2.463551338342037,-2.193428639212767,-1.1338892974888488,0.8485459302626202,0.028780699867207,2.550105103126076,0.1093290593651119,1.6834452125795507
30.0,179.0,130.10411071777344,-0.0233487755122673,1.607905008380489,-2.464275371932697,-2.1951429585527378,-1.1350753473522563,0.8497962887793008,0.0240718104989148,2.5563652728590127,0.1117946436450674,1.7013596539651168
30.0,179.0,130.32745361328125,-0.0238308190718428,1.6173019790578682,-2.464211833007048,-2.2039231333585407,-1.1206506912650878,0.8518264458253306,0.03207155202893,2.547253466974406,0.1162088454230682,1.7185218424741442
30.0,179.0,130.1116485595703,-0.0256199116252312,1.6177840926288696,-2.4642823259265056,-2.197715260843644,-1.1353391466932403,0.8477811453911194,0.0260057571514242,2.555236889146714,0.1169458598333787,1.7029906975605178
30.0,179.0,131.2361602783203,-0.0220692456970595,1.59744718855561,-2.4749331952861127,-2.242386412278529,-1.1309225678285506,0.8523441005269395,0.033251440959556,2.5580831916685187,0.1558555047697084,1.8390339515386167
30.0,180.0,130.08706665039062,-0.0268215443462787,1.6098540217857014,-2.46403769562482,-2.1967828871056394,-1.135938910610692,0.847752979648084,0.0268838171900771,2.556287737654379,0.1156623813214139,1.7019411288653454
30.0,180.0,201.4370574951172,-0.4540401323260987,0.8179070478135094,-3.314276906304189,-2.628539443785192,-1.3337882873665527,0.7127938785222587,-0.0269535484838654,2.590339428802196,0.2594558839508205,2.0689052243034824
30.0,180.0,130.0919189453125,-0.0242734932589221,1.61034678508449,-2.468474162872905,-2.2004976152756006,-1.1331710812494489,0.8465266232328383,0.025190661181416,2.55650362924978,0.1170780474791614,1.6998896580246117
30.0,180.0,205.40724182128903,-1.2471719392371754,0.7338063691250966,-3.6956164114227614,-2.6893020048638974,-1.4361633841990469,0.7509499775402746,-0.0265320376388999,2.5844589496606782,0.2214973721181175,2.0621365244733765
30.0,180.0,130.11087036132812,-0.0269920670710517,1.6054834444335775,-2.47018161498845,-2.200489369902386,-1.13282789547404,0.8461836051164138,0.0286360530585968,2.556817058295205,0.122750074275211,1.7154530643742665
30.0,180.0,130.0894775390625,-0.0259665740589158,1.6073564167857517,-2.463775824348148,-2.196693957459018,-1.1352225935164328,0.8467689867716551,0.027414451420508,2.5573204457858543,0.1154953977585901,1.7021456918034046
30.0,180.0,130.18077087402344,-0.0260468902231209,1.5983578343990732,-2.468957577448791,-2.200842246581117,-1.1295603629790112,0.8551547161894129,0.0266838419047653,2.556337980567533,0.1228386601075636,1.7189292442938289
30.0,180.0,130.14947509765625,-0.0265878033432111,1.6057191627870409,-2.471715409892107,-2.198689063139184,-1.1321482627601072,0.8544690238115497,0.0344679859174902,2.5581475898083745,0.1223609757607841,1.7148494574260558
30.0,180.0,130.09400939941406,-0.0268993225807057,1.609624953122047,-2.463323841560391,-2.1991398059123326,-1.1368782246200333,0.8479548448777308,0.0275958228125492,2.5572579675745946,0.1149468801703433,1.7014833006616188
30.0,180.0,217.80987548828125,-0.7399219093249991,0.6265199654248446,-3.3812386568411683,-3.115740592719888,-2.4970438835882924,0.4187495791001843,-0.1164287251613381,2.541142812644273,0.2703581298861386,2.0687642066891287
30.0,180.0,201.7044219970703,-0.6552952230338768,0.789537644755984,-3.131677153117997,-2.725862189701337,-1.327890814222953,0.7257755438118074,-0.0264966475501739,2.5879562114865826,0.2411740536822892,2.06908069814025
30.0,180.0,130.1201934814453,-0.0193041525618204,1.6070488143594968,-2.4650649202360446,-2.1933460569421865,-1.1360619178029767,0.8481488131221663,0.0267647719795372,2.554520138295232,0.1203933049514694,1.705779384571798
30.0,180.0,132.94847106933594,-0.0054684367448347,1.6857942468303528,-2.455588056829888,-2.194668558456528,-1.134910561426295,0.8488684583207484,0.0270471495224763,2.554153047540683,0.1157381169361479,1.629110936119521
30.0,180.0,130.09986877441406,-0.0261520147261933,1.6117749224537523,-2.4639921385830768,-2.1987347145948606,-1.133617367733939,0.8472120730261792,0.0295495982304374,2.5564665975205454,0.1171301233422157,1.6987956501355972
30.0,180.0,130.12234497070312,-0.0281963023023564,1.607983138766233,-2.47207220348178,-2.1982003957362166,-1.1322205757454529,0.847318403553332,0.0241631196656896,2.558210017809466,0.1219390633187435,1.7150237467066978
30.0,180.0,130.08367919921875,-0.0257342896694386,1.6107916518519996,-2.464399812877532,-2.197063874849348,-1.135467174440151,0.8473302273334359,0.027407639889101,2.556441523819757,0.1141253511409378,1.7004611026579888
30.0,180.0,220.53668212890625,-1.2171966783311097,0.4756538204269566,-3.473961005955754,-3.088961056374514,-1.704597891261704,0.4920041034137272,-0.0918239354140258,2.562499878329205,0.3992523830963432,2.654374933471221
30.0,180.0,130.10040283203125,-0.0250864138382669,1.6136142207189332,-2.464109565889747,-2.1963131351894205,-1.1326645763565504,0.8455999987165248,0.0287578774733171,2.557126331200263,0.1155886644760995,1.7109844311839768
30.0,180.0,130.48040771484375,-0.012758828874881,1.6062764644806302,-2.46632980236816,-2.210103095643349,-1.1362048518035643,0.8263804418378736,0.0272176181182342,2.5607880983502964,0.1302147676306199,1.7179089571632271
30.0,180.0,130.11302185058594,-0.0182420647056065,1.607155463397842,-2.4611218599248006,-2.196399377726434,-1.1353539463479252,0.8462471324050524,0.0282007082182811,2.555563845862407,0.1146988485156775,1.6923131859083056
30.0,180.0,130.2523956298828,-0.0406854200649095,1.6075972427593923,-2.462002529791406,-2.1934977839049328,-1.1342081029553368,0.8389286658179057,0.0278794705723327,2.556841442112717,0.1136747249013717,1.6931833639749134
30.0,180.0,130.48373413085938,-0.0203323484968562,1.607251109191222,-2.4441450755196383,-2.180220406705653,-1.1175664876993974,0.8492080949961762,0.0243612586079547,2.55825570383626,0.1147691111991311,1.6676177571665314
30.0,180.0,205.4263153076172,-1.0610826982318322,0.7387432132212964,-3.5269101097837323,-2.588175478326636,-1.3746018730768372,0.7544874944278932,-0.0259144887775997,2.5909527780546773,0.210068459110206,2.063579531483645
30.0,180.0,130.10845947265625,-0.0263240339525195,1.6152425601020464,-2.4601534421825924,-2.196957872936761,-1.1357892040613893,0.8464712645961521,0.0280178057148322,2.558456364538482,0.116216879528503,1.702560266393291
30.0,180.0,130.12106323242188,-0.0268418524415132,1.607971210081246,-2.4712624494244704,-2.199058154505161,-1.1332600567613618,0.8443475714739972,0.0232630546507814,2.5573724150402186,0.1239606100015764,1.7152180370041608
30.0,180.0,130.24046325683594,-0.0259936705928073,1.6084062085579576,-2.474353504756131,-2.1991529835517327,-1.1393234873453106,0.8501165775887265,0.0257108224500596,2.556035816777136,0.1319336385832324,1.7208913550073872
30.0,180.0,203.7299041748047,-1.4671963034076896,0.7718039591814964,-3.521820860113768,-2.7055890962796987,-1.3850800460590984,0.7492558679810841,0.0041742840984898,2.5864682179734686,0.2295821296873494,1.9406396168518183
30.0,180.0,240.0376892089844,-0.818985015422538,0.7325545795717203,-3.463958090524869,-3.1745869837099026,-1.9281247841715203,0.2058466922336207,-0.3766659363291286,2.6001316734345754,0.2265875295001577,2.1979228280822705
30.0,180.0,131.23770141601562,-0.0451931362751555,1.6246729846852193,-2.4627576245901475,-2.186327558426964,-1.1337687256611049,0.848640688058278,0.0272055144641583,2.52140973143159,0.1139956710785951,1.698229784958595
30.0,180.0,130.08619689941406,-0.0256487619950785,1.608683424598243,-2.464164638837592,-2.1972864813955786,-1.136290590502946,0.8477416212738518,0.0270907899275678,2.556971765985852,0.115740641790895,1.702116503348953
30.0,180.0,130.0889434814453,-0.0262120006260491,1.6116446184139568,-2.463700024377842,-2.196276865595672,-1.1355655887036251,0.8468663355111264,0.0279346762413893,2.557102676994091,0.1156882813719223,1.7034284444415886
30.0,180.0,130.1483154296875,-0.0275914564491359,1.6025853398429613,-2.4696357611751845,-2.2066023363701146,-1.1327268692418329,0.8490465012714042,0.0273886671575012,2.557676004069114,0.1189562630161606,1.7028423325895643
30.0,180.0,130.09596252441406,-0.0267700017881518,1.607963802271796,-2.463894573138408,-2.1968028580641845,-1.135257649520309,0.8493750549085285,0.025443114961393,2.556572105823862,0.1131479800481685,1.7007746024894883
30.0,180.0,209.853515625,-0.6115977473066232,0.7776220381257966,-3.835539989399004,-2.6171739805113914,-1.275521664933832,0.7366176474541036,-0.0458302544230463,2.584816162634513,0.2980722673261389,2.069972514370848
30.0,180.0,130.10072326660156,-0.0270327527830721,1.6095998770727868,-2.461455531770028,-2.195931900313336,-1.135162723758192,0.8477353183047134,0.0298573107554729,2.556311453132258,0.1126109143950019,1.694385034176586
30.0,180.0,130.08673095703125,-0.0259249521584827,1.6111617920405366,-2.4638036946707764,-2.196573498713516,-1.1354040681667157,0.847146053938228,0.0273478988437227,2.5568787872229315,0.1157501387388378,1.69962402858483
30.0,180.0,245.99302673339844,-0.7494604562313425,0.5827624451646062,-3.1978432976312727,-2.930434860001456,-2.589522757468941,0.4511330050359632,-0.2349149109541924,2.459352546895984,0.2558733024443547,1.86071018527782
30.0,180.0,210.119873046875,-0.7610068930568665,0.5642124147423887,-3.726421416211226,-2.7995431788777383,-1.3708891968054873,0.679066308131347,0.0234932080174868,2.5843400721228726,0.297657964549431,2.1950618999519365
30.0,180.0,130.0970001220703,-0.0266400754544768,1.6080811707817129,-2.469143285511299,-2.201741422134297,-1.1362336051908095,0.8429304559891113,0.0208751053518192,2.555642669695219,0.1158560511393114,1.708619194920999
30.0,180.0,131.44332885742188,-0.055842383590578,1.6020397485554485,-2.451030363870182,-2.2106972783984427,-1.1353203241053516,0.8504619940508691,0.0285279449411233,2.549726184470776,0.1183971788929138,1.7923460931028237
30.0,180.0,205.575927734375,-0.8160173862793221,0.5906195673798553,-3.5501247184478806,-2.9220737949502533,-1.5276746941164658,0.7254873283981647,-0.0189028447691116,2.5943872451814447,0.2168908645567235,1.9760531472632008
30.0,180.0,130.13316345214844,-0.0227586929501421,1.6081043275543792,-2.4682856111991627,-2.1932304090971884,-1.1331419185378844,0.8550593768296066,0.0317013919848782,2.5581726997599663,0.1222957614446536,1.7206188887985865
30.0,180.0,130.38633728027344,-0.0251981807254963,1.607891640389932,-2.4762577586339622,-2.192972184570172,-1.1501325576886143,0.8468193904355156,0.0350364549227348,2.557189428322561,0.1121585189930712,1.682285700921207
30.0,180.0,130.18907165527344,-0.0262528851207238,1.5974584251967272,-2.468816970185684,-2.200886649619457,-1.1276400649197336,0.8507476817299163,0.0244560118133023,2.558412121330832,0.1219603704325533,1.7273670293808945
30.0,180.0,133.0816650390625,0.0217743853037566,1.609198870539131,-2.485038288667445,-2.1830888072793093,-1.183800534054218,0.8431361455464328,0.0024066326987878,2.554991723222333,0.1262067255873081,1.708314488743189
30.0,180.0,130.1027374267578,-0.0269434663148705,1.6076983795378237,-2.463551338342037,-2.193428639212767,-1.1338892974888488,0.8485459302626202,0.028780699867207,2.550105103126076,0.1093290593651119,1.6834452125795507
30.0,180.0,130.10411071777344,-0.0233487755122673,1.607905008380489,-2.464275371932697,-2.1951429585527378,-1.1350753473522563,0.8497962887793008,0.0240718104989148,2.5563652728590127,0.1117946436450674,1.7013596539651168
30.0,180.0,130.1414031982422,-0.0268718271255175,1.613782421471389,-2.4635050123388726,-2.1955301537849503,-1.1270527143509357,0.8436152114677343,0.0225169054340115,2.557923216727064,0.1153714930433174,1.7044960880751998
30.0,180.0,130.0843505859375,-0.0264068002978294,1.6104147013615306,-2.464833047310288,-2.1964042001781263,-1.135120129639794,0.8478125072758557,0.0267424663649777,2.553629368098576,0.1160818899798287,1.706444474306232
30.0,180.0,131.2361602783203,-0.0220692456970595,1.59744718855561,-2.4749331952861127,-2.242386412278529,-1.1309225678285506,0.8523441005269395,0.033251440959556,2.5580831916685187,0.1558555047697084,1.8390339515386167
30.0,181.0,130.08706665039062,-0.0268215443462787,1.6098540217857014,-2.46403769562482,-2.1967828871056394,-1.135938910610692,0.847752979648084,0.0268838171900771,2.556287737654379,0.1156623813214139,1.7019411288653454
30.0,181.0,191.49087524414065,-0.0901293286474651,1.5875638041460998,-2.9141419246438227,-2.429761429223529,-1.2925419966557643,0.6956893325244287,0.0466295355410203,2.5839420520350784,0.174268899838816,1.6931646284412878
30.0,181.0,130.0919189453125,-0.0242734932589221,1.61034678508449,-2.468474162872905,-2.2004976152756006,-1.1331710812494489,0.8465266232328383,0.025190661181416,2.55650362924978,0.1170780474791614,1.6998896580246117
30.0,181.0,205.40724182128903,-1.2471719392371754,0.7338063691250966,-3.6956164114227614,-2.6893020048638974,-1.4361633841990469,0.7509499775402746,-0.0265320376388999,2.5844589496606782,0.2214973721181175,2.0621365244733765
30.0,181.0,130.11087036132812,-0.0269920670710517,1.6054834444335775,-2.47018161498845,-2.200489369902386,-1.13282789547404,0.8461836051164138,0.0286360530585968,2.556817058295205,0.122750074275211,1.7154530643742665
30.0,181.0,130.0894775390625,-0.0259665740589158,1.6073564167857517,-2.463775824348148,-2.196693957459018,-1.1352225935164328,0.8467689867716551,0.027414451420508,2.5573204457858543,0.1154953977585901,1.7021456918034046
30.0,181.0,130.18077087402344,-0.0260468902231209,1.5983578343990732,-2.468957577448791,-2.200842246581117,-1.1295603629790112,0.8551547161894129,0.0266838419047653,2.556337980567533,0.1228386601075636,1.7189292442938289
30.0,181.0,130.14947509765625,-0.0265878033432111,1.6057191627870409,-2.471715409892107,-2.198689063139184,-1.1321482627601072,0.8544690238115497,0.0344679859174902,2.5581475898083745,0.1223609757607841,1.7148494574260558
30.0,181.0,130.09400939941406,-0.0268993225807057,1.609624953122047,-2.463323841560391,-2.1991398059123326,-1.1368782246200333,0.8479548448777308,0.0275958228125492,2.5572579675745946,0.1149468801703433,1.7014833006616188
30.0,181.0,217.80987548828125,-0.7399219093249991,0.6265199654248446,-3.3812386568411683,-3.115740592719888,-2.4970438835882924,0.4187495791001843,-0.1164287251613381,2.541142812644273,0.2703581298861386,2.0687642066891287
30.0,181.0,201.7044219970703,-0.6552952230338768,0.789537644755984,-3.131677153117997,-2.725862189701337,-1.327890814222953,0.7257755438118074,-0.0264966475501739,2.5879562114865826,0.2411740536822892,2.06908069814025
30.0,181.0,130.1201934814453,-0.0193041525618204,1.6070488143594968,-2.4650649202360446,-2.1933460569421865,-1.1360619178029767,0.8481488131221663,0.0267647719795372,2.554520138295232,0.1203933049514694,1.705779384571798
30.0,181.0,130.48617553710938,-0.0191590411311638,1.6333333593099637,-2.467689624213745,-2.1984011752009827,-1.1481106552319231,0.8468227819511217,0.0272462570172879,2.556337426566549,0.112707504062356,1.6700700949757932
30.0,181.0,130.0829315185547,-0.0258582259761484,1.6109680031810276,-2.4642937807572123,-2.197466798690901,-1.132460188389793,0.8474055779706137,0.0266957757819408,2.555990838368642,0.1143832802124704,1.6994602883694518
30.0,181.0,130.12234497070312,-0.0281963023023564,1.607983138766233,-2.47207220348178,-2.1982003957362166,-1.1322205757454529,0.847318403553332,0.0241631196656896,2.558210017809466,0.1219390633187435,1.7150237467066978
30.0,181.0,130.08367919921875,-0.0257342896694386,1.6107916518519996,-2.464399812877532,-2.197063874849348,-1.135467174440151,0.8473302273334359,0.027407639889101,2.556441523819757,0.1141253511409378,1.7004611026579888
30.0,181.0,220.53668212890625,-1.2171966783311097,0.4756538204269566,-3.473961005955754,-3.088961056374514,-1.704597891261704,0.4920041034137272,-0.0918239354140258,2.562499878329205,0.3992523830963432,2.654374933471221
30.0,181.0,130.0955352783203,-0.0256172553847099,1.6114091334117986,-2.464250919046556,-2.1973518086072925,-1.1314867026726951,0.8460420268955652,0.0275710557974708,2.5551816519574224,0.1148637248286203,1.7105389715203725
30.0,181.0,130.4022216796875,-0.0242750052546603,1.604868199576674,-2.467308166674645,-2.21115795411692,-1.1368424803542585,0.8258326247073579,0.026818192317503,2.54896166401172,0.1204159010790537,1.7135872907138727
30.0,181.0,130.11302185058594,-0.0182420647056065,1.607155463397842,-2.4611218599248006,-2.196399377726434,-1.1353539463479252,0.8462471324050524,0.0282007082182811,2.555563845862407,0.1146988485156775,1.6923131859083056
30.0,181.0,130.23760986328125,-0.0394516325799956,1.6102658001000694,-2.459735254637508,-2.1980919378118173,-1.1355972080913344,0.8524191221517653,0.0268407080755628,2.5560916402117133,0.1113371032673686,1.6996805285711456
30.0,181.0,130.48373413085938,-0.0203323484968562,1.607251109191222,-2.4441450755196383,-2.180220406705653,-1.1175664876993974,0.8492080949961762,0.0243612586079547,2.55825570383626,0.1147691111991311,1.6676177571665314
30.0,181.0,205.4263153076172,-1.0610826982318322,0.7387432132212964,-3.5269101097837323,-2.588175478326636,-1.3746018730768372,0.7544874944278932,-0.0259144887775997,2.5909527780546773,0.210068459110206,2.063579531483645
30.0,181.0,130.10845947265625,-0.0263240339525195,1.6152425601020464,-2.4601534421825924,-2.196957872936761,-1.1357892040613893,0.8464712645961521,0.0280178057148322,2.558456364538482,0.116216879528503,1.702560266393291
30.0,181.0,130.12106323242188,-0.0268418524415132,1.607971210081246,-2.4712624494244704,-2.199058154505161,-1.1332600567613618,0.8443475714739972,0.0232630546507814,2.5573724150402186,0.1239606100015764,1.7152180370041608
30.0,181.0,130.24046325683594,-0.0259936705928073,1.6084062085579576,-2.474353504756131,-2.1991529835517327,-1.1393234873453106,0.8501165775887265,0.0257108224500596,2.556035816777136,0.1319336385832324,1.7208913550073872
30.0,181.0,203.7299041748047,-1.4671963034076896,0.7718039591814964,-3.521820860113768,-2.7055890962796987,-1.3850800460590984,0.7492558679810841,0.0041742840984898,2.5864682179734686,0.2295821296873494,1.9406396168518183
30.0,181.0,240.0376892089844,-0.818985015422538,0.7325545795717203,-3.463958090524869,-3.1745869837099026,-1.9281247841715203,0.2058466922336207,-0.3766659363291286,2.6001316734345754,0.2265875295001577,2.1979228280822705
30.0,181.0,131.23770141601562,-0.0451931362751555,1.6246729846852193,-2.4627576245901475,-2.186327558426964,-1.1337687256611049,0.848640688058278,0.0272055144641583,2.52140973143159,0.1139956710785951,1.698229784958595
30.0,181.0,130.08619689941406,-0.0256487619950785,1.608683424598243,-2.464164638837592,-2.1972864813955786,-1.136290590502946,0.8477416212738518,0.0270907899275678,2.556971765985852,0.115740641790895,1.702116503348953
30.0,181.0,130.0889434814453,-0.0262120006260491,1.6116446184139568,-2.463700024377842,-2.196276865595672,-1.1355655887036251,0.8468663355111264,0.0279346762413893,2.557102676994091,0.1156882813719223,1.7034284444415886
30.0,181.0,130.1483154296875,-0.0275914564491359,1.6025853398429613,-2.4696357611751845,-2.2066023363701146,-1.1327268692418329,0.8490465012714042,0.0273886671575012,2.557676004069114,0.1189562630161606,1.7028423325895643
30.0,181.0,130.09596252441406,-0.0267700017881518,1.607963802271796,-2.463894573138408,-2.1968028580641845,-1.135257649520309,0.8493750549085285,0.025443114961393,2.556572105823862,0.1131479800481685,1.7007746024894883
30.0,181.0,209.853515625,-0.6115977473066232,0.7776220381257966,-3.835539989399004,-2.6171739805113914,-1.275521664933832,0.7366176474541036,-0.0458302544230463,2.584816162634513,0.2980722673261389,2.069972514370848
30.0,181.0,130.10072326660156,-0.0270327527830721,1.6095998770727868,-2.461455531770028,-2.195931900313336,-1.135162723758192,0.8477353183047134,0.0298573107554729,2.556311453132258,0.1126109143950019,1.694385034176586
30.0,181.0,130.08673095703125,-0.0259249521584827,1.6111617920405366,-2.4638036946707764,-2.196573498713516,-1.1354040681667157,0.847146053938228,0.0273478988437227,2.5568787872229315,0.1157501387388378,1.69962402858483
30.0,181.0,245.99302673339844,-0.7494604562313425,0.5827624451646062,-3.1978432976312727,-2.930434860001456,-2.589522757468941,0.4511330050359632,-0.2349149109541924,2.459352546895984,0.2558733024443547,1.86071018527782
30.0,181.0,210.119873046875,-0.7610068930568665,0.5642124147423887,-3.726421416211226,-2.7995431788777383,-1.3708891968054873,0.679066308131347,0.0234932080174868,2.5843400721228726,0.297657964549431,2.1950618999519365
30.0,181.0,130.0970001220703,-0.0266400754544768,1.6080811707817129,-2.469143285511299,-2.201741422134297,-1.1362336051908095,0.8429304559891113,0.0208751053518192,2.555642669695219,0.1158560511393114,1.708619194920999
30.0,181.0,131.44332885742188,-0.055842383590578,1.6020397485554485,-2.451030363870182,-2.2106972783984427,-1.1353203241053516,0.8504619940508691,0.0285279449411233,2.549726184470776,0.1183971788929138,1.7923460931028237
30.0,181.0,205.575927734375,-0.8160173862793221,0.5906195673798553,-3.5501247184478806,-2.9220737949502533,-1.5276746941164658,0.7254873283981647,-0.0189028447691116,2.5943872451814447,0.2168908645567235,1.9760531472632008
30.0,181.0,130.13316345214844,-0.0227586929501421,1.6081043275543792,-2.4682856111991627,-2.1932304090971884,-1.1331419185378844,0.8550593768296066,0.0317013919848782,2.5581726997599663,0.1222957614446536,1.7206188887985865
30.0,181.0,130.38633728027344,-0.0251981807254963,1.607891640389932,-2.4762577586339622,-2.192972184570172,-1.1501325576886143,0.8468193904355156,0.0350364549227348,2.557189428322561,0.1121585189930712,1.682285700921207
30.0,181.0,130.185302734375,-0.0272927733932721,1.6092351130949396,-2.4627721283437696,-2.1968255953110782,-1.1281714363128736,0.8482939944673399,0.0304359833388245,2.556740898552873,0.1127393934499302,1.7215292487746363
30.0,181.0,133.0816650390625,0.0217743853037566,1.609198870539131,-2.485038288667445,-2.1830888072793093,-1.183800534054218,0.8431361455464328,0.0024066326987878,2.554991723222333,0.1262067255873081,1.708314488743189
30.0,181.0,130.1027374267578,-0.0269434663148705,1.6076983795378237,-2.463551338342037,-2.193428639212767,-1.1338892974888488,0.8485459302626202,0.028780699867207,2.550105103126076,0.1093290593651119,1.6834452125795507
30.0,181.0,130.10411071777344,-0.0233487755122673,1.607905008380489,-2.464275371932697,-2.1951429585527378,-1.1350753473522563,0.8497962887793008,0.0240718104989148,2.5563652728590127,0.1117946436450674,1.7013596539651168
30.0,181.0,130.1414031982422,-0.0268718271255175,1.613782421471389,-2.4635050123388726,-2.1955301537849503,-1.1270527143509357,0.8436152114677343,0.0225169054340115,2.557923216727064,0.1153714930433174,1.7044960880751998
30.0,181.0,130.08384704589844,-0.0250911312156038,1.6078918921495198,-2.4654017834249027,-2.1970945576776093,-1.1355979794258677,0.8480781687411859,0.0271409577247539,2.552553339931792,0.1149083861633512,1.7025268422066593
30.0,181.0,131.2361602783203,-0.0220692456970595,1.59744718855561,-2.4749331952861127,-2.242386412278529,-1.1309225678285506,0.8523441005269395,0.033251440959556,2.5580831916685187,0.1558555047697084,1.8390339515386167
30.0,182.0,130.08706665039062,-0.0268215443462787,1.6098540217857014,-2.46403769562482,-2.1967828871056394,-1.135938910610692,0.847752979648084,0.0268838171900771,2.556287737654379,0.1156623813214139,1.7019411288653454
30.0,182.0,191.49087524414065,-0.0901293286474651,1.5875638041460998,-2.9141419246438227,-2.429761429223529,-1.2925419966557643,0.6956893325244287,0.0466295355410203,2.5839420520350784,0.174268899838816,1.6931646284412878
30.0,182.0,130.0919189453125,-0.0242734932589221,1.61034678508449,-2.468474162872905,-2.2004976152756006,-1.1331710812494489,0.8465266232328383,0.025190661181416,2.55650362924978,0.1170780474791614,1.6998896580246117
30.0,182.0,205.40724182128903,-1.2471719392371754,0.7338063691250966,-3.6956164114227614,-2.6893020048638974,-1.4361633841990469,0.7509499775402746,-0.0265320376388999,2.5844589496606782,0.2214973721181175,2.0621365244733765
30.0,182.0,130.11087036132812,-0.0269920670710517,1.6054834444335775,-2.47018161498845,-2.200489369902386,-1.13282789547404,0.8461836051164138,0.0286360530585968,2.556817058295205,0.122750074275211,1.7154530643742665
30.0,182.0,130.0894775390625,-0.0259665740589158,1.6073564167857517,-2.463775824348148,-2.196693957459018,-1.1352225935164328,0.8467689867716551,0.027414451420508,2.5573204457858543,0.1154953977585901,1.7021456918034046
30.0,182.0,130.18077087402344,-0.0260468902231209,1.5983578343990732,-2.468957577448791,-2.200842246581117,-1.1295603629790112,0.8551547161894129,0.0266838419047653,2.556337980567533,0.1228386601075636,1.7189292442938289
30.0,182.0,130.14947509765625,-0.0265878033432111,1.6057191627870409,-2.471715409892107,-2.198689063139184,-1.1321482627601072,0.8544690238115497,0.0344679859174902,2.5581475898083745,0.1223609757607841,1.7148494574260558
30.0,182.0,130.09400939941406,-0.0268993225807057,1.609624953122047,-2.463323841560391,-2.1991398059123326,-1.1368782246200333,0.8479548448777308,0.0275958228125492,2.5572579675745946,0.1149468801703433,1.7014833006616188
30.0,182.0,217.80987548828125,-0.7399219093249991,0.6265199654248446,-3.3812386568411683,-3.115740592719888,-2.4970438835882924,0.4187495791001843,-0.1164287251613381,2.541142812644273,0.2703581298861386,2.0687642066891287
30.0,182.0,201.7044219970703,-0.6552952230338768,0.789537644755984,-3.131677153117997,-2.725862189701337,-1.327890814222953,0.7257755438118074,-0.0264966475501739,2.5879562114865826,0.2411740536822892,2.06908069814025
30.0,182.0,130.1201934814453,-0.0193041525618204,1.6070488143594968,-2.4650649202360446,-2.1933460569421865,-1.1360619178029767,0.8481488131221663,0.0267647719795372,2.554520138295232,0.1203933049514694,1.705779384571798
30.0,182.0,130.48617553710938,-0.0191590411311638,1.6333333593099637,-2.467689624213745,-2.1984011752009827,-1.1481106552319231,0.8468227819511217,0.0272462570172879,2.556337426566549,0.112707504062356,1.6700700949757932
30.0,182.0,130.0829315185547,-0.0258582259761484,1.6109680031810276,-2.4642937807572123,-2.197466798690901,-1.132460188389793,0.8474055779706137,0.0266957757819408,2.555990838368642,0.1143832802124704,1.6994602883694518
30.0,182.0,130.12234497070312,-0.0281963023023564,1.607983138766233,-2.47207220348178,-2.1982003957362166,-1.1322205757454529,0.847318403553332,0.0241631196656896,2.558210017809466,0.1219390633187435,1.7150237467066978
30.0,182.0,130.08367919921875,-0.0257342896694386,1.6107916518519996,-2.464399812877532,-2.197063874849348,-1.135467174440151,0.8473302273334359,0.027407639889101,2.556441523819757,0.1141253511409378,1.7004611026579888
30.0,182.0,220.53668212890625,-1.2171966783311097,0.4756538204269566,-3.473961005955754,-3.088961056374514,-1.704597891261704,0.4920041034137272,-0.0918239354140258,2.562499878329205,0.3992523830963432,2.654374933471221
30.0,182.0,130.0955352783203,-0.0256172553847099,1.6114091334117986,-2.464250919046556,-2.1973518086072925,-1.1314867026726951,0.8460420268955652,0.0275710557974708,2.5551816519574224,0.1148637248286203,1.7105389715203725
30.0,182.0,130.4022216796875,-0.0242750052546603,1.604868199576674,-2.467308166674645,-2.21115795411692,-1.1368424803542585,0.8258326247073579,0.026818192317503,2.54896166401172,0.1204159010790537,1.7135872907138727
30.0,182.0,130.09788513183594,-0.0222357662288937,1.613043775025352,-2.4588578643544365,-2.197215012366872,-1.133685263931472,0.8477791039145226,0.0288151555250726,2.55614319343599,0.1161050641296915,1.6959009975520924
30.0,182.0,130.1005096435547,-0.018068207779561,1.609905049295269,-2.46237931278414,-2.1969152438415294,-1.130872012842718,0.8516716961635304,0.0260991622233357,2.555726390163449,0.1124992933863498,1.6999182722584127
30.0,182.0,130.29342651367188,-0.0234448167642865,1.60998376839028,-2.4568802560937453,-2.1999187237010225,-1.1229949233632524,0.8380627104455523,0.029085073717686,2.55492150825115,0.1126603335327996,1.6919756220005715
30.0,182.0,205.4263153076172,-1.0610826982318322,0.7387432132212964,-3.5269101097837323,-2.588175478326636,-1.3746018730768372,0.7544874944278932,-0.0259144887775997,2.5909527780546773,0.210068459110206,2.063579531483645
30.0,182.0,130.10845947265625,-0.0263240339525195,1.6152425601020464,-2.4601534421825924,-2.196957872936761,-1.1357892040613893,0.8464712645961521,0.0280178057148322,2.558456364538482,0.116216879528503,1.702560266393291
30.0,182.0,130.12106323242188,-0.0268418524415132,1.607971210081246,-2.4712624494244704,-2.199058154505161,-1.1332600567613618,0.8443475714739972,0.0232630546507814,2.5573724150402186,0.1239606100015764,1.7152180370041608
30.0,182.0,130.1245880126953,-0.0256515987366993,1.6087011634792323,-2.4640186804912303,-2.1973753085354883,-1.1282278785645965,0.8496377920824078,0.0261518172336887,2.556570851570908,0.1141166158235702,1.6839417823636842
30.0,182.0,203.7299041748047,-1.4671963034076896,0.7718039591814964,-3.521820860113768,-2.7055890962796987,-1.3850800460590984,0.7492558679810841,0.0041742840984898,2.5864682179734686,0.2295821296873494,1.9406396168518183
30.0,182.0,240.0376892089844,-0.818985015422538,0.7325545795717203,-3.463958090524869,-3.1745869837099026,-1.9281247841715203,0.2058466922336207,-0.3766659363291286,2.6001316734345754,0.2265875295001577,2.1979228280822705
30.0,182.0,131.23770141601562,-0.0451931362751555,1.6246729846852193,-2.4627576245901475,-2.186327558426964,-1.1337687256611049,0.848640688058278,0.0272055144641583,2.52140973143159,0.1139956710785951,1.698229784958595
30.0,182.0,130.08619689941406,-0.0256487619950785,1.608683424598243,-2.464164638837592,-2.1972864813955786,-1.136290590502946,0.8477416212738518,0.0270907899275678,2.556971765985852,0.115740641790895,1.702116503348953
30.0,182.0,130.0889434814453,-0.0262120006260491,1.6116446184139568,-2.463700024377842,-2.196276865595672,-1.1355655887036251,0.8468663355111264,0.0279346762413893,2.557102676994091,0.1156882813719223,1.7034284444415886
30.0,182.0,130.1483154296875,-0.0275914564491359,1.6025853398429613,-2.4696357611751845,-2.2066023363701146,-1.1327268692418329,0.8490465012714042,0.0273886671575012,2.557676004069114,0.1189562630161606,1.7028423325895643
30.0,182.0,130.09596252441406,-0.0267700017881518,1.607963802271796,-2.463894573138408,-2.1968028580641845,-1.135257649520309,0.8493750549085285,0.025443114961393,2.556572105823862,0.1131479800481685,1.7007746024894883
30.0,182.0,189.8350372314453,-0.1826832746806023,1.2246924260983767,-3.051692949797575,-2.5251921961081663,-1.2384936766473484,0.6872030904694896,-0.0825022686502461,2.5307295125858014,0.2549907431703788,2.0724364628185
30.0,182.0,130.10072326660156,-0.0270327527830721,1.6095998770727868,-2.461455531770028,-2.195931900313336,-1.135162723758192,0.8477353183047134,0.0298573107554729,2.556311453132258,0.1126109143950019,1.694385034176586
30.0,182.0,130.08673095703125,-0.0259249521584827,1.6111617920405366,-2.4638036946707764,-2.196573498713516,-1.1354040681667157,0.847146053938228,0.0273478988437227,2.5568787872229315,0.1157501387388378,1.69962402858483
30.0,182.0,245.99302673339844,-0.7494604562313425,0.5827624451646062,-3.1978432976312727,-2.930434860001456,-2.589522757468941,0.4511330050359632,-0.2349149109541924,2.459352546895984,0.2558733024443547,1.86071018527782
30.0,182.0,210.119873046875,-0.7610068930568665,0.5642124147423887,-3.726421416211226,-2.7995431788777383,-1.3708891968054873,0.679066308131347,0.0234932080174868,2.5843400721228726,0.297657964549431,2.1950618999519365
30.0,182.0,130.0970001220703,-0.0266400754544768,1.6080811707817129,-2.469143285511299,-2.201741422134297,-1.1362336051908095,0.8429304559891113,0.0208751053518192,2.555642669695219,0.1158560511393114,1.708619194920999
30.0,182.0,131.44332885742188,-0.055842383590578,1.6020397485554485,-2.451030363870182,-2.2106972783984427,-1.1353203241053516,0.8504619940508691,0.0285279449411233,2.549726184470776,0.1183971788929138,1.7923460931028237
30.0,182.0,205.575927734375,-0.8160173862793221,0.5906195673798553,-3.5501247184478806,-2.9220737949502533,-1.5276746941164658,0.7254873283981647,-0.0189028447691116,2.5943872451814447,0.2168908645567235,1.9760531472632008
30.0,182.0,130.13316345214844,-0.0227586929501421,1.6081043275543792,-2.4682856111991627,-2.1932304090971884,-1.1331419185378844,0.8550593768296066,0.0317013919848782,2.5581726997599663,0.1222957614446536,1.7206188887985865
30.0,182.0,130.178955078125,-0.025232704179136,1.6102871486132426,-2.4686936642070405,-2.1963124957696696,-1.1442605210892014,0.8491104662085449,0.0201356128401946,2.555971138442638,0.112580223682463,1.6952559902409747
30.0,182.0,130.137939453125,-0.0265751852057876,1.60797742104509,-2.4610858030783302,-2.1963245260995,-1.1325631031568313,0.8490870092901608,0.0185444253607169,2.555611951722643,0.1114496029356836,1.700436452450766
30.0,182.0,132.21095275878906,-0.080122368200713,1.6082071077556357,-2.499062893505045,-2.1966537811587177,-1.1457073519589769,0.8515538827043988,0.0285108717461918,2.5600577946415104,0.1245220544615478,1.680291448906815
30.0,182.0,130.08766174316406,-0.0270540325527491,1.6112444861359576,-2.463956678022418,-2.197050755962588,-1.1321403587725831,0.8475949377442009,0.0240395496408236,2.554102338965994,0.1109608374398743,1.6956122268400953
30.0,182.0,130.10411071777344,-0.0233487755122673,1.607905008380489,-2.464275371932697,-2.1951429585527378,-1.1350753473522563,0.8497962887793008,0.0240718104989148,2.5563652728590127,0.1117946436450674,1.7013596539651168
30.0,182.0,130.1414031982422,-0.0268718271255175,1.613782421471389,-2.4635050123388726,-2.1955301537849503,-1.1270527143509357,0.8436152114677343,0.0225169054340115,2.557923216727064,0.1153714930433174,1.7044960880751998
30.0,182.0,130.08384704589844,-0.0250911312156038,1.6078918921495198,-2.4654017834249027,-2.1970945576776093,-1.1355979794258677,0.8480781687411859,0.0271409577247539,2.552553339931792,0.1149083861633512,1.7025268422066593
30.0,182.0,131.2361602783203,-0.0220692456970595,1.59744718855561,-2.4749331952861127,-2.242386412278529,-1.1309225678285506,0.8523441005269395,0.033251440959556,2.5580831916685187,0.1558555047697084,1.8390339515386167
30.0,183.0,130.08706665039062,-0.0268215443462787,1.6098540217857014,-2.46403769562482,-2.1967828871056394,-1.135938910610692,0.847752979648084,0.0268838171900771,2.556287737654379,0.1156623813214139,1.7019411288653454
30.0,183.0,191.49087524414065,-0.0901293286474651,1.5875638041460998,-2.9141419246438227,-2.429761429223529,-1.2925419966557643,0.6956893325244287,0.0466295355410203,2.5839420520350784,0.174268899838816,1.6931646284412878
30.0,183.0,130.0919189453125,-0.0242734932589221,1.61034678508449,-2.468474162872905,-2.2004976152756006,-1.1331710812494489,0.8465266232328383,0.025190661181416,2.55650362924978,0.1170780474791614,1.6998896580246117
30.0,183.0,205.40724182128903,-1.2471719392371754,0.7338063691250966,-3.6956164114227614,-2.6893020048638974,-1.4361633841990469,0.7509499775402746,-0.0265320376388999,2.5844589496606782,0.2214973721181175,2.0621365244733765
30.0,183.0,130.11087036132812,-0.0269920670710517,1.6054834444335775,-2.47018161498845,-2.200489369902386,-1.13282789547404,0.8461836051164138,0.0286360530585968,2.556817058295205,0.122750074275211,1.7154530643742665
30.0,183.0,130.0894775390625,-0.0259665740589158,1.6073564167857517,-2.463775824348148,-2.196693957459018,-1.1352225935164328,0.8467689867716551,0.027414451420508,2.5573204457858543,0.1154953977585901,1.7021456918034046
30.0,183.0,130.18077087402344,-0.0260468902231209,1.5983578343990732,-2.468957577448791,-2.200842246581117,-1.1295603629790112,0.8551547161894129,0.0266838419047653,2.556337980567533,0.1228386601075636,1.7189292442938289
30.0,183.0,130.14947509765625,-0.0265878033432111,1.6057191627870409,-2.471715409892107,-2.198689063139184,-1.1321482627601072,0.8544690238115497,0.0344679859174902,2.5581475898083745,0.1223609757607841,1.7148494574260558
30.0,183.0,130.09400939941406,-0.0268993225807057,1.609624953122047,-2.463323841560391,-2.1991398059123326,-1.1368782246200333,0.8479548448777308,0.0275958228125492,2.5572579675745946,0.1149468801703433,1.7014833006616188
30.0,183.0,217.80987548828125,-0.7399219093249991,0.6265199654248446,-3.3812386568411683,-3.115740592719888,-2.4970438835882924,0.4187495791001843,-0.1164287251613381,2.541142812644273,0.2703581298861386,2.0687642066891287
30.0,183.0,201.7044219970703,-0.6552952230338768,0.789537644755984,-3.131677153117997,-2.725862189701337,-1.327890814222953,0.7257755438118074,-0.0264966475501739,2.5879562114865826,0.2411740536822892,2.06908069814025
30.0,183.0,130.1201934814453,-0.0193041525618204,1.6070488143594968,-2.4650649202360446,-2.1933460569421865,-1.1360619178029767,0.8481488131221663,0.0267647719795372,2.554520138295232,0.1203933049514694,1.705779384571798
30.0,183.0,130.48617553710938,-0.0191590411311638,1.6333333593099637,-2.467689624213745,-2.1984011752009827,-1.1481106552319231,0.8468227819511217,0.0272462570172879,2.556337426566549,0.112707504062356,1.6700700949757932
30.0,183.0,130.0829315185547,-0.0258582259761484,1.6109680031810276,-2.4642937807572123,-2.197466798690901,-1.132460188389793,0.8474055779706137,0.0266957757819408,2.555990838368642,0.1143832802124704,1.6994602883694518
30.0,183.0,130.12234497070312,-0.0281963023023564,1.607983138766233,-2.47207220348178,-2.1982003957362166,-1.1322205757454529,0.847318403553332,0.0241631196656896,2.558210017809466,0.1219390633187435,1.7150237467066978
30.0,183.0,130.08367919921875,-0.0257342896694386,1.6107916518519996,-2.464399812877532,-2.197063874849348,-1.135467174440151,0.8473302273334359,0.027407639889101,2.556441523819757,0.1141253511409378,1.7004611026579888
30.0,183.0,220.53668212890625,-1.2171966783311097,0.4756538204269566,-3.473961005955754,-3.088961056374514,-1.704597891261704,0.4920041034137272,-0.0918239354140258,2.562499878329205,0.3992523830963432,2.654374933471221
30.0,183.0,130.08445739746094,-0.0260319623799504,1.611553862191567,-2.463639694645504,-2.197370628813399,-1.1322512540317655,0.84620105966393,0.0260692589641849,2.5557764258896087,0.1150467739172838,1.7006023462542652
30.0,183.0,130.4022216796875,-0.0242750052546603,1.604868199576674,-2.467308166674645,-2.21115795411692,-1.1368424803542585,0.8258326247073579,0.026818192317503,2.54896166401172,0.1204159010790537,1.7135872907138727
30.0,183.0,130.09788513183594,-0.0222357662288937,1.613043775025352,-2.4588578643544365,-2.197215012366872,-1.133685263931472,0.8477791039145226,0.0288151555250726,2.55614319343599,0.1161050641296915,1.6959009975520924
30.0,183.0,130.1005096435547,-0.018068207779561,1.609905049295269,-2.46237931278414,-2.1969152438415294,-1.130872012842718,0.8516716961635304,0.0260991622233357,2.555726390163449,0.1124992933863498,1.6999182722584127
30.0,183.0,130.29342651367188,-0.0234448167642865,1.60998376839028,-2.4568802560937453,-2.1999187237010225,-1.1229949233632524,0.8380627104455523,0.029085073717686,2.55492150825115,0.1126603335327996,1.6919756220005715
30.0,183.0,205.4263153076172,-1.0610826982318322,0.7387432132212964,-3.5269101097837323,-2.588175478326636,-1.3746018730768372,0.7544874944278932,-0.0259144887775997,2.5909527780546773,0.210068459110206,2.063579531483645
30.0,183.0,130.08724975585938,-0.0258211603436791,1.6088124398703267,-2.4649588028508043,-2.196965078123016,-1.1338216317949084,0.8469949939055862,0.0246561802592669,2.557308696133163,0.1138817767316058,1.6999155656496532
30.0,183.0,130.12106323242188,-0.0268418524415132,1.607971210081246,-2.4712624494244704,-2.199058154505161,-1.1332600567613618,0.8443475714739972,0.0232630546507814,2.5573724150402186,0.1239606100015764,1.7152180370041608
30.0,183.0,130.1245880126953,-0.0256515987366993,1.6087011634792323,-2.4640186804912303,-2.1973753085354883,-1.1282278785645965,0.8496377920824078,0.0261518172336887,2.556570851570908,0.1141166158235702,1.6839417823636842
30.0,183.0,203.7299041748047,-1.4671963034076896,0.7718039591814964,-3.521820860113768,-2.7055890962796987,-1.3850800460590984,0.7492558679810841,0.0041742840984898,2.5864682179734686,0.2295821296873494,1.9406396168518183
30.0,183.0,240.0376892089844,-0.818985015422538,0.7325545795717203,-3.463958090524869,-3.1745869837099026,-1.9281247841715203,0.2058466922336207,-0.3766659363291286,2.6001316734345754,0.2265875295001577,2.1979228280822705
30.0,183.0,130.61756896972656,-0.0001828937630317,1.6175703567320954,-2.4641812231056868,-2.190851940756759,-1.1349125133198574,0.8507030236776986,0.0266002433086237,2.5774171976618545,0.1142844911082233,1.6974909649710077
30.0,183.0,130.08619689941406,-0.0256487619950785,1.608683424598243,-2.464164638837592,-2.1972864813955786,-1.136290590502946,0.8477416212738518,0.0270907899275678,2.556971765985852,0.115740641790895,1.702116503348953
30.0,183.0,130.0889434814453,-0.0262120006260491,1.6116446184139568,-2.463700024377842,-2.196276865595672,-1.1355655887036251,0.8468663355111264,0.0279346762413893,2.557102676994091,0.1156882813719223,1.7034284444415886
30.0,183.0,130.1483154296875,-0.0275914564491359,1.6025853398429613,-2.4696357611751845,-2.2066023363701146,-1.1327268692418329,0.8490465012714042,0.0273886671575012,2.557676004069114,0.1189562630161606,1.7028423325895643
30.0,183.0,130.09596252441406,-0.0267700017881518,1.607963802271796,-2.463894573138408,-2.1968028580641845,-1.135257649520309,0.8493750549085285,0.025443114961393,2.556572105823862,0.1131479800481685,1.7007746024894883
30.0,183.0,189.8350372314453,-0.1826832746806023,1.2246924260983767,-3.051692949797575,-2.5251921961081663,-1.2384936766473484,0.6872030904694896,-0.0825022686502461,2.5307295125858014,0.2549907431703788,2.0724364628185
30.0,183.0,130.10072326660156,-0.0270327527830721,1.6095998770727868,-2.461455531770028,-2.195931900313336,-1.135162723758192,0.8477353183047134,0.0298573107554729,2.556311453132258,0.1126109143950019,1.694385034176586
30.0,183.0,130.08673095703125,-0.0259249521584827,1.6111617920405366,-2.4638036946707764,-2.196573498713516,-1.1354040681667157,0.847146053938228,0.0273478988437227,2.5568787872229315,0.1157501387388378,1.69962402858483
30.0,183.0,245.99302673339844,-0.7494604562313425,0.5827624451646062,-3.1978432976312727,-2.930434860001456,-2.589522757468941,0.4511330050359632,-0.2349149109541924,2.459352546895984,0.2558733024443547,1.86071018527782
30.0,183.0,210.119873046875,-0.7610068930568665,0.5642124147423887,-3.726421416211226,-2.7995431788777383,-1.3708891968054873,0.679066308131347,0.0234932080174868,2.5843400721228726,0.297657964549431,2.1950618999519365
30.0,183.0,130.0970001220703,-0.0266400754544768,1.6080811707817129,-2.469143285511299,-2.201741422134297,-1.1362336051908095,0.8429304559891113,0.0208751053518192,2.555642669695219,0.1158560511393114,1.708619194920999
30.0,183.0,131.0765380859375,-0.059100015789217,1.611955494525216,-2.480055418006941,-2.199600275377257,-1.1340682688452353,0.8508411606049231,0.0232884410616329,2.558556350729007,0.1109643058582159,1.63672621732735
30.0,183.0,205.575927734375,-0.8160173862793221,0.5906195673798553,-3.5501247184478806,-2.9220737949502533,-1.5276746941164658,0.7254873283981647,-0.0189028447691116,2.5943872451814447,0.2168908645567235,1.9760531472632008
30.0,183.0,130.13316345214844,-0.0227586929501421,1.6081043275543792,-2.4682856111991627,-2.1932304090971884,-1.1331419185378844,0.8550593768296066,0.0317013919848782,2.5581726997599663,0.1222957614446536,1.7206188887985865
30.0,183.0,130.178955078125,-0.025232704179136,1.6102871486132426,-2.4686936642070405,-2.1963124957696696,-1.1442605210892014,0.8491104662085449,0.0201356128401946,2.555971138442638,0.112580223682463,1.6952559902409747
30.0,183.0,130.1012725830078,-0.0257116467811514,1.608690977242341,-2.4674455097990178,-2.198404887529673,-1.1342611131530165,0.8461630971998634,0.0310269918726399,2.5552291911824327,0.1131261584693617,1.691619875771908
30.0,183.0,132.21095275878906,-0.080122368200713,1.6082071077556357,-2.499062893505045,-2.1966537811587177,-1.1457073519589769,0.8515538827043988,0.0285108717461918,2.5600577946415104,0.1245220544615478,1.680291448906815
30.0,183.0,130.08766174316406,-0.0270540325527491,1.6112444861359576,-2.463956678022418,-2.197050755962588,-1.1321403587725831,0.8475949377442009,0.0240395496408236,2.554102338965994,0.1109608374398743,1.6956122268400953
30.0,183.0,130.10411071777344,-0.0233487755122673,1.607905008380489,-2.464275371932697,-2.1951429585527378,-1.1350753473522563,0.8497962887793008,0.0240718104989148,2.5563652728590127,0.1117946436450674,1.7013596539651168
30.0,183.0,130.1414031982422,-0.0268718271255175,1.613782421471389,-2.4635050123388726,-2.1955301537849503,-1.1270527143509357,0.8436152114677343,0.0225169054340115,2.557923216727064,0.1153714930433174,1.7044960880751998
30.0,183.0,130.08384704589844,-0.0250911312156038,1.6078918921495198,-2.4654017834249027,-2.1970945576776093,-1.1355979794258677,0.8480781687411859,0.0271409577247539,2.552553339931792,0.1149083861633512,1.7025268422066593
30.0,183.0,131.2361602783203,-0.0220692456970595,1.59744718855561,-2.4749331952861127,-2.242386412278529,-1.1309225678285506,0.8523441005269395,0.033251440959556,2.5580831916685187,0.1558555047697084,1.8390339515386167
30.0,184.0,130.08706665039062,-0.0268215443462787,1.6098540217857014,-2.46403769562482,-2.1967828871056394,-1.135938910610692,0.847752979648084,0.0268838171900771,2.556287737654379,0.1156623813214139,1.7019411288653454
30.0,184.0,191.49087524414065,-0.0901293286474651,1.5875638041460998,-2.9141419246438227,-2.429761429223529,-1.2925419966557643,0.6956893325244287,0.0466295355410203,2.5839420520350784,0.174268899838816,1.6931646284412878
30.0,184.0,130.0899658203125,-0.025895514512577,1.6111503750841305,-2.462902975987,-2.1995693700493857,-1.1337535184209606,0.8471150728644753,0.0256021128601897,2.556423394038631,0.1165040943078136,1.6999900656385358
30.0,184.0,205.40724182128903,-1.2471719392371754,0.7338063691250966,-3.6956164114227614,-2.6893020048638974,-1.4361633841990469,0.7509499775402746,-0.0265320376388999,2.5844589496606782,0.2214973721181175,2.0621365244733765
30.0,184.0,130.11087036132812,-0.0269920670710517,1.6054834444335775,-2.47018161498845,-2.200489369902386,-1.13282789547404,0.8461836051164138,0.0286360530585968,2.556817058295205,0.122750074275211,1.7154530643742665
30.0,184.0,130.0894775390625,-0.0259665740589158,1.6073564167857517,-2.463775824348148,-2.196693957459018,-1.1352225935164328,0.8467689867716551,0.027414451420508,2.5573204457858543,0.1154953977585901,1.7021456918034046
30.0,184.0,130.18077087402344,-0.0260468902231209,1.5983578343990732,-2.468957577448791,-2.200842246581117,-1.1295603629790112,0.8551547161894129,0.0266838419047653,2.556337980567533,0.1228386601075636,1.7189292442938289
30.0,184.0,130.14947509765625,-0.0265878033432111,1.6057191627870409,-2.471715409892107,-2.198689063139184,-1.1321482627601072,0.8544690238115497,0.0344679859174902,2.5581475898083745,0.1223609757607841,1.7148494574260558
30.0,184.0,130.09400939941406,-0.0268993225807057,1.609624953122047,-2.463323841560391,-2.1991398059123326,-1.1368782246200333,0.8479548448777308,0.0275958228125492,2.5572579675745946,0.1149468801703433,1.7014833006616188
30.0,184.0,217.80987548828125,-0.7399219093249991,0.6265199654248446,-3.3812386568411683,-3.115740592719888,-2.4970438835882924,0.4187495791001843,-0.1164287251613381,2.541142812644273,0.2703581298861386,2.0687642066891287
30.0,184.0,201.7044219970703,-0.6552952230338768,0.789537644755984,-3.131677153117997,-2.725862189701337,-1.327890814222953,0.7257755438118074,-0.0264966475501739,2.5879562114865826,0.2411740536822892,2.06908069814025
30.0,184.0,130.1201934814453,-0.0193041525618204,1.6070488143594968,-2.4650649202360446,-2.1933460569421865,-1.1360619178029767,0.8481488131221663,0.0267647719795372,2.554520138295232,0.1203933049514694,1.705779384571798
30.0,184.0,130.48617553710938,-0.0191590411311638,1.6333333593099637,-2.467689624213745,-2.1984011752009827,-1.1481106552319231,0.8468227819511217,0.0272462570172879,2.556337426566549,0.112707504062356,1.6700700949757932
30.0,184.0,130.0829315185547,-0.0258582259761484,1.6109680031810276,-2.4642937807572123,-2.197466798690901,-1.132460188389793,0.8474055779706137,0.0266957757819408,2.555990838368642,0.1143832802124704,1.6994602883694518
30.0,184.0,130.12234497070312,-0.0281963023023564,1.607983138766233,-2.47207220348178,-2.1982003957362166,-1.1322205757454529,0.847318403553332,0.0241631196656896,2.558210017809466,0.1219390633187435,1.7150237467066978
30.0,184.0,130.08216857910156,-0.0257587914159671,1.610558991664121,-2.4643000932343826,-2.198095761917553,-1.1331872128695446,0.8475819289434379,0.0273743082842861,2.55583922488324,0.1143184554415994,1.699544666362954
30.0,184.0,220.53668212890625,-1.2171966783311097,0.4756538204269566,-3.473961005955754,-3.088961056374514,-1.704597891261704,0.4920041034137272,-0.0918239354140258,2.562499878329205,0.3992523830963432,2.654374933471221
30.0,184.0,130.08445739746094,-0.0260319623799504,1.611553862191567,-2.463639694645504,-2.197370628813399,-1.1322512540317655,0.84620105966393,0.0260692589641849,2.5557764258896087,0.1150467739172838,1.7006023462542652
30.0,184.0,130.4022216796875,-0.0242750052546603,1.604868199576674,-2.467308166674645,-2.21115795411692,-1.1368424803542585,0.8258326247073579,0.026818192317503,2.54896166401172,0.1204159010790537,1.7135872907138727
30.0,184.0,130.09788513183594,-0.0222357662288937,1.613043775025352,-2.4588578643544365,-2.197215012366872,-1.133685263931472,0.8477791039145226,0.0288151555250726,2.55614319343599,0.1161050641296915,1.6959009975520924
30.0,184.0,130.09194946289062,-0.026749202288666,1.611025726280594,-2.46598732547262,-2.1976416286009925,-1.1318929263052326,0.8497597138889331,0.0271327871353308,2.5561356648337266,0.1147494358315829,1.6996575713317317
30.0,184.0,130.29342651367188,-0.0234448167642865,1.60998376839028,-2.4568802560937453,-2.1999187237010225,-1.1229949233632524,0.8380627104455523,0.029085073717686,2.55492150825115,0.1126603335327996,1.6919756220005715
30.0,184.0,205.4263153076172,-1.0610826982318322,0.7387432132212964,-3.5269101097837323,-2.588175478326636,-1.3746018730768372,0.7544874944278932,-0.0259144887775997,2.5909527780546773,0.210068459110206,2.063579531483645
30.0,184.0,130.08724975585938,-0.0258211603436791,1.6088124398703267,-2.4649588028508043,-2.196965078123016,-1.1338216317949084,0.8469949939055862,0.0246561802592669,2.557308696133163,0.1138817767316058,1.6999155656496532
30.0,184.0,130.12106323242188,-0.0268418524415132,1.607971210081246,-2.4712624494244704,-2.199058154505161,-1.1332600567613618,0.8443475714739972,0.0232630546507814,2.5573724150402186,0.1239606100015764,1.7152180370041608
30.0,184.0,130.1245880126953,-0.0256515987366993,1.6087011634792323,-2.4640186804912303,-2.1973753085354883,-1.1282278785645965,0.8496377920824078,0.0261518172336887,2.556570851570908,0.1141166158235702,1.6839417823636842
30.0,184.0,203.7299041748047,-1.4671963034076896,0.7718039591814964,-3.521820860113768,-2.7055890962796987,-1.3850800460590984,0.7492558679810841,0.0041742840984898,2.5864682179734686,0.2295821296873494,1.9406396168518183
30.0,184.0,240.0376892089844,-0.818985015422538,0.7325545795717203,-3.463958090524869,-3.1745869837099026,-1.9281247841715203,0.2058466922336207,-0.3766659363291286,2.6001316734345754,0.2265875295001577,2.1979228280822705
30.0,184.0,130.61756896972656,-0.0001828937630317,1.6175703567320954,-2.4641812231056868,-2.190851940756759,-1.1349125133198574,0.8507030236776986,0.0266002433086237,2.5774171976618545,0.1142844911082233,1.6974909649710077
30.0,184.0,130.08619689941406,-0.0256487619950785,1.608683424598243,-2.464164638837592,-2.1972864813955786,-1.136290590502946,0.8477416212738518,0.0270907899275678,2.556971765985852,0.115740641790895,1.702116503348953
30.0,184.0,130.0889434814453,-0.0262120006260491,1.6116446184139568,-2.463700024377842,-2.196276865595672,-1.1355655887036251,0.8468663355111264,0.0279346762413893,2.557102676994091,0.1156882813719223,1.7034284444415886
30.0,184.0,130.1483154296875,-0.0275914564491359,1.6025853398429613,-2.4696357611751845,-2.2066023363701146,-1.1327268692418329,0.8490465012714042,0.0273886671575012,2.557676004069114,0.1189562630161606,1.7028423325895643
30.0,184.0,130.09596252441406,-0.0267700017881518,1.607963802271796,-2.463894573138408,-2.1968028580641845,-1.135257649520309,0.8493750549085285,0.025443114961393,2.556572105823862,0.1131479800481685,1.7007746024894883
30.0,184.0,189.8350372314453,-0.1826832746806023,1.2246924260983767,-3.051692949797575,-2.5251921961081663,-1.2384936766473484,0.6872030904694896,-0.0825022686502461,2.5307295125858014,0.2549907431703788,2.0724364628185
30.0,184.0,130.09512329101562,-0.0265325956155948,1.6103366317089105,-2.460440888113665,-2.196320701425102,-1.1312052007869136,0.8479820184673411,0.0266081267539538,2.55572904481485,0.1144783221910709,1.696061578773359
30.0,184.0,130.08673095703125,-0.0259249521584827,1.6111617920405366,-2.4638036946707764,-2.196573498713516,-1.1354040681667157,0.847146053938228,0.0273478988437227,2.5568787872229315,0.1157501387388378,1.69962402858483
30.0,184.0,245.99302673339844,-0.7494604562313425,0.5827624451646062,-3.1978432976312727,-2.930434860001456,-2.589522757468941,0.4511330050359632,-0.2349149109541924,2.459352546895984,0.2558733024443547,1.86071018527782
30.0,184.0,210.119873046875,-0.7610068930568665,0.5642124147423887,-3.726421416211226,-2.7995431788777383,-1.3708891968054873,0.679066308131347,0.0234932080174868,2.5843400721228726,0.297657964549431,2.1950618999519365
30.0,184.0,130.0970001220703,-0.0266400754544768,1.6080811707817129,-2.469143285511299,-2.201741422134297,-1.1362336051908095,0.8429304559891113,0.0208751053518192,2.555642669695219,0.1158560511393114,1.708619194920999
30.0,184.0,131.0765380859375,-0.059100015789217,1.611955494525216,-2.480055418006941,-2.199600275377257,-1.1340682688452353,0.8508411606049231,0.0232884410616329,2.558556350729007,0.1109643058582159,1.63672621732735
30.0,184.0,205.575927734375,-0.8160173862793221,0.5906195673798553,-3.5501247184478806,-2.9220737949502533,-1.5276746941164658,0.7254873283981647,-0.0189028447691116,2.5943872451814447,0.2168908645567235,1.9760531472632008
30.0,184.0,130.13316345214844,-0.0227586929501421,1.6081043275543792,-2.4682856111991627,-2.1932304090971884,-1.1331419185378844,0.8550593768296066,0.0317013919848782,2.5581726997599663,0.1222957614446536,1.7206188887985865
30.0,184.0,130.178955078125,-0.025232704179136,1.6102871486132426,-2.4686936642070405,-2.1963124957696696,-1.1442605210892014,0.8491104662085449,0.0201356128401946,2.555971138442638,0.112580223682463,1.6952559902409747
30.0,184.0,130.09451293945312,-0.0254955679665974,1.611972230819412,-2.4677358139235377,-2.1970941514143925,-1.1330529900394617,0.8467706748376609,0.0287432977415737,2.555572933128317,0.1141965609757254,1.7016403847268242
30.0,184.0,132.21095275878906,-0.080122368200713,1.6082071077556357,-2.499062893505045,-2.1966537811587177,-1.1457073519589769,0.8515538827043988,0.0285108717461918,2.5600577946415104,0.1245220544615478,1.680291448906815
30.0,184.0,130.08766174316406,-0.0270540325527491,1.6112444861359576,-2.463956678022418,-2.197050755962588,-1.1321403587725831,0.8475949377442009,0.0240395496408236,2.554102338965994,0.1109608374398743,1.6956122268400953
30.0,184.0,130.10411071777344,-0.0233487755122673,1.607905008380489,-2.464275371932697,-2.1951429585527378,-1.1350753473522563,0.8497962887793008,0.0240718104989148,2.5563652728590127,0.1117946436450674,1.7013596539651168
30.0,184.0,130.10484313964844,-0.0269881560660159,1.6094651809619185,-2.4648367646154696,-2.194418292054729,-1.1315634036972522,0.8471550104277314,0.022784639415949,2.557876355450132,0.1149686869919753,1.699906251702246
30.0,184.0,130.08384704589844,-0.0250911312156038,1.6078918921495198,-2.4654017834249027,-2.1970945576776093,-1.1355979794258677,0.8480781687411859,0.0271409577247539,2.552553339931792,0.1149083861633512,1.7025268422066593
30.0,184.0,131.2361602783203,-0.0220692456970595,1.59744718855561,-2.4749331952861127,-2.242386412278529,-1.1309225678285506,0.8523441005269395,0.033251440959556,2.5580831916685187,0.1558555047697084,1.8390339515386167
30.0,185.0,130.08706665039062,-0.0268215443462787,1.6098540217857014,-2.46403769562482,-2.1967828871056394,-1.135938910610692,0.847752979648084,0.0268838171900771,2.556287737654379,0.1156623813214139,1.7019411288653454
30.0,185.0,191.49087524414065,-0.0901293286474651,1.5875638041460998,-2.9141419246438227,-2.429761429223529,-1.2925419966557643,0.6956893325244287,0.0466295355410203,2.5839420520350784,0.174268899838816,1.6931646284412878
30.0,185.0,130.0863800048828,-0.0258173221309397,1.6110576718618128,-2.4633969090835457,-2.1993925783542294,-1.1341174276838644,0.847044334032107,0.0261193738384301,2.5563168153918805,0.1130862912224712,1.699570969633747
30.0,185.0,205.40724182128903,-1.2471719392371754,0.7338063691250966,-3.6956164114227614,-2.6893020048638974,-1.4361633841990469,0.7509499775402746,-0.0265320376388999,2.5844589496606782,0.2214973721181175,2.0621365244733765
30.0,185.0,130.11087036132812,-0.0269920670710517,1.6054834444335775,-2.47018161498845,-2.200489369902386,-1.13282789547404,0.8461836051164138,0.0286360530585968,2.556817058295205,0.122750074275211,1.7154530643742665
30.0,185.0,130.0894775390625,-0.0259665740589158,1.6073564167857517,-2.463775824348148,-2.196693957459018,-1.1352225935164328,0.8467689867716551,0.027414451420508,2.5573204457858543,0.1154953977585901,1.7021456918034046
30.0,185.0,130.18077087402344,-0.0260468902231209,1.5983578343990732,-2.468957577448791,-2.200842246581117,-1.1295603629790112,0.8551547161894129,0.0266838419047653,2.556337980567533,0.1228386601075636,1.7189292442938289
30.0,185.0,130.14947509765625,-0.0265878033432111,1.6057191627870409,-2.471715409892107,-2.198689063139184,-1.1321482627601072,0.8544690238115497,0.0344679859174902,2.5581475898083745,0.1223609757607841,1.7148494574260558
30.0,185.0,130.09400939941406,-0.0268993225807057,1.609624953122047,-2.463323841560391,-2.1991398059123326,-1.1368782246200333,0.8479548448777308,0.0275958228125492,2.5572579675745946,0.1149468801703433,1.7014833006616188
30.0,185.0,217.80987548828125,-0.7399219093249991,0.6265199654248446,-3.3812386568411683,-3.115740592719888,-2.4970438835882924,0.4187495791001843,-0.1164287251613381,2.541142812644273,0.2703581298861386,2.0687642066891287
30.0,185.0,201.7044219970703,-0.6552952230338768,0.789537644755984,-3.131677153117997,-2.725862189701337,-1.327890814222953,0.7257755438118074,-0.0264966475501739,2.5879562114865826,0.2411740536822892,2.06908069814025
30.0,185.0,130.1201934814453,-0.0193041525618204,1.6070488143594968,-2.4650649202360446,-2.1933460569421865,-1.1360619178029767,0.8481488131221663,0.0267647719795372,2.554520138295232,0.1203933049514694,1.705779384571798
30.0,185.0,130.48617553710938,-0.0191590411311638,1.6333333593099637,-2.467689624213745,-2.1984011752009827,-1.1481106552319231,0.8468227819511217,0.0272462570172879,2.556337426566549,0.112707504062356,1.6700700949757932
30.0,185.0,130.0829315185547,-0.0258582259761484,1.6109680031810276,-2.4642937807572123,-2.197466798690901,-1.132460188389793,0.8474055779706137,0.0266957757819408,2.555990838368642,0.1143832802124704,1.6994602883694518
30.0,185.0,130.12234497070312,-0.0281963023023564,1.607983138766233,-2.47207220348178,-2.1982003957362166,-1.1322205757454529,0.847318403553332,0.0241631196656896,2.558210017809466,0.1219390633187435,1.7150237467066978
30.0,185.0,130.08216857910156,-0.0257587914159671,1.610558991664121,-2.4643000932343826,-2.198095761917553,-1.1331872128695446,0.8475819289434379,0.0273743082842861,2.55583922488324,0.1143184554415994,1.699544666362954
30.0,185.0,220.53668212890625,-1.2171966783311097,0.4756538204269566,-3.473961005955754,-3.088961056374514,-1.704597891261704,0.4920041034137272,-0.0918239354140258,2.562499878329205,0.3992523830963432,2.654374933471221
30.0,185.0,130.08445739746094,-0.0260319623799504,1.611553862191567,-2.463639694645504,-2.197370628813399,-1.1322512540317655,0.84620105966393,0.0260692589641849,2.5557764258896087,0.1150467739172838,1.7006023462542652
30.0,185.0,130.4022216796875,-0.0242750052546603,1.604868199576674,-2.467308166674645,-2.21115795411692,-1.1368424803542585,0.8258326247073579,0.026818192317503,2.54896166401172,0.1204159010790537,1.7135872907138727
30.0,185.0,130.09788513183594,-0.0222357662288937,1.613043775025352,-2.4588578643544365,-2.197215012366872,-1.133685263931472,0.8477791039145226,0.0288151555250726,2.55614319343599,0.1161050641296915,1.6959009975520924
30.0,185.0,130.08993530273438,-0.025402609108231,1.6111581397890735,-2.4617174325034594,-2.1990451893432983,-1.1340552096860383,0.8489514726660569,0.0276795585024483,2.5561601114022765,0.1139810091792863,1.69953552745308
30.0,185.0,130.29342651367188,-0.0234448167642865,1.60998376839028,-2.4568802560937453,-2.1999187237010225,-1.1229949233632524,0.8380627104455523,0.029085073717686,2.55492150825115,0.1126603335327996,1.6919756220005715
30.0,185.0,205.4263153076172,-1.0610826982318322,0.7387432132212964,-3.5269101097837323,-2.588175478326636,-1.3746018730768372,0.7544874944278932,-0.0259144887775997,2.5909527780546773,0.210068459110206,2.063579531483645
30.0,185.0,130.08724975585938,-0.0258211603436791,1.6088124398703267,-2.4649588028508043,-2.196965078123016,-1.1338216317949084,0.8469949939055862,0.0246561802592669,2.557308696133163,0.1138817767316058,1.6999155656496532
30.0,185.0,130.12106323242188,-0.0268418524415132,1.607971210081246,-2.4712624494244704,-2.199058154505161,-1.1332600567613618,0.8443475714739972,0.0232630546507814,2.5573724150402186,0.1239606100015764,1.7152180370041608
30.0,185.0,130.1245880126953,-0.0256515987366993,1.6087011634792323,-2.4640186804912303,-2.1973753085354883,-1.1282278785645965,0.8496377920824078,0.0261518172336887,2.556570851570908,0.1141166158235702,1.6839417823636842
30.0,185.0,203.7299041748047,-1.4671963034076896,0.7718039591814964,-3.521820860113768,-2.7055890962796987,-1.3850800460590984,0.7492558679810841,0.0041742840984898,2.5864682179734686,0.2295821296873494,1.9406396168518183
30.0,185.0,240.0376892089844,-0.818985015422538,0.7325545795717203,-3.463958090524869,-3.1745869837099026,-1.9281247841715203,0.2058466922336207,-0.3766659363291286,2.6001316734345754,0.2265875295001577,2.1979228280822705
30.0,185.0,130.42684936523438,-0.043667208262305,1.611476238446732,-2.463926163939796,-2.1992967229991245,-1.128321095778193,0.8496974049441398,0.0272080082091683,2.568513468145771,0.1143106390619915,1.6960346995172937
30.0,185.0,130.0828857421875,-0.025676756743078,1.61070549201148,-2.464136469819893,-2.198760876695297,-1.135857292700799,0.8475498782136376,0.0274288984585666,2.555915617686276,0.1147649348956948,1.6988869781128155
30.0,185.0,130.0889434814453,-0.0262120006260491,1.6116446184139568,-2.463700024377842,-2.196276865595672,-1.1355655887036251,0.8468663355111264,0.0279346762413893,2.557102676994091,0.1156882813719223,1.7034284444415886
30.0,185.0,130.1483154296875,-0.0275914564491359,1.6025853398429613,-2.4696357611751845,-2.2066023363701146,-1.1327268692418329,0.8490465012714042,0.0273886671575012,2.557676004069114,0.1189562630161606,1.7028423325895643
30.0,185.0,130.09596252441406,-0.0267700017881518,1.607963802271796,-2.463894573138408,-2.1968028580641845,-1.135257649520309,0.8493750549085285,0.025443114961393,2.556572105823862,0.1131479800481685,1.7007746024894883
30.0,185.0,189.8350372314453,-0.1826832746806023,1.2246924260983767,-3.051692949797575,-2.5251921961081663,-1.2384936766473484,0.6872030904694896,-0.0825022686502461,2.5307295125858014,0.2549907431703788,2.0724364628185
30.0,185.0,130.08351135253906,-0.0250227469945366,1.610850086119329,-2.464690551668321,-2.197677408924664,-1.1313023111426437,0.8473274222269415,0.0257542892724715,2.555732429526892,0.1134414881041109,1.6999766502135811
30.0,185.0,130.08673095703125,-0.0259249521584827,1.6111617920405366,-2.4638036946707764,-2.196573498713516,-1.1354040681667157,0.847146053938228,0.0273478988437227,2.5568787872229315,0.1157501387388378,1.69962402858483
30.0,185.0,245.99302673339844,-0.7494604562313425,0.5827624451646062,-3.1978432976312727,-2.930434860001456,-2.589522757468941,0.4511330050359632,-0.2349149109541924,2.459352546895984,0.2558733024443547,1.86071018527782
30.0,185.0,210.119873046875,-0.7610068930568665,0.5642124147423887,-3.726421416211226,-2.7995431788777383,-1.3708891968054873,0.679066308131347,0.0234932080174868,2.5843400721228726,0.297657964549431,2.1950618999519365
30.0,185.0,130.0970001220703,-0.0266400754544768,1.6080811707817129,-2.469143285511299,-2.201741422134297,-1.1362336051908095,0.8429304559891113,0.0208751053518192,2.555642669695219,0.1158560511393114,1.708619194920999
30.0,185.0,130.2767333984375,-0.0240637631694596,1.6108344525362686,-2.4752290461804702,-2.190764776703209,-1.1348104385095532,0.8480471037957471,0.0278081206919716,2.558030445258717,0.1116551548982277,1.7197582883486644
30.0,185.0,205.575927734375,-0.8160173862793221,0.5906195673798553,-3.5501247184478806,-2.9220737949502533,-1.5276746941164658,0.7254873283981647,-0.0189028447691116,2.5943872451814447,0.2168908645567235,1.9760531472632008
30.0,185.0,130.13316345214844,-0.0227586929501421,1.6081043275543792,-2.4682856111991627,-2.1932304090971884,-1.1331419185378844,0.8550593768296066,0.0317013919848782,2.5581726997599663,0.1222957614446536,1.7206188887985865
30.0,185.0,130.178955078125,-0.025232704179136,1.6102871486132426,-2.4686936642070405,-2.1963124957696696,-1.1442605210892014,0.8491104662085449,0.0201356128401946,2.555971138442638,0.112580223682463,1.6952559902409747
30.0,185.0,130.09451293945312,-0.0254955679665974,1.611972230819412,-2.4677358139235377,-2.1970941514143925,-1.1330529900394617,0.8467706748376609,0.0287432977415737,2.555572933128317,0.1141965609757254,1.7016403847268242
30.0,185.0,132.21095275878906,-0.080122368200713,1.6082071077556357,-2.499062893505045,-2.1966537811587177,-1.1457073519589769,0.8515538827043988,0.0285108717461918,2.5600577946415104,0.1245220544615478,1.680291448906815
30.0,185.0,130.08766174316406,-0.0270540325527491,1.6112444861359576,-2.463956678022418,-2.197050755962588,-1.1321403587725831,0.8475949377442009,0.0240395496408236,2.554102338965994,0.1109608374398743,1.6956122268400953
30.0,185.0,130.10411071777344,-0.0233487755122673,1.607905008380489,-2.464275371932697,-2.1951429585527378,-1.1350753473522563,0.8497962887793008,0.0240718104989148,2.5563652728590127,0.1117946436450674,1.7013596539651168
30.0,185.0,130.10484313964844,-0.0269881560660159,1.6094651809619185,-2.4648367646154696,-2.194418292054729,-1.1315634036972522,0.8471550104277314,0.022784639415949,2.557876355450132,0.1149686869919753,1.699906251702246
30.0,185.0,130.08384704589844,-0.0250911312156038,1.6078918921495198,-2.4654017834249027,-2.1970945576776093,-1.1355979794258677,0.8480781687411859,0.0271409577247539,2.552553339931792,0.1149083861633512,1.7025268422066593
30.0,185.0,131.2361602783203,-0.0220692456970595,1.59744718855561,-2.4749331952861127,-2.242386412278529,-1.1309225678285506,0.8523441005269395,0.033251440959556,2.5580831916685187,0.1558555047697084,1.8390339515386167
30.0,186.0,130.08706665039062,-0.0268215443462787,1.6098540217857014,-2.46403769562482,-2.1967828871056394,-1.135938910610692,0.847752979648084,0.0268838171900771,2.556287737654379,0.1156623813214139,1.7019411288653454
30.0,186.0,191.49087524414065,-0.0901293286474651,1.5875638041460998,-2.9141419246438227,-2.429761429223529,-1.2925419966557643,0.6956893325244287,0.0466295355410203,2.5839420520350784,0.174268899838816,1.6931646284412878
30.0,186.0,130.0863800048828,-0.0258173221309397,1.6110576718618128,-2.4633969090835457,-2.1993925783542294,-1.1341174276838644,0.847044334032107,0.0261193738384301,2.5563168153918805,0.1130862912224712,1.699570969633747
30.0,186.0,205.40724182128903,-1.2471719392371754,0.7338063691250966,-3.6956164114227614,-2.6893020048638974,-1.4361633841990469,0.7509499775402746,-0.0265320376388999,2.5844589496606782,0.2214973721181175,2.0621365244733765
30.0,186.0,130.09938049316406,-0.0245936510991567,1.6073947409053235,-2.466882331139572,-2.197852811504834,-1.1312168179101605,0.8451025685042493,0.0276286700611162,2.553322510819275,0.1194399985851741,1.7126001356914784
30.0,186.0,130.0894775390625,-0.0259665740589158,1.6073564167857517,-2.463775824348148,-2.196693957459018,-1.1352225935164328,0.8467689867716551,0.027414451420508,2.5573204457858543,0.1154953977585901,1.7021456918034046
30.0,186.0,130.1520233154297,-0.0258956935877538,1.6084470540279192,-2.467119073745128,-2.203763711885739,-1.1326820136639089,0.8520017931310464,0.0276095004332277,2.555432810663961,0.1169473769835339,1.7270125329588015
30.0,186.0,130.14947509765625,-0.0265878033432111,1.6057191627870409,-2.471715409892107,-2.198689063139184,-1.1321482627601072,0.8544690238115497,0.0344679859174902,2.5581475898083745,0.1223609757607841,1.7148494574260558
30.0,186.0,130.09400939941406,-0.0268993225807057,1.609624953122047,-2.463323841560391,-2.1991398059123326,-1.1368782246200333,0.8479548448777308,0.0275958228125492,2.5572579675745946,0.1149468801703433,1.7014833006616188
30.0,186.0,217.80987548828125,-0.7399219093249991,0.6265199654248446,-3.3812386568411683,-3.115740592719888,-2.4970438835882924,0.4187495791001843,-0.1164287251613381,2.541142812644273,0.2703581298861386,2.0687642066891287
30.0,186.0,201.7044219970703,-0.6552952230338768,0.789537644755984,-3.131677153117997,-2.725862189701337,-1.327890814222953,0.7257755438118074,-0.0264966475501739,2.5879562114865826,0.2411740536822892,2.06908069814025
30.0,186.0,130.1201934814453,-0.0193041525618204,1.6070488143594968,-2.4650649202360446,-2.1933460569421865,-1.1360619178029767,0.8481488131221663,0.0267647719795372,2.554520138295232,0.1203933049514694,1.705779384571798
30.0,186.0,130.48617553710938,-0.0191590411311638,1.6333333593099637,-2.467689624213745,-2.1984011752009827,-1.1481106552319231,0.8468227819511217,0.0272462570172879,2.556337426566549,0.112707504062356,1.6700700949757932
30.0,186.0,130.0829315185547,-0.0258582259761484,1.6109680031810276,-2.4642937807572123,-2.197466798690901,-1.132460188389793,0.8474055779706137,0.0266957757819408,2.555990838368642,0.1143832802124704,1.6994602883694518
30.0,186.0,130.12234497070312,-0.0281963023023564,1.607983138766233,-2.47207220348178,-2.1982003957362166,-1.1322205757454529,0.847318403553332,0.0241631196656896,2.558210017809466,0.1219390633187435,1.7150237467066978
30.0,186.0,130.08216857910156,-0.0257587914159671,1.610558991664121,-2.4643000932343826,-2.198095761917553,-1.1331872128695446,0.8475819289434379,0.0273743082842861,2.55583922488324,0.1143184554415994,1.699544666362954
30.0,186.0,220.53668212890625,-1.2171966783311097,0.4756538204269566,-3.473961005955754,-3.088961056374514,-1.704597891261704,0.4920041034137272,-0.0918239354140258,2.562499878329205,0.3992523830963432,2.654374933471221
30.0,186.0,130.08445739746094,-0.0260319623799504,1.611553862191567,-2.463639694645504,-2.197370628813399,-1.1322512540317655,0.84620105966393,0.0260692589641849,2.5557764258896087,0.1150467739172838,1.7006023462542652
30.0,186.0,130.35809326171875,-0.0340948484825184,1.6102620213641274,-2.463826805043388,-2.211207882202118,-1.135182104912051,0.830880959072691,0.0271574301614574,2.5561225196524515,0.1164243815422453,1.7004556774305275
30.0,186.0,130.09788513183594,-0.0222357662288937,1.613043775025352,-2.4588578643544365,-2.197215012366872,-1.133685263931472,0.8477791039145226,0.0288151555250726,2.55614319343599,0.1161050641296915,1.6959009975520924
30.0,186.0,130.08108520507812,-0.0250261773745763,1.6111204351452026,-2.465333915120959,-2.1980386857714755,-1.1333015440808485,0.8481554284340346,0.0277182682113454,2.555565339686316,0.1139423806791256,1.69950081880753
30.0,186.0,130.1281280517578,-0.024946489251179,1.610505101158244,-2.463566816216729,-2.196838384034414,-1.1339131120995507,0.844041196613286,0.0313912723765421,2.5545478991956867,0.1125087909700618,1.7094869002814268
30.0,186.0,205.4263153076172,-1.0610826982318322,0.7387432132212964,-3.5269101097837323,-2.588175478326636,-1.3746018730768372,0.7544874944278932,-0.0259144887775997,2.5909527780546773,0.210068459110206,2.063579531483645
30.0,186.0,130.08724975585938,-0.0258211603436791,1.6088124398703267,-2.4649588028508043,-2.196965078123016,-1.1338216317949084,0.8469949939055862,0.0246561802592669,2.557308696133163,0.1138817767316058,1.6999155656496532
30.0,186.0,130.12106323242188,-0.0268418524415132,1.607971210081246,-2.4712624494244704,-2.199058154505161,-1.1332600567613618,0.8443475714739972,0.0232630546507814,2.5573724150402186,0.1239606100015764,1.7152180370041608
30.0,186.0,130.1245880126953,-0.0256515987366993,1.6087011634792323,-2.4640186804912303,-2.1973753085354883,-1.1282278785645965,0.8496377920824078,0.0261518172336887,2.556570851570908,0.1141166158235702,1.6839417823636842
30.0,186.0,203.7299041748047,-1.4671963034076896,0.7718039591814964,-3.521820860113768,-2.7055890962796987,-1.3850800460590984,0.7492558679810841,0.0041742840984898,2.5864682179734686,0.2295821296873494,1.9406396168518183
30.0,186.0,240.0376892089844,-0.818985015422538,0.7325545795717203,-3.463958090524869,-3.1745869837099026,-1.9281247841715203,0.2058466922336207,-0.3766659363291286,2.6001316734345754,0.2265875295001577,2.1979228280822705
30.0,186.0,130.26754760742188,-0.0084750144436636,1.6072844134809103,-2.463706412703275,-2.199346820661477,-1.1254071230818654,0.8479786080935737,0.0276870905367034,2.5462963346269065,0.1143894970013904,1.69639496433215
30.0,186.0,130.0828857421875,-0.025676756743078,1.61070549201148,-2.464136469819893,-2.198760876695297,-1.135857292700799,0.8475498782136376,0.0274288984585666,2.555915617686276,0.1147649348956948,1.6988869781128155
30.0,186.0,130.0889434814453,-0.0262120006260491,1.6116446184139568,-2.463700024377842,-2.196276865595672,-1.1355655887036251,0.8468663355111264,0.0279346762413893,2.557102676994091,0.1156882813719223,1.7034284444415886
30.0,186.0,130.1483154296875,-0.0275914564491359,1.6025853398429613,-2.4696357611751845,-2.2066023363701146,-1.1327268692418329,0.8490465012714042,0.0273886671575012,2.557676004069114,0.1189562630161606,1.7028423325895643
30.0,186.0,130.09596252441406,-0.0267700017881518,1.607963802271796,-2.463894573138408,-2.1968028580641845,-1.135257649520309,0.8493750549085285,0.025443114961393,2.556572105823862,0.1131479800481685,1.7007746024894883
30.0,186.0,189.8350372314453,-0.1826832746806023,1.2246924260983767,-3.051692949797575,-2.5251921961081663,-1.2384936766473484,0.6872030904694896,-0.0825022686502461,2.5307295125858014,0.2549907431703788,2.0724364628185
30.0,186.0,130.08135986328125,-0.0250580741535934,1.6107279095684497,-2.4663251624943183,-2.1990080236866056,-1.1339423894445089,0.8476374351511122,0.0257827442250956,2.555977844874568,0.1139095044142058,1.7014814723417673
30.0,186.0,130.08673095703125,-0.0259249521584827,1.6111617920405366,-2.4638036946707764,-2.196573498713516,-1.1354040681667157,0.847146053938228,0.0273478988437227,2.5568787872229315,0.1157501387388378,1.69962402858483
30.0,186.0,245.99302673339844,-0.7494604562313425,0.5827624451646062,-3.1978432976312727,-2.930434860001456,-2.589522757468941,0.4511330050359632,-0.2349149109541924,2.459352546895984,0.2558733024443547,1.86071018527782
30.0,186.0,210.119873046875,-0.7610068930568665,0.5642124147423887,-3.726421416211226,-2.7995431788777383,-1.3708891968054873,0.679066308131347,0.0234932080174868,2.5843400721228726,0.297657964549431,2.1950618999519365
30.0,186.0,130.0970001220703,-0.0266400754544768,1.6080811707817129,-2.469143285511299,-2.201741422134297,-1.1362336051908095,0.8429304559891113,0.0208751053518192,2.555642669695219,0.1158560511393114,1.708619194920999
30.0,186.0,130.2767333984375,-0.0240637631694596,1.6108344525362686,-2.4752290461804702,-2.190764776703209,-1.1348104385095532,0.8480471037957471,0.0278081206919716,2.558030445258717,0.1116551548982277,1.7197582883486644
30.0,186.0,205.575927734375,-0.8160173862793221,0.5906195673798553,-3.5501247184478806,-2.9220737949502533,-1.5276746941164658,0.7254873283981647,-0.0189028447691116,2.5943872451814447,0.2168908645567235,1.9760531472632008
30.0,186.0,130.08982849121094,-0.0233474162319066,1.6073084276699554,-2.469511058787664,-2.199027963360765,-1.132742695049342,0.8481895087352045,0.02714219602782,2.5564362158337888,0.1200762306886401,1.7167310427905984
30.0,186.0,130.13604736328125,-0.0267396651632382,1.610495599171629,-2.4675606257733462,-2.1984880267829965,-1.1345926657536445,0.8494027808217821,0.0227338578217601,2.55588411649134,0.1070710568799206,1.6967991982667254
30.0,186.0,130.0868377685547,-0.0257272750737325,1.610648524400433,-2.4671271232108087,-2.19776063087741,-1.1328344971239723,0.8452002437575645,0.0263387031453114,2.5556971989859543,0.114027673353147,1.7019460562924216
30.0,186.0,130.7325439453125,-0.0174304982398163,1.6097558683626787,-2.496839976364868,-2.20286734480862,-1.1245441079221736,0.8507478314258827,0.018212352797837,2.5567545385483363,0.1181929985504311,1.681529723757322
30.0,186.0,130.08766174316406,-0.0270540325527491,1.6112444861359576,-2.463956678022418,-2.197050755962588,-1.1321403587725831,0.8475949377442009,0.0240395496408236,2.554102338965994,0.1109608374398743,1.6956122268400953
30.0,186.0,130.10411071777344,-0.0233487755122673,1.607905008380489,-2.464275371932697,-2.1951429585527378,-1.1350753473522563,0.8497962887793008,0.0240718104989148,2.5563652728590127,0.1117946436450674,1.7013596539651168
30.0,186.0,130.10484313964844,-0.0269881560660159,1.6094651809619185,-2.4648367646154696,-2.194418292054729,-1.1315634036972522,0.8471550104277314,0.022784639415949,2.557876355450132,0.1149686869919753,1.699906251702246
30.0,186.0,130.0791473388672,-0.0244843745361882,1.608315023996127,-2.465422869550874,-2.197807054466305,-1.1336790673736905,0.848045523371442,0.0272356747228321,2.552860904142493,0.114087478866539,1.698683783494457
30.0,186.0,131.2361602783203,-0.0220692456970595,1.59744718855561,-2.4749331952861127,-2.242386412278529,-1.1309225678285506,0.8523441005269395,0.033251440959556,2.5580831916685187,0.1558555047697084,1.8390339515386167
30.0,187.0,130.08706665039062,-0.0268215443462787,1.6098540217857014,-2.46403769562482,-2.1967828871056394,-1.135938910610692,0.847752979648084,0.0268838171900771,2.556287737654379,0.1156623813214139,1.7019411288653454
30.0,187.0,191.49087524414065,-0.0901293286474651,1.5875638041460998,-2.9141419246438227,-2.429761429223529,-1.2925419966557643,0.6956893325244287,0.0466295355410203,2.5839420520350784,0.174268899838816,1.6931646284412878
30.0,187.0,130.0800018310547,-0.0236980391134553,1.610427715058529,-2.4631412039681235,-2.1987181579718422,-1.1336038791991887,0.8478221618066852,0.0263386249220797,2.5512294288769803,0.1137275782729303,1.6985162159480909
30.0,187.0,205.40724182128903,-1.2471719392371754,0.7338063691250966,-3.6956164114227614,-2.6893020048638974,-1.4361633841990469,0.7509499775402746,-0.0265320376388999,2.5844589496606782,0.2214973721181175,2.0621365244733765
30.0,187.0,130.09938049316406,-0.0245936510991567,1.6073947409053235,-2.466882331139572,-2.197852811504834,-1.1312168179101605,0.8451025685042493,0.0276286700611162,2.553322510819275,0.1194399985851741,1.7126001356914784
30.0,187.0,130.0894775390625,-0.0259665740589158,1.6073564167857517,-2.463775824348148,-2.196693957459018,-1.1352225935164328,0.8467689867716551,0.027414451420508,2.5573204457858543,0.1154953977585901,1.7021456918034046
30.0,187.0,130.1520233154297,-0.0258956935877538,1.6084470540279192,-2.467119073745128,-2.203763711885739,-1.1326820136639089,0.8520017931310464,0.0276095004332277,2.555432810663961,0.1169473769835339,1.7270125329588015
30.0,187.0,130.14947509765625,-0.0265878033432111,1.6057191627870409,-2.471715409892107,-2.198689063139184,-1.1321482627601072,0.8544690238115497,0.0344679859174902,2.5581475898083745,0.1223609757607841,1.7148494574260558
30.0,187.0,130.09400939941406,-0.0268993225807057,1.609624953122047,-2.463323841560391,-2.1991398059123326,-1.1368782246200333,0.8479548448777308,0.0275958228125492,2.5572579675745946,0.1149468801703433,1.7014833006616188
30.0,187.0,217.80987548828125,-0.7399219093249991,0.6265199654248446,-3.3812386568411683,-3.115740592719888,-2.4970438835882924,0.4187495791001843,-0.1164287251613381,2.541142812644273,0.2703581298861386,2.0687642066891287
30.0,187.0,201.7044219970703,-0.6552952230338768,0.789537644755984,-3.131677153117997,-2.725862189701337,-1.327890814222953,0.7257755438118074,-0.0264966475501739,2.5879562114865826,0.2411740536822892,2.06908069814025
30.0,187.0,130.11953735351562,-0.0270089319479494,1.607756401198258,-2.4651447120416448,-2.200995224954983,-1.134224198219833,0.8486647570928968,0.0273307569409575,2.5603058612008973,0.1138665179680518,1.7049805234456548
30.0,187.0,130.48617553710938,-0.0191590411311638,1.6333333593099637,-2.467689624213745,-2.1984011752009827,-1.1481106552319231,0.8468227819511217,0.0272462570172879,2.556337426566549,0.112707504062356,1.6700700949757932
30.0,187.0,130.0829315185547,-0.0258582259761484,1.6109680031810276,-2.4642937807572123,-2.197466798690901,-1.132460188389793,0.8474055779706137,0.0266957757819408,2.555990838368642,0.1143832802124704,1.6994602883694518
30.0,187.0,130.12234497070312,-0.0281963023023564,1.607983138766233,-2.47207220348178,-2.1982003957362166,-1.1322205757454529,0.847318403553332,0.0241631196656896,2.558210017809466,0.1219390633187435,1.7150237467066978
30.0,187.0,130.08216857910156,-0.0257587914159671,1.610558991664121,-2.4643000932343826,-2.198095761917553,-1.1331872128695446,0.8475819289434379,0.0273743082842861,2.55583922488324,0.1143184554415994,1.699544666362954
30.0,187.0,220.53668212890625,-1.2171966783311097,0.4756538204269566,-3.473961005955754,-3.088961056374514,-1.704597891261704,0.4920041034137272,-0.0918239354140258,2.562499878329205,0.3992523830963432,2.654374933471221
30.0,187.0,130.0843505859375,-0.0254445097188256,1.607077069129058,-2.463705899609557,-2.19680473981799,-1.1349380462865106,0.8479954485237671,0.0263967299191131,2.5528123386289945,0.1143145832150907,1.6996197308353025
30.0,187.0,130.14093017578125,-0.024374251244518,1.6036055470698114,-2.462053634180837,-2.198448142323901,-1.135154179386482,0.8445455972079928,0.0270332968060635,2.547935552220997,0.1144487988106299,1.6939028298886525
30.0,187.0,130.09788513183594,-0.0222357662288937,1.613043775025352,-2.4588578643544365,-2.197215012366872,-1.133685263931472,0.8477791039145226,0.0288151555250726,2.55614319343599,0.1161050641296915,1.6959009975520924
30.0,187.0,130.07989501953125,-0.0237644494816121,1.607890293622129,-2.46685463039234,-2.197317185080266,-1.1338517846764908,0.8477710367803527,0.0266763403213427,2.552348492994787,0.1142076247273329,1.698491153235851
30.0,187.0,130.1281280517578,-0.024946489251179,1.610505101158244,-2.463566816216729,-2.196838384034414,-1.1339131120995507,0.844041196613286,0.0313912723765421,2.5545478991956867,0.1125087909700618,1.7094869002814268
30.0,187.0,205.4263153076172,-1.0610826982318322,0.7387432132212964,-3.5269101097837323,-2.588175478326636,-1.3746018730768372,0.7544874944278932,-0.0259144887775997,2.5909527780546773,0.210068459110206,2.063579531483645
30.0,187.0,130.08724975585938,-0.0258211603436791,1.6088124398703267,-2.4649588028508043,-2.196965078123016,-1.1338216317949084,0.8469949939055862,0.0246561802592669,2.557308696133163,0.1138817767316058,1.6999155656496532
30.0,187.0,130.12106323242188,-0.0268418524415132,1.607971210081246,-2.4712624494244704,-2.199058154505161,-1.1332600567613618,0.8443475714739972,0.0232630546507814,2.5573724150402186,0.1239606100015764,1.7152180370041608
30.0,187.0,130.1245880126953,-0.0256515987366993,1.6087011634792323,-2.4640186804912303,-2.1973753085354883,-1.1282278785645965,0.8496377920824078,0.0261518172336887,2.556570851570908,0.1141166158235702,1.6839417823636842
30.0,187.0,203.7299041748047,-1.4671963034076896,0.7718039591814964,-3.521820860113768,-2.7055890962796987,-1.3850800460590984,0.7492558679810841,0.0041742840984898,2.5864682179734686,0.2295821296873494,1.9406396168518183
30.0,187.0,240.0376892089844,-0.818985015422538,0.7325545795717203,-3.463958090524869,-3.1745869837099026,-1.9281247841715203,0.2058466922336207,-0.3766659363291286,2.6001316734345754,0.2265875295001577,2.1979228280822705
30.0,187.0,130.2532958984375,-0.0196987984257992,1.606727941653182,-2.4660145269078133,-2.197649707438913,-1.1268501481692257,0.8474551416869448,0.0270184323455547,2.539709697220113,0.1143869767674694,1.6986084548419054
30.0,187.0,130.0828857421875,-0.025676756743078,1.61070549201148,-2.464136469819893,-2.198760876695297,-1.135857292700799,0.8475498782136376,0.0274288984585666,2.555915617686276,0.1147649348956948,1.6988869781128155
30.0,187.0,130.08694458007812,-0.0246155912173918,1.6062988839297936,-2.4667243928887763,-2.1996071688658008,-1.134827380003311,0.8471540132984053,0.0269870012840738,2.552074204612605,0.1138392206924763,1.7037043891976753
30.0,187.0,130.1483154296875,-0.0275914564491359,1.6025853398429613,-2.4696357611751845,-2.2066023363701146,-1.1327268692418329,0.8490465012714042,0.0273886671575012,2.557676004069114,0.1189562630161606,1.7028423325895643
30.0,187.0,130.09596252441406,-0.0267700017881518,1.607963802271796,-2.463894573138408,-2.1968028580641845,-1.135257649520309,0.8493750549085285,0.025443114961393,2.556572105823862,0.1131479800481685,1.7007746024894883
30.0,187.0,189.8350372314453,-0.1826832746806023,1.2246924260983767,-3.051692949797575,-2.5251921961081663,-1.2384936766473484,0.6872030904694896,-0.0825022686502461,2.5307295125858014,0.2549907431703788,2.0724364628185
30.0,187.0,130.08135986328125,-0.0250580741535934,1.6107279095684497,-2.4663251624943183,-2.1990080236866056,-1.1339423894445089,0.8476374351511122,0.0257827442250956,2.555977844874568,0.1139095044142058,1.7014814723417673
30.0,187.0,130.08673095703125,-0.0259249521584827,1.6111617920405366,-2.4638036946707764,-2.196573498713516,-1.1354040681667157,0.847146053938228,0.0273478988437227,2.5568787872229315,0.1157501387388378,1.69962402858483
30.0,187.0,245.99302673339844,-0.7494604562313425,0.5827624451646062,-3.1978432976312727,-2.930434860001456,-2.589522757468941,0.4511330050359632,-0.2349149109541924,2.459352546895984,0.2558733024443547,1.86071018527782
30.0,187.0,210.119873046875,-0.7610068930568665,0.5642124147423887,-3.726421416211226,-2.7995431788777383,-1.3708891968054873,0.679066308131347,0.0234932080174868,2.5843400721228726,0.297657964549431,2.1950618999519365
30.0,187.0,130.08694458007812,-0.0247075400752929,1.608216748118546,-2.463311662188903,-2.1980082097870994,-1.135886953669693,0.8435495529890962,0.0257639478064996,2.5508346099717527,0.1123226896534955,1.7011989545867905
30.0,187.0,130.2767333984375,-0.0240637631694596,1.6108344525362686,-2.4752290461804702,-2.190764776703209,-1.1348104385095532,0.8480471037957471,0.0278081206919716,2.558030445258717,0.1116551548982277,1.7197582883486644
30.0,187.0,205.575927734375,-0.8160173862793221,0.5906195673798553,-3.5501247184478806,-2.9220737949502533,-1.5276746941164658,0.7254873283981647,-0.0189028447691116,2.5943872451814447,0.2168908645567235,1.9760531472632008
30.0,187.0,130.08982849121094,-0.0233474162319066,1.6073084276699554,-2.469511058787664,-2.199027963360765,-1.132742695049342,0.8481895087352045,0.02714219602782,2.5564362158337888,0.1200762306886401,1.7167310427905984
30.0,187.0,130.13604736328125,-0.0267396651632382,1.610495599171629,-2.4675606257733462,-2.1984880267829965,-1.1345926657536445,0.8494027808217821,0.0227338578217601,2.55588411649134,0.1070710568799206,1.6967991982667254
30.0,187.0,130.0868377685547,-0.0257272750737325,1.610648524400433,-2.4671271232108087,-2.19776063087741,-1.1328344971239723,0.8452002437575645,0.0263387031453114,2.5556971989859543,0.114027673353147,1.7019460562924216
30.0,187.0,130.7325439453125,-0.0174304982398163,1.6097558683626787,-2.496839976364868,-2.20286734480862,-1.1245441079221736,0.8507478314258827,0.018212352797837,2.5567545385483363,0.1181929985504311,1.681529723757322
30.0,187.0,130.08766174316406,-0.0270540325527491,1.6112444861359576,-2.463956678022418,-2.197050755962588,-1.1321403587725831,0.8475949377442009,0.0240395496408236,2.554102338965994,0.1109608374398743,1.6956122268400953
30.0,187.0,130.09027099609375,-0.0266469870406167,1.612679119567637,-2.464266040676901,-2.196687735385816,-1.1349587281955948,0.8468649165662714,0.0252904680119083,2.552772267364576,0.1102017050953889,1.6978413208103986
30.0,187.0,130.10484313964844,-0.0269881560660159,1.6094651809619185,-2.4648367646154696,-2.194418292054729,-1.1315634036972522,0.8471550104277314,0.022784639415949,2.557876355450132,0.1149686869919753,1.699906251702246
30.0,187.0,130.0791473388672,-0.0244843745361882,1.608315023996127,-2.465422869550874,-2.197807054466305,-1.1336790673736905,0.848045523371442,0.0272356747228321,2.552860904142493,0.114087478866539,1.698683783494457
30.0,187.0,131.2361602783203,-0.0220692456970595,1.59744718855561,-2.4749331952861127,-2.242386412278529,-1.1309225678285506,0.8523441005269395,0.033251440959556,2.5580831916685187,0.1558555047697084,1.8390339515386167
30.0,188.0,130.08706665039062,-0.0268215443462787,1.6098540217857014,-2.46403769562482,-2.1967828871056394,-1.135938910610692,0.847752979648084,0.0268838171900771,2.556287737654379,0.1156623813214139,1.7019411288653454
30.0,188.0,191.49087524414065,-0.0901293286474651,1.5875638041460998,-2.9141419246438227,-2.429761429223529,-1.2925419966557643,0.6956893325244287,0.0466295355410203,2.5839420520350784,0.174268899838816,1.6931646284412878
30.0,188.0,130.0800018310547,-0.0236980391134553,1.610427715058529,-2.4631412039681235,-2.1987181579718422,-1.1336038791991887,0.8478221618066852,0.0263386249220797,2.5512294288769803,0.1137275782729303,1.6985162159480909
30.0,188.0,205.40724182128903,-1.2471719392371754,0.7338063691250966,-3.6956164114227614,-2.6893020048638974,-1.4361633841990469,0.7509499775402746,-0.0265320376388999,2.5844589496606782,0.2214973721181175,2.0621365244733765
30.0,188.0,130.09817504882812,-0.026868625775325,1.6103223829798765,-2.466582781437705,-2.1968476170355085,-1.1341353888640284,0.8490199001385887,0.0270482780172887,2.55493720164398,0.1150644361429352,1.6916899980104634
30.0,188.0,130.0894775390625,-0.0259665740589158,1.6073564167857517,-2.463775824348148,-2.196693957459018,-1.1352225935164328,0.8467689867716551,0.027414451420508,2.5573204457858543,0.1154953977585901,1.7021456918034046
30.0,188.0,130.1520233154297,-0.0258956935877538,1.6084470540279192,-2.467119073745128,-2.203763711885739,-1.1326820136639089,0.8520017931310464,0.0276095004332277,2.555432810663961,0.1169473769835339,1.7270125329588015
30.0,188.0,130.14947509765625,-0.0265878033432111,1.6057191627870409,-2.471715409892107,-2.198689063139184,-1.1321482627601072,0.8544690238115497,0.0344679859174902,2.5581475898083745,0.1223609757607841,1.7148494574260558
30.0,188.0,130.09400939941406,-0.0268993225807057,1.609624953122047,-2.463323841560391,-2.1991398059123326,-1.1368782246200333,0.8479548448777308,0.0275958228125492,2.5572579675745946,0.1149468801703433,1.7014833006616188
30.0,188.0,217.80987548828125,-0.7399219093249991,0.6265199654248446,-3.3812386568411683,-3.115740592719888,-2.4970438835882924,0.4187495791001843,-0.1164287251613381,2.541142812644273,0.2703581298861386,2.0687642066891287
30.0,188.0,201.7044219970703,-0.6552952230338768,0.789537644755984,-3.131677153117997,-2.725862189701337,-1.327890814222953,0.7257755438118074,-0.0264966475501739,2.5879562114865826,0.2411740536822892,2.06908069814025
30.0,188.0,130.11953735351562,-0.0270089319479494,1.607756401198258,-2.4651447120416448,-2.200995224954983,-1.134224198219833,0.8486647570928968,0.0273307569409575,2.5603058612008973,0.1138665179680518,1.7049805234456548
30.0,188.0,130.48617553710938,-0.0191590411311638,1.6333333593099637,-2.467689624213745,-2.1984011752009827,-1.1481106552319231,0.8468227819511217,0.0272462570172879,2.556337426566549,0.112707504062356,1.6700700949757932
30.0,188.0,130.0829315185547,-0.0258582259761484,1.6109680031810276,-2.4642937807572123,-2.197466798690901,-1.132460188389793,0.8474055779706137,0.0266957757819408,2.555990838368642,0.1143832802124704,1.6994602883694518
30.0,188.0,130.12234497070312,-0.0281963023023564,1.607983138766233,-2.47207220348178,-2.1982003957362166,-1.1322205757454529,0.847318403553332,0.0241631196656896,2.558210017809466,0.1219390633187435,1.7150237467066978
30.0,188.0,130.08216857910156,-0.0257587914159671,1.610558991664121,-2.4643000932343826,-2.198095761917553,-1.1331872128695446,0.8475819289434379,0.0273743082842861,2.55583922488324,0.1143184554415994,1.699544666362954
30.0,188.0,220.53668212890625,-1.2171966783311097,0.4756538204269566,-3.473961005955754,-3.088961056374514,-1.704597891261704,0.4920041034137272,-0.0918239354140258,2.562499878329205,0.3992523830963432,2.654374933471221
30.0,188.0,130.0843505859375,-0.0254445097188256,1.607077069129058,-2.463705899609557,-2.19680473981799,-1.1349380462865106,0.8479954485237671,0.0263967299191131,2.5528123386289945,0.1143145832150907,1.6996197308353025
30.0,188.0,130.10623168945312,-0.0206375313246892,1.607123744874487,-2.4630694973374467,-2.1921431906248574,-1.132725908965267,0.8514911653950833,0.0272841212529834,2.554462682686685,0.1131268192074772,1.6935258743755346
30.0,188.0,130.09788513183594,-0.0222357662288937,1.613043775025352,-2.4588578643544365,-2.197215012366872,-1.133685263931472,0.8477791039145226,0.0288151555250726,2.55614319343599,0.1161050641296915,1.6959009975520924
30.0,188.0,130.07989501953125,-0.0237644494816121,1.607890293622129,-2.46685463039234,-2.197317185080266,-1.1338517846764908,0.8477710367803527,0.0266763403213427,2.552348492994787,0.1142076247273329,1.698491153235851
30.0,188.0,130.1214141845703,-0.0247517911153126,1.6141809881452251,-2.464451987301555,-2.19242410979689,-1.1349627095653605,0.8517469015733573,0.0276063314295775,2.5516225133756194,0.1136554517552269,1.6910735996421384
30.0,188.0,205.4263153076172,-1.0610826982318322,0.7387432132212964,-3.5269101097837323,-2.588175478326636,-1.3746018730768372,0.7544874944278932,-0.0259144887775997,2.5909527780546773,0.210068459110206,2.063579531483645
30.0,188.0,130.08724975585938,-0.0258211603436791,1.6088124398703267,-2.4649588028508043,-2.196965078123016,-1.1338216317949084,0.8469949939055862,0.0246561802592669,2.557308696133163,0.1138817767316058,1.6999155656496532
30.0,188.0,130.12106323242188,-0.0268418524415132,1.607971210081246,-2.4712624494244704,-2.199058154505161,-1.1332600567613618,0.8443475714739972,0.0232630546507814,2.5573724150402186,0.1239606100015764,1.7152180370041608
30.0,188.0,130.1245880126953,-0.0256515987366993,1.6087011634792323,-2.4640186804912303,-2.1973753085354883,-1.1282278785645965,0.8496377920824078,0.0261518172336887,2.556570851570908,0.1141166158235702,1.6839417823636842
30.0,188.0,203.7299041748047,-1.4671963034076896,0.7718039591814964,-3.521820860113768,-2.7055890962796987,-1.3850800460590984,0.7492558679810841,0.0041742840984898,2.5864682179734686,0.2295821296873494,1.9406396168518183
30.0,188.0,240.0376892089844,-0.818985015422538,0.7325545795717203,-3.463958090524869,-3.1745869837099026,-1.9281247841715203,0.2058466922336207,-0.3766659363291286,2.6001316734345754,0.2265875295001577,2.1979228280822705
30.0,188.0,130.12493896484375,-0.0288315131243721,1.6087023973289436,-2.4660020343270355,-2.197116179226099,-1.139804534762212,0.8482467282128991,0.0269301226637388,2.558928966101325,0.1139007168042767,1.6996126142447217
30.0,188.0,130.08267211914062,-0.0243763908850357,1.6109255404292318,-2.463057711405373,-2.198672108857231,-1.13738901821702,0.8473731026027048,0.0276755166021694,2.55394288860049,0.1143746083734161,1.6981581412760536
30.0,188.0,130.08694458007812,-0.0246155912173918,1.6062988839297936,-2.4667243928887763,-2.1996071688658008,-1.134827380003311,0.8471540132984053,0.0269870012840738,2.552074204612605,0.1138392206924763,1.7037043891976753
30.0,188.0,130.1483154296875,-0.0275914564491359,1.6025853398429613,-2.4696357611751845,-2.2066023363701146,-1.1327268692418329,0.8490465012714042,0.0273886671575012,2.557676004069114,0.1189562630161606,1.7028423325895643
30.0,188.0,130.09596252441406,-0.0267700017881518,1.607963802271796,-2.463894573138408,-2.1968028580641845,-1.135257649520309,0.8493750549085285,0.025443114961393,2.556572105823862,0.1131479800481685,1.7007746024894883
30.0,188.0,189.8350372314453,-0.1826832746806023,1.2246924260983767,-3.051692949797575,-2.5251921961081663,-1.2384936766473484,0.6872030904694896,-0.0825022686502461,2.5307295125858014,0.2549907431703788,2.0724364628185
30.0,188.0,130.08135986328125,-0.0250580741535934,1.6107279095684497,-2.4663251624943183,-2.1990080236866056,-1.1339423894445089,0.8476374351511122,0.0257827442250956,2.555977844874568,0.1139095044142058,1.7014814723417673
30.0,188.0,130.08673095703125,-0.0259249521584827,1.6111617920405366,-2.4638036946707764,-2.196573498713516,-1.1354040681667157,0.847146053938228,0.0273478988437227,2.5568787872229315,0.1157501387388378,1.69962402858483
30.0,188.0,245.99302673339844,-0.7494604562313425,0.5827624451646062,-3.1978432976312727,-2.930434860001456,-2.589522757468941,0.4511330050359632,-0.2349149109541924,2.459352546895984,0.2558733024443547,1.86071018527782
30.0,188.0,210.119873046875,-0.7610068930568665,0.5642124147423887,-3.726421416211226,-2.7995431788777383,-1.3708891968054873,0.679066308131347,0.0234932080174868,2.5843400721228726,0.297657964549431,2.1950618999519365
30.0,188.0,130.08694458007812,-0.0247075400752929,1.608216748118546,-2.463311662188903,-2.1980082097870994,-1.135886953669693,0.8435495529890962,0.0257639478064996,2.5508346099717527,0.1123226896534955,1.7011989545867905
30.0,188.0,130.234619140625,-0.0408021085323822,1.6077220975253022,-2.46963965058675,-2.193901100743827,-1.1336819169106849,0.848721274957854,0.027070070541765,2.556042437729195,0.1138237671124383,1.6880706911750911
30.0,188.0,205.575927734375,-0.8160173862793221,0.5906195673798553,-3.5501247184478806,-2.9220737949502533,-1.5276746941164658,0.7254873283981647,-0.0189028447691116,2.5943872451814447,0.2168908645567235,1.9760531472632008
30.0,188.0,130.08819580078125,-0.0242767089351155,1.6082968984282435,-2.4652274702560675,-2.197823209549141,-1.1330639795444375,0.8485018106229617,0.0290700499567795,2.5521798114591148,0.10992361349204,1.6939003059661917
30.0,188.0,130.13604736328125,-0.0267396651632382,1.610495599171629,-2.4675606257733462,-2.1984880267829965,-1.1345926657536445,0.8494027808217821,0.0227338578217601,2.55588411649134,0.1070710568799206,1.6967991982667254
30.0,188.0,130.0868377685547,-0.0257272750737325,1.610648524400433,-2.4671271232108087,-2.19776063087741,-1.1328344971239723,0.8452002437575645,0.0263387031453114,2.5556971989859543,0.114027673353147,1.7019460562924216
30.0,188.0,130.7325439453125,-0.0174304982398163,1.6097558683626787,-2.496839976364868,-2.20286734480862,-1.1245441079221736,0.8507478314258827,0.018212352797837,2.5567545385483363,0.1181929985504311,1.681529723757322
30.0,188.0,130.08766174316406,-0.0270540325527491,1.6112444861359576,-2.463956678022418,-2.197050755962588,-1.1321403587725831,0.8475949377442009,0.0240395496408236,2.554102338965994,0.1109608374398743,1.6956122268400953
30.0,188.0,130.082275390625,-0.0223025448142522,1.6109910734424546,-2.46486280895181,-2.1984467293495147,-1.1359776978053675,0.8463987187976559,0.0278954014718778,2.551831416281729,0.1148877218392649,1.697498056596232
30.0,188.0,130.10484313964844,-0.0269881560660159,1.6094651809619185,-2.4648367646154696,-2.194418292054729,-1.1315634036972522,0.8471550104277314,0.022784639415949,2.557876355450132,0.1149686869919753,1.699906251702246
30.0,188.0,130.0791473388672,-0.0244843745361882,1.608315023996127,-2.465422869550874,-2.197807054466305,-1.1336790673736905,0.848045523371442,0.0272356747228321,2.552860904142493,0.114087478866539,1.698683783494457
30.0,188.0,131.2361602783203,-0.0220692456970595,1.59744718855561,-2.4749331952861127,-2.242386412278529,-1.1309225678285506,0.8523441005269395,0.033251440959556,2.5580831916685187,0.1558555047697084,1.8390339515386167
30.0,189.0,130.08706665039062,-0.0268215443462787,1.6098540217857014,-2.46403769562482,-2.1967828871056394,-1.135938910610692,0.847752979648084,0.0268838171900771,2.556287737654379,0.1156623813214139,1.7019411288653454
30.0,189.0,179.88331604003906,-0.0791377653528476,1.5439114556294815,-2.238088585397545,-1.989568097892792,-1.095160658011221,0.8602103446022008,0.0131522009583411,2.568107202890672,0.0034032356307205,1.6719146260925035
30.0,189.0,130.0800018310547,-0.0236980391134553,1.610427715058529,-2.4631412039681235,-2.1987181579718422,-1.1336038791991887,0.8478221618066852,0.0263386249220797,2.5512294288769803,0.1137275782729303,1.6985162159480909
30.0,189.0,205.40724182128903,-1.2471719392371754,0.7338063691250966,-3.6956164114227614,-2.6893020048638974,-1.4361633841990469,0.7509499775402746,-0.0265320376388999,2.5844589496606782,0.2214973721181175,2.0621365244733765
30.0,189.0,130.09185791015625,-0.0265825713155607,1.6101704867384738,-2.4650026548103305,-2.1993204000821907,-1.13274400588047,0.847772725541472,0.0275443186297925,2.55358194145145,0.112756691949467,1.7034016270724486
30.0,189.0,130.0894775390625,-0.0259665740589158,1.6073564167857517,-2.463775824348148,-2.196693957459018,-1.1352225935164328,0.8467689867716551,0.027414451420508,2.5573204457858543,0.1154953977585901,1.7021456918034046
30.0,189.0,130.1520233154297,-0.0258956935877538,1.6084470540279192,-2.467119073745128,-2.203763711885739,-1.1326820136639089,0.8520017931310464,0.0276095004332277,2.555432810663961,0.1169473769835339,1.7270125329588015
30.0,189.0,130.14947509765625,-0.0265878033432111,1.6057191627870409,-2.471715409892107,-2.198689063139184,-1.1321482627601072,0.8544690238115497,0.0344679859174902,2.5581475898083745,0.1223609757607841,1.7148494574260558
30.0,189.0,130.09400939941406,-0.0268993225807057,1.609624953122047,-2.463323841560391,-2.1991398059123326,-1.1368782246200333,0.8479548448777308,0.0275958228125492,2.5572579675745946,0.1149468801703433,1.7014833006616188
30.0,189.0,217.80987548828125,-0.7399219093249991,0.6265199654248446,-3.3812386568411683,-3.115740592719888,-2.4970438835882924,0.4187495791001843,-0.1164287251613381,2.541142812644273,0.2703581298861386,2.0687642066891287
30.0,189.0,201.7044219970703,-0.6552952230338768,0.789537644755984,-3.131677153117997,-2.725862189701337,-1.327890814222953,0.7257755438118074,-0.0264966475501739,2.5879562114865826,0.2411740536822892,2.06908069814025
30.0,189.0,130.11953735351562,-0.0270089319479494,1.607756401198258,-2.4651447120416448,-2.200995224954983,-1.134224198219833,0.8486647570928968,0.0273307569409575,2.5603058612008973,0.1138665179680518,1.7049805234456548
30.0,189.0,130.48617553710938,-0.0191590411311638,1.6333333593099637,-2.467689624213745,-2.1984011752009827,-1.1481106552319231,0.8468227819511217,0.0272462570172879,2.556337426566549,0.112707504062356,1.6700700949757932
30.0,189.0,130.0829315185547,-0.0258582259761484,1.6109680031810276,-2.4642937807572123,-2.197466798690901,-1.132460188389793,0.8474055779706137,0.0266957757819408,2.555990838368642,0.1143832802124704,1.6994602883694518
30.0,189.0,130.12234497070312,-0.0281963023023564,1.607983138766233,-2.47207220348178,-2.1982003957362166,-1.1322205757454529,0.847318403553332,0.0241631196656896,2.558210017809466,0.1219390633187435,1.7150237467066978
30.0,189.0,130.08216857910156,-0.0257587914159671,1.610558991664121,-2.4643000932343826,-2.198095761917553,-1.1331872128695446,0.8475819289434379,0.0273743082842861,2.55583922488324,0.1143184554415994,1.699544666362954
30.0,189.0,220.53668212890625,-1.2171966783311097,0.4756538204269566,-3.473961005955754,-3.088961056374514,-1.704597891261704,0.4920041034137272,-0.0918239354140258,2.562499878329205,0.3992523830963432,2.654374933471221
30.0,189.0,130.08148193359375,-0.024665353276886,1.6080530152934869,-2.466010624935876,-2.1972279730704547,-1.1322365619839687,0.8483150489147699,0.0274298992794716,2.5536380483070844,0.1143459537482358,1.6995178848194374
30.0,189.0,130.09738159179688,-0.0277318220535439,1.6095247405483049,-2.4686316138841025,-2.201770806301007,-1.133177910519065,0.8480761696780534,0.0272880096899414,2.5540238132239814,0.1135450109755566,1.6963080279353944
30.0,189.0,130.09788513183594,-0.0222357662288937,1.613043775025352,-2.4588578643544365,-2.197215012366872,-1.133685263931472,0.8477791039145226,0.0288151555250726,2.55614319343599,0.1161050641296915,1.6959009975520924
30.0,189.0,130.07894897460938,-0.024950072068827,1.6089706669806576,-2.46601723261173,-2.1976980658994187,-1.133806527334201,0.8479931008933191,0.0276592222971473,2.55425270489281,0.1139080475307854,1.699262739226594
30.0,189.0,130.09336853027344,-0.0245164306463142,1.6069191849979805,-2.465701936681393,-2.200416060111748,-1.132344847205391,0.8475839916747658,0.0274144538091342,2.551297373703301,0.1133210491294818,1.7000171228503036
30.0,189.0,205.4263153076172,-1.0610826982318322,0.7387432132212964,-3.5269101097837323,-2.588175478326636,-1.3746018730768372,0.7544874944278932,-0.0259144887775997,2.5909527780546773,0.210068459110206,2.063579531483645
30.0,189.0,130.07302856445312,-0.021601863709611,1.6090304802158366,-2.465433248617948,-2.197660870042485,-1.1335822255848234,0.8463874909612131,0.0253909823231447,2.5535066732437244,0.1144541623373936,1.6995347586002725
30.0,189.0,130.12106323242188,-0.0268418524415132,1.607971210081246,-2.4712624494244704,-2.199058154505161,-1.1332600567613618,0.8443475714739972,0.0232630546507814,2.5573724150402186,0.1239606100015764,1.7152180370041608
30.0,189.0,130.1245880126953,-0.0256515987366993,1.6087011634792323,-2.4640186804912303,-2.1973753085354883,-1.1282278785645965,0.8496377920824078,0.0261518172336887,2.556570851570908,0.1141166158235702,1.6839417823636842
30.0,189.0,203.7299041748047,-1.4671963034076896,0.7718039591814964,-3.521820860113768,-2.7055890962796987,-1.3850800460590984,0.7492558679810841,0.0041742840984898,2.5864682179734686,0.2295821296873494,1.9406396168518183
30.0,189.0,240.0376892089844,-0.818985015422538,0.7325545795717203,-3.463958090524869,-3.1745869837099026,-1.9281247841715203,0.2058466922336207,-0.3766659363291286,2.6001316734345754,0.2265875295001577,2.1979228280822705
30.0,189.0,130.12493896484375,-0.0288315131243721,1.6087023973289436,-2.4660020343270355,-2.197116179226099,-1.139804534762212,0.8482467282128991,0.0269301226637388,2.558928966101325,0.1139007168042767,1.6996126142447217
30.0,189.0,130.08267211914062,-0.0243763908850357,1.6109255404292318,-2.463057711405373,-2.198672108857231,-1.13738901821702,0.8473731026027048,0.0276755166021694,2.55394288860049,0.1143746083734161,1.6981581412760536
30.0,189.0,130.0802459716797,-0.0249628642402339,1.6087311847836323,-2.467363026998729,-2.197132804634695,-1.1348390049830592,0.8472778622690895,0.0271778134752531,2.5546083417348164,0.1136615391850877,1.6973336908566967
30.0,189.0,130.1483154296875,-0.0275914564491359,1.6025853398429613,-2.4696357611751845,-2.2066023363701146,-1.1327268692418329,0.8490465012714042,0.0273886671575012,2.557676004069114,0.1189562630161606,1.7028423325895643
30.0,189.0,130.09596252441406,-0.0267700017881518,1.607963802271796,-2.463894573138408,-2.1968028580641845,-1.135257649520309,0.8493750549085285,0.025443114961393,2.556572105823862,0.1131479800481685,1.7007746024894883
30.0,189.0,189.8350372314453,-0.1826832746806023,1.2246924260983767,-3.051692949797575,-2.5251921961081663,-1.2384936766473484,0.6872030904694896,-0.0825022686502461,2.5307295125858014,0.2549907431703788,2.0724364628185
30.0,189.0,130.08135986328125,-0.0250580741535934,1.6107279095684497,-2.4663251624943183,-2.1990080236866056,-1.1339423894445089,0.8476374351511122,0.0257827442250956,2.555977844874568,0.1139095044142058,1.7014814723417673
30.0,189.0,130.08673095703125,-0.0259249521584827,1.6111617920405366,-2.4638036946707764,-2.196573498713516,-1.1354040681667157,0.847146053938228,0.0273478988437227,2.5568787872229315,0.1157501387388378,1.69962402858483
30.0,189.0,245.99302673339844,-0.7494604562313425,0.5827624451646062,-3.1978432976312727,-2.930434860001456,-2.589522757468941,0.4511330050359632,-0.2349149109541924,2.459352546895984,0.2558733024443547,1.86071018527782
30.0,189.0,210.119873046875,-0.7610068930568665,0.5642124147423887,-3.726421416211226,-2.7995431788777383,-1.3708891968054873,0.679066308131347,0.0234932080174868,2.5843400721228726,0.297657964549431,2.1950618999519365
30.0,189.0,130.0851287841797,-0.0241387443395764,1.607929920902394,-2.464692772100721,-2.2003325234164746,-1.134913473950822,0.8450721221981081,0.0275432344480919,2.555001419768634,0.1125268314340763,1.698405709932176
30.0,189.0,130.12042236328125,-0.0290551818146068,1.607718491909326,-2.4657405434800457,-2.202381286146464,-1.133470463521071,0.8474947442967332,0.0272006437568408,2.549804766718505,0.1142466123061493,1.692530247597941
30.0,189.0,205.575927734375,-0.8160173862793221,0.5906195673798553,-3.5501247184478806,-2.9220737949502533,-1.5276746941164658,0.7254873283981647,-0.0189028447691116,2.5943872451814447,0.2168908645567235,1.9760531472632008
30.0,189.0,130.0872039794922,-0.0244024532034133,1.6084407179228983,-2.4635950073839705,-2.197544712492196,-1.132689529299468,0.8485418998844714,0.02855993495468,2.553100673210233,0.1147399450298288,1.6976989685068682
30.0,189.0,130.13185119628906,-0.0262333487320467,1.6095823953451798,-2.4661489662168607,-2.1978125661227583,-1.133216834913343,0.8500833945666004,0.0211279668358143,2.553689132656819,0.1189534622031609,1.6960067602047249
30.0,189.0,130.0868377685547,-0.0257272750737325,1.610648524400433,-2.4671271232108087,-2.19776063087741,-1.1328344971239723,0.8452002437575645,0.0263387031453114,2.5556971989859543,0.114027673353147,1.7019460562924216
30.0,189.0,130.7325439453125,-0.0174304982398163,1.6097558683626787,-2.496839976364868,-2.20286734480862,-1.1245441079221736,0.8507478314258827,0.018212352797837,2.5567545385483363,0.1181929985504311,1.681529723757322
30.0,189.0,130.08766174316406,-0.0270540325527491,1.6112444861359576,-2.463956678022418,-2.197050755962588,-1.1321403587725831,0.8475949377442009,0.0240395496408236,2.554102338965994,0.1109608374398743,1.6956122268400953
30.0,189.0,130.082275390625,-0.0223025448142522,1.6109910734424546,-2.46486280895181,-2.1984467293495147,-1.1359776978053675,0.8463987187976559,0.0278954014718778,2.551831416281729,0.1148877218392649,1.697498056596232
30.0,189.0,130.10484313964844,-0.0269881560660159,1.6094651809619185,-2.4648367646154696,-2.194418292054729,-1.1315634036972522,0.8471550104277314,0.022784639415949,2.557876355450132,0.1149686869919753,1.699906251702246
30.0,189.0,130.0791473388672,-0.0244843745361882,1.608315023996127,-2.465422869550874,-2.197807054466305,-1.1336790673736905,0.848045523371442,0.0272356747228321,2.552860904142493,0.114087478866539,1.698683783494457
30.0,189.0,131.2361602783203,-0.0220692456970595,1.59744718855561,-2.4749331952861127,-2.242386412278529,-1.1309225678285506,0.8523441005269395,0.033251440959556,2.5580831916685187,0.1558555047697084,1.8390339515386167
30.0,190.0,130.08706665039062,-0.0268215443462787,1.6098540217857014,-2.46403769562482,-2.1967828871056394,-1.135938910610692,0.847752979648084,0.0268838171900771,2.556287737654379,0.1156623813214139,1.7019411288653454
30.0,190.0,179.88331604003906,-0.0791377653528476,1.5439114556294815,-2.238088585397545,-1.989568097892792,-1.095160658011221,0.8602103446022008,0.0131522009583411,2.568107202890672,0.0034032356307205,1.6719146260925035
30.0,190.0,130.0800018310547,-0.0236980391134553,1.610427715058529,-2.4631412039681235,-2.1987181579718422,-1.1336038791991887,0.8478221618066852,0.0263386249220797,2.5512294288769803,0.1137275782729303,1.6985162159480909
30.0,190.0,205.40724182128903,-1.2471719392371754,0.7338063691250966,-3.6956164114227614,-2.6893020048638974,-1.4361633841990469,0.7509499775402746,-0.0265320376388999,2.5844589496606782,0.2214973721181175,2.0621365244733765
30.0,190.0,130.09185791015625,-0.0265825713155607,1.6101704867384738,-2.4650026548103305,-2.1993204000821907,-1.13274400588047,0.847772725541472,0.0275443186297925,2.55358194145145,0.112756691949467,1.7034016270724486
30.0,190.0,130.0894775390625,-0.0259665740589158,1.6073564167857517,-2.463775824348148,-2.196693957459018,-1.1352225935164328,0.8467689867716551,0.027414451420508,2.5573204457858543,0.1154953977585901,1.7021456918034046
30.0,190.0,130.13316345214844,-0.0225937100139347,1.6053741419315184,-2.467056218532695,-2.1946960336271943,-1.1326895303114444,0.8548916100368976,0.0244357777737016,2.555228107463698,0.1160403308804202,1.7068405921950172
30.0,190.0,130.14947509765625,-0.0265878033432111,1.6057191627870409,-2.471715409892107,-2.198689063139184,-1.1321482627601072,0.8544690238115497,0.0344679859174902,2.5581475898083745,0.1223609757607841,1.7148494574260558
30.0,190.0,130.09400939941406,-0.0268993225807057,1.609624953122047,-2.463323841560391,-2.1991398059123326,-1.1368782246200333,0.8479548448777308,0.0275958228125492,2.5572579675745946,0.1149468801703433,1.7014833006616188
30.0,190.0,217.80987548828125,-0.7399219093249991,0.6265199654248446,-3.3812386568411683,-3.115740592719888,-2.4970438835882924,0.4187495791001843,-0.1164287251613381,2.541142812644273,0.2703581298861386,2.0687642066891287
30.0,190.0,201.7044219970703,-0.6552952230338768,0.789537644755984,-3.131677153117997,-2.725862189701337,-1.327890814222953,0.7257755438118074,-0.0264966475501739,2.5879562114865826,0.2411740536822892,2.06908069814025
30.0,190.0,130.1114959716797,-0.0219631594588029,1.6093655718729505,-2.465140977824959,-2.1962715978440404,-1.132367309985977,0.8469128321257288,0.0251730731630381,2.558549318587563,0.1102106855902723,1.69989732203345
30.0,190.0,130.48617553710938,-0.0191590411311638,1.6333333593099637,-2.467689624213745,-2.1984011752009827,-1.1481106552319231,0.8468227819511217,0.0272462570172879,2.556337426566549,0.112707504062356,1.6700700949757932
30.0,190.0,130.0829315185547,-0.0258582259761484,1.6109680031810276,-2.4642937807572123,-2.197466798690901,-1.132460188389793,0.8474055779706137,0.0266957757819408,2.555990838368642,0.1143832802124704,1.6994602883694518
30.0,190.0,130.12234497070312,-0.0281963023023564,1.607983138766233,-2.47207220348178,-2.1982003957362166,-1.1322205757454529,0.847318403553332,0.0241631196656896,2.558210017809466,0.1219390633187435,1.7150237467066978
30.0,190.0,130.08216857910156,-0.0257587914159671,1.610558991664121,-2.4643000932343826,-2.198095761917553,-1.1331872128695446,0.8475819289434379,0.0273743082842861,2.55583922488324,0.1143184554415994,1.699544666362954
30.0,190.0,220.53668212890625,-1.2171966783311097,0.4756538204269566,-3.473961005955754,-3.088961056374514,-1.704597891261704,0.4920041034137272,-0.0918239354140258,2.562499878329205,0.3992523830963432,2.654374933471221
30.0,190.0,130.08148193359375,-0.024665353276886,1.6080530152934869,-2.466010624935876,-2.1972279730704547,-1.1322365619839687,0.8483150489147699,0.0274298992794716,2.5536380483070844,0.1143459537482358,1.6995178848194374
30.0,190.0,130.0785675048828,-0.0234651869221217,1.6093055283520208,-2.467829597258578,-2.1986780889732573,-1.1334961173343232,0.8455063051187952,0.0240362322720461,2.5535046889588937,0.1154242791713973,1.6985097526781765
30.0,190.0,130.09788513183594,-0.0222357662288937,1.613043775025352,-2.4588578643544365,-2.197215012366872,-1.133685263931472,0.8477791039145226,0.0288151555250726,2.55614319343599,0.1161050641296915,1.6959009975520924
30.0,190.0,130.07894897460938,-0.024950072068827,1.6089706669806576,-2.46601723261173,-2.1976980658994187,-1.133806527334201,0.8479931008933191,0.0276592222971473,2.55425270489281,0.1139080475307854,1.699262739226594
30.0,190.0,130.09336853027344,-0.0245164306463142,1.6069191849979805,-2.465701936681393,-2.200416060111748,-1.132344847205391,0.8475839916747658,0.0274144538091342,2.551297373703301,0.1133210491294818,1.7000171228503036
30.0,190.0,205.4263153076172,-1.0610826982318322,0.7387432132212964,-3.5269101097837323,-2.588175478326636,-1.3746018730768372,0.7544874944278932,-0.0259144887775997,2.5909527780546773,0.210068459110206,2.063579531483645
30.0,190.0,130.07302856445312,-0.021601863709611,1.6090304802158366,-2.465433248617948,-2.197660870042485,-1.1335822255848234,0.8463874909612131,0.0253909823231447,2.5535066732437244,0.1144541623373936,1.6995347586002725
30.0,190.0,130.12106323242188,-0.0268418524415132,1.607971210081246,-2.4712624494244704,-2.199058154505161,-1.1332600567613618,0.8443475714739972,0.0232630546507814,2.5573724150402186,0.1239606100015764,1.7152180370041608
30.0,190.0,130.1245880126953,-0.0256515987366993,1.6087011634792323,-2.4640186804912303,-2.1973753085354883,-1.1282278785645965,0.8496377920824078,0.0261518172336887,2.556570851570908,0.1141166158235702,1.6839417823636842
30.0,190.0,203.7299041748047,-1.4671963034076896,0.7718039591814964,-3.521820860113768,-2.7055890962796987,-1.3850800460590984,0.7492558679810841,0.0041742840984898,2.5864682179734686,0.2295821296873494,1.9406396168518183
30.0,190.0,240.0376892089844,-0.818985015422538,0.7325545795717203,-3.463958090524869,-3.1745869837099026,-1.9281247841715203,0.2058466922336207,-0.3766659363291286,2.6001316734345754,0.2265875295001577,2.1979228280822705
30.0,190.0,130.12493896484375,-0.0288315131243721,1.6087023973289436,-2.4660020343270355,-2.197116179226099,-1.139804534762212,0.8482467282128991,0.0269301226637388,2.558928966101325,0.1139007168042767,1.6996126142447217
30.0,190.0,130.0755615234375,-0.022413277050164,1.6102914839797902,-2.4645484186563245,-2.1973571144161284,-1.1373269633645398,0.8469437052385198,0.0234639031608689,2.5529469054487497,0.1145164297583269,1.699317180789964
30.0,190.0,130.0802459716797,-0.0249628642402339,1.6087311847836323,-2.467363026998729,-2.197132804634695,-1.1348390049830592,0.8472778622690895,0.0271778134752531,2.5546083417348164,0.1136615391850877,1.6973336908566967
30.0,190.0,130.1483154296875,-0.0275914564491359,1.6025853398429613,-2.4696357611751845,-2.2066023363701146,-1.1327268692418329,0.8490465012714042,0.0273886671575012,2.557676004069114,0.1189562630161606,1.7028423325895643
30.0,190.0,130.09596252441406,-0.0267700017881518,1.607963802271796,-2.463894573138408,-2.1968028580641845,-1.135257649520309,0.8493750549085285,0.025443114961393,2.556572105823862,0.1131479800481685,1.7007746024894883
30.0,190.0,189.8350372314453,-0.1826832746806023,1.2246924260983767,-3.051692949797575,-2.5251921961081663,-1.2384936766473484,0.6872030904694896,-0.0825022686502461,2.5307295125858014,0.2549907431703788,2.0724364628185
30.0,190.0,130.07601928710938,-0.0214398015576252,1.610830350359027,-2.4674631381338687,-2.1979022717097685,-1.1355896322116432,0.8461281272315199,0.0259650807593801,2.552224376577876,0.1142449159664444,1.6991124640474666
30.0,190.0,130.08673095703125,-0.0259249521584827,1.6111617920405366,-2.4638036946707764,-2.196573498713516,-1.1354040681667157,0.847146053938228,0.0273478988437227,2.5568787872229315,0.1157501387388378,1.69962402858483
30.0,190.0,242.24465942382807,-0.6765068837044388,0.5731721926803546,-3.182363211629109,-3.115613068305457,-2.833970604240305,0.5175124438082294,-0.1119189164304249,2.549271617641784,0.2717736279602655,1.804321352114272
30.0,190.0,210.119873046875,-0.7610068930568665,0.5642124147423887,-3.726421416211226,-2.7995431788777383,-1.3708891968054873,0.679066308131347,0.0234932080174868,2.5843400721228726,0.297657964549431,2.1950618999519365
30.0,190.0,130.0851287841797,-0.0241387443395764,1.607929920902394,-2.464692772100721,-2.2003325234164746,-1.134913473950822,0.8450721221981081,0.0275432344480919,2.555001419768634,0.1125268314340763,1.698405709932176
30.0,190.0,130.12042236328125,-0.0290551818146068,1.607718491909326,-2.4657405434800457,-2.202381286146464,-1.133470463521071,0.8474947442967332,0.0272006437568408,2.549804766718505,0.1142466123061493,1.692530247597941
30.0,190.0,205.575927734375,-0.8160173862793221,0.5906195673798553,-3.5501247184478806,-2.9220737949502533,-1.5276746941164658,0.7254873283981647,-0.0189028447691116,2.5943872451814447,0.2168908645567235,1.9760531472632008
30.0,190.0,130.07652282714844,-0.0236678493556638,1.609277674951612,-2.4646743757666667,-2.197664192469497,-1.134071296008916,0.8446775793079438,0.0254676912566045,2.553590992720334,0.1163392892695842,1.7022903928590831
30.0,190.0,130.08201599121094,-0.0200200458211256,1.6083261416617107,-2.465363675845354,-2.1976857546034823,-1.1331970288320483,0.8486019728488193,0.0240721218498705,2.554426943351699,0.1142820651988972,1.70018483719895
30.0,190.0,130.08360290527344,-0.0215987791513611,1.6097709731423215,-2.463277293869297,-2.1974856061713592,-1.132762422887993,0.8441603608303233,0.0257555662207069,2.5559338736687987,0.1140329558156343,1.703702618628421
30.0,190.0,130.7325439453125,-0.0174304982398163,1.6097558683626787,-2.496839976364868,-2.20286734480862,-1.1245441079221736,0.8507478314258827,0.018212352797837,2.5567545385483363,0.1181929985504311,1.681529723757322
30.0,190.0,130.07916259765625,-0.0197888218847241,1.6082215684285377,-2.464381860829168,-2.196743720586615,-1.135180511310663,0.8455382001693192,0.0241072509314555,2.553853380585432,0.1141767217277002,1.6962076528714904
30.0,190.0,130.082275390625,-0.0223025448142522,1.6109910734424546,-2.46486280895181,-2.1984467293495147,-1.1359776978053675,0.8463987187976559,0.0278954014718778,2.551831416281729,0.1148877218392649,1.697498056596232
30.0,190.0,130.10484313964844,-0.0269881560660159,1.6094651809619185,-2.4648367646154696,-2.194418292054729,-1.1315634036972522,0.8471550104277314,0.022784639415949,2.557876355450132,0.1149686869919753,1.699906251702246
30.0,190.0,130.0791473388672,-0.0244843745361882,1.608315023996127,-2.465422869550874,-2.197807054466305,-1.1336790673736905,0.848045523371442,0.0272356747228321,2.552860904142493,0.114087478866539,1.698683783494457
30.0,190.0,131.2361602783203,-0.0220692456970595,1.59744718855561,-2.4749331952861127,-2.242386412278529,-1.1309225678285506,0.8523441005269395,0.033251440959556,2.5580831916685187,0.1558555047697084,1.8390339515386167
30.0,191.0,130.08706665039062,-0.0268215443462787,1.6098540217857014,-2.46403769562482,-2.1967828871056394,-1.135938910610692,0.847752979648084,0.0268838171900771,2.556287737654379,0.1156623813214139,1.7019411288653454
30.0,191.0,179.88331604003906,-0.0791377653528476,1.5439114556294815,-2.238088585397545,-1.989568097892792,-1.095160658011221,0.8602103446022008,0.0131522009583411,2.568107202890672,0.0034032356307205,1.6719146260925035
30.0,191.0,130.0800018310547,-0.0236980391134553,1.610427715058529,-2.4631412039681235,-2.1987181579718422,-1.1336038791991887,0.8478221618066852,0.0263386249220797,2.5512294288769803,0.1137275782729303,1.6985162159480909
30.0,191.0,205.40724182128903,-1.2471719392371754,0.7338063691250966,-3.6956164114227614,-2.6893020048638974,-1.4361633841990469,0.7509499775402746,-0.0265320376388999,2.5844589496606782,0.2214973721181175,2.0621365244733765
30.0,191.0,130.0804443359375,-0.0258556702396442,1.609674051693696,-2.4659201989878863,-2.196383813555407,-1.132989148510618,0.847190930843661,0.0241940019486148,2.5542781558399064,0.114276364086463,1.7026816181573428
30.0,191.0,130.08377075195312,-0.0214442811006346,1.614034658336803,-2.462398747984879,-2.19685108012835,-1.1331352927185578,0.8442867294381732,0.0268368301606611,2.5556721158436644,0.1158690066854578,1.698059507679797
30.0,191.0,130.13316345214844,-0.0225937100139347,1.6053741419315184,-2.467056218532695,-2.1946960336271943,-1.1326895303114444,0.8548916100368976,0.0244357777737016,2.555228107463698,0.1160403308804202,1.7068405921950172
30.0,191.0,130.14947509765625,-0.0265878033432111,1.6057191627870409,-2.471715409892107,-2.198689063139184,-1.1321482627601072,0.8544690238115497,0.0344679859174902,2.5581475898083745,0.1223609757607841,1.7148494574260558
30.0,191.0,130.09400939941406,-0.0268993225807057,1.609624953122047,-2.463323841560391,-2.1991398059123326,-1.1368782246200333,0.8479548448777308,0.0275958228125492,2.5572579675745946,0.1149468801703433,1.7014833006616188
30.0,191.0,217.80987548828125,-0.7399219093249991,0.6265199654248446,-3.3812386568411683,-3.115740592719888,-2.4970438835882924,0.4187495791001843,-0.1164287251613381,2.541142812644273,0.2703581298861386,2.0687642066891287
30.0,191.0,201.7044219970703,-0.6552952230338768,0.789537644755984,-3.131677153117997,-2.725862189701337,-1.327890814222953,0.7257755438118074,-0.0264966475501739,2.5879562114865826,0.2411740536822892,2.06908069814025
30.0,191.0,130.10028076171875,-0.0200781058068335,1.6092678360342088,-2.465508993281174,-2.197989848081092,-1.1318605641925965,0.8463640870839159,0.0247300579534897,2.552117764986496,0.1090257905984319,1.7012863820113011
30.0,191.0,130.21401977539062,-0.0189582559825709,1.6032858548369626,-2.464857648483814,-2.197839685578754,-1.1210711820027728,0.8465965428865672,0.0262904646523868,2.553856469048599,0.1099611366254225,1.692140609281037
30.0,191.0,130.0829315185547,-0.0258582259761484,1.6109680031810276,-2.4642937807572123,-2.197466798690901,-1.132460188389793,0.8474055779706137,0.0266957757819408,2.555990838368642,0.1143832802124704,1.6994602883694518
30.0,191.0,130.12234497070312,-0.0281963023023564,1.607983138766233,-2.47207220348178,-2.1982003957362166,-1.1322205757454529,0.847318403553332,0.0241631196656896,2.558210017809466,0.1219390633187435,1.7150237467066978
30.0,191.0,130.08216857910156,-0.0257587914159671,1.610558991664121,-2.4643000932343826,-2.198095761917553,-1.1331872128695446,0.8475819289434379,0.0273743082842861,2.55583922488324,0.1143184554415994,1.699544666362954
30.0,191.0,220.53668212890625,-1.2171966783311097,0.4756538204269566,-3.473961005955754,-3.088961056374514,-1.704597891261704,0.4920041034137272,-0.0918239354140258,2.562499878329205,0.3992523830963432,2.654374933471221
30.0,191.0,130.07904052734375,-0.023005820732252,1.6084349771918316,-2.4656260799196703,-2.1977098087513047,-1.132695433454766,0.8461471700908691,0.0270483802339976,2.553100500422301,0.114230320709429,1.6986550890213612
30.0,191.0,130.0785675048828,-0.0234651869221217,1.6093055283520208,-2.467829597258578,-2.1986780889732573,-1.1334961173343232,0.8455063051187952,0.0240362322720461,2.5535046889588937,0.1154242791713973,1.6985097526781765
30.0,191.0,130.09788513183594,-0.0222357662288937,1.613043775025352,-2.4588578643544365,-2.197215012366872,-1.133685263931472,0.8477791039145226,0.0288151555250726,2.55614319343599,0.1161050641296915,1.6959009975520924
30.0,191.0,130.07894897460938,-0.024950072068827,1.6089706669806576,-2.46601723261173,-2.1976980658994187,-1.133806527334201,0.8479931008933191,0.0276592222971473,2.55425270489281,0.1139080475307854,1.699262739226594
30.0,191.0,130.09336853027344,-0.0245164306463142,1.6069191849979805,-2.465701936681393,-2.200416060111748,-1.132344847205391,0.8475839916747658,0.0274144538091342,2.551297373703301,0.1133210491294818,1.7000171228503036
30.0,191.0,205.4263153076172,-1.0610826982318322,0.7387432132212964,-3.5269101097837323,-2.588175478326636,-1.3746018730768372,0.7544874944278932,-0.0259144887775997,2.5909527780546773,0.210068459110206,2.063579531483645
30.0,191.0,130.07302856445312,-0.021601863709611,1.6090304802158366,-2.465433248617948,-2.197660870042485,-1.1335822255848234,0.8463874909612131,0.0253909823231447,2.5535066732437244,0.1144541623373936,1.6995347586002725
30.0,191.0,130.12106323242188,-0.0268418524415132,1.607971210081246,-2.4712624494244704,-2.199058154505161,-1.1332600567613618,0.8443475714739972,0.0232630546507814,2.5573724150402186,0.1239606100015764,1.7152180370041608
30.0,191.0,130.1245880126953,-0.0256515987366993,1.6087011634792323,-2.4640186804912303,-2.1973753085354883,-1.1282278785645965,0.8496377920824078,0.0261518172336887,2.556570851570908,0.1141166158235702,1.6839417823636842
30.0,191.0,203.7299041748047,-1.4671963034076896,0.7718039591814964,-3.521820860113768,-2.7055890962796987,-1.3850800460590984,0.7492558679810841,0.0041742840984898,2.5864682179734686,0.2295821296873494,1.9406396168518183
30.0,191.0,240.0376892089844,-0.818985015422538,0.7325545795717203,-3.463958090524869,-3.1745869837099026,-1.9281247841715203,0.2058466922336207,-0.3766659363291286,2.6001316734345754,0.2265875295001577,2.1979228280822705
30.0,191.0,130.10948181152344,-0.0222638865242286,1.6088085391156144,-2.465641375632353,-2.196772479509676,-1.12868219274624,0.8437306057815217,0.0256178771204205,2.557436860571788,0.1140888425128392,1.6994428721763668
30.0,191.0,130.0755615234375,-0.022413277050164,1.6102914839797902,-2.4645484186563245,-2.1973571144161284,-1.1373269633645398,0.8469437052385198,0.0234639031608689,2.5529469054487497,0.1145164297583269,1.699317180789964
30.0,191.0,130.077880859375,-0.0208575268803122,1.6096503804763078,-2.462659799016106,-2.199002343857788,-1.1341144825429967,0.8460835784894992,0.0249354821234499,2.552502754712914,0.1142001046786565,1.7028438392686511
30.0,191.0,130.1483154296875,-0.0275914564491359,1.6025853398429613,-2.4696357611751845,-2.2066023363701146,-1.1327268692418329,0.8490465012714042,0.0273886671575012,2.557676004069114,0.1189562630161606,1.7028423325895643
30.0,191.0,130.09596252441406,-0.0267700017881518,1.607963802271796,-2.463894573138408,-2.1968028580641845,-1.135257649520309,0.8493750549085285,0.025443114961393,2.556572105823862,0.1131479800481685,1.7007746024894883
30.0,191.0,189.8350372314453,-0.1826832746806023,1.2246924260983767,-3.051692949797575,-2.5251921961081663,-1.2384936766473484,0.6872030904694896,-0.0825022686502461,2.5307295125858014,0.2549907431703788,2.0724364628185
30.0,191.0,130.07601928710938,-0.0214398015576252,1.610830350359027,-2.4674631381338687,-2.1979022717097685,-1.1355896322116432,0.8461281272315199,0.0259650807593801,2.552224376577876,0.1142449159664444,1.6991124640474666
30.0,191.0,130.08673095703125,-0.0259249521584827,1.6111617920405366,-2.4638036946707764,-2.196573498713516,-1.1354040681667157,0.847146053938228,0.0273478988437227,2.5568787872229315,0.1157501387388378,1.69962402858483
30.0,191.0,242.24465942382807,-0.6765068837044388,0.5731721926803546,-3.182363211629109,-3.115613068305457,-2.833970604240305,0.5175124438082294,-0.1119189164304249,2.549271617641784,0.2717736279602655,1.804321352114272
30.0,191.0,210.119873046875,-0.7610068930568665,0.5642124147423887,-3.726421416211226,-2.7995431788777383,-1.3708891968054873,0.679066308131347,0.0234932080174868,2.5843400721228726,0.297657964549431,2.1950618999519365
30.0,191.0,130.0851287841797,-0.0241387443395764,1.607929920902394,-2.464692772100721,-2.2003325234164746,-1.134913473950822,0.8450721221981081,0.0275432344480919,2.555001419768634,0.1125268314340763,1.698405709932176
30.0,191.0,130.12042236328125,-0.0290551818146068,1.607718491909326,-2.4657405434800457,-2.202381286146464,-1.133470463521071,0.8474947442967332,0.0272006437568408,2.549804766718505,0.1142466123061493,1.692530247597941
30.0,191.0,205.575927734375,-0.8160173862793221,0.5906195673798553,-3.5501247184478806,-2.9220737949502533,-1.5276746941164658,0.7254873283981647,-0.0189028447691116,2.5943872451814447,0.2168908645567235,1.9760531472632008
30.0,191.0,130.07553100585938,-0.0191884217598154,1.6094735210743236,-2.466166248387696,-2.1977078997471864,-1.1345925461584332,0.8454622068606029,0.0240749273663062,2.553727218064981,0.1138179417137567,1.7008910079926711
30.0,191.0,130.08201599121094,-0.0200200458211256,1.6083261416617107,-2.465363675845354,-2.1976857546034823,-1.1331970288320483,0.8486019728488193,0.0240721218498705,2.554426943351699,0.1142820651988972,1.70018483719895
30.0,191.0,130.07522583007812,-0.0200680879128219,1.6106776392634117,-2.4627167812128645,-2.197481487254611,-1.133507576579603,0.8483846654668564,0.0247689304840522,2.5537363931241983,0.114193162427612,1.6997995669335622
30.0,191.0,130.7325439453125,-0.0174304982398163,1.6097558683626787,-2.496839976364868,-2.20286734480862,-1.1245441079221736,0.8507478314258827,0.018212352797837,2.5567545385483363,0.1181929985504311,1.681529723757322
30.0,191.0,130.07916259765625,-0.0197888218847241,1.6082215684285377,-2.464381860829168,-2.196743720586615,-1.135180511310663,0.8455382001693192,0.0241072509314555,2.553853380585432,0.1141767217277002,1.6962076528714904
30.0,191.0,130.082275390625,-0.0223025448142522,1.6109910734424546,-2.46486280895181,-2.1984467293495147,-1.1359776978053675,0.8463987187976559,0.0278954014718778,2.551831416281729,0.1148877218392649,1.697498056596232
30.0,191.0,130.10484313964844,-0.0269881560660159,1.6094651809619185,-2.4648367646154696,-2.194418292054729,-1.1315634036972522,0.8471550104277314,0.022784639415949,2.557876355450132,0.1149686869919753,1.699906251702246
30.0,191.0,130.0791473388672,-0.0244843745361882,1.608315023996127,-2.465422869550874,-2.197807054466305,-1.1336790673736905,0.848045523371442,0.0272356747228321,2.552860904142493,0.114087478866539,1.698683783494457
30.0,191.0,131.2361602783203,-0.0220692456970595,1.59744718855561,-2.4749331952861127,-2.242386412278529,-1.1309225678285506,0.8523441005269395,0.033251440959556,2.5580831916685187,0.1558555047697084,1.8390339515386167
30.0,192.0,130.08706665039062,-0.0268215443462787,1.6098540217857014,-2.46403769562482,-2.1967828871056394,-1.135938910610692,0.847752979648084,0.0268838171900771,2.556287737654379,0.1156623813214139,1.7019411288653454
30.0,192.0,179.88331604003906,-0.0791377653528476,1.5439114556294815,-2.238088585397545,-1.989568097892792,-1.095160658011221,0.8602103446022008,0.0131522009583411,2.568107202890672,0.0034032356307205,1.6719146260925035
30.0,192.0,130.0800018310547,-0.0236980391134553,1.610427715058529,-2.4631412039681235,-2.1987181579718422,-1.1336038791991887,0.8478221618066852,0.0263386249220797,2.5512294288769803,0.1137275782729303,1.6985162159480909
30.0,192.0,205.40724182128903,-1.2471719392371754,0.7338063691250966,-3.6956164114227614,-2.6893020048638974,-1.4361633841990469,0.7509499775402746,-0.0265320376388999,2.5844589496606782,0.2214973721181175,2.0621365244733765
30.0,192.0,130.07806396484375,-0.0258765609911081,1.6102622831829363,-2.465424597091625,-2.198295200983537,-1.1338969066591886,0.8461677879134827,0.0257820298090959,2.553878744223838,0.1152994285769688,1.7012696841702843
30.0,192.0,130.08377075195312,-0.0214442811006346,1.614034658336803,-2.462398747984879,-2.19685108012835,-1.1331352927185578,0.8442867294381732,0.0268368301606611,2.5556721158436644,0.1158690066854578,1.698059507679797
30.0,192.0,130.11410522460938,-0.0218016934742026,1.6191348388489442,-2.4656823278995814,-2.198836195145661,-1.1330190954162496,0.8428443856200799,0.0245241206594581,2.5545608341067783,0.114952402822646,1.7035683454776605
30.0,192.0,130.14947509765625,-0.0265878033432111,1.6057191627870409,-2.471715409892107,-2.198689063139184,-1.1321482627601072,0.8544690238115497,0.0344679859174902,2.5581475898083745,0.1223609757607841,1.7148494574260558
30.0,192.0,130.09400939941406,-0.0268993225807057,1.609624953122047,-2.463323841560391,-2.1991398059123326,-1.1368782246200333,0.8479548448777308,0.0275958228125492,2.5572579675745946,0.1149468801703433,1.7014833006616188
30.0,192.0,217.80987548828125,-0.7399219093249991,0.6265199654248446,-3.3812386568411683,-3.115740592719888,-2.4970438835882924,0.4187495791001843,-0.1164287251613381,2.541142812644273,0.2703581298861386,2.0687642066891287
30.0,192.0,201.7044219970703,-0.6552952230338768,0.789537644755984,-3.131677153117997,-2.725862189701337,-1.327890814222953,0.7257755438118074,-0.0264966475501739,2.5879562114865826,0.2411740536822892,2.06908069814025
30.0,192.0,130.10028076171875,-0.0200781058068335,1.6092678360342088,-2.465508993281174,-2.197989848081092,-1.1318605641925965,0.8463640870839159,0.0247300579534897,2.552117764986496,0.1090257905984319,1.7012863820113011
30.0,192.0,130.1171112060547,-0.02138723294007,1.6082420616229836,-2.465338042090837,-2.1976454213007384,-1.1262374772407455,0.8462706399526119,0.0258863729099534,2.5525506874850303,0.1135150195772665,1.7033649676035345
30.0,192.0,130.0829315185547,-0.0258582259761484,1.6109680031810276,-2.4642937807572123,-2.197466798690901,-1.132460188389793,0.8474055779706137,0.0266957757819408,2.555990838368642,0.1143832802124704,1.6994602883694518
30.0,192.0,130.12234497070312,-0.0281963023023564,1.607983138766233,-2.47207220348178,-2.1982003957362166,-1.1322205757454529,0.847318403553332,0.0241631196656896,2.558210017809466,0.1219390633187435,1.7150237467066978
30.0,192.0,130.08216857910156,-0.0257587914159671,1.610558991664121,-2.4643000932343826,-2.198095761917553,-1.1331872128695446,0.8475819289434379,0.0273743082842861,2.55583922488324,0.1143184554415994,1.699544666362954
30.0,192.0,220.53668212890625,-1.2171966783311097,0.4756538204269566,-3.473961005955754,-3.088961056374514,-1.704597891261704,0.4920041034137272,-0.0918239354140258,2.562499878329205,0.3992523830963432,2.654374933471221
30.0,192.0,130.07388305664062,-0.020739536339126,1.609301680491739,-2.46551036271206,-2.197528831700552,-1.1334642213244674,0.8470905878003124,0.0249507188457914,2.5532268553903643,0.114522518619324,1.6990059713907515
30.0,192.0,130.0785675048828,-0.0234651869221217,1.6093055283520208,-2.467829597258578,-2.1986780889732573,-1.1334961173343232,0.8455063051187952,0.0240362322720461,2.5535046889588937,0.1154242791713973,1.6985097526781765
30.0,192.0,130.09788513183594,-0.0222357662288937,1.613043775025352,-2.4588578643544365,-2.197215012366872,-1.133685263931472,0.8477791039145226,0.0288151555250726,2.55614319343599,0.1161050641296915,1.6959009975520924
30.0,192.0,130.0736541748047,-0.0228352032049,1.6086930579334642,-2.466182677801568,-2.197712172117707,-1.133909450064813,0.8452636328445928,0.0250408881630927,2.553138383607169,0.1145435856715737,1.6995478767932992
30.0,192.0,130.090087890625,-0.0255910004035406,1.607760453853289,-2.466232385154148,-2.197888276254106,-1.1318622182061313,0.8476767765573086,0.0265144606299574,2.551587951354051,0.1135850241334414,1.7048674688642018
30.0,192.0,205.4263153076172,-1.0610826982318322,0.7387432132212964,-3.5269101097837323,-2.588175478326636,-1.3746018730768372,0.7544874944278932,-0.0259144887775997,2.5909527780546773,0.210068459110206,2.063579531483645
30.0,192.0,130.07302856445312,-0.021601863709611,1.6090304802158366,-2.465433248617948,-2.197660870042485,-1.1335822255848234,0.8463874909612131,0.0253909823231447,2.5535066732437244,0.1144541623373936,1.6995347586002725
30.0,192.0,130.12106323242188,-0.0268418524415132,1.607971210081246,-2.4712624494244704,-2.199058154505161,-1.1332600567613618,0.8443475714739972,0.0232630546507814,2.5573724150402186,0.1239606100015764,1.7152180370041608
30.0,192.0,130.1245880126953,-0.0256515987366993,1.6087011634792323,-2.4640186804912303,-2.1973753085354883,-1.1282278785645965,0.8496377920824078,0.0261518172336887,2.556570851570908,0.1141166158235702,1.6839417823636842
30.0,192.0,203.7299041748047,-1.4671963034076896,0.7718039591814964,-3.521820860113768,-2.7055890962796987,-1.3850800460590984,0.7492558679810841,0.0041742840984898,2.5864682179734686,0.2295821296873494,1.9406396168518183
30.0,192.0,240.0376892089844,-0.818985015422538,0.7325545795717203,-3.463958090524869,-3.1745869837099026,-1.9281247841715203,0.2058466922336207,-0.3766659363291286,2.6001316734345754,0.2265875295001577,2.1979228280822705
30.0,192.0,130.10414123535156,-0.022277327589736,1.6089541280983422,-2.465397203588818,-2.1979629105210643,-1.141275168485518,0.8463827631187484,0.0250784023117027,2.557835031368615,0.1143516468970876,1.699481594232408
30.0,192.0,130.0700225830078,-0.021554109745988,1.6120439753754856,-2.4634945447088183,-2.1977249787071043,-1.1359977360920583,0.8464675320695966,0.0248784910245729,2.5535928169217965,0.114511753033331,1.699528858876211
30.0,192.0,130.07733154296875,-0.0203245661848031,1.6090136983408374,-2.465388224746232,-2.199747533212917,-1.133966556263299,0.8461757364813317,0.0250672328378869,2.55244579708674,0.1132965762111203,1.701275403493285
30.0,192.0,130.1483154296875,-0.0275914564491359,1.6025853398429613,-2.4696357611751845,-2.2066023363701146,-1.1327268692418329,0.8490465012714042,0.0273886671575012,2.557676004069114,0.1189562630161606,1.7028423325895643
30.0,192.0,130.09596252441406,-0.0267700017881518,1.607963802271796,-2.463894573138408,-2.1968028580641845,-1.135257649520309,0.8493750549085285,0.025443114961393,2.556572105823862,0.1131479800481685,1.7007746024894883
30.0,192.0,189.8350372314453,-0.1826832746806023,1.2246924260983767,-3.051692949797575,-2.5251921961081663,-1.2384936766473484,0.6872030904694896,-0.0825022686502461,2.5307295125858014,0.2549907431703788,2.0724364628185
30.0,192.0,130.07601928710938,-0.0214398015576252,1.610830350359027,-2.4674631381338687,-2.1979022717097685,-1.1355896322116432,0.8461281272315199,0.0259650807593801,2.552224376577876,0.1142449159664444,1.6991124640474666
30.0,192.0,130.08673095703125,-0.0259249521584827,1.6111617920405366,-2.4638036946707764,-2.196573498713516,-1.1354040681667157,0.847146053938228,0.0273478988437227,2.5568787872229315,0.1157501387388378,1.69962402858483
30.0,192.0,242.24465942382807,-0.6765068837044388,0.5731721926803546,-3.182363211629109,-3.115613068305457,-2.833970604240305,0.5175124438082294,-0.1119189164304249,2.549271617641784,0.2717736279602655,1.804321352114272
30.0,192.0,210.119873046875,-0.7610068930568665,0.5642124147423887,-3.726421416211226,-2.7995431788777383,-1.3708891968054873,0.679066308131347,0.0234932080174868,2.5843400721228726,0.297657964549431,2.1950618999519365
30.0,192.0,130.0851287841797,-0.0241387443395764,1.607929920902394,-2.464692772100721,-2.2003325234164746,-1.134913473950822,0.8450721221981081,0.0275432344480919,2.555001419768634,0.1125268314340763,1.698405709932176
30.0,192.0,130.1085968017578,-0.0280344051033787,1.6094326583655336,-2.464583652731137,-2.195039810984992,-1.1333906095062052,0.8470372540755546,0.0256711789593418,2.548336478752854,0.1147456237231021,1.7035880727250612
30.0,192.0,205.575927734375,-0.8160173862793221,0.5906195673798553,-3.5501247184478806,-2.9220737949502533,-1.5276746941164658,0.7254873283981647,-0.0189028447691116,2.5943872451814447,0.2168908645567235,1.9760531472632008
30.0,192.0,130.07366943359375,-0.0231433441853775,1.6089457594010723,-2.465394701512804,-2.19770501073874,-1.133605075382985,0.8459282267841368,0.0261900069189221,2.553354802866364,0.1136228896486271,1.6988043558253028
30.0,192.0,130.07794189453125,-0.0249359173934155,1.6090246651285076,-2.4655006388149503,-2.197667198601758,-1.1336620718138035,0.8480610165166518,0.0232494852839182,2.5534310934325224,0.1140342808555138,1.6995283164478416
30.0,192.0,130.07522583007812,-0.0200680879128219,1.6106776392634117,-2.4627167812128645,-2.197481487254611,-1.133507576579603,0.8483846654668564,0.0247689304840522,2.5537363931241983,0.114193162427612,1.6997995669335622
30.0,192.0,130.7325439453125,-0.0174304982398163,1.6097558683626787,-2.496839976364868,-2.20286734480862,-1.1245441079221736,0.8507478314258827,0.018212352797837,2.5567545385483363,0.1181929985504311,1.681529723757322
30.0,192.0,130.07916259765625,-0.0197888218847241,1.6082215684285377,-2.464381860829168,-2.196743720586615,-1.135180511310663,0.8455382001693192,0.0241072509314555,2.553853380585432,0.1141767217277002,1.6962076528714904
30.0,192.0,130.082275390625,-0.0223025448142522,1.6109910734424546,-2.46486280895181,-2.1984467293495147,-1.1359776978053675,0.8463987187976559,0.0278954014718778,2.551831416281729,0.1148877218392649,1.697498056596232
30.0,192.0,130.10484313964844,-0.0269881560660159,1.6094651809619185,-2.4648367646154696,-2.194418292054729,-1.1315634036972522,0.8471550104277314,0.022784639415949,2.557876355450132,0.1149686869919753,1.699906251702246
30.0,192.0,130.0791473388672,-0.0244843745361882,1.608315023996127,-2.465422869550874,-2.197807054466305,-1.1336790673736905,0.848045523371442,0.0272356747228321,2.552860904142493,0.114087478866539,1.698683783494457
30.0,192.0,131.2361602783203,-0.0220692456970595,1.59744718855561,-2.4749331952861127,-2.242386412278529,-1.1309225678285506,0.8523441005269395,0.033251440959556,2.5580831916685187,0.1558555047697084,1.8390339515386167
30.0,193.0,130.08706665039062,-0.0268215443462787,1.6098540217857014,-2.46403769562482,-2.1967828871056394,-1.135938910610692,0.847752979648084,0.0268838171900771,2.556287737654379,0.1156623813214139,1.7019411288653454
30.0,193.0,179.88331604003906,-0.0791377653528476,1.5439114556294815,-2.238088585397545,-1.989568097892792,-1.095160658011221,0.8602103446022008,0.0131522009583411,2.568107202890672,0.0034032356307205,1.6719146260925035
30.0,193.0,130.0800018310547,-0.0236980391134553,1.610427715058529,-2.4631412039681235,-2.1987181579718422,-1.1336038791991887,0.8478221618066852,0.0263386249220797,2.5512294288769803,0.1137275782729303,1.6985162159480909
30.0,193.0,205.40724182128903,-1.2471719392371754,0.7338063691250966,-3.6956164114227614,-2.6893020048638974,-1.4361633841990469,0.7509499775402746,-0.0265320376388999,2.5844589496606782,0.2214973721181175,2.0621365244733765
30.0,193.0,130.07513427734375,-0.0242529382649932,1.6120217876473455,-2.4626885592528645,-2.198316157315102,-1.1367345053143434,0.8460262821244707,0.0247354937706482,2.5534955328963216,0.1140913593399227,1.7005274982835783
30.0,193.0,130.08377075195312,-0.0214442811006346,1.614034658336803,-2.462398747984879,-2.19685108012835,-1.1331352927185578,0.8442867294381732,0.0268368301606611,2.5556721158436644,0.1158690066854578,1.698059507679797
30.0,193.0,130.11410522460938,-0.0218016934742026,1.6191348388489442,-2.4656823278995814,-2.198836195145661,-1.1330190954162496,0.8428443856200799,0.0245241206594581,2.5545608341067783,0.114952402822646,1.7035683454776605
30.0,193.0,130.14947509765625,-0.0265878033432111,1.6057191627870409,-2.471715409892107,-2.198689063139184,-1.1321482627601072,0.8544690238115497,0.0344679859174902,2.5581475898083745,0.1223609757607841,1.7148494574260558
30.0,193.0,130.09400939941406,-0.0268993225807057,1.609624953122047,-2.463323841560391,-2.1991398059123326,-1.1368782246200333,0.8479548448777308,0.0275958228125492,2.5572579675745946,0.1149468801703433,1.7014833006616188
30.0,193.0,217.80987548828125,-0.7399219093249991,0.6265199654248446,-3.3812386568411683,-3.115740592719888,-2.4970438835882924,0.4187495791001843,-0.1164287251613381,2.541142812644273,0.2703581298861386,2.0687642066891287
30.0,193.0,201.7044219970703,-0.6552952230338768,0.789537644755984,-3.131677153117997,-2.725862189701337,-1.327890814222953,0.7257755438118074,-0.0264966475501739,2.5879562114865826,0.2411740536822892,2.06908069814025
30.0,193.0,130.08143615722656,-0.023419079523893,1.6098160999443256,-2.4628181008063743,-2.197467763684214,-1.1360525912658117,0.8469279197742343,0.0249881225729552,2.5515818630506804,0.1155470718154509,1.6983856995417494
30.0,193.0,130.09609985351562,-0.0225439512229778,1.6129740158219448,-2.463992923617748,-2.1976682091003394,-1.1413437328785172,0.8463787768989501,0.0240697169203497,2.5521784570720687,0.1157258347631005,1.7059758753203424
30.0,193.0,130.0829315185547,-0.0258582259761484,1.6109680031810276,-2.4642937807572123,-2.197466798690901,-1.132460188389793,0.8474055779706137,0.0266957757819408,2.555990838368642,0.1143832802124704,1.6994602883694518
30.0,193.0,130.12234497070312,-0.0281963023023564,1.607983138766233,-2.47207220348178,-2.1982003957362166,-1.1322205757454529,0.847318403553332,0.0241631196656896,2.558210017809466,0.1219390633187435,1.7150237467066978
30.0,193.0,130.08216857910156,-0.0257587914159671,1.610558991664121,-2.4643000932343826,-2.198095761917553,-1.1331872128695446,0.8475819289434379,0.0273743082842861,2.55583922488324,0.1143184554415994,1.699544666362954
30.0,193.0,220.53668212890625,-1.2171966783311097,0.4756538204269566,-3.473961005955754,-3.088961056374514,-1.704597891261704,0.4920041034137272,-0.0918239354140258,2.562499878329205,0.3992523830963432,2.654374933471221
30.0,193.0,130.07388305664062,-0.020739536339126,1.609301680491739,-2.46551036271206,-2.197528831700552,-1.1334642213244674,0.8470905878003124,0.0249507188457914,2.5532268553903643,0.114522518619324,1.6990059713907515
30.0,193.0,130.0785675048828,-0.0234651869221217,1.6093055283520208,-2.467829597258578,-2.1986780889732573,-1.1334961173343232,0.8455063051187952,0.0240362322720461,2.5535046889588937,0.1154242791713973,1.6985097526781765
30.0,193.0,130.09788513183594,-0.0222357662288937,1.613043775025352,-2.4588578643544365,-2.197215012366872,-1.133685263931472,0.8477791039145226,0.0288151555250726,2.55614319343599,0.1161050641296915,1.6959009975520924
30.0,193.0,130.0736541748047,-0.0228352032049,1.6086930579334642,-2.466182677801568,-2.197712172117707,-1.133909450064813,0.8452636328445928,0.0250408881630927,2.553138383607169,0.1145435856715737,1.6995478767932992
30.0,193.0,130.090087890625,-0.0255910004035406,1.607760453853289,-2.466232385154148,-2.197888276254106,-1.1318622182061313,0.8476767765573086,0.0265144606299574,2.551587951354051,0.1135850241334414,1.7048674688642018
30.0,193.0,205.4263153076172,-1.0610826982318322,0.7387432132212964,-3.5269101097837323,-2.588175478326636,-1.3746018730768372,0.7544874944278932,-0.0259144887775997,2.5909527780546773,0.210068459110206,2.063579531483645
30.0,193.0,130.07302856445312,-0.021601863709611,1.6090304802158366,-2.465433248617948,-2.197660870042485,-1.1335822255848234,0.8463874909612131,0.0253909823231447,2.5535066732437244,0.1144541623373936,1.6995347586002725
30.0,193.0,130.12106323242188,-0.0268418524415132,1.607971210081246,-2.4712624494244704,-2.199058154505161,-1.1332600567613618,0.8443475714739972,0.0232630546507814,2.5573724150402186,0.1239606100015764,1.7152180370041608
30.0,193.0,130.1245880126953,-0.0256515987366993,1.6087011634792323,-2.4640186804912303,-2.1973753085354883,-1.1282278785645965,0.8496377920824078,0.0261518172336887,2.556570851570908,0.1141166158235702,1.6839417823636842
30.0,193.0,203.7299041748047,-1.4671963034076896,0.7718039591814964,-3.521820860113768,-2.7055890962796987,-1.3850800460590984,0.7492558679810841,0.0041742840984898,2.5864682179734686,0.2295821296873494,1.9406396168518183
30.0,193.0,240.0376892089844,-0.818985015422538,0.7325545795717203,-3.463958090524869,-3.1745869837099026,-1.9281247841715203,0.2058466922336207,-0.3766659363291286,2.6001316734345754,0.2265875295001577,2.1979228280822705
30.0,193.0,130.10414123535156,-0.022277327589736,1.6089541280983422,-2.465397203588818,-2.1979629105210643,-1.141275168485518,0.8463827631187484,0.0250784023117027,2.557835031368615,0.1143516468970876,1.699481594232408
30.0,193.0,130.0700225830078,-0.021554109745988,1.6120439753754856,-2.4634945447088183,-2.1977249787071043,-1.1359977360920583,0.8464675320695966,0.0248784910245729,2.5535928169217965,0.114511753033331,1.699528858876211
30.0,193.0,130.07696533203125,-0.0202622122789567,1.6151717811343629,-2.464616267269285,-2.1987578800680967,-1.1372591475457765,0.8465414953613142,0.0247216369755508,2.5536238599145844,0.1142445295431188,1.6992579023291654
30.0,193.0,130.1483154296875,-0.0275914564491359,1.6025853398429613,-2.4696357611751845,-2.2066023363701146,-1.1327268692418329,0.8490465012714042,0.0273886671575012,2.557676004069114,0.1189562630161606,1.7028423325895643
30.0,193.0,130.09596252441406,-0.0267700017881518,1.607963802271796,-2.463894573138408,-2.1968028580641845,-1.135257649520309,0.8493750549085285,0.025443114961393,2.556572105823862,0.1131479800481685,1.7007746024894883
30.0,193.0,189.8350372314453,-0.1826832746806023,1.2246924260983767,-3.051692949797575,-2.5251921961081663,-1.2384936766473484,0.6872030904694896,-0.0825022686502461,2.5307295125858014,0.2549907431703788,2.0724364628185
30.0,193.0,130.07601928710938,-0.0214398015576252,1.610830350359027,-2.4674631381338687,-2.1979022717097685,-1.1355896322116432,0.8461281272315199,0.0259650807593801,2.552224376577876,0.1142449159664444,1.6991124640474666
30.0,193.0,130.08673095703125,-0.0259249521584827,1.6111617920405366,-2.4638036946707764,-2.196573498713516,-1.1354040681667157,0.847146053938228,0.0273478988437227,2.5568787872229315,0.1157501387388378,1.69962402858483
30.0,193.0,242.24465942382807,-0.6765068837044388,0.5731721926803546,-3.182363211629109,-3.115613068305457,-2.833970604240305,0.5175124438082294,-0.1119189164304249,2.549271617641784,0.2717736279602655,1.804321352114272
30.0,193.0,210.119873046875,-0.7610068930568665,0.5642124147423887,-3.726421416211226,-2.7995431788777383,-1.3708891968054873,0.679066308131347,0.0234932080174868,2.5843400721228726,0.297657964549431,2.1950618999519365
30.0,193.0,130.0851287841797,-0.0241387443395764,1.607929920902394,-2.464692772100721,-2.2003325234164746,-1.134913473950822,0.8450721221981081,0.0275432344480919,2.555001419768634,0.1125268314340763,1.698405709932176
30.0,193.0,130.0829315185547,-0.0219177274938178,1.6148404659647386,-2.4621801552006506,-2.192769767502081,-1.1341273010720292,0.8463126473172891,0.0240821058337177,2.5526874460321767,0.1149364647144317,1.7046392509627386
30.0,193.0,205.575927734375,-0.8160173862793221,0.5906195673798553,-3.5501247184478806,-2.9220737949502533,-1.5276746941164658,0.7254873283981647,-0.0189028447691116,2.5943872451814447,0.2168908645567235,1.9760531472632008
30.0,193.0,130.07366943359375,-0.0231433441853775,1.6089457594010723,-2.465394701512804,-2.19770501073874,-1.133605075382985,0.8459282267841368,0.0261900069189221,2.553354802866364,0.1136228896486271,1.6988043558253028
30.0,193.0,130.07794189453125,-0.0249359173934155,1.6090246651285076,-2.4655006388149503,-2.197667198601758,-1.1336620718138035,0.8480610165166518,0.0232494852839182,2.5534310934325224,0.1140342808555138,1.6995283164478416
30.0,193.0,130.07522583007812,-0.0200680879128219,1.6106776392634117,-2.4627167812128645,-2.197481487254611,-1.133507576579603,0.8483846654668564,0.0247689304840522,2.5537363931241983,0.114193162427612,1.6997995669335622
30.0,193.0,130.7325439453125,-0.0174304982398163,1.6097558683626787,-2.496839976364868,-2.20286734480862,-1.1245441079221736,0.8507478314258827,0.018212352797837,2.5567545385483363,0.1181929985504311,1.681529723757322
30.0,193.0,130.07916259765625,-0.0197888218847241,1.6082215684285377,-2.464381860829168,-2.196743720586615,-1.135180511310663,0.8455382001693192,0.0241072509314555,2.553853380585432,0.1141767217277002,1.6962076528714904
30.0,193.0,130.082275390625,-0.0223025448142522,1.6109910734424546,-2.46486280895181,-2.1984467293495147,-1.1359776978053675,0.8463987187976559,0.0278954014718778,2.551831416281729,0.1148877218392649,1.697498056596232
30.0,193.0,130.103515625,-0.017634287632076,1.6175763186662526,-2.4605915020411304,-2.1982471439658395,-1.1309105961179895,0.8465772924674633,0.0209681639736991,2.553118750461111,0.1163206224202833,1.6992472247487254
30.0,193.0,130.0791473388672,-0.0244843745361882,1.608315023996127,-2.465422869550874,-2.197807054466305,-1.1336790673736905,0.848045523371442,0.0272356747228321,2.552860904142493,0.114087478866539,1.698683783494457
30.0,193.0,131.2361602783203,-0.0220692456970595,1.59744718855561,-2.4749331952861127,-2.242386412278529,-1.1309225678285506,0.8523441005269395,0.033251440959556,2.5580831916685187,0.1558555047697084,1.8390339515386167
30.0,194.0,130.08706665039062,-0.0268215443462787,1.6098540217857014,-2.46403769562482,-2.1967828871056394,-1.135938910610692,0.847752979648084,0.0268838171900771,2.556287737654379,0.1156623813214139,1.7019411288653454
30.0,194.0,179.88331604003906,-0.0791377653528476,1.5439114556294815,-2.238088585397545,-1.989568097892792,-1.095160658011221,0.8602103446022008,0.0131522009583411,2.568107202890672,0.0034032356307205,1.6719146260925035
30.0,194.0,130.07696533203125,-0.0207779206144047,1.614487836531553,-2.463411325821504,-2.197067775838648,-1.1334417486558064,0.8471786904191266,0.0254385555166282,2.552741938875776,0.1154630623847073,1.6981339565191966
30.0,194.0,205.40724182128903,-1.2471719392371754,0.7338063691250966,-3.6956164114227614,-2.6893020048638974,-1.4361633841990469,0.7509499775402746,-0.0265320376388999,2.5844589496606782,0.2214973721181175,2.0621365244733765
30.0,194.0,130.07423400878906,-0.0178208595884702,1.6127352201280043,-2.4629266901703417,-2.1976913673940675,-1.136492349099944,0.8466195928533995,0.0245656042132399,2.553540055529984,0.1137941179742101,1.698023876554894
30.0,194.0,130.08377075195312,-0.0214442811006346,1.614034658336803,-2.462398747984879,-2.19685108012835,-1.1331352927185578,0.8442867294381732,0.0268368301606611,2.5556721158436644,0.1158690066854578,1.698059507679797
30.0,194.0,130.1014862060547,-0.0218423823760997,1.6192201332856115,-2.463255323282563,-2.1987863849723617,-1.1358757836379922,0.8425187284580442,0.0243223593318017,2.553736857346243,0.1148803752303347,1.698777583785596
30.0,194.0,130.14947509765625,-0.0265878033432111,1.6057191627870409,-2.471715409892107,-2.198689063139184,-1.1321482627601072,0.8544690238115497,0.0344679859174902,2.5581475898083745,0.1223609757607841,1.7148494574260558
30.0,194.0,130.09400939941406,-0.0268993225807057,1.609624953122047,-2.463323841560391,-2.1991398059123326,-1.1368782246200333,0.8479548448777308,0.0275958228125492,2.5572579675745946,0.1149468801703433,1.7014833006616188
30.0,194.0,217.80987548828125,-0.7399219093249991,0.6265199654248446,-3.3812386568411683,-3.115740592719888,-2.4970438835882924,0.4187495791001843,-0.1164287251613381,2.541142812644273,0.2703581298861386,2.0687642066891287
30.0,194.0,201.7044219970703,-0.6552952230338768,0.789537644755984,-3.131677153117997,-2.725862189701337,-1.327890814222953,0.7257755438118074,-0.0264966475501739,2.5879562114865826,0.2411740536822892,2.06908069814025
30.0,194.0,130.08143615722656,-0.023419079523893,1.6098160999443256,-2.4628181008063743,-2.197467763684214,-1.1360525912658117,0.8469279197742343,0.0249881225729552,2.5515818630506804,0.1155470718154509,1.6983856995417494
30.0,194.0,130.09609985351562,-0.0225439512229778,1.6129740158219448,-2.463992923617748,-2.1976682091003394,-1.1413437328785172,0.8463787768989501,0.0240697169203497,2.5521784570720687,0.1157258347631005,1.7059758753203424
30.0,194.0,130.0829315185547,-0.0258582259761484,1.6109680031810276,-2.4642937807572123,-2.197466798690901,-1.132460188389793,0.8474055779706137,0.0266957757819408,2.555990838368642,0.1143832802124704,1.6994602883694518
30.0,194.0,130.12234497070312,-0.0281963023023564,1.607983138766233,-2.47207220348178,-2.1982003957362166,-1.1322205757454529,0.847318403553332,0.0241631196656896,2.558210017809466,0.1219390633187435,1.7150237467066978
30.0,194.0,130.08216857910156,-0.0257587914159671,1.610558991664121,-2.4643000932343826,-2.198095761917553,-1.1331872128695446,0.8475819289434379,0.0273743082842861,2.55583922488324,0.1143184554415994,1.699544666362954
30.0,194.0,220.53668212890625,-1.2171966783311097,0.4756538204269566,-3.473961005955754,-3.088961056374514,-1.704597891261704,0.4920041034137272,-0.0918239354140258,2.562499878329205,0.3992523830963432,2.654374933471221
30.0,194.0,130.07388305664062,-0.020739536339126,1.609301680491739,-2.46551036271206,-2.197528831700552,-1.1334642213244674,0.8470905878003124,0.0249507188457914,2.5532268553903643,0.114522518619324,1.6990059713907515
30.0,194.0,130.0785675048828,-0.0234651869221217,1.6093055283520208,-2.467829597258578,-2.1986780889732573,-1.1334961173343232,0.8455063051187952,0.0240362322720461,2.5535046889588937,0.1154242791713973,1.6985097526781765
30.0,194.0,130.09788513183594,-0.0222357662288937,1.613043775025352,-2.4588578643544365,-2.197215012366872,-1.133685263931472,0.8477791039145226,0.0288151555250726,2.55614319343599,0.1161050641296915,1.6959009975520924
30.0,194.0,130.0736541748047,-0.0228352032049,1.6086930579334642,-2.466182677801568,-2.197712172117707,-1.133909450064813,0.8452636328445928,0.0250408881630927,2.553138383607169,0.1145435856715737,1.6995478767932992
30.0,194.0,130.0876922607422,-0.0251277362275251,1.6095710081768704,-2.465060514071624,-2.197594241702287,-1.1300578706519726,0.8452630370535077,0.0245491873164036,2.553700968755765,0.1143264282463757,1.701890674505353
30.0,194.0,205.4263153076172,-1.0610826982318322,0.7387432132212964,-3.5269101097837323,-2.588175478326636,-1.3746018730768372,0.7544874944278932,-0.0259144887775997,2.5909527780546773,0.210068459110206,2.063579531483645
30.0,194.0,130.07302856445312,-0.021601863709611,1.6090304802158366,-2.465433248617948,-2.197660870042485,-1.1335822255848234,0.8463874909612131,0.0253909823231447,2.5535066732437244,0.1144541623373936,1.6995347586002725
30.0,194.0,130.12106323242188,-0.0268418524415132,1.607971210081246,-2.4712624494244704,-2.199058154505161,-1.1332600567613618,0.8443475714739972,0.0232630546507814,2.5573724150402186,0.1239606100015764,1.7152180370041608
30.0,194.0,130.1245880126953,-0.0256515987366993,1.6087011634792323,-2.4640186804912303,-2.1973753085354883,-1.1282278785645965,0.8496377920824078,0.0261518172336887,2.556570851570908,0.1141166158235702,1.6839417823636842
30.0,194.0,203.7299041748047,-1.4671963034076896,0.7718039591814964,-3.521820860113768,-2.7055890962796987,-1.3850800460590984,0.7492558679810841,0.0041742840984898,2.5864682179734686,0.2295821296873494,1.9406396168518183
30.0,194.0,240.0376892089844,-0.818985015422538,0.7325545795717203,-3.463958090524869,-3.1745869837099026,-1.9281247841715203,0.2058466922336207,-0.3766659363291286,2.6001316734345754,0.2265875295001577,2.1979228280822705
30.0,194.0,130.08416748046875,-0.0215161574037637,1.6126939098788846,-2.463317209327855,-2.1970145008886166,-1.1372249279208115,0.845466677996362,0.0248279977340134,2.549179804862672,0.1144355477337464,1.6995401309888971
30.0,194.0,130.0700225830078,-0.021554109745988,1.6120439753754856,-2.4634945447088183,-2.1977249787071043,-1.1359977360920583,0.8464675320695966,0.0248784910245729,2.5535928169217965,0.114511753033331,1.699528858876211
30.0,194.0,130.07696533203125,-0.0202622122789567,1.6151717811343629,-2.464616267269285,-2.1987578800680967,-1.1372591475457765,0.8465414953613142,0.0247216369755508,2.5536238599145844,0.1142445295431188,1.6992579023291654
30.0,194.0,130.1483154296875,-0.0275914564491359,1.6025853398429613,-2.4696357611751845,-2.2066023363701146,-1.1327268692418329,0.8490465012714042,0.0273886671575012,2.557676004069114,0.1189562630161606,1.7028423325895643
30.0,194.0,130.09596252441406,-0.0267700017881518,1.607963802271796,-2.463894573138408,-2.1968028580641845,-1.135257649520309,0.8493750549085285,0.025443114961393,2.556572105823862,0.1131479800481685,1.7007746024894883
30.0,194.0,189.8350372314453,-0.1826832746806023,1.2246924260983767,-3.051692949797575,-2.5251921961081663,-1.2384936766473484,0.6872030904694896,-0.0825022686502461,2.5307295125858014,0.2549907431703788,2.0724364628185
30.0,194.0,130.07601928710938,-0.0214398015576252,1.610830350359027,-2.4674631381338687,-2.1979022717097685,-1.1355896322116432,0.8461281272315199,0.0259650807593801,2.552224376577876,0.1142449159664444,1.6991124640474666
30.0,194.0,130.08673095703125,-0.0259249521584827,1.6111617920405366,-2.4638036946707764,-2.196573498713516,-1.1354040681667157,0.847146053938228,0.0273478988437227,2.5568787872229315,0.1157501387388378,1.69962402858483
30.0,194.0,242.24465942382807,-0.6765068837044388,0.5731721926803546,-3.182363211629109,-3.115613068305457,-2.833970604240305,0.5175124438082294,-0.1119189164304249,2.549271617641784,0.2717736279602655,1.804321352114272
30.0,194.0,210.119873046875,-0.7610068930568665,0.5642124147423887,-3.726421416211226,-2.7995431788777383,-1.3708891968054873,0.679066308131347,0.0234932080174868,2.5843400721228726,0.297657964549431,2.1950618999519365
30.0,194.0,130.0851287841797,-0.0241387443395764,1.607929920902394,-2.464692772100721,-2.2003325234164746,-1.134913473950822,0.8450721221981081,0.0275432344480919,2.555001419768634,0.1125268314340763,1.698405709932176
30.0,194.0,130.0829315185547,-0.0219177274938178,1.6148404659647386,-2.4621801552006506,-2.192769767502081,-1.1341273010720292,0.8463126473172891,0.0240821058337177,2.5526874460321767,0.1149364647144317,1.7046392509627386
30.0,194.0,205.575927734375,-0.8160173862793221,0.5906195673798553,-3.5501247184478806,-2.9220737949502533,-1.5276746941164658,0.7254873283981647,-0.0189028447691116,2.5943872451814447,0.2168908645567235,1.9760531472632008
30.0,194.0,130.07366943359375,-0.0231433441853775,1.6089457594010723,-2.465394701512804,-2.19770501073874,-1.133605075382985,0.8459282267841368,0.0261900069189221,2.553354802866364,0.1136228896486271,1.6988043558253028
30.0,194.0,130.07754516601562,-0.0189239216821135,1.6131933931014155,-2.465176029832575,-2.197660479186702,-1.1370960157224463,0.844954838133013,0.0268404703986577,2.553496531594118,0.1144671802821469,1.6988343145930478
30.0,194.0,130.07522583007812,-0.0200680879128219,1.6106776392634117,-2.4627167812128645,-2.197481487254611,-1.133507576579603,0.8483846654668564,0.0247689304840522,2.5537363931241983,0.114193162427612,1.6997995669335622
30.0,194.0,130.7325439453125,-0.0174304982398163,1.6097558683626787,-2.496839976364868,-2.20286734480862,-1.1245441079221736,0.8507478314258827,0.018212352797837,2.5567545385483363,0.1181929985504311,1.681529723757322
30.0,194.0,130.07916259765625,-0.0197888218847241,1.6082215684285377,-2.464381860829168,-2.196743720586615,-1.135180511310663,0.8455382001693192,0.0241072509314555,2.553853380585432,0.1141767217277002,1.6962076528714904
30.0,194.0,130.082275390625,-0.0223025448142522,1.6109910734424546,-2.46486280895181,-2.1984467293495147,-1.1359776978053675,0.8463987187976559,0.0278954014718778,2.551831416281729,0.1148877218392649,1.697498056596232
30.0,194.0,130.103515625,-0.017634287632076,1.6175763186662526,-2.4605915020411304,-2.1982471439658395,-1.1309105961179895,0.8465772924674633,0.0209681639736991,2.553118750461111,0.1163206224202833,1.6992472247487254
30.0,194.0,130.0791473388672,-0.0244843745361882,1.608315023996127,-2.465422869550874,-2.197807054466305,-1.1336790673736905,0.848045523371442,0.0272356747228321,2.552860904142493,0.114087478866539,1.698683783494457
30.0,194.0,131.2361602783203,-0.0220692456970595,1.59744718855561,-2.4749331952861127,-2.242386412278529,-1.1309225678285506,0.8523441005269395,0.033251440959556,2.5580831916685187,0.1558555047697084,1.8390339515386167
30.0,195.0,130.08706665039062,-0.0268215443462787,1.6098540217857014,-2.46403769562482,-2.1967828871056394,-1.135938910610692,0.847752979648084,0.0268838171900771,2.556287737654379,0.1156623813214139,1.7019411288653454
30.0,195.0,179.88331604003906,-0.0791377653528476,1.5439114556294815,-2.238088585397545,-1.989568097892792,-1.095160658011221,0.8602103446022008,0.0131522009583411,2.568107202890672,0.0034032356307205,1.6719146260925035
30.0,195.0,130.07696533203125,-0.0207779206144047,1.614487836531553,-2.463411325821504,-2.197067775838648,-1.1334417486558064,0.8471786904191266,0.0254385555166282,2.552741938875776,0.1154630623847073,1.6981339565191966
30.0,195.0,205.40724182128903,-1.2471719392371754,0.7338063691250966,-3.6956164114227614,-2.6893020048638974,-1.4361633841990469,0.7509499775402746,-0.0265320376388999,2.5844589496606782,0.2214973721181175,2.0621365244733765
30.0,195.0,130.07423400878906,-0.0178208595884702,1.6127352201280043,-2.4629266901703417,-2.1976913673940675,-1.136492349099944,0.8466195928533995,0.0245656042132399,2.553540055529984,0.1137941179742101,1.698023876554894
30.0,195.0,130.08377075195312,-0.0214442811006346,1.614034658336803,-2.462398747984879,-2.19685108012835,-1.1331352927185578,0.8442867294381732,0.0268368301606611,2.5556721158436644,0.1158690066854578,1.698059507679797
30.0,195.0,130.09957885742188,-0.021445409045276,1.6046114082420646,-2.463205422246616,-2.195810553370799,-1.13533486655857,0.8438292640939221,0.0242884811384633,2.5539158794089887,0.1142220676337869,1.6988451048409203
30.0,195.0,130.14947509765625,-0.0265878033432111,1.6057191627870409,-2.471715409892107,-2.198689063139184,-1.1321482627601072,0.8544690238115497,0.0344679859174902,2.5581475898083745,0.1223609757607841,1.7148494574260558
30.0,195.0,130.09400939941406,-0.0268993225807057,1.609624953122047,-2.463323841560391,-2.1991398059123326,-1.1368782246200333,0.8479548448777308,0.0275958228125492,2.5572579675745946,0.1149468801703433,1.7014833006616188
30.0,195.0,217.80987548828125,-0.7399219093249991,0.6265199654248446,-3.3812386568411683,-3.115740592719888,-2.4970438835882924,0.4187495791001843,-0.1164287251613381,2.541142812644273,0.2703581298861386,2.0687642066891287
30.0,195.0,201.7044219970703,-0.6552952230338768,0.789537644755984,-3.131677153117997,-2.725862189701337,-1.327890814222953,0.7257755438118074,-0.0264966475501739,2.5879562114865826,0.2411740536822892,2.06908069814025
30.0,195.0,130.0747833251953,-0.0186429728022343,1.6112408594557937,-2.464795530621436,-2.1975488421181746,-1.1364030131243197,0.8463715654328616,0.0248535992848903,2.554744033474555,0.1141229857953542,1.7002202970418618
30.0,195.0,130.07456970214844,-0.0214045678408284,1.6129394608328032,-2.464194977379521,-2.197621690322114,-1.1315387995177113,0.8463750525599749,0.0244916516028919,2.5532905914003377,0.1136931752081869,1.697235411118169
30.0,195.0,130.0829315185547,-0.0258582259761484,1.6109680031810276,-2.4642937807572123,-2.197466798690901,-1.132460188389793,0.8474055779706137,0.0266957757819408,2.555990838368642,0.1143832802124704,1.6994602883694518
30.0,195.0,130.1075897216797,-0.0159773544399201,1.6121755644365063,-2.4647359585974096,-2.1972868197841926,-1.1362364953196686,0.8465807505582068,0.0250528519421422,2.553668902788296,0.1080747033324974,1.6990196532249071
30.0,195.0,130.08216857910156,-0.0257587914159671,1.610558991664121,-2.4643000932343826,-2.198095761917553,-1.1331872128695446,0.8475819289434379,0.0273743082842861,2.55583922488324,0.1143184554415994,1.699544666362954
30.0,195.0,220.53668212890625,-1.2171966783311097,0.4756538204269566,-3.473961005955754,-3.088961056374514,-1.704597891261704,0.4920041034137272,-0.0918239354140258,2.562499878329205,0.3992523830963432,2.654374933471221
30.0,195.0,130.07192993164062,-0.0218789672382226,1.6130991525116911,-2.464129203250892,-2.197797400159945,-1.1365579375722683,0.8459300857215059,0.0254939135035334,2.5534131396693844,0.1145614441775,1.6994609155777831
30.0,195.0,130.0785675048828,-0.0234651869221217,1.6093055283520208,-2.467829597258578,-2.1986780889732573,-1.1334961173343232,0.8455063051187952,0.0240362322720461,2.5535046889588937,0.1154242791713973,1.6985097526781765
30.0,195.0,130.09788513183594,-0.0222357662288937,1.613043775025352,-2.4588578643544365,-2.197215012366872,-1.133685263931472,0.8477791039145226,0.0288151555250726,2.55614319343599,0.1161050641296915,1.6959009975520924
30.0,195.0,130.0736541748047,-0.0228352032049,1.6086930579334642,-2.466182677801568,-2.197712172117707,-1.133909450064813,0.8452636328445928,0.0250408881630927,2.553138383607169,0.1145435856715737,1.6995478767932992
30.0,195.0,130.07859802246094,-0.0230789653427027,1.6133926939982748,-2.4610414484872827,-2.197884583391435,-1.13399400094477,0.8479203928578742,0.024312996452334,2.553625047302772,0.11465656092085,1.6998613144468635
30.0,195.0,205.4263153076172,-1.0610826982318322,0.7387432132212964,-3.5269101097837323,-2.588175478326636,-1.3746018730768372,0.7544874944278932,-0.0259144887775997,2.5909527780546773,0.210068459110206,2.063579531483645
30.0,195.0,130.07302856445312,-0.021601863709611,1.6090304802158366,-2.465433248617948,-2.197660870042485,-1.1335822255848234,0.8463874909612131,0.0253909823231447,2.5535066732437244,0.1144541623373936,1.6995347586002725
30.0,195.0,130.12106323242188,-0.0268418524415132,1.607971210081246,-2.4712624494244704,-2.199058154505161,-1.1332600567613618,0.8443475714739972,0.0232630546507814,2.5573724150402186,0.1239606100015764,1.7152180370041608
30.0,195.0,130.1245880126953,-0.0256515987366993,1.6087011634792323,-2.4640186804912303,-2.1973753085354883,-1.1282278785645965,0.8496377920824078,0.0261518172336887,2.556570851570908,0.1141166158235702,1.6839417823636842
30.0,195.0,203.7299041748047,-1.4671963034076896,0.7718039591814964,-3.521820860113768,-2.7055890962796987,-1.3850800460590984,0.7492558679810841,0.0041742840984898,2.5864682179734686,0.2295821296873494,1.9406396168518183
30.0,195.0,240.0376892089844,-0.818985015422538,0.7325545795717203,-3.463958090524869,-3.1745869837099026,-1.9281247841715203,0.2058466922336207,-0.3766659363291286,2.6001316734345754,0.2265875295001577,2.1979228280822705
30.0,195.0,130.0735321044922,-0.0213613274646649,1.6132295375451438,-2.463189842857856,-2.1969147971748875,-1.132699540026101,0.8452642408368983,0.0249113297432079,2.5523000121548263,0.114457885647639,1.6995138897195403
30.0,195.0,130.0700225830078,-0.021554109745988,1.6120439753754856,-2.4634945447088183,-2.1977249787071043,-1.1359977360920583,0.8464675320695966,0.0248784910245729,2.5535928169217965,0.114511753033331,1.699528858876211
30.0,195.0,130.07376098632812,-0.0217941003584672,1.6146283137720885,-2.463885085980127,-2.1977259465677097,-1.135669550773667,0.8462820138472943,0.0250042061220464,2.553619839863498,0.1143042373310661,1.7010771562914433
30.0,195.0,130.1483154296875,-0.0275914564491359,1.6025853398429613,-2.4696357611751845,-2.2066023363701146,-1.1327268692418329,0.8490465012714042,0.0273886671575012,2.557676004069114,0.1189562630161606,1.7028423325895643
30.0,195.0,130.09596252441406,-0.0267700017881518,1.607963802271796,-2.463894573138408,-2.1968028580641845,-1.135257649520309,0.8493750549085285,0.025443114961393,2.556572105823862,0.1131479800481685,1.7007746024894883
30.0,195.0,189.8350372314453,-0.1826832746806023,1.2246924260983767,-3.051692949797575,-2.5251921961081663,-1.2384936766473484,0.6872030904694896,-0.0825022686502461,2.5307295125858014,0.2549907431703788,2.0724364628185
30.0,195.0,130.07601928710938,-0.0214398015576252,1.610830350359027,-2.4674631381338687,-2.1979022717097685,-1.1355896322116432,0.8461281272315199,0.0259650807593801,2.552224376577876,0.1142449159664444,1.6991124640474666
30.0,195.0,130.08673095703125,-0.0259249521584827,1.6111617920405366,-2.4638036946707764,-2.196573498713516,-1.1354040681667157,0.847146053938228,0.0273478988437227,2.5568787872229315,0.1157501387388378,1.69962402858483
30.0,195.0,242.24465942382807,-0.6765068837044388,0.5731721926803546,-3.182363211629109,-3.115613068305457,-2.833970604240305,0.5175124438082294,-0.1119189164304249,2.549271617641784,0.2717736279602655,1.804321352114272
30.0,195.0,210.119873046875,-0.7610068930568665,0.5642124147423887,-3.726421416211226,-2.7995431788777383,-1.3708891968054873,0.679066308131347,0.0234932080174868,2.5843400721228726,0.297657964549431,2.1950618999519365
30.0,195.0,130.0851287841797,-0.0241387443395764,1.607929920902394,-2.464692772100721,-2.2003325234164746,-1.134913473950822,0.8450721221981081,0.0275432344480919,2.555001419768634,0.1125268314340763,1.698405709932176
30.0,195.0,130.0829315185547,-0.0219177274938178,1.6148404659647386,-2.4621801552006506,-2.192769767502081,-1.1341273010720292,0.8463126473172891,0.0240821058337177,2.5526874460321767,0.1149364647144317,1.7046392509627386
30.0,195.0,205.575927734375,-0.8160173862793221,0.5906195673798553,-3.5501247184478806,-2.9220737949502533,-1.5276746941164658,0.7254873283981647,-0.0189028447691116,2.5943872451814447,0.2168908645567235,1.9760531472632008
30.0,195.0,130.07366943359375,-0.0231433441853775,1.6089457594010723,-2.465394701512804,-2.19770501073874,-1.133605075382985,0.8459282267841368,0.0261900069189221,2.553354802866364,0.1136228896486271,1.6988043558253028
30.0,195.0,130.07086181640625,-0.0215986381316293,1.6116993363312655,-2.4658949441027698,-2.197630551972648,-1.135990336469068,0.8458507437546763,0.0250114510151886,2.5536464300329635,0.1144647834998274,1.700158728993017
30.0,195.0,130.07522583007812,-0.0200680879128219,1.6106776392634117,-2.4627167812128645,-2.197481487254611,-1.133507576579603,0.8483846654668564,0.0247689304840522,2.5537363931241983,0.114193162427612,1.6997995669335622
30.0,195.0,130.7325439453125,-0.0174304982398163,1.6097558683626787,-2.496839976364868,-2.20286734480862,-1.1245441079221736,0.8507478314258827,0.018212352797837,2.5567545385483363,0.1181929985504311,1.681529723757322
30.0,195.0,130.07916259765625,-0.0197888218847241,1.6082215684285377,-2.464381860829168,-2.196743720586615,-1.135180511310663,0.8455382001693192,0.0241072509314555,2.553853380585432,0.1141767217277002,1.6962076528714904
30.0,195.0,130.082275390625,-0.0223025448142522,1.6109910734424546,-2.46486280895181,-2.1984467293495147,-1.1359776978053675,0.8463987187976559,0.0278954014718778,2.551831416281729,0.1148877218392649,1.697498056596232
30.0,195.0,130.103515625,-0.017634287632076,1.6175763186662526,-2.4605915020411304,-2.1982471439658395,-1.1309105961179895,0.8465772924674633,0.0209681639736991,2.553118750461111,0.1163206224202833,1.6992472247487254
30.0,195.0,130.0791473388672,-0.0244843745361882,1.608315023996127,-2.465422869550874,-2.197807054466305,-1.1336790673736905,0.848045523371442,0.0272356747228321,2.552860904142493,0.114087478866539,1.698683783494457
30.0,195.0,131.2361602783203,-0.0220692456970595,1.59744718855561,-2.4749331952861127,-2.242386412278529,-1.1309225678285506,0.8523441005269395,0.033251440959556,2.5580831916685187,0.1558555047697084,1.8390339515386167
30.0,196.0,130.08706665039062,-0.0268215443462787,1.6098540217857014,-2.46403769562482,-2.1967828871056394,-1.135938910610692,0.847752979648084,0.0268838171900771,2.556287737654379,0.1156623813214139,1.7019411288653454
30.0,196.0,179.88331604003906,-0.0791377653528476,1.5439114556294815,-2.238088585397545,-1.989568097892792,-1.095160658011221,0.8602103446022008,0.0131522009583411,2.568107202890672,0.0034032356307205,1.6719146260925035
30.0,196.0,130.07696533203125,-0.0207779206144047,1.614487836531553,-2.463411325821504,-2.197067775838648,-1.1334417486558064,0.8471786904191266,0.0254385555166282,2.552741938875776,0.1154630623847073,1.6981339565191966
30.0,196.0,205.40724182128903,-1.2471719392371754,0.7338063691250966,-3.6956164114227614,-2.6893020048638974,-1.4361633841990469,0.7509499775402746,-0.0265320376388999,2.5844589496606782,0.2214973721181175,2.0621365244733765
30.0,196.0,130.07423400878906,-0.0178208595884702,1.6127352201280043,-2.4629266901703417,-2.1976913673940675,-1.136492349099944,0.8466195928533995,0.0245656042132399,2.553540055529984,0.1137941179742101,1.698023876554894
30.0,196.0,130.078369140625,-0.0221038667665106,1.6078916957645455,-2.4631942323066496,-2.1982151577927422,-1.1349761966018972,0.8454591377199957,0.0257065806185353,2.5533771297480348,0.1141345567618424,1.6996489165279258
30.0,196.0,130.08029174804688,-0.0214910480742801,1.6155802671365762,-2.463672507743174,-2.1973247535993794,-1.1362764686686324,0.8480085881435645,0.0251390463168998,2.553413021180224,0.1141010110172053,1.7000125716089518
30.0,196.0,130.14947509765625,-0.0265878033432111,1.6057191627870409,-2.471715409892107,-2.198689063139184,-1.1321482627601072,0.8544690238115497,0.0344679859174902,2.5581475898083745,0.1223609757607841,1.7148494574260558
30.0,196.0,130.09400939941406,-0.0268993225807057,1.609624953122047,-2.463323841560391,-2.1991398059123326,-1.1368782246200333,0.8479548448777308,0.0275958228125492,2.5572579675745946,0.1149468801703433,1.7014833006616188
30.0,196.0,217.80987548828125,-0.7399219093249991,0.6265199654248446,-3.3812386568411683,-3.115740592719888,-2.4970438835882924,0.4187495791001843,-0.1164287251613381,2.541142812644273,0.2703581298861386,2.0687642066891287
30.0,196.0,201.7044219970703,-0.6552952230338768,0.789537644755984,-3.131677153117997,-2.725862189701337,-1.327890814222953,0.7257755438118074,-0.0264966475501739,2.5879562114865826,0.2411740536822892,2.06908069814025
30.0,196.0,130.07363891601562,-0.0179556500264767,1.612084453660384,-2.464819496329129,-2.1976240318421616,-1.135809273147118,0.8462742157624551,0.0249030976097793,2.5533559499852663,0.1144039197607608,1.6994103729090997
30.0,196.0,130.0695037841797,-0.0211467714439956,1.6121120294095113,-2.463596488152922,-2.1977800772262035,-1.1341805828371974,0.8463890998958314,0.0248255223035857,2.552918992714295,0.1129619543004429,1.6998339327250078
30.0,196.0,130.0829315185547,-0.0258582259761484,1.6109680031810276,-2.4642937807572123,-2.197466798690901,-1.132460188389793,0.8474055779706137,0.0266957757819408,2.555990838368642,0.1143832802124704,1.6994602883694518
30.0,196.0,130.1075897216797,-0.0159773544399201,1.6121755644365063,-2.4647359585974096,-2.1972868197841926,-1.1362364953196686,0.8465807505582068,0.0250528519421422,2.553668902788296,0.1080747033324974,1.6990196532249071
30.0,196.0,130.08216857910156,-0.0257587914159671,1.610558991664121,-2.4643000932343826,-2.198095761917553,-1.1331872128695446,0.8475819289434379,0.0273743082842861,2.55583922488324,0.1143184554415994,1.699544666362954
30.0,196.0,220.53668212890625,-1.2171966783311097,0.4756538204269566,-3.473961005955754,-3.088961056374514,-1.704597891261704,0.4920041034137272,-0.0918239354140258,2.562499878329205,0.3992523830963432,2.654374933471221
30.0,196.0,130.07192993164062,-0.0218789672382226,1.6130991525116911,-2.464129203250892,-2.197797400159945,-1.1365579375722683,0.8459300857215059,0.0254939135035334,2.5534131396693844,0.1145614441775,1.6994609155777831
30.0,196.0,130.0785675048828,-0.0234651869221217,1.6093055283520208,-2.467829597258578,-2.1986780889732573,-1.1334961173343232,0.8455063051187952,0.0240362322720461,2.5535046889588937,0.1154242791713973,1.6985097526781765
30.0,196.0,130.09788513183594,-0.0222357662288937,1.613043775025352,-2.4588578643544365,-2.197215012366872,-1.133685263931472,0.8477791039145226,0.0288151555250726,2.55614319343599,0.1161050641296915,1.6959009975520924
30.0,196.0,130.0736541748047,-0.0228352032049,1.6086930579334642,-2.466182677801568,-2.197712172117707,-1.133909450064813,0.8452636328445928,0.0250408881630927,2.553138383607169,0.1145435856715737,1.6995478767932992
30.0,196.0,130.07859802246094,-0.0230789653427027,1.6133926939982748,-2.4610414484872827,-2.197884583391435,-1.13399400094477,0.8479203928578742,0.024312996452334,2.553625047302772,0.11465656092085,1.6998613144468635
30.0,196.0,205.4263153076172,-1.0610826982318322,0.7387432132212964,-3.5269101097837323,-2.588175478326636,-1.3746018730768372,0.7544874944278932,-0.0259144887775997,2.5909527780546773,0.210068459110206,2.063579531483645
30.0,196.0,130.07302856445312,-0.021601863709611,1.6090304802158366,-2.465433248617948,-2.197660870042485,-1.1335822255848234,0.8463874909612131,0.0253909823231447,2.5535066732437244,0.1144541623373936,1.6995347586002725
30.0,196.0,130.12106323242188,-0.0268418524415132,1.607971210081246,-2.4712624494244704,-2.199058154505161,-1.1332600567613618,0.8443475714739972,0.0232630546507814,2.5573724150402186,0.1239606100015764,1.7152180370041608
30.0,196.0,130.1245880126953,-0.0256515987366993,1.6087011634792323,-2.4640186804912303,-2.1973753085354883,-1.1282278785645965,0.8496377920824078,0.0261518172336887,2.556570851570908,0.1141166158235702,1.6839417823636842
30.0,196.0,203.7299041748047,-1.4671963034076896,0.7718039591814964,-3.521820860113768,-2.7055890962796987,-1.3850800460590984,0.7492558679810841,0.0041742840984898,2.5864682179734686,0.2295821296873494,1.9406396168518183
30.0,196.0,240.0376892089844,-0.818985015422538,0.7325545795717203,-3.463958090524869,-3.1745869837099026,-1.9281247841715203,0.2058466922336207,-0.3766659363291286,2.6001316734345754,0.2265875295001577,2.1979228280822705
30.0,196.0,130.0735321044922,-0.0213613274646649,1.6132295375451438,-2.463189842857856,-2.1969147971748875,-1.132699540026101,0.8452642408368983,0.0249113297432079,2.5523000121548263,0.114457885647639,1.6995138897195403
30.0,196.0,130.0700225830078,-0.021554109745988,1.6120439753754856,-2.4634945447088183,-2.1977249787071043,-1.1359977360920583,0.8464675320695966,0.0248784910245729,2.5535928169217965,0.114511753033331,1.699528858876211
30.0,196.0,130.0728759765625,-0.0216569394474687,1.609619553927704,-2.4634715311975883,-2.197838048310748,-1.1360783326300736,0.8464831152829623,0.0248653341573594,2.553395849182689,0.1145114229809612,1.7013099526554587
30.0,196.0,130.1483154296875,-0.0275914564491359,1.6025853398429613,-2.4696357611751845,-2.2066023363701146,-1.1327268692418329,0.8490465012714042,0.0273886671575012,2.557676004069114,0.1189562630161606,1.7028423325895643
30.0,196.0,130.09596252441406,-0.0267700017881518,1.607963802271796,-2.463894573138408,-2.1968028580641845,-1.135257649520309,0.8493750549085285,0.025443114961393,2.556572105823862,0.1131479800481685,1.7007746024894883
30.0,196.0,189.8350372314453,-0.1826832746806023,1.2246924260983767,-3.051692949797575,-2.5251921961081663,-1.2384936766473484,0.6872030904694896,-0.0825022686502461,2.5307295125858014,0.2549907431703788,2.0724364628185
30.0,196.0,130.07601928710938,-0.0214398015576252,1.610830350359027,-2.4674631381338687,-2.1979022717097685,-1.1355896322116432,0.8461281272315199,0.0259650807593801,2.552224376577876,0.1142449159664444,1.6991124640474666
30.0,196.0,130.08673095703125,-0.0259249521584827,1.6111617920405366,-2.4638036946707764,-2.196573498713516,-1.1354040681667157,0.847146053938228,0.0273478988437227,2.5568787872229315,0.1157501387388378,1.69962402858483
30.0,196.0,242.24465942382807,-0.6765068837044388,0.5731721926803546,-3.182363211629109,-3.115613068305457,-2.833970604240305,0.5175124438082294,-0.1119189164304249,2.549271617641784,0.2717736279602655,1.804321352114272
30.0,196.0,210.119873046875,-0.7610068930568665,0.5642124147423887,-3.726421416211226,-2.7995431788777383,-1.3708891968054873,0.679066308131347,0.0234932080174868,2.5843400721228726,0.297657964549431,2.1950618999519365
30.0,196.0,130.0851287841797,-0.0241387443395764,1.607929920902394,-2.464692772100721,-2.2003325234164746,-1.134913473950822,0.8450721221981081,0.0275432344480919,2.555001419768634,0.1125268314340763,1.698405709932176
30.0,196.0,130.0829315185547,-0.0219177274938178,1.6148404659647386,-2.4621801552006506,-2.192769767502081,-1.1341273010720292,0.8463126473172891,0.0240821058337177,2.5526874460321767,0.1149364647144317,1.7046392509627386
30.0,196.0,205.575927734375,-0.8160173862793221,0.5906195673798553,-3.5501247184478806,-2.9220737949502533,-1.5276746941164658,0.7254873283981647,-0.0189028447691116,2.5943872451814447,0.2168908645567235,1.9760531472632008
30.0,196.0,130.07054138183594,-0.0228613982450662,1.6106535870140104,-2.46529216109466,-2.1977322645155284,-1.1353608003125977,0.8459772623241528,0.025085218777136,2.5540052859971567,0.1145950872465189,1.6987431536885813
30.0,196.0,130.07086181640625,-0.0215986381316293,1.6116993363312655,-2.4658949441027698,-2.197630551972648,-1.135990336469068,0.8458507437546763,0.0250114510151886,2.5536464300329635,0.1144647834998274,1.700158728993017
30.0,196.0,130.07522583007812,-0.0200680879128219,1.6106776392634117,-2.4627167812128645,-2.197481487254611,-1.133507576579603,0.8483846654668564,0.0247689304840522,2.5537363931241983,0.114193162427612,1.6997995669335622
30.0,196.0,130.7325439453125,-0.0174304982398163,1.6097558683626787,-2.496839976364868,-2.20286734480862,-1.1245441079221736,0.8507478314258827,0.018212352797837,2.5567545385483363,0.1181929985504311,1.681529723757322
30.0,196.0,130.07916259765625,-0.0197888218847241,1.6082215684285377,-2.464381860829168,-2.196743720586615,-1.135180511310663,0.8455382001693192,0.0241072509314555,2.553853380585432,0.1141767217277002,1.6962076528714904
30.0,196.0,130.082275390625,-0.0223025448142522,1.6109910734424546,-2.46486280895181,-2.1984467293495147,-1.1359776978053675,0.8463987187976559,0.0278954014718778,2.551831416281729,0.1148877218392649,1.697498056596232
30.0,196.0,130.103515625,-0.017634287632076,1.6175763186662526,-2.4605915020411304,-2.1982471439658395,-1.1309105961179895,0.8465772924674633,0.0209681639736991,2.553118750461111,0.1163206224202833,1.6992472247487254
30.0,196.0,130.0791473388672,-0.0244843745361882,1.608315023996127,-2.465422869550874,-2.197807054466305,-1.1336790673736905,0.848045523371442,0.0272356747228321,2.552860904142493,0.114087478866539,1.698683783494457
30.0,196.0,131.2361602783203,-0.0220692456970595,1.59744718855561,-2.4749331952861127,-2.242386412278529,-1.1309225678285506,0.8523441005269395,0.033251440959556,2.5580831916685187,0.1558555047697084,1.8390339515386167
30.0,197.0,130.08706665039062,-0.0268215443462787,1.6098540217857014,-2.46403769562482,-2.1967828871056394,-1.135938910610692,0.847752979648084,0.0268838171900771,2.556287737654379,0.1156623813214139,1.7019411288653454
30.0,197.0,179.88331604003906,-0.0791377653528476,1.5439114556294815,-2.238088585397545,-1.989568097892792,-1.095160658011221,0.8602103446022008,0.0131522009583411,2.568107202890672,0.0034032356307205,1.6719146260925035
30.0,197.0,130.07696533203125,-0.0207779206144047,1.614487836531553,-2.463411325821504,-2.197067775838648,-1.1334417486558064,0.8471786904191266,0.0254385555166282,2.552741938875776,0.1154630623847073,1.6981339565191966
30.0,197.0,205.40724182128903,-1.2471719392371754,0.7338063691250966,-3.6956164114227614,-2.6893020048638974,-1.4361633841990469,0.7509499775402746,-0.0265320376388999,2.5844589496606782,0.2214973721181175,2.0621365244733765
30.0,197.0,130.07423400878906,-0.0178208595884702,1.6127352201280043,-2.4629266901703417,-2.1976913673940675,-1.136492349099944,0.8466195928533995,0.0245656042132399,2.553540055529984,0.1137941179742101,1.698023876554894
30.0,197.0,130.0775909423828,-0.0209884913900038,1.6102254728355665,-2.464187738206604,-2.198018088006064,-1.1335314024783376,0.8454856132873282,0.0233237704103394,2.5539927765271337,0.1112661774179868,1.69909226313381
30.0,197.0,130.07899475097656,-0.020929509039887,1.6161861829503414,-2.4638412962327183,-2.198772127938199,-1.1362435237465325,0.8462735653232809,0.0252165231697489,2.5527485951059337,0.1135233741447122,1.7001831244777643
30.0,197.0,130.14947509765625,-0.0265878033432111,1.6057191627870409,-2.471715409892107,-2.198689063139184,-1.1321482627601072,0.8544690238115497,0.0344679859174902,2.5581475898083745,0.1223609757607841,1.7148494574260558
30.0,197.0,130.09400939941406,-0.0268993225807057,1.609624953122047,-2.463323841560391,-2.1991398059123326,-1.1368782246200333,0.8479548448777308,0.0275958228125492,2.5572579675745946,0.1149468801703433,1.7014833006616188
30.0,197.0,217.80987548828125,-0.7399219093249991,0.6265199654248446,-3.3812386568411683,-3.115740592719888,-2.4970438835882924,0.4187495791001843,-0.1164287251613381,2.541142812644273,0.2703581298861386,2.0687642066891287
30.0,197.0,201.7044219970703,-0.6552952230338768,0.789537644755984,-3.131677153117997,-2.725862189701337,-1.327890814222953,0.7257755438118074,-0.0264966475501739,2.5879562114865826,0.2411740536822892,2.06908069814025
30.0,197.0,130.0711212158203,-0.0219746004792131,1.6124746092076094,-2.463358186442355,-2.198022870771629,-1.1334476881323825,0.8464268454833426,0.0248449451433876,2.55275859022371,0.1142386547174535,1.6991094431097709
30.0,197.0,130.0695037841797,-0.0211467714439956,1.6121120294095113,-2.463596488152922,-2.1977800772262035,-1.1341805828371974,0.8463890998958314,0.0248255223035857,2.552918992714295,0.1129619543004429,1.6998339327250078
30.0,197.0,130.0829315185547,-0.0258582259761484,1.6109680031810276,-2.4642937807572123,-2.197466798690901,-1.132460188389793,0.8474055779706137,0.0266957757819408,2.555990838368642,0.1143832802124704,1.6994602883694518
30.0,197.0,130.1075897216797,-0.0159773544399201,1.6121755644365063,-2.4647359585974096,-2.1972868197841926,-1.1362364953196686,0.8465807505582068,0.0250528519421422,2.553668902788296,0.1080747033324974,1.6990196532249071
30.0,197.0,130.08216857910156,-0.0257587914159671,1.610558991664121,-2.4643000932343826,-2.198095761917553,-1.1331872128695446,0.8475819289434379,0.0273743082842861,2.55583922488324,0.1143184554415994,1.699544666362954
30.0,197.0,220.53668212890625,-1.2171966783311097,0.4756538204269566,-3.473961005955754,-3.088961056374514,-1.704597891261704,0.4920041034137272,-0.0918239354140258,2.562499878329205,0.3992523830963432,2.654374933471221
30.0,197.0,130.07192993164062,-0.0218789672382226,1.6130991525116911,-2.464129203250892,-2.197797400159945,-1.1365579375722683,0.8459300857215059,0.0254939135035334,2.5534131396693844,0.1145614441775,1.6994609155777831
30.0,197.0,130.0785675048828,-0.0234651869221217,1.6093055283520208,-2.467829597258578,-2.1986780889732573,-1.1334961173343232,0.8455063051187952,0.0240362322720461,2.5535046889588937,0.1154242791713973,1.6985097526781765
30.0,197.0,130.09788513183594,-0.0222357662288937,1.613043775025352,-2.4588578643544365,-2.197215012366872,-1.133685263931472,0.8477791039145226,0.0288151555250726,2.55614319343599,0.1161050641296915,1.6959009975520924
30.0,197.0,130.0736541748047,-0.0228352032049,1.6086930579334642,-2.466182677801568,-2.197712172117707,-1.133909450064813,0.8452636328445928,0.0250408881630927,2.553138383607169,0.1145435856715737,1.6995478767932992
30.0,197.0,130.07859802246094,-0.0230789653427027,1.6133926939982748,-2.4610414484872827,-2.197884583391435,-1.13399400094477,0.8479203928578742,0.024312996452334,2.553625047302772,0.11465656092085,1.6998613144468635
30.0,197.0,205.4263153076172,-1.0610826982318322,0.7387432132212964,-3.5269101097837323,-2.588175478326636,-1.3746018730768372,0.7544874944278932,-0.0259144887775997,2.5909527780546773,0.210068459110206,2.063579531483645
30.0,197.0,130.07302856445312,-0.021601863709611,1.6090304802158366,-2.465433248617948,-2.197660870042485,-1.1335822255848234,0.8463874909612131,0.0253909823231447,2.5535066732437244,0.1144541623373936,1.6995347586002725
30.0,197.0,130.12106323242188,-0.0268418524415132,1.607971210081246,-2.4712624494244704,-2.199058154505161,-1.1332600567613618,0.8443475714739972,0.0232630546507814,2.5573724150402186,0.1239606100015764,1.7152180370041608
30.0,197.0,130.1245880126953,-0.0256515987366993,1.6087011634792323,-2.4640186804912303,-2.1973753085354883,-1.1282278785645965,0.8496377920824078,0.0261518172336887,2.556570851570908,0.1141166158235702,1.6839417823636842
30.0,197.0,203.7299041748047,-1.4671963034076896,0.7718039591814964,-3.521820860113768,-2.7055890962796987,-1.3850800460590984,0.7492558679810841,0.0041742840984898,2.5864682179734686,0.2295821296873494,1.9406396168518183
30.0,197.0,240.0376892089844,-0.818985015422538,0.7325545795717203,-3.463958090524869,-3.1745869837099026,-1.9281247841715203,0.2058466922336207,-0.3766659363291286,2.6001316734345754,0.2265875295001577,2.1979228280822705
30.0,197.0,130.0735321044922,-0.0213613274646649,1.6132295375451438,-2.463189842857856,-2.1969147971748875,-1.132699540026101,0.8452642408368983,0.0249113297432079,2.5523000121548263,0.114457885647639,1.6995138897195403
30.0,197.0,130.0700225830078,-0.021554109745988,1.6120439753754856,-2.4634945447088183,-2.1977249787071043,-1.1359977360920583,0.8464675320695966,0.0248784910245729,2.5535928169217965,0.114511753033331,1.699528858876211
30.0,197.0,130.0728759765625,-0.0216569394474687,1.609619553927704,-2.4634715311975883,-2.197838048310748,-1.1360783326300736,0.8464831152829623,0.0248653341573594,2.553395849182689,0.1145114229809612,1.7013099526554587
30.0,197.0,130.1483154296875,-0.0275914564491359,1.6025853398429613,-2.4696357611751845,-2.2066023363701146,-1.1327268692418329,0.8490465012714042,0.0273886671575012,2.557676004069114,0.1189562630161606,1.7028423325895643
30.0,197.0,130.09596252441406,-0.0267700017881518,1.607963802271796,-2.463894573138408,-2.1968028580641845,-1.135257649520309,0.8493750549085285,0.025443114961393,2.556572105823862,0.1131479800481685,1.7007746024894883
30.0,197.0,189.8350372314453,-0.1826832746806023,1.2246924260983767,-3.051692949797575,-2.5251921961081663,-1.2384936766473484,0.6872030904694896,-0.0825022686502461,2.5307295125858014,0.2549907431703788,2.0724364628185
30.0,197.0,130.07601928710938,-0.0214398015576252,1.610830350359027,-2.4674631381338687,-2.1979022717097685,-1.1355896322116432,0.8461281272315199,0.0259650807593801,2.552224376577876,0.1142449159664444,1.6991124640474666
30.0,197.0,130.08673095703125,-0.0259249521584827,1.6111617920405366,-2.4638036946707764,-2.196573498713516,-1.1354040681667157,0.847146053938228,0.0273478988437227,2.5568787872229315,0.1157501387388378,1.69962402858483
30.0,197.0,242.24465942382807,-0.6765068837044388,0.5731721926803546,-3.182363211629109,-3.115613068305457,-2.833970604240305,0.5175124438082294,-0.1119189164304249,2.549271617641784,0.2717736279602655,1.804321352114272
30.0,197.0,210.119873046875,-0.7610068930568665,0.5642124147423887,-3.726421416211226,-2.7995431788777383,-1.3708891968054873,0.679066308131347,0.0234932080174868,2.5843400721228726,0.297657964549431,2.1950618999519365
30.0,197.0,130.0851287841797,-0.0241387443395764,1.607929920902394,-2.464692772100721,-2.2003325234164746,-1.134913473950822,0.8450721221981081,0.0275432344480919,2.555001419768634,0.1125268314340763,1.698405709932176
30.0,197.0,130.0758056640625,-0.0201779798475247,1.6131918583627731,-2.4631307644270986,-2.1987631892537243,-1.1327530012676823,0.8457109363913101,0.0244063558056269,2.5530596229777744,0.1113369488053238,1.6978377514831595
30.0,197.0,205.575927734375,-0.8160173862793221,0.5906195673798553,-3.5501247184478806,-2.9220737949502533,-1.5276746941164658,0.7254873283981647,-0.0189028447691116,2.5943872451814447,0.2168908645567235,1.9760531472632008
30.0,197.0,130.07054138183594,-0.0228613982450662,1.6106535870140104,-2.46529216109466,-2.1977322645155284,-1.1353608003125977,0.8459772623241528,0.025085218777136,2.5540052859971567,0.1145950872465189,1.6987431536885813
30.0,197.0,130.07086181640625,-0.0215986381316293,1.6116993363312655,-2.4658949441027698,-2.197630551972648,-1.135990336469068,0.8458507437546763,0.0250114510151886,2.5536464300329635,0.1144647834998274,1.700158728993017
30.0,197.0,130.07522583007812,-0.0200680879128219,1.6106776392634117,-2.4627167812128645,-2.197481487254611,-1.133507576579603,0.8483846654668564,0.0247689304840522,2.5537363931241983,0.114193162427612,1.6997995669335622
30.0,197.0,130.7325439453125,-0.0174304982398163,1.6097558683626787,-2.496839976364868,-2.20286734480862,-1.1245441079221736,0.8507478314258827,0.018212352797837,2.5567545385483363,0.1181929985504311,1.681529723757322
30.0,197.0,130.07916259765625,-0.0197888218847241,1.6082215684285377,-2.464381860829168,-2.196743720586615,-1.135180511310663,0.8455382001693192,0.0241072509314555,2.553853380585432,0.1141767217277002,1.6962076528714904
30.0,197.0,130.082275390625,-0.0223025448142522,1.6109910734424546,-2.46486280895181,-2.1984467293495147,-1.1359776978053675,0.8463987187976559,0.0278954014718778,2.551831416281729,0.1148877218392649,1.697498056596232
30.0,197.0,130.103515625,-0.017634287632076,1.6175763186662526,-2.4605915020411304,-2.1982471439658395,-1.1309105961179895,0.8465772924674633,0.0209681639736991,2.553118750461111,0.1163206224202833,1.6992472247487254
30.0,197.0,130.0791473388672,-0.0244843745361882,1.608315023996127,-2.465422869550874,-2.197807054466305,-1.1336790673736905,0.848045523371442,0.0272356747228321,2.552860904142493,0.114087478866539,1.698683783494457
30.0,197.0,131.2361602783203,-0.0220692456970595,1.59744718855561,-2.4749331952861127,-2.242386412278529,-1.1309225678285506,0.8523441005269395,0.033251440959556,2.5580831916685187,0.1558555047697084,1.8390339515386167
30.0,198.0,130.08706665039062,-0.0268215443462787,1.6098540217857014,-2.46403769562482,-2.1967828871056394,-1.135938910610692,0.847752979648084,0.0268838171900771,2.556287737654379,0.1156623813214139,1.7019411288653454
30.0,198.0,179.88331604003906,-0.0791377653528476,1.5439114556294815,-2.238088585397545,-1.989568097892792,-1.095160658011221,0.8602103446022008,0.0131522009583411,2.568107202890672,0.0034032356307205,1.6719146260925035
30.0,198.0,130.07125854492188,-0.0202368946932911,1.6127668865492584,-2.462300054599209,-2.1977449059391208,-1.1341106354472357,0.8469411272858481,0.0245399756837006,2.552933167682101,0.114429267759736,1.6991933442014835
30.0,198.0,205.40724182128903,-1.2471719392371754,0.7338063691250966,-3.6956164114227614,-2.6893020048638974,-1.4361633841990469,0.7509499775402746,-0.0265320376388999,2.5844589496606782,0.2214973721181175,2.0621365244733765
30.0,198.0,130.07423400878906,-0.0178208595884702,1.6127352201280043,-2.4629266901703417,-2.1976913673940675,-1.136492349099944,0.8466195928533995,0.0245656042132399,2.553540055529984,0.1137941179742101,1.698023876554894
30.0,198.0,130.07225036621094,-0.0209131307111908,1.6133111325756464,-2.4635564895163924,-2.197887501794729,-1.1331619975635892,0.8465788856752694,0.023840816372656,2.5530626904552287,0.1125279923300757,1.6995481637291172
30.0,198.0,130.07899475097656,-0.020929509039887,1.6161861829503414,-2.4638412962327183,-2.198772127938199,-1.1362435237465325,0.8462735653232809,0.0252165231697489,2.5527485951059337,0.1135233741447122,1.7001831244777643
30.0,198.0,130.14947509765625,-0.0265878033432111,1.6057191627870409,-2.471715409892107,-2.198689063139184,-1.1321482627601072,0.8544690238115497,0.0344679859174902,2.5581475898083745,0.1223609757607841,1.7148494574260558
30.0,198.0,130.09400939941406,-0.0268993225807057,1.609624953122047,-2.463323841560391,-2.1991398059123326,-1.1368782246200333,0.8479548448777308,0.0275958228125492,2.5572579675745946,0.1149468801703433,1.7014833006616188
30.0,198.0,217.80987548828125,-0.7399219093249991,0.6265199654248446,-3.3812386568411683,-3.115740592719888,-2.4970438835882924,0.4187495791001843,-0.1164287251613381,2.541142812644273,0.2703581298861386,2.0687642066891287
30.0,198.0,201.7044219970703,-0.6552952230338768,0.789537644755984,-3.131677153117997,-2.725862189701337,-1.327890814222953,0.7257755438118074,-0.0264966475501739,2.5879562114865826,0.2411740536822892,2.06908069814025
30.0,198.0,130.0711212158203,-0.0219746004792131,1.6124746092076094,-2.463358186442355,-2.198022870771629,-1.1334476881323825,0.8464268454833426,0.0248449451433876,2.55275859022371,0.1142386547174535,1.6991094431097709
30.0,198.0,130.0695037841797,-0.0211467714439956,1.6121120294095113,-2.463596488152922,-2.1977800772262035,-1.1341805828371974,0.8463890998958314,0.0248255223035857,2.552918992714295,0.1129619543004429,1.6998339327250078
30.0,198.0,130.0829315185547,-0.0258582259761484,1.6109680031810276,-2.4642937807572123,-2.197466798690901,-1.132460188389793,0.8474055779706137,0.0266957757819408,2.555990838368642,0.1143832802124704,1.6994602883694518
30.0,198.0,130.1075897216797,-0.0159773544399201,1.6121755644365063,-2.4647359585974096,-2.1972868197841926,-1.1362364953196686,0.8465807505582068,0.0250528519421422,2.553668902788296,0.1080747033324974,1.6990196532249071
30.0,198.0,130.08216857910156,-0.0257587914159671,1.610558991664121,-2.4643000932343826,-2.198095761917553,-1.1331872128695446,0.8475819289434379,0.0273743082842861,2.55583922488324,0.1143184554415994,1.699544666362954
30.0,198.0,220.53668212890625,-1.2171966783311097,0.4756538204269566,-3.473961005955754,-3.088961056374514,-1.704597891261704,0.4920041034137272,-0.0918239354140258,2.562499878329205,0.3992523830963432,2.654374933471221
30.0,198.0,130.07192993164062,-0.0218789672382226,1.6130991525116911,-2.464129203250892,-2.197797400159945,-1.1365579375722683,0.8459300857215059,0.0254939135035334,2.5534131396693844,0.1145614441775,1.6994609155777831
30.0,198.0,130.0785675048828,-0.0234651869221217,1.6093055283520208,-2.467829597258578,-2.1986780889732573,-1.1334961173343232,0.8455063051187952,0.0240362322720461,2.5535046889588937,0.1154242791713973,1.6985097526781765
30.0,198.0,130.09788513183594,-0.0222357662288937,1.613043775025352,-2.4588578643544365,-2.197215012366872,-1.133685263931472,0.8477791039145226,0.0288151555250726,2.55614319343599,0.1161050641296915,1.6959009975520924
30.0,198.0,130.0736541748047,-0.0228352032049,1.6086930579334642,-2.466182677801568,-2.197712172117707,-1.133909450064813,0.8452636328445928,0.0250408881630927,2.553138383607169,0.1145435856715737,1.6995478767932992
30.0,198.0,130.07859802246094,-0.0230789653427027,1.6133926939982748,-2.4610414484872827,-2.197884583391435,-1.13399400094477,0.8479203928578742,0.024312996452334,2.553625047302772,0.11465656092085,1.6998613144468635
30.0,198.0,205.4263153076172,-1.0610826982318322,0.7387432132212964,-3.5269101097837323,-2.588175478326636,-1.3746018730768372,0.7544874944278932,-0.0259144887775997,2.5909527780546773,0.210068459110206,2.063579531483645
30.0,198.0,130.07302856445312,-0.021601863709611,1.6090304802158366,-2.465433248617948,-2.197660870042485,-1.1335822255848234,0.8463874909612131,0.0253909823231447,2.5535066732437244,0.1144541623373936,1.6995347586002725
30.0,198.0,130.12106323242188,-0.0268418524415132,1.607971210081246,-2.4712624494244704,-2.199058154505161,-1.1332600567613618,0.8443475714739972,0.0232630546507814,2.5573724150402186,0.1239606100015764,1.7152180370041608
30.0,198.0,130.1245880126953,-0.0256515987366993,1.6087011634792323,-2.4640186804912303,-2.1973753085354883,-1.1282278785645965,0.8496377920824078,0.0261518172336887,2.556570851570908,0.1141166158235702,1.6839417823636842
30.0,198.0,203.7299041748047,-1.4671963034076896,0.7718039591814964,-3.521820860113768,-2.7055890962796987,-1.3850800460590984,0.7492558679810841,0.0041742840984898,2.5864682179734686,0.2295821296873494,1.9406396168518183
30.0,198.0,240.0376892089844,-0.818985015422538,0.7325545795717203,-3.463958090524869,-3.1745869837099026,-1.9281247841715203,0.2058466922336207,-0.3766659363291286,2.6001316734345754,0.2265875295001577,2.1979228280822705
30.0,198.0,130.0735321044922,-0.0213613274646649,1.6132295375451438,-2.463189842857856,-2.1969147971748875,-1.132699540026101,0.8452642408368983,0.0249113297432079,2.5523000121548263,0.114457885647639,1.6995138897195403
30.0,198.0,130.0700225830078,-0.021554109745988,1.6120439753754856,-2.4634945447088183,-2.1977249787071043,-1.1359977360920583,0.8464675320695966,0.0248784910245729,2.5535928169217965,0.114511753033331,1.699528858876211
30.0,198.0,130.07009887695312,-0.0216865148123797,1.6123912692160671,-2.463719227890284,-2.197751610502049,-1.1337452254615656,0.8463022880567183,0.0249042651216013,2.553057171928093,0.1134013366894453,1.700485665208076
30.0,198.0,130.1483154296875,-0.0275914564491359,1.6025853398429613,-2.4696357611751845,-2.2066023363701146,-1.1327268692418329,0.8490465012714042,0.0273886671575012,2.557676004069114,0.1189562630161606,1.7028423325895643
30.0,198.0,130.09596252441406,-0.0267700017881518,1.607963802271796,-2.463894573138408,-2.1968028580641845,-1.135257649520309,0.8493750549085285,0.025443114961393,2.556572105823862,0.1131479800481685,1.7007746024894883
30.0,198.0,189.8350372314453,-0.1826832746806023,1.2246924260983767,-3.051692949797575,-2.5251921961081663,-1.2384936766473484,0.6872030904694896,-0.0825022686502461,2.5307295125858014,0.2549907431703788,2.0724364628185
30.0,198.0,130.07601928710938,-0.0214398015576252,1.610830350359027,-2.4674631381338687,-2.1979022717097685,-1.1355896322116432,0.8461281272315199,0.0259650807593801,2.552224376577876,0.1142449159664444,1.6991124640474666
30.0,198.0,130.08673095703125,-0.0259249521584827,1.6111617920405366,-2.4638036946707764,-2.196573498713516,-1.1354040681667157,0.847146053938228,0.0273478988437227,2.5568787872229315,0.1157501387388378,1.69962402858483
30.0,198.0,242.24465942382807,-0.6765068837044388,0.5731721926803546,-3.182363211629109,-3.115613068305457,-2.833970604240305,0.5175124438082294,-0.1119189164304249,2.549271617641784,0.2717736279602655,1.804321352114272
30.0,198.0,210.119873046875,-0.7610068930568665,0.5642124147423887,-3.726421416211226,-2.7995431788777383,-1.3708891968054873,0.679066308131347,0.0234932080174868,2.5843400721228726,0.297657964549431,2.1950618999519365
30.0,198.0,130.0851287841797,-0.0241387443395764,1.607929920902394,-2.464692772100721,-2.2003325234164746,-1.134913473950822,0.8450721221981081,0.0275432344480919,2.555001419768634,0.1125268314340763,1.698405709932176
30.0,198.0,130.0758056640625,-0.0201779798475247,1.6131918583627731,-2.4631307644270986,-2.1987631892537243,-1.1327530012676823,0.8457109363913101,0.0244063558056269,2.5530596229777744,0.1113369488053238,1.6978377514831595
30.0,198.0,205.575927734375,-0.8160173862793221,0.5906195673798553,-3.5501247184478806,-2.9220737949502533,-1.5276746941164658,0.7254873283981647,-0.0189028447691116,2.5943872451814447,0.2168908645567235,1.9760531472632008
30.0,198.0,130.07054138183594,-0.0228613982450662,1.6106535870140104,-2.46529216109466,-2.1977322645155284,-1.1353608003125977,0.8459772623241528,0.025085218777136,2.5540052859971567,0.1145950872465189,1.6987431536885813
30.0,198.0,130.07086181640625,-0.0215986381316293,1.6116993363312655,-2.4658949441027698,-2.197630551972648,-1.135990336469068,0.8458507437546763,0.0250114510151886,2.5536464300329635,0.1144647834998274,1.700158728993017
30.0,198.0,130.0747833251953,-0.0220120931901761,1.6132472522495838,-2.4645728324072897,-2.1977040191461383,-1.1333356464313835,0.8463567175106296,0.0260133760336627,2.553726216820114,0.11215096515025,1.6990714555437734
30.0,198.0,130.56016540527344,-0.0149190477654709,1.6175746150205856,-2.4777384454904965,-2.1943064803515653,-1.1200205690909348,0.8412879527041174,0.0226718166762804,2.5663265870582626,0.1050650035057788,1.6858073482509577
30.0,198.0,130.07815551757812,-0.0209177352554327,1.6082751705444016,-2.464779755233256,-2.197901885208004,-1.1322841193514463,0.8464791321257116,0.0240108435918292,2.5530185843853563,0.1090878948098475,1.6901723751970366
30.0,198.0,130.082275390625,-0.0223025448142522,1.6109910734424546,-2.46486280895181,-2.1984467293495147,-1.1359776978053675,0.8463987187976559,0.0278954014718778,2.551831416281729,0.1148877218392649,1.697498056596232
30.0,198.0,130.103515625,-0.017634287632076,1.6175763186662526,-2.4605915020411304,-2.1982471439658395,-1.1309105961179895,0.8465772924674633,0.0209681639736991,2.553118750461111,0.1163206224202833,1.6992472247487254
30.0,198.0,130.0791473388672,-0.0244843745361882,1.608315023996127,-2.465422869550874,-2.197807054466305,-1.1336790673736905,0.848045523371442,0.0272356747228321,2.552860904142493,0.114087478866539,1.698683783494457
30.0,198.0,131.2361602783203,-0.0220692456970595,1.59744718855561,-2.4749331952861127,-2.242386412278529,-1.1309225678285506,0.8523441005269395,0.033251440959556,2.5580831916685187,0.1558555047697084,1.8390339515386167
30.0,199.0,130.08706665039062,-0.0268215443462787,1.6098540217857014,-2.46403769562482,-2.1967828871056394,-1.135938910610692,0.847752979648084,0.0268838171900771,2.556287737654379,0.1156623813214139,1.7019411288653454
30.0,199.0,179.88331604003906,-0.0791377653528476,1.5439114556294815,-2.238088585397545,-1.989568097892792,-1.095160658011221,0.8602103446022008,0.0131522009583411,2.568107202890672,0.0034032356307205,1.6719146260925035
30.0,199.0,130.07125854492188,-0.0202368946932911,1.6127668865492584,-2.462300054599209,-2.1977449059391208,-1.1341106354472357,0.8469411272858481,0.0245399756837006,2.552933167682101,0.114429267759736,1.6991933442014835
30.0,199.0,205.40724182128903,-1.2471719392371754,0.7338063691250966,-3.6956164114227614,-2.6893020048638974,-1.4361633841990469,0.7509499775402746,-0.0265320376388999,2.5844589496606782,0.2214973721181175,2.0621365244733765
30.0,199.0,130.06968688964844,-0.021481368834361,1.6122946132980676,-2.463050422357214,-2.198225513452776,-1.1351118701085257,0.8462159620267212,0.0245552491172871,2.5535418006825776,0.1144295364595235,1.7007380539940362
30.0,199.0,130.0708465576172,-0.0212352265976634,1.6132054182959614,-2.463349434818833,-2.197757753614712,-1.1338682418460573,0.8469701841146431,0.0242898711272126,2.552360553078383,0.1131264516284211,1.6998458286878402
30.0,199.0,130.07899475097656,-0.020929509039887,1.6161861829503414,-2.4638412962327183,-2.198772127938199,-1.1362435237465325,0.8462735653232809,0.0252165231697489,2.5527485951059337,0.1135233741447122,1.7001831244777643
30.0,199.0,130.14947509765625,-0.0265878033432111,1.6057191627870409,-2.471715409892107,-2.198689063139184,-1.1321482627601072,0.8544690238115497,0.0344679859174902,2.5581475898083745,0.1223609757607841,1.7148494574260558
30.0,199.0,130.09400939941406,-0.0268993225807057,1.609624953122047,-2.463323841560391,-2.1991398059123326,-1.1368782246200333,0.8479548448777308,0.0275958228125492,2.5572579675745946,0.1149468801703433,1.7014833006616188
30.0,199.0,217.80987548828125,-0.7399219093249991,0.6265199654248446,-3.3812386568411683,-3.115740592719888,-2.4970438835882924,0.4187495791001843,-0.1164287251613381,2.541142812644273,0.2703581298861386,2.0687642066891287
30.0,199.0,201.7044219970703,-0.6552952230338768,0.789537644755984,-3.131677153117997,-2.725862189701337,-1.327890814222953,0.7257755438118074,-0.0264966475501739,2.5879562114865826,0.2411740536822892,2.06908069814025
30.0,199.0,130.0711212158203,-0.0219746004792131,1.6124746092076094,-2.463358186442355,-2.198022870771629,-1.1334476881323825,0.8464268454833426,0.0248449451433876,2.55275859022371,0.1142386547174535,1.6991094431097709
30.0,199.0,130.0695037841797,-0.0211467714439956,1.6121120294095113,-2.463596488152922,-2.1977800772262035,-1.1341805828371974,0.8463890998958314,0.0248255223035857,2.552918992714295,0.1129619543004429,1.6998339327250078
30.0,199.0,130.0829315185547,-0.0258582259761484,1.6109680031810276,-2.4642937807572123,-2.197466798690901,-1.132460188389793,0.8474055779706137,0.0266957757819408,2.555990838368642,0.1143832802124704,1.6994602883694518
30.0,199.0,130.1075897216797,-0.0159773544399201,1.6121755644365063,-2.4647359585974096,-2.1972868197841926,-1.1362364953196686,0.8465807505582068,0.0250528519421422,2.553668902788296,0.1080747033324974,1.6990196532249071
30.0,199.0,130.08216857910156,-0.0257587914159671,1.610558991664121,-2.4643000932343826,-2.198095761917553,-1.1331872128695446,0.8475819289434379,0.0273743082842861,2.55583922488324,0.1143184554415994,1.699544666362954
30.0,199.0,220.53668212890625,-1.2171966783311097,0.4756538204269566,-3.473961005955754,-3.088961056374514,-1.704597891261704,0.4920041034137272,-0.0918239354140258,2.562499878329205,0.3992523830963432,2.654374933471221
30.0,199.0,130.07192993164062,-0.0218789672382226,1.6130991525116911,-2.464129203250892,-2.197797400159945,-1.1365579375722683,0.8459300857215059,0.0254939135035334,2.5534131396693844,0.1145614441775,1.6994609155777831
30.0,199.0,130.0785675048828,-0.0234651869221217,1.6093055283520208,-2.467829597258578,-2.1986780889732573,-1.1334961173343232,0.8455063051187952,0.0240362322720461,2.5535046889588937,0.1154242791713973,1.6985097526781765
30.0,199.0,130.09788513183594,-0.0222357662288937,1.613043775025352,-2.4588578643544365,-2.197215012366872,-1.133685263931472,0.8477791039145226,0.0288151555250726,2.55614319343599,0.1161050641296915,1.6959009975520924
30.0,199.0,130.0736541748047,-0.0228352032049,1.6086930579334642,-2.466182677801568,-2.197712172117707,-1.133909450064813,0.8452636328445928,0.0250408881630927,2.553138383607169,0.1145435856715737,1.6995478767932992
30.0,199.0,130.07859802246094,-0.0230789653427027,1.6133926939982748,-2.4610414484872827,-2.197884583391435,-1.13399400094477,0.8479203928578742,0.024312996452334,2.553625047302772,0.11465656092085,1.6998613144468635
30.0,199.0,205.4263153076172,-1.0610826982318322,0.7387432132212964,-3.5269101097837323,-2.588175478326636,-1.3746018730768372,0.7544874944278932,-0.0259144887775997,2.5909527780546773,0.210068459110206,2.063579531483645
30.0,199.0,130.07302856445312,-0.021601863709611,1.6090304802158366,-2.465433248617948,-2.197660870042485,-1.1335822255848234,0.8463874909612131,0.0253909823231447,2.5535066732437244,0.1144541623373936,1.6995347586002725
30.0,199.0,130.12106323242188,-0.0268418524415132,1.607971210081246,-2.4712624494244704,-2.199058154505161,-1.1332600567613618,0.8443475714739972,0.0232630546507814,2.5573724150402186,0.1239606100015764,1.7152180370041608
30.0,199.0,130.1245880126953,-0.0256515987366993,1.6087011634792323,-2.4640186804912303,-2.1973753085354883,-1.1282278785645965,0.8496377920824078,0.0261518172336887,2.556570851570908,0.1141166158235702,1.6839417823636842
30.0,199.0,203.7299041748047,-1.4671963034076896,0.7718039591814964,-3.521820860113768,-2.7055890962796987,-1.3850800460590984,0.7492558679810841,0.0041742840984898,2.5864682179734686,0.2295821296873494,1.9406396168518183
30.0,199.0,240.0376892089844,-0.818985015422538,0.7325545795717203,-3.463958090524869,-3.1745869837099026,-1.9281247841715203,0.2058466922336207,-0.3766659363291286,2.6001316734345754,0.2265875295001577,2.1979228280822705
30.0,199.0,130.0735321044922,-0.0213613274646649,1.6132295375451438,-2.463189842857856,-2.1969147971748875,-1.132699540026101,0.8452642408368983,0.0249113297432079,2.5523000121548263,0.114457885647639,1.6995138897195403
30.0,199.0,130.0700225830078,-0.021554109745988,1.6120439753754856,-2.4634945447088183,-2.1977249787071043,-1.1359977360920583,0.8464675320695966,0.0248784910245729,2.5535928169217965,0.114511753033331,1.699528858876211
30.0,199.0,130.07009887695312,-0.0216865148123797,1.6123912692160671,-2.463719227890284,-2.197751610502049,-1.1337452254615656,0.8463022880567183,0.0249042651216013,2.553057171928093,0.1134013366894453,1.700485665208076
30.0,199.0,130.1483154296875,-0.0275914564491359,1.6025853398429613,-2.4696357611751845,-2.2066023363701146,-1.1327268692418329,0.8490465012714042,0.0273886671575012,2.557676004069114,0.1189562630161606,1.7028423325895643
30.0,199.0,130.0872802734375,-0.026661683575579,1.6093660756648875,-2.463223939906891,-2.198781268251836,-1.133168805260216,0.8459162612351923,0.0252720456471373,2.550971752022161,0.1132709458216589,1.7006804569965652
30.0,199.0,189.8350372314453,-0.1826832746806023,1.2246924260983767,-3.051692949797575,-2.5251921961081663,-1.2384936766473484,0.6872030904694896,-0.0825022686502461,2.5307295125858014,0.2549907431703788,2.0724364628185
30.0,199.0,130.07601928710938,-0.0214398015576252,1.610830350359027,-2.4674631381338687,-2.1979022717097685,-1.1355896322116432,0.8461281272315199,0.0259650807593801,2.552224376577876,0.1142449159664444,1.6991124640474666
30.0,199.0,130.08673095703125,-0.0259249521584827,1.6111617920405366,-2.4638036946707764,-2.196573498713516,-1.1354040681667157,0.847146053938228,0.0273478988437227,2.5568787872229315,0.1157501387388378,1.69962402858483
30.0,199.0,242.24465942382807,-0.6765068837044388,0.5731721926803546,-3.182363211629109,-3.115613068305457,-2.833970604240305,0.5175124438082294,-0.1119189164304249,2.549271617641784,0.2717736279602655,1.804321352114272
30.0,199.0,210.119873046875,-0.7610068930568665,0.5642124147423887,-3.726421416211226,-2.7995431788777383,-1.3708891968054873,0.679066308131347,0.0234932080174868,2.5843400721228726,0.297657964549431,2.1950618999519365
30.0,199.0,130.0851287841797,-0.0241387443395764,1.607929920902394,-2.464692772100721,-2.2003325234164746,-1.134913473950822,0.8450721221981081,0.0275432344480919,2.555001419768634,0.1125268314340763,1.698405709932176
30.0,199.0,130.0758056640625,-0.0201779798475247,1.6131918583627731,-2.4631307644270986,-2.1987631892537243,-1.1327530012676823,0.8457109363913101,0.0244063558056269,2.5530596229777744,0.1113369488053238,1.6978377514831595
30.0,199.0,205.575927734375,-0.8160173862793221,0.5906195673798553,-3.5501247184478806,-2.9220737949502533,-1.5276746941164658,0.7254873283981647,-0.0189028447691116,2.5943872451814447,0.2168908645567235,1.9760531472632008
30.0,199.0,130.07054138183594,-0.0228613982450662,1.6106535870140104,-2.46529216109466,-2.1977322645155284,-1.1353608003125977,0.8459772623241528,0.025085218777136,2.5540052859971567,0.1145950872465189,1.6987431536885813
30.0,199.0,130.07086181640625,-0.0215986381316293,1.6116993363312655,-2.4658949441027698,-2.197630551972648,-1.135990336469068,0.8458507437546763,0.0250114510151886,2.5536464300329635,0.1144647834998274,1.700158728993017
30.0,199.0,130.07113647460938,-0.0219717278518642,1.6122241238238977,-2.4634876657324325,-2.197717157294276,-1.134838949867454,0.8464997667717451,0.0252945425457937,2.552426640150729,0.1122025447034392,1.699378145075166
30.0,199.0,130.56016540527344,-0.0149190477654709,1.6175746150205856,-2.4777384454904965,-2.1943064803515653,-1.1200205690909348,0.8412879527041174,0.0226718166762804,2.5663265870582626,0.1050650035057788,1.6858073482509577
30.0,199.0,130.07815551757812,-0.0209177352554327,1.6082751705444016,-2.464779755233256,-2.197901885208004,-1.1322841193514463,0.8464791321257116,0.0240108435918292,2.5530185843853563,0.1090878948098475,1.6901723751970366
30.0,199.0,130.082275390625,-0.0223025448142522,1.6109910734424546,-2.46486280895181,-2.1984467293495147,-1.1359776978053675,0.8463987187976559,0.0278954014718778,2.551831416281729,0.1148877218392649,1.697498056596232
30.0,199.0,130.103515625,-0.017634287632076,1.6175763186662526,-2.4605915020411304,-2.1982471439658395,-1.1309105961179895,0.8465772924674633,0.0209681639736991,2.553118750461111,0.1163206224202833,1.6992472247487254
30.0,199.0,130.0791473388672,-0.0244843745361882,1.608315023996127,-2.465422869550874,-2.197807054466305,-1.1336790673736905,0.848045523371442,0.0272356747228321,2.552860904142493,0.114087478866539,1.698683783494457
30.0,199.0,131.2361602783203,-0.0220692456970595,1.59744718855561,-2.4749331952861127,-2.242386412278529,-1.1309225678285506,0.8523441005269395,0.033251440959556,2.5580831916685187,0.1558555047697084,1.8390339515386167
30.0,200.0,130.08706665039062,-0.0268215443462787,1.6098540217857014,-2.46403769562482,-2.1967828871056394,-1.135938910610692,0.847752979648084,0.0268838171900771,2.556287737654379,0.1156623813214139,1.7019411288653454
30.0,200.0,179.88331604003906,-0.0791377653528476,1.5439114556294815,-2.238088585397545,-1.989568097892792,-1.095160658011221,0.8602103446022008,0.0131522009583411,2.568107202890672,0.0034032356307205,1.6719146260925035
30.0,200.0,130.07125854492188,-0.0202368946932911,1.6127668865492584,-2.462300054599209,-2.1977449059391208,-1.1341106354472357,0.8469411272858481,0.0245399756837006,2.552933167682101,0.114429267759736,1.6991933442014835
30.0,200.0,205.40724182128903,-1.2471719392371754,0.7338063691250966,-3.6956164114227614,-2.6893020048638974,-1.4361633841990469,0.7509499775402746,-0.0265320376388999,2.5844589496606782,0.2214973721181175,2.0621365244733765
30.0,200.0,130.06968688964844,-0.021481368834361,1.6122946132980676,-2.463050422357214,-2.198225513452776,-1.1351118701085257,0.8462159620267212,0.0245552491172871,2.5535418006825776,0.1144295364595235,1.7007380539940362
30.0,200.0,130.0699920654297,-0.0212887451522103,1.6109954702969544,-2.4634017846660186,-2.1977238970495843,-1.1344353774926008,0.8459368442446462,0.0248307341618991,2.552341558235274,0.1133223363924387,1.6999464275597098
30.0,200.0,130.07899475097656,-0.020929509039887,1.6161861829503414,-2.4638412962327183,-2.198772127938199,-1.1362435237465325,0.8462735653232809,0.0252165231697489,2.5527485951059337,0.1135233741447122,1.7001831244777643
30.0,200.0,130.14947509765625,-0.0265878033432111,1.6057191627870409,-2.471715409892107,-2.198689063139184,-1.1321482627601072,0.8544690238115497,0.0344679859174902,2.5581475898083745,0.1223609757607841,1.7148494574260558
30.0,200.0,130.09400939941406,-0.0268993225807057,1.609624953122047,-2.463323841560391,-2.1991398059123326,-1.1368782246200333,0.8479548448777308,0.0275958228125492,2.5572579675745946,0.1149468801703433,1.7014833006616188
30.0,200.0,217.80987548828125,-0.7399219093249991,0.6265199654248446,-3.3812386568411683,-3.115740592719888,-2.4970438835882924,0.4187495791001843,-0.1164287251613381,2.541142812644273,0.2703581298861386,2.0687642066891287
30.0,200.0,201.7044219970703,-0.6552952230338768,0.789537644755984,-3.131677153117997,-2.725862189701337,-1.327890814222953,0.7257755438118074,-0.0264966475501739,2.5879562114865826,0.2411740536822892,2.06908069814025
30.0,200.0,130.06997680664062,-0.0208663907223326,1.6126006668082875,-2.463784450184607,-2.1980202956451618,-1.1341708313229404,0.8465087334418308,0.0248187000470358,2.552962967341075,0.112206521293195,1.6986125837873838
30.0,200.0,130.0695037841797,-0.0211467714439956,1.6121120294095113,-2.463596488152922,-2.1977800772262035,-1.1341805828371974,0.8463890998958314,0.0248255223035857,2.552918992714295,0.1129619543004429,1.6998339327250078
30.0,200.0,130.0829315185547,-0.0258582259761484,1.6109680031810276,-2.4642937807572123,-2.197466798690901,-1.132460188389793,0.8474055779706137,0.0266957757819408,2.555990838368642,0.1143832802124704,1.6994602883694518
30.0,200.0,130.073486328125,-0.0221245607260259,1.6124731310847729,-2.4648077479082366,-2.196738984107521,-1.1372278715330784,0.8463626128993693,0.0249636576172515,2.5536313264307635,0.1125469894309513,1.6952239297972265
30.0,200.0,130.08216857910156,-0.0257587914159671,1.610558991664121,-2.4643000932343826,-2.198095761917553,-1.1331872128695446,0.8475819289434379,0.0273743082842861,2.55583922488324,0.1143184554415994,1.699544666362954
30.0,200.0,220.53668212890625,-1.2171966783311097,0.4756538204269566,-3.473961005955754,-3.088961056374514,-1.704597891261704,0.4920041034137272,-0.0918239354140258,2.562499878329205,0.3992523830963432,2.654374933471221
30.0,200.0,130.07192993164062,-0.0218789672382226,1.6130991525116911,-2.464129203250892,-2.197797400159945,-1.1365579375722683,0.8459300857215059,0.0254939135035334,2.5534131396693844,0.1145614441775,1.6994609155777831
30.0,200.0,130.0785675048828,-0.0234651869221217,1.6093055283520208,-2.467829597258578,-2.1986780889732573,-1.1334961173343232,0.8455063051187952,0.0240362322720461,2.5535046889588937,0.1154242791713973,1.6985097526781765
30.0,200.0,130.09788513183594,-0.0222357662288937,1.613043775025352,-2.4588578643544365,-2.197215012366872,-1.133685263931472,0.8477791039145226,0.0288151555250726,2.55614319343599,0.1161050641296915,1.6959009975520924
30.0,200.0,130.0736541748047,-0.0228352032049,1.6086930579334642,-2.466182677801568,-2.197712172117707,-1.133909450064813,0.8452636328445928,0.0250408881630927,2.553138383607169,0.1145435856715737,1.6995478767932992
30.0,200.0,130.07859802246094,-0.0230789653427027,1.6133926939982748,-2.4610414484872827,-2.197884583391435,-1.13399400094477,0.8479203928578742,0.024312996452334,2.553625047302772,0.11465656092085,1.6998613144468635
30.0,200.0,205.4263153076172,-1.0610826982318322,0.7387432132212964,-3.5269101097837323,-2.588175478326636,-1.3746018730768372,0.7544874944278932,-0.0259144887775997,2.5909527780546773,0.210068459110206,2.063579531483645
30.0,200.0,130.07302856445312,-0.021601863709611,1.6090304802158366,-2.465433248617948,-2.197660870042485,-1.1335822255848234,0.8463874909612131,0.0253909823231447,2.5535066732437244,0.1144541623373936,1.6995347586002725
30.0,200.0,130.12106323242188,-0.0268418524415132,1.607971210081246,-2.4712624494244704,-2.199058154505161,-1.1332600567613618,0.8443475714739972,0.0232630546507814,2.5573724150402186,0.1239606100015764,1.7152180370041608
30.0,200.0,130.1245880126953,-0.0256515987366993,1.6087011634792323,-2.4640186804912303,-2.1973753085354883,-1.1282278785645965,0.8496377920824078,0.0261518172336887,2.556570851570908,0.1141166158235702,1.6839417823636842
30.0,200.0,203.7299041748047,-1.4671963034076896,0.7718039591814964,-3.521820860113768,-2.7055890962796987,-1.3850800460590984,0.7492558679810841,0.0041742840984898,2.5864682179734686,0.2295821296873494,1.9406396168518183
30.0,200.0,240.0376892089844,-0.818985015422538,0.7325545795717203,-3.463958090524869,-3.1745869837099026,-1.9281247841715203,0.2058466922336207,-0.3766659363291286,2.6001316734345754,0.2265875295001577,2.1979228280822705
30.0,200.0,130.0735321044922,-0.0213613274646649,1.6132295375451438,-2.463189842857856,-2.1969147971748875,-1.132699540026101,0.8452642408368983,0.0249113297432079,2.5523000121548263,0.114457885647639,1.6995138897195403
30.0,200.0,130.0700225830078,-0.021554109745988,1.6120439753754856,-2.4634945447088183,-2.1977249787071043,-1.1359977360920583,0.8464675320695966,0.0248784910245729,2.5535928169217965,0.114511753033331,1.699528858876211
30.0,200.0,130.07009887695312,-0.0216865148123797,1.6123912692160671,-2.463719227890284,-2.197751610502049,-1.1337452254615656,0.8463022880567183,0.0249042651216013,2.553057171928093,0.1134013366894453,1.700485665208076
30.0,200.0,130.1483154296875,-0.0275914564491359,1.6025853398429613,-2.4696357611751845,-2.2066023363701146,-1.1327268692418329,0.8490465012714042,0.0273886671575012,2.557676004069114,0.1189562630161606,1.7028423325895643
30.0,200.0,130.0872802734375,-0.026661683575579,1.6093660756648875,-2.463223939906891,-2.198781268251836,-1.133168805260216,0.8459162612351923,0.0252720456471373,2.550971752022161,0.1132709458216589,1.7006804569965652
30.0,200.0,189.8350372314453,-0.1826832746806023,1.2246924260983767,-3.051692949797575,-2.5251921961081663,-1.2384936766473484,0.6872030904694896,-0.0825022686502461,2.5307295125858014,0.2549907431703788,2.0724364628185
30.0,200.0,130.07601928710938,-0.0214398015576252,1.610830350359027,-2.4674631381338687,-2.1979022717097685,-1.1355896322116432,0.8461281272315199,0.0259650807593801,2.552224376577876,0.1142449159664444,1.6991124640474666
30.0,200.0,130.08673095703125,-0.0259249521584827,1.6111617920405366,-2.4638036946707764,-2.196573498713516,-1.1354040681667157,0.847146053938228,0.0273478988437227,2.5568787872229315,0.1157501387388378,1.69962402858483
30.0,200.0,242.24465942382807,-0.6765068837044388,0.5731721926803546,-3.182363211629109,-3.115613068305457,-2.833970604240305,0.5175124438082294,-0.1119189164304249,2.549271617641784,0.2717736279602655,1.804321352114272
30.0,200.0,210.119873046875,-0.7610068930568665,0.5642124147423887,-3.726421416211226,-2.7995431788777383,-1.3708891968054873,0.679066308131347,0.0234932080174868,2.5843400721228726,0.297657964549431,2.1950618999519365
30.0,200.0,130.0851287841797,-0.0241387443395764,1.607929920902394,-2.464692772100721,-2.2003325234164746,-1.134913473950822,0.8450721221981081,0.0275432344480919,2.555001419768634,0.1125268314340763,1.698405709932176
30.0,200.0,130.0758056640625,-0.0201779798475247,1.6131918583627731,-2.4631307644270986,-2.1987631892537243,-1.1327530012676823,0.8457109363913101,0.0244063558056269,2.5530596229777744,0.1113369488053238,1.6978377514831595
30.0,200.0,205.575927734375,-0.8160173862793221,0.5906195673798553,-3.5501247184478806,-2.9220737949502533,-1.5276746941164658,0.7254873283981647,-0.0189028447691116,2.5943872451814447,0.2168908645567235,1.9760531472632008
30.0,200.0,130.07054138183594,-0.0228613982450662,1.6106535870140104,-2.46529216109466,-2.1977322645155284,-1.1353608003125977,0.8459772623241528,0.025085218777136,2.5540052859971567,0.1145950872465189,1.6987431536885813
30.0,200.0,130.07086181640625,-0.0215986381316293,1.6116993363312655,-2.4658949441027698,-2.197630551972648,-1.135990336469068,0.8458507437546763,0.0250114510151886,2.5536464300329635,0.1144647834998274,1.700158728993017
30.0,200.0,130.06927490234375,-0.0216315388319842,1.6116464759141214,-2.463247026677073,-2.19785273228727,-1.1347562874677668,0.8464164629926926,0.0239672289950243,2.552808341343335,0.1139536949229965,1.699582535790455
30.0,200.0,130.56016540527344,-0.0149190477654709,1.6175746150205856,-2.4777384454904965,-2.1943064803515653,-1.1200205690909348,0.8412879527041174,0.0226718166762804,2.5663265870582626,0.1050650035057788,1.6858073482509577
30.0,200.0,130.07815551757812,-0.0209177352554327,1.6082751705444016,-2.464779755233256,-2.197901885208004,-1.1322841193514463,0.8464791321257116,0.0240108435918292,2.5530185843853563,0.1090878948098475,1.6901723751970366
30.0,200.0,130.082275390625,-0.0223025448142522,1.6109910734424546,-2.46486280895181,-2.1984467293495147,-1.1359776978053675,0.8463987187976559,0.0278954014718778,2.551831416281729,0.1148877218392649,1.697498056596232
30.0,200.0,130.103515625,-0.017634287632076,1.6175763186662526,-2.4605915020411304,-2.1982471439658395,-1.1309105961179895,0.8465772924674633,0.0209681639736991,2.553118750461111,0.1163206224202833,1.6992472247487254
30.0,200.0,130.07461547851562,-0.0211179290481932,1.6095873747811509,-2.463169252247808,-2.197834816577607,-1.1346323518357817,0.8440798878967131,0.0247712046636047,2.55267614747828,0.1122055321130199,1.698567479000372
30.0,200.0,131.2361602783203,-0.0220692456970595,1.59744718855561,-2.4749331952861127,-2.242386412278529,-1.1309225678285506,0.8523441005269395,0.033251440959556,2.5580831916685187,0.1558555047697084,1.8390339515386167
30.0,201.0,130.08706665039062,-0.0268215443462787,1.6098540217857014,-2.46403769562482,-2.1967828871056394,-1.135938910610692,0.847752979648084,0.0268838171900771,2.556287737654379,0.1156623813214139,1.7019411288653454
30.0,201.0,179.88331604003906,-0.0791377653528476,1.5439114556294815,-2.238088585397545,-1.989568097892792,-1.095160658011221,0.8602103446022008,0.0131522009583411,2.568107202890672,0.0034032356307205,1.6719146260925035
30.0,201.0,130.07125854492188,-0.0202368946932911,1.6127668865492584,-2.462300054599209,-2.1977449059391208,-1.1341106354472357,0.8469411272858481,0.0245399756837006,2.552933167682101,0.114429267759736,1.6991933442014835
30.0,201.0,205.40724182128903,-1.2471719392371754,0.7338063691250966,-3.6956164114227614,-2.6893020048638974,-1.4361633841990469,0.7509499775402746,-0.0265320376388999,2.5844589496606782,0.2214973721181175,2.0621365244733765
30.0,201.0,130.06968688964844,-0.021481368834361,1.6122946132980676,-2.463050422357214,-2.198225513452776,-1.1351118701085257,0.8462159620267212,0.0245552491172871,2.5535418006825776,0.1144295364595235,1.7007380539940362
30.0,201.0,130.0699920654297,-0.0212887451522103,1.6109954702969544,-2.4634017846660186,-2.1977238970495843,-1.1344353774926008,0.8459368442446462,0.0248307341618991,2.552341558235274,0.1133223363924387,1.6999464275597098
30.0,201.0,130.07899475097656,-0.020929509039887,1.6161861829503414,-2.4638412962327183,-2.198772127938199,-1.1362435237465325,0.8462735653232809,0.0252165231697489,2.5527485951059337,0.1135233741447122,1.7001831244777643
30.0,201.0,130.14947509765625,-0.0265878033432111,1.6057191627870409,-2.471715409892107,-2.198689063139184,-1.1321482627601072,0.8544690238115497,0.0344679859174902,2.5581475898083745,0.1223609757607841,1.7148494574260558
30.0,201.0,130.09400939941406,-0.0268993225807057,1.609624953122047,-2.463323841560391,-2.1991398059123326,-1.1368782246200333,0.8479548448777308,0.0275958228125492,2.5572579675745946,0.1149468801703433,1.7014833006616188
30.0,201.0,217.80987548828125,-0.7399219093249991,0.6265199654248446,-3.3812386568411683,-3.115740592719888,-2.4970438835882924,0.4187495791001843,-0.1164287251613381,2.541142812644273,0.2703581298861386,2.0687642066891287
30.0,201.0,201.7044219970703,-0.6552952230338768,0.789537644755984,-3.131677153117997,-2.725862189701337,-1.327890814222953,0.7257755438118074,-0.0264966475501739,2.5879562114865826,0.2411740536822892,2.06908069814025
30.0,201.0,130.06997680664062,-0.0208663907223326,1.6126006668082875,-2.463784450184607,-2.1980202956451618,-1.1341708313229404,0.8465087334418308,0.0248187000470358,2.552962967341075,0.112206521293195,1.6986125837873838
30.0,201.0,130.0695037841797,-0.0211467714439956,1.6121120294095113,-2.463596488152922,-2.1977800772262035,-1.1341805828371974,0.8463890998958314,0.0248255223035857,2.552918992714295,0.1129619543004429,1.6998339327250078
30.0,201.0,130.0829315185547,-0.0258582259761484,1.6109680031810276,-2.4642937807572123,-2.197466798690901,-1.132460188389793,0.8474055779706137,0.0266957757819408,2.555990838368642,0.1143832802124704,1.6994602883694518
30.0,201.0,130.073486328125,-0.0221245607260259,1.6124731310847729,-2.4648077479082366,-2.196738984107521,-1.1372278715330784,0.8463626128993693,0.0249636576172515,2.5536313264307635,0.1125469894309513,1.6952239297972265
30.0,201.0,130.08216857910156,-0.0257587914159671,1.610558991664121,-2.4643000932343826,-2.198095761917553,-1.1331872128695446,0.8475819289434379,0.0273743082842861,2.55583922488324,0.1143184554415994,1.699544666362954
30.0,201.0,220.53668212890625,-1.2171966783311097,0.4756538204269566,-3.473961005955754,-3.088961056374514,-1.704597891261704,0.4920041034137272,-0.0918239354140258,2.562499878329205,0.3992523830963432,2.654374933471221
30.0,201.0,130.07192993164062,-0.0218789672382226,1.6130991525116911,-2.464129203250892,-2.197797400159945,-1.1365579375722683,0.8459300857215059,0.0254939135035334,2.5534131396693844,0.1145614441775,1.6994609155777831
30.0,201.0,130.0785675048828,-0.0234651869221217,1.6093055283520208,-2.467829597258578,-2.1986780889732573,-1.1334961173343232,0.8455063051187952,0.0240362322720461,2.5535046889588937,0.1154242791713973,1.6985097526781765
30.0,201.0,130.09788513183594,-0.0222357662288937,1.613043775025352,-2.4588578643544365,-2.197215012366872,-1.133685263931472,0.8477791039145226,0.0288151555250726,2.55614319343599,0.1161050641296915,1.6959009975520924
30.0,201.0,130.0736541748047,-0.0228352032049,1.6086930579334642,-2.466182677801568,-2.197712172117707,-1.133909450064813,0.8452636328445928,0.0250408881630927,2.553138383607169,0.1145435856715737,1.6995478767932992
30.0,201.0,130.07859802246094,-0.0230789653427027,1.6133926939982748,-2.4610414484872827,-2.197884583391435,-1.13399400094477,0.8479203928578742,0.024312996452334,2.553625047302772,0.11465656092085,1.6998613144468635
30.0,201.0,205.4263153076172,-1.0610826982318322,0.7387432132212964,-3.5269101097837323,-2.588175478326636,-1.3746018730768372,0.7544874944278932,-0.0259144887775997,2.5909527780546773,0.210068459110206,2.063579531483645
30.0,201.0,130.07302856445312,-0.021601863709611,1.6090304802158366,-2.465433248617948,-2.197660870042485,-1.1335822255848234,0.8463874909612131,0.0253909823231447,2.5535066732437244,0.1144541623373936,1.6995347586002725
30.0,201.0,130.12106323242188,-0.0268418524415132,1.607971210081246,-2.4712624494244704,-2.199058154505161,-1.1332600567613618,0.8443475714739972,0.0232630546507814,2.5573724150402186,0.1239606100015764,1.7152180370041608
30.0,201.0,130.1245880126953,-0.0256515987366993,1.6087011634792323,-2.4640186804912303,-2.1973753085354883,-1.1282278785645965,0.8496377920824078,0.0261518172336887,2.556570851570908,0.1141166158235702,1.6839417823636842
30.0,201.0,203.7299041748047,-1.4671963034076896,0.7718039591814964,-3.521820860113768,-2.7055890962796987,-1.3850800460590984,0.7492558679810841,0.0041742840984898,2.5864682179734686,0.2295821296873494,1.9406396168518183
30.0,201.0,240.0376892089844,-0.818985015422538,0.7325545795717203,-3.463958090524869,-3.1745869837099026,-1.9281247841715203,0.2058466922336207,-0.3766659363291286,2.6001316734345754,0.2265875295001577,2.1979228280822705
30.0,201.0,130.0735321044922,-0.0213613274646649,1.6132295375451438,-2.463189842857856,-2.1969147971748875,-1.132699540026101,0.8452642408368983,0.0249113297432079,2.5523000121548263,0.114457885647639,1.6995138897195403
30.0,201.0,130.0700225830078,-0.021554109745988,1.6120439753754856,-2.4634945447088183,-2.1977249787071043,-1.1359977360920583,0.8464675320695966,0.0248784910245729,2.5535928169217965,0.114511753033331,1.699528858876211
30.0,201.0,130.07009887695312,-0.0216865148123797,1.6123912692160671,-2.463719227890284,-2.197751610502049,-1.1337452254615656,0.8463022880567183,0.0249042651216013,2.553057171928093,0.1134013366894453,1.700485665208076
30.0,201.0,130.1483154296875,-0.0275914564491359,1.6025853398429613,-2.4696357611751845,-2.2066023363701146,-1.1327268692418329,0.8490465012714042,0.0273886671575012,2.557676004069114,0.1189562630161606,1.7028423325895643
30.0,201.0,130.07598876953125,-0.0179638239086475,1.6148260231315703,-2.463531858000228,-2.197200384417173,-1.1342126758059536,0.8462888241723051,0.0242600015190402,2.551714273285031,0.1147783481812841,1.6988069088423925
30.0,201.0,189.8350372314453,-0.1826832746806023,1.2246924260983767,-3.051692949797575,-2.5251921961081663,-1.2384936766473484,0.6872030904694896,-0.0825022686502461,2.5307295125858014,0.2549907431703788,2.0724364628185
30.0,201.0,130.07061767578125,-0.023172106139178,1.6100986851961476,-2.465180378854809,-2.1980779090085503,-1.1357025537305283,0.845075401449298,0.0228605381089993,2.5533608232514,0.1143132326260414,1.6990882288586593
30.0,201.0,130.08673095703125,-0.0259249521584827,1.6111617920405366,-2.4638036946707764,-2.196573498713516,-1.1354040681667157,0.847146053938228,0.0273478988437227,2.5568787872229315,0.1157501387388378,1.69962402858483
30.0,201.0,242.24465942382807,-0.6765068837044388,0.5731721926803546,-3.182363211629109,-3.115613068305457,-2.833970604240305,0.5175124438082294,-0.1119189164304249,2.549271617641784,0.2717736279602655,1.804321352114272
30.0,201.0,210.119873046875,-0.7610068930568665,0.5642124147423887,-3.726421416211226,-2.7995431788777383,-1.3708891968054873,0.679066308131347,0.0234932080174868,2.5843400721228726,0.297657964549431,2.1950618999519365
30.0,201.0,130.0851287841797,-0.0241387443395764,1.607929920902394,-2.464692772100721,-2.2003325234164746,-1.134913473950822,0.8450721221981081,0.0275432344480919,2.555001419768634,0.1125268314340763,1.698405709932176
30.0,201.0,130.0758056640625,-0.0201779798475247,1.6131918583627731,-2.4631307644270986,-2.1987631892537243,-1.1327530012676823,0.8457109363913101,0.0244063558056269,2.5530596229777744,0.1113369488053238,1.6978377514831595
30.0,201.0,205.575927734375,-0.8160173862793221,0.5906195673798553,-3.5501247184478806,-2.9220737949502533,-1.5276746941164658,0.7254873283981647,-0.0189028447691116,2.5943872451814447,0.2168908645567235,1.9760531472632008
30.0,201.0,130.07054138183594,-0.0228613982450662,1.6106535870140104,-2.46529216109466,-2.1977322645155284,-1.1353608003125977,0.8459772623241528,0.025085218777136,2.5540052859971567,0.1145950872465189,1.6987431536885813
30.0,201.0,130.07000732421875,-0.0218009896820211,1.6111327740655406,-2.466101941041781,-2.198061334953045,-1.135079097728024,0.8461929037382279,0.0242347721563854,2.553043140829777,0.1142170199190972,1.6995089204840157
30.0,201.0,130.06927490234375,-0.0216315388319842,1.6116464759141214,-2.463247026677073,-2.19785273228727,-1.1347562874677668,0.8464164629926926,0.0239672289950243,2.552808341343335,0.1139536949229965,1.699582535790455
30.0,201.0,130.56016540527344,-0.0149190477654709,1.6175746150205856,-2.4777384454904965,-2.1943064803515653,-1.1200205690909348,0.8412879527041174,0.0226718166762804,2.5663265870582626,0.1050650035057788,1.6858073482509577
30.0,201.0,130.07815551757812,-0.0209177352554327,1.6082751705444016,-2.464779755233256,-2.197901885208004,-1.1322841193514463,0.8464791321257116,0.0240108435918292,2.5530185843853563,0.1090878948098475,1.6901723751970366
30.0,201.0,130.082275390625,-0.0223025448142522,1.6109910734424546,-2.46486280895181,-2.1984467293495147,-1.1359776978053675,0.8463987187976559,0.0278954014718778,2.551831416281729,0.1148877218392649,1.697498056596232
30.0,201.0,130.103515625,-0.017634287632076,1.6175763186662526,-2.4605915020411304,-2.1982471439658395,-1.1309105961179895,0.8465772924674633,0.0209681639736991,2.553118750461111,0.1163206224202833,1.6992472247487254
30.0,201.0,130.07461547851562,-0.0211179290481932,1.6095873747811509,-2.463169252247808,-2.197834816577607,-1.1346323518357817,0.8440798878967131,0.0247712046636047,2.55267614747828,0.1122055321130199,1.698567479000372
30.0,201.0,131.2361602783203,-0.0220692456970595,1.59744718855561,-2.4749331952861127,-2.242386412278529,-1.1309225678285506,0.8523441005269395,0.033251440959556,2.5580831916685187,0.1558555047697084,1.8390339515386167
30.0,202.0,130.08706665039062,-0.0268215443462787,1.6098540217857014,-2.46403769562482,-2.1967828871056394,-1.135938910610692,0.847752979648084,0.0268838171900771,2.556287737654379,0.1156623813214139,1.7019411288653454
30.0,202.0,179.88331604003906,-0.0791377653528476,1.5439114556294815,-2.238088585397545,-1.989568097892792,-1.095160658011221,0.8602103446022008,0.0131522009583411,2.568107202890672,0.0034032356307205,1.6719146260925035
30.0,202.0,130.0705108642578,-0.0207454281071425,1.6116979174553532,-2.463023869828909,-2.1984193022801737,-1.1348252293118,0.8468029656947585,0.0241980000363268,2.5522118339583435,0.1135609448652776,1.6987933272724516
30.0,202.0,205.40724182128903,-1.2471719392371754,0.7338063691250966,-3.6956164114227614,-2.6893020048638974,-1.4361633841990469,0.7509499775402746,-0.0265320376388999,2.5844589496606782,0.2214973721181175,2.0621365244733765
30.0,202.0,130.06968688964844,-0.021481368834361,1.6122946132980676,-2.463050422357214,-2.198225513452776,-1.1351118701085257,0.8462159620267212,0.0245552491172871,2.5535418006825776,0.1144295364595235,1.7007380539940362
30.0,202.0,130.0699920654297,-0.0212887451522103,1.6109954702969544,-2.4634017846660186,-2.1977238970495843,-1.1344353774926008,0.8459368442446462,0.0248307341618991,2.552341558235274,0.1133223363924387,1.6999464275597098
30.0,202.0,130.07899475097656,-0.020929509039887,1.6161861829503414,-2.4638412962327183,-2.198772127938199,-1.1362435237465325,0.8462735653232809,0.0252165231697489,2.5527485951059337,0.1135233741447122,1.7001831244777643
30.0,202.0,130.14947509765625,-0.0265878033432111,1.6057191627870409,-2.471715409892107,-2.198689063139184,-1.1321482627601072,0.8544690238115497,0.0344679859174902,2.5581475898083745,0.1223609757607841,1.7148494574260558
30.0,202.0,130.09400939941406,-0.0268993225807057,1.609624953122047,-2.463323841560391,-2.1991398059123326,-1.1368782246200333,0.8479548448777308,0.0275958228125492,2.5572579675745946,0.1149468801703433,1.7014833006616188
30.0,202.0,217.80987548828125,-0.7399219093249991,0.6265199654248446,-3.3812386568411683,-3.115740592719888,-2.4970438835882924,0.4187495791001843,-0.1164287251613381,2.541142812644273,0.2703581298861386,2.0687642066891287
30.0,202.0,201.7044219970703,-0.6552952230338768,0.789537644755984,-3.131677153117997,-2.725862189701337,-1.327890814222953,0.7257755438118074,-0.0264966475501739,2.5879562114865826,0.2411740536822892,2.06908069814025
30.0,202.0,130.0693817138672,-0.0203018279134079,1.6128568647999355,-2.4633858821507846,-2.1980891927262736,-1.134389142927224,0.8464403916649632,0.0237577554526746,2.5530154903695244,0.1136067338148567,1.69888416202441
30.0,202.0,130.0695037841797,-0.0211467714439956,1.6121120294095113,-2.463596488152922,-2.1977800772262035,-1.1341805828371974,0.8463890998958314,0.0248255223035857,2.552918992714295,0.1129619543004429,1.6998339327250078
30.0,202.0,130.0829315185547,-0.0258582259761484,1.6109680031810276,-2.4642937807572123,-2.197466798690901,-1.132460188389793,0.8474055779706137,0.0266957757819408,2.555990838368642,0.1143832802124704,1.6994602883694518
30.0,202.0,130.073486328125,-0.0221245607260259,1.6124731310847729,-2.4648077479082366,-2.196738984107521,-1.1372278715330784,0.8463626128993693,0.0249636576172515,2.5536313264307635,0.1125469894309513,1.6952239297972265
30.0,202.0,130.08216857910156,-0.0257587914159671,1.610558991664121,-2.4643000932343826,-2.198095761917553,-1.1331872128695446,0.8475819289434379,0.0273743082842861,2.55583922488324,0.1143184554415994,1.699544666362954
30.0,202.0,220.53668212890625,-1.2171966783311097,0.4756538204269566,-3.473961005955754,-3.088961056374514,-1.704597891261704,0.4920041034137272,-0.0918239354140258,2.562499878329205,0.3992523830963432,2.654374933471221
30.0,202.0,130.07192993164062,-0.0218789672382226,1.6130991525116911,-2.464129203250892,-2.197797400159945,-1.1365579375722683,0.8459300857215059,0.0254939135035334,2.5534131396693844,0.1145614441775,1.6994609155777831
30.0,202.0,130.07650756835938,-0.022468459667025,1.614841152904623,-2.463524419903952,-2.1977576763175084,-1.1357600686885048,0.8453223874160012,0.0244885005989693,2.552871569365313,0.1141993129776447,1.7036891285686058
30.0,202.0,130.08102416992188,-0.0235095994750424,1.613208894201341,-2.461295905102589,-2.19765381792894,-1.135444778296496,0.8483338207875519,0.0255140181380787,2.5549074842928903,0.1133445111716402,1.6943389316900022
30.0,202.0,130.0736541748047,-0.0228352032049,1.6086930579334642,-2.466182677801568,-2.197712172117707,-1.133909450064813,0.8452636328445928,0.0250408881630927,2.553138383607169,0.1145435856715737,1.6995478767932992
30.0,202.0,130.07748413085938,-0.0189560660265045,1.612400059338807,-2.4610405629866623,-2.1978343402618514,-1.1336306099549365,0.8463738369995324,0.0246099485608847,2.553772158341312,0.1153644221348324,1.6993874739353667
30.0,202.0,205.4263153076172,-1.0610826982318322,0.7387432132212964,-3.5269101097837323,-2.588175478326636,-1.3746018730768372,0.7544874944278932,-0.0259144887775997,2.5909527780546773,0.210068459110206,2.063579531483645
30.0,202.0,130.07302856445312,-0.021601863709611,1.6090304802158366,-2.465433248617948,-2.197660870042485,-1.1335822255848234,0.8463874909612131,0.0253909823231447,2.5535066732437244,0.1144541623373936,1.6995347586002725
30.0,202.0,130.12106323242188,-0.0268418524415132,1.607971210081246,-2.4712624494244704,-2.199058154505161,-1.1332600567613618,0.8443475714739972,0.0232630546507814,2.5573724150402186,0.1239606100015764,1.7152180370041608
30.0,202.0,130.09861755371094,-0.0179548563250369,1.6083480712808798,-2.465531120351818,-2.1978437818272205,-1.134200200743867,0.850530776790267,0.0262331683545828,2.557146403326741,0.1157459602036707,1.704806576422914
30.0,202.0,203.7299041748047,-1.4671963034076896,0.7718039591814964,-3.521820860113768,-2.7055890962796987,-1.3850800460590984,0.7492558679810841,0.0041742840984898,2.5864682179734686,0.2295821296873494,1.9406396168518183
30.0,202.0,240.0376892089844,-0.818985015422538,0.7325545795717203,-3.463958090524869,-3.1745869837099026,-1.9281247841715203,0.2058466922336207,-0.3766659363291286,2.6001316734345754,0.2265875295001577,2.1979228280822705
30.0,202.0,130.0735321044922,-0.0213613274646649,1.6132295375451438,-2.463189842857856,-2.1969147971748875,-1.132699540026101,0.8452642408368983,0.0249113297432079,2.5523000121548263,0.114457885647639,1.6995138897195403
30.0,202.0,130.0700225830078,-0.021554109745988,1.6120439753754856,-2.4634945447088183,-2.1977249787071043,-1.1359977360920583,0.8464675320695966,0.0248784910245729,2.5535928169217965,0.114511753033331,1.699528858876211
30.0,202.0,130.0693817138672,-0.0213536865091606,1.6122600775766829,-2.4637551989021,-2.1977486449225623,-1.134916606865493,0.8465113603096813,0.0245604740570709,2.5528070669480005,0.1144311812745407,1.6993715221631005
30.0,202.0,130.1483154296875,-0.0275914564491359,1.6025853398429613,-2.4696357611751845,-2.2066023363701146,-1.1327268692418329,0.8490465012714042,0.0273886671575012,2.557676004069114,0.1189562630161606,1.7028423325895643
30.0,202.0,130.071533203125,-0.0222022817900838,1.6107108097460434,-2.4632332054650825,-2.1970166179767903,-1.1342857774963526,0.8466881814163827,0.0238678801137363,2.552323291778545,0.1144431744299254,1.698268792572941
30.0,202.0,189.8350372314453,-0.1826832746806023,1.2246924260983767,-3.051692949797575,-2.5251921961081663,-1.2384936766473484,0.6872030904694896,-0.0825022686502461,2.5307295125858014,0.2549907431703788,2.0724364628185
30.0,202.0,130.07061767578125,-0.023172106139178,1.6100986851961476,-2.465180378854809,-2.1980779090085503,-1.1357025537305283,0.845075401449298,0.0228605381089993,2.5533608232514,0.1143132326260414,1.6990882288586593
30.0,202.0,130.08673095703125,-0.0259249521584827,1.6111617920405366,-2.4638036946707764,-2.196573498713516,-1.1354040681667157,0.847146053938228,0.0273478988437227,2.5568787872229315,0.1157501387388378,1.69962402858483
30.0,202.0,242.24465942382807,-0.6765068837044388,0.5731721926803546,-3.182363211629109,-3.115613068305457,-2.833970604240305,0.5175124438082294,-0.1119189164304249,2.549271617641784,0.2717736279602655,1.804321352114272
30.0,202.0,210.119873046875,-0.7610068930568665,0.5642124147423887,-3.726421416211226,-2.7995431788777383,-1.3708891968054873,0.679066308131347,0.0234932080174868,2.5843400721228726,0.297657964549431,2.1950618999519365
30.0,202.0,130.0851287841797,-0.0241387443395764,1.607929920902394,-2.464692772100721,-2.2003325234164746,-1.134913473950822,0.8450721221981081,0.0275432344480919,2.555001419768634,0.1125268314340763,1.698405709932176
30.0,202.0,130.0758056640625,-0.0201779798475247,1.6131918583627731,-2.4631307644270986,-2.1987631892537243,-1.1327530012676823,0.8457109363913101,0.0244063558056269,2.5530596229777744,0.1113369488053238,1.6978377514831595
30.0,202.0,205.575927734375,-0.8160173862793221,0.5906195673798553,-3.5501247184478806,-2.9220737949502533,-1.5276746941164658,0.7254873283981647,-0.0189028447691116,2.5943872451814447,0.2168908645567235,1.9760531472632008
30.0,202.0,130.07054138183594,-0.0228613982450662,1.6106535870140104,-2.46529216109466,-2.1977322645155284,-1.1353608003125977,0.8459772623241528,0.025085218777136,2.5540052859971567,0.1145950872465189,1.6987431536885813
30.0,202.0,130.07000732421875,-0.0218009896820211,1.6111327740655406,-2.466101941041781,-2.198061334953045,-1.135079097728024,0.8461929037382279,0.0242347721563854,2.553043140829777,0.1142170199190972,1.6995089204840157
30.0,202.0,130.06927490234375,-0.0216315388319842,1.6116464759141214,-2.463247026677073,-2.19785273228727,-1.1347562874677668,0.8464164629926926,0.0239672289950243,2.552808341343335,0.1139536949229965,1.699582535790455
30.0,202.0,130.56016540527344,-0.0149190477654709,1.6175746150205856,-2.4777384454904965,-2.1943064803515653,-1.1200205690909348,0.8412879527041174,0.0226718166762804,2.5663265870582626,0.1050650035057788,1.6858073482509577
30.0,202.0,130.07815551757812,-0.0209177352554327,1.6082751705444016,-2.464779755233256,-2.197901885208004,-1.1322841193514463,0.8464791321257116,0.0240108435918292,2.5530185843853563,0.1090878948098475,1.6901723751970366
30.0,202.0,130.082275390625,-0.0223025448142522,1.6109910734424546,-2.46486280895181,-2.1984467293495147,-1.1359776978053675,0.8463987187976559,0.0278954014718778,2.551831416281729,0.1148877218392649,1.697498056596232
30.0,202.0,130.103515625,-0.017634287632076,1.6175763186662526,-2.4605915020411304,-2.1982471439658395,-1.1309105961179895,0.8465772924674633,0.0209681639736991,2.553118750461111,0.1163206224202833,1.6992472247487254
30.0,202.0,130.07461547851562,-0.0211179290481932,1.6095873747811509,-2.463169252247808,-2.197834816577607,-1.1346323518357817,0.8440798878967131,0.0247712046636047,2.55267614747828,0.1122055321130199,1.698567479000372
30.0,202.0,131.2361602783203,-0.0220692456970595,1.59744718855561,-2.4749331952861127,-2.242386412278529,-1.1309225678285506,0.8523441005269395,0.033251440959556,2.5580831916685187,0.1558555047697084,1.8390339515386167
30.0,203.0,130.08706665039062,-0.0268215443462787,1.6098540217857014,-2.46403769562482,-2.1967828871056394,-1.135938910610692,0.847752979648084,0.0268838171900771,2.556287737654379,0.1156623813214139,1.7019411288653454
30.0,203.0,157.97987365722656,0.0109756321825986,1.6591092997140713,-2.405391592151456,-2.353706986125739,-1.0855315257486196,0.8998991632716851,-0.0065713122320898,2.543232688821917,0.1778587345916344,1.6586294230791627
30.0,203.0,130.0703887939453,-0.0223281565666402,1.611675890329003,-2.4633054106111354,-2.197539345962765,-1.134906776560734,0.8461633084549045,0.0239885702613528,2.5518103270852963,0.1138742022312472,1.7004903122512276
30.0,203.0,205.40724182128903,-1.2471719392371754,0.7338063691250966,-3.6956164114227614,-2.6893020048638974,-1.4361633841990469,0.7509499775402746,-0.0265320376388999,2.5844589496606782,0.2214973721181175,2.0621365244733765
30.0,203.0,130.06968688964844,-0.021481368834361,1.6122946132980676,-2.463050422357214,-2.198225513452776,-1.1351118701085257,0.8462159620267212,0.0245552491172871,2.5535418006825776,0.1144295364595235,1.7007380539940362
30.0,203.0,130.06910705566406,-0.0213117996944473,1.611532529519285,-2.463791151901713,-2.197820122880404,-1.1346716519594982,0.8463058061721773,0.0240051534121443,2.552954066988893,0.1131229916148561,1.6999650231385195
30.0,203.0,130.07899475097656,-0.020929509039887,1.6161861829503414,-2.4638412962327183,-2.198772127938199,-1.1362435237465325,0.8462735653232809,0.0252165231697489,2.5527485951059337,0.1135233741447122,1.7001831244777643
30.0,203.0,130.14947509765625,-0.0265878033432111,1.6057191627870409,-2.471715409892107,-2.198689063139184,-1.1321482627601072,0.8544690238115497,0.0344679859174902,2.5581475898083745,0.1223609757607841,1.7148494574260558
30.0,203.0,130.09400939941406,-0.0268993225807057,1.609624953122047,-2.463323841560391,-2.1991398059123326,-1.1368782246200333,0.8479548448777308,0.0275958228125492,2.5572579675745946,0.1149468801703433,1.7014833006616188
30.0,203.0,217.80987548828125,-0.7399219093249991,0.6265199654248446,-3.3812386568411683,-3.115740592719888,-2.4970438835882924,0.4187495791001843,-0.1164287251613381,2.541142812644273,0.2703581298861386,2.0687642066891287
30.0,203.0,201.7044219970703,-0.6552952230338768,0.789537644755984,-3.131677153117997,-2.725862189701337,-1.327890814222953,0.7257755438118074,-0.0264966475501739,2.5879562114865826,0.2411740536822892,2.06908069814025
30.0,203.0,130.0693817138672,-0.0203018279134079,1.6128568647999355,-2.4633858821507846,-2.1980891927262736,-1.134389142927224,0.8464403916649632,0.0237577554526746,2.5530154903695244,0.1136067338148567,1.69888416202441
30.0,203.0,130.0695037841797,-0.0211467714439956,1.6121120294095113,-2.463596488152922,-2.1977800772262035,-1.1341805828371974,0.8463890998958314,0.0248255223035857,2.552918992714295,0.1129619543004429,1.6998339327250078
30.0,203.0,130.0829315185547,-0.0258582259761484,1.6109680031810276,-2.4642937807572123,-2.197466798690901,-1.132460188389793,0.8474055779706137,0.0266957757819408,2.555990838368642,0.1143832802124704,1.6994602883694518
30.0,203.0,130.073486328125,-0.0221245607260259,1.6124731310847729,-2.4648077479082366,-2.196738984107521,-1.1372278715330784,0.8463626128993693,0.0249636576172515,2.5536313264307635,0.1125469894309513,1.6952239297972265
30.0,203.0,130.08216857910156,-0.0257587914159671,1.610558991664121,-2.4643000932343826,-2.198095761917553,-1.1331872128695446,0.8475819289434379,0.0273743082842861,2.55583922488324,0.1143184554415994,1.699544666362954
30.0,203.0,220.53668212890625,-1.2171966783311097,0.4756538204269566,-3.473961005955754,-3.088961056374514,-1.704597891261704,0.4920041034137272,-0.0918239354140258,2.562499878329205,0.3992523830963432,2.654374933471221
30.0,203.0,130.07192993164062,-0.0218789672382226,1.6130991525116911,-2.464129203250892,-2.197797400159945,-1.1365579375722683,0.8459300857215059,0.0254939135035334,2.5534131396693844,0.1145614441775,1.6994609155777831
30.0,203.0,130.07650756835938,-0.022468459667025,1.614841152904623,-2.463524419903952,-2.1977576763175084,-1.1357600686885048,0.8453223874160012,0.0244885005989693,2.552871569365313,0.1141993129776447,1.7036891285686058
30.0,203.0,130.0736541748047,-0.0233543728822171,1.6111206783052905,-2.4658303163166098,-2.1975943448153465,-1.1354755665751544,0.8456744507290093,0.0243604636670061,2.5550119650013,0.1130786225407927,1.693590972730019
30.0,203.0,130.0736541748047,-0.0228352032049,1.6086930579334642,-2.466182677801568,-2.197712172117707,-1.133909450064813,0.8452636328445928,0.0250408881630927,2.553138383607169,0.1145435856715737,1.6995478767932992
30.0,203.0,130.0692901611328,-0.0203942656790777,1.6119663830322368,-2.4639858657702214,-2.197839879031834,-1.1339025559464286,0.846124412267191,0.0238077821854445,2.5530134643895543,0.1135540848143144,1.6996508312525616
30.0,203.0,167.90541076660156,-0.043070522800284,1.6193580983739069,-2.532580804267332,-2.451365138534382,-1.1272901665211297,0.7254447027200452,-0.0280144581969313,2.615833301040204,0.2328551443092565,1.7935836138027392
30.0,203.0,130.07302856445312,-0.021601863709611,1.6090304802158366,-2.465433248617948,-2.197660870042485,-1.1335822255848234,0.8463874909612131,0.0253909823231447,2.5535066732437244,0.1144541623373936,1.6995347586002725
30.0,203.0,130.12106323242188,-0.0268418524415132,1.607971210081246,-2.4712624494244704,-2.199058154505161,-1.1332600567613618,0.8443475714739972,0.0232630546507814,2.5573724150402186,0.1239606100015764,1.7152180370041608
30.0,203.0,130.0872039794922,-0.0184396923921229,1.613289841694078,-2.4654527042433987,-2.198000168923418,-1.133738997040821,0.8509372538747099,0.0262593028368308,2.555196186753302,0.1134349261679886,1.6933455262621506
30.0,203.0,203.7299041748047,-1.4671963034076896,0.7718039591814964,-3.521820860113768,-2.7055890962796987,-1.3850800460590984,0.7492558679810841,0.0041742840984898,2.5864682179734686,0.2295821296873494,1.9406396168518183
30.0,203.0,240.0376892089844,-0.818985015422538,0.7325545795717203,-3.463958090524869,-3.1745869837099026,-1.9281247841715203,0.2058466922336207,-0.3766659363291286,2.6001316734345754,0.2265875295001577,2.1979228280822705
30.0,203.0,130.0735321044922,-0.0213613274646649,1.6132295375451438,-2.463189842857856,-2.1969147971748875,-1.132699540026101,0.8452642408368983,0.0249113297432079,2.5523000121548263,0.114457885647639,1.6995138897195403
30.0,203.0,130.0700225830078,-0.021554109745988,1.6120439753754856,-2.4634945447088183,-2.1977249787071043,-1.1359977360920583,0.8464675320695966,0.0248784910245729,2.5535928169217965,0.114511753033331,1.699528858876211
30.0,203.0,130.0693817138672,-0.0213536865091606,1.6122600775766829,-2.4637551989021,-2.1977486449225623,-1.134916606865493,0.8465113603096813,0.0245604740570709,2.5528070669480005,0.1144311812745407,1.6993715221631005
30.0,203.0,130.1483154296875,-0.0275914564491359,1.6025853398429613,-2.4696357611751845,-2.2066023363701146,-1.1327268692418329,0.8490465012714042,0.0273886671575012,2.557676004069114,0.1189562630161606,1.7028423325895643
30.0,203.0,130.071533203125,-0.0222022817900838,1.6107108097460434,-2.4632332054650825,-2.1970166179767903,-1.1342857774963526,0.8466881814163827,0.0238678801137363,2.552323291778545,0.1144431744299254,1.698268792572941
30.0,203.0,189.8350372314453,-0.1826832746806023,1.2246924260983767,-3.051692949797575,-2.5251921961081663,-1.2384936766473484,0.6872030904694896,-0.0825022686502461,2.5307295125858014,0.2549907431703788,2.0724364628185
30.0,203.0,130.07061767578125,-0.023172106139178,1.6100986851961476,-2.465180378854809,-2.1980779090085503,-1.1357025537305283,0.845075401449298,0.0228605381089993,2.5533608232514,0.1143132326260414,1.6990882288586593
30.0,203.0,130.08673095703125,-0.0259249521584827,1.6111617920405366,-2.4638036946707764,-2.196573498713516,-1.1354040681667157,0.847146053938228,0.0273478988437227,2.5568787872229315,0.1157501387388378,1.69962402858483
30.0,203.0,242.24465942382807,-0.6765068837044388,0.5731721926803546,-3.182363211629109,-3.115613068305457,-2.833970604240305,0.5175124438082294,-0.1119189164304249,2.549271617641784,0.2717736279602655,1.804321352114272
30.0,203.0,210.119873046875,-0.7610068930568665,0.5642124147423887,-3.726421416211226,-2.7995431788777383,-1.3708891968054873,0.679066308131347,0.0234932080174868,2.5843400721228726,0.297657964549431,2.1950618999519365
30.0,203.0,130.0814208984375,-0.0203062080128758,1.611002355629074,-2.464944882768236,-2.193412484570654,-1.134487147587202,0.8467595711610313,0.0256680722075895,2.5549658305044063,0.1144013108136432,1.6999857251281525
30.0,203.0,130.0758056640625,-0.0201779798475247,1.6131918583627731,-2.4631307644270986,-2.1987631892537243,-1.1327530012676823,0.8457109363913101,0.0244063558056269,2.5530596229777744,0.1113369488053238,1.6978377514831595
30.0,203.0,205.575927734375,-0.8160173862793221,0.5906195673798553,-3.5501247184478806,-2.9220737949502533,-1.5276746941164658,0.7254873283981647,-0.0189028447691116,2.5943872451814447,0.2168908645567235,1.9760531472632008
30.0,203.0,130.07054138183594,-0.0228613982450662,1.6106535870140104,-2.46529216109466,-2.1977322645155284,-1.1353608003125977,0.8459772623241528,0.025085218777136,2.5540052859971567,0.1145950872465189,1.6987431536885813
30.0,203.0,130.07000732421875,-0.0218009896820211,1.6111327740655406,-2.466101941041781,-2.198061334953045,-1.135079097728024,0.8461929037382279,0.0242347721563854,2.553043140829777,0.1142170199190972,1.6995089204840157
30.0,203.0,130.06927490234375,-0.0216315388319842,1.6116464759141214,-2.463247026677073,-2.19785273228727,-1.1347562874677668,0.8464164629926926,0.0239672289950243,2.552808341343335,0.1139536949229965,1.699582535790455
30.0,203.0,130.56016540527344,-0.0149190477654709,1.6175746150205856,-2.4777384454904965,-2.1943064803515653,-1.1200205690909348,0.8412879527041174,0.0226718166762804,2.5663265870582626,0.1050650035057788,1.6858073482509577
30.0,203.0,130.07815551757812,-0.0209177352554327,1.6082751705444016,-2.464779755233256,-2.197901885208004,-1.1322841193514463,0.8464791321257116,0.0240108435918292,2.5530185843853563,0.1090878948098475,1.6901723751970366
30.0,203.0,130.082275390625,-0.0223025448142522,1.6109910734424546,-2.46486280895181,-2.1984467293495147,-1.1359776978053675,0.8463987187976559,0.0278954014718778,2.551831416281729,0.1148877218392649,1.697498056596232
30.0,203.0,130.103515625,-0.017634287632076,1.6175763186662526,-2.4605915020411304,-2.1982471439658395,-1.1309105961179895,0.8465772924674633,0.0209681639736991,2.553118750461111,0.1163206224202833,1.6992472247487254
30.0,203.0,130.07461547851562,-0.0211179290481932,1.6095873747811509,-2.463169252247808,-2.197834816577607,-1.1346323518357817,0.8440798878967131,0.0247712046636047,2.55267614747828,0.1122055321130199,1.698567479000372
30.0,203.0,131.2361602783203,-0.0220692456970595,1.59744718855561,-2.4749331952861127,-2.242386412278529,-1.1309225678285506,0.8523441005269395,0.033251440959556,2.5580831916685187,0.1558555047697084,1.8390339515386167
30.0,204.0,130.08706665039062,-0.0268215443462787,1.6098540217857014,-2.46403769562482,-2.1967828871056394,-1.135938910610692,0.847752979648084,0.0268838171900771,2.556287737654379,0.1156623813214139,1.7019411288653454
30.0,204.0,152.71218872070312,0.0383487085375062,1.688398859793658,-2.57044741155079,-2.095819045144437,-1.1320025895309438,0.8218926067247789,-0.0094092691574636,2.5527951446728534,0.0703731905583678,1.6681465519742742
30.0,204.0,130.06956481933594,-0.0207721252396233,1.6115350970516111,-2.464514471709052,-2.1978066290873106,-1.134605290128209,0.8461391324135624,0.0239181497468662,2.553105870437044,0.1132655280818512,1.700768875448058
30.0,204.0,205.40724182128903,-1.2471719392371754,0.7338063691250966,-3.6956164114227614,-2.6893020048638974,-1.4361633841990469,0.7509499775402746,-0.0265320376388999,2.5844589496606782,0.2214973721181175,2.0621365244733765
30.0,204.0,130.06968688964844,-0.021481368834361,1.6122946132980676,-2.463050422357214,-2.198225513452776,-1.1351118701085257,0.8462159620267212,0.0245552491172871,2.5535418006825776,0.1144295364595235,1.7007380539940362
30.0,204.0,130.06910705566406,-0.0213117996944473,1.611532529519285,-2.463791151901713,-2.197820122880404,-1.1346716519594982,0.8463058061721773,0.0240051534121443,2.552954066988893,0.1131229916148561,1.6999650231385195
30.0,204.0,130.07269287109375,-0.0217284991871598,1.608882817421489,-2.464102177318844,-2.197055877381833,-1.1350111849583386,0.8461735187713552,0.0242508799449691,2.55294042837316,0.1141905983736615,1.7002738294238189
30.0,204.0,130.14947509765625,-0.0265878033432111,1.6057191627870409,-2.471715409892107,-2.198689063139184,-1.1321482627601072,0.8544690238115497,0.0344679859174902,2.5581475898083745,0.1223609757607841,1.7148494574260558
30.0,204.0,130.07733154296875,-0.0208736072731072,1.6114459893414896,-2.4619743354637307,-2.1984399212266776,-1.1370280742890135,0.8474580209788505,0.0245045970569775,2.5529209471262098,0.1136023183010937,1.7011869759515936
30.0,204.0,217.80987548828125,-0.7399219093249991,0.6265199654248446,-3.3812386568411683,-3.115740592719888,-2.4970438835882924,0.4187495791001843,-0.1164287251613381,2.541142812644273,0.2703581298861386,2.0687642066891287
30.0,204.0,201.7044219970703,-0.6552952230338768,0.789537644755984,-3.131677153117997,-2.725862189701337,-1.327890814222953,0.7257755438118074,-0.0264966475501739,2.5879562114865826,0.2411740536822892,2.06908069814025
30.0,204.0,130.0693817138672,-0.0203018279134079,1.6128568647999355,-2.4633858821507846,-2.1980891927262736,-1.134389142927224,0.8464403916649632,0.0237577554526746,2.5530154903695244,0.1136067338148567,1.69888416202441
30.0,204.0,130.0695037841797,-0.0211467714439956,1.6121120294095113,-2.463596488152922,-2.1977800772262035,-1.1341805828371974,0.8463890998958314,0.0248255223035857,2.552918992714295,0.1129619543004429,1.6998339327250078
30.0,204.0,130.0829315185547,-0.0258582259761484,1.6109680031810276,-2.4642937807572123,-2.197466798690901,-1.132460188389793,0.8474055779706137,0.0266957757819408,2.555990838368642,0.1143832802124704,1.6994602883694518
30.0,204.0,130.073486328125,-0.0221245607260259,1.6124731310847729,-2.4648077479082366,-2.196738984107521,-1.1372278715330784,0.8463626128993693,0.0249636576172515,2.5536313264307635,0.1125469894309513,1.6952239297972265
30.0,204.0,130.08216857910156,-0.0257587914159671,1.610558991664121,-2.4643000932343826,-2.198095761917553,-1.1331872128695446,0.8475819289434379,0.0273743082842861,2.55583922488324,0.1143184554415994,1.699544666362954
30.0,204.0,220.53668212890625,-1.2171966783311097,0.4756538204269566,-3.473961005955754,-3.088961056374514,-1.704597891261704,0.4920041034137272,-0.0918239354140258,2.562499878329205,0.3992523830963432,2.654374933471221
30.0,204.0,130.07192993164062,-0.0218789672382226,1.6130991525116911,-2.464129203250892,-2.197797400159945,-1.1365579375722683,0.8459300857215059,0.0254939135035334,2.5534131396693844,0.1145614441775,1.6994609155777831
30.0,204.0,130.073974609375,-0.02120140429447,1.6098813250711967,-2.468194176622592,-2.198450724855562,-1.1342529019033556,0.8461553349511286,0.0241511062555423,2.552903446569528,0.1128600450663329,1.6957809382186555
30.0,204.0,130.0692596435547,-0.0207399282761648,1.6109293046554112,-2.4633035132874976,-2.1978621203511324,-1.1349999489771516,0.8453444705216491,0.0238675854955738,2.5530665246179023,0.113013884072729,1.698793351238297
30.0,204.0,130.0736541748047,-0.0228352032049,1.6086930579334642,-2.466182677801568,-2.197712172117707,-1.133909450064813,0.8452636328445928,0.0250408881630927,2.553138383607169,0.1145435856715737,1.6995478767932992
30.0,204.0,130.0692901611328,-0.0203942656790777,1.6119663830322368,-2.4639858657702214,-2.197839879031834,-1.1339025559464286,0.846124412267191,0.0238077821854445,2.5530134643895543,0.1135540848143144,1.6996508312525616
30.0,204.0,167.90541076660156,-0.043070522800284,1.6193580983739069,-2.532580804267332,-2.451365138534382,-1.1272901665211297,0.7254447027200452,-0.0280144581969313,2.615833301040204,0.2328551443092565,1.7935836138027392
30.0,204.0,130.07302856445312,-0.021601863709611,1.6090304802158366,-2.465433248617948,-2.197660870042485,-1.1335822255848234,0.8463874909612131,0.0253909823231447,2.5535066732437244,0.1144541623373936,1.6995347586002725
30.0,204.0,130.12106323242188,-0.0268418524415132,1.607971210081246,-2.4712624494244704,-2.199058154505161,-1.1332600567613618,0.8443475714739972,0.0232630546507814,2.5573724150402186,0.1239606100015764,1.7152180370041608
30.0,204.0,130.07550048828125,-0.0218783168170493,1.6121387203816595,-2.462391086934652,-2.1977459027700377,-1.1349439595386157,0.8423805812904466,0.0240371212223793,2.550929434630442,0.1118025730593794,1.6970116954812229
30.0,204.0,203.7299041748047,-1.4671963034076896,0.7718039591814964,-3.521820860113768,-2.7055890962796987,-1.3850800460590984,0.7492558679810841,0.0041742840984898,2.5864682179734686,0.2295821296873494,1.9406396168518183
30.0,204.0,240.0376892089844,-0.818985015422538,0.7325545795717203,-3.463958090524869,-3.1745869837099026,-1.9281247841715203,0.2058466922336207,-0.3766659363291286,2.6001316734345754,0.2265875295001577,2.1979228280822705
30.0,204.0,130.0735321044922,-0.0213613274646649,1.6132295375451438,-2.463189842857856,-2.1969147971748875,-1.132699540026101,0.8452642408368983,0.0249113297432079,2.5523000121548263,0.114457885647639,1.6995138897195403
30.0,204.0,130.0700225830078,-0.021554109745988,1.6120439753754856,-2.4634945447088183,-2.1977249787071043,-1.1359977360920583,0.8464675320695966,0.0248784910245729,2.5535928169217965,0.114511753033331,1.699528858876211
30.0,204.0,130.0693817138672,-0.0213536865091606,1.6122600775766829,-2.4637551989021,-2.1977486449225623,-1.134916606865493,0.8465113603096813,0.0245604740570709,2.5528070669480005,0.1144311812745407,1.6993715221631005
30.0,204.0,130.1483154296875,-0.0275914564491359,1.6025853398429613,-2.4696357611751845,-2.2066023363701146,-1.1327268692418329,0.8490465012714042,0.0273886671575012,2.557676004069114,0.1189562630161606,1.7028423325895643
30.0,204.0,130.07093811035156,-0.0219628191949843,1.6128765758157098,-2.463240161937541,-2.1977837657310992,-1.1340657395965343,0.8464232769591932,0.0241451210963174,2.5522486548235848,0.1135761710443631,1.7008230488566385
30.0,204.0,189.8350372314453,-0.1826832746806023,1.2246924260983767,-3.051692949797575,-2.5251921961081663,-1.2384936766473484,0.6872030904694896,-0.0825022686502461,2.5307295125858014,0.2549907431703788,2.0724364628185
30.0,204.0,130.07061767578125,-0.023172106139178,1.6100986851961476,-2.465180378854809,-2.1980779090085503,-1.1357025537305283,0.845075401449298,0.0228605381089993,2.5533608232514,0.1143132326260414,1.6990882288586593
30.0,204.0,130.08673095703125,-0.0259249521584827,1.6111617920405366,-2.4638036946707764,-2.196573498713516,-1.1354040681667157,0.847146053938228,0.0273478988437227,2.5568787872229315,0.1157501387388378,1.69962402858483
30.0,204.0,242.24465942382807,-0.6765068837044388,0.5731721926803546,-3.182363211629109,-3.115613068305457,-2.833970604240305,0.5175124438082294,-0.1119189164304249,2.549271617641784,0.2717736279602655,1.804321352114272
30.0,204.0,210.119873046875,-0.7610068930568665,0.5642124147423887,-3.726421416211226,-2.7995431788777383,-1.3708891968054873,0.679066308131347,0.0234932080174868,2.5843400721228726,0.297657964549431,2.1950618999519365
30.0,204.0,130.0760040283203,-0.019903550352194,1.6104409729054665,-2.464551236300905,-2.1953348258348737,-1.1346344989603023,0.847054281527971,0.0233578179807977,2.5522416589780663,0.1131096775004814,1.700380244010325
30.0,204.0,130.0758056640625,-0.0201779798475247,1.6131918583627731,-2.4631307644270986,-2.1987631892537243,-1.1327530012676823,0.8457109363913101,0.0244063558056269,2.5530596229777744,0.1113369488053238,1.6978377514831595
30.0,204.0,205.575927734375,-0.8160173862793221,0.5906195673798553,-3.5501247184478806,-2.9220737949502533,-1.5276746941164658,0.7254873283981647,-0.0189028447691116,2.5943872451814447,0.2168908645567235,1.9760531472632008
30.0,204.0,130.07054138183594,-0.0228613982450662,1.6106535870140104,-2.46529216109466,-2.1977322645155284,-1.1353608003125977,0.8459772623241528,0.025085218777136,2.5540052859971567,0.1145950872465189,1.6987431536885813
30.0,204.0,130.07000732421875,-0.0218009896820211,1.6111327740655406,-2.466101941041781,-2.198061334953045,-1.135079097728024,0.8461929037382279,0.0242347721563854,2.553043140829777,0.1142170199190972,1.6995089204840157
30.0,204.0,130.06927490234375,-0.0216315388319842,1.6116464759141214,-2.463247026677073,-2.19785273228727,-1.1347562874677668,0.8464164629926926,0.0239672289950243,2.552808341343335,0.1139536949229965,1.699582535790455
30.0,204.0,130.18447875976562,-0.0165841734284134,1.6187456949822074,-2.4507400880327097,-2.1964207689030326,-1.1446185977369614,0.8422318529542769,0.0230065767865099,2.5507601687631443,0.1114892483698991,1.6829333046583506
30.0,204.0,130.07815551757812,-0.0209177352554327,1.6082751705444016,-2.464779755233256,-2.197901885208004,-1.1322841193514463,0.8464791321257116,0.0240108435918292,2.5530185843853563,0.1090878948098475,1.6901723751970366
30.0,204.0,130.082275390625,-0.0223025448142522,1.6109910734424546,-2.46486280895181,-2.1984467293495147,-1.1359776978053675,0.8463987187976559,0.0278954014718778,2.551831416281729,0.1148877218392649,1.697498056596232
30.0,204.0,130.103515625,-0.017634287632076,1.6175763186662526,-2.4605915020411304,-2.1982471439658395,-1.1309105961179895,0.8465772924674633,0.0209681639736991,2.553118750461111,0.1163206224202833,1.6992472247487254
30.0,204.0,130.07461547851562,-0.0211179290481932,1.6095873747811509,-2.463169252247808,-2.197834816577607,-1.1346323518357817,0.8440798878967131,0.0247712046636047,2.55267614747828,0.1122055321130199,1.698567479000372
30.0,204.0,131.2361602783203,-0.0220692456970595,1.59744718855561,-2.4749331952861127,-2.242386412278529,-1.1309225678285506,0.8523441005269395,0.033251440959556,2.5580831916685187,0.1558555047697084,1.8390339515386167
30.0,205.0,130.08706665039062,-0.0268215443462787,1.6098540217857014,-2.46403769562482,-2.1967828871056394,-1.135938910610692,0.847752979648084,0.0268838171900771,2.556287737654379,0.1156623813214139,1.7019411288653454
30.0,205.0,141.0723419189453,-0.0455941323391638,1.6332698022981431,-2.5401080543040004,-2.1152018982471263,-1.1513006400483463,0.8359426972114423,0.0170742582347395,2.5568090708862474,0.1183568586067219,1.678740876567749
30.0,205.0,130.06956481933594,-0.0207721252396233,1.6115350970516111,-2.464514471709052,-2.1978066290873106,-1.134605290128209,0.8461391324135624,0.0239181497468662,2.553105870437044,0.1132655280818512,1.700768875448058
30.0,205.0,205.40724182128903,-1.2471719392371754,0.7338063691250966,-3.6956164114227614,-2.6893020048638974,-1.4361633841990469,0.7509499775402746,-0.0265320376388999,2.5844589496606782,0.2214973721181175,2.0621365244733765
30.0,205.0,130.06968688964844,-0.021481368834361,1.6122946132980676,-2.463050422357214,-2.198225513452776,-1.1351118701085257,0.8462159620267212,0.0245552491172871,2.5535418006825776,0.1144295364595235,1.7007380539940362
30.0,205.0,130.06910705566406,-0.0213117996944473,1.611532529519285,-2.463791151901713,-2.197820122880404,-1.1346716519594982,0.8463058061721773,0.0240051534121443,2.552954066988893,0.1131229916148561,1.6999650231385195
30.0,205.0,130.07269287109375,-0.0217284991871598,1.608882817421489,-2.464102177318844,-2.197055877381833,-1.1350111849583386,0.8461735187713552,0.0242508799449691,2.55294042837316,0.1141905983736615,1.7002738294238189
30.0,205.0,130.14320373535156,-0.022589368958317,1.613140985401082,-2.460201000911657,-2.196594386915282,-1.1387232994351135,0.8378630896098325,0.0155566648686368,2.546358478006562,0.1187095062357159,1.7143845040490615
30.0,205.0,130.07180786132812,-0.0198385588222231,1.613399746182087,-2.462447093375754,-2.1980275329727466,-1.133904304055262,0.846753119792344,0.0232432009304832,2.55281013637525,0.1129654286504708,1.6988241965863846
30.0,205.0,217.80987548828125,-0.7399219093249991,0.6265199654248446,-3.3812386568411683,-3.115740592719888,-2.4970438835882924,0.4187495791001843,-0.1164287251613381,2.541142812644273,0.2703581298861386,2.0687642066891287
30.0,205.0,201.7044219970703,-0.6552952230338768,0.789537644755984,-3.131677153117997,-2.725862189701337,-1.327890814222953,0.7257755438118074,-0.0264966475501739,2.5879562114865826,0.2411740536822892,2.06908069814025
30.0,205.0,130.0693817138672,-0.0203018279134079,1.6128568647999355,-2.4633858821507846,-2.1980891927262736,-1.134389142927224,0.8464403916649632,0.0237577554526746,2.5530154903695244,0.1136067338148567,1.69888416202441
30.0,205.0,130.0695037841797,-0.0211467714439956,1.6121120294095113,-2.463596488152922,-2.1977800772262035,-1.1341805828371974,0.8463890998958314,0.0248255223035857,2.552918992714295,0.1129619543004429,1.6998339327250078
30.0,205.0,130.0829315185547,-0.0258582259761484,1.6109680031810276,-2.4642937807572123,-2.197466798690901,-1.132460188389793,0.8474055779706137,0.0266957757819408,2.555990838368642,0.1143832802124704,1.6994602883694518
30.0,205.0,130.073486328125,-0.0221245607260259,1.6124731310847729,-2.4648077479082366,-2.196738984107521,-1.1372278715330784,0.8463626128993693,0.0249636576172515,2.5536313264307635,0.1125469894309513,1.6952239297972265
30.0,205.0,130.08216857910156,-0.0257587914159671,1.610558991664121,-2.4643000932343826,-2.198095761917553,-1.1331872128695446,0.8475819289434379,0.0273743082842861,2.55583922488324,0.1143184554415994,1.699544666362954
30.0,205.0,220.53668212890625,-1.2171966783311097,0.4756538204269566,-3.473961005955754,-3.088961056374514,-1.704597891261704,0.4920041034137272,-0.0918239354140258,2.562499878329205,0.3992523830963432,2.654374933471221
30.0,205.0,130.07041931152344,-0.0216111504968444,1.6111491569144925,-2.4626537011059697,-2.19778554955004,-1.1351262333111918,0.8463526742417836,0.0244928830473578,2.5534528076822336,0.1142306314334195,1.7001458238776057
30.0,205.0,130.07049560546875,-0.0210888011598039,1.6128943736553267,-2.4619951058397778,-2.198285737650588,-1.1346664179003754,0.8463138175790003,0.0239208407087454,2.553133776871423,0.1127660623631251,1.693794412124049
30.0,205.0,130.0692596435547,-0.0207399282761648,1.6109293046554112,-2.4633035132874976,-2.1978621203511324,-1.1349999489771516,0.8453444705216491,0.0238675854955738,2.5530665246179023,0.113013884072729,1.698793351238297
30.0,205.0,130.0736541748047,-0.0228352032049,1.6086930579334642,-2.466182677801568,-2.197712172117707,-1.133909450064813,0.8452636328445928,0.0250408881630927,2.553138383607169,0.1145435856715737,1.6995478767932992
30.0,205.0,130.0692901611328,-0.0203942656790777,1.6119663830322368,-2.4639858657702214,-2.197839879031834,-1.1339025559464286,0.846124412267191,0.0238077821854445,2.5530134643895543,0.1135540848143144,1.6996508312525616
30.0,205.0,167.90541076660156,-0.043070522800284,1.6193580983739069,-2.532580804267332,-2.451365138534382,-1.1272901665211297,0.7254447027200452,-0.0280144581969313,2.615833301040204,0.2328551443092565,1.7935836138027392
30.0,205.0,130.07302856445312,-0.021601863709611,1.6090304802158366,-2.465433248617948,-2.197660870042485,-1.1335822255848234,0.8463874909612131,0.0253909823231447,2.5535066732437244,0.1144541623373936,1.6995347586002725
30.0,205.0,130.12106323242188,-0.0268418524415132,1.607971210081246,-2.4712624494244704,-2.199058154505161,-1.1332600567613618,0.8443475714739972,0.0232630546507814,2.5573724150402186,0.1239606100015764,1.7152180370041608
30.0,205.0,130.07550048828125,-0.0218783168170493,1.6121387203816595,-2.462391086934652,-2.1977459027700377,-1.1349439595386157,0.8423805812904466,0.0240371212223793,2.550929434630442,0.1118025730593794,1.6970116954812229
30.0,205.0,203.7299041748047,-1.4671963034076896,0.7718039591814964,-3.521820860113768,-2.7055890962796987,-1.3850800460590984,0.7492558679810841,0.0041742840984898,2.5864682179734686,0.2295821296873494,1.9406396168518183
30.0,205.0,240.0376892089844,-0.818985015422538,0.7325545795717203,-3.463958090524869,-3.1745869837099026,-1.9281247841715203,0.2058466922336207,-0.3766659363291286,2.6001316734345754,0.2265875295001577,2.1979228280822705
30.0,205.0,130.0735321044922,-0.0213613274646649,1.6132295375451438,-2.463189842857856,-2.1969147971748875,-1.132699540026101,0.8452642408368983,0.0249113297432079,2.5523000121548263,0.114457885647639,1.6995138897195403
30.0,205.0,130.0700225830078,-0.021554109745988,1.6120439753754856,-2.4634945447088183,-2.1977249787071043,-1.1359977360920583,0.8464675320695966,0.0248784910245729,2.5535928169217965,0.114511753033331,1.699528858876211
30.0,205.0,130.0693817138672,-0.0213536865091606,1.6122600775766829,-2.4637551989021,-2.1977486449225623,-1.134916606865493,0.8465113603096813,0.0245604740570709,2.5528070669480005,0.1144311812745407,1.6993715221631005
30.0,205.0,130.1117401123047,-0.0119651705550935,1.612003891221375,-2.4638517122234243,-2.1969709061366416,-1.13421050979483,0.8490285293176021,0.0243352880031873,2.5533637644542715,0.1108258771245781,1.6973377554254705
30.0,205.0,130.06890869140625,-0.0212881890609658,1.6125458798516892,-2.4634099963670835,-2.197925844601921,-1.1340910700361262,0.8462339293574737,0.0241778059007504,2.55280639675026,0.1133285428031655,1.6987931470447826
30.0,205.0,189.8350372314453,-0.1826832746806023,1.2246924260983767,-3.051692949797575,-2.5251921961081663,-1.2384936766473484,0.6872030904694896,-0.0825022686502461,2.5307295125858014,0.2549907431703788,2.0724364628185
30.0,205.0,130.07061767578125,-0.023172106139178,1.6100986851961476,-2.465180378854809,-2.1980779090085503,-1.1357025537305283,0.845075401449298,0.0228605381089993,2.5533608232514,0.1143132326260414,1.6990882288586593
30.0,205.0,130.08673095703125,-0.0259249521584827,1.6111617920405366,-2.4638036946707764,-2.196573498713516,-1.1354040681667157,0.847146053938228,0.0273478988437227,2.5568787872229315,0.1157501387388378,1.69962402858483
30.0,205.0,242.24465942382807,-0.6765068837044388,0.5731721926803546,-3.182363211629109,-3.115613068305457,-2.833970604240305,0.5175124438082294,-0.1119189164304249,2.549271617641784,0.2717736279602655,1.804321352114272
30.0,205.0,210.119873046875,-0.7610068930568665,0.5642124147423887,-3.726421416211226,-2.7995431788777383,-1.3708891968054873,0.679066308131347,0.0234932080174868,2.5843400721228726,0.297657964549431,2.1950618999519365
30.0,205.0,130.0760040283203,-0.019903550352194,1.6104409729054665,-2.464551236300905,-2.1953348258348737,-1.1346344989603023,0.847054281527971,0.0233578179807977,2.5522416589780663,0.1131096775004814,1.700380244010325
30.0,205.0,130.07571411132812,-0.0183547860688416,1.6122800534936768,-2.463572802738092,-2.1981719436630547,-1.1360233947276364,0.8443279169189404,0.0240198319674241,2.552995745514349,0.110948839356457,1.6984508871137018
30.0,205.0,205.575927734375,-0.8160173862793221,0.5906195673798553,-3.5501247184478806,-2.9220737949502533,-1.5276746941164658,0.7254873283981647,-0.0189028447691116,2.5943872451814447,0.2168908645567235,1.9760531472632008
30.0,205.0,130.07054138183594,-0.0228613982450662,1.6106535870140104,-2.46529216109466,-2.1977322645155284,-1.1353608003125977,0.8459772623241528,0.025085218777136,2.5540052859971567,0.1145950872465189,1.6987431536885813
30.0,205.0,130.07000732421875,-0.0218009896820211,1.6111327740655406,-2.466101941041781,-2.198061334953045,-1.135079097728024,0.8461929037382279,0.0242347721563854,2.553043140829777,0.1142170199190972,1.6995089204840157
30.0,205.0,130.06927490234375,-0.0216315388319842,1.6116464759141214,-2.463247026677073,-2.19785273228727,-1.1347562874677668,0.8464164629926926,0.0239672289950243,2.552808341343335,0.1139536949229965,1.699582535790455
30.0,205.0,130.18447875976562,-0.0165841734284134,1.6187456949822074,-2.4507400880327097,-2.1964207689030326,-1.1446185977369614,0.8422318529542769,0.0230065767865099,2.5507601687631443,0.1114892483698991,1.6829333046583506
30.0,205.0,130.07815551757812,-0.0209177352554327,1.6082751705444016,-2.464779755233256,-2.197901885208004,-1.1322841193514463,0.8464791321257116,0.0240108435918292,2.5530185843853563,0.1090878948098475,1.6901723751970366
30.0,205.0,130.082275390625,-0.0223025448142522,1.6109910734424546,-2.46486280895181,-2.1984467293495147,-1.1359776978053675,0.8463987187976559,0.0278954014718778,2.551831416281729,0.1148877218392649,1.697498056596232
30.0,205.0,130.103515625,-0.017634287632076,1.6175763186662526,-2.4605915020411304,-2.1982471439658395,-1.1309105961179895,0.8465772924674633,0.0209681639736991,2.553118750461111,0.1163206224202833,1.6992472247487254
30.0,205.0,130.07461547851562,-0.0211179290481932,1.6095873747811509,-2.463169252247808,-2.197834816577607,-1.1346323518357817,0.8440798878967131,0.0247712046636047,2.55267614747828,0.1122055321130199,1.698567479000372
30.0,205.0,131.2361602783203,-0.0220692456970595,1.59744718855561,-2.4749331952861127,-2.242386412278529,-1.1309225678285506,0.8523441005269395,0.033251440959556,2.5580831916685187,0.1558555047697084,1.8390339515386167
30.0,206.0,130.08706665039062,-0.0268215443462787,1.6098540217857014,-2.46403769562482,-2.1967828871056394,-1.135938910610692,0.847752979648084,0.0268838171900771,2.556287737654379,0.1156623813214139,1.7019411288653454
30.0,206.0,134.33775329589844,-0.0333227235737063,1.60667552993754,-2.381825716446488,-2.15798332875872,-1.1556698432815125,0.8653049506809373,0.0321576638614612,2.558259263269562,0.1289615830781838,1.7194692877773912
30.0,206.0,130.06956481933594,-0.0207721252396233,1.6115350970516111,-2.464514471709052,-2.1978066290873106,-1.134605290128209,0.8461391324135624,0.0239181497468662,2.553105870437044,0.1132655280818512,1.700768875448058
30.0,206.0,205.40724182128903,-1.2471719392371754,0.7338063691250966,-3.6956164114227614,-2.6893020048638974,-1.4361633841990469,0.7509499775402746,-0.0265320376388999,2.5844589496606782,0.2214973721181175,2.0621365244733765
30.0,206.0,130.06968688964844,-0.021481368834361,1.6122946132980676,-2.463050422357214,-2.198225513452776,-1.1351118701085257,0.8462159620267212,0.0245552491172871,2.5535418006825776,0.1144295364595235,1.7007380539940362
30.0,206.0,130.06910705566406,-0.0213117996944473,1.611532529519285,-2.463791151901713,-2.197820122880404,-1.1346716519594982,0.8463058061721773,0.0240051534121443,2.552954066988893,0.1131229916148561,1.6999650231385195
30.0,206.0,130.07269287109375,-0.0217284991871598,1.608882817421489,-2.464102177318844,-2.197055877381833,-1.1350111849583386,0.8461735187713552,0.0242508799449691,2.55294042837316,0.1141905983736615,1.7002738294238189
30.0,206.0,130.14320373535156,-0.022589368958317,1.613140985401082,-2.460201000911657,-2.196594386915282,-1.1387232994351135,0.8378630896098325,0.0155566648686368,2.546358478006562,0.1187095062357159,1.7143845040490615
30.0,206.0,130.07180786132812,-0.0198385588222231,1.613399746182087,-2.462447093375754,-2.1980275329727466,-1.133904304055262,0.846753119792344,0.0232432009304832,2.55281013637525,0.1129654286504708,1.6988241965863846
30.0,206.0,217.80987548828125,-0.7399219093249991,0.6265199654248446,-3.3812386568411683,-3.115740592719888,-2.4970438835882924,0.4187495791001843,-0.1164287251613381,2.541142812644273,0.2703581298861386,2.0687642066891287
30.0,206.0,201.7044219970703,-0.6552952230338768,0.789537644755984,-3.131677153117997,-2.725862189701337,-1.327890814222953,0.7257755438118074,-0.0264966475501739,2.5879562114865826,0.2411740536822892,2.06908069814025
30.0,206.0,130.0693817138672,-0.0203018279134079,1.6128568647999355,-2.4633858821507846,-2.1980891927262736,-1.134389142927224,0.8464403916649632,0.0237577554526746,2.5530154903695244,0.1136067338148567,1.69888416202441
30.0,206.0,130.0695037841797,-0.0211467714439956,1.6121120294095113,-2.463596488152922,-2.1977800772262035,-1.1341805828371974,0.8463890998958314,0.0248255223035857,2.552918992714295,0.1129619543004429,1.6998339327250078
30.0,206.0,130.0829315185547,-0.0258582259761484,1.6109680031810276,-2.4642937807572123,-2.197466798690901,-1.132460188389793,0.8474055779706137,0.0266957757819408,2.555990838368642,0.1143832802124704,1.6994602883694518
30.0,206.0,130.073486328125,-0.0221245607260259,1.6124731310847729,-2.4648077479082366,-2.196738984107521,-1.1372278715330784,0.8463626128993693,0.0249636576172515,2.5536313264307635,0.1125469894309513,1.6952239297972265
30.0,206.0,130.08216857910156,-0.0257587914159671,1.610558991664121,-2.4643000932343826,-2.198095761917553,-1.1331872128695446,0.8475819289434379,0.0273743082842861,2.55583922488324,0.1143184554415994,1.699544666362954
30.0,206.0,220.53668212890625,-1.2171966783311097,0.4756538204269566,-3.473961005955754,-3.088961056374514,-1.704597891261704,0.4920041034137272,-0.0918239354140258,2.562499878329205,0.3992523830963432,2.654374933471221
30.0,206.0,130.07041931152344,-0.0216111504968444,1.6111491569144925,-2.4626537011059697,-2.19778554955004,-1.1351262333111918,0.8463526742417836,0.0244928830473578,2.5534528076822336,0.1142306314334195,1.7001458238776057
30.0,206.0,130.07049560546875,-0.0210888011598039,1.6128943736553267,-2.4619951058397778,-2.198285737650588,-1.1346664179003754,0.8463138175790003,0.0239208407087454,2.553133776871423,0.1127660623631251,1.693794412124049
30.0,206.0,130.0692596435547,-0.0207399282761648,1.6109293046554112,-2.4633035132874976,-2.1978621203511324,-1.1349999489771516,0.8453444705216491,0.0238675854955738,2.5530665246179023,0.113013884072729,1.698793351238297
30.0,206.0,130.0736541748047,-0.0228352032049,1.6086930579334642,-2.466182677801568,-2.197712172117707,-1.133909450064813,0.8452636328445928,0.0250408881630927,2.553138383607169,0.1145435856715737,1.6995478767932992
30.0,206.0,130.0692901611328,-0.0203942656790777,1.6119663830322368,-2.4639858657702214,-2.197839879031834,-1.1339025559464286,0.846124412267191,0.0238077821854445,2.5530134643895543,0.1135540848143144,1.6996508312525616
30.0,206.0,167.90541076660156,-0.043070522800284,1.6193580983739069,-2.532580804267332,-2.451365138534382,-1.1272901665211297,0.7254447027200452,-0.0280144581969313,2.615833301040204,0.2328551443092565,1.7935836138027392
30.0,206.0,130.07302856445312,-0.021601863709611,1.6090304802158366,-2.465433248617948,-2.197660870042485,-1.1335822255848234,0.8463874909612131,0.0253909823231447,2.5535066732437244,0.1144541623373936,1.6995347586002725
30.0,206.0,130.12106323242188,-0.0268418524415132,1.607971210081246,-2.4712624494244704,-2.199058154505161,-1.1332600567613618,0.8443475714739972,0.0232630546507814,2.5573724150402186,0.1239606100015764,1.7152180370041608
30.0,206.0,130.07550048828125,-0.0218783168170493,1.6121387203816595,-2.462391086934652,-2.1977459027700377,-1.1349439595386157,0.8423805812904466,0.0240371212223793,2.550929434630442,0.1118025730593794,1.6970116954812229
30.0,206.0,203.7299041748047,-1.4671963034076896,0.7718039591814964,-3.521820860113768,-2.7055890962796987,-1.3850800460590984,0.7492558679810841,0.0041742840984898,2.5864682179734686,0.2295821296873494,1.9406396168518183
30.0,206.0,240.0376892089844,-0.818985015422538,0.7325545795717203,-3.463958090524869,-3.1745869837099026,-1.9281247841715203,0.2058466922336207,-0.3766659363291286,2.6001316734345754,0.2265875295001577,2.1979228280822705
30.0,206.0,130.0735321044922,-0.0213613274646649,1.6132295375451438,-2.463189842857856,-2.1969147971748875,-1.132699540026101,0.8452642408368983,0.0249113297432079,2.5523000121548263,0.114457885647639,1.6995138897195403
30.0,206.0,130.0700225830078,-0.021554109745988,1.6120439753754856,-2.4634945447088183,-2.1977249787071043,-1.1359977360920583,0.8464675320695966,0.0248784910245729,2.5535928169217965,0.114511753033331,1.699528858876211
30.0,206.0,130.0693817138672,-0.0213536865091606,1.6122600775766829,-2.4637551989021,-2.1977486449225623,-1.134916606865493,0.8465113603096813,0.0245604740570709,2.5528070669480005,0.1144311812745407,1.6993715221631005
30.0,206.0,130.1117401123047,-0.0119651705550935,1.612003891221375,-2.4638517122234243,-2.1969709061366416,-1.13421050979483,0.8490285293176021,0.0243352880031873,2.5533637644542715,0.1108258771245781,1.6973377554254705
30.0,206.0,130.06890869140625,-0.0212881890609658,1.6125458798516892,-2.4634099963670835,-2.197925844601921,-1.1340910700361262,0.8462339293574737,0.0241778059007504,2.55280639675026,0.1133285428031655,1.6987931470447826
30.0,206.0,189.8350372314453,-0.1826832746806023,1.2246924260983767,-3.051692949797575,-2.5251921961081663,-1.2384936766473484,0.6872030904694896,-0.0825022686502461,2.5307295125858014,0.2549907431703788,2.0724364628185
30.0,206.0,130.07061767578125,-0.023172106139178,1.6100986851961476,-2.465180378854809,-2.1980779090085503,-1.1357025537305283,0.845075401449298,0.0228605381089993,2.5533608232514,0.1143132326260414,1.6990882288586593
30.0,206.0,130.08673095703125,-0.0259249521584827,1.6111617920405366,-2.4638036946707764,-2.196573498713516,-1.1354040681667157,0.847146053938228,0.0273478988437227,2.5568787872229315,0.1157501387388378,1.69962402858483
30.0,206.0,242.24465942382807,-0.6765068837044388,0.5731721926803546,-3.182363211629109,-3.115613068305457,-2.833970604240305,0.5175124438082294,-0.1119189164304249,2.549271617641784,0.2717736279602655,1.804321352114272
30.0,206.0,210.119873046875,-0.7610068930568665,0.5642124147423887,-3.726421416211226,-2.7995431788777383,-1.3708891968054873,0.679066308131347,0.0234932080174868,2.5843400721228726,0.297657964549431,2.1950618999519365
30.0,206.0,130.0760040283203,-0.019903550352194,1.6104409729054665,-2.464551236300905,-2.1953348258348737,-1.1346344989603023,0.847054281527971,0.0233578179807977,2.5522416589780663,0.1131096775004814,1.700380244010325
30.0,206.0,130.07460021972656,-0.0225275481732797,1.6131158878668368,-2.4632992535304385,-2.196392366388076,-1.1327385977030229,0.8458576394107673,0.0242019450277261,2.552898064904129,0.1150834874641529,1.6985757865533808
30.0,206.0,205.575927734375,-0.8160173862793221,0.5906195673798553,-3.5501247184478806,-2.9220737949502533,-1.5276746941164658,0.7254873283981647,-0.0189028447691116,2.5943872451814447,0.2168908645567235,1.9760531472632008
30.0,206.0,130.07054138183594,-0.0228613982450662,1.6106535870140104,-2.46529216109466,-2.1977322645155284,-1.1353608003125977,0.8459772623241528,0.025085218777136,2.5540052859971567,0.1145950872465189,1.6987431536885813
30.0,206.0,130.07000732421875,-0.0218009896820211,1.6111327740655406,-2.466101941041781,-2.198061334953045,-1.135079097728024,0.8461929037382279,0.0242347721563854,2.553043140829777,0.1142170199190972,1.6995089204840157
30.0,206.0,130.06927490234375,-0.0216315388319842,1.6116464759141214,-2.463247026677073,-2.19785273228727,-1.1347562874677668,0.8464164629926926,0.0239672289950243,2.552808341343335,0.1139536949229965,1.699582535790455
30.0,206.0,130.18447875976562,-0.0165841734284134,1.6187456949822074,-2.4507400880327097,-2.1964207689030326,-1.1446185977369614,0.8422318529542769,0.0230065767865099,2.5507601687631443,0.1114892483698991,1.6829333046583506
30.0,206.0,130.07815551757812,-0.0209177352554327,1.6082751705444016,-2.464779755233256,-2.197901885208004,-1.1322841193514463,0.8464791321257116,0.0240108435918292,2.5530185843853563,0.1090878948098475,1.6901723751970366
30.0,206.0,130.082275390625,-0.0223025448142522,1.6109910734424546,-2.46486280895181,-2.1984467293495147,-1.1359776978053675,0.8463987187976559,0.0278954014718778,2.551831416281729,0.1148877218392649,1.697498056596232
30.0,206.0,130.103515625,-0.017634287632076,1.6175763186662526,-2.4605915020411304,-2.1982471439658395,-1.1309105961179895,0.8465772924674633,0.0209681639736991,2.553118750461111,0.1163206224202833,1.6992472247487254
30.0,206.0,130.07461547851562,-0.0211179290481932,1.6095873747811509,-2.463169252247808,-2.197834816577607,-1.1346323518357817,0.8440798878967131,0.0247712046636047,2.55267614747828,0.1122055321130199,1.698567479000372
30.0,206.0,131.2361602783203,-0.0220692456970595,1.59744718855561,-2.4749331952861127,-2.242386412278529,-1.1309225678285506,0.8523441005269395,0.033251440959556,2.5580831916685187,0.1558555047697084,1.8390339515386167
30.0,207.0,130.0863494873047,-0.0236061154288032,1.6117578860666228,-2.4638572310339475,-2.197224851904189,-1.1294752340386658,0.8469254501981065,0.0261813022316311,2.552899663745848,0.1142157368601287,1.6972787333545436
30.0,207.0,134.33775329589844,-0.0333227235737063,1.60667552993754,-2.381825716446488,-2.15798332875872,-1.1556698432815125,0.8653049506809373,0.0321576638614612,2.558259263269562,0.1289615830781838,1.7194692877773912
30.0,207.0,130.0692138671875,-0.0220783740753865,1.61200898429123,-2.4635033519658167,-2.197827988852524,-1.134991688880254,0.8460744048515085,0.0241647470807206,2.55280265297001,0.112979720417881,1.6997123438347883
30.0,207.0,205.40724182128903,-1.2471719392371754,0.7338063691250966,-3.6956164114227614,-2.6893020048638974,-1.4361633841990469,0.7509499775402746,-0.0265320376388999,2.5844589496606782,0.2214973721181175,2.0621365244733765
30.0,207.0,130.06968688964844,-0.021481368834361,1.6122946132980676,-2.463050422357214,-2.198225513452776,-1.1351118701085257,0.8462159620267212,0.0245552491172871,2.5535418006825776,0.1144295364595235,1.7007380539940362
30.0,207.0,130.06910705566406,-0.0213117996944473,1.611532529519285,-2.463791151901713,-2.197820122880404,-1.1346716519594982,0.8463058061721773,0.0240051534121443,2.552954066988893,0.1131229916148561,1.6999650231385195
30.0,207.0,130.07269287109375,-0.0217284991871598,1.608882817421489,-2.464102177318844,-2.197055877381833,-1.1350111849583386,0.8461735187713552,0.0242508799449691,2.55294042837316,0.1141905983736615,1.7002738294238189
30.0,207.0,130.14320373535156,-0.022589368958317,1.613140985401082,-2.460201000911657,-2.196594386915282,-1.1387232994351135,0.8378630896098325,0.0155566648686368,2.546358478006562,0.1187095062357159,1.7143845040490615
30.0,207.0,130.07180786132812,-0.0198385588222231,1.613399746182087,-2.462447093375754,-2.1980275329727466,-1.133904304055262,0.846753119792344,0.0232432009304832,2.55281013637525,0.1129654286504708,1.6988241965863846
30.0,207.0,217.80987548828125,-0.7399219093249991,0.6265199654248446,-3.3812386568411683,-3.115740592719888,-2.4970438835882924,0.4187495791001843,-0.1164287251613381,2.541142812644273,0.2703581298861386,2.0687642066891287
30.0,207.0,201.7044219970703,-0.6552952230338768,0.789537644755984,-3.131677153117997,-2.725862189701337,-1.327890814222953,0.7257755438118074,-0.0264966475501739,2.5879562114865826,0.2411740536822892,2.06908069814025
30.0,207.0,130.0689697265625,-0.0205994552863689,1.612499414314165,-2.464257912341071,-2.1976830152866,-1.1341992569077002,0.845995279606919,0.0246352137449136,2.5526942557336785,0.1136651629528277,1.696236739120219
30.0,207.0,130.0695037841797,-0.0211467714439956,1.6121120294095113,-2.463596488152922,-2.1977800772262035,-1.1341805828371974,0.8463890998958314,0.0248255223035857,2.552918992714295,0.1129619543004429,1.6998339327250078
30.0,207.0,130.0829315185547,-0.0258582259761484,1.6109680031810276,-2.4642937807572123,-2.197466798690901,-1.132460188389793,0.8474055779706137,0.0266957757819408,2.555990838368642,0.1143832802124704,1.6994602883694518
30.0,207.0,130.0701904296875,-0.0217674298381202,1.6127154241589898,-2.464707029729011,-2.196991277394778,-1.13430280470415,0.8464087231013666,0.0245996690833388,2.553260769764423,0.1126513901369594,1.69162012682298
30.0,207.0,130.08216857910156,-0.0257587914159671,1.610558991664121,-2.4643000932343826,-2.198095761917553,-1.1331872128695446,0.8475819289434379,0.0273743082842861,2.55583922488324,0.1143184554415994,1.699544666362954
30.0,207.0,220.53668212890625,-1.2171966783311097,0.4756538204269566,-3.473961005955754,-3.088961056374514,-1.704597891261704,0.4920041034137272,-0.0918239354140258,2.562499878329205,0.3992523830963432,2.654374933471221
30.0,207.0,130.06906127929688,-0.0212219441529687,1.6114699923472058,-2.464197665592716,-2.197592538325024,-1.1342833519712516,0.8458058234462472,0.0239378371552393,2.5522497810477462,0.114064877643441,1.698462965015623
30.0,207.0,130.07005310058594,-0.0212185694000167,1.6116311966321095,-2.463393608613917,-2.198730953390737,-1.13598548054432,0.8461917178832731,0.0239909023313056,2.553418473906872,0.1133312733436362,1.6944106521145772
30.0,207.0,130.0692596435547,-0.0207399282761648,1.6109293046554112,-2.4633035132874976,-2.1978621203511324,-1.1349999489771516,0.8453444705216491,0.0238675854955738,2.5530665246179023,0.113013884072729,1.698793351238297
30.0,207.0,130.0736541748047,-0.0228352032049,1.6086930579334642,-2.466182677801568,-2.197712172117707,-1.133909450064813,0.8452636328445928,0.0250408881630927,2.553138383607169,0.1145435856715737,1.6995478767932992
30.0,207.0,130.0692901611328,-0.0203942656790777,1.6119663830322368,-2.4639858657702214,-2.197839879031834,-1.1339025559464286,0.846124412267191,0.0238077821854445,2.5530134643895543,0.1135540848143144,1.6996508312525616
30.0,207.0,167.90541076660156,-0.043070522800284,1.6193580983739069,-2.532580804267332,-2.451365138534382,-1.1272901665211297,0.7254447027200452,-0.0280144581969313,2.615833301040204,0.2328551443092565,1.7935836138027392
30.0,207.0,130.07302856445312,-0.021601863709611,1.6090304802158366,-2.465433248617948,-2.197660870042485,-1.1335822255848234,0.8463874909612131,0.0253909823231447,2.5535066732437244,0.1144541623373936,1.6995347586002725
30.0,207.0,130.12106323242188,-0.0268418524415132,1.607971210081246,-2.4712624494244704,-2.199058154505161,-1.1332600567613618,0.8443475714739972,0.0232630546507814,2.5573724150402186,0.1239606100015764,1.7152180370041608
30.0,207.0,130.0733184814453,-0.0227656952633298,1.6112516330063458,-2.463918222347755,-2.197707652843127,-1.135577481073338,0.8420730085059877,0.0220629771763715,2.552737915809624,0.1129079075593269,1.6991581394472777
30.0,207.0,203.7299041748047,-1.4671963034076896,0.7718039591814964,-3.521820860113768,-2.7055890962796987,-1.3850800460590984,0.7492558679810841,0.0041742840984898,2.5864682179734686,0.2295821296873494,1.9406396168518183
30.0,207.0,240.0376892089844,-0.818985015422538,0.7325545795717203,-3.463958090524869,-3.1745869837099026,-1.9281247841715203,0.2058466922336207,-0.3766659363291286,2.6001316734345754,0.2265875295001577,2.1979228280822705
30.0,207.0,130.0735321044922,-0.0213613274646649,1.6132295375451438,-2.463189842857856,-2.1969147971748875,-1.132699540026101,0.8452642408368983,0.0249113297432079,2.5523000121548263,0.114457885647639,1.6995138897195403
30.0,207.0,130.0700225830078,-0.021554109745988,1.6120439753754856,-2.4634945447088183,-2.1977249787071043,-1.1359977360920583,0.8464675320695966,0.0248784910245729,2.5535928169217965,0.114511753033331,1.699528858876211
30.0,207.0,130.06884765625,-0.0206486190285127,1.6120356497570796,-2.464023459547332,-2.1979549506107654,-1.1349158872619003,0.8462507471694177,0.0245941283251999,2.5528954362590466,0.114214918840071,1.6997328270192913
30.0,207.0,130.1117401123047,-0.0119651705550935,1.612003891221375,-2.4638517122234243,-2.1969709061366416,-1.13421050979483,0.8490285293176021,0.0243352880031873,2.5533637644542715,0.1108258771245781,1.6973377554254705
30.0,207.0,130.06890869140625,-0.0212881890609658,1.6125458798516892,-2.4634099963670835,-2.197925844601921,-1.1340910700361262,0.8462339293574737,0.0241778059007504,2.55280639675026,0.1133285428031655,1.6987931470447826
30.0,207.0,189.8350372314453,-0.1826832746806023,1.2246924260983767,-3.051692949797575,-2.5251921961081663,-1.2384936766473484,0.6872030904694896,-0.0825022686502461,2.5307295125858014,0.2549907431703788,2.0724364628185
30.0,207.0,130.07061767578125,-0.023172106139178,1.6100986851961476,-2.465180378854809,-2.1980779090085503,-1.1357025537305283,0.845075401449298,0.0228605381089993,2.5533608232514,0.1143132326260414,1.6990882288586593
30.0,207.0,130.08673095703125,-0.0259249521584827,1.6111617920405366,-2.4638036946707764,-2.196573498713516,-1.1354040681667157,0.847146053938228,0.0273478988437227,2.5568787872229315,0.1157501387388378,1.69962402858483
30.0,207.0,242.24465942382807,-0.6765068837044388,0.5731721926803546,-3.182363211629109,-3.115613068305457,-2.833970604240305,0.5175124438082294,-0.1119189164304249,2.549271617641784,0.2717736279602655,1.804321352114272
30.0,207.0,210.119873046875,-0.7610068930568665,0.5642124147423887,-3.726421416211226,-2.7995431788777383,-1.3708891968054873,0.679066308131347,0.0234932080174868,2.5843400721228726,0.297657964549431,2.1950618999519365
30.0,207.0,130.0760040283203,-0.019903550352194,1.6104409729054665,-2.464551236300905,-2.1953348258348737,-1.1346344989603023,0.847054281527971,0.0233578179807977,2.5522416589780663,0.1131096775004814,1.700380244010325
30.0,207.0,130.07460021972656,-0.0225275481732797,1.6131158878668368,-2.4632992535304385,-2.196392366388076,-1.1327385977030229,0.8458576394107673,0.0242019450277261,2.552898064904129,0.1150834874641529,1.6985757865533808
30.0,207.0,205.575927734375,-0.8160173862793221,0.5906195673798553,-3.5501247184478806,-2.9220737949502533,-1.5276746941164658,0.7254873283981647,-0.0189028447691116,2.5943872451814447,0.2168908645567235,1.9760531472632008
30.0,207.0,130.07054138183594,-0.0228613982450662,1.6106535870140104,-2.46529216109466,-2.1977322645155284,-1.1353608003125977,0.8459772623241528,0.025085218777136,2.5540052859971567,0.1145950872465189,1.6987431536885813
30.0,207.0,130.07000732421875,-0.0218009896820211,1.6111327740655406,-2.466101941041781,-2.198061334953045,-1.135079097728024,0.8461929037382279,0.0242347721563854,2.553043140829777,0.1142170199190972,1.6995089204840157
30.0,207.0,130.06927490234375,-0.0216315388319842,1.6116464759141214,-2.463247026677073,-2.19785273228727,-1.1347562874677668,0.8464164629926926,0.0239672289950243,2.552808341343335,0.1139536949229965,1.699582535790455
30.0,207.0,130.18447875976562,-0.0165841734284134,1.6187456949822074,-2.4507400880327097,-2.1964207689030326,-1.1446185977369614,0.8422318529542769,0.0230065767865099,2.5507601687631443,0.1114892483698991,1.6829333046583506
30.0,207.0,130.07815551757812,-0.0209177352554327,1.6082751705444016,-2.464779755233256,-2.197901885208004,-1.1322841193514463,0.8464791321257116,0.0240108435918292,2.5530185843853563,0.1090878948098475,1.6901723751970366
30.0,207.0,130.082275390625,-0.0223025448142522,1.6109910734424546,-2.46486280895181,-2.1984467293495147,-1.1359776978053675,0.8463987187976559,0.0278954014718778,2.551831416281729,0.1148877218392649,1.697498056596232
30.0,207.0,130.103515625,-0.017634287632076,1.6175763186662526,-2.4605915020411304,-2.1982471439658395,-1.1309105961179895,0.8465772924674633,0.0209681639736991,2.553118750461111,0.1163206224202833,1.6992472247487254
30.0,207.0,130.07461547851562,-0.0211179290481932,1.6095873747811509,-2.463169252247808,-2.197834816577607,-1.1346323518357817,0.8440798878967131,0.0247712046636047,2.55267614747828,0.1122055321130199,1.698567479000372
30.0,207.0,131.2361602783203,-0.0220692456970595,1.59744718855561,-2.4749331952861127,-2.242386412278529,-1.1309225678285506,0.8523441005269395,0.033251440959556,2.5580831916685187,0.1558555047697084,1.8390339515386167
30.0,208.0,130.0863494873047,-0.0236061154288032,1.6117578860666228,-2.4638572310339475,-2.197224851904189,-1.1294752340386658,0.8469254501981065,0.0261813022316311,2.552899663745848,0.1142157368601287,1.6972787333545436
30.0,208.0,132.73733520507812,-0.0251722934626694,1.609165653261725,-2.410315532395438,-2.2038178230168013,-1.151587119257194,0.8791533542404149,0.0329140844627446,2.554550590313465,0.1196041675592242,1.6898664323921302
30.0,208.0,130.0692138671875,-0.0220783740753865,1.61200898429123,-2.4635033519658167,-2.197827988852524,-1.134991688880254,0.8460744048515085,0.0241647470807206,2.55280265297001,0.112979720417881,1.6997123438347883
30.0,208.0,205.40724182128903,-1.2471719392371754,0.7338063691250966,-3.6956164114227614,-2.6893020048638974,-1.4361633841990469,0.7509499775402746,-0.0265320376388999,2.5844589496606782,0.2214973721181175,2.0621365244733765
30.0,208.0,130.06968688964844,-0.021481368834361,1.6122946132980676,-2.463050422357214,-2.198225513452776,-1.1351118701085257,0.8462159620267212,0.0245552491172871,2.5535418006825776,0.1144295364595235,1.7007380539940362
30.0,208.0,130.06910705566406,-0.0213117996944473,1.611532529519285,-2.463791151901713,-2.197820122880404,-1.1346716519594982,0.8463058061721773,0.0240051534121443,2.552954066988893,0.1131229916148561,1.6999650231385195
30.0,208.0,130.07269287109375,-0.0217284991871598,1.608882817421489,-2.464102177318844,-2.197055877381833,-1.1350111849583386,0.8461735187713552,0.0242508799449691,2.55294042837316,0.1141905983736615,1.7002738294238189
30.0,208.0,130.14320373535156,-0.022589368958317,1.613140985401082,-2.460201000911657,-2.196594386915282,-1.1387232994351135,0.8378630896098325,0.0155566648686368,2.546358478006562,0.1187095062357159,1.7143845040490615
30.0,208.0,130.07180786132812,-0.0198385588222231,1.613399746182087,-2.462447093375754,-2.1980275329727466,-1.133904304055262,0.846753119792344,0.0232432009304832,2.55281013637525,0.1129654286504708,1.6988241965863846
30.0,208.0,217.80987548828125,-0.7399219093249991,0.6265199654248446,-3.3812386568411683,-3.115740592719888,-2.4970438835882924,0.4187495791001843,-0.1164287251613381,2.541142812644273,0.2703581298861386,2.0687642066891287
30.0,208.0,201.7044219970703,-0.6552952230338768,0.789537644755984,-3.131677153117997,-2.725862189701337,-1.327890814222953,0.7257755438118074,-0.0264966475501739,2.5879562114865826,0.2411740536822892,2.06908069814025
30.0,208.0,130.0689697265625,-0.0205994552863689,1.612499414314165,-2.464257912341071,-2.1976830152866,-1.1341992569077002,0.845995279606919,0.0246352137449136,2.5526942557336785,0.1136651629528277,1.696236739120219
30.0,208.0,130.0695037841797,-0.0211467714439956,1.6121120294095113,-2.463596488152922,-2.1977800772262035,-1.1341805828371974,0.8463890998958314,0.0248255223035857,2.552918992714295,0.1129619543004429,1.6998339327250078
30.0,208.0,130.0829315185547,-0.0258582259761484,1.6109680031810276,-2.4642937807572123,-2.197466798690901,-1.132460188389793,0.8474055779706137,0.0266957757819408,2.555990838368642,0.1143832802124704,1.6994602883694518
30.0,208.0,130.06813049316406,-0.0209872657799351,1.6118076608147454,-2.464060527807675,-2.1978212851664933,-1.1357048499321447,0.8462356784864852,0.024271298882535,2.552536940937736,0.1132846857357283,1.697018076554333
30.0,208.0,130.08216857910156,-0.0257587914159671,1.610558991664121,-2.4643000932343826,-2.198095761917553,-1.1331872128695446,0.8475819289434379,0.0273743082842861,2.55583922488324,0.1143184554415994,1.699544666362954
30.0,208.0,220.53668212890625,-1.2171966783311097,0.4756538204269566,-3.473961005955754,-3.088961056374514,-1.704597891261704,0.4920041034137272,-0.0918239354140258,2.562499878329205,0.3992523830963432,2.654374933471221
30.0,208.0,130.06906127929688,-0.0212219441529687,1.6114699923472058,-2.464197665592716,-2.197592538325024,-1.1342833519712516,0.8458058234462472,0.0239378371552393,2.5522497810477462,0.114064877643441,1.698462965015623
30.0,208.0,130.07005310058594,-0.0212185694000167,1.6116311966321095,-2.463393608613917,-2.198730953390737,-1.13598548054432,0.8461917178832731,0.0239909023313056,2.553418473906872,0.1133312733436362,1.6944106521145772
30.0,208.0,130.0692596435547,-0.0207399282761648,1.6109293046554112,-2.4633035132874976,-2.1978621203511324,-1.1349999489771516,0.8453444705216491,0.0238675854955738,2.5530665246179023,0.113013884072729,1.698793351238297
30.0,208.0,130.0736541748047,-0.0228352032049,1.6086930579334642,-2.466182677801568,-2.197712172117707,-1.133909450064813,0.8452636328445928,0.0250408881630927,2.553138383607169,0.1145435856715737,1.6995478767932992
30.0,208.0,130.0692901611328,-0.0203942656790777,1.6119663830322368,-2.4639858657702214,-2.197839879031834,-1.1339025559464286,0.846124412267191,0.0238077821854445,2.5530134643895543,0.1135540848143144,1.6996508312525616
30.0,208.0,167.90541076660156,-0.043070522800284,1.6193580983739069,-2.532580804267332,-2.451365138534382,-1.1272901665211297,0.7254447027200452,-0.0280144581969313,2.615833301040204,0.2328551443092565,1.7935836138027392
30.0,208.0,130.07302856445312,-0.021601863709611,1.6090304802158366,-2.465433248617948,-2.197660870042485,-1.1335822255848234,0.8463874909612131,0.0253909823231447,2.5535066732437244,0.1144541623373936,1.6995347586002725
30.0,208.0,130.12106323242188,-0.0268418524415132,1.607971210081246,-2.4712624494244704,-2.199058154505161,-1.1332600567613618,0.8443475714739972,0.0232630546507814,2.5573724150402186,0.1239606100015764,1.7152180370041608
30.0,208.0,130.0733184814453,-0.0227656952633298,1.6112516330063458,-2.463918222347755,-2.197707652843127,-1.135577481073338,0.8420730085059877,0.0220629771763715,2.552737915809624,0.1129079075593269,1.6991581394472777
30.0,208.0,203.7299041748047,-1.4671963034076896,0.7718039591814964,-3.521820860113768,-2.7055890962796987,-1.3850800460590984,0.7492558679810841,0.0041742840984898,2.5864682179734686,0.2295821296873494,1.9406396168518183
30.0,208.0,240.0376892089844,-0.818985015422538,0.7325545795717203,-3.463958090524869,-3.1745869837099026,-1.9281247841715203,0.2058466922336207,-0.3766659363291286,2.6001316734345754,0.2265875295001577,2.1979228280822705
30.0,208.0,130.0735321044922,-0.0213613274646649,1.6132295375451438,-2.463189842857856,-2.1969147971748875,-1.132699540026101,0.8452642408368983,0.0249113297432079,2.5523000121548263,0.114457885647639,1.6995138897195403
30.0,208.0,130.0700225830078,-0.021554109745988,1.6120439753754856,-2.4634945447088183,-2.1977249787071043,-1.1359977360920583,0.8464675320695966,0.0248784910245729,2.5535928169217965,0.114511753033331,1.699528858876211
30.0,208.0,130.06884765625,-0.0206486190285127,1.6120356497570796,-2.464023459547332,-2.1979549506107654,-1.1349158872619003,0.8462507471694177,0.0245941283251999,2.5528954362590466,0.114214918840071,1.6997328270192913
30.0,208.0,130.1117401123047,-0.0119651705550935,1.612003891221375,-2.4638517122234243,-2.1969709061366416,-1.13421050979483,0.8490285293176021,0.0243352880031873,2.5533637644542715,0.1108258771245781,1.6973377554254705
30.0,208.0,130.06890869140625,-0.0212881890609658,1.6125458798516892,-2.4634099963670835,-2.197925844601921,-1.1340910700361262,0.8462339293574737,0.0241778059007504,2.55280639675026,0.1133285428031655,1.6987931470447826
30.0,208.0,189.8350372314453,-0.1826832746806023,1.2246924260983767,-3.051692949797575,-2.5251921961081663,-1.2384936766473484,0.6872030904694896,-0.0825022686502461,2.5307295125858014,0.2549907431703788,2.0724364628185
30.0,208.0,130.07061767578125,-0.023172106139178,1.6100986851961476,-2.465180378854809,-2.1980779090085503,-1.1357025537305283,0.845075401449298,0.0228605381089993,2.5533608232514,0.1143132326260414,1.6990882288586593
30.0,208.0,130.08673095703125,-0.0259249521584827,1.6111617920405366,-2.4638036946707764,-2.196573498713516,-1.1354040681667157,0.847146053938228,0.0273478988437227,2.5568787872229315,0.1157501387388378,1.69962402858483
30.0,208.0,242.24465942382807,-0.6765068837044388,0.5731721926803546,-3.182363211629109,-3.115613068305457,-2.833970604240305,0.5175124438082294,-0.1119189164304249,2.549271617641784,0.2717736279602655,1.804321352114272
30.0,208.0,210.119873046875,-0.7610068930568665,0.5642124147423887,-3.726421416211226,-2.7995431788777383,-1.3708891968054873,0.679066308131347,0.0234932080174868,2.5843400721228726,0.297657964549431,2.1950618999519365
30.0,208.0,130.0760040283203,-0.019903550352194,1.6104409729054665,-2.464551236300905,-2.1953348258348737,-1.1346344989603023,0.847054281527971,0.0233578179807977,2.5522416589780663,0.1131096775004814,1.700380244010325
30.0,208.0,130.06906127929688,-0.0200983451459289,1.6119550019856947,-2.4641511375867773,-2.197592332429428,-1.1344863266914886,0.8452800847232571,0.0248101943664054,2.55296150557574,0.1137634371271162,1.699453255200633
30.0,208.0,205.575927734375,-0.8160173862793221,0.5906195673798553,-3.5501247184478806,-2.9220737949502533,-1.5276746941164658,0.7254873283981647,-0.0189028447691116,2.5943872451814447,0.2168908645567235,1.9760531472632008
30.0,208.0,130.07054138183594,-0.0228613982450662,1.6106535870140104,-2.46529216109466,-2.1977322645155284,-1.1353608003125977,0.8459772623241528,0.025085218777136,2.5540052859971567,0.1145950872465189,1.6987431536885813
30.0,208.0,130.07000732421875,-0.0218009896820211,1.6111327740655406,-2.466101941041781,-2.198061334953045,-1.135079097728024,0.8461929037382279,0.0242347721563854,2.553043140829777,0.1142170199190972,1.6995089204840157
30.0,208.0,130.06927490234375,-0.0216315388319842,1.6116464759141214,-2.463247026677073,-2.19785273228727,-1.1347562874677668,0.8464164629926926,0.0239672289950243,2.552808341343335,0.1139536949229965,1.699582535790455
30.0,208.0,130.18447875976562,-0.0165841734284134,1.6187456949822074,-2.4507400880327097,-2.1964207689030326,-1.1446185977369614,0.8422318529542769,0.0230065767865099,2.5507601687631443,0.1114892483698991,1.6829333046583506
30.0,208.0,130.07815551757812,-0.0209177352554327,1.6082751705444016,-2.464779755233256,-2.197901885208004,-1.1322841193514463,0.8464791321257116,0.0240108435918292,2.5530185843853563,0.1090878948098475,1.6901723751970366
30.0,208.0,130.082275390625,-0.0223025448142522,1.6109910734424546,-2.46486280895181,-2.1984467293495147,-1.1359776978053675,0.8463987187976559,0.0278954014718778,2.551831416281729,0.1148877218392649,1.697498056596232
30.0,208.0,130.103515625,-0.017634287632076,1.6175763186662526,-2.4605915020411304,-2.1982471439658395,-1.1309105961179895,0.8465772924674633,0.0209681639736991,2.553118750461111,0.1163206224202833,1.6992472247487254
30.0,208.0,130.07461547851562,-0.0211179290481932,1.6095873747811509,-2.463169252247808,-2.197834816577607,-1.1346323518357817,0.8440798878967131,0.0247712046636047,2.55267614747828,0.1122055321130199,1.698567479000372
30.0,208.0,131.2361602783203,-0.0220692456970595,1.59744718855561,-2.4749331952861127,-2.242386412278529,-1.1309225678285506,0.8523441005269395,0.033251440959556,2.5580831916685187,0.1558555047697084,1.8390339515386167
30.0,209.0,130.0863494873047,-0.0236061154288032,1.6117578860666228,-2.4638572310339475,-2.197224851904189,-1.1294752340386658,0.8469254501981065,0.0261813022316311,2.552899663745848,0.1142157368601287,1.6972787333545436
30.0,209.0,132.73733520507812,-0.0251722934626694,1.609165653261725,-2.410315532395438,-2.2038178230168013,-1.151587119257194,0.8791533542404149,0.0329140844627446,2.554550590313465,0.1196041675592242,1.6898664323921302
30.0,209.0,130.0692138671875,-0.0220783740753865,1.61200898429123,-2.4635033519658167,-2.197827988852524,-1.134991688880254,0.8460744048515085,0.0241647470807206,2.55280265297001,0.112979720417881,1.6997123438347883
30.0,209.0,205.40724182128903,-1.2471719392371754,0.7338063691250966,-3.6956164114227614,-2.6893020048638974,-1.4361633841990469,0.7509499775402746,-0.0265320376388999,2.5844589496606782,0.2214973721181175,2.0621365244733765
30.0,209.0,130.06968688964844,-0.021481368834361,1.6122946132980676,-2.463050422357214,-2.198225513452776,-1.1351118701085257,0.8462159620267212,0.0245552491172871,2.5535418006825776,0.1144295364595235,1.7007380539940362
30.0,209.0,130.06910705566406,-0.0213117996944473,1.611532529519285,-2.463791151901713,-2.197820122880404,-1.1346716519594982,0.8463058061721773,0.0240051534121443,2.552954066988893,0.1131229916148561,1.6999650231385195
30.0,209.0,130.07269287109375,-0.0217284991871598,1.608882817421489,-2.464102177318844,-2.197055877381833,-1.1350111849583386,0.8461735187713552,0.0242508799449691,2.55294042837316,0.1141905983736615,1.7002738294238189
30.0,209.0,130.1358642578125,-0.0216541281484658,1.6134060073745804,-2.461020190429695,-2.196159075936169,-1.140077643270899,0.8429213144361334,0.0190267111059884,2.543910200044149,0.1145177018528665,1.7064803434740532
30.0,209.0,130.07180786132812,-0.0198385588222231,1.613399746182087,-2.462447093375754,-2.1980275329727466,-1.133904304055262,0.846753119792344,0.0232432009304832,2.55281013637525,0.1129654286504708,1.6988241965863846
30.0,209.0,217.80987548828125,-0.7399219093249991,0.6265199654248446,-3.3812386568411683,-3.115740592719888,-2.4970438835882924,0.4187495791001843,-0.1164287251613381,2.541142812644273,0.2703581298861386,2.0687642066891287
30.0,209.0,201.7044219970703,-0.6552952230338768,0.789537644755984,-3.131677153117997,-2.725862189701337,-1.327890814222953,0.7257755438118074,-0.0264966475501739,2.5879562114865826,0.2411740536822892,2.06908069814025
30.0,209.0,130.0678253173828,-0.021097000496736,1.6120671717205772,-2.4643632083414646,-2.197841767177915,-1.1356597626284062,0.8460760116263609,0.0238339705962724,2.552255005355281,0.1127903040248863,1.6971244983631155
30.0,209.0,130.0695037841797,-0.0211467714439956,1.6121120294095113,-2.463596488152922,-2.1977800772262035,-1.1341805828371974,0.8463890998958314,0.0248255223035857,2.552918992714295,0.1129619543004429,1.6998339327250078
30.0,209.0,130.0829315185547,-0.0258582259761484,1.6109680031810276,-2.4642937807572123,-2.197466798690901,-1.132460188389793,0.8474055779706137,0.0266957757819408,2.555990838368642,0.1143832802124704,1.6994602883694518
30.0,209.0,130.06813049316406,-0.0209872657799351,1.6118076608147454,-2.464060527807675,-2.1978212851664933,-1.1357048499321447,0.8462356784864852,0.024271298882535,2.552536940937736,0.1132846857357283,1.697018076554333
30.0,209.0,130.08216857910156,-0.0257587914159671,1.610558991664121,-2.4643000932343826,-2.198095761917553,-1.1331872128695446,0.8475819289434379,0.0273743082842861,2.55583922488324,0.1143184554415994,1.699544666362954
30.0,209.0,220.53668212890625,-1.2171966783311097,0.4756538204269566,-3.473961005955754,-3.088961056374514,-1.704597891261704,0.4920041034137272,-0.0918239354140258,2.562499878329205,0.3992523830963432,2.654374933471221
30.0,209.0,130.06906127929688,-0.0212219441529687,1.6114699923472058,-2.464197665592716,-2.197592538325024,-1.1342833519712516,0.8458058234462472,0.0239378371552393,2.5522497810477462,0.114064877643441,1.698462965015623
30.0,209.0,130.07005310058594,-0.0212185694000167,1.6116311966321095,-2.463393608613917,-2.198730953390737,-1.13598548054432,0.8461917178832731,0.0239909023313056,2.553418473906872,0.1133312733436362,1.6944106521145772
30.0,209.0,130.06869506835938,-0.0220162762744968,1.6108456482637925,-2.4637801583037047,-2.197786673345628,-1.1357156722421764,0.8454566093694266,0.0241997122583173,2.5535064956134432,0.1108190624818382,1.6865722295345753
30.0,209.0,130.0736541748047,-0.0228352032049,1.6086930579334642,-2.466182677801568,-2.197712172117707,-1.133909450064813,0.8452636328445928,0.0250408881630927,2.553138383607169,0.1145435856715737,1.6995478767932992
30.0,209.0,130.0692901611328,-0.0203942656790777,1.6119663830322368,-2.4639858657702214,-2.197839879031834,-1.1339025559464286,0.846124412267191,0.0238077821854445,2.5530134643895543,0.1135540848143144,1.6996508312525616
30.0,209.0,167.90541076660156,-0.043070522800284,1.6193580983739069,-2.532580804267332,-2.451365138534382,-1.1272901665211297,0.7254447027200452,-0.0280144581969313,2.615833301040204,0.2328551443092565,1.7935836138027392
30.0,209.0,130.07302856445312,-0.021601863709611,1.6090304802158366,-2.465433248617948,-2.197660870042485,-1.1335822255848234,0.8463874909612131,0.0253909823231447,2.5535066732437244,0.1144541623373936,1.6995347586002725
30.0,209.0,130.12106323242188,-0.0268418524415132,1.607971210081246,-2.4712624494244704,-2.199058154505161,-1.1332600567613618,0.8443475714739972,0.0232630546507814,2.5573724150402186,0.1239606100015764,1.7152180370041608
30.0,209.0,130.0733184814453,-0.0227656952633298,1.6112516330063458,-2.463918222347755,-2.197707652843127,-1.135577481073338,0.8420730085059877,0.0220629771763715,2.552737915809624,0.1129079075593269,1.6991581394472777
30.0,209.0,203.7299041748047,-1.4671963034076896,0.7718039591814964,-3.521820860113768,-2.7055890962796987,-1.3850800460590984,0.7492558679810841,0.0041742840984898,2.5864682179734686,0.2295821296873494,1.9406396168518183
30.0,209.0,240.0376892089844,-0.818985015422538,0.7325545795717203,-3.463958090524869,-3.1745869837099026,-1.9281247841715203,0.2058466922336207,-0.3766659363291286,2.6001316734345754,0.2265875295001577,2.1979228280822705
30.0,209.0,130.0735321044922,-0.0213613274646649,1.6132295375451438,-2.463189842857856,-2.1969147971748875,-1.132699540026101,0.8452642408368983,0.0249113297432079,2.5523000121548263,0.114457885647639,1.6995138897195403
30.0,209.0,130.0700225830078,-0.021554109745988,1.6120439753754856,-2.4634945447088183,-2.1977249787071043,-1.1359977360920583,0.8464675320695966,0.0248784910245729,2.5535928169217965,0.114511753033331,1.699528858876211
30.0,209.0,130.06787109375,-0.0210204469610752,1.61162743805667,-2.4642610261576827,-2.1978526191075534,-1.1359373775396822,0.8462176973428644,0.024078309617524,2.552213640922551,0.1126951740956789,1.694838090366403
30.0,209.0,130.1117401123047,-0.0119651705550935,1.612003891221375,-2.4638517122234243,-2.1969709061366416,-1.13421050979483,0.8490285293176021,0.0243352880031873,2.5533637644542715,0.1108258771245781,1.6973377554254705
30.0,209.0,130.06890869140625,-0.0212881890609658,1.6125458798516892,-2.4634099963670835,-2.197925844601921,-1.1340910700361262,0.8462339293574737,0.0241778059007504,2.55280639675026,0.1133285428031655,1.6987931470447826
30.0,209.0,189.8350372314453,-0.1826832746806023,1.2246924260983767,-3.051692949797575,-2.5251921961081663,-1.2384936766473484,0.6872030904694896,-0.0825022686502461,2.5307295125858014,0.2549907431703788,2.0724364628185
30.0,209.0,130.07061767578125,-0.023172106139178,1.6100986851961476,-2.465180378854809,-2.1980779090085503,-1.1357025537305283,0.845075401449298,0.0228605381089993,2.5533608232514,0.1143132326260414,1.6990882288586593
30.0,209.0,130.08673095703125,-0.0259249521584827,1.6111617920405366,-2.4638036946707764,-2.196573498713516,-1.1354040681667157,0.847146053938228,0.0273478988437227,2.5568787872229315,0.1157501387388378,1.69962402858483
30.0,209.0,242.24465942382807,-0.6765068837044388,0.5731721926803546,-3.182363211629109,-3.115613068305457,-2.833970604240305,0.5175124438082294,-0.1119189164304249,2.549271617641784,0.2717736279602655,1.804321352114272
30.0,209.0,210.119873046875,-0.7610068930568665,0.5642124147423887,-3.726421416211226,-2.7995431788777383,-1.3708891968054873,0.679066308131347,0.0234932080174868,2.5843400721228726,0.297657964549431,2.1950618999519365
30.0,209.0,130.0760040283203,-0.019903550352194,1.6104409729054665,-2.464551236300905,-2.1953348258348737,-1.1346344989603023,0.847054281527971,0.0233578179807977,2.5522416589780663,0.1131096775004814,1.700380244010325
30.0,209.0,130.06875610351562,-0.0208439570466271,1.6115396436588008,-2.464350113644263,-2.19782230172436,-1.1365806096755733,0.8449965736792001,0.0241529152479287,2.552840018215878,0.1120294706114458,1.6973954927231203
30.0,209.0,205.575927734375,-0.8160173862793221,0.5906195673798553,-3.5501247184478806,-2.9220737949502533,-1.5276746941164658,0.7254873283981647,-0.0189028447691116,2.5943872451814447,0.2168908645567235,1.9760531472632008
30.0,209.0,130.07054138183594,-0.0228613982450662,1.6106535870140104,-2.46529216109466,-2.1977322645155284,-1.1353608003125977,0.8459772623241528,0.025085218777136,2.5540052859971567,0.1145950872465189,1.6987431536885813
30.0,209.0,130.07000732421875,-0.0218009896820211,1.6111327740655406,-2.466101941041781,-2.198061334953045,-1.135079097728024,0.8461929037382279,0.0242347721563854,2.553043140829777,0.1142170199190972,1.6995089204840157
30.0,209.0,130.0685272216797,-0.0204231134899335,1.611062975327677,-2.4638418353752822,-2.197853100892334,-1.13495453788526,0.8463109056833199,0.0228377101233381,2.55097098540779,0.1115803319670587,1.6927739742543726
30.0,209.0,130.18447875976562,-0.0165841734284134,1.6187456949822074,-2.4507400880327097,-2.1964207689030326,-1.1446185977369614,0.8422318529542769,0.0230065767865099,2.5507601687631443,0.1114892483698991,1.6829333046583506
30.0,209.0,130.07815551757812,-0.0209177352554327,1.6082751705444016,-2.464779755233256,-2.197901885208004,-1.1322841193514463,0.8464791321257116,0.0240108435918292,2.5530185843853563,0.1090878948098475,1.6901723751970366
30.0,209.0,130.082275390625,-0.0223025448142522,1.6109910734424546,-2.46486280895181,-2.1984467293495147,-1.1359776978053675,0.8463987187976559,0.0278954014718778,2.551831416281729,0.1148877218392649,1.697498056596232
30.0,209.0,130.103515625,-0.017634287632076,1.6175763186662526,-2.4605915020411304,-2.1982471439658395,-1.1309105961179895,0.8465772924674633,0.0209681639736991,2.553118750461111,0.1163206224202833,1.6992472247487254
30.0,209.0,130.074462890625,-0.020931667301375,1.6131815007844568,-2.4634170364138246,-2.197768214128636,-1.13570624908932,0.8449383655343482,0.0248665633888298,2.552441788670526,0.1100196912208825,1.6969085181986236
30.0,209.0,131.2361602783203,-0.0220692456970595,1.59744718855561,-2.4749331952861127,-2.242386412278529,-1.1309225678285506,0.8523441005269395,0.033251440959556,2.5580831916685187,0.1558555047697084,1.8390339515386167
30.0,210.0,130.0863494873047,-0.0236061154288032,1.6117578860666228,-2.4638572310339475,-2.197224851904189,-1.1294752340386658,0.8469254501981065,0.0261813022316311,2.552899663745848,0.1142157368601287,1.6972787333545436
30.0,210.0,130.41880798339844,-0.0231566904830306,1.6088317785982051,-2.4621261330743867,-2.2018295789319984,-1.1459637870406054,0.8200461793121262,0.0161340568165976,2.550198041850936,0.1172836184915719,1.7409197919884931
30.0,210.0,130.0692138671875,-0.0220783740753865,1.61200898429123,-2.4635033519658167,-2.197827988852524,-1.134991688880254,0.8460744048515085,0.0241647470807206,2.55280265297001,0.112979720417881,1.6997123438347883
30.0,210.0,205.40724182128903,-1.2471719392371754,0.7338063691250966,-3.6956164114227614,-2.6893020048638974,-1.4361633841990469,0.7509499775402746,-0.0265320376388999,2.5844589496606782,0.2214973721181175,2.0621365244733765
30.0,210.0,130.06968688964844,-0.021481368834361,1.6122946132980676,-2.463050422357214,-2.198225513452776,-1.1351118701085257,0.8462159620267212,0.0245552491172871,2.5535418006825776,0.1144295364595235,1.7007380539940362
30.0,210.0,130.06910705566406,-0.0213117996944473,1.611532529519285,-2.463791151901713,-2.197820122880404,-1.1346716519594982,0.8463058061721773,0.0240051534121443,2.552954066988893,0.1131229916148561,1.6999650231385195
30.0,210.0,130.07269287109375,-0.0217284991871598,1.608882817421489,-2.464102177318844,-2.197055877381833,-1.1350111849583386,0.8461735187713552,0.0242508799449691,2.55294042837316,0.1141905983736615,1.7002738294238189
30.0,210.0,130.08404541015625,-0.0221155282029461,1.6131305920163654,-2.46506864092724,-2.1977584751335075,-1.1386546311872137,0.8440235406132169,0.0272471439558234,2.5538949830396813,0.1142270645105877,1.7034714494007668
30.0,210.0,130.07180786132812,-0.0198385588222231,1.613399746182087,-2.462447093375754,-2.1980275329727466,-1.133904304055262,0.846753119792344,0.0232432009304832,2.55281013637525,0.1129654286504708,1.6988241965863846
30.0,210.0,217.80987548828125,-0.7399219093249991,0.6265199654248446,-3.3812386568411683,-3.115740592719888,-2.4970438835882924,0.4187495791001843,-0.1164287251613381,2.541142812644273,0.2703581298861386,2.0687642066891287
30.0,210.0,201.7044219970703,-0.6552952230338768,0.789537644755984,-3.131677153117997,-2.725862189701337,-1.327890814222953,0.7257755438118074,-0.0264966475501739,2.5879562114865826,0.2411740536822892,2.06908069814025
30.0,210.0,130.0678253173828,-0.021097000496736,1.6120671717205772,-2.4643632083414646,-2.197841767177915,-1.1356597626284062,0.8460760116263609,0.0238339705962724,2.552255005355281,0.1127903040248863,1.6971244983631155
30.0,210.0,130.0695037841797,-0.0211467714439956,1.6121120294095113,-2.463596488152922,-2.1977800772262035,-1.1341805828371974,0.8463890998958314,0.0248255223035857,2.552918992714295,0.1129619543004429,1.6998339327250078
30.0,210.0,130.0829315185547,-0.0258582259761484,1.6109680031810276,-2.4642937807572123,-2.197466798690901,-1.132460188389793,0.8474055779706137,0.0266957757819408,2.555990838368642,0.1143832802124704,1.6994602883694518
30.0,210.0,130.06813049316406,-0.0209872657799351,1.6118076608147454,-2.464060527807675,-2.1978212851664933,-1.1357048499321447,0.8462356784864852,0.024271298882535,2.552536940937736,0.1132846857357283,1.697018076554333
30.0,210.0,130.08216857910156,-0.0257587914159671,1.610558991664121,-2.4643000932343826,-2.198095761917553,-1.1331872128695446,0.8475819289434379,0.0273743082842861,2.55583922488324,0.1143184554415994,1.699544666362954
30.0,210.0,220.53668212890625,-1.2171966783311097,0.4756538204269566,-3.473961005955754,-3.088961056374514,-1.704597891261704,0.4920041034137272,-0.0918239354140258,2.562499878329205,0.3992523830963432,2.654374933471221
30.0,210.0,130.06906127929688,-0.0212219441529687,1.6114699923472058,-2.464197665592716,-2.197592538325024,-1.1342833519712516,0.8458058234462472,0.0239378371552393,2.5522497810477462,0.114064877643441,1.698462965015623
30.0,210.0,130.07005310058594,-0.0212185694000167,1.6116311966321095,-2.463393608613917,-2.198730953390737,-1.13598548054432,0.8461917178832731,0.0239909023313056,2.553418473906872,0.1133312733436362,1.6944106521145772
30.0,210.0,130.06869506835938,-0.0220162762744968,1.6108456482637925,-2.4637801583037047,-2.197786673345628,-1.1357156722421764,0.8454566093694266,0.0241997122583173,2.5535064956134432,0.1108190624818382,1.6865722295345753
30.0,210.0,130.0736541748047,-0.0228352032049,1.6086930579334642,-2.466182677801568,-2.197712172117707,-1.133909450064813,0.8452636328445928,0.0250408881630927,2.553138383607169,0.1145435856715737,1.6995478767932992
30.0,210.0,130.0692901611328,-0.0203942656790777,1.6119663830322368,-2.4639858657702214,-2.197839879031834,-1.1339025559464286,0.846124412267191,0.0238077821854445,2.5530134643895543,0.1135540848143144,1.6996508312525616
30.0,210.0,167.90541076660156,-0.043070522800284,1.6193580983739069,-2.532580804267332,-2.451365138534382,-1.1272901665211297,0.7254447027200452,-0.0280144581969313,2.615833301040204,0.2328551443092565,1.7935836138027392
30.0,210.0,130.07302856445312,-0.021601863709611,1.6090304802158366,-2.465433248617948,-2.197660870042485,-1.1335822255848234,0.8463874909612131,0.0253909823231447,2.5535066732437244,0.1144541623373936,1.6995347586002725
30.0,210.0,130.12106323242188,-0.0268418524415132,1.607971210081246,-2.4712624494244704,-2.199058154505161,-1.1332600567613618,0.8443475714739972,0.0232630546507814,2.5573724150402186,0.1239606100015764,1.7152180370041608
30.0,210.0,130.0733184814453,-0.0227656952633298,1.6112516330063458,-2.463918222347755,-2.197707652843127,-1.135577481073338,0.8420730085059877,0.0220629771763715,2.552737915809624,0.1129079075593269,1.6991581394472777
30.0,210.0,203.7299041748047,-1.4671963034076896,0.7718039591814964,-3.521820860113768,-2.7055890962796987,-1.3850800460590984,0.7492558679810841,0.0041742840984898,2.5864682179734686,0.2295821296873494,1.9406396168518183
30.0,210.0,240.0376892089844,-0.818985015422538,0.7325545795717203,-3.463958090524869,-3.1745869837099026,-1.9281247841715203,0.2058466922336207,-0.3766659363291286,2.6001316734345754,0.2265875295001577,2.1979228280822705
30.0,210.0,130.0735321044922,-0.0213613274646649,1.6132295375451438,-2.463189842857856,-2.1969147971748875,-1.132699540026101,0.8452642408368983,0.0249113297432079,2.5523000121548263,0.114457885647639,1.6995138897195403
30.0,210.0,130.0700225830078,-0.021554109745988,1.6120439753754856,-2.4634945447088183,-2.1977249787071043,-1.1359977360920583,0.8464675320695966,0.0248784910245729,2.5535928169217965,0.114511753033331,1.699528858876211
30.0,210.0,130.06771850585938,-0.0212937730914956,1.6122709198500875,-2.464560585489906,-2.197786618314241,-1.1359934261997726,0.8459951570172819,0.0233432106041645,2.552007270481794,0.1121948788892302,1.694829161136428
30.0,210.0,130.1117401123047,-0.0119651705550935,1.612003891221375,-2.4638517122234243,-2.1969709061366416,-1.13421050979483,0.8490285293176021,0.0243352880031873,2.5533637644542715,0.1108258771245781,1.6973377554254705
30.0,210.0,130.06890869140625,-0.0212881890609658,1.6125458798516892,-2.4634099963670835,-2.197925844601921,-1.1340910700361262,0.8462339293574737,0.0241778059007504,2.55280639675026,0.1133285428031655,1.6987931470447826
30.0,210.0,189.8350372314453,-0.1826832746806023,1.2246924260983767,-3.051692949797575,-2.5251921961081663,-1.2384936766473484,0.6872030904694896,-0.0825022686502461,2.5307295125858014,0.2549907431703788,2.0724364628185
30.0,210.0,130.07061767578125,-0.023172106139178,1.6100986851961476,-2.465180378854809,-2.1980779090085503,-1.1357025537305283,0.845075401449298,0.0228605381089993,2.5533608232514,0.1143132326260414,1.6990882288586593
30.0,210.0,130.0855712890625,-0.0236408717744456,1.6107916046832642,-2.464069694668459,-2.196067772732754,-1.1333643095896715,0.8467803409769418,0.0255032269275141,2.550288146754533,0.1152409913707415,1.6965288972595154
30.0,210.0,242.24465942382807,-0.6765068837044388,0.5731721926803546,-3.182363211629109,-3.115613068305457,-2.833970604240305,0.5175124438082294,-0.1119189164304249,2.549271617641784,0.2717736279602655,1.804321352114272
30.0,210.0,210.119873046875,-0.7610068930568665,0.5642124147423887,-3.726421416211226,-2.7995431788777383,-1.3708891968054873,0.679066308131347,0.0234932080174868,2.5843400721228726,0.297657964549431,2.1950618999519365
30.0,210.0,130.0760040283203,-0.019903550352194,1.6104409729054665,-2.464551236300905,-2.1953348258348737,-1.1346344989603023,0.847054281527971,0.0233578179807977,2.5522416589780663,0.1131096775004814,1.700380244010325
30.0,210.0,130.06875610351562,-0.0208439570466271,1.6115396436588008,-2.464350113644263,-2.19782230172436,-1.1365806096755733,0.8449965736792001,0.0241529152479287,2.552840018215878,0.1120294706114458,1.6973954927231203
30.0,210.0,205.575927734375,-0.8160173862793221,0.5906195673798553,-3.5501247184478806,-2.9220737949502533,-1.5276746941164658,0.7254873283981647,-0.0189028447691116,2.5943872451814447,0.2168908645567235,1.9760531472632008
30.0,210.0,130.07054138183594,-0.0228613982450662,1.6106535870140104,-2.46529216109466,-2.1977322645155284,-1.1353608003125977,0.8459772623241528,0.025085218777136,2.5540052859971567,0.1145950872465189,1.6987431536885813
30.0,210.0,130.07000732421875,-0.0218009896820211,1.6111327740655406,-2.466101941041781,-2.198061334953045,-1.135079097728024,0.8461929037382279,0.0242347721563854,2.553043140829777,0.1142170199190972,1.6995089204840157
30.0,210.0,130.0685272216797,-0.0204231134899335,1.611062975327677,-2.4638418353752822,-2.197853100892334,-1.13495453788526,0.8463109056833199,0.0228377101233381,2.55097098540779,0.1115803319670587,1.6927739742543726
30.0,210.0,130.1291961669922,-0.0126818334720007,1.6158911645588376,-2.4673776390469544,-2.195908391071638,-1.1401269397251346,0.8443617595648683,0.0192289169080113,2.551457677515283,0.1128725845487941,1.6974100184070016
30.0,210.0,130.07815551757812,-0.0209177352554327,1.6082751705444016,-2.464779755233256,-2.197901885208004,-1.1322841193514463,0.8464791321257116,0.0240108435918292,2.5530185843853563,0.1090878948098475,1.6901723751970366
30.0,210.0,130.082275390625,-0.0223025448142522,1.6109910734424546,-2.46486280895181,-2.1984467293495147,-1.1359776978053675,0.8463987187976559,0.0278954014718778,2.551831416281729,0.1148877218392649,1.697498056596232
30.0,210.0,130.103515625,-0.017634287632076,1.6175763186662526,-2.4605915020411304,-2.1982471439658395,-1.1309105961179895,0.8465772924674633,0.0209681639736991,2.553118750461111,0.1163206224202833,1.6992472247487254
30.0,210.0,130.074462890625,-0.020931667301375,1.6131815007844568,-2.4634170364138246,-2.197768214128636,-1.13570624908932,0.8449383655343482,0.0248665633888298,2.552441788670526,0.1100196912208825,1.6969085181986236
30.0,210.0,131.2361602783203,-0.0220692456970595,1.59744718855561,-2.4749331952861127,-2.242386412278529,-1.1309225678285506,0.8523441005269395,0.033251440959556,2.5580831916685187,0.1558555047697084,1.8390339515386167
30.0,211.0,130.0863494873047,-0.0236061154288032,1.6117578860666228,-2.4638572310339475,-2.197224851904189,-1.1294752340386658,0.8469254501981065,0.0261813022316311,2.552899663745848,0.1142157368601287,1.6972787333545436
30.0,211.0,130.41880798339844,-0.0231566904830306,1.6088317785982051,-2.4621261330743867,-2.2018295789319984,-1.1459637870406054,0.8200461793121262,0.0161340568165976,2.550198041850936,0.1172836184915719,1.7409197919884931
30.0,211.0,130.06898498535156,-0.0217142190474076,1.6119789731819236,-2.463398160724508,-2.197907770998596,-1.1360973825541458,0.8457532204385287,0.0230784994892067,2.553321993743976,0.1123702216884897,1.6927451752662828
30.0,211.0,205.40724182128903,-1.2471719392371754,0.7338063691250966,-3.6956164114227614,-2.6893020048638974,-1.4361633841990469,0.7509499775402746,-0.0265320376388999,2.5844589496606782,0.2214973721181175,2.0621365244733765
30.0,211.0,130.06968688964844,-0.021481368834361,1.6122946132980676,-2.463050422357214,-2.198225513452776,-1.1351118701085257,0.8462159620267212,0.0245552491172871,2.5535418006825776,0.1144295364595235,1.7007380539940362
30.0,211.0,130.06910705566406,-0.0213117996944473,1.611532529519285,-2.463791151901713,-2.197820122880404,-1.1346716519594982,0.8463058061721773,0.0240051534121443,2.552954066988893,0.1131229916148561,1.6999650231385195
30.0,211.0,130.0719757080078,-0.0216279514907929,1.613175862314529,-2.464673949018924,-2.1976288599640443,-1.135169244917143,0.8460321354642121,0.0224084137768747,2.552981480253748,0.1107939746720398,1.6947533738863911
30.0,211.0,130.07659912109375,-0.0206005479691211,1.6116101067434945,-2.465564625902944,-2.198428022388415,-1.1327500196598113,0.8459018881168618,0.0253969832963915,2.553318053046499,0.1128282623851581,1.6890955474090872
30.0,211.0,130.07180786132812,-0.0198385588222231,1.613399746182087,-2.462447093375754,-2.1980275329727466,-1.133904304055262,0.846753119792344,0.0232432009304832,2.55281013637525,0.1129654286504708,1.6988241965863846
30.0,211.0,217.80987548828125,-0.7399219093249991,0.6265199654248446,-3.3812386568411683,-3.115740592719888,-2.4970438835882924,0.4187495791001843,-0.1164287251613381,2.541142812644273,0.2703581298861386,2.0687642066891287
30.0,211.0,201.7044219970703,-0.6552952230338768,0.789537644755984,-3.131677153117997,-2.725862189701337,-1.327890814222953,0.7257755438118074,-0.0264966475501739,2.5879562114865826,0.2411740536822892,2.06908069814025
30.0,211.0,130.0678253173828,-0.021097000496736,1.6120671717205772,-2.4643632083414646,-2.197841767177915,-1.1356597626284062,0.8460760116263609,0.0238339705962724,2.552255005355281,0.1127903040248863,1.6971244983631155
30.0,211.0,130.0695037841797,-0.0211467714439956,1.6121120294095113,-2.463596488152922,-2.1977800772262035,-1.1341805828371974,0.8463890998958314,0.0248255223035857,2.552918992714295,0.1129619543004429,1.6998339327250078
30.0,211.0,130.0829315185547,-0.0258582259761484,1.6109680031810276,-2.4642937807572123,-2.197466798690901,-1.132460188389793,0.8474055779706137,0.0266957757819408,2.555990838368642,0.1143832802124704,1.6994602883694518
30.0,211.0,130.06813049316406,-0.0209872657799351,1.6118076608147454,-2.464060527807675,-2.1978212851664933,-1.1357048499321447,0.8462356784864852,0.024271298882535,2.552536940937736,0.1132846857357283,1.697018076554333
30.0,211.0,130.08216857910156,-0.0257587914159671,1.610558991664121,-2.4643000932343826,-2.198095761917553,-1.1331872128695446,0.8475819289434379,0.0273743082842861,2.55583922488324,0.1143184554415994,1.699544666362954
30.0,211.0,220.53668212890625,-1.2171966783311097,0.4756538204269566,-3.473961005955754,-3.088961056374514,-1.704597891261704,0.4920041034137272,-0.0918239354140258,2.562499878329205,0.3992523830963432,2.654374933471221
30.0,211.0,130.06906127929688,-0.0212219441529687,1.6114699923472058,-2.464197665592716,-2.197592538325024,-1.1342833519712516,0.8458058234462472,0.0239378371552393,2.5522497810477462,0.114064877643441,1.698462965015623
30.0,211.0,130.07005310058594,-0.0212185694000167,1.6116311966321095,-2.463393608613917,-2.198730953390737,-1.13598548054432,0.8461917178832731,0.0239909023313056,2.553418473906872,0.1133312733436362,1.6944106521145772
30.0,211.0,130.06869506835938,-0.0220162762744968,1.6108456482637925,-2.4637801583037047,-2.197786673345628,-1.1357156722421764,0.8454566093694266,0.0241997122583173,2.5535064956134432,0.1108190624818382,1.6865722295345753
30.0,211.0,130.0736541748047,-0.0228352032049,1.6086930579334642,-2.466182677801568,-2.197712172117707,-1.133909450064813,0.8452636328445928,0.0250408881630927,2.553138383607169,0.1145435856715737,1.6995478767932992
30.0,211.0,130.0692901611328,-0.0203942656790777,1.6119663830322368,-2.4639858657702214,-2.197839879031834,-1.1339025559464286,0.846124412267191,0.0238077821854445,2.5530134643895543,0.1135540848143144,1.6996508312525616
30.0,211.0,167.90541076660156,-0.043070522800284,1.6193580983739069,-2.532580804267332,-2.451365138534382,-1.1272901665211297,0.7254447027200452,-0.0280144581969313,2.615833301040204,0.2328551443092565,1.7935836138027392
30.0,211.0,130.07302856445312,-0.021601863709611,1.6090304802158366,-2.465433248617948,-2.197660870042485,-1.1335822255848234,0.8463874909612131,0.0253909823231447,2.5535066732437244,0.1144541623373936,1.6995347586002725
30.0,211.0,130.12106323242188,-0.0268418524415132,1.607971210081246,-2.4712624494244704,-2.199058154505161,-1.1332600567613618,0.8443475714739972,0.0232630546507814,2.5573724150402186,0.1239606100015764,1.7152180370041608
30.0,211.0,130.0727081298828,-0.0222417354284118,1.6127807758618369,-2.4641879349873848,-2.1977652143283253,-1.1362643873767602,0.8464240459927146,0.0254873243222329,2.5534643168584097,0.1124181824592045,1.699414107271744
30.0,211.0,203.7299041748047,-1.4671963034076896,0.7718039591814964,-3.521820860113768,-2.7055890962796987,-1.3850800460590984,0.7492558679810841,0.0041742840984898,2.5864682179734686,0.2295821296873494,1.9406396168518183
30.0,211.0,240.0376892089844,-0.818985015422538,0.7325545795717203,-3.463958090524869,-3.1745869837099026,-1.9281247841715203,0.2058466922336207,-0.3766659363291286,2.6001316734345754,0.2265875295001577,2.1979228280822705
30.0,211.0,130.07009887695312,-0.0211579845671875,1.613019567469362,-2.4625777094231185,-2.196083293856256,-1.1348822458961811,0.8466227787847704,0.0241298889204655,2.552544991947694,0.1137672328616856,1.6984851571883766
30.0,211.0,130.0700225830078,-0.021554109745988,1.6120439753754856,-2.4634945447088183,-2.1977249787071043,-1.1359977360920583,0.8464675320695966,0.0248784910245729,2.5535928169217965,0.114511753033331,1.699528858876211
30.0,211.0,130.06771850585938,-0.0212937730914956,1.6122709198500875,-2.464560585489906,-2.197786618314241,-1.1359934261997726,0.8459951570172819,0.0233432106041645,2.552007270481794,0.1121948788892302,1.694829161136428
30.0,211.0,130.1117401123047,-0.0119651705550935,1.612003891221375,-2.4638517122234243,-2.1969709061366416,-1.13421050979483,0.8490285293176021,0.0243352880031873,2.5533637644542715,0.1108258771245781,1.6973377554254705
30.0,211.0,130.06890869140625,-0.0212881890609658,1.6125458798516892,-2.4634099963670835,-2.197925844601921,-1.1340910700361262,0.8462339293574737,0.0241778059007504,2.55280639675026,0.1133285428031655,1.6987931470447826
30.0,211.0,189.8350372314453,-0.1826832746806023,1.2246924260983767,-3.051692949797575,-2.5251921961081663,-1.2384936766473484,0.6872030904694896,-0.0825022686502461,2.5307295125858014,0.2549907431703788,2.0724364628185
30.0,211.0,130.07061767578125,-0.023172106139178,1.6100986851961476,-2.465180378854809,-2.1980779090085503,-1.1357025537305283,0.845075401449298,0.0228605381089993,2.5533608232514,0.1143132326260414,1.6990882288586593
30.0,211.0,130.0732879638672,-0.0179826722653402,1.6115813023361636,-2.4630024308244747,-2.1975551256803127,-1.1360976818141084,0.8461920144944546,0.0232837657602268,2.552443073641789,0.1123529111538429,1.694307994137511
30.0,211.0,242.24465942382807,-0.6765068837044388,0.5731721926803546,-3.182363211629109,-3.115613068305457,-2.833970604240305,0.5175124438082294,-0.1119189164304249,2.549271617641784,0.2717736279602655,1.804321352114272
30.0,211.0,210.119873046875,-0.7610068930568665,0.5642124147423887,-3.726421416211226,-2.7995431788777383,-1.3708891968054873,0.679066308131347,0.0234932080174868,2.5843400721228726,0.297657964549431,2.1950618999519365
30.0,211.0,130.0760040283203,-0.019903550352194,1.6104409729054665,-2.464551236300905,-2.1953348258348737,-1.1346344989603023,0.847054281527971,0.0233578179807977,2.5522416589780663,0.1131096775004814,1.700380244010325
30.0,211.0,130.06765747070312,-0.0211165446055682,1.6116653573497872,-2.464568284631722,-2.197522486989414,-1.134876841633991,0.8434866999921165,0.0230788849499952,2.5519495709868663,0.1117949214472717,1.6922518462395622
30.0,211.0,205.575927734375,-0.8160173862793221,0.5906195673798553,-3.5501247184478806,-2.9220737949502533,-1.5276746941164658,0.7254873283981647,-0.0189028447691116,2.5943872451814447,0.2168908645567235,1.9760531472632008
30.0,211.0,130.07054138183594,-0.0228613982450662,1.6106535870140104,-2.46529216109466,-2.1977322645155284,-1.1353608003125977,0.8459772623241528,0.025085218777136,2.5540052859971567,0.1145950872465189,1.6987431536885813
30.0,211.0,130.07000732421875,-0.0218009896820211,1.6111327740655406,-2.466101941041781,-2.198061334953045,-1.135079097728024,0.8461929037382279,0.0242347721563854,2.553043140829777,0.1142170199190972,1.6995089204840157
30.0,211.0,130.0685272216797,-0.0204231134899335,1.611062975327677,-2.4638418353752822,-2.197853100892334,-1.13495453788526,0.8463109056833199,0.0228377101233381,2.55097098540779,0.1115803319670587,1.6927739742543726
30.0,211.0,130.128173828125,-0.027215786418191,1.6145552910733985,-2.460069645539123,-2.199672305726968,-1.1402361209691427,0.8453843620746078,0.0289933983376405,2.551547256978199,0.1132622477360912,1.695343339381482
30.0,211.0,130.07815551757812,-0.0209177352554327,1.6082751705444016,-2.464779755233256,-2.197901885208004,-1.1322841193514463,0.8464791321257116,0.0240108435918292,2.5530185843853563,0.1090878948098475,1.6901723751970366
30.0,211.0,130.06988525390625,-0.0239186560541447,1.6112328387700028,-2.464607752057477,-2.1983760548270537,-1.135946660804071,0.8455786425558565,0.024944817960014,2.5519653703984586,0.1121193428936892,1.6940196991939904
30.0,211.0,130.103515625,-0.017634287632076,1.6175763186662526,-2.4605915020411304,-2.1982471439658395,-1.1309105961179895,0.8465772924674633,0.0209681639736991,2.553118750461111,0.1163206224202833,1.6992472247487254
30.0,211.0,130.074462890625,-0.020931667301375,1.6131815007844568,-2.4634170364138246,-2.197768214128636,-1.13570624908932,0.8449383655343482,0.0248665633888298,2.552441788670526,0.1100196912208825,1.6969085181986236
30.0,211.0,131.2361602783203,-0.0220692456970595,1.59744718855561,-2.4749331952861127,-2.242386412278529,-1.1309225678285506,0.8523441005269395,0.033251440959556,2.5580831916685187,0.1558555047697084,1.8390339515386167
30.0,212.0,130.0863494873047,-0.0236061154288032,1.6117578860666228,-2.4638572310339475,-2.197224851904189,-1.1294752340386658,0.8469254501981065,0.0261813022316311,2.552899663745848,0.1142157368601287,1.6972787333545436
30.0,212.0,130.41880798339844,-0.0231566904830306,1.6088317785982051,-2.4621261330743867,-2.2018295789319984,-1.1459637870406054,0.8200461793121262,0.0161340568165976,2.550198041850936,0.1172836184915719,1.7409197919884931
30.0,212.0,130.06898498535156,-0.0217142190474076,1.6119789731819236,-2.463398160724508,-2.197907770998596,-1.1360973825541458,0.8457532204385287,0.0230784994892067,2.553321993743976,0.1123702216884897,1.6927451752662828
30.0,212.0,205.40724182128903,-1.2471719392371754,0.7338063691250966,-3.6956164114227614,-2.6893020048638974,-1.4361633841990469,0.7509499775402746,-0.0265320376388999,2.5844589496606782,0.2214973721181175,2.0621365244733765
30.0,212.0,130.06968688964844,-0.021481368834361,1.6122946132980676,-2.463050422357214,-2.198225513452776,-1.1351118701085257,0.8462159620267212,0.0245552491172871,2.5535418006825776,0.1144295364595235,1.7007380539940362
30.0,212.0,130.06910705566406,-0.0213117996944473,1.611532529519285,-2.463791151901713,-2.197820122880404,-1.1346716519594982,0.8463058061721773,0.0240051534121443,2.552954066988893,0.1131229916148561,1.6999650231385195
30.0,212.0,130.0719757080078,-0.0216279514907929,1.613175862314529,-2.464673949018924,-2.1976288599640443,-1.135169244917143,0.8460321354642121,0.0224084137768747,2.552981480253748,0.1107939746720398,1.6947533738863911
30.0,212.0,130.07101440429688,-0.0206675360796366,1.6110917394828816,-2.4653648702301383,-2.1966861054497384,-1.13478644915863,0.8421709275190044,0.0226396531073782,2.550843155525646,0.1102429563948596,1.6894734437040253
30.0,212.0,130.07180786132812,-0.0198385588222231,1.613399746182087,-2.462447093375754,-2.1980275329727466,-1.133904304055262,0.846753119792344,0.0232432009304832,2.55281013637525,0.1129654286504708,1.6988241965863846
30.0,212.0,217.80987548828125,-0.7399219093249991,0.6265199654248446,-3.3812386568411683,-3.115740592719888,-2.4970438835882924,0.4187495791001843,-0.1164287251613381,2.541142812644273,0.2703581298861386,2.0687642066891287
30.0,212.0,201.7044219970703,-0.6552952230338768,0.789537644755984,-3.131677153117997,-2.725862189701337,-1.327890814222953,0.7257755438118074,-0.0264966475501739,2.5879562114865826,0.2411740536822892,2.06908069814025
30.0,212.0,130.0678253173828,-0.021097000496736,1.6120671717205772,-2.4643632083414646,-2.197841767177915,-1.1356597626284062,0.8460760116263609,0.0238339705962724,2.552255005355281,0.1127903040248863,1.6971244983631155
30.0,212.0,130.0695037841797,-0.0211467714439956,1.6121120294095113,-2.463596488152922,-2.1977800772262035,-1.1341805828371974,0.8463890998958314,0.0248255223035857,2.552918992714295,0.1129619543004429,1.6998339327250078
30.0,212.0,130.07994079589844,-0.0222413086920125,1.611749335226488,-2.464514670826118,-2.1973329462012505,-1.135973836815909,0.8451902920281376,0.022099931290809,2.554600658319671,0.1149223818601835,1.693787409076232
30.0,212.0,130.06813049316406,-0.0209872657799351,1.6118076608147454,-2.464060527807675,-2.1978212851664933,-1.1357048499321447,0.8462356784864852,0.024271298882535,2.552536940937736,0.1132846857357283,1.697018076554333
30.0,212.0,130.08216857910156,-0.0257587914159671,1.610558991664121,-2.4643000932343826,-2.198095761917553,-1.1331872128695446,0.8475819289434379,0.0273743082842861,2.55583922488324,0.1143184554415994,1.699544666362954
30.0,212.0,220.53668212890625,-1.2171966783311097,0.4756538204269566,-3.473961005955754,-3.088961056374514,-1.704597891261704,0.4920041034137272,-0.0918239354140258,2.562499878329205,0.3992523830963432,2.654374933471221
30.0,212.0,130.06814575195312,-0.0200322682624095,1.6107342610153634,-2.4642063611596887,-2.19739676520487,-1.1347860460043175,0.8447477831782229,0.0230102408115219,2.5519500640645973,0.1118560659324445,1.6920322339979168
30.0,212.0,130.07005310058594,-0.0212185694000167,1.6116311966321095,-2.463393608613917,-2.198730953390737,-1.13598548054432,0.8461917178832731,0.0239909023313056,2.553418473906872,0.1133312733436362,1.6944106521145772
30.0,212.0,130.06869506835938,-0.0220162762744968,1.6108456482637925,-2.4637801583037047,-2.197786673345628,-1.1357156722421764,0.8454566093694266,0.0241997122583173,2.5535064956134432,0.1108190624818382,1.6865722295345753
30.0,212.0,130.0736541748047,-0.0228352032049,1.6086930579334642,-2.466182677801568,-2.197712172117707,-1.133909450064813,0.8452636328445928,0.0250408881630927,2.553138383607169,0.1145435856715737,1.6995478767932992
30.0,212.0,130.0692901611328,-0.0203942656790777,1.6119663830322368,-2.4639858657702214,-2.197839879031834,-1.1339025559464286,0.846124412267191,0.0238077821854445,2.5530134643895543,0.1135540848143144,1.6996508312525616
30.0,212.0,167.90541076660156,-0.043070522800284,1.6193580983739069,-2.532580804267332,-2.451365138534382,-1.1272901665211297,0.7254447027200452,-0.0280144581969313,2.615833301040204,0.2328551443092565,1.7935836138027392
30.0,212.0,130.07302856445312,-0.021601863709611,1.6090304802158366,-2.465433248617948,-2.197660870042485,-1.1335822255848234,0.8463874909612131,0.0253909823231447,2.5535066732437244,0.1144541623373936,1.6995347586002725
30.0,212.0,130.12106323242188,-0.0268418524415132,1.607971210081246,-2.4712624494244704,-2.199058154505161,-1.1332600567613618,0.8443475714739972,0.0232630546507814,2.5573724150402186,0.1239606100015764,1.7152180370041608
30.0,212.0,130.0727081298828,-0.0222417354284118,1.6127807758618369,-2.4641879349873848,-2.1977652143283253,-1.1362643873767602,0.8464240459927146,0.0254873243222329,2.5534643168584097,0.1124181824592045,1.699414107271744
30.0,212.0,203.7299041748047,-1.4671963034076896,0.7718039591814964,-3.521820860113768,-2.7055890962796987,-1.3850800460590984,0.7492558679810841,0.0041742840984898,2.5864682179734686,0.2295821296873494,1.9406396168518183
30.0,212.0,240.0376892089844,-0.818985015422538,0.7325545795717203,-3.463958090524869,-3.1745869837099026,-1.9281247841715203,0.2058466922336207,-0.3766659363291286,2.6001316734345754,0.2265875295001577,2.1979228280822705
30.0,212.0,130.07009887695312,-0.0211579845671875,1.613019567469362,-2.4625777094231185,-2.196083293856256,-1.1348822458961811,0.8466227787847704,0.0241298889204655,2.552544991947694,0.1137672328616856,1.6984851571883766
30.0,212.0,130.0700225830078,-0.021554109745988,1.6120439753754856,-2.4634945447088183,-2.1977249787071043,-1.1359977360920583,0.8464675320695966,0.0248784910245729,2.5535928169217965,0.114511753033331,1.699528858876211
30.0,212.0,130.06771850585938,-0.0212937730914956,1.6122709198500875,-2.464560585489906,-2.197786618314241,-1.1359934261997726,0.8459951570172819,0.0233432106041645,2.552007270481794,0.1121948788892302,1.694829161136428
30.0,212.0,130.1117401123047,-0.0119651705550935,1.612003891221375,-2.4638517122234243,-2.1969709061366416,-1.13421050979483,0.8490285293176021,0.0243352880031873,2.5533637644542715,0.1108258771245781,1.6973377554254705
30.0,212.0,130.06890869140625,-0.0212881890609658,1.6125458798516892,-2.4634099963670835,-2.197925844601921,-1.1340910700361262,0.8462339293574737,0.0241778059007504,2.55280639675026,0.1133285428031655,1.6987931470447826
30.0,212.0,189.8350372314453,-0.1826832746806023,1.2246924260983767,-3.051692949797575,-2.5251921961081663,-1.2384936766473484,0.6872030904694896,-0.0825022686502461,2.5307295125858014,0.2549907431703788,2.0724364628185
30.0,212.0,130.07061767578125,-0.023172106139178,1.6100986851961476,-2.465180378854809,-2.1980779090085503,-1.1357025537305283,0.845075401449298,0.0228605381089993,2.5533608232514,0.1143132326260414,1.6990882288586593
30.0,212.0,130.0706024169922,-0.0194422392472801,1.611979894271835,-2.4637440681880776,-2.1981084270221976,-1.1352775775364146,0.8424343593221926,0.0220689475779911,2.552371690812724,0.1108218273604078,1.6921916015480651
30.0,212.0,242.24465942382807,-0.6765068837044388,0.5731721926803546,-3.182363211629109,-3.115613068305457,-2.833970604240305,0.5175124438082294,-0.1119189164304249,2.549271617641784,0.2717736279602655,1.804321352114272
30.0,212.0,210.119873046875,-0.7610068930568665,0.5642124147423887,-3.726421416211226,-2.7995431788777383,-1.3708891968054873,0.679066308131347,0.0234932080174868,2.5843400721228726,0.297657964549431,2.1950618999519365
30.0,212.0,130.0760040283203,-0.019903550352194,1.6104409729054665,-2.464551236300905,-2.1953348258348737,-1.1346344989603023,0.847054281527971,0.0233578179807977,2.5522416589780663,0.1131096775004814,1.700380244010325
30.0,212.0,130.06765747070312,-0.0211165446055682,1.6116653573497872,-2.464568284631722,-2.197522486989414,-1.134876841633991,0.8434866999921165,0.0230788849499952,2.5519495709868663,0.1117949214472717,1.6922518462395622
30.0,212.0,205.575927734375,-0.8160173862793221,0.5906195673798553,-3.5501247184478806,-2.9220737949502533,-1.5276746941164658,0.7254873283981647,-0.0189028447691116,2.5943872451814447,0.2168908645567235,1.9760531472632008
30.0,212.0,130.07054138183594,-0.0228613982450662,1.6106535870140104,-2.46529216109466,-2.1977322645155284,-1.1353608003125977,0.8459772623241528,0.025085218777136,2.5540052859971567,0.1145950872465189,1.6987431536885813
30.0,212.0,130.07000732421875,-0.0218009896820211,1.6111327740655406,-2.466101941041781,-2.198061334953045,-1.135079097728024,0.8461929037382279,0.0242347721563854,2.553043140829777,0.1142170199190972,1.6995089204840157
30.0,212.0,130.0685272216797,-0.0204231134899335,1.611062975327677,-2.4638418353752822,-2.197853100892334,-1.13495453788526,0.8463109056833199,0.0228377101233381,2.55097098540779,0.1115803319670587,1.6927739742543726
30.0,212.0,130.128173828125,-0.027215786418191,1.6145552910733985,-2.460069645539123,-2.199672305726968,-1.1402361209691427,0.8453843620746078,0.0289933983376405,2.551547256978199,0.1132622477360912,1.695343339381482
30.0,212.0,130.07815551757812,-0.0209177352554327,1.6082751705444016,-2.464779755233256,-2.197901885208004,-1.1322841193514463,0.8464791321257116,0.0240108435918292,2.5530185843853563,0.1090878948098475,1.6901723751970366
30.0,212.0,130.06988525390625,-0.0239186560541447,1.6112328387700028,-2.464607752057477,-2.1983760548270537,-1.135946660804071,0.8455786425558565,0.024944817960014,2.5519653703984586,0.1121193428936892,1.6940196991939904
30.0,212.0,130.103515625,-0.017634287632076,1.6175763186662526,-2.4605915020411304,-2.1982471439658395,-1.1309105961179895,0.8465772924674633,0.0209681639736991,2.553118750461111,0.1163206224202833,1.6992472247487254
30.0,212.0,130.074462890625,-0.020931667301375,1.6131815007844568,-2.4634170364138246,-2.197768214128636,-1.13570624908932,0.8449383655343482,0.0248665633888298,2.552441788670526,0.1100196912208825,1.6969085181986236
30.0,212.0,131.2361602783203,-0.0220692456970595,1.59744718855561,-2.4749331952861127,-2.242386412278529,-1.1309225678285506,0.8523441005269395,0.033251440959556,2.5580831916685187,0.1558555047697084,1.8390339515386167
30.0,213.0,130.0863494873047,-0.0236061154288032,1.6117578860666228,-2.4638572310339475,-2.197224851904189,-1.1294752340386658,0.8469254501981065,0.0261813022316311,2.552899663745848,0.1142157368601287,1.6972787333545436
30.0,213.0,130.41880798339844,-0.0231566904830306,1.6088317785982051,-2.4621261330743867,-2.2018295789319984,-1.1459637870406054,0.8200461793121262,0.0161340568165976,2.550198041850936,0.1172836184915719,1.7409197919884931
30.0,213.0,130.06898498535156,-0.0217142190474076,1.6119789731819236,-2.463398160724508,-2.197907770998596,-1.1360973825541458,0.8457532204385287,0.0230784994892067,2.553321993743976,0.1123702216884897,1.6927451752662828
30.0,213.0,205.40724182128903,-1.2471719392371754,0.7338063691250966,-3.6956164114227614,-2.6893020048638974,-1.4361633841990469,0.7509499775402746,-0.0265320376388999,2.5844589496606782,0.2214973721181175,2.0621365244733765
30.0,213.0,130.0667724609375,-0.0210229994384154,1.6115277940003625,-2.4636994765590394,-2.197314128726708,-1.135729157986956,0.8459351682963937,0.0236979502262292,2.550935983381516,0.108938641664473,1.6898821360743583
30.0,213.0,130.06910705566406,-0.0213117996944473,1.611532529519285,-2.463791151901713,-2.197820122880404,-1.1346716519594982,0.8463058061721773,0.0240051534121443,2.552954066988893,0.1131229916148561,1.6999650231385195
30.0,213.0,130.0719757080078,-0.0216279514907929,1.613175862314529,-2.464673949018924,-2.1976288599640443,-1.135169244917143,0.8460321354642121,0.0224084137768747,2.552981480253748,0.1107939746720398,1.6947533738863911
30.0,213.0,130.07101440429688,-0.0206675360796366,1.6110917394828816,-2.4653648702301383,-2.1966861054497384,-1.13478644915863,0.8421709275190044,0.0226396531073782,2.550843155525646,0.1102429563948596,1.6894734437040253
30.0,213.0,130.07180786132812,-0.0198385588222231,1.613399746182087,-2.462447093375754,-2.1980275329727466,-1.133904304055262,0.846753119792344,0.0232432009304832,2.55281013637525,0.1129654286504708,1.6988241965863846
30.0,213.0,217.80987548828125,-0.7399219093249991,0.6265199654248446,-3.3812386568411683,-3.115740592719888,-2.4970438835882924,0.4187495791001843,-0.1164287251613381,2.541142812644273,0.2703581298861386,2.0687642066891287
30.0,213.0,201.7044219970703,-0.6552952230338768,0.789537644755984,-3.131677153117997,-2.725862189701337,-1.327890814222953,0.7257755438118074,-0.0264966475501739,2.5879562114865826,0.2411740536822892,2.06908069814025
30.0,213.0,130.0678253173828,-0.021097000496736,1.6120671717205772,-2.4643632083414646,-2.197841767177915,-1.1356597626284062,0.8460760116263609,0.0238339705962724,2.552255005355281,0.1127903040248863,1.6971244983631155
30.0,213.0,130.0695037841797,-0.0211467714439956,1.6121120294095113,-2.463596488152922,-2.1977800772262035,-1.1341805828371974,0.8463890998958314,0.0248255223035857,2.552918992714295,0.1129619543004429,1.6998339327250078
30.0,213.0,130.07994079589844,-0.0222413086920125,1.611749335226488,-2.464514670826118,-2.1973329462012505,-1.135973836815909,0.8451902920281376,0.022099931290809,2.554600658319671,0.1149223818601835,1.693787409076232
30.0,213.0,130.06813049316406,-0.0209872657799351,1.6118076608147454,-2.464060527807675,-2.1978212851664933,-1.1357048499321447,0.8462356784864852,0.024271298882535,2.552536940937736,0.1132846857357283,1.697018076554333
30.0,213.0,130.08216857910156,-0.0257587914159671,1.610558991664121,-2.4643000932343826,-2.198095761917553,-1.1331872128695446,0.8475819289434379,0.0273743082842861,2.55583922488324,0.1143184554415994,1.699544666362954
30.0,213.0,220.53668212890625,-1.2171966783311097,0.4756538204269566,-3.473961005955754,-3.088961056374514,-1.704597891261704,0.4920041034137272,-0.0918239354140258,2.562499878329205,0.3992523830963432,2.654374933471221
30.0,213.0,130.06814575195312,-0.0200322682624095,1.6107342610153634,-2.4642063611596887,-2.19739676520487,-1.1347860460043175,0.8447477831782229,0.0230102408115219,2.5519500640645973,0.1118560659324445,1.6920322339979168
30.0,213.0,130.06922912597656,-0.0218573590353466,1.6117526213023166,-2.465011597970059,-2.198449326674848,-1.1369897776302618,0.8458164809477701,0.0243905129687954,2.553403292715439,0.1116803792368941,1.694808741981898
30.0,213.0,130.06869506835938,-0.0220162762744968,1.6108456482637925,-2.4637801583037047,-2.197786673345628,-1.1357156722421764,0.8454566093694266,0.0241997122583173,2.5535064956134432,0.1108190624818382,1.6865722295345753
30.0,213.0,130.0736541748047,-0.0228352032049,1.6086930579334642,-2.466182677801568,-2.197712172117707,-1.133909450064813,0.8452636328445928,0.0250408881630927,2.553138383607169,0.1145435856715737,1.6995478767932992
30.0,213.0,130.0692901611328,-0.0203942656790777,1.6119663830322368,-2.4639858657702214,-2.197839879031834,-1.1339025559464286,0.846124412267191,0.0238077821854445,2.5530134643895543,0.1135540848143144,1.6996508312525616
30.0,213.0,167.90541076660156,-0.043070522800284,1.6193580983739069,-2.532580804267332,-2.451365138534382,-1.1272901665211297,0.7254447027200452,-0.0280144581969313,2.615833301040204,0.2328551443092565,1.7935836138027392
30.0,213.0,130.07302856445312,-0.021601863709611,1.6090304802158366,-2.465433248617948,-2.197660870042485,-1.1335822255848234,0.8463874909612131,0.0253909823231447,2.5535066732437244,0.1144541623373936,1.6995347586002725
30.0,213.0,130.12106323242188,-0.0268418524415132,1.607971210081246,-2.4712624494244704,-2.199058154505161,-1.1332600567613618,0.8443475714739972,0.0232630546507814,2.5573724150402186,0.1239606100015764,1.7152180370041608
30.0,213.0,130.0727081298828,-0.0222417354284118,1.6127807758618369,-2.4641879349873848,-2.1977652143283253,-1.1362643873767602,0.8464240459927146,0.0254873243222329,2.5534643168584097,0.1124181824592045,1.699414107271744
30.0,213.0,203.7299041748047,-1.4671963034076896,0.7718039591814964,-3.521820860113768,-2.7055890962796987,-1.3850800460590984,0.7492558679810841,0.0041742840984898,2.5864682179734686,0.2295821296873494,1.9406396168518183
30.0,213.0,240.0376892089844,-0.818985015422538,0.7325545795717203,-3.463958090524869,-3.1745869837099026,-1.9281247841715203,0.2058466922336207,-0.3766659363291286,2.6001316734345754,0.2265875295001577,2.1979228280822705
30.0,213.0,130.07009887695312,-0.0211579845671875,1.613019567469362,-2.4625777094231185,-2.196083293856256,-1.1348822458961811,0.8466227787847704,0.0241298889204655,2.552544991947694,0.1137672328616856,1.6984851571883766
30.0,213.0,130.0700225830078,-0.021554109745988,1.6120439753754856,-2.4634945447088183,-2.1977249787071043,-1.1359977360920583,0.8464675320695966,0.0248784910245729,2.5535928169217965,0.114511753033331,1.699528858876211
30.0,213.0,130.06771850585938,-0.0212937730914956,1.6122709198500875,-2.464560585489906,-2.197786618314241,-1.1359934261997726,0.8459951570172819,0.0233432106041645,2.552007270481794,0.1121948788892302,1.694829161136428
30.0,213.0,130.08053588867188,-0.0171964857514778,1.612734688230793,-2.4643356014977744,-2.197163393978241,-1.1390191879933365,0.8434584184343729,0.024052075920213,2.553068912691725,0.1122921884180171,1.6909473713411385
30.0,213.0,130.06890869140625,-0.0212881890609658,1.6125458798516892,-2.4634099963670835,-2.197925844601921,-1.1340910700361262,0.8462339293574737,0.0241778059007504,2.55280639675026,0.1133285428031655,1.6987931470447826
30.0,213.0,189.8350372314453,-0.1826832746806023,1.2246924260983767,-3.051692949797575,-2.5251921961081663,-1.2384936766473484,0.6872030904694896,-0.0825022686502461,2.5307295125858014,0.2549907431703788,2.0724364628185
30.0,213.0,130.07061767578125,-0.023172106139178,1.6100986851961476,-2.465180378854809,-2.1980779090085503,-1.1357025537305283,0.845075401449298,0.0228605381089993,2.5533608232514,0.1143132326260414,1.6990882288586593
30.0,213.0,130.0706024169922,-0.0194422392472801,1.611979894271835,-2.4637440681880776,-2.1981084270221976,-1.1352775775364146,0.8424343593221926,0.0220689475779911,2.552371690812724,0.1108218273604078,1.6921916015480651
30.0,213.0,242.24465942382807,-0.6765068837044388,0.5731721926803546,-3.182363211629109,-3.115613068305457,-2.833970604240305,0.5175124438082294,-0.1119189164304249,2.549271617641784,0.2717736279602655,1.804321352114272
30.0,213.0,210.119873046875,-0.7610068930568665,0.5642124147423887,-3.726421416211226,-2.7995431788777383,-1.3708891968054873,0.679066308131347,0.0234932080174868,2.5843400721228726,0.297657964549431,2.1950618999519365
30.0,213.0,130.0760040283203,-0.019903550352194,1.6104409729054665,-2.464551236300905,-2.1953348258348737,-1.1346344989603023,0.847054281527971,0.0233578179807977,2.5522416589780663,0.1131096775004814,1.700380244010325
30.0,213.0,130.06765747070312,-0.0211165446055682,1.6116653573497872,-2.464568284631722,-2.197522486989414,-1.134876841633991,0.8434866999921165,0.0230788849499952,2.5519495709868663,0.1117949214472717,1.6922518462395622
30.0,213.0,205.575927734375,-0.8160173862793221,0.5906195673798553,-3.5501247184478806,-2.9220737949502533,-1.5276746941164658,0.7254873283981647,-0.0189028447691116,2.5943872451814447,0.2168908645567235,1.9760531472632008
30.0,213.0,130.07054138183594,-0.0228613982450662,1.6106535870140104,-2.46529216109466,-2.1977322645155284,-1.1353608003125977,0.8459772623241528,0.025085218777136,2.5540052859971567,0.1145950872465189,1.6987431536885813
30.0,213.0,130.07000732421875,-0.0218009896820211,1.6111327740655406,-2.466101941041781,-2.198061334953045,-1.135079097728024,0.8461929037382279,0.0242347721563854,2.553043140829777,0.1142170199190972,1.6995089204840157
30.0,213.0,130.0685272216797,-0.0204231134899335,1.611062975327677,-2.4638418353752822,-2.197853100892334,-1.13495453788526,0.8463109056833199,0.0228377101233381,2.55097098540779,0.1115803319670587,1.6927739742543726
30.0,213.0,130.128173828125,-0.027215786418191,1.6145552910733985,-2.460069645539123,-2.199672305726968,-1.1402361209691427,0.8453843620746078,0.0289933983376405,2.551547256978199,0.1132622477360912,1.695343339381482
30.0,213.0,130.07815551757812,-0.0209177352554327,1.6082751705444016,-2.464779755233256,-2.197901885208004,-1.1322841193514463,0.8464791321257116,0.0240108435918292,2.5530185843853563,0.1090878948098475,1.6901723751970366
30.0,213.0,130.06988525390625,-0.0239186560541447,1.6112328387700028,-2.464607752057477,-2.1983760548270537,-1.135946660804071,0.8455786425558565,0.024944817960014,2.5519653703984586,0.1121193428936892,1.6940196991939904
30.0,213.0,130.07627868652344,-0.0199152855721854,1.61382936432916,-2.4619207073135745,-2.1974391680795824,-1.1345695627830763,0.8486531931719119,0.0233146191908354,2.552145721206953,0.1124406432716579,1.6979525437899026
30.0,213.0,130.07257080078125,-0.0208185070742975,1.61292837477115,-2.463236006207125,-2.1974758840976234,-1.1365535608082524,0.8462612559066238,0.0234103037592838,2.5521602191498154,0.1144187218565288,1.6973519605862517
30.0,213.0,131.2361602783203,-0.0220692456970595,1.59744718855561,-2.4749331952861127,-2.242386412278529,-1.1309225678285506,0.8523441005269395,0.033251440959556,2.5580831916685187,0.1558555047697084,1.8390339515386167
30.0,214.0,130.0863494873047,-0.0236061154288032,1.6117578860666228,-2.4638572310339475,-2.197224851904189,-1.1294752340386658,0.8469254501981065,0.0261813022316311,2.552899663745848,0.1142157368601287,1.6972787333545436
30.0,214.0,130.41880798339844,-0.0231566904830306,1.6088317785982051,-2.4621261330743867,-2.2018295789319984,-1.1459637870406054,0.8200461793121262,0.0161340568165976,2.550198041850936,0.1172836184915719,1.7409197919884931
30.0,214.0,130.06898498535156,-0.0217142190474076,1.6119789731819236,-2.463398160724508,-2.197907770998596,-1.1360973825541458,0.8457532204385287,0.0230784994892067,2.553321993743976,0.1123702216884897,1.6927451752662828
30.0,214.0,205.40724182128903,-1.2471719392371754,0.7338063691250966,-3.6956164114227614,-2.6893020048638974,-1.4361633841990469,0.7509499775402746,-0.0265320376388999,2.5844589496606782,0.2214973721181175,2.0621365244733765
30.0,214.0,130.0667724609375,-0.0210229994384154,1.6115277940003625,-2.4636994765590394,-2.197314128726708,-1.135729157986956,0.8459351682963937,0.0236979502262292,2.550935983381516,0.108938641664473,1.6898821360743583
30.0,214.0,130.06910705566406,-0.0213117996944473,1.611532529519285,-2.463791151901713,-2.197820122880404,-1.1346716519594982,0.8463058061721773,0.0240051534121443,2.552954066988893,0.1131229916148561,1.6999650231385195
30.0,214.0,130.0719757080078,-0.0216279514907929,1.613175862314529,-2.464673949018924,-2.1976288599640443,-1.135169244917143,0.8460321354642121,0.0224084137768747,2.552981480253748,0.1107939746720398,1.6947533738863911
30.0,214.0,130.07101440429688,-0.0206675360796366,1.6110917394828816,-2.4653648702301383,-2.1966861054497384,-1.13478644915863,0.8421709275190044,0.0226396531073782,2.550843155525646,0.1102429563948596,1.6894734437040253
30.0,214.0,130.07180786132812,-0.0198385588222231,1.613399746182087,-2.462447093375754,-2.1980275329727466,-1.133904304055262,0.846753119792344,0.0232432009304832,2.55281013637525,0.1129654286504708,1.6988241965863846
30.0,214.0,217.80987548828125,-0.7399219093249991,0.6265199654248446,-3.3812386568411683,-3.115740592719888,-2.4970438835882924,0.4187495791001843,-0.1164287251613381,2.541142812644273,0.2703581298861386,2.0687642066891287
30.0,214.0,201.7044219970703,-0.6552952230338768,0.789537644755984,-3.131677153117997,-2.725862189701337,-1.327890814222953,0.7257755438118074,-0.0264966475501739,2.5879562114865826,0.2411740536822892,2.06908069814025
30.0,214.0,130.0678253173828,-0.021097000496736,1.6120671717205772,-2.4643632083414646,-2.197841767177915,-1.1356597626284062,0.8460760116263609,0.0238339705962724,2.552255005355281,0.1127903040248863,1.6971244983631155
30.0,214.0,130.0695037841797,-0.0211467714439956,1.6121120294095113,-2.463596488152922,-2.1977800772262035,-1.1341805828371974,0.8463890998958314,0.0248255223035857,2.552918992714295,0.1129619543004429,1.6998339327250078
30.0,214.0,130.07994079589844,-0.0222413086920125,1.611749335226488,-2.464514670826118,-2.1973329462012505,-1.135973836815909,0.8451902920281376,0.022099931290809,2.554600658319671,0.1149223818601835,1.693787409076232
30.0,214.0,130.06813049316406,-0.0209872657799351,1.6118076608147454,-2.464060527807675,-2.1978212851664933,-1.1357048499321447,0.8462356784864852,0.024271298882535,2.552536940937736,0.1132846857357283,1.697018076554333
30.0,214.0,130.08216857910156,-0.0257587914159671,1.610558991664121,-2.4643000932343826,-2.198095761917553,-1.1331872128695446,0.8475819289434379,0.0273743082842861,2.55583922488324,0.1143184554415994,1.699544666362954
30.0,214.0,220.53668212890625,-1.2171966783311097,0.4756538204269566,-3.473961005955754,-3.088961056374514,-1.704597891261704,0.4920041034137272,-0.0918239354140258,2.562499878329205,0.3992523830963432,2.654374933471221
30.0,214.0,130.06814575195312,-0.0200322682624095,1.6107342610153634,-2.4642063611596887,-2.19739676520487,-1.1347860460043175,0.8447477831782229,0.0230102408115219,2.5519500640645973,0.1118560659324445,1.6920322339979168
30.0,214.0,130.06922912597656,-0.0218573590353466,1.6117526213023166,-2.465011597970059,-2.198449326674848,-1.1369897776302618,0.8458164809477701,0.0243905129687954,2.553403292715439,0.1116803792368941,1.694808741981898
30.0,214.0,130.06869506835938,-0.0220162762744968,1.6108456482637925,-2.4637801583037047,-2.197786673345628,-1.1357156722421764,0.8454566093694266,0.0241997122583173,2.5535064956134432,0.1108190624818382,1.6865722295345753
30.0,214.0,130.0736541748047,-0.0228352032049,1.6086930579334642,-2.466182677801568,-2.197712172117707,-1.133909450064813,0.8452636328445928,0.0250408881630927,2.553138383607169,0.1145435856715737,1.6995478767932992
30.0,214.0,130.0692901611328,-0.0203942656790777,1.6119663830322368,-2.4639858657702214,-2.197839879031834,-1.1339025559464286,0.846124412267191,0.0238077821854445,2.5530134643895543,0.1135540848143144,1.6996508312525616
30.0,214.0,167.90541076660156,-0.043070522800284,1.6193580983739069,-2.532580804267332,-2.451365138534382,-1.1272901665211297,0.7254447027200452,-0.0280144581969313,2.615833301040204,0.2328551443092565,1.7935836138027392
30.0,214.0,130.07302856445312,-0.021601863709611,1.6090304802158366,-2.465433248617948,-2.197660870042485,-1.1335822255848234,0.8463874909612131,0.0253909823231447,2.5535066732437244,0.1144541623373936,1.6995347586002725
30.0,214.0,130.12106323242188,-0.0268418524415132,1.607971210081246,-2.4712624494244704,-2.199058154505161,-1.1332600567613618,0.8443475714739972,0.0232630546507814,2.5573724150402186,0.1239606100015764,1.7152180370041608
30.0,214.0,130.0727081298828,-0.0222417354284118,1.6127807758618369,-2.4641879349873848,-2.1977652143283253,-1.1362643873767602,0.8464240459927146,0.0254873243222329,2.5534643168584097,0.1124181824592045,1.699414107271744
30.0,214.0,203.7299041748047,-1.4671963034076896,0.7718039591814964,-3.521820860113768,-2.7055890962796987,-1.3850800460590984,0.7492558679810841,0.0041742840984898,2.5864682179734686,0.2295821296873494,1.9406396168518183
30.0,214.0,240.0376892089844,-0.818985015422538,0.7325545795717203,-3.463958090524869,-3.1745869837099026,-1.9281247841715203,0.2058466922336207,-0.3766659363291286,2.6001316734345754,0.2265875295001577,2.1979228280822705
30.0,214.0,130.07009887695312,-0.0211579845671875,1.613019567469362,-2.4625777094231185,-2.196083293856256,-1.1348822458961811,0.8466227787847704,0.0241298889204655,2.552544991947694,0.1137672328616856,1.6984851571883766
30.0,214.0,130.0700225830078,-0.021554109745988,1.6120439753754856,-2.4634945447088183,-2.1977249787071043,-1.1359977360920583,0.8464675320695966,0.0248784910245729,2.5535928169217965,0.114511753033331,1.699528858876211
30.0,214.0,130.06771850585938,-0.0212937730914956,1.6122709198500875,-2.464560585489906,-2.197786618314241,-1.1359934261997726,0.8459951570172819,0.0233432106041645,2.552007270481794,0.1121948788892302,1.694829161136428
30.0,214.0,130.08053588867188,-0.0171964857514778,1.612734688230793,-2.4643356014977744,-2.197163393978241,-1.1390191879933365,0.8434584184343729,0.024052075920213,2.553068912691725,0.1122921884180171,1.6909473713411385
30.0,214.0,130.06890869140625,-0.0212881890609658,1.6125458798516892,-2.4634099963670835,-2.197925844601921,-1.1340910700361262,0.8462339293574737,0.0241778059007504,2.55280639675026,0.1133285428031655,1.6987931470447826
30.0,214.0,189.8350372314453,-0.1826832746806023,1.2246924260983767,-3.051692949797575,-2.5251921961081663,-1.2384936766473484,0.6872030904694896,-0.0825022686502461,2.5307295125858014,0.2549907431703788,2.0724364628185
30.0,214.0,130.07061767578125,-0.023172106139178,1.6100986851961476,-2.465180378854809,-2.1980779090085503,-1.1357025537305283,0.845075401449298,0.0228605381089993,2.5533608232514,0.1143132326260414,1.6990882288586593
30.0,214.0,130.0706024169922,-0.0194422392472801,1.611979894271835,-2.4637440681880776,-2.1981084270221976,-1.1352775775364146,0.8424343593221926,0.0220689475779911,2.552371690812724,0.1108218273604078,1.6921916015480651
30.0,214.0,242.24465942382807,-0.6765068837044388,0.5731721926803546,-3.182363211629109,-3.115613068305457,-2.833970604240305,0.5175124438082294,-0.1119189164304249,2.549271617641784,0.2717736279602655,1.804321352114272
30.0,214.0,210.119873046875,-0.7610068930568665,0.5642124147423887,-3.726421416211226,-2.7995431788777383,-1.3708891968054873,0.679066308131347,0.0234932080174868,2.5843400721228726,0.297657964549431,2.1950618999519365
30.0,214.0,130.0760040283203,-0.019903550352194,1.6104409729054665,-2.464551236300905,-2.1953348258348737,-1.1346344989603023,0.847054281527971,0.0233578179807977,2.5522416589780663,0.1131096775004814,1.700380244010325
30.0,214.0,130.06765747070312,-0.0211165446055682,1.6116653573497872,-2.464568284631722,-2.197522486989414,-1.134876841633991,0.8434866999921165,0.0230788849499952,2.5519495709868663,0.1117949214472717,1.6922518462395622
30.0,214.0,205.575927734375,-0.8160173862793221,0.5906195673798553,-3.5501247184478806,-2.9220737949502533,-1.5276746941164658,0.7254873283981647,-0.0189028447691116,2.5943872451814447,0.2168908645567235,1.9760531472632008
30.0,214.0,130.07054138183594,-0.0228613982450662,1.6106535870140104,-2.46529216109466,-2.1977322645155284,-1.1353608003125977,0.8459772623241528,0.025085218777136,2.5540052859971567,0.1145950872465189,1.6987431536885813
30.0,214.0,130.07000732421875,-0.0218009896820211,1.6111327740655406,-2.466101941041781,-2.198061334953045,-1.135079097728024,0.8461929037382279,0.0242347721563854,2.553043140829777,0.1142170199190972,1.6995089204840157
30.0,214.0,130.0685272216797,-0.0204231134899335,1.611062975327677,-2.4638418353752822,-2.197853100892334,-1.13495453788526,0.8463109056833199,0.0228377101233381,2.55097098540779,0.1115803319670587,1.6927739742543726
30.0,214.0,130.128173828125,-0.027215786418191,1.6145552910733985,-2.460069645539123,-2.199672305726968,-1.1402361209691427,0.8453843620746078,0.0289933983376405,2.551547256978199,0.1132622477360912,1.695343339381482
30.0,214.0,130.07815551757812,-0.0209177352554327,1.6082751705444016,-2.464779755233256,-2.197901885208004,-1.1322841193514463,0.8464791321257116,0.0240108435918292,2.5530185843853563,0.1090878948098475,1.6901723751970366
30.0,214.0,130.06988525390625,-0.0239186560541447,1.6112328387700028,-2.464607752057477,-2.1983760548270537,-1.135946660804071,0.8455786425558565,0.024944817960014,2.5519653703984586,0.1121193428936892,1.6940196991939904
30.0,214.0,130.07627868652344,-0.0199152855721854,1.61382936432916,-2.4619207073135745,-2.1974391680795824,-1.1345695627830763,0.8486531931719119,0.0233146191908354,2.552145721206953,0.1124406432716579,1.6979525437899026
30.0,214.0,130.07257080078125,-0.0208185070742975,1.61292837477115,-2.463236006207125,-2.1974758840976234,-1.1365535608082524,0.8462612559066238,0.0234103037592838,2.5521602191498154,0.1144187218565288,1.6973519605862517
30.0,214.0,131.2361602783203,-0.0220692456970595,1.59744718855561,-2.4749331952861127,-2.242386412278529,-1.1309225678285506,0.8523441005269395,0.033251440959556,2.5580831916685187,0.1558555047697084,1.8390339515386167
30.0,215.0,130.07777404785156,-0.0210633450658421,1.612031123089811,-2.4635481182351016,-2.1970688438845816,-1.1308882571112864,0.845420503110919,0.0239786274880239,2.5511258818203024,0.1102655263727905,1.6822462060886918
30.0,215.0,130.41880798339844,-0.0231566904830306,1.6088317785982051,-2.4621261330743867,-2.2018295789319984,-1.1459637870406054,0.8200461793121262,0.0161340568165976,2.550198041850936,0.1172836184915719,1.7409197919884931
30.0,215.0,130.06622314453125,-0.0215047765635967,1.6103141379470471,-2.4644563913230293,-2.1975268082120163,-1.1351979501028242,0.8441357910788309,0.0234713560858831,2.552014667362936,0.1104533418979117,1.6899374807038992
30.0,215.0,205.40724182128903,-1.2471719392371754,0.7338063691250966,-3.6956164114227614,-2.6893020048638974,-1.4361633841990469,0.7509499775402746,-0.0265320376388999,2.5844589496606782,0.2214973721181175,2.0621365244733765
30.0,215.0,130.0667724609375,-0.0210229994384154,1.6115277940003625,-2.4636994765590394,-2.197314128726708,-1.135729157986956,0.8459351682963937,0.0236979502262292,2.550935983381516,0.108938641664473,1.6898821360743583
30.0,215.0,130.06910705566406,-0.0213117996944473,1.611532529519285,-2.463791151901713,-2.197820122880404,-1.1346716519594982,0.8463058061721773,0.0240051534121443,2.552954066988893,0.1131229916148561,1.6999650231385195
30.0,215.0,130.0719757080078,-0.0216279514907929,1.613175862314529,-2.464673949018924,-2.1976288599640443,-1.135169244917143,0.8460321354642121,0.0224084137768747,2.552981480253748,0.1107939746720398,1.6947533738863911
30.0,215.0,130.07101440429688,-0.0206675360796366,1.6110917394828816,-2.4653648702301383,-2.1966861054497384,-1.13478644915863,0.8421709275190044,0.0226396531073782,2.550843155525646,0.1102429563948596,1.6894734437040253
30.0,215.0,130.07180786132812,-0.0198385588222231,1.613399746182087,-2.462447093375754,-2.1980275329727466,-1.133904304055262,0.846753119792344,0.0232432009304832,2.55281013637525,0.1129654286504708,1.6988241965863846
30.0,215.0,217.80987548828125,-0.7399219093249991,0.6265199654248446,-3.3812386568411683,-3.115740592719888,-2.4970438835882924,0.4187495791001843,-0.1164287251613381,2.541142812644273,0.2703581298861386,2.0687642066891287
30.0,215.0,201.7044219970703,-0.6552952230338768,0.789537644755984,-3.131677153117997,-2.725862189701337,-1.327890814222953,0.7257755438118074,-0.0264966475501739,2.5879562114865826,0.2411740536822892,2.06908069814025
30.0,215.0,130.0678253173828,-0.021097000496736,1.6120671717205772,-2.4643632083414646,-2.197841767177915,-1.1356597626284062,0.8460760116263609,0.0238339705962724,2.552255005355281,0.1127903040248863,1.6971244983631155
30.0,215.0,130.0684814453125,-0.0210092410828998,1.6117904560236485,-2.462536880639236,-2.196906276081219,-1.1358953765699744,0.8444649807457459,0.0242434904857292,2.552799982203813,0.1116480754096299,1.694826688828618
30.0,215.0,130.07994079589844,-0.0222413086920125,1.611749335226488,-2.464514670826118,-2.1973329462012505,-1.135973836815909,0.8451902920281376,0.022099931290809,2.554600658319671,0.1149223818601835,1.693787409076232
30.0,215.0,130.06813049316406,-0.0209872657799351,1.6118076608147454,-2.464060527807675,-2.1978212851664933,-1.1357048499321447,0.8462356784864852,0.024271298882535,2.552536940937736,0.1132846857357283,1.697018076554333
30.0,215.0,130.08216857910156,-0.0257587914159671,1.610558991664121,-2.4643000932343826,-2.198095761917553,-1.1331872128695446,0.8475819289434379,0.0273743082842861,2.55583922488324,0.1143184554415994,1.699544666362954
30.0,215.0,220.53668212890625,-1.2171966783311097,0.4756538204269566,-3.473961005955754,-3.088961056374514,-1.704597891261704,0.4920041034137272,-0.0918239354140258,2.562499878329205,0.3992523830963432,2.654374933471221
30.0,215.0,130.06814575195312,-0.0200322682624095,1.6107342610153634,-2.4642063611596887,-2.19739676520487,-1.1347860460043175,0.8447477831782229,0.0230102408115219,2.5519500640645973,0.1118560659324445,1.6920322339979168
30.0,215.0,130.06922912597656,-0.0218573590353466,1.6117526213023166,-2.465011597970059,-2.198449326674848,-1.1369897776302618,0.8458164809477701,0.0243905129687954,2.553403292715439,0.1116803792368941,1.694808741981898
30.0,215.0,130.06869506835938,-0.0220162762744968,1.6108456482637925,-2.4637801583037047,-2.197786673345628,-1.1357156722421764,0.8454566093694266,0.0241997122583173,2.5535064956134432,0.1108190624818382,1.6865722295345753
30.0,215.0,130.0736541748047,-0.0228352032049,1.6086930579334642,-2.466182677801568,-2.197712172117707,-1.133909450064813,0.8452636328445928,0.0250408881630927,2.553138383607169,0.1145435856715737,1.6995478767932992
30.0,215.0,130.0692901611328,-0.0203942656790777,1.6119663830322368,-2.4639858657702214,-2.197839879031834,-1.1339025559464286,0.846124412267191,0.0238077821854445,2.5530134643895543,0.1135540848143144,1.6996508312525616
30.0,215.0,159.21456909179688,-0.1391322175017171,1.5798417152104094,-2.409528447382335,-2.3069875247229663,-1.1299438267643598,0.8728203698198074,-0.0124934332650609,2.6152838189417524,0.1857607760494,1.569949934227127
30.0,215.0,130.07302856445312,-0.021601863709611,1.6090304802158366,-2.465433248617948,-2.197660870042485,-1.1335822255848234,0.8463874909612131,0.0253909823231447,2.5535066732437244,0.1144541623373936,1.6995347586002725
30.0,215.0,130.12106323242188,-0.0268418524415132,1.607971210081246,-2.4712624494244704,-2.199058154505161,-1.1332600567613618,0.8443475714739972,0.0232630546507814,2.5573724150402186,0.1239606100015764,1.7152180370041608
30.0,215.0,130.06871032714844,-0.0211337489530693,1.6122439209628705,-2.4634215243279773,-2.197652831198881,-1.1355963099635986,0.8437714039900439,0.0241329972215984,2.5534494556369283,0.1108581720932134,1.693034435563626
30.0,215.0,203.7299041748047,-1.4671963034076896,0.7718039591814964,-3.521820860113768,-2.7055890962796987,-1.3850800460590984,0.7492558679810841,0.0041742840984898,2.5864682179734686,0.2295821296873494,1.9406396168518183
30.0,215.0,240.0376892089844,-0.818985015422538,0.7325545795717203,-3.463958090524869,-3.1745869837099026,-1.9281247841715203,0.2058466922336207,-0.3766659363291286,2.6001316734345754,0.2265875295001577,2.1979228280822705
30.0,215.0,130.07009887695312,-0.0211579845671875,1.613019567469362,-2.4625777094231185,-2.196083293856256,-1.1348822458961811,0.8466227787847704,0.0241298889204655,2.552544991947694,0.1137672328616856,1.6984851571883766
30.0,215.0,130.0700225830078,-0.021554109745988,1.6120439753754856,-2.4634945447088183,-2.1977249787071043,-1.1359977360920583,0.8464675320695966,0.0248784910245729,2.5535928169217965,0.114511753033331,1.699528858876211
30.0,215.0,130.06771850585938,-0.0212937730914956,1.6122709198500875,-2.464560585489906,-2.197786618314241,-1.1359934261997726,0.8459951570172819,0.0233432106041645,2.552007270481794,0.1121948788892302,1.694829161136428
30.0,215.0,130.07443237304688,-0.0224770635066126,1.6111596088206876,-2.463781245870244,-2.19769535883418,-1.1370651329257655,0.8410306718418504,0.0236367815548195,2.5526557288238862,0.1114706581748021,1.6897554554535097
30.0,215.0,130.06890869140625,-0.0212881890609658,1.6125458798516892,-2.4634099963670835,-2.197925844601921,-1.1340910700361262,0.8462339293574737,0.0241778059007504,2.55280639675026,0.1133285428031655,1.6987931470447826
30.0,215.0,189.8350372314453,-0.1826832746806023,1.2246924260983767,-3.051692949797575,-2.5251921961081663,-1.2384936766473484,0.6872030904694896,-0.0825022686502461,2.5307295125858014,0.2549907431703788,2.0724364628185
30.0,215.0,130.07061767578125,-0.023172106139178,1.6100986851961476,-2.465180378854809,-2.1980779090085503,-1.1357025537305283,0.845075401449298,0.0228605381089993,2.5533608232514,0.1143132326260414,1.6990882288586593
30.0,215.0,130.07020568847656,-0.0198894629669075,1.611654223604455,-2.463366318429882,-2.19779094796425,-1.135585280769312,0.8462713181954036,0.0239577847866647,2.550489549438791,0.1114572522012586,1.6947797532053337
30.0,215.0,242.24465942382807,-0.6765068837044388,0.5731721926803546,-3.182363211629109,-3.115613068305457,-2.833970604240305,0.5175124438082294,-0.1119189164304249,2.549271617641784,0.2717736279602655,1.804321352114272
30.0,215.0,210.119873046875,-0.7610068930568665,0.5642124147423887,-3.726421416211226,-2.7995431788777383,-1.3708891968054873,0.679066308131347,0.0234932080174868,2.5843400721228726,0.297657964549431,2.1950618999519365
30.0,215.0,130.0760040283203,-0.019903550352194,1.6104409729054665,-2.464551236300905,-2.1953348258348737,-1.1346344989603023,0.847054281527971,0.0233578179807977,2.5522416589780663,0.1131096775004814,1.700380244010325
30.0,215.0,130.06765747070312,-0.0211165446055682,1.6116653573497872,-2.464568284631722,-2.197522486989414,-1.134876841633991,0.8434866999921165,0.0230788849499952,2.5519495709868663,0.1117949214472717,1.6922518462395622
30.0,215.0,205.575927734375,-0.8160173862793221,0.5906195673798553,-3.5501247184478806,-2.9220737949502533,-1.5276746941164658,0.7254873283981647,-0.0189028447691116,2.5943872451814447,0.2168908645567235,1.9760531472632008
30.0,215.0,130.07054138183594,-0.0228613982450662,1.6106535870140104,-2.46529216109466,-2.1977322645155284,-1.1353608003125977,0.8459772623241528,0.025085218777136,2.5540052859971567,0.1145950872465189,1.6987431536885813
30.0,215.0,130.07000732421875,-0.0218009896820211,1.6111327740655406,-2.466101941041781,-2.198061334953045,-1.135079097728024,0.8461929037382279,0.0242347721563854,2.553043140829777,0.1142170199190972,1.6995089204840157
30.0,215.0,130.0685272216797,-0.0204231134899335,1.611062975327677,-2.4638418353752822,-2.197853100892334,-1.13495453788526,0.8463109056833199,0.0228377101233381,2.55097098540779,0.1115803319670587,1.6927739742543726
30.0,215.0,130.128173828125,-0.027215786418191,1.6145552910733985,-2.460069645539123,-2.199672305726968,-1.1402361209691427,0.8453843620746078,0.0289933983376405,2.551547256978199,0.1132622477360912,1.695343339381482
30.0,215.0,130.07815551757812,-0.0209177352554327,1.6082751705444016,-2.464779755233256,-2.197901885208004,-1.1322841193514463,0.8464791321257116,0.0240108435918292,2.5530185843853563,0.1090878948098475,1.6901723751970366
30.0,215.0,130.06988525390625,-0.0239186560541447,1.6112328387700028,-2.464607752057477,-2.1983760548270537,-1.135946660804071,0.8455786425558565,0.024944817960014,2.5519653703984586,0.1121193428936892,1.6940196991939904
30.0,215.0,130.07627868652344,-0.0199152855721854,1.61382936432916,-2.4619207073135745,-2.1974391680795824,-1.1345695627830763,0.8486531931719119,0.0233146191908354,2.552145721206953,0.1124406432716579,1.6979525437899026
30.0,215.0,130.07257080078125,-0.0208185070742975,1.61292837477115,-2.463236006207125,-2.1974758840976234,-1.1365535608082524,0.8462612559066238,0.0234103037592838,2.5521602191498154,0.1144187218565288,1.6973519605862517
30.0,215.0,131.2361602783203,-0.0220692456970595,1.59744718855561,-2.4749331952861127,-2.242386412278529,-1.1309225678285506,0.8523441005269395,0.033251440959556,2.5580831916685187,0.1558555047697084,1.8390339515386167
30.0,216.0,130.07777404785156,-0.0210633450658421,1.612031123089811,-2.4635481182351016,-2.1970688438845816,-1.1308882571112864,0.845420503110919,0.0239786274880239,2.5511258818203024,0.1102655263727905,1.6822462060886918
30.0,216.0,130.30364990234375,-0.0236049317477366,1.6080807907526102,-2.4745370613389146,-2.2030365033939985,-1.1401956503773625,0.8279446685056817,0.0299487283447031,2.554165040239452,0.1177737297355742,1.719549822473801
30.0,216.0,130.06622314453125,-0.0215047765635967,1.6103141379470471,-2.4644563913230293,-2.1975268082120163,-1.1351979501028242,0.8441357910788309,0.0234713560858831,2.552014667362936,0.1104533418979117,1.6899374807038992
30.0,216.0,205.40724182128903,-1.2471719392371754,0.7338063691250966,-3.6956164114227614,-2.6893020048638974,-1.4361633841990469,0.7509499775402746,-0.0265320376388999,2.5844589496606782,0.2214973721181175,2.0621365244733765
30.0,216.0,130.0667724609375,-0.0210229994384154,1.6115277940003625,-2.4636994765590394,-2.197314128726708,-1.135729157986956,0.8459351682963937,0.0236979502262292,2.550935983381516,0.108938641664473,1.6898821360743583
30.0,216.0,130.06910705566406,-0.0213117996944473,1.611532529519285,-2.463791151901713,-2.197820122880404,-1.1346716519594982,0.8463058061721773,0.0240051534121443,2.552954066988893,0.1131229916148561,1.6999650231385195
30.0,216.0,130.0719757080078,-0.0216279514907929,1.613175862314529,-2.464673949018924,-2.1976288599640443,-1.135169244917143,0.8460321354642121,0.0224084137768747,2.552981480253748,0.1107939746720398,1.6947533738863911
30.0,216.0,130.07101440429688,-0.0206675360796366,1.6110917394828816,-2.4653648702301383,-2.1966861054497384,-1.13478644915863,0.8421709275190044,0.0226396531073782,2.550843155525646,0.1102429563948596,1.6894734437040253
30.0,216.0,130.07180786132812,-0.0198385588222231,1.613399746182087,-2.462447093375754,-2.1980275329727466,-1.133904304055262,0.846753119792344,0.0232432009304832,2.55281013637525,0.1129654286504708,1.6988241965863846
30.0,216.0,217.80987548828125,-0.7399219093249991,0.6265199654248446,-3.3812386568411683,-3.115740592719888,-2.4970438835882924,0.4187495791001843,-0.1164287251613381,2.541142812644273,0.2703581298861386,2.0687642066891287
30.0,216.0,201.7044219970703,-0.6552952230338768,0.789537644755984,-3.131677153117997,-2.725862189701337,-1.327890814222953,0.7257755438118074,-0.0264966475501739,2.5879562114865826,0.2411740536822892,2.06908069814025
30.0,216.0,130.0678253173828,-0.021097000496736,1.6120671717205772,-2.4643632083414646,-2.197841767177915,-1.1356597626284062,0.8460760116263609,0.0238339705962724,2.552255005355281,0.1127903040248863,1.6971244983631155
30.0,216.0,130.0684814453125,-0.0210092410828998,1.6117904560236485,-2.462536880639236,-2.196906276081219,-1.1358953765699744,0.8444649807457459,0.0242434904857292,2.552799982203813,0.1116480754096299,1.694826688828618
30.0,216.0,130.07994079589844,-0.0222413086920125,1.611749335226488,-2.464514670826118,-2.1973329462012505,-1.135973836815909,0.8451902920281376,0.022099931290809,2.554600658319671,0.1149223818601835,1.693787409076232
30.0,216.0,130.06813049316406,-0.0209872657799351,1.6118076608147454,-2.464060527807675,-2.1978212851664933,-1.1357048499321447,0.8462356784864852,0.024271298882535,2.552536940937736,0.1132846857357283,1.697018076554333
30.0,216.0,130.08216857910156,-0.0257587914159671,1.610558991664121,-2.4643000932343826,-2.198095761917553,-1.1331872128695446,0.8475819289434379,0.0273743082842861,2.55583922488324,0.1143184554415994,1.699544666362954
30.0,216.0,220.53668212890625,-1.2171966783311097,0.4756538204269566,-3.473961005955754,-3.088961056374514,-1.704597891261704,0.4920041034137272,-0.0918239354140258,2.562499878329205,0.3992523830963432,2.654374933471221
30.0,216.0,130.06814575195312,-0.0200322682624095,1.6107342610153634,-2.4642063611596887,-2.19739676520487,-1.1347860460043175,0.8447477831782229,0.0230102408115219,2.5519500640645973,0.1118560659324445,1.6920322339979168
30.0,216.0,130.06922912597656,-0.0218573590353466,1.6117526213023166,-2.465011597970059,-2.198449326674848,-1.1369897776302618,0.8458164809477701,0.0243905129687954,2.553403292715439,0.1116803792368941,1.694808741981898
30.0,216.0,130.06869506835938,-0.0220162762744968,1.6108456482637925,-2.4637801583037047,-2.197786673345628,-1.1357156722421764,0.8454566093694266,0.0241997122583173,2.5535064956134432,0.1108190624818382,1.6865722295345753
30.0,216.0,130.0736541748047,-0.0228352032049,1.6086930579334642,-2.466182677801568,-2.197712172117707,-1.133909450064813,0.8452636328445928,0.0250408881630927,2.553138383607169,0.1145435856715737,1.6995478767932992
30.0,216.0,130.0692901611328,-0.0203942656790777,1.6119663830322368,-2.4639858657702214,-2.197839879031834,-1.1339025559464286,0.846124412267191,0.0238077821854445,2.5530134643895543,0.1135540848143144,1.6996508312525616
30.0,216.0,138.2525634765625,-0.1182119059537932,1.564624944432117,-2.4221773036216807,-2.1707181764739127,-1.1318323139567688,0.7861040628751907,0.0573424283181829,2.543082395799774,0.1337466229555473,1.7125318354369463
30.0,216.0,130.07302856445312,-0.021601863709611,1.6090304802158366,-2.465433248617948,-2.197660870042485,-1.1335822255848234,0.8463874909612131,0.0253909823231447,2.5535066732437244,0.1144541623373936,1.6995347586002725
30.0,216.0,130.12106323242188,-0.0268418524415132,1.607971210081246,-2.4712624494244704,-2.199058154505161,-1.1332600567613618,0.8443475714739972,0.0232630546507814,2.5573724150402186,0.1239606100015764,1.7152180370041608
30.0,216.0,130.06871032714844,-0.0211337489530693,1.6122439209628705,-2.4634215243279773,-2.197652831198881,-1.1355963099635986,0.8437714039900439,0.0241329972215984,2.5534494556369283,0.1108581720932134,1.693034435563626
30.0,216.0,203.7299041748047,-1.4671963034076896,0.7718039591814964,-3.521820860113768,-2.7055890962796987,-1.3850800460590984,0.7492558679810841,0.0041742840984898,2.5864682179734686,0.2295821296873494,1.9406396168518183
30.0,216.0,240.0376892089844,-0.818985015422538,0.7325545795717203,-3.463958090524869,-3.1745869837099026,-1.9281247841715203,0.2058466922336207,-0.3766659363291286,2.6001316734345754,0.2265875295001577,2.1979228280822705
30.0,216.0,130.07009887695312,-0.0211579845671875,1.613019567469362,-2.4625777094231185,-2.196083293856256,-1.1348822458961811,0.8466227787847704,0.0241298889204655,2.552544991947694,0.1137672328616856,1.6984851571883766
30.0,216.0,130.0700225830078,-0.021554109745988,1.6120439753754856,-2.4634945447088183,-2.1977249787071043,-1.1359977360920583,0.8464675320695966,0.0248784910245729,2.5535928169217965,0.114511753033331,1.699528858876211
30.0,216.0,130.06771850585938,-0.0212937730914956,1.6122709198500875,-2.464560585489906,-2.197786618314241,-1.1359934261997726,0.8459951570172819,0.0233432106041645,2.552007270481794,0.1121948788892302,1.694829161136428
30.0,216.0,130.07443237304688,-0.0224770635066126,1.6111596088206876,-2.463781245870244,-2.19769535883418,-1.1370651329257655,0.8410306718418504,0.0236367815548195,2.5526557288238862,0.1114706581748021,1.6897554554535097
30.0,216.0,130.06890869140625,-0.0212881890609658,1.6125458798516892,-2.4634099963670835,-2.197925844601921,-1.1340910700361262,0.8462339293574737,0.0241778059007504,2.55280639675026,0.1133285428031655,1.6987931470447826
30.0,216.0,189.8350372314453,-0.1826832746806023,1.2246924260983767,-3.051692949797575,-2.5251921961081663,-1.2384936766473484,0.6872030904694896,-0.0825022686502461,2.5307295125858014,0.2549907431703788,2.0724364628185
30.0,216.0,130.07061767578125,-0.023172106139178,1.6100986851961476,-2.465180378854809,-2.1980779090085503,-1.1357025537305283,0.845075401449298,0.0228605381089993,2.5533608232514,0.1143132326260414,1.6990882288586593
30.0,216.0,130.06976318359375,-0.0233123747928915,1.6110185434494768,-2.4634650259175186,-2.197136602610484,-1.1350941481630124,0.8456268968675055,0.0236182074508308,2.553681570794508,0.1126803673194437,1.694475059610357
30.0,216.0,242.24465942382807,-0.6765068837044388,0.5731721926803546,-3.182363211629109,-3.115613068305457,-2.833970604240305,0.5175124438082294,-0.1119189164304249,2.549271617641784,0.2717736279602655,1.804321352114272
30.0,216.0,210.119873046875,-0.7610068930568665,0.5642124147423887,-3.726421416211226,-2.7995431788777383,-1.3708891968054873,0.679066308131347,0.0234932080174868,2.5843400721228726,0.297657964549431,2.1950618999519365
30.0,216.0,130.0760040283203,-0.019903550352194,1.6104409729054665,-2.464551236300905,-2.1953348258348737,-1.1346344989603023,0.847054281527971,0.0233578179807977,2.5522416589780663,0.1131096775004814,1.700380244010325
30.0,216.0,130.06765747070312,-0.0211165446055682,1.6116653573497872,-2.464568284631722,-2.197522486989414,-1.134876841633991,0.8434866999921165,0.0230788849499952,2.5519495709868663,0.1117949214472717,1.6922518462395622
30.0,216.0,205.575927734375,-0.8160173862793221,0.5906195673798553,-3.5501247184478806,-2.9220737949502533,-1.5276746941164658,0.7254873283981647,-0.0189028447691116,2.5943872451814447,0.2168908645567235,1.9760531472632008
30.0,216.0,130.07054138183594,-0.0228613982450662,1.6106535870140104,-2.46529216109466,-2.1977322645155284,-1.1353608003125977,0.8459772623241528,0.025085218777136,2.5540052859971567,0.1145950872465189,1.6987431536885813
30.0,216.0,130.07000732421875,-0.0218009896820211,1.6111327740655406,-2.466101941041781,-2.198061334953045,-1.135079097728024,0.8461929037382279,0.0242347721563854,2.553043140829777,0.1142170199190972,1.6995089204840157
30.0,216.0,130.0685272216797,-0.0204231134899335,1.611062975327677,-2.4638418353752822,-2.197853100892334,-1.13495453788526,0.8463109056833199,0.0228377101233381,2.55097098540779,0.1115803319670587,1.6927739742543726
30.0,216.0,130.11245727539062,-0.0265078079401435,1.6118648909368969,-2.467935242031968,-2.197732494403817,-1.1370780826564355,0.8392948403833213,0.0230444367028147,2.551475345034477,0.1153372725535046,1.6936642176890784
30.0,216.0,130.07815551757812,-0.0209177352554327,1.6082751705444016,-2.464779755233256,-2.197901885208004,-1.1322841193514463,0.8464791321257116,0.0240108435918292,2.5530185843853563,0.1090878948098475,1.6901723751970366
30.0,216.0,130.06988525390625,-0.0239186560541447,1.6112328387700028,-2.464607752057477,-2.1983760548270537,-1.135946660804071,0.8455786425558565,0.024944817960014,2.5519653703984586,0.1121193428936892,1.6940196991939904
30.0,216.0,130.07627868652344,-0.0199152855721854,1.61382936432916,-2.4619207073135745,-2.1974391680795824,-1.1345695627830763,0.8486531931719119,0.0233146191908354,2.552145721206953,0.1124406432716579,1.6979525437899026
30.0,216.0,130.07257080078125,-0.0208185070742975,1.61292837477115,-2.463236006207125,-2.1974758840976234,-1.1365535608082524,0.8462612559066238,0.0234103037592838,2.5521602191498154,0.1144187218565288,1.6973519605862517
30.0,216.0,131.2361602783203,-0.0220692456970595,1.59744718855561,-2.4749331952861127,-2.242386412278529,-1.1309225678285506,0.8523441005269395,0.033251440959556,2.5580831916685187,0.1558555047697084,1.8390339515386167
30.0,217.0,130.07777404785156,-0.0210633450658421,1.612031123089811,-2.4635481182351016,-2.1970688438845816,-1.1308882571112864,0.845420503110919,0.0239786274880239,2.5511258818203024,0.1102655263727905,1.6822462060886918
30.0,217.0,130.13954162597656,-0.0237249489502391,1.6124955655545072,-2.468015169567684,-2.200304195895378,-1.129983255815611,0.8396108806111379,0.0230162765519069,2.554541720875544,0.1037588639554305,1.665443958879656
30.0,217.0,130.06622314453125,-0.0215047765635967,1.6103141379470471,-2.4644563913230293,-2.1975268082120163,-1.1351979501028242,0.8441357910788309,0.0234713560858831,2.552014667362936,0.1104533418979117,1.6899374807038992
30.0,217.0,205.40724182128903,-1.2471719392371754,0.7338063691250966,-3.6956164114227614,-2.6893020048638974,-1.4361633841990469,0.7509499775402746,-0.0265320376388999,2.5844589496606782,0.2214973721181175,2.0621365244733765
30.0,217.0,130.0667724609375,-0.0210229994384154,1.6115277940003625,-2.4636994765590394,-2.197314128726708,-1.135729157986956,0.8459351682963937,0.0236979502262292,2.550935983381516,0.108938641664473,1.6898821360743583
30.0,217.0,130.06910705566406,-0.0213117996944473,1.611532529519285,-2.463791151901713,-2.197820122880404,-1.1346716519594982,0.8463058061721773,0.0240051534121443,2.552954066988893,0.1131229916148561,1.6999650231385195
30.0,217.0,130.0719757080078,-0.0216279514907929,1.613175862314529,-2.464673949018924,-2.1976288599640443,-1.135169244917143,0.8460321354642121,0.0224084137768747,2.552981480253748,0.1107939746720398,1.6947533738863911
30.0,217.0,130.07101440429688,-0.0206675360796366,1.6110917394828816,-2.4653648702301383,-2.1966861054497384,-1.13478644915863,0.8421709275190044,0.0226396531073782,2.550843155525646,0.1102429563948596,1.6894734437040253
30.0,217.0,130.07180786132812,-0.0198385588222231,1.613399746182087,-2.462447093375754,-2.1980275329727466,-1.133904304055262,0.846753119792344,0.0232432009304832,2.55281013637525,0.1129654286504708,1.6988241965863846
30.0,217.0,217.80987548828125,-0.7399219093249991,0.6265199654248446,-3.3812386568411683,-3.115740592719888,-2.4970438835882924,0.4187495791001843,-0.1164287251613381,2.541142812644273,0.2703581298861386,2.0687642066891287
30.0,217.0,201.7044219970703,-0.6552952230338768,0.789537644755984,-3.131677153117997,-2.725862189701337,-1.327890814222953,0.7257755438118074,-0.0264966475501739,2.5879562114865826,0.2411740536822892,2.06908069814025
30.0,217.0,130.0678253173828,-0.021097000496736,1.6120671717205772,-2.4643632083414646,-2.197841767177915,-1.1356597626284062,0.8460760116263609,0.0238339705962724,2.552255005355281,0.1127903040248863,1.6971244983631155
30.0,217.0,130.0684814453125,-0.0210092410828998,1.6117904560236485,-2.462536880639236,-2.196906276081219,-1.1358953765699744,0.8444649807457459,0.0242434904857292,2.552799982203813,0.1116480754096299,1.694826688828618
30.0,217.0,130.07034301757812,-0.0228479545520258,1.6122101024300646,-2.4652085451802903,-2.197503779452388,-1.134216494331507,0.844398387090813,0.0236629968505511,2.5520579170057256,0.1103081039960498,1.6934119105333214
30.0,217.0,130.06813049316406,-0.0209872657799351,1.6118076608147454,-2.464060527807675,-2.1978212851664933,-1.1357048499321447,0.8462356784864852,0.024271298882535,2.552536940937736,0.1132846857357283,1.697018076554333
30.0,217.0,130.08216857910156,-0.0257587914159671,1.610558991664121,-2.4643000932343826,-2.198095761917553,-1.1331872128695446,0.8475819289434379,0.0273743082842861,2.55583922488324,0.1143184554415994,1.699544666362954
30.0,217.0,220.53668212890625,-1.2171966783311097,0.4756538204269566,-3.473961005955754,-3.088961056374514,-1.704597891261704,0.4920041034137272,-0.0918239354140258,2.562499878329205,0.3992523830963432,2.654374933471221
30.0,217.0,130.06814575195312,-0.0200322682624095,1.6107342610153634,-2.4642063611596887,-2.19739676520487,-1.1347860460043175,0.8447477831782229,0.0230102408115219,2.5519500640645973,0.1118560659324445,1.6920322339979168
30.0,217.0,130.06922912597656,-0.0218573590353466,1.6117526213023166,-2.465011597970059,-2.198449326674848,-1.1369897776302618,0.8458164809477701,0.0243905129687954,2.553403292715439,0.1116803792368941,1.694808741981898
30.0,217.0,130.06869506835938,-0.0220162762744968,1.6108456482637925,-2.4637801583037047,-2.197786673345628,-1.1357156722421764,0.8454566093694266,0.0241997122583173,2.5535064956134432,0.1108190624818382,1.6865722295345753
30.0,217.0,130.0736541748047,-0.0228352032049,1.6086930579334642,-2.466182677801568,-2.197712172117707,-1.133909450064813,0.8452636328445928,0.0250408881630927,2.553138383607169,0.1145435856715737,1.6995478767932992
30.0,217.0,130.0692901611328,-0.0203942656790777,1.6119663830322368,-2.4639858657702214,-2.197839879031834,-1.1339025559464286,0.846124412267191,0.0238077821854445,2.5530134643895543,0.1135540848143144,1.6996508312525616
30.0,217.0,138.2525634765625,-0.1182119059537932,1.564624944432117,-2.4221773036216807,-2.1707181764739127,-1.1318323139567688,0.7861040628751907,0.0573424283181829,2.543082395799774,0.1337466229555473,1.7125318354369463
30.0,217.0,130.07302856445312,-0.021601863709611,1.6090304802158366,-2.465433248617948,-2.197660870042485,-1.1335822255848234,0.8463874909612131,0.0253909823231447,2.5535066732437244,0.1144541623373936,1.6995347586002725
30.0,217.0,130.12106323242188,-0.0268418524415132,1.607971210081246,-2.4712624494244704,-2.199058154505161,-1.1332600567613618,0.8443475714739972,0.0232630546507814,2.5573724150402186,0.1239606100015764,1.7152180370041608
30.0,217.0,130.06871032714844,-0.0211337489530693,1.6122439209628705,-2.4634215243279773,-2.197652831198881,-1.1355963099635986,0.8437714039900439,0.0241329972215984,2.5534494556369283,0.1108581720932134,1.693034435563626
30.0,217.0,203.7299041748047,-1.4671963034076896,0.7718039591814964,-3.521820860113768,-2.7055890962796987,-1.3850800460590984,0.7492558679810841,0.0041742840984898,2.5864682179734686,0.2295821296873494,1.9406396168518183
30.0,217.0,240.0376892089844,-0.818985015422538,0.7325545795717203,-3.463958090524869,-3.1745869837099026,-1.9281247841715203,0.2058466922336207,-0.3766659363291286,2.6001316734345754,0.2265875295001577,2.1979228280822705
30.0,217.0,130.07009887695312,-0.0211579845671875,1.613019567469362,-2.4625777094231185,-2.196083293856256,-1.1348822458961811,0.8466227787847704,0.0241298889204655,2.552544991947694,0.1137672328616856,1.6984851571883766
30.0,217.0,130.0700225830078,-0.021554109745988,1.6120439753754856,-2.4634945447088183,-2.1977249787071043,-1.1359977360920583,0.8464675320695966,0.0248784910245729,2.5535928169217965,0.114511753033331,1.699528858876211
30.0,217.0,130.06771850585938,-0.0212937730914956,1.6122709198500875,-2.464560585489906,-2.197786618314241,-1.1359934261997726,0.8459951570172819,0.0233432106041645,2.552007270481794,0.1121948788892302,1.694829161136428
30.0,217.0,130.07070922851562,-0.0201398689985383,1.610512206446706,-2.4644399532509134,-2.197697612227844,-1.137689495195467,0.8427100595484748,0.02405475174093,2.552015682296453,0.110384509327404,1.689865729564849
30.0,217.0,130.06890869140625,-0.0212881890609658,1.6125458798516892,-2.4634099963670835,-2.197925844601921,-1.1340910700361262,0.8462339293574737,0.0241778059007504,2.55280639675026,0.1133285428031655,1.6987931470447826
30.0,217.0,189.8350372314453,-0.1826832746806023,1.2246924260983767,-3.051692949797575,-2.5251921961081663,-1.2384936766473484,0.6872030904694896,-0.0825022686502461,2.5307295125858014,0.2549907431703788,2.0724364628185
30.0,217.0,130.07061767578125,-0.023172106139178,1.6100986851961476,-2.465180378854809,-2.1980779090085503,-1.1357025537305283,0.845075401449298,0.0228605381089993,2.5533608232514,0.1143132326260414,1.6990882288586593
30.0,217.0,130.06976318359375,-0.0233123747928915,1.6110185434494768,-2.4634650259175186,-2.197136602610484,-1.1350941481630124,0.8456268968675055,0.0236182074508308,2.553681570794508,0.1126803673194437,1.694475059610357
30.0,217.0,242.24465942382807,-0.6765068837044388,0.5731721926803546,-3.182363211629109,-3.115613068305457,-2.833970604240305,0.5175124438082294,-0.1119189164304249,2.549271617641784,0.2717736279602655,1.804321352114272
30.0,217.0,210.119873046875,-0.7610068930568665,0.5642124147423887,-3.726421416211226,-2.7995431788777383,-1.3708891968054873,0.679066308131347,0.0234932080174868,2.5843400721228726,0.297657964549431,2.1950618999519365
30.0,217.0,130.0760040283203,-0.019903550352194,1.6104409729054665,-2.464551236300905,-2.1953348258348737,-1.1346344989603023,0.847054281527971,0.0233578179807977,2.5522416589780663,0.1131096775004814,1.700380244010325
30.0,217.0,130.06765747070312,-0.0211165446055682,1.6116653573497872,-2.464568284631722,-2.197522486989414,-1.134876841633991,0.8434866999921165,0.0230788849499952,2.5519495709868663,0.1117949214472717,1.6922518462395622
30.0,217.0,205.575927734375,-0.8160173862793221,0.5906195673798553,-3.5501247184478806,-2.9220737949502533,-1.5276746941164658,0.7254873283981647,-0.0189028447691116,2.5943872451814447,0.2168908645567235,1.9760531472632008
30.0,217.0,130.07054138183594,-0.0228613982450662,1.6106535870140104,-2.46529216109466,-2.1977322645155284,-1.1353608003125977,0.8459772623241528,0.025085218777136,2.5540052859971567,0.1145950872465189,1.6987431536885813
30.0,217.0,130.07000732421875,-0.0218009896820211,1.6111327740655406,-2.466101941041781,-2.198061334953045,-1.135079097728024,0.8461929037382279,0.0242347721563854,2.553043140829777,0.1142170199190972,1.6995089204840157
30.0,217.0,130.0685272216797,-0.0204231134899335,1.611062975327677,-2.4638418353752822,-2.197853100892334,-1.13495453788526,0.8463109056833199,0.0228377101233381,2.55097098540779,0.1115803319670587,1.6927739742543726
30.0,217.0,130.1062774658203,-0.0151232423239878,1.6113634108672104,-2.4641087283780934,-2.1953853378047508,-1.1409408557197862,0.8433284142567172,0.0248970799697636,2.5515249167132112,0.1112879982133574,1.693027721978159
30.0,217.0,130.07815551757812,-0.0209177352554327,1.6082751705444016,-2.464779755233256,-2.197901885208004,-1.1322841193514463,0.8464791321257116,0.0240108435918292,2.5530185843853563,0.1090878948098475,1.6901723751970366
30.0,217.0,130.06988525390625,-0.0239186560541447,1.6112328387700028,-2.464607752057477,-2.1983760548270537,-1.135946660804071,0.8455786425558565,0.024944817960014,2.5519653703984586,0.1121193428936892,1.6940196991939904
30.0,217.0,130.07627868652344,-0.0199152855721854,1.61382936432916,-2.4619207073135745,-2.1974391680795824,-1.1345695627830763,0.8486531931719119,0.0233146191908354,2.552145721206953,0.1124406432716579,1.6979525437899026
30.0,217.0,130.0699462890625,-0.021113298580184,1.6109773164321974,-2.4640575681453805,-2.1975183025961664,-1.1354901519480822,0.8451138062422067,0.0230846670415558,2.55052179779828,0.1095633994929689,1.693950648503397
30.0,217.0,131.2361602783203,-0.0220692456970595,1.59744718855561,-2.4749331952861127,-2.242386412278529,-1.1309225678285506,0.8523441005269395,0.033251440959556,2.5580831916685187,0.1558555047697084,1.8390339515386167
30.0,218.0,130.07110595703125,-0.0214103257201201,1.6116453336615573,-2.463541449949993,-2.197577737312951,-1.1373398296356867,0.8470521818206427,0.0237700465519534,2.55186472289212,0.1106094186811879,1.6876641906867766
30.0,218.0,130.08909606933594,-0.022254385717799,1.610538197121535,-2.461500693737648,-2.1964237122219488,-1.1286461996464692,0.8491687421820566,0.0205603502710916,2.5490515781154666,0.1042680857321669,1.672165709014676
30.0,218.0,130.06622314453125,-0.0215047765635967,1.6103141379470471,-2.4644563913230293,-2.1975268082120163,-1.1351979501028242,0.8441357910788309,0.0234713560858831,2.552014667362936,0.1104533418979117,1.6899374807038992
30.0,218.0,205.40724182128903,-1.2471719392371754,0.7338063691250966,-3.6956164114227614,-2.6893020048638974,-1.4361633841990469,0.7509499775402746,-0.0265320376388999,2.5844589496606782,0.2214973721181175,2.0621365244733765
30.0,218.0,130.0667724609375,-0.0210229994384154,1.6115277940003625,-2.4636994765590394,-2.197314128726708,-1.135729157986956,0.8459351682963937,0.0236979502262292,2.550935983381516,0.108938641664473,1.6898821360743583
30.0,218.0,130.06910705566406,-0.0213117996944473,1.611532529519285,-2.463791151901713,-2.197820122880404,-1.1346716519594982,0.8463058061721773,0.0240051534121443,2.552954066988893,0.1131229916148561,1.6999650231385195
30.0,218.0,130.0719757080078,-0.0216279514907929,1.613175862314529,-2.464673949018924,-2.1976288599640443,-1.135169244917143,0.8460321354642121,0.0224084137768747,2.552981480253748,0.1107939746720398,1.6947533738863911
30.0,218.0,130.06802368164062,-0.0217361636382946,1.6104567351711951,-2.465960181987198,-2.197306229038315,-1.1350067949389473,0.8466729006608931,0.0234871611601525,2.551282904441158,0.110552573372385,1.6900945212900282
30.0,218.0,130.07180786132812,-0.0198385588222231,1.613399746182087,-2.462447093375754,-2.1980275329727466,-1.133904304055262,0.846753119792344,0.0232432009304832,2.55281013637525,0.1129654286504708,1.6988241965863846
30.0,218.0,217.80987548828125,-0.7399219093249991,0.6265199654248446,-3.3812386568411683,-3.115740592719888,-2.4970438835882924,0.4187495791001843,-0.1164287251613381,2.541142812644273,0.2703581298861386,2.0687642066891287
30.0,218.0,201.7044219970703,-0.6552952230338768,0.789537644755984,-3.131677153117997,-2.725862189701337,-1.327890814222953,0.7257755438118074,-0.0264966475501739,2.5879562114865826,0.2411740536822892,2.06908069814025
30.0,218.0,130.0678253173828,-0.021097000496736,1.6120671717205772,-2.4643632083414646,-2.197841767177915,-1.1356597626284062,0.8460760116263609,0.0238339705962724,2.552255005355281,0.1127903040248863,1.6971244983631155
30.0,218.0,130.0684814453125,-0.0210092410828998,1.6117904560236485,-2.462536880639236,-2.196906276081219,-1.1358953765699744,0.8444649807457459,0.0242434904857292,2.552799982203813,0.1116480754096299,1.694826688828618
30.0,218.0,130.07009887695312,-0.0238568931898022,1.611035127355415,-2.464444042702956,-2.1975131143024065,-1.1351405728434674,0.8479356865384299,0.023695267857063,2.551522736282275,0.1087005644437627,1.6864251276905804
30.0,218.0,130.06813049316406,-0.0209872657799351,1.6118076608147454,-2.464060527807675,-2.1978212851664933,-1.1357048499321447,0.8462356784864852,0.024271298882535,2.552536940937736,0.1132846857357283,1.697018076554333
30.0,218.0,130.08216857910156,-0.0257587914159671,1.610558991664121,-2.4643000932343826,-2.198095761917553,-1.1331872128695446,0.8475819289434379,0.0273743082842861,2.55583922488324,0.1143184554415994,1.699544666362954
30.0,218.0,220.53668212890625,-1.2171966783311097,0.4756538204269566,-3.473961005955754,-3.088961056374514,-1.704597891261704,0.4920041034137272,-0.0918239354140258,2.562499878329205,0.3992523830963432,2.654374933471221
30.0,218.0,130.06814575195312,-0.0200322682624095,1.6107342610153634,-2.4642063611596887,-2.19739676520487,-1.1347860460043175,0.8447477831782229,0.0230102408115219,2.5519500640645973,0.1118560659324445,1.6920322339979168
30.0,218.0,130.06922912597656,-0.0218573590353466,1.6117526213023166,-2.465011597970059,-2.198449326674848,-1.1369897776302618,0.8458164809477701,0.0243905129687954,2.553403292715439,0.1116803792368941,1.694808741981898
30.0,218.0,130.06869506835938,-0.0220162762744968,1.6108456482637925,-2.4637801583037047,-2.197786673345628,-1.1357156722421764,0.8454566093694266,0.0241997122583173,2.5535064956134432,0.1108190624818382,1.6865722295345753
30.0,218.0,130.0736541748047,-0.0228352032049,1.6086930579334642,-2.466182677801568,-2.197712172117707,-1.133909450064813,0.8452636328445928,0.0250408881630927,2.553138383607169,0.1145435856715737,1.6995478767932992
30.0,218.0,130.0692901611328,-0.0203942656790777,1.6119663830322368,-2.4639858657702214,-2.197839879031834,-1.1339025559464286,0.846124412267191,0.0238077821854445,2.5530134643895543,0.1135540848143144,1.6996508312525616
30.0,218.0,133.92123413085938,-0.0681736227482585,1.6293506762734218,-2.4857110337086583,-2.17970213025474,-1.125153986785241,0.8581500809335713,0.0264883162349508,2.548022260727788,0.1567773757042407,1.697697363990042
30.0,218.0,130.07302856445312,-0.021601863709611,1.6090304802158366,-2.465433248617948,-2.197660870042485,-1.1335822255848234,0.8463874909612131,0.0253909823231447,2.5535066732437244,0.1144541623373936,1.6995347586002725
30.0,218.0,130.12106323242188,-0.0268418524415132,1.607971210081246,-2.4712624494244704,-2.199058154505161,-1.1332600567613618,0.8443475714739972,0.0232630546507814,2.5573724150402186,0.1239606100015764,1.7152180370041608
30.0,218.0,130.06871032714844,-0.0211337489530693,1.6122439209628705,-2.4634215243279773,-2.197652831198881,-1.1355963099635986,0.8437714039900439,0.0241329972215984,2.5534494556369283,0.1108581720932134,1.693034435563626
30.0,218.0,203.7299041748047,-1.4671963034076896,0.7718039591814964,-3.521820860113768,-2.7055890962796987,-1.3850800460590984,0.7492558679810841,0.0041742840984898,2.5864682179734686,0.2295821296873494,1.9406396168518183
30.0,218.0,240.0376892089844,-0.818985015422538,0.7325545795717203,-3.463958090524869,-3.1745869837099026,-1.9281247841715203,0.2058466922336207,-0.3766659363291286,2.6001316734345754,0.2265875295001577,2.1979228280822705
30.0,218.0,130.07009887695312,-0.0211579845671875,1.613019567469362,-2.4625777094231185,-2.196083293856256,-1.1348822458961811,0.8466227787847704,0.0241298889204655,2.552544991947694,0.1137672328616856,1.6984851571883766
30.0,218.0,130.0700225830078,-0.021554109745988,1.6120439753754856,-2.4634945447088183,-2.1977249787071043,-1.1359977360920583,0.8464675320695966,0.0248784910245729,2.5535928169217965,0.114511753033331,1.699528858876211
30.0,218.0,130.06771850585938,-0.0212937730914956,1.6122709198500875,-2.464560585489906,-2.197786618314241,-1.1359934261997726,0.8459951570172819,0.0233432106041645,2.552007270481794,0.1121948788892302,1.694829161136428
30.0,218.0,130.06578063964844,-0.0212879999388618,1.6105510053673844,-2.464488534719546,-2.197272555839896,-1.135763474717601,0.8445952402434519,0.0232643179459839,2.551649264836435,0.1104185259463369,1.6901741494212992
30.0,218.0,130.06890869140625,-0.0212881890609658,1.6125458798516892,-2.4634099963670835,-2.197925844601921,-1.1340910700361262,0.8462339293574737,0.0241778059007504,2.55280639675026,0.1133285428031655,1.6987931470447826
30.0,218.0,189.8350372314453,-0.1826832746806023,1.2246924260983767,-3.051692949797575,-2.5251921961081663,-1.2384936766473484,0.6872030904694896,-0.0825022686502461,2.5307295125858014,0.2549907431703788,2.0724364628185
30.0,218.0,130.07061767578125,-0.023172106139178,1.6100986851961476,-2.465180378854809,-2.1980779090085503,-1.1357025537305283,0.845075401449298,0.0228605381089993,2.5533608232514,0.1143132326260414,1.6990882288586593
30.0,218.0,130.06976318359375,-0.0233123747928915,1.6110185434494768,-2.4634650259175186,-2.197136602610484,-1.1350941481630124,0.8456268968675055,0.0236182074508308,2.553681570794508,0.1126803673194437,1.694475059610357
30.0,218.0,242.24465942382807,-0.6765068837044388,0.5731721926803546,-3.182363211629109,-3.115613068305457,-2.833970604240305,0.5175124438082294,-0.1119189164304249,2.549271617641784,0.2717736279602655,1.804321352114272
30.0,218.0,210.119873046875,-0.7610068930568665,0.5642124147423887,-3.726421416211226,-2.7995431788777383,-1.3708891968054873,0.679066308131347,0.0234932080174868,2.5843400721228726,0.297657964549431,2.1950618999519365
30.0,218.0,130.0760040283203,-0.019903550352194,1.6104409729054665,-2.464551236300905,-2.1953348258348737,-1.1346344989603023,0.847054281527971,0.0233578179807977,2.5522416589780663,0.1131096775004814,1.700380244010325
30.0,218.0,130.06765747070312,-0.0211165446055682,1.6116653573497872,-2.464568284631722,-2.197522486989414,-1.134876841633991,0.8434866999921165,0.0230788849499952,2.5519495709868663,0.1117949214472717,1.6922518462395622
30.0,218.0,205.575927734375,-0.8160173862793221,0.5906195673798553,-3.5501247184478806,-2.9220737949502533,-1.5276746941164658,0.7254873283981647,-0.0189028447691116,2.5943872451814447,0.2168908645567235,1.9760531472632008
30.0,218.0,130.07054138183594,-0.0228613982450662,1.6106535870140104,-2.46529216109466,-2.1977322645155284,-1.1353608003125977,0.8459772623241528,0.025085218777136,2.5540052859971567,0.1145950872465189,1.6987431536885813
30.0,218.0,130.07000732421875,-0.0218009896820211,1.6111327740655406,-2.466101941041781,-2.198061334953045,-1.135079097728024,0.8461929037382279,0.0242347721563854,2.553043140829777,0.1142170199190972,1.6995089204840157
30.0,218.0,130.0685272216797,-0.0204231134899335,1.611062975327677,-2.4638418353752822,-2.197853100892334,-1.13495453788526,0.8463109056833199,0.0228377101233381,2.55097098540779,0.1115803319670587,1.6927739742543726
30.0,218.0,130.0960693359375,-0.016886842691008,1.6107065587130496,-2.463236858294497,-2.199537132242808,-1.1406703050990463,0.8468379561861042,0.0223339319084381,2.551730202472623,0.1095839688494801,1.6903181152097648
30.0,218.0,130.07815551757812,-0.0209177352554327,1.6082751705444016,-2.464779755233256,-2.197901885208004,-1.1322841193514463,0.8464791321257116,0.0240108435918292,2.5530185843853563,0.1090878948098475,1.6901723751970366
30.0,218.0,130.06988525390625,-0.0239186560541447,1.6112328387700028,-2.464607752057477,-2.1983760548270537,-1.135946660804071,0.8455786425558565,0.024944817960014,2.5519653703984586,0.1121193428936892,1.6940196991939904
30.0,218.0,130.07627868652344,-0.0199152855721854,1.61382936432916,-2.4619207073135745,-2.1974391680795824,-1.1345695627830763,0.8486531931719119,0.0233146191908354,2.552145721206953,0.1124406432716579,1.6979525437899026
30.0,218.0,130.0699462890625,-0.021113298580184,1.6109773164321974,-2.4640575681453805,-2.1975183025961664,-1.1354901519480822,0.8451138062422067,0.0230846670415558,2.55052179779828,0.1095633994929689,1.693950648503397
30.0,218.0,131.2361602783203,-0.0220692456970595,1.59744718855561,-2.4749331952861127,-2.242386412278529,-1.1309225678285506,0.8523441005269395,0.033251440959556,2.5580831916685187,0.1558555047697084,1.8390339515386167
30.0,219.0,130.07110595703125,-0.0214103257201201,1.6116453336615573,-2.463541449949993,-2.197577737312951,-1.1373398296356867,0.8470521818206427,0.0237700465519534,2.55186472289212,0.1106094186811879,1.6876641906867766
30.0,219.0,130.08909606933594,-0.022254385717799,1.610538197121535,-2.461500693737648,-2.1964237122219488,-1.1286461996464692,0.8491687421820566,0.0205603502710916,2.5490515781154666,0.1042680857321669,1.672165709014676
30.0,219.0,130.06622314453125,-0.0215047765635967,1.6103141379470471,-2.4644563913230293,-2.1975268082120163,-1.1351979501028242,0.8441357910788309,0.0234713560858831,2.552014667362936,0.1104533418979117,1.6899374807038992
30.0,219.0,205.40724182128903,-1.2471719392371754,0.7338063691250966,-3.6956164114227614,-2.6893020048638974,-1.4361633841990469,0.7509499775402746,-0.0265320376388999,2.5844589496606782,0.2214973721181175,2.0621365244733765
30.0,219.0,130.0667724609375,-0.0210229994384154,1.6115277940003625,-2.4636994765590394,-2.197314128726708,-1.135729157986956,0.8459351682963937,0.0236979502262292,2.550935983381516,0.108938641664473,1.6898821360743583
30.0,219.0,130.06910705566406,-0.0213117996944473,1.611532529519285,-2.463791151901713,-2.197820122880404,-1.1346716519594982,0.8463058061721773,0.0240051534121443,2.552954066988893,0.1131229916148561,1.6999650231385195
30.0,219.0,130.0719757080078,-0.0216279514907929,1.613175862314529,-2.464673949018924,-2.1976288599640443,-1.135169244917143,0.8460321354642121,0.0224084137768747,2.552981480253748,0.1107939746720398,1.6947533738863911
30.0,219.0,130.06802368164062,-0.0217361636382946,1.6104567351711951,-2.465960181987198,-2.197306229038315,-1.1350067949389473,0.8466729006608931,0.0234871611601525,2.551282904441158,0.110552573372385,1.6900945212900282
30.0,219.0,130.07180786132812,-0.0198385588222231,1.613399746182087,-2.462447093375754,-2.1980275329727466,-1.133904304055262,0.846753119792344,0.0232432009304832,2.55281013637525,0.1129654286504708,1.6988241965863846
30.0,219.0,217.80987548828125,-0.7399219093249991,0.6265199654248446,-3.3812386568411683,-3.115740592719888,-2.4970438835882924,0.4187495791001843,-0.1164287251613381,2.541142812644273,0.2703581298861386,2.0687642066891287
30.0,219.0,201.7044219970703,-0.6552952230338768,0.789537644755984,-3.131677153117997,-2.725862189701337,-1.327890814222953,0.7257755438118074,-0.0264966475501739,2.5879562114865826,0.2411740536822892,2.06908069814025
30.0,219.0,130.0678253173828,-0.021097000496736,1.6120671717205772,-2.4643632083414646,-2.197841767177915,-1.1356597626284062,0.8460760116263609,0.0238339705962724,2.552255005355281,0.1127903040248863,1.6971244983631155
30.0,219.0,130.0684814453125,-0.0210092410828998,1.6117904560236485,-2.462536880639236,-2.196906276081219,-1.1358953765699744,0.8444649807457459,0.0242434904857292,2.552799982203813,0.1116480754096299,1.694826688828618
30.0,219.0,130.07009887695312,-0.0238568931898022,1.611035127355415,-2.464444042702956,-2.1975131143024065,-1.1351405728434674,0.8479356865384299,0.023695267857063,2.551522736282275,0.1087005644437627,1.6864251276905804
30.0,219.0,130.06813049316406,-0.0209872657799351,1.6118076608147454,-2.464060527807675,-2.1978212851664933,-1.1357048499321447,0.8462356784864852,0.024271298882535,2.552536940937736,0.1132846857357283,1.697018076554333
30.0,219.0,130.08216857910156,-0.0257587914159671,1.610558991664121,-2.4643000932343826,-2.198095761917553,-1.1331872128695446,0.8475819289434379,0.0273743082842861,2.55583922488324,0.1143184554415994,1.699544666362954
30.0,219.0,220.53668212890625,-1.2171966783311097,0.4756538204269566,-3.473961005955754,-3.088961056374514,-1.704597891261704,0.4920041034137272,-0.0918239354140258,2.562499878329205,0.3992523830963432,2.654374933471221
30.0,219.0,130.06814575195312,-0.0200322682624095,1.6107342610153634,-2.4642063611596887,-2.19739676520487,-1.1347860460043175,0.8447477831782229,0.0230102408115219,2.5519500640645973,0.1118560659324445,1.6920322339979168
30.0,219.0,130.06922912597656,-0.0218573590353466,1.6117526213023166,-2.465011597970059,-2.198449326674848,-1.1369897776302618,0.8458164809477701,0.0243905129687954,2.553403292715439,0.1116803792368941,1.694808741981898
30.0,219.0,130.06869506835938,-0.0220162762744968,1.6108456482637925,-2.4637801583037047,-2.197786673345628,-1.1357156722421764,0.8454566093694266,0.0241997122583173,2.5535064956134432,0.1108190624818382,1.6865722295345753
30.0,219.0,130.07362365722656,-0.0221264268818857,1.609570807408197,-2.4670073715770027,-2.1973131813858777,-1.1372281276135567,0.8450514408191019,0.0242108911469233,2.550496869279125,0.1109848787753866,1.6889622050702726
30.0,219.0,130.0692901611328,-0.0203942656790777,1.6119663830322368,-2.4639858657702214,-2.197839879031834,-1.1339025559464286,0.846124412267191,0.0238077821854445,2.5530134643895543,0.1135540848143144,1.6996508312525616
30.0,219.0,133.92123413085938,-0.0681736227482585,1.6293506762734218,-2.4857110337086583,-2.17970213025474,-1.125153986785241,0.8581500809335713,0.0264883162349508,2.548022260727788,0.1567773757042407,1.697697363990042
30.0,219.0,130.07302856445312,-0.021601863709611,1.6090304802158366,-2.465433248617948,-2.197660870042485,-1.1335822255848234,0.8463874909612131,0.0253909823231447,2.5535066732437244,0.1144541623373936,1.6995347586002725
30.0,219.0,130.12106323242188,-0.0268418524415132,1.607971210081246,-2.4712624494244704,-2.199058154505161,-1.1332600567613618,0.8443475714739972,0.0232630546507814,2.5573724150402186,0.1239606100015764,1.7152180370041608
30.0,219.0,130.06871032714844,-0.0211337489530693,1.6122439209628705,-2.4634215243279773,-2.197652831198881,-1.1355963099635986,0.8437714039900439,0.0241329972215984,2.5534494556369283,0.1108581720932134,1.693034435563626
30.0,219.0,203.7299041748047,-1.4671963034076896,0.7718039591814964,-3.521820860113768,-2.7055890962796987,-1.3850800460590984,0.7492558679810841,0.0041742840984898,2.5864682179734686,0.2295821296873494,1.9406396168518183
30.0,219.0,240.0376892089844,-0.818985015422538,0.7325545795717203,-3.463958090524869,-3.1745869837099026,-1.9281247841715203,0.2058466922336207,-0.3766659363291286,2.6001316734345754,0.2265875295001577,2.1979228280822705
30.0,219.0,130.07009887695312,-0.0211579845671875,1.613019567469362,-2.4625777094231185,-2.196083293856256,-1.1348822458961811,0.8466227787847704,0.0241298889204655,2.552544991947694,0.1137672328616856,1.6984851571883766
30.0,219.0,130.0700225830078,-0.021554109745988,1.6120439753754856,-2.4634945447088183,-2.1977249787071043,-1.1359977360920583,0.8464675320695966,0.0248784910245729,2.5535928169217965,0.114511753033331,1.699528858876211
30.0,219.0,130.06771850585938,-0.0212937730914956,1.6122709198500875,-2.464560585489906,-2.197786618314241,-1.1359934261997726,0.8459951570172819,0.0233432106041645,2.552007270481794,0.1121948788892302,1.694829161136428
30.0,219.0,130.06578063964844,-0.0212879999388618,1.6105510053673844,-2.464488534719546,-2.197272555839896,-1.135763474717601,0.8445952402434519,0.0232643179459839,2.551649264836435,0.1104185259463369,1.6901741494212992
30.0,219.0,130.06890869140625,-0.0212881890609658,1.6125458798516892,-2.4634099963670835,-2.197925844601921,-1.1340910700361262,0.8462339293574737,0.0241778059007504,2.55280639675026,0.1133285428031655,1.6987931470447826
30.0,219.0,189.8350372314453,-0.1826832746806023,1.2246924260983767,-3.051692949797575,-2.5251921961081663,-1.2384936766473484,0.6872030904694896,-0.0825022686502461,2.5307295125858014,0.2549907431703788,2.0724364628185
30.0,219.0,130.07061767578125,-0.023172106139178,1.6100986851961476,-2.465180378854809,-2.1980779090085503,-1.1357025537305283,0.845075401449298,0.0228605381089993,2.5533608232514,0.1143132326260414,1.6990882288586593
30.0,219.0,130.06976318359375,-0.0233123747928915,1.6110185434494768,-2.4634650259175186,-2.197136602610484,-1.1350941481630124,0.8456268968675055,0.0236182074508308,2.553681570794508,0.1126803673194437,1.694475059610357
30.0,219.0,242.24465942382807,-0.6765068837044388,0.5731721926803546,-3.182363211629109,-3.115613068305457,-2.833970604240305,0.5175124438082294,-0.1119189164304249,2.549271617641784,0.2717736279602655,1.804321352114272
30.0,219.0,210.119873046875,-0.7610068930568665,0.5642124147423887,-3.726421416211226,-2.7995431788777383,-1.3708891968054873,0.679066308131347,0.0234932080174868,2.5843400721228726,0.297657964549431,2.1950618999519365
30.0,219.0,130.0760040283203,-0.019903550352194,1.6104409729054665,-2.464551236300905,-2.1953348258348737,-1.1346344989603023,0.847054281527971,0.0233578179807977,2.5522416589780663,0.1131096775004814,1.700380244010325
30.0,219.0,130.06765747070312,-0.0211165446055682,1.6116653573497872,-2.464568284631722,-2.197522486989414,-1.134876841633991,0.8434866999921165,0.0230788849499952,2.5519495709868663,0.1117949214472717,1.6922518462395622
30.0,219.0,205.575927734375,-0.8160173862793221,0.5906195673798553,-3.5501247184478806,-2.9220737949502533,-1.5276746941164658,0.7254873283981647,-0.0189028447691116,2.5943872451814447,0.2168908645567235,1.9760531472632008
30.0,219.0,130.07054138183594,-0.0228613982450662,1.6106535870140104,-2.46529216109466,-2.1977322645155284,-1.1353608003125977,0.8459772623241528,0.025085218777136,2.5540052859971567,0.1145950872465189,1.6987431536885813
30.0,219.0,130.06723022460938,-0.0214250059569518,1.6108166448357413,-2.463517337352988,-2.1973986024539034,-1.1358303852458065,0.8446426572564595,0.0229260213550908,2.5514062605839194,0.1117116674729564,1.693372237349973
30.0,219.0,130.0685272216797,-0.0204231134899335,1.611062975327677,-2.4638418353752822,-2.197853100892334,-1.13495453788526,0.8463109056833199,0.0228377101233381,2.55097098540779,0.1115803319670587,1.6927739742543726
30.0,219.0,130.07647705078125,-0.0246760737709552,1.6101862883707037,-2.4632493865679645,-2.1992365260267075,-1.1352516927732843,0.847649361973338,0.0225517783684634,2.5517038063302144,0.1091111045031813,1.689112572323769
30.0,219.0,130.07815551757812,-0.0209177352554327,1.6082751705444016,-2.464779755233256,-2.197901885208004,-1.1322841193514463,0.8464791321257116,0.0240108435918292,2.5530185843853563,0.1090878948098475,1.6901723751970366
30.0,219.0,130.06988525390625,-0.0239186560541447,1.6112328387700028,-2.464607752057477,-2.1983760548270537,-1.135946660804071,0.8455786425558565,0.024944817960014,2.5519653703984586,0.1121193428936892,1.6940196991939904
30.0,219.0,130.07627868652344,-0.0199152855721854,1.61382936432916,-2.4619207073135745,-2.1974391680795824,-1.1345695627830763,0.8486531931719119,0.0233146191908354,2.552145721206953,0.1124406432716579,1.6979525437899026
30.0,219.0,130.06661987304688,-0.021537258003297,1.6124962349150798,-2.46467401814219,-2.197485012947532,-1.1361752267736382,0.8454596463472557,0.0230664039247261,2.551678850365574,0.1108026167825645,1.6891406258331296
30.0,219.0,131.2361602783203,-0.0220692456970595,1.59744718855561,-2.4749331952861127,-2.242386412278529,-1.1309225678285506,0.8523441005269395,0.033251440959556,2.5580831916685187,0.1558555047697084,1.8390339515386167
30.0,220.0,130.0693817138672,-0.0214188136526839,1.6108251105801676,-2.4648265158406693,-2.1975313740150435,-1.1374185275384605,0.8464433757804667,0.0238876303048228,2.5518286112725463,0.1095029274699639,1.6842668571662909
30.0,220.0,130.08909606933594,-0.022254385717799,1.610538197121535,-2.461500693737648,-2.1964237122219488,-1.1286461996464692,0.8491687421820566,0.0205603502710916,2.5490515781154666,0.1042680857321669,1.672165709014676
30.0,220.0,130.06622314453125,-0.0215047765635967,1.6103141379470471,-2.4644563913230293,-2.1975268082120163,-1.1351979501028242,0.8441357910788309,0.0234713560858831,2.552014667362936,0.1104533418979117,1.6899374807038992
30.0,220.0,205.40724182128903,-1.2471719392371754,0.7338063691250966,-3.6956164114227614,-2.6893020048638974,-1.4361633841990469,0.7509499775402746,-0.0265320376388999,2.5844589496606782,0.2214973721181175,2.0621365244733765
30.0,220.0,130.0667724609375,-0.0210229994384154,1.6115277940003625,-2.4636994765590394,-2.197314128726708,-1.135729157986956,0.8459351682963937,0.0236979502262292,2.550935983381516,0.108938641664473,1.6898821360743583
30.0,220.0,130.06910705566406,-0.0213117996944473,1.611532529519285,-2.463791151901713,-2.197820122880404,-1.1346716519594982,0.8463058061721773,0.0240051534121443,2.552954066988893,0.1131229916148561,1.6999650231385195
30.0,220.0,130.0719757080078,-0.0216279514907929,1.613175862314529,-2.464673949018924,-2.1976288599640443,-1.135169244917143,0.8460321354642121,0.0224084137768747,2.552981480253748,0.1107939746720398,1.6947533738863911
30.0,220.0,130.06802368164062,-0.0217361636382946,1.6104567351711951,-2.465960181987198,-2.197306229038315,-1.1350067949389473,0.8466729006608931,0.0234871611601525,2.551282904441158,0.110552573372385,1.6900945212900282
30.0,220.0,130.07180786132812,-0.0198385588222231,1.613399746182087,-2.462447093375754,-2.1980275329727466,-1.133904304055262,0.846753119792344,0.0232432009304832,2.55281013637525,0.1129654286504708,1.6988241965863846
30.0,220.0,217.80987548828125,-0.7399219093249991,0.6265199654248446,-3.3812386568411683,-3.115740592719888,-2.4970438835882924,0.4187495791001843,-0.1164287251613381,2.541142812644273,0.2703581298861386,2.0687642066891287
30.0,220.0,201.7044219970703,-0.6552952230338768,0.789537644755984,-3.131677153117997,-2.725862189701337,-1.327890814222953,0.7257755438118074,-0.0264966475501739,2.5879562114865826,0.2411740536822892,2.06908069814025
30.0,220.0,130.0678253173828,-0.021097000496736,1.6120671717205772,-2.4643632083414646,-2.197841767177915,-1.1356597626284062,0.8460760116263609,0.0238339705962724,2.552255005355281,0.1127903040248863,1.6971244983631155
30.0,220.0,130.0684814453125,-0.0210092410828998,1.6117904560236485,-2.462536880639236,-2.196906276081219,-1.1358953765699744,0.8444649807457459,0.0242434904857292,2.552799982203813,0.1116480754096299,1.694826688828618
30.0,220.0,130.0683135986328,-0.0224069905487874,1.6110519205510911,-2.4647126372488493,-2.197401379877486,-1.1359059139489636,0.8451292081146856,0.0233863543473163,2.551915847434149,0.1121246982241488,1.6903781156754076
30.0,220.0,130.06813049316406,-0.0209872657799351,1.6118076608147454,-2.464060527807675,-2.1978212851664933,-1.1357048499321447,0.8462356784864852,0.024271298882535,2.552536940937736,0.1132846857357283,1.697018076554333
30.0,220.0,130.08216857910156,-0.0257587914159671,1.610558991664121,-2.4643000932343826,-2.198095761917553,-1.1331872128695446,0.8475819289434379,0.0273743082842861,2.55583922488324,0.1143184554415994,1.699544666362954
30.0,220.0,220.53668212890625,-1.2171966783311097,0.4756538204269566,-3.473961005955754,-3.088961056374514,-1.704597891261704,0.4920041034137272,-0.0918239354140258,2.562499878329205,0.3992523830963432,2.654374933471221
30.0,220.0,130.06710815429688,-0.0216356572753738,1.6113359599722807,-2.464795362878066,-2.197340559535889,-1.1355860950771124,0.8445520972700554,0.0239611138640834,2.5522778045639463,0.1116669305108387,1.6948740319966664
30.0,220.0,130.06922912597656,-0.0218573590353466,1.6117526213023166,-2.465011597970059,-2.198449326674848,-1.1369897776302618,0.8458164809477701,0.0243905129687954,2.553403292715439,0.1116803792368941,1.694808741981898
30.0,220.0,130.06869506835938,-0.0220162762744968,1.6108456482637925,-2.4637801583037047,-2.197786673345628,-1.1357156722421764,0.8454566093694266,0.0241997122583173,2.5535064956134432,0.1108190624818382,1.6865722295345753
30.0,220.0,130.07362365722656,-0.0221264268818857,1.609570807408197,-2.4670073715770027,-2.1973131813858777,-1.1372281276135567,0.8450514408191019,0.0242108911469233,2.550496869279125,0.1109848787753866,1.6889622050702726
30.0,220.0,130.0692901611328,-0.0203942656790777,1.6119663830322368,-2.4639858657702214,-2.197839879031834,-1.1339025559464286,0.846124412267191,0.0238077821854445,2.5530134643895543,0.1135540848143144,1.6996508312525616
30.0,220.0,130.69923400878906,0.0017707376655216,1.6041991373475644,-2.4585183941452566,-2.187643938002274,-1.143815508508052,0.8462927368763093,0.0222791035389292,2.536943751635985,0.1058128453586785,1.704383905838708
30.0,220.0,130.07302856445312,-0.021601863709611,1.6090304802158366,-2.465433248617948,-2.197660870042485,-1.1335822255848234,0.8463874909612131,0.0253909823231447,2.5535066732437244,0.1144541623373936,1.6995347586002725
30.0,220.0,130.12106323242188,-0.0268418524415132,1.607971210081246,-2.4712624494244704,-2.199058154505161,-1.1332600567613618,0.8443475714739972,0.0232630546507814,2.5573724150402186,0.1239606100015764,1.7152180370041608
30.0,220.0,130.06871032714844,-0.0211337489530693,1.6122439209628705,-2.4634215243279773,-2.197652831198881,-1.1355963099635986,0.8437714039900439,0.0241329972215984,2.5534494556369283,0.1108581720932134,1.693034435563626
30.0,220.0,203.7299041748047,-1.4671963034076896,0.7718039591814964,-3.521820860113768,-2.7055890962796987,-1.3850800460590984,0.7492558679810841,0.0041742840984898,2.5864682179734686,0.2295821296873494,1.9406396168518183
30.0,220.0,240.0376892089844,-0.818985015422538,0.7325545795717203,-3.463958090524869,-3.1745869837099026,-1.9281247841715203,0.2058466922336207,-0.3766659363291286,2.6001316734345754,0.2265875295001577,2.1979228280822705
30.0,220.0,130.07009887695312,-0.0211579845671875,1.613019567469362,-2.4625777094231185,-2.196083293856256,-1.1348822458961811,0.8466227787847704,0.0241298889204655,2.552544991947694,0.1137672328616856,1.6984851571883766
30.0,220.0,130.0700225830078,-0.021554109745988,1.6120439753754856,-2.4634945447088183,-2.1977249787071043,-1.1359977360920583,0.8464675320695966,0.0248784910245729,2.5535928169217965,0.114511753033331,1.699528858876211
30.0,220.0,130.06771850585938,-0.0212937730914956,1.6122709198500875,-2.464560585489906,-2.197786618314241,-1.1359934261997726,0.8459951570172819,0.0233432106041645,2.552007270481794,0.1121948788892302,1.694829161136428
30.0,220.0,130.06578063964844,-0.0212879999388618,1.6105510053673844,-2.464488534719546,-2.197272555839896,-1.135763474717601,0.8445952402434519,0.0232643179459839,2.551649264836435,0.1104185259463369,1.6901741494212992
30.0,220.0,130.06890869140625,-0.0212881890609658,1.6125458798516892,-2.4634099963670835,-2.197925844601921,-1.1340910700361262,0.8462339293574737,0.0241778059007504,2.55280639675026,0.1133285428031655,1.6987931470447826
30.0,220.0,189.8350372314453,-0.1826832746806023,1.2246924260983767,-3.051692949797575,-2.5251921961081663,-1.2384936766473484,0.6872030904694896,-0.0825022686502461,2.5307295125858014,0.2549907431703788,2.0724364628185
30.0,220.0,130.07061767578125,-0.023172106139178,1.6100986851961476,-2.465180378854809,-2.1980779090085503,-1.1357025537305283,0.845075401449298,0.0228605381089993,2.5533608232514,0.1143132326260414,1.6990882288586593
30.0,220.0,130.06976318359375,-0.0233123747928915,1.6110185434494768,-2.4634650259175186,-2.197136602610484,-1.1350941481630124,0.8456268968675055,0.0236182074508308,2.553681570794508,0.1126803673194437,1.694475059610357
30.0,220.0,242.24465942382807,-0.6765068837044388,0.5731721926803546,-3.182363211629109,-3.115613068305457,-2.833970604240305,0.5175124438082294,-0.1119189164304249,2.549271617641784,0.2717736279602655,1.804321352114272
30.0,220.0,210.119873046875,-0.7610068930568665,0.5642124147423887,-3.726421416211226,-2.7995431788777383,-1.3708891968054873,0.679066308131347,0.0234932080174868,2.5843400721228726,0.297657964549431,2.1950618999519365
30.0,220.0,130.0760040283203,-0.019903550352194,1.6104409729054665,-2.464551236300905,-2.1953348258348737,-1.1346344989603023,0.847054281527971,0.0233578179807977,2.5522416589780663,0.1131096775004814,1.700380244010325
30.0,220.0,130.06765747070312,-0.0211165446055682,1.6116653573497872,-2.464568284631722,-2.197522486989414,-1.134876841633991,0.8434866999921165,0.0230788849499952,2.5519495709868663,0.1117949214472717,1.6922518462395622
30.0,220.0,205.575927734375,-0.8160173862793221,0.5906195673798553,-3.5501247184478806,-2.9220737949502533,-1.5276746941164658,0.7254873283981647,-0.0189028447691116,2.5943872451814447,0.2168908645567235,1.9760531472632008
30.0,220.0,130.0685577392578,-0.0214742158303651,1.6109467730324951,-2.466450835732017,-2.197638478228693,-1.1357987518552104,0.8442574004585071,0.0223736766245539,2.5515699654465136,0.1084902717013209,1.6786418349818408
30.0,220.0,130.06723022460938,-0.0214250059569518,1.6108166448357413,-2.463517337352988,-2.1973986024539034,-1.1358303852458065,0.8446426572564595,0.0229260213550908,2.5514062605839194,0.1117116674729564,1.693372237349973
30.0,220.0,130.0685272216797,-0.0204231134899335,1.611062975327677,-2.4638418353752822,-2.197853100892334,-1.13495453788526,0.8463109056833199,0.0228377101233381,2.55097098540779,0.1115803319670587,1.6927739742543726
30.0,220.0,130.07647705078125,-0.0246760737709552,1.6101862883707037,-2.4632493865679645,-2.1992365260267075,-1.1352516927732843,0.847649361973338,0.0225517783684634,2.5517038063302144,0.1091111045031813,1.689112572323769
30.0,220.0,130.07815551757812,-0.0209177352554327,1.6082751705444016,-2.464779755233256,-2.197901885208004,-1.1322841193514463,0.8464791321257116,0.0240108435918292,2.5530185843853563,0.1090878948098475,1.6901723751970366
30.0,220.0,130.06988525390625,-0.0239186560541447,1.6112328387700028,-2.464607752057477,-2.1983760548270537,-1.135946660804071,0.8455786425558565,0.024944817960014,2.5519653703984586,0.1121193428936892,1.6940196991939904
30.0,220.0,130.07627868652344,-0.0199152855721854,1.61382936432916,-2.4619207073135745,-2.1974391680795824,-1.1345695627830763,0.8486531931719119,0.0233146191908354,2.552145721206953,0.1124406432716579,1.6979525437899026
30.0,220.0,130.06661987304688,-0.021537258003297,1.6124962349150798,-2.46467401814219,-2.197485012947532,-1.1361752267736382,0.8454596463472557,0.0230664039247261,2.551678850365574,0.1108026167825645,1.6891406258331296
30.0,220.0,131.2361602783203,-0.0220692456970595,1.59744718855561,-2.4749331952861127,-2.242386412278529,-1.1309225678285506,0.8523441005269395,0.033251440959556,2.5580831916685187,0.1558555047697084,1.8390339515386167
30.0,221.0,130.0693817138672,-0.0214188136526839,1.6108251105801676,-2.4648265158406693,-2.1975313740150435,-1.1374185275384605,0.8464433757804667,0.0238876303048228,2.5518286112725463,0.1095029274699639,1.6842668571662909
30.0,221.0,130.08909606933594,-0.022254385717799,1.610538197121535,-2.461500693737648,-2.1964237122219488,-1.1286461996464692,0.8491687421820566,0.0205603502710916,2.5490515781154666,0.1042680857321669,1.672165709014676
30.0,221.0,130.06622314453125,-0.0215047765635967,1.6103141379470471,-2.4644563913230293,-2.1975268082120163,-1.1351979501028242,0.8441357910788309,0.0234713560858831,2.552014667362936,0.1104533418979117,1.6899374807038992
30.0,221.0,205.40724182128903,-1.2471719392371754,0.7338063691250966,-3.6956164114227614,-2.6893020048638974,-1.4361633841990469,0.7509499775402746,-0.0265320376388999,2.5844589496606782,0.2214973721181175,2.0621365244733765
30.0,221.0,130.0667724609375,-0.0210229994384154,1.6115277940003625,-2.4636994765590394,-2.197314128726708,-1.135729157986956,0.8459351682963937,0.0236979502262292,2.550935983381516,0.108938641664473,1.6898821360743583
30.0,221.0,130.06910705566406,-0.0213117996944473,1.611532529519285,-2.463791151901713,-2.197820122880404,-1.1346716519594982,0.8463058061721773,0.0240051534121443,2.552954066988893,0.1131229916148561,1.6999650231385195
30.0,221.0,130.0719757080078,-0.0216279514907929,1.613175862314529,-2.464673949018924,-2.1976288599640443,-1.135169244917143,0.8460321354642121,0.0224084137768747,2.552981480253748,0.1107939746720398,1.6947533738863911
30.0,221.0,130.06802368164062,-0.0217361636382946,1.6104567351711951,-2.465960181987198,-2.197306229038315,-1.1350067949389473,0.8466729006608931,0.0234871611601525,2.551282904441158,0.110552573372385,1.6900945212900282
30.0,221.0,130.07180786132812,-0.0198385588222231,1.613399746182087,-2.462447093375754,-2.1980275329727466,-1.133904304055262,0.846753119792344,0.0232432009304832,2.55281013637525,0.1129654286504708,1.6988241965863846
30.0,221.0,217.80987548828125,-0.7399219093249991,0.6265199654248446,-3.3812386568411683,-3.115740592719888,-2.4970438835882924,0.4187495791001843,-0.1164287251613381,2.541142812644273,0.2703581298861386,2.0687642066891287
30.0,221.0,201.7044219970703,-0.6552952230338768,0.789537644755984,-3.131677153117997,-2.725862189701337,-1.327890814222953,0.7257755438118074,-0.0264966475501739,2.5879562114865826,0.2411740536822892,2.06908069814025
30.0,221.0,130.0678253173828,-0.021097000496736,1.6120671717205772,-2.4643632083414646,-2.197841767177915,-1.1356597626284062,0.8460760116263609,0.0238339705962724,2.552255005355281,0.1127903040248863,1.6971244983631155
30.0,221.0,130.0684814453125,-0.0210092410828998,1.6117904560236485,-2.462536880639236,-2.196906276081219,-1.1358953765699744,0.8444649807457459,0.0242434904857292,2.552799982203813,0.1116480754096299,1.694826688828618
30.0,221.0,130.0675048828125,-0.0201519062813495,1.6113345888889243,-2.464502248186648,-2.197233170738312,-1.1355669811955038,0.8449845298457722,0.0234643574583225,2.551852889947172,0.1092914853730707,1.6909577076235438
30.0,221.0,130.06813049316406,-0.0209872657799351,1.6118076608147454,-2.464060527807675,-2.1978212851664933,-1.1357048499321447,0.8462356784864852,0.024271298882535,2.552536940937736,0.1132846857357283,1.697018076554333
30.0,221.0,130.08216857910156,-0.0257587914159671,1.610558991664121,-2.4643000932343826,-2.198095761917553,-1.1331872128695446,0.8475819289434379,0.0273743082842861,2.55583922488324,0.1143184554415994,1.699544666362954
30.0,221.0,220.53668212890625,-1.2171966783311097,0.4756538204269566,-3.473961005955754,-3.088961056374514,-1.704597891261704,0.4920041034137272,-0.0918239354140258,2.562499878329205,0.3992523830963432,2.654374933471221
30.0,221.0,130.06582641601562,-0.0217964133700762,1.61073356371079,-2.4646975462056195,-2.1973678124836447,-1.1355653088046775,0.8445189692787013,0.0243851207232991,2.5518286609802487,0.1100576809158476,1.6889306455270423
30.0,221.0,130.06922912597656,-0.0218573590353466,1.6117526213023166,-2.465011597970059,-2.198449326674848,-1.1369897776302618,0.8458164809477701,0.0243905129687954,2.553403292715439,0.1116803792368941,1.694808741981898
30.0,221.0,130.06869506835938,-0.0220162762744968,1.6108456482637925,-2.4637801583037047,-2.197786673345628,-1.1357156722421764,0.8454566093694266,0.0241997122583173,2.5535064956134432,0.1108190624818382,1.6865722295345753
30.0,221.0,130.07362365722656,-0.0221264268818857,1.609570807408197,-2.4670073715770027,-2.1973131813858777,-1.1372281276135567,0.8450514408191019,0.0242108911469233,2.550496869279125,0.1109848787753866,1.6889622050702726
30.0,221.0,130.0692901611328,-0.0203942656790777,1.6119663830322368,-2.4639858657702214,-2.197839879031834,-1.1339025559464286,0.846124412267191,0.0238077821854445,2.5530134643895543,0.1135540848143144,1.6996508312525616
30.0,221.0,130.69923400878906,0.0017707376655216,1.6041991373475644,-2.4585183941452566,-2.187643938002274,-1.143815508508052,0.8462927368763093,0.0222791035389292,2.536943751635985,0.1058128453586785,1.704383905838708
30.0,221.0,130.07302856445312,-0.021601863709611,1.6090304802158366,-2.465433248617948,-2.197660870042485,-1.1335822255848234,0.8463874909612131,0.0253909823231447,2.5535066732437244,0.1144541623373936,1.6995347586002725
30.0,221.0,130.12106323242188,-0.0268418524415132,1.607971210081246,-2.4712624494244704,-2.199058154505161,-1.1332600567613618,0.8443475714739972,0.0232630546507814,2.5573724150402186,0.1239606100015764,1.7152180370041608
30.0,221.0,130.06796264648438,-0.0211558815372585,1.6118393352369824,-2.463799290225049,-2.1974469749725416,-1.1349031060080792,0.8446006283470101,0.0242507869065778,2.552467899223659,0.1102627027691972,1.6934319682963517
30.0,221.0,203.7299041748047,-1.4671963034076896,0.7718039591814964,-3.521820860113768,-2.7055890962796987,-1.3850800460590984,0.7492558679810841,0.0041742840984898,2.5864682179734686,0.2295821296873494,1.9406396168518183
30.0,221.0,240.0376892089844,-0.818985015422538,0.7325545795717203,-3.463958090524869,-3.1745869837099026,-1.9281247841715203,0.2058466922336207,-0.3766659363291286,2.6001316734345754,0.2265875295001577,2.1979228280822705
30.0,221.0,130.07009887695312,-0.0211579845671875,1.613019567469362,-2.4625777094231185,-2.196083293856256,-1.1348822458961811,0.8466227787847704,0.0241298889204655,2.552544991947694,0.1137672328616856,1.6984851571883766
30.0,221.0,130.0700225830078,-0.021554109745988,1.6120439753754856,-2.4634945447088183,-2.1977249787071043,-1.1359977360920583,0.8464675320695966,0.0248784910245729,2.5535928169217965,0.114511753033331,1.699528858876211
30.0,221.0,130.06771850585938,-0.0212937730914956,1.6122709198500875,-2.464560585489906,-2.197786618314241,-1.1359934261997726,0.8459951570172819,0.0233432106041645,2.552007270481794,0.1121948788892302,1.694829161136428
30.0,221.0,130.06578063964844,-0.0212879999388618,1.6105510053673844,-2.464488534719546,-2.197272555839896,-1.135763474717601,0.8445952402434519,0.0232643179459839,2.551649264836435,0.1104185259463369,1.6901741494212992
30.0,221.0,130.06890869140625,-0.0212881890609658,1.6125458798516892,-2.4634099963670835,-2.197925844601921,-1.1340910700361262,0.8462339293574737,0.0241778059007504,2.55280639675026,0.1133285428031655,1.6987931470447826
30.0,221.0,189.8350372314453,-0.1826832746806023,1.2246924260983767,-3.051692949797575,-2.5251921961081663,-1.2384936766473484,0.6872030904694896,-0.0825022686502461,2.5307295125858014,0.2549907431703788,2.0724364628185
30.0,221.0,130.07061767578125,-0.023172106139178,1.6100986851961476,-2.465180378854809,-2.1980779090085503,-1.1357025537305283,0.845075401449298,0.0228605381089993,2.5533608232514,0.1143132326260414,1.6990882288586593
30.0,221.0,130.06976318359375,-0.0233123747928915,1.6110185434494768,-2.4634650259175186,-2.197136602610484,-1.1350941481630124,0.8456268968675055,0.0236182074508308,2.553681570794508,0.1126803673194437,1.694475059610357
30.0,221.0,242.24465942382807,-0.6765068837044388,0.5731721926803546,-3.182363211629109,-3.115613068305457,-2.833970604240305,0.5175124438082294,-0.1119189164304249,2.549271617641784,0.2717736279602655,1.804321352114272
30.0,221.0,210.119873046875,-0.7610068930568665,0.5642124147423887,-3.726421416211226,-2.7995431788777383,-1.3708891968054873,0.679066308131347,0.0234932080174868,2.5843400721228726,0.297657964549431,2.1950618999519365
30.0,221.0,130.0760040283203,-0.019903550352194,1.6104409729054665,-2.464551236300905,-2.1953348258348737,-1.1346344989603023,0.847054281527971,0.0233578179807977,2.5522416589780663,0.1131096775004814,1.700380244010325
30.0,221.0,130.06765747070312,-0.0211165446055682,1.6116653573497872,-2.464568284631722,-2.197522486989414,-1.134876841633991,0.8434866999921165,0.0230788849499952,2.5519495709868663,0.1117949214472717,1.6922518462395622
30.0,221.0,205.575927734375,-0.8160173862793221,0.5906195673798553,-3.5501247184478806,-2.9220737949502533,-1.5276746941164658,0.7254873283981647,-0.0189028447691116,2.5943872451814447,0.2168908645567235,1.9760531472632008
30.0,221.0,130.0685577392578,-0.0214742158303651,1.6109467730324951,-2.466450835732017,-2.197638478228693,-1.1357987518552104,0.8442574004585071,0.0223736766245539,2.5515699654465136,0.1084902717013209,1.6786418349818408
30.0,221.0,130.06723022460938,-0.0214250059569518,1.6108166448357413,-2.463517337352988,-2.1973986024539034,-1.1358303852458065,0.8446426572564595,0.0229260213550908,2.5514062605839194,0.1117116674729564,1.693372237349973
30.0,221.0,130.0685272216797,-0.0204231134899335,1.611062975327677,-2.4638418353752822,-2.197853100892334,-1.13495453788526,0.8463109056833199,0.0228377101233381,2.55097098540779,0.1115803319670587,1.6927739742543726
30.0,221.0,130.07211303710938,-0.0237363133152147,1.6100269873290012,-2.464435285065987,-2.1977394046133774,-1.1355825477958388,0.8440224684003664,0.0214159848603663,2.5516044616248488,0.1079144009780263,1.6893191622178845
30.0,221.0,130.07815551757812,-0.0209177352554327,1.6082751705444016,-2.464779755233256,-2.197901885208004,-1.1322841193514463,0.8464791321257116,0.0240108435918292,2.5530185843853563,0.1090878948098475,1.6901723751970366
30.0,221.0,130.06988525390625,-0.0239186560541447,1.6112328387700028,-2.464607752057477,-2.1983760548270537,-1.135946660804071,0.8455786425558565,0.024944817960014,2.5519653703984586,0.1121193428936892,1.6940196991939904
30.0,221.0,130.07627868652344,-0.0199152855721854,1.61382936432916,-2.4619207073135745,-2.1974391680795824,-1.1345695627830763,0.8486531931719119,0.0233146191908354,2.552145721206953,0.1124406432716579,1.6979525437899026
30.0,221.0,130.06600952148438,-0.0211178222070299,1.6103847759290266,-2.4644209921066222,-2.197451737189725,-1.1360195367760717,0.84494901713653,0.0235738133036352,2.551092969434705,0.1096924112457049,1.689501870068402
30.0,221.0,131.2361602783203,-0.0220692456970595,1.59744718855561,-2.4749331952861127,-2.242386412278529,-1.1309225678285506,0.8523441005269395,0.033251440959556,2.5580831916685187,0.1558555047697084,1.8390339515386167
30.0,222.0,130.0693817138672,-0.0214188136526839,1.6108251105801676,-2.4648265158406693,-2.1975313740150435,-1.1374185275384605,0.8464433757804667,0.0238876303048228,2.5518286112725463,0.1095029274699639,1.6842668571662909
30.0,222.0,130.08909606933594,-0.022254385717799,1.610538197121535,-2.461500693737648,-2.1964237122219488,-1.1286461996464692,0.8491687421820566,0.0205603502710916,2.5490515781154666,0.1042680857321669,1.672165709014676
30.0,222.0,130.06622314453125,-0.0215047765635967,1.6103141379470471,-2.4644563913230293,-2.1975268082120163,-1.1351979501028242,0.8441357910788309,0.0234713560858831,2.552014667362936,0.1104533418979117,1.6899374807038992
30.0,222.0,205.40724182128903,-1.2471719392371754,0.7338063691250966,-3.6956164114227614,-2.6893020048638974,-1.4361633841990469,0.7509499775402746,-0.0265320376388999,2.5844589496606782,0.2214973721181175,2.0621365244733765
30.0,222.0,130.0667724609375,-0.0210229994384154,1.6115277940003625,-2.4636994765590394,-2.197314128726708,-1.135729157986956,0.8459351682963937,0.0236979502262292,2.550935983381516,0.108938641664473,1.6898821360743583
30.0,222.0,130.06910705566406,-0.0213117996944473,1.611532529519285,-2.463791151901713,-2.197820122880404,-1.1346716519594982,0.8463058061721773,0.0240051534121443,2.552954066988893,0.1131229916148561,1.6999650231385195
30.0,222.0,130.0719757080078,-0.0216279514907929,1.613175862314529,-2.464673949018924,-2.1976288599640443,-1.135169244917143,0.8460321354642121,0.0224084137768747,2.552981480253748,0.1107939746720398,1.6947533738863911
30.0,222.0,130.06802368164062,-0.0217361636382946,1.6104567351711951,-2.465960181987198,-2.197306229038315,-1.1350067949389473,0.8466729006608931,0.0234871611601525,2.551282904441158,0.110552573372385,1.6900945212900282
30.0,222.0,130.07180786132812,-0.0198385588222231,1.613399746182087,-2.462447093375754,-2.1980275329727466,-1.133904304055262,0.846753119792344,0.0232432009304832,2.55281013637525,0.1129654286504708,1.6988241965863846
30.0,222.0,217.80987548828125,-0.7399219093249991,0.6265199654248446,-3.3812386568411683,-3.115740592719888,-2.4970438835882924,0.4187495791001843,-0.1164287251613381,2.541142812644273,0.2703581298861386,2.0687642066891287
30.0,222.0,201.7044219970703,-0.6552952230338768,0.789537644755984,-3.131677153117997,-2.725862189701337,-1.327890814222953,0.7257755438118074,-0.0264966475501739,2.5879562114865826,0.2411740536822892,2.06908069814025
30.0,222.0,130.0678253173828,-0.021097000496736,1.6120671717205772,-2.4643632083414646,-2.197841767177915,-1.1356597626284062,0.8460760116263609,0.0238339705962724,2.552255005355281,0.1127903040248863,1.6971244983631155
30.0,222.0,130.0684814453125,-0.0210092410828998,1.6117904560236485,-2.462536880639236,-2.196906276081219,-1.1358953765699744,0.8444649807457459,0.0242434904857292,2.552799982203813,0.1116480754096299,1.694826688828618
30.0,222.0,130.0675048828125,-0.0201519062813495,1.6113345888889243,-2.464502248186648,-2.197233170738312,-1.1355669811955038,0.8449845298457722,0.0234643574583225,2.551852889947172,0.1092914853730707,1.6909577076235438
30.0,222.0,130.06813049316406,-0.0209872657799351,1.6118076608147454,-2.464060527807675,-2.1978212851664933,-1.1357048499321447,0.8462356784864852,0.024271298882535,2.552536940937736,0.1132846857357283,1.697018076554333
30.0,222.0,130.08216857910156,-0.0257587914159671,1.610558991664121,-2.4643000932343826,-2.198095761917553,-1.1331872128695446,0.8475819289434379,0.0273743082842861,2.55583922488324,0.1143184554415994,1.699544666362954
30.0,222.0,220.53668212890625,-1.2171966783311097,0.4756538204269566,-3.473961005955754,-3.088961056374514,-1.704597891261704,0.4920041034137272,-0.0918239354140258,2.562499878329205,0.3992523830963432,2.654374933471221
30.0,222.0,130.06582641601562,-0.0217964133700762,1.61073356371079,-2.4646975462056195,-2.1973678124836447,-1.1355653088046775,0.8445189692787013,0.0243851207232991,2.5518286609802487,0.1100576809158476,1.6889306455270423
30.0,222.0,130.06922912597656,-0.0218573590353466,1.6117526213023166,-2.465011597970059,-2.198449326674848,-1.1369897776302618,0.8458164809477701,0.0243905129687954,2.553403292715439,0.1116803792368941,1.694808741981898
30.0,222.0,130.06869506835938,-0.0220162762744968,1.6108456482637925,-2.4637801583037047,-2.197786673345628,-1.1357156722421764,0.8454566093694266,0.0241997122583173,2.5535064956134432,0.1108190624818382,1.6865722295345753
30.0,222.0,130.07362365722656,-0.0221264268818857,1.609570807408197,-2.4670073715770027,-2.1973131813858777,-1.1372281276135567,0.8450514408191019,0.0242108911469233,2.550496869279125,0.1109848787753866,1.6889622050702726
30.0,222.0,130.0692901611328,-0.0203942656790777,1.6119663830322368,-2.4639858657702214,-2.197839879031834,-1.1339025559464286,0.846124412267191,0.0238077821854445,2.5530134643895543,0.1135540848143144,1.6996508312525616
30.0,222.0,130.33433532714844,-0.0269120939223497,1.6091371920139586,-2.471808953324586,-2.2152928861065395,-1.1278036157743647,0.8427280444765743,0.0229966165629524,2.5446859894083507,0.1096162663774491,1.7008347799558614
30.0,222.0,130.07302856445312,-0.021601863709611,1.6090304802158366,-2.465433248617948,-2.197660870042485,-1.1335822255848234,0.8463874909612131,0.0253909823231447,2.5535066732437244,0.1144541623373936,1.6995347586002725
30.0,222.0,130.12106323242188,-0.0268418524415132,1.607971210081246,-2.4712624494244704,-2.199058154505161,-1.1332600567613618,0.8443475714739972,0.0232630546507814,2.5573724150402186,0.1239606100015764,1.7152180370041608
30.0,222.0,130.06748962402344,-0.0213901956476523,1.612217360882051,-2.46452494130448,-2.197089172924408,-1.1359315885139074,0.844615934153686,0.0229655324781164,2.552697151703186,0.1100087084723797,1.6911656151634435
30.0,222.0,203.7299041748047,-1.4671963034076896,0.7718039591814964,-3.521820860113768,-2.7055890962796987,-1.3850800460590984,0.7492558679810841,0.0041742840984898,2.5864682179734686,0.2295821296873494,1.9406396168518183
30.0,222.0,240.0376892089844,-0.818985015422538,0.7325545795717203,-3.463958090524869,-3.1745869837099026,-1.9281247841715203,0.2058466922336207,-0.3766659363291286,2.6001316734345754,0.2265875295001577,2.1979228280822705
30.0,222.0,130.07009887695312,-0.0211579845671875,1.613019567469362,-2.4625777094231185,-2.196083293856256,-1.1348822458961811,0.8466227787847704,0.0241298889204655,2.552544991947694,0.1137672328616856,1.6984851571883766
30.0,222.0,130.0700225830078,-0.021554109745988,1.6120439753754856,-2.4634945447088183,-2.1977249787071043,-1.1359977360920583,0.8464675320695966,0.0248784910245729,2.5535928169217965,0.114511753033331,1.699528858876211
30.0,222.0,130.06771850585938,-0.0212937730914956,1.6122709198500875,-2.464560585489906,-2.197786618314241,-1.1359934261997726,0.8459951570172819,0.0233432106041645,2.552007270481794,0.1121948788892302,1.694829161136428
30.0,222.0,130.06578063964844,-0.0212879999388618,1.6105510053673844,-2.464488534719546,-2.197272555839896,-1.135763474717601,0.8445952402434519,0.0232643179459839,2.551649264836435,0.1104185259463369,1.6901741494212992
30.0,222.0,130.06890869140625,-0.0212881890609658,1.6125458798516892,-2.4634099963670835,-2.197925844601921,-1.1340910700361262,0.8462339293574737,0.0241778059007504,2.55280639675026,0.1133285428031655,1.6987931470447826
30.0,222.0,189.8350372314453,-0.1826832746806023,1.2246924260983767,-3.051692949797575,-2.5251921961081663,-1.2384936766473484,0.6872030904694896,-0.0825022686502461,2.5307295125858014,0.2549907431703788,2.0724364628185
30.0,222.0,130.07061767578125,-0.023172106139178,1.6100986851961476,-2.465180378854809,-2.1980779090085503,-1.1357025537305283,0.845075401449298,0.0228605381089993,2.5533608232514,0.1143132326260414,1.6990882288586593
30.0,222.0,130.06976318359375,-0.0233123747928915,1.6110185434494768,-2.4634650259175186,-2.197136602610484,-1.1350941481630124,0.8456268968675055,0.0236182074508308,2.553681570794508,0.1126803673194437,1.694475059610357
30.0,222.0,242.24465942382807,-0.6765068837044388,0.5731721926803546,-3.182363211629109,-3.115613068305457,-2.833970604240305,0.5175124438082294,-0.1119189164304249,2.549271617641784,0.2717736279602655,1.804321352114272
30.0,222.0,210.119873046875,-0.7610068930568665,0.5642124147423887,-3.726421416211226,-2.7995431788777383,-1.3708891968054873,0.679066308131347,0.0234932080174868,2.5843400721228726,0.297657964549431,2.1950618999519365
30.0,222.0,130.0760040283203,-0.019903550352194,1.6104409729054665,-2.464551236300905,-2.1953348258348737,-1.1346344989603023,0.847054281527971,0.0233578179807977,2.5522416589780663,0.1131096775004814,1.700380244010325
30.0,222.0,130.06765747070312,-0.0211165446055682,1.6116653573497872,-2.464568284631722,-2.197522486989414,-1.134876841633991,0.8434866999921165,0.0230788849499952,2.5519495709868663,0.1117949214472717,1.6922518462395622
30.0,222.0,205.575927734375,-0.8160173862793221,0.5906195673798553,-3.5501247184478806,-2.9220737949502533,-1.5276746941164658,0.7254873283981647,-0.0189028447691116,2.5943872451814447,0.2168908645567235,1.9760531472632008
30.0,222.0,130.0685577392578,-0.0214742158303651,1.6109467730324951,-2.466450835732017,-2.197638478228693,-1.1357987518552104,0.8442574004585071,0.0223736766245539,2.5515699654465136,0.1084902717013209,1.6786418349818408
30.0,222.0,130.06723022460938,-0.0214250059569518,1.6108166448357413,-2.463517337352988,-2.1973986024539034,-1.1358303852458065,0.8446426572564595,0.0229260213550908,2.5514062605839194,0.1117116674729564,1.693372237349973
30.0,222.0,130.0685272216797,-0.0204231134899335,1.611062975327677,-2.4638418353752822,-2.197853100892334,-1.13495453788526,0.8463109056833199,0.0228377101233381,2.55097098540779,0.1115803319670587,1.6927739742543726
30.0,222.0,130.07211303710938,-0.0237363133152147,1.6100269873290012,-2.464435285065987,-2.1977394046133774,-1.1355825477958388,0.8440224684003664,0.0214159848603663,2.5516044616248488,0.1079144009780263,1.6893191622178845
30.0,222.0,130.07737731933594,-0.0208634027643532,1.6082942096757835,-2.4643821642076267,-2.1974441778419886,-1.1323291382917289,0.8448899108887054,0.0229985782335799,2.5517586754078243,0.1113570021974384,1.6893177336618093
30.0,222.0,130.06988525390625,-0.0239186560541447,1.6112328387700028,-2.464607752057477,-2.1983760548270537,-1.135946660804071,0.8455786425558565,0.024944817960014,2.5519653703984586,0.1121193428936892,1.6940196991939904
30.0,222.0,130.07627868652344,-0.0199152855721854,1.61382936432916,-2.4619207073135745,-2.1974391680795824,-1.1345695627830763,0.8486531931719119,0.0233146191908354,2.552145721206953,0.1124406432716579,1.6979525437899026
30.0,222.0,130.06600952148438,-0.0211178222070299,1.6103847759290266,-2.4644209921066222,-2.197451737189725,-1.1360195367760717,0.84494901713653,0.0235738133036352,2.551092969434705,0.1096924112457049,1.689501870068402
30.0,222.0,131.2361602783203,-0.0220692456970595,1.59744718855561,-2.4749331952861127,-2.242386412278529,-1.1309225678285506,0.8523441005269395,0.033251440959556,2.5580831916685187,0.1558555047697084,1.8390339515386167
30.0,223.0,130.0693817138672,-0.0214188136526839,1.6108251105801676,-2.4648265158406693,-2.1975313740150435,-1.1374185275384605,0.8464433757804667,0.0238876303048228,2.5518286112725463,0.1095029274699639,1.6842668571662909
30.0,223.0,130.07945251464844,-0.0219495139362724,1.6110363896553623,-2.462314437119002,-2.196853495393005,-1.1364206902262566,0.8449022517751344,0.0216274147600022,2.5513290817110903,0.1084848483153909,1.6945280844017248
30.0,223.0,130.06622314453125,-0.0215047765635967,1.6103141379470471,-2.4644563913230293,-2.1975268082120163,-1.1351979501028242,0.8441357910788309,0.0234713560858831,2.552014667362936,0.1104533418979117,1.6899374807038992
30.0,223.0,205.40724182128903,-1.2471719392371754,0.7338063691250966,-3.6956164114227614,-2.6893020048638974,-1.4361633841990469,0.7509499775402746,-0.0265320376388999,2.5844589496606782,0.2214973721181175,2.0621365244733765
30.0,223.0,130.0667724609375,-0.0210229994384154,1.6115277940003625,-2.4636994765590394,-2.197314128726708,-1.135729157986956,0.8459351682963937,0.0236979502262292,2.550935983381516,0.108938641664473,1.6898821360743583
30.0,223.0,130.06910705566406,-0.0213117996944473,1.611532529519285,-2.463791151901713,-2.197820122880404,-1.1346716519594982,0.8463058061721773,0.0240051534121443,2.552954066988893,0.1131229916148561,1.6999650231385195
30.0,223.0,130.06558227539062,-0.0215143448869683,1.6117678202861356,-2.464599628459077,-2.197794555532236,-1.1350439273441644,0.8450378924875739,0.0240135901909859,2.552342626393427,0.1076843139039353,1.6849837033169524
30.0,223.0,130.06802368164062,-0.0217361636382946,1.6104567351711951,-2.465960181987198,-2.197306229038315,-1.1350067949389473,0.8466729006608931,0.0234871611601525,2.551282904441158,0.110552573372385,1.6900945212900282
30.0,223.0,130.07180786132812,-0.0198385588222231,1.613399746182087,-2.462447093375754,-2.1980275329727466,-1.133904304055262,0.846753119792344,0.0232432009304832,2.55281013637525,0.1129654286504708,1.6988241965863846
30.0,223.0,217.80987548828125,-0.7399219093249991,0.6265199654248446,-3.3812386568411683,-3.115740592719888,-2.4970438835882924,0.4187495791001843,-0.1164287251613381,2.541142812644273,0.2703581298861386,2.0687642066891287
30.0,223.0,201.7044219970703,-0.6552952230338768,0.789537644755984,-3.131677153117997,-2.725862189701337,-1.327890814222953,0.7257755438118074,-0.0264966475501739,2.5879562114865826,0.2411740536822892,2.06908069814025
30.0,223.0,130.0678253173828,-0.021097000496736,1.6120671717205772,-2.4643632083414646,-2.197841767177915,-1.1356597626284062,0.8460760116263609,0.0238339705962724,2.552255005355281,0.1127903040248863,1.6971244983631155
30.0,223.0,130.0684814453125,-0.0210092410828998,1.6117904560236485,-2.462536880639236,-2.196906276081219,-1.1358953765699744,0.8444649807457459,0.0242434904857292,2.552799982203813,0.1116480754096299,1.694826688828618
30.0,223.0,130.06515502929688,-0.0208844376273081,1.6112858540625414,-2.464581772798191,-2.197336757235223,-1.135540368248341,0.8449531759330385,0.0230652072253749,2.5516731232816645,0.1096096522795719,1.6893264933658567
30.0,223.0,130.06813049316406,-0.0209872657799351,1.6118076608147454,-2.464060527807675,-2.1978212851664933,-1.1357048499321447,0.8462356784864852,0.024271298882535,2.552536940937736,0.1132846857357283,1.697018076554333
30.0,223.0,130.08216857910156,-0.0257587914159671,1.610558991664121,-2.4643000932343826,-2.198095761917553,-1.1331872128695446,0.8475819289434379,0.0273743082842861,2.55583922488324,0.1143184554415994,1.699544666362954
30.0,223.0,199.5938262939453,-0.3949671811153431,1.3725048594858282,-2.72843495407217,-2.7040994429639387,-1.441179167723167,0.7895823063758505,-0.0331477205715259,2.565667895272836,0.3824653502322472,2.595553165719845
30.0,223.0,130.06582641601562,-0.0217964133700762,1.61073356371079,-2.4646975462056195,-2.1973678124836447,-1.1355653088046775,0.8445189692787013,0.0243851207232991,2.5518286609802487,0.1100576809158476,1.6889306455270423
30.0,223.0,130.06922912597656,-0.0218573590353466,1.6117526213023166,-2.465011597970059,-2.198449326674848,-1.1369897776302618,0.8458164809477701,0.0243905129687954,2.553403292715439,0.1116803792368941,1.694808741981898
30.0,223.0,130.06869506835938,-0.0220162762744968,1.6108456482637925,-2.4637801583037047,-2.197786673345628,-1.1357156722421764,0.8454566093694266,0.0241997122583173,2.5535064956134432,0.1108190624818382,1.6865722295345753
30.0,223.0,130.07362365722656,-0.0221264268818857,1.609570807408197,-2.4670073715770027,-2.1973131813858777,-1.1372281276135567,0.8450514408191019,0.0242108911469233,2.550496869279125,0.1109848787753866,1.6889622050702726
30.0,223.0,130.0692901611328,-0.0203942656790777,1.6119663830322368,-2.4639858657702214,-2.197839879031834,-1.1339025559464286,0.846124412267191,0.0238077821854445,2.5530134643895543,0.1135540848143144,1.6996508312525616
30.0,223.0,130.20774841308594,-0.0344142466509275,1.6107523966774386,-2.4750905554940306,-2.194592113366949,-1.133133552801007,0.8448782326449406,0.0237176238186163,2.5542297248100043,0.1110613465447652,1.692880254395176
30.0,223.0,130.07302856445312,-0.021601863709611,1.6090304802158366,-2.465433248617948,-2.197660870042485,-1.1335822255848234,0.8463874909612131,0.0253909823231447,2.5535066732437244,0.1144541623373936,1.6995347586002725
30.0,223.0,130.12106323242188,-0.0268418524415132,1.607971210081246,-2.4712624494244704,-2.199058154505161,-1.1332600567613618,0.8443475714739972,0.0232630546507814,2.5573724150402186,0.1239606100015764,1.7152180370041608
30.0,223.0,130.06629943847656,-0.0213124441882509,1.6113967847085988,-2.464796917814005,-2.1972318564630027,-1.1360989055031907,0.8446159501046537,0.0227089603150982,2.5523024487526005,0.1102277121175102,1.6900468992371434
30.0,223.0,203.7299041748047,-1.4671963034076896,0.7718039591814964,-3.521820860113768,-2.7055890962796987,-1.3850800460590984,0.7492558679810841,0.0041742840984898,2.5864682179734686,0.2295821296873494,1.9406396168518183
30.0,223.0,240.0376892089844,-0.818985015422538,0.7325545795717203,-3.463958090524869,-3.1745869837099026,-1.9281247841715203,0.2058466922336207,-0.3766659363291286,2.6001316734345754,0.2265875295001577,2.1979228280822705
30.0,223.0,130.07009887695312,-0.0211579845671875,1.613019567469362,-2.4625777094231185,-2.196083293856256,-1.1348822458961811,0.8466227787847704,0.0241298889204655,2.552544991947694,0.1137672328616856,1.6984851571883766
30.0,223.0,130.0700225830078,-0.021554109745988,1.6120439753754856,-2.4634945447088183,-2.1977249787071043,-1.1359977360920583,0.8464675320695966,0.0248784910245729,2.5535928169217965,0.114511753033331,1.699528858876211
30.0,223.0,130.06771850585938,-0.0212937730914956,1.6122709198500875,-2.464560585489906,-2.197786618314241,-1.1359934261997726,0.8459951570172819,0.0233432106041645,2.552007270481794,0.1121948788892302,1.694829161136428
30.0,223.0,130.06578063964844,-0.0212879999388618,1.6105510053673844,-2.464488534719546,-2.197272555839896,-1.135763474717601,0.8445952402434519,0.0232643179459839,2.551649264836435,0.1104185259463369,1.6901741494212992
30.0,223.0,130.06890869140625,-0.0212881890609658,1.6125458798516892,-2.4634099963670835,-2.197925844601921,-1.1340910700361262,0.8462339293574737,0.0241778059007504,2.55280639675026,0.1133285428031655,1.6987931470447826
30.0,223.0,189.8350372314453,-0.1826832746806023,1.2246924260983767,-3.051692949797575,-2.5251921961081663,-1.2384936766473484,0.6872030904694896,-0.0825022686502461,2.5307295125858014,0.2549907431703788,2.0724364628185
30.0,223.0,130.07061767578125,-0.023172106139178,1.6100986851961476,-2.465180378854809,-2.1980779090085503,-1.1357025537305283,0.845075401449298,0.0228605381089993,2.5533608232514,0.1143132326260414,1.6990882288586593
30.0,223.0,130.06976318359375,-0.0233123747928915,1.6110185434494768,-2.4634650259175186,-2.197136602610484,-1.1350941481630124,0.8456268968675055,0.0236182074508308,2.553681570794508,0.1126803673194437,1.694475059610357
30.0,223.0,242.24465942382807,-0.6765068837044388,0.5731721926803546,-3.182363211629109,-3.115613068305457,-2.833970604240305,0.5175124438082294,-0.1119189164304249,2.549271617641784,0.2717736279602655,1.804321352114272
30.0,223.0,210.119873046875,-0.7610068930568665,0.5642124147423887,-3.726421416211226,-2.7995431788777383,-1.3708891968054873,0.679066308131347,0.0234932080174868,2.5843400721228726,0.297657964549431,2.1950618999519365
30.0,223.0,130.0760040283203,-0.019903550352194,1.6104409729054665,-2.464551236300905,-2.1953348258348737,-1.1346344989603023,0.847054281527971,0.0233578179807977,2.5522416589780663,0.1131096775004814,1.700380244010325
30.0,223.0,130.06765747070312,-0.0211165446055682,1.6116653573497872,-2.464568284631722,-2.197522486989414,-1.134876841633991,0.8434866999921165,0.0230788849499952,2.5519495709868663,0.1117949214472717,1.6922518462395622
30.0,223.0,205.575927734375,-0.8160173862793221,0.5906195673798553,-3.5501247184478806,-2.9220737949502533,-1.5276746941164658,0.7254873283981647,-0.0189028447691116,2.5943872451814447,0.2168908645567235,1.9760531472632008
30.0,223.0,130.0685577392578,-0.0214742158303651,1.6109467730324951,-2.466450835732017,-2.197638478228693,-1.1357987518552104,0.8442574004585071,0.0223736766245539,2.5515699654465136,0.1084902717013209,1.6786418349818408
30.0,223.0,130.06723022460938,-0.0214250059569518,1.6108166448357413,-2.463517337352988,-2.1973986024539034,-1.1358303852458065,0.8446426572564595,0.0229260213550908,2.5514062605839194,0.1117116674729564,1.693372237349973
30.0,223.0,130.0685272216797,-0.0204231134899335,1.611062975327677,-2.4638418353752822,-2.197853100892334,-1.13495453788526,0.8463109056833199,0.0228377101233381,2.55097098540779,0.1115803319670587,1.6927739742543726
30.0,223.0,130.07095336914062,-0.0219705126756215,1.6097446957802046,-2.4648895011354663,-2.197925500225618,-1.13368448213601,0.8449066417645824,0.0248502866791895,2.551557729442219,0.1081776935579627,1.688800814410715
30.0,223.0,130.07737731933594,-0.0208634027643532,1.6082942096757835,-2.4643821642076267,-2.1974441778419886,-1.1323291382917289,0.8448899108887054,0.0229985782335799,2.5517586754078243,0.1113570021974384,1.6893177336618093
30.0,223.0,130.06988525390625,-0.0239186560541447,1.6112328387700028,-2.464607752057477,-2.1983760548270537,-1.135946660804071,0.8455786425558565,0.024944817960014,2.5519653703984586,0.1121193428936892,1.6940196991939904
30.0,223.0,130.07627868652344,-0.0199152855721854,1.61382936432916,-2.4619207073135745,-2.1974391680795824,-1.1345695627830763,0.8486531931719119,0.0233146191908354,2.552145721206953,0.1124406432716579,1.6979525437899026
30.0,223.0,130.06600952148438,-0.0211178222070299,1.6103847759290266,-2.4644209921066222,-2.197451737189725,-1.1360195367760717,0.84494901713653,0.0235738133036352,2.551092969434705,0.1096924112457049,1.689501870068402
30.0,223.0,131.2361602783203,-0.0220692456970595,1.59744718855561,-2.4749331952861127,-2.242386412278529,-1.1309225678285506,0.8523441005269395,0.033251440959556,2.5580831916685187,0.1558555047697084,1.8390339515386167
30.0,224.0,130.0693817138672,-0.0214188136526839,1.6108251105801676,-2.4648265158406693,-2.1975313740150435,-1.1374185275384605,0.8464433757804667,0.0238876303048228,2.5518286112725463,0.1095029274699639,1.6842668571662909
30.0,224.0,130.070556640625,-0.0214262593799512,1.6118655457108817,-2.466162410380048,-2.197116952630536,-1.1356719726907278,0.844437736658446,0.0233743132685922,2.5519993567194987,0.1113334202081256,1.6871085227321747
30.0,224.0,130.06622314453125,-0.0215047765635967,1.6103141379470471,-2.4644563913230293,-2.1975268082120163,-1.1351979501028242,0.8441357910788309,0.0234713560858831,2.552014667362936,0.1104533418979117,1.6899374807038992
30.0,224.0,205.40724182128903,-1.2471719392371754,0.7338063691250966,-3.6956164114227614,-2.6893020048638974,-1.4361633841990469,0.7509499775402746,-0.0265320376388999,2.5844589496606782,0.2214973721181175,2.0621365244733765
30.0,224.0,130.0667724609375,-0.0210229994384154,1.6115277940003625,-2.4636994765590394,-2.197314128726708,-1.135729157986956,0.8459351682963937,0.0236979502262292,2.550935983381516,0.108938641664473,1.6898821360743583
30.0,224.0,130.06910705566406,-0.0213117996944473,1.611532529519285,-2.463791151901713,-2.197820122880404,-1.1346716519594982,0.8463058061721773,0.0240051534121443,2.552954066988893,0.1131229916148561,1.6999650231385195
30.0,224.0,130.06558227539062,-0.0215143448869683,1.6117678202861356,-2.464599628459077,-2.197794555532236,-1.1350439273441644,0.8450378924875739,0.0240135901909859,2.552342626393427,0.1076843139039353,1.6849837033169524
30.0,224.0,130.06802368164062,-0.0217361636382946,1.6104567351711951,-2.465960181987198,-2.197306229038315,-1.1350067949389473,0.8466729006608931,0.0234871611601525,2.551282904441158,0.110552573372385,1.6900945212900282
30.0,224.0,130.07180786132812,-0.0198385588222231,1.613399746182087,-2.462447093375754,-2.1980275329727466,-1.133904304055262,0.846753119792344,0.0232432009304832,2.55281013637525,0.1129654286504708,1.6988241965863846
30.0,224.0,217.80987548828125,-0.7399219093249991,0.6265199654248446,-3.3812386568411683,-3.115740592719888,-2.4970438835882924,0.4187495791001843,-0.1164287251613381,2.541142812644273,0.2703581298861386,2.0687642066891287
30.0,224.0,201.7044219970703,-0.6552952230338768,0.789537644755984,-3.131677153117997,-2.725862189701337,-1.327890814222953,0.7257755438118074,-0.0264966475501739,2.5879562114865826,0.2411740536822892,2.06908069814025
30.0,224.0,130.0678253173828,-0.021097000496736,1.6120671717205772,-2.4643632083414646,-2.197841767177915,-1.1356597626284062,0.8460760116263609,0.0238339705962724,2.552255005355281,0.1127903040248863,1.6971244983631155
30.0,224.0,130.0684814453125,-0.0210092410828998,1.6117904560236485,-2.462536880639236,-2.196906276081219,-1.1358953765699744,0.8444649807457459,0.0242434904857292,2.552799982203813,0.1116480754096299,1.694826688828618
30.0,224.0,130.06515502929688,-0.0208844376273081,1.6112858540625414,-2.464581772798191,-2.197336757235223,-1.135540368248341,0.8449531759330385,0.0230652072253749,2.5516731232816645,0.1096096522795719,1.6893264933658567
30.0,224.0,130.06382751464844,-0.0210768488679159,1.6115787991621522,-2.4645104577406944,-2.196788547789148,-1.1355815644650034,0.8447191841079633,0.0238637801295413,2.551499621966451,0.1068880356271441,1.6810068068410342
30.0,224.0,130.08216857910156,-0.0257587914159671,1.610558991664121,-2.4643000932343826,-2.198095761917553,-1.1331872128695446,0.8475819289434379,0.0273743082842861,2.55583922488324,0.1143184554415994,1.699544666362954
30.0,224.0,199.5938262939453,-0.3949671811153431,1.3725048594858282,-2.72843495407217,-2.7040994429639387,-1.441179167723167,0.7895823063758505,-0.0331477205715259,2.565667895272836,0.3824653502322472,2.595553165719845
30.0,224.0,130.06582641601562,-0.0217964133700762,1.61073356371079,-2.4646975462056195,-2.1973678124836447,-1.1355653088046775,0.8445189692787013,0.0243851207232991,2.5518286609802487,0.1100576809158476,1.6889306455270423
30.0,224.0,130.06922912597656,-0.0218573590353466,1.6117526213023166,-2.465011597970059,-2.198449326674848,-1.1369897776302618,0.8458164809477701,0.0243905129687954,2.553403292715439,0.1116803792368941,1.694808741981898
30.0,224.0,130.06869506835938,-0.0220162762744968,1.6108456482637925,-2.4637801583037047,-2.197786673345628,-1.1357156722421764,0.8454566093694266,0.0241997122583173,2.5535064956134432,0.1108190624818382,1.6865722295345753
30.0,224.0,130.07362365722656,-0.0221264268818857,1.609570807408197,-2.4670073715770027,-2.1973131813858777,-1.1372281276135567,0.8450514408191019,0.0242108911469233,2.550496869279125,0.1109848787753866,1.6889622050702726
30.0,224.0,130.0692901611328,-0.0203942656790777,1.6119663830322368,-2.4639858657702214,-2.197839879031834,-1.1339025559464286,0.846124412267191,0.0238077821854445,2.5530134643895543,0.1135540848143144,1.6996508312525616
30.0,224.0,130.20774841308594,-0.0344142466509275,1.6107523966774386,-2.4750905554940306,-2.194592113366949,-1.133133552801007,0.8448782326449406,0.0237176238186163,2.5542297248100043,0.1110613465447652,1.692880254395176
30.0,224.0,130.07302856445312,-0.021601863709611,1.6090304802158366,-2.465433248617948,-2.197660870042485,-1.1335822255848234,0.8463874909612131,0.0253909823231447,2.5535066732437244,0.1144541623373936,1.6995347586002725
30.0,224.0,130.12106323242188,-0.0268418524415132,1.607971210081246,-2.4712624494244704,-2.199058154505161,-1.1332600567613618,0.8443475714739972,0.0232630546507814,2.5573724150402186,0.1239606100015764,1.7152180370041608
30.0,224.0,130.06524658203125,-0.0211137806651843,1.6110109342300662,-2.46447314325604,-2.197478001105318,-1.1351332942197052,0.8447603919273498,0.0227566579576334,2.5519816483216635,0.1092873926796119,1.688166468480318
30.0,224.0,203.7299041748047,-1.4671963034076896,0.7718039591814964,-3.521820860113768,-2.7055890962796987,-1.3850800460590984,0.7492558679810841,0.0041742840984898,2.5864682179734686,0.2295821296873494,1.9406396168518183
30.0,224.0,240.0376892089844,-0.818985015422538,0.7325545795717203,-3.463958090524869,-3.1745869837099026,-1.9281247841715203,0.2058466922336207,-0.3766659363291286,2.6001316734345754,0.2265875295001577,2.1979228280822705
30.0,224.0,130.07009887695312,-0.0211579845671875,1.613019567469362,-2.4625777094231185,-2.196083293856256,-1.1348822458961811,0.8466227787847704,0.0241298889204655,2.552544991947694,0.1137672328616856,1.6984851571883766
30.0,224.0,130.0700225830078,-0.021554109745988,1.6120439753754856,-2.4634945447088183,-2.1977249787071043,-1.1359977360920583,0.8464675320695966,0.0248784910245729,2.5535928169217965,0.114511753033331,1.699528858876211
30.0,224.0,130.06771850585938,-0.0212937730914956,1.6122709198500875,-2.464560585489906,-2.197786618314241,-1.1359934261997726,0.8459951570172819,0.0233432106041645,2.552007270481794,0.1121948788892302,1.694829161136428
30.0,224.0,130.06578063964844,-0.0212879999388618,1.6105510053673844,-2.464488534719546,-2.197272555839896,-1.135763474717601,0.8445952402434519,0.0232643179459839,2.551649264836435,0.1104185259463369,1.6901741494212992
30.0,224.0,130.06890869140625,-0.0212881890609658,1.6125458798516892,-2.4634099963670835,-2.197925844601921,-1.1340910700361262,0.8462339293574737,0.0241778059007504,2.55280639675026,0.1133285428031655,1.6987931470447826
30.0,224.0,189.8350372314453,-0.1826832746806023,1.2246924260983767,-3.051692949797575,-2.5251921961081663,-1.2384936766473484,0.6872030904694896,-0.0825022686502461,2.5307295125858014,0.2549907431703788,2.0724364628185
30.0,224.0,130.07061767578125,-0.023172106139178,1.6100986851961476,-2.465180378854809,-2.1980779090085503,-1.1357025537305283,0.845075401449298,0.0228605381089993,2.5533608232514,0.1143132326260414,1.6990882288586593
30.0,224.0,130.06976318359375,-0.0233123747928915,1.6110185434494768,-2.4634650259175186,-2.197136602610484,-1.1350941481630124,0.8456268968675055,0.0236182074508308,2.553681570794508,0.1126803673194437,1.694475059610357
30.0,224.0,242.24465942382807,-0.6765068837044388,0.5731721926803546,-3.182363211629109,-3.115613068305457,-2.833970604240305,0.5175124438082294,-0.1119189164304249,2.549271617641784,0.2717736279602655,1.804321352114272
30.0,224.0,210.119873046875,-0.7610068930568665,0.5642124147423887,-3.726421416211226,-2.7995431788777383,-1.3708891968054873,0.679066308131347,0.0234932080174868,2.5843400721228726,0.297657964549431,2.1950618999519365
30.0,224.0,130.0760040283203,-0.019903550352194,1.6104409729054665,-2.464551236300905,-2.1953348258348737,-1.1346344989603023,0.847054281527971,0.0233578179807977,2.5522416589780663,0.1131096775004814,1.700380244010325
30.0,224.0,130.06765747070312,-0.0211165446055682,1.6116653573497872,-2.464568284631722,-2.197522486989414,-1.134876841633991,0.8434866999921165,0.0230788849499952,2.5519495709868663,0.1117949214472717,1.6922518462395622
30.0,224.0,205.575927734375,-0.8160173862793221,0.5906195673798553,-3.5501247184478806,-2.9220737949502533,-1.5276746941164658,0.7254873283981647,-0.0189028447691116,2.5943872451814447,0.2168908645567235,1.9760531472632008
30.0,224.0,130.0685577392578,-0.0214742158303651,1.6109467730324951,-2.466450835732017,-2.197638478228693,-1.1357987518552104,0.8442574004585071,0.0223736766245539,2.5515699654465136,0.1084902717013209,1.6786418349818408
30.0,224.0,130.06466674804688,-0.0209194589950614,1.6116583231220225,-2.46399468824712,-2.1972486252369725,-1.1356833615447135,0.8447370341636652,0.0229047199018492,2.551469411288241,0.1099954390485605,1.6887180164364732
30.0,224.0,130.0685272216797,-0.0204231134899335,1.611062975327677,-2.4638418353752822,-2.197853100892334,-1.13495453788526,0.8463109056833199,0.0228377101233381,2.55097098540779,0.1115803319670587,1.6927739742543726
30.0,224.0,130.07012939453125,-0.0218813701287415,1.61256240728595,-2.465066039265975,-2.1976055772967853,-1.1327393584176664,0.8450978757911489,0.0221092939229197,2.5515636923814946,0.1093612645137364,1.6885208465777428
30.0,224.0,130.07737731933594,-0.0208634027643532,1.6082942096757835,-2.4643821642076267,-2.1974441778419886,-1.1323291382917289,0.8448899108887054,0.0229985782335799,2.5517586754078243,0.1113570021974384,1.6893177336618093
30.0,224.0,130.06988525390625,-0.0239186560541447,1.6112328387700028,-2.464607752057477,-2.1983760548270537,-1.135946660804071,0.8455786425558565,0.024944817960014,2.5519653703984586,0.1121193428936892,1.6940196991939904
30.0,224.0,130.07627868652344,-0.0199152855721854,1.61382936432916,-2.4619207073135745,-2.1974391680795824,-1.1345695627830763,0.8486531931719119,0.0233146191908354,2.552145721206953,0.1124406432716579,1.6979525437899026
30.0,224.0,130.06600952148438,-0.0211178222070299,1.6103847759290266,-2.4644209921066222,-2.197451737189725,-1.1360195367760717,0.84494901713653,0.0235738133036352,2.551092969434705,0.1096924112457049,1.689501870068402
30.0,224.0,131.2361602783203,-0.0220692456970595,1.59744718855561,-2.4749331952861127,-2.242386412278529,-1.1309225678285506,0.8523441005269395,0.033251440959556,2.5580831916685187,0.1558555047697084,1.8390339515386167
30.0,225.0,130.0693817138672,-0.0214188136526839,1.6108251105801676,-2.4648265158406693,-2.1975313740150435,-1.1374185275384605,0.8464433757804667,0.0238876303048228,2.5518286112725463,0.1095029274699639,1.6842668571662909
30.0,225.0,130.070556640625,-0.0214262593799512,1.6118655457108817,-2.466162410380048,-2.197116952630536,-1.1356719726907278,0.844437736658446,0.0233743132685922,2.5519993567194987,0.1113334202081256,1.6871085227321747
30.0,225.0,130.06622314453125,-0.0215047765635967,1.6103141379470471,-2.4644563913230293,-2.1975268082120163,-1.1351979501028242,0.8441357910788309,0.0234713560858831,2.552014667362936,0.1104533418979117,1.6899374807038992
30.0,225.0,205.40724182128903,-1.2471719392371754,0.7338063691250966,-3.6956164114227614,-2.6893020048638974,-1.4361633841990469,0.7509499775402746,-0.0265320376388999,2.5844589496606782,0.2214973721181175,2.0621365244733765
30.0,225.0,130.0667724609375,-0.0210229994384154,1.6115277940003625,-2.4636994765590394,-2.197314128726708,-1.135729157986956,0.8459351682963937,0.0236979502262292,2.550935983381516,0.108938641664473,1.6898821360743583
30.0,225.0,130.06910705566406,-0.0213117996944473,1.611532529519285,-2.463791151901713,-2.197820122880404,-1.1346716519594982,0.8463058061721773,0.0240051534121443,2.552954066988893,0.1131229916148561,1.6999650231385195
30.0,225.0,130.06558227539062,-0.0215143448869683,1.6117678202861356,-2.464599628459077,-2.197794555532236,-1.1350439273441644,0.8450378924875739,0.0240135901909859,2.552342626393427,0.1076843139039353,1.6849837033169524
30.0,225.0,130.06802368164062,-0.0217361636382946,1.6104567351711951,-2.465960181987198,-2.197306229038315,-1.1350067949389473,0.8466729006608931,0.0234871611601525,2.551282904441158,0.110552573372385,1.6900945212900282
30.0,225.0,130.07180786132812,-0.0198385588222231,1.613399746182087,-2.462447093375754,-2.1980275329727466,-1.133904304055262,0.846753119792344,0.0232432009304832,2.55281013637525,0.1129654286504708,1.6988241965863846
30.0,225.0,217.80987548828125,-0.7399219093249991,0.6265199654248446,-3.3812386568411683,-3.115740592719888,-2.4970438835882924,0.4187495791001843,-0.1164287251613381,2.541142812644273,0.2703581298861386,2.0687642066891287
30.0,225.0,201.7044219970703,-0.6552952230338768,0.789537644755984,-3.131677153117997,-2.725862189701337,-1.327890814222953,0.7257755438118074,-0.0264966475501739,2.5879562114865826,0.2411740536822892,2.06908069814025
30.0,225.0,130.0678253173828,-0.021097000496736,1.6120671717205772,-2.4643632083414646,-2.197841767177915,-1.1356597626284062,0.8460760116263609,0.0238339705962724,2.552255005355281,0.1127903040248863,1.6971244983631155
30.0,225.0,130.0684814453125,-0.0210092410828998,1.6117904560236485,-2.462536880639236,-2.196906276081219,-1.1358953765699744,0.8444649807457459,0.0242434904857292,2.552799982203813,0.1116480754096299,1.694826688828618
30.0,225.0,130.06515502929688,-0.0208844376273081,1.6112858540625414,-2.464581772798191,-2.197336757235223,-1.135540368248341,0.8449531759330385,0.0230652072253749,2.5516731232816645,0.1096096522795719,1.6893264933658567
30.0,225.0,130.06382751464844,-0.0210768488679159,1.6115787991621522,-2.4645104577406944,-2.196788547789148,-1.1355815644650034,0.8447191841079633,0.0238637801295413,2.551499621966451,0.1068880356271441,1.6810068068410342
30.0,225.0,130.08216857910156,-0.0257587914159671,1.610558991664121,-2.4643000932343826,-2.198095761917553,-1.1331872128695446,0.8475819289434379,0.0273743082842861,2.55583922488324,0.1143184554415994,1.699544666362954
30.0,225.0,199.5938262939453,-0.3949671811153431,1.3725048594858282,-2.72843495407217,-2.7040994429639387,-1.441179167723167,0.7895823063758505,-0.0331477205715259,2.565667895272836,0.3824653502322472,2.595553165719845
30.0,225.0,130.06582641601562,-0.0217964133700762,1.61073356371079,-2.4646975462056195,-2.1973678124836447,-1.1355653088046775,0.8445189692787013,0.0243851207232991,2.5518286609802487,0.1100576809158476,1.6889306455270423
30.0,225.0,130.06922912597656,-0.0218573590353466,1.6117526213023166,-2.465011597970059,-2.198449326674848,-1.1369897776302618,0.8458164809477701,0.0243905129687954,2.553403292715439,0.1116803792368941,1.694808741981898
30.0,225.0,130.06869506835938,-0.0220162762744968,1.6108456482637925,-2.4637801583037047,-2.197786673345628,-1.1357156722421764,0.8454566093694266,0.0241997122583173,2.5535064956134432,0.1108190624818382,1.6865722295345753
30.0,225.0,130.07362365722656,-0.0221264268818857,1.609570807408197,-2.4670073715770027,-2.1973131813858777,-1.1372281276135567,0.8450514408191019,0.0242108911469233,2.550496869279125,0.1109848787753866,1.6889622050702726
30.0,225.0,130.0692901611328,-0.0203942656790777,1.6119663830322368,-2.4639858657702214,-2.197839879031834,-1.1339025559464286,0.846124412267191,0.0238077821854445,2.5530134643895543,0.1135540848143144,1.6996508312525616
30.0,225.0,130.20774841308594,-0.0344142466509275,1.6107523966774386,-2.4750905554940306,-2.194592113366949,-1.133133552801007,0.8448782326449406,0.0237176238186163,2.5542297248100043,0.1110613465447652,1.692880254395176
30.0,225.0,130.07302856445312,-0.021601863709611,1.6090304802158366,-2.465433248617948,-2.197660870042485,-1.1335822255848234,0.8463874909612131,0.0253909823231447,2.5535066732437244,0.1144541623373936,1.6995347586002725
30.0,225.0,130.12106323242188,-0.0268418524415132,1.607971210081246,-2.4712624494244704,-2.199058154505161,-1.1332600567613618,0.8443475714739972,0.0232630546507814,2.5573724150402186,0.1239606100015764,1.7152180370041608
30.0,225.0,130.06524658203125,-0.0211137806651843,1.6110109342300662,-2.46447314325604,-2.197478001105318,-1.1351332942197052,0.8447603919273498,0.0227566579576334,2.5519816483216635,0.1092873926796119,1.688166468480318
30.0,225.0,203.7299041748047,-1.4671963034076896,0.7718039591814964,-3.521820860113768,-2.7055890962796987,-1.3850800460590984,0.7492558679810841,0.0041742840984898,2.5864682179734686,0.2295821296873494,1.9406396168518183
30.0,225.0,240.0376892089844,-0.818985015422538,0.7325545795717203,-3.463958090524869,-3.1745869837099026,-1.9281247841715203,0.2058466922336207,-0.3766659363291286,2.6001316734345754,0.2265875295001577,2.1979228280822705
30.0,225.0,130.0668487548828,-0.0221310199437168,1.612231007886166,-2.463347265102013,-2.195902793829932,-1.135410584653566,0.8447991977763397,0.0230415684347215,2.552359647581762,0.1093464693642676,1.685081823927035
30.0,225.0,130.0700225830078,-0.021554109745988,1.6120439753754856,-2.4634945447088183,-2.1977249787071043,-1.1359977360920583,0.8464675320695966,0.0248784910245729,2.5535928169217965,0.114511753033331,1.699528858876211
30.0,225.0,130.06771850585938,-0.0212937730914956,1.6122709198500875,-2.464560585489906,-2.197786618314241,-1.1359934261997726,0.8459951570172819,0.0233432106041645,2.552007270481794,0.1121948788892302,1.694829161136428
30.0,225.0,130.06578063964844,-0.0212879999388618,1.6105510053673844,-2.464488534719546,-2.197272555839896,-1.135763474717601,0.8445952402434519,0.0232643179459839,2.551649264836435,0.1104185259463369,1.6901741494212992
30.0,225.0,130.06890869140625,-0.0212881890609658,1.6125458798516892,-2.4634099963670835,-2.197925844601921,-1.1340910700361262,0.8462339293574737,0.0241778059007504,2.55280639675026,0.1133285428031655,1.6987931470447826
30.0,225.0,189.8350372314453,-0.1826832746806023,1.2246924260983767,-3.051692949797575,-2.5251921961081663,-1.2384936766473484,0.6872030904694896,-0.0825022686502461,2.5307295125858014,0.2549907431703788,2.0724364628185
30.0,225.0,130.07061767578125,-0.023172106139178,1.6100986851961476,-2.465180378854809,-2.1980779090085503,-1.1357025537305283,0.845075401449298,0.0228605381089993,2.5533608232514,0.1143132326260414,1.6990882288586593
30.0,225.0,130.06976318359375,-0.0233123747928915,1.6110185434494768,-2.4634650259175186,-2.197136602610484,-1.1350941481630124,0.8456268968675055,0.0236182074508308,2.553681570794508,0.1126803673194437,1.694475059610357
30.0,225.0,242.24465942382807,-0.6765068837044388,0.5731721926803546,-3.182363211629109,-3.115613068305457,-2.833970604240305,0.5175124438082294,-0.1119189164304249,2.549271617641784,0.2717736279602655,1.804321352114272
30.0,225.0,210.119873046875,-0.7610068930568665,0.5642124147423887,-3.726421416211226,-2.7995431788777383,-1.3708891968054873,0.679066308131347,0.0234932080174868,2.5843400721228726,0.297657964549431,2.1950618999519365
30.0,225.0,130.06759643554688,-0.0229491161406073,1.611056260329844,-2.464258336386156,-2.195182940657376,-1.1347818991949994,0.8456590894049154,0.0243391649032691,2.5518707702685046,0.1072363574043019,1.6801421427623162
30.0,225.0,130.06765747070312,-0.0211165446055682,1.6116653573497872,-2.464568284631722,-2.197522486989414,-1.134876841633991,0.8434866999921165,0.0230788849499952,2.5519495709868663,0.1117949214472717,1.6922518462395622
30.0,225.0,205.575927734375,-0.8160173862793221,0.5906195673798553,-3.5501247184478806,-2.9220737949502533,-1.5276746941164658,0.7254873283981647,-0.0189028447691116,2.5943872451814447,0.2168908645567235,1.9760531472632008
30.0,225.0,130.0685577392578,-0.0214742158303651,1.6109467730324951,-2.466450835732017,-2.197638478228693,-1.1357987518552104,0.8442574004585071,0.0223736766245539,2.5515699654465136,0.1084902717013209,1.6786418349818408
30.0,225.0,130.0637969970703,-0.0208902406005644,1.6119734742103369,-2.464446091986895,-2.19710559809524,-1.1354421638064411,0.8450584025667578,0.0238041773645564,2.5516346855106327,0.107609505980238,1.6832541798756713
30.0,225.0,130.0685272216797,-0.0204231134899335,1.611062975327677,-2.4638418353752822,-2.197853100892334,-1.13495453788526,0.8463109056833199,0.0228377101233381,2.55097098540779,0.1115803319670587,1.6927739742543726
30.0,225.0,130.07012939453125,-0.0218813701287415,1.61256240728595,-2.465066039265975,-2.1976055772967853,-1.1327393584176664,0.8450978757911489,0.0221092939229197,2.5515636923814946,0.1093612645137364,1.6885208465777428
30.0,225.0,130.07737731933594,-0.0208634027643532,1.6082942096757835,-2.4643821642076267,-2.1974441778419886,-1.1323291382917289,0.8448899108887054,0.0229985782335799,2.5517586754078243,0.1113570021974384,1.6893177336618093
30.0,225.0,130.06988525390625,-0.0239186560541447,1.6112328387700028,-2.464607752057477,-2.1983760548270537,-1.135946660804071,0.8455786425558565,0.024944817960014,2.5519653703984586,0.1121193428936892,1.6940196991939904
30.0,225.0,130.07627868652344,-0.0199152855721854,1.61382936432916,-2.4619207073135745,-2.1974391680795824,-1.1345695627830763,0.8486531931719119,0.0233146191908354,2.552145721206953,0.1124406432716579,1.6979525437899026
30.0,225.0,130.06600952148438,-0.0211178222070299,1.6103847759290266,-2.4644209921066222,-2.197451737189725,-1.1360195367760717,0.84494901713653,0.0235738133036352,2.551092969434705,0.1096924112457049,1.689501870068402
30.0,225.0,131.2361602783203,-0.0220692456970595,1.59744718855561,-2.4749331952861127,-2.242386412278529,-1.1309225678285506,0.8523441005269395,0.033251440959556,2.5580831916685187,0.1558555047697084,1.8390339515386167
30.0,226.0,130.0693817138672,-0.0214188136526839,1.6108251105801676,-2.4648265158406693,-2.1975313740150435,-1.1374185275384605,0.8464433757804667,0.0238876303048228,2.5518286112725463,0.1095029274699639,1.6842668571662909
30.0,226.0,130.070556640625,-0.0214262593799512,1.6118655457108817,-2.466162410380048,-2.197116952630536,-1.1356719726907278,0.844437736658446,0.0233743132685922,2.5519993567194987,0.1113334202081256,1.6871085227321747
30.0,226.0,130.06622314453125,-0.0215047765635967,1.6103141379470471,-2.4644563913230293,-2.1975268082120163,-1.1351979501028242,0.8441357910788309,0.0234713560858831,2.552014667362936,0.1104533418979117,1.6899374807038992
30.0,226.0,205.40724182128903,-1.2471719392371754,0.7338063691250966,-3.6956164114227614,-2.6893020048638974,-1.4361633841990469,0.7509499775402746,-0.0265320376388999,2.5844589496606782,0.2214973721181175,2.0621365244733765
30.0,226.0,130.0667724609375,-0.0210229994384154,1.6115277940003625,-2.4636994765590394,-2.197314128726708,-1.135729157986956,0.8459351682963937,0.0236979502262292,2.550935983381516,0.108938641664473,1.6898821360743583
30.0,226.0,130.06910705566406,-0.0213117996944473,1.611532529519285,-2.463791151901713,-2.197820122880404,-1.1346716519594982,0.8463058061721773,0.0240051534121443,2.552954066988893,0.1131229916148561,1.6999650231385195
30.0,226.0,130.06558227539062,-0.0215143448869683,1.6117678202861356,-2.464599628459077,-2.197794555532236,-1.1350439273441644,0.8450378924875739,0.0240135901909859,2.552342626393427,0.1076843139039353,1.6849837033169524
30.0,226.0,130.06802368164062,-0.0217361636382946,1.6104567351711951,-2.465960181987198,-2.197306229038315,-1.1350067949389473,0.8466729006608931,0.0234871611601525,2.551282904441158,0.110552573372385,1.6900945212900282
30.0,226.0,130.07180786132812,-0.0198385588222231,1.613399746182087,-2.462447093375754,-2.1980275329727466,-1.133904304055262,0.846753119792344,0.0232432009304832,2.55281013637525,0.1129654286504708,1.6988241965863846
30.0,226.0,217.80987548828125,-0.7399219093249991,0.6265199654248446,-3.3812386568411683,-3.115740592719888,-2.4970438835882924,0.4187495791001843,-0.1164287251613381,2.541142812644273,0.2703581298861386,2.0687642066891287
30.0,226.0,201.7044219970703,-0.6552952230338768,0.789537644755984,-3.131677153117997,-2.725862189701337,-1.327890814222953,0.7257755438118074,-0.0264966475501739,2.5879562114865826,0.2411740536822892,2.06908069814025
30.0,226.0,130.0678253173828,-0.021097000496736,1.6120671717205772,-2.4643632083414646,-2.197841767177915,-1.1356597626284062,0.8460760116263609,0.0238339705962724,2.552255005355281,0.1127903040248863,1.6971244983631155
30.0,226.0,130.0684814453125,-0.0210092410828998,1.6117904560236485,-2.462536880639236,-2.196906276081219,-1.1358953765699744,0.8444649807457459,0.0242434904857292,2.552799982203813,0.1116480754096299,1.694826688828618
30.0,226.0,130.06515502929688,-0.0208844376273081,1.6112858540625414,-2.464581772798191,-2.197336757235223,-1.135540368248341,0.8449531759330385,0.0230652072253749,2.5516731232816645,0.1096096522795719,1.6893264933658567
30.0,226.0,130.06382751464844,-0.0210768488679159,1.6115787991621522,-2.4645104577406944,-2.196788547789148,-1.1355815644650034,0.8447191841079633,0.0238637801295413,2.551499621966451,0.1068880356271441,1.6810068068410342
30.0,226.0,130.08216857910156,-0.0257587914159671,1.610558991664121,-2.4643000932343826,-2.198095761917553,-1.1331872128695446,0.8475819289434379,0.0273743082842861,2.55583922488324,0.1143184554415994,1.699544666362954
30.0,226.0,199.5938262939453,-0.3949671811153431,1.3725048594858282,-2.72843495407217,-2.7040994429639387,-1.441179167723167,0.7895823063758505,-0.0331477205715259,2.565667895272836,0.3824653502322472,2.595553165719845
30.0,226.0,130.06582641601562,-0.0217964133700762,1.61073356371079,-2.4646975462056195,-2.1973678124836447,-1.1355653088046775,0.8445189692787013,0.0243851207232991,2.5518286609802487,0.1100576809158476,1.6889306455270423
30.0,226.0,130.06739807128906,-0.0184882840686252,1.6107626951786032,-2.4649105417574786,-2.197787136701215,-1.137227087035374,0.8452361320089483,0.0233290321486935,2.5508083196832065,0.1040407206167242,1.6713449281632775
30.0,226.0,130.06869506835938,-0.0220162762744968,1.6108456482637925,-2.4637801583037047,-2.197786673345628,-1.1357156722421764,0.8454566093694266,0.0241997122583173,2.5535064956134432,0.1108190624818382,1.6865722295345753
30.0,226.0,130.07362365722656,-0.0221264268818857,1.609570807408197,-2.4670073715770027,-2.1973131813858777,-1.1372281276135567,0.8450514408191019,0.0242108911469233,2.550496869279125,0.1109848787753866,1.6889622050702726
30.0,226.0,130.0692901611328,-0.0203942656790777,1.6119663830322368,-2.4639858657702214,-2.197839879031834,-1.1339025559464286,0.846124412267191,0.0238077821854445,2.5530134643895543,0.1135540848143144,1.6996508312525616
30.0,226.0,130.20774841308594,-0.0344142466509275,1.6107523966774386,-2.4750905554940306,-2.194592113366949,-1.133133552801007,0.8448782326449406,0.0237176238186163,2.5542297248100043,0.1110613465447652,1.692880254395176
30.0,226.0,130.07302856445312,-0.021601863709611,1.6090304802158366,-2.465433248617948,-2.197660870042485,-1.1335822255848234,0.8463874909612131,0.0253909823231447,2.5535066732437244,0.1144541623373936,1.6995347586002725
30.0,226.0,130.12106323242188,-0.0268418524415132,1.607971210081246,-2.4712624494244704,-2.199058154505161,-1.1332600567613618,0.8443475714739972,0.0232630546507814,2.5573724150402186,0.1239606100015764,1.7152180370041608
30.0,226.0,130.06524658203125,-0.0211137806651843,1.6110109342300662,-2.46447314325604,-2.197478001105318,-1.1351332942197052,0.8447603919273498,0.0227566579576334,2.5519816483216635,0.1092873926796119,1.688166468480318
30.0,226.0,203.7299041748047,-1.4671963034076896,0.7718039591814964,-3.521820860113768,-2.7055890962796987,-1.3850800460590984,0.7492558679810841,0.0041742840984898,2.5864682179734686,0.2295821296873494,1.9406396168518183
30.0,226.0,240.0376892089844,-0.818985015422538,0.7325545795717203,-3.463958090524869,-3.1745869837099026,-1.9281247841715203,0.2058466922336207,-0.3766659363291286,2.6001316734345754,0.2265875295001577,2.1979228280822705
30.0,226.0,130.0668487548828,-0.0221310199437168,1.612231007886166,-2.463347265102013,-2.195902793829932,-1.135410584653566,0.8447991977763397,0.0230415684347215,2.552359647581762,0.1093464693642676,1.685081823927035
30.0,226.0,130.0700225830078,-0.021554109745988,1.6120439753754856,-2.4634945447088183,-2.1977249787071043,-1.1359977360920583,0.8464675320695966,0.0248784910245729,2.5535928169217965,0.114511753033331,1.699528858876211
30.0,226.0,130.06771850585938,-0.0212937730914956,1.6122709198500875,-2.464560585489906,-2.197786618314241,-1.1359934261997726,0.8459951570172819,0.0233432106041645,2.552007270481794,0.1121948788892302,1.694829161136428
30.0,226.0,130.06578063964844,-0.0212879999388618,1.6105510053673844,-2.464488534719546,-2.197272555839896,-1.135763474717601,0.8445952402434519,0.0232643179459839,2.551649264836435,0.1104185259463369,1.6901741494212992
30.0,226.0,130.06890869140625,-0.0212881890609658,1.6125458798516892,-2.4634099963670835,-2.197925844601921,-1.1340910700361262,0.8462339293574737,0.0241778059007504,2.55280639675026,0.1133285428031655,1.6987931470447826
30.0,226.0,187.8903045654297,0.0240322211169765,1.3293207727377083,-2.837881573328616,-2.395287048080512,-1.1303373733139417,0.7637168152119964,-0.0857222394452305,2.5514036034136143,0.1426145246994194,2.0124016682827865
30.0,226.0,130.07061767578125,-0.023172106139178,1.6100986851961476,-2.465180378854809,-2.1980779090085503,-1.1357025537305283,0.845075401449298,0.0228605381089993,2.5533608232514,0.1143132326260414,1.6990882288586593
30.0,226.0,130.06585693359375,-0.0212344792367432,1.611596956171054,-2.463883622208949,-2.1970193430612444,-1.1348284640974309,0.846133965015762,0.0239208272910931,2.550745482254188,0.1102800479936239,1.6878764767314764
30.0,226.0,242.24465942382807,-0.6765068837044388,0.5731721926803546,-3.182363211629109,-3.115613068305457,-2.833970604240305,0.5175124438082294,-0.1119189164304249,2.549271617641784,0.2717736279602655,1.804321352114272
30.0,226.0,210.119873046875,-0.7610068930568665,0.5642124147423887,-3.726421416211226,-2.7995431788777383,-1.3708891968054873,0.679066308131347,0.0234932080174868,2.5843400721228726,0.297657964549431,2.1950618999519365
30.0,226.0,130.06759643554688,-0.0229491161406073,1.611056260329844,-2.464258336386156,-2.195182940657376,-1.1347818991949994,0.8456590894049154,0.0243391649032691,2.5518707702685046,0.1072363574043019,1.6801421427623162
30.0,226.0,130.06765747070312,-0.0211165446055682,1.6116653573497872,-2.464568284631722,-2.197522486989414,-1.134876841633991,0.8434866999921165,0.0230788849499952,2.5519495709868663,0.1117949214472717,1.6922518462395622
30.0,226.0,205.575927734375,-0.8160173862793221,0.5906195673798553,-3.5501247184478806,-2.9220737949502533,-1.5276746941164658,0.7254873283981647,-0.0189028447691116,2.5943872451814447,0.2168908645567235,1.9760531472632008
30.0,226.0,130.0685577392578,-0.0214742158303651,1.6109467730324951,-2.466450835732017,-2.197638478228693,-1.1357987518552104,0.8442574004585071,0.0223736766245539,2.5515699654465136,0.1084902717013209,1.6786418349818408
30.0,226.0,130.0637969970703,-0.0208902406005644,1.6119734742103369,-2.464446091986895,-2.19710559809524,-1.1354421638064411,0.8450584025667578,0.0238041773645564,2.5516346855106327,0.107609505980238,1.6832541798756713
30.0,226.0,130.0685272216797,-0.0204231134899335,1.611062975327677,-2.4638418353752822,-2.197853100892334,-1.13495453788526,0.8463109056833199,0.0228377101233381,2.55097098540779,0.1115803319670587,1.6927739742543726
30.0,226.0,130.07012939453125,-0.0218813701287415,1.61256240728595,-2.465066039265975,-2.1976055772967853,-1.1327393584176664,0.8450978757911489,0.0221092939229197,2.5515636923814946,0.1093612645137364,1.6885208465777428
30.0,226.0,130.07737731933594,-0.0208634027643532,1.6082942096757835,-2.4643821642076267,-2.1974441778419886,-1.1323291382917289,0.8448899108887054,0.0229985782335799,2.5517586754078243,0.1113570021974384,1.6893177336618093
30.0,226.0,130.06988525390625,-0.0239186560541447,1.6112328387700028,-2.464607752057477,-2.1983760548270537,-1.135946660804071,0.8455786425558565,0.024944817960014,2.5519653703984586,0.1121193428936892,1.6940196991939904
30.0,226.0,130.07627868652344,-0.0199152855721854,1.61382936432916,-2.4619207073135745,-2.1974391680795824,-1.1345695627830763,0.8486531931719119,0.0233146191908354,2.552145721206953,0.1124406432716579,1.6979525437899026
30.0,226.0,130.06600952148438,-0.0211178222070299,1.6103847759290266,-2.4644209921066222,-2.197451737189725,-1.1360195367760717,0.84494901713653,0.0235738133036352,2.551092969434705,0.1096924112457049,1.689501870068402
30.0,226.0,131.2361602783203,-0.0220692456970595,1.59744718855561,-2.4749331952861127,-2.242386412278529,-1.1309225678285506,0.8523441005269395,0.033251440959556,2.5580831916685187,0.1558555047697084,1.8390339515386167
30.0,227.0,130.0693817138672,-0.0214188136526839,1.6108251105801676,-2.4648265158406693,-2.1975313740150435,-1.1374185275384605,0.8464433757804667,0.0238876303048228,2.5518286112725463,0.1095029274699639,1.6842668571662909
30.0,227.0,130.070556640625,-0.0214262593799512,1.6118655457108817,-2.466162410380048,-2.197116952630536,-1.1356719726907278,0.844437736658446,0.0233743132685922,2.5519993567194987,0.1113334202081256,1.6871085227321747
30.0,227.0,130.06622314453125,-0.0215047765635967,1.6103141379470471,-2.4644563913230293,-2.1975268082120163,-1.1351979501028242,0.8441357910788309,0.0234713560858831,2.552014667362936,0.1104533418979117,1.6899374807038992
30.0,227.0,205.40724182128903,-1.2471719392371754,0.7338063691250966,-3.6956164114227614,-2.6893020048638974,-1.4361633841990469,0.7509499775402746,-0.0265320376388999,2.5844589496606782,0.2214973721181175,2.0621365244733765
30.0,227.0,130.0667724609375,-0.0210229994384154,1.6115277940003625,-2.4636994765590394,-2.197314128726708,-1.135729157986956,0.8459351682963937,0.0236979502262292,2.550935983381516,0.108938641664473,1.6898821360743583
30.0,227.0,130.06910705566406,-0.0213117996944473,1.611532529519285,-2.463791151901713,-2.197820122880404,-1.1346716519594982,0.8463058061721773,0.0240051534121443,2.552954066988893,0.1131229916148561,1.6999650231385195
30.0,227.0,130.06558227539062,-0.0215143448869683,1.6117678202861356,-2.464599628459077,-2.197794555532236,-1.1350439273441644,0.8450378924875739,0.0240135901909859,2.552342626393427,0.1076843139039353,1.6849837033169524
30.0,227.0,130.06802368164062,-0.0217361636382946,1.6104567351711951,-2.465960181987198,-2.197306229038315,-1.1350067949389473,0.8466729006608931,0.0234871611601525,2.551282904441158,0.110552573372385,1.6900945212900282
30.0,227.0,130.07180786132812,-0.0198385588222231,1.613399746182087,-2.462447093375754,-2.1980275329727466,-1.133904304055262,0.846753119792344,0.0232432009304832,2.55281013637525,0.1129654286504708,1.6988241965863846
30.0,227.0,217.80987548828125,-0.7399219093249991,0.6265199654248446,-3.3812386568411683,-3.115740592719888,-2.4970438835882924,0.4187495791001843,-0.1164287251613381,2.541142812644273,0.2703581298861386,2.0687642066891287
30.0,227.0,201.7044219970703,-0.6552952230338768,0.789537644755984,-3.131677153117997,-2.725862189701337,-1.327890814222953,0.7257755438118074,-0.0264966475501739,2.5879562114865826,0.2411740536822892,2.06908069814025
30.0,227.0,130.0678253173828,-0.021097000496736,1.6120671717205772,-2.4643632083414646,-2.197841767177915,-1.1356597626284062,0.8460760116263609,0.0238339705962724,2.552255005355281,0.1127903040248863,1.6971244983631155
30.0,227.0,130.0684814453125,-0.0210092410828998,1.6117904560236485,-2.462536880639236,-2.196906276081219,-1.1358953765699744,0.8444649807457459,0.0242434904857292,2.552799982203813,0.1116480754096299,1.694826688828618
30.0,227.0,130.06515502929688,-0.0208844376273081,1.6112858540625414,-2.464581772798191,-2.197336757235223,-1.135540368248341,0.8449531759330385,0.0230652072253749,2.5516731232816645,0.1096096522795719,1.6893264933658567
30.0,227.0,130.06382751464844,-0.0210768488679159,1.6115787991621522,-2.4645104577406944,-2.196788547789148,-1.1355815644650034,0.8447191841079633,0.0238637801295413,2.551499621966451,0.1068880356271441,1.6810068068410342
30.0,227.0,130.08216857910156,-0.0257587914159671,1.610558991664121,-2.4643000932343826,-2.198095761917553,-1.1331872128695446,0.8475819289434379,0.0273743082842861,2.55583922488324,0.1143184554415994,1.699544666362954
30.0,227.0,199.5938262939453,-0.3949671811153431,1.3725048594858282,-2.72843495407217,-2.7040994429639387,-1.441179167723167,0.7895823063758505,-0.0331477205715259,2.565667895272836,0.3824653502322472,2.595553165719845
30.0,227.0,130.06582641601562,-0.0217964133700762,1.61073356371079,-2.4646975462056195,-2.1973678124836447,-1.1355653088046775,0.8445189692787013,0.0243851207232991,2.5518286609802487,0.1100576809158476,1.6889306455270423
30.0,227.0,130.06739807128906,-0.0184882840686252,1.6107626951786032,-2.4649105417574786,-2.197787136701215,-1.137227087035374,0.8452361320089483,0.0233290321486935,2.5508083196832065,0.1040407206167242,1.6713449281632775
30.0,227.0,130.06869506835938,-0.0220162762744968,1.6108456482637925,-2.4637801583037047,-2.197786673345628,-1.1357156722421764,0.8454566093694266,0.0241997122583173,2.5535064956134432,0.1108190624818382,1.6865722295345753
30.0,227.0,130.07362365722656,-0.0221264268818857,1.609570807408197,-2.4670073715770027,-2.1973131813858777,-1.1372281276135567,0.8450514408191019,0.0242108911469233,2.550496869279125,0.1109848787753866,1.6889622050702726
30.0,227.0,130.0692901611328,-0.0203942656790777,1.6119663830322368,-2.4639858657702214,-2.197839879031834,-1.1339025559464286,0.846124412267191,0.0238077821854445,2.5530134643895543,0.1135540848143144,1.6996508312525616
30.0,227.0,130.20774841308594,-0.0344142466509275,1.6107523966774386,-2.4750905554940306,-2.194592113366949,-1.133133552801007,0.8448782326449406,0.0237176238186163,2.5542297248100043,0.1110613465447652,1.692880254395176
30.0,227.0,130.07302856445312,-0.021601863709611,1.6090304802158366,-2.465433248617948,-2.197660870042485,-1.1335822255848234,0.8463874909612131,0.0253909823231447,2.5535066732437244,0.1144541623373936,1.6995347586002725
30.0,227.0,130.12106323242188,-0.0268418524415132,1.607971210081246,-2.4712624494244704,-2.199058154505161,-1.1332600567613618,0.8443475714739972,0.0232630546507814,2.5573724150402186,0.1239606100015764,1.7152180370041608
30.0,227.0,130.06524658203125,-0.0211137806651843,1.6110109342300662,-2.46447314325604,-2.197478001105318,-1.1351332942197052,0.8447603919273498,0.0227566579576334,2.5519816483216635,0.1092873926796119,1.688166468480318
30.0,227.0,203.7299041748047,-1.4671963034076896,0.7718039591814964,-3.521820860113768,-2.7055890962796987,-1.3850800460590984,0.7492558679810841,0.0041742840984898,2.5864682179734686,0.2295821296873494,1.9406396168518183
30.0,227.0,240.0376892089844,-0.818985015422538,0.7325545795717203,-3.463958090524869,-3.1745869837099026,-1.9281247841715203,0.2058466922336207,-0.3766659363291286,2.6001316734345754,0.2265875295001577,2.1979228280822705
30.0,227.0,130.0668487548828,-0.0221310199437168,1.612231007886166,-2.463347265102013,-2.195902793829932,-1.135410584653566,0.8447991977763397,0.0230415684347215,2.552359647581762,0.1093464693642676,1.685081823927035
30.0,227.0,130.0700225830078,-0.021554109745988,1.6120439753754856,-2.4634945447088183,-2.1977249787071043,-1.1359977360920583,0.8464675320695966,0.0248784910245729,2.5535928169217965,0.114511753033331,1.699528858876211
30.0,227.0,130.06771850585938,-0.0212937730914956,1.6122709198500875,-2.464560585489906,-2.197786618314241,-1.1359934261997726,0.8459951570172819,0.0233432106041645,2.552007270481794,0.1121948788892302,1.694829161136428
30.0,227.0,130.06578063964844,-0.0212879999388618,1.6105510053673844,-2.464488534719546,-2.197272555839896,-1.135763474717601,0.8445952402434519,0.0232643179459839,2.551649264836435,0.1104185259463369,1.6901741494212992
30.0,227.0,130.06890869140625,-0.0212881890609658,1.6125458798516892,-2.4634099963670835,-2.197925844601921,-1.1340910700361262,0.8462339293574737,0.0241778059007504,2.55280639675026,0.1133285428031655,1.6987931470447826
30.0,227.0,179.13705444335938,0.0660492058487577,1.5214595839100518,-2.7992292265939085,-2.241810027398671,-1.1226951740549485,0.9419124182690414,0.1270100021468667,2.5540263710993503,0.0369377239546894,1.3056047622272542
30.0,227.0,130.07061767578125,-0.023172106139178,1.6100986851961476,-2.465180378854809,-2.1980779090085503,-1.1357025537305283,0.845075401449298,0.0228605381089993,2.5533608232514,0.1143132326260414,1.6990882288586593
30.0,227.0,130.06585693359375,-0.0212344792367432,1.611596956171054,-2.463883622208949,-2.1970193430612444,-1.1348284640974309,0.846133965015762,0.0239208272910931,2.550745482254188,0.1102800479936239,1.6878764767314764
30.0,227.0,242.24465942382807,-0.6765068837044388,0.5731721926803546,-3.182363211629109,-3.115613068305457,-2.833970604240305,0.5175124438082294,-0.1119189164304249,2.549271617641784,0.2717736279602655,1.804321352114272
30.0,227.0,210.119873046875,-0.7610068930568665,0.5642124147423887,-3.726421416211226,-2.7995431788777383,-1.3708891968054873,0.679066308131347,0.0234932080174868,2.5843400721228726,0.297657964549431,2.1950618999519365
30.0,227.0,130.06578063964844,-0.0220052187286222,1.6113209948485478,-2.46434541587403,-2.196937472201041,-1.134522555865649,0.8453756387844447,0.0241330410546296,2.5517051907756856,0.1067875503488449,1.6836033326313995
30.0,227.0,130.06765747070312,-0.0211165446055682,1.6116653573497872,-2.464568284631722,-2.197522486989414,-1.134876841633991,0.8434866999921165,0.0230788849499952,2.5519495709868663,0.1117949214472717,1.6922518462395622
30.0,227.0,205.575927734375,-0.8160173862793221,0.5906195673798553,-3.5501247184478806,-2.9220737949502533,-1.5276746941164658,0.7254873283981647,-0.0189028447691116,2.5943872451814447,0.2168908645567235,1.9760531472632008
30.0,227.0,130.0685577392578,-0.0214742158303651,1.6109467730324951,-2.466450835732017,-2.197638478228693,-1.1357987518552104,0.8442574004585071,0.0223736766245539,2.5515699654465136,0.1084902717013209,1.6786418349818408
30.0,227.0,130.0637969970703,-0.0208902406005644,1.6119734742103369,-2.464446091986895,-2.19710559809524,-1.1354421638064411,0.8450584025667578,0.0238041773645564,2.5516346855106327,0.107609505980238,1.6832541798756713
30.0,227.0,130.0685272216797,-0.0204231134899335,1.611062975327677,-2.4638418353752822,-2.197853100892334,-1.13495453788526,0.8463109056833199,0.0228377101233381,2.55097098540779,0.1115803319670587,1.6927739742543726
30.0,227.0,130.0667266845703,-0.0214962292383847,1.612579099214685,-2.464550431406136,-2.196597799355199,-1.1341507573659386,0.8453303849581401,0.022587233949119,2.551551435751239,0.1096810228471701,1.684576094402971
30.0,227.0,130.07737731933594,-0.0208634027643532,1.6082942096757835,-2.4643821642076267,-2.1974441778419886,-1.1323291382917289,0.8448899108887054,0.0229985782335799,2.5517586754078243,0.1113570021974384,1.6893177336618093
30.0,227.0,130.06988525390625,-0.0239186560541447,1.6112328387700028,-2.464607752057477,-2.1983760548270537,-1.135946660804071,0.8455786425558565,0.024944817960014,2.5519653703984586,0.1121193428936892,1.6940196991939904
30.0,227.0,130.07627868652344,-0.0199152855721854,1.61382936432916,-2.4619207073135745,-2.1974391680795824,-1.1345695627830763,0.8486531931719119,0.0233146191908354,2.552145721206953,0.1124406432716579,1.6979525437899026
30.0,227.0,130.06600952148438,-0.0211178222070299,1.6103847759290266,-2.4644209921066222,-2.197451737189725,-1.1360195367760717,0.84494901713653,0.0235738133036352,2.551092969434705,0.1096924112457049,1.689501870068402
30.0,227.0,131.2361602783203,-0.0220692456970595,1.59744718855561,-2.4749331952861127,-2.242386412278529,-1.1309225678285506,0.8523441005269395,0.033251440959556,2.5580831916685187,0.1558555047697084,1.8390339515386167
30.0,228.0,130.0693817138672,-0.0214188136526839,1.6108251105801676,-2.4648265158406693,-2.1975313740150435,-1.1374185275384605,0.8464433757804667,0.0238876303048228,2.5518286112725463,0.1095029274699639,1.6842668571662909
30.0,228.0,130.06771850585938,-0.0204837763793947,1.61182215340722,-2.4651973070777,-2.1972024165562782,-1.1355304990247002,0.844645388656819,0.0241837554444659,2.552079006526673,0.1105315635115279,1.6857916335486856
30.0,228.0,130.06622314453125,-0.0215047765635967,1.6103141379470471,-2.4644563913230293,-2.1975268082120163,-1.1351979501028242,0.8441357910788309,0.0234713560858831,2.552014667362936,0.1104533418979117,1.6899374807038992
30.0,228.0,205.40724182128903,-1.2471719392371754,0.7338063691250966,-3.6956164114227614,-2.6893020048638974,-1.4361633841990469,0.7509499775402746,-0.0265320376388999,2.5844589496606782,0.2214973721181175,2.0621365244733765
30.0,228.0,130.0667724609375,-0.0210229994384154,1.6115277940003625,-2.4636994765590394,-2.197314128726708,-1.135729157986956,0.8459351682963937,0.0236979502262292,2.550935983381516,0.108938641664473,1.6898821360743583
30.0,228.0,130.06910705566406,-0.0213117996944473,1.611532529519285,-2.463791151901713,-2.197820122880404,-1.1346716519594982,0.8463058061721773,0.0240051534121443,2.552954066988893,0.1131229916148561,1.6999650231385195
30.0,228.0,130.06558227539062,-0.0215143448869683,1.6117678202861356,-2.464599628459077,-2.197794555532236,-1.1350439273441644,0.8450378924875739,0.0240135901909859,2.552342626393427,0.1076843139039353,1.6849837033169524
30.0,228.0,130.06771850585938,-0.0207697544129664,1.6111336558507707,-2.4639328720450435,-2.196936636548578,-1.1348083976922714,0.8431782780407011,0.0239472202964027,2.5519007395999465,0.1090766052386923,1.6833968857201764
30.0,228.0,130.07180786132812,-0.0198385588222231,1.613399746182087,-2.462447093375754,-2.1980275329727466,-1.133904304055262,0.846753119792344,0.0232432009304832,2.55281013637525,0.1129654286504708,1.6988241965863846
30.0,228.0,217.80987548828125,-0.7399219093249991,0.6265199654248446,-3.3812386568411683,-3.115740592719888,-2.4970438835882924,0.4187495791001843,-0.1164287251613381,2.541142812644273,0.2703581298861386,2.0687642066891287
30.0,228.0,201.7044219970703,-0.6552952230338768,0.789537644755984,-3.131677153117997,-2.725862189701337,-1.327890814222953,0.7257755438118074,-0.0264966475501739,2.5879562114865826,0.2411740536822892,2.06908069814025
30.0,228.0,130.0678253173828,-0.021097000496736,1.6120671717205772,-2.4643632083414646,-2.197841767177915,-1.1356597626284062,0.8460760116263609,0.0238339705962724,2.552255005355281,0.1127903040248863,1.6971244983631155
30.0,228.0,130.0684814453125,-0.0210092410828998,1.6117904560236485,-2.462536880639236,-2.196906276081219,-1.1358953765699744,0.8444649807457459,0.0242434904857292,2.552799982203813,0.1116480754096299,1.694826688828618
30.0,228.0,130.06515502929688,-0.0208844376273081,1.6112858540625414,-2.464581772798191,-2.197336757235223,-1.135540368248341,0.8449531759330385,0.0230652072253749,2.5516731232816645,0.1096096522795719,1.6893264933658567
30.0,228.0,130.06382751464844,-0.0210768488679159,1.6115787991621522,-2.4645104577406944,-2.196788547789148,-1.1355815644650034,0.8447191841079633,0.0238637801295413,2.551499621966451,0.1068880356271441,1.6810068068410342
30.0,228.0,130.08216857910156,-0.0257587914159671,1.610558991664121,-2.4643000932343826,-2.198095761917553,-1.1331872128695446,0.8475819289434379,0.0273743082842861,2.55583922488324,0.1143184554415994,1.699544666362954
30.0,228.0,199.5938262939453,-0.3949671811153431,1.3725048594858282,-2.72843495407217,-2.7040994429639387,-1.441179167723167,0.7895823063758505,-0.0331477205715259,2.565667895272836,0.3824653502322472,2.595553165719845
30.0,228.0,130.06582641601562,-0.0217964133700762,1.61073356371079,-2.4646975462056195,-2.1973678124836447,-1.1355653088046775,0.8445189692787013,0.0243851207232991,2.5518286609802487,0.1100576809158476,1.6889306455270423
30.0,228.0,130.0671844482422,-0.0226822992858978,1.6127152107404554,-2.465214771863413,-2.197707398795992,-1.136118144769991,0.8450252691959,0.0239349770770469,2.5511831864747267,0.1047111087062736,1.6780783128160954
30.0,228.0,130.06869506835938,-0.0220162762744968,1.6108456482637925,-2.4637801583037047,-2.197786673345628,-1.1357156722421764,0.8454566093694266,0.0241997122583173,2.5535064956134432,0.1108190624818382,1.6865722295345753
30.0,228.0,130.07362365722656,-0.0221264268818857,1.609570807408197,-2.4670073715770027,-2.1973131813858777,-1.1372281276135567,0.8450514408191019,0.0242108911469233,2.550496869279125,0.1109848787753866,1.6889622050702726
30.0,228.0,130.0692901611328,-0.0203942656790777,1.6119663830322368,-2.4639858657702214,-2.197839879031834,-1.1339025559464286,0.846124412267191,0.0238077821854445,2.5530134643895543,0.1135540848143144,1.6996508312525616
30.0,228.0,130.20774841308594,-0.0344142466509275,1.6107523966774386,-2.4750905554940306,-2.194592113366949,-1.133133552801007,0.8448782326449406,0.0237176238186163,2.5542297248100043,0.1110613465447652,1.692880254395176
30.0,228.0,130.07302856445312,-0.021601863709611,1.6090304802158366,-2.465433248617948,-2.197660870042485,-1.1335822255848234,0.8463874909612131,0.0253909823231447,2.5535066732437244,0.1144541623373936,1.6995347586002725
30.0,228.0,130.12106323242188,-0.0268418524415132,1.607971210081246,-2.4712624494244704,-2.199058154505161,-1.1332600567613618,0.8443475714739972,0.0232630546507814,2.5573724150402186,0.1239606100015764,1.7152180370041608
30.0,228.0,130.06524658203125,-0.0211137806651843,1.6110109342300662,-2.46447314325604,-2.197478001105318,-1.1351332942197052,0.8447603919273498,0.0227566579576334,2.5519816483216635,0.1092873926796119,1.688166468480318
30.0,228.0,203.7299041748047,-1.4671963034076896,0.7718039591814964,-3.521820860113768,-2.7055890962796987,-1.3850800460590984,0.7492558679810841,0.0041742840984898,2.5864682179734686,0.2295821296873494,1.9406396168518183
30.0,228.0,240.0376892089844,-0.818985015422538,0.7325545795717203,-3.463958090524869,-3.1745869837099026,-1.9281247841715203,0.2058466922336207,-0.3766659363291286,2.6001316734345754,0.2265875295001577,2.1979228280822705
30.0,228.0,130.0668487548828,-0.0221310199437168,1.612231007886166,-2.463347265102013,-2.195902793829932,-1.135410584653566,0.8447991977763397,0.0230415684347215,2.552359647581762,0.1093464693642676,1.685081823927035
30.0,228.0,130.0700225830078,-0.021554109745988,1.6120439753754856,-2.4634945447088183,-2.1977249787071043,-1.1359977360920583,0.8464675320695966,0.0248784910245729,2.5535928169217965,0.114511753033331,1.699528858876211
30.0,228.0,130.06771850585938,-0.0212937730914956,1.6122709198500875,-2.464560585489906,-2.197786618314241,-1.1359934261997726,0.8459951570172819,0.0233432106041645,2.552007270481794,0.1121948788892302,1.694829161136428
30.0,228.0,130.06578063964844,-0.0212879999388618,1.6105510053673844,-2.464488534719546,-2.197272555839896,-1.135763474717601,0.8445952402434519,0.0232643179459839,2.551649264836435,0.1104185259463369,1.6901741494212992
30.0,228.0,130.06890869140625,-0.0212881890609658,1.6125458798516892,-2.4634099963670835,-2.197925844601921,-1.1340910700361262,0.8462339293574737,0.0241778059007504,2.55280639675026,0.1133285428031655,1.6987931470447826
30.0,228.0,179.13705444335938,0.0660492058487577,1.5214595839100518,-2.7992292265939085,-2.241810027398671,-1.1226951740549485,0.9419124182690414,0.1270100021468667,2.5540263710993503,0.0369377239546894,1.3056047622272542
30.0,228.0,130.07061767578125,-0.023172106139178,1.6100986851961476,-2.465180378854809,-2.1980779090085503,-1.1357025537305283,0.845075401449298,0.0228605381089993,2.5533608232514,0.1143132326260414,1.6990882288586593
30.0,228.0,130.06585693359375,-0.0212344792367432,1.611596956171054,-2.463883622208949,-2.1970193430612444,-1.1348284640974309,0.846133965015762,0.0239208272910931,2.550745482254188,0.1102800479936239,1.6878764767314764
30.0,228.0,242.24465942382807,-0.6765068837044388,0.5731721926803546,-3.182363211629109,-3.115613068305457,-2.833970604240305,0.5175124438082294,-0.1119189164304249,2.549271617641784,0.2717736279602655,1.804321352114272
30.0,228.0,210.119873046875,-0.7610068930568665,0.5642124147423887,-3.726421416211226,-2.7995431788777383,-1.3708891968054873,0.679066308131347,0.0234932080174868,2.5843400721228726,0.297657964549431,2.1950618999519365
30.0,228.0,130.06491088867188,-0.0207118288469387,1.6125093283309735,-2.4644149705166245,-2.196717429427862,-1.1359001812454683,0.8451187240352013,0.0237545792108004,2.55170721252272,0.1086081288574757,1.6832658539187528
30.0,228.0,130.06765747070312,-0.0211165446055682,1.6116653573497872,-2.464568284631722,-2.197522486989414,-1.134876841633991,0.8434866999921165,0.0230788849499952,2.5519495709868663,0.1117949214472717,1.6922518462395622
30.0,228.0,205.575927734375,-0.8160173862793221,0.5906195673798553,-3.5501247184478806,-2.9220737949502533,-1.5276746941164658,0.7254873283981647,-0.0189028447691116,2.5943872451814447,0.2168908645567235,1.9760531472632008
30.0,228.0,130.0685577392578,-0.0214742158303651,1.6109467730324951,-2.466450835732017,-2.197638478228693,-1.1357987518552104,0.8442574004585071,0.0223736766245539,2.5515699654465136,0.1084902717013209,1.6786418349818408
30.0,228.0,130.0637969970703,-0.0208902406005644,1.6119734742103369,-2.464446091986895,-2.19710559809524,-1.1354421638064411,0.8450584025667578,0.0238041773645564,2.5516346855106327,0.107609505980238,1.6832541798756713
30.0,228.0,130.0685272216797,-0.0204231134899335,1.611062975327677,-2.4638418353752822,-2.197853100892334,-1.13495453788526,0.8463109056833199,0.0228377101233381,2.55097098540779,0.1115803319670587,1.6927739742543726
30.0,228.0,130.0667266845703,-0.0214962292383847,1.612579099214685,-2.464550431406136,-2.196597799355199,-1.1341507573659386,0.8453303849581401,0.022587233949119,2.551551435751239,0.1096810228471701,1.684576094402971
30.0,228.0,130.07737731933594,-0.0208634027643532,1.6082942096757835,-2.4643821642076267,-2.1974441778419886,-1.1323291382917289,0.8448899108887054,0.0229985782335799,2.5517586754078243,0.1113570021974384,1.6893177336618093
30.0,228.0,130.06988525390625,-0.0239186560541447,1.6112328387700028,-2.464607752057477,-2.1983760548270537,-1.135946660804071,0.8455786425558565,0.024944817960014,2.5519653703984586,0.1121193428936892,1.6940196991939904
30.0,228.0,130.07627868652344,-0.0199152855721854,1.61382936432916,-2.4619207073135745,-2.1974391680795824,-1.1345695627830763,0.8486531931719119,0.0233146191908354,2.552145721206953,0.1124406432716579,1.6979525437899026
30.0,228.0,130.06600952148438,-0.0211178222070299,1.6103847759290266,-2.4644209921066222,-2.197451737189725,-1.1360195367760717,0.84494901713653,0.0235738133036352,2.551092969434705,0.1096924112457049,1.689501870068402
30.0,228.0,131.2361602783203,-0.0220692456970595,1.59744718855561,-2.4749331952861127,-2.242386412278529,-1.1309225678285506,0.8523441005269395,0.033251440959556,2.5580831916685187,0.1558555047697084,1.8390339515386167
30.0,229.0,130.0693817138672,-0.0214188136526839,1.6108251105801676,-2.4648265158406693,-2.1975313740150435,-1.1374185275384605,0.8464433757804667,0.0238876303048228,2.5518286112725463,0.1095029274699639,1.6842668571662909
30.0,229.0,130.06771850585938,-0.0204837763793947,1.61182215340722,-2.4651973070777,-2.1972024165562782,-1.1355304990247002,0.844645388656819,0.0241837554444659,2.552079006526673,0.1105315635115279,1.6857916335486856
30.0,229.0,130.06622314453125,-0.0215047765635967,1.6103141379470471,-2.4644563913230293,-2.1975268082120163,-1.1351979501028242,0.8441357910788309,0.0234713560858831,2.552014667362936,0.1104533418979117,1.6899374807038992
30.0,229.0,205.40724182128903,-1.2471719392371754,0.7338063691250966,-3.6956164114227614,-2.6893020048638974,-1.4361633841990469,0.7509499775402746,-0.0265320376388999,2.5844589496606782,0.2214973721181175,2.0621365244733765
30.0,229.0,130.0667724609375,-0.0210229994384154,1.6115277940003625,-2.4636994765590394,-2.197314128726708,-1.135729157986956,0.8459351682963937,0.0236979502262292,2.550935983381516,0.108938641664473,1.6898821360743583
30.0,229.0,130.06910705566406,-0.0213117996944473,1.611532529519285,-2.463791151901713,-2.197820122880404,-1.1346716519594982,0.8463058061721773,0.0240051534121443,2.552954066988893,0.1131229916148561,1.6999650231385195
30.0,229.0,130.06558227539062,-0.0215143448869683,1.6117678202861356,-2.464599628459077,-2.197794555532236,-1.1350439273441644,0.8450378924875739,0.0240135901909859,2.552342626393427,0.1076843139039353,1.6849837033169524
30.0,229.0,130.06484985351562,-0.0211858267688793,1.6121578262927367,-2.464613434397244,-2.197189231628401,-1.135713807671271,0.845538924738605,0.0240336650143303,2.551781135078253,0.1074190895654222,1.677790753863604
30.0,229.0,130.07180786132812,-0.0198385588222231,1.613399746182087,-2.462447093375754,-2.1980275329727466,-1.133904304055262,0.846753119792344,0.0232432009304832,2.55281013637525,0.1129654286504708,1.6988241965863846
30.0,229.0,217.80987548828125,-0.7399219093249991,0.6265199654248446,-3.3812386568411683,-3.115740592719888,-2.4970438835882924,0.4187495791001843,-0.1164287251613381,2.541142812644273,0.2703581298861386,2.0687642066891287
30.0,229.0,201.7044219970703,-0.6552952230338768,0.789537644755984,-3.131677153117997,-2.725862189701337,-1.327890814222953,0.7257755438118074,-0.0264966475501739,2.5879562114865826,0.2411740536822892,2.06908069814025
30.0,229.0,130.0678253173828,-0.021097000496736,1.6120671717205772,-2.4643632083414646,-2.197841767177915,-1.1356597626284062,0.8460760116263609,0.0238339705962724,2.552255005355281,0.1127903040248863,1.6971244983631155
30.0,229.0,130.0684814453125,-0.0210092410828998,1.6117904560236485,-2.462536880639236,-2.196906276081219,-1.1358953765699744,0.8444649807457459,0.0242434904857292,2.552799982203813,0.1116480754096299,1.694826688828618
30.0,229.0,130.06515502929688,-0.0208844376273081,1.6112858540625414,-2.464581772798191,-2.197336757235223,-1.135540368248341,0.8449531759330385,0.0230652072253749,2.5516731232816645,0.1096096522795719,1.6893264933658567
30.0,229.0,130.06382751464844,-0.0210768488679159,1.6115787991621522,-2.4645104577406944,-2.196788547789148,-1.1355815644650034,0.8447191841079633,0.0238637801295413,2.551499621966451,0.1068880356271441,1.6810068068410342
30.0,229.0,130.08216857910156,-0.0257587914159671,1.610558991664121,-2.4643000932343826,-2.198095761917553,-1.1331872128695446,0.8475819289434379,0.0273743082842861,2.55583922488324,0.1143184554415994,1.699544666362954
30.0,229.0,199.5938262939453,-0.3949671811153431,1.3725048594858282,-2.72843495407217,-2.7040994429639387,-1.441179167723167,0.7895823063758505,-0.0331477205715259,2.565667895272836,0.3824653502322472,2.595553165719845
30.0,229.0,130.06582641601562,-0.0217964133700762,1.61073356371079,-2.4646975462056195,-2.1973678124836447,-1.1355653088046775,0.8445189692787013,0.0243851207232991,2.5518286609802487,0.1100576809158476,1.6889306455270423
30.0,229.0,130.0671844482422,-0.0226822992858978,1.6127152107404554,-2.465214771863413,-2.197707398795992,-1.136118144769991,0.8450252691959,0.0239349770770469,2.5511831864747267,0.1047111087062736,1.6780783128160954
30.0,229.0,130.06869506835938,-0.0220162762744968,1.6108456482637925,-2.4637801583037047,-2.197786673345628,-1.1357156722421764,0.8454566093694266,0.0241997122583173,2.5535064956134432,0.1108190624818382,1.6865722295345753
30.0,229.0,130.07362365722656,-0.0221264268818857,1.609570807408197,-2.4670073715770027,-2.1973131813858777,-1.1372281276135567,0.8450514408191019,0.0242108911469233,2.550496869279125,0.1109848787753866,1.6889622050702726
30.0,229.0,130.0692901611328,-0.0203942656790777,1.6119663830322368,-2.4639858657702214,-2.197839879031834,-1.1339025559464286,0.846124412267191,0.0238077821854445,2.5530134643895543,0.1135540848143144,1.6996508312525616
30.0,229.0,130.19064331054688,-0.0103696390588146,1.613003483077151,-2.4663871066453,-2.205042500873642,-1.1324252729105329,0.8446222883888442,0.0240120525792447,2.551896254572664,0.1145370387021058,1.6802925842056424
30.0,229.0,130.07302856445312,-0.021601863709611,1.6090304802158366,-2.465433248617948,-2.197660870042485,-1.1335822255848234,0.8463874909612131,0.0253909823231447,2.5535066732437244,0.1144541623373936,1.6995347586002725
30.0,229.0,130.12106323242188,-0.0268418524415132,1.607971210081246,-2.4712624494244704,-2.199058154505161,-1.1332600567613618,0.8443475714739972,0.0232630546507814,2.5573724150402186,0.1239606100015764,1.7152180370041608
30.0,229.0,130.06524658203125,-0.0211137806651843,1.6110109342300662,-2.46447314325604,-2.197478001105318,-1.1351332942197052,0.8447603919273498,0.0227566579576334,2.5519816483216635,0.1092873926796119,1.688166468480318
30.0,229.0,203.7299041748047,-1.4671963034076896,0.7718039591814964,-3.521820860113768,-2.7055890962796987,-1.3850800460590984,0.7492558679810841,0.0041742840984898,2.5864682179734686,0.2295821296873494,1.9406396168518183
30.0,229.0,240.0376892089844,-0.818985015422538,0.7325545795717203,-3.463958090524869,-3.1745869837099026,-1.9281247841715203,0.2058466922336207,-0.3766659363291286,2.6001316734345754,0.2265875295001577,2.1979228280822705
30.0,229.0,130.0668487548828,-0.0221310199437168,1.612231007886166,-2.463347265102013,-2.195902793829932,-1.135410584653566,0.8447991977763397,0.0230415684347215,2.552359647581762,0.1093464693642676,1.685081823927035
30.0,229.0,130.0700225830078,-0.021554109745988,1.6120439753754856,-2.4634945447088183,-2.1977249787071043,-1.1359977360920583,0.8464675320695966,0.0248784910245729,2.5535928169217965,0.114511753033331,1.699528858876211
30.0,229.0,130.06771850585938,-0.0212937730914956,1.6122709198500875,-2.464560585489906,-2.197786618314241,-1.1359934261997726,0.8459951570172819,0.0233432106041645,2.552007270481794,0.1121948788892302,1.694829161136428
30.0,229.0,130.06578063964844,-0.0212879999388618,1.6105510053673844,-2.464488534719546,-2.197272555839896,-1.135763474717601,0.8445952402434519,0.0232643179459839,2.551649264836435,0.1104185259463369,1.6901741494212992
30.0,229.0,130.06890869140625,-0.0212881890609658,1.6125458798516892,-2.4634099963670835,-2.197925844601921,-1.1340910700361262,0.8462339293574737,0.0241778059007504,2.55280639675026,0.1133285428031655,1.6987931470447826
30.0,229.0,179.13705444335938,0.0660492058487577,1.5214595839100518,-2.7992292265939085,-2.241810027398671,-1.1226951740549485,0.9419124182690414,0.1270100021468667,2.5540263710993503,0.0369377239546894,1.3056047622272542
30.0,229.0,130.07061767578125,-0.023172106139178,1.6100986851961476,-2.465180378854809,-2.1980779090085503,-1.1357025537305283,0.845075401449298,0.0228605381089993,2.5533608232514,0.1143132326260414,1.6990882288586593
30.0,229.0,130.06585693359375,-0.0212344792367432,1.611596956171054,-2.463883622208949,-2.1970193430612444,-1.1348284640974309,0.846133965015762,0.0239208272910931,2.550745482254188,0.1102800479936239,1.6878764767314764
30.0,229.0,242.24465942382807,-0.6765068837044388,0.5731721926803546,-3.182363211629109,-3.115613068305457,-2.833970604240305,0.5175124438082294,-0.1119189164304249,2.549271617641784,0.2717736279602655,1.804321352114272
30.0,229.0,210.119873046875,-0.7610068930568665,0.5642124147423887,-3.726421416211226,-2.7995431788777383,-1.3708891968054873,0.679066308131347,0.0234932080174868,2.5843400721228726,0.297657964549431,2.1950618999519365
30.0,229.0,130.06491088867188,-0.0207118288469387,1.6125093283309735,-2.4644149705166245,-2.196717429427862,-1.1359001812454683,0.8451187240352013,0.0237545792108004,2.55170721252272,0.1086081288574757,1.6832658539187528
30.0,229.0,130.06765747070312,-0.0211165446055682,1.6116653573497872,-2.464568284631722,-2.197522486989414,-1.134876841633991,0.8434866999921165,0.0230788849499952,2.5519495709868663,0.1117949214472717,1.6922518462395622
30.0,229.0,205.575927734375,-0.8160173862793221,0.5906195673798553,-3.5501247184478806,-2.9220737949502533,-1.5276746941164658,0.7254873283981647,-0.0189028447691116,2.5943872451814447,0.2168908645567235,1.9760531472632008
30.0,229.0,130.0685577392578,-0.0214742158303651,1.6109467730324951,-2.466450835732017,-2.197638478228693,-1.1357987518552104,0.8442574004585071,0.0223736766245539,2.5515699654465136,0.1084902717013209,1.6786418349818408
30.0,229.0,130.0637969970703,-0.0208902406005644,1.6119734742103369,-2.464446091986895,-2.19710559809524,-1.1354421638064411,0.8450584025667578,0.0238041773645564,2.5516346855106327,0.107609505980238,1.6832541798756713
30.0,229.0,130.0685272216797,-0.0204231134899335,1.611062975327677,-2.4638418353752822,-2.197853100892334,-1.13495453788526,0.8463109056833199,0.0228377101233381,2.55097098540779,0.1115803319670587,1.6927739742543726
30.0,229.0,130.0667266845703,-0.0214962292383847,1.612579099214685,-2.464550431406136,-2.196597799355199,-1.1341507573659386,0.8453303849581401,0.022587233949119,2.551551435751239,0.1096810228471701,1.684576094402971
30.0,229.0,130.0702362060547,-0.0218457915107856,1.613638757775273,-2.46430260491035,-2.197402896592992,-1.1350521497383552,0.8453135282094586,0.0230884719069175,2.5512866948125987,0.1126724403367035,1.6955629067044138
30.0,229.0,130.06988525390625,-0.0239186560541447,1.6112328387700028,-2.464607752057477,-2.1983760548270537,-1.135946660804071,0.8455786425558565,0.024944817960014,2.5519653703984586,0.1121193428936892,1.6940196991939904
30.0,229.0,130.07627868652344,-0.0199152855721854,1.61382936432916,-2.4619207073135745,-2.1974391680795824,-1.1345695627830763,0.8486531931719119,0.0233146191908354,2.552145721206953,0.1124406432716579,1.6979525437899026
30.0,229.0,130.06600952148438,-0.0211178222070299,1.6103847759290266,-2.4644209921066222,-2.197451737189725,-1.1360195367760717,0.84494901713653,0.0235738133036352,2.551092969434705,0.1096924112457049,1.689501870068402
30.0,229.0,131.2361602783203,-0.0220692456970595,1.59744718855561,-2.4749331952861127,-2.242386412278529,-1.1309225678285506,0.8523441005269395,0.033251440959556,2.5580831916685187,0.1558555047697084,1.8390339515386167
30.0,230.0,130.0693817138672,-0.0214188136526839,1.6108251105801676,-2.4648265158406693,-2.1975313740150435,-1.1374185275384605,0.8464433757804667,0.0238876303048228,2.5518286112725463,0.1095029274699639,1.6842668571662909
30.0,230.0,130.06771850585938,-0.0204837763793947,1.61182215340722,-2.4651973070777,-2.1972024165562782,-1.1355304990247002,0.844645388656819,0.0241837554444659,2.552079006526673,0.1105315635115279,1.6857916335486856
30.0,230.0,130.06622314453125,-0.0215047765635967,1.6103141379470471,-2.4644563913230293,-2.1975268082120163,-1.1351979501028242,0.8441357910788309,0.0234713560858831,2.552014667362936,0.1104533418979117,1.6899374807038992
30.0,230.0,205.40724182128903,-1.2471719392371754,0.7338063691250966,-3.6956164114227614,-2.6893020048638974,-1.4361633841990469,0.7509499775402746,-0.0265320376388999,2.5844589496606782,0.2214973721181175,2.0621365244733765
30.0,230.0,130.0667724609375,-0.0210229994384154,1.6115277940003625,-2.4636994765590394,-2.197314128726708,-1.135729157986956,0.8459351682963937,0.0236979502262292,2.550935983381516,0.108938641664473,1.6898821360743583
30.0,230.0,130.06910705566406,-0.0213117996944473,1.611532529519285,-2.463791151901713,-2.197820122880404,-1.1346716519594982,0.8463058061721773,0.0240051534121443,2.552954066988893,0.1131229916148561,1.6999650231385195
30.0,230.0,130.0638885498047,-0.0216306153215951,1.6119240782874216,-2.464581016249729,-2.1976980129557977,-1.1352127160936432,0.8460956994589495,0.0237364085325118,2.551401492174704,0.1084201659412526,1.6823718943425434
30.0,230.0,130.06484985351562,-0.0211858267688793,1.6121578262927367,-2.464613434397244,-2.197189231628401,-1.135713807671271,0.845538924738605,0.0240336650143303,2.551781135078253,0.1074190895654222,1.677790753863604
30.0,230.0,130.07180786132812,-0.0198385588222231,1.613399746182087,-2.462447093375754,-2.1980275329727466,-1.133904304055262,0.846753119792344,0.0232432009304832,2.55281013637525,0.1129654286504708,1.6988241965863846
30.0,230.0,217.80987548828125,-0.7399219093249991,0.6265199654248446,-3.3812386568411683,-3.115740592719888,-2.4970438835882924,0.4187495791001843,-0.1164287251613381,2.541142812644273,0.2703581298861386,2.0687642066891287
30.0,230.0,201.7044219970703,-0.6552952230338768,0.789537644755984,-3.131677153117997,-2.725862189701337,-1.327890814222953,0.7257755438118074,-0.0264966475501739,2.5879562114865826,0.2411740536822892,2.06908069814025
30.0,230.0,130.0678253173828,-0.021097000496736,1.6120671717205772,-2.4643632083414646,-2.197841767177915,-1.1356597626284062,0.8460760116263609,0.0238339705962724,2.552255005355281,0.1127903040248863,1.6971244983631155
30.0,230.0,130.0684814453125,-0.0210092410828998,1.6117904560236485,-2.462536880639236,-2.196906276081219,-1.1358953765699744,0.8444649807457459,0.0242434904857292,2.552799982203813,0.1116480754096299,1.694826688828618
30.0,230.0,130.06515502929688,-0.0208844376273081,1.6112858540625414,-2.464581772798191,-2.197336757235223,-1.135540368248341,0.8449531759330385,0.0230652072253749,2.5516731232816645,0.1096096522795719,1.6893264933658567
30.0,230.0,130.06382751464844,-0.0210768488679159,1.6115787991621522,-2.4645104577406944,-2.196788547789148,-1.1355815644650034,0.8447191841079633,0.0238637801295413,2.551499621966451,0.1068880356271441,1.6810068068410342
30.0,230.0,130.08216857910156,-0.0257587914159671,1.610558991664121,-2.4643000932343826,-2.198095761917553,-1.1331872128695446,0.8475819289434379,0.0273743082842861,2.55583922488324,0.1143184554415994,1.699544666362954
30.0,230.0,199.5938262939453,-0.3949671811153431,1.3725048594858282,-2.72843495407217,-2.7040994429639387,-1.441179167723167,0.7895823063758505,-0.0331477205715259,2.565667895272836,0.3824653502322472,2.595553165719845
30.0,230.0,130.06582641601562,-0.0217964133700762,1.61073356371079,-2.4646975462056195,-2.1973678124836447,-1.1355653088046775,0.8445189692787013,0.0243851207232991,2.5518286609802487,0.1100576809158476,1.6889306455270423
30.0,230.0,130.0671844482422,-0.0226822992858978,1.6127152107404554,-2.465214771863413,-2.197707398795992,-1.136118144769991,0.8450252691959,0.0239349770770469,2.5511831864747267,0.1047111087062736,1.6780783128160954
30.0,230.0,130.06869506835938,-0.0220162762744968,1.6108456482637925,-2.4637801583037047,-2.197786673345628,-1.1357156722421764,0.8454566093694266,0.0241997122583173,2.5535064956134432,0.1108190624818382,1.6865722295345753
30.0,230.0,130.07362365722656,-0.0221264268818857,1.609570807408197,-2.4670073715770027,-2.1973131813858777,-1.1372281276135567,0.8450514408191019,0.0242108911469233,2.550496869279125,0.1109848787753866,1.6889622050702726
30.0,230.0,130.0692901611328,-0.0203942656790777,1.6119663830322368,-2.4639858657702214,-2.197839879031834,-1.1339025559464286,0.846124412267191,0.0238077821854445,2.5530134643895543,0.1135540848143144,1.6996508312525616
30.0,230.0,130.19064331054688,-0.0103696390588146,1.613003483077151,-2.4663871066453,-2.205042500873642,-1.1324252729105329,0.8446222883888442,0.0240120525792447,2.551896254572664,0.1145370387021058,1.6802925842056424
30.0,230.0,130.07302856445312,-0.021601863709611,1.6090304802158366,-2.465433248617948,-2.197660870042485,-1.1335822255848234,0.8463874909612131,0.0253909823231447,2.5535066732437244,0.1144541623373936,1.6995347586002725
30.0,230.0,130.12106323242188,-0.0268418524415132,1.607971210081246,-2.4712624494244704,-2.199058154505161,-1.1332600567613618,0.8443475714739972,0.0232630546507814,2.5573724150402186,0.1239606100015764,1.7152180370041608
30.0,230.0,130.06524658203125,-0.0211137806651843,1.6110109342300662,-2.46447314325604,-2.197478001105318,-1.1351332942197052,0.8447603919273498,0.0227566579576334,2.5519816483216635,0.1092873926796119,1.688166468480318
30.0,230.0,203.7299041748047,-1.4671963034076896,0.7718039591814964,-3.521820860113768,-2.7055890962796987,-1.3850800460590984,0.7492558679810841,0.0041742840984898,2.5864682179734686,0.2295821296873494,1.9406396168518183
30.0,230.0,240.0376892089844,-0.818985015422538,0.7325545795717203,-3.463958090524869,-3.1745869837099026,-1.9281247841715203,0.2058466922336207,-0.3766659363291286,2.6001316734345754,0.2265875295001577,2.1979228280822705
30.0,230.0,130.0668487548828,-0.0221310199437168,1.612231007886166,-2.463347265102013,-2.195902793829932,-1.135410584653566,0.8447991977763397,0.0230415684347215,2.552359647581762,0.1093464693642676,1.685081823927035
30.0,230.0,130.0700225830078,-0.021554109745988,1.6120439753754856,-2.4634945447088183,-2.1977249787071043,-1.1359977360920583,0.8464675320695966,0.0248784910245729,2.5535928169217965,0.114511753033331,1.699528858876211
30.0,230.0,130.06771850585938,-0.0212937730914956,1.6122709198500875,-2.464560585489906,-2.197786618314241,-1.1359934261997726,0.8459951570172819,0.0233432106041645,2.552007270481794,0.1121948788892302,1.694829161136428
30.0,230.0,130.06578063964844,-0.0212879999388618,1.6105510053673844,-2.464488534719546,-2.197272555839896,-1.135763474717601,0.8445952402434519,0.0232643179459839,2.551649264836435,0.1104185259463369,1.6901741494212992
30.0,230.0,130.06890869140625,-0.0212881890609658,1.6125458798516892,-2.4634099963670835,-2.197925844601921,-1.1340910700361262,0.8462339293574737,0.0241778059007504,2.55280639675026,0.1133285428031655,1.6987931470447826
30.0,230.0,179.13705444335938,0.0660492058487577,1.5214595839100518,-2.7992292265939085,-2.241810027398671,-1.1226951740549485,0.9419124182690414,0.1270100021468667,2.5540263710993503,0.0369377239546894,1.3056047622272542
30.0,230.0,130.07061767578125,-0.023172106139178,1.6100986851961476,-2.465180378854809,-2.1980779090085503,-1.1357025537305283,0.845075401449298,0.0228605381089993,2.5533608232514,0.1143132326260414,1.6990882288586593
30.0,230.0,130.06585693359375,-0.0212344792367432,1.611596956171054,-2.463883622208949,-2.1970193430612444,-1.1348284640974309,0.846133965015762,0.0239208272910931,2.550745482254188,0.1102800479936239,1.6878764767314764
30.0,230.0,242.24465942382807,-0.6765068837044388,0.5731721926803546,-3.182363211629109,-3.115613068305457,-2.833970604240305,0.5175124438082294,-0.1119189164304249,2.549271617641784,0.2717736279602655,1.804321352114272
30.0,230.0,210.119873046875,-0.7610068930568665,0.5642124147423887,-3.726421416211226,-2.7995431788777383,-1.3708891968054873,0.679066308131347,0.0234932080174868,2.5843400721228726,0.297657964549431,2.1950618999519365
30.0,230.0,130.06375122070312,-0.0209372073530522,1.6120234416172865,-2.464410366898343,-2.1971355713911707,-1.135633373113417,0.8451368512427259,0.0237830986383357,2.5517012422752554,0.1079613570312039,1.6833267954178577
30.0,230.0,130.06765747070312,-0.0211165446055682,1.6116653573497872,-2.464568284631722,-2.197522486989414,-1.134876841633991,0.8434866999921165,0.0230788849499952,2.5519495709868663,0.1117949214472717,1.6922518462395622
30.0,230.0,205.575927734375,-0.8160173862793221,0.5906195673798553,-3.5501247184478806,-2.9220737949502533,-1.5276746941164658,0.7254873283981647,-0.0189028447691116,2.5943872451814447,0.2168908645567235,1.9760531472632008
30.0,230.0,130.0685577392578,-0.0214742158303651,1.6109467730324951,-2.466450835732017,-2.197638478228693,-1.1357987518552104,0.8442574004585071,0.0223736766245539,2.5515699654465136,0.1084902717013209,1.6786418349818408
30.0,230.0,130.0637969970703,-0.0208902406005644,1.6119734742103369,-2.464446091986895,-2.19710559809524,-1.1354421638064411,0.8450584025667578,0.0238041773645564,2.5516346855106327,0.107609505980238,1.6832541798756713
30.0,230.0,130.0685272216797,-0.0204231134899335,1.611062975327677,-2.4638418353752822,-2.197853100892334,-1.13495453788526,0.8463109056833199,0.0228377101233381,2.55097098540779,0.1115803319670587,1.6927739742543726
30.0,230.0,130.0667266845703,-0.0214962292383847,1.612579099214685,-2.464550431406136,-2.196597799355199,-1.1341507573659386,0.8453303849581401,0.022587233949119,2.551551435751239,0.1096810228471701,1.684576094402971
30.0,230.0,130.0702362060547,-0.0218457915107856,1.613638757775273,-2.46430260491035,-2.197402896592992,-1.1350521497383552,0.8453135282094586,0.0230884719069175,2.5512866948125987,0.1126724403367035,1.6955629067044138
30.0,230.0,130.06988525390625,-0.0239186560541447,1.6112328387700028,-2.464607752057477,-2.1983760548270537,-1.135946660804071,0.8455786425558565,0.024944817960014,2.5519653703984586,0.1121193428936892,1.6940196991939904
30.0,230.0,130.07627868652344,-0.0199152855721854,1.61382936432916,-2.4619207073135745,-2.1974391680795824,-1.1345695627830763,0.8486531931719119,0.0233146191908354,2.552145721206953,0.1124406432716579,1.6979525437899026
30.0,230.0,130.06600952148438,-0.0211178222070299,1.6103847759290266,-2.4644209921066222,-2.197451737189725,-1.1360195367760717,0.84494901713653,0.0235738133036352,2.551092969434705,0.1096924112457049,1.689501870068402
30.0,230.0,131.00650024414062,-0.0214951375529884,1.6008507845851492,-2.456275866871364,-2.179079801589213,-1.1415978105723608,0.8507188227011097,0.0316918556992753,2.554670968290987,0.113118546062332,1.77268876802622
30.0,231.0,130.0693817138672,-0.0214188136526839,1.6108251105801676,-2.4648265158406693,-2.1975313740150435,-1.1374185275384605,0.8464433757804667,0.0238876303048228,2.5518286112725463,0.1095029274699639,1.6842668571662909
30.0,231.0,130.06771850585938,-0.0204837763793947,1.61182215340722,-2.4651973070777,-2.1972024165562782,-1.1355304990247002,0.844645388656819,0.0241837554444659,2.552079006526673,0.1105315635115279,1.6857916335486856
30.0,231.0,130.06622314453125,-0.0215047765635967,1.6103141379470471,-2.4644563913230293,-2.1975268082120163,-1.1351979501028242,0.8441357910788309,0.0234713560858831,2.552014667362936,0.1104533418979117,1.6899374807038992
30.0,231.0,205.40724182128903,-1.2471719392371754,0.7338063691250966,-3.6956164114227614,-2.6893020048638974,-1.4361633841990469,0.7509499775402746,-0.0265320376388999,2.5844589496606782,0.2214973721181175,2.0621365244733765
30.0,231.0,130.0667724609375,-0.0210229994384154,1.6115277940003625,-2.4636994765590394,-2.197314128726708,-1.135729157986956,0.8459351682963937,0.0236979502262292,2.550935983381516,0.108938641664473,1.6898821360743583
30.0,231.0,130.06910705566406,-0.0213117996944473,1.611532529519285,-2.463791151901713,-2.197820122880404,-1.1346716519594982,0.8463058061721773,0.0240051534121443,2.552954066988893,0.1131229916148561,1.6999650231385195
30.0,231.0,130.0638885498047,-0.0216306153215951,1.6119240782874216,-2.464581016249729,-2.1976980129557977,-1.1352127160936432,0.8460956994589495,0.0237364085325118,2.551401492174704,0.1084201659412526,1.6823718943425434
30.0,231.0,130.06484985351562,-0.0211858267688793,1.6121578262927367,-2.464613434397244,-2.197189231628401,-1.135713807671271,0.845538924738605,0.0240336650143303,2.551781135078253,0.1074190895654222,1.677790753863604
30.0,231.0,130.07180786132812,-0.0198385588222231,1.613399746182087,-2.462447093375754,-2.1980275329727466,-1.133904304055262,0.846753119792344,0.0232432009304832,2.55281013637525,0.1129654286504708,1.6988241965863846
30.0,231.0,217.80987548828125,-0.7399219093249991,0.6265199654248446,-3.3812386568411683,-3.115740592719888,-2.4970438835882924,0.4187495791001843,-0.1164287251613381,2.541142812644273,0.2703581298861386,2.0687642066891287
30.0,231.0,201.7044219970703,-0.6552952230338768,0.789537644755984,-3.131677153117997,-2.725862189701337,-1.327890814222953,0.7257755438118074,-0.0264966475501739,2.5879562114865826,0.2411740536822892,2.06908069814025
30.0,231.0,130.0678253173828,-0.021097000496736,1.6120671717205772,-2.4643632083414646,-2.197841767177915,-1.1356597626284062,0.8460760116263609,0.0238339705962724,2.552255005355281,0.1127903040248863,1.6971244983631155
30.0,231.0,130.0684814453125,-0.0210092410828998,1.6117904560236485,-2.462536880639236,-2.196906276081219,-1.1358953765699744,0.8444649807457459,0.0242434904857292,2.552799982203813,0.1116480754096299,1.694826688828618
30.0,231.0,130.06515502929688,-0.0208844376273081,1.6112858540625414,-2.464581772798191,-2.197336757235223,-1.135540368248341,0.8449531759330385,0.0230652072253749,2.5516731232816645,0.1096096522795719,1.6893264933658567
30.0,231.0,130.06382751464844,-0.0210768488679159,1.6115787991621522,-2.4645104577406944,-2.196788547789148,-1.1355815644650034,0.8447191841079633,0.0238637801295413,2.551499621966451,0.1068880356271441,1.6810068068410342
30.0,231.0,130.08216857910156,-0.0257587914159671,1.610558991664121,-2.4643000932343826,-2.198095761917553,-1.1331872128695446,0.8475819289434379,0.0273743082842861,2.55583922488324,0.1143184554415994,1.699544666362954
30.0,231.0,199.5938262939453,-0.3949671811153431,1.3725048594858282,-2.72843495407217,-2.7040994429639387,-1.441179167723167,0.7895823063758505,-0.0331477205715259,2.565667895272836,0.3824653502322472,2.595553165719845
30.0,231.0,130.0644989013672,-0.0214211482992804,1.6125404036582711,-2.464299664706309,-2.1971144611460014,-1.1354682394854785,0.8448123523927986,0.0241502437830896,2.5518448736467563,0.1045248721869337,1.6737374723588616
30.0,231.0,130.0671844482422,-0.0226822992858978,1.6127152107404554,-2.465214771863413,-2.197707398795992,-1.136118144769991,0.8450252691959,0.0239349770770469,2.5511831864747267,0.1047111087062736,1.6780783128160954
30.0,231.0,130.06869506835938,-0.0220162762744968,1.6108456482637925,-2.4637801583037047,-2.197786673345628,-1.1357156722421764,0.8454566093694266,0.0241997122583173,2.5535064956134432,0.1108190624818382,1.6865722295345753
30.0,231.0,130.07362365722656,-0.0221264268818857,1.609570807408197,-2.4670073715770027,-2.1973131813858777,-1.1372281276135567,0.8450514408191019,0.0242108911469233,2.550496869279125,0.1109848787753866,1.6889622050702726
30.0,231.0,130.0692901611328,-0.0203942656790777,1.6119663830322368,-2.4639858657702214,-2.197839879031834,-1.1339025559464286,0.846124412267191,0.0238077821854445,2.5530134643895543,0.1135540848143144,1.6996508312525616
30.0,231.0,130.09556579589844,-0.0153424889391579,1.61074538233933,-2.4638534281995232,-2.1965900388831567,-1.1339904150969324,0.845384834101792,0.0237348319923447,2.551260466518148,0.1042898461988527,1.6846350318965744
30.0,231.0,130.07302856445312,-0.021601863709611,1.6090304802158366,-2.465433248617948,-2.197660870042485,-1.1335822255848234,0.8463874909612131,0.0253909823231447,2.5535066732437244,0.1144541623373936,1.6995347586002725
30.0,231.0,130.12106323242188,-0.0268418524415132,1.607971210081246,-2.4712624494244704,-2.199058154505161,-1.1332600567613618,0.8443475714739972,0.0232630546507814,2.5573724150402186,0.1239606100015764,1.7152180370041608
30.0,231.0,130.06524658203125,-0.0211137806651843,1.6110109342300662,-2.46447314325604,-2.197478001105318,-1.1351332942197052,0.8447603919273498,0.0227566579576334,2.5519816483216635,0.1092873926796119,1.688166468480318
30.0,231.0,203.7299041748047,-1.4671963034076896,0.7718039591814964,-3.521820860113768,-2.7055890962796987,-1.3850800460590984,0.7492558679810841,0.0041742840984898,2.5864682179734686,0.2295821296873494,1.9406396168518183
30.0,231.0,240.0376892089844,-0.818985015422538,0.7325545795717203,-3.463958090524869,-3.1745869837099026,-1.9281247841715203,0.2058466922336207,-0.3766659363291286,2.6001316734345754,0.2265875295001577,2.1979228280822705
30.0,231.0,130.0668487548828,-0.0221310199437168,1.612231007886166,-2.463347265102013,-2.195902793829932,-1.135410584653566,0.8447991977763397,0.0230415684347215,2.552359647581762,0.1093464693642676,1.685081823927035
30.0,231.0,130.0700225830078,-0.021554109745988,1.6120439753754856,-2.4634945447088183,-2.1977249787071043,-1.1359977360920583,0.8464675320695966,0.0248784910245729,2.5535928169217965,0.114511753033331,1.699528858876211
30.0,231.0,130.06771850585938,-0.0212937730914956,1.6122709198500875,-2.464560585489906,-2.197786618314241,-1.1359934261997726,0.8459951570172819,0.0233432106041645,2.552007270481794,0.1121948788892302,1.694829161136428
30.0,231.0,130.06578063964844,-0.0212879999388618,1.6105510053673844,-2.464488534719546,-2.197272555839896,-1.135763474717601,0.8445952402434519,0.0232643179459839,2.551649264836435,0.1104185259463369,1.6901741494212992
30.0,231.0,130.06890869140625,-0.0212881890609658,1.6125458798516892,-2.4634099963670835,-2.197925844601921,-1.1340910700361262,0.8462339293574737,0.0241778059007504,2.55280639675026,0.1133285428031655,1.6987931470447826
30.0,231.0,147.42127990722656,0.0140166682907658,1.6551451218798996,-2.3316207941156137,-2.2455899923782083,-1.1307476143708748,0.8300822125973898,-0.0363740567893924,2.541531352461153,0.0563548073336872,1.7314243994854963
30.0,231.0,130.07061767578125,-0.023172106139178,1.6100986851961476,-2.465180378854809,-2.1980779090085503,-1.1357025537305283,0.845075401449298,0.0228605381089993,2.5533608232514,0.1143132326260414,1.6990882288586593
30.0,231.0,130.06585693359375,-0.0212344792367432,1.611596956171054,-2.463883622208949,-2.1970193430612444,-1.1348284640974309,0.846133965015762,0.0239208272910931,2.550745482254188,0.1102800479936239,1.6878764767314764
30.0,231.0,242.24465942382807,-0.6765068837044388,0.5731721926803546,-3.182363211629109,-3.115613068305457,-2.833970604240305,0.5175124438082294,-0.1119189164304249,2.549271617641784,0.2717736279602655,1.804321352114272
30.0,231.0,210.119873046875,-0.7610068930568665,0.5642124147423887,-3.726421416211226,-2.7995431788777383,-1.3708891968054873,0.679066308131347,0.0234932080174868,2.5843400721228726,0.297657964549431,2.1950618999519365
30.0,231.0,130.06375122070312,-0.0209372073530522,1.6120234416172865,-2.464410366898343,-2.1971355713911707,-1.135633373113417,0.8451368512427259,0.0237830986383357,2.5517012422752554,0.1079613570312039,1.6833267954178577
30.0,231.0,130.06765747070312,-0.0211165446055682,1.6116653573497872,-2.464568284631722,-2.197522486989414,-1.134876841633991,0.8434866999921165,0.0230788849499952,2.5519495709868663,0.1117949214472717,1.6922518462395622
30.0,231.0,205.575927734375,-0.8160173862793221,0.5906195673798553,-3.5501247184478806,-2.9220737949502533,-1.5276746941164658,0.7254873283981647,-0.0189028447691116,2.5943872451814447,0.2168908645567235,1.9760531472632008
30.0,231.0,130.0685577392578,-0.0214742158303651,1.6109467730324951,-2.466450835732017,-2.197638478228693,-1.1357987518552104,0.8442574004585071,0.0223736766245539,2.5515699654465136,0.1084902717013209,1.6786418349818408
30.0,231.0,130.0637969970703,-0.0208902406005644,1.6119734742103369,-2.464446091986895,-2.19710559809524,-1.1354421638064411,0.8450584025667578,0.0238041773645564,2.5516346855106327,0.107609505980238,1.6832541798756713
30.0,231.0,130.0685272216797,-0.0204231134899335,1.611062975327677,-2.4638418353752822,-2.197853100892334,-1.13495453788526,0.8463109056833199,0.0228377101233381,2.55097098540779,0.1115803319670587,1.6927739742543726
30.0,231.0,130.06634521484375,-0.0210038286545981,1.6117823432397298,-2.464447323116719,-2.1958443727144834,-1.1351182201469143,0.845382276388161,0.0242172755252103,2.551795964286188,0.1078585335038451,1.679179762071412
30.0,231.0,130.0702362060547,-0.0218457915107856,1.613638757775273,-2.46430260491035,-2.197402896592992,-1.1350521497383552,0.8453135282094586,0.0230884719069175,2.5512866948125987,0.1126724403367035,1.6955629067044138
30.0,231.0,130.06988525390625,-0.0239186560541447,1.6112328387700028,-2.464607752057477,-2.1983760548270537,-1.135946660804071,0.8455786425558565,0.024944817960014,2.5519653703984586,0.1121193428936892,1.6940196991939904
30.0,231.0,130.07627868652344,-0.0199152855721854,1.61382936432916,-2.4619207073135745,-2.1974391680795824,-1.1345695627830763,0.8486531931719119,0.0233146191908354,2.552145721206953,0.1124406432716579,1.6979525437899026
30.0,231.0,130.06600952148438,-0.0211178222070299,1.6103847759290266,-2.4644209921066222,-2.197451737189725,-1.1360195367760717,0.84494901713653,0.0235738133036352,2.551092969434705,0.1096924112457049,1.689501870068402
30.0,231.0,131.00650024414062,-0.0214951375529884,1.6008507845851492,-2.456275866871364,-2.179079801589213,-1.1415978105723608,0.8507188227011097,0.0316918556992753,2.554670968290987,0.113118546062332,1.77268876802622
30.0,232.0,130.0673370361328,-0.0212574703552814,1.6126445432731904,-2.464483435719329,-2.1975162620919044,-1.1330296256756889,0.8459125890822118,0.0237424067781487,2.5517014433689766,0.1086628574154119,1.6808257579852512
30.0,232.0,130.06771850585938,-0.0204837763793947,1.61182215340722,-2.4651973070777,-2.1972024165562782,-1.1355304990247002,0.844645388656819,0.0241837554444659,2.552079006526673,0.1105315635115279,1.6857916335486856
30.0,232.0,130.06622314453125,-0.0215047765635967,1.6103141379470471,-2.4644563913230293,-2.1975268082120163,-1.1351979501028242,0.8441357910788309,0.0234713560858831,2.552014667362936,0.1104533418979117,1.6899374807038992
30.0,232.0,205.40724182128903,-1.2471719392371754,0.7338063691250966,-3.6956164114227614,-2.6893020048638974,-1.4361633841990469,0.7509499775402746,-0.0265320376388999,2.5844589496606782,0.2214973721181175,2.0621365244733765
30.0,232.0,130.0667724609375,-0.0210229994384154,1.6115277940003625,-2.4636994765590394,-2.197314128726708,-1.135729157986956,0.8459351682963937,0.0236979502262292,2.550935983381516,0.108938641664473,1.6898821360743583
30.0,232.0,130.06910705566406,-0.0213117996944473,1.611532529519285,-2.463791151901713,-2.197820122880404,-1.1346716519594982,0.8463058061721773,0.0240051534121443,2.552954066988893,0.1131229916148561,1.6999650231385195
30.0,232.0,130.06317138671875,-0.0214908486386406,1.6119646848450615,-2.464259312106244,-2.197573074584596,-1.135017991129897,0.8452881582951637,0.0238173310964382,2.551662452147406,0.1076228111777817,1.682164242503162
30.0,232.0,130.06484985351562,-0.0211858267688793,1.6121578262927367,-2.464613434397244,-2.197189231628401,-1.135713807671271,0.845538924738605,0.0240336650143303,2.551781135078253,0.1074190895654222,1.677790753863604
30.0,232.0,130.07180786132812,-0.0198385588222231,1.613399746182087,-2.462447093375754,-2.1980275329727466,-1.133904304055262,0.846753119792344,0.0232432009304832,2.55281013637525,0.1129654286504708,1.6988241965863846
30.0,232.0,217.80987548828125,-0.7399219093249991,0.6265199654248446,-3.3812386568411683,-3.115740592719888,-2.4970438835882924,0.4187495791001843,-0.1164287251613381,2.541142812644273,0.2703581298861386,2.0687642066891287
30.0,232.0,201.7044219970703,-0.6552952230338768,0.789537644755984,-3.131677153117997,-2.725862189701337,-1.327890814222953,0.7257755438118074,-0.0264966475501739,2.5879562114865826,0.2411740536822892,2.06908069814025
30.0,232.0,130.0678253173828,-0.021097000496736,1.6120671717205772,-2.4643632083414646,-2.197841767177915,-1.1356597626284062,0.8460760116263609,0.0238339705962724,2.552255005355281,0.1127903040248863,1.6971244983631155
30.0,232.0,130.0684814453125,-0.0210092410828998,1.6117904560236485,-2.462536880639236,-2.196906276081219,-1.1358953765699744,0.8444649807457459,0.0242434904857292,2.552799982203813,0.1116480754096299,1.694826688828618
30.0,232.0,130.06515502929688,-0.0208844376273081,1.6112858540625414,-2.464581772798191,-2.197336757235223,-1.135540368248341,0.8449531759330385,0.0230652072253749,2.5516731232816645,0.1096096522795719,1.6893264933658567
30.0,232.0,130.06382751464844,-0.0210768488679159,1.6115787991621522,-2.4645104577406944,-2.196788547789148,-1.1355815644650034,0.8447191841079633,0.0238637801295413,2.551499621966451,0.1068880356271441,1.6810068068410342
30.0,232.0,130.08216857910156,-0.0257587914159671,1.610558991664121,-2.4643000932343826,-2.198095761917553,-1.1331872128695446,0.8475819289434379,0.0273743082842861,2.55583922488324,0.1143184554415994,1.699544666362954
30.0,232.0,199.5938262939453,-0.3949671811153431,1.3725048594858282,-2.72843495407217,-2.7040994429639387,-1.441179167723167,0.7895823063758505,-0.0331477205715259,2.565667895272836,0.3824653502322472,2.595553165719845
30.0,232.0,130.0644989013672,-0.0214211482992804,1.6125404036582711,-2.464299664706309,-2.1971144611460014,-1.1354682394854785,0.8448123523927986,0.0241502437830896,2.5518448736467563,0.1045248721869337,1.6737374723588616
30.0,232.0,130.0671844482422,-0.0226822992858978,1.6127152107404554,-2.465214771863413,-2.197707398795992,-1.136118144769991,0.8450252691959,0.0239349770770469,2.5511831864747267,0.1047111087062736,1.6780783128160954
30.0,232.0,130.06869506835938,-0.0220162762744968,1.6108456482637925,-2.4637801583037047,-2.197786673345628,-1.1357156722421764,0.8454566093694266,0.0241997122583173,2.5535064956134432,0.1108190624818382,1.6865722295345753
30.0,232.0,130.07362365722656,-0.0221264268818857,1.609570807408197,-2.4670073715770027,-2.1973131813858777,-1.1372281276135567,0.8450514408191019,0.0242108911469233,2.550496869279125,0.1109848787753866,1.6889622050702726
30.0,232.0,130.0692901611328,-0.0203942656790777,1.6119663830322368,-2.4639858657702214,-2.197839879031834,-1.1339025559464286,0.846124412267191,0.0238077821854445,2.5530134643895543,0.1135540848143144,1.6996508312525616
30.0,232.0,130.09556579589844,-0.0153424889391579,1.61074538233933,-2.4638534281995232,-2.1965900388831567,-1.1339904150969324,0.845384834101792,0.0237348319923447,2.551260466518148,0.1042898461988527,1.6846350318965744
30.0,232.0,130.07302856445312,-0.021601863709611,1.6090304802158366,-2.465433248617948,-2.197660870042485,-1.1335822255848234,0.8463874909612131,0.0253909823231447,2.5535066732437244,0.1144541623373936,1.6995347586002725
30.0,232.0,130.12106323242188,-0.0268418524415132,1.607971210081246,-2.4712624494244704,-2.199058154505161,-1.1332600567613618,0.8443475714739972,0.0232630546507814,2.5573724150402186,0.1239606100015764,1.7152180370041608
30.0,232.0,130.06295776367188,-0.0209722800348992,1.612076634196732,-2.4644169416835093,-2.197409166080972,-1.1350960288458007,0.8450540787196443,0.0228528809136173,2.5507801907869663,0.1077065074623773,1.683861431917406
30.0,232.0,203.7299041748047,-1.4671963034076896,0.7718039591814964,-3.521820860113768,-2.7055890962796987,-1.3850800460590984,0.7492558679810841,0.0041742840984898,2.5864682179734686,0.2295821296873494,1.9406396168518183
30.0,232.0,240.0376892089844,-0.818985015422538,0.7325545795717203,-3.463958090524869,-3.1745869837099026,-1.9281247841715203,0.2058466922336207,-0.3766659363291286,2.6001316734345754,0.2265875295001577,2.1979228280822705
30.0,232.0,130.0665740966797,-0.0210263366344144,1.6120209814927406,-2.463079897404949,-2.196910935193692,-1.1357517880420425,0.8450259857888849,0.0229577717942005,2.550890472345729,0.108400073449314,1.677932496308244
30.0,232.0,130.0700225830078,-0.021554109745988,1.6120439753754856,-2.4634945447088183,-2.1977249787071043,-1.1359977360920583,0.8464675320695966,0.0248784910245729,2.5535928169217965,0.114511753033331,1.699528858876211
30.0,232.0,130.06771850585938,-0.0212937730914956,1.6122709198500875,-2.464560585489906,-2.197786618314241,-1.1359934261997726,0.8459951570172819,0.0233432106041645,2.552007270481794,0.1121948788892302,1.694829161136428
30.0,232.0,130.06578063964844,-0.0212879999388618,1.6105510053673844,-2.464488534719546,-2.197272555839896,-1.135763474717601,0.8445952402434519,0.0232643179459839,2.551649264836435,0.1104185259463369,1.6901741494212992
30.0,232.0,130.06890869140625,-0.0212881890609658,1.6125458798516892,-2.4634099963670835,-2.197925844601921,-1.1340910700361262,0.8462339293574737,0.0241778059007504,2.55280639675026,0.1133285428031655,1.6987931470447826
30.0,232.0,147.42127990722656,0.0140166682907658,1.6551451218798996,-2.3316207941156137,-2.2455899923782083,-1.1307476143708748,0.8300822125973898,-0.0363740567893924,2.541531352461153,0.0563548073336872,1.7314243994854963
30.0,232.0,130.07061767578125,-0.023172106139178,1.6100986851961476,-2.465180378854809,-2.1980779090085503,-1.1357025537305283,0.845075401449298,0.0228605381089993,2.5533608232514,0.1143132326260414,1.6990882288586593
30.0,232.0,130.06585693359375,-0.0212344792367432,1.611596956171054,-2.463883622208949,-2.1970193430612444,-1.1348284640974309,0.846133965015762,0.0239208272910931,2.550745482254188,0.1102800479936239,1.6878764767314764
30.0,232.0,242.24465942382807,-0.6765068837044388,0.5731721926803546,-3.182363211629109,-3.115613068305457,-2.833970604240305,0.5175124438082294,-0.1119189164304249,2.549271617641784,0.2717736279602655,1.804321352114272
30.0,232.0,210.119873046875,-0.7610068930568665,0.5642124147423887,-3.726421416211226,-2.7995431788777383,-1.3708891968054873,0.679066308131347,0.0234932080174868,2.5843400721228726,0.297657964549431,2.1950618999519365
30.0,232.0,130.06375122070312,-0.0209372073530522,1.6120234416172865,-2.464410366898343,-2.1971355713911707,-1.135633373113417,0.8451368512427259,0.0237830986383357,2.5517012422752554,0.1079613570312039,1.6833267954178577
30.0,232.0,130.06765747070312,-0.0211165446055682,1.6116653573497872,-2.464568284631722,-2.197522486989414,-1.134876841633991,0.8434866999921165,0.0230788849499952,2.5519495709868663,0.1117949214472717,1.6922518462395622
30.0,232.0,205.575927734375,-0.8160173862793221,0.5906195673798553,-3.5501247184478806,-2.9220737949502533,-1.5276746941164658,0.7254873283981647,-0.0189028447691116,2.5943872451814447,0.2168908645567235,1.9760531472632008
30.0,232.0,130.06529235839844,-0.0220330173833849,1.6109356131645085,-2.4654756545114487,-2.197213359851332,-1.135737747654701,0.8440522345580924,0.0223562407946198,2.551527362310936,0.1074845200418084,1.6836464374894873
30.0,232.0,130.0637969970703,-0.0208902406005644,1.6119734742103369,-2.464446091986895,-2.19710559809524,-1.1354421638064411,0.8450584025667578,0.0238041773645564,2.5516346855106327,0.107609505980238,1.6832541798756713
30.0,232.0,130.0685272216797,-0.0204231134899335,1.611062975327677,-2.4638418353752822,-2.197853100892334,-1.13495453788526,0.8463109056833199,0.0228377101233381,2.55097098540779,0.1115803319670587,1.6927739742543726
30.0,232.0,130.06634521484375,-0.0210038286545981,1.6117823432397298,-2.464447323116719,-2.1958443727144834,-1.1351182201469143,0.845382276388161,0.0242172755252103,2.551795964286188,0.1078585335038451,1.679179762071412
30.0,232.0,130.0702362060547,-0.0218457915107856,1.613638757775273,-2.46430260491035,-2.197402896592992,-1.1350521497383552,0.8453135282094586,0.0230884719069175,2.5512866948125987,0.1126724403367035,1.6955629067044138
30.0,232.0,130.06988525390625,-0.0239186560541447,1.6112328387700028,-2.464607752057477,-2.1983760548270537,-1.135946660804071,0.8455786425558565,0.024944817960014,2.5519653703984586,0.1121193428936892,1.6940196991939904
30.0,232.0,130.07627868652344,-0.0199152855721854,1.61382936432916,-2.4619207073135745,-2.1974391680795824,-1.1345695627830763,0.8486531931719119,0.0233146191908354,2.552145721206953,0.1124406432716579,1.6979525437899026
30.0,232.0,130.06600952148438,-0.0211178222070299,1.6103847759290266,-2.4644209921066222,-2.197451737189725,-1.1360195367760717,0.84494901713653,0.0235738133036352,2.551092969434705,0.1096924112457049,1.689501870068402
30.0,232.0,131.00650024414062,-0.0214951375529884,1.6008507845851492,-2.456275866871364,-2.179079801589213,-1.1415978105723608,0.8507188227011097,0.0316918556992753,2.554670968290987,0.113118546062332,1.77268876802622
30.0,233.0,130.06402587890625,-0.020860352191709,1.6128854027029669,-2.464337337197087,-2.1978009971743457,-1.1345951672518164,0.8441846749292105,0.0225346278435236,2.550010120524651,0.1074098195854461,1.683671096546285
30.0,233.0,130.06771850585938,-0.0204837763793947,1.61182215340722,-2.4651973070777,-2.1972024165562782,-1.1355304990247002,0.844645388656819,0.0241837554444659,2.552079006526673,0.1105315635115279,1.6857916335486856
30.0,233.0,130.06622314453125,-0.0215047765635967,1.6103141379470471,-2.4644563913230293,-2.1975268082120163,-1.1351979501028242,0.8441357910788309,0.0234713560858831,2.552014667362936,0.1104533418979117,1.6899374807038992
30.0,233.0,205.40724182128903,-1.2471719392371754,0.7338063691250966,-3.6956164114227614,-2.6893020048638974,-1.4361633841990469,0.7509499775402746,-0.0265320376388999,2.5844589496606782,0.2214973721181175,2.0621365244733765
30.0,233.0,130.0667724609375,-0.0210229994384154,1.6115277940003625,-2.4636994765590394,-2.197314128726708,-1.135729157986956,0.8459351682963937,0.0236979502262292,2.550935983381516,0.108938641664473,1.6898821360743583
30.0,233.0,130.06910705566406,-0.0213117996944473,1.611532529519285,-2.463791151901713,-2.197820122880404,-1.1346716519594982,0.8463058061721773,0.0240051534121443,2.552954066988893,0.1131229916148561,1.6999650231385195
30.0,233.0,130.06317138671875,-0.0214908486386406,1.6119646848450615,-2.464259312106244,-2.197573074584596,-1.135017991129897,0.8452881582951637,0.0238173310964382,2.551662452147406,0.1076228111777817,1.682164242503162
30.0,233.0,130.06484985351562,-0.0211858267688793,1.6121578262927367,-2.464613434397244,-2.197189231628401,-1.135713807671271,0.845538924738605,0.0240336650143303,2.551781135078253,0.1074190895654222,1.677790753863604
30.0,233.0,130.07180786132812,-0.0198385588222231,1.613399746182087,-2.462447093375754,-2.1980275329727466,-1.133904304055262,0.846753119792344,0.0232432009304832,2.55281013637525,0.1129654286504708,1.6988241965863846
30.0,233.0,217.80987548828125,-0.7399219093249991,0.6265199654248446,-3.3812386568411683,-3.115740592719888,-2.4970438835882924,0.4187495791001843,-0.1164287251613381,2.541142812644273,0.2703581298861386,2.0687642066891287
30.0,233.0,201.7044219970703,-0.6552952230338768,0.789537644755984,-3.131677153117997,-2.725862189701337,-1.327890814222953,0.7257755438118074,-0.0264966475501739,2.5879562114865826,0.2411740536822892,2.06908069814025
30.0,233.0,130.0678253173828,-0.021097000496736,1.6120671717205772,-2.4643632083414646,-2.197841767177915,-1.1356597626284062,0.8460760116263609,0.0238339705962724,2.552255005355281,0.1127903040248863,1.6971244983631155
30.0,233.0,130.0684814453125,-0.0210092410828998,1.6117904560236485,-2.462536880639236,-2.196906276081219,-1.1358953765699744,0.8444649807457459,0.0242434904857292,2.552799982203813,0.1116480754096299,1.694826688828618
30.0,233.0,130.06515502929688,-0.0208844376273081,1.6112858540625414,-2.464581772798191,-2.197336757235223,-1.135540368248341,0.8449531759330385,0.0230652072253749,2.5516731232816645,0.1096096522795719,1.6893264933658567
30.0,233.0,130.06382751464844,-0.0210768488679159,1.6115787991621522,-2.4645104577406944,-2.196788547789148,-1.1355815644650034,0.8447191841079633,0.0238637801295413,2.551499621966451,0.1068880356271441,1.6810068068410342
30.0,233.0,130.08216857910156,-0.0257587914159671,1.610558991664121,-2.4643000932343826,-2.198095761917553,-1.1331872128695446,0.8475819289434379,0.0273743082842861,2.55583922488324,0.1143184554415994,1.699544666362954
30.0,233.0,199.5938262939453,-0.3949671811153431,1.3725048594858282,-2.72843495407217,-2.7040994429639387,-1.441179167723167,0.7895823063758505,-0.0331477205715259,2.565667895272836,0.3824653502322472,2.595553165719845
30.0,233.0,130.06448364257812,-0.0211164876607895,1.6124255490519002,-2.464432878475269,-2.1971928701203907,-1.1353839304033218,0.8450449604949591,0.0235166308491071,2.550126967317735,0.1087376717392591,1.686032560986419
30.0,233.0,130.0671844482422,-0.0226822992858978,1.6127152107404554,-2.465214771863413,-2.197707398795992,-1.136118144769991,0.8450252691959,0.0239349770770469,2.5511831864747267,0.1047111087062736,1.6780783128160954
30.0,233.0,130.06869506835938,-0.0220162762744968,1.6108456482637925,-2.4637801583037047,-2.197786673345628,-1.1357156722421764,0.8454566093694266,0.0241997122583173,2.5535064956134432,0.1108190624818382,1.6865722295345753
30.0,233.0,130.07362365722656,-0.0221264268818857,1.609570807408197,-2.4670073715770027,-2.1973131813858777,-1.1372281276135567,0.8450514408191019,0.0242108911469233,2.550496869279125,0.1109848787753866,1.6889622050702726
30.0,233.0,130.0692901611328,-0.0203942656790777,1.6119663830322368,-2.4639858657702214,-2.197839879031834,-1.1339025559464286,0.846124412267191,0.0238077821854445,2.5530134643895543,0.1135540848143144,1.6996508312525616
30.0,233.0,130.0723114013672,-0.0162244468147007,1.61489574865192,-2.4632571612701137,-2.1985688331289084,-1.1349327494298824,0.844967845802407,0.0217791014268427,2.549486992685236,0.1069001879840579,1.683295229219971
30.0,233.0,130.07302856445312,-0.021601863709611,1.6090304802158366,-2.465433248617948,-2.197660870042485,-1.1335822255848234,0.8463874909612131,0.0253909823231447,2.5535066732437244,0.1144541623373936,1.6995347586002725
30.0,233.0,130.12106323242188,-0.0268418524415132,1.607971210081246,-2.4712624494244704,-2.199058154505161,-1.1332600567613618,0.8443475714739972,0.0232630546507814,2.5573724150402186,0.1239606100015764,1.7152180370041608
30.0,233.0,130.06295776367188,-0.0209722800348992,1.612076634196732,-2.4644169416835093,-2.197409166080972,-1.1350960288458007,0.8450540787196443,0.0228528809136173,2.5507801907869663,0.1077065074623773,1.683861431917406
30.0,233.0,203.7299041748047,-1.4671963034076896,0.7718039591814964,-3.521820860113768,-2.7055890962796987,-1.3850800460590984,0.7492558679810841,0.0041742840984898,2.5864682179734686,0.2295821296873494,1.9406396168518183
30.0,233.0,240.0376892089844,-0.818985015422538,0.7325545795717203,-3.463958090524869,-3.1745869837099026,-1.9281247841715203,0.2058466922336207,-0.3766659363291286,2.6001316734345754,0.2265875295001577,2.1979228280822705
30.0,233.0,130.06423950195312,-0.0209424749848549,1.6120869498189063,-2.462863724032772,-2.197713188047428,-1.134454227012993,0.8450855482447478,0.0224266832956904,2.5502677146471364,0.1079830194934954,1.6846859880445617
30.0,233.0,130.0700225830078,-0.021554109745988,1.6120439753754856,-2.4634945447088183,-2.1977249787071043,-1.1359977360920583,0.8464675320695966,0.0248784910245729,2.5535928169217965,0.114511753033331,1.699528858876211
30.0,233.0,130.06771850585938,-0.0212937730914956,1.6122709198500875,-2.464560585489906,-2.197786618314241,-1.1359934261997726,0.8459951570172819,0.0233432106041645,2.552007270481794,0.1121948788892302,1.694829161136428
30.0,233.0,130.06578063964844,-0.0212879999388618,1.6105510053673844,-2.464488534719546,-2.197272555839896,-1.135763474717601,0.8445952402434519,0.0232643179459839,2.551649264836435,0.1104185259463369,1.6901741494212992
30.0,233.0,130.06890869140625,-0.0212881890609658,1.6125458798516892,-2.4634099963670835,-2.197925844601921,-1.1340910700361262,0.8462339293574737,0.0241778059007504,2.55280639675026,0.1133285428031655,1.6987931470447826
30.0,233.0,147.42127990722656,0.0140166682907658,1.6551451218798996,-2.3316207941156137,-2.2455899923782083,-1.1307476143708748,0.8300822125973898,-0.0363740567893924,2.541531352461153,0.0563548073336872,1.7314243994854963
30.0,233.0,130.07061767578125,-0.023172106139178,1.6100986851961476,-2.465180378854809,-2.1980779090085503,-1.1357025537305283,0.845075401449298,0.0228605381089993,2.5533608232514,0.1143132326260414,1.6990882288586593
30.0,233.0,130.06585693359375,-0.0212344792367432,1.611596956171054,-2.463883622208949,-2.1970193430612444,-1.1348284640974309,0.846133965015762,0.0239208272910931,2.550745482254188,0.1102800479936239,1.6878764767314764
30.0,233.0,242.24465942382807,-0.6765068837044388,0.5731721926803546,-3.182363211629109,-3.115613068305457,-2.833970604240305,0.5175124438082294,-0.1119189164304249,2.549271617641784,0.2717736279602655,1.804321352114272
30.0,233.0,210.119873046875,-0.7610068930568665,0.5642124147423887,-3.726421416211226,-2.7995431788777383,-1.3708891968054873,0.679066308131347,0.0234932080174868,2.5843400721228726,0.297657964549431,2.1950618999519365
30.0,233.0,130.06375122070312,-0.0209372073530522,1.6120234416172865,-2.464410366898343,-2.1971355713911707,-1.135633373113417,0.8451368512427259,0.0237830986383357,2.5517012422752554,0.1079613570312039,1.6833267954178577
30.0,233.0,130.06765747070312,-0.0211165446055682,1.6116653573497872,-2.464568284631722,-2.197522486989414,-1.134876841633991,0.8434866999921165,0.0230788849499952,2.5519495709868663,0.1117949214472717,1.6922518462395622
30.0,233.0,205.575927734375,-0.8160173862793221,0.5906195673798553,-3.5501247184478806,-2.9220737949502533,-1.5276746941164658,0.7254873283981647,-0.0189028447691116,2.5943872451814447,0.2168908645567235,1.9760531472632008
30.0,233.0,130.06529235839844,-0.0220330173833849,1.6109356131645085,-2.4654756545114487,-2.197213359851332,-1.135737747654701,0.8440522345580924,0.0223562407946198,2.551527362310936,0.1074845200418084,1.6836464374894873
30.0,233.0,130.0637969970703,-0.0208902406005644,1.6119734742103369,-2.464446091986895,-2.19710559809524,-1.1354421638064411,0.8450584025667578,0.0238041773645564,2.5516346855106327,0.107609505980238,1.6832541798756713
30.0,233.0,130.0646514892578,-0.0210433825750068,1.610697474119795,-2.466147173810952,-2.1982506561320445,-1.134575889601876,0.846573311954349,0.0227575253066318,2.550392757384406,0.1061713631286529,1.6794403643028013
30.0,233.0,130.064208984375,-0.0209445776772412,1.6120022234642746,-2.464429174015877,-2.198315816020348,-1.1351254000097757,0.8451161669988229,0.02224066674761,2.5504462871429583,0.107590918721226,1.6771749707550292
30.0,233.0,130.0702362060547,-0.0218457915107856,1.613638757775273,-2.46430260491035,-2.197402896592992,-1.1350521497383552,0.8453135282094586,0.0230884719069175,2.5512866948125987,0.1126724403367035,1.6955629067044138
30.0,233.0,130.06988525390625,-0.0239186560541447,1.6112328387700028,-2.464607752057477,-2.1983760548270537,-1.135946660804071,0.8455786425558565,0.024944817960014,2.5519653703984586,0.1121193428936892,1.6940196991939904
30.0,233.0,130.07627868652344,-0.0199152855721854,1.61382936432916,-2.4619207073135745,-2.1974391680795824,-1.1345695627830763,0.8486531931719119,0.0233146191908354,2.552145721206953,0.1124406432716579,1.6979525437899026
30.0,233.0,130.06600952148438,-0.0211178222070299,1.6103847759290266,-2.4644209921066222,-2.197451737189725,-1.1360195367760717,0.84494901713653,0.0235738133036352,2.551092969434705,0.1096924112457049,1.689501870068402
30.0,233.0,130.63531494140625,-0.0213670315381751,1.5917066569448306,-2.4653073162764443,-2.182265392535112,-1.141251731605056,0.8468178417854467,0.0179873202255397,2.55146976648349,0.1176340457659997,1.7482413322709018
30.0,234.0,130.06402587890625,-0.020860352191709,1.6128854027029669,-2.464337337197087,-2.1978009971743457,-1.1345951672518164,0.8441846749292105,0.0225346278435236,2.550010120524651,0.1074098195854461,1.683671096546285
30.0,234.0,130.06771850585938,-0.0204837763793947,1.61182215340722,-2.4651973070777,-2.1972024165562782,-1.1355304990247002,0.844645388656819,0.0241837554444659,2.552079006526673,0.1105315635115279,1.6857916335486856
30.0,234.0,130.06622314453125,-0.0215047765635967,1.6103141379470471,-2.4644563913230293,-2.1975268082120163,-1.1351979501028242,0.8441357910788309,0.0234713560858831,2.552014667362936,0.1104533418979117,1.6899374807038992
30.0,234.0,205.40724182128903,-1.2471719392371754,0.7338063691250966,-3.6956164114227614,-2.6893020048638974,-1.4361633841990469,0.7509499775402746,-0.0265320376388999,2.5844589496606782,0.2214973721181175,2.0621365244733765
30.0,234.0,130.0667724609375,-0.0210229994384154,1.6115277940003625,-2.4636994765590394,-2.197314128726708,-1.135729157986956,0.8459351682963937,0.0236979502262292,2.550935983381516,0.108938641664473,1.6898821360743583
30.0,234.0,130.06910705566406,-0.0213117996944473,1.611532529519285,-2.463791151901713,-2.197820122880404,-1.1346716519594982,0.8463058061721773,0.0240051534121443,2.552954066988893,0.1131229916148561,1.6999650231385195
30.0,234.0,130.06317138671875,-0.0214908486386406,1.6119646848450615,-2.464259312106244,-2.197573074584596,-1.135017991129897,0.8452881582951637,0.0238173310964382,2.551662452147406,0.1076228111777817,1.682164242503162
30.0,234.0,130.0622100830078,-0.0212112085904558,1.611940247268468,-2.464490530464323,-2.197534450090945,-1.135232296614472,0.8444980945704282,0.0231527330762314,2.5503785109304413,0.1073296986095062,1.6817504512190222
30.0,234.0,130.07180786132812,-0.0198385588222231,1.613399746182087,-2.462447093375754,-2.1980275329727466,-1.133904304055262,0.846753119792344,0.0232432009304832,2.55281013637525,0.1129654286504708,1.6988241965863846
30.0,234.0,217.80987548828125,-0.7399219093249991,0.6265199654248446,-3.3812386568411683,-3.115740592719888,-2.4970438835882924,0.4187495791001843,-0.1164287251613381,2.541142812644273,0.2703581298861386,2.0687642066891287
30.0,234.0,201.7044219970703,-0.6552952230338768,0.789537644755984,-3.131677153117997,-2.725862189701337,-1.327890814222953,0.7257755438118074,-0.0264966475501739,2.5879562114865826,0.2411740536822892,2.06908069814025
30.0,234.0,130.0678253173828,-0.021097000496736,1.6120671717205772,-2.4643632083414646,-2.197841767177915,-1.1356597626284062,0.8460760116263609,0.0238339705962724,2.552255005355281,0.1127903040248863,1.6971244983631155
30.0,234.0,130.0684814453125,-0.0210092410828998,1.6117904560236485,-2.462536880639236,-2.196906276081219,-1.1358953765699744,0.8444649807457459,0.0242434904857292,2.552799982203813,0.1116480754096299,1.694826688828618
30.0,234.0,130.06515502929688,-0.0208844376273081,1.6112858540625414,-2.464581772798191,-2.197336757235223,-1.135540368248341,0.8449531759330385,0.0230652072253749,2.5516731232816645,0.1096096522795719,1.6893264933658567
30.0,234.0,130.06382751464844,-0.0210768488679159,1.6115787991621522,-2.4645104577406944,-2.196788547789148,-1.1355815644650034,0.8447191841079633,0.0238637801295413,2.551499621966451,0.1068880356271441,1.6810068068410342
30.0,234.0,130.08216857910156,-0.0257587914159671,1.610558991664121,-2.4643000932343826,-2.198095761917553,-1.1331872128695446,0.8475819289434379,0.0273743082842861,2.55583922488324,0.1143184554415994,1.699544666362954
30.0,234.0,199.5938262939453,-0.3949671811153431,1.3725048594858282,-2.72843495407217,-2.7040994429639387,-1.441179167723167,0.7895823063758505,-0.0331477205715259,2.565667895272836,0.3824653502322472,2.595553165719845
30.0,234.0,130.06448364257812,-0.0211164876607895,1.6124255490519002,-2.464432878475269,-2.1971928701203907,-1.1353839304033218,0.8450449604949591,0.0235166308491071,2.550126967317735,0.1087376717392591,1.686032560986419
30.0,234.0,130.0671844482422,-0.0226822992858978,1.6127152107404554,-2.465214771863413,-2.197707398795992,-1.136118144769991,0.8450252691959,0.0239349770770469,2.5511831864747267,0.1047111087062736,1.6780783128160954
30.0,234.0,130.06869506835938,-0.0220162762744968,1.6108456482637925,-2.4637801583037047,-2.197786673345628,-1.1357156722421764,0.8454566093694266,0.0241997122583173,2.5535064956134432,0.1108190624818382,1.6865722295345753
30.0,234.0,130.07362365722656,-0.0221264268818857,1.609570807408197,-2.4670073715770027,-2.1973131813858777,-1.1372281276135567,0.8450514408191019,0.0242108911469233,2.550496869279125,0.1109848787753866,1.6889622050702726
30.0,234.0,130.0692901611328,-0.0203942656790777,1.6119663830322368,-2.4639858657702214,-2.197839879031834,-1.1339025559464286,0.846124412267191,0.0238077821854445,2.5530134643895543,0.1135540848143144,1.6996508312525616
30.0,234.0,130.0723114013672,-0.0162244468147007,1.61489574865192,-2.4632571612701137,-2.1985688331289084,-1.1349327494298824,0.844967845802407,0.0217791014268427,2.549486992685236,0.1069001879840579,1.683295229219971
30.0,234.0,130.07302856445312,-0.021601863709611,1.6090304802158366,-2.465433248617948,-2.197660870042485,-1.1335822255848234,0.8463874909612131,0.0253909823231447,2.5535066732437244,0.1144541623373936,1.6995347586002725
30.0,234.0,130.12106323242188,-0.0268418524415132,1.607971210081246,-2.4712624494244704,-2.199058154505161,-1.1332600567613618,0.8443475714739972,0.0232630546507814,2.5573724150402186,0.1239606100015764,1.7152180370041608
30.0,234.0,130.06295776367188,-0.0209722800348992,1.612076634196732,-2.4644169416835093,-2.197409166080972,-1.1350960288458007,0.8450540787196443,0.0228528809136173,2.5507801907869663,0.1077065074623773,1.683861431917406
30.0,234.0,203.7299041748047,-1.4671963034076896,0.7718039591814964,-3.521820860113768,-2.7055890962796987,-1.3850800460590984,0.7492558679810841,0.0041742840984898,2.5864682179734686,0.2295821296873494,1.9406396168518183
30.0,234.0,240.0376892089844,-0.818985015422538,0.7325545795717203,-3.463958090524869,-3.1745869837099026,-1.9281247841715203,0.2058466922336207,-0.3766659363291286,2.6001316734345754,0.2265875295001577,2.1979228280822705
30.0,234.0,130.06423950195312,-0.0209424749848549,1.6120869498189063,-2.462863724032772,-2.197713188047428,-1.134454227012993,0.8450855482447478,0.0224266832956904,2.5502677146471364,0.1079830194934954,1.6846859880445617
30.0,234.0,130.0700225830078,-0.021554109745988,1.6120439753754856,-2.4634945447088183,-2.1977249787071043,-1.1359977360920583,0.8464675320695966,0.0248784910245729,2.5535928169217965,0.114511753033331,1.699528858876211
30.0,234.0,130.06771850585938,-0.0212937730914956,1.6122709198500875,-2.464560585489906,-2.197786618314241,-1.1359934261997726,0.8459951570172819,0.0233432106041645,2.552007270481794,0.1121948788892302,1.694829161136428
30.0,234.0,130.06578063964844,-0.0212879999388618,1.6105510053673844,-2.464488534719546,-2.197272555839896,-1.135763474717601,0.8445952402434519,0.0232643179459839,2.551649264836435,0.1104185259463369,1.6901741494212992
30.0,234.0,130.06890869140625,-0.0212881890609658,1.6125458798516892,-2.4634099963670835,-2.197925844601921,-1.1340910700361262,0.8462339293574737,0.0241778059007504,2.55280639675026,0.1133285428031655,1.6987931470447826
30.0,234.0,147.42127990722656,0.0140166682907658,1.6551451218798996,-2.3316207941156137,-2.2455899923782083,-1.1307476143708748,0.8300822125973898,-0.0363740567893924,2.541531352461153,0.0563548073336872,1.7314243994854963
30.0,234.0,130.07061767578125,-0.023172106139178,1.6100986851961476,-2.465180378854809,-2.1980779090085503,-1.1357025537305283,0.845075401449298,0.0228605381089993,2.5533608232514,0.1143132326260414,1.6990882288586593
30.0,234.0,130.06585693359375,-0.0212344792367432,1.611596956171054,-2.463883622208949,-2.1970193430612444,-1.1348284640974309,0.846133965015762,0.0239208272910931,2.550745482254188,0.1102800479936239,1.6878764767314764
30.0,234.0,242.24465942382807,-0.6765068837044388,0.5731721926803546,-3.182363211629109,-3.115613068305457,-2.833970604240305,0.5175124438082294,-0.1119189164304249,2.549271617641784,0.2717736279602655,1.804321352114272
30.0,234.0,210.119873046875,-0.7610068930568665,0.5642124147423887,-3.726421416211226,-2.7995431788777383,-1.3708891968054873,0.679066308131347,0.0234932080174868,2.5843400721228726,0.297657964549431,2.1950618999519365
30.0,234.0,130.06375122070312,-0.0209372073530522,1.6120234416172865,-2.464410366898343,-2.1971355713911707,-1.135633373113417,0.8451368512427259,0.0237830986383357,2.5517012422752554,0.1079613570312039,1.6833267954178577
30.0,234.0,130.06765747070312,-0.0211165446055682,1.6116653573497872,-2.464568284631722,-2.197522486989414,-1.134876841633991,0.8434866999921165,0.0230788849499952,2.5519495709868663,0.1117949214472717,1.6922518462395622
30.0,234.0,205.575927734375,-0.8160173862793221,0.5906195673798553,-3.5501247184478806,-2.9220737949502533,-1.5276746941164658,0.7254873283981647,-0.0189028447691116,2.5943872451814447,0.2168908645567235,1.9760531472632008
30.0,234.0,130.06529235839844,-0.0220330173833849,1.6109356131645085,-2.4654756545114487,-2.197213359851332,-1.135737747654701,0.8440522345580924,0.0223562407946198,2.551527362310936,0.1074845200418084,1.6836464374894873
30.0,234.0,130.0637969970703,-0.0208902406005644,1.6119734742103369,-2.464446091986895,-2.19710559809524,-1.1354421638064411,0.8450584025667578,0.0238041773645564,2.5516346855106327,0.107609505980238,1.6832541798756713
30.0,234.0,130.0646514892578,-0.0210433825750068,1.610697474119795,-2.466147173810952,-2.1982506561320445,-1.134575889601876,0.846573311954349,0.0227575253066318,2.550392757384406,0.1061713631286529,1.6794403643028013
30.0,234.0,130.064208984375,-0.0209445776772412,1.6120022234642746,-2.464429174015877,-2.198315816020348,-1.1351254000097757,0.8451161669988229,0.02224066674761,2.5504462871429583,0.107590918721226,1.6771749707550292
30.0,234.0,130.0702362060547,-0.0218457915107856,1.613638757775273,-2.46430260491035,-2.197402896592992,-1.1350521497383552,0.8453135282094586,0.0230884719069175,2.5512866948125987,0.1126724403367035,1.6955629067044138
30.0,234.0,130.06988525390625,-0.0239186560541447,1.6112328387700028,-2.464607752057477,-2.1983760548270537,-1.135946660804071,0.8455786425558565,0.024944817960014,2.5519653703984586,0.1121193428936892,1.6940196991939904
30.0,234.0,130.07627868652344,-0.0199152855721854,1.61382936432916,-2.4619207073135745,-2.1974391680795824,-1.1345695627830763,0.8486531931719119,0.0233146191908354,2.552145721206953,0.1124406432716579,1.6979525437899026
30.0,234.0,130.06600952148438,-0.0211178222070299,1.6103847759290266,-2.4644209921066222,-2.197451737189725,-1.1360195367760717,0.84494901713653,0.0235738133036352,2.551092969434705,0.1096924112457049,1.689501870068402
30.0,234.0,130.63531494140625,-0.0213670315381751,1.5917066569448306,-2.4653073162764443,-2.182265392535112,-1.141251731605056,0.8468178417854467,0.0179873202255397,2.55146976648349,0.1176340457659997,1.7482413322709018
30.0,235.0,130.06393432617188,-0.0211940189493376,1.611951495358884,-2.464552704060691,-2.197751627917695,-1.135355291613609,0.8440466167039761,0.0235423926179439,2.5498831684531944,0.1074001796604787,1.677604518724806
30.0,235.0,130.06771850585938,-0.0204837763793947,1.61182215340722,-2.4651973070777,-2.1972024165562782,-1.1355304990247002,0.844645388656819,0.0241837554444659,2.552079006526673,0.1105315635115279,1.6857916335486856
30.0,235.0,130.06622314453125,-0.0215047765635967,1.6103141379470471,-2.4644563913230293,-2.1975268082120163,-1.1351979501028242,0.8441357910788309,0.0234713560858831,2.552014667362936,0.1104533418979117,1.6899374807038992
30.0,235.0,205.40724182128903,-1.2471719392371754,0.7338063691250966,-3.6956164114227614,-2.6893020048638974,-1.4361633841990469,0.7509499775402746,-0.0265320376388999,2.5844589496606782,0.2214973721181175,2.0621365244733765
30.0,235.0,130.0667724609375,-0.0210229994384154,1.6115277940003625,-2.4636994765590394,-2.197314128726708,-1.135729157986956,0.8459351682963937,0.0236979502262292,2.550935983381516,0.108938641664473,1.6898821360743583
30.0,235.0,130.06910705566406,-0.0213117996944473,1.611532529519285,-2.463791151901713,-2.197820122880404,-1.1346716519594982,0.8463058061721773,0.0240051534121443,2.552954066988893,0.1131229916148561,1.6999650231385195
30.0,235.0,130.06317138671875,-0.0214908486386406,1.6119646848450615,-2.464259312106244,-2.197573074584596,-1.135017991129897,0.8452881582951637,0.0238173310964382,2.551662452147406,0.1076228111777817,1.682164242503162
30.0,235.0,130.0622100830078,-0.0212112085904558,1.611940247268468,-2.464490530464323,-2.197534450090945,-1.135232296614472,0.8444980945704282,0.0231527330762314,2.5503785109304413,0.1073296986095062,1.6817504512190222
30.0,235.0,130.07180786132812,-0.0198385588222231,1.613399746182087,-2.462447093375754,-2.1980275329727466,-1.133904304055262,0.846753119792344,0.0232432009304832,2.55281013637525,0.1129654286504708,1.6988241965863846
30.0,235.0,217.80987548828125,-0.7399219093249991,0.6265199654248446,-3.3812386568411683,-3.115740592719888,-2.4970438835882924,0.4187495791001843,-0.1164287251613381,2.541142812644273,0.2703581298861386,2.0687642066891287
30.0,235.0,201.7044219970703,-0.6552952230338768,0.789537644755984,-3.131677153117997,-2.725862189701337,-1.327890814222953,0.7257755438118074,-0.0264966475501739,2.5879562114865826,0.2411740536822892,2.06908069814025
30.0,235.0,130.0678253173828,-0.021097000496736,1.6120671717205772,-2.4643632083414646,-2.197841767177915,-1.1356597626284062,0.8460760116263609,0.0238339705962724,2.552255005355281,0.1127903040248863,1.6971244983631155
30.0,235.0,130.0684814453125,-0.0210092410828998,1.6117904560236485,-2.462536880639236,-2.196906276081219,-1.1358953765699744,0.8444649807457459,0.0242434904857292,2.552799982203813,0.1116480754096299,1.694826688828618
30.0,235.0,130.06515502929688,-0.0208844376273081,1.6112858540625414,-2.464581772798191,-2.197336757235223,-1.135540368248341,0.8449531759330385,0.0230652072253749,2.5516731232816645,0.1096096522795719,1.6893264933658567
30.0,235.0,130.06382751464844,-0.0210768488679159,1.6115787991621522,-2.4645104577406944,-2.196788547789148,-1.1355815644650034,0.8447191841079633,0.0238637801295413,2.551499621966451,0.1068880356271441,1.6810068068410342
30.0,235.0,130.08216857910156,-0.0257587914159671,1.610558991664121,-2.4643000932343826,-2.198095761917553,-1.1331872128695446,0.8475819289434379,0.0273743082842861,2.55583922488324,0.1143184554415994,1.699544666362954
30.0,235.0,199.5938262939453,-0.3949671811153431,1.3725048594858282,-2.72843495407217,-2.7040994429639387,-1.441179167723167,0.7895823063758505,-0.0331477205715259,2.565667895272836,0.3824653502322472,2.595553165719845
30.0,235.0,130.0626678466797,-0.0213194198324216,1.6121129998061503,-2.464489991236917,-2.1975642795967625,-1.1357735081496223,0.8444307266775365,0.0237009306920196,2.550145101829611,0.1070493967336382,1.6781171852540735
30.0,235.0,130.0671844482422,-0.0226822992858978,1.6127152107404554,-2.465214771863413,-2.197707398795992,-1.136118144769991,0.8450252691959,0.0239349770770469,2.5511831864747267,0.1047111087062736,1.6780783128160954
30.0,235.0,130.06869506835938,-0.0220162762744968,1.6108456482637925,-2.4637801583037047,-2.197786673345628,-1.1357156722421764,0.8454566093694266,0.0241997122583173,2.5535064956134432,0.1108190624818382,1.6865722295345753
30.0,235.0,130.07362365722656,-0.0221264268818857,1.609570807408197,-2.4670073715770027,-2.1973131813858777,-1.1372281276135567,0.8450514408191019,0.0242108911469233,2.550496869279125,0.1109848787753866,1.6889622050702726
30.0,235.0,130.0692901611328,-0.0203942656790777,1.6119663830322368,-2.4639858657702214,-2.197839879031834,-1.1339025559464286,0.846124412267191,0.0238077821854445,2.5530134643895543,0.1135540848143144,1.6996508312525616
30.0,235.0,130.0723114013672,-0.0162244468147007,1.61489574865192,-2.4632571612701137,-2.1985688331289084,-1.1349327494298824,0.844967845802407,0.0217791014268427,2.549486992685236,0.1069001879840579,1.683295229219971
30.0,235.0,130.07302856445312,-0.021601863709611,1.6090304802158366,-2.465433248617948,-2.197660870042485,-1.1335822255848234,0.8463874909612131,0.0253909823231447,2.5535066732437244,0.1144541623373936,1.6995347586002725
30.0,235.0,130.12106323242188,-0.0268418524415132,1.607971210081246,-2.4712624494244704,-2.199058154505161,-1.1332600567613618,0.8443475714739972,0.0232630546507814,2.5573724150402186,0.1239606100015764,1.7152180370041608
30.0,235.0,130.06295776367188,-0.0209722800348992,1.612076634196732,-2.4644169416835093,-2.197409166080972,-1.1350960288458007,0.8450540787196443,0.0228528809136173,2.5507801907869663,0.1077065074623773,1.683861431917406
30.0,235.0,203.7299041748047,-1.4671963034076896,0.7718039591814964,-3.521820860113768,-2.7055890962796987,-1.3850800460590984,0.7492558679810841,0.0041742840984898,2.5864682179734686,0.2295821296873494,1.9406396168518183
30.0,235.0,240.0376892089844,-0.818985015422538,0.7325545795717203,-3.463958090524869,-3.1745869837099026,-1.9281247841715203,0.2058466922336207,-0.3766659363291286,2.6001316734345754,0.2265875295001577,2.1979228280822705
30.0,235.0,130.06365966796875,-0.0213928143547265,1.6120859804096066,-2.462990220703668,-2.1973399948008168,-1.134450319837815,0.8450200683937271,0.023294465012122,2.550591701046854,0.1075222937426073,1.6838712517871146
30.0,235.0,130.0700225830078,-0.021554109745988,1.6120439753754856,-2.4634945447088183,-2.1977249787071043,-1.1359977360920583,0.8464675320695966,0.0248784910245729,2.5535928169217965,0.114511753033331,1.699528858876211
30.0,235.0,130.06771850585938,-0.0212937730914956,1.6122709198500875,-2.464560585489906,-2.197786618314241,-1.1359934261997726,0.8459951570172819,0.0233432106041645,2.552007270481794,0.1121948788892302,1.694829161136428
30.0,235.0,130.06578063964844,-0.0212879999388618,1.6105510053673844,-2.464488534719546,-2.197272555839896,-1.135763474717601,0.8445952402434519,0.0232643179459839,2.551649264836435,0.1104185259463369,1.6901741494212992
30.0,235.0,130.06890869140625,-0.0212881890609658,1.6125458798516892,-2.4634099963670835,-2.197925844601921,-1.1340910700361262,0.8462339293574737,0.0241778059007504,2.55280639675026,0.1133285428031655,1.6987931470447826
30.0,235.0,147.42127990722656,0.0140166682907658,1.6551451218798996,-2.3316207941156137,-2.2455899923782083,-1.1307476143708748,0.8300822125973898,-0.0363740567893924,2.541531352461153,0.0563548073336872,1.7314243994854963
30.0,235.0,130.07061767578125,-0.023172106139178,1.6100986851961476,-2.465180378854809,-2.1980779090085503,-1.1357025537305283,0.845075401449298,0.0228605381089993,2.5533608232514,0.1143132326260414,1.6990882288586593
30.0,235.0,130.06585693359375,-0.0212344792367432,1.611596956171054,-2.463883622208949,-2.1970193430612444,-1.1348284640974309,0.846133965015762,0.0239208272910931,2.550745482254188,0.1102800479936239,1.6878764767314764
30.0,235.0,242.24465942382807,-0.6765068837044388,0.5731721926803546,-3.182363211629109,-3.115613068305457,-2.833970604240305,0.5175124438082294,-0.1119189164304249,2.549271617641784,0.2717736279602655,1.804321352114272
30.0,235.0,210.119873046875,-0.7610068930568665,0.5642124147423887,-3.726421416211226,-2.7995431788777383,-1.3708891968054873,0.679066308131347,0.0234932080174868,2.5843400721228726,0.297657964549431,2.1950618999519365
30.0,235.0,130.06375122070312,-0.0209372073530522,1.6120234416172865,-2.464410366898343,-2.1971355713911707,-1.135633373113417,0.8451368512427259,0.0237830986383357,2.5517012422752554,0.1079613570312039,1.6833267954178577
30.0,235.0,130.06765747070312,-0.0211165446055682,1.6116653573497872,-2.464568284631722,-2.197522486989414,-1.134876841633991,0.8434866999921165,0.0230788849499952,2.5519495709868663,0.1117949214472717,1.6922518462395622
30.0,235.0,205.575927734375,-0.8160173862793221,0.5906195673798553,-3.5501247184478806,-2.9220737949502533,-1.5276746941164658,0.7254873283981647,-0.0189028447691116,2.5943872451814447,0.2168908645567235,1.9760531472632008
30.0,235.0,130.06387329101562,-0.0220473580775462,1.6113814986587771,-2.4652152820783337,-2.1972356090132323,-1.135985838137102,0.8445870779922392,0.0225804181406009,2.550723068060005,0.107718882864576,1.6795018493562632
30.0,235.0,130.0637969970703,-0.0208902406005644,1.6119734742103369,-2.464446091986895,-2.19710559809524,-1.1354421638064411,0.8450584025667578,0.0238041773645564,2.5516346855106327,0.107609505980238,1.6832541798756713
30.0,235.0,130.0644989013672,-0.0214179248292399,1.6128069766293551,-2.4646694673254155,-2.1997187233409914,-1.1352310118191995,0.8457633145446949,0.0229521221883603,2.5498708094247298,0.1066708785567443,1.680784104787331
30.0,235.0,130.0627899169922,-0.0209792203051649,1.61168436130715,-2.464511533937387,-2.1972621283237883,-1.1354451702035395,0.843995542319225,0.0230640600552956,2.5504699492468594,0.1067430891823944,1.6816576548663205
30.0,235.0,130.06407165527344,-0.0214055938138265,1.6129540570943397,-2.464468741329901,-2.197234671868673,-1.135103572490497,0.844656789553288,0.0226095196116695,2.55111144233172,0.1080925133100413,1.6836847822185717
30.0,235.0,130.06988525390625,-0.0239186560541447,1.6112328387700028,-2.464607752057477,-2.1983760548270537,-1.135946660804071,0.8455786425558565,0.024944817960014,2.5519653703984586,0.1121193428936892,1.6940196991939904
30.0,235.0,130.07627868652344,-0.0199152855721854,1.61382936432916,-2.4619207073135745,-2.1974391680795824,-1.1345695627830763,0.8486531931719119,0.0233146191908354,2.552145721206953,0.1124406432716579,1.6979525437899026
30.0,235.0,130.06600952148438,-0.0211178222070299,1.6103847759290266,-2.4644209921066222,-2.197451737189725,-1.1360195367760717,0.84494901713653,0.0235738133036352,2.551092969434705,0.1096924112457049,1.689501870068402
30.0,235.0,130.63531494140625,-0.0213670315381751,1.5917066569448306,-2.4653073162764443,-2.182265392535112,-1.141251731605056,0.8468178417854467,0.0179873202255397,2.55146976648349,0.1176340457659997,1.7482413322709018
30.0,236.0,130.063720703125,-0.0213279995171708,1.611653356624572,-2.4645280587168945,-2.1976629727520063,-1.1350483230953756,0.8441374248845999,0.0230044198100544,2.551265843166889,0.1074077872470535,1.6777709118447284
30.0,236.0,130.06459045410156,-0.0208182185009376,1.611864662055955,-2.464504457243488,-2.1970472491245863,-1.134413116773453,0.844494967434302,0.0232804441259869,2.5488801316650607,0.1073855226391019,1.680642638845614
30.0,236.0,130.06622314453125,-0.0215047765635967,1.6103141379470471,-2.4644563913230293,-2.1975268082120163,-1.1351979501028242,0.8441357910788309,0.0234713560858831,2.552014667362936,0.1104533418979117,1.6899374807038992
30.0,236.0,205.40724182128903,-1.2471719392371754,0.7338063691250966,-3.6956164114227614,-2.6893020048638974,-1.4361633841990469,0.7509499775402746,-0.0265320376388999,2.5844589496606782,0.2214973721181175,2.0621365244733765
30.0,236.0,130.0667724609375,-0.0210229994384154,1.6115277940003625,-2.4636994765590394,-2.197314128726708,-1.135729157986956,0.8459351682963937,0.0236979502262292,2.550935983381516,0.108938641664473,1.6898821360743583
30.0,236.0,130.06910705566406,-0.0213117996944473,1.611532529519285,-2.463791151901713,-2.197820122880404,-1.1346716519594982,0.8463058061721773,0.0240051534121443,2.552954066988893,0.1131229916148561,1.6999650231385195
30.0,236.0,130.06317138671875,-0.0214908486386406,1.6119646848450615,-2.464259312106244,-2.197573074584596,-1.135017991129897,0.8452881582951637,0.0238173310964382,2.551662452147406,0.1076228111777817,1.682164242503162
30.0,236.0,130.0622100830078,-0.0212112085904558,1.611940247268468,-2.464490530464323,-2.197534450090945,-1.135232296614472,0.8444980945704282,0.0231527330762314,2.5503785109304413,0.1073296986095062,1.6817504512190222
30.0,236.0,130.07180786132812,-0.0198385588222231,1.613399746182087,-2.462447093375754,-2.1980275329727466,-1.133904304055262,0.846753119792344,0.0232432009304832,2.55281013637525,0.1129654286504708,1.6988241965863846
30.0,236.0,217.80987548828125,-0.7399219093249991,0.6265199654248446,-3.3812386568411683,-3.115740592719888,-2.4970438835882924,0.4187495791001843,-0.1164287251613381,2.541142812644273,0.2703581298861386,2.0687642066891287
30.0,236.0,201.7044219970703,-0.6552952230338768,0.789537644755984,-3.131677153117997,-2.725862189701337,-1.327890814222953,0.7257755438118074,-0.0264966475501739,2.5879562114865826,0.2411740536822892,2.06908069814025
30.0,236.0,130.0678253173828,-0.021097000496736,1.6120671717205772,-2.4643632083414646,-2.197841767177915,-1.1356597626284062,0.8460760116263609,0.0238339705962724,2.552255005355281,0.1127903040248863,1.6971244983631155
30.0,236.0,130.0684814453125,-0.0210092410828998,1.6117904560236485,-2.462536880639236,-2.196906276081219,-1.1358953765699744,0.8444649807457459,0.0242434904857292,2.552799982203813,0.1116480754096299,1.694826688828618
30.0,236.0,130.06515502929688,-0.0208844376273081,1.6112858540625414,-2.464581772798191,-2.197336757235223,-1.135540368248341,0.8449531759330385,0.0230652072253749,2.5516731232816645,0.1096096522795719,1.6893264933658567
30.0,236.0,130.06382751464844,-0.0210768488679159,1.6115787991621522,-2.4645104577406944,-2.196788547789148,-1.1355815644650034,0.8447191841079633,0.0238637801295413,2.551499621966451,0.1068880356271441,1.6810068068410342
30.0,236.0,130.08216857910156,-0.0257587914159671,1.610558991664121,-2.4643000932343826,-2.198095761917553,-1.1331872128695446,0.8475819289434379,0.0273743082842861,2.55583922488324,0.1143184554415994,1.699544666362954
30.0,236.0,199.5938262939453,-0.3949671811153431,1.3725048594858282,-2.72843495407217,-2.7040994429639387,-1.441179167723167,0.7895823063758505,-0.0331477205715259,2.565667895272836,0.3824653502322472,2.595553165719845
30.0,236.0,130.0626678466797,-0.0213194198324216,1.6121129998061503,-2.464489991236917,-2.1975642795967625,-1.1357735081496223,0.8444307266775365,0.0237009306920196,2.550145101829611,0.1070493967336382,1.6781171852540735
30.0,236.0,130.0671844482422,-0.0226822992858978,1.6127152107404554,-2.465214771863413,-2.197707398795992,-1.136118144769991,0.8450252691959,0.0239349770770469,2.5511831864747267,0.1047111087062736,1.6780783128160954
30.0,236.0,130.06869506835938,-0.0220162762744968,1.6108456482637925,-2.4637801583037047,-2.197786673345628,-1.1357156722421764,0.8454566093694266,0.0241997122583173,2.5535064956134432,0.1108190624818382,1.6865722295345753
30.0,236.0,130.07362365722656,-0.0221264268818857,1.609570807408197,-2.4670073715770027,-2.1973131813858777,-1.1372281276135567,0.8450514408191019,0.0242108911469233,2.550496869279125,0.1109848787753866,1.6889622050702726
30.0,236.0,130.0692901611328,-0.0203942656790777,1.6119663830322368,-2.4639858657702214,-2.197839879031834,-1.1339025559464286,0.846124412267191,0.0238077821854445,2.5530134643895543,0.1135540848143144,1.6996508312525616
30.0,236.0,130.0723114013672,-0.0162244468147007,1.61489574865192,-2.4632571612701137,-2.1985688331289084,-1.1349327494298824,0.844967845802407,0.0217791014268427,2.549486992685236,0.1069001879840579,1.683295229219971
30.0,236.0,130.07302856445312,-0.021601863709611,1.6090304802158366,-2.465433248617948,-2.197660870042485,-1.1335822255848234,0.8463874909612131,0.0253909823231447,2.5535066732437244,0.1144541623373936,1.6995347586002725
30.0,236.0,130.12106323242188,-0.0268418524415132,1.607971210081246,-2.4712624494244704,-2.199058154505161,-1.1332600567613618,0.8443475714739972,0.0232630546507814,2.5573724150402186,0.1239606100015764,1.7152180370041608
30.0,236.0,130.06295776367188,-0.0209722800348992,1.612076634196732,-2.4644169416835093,-2.197409166080972,-1.1350960288458007,0.8450540787196443,0.0228528809136173,2.5507801907869663,0.1077065074623773,1.683861431917406
30.0,236.0,203.7299041748047,-1.4671963034076896,0.7718039591814964,-3.521820860113768,-2.7055890962796987,-1.3850800460590984,0.7492558679810841,0.0041742840984898,2.5864682179734686,0.2295821296873494,1.9406396168518183
30.0,236.0,240.0376892089844,-0.818985015422538,0.7325545795717203,-3.463958090524869,-3.1745869837099026,-1.9281247841715203,0.2058466922336207,-0.3766659363291286,2.6001316734345754,0.2265875295001577,2.1979228280822705
30.0,236.0,130.06365966796875,-0.0213928143547265,1.6120859804096066,-2.462990220703668,-2.1973399948008168,-1.134450319837815,0.8450200683937271,0.023294465012122,2.550591701046854,0.1075222937426073,1.6838712517871146
30.0,236.0,130.0700225830078,-0.021554109745988,1.6120439753754856,-2.4634945447088183,-2.1977249787071043,-1.1359977360920583,0.8464675320695966,0.0248784910245729,2.5535928169217965,0.114511753033331,1.699528858876211
30.0,236.0,130.06771850585938,-0.0212937730914956,1.6122709198500875,-2.464560585489906,-2.197786618314241,-1.1359934261997726,0.8459951570172819,0.0233432106041645,2.552007270481794,0.1121948788892302,1.694829161136428
30.0,236.0,130.06578063964844,-0.0212879999388618,1.6105510053673844,-2.464488534719546,-2.197272555839896,-1.135763474717601,0.8445952402434519,0.0232643179459839,2.551649264836435,0.1104185259463369,1.6901741494212992
30.0,236.0,130.06890869140625,-0.0212881890609658,1.6125458798516892,-2.4634099963670835,-2.197925844601921,-1.1340910700361262,0.8462339293574737,0.0241778059007504,2.55280639675026,0.1133285428031655,1.6987931470447826
30.0,236.0,147.42127990722656,0.0140166682907658,1.6551451218798996,-2.3316207941156137,-2.2455899923782083,-1.1307476143708748,0.8300822125973898,-0.0363740567893924,2.541531352461153,0.0563548073336872,1.7314243994854963
30.0,236.0,130.07061767578125,-0.023172106139178,1.6100986851961476,-2.465180378854809,-2.1980779090085503,-1.1357025537305283,0.845075401449298,0.0228605381089993,2.5533608232514,0.1143132326260414,1.6990882288586593
30.0,236.0,130.0635528564453,-0.0211091670244424,1.6119014577181416,-2.464153605894565,-2.1980402600693645,-1.1346085298206072,0.8454056366440958,0.0228658753018704,2.550624601129836,0.1072293109098218,1.683852583751897
30.0,236.0,242.24465942382807,-0.6765068837044388,0.5731721926803546,-3.182363211629109,-3.115613068305457,-2.833970604240305,0.5175124438082294,-0.1119189164304249,2.549271617641784,0.2717736279602655,1.804321352114272
30.0,236.0,210.119873046875,-0.7610068930568665,0.5642124147423887,-3.726421416211226,-2.7995431788777383,-1.3708891968054873,0.679066308131347,0.0234932080174868,2.5843400721228726,0.297657964549431,2.1950618999519365
30.0,236.0,130.06375122070312,-0.0209372073530522,1.6120234416172865,-2.464410366898343,-2.1971355713911707,-1.135633373113417,0.8451368512427259,0.0237830986383357,2.5517012422752554,0.1079613570312039,1.6833267954178577
30.0,236.0,130.06765747070312,-0.0211165446055682,1.6116653573497872,-2.464568284631722,-2.197522486989414,-1.134876841633991,0.8434866999921165,0.0230788849499952,2.5519495709868663,0.1117949214472717,1.6922518462395622
30.0,236.0,205.575927734375,-0.8160173862793221,0.5906195673798553,-3.5501247184478806,-2.9220737949502533,-1.5276746941164658,0.7254873283981647,-0.0189028447691116,2.5943872451814447,0.2168908645567235,1.9760531472632008
30.0,236.0,130.06288146972656,-0.0218130450986629,1.6112408479083324,-2.464630643643501,-2.197779552399844,-1.1356513598597422,0.844427863960419,0.0235857356725815,2.549943231476776,0.1075901070051951,1.680897210514389
30.0,236.0,130.0637969970703,-0.0208902406005644,1.6119734742103369,-2.464446091986895,-2.19710559809524,-1.1354421638064411,0.8450584025667578,0.0238041773645564,2.5516346855106327,0.107609505980238,1.6832541798756713
30.0,236.0,130.0644989013672,-0.0214179248292399,1.6128069766293551,-2.4646694673254155,-2.1997187233409914,-1.1352310118191995,0.8457633145446949,0.0229521221883603,2.5498708094247298,0.1066708785567443,1.680784104787331
30.0,236.0,130.0623321533203,-0.0213039810141313,1.6117912843791815,-2.464525529095783,-2.197261974723294,-1.135080110244776,0.8441322886012781,0.0234379025936432,2.550405399428731,0.1067865070036801,1.6796606321931018
30.0,236.0,130.06407165527344,-0.0214055938138265,1.6129540570943397,-2.464468741329901,-2.197234671868673,-1.135103572490497,0.844656789553288,0.0226095196116695,2.55111144233172,0.1080925133100413,1.6836847822185717
30.0,236.0,130.06988525390625,-0.0239186560541447,1.6112328387700028,-2.464607752057477,-2.1983760548270537,-1.135946660804071,0.8455786425558565,0.024944817960014,2.5519653703984586,0.1121193428936892,1.6940196991939904
30.0,236.0,130.07627868652344,-0.0199152855721854,1.61382936432916,-2.4619207073135745,-2.1974391680795824,-1.1345695627830763,0.8486531931719119,0.0233146191908354,2.552145721206953,0.1124406432716579,1.6979525437899026
30.0,236.0,130.06600952148438,-0.0211178222070299,1.6103847759290266,-2.4644209921066222,-2.197451737189725,-1.1360195367760717,0.84494901713653,0.0235738133036352,2.551092969434705,0.1096924112457049,1.689501870068402
30.0,236.0,130.63531494140625,-0.0213670315381751,1.5917066569448306,-2.4653073162764443,-2.182265392535112,-1.141251731605056,0.8468178417854467,0.0179873202255397,2.55146976648349,0.1176340457659997,1.7482413322709018
30.0,237.0,130.0626220703125,-0.0212195018105309,1.6118465754456095,-2.464436801567732,-2.1973678744613063,-1.1352266580088977,0.8443135661400828,0.0230034191278487,2.5504309709193094,0.1073831198045116,1.678551423115996
30.0,237.0,130.0638885498047,-0.0213268182590271,1.611963014253213,-2.464213473224965,-2.197959149590025,-1.1359956748083448,0.8444428032748555,0.0229421323906714,2.5502650293743523,0.1051189963155276,1.6804677438870326
30.0,237.0,130.06622314453125,-0.0215047765635967,1.6103141379470471,-2.4644563913230293,-2.1975268082120163,-1.1351979501028242,0.8441357910788309,0.0234713560858831,2.552014667362936,0.1104533418979117,1.6899374807038992
30.0,237.0,205.40724182128903,-1.2471719392371754,0.7338063691250966,-3.6956164114227614,-2.6893020048638974,-1.4361633841990469,0.7509499775402746,-0.0265320376388999,2.5844589496606782,0.2214973721181175,2.0621365244733765
30.0,237.0,130.0667724609375,-0.0210229994384154,1.6115277940003625,-2.4636994765590394,-2.197314128726708,-1.135729157986956,0.8459351682963937,0.0236979502262292,2.550935983381516,0.108938641664473,1.6898821360743583
30.0,237.0,130.06910705566406,-0.0213117996944473,1.611532529519285,-2.463791151901713,-2.197820122880404,-1.1346716519594982,0.8463058061721773,0.0240051534121443,2.552954066988893,0.1131229916148561,1.6999650231385195
30.0,237.0,130.06317138671875,-0.0214908486386406,1.6119646848450615,-2.464259312106244,-2.197573074584596,-1.135017991129897,0.8452881582951637,0.0238173310964382,2.551662452147406,0.1076228111777817,1.682164242503162
30.0,237.0,130.0622100830078,-0.0212112085904558,1.611940247268468,-2.464490530464323,-2.197534450090945,-1.135232296614472,0.8444980945704282,0.0231527330762314,2.5503785109304413,0.1073296986095062,1.6817504512190222
30.0,237.0,130.07180786132812,-0.0198385588222231,1.613399746182087,-2.462447093375754,-2.1980275329727466,-1.133904304055262,0.846753119792344,0.0232432009304832,2.55281013637525,0.1129654286504708,1.6988241965863846
30.0,237.0,217.80987548828125,-0.7399219093249991,0.6265199654248446,-3.3812386568411683,-3.115740592719888,-2.4970438835882924,0.4187495791001843,-0.1164287251613381,2.541142812644273,0.2703581298861386,2.0687642066891287
30.0,237.0,201.7044219970703,-0.6552952230338768,0.789537644755984,-3.131677153117997,-2.725862189701337,-1.327890814222953,0.7257755438118074,-0.0264966475501739,2.5879562114865826,0.2411740536822892,2.06908069814025
30.0,237.0,130.06321716308594,-0.0206355314610451,1.6117821060907012,-2.4643912259660943,-2.19768875755158,-1.135111230564191,0.8449545099273386,0.0222161896603767,2.550784970906597,0.0999581407156062,1.6620349314830325
30.0,237.0,130.0684814453125,-0.0210092410828998,1.6117904560236485,-2.462536880639236,-2.196906276081219,-1.1358953765699744,0.8444649807457459,0.0242434904857292,2.552799982203813,0.1116480754096299,1.694826688828618
30.0,237.0,130.06515502929688,-0.0208844376273081,1.6112858540625414,-2.464581772798191,-2.197336757235223,-1.135540368248341,0.8449531759330385,0.0230652072253749,2.5516731232816645,0.1096096522795719,1.6893264933658567
30.0,237.0,130.06382751464844,-0.0210768488679159,1.6115787991621522,-2.4645104577406944,-2.196788547789148,-1.1355815644650034,0.8447191841079633,0.0238637801295413,2.551499621966451,0.1068880356271441,1.6810068068410342
30.0,237.0,130.08216857910156,-0.0257587914159671,1.610558991664121,-2.4643000932343826,-2.198095761917553,-1.1331872128695446,0.8475819289434379,0.0273743082842861,2.55583922488324,0.1143184554415994,1.699544666362954
30.0,237.0,199.5938262939453,-0.3949671811153431,1.3725048594858282,-2.72843495407217,-2.7040994429639387,-1.441179167723167,0.7895823063758505,-0.0331477205715259,2.565667895272836,0.3824653502322472,2.595553165719845
30.0,237.0,130.06192016601562,-0.0212227208284233,1.6121891393135834,-2.4644960529301425,-2.197557934395194,-1.1352402371828656,0.8448065255323579,0.023225858376605,2.550122352548509,0.1069361541826877,1.6781502357479896
30.0,237.0,130.0671844482422,-0.0226822992858978,1.6127152107404554,-2.465214771863413,-2.197707398795992,-1.136118144769991,0.8450252691959,0.0239349770770469,2.5511831864747267,0.1047111087062736,1.6780783128160954
30.0,237.0,130.06869506835938,-0.0220162762744968,1.6108456482637925,-2.4637801583037047,-2.197786673345628,-1.1357156722421764,0.8454566093694266,0.0241997122583173,2.5535064956134432,0.1108190624818382,1.6865722295345753
30.0,237.0,130.07362365722656,-0.0221264268818857,1.609570807408197,-2.4670073715770027,-2.1973131813858777,-1.1372281276135567,0.8450514408191019,0.0242108911469233,2.550496869279125,0.1109848787753866,1.6889622050702726
30.0,237.0,130.0692901611328,-0.0203942656790777,1.6119663830322368,-2.4639858657702214,-2.197839879031834,-1.1339025559464286,0.846124412267191,0.0238077821854445,2.5530134643895543,0.1135540848143144,1.6996508312525616
30.0,237.0,130.06842041015625,-0.0184746814398396,1.610521443595631,-2.4643366874836934,-2.1976775291955595,-1.1359392885405049,0.8444147709807323,0.0223777978034712,2.550895961525279,0.1085503401919817,1.6844660414922872
30.0,237.0,130.07302856445312,-0.021601863709611,1.6090304802158366,-2.465433248617948,-2.197660870042485,-1.1335822255848234,0.8463874909612131,0.0253909823231447,2.5535066732437244,0.1144541623373936,1.6995347586002725
30.0,237.0,130.12106323242188,-0.0268418524415132,1.607971210081246,-2.4712624494244704,-2.199058154505161,-1.1332600567613618,0.8443475714739972,0.0232630546507814,2.5573724150402186,0.1239606100015764,1.7152180370041608
30.0,237.0,130.06295776367188,-0.0209722800348992,1.612076634196732,-2.4644169416835093,-2.197409166080972,-1.1350960288458007,0.8450540787196443,0.0228528809136173,2.5507801907869663,0.1077065074623773,1.683861431917406
30.0,237.0,203.7299041748047,-1.4671963034076896,0.7718039591814964,-3.521820860113768,-2.7055890962796987,-1.3850800460590984,0.7492558679810841,0.0041742840984898,2.5864682179734686,0.2295821296873494,1.9406396168518183
30.0,237.0,240.0376892089844,-0.818985015422538,0.7325545795717203,-3.463958090524869,-3.1745869837099026,-1.9281247841715203,0.2058466922336207,-0.3766659363291286,2.6001316734345754,0.2265875295001577,2.1979228280822705
30.0,237.0,130.0635986328125,-0.0213311788322912,1.612165018206125,-2.463829059035058,-2.197467910561443,-1.1349405497837817,0.8449509905858971,0.0231383182718788,2.550407168663902,0.1074090283712326,1.6846816153678807
30.0,237.0,130.0700225830078,-0.021554109745988,1.6120439753754856,-2.4634945447088183,-2.1977249787071043,-1.1359977360920583,0.8464675320695966,0.0248784910245729,2.5535928169217965,0.114511753033331,1.699528858876211
30.0,237.0,130.06771850585938,-0.0212937730914956,1.6122709198500875,-2.464560585489906,-2.197786618314241,-1.1359934261997726,0.8459951570172819,0.0233432106041645,2.552007270481794,0.1121948788892302,1.694829161136428
30.0,237.0,130.06578063964844,-0.0212879999388618,1.6105510053673844,-2.464488534719546,-2.197272555839896,-1.135763474717601,0.8445952402434519,0.0232643179459839,2.551649264836435,0.1104185259463369,1.6901741494212992
30.0,237.0,130.06890869140625,-0.0212881890609658,1.6125458798516892,-2.4634099963670835,-2.197925844601921,-1.1340910700361262,0.8462339293574737,0.0241778059007504,2.55280639675026,0.1133285428031655,1.6987931470447826
30.0,237.0,147.42127990722656,0.0140166682907658,1.6551451218798996,-2.3316207941156137,-2.2455899923782083,-1.1307476143708748,0.8300822125973898,-0.0363740567893924,2.541531352461153,0.0563548073336872,1.7314243994854963
30.0,237.0,130.06761169433594,-0.0226344859489312,1.6121739997613584,-2.4649878438534207,-2.19779639933972,-1.1354898422515602,0.8455037442421188,0.0234059519962723,2.5524502496407324,0.1054904056828913,1.6785918855071245
30.0,237.0,130.0635528564453,-0.0211091670244424,1.6119014577181416,-2.464153605894565,-2.1980402600693645,-1.1346085298206072,0.8454056366440958,0.0228658753018704,2.550624601129836,0.1072293109098218,1.683852583751897
30.0,237.0,242.24465942382807,-0.6765068837044388,0.5731721926803546,-3.182363211629109,-3.115613068305457,-2.833970604240305,0.5175124438082294,-0.1119189164304249,2.549271617641784,0.2717736279602655,1.804321352114272
30.0,237.0,210.119873046875,-0.7610068930568665,0.5642124147423887,-3.726421416211226,-2.7995431788777383,-1.3708891968054873,0.679066308131347,0.0234932080174868,2.5843400721228726,0.297657964549431,2.1950618999519365
30.0,237.0,130.06375122070312,-0.0209372073530522,1.6120234416172865,-2.464410366898343,-2.1971355713911707,-1.135633373113417,0.8451368512427259,0.0237830986383357,2.5517012422752554,0.1079613570312039,1.6833267954178577
30.0,237.0,130.06765747070312,-0.0211165446055682,1.6116653573497872,-2.464568284631722,-2.197522486989414,-1.134876841633991,0.8434866999921165,0.0230788849499952,2.5519495709868663,0.1117949214472717,1.6922518462395622
30.0,237.0,205.575927734375,-0.8160173862793221,0.5906195673798553,-3.5501247184478806,-2.9220737949502533,-1.5276746941164658,0.7254873283981647,-0.0189028447691116,2.5943872451814447,0.2168908645567235,1.9760531472632008
30.0,237.0,130.06288146972656,-0.0218130450986629,1.6112408479083324,-2.464630643643501,-2.197779552399844,-1.1356513598597422,0.844427863960419,0.0235857356725815,2.549943231476776,0.1075901070051951,1.680897210514389
30.0,237.0,130.0637969970703,-0.0208902406005644,1.6119734742103369,-2.464446091986895,-2.19710559809524,-1.1354421638064411,0.8450584025667578,0.0238041773645564,2.5516346855106327,0.107609505980238,1.6832541798756713
30.0,237.0,130.0644989013672,-0.0214179248292399,1.6128069766293551,-2.4646694673254155,-2.1997187233409914,-1.1352310118191995,0.8457633145446949,0.0229521221883603,2.5498708094247298,0.1066708785567443,1.680784104787331
30.0,237.0,130.0623321533203,-0.0213039810141313,1.6117912843791815,-2.464525529095783,-2.197261974723294,-1.135080110244776,0.8441322886012781,0.0234379025936432,2.550405399428731,0.1067865070036801,1.6796606321931018
30.0,237.0,130.06407165527344,-0.0214055938138265,1.6129540570943397,-2.464468741329901,-2.197234671868673,-1.135103572490497,0.844656789553288,0.0226095196116695,2.55111144233172,0.1080925133100413,1.6836847822185717
30.0,237.0,130.06988525390625,-0.0239186560541447,1.6112328387700028,-2.464607752057477,-2.1983760548270537,-1.135946660804071,0.8455786425558565,0.024944817960014,2.5519653703984586,0.1121193428936892,1.6940196991939904
30.0,237.0,130.07627868652344,-0.0199152855721854,1.61382936432916,-2.4619207073135745,-2.1974391680795824,-1.1345695627830763,0.8486531931719119,0.0233146191908354,2.552145721206953,0.1124406432716579,1.6979525437899026
30.0,237.0,130.06600952148438,-0.0211178222070299,1.6103847759290266,-2.4644209921066222,-2.197451737189725,-1.1360195367760717,0.84494901713653,0.0235738133036352,2.551092969434705,0.1096924112457049,1.689501870068402
30.0,237.0,130.09913635253906,-0.0205439265469064,1.6064138416188447,-2.466357528899226,-2.2050628715911373,-1.1379363404595937,0.8467044154928408,0.0210629739593122,2.550597145950475,0.0993289693935746,1.6603087325374997
30.0,238.0,130.0622100830078,-0.0211837480761605,1.6125067130702335,-2.464500137114889,-2.197481980916277,-1.135320950992734,0.8453799930669458,0.0235437348357134,2.549492396584848,0.1064965289102163,1.6785020687070165
30.0,238.0,130.0638885498047,-0.0213268182590271,1.611963014253213,-2.464213473224965,-2.197959149590025,-1.1359956748083448,0.8444428032748555,0.0229421323906714,2.5502650293743523,0.1051189963155276,1.6804677438870326
30.0,238.0,130.06622314453125,-0.0215047765635967,1.6103141379470471,-2.4644563913230293,-2.1975268082120163,-1.1351979501028242,0.8441357910788309,0.0234713560858831,2.552014667362936,0.1104533418979117,1.6899374807038992
30.0,238.0,205.40724182128903,-1.2471719392371754,0.7338063691250966,-3.6956164114227614,-2.6893020048638974,-1.4361633841990469,0.7509499775402746,-0.0265320376388999,2.5844589496606782,0.2214973721181175,2.0621365244733765
30.0,238.0,130.0667724609375,-0.0210229994384154,1.6115277940003625,-2.4636994765590394,-2.197314128726708,-1.135729157986956,0.8459351682963937,0.0236979502262292,2.550935983381516,0.108938641664473,1.6898821360743583
30.0,238.0,130.06910705566406,-0.0213117996944473,1.611532529519285,-2.463791151901713,-2.197820122880404,-1.1346716519594982,0.8463058061721773,0.0240051534121443,2.552954066988893,0.1131229916148561,1.6999650231385195
30.0,238.0,130.06317138671875,-0.0214908486386406,1.6119646848450615,-2.464259312106244,-2.197573074584596,-1.135017991129897,0.8452881582951637,0.0238173310964382,2.551662452147406,0.1076228111777817,1.682164242503162
30.0,238.0,130.0622100830078,-0.0212112085904558,1.611940247268468,-2.464490530464323,-2.197534450090945,-1.135232296614472,0.8444980945704282,0.0231527330762314,2.5503785109304413,0.1073296986095062,1.6817504512190222
30.0,238.0,130.07180786132812,-0.0198385588222231,1.613399746182087,-2.462447093375754,-2.1980275329727466,-1.133904304055262,0.846753119792344,0.0232432009304832,2.55281013637525,0.1129654286504708,1.6988241965863846
30.0,238.0,217.80987548828125,-0.7399219093249991,0.6265199654248446,-3.3812386568411683,-3.115740592719888,-2.4970438835882924,0.4187495791001843,-0.1164287251613381,2.541142812644273,0.2703581298861386,2.0687642066891287
30.0,238.0,201.7044219970703,-0.6552952230338768,0.789537644755984,-3.131677153117997,-2.725862189701337,-1.327890814222953,0.7257755438118074,-0.0264966475501739,2.5879562114865826,0.2411740536822892,2.06908069814025
30.0,238.0,130.06321716308594,-0.0206355314610451,1.6117821060907012,-2.4643912259660943,-2.19768875755158,-1.135111230564191,0.8449545099273386,0.0222161896603767,2.550784970906597,0.0999581407156062,1.6620349314830325
30.0,238.0,130.0684814453125,-0.0210092410828998,1.6117904560236485,-2.462536880639236,-2.196906276081219,-1.1358953765699744,0.8444649807457459,0.0242434904857292,2.552799982203813,0.1116480754096299,1.694826688828618
30.0,238.0,130.06515502929688,-0.0208844376273081,1.6112858540625414,-2.464581772798191,-2.197336757235223,-1.135540368248341,0.8449531759330385,0.0230652072253749,2.5516731232816645,0.1096096522795719,1.6893264933658567
30.0,238.0,130.06382751464844,-0.0210768488679159,1.6115787991621522,-2.4645104577406944,-2.196788547789148,-1.1355815644650034,0.8447191841079633,0.0238637801295413,2.551499621966451,0.1068880356271441,1.6810068068410342
30.0,238.0,130.07928466796875,-0.0260575111717201,1.6101996732202797,-2.464525477493161,-2.1972242671767823,-1.1327676171862628,0.8495841317060162,0.0234409887596069,2.5506852741713866,0.1075453170498392,1.6798955848567605
30.0,238.0,199.5938262939453,-0.3949671811153431,1.3725048594858282,-2.72843495407217,-2.7040994429639387,-1.441179167723167,0.7895823063758505,-0.0331477205715259,2.565667895272836,0.3824653502322472,2.595553165719845
30.0,238.0,130.06192016601562,-0.0212227208284233,1.6121891393135834,-2.4644960529301425,-2.197557934395194,-1.1352402371828656,0.8448065255323579,0.023225858376605,2.550122352548509,0.1069361541826877,1.6781502357479896
30.0,238.0,130.0671844482422,-0.0226822992858978,1.6127152107404554,-2.465214771863413,-2.197707398795992,-1.136118144769991,0.8450252691959,0.0239349770770469,2.5511831864747267,0.1047111087062736,1.6780783128160954
30.0,238.0,130.06869506835938,-0.0220162762744968,1.6108456482637925,-2.4637801583037047,-2.197786673345628,-1.1357156722421764,0.8454566093694266,0.0241997122583173,2.5535064956134432,0.1108190624818382,1.6865722295345753
30.0,238.0,130.07362365722656,-0.0221264268818857,1.609570807408197,-2.4670073715770027,-2.1973131813858777,-1.1372281276135567,0.8450514408191019,0.0242108911469233,2.550496869279125,0.1109848787753866,1.6889622050702726
30.0,238.0,130.0692901611328,-0.0203942656790777,1.6119663830322368,-2.4639858657702214,-2.197839879031834,-1.1339025559464286,0.846124412267191,0.0238077821854445,2.5530134643895543,0.1135540848143144,1.6996508312525616
30.0,238.0,130.06842041015625,-0.0184746814398396,1.610521443595631,-2.4643366874836934,-2.1976775291955595,-1.1359392885405049,0.8444147709807323,0.0223777978034712,2.550895961525279,0.1085503401919817,1.6844660414922872
30.0,238.0,130.07302856445312,-0.021601863709611,1.6090304802158366,-2.465433248617948,-2.197660870042485,-1.1335822255848234,0.8463874909612131,0.0253909823231447,2.5535066732437244,0.1144541623373936,1.6995347586002725
30.0,238.0,130.12106323242188,-0.0268418524415132,1.607971210081246,-2.4712624494244704,-2.199058154505161,-1.1332600567613618,0.8443475714739972,0.0232630546507814,2.5573724150402186,0.1239606100015764,1.7152180370041608
30.0,238.0,130.06295776367188,-0.0209722800348992,1.612076634196732,-2.4644169416835093,-2.197409166080972,-1.1350960288458007,0.8450540787196443,0.0228528809136173,2.5507801907869663,0.1077065074623773,1.683861431917406
30.0,238.0,203.7299041748047,-1.4671963034076896,0.7718039591814964,-3.521820860113768,-2.7055890962796987,-1.3850800460590984,0.7492558679810841,0.0041742840984898,2.5864682179734686,0.2295821296873494,1.9406396168518183
30.0,238.0,240.0376892089844,-0.818985015422538,0.7325545795717203,-3.463958090524869,-3.1745869837099026,-1.9281247841715203,0.2058466922336207,-0.3766659363291286,2.6001316734345754,0.2265875295001577,2.1979228280822705
30.0,238.0,130.0635986328125,-0.0213311788322912,1.612165018206125,-2.463829059035058,-2.197467910561443,-1.1349405497837817,0.8449509905858971,0.0231383182718788,2.550407168663902,0.1074090283712326,1.6846816153678807
30.0,238.0,130.0700225830078,-0.021554109745988,1.6120439753754856,-2.4634945447088183,-2.1977249787071043,-1.1359977360920583,0.8464675320695966,0.0248784910245729,2.5535928169217965,0.114511753033331,1.699528858876211
30.0,238.0,130.06771850585938,-0.0212937730914956,1.6122709198500875,-2.464560585489906,-2.197786618314241,-1.1359934261997726,0.8459951570172819,0.0233432106041645,2.552007270481794,0.1121948788892302,1.694829161136428
30.0,238.0,130.06578063964844,-0.0212879999388618,1.6105510053673844,-2.464488534719546,-2.197272555839896,-1.135763474717601,0.8445952402434519,0.0232643179459839,2.551649264836435,0.1104185259463369,1.6901741494212992
30.0,238.0,130.06890869140625,-0.0212881890609658,1.6125458798516892,-2.4634099963670835,-2.197925844601921,-1.1340910700361262,0.8462339293574737,0.0241778059007504,2.55280639675026,0.1133285428031655,1.6987931470447826
30.0,238.0,147.42127990722656,0.0140166682907658,1.6551451218798996,-2.3316207941156137,-2.2455899923782083,-1.1307476143708748,0.8300822125973898,-0.0363740567893924,2.541531352461153,0.0563548073336872,1.7314243994854963
30.0,238.0,130.06761169433594,-0.0226344859489312,1.6121739997613584,-2.4649878438534207,-2.19779639933972,-1.1354898422515602,0.8455037442421188,0.0234059519962723,2.5524502496407324,0.1054904056828913,1.6785918855071245
30.0,238.0,130.0627899169922,-0.0209859956650487,1.6119915579393822,-2.464740152343376,-2.1973608824140043,-1.1359844024007133,0.8449214005353513,0.0234098972369068,2.5500086883732584,0.1063057016125716,1.6809002714155927
30.0,238.0,242.24465942382807,-0.6765068837044388,0.5731721926803546,-3.182363211629109,-3.115613068305457,-2.833970604240305,0.5175124438082294,-0.1119189164304249,2.549271617641784,0.2717736279602655,1.804321352114272
30.0,238.0,210.119873046875,-0.7610068930568665,0.5642124147423887,-3.726421416211226,-2.7995431788777383,-1.3708891968054873,0.679066308131347,0.0234932080174868,2.5843400721228726,0.297657964549431,2.1950618999519365
30.0,238.0,130.06375122070312,-0.0209372073530522,1.6120234416172865,-2.464410366898343,-2.1971355713911707,-1.135633373113417,0.8451368512427259,0.0237830986383357,2.5517012422752554,0.1079613570312039,1.6833267954178577
30.0,238.0,130.06765747070312,-0.0211165446055682,1.6116653573497872,-2.464568284631722,-2.197522486989414,-1.134876841633991,0.8434866999921165,0.0230788849499952,2.5519495709868663,0.1117949214472717,1.6922518462395622
30.0,238.0,205.575927734375,-0.8160173862793221,0.5906195673798553,-3.5501247184478806,-2.9220737949502533,-1.5276746941164658,0.7254873283981647,-0.0189028447691116,2.5943872451814447,0.2168908645567235,1.9760531472632008
30.0,238.0,130.06288146972656,-0.0218130450986629,1.6112408479083324,-2.464630643643501,-2.197779552399844,-1.1356513598597422,0.844427863960419,0.0235857356725815,2.549943231476776,0.1075901070051951,1.680897210514389
30.0,238.0,130.0637969970703,-0.0208902406005644,1.6119734742103369,-2.464446091986895,-2.19710559809524,-1.1354421638064411,0.8450584025667578,0.0238041773645564,2.5516346855106327,0.107609505980238,1.6832541798756713
30.0,238.0,130.0644989013672,-0.0214179248292399,1.6128069766293551,-2.4646694673254155,-2.1997187233409914,-1.1352310118191995,0.8457633145446949,0.0229521221883603,2.5498708094247298,0.1066708785567443,1.680784104787331
30.0,238.0,130.0623321533203,-0.0213039810141313,1.6117912843791815,-2.464525529095783,-2.197261974723294,-1.135080110244776,0.8441322886012781,0.0234379025936432,2.550405399428731,0.1067865070036801,1.6796606321931018
30.0,238.0,130.06407165527344,-0.0214055938138265,1.6129540570943397,-2.464468741329901,-2.197234671868673,-1.135103572490497,0.844656789553288,0.0226095196116695,2.55111144233172,0.1080925133100413,1.6836847822185717
30.0,238.0,130.06988525390625,-0.0239186560541447,1.6112328387700028,-2.464607752057477,-2.1983760548270537,-1.135946660804071,0.8455786425558565,0.024944817960014,2.5519653703984586,0.1121193428936892,1.6940196991939904
30.0,238.0,130.07627868652344,-0.0199152855721854,1.61382936432916,-2.4619207073135745,-2.1974391680795824,-1.1345695627830763,0.8486531931719119,0.0233146191908354,2.552145721206953,0.1124406432716579,1.6979525437899026
30.0,238.0,130.06600952148438,-0.0211178222070299,1.6103847759290266,-2.4644209921066222,-2.197451737189725,-1.1360195367760717,0.84494901713653,0.0235738133036352,2.551092969434705,0.1096924112457049,1.689501870068402
30.0,238.0,130.09913635253906,-0.0205439265469064,1.6064138416188447,-2.466357528899226,-2.2050628715911373,-1.1379363404595937,0.8467044154928408,0.0210629739593122,2.550597145950475,0.0993289693935746,1.6603087325374997
30.0,239.0,130.0622100830078,-0.0211837480761605,1.6125067130702335,-2.464500137114889,-2.197481980916277,-1.135320950992734,0.8453799930669458,0.0235437348357134,2.549492396584848,0.1064965289102163,1.6785020687070165
30.0,239.0,130.06216430664062,-0.0211454348705943,1.6119378694297752,-2.464370142784885,-2.1981604836222224,-1.1354932426943187,0.8440569867173595,0.0233336928857437,2.5500106389149484,0.1070694192022035,1.6793237874116598
30.0,239.0,130.06622314453125,-0.0215047765635967,1.6103141379470471,-2.4644563913230293,-2.1975268082120163,-1.1351979501028242,0.8441357910788309,0.0234713560858831,2.552014667362936,0.1104533418979117,1.6899374807038992
30.0,239.0,205.40724182128903,-1.2471719392371754,0.7338063691250966,-3.6956164114227614,-2.6893020048638974,-1.4361633841990469,0.7509499775402746,-0.0265320376388999,2.5844589496606782,0.2214973721181175,2.0621365244733765
30.0,239.0,130.0667724609375,-0.0210229994384154,1.6115277940003625,-2.4636994765590394,-2.197314128726708,-1.135729157986956,0.8459351682963937,0.0236979502262292,2.550935983381516,0.108938641664473,1.6898821360743583
30.0,239.0,130.06910705566406,-0.0213117996944473,1.611532529519285,-2.463791151901713,-2.197820122880404,-1.1346716519594982,0.8463058061721773,0.0240051534121443,2.552954066988893,0.1131229916148561,1.6999650231385195
30.0,239.0,130.06317138671875,-0.0214908486386406,1.6119646848450615,-2.464259312106244,-2.197573074584596,-1.135017991129897,0.8452881582951637,0.0238173310964382,2.551662452147406,0.1076228111777817,1.682164242503162
30.0,239.0,130.0622100830078,-0.0212112085904558,1.611940247268468,-2.464490530464323,-2.197534450090945,-1.135232296614472,0.8444980945704282,0.0231527330762314,2.5503785109304413,0.1073296986095062,1.6817504512190222
30.0,239.0,130.07180786132812,-0.0198385588222231,1.613399746182087,-2.462447093375754,-2.1980275329727466,-1.133904304055262,0.846753119792344,0.0232432009304832,2.55281013637525,0.1129654286504708,1.6988241965863846
30.0,239.0,217.80987548828125,-0.7399219093249991,0.6265199654248446,-3.3812386568411683,-3.115740592719888,-2.4970438835882924,0.4187495791001843,-0.1164287251613381,2.541142812644273,0.2703581298861386,2.0687642066891287
30.0,239.0,201.7044219970703,-0.6552952230338768,0.789537644755984,-3.131677153117997,-2.725862189701337,-1.327890814222953,0.7257755438118074,-0.0264966475501739,2.5879562114865826,0.2411740536822892,2.06908069814025
30.0,239.0,130.06321716308594,-0.0206355314610451,1.6117821060907012,-2.4643912259660943,-2.19768875755158,-1.135111230564191,0.8449545099273386,0.0222161896603767,2.550784970906597,0.0999581407156062,1.6620349314830325
30.0,239.0,130.0684814453125,-0.0210092410828998,1.6117904560236485,-2.462536880639236,-2.196906276081219,-1.1358953765699744,0.8444649807457459,0.0242434904857292,2.552799982203813,0.1116480754096299,1.694826688828618
30.0,239.0,130.06295776367188,-0.0208267401856274,1.6121627814939037,-2.4645506670897896,-2.197345152247768,-1.1354627419087089,0.8450050512001631,0.0231450456872117,2.5504959711785062,0.10717203245569,1.677108103434932
30.0,239.0,130.06382751464844,-0.0210768488679159,1.6115787991621522,-2.4645104577406944,-2.196788547789148,-1.1355815644650034,0.8447191841079633,0.0238637801295413,2.551499621966451,0.1068880356271441,1.6810068068410342
30.0,239.0,130.07928466796875,-0.0260575111717201,1.6101996732202797,-2.464525477493161,-2.1972242671767823,-1.1327676171862628,0.8495841317060162,0.0234409887596069,2.5506852741713866,0.1075453170498392,1.6798955848567605
30.0,239.0,199.5938262939453,-0.3949671811153431,1.3725048594858282,-2.72843495407217,-2.7040994429639387,-1.441179167723167,0.7895823063758505,-0.0331477205715259,2.565667895272836,0.3824653502322472,2.595553165719845
30.0,239.0,130.06192016601562,-0.0212227208284233,1.6121891393135834,-2.4644960529301425,-2.197557934395194,-1.1352402371828656,0.8448065255323579,0.023225858376605,2.550122352548509,0.1069361541826877,1.6781502357479896
30.0,239.0,130.0671844482422,-0.0226822992858978,1.6127152107404554,-2.465214771863413,-2.197707398795992,-1.136118144769991,0.8450252691959,0.0239349770770469,2.5511831864747267,0.1047111087062736,1.6780783128160954
30.0,239.0,130.06869506835938,-0.0220162762744968,1.6108456482637925,-2.4637801583037047,-2.197786673345628,-1.1357156722421764,0.8454566093694266,0.0241997122583173,2.5535064956134432,0.1108190624818382,1.6865722295345753
30.0,239.0,130.0710906982422,-0.0222871019651407,1.6100756654621784,-2.46691096112976,-2.197248326852948,-1.1376628349244025,0.8442438945505256,0.0236023835466506,2.5501081978588185,0.1085699866387059,1.680954016544041
30.0,239.0,130.0692901611328,-0.0203942656790777,1.6119663830322368,-2.4639858657702214,-2.197839879031834,-1.1339025559464286,0.846124412267191,0.0238077821854445,2.5530134643895543,0.1135540848143144,1.6996508312525616
30.0,239.0,130.06842041015625,-0.0184746814398396,1.610521443595631,-2.4643366874836934,-2.1976775291955595,-1.1359392885405049,0.8444147709807323,0.0223777978034712,2.550895961525279,0.1085503401919817,1.6844660414922872
30.0,239.0,130.07302856445312,-0.021601863709611,1.6090304802158366,-2.465433248617948,-2.197660870042485,-1.1335822255848234,0.8463874909612131,0.0253909823231447,2.5535066732437244,0.1144541623373936,1.6995347586002725
30.0,239.0,130.12106323242188,-0.0268418524415132,1.607971210081246,-2.4712624494244704,-2.199058154505161,-1.1332600567613618,0.8443475714739972,0.0232630546507814,2.5573724150402186,0.1239606100015764,1.7152180370041608
30.0,239.0,130.06295776367188,-0.0209722800348992,1.612076634196732,-2.4644169416835093,-2.197409166080972,-1.1350960288458007,0.8450540787196443,0.0228528809136173,2.5507801907869663,0.1077065074623773,1.683861431917406
30.0,239.0,203.7299041748047,-1.4671963034076896,0.7718039591814964,-3.521820860113768,-2.7055890962796987,-1.3850800460590984,0.7492558679810841,0.0041742840984898,2.5864682179734686,0.2295821296873494,1.9406396168518183
30.0,239.0,240.0376892089844,-0.818985015422538,0.7325545795717203,-3.463958090524869,-3.1745869837099026,-1.9281247841715203,0.2058466922336207,-0.3766659363291286,2.6001316734345754,0.2265875295001577,2.1979228280822705
30.0,239.0,130.0621795654297,-0.0213417068889064,1.6118846793497277,-2.464011663874839,-2.197461729389765,-1.1348586950000743,0.8445509887068244,0.0233349940752608,2.550141761099922,0.106874815474155,1.6811062004301105
30.0,239.0,130.0700225830078,-0.021554109745988,1.6120439753754856,-2.4634945447088183,-2.1977249787071043,-1.1359977360920583,0.8464675320695966,0.0248784910245729,2.5535928169217965,0.114511753033331,1.699528858876211
30.0,239.0,130.06771850585938,-0.0212937730914956,1.6122709198500875,-2.464560585489906,-2.197786618314241,-1.1359934261997726,0.8459951570172819,0.0233432106041645,2.552007270481794,0.1121948788892302,1.694829161136428
30.0,239.0,130.06578063964844,-0.0212879999388618,1.6105510053673844,-2.464488534719546,-2.197272555839896,-1.135763474717601,0.8445952402434519,0.0232643179459839,2.551649264836435,0.1104185259463369,1.6901741494212992
30.0,239.0,130.06890869140625,-0.0212881890609658,1.6125458798516892,-2.4634099963670835,-2.197925844601921,-1.1340910700361262,0.8462339293574737,0.0241778059007504,2.55280639675026,0.1133285428031655,1.6987931470447826
30.0,239.0,147.42127990722656,0.0140166682907658,1.6551451218798996,-2.3316207941156137,-2.2455899923782083,-1.1307476143708748,0.8300822125973898,-0.0363740567893924,2.541531352461153,0.0563548073336872,1.7314243994854963
30.0,239.0,130.06761169433594,-0.0226344859489312,1.6121739997613584,-2.4649878438534207,-2.19779639933972,-1.1354898422515602,0.8455037442421188,0.0234059519962723,2.5524502496407324,0.1054904056828913,1.6785918855071245
30.0,239.0,130.0624542236328,-0.0213996139071819,1.6124304123891156,-2.464456396435921,-2.1974903045406773,-1.136476136914386,0.8449968964719867,0.0234235098607982,2.5498901345154,0.1061641157666448,1.6790434795333988
30.0,239.0,242.24465942382807,-0.6765068837044388,0.5731721926803546,-3.182363211629109,-3.115613068305457,-2.833970604240305,0.5175124438082294,-0.1119189164304249,2.549271617641784,0.2717736279602655,1.804321352114272
30.0,239.0,210.119873046875,-0.7610068930568665,0.5642124147423887,-3.726421416211226,-2.7995431788777383,-1.3708891968054873,0.679066308131347,0.0234932080174868,2.5843400721228726,0.297657964549431,2.1950618999519365
30.0,239.0,130.06375122070312,-0.0209372073530522,1.6120234416172865,-2.464410366898343,-2.1971355713911707,-1.135633373113417,0.8451368512427259,0.0237830986383357,2.5517012422752554,0.1079613570312039,1.6833267954178577
30.0,239.0,130.06765747070312,-0.0211165446055682,1.6116653573497872,-2.464568284631722,-2.197522486989414,-1.134876841633991,0.8434866999921165,0.0230788849499952,2.5519495709868663,0.1117949214472717,1.6922518462395622
30.0,239.0,205.575927734375,-0.8160173862793221,0.5906195673798553,-3.5501247184478806,-2.9220737949502533,-1.5276746941164658,0.7254873283981647,-0.0189028447691116,2.5943872451814447,0.2168908645567235,1.9760531472632008
30.0,239.0,130.06288146972656,-0.0218130450986629,1.6112408479083324,-2.464630643643501,-2.197779552399844,-1.1356513598597422,0.844427863960419,0.0235857356725815,2.549943231476776,0.1075901070051951,1.680897210514389
30.0,239.0,130.0637969970703,-0.0208902406005644,1.6119734742103369,-2.464446091986895,-2.19710559809524,-1.1354421638064411,0.8450584025667578,0.0238041773645564,2.5516346855106327,0.107609505980238,1.6832541798756713
30.0,239.0,130.0644989013672,-0.0214179248292399,1.6128069766293551,-2.4646694673254155,-2.1997187233409914,-1.1352310118191995,0.8457633145446949,0.0229521221883603,2.5498708094247298,0.1066708785567443,1.680784104787331
30.0,239.0,130.06141662597656,-0.0212433152418556,1.6119415578478986,-2.464503045687366,-2.197957957645193,-1.135253556499711,0.8444462002684524,0.0231694186623434,2.55006490607497,0.106328143250225,1.676183812147586
30.0,239.0,130.06399536132812,-0.0213042093688484,1.6105682715515608,-2.464417610880948,-2.197331248702379,-1.1353764565010638,0.8446056088437353,0.022290173316806,2.550440761582937,0.1084349570599545,1.68500725964527
30.0,239.0,130.06988525390625,-0.0239186560541447,1.6112328387700028,-2.464607752057477,-2.1983760548270537,-1.135946660804071,0.8455786425558565,0.024944817960014,2.5519653703984586,0.1121193428936892,1.6940196991939904
30.0,239.0,130.07627868652344,-0.0199152855721854,1.61382936432916,-2.4619207073135745,-2.1974391680795824,-1.1345695627830763,0.8486531931719119,0.0233146191908354,2.552145721206953,0.1124406432716579,1.6979525437899026
30.0,239.0,130.06600952148438,-0.0211178222070299,1.6103847759290266,-2.4644209921066222,-2.197451737189725,-1.1360195367760717,0.84494901713653,0.0235738133036352,2.551092969434705,0.1096924112457049,1.689501870068402
30.0,239.0,130.09913635253906,-0.0205439265469064,1.6064138416188447,-2.466357528899226,-2.2050628715911373,-1.1379363404595937,0.8467044154928408,0.0210629739593122,2.550597145950475,0.0993289693935746,1.6603087325374997
30.0,240.0,130.0617218017578,-0.0213027933503189,1.6118767267741765,-2.464478121784954,-2.197525089552545,-1.1352001191810834,0.8441559745660921,0.0232770562698816,2.550673633753095,0.1058071633697812,1.677742858249042
30.0,240.0,130.06216430664062,-0.0211454348705943,1.6119378694297752,-2.464370142784885,-2.1981604836222224,-1.1354932426943187,0.8440569867173595,0.0233336928857437,2.5500106389149484,0.1070694192022035,1.6793237874116598
30.0,240.0,130.06622314453125,-0.0215047765635967,1.6103141379470471,-2.4644563913230293,-2.1975268082120163,-1.1351979501028242,0.8441357910788309,0.0234713560858831,2.552014667362936,0.1104533418979117,1.6899374807038992
30.0,240.0,205.40724182128903,-1.2471719392371754,0.7338063691250966,-3.6956164114227614,-2.6893020048638974,-1.4361633841990469,0.7509499775402746,-0.0265320376388999,2.5844589496606782,0.2214973721181175,2.0621365244733765
30.0,240.0,130.0667724609375,-0.0210229994384154,1.6115277940003625,-2.4636994765590394,-2.197314128726708,-1.135729157986956,0.8459351682963937,0.0236979502262292,2.550935983381516,0.108938641664473,1.6898821360743583
30.0,240.0,130.06910705566406,-0.0213117996944473,1.611532529519285,-2.463791151901713,-2.197820122880404,-1.1346716519594982,0.8463058061721773,0.0240051534121443,2.552954066988893,0.1131229916148561,1.6999650231385195
30.0,240.0,130.06317138671875,-0.0214908486386406,1.6119646848450615,-2.464259312106244,-2.197573074584596,-1.135017991129897,0.8452881582951637,0.0238173310964382,2.551662452147406,0.1076228111777817,1.682164242503162
30.0,240.0,130.0622100830078,-0.0212112085904558,1.611940247268468,-2.464490530464323,-2.197534450090945,-1.135232296614472,0.8444980945704282,0.0231527330762314,2.5503785109304413,0.1073296986095062,1.6817504512190222
30.0,240.0,130.07180786132812,-0.0198385588222231,1.613399746182087,-2.462447093375754,-2.1980275329727466,-1.133904304055262,0.846753119792344,0.0232432009304832,2.55281013637525,0.1129654286504708,1.6988241965863846
30.0,240.0,217.80987548828125,-0.7399219093249991,0.6265199654248446,-3.3812386568411683,-3.115740592719888,-2.4970438835882924,0.4187495791001843,-0.1164287251613381,2.541142812644273,0.2703581298861386,2.0687642066891287
30.0,240.0,201.7044219970703,-0.6552952230338768,0.789537644755984,-3.131677153117997,-2.725862189701337,-1.327890814222953,0.7257755438118074,-0.0264966475501739,2.5879562114865826,0.2411740536822892,2.06908069814025
30.0,240.0,130.06321716308594,-0.0206355314610451,1.6117821060907012,-2.4643912259660943,-2.19768875755158,-1.135111230564191,0.8449545099273386,0.0222161896603767,2.550784970906597,0.0999581407156062,1.6620349314830325
30.0,240.0,130.0684814453125,-0.0210092410828998,1.6117904560236485,-2.462536880639236,-2.196906276081219,-1.1358953765699744,0.8444649807457459,0.0242434904857292,2.552799982203813,0.1116480754096299,1.694826688828618
30.0,240.0,130.06295776367188,-0.0208267401856274,1.6121627814939037,-2.4645506670897896,-2.197345152247768,-1.1354627419087089,0.8450050512001631,0.0231450456872117,2.5504959711785062,0.10717203245569,1.677108103434932
30.0,240.0,130.06382751464844,-0.0210768488679159,1.6115787991621522,-2.4645104577406944,-2.196788547789148,-1.1355815644650034,0.8447191841079633,0.0238637801295413,2.551499621966451,0.1068880356271441,1.6810068068410342
30.0,240.0,130.07928466796875,-0.0260575111717201,1.6101996732202797,-2.464525477493161,-2.1972242671767823,-1.1327676171862628,0.8495841317060162,0.0234409887596069,2.5506852741713866,0.1075453170498392,1.6798955848567605
30.0,240.0,199.5938262939453,-0.3949671811153431,1.3725048594858282,-2.72843495407217,-2.7040994429639387,-1.441179167723167,0.7895823063758505,-0.0331477205715259,2.565667895272836,0.3824653502322472,2.595553165719845
30.0,240.0,130.06192016601562,-0.0212227208284233,1.6121891393135834,-2.4644960529301425,-2.197557934395194,-1.1352402371828656,0.8448065255323579,0.023225858376605,2.550122352548509,0.1069361541826877,1.6781502357479896
30.0,240.0,130.0671844482422,-0.0226822992858978,1.6127152107404554,-2.465214771863413,-2.197707398795992,-1.136118144769991,0.8450252691959,0.0239349770770469,2.5511831864747267,0.1047111087062736,1.6780783128160954
30.0,240.0,130.06869506835938,-0.0220162762744968,1.6108456482637925,-2.4637801583037047,-2.197786673345628,-1.1357156722421764,0.8454566093694266,0.0241997122583173,2.5535064956134432,0.1108190624818382,1.6865722295345753
30.0,240.0,130.0631561279297,-0.0205398310842547,1.6134107645723978,-2.463357416405694,-2.1974704124629603,-1.1370055315074292,0.8440473701792438,0.0234757431673106,2.5496590778817736,0.1060142945267827,1.676548169823066
30.0,240.0,130.0692901611328,-0.0203942656790777,1.6119663830322368,-2.4639858657702214,-2.197839879031834,-1.1339025559464286,0.846124412267191,0.0238077821854445,2.5530134643895543,0.1135540848143144,1.6996508312525616
30.0,240.0,130.06842041015625,-0.0184746814398396,1.610521443595631,-2.4643366874836934,-2.1976775291955595,-1.1359392885405049,0.8444147709807323,0.0223777978034712,2.550895961525279,0.1085503401919817,1.6844660414922872
30.0,240.0,130.07302856445312,-0.021601863709611,1.6090304802158366,-2.465433248617948,-2.197660870042485,-1.1335822255848234,0.8463874909612131,0.0253909823231447,2.5535066732437244,0.1144541623373936,1.6995347586002725
30.0,240.0,130.12106323242188,-0.0268418524415132,1.607971210081246,-2.4712624494244704,-2.199058154505161,-1.1332600567613618,0.8443475714739972,0.0232630546507814,2.5573724150402186,0.1239606100015764,1.7152180370041608
30.0,240.0,130.06295776367188,-0.0209722800348992,1.612076634196732,-2.4644169416835093,-2.197409166080972,-1.1350960288458007,0.8450540787196443,0.0228528809136173,2.5507801907869663,0.1077065074623773,1.683861431917406
30.0,240.0,203.7299041748047,-1.4671963034076896,0.7718039591814964,-3.521820860113768,-2.7055890962796987,-1.3850800460590984,0.7492558679810841,0.0041742840984898,2.5864682179734686,0.2295821296873494,1.9406396168518183
30.0,240.0,240.0376892089844,-0.818985015422538,0.7325545795717203,-3.463958090524869,-3.1745869837099026,-1.9281247841715203,0.2058466922336207,-0.3766659363291286,2.6001316734345754,0.2265875295001577,2.1979228280822705
30.0,240.0,130.0617218017578,-0.0212201081378507,1.6117964059580214,-2.464933070468555,-2.197393744117458,-1.1352084403155165,0.8442666232767129,0.0233090388781446,2.5500385064644684,0.1061873192900568,1.6770850994831954
30.0,240.0,130.0700225830078,-0.021554109745988,1.6120439753754856,-2.4634945447088183,-2.1977249787071043,-1.1359977360920583,0.8464675320695966,0.0248784910245729,2.5535928169217965,0.114511753033331,1.699528858876211
30.0,240.0,130.06771850585938,-0.0212937730914956,1.6122709198500875,-2.464560585489906,-2.197786618314241,-1.1359934261997726,0.8459951570172819,0.0233432106041645,2.552007270481794,0.1121948788892302,1.694829161136428
30.0,240.0,130.06578063964844,-0.0212879999388618,1.6105510053673844,-2.464488534719546,-2.197272555839896,-1.135763474717601,0.8445952402434519,0.0232643179459839,2.551649264836435,0.1104185259463369,1.6901741494212992
30.0,240.0,130.06890869140625,-0.0212881890609658,1.6125458798516892,-2.4634099963670835,-2.197925844601921,-1.1340910700361262,0.8462339293574737,0.0241778059007504,2.55280639675026,0.1133285428031655,1.6987931470447826
30.0,240.0,147.42127990722656,0.0140166682907658,1.6551451218798996,-2.3316207941156137,-2.2455899923782083,-1.1307476143708748,0.8300822125973898,-0.0363740567893924,2.541531352461153,0.0563548073336872,1.7314243994854963
30.0,240.0,130.06761169433594,-0.0226344859489312,1.6121739997613584,-2.4649878438534207,-2.19779639933972,-1.1354898422515602,0.8455037442421188,0.0234059519962723,2.5524502496407324,0.1054904056828913,1.6785918855071245
30.0,240.0,130.0624542236328,-0.0213996139071819,1.6124304123891156,-2.464456396435921,-2.1974903045406773,-1.136476136914386,0.8449968964719867,0.0234235098607982,2.5498901345154,0.1061641157666448,1.6790434795333988
30.0,240.0,242.24465942382807,-0.6765068837044388,0.5731721926803546,-3.182363211629109,-3.115613068305457,-2.833970604240305,0.5175124438082294,-0.1119189164304249,2.549271617641784,0.2717736279602655,1.804321352114272
30.0,240.0,210.119873046875,-0.7610068930568665,0.5642124147423887,-3.726421416211226,-2.7995431788777383,-1.3708891968054873,0.679066308131347,0.0234932080174868,2.5843400721228726,0.297657964549431,2.1950618999519365
30.0,240.0,130.06375122070312,-0.0209372073530522,1.6120234416172865,-2.464410366898343,-2.1971355713911707,-1.135633373113417,0.8451368512427259,0.0237830986383357,2.5517012422752554,0.1079613570312039,1.6833267954178577
30.0,240.0,130.06765747070312,-0.0211165446055682,1.6116653573497872,-2.464568284631722,-2.197522486989414,-1.134876841633991,0.8434866999921165,0.0230788849499952,2.5519495709868663,0.1117949214472717,1.6922518462395622
30.0,240.0,205.575927734375,-0.8160173862793221,0.5906195673798553,-3.5501247184478806,-2.9220737949502533,-1.5276746941164658,0.7254873283981647,-0.0189028447691116,2.5943872451814447,0.2168908645567235,1.9760531472632008
30.0,240.0,130.06288146972656,-0.0218130450986629,1.6112408479083324,-2.464630643643501,-2.197779552399844,-1.1356513598597422,0.844427863960419,0.0235857356725815,2.549943231476776,0.1075901070051951,1.680897210514389
30.0,240.0,130.0637969970703,-0.0208902406005644,1.6119734742103369,-2.464446091986895,-2.19710559809524,-1.1354421638064411,0.8450584025667578,0.0238041773645564,2.5516346855106327,0.107609505980238,1.6832541798756713
30.0,240.0,130.0644989013672,-0.0214179248292399,1.6128069766293551,-2.4646694673254155,-2.1997187233409914,-1.1352310118191995,0.8457633145446949,0.0229521221883603,2.5498708094247298,0.1066708785567443,1.680784104787331
30.0,240.0,130.06141662597656,-0.0212433152418556,1.6119415578478986,-2.464503045687366,-2.197957957645193,-1.135253556499711,0.8444462002684524,0.0231694186623434,2.55006490607497,0.106328143250225,1.676183812147586
30.0,240.0,130.0615234375,-0.0212474795677314,1.6095980223904311,-2.464554076480644,-2.19784635574745,-1.135295937035807,0.8444504682700297,0.0228922778966641,2.549746230236675,0.1041676606689089,1.671073839701268
30.0,240.0,130.06988525390625,-0.0239186560541447,1.6112328387700028,-2.464607752057477,-2.1983760548270537,-1.135946660804071,0.8455786425558565,0.024944817960014,2.5519653703984586,0.1121193428936892,1.6940196991939904
30.0,240.0,130.07627868652344,-0.0199152855721854,1.61382936432916,-2.4619207073135745,-2.1974391680795824,-1.1345695627830763,0.8486531931719119,0.0233146191908354,2.552145721206953,0.1124406432716579,1.6979525437899026
30.0,240.0,130.06600952148438,-0.0211178222070299,1.6103847759290266,-2.4644209921066222,-2.197451737189725,-1.1360195367760717,0.84494901713653,0.0235738133036352,2.551092969434705,0.1096924112457049,1.689501870068402
30.0,240.0,130.09913635253906,-0.0205439265469064,1.6064138416188447,-2.466357528899226,-2.2050628715911373,-1.1379363404595937,0.8467044154928408,0.0210629739593122,2.550597145950475,0.0993289693935746,1.6603087325374997
30.0,241.0,130.06118774414062,-0.0212717634898399,1.6116807564154865,-2.464491661658696,-2.198492701615114,-1.1352373511061196,0.8439577435537224,0.0232405789454746,2.550019208994827,0.1055689814932142,1.6752672676830456
30.0,241.0,130.06080627441406,-0.0212410490893437,1.612069326867133,-2.4641723879131487,-2.1977050679730983,-1.135049827612828,0.8450787258565194,0.023330656367059,2.550300832474736,0.1057725983914929,1.676733560576334
30.0,241.0,130.06622314453125,-0.0215047765635967,1.6103141379470471,-2.4644563913230293,-2.1975268082120163,-1.1351979501028242,0.8441357910788309,0.0234713560858831,2.552014667362936,0.1104533418979117,1.6899374807038992
30.0,241.0,205.40724182128903,-1.2471719392371754,0.7338063691250966,-3.6956164114227614,-2.6893020048638974,-1.4361633841990469,0.7509499775402746,-0.0265320376388999,2.5844589496606782,0.2214973721181175,2.0621365244733765
30.0,241.0,130.0667724609375,-0.0210229994384154,1.6115277940003625,-2.4636994765590394,-2.197314128726708,-1.135729157986956,0.8459351682963937,0.0236979502262292,2.550935983381516,0.108938641664473,1.6898821360743583
30.0,241.0,130.06910705566406,-0.0213117996944473,1.611532529519285,-2.463791151901713,-2.197820122880404,-1.1346716519594982,0.8463058061721773,0.0240051534121443,2.552954066988893,0.1131229916148561,1.6999650231385195
30.0,241.0,130.06317138671875,-0.0214908486386406,1.6119646848450615,-2.464259312106244,-2.197573074584596,-1.135017991129897,0.8452881582951637,0.0238173310964382,2.551662452147406,0.1076228111777817,1.682164242503162
30.0,241.0,130.0622100830078,-0.0212112085904558,1.611940247268468,-2.464490530464323,-2.197534450090945,-1.135232296614472,0.8444980945704282,0.0231527330762314,2.5503785109304413,0.1073296986095062,1.6817504512190222
30.0,241.0,130.07180786132812,-0.0198385588222231,1.613399746182087,-2.462447093375754,-2.1980275329727466,-1.133904304055262,0.846753119792344,0.0232432009304832,2.55281013637525,0.1129654286504708,1.6988241965863846
30.0,241.0,217.80987548828125,-0.7399219093249991,0.6265199654248446,-3.3812386568411683,-3.115740592719888,-2.4970438835882924,0.4187495791001843,-0.1164287251613381,2.541142812644273,0.2703581298861386,2.0687642066891287
30.0,241.0,201.7044219970703,-0.6552952230338768,0.789537644755984,-3.131677153117997,-2.725862189701337,-1.327890814222953,0.7257755438118074,-0.0264966475501739,2.5879562114865826,0.2411740536822892,2.06908069814025
30.0,241.0,130.0603485107422,-0.02166554888059,1.6116303742418878,-2.464433927833505,-2.1978671500740945,-1.1351945218100812,0.8445367092578658,0.0222050674800915,2.5500934509426303,0.1052217898583862,1.6741746615755806
30.0,241.0,130.0684814453125,-0.0210092410828998,1.6117904560236485,-2.462536880639236,-2.196906276081219,-1.1358953765699744,0.8444649807457459,0.0242434904857292,2.552799982203813,0.1116480754096299,1.694826688828618
30.0,241.0,130.06295776367188,-0.0208267401856274,1.6121627814939037,-2.4645506670897896,-2.197345152247768,-1.1354627419087089,0.8450050512001631,0.0231450456872117,2.5504959711785062,0.10717203245569,1.677108103434932
30.0,241.0,130.06382751464844,-0.0210768488679159,1.6115787991621522,-2.4645104577406944,-2.196788547789148,-1.1355815644650034,0.8447191841079633,0.0238637801295413,2.551499621966451,0.1068880356271441,1.6810068068410342
30.0,241.0,130.07928466796875,-0.0260575111717201,1.6101996732202797,-2.464525477493161,-2.1972242671767823,-1.1327676171862628,0.8495841317060162,0.0234409887596069,2.5506852741713866,0.1075453170498392,1.6798955848567605
30.0,241.0,199.5938262939453,-0.3949671811153431,1.3725048594858282,-2.72843495407217,-2.7040994429639387,-1.441179167723167,0.7895823063758505,-0.0331477205715259,2.565667895272836,0.3824653502322472,2.595553165719845
30.0,241.0,130.06192016601562,-0.0212227208284233,1.6121891393135834,-2.4644960529301425,-2.197557934395194,-1.1352402371828656,0.8448065255323579,0.023225858376605,2.550122352548509,0.1069361541826877,1.6781502357479896
30.0,241.0,130.06271362304688,-0.0183958592623967,1.611766764918701,-2.4644528874126737,-2.1979813257422074,-1.1357714648486046,0.8444145015083476,0.0227479002968482,2.5494621792905776,0.1045810047537792,1.674042889272646
30.0,241.0,130.06869506835938,-0.0220162762744968,1.6108456482637925,-2.4637801583037047,-2.197786673345628,-1.1357156722421764,0.8454566093694266,0.0241997122583173,2.5535064956134432,0.1108190624818382,1.6865722295345753
30.0,241.0,130.0631561279297,-0.0205398310842547,1.6134107645723978,-2.463357416405694,-2.1974704124629603,-1.1370055315074292,0.8440473701792438,0.0234757431673106,2.5496590778817736,0.1060142945267827,1.676548169823066
30.0,241.0,130.0692901611328,-0.0203942656790777,1.6119663830322368,-2.4639858657702214,-2.197839879031834,-1.1339025559464286,0.846124412267191,0.0238077821854445,2.5530134643895543,0.1135540848143144,1.6996508312525616
30.0,241.0,130.06842041015625,-0.0184746814398396,1.610521443595631,-2.4643366874836934,-2.1976775291955595,-1.1359392885405049,0.8444147709807323,0.0223777978034712,2.550895961525279,0.1085503401919817,1.6844660414922872
30.0,241.0,130.07302856445312,-0.021601863709611,1.6090304802158366,-2.465433248617948,-2.197660870042485,-1.1335822255848234,0.8463874909612131,0.0253909823231447,2.5535066732437244,0.1144541623373936,1.6995347586002725
30.0,241.0,130.12106323242188,-0.0268418524415132,1.607971210081246,-2.4712624494244704,-2.199058154505161,-1.1332600567613618,0.8443475714739972,0.0232630546507814,2.5573724150402186,0.1239606100015764,1.7152180370041608
30.0,241.0,130.06295776367188,-0.0209722800348992,1.612076634196732,-2.4644169416835093,-2.197409166080972,-1.1350960288458007,0.8450540787196443,0.0228528809136173,2.5507801907869663,0.1077065074623773,1.683861431917406
30.0,241.0,203.7299041748047,-1.4671963034076896,0.7718039591814964,-3.521820860113768,-2.7055890962796987,-1.3850800460590984,0.7492558679810841,0.0041742840984898,2.5864682179734686,0.2295821296873494,1.9406396168518183
30.0,241.0,240.0376892089844,-0.818985015422538,0.7325545795717203,-3.463958090524869,-3.1745869837099026,-1.9281247841715203,0.2058466922336207,-0.3766659363291286,2.6001316734345754,0.2265875295001577,2.1979228280822705
30.0,241.0,130.0617218017578,-0.0212201081378507,1.6117964059580214,-2.464933070468555,-2.197393744117458,-1.1352084403155165,0.8442666232767129,0.0233090388781446,2.5500385064644684,0.1061873192900568,1.6770850994831954
30.0,241.0,130.0700225830078,-0.021554109745988,1.6120439753754856,-2.4634945447088183,-2.1977249787071043,-1.1359977360920583,0.8464675320695966,0.0248784910245729,2.5535928169217965,0.114511753033331,1.699528858876211
30.0,241.0,130.06771850585938,-0.0212937730914956,1.6122709198500875,-2.464560585489906,-2.197786618314241,-1.1359934261997726,0.8459951570172819,0.0233432106041645,2.552007270481794,0.1121948788892302,1.694829161136428
30.0,241.0,130.06578063964844,-0.0212879999388618,1.6105510053673844,-2.464488534719546,-2.197272555839896,-1.135763474717601,0.8445952402434519,0.0232643179459839,2.551649264836435,0.1104185259463369,1.6901741494212992
30.0,241.0,130.06890869140625,-0.0212881890609658,1.6125458798516892,-2.4634099963670835,-2.197925844601921,-1.1340910700361262,0.8462339293574737,0.0241778059007504,2.55280639675026,0.1133285428031655,1.6987931470447826
30.0,241.0,147.42127990722656,0.0140166682907658,1.6551451218798996,-2.3316207941156137,-2.2455899923782083,-1.1307476143708748,0.8300822125973898,-0.0363740567893924,2.541531352461153,0.0563548073336872,1.7314243994854963
30.0,241.0,130.06761169433594,-0.0226344859489312,1.6121739997613584,-2.4649878438534207,-2.19779639933972,-1.1354898422515602,0.8455037442421188,0.0234059519962723,2.5524502496407324,0.1054904056828913,1.6785918855071245
30.0,241.0,130.0623779296875,-0.0214335886549467,1.6117004375247128,-2.464395878101365,-2.19691168448458,-1.1365296571561998,0.844497214676918,0.023129461286182,2.550268829997237,0.1062903641571031,1.677988944410275
30.0,241.0,242.24465942382807,-0.6765068837044388,0.5731721926803546,-3.182363211629109,-3.115613068305457,-2.833970604240305,0.5175124438082294,-0.1119189164304249,2.549271617641784,0.2717736279602655,1.804321352114272
30.0,241.0,210.119873046875,-0.7610068930568665,0.5642124147423887,-3.726421416211226,-2.7995431788777383,-1.3708891968054873,0.679066308131347,0.0234932080174868,2.5843400721228726,0.297657964549431,2.1950618999519365
30.0,241.0,130.06375122070312,-0.0209372073530522,1.6120234416172865,-2.464410366898343,-2.1971355713911707,-1.135633373113417,0.8451368512427259,0.0237830986383357,2.5517012422752554,0.1079613570312039,1.6833267954178577
30.0,241.0,130.06765747070312,-0.0211165446055682,1.6116653573497872,-2.464568284631722,-2.197522486989414,-1.134876841633991,0.8434866999921165,0.0230788849499952,2.5519495709868663,0.1117949214472717,1.6922518462395622
30.0,241.0,205.575927734375,-0.8160173862793221,0.5906195673798553,-3.5501247184478806,-2.9220737949502533,-1.5276746941164658,0.7254873283981647,-0.0189028447691116,2.5943872451814447,0.2168908645567235,1.9760531472632008
30.0,241.0,130.06280517578125,-0.0209294012674095,1.6126474265211972,-2.46466109190536,-2.197824518869027,-1.134668525561546,0.8451035099747932,0.0229566716317273,2.549755456084641,0.1071156732312693,1.6784909194274116
30.0,241.0,130.0637969970703,-0.0208902406005644,1.6119734742103369,-2.464446091986895,-2.19710559809524,-1.1354421638064411,0.8450584025667578,0.0238041773645564,2.5516346855106327,0.107609505980238,1.6832541798756713
30.0,241.0,130.0644989013672,-0.0214179248292399,1.6128069766293551,-2.4646694673254155,-2.1997187233409914,-1.1352310118191995,0.8457633145446949,0.0229521221883603,2.5498708094247298,0.1066708785567443,1.680784104787331
30.0,241.0,130.06141662597656,-0.0212433152418556,1.6119415578478986,-2.464503045687366,-2.197957957645193,-1.135253556499711,0.8444462002684524,0.0231694186623434,2.55006490607497,0.106328143250225,1.676183812147586
30.0,241.0,130.0615234375,-0.0212474795677314,1.6095980223904311,-2.464554076480644,-2.19784635574745,-1.135295937035807,0.8444504682700297,0.0228922778966641,2.549746230236675,0.1041676606689089,1.671073839701268
30.0,241.0,130.06988525390625,-0.0239186560541447,1.6112328387700028,-2.464607752057477,-2.1983760548270537,-1.135946660804071,0.8455786425558565,0.024944817960014,2.5519653703984586,0.1121193428936892,1.6940196991939904
30.0,241.0,130.07627868652344,-0.0199152855721854,1.61382936432916,-2.4619207073135745,-2.1974391680795824,-1.1345695627830763,0.8486531931719119,0.0233146191908354,2.552145721206953,0.1124406432716579,1.6979525437899026
30.0,241.0,130.06600952148438,-0.0211178222070299,1.6103847759290266,-2.4644209921066222,-2.197451737189725,-1.1360195367760717,0.84494901713653,0.0235738133036352,2.551092969434705,0.1096924112457049,1.689501870068402
30.0,241.0,130.09913635253906,-0.0205439265469064,1.6064138416188447,-2.466357528899226,-2.2050628715911373,-1.1379363404595937,0.8467044154928408,0.0210629739593122,2.550597145950475,0.0993289693935746,1.6603087325374997
30.0,242.0,130.06118774414062,-0.0212717634898399,1.6116807564154865,-2.464491661658696,-2.198492701615114,-1.1352373511061196,0.8439577435537224,0.0232405789454746,2.550019208994827,0.1055689814932142,1.6752672676830456
30.0,242.0,130.06080627441406,-0.0212410490893437,1.612069326867133,-2.4641723879131487,-2.1977050679730983,-1.135049827612828,0.8450787258565194,0.023330656367059,2.550300832474736,0.1057725983914929,1.676733560576334
30.0,242.0,130.06622314453125,-0.0215047765635967,1.6103141379470471,-2.4644563913230293,-2.1975268082120163,-1.1351979501028242,0.8441357910788309,0.0234713560858831,2.552014667362936,0.1104533418979117,1.6899374807038992
30.0,242.0,205.40724182128903,-1.2471719392371754,0.7338063691250966,-3.6956164114227614,-2.6893020048638974,-1.4361633841990469,0.7509499775402746,-0.0265320376388999,2.5844589496606782,0.2214973721181175,2.0621365244733765
30.0,242.0,130.0667724609375,-0.0210229994384154,1.6115277940003625,-2.4636994765590394,-2.197314128726708,-1.135729157986956,0.8459351682963937,0.0236979502262292,2.550935983381516,0.108938641664473,1.6898821360743583
30.0,242.0,130.06910705566406,-0.0213117996944473,1.611532529519285,-2.463791151901713,-2.197820122880404,-1.1346716519594982,0.8463058061721773,0.0240051534121443,2.552954066988893,0.1131229916148561,1.6999650231385195
30.0,242.0,130.06317138671875,-0.0214908486386406,1.6119646848450615,-2.464259312106244,-2.197573074584596,-1.135017991129897,0.8452881582951637,0.0238173310964382,2.551662452147406,0.1076228111777817,1.682164242503162
30.0,242.0,130.0622100830078,-0.0212112085904558,1.611940247268468,-2.464490530464323,-2.197534450090945,-1.135232296614472,0.8444980945704282,0.0231527330762314,2.5503785109304413,0.1073296986095062,1.6817504512190222
30.0,242.0,130.07180786132812,-0.0198385588222231,1.613399746182087,-2.462447093375754,-2.1980275329727466,-1.133904304055262,0.846753119792344,0.0232432009304832,2.55281013637525,0.1129654286504708,1.6988241965863846
30.0,242.0,217.80987548828125,-0.7399219093249991,0.6265199654248446,-3.3812386568411683,-3.115740592719888,-2.4970438835882924,0.4187495791001843,-0.1164287251613381,2.541142812644273,0.2703581298861386,2.0687642066891287
30.0,242.0,201.7044219970703,-0.6552952230338768,0.789537644755984,-3.131677153117997,-2.725862189701337,-1.327890814222953,0.7257755438118074,-0.0264966475501739,2.5879562114865826,0.2411740536822892,2.06908069814025
30.0,242.0,130.0603485107422,-0.02166554888059,1.6116303742418878,-2.464433927833505,-2.1978671500740945,-1.1351945218100812,0.8445367092578658,0.0222050674800915,2.5500934509426303,0.1052217898583862,1.6741746615755806
30.0,242.0,130.0684814453125,-0.0210092410828998,1.6117904560236485,-2.462536880639236,-2.196906276081219,-1.1358953765699744,0.8444649807457459,0.0242434904857292,2.552799982203813,0.1116480754096299,1.694826688828618
30.0,242.0,130.06219482421875,-0.0219762511174577,1.6114303122689797,-2.4643743085202483,-2.1980000357578584,-1.1350639642531055,0.8433665165703533,0.020681976131327,2.549394344449592,0.1032731842660377,1.673571557966808
30.0,242.0,130.06382751464844,-0.0210768488679159,1.6115787991621522,-2.4645104577406944,-2.196788547789148,-1.1355815644650034,0.8447191841079633,0.0238637801295413,2.551499621966451,0.1068880356271441,1.6810068068410342
30.0,242.0,130.07928466796875,-0.0260575111717201,1.6101996732202797,-2.464525477493161,-2.1972242671767823,-1.1327676171862628,0.8495841317060162,0.0234409887596069,2.5506852741713866,0.1075453170498392,1.6798955848567605
30.0,242.0,199.5938262939453,-0.3949671811153431,1.3725048594858282,-2.72843495407217,-2.7040994429639387,-1.441179167723167,0.7895823063758505,-0.0331477205715259,2.565667895272836,0.3824653502322472,2.595553165719845
30.0,242.0,130.06192016601562,-0.0212227208284233,1.6121891393135834,-2.4644960529301425,-2.197557934395194,-1.1352402371828656,0.8448065255323579,0.023225858376605,2.550122352548509,0.1069361541826877,1.6781502357479896
30.0,242.0,130.06271362304688,-0.0183958592623967,1.611766764918701,-2.4644528874126737,-2.1979813257422074,-1.1357714648486046,0.8444145015083476,0.0227479002968482,2.5494621792905776,0.1045810047537792,1.674042889272646
30.0,242.0,130.06869506835938,-0.0220162762744968,1.6108456482637925,-2.4637801583037047,-2.197786673345628,-1.1357156722421764,0.8454566093694266,0.0241997122583173,2.5535064956134432,0.1108190624818382,1.6865722295345753
30.0,242.0,130.06166076660156,-0.0209788079967674,1.6112472674858036,-2.465033408994159,-2.1980780548208805,-1.1361637416765673,0.8448281306027304,0.0229703486040832,2.550963642360694,0.1050721418250832,1.6748627677796732
30.0,242.0,130.0692901611328,-0.0203942656790777,1.6119663830322368,-2.4639858657702214,-2.197839879031834,-1.1339025559464286,0.846124412267191,0.0238077821854445,2.5530134643895543,0.1135540848143144,1.6996508312525616
30.0,242.0,130.06842041015625,-0.0184746814398396,1.610521443595631,-2.4643366874836934,-2.1976775291955595,-1.1359392885405049,0.8444147709807323,0.0223777978034712,2.550895961525279,0.1085503401919817,1.6844660414922872
30.0,242.0,130.07302856445312,-0.021601863709611,1.6090304802158366,-2.465433248617948,-2.197660870042485,-1.1335822255848234,0.8463874909612131,0.0253909823231447,2.5535066732437244,0.1144541623373936,1.6995347586002725
30.0,242.0,130.12106323242188,-0.0268418524415132,1.607971210081246,-2.4712624494244704,-2.199058154505161,-1.1332600567613618,0.8443475714739972,0.0232630546507814,2.5573724150402186,0.1239606100015764,1.7152180370041608
30.0,242.0,130.06295776367188,-0.0209722800348992,1.612076634196732,-2.4644169416835093,-2.197409166080972,-1.1350960288458007,0.8450540787196443,0.0228528809136173,2.5507801907869663,0.1077065074623773,1.683861431917406
30.0,242.0,203.7299041748047,-1.4671963034076896,0.7718039591814964,-3.521820860113768,-2.7055890962796987,-1.3850800460590984,0.7492558679810841,0.0041742840984898,2.5864682179734686,0.2295821296873494,1.9406396168518183
30.0,242.0,240.0376892089844,-0.818985015422538,0.7325545795717203,-3.463958090524869,-3.1745869837099026,-1.9281247841715203,0.2058466922336207,-0.3766659363291286,2.6001316734345754,0.2265875295001577,2.1979228280822705
30.0,242.0,130.0617218017578,-0.0212201081378507,1.6117964059580214,-2.464933070468555,-2.197393744117458,-1.1352084403155165,0.8442666232767129,0.0233090388781446,2.5500385064644684,0.1061873192900568,1.6770850994831954
30.0,242.0,130.0700225830078,-0.021554109745988,1.6120439753754856,-2.4634945447088183,-2.1977249787071043,-1.1359977360920583,0.8464675320695966,0.0248784910245729,2.5535928169217965,0.114511753033331,1.699528858876211
30.0,242.0,130.06771850585938,-0.0212937730914956,1.6122709198500875,-2.464560585489906,-2.197786618314241,-1.1359934261997726,0.8459951570172819,0.0233432106041645,2.552007270481794,0.1121948788892302,1.694829161136428
30.0,242.0,130.06578063964844,-0.0212879999388618,1.6105510053673844,-2.464488534719546,-2.197272555839896,-1.135763474717601,0.8445952402434519,0.0232643179459839,2.551649264836435,0.1104185259463369,1.6901741494212992
30.0,242.0,130.06890869140625,-0.0212881890609658,1.6125458798516892,-2.4634099963670835,-2.197925844601921,-1.1340910700361262,0.8462339293574737,0.0241778059007504,2.55280639675026,0.1133285428031655,1.6987931470447826
30.0,242.0,147.42127990722656,0.0140166682907658,1.6551451218798996,-2.3316207941156137,-2.2455899923782083,-1.1307476143708748,0.8300822125973898,-0.0363740567893924,2.541531352461153,0.0563548073336872,1.7314243994854963
30.0,242.0,130.06761169433594,-0.0226344859489312,1.6121739997613584,-2.4649878438534207,-2.19779639933972,-1.1354898422515602,0.8455037442421188,0.0234059519962723,2.5524502496407324,0.1054904056828913,1.6785918855071245
30.0,242.0,130.0623779296875,-0.0214335886549467,1.6117004375247128,-2.464395878101365,-2.19691168448458,-1.1365296571561998,0.844497214676918,0.023129461286182,2.550268829997237,0.1062903641571031,1.677988944410275
30.0,242.0,242.24465942382807,-0.6765068837044388,0.5731721926803546,-3.182363211629109,-3.115613068305457,-2.833970604240305,0.5175124438082294,-0.1119189164304249,2.549271617641784,0.2717736279602655,1.804321352114272
30.0,242.0,210.119873046875,-0.7610068930568665,0.5642124147423887,-3.726421416211226,-2.7995431788777383,-1.3708891968054873,0.679066308131347,0.0234932080174868,2.5843400721228726,0.297657964549431,2.1950618999519365
30.0,242.0,130.06375122070312,-0.0209372073530522,1.6120234416172865,-2.464410366898343,-2.1971355713911707,-1.135633373113417,0.8451368512427259,0.0237830986383357,2.5517012422752554,0.1079613570312039,1.6833267954178577
30.0,242.0,130.06765747070312,-0.0211165446055682,1.6116653573497872,-2.464568284631722,-2.197522486989414,-1.134876841633991,0.8434866999921165,0.0230788849499952,2.5519495709868663,0.1117949214472717,1.6922518462395622
30.0,242.0,205.575927734375,-0.8160173862793221,0.5906195673798553,-3.5501247184478806,-2.9220737949502533,-1.5276746941164658,0.7254873283981647,-0.0189028447691116,2.5943872451814447,0.2168908645567235,1.9760531472632008
30.0,242.0,130.06280517578125,-0.0209294012674095,1.6126474265211972,-2.46466109190536,-2.197824518869027,-1.134668525561546,0.8451035099747932,0.0229566716317273,2.549755456084641,0.1071156732312693,1.6784909194274116
30.0,242.0,130.0637969970703,-0.0208902406005644,1.6119734742103369,-2.464446091986895,-2.19710559809524,-1.1354421638064411,0.8450584025667578,0.0238041773645564,2.5516346855106327,0.107609505980238,1.6832541798756713
30.0,242.0,130.0644989013672,-0.0214179248292399,1.6128069766293551,-2.4646694673254155,-2.1997187233409914,-1.1352310118191995,0.8457633145446949,0.0229521221883603,2.5498708094247298,0.1066708785567443,1.680784104787331
30.0,242.0,130.06141662597656,-0.0212433152418556,1.6119415578478986,-2.464503045687366,-2.197957957645193,-1.135253556499711,0.8444462002684524,0.0231694186623434,2.55006490607497,0.106328143250225,1.676183812147586
30.0,242.0,130.0615234375,-0.0212474795677314,1.6095980223904311,-2.464554076480644,-2.19784635574745,-1.135295937035807,0.8444504682700297,0.0228922778966641,2.549746230236675,0.1041676606689089,1.671073839701268
30.0,242.0,130.06988525390625,-0.0239186560541447,1.6112328387700028,-2.464607752057477,-2.1983760548270537,-1.135946660804071,0.8455786425558565,0.024944817960014,2.5519653703984586,0.1121193428936892,1.6940196991939904
30.0,242.0,130.07627868652344,-0.0199152855721854,1.61382936432916,-2.4619207073135745,-2.1974391680795824,-1.1345695627830763,0.8486531931719119,0.0233146191908354,2.552145721206953,0.1124406432716579,1.6979525437899026
30.0,242.0,130.06600952148438,-0.0211178222070299,1.6103847759290266,-2.4644209921066222,-2.197451737189725,-1.1360195367760717,0.84494901713653,0.0235738133036352,2.551092969434705,0.1096924112457049,1.689501870068402
30.0,242.0,130.09373474121094,-0.0210942606103411,1.6068789634932594,-2.466324358188688,-2.1967602202126986,-1.136901217262322,0.844609048983371,0.0193193309397213,2.5502817505702766,0.108357534388327,1.6729588812450011
30.0,243.0,130.06118774414062,-0.0212717634898399,1.6116807564154865,-2.464491661658696,-2.198492701615114,-1.1352373511061196,0.8439577435537224,0.0232405789454746,2.550019208994827,0.1055689814932142,1.6752672676830456
30.0,243.0,130.06080627441406,-0.0212410490893437,1.612069326867133,-2.4641723879131487,-2.1977050679730983,-1.135049827612828,0.8450787258565194,0.023330656367059,2.550300832474736,0.1057725983914929,1.676733560576334
30.0,243.0,130.06622314453125,-0.0215047765635967,1.6103141379470471,-2.4644563913230293,-2.1975268082120163,-1.1351979501028242,0.8441357910788309,0.0234713560858831,2.552014667362936,0.1104533418979117,1.6899374807038992
30.0,243.0,205.40724182128903,-1.2471719392371754,0.7338063691250966,-3.6956164114227614,-2.6893020048638974,-1.4361633841990469,0.7509499775402746,-0.0265320376388999,2.5844589496606782,0.2214973721181175,2.0621365244733765
30.0,243.0,130.0667724609375,-0.0210229994384154,1.6115277940003625,-2.4636994765590394,-2.197314128726708,-1.135729157986956,0.8459351682963937,0.0236979502262292,2.550935983381516,0.108938641664473,1.6898821360743583
30.0,243.0,130.06910705566406,-0.0213117996944473,1.611532529519285,-2.463791151901713,-2.197820122880404,-1.1346716519594982,0.8463058061721773,0.0240051534121443,2.552954066988893,0.1131229916148561,1.6999650231385195
30.0,243.0,130.06317138671875,-0.0214908486386406,1.6119646848450615,-2.464259312106244,-2.197573074584596,-1.135017991129897,0.8452881582951637,0.0238173310964382,2.551662452147406,0.1076228111777817,1.682164242503162
30.0,243.0,130.0622100830078,-0.0212112085904558,1.611940247268468,-2.464490530464323,-2.197534450090945,-1.135232296614472,0.8444980945704282,0.0231527330762314,2.5503785109304413,0.1073296986095062,1.6817504512190222
30.0,243.0,130.07180786132812,-0.0198385588222231,1.613399746182087,-2.462447093375754,-2.1980275329727466,-1.133904304055262,0.846753119792344,0.0232432009304832,2.55281013637525,0.1129654286504708,1.6988241965863846
30.0,243.0,217.80987548828125,-0.7399219093249991,0.6265199654248446,-3.3812386568411683,-3.115740592719888,-2.4970438835882924,0.4187495791001843,-0.1164287251613381,2.541142812644273,0.2703581298861386,2.0687642066891287
30.0,243.0,201.7044219970703,-0.6552952230338768,0.789537644755984,-3.131677153117997,-2.725862189701337,-1.327890814222953,0.7257755438118074,-0.0264966475501739,2.5879562114865826,0.2411740536822892,2.06908069814025
30.0,243.0,130.0603485107422,-0.02166554888059,1.6116303742418878,-2.464433927833505,-2.1978671500740945,-1.1351945218100812,0.8445367092578658,0.0222050674800915,2.5500934509426303,0.1052217898583862,1.6741746615755806
30.0,243.0,130.0684814453125,-0.0210092410828998,1.6117904560236485,-2.462536880639236,-2.196906276081219,-1.1358953765699744,0.8444649807457459,0.0242434904857292,2.552799982203813,0.1116480754096299,1.694826688828618
30.0,243.0,130.05943298339844,-0.0219935388981424,1.611654784197548,-2.464391722081144,-2.1978621726399625,-1.135164740549237,0.8441647053313863,0.0216243961061352,2.548972819704615,0.1042794801072972,1.672657701329092
30.0,243.0,130.06382751464844,-0.0210768488679159,1.6115787991621522,-2.4645104577406944,-2.196788547789148,-1.1355815644650034,0.8447191841079633,0.0238637801295413,2.551499621966451,0.1068880356271441,1.6810068068410342
30.0,243.0,130.07928466796875,-0.0260575111717201,1.6101996732202797,-2.464525477493161,-2.1972242671767823,-1.1327676171862628,0.8495841317060162,0.0234409887596069,2.5506852741713866,0.1075453170498392,1.6798955848567605
30.0,243.0,199.5938262939453,-0.3949671811153431,1.3725048594858282,-2.72843495407217,-2.7040994429639387,-1.441179167723167,0.7895823063758505,-0.0331477205715259,2.565667895272836,0.3824653502322472,2.595553165719845
30.0,243.0,130.06192016601562,-0.0212227208284233,1.6121891393135834,-2.4644960529301425,-2.197557934395194,-1.1352402371828656,0.8448065255323579,0.023225858376605,2.550122352548509,0.1069361541826877,1.6781502357479896
30.0,243.0,130.06271362304688,-0.0183958592623967,1.611766764918701,-2.4644528874126737,-2.1979813257422074,-1.1357714648486046,0.8444145015083476,0.0227479002968482,2.5494621792905776,0.1045810047537792,1.674042889272646
30.0,243.0,130.06869506835938,-0.0220162762744968,1.6108456482637925,-2.4637801583037047,-2.197786673345628,-1.1357156722421764,0.8454566093694266,0.0241997122583173,2.5535064956134432,0.1108190624818382,1.6865722295345753
30.0,243.0,130.06166076660156,-0.0209788079967674,1.6112472674858036,-2.465033408994159,-2.1980780548208805,-1.1361637416765673,0.8448281306027304,0.0229703486040832,2.550963642360694,0.1050721418250832,1.6748627677796732
30.0,243.0,130.0692901611328,-0.0203942656790777,1.6119663830322368,-2.4639858657702214,-2.197839879031834,-1.1339025559464286,0.846124412267191,0.0238077821854445,2.5530134643895543,0.1135540848143144,1.6996508312525616
30.0,243.0,130.06842041015625,-0.0184746814398396,1.610521443595631,-2.4643366874836934,-2.1976775291955595,-1.1359392885405049,0.8444147709807323,0.0223777978034712,2.550895961525279,0.1085503401919817,1.6844660414922872
30.0,243.0,130.07302856445312,-0.021601863709611,1.6090304802158366,-2.465433248617948,-2.197660870042485,-1.1335822255848234,0.8463874909612131,0.0253909823231447,2.5535066732437244,0.1144541623373936,1.6995347586002725
30.0,243.0,130.12106323242188,-0.0268418524415132,1.607971210081246,-2.4712624494244704,-2.199058154505161,-1.1332600567613618,0.8443475714739972,0.0232630546507814,2.5573724150402186,0.1239606100015764,1.7152180370041608
30.0,243.0,130.06295776367188,-0.0209722800348992,1.612076634196732,-2.4644169416835093,-2.197409166080972,-1.1350960288458007,0.8450540787196443,0.0228528809136173,2.5507801907869663,0.1077065074623773,1.683861431917406
30.0,243.0,203.7299041748047,-1.4671963034076896,0.7718039591814964,-3.521820860113768,-2.7055890962796987,-1.3850800460590984,0.7492558679810841,0.0041742840984898,2.5864682179734686,0.2295821296873494,1.9406396168518183
30.0,243.0,240.0376892089844,-0.818985015422538,0.7325545795717203,-3.463958090524869,-3.1745869837099026,-1.9281247841715203,0.2058466922336207,-0.3766659363291286,2.6001316734345754,0.2265875295001577,2.1979228280822705
30.0,243.0,130.0617218017578,-0.0212201081378507,1.6117964059580214,-2.464933070468555,-2.197393744117458,-1.1352084403155165,0.8442666232767129,0.0233090388781446,2.5500385064644684,0.1061873192900568,1.6770850994831954
30.0,243.0,130.0700225830078,-0.021554109745988,1.6120439753754856,-2.4634945447088183,-2.1977249787071043,-1.1359977360920583,0.8464675320695966,0.0248784910245729,2.5535928169217965,0.114511753033331,1.699528858876211
30.0,243.0,130.06771850585938,-0.0212937730914956,1.6122709198500875,-2.464560585489906,-2.197786618314241,-1.1359934261997726,0.8459951570172819,0.0233432106041645,2.552007270481794,0.1121948788892302,1.694829161136428
30.0,243.0,130.06578063964844,-0.0212879999388618,1.6105510053673844,-2.464488534719546,-2.197272555839896,-1.135763474717601,0.8445952402434519,0.0232643179459839,2.551649264836435,0.1104185259463369,1.6901741494212992
30.0,243.0,130.06890869140625,-0.0212881890609658,1.6125458798516892,-2.4634099963670835,-2.197925844601921,-1.1340910700361262,0.8462339293574737,0.0241778059007504,2.55280639675026,0.1133285428031655,1.6987931470447826
30.0,243.0,147.42127990722656,0.0140166682907658,1.6551451218798996,-2.3316207941156137,-2.2455899923782083,-1.1307476143708748,0.8300822125973898,-0.0363740567893924,2.541531352461153,0.0563548073336872,1.7314243994854963
30.0,243.0,130.06195068359375,-0.0198619978175413,1.6114348577433353,-2.463773341424712,-2.197948335411473,-1.135516794488321,0.8451607057856089,0.0229310997965999,2.548083658764988,0.1045037654202477,1.6748382772911148
30.0,243.0,130.0623779296875,-0.0214335886549467,1.6117004375247128,-2.464395878101365,-2.19691168448458,-1.1365296571561998,0.844497214676918,0.023129461286182,2.550268829997237,0.1062903641571031,1.677988944410275
30.0,243.0,242.24465942382807,-0.6765068837044388,0.5731721926803546,-3.182363211629109,-3.115613068305457,-2.833970604240305,0.5175124438082294,-0.1119189164304249,2.549271617641784,0.2717736279602655,1.804321352114272
30.0,243.0,210.119873046875,-0.7610068930568665,0.5642124147423887,-3.726421416211226,-2.7995431788777383,-1.3708891968054873,0.679066308131347,0.0234932080174868,2.5843400721228726,0.297657964549431,2.1950618999519365
30.0,243.0,130.06369018554688,-0.0218959660270594,1.6116106807984545,-2.4643807683115555,-2.1971613176245333,-1.1353336054356151,0.8446796931212832,0.0225824965723793,2.549239212022175,0.1076327819229885,1.6791975865920918
30.0,243.0,130.06765747070312,-0.0211165446055682,1.6116653573497872,-2.464568284631722,-2.197522486989414,-1.134876841633991,0.8434866999921165,0.0230788849499952,2.5519495709868663,0.1117949214472717,1.6922518462395622
30.0,243.0,205.575927734375,-0.8160173862793221,0.5906195673798553,-3.5501247184478806,-2.9220737949502533,-1.5276746941164658,0.7254873283981647,-0.0189028447691116,2.5943872451814447,0.2168908645567235,1.9760531472632008
30.0,243.0,130.06155395507812,-0.0215775363063054,1.611061185960011,-2.46501310085066,-2.197849701455941,-1.1349559228665942,0.8447758799481386,0.0219390213677063,2.5499945537550204,0.1062423555714915,1.677097478901885
30.0,243.0,130.0637969970703,-0.0208902406005644,1.6119734742103369,-2.464446091986895,-2.19710559809524,-1.1354421638064411,0.8450584025667578,0.0238041773645564,2.5516346855106327,0.107609505980238,1.6832541798756713
30.0,243.0,130.0644989013672,-0.0214179248292399,1.6128069766293551,-2.4646694673254155,-2.1997187233409914,-1.1352310118191995,0.8457633145446949,0.0229521221883603,2.5498708094247298,0.1066708785567443,1.680784104787331
30.0,243.0,130.06141662597656,-0.0212433152418556,1.6119415578478986,-2.464503045687366,-2.197957957645193,-1.135253556499711,0.8444462002684524,0.0231694186623434,2.55006490607497,0.106328143250225,1.676183812147586
30.0,243.0,130.0615234375,-0.0212474795677314,1.6095980223904311,-2.464554076480644,-2.19784635574745,-1.135295937035807,0.8444504682700297,0.0228922778966641,2.549746230236675,0.1041676606689089,1.671073839701268
30.0,243.0,130.06988525390625,-0.0239186560541447,1.6112328387700028,-2.464607752057477,-2.1983760548270537,-1.135946660804071,0.8455786425558565,0.024944817960014,2.5519653703984586,0.1121193428936892,1.6940196991939904
30.0,243.0,130.07627868652344,-0.0199152855721854,1.61382936432916,-2.4619207073135745,-2.1974391680795824,-1.1345695627830763,0.8486531931719119,0.0233146191908354,2.552145721206953,0.1124406432716579,1.6979525437899026
30.0,243.0,130.06600952148438,-0.0211178222070299,1.6103847759290266,-2.4644209921066222,-2.197451737189725,-1.1360195367760717,0.84494901713653,0.0235738133036352,2.551092969434705,0.1096924112457049,1.689501870068402
30.0,243.0,130.09373474121094,-0.0210942606103411,1.6068789634932594,-2.466324358188688,-2.1967602202126986,-1.136901217262322,0.844609048983371,0.0193193309397213,2.5502817505702766,0.108357534388327,1.6729588812450011
30.0,244.0,130.06118774414062,-0.0212717634898399,1.6116807564154865,-2.464491661658696,-2.198492701615114,-1.1352373511061196,0.8439577435537224,0.0232405789454746,2.550019208994827,0.1055689814932142,1.6752672676830456
30.0,244.0,130.06080627441406,-0.0212410490893437,1.612069326867133,-2.4641723879131487,-2.1977050679730983,-1.135049827612828,0.8450787258565194,0.023330656367059,2.550300832474736,0.1057725983914929,1.676733560576334
30.0,244.0,130.06622314453125,-0.0215047765635967,1.6103141379470471,-2.4644563913230293,-2.1975268082120163,-1.1351979501028242,0.8441357910788309,0.0234713560858831,2.552014667362936,0.1104533418979117,1.6899374807038992
30.0,244.0,205.40724182128903,-1.2471719392371754,0.7338063691250966,-3.6956164114227614,-2.6893020048638974,-1.4361633841990469,0.7509499775402746,-0.0265320376388999,2.5844589496606782,0.2214973721181175,2.0621365244733765
30.0,244.0,130.0667724609375,-0.0210229994384154,1.6115277940003625,-2.4636994765590394,-2.197314128726708,-1.135729157986956,0.8459351682963937,0.0236979502262292,2.550935983381516,0.108938641664473,1.6898821360743583
30.0,244.0,130.06910705566406,-0.0213117996944473,1.611532529519285,-2.463791151901713,-2.197820122880404,-1.1346716519594982,0.8463058061721773,0.0240051534121443,2.552954066988893,0.1131229916148561,1.6999650231385195
30.0,244.0,130.06317138671875,-0.0214908486386406,1.6119646848450615,-2.464259312106244,-2.197573074584596,-1.135017991129897,0.8452881582951637,0.0238173310964382,2.551662452147406,0.1076228111777817,1.682164242503162
30.0,244.0,130.0622100830078,-0.0212112085904558,1.611940247268468,-2.464490530464323,-2.197534450090945,-1.135232296614472,0.8444980945704282,0.0231527330762314,2.5503785109304413,0.1073296986095062,1.6817504512190222
30.0,244.0,130.07180786132812,-0.0198385588222231,1.613399746182087,-2.462447093375754,-2.1980275329727466,-1.133904304055262,0.846753119792344,0.0232432009304832,2.55281013637525,0.1129654286504708,1.6988241965863846
30.0,244.0,217.80987548828125,-0.7399219093249991,0.6265199654248446,-3.3812386568411683,-3.115740592719888,-2.4970438835882924,0.4187495791001843,-0.1164287251613381,2.541142812644273,0.2703581298861386,2.0687642066891287
30.0,244.0,201.7044219970703,-0.6552952230338768,0.789537644755984,-3.131677153117997,-2.725862189701337,-1.327890814222953,0.7257755438118074,-0.0264966475501739,2.5879562114865826,0.2411740536822892,2.06908069814025
30.0,244.0,130.0603485107422,-0.02166554888059,1.6116303742418878,-2.464433927833505,-2.1978671500740945,-1.1351945218100812,0.8445367092578658,0.0222050674800915,2.5500934509426303,0.1052217898583862,1.6741746615755806
30.0,244.0,130.0684814453125,-0.0210092410828998,1.6117904560236485,-2.462536880639236,-2.196906276081219,-1.1358953765699744,0.8444649807457459,0.0242434904857292,2.552799982203813,0.1116480754096299,1.694826688828618
30.0,244.0,130.05943298339844,-0.0219935388981424,1.611654784197548,-2.464391722081144,-2.1978621726399625,-1.135164740549237,0.8441647053313863,0.0216243961061352,2.548972819704615,0.1042794801072972,1.672657701329092
30.0,244.0,130.06382751464844,-0.0210768488679159,1.6115787991621522,-2.4645104577406944,-2.196788547789148,-1.1355815644650034,0.8447191841079633,0.0238637801295413,2.551499621966451,0.1068880356271441,1.6810068068410342
30.0,244.0,130.07928466796875,-0.0260575111717201,1.6101996732202797,-2.464525477493161,-2.1972242671767823,-1.1327676171862628,0.8495841317060162,0.0234409887596069,2.5506852741713866,0.1075453170498392,1.6798955848567605
30.0,244.0,199.5938262939453,-0.3949671811153431,1.3725048594858282,-2.72843495407217,-2.7040994429639387,-1.441179167723167,0.7895823063758505,-0.0331477205715259,2.565667895272836,0.3824653502322472,2.595553165719845
30.0,244.0,130.06192016601562,-0.0212227208284233,1.6121891393135834,-2.4644960529301425,-2.197557934395194,-1.1352402371828656,0.8448065255323579,0.023225858376605,2.550122352548509,0.1069361541826877,1.6781502357479896
30.0,244.0,130.06271362304688,-0.0183958592623967,1.611766764918701,-2.4644528874126737,-2.1979813257422074,-1.1357714648486046,0.8444145015083476,0.0227479002968482,2.5494621792905776,0.1045810047537792,1.674042889272646
30.0,244.0,130.06869506835938,-0.0220162762744968,1.6108456482637925,-2.4637801583037047,-2.197786673345628,-1.1357156722421764,0.8454566093694266,0.0241997122583173,2.5535064956134432,0.1108190624818382,1.6865722295345753
30.0,244.0,130.06028747558594,-0.0210644374515225,1.6107557720843448,-2.4649524741295656,-2.1975990669596994,-1.1349467465848428,0.844342200737743,0.021456780417744,2.548091832162595,0.1040687173472875,1.6730823937732584
30.0,244.0,130.0692901611328,-0.0203942656790777,1.6119663830322368,-2.4639858657702214,-2.197839879031834,-1.1339025559464286,0.846124412267191,0.0238077821854445,2.5530134643895543,0.1135540848143144,1.6996508312525616
30.0,244.0,130.06842041015625,-0.0184746814398396,1.610521443595631,-2.4643366874836934,-2.1976775291955595,-1.1359392885405049,0.8444147709807323,0.0223777978034712,2.550895961525279,0.1085503401919817,1.6844660414922872
30.0,244.0,130.07302856445312,-0.021601863709611,1.6090304802158366,-2.465433248617948,-2.197660870042485,-1.1335822255848234,0.8463874909612131,0.0253909823231447,2.5535066732437244,0.1144541623373936,1.6995347586002725
30.0,244.0,130.09585571289062,-0.0224123029470654,1.6083619411810852,-2.4681939449410035,-2.197220570686768,-1.130734182112468,0.843951679460029,0.0228905700245533,2.552635939753777,0.1047444871638328,1.6824145513382391
30.0,244.0,130.06295776367188,-0.0209722800348992,1.612076634196732,-2.4644169416835093,-2.197409166080972,-1.1350960288458007,0.8450540787196443,0.0228528809136173,2.5507801907869663,0.1077065074623773,1.683861431917406
30.0,244.0,203.7299041748047,-1.4671963034076896,0.7718039591814964,-3.521820860113768,-2.7055890962796987,-1.3850800460590984,0.7492558679810841,0.0041742840984898,2.5864682179734686,0.2295821296873494,1.9406396168518183
30.0,244.0,240.0376892089844,-0.818985015422538,0.7325545795717203,-3.463958090524869,-3.1745869837099026,-1.9281247841715203,0.2058466922336207,-0.3766659363291286,2.6001316734345754,0.2265875295001577,2.1979228280822705
30.0,244.0,130.06130981445312,-0.0216142234234416,1.611941311973024,-2.464798408174317,-2.197471051246846,-1.1351544359745211,0.8443040384815177,0.0236204972586364,2.5489907340305056,0.103108024306166,1.672783223110942
30.0,244.0,130.0700225830078,-0.021554109745988,1.6120439753754856,-2.4634945447088183,-2.1977249787071043,-1.1359977360920583,0.8464675320695966,0.0248784910245729,2.5535928169217965,0.114511753033331,1.699528858876211
30.0,244.0,130.06771850585938,-0.0212937730914956,1.6122709198500875,-2.464560585489906,-2.197786618314241,-1.1359934261997726,0.8459951570172819,0.0233432106041645,2.552007270481794,0.1121948788892302,1.694829161136428
30.0,244.0,130.06578063964844,-0.0212879999388618,1.6105510053673844,-2.464488534719546,-2.197272555839896,-1.135763474717601,0.8445952402434519,0.0232643179459839,2.551649264836435,0.1104185259463369,1.6901741494212992
30.0,244.0,130.06890869140625,-0.0212881890609658,1.6125458798516892,-2.4634099963670835,-2.197925844601921,-1.1340910700361262,0.8462339293574737,0.0241778059007504,2.55280639675026,0.1133285428031655,1.6987931470447826
30.0,244.0,144.16542053222656,-0.0712609216521448,1.6670512583235382,-2.3199252636222174,-2.1879473666129625,-1.1362887987787158,0.839374341858746,-0.0191295942058847,2.550676595004,0.161030492035063,1.715851204344178
30.0,244.0,130.0619354248047,-0.0212629440908671,1.6107984540697886,-2.464645414327586,-2.1979407329946103,-1.1356237153394098,0.8425937662246576,0.0225407179014137,2.54782973720725,0.1039014018243112,1.6719089687544595
30.0,244.0,130.0623779296875,-0.0214335886549467,1.6117004375247128,-2.464395878101365,-2.19691168448458,-1.1365296571561998,0.844497214676918,0.023129461286182,2.550268829997237,0.1062903641571031,1.677988944410275
30.0,244.0,242.24465942382807,-0.6765068837044388,0.5731721926803546,-3.182363211629109,-3.115613068305457,-2.833970604240305,0.5175124438082294,-0.1119189164304249,2.549271617641784,0.2717736279602655,1.804321352114272
30.0,244.0,210.119873046875,-0.7610068930568665,0.5642124147423887,-3.726421416211226,-2.7995431788777383,-1.3708891968054873,0.679066308131347,0.0234932080174868,2.5843400721228726,0.297657964549431,2.1950618999519365
30.0,244.0,130.06369018554688,-0.0218959660270594,1.6116106807984545,-2.4643807683115555,-2.1971613176245333,-1.1353336054356151,0.8446796931212832,0.0225824965723793,2.549239212022175,0.1076327819229885,1.6791975865920918
30.0,244.0,130.06765747070312,-0.0211165446055682,1.6116653573497872,-2.464568284631722,-2.197522486989414,-1.134876841633991,0.8434866999921165,0.0230788849499952,2.5519495709868663,0.1117949214472717,1.6922518462395622
30.0,244.0,205.575927734375,-0.8160173862793221,0.5906195673798553,-3.5501247184478806,-2.9220737949502533,-1.5276746941164658,0.7254873283981647,-0.0189028447691116,2.5943872451814447,0.2168908645567235,1.9760531472632008
30.0,244.0,130.06155395507812,-0.0215775363063054,1.611061185960011,-2.46501310085066,-2.197849701455941,-1.1349559228665942,0.8447758799481386,0.0219390213677063,2.5499945537550204,0.1062423555714915,1.677097478901885
30.0,244.0,130.0637969970703,-0.0208902406005644,1.6119734742103369,-2.464446091986895,-2.19710559809524,-1.1354421638064411,0.8450584025667578,0.0238041773645564,2.5516346855106327,0.107609505980238,1.6832541798756713
30.0,244.0,130.0644989013672,-0.0214179248292399,1.6128069766293551,-2.4646694673254155,-2.1997187233409914,-1.1352310118191995,0.8457633145446949,0.0229521221883603,2.5498708094247298,0.1066708785567443,1.680784104787331
30.0,244.0,130.06141662597656,-0.0212433152418556,1.6119415578478986,-2.464503045687366,-2.197957957645193,-1.135253556499711,0.8444462002684524,0.0231694186623434,2.55006490607497,0.106328143250225,1.676183812147586
30.0,244.0,130.0615234375,-0.0212474795677314,1.6095980223904311,-2.464554076480644,-2.19784635574745,-1.135295937035807,0.8444504682700297,0.0228922778966641,2.549746230236675,0.1041676606689089,1.671073839701268
30.0,244.0,130.06988525390625,-0.0239186560541447,1.6112328387700028,-2.464607752057477,-2.1983760548270537,-1.135946660804071,0.8455786425558565,0.024944817960014,2.5519653703984586,0.1121193428936892,1.6940196991939904
30.0,244.0,130.07627868652344,-0.0199152855721854,1.61382936432916,-2.4619207073135745,-2.1974391680795824,-1.1345695627830763,0.8486531931719119,0.0233146191908354,2.552145721206953,0.1124406432716579,1.6979525437899026
30.0,244.0,130.06600952148438,-0.0211178222070299,1.6103847759290266,-2.4644209921066222,-2.197451737189725,-1.1360195367760717,0.84494901713653,0.0235738133036352,2.551092969434705,0.1096924112457049,1.689501870068402
30.0,244.0,130.09373474121094,-0.0210942606103411,1.6068789634932594,-2.466324358188688,-2.1967602202126986,-1.136901217262322,0.844609048983371,0.0193193309397213,2.5502817505702766,0.108357534388327,1.6729588812450011
30.0,245.0,130.06118774414062,-0.0212717634898399,1.6116807564154865,-2.464491661658696,-2.198492701615114,-1.1352373511061196,0.8439577435537224,0.0232405789454746,2.550019208994827,0.1055689814932142,1.6752672676830456
30.0,245.0,130.06080627441406,-0.0212410490893437,1.612069326867133,-2.4641723879131487,-2.1977050679730983,-1.135049827612828,0.8450787258565194,0.023330656367059,2.550300832474736,0.1057725983914929,1.676733560576334
30.0,245.0,130.06622314453125,-0.0215047765635967,1.6103141379470471,-2.4644563913230293,-2.1975268082120163,-1.1351979501028242,0.8441357910788309,0.0234713560858831,2.552014667362936,0.1104533418979117,1.6899374807038992
30.0,245.0,205.40724182128903,-1.2471719392371754,0.7338063691250966,-3.6956164114227614,-2.6893020048638974,-1.4361633841990469,0.7509499775402746,-0.0265320376388999,2.5844589496606782,0.2214973721181175,2.0621365244733765
30.0,245.0,130.0667724609375,-0.0210229994384154,1.6115277940003625,-2.4636994765590394,-2.197314128726708,-1.135729157986956,0.8459351682963937,0.0236979502262292,2.550935983381516,0.108938641664473,1.6898821360743583
30.0,245.0,130.06910705566406,-0.0213117996944473,1.611532529519285,-2.463791151901713,-2.197820122880404,-1.1346716519594982,0.8463058061721773,0.0240051534121443,2.552954066988893,0.1131229916148561,1.6999650231385195
30.0,245.0,130.06317138671875,-0.0214908486386406,1.6119646848450615,-2.464259312106244,-2.197573074584596,-1.135017991129897,0.8452881582951637,0.0238173310964382,2.551662452147406,0.1076228111777817,1.682164242503162
30.0,245.0,130.0622100830078,-0.0212112085904558,1.611940247268468,-2.464490530464323,-2.197534450090945,-1.135232296614472,0.8444980945704282,0.0231527330762314,2.5503785109304413,0.1073296986095062,1.6817504512190222
30.0,245.0,130.07180786132812,-0.0198385588222231,1.613399746182087,-2.462447093375754,-2.1980275329727466,-1.133904304055262,0.846753119792344,0.0232432009304832,2.55281013637525,0.1129654286504708,1.6988241965863846
30.0,245.0,217.80987548828125,-0.7399219093249991,0.6265199654248446,-3.3812386568411683,-3.115740592719888,-2.4970438835882924,0.4187495791001843,-0.1164287251613381,2.541142812644273,0.2703581298861386,2.0687642066891287
30.0,245.0,201.7044219970703,-0.6552952230338768,0.789537644755984,-3.131677153117997,-2.725862189701337,-1.327890814222953,0.7257755438118074,-0.0264966475501739,2.5879562114865826,0.2411740536822892,2.06908069814025
30.0,245.0,130.0603485107422,-0.02166554888059,1.6116303742418878,-2.464433927833505,-2.1978671500740945,-1.1351945218100812,0.8445367092578658,0.0222050674800915,2.5500934509426303,0.1052217898583862,1.6741746615755806
30.0,245.0,130.0684814453125,-0.0210092410828998,1.6117904560236485,-2.462536880639236,-2.196906276081219,-1.1358953765699744,0.8444649807457459,0.0242434904857292,2.552799982203813,0.1116480754096299,1.694826688828618
30.0,245.0,130.05943298339844,-0.0219935388981424,1.611654784197548,-2.464391722081144,-2.1978621726399625,-1.135164740549237,0.8441647053313863,0.0216243961061352,2.548972819704615,0.1042794801072972,1.672657701329092
30.0,245.0,130.06382751464844,-0.0210768488679159,1.6115787991621522,-2.4645104577406944,-2.196788547789148,-1.1355815644650034,0.8447191841079633,0.0238637801295413,2.551499621966451,0.1068880356271441,1.6810068068410342
30.0,245.0,130.07928466796875,-0.0260575111717201,1.6101996732202797,-2.464525477493161,-2.1972242671767823,-1.1327676171862628,0.8495841317060162,0.0234409887596069,2.5506852741713866,0.1075453170498392,1.6798955848567605
30.0,245.0,199.5938262939453,-0.3949671811153431,1.3725048594858282,-2.72843495407217,-2.7040994429639387,-1.441179167723167,0.7895823063758505,-0.0331477205715259,2.565667895272836,0.3824653502322472,2.595553165719845
30.0,245.0,130.06192016601562,-0.0212227208284233,1.6121891393135834,-2.4644960529301425,-2.197557934395194,-1.1352402371828656,0.8448065255323579,0.023225858376605,2.550122352548509,0.1069361541826877,1.6781502357479896
30.0,245.0,130.06271362304688,-0.0183958592623967,1.611766764918701,-2.4644528874126737,-2.1979813257422074,-1.1357714648486046,0.8444145015083476,0.0227479002968482,2.5494621792905776,0.1045810047537792,1.674042889272646
30.0,245.0,130.06869506835938,-0.0220162762744968,1.6108456482637925,-2.4637801583037047,-2.197786673345628,-1.1357156722421764,0.8454566093694266,0.0241997122583173,2.5535064956134432,0.1108190624818382,1.6865722295345753
30.0,245.0,130.06028747558594,-0.0210644374515225,1.6107557720843448,-2.4649524741295656,-2.1975990669596994,-1.1349467465848428,0.844342200737743,0.021456780417744,2.548091832162595,0.1040687173472875,1.6730823937732584
30.0,245.0,130.0692901611328,-0.0203942656790777,1.6119663830322368,-2.4639858657702214,-2.197839879031834,-1.1339025559464286,0.846124412267191,0.0238077821854445,2.5530134643895543,0.1135540848143144,1.6996508312525616
30.0,245.0,130.06842041015625,-0.0184746814398396,1.610521443595631,-2.4643366874836934,-2.1976775291955595,-1.1359392885405049,0.8444147709807323,0.0223777978034712,2.550895961525279,0.1085503401919817,1.6844660414922872
30.0,245.0,130.07302856445312,-0.021601863709611,1.6090304802158366,-2.465433248617948,-2.197660870042485,-1.1335822255848234,0.8463874909612131,0.0253909823231447,2.5535066732437244,0.1144541623373936,1.6995347586002725
30.0,245.0,130.08990478515625,-0.0212409971687372,1.6124350474392684,-2.461114677168997,-2.1969907913231523,-1.13028957743638,0.8436044792231534,0.0209203540155454,2.549317459863537,0.0976605433758531,1.6650003424522688
30.0,245.0,130.06295776367188,-0.0209722800348992,1.612076634196732,-2.4644169416835093,-2.197409166080972,-1.1350960288458007,0.8450540787196443,0.0228528809136173,2.5507801907869663,0.1077065074623773,1.683861431917406
30.0,245.0,203.7299041748047,-1.4671963034076896,0.7718039591814964,-3.521820860113768,-2.7055890962796987,-1.3850800460590984,0.7492558679810841,0.0041742840984898,2.5864682179734686,0.2295821296873494,1.9406396168518183
30.0,245.0,240.0376892089844,-0.818985015422538,0.7325545795717203,-3.463958090524869,-3.1745869837099026,-1.9281247841715203,0.2058466922336207,-0.3766659363291286,2.6001316734345754,0.2265875295001577,2.1979228280822705
30.0,245.0,130.06130981445312,-0.0216142234234416,1.611941311973024,-2.464798408174317,-2.197471051246846,-1.1351544359745211,0.8443040384815177,0.0236204972586364,2.5489907340305056,0.103108024306166,1.672783223110942
30.0,245.0,130.0700225830078,-0.021554109745988,1.6120439753754856,-2.4634945447088183,-2.1977249787071043,-1.1359977360920583,0.8464675320695966,0.0248784910245729,2.5535928169217965,0.114511753033331,1.699528858876211
30.0,245.0,130.06771850585938,-0.0212937730914956,1.6122709198500875,-2.464560585489906,-2.197786618314241,-1.1359934261997726,0.8459951570172819,0.0233432106041645,2.552007270481794,0.1121948788892302,1.694829161136428
30.0,245.0,130.06578063964844,-0.0212879999388618,1.6105510053673844,-2.464488534719546,-2.197272555839896,-1.135763474717601,0.8445952402434519,0.0232643179459839,2.551649264836435,0.1104185259463369,1.6901741494212992
30.0,245.0,130.06890869140625,-0.0212881890609658,1.6125458798516892,-2.4634099963670835,-2.197925844601921,-1.1340910700361262,0.8462339293574737,0.0241778059007504,2.55280639675026,0.1133285428031655,1.6987931470447826
30.0,245.0,142.55206298828125,-0.0350868759818451,1.6272179369193212,-2.62283118128369,-2.2055361473631594,-1.1338359063938843,0.8333866065114565,0.0243299958053203,2.551310738673066,0.0915663226513741,1.6978344012801223
30.0,245.0,130.0619354248047,-0.0212629440908671,1.6107984540697886,-2.464645414327586,-2.1979407329946103,-1.1356237153394098,0.8425937662246576,0.0225407179014137,2.54782973720725,0.1039014018243112,1.6719089687544595
30.0,245.0,130.0623779296875,-0.0214335886549467,1.6117004375247128,-2.464395878101365,-2.19691168448458,-1.1365296571561998,0.844497214676918,0.023129461286182,2.550268829997237,0.1062903641571031,1.677988944410275
30.0,245.0,242.24465942382807,-0.6765068837044388,0.5731721926803546,-3.182363211629109,-3.115613068305457,-2.833970604240305,0.5175124438082294,-0.1119189164304249,2.549271617641784,0.2717736279602655,1.804321352114272
30.0,245.0,210.119873046875,-0.7610068930568665,0.5642124147423887,-3.726421416211226,-2.7995431788777383,-1.3708891968054873,0.679066308131347,0.0234932080174868,2.5843400721228726,0.297657964549431,2.1950618999519365
30.0,245.0,130.06301879882812,-0.0217626340044782,1.6116733017965963,-2.464416382474808,-2.1977264319639205,-1.135305009397639,0.844759359034111,0.0211253127459935,2.549160560893652,0.1026227360192019,1.6740529887804725
30.0,245.0,130.06765747070312,-0.0211165446055682,1.6116653573497872,-2.464568284631722,-2.197522486989414,-1.134876841633991,0.8434866999921165,0.0230788849499952,2.5519495709868663,0.1117949214472717,1.6922518462395622
30.0,245.0,205.575927734375,-0.8160173862793221,0.5906195673798553,-3.5501247184478806,-2.9220737949502533,-1.5276746941164658,0.7254873283981647,-0.0189028447691116,2.5943872451814447,0.2168908645567235,1.9760531472632008
30.0,245.0,130.06155395507812,-0.0215775363063054,1.611061185960011,-2.46501310085066,-2.197849701455941,-1.1349559228665942,0.8447758799481386,0.0219390213677063,2.5499945537550204,0.1062423555714915,1.677097478901885
30.0,245.0,130.0637969970703,-0.0208902406005644,1.6119734742103369,-2.464446091986895,-2.19710559809524,-1.1354421638064411,0.8450584025667578,0.0238041773645564,2.5516346855106327,0.107609505980238,1.6832541798756713
30.0,245.0,130.0644989013672,-0.0214179248292399,1.6128069766293551,-2.4646694673254155,-2.1997187233409914,-1.1352310118191995,0.8457633145446949,0.0229521221883603,2.5498708094247298,0.1066708785567443,1.680784104787331
30.0,245.0,130.06141662597656,-0.0212433152418556,1.6119415578478986,-2.464503045687366,-2.197957957645193,-1.135253556499711,0.8444462002684524,0.0231694186623434,2.55006490607497,0.106328143250225,1.676183812147586
30.0,245.0,130.0615234375,-0.0212474795677314,1.6095980223904311,-2.464554076480644,-2.19784635574745,-1.135295937035807,0.8444504682700297,0.0228922778966641,2.549746230236675,0.1041676606689089,1.671073839701268
30.0,245.0,130.06988525390625,-0.0239186560541447,1.6112328387700028,-2.464607752057477,-2.1983760548270537,-1.135946660804071,0.8455786425558565,0.024944817960014,2.5519653703984586,0.1121193428936892,1.6940196991939904
30.0,245.0,130.07627868652344,-0.0199152855721854,1.61382936432916,-2.4619207073135745,-2.1974391680795824,-1.1345695627830763,0.8486531931719119,0.0233146191908354,2.552145721206953,0.1124406432716579,1.6979525437899026
30.0,245.0,130.06600952148438,-0.0211178222070299,1.6103847759290266,-2.4644209921066222,-2.197451737189725,-1.1360195367760717,0.84494901713653,0.0235738133036352,2.551092969434705,0.1096924112457049,1.689501870068402
30.0,245.0,130.09373474121094,-0.0210942606103411,1.6068789634932594,-2.466324358188688,-2.1967602202126986,-1.136901217262322,0.844609048983371,0.0193193309397213,2.5502817505702766,0.108357534388327,1.6729588812450011
30.0,246.0,130.06118774414062,-0.0212717634898399,1.6116807564154865,-2.464491661658696,-2.198492701615114,-1.1352373511061196,0.8439577435537224,0.0232405789454746,2.550019208994827,0.1055689814932142,1.6752672676830456
30.0,246.0,130.06080627441406,-0.0212410490893437,1.612069326867133,-2.4641723879131487,-2.1977050679730983,-1.135049827612828,0.8450787258565194,0.023330656367059,2.550300832474736,0.1057725983914929,1.676733560576334
30.0,246.0,130.06622314453125,-0.0215047765635967,1.6103141379470471,-2.4644563913230293,-2.1975268082120163,-1.1351979501028242,0.8441357910788309,0.0234713560858831,2.552014667362936,0.1104533418979117,1.6899374807038992
30.0,246.0,205.40724182128903,-1.2471719392371754,0.7338063691250966,-3.6956164114227614,-2.6893020048638974,-1.4361633841990469,0.7509499775402746,-0.0265320376388999,2.5844589496606782,0.2214973721181175,2.0621365244733765
30.0,246.0,130.0667724609375,-0.0210229994384154,1.6115277940003625,-2.4636994765590394,-2.197314128726708,-1.135729157986956,0.8459351682963937,0.0236979502262292,2.550935983381516,0.108938641664473,1.6898821360743583
30.0,246.0,130.06910705566406,-0.0213117996944473,1.611532529519285,-2.463791151901713,-2.197820122880404,-1.1346716519594982,0.8463058061721773,0.0240051534121443,2.552954066988893,0.1131229916148561,1.6999650231385195
30.0,246.0,130.06317138671875,-0.0214908486386406,1.6119646848450615,-2.464259312106244,-2.197573074584596,-1.135017991129897,0.8452881582951637,0.0238173310964382,2.551662452147406,0.1076228111777817,1.682164242503162
30.0,246.0,130.0622100830078,-0.0212112085904558,1.611940247268468,-2.464490530464323,-2.197534450090945,-1.135232296614472,0.8444980945704282,0.0231527330762314,2.5503785109304413,0.1073296986095062,1.6817504512190222
30.0,246.0,130.07180786132812,-0.0198385588222231,1.613399746182087,-2.462447093375754,-2.1980275329727466,-1.133904304055262,0.846753119792344,0.0232432009304832,2.55281013637525,0.1129654286504708,1.6988241965863846
30.0,246.0,217.80987548828125,-0.7399219093249991,0.6265199654248446,-3.3812386568411683,-3.115740592719888,-2.4970438835882924,0.4187495791001843,-0.1164287251613381,2.541142812644273,0.2703581298861386,2.0687642066891287
30.0,246.0,201.7044219970703,-0.6552952230338768,0.789537644755984,-3.131677153117997,-2.725862189701337,-1.327890814222953,0.7257755438118074,-0.0264966475501739,2.5879562114865826,0.2411740536822892,2.06908069814025
30.0,246.0,130.0603485107422,-0.02166554888059,1.6116303742418878,-2.464433927833505,-2.1978671500740945,-1.1351945218100812,0.8445367092578658,0.0222050674800915,2.5500934509426303,0.1052217898583862,1.6741746615755806
30.0,246.0,130.0684814453125,-0.0210092410828998,1.6117904560236485,-2.462536880639236,-2.196906276081219,-1.1358953765699744,0.8444649807457459,0.0242434904857292,2.552799982203813,0.1116480754096299,1.694826688828618
30.0,246.0,130.05943298339844,-0.0219935388981424,1.611654784197548,-2.464391722081144,-2.1978621726399625,-1.135164740549237,0.8441647053313863,0.0216243961061352,2.548972819704615,0.1042794801072972,1.672657701329092
30.0,246.0,130.06382751464844,-0.0210768488679159,1.6115787991621522,-2.4645104577406944,-2.196788547789148,-1.1355815644650034,0.8447191841079633,0.0238637801295413,2.551499621966451,0.1068880356271441,1.6810068068410342
30.0,246.0,130.07928466796875,-0.0260575111717201,1.6101996732202797,-2.464525477493161,-2.1972242671767823,-1.1327676171862628,0.8495841317060162,0.0234409887596069,2.5506852741713866,0.1075453170498392,1.6798955848567605
30.0,246.0,193.78211975097656,-1.5159720867557491,1.4355680680330016,-2.5153950525133,-2.443165204226897,-1.2427997885231514,0.8110456580362407,0.0241485029460532,2.5601821812331744,0.2540326249153766,2.247997296267057
30.0,246.0,130.06192016601562,-0.0212227208284233,1.6121891393135834,-2.4644960529301425,-2.197557934395194,-1.1352402371828656,0.8448065255323579,0.023225858376605,2.550122352548509,0.1069361541826877,1.6781502357479896
30.0,246.0,130.06271362304688,-0.0183958592623967,1.611766764918701,-2.4644528874126737,-2.1979813257422074,-1.1357714648486046,0.8444145015083476,0.0227479002968482,2.5494621792905776,0.1045810047537792,1.674042889272646
30.0,246.0,130.06869506835938,-0.0220162762744968,1.6108456482637925,-2.4637801583037047,-2.197786673345628,-1.1357156722421764,0.8454566093694266,0.0241997122583173,2.5535064956134432,0.1108190624818382,1.6865722295345753
30.0,246.0,130.05979919433594,-0.0218663144404913,1.612131937701241,-2.464681705757617,-2.1977662529453967,-1.135404643242536,0.8445748642249242,0.0217944663345096,2.548695992228729,0.1045005685114221,1.673260898876557
30.0,246.0,130.0692901611328,-0.0203942656790777,1.6119663830322368,-2.4639858657702214,-2.197839879031834,-1.1339025559464286,0.846124412267191,0.0238077821854445,2.5530134643895543,0.1135540848143144,1.6996508312525616
30.0,246.0,130.06842041015625,-0.0184746814398396,1.610521443595631,-2.4643366874836934,-2.1976775291955595,-1.1359392885405049,0.8444147709807323,0.0223777978034712,2.550895961525279,0.1085503401919817,1.6844660414922872
30.0,246.0,130.06942749023438,-0.0219468168281905,1.61087327670683,-2.464344881917185,-2.1980714789687594,-1.1345717054621771,0.8458179531935374,0.0230429432536251,2.5519848361959903,0.1126151471956707,1.691251380271957
30.0,246.0,130.07847595214844,-0.0215242852526052,1.6139291231241464,-2.465363141156491,-2.197406444803945,-1.130845484617414,0.8437386381421781,0.0217190051264152,2.547849282677092,0.1051259829726225,1.672806354802833
30.0,246.0,130.06295776367188,-0.0209722800348992,1.612076634196732,-2.4644169416835093,-2.197409166080972,-1.1350960288458007,0.8450540787196443,0.0228528809136173,2.5507801907869663,0.1077065074623773,1.683861431917406
30.0,246.0,203.7299041748047,-1.4671963034076896,0.7718039591814964,-3.521820860113768,-2.7055890962796987,-1.3850800460590984,0.7492558679810841,0.0041742840984898,2.5864682179734686,0.2295821296873494,1.9406396168518183
30.0,246.0,240.0376892089844,-0.818985015422538,0.7325545795717203,-3.463958090524869,-3.1745869837099026,-1.9281247841715203,0.2058466922336207,-0.3766659363291286,2.6001316734345754,0.2265875295001577,2.1979228280822705
30.0,246.0,130.06130981445312,-0.0216142234234416,1.611941311973024,-2.464798408174317,-2.197471051246846,-1.1351544359745211,0.8443040384815177,0.0236204972586364,2.5489907340305056,0.103108024306166,1.672783223110942
30.0,246.0,130.0700225830078,-0.021554109745988,1.6120439753754856,-2.4634945447088183,-2.1977249787071043,-1.1359977360920583,0.8464675320695966,0.0248784910245729,2.5535928169217965,0.114511753033331,1.699528858876211
30.0,246.0,130.06771850585938,-0.0212937730914956,1.6122709198500875,-2.464560585489906,-2.197786618314241,-1.1359934261997726,0.8459951570172819,0.0233432106041645,2.552007270481794,0.1121948788892302,1.694829161136428
30.0,246.0,130.06578063964844,-0.0212879999388618,1.6105510053673844,-2.464488534719546,-2.197272555839896,-1.135763474717601,0.8445952402434519,0.0232643179459839,2.551649264836435,0.1104185259463369,1.6901741494212992
30.0,246.0,130.06890869140625,-0.0212881890609658,1.6125458798516892,-2.4634099963670835,-2.197925844601921,-1.1340910700361262,0.8462339293574737,0.0241778059007504,2.55280639675026,0.1133285428031655,1.6987931470447826
30.0,246.0,142.55206298828125,-0.0350868759818451,1.6272179369193212,-2.62283118128369,-2.2055361473631594,-1.1338359063938843,0.8333866065114565,0.0243299958053203,2.551310738673066,0.0915663226513741,1.6978344012801223
30.0,246.0,130.06173706054688,-0.0202669285318356,1.6117819099876705,-2.4638744362025684,-2.1979339559174864,-1.1348424570159168,0.8442678774558073,0.0223699045112032,2.5479977941126823,0.1037579937361112,1.6751214837462909
30.0,246.0,130.06179809570312,-0.0217583815613114,1.6113045952700524,-2.4643554573827173,-2.1975353570590244,-1.136899995603884,0.8444783457049968,0.0225445279887403,2.549382943685836,0.104907289498743,1.6772132123855947
30.0,246.0,242.24465942382807,-0.6765068837044388,0.5731721926803546,-3.182363211629109,-3.115613068305457,-2.833970604240305,0.5175124438082294,-0.1119189164304249,2.549271617641784,0.2717736279602655,1.804321352114272
30.0,246.0,210.119873046875,-0.7610068930568665,0.5642124147423887,-3.726421416211226,-2.7995431788777383,-1.3708891968054873,0.679066308131347,0.0234932080174868,2.5843400721228726,0.297657964549431,2.1950618999519365
30.0,246.0,130.0613555908203,-0.0218376181074732,1.611686590386981,-2.4644144213047268,-2.197870661849417,-1.1350052685182077,0.8444392263102432,0.0221537038996485,2.5491383670359102,0.1013358409534303,1.6701630853580482
30.0,246.0,130.06765747070312,-0.0211165446055682,1.6116653573497872,-2.464568284631722,-2.197522486989414,-1.134876841633991,0.8434866999921165,0.0230788849499952,2.5519495709868663,0.1117949214472717,1.6922518462395622
30.0,246.0,205.575927734375,-0.8160173862793221,0.5906195673798553,-3.5501247184478806,-2.9220737949502533,-1.5276746941164658,0.7254873283981647,-0.0189028447691116,2.5943872451814447,0.2168908645567235,1.9760531472632008
30.0,246.0,130.06155395507812,-0.0215775363063054,1.611061185960011,-2.46501310085066,-2.197849701455941,-1.1349559228665942,0.8447758799481386,0.0219390213677063,2.5499945537550204,0.1062423555714915,1.677097478901885
30.0,246.0,130.0637969970703,-0.0208902406005644,1.6119734742103369,-2.464446091986895,-2.19710559809524,-1.1354421638064411,0.8450584025667578,0.0238041773645564,2.5516346855106327,0.107609505980238,1.6832541798756713
30.0,246.0,130.0644989013672,-0.0214179248292399,1.6128069766293551,-2.4646694673254155,-2.1997187233409914,-1.1352310118191995,0.8457633145446949,0.0229521221883603,2.5498708094247298,0.1066708785567443,1.680784104787331
30.0,246.0,130.06141662597656,-0.0212433152418556,1.6119415578478986,-2.464503045687366,-2.197957957645193,-1.135253556499711,0.8444462002684524,0.0231694186623434,2.55006490607497,0.106328143250225,1.676183812147586
30.0,246.0,130.0615234375,-0.0212474795677314,1.6095980223904311,-2.464554076480644,-2.19784635574745,-1.135295937035807,0.8444504682700297,0.0228922778966641,2.549746230236675,0.1041676606689089,1.671073839701268
30.0,246.0,130.06988525390625,-0.0239186560541447,1.6112328387700028,-2.464607752057477,-2.1983760548270537,-1.135946660804071,0.8455786425558565,0.024944817960014,2.5519653703984586,0.1121193428936892,1.6940196991939904
30.0,246.0,130.06845092773438,-0.0217123355521164,1.616650986949903,-2.463219716589859,-2.1974662632406923,-1.13492142886485,0.8458576647278578,0.0237615914600734,2.5459765712543536,0.0974100368037032,1.6526845186665378
30.0,246.0,130.06600952148438,-0.0211178222070299,1.6103847759290266,-2.4644209921066222,-2.197451737189725,-1.1360195367760717,0.84494901713653,0.0235738133036352,2.551092969434705,0.1096924112457049,1.689501870068402
30.0,246.0,130.09373474121094,-0.0210942606103411,1.6068789634932594,-2.466324358188688,-2.1967602202126986,-1.136901217262322,0.844609048983371,0.0193193309397213,2.5502817505702766,0.108357534388327,1.6729588812450011
30.0,247.0,130.0607452392578,-0.0221128008199248,1.611717402311713,-2.4644678141337275,-2.1982679804704177,-1.1352074586448138,0.8444467781302982,0.0229139845907064,2.549229898607321,0.1044974345533819,1.6696902471409123
30.0,247.0,130.06080627441406,-0.0212410490893437,1.612069326867133,-2.4641723879131487,-2.1977050679730983,-1.135049827612828,0.8450787258565194,0.023330656367059,2.550300832474736,0.1057725983914929,1.676733560576334
30.0,247.0,130.06622314453125,-0.0215047765635967,1.6103141379470471,-2.4644563913230293,-2.1975268082120163,-1.1351979501028242,0.8441357910788309,0.0234713560858831,2.552014667362936,0.1104533418979117,1.6899374807038992
30.0,247.0,205.40724182128903,-1.2471719392371754,0.7338063691250966,-3.6956164114227614,-2.6893020048638974,-1.4361633841990469,0.7509499775402746,-0.0265320376388999,2.5844589496606782,0.2214973721181175,2.0621365244733765
30.0,247.0,130.0667724609375,-0.0210229994384154,1.6115277940003625,-2.4636994765590394,-2.197314128726708,-1.135729157986956,0.8459351682963937,0.0236979502262292,2.550935983381516,0.108938641664473,1.6898821360743583
30.0,247.0,130.06910705566406,-0.0213117996944473,1.611532529519285,-2.463791151901713,-2.197820122880404,-1.1346716519594982,0.8463058061721773,0.0240051534121443,2.552954066988893,0.1131229916148561,1.6999650231385195
30.0,247.0,130.06317138671875,-0.0214908486386406,1.6119646848450615,-2.464259312106244,-2.197573074584596,-1.135017991129897,0.8452881582951637,0.0238173310964382,2.551662452147406,0.1076228111777817,1.682164242503162
30.0,247.0,130.0622100830078,-0.0212112085904558,1.611940247268468,-2.464490530464323,-2.197534450090945,-1.135232296614472,0.8444980945704282,0.0231527330762314,2.5503785109304413,0.1073296986095062,1.6817504512190222
30.0,247.0,130.07180786132812,-0.0198385588222231,1.613399746182087,-2.462447093375754,-2.1980275329727466,-1.133904304055262,0.846753119792344,0.0232432009304832,2.55281013637525,0.1129654286504708,1.6988241965863846
30.0,247.0,217.80987548828125,-0.7399219093249991,0.6265199654248446,-3.3812386568411683,-3.115740592719888,-2.4970438835882924,0.4187495791001843,-0.1164287251613381,2.541142812644273,0.2703581298861386,2.0687642066891287
30.0,247.0,201.7044219970703,-0.6552952230338768,0.789537644755984,-3.131677153117997,-2.725862189701337,-1.327890814222953,0.7257755438118074,-0.0264966475501739,2.5879562114865826,0.2411740536822892,2.06908069814025
30.0,247.0,130.0603485107422,-0.02166554888059,1.6116303742418878,-2.464433927833505,-2.1978671500740945,-1.1351945218100812,0.8445367092578658,0.0222050674800915,2.5500934509426303,0.1052217898583862,1.6741746615755806
30.0,247.0,130.0684814453125,-0.0210092410828998,1.6117904560236485,-2.462536880639236,-2.196906276081219,-1.1358953765699744,0.8444649807457459,0.0242434904857292,2.552799982203813,0.1116480754096299,1.694826688828618
30.0,247.0,130.05943298339844,-0.0219935388981424,1.611654784197548,-2.464391722081144,-2.1978621726399625,-1.135164740549237,0.8441647053313863,0.0216243961061352,2.548972819704615,0.1042794801072972,1.672657701329092
30.0,247.0,130.06382751464844,-0.0210768488679159,1.6115787991621522,-2.4645104577406944,-2.196788547789148,-1.1355815644650034,0.8447191841079633,0.0238637801295413,2.551499621966451,0.1068880356271441,1.6810068068410342
30.0,247.0,130.07928466796875,-0.0260575111717201,1.6101996732202797,-2.464525477493161,-2.1972242671767823,-1.1327676171862628,0.8495841317060162,0.0234409887596069,2.5506852741713866,0.1075453170498392,1.6798955848567605
30.0,247.0,193.78211975097656,-1.5159720867557491,1.4355680680330016,-2.5153950525133,-2.443165204226897,-1.2427997885231514,0.8110456580362407,0.0241485029460532,2.5601821812331744,0.2540326249153766,2.247997296267057
30.0,247.0,130.06192016601562,-0.0212227208284233,1.6121891393135834,-2.4644960529301425,-2.197557934395194,-1.1352402371828656,0.8448065255323579,0.023225858376605,2.550122352548509,0.1069361541826877,1.6781502357479896
30.0,247.0,130.06271362304688,-0.0183958592623967,1.611766764918701,-2.4644528874126737,-2.1979813257422074,-1.1357714648486046,0.8444145015083476,0.0227479002968482,2.5494621792905776,0.1045810047537792,1.674042889272646
30.0,247.0,130.06869506835938,-0.0220162762744968,1.6108456482637925,-2.4637801583037047,-2.197786673345628,-1.1357156722421764,0.8454566093694266,0.0241997122583173,2.5535064956134432,0.1108190624818382,1.6865722295345753
30.0,247.0,130.05979919433594,-0.0218663144404913,1.612131937701241,-2.464681705757617,-2.1977662529453967,-1.135404643242536,0.8445748642249242,0.0217944663345096,2.548695992228729,0.1045005685114221,1.673260898876557
30.0,247.0,130.0692901611328,-0.0203942656790777,1.6119663830322368,-2.4639858657702214,-2.197839879031834,-1.1339025559464286,0.846124412267191,0.0238077821854445,2.5530134643895543,0.1135540848143144,1.6996508312525616
30.0,247.0,130.06842041015625,-0.0184746814398396,1.610521443595631,-2.4643366874836934,-2.1976775291955595,-1.1359392885405049,0.8444147709807323,0.0223777978034712,2.550895961525279,0.1085503401919817,1.6844660414922872
30.0,247.0,130.06942749023438,-0.0219468168281905,1.61087327670683,-2.464344881917185,-2.1980714789687594,-1.1345717054621771,0.8458179531935374,0.0230429432536251,2.5519848361959903,0.1126151471956707,1.691251380271957
30.0,247.0,130.07077026367188,-0.0224875888851253,1.6125219458368567,-2.4649244377070763,-2.1983666772614727,-1.1321578020377414,0.8439521056945737,0.0219692611354242,2.5497824091218027,0.1062966893413995,1.6758802037174068
30.0,247.0,130.06295776367188,-0.0209722800348992,1.612076634196732,-2.4644169416835093,-2.197409166080972,-1.1350960288458007,0.8450540787196443,0.0228528809136173,2.5507801907869663,0.1077065074623773,1.683861431917406
30.0,247.0,203.7299041748047,-1.4671963034076896,0.7718039591814964,-3.521820860113768,-2.7055890962796987,-1.3850800460590984,0.7492558679810841,0.0041742840984898,2.5864682179734686,0.2295821296873494,1.9406396168518183
30.0,247.0,240.0376892089844,-0.818985015422538,0.7325545795717203,-3.463958090524869,-3.1745869837099026,-1.9281247841715203,0.2058466922336207,-0.3766659363291286,2.6001316734345754,0.2265875295001577,2.1979228280822705
30.0,247.0,130.06130981445312,-0.0216142234234416,1.611941311973024,-2.464798408174317,-2.197471051246846,-1.1351544359745211,0.8443040384815177,0.0236204972586364,2.5489907340305056,0.103108024306166,1.672783223110942
30.0,247.0,130.0700225830078,-0.021554109745988,1.6120439753754856,-2.4634945447088183,-2.1977249787071043,-1.1359977360920583,0.8464675320695966,0.0248784910245729,2.5535928169217965,0.114511753033331,1.699528858876211
30.0,247.0,130.06771850585938,-0.0212937730914956,1.6122709198500875,-2.464560585489906,-2.197786618314241,-1.1359934261997726,0.8459951570172819,0.0233432106041645,2.552007270481794,0.1121948788892302,1.694829161136428
30.0,247.0,130.06578063964844,-0.0212879999388618,1.6105510053673844,-2.464488534719546,-2.197272555839896,-1.135763474717601,0.8445952402434519,0.0232643179459839,2.551649264836435,0.1104185259463369,1.6901741494212992
30.0,247.0,130.06890869140625,-0.0212881890609658,1.6125458798516892,-2.4634099963670835,-2.197925844601921,-1.1340910700361262,0.8462339293574737,0.0241778059007504,2.55280639675026,0.1133285428031655,1.6987931470447826
30.0,247.0,142.55206298828125,-0.0350868759818451,1.6272179369193212,-2.62283118128369,-2.2055361473631594,-1.1338359063938843,0.8333866065114565,0.0243299958053203,2.551310738673066,0.0915663226513741,1.6978344012801223
30.0,247.0,130.0591278076172,-0.0216652174014381,1.6117185220728425,-2.463682103283752,-2.197851750715832,-1.1353838343319864,0.8442095501150251,0.0209804605194346,2.548019756429247,0.1036383784919287,1.6706206341096168
30.0,247.0,130.06179809570312,-0.0217583815613114,1.6113045952700524,-2.4643554573827173,-2.1975353570590244,-1.136899995603884,0.8444783457049968,0.0225445279887403,2.549382943685836,0.104907289498743,1.6772132123855947
30.0,247.0,242.24465942382807,-0.6765068837044388,0.5731721926803546,-3.182363211629109,-3.115613068305457,-2.833970604240305,0.5175124438082294,-0.1119189164304249,2.549271617641784,0.2717736279602655,1.804321352114272
30.0,247.0,210.119873046875,-0.7610068930568665,0.5642124147423887,-3.726421416211226,-2.7995431788777383,-1.3708891968054873,0.679066308131347,0.0234932080174868,2.5843400721228726,0.297657964549431,2.1950618999519365
30.0,247.0,130.06036376953125,-0.0222114267946533,1.6116323288251029,-2.464402269059958,-2.197912699246993,-1.1350247526561337,0.843738197651714,0.0224388104393285,2.5490722839911584,0.1046284445153567,1.674020022052375
30.0,247.0,130.06765747070312,-0.0211165446055682,1.6116653573497872,-2.464568284631722,-2.197522486989414,-1.134876841633991,0.8434866999921165,0.0230788849499952,2.5519495709868663,0.1117949214472717,1.6922518462395622
30.0,247.0,205.575927734375,-0.8160173862793221,0.5906195673798553,-3.5501247184478806,-2.9220737949502533,-1.5276746941164658,0.7254873283981647,-0.0189028447691116,2.5943872451814447,0.2168908645567235,1.9760531472632008
30.0,247.0,130.06155395507812,-0.0215775363063054,1.611061185960011,-2.46501310085066,-2.197849701455941,-1.1349559228665942,0.8447758799481386,0.0219390213677063,2.5499945537550204,0.1062423555714915,1.677097478901885
30.0,247.0,130.0637969970703,-0.0208902406005644,1.6119734742103369,-2.464446091986895,-2.19710559809524,-1.1354421638064411,0.8450584025667578,0.0238041773645564,2.5516346855106327,0.107609505980238,1.6832541798756713
30.0,247.0,130.0644989013672,-0.0214179248292399,1.6128069766293551,-2.4646694673254155,-2.1997187233409914,-1.1352310118191995,0.8457633145446949,0.0229521221883603,2.5498708094247298,0.1066708785567443,1.680784104787331
30.0,247.0,130.06141662597656,-0.0212433152418556,1.6119415578478986,-2.464503045687366,-2.197957957645193,-1.135253556499711,0.8444462002684524,0.0231694186623434,2.55006490607497,0.106328143250225,1.676183812147586
30.0,247.0,130.0596923828125,-0.0216148007700014,1.610948044221752,-2.4645422094710323,-2.1976642164101383,-1.1352048186484744,0.8444218367418,0.0227316829238271,2.549324545403307,0.1044551057839413,1.6714983973159967
30.0,247.0,130.06988525390625,-0.0239186560541447,1.6112328387700028,-2.464607752057477,-2.1983760548270537,-1.135946660804071,0.8455786425558565,0.024944817960014,2.5519653703984586,0.1121193428936892,1.6940196991939904
30.0,247.0,130.06845092773438,-0.0217123355521164,1.616650986949903,-2.463219716589859,-2.1974662632406923,-1.13492142886485,0.8458576647278578,0.0237615914600734,2.5459765712543536,0.0974100368037032,1.6526845186665378
30.0,247.0,130.06600952148438,-0.0211178222070299,1.6103847759290266,-2.4644209921066222,-2.197451737189725,-1.1360195367760717,0.84494901713653,0.0235738133036352,2.551092969434705,0.1096924112457049,1.689501870068402
30.0,247.0,130.09373474121094,-0.0210942606103411,1.6068789634932594,-2.466324358188688,-2.1967602202126986,-1.136901217262322,0.844609048983371,0.0193193309397213,2.5502817505702766,0.108357534388327,1.6729588812450011
30.0,248.0,130.0601043701172,-0.0215998902780973,1.6117229702267573,-2.4641160528435404,-2.198103856141873,-1.1353116572281798,0.8443896833832316,0.0201837729881193,2.549088514304996,0.1021906424236795,1.6675017894560633
30.0,248.0,130.06080627441406,-0.0212410490893437,1.612069326867133,-2.4641723879131487,-2.1977050679730983,-1.135049827612828,0.8450787258565194,0.023330656367059,2.550300832474736,0.1057725983914929,1.676733560576334
30.0,248.0,130.06622314453125,-0.0215047765635967,1.6103141379470471,-2.4644563913230293,-2.1975268082120163,-1.1351979501028242,0.8441357910788309,0.0234713560858831,2.552014667362936,0.1104533418979117,1.6899374807038992
30.0,248.0,205.40724182128903,-1.2471719392371754,0.7338063691250966,-3.6956164114227614,-2.6893020048638974,-1.4361633841990469,0.7509499775402746,-0.0265320376388999,2.5844589496606782,0.2214973721181175,2.0621365244733765
30.0,248.0,130.0667724609375,-0.0210229994384154,1.6115277940003625,-2.4636994765590394,-2.197314128726708,-1.135729157986956,0.8459351682963937,0.0236979502262292,2.550935983381516,0.108938641664473,1.6898821360743583
30.0,248.0,130.06910705566406,-0.0213117996944473,1.611532529519285,-2.463791151901713,-2.197820122880404,-1.1346716519594982,0.8463058061721773,0.0240051534121443,2.552954066988893,0.1131229916148561,1.6999650231385195
30.0,248.0,130.06317138671875,-0.0214908486386406,1.6119646848450615,-2.464259312106244,-2.197573074584596,-1.135017991129897,0.8452881582951637,0.0238173310964382,2.551662452147406,0.1076228111777817,1.682164242503162
30.0,248.0,130.0622100830078,-0.0212112085904558,1.611940247268468,-2.464490530464323,-2.197534450090945,-1.135232296614472,0.8444980945704282,0.0231527330762314,2.5503785109304413,0.1073296986095062,1.6817504512190222
30.0,248.0,130.07180786132812,-0.0198385588222231,1.613399746182087,-2.462447093375754,-2.1980275329727466,-1.133904304055262,0.846753119792344,0.0232432009304832,2.55281013637525,0.1129654286504708,1.6988241965863846
30.0,248.0,217.80987548828125,-0.7399219093249991,0.6265199654248446,-3.3812386568411683,-3.115740592719888,-2.4970438835882924,0.4187495791001843,-0.1164287251613381,2.541142812644273,0.2703581298861386,2.0687642066891287
30.0,248.0,201.7044219970703,-0.6552952230338768,0.789537644755984,-3.131677153117997,-2.725862189701337,-1.327890814222953,0.7257755438118074,-0.0264966475501739,2.5879562114865826,0.2411740536822892,2.06908069814025
30.0,248.0,130.0603485107422,-0.02166554888059,1.6116303742418878,-2.464433927833505,-2.1978671500740945,-1.1351945218100812,0.8445367092578658,0.0222050674800915,2.5500934509426303,0.1052217898583862,1.6741746615755806
30.0,248.0,130.0684814453125,-0.0210092410828998,1.6117904560236485,-2.462536880639236,-2.196906276081219,-1.1358953765699744,0.8444649807457459,0.0242434904857292,2.552799982203813,0.1116480754096299,1.694826688828618
30.0,248.0,130.05943298339844,-0.0219935388981424,1.611654784197548,-2.464391722081144,-2.1978621726399625,-1.135164740549237,0.8441647053313863,0.0216243961061352,2.548972819704615,0.1042794801072972,1.672657701329092
30.0,248.0,130.06382751464844,-0.0210768488679159,1.6115787991621522,-2.4645104577406944,-2.196788547789148,-1.1355815644650034,0.8447191841079633,0.0238637801295413,2.551499621966451,0.1068880356271441,1.6810068068410342
30.0,248.0,130.07928466796875,-0.0260575111717201,1.6101996732202797,-2.464525477493161,-2.1972242671767823,-1.1327676171862628,0.8495841317060162,0.0234409887596069,2.5506852741713866,0.1075453170498392,1.6798955848567605
30.0,248.0,193.78211975097656,-1.5159720867557491,1.4355680680330016,-2.5153950525133,-2.443165204226897,-1.2427997885231514,0.8110456580362407,0.0241485029460532,2.5601821812331744,0.2540326249153766,2.247997296267057
30.0,248.0,130.06192016601562,-0.0212227208284233,1.6121891393135834,-2.4644960529301425,-2.197557934395194,-1.1352402371828656,0.8448065255323579,0.023225858376605,2.550122352548509,0.1069361541826877,1.6781502357479896
30.0,248.0,130.06271362304688,-0.0183958592623967,1.611766764918701,-2.4644528874126737,-2.1979813257422074,-1.1357714648486046,0.8444145015083476,0.0227479002968482,2.5494621792905776,0.1045810047537792,1.674042889272646
30.0,248.0,130.06869506835938,-0.0220162762744968,1.6108456482637925,-2.4637801583037047,-2.197786673345628,-1.1357156722421764,0.8454566093694266,0.0241997122583173,2.5535064956134432,0.1108190624818382,1.6865722295345753
30.0,248.0,130.05979919433594,-0.0218663144404913,1.612131937701241,-2.464681705757617,-2.1977662529453967,-1.135404643242536,0.8445748642249242,0.0217944663345096,2.548695992228729,0.1045005685114221,1.673260898876557
30.0,248.0,130.0692901611328,-0.0203942656790777,1.6119663830322368,-2.4639858657702214,-2.197839879031834,-1.1339025559464286,0.846124412267191,0.0238077821854445,2.5530134643895543,0.1135540848143144,1.6996508312525616
30.0,248.0,130.06842041015625,-0.0184746814398396,1.610521443595631,-2.4643366874836934,-2.1976775291955595,-1.1359392885405049,0.8444147709807323,0.0223777978034712,2.550895961525279,0.1085503401919817,1.6844660414922872
30.0,248.0,130.06942749023438,-0.0219468168281905,1.61087327670683,-2.464344881917185,-2.1980714789687594,-1.1345717054621771,0.8458179531935374,0.0230429432536251,2.5519848361959903,0.1126151471956707,1.691251380271957
30.0,248.0,130.0637969970703,-0.0220280570952913,1.6110862844993528,-2.462843348183036,-2.197713219541656,-1.1381801954070403,0.8441378836485058,0.0212099333478865,2.5484171717877864,0.103869936216892,1.6690723720771743
30.0,248.0,130.06295776367188,-0.0209722800348992,1.612076634196732,-2.4644169416835093,-2.197409166080972,-1.1350960288458007,0.8450540787196443,0.0228528809136173,2.5507801907869663,0.1077065074623773,1.683861431917406
30.0,248.0,203.7299041748047,-1.4671963034076896,0.7718039591814964,-3.521820860113768,-2.7055890962796987,-1.3850800460590984,0.7492558679810841,0.0041742840984898,2.5864682179734686,0.2295821296873494,1.9406396168518183
30.0,248.0,240.0376892089844,-0.818985015422538,0.7325545795717203,-3.463958090524869,-3.1745869837099026,-1.9281247841715203,0.2058466922336207,-0.3766659363291286,2.6001316734345754,0.2265875295001577,2.1979228280822705
30.0,248.0,130.06130981445312,-0.0216142234234416,1.611941311973024,-2.464798408174317,-2.197471051246846,-1.1351544359745211,0.8443040384815177,0.0236204972586364,2.5489907340305056,0.103108024306166,1.672783223110942
30.0,248.0,130.0700225830078,-0.021554109745988,1.6120439753754856,-2.4634945447088183,-2.1977249787071043,-1.1359977360920583,0.8464675320695966,0.0248784910245729,2.5535928169217965,0.114511753033331,1.699528858876211
30.0,248.0,130.06771850585938,-0.0212937730914956,1.6122709198500875,-2.464560585489906,-2.197786618314241,-1.1359934261997726,0.8459951570172819,0.0233432106041645,2.552007270481794,0.1121948788892302,1.694829161136428
30.0,248.0,130.06578063964844,-0.0212879999388618,1.6105510053673844,-2.464488534719546,-2.197272555839896,-1.135763474717601,0.8445952402434519,0.0232643179459839,2.551649264836435,0.1104185259463369,1.6901741494212992
30.0,248.0,130.06890869140625,-0.0212881890609658,1.6125458798516892,-2.4634099963670835,-2.197925844601921,-1.1340910700361262,0.8462339293574737,0.0241778059007504,2.55280639675026,0.1133285428031655,1.6987931470447826
30.0,248.0,142.55206298828125,-0.0350868759818451,1.6272179369193212,-2.62283118128369,-2.2055361473631594,-1.1338359063938843,0.8333866065114565,0.0243299958053203,2.551310738673066,0.0915663226513741,1.6978344012801223
30.0,248.0,130.0591278076172,-0.0216652174014381,1.6117185220728425,-2.463682103283752,-2.197851750715832,-1.1353838343319864,0.8442095501150251,0.0209804605194346,2.548019756429247,0.1036383784919287,1.6706206341096168
30.0,248.0,130.06179809570312,-0.0217583815613114,1.6113045952700524,-2.4643554573827173,-2.1975353570590244,-1.136899995603884,0.8444783457049968,0.0225445279887403,2.549382943685836,0.104907289498743,1.6772132123855947
30.0,248.0,242.24465942382807,-0.6765068837044388,0.5731721926803546,-3.182363211629109,-3.115613068305457,-2.833970604240305,0.5175124438082294,-0.1119189164304249,2.549271617641784,0.2717736279602655,1.804321352114272
30.0,248.0,210.119873046875,-0.7610068930568665,0.5642124147423887,-3.726421416211226,-2.7995431788777383,-1.3708891968054873,0.679066308131347,0.0234932080174868,2.5843400721228726,0.297657964549431,2.1950618999519365
30.0,248.0,130.06036376953125,-0.0222114267946533,1.6116323288251029,-2.464402269059958,-2.197912699246993,-1.1350247526561337,0.843738197651714,0.0224388104393285,2.5490722839911584,0.1046284445153567,1.674020022052375
30.0,248.0,130.06765747070312,-0.0211165446055682,1.6116653573497872,-2.464568284631722,-2.197522486989414,-1.134876841633991,0.8434866999921165,0.0230788849499952,2.5519495709868663,0.1117949214472717,1.6922518462395622
30.0,248.0,205.575927734375,-0.8160173862793221,0.5906195673798553,-3.5501247184478806,-2.9220737949502533,-1.5276746941164658,0.7254873283981647,-0.0189028447691116,2.5943872451814447,0.2168908645567235,1.9760531472632008
30.0,248.0,130.06155395507812,-0.0215775363063054,1.611061185960011,-2.46501310085066,-2.197849701455941,-1.1349559228665942,0.8447758799481386,0.0219390213677063,2.5499945537550204,0.1062423555714915,1.677097478901885
30.0,248.0,130.0637969970703,-0.0208902406005644,1.6119734742103369,-2.464446091986895,-2.19710559809524,-1.1354421638064411,0.8450584025667578,0.0238041773645564,2.5516346855106327,0.107609505980238,1.6832541798756713
30.0,248.0,130.0644989013672,-0.0214179248292399,1.6128069766293551,-2.4646694673254155,-2.1997187233409914,-1.1352310118191995,0.8457633145446949,0.0229521221883603,2.5498708094247298,0.1066708785567443,1.680784104787331
30.0,248.0,130.06141662597656,-0.0212433152418556,1.6119415578478986,-2.464503045687366,-2.197957957645193,-1.135253556499711,0.8444462002684524,0.0231694186623434,2.55006490607497,0.106328143250225,1.676183812147586
30.0,248.0,130.0596923828125,-0.0216148007700014,1.610948044221752,-2.4645422094710323,-2.1976642164101383,-1.1352048186484744,0.8444218367418,0.0227316829238271,2.549324545403307,0.1044551057839413,1.6714983973159967
30.0,248.0,130.06988525390625,-0.0239186560541447,1.6112328387700028,-2.464607752057477,-2.1983760548270537,-1.135946660804071,0.8455786425558565,0.024944817960014,2.5519653703984586,0.1121193428936892,1.6940196991939904
30.0,248.0,130.06845092773438,-0.0217123355521164,1.616650986949903,-2.463219716589859,-2.1974662632406923,-1.13492142886485,0.8458576647278578,0.0237615914600734,2.5459765712543536,0.0974100368037032,1.6526845186665378
30.0,248.0,130.06600952148438,-0.0211178222070299,1.6103847759290266,-2.4644209921066222,-2.197451737189725,-1.1360195367760717,0.84494901713653,0.0235738133036352,2.551092969434705,0.1096924112457049,1.689501870068402
30.0,248.0,130.09373474121094,-0.0210942606103411,1.6068789634932594,-2.466324358188688,-2.1967602202126986,-1.136901217262322,0.844609048983371,0.0193193309397213,2.5502817505702766,0.108357534388327,1.6729588812450011
30.0,249.0,130.0601043701172,-0.0215998902780973,1.6117229702267573,-2.4641160528435404,-2.198103856141873,-1.1353116572281798,0.8443896833832316,0.0201837729881193,2.549088514304996,0.1021906424236795,1.6675017894560633
30.0,249.0,130.06080627441406,-0.0212410490893437,1.612069326867133,-2.4641723879131487,-2.1977050679730983,-1.135049827612828,0.8450787258565194,0.023330656367059,2.550300832474736,0.1057725983914929,1.676733560576334
30.0,249.0,130.06622314453125,-0.0215047765635967,1.6103141379470471,-2.4644563913230293,-2.1975268082120163,-1.1351979501028242,0.8441357910788309,0.0234713560858831,2.552014667362936,0.1104533418979117,1.6899374807038992
30.0,249.0,205.40724182128903,-1.2471719392371754,0.7338063691250966,-3.6956164114227614,-2.6893020048638974,-1.4361633841990469,0.7509499775402746,-0.0265320376388999,2.5844589496606782,0.2214973721181175,2.0621365244733765
30.0,249.0,130.0667724609375,-0.0210229994384154,1.6115277940003625,-2.4636994765590394,-2.197314128726708,-1.135729157986956,0.8459351682963937,0.0236979502262292,2.550935983381516,0.108938641664473,1.6898821360743583
30.0,249.0,130.06910705566406,-0.0213117996944473,1.611532529519285,-2.463791151901713,-2.197820122880404,-1.1346716519594982,0.8463058061721773,0.0240051534121443,2.552954066988893,0.1131229916148561,1.6999650231385195
30.0,249.0,130.06317138671875,-0.0214908486386406,1.6119646848450615,-2.464259312106244,-2.197573074584596,-1.135017991129897,0.8452881582951637,0.0238173310964382,2.551662452147406,0.1076228111777817,1.682164242503162
30.0,249.0,130.0622100830078,-0.0212112085904558,1.611940247268468,-2.464490530464323,-2.197534450090945,-1.135232296614472,0.8444980945704282,0.0231527330762314,2.5503785109304413,0.1073296986095062,1.6817504512190222
30.0,249.0,130.07180786132812,-0.0198385588222231,1.613399746182087,-2.462447093375754,-2.1980275329727466,-1.133904304055262,0.846753119792344,0.0232432009304832,2.55281013637525,0.1129654286504708,1.6988241965863846
30.0,249.0,217.80987548828125,-0.7399219093249991,0.6265199654248446,-3.3812386568411683,-3.115740592719888,-2.4970438835882924,0.4187495791001843,-0.1164287251613381,2.541142812644273,0.2703581298861386,2.0687642066891287
30.0,249.0,201.7044219970703,-0.6552952230338768,0.789537644755984,-3.131677153117997,-2.725862189701337,-1.327890814222953,0.7257755438118074,-0.0264966475501739,2.5879562114865826,0.2411740536822892,2.06908069814025
30.0,249.0,130.0603485107422,-0.02166554888059,1.6116303742418878,-2.464433927833505,-2.1978671500740945,-1.1351945218100812,0.8445367092578658,0.0222050674800915,2.5500934509426303,0.1052217898583862,1.6741746615755806
30.0,249.0,130.0684814453125,-0.0210092410828998,1.6117904560236485,-2.462536880639236,-2.196906276081219,-1.1358953765699744,0.8444649807457459,0.0242434904857292,2.552799982203813,0.1116480754096299,1.694826688828618
30.0,249.0,130.05943298339844,-0.0219935388981424,1.611654784197548,-2.464391722081144,-2.1978621726399625,-1.135164740549237,0.8441647053313863,0.0216243961061352,2.548972819704615,0.1042794801072972,1.672657701329092
30.0,249.0,130.06382751464844,-0.0210768488679159,1.6115787991621522,-2.4645104577406944,-2.196788547789148,-1.1355815644650034,0.8447191841079633,0.0238637801295413,2.551499621966451,0.1068880356271441,1.6810068068410342
30.0,249.0,130.07928466796875,-0.0260575111717201,1.6101996732202797,-2.464525477493161,-2.1972242671767823,-1.1327676171862628,0.8495841317060162,0.0234409887596069,2.5506852741713866,0.1075453170498392,1.6798955848567605
30.0,249.0,193.78211975097656,-1.5159720867557491,1.4355680680330016,-2.5153950525133,-2.443165204226897,-1.2427997885231514,0.8110456580362407,0.0241485029460532,2.5601821812331744,0.2540326249153766,2.247997296267057
30.0,249.0,130.06192016601562,-0.0212227208284233,1.6121891393135834,-2.4644960529301425,-2.197557934395194,-1.1352402371828656,0.8448065255323579,0.023225858376605,2.550122352548509,0.1069361541826877,1.6781502357479896
30.0,249.0,130.06271362304688,-0.0183958592623967,1.611766764918701,-2.4644528874126737,-2.1979813257422074,-1.1357714648486046,0.8444145015083476,0.0227479002968482,2.5494621792905776,0.1045810047537792,1.674042889272646
30.0,249.0,130.06869506835938,-0.0220162762744968,1.6108456482637925,-2.4637801583037047,-2.197786673345628,-1.1357156722421764,0.8454566093694266,0.0241997122583173,2.5535064956134432,0.1108190624818382,1.6865722295345753
30.0,249.0,130.05979919433594,-0.0218663144404913,1.612131937701241,-2.464681705757617,-2.1977662529453967,-1.135404643242536,0.8445748642249242,0.0217944663345096,2.548695992228729,0.1045005685114221,1.673260898876557
30.0,249.0,130.0692901611328,-0.0203942656790777,1.6119663830322368,-2.4639858657702214,-2.197839879031834,-1.1339025559464286,0.846124412267191,0.0238077821854445,2.5530134643895543,0.1135540848143144,1.6996508312525616
30.0,249.0,130.06842041015625,-0.0184746814398396,1.610521443595631,-2.4643366874836934,-2.1976775291955595,-1.1359392885405049,0.8444147709807323,0.0223777978034712,2.550895961525279,0.1085503401919817,1.6844660414922872
30.0,249.0,130.06942749023438,-0.0219468168281905,1.61087327670683,-2.464344881917185,-2.1980714789687594,-1.1345717054621771,0.8458179531935374,0.0230429432536251,2.5519848361959903,0.1126151471956707,1.691251380271957
30.0,249.0,130.0598602294922,-0.0218062128625465,1.6111796110906853,-2.4640049550264607,-2.1976381732569363,-1.1372856076217954,0.8442341149920009,0.020867899707905,2.5469614515467174,0.1025044058335564,1.6671218729346948
30.0,249.0,130.06295776367188,-0.0209722800348992,1.612076634196732,-2.4644169416835093,-2.197409166080972,-1.1350960288458007,0.8450540787196443,0.0228528809136173,2.5507801907869663,0.1077065074623773,1.683861431917406
30.0,249.0,203.7299041748047,-1.4671963034076896,0.7718039591814964,-3.521820860113768,-2.7055890962796987,-1.3850800460590984,0.7492558679810841,0.0041742840984898,2.5864682179734686,0.2295821296873494,1.9406396168518183
30.0,249.0,240.0376892089844,-0.818985015422538,0.7325545795717203,-3.463958090524869,-3.1745869837099026,-1.9281247841715203,0.2058466922336207,-0.3766659363291286,2.6001316734345754,0.2265875295001577,2.1979228280822705
30.0,249.0,130.06130981445312,-0.0216142234234416,1.611941311973024,-2.464798408174317,-2.197471051246846,-1.1351544359745211,0.8443040384815177,0.0236204972586364,2.5489907340305056,0.103108024306166,1.672783223110942
30.0,249.0,130.0700225830078,-0.021554109745988,1.6120439753754856,-2.4634945447088183,-2.1977249787071043,-1.1359977360920583,0.8464675320695966,0.0248784910245729,2.5535928169217965,0.114511753033331,1.699528858876211
30.0,249.0,130.06771850585938,-0.0212937730914956,1.6122709198500875,-2.464560585489906,-2.197786618314241,-1.1359934261997726,0.8459951570172819,0.0233432106041645,2.552007270481794,0.1121948788892302,1.694829161136428
30.0,249.0,130.06578063964844,-0.0212879999388618,1.6105510053673844,-2.464488534719546,-2.197272555839896,-1.135763474717601,0.8445952402434519,0.0232643179459839,2.551649264836435,0.1104185259463369,1.6901741494212992
30.0,249.0,130.06890869140625,-0.0212881890609658,1.6125458798516892,-2.4634099963670835,-2.197925844601921,-1.1340910700361262,0.8462339293574737,0.0241778059007504,2.55280639675026,0.1133285428031655,1.6987931470447826
30.0,249.0,131.05059814453125,-0.0121890235220871,1.61628599084854,-2.504582911863796,-2.201492430785042,-1.13397474422254,0.8518885440938442,0.0209894159249694,2.548490028088442,0.0901454633065156,1.666492092619832
30.0,249.0,130.0591278076172,-0.0216652174014381,1.6117185220728425,-2.463682103283752,-2.197851750715832,-1.1353838343319864,0.8442095501150251,0.0209804605194346,2.548019756429247,0.1036383784919287,1.6706206341096168
30.0,249.0,130.06179809570312,-0.0217583815613114,1.6113045952700524,-2.4643554573827173,-2.1975353570590244,-1.136899995603884,0.8444783457049968,0.0225445279887403,2.549382943685836,0.104907289498743,1.6772132123855947
30.0,249.0,242.24465942382807,-0.6765068837044388,0.5731721926803546,-3.182363211629109,-3.115613068305457,-2.833970604240305,0.5175124438082294,-0.1119189164304249,2.549271617641784,0.2717736279602655,1.804321352114272
30.0,249.0,210.119873046875,-0.7610068930568665,0.5642124147423887,-3.726421416211226,-2.7995431788777383,-1.3708891968054873,0.679066308131347,0.0234932080174868,2.5843400721228726,0.297657964549431,2.1950618999519365
30.0,249.0,130.06036376953125,-0.0222114267946533,1.6116323288251029,-2.464402269059958,-2.197912699246993,-1.1350247526561337,0.843738197651714,0.0224388104393285,2.5490722839911584,0.1046284445153567,1.674020022052375
30.0,249.0,130.06765747070312,-0.0211165446055682,1.6116653573497872,-2.464568284631722,-2.197522486989414,-1.134876841633991,0.8434866999921165,0.0230788849499952,2.5519495709868663,0.1117949214472717,1.6922518462395622
30.0,249.0,205.575927734375,-0.8160173862793221,0.5906195673798553,-3.5501247184478806,-2.9220737949502533,-1.5276746941164658,0.7254873283981647,-0.0189028447691116,2.5943872451814447,0.2168908645567235,1.9760531472632008
30.0,249.0,130.06155395507812,-0.0215775363063054,1.611061185960011,-2.46501310085066,-2.197849701455941,-1.1349559228665942,0.8447758799481386,0.0219390213677063,2.5499945537550204,0.1062423555714915,1.677097478901885
30.0,249.0,130.0637969970703,-0.0208902406005644,1.6119734742103369,-2.464446091986895,-2.19710559809524,-1.1354421638064411,0.8450584025667578,0.0238041773645564,2.5516346855106327,0.107609505980238,1.6832541798756713
30.0,249.0,130.0644989013672,-0.0214179248292399,1.6128069766293551,-2.4646694673254155,-2.1997187233409914,-1.1352310118191995,0.8457633145446949,0.0229521221883603,2.5498708094247298,0.1066708785567443,1.680784104787331
30.0,249.0,130.06141662597656,-0.0212433152418556,1.6119415578478986,-2.464503045687366,-2.197957957645193,-1.135253556499711,0.8444462002684524,0.0231694186623434,2.55006490607497,0.106328143250225,1.676183812147586
30.0,249.0,130.0596923828125,-0.0216148007700014,1.610948044221752,-2.4645422094710323,-2.1976642164101383,-1.1352048186484744,0.8444218367418,0.0227316829238271,2.549324545403307,0.1044551057839413,1.6714983973159967
30.0,249.0,130.06988525390625,-0.0239186560541447,1.6112328387700028,-2.464607752057477,-2.1983760548270537,-1.135946660804071,0.8455786425558565,0.024944817960014,2.5519653703984586,0.1121193428936892,1.6940196991939904
30.0,249.0,130.06845092773438,-0.0217123355521164,1.616650986949903,-2.463219716589859,-2.1974662632406923,-1.13492142886485,0.8458576647278578,0.0237615914600734,2.5459765712543536,0.0974100368037032,1.6526845186665378
30.0,249.0,130.06600952148438,-0.0211178222070299,1.6103847759290266,-2.4644209921066222,-2.197451737189725,-1.1360195367760717,0.84494901713653,0.0235738133036352,2.551092969434705,0.1096924112457049,1.689501870068402
30.0,249.0,130.07882690429688,-0.0210295997625546,1.6098351820411454,-2.462287824089935,-2.192822881920709,-1.1348435481845032,0.8446169466643787,0.0196325411784367,2.54970213068588,0.1055475050600272,1.6773669924164143
30.0,250.0,130.0601043701172,-0.0215998902780973,1.6117229702267573,-2.4641160528435404,-2.198103856141873,-1.1353116572281798,0.8443896833832316,0.0201837729881193,2.549088514304996,0.1021906424236795,1.6675017894560633
30.0,250.0,130.06080627441406,-0.0212410490893437,1.612069326867133,-2.4641723879131487,-2.1977050679730983,-1.135049827612828,0.8450787258565194,0.023330656367059,2.550300832474736,0.1057725983914929,1.676733560576334
30.0,250.0,130.06622314453125,-0.0215047765635967,1.6103141379470471,-2.4644563913230293,-2.1975268082120163,-1.1351979501028242,0.8441357910788309,0.0234713560858831,2.552014667362936,0.1104533418979117,1.6899374807038992
30.0,250.0,205.40724182128903,-1.2471719392371754,0.7338063691250966,-3.6956164114227614,-2.6893020048638974,-1.4361633841990469,0.7509499775402746,-0.0265320376388999,2.5844589496606782,0.2214973721181175,2.0621365244733765
30.0,250.0,130.0667724609375,-0.0210229994384154,1.6115277940003625,-2.4636994765590394,-2.197314128726708,-1.135729157986956,0.8459351682963937,0.0236979502262292,2.550935983381516,0.108938641664473,1.6898821360743583
30.0,250.0,130.06910705566406,-0.0213117996944473,1.611532529519285,-2.463791151901713,-2.197820122880404,-1.1346716519594982,0.8463058061721773,0.0240051534121443,2.552954066988893,0.1131229916148561,1.6999650231385195
30.0,250.0,130.06317138671875,-0.0214908486386406,1.6119646848450615,-2.464259312106244,-2.197573074584596,-1.135017991129897,0.8452881582951637,0.0238173310964382,2.551662452147406,0.1076228111777817,1.682164242503162
30.0,250.0,130.0622100830078,-0.0212112085904558,1.611940247268468,-2.464490530464323,-2.197534450090945,-1.135232296614472,0.8444980945704282,0.0231527330762314,2.5503785109304413,0.1073296986095062,1.6817504512190222
30.0,250.0,130.07180786132812,-0.0198385588222231,1.613399746182087,-2.462447093375754,-2.1980275329727466,-1.133904304055262,0.846753119792344,0.0232432009304832,2.55281013637525,0.1129654286504708,1.6988241965863846
30.0,250.0,217.80987548828125,-0.7399219093249991,0.6265199654248446,-3.3812386568411683,-3.115740592719888,-2.4970438835882924,0.4187495791001843,-0.1164287251613381,2.541142812644273,0.2703581298861386,2.0687642066891287
30.0,250.0,201.7044219970703,-0.6552952230338768,0.789537644755984,-3.131677153117997,-2.725862189701337,-1.327890814222953,0.7257755438118074,-0.0264966475501739,2.5879562114865826,0.2411740536822892,2.06908069814025
30.0,250.0,130.0603485107422,-0.02166554888059,1.6116303742418878,-2.464433927833505,-2.1978671500740945,-1.1351945218100812,0.8445367092578658,0.0222050674800915,2.5500934509426303,0.1052217898583862,1.6741746615755806
30.0,250.0,130.0684814453125,-0.0210092410828998,1.6117904560236485,-2.462536880639236,-2.196906276081219,-1.1358953765699744,0.8444649807457459,0.0242434904857292,2.552799982203813,0.1116480754096299,1.694826688828618
30.0,250.0,130.05943298339844,-0.0219935388981424,1.611654784197548,-2.464391722081144,-2.1978621726399625,-1.135164740549237,0.8441647053313863,0.0216243961061352,2.548972819704615,0.1042794801072972,1.672657701329092
30.0,250.0,130.06382751464844,-0.0210768488679159,1.6115787991621522,-2.4645104577406944,-2.196788547789148,-1.1355815644650034,0.8447191841079633,0.0238637801295413,2.551499621966451,0.1068880356271441,1.6810068068410342
30.0,250.0,130.07928466796875,-0.0260575111717201,1.6101996732202797,-2.464525477493161,-2.1972242671767823,-1.1327676171862628,0.8495841317060162,0.0234409887596069,2.5506852741713866,0.1075453170498392,1.6798955848567605
30.0,250.0,193.78211975097656,-1.5159720867557491,1.4355680680330016,-2.5153950525133,-2.443165204226897,-1.2427997885231514,0.8110456580362407,0.0241485029460532,2.5601821812331744,0.2540326249153766,2.247997296267057
30.0,250.0,130.06192016601562,-0.0212227208284233,1.6121891393135834,-2.4644960529301425,-2.197557934395194,-1.1352402371828656,0.8448065255323579,0.023225858376605,2.550122352548509,0.1069361541826877,1.6781502357479896
30.0,250.0,130.06271362304688,-0.0183958592623967,1.611766764918701,-2.4644528874126737,-2.1979813257422074,-1.1357714648486046,0.8444145015083476,0.0227479002968482,2.5494621792905776,0.1045810047537792,1.674042889272646
30.0,250.0,130.06869506835938,-0.0220162762744968,1.6108456482637925,-2.4637801583037047,-2.197786673345628,-1.1357156722421764,0.8454566093694266,0.0241997122583173,2.5535064956134432,0.1108190624818382,1.6865722295345753
30.0,250.0,130.05955505371094,-0.0215033841321283,1.6119666673662705,-2.464311029776223,-2.1977472329220538,-1.1353509303223743,0.8438970307858275,0.0214797221177583,2.549183656944471,0.1040157657868962,1.669585951528077
30.0,250.0,130.0692901611328,-0.0203942656790777,1.6119663830322368,-2.4639858657702214,-2.197839879031834,-1.1339025559464286,0.846124412267191,0.0238077821854445,2.5530134643895543,0.1135540848143144,1.6996508312525616
30.0,250.0,130.06842041015625,-0.0184746814398396,1.610521443595631,-2.4643366874836934,-2.1976775291955595,-1.1359392885405049,0.8444147709807323,0.0223777978034712,2.550895961525279,0.1085503401919817,1.6844660414922872
30.0,250.0,130.06942749023438,-0.0219468168281905,1.61087327670683,-2.464344881917185,-2.1980714789687594,-1.1345717054621771,0.8458179531935374,0.0230429432536251,2.5519848361959903,0.1126151471956707,1.691251380271957
30.0,250.0,130.0598602294922,-0.0218062128625465,1.6111796110906853,-2.4640049550264607,-2.1976381732569363,-1.1372856076217954,0.8442341149920009,0.020867899707905,2.5469614515467174,0.1025044058335564,1.6671218729346948
30.0,250.0,130.06295776367188,-0.0209722800348992,1.612076634196732,-2.4644169416835093,-2.197409166080972,-1.1350960288458007,0.8450540787196443,0.0228528809136173,2.5507801907869663,0.1077065074623773,1.683861431917406
30.0,250.0,203.7299041748047,-1.4671963034076896,0.7718039591814964,-3.521820860113768,-2.7055890962796987,-1.3850800460590984,0.7492558679810841,0.0041742840984898,2.5864682179734686,0.2295821296873494,1.9406396168518183
30.0,250.0,240.0376892089844,-0.818985015422538,0.7325545795717203,-3.463958090524869,-3.1745869837099026,-1.9281247841715203,0.2058466922336207,-0.3766659363291286,2.6001316734345754,0.2265875295001577,2.1979228280822705
30.0,250.0,130.06130981445312,-0.0216142234234416,1.611941311973024,-2.464798408174317,-2.197471051246846,-1.1351544359745211,0.8443040384815177,0.0236204972586364,2.5489907340305056,0.103108024306166,1.672783223110942
30.0,250.0,130.0700225830078,-0.021554109745988,1.6120439753754856,-2.4634945447088183,-2.1977249787071043,-1.1359977360920583,0.8464675320695966,0.0248784910245729,2.5535928169217965,0.114511753033331,1.699528858876211
30.0,250.0,130.06771850585938,-0.0212937730914956,1.6122709198500875,-2.464560585489906,-2.197786618314241,-1.1359934261997726,0.8459951570172819,0.0233432106041645,2.552007270481794,0.1121948788892302,1.694829161136428
30.0,250.0,130.06578063964844,-0.0212879999388618,1.6105510053673844,-2.464488534719546,-2.197272555839896,-1.135763474717601,0.8445952402434519,0.0232643179459839,2.551649264836435,0.1104185259463369,1.6901741494212992
30.0,250.0,130.06890869140625,-0.0212881890609658,1.6125458798516892,-2.4634099963670835,-2.197925844601921,-1.1340910700361262,0.8462339293574737,0.0241778059007504,2.55280639675026,0.1133285428031655,1.6987931470447826
30.0,250.0,131.05059814453125,-0.0121890235220871,1.61628599084854,-2.504582911863796,-2.201492430785042,-1.13397474422254,0.8518885440938442,0.0209894159249694,2.548490028088442,0.0901454633065156,1.666492092619832
30.0,250.0,130.0591278076172,-0.0216652174014381,1.6117185220728425,-2.463682103283752,-2.197851750715832,-1.1353838343319864,0.8442095501150251,0.0209804605194346,2.548019756429247,0.1036383784919287,1.6706206341096168
30.0,250.0,130.06167602539062,-0.0217380329347885,1.6114450118624264,-2.464300321345081,-2.197905771166983,-1.1352579274627983,0.844083884911307,0.0211016099923099,2.548099777961777,0.1052152194706096,1.6771928956401614
30.0,250.0,242.24465942382807,-0.6765068837044388,0.5731721926803546,-3.182363211629109,-3.115613068305457,-2.833970604240305,0.5175124438082294,-0.1119189164304249,2.549271617641784,0.2717736279602655,1.804321352114272
30.0,250.0,210.119873046875,-0.7610068930568665,0.5642124147423887,-3.726421416211226,-2.7995431788777383,-1.3708891968054873,0.679066308131347,0.0234932080174868,2.5843400721228726,0.297657964549431,2.1950618999519365
30.0,250.0,130.06036376953125,-0.0222114267946533,1.6116323288251029,-2.464402269059958,-2.197912699246993,-1.1350247526561337,0.843738197651714,0.0224388104393285,2.5490722839911584,0.1046284445153567,1.674020022052375
30.0,250.0,130.06765747070312,-0.0211165446055682,1.6116653573497872,-2.464568284631722,-2.197522486989414,-1.134876841633991,0.8434866999921165,0.0230788849499952,2.5519495709868663,0.1117949214472717,1.6922518462395622
30.0,250.0,205.575927734375,-0.8160173862793221,0.5906195673798553,-3.5501247184478806,-2.9220737949502533,-1.5276746941164658,0.7254873283981647,-0.0189028447691116,2.5943872451814447,0.2168908645567235,1.9760531472632008
30.0,250.0,130.06155395507812,-0.0215775363063054,1.611061185960011,-2.46501310085066,-2.197849701455941,-1.1349559228665942,0.8447758799481386,0.0219390213677063,2.5499945537550204,0.1062423555714915,1.677097478901885
30.0,250.0,130.0637969970703,-0.0208902406005644,1.6119734742103369,-2.464446091986895,-2.19710559809524,-1.1354421638064411,0.8450584025667578,0.0238041773645564,2.5516346855106327,0.107609505980238,1.6832541798756713
30.0,250.0,130.0644989013672,-0.0214179248292399,1.6128069766293551,-2.4646694673254155,-2.1997187233409914,-1.1352310118191995,0.8457633145446949,0.0229521221883603,2.5498708094247298,0.1066708785567443,1.680784104787331
30.0,250.0,130.06141662597656,-0.0212433152418556,1.6119415578478986,-2.464503045687366,-2.197957957645193,-1.135253556499711,0.8444462002684524,0.0231694186623434,2.55006490607497,0.106328143250225,1.676183812147586
30.0,250.0,130.0596923828125,-0.0216148007700014,1.610948044221752,-2.4645422094710323,-2.1976642164101383,-1.1352048186484744,0.8444218367418,0.0227316829238271,2.549324545403307,0.1044551057839413,1.6714983973159967
30.0,250.0,130.06988525390625,-0.0239186560541447,1.6112328387700028,-2.464607752057477,-2.1983760548270537,-1.135946660804071,0.8455786425558565,0.024944817960014,2.5519653703984586,0.1121193428936892,1.6940196991939904
30.0,250.0,130.06845092773438,-0.0217123355521164,1.616650986949903,-2.463219716589859,-2.1974662632406923,-1.13492142886485,0.8458576647278578,0.0237615914600734,2.5459765712543536,0.0974100368037032,1.6526845186665378
30.0,250.0,130.06600952148438,-0.0211178222070299,1.6103847759290266,-2.4644209921066222,-2.197451737189725,-1.1360195367760717,0.84494901713653,0.0235738133036352,2.551092969434705,0.1096924112457049,1.689501870068402
30.0,250.0,130.07882690429688,-0.0210295997625546,1.6098351820411454,-2.462287824089935,-2.192822881920709,-1.1348435481845032,0.8446169466643787,0.0196325411784367,2.54970213068588,0.1055475050600272,1.6773669924164143
30.0,251.0,130.05825805664062,-0.0217202972559392,1.6117173297878078,-2.4642168081770874,-2.19744917026364,-1.135342214416958,0.8442943930644615,0.0214855144662067,2.5474916743788345,0.1028813051085165,1.6683754637102135
30.0,251.0,130.0595245361328,-0.0202942424822036,1.611940737873243,-2.463907199729624,-2.19787962481496,-1.1353902514537046,0.8447651609114311,0.0232300344475386,2.5487086809560138,0.1037137018921324,1.671825928132855
30.0,251.0,130.06622314453125,-0.0215047765635967,1.6103141379470471,-2.4644563913230293,-2.1975268082120163,-1.1351979501028242,0.8441357910788309,0.0234713560858831,2.552014667362936,0.1104533418979117,1.6899374807038992
30.0,251.0,205.40724182128903,-1.2471719392371754,0.7338063691250966,-3.6956164114227614,-2.6893020048638974,-1.4361633841990469,0.7509499775402746,-0.0265320376388999,2.5844589496606782,0.2214973721181175,2.0621365244733765
30.0,251.0,130.0667724609375,-0.0210229994384154,1.6115277940003625,-2.4636994765590394,-2.197314128726708,-1.135729157986956,0.8459351682963937,0.0236979502262292,2.550935983381516,0.108938641664473,1.6898821360743583
30.0,251.0,130.06910705566406,-0.0213117996944473,1.611532529519285,-2.463791151901713,-2.197820122880404,-1.1346716519594982,0.8463058061721773,0.0240051534121443,2.552954066988893,0.1131229916148561,1.6999650231385195
30.0,251.0,130.06317138671875,-0.0214908486386406,1.6119646848450615,-2.464259312106244,-2.197573074584596,-1.135017991129897,0.8452881582951637,0.0238173310964382,2.551662452147406,0.1076228111777817,1.682164242503162
30.0,251.0,130.0622100830078,-0.0212112085904558,1.611940247268468,-2.464490530464323,-2.197534450090945,-1.135232296614472,0.8444980945704282,0.0231527330762314,2.5503785109304413,0.1073296986095062,1.6817504512190222
30.0,251.0,130.07180786132812,-0.0198385588222231,1.613399746182087,-2.462447093375754,-2.1980275329727466,-1.133904304055262,0.846753119792344,0.0232432009304832,2.55281013637525,0.1129654286504708,1.6988241965863846
30.0,251.0,217.80987548828125,-0.7399219093249991,0.6265199654248446,-3.3812386568411683,-3.115740592719888,-2.4970438835882924,0.4187495791001843,-0.1164287251613381,2.541142812644273,0.2703581298861386,2.0687642066891287
30.0,251.0,201.7044219970703,-0.6552952230338768,0.789537644755984,-3.131677153117997,-2.725862189701337,-1.327890814222953,0.7257755438118074,-0.0264966475501739,2.5879562114865826,0.2411740536822892,2.06908069814025
30.0,251.0,130.0603485107422,-0.02166554888059,1.6116303742418878,-2.464433927833505,-2.1978671500740945,-1.1351945218100812,0.8445367092578658,0.0222050674800915,2.5500934509426303,0.1052217898583862,1.6741746615755806
30.0,251.0,130.0684814453125,-0.0210092410828998,1.6117904560236485,-2.462536880639236,-2.196906276081219,-1.1358953765699744,0.8444649807457459,0.0242434904857292,2.552799982203813,0.1116480754096299,1.694826688828618
30.0,251.0,130.05943298339844,-0.0219935388981424,1.611654784197548,-2.464391722081144,-2.1978621726399625,-1.135164740549237,0.8441647053313863,0.0216243961061352,2.548972819704615,0.1042794801072972,1.672657701329092
30.0,251.0,130.06382751464844,-0.0210768488679159,1.6115787991621522,-2.4645104577406944,-2.196788547789148,-1.1355815644650034,0.8447191841079633,0.0238637801295413,2.551499621966451,0.1068880356271441,1.6810068068410342
30.0,251.0,130.07928466796875,-0.0260575111717201,1.6101996732202797,-2.464525477493161,-2.1972242671767823,-1.1327676171862628,0.8495841317060162,0.0234409887596069,2.5506852741713866,0.1075453170498392,1.6798955848567605
30.0,251.0,152.1011199951172,-1.7525879190469305,1.43257535418454,-2.6066821449604305,-2.222644937100352,-1.1698659368598427,0.8632224801722848,0.0229913731884607,2.5572577755903403,0.0622184222252427,1.5339258205535231
30.0,251.0,130.06192016601562,-0.0212227208284233,1.6121891393135834,-2.4644960529301425,-2.197557934395194,-1.1352402371828656,0.8448065255323579,0.023225858376605,2.550122352548509,0.1069361541826877,1.6781502357479896
30.0,251.0,130.06271362304688,-0.0183958592623967,1.611766764918701,-2.4644528874126737,-2.1979813257422074,-1.1357714648486046,0.8444145015083476,0.0227479002968482,2.5494621792905776,0.1045810047537792,1.674042889272646
30.0,251.0,130.06248474121094,-0.0215840801523459,1.6111231942244089,-2.463653703461436,-2.197920914503467,-1.135181385498146,0.8446968855417019,0.0238848185655176,2.5489903890468475,0.1025055717952216,1.672615243644023
30.0,251.0,130.05955505371094,-0.0215033841321283,1.6119666673662705,-2.464311029776223,-2.1977472329220538,-1.1353509303223743,0.8438970307858275,0.0214797221177583,2.549183656944471,0.1040157657868962,1.669585951528077
30.0,251.0,130.0692901611328,-0.0203942656790777,1.6119663830322368,-2.4639858657702214,-2.197839879031834,-1.1339025559464286,0.846124412267191,0.0238077821854445,2.5530134643895543,0.1135540848143144,1.6996508312525616
30.0,251.0,130.06842041015625,-0.0184746814398396,1.610521443595631,-2.4643366874836934,-2.1976775291955595,-1.1359392885405049,0.8444147709807323,0.0223777978034712,2.550895961525279,0.1085503401919817,1.6844660414922872
30.0,251.0,130.06942749023438,-0.0219468168281905,1.61087327670683,-2.464344881917185,-2.1980714789687594,-1.1345717054621771,0.8458179531935374,0.0230429432536251,2.5519848361959903,0.1126151471956707,1.691251380271957
30.0,251.0,130.0598602294922,-0.0218062128625465,1.6111796110906853,-2.4640049550264607,-2.1976381732569363,-1.1372856076217954,0.8442341149920009,0.020867899707905,2.5469614515467174,0.1025044058335564,1.6671218729346948
30.0,251.0,130.06295776367188,-0.0209722800348992,1.612076634196732,-2.4644169416835093,-2.197409166080972,-1.1350960288458007,0.8450540787196443,0.0228528809136173,2.5507801907869663,0.1077065074623773,1.683861431917406
30.0,251.0,203.7299041748047,-1.4671963034076896,0.7718039591814964,-3.521820860113768,-2.7055890962796987,-1.3850800460590984,0.7492558679810841,0.0041742840984898,2.5864682179734686,0.2295821296873494,1.9406396168518183
30.0,251.0,240.0376892089844,-0.818985015422538,0.7325545795717203,-3.463958090524869,-3.1745869837099026,-1.9281247841715203,0.2058466922336207,-0.3766659363291286,2.6001316734345754,0.2265875295001577,2.1979228280822705
30.0,251.0,130.06130981445312,-0.0216142234234416,1.611941311973024,-2.464798408174317,-2.197471051246846,-1.1351544359745211,0.8443040384815177,0.0236204972586364,2.5489907340305056,0.103108024306166,1.672783223110942
30.0,251.0,130.0700225830078,-0.021554109745988,1.6120439753754856,-2.4634945447088183,-2.1977249787071043,-1.1359977360920583,0.8464675320695966,0.0248784910245729,2.5535928169217965,0.114511753033331,1.699528858876211
30.0,251.0,130.06771850585938,-0.0212937730914956,1.6122709198500875,-2.464560585489906,-2.197786618314241,-1.1359934261997726,0.8459951570172819,0.0233432106041645,2.552007270481794,0.1121948788892302,1.694829161136428
30.0,251.0,130.06578063964844,-0.0212879999388618,1.6105510053673844,-2.464488534719546,-2.197272555839896,-1.135763474717601,0.8445952402434519,0.0232643179459839,2.551649264836435,0.1104185259463369,1.6901741494212992
30.0,251.0,130.06890869140625,-0.0212881890609658,1.6125458798516892,-2.4634099963670835,-2.197925844601921,-1.1340910700361262,0.8462339293574737,0.0241778059007504,2.55280639675026,0.1133285428031655,1.6987931470447826
30.0,251.0,130.632568359375,-0.0254976801713336,1.609336645320678,-2.485328022133624,-2.1958149282285366,-1.1335707227912395,0.8427931492617684,0.0154740487207899,2.548393249559105,0.0839707424173351,1.672268605364873
30.0,251.0,130.0591278076172,-0.0216652174014381,1.6117185220728425,-2.463682103283752,-2.197851750715832,-1.1353838343319864,0.8442095501150251,0.0209804605194346,2.548019756429247,0.1036383784919287,1.6706206341096168
30.0,251.0,130.06167602539062,-0.0217380329347885,1.6114450118624264,-2.464300321345081,-2.197905771166983,-1.1352579274627983,0.844083884911307,0.0211016099923099,2.548099777961777,0.1052152194706096,1.6771928956401614
30.0,251.0,242.24465942382807,-0.6765068837044388,0.5731721926803546,-3.182363211629109,-3.115613068305457,-2.833970604240305,0.5175124438082294,-0.1119189164304249,2.549271617641784,0.2717736279602655,1.804321352114272
30.0,251.0,210.119873046875,-0.7610068930568665,0.5642124147423887,-3.726421416211226,-2.7995431788777383,-1.3708891968054873,0.679066308131347,0.0234932080174868,2.5843400721228726,0.297657964549431,2.1950618999519365
30.0,251.0,130.06036376953125,-0.0222114267946533,1.6116323288251029,-2.464402269059958,-2.197912699246993,-1.1350247526561337,0.843738197651714,0.0224388104393285,2.5490722839911584,0.1046284445153567,1.674020022052375
30.0,251.0,130.06765747070312,-0.0211165446055682,1.6116653573497872,-2.464568284631722,-2.197522486989414,-1.134876841633991,0.8434866999921165,0.0230788849499952,2.5519495709868663,0.1117949214472717,1.6922518462395622
30.0,251.0,205.575927734375,-0.8160173862793221,0.5906195673798553,-3.5501247184478806,-2.9220737949502533,-1.5276746941164658,0.7254873283981647,-0.0189028447691116,2.5943872451814447,0.2168908645567235,1.9760531472632008
30.0,251.0,130.06155395507812,-0.0215775363063054,1.611061185960011,-2.46501310085066,-2.197849701455941,-1.1349559228665942,0.8447758799481386,0.0219390213677063,2.5499945537550204,0.1062423555714915,1.677097478901885
30.0,251.0,130.0637969970703,-0.0208902406005644,1.6119734742103369,-2.464446091986895,-2.19710559809524,-1.1354421638064411,0.8450584025667578,0.0238041773645564,2.5516346855106327,0.107609505980238,1.6832541798756713
30.0,251.0,130.0644989013672,-0.0214179248292399,1.6128069766293551,-2.4646694673254155,-2.1997187233409914,-1.1352310118191995,0.8457633145446949,0.0229521221883603,2.5498708094247298,0.1066708785567443,1.680784104787331
30.0,251.0,130.06141662597656,-0.0212433152418556,1.6119415578478986,-2.464503045687366,-2.197957957645193,-1.135253556499711,0.8444462002684524,0.0231694186623434,2.55006490607497,0.106328143250225,1.676183812147586
30.0,251.0,130.0596923828125,-0.0216148007700014,1.610948044221752,-2.4645422094710323,-2.1976642164101383,-1.1352048186484744,0.8444218367418,0.0227316829238271,2.549324545403307,0.1044551057839413,1.6714983973159967
30.0,251.0,130.06988525390625,-0.0239186560541447,1.6112328387700028,-2.464607752057477,-2.1983760548270537,-1.135946660804071,0.8455786425558565,0.024944817960014,2.5519653703984586,0.1121193428936892,1.6940196991939904
30.0,251.0,130.06845092773438,-0.0217123355521164,1.616650986949903,-2.463219716589859,-2.1974662632406923,-1.13492142886485,0.8458576647278578,0.0237615914600734,2.5459765712543536,0.0974100368037032,1.6526845186665378
30.0,251.0,130.06600952148438,-0.0211178222070299,1.6103847759290266,-2.4644209921066222,-2.197451737189725,-1.1360195367760717,0.84494901713653,0.0235738133036352,2.551092969434705,0.1096924112457049,1.689501870068402
30.0,251.0,130.07882690429688,-0.0210295997625546,1.6098351820411454,-2.462287824089935,-2.192822881920709,-1.1348435481845032,0.8446169466643787,0.0196325411784367,2.54970213068588,0.1055475050600272,1.6773669924164143
30.0,252.0,130.05825805664062,-0.0217202972559392,1.6117173297878078,-2.4642168081770874,-2.19744917026364,-1.135342214416958,0.8442943930644615,0.0214855144662067,2.5474916743788345,0.1028813051085165,1.6683754637102135
30.0,252.0,130.0595245361328,-0.0202942424822036,1.611940737873243,-2.463907199729624,-2.19787962481496,-1.1353902514537046,0.8447651609114311,0.0232300344475386,2.5487086809560138,0.1037137018921324,1.671825928132855
30.0,252.0,130.06622314453125,-0.0215047765635967,1.6103141379470471,-2.4644563913230293,-2.1975268082120163,-1.1351979501028242,0.8441357910788309,0.0234713560858831,2.552014667362936,0.1104533418979117,1.6899374807038992
30.0,252.0,205.40724182128903,-1.2471719392371754,0.7338063691250966,-3.6956164114227614,-2.6893020048638974,-1.4361633841990469,0.7509499775402746,-0.0265320376388999,2.5844589496606782,0.2214973721181175,2.0621365244733765
30.0,252.0,130.0667724609375,-0.0210229994384154,1.6115277940003625,-2.4636994765590394,-2.197314128726708,-1.135729157986956,0.8459351682963937,0.0236979502262292,2.550935983381516,0.108938641664473,1.6898821360743583
30.0,252.0,130.06910705566406,-0.0213117996944473,1.611532529519285,-2.463791151901713,-2.197820122880404,-1.1346716519594982,0.8463058061721773,0.0240051534121443,2.552954066988893,0.1131229916148561,1.6999650231385195
30.0,252.0,130.06317138671875,-0.0214908486386406,1.6119646848450615,-2.464259312106244,-2.197573074584596,-1.135017991129897,0.8452881582951637,0.0238173310964382,2.551662452147406,0.1076228111777817,1.682164242503162
30.0,252.0,130.0622100830078,-0.0212112085904558,1.611940247268468,-2.464490530464323,-2.197534450090945,-1.135232296614472,0.8444980945704282,0.0231527330762314,2.5503785109304413,0.1073296986095062,1.6817504512190222
30.0,252.0,130.07180786132812,-0.0198385588222231,1.613399746182087,-2.462447093375754,-2.1980275329727466,-1.133904304055262,0.846753119792344,0.0232432009304832,2.55281013637525,0.1129654286504708,1.6988241965863846
30.0,252.0,217.80987548828125,-0.7399219093249991,0.6265199654248446,-3.3812386568411683,-3.115740592719888,-2.4970438835882924,0.4187495791001843,-0.1164287251613381,2.541142812644273,0.2703581298861386,2.0687642066891287
30.0,252.0,201.7044219970703,-0.6552952230338768,0.789537644755984,-3.131677153117997,-2.725862189701337,-1.327890814222953,0.7257755438118074,-0.0264966475501739,2.5879562114865826,0.2411740536822892,2.06908069814025
30.0,252.0,130.0603485107422,-0.02166554888059,1.6116303742418878,-2.464433927833505,-2.1978671500740945,-1.1351945218100812,0.8445367092578658,0.0222050674800915,2.5500934509426303,0.1052217898583862,1.6741746615755806
30.0,252.0,130.0684814453125,-0.0210092410828998,1.6117904560236485,-2.462536880639236,-2.196906276081219,-1.1358953765699744,0.8444649807457459,0.0242434904857292,2.552799982203813,0.1116480754096299,1.694826688828618
30.0,252.0,130.05943298339844,-0.0219935388981424,1.611654784197548,-2.464391722081144,-2.1978621726399625,-1.135164740549237,0.8441647053313863,0.0216243961061352,2.548972819704615,0.1042794801072972,1.672657701329092
30.0,252.0,130.06382751464844,-0.0210768488679159,1.6115787991621522,-2.4645104577406944,-2.196788547789148,-1.1355815644650034,0.8447191841079633,0.0238637801295413,2.551499621966451,0.1068880356271441,1.6810068068410342
30.0,252.0,130.07928466796875,-0.0260575111717201,1.6101996732202797,-2.464525477493161,-2.1972242671767823,-1.1327676171862628,0.8495841317060162,0.0234409887596069,2.5506852741713866,0.1075453170498392,1.6798955848567605
30.0,252.0,152.1011199951172,-1.7525879190469305,1.43257535418454,-2.6066821449604305,-2.222644937100352,-1.1698659368598427,0.8632224801722848,0.0229913731884607,2.5572577755903403,0.0622184222252427,1.5339258205535231
30.0,252.0,130.06192016601562,-0.0212227208284233,1.6121891393135834,-2.4644960529301425,-2.197557934395194,-1.1352402371828656,0.8448065255323579,0.023225858376605,2.550122352548509,0.1069361541826877,1.6781502357479896
30.0,252.0,130.06271362304688,-0.0183958592623967,1.611766764918701,-2.4644528874126737,-2.1979813257422074,-1.1357714648486046,0.8444145015083476,0.0227479002968482,2.5494621792905776,0.1045810047537792,1.674042889272646
30.0,252.0,130.06248474121094,-0.0215840801523459,1.6111231942244089,-2.463653703461436,-2.197920914503467,-1.135181385498146,0.8446968855417019,0.0238848185655176,2.5489903890468475,0.1025055717952216,1.672615243644023
30.0,252.0,130.05950927734375,-0.0218979921290272,1.611875704381647,-2.464200805901742,-2.197151185039494,-1.1353530636029874,0.8452132189633831,0.0213885288665023,2.547825160699239,0.1033469720732488,1.668643431545332
30.0,252.0,130.0692901611328,-0.0203942656790777,1.6119663830322368,-2.4639858657702214,-2.197839879031834,-1.1339025559464286,0.846124412267191,0.0238077821854445,2.5530134643895543,0.1135540848143144,1.6996508312525616
30.0,252.0,130.06842041015625,-0.0184746814398396,1.610521443595631,-2.4643366874836934,-2.1976775291955595,-1.1359392885405049,0.8444147709807323,0.0223777978034712,2.550895961525279,0.1085503401919817,1.6844660414922872
30.0,252.0,130.06942749023438,-0.0219468168281905,1.61087327670683,-2.464344881917185,-2.1980714789687594,-1.1345717054621771,0.8458179531935374,0.0230429432536251,2.5519848361959903,0.1126151471956707,1.691251380271957
30.0,252.0,130.05908203125,-0.0217325160536273,1.610979803924681,-2.464340654226028,-2.1973570218158502,-1.1352719340292314,0.8444328524775914,0.0220623833272497,2.546732710009686,0.1020564955997658,1.6682757859043411
30.0,252.0,130.06295776367188,-0.0209722800348992,1.612076634196732,-2.4644169416835093,-2.197409166080972,-1.1350960288458007,0.8450540787196443,0.0228528809136173,2.5507801907869663,0.1077065074623773,1.683861431917406
30.0,252.0,203.7299041748047,-1.4671963034076896,0.7718039591814964,-3.521820860113768,-2.7055890962796987,-1.3850800460590984,0.7492558679810841,0.0041742840984898,2.5864682179734686,0.2295821296873494,1.9406396168518183
30.0,252.0,240.0376892089844,-0.818985015422538,0.7325545795717203,-3.463958090524869,-3.1745869837099026,-1.9281247841715203,0.2058466922336207,-0.3766659363291286,2.6001316734345754,0.2265875295001577,2.1979228280822705
30.0,252.0,130.06130981445312,-0.0216142234234416,1.611941311973024,-2.464798408174317,-2.197471051246846,-1.1351544359745211,0.8443040384815177,0.0236204972586364,2.5489907340305056,0.103108024306166,1.672783223110942
30.0,252.0,130.0700225830078,-0.021554109745988,1.6120439753754856,-2.4634945447088183,-2.1977249787071043,-1.1359977360920583,0.8464675320695966,0.0248784910245729,2.5535928169217965,0.114511753033331,1.699528858876211
30.0,252.0,130.06771850585938,-0.0212937730914956,1.6122709198500875,-2.464560585489906,-2.197786618314241,-1.1359934261997726,0.8459951570172819,0.0233432106041645,2.552007270481794,0.1121948788892302,1.694829161136428
30.0,252.0,130.06578063964844,-0.0212879999388618,1.6105510053673844,-2.464488534719546,-2.197272555839896,-1.135763474717601,0.8445952402434519,0.0232643179459839,2.551649264836435,0.1104185259463369,1.6901741494212992
30.0,252.0,130.06890869140625,-0.0212881890609658,1.6125458798516892,-2.4634099963670835,-2.197925844601921,-1.1340910700361262,0.8462339293574737,0.0241778059007504,2.55280639675026,0.1133285428031655,1.6987931470447826
30.0,252.0,130.632568359375,-0.0254976801713336,1.609336645320678,-2.485328022133624,-2.1958149282285366,-1.1335707227912395,0.8427931492617684,0.0154740487207899,2.548393249559105,0.0839707424173351,1.672268605364873
30.0,252.0,130.0591278076172,-0.0216652174014381,1.6117185220728425,-2.463682103283752,-2.197851750715832,-1.1353838343319864,0.8442095501150251,0.0209804605194346,2.548019756429247,0.1036383784919287,1.6706206341096168
30.0,252.0,130.0603485107422,-0.0217054623667208,1.6111040809090285,-2.464573687057775,-2.197704570959931,-1.1360978629131009,0.8441678797181298,0.0215739631056324,2.548260114402932,0.104210677806379,1.668854228624659
30.0,252.0,242.24465942382807,-0.6765068837044388,0.5731721926803546,-3.182363211629109,-3.115613068305457,-2.833970604240305,0.5175124438082294,-0.1119189164304249,2.549271617641784,0.2717736279602655,1.804321352114272
30.0,252.0,210.119873046875,-0.7610068930568665,0.5642124147423887,-3.726421416211226,-2.7995431788777383,-1.3708891968054873,0.679066308131347,0.0234932080174868,2.5843400721228726,0.297657964549431,2.1950618999519365
30.0,252.0,130.06036376953125,-0.0222114267946533,1.6116323288251029,-2.464402269059958,-2.197912699246993,-1.1350247526561337,0.843738197651714,0.0224388104393285,2.5490722839911584,0.1046284445153567,1.674020022052375
30.0,252.0,130.06765747070312,-0.0211165446055682,1.6116653573497872,-2.464568284631722,-2.197522486989414,-1.134876841633991,0.8434866999921165,0.0230788849499952,2.5519495709868663,0.1117949214472717,1.6922518462395622
30.0,252.0,205.575927734375,-0.8160173862793221,0.5906195673798553,-3.5501247184478806,-2.9220737949502533,-1.5276746941164658,0.7254873283981647,-0.0189028447691116,2.5943872451814447,0.2168908645567235,1.9760531472632008
30.0,252.0,130.06155395507812,-0.0215775363063054,1.611061185960011,-2.46501310085066,-2.197849701455941,-1.1349559228665942,0.8447758799481386,0.0219390213677063,2.5499945537550204,0.1062423555714915,1.677097478901885
30.0,252.0,130.0637969970703,-0.0208902406005644,1.6119734742103369,-2.464446091986895,-2.19710559809524,-1.1354421638064411,0.8450584025667578,0.0238041773645564,2.5516346855106327,0.107609505980238,1.6832541798756713
30.0,252.0,130.0644989013672,-0.0214179248292399,1.6128069766293551,-2.4646694673254155,-2.1997187233409914,-1.1352310118191995,0.8457633145446949,0.0229521221883603,2.5498708094247298,0.1066708785567443,1.680784104787331
30.0,252.0,130.06141662597656,-0.0212433152418556,1.6119415578478986,-2.464503045687366,-2.197957957645193,-1.135253556499711,0.8444462002684524,0.0231694186623434,2.55006490607497,0.106328143250225,1.676183812147586
30.0,252.0,130.0596923828125,-0.0216148007700014,1.610948044221752,-2.4645422094710323,-2.1976642164101383,-1.1352048186484744,0.8444218367418,0.0227316829238271,2.549324545403307,0.1044551057839413,1.6714983973159967
30.0,252.0,130.06988525390625,-0.0239186560541447,1.6112328387700028,-2.464607752057477,-2.1983760548270537,-1.135946660804071,0.8455786425558565,0.024944817960014,2.5519653703984586,0.1121193428936892,1.6940196991939904
30.0,252.0,130.06845092773438,-0.0217123355521164,1.616650986949903,-2.463219716589859,-2.1974662632406923,-1.13492142886485,0.8458576647278578,0.0237615914600734,2.5459765712543536,0.0974100368037032,1.6526845186665378
30.0,252.0,130.06600952148438,-0.0211178222070299,1.6103847759290266,-2.4644209921066222,-2.197451737189725,-1.1360195367760717,0.84494901713653,0.0235738133036352,2.551092969434705,0.1096924112457049,1.689501870068402
30.0,252.0,130.07154846191406,-0.0215489903017961,1.6133270972345348,-2.46596765594054,-2.195354846831671,-1.1351103751918137,0.8444572930439949,0.0212479644331326,2.55021328800708,0.1054376773685767,1.6787436681790764
30.0,253.0,130.05825805664062,-0.0217202972559392,1.6117173297878078,-2.4642168081770874,-2.19744917026364,-1.135342214416958,0.8442943930644615,0.0214855144662067,2.5474916743788345,0.1028813051085165,1.6683754637102135
30.0,253.0,130.05947875976562,-0.02167428739623,1.6117213196275606,-2.464282682968654,-2.1971982825420096,-1.1352582837704497,0.8442149076136615,0.0208539067017701,2.546933555564799,0.1029759112906803,1.6693901871485977
30.0,253.0,130.06622314453125,-0.0215047765635967,1.6103141379470471,-2.4644563913230293,-2.1975268082120163,-1.1351979501028242,0.8441357910788309,0.0234713560858831,2.552014667362936,0.1104533418979117,1.6899374807038992
30.0,253.0,205.40724182128903,-1.2471719392371754,0.7338063691250966,-3.6956164114227614,-2.6893020048638974,-1.4361633841990469,0.7509499775402746,-0.0265320376388999,2.5844589496606782,0.2214973721181175,2.0621365244733765
30.0,253.0,130.0667724609375,-0.0210229994384154,1.6115277940003625,-2.4636994765590394,-2.197314128726708,-1.135729157986956,0.8459351682963937,0.0236979502262292,2.550935983381516,0.108938641664473,1.6898821360743583
30.0,253.0,130.06512451171875,-0.0212360322011085,1.6115311387598577,-2.4639116882275576,-2.198495027037356,-1.134338613385777,0.8464984042357094,0.0222982934159332,2.5496891340115524,0.1010567657869313,1.6697239625343503
30.0,253.0,130.06317138671875,-0.0214908486386406,1.6119646848450615,-2.464259312106244,-2.197573074584596,-1.135017991129897,0.8452881582951637,0.0238173310964382,2.551662452147406,0.1076228111777817,1.682164242503162
30.0,253.0,130.0622100830078,-0.0212112085904558,1.611940247268468,-2.464490530464323,-2.197534450090945,-1.135232296614472,0.8444980945704282,0.0231527330762314,2.5503785109304413,0.1073296986095062,1.6817504512190222
30.0,253.0,130.07180786132812,-0.0198385588222231,1.613399746182087,-2.462447093375754,-2.1980275329727466,-1.133904304055262,0.846753119792344,0.0232432009304832,2.55281013637525,0.1129654286504708,1.6988241965863846
30.0,253.0,217.80987548828125,-0.7399219093249991,0.6265199654248446,-3.3812386568411683,-3.115740592719888,-2.4970438835882924,0.4187495791001843,-0.1164287251613381,2.541142812644273,0.2703581298861386,2.0687642066891287
30.0,253.0,201.7044219970703,-0.6552952230338768,0.789537644755984,-3.131677153117997,-2.725862189701337,-1.327890814222953,0.7257755438118074,-0.0264966475501739,2.5879562114865826,0.2411740536822892,2.06908069814025
30.0,253.0,130.0603485107422,-0.02166554888059,1.6116303742418878,-2.464433927833505,-2.1978671500740945,-1.1351945218100812,0.8445367092578658,0.0222050674800915,2.5500934509426303,0.1052217898583862,1.6741746615755806
30.0,253.0,130.0684814453125,-0.0210092410828998,1.6117904560236485,-2.462536880639236,-2.196906276081219,-1.1358953765699744,0.8444649807457459,0.0242434904857292,2.552799982203813,0.1116480754096299,1.694826688828618
30.0,253.0,130.05943298339844,-0.0219935388981424,1.611654784197548,-2.464391722081144,-2.1978621726399625,-1.135164740549237,0.8441647053313863,0.0216243961061352,2.548972819704615,0.1042794801072972,1.672657701329092
30.0,253.0,130.06382751464844,-0.0210768488679159,1.6115787991621522,-2.4645104577406944,-2.196788547789148,-1.1355815644650034,0.8447191841079633,0.0238637801295413,2.551499621966451,0.1068880356271441,1.6810068068410342
30.0,253.0,130.07928466796875,-0.0260575111717201,1.6101996732202797,-2.464525477493161,-2.1972242671767823,-1.1327676171862628,0.8495841317060162,0.0234409887596069,2.5506852741713866,0.1075453170498392,1.6798955848567605
30.0,253.0,152.1011199951172,-1.7525879190469305,1.43257535418454,-2.6066821449604305,-2.222644937100352,-1.1698659368598427,0.8632224801722848,0.0229913731884607,2.5572577755903403,0.0622184222252427,1.5339258205535231
30.0,253.0,130.06192016601562,-0.0212227208284233,1.6121891393135834,-2.4644960529301425,-2.197557934395194,-1.1352402371828656,0.8448065255323579,0.023225858376605,2.550122352548509,0.1069361541826877,1.6781502357479896
30.0,253.0,130.06271362304688,-0.0183958592623967,1.611766764918701,-2.4644528874126737,-2.1979813257422074,-1.1357714648486046,0.8444145015083476,0.0227479002968482,2.5494621792905776,0.1045810047537792,1.674042889272646
30.0,253.0,130.06248474121094,-0.0215840801523459,1.6111231942244089,-2.463653703461436,-2.197920914503467,-1.135181385498146,0.8446968855417019,0.0238848185655176,2.5489903890468475,0.1025055717952216,1.672615243644023
30.0,253.0,130.0585174560547,-0.0219409544353311,1.611834277198504,-2.46424097363517,-2.197051484834516,-1.135320887601677,0.8445443373397609,0.0214701778620897,2.547689949048708,0.1028781538405149,1.668367951238049
30.0,253.0,130.0692901611328,-0.0203942656790777,1.6119663830322368,-2.4639858657702214,-2.197839879031834,-1.1339025559464286,0.846124412267191,0.0238077821854445,2.5530134643895543,0.1135540848143144,1.6996508312525616
30.0,253.0,130.06842041015625,-0.0184746814398396,1.610521443595631,-2.4643366874836934,-2.1976775291955595,-1.1359392885405049,0.8444147709807323,0.0223777978034712,2.550895961525279,0.1085503401919817,1.6844660414922872
30.0,253.0,130.06942749023438,-0.0219468168281905,1.61087327670683,-2.464344881917185,-2.1980714789687594,-1.1345717054621771,0.8458179531935374,0.0230429432536251,2.5519848361959903,0.1126151471956707,1.691251380271957
30.0,253.0,130.05908203125,-0.0217325160536273,1.610979803924681,-2.464340654226028,-2.1973570218158502,-1.1352719340292314,0.8444328524775914,0.0220623833272497,2.546732710009686,0.1020564955997658,1.6682757859043411
30.0,253.0,130.06295776367188,-0.0209722800348992,1.612076634196732,-2.4644169416835093,-2.197409166080972,-1.1350960288458007,0.8450540787196443,0.0228528809136173,2.5507801907869663,0.1077065074623773,1.683861431917406
30.0,253.0,203.7299041748047,-1.4671963034076896,0.7718039591814964,-3.521820860113768,-2.7055890962796987,-1.3850800460590984,0.7492558679810841,0.0041742840984898,2.5864682179734686,0.2295821296873494,1.9406396168518183
30.0,253.0,240.0376892089844,-0.818985015422538,0.7325545795717203,-3.463958090524869,-3.1745869837099026,-1.9281247841715203,0.2058466922336207,-0.3766659363291286,2.6001316734345754,0.2265875295001577,2.1979228280822705
30.0,253.0,130.06130981445312,-0.0216142234234416,1.611941311973024,-2.464798408174317,-2.197471051246846,-1.1351544359745211,0.8443040384815177,0.0236204972586364,2.5489907340305056,0.103108024306166,1.672783223110942
30.0,253.0,130.0700225830078,-0.021554109745988,1.6120439753754856,-2.4634945447088183,-2.1977249787071043,-1.1359977360920583,0.8464675320695966,0.0248784910245729,2.5535928169217965,0.114511753033331,1.699528858876211
30.0,253.0,130.06771850585938,-0.0212937730914956,1.6122709198500875,-2.464560585489906,-2.197786618314241,-1.1359934261997726,0.8459951570172819,0.0233432106041645,2.552007270481794,0.1121948788892302,1.694829161136428
30.0,253.0,130.06578063964844,-0.0212879999388618,1.6105510053673844,-2.464488534719546,-2.197272555839896,-1.135763474717601,0.8445952402434519,0.0232643179459839,2.551649264836435,0.1104185259463369,1.6901741494212992
30.0,253.0,130.06890869140625,-0.0212881890609658,1.6125458798516892,-2.4634099963670835,-2.197925844601921,-1.1340910700361262,0.8462339293574737,0.0241778059007504,2.55280639675026,0.1133285428031655,1.6987931470447826
30.0,253.0,130.632568359375,-0.0254976801713336,1.609336645320678,-2.485328022133624,-2.1958149282285366,-1.1335707227912395,0.8427931492617684,0.0154740487207899,2.548393249559105,0.0839707424173351,1.672268605364873
30.0,253.0,130.0591278076172,-0.0216652174014381,1.6117185220728425,-2.463682103283752,-2.197851750715832,-1.1353838343319864,0.8442095501150251,0.0209804605194346,2.548019756429247,0.1036383784919287,1.6706206341096168
30.0,253.0,130.05926513671875,-0.0217668225651982,1.6116445741699523,-2.4641149345081166,-2.197471322140728,-1.1357793034588373,0.8442625560147173,0.0217616470053443,2.547888734983636,0.1030614468298944,1.6654483807403293
30.0,253.0,242.24465942382807,-0.6765068837044388,0.5731721926803546,-3.182363211629109,-3.115613068305457,-2.833970604240305,0.5175124438082294,-0.1119189164304249,2.549271617641784,0.2717736279602655,1.804321352114272
30.0,253.0,210.119873046875,-0.7610068930568665,0.5642124147423887,-3.726421416211226,-2.7995431788777383,-1.3708891968054873,0.679066308131347,0.0234932080174868,2.5843400721228726,0.297657964549431,2.1950618999519365
30.0,253.0,130.06036376953125,-0.0222114267946533,1.6116323288251029,-2.464402269059958,-2.197912699246993,-1.1350247526561337,0.843738197651714,0.0224388104393285,2.5490722839911584,0.1046284445153567,1.674020022052375
30.0,253.0,130.06765747070312,-0.0211165446055682,1.6116653573497872,-2.464568284631722,-2.197522486989414,-1.134876841633991,0.8434866999921165,0.0230788849499952,2.5519495709868663,0.1117949214472717,1.6922518462395622
30.0,253.0,205.575927734375,-0.8160173862793221,0.5906195673798553,-3.5501247184478806,-2.9220737949502533,-1.5276746941164658,0.7254873283981647,-0.0189028447691116,2.5943872451814447,0.2168908645567235,1.9760531472632008
30.0,253.0,130.06155395507812,-0.0215775363063054,1.611061185960011,-2.46501310085066,-2.197849701455941,-1.1349559228665942,0.8447758799481386,0.0219390213677063,2.5499945537550204,0.1062423555714915,1.677097478901885
30.0,253.0,130.0637969970703,-0.0208902406005644,1.6119734742103369,-2.464446091986895,-2.19710559809524,-1.1354421638064411,0.8450584025667578,0.0238041773645564,2.5516346855106327,0.107609505980238,1.6832541798756713
30.0,253.0,130.0644989013672,-0.0214179248292399,1.6128069766293551,-2.4646694673254155,-2.1997187233409914,-1.1352310118191995,0.8457633145446949,0.0229521221883603,2.5498708094247298,0.1066708785567443,1.680784104787331
30.0,253.0,130.06141662597656,-0.0212433152418556,1.6119415578478986,-2.464503045687366,-2.197957957645193,-1.135253556499711,0.8444462002684524,0.0231694186623434,2.55006490607497,0.106328143250225,1.676183812147586
30.0,253.0,130.0596923828125,-0.0216148007700014,1.610948044221752,-2.4645422094710323,-2.1976642164101383,-1.1352048186484744,0.8444218367418,0.0227316829238271,2.549324545403307,0.1044551057839413,1.6714983973159967
30.0,253.0,130.06988525390625,-0.0239186560541447,1.6112328387700028,-2.464607752057477,-2.1983760548270537,-1.135946660804071,0.8455786425558565,0.024944817960014,2.5519653703984586,0.1121193428936892,1.6940196991939904
30.0,253.0,130.06393432617188,-0.0214064070949329,1.6106285645644454,-2.464189419002003,-2.197557878009013,-1.1354880921220074,0.8468227362544697,0.0244955889442127,2.5471494932697687,0.1020325147209142,1.66475445129719
30.0,253.0,130.06600952148438,-0.0211178222070299,1.6103847759290266,-2.4644209921066222,-2.197451737189725,-1.1360195367760717,0.84494901713653,0.0235738133036352,2.551092969434705,0.1096924112457049,1.689501870068402
30.0,253.0,130.06686401367188,-0.0217048363435309,1.6137899705905558,-2.4670330243141665,-2.198244687444434,-1.1353535991769002,0.8441088437422495,0.0221119747328026,2.547673517813988,0.1021475513124771,1.6696670228278558
30.0,254.0,130.05825805664062,-0.0217202972559392,1.6117173297878078,-2.4642168081770874,-2.19744917026364,-1.135342214416958,0.8442943930644615,0.0214855144662067,2.5474916743788345,0.1028813051085165,1.6683754637102135
30.0,254.0,130.05810546875,-0.0212052409707965,1.6115107840701848,-2.4643205608652976,-2.197042728621707,-1.1354278635323327,0.8442907538360516,0.0216269245601863,2.547839762511744,0.1027835361224079,1.6678280954993383
30.0,254.0,130.06622314453125,-0.0215047765635967,1.6103141379470471,-2.4644563913230293,-2.1975268082120163,-1.1351979501028242,0.8441357910788309,0.0234713560858831,2.552014667362936,0.1104533418979117,1.6899374807038992
30.0,254.0,205.40724182128903,-1.2471719392371754,0.7338063691250966,-3.6956164114227614,-2.6893020048638974,-1.4361633841990469,0.7509499775402746,-0.0265320376388999,2.5844589496606782,0.2214973721181175,2.0621365244733765
30.0,254.0,130.0667724609375,-0.0210229994384154,1.6115277940003625,-2.4636994765590394,-2.197314128726708,-1.135729157986956,0.8459351682963937,0.0236979502262292,2.550935983381516,0.108938641664473,1.6898821360743583
30.0,254.0,130.06134033203125,-0.0217426900596219,1.6118223088223105,-2.463940701186305,-2.196991607236123,-1.1348769768788811,0.842674954741028,0.0213361192769355,2.5487751733509683,0.0978317624061373,1.6593442195965586
30.0,254.0,130.06317138671875,-0.0214908486386406,1.6119646848450615,-2.464259312106244,-2.197573074584596,-1.135017991129897,0.8452881582951637,0.0238173310964382,2.551662452147406,0.1076228111777817,1.682164242503162
30.0,254.0,130.0622100830078,-0.0212112085904558,1.611940247268468,-2.464490530464323,-2.197534450090945,-1.135232296614472,0.8444980945704282,0.0231527330762314,2.5503785109304413,0.1073296986095062,1.6817504512190222
30.0,254.0,130.07180786132812,-0.0198385588222231,1.613399746182087,-2.462447093375754,-2.1980275329727466,-1.133904304055262,0.846753119792344,0.0232432009304832,2.55281013637525,0.1129654286504708,1.6988241965863846
30.0,254.0,217.80987548828125,-0.7399219093249991,0.6265199654248446,-3.3812386568411683,-3.115740592719888,-2.4970438835882924,0.4187495791001843,-0.1164287251613381,2.541142812644273,0.2703581298861386,2.0687642066891287
30.0,254.0,201.7044219970703,-0.6552952230338768,0.789537644755984,-3.131677153117997,-2.725862189701337,-1.327890814222953,0.7257755438118074,-0.0264966475501739,2.5879562114865826,0.2411740536822892,2.06908069814025
30.0,254.0,130.0603485107422,-0.02166554888059,1.6116303742418878,-2.464433927833505,-2.1978671500740945,-1.1351945218100812,0.8445367092578658,0.0222050674800915,2.5500934509426303,0.1052217898583862,1.6741746615755806
30.0,254.0,130.0684814453125,-0.0210092410828998,1.6117904560236485,-2.462536880639236,-2.196906276081219,-1.1358953765699744,0.8444649807457459,0.0242434904857292,2.552799982203813,0.1116480754096299,1.694826688828618
30.0,254.0,130.05943298339844,-0.0219935388981424,1.611654784197548,-2.464391722081144,-2.1978621726399625,-1.135164740549237,0.8441647053313863,0.0216243961061352,2.548972819704615,0.1042794801072972,1.672657701329092
30.0,254.0,130.06382751464844,-0.0210768488679159,1.6115787991621522,-2.4645104577406944,-2.196788547789148,-1.1355815644650034,0.8447191841079633,0.0238637801295413,2.551499621966451,0.1068880356271441,1.6810068068410342
30.0,254.0,130.07928466796875,-0.0260575111717201,1.6101996732202797,-2.464525477493161,-2.1972242671767823,-1.1327676171862628,0.8495841317060162,0.0234409887596069,2.5506852741713866,0.1075453170498392,1.6798955848567605
30.0,254.0,135.01324462890625,-0.0050443463727662,1.665848002649067,-2.50845556794768,-2.214594157061241,-1.1534503278929902,0.8356871739330024,0.0232232993445655,2.5443195258813547,0.1053891805088048,1.8106631535972704
30.0,254.0,130.06192016601562,-0.0212227208284233,1.6121891393135834,-2.4644960529301425,-2.197557934395194,-1.1352402371828656,0.8448065255323579,0.023225858376605,2.550122352548509,0.1069361541826877,1.6781502357479896
30.0,254.0,130.06271362304688,-0.0183958592623967,1.611766764918701,-2.4644528874126737,-2.1979813257422074,-1.1357714648486046,0.8444145015083476,0.0227479002968482,2.5494621792905776,0.1045810047537792,1.674042889272646
30.0,254.0,130.06248474121094,-0.0215840801523459,1.6111231942244089,-2.463653703461436,-2.197920914503467,-1.135181385498146,0.8446968855417019,0.0238848185655176,2.5489903890468475,0.1025055717952216,1.672615243644023
30.0,254.0,130.0580291748047,-0.021595002938372,1.6116293328980702,-2.464198223768201,-2.1975970109566503,-1.135356147264136,0.84426383817679,0.0215333453562825,2.547397072091292,0.1026941824531063,1.668276172343983
30.0,254.0,130.0692901611328,-0.0203942656790777,1.6119663830322368,-2.4639858657702214,-2.197839879031834,-1.1339025559464286,0.846124412267191,0.0238077821854445,2.5530134643895543,0.1135540848143144,1.6996508312525616
30.0,254.0,130.06842041015625,-0.0184746814398396,1.610521443595631,-2.4643366874836934,-2.1976775291955595,-1.1359392885405049,0.8444147709807323,0.0223777978034712,2.550895961525279,0.1085503401919817,1.6844660414922872
30.0,254.0,130.06942749023438,-0.0219468168281905,1.61087327670683,-2.464344881917185,-2.1980714789687594,-1.1345717054621771,0.8458179531935374,0.0230429432536251,2.5519848361959903,0.1126151471956707,1.691251380271957
30.0,254.0,130.0586395263672,-0.0217418357840681,1.611452375898185,-2.4640968960966307,-2.197389319129628,-1.1352637017997145,0.844317274962345,0.0216220776569375,2.547783440527824,0.1030668439026452,1.6706999551182595
30.0,254.0,130.06295776367188,-0.0209722800348992,1.612076634196732,-2.4644169416835093,-2.197409166080972,-1.1350960288458007,0.8450540787196443,0.0228528809136173,2.5507801907869663,0.1077065074623773,1.683861431917406
30.0,254.0,203.7299041748047,-1.4671963034076896,0.7718039591814964,-3.521820860113768,-2.7055890962796987,-1.3850800460590984,0.7492558679810841,0.0041742840984898,2.5864682179734686,0.2295821296873494,1.9406396168518183
30.0,254.0,240.0376892089844,-0.818985015422538,0.7325545795717203,-3.463958090524869,-3.1745869837099026,-1.9281247841715203,0.2058466922336207,-0.3766659363291286,2.6001316734345754,0.2265875295001577,2.1979228280822705
30.0,254.0,130.06130981445312,-0.0216142234234416,1.611941311973024,-2.464798408174317,-2.197471051246846,-1.1351544359745211,0.8443040384815177,0.0236204972586364,2.5489907340305056,0.103108024306166,1.672783223110942
30.0,254.0,130.0700225830078,-0.021554109745988,1.6120439753754856,-2.4634945447088183,-2.1977249787071043,-1.1359977360920583,0.8464675320695966,0.0248784910245729,2.5535928169217965,0.114511753033331,1.699528858876211
30.0,254.0,130.06771850585938,-0.0212937730914956,1.6122709198500875,-2.464560585489906,-2.197786618314241,-1.1359934261997726,0.8459951570172819,0.0233432106041645,2.552007270481794,0.1121948788892302,1.694829161136428
30.0,254.0,130.06578063964844,-0.0212879999388618,1.6105510053673844,-2.464488534719546,-2.197272555839896,-1.135763474717601,0.8445952402434519,0.0232643179459839,2.551649264836435,0.1104185259463369,1.6901741494212992
30.0,254.0,130.06890869140625,-0.0212881890609658,1.6125458798516892,-2.4634099963670835,-2.197925844601921,-1.1340910700361262,0.8462339293574737,0.0241778059007504,2.55280639675026,0.1133285428031655,1.6987931470447826
30.0,254.0,130.2202606201172,-0.0206527655619411,1.6125300361038788,-2.4787113935677865,-2.198667431388118,-1.1336763006985249,0.8440561073901706,0.0185712894471796,2.550092875024041,0.0970630886875384,1.672699520217138
30.0,254.0,130.0591278076172,-0.0216652174014381,1.6117185220728425,-2.463682103283752,-2.197851750715832,-1.1353838343319864,0.8442095501150251,0.0209804605194346,2.548019756429247,0.1036383784919287,1.6706206341096168
30.0,254.0,130.05828857421875,-0.0217656356223627,1.6120370755417772,-2.4640241256899267,-2.197333490380854,-1.1353219704945774,0.8443210469422435,0.0211801013454021,2.5470914225345207,0.1023773158388865,1.66802181274672
30.0,254.0,242.24465942382807,-0.6765068837044388,0.5731721926803546,-3.182363211629109,-3.115613068305457,-2.833970604240305,0.5175124438082294,-0.1119189164304249,2.549271617641784,0.2717736279602655,1.804321352114272
30.0,254.0,210.119873046875,-0.7610068930568665,0.5642124147423887,-3.726421416211226,-2.7995431788777383,-1.3708891968054873,0.679066308131347,0.0234932080174868,2.5843400721228726,0.297657964549431,2.1950618999519365
30.0,254.0,130.06036376953125,-0.0222114267946533,1.6116323288251029,-2.464402269059958,-2.197912699246993,-1.1350247526561337,0.843738197651714,0.0224388104393285,2.5490722839911584,0.1046284445153567,1.674020022052375
30.0,254.0,130.06765747070312,-0.0211165446055682,1.6116653573497872,-2.464568284631722,-2.197522486989414,-1.134876841633991,0.8434866999921165,0.0230788849499952,2.5519495709868663,0.1117949214472717,1.6922518462395622
30.0,254.0,205.575927734375,-0.8160173862793221,0.5906195673798553,-3.5501247184478806,-2.9220737949502533,-1.5276746941164658,0.7254873283981647,-0.0189028447691116,2.5943872451814447,0.2168908645567235,1.9760531472632008
30.0,254.0,130.06155395507812,-0.0215775363063054,1.611061185960011,-2.46501310085066,-2.197849701455941,-1.1349559228665942,0.8447758799481386,0.0219390213677063,2.5499945537550204,0.1062423555714915,1.677097478901885
30.0,254.0,130.0637969970703,-0.0208902406005644,1.6119734742103369,-2.464446091986895,-2.19710559809524,-1.1354421638064411,0.8450584025667578,0.0238041773645564,2.5516346855106327,0.107609505980238,1.6832541798756713
30.0,254.0,130.0644989013672,-0.0214179248292399,1.6128069766293551,-2.4646694673254155,-2.1997187233409914,-1.1352310118191995,0.8457633145446949,0.0229521221883603,2.5498708094247298,0.1066708785567443,1.680784104787331
30.0,254.0,130.06141662597656,-0.0212433152418556,1.6119415578478986,-2.464503045687366,-2.197957957645193,-1.135253556499711,0.8444462002684524,0.0231694186623434,2.55006490607497,0.106328143250225,1.676183812147586
30.0,254.0,130.0596923828125,-0.0216148007700014,1.610948044221752,-2.4645422094710323,-2.1976642164101383,-1.1352048186484744,0.8444218367418,0.0227316829238271,2.549324545403307,0.1044551057839413,1.6714983973159967
30.0,254.0,130.06988525390625,-0.0239186560541447,1.6112328387700028,-2.464607752057477,-2.1983760548270537,-1.135946660804071,0.8455786425558565,0.024944817960014,2.5519653703984586,0.1121193428936892,1.6940196991939904
30.0,254.0,130.06393432617188,-0.0214064070949329,1.6106285645644454,-2.464189419002003,-2.197557878009013,-1.1354880921220074,0.8468227362544697,0.0244955889442127,2.5471494932697687,0.1020325147209142,1.66475445129719
30.0,254.0,130.06600952148438,-0.0211178222070299,1.6103847759290266,-2.4644209921066222,-2.197451737189725,-1.1360195367760717,0.84494901713653,0.0235738133036352,2.551092969434705,0.1096924112457049,1.689501870068402
30.0,254.0,130.06271362304688,-0.0217788332446709,1.613805210419171,-2.465393085750001,-2.198787391406235,-1.135432289781244,0.8441206159158255,0.0222399468630841,2.5462210620138346,0.101168108652421,1.6655639297979938
30.0,255.0,130.05825805664062,-0.0217202972559392,1.6117173297878078,-2.4642168081770874,-2.19744917026364,-1.135342214416958,0.8442943930644615,0.0214855144662067,2.5474916743788345,0.1028813051085165,1.6683754637102135
30.0,255.0,130.0579071044922,-0.0215062922983971,1.61163885980358,-2.4640822510498817,-2.197779318479628,-1.1353502035305587,0.8442617581126225,0.0218852289248447,2.5474527148833346,0.1026305442969728,1.667341186159327
30.0,255.0,130.06622314453125,-0.0215047765635967,1.6103141379470471,-2.4644563913230293,-2.1975268082120163,-1.1351979501028242,0.8441357910788309,0.0234713560858831,2.552014667362936,0.1104533418979117,1.6899374807038992
30.0,255.0,205.40724182128903,-1.2471719392371754,0.7338063691250966,-3.6956164114227614,-2.6893020048638974,-1.4361633841990469,0.7509499775402746,-0.0265320376388999,2.5844589496606782,0.2214973721181175,2.0621365244733765
30.0,255.0,130.0667724609375,-0.0210229994384154,1.6115277940003625,-2.4636994765590394,-2.197314128726708,-1.135729157986956,0.8459351682963937,0.0236979502262292,2.550935983381516,0.108938641664473,1.6898821360743583
30.0,255.0,130.06134033203125,-0.0217426900596219,1.6118223088223105,-2.463940701186305,-2.196991607236123,-1.1348769768788811,0.842674954741028,0.0213361192769355,2.5487751733509683,0.0978317624061373,1.6593442195965586
30.0,255.0,130.06317138671875,-0.0214908486386406,1.6119646848450615,-2.464259312106244,-2.197573074584596,-1.135017991129897,0.8452881582951637,0.0238173310964382,2.551662452147406,0.1076228111777817,1.682164242503162
30.0,255.0,130.0622100830078,-0.0212112085904558,1.611940247268468,-2.464490530464323,-2.197534450090945,-1.135232296614472,0.8444980945704282,0.0231527330762314,2.5503785109304413,0.1073296986095062,1.6817504512190222
30.0,255.0,130.07180786132812,-0.0198385588222231,1.613399746182087,-2.462447093375754,-2.1980275329727466,-1.133904304055262,0.846753119792344,0.0232432009304832,2.55281013637525,0.1129654286504708,1.6988241965863846
30.0,255.0,217.80987548828125,-0.7399219093249991,0.6265199654248446,-3.3812386568411683,-3.115740592719888,-2.4970438835882924,0.4187495791001843,-0.1164287251613381,2.541142812644273,0.2703581298861386,2.0687642066891287
30.0,255.0,193.84164428710932,-0.2284010159949239,1.254985395882912,-2.7269330474421305,-2.062439529102285,-1.1192821284253744,0.7984072486439088,-0.0266891164844478,2.5659322521901795,0.1754660780234186,2.1465596423882265
30.0,255.0,130.0603485107422,-0.02166554888059,1.6116303742418878,-2.464433927833505,-2.1978671500740945,-1.1351945218100812,0.8445367092578658,0.0222050674800915,2.5500934509426303,0.1052217898583862,1.6741746615755806
30.0,255.0,130.0684814453125,-0.0210092410828998,1.6117904560236485,-2.462536880639236,-2.196906276081219,-1.1358953765699744,0.8444649807457459,0.0242434904857292,2.552799982203813,0.1116480754096299,1.694826688828618
30.0,255.0,130.05943298339844,-0.0219935388981424,1.611654784197548,-2.464391722081144,-2.1978621726399625,-1.135164740549237,0.8441647053313863,0.0216243961061352,2.548972819704615,0.1042794801072972,1.672657701329092
30.0,255.0,130.06382751464844,-0.0210768488679159,1.6115787991621522,-2.4645104577406944,-2.196788547789148,-1.1355815644650034,0.8447191841079633,0.0238637801295413,2.551499621966451,0.1068880356271441,1.6810068068410342
30.0,255.0,130.07928466796875,-0.0260575111717201,1.6101996732202797,-2.464525477493161,-2.1972242671767823,-1.1327676171862628,0.8495841317060162,0.0234409887596069,2.5506852741713866,0.1075453170498392,1.6798955848567605
30.0,255.0,135.01324462890625,-0.0050443463727662,1.665848002649067,-2.50845556794768,-2.214594157061241,-1.1534503278929902,0.8356871739330024,0.0232232993445655,2.5443195258813547,0.1053891805088048,1.8106631535972704
30.0,255.0,130.06192016601562,-0.0212227208284233,1.6121891393135834,-2.4644960529301425,-2.197557934395194,-1.1352402371828656,0.8448065255323579,0.023225858376605,2.550122352548509,0.1069361541826877,1.6781502357479896
30.0,255.0,130.06271362304688,-0.0183958592623967,1.611766764918701,-2.4644528874126737,-2.1979813257422074,-1.1357714648486046,0.8444145015083476,0.0227479002968482,2.5494621792905776,0.1045810047537792,1.674042889272646
30.0,255.0,130.06248474121094,-0.0215840801523459,1.6111231942244089,-2.463653703461436,-2.197920914503467,-1.135181385498146,0.8446968855417019,0.0238848185655176,2.5489903890468475,0.1025055717952216,1.672615243644023
30.0,255.0,130.0580291748047,-0.021595002938372,1.6116293328980702,-2.464198223768201,-2.1975970109566503,-1.135356147264136,0.84426383817679,0.0215333453562825,2.547397072091292,0.1026941824531063,1.668276172343983
30.0,255.0,130.0692901611328,-0.0203942656790777,1.6119663830322368,-2.4639858657702214,-2.197839879031834,-1.1339025559464286,0.846124412267191,0.0238077821854445,2.5530134643895543,0.1135540848143144,1.6996508312525616
30.0,255.0,130.06407165527344,-0.0189023077886603,1.611248664599196,-2.4637276986541767,-2.1990822342580705,-1.1350372136530134,0.8439692161530219,0.0216444113437123,2.5499106730690992,0.1007338441897717,1.663700489958135
30.0,255.0,130.06942749023438,-0.0219468168281905,1.61087327670683,-2.464344881917185,-2.1980714789687594,-1.1345717054621771,0.8458179531935374,0.0230429432536251,2.5519848361959903,0.1126151471956707,1.691251380271957
30.0,255.0,130.0575408935547,-0.021527892421395,1.6115680867118432,-2.464080063253406,-2.197770591502357,-1.1355609915311538,0.8441603384137748,0.0215621391719984,2.5483352543911977,0.1025906693272762,1.6664693592658557
30.0,255.0,130.06295776367188,-0.0209722800348992,1.612076634196732,-2.4644169416835093,-2.197409166080972,-1.1350960288458007,0.8450540787196443,0.0228528809136173,2.5507801907869663,0.1077065074623773,1.683861431917406
30.0,255.0,203.7299041748047,-1.4671963034076896,0.7718039591814964,-3.521820860113768,-2.7055890962796987,-1.3850800460590984,0.7492558679810841,0.0041742840984898,2.5864682179734686,0.2295821296873494,1.9406396168518183
30.0,255.0,240.0376892089844,-0.818985015422538,0.7325545795717203,-3.463958090524869,-3.1745869837099026,-1.9281247841715203,0.2058466922336207,-0.3766659363291286,2.6001316734345754,0.2265875295001577,2.1979228280822705
30.0,255.0,130.06130981445312,-0.0216142234234416,1.611941311973024,-2.464798408174317,-2.197471051246846,-1.1351544359745211,0.8443040384815177,0.0236204972586364,2.5489907340305056,0.103108024306166,1.672783223110942
30.0,255.0,130.0700225830078,-0.021554109745988,1.6120439753754856,-2.4634945447088183,-2.1977249787071043,-1.1359977360920583,0.8464675320695966,0.0248784910245729,2.5535928169217965,0.114511753033331,1.699528858876211
30.0,255.0,130.06771850585938,-0.0212937730914956,1.6122709198500875,-2.464560585489906,-2.197786618314241,-1.1359934261997726,0.8459951570172819,0.0233432106041645,2.552007270481794,0.1121948788892302,1.694829161136428
30.0,255.0,130.06578063964844,-0.0212879999388618,1.6105510053673844,-2.464488534719546,-2.197272555839896,-1.135763474717601,0.8445952402434519,0.0232643179459839,2.551649264836435,0.1104185259463369,1.6901741494212992
30.0,255.0,130.06890869140625,-0.0212881890609658,1.6125458798516892,-2.4634099963670835,-2.197925844601921,-1.1340910700361262,0.8462339293574737,0.0241778059007504,2.55280639675026,0.1133285428031655,1.6987931470447826
30.0,255.0,130.2202606201172,-0.0206527655619411,1.6125300361038788,-2.4787113935677865,-2.198667431388118,-1.1336763006985249,0.8440561073901706,0.0185712894471796,2.550092875024041,0.0970630886875384,1.672699520217138
30.0,255.0,130.0591278076172,-0.0216652174014381,1.6117185220728425,-2.463682103283752,-2.197851750715832,-1.1353838343319864,0.8442095501150251,0.0209804605194346,2.548019756429247,0.1036383784919287,1.6706206341096168
30.0,255.0,130.05828857421875,-0.0217656356223627,1.6120370755417772,-2.4640241256899267,-2.197333490380854,-1.1353219704945774,0.8443210469422435,0.0211801013454021,2.5470914225345207,0.1023773158388865,1.66802181274672
30.0,255.0,242.24465942382807,-0.6765068837044388,0.5731721926803546,-3.182363211629109,-3.115613068305457,-2.833970604240305,0.5175124438082294,-0.1119189164304249,2.549271617641784,0.2717736279602655,1.804321352114272
30.0,255.0,210.119873046875,-0.7610068930568665,0.5642124147423887,-3.726421416211226,-2.7995431788777383,-1.3708891968054873,0.679066308131347,0.0234932080174868,2.5843400721228726,0.297657964549431,2.1950618999519365
30.0,255.0,130.06036376953125,-0.0222114267946533,1.6116323288251029,-2.464402269059958,-2.197912699246993,-1.1350247526561337,0.843738197651714,0.0224388104393285,2.5490722839911584,0.1046284445153567,1.674020022052375
30.0,255.0,130.06765747070312,-0.0211165446055682,1.6116653573497872,-2.464568284631722,-2.197522486989414,-1.134876841633991,0.8434866999921165,0.0230788849499952,2.5519495709868663,0.1117949214472717,1.6922518462395622
30.0,255.0,205.575927734375,-0.8160173862793221,0.5906195673798553,-3.5501247184478806,-2.9220737949502533,-1.5276746941164658,0.7254873283981647,-0.0189028447691116,2.5943872451814447,0.2168908645567235,1.9760531472632008
30.0,255.0,130.06155395507812,-0.0215775363063054,1.611061185960011,-2.46501310085066,-2.197849701455941,-1.1349559228665942,0.8447758799481386,0.0219390213677063,2.5499945537550204,0.1062423555714915,1.677097478901885
30.0,255.0,130.0637969970703,-0.0208902406005644,1.6119734742103369,-2.464446091986895,-2.19710559809524,-1.1354421638064411,0.8450584025667578,0.0238041773645564,2.5516346855106327,0.107609505980238,1.6832541798756713
30.0,255.0,130.0644989013672,-0.0214179248292399,1.6128069766293551,-2.4646694673254155,-2.1997187233409914,-1.1352310118191995,0.8457633145446949,0.0229521221883603,2.5498708094247298,0.1066708785567443,1.680784104787331
30.0,255.0,130.06141662597656,-0.0212433152418556,1.6119415578478986,-2.464503045687366,-2.197957957645193,-1.135253556499711,0.8444462002684524,0.0231694186623434,2.55006490607497,0.106328143250225,1.676183812147586
30.0,255.0,130.0596923828125,-0.0216148007700014,1.610948044221752,-2.4645422094710323,-2.1976642164101383,-1.1352048186484744,0.8444218367418,0.0227316829238271,2.549324545403307,0.1044551057839413,1.6714983973159967
30.0,255.0,130.06988525390625,-0.0239186560541447,1.6112328387700028,-2.464607752057477,-2.1983760548270537,-1.135946660804071,0.8455786425558565,0.024944817960014,2.5519653703984586,0.1121193428936892,1.6940196991939904
30.0,255.0,130.06393432617188,-0.0214064070949329,1.6106285645644454,-2.464189419002003,-2.197557878009013,-1.1354880921220074,0.8468227362544697,0.0244955889442127,2.5471494932697687,0.1020325147209142,1.66475445129719
30.0,255.0,130.06600952148438,-0.0211178222070299,1.6103847759290266,-2.4644209921066222,-2.197451737189725,-1.1360195367760717,0.84494901713653,0.0235738133036352,2.551092969434705,0.1096924112457049,1.689501870068402
30.0,255.0,130.06101989746094,-0.0215349715703821,1.6099952205673085,-2.463351258441332,-2.1979984880539303,-1.1353835188968655,0.8442946368104991,0.0215512116445381,2.5461419248863124,0.1011227129526858,1.6668383015055015
30.0,256.0,130.05825805664062,-0.0217202972559392,1.6117173297878078,-2.4642168081770874,-2.19744917026364,-1.135342214416958,0.8442943930644615,0.0214855144662067,2.5474916743788345,0.1028813051085165,1.6683754637102135
30.0,256.0,130.0579071044922,-0.0215062922983971,1.61163885980358,-2.4640822510498817,-2.197779318479628,-1.1353502035305587,0.8442617581126225,0.0218852289248447,2.5474527148833346,0.1026305442969728,1.667341186159327
30.0,256.0,130.06622314453125,-0.0215047765635967,1.6103141379470471,-2.4644563913230293,-2.1975268082120163,-1.1351979501028242,0.8441357910788309,0.0234713560858831,2.552014667362936,0.1104533418979117,1.6899374807038992
30.0,256.0,205.40724182128903,-1.2471719392371754,0.7338063691250966,-3.6956164114227614,-2.6893020048638974,-1.4361633841990469,0.7509499775402746,-0.0265320376388999,2.5844589496606782,0.2214973721181175,2.0621365244733765
30.0,256.0,130.0667724609375,-0.0210229994384154,1.6115277940003625,-2.4636994765590394,-2.197314128726708,-1.135729157986956,0.8459351682963937,0.0236979502262292,2.550935983381516,0.108938641664473,1.6898821360743583
30.0,256.0,130.06134033203125,-0.0217426900596219,1.6118223088223105,-2.463940701186305,-2.196991607236123,-1.1348769768788811,0.842674954741028,0.0213361192769355,2.5487751733509683,0.0978317624061373,1.6593442195965586
30.0,256.0,130.06317138671875,-0.0214908486386406,1.6119646848450615,-2.464259312106244,-2.197573074584596,-1.135017991129897,0.8452881582951637,0.0238173310964382,2.551662452147406,0.1076228111777817,1.682164242503162
30.0,256.0,130.0622100830078,-0.0212112085904558,1.611940247268468,-2.464490530464323,-2.197534450090945,-1.135232296614472,0.8444980945704282,0.0231527330762314,2.5503785109304413,0.1073296986095062,1.6817504512190222
30.0,256.0,130.07180786132812,-0.0198385588222231,1.613399746182087,-2.462447093375754,-2.1980275329727466,-1.133904304055262,0.846753119792344,0.0232432009304832,2.55281013637525,0.1129654286504708,1.6988241965863846
30.0,256.0,217.80987548828125,-0.7399219093249991,0.6265199654248446,-3.3812386568411683,-3.115740592719888,-2.4970438835882924,0.4187495791001843,-0.1164287251613381,2.541142812644273,0.2703581298861386,2.0687642066891287
30.0,256.0,193.84164428710932,-0.2284010159949239,1.254985395882912,-2.7269330474421305,-2.062439529102285,-1.1192821284253744,0.7984072486439088,-0.0266891164844478,2.5659322521901795,0.1754660780234186,2.1465596423882265
30.0,256.0,130.0603485107422,-0.02166554888059,1.6116303742418878,-2.464433927833505,-2.1978671500740945,-1.1351945218100812,0.8445367092578658,0.0222050674800915,2.5500934509426303,0.1052217898583862,1.6741746615755806
30.0,256.0,130.0684814453125,-0.0210092410828998,1.6117904560236485,-2.462536880639236,-2.196906276081219,-1.1358953765699744,0.8444649807457459,0.0242434904857292,2.552799982203813,0.1116480754096299,1.694826688828618
30.0,256.0,130.05943298339844,-0.0219935388981424,1.611654784197548,-2.464391722081144,-2.1978621726399625,-1.135164740549237,0.8441647053313863,0.0216243961061352,2.548972819704615,0.1042794801072972,1.672657701329092
30.0,256.0,130.06382751464844,-0.0210768488679159,1.6115787991621522,-2.4645104577406944,-2.196788547789148,-1.1355815644650034,0.8447191841079633,0.0238637801295413,2.551499621966451,0.1068880356271441,1.6810068068410342
30.0,256.0,130.07928466796875,-0.0260575111717201,1.6101996732202797,-2.464525477493161,-2.1972242671767823,-1.1327676171862628,0.8495841317060162,0.0234409887596069,2.5506852741713866,0.1075453170498392,1.6798955848567605
30.0,256.0,135.01324462890625,-0.0050443463727662,1.665848002649067,-2.50845556794768,-2.214594157061241,-1.1534503278929902,0.8356871739330024,0.0232232993445655,2.5443195258813547,0.1053891805088048,1.8106631535972704
30.0,256.0,130.06192016601562,-0.0212227208284233,1.6121891393135834,-2.4644960529301425,-2.197557934395194,-1.1352402371828656,0.8448065255323579,0.023225858376605,2.550122352548509,0.1069361541826877,1.6781502357479896
30.0,256.0,130.06271362304688,-0.0183958592623967,1.611766764918701,-2.4644528874126737,-2.1979813257422074,-1.1357714648486046,0.8444145015083476,0.0227479002968482,2.5494621792905776,0.1045810047537792,1.674042889272646
30.0,256.0,130.06248474121094,-0.0215840801523459,1.6111231942244089,-2.463653703461436,-2.197920914503467,-1.135181385498146,0.8446968855417019,0.0238848185655176,2.5489903890468475,0.1025055717952216,1.672615243644023
30.0,256.0,130.05760192871094,-0.0214097114823104,1.611523855457712,-2.4641805070033898,-2.197705390040338,-1.1356620965797295,0.8441827829301369,0.0215682791344382,2.5477017745347768,0.1025949961762109,1.6666858408923158
30.0,256.0,130.0692901611328,-0.0203942656790777,1.6119663830322368,-2.4639858657702214,-2.197839879031834,-1.1339025559464286,0.846124412267191,0.0238077821854445,2.5530134643895543,0.1135540848143144,1.6996508312525616
30.0,256.0,130.06407165527344,-0.0189023077886603,1.611248664599196,-2.4637276986541767,-2.1990822342580705,-1.1350372136530134,0.8439692161530219,0.0216444113437123,2.5499106730690992,0.1007338441897717,1.663700489958135
30.0,256.0,130.06942749023438,-0.0219468168281905,1.61087327670683,-2.464344881917185,-2.1980714789687594,-1.1345717054621771,0.8458179531935374,0.0230429432536251,2.5519848361959903,0.1126151471956707,1.691251380271957
30.0,256.0,130.0575408935547,-0.021527892421395,1.6115680867118432,-2.464080063253406,-2.197770591502357,-1.1355609915311538,0.8441603384137748,0.0215621391719984,2.5483352543911977,0.1025906693272762,1.6664693592658557
30.0,256.0,130.06295776367188,-0.0209722800348992,1.612076634196732,-2.4644169416835093,-2.197409166080972,-1.1350960288458007,0.8450540787196443,0.0228528809136173,2.5507801907869663,0.1077065074623773,1.683861431917406
30.0,256.0,203.7299041748047,-1.4671963034076896,0.7718039591814964,-3.521820860113768,-2.7055890962796987,-1.3850800460590984,0.7492558679810841,0.0041742840984898,2.5864682179734686,0.2295821296873494,1.9406396168518183
30.0,256.0,240.0376892089844,-0.818985015422538,0.7325545795717203,-3.463958090524869,-3.1745869837099026,-1.9281247841715203,0.2058466922336207,-0.3766659363291286,2.6001316734345754,0.2265875295001577,2.1979228280822705
30.0,256.0,130.06130981445312,-0.0216142234234416,1.611941311973024,-2.464798408174317,-2.197471051246846,-1.1351544359745211,0.8443040384815177,0.0236204972586364,2.5489907340305056,0.103108024306166,1.672783223110942
30.0,256.0,130.0700225830078,-0.021554109745988,1.6120439753754856,-2.4634945447088183,-2.1977249787071043,-1.1359977360920583,0.8464675320695966,0.0248784910245729,2.5535928169217965,0.114511753033331,1.699528858876211
30.0,256.0,130.06771850585938,-0.0212937730914956,1.6122709198500875,-2.464560585489906,-2.197786618314241,-1.1359934261997726,0.8459951570172819,0.0233432106041645,2.552007270481794,0.1121948788892302,1.694829161136428
30.0,256.0,130.06578063964844,-0.0212879999388618,1.6105510053673844,-2.464488534719546,-2.197272555839896,-1.135763474717601,0.8445952402434519,0.0232643179459839,2.551649264836435,0.1104185259463369,1.6901741494212992
30.0,256.0,130.0648651123047,-0.0209586972021701,1.6118468861961923,-2.464104249831065,-2.197373122657018,-1.1337570303689364,0.8454771529024306,0.0245756504370924,2.551118384301476,0.1032619142561943,1.665766227152196
30.0,256.0,130.17471313476562,-0.0208352132450937,1.6101331112982158,-2.4501388028359536,-2.1971559826437645,-1.1335758352773102,0.8436741525015365,0.0183511312904477,2.54864475171363,0.1024882630757687,1.6662820455859615
30.0,256.0,130.0591278076172,-0.0216652174014381,1.6117185220728425,-2.463682103283752,-2.197851750715832,-1.1353838343319864,0.8442095501150251,0.0209804605194346,2.548019756429247,0.1036383784919287,1.6706206341096168
30.0,256.0,130.05828857421875,-0.0217656356223627,1.6120370755417772,-2.4640241256899267,-2.197333490380854,-1.1353219704945774,0.8443210469422435,0.0211801013454021,2.5470914225345207,0.1023773158388865,1.66802181274672
30.0,256.0,242.24465942382807,-0.6765068837044388,0.5731721926803546,-3.182363211629109,-3.115613068305457,-2.833970604240305,0.5175124438082294,-0.1119189164304249,2.549271617641784,0.2717736279602655,1.804321352114272
30.0,256.0,210.119873046875,-0.7610068930568665,0.5642124147423887,-3.726421416211226,-2.7995431788777383,-1.3708891968054873,0.679066308131347,0.0234932080174868,2.5843400721228726,0.297657964549431,2.1950618999519365
30.0,256.0,130.06036376953125,-0.0222114267946533,1.6116323288251029,-2.464402269059958,-2.197912699246993,-1.1350247526561337,0.843738197651714,0.0224388104393285,2.5490722839911584,0.1046284445153567,1.674020022052375
30.0,256.0,130.06687927246094,-0.0219361858524773,1.6115935576078078,-2.4642984400550985,-2.1975327324175566,-1.1355292855810752,0.8436420279671472,0.0214985933340051,2.548247863356995,0.1052821952896456,1.667221496905419
30.0,256.0,205.575927734375,-0.8160173862793221,0.5906195673798553,-3.5501247184478806,-2.9220737949502533,-1.5276746941164658,0.7254873283981647,-0.0189028447691116,2.5943872451814447,0.2168908645567235,1.9760531472632008
30.0,256.0,130.06155395507812,-0.0215775363063054,1.611061185960011,-2.46501310085066,-2.197849701455941,-1.1349559228665942,0.8447758799481386,0.0219390213677063,2.5499945537550204,0.1062423555714915,1.677097478901885
30.0,256.0,130.0637969970703,-0.0208902406005644,1.6119734742103369,-2.464446091986895,-2.19710559809524,-1.1354421638064411,0.8450584025667578,0.0238041773645564,2.5516346855106327,0.107609505980238,1.6832541798756713
30.0,256.0,130.0644989013672,-0.0214179248292399,1.6128069766293551,-2.4646694673254155,-2.1997187233409914,-1.1352310118191995,0.8457633145446949,0.0229521221883603,2.5498708094247298,0.1066708785567443,1.680784104787331
30.0,256.0,130.06141662597656,-0.0212433152418556,1.6119415578478986,-2.464503045687366,-2.197957957645193,-1.135253556499711,0.8444462002684524,0.0231694186623434,2.55006490607497,0.106328143250225,1.676183812147586
30.0,256.0,130.0596923828125,-0.0216148007700014,1.610948044221752,-2.4645422094710323,-2.1976642164101383,-1.1352048186484744,0.8444218367418,0.0227316829238271,2.549324545403307,0.1044551057839413,1.6714983973159967
30.0,256.0,130.06988525390625,-0.0239186560541447,1.6112328387700028,-2.464607752057477,-2.1983760548270537,-1.135946660804071,0.8455786425558565,0.024944817960014,2.5519653703984586,0.1121193428936892,1.6940196991939904
30.0,256.0,130.06393432617188,-0.0214064070949329,1.6106285645644454,-2.464189419002003,-2.197557878009013,-1.1354880921220074,0.8468227362544697,0.0244955889442127,2.5471494932697687,0.1020325147209142,1.66475445129719
30.0,256.0,130.06600952148438,-0.0211178222070299,1.6103847759290266,-2.4644209921066222,-2.197451737189725,-1.1360195367760717,0.84494901713653,0.0235738133036352,2.551092969434705,0.1096924112457049,1.689501870068402
30.0,256.0,130.0591278076172,-0.0214306570370831,1.6121647367947556,-2.462893138908243,-2.1972888506279564,-1.1354781681612196,0.8443352925944105,0.0212797932653725,2.546677222871294,0.1024124556744698,1.666666245966415
30.0,257.0,130.05825805664062,-0.0217202972559392,1.6117173297878078,-2.4642168081770874,-2.19744917026364,-1.135342214416958,0.8442943930644615,0.0214855144662067,2.5474916743788345,0.1028813051085165,1.6683754637102135
30.0,257.0,130.05770874023438,-0.0215020222248108,1.6116869253663706,-2.4641518651465617,-2.197911083800331,-1.1353164866131196,0.8443078643856401,0.0216432869976897,2.547533156443017,0.1025816202031937,1.667455535718933
30.0,257.0,130.06390380859375,-0.0215406024833171,1.6127831979029352,-2.4638886683450734,-2.1976251276633487,-1.1355116751780694,0.844367652089827,0.0226136819980813,2.551278710808611,0.1047876328898431,1.6698791403934872
30.0,257.0,205.40724182128903,-1.2471719392371754,0.7338063691250966,-3.6956164114227614,-2.6893020048638974,-1.4361633841990469,0.7509499775402746,-0.0265320376388999,2.5844589496606782,0.2214973721181175,2.0621365244733765
30.0,257.0,130.0667724609375,-0.0210229994384154,1.6115277940003625,-2.4636994765590394,-2.197314128726708,-1.135729157986956,0.8459351682963937,0.0236979502262292,2.550935983381516,0.108938641664473,1.6898821360743583
30.0,257.0,130.06134033203125,-0.0217426900596219,1.6118223088223105,-2.463940701186305,-2.196991607236123,-1.1348769768788811,0.842674954741028,0.0213361192769355,2.5487751733509683,0.0978317624061373,1.6593442195965586
30.0,257.0,130.06317138671875,-0.0214908486386406,1.6119646848450615,-2.464259312106244,-2.197573074584596,-1.135017991129897,0.8452881582951637,0.0238173310964382,2.551662452147406,0.1076228111777817,1.682164242503162
30.0,257.0,130.0622100830078,-0.0212112085904558,1.611940247268468,-2.464490530464323,-2.197534450090945,-1.135232296614472,0.8444980945704282,0.0231527330762314,2.5503785109304413,0.1073296986095062,1.6817504512190222
30.0,257.0,130.07180786132812,-0.0198385588222231,1.613399746182087,-2.462447093375754,-2.1980275329727466,-1.133904304055262,0.846753119792344,0.0232432009304832,2.55281013637525,0.1129654286504708,1.6988241965863846
30.0,257.0,217.80987548828125,-0.7399219093249991,0.6265199654248446,-3.3812386568411683,-3.115740592719888,-2.4970438835882924,0.4187495791001843,-0.1164287251613381,2.541142812644273,0.2703581298861386,2.0687642066891287
30.0,257.0,193.84164428710932,-0.2284010159949239,1.254985395882912,-2.7269330474421305,-2.062439529102285,-1.1192821284253744,0.7984072486439088,-0.0266891164844478,2.5659322521901795,0.1754660780234186,2.1465596423882265
30.0,257.0,130.0603485107422,-0.02166554888059,1.6116303742418878,-2.464433927833505,-2.1978671500740945,-1.1351945218100812,0.8445367092578658,0.0222050674800915,2.5500934509426303,0.1052217898583862,1.6741746615755806
30.0,257.0,130.0684814453125,-0.0210092410828998,1.6117904560236485,-2.462536880639236,-2.196906276081219,-1.1358953765699744,0.8444649807457459,0.0242434904857292,2.552799982203813,0.1116480754096299,1.694826688828618
30.0,257.0,130.05943298339844,-0.0219935388981424,1.611654784197548,-2.464391722081144,-2.1978621726399625,-1.135164740549237,0.8441647053313863,0.0216243961061352,2.548972819704615,0.1042794801072972,1.672657701329092
30.0,257.0,130.06382751464844,-0.0210768488679159,1.6115787991621522,-2.4645104577406944,-2.196788547789148,-1.1355815644650034,0.8447191841079633,0.0238637801295413,2.551499621966451,0.1068880356271441,1.6810068068410342
30.0,257.0,130.07928466796875,-0.0260575111717201,1.6101996732202797,-2.464525477493161,-2.1972242671767823,-1.1327676171862628,0.8495841317060162,0.0234409887596069,2.5506852741713866,0.1075453170498392,1.6798955848567605
30.0,257.0,135.01324462890625,-0.0050443463727662,1.665848002649067,-2.50845556794768,-2.214594157061241,-1.1534503278929902,0.8356871739330024,0.0232232993445655,2.5443195258813547,0.1053891805088048,1.8106631535972704
30.0,257.0,130.06192016601562,-0.0212227208284233,1.6121891393135834,-2.4644960529301425,-2.197557934395194,-1.1352402371828656,0.8448065255323579,0.023225858376605,2.550122352548509,0.1069361541826877,1.6781502357479896
30.0,257.0,130.06271362304688,-0.0183958592623967,1.611766764918701,-2.4644528874126737,-2.1979813257422074,-1.1357714648486046,0.8444145015083476,0.0227479002968482,2.5494621792905776,0.1045810047537792,1.674042889272646
30.0,257.0,130.06248474121094,-0.0215840801523459,1.6111231942244089,-2.463653703461436,-2.197920914503467,-1.135181385498146,0.8446968855417019,0.0238848185655176,2.5489903890468475,0.1025055717952216,1.672615243644023
30.0,257.0,130.05760192871094,-0.0214097114823104,1.611523855457712,-2.4641805070033898,-2.197705390040338,-1.1356620965797295,0.8441827829301369,0.0215682791344382,2.5477017745347768,0.1025949961762109,1.6666858408923158
30.0,257.0,130.0692901611328,-0.0203942656790777,1.6119663830322368,-2.4639858657702214,-2.197839879031834,-1.1339025559464286,0.846124412267191,0.0238077821854445,2.5530134643895543,0.1135540848143144,1.6996508312525616
30.0,257.0,130.06407165527344,-0.0189023077886603,1.611248664599196,-2.4637276986541767,-2.1990822342580705,-1.1350372136530134,0.8439692161530219,0.0216444113437123,2.5499106730690992,0.1007338441897717,1.663700489958135
30.0,257.0,130.06942749023438,-0.0219468168281905,1.61087327670683,-2.464344881917185,-2.1980714789687594,-1.1345717054621771,0.8458179531935374,0.0230429432536251,2.5519848361959903,0.1126151471956707,1.691251380271957
30.0,257.0,130.0575408935547,-0.021527892421395,1.6115680867118432,-2.464080063253406,-2.197770591502357,-1.1355609915311538,0.8441603384137748,0.0215621391719984,2.5483352543911977,0.1025906693272762,1.6664693592658557
30.0,257.0,130.06295776367188,-0.0209722800348992,1.612076634196732,-2.4644169416835093,-2.197409166080972,-1.1350960288458007,0.8450540787196443,0.0228528809136173,2.5507801907869663,0.1077065074623773,1.683861431917406
30.0,257.0,203.7299041748047,-1.4671963034076896,0.7718039591814964,-3.521820860113768,-2.7055890962796987,-1.3850800460590984,0.7492558679810841,0.0041742840984898,2.5864682179734686,0.2295821296873494,1.9406396168518183
30.0,257.0,240.0376892089844,-0.818985015422538,0.7325545795717203,-3.463958090524869,-3.1745869837099026,-1.9281247841715203,0.2058466922336207,-0.3766659363291286,2.6001316734345754,0.2265875295001577,2.1979228280822705
30.0,257.0,130.06130981445312,-0.0216142234234416,1.611941311973024,-2.464798408174317,-2.197471051246846,-1.1351544359745211,0.8443040384815177,0.0236204972586364,2.5489907340305056,0.103108024306166,1.672783223110942
30.0,257.0,130.0700225830078,-0.021554109745988,1.6120439753754856,-2.4634945447088183,-2.1977249787071043,-1.1359977360920583,0.8464675320695966,0.0248784910245729,2.5535928169217965,0.114511753033331,1.699528858876211
30.0,257.0,130.06771850585938,-0.0212937730914956,1.6122709198500875,-2.464560585489906,-2.197786618314241,-1.1359934261997726,0.8459951570172819,0.0233432106041645,2.552007270481794,0.1121948788892302,1.694829161136428
30.0,257.0,130.06578063964844,-0.0212879999388618,1.6105510053673844,-2.464488534719546,-2.197272555839896,-1.135763474717601,0.8445952402434519,0.0232643179459839,2.551649264836435,0.1104185259463369,1.6901741494212992
30.0,257.0,130.0648651123047,-0.0209586972021701,1.6118468861961923,-2.464104249831065,-2.197373122657018,-1.1337570303689364,0.8454771529024306,0.0245756504370924,2.551118384301476,0.1032619142561943,1.665766227152196
30.0,257.0,130.0886688232422,-0.0222068577715272,1.6092898386672267,-2.45979746027084,-2.197687679983957,-1.1339036770643358,0.843512938364536,0.0179461759522782,2.5481397192944324,0.0985149472271947,1.6650626290624246
30.0,257.0,130.0591278076172,-0.0216652174014381,1.6117185220728425,-2.463682103283752,-2.197851750715832,-1.1353838343319864,0.8442095501150251,0.0209804605194346,2.548019756429247,0.1036383784919287,1.6706206341096168
30.0,257.0,130.05828857421875,-0.0217656356223627,1.6120370755417772,-2.4640241256899267,-2.197333490380854,-1.1353219704945774,0.8443210469422435,0.0211801013454021,2.5470914225345207,0.1023773158388865,1.66802181274672
30.0,257.0,242.24465942382807,-0.6765068837044388,0.5731721926803546,-3.182363211629109,-3.115613068305457,-2.833970604240305,0.5175124438082294,-0.1119189164304249,2.549271617641784,0.2717736279602655,1.804321352114272
30.0,257.0,210.119873046875,-0.7610068930568665,0.5642124147423887,-3.726421416211226,-2.7995431788777383,-1.3708891968054873,0.679066308131347,0.0234932080174868,2.5843400721228726,0.297657964549431,2.1950618999519365
30.0,257.0,130.06036376953125,-0.0222114267946533,1.6116323288251029,-2.464402269059958,-2.197912699246993,-1.1350247526561337,0.843738197651714,0.0224388104393285,2.5490722839911584,0.1046284445153567,1.674020022052375
30.0,257.0,130.06687927246094,-0.0219361858524773,1.6115935576078078,-2.4642984400550985,-2.1975327324175566,-1.1355292855810752,0.8436420279671472,0.0214985933340051,2.548247863356995,0.1052821952896456,1.667221496905419
30.0,257.0,205.575927734375,-0.8160173862793221,0.5906195673798553,-3.5501247184478806,-2.9220737949502533,-1.5276746941164658,0.7254873283981647,-0.0189028447691116,2.5943872451814447,0.2168908645567235,1.9760531472632008
30.0,257.0,130.06155395507812,-0.0215775363063054,1.611061185960011,-2.46501310085066,-2.197849701455941,-1.1349559228665942,0.8447758799481386,0.0219390213677063,2.5499945537550204,0.1062423555714915,1.677097478901885
30.0,257.0,130.0637969970703,-0.0208902406005644,1.6119734742103369,-2.464446091986895,-2.19710559809524,-1.1354421638064411,0.8450584025667578,0.0238041773645564,2.5516346855106327,0.107609505980238,1.6832541798756713
30.0,257.0,130.0644989013672,-0.0214179248292399,1.6128069766293551,-2.4646694673254155,-2.1997187233409914,-1.1352310118191995,0.8457633145446949,0.0229521221883603,2.5498708094247298,0.1066708785567443,1.680784104787331
30.0,257.0,130.06141662597656,-0.0212433152418556,1.6119415578478986,-2.464503045687366,-2.197957957645193,-1.135253556499711,0.8444462002684524,0.0231694186623434,2.55006490607497,0.106328143250225,1.676183812147586
30.0,257.0,130.0596923828125,-0.0216148007700014,1.610948044221752,-2.4645422094710323,-2.1976642164101383,-1.1352048186484744,0.8444218367418,0.0227316829238271,2.549324545403307,0.1044551057839413,1.6714983973159967
30.0,257.0,130.06988525390625,-0.0239186560541447,1.6112328387700028,-2.464607752057477,-2.1983760548270537,-1.135946660804071,0.8455786425558565,0.024944817960014,2.5519653703984586,0.1121193428936892,1.6940196991939904
30.0,257.0,130.06393432617188,-0.0214064070949329,1.6106285645644454,-2.464189419002003,-2.197557878009013,-1.1354880921220074,0.8468227362544697,0.0244955889442127,2.5471494932697687,0.1020325147209142,1.66475445129719
30.0,257.0,130.06600952148438,-0.0211178222070299,1.6103847759290266,-2.4644209921066222,-2.197451737189725,-1.1360195367760717,0.84494901713653,0.0235738133036352,2.551092969434705,0.1096924112457049,1.689501870068402
30.0,257.0,130.0591278076172,-0.0214306570370831,1.6121647367947556,-2.462893138908243,-2.1972888506279564,-1.1354781681612196,0.8443352925944105,0.0212797932653725,2.546677222871294,0.1024124556744698,1.666666245966415
30.0,258.0,130.05825805664062,-0.0217202972559392,1.6117173297878078,-2.4642168081770874,-2.19744917026364,-1.135342214416958,0.8442943930644615,0.0214855144662067,2.5474916743788345,0.1028813051085165,1.6683754637102135
30.0,258.0,130.05755615234375,-0.0214928287764693,1.6116145282447731,-2.464083516326105,-2.1975326704275178,-1.135278140917533,0.8443113108912997,0.0216130093648049,2.5484208239146326,0.1026031806156381,1.6674101783613977
30.0,258.0,130.06390380859375,-0.0215406024833171,1.6127831979029352,-2.4638886683450734,-2.1976251276633487,-1.1355116751780694,0.844367652089827,0.0226136819980813,2.551278710808611,0.1047876328898431,1.6698791403934872
30.0,258.0,205.40724182128903,-1.2471719392371754,0.7338063691250966,-3.6956164114227614,-2.6893020048638974,-1.4361633841990469,0.7509499775402746,-0.0265320376388999,2.5844589496606782,0.2214973721181175,2.0621365244733765
30.0,258.0,130.0651092529297,-0.0202165201953497,1.6097323878491905,-2.463668427685369,-2.197646291468084,-1.1356077273582226,0.8457255313573439,0.0203489800666949,2.5463311256758936,0.1021303657061601,1.6678596433079746
30.0,258.0,130.06134033203125,-0.0217426900596219,1.6118223088223105,-2.463940701186305,-2.196991607236123,-1.1348769768788811,0.842674954741028,0.0213361192769355,2.5487751733509683,0.0978317624061373,1.6593442195965586
30.0,258.0,130.06317138671875,-0.0214908486386406,1.6119646848450615,-2.464259312106244,-2.197573074584596,-1.135017991129897,0.8452881582951637,0.0238173310964382,2.551662452147406,0.1076228111777817,1.682164242503162
30.0,258.0,130.0622100830078,-0.0212112085904558,1.611940247268468,-2.464490530464323,-2.197534450090945,-1.135232296614472,0.8444980945704282,0.0231527330762314,2.5503785109304413,0.1073296986095062,1.6817504512190222
30.0,258.0,130.07180786132812,-0.0198385588222231,1.613399746182087,-2.462447093375754,-2.1980275329727466,-1.133904304055262,0.846753119792344,0.0232432009304832,2.55281013637525,0.1129654286504708,1.6988241965863846
30.0,258.0,217.80987548828125,-0.7399219093249991,0.6265199654248446,-3.3812386568411683,-3.115740592719888,-2.4970438835882924,0.4187495791001843,-0.1164287251613381,2.541142812644273,0.2703581298861386,2.0687642066891287
30.0,258.0,193.84164428710932,-0.2284010159949239,1.254985395882912,-2.7269330474421305,-2.062439529102285,-1.1192821284253744,0.7984072486439088,-0.0266891164844478,2.5659322521901795,0.1754660780234186,2.1465596423882265
30.0,258.0,130.0603485107422,-0.02166554888059,1.6116303742418878,-2.464433927833505,-2.1978671500740945,-1.1351945218100812,0.8445367092578658,0.0222050674800915,2.5500934509426303,0.1052217898583862,1.6741746615755806
30.0,258.0,130.0684814453125,-0.0210092410828998,1.6117904560236485,-2.462536880639236,-2.196906276081219,-1.1358953765699744,0.8444649807457459,0.0242434904857292,2.552799982203813,0.1116480754096299,1.694826688828618
30.0,258.0,130.05943298339844,-0.0219935388981424,1.611654784197548,-2.464391722081144,-2.1978621726399625,-1.135164740549237,0.8441647053313863,0.0216243961061352,2.548972819704615,0.1042794801072972,1.672657701329092
30.0,258.0,130.06382751464844,-0.0210768488679159,1.6115787991621522,-2.4645104577406944,-2.196788547789148,-1.1355815644650034,0.8447191841079633,0.0238637801295413,2.551499621966451,0.1068880356271441,1.6810068068410342
30.0,258.0,130.07928466796875,-0.0260575111717201,1.6101996732202797,-2.464525477493161,-2.1972242671767823,-1.1327676171862628,0.8495841317060162,0.0234409887596069,2.5506852741713866,0.1075453170498392,1.6798955848567605
30.0,258.0,135.01324462890625,-0.0050443463727662,1.665848002649067,-2.50845556794768,-2.214594157061241,-1.1534503278929902,0.8356871739330024,0.0232232993445655,2.5443195258813547,0.1053891805088048,1.8106631535972704
30.0,258.0,130.06192016601562,-0.0212227208284233,1.6121891393135834,-2.4644960529301425,-2.197557934395194,-1.1352402371828656,0.8448065255323579,0.023225858376605,2.550122352548509,0.1069361541826877,1.6781502357479896
30.0,258.0,130.06271362304688,-0.0183958592623967,1.611766764918701,-2.4644528874126737,-2.1979813257422074,-1.1357714648486046,0.8444145015083476,0.0227479002968482,2.5494621792905776,0.1045810047537792,1.674042889272646
30.0,258.0,130.06248474121094,-0.0215840801523459,1.6111231942244089,-2.463653703461436,-2.197920914503467,-1.135181385498146,0.8446968855417019,0.0238848185655176,2.5489903890468475,0.1025055717952216,1.672615243644023
30.0,258.0,130.05760192871094,-0.0214097114823104,1.611523855457712,-2.4641805070033898,-2.197705390040338,-1.1356620965797295,0.8441827829301369,0.0215682791344382,2.5477017745347768,0.1025949961762109,1.6666858408923158
30.0,258.0,130.0692901611328,-0.0203942656790777,1.6119663830322368,-2.4639858657702214,-2.197839879031834,-1.1339025559464286,0.846124412267191,0.0238077821854445,2.5530134643895543,0.1135540848143144,1.6996508312525616
30.0,258.0,130.06407165527344,-0.0189023077886603,1.611248664599196,-2.4637276986541767,-2.1990822342580705,-1.1350372136530134,0.8439692161530219,0.0216444113437123,2.5499106730690992,0.1007338441897717,1.663700489958135
30.0,258.0,130.06942749023438,-0.0219468168281905,1.61087327670683,-2.464344881917185,-2.1980714789687594,-1.1345717054621771,0.8458179531935374,0.0230429432536251,2.5519848361959903,0.1126151471956707,1.691251380271957
30.0,258.0,130.0575408935547,-0.021527892421395,1.6115680867118432,-2.464080063253406,-2.197770591502357,-1.1355609915311538,0.8441603384137748,0.0215621391719984,2.5483352543911977,0.1025906693272762,1.6664693592658557
30.0,258.0,130.06295776367188,-0.0209722800348992,1.612076634196732,-2.4644169416835093,-2.197409166080972,-1.1350960288458007,0.8450540787196443,0.0228528809136173,2.5507801907869663,0.1077065074623773,1.683861431917406
30.0,258.0,203.7299041748047,-1.4671963034076896,0.7718039591814964,-3.521820860113768,-2.7055890962796987,-1.3850800460590984,0.7492558679810841,0.0041742840984898,2.5864682179734686,0.2295821296873494,1.9406396168518183
30.0,258.0,240.0376892089844,-0.818985015422538,0.7325545795717203,-3.463958090524869,-3.1745869837099026,-1.9281247841715203,0.2058466922336207,-0.3766659363291286,2.6001316734345754,0.2265875295001577,2.1979228280822705
30.0,258.0,130.06130981445312,-0.0216142234234416,1.611941311973024,-2.464798408174317,-2.197471051246846,-1.1351544359745211,0.8443040384815177,0.0236204972586364,2.5489907340305056,0.103108024306166,1.672783223110942
30.0,258.0,130.0700225830078,-0.021554109745988,1.6120439753754856,-2.4634945447088183,-2.1977249787071043,-1.1359977360920583,0.8464675320695966,0.0248784910245729,2.5535928169217965,0.114511753033331,1.699528858876211
30.0,258.0,130.06771850585938,-0.0212937730914956,1.6122709198500875,-2.464560585489906,-2.197786618314241,-1.1359934261997726,0.8459951570172819,0.0233432106041645,2.552007270481794,0.1121948788892302,1.694829161136428
30.0,258.0,130.06578063964844,-0.0212879999388618,1.6105510053673844,-2.464488534719546,-2.197272555839896,-1.135763474717601,0.8445952402434519,0.0232643179459839,2.551649264836435,0.1104185259463369,1.6901741494212992
30.0,258.0,130.0648651123047,-0.0209586972021701,1.6118468861961923,-2.464104249831065,-2.197373122657018,-1.1337570303689364,0.8454771529024306,0.0245756504370924,2.551118384301476,0.1032619142561943,1.665766227152196
30.0,258.0,130.086669921875,-0.0211062989029646,1.614427285847885,-2.4692926137629385,-2.1980333292278305,-1.134897441009512,0.8436678676360042,0.0180330044010393,2.548367206409096,0.1020831067943845,1.665991469288849
30.0,258.0,130.0591278076172,-0.0216652174014381,1.6117185220728425,-2.463682103283752,-2.197851750715832,-1.1353838343319864,0.8442095501150251,0.0209804605194346,2.548019756429247,0.1036383784919287,1.6706206341096168
30.0,258.0,130.05760192871094,-0.0216616649038924,1.6117417524633406,-2.464073553901112,-2.197732545112145,-1.1351856749250977,0.844302918015138,0.0222061796664423,2.548427498985516,0.1024870793610447,1.666216272387837
30.0,258.0,242.24465942382807,-0.6765068837044388,0.5731721926803546,-3.182363211629109,-3.115613068305457,-2.833970604240305,0.5175124438082294,-0.1119189164304249,2.549271617641784,0.2717736279602655,1.804321352114272
30.0,258.0,210.119873046875,-0.7610068930568665,0.5642124147423887,-3.726421416211226,-2.7995431788777383,-1.3708891968054873,0.679066308131347,0.0234932080174868,2.5843400721228726,0.297657964549431,2.1950618999519365
30.0,258.0,130.06036376953125,-0.0222114267946533,1.6116323288251029,-2.464402269059958,-2.197912699246993,-1.1350247526561337,0.843738197651714,0.0224388104393285,2.5490722839911584,0.1046284445153567,1.674020022052375
30.0,258.0,130.06687927246094,-0.0219361858524773,1.6115935576078078,-2.4642984400550985,-2.1975327324175566,-1.1355292855810752,0.8436420279671472,0.0214985933340051,2.548247863356995,0.1052821952896456,1.667221496905419
30.0,258.0,205.575927734375,-0.8160173862793221,0.5906195673798553,-3.5501247184478806,-2.9220737949502533,-1.5276746941164658,0.7254873283981647,-0.0189028447691116,2.5943872451814447,0.2168908645567235,1.9760531472632008
30.0,258.0,130.06155395507812,-0.0215775363063054,1.611061185960011,-2.46501310085066,-2.197849701455941,-1.1349559228665942,0.8447758799481386,0.0219390213677063,2.5499945537550204,0.1062423555714915,1.677097478901885
30.0,258.0,130.0637969970703,-0.0208902406005644,1.6119734742103369,-2.464446091986895,-2.19710559809524,-1.1354421638064411,0.8450584025667578,0.0238041773645564,2.5516346855106327,0.107609505980238,1.6832541798756713
30.0,258.0,130.0644989013672,-0.0214179248292399,1.6128069766293551,-2.4646694673254155,-2.1997187233409914,-1.1352310118191995,0.8457633145446949,0.0229521221883603,2.5498708094247298,0.1066708785567443,1.680784104787331
30.0,258.0,130.06141662597656,-0.0212433152418556,1.6119415578478986,-2.464503045687366,-2.197957957645193,-1.135253556499711,0.8444462002684524,0.0231694186623434,2.55006490607497,0.106328143250225,1.676183812147586
30.0,258.0,130.0596923828125,-0.0216148007700014,1.610948044221752,-2.4645422094710323,-2.1976642164101383,-1.1352048186484744,0.8444218367418,0.0227316829238271,2.549324545403307,0.1044551057839413,1.6714983973159967
30.0,258.0,130.06988525390625,-0.0239186560541447,1.6112328387700028,-2.464607752057477,-2.1983760548270537,-1.135946660804071,0.8455786425558565,0.024944817960014,2.5519653703984586,0.1121193428936892,1.6940196991939904
30.0,258.0,130.06393432617188,-0.0214064070949329,1.6106285645644454,-2.464189419002003,-2.197557878009013,-1.1354880921220074,0.8468227362544697,0.0244955889442127,2.5471494932697687,0.1020325147209142,1.66475445129719
30.0,258.0,130.06600952148438,-0.0211178222070299,1.6103847759290266,-2.4644209921066222,-2.197451737189725,-1.1360195367760717,0.84494901713653,0.0235738133036352,2.551092969434705,0.1096924112457049,1.689501870068402
30.0,258.0,130.0591278076172,-0.0214306570370831,1.6121647367947556,-2.462893138908243,-2.1972888506279564,-1.1354781681612196,0.8443352925944105,0.0212797932653725,2.546677222871294,0.1024124556744698,1.666666245966415
30.0,259.0,130.05825805664062,-0.0217202972559392,1.6117173297878078,-2.4642168081770874,-2.19744917026364,-1.135342214416958,0.8442943930644615,0.0214855144662067,2.5474916743788345,0.1028813051085165,1.6683754637102135
30.0,259.0,130.05755615234375,-0.0214928287764693,1.6116145282447731,-2.464083516326105,-2.1975326704275178,-1.135278140917533,0.8443113108912997,0.0216130093648049,2.5484208239146326,0.1026031806156381,1.6674101783613977
30.0,259.0,130.06390380859375,-0.0215406024833171,1.6127831979029352,-2.4638886683450734,-2.1976251276633487,-1.1355116751780694,0.844367652089827,0.0226136819980813,2.551278710808611,0.1047876328898431,1.6698791403934872
30.0,259.0,205.40724182128903,-1.2471719392371754,0.7338063691250966,-3.6956164114227614,-2.6893020048638974,-1.4361633841990469,0.7509499775402746,-0.0265320376388999,2.5844589496606782,0.2214973721181175,2.0621365244733765
30.0,259.0,130.0651092529297,-0.0202165201953497,1.6097323878491905,-2.463668427685369,-2.197646291468084,-1.1356077273582226,0.8457255313573439,0.0203489800666949,2.5463311256758936,0.1021303657061601,1.6678596433079746
30.0,259.0,130.06134033203125,-0.0217426900596219,1.6118223088223105,-2.463940701186305,-2.196991607236123,-1.1348769768788811,0.842674954741028,0.0213361192769355,2.5487751733509683,0.0978317624061373,1.6593442195965586
30.0,259.0,130.06317138671875,-0.0214908486386406,1.6119646848450615,-2.464259312106244,-2.197573074584596,-1.135017991129897,0.8452881582951637,0.0238173310964382,2.551662452147406,0.1076228111777817,1.682164242503162
30.0,259.0,130.0622100830078,-0.0212112085904558,1.611940247268468,-2.464490530464323,-2.197534450090945,-1.135232296614472,0.8444980945704282,0.0231527330762314,2.5503785109304413,0.1073296986095062,1.6817504512190222
30.0,259.0,130.07180786132812,-0.0198385588222231,1.613399746182087,-2.462447093375754,-2.1980275329727466,-1.133904304055262,0.846753119792344,0.0232432009304832,2.55281013637525,0.1129654286504708,1.6988241965863846
30.0,259.0,217.80987548828125,-0.7399219093249991,0.6265199654248446,-3.3812386568411683,-3.115740592719888,-2.4970438835882924,0.4187495791001843,-0.1164287251613381,2.541142812644273,0.2703581298861386,2.0687642066891287
30.0,259.0,193.84164428710932,-0.2284010159949239,1.254985395882912,-2.7269330474421305,-2.062439529102285,-1.1192821284253744,0.7984072486439088,-0.0266891164844478,2.5659322521901795,0.1754660780234186,2.1465596423882265
30.0,259.0,130.0603485107422,-0.02166554888059,1.6116303742418878,-2.464433927833505,-2.1978671500740945,-1.1351945218100812,0.8445367092578658,0.0222050674800915,2.5500934509426303,0.1052217898583862,1.6741746615755806
30.0,259.0,130.0684814453125,-0.0210092410828998,1.6117904560236485,-2.462536880639236,-2.196906276081219,-1.1358953765699744,0.8444649807457459,0.0242434904857292,2.552799982203813,0.1116480754096299,1.694826688828618
30.0,259.0,130.05943298339844,-0.0219935388981424,1.611654784197548,-2.464391722081144,-2.1978621726399625,-1.135164740549237,0.8441647053313863,0.0216243961061352,2.548972819704615,0.1042794801072972,1.672657701329092
30.0,259.0,130.06382751464844,-0.0210768488679159,1.6115787991621522,-2.4645104577406944,-2.196788547789148,-1.1355815644650034,0.8447191841079633,0.0238637801295413,2.551499621966451,0.1068880356271441,1.6810068068410342
30.0,259.0,130.07928466796875,-0.0260575111717201,1.6101996732202797,-2.464525477493161,-2.1972242671767823,-1.1327676171862628,0.8495841317060162,0.0234409887596069,2.5506852741713866,0.1075453170498392,1.6798955848567605
30.0,259.0,135.01324462890625,-0.0050443463727662,1.665848002649067,-2.50845556794768,-2.214594157061241,-1.1534503278929902,0.8356871739330024,0.0232232993445655,2.5443195258813547,0.1053891805088048,1.8106631535972704
30.0,259.0,130.06192016601562,-0.0212227208284233,1.6121891393135834,-2.4644960529301425,-2.197557934395194,-1.1352402371828656,0.8448065255323579,0.023225858376605,2.550122352548509,0.1069361541826877,1.6781502357479896
30.0,259.0,130.06271362304688,-0.0183958592623967,1.611766764918701,-2.4644528874126737,-2.1979813257422074,-1.1357714648486046,0.8444145015083476,0.0227479002968482,2.5494621792905776,0.1045810047537792,1.674042889272646
30.0,259.0,130.06248474121094,-0.0215840801523459,1.6111231942244089,-2.463653703461436,-2.197920914503467,-1.135181385498146,0.8446968855417019,0.0238848185655176,2.5489903890468475,0.1025055717952216,1.672615243644023
30.0,259.0,130.05760192871094,-0.0214097114823104,1.611523855457712,-2.4641805070033898,-2.197705390040338,-1.1356620965797295,0.8441827829301369,0.0215682791344382,2.5477017745347768,0.1025949961762109,1.6666858408923158
30.0,259.0,130.0692901611328,-0.0203942656790777,1.6119663830322368,-2.4639858657702214,-2.197839879031834,-1.1339025559464286,0.846124412267191,0.0238077821854445,2.5530134643895543,0.1135540848143144,1.6996508312525616
30.0,259.0,130.06407165527344,-0.0189023077886603,1.611248664599196,-2.4637276986541767,-2.1990822342580705,-1.1350372136530134,0.8439692161530219,0.0216444113437123,2.5499106730690992,0.1007338441897717,1.663700489958135
30.0,259.0,130.06942749023438,-0.0219468168281905,1.61087327670683,-2.464344881917185,-2.1980714789687594,-1.1345717054621771,0.8458179531935374,0.0230429432536251,2.5519848361959903,0.1126151471956707,1.691251380271957
30.0,259.0,130.0575408935547,-0.021527892421395,1.6115680867118432,-2.464080063253406,-2.197770591502357,-1.1355609915311538,0.8441603384137748,0.0215621391719984,2.5483352543911977,0.1025906693272762,1.6664693592658557
30.0,259.0,130.06295776367188,-0.0209722800348992,1.612076634196732,-2.4644169416835093,-2.197409166080972,-1.1350960288458007,0.8450540787196443,0.0228528809136173,2.5507801907869663,0.1077065074623773,1.683861431917406
30.0,259.0,203.7299041748047,-1.4671963034076896,0.7718039591814964,-3.521820860113768,-2.7055890962796987,-1.3850800460590984,0.7492558679810841,0.0041742840984898,2.5864682179734686,0.2295821296873494,1.9406396168518183
30.0,259.0,240.0376892089844,-0.818985015422538,0.7325545795717203,-3.463958090524869,-3.1745869837099026,-1.9281247841715203,0.2058466922336207,-0.3766659363291286,2.6001316734345754,0.2265875295001577,2.1979228280822705
30.0,259.0,130.06130981445312,-0.0216142234234416,1.611941311973024,-2.464798408174317,-2.197471051246846,-1.1351544359745211,0.8443040384815177,0.0236204972586364,2.5489907340305056,0.103108024306166,1.672783223110942
30.0,259.0,130.0700225830078,-0.021554109745988,1.6120439753754856,-2.4634945447088183,-2.1977249787071043,-1.1359977360920583,0.8464675320695966,0.0248784910245729,2.5535928169217965,0.114511753033331,1.699528858876211
30.0,259.0,130.06771850585938,-0.0212937730914956,1.6122709198500875,-2.464560585489906,-2.197786618314241,-1.1359934261997726,0.8459951570172819,0.0233432106041645,2.552007270481794,0.1121948788892302,1.694829161136428
30.0,259.0,130.06578063964844,-0.0212879999388618,1.6105510053673844,-2.464488534719546,-2.197272555839896,-1.135763474717601,0.8445952402434519,0.0232643179459839,2.551649264836435,0.1104185259463369,1.6901741494212992
30.0,259.0,130.0648651123047,-0.0209586972021701,1.6118468861961923,-2.464104249831065,-2.197373122657018,-1.1337570303689364,0.8454771529024306,0.0245756504370924,2.551118384301476,0.1032619142561943,1.665766227152196
30.0,259.0,130.0702667236328,-0.0210276692817846,1.6124254855535571,-2.468390277728133,-2.198022469516207,-1.135523871224156,0.8441887306441169,0.0232881814738785,2.5484165755536976,0.1035522041688338,1.6669743269900188
30.0,259.0,130.0591278076172,-0.0216652174014381,1.6117185220728425,-2.463682103283752,-2.197851750715832,-1.1353838343319864,0.8442095501150251,0.0209804605194346,2.548019756429247,0.1036383784919287,1.6706206341096168
30.0,259.0,130.05752563476562,-0.0214276328910098,1.611490974642667,-2.464080826838188,-2.197872552215585,-1.1351555790358343,0.8443079283238917,0.0218968449652074,2.5485049965189432,0.1024747962946291,1.6664457030020603
30.0,259.0,242.24465942382807,-0.6765068837044388,0.5731721926803546,-3.182363211629109,-3.115613068305457,-2.833970604240305,0.5175124438082294,-0.1119189164304249,2.549271617641784,0.2717736279602655,1.804321352114272
30.0,259.0,210.119873046875,-0.7610068930568665,0.5642124147423887,-3.726421416211226,-2.7995431788777383,-1.3708891968054873,0.679066308131347,0.0234932080174868,2.5843400721228726,0.297657964549431,2.1950618999519365
30.0,259.0,130.06036376953125,-0.0222114267946533,1.6116323288251029,-2.464402269059958,-2.197912699246993,-1.1350247526561337,0.843738197651714,0.0224388104393285,2.5490722839911584,0.1046284445153567,1.674020022052375
30.0,259.0,130.06687927246094,-0.0219361858524773,1.6115935576078078,-2.4642984400550985,-2.1975327324175566,-1.1355292855810752,0.8436420279671472,0.0214985933340051,2.548247863356995,0.1052821952896456,1.667221496905419
30.0,259.0,205.575927734375,-0.8160173862793221,0.5906195673798553,-3.5501247184478806,-2.9220737949502533,-1.5276746941164658,0.7254873283981647,-0.0189028447691116,2.5943872451814447,0.2168908645567235,1.9760531472632008
30.0,259.0,130.06155395507812,-0.0215775363063054,1.611061185960011,-2.46501310085066,-2.197849701455941,-1.1349559228665942,0.8447758799481386,0.0219390213677063,2.5499945537550204,0.1062423555714915,1.677097478901885
30.0,259.0,130.0637969970703,-0.0208902406005644,1.6119734742103369,-2.464446091986895,-2.19710559809524,-1.1354421638064411,0.8450584025667578,0.0238041773645564,2.5516346855106327,0.107609505980238,1.6832541798756713
30.0,259.0,130.0644989013672,-0.0214179248292399,1.6128069766293551,-2.4646694673254155,-2.1997187233409914,-1.1352310118191995,0.8457633145446949,0.0229521221883603,2.5498708094247298,0.1066708785567443,1.680784104787331
30.0,259.0,130.06141662597656,-0.0212433152418556,1.6119415578478986,-2.464503045687366,-2.197957957645193,-1.135253556499711,0.8444462002684524,0.0231694186623434,2.55006490607497,0.106328143250225,1.676183812147586
30.0,259.0,130.0596923828125,-0.0216148007700014,1.610948044221752,-2.4645422094710323,-2.1976642164101383,-1.1352048186484744,0.8444218367418,0.0227316829238271,2.549324545403307,0.1044551057839413,1.6714983973159967
30.0,259.0,130.06988525390625,-0.0239186560541447,1.6112328387700028,-2.464607752057477,-2.1983760548270537,-1.135946660804071,0.8455786425558565,0.024944817960014,2.5519653703984586,0.1121193428936892,1.6940196991939904
30.0,259.0,130.0575714111328,-0.021507994953182,1.6111558265682109,-2.4639703317264843,-2.197703426909607,-1.135310627327106,0.8440084423545314,0.0213613901705874,2.547994237251343,0.1020042000232877,1.6639780021671164
30.0,259.0,130.06600952148438,-0.0211178222070299,1.6103847759290266,-2.4644209921066222,-2.197451737189725,-1.1360195367760717,0.84494901713653,0.0235738133036352,2.551092969434705,0.1096924112457049,1.689501870068402
30.0,259.0,130.05738830566406,-0.0216560634025656,1.611471726748483,-2.463199965994756,-2.197891453119256,-1.135364615993048,0.8442501010952148,0.0213996564287122,2.5472607785231816,0.1015842786484048,1.6654158528452812
30.0,260.0,130.05825805664062,-0.0217202972559392,1.6117173297878078,-2.4642168081770874,-2.19744917026364,-1.135342214416958,0.8442943930644615,0.0214855144662067,2.5474916743788345,0.1028813051085165,1.6683754637102135
30.0,260.0,130.05755615234375,-0.0214928287764693,1.6116145282447731,-2.464083516326105,-2.1975326704275178,-1.135278140917533,0.8443113108912997,0.0216130093648049,2.5484208239146326,0.1026031806156381,1.6674101783613977
30.0,260.0,130.06065368652344,-0.0218323268031596,1.6116613087203862,-2.463211812091228,-2.1978127079438257,-1.1355023842465877,0.8443173828506447,0.0212050640384655,2.5486428106838828,0.1047592654389449,1.6747312658260565
30.0,260.0,205.40724182128903,-1.2471719392371754,0.7338063691250966,-3.6956164114227614,-2.6893020048638974,-1.4361633841990469,0.7509499775402746,-0.0265320376388999,2.5844589496606782,0.2214973721181175,2.0621365244733765
30.0,260.0,130.0651092529297,-0.0202165201953497,1.6097323878491905,-2.463668427685369,-2.197646291468084,-1.1356077273582226,0.8457255313573439,0.0203489800666949,2.5463311256758936,0.1021303657061601,1.6678596433079746
30.0,260.0,130.06134033203125,-0.0217426900596219,1.6118223088223105,-2.463940701186305,-2.196991607236123,-1.1348769768788811,0.842674954741028,0.0213361192769355,2.5487751733509683,0.0978317624061373,1.6593442195965586
30.0,260.0,130.06317138671875,-0.0214908486386406,1.6119646848450615,-2.464259312106244,-2.197573074584596,-1.135017991129897,0.8452881582951637,0.0238173310964382,2.551662452147406,0.1076228111777817,1.682164242503162
30.0,260.0,130.0622100830078,-0.0212112085904558,1.611940247268468,-2.464490530464323,-2.197534450090945,-1.135232296614472,0.8444980945704282,0.0231527330762314,2.5503785109304413,0.1073296986095062,1.6817504512190222
30.0,260.0,130.07180786132812,-0.0198385588222231,1.613399746182087,-2.462447093375754,-2.1980275329727466,-1.133904304055262,0.846753119792344,0.0232432009304832,2.55281013637525,0.1129654286504708,1.6988241965863846
30.0,260.0,217.80987548828125,-0.7399219093249991,0.6265199654248446,-3.3812386568411683,-3.115740592719888,-2.4970438835882924,0.4187495791001843,-0.1164287251613381,2.541142812644273,0.2703581298861386,2.0687642066891287
30.0,260.0,193.84164428710932,-0.2284010159949239,1.254985395882912,-2.7269330474421305,-2.062439529102285,-1.1192821284253744,0.7984072486439088,-0.0266891164844478,2.5659322521901795,0.1754660780234186,2.1465596423882265
30.0,260.0,130.0603485107422,-0.02166554888059,1.6116303742418878,-2.464433927833505,-2.1978671500740945,-1.1351945218100812,0.8445367092578658,0.0222050674800915,2.5500934509426303,0.1052217898583862,1.6741746615755806
30.0,260.0,130.0684814453125,-0.0210092410828998,1.6117904560236485,-2.462536880639236,-2.196906276081219,-1.1358953765699744,0.8444649807457459,0.0242434904857292,2.552799982203813,0.1116480754096299,1.694826688828618
30.0,260.0,130.05943298339844,-0.0219935388981424,1.611654784197548,-2.464391722081144,-2.1978621726399625,-1.135164740549237,0.8441647053313863,0.0216243961061352,2.548972819704615,0.1042794801072972,1.672657701329092
30.0,260.0,130.06382751464844,-0.0210768488679159,1.6115787991621522,-2.4645104577406944,-2.196788547789148,-1.1355815644650034,0.8447191841079633,0.0238637801295413,2.551499621966451,0.1068880356271441,1.6810068068410342
30.0,260.0,130.07928466796875,-0.0260575111717201,1.6101996732202797,-2.464525477493161,-2.1972242671767823,-1.1327676171862628,0.8495841317060162,0.0234409887596069,2.5506852741713866,0.1075453170498392,1.6798955848567605
30.0,260.0,135.01324462890625,-0.0050443463727662,1.665848002649067,-2.50845556794768,-2.214594157061241,-1.1534503278929902,0.8356871739330024,0.0232232993445655,2.5443195258813547,0.1053891805088048,1.8106631535972704
30.0,260.0,130.06192016601562,-0.0212227208284233,1.6121891393135834,-2.4644960529301425,-2.197557934395194,-1.1352402371828656,0.8448065255323579,0.023225858376605,2.550122352548509,0.1069361541826877,1.6781502357479896
30.0,260.0,130.0577392578125,-0.0218551951684449,1.6113119354887822,-2.4620739963514784,-2.198429635914615,-1.1354652067228543,0.8442431072097233,0.0220248102315019,2.546310240935284,0.0986017985277625,1.6567891340351113
30.0,260.0,130.06248474121094,-0.0215840801523459,1.6111231942244089,-2.463653703461436,-2.197920914503467,-1.135181385498146,0.8446968855417019,0.0238848185655176,2.5489903890468475,0.1025055717952216,1.672615243644023
30.0,260.0,130.05760192871094,-0.0214097114823104,1.611523855457712,-2.4641805070033898,-2.197705390040338,-1.1356620965797295,0.8441827829301369,0.0215682791344382,2.5477017745347768,0.1025949961762109,1.6666858408923158
30.0,260.0,130.0692901611328,-0.0203942656790777,1.6119663830322368,-2.4639858657702214,-2.197839879031834,-1.1339025559464286,0.846124412267191,0.0238077821854445,2.5530134643895543,0.1135540848143144,1.6996508312525616
30.0,260.0,130.0604705810547,-0.0240583741999086,1.6114117849054284,-2.463142201704519,-2.196163563625722,-1.1350490118708707,0.8442638207632026,0.0213745372518663,2.546661751965756,0.0989400080769908,1.662143359397389
30.0,260.0,130.06942749023438,-0.0219468168281905,1.61087327670683,-2.464344881917185,-2.1980714789687594,-1.1345717054621771,0.8458179531935374,0.0230429432536251,2.5519848361959903,0.1126151471956707,1.691251380271957
30.0,260.0,130.0575408935547,-0.021527892421395,1.6115680867118432,-2.464080063253406,-2.197770591502357,-1.1355609915311538,0.8441603384137748,0.0215621391719984,2.5483352543911977,0.1025906693272762,1.6664693592658557
30.0,260.0,130.06295776367188,-0.0209722800348992,1.612076634196732,-2.4644169416835093,-2.197409166080972,-1.1350960288458007,0.8450540787196443,0.0228528809136173,2.5507801907869663,0.1077065074623773,1.683861431917406
30.0,260.0,203.7299041748047,-1.4671963034076896,0.7718039591814964,-3.521820860113768,-2.7055890962796987,-1.3850800460590984,0.7492558679810841,0.0041742840984898,2.5864682179734686,0.2295821296873494,1.9406396168518183
30.0,260.0,240.0376892089844,-0.818985015422538,0.7325545795717203,-3.463958090524869,-3.1745869837099026,-1.9281247841715203,0.2058466922336207,-0.3766659363291286,2.6001316734345754,0.2265875295001577,2.1979228280822705
30.0,260.0,130.06130981445312,-0.0216142234234416,1.611941311973024,-2.464798408174317,-2.197471051246846,-1.1351544359745211,0.8443040384815177,0.0236204972586364,2.5489907340305056,0.103108024306166,1.672783223110942
30.0,260.0,130.0700225830078,-0.021554109745988,1.6120439753754856,-2.4634945447088183,-2.1977249787071043,-1.1359977360920583,0.8464675320695966,0.0248784910245729,2.5535928169217965,0.114511753033331,1.699528858876211
30.0,260.0,130.06771850585938,-0.0212937730914956,1.6122709198500875,-2.464560585489906,-2.197786618314241,-1.1359934261997726,0.8459951570172819,0.0233432106041645,2.552007270481794,0.1121948788892302,1.694829161136428
30.0,260.0,130.06578063964844,-0.0212879999388618,1.6105510053673844,-2.464488534719546,-2.197272555839896,-1.135763474717601,0.8445952402434519,0.0232643179459839,2.551649264836435,0.1104185259463369,1.6901741494212992
30.0,260.0,130.0648651123047,-0.0209586972021701,1.6118468861961923,-2.464104249831065,-2.197373122657018,-1.1337570303689364,0.8454771529024306,0.0245756504370924,2.551118384301476,0.1032619142561943,1.665766227152196
30.0,260.0,130.0702667236328,-0.0210276692817846,1.6124254855535571,-2.468390277728133,-2.198022469516207,-1.135523871224156,0.8441887306441169,0.0232881814738785,2.5484165755536976,0.1035522041688338,1.6669743269900188
30.0,260.0,130.0591278076172,-0.0216652174014381,1.6117185220728425,-2.463682103283752,-2.197851750715832,-1.1353838343319864,0.8442095501150251,0.0209804605194346,2.548019756429247,0.1036383784919287,1.6706206341096168
30.0,260.0,130.05752563476562,-0.0214276328910098,1.611490974642667,-2.464080826838188,-2.197872552215585,-1.1351555790358343,0.8443079283238917,0.0218968449652074,2.5485049965189432,0.1024747962946291,1.6664457030020603
30.0,260.0,242.24465942382807,-0.6765068837044388,0.5731721926803546,-3.182363211629109,-3.115613068305457,-2.833970604240305,0.5175124438082294,-0.1119189164304249,2.549271617641784,0.2717736279602655,1.804321352114272
30.0,260.0,210.119873046875,-0.7610068930568665,0.5642124147423887,-3.726421416211226,-2.7995431788777383,-1.3708891968054873,0.679066308131347,0.0234932080174868,2.5843400721228726,0.297657964549431,2.1950618999519365
30.0,260.0,130.06036376953125,-0.0222114267946533,1.6116323288251029,-2.464402269059958,-2.197912699246993,-1.1350247526561337,0.843738197651714,0.0224388104393285,2.5490722839911584,0.1046284445153567,1.674020022052375
30.0,260.0,130.06417846679688,-0.0217895096361583,1.6115134735248025,-2.4638564704517645,-2.197892557640312,-1.135075951913061,0.8447243333956926,0.0205803671497171,2.547035266192057,0.1049763725377787,1.6710630884967868
30.0,260.0,205.575927734375,-0.8160173862793221,0.5906195673798553,-3.5501247184478806,-2.9220737949502533,-1.5276746941164658,0.7254873283981647,-0.0189028447691116,2.5943872451814447,0.2168908645567235,1.9760531472632008
30.0,260.0,130.06155395507812,-0.0215775363063054,1.611061185960011,-2.46501310085066,-2.197849701455941,-1.1349559228665942,0.8447758799481386,0.0219390213677063,2.5499945537550204,0.1062423555714915,1.677097478901885
30.0,260.0,130.0637969970703,-0.0208902406005644,1.6119734742103369,-2.464446091986895,-2.19710559809524,-1.1354421638064411,0.8450584025667578,0.0238041773645564,2.5516346855106327,0.107609505980238,1.6832541798756713
30.0,260.0,130.0644989013672,-0.0214179248292399,1.6128069766293551,-2.4646694673254155,-2.1997187233409914,-1.1352310118191995,0.8457633145446949,0.0229521221883603,2.5498708094247298,0.1066708785567443,1.680784104787331
30.0,260.0,130.06141662597656,-0.0212433152418556,1.6119415578478986,-2.464503045687366,-2.197957957645193,-1.135253556499711,0.8444462002684524,0.0231694186623434,2.55006490607497,0.106328143250225,1.676183812147586
30.0,260.0,130.0596923828125,-0.0216148007700014,1.610948044221752,-2.4645422094710323,-2.1976642164101383,-1.1352048186484744,0.8444218367418,0.0227316829238271,2.549324545403307,0.1044551057839413,1.6714983973159967
30.0,260.0,130.06988525390625,-0.0239186560541447,1.6112328387700028,-2.464607752057477,-2.1983760548270537,-1.135946660804071,0.8455786425558565,0.024944817960014,2.5519653703984586,0.1121193428936892,1.6940196991939904
30.0,260.0,130.0575714111328,-0.021507994953182,1.6111558265682109,-2.4639703317264843,-2.197703426909607,-1.135310627327106,0.8440084423545314,0.0213613901705874,2.547994237251343,0.1020042000232877,1.6639780021671164
30.0,260.0,130.06600952148438,-0.0211178222070299,1.6103847759290266,-2.4644209921066222,-2.197451737189725,-1.1360195367760717,0.84494901713653,0.0235738133036352,2.551092969434705,0.1096924112457049,1.689501870068402
30.0,260.0,130.05738830566406,-0.0216560634025656,1.611471726748483,-2.463199965994756,-2.197891453119256,-1.135364615993048,0.8442501010952148,0.0213996564287122,2.5472607785231816,0.1015842786484048,1.6654158528452812
30.0,261.0,130.05825805664062,-0.0217202972559392,1.6117173297878078,-2.4642168081770874,-2.19744917026364,-1.135342214416958,0.8442943930644615,0.0214855144662067,2.5474916743788345,0.1028813051085165,1.6683754637102135
30.0,261.0,130.05755615234375,-0.0214928287764693,1.6116145282447731,-2.464083516326105,-2.1975326704275178,-1.135278140917533,0.8443113108912997,0.0216130093648049,2.5484208239146326,0.1026031806156381,1.6674101783613977
30.0,261.0,130.06065368652344,-0.0218323268031596,1.6116613087203862,-2.463211812091228,-2.1978127079438257,-1.1355023842465877,0.8443173828506447,0.0212050640384655,2.5486428106838828,0.1047592654389449,1.6747312658260565
30.0,261.0,205.40724182128903,-1.2471719392371754,0.7338063691250966,-3.6956164114227614,-2.6893020048638974,-1.4361633841990469,0.7509499775402746,-0.0265320376388999,2.5844589496606782,0.2214973721181175,2.0621365244733765
30.0,261.0,130.0651092529297,-0.0202165201953497,1.6097323878491905,-2.463668427685369,-2.197646291468084,-1.1356077273582226,0.8457255313573439,0.0203489800666949,2.5463311256758936,0.1021303657061601,1.6678596433079746
30.0,261.0,130.06134033203125,-0.0217426900596219,1.6118223088223105,-2.463940701186305,-2.196991607236123,-1.1348769768788811,0.842674954741028,0.0213361192769355,2.5487751733509683,0.0978317624061373,1.6593442195965586
30.0,261.0,130.06317138671875,-0.0214908486386406,1.6119646848450615,-2.464259312106244,-2.197573074584596,-1.135017991129897,0.8452881582951637,0.0238173310964382,2.551662452147406,0.1076228111777817,1.682164242503162
30.0,261.0,130.0622100830078,-0.0212112085904558,1.611940247268468,-2.464490530464323,-2.197534450090945,-1.135232296614472,0.8444980945704282,0.0231527330762314,2.5503785109304413,0.1073296986095062,1.6817504512190222
30.0,261.0,130.07180786132812,-0.0198385588222231,1.613399746182087,-2.462447093375754,-2.1980275329727466,-1.133904304055262,0.846753119792344,0.0232432009304832,2.55281013637525,0.1129654286504708,1.6988241965863846
30.0,261.0,217.80987548828125,-0.7399219093249991,0.6265199654248446,-3.3812386568411683,-3.115740592719888,-2.4970438835882924,0.4187495791001843,-0.1164287251613381,2.541142812644273,0.2703581298861386,2.0687642066891287
30.0,261.0,193.84164428710932,-0.2284010159949239,1.254985395882912,-2.7269330474421305,-2.062439529102285,-1.1192821284253744,0.7984072486439088,-0.0266891164844478,2.5659322521901795,0.1754660780234186,2.1465596423882265
30.0,261.0,130.0603485107422,-0.02166554888059,1.6116303742418878,-2.464433927833505,-2.1978671500740945,-1.1351945218100812,0.8445367092578658,0.0222050674800915,2.5500934509426303,0.1052217898583862,1.6741746615755806
30.0,261.0,130.06790161132812,-0.0211362054202648,1.611973577648166,-2.462963987229532,-2.1974102895701235,-1.1355747997407646,0.8442488032706451,0.0191641164457027,2.547038175058179,0.1054440822104038,1.679002017941872
30.0,261.0,130.05943298339844,-0.0219935388981424,1.611654784197548,-2.464391722081144,-2.1978621726399625,-1.135164740549237,0.8441647053313863,0.0216243961061352,2.548972819704615,0.1042794801072972,1.672657701329092
30.0,261.0,130.06382751464844,-0.0210768488679159,1.6115787991621522,-2.4645104577406944,-2.196788547789148,-1.1355815644650034,0.8447191841079633,0.0238637801295413,2.551499621966451,0.1068880356271441,1.6810068068410342
30.0,261.0,130.07928466796875,-0.0260575111717201,1.6101996732202797,-2.464525477493161,-2.1972242671767823,-1.1327676171862628,0.8495841317060162,0.0234409887596069,2.5506852741713866,0.1075453170498392,1.6798955848567605
30.0,261.0,135.01324462890625,-0.0050443463727662,1.665848002649067,-2.50845556794768,-2.214594157061241,-1.1534503278929902,0.8356871739330024,0.0232232993445655,2.5443195258813547,0.1053891805088048,1.8106631535972704
30.0,261.0,130.06192016601562,-0.0212227208284233,1.6121891393135834,-2.4644960529301425,-2.197557934395194,-1.1352402371828656,0.8448065255323579,0.023225858376605,2.550122352548509,0.1069361541826877,1.6781502357479896
30.0,261.0,130.0577392578125,-0.0218551951684449,1.6113119354887822,-2.4620739963514784,-2.198429635914615,-1.1354652067228543,0.8442431072097233,0.0220248102315019,2.546310240935284,0.0986017985277625,1.6567891340351113
30.0,261.0,130.06248474121094,-0.0215840801523459,1.6111231942244089,-2.463653703461436,-2.197920914503467,-1.135181385498146,0.8446968855417019,0.0238848185655176,2.5489903890468475,0.1025055717952216,1.672615243644023
30.0,261.0,130.05760192871094,-0.0214097114823104,1.611523855457712,-2.4641805070033898,-2.197705390040338,-1.1356620965797295,0.8441827829301369,0.0215682791344382,2.5477017745347768,0.1025949961762109,1.6666858408923158
30.0,261.0,130.0692901611328,-0.0203942656790777,1.6119663830322368,-2.4639858657702214,-2.197839879031834,-1.1339025559464286,0.846124412267191,0.0238077821854445,2.5530134643895543,0.1135540848143144,1.6996508312525616
30.0,261.0,130.05929565429688,-0.0229840345625731,1.6114034778586277,-2.463135100989458,-2.198956107014004,-1.1353923691199106,0.8443713943623992,0.0212979526481876,2.546670261713997,0.1009693553300359,1.66404534010716
30.0,261.0,130.06942749023438,-0.0219468168281905,1.61087327670683,-2.464344881917185,-2.1980714789687594,-1.1345717054621771,0.8458179531935374,0.0230429432536251,2.5519848361959903,0.1126151471956707,1.691251380271957
30.0,261.0,130.0575408935547,-0.021527892421395,1.6115680867118432,-2.464080063253406,-2.197770591502357,-1.1355609915311538,0.8441603384137748,0.0215621391719984,2.5483352543911977,0.1025906693272762,1.6664693592658557
30.0,261.0,130.06295776367188,-0.0209722800348992,1.612076634196732,-2.4644169416835093,-2.197409166080972,-1.1350960288458007,0.8450540787196443,0.0228528809136173,2.5507801907869663,0.1077065074623773,1.683861431917406
30.0,261.0,203.7299041748047,-1.4671963034076896,0.7718039591814964,-3.521820860113768,-2.7055890962796987,-1.3850800460590984,0.7492558679810841,0.0041742840984898,2.5864682179734686,0.2295821296873494,1.9406396168518183
30.0,261.0,240.0376892089844,-0.818985015422538,0.7325545795717203,-3.463958090524869,-3.1745869837099026,-1.9281247841715203,0.2058466922336207,-0.3766659363291286,2.6001316734345754,0.2265875295001577,2.1979228280822705
30.0,261.0,130.06130981445312,-0.0216142234234416,1.611941311973024,-2.464798408174317,-2.197471051246846,-1.1351544359745211,0.8443040384815177,0.0236204972586364,2.5489907340305056,0.103108024306166,1.672783223110942
30.0,261.0,130.0700225830078,-0.021554109745988,1.6120439753754856,-2.4634945447088183,-2.1977249787071043,-1.1359977360920583,0.8464675320695966,0.0248784910245729,2.5535928169217965,0.114511753033331,1.699528858876211
30.0,261.0,130.06771850585938,-0.0212937730914956,1.6122709198500875,-2.464560585489906,-2.197786618314241,-1.1359934261997726,0.8459951570172819,0.0233432106041645,2.552007270481794,0.1121948788892302,1.694829161136428
30.0,261.0,130.06578063964844,-0.0212879999388618,1.6105510053673844,-2.464488534719546,-2.197272555839896,-1.135763474717601,0.8445952402434519,0.0232643179459839,2.551649264836435,0.1104185259463369,1.6901741494212992
30.0,261.0,130.0648651123047,-0.0209586972021701,1.6118468861961923,-2.464104249831065,-2.197373122657018,-1.1337570303689364,0.8454771529024306,0.0245756504370924,2.551118384301476,0.1032619142561943,1.665766227152196
30.0,261.0,130.0702667236328,-0.0210276692817846,1.6124254855535571,-2.468390277728133,-2.198022469516207,-1.135523871224156,0.8441887306441169,0.0232881814738785,2.5484165755536976,0.1035522041688338,1.6669743269900188
30.0,261.0,130.0591278076172,-0.0216652174014381,1.6117185220728425,-2.463682103283752,-2.197851750715832,-1.1353838343319864,0.8442095501150251,0.0209804605194346,2.548019756429247,0.1036383784919287,1.6706206341096168
30.0,261.0,130.05752563476562,-0.0214276328910098,1.611490974642667,-2.464080826838188,-2.197872552215585,-1.1351555790358343,0.8443079283238917,0.0218968449652074,2.5485049965189432,0.1024747962946291,1.6664457030020603
30.0,261.0,242.24465942382807,-0.6765068837044388,0.5731721926803546,-3.182363211629109,-3.115613068305457,-2.833970604240305,0.5175124438082294,-0.1119189164304249,2.549271617641784,0.2717736279602655,1.804321352114272
30.0,261.0,210.119873046875,-0.7610068930568665,0.5642124147423887,-3.726421416211226,-2.7995431788777383,-1.3708891968054873,0.679066308131347,0.0234932080174868,2.5843400721228726,0.297657964549431,2.1950618999519365
30.0,261.0,130.06036376953125,-0.0222114267946533,1.6116323288251029,-2.464402269059958,-2.197912699246993,-1.1350247526561337,0.843738197651714,0.0224388104393285,2.5490722839911584,0.1046284445153567,1.674020022052375
30.0,261.0,130.0625,-0.0216494015985062,1.611423265842275,-2.463556671925762,-2.1979483610632107,-1.1352603327322903,0.8441197482801269,0.0203371080348314,2.546735650011452,0.1042061893221525,1.6727367032673257
30.0,261.0,205.575927734375,-0.8160173862793221,0.5906195673798553,-3.5501247184478806,-2.9220737949502533,-1.5276746941164658,0.7254873283981647,-0.0189028447691116,2.5943872451814447,0.2168908645567235,1.9760531472632008
30.0,261.0,130.06155395507812,-0.0215775363063054,1.611061185960011,-2.46501310085066,-2.197849701455941,-1.1349559228665942,0.8447758799481386,0.0219390213677063,2.5499945537550204,0.1062423555714915,1.677097478901885
30.0,261.0,130.0637969970703,-0.0208902406005644,1.6119734742103369,-2.464446091986895,-2.19710559809524,-1.1354421638064411,0.8450584025667578,0.0238041773645564,2.5516346855106327,0.107609505980238,1.6832541798756713
30.0,261.0,130.0644989013672,-0.0214179248292399,1.6128069766293551,-2.4646694673254155,-2.1997187233409914,-1.1352310118191995,0.8457633145446949,0.0229521221883603,2.5498708094247298,0.1066708785567443,1.680784104787331
30.0,261.0,130.06141662597656,-0.0212433152418556,1.6119415578478986,-2.464503045687366,-2.197957957645193,-1.135253556499711,0.8444462002684524,0.0231694186623434,2.55006490607497,0.106328143250225,1.676183812147586
30.0,261.0,130.0596923828125,-0.0216148007700014,1.610948044221752,-2.4645422094710323,-2.1976642164101383,-1.1352048186484744,0.8444218367418,0.0227316829238271,2.549324545403307,0.1044551057839413,1.6714983973159967
30.0,261.0,130.06988525390625,-0.0239186560541447,1.6112328387700028,-2.464607752057477,-2.1983760548270537,-1.135946660804071,0.8455786425558565,0.024944817960014,2.5519653703984586,0.1121193428936892,1.6940196991939904
30.0,261.0,130.0575714111328,-0.021507994953182,1.6111558265682109,-2.4639703317264843,-2.197703426909607,-1.135310627327106,0.8440084423545314,0.0213613901705874,2.547994237251343,0.1020042000232877,1.6639780021671164
30.0,261.0,130.06600952148438,-0.0211178222070299,1.6103847759290266,-2.4644209921066222,-2.197451737189725,-1.1360195367760717,0.84494901713653,0.0235738133036352,2.551092969434705,0.1096924112457049,1.689501870068402
30.0,261.0,130.05738830566406,-0.0216560634025656,1.611471726748483,-2.463199965994756,-2.197891453119256,-1.135364615993048,0.8442501010952148,0.0213996564287122,2.5472607785231816,0.1015842786484048,1.6654158528452812
30.0,262.0,130.05825805664062,-0.0217202972559392,1.6117173297878078,-2.4642168081770874,-2.19744917026364,-1.135342214416958,0.8442943930644615,0.0214855144662067,2.5474916743788345,0.1028813051085165,1.6683754637102135
30.0,262.0,130.05712890625,-0.0215383261813391,1.6115799816313212,-2.464115192067017,-2.1980895531601634,-1.135333166959505,0.844269444414002,0.0215997608214946,2.547114128309932,0.1016953993234553,1.6639569796188456
30.0,262.0,130.06065368652344,-0.0218323268031596,1.6116613087203862,-2.463211812091228,-2.1978127079438257,-1.1355023842465877,0.8443173828506447,0.0212050640384655,2.5486428106838828,0.1047592654389449,1.6747312658260565
30.0,262.0,205.40724182128903,-1.2471719392371754,0.7338063691250966,-3.6956164114227614,-2.6893020048638974,-1.4361633841990469,0.7509499775402746,-0.0265320376388999,2.5844589496606782,0.2214973721181175,2.0621365244733765
30.0,262.0,130.0651092529297,-0.0202165201953497,1.6097323878491905,-2.463668427685369,-2.197646291468084,-1.1356077273582226,0.8457255313573439,0.0203489800666949,2.5463311256758936,0.1021303657061601,1.6678596433079746
30.0,262.0,130.0564422607422,-0.021637400264816,1.6109806627914096,-2.46313584767084,-2.1973099822019964,-1.1361828041730486,0.8436156123235677,0.0215517193285518,2.546819705686398,0.0999942435300624,1.6604757735885922
30.0,262.0,130.06317138671875,-0.0214908486386406,1.6119646848450615,-2.464259312106244,-2.197573074584596,-1.135017991129897,0.8452881582951637,0.0238173310964382,2.551662452147406,0.1076228111777817,1.682164242503162
30.0,262.0,130.0622100830078,-0.0212112085904558,1.611940247268468,-2.464490530464323,-2.197534450090945,-1.135232296614472,0.8444980945704282,0.0231527330762314,2.5503785109304413,0.1073296986095062,1.6817504512190222
30.0,262.0,130.07180786132812,-0.0198385588222231,1.613399746182087,-2.462447093375754,-2.1980275329727466,-1.133904304055262,0.846753119792344,0.0232432009304832,2.55281013637525,0.1129654286504708,1.6988241965863846
30.0,262.0,217.80987548828125,-0.7399219093249991,0.6265199654248446,-3.3812386568411683,-3.115740592719888,-2.4970438835882924,0.4187495791001843,-0.1164287251613381,2.541142812644273,0.2703581298861386,2.0687642066891287
30.0,262.0,193.84164428710932,-0.2284010159949239,1.254985395882912,-2.7269330474421305,-2.062439529102285,-1.1192821284253744,0.7984072486439088,-0.0266891164844478,2.5659322521901795,0.1754660780234186,2.1465596423882265
30.0,262.0,130.0603485107422,-0.02166554888059,1.6116303742418878,-2.464433927833505,-2.1978671500740945,-1.1351945218100812,0.8445367092578658,0.0222050674800915,2.5500934509426303,0.1052217898583862,1.6741746615755806
30.0,262.0,130.06790161132812,-0.0211362054202648,1.611973577648166,-2.462963987229532,-2.1974102895701235,-1.1355747997407646,0.8442488032706451,0.0191641164457027,2.547038175058179,0.1054440822104038,1.679002017941872
30.0,262.0,130.05943298339844,-0.0219935388981424,1.611654784197548,-2.464391722081144,-2.1978621726399625,-1.135164740549237,0.8441647053313863,0.0216243961061352,2.548972819704615,0.1042794801072972,1.672657701329092
30.0,262.0,130.06382751464844,-0.0210768488679159,1.6115787991621522,-2.4645104577406944,-2.196788547789148,-1.1355815644650034,0.8447191841079633,0.0238637801295413,2.551499621966451,0.1068880356271441,1.6810068068410342
30.0,262.0,130.07928466796875,-0.0260575111717201,1.6101996732202797,-2.464525477493161,-2.1972242671767823,-1.1327676171862628,0.8495841317060162,0.0234409887596069,2.5506852741713866,0.1075453170498392,1.6798955848567605
30.0,262.0,135.01324462890625,-0.0050443463727662,1.665848002649067,-2.50845556794768,-2.214594157061241,-1.1534503278929902,0.8356871739330024,0.0232232993445655,2.5443195258813547,0.1053891805088048,1.8106631535972704
30.0,262.0,130.06192016601562,-0.0212227208284233,1.6121891393135834,-2.4644960529301425,-2.197557934395194,-1.1352402371828656,0.8448065255323579,0.023225858376605,2.550122352548509,0.1069361541826877,1.6781502357479896
30.0,262.0,130.05763244628906,-0.0213865066144634,1.6114322893141728,-2.463010226486656,-2.198162092939369,-1.135330528921833,0.8442408238999735,0.0208519602983867,2.547826913251565,0.1010167833852269,1.661960286207093
30.0,262.0,130.06248474121094,-0.0215840801523459,1.6111231942244089,-2.463653703461436,-2.197920914503467,-1.135181385498146,0.8446968855417019,0.0238848185655176,2.5489903890468475,0.1025055717952216,1.672615243644023
30.0,262.0,130.05760192871094,-0.0214097114823104,1.611523855457712,-2.4641805070033898,-2.197705390040338,-1.1356620965797295,0.8441827829301369,0.0215682791344382,2.5477017745347768,0.1025949961762109,1.6666858408923158
30.0,262.0,130.0692901611328,-0.0203942656790777,1.6119663830322368,-2.4639858657702214,-2.197839879031834,-1.1339025559464286,0.846124412267191,0.0238077821854445,2.5530134643895543,0.1135540848143144,1.6996508312525616
30.0,262.0,130.05929565429688,-0.0229840345625731,1.6114034778586277,-2.463135100989458,-2.198956107014004,-1.1353923691199106,0.8443713943623992,0.0212979526481876,2.546670261713997,0.1009693553300359,1.66404534010716
30.0,262.0,130.06942749023438,-0.0219468168281905,1.61087327670683,-2.464344881917185,-2.1980714789687594,-1.1345717054621771,0.8458179531935374,0.0230429432536251,2.5519848361959903,0.1126151471956707,1.691251380271957
30.0,262.0,130.0575408935547,-0.021527892421395,1.6115680867118432,-2.464080063253406,-2.197770591502357,-1.1355609915311538,0.8441603384137748,0.0215621391719984,2.5483352543911977,0.1025906693272762,1.6664693592658557
30.0,262.0,130.06295776367188,-0.0209722800348992,1.612076634196732,-2.4644169416835093,-2.197409166080972,-1.1350960288458007,0.8450540787196443,0.0228528809136173,2.5507801907869663,0.1077065074623773,1.683861431917406
30.0,262.0,203.7299041748047,-1.4671963034076896,0.7718039591814964,-3.521820860113768,-2.7055890962796987,-1.3850800460590984,0.7492558679810841,0.0041742840984898,2.5864682179734686,0.2295821296873494,1.9406396168518183
30.0,262.0,240.0376892089844,-0.818985015422538,0.7325545795717203,-3.463958090524869,-3.1745869837099026,-1.9281247841715203,0.2058466922336207,-0.3766659363291286,2.6001316734345754,0.2265875295001577,2.1979228280822705
30.0,262.0,130.06130981445312,-0.0216142234234416,1.611941311973024,-2.464798408174317,-2.197471051246846,-1.1351544359745211,0.8443040384815177,0.0236204972586364,2.5489907340305056,0.103108024306166,1.672783223110942
30.0,262.0,130.0700225830078,-0.021554109745988,1.6120439753754856,-2.4634945447088183,-2.1977249787071043,-1.1359977360920583,0.8464675320695966,0.0248784910245729,2.5535928169217965,0.114511753033331,1.699528858876211
30.0,262.0,130.06771850585938,-0.0212937730914956,1.6122709198500875,-2.464560585489906,-2.197786618314241,-1.1359934261997726,0.8459951570172819,0.0233432106041645,2.552007270481794,0.1121948788892302,1.694829161136428
30.0,262.0,130.06578063964844,-0.0212879999388618,1.6105510053673844,-2.464488534719546,-2.197272555839896,-1.135763474717601,0.8445952402434519,0.0232643179459839,2.551649264836435,0.1104185259463369,1.6901741494212992
30.0,262.0,130.0648651123047,-0.0209586972021701,1.6118468861961923,-2.464104249831065,-2.197373122657018,-1.1337570303689364,0.8454771529024306,0.0245756504370924,2.551118384301476,0.1032619142561943,1.665766227152196
30.0,262.0,130.0702667236328,-0.0210276692817846,1.6124254855535571,-2.468390277728133,-2.198022469516207,-1.135523871224156,0.8441887306441169,0.0232881814738785,2.5484165755536976,0.1035522041688338,1.6669743269900188
30.0,262.0,130.0591278076172,-0.0216652174014381,1.6117185220728425,-2.463682103283752,-2.197851750715832,-1.1353838343319864,0.8442095501150251,0.0209804605194346,2.548019756429247,0.1036383784919287,1.6706206341096168
30.0,262.0,130.05752563476562,-0.0214276328910098,1.611490974642667,-2.464080826838188,-2.197872552215585,-1.1351555790358343,0.8443079283238917,0.0218968449652074,2.5485049965189432,0.1024747962946291,1.6664457030020603
30.0,262.0,242.24465942382807,-0.6765068837044388,0.5731721926803546,-3.182363211629109,-3.115613068305457,-2.833970604240305,0.5175124438082294,-0.1119189164304249,2.549271617641784,0.2717736279602655,1.804321352114272
30.0,262.0,210.119873046875,-0.7610068930568665,0.5642124147423887,-3.726421416211226,-2.7995431788777383,-1.3708891968054873,0.679066308131347,0.0234932080174868,2.5843400721228726,0.297657964549431,2.1950618999519365
30.0,262.0,130.06036376953125,-0.0222114267946533,1.6116323288251029,-2.464402269059958,-2.197912699246993,-1.1350247526561337,0.843738197651714,0.0224388104393285,2.5490722839911584,0.1046284445153567,1.674020022052375
30.0,262.0,130.05722045898438,-0.0216060735570442,1.611419854250968,-2.4630883682041023,-2.1978792230259203,-1.1353354060561405,0.8440452574314943,0.0225415449492552,2.5478997709152336,0.1003194665618118,1.6631178443153956
30.0,262.0,205.575927734375,-0.8160173862793221,0.5906195673798553,-3.5501247184478806,-2.9220737949502533,-1.5276746941164658,0.7254873283981647,-0.0189028447691116,2.5943872451814447,0.2168908645567235,1.9760531472632008
30.0,262.0,130.06155395507812,-0.0215775363063054,1.611061185960011,-2.46501310085066,-2.197849701455941,-1.1349559228665942,0.8447758799481386,0.0219390213677063,2.5499945537550204,0.1062423555714915,1.677097478901885
30.0,262.0,130.0637969970703,-0.0208902406005644,1.6119734742103369,-2.464446091986895,-2.19710559809524,-1.1354421638064411,0.8450584025667578,0.0238041773645564,2.5516346855106327,0.107609505980238,1.6832541798756713
30.0,262.0,130.0644989013672,-0.0214179248292399,1.6128069766293551,-2.4646694673254155,-2.1997187233409914,-1.1352310118191995,0.8457633145446949,0.0229521221883603,2.5498708094247298,0.1066708785567443,1.680784104787331
30.0,262.0,130.06141662597656,-0.0212433152418556,1.6119415578478986,-2.464503045687366,-2.197957957645193,-1.135253556499711,0.8444462002684524,0.0231694186623434,2.55006490607497,0.106328143250225,1.676183812147586
30.0,262.0,130.0596923828125,-0.0216148007700014,1.610948044221752,-2.4645422094710323,-2.1976642164101383,-1.1352048186484744,0.8444218367418,0.0227316829238271,2.549324545403307,0.1044551057839413,1.6714983973159967
30.0,262.0,130.06988525390625,-0.0239186560541447,1.6112328387700028,-2.464607752057477,-2.1983760548270537,-1.135946660804071,0.8455786425558565,0.024944817960014,2.5519653703984586,0.1121193428936892,1.6940196991939904
30.0,262.0,130.0575714111328,-0.021507994953182,1.6111558265682109,-2.4639703317264843,-2.197703426909607,-1.135310627327106,0.8440084423545314,0.0213613901705874,2.547994237251343,0.1020042000232877,1.6639780021671164
30.0,262.0,130.06600952148438,-0.0211178222070299,1.6103847759290266,-2.4644209921066222,-2.197451737189725,-1.1360195367760717,0.84494901713653,0.0235738133036352,2.551092969434705,0.1096924112457049,1.689501870068402
30.0,262.0,130.05738830566406,-0.0216560634025656,1.611471726748483,-2.463199965994756,-2.197891453119256,-1.135364615993048,0.8442501010952148,0.0213996564287122,2.5472607785231816,0.1015842786484048,1.6654158528452812
30.0,263.0,130.05825805664062,-0.0217202972559392,1.6117173297878078,-2.4642168081770874,-2.19744917026364,-1.135342214416958,0.8442943930644615,0.0214855144662067,2.5474916743788345,0.1028813051085165,1.6683754637102135
30.0,263.0,130.05712890625,-0.0215383261813391,1.6115799816313212,-2.464115192067017,-2.1980895531601634,-1.135333166959505,0.844269444414002,0.0215997608214946,2.547114128309932,0.1016953993234553,1.6639569796188456
30.0,263.0,130.06065368652344,-0.0218323268031596,1.6116613087203862,-2.463211812091228,-2.1978127079438257,-1.1355023842465877,0.8443173828506447,0.0212050640384655,2.5486428106838828,0.1047592654389449,1.6747312658260565
30.0,263.0,205.40724182128903,-1.2471719392371754,0.7338063691250966,-3.6956164114227614,-2.6893020048638974,-1.4361633841990469,0.7509499775402746,-0.0265320376388999,2.5844589496606782,0.2214973721181175,2.0621365244733765
30.0,263.0,130.0651092529297,-0.0202165201953497,1.6097323878491905,-2.463668427685369,-2.197646291468084,-1.1356077273582226,0.8457255313573439,0.0203489800666949,2.5463311256758936,0.1021303657061601,1.6678596433079746
30.0,263.0,130.0564422607422,-0.021637400264816,1.6109806627914096,-2.46313584767084,-2.1973099822019964,-1.1361828041730486,0.8436156123235677,0.0215517193285518,2.546819705686398,0.0999942435300624,1.6604757735885922
30.0,263.0,130.06317138671875,-0.0214908486386406,1.6119646848450615,-2.464259312106244,-2.197573074584596,-1.135017991129897,0.8452881582951637,0.0238173310964382,2.551662452147406,0.1076228111777817,1.682164242503162
30.0,263.0,130.0622100830078,-0.0212112085904558,1.611940247268468,-2.464490530464323,-2.197534450090945,-1.135232296614472,0.8444980945704282,0.0231527330762314,2.5503785109304413,0.1073296986095062,1.6817504512190222
30.0,263.0,130.07180786132812,-0.0198385588222231,1.613399746182087,-2.462447093375754,-2.1980275329727466,-1.133904304055262,0.846753119792344,0.0232432009304832,2.55281013637525,0.1129654286504708,1.6988241965863846
30.0,263.0,217.80987548828125,-0.7399219093249991,0.6265199654248446,-3.3812386568411683,-3.115740592719888,-2.4970438835882924,0.4187495791001843,-0.1164287251613381,2.541142812644273,0.2703581298861386,2.0687642066891287
30.0,263.0,193.84164428710932,-0.2284010159949239,1.254985395882912,-2.7269330474421305,-2.062439529102285,-1.1192821284253744,0.7984072486439088,-0.0266891164844478,2.5659322521901795,0.1754660780234186,2.1465596423882265
30.0,263.0,130.0603485107422,-0.02166554888059,1.6116303742418878,-2.464433927833505,-2.1978671500740945,-1.1351945218100812,0.8445367092578658,0.0222050674800915,2.5500934509426303,0.1052217898583862,1.6741746615755806
30.0,263.0,130.0666046142578,-0.0217772705656862,1.6105556231898015,-2.462987392968082,-2.197334460055252,-1.1373636114000405,0.8436253754037089,0.0249125803153662,2.549264976714231,0.1033187024900001,1.6692428088620748
30.0,263.0,130.05943298339844,-0.0219935388981424,1.611654784197548,-2.464391722081144,-2.1978621726399625,-1.135164740549237,0.8441647053313863,0.0216243961061352,2.548972819704615,0.1042794801072972,1.672657701329092
30.0,263.0,130.06382751464844,-0.0210768488679159,1.6115787991621522,-2.4645104577406944,-2.196788547789148,-1.1355815644650034,0.8447191841079633,0.0238637801295413,2.551499621966451,0.1068880356271441,1.6810068068410342
30.0,263.0,130.07928466796875,-0.0260575111717201,1.6101996732202797,-2.464525477493161,-2.1972242671767823,-1.1327676171862628,0.8495841317060162,0.0234409887596069,2.5506852741713866,0.1075453170498392,1.6798955848567605
30.0,263.0,135.01324462890625,-0.0050443463727662,1.665848002649067,-2.50845556794768,-2.214594157061241,-1.1534503278929902,0.8356871739330024,0.0232232993445655,2.5443195258813547,0.1053891805088048,1.8106631535972704
30.0,263.0,130.06192016601562,-0.0212227208284233,1.6121891393135834,-2.4644960529301425,-2.197557934395194,-1.1352402371828656,0.8448065255323579,0.023225858376605,2.550122352548509,0.1069361541826877,1.6781502357479896
30.0,263.0,130.05763244628906,-0.0213865066144634,1.6114322893141728,-2.463010226486656,-2.198162092939369,-1.135330528921833,0.8442408238999735,0.0208519602983867,2.547826913251565,0.1010167833852269,1.661960286207093
30.0,263.0,130.06248474121094,-0.0215840801523459,1.6111231942244089,-2.463653703461436,-2.197920914503467,-1.135181385498146,0.8446968855417019,0.0238848185655176,2.5489903890468475,0.1025055717952216,1.672615243644023
30.0,263.0,130.05508422851562,-0.0215917127502649,1.6113969438955726,-2.4642392622748908,-2.1972729137267453,-1.1354305819137127,0.8436862674534593,0.0215826127776874,2.5476425025102127,0.0990705395538166,1.6571212981112315
30.0,263.0,130.0692901611328,-0.0203942656790777,1.6119663830322368,-2.4639858657702214,-2.197839879031834,-1.1339025559464286,0.846124412267191,0.0238077821854445,2.5530134643895543,0.1135540848143144,1.6996508312525616
30.0,263.0,130.05929565429688,-0.0229840345625731,1.6114034778586277,-2.463135100989458,-2.198956107014004,-1.1353923691199106,0.8443713943623992,0.0212979526481876,2.546670261713997,0.1009693553300359,1.66404534010716
30.0,263.0,130.06942749023438,-0.0219468168281905,1.61087327670683,-2.464344881917185,-2.1980714789687594,-1.1345717054621771,0.8458179531935374,0.0230429432536251,2.5519848361959903,0.1126151471956707,1.691251380271957
30.0,263.0,130.0575408935547,-0.021527892421395,1.6115680867118432,-2.464080063253406,-2.197770591502357,-1.1355609915311538,0.8441603384137748,0.0215621391719984,2.5483352543911977,0.1025906693272762,1.6664693592658557
30.0,263.0,130.06295776367188,-0.0209722800348992,1.612076634196732,-2.4644169416835093,-2.197409166080972,-1.1350960288458007,0.8450540787196443,0.0228528809136173,2.5507801907869663,0.1077065074623773,1.683861431917406
30.0,263.0,203.7299041748047,-1.4671963034076896,0.7718039591814964,-3.521820860113768,-2.7055890962796987,-1.3850800460590984,0.7492558679810841,0.0041742840984898,2.5864682179734686,0.2295821296873494,1.9406396168518183
30.0,263.0,240.0376892089844,-0.818985015422538,0.7325545795717203,-3.463958090524869,-3.1745869837099026,-1.9281247841715203,0.2058466922336207,-0.3766659363291286,2.6001316734345754,0.2265875295001577,2.1979228280822705
30.0,263.0,130.06130981445312,-0.0216142234234416,1.611941311973024,-2.464798408174317,-2.197471051246846,-1.1351544359745211,0.8443040384815177,0.0236204972586364,2.5489907340305056,0.103108024306166,1.672783223110942
30.0,263.0,130.0700225830078,-0.021554109745988,1.6120439753754856,-2.4634945447088183,-2.1977249787071043,-1.1359977360920583,0.8464675320695966,0.0248784910245729,2.5535928169217965,0.114511753033331,1.699528858876211
30.0,263.0,130.06771850585938,-0.0212937730914956,1.6122709198500875,-2.464560585489906,-2.197786618314241,-1.1359934261997726,0.8459951570172819,0.0233432106041645,2.552007270481794,0.1121948788892302,1.694829161136428
30.0,263.0,130.06578063964844,-0.0212879999388618,1.6105510053673844,-2.464488534719546,-2.197272555839896,-1.135763474717601,0.8445952402434519,0.0232643179459839,2.551649264836435,0.1104185259463369,1.6901741494212992
30.0,263.0,130.0648651123047,-0.0209586972021701,1.6118468861961923,-2.464104249831065,-2.197373122657018,-1.1337570303689364,0.8454771529024306,0.0245756504370924,2.551118384301476,0.1032619142561943,1.665766227152196
30.0,263.0,130.0702667236328,-0.0210276692817846,1.6124254855535571,-2.468390277728133,-2.198022469516207,-1.135523871224156,0.8441887306441169,0.0232881814738785,2.5484165755536976,0.1035522041688338,1.6669743269900188
30.0,263.0,130.0591278076172,-0.0216652174014381,1.6117185220728425,-2.463682103283752,-2.197851750715832,-1.1353838343319864,0.8442095501150251,0.0209804605194346,2.548019756429247,0.1036383784919287,1.6706206341096168
30.0,263.0,130.0573272705078,-0.0216850179309219,1.610846294746492,-2.46342910247042,-2.197609072736816,-1.1370419686415736,0.8438016795144729,0.0215305588159616,2.547779554919186,0.0971121535236931,1.656234972885188
30.0,263.0,242.24465942382807,-0.6765068837044388,0.5731721926803546,-3.182363211629109,-3.115613068305457,-2.833970604240305,0.5175124438082294,-0.1119189164304249,2.549271617641784,0.2717736279602655,1.804321352114272
30.0,263.0,210.119873046875,-0.7610068930568665,0.5642124147423887,-3.726421416211226,-2.7995431788777383,-1.3708891968054873,0.679066308131347,0.0234932080174868,2.5843400721228726,0.297657964549431,2.1950618999519365
30.0,263.0,130.06036376953125,-0.0222114267946533,1.6116323288251029,-2.464402269059958,-2.197912699246993,-1.1350247526561337,0.843738197651714,0.0224388104393285,2.5490722839911584,0.1046284445153567,1.674020022052375
30.0,263.0,130.056640625,-0.0216394132540562,1.6110037622057682,-2.462943151233993,-2.1972560873653904,-1.1370342919575445,0.8432140278646227,0.0217832836888279,2.5472778979544755,0.0985593727460893,1.6573367521362086
30.0,263.0,205.575927734375,-0.8160173862793221,0.5906195673798553,-3.5501247184478806,-2.9220737949502533,-1.5276746941164658,0.7254873283981647,-0.0189028447691116,2.5943872451814447,0.2168908645567235,1.9760531472632008
30.0,263.0,130.06155395507812,-0.0215775363063054,1.611061185960011,-2.46501310085066,-2.197849701455941,-1.1349559228665942,0.8447758799481386,0.0219390213677063,2.5499945537550204,0.1062423555714915,1.677097478901885
30.0,263.0,130.0637969970703,-0.0208902406005644,1.6119734742103369,-2.464446091986895,-2.19710559809524,-1.1354421638064411,0.8450584025667578,0.0238041773645564,2.5516346855106327,0.107609505980238,1.6832541798756713
30.0,263.0,130.0644989013672,-0.0214179248292399,1.6128069766293551,-2.4646694673254155,-2.1997187233409914,-1.1352310118191995,0.8457633145446949,0.0229521221883603,2.5498708094247298,0.1066708785567443,1.680784104787331
30.0,263.0,130.06141662597656,-0.0212433152418556,1.6119415578478986,-2.464503045687366,-2.197957957645193,-1.135253556499711,0.8444462002684524,0.0231694186623434,2.55006490607497,0.106328143250225,1.676183812147586
30.0,263.0,130.0596923828125,-0.0216148007700014,1.610948044221752,-2.4645422094710323,-2.1976642164101383,-1.1352048186484744,0.8444218367418,0.0227316829238271,2.549324545403307,0.1044551057839413,1.6714983973159967
30.0,263.0,130.06459045410156,-0.0210819494165676,1.6109719927030637,-2.4645241006511216,-2.197234676580475,-1.1362646977922757,0.8455006528412428,0.0244396885046666,2.551251246699741,0.105158559843004,1.67177881576173
30.0,263.0,130.0575714111328,-0.021507994953182,1.6111558265682109,-2.4639703317264843,-2.197703426909607,-1.135310627327106,0.8440084423545314,0.0213613901705874,2.547994237251343,0.1020042000232877,1.6639780021671164
30.0,263.0,130.06600952148438,-0.0211178222070299,1.6103847759290266,-2.4644209921066222,-2.197451737189725,-1.1360195367760717,0.84494901713653,0.0235738133036352,2.551092969434705,0.1096924112457049,1.689501870068402
30.0,263.0,130.05589294433594,-0.0216298896534032,1.6107407929352149,-2.4630545530515104,-2.1968198299640367,-1.1365689623990551,0.8436385931309879,0.0216535153577728,2.547162386054556,0.0977362672142885,1.6542547085469437
30.0,264.0,130.05825805664062,-0.0217202972559392,1.6117173297878078,-2.4642168081770874,-2.19744917026364,-1.135342214416958,0.8442943930644615,0.0214855144662067,2.5474916743788345,0.1028813051085165,1.6683754637102135
30.0,264.0,130.05712890625,-0.0215383261813391,1.6115799816313212,-2.464115192067017,-2.1980895531601634,-1.135333166959505,0.844269444414002,0.0215997608214946,2.547114128309932,0.1016953993234553,1.6639569796188456
30.0,264.0,130.06065368652344,-0.0218323268031596,1.6116613087203862,-2.463211812091228,-2.1978127079438257,-1.1355023842465877,0.8443173828506447,0.0212050640384655,2.5486428106838828,0.1047592654389449,1.6747312658260565
30.0,264.0,205.40724182128903,-1.2471719392371754,0.7338063691250966,-3.6956164114227614,-2.6893020048638974,-1.4361633841990469,0.7509499775402746,-0.0265320376388999,2.5844589496606782,0.2214973721181175,2.0621365244733765
30.0,264.0,130.0651092529297,-0.0202165201953497,1.6097323878491905,-2.463668427685369,-2.197646291468084,-1.1356077273582226,0.8457255313573439,0.0203489800666949,2.5463311256758936,0.1021303657061601,1.6678596433079746
30.0,264.0,130.05612182617188,-0.0216123506156634,1.6116505065826472,-2.4647482190010024,-2.1972986084598727,-1.13462853066892,0.843795425733669,0.0217327470562068,2.548019858499471,0.0983491862207207,1.6569162020443715
30.0,264.0,130.06317138671875,-0.0214908486386406,1.6119646848450615,-2.464259312106244,-2.197573074584596,-1.135017991129897,0.8452881582951637,0.0238173310964382,2.551662452147406,0.1076228111777817,1.682164242503162
30.0,264.0,130.0622100830078,-0.0212112085904558,1.611940247268468,-2.464490530464323,-2.197534450090945,-1.135232296614472,0.8444980945704282,0.0231527330762314,2.5503785109304413,0.1073296986095062,1.6817504512190222
30.0,264.0,130.07180786132812,-0.0198385588222231,1.613399746182087,-2.462447093375754,-2.1980275329727466,-1.133904304055262,0.846753119792344,0.0232432009304832,2.55281013637525,0.1129654286504708,1.6988241965863846
30.0,264.0,217.80987548828125,-0.7399219093249991,0.6265199654248446,-3.3812386568411683,-3.115740592719888,-2.4970438835882924,0.4187495791001843,-0.1164287251613381,2.541142812644273,0.2703581298861386,2.0687642066891287
30.0,264.0,193.84164428710932,-0.2284010159949239,1.254985395882912,-2.7269330474421305,-2.062439529102285,-1.1192821284253744,0.7984072486439088,-0.0266891164844478,2.5659322521901795,0.1754660780234186,2.1465596423882265
30.0,264.0,130.0603485107422,-0.02166554888059,1.6116303742418878,-2.464433927833505,-2.1978671500740945,-1.1351945218100812,0.8445367092578658,0.0222050674800915,2.5500934509426303,0.1052217898583862,1.6741746615755806
30.0,264.0,130.0666046142578,-0.0217772705656862,1.6105556231898015,-2.462987392968082,-2.197334460055252,-1.1373636114000405,0.8436253754037089,0.0249125803153662,2.549264976714231,0.1033187024900001,1.6692428088620748
30.0,264.0,130.05943298339844,-0.0219935388981424,1.611654784197548,-2.464391722081144,-2.1978621726399625,-1.135164740549237,0.8441647053313863,0.0216243961061352,2.548972819704615,0.1042794801072972,1.672657701329092
30.0,264.0,130.06382751464844,-0.0210768488679159,1.6115787991621522,-2.4645104577406944,-2.196788547789148,-1.1355815644650034,0.8447191841079633,0.0238637801295413,2.551499621966451,0.1068880356271441,1.6810068068410342
30.0,264.0,130.07928466796875,-0.0260575111717201,1.6101996732202797,-2.464525477493161,-2.1972242671767823,-1.1327676171862628,0.8495841317060162,0.0234409887596069,2.5506852741713866,0.1075453170498392,1.6798955848567605
30.0,264.0,135.01324462890625,-0.0050443463727662,1.665848002649067,-2.50845556794768,-2.214594157061241,-1.1534503278929902,0.8356871739330024,0.0232232993445655,2.5443195258813547,0.1053891805088048,1.8106631535972704
30.0,264.0,130.06192016601562,-0.0212227208284233,1.6121891393135834,-2.4644960529301425,-2.197557934395194,-1.1352402371828656,0.8448065255323579,0.023225858376605,2.550122352548509,0.1069361541826877,1.6781502357479896
30.0,264.0,130.05763244628906,-0.0213865066144634,1.6114322893141728,-2.463010226486656,-2.198162092939369,-1.135330528921833,0.8442408238999735,0.0208519602983867,2.547826913251565,0.1010167833852269,1.661960286207093
30.0,264.0,130.06248474121094,-0.0215840801523459,1.6111231942244089,-2.463653703461436,-2.197920914503467,-1.135181385498146,0.8446968855417019,0.0238848185655176,2.5489903890468475,0.1025055717952216,1.672615243644023
30.0,264.0,130.05508422851562,-0.0215917127502649,1.6113969438955726,-2.4642392622748908,-2.1972729137267453,-1.1354305819137127,0.8436862674534593,0.0215826127776874,2.5476425025102127,0.0990705395538166,1.6571212981112315
30.0,264.0,130.0692901611328,-0.0203942656790777,1.6119663830322368,-2.4639858657702214,-2.197839879031834,-1.1339025559464286,0.846124412267191,0.0238077821854445,2.5530134643895543,0.1135540848143144,1.6996508312525616
30.0,264.0,130.05929565429688,-0.0229840345625731,1.6114034778586277,-2.463135100989458,-2.198956107014004,-1.1353923691199106,0.8443713943623992,0.0212979526481876,2.546670261713997,0.1009693553300359,1.66404534010716
30.0,264.0,130.06942749023438,-0.0219468168281905,1.61087327670683,-2.464344881917185,-2.1980714789687594,-1.1345717054621771,0.8458179531935374,0.0230429432536251,2.5519848361959903,0.1126151471956707,1.691251380271957
30.0,264.0,130.0575408935547,-0.021527892421395,1.6115680867118432,-2.464080063253406,-2.197770591502357,-1.1355609915311538,0.8441603384137748,0.0215621391719984,2.5483352543911977,0.1025906693272762,1.6664693592658557
30.0,264.0,130.06295776367188,-0.0209722800348992,1.612076634196732,-2.4644169416835093,-2.197409166080972,-1.1350960288458007,0.8450540787196443,0.0228528809136173,2.5507801907869663,0.1077065074623773,1.683861431917406
30.0,264.0,203.7299041748047,-1.4671963034076896,0.7718039591814964,-3.521820860113768,-2.7055890962796987,-1.3850800460590984,0.7492558679810841,0.0041742840984898,2.5864682179734686,0.2295821296873494,1.9406396168518183
30.0,264.0,240.0376892089844,-0.818985015422538,0.7325545795717203,-3.463958090524869,-3.1745869837099026,-1.9281247841715203,0.2058466922336207,-0.3766659363291286,2.6001316734345754,0.2265875295001577,2.1979228280822705
30.0,264.0,130.06130981445312,-0.0216142234234416,1.611941311973024,-2.464798408174317,-2.197471051246846,-1.1351544359745211,0.8443040384815177,0.0236204972586364,2.5489907340305056,0.103108024306166,1.672783223110942
30.0,264.0,130.0700225830078,-0.021554109745988,1.6120439753754856,-2.4634945447088183,-2.1977249787071043,-1.1359977360920583,0.8464675320695966,0.0248784910245729,2.5535928169217965,0.114511753033331,1.699528858876211
30.0,264.0,130.06771850585938,-0.0212937730914956,1.6122709198500875,-2.464560585489906,-2.197786618314241,-1.1359934261997726,0.8459951570172819,0.0233432106041645,2.552007270481794,0.1121948788892302,1.694829161136428
30.0,264.0,130.06578063964844,-0.0212879999388618,1.6105510053673844,-2.464488534719546,-2.197272555839896,-1.135763474717601,0.8445952402434519,0.0232643179459839,2.551649264836435,0.1104185259463369,1.6901741494212992
30.0,264.0,130.0648651123047,-0.0209586972021701,1.6118468861961923,-2.464104249831065,-2.197373122657018,-1.1337570303689364,0.8454771529024306,0.0245756504370924,2.551118384301476,0.1032619142561943,1.665766227152196
30.0,264.0,130.0702667236328,-0.0210276692817846,1.6124254855535571,-2.468390277728133,-2.198022469516207,-1.135523871224156,0.8441887306441169,0.0232881814738785,2.5484165755536976,0.1035522041688338,1.6669743269900188
30.0,264.0,130.0591278076172,-0.0216652174014381,1.6117185220728425,-2.463682103283752,-2.197851750715832,-1.1353838343319864,0.8442095501150251,0.0209804605194346,2.548019756429247,0.1036383784919287,1.6706206341096168
30.0,264.0,130.0558319091797,-0.02142506060963,1.611353403827015,-2.464690564325593,-2.1966773709083736,-1.136949504483431,0.8433222503402822,0.0215086772537168,2.546366898858368,0.0980053628216621,1.6538123037939174
30.0,264.0,242.24465942382807,-0.6765068837044388,0.5731721926803546,-3.182363211629109,-3.115613068305457,-2.833970604240305,0.5175124438082294,-0.1119189164304249,2.549271617641784,0.2717736279602655,1.804321352114272
30.0,264.0,210.119873046875,-0.7610068930568665,0.5642124147423887,-3.726421416211226,-2.7995431788777383,-1.3708891968054873,0.679066308131347,0.0234932080174868,2.5843400721228726,0.297657964549431,2.1950618999519365
30.0,264.0,130.06036376953125,-0.0222114267946533,1.6116323288251029,-2.464402269059958,-2.197912699246993,-1.1350247526561337,0.843738197651714,0.0224388104393285,2.5490722839911584,0.1046284445153567,1.674020022052375
30.0,264.0,130.0555419921875,-0.0215381202909629,1.611307404809549,-2.464251906910917,-2.197030526882045,-1.13570053728926,0.8437162415151319,0.0209998633451969,2.5477663551475973,0.0985817505097111,1.6548321462469475
30.0,264.0,205.575927734375,-0.8160173862793221,0.5906195673798553,-3.5501247184478806,-2.9220737949502533,-1.5276746941164658,0.7254873283981647,-0.0189028447691116,2.5943872451814447,0.2168908645567235,1.9760531472632008
30.0,264.0,130.06155395507812,-0.0215775363063054,1.611061185960011,-2.46501310085066,-2.197849701455941,-1.1349559228665942,0.8447758799481386,0.0219390213677063,2.5499945537550204,0.1062423555714915,1.677097478901885
30.0,264.0,130.0637969970703,-0.0208902406005644,1.6119734742103369,-2.464446091986895,-2.19710559809524,-1.1354421638064411,0.8450584025667578,0.0238041773645564,2.5516346855106327,0.107609505980238,1.6832541798756713
30.0,264.0,130.0644989013672,-0.0214179248292399,1.6128069766293551,-2.4646694673254155,-2.1997187233409914,-1.1352310118191995,0.8457633145446949,0.0229521221883603,2.5498708094247298,0.1066708785567443,1.680784104787331
30.0,264.0,130.06141662597656,-0.0212433152418556,1.6119415578478986,-2.464503045687366,-2.197957957645193,-1.135253556499711,0.8444462002684524,0.0231694186623434,2.55006490607497,0.106328143250225,1.676183812147586
30.0,264.0,130.0596923828125,-0.0216148007700014,1.610948044221752,-2.4645422094710323,-2.1976642164101383,-1.1352048186484744,0.8444218367418,0.0227316829238271,2.549324545403307,0.1044551057839413,1.6714983973159967
30.0,264.0,130.0634002685547,-0.0214807776674687,1.6112372824111063,-2.465111316059701,-2.1969597361860904,-1.1352910297367218,0.8431774193462992,0.0224035019111651,2.547198162116421,0.0950178536398702,1.6381264292451267
30.0,264.0,130.0575714111328,-0.021507994953182,1.6111558265682109,-2.4639703317264843,-2.197703426909607,-1.135310627327106,0.8440084423545314,0.0213613901705874,2.547994237251343,0.1020042000232877,1.6639780021671164
30.0,264.0,130.06600952148438,-0.0211178222070299,1.6103847759290266,-2.4644209921066222,-2.197451737189725,-1.1360195367760717,0.84494901713653,0.0235738133036352,2.551092969434705,0.1096924112457049,1.689501870068402
30.0,264.0,130.05589294433594,-0.0216298896534032,1.6107407929352149,-2.4630545530515104,-2.1968198299640367,-1.1365689623990551,0.8436385931309879,0.0216535153577728,2.547162386054556,0.0977362672142885,1.6542547085469437
30.0,265.0,130.05825805664062,-0.0217202972559392,1.6117173297878078,-2.4642168081770874,-2.19744917026364,-1.135342214416958,0.8442943930644615,0.0214855144662067,2.5474916743788345,0.1028813051085165,1.6683754637102135
30.0,265.0,130.05712890625,-0.0215383261813391,1.6115799816313212,-2.464115192067017,-2.1980895531601634,-1.135333166959505,0.844269444414002,0.0215997608214946,2.547114128309932,0.1016953993234553,1.6639569796188456
30.0,265.0,130.06065368652344,-0.0218323268031596,1.6116613087203862,-2.463211812091228,-2.1978127079438257,-1.1355023842465877,0.8443173828506447,0.0212050640384655,2.5486428106838828,0.1047592654389449,1.6747312658260565
30.0,265.0,205.40724182128903,-1.2471719392371754,0.7338063691250966,-3.6956164114227614,-2.6893020048638974,-1.4361633841990469,0.7509499775402746,-0.0265320376388999,2.5844589496606782,0.2214973721181175,2.0621365244733765
30.0,265.0,130.0651092529297,-0.0202165201953497,1.6097323878491905,-2.463668427685369,-2.197646291468084,-1.1356077273582226,0.8457255313573439,0.0203489800666949,2.5463311256758936,0.1021303657061601,1.6678596433079746
30.0,265.0,130.05612182617188,-0.0216123506156634,1.6116505065826472,-2.4647482190010024,-2.1972986084598727,-1.13462853066892,0.843795425733669,0.0217327470562068,2.548019858499471,0.0983491862207207,1.6569162020443715
30.0,265.0,130.06317138671875,-0.0214908486386406,1.6119646848450615,-2.464259312106244,-2.197573074584596,-1.135017991129897,0.8452881582951637,0.0238173310964382,2.551662452147406,0.1076228111777817,1.682164242503162
30.0,265.0,130.0622100830078,-0.0212112085904558,1.611940247268468,-2.464490530464323,-2.197534450090945,-1.135232296614472,0.8444980945704282,0.0231527330762314,2.5503785109304413,0.1073296986095062,1.6817504512190222
30.0,265.0,130.07180786132812,-0.0198385588222231,1.613399746182087,-2.462447093375754,-2.1980275329727466,-1.133904304055262,0.846753119792344,0.0232432009304832,2.55281013637525,0.1129654286504708,1.6988241965863846
30.0,265.0,217.80987548828125,-0.7399219093249991,0.6265199654248446,-3.3812386568411683,-3.115740592719888,-2.4970438835882924,0.4187495791001843,-0.1164287251613381,2.541142812644273,0.2703581298861386,2.0687642066891287
30.0,265.0,193.84164428710932,-0.2284010159949239,1.254985395882912,-2.7269330474421305,-2.062439529102285,-1.1192821284253744,0.7984072486439088,-0.0266891164844478,2.5659322521901795,0.1754660780234186,2.1465596423882265
30.0,265.0,130.0603485107422,-0.02166554888059,1.6116303742418878,-2.464433927833505,-2.1978671500740945,-1.1351945218100812,0.8445367092578658,0.0222050674800915,2.5500934509426303,0.1052217898583862,1.6741746615755806
30.0,265.0,130.0666046142578,-0.0217772705656862,1.6105556231898015,-2.462987392968082,-2.197334460055252,-1.1373636114000405,0.8436253754037089,0.0249125803153662,2.549264976714231,0.1033187024900001,1.6692428088620748
30.0,265.0,130.05943298339844,-0.0219935388981424,1.611654784197548,-2.464391722081144,-2.1978621726399625,-1.135164740549237,0.8441647053313863,0.0216243961061352,2.548972819704615,0.1042794801072972,1.672657701329092
30.0,265.0,130.06382751464844,-0.0210768488679159,1.6115787991621522,-2.4645104577406944,-2.196788547789148,-1.1355815644650034,0.8447191841079633,0.0238637801295413,2.551499621966451,0.1068880356271441,1.6810068068410342
30.0,265.0,130.07928466796875,-0.0260575111717201,1.6101996732202797,-2.464525477493161,-2.1972242671767823,-1.1327676171862628,0.8495841317060162,0.0234409887596069,2.5506852741713866,0.1075453170498392,1.6798955848567605
30.0,265.0,134.30186462402344,-0.0105394977826596,1.5954547120785938,-2.391412805592048,-2.189537312198893,-1.1544145272521915,0.8454259477410493,0.0216032852431154,2.54396677660272,0.1042434071054402,1.751982396929621
30.0,265.0,130.06192016601562,-0.0212227208284233,1.6121891393135834,-2.4644960529301425,-2.197557934395194,-1.1352402371828656,0.8448065255323579,0.023225858376605,2.550122352548509,0.1069361541826877,1.6781502357479896
30.0,265.0,130.05763244628906,-0.0213865066144634,1.6114322893141728,-2.463010226486656,-2.198162092939369,-1.135330528921833,0.8442408238999735,0.0208519602983867,2.547826913251565,0.1010167833852269,1.661960286207093
30.0,265.0,130.06204223632812,-0.0217229344734532,1.6107005482542398,-2.464334121078136,-2.197827821617349,-1.134326525439769,0.8439499142829222,0.0204123929394906,2.5496517218047714,0.1022383880492493,1.6659266827302694
30.0,265.0,130.05508422851562,-0.0215917127502649,1.6113969438955726,-2.4642392622748908,-2.1972729137267453,-1.1354305819137127,0.8436862674534593,0.0215826127776874,2.5476425025102127,0.0990705395538166,1.6571212981112315
30.0,265.0,130.0692901611328,-0.0203942656790777,1.6119663830322368,-2.4639858657702214,-2.197839879031834,-1.1339025559464286,0.846124412267191,0.0238077821854445,2.5530134643895543,0.1135540848143144,1.6996508312525616
30.0,265.0,130.05929565429688,-0.0229840345625731,1.6114034778586277,-2.463135100989458,-2.198956107014004,-1.1353923691199106,0.8443713943623992,0.0212979526481876,2.546670261713997,0.1009693553300359,1.66404534010716
30.0,265.0,130.06942749023438,-0.0219468168281905,1.61087327670683,-2.464344881917185,-2.1980714789687594,-1.1345717054621771,0.8458179531935374,0.0230429432536251,2.5519848361959903,0.1126151471956707,1.691251380271957
30.0,265.0,130.0575408935547,-0.021527892421395,1.6115680867118432,-2.464080063253406,-2.197770591502357,-1.1355609915311538,0.8441603384137748,0.0215621391719984,2.5483352543911977,0.1025906693272762,1.6664693592658557
30.0,265.0,130.06295776367188,-0.0209722800348992,1.612076634196732,-2.4644169416835093,-2.197409166080972,-1.1350960288458007,0.8450540787196443,0.0228528809136173,2.5507801907869663,0.1077065074623773,1.683861431917406
30.0,265.0,203.7299041748047,-1.4671963034076896,0.7718039591814964,-3.521820860113768,-2.7055890962796987,-1.3850800460590984,0.7492558679810841,0.0041742840984898,2.5864682179734686,0.2295821296873494,1.9406396168518183
30.0,265.0,240.0376892089844,-0.818985015422538,0.7325545795717203,-3.463958090524869,-3.1745869837099026,-1.9281247841715203,0.2058466922336207,-0.3766659363291286,2.6001316734345754,0.2265875295001577,2.1979228280822705
30.0,265.0,130.06130981445312,-0.0216142234234416,1.611941311973024,-2.464798408174317,-2.197471051246846,-1.1351544359745211,0.8443040384815177,0.0236204972586364,2.5489907340305056,0.103108024306166,1.672783223110942
30.0,265.0,130.0700225830078,-0.021554109745988,1.6120439753754856,-2.4634945447088183,-2.1977249787071043,-1.1359977360920583,0.8464675320695966,0.0248784910245729,2.5535928169217965,0.114511753033331,1.699528858876211
30.0,265.0,130.06771850585938,-0.0212937730914956,1.6122709198500875,-2.464560585489906,-2.197786618314241,-1.1359934261997726,0.8459951570172819,0.0233432106041645,2.552007270481794,0.1121948788892302,1.694829161136428
30.0,265.0,130.06578063964844,-0.0212879999388618,1.6105510053673844,-2.464488534719546,-2.197272555839896,-1.135763474717601,0.8445952402434519,0.0232643179459839,2.551649264836435,0.1104185259463369,1.6901741494212992
30.0,265.0,130.0648651123047,-0.0209586972021701,1.6118468861961923,-2.464104249831065,-2.197373122657018,-1.1337570303689364,0.8454771529024306,0.0245756504370924,2.551118384301476,0.1032619142561943,1.665766227152196
30.0,265.0,130.0702667236328,-0.0210276692817846,1.6124254855535571,-2.468390277728133,-2.198022469516207,-1.135523871224156,0.8441887306441169,0.0232881814738785,2.5484165755536976,0.1035522041688338,1.6669743269900188
30.0,265.0,130.0591278076172,-0.0216652174014381,1.6117185220728425,-2.463682103283752,-2.197851750715832,-1.1353838343319864,0.8442095501150251,0.0209804605194346,2.548019756429247,0.1036383784919287,1.6706206341096168
30.0,265.0,130.0558319091797,-0.02142506060963,1.611353403827015,-2.464690564325593,-2.1966773709083736,-1.136949504483431,0.8433222503402822,0.0215086772537168,2.546366898858368,0.0980053628216621,1.6538123037939174
30.0,265.0,242.24465942382807,-0.6765068837044388,0.5731721926803546,-3.182363211629109,-3.115613068305457,-2.833970604240305,0.5175124438082294,-0.1119189164304249,2.549271617641784,0.2717736279602655,1.804321352114272
30.0,265.0,210.119873046875,-0.7610068930568665,0.5642124147423887,-3.726421416211226,-2.7995431788777383,-1.3708891968054873,0.679066308131347,0.0234932080174868,2.5843400721228726,0.297657964549431,2.1950618999519365
30.0,265.0,130.06036376953125,-0.0222114267946533,1.6116323288251029,-2.464402269059958,-2.197912699246993,-1.1350247526561337,0.843738197651714,0.0224388104393285,2.5490722839911584,0.1046284445153567,1.674020022052375
30.0,265.0,130.0555419921875,-0.0215381202909629,1.611307404809549,-2.464251906910917,-2.197030526882045,-1.13570053728926,0.8437162415151319,0.0209998633451969,2.5477663551475973,0.0985817505097111,1.6548321462469475
30.0,265.0,205.575927734375,-0.8160173862793221,0.5906195673798553,-3.5501247184478806,-2.9220737949502533,-1.5276746941164658,0.7254873283981647,-0.0189028447691116,2.5943872451814447,0.2168908645567235,1.9760531472632008
30.0,265.0,130.06155395507812,-0.0215775363063054,1.611061185960011,-2.46501310085066,-2.197849701455941,-1.1349559228665942,0.8447758799481386,0.0219390213677063,2.5499945537550204,0.1062423555714915,1.677097478901885
30.0,265.0,130.0637969970703,-0.0208902406005644,1.6119734742103369,-2.464446091986895,-2.19710559809524,-1.1354421638064411,0.8450584025667578,0.0238041773645564,2.5516346855106327,0.107609505980238,1.6832541798756713
30.0,265.0,130.0644989013672,-0.0214179248292399,1.6128069766293551,-2.4646694673254155,-2.1997187233409914,-1.1352310118191995,0.8457633145446949,0.0229521221883603,2.5498708094247298,0.1066708785567443,1.680784104787331
30.0,265.0,130.06141662597656,-0.0212433152418556,1.6119415578478986,-2.464503045687366,-2.197957957645193,-1.135253556499711,0.8444462002684524,0.0231694186623434,2.55006490607497,0.106328143250225,1.676183812147586
30.0,265.0,130.0596923828125,-0.0216148007700014,1.610948044221752,-2.4645422094710323,-2.1976642164101383,-1.1352048186484744,0.8444218367418,0.0227316829238271,2.549324545403307,0.1044551057839413,1.6714983973159967
30.0,265.0,130.05662536621094,-0.0216853115008174,1.611718694053985,-2.4642412868460704,-2.1973376767371087,-1.1349219436928093,0.8428014458110451,0.0200904229651786,2.54567856755711,0.0988038563277837,1.6542628213980892
30.0,265.0,130.0575714111328,-0.021507994953182,1.6111558265682109,-2.4639703317264843,-2.197703426909607,-1.135310627327106,0.8440084423545314,0.0213613901705874,2.547994237251343,0.1020042000232877,1.6639780021671164
30.0,265.0,130.06600952148438,-0.0211178222070299,1.6103847759290266,-2.4644209921066222,-2.197451737189725,-1.1360195367760717,0.84494901713653,0.0235738133036352,2.551092969434705,0.1096924112457049,1.689501870068402
30.0,265.0,130.05589294433594,-0.0216298896534032,1.6107407929352149,-2.4630545530515104,-2.1968198299640367,-1.1365689623990551,0.8436385931309879,0.0216535153577728,2.547162386054556,0.0977362672142885,1.6542547085469437
30.0,266.0,130.05825805664062,-0.0217202972559392,1.6117173297878078,-2.4642168081770874,-2.19744917026364,-1.135342214416958,0.8442943930644615,0.0214855144662067,2.5474916743788345,0.1028813051085165,1.6683754637102135
30.0,266.0,130.05712890625,-0.0215383261813391,1.6115799816313212,-2.464115192067017,-2.1980895531601634,-1.135333166959505,0.844269444414002,0.0215997608214946,2.547114128309932,0.1016953993234553,1.6639569796188456
30.0,266.0,130.06065368652344,-0.0218323268031596,1.6116613087203862,-2.463211812091228,-2.1978127079438257,-1.1355023842465877,0.8443173828506447,0.0212050640384655,2.5486428106838828,0.1047592654389449,1.6747312658260565
30.0,266.0,205.40724182128903,-1.2471719392371754,0.7338063691250966,-3.6956164114227614,-2.6893020048638974,-1.4361633841990469,0.7509499775402746,-0.0265320376388999,2.5844589496606782,0.2214973721181175,2.0621365244733765
30.0,266.0,130.0651092529297,-0.0202165201953497,1.6097323878491905,-2.463668427685369,-2.197646291468084,-1.1356077273582226,0.8457255313573439,0.0203489800666949,2.5463311256758936,0.1021303657061601,1.6678596433079746
30.0,266.0,130.05508422851562,-0.0215851316306924,1.61138171357318,-2.464436130140352,-2.1973453218199817,-1.1351219749052324,0.8436844993817694,0.0216133617484546,2.547344852251074,0.0988131358683905,1.6588438768966018
30.0,266.0,130.06317138671875,-0.0214908486386406,1.6119646848450615,-2.464259312106244,-2.197573074584596,-1.135017991129897,0.8452881582951637,0.0238173310964382,2.551662452147406,0.1076228111777817,1.682164242503162
30.0,266.0,130.0622100830078,-0.0212112085904558,1.611940247268468,-2.464490530464323,-2.197534450090945,-1.135232296614472,0.8444980945704282,0.0231527330762314,2.5503785109304413,0.1073296986095062,1.6817504512190222
30.0,266.0,130.07180786132812,-0.0198385588222231,1.613399746182087,-2.462447093375754,-2.1980275329727466,-1.133904304055262,0.846753119792344,0.0232432009304832,2.55281013637525,0.1129654286504708,1.6988241965863846
30.0,266.0,217.80987548828125,-0.7399219093249991,0.6265199654248446,-3.3812386568411683,-3.115740592719888,-2.4970438835882924,0.4187495791001843,-0.1164287251613381,2.541142812644273,0.2703581298861386,2.0687642066891287
30.0,266.0,193.84164428710932,-0.2284010159949239,1.254985395882912,-2.7269330474421305,-2.062439529102285,-1.1192821284253744,0.7984072486439088,-0.0266891164844478,2.5659322521901795,0.1754660780234186,2.1465596423882265
30.0,266.0,130.0603485107422,-0.02166554888059,1.6116303742418878,-2.464433927833505,-2.1978671500740945,-1.1351945218100812,0.8445367092578658,0.0222050674800915,2.5500934509426303,0.1052217898583862,1.6741746615755806
30.0,266.0,130.0633544921875,-0.021581890070503,1.6114133897639322,-2.463166010348864,-2.197431660885488,-1.1378584604047215,0.8438059224279394,0.0244732499642736,2.5485616842407364,0.1002806707723448,1.6611699213085505
30.0,266.0,130.05943298339844,-0.0219935388981424,1.611654784197548,-2.464391722081144,-2.1978621726399625,-1.135164740549237,0.8441647053313863,0.0216243961061352,2.548972819704615,0.1042794801072972,1.672657701329092
30.0,266.0,130.06382751464844,-0.0210768488679159,1.6115787991621522,-2.4645104577406944,-2.196788547789148,-1.1355815644650034,0.8447191841079633,0.0238637801295413,2.551499621966451,0.1068880356271441,1.6810068068410342
30.0,266.0,130.07928466796875,-0.0260575111717201,1.6101996732202797,-2.464525477493161,-2.1972242671767823,-1.1327676171862628,0.8495841317060162,0.0234409887596069,2.5506852741713866,0.1075453170498392,1.6798955848567605
30.0,266.0,134.30186462402344,-0.0105394977826596,1.5954547120785938,-2.391412805592048,-2.189537312198893,-1.1544145272521915,0.8454259477410493,0.0216032852431154,2.54396677660272,0.1042434071054402,1.751982396929621
30.0,266.0,130.06192016601562,-0.0212227208284233,1.6121891393135834,-2.4644960529301425,-2.197557934395194,-1.1352402371828656,0.8448065255323579,0.023225858376605,2.550122352548509,0.1069361541826877,1.6781502357479896
30.0,266.0,130.05763244628906,-0.0213865066144634,1.6114322893141728,-2.463010226486656,-2.198162092939369,-1.135330528921833,0.8442408238999735,0.0208519602983867,2.547826913251565,0.1010167833852269,1.661960286207093
30.0,266.0,130.06204223632812,-0.0217229344734532,1.6107005482542398,-2.464334121078136,-2.197827821617349,-1.134326525439769,0.8439499142829222,0.0204123929394906,2.5496517218047714,0.1022383880492493,1.6659266827302694
30.0,266.0,130.05508422851562,-0.0215917127502649,1.6113969438955726,-2.4642392622748908,-2.1972729137267453,-1.1354305819137127,0.8436862674534593,0.0215826127776874,2.5476425025102127,0.0990705395538166,1.6571212981112315
30.0,266.0,130.0692901611328,-0.0203942656790777,1.6119663830322368,-2.4639858657702214,-2.197839879031834,-1.1339025559464286,0.846124412267191,0.0238077821854445,2.5530134643895543,0.1135540848143144,1.6996508312525616
30.0,266.0,130.05929565429688,-0.0229840345625731,1.6114034778586277,-2.463135100989458,-2.198956107014004,-1.1353923691199106,0.8443713943623992,0.0212979526481876,2.546670261713997,0.1009693553300359,1.66404534010716
30.0,266.0,130.06942749023438,-0.0219468168281905,1.61087327670683,-2.464344881917185,-2.1980714789687594,-1.1345717054621771,0.8458179531935374,0.0230429432536251,2.5519848361959903,0.1126151471956707,1.691251380271957
30.0,266.0,130.0575408935547,-0.021527892421395,1.6115680867118432,-2.464080063253406,-2.197770591502357,-1.1355609915311538,0.8441603384137748,0.0215621391719984,2.5483352543911977,0.1025906693272762,1.6664693592658557
30.0,266.0,130.06295776367188,-0.0209722800348992,1.612076634196732,-2.4644169416835093,-2.197409166080972,-1.1350960288458007,0.8450540787196443,0.0228528809136173,2.5507801907869663,0.1077065074623773,1.683861431917406
30.0,266.0,203.7299041748047,-1.4671963034076896,0.7718039591814964,-3.521820860113768,-2.7055890962796987,-1.3850800460590984,0.7492558679810841,0.0041742840984898,2.5864682179734686,0.2295821296873494,1.9406396168518183
30.0,266.0,240.0376892089844,-0.818985015422538,0.7325545795717203,-3.463958090524869,-3.1745869837099026,-1.9281247841715203,0.2058466922336207,-0.3766659363291286,2.6001316734345754,0.2265875295001577,2.1979228280822705
30.0,266.0,130.06130981445312,-0.0216142234234416,1.611941311973024,-2.464798408174317,-2.197471051246846,-1.1351544359745211,0.8443040384815177,0.0236204972586364,2.5489907340305056,0.103108024306166,1.672783223110942
30.0,266.0,130.0700225830078,-0.021554109745988,1.6120439753754856,-2.4634945447088183,-2.1977249787071043,-1.1359977360920583,0.8464675320695966,0.0248784910245729,2.5535928169217965,0.114511753033331,1.699528858876211
30.0,266.0,130.06771850585938,-0.0212937730914956,1.6122709198500875,-2.464560585489906,-2.197786618314241,-1.1359934261997726,0.8459951570172819,0.0233432106041645,2.552007270481794,0.1121948788892302,1.694829161136428
30.0,266.0,130.05477905273438,-0.0214219252466692,1.6101425209654627,-2.4632407185319285,-2.1977235187479844,-1.1362119717563175,0.8432030875190504,0.0213767626717497,2.545003413854688,0.0961599312823348,1.649227676946242
30.0,266.0,130.0648651123047,-0.0209586972021701,1.6118468861961923,-2.464104249831065,-2.197373122657018,-1.1337570303689364,0.8454771529024306,0.0245756504370924,2.551118384301476,0.1032619142561943,1.665766227152196
30.0,266.0,130.0702667236328,-0.0210276692817846,1.6124254855535571,-2.468390277728133,-2.198022469516207,-1.135523871224156,0.8441887306441169,0.0232881814738785,2.5484165755536976,0.1035522041688338,1.6669743269900188
30.0,266.0,130.0591278076172,-0.0216652174014381,1.6117185220728425,-2.463682103283752,-2.197851750715832,-1.1353838343319864,0.8442095501150251,0.0209804605194346,2.548019756429247,0.1036383784919287,1.6706206341096168
30.0,266.0,130.0558319091797,-0.02142506060963,1.611353403827015,-2.464690564325593,-2.1966773709083736,-1.136949504483431,0.8433222503402822,0.0215086772537168,2.546366898858368,0.0980053628216621,1.6538123037939174
30.0,266.0,242.24465942382807,-0.6765068837044388,0.5731721926803546,-3.182363211629109,-3.115613068305457,-2.833970604240305,0.5175124438082294,-0.1119189164304249,2.549271617641784,0.2717736279602655,1.804321352114272
30.0,266.0,210.119873046875,-0.7610068930568665,0.5642124147423887,-3.726421416211226,-2.7995431788777383,-1.3708891968054873,0.679066308131347,0.0234932080174868,2.5843400721228726,0.297657964549431,2.1950618999519365
30.0,266.0,130.06036376953125,-0.0222114267946533,1.6116323288251029,-2.464402269059958,-2.197912699246993,-1.1350247526561337,0.843738197651714,0.0224388104393285,2.5490722839911584,0.1046284445153567,1.674020022052375
30.0,266.0,130.0555419921875,-0.0215381202909629,1.611307404809549,-2.464251906910917,-2.197030526882045,-1.13570053728926,0.8437162415151319,0.0209998633451969,2.5477663551475973,0.0985817505097111,1.6548321462469475
30.0,266.0,205.575927734375,-0.8160173862793221,0.5906195673798553,-3.5501247184478806,-2.9220737949502533,-1.5276746941164658,0.7254873283981647,-0.0189028447691116,2.5943872451814447,0.2168908645567235,1.9760531472632008
30.0,266.0,130.06155395507812,-0.0215775363063054,1.611061185960011,-2.46501310085066,-2.197849701455941,-1.1349559228665942,0.8447758799481386,0.0219390213677063,2.5499945537550204,0.1062423555714915,1.677097478901885
30.0,266.0,130.0637969970703,-0.0208902406005644,1.6119734742103369,-2.464446091986895,-2.19710559809524,-1.1354421638064411,0.8450584025667578,0.0238041773645564,2.5516346855106327,0.107609505980238,1.6832541798756713
30.0,266.0,130.0644989013672,-0.0214179248292399,1.6128069766293551,-2.4646694673254155,-2.1997187233409914,-1.1352310118191995,0.8457633145446949,0.0229521221883603,2.5498708094247298,0.1066708785567443,1.680784104787331
30.0,266.0,130.06141662597656,-0.0212433152418556,1.6119415578478986,-2.464503045687366,-2.197957957645193,-1.135253556499711,0.8444462002684524,0.0231694186623434,2.55006490607497,0.106328143250225,1.676183812147586
30.0,266.0,130.0596923828125,-0.0216148007700014,1.610948044221752,-2.4645422094710323,-2.1976642164101383,-1.1352048186484744,0.8444218367418,0.0227316829238271,2.549324545403307,0.1044551057839413,1.6714983973159967
30.0,266.0,130.05662536621094,-0.0216853115008174,1.611718694053985,-2.4642412868460704,-2.1973376767371087,-1.1349219436928093,0.8428014458110451,0.0200904229651786,2.54567856755711,0.0988038563277837,1.6542628213980892
30.0,266.0,130.05735778808594,-0.0216987655410684,1.611153473574213,-2.4647858427467133,-2.1972850871953944,-1.1354714165882256,0.8437218230452876,0.021275635647774,2.548152071608001,0.0987243374474082,1.653118811171982
30.0,266.0,130.06600952148438,-0.0211178222070299,1.6103847759290266,-2.4644209921066222,-2.197451737189725,-1.1360195367760717,0.84494901713653,0.0235738133036352,2.551092969434705,0.1096924112457049,1.689501870068402
30.0,266.0,130.05589294433594,-0.0216298896534032,1.6107407929352149,-2.4630545530515104,-2.1968198299640367,-1.1365689623990551,0.8436385931309879,0.0216535153577728,2.547162386054556,0.0977362672142885,1.6542547085469437
30.0,267.0,130.05825805664062,-0.0217202972559392,1.6117173297878078,-2.4642168081770874,-2.19744917026364,-1.135342214416958,0.8442943930644615,0.0214855144662067,2.5474916743788345,0.1028813051085165,1.6683754637102135
30.0,267.0,130.0526580810547,-0.0217402988686517,1.6112151859835877,-2.4638001797931675,-2.1978273337732865,-1.1365721435403409,0.8426049009994537,0.0213264706407362,2.546209474122769,0.0927142991291334,1.638568932844537
30.0,267.0,130.06065368652344,-0.0218323268031596,1.6116613087203862,-2.463211812091228,-2.1978127079438257,-1.1355023842465877,0.8443173828506447,0.0212050640384655,2.5486428106838828,0.1047592654389449,1.6747312658260565
30.0,267.0,205.40724182128903,-1.2471719392371754,0.7338063691250966,-3.6956164114227614,-2.6893020048638974,-1.4361633841990469,0.7509499775402746,-0.0265320376388999,2.5844589496606782,0.2214973721181175,2.0621365244733765
30.0,267.0,130.06472778320312,-0.0214576293234495,1.6104123691719217,-2.463362841632002,-2.198039120567876,-1.1370667547619773,0.8457106580397326,0.0207787291329814,2.543933504451902,0.0987445479078411,1.6607912794236137
30.0,267.0,130.05508422851562,-0.0215851316306924,1.61138171357318,-2.464436130140352,-2.1973453218199817,-1.1351219749052324,0.8436844993817694,0.0216133617484546,2.547344852251074,0.0988131358683905,1.6588438768966018
30.0,267.0,130.06317138671875,-0.0214908486386406,1.6119646848450615,-2.464259312106244,-2.197573074584596,-1.135017991129897,0.8452881582951637,0.0238173310964382,2.551662452147406,0.1076228111777817,1.682164242503162
30.0,267.0,130.0622100830078,-0.0212112085904558,1.611940247268468,-2.464490530464323,-2.197534450090945,-1.135232296614472,0.8444980945704282,0.0231527330762314,2.5503785109304413,0.1073296986095062,1.6817504512190222
30.0,267.0,130.07180786132812,-0.0198385588222231,1.613399746182087,-2.462447093375754,-2.1980275329727466,-1.133904304055262,0.846753119792344,0.0232432009304832,2.55281013637525,0.1129654286504708,1.6988241965863846
30.0,267.0,217.80987548828125,-0.7399219093249991,0.6265199654248446,-3.3812386568411683,-3.115740592719888,-2.4970438835882924,0.4187495791001843,-0.1164287251613381,2.541142812644273,0.2703581298861386,2.0687642066891287
30.0,267.0,193.84164428710932,-0.2284010159949239,1.254985395882912,-2.7269330474421305,-2.062439529102285,-1.1192821284253744,0.7984072486439088,-0.0266891164844478,2.5659322521901795,0.1754660780234186,2.1465596423882265
30.0,267.0,130.0603485107422,-0.02166554888059,1.6116303742418878,-2.464433927833505,-2.1978671500740945,-1.1351945218100812,0.8445367092578658,0.0222050674800915,2.5500934509426303,0.1052217898583862,1.6741746615755806
30.0,267.0,130.0633544921875,-0.021581890070503,1.6114133897639322,-2.463166010348864,-2.197431660885488,-1.1378584604047215,0.8438059224279394,0.0244732499642736,2.5485616842407364,0.1002806707723448,1.6611699213085505
30.0,267.0,130.05943298339844,-0.0219935388981424,1.611654784197548,-2.464391722081144,-2.1978621726399625,-1.135164740549237,0.8441647053313863,0.0216243961061352,2.548972819704615,0.1042794801072972,1.672657701329092
30.0,267.0,130.06382751464844,-0.0210768488679159,1.6115787991621522,-2.4645104577406944,-2.196788547789148,-1.1355815644650034,0.8447191841079633,0.0238637801295413,2.551499621966451,0.1068880356271441,1.6810068068410342
30.0,267.0,130.07928466796875,-0.0260575111717201,1.6101996732202797,-2.464525477493161,-2.1972242671767823,-1.1327676171862628,0.8495841317060162,0.0234409887596069,2.5506852741713866,0.1075453170498392,1.6798955848567605
30.0,267.0,132.44569396972656,-0.0189385721473598,1.604647109958695,-2.469394355648931,-2.183154136174861,-1.1389630214689552,0.8436786132330573,0.0213103140084644,2.545425741685412,0.0979007055673238,1.802711620056197
30.0,267.0,130.06192016601562,-0.0212227208284233,1.6121891393135834,-2.4644960529301425,-2.197557934395194,-1.1352402371828656,0.8448065255323579,0.023225858376605,2.550122352548509,0.1069361541826877,1.6781502357479896
30.0,267.0,130.05763244628906,-0.0213865066144634,1.6114322893141728,-2.463010226486656,-2.198162092939369,-1.135330528921833,0.8442408238999735,0.0208519602983867,2.547826913251565,0.1010167833852269,1.661960286207093
30.0,267.0,130.06198120117188,-0.0210899150349713,1.6096287085526484,-2.463767058446708,-2.1982630299713706,-1.134653084841088,0.8436530236866489,0.022693525749956,2.5479967623106274,0.0946474425726052,1.641959191509462
30.0,267.0,130.05508422851562,-0.0215917127502649,1.6113969438955726,-2.4642392622748908,-2.1972729137267453,-1.1354305819137127,0.8436862674534593,0.0215826127776874,2.5476425025102127,0.0990705395538166,1.6571212981112315
30.0,267.0,130.0692901611328,-0.0203942656790777,1.6119663830322368,-2.4639858657702214,-2.197839879031834,-1.1339025559464286,0.846124412267191,0.0238077821854445,2.5530134643895543,0.1135540848143144,1.6996508312525616
30.0,267.0,130.05929565429688,-0.0229840345625731,1.6114034778586277,-2.463135100989458,-2.198956107014004,-1.1353923691199106,0.8443713943623992,0.0212979526481876,2.546670261713997,0.1009693553300359,1.66404534010716
30.0,267.0,130.06942749023438,-0.0219468168281905,1.61087327670683,-2.464344881917185,-2.1980714789687594,-1.1345717054621771,0.8458179531935374,0.0230429432536251,2.5519848361959903,0.1126151471956707,1.691251380271957
30.0,267.0,130.0575408935547,-0.021527892421395,1.6115680867118432,-2.464080063253406,-2.197770591502357,-1.1355609915311538,0.8441603384137748,0.0215621391719984,2.5483352543911977,0.1025906693272762,1.6664693592658557
30.0,267.0,130.06295776367188,-0.0209722800348992,1.612076634196732,-2.4644169416835093,-2.197409166080972,-1.1350960288458007,0.8450540787196443,0.0228528809136173,2.5507801907869663,0.1077065074623773,1.683861431917406
30.0,267.0,203.7299041748047,-1.4671963034076896,0.7718039591814964,-3.521820860113768,-2.7055890962796987,-1.3850800460590984,0.7492558679810841,0.0041742840984898,2.5864682179734686,0.2295821296873494,1.9406396168518183
30.0,267.0,240.0376892089844,-0.818985015422538,0.7325545795717203,-3.463958090524869,-3.1745869837099026,-1.9281247841715203,0.2058466922336207,-0.3766659363291286,2.6001316734345754,0.2265875295001577,2.1979228280822705
30.0,267.0,130.06130981445312,-0.0216142234234416,1.611941311973024,-2.464798408174317,-2.197471051246846,-1.1351544359745211,0.8443040384815177,0.0236204972586364,2.5489907340305056,0.103108024306166,1.672783223110942
30.0,267.0,130.0700225830078,-0.021554109745988,1.6120439753754856,-2.4634945447088183,-2.1977249787071043,-1.1359977360920583,0.8464675320695966,0.0248784910245729,2.5535928169217965,0.114511753033331,1.699528858876211
30.0,267.0,130.06771850585938,-0.0212937730914956,1.6122709198500875,-2.464560585489906,-2.197786618314241,-1.1359934261997726,0.8459951570172819,0.0233432106041645,2.552007270481794,0.1121948788892302,1.694829161136428
30.0,267.0,130.05477905273438,-0.0214219252466692,1.6101425209654627,-2.4632407185319285,-2.1977235187479844,-1.1362119717563175,0.8432030875190504,0.0213767626717497,2.545003413854688,0.0961599312823348,1.649227676946242
30.0,267.0,130.0648651123047,-0.0209586972021701,1.6118468861961923,-2.464104249831065,-2.197373122657018,-1.1337570303689364,0.8454771529024306,0.0245756504370924,2.551118384301476,0.1032619142561943,1.665766227152196
30.0,267.0,130.0702667236328,-0.0210276692817846,1.6124254855535571,-2.468390277728133,-2.198022469516207,-1.135523871224156,0.8441887306441169,0.0232881814738785,2.5484165755536976,0.1035522041688338,1.6669743269900188
30.0,267.0,130.0591278076172,-0.0216652174014381,1.6117185220728425,-2.463682103283752,-2.197851750715832,-1.1353838343319864,0.8442095501150251,0.0209804605194346,2.548019756429247,0.1036383784919287,1.6706206341096168
30.0,267.0,130.0558319091797,-0.02142506060963,1.611353403827015,-2.464690564325593,-2.1966773709083736,-1.136949504483431,0.8433222503402822,0.0215086772537168,2.546366898858368,0.0980053628216621,1.6538123037939174
30.0,267.0,242.24465942382807,-0.6765068837044388,0.5731721926803546,-3.182363211629109,-3.115613068305457,-2.833970604240305,0.5175124438082294,-0.1119189164304249,2.549271617641784,0.2717736279602655,1.804321352114272
30.0,267.0,210.119873046875,-0.7610068930568665,0.5642124147423887,-3.726421416211226,-2.7995431788777383,-1.3708891968054873,0.679066308131347,0.0234932080174868,2.5843400721228726,0.297657964549431,2.1950618999519365
30.0,267.0,130.06036376953125,-0.0222114267946533,1.6116323288251029,-2.464402269059958,-2.197912699246993,-1.1350247526561337,0.843738197651714,0.0224388104393285,2.5490722839911584,0.1046284445153567,1.674020022052375
30.0,267.0,130.05499267578125,-0.0211557380655632,1.608590258692211,-2.46436384662633,-2.1975655257947784,-1.135752385225334,0.8432835754116299,0.0210342638137414,2.545418803733784,0.0914029686762217,1.6385767500911923
30.0,267.0,205.575927734375,-0.8160173862793221,0.5906195673798553,-3.5501247184478806,-2.9220737949502533,-1.5276746941164658,0.7254873283981647,-0.0189028447691116,2.5943872451814447,0.2168908645567235,1.9760531472632008
30.0,267.0,130.06155395507812,-0.0215775363063054,1.611061185960011,-2.46501310085066,-2.197849701455941,-1.1349559228665942,0.8447758799481386,0.0219390213677063,2.5499945537550204,0.1062423555714915,1.677097478901885
30.0,267.0,130.0637969970703,-0.0208902406005644,1.6119734742103369,-2.464446091986895,-2.19710559809524,-1.1354421638064411,0.8450584025667578,0.0238041773645564,2.5516346855106327,0.107609505980238,1.6832541798756713
30.0,267.0,130.0644989013672,-0.0214179248292399,1.6128069766293551,-2.4646694673254155,-2.1997187233409914,-1.1352310118191995,0.8457633145446949,0.0229521221883603,2.5498708094247298,0.1066708785567443,1.680784104787331
30.0,267.0,130.06141662597656,-0.0212433152418556,1.6119415578478986,-2.464503045687366,-2.197957957645193,-1.135253556499711,0.8444462002684524,0.0231694186623434,2.55006490607497,0.106328143250225,1.676183812147586
30.0,267.0,130.0596923828125,-0.0216148007700014,1.610948044221752,-2.4645422094710323,-2.1976642164101383,-1.1352048186484744,0.8444218367418,0.0227316829238271,2.549324545403307,0.1044551057839413,1.6714983973159967
30.0,267.0,130.05662536621094,-0.0216853115008174,1.611718694053985,-2.4642412868460704,-2.1973376767371087,-1.1349219436928093,0.8428014458110451,0.0200904229651786,2.54567856755711,0.0988038563277837,1.6542628213980892
30.0,267.0,130.05735778808594,-0.0216987655410684,1.611153473574213,-2.4647858427467133,-2.1972850871953944,-1.1354714165882256,0.8437218230452876,0.021275635647774,2.548152071608001,0.0987243374474082,1.653118811171982
30.0,267.0,130.06600952148438,-0.0211178222070299,1.6103847759290266,-2.4644209921066222,-2.197451737189725,-1.1360195367760717,0.84494901713653,0.0235738133036352,2.551092969434705,0.1096924112457049,1.689501870068402
30.0,267.0,130.05589294433594,-0.0216298896534032,1.6107407929352149,-2.4630545530515104,-2.1968198299640367,-1.1365689623990551,0.8436385931309879,0.0216535153577728,2.547162386054556,0.0977362672142885,1.6542547085469437
30.0,268.0,130.05825805664062,-0.0217202972559392,1.6117173297878078,-2.4642168081770874,-2.19744917026364,-1.135342214416958,0.8442943930644615,0.0214855144662067,2.5474916743788345,0.1028813051085165,1.6683754637102135
30.0,268.0,130.0526580810547,-0.0217402988686517,1.6112151859835877,-2.4638001797931675,-2.1978273337732865,-1.1365721435403409,0.8426049009994537,0.0213264706407362,2.546209474122769,0.0927142991291334,1.638568932844537
30.0,268.0,130.05540466308594,-0.0218864979279186,1.611794711799551,-2.463334843460505,-2.1979450236559885,-1.1369013891302715,0.8418486125035572,0.0212982436089254,2.546792478000748,0.0931600130204202,1.6397146826266498
30.0,268.0,205.40724182128903,-1.2471719392371754,0.7338063691250966,-3.6956164114227614,-2.6893020048638974,-1.4361633841990469,0.7509499775402746,-0.0265320376388999,2.5844589496606782,0.2214973721181175,2.0621365244733765
30.0,268.0,130.06472778320312,-0.0214576293234495,1.6104123691719217,-2.463362841632002,-2.198039120567876,-1.1370667547619773,0.8457106580397326,0.0207787291329814,2.543933504451902,0.0987445479078411,1.6607912794236137
30.0,268.0,130.05508422851562,-0.0215851316306924,1.61138171357318,-2.464436130140352,-2.1973453218199817,-1.1351219749052324,0.8436844993817694,0.0216133617484546,2.547344852251074,0.0988131358683905,1.6588438768966018
30.0,268.0,130.06317138671875,-0.0214908486386406,1.6119646848450615,-2.464259312106244,-2.197573074584596,-1.135017991129897,0.8452881582951637,0.0238173310964382,2.551662452147406,0.1076228111777817,1.682164242503162
30.0,268.0,130.0622100830078,-0.0212112085904558,1.611940247268468,-2.464490530464323,-2.197534450090945,-1.135232296614472,0.8444980945704282,0.0231527330762314,2.5503785109304413,0.1073296986095062,1.6817504512190222
30.0,268.0,130.07180786132812,-0.0198385588222231,1.613399746182087,-2.462447093375754,-2.1980275329727466,-1.133904304055262,0.846753119792344,0.0232432009304832,2.55281013637525,0.1129654286504708,1.6988241965863846
30.0,268.0,217.80987548828125,-0.7399219093249991,0.6265199654248446,-3.3812386568411683,-3.115740592719888,-2.4970438835882924,0.4187495791001843,-0.1164287251613381,2.541142812644273,0.2703581298861386,2.0687642066891287
30.0,268.0,193.84164428710932,-0.2284010159949239,1.254985395882912,-2.7269330474421305,-2.062439529102285,-1.1192821284253744,0.7984072486439088,-0.0266891164844478,2.5659322521901795,0.1754660780234186,2.1465596423882265
30.0,268.0,130.0603485107422,-0.02166554888059,1.6116303742418878,-2.464433927833505,-2.1978671500740945,-1.1351945218100812,0.8445367092578658,0.0222050674800915,2.5500934509426303,0.1052217898583862,1.6741746615755806
30.0,268.0,130.0633544921875,-0.021581890070503,1.6114133897639322,-2.463166010348864,-2.197431660885488,-1.1378584604047215,0.8438059224279394,0.0244732499642736,2.5485616842407364,0.1002806707723448,1.6611699213085505
30.0,268.0,130.05943298339844,-0.0219935388981424,1.611654784197548,-2.464391722081144,-2.1978621726399625,-1.135164740549237,0.8441647053313863,0.0216243961061352,2.548972819704615,0.1042794801072972,1.672657701329092
30.0,268.0,130.06382751464844,-0.0210768488679159,1.6115787991621522,-2.4645104577406944,-2.196788547789148,-1.1355815644650034,0.8447191841079633,0.0238637801295413,2.551499621966451,0.1068880356271441,1.6810068068410342
30.0,268.0,130.07928466796875,-0.0260575111717201,1.6101996732202797,-2.464525477493161,-2.1972242671767823,-1.1327676171862628,0.8495841317060162,0.0234409887596069,2.5506852741713866,0.1075453170498392,1.6798955848567605
30.0,268.0,131.43316650390625,0.0283337753763381,1.609076610052441,-2.4704544205744057,-2.199313015088148,-1.131660167088436,0.8415159104116707,0.0213081311241829,2.5475461769166867,0.0992792834313152,1.7088100032176976
30.0,268.0,130.06192016601562,-0.0212227208284233,1.6121891393135834,-2.4644960529301425,-2.197557934395194,-1.1352402371828656,0.8448065255323579,0.023225858376605,2.550122352548509,0.1069361541826877,1.6781502357479896
30.0,268.0,130.05763244628906,-0.0213865066144634,1.6114322893141728,-2.463010226486656,-2.198162092939369,-1.135330528921833,0.8442408238999735,0.0208519602983867,2.547826913251565,0.1010167833852269,1.661960286207093
30.0,268.0,130.06198120117188,-0.0210899150349713,1.6096287085526484,-2.463767058446708,-2.1982630299713706,-1.134653084841088,0.8436530236866489,0.022693525749956,2.5479967623106274,0.0946474425726052,1.641959191509462
30.0,268.0,130.05508422851562,-0.0215917127502649,1.6113969438955726,-2.4642392622748908,-2.1972729137267453,-1.1354305819137127,0.8436862674534593,0.0215826127776874,2.5476425025102127,0.0990705395538166,1.6571212981112315
30.0,268.0,130.0692901611328,-0.0203942656790777,1.6119663830322368,-2.4639858657702214,-2.197839879031834,-1.1339025559464286,0.846124412267191,0.0238077821854445,2.5530134643895543,0.1135540848143144,1.6996508312525616
30.0,268.0,130.05929565429688,-0.0229840345625731,1.6114034778586277,-2.463135100989458,-2.198956107014004,-1.1353923691199106,0.8443713943623992,0.0212979526481876,2.546670261713997,0.1009693553300359,1.66404534010716
30.0,268.0,130.06942749023438,-0.0219468168281905,1.61087327670683,-2.464344881917185,-2.1980714789687594,-1.1345717054621771,0.8458179531935374,0.0230429432536251,2.5519848361959903,0.1126151471956707,1.691251380271957
30.0,268.0,130.0575408935547,-0.021527892421395,1.6115680867118432,-2.464080063253406,-2.197770591502357,-1.1355609915311538,0.8441603384137748,0.0215621391719984,2.5483352543911977,0.1025906693272762,1.6664693592658557
30.0,268.0,130.06295776367188,-0.0209722800348992,1.612076634196732,-2.4644169416835093,-2.197409166080972,-1.1350960288458007,0.8450540787196443,0.0228528809136173,2.5507801907869663,0.1077065074623773,1.683861431917406
30.0,268.0,203.7299041748047,-1.4671963034076896,0.7718039591814964,-3.521820860113768,-2.7055890962796987,-1.3850800460590984,0.7492558679810841,0.0041742840984898,2.5864682179734686,0.2295821296873494,1.9406396168518183
30.0,268.0,240.0376892089844,-0.818985015422538,0.7325545795717203,-3.463958090524869,-3.1745869837099026,-1.9281247841715203,0.2058466922336207,-0.3766659363291286,2.6001316734345754,0.2265875295001577,2.1979228280822705
30.0,268.0,130.06130981445312,-0.0216142234234416,1.611941311973024,-2.464798408174317,-2.197471051246846,-1.1351544359745211,0.8443040384815177,0.0236204972586364,2.5489907340305056,0.103108024306166,1.672783223110942
30.0,268.0,130.0700225830078,-0.021554109745988,1.6120439753754856,-2.4634945447088183,-2.1977249787071043,-1.1359977360920583,0.8464675320695966,0.0248784910245729,2.5535928169217965,0.114511753033331,1.699528858876211
30.0,268.0,130.06771850585938,-0.0212937730914956,1.6122709198500875,-2.464560585489906,-2.197786618314241,-1.1359934261997726,0.8459951570172819,0.0233432106041645,2.552007270481794,0.1121948788892302,1.694829161136428
30.0,268.0,130.05477905273438,-0.0214219252466692,1.6101425209654627,-2.4632407185319285,-2.1977235187479844,-1.1362119717563175,0.8432030875190504,0.0213767626717497,2.545003413854688,0.0961599312823348,1.649227676946242
30.0,268.0,130.0648651123047,-0.0209586972021701,1.6118468861961923,-2.464104249831065,-2.197373122657018,-1.1337570303689364,0.8454771529024306,0.0245756504370924,2.551118384301476,0.1032619142561943,1.665766227152196
30.0,268.0,130.0702667236328,-0.0210276692817846,1.6124254855535571,-2.468390277728133,-2.198022469516207,-1.135523871224156,0.8441887306441169,0.0232881814738785,2.5484165755536976,0.1035522041688338,1.6669743269900188
30.0,268.0,130.0591278076172,-0.0216652174014381,1.6117185220728425,-2.463682103283752,-2.197851750715832,-1.1353838343319864,0.8442095501150251,0.0209804605194346,2.548019756429247,0.1036383784919287,1.6706206341096168
30.0,268.0,130.0558319091797,-0.02142506060963,1.611353403827015,-2.464690564325593,-2.1966773709083736,-1.136949504483431,0.8433222503402822,0.0215086772537168,2.546366898858368,0.0980053628216621,1.6538123037939174
30.0,268.0,242.24465942382807,-0.6765068837044388,0.5731721926803546,-3.182363211629109,-3.115613068305457,-2.833970604240305,0.5175124438082294,-0.1119189164304249,2.549271617641784,0.2717736279602655,1.804321352114272
30.0,268.0,210.119873046875,-0.7610068930568665,0.5642124147423887,-3.726421416211226,-2.7995431788777383,-1.3708891968054873,0.679066308131347,0.0234932080174868,2.5843400721228726,0.297657964549431,2.1950618999519365
30.0,268.0,130.06036376953125,-0.0222114267946533,1.6116323288251029,-2.464402269059958,-2.197912699246993,-1.1350247526561337,0.843738197651714,0.0224388104393285,2.5490722839911584,0.1046284445153567,1.674020022052375
30.0,268.0,130.05328369140625,-0.021026056650595,1.6121293363920024,-2.464485857240861,-2.1982380976220144,-1.1370088755695529,0.8424252744135111,0.0214213052597067,2.54582171118016,0.0887272267252966,1.6315504901130755
30.0,268.0,205.575927734375,-0.8160173862793221,0.5906195673798553,-3.5501247184478806,-2.9220737949502533,-1.5276746941164658,0.7254873283981647,-0.0189028447691116,2.5943872451814447,0.2168908645567235,1.9760531472632008
30.0,268.0,130.06155395507812,-0.0215775363063054,1.611061185960011,-2.46501310085066,-2.197849701455941,-1.1349559228665942,0.8447758799481386,0.0219390213677063,2.5499945537550204,0.1062423555714915,1.677097478901885
30.0,268.0,130.0637969970703,-0.0208902406005644,1.6119734742103369,-2.464446091986895,-2.19710559809524,-1.1354421638064411,0.8450584025667578,0.0238041773645564,2.5516346855106327,0.107609505980238,1.6832541798756713
30.0,268.0,130.0644989013672,-0.0214179248292399,1.6128069766293551,-2.4646694673254155,-2.1997187233409914,-1.1352310118191995,0.8457633145446949,0.0229521221883603,2.5498708094247298,0.1066708785567443,1.680784104787331
30.0,268.0,130.06141662597656,-0.0212433152418556,1.6119415578478986,-2.464503045687366,-2.197957957645193,-1.135253556499711,0.8444462002684524,0.0231694186623434,2.55006490607497,0.106328143250225,1.676183812147586
30.0,268.0,130.0596923828125,-0.0216148007700014,1.610948044221752,-2.4645422094710323,-2.1976642164101383,-1.1352048186484744,0.8444218367418,0.0227316829238271,2.549324545403307,0.1044551057839413,1.6714983973159967
30.0,268.0,130.05662536621094,-0.0216853115008174,1.611718694053985,-2.4642412868460704,-2.1973376767371087,-1.1349219436928093,0.8428014458110451,0.0200904229651786,2.54567856755711,0.0988038563277837,1.6542628213980892
30.0,268.0,130.05735778808594,-0.0216987655410684,1.611153473574213,-2.4647858427467133,-2.1972850871953944,-1.1354714165882256,0.8437218230452876,0.021275635647774,2.548152071608001,0.0987243374474082,1.653118811171982
30.0,268.0,130.06600952148438,-0.0211178222070299,1.6103847759290266,-2.4644209921066222,-2.197451737189725,-1.1360195367760717,0.84494901713653,0.0235738133036352,2.551092969434705,0.1096924112457049,1.689501870068402
30.0,268.0,130.05589294433594,-0.0216298896534032,1.6107407929352149,-2.4630545530515104,-2.1968198299640367,-1.1365689623990551,0.8436385931309879,0.0216535153577728,2.547162386054556,0.0977362672142885,1.6542547085469437
30.0,269.0,130.05825805664062,-0.0217202972559392,1.6117173297878078,-2.4642168081770874,-2.19744917026364,-1.135342214416958,0.8442943930644615,0.0214855144662067,2.5474916743788345,0.1028813051085165,1.6683754637102135
30.0,269.0,130.0526580810547,-0.0217402988686517,1.6112151859835877,-2.4638001797931675,-2.1978273337732865,-1.1365721435403409,0.8426049009994537,0.0213264706407362,2.546209474122769,0.0927142991291334,1.638568932844537
30.0,269.0,130.05189514160156,-0.0218450816812363,1.611179748604774,-2.464757349711861,-2.197647265221664,-1.1370279797446077,0.8422263105257055,0.0213702045564558,2.545054172228693,0.0876247171518467,1.626929803763966
30.0,269.0,205.40724182128903,-1.2471719392371754,0.7338063691250966,-3.6956164114227614,-2.6893020048638974,-1.4361633841990469,0.7509499775402746,-0.0265320376388999,2.5844589496606782,0.2214973721181175,2.0621365244733765
30.0,269.0,130.06472778320312,-0.0214576293234495,1.6104123691719217,-2.463362841632002,-2.198039120567876,-1.1370667547619773,0.8457106580397326,0.0207787291329814,2.543933504451902,0.0987445479078411,1.6607912794236137
30.0,269.0,130.05508422851562,-0.0215851316306924,1.61138171357318,-2.464436130140352,-2.1973453218199817,-1.1351219749052324,0.8436844993817694,0.0216133617484546,2.547344852251074,0.0988131358683905,1.6588438768966018
30.0,269.0,130.06317138671875,-0.0214908486386406,1.6119646848450615,-2.464259312106244,-2.197573074584596,-1.135017991129897,0.8452881582951637,0.0238173310964382,2.551662452147406,0.1076228111777817,1.682164242503162
30.0,269.0,130.0622100830078,-0.0212112085904558,1.611940247268468,-2.464490530464323,-2.197534450090945,-1.135232296614472,0.8444980945704282,0.0231527330762314,2.5503785109304413,0.1073296986095062,1.6817504512190222
30.0,269.0,130.07180786132812,-0.0198385588222231,1.613399746182087,-2.462447093375754,-2.1980275329727466,-1.133904304055262,0.846753119792344,0.0232432009304832,2.55281013637525,0.1129654286504708,1.6988241965863846
30.0,269.0,217.80987548828125,-0.7399219093249991,0.6265199654248446,-3.3812386568411683,-3.115740592719888,-2.4970438835882924,0.4187495791001843,-0.1164287251613381,2.541142812644273,0.2703581298861386,2.0687642066891287
30.0,269.0,193.84164428710932,-0.2284010159949239,1.254985395882912,-2.7269330474421305,-2.062439529102285,-1.1192821284253744,0.7984072486439088,-0.0266891164844478,2.5659322521901795,0.1754660780234186,2.1465596423882265
30.0,269.0,130.0603485107422,-0.02166554888059,1.6116303742418878,-2.464433927833505,-2.1978671500740945,-1.1351945218100812,0.8445367092578658,0.0222050674800915,2.5500934509426303,0.1052217898583862,1.6741746615755806
30.0,269.0,130.0633544921875,-0.021581890070503,1.6114133897639322,-2.463166010348864,-2.197431660885488,-1.1378584604047215,0.8438059224279394,0.0244732499642736,2.5485616842407364,0.1002806707723448,1.6611699213085505
30.0,269.0,130.05943298339844,-0.0219935388981424,1.611654784197548,-2.464391722081144,-2.1978621726399625,-1.135164740549237,0.8441647053313863,0.0216243961061352,2.548972819704615,0.1042794801072972,1.672657701329092
30.0,269.0,130.06382751464844,-0.0210768488679159,1.6115787991621522,-2.4645104577406944,-2.196788547789148,-1.1355815644650034,0.8447191841079633,0.0238637801295413,2.551499621966451,0.1068880356271441,1.6810068068410342
30.0,269.0,130.07928466796875,-0.0260575111717201,1.6101996732202797,-2.464525477493161,-2.1972242671767823,-1.1327676171862628,0.8495841317060162,0.0234409887596069,2.5506852741713866,0.1075453170498392,1.6798955848567605
30.0,269.0,130.0977325439453,-0.022001086072665,1.6122071664124429,-2.462904516309876,-2.205357571788548,-1.1394453524906054,0.8420138340804185,0.0213193144411728,2.545153913844605,0.0963348290255885,1.6640840056941295
30.0,269.0,130.06192016601562,-0.0212227208284233,1.6121891393135834,-2.4644960529301425,-2.197557934395194,-1.1352402371828656,0.8448065255323579,0.023225858376605,2.550122352548509,0.1069361541826877,1.6781502357479896
30.0,269.0,130.05763244628906,-0.0213865066144634,1.6114322893141728,-2.463010226486656,-2.198162092939369,-1.135330528921833,0.8442408238999735,0.0208519602983867,2.547826913251565,0.1010167833852269,1.661960286207093
30.0,269.0,130.06198120117188,-0.0210899150349713,1.6096287085526484,-2.463767058446708,-2.1982630299713706,-1.134653084841088,0.8436530236866489,0.022693525749956,2.5479967623106274,0.0946474425726052,1.641959191509462
30.0,269.0,130.05508422851562,-0.0215917127502649,1.6113969438955726,-2.4642392622748908,-2.1972729137267453,-1.1354305819137127,0.8436862674534593,0.0215826127776874,2.5476425025102127,0.0990705395538166,1.6571212981112315
30.0,269.0,130.0692901611328,-0.0203942656790777,1.6119663830322368,-2.4639858657702214,-2.197839879031834,-1.1339025559464286,0.846124412267191,0.0238077821854445,2.5530134643895543,0.1135540848143144,1.6996508312525616
30.0,269.0,130.05929565429688,-0.0229840345625731,1.6114034778586277,-2.463135100989458,-2.198956107014004,-1.1353923691199106,0.8443713943623992,0.0212979526481876,2.546670261713997,0.1009693553300359,1.66404534010716
30.0,269.0,130.06942749023438,-0.0219468168281905,1.61087327670683,-2.464344881917185,-2.1980714789687594,-1.1345717054621771,0.8458179531935374,0.0230429432536251,2.5519848361959903,0.1126151471956707,1.691251380271957
30.0,269.0,130.0575408935547,-0.021527892421395,1.6115680867118432,-2.464080063253406,-2.197770591502357,-1.1355609915311538,0.8441603384137748,0.0215621391719984,2.5483352543911977,0.1025906693272762,1.6664693592658557
30.0,269.0,130.05311584472656,-0.0217462666854701,1.611979235189815,-2.463891157270595,-2.197375342864118,-1.137001934848915,0.8451959228823058,0.0227907714719337,2.544476868248507,0.0896313861722969,1.6340307557435907
30.0,269.0,170.10928344726562,0.0638321398681427,1.4647277968986858,-2.6004034895617623,-2.4888103836873845,-1.141562938221124,0.841247419003051,0.0155644715001526,2.565573404594764,0.0380784537889906,1.618859866908411
30.0,269.0,240.0376892089844,-0.818985015422538,0.7325545795717203,-3.463958090524869,-3.1745869837099026,-1.9281247841715203,0.2058466922336207,-0.3766659363291286,2.6001316734345754,0.2265875295001577,2.1979228280822705
30.0,269.0,130.06130981445312,-0.0216142234234416,1.611941311973024,-2.464798408174317,-2.197471051246846,-1.1351544359745211,0.8443040384815177,0.0236204972586364,2.5489907340305056,0.103108024306166,1.672783223110942
30.0,269.0,130.0700225830078,-0.021554109745988,1.6120439753754856,-2.4634945447088183,-2.1977249787071043,-1.1359977360920583,0.8464675320695966,0.0248784910245729,2.5535928169217965,0.114511753033331,1.699528858876211
30.0,269.0,130.06771850585938,-0.0212937730914956,1.6122709198500875,-2.464560585489906,-2.197786618314241,-1.1359934261997726,0.8459951570172819,0.0233432106041645,2.552007270481794,0.1121948788892302,1.694829161136428
30.0,269.0,130.05477905273438,-0.0214219252466692,1.6101425209654627,-2.4632407185319285,-2.1977235187479844,-1.1362119717563175,0.8432030875190504,0.0213767626717497,2.545003413854688,0.0961599312823348,1.649227676946242
30.0,269.0,130.0648651123047,-0.0209586972021701,1.6118468861961923,-2.464104249831065,-2.197373122657018,-1.1337570303689364,0.8454771529024306,0.0245756504370924,2.551118384301476,0.1032619142561943,1.665766227152196
30.0,269.0,130.0702667236328,-0.0210276692817846,1.6124254855535571,-2.468390277728133,-2.198022469516207,-1.135523871224156,0.8441887306441169,0.0232881814738785,2.5484165755536976,0.1035522041688338,1.6669743269900188
30.0,269.0,130.0591278076172,-0.0216652174014381,1.6117185220728425,-2.463682103283752,-2.197851750715832,-1.1353838343319864,0.8442095501150251,0.0209804605194346,2.548019756429247,0.1036383784919287,1.6706206341096168
30.0,269.0,130.0558319091797,-0.02142506060963,1.611353403827015,-2.464690564325593,-2.1966773709083736,-1.136949504483431,0.8433222503402822,0.0215086772537168,2.546366898858368,0.0980053628216621,1.6538123037939174
30.0,269.0,242.24465942382807,-0.6765068837044388,0.5731721926803546,-3.182363211629109,-3.115613068305457,-2.833970604240305,0.5175124438082294,-0.1119189164304249,2.549271617641784,0.2717736279602655,1.804321352114272
30.0,269.0,210.119873046875,-0.7610068930568665,0.5642124147423887,-3.726421416211226,-2.7995431788777383,-1.3708891968054873,0.679066308131347,0.0234932080174868,2.5843400721228726,0.297657964549431,2.1950618999519365
30.0,269.0,130.06036376953125,-0.0222114267946533,1.6116323288251029,-2.464402269059958,-2.197912699246993,-1.1350247526561337,0.843738197651714,0.0224388104393285,2.5490722839911584,0.1046284445153567,1.674020022052375
30.0,269.0,130.05328369140625,-0.021026056650595,1.6121293363920024,-2.464485857240861,-2.1982380976220144,-1.1370088755695529,0.8424252744135111,0.0214213052597067,2.54582171118016,0.0887272267252966,1.6315504901130755
30.0,269.0,205.575927734375,-0.8160173862793221,0.5906195673798553,-3.5501247184478806,-2.9220737949502533,-1.5276746941164658,0.7254873283981647,-0.0189028447691116,2.5943872451814447,0.2168908645567235,1.9760531472632008
30.0,269.0,130.06155395507812,-0.0215775363063054,1.611061185960011,-2.46501310085066,-2.197849701455941,-1.1349559228665942,0.8447758799481386,0.0219390213677063,2.5499945537550204,0.1062423555714915,1.677097478901885
30.0,269.0,130.0637969970703,-0.0208902406005644,1.6119734742103369,-2.464446091986895,-2.19710559809524,-1.1354421638064411,0.8450584025667578,0.0238041773645564,2.5516346855106327,0.107609505980238,1.6832541798756713
30.0,269.0,130.0644989013672,-0.0214179248292399,1.6128069766293551,-2.4646694673254155,-2.1997187233409914,-1.1352310118191995,0.8457633145446949,0.0229521221883603,2.5498708094247298,0.1066708785567443,1.680784104787331
30.0,269.0,130.06141662597656,-0.0212433152418556,1.6119415578478986,-2.464503045687366,-2.197957957645193,-1.135253556499711,0.8444462002684524,0.0231694186623434,2.55006490607497,0.106328143250225,1.676183812147586
30.0,269.0,130.0596923828125,-0.0216148007700014,1.610948044221752,-2.4645422094710323,-2.1976642164101383,-1.1352048186484744,0.8444218367418,0.0227316829238271,2.549324545403307,0.1044551057839413,1.6714983973159967
30.0,269.0,130.05662536621094,-0.0216853115008174,1.611718694053985,-2.4642412868460704,-2.1973376767371087,-1.1349219436928093,0.8428014458110451,0.0200904229651786,2.54567856755711,0.0988038563277837,1.6542628213980892
30.0,269.0,130.05735778808594,-0.0216987655410684,1.611153473574213,-2.4647858427467133,-2.1972850871953944,-1.1354714165882256,0.8437218230452876,0.021275635647774,2.548152071608001,0.0987243374474082,1.653118811171982
30.0,269.0,130.06600952148438,-0.0211178222070299,1.6103847759290266,-2.4644209921066222,-2.197451737189725,-1.1360195367760717,0.84494901713653,0.0235738133036352,2.551092969434705,0.1096924112457049,1.689501870068402
30.0,269.0,130.05589294433594,-0.0216298896534032,1.6107407929352149,-2.4630545530515104,-2.1968198299640367,-1.1365689623990551,0.8436385931309879,0.0216535153577728,2.547162386054556,0.0977362672142885,1.6542547085469437
30.0,270.0,130.05825805664062,-0.0217202972559392,1.6117173297878078,-2.4642168081770874,-2.19744917026364,-1.135342214416958,0.8442943930644615,0.0214855144662067,2.5474916743788345,0.1028813051085165,1.6683754637102135
30.0,270.0,130.0526580810547,-0.0217402988686517,1.6112151859835877,-2.4638001797931675,-2.1978273337732865,-1.1365721435403409,0.8426049009994537,0.0213264706407362,2.546209474122769,0.0927142991291334,1.638568932844537
30.0,270.0,130.05189514160156,-0.0218450816812363,1.611179748604774,-2.464757349711861,-2.197647265221664,-1.1370279797446077,0.8422263105257055,0.0213702045564558,2.545054172228693,0.0876247171518467,1.626929803763966
30.0,270.0,205.40724182128903,-1.2471719392371754,0.7338063691250966,-3.6956164114227614,-2.6893020048638974,-1.4361633841990469,0.7509499775402746,-0.0265320376388999,2.5844589496606782,0.2214973721181175,2.0621365244733765
30.0,270.0,130.06472778320312,-0.0214576293234495,1.6104123691719217,-2.463362841632002,-2.198039120567876,-1.1370667547619773,0.8457106580397326,0.0207787291329814,2.543933504451902,0.0987445479078411,1.6607912794236137
30.0,270.0,130.05508422851562,-0.0215851316306924,1.61138171357318,-2.464436130140352,-2.1973453218199817,-1.1351219749052324,0.8436844993817694,0.0216133617484546,2.547344852251074,0.0988131358683905,1.6588438768966018
30.0,270.0,130.06317138671875,-0.0214908486386406,1.6119646848450615,-2.464259312106244,-2.197573074584596,-1.135017991129897,0.8452881582951637,0.0238173310964382,2.551662452147406,0.1076228111777817,1.682164242503162
30.0,270.0,130.0622100830078,-0.0212112085904558,1.611940247268468,-2.464490530464323,-2.197534450090945,-1.135232296614472,0.8444980945704282,0.0231527330762314,2.5503785109304413,0.1073296986095062,1.6817504512190222
30.0,270.0,130.07180786132812,-0.0198385588222231,1.613399746182087,-2.462447093375754,-2.1980275329727466,-1.133904304055262,0.846753119792344,0.0232432009304832,2.55281013637525,0.1129654286504708,1.6988241965863846
30.0,270.0,217.80987548828125,-0.7399219093249991,0.6265199654248446,-3.3812386568411683,-3.115740592719888,-2.4970438835882924,0.4187495791001843,-0.1164287251613381,2.541142812644273,0.2703581298861386,2.0687642066891287
30.0,270.0,193.84164428710932,-0.2284010159949239,1.254985395882912,-2.7269330474421305,-2.062439529102285,-1.1192821284253744,0.7984072486439088,-0.0266891164844478,2.5659322521901795,0.1754660780234186,2.1465596423882265
30.0,270.0,130.0603485107422,-0.02166554888059,1.6116303742418878,-2.464433927833505,-2.1978671500740945,-1.1351945218100812,0.8445367092578658,0.0222050674800915,2.5500934509426303,0.1052217898583862,1.6741746615755806
30.0,270.0,130.0633544921875,-0.021581890070503,1.6114133897639322,-2.463166010348864,-2.197431660885488,-1.1378584604047215,0.8438059224279394,0.0244732499642736,2.5485616842407364,0.1002806707723448,1.6611699213085505
30.0,270.0,130.05943298339844,-0.0219935388981424,1.611654784197548,-2.464391722081144,-2.1978621726399625,-1.135164740549237,0.8441647053313863,0.0216243961061352,2.548972819704615,0.1042794801072972,1.672657701329092
30.0,270.0,130.06382751464844,-0.0210768488679159,1.6115787991621522,-2.4645104577406944,-2.196788547789148,-1.1355815644650034,0.8447191841079633,0.0238637801295413,2.551499621966451,0.1068880356271441,1.6810068068410342
30.0,270.0,130.07928466796875,-0.0260575111717201,1.6101996732202797,-2.464525477493161,-2.1972242671767823,-1.1327676171862628,0.8495841317060162,0.0234409887596069,2.5506852741713866,0.1075453170498392,1.6798955848567605
30.0,270.0,130.0977325439453,-0.022001086072665,1.6122071664124429,-2.462904516309876,-2.205357571788548,-1.1394453524906054,0.8420138340804185,0.0213193144411728,2.545153913844605,0.0963348290255885,1.6640840056941295
30.0,270.0,130.06192016601562,-0.0212227208284233,1.6121891393135834,-2.4644960529301425,-2.197557934395194,-1.1352402371828656,0.8448065255323579,0.023225858376605,2.550122352548509,0.1069361541826877,1.6781502357479896
30.0,270.0,130.05763244628906,-0.0213865066144634,1.6114322893141728,-2.463010226486656,-2.198162092939369,-1.135330528921833,0.8442408238999735,0.0208519602983867,2.547826913251565,0.1010167833852269,1.661960286207093
30.0,270.0,130.06198120117188,-0.0210899150349713,1.6096287085526484,-2.463767058446708,-2.1982630299713706,-1.134653084841088,0.8436530236866489,0.022693525749956,2.5479967623106274,0.0946474425726052,1.641959191509462
30.0,270.0,130.05508422851562,-0.0215917127502649,1.6113969438955726,-2.4642392622748908,-2.1972729137267453,-1.1354305819137127,0.8436862674534593,0.0215826127776874,2.5476425025102127,0.0990705395538166,1.6571212981112315
30.0,270.0,130.0692901611328,-0.0203942656790777,1.6119663830322368,-2.4639858657702214,-2.197839879031834,-1.1339025559464286,0.846124412267191,0.0238077821854445,2.5530134643895543,0.1135540848143144,1.6996508312525616
30.0,270.0,130.05929565429688,-0.0229840345625731,1.6114034778586277,-2.463135100989458,-2.198956107014004,-1.1353923691199106,0.8443713943623992,0.0212979526481876,2.546670261713997,0.1009693553300359,1.66404534010716
30.0,270.0,130.06942749023438,-0.0219468168281905,1.61087327670683,-2.464344881917185,-2.1980714789687594,-1.1345717054621771,0.8458179531935374,0.0230429432536251,2.5519848361959903,0.1126151471956707,1.691251380271957
30.0,270.0,130.0575408935547,-0.021527892421395,1.6115680867118432,-2.464080063253406,-2.197770591502357,-1.1355609915311538,0.8441603384137748,0.0215621391719984,2.5483352543911977,0.1025906693272762,1.6664693592658557
30.0,270.0,130.05311584472656,-0.0217462666854701,1.611979235189815,-2.463891157270595,-2.197375342864118,-1.137001934848915,0.8451959228823058,0.0227907714719337,2.544476868248507,0.0896313861722969,1.6340307557435907
30.0,270.0,170.10928344726562,0.0638321398681427,1.4647277968986858,-2.6004034895617623,-2.4888103836873845,-1.141562938221124,0.841247419003051,0.0155644715001526,2.565573404594764,0.0380784537889906,1.618859866908411
30.0,270.0,240.0376892089844,-0.818985015422538,0.7325545795717203,-3.463958090524869,-3.1745869837099026,-1.9281247841715203,0.2058466922336207,-0.3766659363291286,2.6001316734345754,0.2265875295001577,2.1979228280822705
30.0,270.0,130.06130981445312,-0.0216142234234416,1.611941311973024,-2.464798408174317,-2.197471051246846,-1.1351544359745211,0.8443040384815177,0.0236204972586364,2.5489907340305056,0.103108024306166,1.672783223110942
30.0,270.0,130.0700225830078,-0.021554109745988,1.6120439753754856,-2.4634945447088183,-2.1977249787071043,-1.1359977360920583,0.8464675320695966,0.0248784910245729,2.5535928169217965,0.114511753033331,1.699528858876211
30.0,270.0,130.06771850585938,-0.0212937730914956,1.6122709198500875,-2.464560585489906,-2.197786618314241,-1.1359934261997726,0.8459951570172819,0.0233432106041645,2.552007270481794,0.1121948788892302,1.694829161136428
30.0,270.0,130.05477905273438,-0.0214219252466692,1.6101425209654627,-2.4632407185319285,-2.1977235187479844,-1.1362119717563175,0.8432030875190504,0.0213767626717497,2.545003413854688,0.0961599312823348,1.649227676946242
30.0,270.0,130.0648651123047,-0.0209586972021701,1.6118468861961923,-2.464104249831065,-2.197373122657018,-1.1337570303689364,0.8454771529024306,0.0245756504370924,2.551118384301476,0.1032619142561943,1.665766227152196
30.0,270.0,130.0702667236328,-0.0210276692817846,1.6124254855535571,-2.468390277728133,-2.198022469516207,-1.135523871224156,0.8441887306441169,0.0232881814738785,2.5484165755536976,0.1035522041688338,1.6669743269900188
30.0,270.0,130.0591278076172,-0.0216652174014381,1.6117185220728425,-2.463682103283752,-2.197851750715832,-1.1353838343319864,0.8442095501150251,0.0209804605194346,2.548019756429247,0.1036383784919287,1.6706206341096168
30.0,270.0,130.0558319091797,-0.02142506060963,1.611353403827015,-2.464690564325593,-2.1966773709083736,-1.136949504483431,0.8433222503402822,0.0215086772537168,2.546366898858368,0.0980053628216621,1.6538123037939174
30.0,270.0,242.24465942382807,-0.6765068837044388,0.5731721926803546,-3.182363211629109,-3.115613068305457,-2.833970604240305,0.5175124438082294,-0.1119189164304249,2.549271617641784,0.2717736279602655,1.804321352114272
30.0,270.0,210.119873046875,-0.7610068930568665,0.5642124147423887,-3.726421416211226,-2.7995431788777383,-1.3708891968054873,0.679066308131347,0.0234932080174868,2.5843400721228726,0.297657964549431,2.1950618999519365
30.0,270.0,130.06036376953125,-0.0222114267946533,1.6116323288251029,-2.464402269059958,-2.197912699246993,-1.1350247526561337,0.843738197651714,0.0224388104393285,2.5490722839911584,0.1046284445153567,1.674020022052375
30.0,270.0,130.05328369140625,-0.021026056650595,1.6121293363920024,-2.464485857240861,-2.1982380976220144,-1.1370088755695529,0.8424252744135111,0.0214213052597067,2.54582171118016,0.0887272267252966,1.6315504901130755
30.0,270.0,205.575927734375,-0.8160173862793221,0.5906195673798553,-3.5501247184478806,-2.9220737949502533,-1.5276746941164658,0.7254873283981647,-0.0189028447691116,2.5943872451814447,0.2168908645567235,1.9760531472632008
30.0,270.0,130.06155395507812,-0.0215775363063054,1.611061185960011,-2.46501310085066,-2.197849701455941,-1.1349559228665942,0.8447758799481386,0.0219390213677063,2.5499945537550204,0.1062423555714915,1.677097478901885
30.0,270.0,130.0637969970703,-0.0208902406005644,1.6119734742103369,-2.464446091986895,-2.19710559809524,-1.1354421638064411,0.8450584025667578,0.0238041773645564,2.5516346855106327,0.107609505980238,1.6832541798756713
30.0,270.0,130.0644989013672,-0.0214179248292399,1.6128069766293551,-2.4646694673254155,-2.1997187233409914,-1.1352310118191995,0.8457633145446949,0.0229521221883603,2.5498708094247298,0.1066708785567443,1.680784104787331
30.0,270.0,130.06141662597656,-0.0212433152418556,1.6119415578478986,-2.464503045687366,-2.197957957645193,-1.135253556499711,0.8444462002684524,0.0231694186623434,2.55006490607497,0.106328143250225,1.676183812147586
30.0,270.0,130.0596923828125,-0.0216148007700014,1.610948044221752,-2.4645422094710323,-2.1976642164101383,-1.1352048186484744,0.8444218367418,0.0227316829238271,2.549324545403307,0.1044551057839413,1.6714983973159967
30.0,270.0,130.05662536621094,-0.0216853115008174,1.611718694053985,-2.4642412868460704,-2.1973376767371087,-1.1349219436928093,0.8428014458110451,0.0200904229651786,2.54567856755711,0.0988038563277837,1.6542628213980892
30.0,270.0,130.05735778808594,-0.0216987655410684,1.611153473574213,-2.4647858427467133,-2.1972850871953944,-1.1354714165882256,0.8437218230452876,0.021275635647774,2.548152071608001,0.0987243374474082,1.653118811171982
30.0,270.0,130.06600952148438,-0.0211178222070299,1.6103847759290266,-2.4644209921066222,-2.197451737189725,-1.1360195367760717,0.84494901713653,0.0235738133036352,2.551092969434705,0.1096924112457049,1.689501870068402
30.0,270.0,130.05589294433594,-0.0216298896534032,1.6107407929352149,-2.4630545530515104,-2.1968198299640367,-1.1365689623990551,0.8436385931309879,0.0216535153577728,2.547162386054556,0.0977362672142885,1.6542547085469437
30.0,271.0,130.05825805664062,-0.0217202972559392,1.6117173297878078,-2.4642168081770874,-2.19744917026364,-1.135342214416958,0.8442943930644615,0.0214855144662067,2.5474916743788345,0.1028813051085165,1.6683754637102135
30.0,271.0,130.0526580810547,-0.0217402988686517,1.6112151859835877,-2.4638001797931675,-2.1978273337732865,-1.1365721435403409,0.8426049009994537,0.0213264706407362,2.546209474122769,0.0927142991291334,1.638568932844537
30.0,271.0,130.05189514160156,-0.0218450816812363,1.611179748604774,-2.464757349711861,-2.197647265221664,-1.1370279797446077,0.8422263105257055,0.0213702045564558,2.545054172228693,0.0876247171518467,1.626929803763966
30.0,271.0,205.40724182128903,-1.2471719392371754,0.7338063691250966,-3.6956164114227614,-2.6893020048638974,-1.4361633841990469,0.7509499775402746,-0.0265320376388999,2.5844589496606782,0.2214973721181175,2.0621365244733765
30.0,271.0,130.06472778320312,-0.0214576293234495,1.6104123691719217,-2.463362841632002,-2.198039120567876,-1.1370667547619773,0.8457106580397326,0.0207787291329814,2.543933504451902,0.0987445479078411,1.6607912794236137
30.0,271.0,130.05508422851562,-0.0215851316306924,1.61138171357318,-2.464436130140352,-2.1973453218199817,-1.1351219749052324,0.8436844993817694,0.0216133617484546,2.547344852251074,0.0988131358683905,1.6588438768966018
30.0,271.0,130.06317138671875,-0.0214908486386406,1.6119646848450615,-2.464259312106244,-2.197573074584596,-1.135017991129897,0.8452881582951637,0.0238173310964382,2.551662452147406,0.1076228111777817,1.682164242503162
30.0,271.0,130.0622100830078,-0.0212112085904558,1.611940247268468,-2.464490530464323,-2.197534450090945,-1.135232296614472,0.8444980945704282,0.0231527330762314,2.5503785109304413,0.1073296986095062,1.6817504512190222
30.0,271.0,130.07180786132812,-0.0198385588222231,1.613399746182087,-2.462447093375754,-2.1980275329727466,-1.133904304055262,0.846753119792344,0.0232432009304832,2.55281013637525,0.1129654286504708,1.6988241965863846
30.0,271.0,217.80987548828125,-0.7399219093249991,0.6265199654248446,-3.3812386568411683,-3.115740592719888,-2.4970438835882924,0.4187495791001843,-0.1164287251613381,2.541142812644273,0.2703581298861386,2.0687642066891287
30.0,271.0,193.84164428710932,-0.2284010159949239,1.254985395882912,-2.7269330474421305,-2.062439529102285,-1.1192821284253744,0.7984072486439088,-0.0266891164844478,2.5659322521901795,0.1754660780234186,2.1465596423882265
30.0,271.0,130.0603485107422,-0.02166554888059,1.6116303742418878,-2.464433927833505,-2.1978671500740945,-1.1351945218100812,0.8445367092578658,0.0222050674800915,2.5500934509426303,0.1052217898583862,1.6741746615755806
30.0,271.0,130.0633544921875,-0.021581890070503,1.6114133897639322,-2.463166010348864,-2.197431660885488,-1.1378584604047215,0.8438059224279394,0.0244732499642736,2.5485616842407364,0.1002806707723448,1.6611699213085505
30.0,271.0,130.05943298339844,-0.0219935388981424,1.611654784197548,-2.464391722081144,-2.1978621726399625,-1.135164740549237,0.8441647053313863,0.0216243961061352,2.548972819704615,0.1042794801072972,1.672657701329092
30.0,271.0,130.06382751464844,-0.0210768488679159,1.6115787991621522,-2.4645104577406944,-2.196788547789148,-1.1355815644650034,0.8447191841079633,0.0238637801295413,2.551499621966451,0.1068880356271441,1.6810068068410342
30.0,271.0,130.07928466796875,-0.0260575111717201,1.6101996732202797,-2.464525477493161,-2.1972242671767823,-1.1327676171862628,0.8495841317060162,0.0234409887596069,2.5506852741713866,0.1075453170498392,1.6798955848567605
30.0,271.0,130.0977325439453,-0.022001086072665,1.6122071664124429,-2.462904516309876,-2.205357571788548,-1.1394453524906054,0.8420138340804185,0.0213193144411728,2.545153913844605,0.0963348290255885,1.6640840056941295
30.0,271.0,130.06192016601562,-0.0212227208284233,1.6121891393135834,-2.4644960529301425,-2.197557934395194,-1.1352402371828656,0.8448065255323579,0.023225858376605,2.550122352548509,0.1069361541826877,1.6781502357479896
30.0,271.0,130.05763244628906,-0.0213865066144634,1.6114322893141728,-2.463010226486656,-2.198162092939369,-1.135330528921833,0.8442408238999735,0.0208519602983867,2.547826913251565,0.1010167833852269,1.661960286207093
30.0,271.0,130.06198120117188,-0.0210899150349713,1.6096287085526484,-2.463767058446708,-2.1982630299713706,-1.134653084841088,0.8436530236866489,0.022693525749956,2.5479967623106274,0.0946474425726052,1.641959191509462
30.0,271.0,130.05508422851562,-0.0215917127502649,1.6113969438955726,-2.4642392622748908,-2.1972729137267453,-1.1354305819137127,0.8436862674534593,0.0215826127776874,2.5476425025102127,0.0990705395538166,1.6571212981112315
30.0,271.0,130.0692901611328,-0.0203942656790777,1.6119663830322368,-2.4639858657702214,-2.197839879031834,-1.1339025559464286,0.846124412267191,0.0238077821854445,2.5530134643895543,0.1135540848143144,1.6996508312525616
30.0,271.0,130.05929565429688,-0.0229840345625731,1.6114034778586277,-2.463135100989458,-2.198956107014004,-1.1353923691199106,0.8443713943623992,0.0212979526481876,2.546670261713997,0.1009693553300359,1.66404534010716
30.0,271.0,130.06942749023438,-0.0219468168281905,1.61087327670683,-2.464344881917185,-2.1980714789687594,-1.1345717054621771,0.8458179531935374,0.0230429432536251,2.5519848361959903,0.1126151471956707,1.691251380271957
30.0,271.0,130.0575408935547,-0.021527892421395,1.6115680867118432,-2.464080063253406,-2.197770591502357,-1.1355609915311538,0.8441603384137748,0.0215621391719984,2.5483352543911977,0.1025906693272762,1.6664693592658557
30.0,271.0,130.05311584472656,-0.0217462666854701,1.611979235189815,-2.463891157270595,-2.197375342864118,-1.137001934848915,0.8451959228823058,0.0227907714719337,2.544476868248507,0.0896313861722969,1.6340307557435907
30.0,271.0,170.10928344726562,0.0638321398681427,1.4647277968986858,-2.6004034895617623,-2.4888103836873845,-1.141562938221124,0.841247419003051,0.0155644715001526,2.565573404594764,0.0380784537889906,1.618859866908411
30.0,271.0,240.0376892089844,-0.818985015422538,0.7325545795717203,-3.463958090524869,-3.1745869837099026,-1.9281247841715203,0.2058466922336207,-0.3766659363291286,2.6001316734345754,0.2265875295001577,2.1979228280822705
30.0,271.0,130.06130981445312,-0.0216142234234416,1.611941311973024,-2.464798408174317,-2.197471051246846,-1.1351544359745211,0.8443040384815177,0.0236204972586364,2.5489907340305056,0.103108024306166,1.672783223110942
30.0,271.0,130.0700225830078,-0.021554109745988,1.6120439753754856,-2.4634945447088183,-2.1977249787071043,-1.1359977360920583,0.8464675320695966,0.0248784910245729,2.5535928169217965,0.114511753033331,1.699528858876211
30.0,271.0,130.06771850585938,-0.0212937730914956,1.6122709198500875,-2.464560585489906,-2.197786618314241,-1.1359934261997726,0.8459951570172819,0.0233432106041645,2.552007270481794,0.1121948788892302,1.694829161136428
30.0,271.0,130.05477905273438,-0.0214219252466692,1.6101425209654627,-2.4632407185319285,-2.1977235187479844,-1.1362119717563175,0.8432030875190504,0.0213767626717497,2.545003413854688,0.0961599312823348,1.649227676946242
30.0,271.0,130.0648651123047,-0.0209586972021701,1.6118468861961923,-2.464104249831065,-2.197373122657018,-1.1337570303689364,0.8454771529024306,0.0245756504370924,2.551118384301476,0.1032619142561943,1.665766227152196
30.0,271.0,130.06300354003906,-0.0210233041666804,1.612682609092603,-2.466756174740839,-2.19793946033548,-1.1367112435099938,0.8458339197591457,0.0234515453345053,2.546591947549936,0.0978411966391494,1.6511097417394267
30.0,271.0,130.0591278076172,-0.0216652174014381,1.6117185220728425,-2.463682103283752,-2.197851750715832,-1.1353838343319864,0.8442095501150251,0.0209804605194346,2.548019756429247,0.1036383784919287,1.6706206341096168
30.0,271.0,130.0558319091797,-0.02142506060963,1.611353403827015,-2.464690564325593,-2.1966773709083736,-1.136949504483431,0.8433222503402822,0.0215086772537168,2.546366898858368,0.0980053628216621,1.6538123037939174
30.0,271.0,242.24465942382807,-0.6765068837044388,0.5731721926803546,-3.182363211629109,-3.115613068305457,-2.833970604240305,0.5175124438082294,-0.1119189164304249,2.549271617641784,0.2717736279602655,1.804321352114272
30.0,271.0,210.119873046875,-0.7610068930568665,0.5642124147423887,-3.726421416211226,-2.7995431788777383,-1.3708891968054873,0.679066308131347,0.0234932080174868,2.5843400721228726,0.297657964549431,2.1950618999519365
30.0,271.0,130.06036376953125,-0.0222114267946533,1.6116323288251029,-2.464402269059958,-2.197912699246993,-1.1350247526561337,0.843738197651714,0.0224388104393285,2.5490722839911584,0.1046284445153567,1.674020022052375
30.0,271.0,130.05328369140625,-0.021026056650595,1.6121293363920024,-2.464485857240861,-2.1982380976220144,-1.1370088755695529,0.8424252744135111,0.0214213052597067,2.54582171118016,0.0887272267252966,1.6315504901130755
30.0,271.0,205.575927734375,-0.8160173862793221,0.5906195673798553,-3.5501247184478806,-2.9220737949502533,-1.5276746941164658,0.7254873283981647,-0.0189028447691116,2.5943872451814447,0.2168908645567235,1.9760531472632008
30.0,271.0,130.06155395507812,-0.0215775363063054,1.611061185960011,-2.46501310085066,-2.197849701455941,-1.1349559228665942,0.8447758799481386,0.0219390213677063,2.5499945537550204,0.1062423555714915,1.677097478901885
30.0,271.0,130.0637969970703,-0.0208902406005644,1.6119734742103369,-2.464446091986895,-2.19710559809524,-1.1354421638064411,0.8450584025667578,0.0238041773645564,2.5516346855106327,0.107609505980238,1.6832541798756713
30.0,271.0,130.0644989013672,-0.0214179248292399,1.6128069766293551,-2.4646694673254155,-2.1997187233409914,-1.1352310118191995,0.8457633145446949,0.0229521221883603,2.5498708094247298,0.1066708785567443,1.680784104787331
30.0,271.0,130.06141662597656,-0.0212433152418556,1.6119415578478986,-2.464503045687366,-2.197957957645193,-1.135253556499711,0.8444462002684524,0.0231694186623434,2.55006490607497,0.106328143250225,1.676183812147586
30.0,271.0,130.0596923828125,-0.0216148007700014,1.610948044221752,-2.4645422094710323,-2.1976642164101383,-1.1352048186484744,0.8444218367418,0.0227316829238271,2.549324545403307,0.1044551057839413,1.6714983973159967
30.0,271.0,130.05662536621094,-0.0216853115008174,1.611718694053985,-2.4642412868460704,-2.1973376767371087,-1.1349219436928093,0.8428014458110451,0.0200904229651786,2.54567856755711,0.0988038563277837,1.6542628213980892
30.0,271.0,130.05735778808594,-0.0216987655410684,1.611153473574213,-2.4647858427467133,-2.1972850871953944,-1.1354714165882256,0.8437218230452876,0.021275635647774,2.548152071608001,0.0987243374474082,1.653118811171982
30.0,271.0,130.06600952148438,-0.0211178222070299,1.6103847759290266,-2.4644209921066222,-2.197451737189725,-1.1360195367760717,0.84494901713653,0.0235738133036352,2.551092969434705,0.1096924112457049,1.689501870068402
30.0,271.0,130.05589294433594,-0.0216298896534032,1.6107407929352149,-2.4630545530515104,-2.1968198299640367,-1.1365689623990551,0.8436385931309879,0.0216535153577728,2.547162386054556,0.0977362672142885,1.6542547085469437
30.0,272.0,130.05825805664062,-0.0217202972559392,1.6117173297878078,-2.4642168081770874,-2.19744917026364,-1.135342214416958,0.8442943930644615,0.0214855144662067,2.5474916743788345,0.1028813051085165,1.6683754637102135
30.0,272.0,130.0526580810547,-0.0217402988686517,1.6112151859835877,-2.4638001797931675,-2.1978273337732865,-1.1365721435403409,0.8426049009994537,0.0213264706407362,2.546209474122769,0.0927142991291334,1.638568932844537
30.0,272.0,130.05189514160156,-0.0218450816812363,1.611179748604774,-2.464757349711861,-2.197647265221664,-1.1370279797446077,0.8422263105257055,0.0213702045564558,2.545054172228693,0.0876247171518467,1.626929803763966
30.0,272.0,205.40724182128903,-1.2471719392371754,0.7338063691250966,-3.6956164114227614,-2.6893020048638974,-1.4361633841990469,0.7509499775402746,-0.0265320376388999,2.5844589496606782,0.2214973721181175,2.0621365244733765
30.0,272.0,130.06472778320312,-0.0214576293234495,1.6104123691719217,-2.463362841632002,-2.198039120567876,-1.1370667547619773,0.8457106580397326,0.0207787291329814,2.543933504451902,0.0987445479078411,1.6607912794236137
30.0,272.0,130.05508422851562,-0.0215851316306924,1.61138171357318,-2.464436130140352,-2.1973453218199817,-1.1351219749052324,0.8436844993817694,0.0216133617484546,2.547344852251074,0.0988131358683905,1.6588438768966018
30.0,272.0,130.06317138671875,-0.0214908486386406,1.6119646848450615,-2.464259312106244,-2.197573074584596,-1.135017991129897,0.8452881582951637,0.0238173310964382,2.551662452147406,0.1076228111777817,1.682164242503162
30.0,272.0,130.0622100830078,-0.0212112085904558,1.611940247268468,-2.464490530464323,-2.197534450090945,-1.135232296614472,0.8444980945704282,0.0231527330762314,2.5503785109304413,0.1073296986095062,1.6817504512190222
30.0,272.0,130.07180786132812,-0.0198385588222231,1.613399746182087,-2.462447093375754,-2.1980275329727466,-1.133904304055262,0.846753119792344,0.0232432009304832,2.55281013637525,0.1129654286504708,1.6988241965863846
30.0,272.0,217.80987548828125,-0.7399219093249991,0.6265199654248446,-3.3812386568411683,-3.115740592719888,-2.4970438835882924,0.4187495791001843,-0.1164287251613381,2.541142812644273,0.2703581298861386,2.0687642066891287
30.0,272.0,193.84164428710932,-0.2284010159949239,1.254985395882912,-2.7269330474421305,-2.062439529102285,-1.1192821284253744,0.7984072486439088,-0.0266891164844478,2.5659322521901795,0.1754660780234186,2.1465596423882265
30.0,272.0,130.0603485107422,-0.02166554888059,1.6116303742418878,-2.464433927833505,-2.1978671500740945,-1.1351945218100812,0.8445367092578658,0.0222050674800915,2.5500934509426303,0.1052217898583862,1.6741746615755806
30.0,272.0,130.0633544921875,-0.021581890070503,1.6114133897639322,-2.463166010348864,-2.197431660885488,-1.1378584604047215,0.8438059224279394,0.0244732499642736,2.5485616842407364,0.1002806707723448,1.6611699213085505
30.0,272.0,130.05943298339844,-0.0219935388981424,1.611654784197548,-2.464391722081144,-2.1978621726399625,-1.135164740549237,0.8441647053313863,0.0216243961061352,2.548972819704615,0.1042794801072972,1.672657701329092
30.0,272.0,130.06382751464844,-0.0210768488679159,1.6115787991621522,-2.4645104577406944,-2.196788547789148,-1.1355815644650034,0.8447191841079633,0.0238637801295413,2.551499621966451,0.1068880356271441,1.6810068068410342
30.0,272.0,130.07928466796875,-0.0260575111717201,1.6101996732202797,-2.464525477493161,-2.1972242671767823,-1.1327676171862628,0.8495841317060162,0.0234409887596069,2.5506852741713866,0.1075453170498392,1.6798955848567605
30.0,272.0,130.0977325439453,-0.022001086072665,1.6122071664124429,-2.462904516309876,-2.205357571788548,-1.1394453524906054,0.8420138340804185,0.0213193144411728,2.545153913844605,0.0963348290255885,1.6640840056941295
30.0,272.0,130.06192016601562,-0.0212227208284233,1.6121891393135834,-2.4644960529301425,-2.197557934395194,-1.1352402371828656,0.8448065255323579,0.023225858376605,2.550122352548509,0.1069361541826877,1.6781502357479896
30.0,272.0,130.05763244628906,-0.0213865066144634,1.6114322893141728,-2.463010226486656,-2.198162092939369,-1.135330528921833,0.8442408238999735,0.0208519602983867,2.547826913251565,0.1010167833852269,1.661960286207093
30.0,272.0,130.06198120117188,-0.0210899150349713,1.6096287085526484,-2.463767058446708,-2.1982630299713706,-1.134653084841088,0.8436530236866489,0.022693525749956,2.5479967623106274,0.0946474425726052,1.641959191509462
30.0,272.0,130.05508422851562,-0.0215917127502649,1.6113969438955726,-2.4642392622748908,-2.1972729137267453,-1.1354305819137127,0.8436862674534593,0.0215826127776874,2.5476425025102127,0.0990705395538166,1.6571212981112315
30.0,272.0,130.0692901611328,-0.0203942656790777,1.6119663830322368,-2.4639858657702214,-2.197839879031834,-1.1339025559464286,0.846124412267191,0.0238077821854445,2.5530134643895543,0.1135540848143144,1.6996508312525616
30.0,272.0,130.05929565429688,-0.0229840345625731,1.6114034778586277,-2.463135100989458,-2.198956107014004,-1.1353923691199106,0.8443713943623992,0.0212979526481876,2.546670261713997,0.1009693553300359,1.66404534010716
30.0,272.0,130.06942749023438,-0.0219468168281905,1.61087327670683,-2.464344881917185,-2.1980714789687594,-1.1345717054621771,0.8458179531935374,0.0230429432536251,2.5519848361959903,0.1126151471956707,1.691251380271957
30.0,272.0,130.0575408935547,-0.021527892421395,1.6115680867118432,-2.464080063253406,-2.197770591502357,-1.1355609915311538,0.8441603384137748,0.0215621391719984,2.5483352543911977,0.1025906693272762,1.6664693592658557
30.0,272.0,130.05311584472656,-0.0217462666854701,1.611979235189815,-2.463891157270595,-2.197375342864118,-1.137001934848915,0.8451959228823058,0.0227907714719337,2.544476868248507,0.0896313861722969,1.6340307557435907
30.0,272.0,170.10928344726562,0.0638321398681427,1.4647277968986858,-2.6004034895617623,-2.4888103836873845,-1.141562938221124,0.841247419003051,0.0155644715001526,2.565573404594764,0.0380784537889906,1.618859866908411
30.0,272.0,240.0376892089844,-0.818985015422538,0.7325545795717203,-3.463958090524869,-3.1745869837099026,-1.9281247841715203,0.2058466922336207,-0.3766659363291286,2.6001316734345754,0.2265875295001577,2.1979228280822705
30.0,272.0,130.06130981445312,-0.0216142234234416,1.611941311973024,-2.464798408174317,-2.197471051246846,-1.1351544359745211,0.8443040384815177,0.0236204972586364,2.5489907340305056,0.103108024306166,1.672783223110942
30.0,272.0,130.0700225830078,-0.021554109745988,1.6120439753754856,-2.4634945447088183,-2.1977249787071043,-1.1359977360920583,0.8464675320695966,0.0248784910245729,2.5535928169217965,0.114511753033331,1.699528858876211
30.0,272.0,130.06771850585938,-0.0212937730914956,1.6122709198500875,-2.464560585489906,-2.197786618314241,-1.1359934261997726,0.8459951570172819,0.0233432106041645,2.552007270481794,0.1121948788892302,1.694829161136428
30.0,272.0,130.05477905273438,-0.0214219252466692,1.6101425209654627,-2.4632407185319285,-2.1977235187479844,-1.1362119717563175,0.8432030875190504,0.0213767626717497,2.545003413854688,0.0961599312823348,1.649227676946242
30.0,272.0,130.0648651123047,-0.0209586972021701,1.6118468861961923,-2.464104249831065,-2.197373122657018,-1.1337570303689364,0.8454771529024306,0.0245756504370924,2.551118384301476,0.1032619142561943,1.665766227152196
30.0,272.0,130.06300354003906,-0.0210233041666804,1.612682609092603,-2.466756174740839,-2.19793946033548,-1.1367112435099938,0.8458339197591457,0.0234515453345053,2.546591947549936,0.0978411966391494,1.6511097417394267
30.0,272.0,130.0591278076172,-0.0216652174014381,1.6117185220728425,-2.463682103283752,-2.197851750715832,-1.1353838343319864,0.8442095501150251,0.0209804605194346,2.548019756429247,0.1036383784919287,1.6706206341096168
30.0,272.0,130.0558319091797,-0.02142506060963,1.611353403827015,-2.464690564325593,-2.1966773709083736,-1.136949504483431,0.8433222503402822,0.0215086772537168,2.546366898858368,0.0980053628216621,1.6538123037939174
30.0,272.0,242.24465942382807,-0.6765068837044388,0.5731721926803546,-3.182363211629109,-3.115613068305457,-2.833970604240305,0.5175124438082294,-0.1119189164304249,2.549271617641784,0.2717736279602655,1.804321352114272
30.0,272.0,210.119873046875,-0.7610068930568665,0.5642124147423887,-3.726421416211226,-2.7995431788777383,-1.3708891968054873,0.679066308131347,0.0234932080174868,2.5843400721228726,0.297657964549431,2.1950618999519365
30.0,272.0,130.06036376953125,-0.0222114267946533,1.6116323288251029,-2.464402269059958,-2.197912699246993,-1.1350247526561337,0.843738197651714,0.0224388104393285,2.5490722839911584,0.1046284445153567,1.674020022052375
30.0,272.0,130.05328369140625,-0.021026056650595,1.6121293363920024,-2.464485857240861,-2.1982380976220144,-1.1370088755695529,0.8424252744135111,0.0214213052597067,2.54582171118016,0.0887272267252966,1.6315504901130755
30.0,272.0,205.575927734375,-0.8160173862793221,0.5906195673798553,-3.5501247184478806,-2.9220737949502533,-1.5276746941164658,0.7254873283981647,-0.0189028447691116,2.5943872451814447,0.2168908645567235,1.9760531472632008
30.0,272.0,130.06155395507812,-0.0215775363063054,1.611061185960011,-2.46501310085066,-2.197849701455941,-1.1349559228665942,0.8447758799481386,0.0219390213677063,2.5499945537550204,0.1062423555714915,1.677097478901885
30.0,272.0,130.0637969970703,-0.0208902406005644,1.6119734742103369,-2.464446091986895,-2.19710559809524,-1.1354421638064411,0.8450584025667578,0.0238041773645564,2.5516346855106327,0.107609505980238,1.6832541798756713
30.0,272.0,130.0644989013672,-0.0214179248292399,1.6128069766293551,-2.4646694673254155,-2.1997187233409914,-1.1352310118191995,0.8457633145446949,0.0229521221883603,2.5498708094247298,0.1066708785567443,1.680784104787331
30.0,272.0,130.06141662597656,-0.0212433152418556,1.6119415578478986,-2.464503045687366,-2.197957957645193,-1.135253556499711,0.8444462002684524,0.0231694186623434,2.55006490607497,0.106328143250225,1.676183812147586
30.0,272.0,130.0596923828125,-0.0216148007700014,1.610948044221752,-2.4645422094710323,-2.1976642164101383,-1.1352048186484744,0.8444218367418,0.0227316829238271,2.549324545403307,0.1044551057839413,1.6714983973159967
30.0,272.0,130.0545654296875,-0.0218540901122222,1.6112333278559086,-2.464927401623105,-2.197255672443856,-1.1360949518385066,0.8422070242037677,0.0207023315806785,2.5457712609267378,0.0913107186291913,1.6317435154037083
30.0,272.0,130.05735778808594,-0.0216987655410684,1.611153473574213,-2.4647858427467133,-2.1972850871953944,-1.1354714165882256,0.8437218230452876,0.021275635647774,2.548152071608001,0.0987243374474082,1.653118811171982
30.0,272.0,130.06600952148438,-0.0211178222070299,1.6103847759290266,-2.4644209921066222,-2.197451737189725,-1.1360195367760717,0.84494901713653,0.0235738133036352,2.551092969434705,0.1096924112457049,1.689501870068402
30.0,272.0,130.05589294433594,-0.0216298896534032,1.6107407929352149,-2.4630545530515104,-2.1968198299640367,-1.1365689623990551,0.8436385931309879,0.0216535153577728,2.547162386054556,0.0977362672142885,1.6542547085469437
30.0,273.0,130.05825805664062,-0.0217202972559392,1.6117173297878078,-2.4642168081770874,-2.19744917026364,-1.135342214416958,0.8442943930644615,0.0214855144662067,2.5474916743788345,0.1028813051085165,1.6683754637102135
30.0,273.0,130.0526580810547,-0.0217402988686517,1.6112151859835877,-2.4638001797931675,-2.1978273337732865,-1.1365721435403409,0.8426049009994537,0.0213264706407362,2.546209474122769,0.0927142991291334,1.638568932844537
30.0,273.0,130.05189514160156,-0.0218450816812363,1.611179748604774,-2.464757349711861,-2.197647265221664,-1.1370279797446077,0.8422263105257055,0.0213702045564558,2.545054172228693,0.0876247171518467,1.626929803763966
30.0,273.0,205.40724182128903,-1.2471719392371754,0.7338063691250966,-3.6956164114227614,-2.6893020048638974,-1.4361633841990469,0.7509499775402746,-0.0265320376388999,2.5844589496606782,0.2214973721181175,2.0621365244733765
30.0,273.0,130.06472778320312,-0.0214576293234495,1.6104123691719217,-2.463362841632002,-2.198039120567876,-1.1370667547619773,0.8457106580397326,0.0207787291329814,2.543933504451902,0.0987445479078411,1.6607912794236137
30.0,273.0,130.05508422851562,-0.0215851316306924,1.61138171357318,-2.464436130140352,-2.1973453218199817,-1.1351219749052324,0.8436844993817694,0.0216133617484546,2.547344852251074,0.0988131358683905,1.6588438768966018
30.0,273.0,130.06317138671875,-0.0214908486386406,1.6119646848450615,-2.464259312106244,-2.197573074584596,-1.135017991129897,0.8452881582951637,0.0238173310964382,2.551662452147406,0.1076228111777817,1.682164242503162
30.0,273.0,130.0622100830078,-0.0212112085904558,1.611940247268468,-2.464490530464323,-2.197534450090945,-1.135232296614472,0.8444980945704282,0.0231527330762314,2.5503785109304413,0.1073296986095062,1.6817504512190222
30.0,273.0,130.07180786132812,-0.0198385588222231,1.613399746182087,-2.462447093375754,-2.1980275329727466,-1.133904304055262,0.846753119792344,0.0232432009304832,2.55281013637525,0.1129654286504708,1.6988241965863846
30.0,273.0,217.80987548828125,-0.7399219093249991,0.6265199654248446,-3.3812386568411683,-3.115740592719888,-2.4970438835882924,0.4187495791001843,-0.1164287251613381,2.541142812644273,0.2703581298861386,2.0687642066891287
30.0,273.0,193.84164428710932,-0.2284010159949239,1.254985395882912,-2.7269330474421305,-2.062439529102285,-1.1192821284253744,0.7984072486439088,-0.0266891164844478,2.5659322521901795,0.1754660780234186,2.1465596423882265
30.0,273.0,130.0603485107422,-0.02166554888059,1.6116303742418878,-2.464433927833505,-2.1978671500740945,-1.1351945218100812,0.8445367092578658,0.0222050674800915,2.5500934509426303,0.1052217898583862,1.6741746615755806
30.0,273.0,130.0633544921875,-0.021581890070503,1.6114133897639322,-2.463166010348864,-2.197431660885488,-1.1378584604047215,0.8438059224279394,0.0244732499642736,2.5485616842407364,0.1002806707723448,1.6611699213085505
30.0,273.0,130.05943298339844,-0.0219935388981424,1.611654784197548,-2.464391722081144,-2.1978621726399625,-1.135164740549237,0.8441647053313863,0.0216243961061352,2.548972819704615,0.1042794801072972,1.672657701329092
30.0,273.0,130.06382751464844,-0.0210768488679159,1.6115787991621522,-2.4645104577406944,-2.196788547789148,-1.1355815644650034,0.8447191841079633,0.0238637801295413,2.551499621966451,0.1068880356271441,1.6810068068410342
30.0,273.0,130.07928466796875,-0.0260575111717201,1.6101996732202797,-2.464525477493161,-2.1972242671767823,-1.1327676171862628,0.8495841317060162,0.0234409887596069,2.5506852741713866,0.1075453170498392,1.6798955848567605
30.0,273.0,130.0977325439453,-0.022001086072665,1.6122071664124429,-2.462904516309876,-2.205357571788548,-1.1394453524906054,0.8420138340804185,0.0213193144411728,2.545153913844605,0.0963348290255885,1.6640840056941295
30.0,273.0,130.06192016601562,-0.0212227208284233,1.6121891393135834,-2.4644960529301425,-2.197557934395194,-1.1352402371828656,0.8448065255323579,0.023225858376605,2.550122352548509,0.1069361541826877,1.6781502357479896
30.0,273.0,130.05763244628906,-0.0213865066144634,1.6114322893141728,-2.463010226486656,-2.198162092939369,-1.135330528921833,0.8442408238999735,0.0208519602983867,2.547826913251565,0.1010167833852269,1.661960286207093
30.0,273.0,130.06198120117188,-0.0210899150349713,1.6096287085526484,-2.463767058446708,-2.1982630299713706,-1.134653084841088,0.8436530236866489,0.022693525749956,2.5479967623106274,0.0946474425726052,1.641959191509462
30.0,273.0,130.05508422851562,-0.0215917127502649,1.6113969438955726,-2.4642392622748908,-2.1972729137267453,-1.1354305819137127,0.8436862674534593,0.0215826127776874,2.5476425025102127,0.0990705395538166,1.6571212981112315
30.0,273.0,130.0692901611328,-0.0203942656790777,1.6119663830322368,-2.4639858657702214,-2.197839879031834,-1.1339025559464286,0.846124412267191,0.0238077821854445,2.5530134643895543,0.1135540848143144,1.6996508312525616
30.0,273.0,130.05929565429688,-0.0229840345625731,1.6114034778586277,-2.463135100989458,-2.198956107014004,-1.1353923691199106,0.8443713943623992,0.0212979526481876,2.546670261713997,0.1009693553300359,1.66404534010716
30.0,273.0,130.06942749023438,-0.0219468168281905,1.61087327670683,-2.464344881917185,-2.1980714789687594,-1.1345717054621771,0.8458179531935374,0.0230429432536251,2.5519848361959903,0.1126151471956707,1.691251380271957
30.0,273.0,130.0575408935547,-0.021527892421395,1.6115680867118432,-2.464080063253406,-2.197770591502357,-1.1355609915311538,0.8441603384137748,0.0215621391719984,2.5483352543911977,0.1025906693272762,1.6664693592658557
30.0,273.0,130.05311584472656,-0.0217462666854701,1.611979235189815,-2.463891157270595,-2.197375342864118,-1.137001934848915,0.8451959228823058,0.0227907714719337,2.544476868248507,0.0896313861722969,1.6340307557435907
30.0,273.0,170.10928344726562,0.0638321398681427,1.4647277968986858,-2.6004034895617623,-2.4888103836873845,-1.141562938221124,0.841247419003051,0.0155644715001526,2.565573404594764,0.0380784537889906,1.618859866908411
30.0,273.0,240.0376892089844,-0.818985015422538,0.7325545795717203,-3.463958090524869,-3.1745869837099026,-1.9281247841715203,0.2058466922336207,-0.3766659363291286,2.6001316734345754,0.2265875295001577,2.1979228280822705
30.0,273.0,130.06130981445312,-0.0216142234234416,1.611941311973024,-2.464798408174317,-2.197471051246846,-1.1351544359745211,0.8443040384815177,0.0236204972586364,2.5489907340305056,0.103108024306166,1.672783223110942
30.0,273.0,130.0700225830078,-0.021554109745988,1.6120439753754856,-2.4634945447088183,-2.1977249787071043,-1.1359977360920583,0.8464675320695966,0.0248784910245729,2.5535928169217965,0.114511753033331,1.699528858876211
30.0,273.0,130.06771850585938,-0.0212937730914956,1.6122709198500875,-2.464560585489906,-2.197786618314241,-1.1359934261997726,0.8459951570172819,0.0233432106041645,2.552007270481794,0.1121948788892302,1.694829161136428
30.0,273.0,130.05477905273438,-0.0214219252466692,1.6101425209654627,-2.4632407185319285,-2.1977235187479844,-1.1362119717563175,0.8432030875190504,0.0213767626717497,2.545003413854688,0.0961599312823348,1.649227676946242
30.0,273.0,130.0648651123047,-0.0209586972021701,1.6118468861961923,-2.464104249831065,-2.197373122657018,-1.1337570303689364,0.8454771529024306,0.0245756504370924,2.551118384301476,0.1032619142561943,1.665766227152196
30.0,273.0,130.06300354003906,-0.0210233041666804,1.612682609092603,-2.466756174740839,-2.19793946033548,-1.1367112435099938,0.8458339197591457,0.0234515453345053,2.546591947549936,0.0978411966391494,1.6511097417394267
30.0,273.0,130.0591278076172,-0.0216652174014381,1.6117185220728425,-2.463682103283752,-2.197851750715832,-1.1353838343319864,0.8442095501150251,0.0209804605194346,2.548019756429247,0.1036383784919287,1.6706206341096168
30.0,273.0,130.0558319091797,-0.02142506060963,1.611353403827015,-2.464690564325593,-2.1966773709083736,-1.136949504483431,0.8433222503402822,0.0215086772537168,2.546366898858368,0.0980053628216621,1.6538123037939174
30.0,273.0,242.24465942382807,-0.6765068837044388,0.5731721926803546,-3.182363211629109,-3.115613068305457,-2.833970604240305,0.5175124438082294,-0.1119189164304249,2.549271617641784,0.2717736279602655,1.804321352114272
30.0,273.0,210.119873046875,-0.7610068930568665,0.5642124147423887,-3.726421416211226,-2.7995431788777383,-1.3708891968054873,0.679066308131347,0.0234932080174868,2.5843400721228726,0.297657964549431,2.1950618999519365
30.0,273.0,130.06036376953125,-0.0222114267946533,1.6116323288251029,-2.464402269059958,-2.197912699246993,-1.1350247526561337,0.843738197651714,0.0224388104393285,2.5490722839911584,0.1046284445153567,1.674020022052375
30.0,273.0,130.05328369140625,-0.021026056650595,1.6121293363920024,-2.464485857240861,-2.1982380976220144,-1.1370088755695529,0.8424252744135111,0.0214213052597067,2.54582171118016,0.0887272267252966,1.6315504901130755
30.0,273.0,205.575927734375,-0.8160173862793221,0.5906195673798553,-3.5501247184478806,-2.9220737949502533,-1.5276746941164658,0.7254873283981647,-0.0189028447691116,2.5943872451814447,0.2168908645567235,1.9760531472632008
30.0,273.0,130.06155395507812,-0.0215775363063054,1.611061185960011,-2.46501310085066,-2.197849701455941,-1.1349559228665942,0.8447758799481386,0.0219390213677063,2.5499945537550204,0.1062423555714915,1.677097478901885
30.0,273.0,130.0637969970703,-0.0208902406005644,1.6119734742103369,-2.464446091986895,-2.19710559809524,-1.1354421638064411,0.8450584025667578,0.0238041773645564,2.5516346855106327,0.107609505980238,1.6832541798756713
30.0,273.0,130.0644989013672,-0.0214179248292399,1.6128069766293551,-2.4646694673254155,-2.1997187233409914,-1.1352310118191995,0.8457633145446949,0.0229521221883603,2.5498708094247298,0.1066708785567443,1.680784104787331
30.0,273.0,130.06141662597656,-0.0212433152418556,1.6119415578478986,-2.464503045687366,-2.197957957645193,-1.135253556499711,0.8444462002684524,0.0231694186623434,2.55006490607497,0.106328143250225,1.676183812147586
30.0,273.0,130.0596923828125,-0.0216148007700014,1.610948044221752,-2.4645422094710323,-2.1976642164101383,-1.1352048186484744,0.8444218367418,0.0227316829238271,2.549324545403307,0.1044551057839413,1.6714983973159967
30.0,273.0,130.0545654296875,-0.0218540901122222,1.6112333278559086,-2.464927401623105,-2.197255672443856,-1.1360949518385066,0.8422070242037677,0.0207023315806785,2.5457712609267378,0.0913107186291913,1.6317435154037083
30.0,273.0,130.05735778808594,-0.0216987655410684,1.611153473574213,-2.4647858427467133,-2.1972850871953944,-1.1354714165882256,0.8437218230452876,0.021275635647774,2.548152071608001,0.0987243374474082,1.653118811171982
30.0,273.0,130.06600952148438,-0.0211178222070299,1.6103847759290266,-2.4644209921066222,-2.197451737189725,-1.1360195367760717,0.84494901713653,0.0235738133036352,2.551092969434705,0.1096924112457049,1.689501870068402
30.0,273.0,130.05589294433594,-0.0216298896534032,1.6107407929352149,-2.4630545530515104,-2.1968198299640367,-1.1365689623990551,0.8436385931309879,0.0216535153577728,2.547162386054556,0.0977362672142885,1.6542547085469437
30.0,274.0,130.05825805664062,-0.0217202972559392,1.6117173297878078,-2.4642168081770874,-2.19744917026364,-1.135342214416958,0.8442943930644615,0.0214855144662067,2.5474916743788345,0.1028813051085165,1.6683754637102135
30.0,274.0,130.0526580810547,-0.0217402988686517,1.6112151859835877,-2.4638001797931675,-2.1978273337732865,-1.1365721435403409,0.8426049009994537,0.0213264706407362,2.546209474122769,0.0927142991291334,1.638568932844537
30.0,274.0,130.05189514160156,-0.0218450816812363,1.611179748604774,-2.464757349711861,-2.197647265221664,-1.1370279797446077,0.8422263105257055,0.0213702045564558,2.545054172228693,0.0876247171518467,1.626929803763966
30.0,274.0,205.40724182128903,-1.2471719392371754,0.7338063691250966,-3.6956164114227614,-2.6893020048638974,-1.4361633841990469,0.7509499775402746,-0.0265320376388999,2.5844589496606782,0.2214973721181175,2.0621365244733765
30.0,274.0,130.06472778320312,-0.0214576293234495,1.6104123691719217,-2.463362841632002,-2.198039120567876,-1.1370667547619773,0.8457106580397326,0.0207787291329814,2.543933504451902,0.0987445479078411,1.6607912794236137
30.0,274.0,130.05508422851562,-0.0215851316306924,1.61138171357318,-2.464436130140352,-2.1973453218199817,-1.1351219749052324,0.8436844993817694,0.0216133617484546,2.547344852251074,0.0988131358683905,1.6588438768966018
30.0,274.0,130.06317138671875,-0.0214908486386406,1.6119646848450615,-2.464259312106244,-2.197573074584596,-1.135017991129897,0.8452881582951637,0.0238173310964382,2.551662452147406,0.1076228111777817,1.682164242503162
30.0,274.0,130.0622100830078,-0.0212112085904558,1.611940247268468,-2.464490530464323,-2.197534450090945,-1.135232296614472,0.8444980945704282,0.0231527330762314,2.5503785109304413,0.1073296986095062,1.6817504512190222
30.0,274.0,130.07180786132812,-0.0198385588222231,1.613399746182087,-2.462447093375754,-2.1980275329727466,-1.133904304055262,0.846753119792344,0.0232432009304832,2.55281013637525,0.1129654286504708,1.6988241965863846
30.0,274.0,217.80987548828125,-0.7399219093249991,0.6265199654248446,-3.3812386568411683,-3.115740592719888,-2.4970438835882924,0.4187495791001843,-0.1164287251613381,2.541142812644273,0.2703581298861386,2.0687642066891287
30.0,274.0,193.84164428710932,-0.2284010159949239,1.254985395882912,-2.7269330474421305,-2.062439529102285,-1.1192821284253744,0.7984072486439088,-0.0266891164844478,2.5659322521901795,0.1754660780234186,2.1465596423882265
30.0,274.0,130.0603485107422,-0.02166554888059,1.6116303742418878,-2.464433927833505,-2.1978671500740945,-1.1351945218100812,0.8445367092578658,0.0222050674800915,2.5500934509426303,0.1052217898583862,1.6741746615755806
30.0,274.0,130.0633544921875,-0.021581890070503,1.6114133897639322,-2.463166010348864,-2.197431660885488,-1.1378584604047215,0.8438059224279394,0.0244732499642736,2.5485616842407364,0.1002806707723448,1.6611699213085505
30.0,274.0,130.05943298339844,-0.0219935388981424,1.611654784197548,-2.464391722081144,-2.1978621726399625,-1.135164740549237,0.8441647053313863,0.0216243961061352,2.548972819704615,0.1042794801072972,1.672657701329092
30.0,274.0,130.06382751464844,-0.0210768488679159,1.6115787991621522,-2.4645104577406944,-2.196788547789148,-1.1355815644650034,0.8447191841079633,0.0238637801295413,2.551499621966451,0.1068880356271441,1.6810068068410342
30.0,274.0,130.07928466796875,-0.0260575111717201,1.6101996732202797,-2.464525477493161,-2.1972242671767823,-1.1327676171862628,0.8495841317060162,0.0234409887596069,2.5506852741713866,0.1075453170498392,1.6798955848567605
30.0,274.0,130.0653839111328,-0.0231219636708352,1.6080425883743577,-2.4635875197601624,-2.1979258788217124,-1.1343142805681004,0.8417021938848681,0.0213223785642481,2.545977189113875,0.0878389208765453,1.6284885020666553
30.0,274.0,130.06192016601562,-0.0212227208284233,1.6121891393135834,-2.4644960529301425,-2.197557934395194,-1.1352402371828656,0.8448065255323579,0.023225858376605,2.550122352548509,0.1069361541826877,1.6781502357479896
30.0,274.0,130.05763244628906,-0.0213865066144634,1.6114322893141728,-2.463010226486656,-2.198162092939369,-1.135330528921833,0.8442408238999735,0.0208519602983867,2.547826913251565,0.1010167833852269,1.661960286207093
30.0,274.0,130.06198120117188,-0.0210899150349713,1.6096287085526484,-2.463767058446708,-2.1982630299713706,-1.134653084841088,0.8436530236866489,0.022693525749956,2.5479967623106274,0.0946474425726052,1.641959191509462
30.0,274.0,130.05508422851562,-0.0215917127502649,1.6113969438955726,-2.4642392622748908,-2.1972729137267453,-1.1354305819137127,0.8436862674534593,0.0215826127776874,2.5476425025102127,0.0990705395538166,1.6571212981112315
30.0,274.0,130.0655059814453,-0.0216442792306624,1.6115472454915154,-2.4644560075101203,-2.197671096632594,-1.1346695875175137,0.8448782893560365,0.0222511814709475,2.537176316337721,0.0840598017272978,1.623984577900644
30.0,274.0,130.05929565429688,-0.0229840345625731,1.6114034778586277,-2.463135100989458,-2.198956107014004,-1.1353923691199106,0.8443713943623992,0.0212979526481876,2.546670261713997,0.1009693553300359,1.66404534010716
30.0,274.0,130.06942749023438,-0.0219468168281905,1.61087327670683,-2.464344881917185,-2.1980714789687594,-1.1345717054621771,0.8458179531935374,0.0230429432536251,2.5519848361959903,0.1126151471956707,1.691251380271957
30.0,274.0,130.0575408935547,-0.021527892421395,1.6115680867118432,-2.464080063253406,-2.197770591502357,-1.1355609915311538,0.8441603384137748,0.0215621391719984,2.5483352543911977,0.1025906693272762,1.6664693592658557
30.0,274.0,130.05311584472656,-0.0217462666854701,1.611979235189815,-2.463891157270595,-2.197375342864118,-1.137001934848915,0.8451959228823058,0.0227907714719337,2.544476868248507,0.0896313861722969,1.6340307557435907
30.0,274.0,170.10928344726562,0.0638321398681427,1.4647277968986858,-2.6004034895617623,-2.4888103836873845,-1.141562938221124,0.841247419003051,0.0155644715001526,2.565573404594764,0.0380784537889906,1.618859866908411
30.0,274.0,240.0376892089844,-0.818985015422538,0.7325545795717203,-3.463958090524869,-3.1745869837099026,-1.9281247841715203,0.2058466922336207,-0.3766659363291286,2.6001316734345754,0.2265875295001577,2.1979228280822705
30.0,274.0,130.06130981445312,-0.0216142234234416,1.611941311973024,-2.464798408174317,-2.197471051246846,-1.1351544359745211,0.8443040384815177,0.0236204972586364,2.5489907340305056,0.103108024306166,1.672783223110942
30.0,274.0,130.0700225830078,-0.021554109745988,1.6120439753754856,-2.4634945447088183,-2.1977249787071043,-1.1359977360920583,0.8464675320695966,0.0248784910245729,2.5535928169217965,0.114511753033331,1.699528858876211
30.0,274.0,130.06771850585938,-0.0212937730914956,1.6122709198500875,-2.464560585489906,-2.197786618314241,-1.1359934261997726,0.8459951570172819,0.0233432106041645,2.552007270481794,0.1121948788892302,1.694829161136428
30.0,274.0,130.05477905273438,-0.0214219252466692,1.6101425209654627,-2.4632407185319285,-2.1977235187479844,-1.1362119717563175,0.8432030875190504,0.0213767626717497,2.545003413854688,0.0961599312823348,1.649227676946242
30.0,274.0,130.0648651123047,-0.0209586972021701,1.6118468861961923,-2.464104249831065,-2.197373122657018,-1.1337570303689364,0.8454771529024306,0.0245756504370924,2.551118384301476,0.1032619142561943,1.665766227152196
30.0,274.0,130.05575561523438,-0.0217833162173132,1.610555631017069,-2.4666285806919057,-2.197661154615397,-1.1365734072746347,0.8458120886598055,0.0221094895455768,2.544385401916798,0.0931670983635254,1.6402475837408697
30.0,274.0,130.0591278076172,-0.0216652174014381,1.6117185220728425,-2.463682103283752,-2.197851750715832,-1.1353838343319864,0.8442095501150251,0.0209804605194346,2.548019756429247,0.1036383784919287,1.6706206341096168
30.0,274.0,130.0558319091797,-0.02142506060963,1.611353403827015,-2.464690564325593,-2.1966773709083736,-1.136949504483431,0.8433222503402822,0.0215086772537168,2.546366898858368,0.0980053628216621,1.6538123037939174
30.0,274.0,242.24465942382807,-0.6765068837044388,0.5731721926803546,-3.182363211629109,-3.115613068305457,-2.833970604240305,0.5175124438082294,-0.1119189164304249,2.549271617641784,0.2717736279602655,1.804321352114272
30.0,274.0,210.119873046875,-0.7610068930568665,0.5642124147423887,-3.726421416211226,-2.7995431788777383,-1.3708891968054873,0.679066308131347,0.0234932080174868,2.5843400721228726,0.297657964549431,2.1950618999519365
30.0,274.0,130.06036376953125,-0.0222114267946533,1.6116323288251029,-2.464402269059958,-2.197912699246993,-1.1350247526561337,0.843738197651714,0.0224388104393285,2.5490722839911584,0.1046284445153567,1.674020022052375
30.0,274.0,130.05328369140625,-0.021026056650595,1.6121293363920024,-2.464485857240861,-2.1982380976220144,-1.1370088755695529,0.8424252744135111,0.0214213052597067,2.54582171118016,0.0887272267252966,1.6315504901130755
30.0,274.0,205.575927734375,-0.8160173862793221,0.5906195673798553,-3.5501247184478806,-2.9220737949502533,-1.5276746941164658,0.7254873283981647,-0.0189028447691116,2.5943872451814447,0.2168908645567235,1.9760531472632008
30.0,274.0,130.06155395507812,-0.0215775363063054,1.611061185960011,-2.46501310085066,-2.197849701455941,-1.1349559228665942,0.8447758799481386,0.0219390213677063,2.5499945537550204,0.1062423555714915,1.677097478901885
30.0,274.0,130.0637969970703,-0.0208902406005644,1.6119734742103369,-2.464446091986895,-2.19710559809524,-1.1354421638064411,0.8450584025667578,0.0238041773645564,2.5516346855106327,0.107609505980238,1.6832541798756713
30.0,274.0,130.0644989013672,-0.0214179248292399,1.6128069766293551,-2.4646694673254155,-2.1997187233409914,-1.1352310118191995,0.8457633145446949,0.0229521221883603,2.5498708094247298,0.1066708785567443,1.680784104787331
30.0,274.0,130.06141662597656,-0.0212433152418556,1.6119415578478986,-2.464503045687366,-2.197957957645193,-1.135253556499711,0.8444462002684524,0.0231694186623434,2.55006490607497,0.106328143250225,1.676183812147586
30.0,274.0,130.0596923828125,-0.0216148007700014,1.610948044221752,-2.4645422094710323,-2.1976642164101383,-1.1352048186484744,0.8444218367418,0.0227316829238271,2.549324545403307,0.1044551057839413,1.6714983973159967
30.0,274.0,130.0545654296875,-0.0218540901122222,1.6112333278559086,-2.464927401623105,-2.197255672443856,-1.1360949518385066,0.8422070242037677,0.0207023315806785,2.5457712609267378,0.0913107186291913,1.6317435154037083
30.0,274.0,130.05735778808594,-0.0216987655410684,1.611153473574213,-2.4647858427467133,-2.1972850871953944,-1.1354714165882256,0.8437218230452876,0.021275635647774,2.548152071608001,0.0987243374474082,1.653118811171982
30.0,274.0,130.06600952148438,-0.0211178222070299,1.6103847759290266,-2.4644209921066222,-2.197451737189725,-1.1360195367760717,0.84494901713653,0.0235738133036352,2.551092969434705,0.1096924112457049,1.689501870068402
30.0,274.0,130.05589294433594,-0.0216298896534032,1.6107407929352149,-2.4630545530515104,-2.1968198299640367,-1.1365689623990551,0.8436385931309879,0.0216535153577728,2.547162386054556,0.0977362672142885,1.6542547085469437
30.0,275.0,130.05825805664062,-0.0217202972559392,1.6117173297878078,-2.4642168081770874,-2.19744917026364,-1.135342214416958,0.8442943930644615,0.0214855144662067,2.5474916743788345,0.1028813051085165,1.6683754637102135
30.0,275.0,130.0526580810547,-0.0217402988686517,1.6112151859835877,-2.4638001797931675,-2.1978273337732865,-1.1365721435403409,0.8426049009994537,0.0213264706407362,2.546209474122769,0.0927142991291334,1.638568932844537
30.0,275.0,130.05189514160156,-0.0218450816812363,1.611179748604774,-2.464757349711861,-2.197647265221664,-1.1370279797446077,0.8422263105257055,0.0213702045564558,2.545054172228693,0.0876247171518467,1.626929803763966
30.0,275.0,205.40724182128903,-1.2471719392371754,0.7338063691250966,-3.6956164114227614,-2.6893020048638974,-1.4361633841990469,0.7509499775402746,-0.0265320376388999,2.5844589496606782,0.2214973721181175,2.0621365244733765
30.0,275.0,130.06472778320312,-0.0214576293234495,1.6104123691719217,-2.463362841632002,-2.198039120567876,-1.1370667547619773,0.8457106580397326,0.0207787291329814,2.543933504451902,0.0987445479078411,1.6607912794236137
30.0,275.0,130.05508422851562,-0.0215851316306924,1.61138171357318,-2.464436130140352,-2.1973453218199817,-1.1351219749052324,0.8436844993817694,0.0216133617484546,2.547344852251074,0.0988131358683905,1.6588438768966018
30.0,275.0,130.06317138671875,-0.0214908486386406,1.6119646848450615,-2.464259312106244,-2.197573074584596,-1.135017991129897,0.8452881582951637,0.0238173310964382,2.551662452147406,0.1076228111777817,1.682164242503162
30.0,275.0,130.0622100830078,-0.0212112085904558,1.611940247268468,-2.464490530464323,-2.197534450090945,-1.135232296614472,0.8444980945704282,0.0231527330762314,2.5503785109304413,0.1073296986095062,1.6817504512190222
30.0,275.0,130.07180786132812,-0.0198385588222231,1.613399746182087,-2.462447093375754,-2.1980275329727466,-1.133904304055262,0.846753119792344,0.0232432009304832,2.55281013637525,0.1129654286504708,1.6988241965863846
30.0,275.0,217.80987548828125,-0.7399219093249991,0.6265199654248446,-3.3812386568411683,-3.115740592719888,-2.4970438835882924,0.4187495791001843,-0.1164287251613381,2.541142812644273,0.2703581298861386,2.0687642066891287
30.0,275.0,193.84164428710932,-0.2284010159949239,1.254985395882912,-2.7269330474421305,-2.062439529102285,-1.1192821284253744,0.7984072486439088,-0.0266891164844478,2.5659322521901795,0.1754660780234186,2.1465596423882265
30.0,275.0,130.0603485107422,-0.02166554888059,1.6116303742418878,-2.464433927833505,-2.1978671500740945,-1.1351945218100812,0.8445367092578658,0.0222050674800915,2.5500934509426303,0.1052217898583862,1.6741746615755806
30.0,275.0,130.0633544921875,-0.021581890070503,1.6114133897639322,-2.463166010348864,-2.197431660885488,-1.1378584604047215,0.8438059224279394,0.0244732499642736,2.5485616842407364,0.1002806707723448,1.6611699213085505
30.0,275.0,130.05943298339844,-0.0219935388981424,1.611654784197548,-2.464391722081144,-2.1978621726399625,-1.135164740549237,0.8441647053313863,0.0216243961061352,2.548972819704615,0.1042794801072972,1.672657701329092
30.0,275.0,130.06382751464844,-0.0210768488679159,1.6115787991621522,-2.4645104577406944,-2.196788547789148,-1.1355815644650034,0.8447191841079633,0.0238637801295413,2.551499621966451,0.1068880356271441,1.6810068068410342
30.0,275.0,130.07928466796875,-0.0260575111717201,1.6101996732202797,-2.464525477493161,-2.1972242671767823,-1.1327676171862628,0.8495841317060162,0.0234409887596069,2.5506852741713866,0.1075453170498392,1.6798955848567605
30.0,275.0,130.0653839111328,-0.0231219636708352,1.6080425883743577,-2.4635875197601624,-2.1979258788217124,-1.1343142805681004,0.8417021938848681,0.0213223785642481,2.545977189113875,0.0878389208765453,1.6284885020666553
30.0,275.0,130.06192016601562,-0.0212227208284233,1.6121891393135834,-2.4644960529301425,-2.197557934395194,-1.1352402371828656,0.8448065255323579,0.023225858376605,2.550122352548509,0.1069361541826877,1.6781502357479896
30.0,275.0,130.05763244628906,-0.0213865066144634,1.6114322893141728,-2.463010226486656,-2.198162092939369,-1.135330528921833,0.8442408238999735,0.0208519602983867,2.547826913251565,0.1010167833852269,1.661960286207093
30.0,275.0,130.06198120117188,-0.0210899150349713,1.6096287085526484,-2.463767058446708,-2.1982630299713706,-1.134653084841088,0.8436530236866489,0.022693525749956,2.5479967623106274,0.0946474425726052,1.641959191509462
30.0,275.0,130.05508422851562,-0.0215917127502649,1.6113969438955726,-2.4642392622748908,-2.1972729137267453,-1.1354305819137127,0.8436862674534593,0.0215826127776874,2.5476425025102127,0.0990705395538166,1.6571212981112315
30.0,275.0,130.0655059814453,-0.0216442792306624,1.6115472454915154,-2.4644560075101203,-2.197671096632594,-1.1346695875175137,0.8448782893560365,0.0222511814709475,2.537176316337721,0.0840598017272978,1.623984577900644
30.0,275.0,130.05929565429688,-0.0229840345625731,1.6114034778586277,-2.463135100989458,-2.198956107014004,-1.1353923691199106,0.8443713943623992,0.0212979526481876,2.546670261713997,0.1009693553300359,1.66404534010716
30.0,275.0,130.06942749023438,-0.0219468168281905,1.61087327670683,-2.464344881917185,-2.1980714789687594,-1.1345717054621771,0.8458179531935374,0.0230429432536251,2.5519848361959903,0.1126151471956707,1.691251380271957
30.0,275.0,130.0575408935547,-0.021527892421395,1.6115680867118432,-2.464080063253406,-2.197770591502357,-1.1355609915311538,0.8441603384137748,0.0215621391719984,2.5483352543911977,0.1025906693272762,1.6664693592658557
30.0,275.0,130.05311584472656,-0.0217462666854701,1.611979235189815,-2.463891157270595,-2.197375342864118,-1.137001934848915,0.8451959228823058,0.0227907714719337,2.544476868248507,0.0896313861722969,1.6340307557435907
30.0,275.0,169.80844116210938,-0.1091747345292173,1.5846886399174636,-2.443651685897977,-2.482487392438272,-1.1352855378148552,0.8501504622273565,0.017549282904799,2.542173172973312,0.0341830018473363,1.6189710729104243
30.0,275.0,240.0376892089844,-0.818985015422538,0.7325545795717203,-3.463958090524869,-3.1745869837099026,-1.9281247841715203,0.2058466922336207,-0.3766659363291286,2.6001316734345754,0.2265875295001577,2.1979228280822705
30.0,275.0,130.06130981445312,-0.0216142234234416,1.611941311973024,-2.464798408174317,-2.197471051246846,-1.1351544359745211,0.8443040384815177,0.0236204972586364,2.5489907340305056,0.103108024306166,1.672783223110942
30.0,275.0,130.0700225830078,-0.021554109745988,1.6120439753754856,-2.4634945447088183,-2.1977249787071043,-1.1359977360920583,0.8464675320695966,0.0248784910245729,2.5535928169217965,0.114511753033331,1.699528858876211
30.0,275.0,130.06771850585938,-0.0212937730914956,1.6122709198500875,-2.464560585489906,-2.197786618314241,-1.1359934261997726,0.8459951570172819,0.0233432106041645,2.552007270481794,0.1121948788892302,1.694829161136428
30.0,275.0,130.05477905273438,-0.0214219252466692,1.6101425209654627,-2.4632407185319285,-2.1977235187479844,-1.1362119717563175,0.8432030875190504,0.0213767626717497,2.545003413854688,0.0961599312823348,1.649227676946242
30.0,275.0,130.0648651123047,-0.0209586972021701,1.6118468861961923,-2.464104249831065,-2.197373122657018,-1.1337570303689364,0.8454771529024306,0.0245756504370924,2.551118384301476,0.1032619142561943,1.665766227152196
30.0,275.0,130.05575561523438,-0.0217833162173132,1.610555631017069,-2.4666285806919057,-2.197661154615397,-1.1365734072746347,0.8458120886598055,0.0221094895455768,2.544385401916798,0.0931670983635254,1.6402475837408697
30.0,275.0,130.0591278076172,-0.0216652174014381,1.6117185220728425,-2.463682103283752,-2.197851750715832,-1.1353838343319864,0.8442095501150251,0.0209804605194346,2.548019756429247,0.1036383784919287,1.6706206341096168
30.0,275.0,130.0558319091797,-0.02142506060963,1.611353403827015,-2.464690564325593,-2.1966773709083736,-1.136949504483431,0.8433222503402822,0.0215086772537168,2.546366898858368,0.0980053628216621,1.6538123037939174
30.0,275.0,242.24465942382807,-0.6765068837044388,0.5731721926803546,-3.182363211629109,-3.115613068305457,-2.833970604240305,0.5175124438082294,-0.1119189164304249,2.549271617641784,0.2717736279602655,1.804321352114272
30.0,275.0,210.119873046875,-0.7610068930568665,0.5642124147423887,-3.726421416211226,-2.7995431788777383,-1.3708891968054873,0.679066308131347,0.0234932080174868,2.5843400721228726,0.297657964549431,2.1950618999519365
30.0,275.0,130.06036376953125,-0.0222114267946533,1.6116323288251029,-2.464402269059958,-2.197912699246993,-1.1350247526561337,0.843738197651714,0.0224388104393285,2.5490722839911584,0.1046284445153567,1.674020022052375
30.0,275.0,130.05328369140625,-0.021026056650595,1.6121293363920024,-2.464485857240861,-2.1982380976220144,-1.1370088755695529,0.8424252744135111,0.0214213052597067,2.54582171118016,0.0887272267252966,1.6315504901130755
30.0,275.0,205.575927734375,-0.8160173862793221,0.5906195673798553,-3.5501247184478806,-2.9220737949502533,-1.5276746941164658,0.7254873283981647,-0.0189028447691116,2.5943872451814447,0.2168908645567235,1.9760531472632008
30.0,275.0,130.06155395507812,-0.0215775363063054,1.611061185960011,-2.46501310085066,-2.197849701455941,-1.1349559228665942,0.8447758799481386,0.0219390213677063,2.5499945537550204,0.1062423555714915,1.677097478901885
30.0,275.0,130.0637969970703,-0.0208902406005644,1.6119734742103369,-2.464446091986895,-2.19710559809524,-1.1354421638064411,0.8450584025667578,0.0238041773645564,2.5516346855106327,0.107609505980238,1.6832541798756713
30.0,275.0,130.0644989013672,-0.0214179248292399,1.6128069766293551,-2.4646694673254155,-2.1997187233409914,-1.1352310118191995,0.8457633145446949,0.0229521221883603,2.5498708094247298,0.1066708785567443,1.680784104787331
30.0,275.0,130.06141662597656,-0.0212433152418556,1.6119415578478986,-2.464503045687366,-2.197957957645193,-1.135253556499711,0.8444462002684524,0.0231694186623434,2.55006490607497,0.106328143250225,1.676183812147586
30.0,275.0,130.0596923828125,-0.0216148007700014,1.610948044221752,-2.4645422094710323,-2.1976642164101383,-1.1352048186484744,0.8444218367418,0.0227316829238271,2.549324545403307,0.1044551057839413,1.6714983973159967
30.0,275.0,130.0545654296875,-0.0218540901122222,1.6112333278559086,-2.464927401623105,-2.197255672443856,-1.1360949518385066,0.8422070242037677,0.0207023315806785,2.5457712609267378,0.0913107186291913,1.6317435154037083
30.0,275.0,130.05735778808594,-0.0216987655410684,1.611153473574213,-2.4647858427467133,-2.1972850871953944,-1.1354714165882256,0.8437218230452876,0.021275635647774,2.548152071608001,0.0987243374474082,1.653118811171982
30.0,275.0,130.06600952148438,-0.0211178222070299,1.6103847759290266,-2.4644209921066222,-2.197451737189725,-1.1360195367760717,0.84494901713653,0.0235738133036352,2.551092969434705,0.1096924112457049,1.689501870068402
30.0,275.0,130.05589294433594,-0.0216298896534032,1.6107407929352149,-2.4630545530515104,-2.1968198299640367,-1.1365689623990551,0.8436385931309879,0.0216535153577728,2.547162386054556,0.0977362672142885,1.6542547085469437
30.0,276.0,130.05825805664062,-0.0217202972559392,1.6117173297878078,-2.4642168081770874,-2.19744917026364,-1.135342214416958,0.8442943930644615,0.0214855144662067,2.5474916743788345,0.1028813051085165,1.6683754637102135
30.0,276.0,130.0526580810547,-0.0217402988686517,1.6112151859835877,-2.4638001797931675,-2.1978273337732865,-1.1365721435403409,0.8426049009994537,0.0213264706407362,2.546209474122769,0.0927142991291334,1.638568932844537
30.0,276.0,130.05189514160156,-0.0218450816812363,1.611179748604774,-2.464757349711861,-2.197647265221664,-1.1370279797446077,0.8422263105257055,0.0213702045564558,2.545054172228693,0.0876247171518467,1.626929803763966
30.0,276.0,205.40724182128903,-1.2471719392371754,0.7338063691250966,-3.6956164114227614,-2.6893020048638974,-1.4361633841990469,0.7509499775402746,-0.0265320376388999,2.5844589496606782,0.2214973721181175,2.0621365244733765
30.0,276.0,130.06472778320312,-0.0214576293234495,1.6104123691719217,-2.463362841632002,-2.198039120567876,-1.1370667547619773,0.8457106580397326,0.0207787291329814,2.543933504451902,0.0987445479078411,1.6607912794236137
30.0,276.0,130.05508422851562,-0.0215851316306924,1.61138171357318,-2.464436130140352,-2.1973453218199817,-1.1351219749052324,0.8436844993817694,0.0216133617484546,2.547344852251074,0.0988131358683905,1.6588438768966018
30.0,276.0,130.06317138671875,-0.0214908486386406,1.6119646848450615,-2.464259312106244,-2.197573074584596,-1.135017991129897,0.8452881582951637,0.0238173310964382,2.551662452147406,0.1076228111777817,1.682164242503162
30.0,276.0,130.0622100830078,-0.0212112085904558,1.611940247268468,-2.464490530464323,-2.197534450090945,-1.135232296614472,0.8444980945704282,0.0231527330762314,2.5503785109304413,0.1073296986095062,1.6817504512190222
30.0,276.0,130.07180786132812,-0.0198385588222231,1.613399746182087,-2.462447093375754,-2.1980275329727466,-1.133904304055262,0.846753119792344,0.0232432009304832,2.55281013637525,0.1129654286504708,1.6988241965863846
30.0,276.0,217.80987548828125,-0.7399219093249991,0.6265199654248446,-3.3812386568411683,-3.115740592719888,-2.4970438835882924,0.4187495791001843,-0.1164287251613381,2.541142812644273,0.2703581298861386,2.0687642066891287
30.0,276.0,193.84164428710932,-0.2284010159949239,1.254985395882912,-2.7269330474421305,-2.062439529102285,-1.1192821284253744,0.7984072486439088,-0.0266891164844478,2.5659322521901795,0.1754660780234186,2.1465596423882265
30.0,276.0,130.0603485107422,-0.02166554888059,1.6116303742418878,-2.464433927833505,-2.1978671500740945,-1.1351945218100812,0.8445367092578658,0.0222050674800915,2.5500934509426303,0.1052217898583862,1.6741746615755806
30.0,276.0,130.0633544921875,-0.021581890070503,1.6114133897639322,-2.463166010348864,-2.197431660885488,-1.1378584604047215,0.8438059224279394,0.0244732499642736,2.5485616842407364,0.1002806707723448,1.6611699213085505
30.0,276.0,130.05943298339844,-0.0219935388981424,1.611654784197548,-2.464391722081144,-2.1978621726399625,-1.135164740549237,0.8441647053313863,0.0216243961061352,2.548972819704615,0.1042794801072972,1.672657701329092
30.0,276.0,130.06382751464844,-0.0210768488679159,1.6115787991621522,-2.4645104577406944,-2.196788547789148,-1.1355815644650034,0.8447191841079633,0.0238637801295413,2.551499621966451,0.1068880356271441,1.6810068068410342
30.0,276.0,130.07928466796875,-0.0260575111717201,1.6101996732202797,-2.464525477493161,-2.1972242671767823,-1.1327676171862628,0.8495841317060162,0.0234409887596069,2.5506852741713866,0.1075453170498392,1.6798955848567605
30.0,276.0,130.0653839111328,-0.0231219636708352,1.6080425883743577,-2.4635875197601624,-2.1979258788217124,-1.1343142805681004,0.8417021938848681,0.0213223785642481,2.545977189113875,0.0878389208765453,1.6284885020666553
30.0,276.0,130.06192016601562,-0.0212227208284233,1.6121891393135834,-2.4644960529301425,-2.197557934395194,-1.1352402371828656,0.8448065255323579,0.023225858376605,2.550122352548509,0.1069361541826877,1.6781502357479896
30.0,276.0,130.05763244628906,-0.0213865066144634,1.6114322893141728,-2.463010226486656,-2.198162092939369,-1.135330528921833,0.8442408238999735,0.0208519602983867,2.547826913251565,0.1010167833852269,1.661960286207093
30.0,276.0,130.06198120117188,-0.0210899150349713,1.6096287085526484,-2.463767058446708,-2.1982630299713706,-1.134653084841088,0.8436530236866489,0.022693525749956,2.5479967623106274,0.0946474425726052,1.641959191509462
30.0,276.0,130.05508422851562,-0.0215917127502649,1.6113969438955726,-2.4642392622748908,-2.1972729137267453,-1.1354305819137127,0.8436862674534593,0.0215826127776874,2.5476425025102127,0.0990705395538166,1.6571212981112315
30.0,276.0,130.0655059814453,-0.0216442792306624,1.6115472454915154,-2.4644560075101203,-2.197671096632594,-1.1346695875175137,0.8448782893560365,0.0222511814709475,2.537176316337721,0.0840598017272978,1.623984577900644
30.0,276.0,130.05929565429688,-0.0229840345625731,1.6114034778586277,-2.463135100989458,-2.198956107014004,-1.1353923691199106,0.8443713943623992,0.0212979526481876,2.546670261713997,0.1009693553300359,1.66404534010716
30.0,276.0,130.06942749023438,-0.0219468168281905,1.61087327670683,-2.464344881917185,-2.1980714789687594,-1.1345717054621771,0.8458179531935374,0.0230429432536251,2.5519848361959903,0.1126151471956707,1.691251380271957
30.0,276.0,130.0575408935547,-0.021527892421395,1.6115680867118432,-2.464080063253406,-2.197770591502357,-1.1355609915311538,0.8441603384137748,0.0215621391719984,2.5483352543911977,0.1025906693272762,1.6664693592658557
30.0,276.0,130.05311584472656,-0.0217462666854701,1.611979235189815,-2.463891157270595,-2.197375342864118,-1.137001934848915,0.8451959228823058,0.0227907714719337,2.544476868248507,0.0896313861722969,1.6340307557435907
30.0,276.0,142.10238647460938,-0.0891473094202858,1.7076238118596787,-2.422001103480327,-2.197869565162129,-1.1350687540125812,0.8334321497478666,0.0184926243017363,2.543776690323164,0.1518368087928887,1.6278553921792254
30.0,276.0,240.0376892089844,-0.818985015422538,0.7325545795717203,-3.463958090524869,-3.1745869837099026,-1.9281247841715203,0.2058466922336207,-0.3766659363291286,2.6001316734345754,0.2265875295001577,2.1979228280822705
30.0,276.0,130.06130981445312,-0.0216142234234416,1.611941311973024,-2.464798408174317,-2.197471051246846,-1.1351544359745211,0.8443040384815177,0.0236204972586364,2.5489907340305056,0.103108024306166,1.672783223110942
30.0,276.0,130.0700225830078,-0.021554109745988,1.6120439753754856,-2.4634945447088183,-2.1977249787071043,-1.1359977360920583,0.8464675320695966,0.0248784910245729,2.5535928169217965,0.114511753033331,1.699528858876211
30.0,276.0,130.06771850585938,-0.0212937730914956,1.6122709198500875,-2.464560585489906,-2.197786618314241,-1.1359934261997726,0.8459951570172819,0.0233432106041645,2.552007270481794,0.1121948788892302,1.694829161136428
30.0,276.0,130.05477905273438,-0.0214219252466692,1.6101425209654627,-2.4632407185319285,-2.1977235187479844,-1.1362119717563175,0.8432030875190504,0.0213767626717497,2.545003413854688,0.0961599312823348,1.649227676946242
30.0,276.0,130.0648651123047,-0.0209586972021701,1.6118468861961923,-2.464104249831065,-2.197373122657018,-1.1337570303689364,0.8454771529024306,0.0245756504370924,2.551118384301476,0.1032619142561943,1.665766227152196
30.0,276.0,130.05575561523438,-0.0217833162173132,1.610555631017069,-2.4666285806919057,-2.197661154615397,-1.1365734072746347,0.8458120886598055,0.0221094895455768,2.544385401916798,0.0931670983635254,1.6402475837408697
30.0,276.0,130.0591278076172,-0.0216652174014381,1.6117185220728425,-2.463682103283752,-2.197851750715832,-1.1353838343319864,0.8442095501150251,0.0209804605194346,2.548019756429247,0.1036383784919287,1.6706206341096168
30.0,276.0,130.0558319091797,-0.02142506060963,1.611353403827015,-2.464690564325593,-2.1966773709083736,-1.136949504483431,0.8433222503402822,0.0215086772537168,2.546366898858368,0.0980053628216621,1.6538123037939174
30.0,276.0,242.24465942382807,-0.6765068837044388,0.5731721926803546,-3.182363211629109,-3.115613068305457,-2.833970604240305,0.5175124438082294,-0.1119189164304249,2.549271617641784,0.2717736279602655,1.804321352114272
30.0,276.0,210.119873046875,-0.7610068930568665,0.5642124147423887,-3.726421416211226,-2.7995431788777383,-1.3708891968054873,0.679066308131347,0.0234932080174868,2.5843400721228726,0.297657964549431,2.1950618999519365
30.0,276.0,130.06036376953125,-0.0222114267946533,1.6116323288251029,-2.464402269059958,-2.197912699246993,-1.1350247526561337,0.843738197651714,0.0224388104393285,2.5490722839911584,0.1046284445153567,1.674020022052375
30.0,276.0,130.05328369140625,-0.021026056650595,1.6121293363920024,-2.464485857240861,-2.1982380976220144,-1.1370088755695529,0.8424252744135111,0.0214213052597067,2.54582171118016,0.0887272267252966,1.6315504901130755
30.0,276.0,205.575927734375,-0.8160173862793221,0.5906195673798553,-3.5501247184478806,-2.9220737949502533,-1.5276746941164658,0.7254873283981647,-0.0189028447691116,2.5943872451814447,0.2168908645567235,1.9760531472632008
30.0,276.0,130.06155395507812,-0.0215775363063054,1.611061185960011,-2.46501310085066,-2.197849701455941,-1.1349559228665942,0.8447758799481386,0.0219390213677063,2.5499945537550204,0.1062423555714915,1.677097478901885
30.0,276.0,130.0637969970703,-0.0208902406005644,1.6119734742103369,-2.464446091986895,-2.19710559809524,-1.1354421638064411,0.8450584025667578,0.0238041773645564,2.5516346855106327,0.107609505980238,1.6832541798756713
30.0,276.0,130.0644989013672,-0.0214179248292399,1.6128069766293551,-2.4646694673254155,-2.1997187233409914,-1.1352310118191995,0.8457633145446949,0.0229521221883603,2.5498708094247298,0.1066708785567443,1.680784104787331
30.0,276.0,130.06141662597656,-0.0212433152418556,1.6119415578478986,-2.464503045687366,-2.197957957645193,-1.135253556499711,0.8444462002684524,0.0231694186623434,2.55006490607497,0.106328143250225,1.676183812147586
30.0,276.0,130.0596923828125,-0.0216148007700014,1.610948044221752,-2.4645422094710323,-2.1976642164101383,-1.1352048186484744,0.8444218367418,0.0227316829238271,2.549324545403307,0.1044551057839413,1.6714983973159967
30.0,276.0,130.052490234375,-0.0218646977634811,1.6112828136744732,-2.4645438831870905,-2.1978629043734914,-1.136300495448591,0.84224638578637,0.0210010352152727,2.545144213093355,0.0900383572735903,1.6285850310026262
30.0,276.0,130.05735778808594,-0.0216987655410684,1.611153473574213,-2.4647858427467133,-2.1972850871953944,-1.1354714165882256,0.8437218230452876,0.021275635647774,2.548152071608001,0.0987243374474082,1.653118811171982
30.0,276.0,130.06600952148438,-0.0211178222070299,1.6103847759290266,-2.4644209921066222,-2.197451737189725,-1.1360195367760717,0.84494901713653,0.0235738133036352,2.551092969434705,0.1096924112457049,1.689501870068402
30.0,276.0,130.05589294433594,-0.0216298896534032,1.6107407929352149,-2.4630545530515104,-2.1968198299640367,-1.1365689623990551,0.8436385931309879,0.0216535153577728,2.547162386054556,0.0977362672142885,1.6542547085469437
30.0,277.0,130.05825805664062,-0.0217202972559392,1.6117173297878078,-2.4642168081770874,-2.19744917026364,-1.135342214416958,0.8442943930644615,0.0214855144662067,2.5474916743788345,0.1028813051085165,1.6683754637102135
30.0,277.0,130.0526580810547,-0.0217402988686517,1.6112151859835877,-2.4638001797931675,-2.1978273337732865,-1.1365721435403409,0.8426049009994537,0.0213264706407362,2.546209474122769,0.0927142991291334,1.638568932844537
30.0,277.0,130.05189514160156,-0.0218450816812363,1.611179748604774,-2.464757349711861,-2.197647265221664,-1.1370279797446077,0.8422263105257055,0.0213702045564558,2.545054172228693,0.0876247171518467,1.626929803763966
30.0,277.0,205.40724182128903,-1.2471719392371754,0.7338063691250966,-3.6956164114227614,-2.6893020048638974,-1.4361633841990469,0.7509499775402746,-0.0265320376388999,2.5844589496606782,0.2214973721181175,2.0621365244733765
30.0,277.0,130.06472778320312,-0.0214576293234495,1.6104123691719217,-2.463362841632002,-2.198039120567876,-1.1370667547619773,0.8457106580397326,0.0207787291329814,2.543933504451902,0.0987445479078411,1.6607912794236137
30.0,277.0,130.05508422851562,-0.0215851316306924,1.61138171357318,-2.464436130140352,-2.1973453218199817,-1.1351219749052324,0.8436844993817694,0.0216133617484546,2.547344852251074,0.0988131358683905,1.6588438768966018
30.0,277.0,130.06317138671875,-0.0214908486386406,1.6119646848450615,-2.464259312106244,-2.197573074584596,-1.135017991129897,0.8452881582951637,0.0238173310964382,2.551662452147406,0.1076228111777817,1.682164242503162
30.0,277.0,130.0622100830078,-0.0212112085904558,1.611940247268468,-2.464490530464323,-2.197534450090945,-1.135232296614472,0.8444980945704282,0.0231527330762314,2.5503785109304413,0.1073296986095062,1.6817504512190222
30.0,277.0,130.07180786132812,-0.0198385588222231,1.613399746182087,-2.462447093375754,-2.1980275329727466,-1.133904304055262,0.846753119792344,0.0232432009304832,2.55281013637525,0.1129654286504708,1.6988241965863846
30.0,277.0,217.80987548828125,-0.7399219093249991,0.6265199654248446,-3.3812386568411683,-3.115740592719888,-2.4970438835882924,0.4187495791001843,-0.1164287251613381,2.541142812644273,0.2703581298861386,2.0687642066891287
30.0,277.0,193.84164428710932,-0.2284010159949239,1.254985395882912,-2.7269330474421305,-2.062439529102285,-1.1192821284253744,0.7984072486439088,-0.0266891164844478,2.5659322521901795,0.1754660780234186,2.1465596423882265
30.0,277.0,130.0603485107422,-0.02166554888059,1.6116303742418878,-2.464433927833505,-2.1978671500740945,-1.1351945218100812,0.8445367092578658,0.0222050674800915,2.5500934509426303,0.1052217898583862,1.6741746615755806
30.0,277.0,130.0633544921875,-0.021581890070503,1.6114133897639322,-2.463166010348864,-2.197431660885488,-1.1378584604047215,0.8438059224279394,0.0244732499642736,2.5485616842407364,0.1002806707723448,1.6611699213085505
30.0,277.0,130.05943298339844,-0.0219935388981424,1.611654784197548,-2.464391722081144,-2.1978621726399625,-1.135164740549237,0.8441647053313863,0.0216243961061352,2.548972819704615,0.1042794801072972,1.672657701329092
30.0,277.0,130.06382751464844,-0.0210768488679159,1.6115787991621522,-2.4645104577406944,-2.196788547789148,-1.1355815644650034,0.8447191841079633,0.0238637801295413,2.551499621966451,0.1068880356271441,1.6810068068410342
30.0,277.0,130.07928466796875,-0.0260575111717201,1.6101996732202797,-2.464525477493161,-2.1972242671767823,-1.1327676171862628,0.8495841317060162,0.0234409887596069,2.5506852741713866,0.1075453170498392,1.6798955848567605
30.0,277.0,130.0653839111328,-0.0231219636708352,1.6080425883743577,-2.4635875197601624,-2.1979258788217124,-1.1343142805681004,0.8417021938848681,0.0213223785642481,2.545977189113875,0.0878389208765453,1.6284885020666553
30.0,277.0,130.06192016601562,-0.0212227208284233,1.6121891393135834,-2.4644960529301425,-2.197557934395194,-1.1352402371828656,0.8448065255323579,0.023225858376605,2.550122352548509,0.1069361541826877,1.6781502357479896
30.0,277.0,130.05763244628906,-0.0213865066144634,1.6114322893141728,-2.463010226486656,-2.198162092939369,-1.135330528921833,0.8442408238999735,0.0208519602983867,2.547826913251565,0.1010167833852269,1.661960286207093
30.0,277.0,130.06198120117188,-0.0210899150349713,1.6096287085526484,-2.463767058446708,-2.1982630299713706,-1.134653084841088,0.8436530236866489,0.022693525749956,2.5479967623106274,0.0946474425726052,1.641959191509462
30.0,277.0,130.05508422851562,-0.0215917127502649,1.6113969438955726,-2.4642392622748908,-2.1972729137267453,-1.1354305819137127,0.8436862674534593,0.0215826127776874,2.5476425025102127,0.0990705395538166,1.6571212981112315
30.0,277.0,130.0655059814453,-0.0216442792306624,1.6115472454915154,-2.4644560075101203,-2.197671096632594,-1.1346695875175137,0.8448782893560365,0.0222511814709475,2.537176316337721,0.0840598017272978,1.623984577900644
30.0,277.0,130.05929565429688,-0.0229840345625731,1.6114034778586277,-2.463135100989458,-2.198956107014004,-1.1353923691199106,0.8443713943623992,0.0212979526481876,2.546670261713997,0.1009693553300359,1.66404534010716
30.0,277.0,130.06942749023438,-0.0219468168281905,1.61087327670683,-2.464344881917185,-2.1980714789687594,-1.1345717054621771,0.8458179531935374,0.0230429432536251,2.5519848361959903,0.1126151471956707,1.691251380271957
30.0,277.0,130.0575408935547,-0.021527892421395,1.6115680867118432,-2.464080063253406,-2.197770591502357,-1.1355609915311538,0.8441603384137748,0.0215621391719984,2.5483352543911977,0.1025906693272762,1.6664693592658557
30.0,277.0,130.05311584472656,-0.0217462666854701,1.611979235189815,-2.463891157270595,-2.197375342864118,-1.137001934848915,0.8451959228823058,0.0227907714719337,2.544476868248507,0.0896313861722969,1.6340307557435907
30.0,277.0,138.84471130371094,-0.0302688047838996,1.665608714910492,-2.4531584899348293,-2.082360638652612,-1.1378017237773626,0.8285667947923553,0.02520490390423,2.5468661425636223,0.082679508542198,1.6306910705886108
30.0,277.0,240.0376892089844,-0.818985015422538,0.7325545795717203,-3.463958090524869,-3.1745869837099026,-1.9281247841715203,0.2058466922336207,-0.3766659363291286,2.6001316734345754,0.2265875295001577,2.1979228280822705
30.0,277.0,130.06130981445312,-0.0216142234234416,1.611941311973024,-2.464798408174317,-2.197471051246846,-1.1351544359745211,0.8443040384815177,0.0236204972586364,2.5489907340305056,0.103108024306166,1.672783223110942
30.0,277.0,130.0700225830078,-0.021554109745988,1.6120439753754856,-2.4634945447088183,-2.1977249787071043,-1.1359977360920583,0.8464675320695966,0.0248784910245729,2.5535928169217965,0.114511753033331,1.699528858876211
30.0,277.0,130.06771850585938,-0.0212937730914956,1.6122709198500875,-2.464560585489906,-2.197786618314241,-1.1359934261997726,0.8459951570172819,0.0233432106041645,2.552007270481794,0.1121948788892302,1.694829161136428
30.0,277.0,130.05477905273438,-0.0214219252466692,1.6101425209654627,-2.4632407185319285,-2.1977235187479844,-1.1362119717563175,0.8432030875190504,0.0213767626717497,2.545003413854688,0.0961599312823348,1.649227676946242
30.0,277.0,130.0648651123047,-0.0209586972021701,1.6118468861961923,-2.464104249831065,-2.197373122657018,-1.1337570303689364,0.8454771529024306,0.0245756504370924,2.551118384301476,0.1032619142561943,1.665766227152196
30.0,277.0,130.05149841308594,-0.0218220913332556,1.6107667522899078,-2.4646424463501773,-2.1976716950952464,-1.1369488574279918,0.8437535566489323,0.0210253858535924,2.5447770656825885,0.0903371306638779,1.6293915198482087
30.0,277.0,130.0591278076172,-0.0216652174014381,1.6117185220728425,-2.463682103283752,-2.197851750715832,-1.1353838343319864,0.8442095501150251,0.0209804605194346,2.548019756429247,0.1036383784919287,1.6706206341096168
30.0,277.0,130.0558319091797,-0.02142506060963,1.611353403827015,-2.464690564325593,-2.1966773709083736,-1.136949504483431,0.8433222503402822,0.0215086772537168,2.546366898858368,0.0980053628216621,1.6538123037939174
30.0,277.0,242.24465942382807,-0.6765068837044388,0.5731721926803546,-3.182363211629109,-3.115613068305457,-2.833970604240305,0.5175124438082294,-0.1119189164304249,2.549271617641784,0.2717736279602655,1.804321352114272
30.0,277.0,210.119873046875,-0.7610068930568665,0.5642124147423887,-3.726421416211226,-2.7995431788777383,-1.3708891968054873,0.679066308131347,0.0234932080174868,2.5843400721228726,0.297657964549431,2.1950618999519365
30.0,277.0,130.06036376953125,-0.0222114267946533,1.6116323288251029,-2.464402269059958,-2.197912699246993,-1.1350247526561337,0.843738197651714,0.0224388104393285,2.5490722839911584,0.1046284445153567,1.674020022052375
30.0,277.0,130.05328369140625,-0.021026056650595,1.6121293363920024,-2.464485857240861,-2.1982380976220144,-1.1370088755695529,0.8424252744135111,0.0214213052597067,2.54582171118016,0.0887272267252966,1.6315504901130755
30.0,277.0,205.575927734375,-0.8160173862793221,0.5906195673798553,-3.5501247184478806,-2.9220737949502533,-1.5276746941164658,0.7254873283981647,-0.0189028447691116,2.5943872451814447,0.2168908645567235,1.9760531472632008
30.0,277.0,130.06155395507812,-0.0215775363063054,1.611061185960011,-2.46501310085066,-2.197849701455941,-1.1349559228665942,0.8447758799481386,0.0219390213677063,2.5499945537550204,0.1062423555714915,1.677097478901885
30.0,277.0,130.0637969970703,-0.0208902406005644,1.6119734742103369,-2.464446091986895,-2.19710559809524,-1.1354421638064411,0.8450584025667578,0.0238041773645564,2.5516346855106327,0.107609505980238,1.6832541798756713
30.0,277.0,130.0644989013672,-0.0214179248292399,1.6128069766293551,-2.4646694673254155,-2.1997187233409914,-1.1352310118191995,0.8457633145446949,0.0229521221883603,2.5498708094247298,0.1066708785567443,1.680784104787331
30.0,277.0,130.06141662597656,-0.0212433152418556,1.6119415578478986,-2.464503045687366,-2.197957957645193,-1.135253556499711,0.8444462002684524,0.0231694186623434,2.55006490607497,0.106328143250225,1.676183812147586
30.0,277.0,130.0596923828125,-0.0216148007700014,1.610948044221752,-2.4645422094710323,-2.1976642164101383,-1.1352048186484744,0.8444218367418,0.0227316829238271,2.549324545403307,0.1044551057839413,1.6714983973159967
30.0,277.0,130.052490234375,-0.0218646977634811,1.6112828136744732,-2.4645438831870905,-2.1978629043734914,-1.136300495448591,0.84224638578637,0.0210010352152727,2.545144213093355,0.0900383572735903,1.6285850310026262
30.0,277.0,130.05735778808594,-0.0216987655410684,1.611153473574213,-2.4647858427467133,-2.1972850871953944,-1.1354714165882256,0.8437218230452876,0.021275635647774,2.548152071608001,0.0987243374474082,1.653118811171982
30.0,277.0,130.06600952148438,-0.0211178222070299,1.6103847759290266,-2.4644209921066222,-2.197451737189725,-1.1360195367760717,0.84494901713653,0.0235738133036352,2.551092969434705,0.1096924112457049,1.689501870068402
30.0,277.0,130.05589294433594,-0.0216298896534032,1.6107407929352149,-2.4630545530515104,-2.1968198299640367,-1.1365689623990551,0.8436385931309879,0.0216535153577728,2.547162386054556,0.0977362672142885,1.6542547085469437
30.0,278.0,130.05825805664062,-0.0217202972559392,1.6117173297878078,-2.4642168081770874,-2.19744917026364,-1.135342214416958,0.8442943930644615,0.0214855144662067,2.5474916743788345,0.1028813051085165,1.6683754637102135
30.0,278.0,130.0526580810547,-0.0217402988686517,1.6112151859835877,-2.4638001797931675,-2.1978273337732865,-1.1365721435403409,0.8426049009994537,0.0213264706407362,2.546209474122769,0.0927142991291334,1.638568932844537
30.0,278.0,130.05189514160156,-0.0218450816812363,1.611179748604774,-2.464757349711861,-2.197647265221664,-1.1370279797446077,0.8422263105257055,0.0213702045564558,2.545054172228693,0.0876247171518467,1.626929803763966
30.0,278.0,205.40724182128903,-1.2471719392371754,0.7338063691250966,-3.6956164114227614,-2.6893020048638974,-1.4361633841990469,0.7509499775402746,-0.0265320376388999,2.5844589496606782,0.2214973721181175,2.0621365244733765
30.0,278.0,130.06472778320312,-0.0214576293234495,1.6104123691719217,-2.463362841632002,-2.198039120567876,-1.1370667547619773,0.8457106580397326,0.0207787291329814,2.543933504451902,0.0987445479078411,1.6607912794236137
30.0,278.0,130.05508422851562,-0.0215851316306924,1.61138171357318,-2.464436130140352,-2.1973453218199817,-1.1351219749052324,0.8436844993817694,0.0216133617484546,2.547344852251074,0.0988131358683905,1.6588438768966018
30.0,278.0,130.06317138671875,-0.0214908486386406,1.6119646848450615,-2.464259312106244,-2.197573074584596,-1.135017991129897,0.8452881582951637,0.0238173310964382,2.551662452147406,0.1076228111777817,1.682164242503162
30.0,278.0,130.0622100830078,-0.0212112085904558,1.611940247268468,-2.464490530464323,-2.197534450090945,-1.135232296614472,0.8444980945704282,0.0231527330762314,2.5503785109304413,0.1073296986095062,1.6817504512190222
30.0,278.0,130.07180786132812,-0.0198385588222231,1.613399746182087,-2.462447093375754,-2.1980275329727466,-1.133904304055262,0.846753119792344,0.0232432009304832,2.55281013637525,0.1129654286504708,1.6988241965863846
30.0,278.0,217.80987548828125,-0.7399219093249991,0.6265199654248446,-3.3812386568411683,-3.115740592719888,-2.4970438835882924,0.4187495791001843,-0.1164287251613381,2.541142812644273,0.2703581298861386,2.0687642066891287
30.0,278.0,193.84164428710932,-0.2284010159949239,1.254985395882912,-2.7269330474421305,-2.062439529102285,-1.1192821284253744,0.7984072486439088,-0.0266891164844478,2.5659322521901795,0.1754660780234186,2.1465596423882265
30.0,278.0,130.0603485107422,-0.02166554888059,1.6116303742418878,-2.464433927833505,-2.1978671500740945,-1.1351945218100812,0.8445367092578658,0.0222050674800915,2.5500934509426303,0.1052217898583862,1.6741746615755806
30.0,278.0,130.0633544921875,-0.021581890070503,1.6114133897639322,-2.463166010348864,-2.197431660885488,-1.1378584604047215,0.8438059224279394,0.0244732499642736,2.5485616842407364,0.1002806707723448,1.6611699213085505
30.0,278.0,130.05943298339844,-0.0219935388981424,1.611654784197548,-2.464391722081144,-2.1978621726399625,-1.135164740549237,0.8441647053313863,0.0216243961061352,2.548972819704615,0.1042794801072972,1.672657701329092
30.0,278.0,130.06382751464844,-0.0210768488679159,1.6115787991621522,-2.4645104577406944,-2.196788547789148,-1.1355815644650034,0.8447191841079633,0.0238637801295413,2.551499621966451,0.1068880356271441,1.6810068068410342
30.0,278.0,130.07928466796875,-0.0260575111717201,1.6101996732202797,-2.464525477493161,-2.1972242671767823,-1.1327676171862628,0.8495841317060162,0.0234409887596069,2.5506852741713866,0.1075453170498392,1.6798955848567605
30.0,278.0,130.0653839111328,-0.0231219636708352,1.6080425883743577,-2.4635875197601624,-2.1979258788217124,-1.1343142805681004,0.8417021938848681,0.0213223785642481,2.545977189113875,0.0878389208765453,1.6284885020666553
30.0,278.0,130.06192016601562,-0.0212227208284233,1.6121891393135834,-2.4644960529301425,-2.197557934395194,-1.1352402371828656,0.8448065255323579,0.023225858376605,2.550122352548509,0.1069361541826877,1.6781502357479896
30.0,278.0,130.05763244628906,-0.0213865066144634,1.6114322893141728,-2.463010226486656,-2.198162092939369,-1.135330528921833,0.8442408238999735,0.0208519602983867,2.547826913251565,0.1010167833852269,1.661960286207093
30.0,278.0,130.06198120117188,-0.0210899150349713,1.6096287085526484,-2.463767058446708,-2.1982630299713706,-1.134653084841088,0.8436530236866489,0.022693525749956,2.5479967623106274,0.0946474425726052,1.641959191509462
30.0,278.0,130.05508422851562,-0.0215917127502649,1.6113969438955726,-2.4642392622748908,-2.1972729137267453,-1.1354305819137127,0.8436862674534593,0.0215826127776874,2.5476425025102127,0.0990705395538166,1.6571212981112315
30.0,278.0,130.0655059814453,-0.0216442792306624,1.6115472454915154,-2.4644560075101203,-2.197671096632594,-1.1346695875175137,0.8448782893560365,0.0222511814709475,2.537176316337721,0.0840598017272978,1.623984577900644
30.0,278.0,130.05929565429688,-0.0229840345625731,1.6114034778586277,-2.463135100989458,-2.198956107014004,-1.1353923691199106,0.8443713943623992,0.0212979526481876,2.546670261713997,0.1009693553300359,1.66404534010716
30.0,278.0,130.06942749023438,-0.0219468168281905,1.61087327670683,-2.464344881917185,-2.1980714789687594,-1.1345717054621771,0.8458179531935374,0.0230429432536251,2.5519848361959903,0.1126151471956707,1.691251380271957
30.0,278.0,130.0575408935547,-0.021527892421395,1.6115680867118432,-2.464080063253406,-2.197770591502357,-1.1355609915311538,0.8441603384137748,0.0215621391719984,2.5483352543911977,0.1025906693272762,1.6664693592658557
30.0,278.0,130.05018615722656,-0.0216780294188571,1.61076430155581,-2.464502104028384,-2.1972578821756263,-1.135852597588053,0.8430317501244861,0.0196518610068411,2.5448655550674406,0.0917289125520039,1.6408397785802793
30.0,278.0,136.89820861816406,0.0101517058656472,1.6418749241233088,-2.480586532016328,-2.103691858499937,-1.1376825844184075,0.8341983461504853,0.0201731687217842,2.544793477619045,0.0662483069627374,1.6294174171622202
30.0,278.0,240.0376892089844,-0.818985015422538,0.7325545795717203,-3.463958090524869,-3.1745869837099026,-1.9281247841715203,0.2058466922336207,-0.3766659363291286,2.6001316734345754,0.2265875295001577,2.1979228280822705
30.0,278.0,130.06130981445312,-0.0216142234234416,1.611941311973024,-2.464798408174317,-2.197471051246846,-1.1351544359745211,0.8443040384815177,0.0236204972586364,2.5489907340305056,0.103108024306166,1.672783223110942
30.0,278.0,130.0700225830078,-0.021554109745988,1.6120439753754856,-2.4634945447088183,-2.1977249787071043,-1.1359977360920583,0.8464675320695966,0.0248784910245729,2.5535928169217965,0.114511753033331,1.699528858876211
30.0,278.0,130.06771850585938,-0.0212937730914956,1.6122709198500875,-2.464560585489906,-2.197786618314241,-1.1359934261997726,0.8459951570172819,0.0233432106041645,2.552007270481794,0.1121948788892302,1.694829161136428
30.0,278.0,130.05477905273438,-0.0214219252466692,1.6101425209654627,-2.4632407185319285,-2.1977235187479844,-1.1362119717563175,0.8432030875190504,0.0213767626717497,2.545003413854688,0.0961599312823348,1.649227676946242
30.0,278.0,130.0648651123047,-0.0209586972021701,1.6118468861961923,-2.464104249831065,-2.197373122657018,-1.1337570303689364,0.8454771529024306,0.0245756504370924,2.551118384301476,0.1032619142561943,1.665766227152196
30.0,278.0,130.05149841308594,-0.0218220913332556,1.6107667522899078,-2.4646424463501773,-2.1976716950952464,-1.1369488574279918,0.8437535566489323,0.0210253858535924,2.5447770656825885,0.0903371306638779,1.6293915198482087
30.0,278.0,130.0591278076172,-0.0216652174014381,1.6117185220728425,-2.463682103283752,-2.197851750715832,-1.1353838343319864,0.8442095501150251,0.0209804605194346,2.548019756429247,0.1036383784919287,1.6706206341096168
30.0,278.0,130.0558319091797,-0.02142506060963,1.611353403827015,-2.464690564325593,-2.1966773709083736,-1.136949504483431,0.8433222503402822,0.0215086772537168,2.546366898858368,0.0980053628216621,1.6538123037939174
30.0,278.0,242.24465942382807,-0.6765068837044388,0.5731721926803546,-3.182363211629109,-3.115613068305457,-2.833970604240305,0.5175124438082294,-0.1119189164304249,2.549271617641784,0.2717736279602655,1.804321352114272
30.0,278.0,210.119873046875,-0.7610068930568665,0.5642124147423887,-3.726421416211226,-2.7995431788777383,-1.3708891968054873,0.679066308131347,0.0234932080174868,2.5843400721228726,0.297657964549431,2.1950618999519365
30.0,278.0,130.06036376953125,-0.0222114267946533,1.6116323288251029,-2.464402269059958,-2.197912699246993,-1.1350247526561337,0.843738197651714,0.0224388104393285,2.5490722839911584,0.1046284445153567,1.674020022052375
30.0,278.0,130.05328369140625,-0.021026056650595,1.6121293363920024,-2.464485857240861,-2.1982380976220144,-1.1370088755695529,0.8424252744135111,0.0214213052597067,2.54582171118016,0.0887272267252966,1.6315504901130755
30.0,278.0,205.575927734375,-0.8160173862793221,0.5906195673798553,-3.5501247184478806,-2.9220737949502533,-1.5276746941164658,0.7254873283981647,-0.0189028447691116,2.5943872451814447,0.2168908645567235,1.9760531472632008
30.0,278.0,130.06155395507812,-0.0215775363063054,1.611061185960011,-2.46501310085066,-2.197849701455941,-1.1349559228665942,0.8447758799481386,0.0219390213677063,2.5499945537550204,0.1062423555714915,1.677097478901885
30.0,278.0,130.0637969970703,-0.0208902406005644,1.6119734742103369,-2.464446091986895,-2.19710559809524,-1.1354421638064411,0.8450584025667578,0.0238041773645564,2.5516346855106327,0.107609505980238,1.6832541798756713
30.0,278.0,130.0644989013672,-0.0214179248292399,1.6128069766293551,-2.4646694673254155,-2.1997187233409914,-1.1352310118191995,0.8457633145446949,0.0229521221883603,2.5498708094247298,0.1066708785567443,1.680784104787331
30.0,278.0,130.06141662597656,-0.0212433152418556,1.6119415578478986,-2.464503045687366,-2.197957957645193,-1.135253556499711,0.8444462002684524,0.0231694186623434,2.55006490607497,0.106328143250225,1.676183812147586
30.0,278.0,130.0596923828125,-0.0216148007700014,1.610948044221752,-2.4645422094710323,-2.1976642164101383,-1.1352048186484744,0.8444218367418,0.0227316829238271,2.549324545403307,0.1044551057839413,1.6714983973159967
30.0,278.0,130.052490234375,-0.0218646977634811,1.6112828136744732,-2.4645438831870905,-2.1978629043734914,-1.136300495448591,0.84224638578637,0.0210010352152727,2.545144213093355,0.0900383572735903,1.6285850310026262
30.0,278.0,130.05735778808594,-0.0216987655410684,1.611153473574213,-2.4647858427467133,-2.1972850871953944,-1.1354714165882256,0.8437218230452876,0.021275635647774,2.548152071608001,0.0987243374474082,1.653118811171982
30.0,278.0,130.06600952148438,-0.0211178222070299,1.6103847759290266,-2.4644209921066222,-2.197451737189725,-1.1360195367760717,0.84494901713653,0.0235738133036352,2.551092969434705,0.1096924112457049,1.689501870068402
30.0,278.0,130.05589294433594,-0.0216298896534032,1.6107407929352149,-2.4630545530515104,-2.1968198299640367,-1.1365689623990551,0.8436385931309879,0.0216535153577728,2.547162386054556,0.0977362672142885,1.6542547085469437
30.0,279.0,130.05825805664062,-0.0217202972559392,1.6117173297878078,-2.4642168081770874,-2.19744917026364,-1.135342214416958,0.8442943930644615,0.0214855144662067,2.5474916743788345,0.1028813051085165,1.6683754637102135
30.0,279.0,130.0526580810547,-0.0217402988686517,1.6112151859835877,-2.4638001797931675,-2.1978273337732865,-1.1365721435403409,0.8426049009994537,0.0213264706407362,2.546209474122769,0.0927142991291334,1.638568932844537
30.0,279.0,130.05189514160156,-0.0218450816812363,1.611179748604774,-2.464757349711861,-2.197647265221664,-1.1370279797446077,0.8422263105257055,0.0213702045564558,2.545054172228693,0.0876247171518467,1.626929803763966
30.0,279.0,205.40724182128903,-1.2471719392371754,0.7338063691250966,-3.6956164114227614,-2.6893020048638974,-1.4361633841990469,0.7509499775402746,-0.0265320376388999,2.5844589496606782,0.2214973721181175,2.0621365244733765
30.0,279.0,130.06472778320312,-0.0214576293234495,1.6104123691719217,-2.463362841632002,-2.198039120567876,-1.1370667547619773,0.8457106580397326,0.0207787291329814,2.543933504451902,0.0987445479078411,1.6607912794236137
30.0,279.0,130.05508422851562,-0.0215851316306924,1.61138171357318,-2.464436130140352,-2.1973453218199817,-1.1351219749052324,0.8436844993817694,0.0216133617484546,2.547344852251074,0.0988131358683905,1.6588438768966018
30.0,279.0,130.06317138671875,-0.0214908486386406,1.6119646848450615,-2.464259312106244,-2.197573074584596,-1.135017991129897,0.8452881582951637,0.0238173310964382,2.551662452147406,0.1076228111777817,1.682164242503162
30.0,279.0,130.0622100830078,-0.0212112085904558,1.611940247268468,-2.464490530464323,-2.197534450090945,-1.135232296614472,0.8444980945704282,0.0231527330762314,2.5503785109304413,0.1073296986095062,1.6817504512190222
30.0,279.0,130.07180786132812,-0.0198385588222231,1.613399746182087,-2.462447093375754,-2.1980275329727466,-1.133904304055262,0.846753119792344,0.0232432009304832,2.55281013637525,0.1129654286504708,1.6988241965863846
30.0,279.0,217.80987548828125,-0.7399219093249991,0.6265199654248446,-3.3812386568411683,-3.115740592719888,-2.4970438835882924,0.4187495791001843,-0.1164287251613381,2.541142812644273,0.2703581298861386,2.0687642066891287
30.0,279.0,193.84164428710932,-0.2284010159949239,1.254985395882912,-2.7269330474421305,-2.062439529102285,-1.1192821284253744,0.7984072486439088,-0.0266891164844478,2.5659322521901795,0.1754660780234186,2.1465596423882265
30.0,279.0,130.0603485107422,-0.02166554888059,1.6116303742418878,-2.464433927833505,-2.1978671500740945,-1.1351945218100812,0.8445367092578658,0.0222050674800915,2.5500934509426303,0.1052217898583862,1.6741746615755806
30.0,279.0,130.0633544921875,-0.021581890070503,1.6114133897639322,-2.463166010348864,-2.197431660885488,-1.1378584604047215,0.8438059224279394,0.0244732499642736,2.5485616842407364,0.1002806707723448,1.6611699213085505
30.0,279.0,130.05943298339844,-0.0219935388981424,1.611654784197548,-2.464391722081144,-2.1978621726399625,-1.135164740549237,0.8441647053313863,0.0216243961061352,2.548972819704615,0.1042794801072972,1.672657701329092
30.0,279.0,130.06382751464844,-0.0210768488679159,1.6115787991621522,-2.4645104577406944,-2.196788547789148,-1.1355815644650034,0.8447191841079633,0.0238637801295413,2.551499621966451,0.1068880356271441,1.6810068068410342
30.0,279.0,130.07928466796875,-0.0260575111717201,1.6101996732202797,-2.464525477493161,-2.1972242671767823,-1.1327676171862628,0.8495841317060162,0.0234409887596069,2.5506852741713866,0.1075453170498392,1.6798955848567605
30.0,279.0,130.0653839111328,-0.0231219636708352,1.6080425883743577,-2.4635875197601624,-2.1979258788217124,-1.1343142805681004,0.8417021938848681,0.0213223785642481,2.545977189113875,0.0878389208765453,1.6284885020666553
30.0,279.0,130.06192016601562,-0.0212227208284233,1.6121891393135834,-2.4644960529301425,-2.197557934395194,-1.1352402371828656,0.8448065255323579,0.023225858376605,2.550122352548509,0.1069361541826877,1.6781502357479896
30.0,279.0,130.05763244628906,-0.0213865066144634,1.6114322893141728,-2.463010226486656,-2.198162092939369,-1.135330528921833,0.8442408238999735,0.0208519602983867,2.547826913251565,0.1010167833852269,1.661960286207093
30.0,279.0,130.06198120117188,-0.0210899150349713,1.6096287085526484,-2.463767058446708,-2.1982630299713706,-1.134653084841088,0.8436530236866489,0.022693525749956,2.5479967623106274,0.0946474425726052,1.641959191509462
30.0,279.0,130.05508422851562,-0.0215917127502649,1.6113969438955726,-2.4642392622748908,-2.1972729137267453,-1.1354305819137127,0.8436862674534593,0.0215826127776874,2.5476425025102127,0.0990705395538166,1.6571212981112315
30.0,279.0,130.0655059814453,-0.0216442792306624,1.6115472454915154,-2.4644560075101203,-2.197671096632594,-1.1346695875175137,0.8448782893560365,0.0222511814709475,2.537176316337721,0.0840598017272978,1.623984577900644
30.0,279.0,130.05929565429688,-0.0229840345625731,1.6114034778586277,-2.463135100989458,-2.198956107014004,-1.1353923691199106,0.8443713943623992,0.0212979526481876,2.546670261713997,0.1009693553300359,1.66404534010716
30.0,279.0,130.06942749023438,-0.0219468168281905,1.61087327670683,-2.464344881917185,-2.1980714789687594,-1.1345717054621771,0.8458179531935374,0.0230429432536251,2.5519848361959903,0.1126151471956707,1.691251380271957
30.0,279.0,130.0575408935547,-0.021527892421395,1.6115680867118432,-2.464080063253406,-2.197770591502357,-1.1355609915311538,0.8441603384137748,0.0215621391719984,2.5483352543911977,0.1025906693272762,1.6664693592658557
30.0,279.0,130.05018615722656,-0.0216780294188571,1.61076430155581,-2.464502104028384,-2.1972578821756263,-1.135852597588053,0.8430317501244861,0.0196518610068411,2.5448655550674406,0.0917289125520039,1.6408397785802793
30.0,279.0,134.65853881835938,-0.0149515367517057,1.5661097250296714,-2.4670894405334267,-2.2856499264034498,-1.1368619716963724,0.8378561469174305,0.0179334477093134,2.544067306792146,0.0916786170879056,1.6362340202049148
30.0,279.0,240.0376892089844,-0.818985015422538,0.7325545795717203,-3.463958090524869,-3.1745869837099026,-1.9281247841715203,0.2058466922336207,-0.3766659363291286,2.6001316734345754,0.2265875295001577,2.1979228280822705
30.0,279.0,130.06130981445312,-0.0216142234234416,1.611941311973024,-2.464798408174317,-2.197471051246846,-1.1351544359745211,0.8443040384815177,0.0236204972586364,2.5489907340305056,0.103108024306166,1.672783223110942
30.0,279.0,130.0700225830078,-0.021554109745988,1.6120439753754856,-2.4634945447088183,-2.1977249787071043,-1.1359977360920583,0.8464675320695966,0.0248784910245729,2.5535928169217965,0.114511753033331,1.699528858876211
30.0,279.0,130.06771850585938,-0.0212937730914956,1.6122709198500875,-2.464560585489906,-2.197786618314241,-1.1359934261997726,0.8459951570172819,0.0233432106041645,2.552007270481794,0.1121948788892302,1.694829161136428
30.0,279.0,130.05477905273438,-0.0214219252466692,1.6101425209654627,-2.4632407185319285,-2.1977235187479844,-1.1362119717563175,0.8432030875190504,0.0213767626717497,2.545003413854688,0.0961599312823348,1.649227676946242
30.0,279.0,130.0648651123047,-0.0209586972021701,1.6118468861961923,-2.464104249831065,-2.197373122657018,-1.1337570303689364,0.8454771529024306,0.0245756504370924,2.551118384301476,0.1032619142561943,1.665766227152196
30.0,279.0,130.05149841308594,-0.0218220913332556,1.6107667522899078,-2.4646424463501773,-2.1976716950952464,-1.1369488574279918,0.8437535566489323,0.0210253858535924,2.5447770656825885,0.0903371306638779,1.6293915198482087
30.0,279.0,130.0591278076172,-0.0216652174014381,1.6117185220728425,-2.463682103283752,-2.197851750715832,-1.1353838343319864,0.8442095501150251,0.0209804605194346,2.548019756429247,0.1036383784919287,1.6706206341096168
30.0,279.0,130.0558319091797,-0.02142506060963,1.611353403827015,-2.464690564325593,-2.1966773709083736,-1.136949504483431,0.8433222503402822,0.0215086772537168,2.546366898858368,0.0980053628216621,1.6538123037939174
30.0,279.0,242.24465942382807,-0.6765068837044388,0.5731721926803546,-3.182363211629109,-3.115613068305457,-2.833970604240305,0.5175124438082294,-0.1119189164304249,2.549271617641784,0.2717736279602655,1.804321352114272
30.0,279.0,210.119873046875,-0.7610068930568665,0.5642124147423887,-3.726421416211226,-2.7995431788777383,-1.3708891968054873,0.679066308131347,0.0234932080174868,2.5843400721228726,0.297657964549431,2.1950618999519365
30.0,279.0,130.06036376953125,-0.0222114267946533,1.6116323288251029,-2.464402269059958,-2.197912699246993,-1.1350247526561337,0.843738197651714,0.0224388104393285,2.5490722839911584,0.1046284445153567,1.674020022052375
30.0,279.0,130.05328369140625,-0.021026056650595,1.6121293363920024,-2.464485857240861,-2.1982380976220144,-1.1370088755695529,0.8424252744135111,0.0214213052597067,2.54582171118016,0.0887272267252966,1.6315504901130755
30.0,279.0,205.575927734375,-0.8160173862793221,0.5906195673798553,-3.5501247184478806,-2.9220737949502533,-1.5276746941164658,0.7254873283981647,-0.0189028447691116,2.5943872451814447,0.2168908645567235,1.9760531472632008
30.0,279.0,130.06155395507812,-0.0215775363063054,1.611061185960011,-2.46501310085066,-2.197849701455941,-1.1349559228665942,0.8447758799481386,0.0219390213677063,2.5499945537550204,0.1062423555714915,1.677097478901885
30.0,279.0,130.0637969970703,-0.0208902406005644,1.6119734742103369,-2.464446091986895,-2.19710559809524,-1.1354421638064411,0.8450584025667578,0.0238041773645564,2.5516346855106327,0.107609505980238,1.6832541798756713
30.0,279.0,130.0644989013672,-0.0214179248292399,1.6128069766293551,-2.4646694673254155,-2.1997187233409914,-1.1352310118191995,0.8457633145446949,0.0229521221883603,2.5498708094247298,0.1066708785567443,1.680784104787331
30.0,279.0,130.06141662597656,-0.0212433152418556,1.6119415578478986,-2.464503045687366,-2.197957957645193,-1.135253556499711,0.8444462002684524,0.0231694186623434,2.55006490607497,0.106328143250225,1.676183812147586
30.0,279.0,130.0596923828125,-0.0216148007700014,1.610948044221752,-2.4645422094710323,-2.1976642164101383,-1.1352048186484744,0.8444218367418,0.0227316829238271,2.549324545403307,0.1044551057839413,1.6714983973159967
30.0,279.0,130.0521697998047,-0.021837896204934,1.6108005392209943,-2.464287198237784,-2.1971095118248147,-1.1354381243584035,0.8419637464839672,0.0198251679102519,2.5446994121754893,0.0898697344598727,1.6374183020817243
30.0,279.0,130.05735778808594,-0.0216987655410684,1.611153473574213,-2.4647858427467133,-2.1972850871953944,-1.1354714165882256,0.8437218230452876,0.021275635647774,2.548152071608001,0.0987243374474082,1.653118811171982
30.0,279.0,130.06600952148438,-0.0211178222070299,1.6103847759290266,-2.4644209921066222,-2.197451737189725,-1.1360195367760717,0.84494901713653,0.0235738133036352,2.551092969434705,0.1096924112457049,1.689501870068402
30.0,279.0,130.05589294433594,-0.0216298896534032,1.6107407929352149,-2.4630545530515104,-2.1968198299640367,-1.1365689623990551,0.8436385931309879,0.0216535153577728,2.547162386054556,0.0977362672142885,1.6542547085469437
30.0,280.0,130.05825805664062,-0.0217202972559392,1.6117173297878078,-2.4642168081770874,-2.19744917026364,-1.135342214416958,0.8442943930644615,0.0214855144662067,2.5474916743788345,0.1028813051085165,1.6683754637102135
30.0,280.0,130.0526580810547,-0.0217402988686517,1.6112151859835877,-2.4638001797931675,-2.1978273337732865,-1.1365721435403409,0.8426049009994537,0.0213264706407362,2.546209474122769,0.0927142991291334,1.638568932844537
30.0,280.0,130.05189514160156,-0.0218450816812363,1.611179748604774,-2.464757349711861,-2.197647265221664,-1.1370279797446077,0.8422263105257055,0.0213702045564558,2.545054172228693,0.0876247171518467,1.626929803763966
30.0,280.0,205.40724182128903,-1.2471719392371754,0.7338063691250966,-3.6956164114227614,-2.6893020048638974,-1.4361633841990469,0.7509499775402746,-0.0265320376388999,2.5844589496606782,0.2214973721181175,2.0621365244733765
30.0,280.0,130.06472778320312,-0.0214576293234495,1.6104123691719217,-2.463362841632002,-2.198039120567876,-1.1370667547619773,0.8457106580397326,0.0207787291329814,2.543933504451902,0.0987445479078411,1.6607912794236137
30.0,280.0,130.05508422851562,-0.0215851316306924,1.61138171357318,-2.464436130140352,-2.1973453218199817,-1.1351219749052324,0.8436844993817694,0.0216133617484546,2.547344852251074,0.0988131358683905,1.6588438768966018
30.0,280.0,130.06317138671875,-0.0214908486386406,1.6119646848450615,-2.464259312106244,-2.197573074584596,-1.135017991129897,0.8452881582951637,0.0238173310964382,2.551662452147406,0.1076228111777817,1.682164242503162
30.0,280.0,130.0622100830078,-0.0212112085904558,1.611940247268468,-2.464490530464323,-2.197534450090945,-1.135232296614472,0.8444980945704282,0.0231527330762314,2.5503785109304413,0.1073296986095062,1.6817504512190222
30.0,280.0,130.07180786132812,-0.0198385588222231,1.613399746182087,-2.462447093375754,-2.1980275329727466,-1.133904304055262,0.846753119792344,0.0232432009304832,2.55281013637525,0.1129654286504708,1.6988241965863846
30.0,280.0,217.80987548828125,-0.7399219093249991,0.6265199654248446,-3.3812386568411683,-3.115740592719888,-2.4970438835882924,0.4187495791001843,-0.1164287251613381,2.541142812644273,0.2703581298861386,2.0687642066891287
30.0,280.0,193.84164428710932,-0.2284010159949239,1.254985395882912,-2.7269330474421305,-2.062439529102285,-1.1192821284253744,0.7984072486439088,-0.0266891164844478,2.5659322521901795,0.1754660780234186,2.1465596423882265
30.0,280.0,130.0603485107422,-0.02166554888059,1.6116303742418878,-2.464433927833505,-2.1978671500740945,-1.1351945218100812,0.8445367092578658,0.0222050674800915,2.5500934509426303,0.1052217898583862,1.6741746615755806
30.0,280.0,130.0633544921875,-0.021581890070503,1.6114133897639322,-2.463166010348864,-2.197431660885488,-1.1378584604047215,0.8438059224279394,0.0244732499642736,2.5485616842407364,0.1002806707723448,1.6611699213085505
30.0,280.0,130.05943298339844,-0.0219935388981424,1.611654784197548,-2.464391722081144,-2.1978621726399625,-1.135164740549237,0.8441647053313863,0.0216243961061352,2.548972819704615,0.1042794801072972,1.672657701329092
30.0,280.0,130.06382751464844,-0.0210768488679159,1.6115787991621522,-2.4645104577406944,-2.196788547789148,-1.1355815644650034,0.8447191841079633,0.0238637801295413,2.551499621966451,0.1068880356271441,1.6810068068410342
30.0,280.0,130.07928466796875,-0.0260575111717201,1.6101996732202797,-2.464525477493161,-2.1972242671767823,-1.1327676171862628,0.8495841317060162,0.0234409887596069,2.5506852741713866,0.1075453170498392,1.6798955848567605
30.0,280.0,130.0653839111328,-0.0231219636708352,1.6080425883743577,-2.4635875197601624,-2.1979258788217124,-1.1343142805681004,0.8417021938848681,0.0213223785642481,2.545977189113875,0.0878389208765453,1.6284885020666553
30.0,280.0,130.06192016601562,-0.0212227208284233,1.6121891393135834,-2.4644960529301425,-2.197557934395194,-1.1352402371828656,0.8448065255323579,0.023225858376605,2.550122352548509,0.1069361541826877,1.6781502357479896
30.0,280.0,130.05763244628906,-0.0213865066144634,1.6114322893141728,-2.463010226486656,-2.198162092939369,-1.135330528921833,0.8442408238999735,0.0208519602983867,2.547826913251565,0.1010167833852269,1.661960286207093
30.0,280.0,130.06198120117188,-0.0210899150349713,1.6096287085526484,-2.463767058446708,-2.1982630299713706,-1.134653084841088,0.8436530236866489,0.022693525749956,2.5479967623106274,0.0946474425726052,1.641959191509462
30.0,280.0,130.05508422851562,-0.0215917127502649,1.6113969438955726,-2.4642392622748908,-2.1972729137267453,-1.1354305819137127,0.8436862674534593,0.0215826127776874,2.5476425025102127,0.0990705395538166,1.6571212981112315
30.0,280.0,130.0655059814453,-0.0216442792306624,1.6115472454915154,-2.4644560075101203,-2.197671096632594,-1.1346695875175137,0.8448782893560365,0.0222511814709475,2.537176316337721,0.0840598017272978,1.623984577900644
30.0,280.0,130.05929565429688,-0.0229840345625731,1.6114034778586277,-2.463135100989458,-2.198956107014004,-1.1353923691199106,0.8443713943623992,0.0212979526481876,2.546670261713997,0.1009693553300359,1.66404534010716
30.0,280.0,130.06942749023438,-0.0219468168281905,1.61087327670683,-2.464344881917185,-2.1980714789687594,-1.1345717054621771,0.8458179531935374,0.0230429432536251,2.5519848361959903,0.1126151471956707,1.691251380271957
30.0,280.0,130.0575408935547,-0.021527892421395,1.6115680867118432,-2.464080063253406,-2.197770591502357,-1.1355609915311538,0.8441603384137748,0.0215621391719984,2.5483352543911977,0.1025906693272762,1.6664693592658557
30.0,280.0,130.05018615722656,-0.0216780294188571,1.61076430155581,-2.464502104028384,-2.1972578821756263,-1.135852597588053,0.8430317501244861,0.0196518610068411,2.5448655550674406,0.0917289125520039,1.6408397785802793
30.0,280.0,134.65853881835938,-0.0149515367517057,1.5661097250296714,-2.4670894405334267,-2.2856499264034498,-1.1368619716963724,0.8378561469174305,0.0179334477093134,2.544067306792146,0.0916786170879056,1.6362340202049148
30.0,280.0,240.0376892089844,-0.818985015422538,0.7325545795717203,-3.463958090524869,-3.1745869837099026,-1.9281247841715203,0.2058466922336207,-0.3766659363291286,2.6001316734345754,0.2265875295001577,2.1979228280822705
30.0,280.0,130.06130981445312,-0.0216142234234416,1.611941311973024,-2.464798408174317,-2.197471051246846,-1.1351544359745211,0.8443040384815177,0.0236204972586364,2.5489907340305056,0.103108024306166,1.672783223110942
30.0,280.0,130.0700225830078,-0.021554109745988,1.6120439753754856,-2.4634945447088183,-2.1977249787071043,-1.1359977360920583,0.8464675320695966,0.0248784910245729,2.5535928169217965,0.114511753033331,1.699528858876211
30.0,280.0,130.06771850585938,-0.0212937730914956,1.6122709198500875,-2.464560585489906,-2.197786618314241,-1.1359934261997726,0.8459951570172819,0.0233432106041645,2.552007270481794,0.1121948788892302,1.694829161136428
30.0,280.0,130.05477905273438,-0.0214219252466692,1.6101425209654627,-2.4632407185319285,-2.1977235187479844,-1.1362119717563175,0.8432030875190504,0.0213767626717497,2.545003413854688,0.0961599312823348,1.649227676946242
30.0,280.0,130.0648651123047,-0.0209586972021701,1.6118468861961923,-2.464104249831065,-2.197373122657018,-1.1337570303689364,0.8454771529024306,0.0245756504370924,2.551118384301476,0.1032619142561943,1.665766227152196
30.0,280.0,130.05149841308594,-0.0218220913332556,1.6107667522899078,-2.4646424463501773,-2.1976716950952464,-1.1369488574279918,0.8437535566489323,0.0210253858535924,2.5447770656825885,0.0903371306638779,1.6293915198482087
30.0,280.0,130.0591278076172,-0.0216652174014381,1.6117185220728425,-2.463682103283752,-2.197851750715832,-1.1353838343319864,0.8442095501150251,0.0209804605194346,2.548019756429247,0.1036383784919287,1.6706206341096168
30.0,280.0,130.0558319091797,-0.02142506060963,1.611353403827015,-2.464690564325593,-2.1966773709083736,-1.136949504483431,0.8433222503402822,0.0215086772537168,2.546366898858368,0.0980053628216621,1.6538123037939174
30.0,280.0,242.24465942382807,-0.6765068837044388,0.5731721926803546,-3.182363211629109,-3.115613068305457,-2.833970604240305,0.5175124438082294,-0.1119189164304249,2.549271617641784,0.2717736279602655,1.804321352114272
30.0,280.0,210.119873046875,-0.7610068930568665,0.5642124147423887,-3.726421416211226,-2.7995431788777383,-1.3708891968054873,0.679066308131347,0.0234932080174868,2.5843400721228726,0.297657964549431,2.1950618999519365
30.0,280.0,130.06036376953125,-0.0222114267946533,1.6116323288251029,-2.464402269059958,-2.197912699246993,-1.1350247526561337,0.843738197651714,0.0224388104393285,2.5490722839911584,0.1046284445153567,1.674020022052375
30.0,280.0,130.05328369140625,-0.021026056650595,1.6121293363920024,-2.464485857240861,-2.1982380976220144,-1.1370088755695529,0.8424252744135111,0.0214213052597067,2.54582171118016,0.0887272267252966,1.6315504901130755
30.0,280.0,205.575927734375,-0.8160173862793221,0.5906195673798553,-3.5501247184478806,-2.9220737949502533,-1.5276746941164658,0.7254873283981647,-0.0189028447691116,2.5943872451814447,0.2168908645567235,1.9760531472632008
30.0,280.0,130.06155395507812,-0.0215775363063054,1.611061185960011,-2.46501310085066,-2.197849701455941,-1.1349559228665942,0.8447758799481386,0.0219390213677063,2.5499945537550204,0.1062423555714915,1.677097478901885
30.0,280.0,130.0637969970703,-0.0208902406005644,1.6119734742103369,-2.464446091986895,-2.19710559809524,-1.1354421638064411,0.8450584025667578,0.0238041773645564,2.5516346855106327,0.107609505980238,1.6832541798756713
30.0,280.0,130.0644989013672,-0.0214179248292399,1.6128069766293551,-2.4646694673254155,-2.1997187233409914,-1.1352310118191995,0.8457633145446949,0.0229521221883603,2.5498708094247298,0.1066708785567443,1.680784104787331
30.0,280.0,130.06141662597656,-0.0212433152418556,1.6119415578478986,-2.464503045687366,-2.197957957645193,-1.135253556499711,0.8444462002684524,0.0231694186623434,2.55006490607497,0.106328143250225,1.676183812147586
30.0,280.0,130.0596923828125,-0.0216148007700014,1.610948044221752,-2.4645422094710323,-2.1976642164101383,-1.1352048186484744,0.8444218367418,0.0227316829238271,2.549324545403307,0.1044551057839413,1.6714983973159967
30.0,280.0,130.0521697998047,-0.021837896204934,1.6108005392209943,-2.464287198237784,-2.1971095118248147,-1.1354381243584035,0.8419637464839672,0.0198251679102519,2.5446994121754893,0.0898697344598727,1.6374183020817243
30.0,280.0,130.05735778808594,-0.0216987655410684,1.611153473574213,-2.4647858427467133,-2.1972850871953944,-1.1354714165882256,0.8437218230452876,0.021275635647774,2.548152071608001,0.0987243374474082,1.653118811171982
30.0,280.0,130.06600952148438,-0.0211178222070299,1.6103847759290266,-2.4644209921066222,-2.197451737189725,-1.1360195367760717,0.84494901713653,0.0235738133036352,2.551092969434705,0.1096924112457049,1.689501870068402
30.0,280.0,130.05589294433594,-0.0216298896534032,1.6107407929352149,-2.4630545530515104,-2.1968198299640367,-1.1365689623990551,0.8436385931309879,0.0216535153577728,2.547162386054556,0.0977362672142885,1.6542547085469437
30.0,281.0,130.05825805664062,-0.0217202972559392,1.6117173297878078,-2.4642168081770874,-2.19744917026364,-1.135342214416958,0.8442943930644615,0.0214855144662067,2.5474916743788345,0.1028813051085165,1.6683754637102135
30.0,281.0,130.0526580810547,-0.0217402988686517,1.6112151859835877,-2.4638001797931675,-2.1978273337732865,-1.1365721435403409,0.8426049009994537,0.0213264706407362,2.546209474122769,0.0927142991291334,1.638568932844537
30.0,281.0,130.05189514160156,-0.0218450816812363,1.611179748604774,-2.464757349711861,-2.197647265221664,-1.1370279797446077,0.8422263105257055,0.0213702045564558,2.545054172228693,0.0876247171518467,1.626929803763966
30.0,281.0,205.40724182128903,-1.2471719392371754,0.7338063691250966,-3.6956164114227614,-2.6893020048638974,-1.4361633841990469,0.7509499775402746,-0.0265320376388999,2.5844589496606782,0.2214973721181175,2.0621365244733765
30.0,281.0,130.06472778320312,-0.0214576293234495,1.6104123691719217,-2.463362841632002,-2.198039120567876,-1.1370667547619773,0.8457106580397326,0.0207787291329814,2.543933504451902,0.0987445479078411,1.6607912794236137
30.0,281.0,130.05508422851562,-0.0215851316306924,1.61138171357318,-2.464436130140352,-2.1973453218199817,-1.1351219749052324,0.8436844993817694,0.0216133617484546,2.547344852251074,0.0988131358683905,1.6588438768966018
30.0,281.0,130.06317138671875,-0.0214908486386406,1.6119646848450615,-2.464259312106244,-2.197573074584596,-1.135017991129897,0.8452881582951637,0.0238173310964382,2.551662452147406,0.1076228111777817,1.682164242503162
30.0,281.0,130.0622100830078,-0.0212112085904558,1.611940247268468,-2.464490530464323,-2.197534450090945,-1.135232296614472,0.8444980945704282,0.0231527330762314,2.5503785109304413,0.1073296986095062,1.6817504512190222
30.0,281.0,130.07180786132812,-0.0198385588222231,1.613399746182087,-2.462447093375754,-2.1980275329727466,-1.133904304055262,0.846753119792344,0.0232432009304832,2.55281013637525,0.1129654286504708,1.6988241965863846
30.0,281.0,217.80987548828125,-0.7399219093249991,0.6265199654248446,-3.3812386568411683,-3.115740592719888,-2.4970438835882924,0.4187495791001843,-0.1164287251613381,2.541142812644273,0.2703581298861386,2.0687642066891287
30.0,281.0,193.84164428710932,-0.2284010159949239,1.254985395882912,-2.7269330474421305,-2.062439529102285,-1.1192821284253744,0.7984072486439088,-0.0266891164844478,2.5659322521901795,0.1754660780234186,2.1465596423882265
30.0,281.0,130.0603485107422,-0.02166554888059,1.6116303742418878,-2.464433927833505,-2.1978671500740945,-1.1351945218100812,0.8445367092578658,0.0222050674800915,2.5500934509426303,0.1052217898583862,1.6741746615755806
30.0,281.0,130.0633544921875,-0.021581890070503,1.6114133897639322,-2.463166010348864,-2.197431660885488,-1.1378584604047215,0.8438059224279394,0.0244732499642736,2.5485616842407364,0.1002806707723448,1.6611699213085505
30.0,281.0,130.05943298339844,-0.0219935388981424,1.611654784197548,-2.464391722081144,-2.1978621726399625,-1.135164740549237,0.8441647053313863,0.0216243961061352,2.548972819704615,0.1042794801072972,1.672657701329092
30.0,281.0,130.06382751464844,-0.0210768488679159,1.6115787991621522,-2.4645104577406944,-2.196788547789148,-1.1355815644650034,0.8447191841079633,0.0238637801295413,2.551499621966451,0.1068880356271441,1.6810068068410342
30.0,281.0,130.07928466796875,-0.0260575111717201,1.6101996732202797,-2.464525477493161,-2.1972242671767823,-1.1327676171862628,0.8495841317060162,0.0234409887596069,2.5506852741713866,0.1075453170498392,1.6798955848567605
30.0,281.0,130.06385803222656,-0.0207845144988244,1.609175741743266,-2.464972770697257,-2.195058536896258,-1.1372753445055226,0.8449675246507692,0.0210866994224712,2.545396144675708,0.0882266646997308,1.6257026224289657
30.0,281.0,130.06192016601562,-0.0212227208284233,1.6121891393135834,-2.4644960529301425,-2.197557934395194,-1.1352402371828656,0.8448065255323579,0.023225858376605,2.550122352548509,0.1069361541826877,1.6781502357479896
30.0,281.0,130.05763244628906,-0.0213865066144634,1.6114322893141728,-2.463010226486656,-2.198162092939369,-1.135330528921833,0.8442408238999735,0.0208519602983867,2.547826913251565,0.1010167833852269,1.661960286207093
30.0,281.0,130.06198120117188,-0.0210899150349713,1.6096287085526484,-2.463767058446708,-2.1982630299713706,-1.134653084841088,0.8436530236866489,0.022693525749956,2.5479967623106274,0.0946474425726052,1.641959191509462
30.0,281.0,130.05508422851562,-0.0215917127502649,1.6113969438955726,-2.4642392622748908,-2.1972729137267453,-1.1354305819137127,0.8436862674534593,0.0215826127776874,2.5476425025102127,0.0990705395538166,1.6571212981112315
30.0,281.0,130.0655059814453,-0.0216442792306624,1.6115472454915154,-2.4644560075101203,-2.197671096632594,-1.1346695875175137,0.8448782893560365,0.0222511814709475,2.537176316337721,0.0840598017272978,1.623984577900644
30.0,281.0,130.05929565429688,-0.0229840345625731,1.6114034778586277,-2.463135100989458,-2.198956107014004,-1.1353923691199106,0.8443713943623992,0.0212979526481876,2.546670261713997,0.1009693553300359,1.66404534010716
30.0,281.0,130.06942749023438,-0.0219468168281905,1.61087327670683,-2.464344881917185,-2.1980714789687594,-1.1345717054621771,0.8458179531935374,0.0230429432536251,2.5519848361959903,0.1126151471956707,1.691251380271957
30.0,281.0,130.0575408935547,-0.021527892421395,1.6115680867118432,-2.464080063253406,-2.197770591502357,-1.1355609915311538,0.8441603384137748,0.0215621391719984,2.5483352543911977,0.1025906693272762,1.6664693592658557
30.0,281.0,130.05018615722656,-0.0216780294188571,1.61076430155581,-2.464502104028384,-2.1972578821756263,-1.135852597588053,0.8430317501244861,0.0196518610068411,2.5448655550674406,0.0917289125520039,1.6408397785802793
30.0,281.0,131.97169494628906,-0.0148073069132766,1.5866807019921452,-2.460253630056997,-2.144121084019603,-1.1348436964957238,0.839807897244258,0.0186739380895609,2.544840490506795,0.0967100890323145,1.6327854080466724
30.0,281.0,240.0376892089844,-0.818985015422538,0.7325545795717203,-3.463958090524869,-3.1745869837099026,-1.9281247841715203,0.2058466922336207,-0.3766659363291286,2.6001316734345754,0.2265875295001577,2.1979228280822705
30.0,281.0,130.06130981445312,-0.0216142234234416,1.611941311973024,-2.464798408174317,-2.197471051246846,-1.1351544359745211,0.8443040384815177,0.0236204972586364,2.5489907340305056,0.103108024306166,1.672783223110942
30.0,281.0,130.0700225830078,-0.021554109745988,1.6120439753754856,-2.4634945447088183,-2.1977249787071043,-1.1359977360920583,0.8464675320695966,0.0248784910245729,2.5535928169217965,0.114511753033331,1.699528858876211
30.0,281.0,130.05935668945312,-0.0216511406840057,1.6119812574479029,-2.464448923052997,-2.1974445580510444,-1.1352094491671982,0.8446952908803955,0.0205431463808236,2.547839977542455,0.0938224631177049,1.6486046986824696
30.0,281.0,130.05477905273438,-0.0214219252466692,1.6101425209654627,-2.4632407185319285,-2.1977235187479844,-1.1362119717563175,0.8432030875190504,0.0213767626717497,2.545003413854688,0.0961599312823348,1.649227676946242
30.0,281.0,130.0648651123047,-0.0209586972021701,1.6118468861961923,-2.464104249831065,-2.197373122657018,-1.1337570303689364,0.8454771529024306,0.0245756504370924,2.551118384301476,0.1032619142561943,1.665766227152196
30.0,281.0,130.05149841308594,-0.0218220913332556,1.6107667522899078,-2.4646424463501773,-2.1976716950952464,-1.1369488574279918,0.8437535566489323,0.0210253858535924,2.5447770656825885,0.0903371306638779,1.6293915198482087
30.0,281.0,130.0591278076172,-0.0216652174014381,1.6117185220728425,-2.463682103283752,-2.197851750715832,-1.1353838343319864,0.8442095501150251,0.0209804605194346,2.548019756429247,0.1036383784919287,1.6706206341096168
30.0,281.0,130.0558319091797,-0.02142506060963,1.611353403827015,-2.464690564325593,-2.1966773709083736,-1.136949504483431,0.8433222503402822,0.0215086772537168,2.546366898858368,0.0980053628216621,1.6538123037939174
30.0,281.0,242.24465942382807,-0.6765068837044388,0.5731721926803546,-3.182363211629109,-3.115613068305457,-2.833970604240305,0.5175124438082294,-0.1119189164304249,2.549271617641784,0.2717736279602655,1.804321352114272
30.0,281.0,210.119873046875,-0.7610068930568665,0.5642124147423887,-3.726421416211226,-2.7995431788777383,-1.3708891968054873,0.679066308131347,0.0234932080174868,2.5843400721228726,0.297657964549431,2.1950618999519365
30.0,281.0,130.06036376953125,-0.0222114267946533,1.6116323288251029,-2.464402269059958,-2.197912699246993,-1.1350247526561337,0.843738197651714,0.0224388104393285,2.5490722839911584,0.1046284445153567,1.674020022052375
30.0,281.0,130.05328369140625,-0.021026056650595,1.6121293363920024,-2.464485857240861,-2.1982380976220144,-1.1370088755695529,0.8424252744135111,0.0214213052597067,2.54582171118016,0.0887272267252966,1.6315504901130755
30.0,281.0,205.575927734375,-0.8160173862793221,0.5906195673798553,-3.5501247184478806,-2.9220737949502533,-1.5276746941164658,0.7254873283981647,-0.0189028447691116,2.5943872451814447,0.2168908645567235,1.9760531472632008
30.0,281.0,130.06155395507812,-0.0215775363063054,1.611061185960011,-2.46501310085066,-2.197849701455941,-1.1349559228665942,0.8447758799481386,0.0219390213677063,2.5499945537550204,0.1062423555714915,1.677097478901885
30.0,281.0,130.0637969970703,-0.0208902406005644,1.6119734742103369,-2.464446091986895,-2.19710559809524,-1.1354421638064411,0.8450584025667578,0.0238041773645564,2.5516346855106327,0.107609505980238,1.6832541798756713
30.0,281.0,130.0644989013672,-0.0214179248292399,1.6128069766293551,-2.4646694673254155,-2.1997187233409914,-1.1352310118191995,0.8457633145446949,0.0229521221883603,2.5498708094247298,0.1066708785567443,1.680784104787331
30.0,281.0,130.06141662597656,-0.0212433152418556,1.6119415578478986,-2.464503045687366,-2.197957957645193,-1.135253556499711,0.8444462002684524,0.0231694186623434,2.55006490607497,0.106328143250225,1.676183812147586
30.0,281.0,130.0596923828125,-0.0216148007700014,1.610948044221752,-2.4645422094710323,-2.1976642164101383,-1.1352048186484744,0.8444218367418,0.0227316829238271,2.549324545403307,0.1044551057839413,1.6714983973159967
30.0,281.0,130.04888916015625,-0.021883906985149,1.6107591176043017,-2.464564565714871,-2.1978044637859124,-1.1359348130316478,0.843390234702034,0.0203300050789397,2.544834667546148,0.0916498527891816,1.6361684038912965
30.0,281.0,130.05735778808594,-0.0216987655410684,1.611153473574213,-2.4647858427467133,-2.1972850871953944,-1.1354714165882256,0.8437218230452876,0.021275635647774,2.548152071608001,0.0987243374474082,1.653118811171982
30.0,281.0,130.06600952148438,-0.0211178222070299,1.6103847759290266,-2.4644209921066222,-2.197451737189725,-1.1360195367760717,0.84494901713653,0.0235738133036352,2.551092969434705,0.1096924112457049,1.689501870068402
30.0,281.0,130.05589294433594,-0.0216298896534032,1.6107407929352149,-2.4630545530515104,-2.1968198299640367,-1.1365689623990551,0.8436385931309879,0.0216535153577728,2.547162386054556,0.0977362672142885,1.6542547085469437
30.0,282.0,130.05825805664062,-0.0217202972559392,1.6117173297878078,-2.4642168081770874,-2.19744917026364,-1.135342214416958,0.8442943930644615,0.0214855144662067,2.5474916743788345,0.1028813051085165,1.6683754637102135
30.0,282.0,130.0526580810547,-0.0217402988686517,1.6112151859835877,-2.4638001797931675,-2.1978273337732865,-1.1365721435403409,0.8426049009994537,0.0213264706407362,2.546209474122769,0.0927142991291334,1.638568932844537
30.0,282.0,130.05189514160156,-0.0218450816812363,1.611179748604774,-2.464757349711861,-2.197647265221664,-1.1370279797446077,0.8422263105257055,0.0213702045564558,2.545054172228693,0.0876247171518467,1.626929803763966
30.0,282.0,205.40724182128903,-1.2471719392371754,0.7338063691250966,-3.6956164114227614,-2.6893020048638974,-1.4361633841990469,0.7509499775402746,-0.0265320376388999,2.5844589496606782,0.2214973721181175,2.0621365244733765
30.0,282.0,130.06472778320312,-0.0214576293234495,1.6104123691719217,-2.463362841632002,-2.198039120567876,-1.1370667547619773,0.8457106580397326,0.0207787291329814,2.543933504451902,0.0987445479078411,1.6607912794236137
30.0,282.0,130.05508422851562,-0.0215851316306924,1.61138171357318,-2.464436130140352,-2.1973453218199817,-1.1351219749052324,0.8436844993817694,0.0216133617484546,2.547344852251074,0.0988131358683905,1.6588438768966018
30.0,282.0,130.06317138671875,-0.0214908486386406,1.6119646848450615,-2.464259312106244,-2.197573074584596,-1.135017991129897,0.8452881582951637,0.0238173310964382,2.551662452147406,0.1076228111777817,1.682164242503162
30.0,282.0,130.0622100830078,-0.0212112085904558,1.611940247268468,-2.464490530464323,-2.197534450090945,-1.135232296614472,0.8444980945704282,0.0231527330762314,2.5503785109304413,0.1073296986095062,1.6817504512190222
30.0,282.0,130.07180786132812,-0.0198385588222231,1.613399746182087,-2.462447093375754,-2.1980275329727466,-1.133904304055262,0.846753119792344,0.0232432009304832,2.55281013637525,0.1129654286504708,1.6988241965863846
30.0,282.0,217.80987548828125,-0.7399219093249991,0.6265199654248446,-3.3812386568411683,-3.115740592719888,-2.4970438835882924,0.4187495791001843,-0.1164287251613381,2.541142812644273,0.2703581298861386,2.0687642066891287
30.0,282.0,193.84164428710932,-0.2284010159949239,1.254985395882912,-2.7269330474421305,-2.062439529102285,-1.1192821284253744,0.7984072486439088,-0.0266891164844478,2.5659322521901795,0.1754660780234186,2.1465596423882265
30.0,282.0,130.0603485107422,-0.02166554888059,1.6116303742418878,-2.464433927833505,-2.1978671500740945,-1.1351945218100812,0.8445367092578658,0.0222050674800915,2.5500934509426303,0.1052217898583862,1.6741746615755806
30.0,282.0,130.0633544921875,-0.021581890070503,1.6114133897639322,-2.463166010348864,-2.197431660885488,-1.1378584604047215,0.8438059224279394,0.0244732499642736,2.5485616842407364,0.1002806707723448,1.6611699213085505
30.0,282.0,130.05943298339844,-0.0219935388981424,1.611654784197548,-2.464391722081144,-2.1978621726399625,-1.135164740549237,0.8441647053313863,0.0216243961061352,2.548972819704615,0.1042794801072972,1.672657701329092
30.0,282.0,130.06382751464844,-0.0210768488679159,1.6115787991621522,-2.4645104577406944,-2.196788547789148,-1.1355815644650034,0.8447191841079633,0.0238637801295413,2.551499621966451,0.1068880356271441,1.6810068068410342
30.0,282.0,130.07928466796875,-0.0260575111717201,1.6101996732202797,-2.464525477493161,-2.1972242671767823,-1.1327676171862628,0.8495841317060162,0.0234409887596069,2.5506852741713866,0.1075453170498392,1.6798955848567605
30.0,282.0,130.06385803222656,-0.0207845144988244,1.609175741743266,-2.464972770697257,-2.195058536896258,-1.1372753445055226,0.8449675246507692,0.0210866994224712,2.545396144675708,0.0882266646997308,1.6257026224289657
30.0,282.0,130.06192016601562,-0.0212227208284233,1.6121891393135834,-2.4644960529301425,-2.197557934395194,-1.1352402371828656,0.8448065255323579,0.023225858376605,2.550122352548509,0.1069361541826877,1.6781502357479896
30.0,282.0,130.05519104003906,-0.0219983876644044,1.6092941833699008,-2.4642473913342533,-2.197653361624013,-1.136039692690296,0.8450208135061612,0.0209736174617772,2.544002345169358,0.0926993574315831,1.6351943174162162
30.0,282.0,130.06198120117188,-0.0210899150349713,1.6096287085526484,-2.463767058446708,-2.1982630299713706,-1.134653084841088,0.8436530236866489,0.022693525749956,2.5479967623106274,0.0946474425726052,1.641959191509462
30.0,282.0,130.05508422851562,-0.0215917127502649,1.6113969438955726,-2.4642392622748908,-2.1972729137267453,-1.1354305819137127,0.8436862674534593,0.0215826127776874,2.5476425025102127,0.0990705395538166,1.6571212981112315
30.0,282.0,130.0655059814453,-0.0216442792306624,1.6115472454915154,-2.4644560075101203,-2.197671096632594,-1.1346695875175137,0.8448782893560365,0.0222511814709475,2.537176316337721,0.0840598017272978,1.623984577900644
30.0,282.0,130.05929565429688,-0.0229840345625731,1.6114034778586277,-2.463135100989458,-2.198956107014004,-1.1353923691199106,0.8443713943623992,0.0212979526481876,2.546670261713997,0.1009693553300359,1.66404534010716
30.0,282.0,130.06942749023438,-0.0219468168281905,1.61087327670683,-2.464344881917185,-2.1980714789687594,-1.1345717054621771,0.8458179531935374,0.0230429432536251,2.5519848361959903,0.1126151471956707,1.691251380271957
30.0,282.0,130.0575408935547,-0.021527892421395,1.6115680867118432,-2.464080063253406,-2.197770591502357,-1.1355609915311538,0.8441603384137748,0.0215621391719984,2.5483352543911977,0.1025906693272762,1.6664693592658557
30.0,282.0,130.05018615722656,-0.0216780294188571,1.61076430155581,-2.464502104028384,-2.1972578821756263,-1.135852597588053,0.8430317501244861,0.0196518610068411,2.5448655550674406,0.0917289125520039,1.6408397785802793
30.0,282.0,131.97169494628906,-0.0148073069132766,1.5866807019921452,-2.460253630056997,-2.144121084019603,-1.1348436964957238,0.839807897244258,0.0186739380895609,2.544840490506795,0.0967100890323145,1.6327854080466724
30.0,282.0,240.0376892089844,-0.818985015422538,0.7325545795717203,-3.463958090524869,-3.1745869837099026,-1.9281247841715203,0.2058466922336207,-0.3766659363291286,2.6001316734345754,0.2265875295001577,2.1979228280822705
30.0,282.0,130.06130981445312,-0.0216142234234416,1.611941311973024,-2.464798408174317,-2.197471051246846,-1.1351544359745211,0.8443040384815177,0.0236204972586364,2.5489907340305056,0.103108024306166,1.672783223110942
30.0,282.0,130.0700225830078,-0.021554109745988,1.6120439753754856,-2.4634945447088183,-2.1977249787071043,-1.1359977360920583,0.8464675320695966,0.0248784910245729,2.5535928169217965,0.114511753033331,1.699528858876211
30.0,282.0,130.05935668945312,-0.0216511406840057,1.6119812574479029,-2.464448923052997,-2.1974445580510444,-1.1352094491671982,0.8446952908803955,0.0205431463808236,2.547839977542455,0.0938224631177049,1.6486046986824696
30.0,282.0,130.05477905273438,-0.0214219252466692,1.6101425209654627,-2.4632407185319285,-2.1977235187479844,-1.1362119717563175,0.8432030875190504,0.0213767626717497,2.545003413854688,0.0961599312823348,1.649227676946242
30.0,282.0,130.0648651123047,-0.0209586972021701,1.6118468861961923,-2.464104249831065,-2.197373122657018,-1.1337570303689364,0.8454771529024306,0.0245756504370924,2.551118384301476,0.1032619142561943,1.665766227152196
30.0,282.0,130.05149841308594,-0.0218220913332556,1.6107667522899078,-2.4646424463501773,-2.1976716950952464,-1.1369488574279918,0.8437535566489323,0.0210253858535924,2.5447770656825885,0.0903371306638779,1.6293915198482087
30.0,282.0,130.0591278076172,-0.0216652174014381,1.6117185220728425,-2.463682103283752,-2.197851750715832,-1.1353838343319864,0.8442095501150251,0.0209804605194346,2.548019756429247,0.1036383784919287,1.6706206341096168
30.0,282.0,130.0558319091797,-0.02142506060963,1.611353403827015,-2.464690564325593,-2.1966773709083736,-1.136949504483431,0.8433222503402822,0.0215086772537168,2.546366898858368,0.0980053628216621,1.6538123037939174
30.0,282.0,242.24465942382807,-0.6765068837044388,0.5731721926803546,-3.182363211629109,-3.115613068305457,-2.833970604240305,0.5175124438082294,-0.1119189164304249,2.549271617641784,0.2717736279602655,1.804321352114272
30.0,282.0,210.119873046875,-0.7610068930568665,0.5642124147423887,-3.726421416211226,-2.7995431788777383,-1.3708891968054873,0.679066308131347,0.0234932080174868,2.5843400721228726,0.297657964549431,2.1950618999519365
30.0,282.0,130.06036376953125,-0.0222114267946533,1.6116323288251029,-2.464402269059958,-2.197912699246993,-1.1350247526561337,0.843738197651714,0.0224388104393285,2.5490722839911584,0.1046284445153567,1.674020022052375
30.0,282.0,130.0529022216797,-0.0216184069716816,1.6092194191534923,-2.4646804821872066,-2.198623234641492,-1.1360943304579223,0.8443942371878732,0.0213496681042151,2.5442255927796604,0.0898364602374043,1.6278012135831552
30.0,282.0,205.575927734375,-0.8160173862793221,0.5906195673798553,-3.5501247184478806,-2.9220737949502533,-1.5276746941164658,0.7254873283981647,-0.0189028447691116,2.5943872451814447,0.2168908645567235,1.9760531472632008
30.0,282.0,130.06155395507812,-0.0215775363063054,1.611061185960011,-2.46501310085066,-2.197849701455941,-1.1349559228665942,0.8447758799481386,0.0219390213677063,2.5499945537550204,0.1062423555714915,1.677097478901885
30.0,282.0,130.0637969970703,-0.0208902406005644,1.6119734742103369,-2.464446091986895,-2.19710559809524,-1.1354421638064411,0.8450584025667578,0.0238041773645564,2.5516346855106327,0.107609505980238,1.6832541798756713
30.0,282.0,130.0644989013672,-0.0214179248292399,1.6128069766293551,-2.4646694673254155,-2.1997187233409914,-1.1352310118191995,0.8457633145446949,0.0229521221883603,2.5498708094247298,0.1066708785567443,1.680784104787331
30.0,282.0,130.06141662597656,-0.0212433152418556,1.6119415578478986,-2.464503045687366,-2.197957957645193,-1.135253556499711,0.8444462002684524,0.0231694186623434,2.55006490607497,0.106328143250225,1.676183812147586
30.0,282.0,130.0596923828125,-0.0216148007700014,1.610948044221752,-2.4645422094710323,-2.1976642164101383,-1.1352048186484744,0.8444218367418,0.0227316829238271,2.549324545403307,0.1044551057839413,1.6714983973159967
30.0,282.0,130.04888916015625,-0.021883906985149,1.6107591176043017,-2.464564565714871,-2.1978044637859124,-1.1359348130316478,0.843390234702034,0.0203300050789397,2.544834667546148,0.0916498527891816,1.6361684038912965
30.0,282.0,130.05735778808594,-0.0216987655410684,1.611153473574213,-2.4647858427467133,-2.1972850871953944,-1.1354714165882256,0.8437218230452876,0.021275635647774,2.548152071608001,0.0987243374474082,1.653118811171982
30.0,282.0,130.06600952148438,-0.0211178222070299,1.6103847759290266,-2.4644209921066222,-2.197451737189725,-1.1360195367760717,0.84494901713653,0.0235738133036352,2.551092969434705,0.1096924112457049,1.689501870068402
30.0,282.0,130.05589294433594,-0.0216298896534032,1.6107407929352149,-2.4630545530515104,-2.1968198299640367,-1.1365689623990551,0.8436385931309879,0.0216535153577728,2.547162386054556,0.0977362672142885,1.6542547085469437
30.0,283.0,130.05825805664062,-0.0217202972559392,1.6117173297878078,-2.4642168081770874,-2.19744917026364,-1.135342214416958,0.8442943930644615,0.0214855144662067,2.5474916743788345,0.1028813051085165,1.6683754637102135
30.0,283.0,130.0526580810547,-0.0217402988686517,1.6112151859835877,-2.4638001797931675,-2.1978273337732865,-1.1365721435403409,0.8426049009994537,0.0213264706407362,2.546209474122769,0.0927142991291334,1.638568932844537
30.0,283.0,130.05189514160156,-0.0218450816812363,1.611179748604774,-2.464757349711861,-2.197647265221664,-1.1370279797446077,0.8422263105257055,0.0213702045564558,2.545054172228693,0.0876247171518467,1.626929803763966
30.0,283.0,205.40724182128903,-1.2471719392371754,0.7338063691250966,-3.6956164114227614,-2.6893020048638974,-1.4361633841990469,0.7509499775402746,-0.0265320376388999,2.5844589496606782,0.2214973721181175,2.0621365244733765
30.0,283.0,130.06472778320312,-0.0214576293234495,1.6104123691719217,-2.463362841632002,-2.198039120567876,-1.1370667547619773,0.8457106580397326,0.0207787291329814,2.543933504451902,0.0987445479078411,1.6607912794236137
30.0,283.0,130.05508422851562,-0.0215851316306924,1.61138171357318,-2.464436130140352,-2.1973453218199817,-1.1351219749052324,0.8436844993817694,0.0216133617484546,2.547344852251074,0.0988131358683905,1.6588438768966018
30.0,283.0,130.0630645751953,-0.0216732008648647,1.6104000746654863,-2.464311903911316,-2.197838001911028,-1.1338343355352851,0.8434963480397145,0.0203290343450785,2.547485600330873,0.0979554267298092,1.6621309960904656
30.0,283.0,130.0622100830078,-0.0212112085904558,1.611940247268468,-2.464490530464323,-2.197534450090945,-1.135232296614472,0.8444980945704282,0.0231527330762314,2.5503785109304413,0.1073296986095062,1.6817504512190222
30.0,283.0,130.07180786132812,-0.0198385588222231,1.613399746182087,-2.462447093375754,-2.1980275329727466,-1.133904304055262,0.846753119792344,0.0232432009304832,2.55281013637525,0.1129654286504708,1.6988241965863846
30.0,283.0,217.80987548828125,-0.7399219093249991,0.6265199654248446,-3.3812386568411683,-3.115740592719888,-2.4970438835882924,0.4187495791001843,-0.1164287251613381,2.541142812644273,0.2703581298861386,2.0687642066891287
30.0,283.0,193.84164428710932,-0.2284010159949239,1.254985395882912,-2.7269330474421305,-2.062439529102285,-1.1192821284253744,0.7984072486439088,-0.0266891164844478,2.5659322521901795,0.1754660780234186,2.1465596423882265
30.0,283.0,130.0603485107422,-0.02166554888059,1.6116303742418878,-2.464433927833505,-2.1978671500740945,-1.1351945218100812,0.8445367092578658,0.0222050674800915,2.5500934509426303,0.1052217898583862,1.6741746615755806
30.0,283.0,130.0633544921875,-0.021581890070503,1.6114133897639322,-2.463166010348864,-2.197431660885488,-1.1378584604047215,0.8438059224279394,0.0244732499642736,2.5485616842407364,0.1002806707723448,1.6611699213085505
30.0,283.0,130.05943298339844,-0.0219935388981424,1.611654784197548,-2.464391722081144,-2.1978621726399625,-1.135164740549237,0.8441647053313863,0.0216243961061352,2.548972819704615,0.1042794801072972,1.672657701329092
30.0,283.0,130.06382751464844,-0.0210768488679159,1.6115787991621522,-2.4645104577406944,-2.196788547789148,-1.1355815644650034,0.8447191841079633,0.0238637801295413,2.551499621966451,0.1068880356271441,1.6810068068410342
30.0,283.0,130.07928466796875,-0.0260575111717201,1.6101996732202797,-2.464525477493161,-2.1972242671767823,-1.1327676171862628,0.8495841317060162,0.0234409887596069,2.5506852741713866,0.1075453170498392,1.6798955848567605
30.0,283.0,130.06385803222656,-0.0207845144988244,1.609175741743266,-2.464972770697257,-2.195058536896258,-1.1372753445055226,0.8449675246507692,0.0210866994224712,2.545396144675708,0.0882266646997308,1.6257026224289657
30.0,283.0,130.06192016601562,-0.0212227208284233,1.6121891393135834,-2.4644960529301425,-2.197557934395194,-1.1352402371828656,0.8448065255323579,0.023225858376605,2.550122352548509,0.1069361541826877,1.6781502357479896
30.0,283.0,130.0507049560547,-0.02203528002609,1.6128803060558712,-2.46384551856532,-2.197788609821296,-1.1356840742879029,0.8434434179520981,0.0199142467318659,2.544202544318176,0.0904125066153748,1.6393228109306763
30.0,283.0,130.06198120117188,-0.0210899150349713,1.6096287085526484,-2.463767058446708,-2.1982630299713706,-1.134653084841088,0.8436530236866489,0.022693525749956,2.5479967623106274,0.0946474425726052,1.641959191509462
30.0,283.0,130.05508422851562,-0.0215917127502649,1.6113969438955726,-2.4642392622748908,-2.1972729137267453,-1.1354305819137127,0.8436862674534593,0.0215826127776874,2.5476425025102127,0.0990705395538166,1.6571212981112315
30.0,283.0,130.0655059814453,-0.0216442792306624,1.6115472454915154,-2.4644560075101203,-2.197671096632594,-1.1346695875175137,0.8448782893560365,0.0222511814709475,2.537176316337721,0.0840598017272978,1.623984577900644
30.0,283.0,130.05929565429688,-0.0229840345625731,1.6114034778586277,-2.463135100989458,-2.198956107014004,-1.1353923691199106,0.8443713943623992,0.0212979526481876,2.546670261713997,0.1009693553300359,1.66404534010716
30.0,283.0,130.06942749023438,-0.0219468168281905,1.61087327670683,-2.464344881917185,-2.1980714789687594,-1.1345717054621771,0.8458179531935374,0.0230429432536251,2.5519848361959903,0.1126151471956707,1.691251380271957
30.0,283.0,130.0575408935547,-0.021527892421395,1.6115680867118432,-2.464080063253406,-2.197770591502357,-1.1355609915311538,0.8441603384137748,0.0215621391719984,2.5483352543911977,0.1025906693272762,1.6664693592658557
30.0,283.0,130.05018615722656,-0.0216780294188571,1.61076430155581,-2.464502104028384,-2.1972578821756263,-1.135852597588053,0.8430317501244861,0.0196518610068411,2.5448655550674406,0.0917289125520039,1.6408397785802793
30.0,283.0,131.23143005371094,-0.0370790621719912,1.6278829851661158,-2.465691783876367,-2.239380510313968,-1.1367103067117774,0.8436470634157629,0.0214187511971623,2.5447809874125094,0.0979965493975202,1.637440484631764
30.0,283.0,240.0376892089844,-0.818985015422538,0.7325545795717203,-3.463958090524869,-3.1745869837099026,-1.9281247841715203,0.2058466922336207,-0.3766659363291286,2.6001316734345754,0.2265875295001577,2.1979228280822705
30.0,283.0,130.06130981445312,-0.0216142234234416,1.611941311973024,-2.464798408174317,-2.197471051246846,-1.1351544359745211,0.8443040384815177,0.0236204972586364,2.5489907340305056,0.103108024306166,1.672783223110942
30.0,283.0,130.0700225830078,-0.021554109745988,1.6120439753754856,-2.4634945447088183,-2.1977249787071043,-1.1359977360920583,0.8464675320695966,0.0248784910245729,2.5535928169217965,0.114511753033331,1.699528858876211
30.0,283.0,130.05935668945312,-0.0216511406840057,1.6119812574479029,-2.464448923052997,-2.1974445580510444,-1.1352094491671982,0.8446952908803955,0.0205431463808236,2.547839977542455,0.0938224631177049,1.6486046986824696
30.0,283.0,130.05477905273438,-0.0214219252466692,1.6101425209654627,-2.4632407185319285,-2.1977235187479844,-1.1362119717563175,0.8432030875190504,0.0213767626717497,2.545003413854688,0.0961599312823348,1.649227676946242
30.0,283.0,130.0648651123047,-0.0209586972021701,1.6118468861961923,-2.464104249831065,-2.197373122657018,-1.1337570303689364,0.8454771529024306,0.0245756504370924,2.551118384301476,0.1032619142561943,1.665766227152196
30.0,283.0,130.05149841308594,-0.0218220913332556,1.6107667522899078,-2.4646424463501773,-2.1976716950952464,-1.1369488574279918,0.8437535566489323,0.0210253858535924,2.5447770656825885,0.0903371306638779,1.6293915198482087
30.0,283.0,130.0591278076172,-0.0216652174014381,1.6117185220728425,-2.463682103283752,-2.197851750715832,-1.1353838343319864,0.8442095501150251,0.0209804605194346,2.548019756429247,0.1036383784919287,1.6706206341096168
30.0,283.0,130.0558319091797,-0.02142506060963,1.611353403827015,-2.464690564325593,-2.1966773709083736,-1.136949504483431,0.8433222503402822,0.0215086772537168,2.546366898858368,0.0980053628216621,1.6538123037939174
30.0,283.0,242.24465942382807,-0.6765068837044388,0.5731721926803546,-3.182363211629109,-3.115613068305457,-2.833970604240305,0.5175124438082294,-0.1119189164304249,2.549271617641784,0.2717736279602655,1.804321352114272
30.0,283.0,210.119873046875,-0.7610068930568665,0.5642124147423887,-3.726421416211226,-2.7995431788777383,-1.3708891968054873,0.679066308131347,0.0234932080174868,2.5843400721228726,0.297657964549431,2.1950618999519365
30.0,283.0,130.06036376953125,-0.0222114267946533,1.6116323288251029,-2.464402269059958,-2.197912699246993,-1.1350247526561337,0.843738197651714,0.0224388104393285,2.5490722839911584,0.1046284445153567,1.674020022052375
30.0,283.0,130.0529022216797,-0.0216184069716816,1.6092194191534923,-2.4646804821872066,-2.198623234641492,-1.1360943304579223,0.8443942371878732,0.0213496681042151,2.5442255927796604,0.0898364602374043,1.6278012135831552
30.0,283.0,205.575927734375,-0.8160173862793221,0.5906195673798553,-3.5501247184478806,-2.9220737949502533,-1.5276746941164658,0.7254873283981647,-0.0189028447691116,2.5943872451814447,0.2168908645567235,1.9760531472632008
30.0,283.0,130.06155395507812,-0.0215775363063054,1.611061185960011,-2.46501310085066,-2.197849701455941,-1.1349559228665942,0.8447758799481386,0.0219390213677063,2.5499945537550204,0.1062423555714915,1.677097478901885
30.0,283.0,130.0637969970703,-0.0208902406005644,1.6119734742103369,-2.464446091986895,-2.19710559809524,-1.1354421638064411,0.8450584025667578,0.0238041773645564,2.5516346855106327,0.107609505980238,1.6832541798756713
30.0,283.0,130.0644989013672,-0.0214179248292399,1.6128069766293551,-2.4646694673254155,-2.1997187233409914,-1.1352310118191995,0.8457633145446949,0.0229521221883603,2.5498708094247298,0.1066708785567443,1.680784104787331
30.0,283.0,130.06141662597656,-0.0212433152418556,1.6119415578478986,-2.464503045687366,-2.197957957645193,-1.135253556499711,0.8444462002684524,0.0231694186623434,2.55006490607497,0.106328143250225,1.676183812147586
30.0,283.0,130.0596923828125,-0.0216148007700014,1.610948044221752,-2.4645422094710323,-2.1976642164101383,-1.1352048186484744,0.8444218367418,0.0227316829238271,2.549324545403307,0.1044551057839413,1.6714983973159967
30.0,283.0,130.04888916015625,-0.021883906985149,1.6107591176043017,-2.464564565714871,-2.1978044637859124,-1.1359348130316478,0.843390234702034,0.0203300050789397,2.544834667546148,0.0916498527891816,1.6361684038912965
30.0,283.0,130.05735778808594,-0.0216987655410684,1.611153473574213,-2.4647858427467133,-2.1972850871953944,-1.1354714165882256,0.8437218230452876,0.021275635647774,2.548152071608001,0.0987243374474082,1.653118811171982
30.0,283.0,130.06600952148438,-0.0211178222070299,1.6103847759290266,-2.4644209921066222,-2.197451737189725,-1.1360195367760717,0.84494901713653,0.0235738133036352,2.551092969434705,0.1096924112457049,1.689501870068402
30.0,283.0,130.05589294433594,-0.0216298896534032,1.6107407929352149,-2.4630545530515104,-2.1968198299640367,-1.1365689623990551,0.8436385931309879,0.0216535153577728,2.547162386054556,0.0977362672142885,1.6542547085469437
30.0,284.0,130.05825805664062,-0.0217202972559392,1.6117173297878078,-2.4642168081770874,-2.19744917026364,-1.135342214416958,0.8442943930644615,0.0214855144662067,2.5474916743788345,0.1028813051085165,1.6683754637102135
30.0,284.0,130.0526580810547,-0.0217402988686517,1.6112151859835877,-2.4638001797931675,-2.1978273337732865,-1.1365721435403409,0.8426049009994537,0.0213264706407362,2.546209474122769,0.0927142991291334,1.638568932844537
30.0,284.0,130.05189514160156,-0.0218450816812363,1.611179748604774,-2.464757349711861,-2.197647265221664,-1.1370279797446077,0.8422263105257055,0.0213702045564558,2.545054172228693,0.0876247171518467,1.626929803763966
30.0,284.0,205.40724182128903,-1.2471719392371754,0.7338063691250966,-3.6956164114227614,-2.6893020048638974,-1.4361633841990469,0.7509499775402746,-0.0265320376388999,2.5844589496606782,0.2214973721181175,2.0621365244733765
30.0,284.0,130.06472778320312,-0.0214576293234495,1.6104123691719217,-2.463362841632002,-2.198039120567876,-1.1370667547619773,0.8457106580397326,0.0207787291329814,2.543933504451902,0.0987445479078411,1.6607912794236137
30.0,284.0,130.05508422851562,-0.0215851316306924,1.61138171357318,-2.464436130140352,-2.1973453218199817,-1.1351219749052324,0.8436844993817694,0.0216133617484546,2.547344852251074,0.0988131358683905,1.6588438768966018
30.0,284.0,130.0630645751953,-0.0216732008648647,1.6104000746654863,-2.464311903911316,-2.197838001911028,-1.1338343355352851,0.8434963480397145,0.0203290343450785,2.547485600330873,0.0979554267298092,1.6621309960904656
30.0,284.0,130.0622100830078,-0.0212112085904558,1.611940247268468,-2.464490530464323,-2.197534450090945,-1.135232296614472,0.8444980945704282,0.0231527330762314,2.5503785109304413,0.1073296986095062,1.6817504512190222
30.0,284.0,130.07180786132812,-0.0198385588222231,1.613399746182087,-2.462447093375754,-2.1980275329727466,-1.133904304055262,0.846753119792344,0.0232432009304832,2.55281013637525,0.1129654286504708,1.6988241965863846
30.0,284.0,217.80987548828125,-0.7399219093249991,0.6265199654248446,-3.3812386568411683,-3.115740592719888,-2.4970438835882924,0.4187495791001843,-0.1164287251613381,2.541142812644273,0.2703581298861386,2.0687642066891287
30.0,284.0,193.84164428710932,-0.2284010159949239,1.254985395882912,-2.7269330474421305,-2.062439529102285,-1.1192821284253744,0.7984072486439088,-0.0266891164844478,2.5659322521901795,0.1754660780234186,2.1465596423882265
30.0,284.0,130.0603485107422,-0.02166554888059,1.6116303742418878,-2.464433927833505,-2.1978671500740945,-1.1351945218100812,0.8445367092578658,0.0222050674800915,2.5500934509426303,0.1052217898583862,1.6741746615755806
30.0,284.0,130.0633544921875,-0.021581890070503,1.6114133897639322,-2.463166010348864,-2.197431660885488,-1.1378584604047215,0.8438059224279394,0.0244732499642736,2.5485616842407364,0.1002806707723448,1.6611699213085505
30.0,284.0,130.05943298339844,-0.0219935388981424,1.611654784197548,-2.464391722081144,-2.1978621726399625,-1.135164740549237,0.8441647053313863,0.0216243961061352,2.548972819704615,0.1042794801072972,1.672657701329092
30.0,284.0,130.06382751464844,-0.0210768488679159,1.6115787991621522,-2.4645104577406944,-2.196788547789148,-1.1355815644650034,0.8447191841079633,0.0238637801295413,2.551499621966451,0.1068880356271441,1.6810068068410342
30.0,284.0,130.07928466796875,-0.0260575111717201,1.6101996732202797,-2.464525477493161,-2.1972242671767823,-1.1327676171862628,0.8495841317060162,0.0234409887596069,2.5506852741713866,0.1075453170498392,1.6798955848567605
30.0,284.0,130.06346130371094,-0.0209399999230272,1.6096711264441947,-2.464964435537653,-2.194914134432241,-1.131867493941857,0.8443464778473387,0.0202218836380292,2.545457667995351,0.0907722075611511,1.630105528888258
30.0,284.0,130.06192016601562,-0.0212227208284233,1.6121891393135834,-2.4644960529301425,-2.197557934395194,-1.1352402371828656,0.8448065255323579,0.023225858376605,2.550122352548509,0.1069361541826877,1.6781502357479896
30.0,284.0,130.0507049560547,-0.02203528002609,1.6128803060558712,-2.46384551856532,-2.197788609821296,-1.1356840742879029,0.8434434179520981,0.0199142467318659,2.544202544318176,0.0904125066153748,1.6393228109306763
30.0,284.0,130.06198120117188,-0.0210899150349713,1.6096287085526484,-2.463767058446708,-2.1982630299713706,-1.134653084841088,0.8436530236866489,0.022693525749956,2.5479967623106274,0.0946474425726052,1.641959191509462
30.0,284.0,130.05508422851562,-0.0215917127502649,1.6113969438955726,-2.4642392622748908,-2.1972729137267453,-1.1354305819137127,0.8436862674534593,0.0215826127776874,2.5476425025102127,0.0990705395538166,1.6571212981112315
30.0,284.0,130.0655059814453,-0.0216442792306624,1.6115472454915154,-2.4644560075101203,-2.197671096632594,-1.1346695875175137,0.8448782893560365,0.0222511814709475,2.537176316337721,0.0840598017272978,1.623984577900644
30.0,284.0,130.05929565429688,-0.0229840345625731,1.6114034778586277,-2.463135100989458,-2.198956107014004,-1.1353923691199106,0.8443713943623992,0.0212979526481876,2.546670261713997,0.1009693553300359,1.66404534010716
30.0,284.0,130.06942749023438,-0.0219468168281905,1.61087327670683,-2.464344881917185,-2.1980714789687594,-1.1345717054621771,0.8458179531935374,0.0230429432536251,2.5519848361959903,0.1126151471956707,1.691251380271957
30.0,284.0,130.0575408935547,-0.021527892421395,1.6115680867118432,-2.464080063253406,-2.197770591502357,-1.1355609915311538,0.8441603384137748,0.0215621391719984,2.5483352543911977,0.1025906693272762,1.6664693592658557
30.0,284.0,130.05018615722656,-0.0216780294188571,1.61076430155581,-2.464502104028384,-2.1972578821756263,-1.135852597588053,0.8430317501244861,0.0196518610068411,2.5448655550674406,0.0917289125520039,1.6408397785802793
30.0,284.0,131.0511474609375,-0.0368922585634909,1.6266638036444745,-2.465095290550421,-2.23548426775422,-1.135682205898461,0.8441573347183856,0.0205136534358753,2.544819109586407,0.0954045662606815,1.637319341263321
30.0,284.0,240.0376892089844,-0.818985015422538,0.7325545795717203,-3.463958090524869,-3.1745869837099026,-1.9281247841715203,0.2058466922336207,-0.3766659363291286,2.6001316734345754,0.2265875295001577,2.1979228280822705
30.0,284.0,130.06130981445312,-0.0216142234234416,1.611941311973024,-2.464798408174317,-2.197471051246846,-1.1351544359745211,0.8443040384815177,0.0236204972586364,2.5489907340305056,0.103108024306166,1.672783223110942
30.0,284.0,130.0700225830078,-0.021554109745988,1.6120439753754856,-2.4634945447088183,-2.1977249787071043,-1.1359977360920583,0.8464675320695966,0.0248784910245729,2.5535928169217965,0.114511753033331,1.699528858876211
30.0,284.0,130.05935668945312,-0.0216511406840057,1.6119812574479029,-2.464448923052997,-2.1974445580510444,-1.1352094491671982,0.8446952908803955,0.0205431463808236,2.547839977542455,0.0938224631177049,1.6486046986824696
30.0,284.0,130.05477905273438,-0.0214219252466692,1.6101425209654627,-2.4632407185319285,-2.1977235187479844,-1.1362119717563175,0.8432030875190504,0.0213767626717497,2.545003413854688,0.0961599312823348,1.649227676946242
30.0,284.0,130.0648651123047,-0.0209586972021701,1.6118468861961923,-2.464104249831065,-2.197373122657018,-1.1337570303689364,0.8454771529024306,0.0245756504370924,2.551118384301476,0.1032619142561943,1.665766227152196
30.0,284.0,130.05149841308594,-0.0218220913332556,1.6107667522899078,-2.4646424463501773,-2.1976716950952464,-1.1369488574279918,0.8437535566489323,0.0210253858535924,2.5447770656825885,0.0903371306638779,1.6293915198482087
30.0,284.0,130.0591278076172,-0.0216652174014381,1.6117185220728425,-2.463682103283752,-2.197851750715832,-1.1353838343319864,0.8442095501150251,0.0209804605194346,2.548019756429247,0.1036383784919287,1.6706206341096168
30.0,284.0,130.0558319091797,-0.02142506060963,1.611353403827015,-2.464690564325593,-2.1966773709083736,-1.136949504483431,0.8433222503402822,0.0215086772537168,2.546366898858368,0.0980053628216621,1.6538123037939174
30.0,284.0,242.24465942382807,-0.6765068837044388,0.5731721926803546,-3.182363211629109,-3.115613068305457,-2.833970604240305,0.5175124438082294,-0.1119189164304249,2.549271617641784,0.2717736279602655,1.804321352114272
30.0,284.0,210.119873046875,-0.7610068930568665,0.5642124147423887,-3.726421416211226,-2.7995431788777383,-1.3708891968054873,0.679066308131347,0.0234932080174868,2.5843400721228726,0.297657964549431,2.1950618999519365
30.0,284.0,130.06036376953125,-0.0222114267946533,1.6116323288251029,-2.464402269059958,-2.197912699246993,-1.1350247526561337,0.843738197651714,0.0224388104393285,2.5490722839911584,0.1046284445153567,1.674020022052375
30.0,284.0,130.0487060546875,-0.0216368024874295,1.6111380716247112,-2.464375145085248,-2.198409721926585,-1.1362896167163996,0.8433292084282237,0.0205593501366317,2.544720628151877,0.0924429072835736,1.6389287305147868
30.0,284.0,205.575927734375,-0.8160173862793221,0.5906195673798553,-3.5501247184478806,-2.9220737949502533,-1.5276746941164658,0.7254873283981647,-0.0189028447691116,2.5943872451814447,0.2168908645567235,1.9760531472632008
30.0,284.0,130.06155395507812,-0.0215775363063054,1.611061185960011,-2.46501310085066,-2.197849701455941,-1.1349559228665942,0.8447758799481386,0.0219390213677063,2.5499945537550204,0.1062423555714915,1.677097478901885
30.0,284.0,130.0637969970703,-0.0208902406005644,1.6119734742103369,-2.464446091986895,-2.19710559809524,-1.1354421638064411,0.8450584025667578,0.0238041773645564,2.5516346855106327,0.107609505980238,1.6832541798756713
30.0,284.0,130.0644989013672,-0.0214179248292399,1.6128069766293551,-2.4646694673254155,-2.1997187233409914,-1.1352310118191995,0.8457633145446949,0.0229521221883603,2.5498708094247298,0.1066708785567443,1.680784104787331
30.0,284.0,130.06141662597656,-0.0212433152418556,1.6119415578478986,-2.464503045687366,-2.197957957645193,-1.135253556499711,0.8444462002684524,0.0231694186623434,2.55006490607497,0.106328143250225,1.676183812147586
30.0,284.0,130.0596923828125,-0.0216148007700014,1.610948044221752,-2.4645422094710323,-2.1976642164101383,-1.1352048186484744,0.8444218367418,0.0227316829238271,2.549324545403307,0.1044551057839413,1.6714983973159967
30.0,284.0,130.04888916015625,-0.021883906985149,1.6107591176043017,-2.464564565714871,-2.1978044637859124,-1.1359348130316478,0.843390234702034,0.0203300050789397,2.544834667546148,0.0916498527891816,1.6361684038912965
30.0,284.0,130.05735778808594,-0.0216987655410684,1.611153473574213,-2.4647858427467133,-2.1972850871953944,-1.1354714165882256,0.8437218230452876,0.021275635647774,2.548152071608001,0.0987243374474082,1.653118811171982
30.0,284.0,130.06600952148438,-0.0211178222070299,1.6103847759290266,-2.4644209921066222,-2.197451737189725,-1.1360195367760717,0.84494901713653,0.0235738133036352,2.551092969434705,0.1096924112457049,1.689501870068402
30.0,284.0,130.05589294433594,-0.0216298896534032,1.6107407929352149,-2.4630545530515104,-2.1968198299640367,-1.1365689623990551,0.8436385931309879,0.0216535153577728,2.547162386054556,0.0977362672142885,1.6542547085469437
30.0,285.0,130.05825805664062,-0.0217202972559392,1.6117173297878078,-2.4642168081770874,-2.19744917026364,-1.135342214416958,0.8442943930644615,0.0214855144662067,2.5474916743788345,0.1028813051085165,1.6683754637102135
30.0,285.0,130.0526580810547,-0.0217402988686517,1.6112151859835877,-2.4638001797931675,-2.1978273337732865,-1.1365721435403409,0.8426049009994537,0.0213264706407362,2.546209474122769,0.0927142991291334,1.638568932844537
30.0,285.0,130.05189514160156,-0.0218450816812363,1.611179748604774,-2.464757349711861,-2.197647265221664,-1.1370279797446077,0.8422263105257055,0.0213702045564558,2.545054172228693,0.0876247171518467,1.626929803763966
30.0,285.0,205.40724182128903,-1.2471719392371754,0.7338063691250966,-3.6956164114227614,-2.6893020048638974,-1.4361633841990469,0.7509499775402746,-0.0265320376388999,2.5844589496606782,0.2214973721181175,2.0621365244733765
30.0,285.0,130.06472778320312,-0.0214576293234495,1.6104123691719217,-2.463362841632002,-2.198039120567876,-1.1370667547619773,0.8457106580397326,0.0207787291329814,2.543933504451902,0.0987445479078411,1.6607912794236137
30.0,285.0,130.05508422851562,-0.0215851316306924,1.61138171357318,-2.464436130140352,-2.1973453218199817,-1.1351219749052324,0.8436844993817694,0.0216133617484546,2.547344852251074,0.0988131358683905,1.6588438768966018
30.0,285.0,130.0630645751953,-0.0216732008648647,1.6104000746654863,-2.464311903911316,-2.197838001911028,-1.1338343355352851,0.8434963480397145,0.0203290343450785,2.547485600330873,0.0979554267298092,1.6621309960904656
30.0,285.0,130.0622100830078,-0.0212112085904558,1.611940247268468,-2.464490530464323,-2.197534450090945,-1.135232296614472,0.8444980945704282,0.0231527330762314,2.5503785109304413,0.1073296986095062,1.6817504512190222
30.0,285.0,130.07180786132812,-0.0198385588222231,1.613399746182087,-2.462447093375754,-2.1980275329727466,-1.133904304055262,0.846753119792344,0.0232432009304832,2.55281013637525,0.1129654286504708,1.6988241965863846
30.0,285.0,217.80987548828125,-0.7399219093249991,0.6265199654248446,-3.3812386568411683,-3.115740592719888,-2.4970438835882924,0.4187495791001843,-0.1164287251613381,2.541142812644273,0.2703581298861386,2.0687642066891287
30.0,285.0,193.84164428710932,-0.2284010159949239,1.254985395882912,-2.7269330474421305,-2.062439529102285,-1.1192821284253744,0.7984072486439088,-0.0266891164844478,2.5659322521901795,0.1754660780234186,2.1465596423882265
30.0,285.0,130.0603485107422,-0.02166554888059,1.6116303742418878,-2.464433927833505,-2.1978671500740945,-1.1351945218100812,0.8445367092578658,0.0222050674800915,2.5500934509426303,0.1052217898583862,1.6741746615755806
30.0,285.0,130.0633544921875,-0.021581890070503,1.6114133897639322,-2.463166010348864,-2.197431660885488,-1.1378584604047215,0.8438059224279394,0.0244732499642736,2.5485616842407364,0.1002806707723448,1.6611699213085505
30.0,285.0,130.05943298339844,-0.0219935388981424,1.611654784197548,-2.464391722081144,-2.1978621726399625,-1.135164740549237,0.8441647053313863,0.0216243961061352,2.548972819704615,0.1042794801072972,1.672657701329092
30.0,285.0,130.06382751464844,-0.0210768488679159,1.6115787991621522,-2.4645104577406944,-2.196788547789148,-1.1355815644650034,0.8447191841079633,0.0238637801295413,2.551499621966451,0.1068880356271441,1.6810068068410342
30.0,285.0,130.07928466796875,-0.0260575111717201,1.6101996732202797,-2.464525477493161,-2.1972242671767823,-1.1327676171862628,0.8495841317060162,0.0234409887596069,2.5506852741713866,0.1075453170498392,1.6798955848567605
30.0,285.0,130.06346130371094,-0.0209399999230272,1.6096711264441947,-2.464964435537653,-2.194914134432241,-1.131867493941857,0.8443464778473387,0.0202218836380292,2.545457667995351,0.0907722075611511,1.630105528888258
30.0,285.0,130.06192016601562,-0.0212227208284233,1.6121891393135834,-2.4644960529301425,-2.197557934395194,-1.1352402371828656,0.8448065255323579,0.023225858376605,2.550122352548509,0.1069361541826877,1.6781502357479896
30.0,285.0,130.0507049560547,-0.02203528002609,1.6128803060558712,-2.46384551856532,-2.197788609821296,-1.1356840742879029,0.8434434179520981,0.0199142467318659,2.544202544318176,0.0904125066153748,1.6393228109306763
30.0,285.0,130.0606231689453,-0.0215226655874418,1.6098303964438028,-2.464485555789876,-2.199532079399462,-1.1372249181464906,0.8460555049530475,0.0242459890174827,2.5462899309895617,0.092524392360996,1.6399999553125022
30.0,285.0,130.05508422851562,-0.0215917127502649,1.6113969438955726,-2.4642392622748908,-2.1972729137267453,-1.1354305819137127,0.8436862674534593,0.0215826127776874,2.5476425025102127,0.0990705395538166,1.6571212981112315
30.0,285.0,130.0655059814453,-0.0216442792306624,1.6115472454915154,-2.4644560075101203,-2.197671096632594,-1.1346695875175137,0.8448782893560365,0.0222511814709475,2.537176316337721,0.0840598017272978,1.623984577900644
30.0,285.0,130.05929565429688,-0.0229840345625731,1.6114034778586277,-2.463135100989458,-2.198956107014004,-1.1353923691199106,0.8443713943623992,0.0212979526481876,2.546670261713997,0.1009693553300359,1.66404534010716
30.0,285.0,130.06942749023438,-0.0219468168281905,1.61087327670683,-2.464344881917185,-2.1980714789687594,-1.1345717054621771,0.8458179531935374,0.0230429432536251,2.5519848361959903,0.1126151471956707,1.691251380271957
30.0,285.0,130.0575408935547,-0.021527892421395,1.6115680867118432,-2.464080063253406,-2.197770591502357,-1.1355609915311538,0.8441603384137748,0.0215621391719984,2.5483352543911977,0.1025906693272762,1.6664693592658557
30.0,285.0,130.05018615722656,-0.0216780294188571,1.61076430155581,-2.464502104028384,-2.1972578821756263,-1.135852597588053,0.8430317501244861,0.0196518610068411,2.5448655550674406,0.0917289125520039,1.6408397785802793
30.0,285.0,130.40908813476562,-0.0315226127681733,1.6135891542236698,-2.4644947224853406,-2.223249830126482,-1.1363471228465902,0.8443492998520472,0.0202393439606906,2.544736550380253,0.0925594327685888,1.6403090104433968
30.0,285.0,240.0376892089844,-0.818985015422538,0.7325545795717203,-3.463958090524869,-3.1745869837099026,-1.9281247841715203,0.2058466922336207,-0.3766659363291286,2.6001316734345754,0.2265875295001577,2.1979228280822705
30.0,285.0,130.06130981445312,-0.0216142234234416,1.611941311973024,-2.464798408174317,-2.197471051246846,-1.1351544359745211,0.8443040384815177,0.0236204972586364,2.5489907340305056,0.103108024306166,1.672783223110942
30.0,285.0,130.0700225830078,-0.021554109745988,1.6120439753754856,-2.4634945447088183,-2.1977249787071043,-1.1359977360920583,0.8464675320695966,0.0248784910245729,2.5535928169217965,0.114511753033331,1.699528858876211
30.0,285.0,130.05935668945312,-0.0216511406840057,1.6119812574479029,-2.464448923052997,-2.1974445580510444,-1.1352094491671982,0.8446952908803955,0.0205431463808236,2.547839977542455,0.0938224631177049,1.6486046986824696
30.0,285.0,130.05477905273438,-0.0214219252466692,1.6101425209654627,-2.4632407185319285,-2.1977235187479844,-1.1362119717563175,0.8432030875190504,0.0213767626717497,2.545003413854688,0.0961599312823348,1.649227676946242
30.0,285.0,130.0648651123047,-0.0209586972021701,1.6118468861961923,-2.464104249831065,-2.197373122657018,-1.1337570303689364,0.8454771529024306,0.0245756504370924,2.551118384301476,0.1032619142561943,1.665766227152196
30.0,285.0,130.05149841308594,-0.0218220913332556,1.6107667522899078,-2.4646424463501773,-2.1976716950952464,-1.1369488574279918,0.8437535566489323,0.0210253858535924,2.5447770656825885,0.0903371306638779,1.6293915198482087
30.0,285.0,130.0591278076172,-0.0216652174014381,1.6117185220728425,-2.463682103283752,-2.197851750715832,-1.1353838343319864,0.8442095501150251,0.0209804605194346,2.548019756429247,0.1036383784919287,1.6706206341096168
30.0,285.0,130.0558319091797,-0.02142506060963,1.611353403827015,-2.464690564325593,-2.1966773709083736,-1.136949504483431,0.8433222503402822,0.0215086772537168,2.546366898858368,0.0980053628216621,1.6538123037939174
30.0,285.0,241.8292388916016,-0.1770029634174741,0.9086897652103716,-2.820907162091961,-2.463371030913214,-1.1266373245710914,0.5907112638453498,-0.1675124845391706,2.5535216614193508,0.0927760035219205,1.5982721550461585
30.0,285.0,210.119873046875,-0.7610068930568665,0.5642124147423887,-3.726421416211226,-2.7995431788777383,-1.3708891968054873,0.679066308131347,0.0234932080174868,2.5843400721228726,0.297657964549431,2.1950618999519365
30.0,285.0,130.06036376953125,-0.0222114267946533,1.6116323288251029,-2.464402269059958,-2.197912699246993,-1.1350247526561337,0.843738197651714,0.0224388104393285,2.5490722839911584,0.1046284445153567,1.674020022052375
30.0,285.0,130.0487060546875,-0.0216368024874295,1.6111380716247112,-2.464375145085248,-2.198409721926585,-1.1362896167163996,0.8433292084282237,0.0205593501366317,2.544720628151877,0.0924429072835736,1.6389287305147868
30.0,285.0,205.575927734375,-0.8160173862793221,0.5906195673798553,-3.5501247184478806,-2.9220737949502533,-1.5276746941164658,0.7254873283981647,-0.0189028447691116,2.5943872451814447,0.2168908645567235,1.9760531472632008
30.0,285.0,130.06155395507812,-0.0215775363063054,1.611061185960011,-2.46501310085066,-2.197849701455941,-1.1349559228665942,0.8447758799481386,0.0219390213677063,2.5499945537550204,0.1062423555714915,1.677097478901885
30.0,285.0,130.0637969970703,-0.0208902406005644,1.6119734742103369,-2.464446091986895,-2.19710559809524,-1.1354421638064411,0.8450584025667578,0.0238041773645564,2.5516346855106327,0.107609505980238,1.6832541798756713
30.0,285.0,130.0644989013672,-0.0214179248292399,1.6128069766293551,-2.4646694673254155,-2.1997187233409914,-1.1352310118191995,0.8457633145446949,0.0229521221883603,2.5498708094247298,0.1066708785567443,1.680784104787331
30.0,285.0,130.06141662597656,-0.0212433152418556,1.6119415578478986,-2.464503045687366,-2.197957957645193,-1.135253556499711,0.8444462002684524,0.0231694186623434,2.55006490607497,0.106328143250225,1.676183812147586
30.0,285.0,130.0596923828125,-0.0216148007700014,1.610948044221752,-2.4645422094710323,-2.1976642164101383,-1.1352048186484744,0.8444218367418,0.0227316829238271,2.549324545403307,0.1044551057839413,1.6714983973159967
30.0,285.0,130.04888916015625,-0.021883906985149,1.6107591176043017,-2.464564565714871,-2.1978044637859124,-1.1359348130316478,0.843390234702034,0.0203300050789397,2.544834667546148,0.0916498527891816,1.6361684038912965
30.0,285.0,130.05735778808594,-0.0216987655410684,1.611153473574213,-2.4647858427467133,-2.1972850871953944,-1.1354714165882256,0.8437218230452876,0.021275635647774,2.548152071608001,0.0987243374474082,1.653118811171982
30.0,285.0,130.06600952148438,-0.0211178222070299,1.6103847759290266,-2.4644209921066222,-2.197451737189725,-1.1360195367760717,0.84494901713653,0.0235738133036352,2.551092969434705,0.1096924112457049,1.689501870068402
30.0,285.0,130.05589294433594,-0.0216298896534032,1.6107407929352149,-2.4630545530515104,-2.1968198299640367,-1.1365689623990551,0.8436385931309879,0.0216535153577728,2.547162386054556,0.0977362672142885,1.6542547085469437
30.0,286.0,130.05825805664062,-0.0217202972559392,1.6117173297878078,-2.4642168081770874,-2.19744917026364,-1.135342214416958,0.8442943930644615,0.0214855144662067,2.5474916743788345,0.1028813051085165,1.6683754637102135
30.0,286.0,130.05084228515625,-0.0216857631764934,1.6114671912574197,-2.463678579254732,-2.198356283195802,-1.1355153292935136,0.8427176654772335,0.0204367510357354,2.54492521380808,0.0919074036808868,1.6418444362222926
30.0,286.0,130.05189514160156,-0.0218450816812363,1.611179748604774,-2.464757349711861,-2.197647265221664,-1.1370279797446077,0.8422263105257055,0.0213702045564558,2.545054172228693,0.0876247171518467,1.626929803763966
30.0,286.0,205.40724182128903,-1.2471719392371754,0.7338063691250966,-3.6956164114227614,-2.6893020048638974,-1.4361633841990469,0.7509499775402746,-0.0265320376388999,2.5844589496606782,0.2214973721181175,2.0621365244733765
30.0,286.0,130.06472778320312,-0.0214576293234495,1.6104123691719217,-2.463362841632002,-2.198039120567876,-1.1370667547619773,0.8457106580397326,0.0207787291329814,2.543933504451902,0.0987445479078411,1.6607912794236137
30.0,286.0,130.05508422851562,-0.0215851316306924,1.61138171357318,-2.464436130140352,-2.1973453218199817,-1.1351219749052324,0.8436844993817694,0.0216133617484546,2.547344852251074,0.0988131358683905,1.6588438768966018
30.0,286.0,130.0630645751953,-0.0216732008648647,1.6104000746654863,-2.464311903911316,-2.197838001911028,-1.1338343355352851,0.8434963480397145,0.0203290343450785,2.547485600330873,0.0979554267298092,1.6621309960904656
30.0,286.0,130.0622100830078,-0.0212112085904558,1.611940247268468,-2.464490530464323,-2.197534450090945,-1.135232296614472,0.8444980945704282,0.0231527330762314,2.5503785109304413,0.1073296986095062,1.6817504512190222
30.0,286.0,130.07180786132812,-0.0198385588222231,1.613399746182087,-2.462447093375754,-2.1980275329727466,-1.133904304055262,0.846753119792344,0.0232432009304832,2.55281013637525,0.1129654286504708,1.6988241965863846
30.0,286.0,217.80987548828125,-0.7399219093249991,0.6265199654248446,-3.3812386568411683,-3.115740592719888,-2.4970438835882924,0.4187495791001843,-0.1164287251613381,2.541142812644273,0.2703581298861386,2.0687642066891287
30.0,286.0,193.84164428710932,-0.2284010159949239,1.254985395882912,-2.7269330474421305,-2.062439529102285,-1.1192821284253744,0.7984072486439088,-0.0266891164844478,2.5659322521901795,0.1754660780234186,2.1465596423882265
30.0,286.0,130.05307006835938,-0.021824046027588,1.6119677400654513,-2.464665356093939,-2.1983914453683897,-1.1340812861976337,0.8436076896462527,0.0193248794727229,2.5448439781553294,0.0945170197961228,1.645468475372877
30.0,286.0,130.05653381347656,-0.0215941043017488,1.6113714830563934,-2.463967116092324,-2.198097790094067,-1.133740883849679,0.8432953223499693,0.0212678956916509,2.5463640178440885,0.0910170784857611,1.6327015167909094
30.0,286.0,130.05943298339844,-0.0219935388981424,1.611654784197548,-2.464391722081144,-2.1978621726399625,-1.135164740549237,0.8441647053313863,0.0216243961061352,2.548972819704615,0.1042794801072972,1.672657701329092
30.0,286.0,130.06382751464844,-0.0210768488679159,1.6115787991621522,-2.4645104577406944,-2.196788547789148,-1.1355815644650034,0.8447191841079633,0.0238637801295413,2.551499621966451,0.1068880356271441,1.6810068068410342
30.0,286.0,130.07928466796875,-0.0260575111717201,1.6101996732202797,-2.464525477493161,-2.1972242671767823,-1.1327676171862628,0.8495841317060162,0.0234409887596069,2.5506852741713866,0.1075453170498392,1.6798955848567605
30.0,286.0,130.06346130371094,-0.0209399999230272,1.6096711264441947,-2.464964435537653,-2.194914134432241,-1.131867493941857,0.8443464778473387,0.0202218836380292,2.545457667995351,0.0907722075611511,1.630105528888258
30.0,286.0,130.06192016601562,-0.0212227208284233,1.6121891393135834,-2.4644960529301425,-2.197557934395194,-1.1352402371828656,0.8448065255323579,0.023225858376605,2.550122352548509,0.1069361541826877,1.6781502357479896
30.0,286.0,130.04989624023438,-0.0213171197221357,1.6107229563046777,-2.463814031260186,-2.1963265268101986,-1.1347077158525722,0.8435621189983135,0.0201415622871935,2.5441331669818035,0.0917854329109848,1.6384127358461709
30.0,286.0,130.0606231689453,-0.0215226655874418,1.6098303964438028,-2.464485555789876,-2.199532079399462,-1.1372249181464906,0.8460555049530475,0.0242459890174827,2.5462899309895617,0.092524392360996,1.6399999553125022
30.0,286.0,130.05508422851562,-0.0215917127502649,1.6113969438955726,-2.4642392622748908,-2.1972729137267453,-1.1354305819137127,0.8436862674534593,0.0215826127776874,2.5476425025102127,0.0990705395538166,1.6571212981112315
30.0,286.0,130.0655059814453,-0.0216442792306624,1.6115472454915154,-2.4644560075101203,-2.197671096632594,-1.1346695875175137,0.8448782893560365,0.0222511814709475,2.537176316337721,0.0840598017272978,1.623984577900644
30.0,286.0,130.05929565429688,-0.0229840345625731,1.6114034778586277,-2.463135100989458,-2.198956107014004,-1.1353923691199106,0.8443713943623992,0.0212979526481876,2.546670261713997,0.1009693553300359,1.66404534010716
30.0,286.0,130.06942749023438,-0.0219468168281905,1.61087327670683,-2.464344881917185,-2.1980714789687594,-1.1345717054621771,0.8458179531935374,0.0230429432536251,2.5519848361959903,0.1126151471956707,1.691251380271957
30.0,286.0,130.0575408935547,-0.021527892421395,1.6115680867118432,-2.464080063253406,-2.197770591502357,-1.1355609915311538,0.8441603384137748,0.0215621391719984,2.5483352543911977,0.1025906693272762,1.6664693592658557
30.0,286.0,130.05018615722656,-0.0216780294188571,1.61076430155581,-2.464502104028384,-2.1972578821756263,-1.135852597588053,0.8430317501244861,0.0196518610068411,2.5448655550674406,0.0917289125520039,1.6408397785802793
30.0,286.0,130.40908813476562,-0.0315226127681733,1.6135891542236698,-2.4644947224853406,-2.223249830126482,-1.1363471228465902,0.8443492998520472,0.0202393439606906,2.544736550380253,0.0925594327685888,1.6403090104433968
30.0,286.0,240.0376892089844,-0.818985015422538,0.7325545795717203,-3.463958090524869,-3.1745869837099026,-1.9281247841715203,0.2058466922336207,-0.3766659363291286,2.6001316734345754,0.2265875295001577,2.1979228280822705
30.0,286.0,130.06130981445312,-0.0216142234234416,1.611941311973024,-2.464798408174317,-2.197471051246846,-1.1351544359745211,0.8443040384815177,0.0236204972586364,2.5489907340305056,0.103108024306166,1.672783223110942
30.0,286.0,130.0700225830078,-0.021554109745988,1.6120439753754856,-2.4634945447088183,-2.1977249787071043,-1.1359977360920583,0.8464675320695966,0.0248784910245729,2.5535928169217965,0.114511753033331,1.699528858876211
30.0,286.0,130.05935668945312,-0.0216511406840057,1.6119812574479029,-2.464448923052997,-2.1974445580510444,-1.1352094491671982,0.8446952908803955,0.0205431463808236,2.547839977542455,0.0938224631177049,1.6486046986824696
30.0,286.0,130.05477905273438,-0.0214219252466692,1.6101425209654627,-2.4632407185319285,-2.1977235187479844,-1.1362119717563175,0.8432030875190504,0.0213767626717497,2.545003413854688,0.0961599312823348,1.649227676946242
30.0,286.0,130.0648651123047,-0.0209586972021701,1.6118468861961923,-2.464104249831065,-2.197373122657018,-1.1337570303689364,0.8454771529024306,0.0245756504370924,2.551118384301476,0.1032619142561943,1.665766227152196
30.0,286.0,130.05149841308594,-0.0218220913332556,1.6107667522899078,-2.4646424463501773,-2.1976716950952464,-1.1369488574279918,0.8437535566489323,0.0210253858535924,2.5447770656825885,0.0903371306638779,1.6293915198482087
30.0,286.0,130.0591278076172,-0.0216652174014381,1.6117185220728425,-2.463682103283752,-2.197851750715832,-1.1353838343319864,0.8442095501150251,0.0209804605194346,2.548019756429247,0.1036383784919287,1.6706206341096168
30.0,286.0,130.0558319091797,-0.02142506060963,1.611353403827015,-2.464690564325593,-2.1966773709083736,-1.136949504483431,0.8433222503402822,0.0215086772537168,2.546366898858368,0.0980053628216621,1.6538123037939174
30.0,286.0,241.8292388916016,-0.1770029634174741,0.9086897652103716,-2.820907162091961,-2.463371030913214,-1.1266373245710914,0.5907112638453498,-0.1675124845391706,2.5535216614193508,0.0927760035219205,1.5982721550461585
30.0,286.0,210.119873046875,-0.7610068930568665,0.5642124147423887,-3.726421416211226,-2.7995431788777383,-1.3708891968054873,0.679066308131347,0.0234932080174868,2.5843400721228726,0.297657964549431,2.1950618999519365
30.0,286.0,130.06036376953125,-0.0222114267946533,1.6116323288251029,-2.464402269059958,-2.197912699246993,-1.1350247526561337,0.843738197651714,0.0224388104393285,2.5490722839911584,0.1046284445153567,1.674020022052375
30.0,286.0,130.0487060546875,-0.0216368024874295,1.6111380716247112,-2.464375145085248,-2.198409721926585,-1.1362896167163996,0.8433292084282237,0.0205593501366317,2.544720628151877,0.0924429072835736,1.6389287305147868
30.0,286.0,205.575927734375,-0.8160173862793221,0.5906195673798553,-3.5501247184478806,-2.9220737949502533,-1.5276746941164658,0.7254873283981647,-0.0189028447691116,2.5943872451814447,0.2168908645567235,1.9760531472632008
30.0,286.0,130.06155395507812,-0.0215775363063054,1.611061185960011,-2.46501310085066,-2.197849701455941,-1.1349559228665942,0.8447758799481386,0.0219390213677063,2.5499945537550204,0.1062423555714915,1.677097478901885
30.0,286.0,130.0637969970703,-0.0208902406005644,1.6119734742103369,-2.464446091986895,-2.19710559809524,-1.1354421638064411,0.8450584025667578,0.0238041773645564,2.5516346855106327,0.107609505980238,1.6832541798756713
30.0,286.0,130.0644989013672,-0.0214179248292399,1.6128069766293551,-2.4646694673254155,-2.1997187233409914,-1.1352310118191995,0.8457633145446949,0.0229521221883603,2.5498708094247298,0.1066708785567443,1.680784104787331
30.0,286.0,130.06141662597656,-0.0212433152418556,1.6119415578478986,-2.464503045687366,-2.197957957645193,-1.135253556499711,0.8444462002684524,0.0231694186623434,2.55006490607497,0.106328143250225,1.676183812147586
30.0,286.0,130.0596923828125,-0.0216148007700014,1.610948044221752,-2.4645422094710323,-2.1976642164101383,-1.1352048186484744,0.8444218367418,0.0227316829238271,2.549324545403307,0.1044551057839413,1.6714983973159967
30.0,286.0,130.04888916015625,-0.021883906985149,1.6107591176043017,-2.464564565714871,-2.1978044637859124,-1.1359348130316478,0.843390234702034,0.0203300050789397,2.544834667546148,0.0916498527891816,1.6361684038912965
30.0,286.0,130.05735778808594,-0.0216987655410684,1.611153473574213,-2.4647858427467133,-2.1972850871953944,-1.1354714165882256,0.8437218230452876,0.021275635647774,2.548152071608001,0.0987243374474082,1.653118811171982
30.0,286.0,130.06600952148438,-0.0211178222070299,1.6103847759290266,-2.4644209921066222,-2.197451737189725,-1.1360195367760717,0.84494901713653,0.0235738133036352,2.551092969434705,0.1096924112457049,1.689501870068402
30.0,286.0,130.05589294433594,-0.0216298896534032,1.6107407929352149,-2.4630545530515104,-2.1968198299640367,-1.1365689623990551,0.8436385931309879,0.0216535153577728,2.547162386054556,0.0977362672142885,1.6542547085469437
30.0,287.0,130.05825805664062,-0.0217202972559392,1.6117173297878078,-2.4642168081770874,-2.19744917026364,-1.135342214416958,0.8442943930644615,0.0214855144662067,2.5474916743788345,0.1028813051085165,1.6683754637102135
30.0,287.0,130.05084228515625,-0.0216857631764934,1.6114671912574197,-2.463678579254732,-2.198356283195802,-1.1355153292935136,0.8427176654772335,0.0204367510357354,2.54492521380808,0.0919074036808868,1.6418444362222926
30.0,287.0,130.05189514160156,-0.0218450816812363,1.611179748604774,-2.464757349711861,-2.197647265221664,-1.1370279797446077,0.8422263105257055,0.0213702045564558,2.545054172228693,0.0876247171518467,1.626929803763966
30.0,287.0,205.40724182128903,-1.2471719392371754,0.7338063691250966,-3.6956164114227614,-2.6893020048638974,-1.4361633841990469,0.7509499775402746,-0.0265320376388999,2.5844589496606782,0.2214973721181175,2.0621365244733765
30.0,287.0,130.05613708496094,-0.0210981769697457,1.611363354237903,-2.4633494479185822,-2.197947579273168,-1.1368712487979713,0.8444470849209166,0.0208543198452122,2.5457961700628435,0.0912824680659569,1.6433332557111695
30.0,287.0,130.05508422851562,-0.0215851316306924,1.61138171357318,-2.464436130140352,-2.1973453218199817,-1.1351219749052324,0.8436844993817694,0.0216133617484546,2.547344852251074,0.0988131358683905,1.6588438768966018
30.0,287.0,130.0630645751953,-0.0216732008648647,1.6104000746654863,-2.464311903911316,-2.197838001911028,-1.1338343355352851,0.8434963480397145,0.0203290343450785,2.547485600330873,0.0979554267298092,1.6621309960904656
30.0,287.0,130.0622100830078,-0.0212112085904558,1.611940247268468,-2.464490530464323,-2.197534450090945,-1.135232296614472,0.8444980945704282,0.0231527330762314,2.5503785109304413,0.1073296986095062,1.6817504512190222
30.0,287.0,130.07180786132812,-0.0198385588222231,1.613399746182087,-2.462447093375754,-2.1980275329727466,-1.133904304055262,0.846753119792344,0.0232432009304832,2.55281013637525,0.1129654286504708,1.6988241965863846
30.0,287.0,217.80987548828125,-0.7399219093249991,0.6265199654248446,-3.3812386568411683,-3.115740592719888,-2.4970438835882924,0.4187495791001843,-0.1164287251613381,2.541142812644273,0.2703581298861386,2.0687642066891287
30.0,287.0,193.84164428710932,-0.2284010159949239,1.254985395882912,-2.7269330474421305,-2.062439529102285,-1.1192821284253744,0.7984072486439088,-0.0266891164844478,2.5659322521901795,0.1754660780234186,2.1465596423882265
30.0,287.0,130.05307006835938,-0.021824046027588,1.6119677400654513,-2.464665356093939,-2.1983914453683897,-1.1340812861976337,0.8436076896462527,0.0193248794727229,2.5448439781553294,0.0945170197961228,1.645468475372877
30.0,287.0,130.05653381347656,-0.0215941043017488,1.6113714830563934,-2.463967116092324,-2.198097790094067,-1.133740883849679,0.8432953223499693,0.0212678956916509,2.5463640178440885,0.0910170784857611,1.6327015167909094
30.0,287.0,130.05943298339844,-0.0219935388981424,1.611654784197548,-2.464391722081144,-2.1978621726399625,-1.135164740549237,0.8441647053313863,0.0216243961061352,2.548972819704615,0.1042794801072972,1.672657701329092
30.0,287.0,130.06382751464844,-0.0210768488679159,1.6115787991621522,-2.4645104577406944,-2.196788547789148,-1.1355815644650034,0.8447191841079633,0.0238637801295413,2.551499621966451,0.1068880356271441,1.6810068068410342
30.0,287.0,130.07928466796875,-0.0260575111717201,1.6101996732202797,-2.464525477493161,-2.1972242671767823,-1.1327676171862628,0.8495841317060162,0.0234409887596069,2.5506852741713866,0.1075453170498392,1.6798955848567605
30.0,287.0,130.06161499023438,-0.0217938358370156,1.6086039872278686,-2.464858363702072,-2.1938699820020493,-1.132749807002707,0.8442898511055587,0.0204973249330661,2.5446540656517462,0.0911769190902223,1.637199773124167
30.0,287.0,130.06192016601562,-0.0212227208284233,1.6121891393135834,-2.4644960529301425,-2.197557934395194,-1.1352402371828656,0.8448065255323579,0.023225858376605,2.550122352548509,0.1069361541826877,1.6781502357479896
30.0,287.0,130.04986572265625,-0.0215784597181442,1.6108406140507132,-2.465674642049197,-2.197357988619643,-1.1352311516424245,0.8430246031516059,0.0203794727970343,2.544110354389384,0.0920249462386816,1.6387263776402126
30.0,287.0,130.0606231689453,-0.0215226655874418,1.6098303964438028,-2.464485555789876,-2.199532079399462,-1.1372249181464906,0.8460555049530475,0.0242459890174827,2.5462899309895617,0.092524392360996,1.6399999553125022
30.0,287.0,130.05508422851562,-0.0215917127502649,1.6113969438955726,-2.4642392622748908,-2.1972729137267453,-1.1354305819137127,0.8436862674534593,0.0215826127776874,2.5476425025102127,0.0990705395538166,1.6571212981112315
30.0,287.0,130.05465698242188,-0.0217528011452332,1.609941927513521,-2.464484336499014,-2.196078624018953,-1.134373841517747,0.844577709856777,0.0207204430320063,2.544408157500356,0.0900949070432647,1.6395630068165004
30.0,287.0,130.05929565429688,-0.0229840345625731,1.6114034778586277,-2.463135100989458,-2.198956107014004,-1.1353923691199106,0.8443713943623992,0.0212979526481876,2.546670261713997,0.1009693553300359,1.66404534010716
30.0,287.0,130.06942749023438,-0.0219468168281905,1.61087327670683,-2.464344881917185,-2.1980714789687594,-1.1345717054621771,0.8458179531935374,0.0230429432536251,2.5519848361959903,0.1126151471956707,1.691251380271957
30.0,287.0,130.0575408935547,-0.021527892421395,1.6115680867118432,-2.464080063253406,-2.197770591502357,-1.1355609915311538,0.8441603384137748,0.0215621391719984,2.5483352543911977,0.1025906693272762,1.6664693592658557
30.0,287.0,130.05018615722656,-0.0216780294188571,1.61076430155581,-2.464502104028384,-2.1972578821756263,-1.135852597588053,0.8430317501244861,0.0196518610068411,2.5448655550674406,0.0917289125520039,1.6408397785802793
30.0,287.0,130.40908813476562,-0.0315226127681733,1.6135891542236698,-2.4644947224853406,-2.223249830126482,-1.1363471228465902,0.8443492998520472,0.0202393439606906,2.544736550380253,0.0925594327685888,1.6403090104433968
30.0,287.0,240.0376892089844,-0.818985015422538,0.7325545795717203,-3.463958090524869,-3.1745869837099026,-1.9281247841715203,0.2058466922336207,-0.3766659363291286,2.6001316734345754,0.2265875295001577,2.1979228280822705
30.0,287.0,130.06130981445312,-0.0216142234234416,1.611941311973024,-2.464798408174317,-2.197471051246846,-1.1351544359745211,0.8443040384815177,0.0236204972586364,2.5489907340305056,0.103108024306166,1.672783223110942
30.0,287.0,130.0700225830078,-0.021554109745988,1.6120439753754856,-2.4634945447088183,-2.1977249787071043,-1.1359977360920583,0.8464675320695966,0.0248784910245729,2.5535928169217965,0.114511753033331,1.699528858876211
30.0,287.0,130.05470275878906,-0.0216535139890374,1.6117209822629146,-2.4644950102017624,-2.1972002877493924,-1.1354987781975414,0.8445135747541178,0.0204135771792766,2.544246211347642,0.0962544405056037,1.6538729250404325
30.0,287.0,130.05477905273438,-0.0214219252466692,1.6101425209654627,-2.4632407185319285,-2.1977235187479844,-1.1362119717563175,0.8432030875190504,0.0213767626717497,2.545003413854688,0.0961599312823348,1.649227676946242
30.0,287.0,130.0648651123047,-0.0209586972021701,1.6118468861961923,-2.464104249831065,-2.197373122657018,-1.1337570303689364,0.8454771529024306,0.0245756504370924,2.551118384301476,0.1032619142561943,1.665766227152196
30.0,287.0,130.05149841308594,-0.0218220913332556,1.6107667522899078,-2.4646424463501773,-2.1976716950952464,-1.1369488574279918,0.8437535566489323,0.0210253858535924,2.5447770656825885,0.0903371306638779,1.6293915198482087
30.0,287.0,130.0591278076172,-0.0216652174014381,1.6117185220728425,-2.463682103283752,-2.197851750715832,-1.1353838343319864,0.8442095501150251,0.0209804605194346,2.548019756429247,0.1036383784919287,1.6706206341096168
30.0,287.0,130.0558319091797,-0.02142506060963,1.611353403827015,-2.464690564325593,-2.1966773709083736,-1.136949504483431,0.8433222503402822,0.0215086772537168,2.546366898858368,0.0980053628216621,1.6538123037939174
30.0,287.0,241.8292388916016,-0.1770029634174741,0.9086897652103716,-2.820907162091961,-2.463371030913214,-1.1266373245710914,0.5907112638453498,-0.1675124845391706,2.5535216614193508,0.0927760035219205,1.5982721550461585
30.0,287.0,210.119873046875,-0.7610068930568665,0.5642124147423887,-3.726421416211226,-2.7995431788777383,-1.3708891968054873,0.679066308131347,0.0234932080174868,2.5843400721228726,0.297657964549431,2.1950618999519365
30.0,287.0,130.06036376953125,-0.0222114267946533,1.6116323288251029,-2.464402269059958,-2.197912699246993,-1.1350247526561337,0.843738197651714,0.0224388104393285,2.5490722839911584,0.1046284445153567,1.674020022052375
30.0,287.0,130.0487060546875,-0.0216368024874295,1.6111380716247112,-2.464375145085248,-2.198409721926585,-1.1362896167163996,0.8433292084282237,0.0205593501366317,2.544720628151877,0.0924429072835736,1.6389287305147868
30.0,287.0,205.575927734375,-0.8160173862793221,0.5906195673798553,-3.5501247184478806,-2.9220737949502533,-1.5276746941164658,0.7254873283981647,-0.0189028447691116,2.5943872451814447,0.2168908645567235,1.9760531472632008
30.0,287.0,130.06155395507812,-0.0215775363063054,1.611061185960011,-2.46501310085066,-2.197849701455941,-1.1349559228665942,0.8447758799481386,0.0219390213677063,2.5499945537550204,0.1062423555714915,1.677097478901885
30.0,287.0,130.0637969970703,-0.0208902406005644,1.6119734742103369,-2.464446091986895,-2.19710559809524,-1.1354421638064411,0.8450584025667578,0.0238041773645564,2.5516346855106327,0.107609505980238,1.6832541798756713
30.0,287.0,130.0644989013672,-0.0214179248292399,1.6128069766293551,-2.4646694673254155,-2.1997187233409914,-1.1352310118191995,0.8457633145446949,0.0229521221883603,2.5498708094247298,0.1066708785567443,1.680784104787331
30.0,287.0,130.06141662597656,-0.0212433152418556,1.6119415578478986,-2.464503045687366,-2.197957957645193,-1.135253556499711,0.8444462002684524,0.0231694186623434,2.55006490607497,0.106328143250225,1.676183812147586
30.0,287.0,130.0596923828125,-0.0216148007700014,1.610948044221752,-2.4645422094710323,-2.1976642164101383,-1.1352048186484744,0.8444218367418,0.0227316829238271,2.549324545403307,0.1044551057839413,1.6714983973159967
30.0,287.0,130.04888916015625,-0.021883906985149,1.6107591176043017,-2.464564565714871,-2.1978044637859124,-1.1359348130316478,0.843390234702034,0.0203300050789397,2.544834667546148,0.0916498527891816,1.6361684038912965
30.0,287.0,130.05735778808594,-0.0216987655410684,1.611153473574213,-2.4647858427467133,-2.1972850871953944,-1.1354714165882256,0.8437218230452876,0.021275635647774,2.548152071608001,0.0987243374474082,1.653118811171982
30.0,287.0,130.06600952148438,-0.0211178222070299,1.6103847759290266,-2.4644209921066222,-2.197451737189725,-1.1360195367760717,0.84494901713653,0.0235738133036352,2.551092969434705,0.1096924112457049,1.689501870068402
30.0,287.0,130.05589294433594,-0.0216298896534032,1.6107407929352149,-2.4630545530515104,-2.1968198299640367,-1.1365689623990551,0.8436385931309879,0.0216535153577728,2.547162386054556,0.0977362672142885,1.6542547085469437
30.0,288.0,130.05825805664062,-0.0217202972559392,1.6117173297878078,-2.4642168081770874,-2.19744917026364,-1.135342214416958,0.8442943930644615,0.0214855144662067,2.5474916743788345,0.1028813051085165,1.6683754637102135
30.0,288.0,130.05084228515625,-0.0216857631764934,1.6114671912574197,-2.463678579254732,-2.198356283195802,-1.1355153292935136,0.8427176654772335,0.0204367510357354,2.54492521380808,0.0919074036808868,1.6418444362222926
30.0,288.0,130.05189514160156,-0.0218450816812363,1.611179748604774,-2.464757349711861,-2.197647265221664,-1.1370279797446077,0.8422263105257055,0.0213702045564558,2.545054172228693,0.0876247171518467,1.626929803763966
30.0,288.0,205.40724182128903,-1.2471719392371754,0.7338063691250966,-3.6956164114227614,-2.6893020048638974,-1.4361633841990469,0.7509499775402746,-0.0265320376388999,2.5844589496606782,0.2214973721181175,2.0621365244733765
30.0,288.0,130.05613708496094,-0.0210981769697457,1.611363354237903,-2.4633494479185822,-2.197947579273168,-1.1368712487979713,0.8444470849209166,0.0208543198452122,2.5457961700628435,0.0912824680659569,1.6433332557111695
30.0,288.0,130.05508422851562,-0.0215851316306924,1.61138171357318,-2.464436130140352,-2.1973453218199817,-1.1351219749052324,0.8436844993817694,0.0216133617484546,2.547344852251074,0.0988131358683905,1.6588438768966018
30.0,288.0,130.0630645751953,-0.0216732008648647,1.6104000746654863,-2.464311903911316,-2.197838001911028,-1.1338343355352851,0.8434963480397145,0.0203290343450785,2.547485600330873,0.0979554267298092,1.6621309960904656
30.0,288.0,130.0622100830078,-0.0212112085904558,1.611940247268468,-2.464490530464323,-2.197534450090945,-1.135232296614472,0.8444980945704282,0.0231527330762314,2.5503785109304413,0.1073296986095062,1.6817504512190222
30.0,288.0,130.07180786132812,-0.0198385588222231,1.613399746182087,-2.462447093375754,-2.1980275329727466,-1.133904304055262,0.846753119792344,0.0232432009304832,2.55281013637525,0.1129654286504708,1.6988241965863846
30.0,288.0,217.80987548828125,-0.7399219093249991,0.6265199654248446,-3.3812386568411683,-3.115740592719888,-2.4970438835882924,0.4187495791001843,-0.1164287251613381,2.541142812644273,0.2703581298861386,2.0687642066891287
30.0,288.0,193.84164428710932,-0.2284010159949239,1.254985395882912,-2.7269330474421305,-2.062439529102285,-1.1192821284253744,0.7984072486439088,-0.0266891164844478,2.5659322521901795,0.1754660780234186,2.1465596423882265
30.0,288.0,130.05307006835938,-0.021824046027588,1.6119677400654513,-2.464665356093939,-2.1983914453683897,-1.1340812861976337,0.8436076896462527,0.0193248794727229,2.5448439781553294,0.0945170197961228,1.645468475372877
30.0,288.0,130.05653381347656,-0.0215941043017488,1.6113714830563934,-2.463967116092324,-2.198097790094067,-1.133740883849679,0.8432953223499693,0.0212678956916509,2.5463640178440885,0.0910170784857611,1.6327015167909094
30.0,288.0,130.05943298339844,-0.0219935388981424,1.611654784197548,-2.464391722081144,-2.1978621726399625,-1.135164740549237,0.8441647053313863,0.0216243961061352,2.548972819704615,0.1042794801072972,1.672657701329092
30.0,288.0,130.06382751464844,-0.0210768488679159,1.6115787991621522,-2.4645104577406944,-2.196788547789148,-1.1355815644650034,0.8447191841079633,0.0238637801295413,2.551499621966451,0.1068880356271441,1.6810068068410342
30.0,288.0,130.07928466796875,-0.0260575111717201,1.6101996732202797,-2.464525477493161,-2.1972242671767823,-1.1327676171862628,0.8495841317060162,0.0234409887596069,2.5506852741713866,0.1075453170498392,1.6798955848567605
30.0,288.0,130.06161499023438,-0.0217938358370156,1.6086039872278686,-2.464858363702072,-2.1938699820020493,-1.132749807002707,0.8442898511055587,0.0204973249330661,2.5446540656517462,0.0911769190902223,1.637199773124167
30.0,288.0,130.06192016601562,-0.0212227208284233,1.6121891393135834,-2.4644960529301425,-2.197557934395194,-1.1352402371828656,0.8448065255323579,0.023225858376605,2.550122352548509,0.1069361541826877,1.6781502357479896
30.0,288.0,130.04986572265625,-0.0215784597181442,1.6108406140507132,-2.465674642049197,-2.197357988619643,-1.1352311516424245,0.8430246031516059,0.0203794727970343,2.544110354389384,0.0920249462386816,1.6387263776402126
30.0,288.0,130.0606231689453,-0.0215226655874418,1.6098303964438028,-2.464485555789876,-2.199532079399462,-1.1372249181464906,0.8460555049530475,0.0242459890174827,2.5462899309895617,0.092524392360996,1.6399999553125022
30.0,288.0,130.05508422851562,-0.0215917127502649,1.6113969438955726,-2.4642392622748908,-2.1972729137267453,-1.1354305819137127,0.8436862674534593,0.0215826127776874,2.5476425025102127,0.0990705395538166,1.6571212981112315
30.0,288.0,130.05465698242188,-0.0217528011452332,1.609941927513521,-2.464484336499014,-2.196078624018953,-1.134373841517747,0.844577709856777,0.0207204430320063,2.544408157500356,0.0900949070432647,1.6395630068165004
30.0,288.0,130.05929565429688,-0.0229840345625731,1.6114034778586277,-2.463135100989458,-2.198956107014004,-1.1353923691199106,0.8443713943623992,0.0212979526481876,2.546670261713997,0.1009693553300359,1.66404534010716
30.0,288.0,130.06942749023438,-0.0219468168281905,1.61087327670683,-2.464344881917185,-2.1980714789687594,-1.1345717054621771,0.8458179531935374,0.0230429432536251,2.5519848361959903,0.1126151471956707,1.691251380271957
30.0,288.0,130.0575408935547,-0.021527892421395,1.6115680867118432,-2.464080063253406,-2.197770591502357,-1.1355609915311538,0.8441603384137748,0.0215621391719984,2.5483352543911977,0.1025906693272762,1.6664693592658557
30.0,288.0,130.05018615722656,-0.0216780294188571,1.61076430155581,-2.464502104028384,-2.1972578821756263,-1.135852597588053,0.8430317501244861,0.0196518610068411,2.5448655550674406,0.0917289125520039,1.6408397785802793
30.0,288.0,130.40908813476562,-0.0315226127681733,1.6135891542236698,-2.4644947224853406,-2.223249830126482,-1.1363471228465902,0.8443492998520472,0.0202393439606906,2.544736550380253,0.0925594327685888,1.6403090104433968
30.0,288.0,240.0376892089844,-0.818985015422538,0.7325545795717203,-3.463958090524869,-3.1745869837099026,-1.9281247841715203,0.2058466922336207,-0.3766659363291286,2.6001316734345754,0.2265875295001577,2.1979228280822705
30.0,288.0,130.06130981445312,-0.0216142234234416,1.611941311973024,-2.464798408174317,-2.197471051246846,-1.1351544359745211,0.8443040384815177,0.0236204972586364,2.5489907340305056,0.103108024306166,1.672783223110942
30.0,288.0,130.0700225830078,-0.021554109745988,1.6120439753754856,-2.4634945447088183,-2.1977249787071043,-1.1359977360920583,0.8464675320695966,0.0248784910245729,2.5535928169217965,0.114511753033331,1.699528858876211
30.0,288.0,130.05470275878906,-0.0216535139890374,1.6117209822629146,-2.4644950102017624,-2.1972002877493924,-1.1354987781975414,0.8445135747541178,0.0204135771792766,2.544246211347642,0.0962544405056037,1.6538729250404325
30.0,288.0,130.05477905273438,-0.0214219252466692,1.6101425209654627,-2.4632407185319285,-2.1977235187479844,-1.1362119717563175,0.8432030875190504,0.0213767626717497,2.545003413854688,0.0961599312823348,1.649227676946242
30.0,288.0,130.0648651123047,-0.0209586972021701,1.6118468861961923,-2.464104249831065,-2.197373122657018,-1.1337570303689364,0.8454771529024306,0.0245756504370924,2.551118384301476,0.1032619142561943,1.665766227152196
30.0,288.0,130.05149841308594,-0.0218220913332556,1.6107667522899078,-2.4646424463501773,-2.1976716950952464,-1.1369488574279918,0.8437535566489323,0.0210253858535924,2.5447770656825885,0.0903371306638779,1.6293915198482087
30.0,288.0,130.0591278076172,-0.0216652174014381,1.6117185220728425,-2.463682103283752,-2.197851750715832,-1.1353838343319864,0.8442095501150251,0.0209804605194346,2.548019756429247,0.1036383784919287,1.6706206341096168
30.0,288.0,130.0558319091797,-0.02142506060963,1.611353403827015,-2.464690564325593,-2.1966773709083736,-1.136949504483431,0.8433222503402822,0.0215086772537168,2.546366898858368,0.0980053628216621,1.6538123037939174
30.0,288.0,241.8292388916016,-0.1770029634174741,0.9086897652103716,-2.820907162091961,-2.463371030913214,-1.1266373245710914,0.5907112638453498,-0.1675124845391706,2.5535216614193508,0.0927760035219205,1.5982721550461585
30.0,288.0,210.119873046875,-0.7610068930568665,0.5642124147423887,-3.726421416211226,-2.7995431788777383,-1.3708891968054873,0.679066308131347,0.0234932080174868,2.5843400721228726,0.297657964549431,2.1950618999519365
30.0,288.0,130.06036376953125,-0.0222114267946533,1.6116323288251029,-2.464402269059958,-2.197912699246993,-1.1350247526561337,0.843738197651714,0.0224388104393285,2.5490722839911584,0.1046284445153567,1.674020022052375
30.0,288.0,130.0487060546875,-0.0216368024874295,1.6111380716247112,-2.464375145085248,-2.198409721926585,-1.1362896167163996,0.8433292084282237,0.0205593501366317,2.544720628151877,0.0924429072835736,1.6389287305147868
30.0,288.0,205.575927734375,-0.8160173862793221,0.5906195673798553,-3.5501247184478806,-2.9220737949502533,-1.5276746941164658,0.7254873283981647,-0.0189028447691116,2.5943872451814447,0.2168908645567235,1.9760531472632008
30.0,288.0,130.06155395507812,-0.0215775363063054,1.611061185960011,-2.46501310085066,-2.197849701455941,-1.1349559228665942,0.8447758799481386,0.0219390213677063,2.5499945537550204,0.1062423555714915,1.677097478901885
30.0,288.0,130.0637969970703,-0.0208902406005644,1.6119734742103369,-2.464446091986895,-2.19710559809524,-1.1354421638064411,0.8450584025667578,0.0238041773645564,2.5516346855106327,0.107609505980238,1.6832541798756713
30.0,288.0,130.0644989013672,-0.0214179248292399,1.6128069766293551,-2.4646694673254155,-2.1997187233409914,-1.1352310118191995,0.8457633145446949,0.0229521221883603,2.5498708094247298,0.1066708785567443,1.680784104787331
30.0,288.0,130.06141662597656,-0.0212433152418556,1.6119415578478986,-2.464503045687366,-2.197957957645193,-1.135253556499711,0.8444462002684524,0.0231694186623434,2.55006490607497,0.106328143250225,1.676183812147586
30.0,288.0,130.0596923828125,-0.0216148007700014,1.610948044221752,-2.4645422094710323,-2.1976642164101383,-1.1352048186484744,0.8444218367418,0.0227316829238271,2.549324545403307,0.1044551057839413,1.6714983973159967
30.0,288.0,130.04888916015625,-0.021883906985149,1.6107591176043017,-2.464564565714871,-2.1978044637859124,-1.1359348130316478,0.843390234702034,0.0203300050789397,2.544834667546148,0.0916498527891816,1.6361684038912965
30.0,288.0,130.05735778808594,-0.0216987655410684,1.611153473574213,-2.4647858427467133,-2.1972850871953944,-1.1354714165882256,0.8437218230452876,0.021275635647774,2.548152071608001,0.0987243374474082,1.653118811171982
30.0,288.0,130.06600952148438,-0.0211178222070299,1.6103847759290266,-2.4644209921066222,-2.197451737189725,-1.1360195367760717,0.84494901713653,0.0235738133036352,2.551092969434705,0.1096924112457049,1.689501870068402
30.0,288.0,130.05589294433594,-0.0216298896534032,1.6107407929352149,-2.4630545530515104,-2.1968198299640367,-1.1365689623990551,0.8436385931309879,0.0216535153577728,2.547162386054556,0.0977362672142885,1.6542547085469437
30.0,289.0,130.05552673339844,-0.0219448377446581,1.6109124442208658,-2.464747230908141,-2.199546043171298,-1.1379286701921787,0.8419517192209616,0.0200882297049816,2.546195874933622,0.0985606921203807,1.6555892222059905
30.0,289.0,130.05050659179688,-0.021646708662436,1.611987891095898,-2.4636368219056384,-2.1982127799001248,-1.1362342739938087,0.8431024584479275,0.0183880066178275,2.544891325090194,0.092023532209608,1.6383573759144985
30.0,289.0,130.05189514160156,-0.0218450816812363,1.611179748604774,-2.464757349711861,-2.197647265221664,-1.1370279797446077,0.8422263105257055,0.0213702045564558,2.545054172228693,0.0876247171518467,1.626929803763966
30.0,289.0,205.40724182128903,-1.2471719392371754,0.7338063691250966,-3.6956164114227614,-2.6893020048638974,-1.4361633841990469,0.7509499775402746,-0.0265320376388999,2.5844589496606782,0.2214973721181175,2.0621365244733765
30.0,289.0,130.05613708496094,-0.0210981769697457,1.611363354237903,-2.4633494479185822,-2.197947579273168,-1.1368712487979713,0.8444470849209166,0.0208543198452122,2.5457961700628435,0.0912824680659569,1.6433332557111695
30.0,289.0,130.05508422851562,-0.0215851316306924,1.61138171357318,-2.464436130140352,-2.1973453218199817,-1.1351219749052324,0.8436844993817694,0.0216133617484546,2.547344852251074,0.0988131358683905,1.6588438768966018
30.0,289.0,130.0630645751953,-0.0216732008648647,1.6104000746654863,-2.464311903911316,-2.197838001911028,-1.1338343355352851,0.8434963480397145,0.0203290343450785,2.547485600330873,0.0979554267298092,1.6621309960904656
30.0,289.0,130.0582733154297,-0.0208743875901678,1.6108197950499354,-2.464424769866547,-2.1982468934421906,-1.1369820318071666,0.844265919206057,0.0225575378971181,2.541990520429032,0.0928439851329013,1.639986761265174
30.0,289.0,130.07180786132812,-0.0198385588222231,1.613399746182087,-2.462447093375754,-2.1980275329727466,-1.133904304055262,0.846753119792344,0.0232432009304832,2.55281013637525,0.1129654286504708,1.6988241965863846
30.0,289.0,217.80987548828125,-0.7399219093249991,0.6265199654248446,-3.3812386568411683,-3.115740592719888,-2.4970438835882924,0.4187495791001843,-0.1164287251613381,2.541142812644273,0.2703581298861386,2.0687642066891287
30.0,289.0,193.84164428710932,-0.2284010159949239,1.254985395882912,-2.7269330474421305,-2.062439529102285,-1.1192821284253744,0.7984072486439088,-0.0266891164844478,2.5659322521901795,0.1754660780234186,2.1465596423882265
30.0,289.0,130.05307006835938,-0.021824046027588,1.6119677400654513,-2.464665356093939,-2.1983914453683897,-1.1340812861976337,0.8436076896462527,0.0193248794727229,2.5448439781553294,0.0945170197961228,1.645468475372877
30.0,289.0,130.05653381347656,-0.0215941043017488,1.6113714830563934,-2.463967116092324,-2.198097790094067,-1.133740883849679,0.8432953223499693,0.0212678956916509,2.5463640178440885,0.0910170784857611,1.6327015167909094
30.0,289.0,130.05943298339844,-0.0219935388981424,1.611654784197548,-2.464391722081144,-2.1978621726399625,-1.135164740549237,0.8441647053313863,0.0216243961061352,2.548972819704615,0.1042794801072972,1.672657701329092
30.0,289.0,130.06382751464844,-0.0210768488679159,1.6115787991621522,-2.4645104577406944,-2.196788547789148,-1.1355815644650034,0.8447191841079633,0.0238637801295413,2.551499621966451,0.1068880356271441,1.6810068068410342
30.0,289.0,130.07928466796875,-0.0260575111717201,1.6101996732202797,-2.464525477493161,-2.1972242671767823,-1.1327676171862628,0.8495841317060162,0.0234409887596069,2.5506852741713866,0.1075453170498392,1.6798955848567605
30.0,289.0,130.06161499023438,-0.0217938358370156,1.6086039872278686,-2.464858363702072,-2.1938699820020493,-1.132749807002707,0.8442898511055587,0.0204973249330661,2.5446540656517462,0.0911769190902223,1.637199773124167
30.0,289.0,130.06192016601562,-0.0212227208284233,1.6121891393135834,-2.4644960529301425,-2.197557934395194,-1.1352402371828656,0.8448065255323579,0.023225858376605,2.550122352548509,0.1069361541826877,1.6781502357479896
30.0,289.0,130.04986572265625,-0.0215784597181442,1.6108406140507132,-2.465674642049197,-2.197357988619643,-1.1352311516424245,0.8430246031516059,0.0203794727970343,2.544110354389384,0.0920249462386816,1.6387263776402126
30.0,289.0,130.0606231689453,-0.0215226655874418,1.6098303964438028,-2.464485555789876,-2.199532079399462,-1.1372249181464906,0.8460555049530475,0.0242459890174827,2.5462899309895617,0.092524392360996,1.6399999553125022
30.0,289.0,130.05508422851562,-0.0215917127502649,1.6113969438955726,-2.4642392622748908,-2.1972729137267453,-1.1354305819137127,0.8436862674534593,0.0215826127776874,2.5476425025102127,0.0990705395538166,1.6571212981112315
30.0,289.0,130.05465698242188,-0.0217528011452332,1.609941927513521,-2.464484336499014,-2.196078624018953,-1.134373841517747,0.844577709856777,0.0207204430320063,2.544408157500356,0.0900949070432647,1.6395630068165004
30.0,289.0,130.05929565429688,-0.0229840345625731,1.6114034778586277,-2.463135100989458,-2.198956107014004,-1.1353923691199106,0.8443713943623992,0.0212979526481876,2.546670261713997,0.1009693553300359,1.66404534010716
30.0,289.0,130.06942749023438,-0.0219468168281905,1.61087327670683,-2.464344881917185,-2.1980714789687594,-1.1345717054621771,0.8458179531935374,0.0230429432536251,2.5519848361959903,0.1126151471956707,1.691251380271957
30.0,289.0,130.0575408935547,-0.021527892421395,1.6115680867118432,-2.464080063253406,-2.197770591502357,-1.1355609915311538,0.8441603384137748,0.0215621391719984,2.5483352543911977,0.1025906693272762,1.6664693592658557
30.0,289.0,130.05018615722656,-0.0216780294188571,1.61076430155581,-2.464502104028384,-2.1972578821756263,-1.135852597588053,0.8430317501244861,0.0196518610068411,2.5448655550674406,0.0917289125520039,1.6408397785802793
30.0,289.0,130.40908813476562,-0.0315226127681733,1.6135891542236698,-2.4644947224853406,-2.223249830126482,-1.1363471228465902,0.8443492998520472,0.0202393439606906,2.544736550380253,0.0925594327685888,1.6403090104433968
30.0,289.0,240.0376892089844,-0.818985015422538,0.7325545795717203,-3.463958090524869,-3.1745869837099026,-1.9281247841715203,0.2058466922336207,-0.3766659363291286,2.6001316734345754,0.2265875295001577,2.1979228280822705
30.0,289.0,130.06130981445312,-0.0216142234234416,1.611941311973024,-2.464798408174317,-2.197471051246846,-1.1351544359745211,0.8443040384815177,0.0236204972586364,2.5489907340305056,0.103108024306166,1.672783223110942
30.0,289.0,130.0700225830078,-0.021554109745988,1.6120439753754856,-2.4634945447088183,-2.1977249787071043,-1.1359977360920583,0.8464675320695966,0.0248784910245729,2.5535928169217965,0.114511753033331,1.699528858876211
30.0,289.0,130.05191040039062,-0.0216103169192173,1.611173667783028,-2.464329663060182,-2.197175796820039,-1.1368319036218175,0.843378400130921,0.020449808428361,2.5452982704844027,0.0913227362621661,1.632553576899001
30.0,289.0,130.05316162109375,-0.021353256640305,1.6093248924375911,-2.4652180226986946,-2.1987295110998386,-1.13640172606885,0.8428604153979119,0.0219360701382191,2.5448648640252305,0.0897687600996809,1.6352198843838246
30.0,289.0,130.0648651123047,-0.0209586972021701,1.6118468861961923,-2.464104249831065,-2.197373122657018,-1.1337570303689364,0.8454771529024306,0.0245756504370924,2.551118384301476,0.1032619142561943,1.665766227152196
30.0,289.0,130.05149841308594,-0.0218220913332556,1.6107667522899078,-2.4646424463501773,-2.1976716950952464,-1.1369488574279918,0.8437535566489323,0.0210253858535924,2.5447770656825885,0.0903371306638779,1.6293915198482087
30.0,289.0,130.0591278076172,-0.0216652174014381,1.6117185220728425,-2.463682103283752,-2.197851750715832,-1.1353838343319864,0.8442095501150251,0.0209804605194346,2.548019756429247,0.1036383784919287,1.6706206341096168
30.0,289.0,130.0558319091797,-0.02142506060963,1.611353403827015,-2.464690564325593,-2.1966773709083736,-1.136949504483431,0.8433222503402822,0.0215086772537168,2.546366898858368,0.0980053628216621,1.6538123037939174
30.0,289.0,241.8292388916016,-0.1770029634174741,0.9086897652103716,-2.820907162091961,-2.463371030913214,-1.1266373245710914,0.5907112638453498,-0.1675124845391706,2.5535216614193508,0.0927760035219205,1.5982721550461585
30.0,289.0,210.119873046875,-0.7610068930568665,0.5642124147423887,-3.726421416211226,-2.7995431788777383,-1.3708891968054873,0.679066308131347,0.0234932080174868,2.5843400721228726,0.297657964549431,2.1950618999519365
30.0,289.0,130.06036376953125,-0.0222114267946533,1.6116323288251029,-2.464402269059958,-2.197912699246993,-1.1350247526561337,0.843738197651714,0.0224388104393285,2.5490722839911584,0.1046284445153567,1.674020022052375
30.0,289.0,130.0487060546875,-0.0216368024874295,1.6111380716247112,-2.464375145085248,-2.198409721926585,-1.1362896167163996,0.8433292084282237,0.0205593501366317,2.544720628151877,0.0924429072835736,1.6389287305147868
30.0,289.0,205.575927734375,-0.8160173862793221,0.5906195673798553,-3.5501247184478806,-2.9220737949502533,-1.5276746941164658,0.7254873283981647,-0.0189028447691116,2.5943872451814447,0.2168908645567235,1.9760531472632008
30.0,289.0,130.06155395507812,-0.0215775363063054,1.611061185960011,-2.46501310085066,-2.197849701455941,-1.1349559228665942,0.8447758799481386,0.0219390213677063,2.5499945537550204,0.1062423555714915,1.677097478901885
30.0,289.0,130.0637969970703,-0.0208902406005644,1.6119734742103369,-2.464446091986895,-2.19710559809524,-1.1354421638064411,0.8450584025667578,0.0238041773645564,2.5516346855106327,0.107609505980238,1.6832541798756713
30.0,289.0,130.0644989013672,-0.0214179248292399,1.6128069766293551,-2.4646694673254155,-2.1997187233409914,-1.1352310118191995,0.8457633145446949,0.0229521221883603,2.5498708094247298,0.1066708785567443,1.680784104787331
30.0,289.0,130.06141662597656,-0.0212433152418556,1.6119415578478986,-2.464503045687366,-2.197957957645193,-1.135253556499711,0.8444462002684524,0.0231694186623434,2.55006490607497,0.106328143250225,1.676183812147586
30.0,289.0,130.0596923828125,-0.0216148007700014,1.610948044221752,-2.4645422094710323,-2.1976642164101383,-1.1352048186484744,0.8444218367418,0.0227316829238271,2.549324545403307,0.1044551057839413,1.6714983973159967
30.0,289.0,130.04888916015625,-0.021883906985149,1.6107591176043017,-2.464564565714871,-2.1978044637859124,-1.1359348130316478,0.843390234702034,0.0203300050789397,2.544834667546148,0.0916498527891816,1.6361684038912965
30.0,289.0,130.05735778808594,-0.0216987655410684,1.611153473574213,-2.4647858427467133,-2.1972850871953944,-1.1354714165882256,0.8437218230452876,0.021275635647774,2.548152071608001,0.0987243374474082,1.653118811171982
30.0,289.0,130.06600952148438,-0.0211178222070299,1.6103847759290266,-2.4644209921066222,-2.197451737189725,-1.1360195367760717,0.84494901713653,0.0235738133036352,2.551092969434705,0.1096924112457049,1.689501870068402
30.0,289.0,130.05589294433594,-0.0216298896534032,1.6107407929352149,-2.4630545530515104,-2.1968198299640367,-1.1365689623990551,0.8436385931309879,0.0216535153577728,2.547162386054556,0.0977362672142885,1.6542547085469437
30.0,290.0,130.05552673339844,-0.0219448377446581,1.6109124442208658,-2.464747230908141,-2.199546043171298,-1.1379286701921787,0.8419517192209616,0.0200882297049816,2.546195874933622,0.0985606921203807,1.6555892222059905
30.0,290.0,130.04908752441406,-0.0216486055786948,1.6116985933182748,-2.464040832295685,-2.198370103371164,-1.1364766257628227,0.8431946749031182,0.0187785215487817,2.5445714332718774,0.0919988112207554,1.6384618555305348
30.0,290.0,130.05189514160156,-0.0218450816812363,1.611179748604774,-2.464757349711861,-2.197647265221664,-1.1370279797446077,0.8422263105257055,0.0213702045564558,2.545054172228693,0.0876247171518467,1.626929803763966
30.0,290.0,205.40724182128903,-1.2471719392371754,0.7338063691250966,-3.6956164114227614,-2.6893020048638974,-1.4361633841990469,0.7509499775402746,-0.0265320376388999,2.5844589496606782,0.2214973721181175,2.0621365244733765
30.0,290.0,130.0497589111328,-0.0216236872740113,1.6112171174167351,-2.463915584962317,-2.1983602014521058,-1.1369926983851228,0.8436527641755391,0.0204991718039136,2.5425155460228592,0.091100878666914,1.6394701950762232
30.0,290.0,130.05508422851562,-0.0215851316306924,1.61138171357318,-2.464436130140352,-2.1973453218199817,-1.1351219749052324,0.8436844993817694,0.0216133617484546,2.547344852251074,0.0988131358683905,1.6588438768966018
30.0,290.0,130.0630645751953,-0.0216732008648647,1.6104000746654863,-2.464311903911316,-2.197838001911028,-1.1338343355352851,0.8434963480397145,0.0203290343450785,2.547485600330873,0.0979554267298092,1.6621309960904656
30.0,290.0,130.0582733154297,-0.0208743875901678,1.6108197950499354,-2.464424769866547,-2.1982468934421906,-1.1369820318071666,0.844265919206057,0.0225575378971181,2.541990520429032,0.0928439851329013,1.639986761265174
30.0,290.0,130.07180786132812,-0.0198385588222231,1.613399746182087,-2.462447093375754,-2.1980275329727466,-1.133904304055262,0.846753119792344,0.0232432009304832,2.55281013637525,0.1129654286504708,1.6988241965863846
30.0,290.0,217.80987548828125,-0.7399219093249991,0.6265199654248446,-3.3812386568411683,-3.115740592719888,-2.4970438835882924,0.4187495791001843,-0.1164287251613381,2.541142812644273,0.2703581298861386,2.0687642066891287
30.0,290.0,193.84164428710932,-0.2284010159949239,1.254985395882912,-2.7269330474421305,-2.062439529102285,-1.1192821284253744,0.7984072486439088,-0.0266891164844478,2.5659322521901795,0.1754660780234186,2.1465596423882265
30.0,290.0,130.05307006835938,-0.021824046027588,1.6119677400654513,-2.464665356093939,-2.1983914453683897,-1.1340812861976337,0.8436076896462527,0.0193248794727229,2.5448439781553294,0.0945170197961228,1.645468475372877
30.0,290.0,130.05653381347656,-0.0215941043017488,1.6113714830563934,-2.463967116092324,-2.198097790094067,-1.133740883849679,0.8432953223499693,0.0212678956916509,2.5463640178440885,0.0910170784857611,1.6327015167909094
30.0,290.0,130.05943298339844,-0.0219935388981424,1.611654784197548,-2.464391722081144,-2.1978621726399625,-1.135164740549237,0.8441647053313863,0.0216243961061352,2.548972819704615,0.1042794801072972,1.672657701329092
30.0,290.0,130.06382751464844,-0.0210768488679159,1.6115787991621522,-2.4645104577406944,-2.196788547789148,-1.1355815644650034,0.8447191841079633,0.0238637801295413,2.551499621966451,0.1068880356271441,1.6810068068410342
30.0,290.0,130.07928466796875,-0.0260575111717201,1.6101996732202797,-2.464525477493161,-2.1972242671767823,-1.1327676171862628,0.8495841317060162,0.0234409887596069,2.5506852741713866,0.1075453170498392,1.6798955848567605
30.0,290.0,130.06161499023438,-0.0217938358370156,1.6086039872278686,-2.464858363702072,-2.1938699820020493,-1.132749807002707,0.8442898511055587,0.0204973249330661,2.5446540656517462,0.0911769190902223,1.637199773124167
30.0,290.0,130.06192016601562,-0.0212227208284233,1.6121891393135834,-2.4644960529301425,-2.197557934395194,-1.1352402371828656,0.8448065255323579,0.023225858376605,2.550122352548509,0.1069361541826877,1.6781502357479896
30.0,290.0,130.04898071289062,-0.0214816643520179,1.6107228313348996,-2.464231632083389,-2.198083770776924,-1.135455422041355,0.8432459775457689,0.0204289013622666,2.543990217066169,0.0923331432715986,1.638915259901087
30.0,290.0,130.0606231689453,-0.0215226655874418,1.6098303964438028,-2.464485555789876,-2.199532079399462,-1.1372249181464906,0.8460555049530475,0.0242459890174827,2.5462899309895617,0.092524392360996,1.6399999553125022
30.0,290.0,130.05508422851562,-0.0215917127502649,1.6113969438955726,-2.4642392622748908,-2.1972729137267453,-1.1354305819137127,0.8436862674534593,0.0215826127776874,2.5476425025102127,0.0990705395538166,1.6571212981112315
30.0,290.0,130.05465698242188,-0.0217528011452332,1.609941927513521,-2.464484336499014,-2.196078624018953,-1.134373841517747,0.844577709856777,0.0207204430320063,2.544408157500356,0.0900949070432647,1.6395630068165004
30.0,290.0,130.05929565429688,-0.0229840345625731,1.6114034778586277,-2.463135100989458,-2.198956107014004,-1.1353923691199106,0.8443713943623992,0.0212979526481876,2.546670261713997,0.1009693553300359,1.66404534010716
30.0,290.0,130.06942749023438,-0.0219468168281905,1.61087327670683,-2.464344881917185,-2.1980714789687594,-1.1345717054621771,0.8458179531935374,0.0230429432536251,2.5519848361959903,0.1126151471956707,1.691251380271957
30.0,290.0,130.0575408935547,-0.021527892421395,1.6115680867118432,-2.464080063253406,-2.197770591502357,-1.1355609915311538,0.8441603384137748,0.0215621391719984,2.5483352543911977,0.1025906693272762,1.6664693592658557
30.0,290.0,130.05018615722656,-0.0216780294188571,1.61076430155581,-2.464502104028384,-2.1972578821756263,-1.135852597588053,0.8430317501244861,0.0196518610068411,2.5448655550674406,0.0917289125520039,1.6408397785802793
30.0,290.0,130.40908813476562,-0.0315226127681733,1.6135891542236698,-2.4644947224853406,-2.223249830126482,-1.1363471228465902,0.8443492998520472,0.0202393439606906,2.544736550380253,0.0925594327685888,1.6403090104433968
30.0,290.0,240.0376892089844,-0.818985015422538,0.7325545795717203,-3.463958090524869,-3.1745869837099026,-1.9281247841715203,0.2058466922336207,-0.3766659363291286,2.6001316734345754,0.2265875295001577,2.1979228280822705
30.0,290.0,130.06130981445312,-0.0216142234234416,1.611941311973024,-2.464798408174317,-2.197471051246846,-1.1351544359745211,0.8443040384815177,0.0236204972586364,2.5489907340305056,0.103108024306166,1.672783223110942
30.0,290.0,130.0700225830078,-0.021554109745988,1.6120439753754856,-2.4634945447088183,-2.1977249787071043,-1.1359977360920583,0.8464675320695966,0.0248784910245729,2.5535928169217965,0.114511753033331,1.699528858876211
30.0,290.0,130.05191040039062,-0.0216103169192173,1.611173667783028,-2.464329663060182,-2.197175796820039,-1.1368319036218175,0.843378400130921,0.020449808428361,2.5452982704844027,0.0913227362621661,1.632553576899001
30.0,290.0,130.05316162109375,-0.021353256640305,1.6093248924375911,-2.4652180226986946,-2.1987295110998386,-1.13640172606885,0.8428604153979119,0.0219360701382191,2.5448648640252305,0.0897687600996809,1.6352198843838246
30.0,290.0,130.0648651123047,-0.0209586972021701,1.6118468861961923,-2.464104249831065,-2.197373122657018,-1.1337570303689364,0.8454771529024306,0.0245756504370924,2.551118384301476,0.1032619142561943,1.665766227152196
30.0,290.0,130.05149841308594,-0.0218220913332556,1.6107667522899078,-2.4646424463501773,-2.1976716950952464,-1.1369488574279918,0.8437535566489323,0.0210253858535924,2.5447770656825885,0.0903371306638779,1.6293915198482087
30.0,290.0,130.0591278076172,-0.0216652174014381,1.6117185220728425,-2.463682103283752,-2.197851750715832,-1.1353838343319864,0.8442095501150251,0.0209804605194346,2.548019756429247,0.1036383784919287,1.6706206341096168
30.0,290.0,130.0558319091797,-0.02142506060963,1.611353403827015,-2.464690564325593,-2.1966773709083736,-1.136949504483431,0.8433222503402822,0.0215086772537168,2.546366898858368,0.0980053628216621,1.6538123037939174
30.0,290.0,241.8292388916016,-0.1770029634174741,0.9086897652103716,-2.820907162091961,-2.463371030913214,-1.1266373245710914,0.5907112638453498,-0.1675124845391706,2.5535216614193508,0.0927760035219205,1.5982721550461585
30.0,290.0,210.119873046875,-0.7610068930568665,0.5642124147423887,-3.726421416211226,-2.7995431788777383,-1.3708891968054873,0.679066308131347,0.0234932080174868,2.5843400721228726,0.297657964549431,2.1950618999519365
30.0,290.0,130.06036376953125,-0.0222114267946533,1.6116323288251029,-2.464402269059958,-2.197912699246993,-1.1350247526561337,0.843738197651714,0.0224388104393285,2.5490722839911584,0.1046284445153567,1.674020022052375
30.0,290.0,130.0487060546875,-0.0216368024874295,1.6111380716247112,-2.464375145085248,-2.198409721926585,-1.1362896167163996,0.8433292084282237,0.0205593501366317,2.544720628151877,0.0924429072835736,1.6389287305147868
30.0,290.0,205.575927734375,-0.8160173862793221,0.5906195673798553,-3.5501247184478806,-2.9220737949502533,-1.5276746941164658,0.7254873283981647,-0.0189028447691116,2.5943872451814447,0.2168908645567235,1.9760531472632008
30.0,290.0,130.06155395507812,-0.0215775363063054,1.611061185960011,-2.46501310085066,-2.197849701455941,-1.1349559228665942,0.8447758799481386,0.0219390213677063,2.5499945537550204,0.1062423555714915,1.677097478901885
30.0,290.0,130.0637969970703,-0.0208902406005644,1.6119734742103369,-2.464446091986895,-2.19710559809524,-1.1354421638064411,0.8450584025667578,0.0238041773645564,2.5516346855106327,0.107609505980238,1.6832541798756713
30.0,290.0,130.0644989013672,-0.0214179248292399,1.6128069766293551,-2.4646694673254155,-2.1997187233409914,-1.1352310118191995,0.8457633145446949,0.0229521221883603,2.5498708094247298,0.1066708785567443,1.680784104787331
30.0,290.0,130.06141662597656,-0.0212433152418556,1.6119415578478986,-2.464503045687366,-2.197957957645193,-1.135253556499711,0.8444462002684524,0.0231694186623434,2.55006490607497,0.106328143250225,1.676183812147586
30.0,290.0,130.0596923828125,-0.0216148007700014,1.610948044221752,-2.4645422094710323,-2.1976642164101383,-1.1352048186484744,0.8444218367418,0.0227316829238271,2.549324545403307,0.1044551057839413,1.6714983973159967
30.0,290.0,130.04888916015625,-0.021883906985149,1.6107591176043017,-2.464564565714871,-2.1978044637859124,-1.1359348130316478,0.843390234702034,0.0203300050789397,2.544834667546148,0.0916498527891816,1.6361684038912965
30.0,290.0,130.05735778808594,-0.0216987655410684,1.611153473574213,-2.4647858427467133,-2.1972850871953944,-1.1354714165882256,0.8437218230452876,0.021275635647774,2.548152071608001,0.0987243374474082,1.653118811171982
30.0,290.0,130.06600952148438,-0.0211178222070299,1.6103847759290266,-2.4644209921066222,-2.197451737189725,-1.1360195367760717,0.84494901713653,0.0235738133036352,2.551092969434705,0.1096924112457049,1.689501870068402
30.0,290.0,130.05130004882812,-0.0216419152213488,1.6122128494587655,-2.462932679108575,-2.199675957362997,-1.136389815432668,0.8436277726908545,0.0215263562139984,2.544306541829069,0.0910069742636583,1.6354752679562536
30.0,291.0,130.05552673339844,-0.0219448377446581,1.6109124442208658,-2.464747230908141,-2.199546043171298,-1.1379286701921787,0.8419517192209616,0.0200882297049816,2.546195874933622,0.0985606921203807,1.6555892222059905
30.0,291.0,130.04908752441406,-0.0216486055786948,1.6116985933182748,-2.464040832295685,-2.198370103371164,-1.1364766257628227,0.8431946749031182,0.0187785215487817,2.5445714332718774,0.0919988112207554,1.6384618555305348
30.0,291.0,130.05189514160156,-0.0218450816812363,1.611179748604774,-2.464757349711861,-2.197647265221664,-1.1370279797446077,0.8422263105257055,0.0213702045564558,2.545054172228693,0.0876247171518467,1.626929803763966
30.0,291.0,205.40724182128903,-1.2471719392371754,0.7338063691250966,-3.6956164114227614,-2.6893020048638974,-1.4361633841990469,0.7509499775402746,-0.0265320376388999,2.5844589496606782,0.2214973721181175,2.0621365244733765
30.0,291.0,130.0497589111328,-0.0216236872740113,1.6112171174167351,-2.463915584962317,-2.1983602014521058,-1.1369926983851228,0.8436527641755391,0.0204991718039136,2.5425155460228592,0.091100878666914,1.6394701950762232
30.0,291.0,130.05508422851562,-0.0215851316306924,1.61138171357318,-2.464436130140352,-2.1973453218199817,-1.1351219749052324,0.8436844993817694,0.0216133617484546,2.547344852251074,0.0988131358683905,1.6588438768966018
30.0,291.0,130.0630645751953,-0.0216732008648647,1.6104000746654863,-2.464311903911316,-2.197838001911028,-1.1338343355352851,0.8434963480397145,0.0203290343450785,2.547485600330873,0.0979554267298092,1.6621309960904656
30.0,291.0,130.05198669433594,-0.021861970604168,1.6110961233161862,-2.4642896825635825,-2.198536148790025,-1.135992749899872,0.8428333579901208,0.0199694844172249,2.544378092150299,0.0903535635437164,1.6407267518563855
30.0,291.0,130.07180786132812,-0.0198385588222231,1.613399746182087,-2.462447093375754,-2.1980275329727466,-1.133904304055262,0.846753119792344,0.0232432009304832,2.55281013637525,0.1129654286504708,1.6988241965863846
30.0,291.0,217.80987548828125,-0.7399219093249991,0.6265199654248446,-3.3812386568411683,-3.115740592719888,-2.4970438835882924,0.4187495791001843,-0.1164287251613381,2.541142812644273,0.2703581298861386,2.0687642066891287
30.0,291.0,193.84164428710932,-0.2284010159949239,1.254985395882912,-2.7269330474421305,-2.062439529102285,-1.1192821284253744,0.7984072486439088,-0.0266891164844478,2.5659322521901795,0.1754660780234186,2.1465596423882265
30.0,291.0,130.05307006835938,-0.021824046027588,1.6119677400654513,-2.464665356093939,-2.1983914453683897,-1.1340812861976337,0.8436076896462527,0.0193248794727229,2.5448439781553294,0.0945170197961228,1.645468475372877
30.0,291.0,130.05653381347656,-0.0215941043017488,1.6113714830563934,-2.463967116092324,-2.198097790094067,-1.133740883849679,0.8432953223499693,0.0212678956916509,2.5463640178440885,0.0910170784857611,1.6327015167909094
30.0,291.0,130.05943298339844,-0.0219935388981424,1.611654784197548,-2.464391722081144,-2.1978621726399625,-1.135164740549237,0.8441647053313863,0.0216243961061352,2.548972819704615,0.1042794801072972,1.672657701329092
30.0,291.0,130.06382751464844,-0.0210768488679159,1.6115787991621522,-2.4645104577406944,-2.196788547789148,-1.1355815644650034,0.8447191841079633,0.0238637801295413,2.551499621966451,0.1068880356271441,1.6810068068410342
30.0,291.0,130.07928466796875,-0.0260575111717201,1.6101996732202797,-2.464525477493161,-2.1972242671767823,-1.1327676171862628,0.8495841317060162,0.0234409887596069,2.5506852741713866,0.1075453170498392,1.6798955848567605
30.0,291.0,130.06161499023438,-0.0217938358370156,1.6086039872278686,-2.464858363702072,-2.1938699820020493,-1.132749807002707,0.8442898511055587,0.0204973249330661,2.5446540656517462,0.0911769190902223,1.637199773124167
30.0,291.0,130.06192016601562,-0.0212227208284233,1.6121891393135834,-2.4644960529301425,-2.197557934395194,-1.1352402371828656,0.8448065255323579,0.023225858376605,2.550122352548509,0.1069361541826877,1.6781502357479896
30.0,291.0,130.04898071289062,-0.0214816643520179,1.6107228313348996,-2.464231632083389,-2.198083770776924,-1.135455422041355,0.8432459775457689,0.0204289013622666,2.543990217066169,0.0923331432715986,1.638915259901087
30.0,291.0,130.05728149414062,-0.0202835262565113,1.609683983760482,-2.464544420002744,-2.200165979940844,-1.137151613681864,0.8442559288402116,0.0228028824614518,2.5456778003038494,0.0923786070711339,1.6379298816421943
30.0,291.0,130.05508422851562,-0.0215917127502649,1.6113969438955726,-2.4642392622748908,-2.1972729137267453,-1.1354305819137127,0.8436862674534593,0.0215826127776874,2.5476425025102127,0.0990705395538166,1.6571212981112315
30.0,291.0,130.05465698242188,-0.0217528011452332,1.609941927513521,-2.464484336499014,-2.196078624018953,-1.134373841517747,0.844577709856777,0.0207204430320063,2.544408157500356,0.0900949070432647,1.6395630068165004
30.0,291.0,130.05929565429688,-0.0229840345625731,1.6114034778586277,-2.463135100989458,-2.198956107014004,-1.1353923691199106,0.8443713943623992,0.0212979526481876,2.546670261713997,0.1009693553300359,1.66404534010716
30.0,291.0,130.06942749023438,-0.0219468168281905,1.61087327670683,-2.464344881917185,-2.1980714789687594,-1.1345717054621771,0.8458179531935374,0.0230429432536251,2.5519848361959903,0.1126151471956707,1.691251380271957
30.0,291.0,130.0575408935547,-0.021527892421395,1.6115680867118432,-2.464080063253406,-2.197770591502357,-1.1355609915311538,0.8441603384137748,0.0215621391719984,2.5483352543911977,0.1025906693272762,1.6664693592658557
30.0,291.0,130.05018615722656,-0.0216780294188571,1.61076430155581,-2.464502104028384,-2.1972578821756263,-1.135852597588053,0.8430317501244861,0.0196518610068411,2.5448655550674406,0.0917289125520039,1.6408397785802793
30.0,291.0,130.40908813476562,-0.0315226127681733,1.6135891542236698,-2.4644947224853406,-2.223249830126482,-1.1363471228465902,0.8443492998520472,0.0202393439606906,2.544736550380253,0.0925594327685888,1.6403090104433968
30.0,291.0,240.0376892089844,-0.818985015422538,0.7325545795717203,-3.463958090524869,-3.1745869837099026,-1.9281247841715203,0.2058466922336207,-0.3766659363291286,2.6001316734345754,0.2265875295001577,2.1979228280822705
30.0,291.0,130.06130981445312,-0.0216142234234416,1.611941311973024,-2.464798408174317,-2.197471051246846,-1.1351544359745211,0.8443040384815177,0.0236204972586364,2.5489907340305056,0.103108024306166,1.672783223110942
30.0,291.0,130.0700225830078,-0.021554109745988,1.6120439753754856,-2.4634945447088183,-2.1977249787071043,-1.1359977360920583,0.8464675320695966,0.0248784910245729,2.5535928169217965,0.114511753033331,1.699528858876211
30.0,291.0,130.05191040039062,-0.0216103169192173,1.611173667783028,-2.464329663060182,-2.197175796820039,-1.1368319036218175,0.843378400130921,0.020449808428361,2.5452982704844027,0.0913227362621661,1.632553576899001
30.0,291.0,130.05316162109375,-0.021353256640305,1.6093248924375911,-2.4652180226986946,-2.1987295110998386,-1.13640172606885,0.8428604153979119,0.0219360701382191,2.5448648640252305,0.0897687600996809,1.6352198843838246
30.0,291.0,130.0648651123047,-0.0209586972021701,1.6118468861961923,-2.464104249831065,-2.197373122657018,-1.1337570303689364,0.8454771529024306,0.0245756504370924,2.551118384301476,0.1032619142561943,1.665766227152196
30.0,291.0,130.05149841308594,-0.0218220913332556,1.6107667522899078,-2.4646424463501773,-2.1976716950952464,-1.1369488574279918,0.8437535566489323,0.0210253858535924,2.5447770656825885,0.0903371306638779,1.6293915198482087
30.0,291.0,130.0591278076172,-0.0216652174014381,1.6117185220728425,-2.463682103283752,-2.197851750715832,-1.1353838343319864,0.8442095501150251,0.0209804605194346,2.548019756429247,0.1036383784919287,1.6706206341096168
30.0,291.0,130.0558319091797,-0.02142506060963,1.611353403827015,-2.464690564325593,-2.1966773709083736,-1.136949504483431,0.8433222503402822,0.0215086772537168,2.546366898858368,0.0980053628216621,1.6538123037939174
30.0,291.0,241.8292388916016,-0.1770029634174741,0.9086897652103716,-2.820907162091961,-2.463371030913214,-1.1266373245710914,0.5907112638453498,-0.1675124845391706,2.5535216614193508,0.0927760035219205,1.5982721550461585
30.0,291.0,210.119873046875,-0.7610068930568665,0.5642124147423887,-3.726421416211226,-2.7995431788777383,-1.3708891968054873,0.679066308131347,0.0234932080174868,2.5843400721228726,0.297657964549431,2.1950618999519365
30.0,291.0,130.06036376953125,-0.0222114267946533,1.6116323288251029,-2.464402269059958,-2.197912699246993,-1.1350247526561337,0.843738197651714,0.0224388104393285,2.5490722839911584,0.1046284445153567,1.674020022052375
30.0,291.0,130.0487060546875,-0.0216368024874295,1.6111380716247112,-2.464375145085248,-2.198409721926585,-1.1362896167163996,0.8433292084282237,0.0205593501366317,2.544720628151877,0.0924429072835736,1.6389287305147868
30.0,291.0,205.575927734375,-0.8160173862793221,0.5906195673798553,-3.5501247184478806,-2.9220737949502533,-1.5276746941164658,0.7254873283981647,-0.0189028447691116,2.5943872451814447,0.2168908645567235,1.9760531472632008
30.0,291.0,130.06155395507812,-0.0215775363063054,1.611061185960011,-2.46501310085066,-2.197849701455941,-1.1349559228665942,0.8447758799481386,0.0219390213677063,2.5499945537550204,0.1062423555714915,1.677097478901885
30.0,291.0,130.0637969970703,-0.0208902406005644,1.6119734742103369,-2.464446091986895,-2.19710559809524,-1.1354421638064411,0.8450584025667578,0.0238041773645564,2.5516346855106327,0.107609505980238,1.6832541798756713
30.0,291.0,130.0644989013672,-0.0214179248292399,1.6128069766293551,-2.4646694673254155,-2.1997187233409914,-1.1352310118191995,0.8457633145446949,0.0229521221883603,2.5498708094247298,0.1066708785567443,1.680784104787331
30.0,291.0,130.06141662597656,-0.0212433152418556,1.6119415578478986,-2.464503045687366,-2.197957957645193,-1.135253556499711,0.8444462002684524,0.0231694186623434,2.55006490607497,0.106328143250225,1.676183812147586
30.0,291.0,130.0596923828125,-0.0216148007700014,1.610948044221752,-2.4645422094710323,-2.1976642164101383,-1.1352048186484744,0.8444218367418,0.0227316829238271,2.549324545403307,0.1044551057839413,1.6714983973159967
30.0,291.0,130.04888916015625,-0.021883906985149,1.6107591176043017,-2.464564565714871,-2.1978044637859124,-1.1359348130316478,0.843390234702034,0.0203300050789397,2.544834667546148,0.0916498527891816,1.6361684038912965
30.0,291.0,130.05735778808594,-0.0216987655410684,1.611153473574213,-2.4647858427467133,-2.1972850871953944,-1.1354714165882256,0.8437218230452876,0.021275635647774,2.548152071608001,0.0987243374474082,1.653118811171982
30.0,291.0,130.06600952148438,-0.0211178222070299,1.6103847759290266,-2.4644209921066222,-2.197451737189725,-1.1360195367760717,0.84494901713653,0.0235738133036352,2.551092969434705,0.1096924112457049,1.689501870068402
30.0,291.0,130.05007934570312,-0.0216492080361169,1.612782530368635,-2.4640633209123783,-2.1983224557519137,-1.1363540054798134,0.8433670329916954,0.0206843414605977,2.544291230006971,0.0898934451815495,1.6282788016682477
30.0,292.0,130.05552673339844,-0.0219448377446581,1.6109124442208658,-2.464747230908141,-2.199546043171298,-1.1379286701921787,0.8419517192209616,0.0200882297049816,2.546195874933622,0.0985606921203807,1.6555892222059905
30.0,292.0,130.04908752441406,-0.0216486055786948,1.6116985933182748,-2.464040832295685,-2.198370103371164,-1.1364766257628227,0.8431946749031182,0.0187785215487817,2.5445714332718774,0.0919988112207554,1.6384618555305348
30.0,292.0,130.05189514160156,-0.0218450816812363,1.611179748604774,-2.464757349711861,-2.197647265221664,-1.1370279797446077,0.8422263105257055,0.0213702045564558,2.545054172228693,0.0876247171518467,1.626929803763966
30.0,292.0,205.40724182128903,-1.2471719392371754,0.7338063691250966,-3.6956164114227614,-2.6893020048638974,-1.4361633841990469,0.7509499775402746,-0.0265320376388999,2.5844589496606782,0.2214973721181175,2.0621365244733765
30.0,292.0,130.0497283935547,-0.0216978744103747,1.6111457141468952,-2.4651648936733688,-2.197929552844668,-1.1367944283902849,0.8436934711218105,0.0208879098118736,2.544791809214062,0.0914718671284588,1.639822169684067
30.0,292.0,130.05508422851562,-0.0215851316306924,1.61138171357318,-2.464436130140352,-2.1973453218199817,-1.1351219749052324,0.8436844993817694,0.0216133617484546,2.547344852251074,0.0988131358683905,1.6588438768966018
30.0,292.0,130.0630645751953,-0.0216732008648647,1.6104000746654863,-2.464311903911316,-2.197838001911028,-1.1338343355352851,0.8434963480397145,0.0203290343450785,2.547485600330873,0.0979554267298092,1.6621309960904656
30.0,292.0,130.05198669433594,-0.021861970604168,1.6110961233161862,-2.4642896825635825,-2.198536148790025,-1.135992749899872,0.8428333579901208,0.0199694844172249,2.544378092150299,0.0903535635437164,1.6407267518563855
30.0,292.0,130.07180786132812,-0.0198385588222231,1.613399746182087,-2.462447093375754,-2.1980275329727466,-1.133904304055262,0.846753119792344,0.0232432009304832,2.55281013637525,0.1129654286504708,1.6988241965863846
30.0,292.0,217.80987548828125,-0.7399219093249991,0.6265199654248446,-3.3812386568411683,-3.115740592719888,-2.4970438835882924,0.4187495791001843,-0.1164287251613381,2.541142812644273,0.2703581298861386,2.0687642066891287
30.0,292.0,193.84164428710932,-0.2284010159949239,1.254985395882912,-2.7269330474421305,-2.062439529102285,-1.1192821284253744,0.7984072486439088,-0.0266891164844478,2.5659322521901795,0.1754660780234186,2.1465596423882265
30.0,292.0,130.05307006835938,-0.021824046027588,1.6119677400654513,-2.464665356093939,-2.1983914453683897,-1.1340812861976337,0.8436076896462527,0.0193248794727229,2.5448439781553294,0.0945170197961228,1.645468475372877
30.0,292.0,130.05653381347656,-0.0215941043017488,1.6113714830563934,-2.463967116092324,-2.198097790094067,-1.133740883849679,0.8432953223499693,0.0212678956916509,2.5463640178440885,0.0910170784857611,1.6327015167909094
30.0,292.0,130.05943298339844,-0.0219935388981424,1.611654784197548,-2.464391722081144,-2.1978621726399625,-1.135164740549237,0.8441647053313863,0.0216243961061352,2.548972819704615,0.1042794801072972,1.672657701329092
30.0,292.0,130.06382751464844,-0.0210768488679159,1.6115787991621522,-2.4645104577406944,-2.196788547789148,-1.1355815644650034,0.8447191841079633,0.0238637801295413,2.551499621966451,0.1068880356271441,1.6810068068410342
30.0,292.0,130.07928466796875,-0.0260575111717201,1.6101996732202797,-2.464525477493161,-2.1972242671767823,-1.1327676171862628,0.8495841317060162,0.0234409887596069,2.5506852741713866,0.1075453170498392,1.6798955848567605
30.0,292.0,130.06161499023438,-0.0217938358370156,1.6086039872278686,-2.464858363702072,-2.1938699820020493,-1.132749807002707,0.8442898511055587,0.0204973249330661,2.5446540656517462,0.0911769190902223,1.637199773124167
30.0,292.0,130.06192016601562,-0.0212227208284233,1.6121891393135834,-2.4644960529301425,-2.197557934395194,-1.1352402371828656,0.8448065255323579,0.023225858376605,2.550122352548509,0.1069361541826877,1.6781502357479896
30.0,292.0,130.04898071289062,-0.0214816643520179,1.6107228313348996,-2.464231632083389,-2.198083770776924,-1.135455422041355,0.8432459775457689,0.0204289013622666,2.543990217066169,0.0923331432715986,1.638915259901087
30.0,292.0,130.0557861328125,-0.021950060006426,1.6103465451703822,-2.464573156004464,-2.1973772416705013,-1.1362059648757958,0.8420860949722972,0.0225155853847389,2.5437762415363983,0.0924533530165957,1.6382863292884453
30.0,292.0,130.05508422851562,-0.0215917127502649,1.6113969438955726,-2.4642392622748908,-2.1972729137267453,-1.1354305819137127,0.8436862674534593,0.0215826127776874,2.5476425025102127,0.0990705395538166,1.6571212981112315
30.0,292.0,130.05465698242188,-0.0217528011452332,1.609941927513521,-2.464484336499014,-2.196078624018953,-1.134373841517747,0.844577709856777,0.0207204430320063,2.544408157500356,0.0900949070432647,1.6395630068165004
30.0,292.0,130.05929565429688,-0.0229840345625731,1.6114034778586277,-2.463135100989458,-2.198956107014004,-1.1353923691199106,0.8443713943623992,0.0212979526481876,2.546670261713997,0.1009693553300359,1.66404534010716
30.0,292.0,130.06942749023438,-0.0219468168281905,1.61087327670683,-2.464344881917185,-2.1980714789687594,-1.1345717054621771,0.8458179531935374,0.0230429432536251,2.5519848361959903,0.1126151471956707,1.691251380271957
30.0,292.0,130.0575408935547,-0.021527892421395,1.6115680867118432,-2.464080063253406,-2.197770591502357,-1.1355609915311538,0.8441603384137748,0.0215621391719984,2.5483352543911977,0.1025906693272762,1.6664693592658557
30.0,292.0,130.05018615722656,-0.0216780294188571,1.61076430155581,-2.464502104028384,-2.1972578821756263,-1.135852597588053,0.8430317501244861,0.0196518610068411,2.5448655550674406,0.0917289125520039,1.6408397785802793
30.0,292.0,130.40908813476562,-0.0315226127681733,1.6135891542236698,-2.4644947224853406,-2.223249830126482,-1.1363471228465902,0.8443492998520472,0.0202393439606906,2.544736550380253,0.0925594327685888,1.6403090104433968
30.0,292.0,240.0376892089844,-0.818985015422538,0.7325545795717203,-3.463958090524869,-3.1745869837099026,-1.9281247841715203,0.2058466922336207,-0.3766659363291286,2.6001316734345754,0.2265875295001577,2.1979228280822705
30.0,292.0,130.06130981445312,-0.0216142234234416,1.611941311973024,-2.464798408174317,-2.197471051246846,-1.1351544359745211,0.8443040384815177,0.0236204972586364,2.5489907340305056,0.103108024306166,1.672783223110942
30.0,292.0,130.0700225830078,-0.021554109745988,1.6120439753754856,-2.4634945447088183,-2.1977249787071043,-1.1359977360920583,0.8464675320695966,0.0248784910245729,2.5535928169217965,0.114511753033331,1.699528858876211
30.0,292.0,130.05191040039062,-0.0216103169192173,1.611173667783028,-2.464329663060182,-2.197175796820039,-1.1368319036218175,0.843378400130921,0.020449808428361,2.5452982704844027,0.0913227362621661,1.632553576899001
30.0,292.0,130.05209350585938,-0.0223788771779303,1.6122069642903976,-2.4654455118828262,-2.199023779617566,-1.136404651011565,0.8431423473001629,0.0220115764237198,2.543886798245034,0.0917926378035946,1.639513588433673
30.0,292.0,130.0648651123047,-0.0209586972021701,1.6118468861961923,-2.464104249831065,-2.197373122657018,-1.1337570303689364,0.8454771529024306,0.0245756504370924,2.551118384301476,0.1032619142561943,1.665766227152196
30.0,292.0,130.04978942871094,-0.0216464645794393,1.6112083744761982,-2.4646985036829734,-2.1979397886327283,-1.1353591578489717,0.8431789827856472,0.0212616959712436,2.5447496053070533,0.0903470457597825,1.6366869458908022
30.0,292.0,130.0591278076172,-0.0216652174014381,1.6117185220728425,-2.463682103283752,-2.197851750715832,-1.1353838343319864,0.8442095501150251,0.0209804605194346,2.548019756429247,0.1036383784919287,1.6706206341096168
30.0,292.0,130.0558319091797,-0.02142506060963,1.611353403827015,-2.464690564325593,-2.1966773709083736,-1.136949504483431,0.8433222503402822,0.0215086772537168,2.546366898858368,0.0980053628216621,1.6538123037939174
30.0,292.0,241.8292388916016,-0.1770029634174741,0.9086897652103716,-2.820907162091961,-2.463371030913214,-1.1266373245710914,0.5907112638453498,-0.1675124845391706,2.5535216614193508,0.0927760035219205,1.5982721550461585
30.0,292.0,210.119873046875,-0.7610068930568665,0.5642124147423887,-3.726421416211226,-2.7995431788777383,-1.3708891968054873,0.679066308131347,0.0234932080174868,2.5843400721228726,0.297657964549431,2.1950618999519365
30.0,292.0,130.06036376953125,-0.0222114267946533,1.6116323288251029,-2.464402269059958,-2.197912699246993,-1.1350247526561337,0.843738197651714,0.0224388104393285,2.5490722839911584,0.1046284445153567,1.674020022052375
30.0,292.0,130.0487060546875,-0.0216368024874295,1.6111380716247112,-2.464375145085248,-2.198409721926585,-1.1362896167163996,0.8433292084282237,0.0205593501366317,2.544720628151877,0.0924429072835736,1.6389287305147868
30.0,292.0,205.575927734375,-0.8160173862793221,0.5906195673798553,-3.5501247184478806,-2.9220737949502533,-1.5276746941164658,0.7254873283981647,-0.0189028447691116,2.5943872451814447,0.2168908645567235,1.9760531472632008
30.0,292.0,130.06155395507812,-0.0215775363063054,1.611061185960011,-2.46501310085066,-2.197849701455941,-1.1349559228665942,0.8447758799481386,0.0219390213677063,2.5499945537550204,0.1062423555714915,1.677097478901885
30.0,292.0,130.0637969970703,-0.0208902406005644,1.6119734742103369,-2.464446091986895,-2.19710559809524,-1.1354421638064411,0.8450584025667578,0.0238041773645564,2.5516346855106327,0.107609505980238,1.6832541798756713
30.0,292.0,130.0644989013672,-0.0214179248292399,1.6128069766293551,-2.4646694673254155,-2.1997187233409914,-1.1352310118191995,0.8457633145446949,0.0229521221883603,2.5498708094247298,0.1066708785567443,1.680784104787331
30.0,292.0,130.06141662597656,-0.0212433152418556,1.6119415578478986,-2.464503045687366,-2.197957957645193,-1.135253556499711,0.8444462002684524,0.0231694186623434,2.55006490607497,0.106328143250225,1.676183812147586
30.0,292.0,130.05360412597656,-0.021830965370404,1.6106016269223422,-2.4644568325260625,-2.1979349341884657,-1.135914723390986,0.8430265273531342,0.0202700491937496,2.5459530031264,0.0975218353631115,1.6523076759659374
30.0,292.0,130.04888916015625,-0.021883906985149,1.6107591176043017,-2.464564565714871,-2.1978044637859124,-1.1359348130316478,0.843390234702034,0.0203300050789397,2.544834667546148,0.0916498527891816,1.6361684038912965
30.0,292.0,130.05735778808594,-0.0216987655410684,1.611153473574213,-2.4647858427467133,-2.1972850871953944,-1.1354714165882256,0.8437218230452876,0.021275635647774,2.548152071608001,0.0987243374474082,1.653118811171982
30.0,292.0,130.06600952148438,-0.0211178222070299,1.6103847759290266,-2.4644209921066222,-2.197451737189725,-1.1360195367760717,0.84494901713653,0.0235738133036352,2.551092969434705,0.1096924112457049,1.689501870068402
30.0,292.0,130.05007934570312,-0.0216492080361169,1.612782530368635,-2.4640633209123783,-2.1983224557519137,-1.1363540054798134,0.8433670329916954,0.0206843414605977,2.544291230006971,0.0898934451815495,1.6282788016682477
30.0,293.0,130.05552673339844,-0.0219448377446581,1.6109124442208658,-2.464747230908141,-2.199546043171298,-1.1379286701921787,0.8419517192209616,0.0200882297049816,2.546195874933622,0.0985606921203807,1.6555892222059905
30.0,293.0,130.04908752441406,-0.0216486055786948,1.6116985933182748,-2.464040832295685,-2.198370103371164,-1.1364766257628227,0.8431946749031182,0.0187785215487817,2.5445714332718774,0.0919988112207554,1.6384618555305348
30.0,293.0,130.05189514160156,-0.0218450816812363,1.611179748604774,-2.464757349711861,-2.197647265221664,-1.1370279797446077,0.8422263105257055,0.0213702045564558,2.545054172228693,0.0876247171518467,1.626929803763966
30.0,293.0,205.40724182128903,-1.2471719392371754,0.7338063691250966,-3.6956164114227614,-2.6893020048638974,-1.4361633841990469,0.7509499775402746,-0.0265320376388999,2.5844589496606782,0.2214973721181175,2.0621365244733765
30.0,293.0,130.0497283935547,-0.0216978744103747,1.6111457141468952,-2.4651648936733688,-2.197929552844668,-1.1367944283902849,0.8436934711218105,0.0208879098118736,2.544791809214062,0.0914718671284588,1.639822169684067
30.0,293.0,130.05508422851562,-0.0215851316306924,1.61138171357318,-2.464436130140352,-2.1973453218199817,-1.1351219749052324,0.8436844993817694,0.0216133617484546,2.547344852251074,0.0988131358683905,1.6588438768966018
30.0,293.0,130.0630645751953,-0.0216732008648647,1.6104000746654863,-2.464311903911316,-2.197838001911028,-1.1338343355352851,0.8434963480397145,0.0203290343450785,2.547485600330873,0.0979554267298092,1.6621309960904656
30.0,293.0,130.04969787597656,-0.0216952792949826,1.6111104892067614,-2.464404091044877,-2.198480219031838,-1.1359271763846386,0.8429964990258775,0.0205793595850209,2.5446659916302505,0.092619451400438,1.6376533860118438
30.0,293.0,130.07180786132812,-0.0198385588222231,1.613399746182087,-2.462447093375754,-2.1980275329727466,-1.133904304055262,0.846753119792344,0.0232432009304832,2.55281013637525,0.1129654286504708,1.6988241965863846
30.0,293.0,217.80987548828125,-0.7399219093249991,0.6265199654248446,-3.3812386568411683,-3.115740592719888,-2.4970438835882924,0.4187495791001843,-0.1164287251613381,2.541142812644273,0.2703581298861386,2.0687642066891287
30.0,293.0,193.84164428710932,-0.2284010159949239,1.254985395882912,-2.7269330474421305,-2.062439529102285,-1.1192821284253744,0.7984072486439088,-0.0266891164844478,2.5659322521901795,0.1754660780234186,2.1465596423882265
30.0,293.0,130.05020141601562,-0.0219240252293426,1.6118165352369278,-2.4647603170903407,-2.1984006772835407,-1.1347948689082756,0.843931526575266,0.0200044144656336,2.544048328419591,0.0932314684047155,1.6408495674475017
30.0,293.0,130.05653381347656,-0.0215941043017488,1.6113714830563934,-2.463967116092324,-2.198097790094067,-1.133740883849679,0.8432953223499693,0.0212678956916509,2.5463640178440885,0.0910170784857611,1.6327015167909094
30.0,293.0,130.05943298339844,-0.0219935388981424,1.611654784197548,-2.464391722081144,-2.1978621726399625,-1.135164740549237,0.8441647053313863,0.0216243961061352,2.548972819704615,0.1042794801072972,1.672657701329092
30.0,293.0,130.06382751464844,-0.0210768488679159,1.6115787991621522,-2.4645104577406944,-2.196788547789148,-1.1355815644650034,0.8447191841079633,0.0238637801295413,2.551499621966451,0.1068880356271441,1.6810068068410342
30.0,293.0,130.07928466796875,-0.0260575111717201,1.6101996732202797,-2.464525477493161,-2.1972242671767823,-1.1327676171862628,0.8495841317060162,0.0234409887596069,2.5506852741713866,0.1075453170498392,1.6798955848567605
30.0,293.0,130.06161499023438,-0.0217938358370156,1.6086039872278686,-2.464858363702072,-2.1938699820020493,-1.132749807002707,0.8442898511055587,0.0204973249330661,2.5446540656517462,0.0911769190902223,1.637199773124167
30.0,293.0,130.06192016601562,-0.0212227208284233,1.6121891393135834,-2.4644960529301425,-2.197557934395194,-1.1352402371828656,0.8448065255323579,0.023225858376605,2.550122352548509,0.1069361541826877,1.6781502357479896
30.0,293.0,130.04898071289062,-0.0214816643520179,1.6107228313348996,-2.464231632083389,-2.198083770776924,-1.135455422041355,0.8432459775457689,0.0204289013622666,2.543990217066169,0.0923331432715986,1.638915259901087
30.0,293.0,130.05010986328125,-0.022376186818359,1.61212771002672,-2.464515201424401,-2.198196541105155,-1.1359259851953427,0.842676385700705,0.0182734977104748,2.5433948115503537,0.0924660326481505,1.6387516558791924
30.0,293.0,130.05508422851562,-0.0215917127502649,1.6113969438955726,-2.4642392622748908,-2.1972729137267453,-1.1354305819137127,0.8436862674534593,0.0215826127776874,2.5476425025102127,0.0990705395538166,1.6571212981112315
30.0,293.0,130.05465698242188,-0.0217528011452332,1.609941927513521,-2.464484336499014,-2.196078624018953,-1.134373841517747,0.844577709856777,0.0207204430320063,2.544408157500356,0.0900949070432647,1.6395630068165004
30.0,293.0,130.05929565429688,-0.0229840345625731,1.6114034778586277,-2.463135100989458,-2.198956107014004,-1.1353923691199106,0.8443713943623992,0.0212979526481876,2.546670261713997,0.1009693553300359,1.66404534010716
30.0,293.0,130.0691375732422,-0.0217069222685867,1.6109875326985197,-2.4644355935395224,-2.1986234257686115,-1.1367898793349518,0.8441518156614013,0.0210095970370212,2.551896187253931,0.1053956659519753,1.670276026683342
30.0,293.0,130.0575408935547,-0.021527892421395,1.6115680867118432,-2.464080063253406,-2.197770591502357,-1.1355609915311538,0.8441603384137748,0.0215621391719984,2.5483352543911977,0.1025906693272762,1.6664693592658557
30.0,293.0,130.05018615722656,-0.0216780294188571,1.61076430155581,-2.464502104028384,-2.1972578821756263,-1.135852597588053,0.8430317501244861,0.0196518610068411,2.5448655550674406,0.0917289125520039,1.6408397785802793
30.0,293.0,130.40908813476562,-0.0315226127681733,1.6135891542236698,-2.4644947224853406,-2.223249830126482,-1.1363471228465902,0.8443492998520472,0.0202393439606906,2.544736550380253,0.0925594327685888,1.6403090104433968
30.0,293.0,240.0376892089844,-0.818985015422538,0.7325545795717203,-3.463958090524869,-3.1745869837099026,-1.9281247841715203,0.2058466922336207,-0.3766659363291286,2.6001316734345754,0.2265875295001577,2.1979228280822705
30.0,293.0,130.06130981445312,-0.0216142234234416,1.611941311973024,-2.464798408174317,-2.197471051246846,-1.1351544359745211,0.8443040384815177,0.0236204972586364,2.5489907340305056,0.103108024306166,1.672783223110942
30.0,293.0,130.0700225830078,-0.021554109745988,1.6120439753754856,-2.4634945447088183,-2.1977249787071043,-1.1359977360920583,0.8464675320695966,0.0248784910245729,2.5535928169217965,0.114511753033331,1.699528858876211
30.0,293.0,130.05191040039062,-0.0216103169192173,1.611173667783028,-2.464329663060182,-2.197175796820039,-1.1368319036218175,0.843378400130921,0.020449808428361,2.5452982704844027,0.0913227362621661,1.632553576899001
30.0,293.0,130.05043029785156,-0.0215055021856584,1.6097498717467194,-2.4657909972379994,-2.1982758067060097,-1.1363249212554392,0.8434611291310671,0.0207191835275573,2.5438743277377256,0.0926662041189302,1.6393076449839263
30.0,293.0,130.0648651123047,-0.0209586972021701,1.6118468861961923,-2.464104249831065,-2.197373122657018,-1.1337570303689364,0.8454771529024306,0.0245756504370924,2.551118384301476,0.1032619142561943,1.665766227152196
30.0,293.0,130.04978942871094,-0.0216464645794393,1.6112083744761982,-2.4646985036829734,-2.1979397886327283,-1.1353591578489717,0.8431789827856472,0.0212616959712436,2.5447496053070533,0.0903470457597825,1.6366869458908022
30.0,293.0,130.0591278076172,-0.0216652174014381,1.6117185220728425,-2.463682103283752,-2.197851750715832,-1.1353838343319864,0.8442095501150251,0.0209804605194346,2.548019756429247,0.1036383784919287,1.6706206341096168
30.0,293.0,130.0558319091797,-0.02142506060963,1.611353403827015,-2.464690564325593,-2.1966773709083736,-1.136949504483431,0.8433222503402822,0.0215086772537168,2.546366898858368,0.0980053628216621,1.6538123037939174
30.0,293.0,241.8292388916016,-0.1770029634174741,0.9086897652103716,-2.820907162091961,-2.463371030913214,-1.1266373245710914,0.5907112638453498,-0.1675124845391706,2.5535216614193508,0.0927760035219205,1.5982721550461585
30.0,293.0,210.119873046875,-0.7610068930568665,0.5642124147423887,-3.726421416211226,-2.7995431788777383,-1.3708891968054873,0.679066308131347,0.0234932080174868,2.5843400721228726,0.297657964549431,2.1950618999519365
30.0,293.0,130.06036376953125,-0.0222114267946533,1.6116323288251029,-2.464402269059958,-2.197912699246993,-1.1350247526561337,0.843738197651714,0.0224388104393285,2.5490722839911584,0.1046284445153567,1.674020022052375
30.0,293.0,130.0487060546875,-0.0216368024874295,1.6111380716247112,-2.464375145085248,-2.198409721926585,-1.1362896167163996,0.8433292084282237,0.0205593501366317,2.544720628151877,0.0924429072835736,1.6389287305147868
30.0,293.0,205.575927734375,-0.8160173862793221,0.5906195673798553,-3.5501247184478806,-2.9220737949502533,-1.5276746941164658,0.7254873283981647,-0.0189028447691116,2.5943872451814447,0.2168908645567235,1.9760531472632008
30.0,293.0,130.06155395507812,-0.0215775363063054,1.611061185960011,-2.46501310085066,-2.197849701455941,-1.1349559228665942,0.8447758799481386,0.0219390213677063,2.5499945537550204,0.1062423555714915,1.677097478901885
30.0,293.0,130.0637969970703,-0.0208902406005644,1.6119734742103369,-2.464446091986895,-2.19710559809524,-1.1354421638064411,0.8450584025667578,0.0238041773645564,2.5516346855106327,0.107609505980238,1.6832541798756713
30.0,293.0,130.0644989013672,-0.0214179248292399,1.6128069766293551,-2.4646694673254155,-2.1997187233409914,-1.1352310118191995,0.8457633145446949,0.0229521221883603,2.5498708094247298,0.1066708785567443,1.680784104787331
30.0,293.0,130.06141662597656,-0.0212433152418556,1.6119415578478986,-2.464503045687366,-2.197957957645193,-1.135253556499711,0.8444462002684524,0.0231694186623434,2.55006490607497,0.106328143250225,1.676183812147586
30.0,293.0,130.05360412597656,-0.021830965370404,1.6106016269223422,-2.4644568325260625,-2.1979349341884657,-1.135914723390986,0.8430265273531342,0.0202700491937496,2.5459530031264,0.0975218353631115,1.6523076759659374
30.0,293.0,130.04876708984375,-0.0215148492828314,1.6107326308050165,-2.464372245124277,-2.197761712679289,-1.1359550023073737,0.843722545915615,0.0206261968361187,2.5447103585508275,0.0919605172925755,1.6381067243197691
30.0,293.0,130.05735778808594,-0.0216987655410684,1.611153473574213,-2.4647858427467133,-2.1972850871953944,-1.1354714165882256,0.8437218230452876,0.021275635647774,2.548152071608001,0.0987243374474082,1.653118811171982
30.0,293.0,130.06600952148438,-0.0211178222070299,1.6103847759290266,-2.4644209921066222,-2.197451737189725,-1.1360195367760717,0.84494901713653,0.0235738133036352,2.551092969434705,0.1096924112457049,1.689501870068402
30.0,293.0,130.05007934570312,-0.0216492080361169,1.612782530368635,-2.4640633209123783,-2.1983224557519137,-1.1363540054798134,0.8433670329916954,0.0206843414605977,2.544291230006971,0.0898934451815495,1.6282788016682477
30.0,294.0,130.05552673339844,-0.0219448377446581,1.6109124442208658,-2.464747230908141,-2.199546043171298,-1.1379286701921787,0.8419517192209616,0.0200882297049816,2.546195874933622,0.0985606921203807,1.6555892222059905
30.0,294.0,130.04847717285156,-0.0216187644246104,1.611002903754044,-2.464352703394677,-2.198395857614887,-1.1363439174775136,0.8435810191134405,0.0207406885799324,2.5440994004003867,0.0922304495416739,1.6387731694161798
30.0,294.0,130.05189514160156,-0.0218450816812363,1.611179748604774,-2.464757349711861,-2.197647265221664,-1.1370279797446077,0.8422263105257055,0.0213702045564558,2.545054172228693,0.0876247171518467,1.626929803763966
30.0,294.0,205.40724182128903,-1.2471719392371754,0.7338063691250966,-3.6956164114227614,-2.6893020048638974,-1.4361633841990469,0.7509499775402746,-0.0265320376388999,2.5844589496606782,0.2214973721181175,2.0621365244733765
30.0,294.0,130.0497283935547,-0.0216978744103747,1.6111457141468952,-2.4651648936733688,-2.197929552844668,-1.1367944283902849,0.8436934711218105,0.0208879098118736,2.544791809214062,0.0914718671284588,1.639822169684067
30.0,294.0,130.05508422851562,-0.0215851316306924,1.61138171357318,-2.464436130140352,-2.1973453218199817,-1.1351219749052324,0.8436844993817694,0.0216133617484546,2.547344852251074,0.0988131358683905,1.6588438768966018
30.0,294.0,130.0630645751953,-0.0216732008648647,1.6104000746654863,-2.464311903911316,-2.197838001911028,-1.1338343355352851,0.8434963480397145,0.0203290343450785,2.547485600330873,0.0979554267298092,1.6621309960904656
30.0,294.0,130.04969787597656,-0.0216952792949826,1.6111104892067614,-2.464404091044877,-2.198480219031838,-1.1359271763846386,0.8429964990258775,0.0205793595850209,2.5446659916302505,0.092619451400438,1.6376533860118438
30.0,294.0,130.07180786132812,-0.0198385588222231,1.613399746182087,-2.462447093375754,-2.1980275329727466,-1.133904304055262,0.846753119792344,0.0232432009304832,2.55281013637525,0.1129654286504708,1.6988241965863846
30.0,294.0,217.80987548828125,-0.7399219093249991,0.6265199654248446,-3.3812386568411683,-3.115740592719888,-2.4970438835882924,0.4187495791001843,-0.1164287251613381,2.541142812644273,0.2703581298861386,2.0687642066891287
30.0,294.0,193.84164428710932,-0.2284010159949239,1.254985395882912,-2.7269330474421305,-2.062439529102285,-1.1192821284253744,0.7984072486439088,-0.0266891164844478,2.5659322521901795,0.1754660780234186,2.1465596423882265
30.0,294.0,130.04981994628906,-0.0214356069693583,1.611277674210442,-2.4642193054900567,-2.1983902586074167,-1.136666310190968,0.8441128692928518,0.0210836209462107,2.545151629757293,0.0914453990645726,1.6393862031838744
30.0,294.0,130.05653381347656,-0.0215941043017488,1.6113714830563934,-2.463967116092324,-2.198097790094067,-1.133740883849679,0.8432953223499693,0.0212678956916509,2.5463640178440885,0.0910170784857611,1.6327015167909094
30.0,294.0,130.05943298339844,-0.0219935388981424,1.611654784197548,-2.464391722081144,-2.1978621726399625,-1.135164740549237,0.8441647053313863,0.0216243961061352,2.548972819704615,0.1042794801072972,1.672657701329092
30.0,294.0,130.06382751464844,-0.0210768488679159,1.6115787991621522,-2.4645104577406944,-2.196788547789148,-1.1355815644650034,0.8447191841079633,0.0238637801295413,2.551499621966451,0.1068880356271441,1.6810068068410342
30.0,294.0,130.07928466796875,-0.0260575111717201,1.6101996732202797,-2.464525477493161,-2.1972242671767823,-1.1327676171862628,0.8495841317060162,0.0234409887596069,2.5506852741713866,0.1075453170498392,1.6798955848567605
30.0,294.0,130.06161499023438,-0.0217938358370156,1.6086039872278686,-2.464858363702072,-2.1938699820020493,-1.132749807002707,0.8442898511055587,0.0204973249330661,2.5446540656517462,0.0911769190902223,1.637199773124167
30.0,294.0,130.06192016601562,-0.0212227208284233,1.6121891393135834,-2.4644960529301425,-2.197557934395194,-1.1352402371828656,0.8448065255323579,0.023225858376605,2.550122352548509,0.1069361541826877,1.6781502357479896
30.0,294.0,130.04898071289062,-0.0214816643520179,1.6107228313348996,-2.464231632083389,-2.198083770776924,-1.135455422041355,0.8432459775457689,0.0204289013622666,2.543990217066169,0.0923331432715986,1.638915259901087
30.0,294.0,130.05010986328125,-0.022376186818359,1.61212771002672,-2.464515201424401,-2.198196541105155,-1.1359259851953427,0.842676385700705,0.0182734977104748,2.5433948115503537,0.0924660326481505,1.6387516558791924
30.0,294.0,130.05508422851562,-0.0215917127502649,1.6113969438955726,-2.4642392622748908,-2.1972729137267453,-1.1354305819137127,0.8436862674534593,0.0215826127776874,2.5476425025102127,0.0990705395538166,1.6571212981112315
30.0,294.0,130.05465698242188,-0.0217528011452332,1.609941927513521,-2.464484336499014,-2.196078624018953,-1.134373841517747,0.844577709856777,0.0207204430320063,2.544408157500356,0.0900949070432647,1.6395630068165004
30.0,294.0,130.05616760253906,-0.0207874117304423,1.611692071842865,-2.4653156124688382,-2.198471351939334,-1.135431567207266,0.8440936843741471,0.0208668817305593,2.5442838672014214,0.0957267662145149,1.6428729050733557
30.0,294.0,130.0691375732422,-0.0217069222685867,1.6109875326985197,-2.4644355935395224,-2.1986234257686115,-1.1367898793349518,0.8441518156614013,0.0210095970370212,2.551896187253931,0.1053956659519753,1.670276026683342
30.0,294.0,130.0575408935547,-0.021527892421395,1.6115680867118432,-2.464080063253406,-2.197770591502357,-1.1355609915311538,0.8441603384137748,0.0215621391719984,2.5483352543911977,0.1025906693272762,1.6664693592658557
30.0,294.0,130.05018615722656,-0.0216780294188571,1.61076430155581,-2.464502104028384,-2.1972578821756263,-1.135852597588053,0.8430317501244861,0.0196518610068411,2.5448655550674406,0.0917289125520039,1.6408397785802793
30.0,294.0,130.40908813476562,-0.0315226127681733,1.6135891542236698,-2.4644947224853406,-2.223249830126482,-1.1363471228465902,0.8443492998520472,0.0202393439606906,2.544736550380253,0.0925594327685888,1.6403090104433968
30.0,294.0,240.0376892089844,-0.818985015422538,0.7325545795717203,-3.463958090524869,-3.1745869837099026,-1.9281247841715203,0.2058466922336207,-0.3766659363291286,2.6001316734345754,0.2265875295001577,2.1979228280822705
30.0,294.0,130.06130981445312,-0.0216142234234416,1.611941311973024,-2.464798408174317,-2.197471051246846,-1.1351544359745211,0.8443040384815177,0.0236204972586364,2.5489907340305056,0.103108024306166,1.672783223110942
30.0,294.0,130.0700225830078,-0.021554109745988,1.6120439753754856,-2.4634945447088183,-2.1977249787071043,-1.1359977360920583,0.8464675320695966,0.0248784910245729,2.5535928169217965,0.114511753033331,1.699528858876211
30.0,294.0,130.0509490966797,-0.0216628192015977,1.6111708516512635,-2.4643742980680345,-2.1994467835095626,-1.1360541894063894,0.8433840211254084,0.0203670655000296,2.5431091235543057,0.09328350384202,1.6431760231145809
30.0,294.0,130.05043029785156,-0.0215055021856584,1.6097498717467194,-2.4657909972379994,-2.1982758067060097,-1.1363249212554392,0.8434611291310671,0.0207191835275573,2.5438743277377256,0.0926662041189302,1.6393076449839263
30.0,294.0,130.0648651123047,-0.0209586972021701,1.6118468861961923,-2.464104249831065,-2.197373122657018,-1.1337570303689364,0.8454771529024306,0.0245756504370924,2.551118384301476,0.1032619142561943,1.665766227152196
30.0,294.0,130.04978942871094,-0.0216464645794393,1.6112083744761982,-2.4646985036829734,-2.1979397886327283,-1.1353591578489717,0.8431789827856472,0.0212616959712436,2.5447496053070533,0.0903470457597825,1.6366869458908022
30.0,294.0,130.0591278076172,-0.0216652174014381,1.6117185220728425,-2.463682103283752,-2.197851750715832,-1.1353838343319864,0.8442095501150251,0.0209804605194346,2.548019756429247,0.1036383784919287,1.6706206341096168
30.0,294.0,130.0558319091797,-0.02142506060963,1.611353403827015,-2.464690564325593,-2.1966773709083736,-1.136949504483431,0.8433222503402822,0.0215086772537168,2.546366898858368,0.0980053628216621,1.6538123037939174
30.0,294.0,241.8292388916016,-0.1770029634174741,0.9086897652103716,-2.820907162091961,-2.463371030913214,-1.1266373245710914,0.5907112638453498,-0.1675124845391706,2.5535216614193508,0.0927760035219205,1.5982721550461585
30.0,294.0,210.119873046875,-0.7610068930568665,0.5642124147423887,-3.726421416211226,-2.7995431788777383,-1.3708891968054873,0.679066308131347,0.0234932080174868,2.5843400721228726,0.297657964549431,2.1950618999519365
30.0,294.0,130.06036376953125,-0.0222114267946533,1.6116323288251029,-2.464402269059958,-2.197912699246993,-1.1350247526561337,0.843738197651714,0.0224388104393285,2.5490722839911584,0.1046284445153567,1.674020022052375
30.0,294.0,130.0487060546875,-0.0216368024874295,1.6111380716247112,-2.464375145085248,-2.198409721926585,-1.1362896167163996,0.8433292084282237,0.0205593501366317,2.544720628151877,0.0924429072835736,1.6389287305147868
30.0,294.0,205.575927734375,-0.8160173862793221,0.5906195673798553,-3.5501247184478806,-2.9220737949502533,-1.5276746941164658,0.7254873283981647,-0.0189028447691116,2.5943872451814447,0.2168908645567235,1.9760531472632008
30.0,294.0,130.06155395507812,-0.0215775363063054,1.611061185960011,-2.46501310085066,-2.197849701455941,-1.1349559228665942,0.8447758799481386,0.0219390213677063,2.5499945537550204,0.1062423555714915,1.677097478901885
30.0,294.0,130.0637969970703,-0.0208902406005644,1.6119734742103369,-2.464446091986895,-2.19710559809524,-1.1354421638064411,0.8450584025667578,0.0238041773645564,2.5516346855106327,0.107609505980238,1.6832541798756713
30.0,294.0,130.0644989013672,-0.0214179248292399,1.6128069766293551,-2.4646694673254155,-2.1997187233409914,-1.1352310118191995,0.8457633145446949,0.0229521221883603,2.5498708094247298,0.1066708785567443,1.680784104787331
30.0,294.0,130.06141662597656,-0.0212433152418556,1.6119415578478986,-2.464503045687366,-2.197957957645193,-1.135253556499711,0.8444462002684524,0.0231694186623434,2.55006490607497,0.106328143250225,1.676183812147586
30.0,294.0,130.05360412597656,-0.021830965370404,1.6106016269223422,-2.4644568325260625,-2.1979349341884657,-1.135914723390986,0.8430265273531342,0.0202700491937496,2.5459530031264,0.0975218353631115,1.6523076759659374
30.0,294.0,130.04876708984375,-0.0215148492828314,1.6107326308050165,-2.464372245124277,-2.197761712679289,-1.1359550023073737,0.843722545915615,0.0206261968361187,2.5447103585508275,0.0919605172925755,1.6381067243197691
30.0,294.0,130.0573272705078,-0.021415136837653,1.6113637649117114,-2.4651129739925,-2.20072087286597,-1.1371438319263083,0.8438908211854622,0.0206924685555349,2.5415551462370893,0.0931557446339507,1.6444959372216288
30.0,294.0,130.06600952148438,-0.0211178222070299,1.6103847759290266,-2.4644209921066222,-2.197451737189725,-1.1360195367760717,0.84494901713653,0.0235738133036352,2.551092969434705,0.1096924112457049,1.689501870068402
30.0,294.0,130.05007934570312,-0.0216492080361169,1.612782530368635,-2.4640633209123783,-2.1983224557519137,-1.1363540054798134,0.8433670329916954,0.0206843414605977,2.544291230006971,0.0898934451815495,1.6282788016682477
30.0,295.0,130.05552673339844,-0.0219448377446581,1.6109124442208658,-2.464747230908141,-2.199546043171298,-1.1379286701921787,0.8419517192209616,0.0200882297049816,2.546195874933622,0.0985606921203807,1.6555892222059905
30.0,295.0,130.04847717285156,-0.0216187644246104,1.611002903754044,-2.464352703394677,-2.198395857614887,-1.1363439174775136,0.8435810191134405,0.0207406885799324,2.5440994004003867,0.0922304495416739,1.6387731694161798
30.0,295.0,130.05189514160156,-0.0218450816812363,1.611179748604774,-2.464757349711861,-2.197647265221664,-1.1370279797446077,0.8422263105257055,0.0213702045564558,2.545054172228693,0.0876247171518467,1.626929803763966
30.0,295.0,205.40724182128903,-1.2471719392371754,0.7338063691250966,-3.6956164114227614,-2.6893020048638974,-1.4361633841990469,0.7509499775402746,-0.0265320376388999,2.5844589496606782,0.2214973721181175,2.0621365244733765
30.0,295.0,130.0488739013672,-0.0216380201711006,1.6110258252276064,-2.464726089743124,-2.1982004335907583,-1.1368751979252294,0.8435629180536662,0.0207971010590804,2.544892047752164,0.091493345244736,1.6380641591255451
30.0,295.0,130.05508422851562,-0.0215851316306924,1.61138171357318,-2.464436130140352,-2.1973453218199817,-1.1351219749052324,0.8436844993817694,0.0216133617484546,2.547344852251074,0.0988131358683905,1.6588438768966018
30.0,295.0,130.0630645751953,-0.0216732008648647,1.6104000746654863,-2.464311903911316,-2.197838001911028,-1.1338343355352851,0.8434963480397145,0.0203290343450785,2.547485600330873,0.0979554267298092,1.6621309960904656
30.0,295.0,130.04969787597656,-0.0216952792949826,1.6111104892067614,-2.464404091044877,-2.198480219031838,-1.1359271763846386,0.8429964990258775,0.0205793595850209,2.5446659916302505,0.092619451400438,1.6376533860118438
30.0,295.0,130.07180786132812,-0.0198385588222231,1.613399746182087,-2.462447093375754,-2.1980275329727466,-1.133904304055262,0.846753119792344,0.0232432009304832,2.55281013637525,0.1129654286504708,1.6988241965863846
30.0,295.0,217.80987548828125,-0.7399219093249991,0.6265199654248446,-3.3812386568411683,-3.115740592719888,-2.4970438835882924,0.4187495791001843,-0.1164287251613381,2.541142812644273,0.2703581298861386,2.0687642066891287
30.0,295.0,193.84164428710932,-0.2284010159949239,1.254985395882912,-2.7269330474421305,-2.062439529102285,-1.1192821284253744,0.7984072486439088,-0.0266891164844478,2.5659322521901795,0.1754660780234186,2.1465596423882265
30.0,295.0,130.04981994628906,-0.0214356069693583,1.611277674210442,-2.4642193054900567,-2.1983902586074167,-1.136666310190968,0.8441128692928518,0.0210836209462107,2.545151629757293,0.0914453990645726,1.6393862031838744
30.0,295.0,130.05653381347656,-0.0215941043017488,1.6113714830563934,-2.463967116092324,-2.198097790094067,-1.133740883849679,0.8432953223499693,0.0212678956916509,2.5463640178440885,0.0910170784857611,1.6327015167909094
30.0,295.0,130.05943298339844,-0.0219935388981424,1.611654784197548,-2.464391722081144,-2.1978621726399625,-1.135164740549237,0.8441647053313863,0.0216243961061352,2.548972819704615,0.1042794801072972,1.672657701329092
30.0,295.0,130.06382751464844,-0.0210768488679159,1.6115787991621522,-2.4645104577406944,-2.196788547789148,-1.1355815644650034,0.8447191841079633,0.0238637801295413,2.551499621966451,0.1068880356271441,1.6810068068410342
30.0,295.0,130.07928466796875,-0.0260575111717201,1.6101996732202797,-2.464525477493161,-2.1972242671767823,-1.1327676171862628,0.8495841317060162,0.0234409887596069,2.5506852741713866,0.1075453170498392,1.6798955848567605
30.0,295.0,130.06161499023438,-0.0217938358370156,1.6086039872278686,-2.464858363702072,-2.1938699820020493,-1.132749807002707,0.8442898511055587,0.0204973249330661,2.5446540656517462,0.0911769190902223,1.637199773124167
30.0,295.0,130.06192016601562,-0.0212227208284233,1.6121891393135834,-2.4644960529301425,-2.197557934395194,-1.1352402371828656,0.8448065255323579,0.023225858376605,2.550122352548509,0.1069361541826877,1.6781502357479896
30.0,295.0,130.04898071289062,-0.0214816643520179,1.6107228313348996,-2.464231632083389,-2.198083770776924,-1.135455422041355,0.8432459775457689,0.0204289013622666,2.543990217066169,0.0923331432715986,1.638915259901087
30.0,295.0,130.05010986328125,-0.022376186818359,1.61212771002672,-2.464515201424401,-2.198196541105155,-1.1359259851953427,0.842676385700705,0.0182734977104748,2.5433948115503537,0.0924660326481505,1.6387516558791924
30.0,295.0,130.05508422851562,-0.0215917127502649,1.6113969438955726,-2.4642392622748908,-2.1972729137267453,-1.1354305819137127,0.8436862674534593,0.0215826127776874,2.5476425025102127,0.0990705395538166,1.6571212981112315
30.0,295.0,130.05465698242188,-0.0217528011452332,1.609941927513521,-2.464484336499014,-2.196078624018953,-1.134373841517747,0.844577709856777,0.0207204430320063,2.544408157500356,0.0900949070432647,1.6395630068165004
30.0,295.0,130.0494384765625,-0.0207924421084365,1.611202959315155,-2.465653772947734,-2.198079830550186,-1.1358719462591629,0.8435822916636303,0.0207519889401875,2.5438306099791297,0.0891171058478881,1.6352055028660104
30.0,295.0,130.0691375732422,-0.0217069222685867,1.6109875326985197,-2.4644355935395224,-2.1986234257686115,-1.1367898793349518,0.8441518156614013,0.0210095970370212,2.551896187253931,0.1053956659519753,1.670276026683342
30.0,295.0,130.0575408935547,-0.021527892421395,1.6115680867118432,-2.464080063253406,-2.197770591502357,-1.1355609915311538,0.8441603384137748,0.0215621391719984,2.5483352543911977,0.1025906693272762,1.6664693592658557
30.0,295.0,130.05018615722656,-0.0216780294188571,1.61076430155581,-2.464502104028384,-2.1972578821756263,-1.135852597588053,0.8430317501244861,0.0196518610068411,2.5448655550674406,0.0917289125520039,1.6408397785802793
30.0,295.0,130.40908813476562,-0.0315226127681733,1.6135891542236698,-2.4644947224853406,-2.223249830126482,-1.1363471228465902,0.8443492998520472,0.0202393439606906,2.544736550380253,0.0925594327685888,1.6403090104433968
30.0,295.0,240.0376892089844,-0.818985015422538,0.7325545795717203,-3.463958090524869,-3.1745869837099026,-1.9281247841715203,0.2058466922336207,-0.3766659363291286,2.6001316734345754,0.2265875295001577,2.1979228280822705
30.0,295.0,130.06130981445312,-0.0216142234234416,1.611941311973024,-2.464798408174317,-2.197471051246846,-1.1351544359745211,0.8443040384815177,0.0236204972586364,2.5489907340305056,0.103108024306166,1.672783223110942
30.0,295.0,130.0700225830078,-0.021554109745988,1.6120439753754856,-2.4634945447088183,-2.1977249787071043,-1.1359977360920583,0.8464675320695966,0.0248784910245729,2.5535928169217965,0.114511753033331,1.699528858876211
30.0,295.0,130.05064392089844,-0.0215890948591134,1.6111459304260554,-2.464321171587581,-2.198270234476356,-1.1358593383689355,0.8436848682765672,0.0202617999403549,2.5436987660992374,0.0934470507123897,1.639168615448383
30.0,295.0,130.05015563964844,-0.0217611709977811,1.611652951238937,-2.465624210032144,-2.198636751643104,-1.136360676656699,0.8435554625546843,0.0216500367314291,2.544250204877627,0.0922390231970334,1.6387671533823949
30.0,295.0,130.0648651123047,-0.0209586972021701,1.6118468861961923,-2.464104249831065,-2.197373122657018,-1.1337570303689364,0.8454771529024306,0.0245756504370924,2.551118384301476,0.1032619142561943,1.665766227152196
30.0,295.0,130.04978942871094,-0.0216464645794393,1.6112083744761982,-2.4646985036829734,-2.1979397886327283,-1.1353591578489717,0.8431789827856472,0.0212616959712436,2.5447496053070533,0.0903470457597825,1.6366869458908022
30.0,295.0,130.0591278076172,-0.0216652174014381,1.6117185220728425,-2.463682103283752,-2.197851750715832,-1.1353838343319864,0.8442095501150251,0.0209804605194346,2.548019756429247,0.1036383784919287,1.6706206341096168
30.0,295.0,130.0558319091797,-0.02142506060963,1.611353403827015,-2.464690564325593,-2.1966773709083736,-1.136949504483431,0.8433222503402822,0.0215086772537168,2.546366898858368,0.0980053628216621,1.6538123037939174
30.0,295.0,241.8292388916016,-0.1770029634174741,0.9086897652103716,-2.820907162091961,-2.463371030913214,-1.1266373245710914,0.5907112638453498,-0.1675124845391706,2.5535216614193508,0.0927760035219205,1.5982721550461585
30.0,295.0,210.119873046875,-0.7610068930568665,0.5642124147423887,-3.726421416211226,-2.7995431788777383,-1.3708891968054873,0.679066308131347,0.0234932080174868,2.5843400721228726,0.297657964549431,2.1950618999519365
30.0,295.0,130.06036376953125,-0.0222114267946533,1.6116323288251029,-2.464402269059958,-2.197912699246993,-1.1350247526561337,0.843738197651714,0.0224388104393285,2.5490722839911584,0.1046284445153567,1.674020022052375
30.0,295.0,130.0487060546875,-0.0216368024874295,1.6111380716247112,-2.464375145085248,-2.198409721926585,-1.1362896167163996,0.8433292084282237,0.0205593501366317,2.544720628151877,0.0924429072835736,1.6389287305147868
30.0,295.0,205.575927734375,-0.8160173862793221,0.5906195673798553,-3.5501247184478806,-2.9220737949502533,-1.5276746941164658,0.7254873283981647,-0.0189028447691116,2.5943872451814447,0.2168908645567235,1.9760531472632008
30.0,295.0,130.06155395507812,-0.0215775363063054,1.611061185960011,-2.46501310085066,-2.197849701455941,-1.1349559228665942,0.8447758799481386,0.0219390213677063,2.5499945537550204,0.1062423555714915,1.677097478901885
30.0,295.0,130.0637969970703,-0.0208902406005644,1.6119734742103369,-2.464446091986895,-2.19710559809524,-1.1354421638064411,0.8450584025667578,0.0238041773645564,2.5516346855106327,0.107609505980238,1.6832541798756713
30.0,295.0,130.0644989013672,-0.0214179248292399,1.6128069766293551,-2.4646694673254155,-2.1997187233409914,-1.1352310118191995,0.8457633145446949,0.0229521221883603,2.5498708094247298,0.1066708785567443,1.680784104787331
30.0,295.0,130.06141662597656,-0.0212433152418556,1.6119415578478986,-2.464503045687366,-2.197957957645193,-1.135253556499711,0.8444462002684524,0.0231694186623434,2.55006490607497,0.106328143250225,1.676183812147586
30.0,295.0,130.05360412597656,-0.021830965370404,1.6106016269223422,-2.4644568325260625,-2.1979349341884657,-1.135914723390986,0.8430265273531342,0.0202700491937496,2.5459530031264,0.0975218353631115,1.6523076759659374
30.0,295.0,130.04876708984375,-0.0215148492828314,1.6107326308050165,-2.464372245124277,-2.197761712679289,-1.1359550023073737,0.843722545915615,0.0206261968361187,2.5447103585508275,0.0919605172925755,1.6381067243197691
30.0,295.0,130.05299377441406,-0.0213280509349237,1.6108449934971405,-2.4647158537226623,-2.1976541487675254,-1.1362027108427184,0.8433296582310141,0.0206841505545155,2.5442011452303928,0.0920226867720235,1.632099176370982
30.0,295.0,130.06600952148438,-0.0211178222070299,1.6103847759290266,-2.4644209921066222,-2.197451737189725,-1.1360195367760717,0.84494901713653,0.0235738133036352,2.551092969434705,0.1096924112457049,1.689501870068402
30.0,295.0,130.05007934570312,-0.0216492080361169,1.612782530368635,-2.4640633209123783,-2.1983224557519137,-1.1363540054798134,0.8433670329916954,0.0206843414605977,2.544291230006971,0.0898934451815495,1.6282788016682477
30.0,296.0,130.05552673339844,-0.0219448377446581,1.6109124442208658,-2.464747230908141,-2.199546043171298,-1.1379286701921787,0.8419517192209616,0.0200882297049816,2.546195874933622,0.0985606921203807,1.6555892222059905
30.0,296.0,130.04847717285156,-0.0216187644246104,1.611002903754044,-2.464352703394677,-2.198395857614887,-1.1363439174775136,0.8435810191134405,0.0207406885799324,2.5440994004003867,0.0922304495416739,1.6387731694161798
30.0,296.0,130.05189514160156,-0.0218450816812363,1.611179748604774,-2.464757349711861,-2.197647265221664,-1.1370279797446077,0.8422263105257055,0.0213702045564558,2.545054172228693,0.0876247171518467,1.626929803763966
30.0,296.0,205.40724182128903,-1.2471719392371754,0.7338063691250966,-3.6956164114227614,-2.6893020048638974,-1.4361633841990469,0.7509499775402746,-0.0265320376388999,2.5844589496606782,0.2214973721181175,2.0621365244733765
30.0,296.0,130.0488739013672,-0.0216380201711006,1.6110258252276064,-2.464726089743124,-2.1982004335907583,-1.1368751979252294,0.8435629180536662,0.0207971010590804,2.544892047752164,0.091493345244736,1.6380641591255451
30.0,296.0,130.05508422851562,-0.0215851316306924,1.61138171357318,-2.464436130140352,-2.1973453218199817,-1.1351219749052324,0.8436844993817694,0.0216133617484546,2.547344852251074,0.0988131358683905,1.6588438768966018
30.0,296.0,130.05381774902344,-0.0215938598597471,1.6106601566640983,-2.464335967128597,-2.1995119640924297,-1.136913741174571,0.8434302844701111,0.0206781533164779,2.5446674154976354,0.0963610675970739,1.6526705016763572
30.0,296.0,130.04969787597656,-0.0216952792949826,1.6111104892067614,-2.464404091044877,-2.198480219031838,-1.1359271763846386,0.8429964990258775,0.0205793595850209,2.5446659916302505,0.092619451400438,1.6376533860118438
30.0,296.0,130.07180786132812,-0.0198385588222231,1.613399746182087,-2.462447093375754,-2.1980275329727466,-1.133904304055262,0.846753119792344,0.0232432009304832,2.55281013637525,0.1129654286504708,1.6988241965863846
30.0,296.0,217.80987548828125,-0.7399219093249991,0.6265199654248446,-3.3812386568411683,-3.115740592719888,-2.4970438835882924,0.4187495791001843,-0.1164287251613381,2.541142812644273,0.2703581298861386,2.0687642066891287
30.0,296.0,193.84164428710932,-0.2284010159949239,1.254985395882912,-2.7269330474421305,-2.062439529102285,-1.1192821284253744,0.7984072486439088,-0.0266891164844478,2.5659322521901795,0.1754660780234186,2.1465596423882265
30.0,296.0,130.04920959472656,-0.0216882219584684,1.6114921781139442,-2.464475271993763,-2.1983930199527646,-1.135726965814591,0.8438985267716121,0.0213353739216097,2.5442139255606087,0.0924950283188657,1.6393409315707552
30.0,296.0,130.05645751953125,-0.0215889726565986,1.6111272868547952,-2.4639916568020297,-2.197946668149185,-1.1350754162486107,0.8432605614966091,0.0220437479018093,2.5444185681002263,0.0893783110439887,1.639315074725126
30.0,296.0,130.05943298339844,-0.0219935388981424,1.611654784197548,-2.464391722081144,-2.1978621726399625,-1.135164740549237,0.8441647053313863,0.0216243961061352,2.548972819704615,0.1042794801072972,1.672657701329092
30.0,296.0,130.06382751464844,-0.0210768488679159,1.6115787991621522,-2.4645104577406944,-2.196788547789148,-1.1355815644650034,0.8447191841079633,0.0238637801295413,2.551499621966451,0.1068880356271441,1.6810068068410342
30.0,296.0,130.07928466796875,-0.0260575111717201,1.6101996732202797,-2.464525477493161,-2.1972242671767823,-1.1327676171862628,0.8495841317060162,0.0234409887596069,2.5506852741713866,0.1075453170498392,1.6798955848567605
30.0,296.0,130.06161499023438,-0.0217938358370156,1.6086039872278686,-2.464858363702072,-2.1938699820020493,-1.132749807002707,0.8442898511055587,0.0204973249330661,2.5446540656517462,0.0911769190902223,1.637199773124167
30.0,296.0,130.06192016601562,-0.0212227208284233,1.6121891393135834,-2.4644960529301425,-2.197557934395194,-1.1352402371828656,0.8448065255323579,0.023225858376605,2.550122352548509,0.1069361541826877,1.6781502357479896
30.0,296.0,130.04898071289062,-0.0214816643520179,1.6107228313348996,-2.464231632083389,-2.198083770776924,-1.135455422041355,0.8432459775457689,0.0204289013622666,2.543990217066169,0.0923331432715986,1.638915259901087
30.0,296.0,130.05010986328125,-0.022376186818359,1.61212771002672,-2.464515201424401,-2.198196541105155,-1.1359259851953427,0.842676385700705,0.0182734977104748,2.5433948115503537,0.0924660326481505,1.6387516558791924
30.0,296.0,130.05508422851562,-0.0215917127502649,1.6113969438955726,-2.4642392622748908,-2.1972729137267453,-1.1354305819137127,0.8436862674534593,0.0215826127776874,2.5476425025102127,0.0990705395538166,1.6571212981112315
30.0,296.0,130.05465698242188,-0.0217528011452332,1.609941927513521,-2.464484336499014,-2.196078624018953,-1.134373841517747,0.844577709856777,0.0207204430320063,2.544408157500356,0.0900949070432647,1.6395630068165004
30.0,296.0,130.04800415039062,-0.0225994631844242,1.6108174037198435,-2.464155230069792,-2.198480027204229,-1.1363755851321684,0.8433757802604843,0.0207013284778061,2.5441999914546067,0.0898036784868812,1.6339100444762025
30.0,296.0,130.0691375732422,-0.0217069222685867,1.6109875326985197,-2.4644355935395224,-2.1986234257686115,-1.1367898793349518,0.8441518156614013,0.0210095970370212,2.551896187253931,0.1053956659519753,1.670276026683342
30.0,296.0,130.0575408935547,-0.021527892421395,1.6115680867118432,-2.464080063253406,-2.197770591502357,-1.1355609915311538,0.8441603384137748,0.0215621391719984,2.5483352543911977,0.1025906693272762,1.6664693592658557
30.0,296.0,130.05018615722656,-0.0216780294188571,1.61076430155581,-2.464502104028384,-2.1972578821756263,-1.135852597588053,0.8430317501244861,0.0196518610068411,2.5448655550674406,0.0917289125520039,1.6408397785802793
30.0,296.0,130.1577911376953,-0.0113674406674329,1.6145987917942624,-2.4644567420504613,-2.186003051406437,-1.1359583226299568,0.8445670716989212,0.0205502128486609,2.543691703599822,0.0923782766798075,1.6393213650558645
30.0,296.0,240.0376892089844,-0.818985015422538,0.7325545795717203,-3.463958090524869,-3.1745869837099026,-1.9281247841715203,0.2058466922336207,-0.3766659363291286,2.6001316734345754,0.2265875295001577,2.1979228280822705
30.0,296.0,130.06130981445312,-0.0216142234234416,1.611941311973024,-2.464798408174317,-2.197471051246846,-1.1351544359745211,0.8443040384815177,0.0236204972586364,2.5489907340305056,0.103108024306166,1.672783223110942
30.0,296.0,130.0700225830078,-0.021554109745988,1.6120439753754856,-2.4634945447088183,-2.1977249787071043,-1.1359977360920583,0.8464675320695966,0.0248784910245729,2.5535928169217965,0.114511753033331,1.699528858876211
30.0,296.0,130.04891967773438,-0.0215610401725841,1.6109056085127746,-2.464302260489049,-2.198093720001532,-1.1366835658102994,0.8436835187311871,0.0208438643127703,2.54490889871412,0.0911078275507462,1.6370962108233724
30.0,296.0,130.04949951171875,-0.0217548243654514,1.6118995196538075,-2.4638855391136096,-2.198501951352599,-1.1363644598718745,0.8435676123634326,0.0215834359007179,2.5442572472019,0.0920828692714111,1.638769883710088
30.0,296.0,130.0648651123047,-0.0209586972021701,1.6118468861961923,-2.464104249831065,-2.197373122657018,-1.1337570303689364,0.8454771529024306,0.0245756504370924,2.551118384301476,0.1032619142561943,1.665766227152196
30.0,296.0,130.04978942871094,-0.0216464645794393,1.6112083744761982,-2.4646985036829734,-2.1979397886327283,-1.1353591578489717,0.8431789827856472,0.0212616959712436,2.5447496053070533,0.0903470457597825,1.6366869458908022
30.0,296.0,130.0591278076172,-0.0216652174014381,1.6117185220728425,-2.463682103283752,-2.197851750715832,-1.1353838343319864,0.8442095501150251,0.0209804605194346,2.548019756429247,0.1036383784919287,1.6706206341096168
30.0,296.0,130.0558319091797,-0.02142506060963,1.611353403827015,-2.464690564325593,-2.1966773709083736,-1.136949504483431,0.8433222503402822,0.0215086772537168,2.546366898858368,0.0980053628216621,1.6538123037939174
30.0,296.0,241.8292388916016,-0.1770029634174741,0.9086897652103716,-2.820907162091961,-2.463371030913214,-1.1266373245710914,0.5907112638453498,-0.1675124845391706,2.5535216614193508,0.0927760035219205,1.5982721550461585
30.0,296.0,210.119873046875,-0.7610068930568665,0.5642124147423887,-3.726421416211226,-2.7995431788777383,-1.3708891968054873,0.679066308131347,0.0234932080174868,2.5843400721228726,0.297657964549431,2.1950618999519365
30.0,296.0,130.06036376953125,-0.0222114267946533,1.6116323288251029,-2.464402269059958,-2.197912699246993,-1.1350247526561337,0.843738197651714,0.0224388104393285,2.5490722839911584,0.1046284445153567,1.674020022052375
30.0,296.0,130.0487060546875,-0.0216368024874295,1.6111380716247112,-2.464375145085248,-2.198409721926585,-1.1362896167163996,0.8433292084282237,0.0205593501366317,2.544720628151877,0.0924429072835736,1.6389287305147868
30.0,296.0,205.575927734375,-0.8160173862793221,0.5906195673798553,-3.5501247184478806,-2.9220737949502533,-1.5276746941164658,0.7254873283981647,-0.0189028447691116,2.5943872451814447,0.2168908645567235,1.9760531472632008
30.0,296.0,130.06155395507812,-0.0215775363063054,1.611061185960011,-2.46501310085066,-2.197849701455941,-1.1349559228665942,0.8447758799481386,0.0219390213677063,2.5499945537550204,0.1062423555714915,1.677097478901885
30.0,296.0,130.0637969970703,-0.0208902406005644,1.6119734742103369,-2.464446091986895,-2.19710559809524,-1.1354421638064411,0.8450584025667578,0.0238041773645564,2.5516346855106327,0.107609505980238,1.6832541798756713
30.0,296.0,130.0644989013672,-0.0214179248292399,1.6128069766293551,-2.4646694673254155,-2.1997187233409914,-1.1352310118191995,0.8457633145446949,0.0229521221883603,2.5498708094247298,0.1066708785567443,1.680784104787331
30.0,296.0,130.06141662597656,-0.0212433152418556,1.6119415578478986,-2.464503045687366,-2.197957957645193,-1.135253556499711,0.8444462002684524,0.0231694186623434,2.55006490607497,0.106328143250225,1.676183812147586
30.0,296.0,130.05360412597656,-0.021830965370404,1.6106016269223422,-2.4644568325260625,-2.1979349341884657,-1.135914723390986,0.8430265273531342,0.0202700491937496,2.5459530031264,0.0975218353631115,1.6523076759659374
30.0,296.0,130.04876708984375,-0.0215148492828314,1.6107326308050165,-2.464372245124277,-2.197761712679289,-1.1359550023073737,0.843722545915615,0.0206261968361187,2.5447103585508275,0.0919605172925755,1.6381067243197691
30.0,296.0,130.05299377441406,-0.0213280509349237,1.6108449934971405,-2.4647158537226623,-2.1976541487675254,-1.1362027108427184,0.8433296582310141,0.0206841505545155,2.5442011452303928,0.0920226867720235,1.632099176370982
30.0,296.0,130.06600952148438,-0.0211178222070299,1.6103847759290266,-2.4644209921066222,-2.197451737189725,-1.1360195367760717,0.84494901713653,0.0235738133036352,2.551092969434705,0.1096924112457049,1.689501870068402
30.0,296.0,130.05007934570312,-0.0216492080361169,1.612782530368635,-2.4640633209123783,-2.1983224557519137,-1.1363540054798134,0.8433670329916954,0.0206843414605977,2.544291230006971,0.0898934451815495,1.6282788016682477
30.0,297.0,130.05552673339844,-0.0219448377446581,1.6109124442208658,-2.464747230908141,-2.199546043171298,-1.1379286701921787,0.8419517192209616,0.0200882297049816,2.546195874933622,0.0985606921203807,1.6555892222059905
30.0,297.0,130.04847717285156,-0.0216187644246104,1.611002903754044,-2.464352703394677,-2.198395857614887,-1.1363439174775136,0.8435810191134405,0.0207406885799324,2.5440994004003867,0.0922304495416739,1.6387731694161798
30.0,297.0,130.05189514160156,-0.0218450816812363,1.611179748604774,-2.464757349711861,-2.197647265221664,-1.1370279797446077,0.8422263105257055,0.0213702045564558,2.545054172228693,0.0876247171518467,1.626929803763966
30.0,297.0,205.40724182128903,-1.2471719392371754,0.7338063691250966,-3.6956164114227614,-2.6893020048638974,-1.4361633841990469,0.7509499775402746,-0.0265320376388999,2.5844589496606782,0.2214973721181175,2.0621365244733765
30.0,297.0,130.0488739013672,-0.0216380201711006,1.6110258252276064,-2.464726089743124,-2.1982004335907583,-1.1368751979252294,0.8435629180536662,0.0207971010590804,2.544892047752164,0.091493345244736,1.6380641591255451
30.0,297.0,130.05508422851562,-0.0215851316306924,1.61138171357318,-2.464436130140352,-2.1973453218199817,-1.1351219749052324,0.8436844993817694,0.0216133617484546,2.547344852251074,0.0988131358683905,1.6588438768966018
30.0,297.0,130.05381774902344,-0.0215938598597471,1.6106601566640983,-2.464335967128597,-2.1995119640924297,-1.136913741174571,0.8434302844701111,0.0206781533164779,2.5446674154976354,0.0963610675970739,1.6526705016763572
30.0,297.0,130.04969787597656,-0.0216952792949826,1.6111104892067614,-2.464404091044877,-2.198480219031838,-1.1359271763846386,0.8429964990258775,0.0205793595850209,2.5446659916302505,0.092619451400438,1.6376533860118438
30.0,297.0,130.07180786132812,-0.0198385588222231,1.613399746182087,-2.462447093375754,-2.1980275329727466,-1.133904304055262,0.846753119792344,0.0232432009304832,2.55281013637525,0.1129654286504708,1.6988241965863846
30.0,297.0,217.80987548828125,-0.7399219093249991,0.6265199654248446,-3.3812386568411683,-3.115740592719888,-2.4970438835882924,0.4187495791001843,-0.1164287251613381,2.541142812644273,0.2703581298861386,2.0687642066891287
30.0,297.0,142.90203857421875,-0.1228826464897572,1.5543790067692325,-2.497800749892021,-2.193773448788516,-1.1306681925085946,0.8030655150340678,0.048254797597064,2.576123578359345,0.1109344537921962,1.972542628994559
30.0,297.0,130.04920959472656,-0.0216882219584684,1.6114921781139442,-2.464475271993763,-2.1983930199527646,-1.135726965814591,0.8438985267716121,0.0213353739216097,2.5442139255606087,0.0924950283188657,1.6393409315707552
30.0,297.0,130.05645751953125,-0.0215889726565986,1.6111272868547952,-2.4639916568020297,-2.197946668149185,-1.1350754162486107,0.8432605614966091,0.0220437479018093,2.5444185681002263,0.0893783110439887,1.639315074725126
30.0,297.0,130.05943298339844,-0.0219935388981424,1.611654784197548,-2.464391722081144,-2.1978621726399625,-1.135164740549237,0.8441647053313863,0.0216243961061352,2.548972819704615,0.1042794801072972,1.672657701329092
30.0,297.0,130.06382751464844,-0.0210768488679159,1.6115787991621522,-2.4645104577406944,-2.196788547789148,-1.1355815644650034,0.8447191841079633,0.0238637801295413,2.551499621966451,0.1068880356271441,1.6810068068410342
30.0,297.0,130.07928466796875,-0.0260575111717201,1.6101996732202797,-2.464525477493161,-2.1972242671767823,-1.1327676171862628,0.8495841317060162,0.0234409887596069,2.5506852741713866,0.1075453170498392,1.6798955848567605
30.0,297.0,130.06161499023438,-0.0217938358370156,1.6086039872278686,-2.464858363702072,-2.1938699820020493,-1.132749807002707,0.8442898511055587,0.0204973249330661,2.5446540656517462,0.0911769190902223,1.637199773124167
30.0,297.0,130.06192016601562,-0.0212227208284233,1.6121891393135834,-2.4644960529301425,-2.197557934395194,-1.1352402371828656,0.8448065255323579,0.023225858376605,2.550122352548509,0.1069361541826877,1.6781502357479896
30.0,297.0,130.04898071289062,-0.0214816643520179,1.6107228313348996,-2.464231632083389,-2.198083770776924,-1.135455422041355,0.8432459775457689,0.0204289013622666,2.543990217066169,0.0923331432715986,1.638915259901087
30.0,297.0,130.05010986328125,-0.022376186818359,1.61212771002672,-2.464515201424401,-2.198196541105155,-1.1359259851953427,0.842676385700705,0.0182734977104748,2.5433948115503537,0.0924660326481505,1.6387516558791924
30.0,297.0,130.05508422851562,-0.0215917127502649,1.6113969438955726,-2.4642392622748908,-2.1972729137267453,-1.1354305819137127,0.8436862674534593,0.0215826127776874,2.5476425025102127,0.0990705395538166,1.6571212981112315
30.0,297.0,130.05465698242188,-0.0217528011452332,1.609941927513521,-2.464484336499014,-2.196078624018953,-1.134373841517747,0.844577709856777,0.0207204430320063,2.544408157500356,0.0900949070432647,1.6395630068165004
30.0,297.0,130.04800415039062,-0.0225994631844242,1.6108174037198435,-2.464155230069792,-2.198480027204229,-1.1363755851321684,0.8433757802604843,0.0207013284778061,2.5441999914546067,0.0898036784868812,1.6339100444762025
30.0,297.0,130.0691375732422,-0.0217069222685867,1.6109875326985197,-2.4644355935395224,-2.1986234257686115,-1.1367898793349518,0.8441518156614013,0.0210095970370212,2.551896187253931,0.1053956659519753,1.670276026683342
30.0,297.0,130.0575408935547,-0.021527892421395,1.6115680867118432,-2.464080063253406,-2.197770591502357,-1.1355609915311538,0.8441603384137748,0.0215621391719984,2.5483352543911977,0.1025906693272762,1.6664693592658557
30.0,297.0,130.05018615722656,-0.0216780294188571,1.61076430155581,-2.464502104028384,-2.1972578821756263,-1.135852597588053,0.8430317501244861,0.0196518610068411,2.5448655550674406,0.0917289125520039,1.6408397785802793
30.0,297.0,130.1577911376953,-0.0113674406674329,1.6145987917942624,-2.4644567420504613,-2.186003051406437,-1.1359583226299568,0.8445670716989212,0.0205502128486609,2.543691703599822,0.0923782766798075,1.6393213650558645
30.0,297.0,240.0376892089844,-0.818985015422538,0.7325545795717203,-3.463958090524869,-3.1745869837099026,-1.9281247841715203,0.2058466922336207,-0.3766659363291286,2.6001316734345754,0.2265875295001577,2.1979228280822705
30.0,297.0,130.06130981445312,-0.0216142234234416,1.611941311973024,-2.464798408174317,-2.197471051246846,-1.1351544359745211,0.8443040384815177,0.0236204972586364,2.5489907340305056,0.103108024306166,1.672783223110942
30.0,297.0,130.0700225830078,-0.021554109745988,1.6120439753754856,-2.4634945447088183,-2.1977249787071043,-1.1359977360920583,0.8464675320695966,0.0248784910245729,2.5535928169217965,0.114511753033331,1.699528858876211
30.0,297.0,130.04891967773438,-0.0215610401725841,1.6109056085127746,-2.464302260489049,-2.198093720001532,-1.1366835658102994,0.8436835187311871,0.0208438643127703,2.54490889871412,0.0911078275507462,1.6370962108233724
30.0,297.0,130.04949951171875,-0.0217548243654514,1.6118995196538075,-2.4638855391136096,-2.198501951352599,-1.1363644598718745,0.8435676123634326,0.0215834359007179,2.5442572472019,0.0920828692714111,1.638769883710088
30.0,297.0,130.0648651123047,-0.0209586972021701,1.6118468861961923,-2.464104249831065,-2.197373122657018,-1.1337570303689364,0.8454771529024306,0.0245756504370924,2.551118384301476,0.1032619142561943,1.665766227152196
30.0,297.0,130.048095703125,-0.0227523737950923,1.6110966346169924,-2.4640699972623,-2.19807965479252,-1.1358059402728808,0.843390205663927,0.019934466129827,2.543991451101004,0.0886677394379745,1.6327104905027645
30.0,297.0,130.0591278076172,-0.0216652174014381,1.6117185220728425,-2.463682103283752,-2.197851750715832,-1.1353838343319864,0.8442095501150251,0.0209804605194346,2.548019756429247,0.1036383784919287,1.6706206341096168
30.0,297.0,130.0558319091797,-0.02142506060963,1.611353403827015,-2.464690564325593,-2.1966773709083736,-1.136949504483431,0.8433222503402822,0.0215086772537168,2.546366898858368,0.0980053628216621,1.6538123037939174
30.0,297.0,241.8292388916016,-0.1770029634174741,0.9086897652103716,-2.820907162091961,-2.463371030913214,-1.1266373245710914,0.5907112638453498,-0.1675124845391706,2.5535216614193508,0.0927760035219205,1.5982721550461585
30.0,297.0,210.119873046875,-0.7610068930568665,0.5642124147423887,-3.726421416211226,-2.7995431788777383,-1.3708891968054873,0.679066308131347,0.0234932080174868,2.5843400721228726,0.297657964549431,2.1950618999519365
30.0,297.0,130.06036376953125,-0.0222114267946533,1.6116323288251029,-2.464402269059958,-2.197912699246993,-1.1350247526561337,0.843738197651714,0.0224388104393285,2.5490722839911584,0.1046284445153567,1.674020022052375
30.0,297.0,130.0487060546875,-0.0216368024874295,1.6111380716247112,-2.464375145085248,-2.198409721926585,-1.1362896167163996,0.8433292084282237,0.0205593501366317,2.544720628151877,0.0924429072835736,1.6389287305147868
30.0,297.0,205.575927734375,-0.8160173862793221,0.5906195673798553,-3.5501247184478806,-2.9220737949502533,-1.5276746941164658,0.7254873283981647,-0.0189028447691116,2.5943872451814447,0.2168908645567235,1.9760531472632008
30.0,297.0,130.06155395507812,-0.0215775363063054,1.611061185960011,-2.46501310085066,-2.197849701455941,-1.1349559228665942,0.8447758799481386,0.0219390213677063,2.5499945537550204,0.1062423555714915,1.677097478901885
30.0,297.0,130.0637969970703,-0.0208902406005644,1.6119734742103369,-2.464446091986895,-2.19710559809524,-1.1354421638064411,0.8450584025667578,0.0238041773645564,2.5516346855106327,0.107609505980238,1.6832541798756713
30.0,297.0,130.0644989013672,-0.0214179248292399,1.6128069766293551,-2.4646694673254155,-2.1997187233409914,-1.1352310118191995,0.8457633145446949,0.0229521221883603,2.5498708094247298,0.1066708785567443,1.680784104787331
30.0,297.0,130.06141662597656,-0.0212433152418556,1.6119415578478986,-2.464503045687366,-2.197957957645193,-1.135253556499711,0.8444462002684524,0.0231694186623434,2.55006490607497,0.106328143250225,1.676183812147586
30.0,297.0,130.05360412597656,-0.021830965370404,1.6106016269223422,-2.4644568325260625,-2.1979349341884657,-1.135914723390986,0.8430265273531342,0.0202700491937496,2.5459530031264,0.0975218353631115,1.6523076759659374
30.0,297.0,130.04876708984375,-0.0215148492828314,1.6107326308050165,-2.464372245124277,-2.197761712679289,-1.1359550023073737,0.843722545915615,0.0206261968361187,2.5447103585508275,0.0919605172925755,1.6381067243197691
30.0,297.0,130.05105590820312,-0.0221709060925829,1.610846591307712,-2.464234600068777,-2.2001711140411566,-1.136218346836971,0.8433781631512708,0.0206172811522295,2.5437457736412816,0.0883013921751567,1.6336266270121456
30.0,297.0,130.06600952148438,-0.0211178222070299,1.6103847759290266,-2.4644209921066222,-2.197451737189725,-1.1360195367760717,0.84494901713653,0.0235738133036352,2.551092969434705,0.1096924112457049,1.689501870068402
30.0,297.0,130.05007934570312,-0.0216492080361169,1.612782530368635,-2.4640633209123783,-2.1983224557519137,-1.1363540054798134,0.8433670329916954,0.0206843414605977,2.544291230006971,0.0898934451815495,1.6282788016682477
30.0,298.0,130.05552673339844,-0.0219448377446581,1.6109124442208658,-2.464747230908141,-2.199546043171298,-1.1379286701921787,0.8419517192209616,0.0200882297049816,2.546195874933622,0.0985606921203807,1.6555892222059905
30.0,298.0,130.04847717285156,-0.0216187644246104,1.611002903754044,-2.464352703394677,-2.198395857614887,-1.1363439174775136,0.8435810191134405,0.0207406885799324,2.5440994004003867,0.0922304495416739,1.6387731694161798
30.0,298.0,130.05189514160156,-0.0218450816812363,1.611179748604774,-2.464757349711861,-2.197647265221664,-1.1370279797446077,0.8422263105257055,0.0213702045564558,2.545054172228693,0.0876247171518467,1.626929803763966
30.0,298.0,205.40724182128903,-1.2471719392371754,0.7338063691250966,-3.6956164114227614,-2.6893020048638974,-1.4361633841990469,0.7509499775402746,-0.0265320376388999,2.5844589496606782,0.2214973721181175,2.0621365244733765
30.0,298.0,130.0488739013672,-0.0216380201711006,1.6110258252276064,-2.464726089743124,-2.1982004335907583,-1.1368751979252294,0.8435629180536662,0.0207971010590804,2.544892047752164,0.091493345244736,1.6380641591255451
30.0,298.0,130.05508422851562,-0.0215851316306924,1.61138171357318,-2.464436130140352,-2.1973453218199817,-1.1351219749052324,0.8436844993817694,0.0216133617484546,2.547344852251074,0.0988131358683905,1.6588438768966018
30.0,298.0,130.05381774902344,-0.0215938598597471,1.6106601566640983,-2.464335967128597,-2.1995119640924297,-1.136913741174571,0.8434302844701111,0.0206781533164779,2.5446674154976354,0.0963610675970739,1.6526705016763572
30.0,298.0,130.04969787597656,-0.0216952792949826,1.6111104892067614,-2.464404091044877,-2.198480219031838,-1.1359271763846386,0.8429964990258775,0.0205793595850209,2.5446659916302505,0.092619451400438,1.6376533860118438
30.0,298.0,130.07180786132812,-0.0198385588222231,1.613399746182087,-2.462447093375754,-2.1980275329727466,-1.133904304055262,0.846753119792344,0.0232432009304832,2.55281013637525,0.1129654286504708,1.6988241965863846
30.0,298.0,217.80987548828125,-0.7399219093249991,0.6265199654248446,-3.3812386568411683,-3.115740592719888,-2.4970438835882924,0.4187495791001843,-0.1164287251613381,2.541142812644273,0.2703581298861386,2.0687642066891287
30.0,298.0,142.90203857421875,-0.1228826464897572,1.5543790067692325,-2.497800749892021,-2.193773448788516,-1.1306681925085946,0.8030655150340678,0.048254797597064,2.576123578359345,0.1109344537921962,1.972542628994559
30.0,298.0,130.04920959472656,-0.0216882219584684,1.6114921781139442,-2.464475271993763,-2.1983930199527646,-1.135726965814591,0.8438985267716121,0.0213353739216097,2.5442139255606087,0.0924950283188657,1.6393409315707552
30.0,298.0,130.05067443847656,-0.0219980442489075,1.6115100946131375,-2.464120028918176,-2.1985154482001668,-1.13649543945663,0.84339624186845,0.0212426508792872,2.543461886717056,0.0925187930105367,1.637241189964408
30.0,298.0,130.05943298339844,-0.0219935388981424,1.611654784197548,-2.464391722081144,-2.1978621726399625,-1.135164740549237,0.8441647053313863,0.0216243961061352,2.548972819704615,0.1042794801072972,1.672657701329092
30.0,298.0,130.06382751464844,-0.0210768488679159,1.6115787991621522,-2.4645104577406944,-2.196788547789148,-1.1355815644650034,0.8447191841079633,0.0238637801295413,2.551499621966451,0.1068880356271441,1.6810068068410342
30.0,298.0,130.07928466796875,-0.0260575111717201,1.6101996732202797,-2.464525477493161,-2.1972242671767823,-1.1327676171862628,0.8495841317060162,0.0234409887596069,2.5506852741713866,0.1075453170498392,1.6798955848567605
30.0,298.0,130.0532684326172,-0.0213581063065407,1.609574953871842,-2.4648723651005846,-2.196646307127517,-1.1341043861042763,0.8432075516063784,0.0206178640743074,2.5447690121362028,0.090068176531024,1.6309936883876617
30.0,298.0,130.06192016601562,-0.0212227208284233,1.6121891393135834,-2.4644960529301425,-2.197557934395194,-1.1352402371828656,0.8448065255323579,0.023225858376605,2.550122352548509,0.1069361541826877,1.6781502357479896
30.0,298.0,130.04898071289062,-0.0214816643520179,1.6107228313348996,-2.464231632083389,-2.198083770776924,-1.135455422041355,0.8432459775457689,0.0204289013622666,2.543990217066169,0.0923331432715986,1.638915259901087
30.0,298.0,130.05010986328125,-0.022376186818359,1.61212771002672,-2.464515201424401,-2.198196541105155,-1.1359259851953427,0.842676385700705,0.0182734977104748,2.5433948115503537,0.0924660326481505,1.6387516558791924
30.0,298.0,130.05508422851562,-0.0215917127502649,1.6113969438955726,-2.4642392622748908,-2.1972729137267453,-1.1354305819137127,0.8436862674534593,0.0215826127776874,2.5476425025102127,0.0990705395538166,1.6571212981112315
30.0,298.0,130.05465698242188,-0.0217528011452332,1.609941927513521,-2.464484336499014,-2.196078624018953,-1.134373841517747,0.844577709856777,0.0207204430320063,2.544408157500356,0.0900949070432647,1.6395630068165004
30.0,298.0,130.04800415039062,-0.0225994631844242,1.6108174037198435,-2.464155230069792,-2.198480027204229,-1.1363755851321684,0.8433757802604843,0.0207013284778061,2.5441999914546067,0.0898036784868812,1.6339100444762025
30.0,298.0,130.0691375732422,-0.0217069222685867,1.6109875326985197,-2.4644355935395224,-2.1986234257686115,-1.1367898793349518,0.8441518156614013,0.0210095970370212,2.551896187253931,0.1053956659519753,1.670276026683342
30.0,298.0,130.0575408935547,-0.021527892421395,1.6115680867118432,-2.464080063253406,-2.197770591502357,-1.1355609915311538,0.8441603384137748,0.0215621391719984,2.5483352543911977,0.1025906693272762,1.6664693592658557
30.0,298.0,130.05018615722656,-0.0216780294188571,1.61076430155581,-2.464502104028384,-2.1972578821756263,-1.135852597588053,0.8430317501244861,0.0196518610068411,2.5448655550674406,0.0917289125520039,1.6408397785802793
30.0,298.0,130.1577911376953,-0.0113674406674329,1.6145987917942624,-2.4644567420504613,-2.186003051406437,-1.1359583226299568,0.8445670716989212,0.0205502128486609,2.543691703599822,0.0923782766798075,1.6393213650558645
30.0,298.0,240.0376892089844,-0.818985015422538,0.7325545795717203,-3.463958090524869,-3.1745869837099026,-1.9281247841715203,0.2058466922336207,-0.3766659363291286,2.6001316734345754,0.2265875295001577,2.1979228280822705
30.0,298.0,130.06130981445312,-0.0216142234234416,1.611941311973024,-2.464798408174317,-2.197471051246846,-1.1351544359745211,0.8443040384815177,0.0236204972586364,2.5489907340305056,0.103108024306166,1.672783223110942
30.0,298.0,130.0700225830078,-0.021554109745988,1.6120439753754856,-2.4634945447088183,-2.1977249787071043,-1.1359977360920583,0.8464675320695966,0.0248784910245729,2.5535928169217965,0.114511753033331,1.699528858876211
30.0,298.0,130.0480499267578,-0.0220828448391108,1.6110486051677553,-2.464169894146604,-2.198604379189016,-1.1360639977331255,0.8432593814393643,0.0209054056627318,2.544286422692375,0.0898198775578482,1.6339163131536787
30.0,298.0,130.04949951171875,-0.0217548243654514,1.6118995196538075,-2.4638855391136096,-2.198501951352599,-1.1363644598718745,0.8435676123634326,0.0215834359007179,2.5442572472019,0.0920828692714111,1.638769883710088
30.0,298.0,130.0648651123047,-0.0209586972021701,1.6118468861961923,-2.464104249831065,-2.197373122657018,-1.1337570303689364,0.8454771529024306,0.0245756504370924,2.551118384301476,0.1032619142561943,1.665766227152196
30.0,298.0,130.048095703125,-0.0227523737950923,1.6110966346169924,-2.4640699972623,-2.19807965479252,-1.1358059402728808,0.843390205663927,0.019934466129827,2.543991451101004,0.0886677394379745,1.6327104905027645
30.0,298.0,130.0591278076172,-0.0216652174014381,1.6117185220728425,-2.463682103283752,-2.197851750715832,-1.1353838343319864,0.8442095501150251,0.0209804605194346,2.548019756429247,0.1036383784919287,1.6706206341096168
30.0,298.0,130.0558319091797,-0.02142506060963,1.611353403827015,-2.464690564325593,-2.1966773709083736,-1.136949504483431,0.8433222503402822,0.0215086772537168,2.546366898858368,0.0980053628216621,1.6538123037939174
30.0,298.0,241.8292388916016,-0.1770029634174741,0.9086897652103716,-2.820907162091961,-2.463371030913214,-1.1266373245710914,0.5907112638453498,-0.1675124845391706,2.5535216614193508,0.0927760035219205,1.5982721550461585
30.0,298.0,210.119873046875,-0.7610068930568665,0.5642124147423887,-3.726421416211226,-2.7995431788777383,-1.3708891968054873,0.679066308131347,0.0234932080174868,2.5843400721228726,0.297657964549431,2.1950618999519365
30.0,298.0,130.06036376953125,-0.0222114267946533,1.6116323288251029,-2.464402269059958,-2.197912699246993,-1.1350247526561337,0.843738197651714,0.0224388104393285,2.5490722839911584,0.1046284445153567,1.674020022052375
30.0,298.0,130.0487060546875,-0.0216368024874295,1.6111380716247112,-2.464375145085248,-2.198409721926585,-1.1362896167163996,0.8433292084282237,0.0205593501366317,2.544720628151877,0.0924429072835736,1.6389287305147868
30.0,298.0,205.575927734375,-0.8160173862793221,0.5906195673798553,-3.5501247184478806,-2.9220737949502533,-1.5276746941164658,0.7254873283981647,-0.0189028447691116,2.5943872451814447,0.2168908645567235,1.9760531472632008
30.0,298.0,130.06155395507812,-0.0215775363063054,1.611061185960011,-2.46501310085066,-2.197849701455941,-1.1349559228665942,0.8447758799481386,0.0219390213677063,2.5499945537550204,0.1062423555714915,1.677097478901885
30.0,298.0,130.0637969970703,-0.0208902406005644,1.6119734742103369,-2.464446091986895,-2.19710559809524,-1.1354421638064411,0.8450584025667578,0.0238041773645564,2.5516346855106327,0.107609505980238,1.6832541798756713
30.0,298.0,130.0644989013672,-0.0214179248292399,1.6128069766293551,-2.4646694673254155,-2.1997187233409914,-1.1352310118191995,0.8457633145446949,0.0229521221883603,2.5498708094247298,0.1066708785567443,1.680784104787331
30.0,298.0,130.06141662597656,-0.0212433152418556,1.6119415578478986,-2.464503045687366,-2.197957957645193,-1.135253556499711,0.8444462002684524,0.0231694186623434,2.55006490607497,0.106328143250225,1.676183812147586
30.0,298.0,130.05360412597656,-0.021830965370404,1.6106016269223422,-2.4644568325260625,-2.1979349341884657,-1.135914723390986,0.8430265273531342,0.0202700491937496,2.5459530031264,0.0975218353631115,1.6523076759659374
30.0,298.0,130.0478515625,-0.0214318954051019,1.6109183505198412,-2.4641740199223903,-2.198422683409192,-1.135566579604787,0.8434480511307904,0.0204893691722334,2.5442799975595105,0.0896926804088491,1.63379682176338
30.0,298.0,130.04788208007812,-0.0228426346260138,1.6107951239387106,-2.4641987049233074,-2.1977899035514734,-1.136374447955991,0.8433979133395699,0.0207755578809956,2.5432823982050463,0.0899089767226501,1.6343885931960207
30.0,298.0,130.06600952148438,-0.0211178222070299,1.6103847759290266,-2.4644209921066222,-2.197451737189725,-1.1360195367760717,0.84494901713653,0.0235738133036352,2.551092969434705,0.1096924112457049,1.689501870068402
30.0,298.0,130.05007934570312,-0.0216492080361169,1.612782530368635,-2.4640633209123783,-2.1983224557519137,-1.1363540054798134,0.8433670329916954,0.0206843414605977,2.544291230006971,0.0898934451815495,1.6282788016682477
30.0,299.0,130.05552673339844,-0.0219448377446581,1.6109124442208658,-2.464747230908141,-2.199546043171298,-1.1379286701921787,0.8419517192209616,0.0200882297049816,2.546195874933622,0.0985606921203807,1.6555892222059905
30.0,299.0,130.04847717285156,-0.0216187644246104,1.611002903754044,-2.464352703394677,-2.198395857614887,-1.1363439174775136,0.8435810191134405,0.0207406885799324,2.5440994004003867,0.0922304495416739,1.6387731694161798
30.0,299.0,130.05189514160156,-0.0218450816812363,1.611179748604774,-2.464757349711861,-2.197647265221664,-1.1370279797446077,0.8422263105257055,0.0213702045564558,2.545054172228693,0.0876247171518467,1.626929803763966
30.0,299.0,205.40724182128903,-1.2471719392371754,0.7338063691250966,-3.6956164114227614,-2.6893020048638974,-1.4361633841990469,0.7509499775402746,-0.0265320376388999,2.5844589496606782,0.2214973721181175,2.0621365244733765
30.0,299.0,130.04873657226562,-0.0213244778279243,1.610972643980112,-2.464176518417572,-2.198295276050312,-1.136168035224512,0.8434397168232469,0.0206218136226022,2.544917634035174,0.090886757508833,1.636824438968307
30.0,299.0,130.05508422851562,-0.0215851316306924,1.61138171357318,-2.464436130140352,-2.1973453218199817,-1.1351219749052324,0.8436844993817694,0.0216133617484546,2.547344852251074,0.0988131358683905,1.6588438768966018
30.0,299.0,130.05381774902344,-0.0215938598597471,1.6106601566640983,-2.464335967128597,-2.1995119640924297,-1.136913741174571,0.8434302844701111,0.0206781533164779,2.5446674154976354,0.0963610675970739,1.6526705016763572
30.0,299.0,130.04969787597656,-0.0216952792949826,1.6111104892067614,-2.464404091044877,-2.198480219031838,-1.1359271763846386,0.8429964990258775,0.0205793595850209,2.5446659916302505,0.092619451400438,1.6376533860118438
30.0,299.0,130.07180786132812,-0.0198385588222231,1.613399746182087,-2.462447093375754,-2.1980275329727466,-1.133904304055262,0.846753119792344,0.0232432009304832,2.55281013637525,0.1129654286504708,1.6988241965863846
30.0,299.0,217.80987548828125,-0.7399219093249991,0.6265199654248446,-3.3812386568411683,-3.115740592719888,-2.4970438835882924,0.4187495791001843,-0.1164287251613381,2.541142812644273,0.2703581298861386,2.0687642066891287
30.0,299.0,136.18814086914062,-0.1170842764358016,1.5497694591281972,-2.457176760040156,-2.2524386057830936,-1.134309373616568,0.8452549767332856,0.0090347659368036,2.5764480145722364,0.0930343765185856,1.7105658625765852
30.0,299.0,130.04920959472656,-0.0216882219584684,1.6114921781139442,-2.464475271993763,-2.1983930199527646,-1.135726965814591,0.8438985267716121,0.0213353739216097,2.5442139255606087,0.0924950283188657,1.6393409315707552
30.0,299.0,130.05067443847656,-0.0219980442489075,1.6115100946131375,-2.464120028918176,-2.1985154482001668,-1.13649543945663,0.84339624186845,0.0212426508792872,2.543461886717056,0.0925187930105367,1.637241189964408
30.0,299.0,130.05943298339844,-0.0219935388981424,1.611654784197548,-2.464391722081144,-2.1978621726399625,-1.135164740549237,0.8441647053313863,0.0216243961061352,2.548972819704615,0.1042794801072972,1.672657701329092
30.0,299.0,130.06382751464844,-0.0210768488679159,1.6115787991621522,-2.4645104577406944,-2.196788547789148,-1.1355815644650034,0.8447191841079633,0.0238637801295413,2.551499621966451,0.1068880356271441,1.6810068068410342
30.0,299.0,130.07928466796875,-0.0260575111717201,1.6101996732202797,-2.464525477493161,-2.1972242671767823,-1.1327676171862628,0.8495841317060162,0.0234409887596069,2.5506852741713866,0.1075453170498392,1.6798955848567605
30.0,299.0,130.0494384765625,-0.0203853045861561,1.610659115574103,-2.4642262459527555,-2.197527695584099,-1.1375619154953591,0.8428868570956556,0.0205697739285202,2.543492016141225,0.090179973946634,1.6341969844322757
30.0,299.0,130.06192016601562,-0.0212227208284233,1.6121891393135834,-2.4644960529301425,-2.197557934395194,-1.1352402371828656,0.8448065255323579,0.023225858376605,2.550122352548509,0.1069361541826877,1.6781502357479896
30.0,299.0,130.04898071289062,-0.0214816643520179,1.6107228313348996,-2.464231632083389,-2.198083770776924,-1.135455422041355,0.8432459775457689,0.0204289013622666,2.543990217066169,0.0923331432715986,1.638915259901087
30.0,299.0,130.05010986328125,-0.022376186818359,1.61212771002672,-2.464515201424401,-2.198196541105155,-1.1359259851953427,0.842676385700705,0.0182734977104748,2.5433948115503537,0.0924660326481505,1.6387516558791924
30.0,299.0,130.05508422851562,-0.0215917127502649,1.6113969438955726,-2.4642392622748908,-2.1972729137267453,-1.1354305819137127,0.8436862674534593,0.0215826127776874,2.5476425025102127,0.0990705395538166,1.6571212981112315
30.0,299.0,130.05465698242188,-0.0217528011452332,1.609941927513521,-2.464484336499014,-2.196078624018953,-1.134373841517747,0.844577709856777,0.0207204430320063,2.544408157500356,0.0900949070432647,1.6395630068165004
30.0,299.0,130.04800415039062,-0.0225994631844242,1.6108174037198435,-2.464155230069792,-2.198480027204229,-1.1363755851321684,0.8433757802604843,0.0207013284778061,2.5441999914546067,0.0898036784868812,1.6339100444762025
30.0,299.0,130.0691375732422,-0.0217069222685867,1.6109875326985197,-2.4644355935395224,-2.1986234257686115,-1.1367898793349518,0.8441518156614013,0.0210095970370212,2.551896187253931,0.1053956659519753,1.670276026683342
30.0,299.0,130.0575408935547,-0.021527892421395,1.6115680867118432,-2.464080063253406,-2.197770591502357,-1.1355609915311538,0.8441603384137748,0.0215621391719984,2.5483352543911977,0.1025906693272762,1.6664693592658557
30.0,299.0,130.05018615722656,-0.0216780294188571,1.61076430155581,-2.464502104028384,-2.1972578821756263,-1.135852597588053,0.8430317501244861,0.0196518610068411,2.5448655550674406,0.0917289125520039,1.6408397785802793
30.0,299.0,130.10032653808594,-0.0098839249347339,1.6121624972380015,-2.4642792048158912,-2.1992496411746867,-1.1350665052984796,0.8441094874192594,0.0202093195199703,2.54374649918874,0.0903148526768663,1.6378198829590702
30.0,299.0,240.0376892089844,-0.818985015422538,0.7325545795717203,-3.463958090524869,-3.1745869837099026,-1.9281247841715203,0.2058466922336207,-0.3766659363291286,2.6001316734345754,0.2265875295001577,2.1979228280822705
30.0,299.0,130.06130981445312,-0.0216142234234416,1.611941311973024,-2.464798408174317,-2.197471051246846,-1.1351544359745211,0.8443040384815177,0.0236204972586364,2.5489907340305056,0.103108024306166,1.672783223110942
30.0,299.0,130.0674591064453,-0.0206418441031594,1.612102474757649,-2.4639340475737823,-2.198298699059533,-1.134833289159986,0.8470934027131388,0.0264861450411521,2.5498167254905364,0.1044496770454546,1.6734679032454522
30.0,299.0,130.04776000976562,-0.021356068568043,1.611104500530591,-2.46418484329804,-2.1985687557757934,-1.1355287591369132,0.8433788601915985,0.0206006255513125,2.5442230047351213,0.090018800443563,1.6337162215728889
30.0,299.0,130.04949951171875,-0.0217548243654514,1.6118995196538075,-2.4638855391136096,-2.198501951352599,-1.1363644598718745,0.8435676123634326,0.0215834359007179,2.5442572472019,0.0920828692714111,1.638769883710088
30.0,299.0,130.0648651123047,-0.0209586972021701,1.6118468861961923,-2.464104249831065,-2.197373122657018,-1.1337570303689364,0.8454771529024306,0.0245756504370924,2.551118384301476,0.1032619142561943,1.665766227152196
30.0,299.0,130.048095703125,-0.0227523737950923,1.6110966346169924,-2.4640699972623,-2.19807965479252,-1.1358059402728808,0.843390205663927,0.019934466129827,2.543991451101004,0.0886677394379745,1.6327104905027645
30.0,299.0,130.0591278076172,-0.0216652174014381,1.6117185220728425,-2.463682103283752,-2.197851750715832,-1.1353838343319864,0.8442095501150251,0.0209804605194346,2.548019756429247,0.1036383784919287,1.6706206341096168
30.0,299.0,130.0558319091797,-0.02142506060963,1.611353403827015,-2.464690564325593,-2.1966773709083736,-1.136949504483431,0.8433222503402822,0.0215086772537168,2.546366898858368,0.0980053628216621,1.6538123037939174
30.0,299.0,241.8292388916016,-0.1770029634174741,0.9086897652103716,-2.820907162091961,-2.463371030913214,-1.1266373245710914,0.5907112638453498,-0.1675124845391706,2.5535216614193508,0.0927760035219205,1.5982721550461585
30.0,299.0,210.119873046875,-0.7610068930568665,0.5642124147423887,-3.726421416211226,-2.7995431788777383,-1.3708891968054873,0.679066308131347,0.0234932080174868,2.5843400721228726,0.297657964549431,2.1950618999519365
30.0,299.0,130.06036376953125,-0.0222114267946533,1.6116323288251029,-2.464402269059958,-2.197912699246993,-1.1350247526561337,0.843738197651714,0.0224388104393285,2.5490722839911584,0.1046284445153567,1.674020022052375
30.0,299.0,130.0487060546875,-0.0216368024874295,1.6111380716247112,-2.464375145085248,-2.198409721926585,-1.1362896167163996,0.8433292084282237,0.0205593501366317,2.544720628151877,0.0924429072835736,1.6389287305147868
30.0,299.0,205.575927734375,-0.8160173862793221,0.5906195673798553,-3.5501247184478806,-2.9220737949502533,-1.5276746941164658,0.7254873283981647,-0.0189028447691116,2.5943872451814447,0.2168908645567235,1.9760531472632008
30.0,299.0,130.06155395507812,-0.0215775363063054,1.611061185960011,-2.46501310085066,-2.197849701455941,-1.1349559228665942,0.8447758799481386,0.0219390213677063,2.5499945537550204,0.1062423555714915,1.677097478901885
30.0,299.0,130.0637969970703,-0.0208902406005644,1.6119734742103369,-2.464446091986895,-2.19710559809524,-1.1354421638064411,0.8450584025667578,0.0238041773645564,2.5516346855106327,0.107609505980238,1.6832541798756713
30.0,299.0,130.0644989013672,-0.0214179248292399,1.6128069766293551,-2.4646694673254155,-2.1997187233409914,-1.1352310118191995,0.8457633145446949,0.0229521221883603,2.5498708094247298,0.1066708785567443,1.680784104787331
30.0,299.0,130.06141662597656,-0.0212433152418556,1.6119415578478986,-2.464503045687366,-2.197957957645193,-1.135253556499711,0.8444462002684524,0.0231694186623434,2.55006490607497,0.106328143250225,1.676183812147586
30.0,299.0,130.05360412597656,-0.021830965370404,1.6106016269223422,-2.4644568325260625,-2.1979349341884657,-1.135914723390986,0.8430265273531342,0.0202700491937496,2.5459530031264,0.0975218353631115,1.6523076759659374
30.0,299.0,130.0478515625,-0.0214318954051019,1.6109183505198412,-2.4641740199223903,-2.198422683409192,-1.135566579604787,0.8434480511307904,0.0204893691722334,2.5442799975595105,0.0896926804088491,1.63379682176338
30.0,299.0,130.04788208007812,-0.0228426346260138,1.6107951239387106,-2.4641987049233074,-2.1977899035514734,-1.136374447955991,0.8433979133395699,0.0207755578809956,2.5432823982050463,0.0899089767226501,1.6343885931960207
30.0,299.0,130.06600952148438,-0.0211178222070299,1.6103847759290266,-2.4644209921066222,-2.197451737189725,-1.1360195367760717,0.84494901713653,0.0235738133036352,2.551092969434705,0.1096924112457049,1.689501870068402
30.0,299.0,130.05007934570312,-0.0216492080361169,1.612782530368635,-2.4640633209123783,-2.1983224557519137,-1.1363540054798134,0.8433670329916954,0.0206843414605977,2.544291230006971,0.0898934451815495,1.6282788016682477
