Run,Gen,F,1,2,3,4,5,6,7,8,9,10
95.0,0.0,518.94970703125,4.703923087414637,0.8528946679194371,1.214639341317849,-4.65805227445994,-1.000657682403686,-0.1232230787149992,-4.59092557062648,3.169961477612425,1.8542371229602008,2.7730854606905986
95.0,0.0,1383.7694091796875,-2.6441723371212165,2.6474621158087617,0.2689143505350131,3.140575719479685,4.422892862897921,-0.857674570081076,4.2403203739364255,-0.5438681890736676,-3.080052685008706,4.469147220403801
95.0,0.0,945.487060546875,-4.608602244305756,4.813908365577493,-2.3917475957456413,-1.5998996256569398,3.66305657742328,-1.6205035510367862,-3.642214342802908,0.7289699792132689,3.494502650461831,2.654558053413033
95.0,0.0,796.583984375,-2.33588801126892,-2.967966155005569,0.4802988528928917,2.001991764990585,-0.5631103245279707,-2.8967872512729542,2.910608541335992,-0.0435822052931387,-3.788034344489075,2.974025829635522
95.0,0.0,1317.876708984375,-3.5858290387562866,-4.058785174245614,4.994649343968932,-1.173711721503965,2.5661986729860784,2.0923053720004257,0.2015567218212783,-3.503585573741723,1.5739045512594174,4.580657113889453
95.0,0.0,537.8607177734375,-0.2404572055942324,-4.145269844441856,-4.723159344896597,-3.9769432705793593,-3.651430674898679,-0.6654347875447764,-0.4836443311428144,3.044818683707298,-4.204658127154067,3.558642767492122
95.0,0.0,635.7537841796875,-0.1014932352133604,-0.0208172925673419,-0.6412974729771017,2.830219034112286,0.5439089424572705,4.019862864515872,-1.3850761734194317,-0.6872558097842383,0.4563800680882588,1.4430054952303433
95.0,0.0,1134.0198974609375,2.487171156904408,-1.0340375476214856,-0.1474111417297132,3.1723872895252363,3.8898583536411486,3.57493279264739,2.440573072838391,-1.182007016661383,-3.206656481092509,-2.2615682438786147
95.0,0.0,942.446533203125,4.484150554031935,0.1044844207618513,-2.5175381694499244,-1.970644102034273,-2.8570052660095726,-4.229895825848013,2.2750772892865045,-2.079288882785045,-0.0508712917613776,-3.9383204518334223
95.0,0.0,1883.2584228515625,-1.133000838938684,4.040804477225123,3.8379327029491233,4.948090665320956,3.417830300820574,-1.8854405007582555,-4.396281712546774,-4.077532653561971,3.551948960529339,-1.1065963681222826
95.0,0.0,889.877685546875,4.025870315199693,0.6150034912358695,-0.4908014754934928,2.49424452686572,-4.060516518135465,-0.7948588378506258,4.752864573753667,4.997848228441649,-4.581316613524452,1.4302681236295536
95.0,0.0,1260.610595703125,0.719100580436411,1.948443197139258,-2.94791319221412,-0.5857577118682649,4.07856806181856,0.3666696682942163,0.2496480971867543,-3.044832491822479,3.5476629264825146,4.265177953962475
95.0,0.0,724.68359375,2.0211932746010453,0.0047893584737224,-4.898716594662828,0.2450618882230992,-0.5722282886102281,-1.781901747062581,4.337026393103828,-0.9642892820306326,-1.921500441637166,1.8324226138670472
95.0,0.0,1393.6182861328125,-0.4558751518247081,1.5453925736976402,-1.954030908235321,0.5488454655130992,3.0917263805405053,1.9368515025375688,4.858503141706054,1.5025714553088338,4.3082878818559465,-1.3309330317611343
95.0,0.0,1377.807373046875,-0.6533178246812508,3.691175751312018,0.3830515674937818,3.3723688979914286,-2.7969256182331947,1.9088591938338395,1.3481255852499243,2.6280082124969883,4.097099441942168,4.6770398186858575
95.0,0.0,733.5615234375,2.560755440091641,0.6135768033954978,4.685815279659849,-3.049722229457342,-0.224612194688099,1.9566473543324368,-2.6849098529119075,1.8645703021473008,-4.396671267450722,-1.142419165771491
95.0,0.0,556.0225830078125,-3.437890261885456,-1.2445049647702144,-0.5016227856126729,-3.206606278004096,1.723330659004171,4.760245935556785,-2.299377936394144,1.9171858422582744,0.6566693579405891,-1.1367342526553106
95.0,0.0,1368.6080322265625,-2.0370395255721805,2.774275759288183,4.116536081079547,0.8843212270218768,3.979700632856961,2.0977629440742422,1.4926488964354858,2.161837458060546,3.2876670003810045,-4.5684497900369605
95.0,0.0,1689.6131591796875,-0.0698971496306333,-0.3907530939852623,3.0791742915436977,3.466841808449395,-3.9106339170332847,3.972543913736475,-4.775629133817922,-2.3238120989101985,4.49169694007235,0.1155779072164318
95.0,0.0,603.0927734375,-2.7859788166585964,1.9958314721915096,-0.9511770514769776,-0.3012876253146324,-2.234629933732757,2.1027493176688337,-1.6445157635180665,-0.3375080404404471,-4.247335360266124,-0.9631779028869492
95.0,0.0,809.6749267578125,0.5616105469233288,-3.3079231302297183,1.7696453703685968,0.2793811467298113,-4.31028072177336,2.1812170697534,-1.557133378754406,2.0590434064826093,-0.2987318114569657,-4.371945698212738
95.0,0.0,1389.65478515625,-2.7482107314856186,3.4276874651114504,-0.1419435809975153,2.7856248311237097,4.776189886151702,-3.5765662360335835,0.423926621920252,-1.1612264919555058,1.6722607603430646,-3.779847728549118
95.0,0.0,919.4742431640624,-0.143424242422113,-0.4098472898794627,1.927075255279592,3.8702021124000208,1.7919769039543398,2.019477979645111,-1.7780850274377915,3.614400529773516,0.756112234520808,4.401608330488848
95.0,0.0,1237.075439453125,2.5106091369066323,2.2736850294471136,-2.68581432213548,3.517734819607762,3.787425008183593,-1.6049367927694247,-3.782308866654114,-4.550822930659981,0.4128209126454347,-0.6255016104191267
95.0,0.0,872.0189208984375,3.419158219483437,2.543660246711008,0.6484741068664803,1.295984138743699,0.8512299828423684,-4.481057674358566,2.433285270273032,-2.378528577563201,0.8334854270492444,3.2273890234385263
95.0,0.0,431.6248168945313,2.1386560820425533,-0.9406311346801752,-2.6025871485513843,-4.708271197252261,3.281250496598151,2.1126934289385986,-0.5370228044184646,4.692468644754911,-1.509500328151784,2.9032074683081364
95.0,0.0,726.6019287109375,-3.8862298958683983,-4.5498677684093645,-3.95550944023644,-4.370664526384211,-4.388992604959011,4.723523903733343,2.573147821602649,-3.262957927189589,1.4642356725869456,-0.515441478303079
95.0,0.0,710.134521484375,3.0565096779680125,-4.052907182476799,2.429100613224757,1.036392607439338,-0.1320481267477795,-4.3647696250414425,-2.956507581266423,3.959264833794794,-4.3483209776213965,1.3120149041224654
95.0,0.0,488.6204528808594,-0.8261237524986518,-4.079079375082452,0.0281501028517094,1.411032372340257,-3.734877715696394,-1.9042015280434053,1.5796479887351484,3.338012785876801,0.5866087168668619,2.390590461633427
95.0,0.0,1054.7618408203125,-4.4026247005697545,-1.7009618243002178,4.42749079532506,1.508030703037921,-3.916891743152824,1.068149080993032,-2.0532358491820304,-2.812391306174493,-2.89232337082668,-2.181194044394327
95.0,0.0,1621.3350830078125,-2.841591619024879,3.756778926817475,-2.975466698009872,-2.498778694414045,-4.244870765750457,1.0586559320467304,-2.75715019698103,-4.8145529886224026,4.931995119046162,3.4368739213110207
95.0,0.0,1290.4486083984375,-1.9132088451372784,-3.19637122831172,-3.219669227358538,-1.2600822350327268,3.861555010169052,-0.162971176983123,-4.755282526395968,-3.4254087371492448,2.736974671443484,4.726907666837223
95.0,0.0,1194.3472900390625,-1.588890431778677,4.145230742683552,-1.526902623800126,3.5107950176103504,2.9972969229742343,-1.9954375212240527,-3.8173963463946303,1.4648713857837503,1.737404217206798,-4.932636470490348
95.0,0.0,734.739013671875,-4.050823825895589,-3.781874454745042,1.7301599737694016,-1.4703451536208934,-0.5253915840896051,0.582949368660576,1.693286292884606,1.1636033960553496,-2.7694587725357787,4.694902450749099
95.0,0.0,1058.2825927734375,-1.3942921320603174,2.765792007098935,-4.789683565105688,4.148983494349453,-2.6429808576951563,-3.370393161025562,-3.05844044993938,-1.8952818508056088,1.9363106826918308,3.6916343314346296
95.0,0.0,1559.185546875,4.348319718338983,-4.953501766513607,-0.990266335721012,-1.0902013282865255,4.972841218862046,-4.571280778527305,3.826295038628,-4.6241506136739785,-3.628477285580865,3.146709729261133
95.0,0.0,761.72216796875,-0.8876444997874327,-3.646986971044949,-1.6141583774751975,-2.0495408639648827,2.5003355537717384,0.2594398619518987,-3.5074925507621915,0.6531868685609528,-4.58991031224468,-1.9367102463162245
95.0,0.0,1114.579345703125,-3.364369935796019,4.141525409691342,-4.1495756863514455,-0.2763954885570916,-3.761538865197298,0.0505918199766526,1.0718724568167426,-1.833477722840456,3.743439236640548,-2.7030758661758147
95.0,0.0,1056.3695068359375,1.748059015504437,-2.227141581934852,-2.985338594977527,2.2232638362266783,0.6811609029586174,4.827168281392998,-0.4341907110348781,-2.8008905197981,2.717926818717712,4.305941437416159
95.0,0.0,675.286376953125,-0.5255212031334544,1.0891593655045462,-4.964889290794505,0.7576016009553355,-4.304480715098668,-1.681741961865404,4.870121452650174,3.230014979262423,1.160417747095086,0.1193876821874511
95.0,0.0,456.9266052246094,3.1706011501453784,-4.774536894352689,1.1367577052365716,-0.4182918779442621,-3.483739222543901,3.114726118354296,2.4569284314668813,2.807959995143654,-0.7723911195463558,1.6660572224595764
95.0,0.0,1051.353759765625,2.497032494506878,1.0437280603523602,-3.617283958962175,3.991742647920941,1.0308577527367992,3.425634349141747,-0.2121393384408136,4.606168937240746,-3.1572138252315938,-4.496680848697398
95.0,0.0,1033.42431640625,-1.6966054456587,-3.5484278660997868,3.930079478267309,-3.870208711772805,-3.230127386543132,-4.825801319088056,0.5967334077843924,-0.9175409789058672,-0.8761703569089994,4.5510208099641485
95.0,0.0,1318.0667724609375,0.8290889339879746,4.485303850475843,-2.9508161398968893,4.587588215814023,-3.521752055907028,-4.568419593223854,-4.772730107780988,-3.1720871567449525,-4.594184693444935,0.5310588835810908
95.0,0.0,1057.3193359375,4.255680563888836,4.843007527896527,-4.796249805846006,-3.096450360201538,0.8945967246854192,-4.3848817136251785,3.7580245058586073,-3.666899368498093,1.02985615217489,4.363731903249144
95.0,0.0,782.32958984375,4.989636620008959,4.274755467845894,-1.6825993025913937,4.718062720814999,-0.467710367224992,2.928131920741497,-2.6001677275362067,0.5418083546633259,0.5363680301565186,0.1242796184617942
95.0,0.0,508.8979797363281,-0.7251022906337967,1.3332372311266836,-3.2580875995367578,-1.1430516572437952,2.191453746380194,3.3332783720580945,0.1713185149996787,1.1734224256316574,-4.229369079082841,1.6516862170770068
95.0,0.0,1480.915771484375,-0.5159994273165793,-4.125444859798981,2.8832987128474894,3.757266672745393,-0.8722452023263116,0.2010066647897002,0.9969920280320546,-4.556089816948578,-4.948619453213764,4.210140819043742
95.0,0.0,1402.2010498046875,1.117331665846307,-4.637836271550171,0.2508855464958035,-2.061312407453104,0.7162929029052307,0.5590270860864468,-4.387276608589525,-4.257699257713411,3.880774752235933,3.215304099464241
95.0,0.0,660.130859375,3.1212267181234825,-4.044357124700289,-1.1505572437650944,3.058443278540352,-4.279804270475264,-0.2419430378998655,-1.5288437081165585,4.526148299781651,-1.6888162645368765,3.5272909913285524
95.0,1.0,431.6248168945313,2.1386560820425533,-0.9406311346801752,-2.6025871485513843,-4.708271197252261,3.281250496598151,2.1126934289385986,-0.5370228044184646,4.692468644754911,-1.509500328151784,2.9032074683081364
95.0,1.0,454.8293762207031,3.172520955841656,-4.771653800829581,1.1367577052365716,-0.4182918779442621,-3.5358308615087983,3.114726118354296,2.4569284314668813,2.807959995143654,-0.7723911195463558,1.6660572224595764
95.0,1.0,456.9266052246094,3.1706011501453784,-4.774536894352689,1.1367577052365716,-0.4182918779442621,-3.483739222543901,3.114726118354296,2.4569284314668813,2.807959995143654,-0.7723911195463558,1.6660572224595764
95.0,1.0,476.0094909667969,2.477984407621592,-4.5821107116193165,-0.1257405533641546,-0.4096833492986511,-3.483739222543901,2.986933125739556,2.440450790842286,2.807959995143654,-3.3354413065974304,1.6660572224595764
95.0,1.0,484.7059631347656,-0.8351046808361995,-4.144627238844926,-4.4966258791376,-3.9651544753961137,-3.651430674898679,-1.9151826439563608,-0.4836443311428144,3.044710901091144,-4.204658127154067,2.391555065850536
95.0,1.0,488.6204528808594,-0.8261237524986518,-4.079079375082452,0.0281501028517094,1.411032372340257,-3.734877715696394,-1.9042015280434053,1.5796479887351484,3.338012785876801,0.5866087168668619,2.390590461633427
95.0,1.0,499.0428771972656,4.703923087414637,0.8528946679194371,1.214639341317849,-3.6268444581125183,-1.000657682403686,-0.1232230787149992,-4.59092557062648,3.169961477612425,1.8542371229602008,2.7730854606905986
95.0,1.0,508.5499877929688,2.268405805431557,-1.1456029160176264,-2.6025871485513843,-4.454530658491563,3.281250496598151,2.1126934289385986,-0.5370228044184646,0.5421014125860868,-1.506547939955533,2.9032074683081364
95.0,1.0,508.8979797363281,-0.7251022906337967,1.3332372311266836,-3.2580875995367578,-1.1430516572437952,2.191453746380194,3.3332783720580945,0.1713185149996787,1.1734224256316574,-4.229369079082841,1.6516862170770068
95.0,1.0,518.94970703125,4.703923087414637,0.8528946679194371,1.214639341317849,-4.65805227445994,-1.000657682403686,-0.1232230787149992,-4.59092557062648,3.169961477612425,1.8542371229602008,2.7730854606905986
95.0,1.0,524.5879516601562,-3.6691189193164746,1.434182736914794,-3.2580875995367578,-1.1430516572437952,2.191453746380194,3.3332783720580945,0.1713185149996787,1.1734224256316574,-4.229369079082841,1.6511121481152116
95.0,1.0,527.4942016601562,4.701874531534751,1.0840716502305454,1.214639341317849,-4.65805227445994,-0.948565714245098,-0.1232230787149992,-4.59092557062648,3.169961477612425,1.8542371229602008,2.364956988633371
95.0,1.0,532.9385986328125,3.1212267181234825,-4.044357124700289,-1.1505572437650944,-2.8717081381791427,-4.279804270475264,-0.1575265206991045,-1.5288437081165585,4.691827855451582,-4.390101696772764,3.587949687757858
95.0,1.0,537.8607177734375,-0.2404572055942324,-4.145269844441856,-4.723159344896597,-3.9769432705793593,-3.651430674898679,-0.6654347875447764,-0.4836443311428144,3.044818683707298,-4.204658127154067,3.558642767492122
95.0,1.0,541.3245849609375,-0.2314762772566847,-4.079721980679382,-0.1863135883054001,1.399730072441153,-3.734877715696394,-0.6544536716318096,1.5796479887351484,3.338120568492956,0.5866087168668619,3.557678163233387
95.0,1.0,541.5702514648438,3.0987228845172914,0.0047893584737224,-4.898716594662828,0.2450618882230992,-4.16940312852801,-0.2462990089234811,4.337026393103828,4.3815775692993055,-1.921500441637166,1.8324226138670472
95.0,1.0,550.6185302734375,-0.7251022906337967,3.425250261656381,-1.1521725877161324,-1.1430516572437952,2.5394636934929804,3.3332783720580945,0.1713185149996787,1.1154085837983945,-4.229783169005052,1.4561688905876329
95.0,1.0,556.0225830078125,-3.437890261885456,-1.2445049647702144,-0.5016227856126729,-3.206606278004096,1.723330659004171,4.760245935556785,-2.299377936394144,1.9171858422582744,0.6566693579405891,-1.1367342526553106
95.0,1.0,570.5897216796875,-2.7859788166585964,1.409143561285202,-3.261940591867388,-0.3012876253146324,-1.96081032059609,2.1027493176688337,-1.6445157635180665,-0.2794941986071902,-4.246921270343912,-0.9631779028869492
95.0,1.0,588.8104248046875,-2.7859788166585964,1.9958314721915096,-0.9511770514769776,-0.3012876253146324,-2.234629933732757,2.1027493176688337,-1.392774705950297,-0.3375080404404471,-4.247335360266124,-0.9631779028869492
95.0,1.0,603.0927734375,-2.7859788166585964,1.9958314721915096,-0.9511770514769776,-0.3012876253146324,-2.234629933732757,2.1027493176688337,-1.6445157635180665,-0.3375080404404471,-4.247335360266124,-0.9631779028869492
95.0,1.0,626.5543212890625,-0.8261237524986518,-4.079079375082452,-0.075535563520116,2.0059790078976008,-3.734877715696394,-1.9042015280434053,2.924443995926052,3.338012785876801,-3.6816799583712654,2.37827090249106
95.0,1.0,635.7537841796875,-0.1014932352133604,-0.0208172925673419,-0.6412974729771017,2.830219034112286,0.5439089424572705,4.019862864515872,-1.3850761734194317,-0.6872558097842383,0.4563800680882588,1.4430054952303433
95.0,1.0,639.18310546875,-0.1014932352133604,0.8130132757669275,-0.6412974729771017,2.830219034112286,0.5439089424572705,4.019862864515872,-0.7127866377615364,-0.6872558097842383,0.4563800680882588,1.4430054952303433
95.0,1.0,644.829833984375,-2.33588801126892,-2.967966155005569,0.4802988528928917,1.4070451294332411,-0.5631103245279707,-2.8967872512729542,1.5658125341400084,-0.0435822052931387,0.4803105131908594,2.986345388777889
95.0,1.0,660.130859375,3.1212267181234825,-4.044357124700289,-1.1505572437650944,3.058443278540352,-4.279804270475264,-0.2419430378998655,-1.5288437081165585,4.526148299781651,-1.6888162645368765,3.5272909913285524
95.0,1.0,663.6702880859375,-3.437890261885456,-2.1527456768204223,-0.5016227856126729,-3.206606278004096,1.7314566476497362,4.827987537807397,-1.5218729416458652,1.9171858422582744,0.6566693579405891,4.351219578480145
95.0,1.0,675.286376953125,-0.5255212031334544,1.0891593655045462,-4.964889290794505,0.7576016009553355,-4.304480715098668,-1.681741961865404,4.870121452650174,3.230014979262423,1.160417747095086,0.1193876821874511
95.0,1.0,686.4178466796875,4.813031660180739,4.470113759360293,-1.6825993025913937,4.46221660480044,-0.467710367224992,2.596611622334122,-2.6001677275362067,4.684879226154467,0.5334156419617444,0.1242796184617942
95.0,1.0,689.3326416015625,2.5433363939643607,0.1086765714420157,-2.5175381694499244,-1.970644102034273,-2.8570052660095726,-4.229895825848013,2.2750772892865045,-2.079288882785045,-0.0508712917613776,-1.157429012224527
95.0,1.0,693.978515625,4.222991396154241,0.5908628104568019,-4.837055537322933,-3.0865974909973874,0.6337001091717511,3.425634349141747,3.772934594042267,4.606168937240746,1.1181677040528268,4.54311090627272
95.0,1.0,694.744384765625,-0.5364007065165822,0.487526865280957,1.927075255279592,0.714539095572458,-4.233851174391427,-1.837227911382272,-1.644711200994799,3.614400529773516,0.756112234520808,4.401608330488848
95.0,1.0,710.134521484375,3.0565096779680125,-4.052907182476799,2.429100613224757,1.036392607439338,-0.1320481267477795,-4.3647696250414425,-2.956507581266423,3.959264833794794,-4.3483209776213965,1.3120149041224654
95.0,1.0,723.8111572265625,-3.8862298958683983,-4.5498677684093645,-3.95550944023644,-4.370664526384211,-0.5983940084532919,4.735209637165493,2.573147821602649,-3.262957927189589,1.3014329451540163,-0.515441478303079
95.0,1.0,724.68359375,2.0211932746010453,0.0047893584737224,-4.898716594662828,0.2450618882230992,-0.5722282886102281,-1.781901747062581,4.337026393103828,-0.9642892820306326,-1.921500441637166,1.8324226138670472
95.0,1.0,725.102294921875,-3.8862298958683983,-4.668850216961735,-3.95550944023644,-4.370664526384211,-4.388992604959011,4.723523903733343,2.573147821602649,-3.262957927189589,1.4642356725869456,-0.515441478303079
95.0,1.0,726.6019287109375,-3.8862298958683983,-4.5498677684093645,-3.95550944023644,-4.370664526384211,-4.388992604959011,4.723523903733343,2.573147821602649,-3.262957927189589,1.4642356725869456,-0.515441478303079
95.0,1.0,729.8741455078125,-0.9730164316483204,-3.6523595257871726,-4.148171401208021,-2.0495408639648827,2.9386134629710314,0.0553545137955992,-3.5074925507621915,0.6531868685609528,-4.250548461377071,-1.948768357146298
95.0,1.0,733.5615234375,2.560755440091641,0.6135768033954978,4.685815279659849,-3.049722229457342,-0.224612194688099,1.9566473543324368,-2.6849098529119075,1.8645703021473008,-4.396671267450722,-1.142419165771491
95.0,1.0,734.739013671875,-4.050823825895589,-3.781874454745042,1.7301599737694016,-1.4703451536208934,-0.5253915840896051,0.582949368660576,1.693286292884606,1.1636033960553496,-2.7694587725357787,4.694902450749099
95.0,1.0,738.0032958984375,3.419158219483437,3.931138047293882,0.6484741068664803,1.295984138743699,-3.05159819252981,2.9100634379314188,2.8896160638258404,-2.378528577563201,0.8371275141878068,3.2273890234385263
95.0,1.0,742.263671875,1.0627370233163524,0.0047893584737224,-4.898716594662828,0.2450618882230992,-4.362134036220769,-1.8331522988526163,4.878421807351291,-0.9642892820306326,-1.5259894437638803,1.8324226138670472
95.0,1.0,748.3760986328125,-0.2359846514376709,-3.6032973325958095,-3.563936014343498,4.227436189772144,-3.651430674898679,-0.6654347875447764,-0.4836443311428144,4.616040444700525,-3.148945467737263,3.27871678451017
95.0,1.0,761.72216796875,-0.8876444997874327,-3.646986971044949,-1.6141583774751975,-2.0495408639648827,2.5003355537717384,0.2594398619518987,-3.5074925507621915,0.6531868685609528,-4.58991031224468,-1.9367102463162245
95.0,1.0,780.5848388671875,2.1501291525486823,-0.9406311346801752,-2.6025871485513843,3.684056862560805,3.271633394017272,2.1126934289385986,-0.670219085033344,4.744239549956454,1.8136421936240108,2.9032074683081364
95.0,1.0,782.32958984375,4.989636620008959,4.274755467845894,-1.6825993025913937,4.718062720814999,-0.467710367224992,2.928131920741497,-2.6001677275362067,0.5418083546633259,0.5363680301565186,0.1242796184617942
95.0,1.0,796.583984375,-2.33588801126892,-2.967966155005569,0.4802988528928917,2.001991764990585,-0.5631103245279707,-2.8967872512729542,2.910608541335992,-0.0435822052931387,-3.788034344489075,2.974025829635522
95.0,1.0,796.9615478515625,2.043697108206448,-4.044357124700289,-1.1505572437650944,3.058443278540352,-0.6823435944223188,-0.3403011023269007,-1.5288437081165585,-0.9927144378280834,-1.6888162645368765,3.5272909913285524
95.0,1.0,798.734375,-1.6966054456587,-3.451674371196469,-0.1923005550777023,-3.870208711772805,-3.3259227380007035,-4.674631820018065,0.6065519592757692,-0.9175409789058672,-3.1541823215692792,-1.7986742020472488
95.0,1.0,805.3468017578125,2.497032494506878,0.5024310732501927,-4.688799834081488,-4.213309985189255,1.0308577527367992,4.005774802486551,-0.2121393384408136,2.894068999109796,-4.212926474696113,-4.496680848697398
95.0,2.0,367.5272216796875,2.268405805431557,-1.388923846508189,-2.6025871485513843,-4.989239662700305,-3.5812559832408284,1.3425589130388722,-0.7215349029039366,0.5421014125860868,-1.5287828564476325,3.0583127792755835
95.0,2.0,373.14398193359375,-2.857278334954694,1.4511339076010363,-3.261940591867388,-0.3012876253146324,-1.727790972428145,2.1028355404540107,-1.8409080428967683,4.247565003470704,-1.5626508460895434,-0.9631779028869492
95.0,2.0,376.5836181640625,3.172520955841656,0.6509421795045092,1.1367577052365716,-0.4182918779442621,-3.5358308615087983,3.039580355542201,1.8516132285725184,3.1906740849318065,-0.527997808686866,1.6660572224595764
95.0,2.0,415.5533447265625,2.39871297598548,0.9015468477981304,-0.1257405533641546,-0.4096833492986511,-3.483739222543901,2.986933125739556,2.440450790842286,2.807959995143654,-3.3354413065974304,1.6660572224595764
95.0,2.0,431.3030090332031,-3.563497652217133,-0.9406311346801752,-2.6025871485513843,-4.849620511824748,2.2382211015937905,2.1126934289385986,-0.5370228044184646,1.0079306476311871,-1.509500328151784,2.9032074683081364
95.0,2.0,431.6248168945313,2.1386560820425533,-0.9406311346801752,-2.6025871485513843,-4.708271197252261,3.281250496598151,2.1126934289385986,-0.5370228044184646,4.692468644754911,-1.509500328151784,2.9032074683081364
95.0,2.0,433.0746154785156,-4.569711061197412,1.2978069932277596,1.324382835554638,-4.370664526384211,-4.486018389236072,4.723523903733343,2.573147821602649,3.585493289386965,1.4642356725869456,2.2908553825397195
95.0,2.0,437.3251647949219,-0.8351046808361995,-4.144627238844926,1.0913473660611763,-3.9651544753961137,-3.494604775984543,-1.9151826439563608,-0.4836443311428144,3.044710901091144,-0.5703948143107347,2.391555065850536
95.0,2.0,440.22357177734375,-0.2404572055942324,-4.0827631930070805,-4.723159344896597,-3.9769432705793593,-3.651430674898679,-0.6654347875447764,-0.4836443311428144,3.3342321655558576,0.5050509932901721,3.5786548994363807
95.0,2.0,451.832763671875,-0.4564155023168577,1.5412166622019323,-0.5058014776659647,-1.124604162861859,2.186620314681433,4.760245935556785,0.1764804958874783,1.9344143493582704,0.8906915498431145,1.5881472214642036
95.0,2.0,453.7400207519531,2.268405805431557,-1.1456029160176264,-2.6025871485513843,-3.815055811565406,-0.5797199219026117,-2.926187521967355,-0.5370228044184646,0.5421014125860868,-1.7857866305015762,2.9032074683081364
95.0,2.0,454.8293762207031,3.172520955841656,-4.771653800829581,1.1367577052365716,-0.4182918779442621,-3.5358308615087983,3.114726118354296,2.4569284314668813,2.807959995143654,-0.7723911195463558,1.6660572224595764
95.0,2.0,456.9266052246094,3.1706011501453784,-4.774536894352689,1.1367577052365716,-0.4182918779442621,-3.483739222543901,3.114726118354296,2.4569284314668813,2.807959995143654,-0.7723911195463558,1.6660572224595764
95.0,2.0,460.2117614746094,-3.871945978419647,-4.77772645377239,1.1423505681014363,-1.508885451795035,-3.5358308615087983,3.114726118354296,1.692627172001189,2.807959995143654,-2.843556887749864,1.6660572224595764
95.0,2.0,466.3521423339844,-0.5255212031334544,1.0891593655045462,-4.964889290794505,-0.5903784724959371,-4.304480715098668,-1.681741961865404,3.772959305876171,3.230014979262423,1.1335920339445082,0.1193876821874511
95.0,2.0,474.3695983886719,-0.0691519618995473,-4.048570972001995,-0.1863135883054001,-3.0180304350587086,-4.282777530579996,-0.6544536716318096,2.115694876451805,3.3525682819152443,0.5866087168668619,3.557678163233387
95.0,2.0,476.0094909667969,2.477984407621592,-4.5821107116193165,-0.1257405533641546,-0.4096833492986511,-3.483739222543901,2.986933125739556,2.440450790842286,2.807959995143654,-3.3354413065974304,1.6660572224595764
95.0,2.0,481.3036193847656,-0.8261237524986518,-4.778886703081948,0.0281501028517094,1.387922201678413,-3.734877715696394,-1.9042015280434053,1.5796479887351484,3.338012785876801,-0.1493082745792942,2.389109216441787
95.0,2.0,484.7059631347656,-0.8351046808361995,-4.144627238844926,-4.4966258791376,-3.9651544753961137,-3.651430674898679,-1.9151826439563608,-0.4836443311428144,3.044710901091144,-4.204658127154067,2.391555065850536
95.0,2.0,488.6204528808594,-0.8261237524986518,-4.079079375082452,0.0281501028517094,1.411032372340257,-3.734877715696394,-1.9042015280434053,1.5796479887351484,3.338012785876801,0.5866087168668619,2.390590461633427
95.0,2.0,493.5415649414063,4.703923087414637,0.8528946679194371,1.214639341317849,-4.668430916938603,-0.9993905064407784,-0.1232230787149992,-4.59092557062648,3.169961477612425,1.5563947957375024,2.367380153475868
95.0,2.0,493.6846008300781,-0.8351046808361995,-4.144627238844926,-4.4966258791376,-1.4935767389186356,-3.651430674898679,-1.9151826439563608,-0.4836443311428144,3.044710901091144,-4.204658127154067,2.391555065850536
95.0,2.0,498.6717529296875,3.7449570536740975,1.20709066243682,-0.5016227856126729,-3.2244677675754763,1.5013809231099704,4.760245935556785,-2.299377936394144,4.4196546641085215,0.6663039751922903,3.493998268636469
95.0,2.0,499.0428771972656,4.703923087414637,0.8528946679194371,1.214639341317849,-3.6268444581125183,-1.000657682403686,-0.1232230787149992,-4.59092557062648,3.169961477612425,1.8542371229602008,2.7730854606905986
95.0,2.0,499.2441711425781,4.701874531534751,0.8172714678399968,1.214639341317849,-3.6164574179708486,-0.9498328902080057,-0.1232230787149992,-4.59092557062648,3.169961477612425,1.8542371229602008,2.7706622958481018
95.0,2.0,508.5499877929688,2.268405805431557,-1.1456029160176264,-2.6025871485513843,-4.454530658491563,3.281250496598151,2.1126934289385986,-0.5370228044184646,0.5421014125860868,-1.506547939955533,2.9032074683081364
95.0,2.0,508.8979797363281,-0.7251022906337967,1.3332372311266836,-3.2580875995367578,-1.1430516572437952,2.191453746380194,3.3332783720580945,0.1713185149996787,1.1734224256316574,-4.229369079082841,1.6516862170770068
95.0,2.0,513.5965576171875,2.2915990934686907,1.434182736914794,-3.2580875995367578,-1.1430516572437952,3.2344831413825763,3.3332783720580945,0.1713185149996787,4.828290600809396,-4.229369079082841,1.6511121481152116
95.0,2.0,514.1573486328125,2.477984407621592,-4.672436612625587,-3.504416887343873,-0.4096833492986511,-3.483739222543901,3.252118975005839,2.440450790842286,1.1443459447791298,-3.3354413065974304,1.5390694574929449
95.0,2.0,516.78564453125,4.703923087414637,0.8802238502650597,1.1940308311851562,-3.6268444581125183,-1.000657682403686,-0.1232230787149992,-4.59092557062648,3.169961477612425,1.8542371229602008,2.910577913284467
95.0,2.0,518.94970703125,4.703923087414637,0.8528946679194371,1.214639341317849,-4.65805227445994,-1.000657682403686,-0.1232230787149992,-4.59092557062648,3.169961477612425,1.8542371229602008,2.7730854606905986
95.0,2.0,520.292724609375,-0.7251022906337967,1.4532416169386857,0.1205958449331285,-1.1430516572437952,2.191453746380194,3.3332783720580945,0.1713185149996787,2.8370364759383,-4.229369079082841,1.6671267672491463
95.0,2.0,524.5879516601562,-3.6691189193164746,1.434182736914794,-3.2580875995367578,-1.1430516572437952,2.191453746380194,3.3332783720580945,0.1713185149996787,1.1734224256316574,-4.229369079082841,1.6511121481152116
95.0,2.0,524.7833862304688,-3.6691189193164746,1.434182736914794,-3.2580875995367578,-1.1430516572437952,2.191453746380194,3.3332783720580945,0.1645032846991115,1.1734224256316574,-4.229454838265582,1.6511121481152116
95.0,2.0,527.3004150390625,3.1706011501453784,-4.774536894352689,-4.444870286571607,-0.4182918779442621,-3.640565121458037,3.114726118354296,2.4569284314668813,2.807959995143654,-4.405192634140761,1.6660572224595764
95.0,2.0,527.4942016601562,4.701874531534751,1.0840716502305454,1.214639341317849,-4.65805227445994,-0.948565714245098,-0.1232230787149992,-4.59092557062648,3.169961477612425,1.8542371229602008,2.364956988633371
95.0,2.0,532.9385986328125,3.1212267181234825,-4.044357124700289,-1.1505572437650944,-2.8717081381791427,-4.279804270475264,-0.1575265206991045,-1.5288437081165585,4.691827855451582,-4.390101696772764,3.587949687757858
95.0,2.0,537.8607177734375,-0.2404572055942324,-4.145269844441856,-4.723159344896597,-3.9769432705793593,-3.651430674898679,-0.6654347875447764,-0.4836443311428144,3.044818683707298,-4.204658127154067,3.558642767492122
95.0,2.0,541.3245849609375,-0.2314762772566847,-4.079721980679382,-0.1863135883054001,1.399730072441153,-3.734877715696394,-0.6544536716318096,1.5796479887351484,3.338120568492956,0.5866087168668619,3.557678163233387
95.0,2.0,541.5702514648438,3.0987228845172914,0.0047893584737224,-4.898716594662828,0.2450618882230992,-4.16940312852801,-0.2462990089234811,4.337026393103828,4.3815775692993055,-1.921500441637166,1.8324226138670472
95.0,2.0,544.4722900390625,-0.2799806032087359,-4.079721980679382,-0.1863135883054001,1.399730072441153,-3.734877715696394,-0.6544536716318096,1.5796479887351484,3.338120568492956,0.5866087168668619,3.557678163233387
95.0,2.0,549.1280517578125,3.0987228845172914,0.0047893584737224,-4.898716594662828,0.2450618882230992,-3.881308874872514,-1.8399149704025384,4.337026393103828,4.3815775692993055,-1.921500441637166,1.8324226138670472
95.0,2.0,550.343505859375,-0.2404572055942324,-4.145269844441856,-4.723159344896597,-3.9769432705793593,-3.651430674898679,-0.6654347875447764,-0.3933498176047197,3.044818683707298,-4.204572367971327,3.558642767492122
95.0,2.0,550.6185302734375,-0.7251022906337967,3.425250261656381,-1.1521725877161324,-1.1430516572437952,2.5394636934929804,3.3332783720580945,0.1713185149996787,1.1154085837983945,-4.229783169005052,1.4561688905876329
95.0,2.0,556.0225830078125,-3.437890261885456,-1.2445049647702144,-0.5016227856126729,-3.206606278004096,1.723330659004171,4.760245935556785,-2.299377936394144,1.9171858422582744,0.6566693579405891,-1.1367342526553106
95.0,2.0,564.431640625,4.779032440191748,-4.616854388275221,1.214639341317849,-4.65805227445994,-1.2146524374263432,-0.1232230787149992,-4.59092557062648,3.169961477612425,1.8542371229602008,2.7730854606905986
95.0,2.0,570.5897216796875,-2.7859788166585964,1.409143561285202,-3.261940591867388,-0.3012876253146324,-1.96081032059609,2.1027493176688337,-1.6445157635180665,-0.2794941986071902,-4.246921270343912,-0.9631779028869492
95.0,2.0,570.5897216796875,-2.7859788166585964,1.409143561285202,-3.261940591867388,-0.3012876253146324,-1.96081032059609,2.1027493176688337,-1.6445157635180665,-0.2794941986071902,-4.246921270343912,-0.9631779028869492
95.0,2.0,585.0536499023438,4.940869150538069,-4.544574045290442,1.4624519789380923,-4.65805227445994,-1.000657682403686,-0.0480775237526875,-4.244319291525052,2.7872473878242725,1.8542371229602008,2.7730854606905986
95.0,2.0,588.8104248046875,-2.7859788166585964,1.9958314721915096,-0.9511770514769776,-0.3012876253146324,-2.234629933732757,2.1027493176688337,-1.392774705950297,-0.3375080404404471,-4.247335360266124,-0.9631779028869492
95.0,3.0,328.1485900878906,-0.2322605626411655,-4.0827631930070805,-4.723159344896597,-3.967378373656477,-3.640980125457239,-0.9039889823708792,-0.4864935280870388,3.3342321655558576,0.5050509932901721,1.9392274508402785
95.0,3.0,328.32012939453125,2.268405805431557,-1.1456029160176264,-2.460756523053923,-4.454530658491563,-3.64401322283052,2.0558647476613987,-0.590617072022,0.6043873221671241,-1.506547939955533,1.603319825685063
95.0,3.0,341.6994934082031,-0.8299061893484612,1.5560925961787806,-3.250295136461152,-3.7463445806354176,-1.777002417189796,2.149656984845259,-0.5334550263749752,4.23310312507892,-4.038045329916529,2.391555065850536
95.0,3.0,345.142822265625,3.2611670945492186,0.0304214512555048,-1.7236951095797497,0.2048242828157609,-4.1478042697753015,2.1126934289385986,-0.5370228044184646,4.374258429450828,-1.5258035399102288,2.9032074683081364
95.0,3.0,364.1712036132813,4.705904552666824,-1.774286451401629,-2.6025871485513843,-3.739891942447537,-0.6826864572843014,1.3425589130388722,-0.8842079434936925,0.5421014125860868,-1.5287828564476325,3.064036810801248
95.0,3.0,365.8730773925781,-3.871945978419647,0.5612035845343568,1.1423505681014363,-0.4401800836677311,-3.5358308615087983,3.114726118354296,1.692627172001189,4.788724852954256,-0.518107164971713,1.6660572224595764
95.0,3.0,367.5272216796875,2.268405805431557,-1.388923846508189,-2.6025871485513843,-4.989239662700305,-3.5812559832408284,1.3425589130388722,-0.7215349029039366,0.5421014125860868,-1.5287828564476325,3.0583127792755835
95.0,3.0,368.5953979492188,-0.8351046808361995,0.7266243129524794,1.101061016447491,-3.9651544753961137,-3.494604775984543,-1.9151826439563608,-0.4836443311428144,3.044710901091144,-0.5703948143107347,2.391555065850536
95.0,3.0,373.14398193359375,-2.857278334954694,1.4511339076010363,-3.261940591867388,-0.3012876253146324,-1.727790972428145,2.1028355404540107,-1.8409080428967683,4.247565003470704,-1.5626508460895434,-0.9631779028869492
95.0,3.0,376.5836181640625,3.172520955841656,0.6509421795045092,1.1367577052365716,-0.4182918779442621,-3.5358308615087983,3.039580355542201,1.8516132285725184,3.1906740849318065,-0.527997808686866,1.6660572224595764
95.0,3.0,388.8141784667969,-0.5727038493137702,1.434182736914794,-3.2580875995367578,-1.1430516572437952,2.191453746380194,3.3332783720580945,0.1713185149996787,1.933740991782282,1.026209077489328,1.6522839875022883
95.0,3.0,390.617431640625,3.172520955841656,0.3517864764797789,1.1367577052365716,-0.4182918779442621,-3.5358308615087983,3.039580355542201,1.8516132285725184,3.1906740849318065,-0.527997808686866,1.6660572224595764
95.0,3.0,394.189453125,2.268405805431557,0.7688882280096299,1.1165827054467277,-4.989239662700305,-3.5812559832408284,1.3389402828975343,-1.0638926832425002,0.5421014125860868,-1.5287828564476325,2.3767593562239355
95.0,3.0,395.47662353515625,3.172520955841656,-4.645989443274059,-4.416991212629291,-0.3721756235837578,-4.18910305856042,-0.3210753905879202,2.401583737874544,2.8078858988999453,-1.885136584297463,1.6660572224595764
95.0,3.0,399.6473388671875,-4.569711061197412,1.2962732165411468,1.324382835554638,-4.370664526384211,-4.333250691991336,2.034005988482075,2.573147821602649,3.216937002839656,1.4642356725869456,2.2661298318462904
95.0,3.0,415.5533447265625,2.39871297598548,0.9015468477981304,-0.1257405533641546,-0.4096833492986511,-3.483739222543901,2.986933125739556,2.440450790842286,2.807959995143654,-3.3354413065974304,1.6660572224595764
95.0,3.0,415.6674499511719,2.1386560820425533,-0.9406311346801752,-2.6025871485513843,-4.708271197252261,3.4579357311170384,1.920086834197852,-0.5370228044184646,3.336961802754691,-1.484680455457669,2.9032074683081364
95.0,3.0,423.9883728027344,2.268405805431557,-1.18143209989975,-2.602699684477587,-3.815055811565406,-3.317278372659664,-2.926187521967355,-0.5370228044184646,0.5450605067804593,-1.7857866305015762,1.618331716954438
95.0,3.0,425.7453918457031,-2.857278334954694,1.452667684287649,-3.261940591867388,-0.3012876253146324,-1.727790972428145,4.785524004238957,-1.8409080428967683,4.247565003470704,-1.5626508460895434,-0.9384523598157994
95.0,3.0,425.98333740234375,4.703923087414637,0.8647962716770363,1.2257946210315422,-4.669480061754172,-0.9993905064407784,-0.246999583548455,-4.59092557062648,4.709580173102435,-1.413381041464682,2.008960556853617
95.0,3.0,429.6125793457031,2.012498745171615,1.4363085416356582,1.1896868866322667,-4.370664526384211,-4.486018389236072,4.723523903733343,2.582199147911425,3.585493289386965,1.3937357221055606,2.2908553825397195
95.0,3.0,431.3030090332031,-3.563497652217133,-0.9406311346801752,-2.6025871485513843,-4.849620511824748,2.2382211015937905,2.1126934289385986,-0.5370228044184646,1.0079306476311871,-1.509500328151784,2.9032074683081364
95.0,3.0,431.6248168945313,2.1386560820425533,-0.9406311346801752,-2.6025871485513843,-4.708271197252261,3.281250496598151,2.1126934289385986,-0.5370228044184646,4.692468644754911,-1.509500328151784,2.9032074683081364
95.0,3.0,433.0746154785156,-4.569711061197412,1.2978069932277596,1.324382835554638,-4.370664526384211,-4.486018389236072,4.723523903733343,2.573147821602649,3.585493289386965,1.4642356725869456,2.2908553825397195
95.0,3.0,435.6271057128906,0.0106388021788694,-0.9406311346801752,-2.5621416209194314,-4.805661044857287,2.2382211015937905,-0.558221535913995,-1.686800687769893,1.0659937031577993,-1.509500328151784,2.896414268763845
95.0,3.0,437.3251647949219,-0.8351046808361995,-4.144627238844926,1.0913473660611763,-3.9651544753961137,-3.494604775984543,-1.9151826439563608,-0.4836443311428144,3.044710901091144,-0.5703948143107347,2.391555065850536
95.0,3.0,440.22357177734375,-0.2404572055942324,-4.0827631930070805,-4.723159344896597,-3.9769432705793593,-3.651430674898679,-0.6654347875447764,-0.4836443311428144,3.3342321655558576,0.5050509932901721,3.5786548994363807
95.0,3.0,444.8831176757813,2.39871297598548,0.93737603168088,-0.1256280161638583,-0.4096833492986511,-0.7461803398741369,2.986933125739556,2.440450790842286,2.805000899783672,-3.3354413065974304,2.9509329738071752
95.0,3.0,451.832763671875,-0.4564155023168577,1.5412166622019323,-0.5058014776659647,-1.124604162861859,2.186620314681433,4.760245935556785,0.1764804958874783,1.9344143493582704,0.8906915498431145,1.5881472214642036
95.0,3.0,452.5462341308594,-0.0460668055021027,-0.0932857781609322,-2.6025871485513843,-4.454530658491563,3.281250496598151,-0.6165483635700282,-0.5370228044184646,0.6072632332443784,-1.198065463796361,2.92068309121849
95.0,3.0,452.9420166015625,-0.0691519618995473,-4.048570972001995,-0.1863135883054001,-3.0180304350587086,-4.437268125109279,-0.4618470774337366,2.115694876451805,4.707979182897246,0.5617888441747294,3.557678163233387
95.0,3.0,453.7400207519531,2.268405805431557,-1.1456029160176264,-2.6025871485513843,-3.815055811565406,-0.5797199219026117,-2.926187521967355,-0.5370228044184646,0.5421014125860868,-1.7857866305015762,2.9032074683081364
95.0,3.0,454.8293762207031,3.172520955841656,-4.771653800829581,1.1367577052365716,-0.4182918779442621,-3.5358308615087983,3.114726118354296,2.4569284314668813,2.807959995143654,-0.7723911195463558,1.6660572224595764
95.0,3.0,456.9266052246094,3.1706011501453784,-4.774536894352689,1.1367577052365716,-0.4182918779442621,-3.483739222543901,3.114726118354296,2.4569284314668813,2.807959995143654,-0.7723911195463558,1.6660572224595764
95.0,3.0,457.9372253417969,2.1386560820425533,-0.9525327384377612,-2.6137422709051217,-4.707222052436691,3.281250496598151,2.236469933260247,-0.5370228044184646,3.039181506385102,1.4602755090092925,2.9032074683081364
95.0,3.0,457.9560852050781,-3.6691189193164746,1.434182736914794,-3.2580875995367578,-1.161056586085667,-3.4353372079204068,3.3332783720580945,0.1645032846991115,1.1694172222779209,-4.229454838265582,1.6505493272046667
95.0,3.0,460.2117614746094,-3.871945978419647,-4.77772645377239,1.1423505681014363,-1.508885451795035,-3.5358308615087983,3.114726118354296,1.692627172001189,2.807959995143654,-2.843556887749864,1.6660572224595764
95.0,3.0,460.9557800292969,2.268405805431557,-1.1456029160176264,-2.6025871485513843,-3.815055811565406,-0.5797199219026117,-2.926187521967355,-0.453326916823298,0.5421014125860868,-1.7857866305015762,2.9032074683081364
95.0,3.0,466.3521423339844,-0.5255212031334544,1.0891593655045462,-4.964889290794505,-0.5903784724959371,-4.304480715098668,-1.681741961865404,3.772959305876171,3.230014979262423,1.1335920339445082,0.1193876821874511
95.0,3.0,467.8880615234375,3.172520955841656,-4.663000105482803,1.1367577052365716,-1.486997246071566,-3.5358308615087983,3.039580355542201,2.119594144015144,2.865682681709071,-2.853447529146554,1.6660572224595764
95.0,3.0,474.3695983886719,-0.0691519618995473,-4.048570972001995,-0.1863135883054001,-3.0180304350587086,-4.282777530579996,-0.6544536716318096,2.115694876451805,3.3525682819152443,0.5866087168668619,3.557678163233387
95.0,3.0,476.0094909667969,2.477984407621592,-4.5821107116193165,-0.1257405533641546,-0.4096833492986511,-3.483739222543901,2.986933125739556,2.440450790842286,2.807959995143654,-3.3354413065974304,1.6660572224595764
95.0,3.0,476.1226501464844,2.477984407621592,-4.59799128453612,-0.1341530948630258,-0.4096833492986511,-3.483739222543901,2.986933125739556,2.440450790842286,2.807959995143654,-3.3354413065974304,1.669433199932359
95.0,3.0,479.1300964355469,-0.8261237524986518,-4.079079375082452,0.0281501028517094,1.411032372340257,-3.734877715696394,-1.915227128501532,-0.4747909858931796,3.0652371304033075,0.7907020090373202,2.390590461633427
95.0,3.0,480.0971374511719,2.39871297598548,-3.909436134759479,-0.1354542037504696,-0.4096833492986511,-3.483739222543901,2.986933125739556,2.440450790842286,2.807959995143654,-3.3354413065974304,1.6660572224595764
95.0,3.0,481.1731872558594,-2.862476825979326,-4.246307492878743,-4.50826893759574,-0.5200585389540855,-3.602219206927192,-1.962004122633155,-1.7910973476645895,3.059172737293919,-1.729244485632836,-1.3731702962561487
95.0,3.0,481.3036193847656,-0.8261237524986518,-4.778886703081948,0.0281501028517094,1.387922201678413,-3.734877715696394,-1.9042015280434053,1.5796479887351484,3.338012785876801,-0.1493082745792942,2.389109216441787
95.0,3.0,481.3935241699219,-3.5004124487990564,-4.144627238844926,1.0913473660611763,-3.952661047557612,-3.494604775984543,2.093284023117577,-0.4836443311428144,1.1094649749368637,-0.5703948143107347,2.391555065850536
95.0,3.0,484.7059631347656,-0.8351046808361995,-4.144627238844926,-4.4966258791376,-3.9651544753961137,-3.651430674898679,-1.9151826439563608,-0.4836443311428144,3.044710901091144,-4.204658127154067,2.391555065850536
95.0,3.0,485.6365966796875,2.34405784494773,-4.048570972001995,-0.1863135883054001,-3.0180304350587086,-4.282777530579996,2.074788120263652,2.115694876451805,3.2874062910072,0.5866087168668619,3.540202540323015
95.0,4.0,259.9291381835937,-0.1849077285532114,1.5560925961787806,-3.250295136461152,-3.7463445806354176,-1.777002417189796,2.1379770137584364,0.4450660847074161,4.225055226639972,-1.9024298940613595,2.391555065850536
95.0,4.0,291.7947998046875,2.1386560820425533,-0.9406311346801752,-2.576646706859214,-4.708271197252261,-3.996445516571336,2.344922922927635,-0.5370228044184646,4.692468644754911,-1.5269376946771205,2.9032074683081364
95.0,4.0,299.0120849609375,2.1386560820425533,-0.978454515765678,-2.6025871485513843,-4.708271197252261,-4.454769311631713,1.920086834197852,-0.6574683800016417,3.3556786820044047,-1.484680455457669,2.879919628746113
95.0,4.0,328.1485900878906,-0.2322605626411655,-4.0827631930070805,-4.723159344896597,-3.967378373656477,-3.640980125457239,-0.9039889823708792,-0.4864935280870388,3.3342321655558576,0.5050509932901721,1.9392274508402785
95.0,4.0,328.32012939453125,2.268405805431557,-1.1456029160176264,-2.460756523053923,-4.454530658491563,-3.64401322283052,2.0558647476613987,-0.590617072022,0.6043873221671241,-1.506547939955533,1.603319825685063
95.0,4.0,330.0248718261719,2.268405805431557,-1.161904309830923,-2.599106920567793,-4.937525363024692,-3.5812559832408284,1.3011579119747008,-1.065233264033464,0.5421014125860868,-1.5292612635755154,1.626180040349569
95.0,4.0,331.0670166015625,-0.2814867747200247,-4.1413364303110605,-4.825116678402335,-3.457079256186142,-3.6497728178261255,-0.6722158097577298,1.8516132285725184,3.1906740849318065,-0.5236322235293809,1.6660572224595764
95.0,4.0,332.6274108886719,-0.2306394231474006,-4.043825201466516,-4.91230864579325,-4.76075738061182,-4.9152578683561465,-0.9039889823708792,-0.4864935280870388,2.911293301556168,-1.3737394386653785,1.9392274508402785
95.0,4.0,339.2004089355469,2.3337806835395005,0.6397902936393964,-2.5823351361798164,-4.0246327580805215,-4.577178134637654,3.013178589777042,-0.3904466747623992,3.368994962651353,-0.527997808686866,2.937009661207463
95.0,4.0,339.5789794921875,2.268405805431557,-1.1456029160176264,-2.459198812021508,-4.462994967440654,-3.64401322283052,2.0709717461468564,-0.5469871434945068,0.6043873221671241,-1.506547939955533,1.506083046743801
95.0,4.0,341.6994934082031,-0.8299061893484612,1.5560925961787806,-3.250295136461152,-3.7463445806354176,-1.777002417189796,2.149656984845259,-0.5334550263749752,4.23310312507892,-4.038045329916529,2.391555065850536
95.0,4.0,345.142822265625,3.2611670945492186,0.0304214512555048,-1.7236951095797497,0.2048242828157609,-4.1478042697753015,2.1126934289385986,-0.5370228044184646,4.374258429450828,-1.5258035399102288,2.9032074683081364
95.0,4.0,346.90057373046875,-0.2195379284369482,-4.13896655909516,-4.723159344896597,-4.675899183246582,-3.640980125457239,-1.0349668760967907,-0.4864935280870388,3.3342321655558576,0.5050509932901721,1.9392274508402785
95.0,4.0,347.4888610839844,3.2987284821085803,0.0304214512555048,-1.7236951095797497,0.2048242828157609,-4.1478042697753015,2.2191352615849578,-0.5370228044184646,4.374258429450828,-1.5258035399102288,2.9032074683081364
95.0,4.0,350.3897399902344,2.1507369553853044,-0.4171384713060901,-2.6025871485513843,-3.739891942447537,-0.6826864572843014,1.3425589130388722,-0.8842079434936925,0.5421014125860868,-1.544149486909081,3.064036810801248
95.0,4.0,364.1712036132813,4.705904552666824,-1.774286451401629,-2.6025871485513843,-3.739891942447537,-0.6826864572843014,1.3425589130388722,-0.8842079434936925,0.5421014125860868,-1.5287828564476325,3.064036810801248
95.0,4.0,364.8023071289063,-2.857278334954694,1.1442558275033374,-3.261940591867388,-0.3012876253146324,-1.727790972428145,2.1028355404540107,-1.8409080428967683,4.247565003470704,-0.924718607902822,-0.9631779028869492
95.0,4.0,365.8730773925781,-3.871945978419647,0.5612035845343568,1.1423505681014363,-0.4401800836677311,-3.5358308615087983,3.114726118354296,1.692627172001189,4.788724852954256,-0.518107164971713,1.6660572224595764
95.0,4.0,367.3477478027344,-3.871945978419647,0.5612035845343568,1.1423505681014363,-0.4401800836677311,-3.501920245270445,3.114726118354296,1.692627172001189,4.788724852954256,-0.518107164971713,1.6660572224595764
95.0,4.0,367.5272216796875,2.268405805431557,-1.388923846508189,-2.6025871485513843,-4.989239662700305,-3.5812559832408284,1.3425589130388722,-0.7215349029039366,0.5421014125860868,-1.5287828564476325,3.0583127792755835
95.0,4.0,368.5953979492188,-0.8351046808361995,0.7266243129524794,1.101061016447491,-3.9651544753961137,-3.494604775984543,-1.9151826439563608,-0.4836443311428144,3.044710901091144,-0.5703948143107347,2.391555065850536
95.0,4.0,370.1731872558594,-3.871945978419647,1.3931984689010593,1.1423505681014363,-0.6436359900040696,-3.5358308615087983,3.114726118354296,1.6763249006408725,4.540387868088357,-0.518107164971713,1.6660572224595764
95.0,4.0,371.8227233886719,-0.2657884028616246,0.6509421795045092,1.1367577052365716,-0.4182918779442621,-3.5358308615087983,-0.5423277195043794,1.7632708736022662,3.188770164341004,-0.527997808686866,1.6465833100933691
95.0,4.0,373.0519104003906,4.705904552666824,-1.774286451401629,-2.6025871485513843,-3.739891942447537,-0.6826864572843014,1.2221039913888017,-0.8842079434936925,0.5421014125860868,-1.5287828564476325,3.064036810801248
95.0,4.0,373.14398193359375,-2.857278334954694,1.4511339076010363,-3.261940591867388,-0.3012876253146324,-1.727790972428145,2.1028355404540107,-1.8409080428967683,4.247565003470704,-1.5626508460895434,-0.9631779028869492
95.0,4.0,376.5836181640625,3.172520955841656,0.6509421795045092,1.1367577052365716,-0.4182918779442621,-3.5358308615087983,3.039580355542201,1.8516132285725184,3.1906740849318065,-0.527997808686866,1.6660572224595764
95.0,4.0,382.1756591796875,2.268405805431557,0.7851896218231343,1.2549333435172043,-4.502037674841644,-3.64401322283052,2.093647118584232,-0.5892764912310363,0.6043873221671241,-1.5060695328276503,2.3538991415594293
95.0,4.0,387.7936096191406,1.9907981927853908,1.443144504427114,1.1908719283843523,-4.989239662700305,-3.5812559832408284,4.7222102053478965,-0.8665346638574704,3.629953390805208,-1.5287828564476325,2.3767593562239355
95.0,4.0,388.7132263183594,-0.7795804025336048,1.3427950373797817,1.101061016447491,-3.945530208066491,-3.494604775984543,2.242801325964075,-0.4836443311428144,3.213500404888561,1.4890530886898488,2.391555065850536
95.0,4.0,388.8141784667969,-0.5727038493137702,1.434182736914794,-3.2580875995367578,-1.1430516572437952,2.191453746380194,3.3332783720580945,0.1713185149996787,1.933740991782282,1.026209077489328,1.6522839875022883
95.0,4.0,390.617431640625,3.172520955841656,0.3517864764797789,1.1367577052365716,-0.4182918779442621,-3.5358308615087983,3.039580355542201,1.8516132285725184,3.1906740849318065,-0.527997808686866,1.6660572224595764
95.0,4.0,393.91845703125,-0.5727038493137702,1.434182736914794,-2.474262488011504,-1.2633424123323476,2.191453746380194,3.3332783720580945,0.1713185149996787,1.933740991782282,1.026209077489328,1.6522839875022883
95.0,4.0,394.189453125,2.268405805431557,0.7688882280096299,1.1165827054467277,-4.989239662700305,-3.5812559832408284,1.3389402828975343,-1.0638926832425002,0.5421014125860868,-1.5287828564476325,2.3767593562239355
95.0,4.0,395.47662353515625,3.172520955841656,-4.645989443274059,-4.416991212629291,-0.3721756235837578,-4.18910305856042,-0.3210753905879202,2.401583737874544,2.8078858988999453,-1.885136584297463,1.6660572224595764
95.0,4.0,397.1468505859375,-3.672536303639988,1.2962732165411468,0.1397791380639941,-3.560122093070386,-4.333250691991336,2.034005988482075,2.573147821602649,3.216937002839656,1.4642356725869456,2.2661298318462904
95.0,4.0,397.502197265625,2.39871297598548,0.905850803310311,-2.9407219629274475,-0.4096833492986511,-3.5622458242878,2.990937776784844,3.326360825373856,2.807959995143654,0.9349622316690922,1.6660572224595764
95.0,4.0,399.6473388671875,-4.569711061197412,1.2962732165411468,1.324382835554638,-4.370664526384211,-4.333250691991336,2.034005988482075,2.573147821602649,3.216937002839656,1.4642356725869456,2.2661298318462904
95.0,4.0,401.8215026855469,2.39871297598548,0.9044478311403772,-0.1257405533641546,-0.4096833492986511,-3.48864488900367,3.0393503672333466,-1.8268897427657416,2.807959995143654,-3.4420462439887336,1.6660572224595764
95.0,4.0,407.3700256347656,3.625354819994879,1.5560925961787806,-3.250295136461152,-3.9081841250569527,-3.525400221526935,2.149656984845259,2.5869916144555614,2.800377896955436,-4.045580490323712,1.6772291187442436
95.0,4.0,409.2487487792969,-4.620552498386198,0.6801024921138444,1.324382835554638,-4.390288793705495,-4.333250691991336,-2.123978063653656,2.573147821602649,3.048147499042237,-0.5531859731308755,2.2661298318462904
95.0,4.0,410.5453796386719,4.814008882367405,-1.388923846508189,-2.6025871485513843,-4.989239662700305,-3.5812559832408284,1.3425589130388722,-0.7215349029039366,0.5421014125860868,-2.979657643871726,3.0583127792755835
95.0,4.0,415.5533447265625,2.39871297598548,0.9015468477981304,-0.1257405533641546,-0.4096833492986511,-3.483739222543901,2.986933125739556,2.440450790842286,2.807959995143654,-3.3354413065974304,1.6660572224595764
95.0,4.0,415.6674499511719,2.1386560820425533,-0.9406311346801752,-2.6025871485513843,-4.708271197252261,3.4579357311170384,1.920086834197852,-0.5370228044184646,3.336961802754691,-1.484680455457669,2.9032074683081364
95.0,4.0,415.8732604980469,2.136673171997404,-1.1237651677323357,-2.3855044375463943,-3.040537357306849,-4.437268125109279,-0.4618470774337366,2.115694876451805,0.3448603410372537,-2.071608758748696,2.821935082966472
95.0,4.0,423.6777038574219,2.1259334477308043,-0.884346314252844,-2.6025871485513843,-3.999749415110966,3.4579357311170384,2.051064724859824,-0.5370228044184646,3.336961802754691,-1.484680455457669,2.9032074683081364
95.0,4.0,423.9883728027344,2.268405805431557,-1.18143209989975,-2.602699684477587,-3.815055811565406,-3.317278372659664,-2.926187521967355,-0.5370228044184646,0.5450605067804593,-1.7857866305015762,1.618331716954438
95.0,4.0,424.7460021972656,2.268405805431557,-1.1814347587441554,-2.602699339769232,-3.815055811565406,-3.2013976489601257,-2.926187521967355,-0.5370228044184646,0.5421014125860868,-1.7857866305015762,1.5736752897549109
95.0,4.0,425.7453918457031,-2.857278334954694,1.452667684287649,-3.261940591867388,-0.3012876253146324,-1.727790972428145,4.785524004238957,-1.8409080428967683,4.247565003470704,-1.5626508460895434,-0.9384523598157994
95.0,4.0,425.98333740234375,4.703923087414637,0.8647962716770363,1.2257946210315422,-4.669480061754172,-0.9993905064407784,-0.246999583548455,-4.59092557062648,4.709580173102435,-1.413381041464682,2.008960556853617
95.0,4.0,426.1344909667969,2.39871297598548,0.93737603168088,-0.1271857268543326,-0.3996076779903292,-0.7461803398741369,2.971826127254065,2.396820856170016,2.805000899783672,-3.3354413065974304,3.04816975267083
95.0,5.0,259.9291381835937,-0.1849077285532114,1.5560925961787806,-3.250295136461152,-3.7463445806354176,-1.777002417189796,2.1379770137584364,0.4450660847074161,4.225055226639972,-1.9024298940613595,2.391555065850536
95.0,5.0,260.42156982421875,0.0794301479722097,1.27868478120972,-3.250295136461152,-3.7463445806354176,-1.777002417189796,2.149680100864222,0.4450660847074161,4.225055226639972,-1.9024298940613595,2.391555065850536
95.0,5.0,273.7005615234375,-0.2195504993802903,1.5560925961787806,-3.2506071432247747,-3.7463445806354176,-4.49151619690957,2.1379770137584364,0.4450660847074161,4.225055226639972,-1.9024298940613595,2.388066133937242
95.0,5.0,281.1209716796875,2.27021337460336,0.2451067052535565,-2.914622522093448,-4.937525363024692,-3.5812559832408284,1.2510667615144166,-1.065233264033464,3.3137624956660607,0.4951585334604441,1.626180040349569
95.0,5.0,291.7947998046875,2.1386560820425533,-0.9406311346801752,-2.576646706859214,-4.708271197252261,-3.996445516571336,2.344922922927635,-0.5370228044184646,4.692468644754911,-1.5269376946771205,2.9032074683081364
95.0,5.0,298.59771728515625,2.173298852677572,-0.978454515765678,-2.60227514178776,-4.708271197252261,-1.7398749518828462,1.920086834197852,-0.6574683800016417,3.3556786820044047,-1.484680455457669,2.883408560659408
95.0,5.0,299.0120849609375,2.1386560820425533,-0.978454515765678,-2.6025871485513843,-4.708271197252261,-4.454769311631713,1.920086834197852,-0.6574683800016417,3.3556786820044047,-1.484680455457669,2.879919628746113
95.0,5.0,299.0120849609375,2.1386560820425533,-0.978454515765678,-2.6025871485513843,-4.708271197252261,-4.454769311631713,1.920086834197852,-0.6574683800016417,3.3556786820044047,-1.484680455457669,2.879919628746113
95.0,5.0,304.6446533203125,2.268405805431557,-0.0444714647138864,-1.7516988798485291,0.243550823440751,-3.64401322283052,2.219080163539043,-0.5373033195570445,4.109647758377265,-1.5070406884161145,1.603319825685063
95.0,5.0,307.5010986328125,3.546168447287277,-0.9406311346801752,-3.301970678463789,-3.8976582749185487,-3.996276637195389,2.354060672362049,-0.6456021821093172,4.651151265717387,-1.9113138344412093,2.870966885701032
95.0,5.0,313.9589233398437,3.2611670945492186,0.5881743950236797,-1.8092327725099824,0.2188110883185751,-4.159906870345684,2.1319333651641528,-0.2031025467268978,4.374258429450828,-1.5258035399102288,1.6477128384558268
95.0,5.0,323.6477966308594,4.705904552666824,-1.778407222857731,-2.678082804898738,-3.738763968959877,-0.6826864572843014,1.3920491336680891,-0.8842079434936925,2.9852529365061726,-1.371758087613984,3.031948798653467
95.0,5.0,325.4180603027344,4.653458774509158,-1.774286451401629,-3.607650250606442,-3.868689786604964,-3.985765532359648,1.2221039913888017,-0.5087898201833492,4.623220766221905,-1.5043686903770437,2.8802668147664914
95.0,5.0,328.1485900878906,-0.2322605626411655,-4.0827631930070805,-4.723159344896597,-3.967378373656477,-3.640980125457239,-0.9039889823708792,-0.4864935280870388,3.3342321655558576,0.5050509932901721,1.9392274508402785
95.0,5.0,328.32012939453125,2.268405805431557,-1.1456029160176264,-2.460756523053923,-4.454530658491563,-3.64401322283052,2.0558647476613987,-0.590617072022,0.6043873221671241,-1.506547939955533,1.603319825685063
95.0,5.0,329.7975769042969,4.948132642293073,-1.388923846508189,-2.648060469814343,-4.972376203347322,-3.5812559832408284,1.0066490840505866,-1.221438707871256,3.216992456755959,0.8820143555036781,3.0583127792755835
95.0,5.0,330.0248718261719,2.268405805431557,-1.161904309830923,-2.599106920567793,-4.937525363024692,-3.5812559832408284,1.3011579119747008,-1.065233264033464,0.5421014125860868,-1.5292612635755154,1.626180040349569
95.0,5.0,331.0670166015625,-0.2814867747200247,-4.1413364303110605,-4.825116678402335,-3.457079256186142,-3.6497728178261255,-0.6722158097577298,1.8516132285725184,3.1906740849318065,-0.5236322235293809,1.6660572224595764
95.0,5.0,331.24395751953125,1.133457583411717,-0.4171384713060901,-2.6025871485513843,-4.249275679908909,-0.6826864572843014,1.3425589130388722,-0.8842079434936925,0.5421014125860868,-1.544149486909081,2.415393549307854
95.0,5.0,332.6274108886719,-0.2306394231474006,-4.043825201466516,-4.91230864579325,-4.76075738061182,-4.9152578683561465,-0.9039889823708792,-0.4864935280870388,2.911293301556168,-1.3737394386653785,1.9392274508402785
95.0,5.0,333.1505432128906,2.3176806228497826,-1.1456029160176264,-2.605074491156098,-4.462994967440654,-3.717435297949677,1.3082797704015814,-0.8524096647080047,0.6043873221671241,-1.506547939955533,1.5540717230360368
95.0,5.0,333.5267944335937,2.268405805431557,1.5731367625572017,0.8155472687021863,-4.989239662700305,-4.653414016829493,0.6494985067121684,-1.0638926832425002,2.647897025855614,-1.1696526822212625,1.6749841462723427
95.0,5.0,339.2004089355469,2.3337806835395005,0.6397902936393964,-2.5823351361798164,-4.0246327580805215,-4.577178134637654,3.013178589777042,-0.3904466747623992,3.368994962651353,-0.527997808686866,2.937009661207463
95.0,5.0,339.2004089355469,2.3337806835395005,0.6397902936393964,-2.5823351361798164,-4.0246327580805215,-4.577178134637654,3.013178589777042,-0.3904466747623992,3.368994962651353,-0.527997808686866,2.937009661207463
95.0,5.0,339.5789794921875,2.268405805431557,-1.1456029160176264,-2.459198812021508,-4.462994967440654,-3.64401322283052,2.0709717461468564,-0.5469871434945068,0.6043873221671241,-1.506547939955533,1.506083046743801
95.0,5.0,341.37872314453125,-0.2814867747200247,-4.1413364303110605,-4.825116678402335,-3.457079256186142,-3.730487955943496,3.186232703304304,1.8516132285725184,3.1906740849318065,1.003229363873514,1.6667531167802174
95.0,5.0,341.6435546875,-0.8299061893484612,1.5560925961787806,-3.250295136461152,-3.7463445806354176,-1.777002417189796,2.1379538977394734,-0.5334550263749752,4.23310312507892,-4.038045329916529,2.391555065850536
95.0,5.0,341.6994934082031,-0.8299061893484612,1.5560925961787806,-3.250295136461152,-3.7463445806354176,-1.777002417189796,2.149656984845259,-0.5334550263749752,4.23310312507892,-4.038045329916529,2.391555065850536
95.0,5.0,342.48114013671875,-3.892284754398681,1.3931984689010593,0.2846815721896596,-0.6335728719027476,-3.5358308615087983,3.114726118354296,1.6763249006408725,4.540387868088357,-0.518107164971713,1.6660572224595764
95.0,5.0,345.142822265625,3.2611670945492186,0.0304214512555048,-1.7236951095797497,0.2048242828157609,-4.1478042697753015,2.1126934289385986,-0.5370228044184646,4.374258429450828,-1.5258035399102288,2.9032074683081364
95.0,5.0,346.90057373046875,-0.2195379284369482,-4.13896655909516,-4.723159344896597,-4.675899183246582,-3.640980125457239,-1.0349668760967907,-0.4864935280870388,3.3342321655558576,0.5050509932901721,1.9392274508402785
95.0,5.0,347.4888610839844,3.2987284821085803,0.0304214512555048,-1.7236951095797497,0.2048242828157609,-4.1478042697753015,2.2191352615849578,-0.5370228044184646,4.374258429450828,-1.5258035399102288,2.9032074683081364
95.0,5.0,349.4488220214844,2.1896697204931765,-0.9406311346801752,-2.60157282110438,-4.730936472577786,-0.6933400899194038,2.344922922927635,-0.912440927728808,0.6042720829138566,-1.5269376946771205,3.086977464342892
95.0,5.0,350.3897399902344,2.1507369553853044,-0.4171384713060901,-2.6025871485513843,-3.739891942447537,-0.6826864572843014,1.3425589130388722,-0.8842079434936925,0.5421014125860868,-1.544149486909081,3.064036810801248
95.0,5.0,352.6859130859375,2.3337806835395005,0.9081968524911318,-2.5823351361798164,-0.4770648160665354,-4.577178134637654,3.0400051007522304,-0.3333681030397072,3.3630875143299903,-0.527997808686866,2.937009661207463
95.0,5.0,353.1452941894531,-0.5596266336241947,-4.043825201466516,-4.91230864579325,-4.76075738061182,-4.9152578683561465,3.2229021296181983,-0.4864935280870388,2.911293301556168,-1.4090443550831795,1.9071658153895632
95.0,5.0,354.6660461425781,4.705904552666824,-1.755223953749676,-2.6025871485513843,-3.694782290258548,-3.566237208722999,1.348380529145835,-0.8842079434936925,0.5421014125860868,-1.551573472375926,1.5939140958533995
95.0,5.0,358.052734375,1.950873829301732,-4.232030282645691,-4.795770788662695,-3.853927661768717,-3.640980125457239,-2.829664485737269,-0.4892375969191744,3.3342321655558576,-1.8671293753699043,1.6117463023710463
95.0,5.0,359.15008544921875,-3.588348657554335,0.5327920567243994,-1.5428382071321527,-4.989239662700305,-3.990211332385986,1.3425589130388722,-0.7215349029039366,0.5421014125860868,-0.5286712767200648,1.740065492533008
95.0,5.0,360.8980407714844,-2.857278334954694,1.0973927723983334,-2.607045525691337,0.3152192462026038,-1.6731225912232226,2.1028355404540107,-0.7858598950661988,4.247565003470704,-0.92745523338766,2.7085128903821536
95.0,5.0,361.3858337402344,3.172520955841656,0.3517864764797789,1.1367577052365716,-0.4661093127181357,-3.9953254581964113,1.29788502504657,1.8516132285725184,3.1906740849318065,-0.527997808686866,1.668501395405018
95.0,5.0,364.1712036132813,4.705904552666824,-1.774286451401629,-2.6025871485513843,-3.739891942447537,-0.6826864572843014,1.3425589130388722,-0.8842079434936925,0.5421014125860868,-1.5287828564476325,3.064036810801248
95.0,5.0,364.3585815429688,-3.871945978419647,0.5612035845343568,1.1423505681014363,-0.4502432017690532,-3.5358308615087983,3.114726118354296,1.692627172001189,4.788724852954256,-0.518107164971713,1.6660572224595764
95.0,5.0,364.8023071289063,-2.857278334954694,1.1442558275033374,-3.261940591867388,-0.3012876253146324,-1.727790972428145,2.1028355404540107,-1.8409080428967683,4.247565003470704,-0.924718607902822,-0.9631779028869492
95.0,5.0,365.8730773925781,-3.871945978419647,0.5612035845343568,1.1423505681014363,-0.4401800836677311,-3.5358308615087983,3.114726118354296,1.692627172001189,4.788724852954256,-0.518107164971713,1.6660572224595764
95.0,5.0,367.3477478027344,-3.871945978419647,0.5612035845343568,1.1423505681014363,-0.4401800836677311,-3.501920245270445,3.114726118354296,1.692627172001189,4.788724852954256,-0.518107164971713,1.6660572224595764
95.0,5.0,367.5272216796875,2.268405805431557,-1.388923846508189,-2.6025871485513843,-4.989239662700305,-3.5812559832408284,1.3425589130388722,-0.7215349029039366,0.5421014125860868,-1.5287828564476325,3.0583127792755835
95.0,5.0,368.5953979492188,-0.8351046808361995,0.7266243129524794,1.101061016447491,-3.9651544753961137,-3.494604775984543,-1.9151826439563608,-0.4836443311428144,3.044710901091144,-0.5703948143107347,2.391555065850536
95.0,5.0,370.1731872558594,-3.871945978419647,1.3931984689010593,1.1423505681014363,-0.6436359900040696,-3.5358308615087983,3.114726118354296,1.6763249006408725,4.540387868088357,-0.518107164971713,1.6660572224595764
95.0,5.0,370.8457946777344,-0.2340681321782982,-4.0827631930070805,-4.723159344896597,-3.967378373656477,-3.640980125457239,-0.8538978319120102,-0.4864935280870388,0.5625709324632042,-1.5193688037443187,1.9392274508402785
95.0,6.0,225.21473693847656,0.0655006648193443,1.27868478120972,-3.281373884195669,-3.7463445806354176,-1.777002417189796,2.149680100864222,-0.6427617183890353,4.372130799723761,-1.9024298940613595,1.598445930008963
95.0,6.0,257.9587707519531,0.0794301479722097,1.27868478120972,-3.250295136461152,-3.7463445806354176,-4.841996777110923,1.873491013550722,-0.5281792315106897,4.225055226639972,-1.9024298940613595,2.391555065850536
95.0,6.0,259.9291381835937,-0.1849077285532114,1.5560925961787806,-3.250295136461152,-3.7463445806354176,-1.777002417189796,2.1379770137584364,0.4450660847074161,4.225055226639972,-1.9024298940613595,2.391555065850536
95.0,6.0,260.42156982421875,0.0794301479722097,1.27868478120972,-3.250295136461152,-3.7463445806354176,-1.777002417189796,2.149680100864222,0.4450660847074161,4.225055226639972,-1.9024298940613595,2.391555065850536
95.0,6.0,266.126220703125,-0.1849077285532114,1.5560925961787806,-4.730802861579395,-4.715266170797452,-3.6519551429748542,2.1379770137584364,0.4450660847074161,4.225055226639972,-1.9024298940613595,1.98512657653434
95.0,6.0,267.6846008300781,2.096386089355053,-1.1456029160176264,-2.6052677554306567,-3.74574251447672,-3.717435297949677,2.1269749701328697,0.3756954809593527,4.064479056826388,-1.8932883025006104,1.556714083023904
95.0,6.0,272.41705322265625,-0.2814867747200247,1.5891578262027544,-4.825116678402335,-3.457079256186142,-3.6323431881226407,2.218836263082885,1.8516132285725184,3.1906740849318065,-0.5761039531769153,1.6660572224595764
95.0,6.0,273.7005615234375,-0.2195504993802903,1.5560925961787806,-3.2506071432247747,-3.7463445806354176,-4.49151619690957,2.1379770137584364,0.4450660847074161,4.225055226639972,-1.9024298940613595,2.388066133937242
95.0,6.0,276.4049987792969,2.173181259647195,-1.0299334126277928,-2.60227514178776,-4.708271197252261,-1.7398749518828462,1.920086834197852,-0.6574683800016417,3.333263601507862,-1.5269491553285086,1.60190386444901
95.0,6.0,280.9155578613281,2.27021337460336,0.2451067052535565,-2.914622522093448,-4.9920848022671045,-3.5909297955677904,1.2510667615144166,-1.0719904928347783,3.3137624956660607,0.499270669481854,1.626180040349569
95.0,6.0,281.1209716796875,2.27021337460336,0.2451067052535565,-2.914622522093448,-4.937525363024692,-3.5812559832408284,1.2510667615144166,-1.065233264033464,3.3137624956660607,0.4951585334604441,1.626180040349569
95.0,6.0,285.9007568359375,2.173298852677572,-0.9599646924251696,-2.60227514178776,-4.708271197252261,-1.7398749518828462,1.920086834197852,-0.5406623480551155,3.357844268160111,-1.484680455457669,2.883408560659408
95.0,6.0,287.06427001953125,2.1386560820425533,-0.9406311346801752,-2.576646706859214,-4.708271197252261,-1.6999776497831682,2.344922922927635,0.4362225117996412,4.692468644754911,-1.5269376946771205,2.9032074683081364
95.0,6.0,288.21734619140625,-3.871945978419647,-1.0807051743464815,-2.6010708440233947,-4.698070913382286,-4.451196444790472,3.114726118354296,1.692627172001189,4.788724852954256,-1.5101621626130384,1.6685648336656056
95.0,6.0,290.45416259765625,-0.562544715542806,1.5560925961787806,-3.250295136461152,-4.228741357538653,-1.777002417189796,2.068568447492636,-0.8803201865861602,4.181415752990059,-1.9001415169386089,2.3905344697461777
95.0,6.0,291.1033630371094,4.845277832576446,-1.717931351590658,-3.607650250606442,-3.868689786604964,-3.9856199358973927,1.3377392908861947,-0.5052060511641068,4.623220766221905,-1.5043686903770437,2.250183493087691
95.0,6.0,291.7947998046875,2.1386560820425533,-0.9406311346801752,-2.576646706859214,-4.708271197252261,-3.996445516571336,2.344922922927635,-0.5370228044184646,4.692468644754911,-1.5269376946771205,2.9032074683081364
95.0,6.0,296.193359375,3.546168447287277,-0.9406311346801752,-3.367916582233844,-3.78499372428712,-3.9866028248684233,2.354060672362049,-0.6388449533080031,4.651151265717387,-1.9154259704021552,2.870966885701032
95.0,6.0,296.6199951171875,2.1386560820425533,-1.5053479071708225,-2.602338240846753,-4.109159461979893,-0.5399657290231783,1.9214858415058136,-0.6574683800016417,3.35826342734329,-1.484680455457669,2.879919628746113
95.0,6.0,298.59771728515625,2.173298852677572,-0.978454515765678,-2.60227514178776,-4.708271197252261,-1.7398749518828462,1.920086834197852,-0.6574683800016417,3.3556786820044047,-1.484680455457669,2.883408560659408
95.0,6.0,299.0120849609375,2.1386560820425533,-0.978454515765678,-2.6025871485513843,-4.708271197252261,-4.454769311631713,1.920086834197852,-0.6574683800016417,3.3556786820044047,-1.484680455457669,2.879919628746113
95.0,6.0,299.0120849609375,2.1386560820425533,-0.978454515765678,-2.6025871485513843,-4.708271197252261,-4.454769311631713,1.920086834197852,-0.6574683800016417,3.3556786820044047,-1.484680455457669,2.879919628746113
95.0,6.0,299.0120849609375,2.1386560820425533,-0.978454515765678,-2.6025871485513843,-4.708271197252261,-4.454769311631713,1.920086834197852,-0.6574683800016417,3.3556786820044047,-1.484680455457669,2.879919628746113
95.0,6.0,299.4964599609375,4.983466776662252,-1.388923846508189,-2.653527642330264,-4.972376203347322,-3.5812559832408284,1.2224243046104055,-1.0035028546094489,3.5357343800802834,0.8415974914086928,3.0583127792755835
95.0,6.0,304.6446533203125,2.268405805431557,-0.0444714647138864,-1.7516988798485291,0.243550823440751,-3.64401322283052,2.219080163539043,-0.5373033195570445,4.109647758377265,-1.5070406884161145,1.603319825685063
95.0,6.0,307.5010986328125,3.546168447287277,-0.9406311346801752,-3.301970678463789,-3.8976582749185487,-3.996276637195389,2.354060672362049,-0.6456021821093172,4.651151265717387,-1.9113138344412093,2.870966885701032
95.0,6.0,307.5010986328125,3.546168447287277,-0.9406311346801752,-3.301970678463789,-3.8976582749185487,-3.996276637195389,2.354060672362049,-0.6456021821093172,4.651151265717387,-1.9113138344412093,2.870966885701032
95.0,6.0,308.33380126953125,-0.2195504993802903,-3.148698458747292,-3.2506071432247747,-3.7463445806354176,-4.508945705379356,-0.7530750625076819,0.4450660847074161,4.225055226639972,-1.8499581644137963,2.388066133937242
95.0,6.0,309.1332702636719,1.133457583411717,-0.4171384713060901,-2.6025871485513843,-3.7668789030038914,-0.6826864572843014,1.4119674793046733,0.4411783277998841,0.5855370151931618,-1.842586551094649,2.416414145412213
95.0,6.0,309.45233154296875,2.2074248925904367,0.3578202439247415,-2.576646706859214,-0.4623986197542682,-3.995343526995527,2.404676605813881,-0.5370228044184646,4.689026714844216,-0.5367328074394708,2.873974751043448
95.0,6.0,311.633056640625,2.268405805431557,-1.1649393143147937,-2.599106920567793,0.043580628141965,-3.643514134805872,1.3011579119747008,-0.5498143448956576,4.161601590734322,-1.5068756524980498,1.6029314530258778
95.0,6.0,313.9589233398437,3.2611670945492186,0.5881743950236797,-1.8092327725099824,0.2188110883185751,-4.159906870345684,2.1319333651641528,-0.2031025467268978,4.374258429450828,-1.5258035399102288,1.6477128384558268
95.0,6.0,317.99322509765625,2.268405805431557,-1.773072452822108,-2.460756523053923,-3.7368228656998657,-0.7116264270515864,1.4047060701035066,-0.8909479792602732,0.6043873221671241,-1.506547939955533,1.603319825685063
95.0,6.0,319.9234619140625,3.2611670945492186,0.0304214512555048,-1.6747911839868292,-0.56781859095468,-4.110693729030613,2.096578663468769,-0.5370228044184646,4.374306676428,-1.5242378481888288,2.9032074683081364
95.0,6.0,320.7099609375,-0.2195504993802903,1.5560925961787806,-3.250413878950215,-4.674660924301439,-4.49151619690957,1.3192818140271478,-0.4313589612551658,0.7647910364249049,-1.5156895315162822,2.3854237739493747
95.0,6.0,323.6477966308594,4.705904552666824,-1.778407222857731,-2.678082804898738,-3.738763968959877,-0.6826864572843014,1.3920491336680891,-0.8842079434936925,2.9852529365061726,-1.371758087613984,3.031948798653467
95.0,6.0,325.4180603027344,4.653458774509158,-1.774286451401629,-3.607650250606442,-3.868689786604964,-3.985765532359648,1.2221039913888017,-0.5087898201833492,4.623220766221905,-1.5043686903770437,2.8802668147664914
95.0,6.0,326.8590393066406,4.614857214016208,-1.774286451401629,-3.5074632819686524,-3.868689786604964,-3.985765532359648,1.0063287708289823,-0.5033610539546568,4.619086690565204,-1.4639518262724338,2.8802668147664914
95.0,6.0,328.1485900878906,-0.2322605626411655,-4.0827631930070805,-4.723159344896597,-3.967378373656477,-3.640980125457239,-0.9039889823708792,-0.4864935280870388,3.3342321655558576,0.5050509932901721,1.9392274508402785
95.0,6.0,328.32012939453125,2.268405805431557,-1.1456029160176264,-2.460756523053923,-4.454530658491563,-3.64401322283052,2.0558647476613987,-0.590617072022,0.6043873221671241,-1.506547939955533,1.603319825685063
95.0,6.0,329.7975769042969,4.948132642293073,-1.388923846508189,-2.648060469814343,-4.972376203347322,-3.5812559832408284,1.0066490840505866,-1.221438707871256,3.216992456755959,0.8820143555036781,3.0583127792755835
95.0,6.0,330.0248718261719,2.268405805431557,-1.161904309830923,-2.599106920567793,-4.937525363024692,-3.5812559832408284,1.3011579119747008,-1.065233264033464,0.5421014125860868,-1.5292612635755154,1.626180040349569
95.0,6.0,331.0670166015625,-0.2814867747200247,-4.1413364303110605,-4.825116678402335,-3.457079256186142,-3.6497728178261255,-0.6722158097577298,1.8516132285725184,3.1906740849318065,-0.5236322235293809,1.6660572224595764
95.0,6.0,331.24395751953125,1.133457583411717,-0.4171384713060901,-2.6025871485513843,-4.249275679908909,-0.6826864572843014,1.3425589130388722,-0.8842079434936925,0.5421014125860868,-1.544149486909081,2.415393549307854
95.0,6.0,332.6274108886719,-0.2306394231474006,-4.043825201466516,-4.91230864579325,-4.76075738061182,-4.9152578683561465,-0.9039889823708792,-0.4864935280870388,2.911293301556168,-1.3737394386653785,1.9392274508402785
95.0,6.0,332.6274108886719,-0.2306394231474006,-4.043825201466516,-4.91230864579325,-4.76075738061182,-4.9152578683561465,-0.9039889823708792,-0.4864935280870388,2.911293301556168,-1.3737394386653785,1.9392274508402785
95.0,6.0,332.9141845703125,4.705904552666824,-1.1509376860532494,-2.678082804898738,-4.456471756862065,-3.615071875391447,2.0432078112259813,-0.5838770362554191,2.9852529365061726,-1.371758087613984,3.031948798653467
95.0,6.0,333.1505432128906,2.3176806228497826,-1.1456029160176264,-2.605074491156098,-4.462994967440654,-3.717435297949677,1.3082797704015814,-0.8524096647080047,0.6043873221671241,-1.506547939955533,1.5540717230360368
95.0,6.0,333.24822998046875,2.268405805431557,-0.0229535876230809,-1.7260543557152843,0.1496426645319768,-3.64401322283052,2.219080163539043,-0.9350545332638373,4.5269406835449,-1.5070406884161145,1.603319825685063
95.0,6.0,333.5267944335937,2.268405805431557,1.5731367625572017,0.8155472687021863,-4.989239662700305,-4.653414016829493,0.6494985067121684,-1.0638926832425002,2.647897025855614,-1.1696526822212625,1.6749841462723427
95.0,7.0,225.21473693847656,0.0655006648193443,1.27868478120972,-3.281373884195669,-3.7463445806354176,-1.777002417189796,2.149680100864222,-0.6427617183890353,4.372130799723761,-1.9024298940613595,1.598445930008963
95.0,7.0,226.31423950195312,0.0655006648193443,1.0905325919506614,-3.281373884195669,-3.74572706961057,-1.78322824449748,2.15076774113846,0.5520868948189013,4.372130799723761,-1.9024298940613595,1.598445930008963
95.0,7.0,232.25262451171875,-0.0773152145947291,1.27868478120972,-3.250295136461152,-3.7463445806354176,-4.841996777110923,1.873491013550722,-0.5281792315106897,4.8201118165080805,-1.5132308607790372,2.391555065850536
95.0,7.0,245.0988311767578,0.0794301479722097,1.3148038244694908,-3.250295136461152,-3.7463445806354176,-1.933563944968545,2.149680100864222,0.4450660847074161,4.225286753463967,-1.4951073930967045,2.3645291388466885
95.0,7.0,248.605712890625,-0.1264870014552128,1.5223184342460736,-3.250216315326856,-3.7463445806354176,-1.8010933975919186,2.3535482205427845,0.3687395808936874,4.225055226639972,-1.9024298940613595,2.9019469547547456
95.0,7.0,252.4599609375,2.268405805431557,1.1833656078286223,-2.460756523053923,-3.7368228656998657,-0.7127039226242199,2.199369235439755,-0.6423810240102819,4.204797736551479,-1.506547939955533,1.6033659206520716
95.0,7.0,253.481201171875,2.1735782511123665,-0.9880290955895266,-2.60227514178776,-4.999981460534078,-3.687250498293362,1.7605423784675274,-1.1162436593366805,3.357844268160111,-1.484680455457669,1.6422165107865123
95.0,7.0,256.6293334960937,-0.1119625476274384,1.27868478120972,-3.250295136461152,-3.7463445806354176,-4.841996777110923,1.873491013550722,-0.5281792315106897,4.225055226639972,-1.9024298940613595,2.391555065850536
95.0,7.0,257.9587707519531,0.0794301479722097,1.27868478120972,-3.250295136461152,-3.7463445806354176,-4.841996777110923,1.873491013550722,-0.5281792315106897,4.225055226639972,-1.9024298940613595,2.391555065850536
95.0,7.0,258.7013244628906,2.1382755787863004,0.2451067052535565,-2.581744029508192,-4.937525363024692,-3.5812559832408284,1.2510667615144166,-1.065233264033464,3.3137624956660607,0.4951585334604441,1.626180040349569
95.0,7.0,259.9291381835937,-0.1849077285532114,1.5560925961787806,-3.250295136461152,-3.7463445806354176,-1.777002417189796,2.1379770137584364,0.4450660847074161,4.225055226639972,-1.9024298940613595,2.391555065850536
95.0,7.0,260.4119567871094,2.173181259647195,0.5851400994316484,-2.6081820494960914,-4.705825505968058,-1.7398749518828462,1.920086834197852,-0.6542400682068974,3.3338050443807945,-1.5269491553285086,1.6247722035269696
95.0,7.0,260.42156982421875,0.0794301479722097,1.27868478120972,-3.250295136461152,-3.7463445806354176,-1.777002417189796,2.149680100864222,0.4450660847074161,4.225055226639972,-1.9024298940613595,2.391555065850536
95.0,7.0,261.120849609375,2.096386089355053,-0.9574507267605252,-2.6052677554306567,-3.746360025501566,-3.71120942844155,2.125887329858632,-0.8191531322485827,4.064479056826388,-1.8932883025006104,1.736184355001383
95.0,7.0,261.2178955078125,0.0794301479722097,1.27868478120972,-3.250295136461152,-4.277943506601087,-1.777002417189796,2.149680100864222,0.4450660847074161,4.225055226639972,-1.902608519856504,2.3905258122806874
95.0,7.0,263.3687744140625,-0.170902827631364,1.5560925961787806,-3.2665279040712902,-3.7463445806354176,-4.7666669240507495,2.1379770137584364,-1.040300205074411,4.225055226639972,-1.9024298940613595,1.7287902399787731
95.0,7.0,265.278076171875,2.173304538387543,-1.0299334126277928,-2.60227514178776,-4.708271197252261,-1.7398749518828462,1.920086834197852,-0.5411096625456583,3.333263601507862,-1.5269491553285086,1.60190386444901
95.0,7.0,266.126220703125,-0.1849077285532114,1.5560925961787806,-4.730802861579395,-4.715266170797452,-3.6519551429748542,2.1379770137584364,0.4450660847074161,4.225055226639972,-1.9024298940613595,1.98512657653434
95.0,7.0,267.6846008300781,2.096386089355053,-1.1456029160176264,-2.6052677554306567,-3.74574251447672,-3.717435297949677,2.1269749701328697,0.3756954809593527,4.064479056826388,-1.8932883025006104,1.556714083023904
95.0,7.0,271.8600158691406,-0.3080323044313333,-0.9406311346801752,-3.37354198518959,-3.78499372428712,-3.9866028248684233,1.3097145345744745,-0.6388449533080031,4.651151265717387,-1.9154259704021552,2.870966885701032
95.0,7.0,272.41705322265625,-0.2814867747200247,1.5891578262027544,-4.825116678402335,-3.457079256186142,-3.6323431881226407,2.218836263082885,1.8516132285725184,3.1906740849318065,-0.5761039531769153,1.6660572224595764
95.0,7.0,272.41705322265625,-0.2814867747200247,1.5891578262027544,-4.825116678402335,-3.457079256186142,-3.6323431881226407,2.218836263082885,1.8516132285725184,3.1906740849318065,-0.5761039531769153,1.6660572224595764
95.0,7.0,273.7005615234375,-0.2195504993802903,1.5560925961787806,-3.2506071432247747,-3.7463445806354176,-4.49151619690957,2.1379770137584364,0.4450660847074161,4.225055226639972,-1.9024298940613595,2.388066133937242
95.0,7.0,276.1444702148437,-0.4160472056999915,1.5114943011305355,-4.705418796536289,-4.729311557393396,-3.6519551429748542,2.1379770137584364,0.4450660847074161,4.283111435188074,-1.9024298940613595,1.98512657653434
95.0,7.0,276.4049987792969,2.173181259647195,-1.0299334126277928,-2.60227514178776,-4.708271197252261,-1.7398749518828462,1.920086834197852,-0.6574683800016417,3.333263601507862,-1.5269491553285086,1.60190386444901
95.0,7.0,276.68243408203125,2.27021337460336,-1.0655725483559635,-3.146255326721348,-4.9920848022671045,-3.6305209575486623,1.2510667615144166,-1.0719904928347783,3.3137624956660607,0.499270669481854,1.626180040349569
95.0,7.0,278.162109375,-0.4089230937430299,1.5560925961787806,-4.710509215370168,-4.715266170797452,-3.654680886654428,1.3185792651513102,0.4450660847074161,4.225055226639972,1.0718198084290966,1.948250135918061
95.0,7.0,280.9155578613281,2.27021337460336,0.2451067052535565,-2.914622522093448,-4.9920848022671045,-3.5909297955677904,1.2510667615144166,-1.0719904928347783,3.3137624956660607,0.499270669481854,1.626180040349569
95.0,7.0,281.1209716796875,2.27021337460336,0.2451067052535565,-2.914622522093448,-4.937525363024692,-3.5812559832408284,1.2510667615144166,-1.065233264033464,3.3137624956660607,0.4951585334604441,1.626180040349569
95.0,7.0,284.7619934082031,3.2611670945492186,0.5881743950236797,-1.8092327725099824,-4.063571472833707,-4.159906870345684,2.15093498225938,-0.2098085406245856,4.375794438366338,-1.5258035399102288,1.677798105186329
95.0,7.0,284.776611328125,2.179362877433028,-0.94281891716489,-2.5939070182549098,-3.78499372428712,-3.9866028248684233,2.372675671954362,-0.6388449533080031,3.416872891090504,-1.450057638465166,2.870966885701032
95.0,7.0,285.01470947265625,2.1386560820425533,-1.5210578363446094,-2.602312807721285,-4.109159461979893,-4.392322248435619,1.92150960247806,-0.6574683800016417,3.355739347470746,-1.484680455457669,2.852454201196771
95.0,7.0,285.9007568359375,2.173298852677572,-0.9599646924251696,-2.60227514178776,-4.708271197252261,-1.7398749518828462,1.920086834197852,-0.5406623480551155,3.357844268160111,-1.484680455457669,2.883408560659408
95.0,7.0,286.1664733886719,3.092544299003172,-0.9068569727680512,-3.3020494995980845,-3.8976582749185487,-3.972184524862207,2.138489465577701,-0.5692756782955886,4.651151265717387,-1.9113138344412093,2.360574996796822
95.0,7.0,287.06427001953125,2.1386560820425533,-0.9406311346801752,-2.576646706859214,-4.708271197252261,-1.6999776497831682,2.344922922927635,0.4362225117996412,4.692468644754911,-1.5269376946771205,2.9032074683081364
95.0,7.0,287.4306030273437,-0.562544715542806,1.5560925961787806,-3.250295136461152,-3.756436563618153,-1.777002417189796,2.068568447492636,-0.8803201865861602,4.181415752990059,-1.8999628911434647,2.3915637233160263
95.0,7.0,288.21734619140625,-3.871945978419647,-1.0807051743464815,-2.6010708440233947,-4.698070913382286,-4.451196444790472,3.114726118354296,1.692627172001189,4.788724852954256,-1.5101621626130384,1.6685648336656056
95.0,7.0,289.44683837890625,1.521587226016735,-1.020416001997395,-2.9087156143851165,-4.93996479826296,-3.5812559832408284,1.2510667615144166,-1.0684615758282083,3.313221052793128,0.4951585334604441,1.6033117012716094
95.0,7.0,290.45416259765625,-0.562544715542806,1.5560925961787806,-3.250295136461152,-4.228741357538653,-1.777002417189796,2.068568447492636,-0.8803201865861602,4.181415752990059,-1.9001415169386089,2.3905344697461777
95.0,7.0,291.1033630371094,4.845277832576446,-1.717931351590658,-3.607650250606442,-3.868689786604964,-3.9856199358973927,1.3377392908861947,-0.5052060511641068,4.623220766221905,-1.5043686903770437,2.250183493087691
95.0,7.0,291.1033630371094,4.845277832576446,-1.717931351590658,-3.607650250606442,-3.868689786604964,-3.9856199358973927,1.3377392908861947,-0.5052060511641068,4.623220766221905,-1.5043686903770437,2.250183493087691
95.0,7.0,291.7947998046875,2.1386560820425533,-0.9406311346801752,-2.576646706859214,-4.708271197252261,-3.996445516571336,2.344922922927635,-0.5370228044184646,4.692468644754911,-1.5269376946771205,2.9032074683081364
95.0,7.0,293.4574279785156,4.983466776662252,-1.4833619018156443,-2.653527642330264,-4.972376203347322,-3.5812559832408284,1.2224243046104055,-1.0035028546094489,3.5357343800802834,0.8415974914086928,3.0583127792755835
95.0,7.0,295.2698974609375,-0.1849077285532114,-0.873807638230369,-3.250295136461152,-3.7463445806354176,-4.670192525031164,2.1379770137584364,0.4450660847074161,3.353484538456929,-1.9242947942196915,2.391555065850536
95.0,7.0,296.193359375,3.546168447287277,-0.9406311346801752,-3.367916582233844,-3.78499372428712,-3.9866028248684233,2.354060672362049,-0.6388449533080031,4.651151265717387,-1.9154259704021552,2.870966885701032
95.0,7.0,296.6199951171875,2.1386560820425533,-1.5053479071708225,-2.602338240846753,-4.109159461979893,-0.5399657290231783,1.9214858415058136,-0.6574683800016417,3.35826342734329,-1.484680455457669,2.879919628746113
95.0,7.0,296.9710388183594,2.1386560820425533,1.4514457186204637,-2.6025871485513843,-4.708271197252261,-1.5572027436901446,1.920086834197852,-0.6574683800016417,4.227249368954439,-1.4628155552993374,2.879919628746113
95.0,7.0,296.9717712402344,2.173175573937224,-0.9599646924251696,-2.60227514178776,-4.708271197252261,-1.7398749518828462,1.920086834197852,-0.6570210655110987,3.357844268160111,-1.484680455457669,2.883408560659408
95.0,7.0,298.59771728515625,2.173298852677572,-0.978454515765678,-2.60227514178776,-4.708271197252261,-1.7398749518828462,1.920086834197852,-0.6574683800016417,3.3556786820044047,-1.484680455457669,2.883408560659408
95.0,7.0,299.0120849609375,2.1386560820425533,-0.978454515765678,-2.6025871485513843,-4.708271197252261,-4.454769311631713,1.920086834197852,-0.6574683800016417,3.3556786820044047,-1.484680455457669,2.879919628746113
95.0,8.0,225.21473693847656,0.0655006648193443,1.27868478120972,-3.281373884195669,-3.7463445806354176,-1.777002417189796,2.149680100864222,-0.6427617183890353,4.372130799723761,-1.9024298940613595,1.598445930008963
95.0,8.0,226.31423950195312,0.0655006648193443,1.0905325919506614,-3.281373884195669,-3.74572706961057,-1.78322824449748,2.15076774113846,0.5520868948189013,4.372130799723761,-1.9024298940613595,1.598445930008963
95.0,8.0,231.9009246826172,-0.0311923346620499,1.27868478120972,-3.250295136461152,-3.746098855835185,-4.841996777110923,1.873491013550722,-0.5281792315106897,4.8201118165080805,-1.5132308607790372,2.391555065850536
95.0,8.0,232.25262451171875,-0.0773152145947291,1.27868478120972,-3.250295136461152,-3.7463445806354176,-4.841996777110923,1.873491013550722,-0.5281792315106897,4.8201118165080805,-1.5132308607790372,2.391555065850536
95.0,8.0,233.6069183349609,0.0673366559892071,1.0905325919506614,-4.48298441026634,-3.746309606927608,-1.78322824449748,1.8740192586518083,0.4910993615467713,4.227777086620839,-1.9024298940613595,1.598445930008963
95.0,8.0,242.68798828125,2.308386022512053,1.27868478120972,-3.250295136461152,-4.175157830646974,-4.841996777110923,1.873491013550722,-0.5552650502865254,4.8201118165080805,-1.5132308607790372,1.5989077222890178
95.0,8.0,244.1352386474609,-0.4160472056999915,1.5114943011305355,-4.705418796536289,-4.992027106559656,-3.6519551429748542,1.2584146185410112,0.4450660847074161,3.255802804485976,-1.9024298940613595,1.6245713932380077
95.0,8.0,244.2930908203125,0.0794301479722097,1.0862289788246302,-3.1276341534874925,-3.7463445806354176,-4.7936388683653455,1.863410104621129,-0.5281792315106897,4.210997379757369,-1.9024298940613595,1.5979608314374512
95.0,8.0,245.0988311767578,0.0794301479722097,1.3148038244694908,-3.250295136461152,-3.7463445806354176,-1.933563944968545,2.149680100864222,0.4450660847074161,4.225286753463967,-1.4951073930967045,2.3645291388466885
95.0,8.0,247.70559692382807,-0.1488253690136856,-0.9880290955895266,-2.60227514178776,-4.999981460534078,-3.687250498293362,1.7412440433633176,-1.1162436593366805,3.333472191810525,-1.9295725828939787,1.6422165107865123
95.0,8.0,248.605712890625,-0.1264870014552128,1.5223184342460736,-3.250216315326856,-3.7463445806354176,-1.8010933975919186,2.3535482205427845,0.3687395808936874,4.225055226639972,-1.9024298940613595,2.9019469547547456
95.0,8.0,250.49288940429688,0.0794301479722097,1.27868478120972,-2.582154690517517,-3.7463445806354176,-4.841996777110923,1.873491013550722,-0.5281792315106897,3.2593949636320696,-2.09984925054532,1.6370841284515611
95.0,8.0,251.3507080078125,2.2222829253442464,1.1833656078286223,-2.460756523053923,-3.7370685905000975,-0.7127039226242199,2.199369235439755,-0.6423810240102819,4.204797736551479,-1.506547939955533,1.6033659206520716
95.0,8.0,252.4599609375,2.268405805431557,1.1833656078286223,-2.460756523053923,-3.7368228656998657,-0.7127039226242199,2.199369235439755,-0.6423810240102819,4.204797736551479,-1.506547939955533,1.6033659206520716
95.0,8.0,253.481201171875,2.1735782511123665,-0.9880290955895266,-2.60227514178776,-4.999981460534078,-3.687250498293362,1.7605423784675274,-1.1162436593366805,3.357844268160111,-1.484680455457669,1.6422165107865123
95.0,8.0,254.55116271972656,2.653812923317896,1.1833656078286223,-2.460756523053923,-3.7368228656998657,-0.7127039226242199,2.199369235439755,-0.6423810240102819,4.204797736551479,-1.506547939955533,1.6033659206520716
95.0,8.0,255.35824584960932,-0.1727388188012268,1.5560925961787806,-3.2813285038507174,-3.8028757763687953,-4.7666669240507495,2.151175211233072,-0.9793126718022742,4.369408939742894,-1.9024298940613595,1.7287902399787731
95.0,8.0,255.89523315429688,-0.3080323044313333,-0.8825775070057651,-3.37354198518959,-4.212238571130566,-3.970677127135296,1.309548044210969,-0.6388449533080031,4.651151265717387,-2.410478933015003,1.942175679497917
95.0,8.0,256.15997314453125,2.1999637690202603,1.9419988142953788,-3.250295136461152,-3.7463445806354176,-4.841996777110923,1.873491013550722,-0.5267176935052451,4.225055226639972,-1.488535296208469,2.3636899281124326
95.0,8.0,256.6293334960937,-0.1119625476274384,1.27868478120972,-3.250295136461152,-3.7463445806354176,-4.841996777110923,1.873491013550722,-0.5281792315106897,4.225055226639972,-1.9024298940613595,2.391555065850536
95.0,8.0,257.792724609375,0.0662073733542496,1.3148038244694908,-3.75686929401055,-3.7463445806354176,-1.933563944968545,2.149680100864222,-0.6461562371456954,4.225286753463967,-1.763930106145422,1.588001944675946
95.0,8.0,257.9587707519531,0.0794301479722097,1.27868478120972,-3.250295136461152,-3.7463445806354176,-4.841996777110923,1.873491013550722,-0.5281792315106897,4.225055226639972,-1.9024298940613595,2.391555065850536
95.0,8.0,258.7013244628906,2.1382755787863004,0.2451067052535565,-2.581744029508192,-4.937525363024692,-3.5812559832408284,1.2510667615144166,-1.065233264033464,3.3137624956660607,0.4951585334604441,1.626180040349569
95.0,8.0,259.9291381835937,-0.1849077285532114,1.5560925961787806,-3.250295136461152,-3.7463445806354176,-1.777002417189796,2.1379770137584364,0.4450660847074161,4.225055226639972,-1.9024298940613595,2.391555065850536
95.0,8.0,260.4119567871094,2.173181259647195,0.5851400994316484,-2.6081820494960914,-4.705825505968058,-1.7398749518828462,1.920086834197852,-0.6542400682068974,3.3338050443807945,-1.5269491553285086,1.6247722035269696
95.0,8.0,260.42156982421875,0.0794301479722097,1.27868478120972,-3.250295136461152,-3.7463445806354176,-1.777002417189796,2.149680100864222,0.4450660847074161,4.225055226639972,-1.9024298940613595,2.391555065850536
95.0,8.0,261.120849609375,2.096386089355053,-0.9574507267605252,-2.6052677554306567,-3.746360025501566,-3.71120942844155,2.125887329858632,-0.8191531322485827,4.064479056826388,-1.8932883025006104,1.736184355001383
95.0,8.0,261.2178955078125,0.0794301479722097,1.27868478120972,-3.250295136461152,-4.277943506601087,-1.777002417189796,2.149680100864222,0.4450660847074161,4.225055226639972,-1.902608519856504,2.3905258122806874
95.0,8.0,261.4075012207031,0.0794301479722097,1.27868478120972,-3.250295136461152,-3.767162173242814,-1.777002417189796,2.149680100864222,0.4450660847074161,4.225055226639972,-1.9024200542830831,2.391555065850536
95.0,8.0,261.8260498046875,-0.2530804933713693,-1.717931351590658,-3.607650250606442,-3.745014730655669,-3.9856199358973927,1.3377392908861947,-0.5052060511641068,4.231144301252998,-1.5164992142775495,2.250183493087691
95.0,8.0,263.1558532714844,1.020467401313888,1.4617360895234457,-2.595258477812799,-3.816518797798668,-1.777002417189796,2.149680100864222,-0.6453009728271409,4.198313029833214,-1.900100961223305,1.567094936914352
95.0,8.0,263.3687744140625,-0.170902827631364,1.5560925961787806,-3.2665279040712902,-3.7463445806354176,-4.7666669240507495,2.1379770137584364,-1.040300205074411,4.225055226639972,-1.9024298940613595,1.7287902399787731
95.0,8.0,263.42852783203125,2.096386089355053,-0.9574507267605252,-2.602303537927029,-4.990983621387245,-3.71120942844155,2.125887329858632,-1.1141616291807774,3.2798135573461007,-1.9464053218229287,1.6388427390783906
95.0,8.0,264.66998291015625,-0.1264870014552128,1.5223184342460736,-3.250216315326856,-4.991968705253624,-3.59205817030614,2.3535482205427845,0.3687395808936874,4.225055226639972,-1.9024298940613595,2.9019469547547456
95.0,8.0,265.278076171875,2.173304538387543,-1.0299334126277928,-2.60227514178776,-4.708271197252261,-1.7398749518828462,1.920086834197852,-0.5411096625456583,3.333263601507862,-1.5269491553285086,1.60190386444901
95.0,8.0,265.3612365722656,2.2793229716200205,1.27868478120972,-3.250295136461152,-3.7463445806354176,-3.662720154349081,1.8963919788682493,-0.5710809966319499,4.170465538707244,0.5103008889703787,2.588397708960564
95.0,8.0,266.126220703125,-0.1849077285532114,1.5560925961787806,-4.730802861579395,-4.715266170797452,-3.6519551429748542,2.1379770137584364,0.4450660847074161,4.225055226639972,-1.9024298940613595,1.98512657653434
95.0,8.0,266.48565673828125,2.137495891459306,1.5560925961787806,-4.730802861579395,-4.715266170797452,-3.8332339203870616,2.1572753488626466,0.1047509260335444,3.512200420708168,-1.45753776662505,1.98512657653434
95.0,8.0,266.64068603515625,2.181696473503286,-0.94281891716489,-2.911632914713727,-3.78499372428712,-3.9866028248684233,2.372675671954362,-0.6388449533080031,3.416872891090504,-1.472543567396541,1.6960454303476509
95.0,8.0,266.6949462890625,2.1735782511123665,-0.9880290955895266,-2.605239359291388,-3.7108232655133695,-3.687250498293362,1.7605423784675274,-0.8212351624044856,4.079574788678717,-1.3995981565934732,1.7395581267095042
95.0,8.0,267.3838806152344,2.1382755787863004,0.2976148390502905,-4.6653363091052364,-4.937525363024692,-3.6521331070250014,1.2510667615144166,-1.065233264033464,3.3689080264504376,-1.6998312609461157,1.6240957775974
95.0,8.0,267.6846008300781,2.096386089355053,-1.1456029160176264,-2.6052677554306567,-3.74574251447672,-3.717435297949677,2.1269749701328697,0.3756954809593527,4.064479056826388,-1.8932883025006104,1.556714083023904
95.0,8.0,267.7973022460937,-0.4160472056999915,1.4589861673337998,-2.6211880633045386,-4.729311557393396,-3.658878892737088,2.1379770137584364,0.4450660847074161,4.227965897810442,0.292559900386772,1.9872108392865089
95.0,8.0,268.5857849121094,0.0655006648193443,1.2829883943357514,-3.24559207738639,-3.3996396577282573,-0.8084993035554586,2.160848650068053,0.5520868948189013,4.386188646606364,-1.9024298940613595,2.392040164422048
95.0,8.0,270.07257080078125,-0.1849077285532114,-0.873807638230369,-2.6118846412500707,-3.7463445806354176,-4.670192525031164,2.1379770137584364,0.4470548511093961,3.354380894319557,-1.9242947942196915,1.647288552386217
95.0,8.0,270.9710693359375,2.27021337460336,0.2407260707331286,-2.914622522093448,-3.699621747689073,-1.7999650150306603,1.2510667615144166,-0.23393055118949,3.3137624956660607,0.499270669481854,1.626180040349569
95.0,8.0,271.77734375,-3.871945978419647,-1.0807051743464815,-2.6010708440233947,-4.698070913382286,-4.451196444790472,1.275282173528625,1.692627172001189,3.268699983988824,-1.5101621626130384,1.6691523669503587
95.0,8.0,271.8600158691406,-0.3080323044313333,-0.9406311346801752,-3.37354198518959,-3.78499372428712,-3.9866028248684233,1.3097145345744745,-0.6388449533080031,4.651151265717387,-1.9154259704021552,2.870966885701032
95.0,8.0,272.1004638671875,-0.1154878628984834,-1.0655725483559635,-3.146255326721348,-4.9920848022671045,-3.6305209575486623,1.2510667615144166,-1.0449046740589427,3.3137624956660607,0.499270669481854,2.4188273839110868
95.0,8.0,272.41705322265625,-0.2814867747200247,1.5891578262027544,-4.825116678402335,-3.457079256186142,-3.6323431881226407,2.218836263082885,1.8516132285725184,3.1906740849318065,-0.5761039531769153,1.6660572224595764
95.0,9.0,194.2098846435547,0.0794301479722097,1.3188027094878747,-3.250295136461152,-3.7463445806354176,-1.933563944968545,1.8674947934497328,0.4338914152751872,4.211271124025554,-1.4999908458231348,1.6369816325969508
95.0,9.0,214.53695678710932,-0.1797951548471257,1.0905325919506614,-3.2813728609260817,-3.803862391060121,-1.78322824449748,1.8307709538593733,0.5520868948189013,4.372130799723761,-1.9024298940613595,1.598445930008963
95.0,9.0,214.6125030517578,-0.1864078401878517,1.27868478120972,-3.2653321209625723,-3.746095881795984,-4.681032237526943,1.873491013550722,-0.5281792315106897,4.824299084009237,-1.5132308607790372,1.652156189735558
95.0,9.0,219.25616455078125,0.0655006648193443,1.0905325919506614,-3.281373884195669,-3.7462956913073664,-1.78322824449748,2.15076774113846,0.4916513903512988,4.372130799723761,-1.9024298940613595,1.598445930008963
95.0,9.0,220.69366455078125,2.6471301745989053,1.27868478120972,-3.250295136461152,-4.175157830646974,-0.6816361194610923,1.4172971710462878,-0.5514358301404165,4.8201118165080805,-1.5064044239964625,1.5989077222890178
95.0,9.0,224.02178955078125,-0.1264870014552128,1.5223184342460736,-2.45235624925438,-3.7463445806354176,-1.8603345680079424,2.3535482205427845,-0.6196831346654571,4.048365569297983,-1.9024298940613595,2.8394594223788947
95.0,9.0,224.4437561035156,0.0673366559892071,1.0905325919506614,-4.48298441026634,-3.745740985230812,-1.78322824449748,1.8740192586518083,0.5515348660143738,4.018313082888394,-1.9024298940613595,1.598445930008963
95.0,9.0,225.21473693847656,0.0655006648193443,1.27868478120972,-3.281373884195669,-3.7463445806354176,-1.777002417189796,2.149680100864222,-0.6427617183890353,4.372130799723761,-1.9024298940613595,1.598445930008963
95.0,9.0,226.07579040527344,0.0794301479722097,1.1400013012195327,-3.1276341534874925,-3.746337748746808,-3.943375259378554,1.863410104621129,-0.5275155601396638,4.230366341027077,-1.89218752224528,1.5979608314374512
95.0,9.0,226.31423950195312,0.0655006648193443,1.0905325919506614,-3.281373884195669,-3.74572706961057,-1.78322824449748,2.15076774113846,0.5520868948189013,4.372130799723761,-1.9024298940613595,1.598445930008963
95.0,9.0,229.4862060546875,2.096386089355053,0.715179940755706,-2.5825350268583844,-3.774730468598488,-3.71120942844155,2.125887329858632,-0.490667576452898,4.068922168428084,-1.8932883025006104,1.736184355001383
95.0,9.0,231.776107788086,-0.1770700131298762,1.5560925961787806,-3.2813285038507174,-3.8028757763687953,-4.763821139058919,1.8795301520482848,-1.0231764852176837,4.369408939742894,-1.761584072164323,1.728179440236843
95.0,9.0,231.9009246826172,-0.0311923346620499,1.27868478120972,-3.250295136461152,-3.746098855835185,-4.841996777110923,1.873491013550722,-0.5281792315106897,4.8201118165080805,-1.5132308607790372,2.391555065850536
95.0,9.0,232.25262451171875,-0.0773152145947291,1.27868478120972,-3.250295136461152,-3.7463445806354176,-4.841996777110923,1.873491013550722,-0.5281792315106897,4.8201118165080805,-1.5132308607790372,2.391555065850536
95.0,9.0,233.28488159179688,-0.0773152145947291,1.27868478120972,-3.250295136461152,-3.681154169172897,-4.841996777110923,1.873491013550722,-0.5281792315106897,4.778062998068338,-1.5132308607790372,2.370594806794874
95.0,9.0,233.6069183349609,0.0673366559892071,1.0905325919506614,-4.48298441026634,-3.746309606927608,-1.78322824449748,1.8740192586518083,0.4910993615467713,4.227777086620839,-1.9024298940613595,1.598445930008963
95.0,9.0,235.78775024414065,2.096386089355053,-0.957660469260495,-3.3608285896089543,-3.746360025501566,-3.71120942844155,1.313804403988512,-0.8191531322485827,4.064479056826388,-1.8932883025006104,1.736184355001383
95.0,9.0,239.78738403320312,1.020467401313888,0.2035811992725262,-2.595258477812799,-3.816518797798668,-1.776692032486819,1.8791493155640784,-0.6453009728271409,4.198313029833214,-1.900100961223305,1.567094936914352
95.0,9.0,240.3915557861328,0.0655006648193443,1.27868478120972,-3.280485012554636,-3.7463445806354176,-4.784181929460605,2.439174828938348,-1.065437595265247,4.372130799723761,-1.9024298940613595,1.598445930008963
95.0,9.0,242.68798828125,2.308386022512053,1.27868478120972,-3.250295136461152,-4.175157830646974,-4.841996777110923,1.873491013550722,-0.5552650502865254,4.8201118165080805,-1.5132308607790372,1.5989077222890178
95.0,9.0,243.25390625,0.1574159861667285,1.6714932518653869,-3.75686929401055,-4.327462879234424,-0.6773049451775797,2.2003263620218867,-0.6424934590865816,4.225286753463967,-1.501017101133671,1.588001944675946
95.0,9.0,243.57130432128903,0.0655006648193443,1.27868478120972,-3.281373884195669,-4.483219218295961,-1.777002417189796,2.149680100864222,0.9777983259111191,4.372130799723761,-1.9024298940613595,1.598445930008963
95.0,9.0,243.85546875,-0.112230409521198,1.543874556364619,-3.250295136461152,-3.7463445806354176,-1.7200683594674937,1.873491013550722,0.4538402496763785,4.225055226639972,-1.9024298940613595,2.391555065850536
95.0,9.0,244.1352386474609,-0.4160472056999915,1.5114943011305355,-4.705418796536289,-4.992027106559656,-3.6519551429748542,1.2584146185410112,0.4450660847074161,3.255802804485976,-1.9024298940613595,1.6245713932380077
95.0,9.0,244.2930908203125,0.0794301479722097,1.0862289788246302,-3.1276341534874925,-3.7463445806354176,-4.7936388683653455,1.863410104621129,-0.5281792315106897,4.210997379757369,-1.9024298940613595,1.5979608314374512
95.0,9.0,244.34298706054688,0.03940627025997,1.1833656078286223,-3.100228435140132,-3.804242690745358,-4.966168852102888,1.8624488041125984,-0.6417017078994398,4.204797736551479,-1.506547939955533,1.5980532544113837
95.0,9.0,245.0988311767578,0.0794301479722097,1.3148038244694908,-3.250295136461152,-3.7463445806354176,-1.933563944968545,2.149680100864222,0.4450660847074161,4.225286753463967,-1.4951073930967045,2.3645291388466885
95.0,9.0,246.8740234375,2.2222829253442464,1.1833656078286223,-3.54574325719374,-3.7370685905000975,-0.6534627522081888,2.199369235439755,0.3460416915488626,4.223971855309588,-1.506547939955533,1.630916433696072
95.0,9.0,247.5587921142578,-0.1488253690136856,-0.9880290955895266,-2.60227514178776,-4.995770101532349,-3.687250498293362,1.7412440433633176,-1.1162436593366805,3.3748317609960696,-1.9295725828939787,1.663176769842174
95.0,9.0,247.70559692382807,-0.1488253690136856,-0.9880290955895266,-2.60227514178776,-4.999981460534078,-3.687250498293362,1.7412440433633176,-1.1162436593366805,3.333472191810525,-1.9295725828939787,1.6422165107865123
95.0,9.0,247.81153869628903,2.1735782511123665,1.590348764495147,-2.630271872172071,-4.700585510990205,-3.693207534023138,1.7605423784675274,0.0303564120684691,3.5129120390331985,-1.458654955497033,1.979017842524165
95.0,9.0,247.93426513671875,0.0672463303958678,1.5310786836969512,-3.3027239737187486,-3.7463445806354176,-1.8663814907396568,2.1517947109146016,-0.5281792315106897,4.8201118165080805,-1.5132308607790372,3.2615629903760768
95.0,9.0,248.4578857421875,0.0725570008652433,1.5560925961787806,-3.281329527120304,-3.744740454919244,-4.7666669240507495,2.1511745755162663,-0.9793126718022742,4.418880247826765,-1.9024298940613595,1.7287902399787731
95.0,9.0,248.605712890625,-0.1264870014552128,1.5223184342460736,-3.250216315326856,-3.7463445806354176,-1.8010933975919186,2.3535482205427845,0.3687395808936874,4.225055226639972,-1.9024298940613595,2.9019469547547456
95.0,9.0,248.87750244140625,2.801791165871461,-0.959933142883994,-3.250295136461152,-4.997655915363676,-3.681813965217477,2.1263260235637835,-0.5552650502865254,4.820539886444533,-1.9334458551477312,1.5989077222890178
95.0,9.0,250.49288940429688,0.0794301479722097,1.27868478120972,-2.582154690517517,-3.7463445806354176,-4.841996777110923,1.873491013550722,-0.5281792315106897,3.2593949636320696,-2.09984925054532,1.6370841284515611
95.0,9.0,251.3507080078125,2.2222829253442464,1.1833656078286223,-2.460756523053923,-3.7370685905000975,-0.7127039226242199,2.199369235439755,-0.6423810240102819,4.204797736551479,-1.506547939955533,1.6033659206520716
95.0,9.0,252.4599609375,2.268405805431557,1.1833656078286223,-2.460756523053923,-3.7368228656998657,-0.7127039226242199,2.199369235439755,-0.6423810240102819,4.204797736551479,-1.506547939955533,1.6033659206520716
95.0,9.0,253.2696228027344,2.096386089355053,1.2811671973315992,-2.602303537927029,-4.130900403299204,-4.236172912476256,1.8730523198455693,-1.1141616291807774,2.253579491468221,-1.5261903274542354,1.6388427390783906
95.0,9.0,253.481201171875,2.1735782511123665,-0.9880290955895266,-2.60227514178776,-4.999981460534078,-3.687250498293362,1.7605423784675274,-1.1162436593366805,3.357844268160111,-1.484680455457669,1.6422165107865123
95.0,9.0,253.77423095703125,-0.1466665751621642,-0.9880290955895266,-2.5542790080718687,-4.999981460534078,-3.316949682619504,1.7363840708106957,0.4668820233712367,3.333472191810525,-1.9295725828939787,1.6422165107865123
95.0,9.0,254.55116271972656,2.653812923317896,1.1833656078286223,-2.460756523053923,-3.7368228656998657,-0.7127039226242199,2.199369235439755,-0.6423810240102819,4.204797736551479,-1.506547939955533,1.6033659206520716
95.0,9.0,255.3196258544922,-0.1119625476274384,1.27868478120972,-4.166392908316924,-3.7463445806354176,-4.841996777110923,1.873491013550722,-0.5281792315106897,4.225055226639972,-1.9024298940613595,2.391555065850536
95.0,9.0,255.35824584960932,-0.1727388188012268,1.5560925961787806,-3.2813285038507174,-3.8028757763687953,-4.7666669240507495,2.151175211233072,-0.9793126718022742,4.369408939742894,-1.9024298940613595,1.7287902399787731
95.0,9.0,255.66452026367188,-0.0783541716363473,1.3148038244694908,-3.749752686194042,-3.7463445806354176,-4.495743931906946,1.8713764035003424,-0.6461562371456954,4.225286753463967,-1.763930106145422,1.588001944675946
95.0,9.0,255.72198486328125,-0.0268611403334005,1.27868478120972,-3.250295136461152,-3.746098855835185,-4.84484256210273,2.145136072735509,0.3537092630301873,4.8201118165080805,-1.5132308607790372,2.3921658655924665
95.0,9.0,255.89523315429688,-0.3080323044313333,-0.8825775070057651,-3.37354198518959,-4.212238571130566,-3.970677127135296,1.309548044210969,-0.6388449533080031,4.651151265717387,-2.410478933015003,1.942175679497917
95.0,9.0,256.15997314453125,2.1999637690202603,1.9419988142953788,-3.250295136461152,-3.7463445806354176,-4.841996777110923,1.873491013550722,-0.5267176935052451,4.225055226639972,-1.488535296208469,2.3636899281124326
95.0,9.0,256.6293334960937,-0.1119625476274384,1.27868478120972,-3.250295136461152,-3.7463445806354176,-4.841996777110923,1.873491013550722,-0.5281792315106897,4.225055226639972,-1.9024298940613595,2.391555065850536
95.0,9.0,257.792724609375,0.0662073733542496,1.3148038244694908,-3.75686929401055,-3.7463445806354176,-1.933563944968545,2.149680100864222,-0.6461562371456954,4.225286753463967,-1.763930106145422,1.588001944675946
95.0,10.0,194.2098846435547,0.0794301479722097,1.3188027094878747,-3.250295136461152,-3.7463445806354176,-1.933563944968545,1.8674947934497328,0.4338914152751872,4.211271124025554,-1.4999908458231348,1.6369816325969508
95.0,10.0,194.2449951171875,0.0794301479722097,1.3147774489387565,-3.250295136461152,-3.7463445806354176,-1.933563944968545,1.858637065093797,0.4345081690401881,4.211271124025554,-1.4951093749486868,1.6369816325969508
95.0,10.0,196.84310913085932,0.1236151533439182,1.3188027094878747,-3.250295136461152,-3.7463445806354176,-1.933563944968545,1.8674947934497328,0.4338914152751872,4.211271124025554,-1.5062767504337484,1.6369816325969508
95.0,10.0,203.94485473632807,0.0655006648193443,1.27868478120972,-3.281373884195669,-3.7463445806354176,-1.777002417189796,1.8660940923325344,-0.6427617183890353,4.3747499573129005,-1.9024298940613595,1.598445930008963
95.0,10.0,206.60763549804688,-0.1797951548471257,1.0905325919506614,-3.2813728609260817,-3.803862391060121,-1.78322824449748,1.8307709538593733,-0.4267851289339879,4.372130799723761,-1.9024298940613595,1.598445930008963
95.0,10.0,214.53695678710932,-0.1797951548471257,1.0905325919506614,-3.2813728609260817,-3.803862391060121,-1.78322824449748,1.8307709538593733,0.5520868948189013,4.372130799723761,-1.9024298940613595,1.598445930008963
95.0,10.0,214.6125030517578,-0.1864078401878517,1.27868478120972,-3.2653321209625723,-3.746095881795984,-4.681032237526943,1.873491013550722,-0.5281792315106897,4.824299084009237,-1.5132308607790372,1.652156189735558
95.0,10.0,216.78976440429688,0.0674006171765739,1.1536719803947613,-3.3608285896089543,-3.746360025501566,-3.71120942844155,1.887062867048297,-0.8430679861570622,4.064479056826388,-1.8932883025006104,1.736184355001383
95.0,10.0,218.5721893310547,-0.1797951548471257,1.0905325919506614,-3.282052480172549,-3.8035743746678135,-1.78322824449748,1.8307709538593733,0.4551037784715908,4.225927935109306,-1.9024298940613595,1.6022542927873378
95.0,10.0,219.25616455078125,0.0655006648193443,1.0905325919506614,-3.281373884195669,-3.7462956913073664,-1.78322824449748,2.15076774113846,0.4916513903512988,4.372130799723761,-1.9024298940613595,1.598445930008963
95.0,10.0,220.28173828125,0.0655006648193443,1.278110762542494,-2.5509318424908614,-3.746410197812824,-1.777002417189796,2.149680100864222,-0.4958756700904703,4.372130799723761,-1.9024298940613595,1.598445930008963
95.0,10.0,220.69366455078125,2.6471301745989053,1.27868478120972,-3.250295136461152,-4.175157830646974,-0.6816361194610923,1.4172971710462878,-0.5514358301404165,4.8201118165080805,-1.5064044239964625,1.5989077222890178
95.0,10.0,221.63385009765625,-0.0773152145947291,1.190423766956493,-3.250295136461152,-3.7463445806354176,-4.991067995987501,1.873491013550722,-0.5281792315106897,4.8201118165080805,-1.5132308607790372,2.391555065850536
95.0,10.0,222.37222290039065,-0.1864078401878517,1.27868478120972,-3.2653321209625723,-3.778177949199626,-4.959064893610966,1.873491013550722,-0.5282559548584004,4.988181567709943,-1.506410322412291,1.6487402513913487
95.0,10.0,222.958740234375,-0.0784430820593463,1.2903569603332488,-3.281373884195669,-3.7463534161772807,-2.0038170872018286,2.153448320840869,-0.5074244923955128,4.838457373119998,-1.896243167689908,2.562138649171745
95.0,10.0,223.75827026367188,2.6471301745989053,1.27868478120972,-3.250295136461152,-4.14307576324327,-0.6816361194610923,1.4172971710462878,-0.5513591067927058,4.820353044287918,-1.5132249623632088,1.6023236606332274
95.0,10.0,224.02178955078125,-0.1264870014552128,1.5223184342460736,-2.45235624925438,-3.7463445806354176,-1.8603345680079424,2.3535482205427845,-0.6196831346654571,4.048365569297983,-1.9024298940613595,2.8394594223788947
95.0,10.0,224.4437561035156,0.0673366559892071,1.0905325919506614,-4.48298441026634,-3.745740985230812,-1.78322824449748,1.8740192586518083,0.5515348660143738,4.018313082888394,-1.9024298940613595,1.598445930008963
95.0,10.0,224.72915649414065,-0.2553012173203519,1.0905325919506614,-3.281373884195669,-3.7462956913073664,-1.78322824449748,2.15076774113846,0.4916513903512988,4.372130799723761,-1.9024298940613595,1.598445930008963
95.0,10.0,224.77395629882807,-0.1412302013628774,1.5223184342460736,-3.316779531545591,-3.7463445806354176,-3.71937011730668,2.3535482205427845,-0.6196831346654571,3.3096276413262045,-1.9024298940613595,1.5959976255953627
95.0,10.0,225.0850982666016,0.0794301479722097,1.145566644936629,-3.1276341534874925,-3.746337972841428,-3.9314663793064617,1.863410104621129,-0.5275155601396638,4.230366341027077,-1.8922566873479427,1.5979608314374512
95.0,10.0,225.21473693847656,0.0655006648193443,1.27868478120972,-3.281373884195669,-3.7463445806354176,-1.777002417189796,2.149680100864222,-0.6427617183890353,4.372130799723761,-1.9024298940613595,1.598445930008963
95.0,10.0,226.07579040527344,0.0794301479722097,1.1400013012195327,-3.1276341534874925,-3.746337748746808,-3.943375259378554,1.863410104621129,-0.5275155601396638,4.230366341027077,-1.89218752224528,1.5979608314374512
95.0,10.0,226.28436279296875,0.0673366559892071,1.0905325919506614,-4.458057096068373,-3.762490803433032,-1.78322824449748,1.8740192586518083,0.5630073468726817,4.025701586641507,-1.9024298940613595,1.5984454944105575
95.0,10.0,226.31423950195312,0.0655006648193443,1.0905325919506614,-3.281373884195669,-3.74572706961057,-1.78322824449748,2.15076774113846,0.5520868948189013,4.372130799723761,-1.9024298940613595,1.598445930008963
95.0,10.0,228.63674926757807,2.1215162835418977,1.2356260025752996,-3.2697604143454537,-3.746360025501566,-3.71120942844155,1.8441537060590585,-0.8191531322485827,4.064479056826388,-1.5110472892376896,1.7347325815292969
95.0,10.0,228.74484252929688,-0.0773152145947291,1.1305930711622734,-3.250295136461152,-2.973941070597479,-4.841996777110923,1.873491013550722,-0.5281792315106897,4.778062998068338,-1.5132308607790372,2.370594806794874
95.0,10.0,229.4862060546875,2.096386089355053,0.715179940755706,-2.5825350268583844,-3.774730468598488,-3.71120942844155,2.125887329858632,-0.490667576452898,4.068922168428084,-1.8932883025006104,1.736184355001383
95.0,10.0,229.4867706298828,0.0655006648193443,1.0905325919506614,-3.281373884195669,-3.7462956913073664,-1.78322824449748,2.15076774113846,0.4916513903512988,4.372130799723761,-1.9024298940613595,1.5427961586728305
95.0,10.0,230.9469757080078,-0.1252090833871135,1.5223184342460736,-2.4504023698242268,-3.7960716406473662,-1.8509351041987312,2.3899741534280525,-0.6196831346654571,4.048365569297983,-1.9015542920431128,2.846126766534849
95.0,10.0,231.776107788086,-0.1770700131298762,1.5560925961787806,-3.2813285038507174,-3.8028757763687953,-4.763821139058919,1.8795301520482848,-1.0231764852176837,4.369408939742894,-1.761584072164323,1.728179440236843
95.0,10.0,231.9009246826172,-0.0311923346620499,1.27868478120972,-3.250295136461152,-3.746098855835185,-4.841996777110923,1.873491013550722,-0.5281792315106897,4.8201118165080805,-1.5132308607790372,2.391555065850536
95.0,10.0,232.25262451171875,-0.0773152145947291,1.27868478120972,-3.250295136461152,-3.7463445806354176,-4.841996777110923,1.873491013550722,-0.5281792315106897,4.8201118165080805,-1.5132308607790372,2.391555065850536
95.0,10.0,233.080078125,2.220884962397624,1.5887376227655452,-3.2813285038507174,-3.8028757763687953,-4.009554755940919,1.8795301520482848,-1.0231764852176837,4.410168274414841,-1.761584072164323,1.728179440236843
95.0,10.0,233.28488159179688,-0.0773152145947291,1.27868478120972,-3.250295136461152,-3.681154169172897,-4.841996777110923,1.873491013550722,-0.5281792315106897,4.778062998068338,-1.5132308607790372,2.370594806794874
95.0,10.0,233.6069183349609,0.0673366559892071,1.0905325919506614,-4.48298441026634,-3.746309606927608,-1.78322824449748,1.8740192586518083,0.4910993615467713,4.227777086620839,-1.9024298940613595,1.598445930008963
95.0,10.0,235.1234741210937,2.6471301745989053,1.27868478120972,-3.158155223135094,-4.082551082149323,-0.6816361194610923,1.4172971710462878,-0.5629083109987243,4.812690626404432,-1.5064044239964625,1.5989081578874231
95.0,10.0,235.78775024414065,2.096386089355053,-0.957660469260495,-3.3608285896089543,-3.746360025501566,-3.71120942844155,1.313804403988512,-0.8191531322485827,4.064479056826388,-1.8932883025006104,1.736184355001383
95.0,10.0,237.63717651367188,2.6911607382971825,0.7157539594229322,-3.3129770685631548,-3.774664851421081,-3.71120942844155,2.125887329858632,-0.637553624751463,4.068922168428084,-1.8932883025006104,1.0196595537617064
95.0,10.0,238.7710876464844,0.0666285322839615,1.293502718526165,-3.250295136461152,-3.745718234068707,-4.136441397682404,1.901899632511968,0.5313321557037244,4.353781573775216,-1.5194175871504887,0.917929267370926
95.0,10.0,239.6070251464844,0.0726042609800867,1.1268993178974798,-3.281329527120304,-3.744740454919244,-4.7666669240507495,2.1511745755162663,-1.0157946826170123,4.43653943038905,-1.9024298940613595,1.7148088626247455
95.0,10.0,239.78738403320312,1.020467401313888,0.2035811992725262,-2.595258477812799,-3.816518797798668,-1.776692032486819,1.8791493155640784,-0.6453009728271409,4.198313029833214,-1.900100961223305,1.567094936914352
95.0,10.0,239.79537963867188,-0.112230409521198,1.543874556364619,-3.2496155172146834,-3.746632597027726,-1.7200683594674937,1.873491013550722,0.5508233660236889,4.371258091254427,-1.9024298940613595,2.3877467030721613
95.0,10.0,239.8980407714844,-0.1458806544948889,0.4399478928206928,-2.60227514178776,-4.999981460534078,-3.687250498293362,1.734962340972791,-1.1162436593366805,4.060719265844614,-1.9295725828939787,1.7322354666306574
95.0,10.0,240.07080078125,0.3041739895015942,1.1400013012195327,-3.1276341534874925,-3.746337748746808,-3.943375259378554,1.863410104621129,-0.5275155601396638,4.230366341027077,-1.89218752224528,1.5979608314374512
95.0,10.0,240.3915557861328,0.0655006648193443,1.27868478120972,-3.280485012554636,-3.7463445806354176,-4.784181929460605,2.439174828938348,-1.065437595265247,4.372130799723761,-1.9024298940613595,1.598445930008963
95.0,10.0,241.73085021972656,-0.112230409521198,1.543874556364619,-3.250295136461152,-3.7463445806354176,-1.255214585634446,1.2219741711084953,0.453653137753422,4.225055226639972,-1.9024298940613595,2.391555065850536
95.0,10.0,241.7730255126953,0.0655006648193443,1.27868478120972,-3.280485012554636,-3.773350281274402,-4.784181929460605,2.439174828938348,-1.065437595265247,4.372130799723761,-1.9024298940613595,1.598445930008963
95.0,10.0,242.17990112304688,0.0655006648193443,1.27868478120972,-3.281373884195669,-4.456213509003969,-1.777002417189796,2.149680100864222,0.9777983259111191,4.372130799723761,-1.9024298940613595,1.598445930008963
95.0,10.0,242.68798828125,2.308386022512053,1.27868478120972,-3.250295136461152,-4.175157830646974,-4.841996777110923,1.873491013550722,-0.5552650502865254,4.8201118165080805,-1.5132308607790372,1.5989077222890178
95.0,11.0,181.2516021728516,-0.1798523339836132,1.0905325919506614,-3.282052480172549,-3.806817221141356,-1.8028680650531592,1.8307709538593733,-0.5272984127410394,4.797646786403566,-1.5150565249195431,1.6846312857131918
95.0,11.0,183.0875244140625,-0.2290825241445088,1.8705322365229848,-3.250295136461152,-3.7463445806354176,-1.933563944968545,1.858637065093797,0.4345081690401881,4.257192805697693,-1.8291642258040843,1.6369816325969508
95.0,11.0,192.2625274658203,-0.1105696489189707,1.2903569603332488,-3.281373884195669,-3.7463534161772807,-2.0038170872018286,1.4163588730556187,-0.5074244923955128,4.839109359224047,-1.903134881060932,1.6074119086198826
95.0,11.0,194.2098846435547,0.0794301479722097,1.3188027094878747,-3.250295136461152,-3.7463445806354176,-1.933563944968545,1.8674947934497328,0.4338914152751872,4.211271124025554,-1.4999908458231348,1.6369816325969508
95.0,11.0,194.2449951171875,0.0794301479722097,1.3147774489387565,-3.250295136461152,-3.7463445806354176,-1.933563944968545,1.858637065093797,0.4345081690401881,4.211271124025554,-1.4951093749486868,1.6369816325969508
95.0,11.0,195.00997924804688,0.0650637648522177,1.090319489104951,-3.281524779978067,-3.7463445806354176,-1.933563944968545,1.870326265312999,0.4332696144618435,4.214392237395107,-1.920696952816033,1.6369816325969508
95.0,11.0,196.84310913085932,0.1236151533439182,1.3188027094878747,-3.250295136461152,-3.7463445806354176,-1.933563944968545,1.8674947934497328,0.4338914152751872,4.211271124025554,-1.5062767504337484,1.6369816325969508
95.0,11.0,197.75857543945312,0.0654977419334174,1.2784461081711536,-3.2517830870094246,-3.745687630287225,-1.822281024699328,1.9132816889717947,-0.4788856413413381,4.3717722474681935,-1.5194175871504887,0.917929267370926
95.0,11.0,198.42626953125,0.0794301479722097,1.3147774489387565,-3.250295136461152,-3.802886682890116,-1.933563944968545,1.8575238248499264,0.4345081690401881,4.211271124025554,-1.4951093749486868,1.63934770316439
95.0,11.0,203.64407348632807,2.6471301745989053,1.27868478120972,-3.250295136461152,-3.760604285240903,-0.7084595407868227,1.8620157714404764,-0.5514358301404165,4.8201118165080805,-1.49999670552169,1.6378915881069085
95.0,11.0,203.94485473632807,0.0655006648193443,1.27868478120972,-3.281373884195669,-3.7463445806354176,-1.777002417189796,1.8660940923325344,-0.6427617183890353,4.3747499573129005,-1.9024298940613595,1.598445930008963
95.0,11.0,204.2554626464844,0.0532114547963665,1.0905325919506614,-3.473974452171925,-3.7462956913073664,-1.7977592458578082,1.9081754871331973,0.4916513903512988,4.372130799723761,-1.568375043205962,1.598445930008963
95.0,11.0,205.66412353515625,0.0794301479722097,1.2781696473168696,-3.2913054449067074,-3.7463445806354176,-1.933563944968545,1.8674947934497328,-0.7085432085753669,4.211271124025554,-1.4999908458231348,1.6368878654497447
95.0,11.0,206.60763549804688,-0.1797951548471257,1.0905325919506614,-3.2813728609260817,-3.803862391060121,-1.78322824449748,1.8307709538593733,-0.4267851289339879,4.372130799723761,-1.9024298940613595,1.598445930008963
95.0,11.0,209.84716796875,-0.1866799818769684,0.9757251714904362,-3.2813728609260817,-3.801521593403976,-1.78322824449748,1.8307709538593733,0.5520868948189013,4.372130799723761,-1.9024298940613595,1.596951023011555
95.0,11.0,212.22689819335932,2.66142255733464,1.2798733715022137,-3.249845603653145,-3.7718824931289854,-0.6816361194610923,1.4172971710462878,-0.5528554569432729,4.820353044287918,-1.5109600345746583,1.731321286907719
95.0,11.0,212.9136505126953,0.0794301479722097,1.3188027094878747,-3.250295136461152,-4.160898126041421,-1.906740523642806,1.4227761930555447,0.4338914152751872,4.211271124025554,-1.5063985642979072,1.5979977667790606
95.0,11.0,214.3560485839844,-0.179523013158009,1.278314038879624,-3.2653321209625723,-3.748436679452129,-4.681032237526943,1.873491013550722,-0.5281792315106897,4.824299084009237,-1.5132308607790372,1.6536510967329665
95.0,11.0,214.46548461914065,-0.0745052302398878,1.3188027094878747,-3.250295136461152,-3.7463445806354176,-1.8206843550515308,1.8674947934497328,0.4338914152751872,4.211271124025554,-1.5062767504337484,1.515937959320126
95.0,11.0,214.53695678710932,-0.1797951548471257,1.0905325919506614,-3.2813728609260817,-3.803862391060121,-1.78322824449748,1.8307709538593733,0.5520868948189013,4.372130799723761,-1.9024298940613595,1.598445930008963
95.0,11.0,214.6125030517578,-0.1864078401878517,1.27868478120972,-3.2653321209625723,-3.746095881795984,-4.681032237526943,1.873491013550722,-0.5281792315106897,4.824299084009237,-1.5132308607790372,1.652156189735558
95.0,11.0,214.8231811523437,0.0654812646429526,1.1536719803947613,-3.3608285896089543,-3.746381438731305,-3.794790966731073,1.887062867048297,-0.8454824511679123,4.064479056826388,-1.9025891747489383,1.736184355001383
95.0,11.0,215.68739318847656,-0.0795271121843874,1.124365284261613,-3.281373884195669,-3.740845027664254,-2.0038170872018286,2.1689523959266745,-0.5074244923955128,4.829523988520545,-1.896243167689908,2.562138649171745
95.0,11.0,216.78976440429688,0.0674006171765739,1.1536719803947613,-3.3608285896089543,-3.746360025501566,-3.71120942844155,1.887062867048297,-0.8430679861570622,4.064479056826388,-1.8932883025006104,1.736184355001383
95.0,11.0,218.19174194335932,0.0342166878295662,0.7198088542855594,-2.5825350268583844,-3.7941369008305688,-3.71120942844155,2.1217168843067045,-0.490667576452898,4.069090599387876,-1.892765782757092,1.736184355001383
95.0,11.0,218.5721893310547,-0.1797951548471257,1.0905325919506614,-3.282052480172549,-3.8035743746678135,-1.78322824449748,1.8307709538593733,0.4551037784715908,4.225927935109306,-1.9024298940613595,1.6022542927873378
95.0,11.0,219.25616455078125,0.0655006648193443,1.0905325919506614,-3.281373884195669,-3.7462956913073664,-1.78322824449748,2.15076774113846,0.4916513903512988,4.372130799723761,-1.9024298940613595,1.598445930008963
95.0,11.0,219.25616455078125,0.0655006648193443,1.0905325919506614,-3.281373884195669,-3.7462956913073664,-1.78322824449748,2.15076774113846,0.4916513903512988,4.372130799723761,-1.9024298940613595,1.598445930008963
95.0,11.0,220.28173828125,0.0655006648193443,1.278110762542494,-2.5509318424908614,-3.746410197812824,-1.777002417189796,2.149680100864222,-0.4958756700904703,4.372130799723761,-1.9024298940613595,1.598445930008963
95.0,11.0,220.69366455078125,2.6471301745989053,1.27868478120972,-3.250295136461152,-4.175157830646974,-0.6816361194610923,1.4172971710462878,-0.5514358301404165,4.8201118165080805,-1.5064044239964625,1.5989077222890178
95.0,11.0,221.29586791992188,2.129506057483394,1.085903678420808,-4.097180950439673,-3.762490803433032,-1.78322824449748,1.878189704203735,0.5630073468726817,4.025533155681715,-1.9029524138048783,1.5984454944105575
95.0,11.0,221.63385009765625,-0.0773152145947291,1.190423766956493,-3.250295136461152,-3.7463445806354176,-4.991067995987501,1.873491013550722,-0.5281792315106897,4.8201118165080805,-1.5132308607790372,2.391555065850536
95.0,11.0,222.1593017578125,-0.1787111247220847,1.256524268022297,-3.2813728609260817,-3.809370779573148,-1.78322824449748,1.201297447987052,-0.4267851289339879,4.394156476073421,-1.9024298940613595,1.598445930008963
95.0,11.0,222.23580932617188,0.1240520533110449,1.319015812333585,-3.250144240678753,-3.7462956913073664,-1.78322824449748,2.147936269275194,0.4922731911646426,4.369009686354208,-1.488009691679075,1.598445930008963
95.0,11.0,222.27899169921875,-0.1252090833871135,1.5223184342460736,-2.4504023698242268,-3.7960716406473662,-1.8509351041987312,2.169943716798968,-0.599746250828499,3.866444711033737,-1.9024037508786225,1.6389312594933902
95.0,11.0,222.37222290039065,-0.1864078401878517,1.27868478120972,-3.2653321209625723,-3.778177949199626,-4.959064893610966,1.873491013550722,-0.5282559548584004,4.988181567709943,-1.506410322412291,1.6487402513913487
95.0,11.0,222.6902618408203,0.2283294725924591,1.27868478120972,-3.281373884195669,-3.7753548069984446,-3.771739408242557,1.8660940923325344,-0.6427617183890353,4.060402434609912,-1.9024298940613595,1.0776559642544044
95.0,11.0,222.958740234375,-0.0784430820593463,1.2903569603332488,-3.281373884195669,-3.7463534161772807,-2.0038170872018286,2.153448320840869,-0.5074244923955128,4.838457373119998,-1.896243167689908,2.562138649171745
95.0,11.0,222.98033142089844,-0.1797951548471257,1.0905325919506614,-3.280101670468575,-3.970722338451638,-1.948421878281222,1.8307709538593733,0.4551037784715908,4.235719222864629,-1.9024298940613595,1.6022542927873378
95.0,11.0,223.75827026367188,2.6471301745989053,1.27868478120972,-3.250295136461152,-4.14307576324327,-0.6816361194610923,1.4172971710462878,-0.5513591067927058,4.820353044287918,-1.5132249623632088,1.6023236606332274
95.0,11.0,223.91867065429688,-0.1864078401878517,1.319317843380725,-3.2653321209625723,-3.778177949199626,-4.959064893610966,1.873491013550722,0.3829561989003339,4.988181567709943,-1.506410322412291,1.6488340185385548
95.0,11.0,224.02178955078125,-0.1264870014552128,1.5223184342460736,-2.45235624925438,-3.7463445806354176,-1.8603345680079424,2.3535482205427845,-0.6196831346654571,4.048365569297983,-1.9024298940613595,2.8394594223788947
95.0,11.0,224.4437561035156,0.0673366559892071,1.0905325919506614,-4.48298441026634,-3.745740985230812,-1.78322824449748,1.8740192586518083,0.5515348660143738,4.018313082888394,-1.9024298940613595,1.598445930008963
95.0,11.0,224.72915649414065,-0.2553012173203519,1.0905325919506614,-3.281373884195669,-3.7462956913073664,-1.78322824449748,2.15076774113846,0.4916513903512988,4.372130799723761,-1.9024298940613595,1.598445930008963
95.0,11.0,224.77395629882807,-0.1412302013628774,1.5223184342460736,-3.316779531545591,-3.7463445806354176,-3.71937011730668,2.3535482205427845,-0.6196831346654571,3.3096276413262045,-1.9024298940613595,1.5959976255953627
95.0,11.0,225.017333984375,-0.0772907448187955,1.1458976912835517,-3.0939563378060715,-3.746337972841428,-3.9314663793064617,1.863029121829463,-0.5275155601396638,4.230366341027077,-1.8788119519102089,1.6097710172207134
95.0,11.0,225.0850982666016,0.0794301479722097,1.145566644936629,-3.1276341534874925,-3.746337972841428,-3.9314663793064617,1.863410104621129,-0.5275155601396638,4.230366341027077,-1.8922566873479427,1.5979608314374512
95.0,11.0,225.21473693847656,0.0655006648193443,1.27868478120972,-3.281373884195669,-3.7463445806354176,-1.777002417189796,2.149680100864222,-0.6427617183890353,4.372130799723761,-1.9024298940613595,1.598445930008963
95.0,11.0,226.07579040527344,0.0794301479722097,1.1400013012195327,-3.1276341534874925,-3.746337748746808,-3.943375259378554,1.863410104621129,-0.5275155601396638,4.230366341027077,-1.89218752224528,1.5979608314374512
95.0,11.0,226.28436279296875,0.0673366559892071,1.0905325919506614,-4.458057096068373,-3.762490803433032,-1.78322824449748,1.8740192586518083,0.5630073468726817,4.025701586641507,-1.9024298940613595,1.5984454944105575
95.0,12.0,178.53009033203125,-0.179523013158009,1.278314038879624,-3.251326118161696,-3.748436679452129,-1.8213334723850552,1.8738538998385648,-0.5281792315106897,4.8195343786582985,-1.495380019795984,1.6536510967329665
95.0,12.0,179.0171661376953,-0.1846217971176833,1.27868478120972,-3.280809745644364,-3.760604285240903,-1.9624944983866088,1.4223065415302183,-0.5569821840906011,4.821606474410952,-1.49999670552169,1.6378915881069085
95.0,12.0,181.2516021728516,-0.1798523339836132,1.0905325919506614,-3.282052480172549,-3.806817221141356,-1.8028680650531592,1.8307709538593733,-0.5272984127410394,4.797646786403566,-1.5150565249195431,1.6846312857131918
95.0,12.0,181.46258544921875,0.0809098346727525,1.290211517333094,-3.2505913583299617,-3.7463534161772807,-2.0038170872018286,1.438910313852699,-0.5365430530412514,4.788073413985707,-1.4959531446896883,1.63904367502806
95.0,12.0,183.0875244140625,-0.2290825241445088,1.8705322365229848,-3.250295136461152,-3.7463445806354176,-1.933563944968545,1.858637065093797,0.4345081690401881,4.257192805697693,-1.8291642258040843,1.6369816325969508
95.0,12.0,185.29415893554688,0.0794301479722097,1.0977513917330572,-3.250295136461152,-3.7463445806354176,-1.9278028069699744,1.858637065093797,0.4345081690401881,4.211271124025554,-1.4951093749486868,1.6369816325969508
95.0,12.0,186.31651306152344,0.0794301479722097,1.065266111659669,-3.250295136461152,-3.7463445806354176,-1.933563944968545,1.831714382487844,0.4345081690401881,4.211271124025554,-1.4951093749486868,1.6369816325969508
95.0,12.0,186.41574096679688,0.0650637648522177,1.090319489104951,-3.2497940567660626,-3.7463445806354176,-1.933563944968545,1.8701554665111315,0.4332696144618435,4.258131070466686,-1.8365992701182203,1.6369816325969508
95.0,12.0,192.2625274658203,-0.1105696489189707,1.2903569603332488,-3.281373884195669,-3.7463534161772807,-2.0038170872018286,1.4163588730556187,-0.5074244923955128,4.839109359224047,-1.903134881060932,1.6074119086198826
95.0,12.0,193.4905242919922,-0.2290825241445088,1.8705322365229848,-3.250295136461152,-3.7463445806354176,-1.9072041771607755,1.8541173277764496,0.4339000307320295,4.2109949094421255,-1.8293584313401112,1.6023899632046794
95.0,12.0,194.2098846435547,0.0794301479722097,1.3188027094878747,-3.250295136461152,-3.7463445806354176,-1.933563944968545,1.8674947934497328,0.4338914152751872,4.211271124025554,-1.4999908458231348,1.6369816325969508
95.0,12.0,194.2449951171875,0.0794301479722097,1.3147774489387565,-3.250295136461152,-3.7463445806354176,-1.933563944968545,1.858637065093797,0.4345081690401881,4.211271124025554,-1.4951093749486868,1.6369816325969508
95.0,12.0,195.00997924804688,0.0650637648522177,1.090319489104951,-3.281524779978067,-3.7463445806354176,-1.933563944968545,1.870326265312999,0.4332696144618435,4.214392237395107,-1.920696952816033,1.6369816325969508
95.0,12.0,196.55938720703125,0.0654581388680122,1.0905325919506614,-3.473974452171925,-3.7462956913073664,-1.7977592458578082,1.9081754871331973,0.4916513903512988,4.360441515501519,-1.9203043094253287,1.6395882124973529
95.0,12.0,196.84310913085932,0.1236151533439182,1.3188027094878747,-3.250295136461152,-3.7463445806354176,-1.933563944968545,1.8674947934497328,0.4338914152751872,4.211271124025554,-1.5062767504337484,1.6369816325969508
95.0,12.0,197.56930541992188,0.0795120014324291,0.7456976797261543,-3.280507558807708,-3.7463445806354176,-1.933563944968545,2.1481707995021297,0.5462136874836099,4.389453047142876,-1.5032991949485028,1.6369848504474531
95.0,12.0,197.664306640625,-0.3345256426117445,1.0905325919506614,-3.2864933759323933,-3.806817221141356,-1.8028680650531592,1.8307709538593733,0.2754138678303577,4.790533830814849,-1.5150565249195431,1.684215158996801
95.0,12.0,197.75857543945312,0.0654977419334174,1.2784461081711536,-3.2517830870094246,-3.745687630287225,-1.822281024699328,1.9132816889717947,-0.4788856413413381,4.3717722474681935,-1.5194175871504887,0.917929267370926
95.0,12.0,198.42626953125,0.0794301479722097,1.3147774489387565,-3.250295136461152,-3.802886682890116,-1.933563944968545,1.8575238248499264,0.4345081690401881,4.211271124025554,-1.4951093749486868,1.63934770316439
95.0,12.0,198.6311492919922,-0.1797951548471257,1.8681489391042272,-3.2813728609260817,-3.803862391060121,-1.78322824449748,1.8307709538593733,-0.4267851289339879,4.372130799723761,-1.9024298940613595,1.598445930008963
95.0,12.0,199.5043487548828,0.076577425890455,1.27868478120972,-3.286938563532871,-3.7463445806354176,-1.777002417189796,1.8660940923325344,-0.6390767265849402,4.807820487276448,-1.9024298940613595,1.6365920240294718
95.0,12.0,202.39144897460932,0.1236184504661033,1.319006349365591,-3.250295136461152,-3.746295201950772,-1.933563944968545,1.8693646458166289,0.4338914152751872,4.211271124025554,-1.5062767504337484,1.6023147938787703
95.0,12.0,202.47657775878903,0.052817080780572,1.090319489104951,-3.281524779978067,-3.7463445806354176,-1.933563944968545,1.870326265312999,0.4332696144618435,4.226081521617351,-1.568767686596666,1.595839350108561
95.0,12.0,202.7177734375,-0.0370974934056678,1.27868478120972,-3.250295136461152,-4.144503128799856,-0.6816361194610923,1.4172971710462878,-0.5494522077648032,4.8201118165080805,-1.5064044239964625,1.5775339836119489
95.0,12.0,202.96456909179688,0.0794301479722097,1.3188027094878747,-3.250295136461152,-4.160898126041421,-1.933100291450576,1.427295930372892,0.4344995535833458,4.257469020281122,-1.50620435876188,1.632589436171332
95.0,12.0,203.64407348632807,2.6471301745989053,1.27868478120972,-3.250295136461152,-3.760604285240903,-0.7084595407868227,1.8620157714404764,-0.5514358301404165,4.8201118165080805,-1.49999670552169,1.6378915881069085
95.0,12.0,203.8404998779297,0.065788082916588,1.0897307992641156,-3.281373884195669,-3.7462956913073664,-1.78322824449748,1.86169552063736,-0.5244929752147692,4.222648546536586,-1.9024298940613595,1.598445930008963
95.0,12.0,203.94485473632807,0.0655006648193443,1.27868478120972,-3.281373884195669,-3.7463445806354176,-1.777002417189796,1.8660940923325344,-0.6427617183890353,4.3747499573129005,-1.9024298940613595,1.598445930008963
95.0,12.0,204.2554626464844,0.0532114547963665,1.0905325919506614,-3.473974452171925,-3.7462956913073664,-1.7977592458578082,1.9081754871331973,0.4916513903512988,4.372130799723761,-1.568375043205962,1.598445930008963
95.0,12.0,204.9945373535156,-0.0969903807284098,1.5513937890719405,-3.249781390095484,-3.7461621179741873,-0.6816361194610923,1.4172971710462878,-0.7840956061516124,4.824467938645958,-1.5109692144015832,1.731321286907719
95.0,12.0,205.1912841796875,0.0346991517408916,1.3188027094878747,-3.250295136461152,-3.792413988433544,-1.933563944968545,1.8674947934497328,-0.5217273970325804,4.210388235253097,-1.882177546413169,1.7388038528033702
95.0,12.0,205.66412353515625,0.0794301479722097,1.2781696473168696,-3.2913054449067074,-3.7463445806354176,-1.933563944968545,1.8674947934497328,-0.7085432085753669,4.211271124025554,-1.4999908458231348,1.6368878654497447
95.0,12.0,206.192626953125,-0.0773152145947291,1.5063928906865798,-2.4710868252492184,-3.7463445806354176,-1.8313582742501544,1.873491013550722,-0.529094487532536,4.798048039068703,-1.5132308607790372,2.841188592775711
95.0,12.0,206.60763549804688,-0.1797951548471257,1.0905325919506614,-3.2813728609260817,-3.803862391060121,-1.78322824449748,1.8307709538593733,-0.4267851289339879,4.372130799723761,-1.9024298940613595,1.598445930008963
95.0,12.0,208.260498046875,0.1548057913958074,1.3188027094878747,-3.250295136461152,-3.747238651586678,-1.933563944968545,1.8674947934497328,0.4338914152751872,4.211271124025554,-1.8994508740794067,1.6369816325969508
95.0,12.0,208.50083923339844,2.63605341106696,1.2953117039895865,-3.244730457123949,-3.760604285240903,-0.7084595407868227,1.8620157714404764,-0.5551208219445116,4.387040781459675,-1.49999670552169,1.5997454940863995
95.0,12.0,209.84716796875,-0.1866799818769684,0.9757251714904362,-3.2813728609260817,-3.801521593403976,-1.78322824449748,1.8307709538593733,0.5520868948189013,4.372130799723761,-1.9024298940613595,1.596951023011555
95.0,12.0,210.0033264160156,0.0794301479722097,1.3188027094878747,-3.250295136461152,-3.7463445806354176,-1.7029115801314505,1.8674947934497328,0.4338914152751872,4.211271124025554,-1.5093913156922434,1.6369816325969508
95.0,12.0,210.0503387451172,-0.1867616747015349,0.9757251714904362,-3.2820760897675867,-3.803557878332739,-1.78322824449748,1.8307709538593733,0.5520868948189013,4.372130799723761,-1.9024298940613595,1.5970565725812476
95.0,12.0,210.17413330078125,0.0789476840608842,0.7198088542855594,-2.5825350268583844,-3.748067493032442,-3.71120942844155,2.1217168843067045,0.4649512358548696,4.069973488160334,-1.5105790821670575,1.6343621347949633
95.0,12.0,212.22689819335932,2.66142255733464,1.2798733715022137,-3.249845603653145,-3.7718824931289854,-0.6816361194610923,1.4172971710462878,-0.5528554569432729,4.820353044287918,-1.5109600345746583,1.731321286907719
95.0,12.0,212.5479431152344,-0.1787111247220847,1.256524268022297,-3.282881993701976,-3.809370779573148,-2.673647486708064,1.861771073768084,-0.4267851289339879,4.393660478314002,-1.9024298940613595,1.598445930008963
95.0,12.0,212.9136505126953,0.0794301479722097,1.3188027094878747,-3.250295136461152,-4.160898126041421,-1.906740523642806,1.4227761930555447,0.4338914152751872,4.211271124025554,-1.5063985642979072,1.5979977667790606
95.0,12.0,214.3560485839844,-0.179523013158009,1.278314038879624,-3.2653321209625723,-3.748436679452129,-4.681032237526943,1.873491013550722,-0.5281792315106897,4.824299084009237,-1.5132308607790372,1.6536510967329665
95.0,12.0,214.399658203125,-0.1797951548471257,1.0905325919506614,-3.2813728609260817,-3.803862391060121,-1.78322824449748,1.8307709538593733,0.5520868948189013,4.382767012126159,-1.9024298940613595,1.598445930008963
95.0,12.0,214.46548461914065,-0.0745052302398878,1.3188027094878747,-3.250295136461152,-3.7463445806354176,-1.8206843550515308,1.8674947934497328,0.4338914152751872,4.211271124025554,-1.5062767504337484,1.515937959320126
95.0,12.0,214.53445434570312,-0.1864078401878517,1.27868478120972,-3.2653321209625723,-3.7460059815728113,-4.681032237526943,1.873491013550722,-0.5281792315106897,4.824299084009237,-1.5132308607790372,1.6536441273048692
95.0,12.0,214.53695678710932,-0.1797951548471257,1.0905325919506614,-3.2813728609260817,-3.803862391060121,-1.78322824449748,1.8307709538593733,0.5520868948189013,4.372130799723761,-1.9024298940613595,1.598445930008963
95.0,12.0,214.6125030517578,-0.1864078401878517,1.27868478120972,-3.2653321209625723,-3.746095881795984,-4.681032237526943,1.873491013550722,-0.5281792315106897,4.824299084009237,-1.5132308607790372,1.652156189735558
95.0,12.0,214.8231811523437,0.0654812646429526,1.1536719803947613,-3.3608285896089543,-3.746381438731305,-3.794790966731073,1.887062867048297,-0.8454824511679123,4.064479056826388,-1.9025891747489383,1.736184355001383
95.0,13.0,168.99517822265625,0.065292011186468,1.0905380585396836,-3.281508830347012,-3.742587904349151,-1.935149335151341,1.8307709538593733,-0.5272984127410394,4.797646786403566,-1.5150565249195431,1.6351183566551613
95.0,13.0,170.7707977294922,0.0794301479722097,1.2768137060651408,-3.250295136461152,-3.748509647868968,-1.9302226008259324,1.3387201401852458,0.4345081690401881,3.9796925566676977,-1.495102881496865,1.6534964454528982
95.0,13.0,173.36471557617188,0.0655416432483629,1.0790048965568808,-3.2505913583299617,-3.7463533707232974,-2.0038170872018286,1.438910313852699,-0.5365430530412514,4.874229704636949,-1.4959531446896883,1.63904367502806
95.0,13.0,174.6265411376953,0.0654977419334174,1.2784461081711536,-3.244708216168112,-3.745687630287225,-1.8144620975093395,1.86148399971232,-0.4805737297204584,4.3717722474681935,0.014579873947347,1.6321848260276446
95.0,13.0,176.15774536132812,0.1269481890807195,1.290211517333094,-3.250297252876358,-3.7463534161772807,-1.9290744470645016,1.8577921316350807,-0.5365430530412514,4.811866483036644,-1.4969247322053434,1.639007693873045
95.0,13.0,178.53009033203125,-0.179523013158009,1.278314038879624,-3.251326118161696,-3.748436679452129,-1.8213334723850552,1.8738538998385648,-0.5281792315106897,4.8195343786582985,-1.495380019795984,1.6536510967329665
95.0,13.0,179.0171661376953,-0.1846217971176833,1.27868478120972,-3.280809745644364,-3.760604285240903,-1.9624944983866088,1.4223065415302183,-0.5569821840906011,4.821606474410952,-1.49999670552169,1.6378915881069085
95.0,13.0,179.6794891357422,0.0794301479722097,0.7527679255246229,-3.280387901882752,-3.7463445806354176,-1.933563944968545,1.870412112816244,0.4360485852364639,4.210986983153756,-1.5032971464748828,1.6369816591100328
95.0,13.0,180.5402374267578,0.0794301479722097,1.6943875860510105,-3.250295136461152,-3.7463445806354176,-2.4351513774424074,1.858637065093797,0.4345081690401881,4.211271124025554,-1.4951093749486868,1.6369816325969508
95.0,13.0,181.2516021728516,-0.1798523339836132,1.0905325919506614,-3.282052480172549,-3.806817221141356,-1.8028680650531592,1.8307709538593733,-0.5272984127410394,4.797646786403566,-1.5150565249195431,1.6846312857131918
95.0,13.0,181.46258544921875,0.0809098346727525,1.290211517333094,-3.2505913583299617,-3.7463534161772807,-2.0038170872018286,1.438910313852699,-0.5365430530412514,4.788073413985707,-1.4959531446896883,1.63904367502806
95.0,13.0,183.0875244140625,-0.2290825241445088,1.8705322365229848,-3.250295136461152,-3.7463445806354176,-1.933563944968545,1.858637065093797,0.4345081690401881,4.257192805697693,-1.8291642258040843,1.6369816325969508
95.0,13.0,185.0384979248047,-0.1846217971176833,0.7192745494812359,-3.280809745644364,-3.760604285240903,-1.9624944983866088,2.142489363662685,-0.5124196795634942,4.01600019849889,-1.49999670552169,1.6377650275189686
95.0,13.0,185.29415893554688,0.0794301479722097,1.0977513917330572,-3.250295136461152,-3.7463445806354176,-1.9278028069699744,1.858637065093797,0.4345081690401881,4.211271124025554,-1.4951093749486868,1.6369816325969508
95.0,13.0,186.3015899658203,-0.179523013158009,1.0992517245475404,-3.270113298931806,-3.927700875908211,-1.818913678529097,1.8738538998385648,-0.5281792315106897,4.8195343786582985,-1.495386513247806,1.6371362838770187
95.0,13.0,186.31651306152344,0.0794301479722097,1.065266111659669,-3.250295136461152,-3.7463445806354176,-1.933563944968545,1.831714382487844,0.4345081690401881,4.211271124025554,-1.4951093749486868,1.6369816325969508
95.0,13.0,186.41574096679688,0.0650637648522177,1.090319489104951,-3.2497940567660626,-3.7463445806354176,-1.933563944968545,1.8701554665111315,0.4332696144618435,4.258131070466686,-1.8365992701182203,1.6369816325969508
95.0,13.0,186.9037933349609,-0.2253782565565162,1.8714609536703044,-3.250295136461152,-3.7463445806354176,-1.933563944968545,1.8674947934497328,0.4338914152751872,4.211271124025554,-1.035266581586348,1.6369816325969508
95.0,13.0,189.1088104248047,-0.1906068607015269,1.278314038879624,-3.250259785240145,-3.747197789504075,-1.8213334723850552,1.8738538998385648,0.3720280872323146,4.8195343786582985,-1.893529839982062,1.6536510967329665
95.0,13.0,191.4429931640625,0.0698825668977618,1.0914783711213716,-3.249792047538571,-3.7463445806354176,-1.933563944968545,1.3013707829738248,0.433246560008049,4.2119783891782685,-1.8365992701182203,1.6369816325969508
95.0,13.0,191.83175659179688,0.0763539248456415,1.3137684735393578,-3.25045835565887,-3.7463445806354176,-1.933612271134957,1.8726231861966045,0.5366170253842945,4.817337413796537,-1.4950959524100436,1.6369816325969508
95.0,13.0,192.2625274658203,-0.1105696489189707,1.2903569603332488,-3.281373884195669,-3.7463534161772807,-2.0038170872018286,1.4163588730556187,-0.5074244923955128,4.839109359224047,-1.903134881060932,1.6074119086198826
95.0,13.0,192.27395629882807,-0.1797951548471257,1.8596972447442608,-3.2813728609260817,-3.803862391060121,-2.545019387518776,1.8307709538593733,-0.4267851289339879,4.372130799723761,-1.9024298940613595,1.598445930008963
95.0,13.0,193.0465545654297,0.0794301479722097,1.3378704530067531,-3.250295136461152,-3.738460775843117,-1.9330820560652937,1.8281316953291435,0.4345081690401881,4.256740006983294,-1.4949082958927324,1.6368979946381397
95.0,13.0,193.4905242919922,-0.2290825241445088,1.8705322365229848,-3.250295136461152,-3.7463445806354176,-1.9072041771607755,1.8541173277764496,0.4339000307320295,4.2109949094421255,-1.8293584313401112,1.6023899632046794
95.0,13.0,194.2098846435547,0.0794301479722097,1.3188027094878747,-3.250295136461152,-3.7463445806354176,-1.933563944968545,1.8674947934497328,0.4338914152751872,4.211271124025554,-1.4999908458231348,1.6369816325969508
95.0,13.0,194.2449951171875,0.0794301479722097,1.3147774489387565,-3.250295136461152,-3.7463445806354176,-1.933563944968545,1.858637065093797,0.4345081690401881,4.211271124025554,-1.4951093749486868,1.6369816325969508
95.0,13.0,195.00997924804688,0.0650637648522177,1.090319489104951,-3.281524779978067,-3.7463445806354176,-1.933563944968545,1.870326265312999,0.4332696144618435,4.214392237395107,-1.920696952816033,1.6369816325969508
95.0,13.0,195.03517150878903,0.0533998493647863,1.0905325919506614,-3.2820696622267382,-3.74588233444436,-1.936033937283913,1.8327023409006296,-0.5272984127410394,4.797646786403566,-2.024905432973252,1.6146042285328777
95.0,13.0,195.6796875,0.0804319562766072,1.3015261098811644,-3.2497940567660626,-3.7463446260894,-1.933563944968545,1.8701554665111315,0.4332696144618435,4.258131070466686,-1.8365992701182203,1.6369816325969508
95.0,13.0,196.55938720703125,0.0654581388680122,1.0905325919506614,-3.473974452171925,-3.7462956913073664,-1.7977592458578082,1.9081754871331973,0.4916513903512988,4.360441515501519,-1.9203043094253287,1.6395882124973529
95.0,13.0,196.84310913085932,0.1236151533439182,1.3188027094878747,-3.250295136461152,-3.7463445806354176,-1.933563944968545,1.8674947934497328,0.4338914152751872,4.211271124025554,-1.5062767504337484,1.6369816325969508
95.0,13.0,196.8775329589844,0.076577425890455,1.27868478120972,-3.2869746244733355,-3.7463445806354176,-1.8029177803414445,1.8660940923325344,-0.6376839507728933,4.807820487276448,-1.9024298940613595,1.6359964261479467
95.0,13.0,197.38723754882807,0.0794301479722097,1.3080931764048005,-3.2499677371788387,-3.802886682890116,-1.7990693292972262,1.8575238248499264,0.2432181947079567,4.775856432202592,-1.4939191429385836,1.6860700236879602
95.0,13.0,197.56930541992188,0.0795120014324291,0.7456976797261543,-3.280507558807708,-3.7463445806354176,-1.933563944968545,2.1481707995021297,0.5462136874836099,4.389453047142876,-1.5032991949485028,1.6369848504474531
95.0,13.0,197.664306640625,-0.3345256426117445,1.0905325919506614,-3.2864933759323933,-3.806817221141356,-1.8028680650531592,1.8307709538593733,0.2754138678303577,4.790533830814849,-1.5150565249195431,1.684215158996801
95.0,13.0,197.75857543945312,0.0654977419334174,1.2784461081711536,-3.2517830870094246,-3.745687630287225,-1.822281024699328,1.9132816889717947,-0.4788856413413381,4.3717722474681935,-1.5194175871504887,0.917929267370926
95.0,13.0,198.42626953125,0.0794301479722097,1.3147774489387565,-3.250295136461152,-3.802886682890116,-1.933563944968545,1.8575238248499264,0.4345081690401881,4.211271124025554,-1.4951093749486868,1.63934770316439
95.0,13.0,198.6311492919922,-0.1797951548471257,1.8681489391042272,-3.2813728609260817,-3.803862391060121,-1.78322824449748,1.8307709538593733,-0.4267851289339879,4.372130799723761,-1.9024298940613595,1.598445930008963
95.0,13.0,198.69772338867188,-0.1105696489189707,1.2903569603332488,-4.06081657146871,-3.7463534161772807,-2.0027583828045383,1.4283835334755453,0.4587618466706911,4.814099349173299,-1.903134881060932,1.6087462147946658
95.0,13.0,199.5043487548828,0.076577425890455,1.27868478120972,-3.286938563532871,-3.7463445806354176,-1.777002417189796,1.8660940923325344,-0.6390767265849402,4.807820487276448,-1.9024298940613595,1.6365920240294718
95.0,13.0,200.7141265869141,0.1242059139143656,1.0958591946196214,-2.53397840584353,-3.760726156035086,-1.9709243370310303,1.8586454236562693,-0.5707285639696755,4.219623379408814,-1.565948400011149,1.6369952552696774
95.0,13.0,201.53793334960932,0.0654525342004967,1.0843941538959627,-3.2517830870094246,-3.745687630287225,-1.8243737395379187,1.9132816889717947,-0.357079823658074,4.3717722474681935,-1.83610423662638,0.951754183319698
95.0,13.0,201.58868408203125,0.0654581388680122,1.08816050681813,-3.480487359881649,-3.746296202600965,-1.7977592458578082,1.9081754871331973,0.4351592402926782,4.360441515501519,-2.021425936868767,1.6395882124973529
95.0,13.0,201.862548828125,0.2742297222915473,1.3188027094878747,-3.2502965112486004,-3.792245482398085,-1.933563944968545,1.8674947934497328,-0.5217273970325804,4.371275145921962,-1.5543465736074618,1.7388038528033702
95.0,13.0,202.259994506836,0.1236184504661033,1.319006349365591,-3.250295136461152,-3.7463423358388206,-1.946786866941061,1.869387083921908,-0.5853706132335099,4.211271124025554,-1.5131580207214728,1.6014958995969932
95.0,13.0,202.39144897460932,0.1236184504661033,1.319006349365591,-3.250295136461152,-3.746295201950772,-1.933563944968545,1.8693646458166289,0.4338914152751872,4.211271124025554,-1.5062767504337484,1.6023147938787703
95.0,13.0,202.47657775878903,0.052817080780572,1.090319489104951,-3.281524779978067,-3.7463445806354176,-1.933563944968545,1.870326265312999,0.4332696144618435,4.226081521617351,-1.568767686596666,1.595839350108561
95.0,13.0,202.7177734375,-0.0370974934056678,1.27868478120972,-3.250295136461152,-4.144503128799856,-0.6816361194610923,1.4172971710462878,-0.5494522077648032,4.8201118165080805,-1.5064044239964625,1.5775339836119489
95.0,13.0,202.96456909179688,0.0794301479722097,1.3188027094878747,-3.250295136461152,-4.160898126041421,-1.933100291450576,1.427295930372892,0.4344995535833458,4.257469020281122,-1.50620435876188,1.632589436171332
95.0,14.0,161.48892211914062,0.0794301479722097,1.0645222861095445,-3.250295136461152,-3.748503874744689,-1.9336145153735005,1.3387201401852458,0.4345081690401881,3.9796925566676977,-1.495102881496865,1.6534964454528982
95.0,14.0,164.93309020996094,0.065292011186468,1.0905380585396836,-3.281508830347012,-3.742587904349151,-1.9335936758004464,1.8672877953717648,-0.5272984127410394,4.797646786403566,-1.5061570690198436,1.6369518477240432
95.0,14.0,168.99517822265625,0.065292011186468,1.0905380585396836,-3.281508830347012,-3.742587904349151,-1.935149335151341,1.8307709538593733,-0.5272984127410394,4.797646786403566,-1.5150565249195431,1.6351183566551613
95.0,14.0,170.42282104492188,0.0794301479722097,1.2733396169307916,-3.250295136461152,-3.748509647868968,-1.9277915073056835,1.3387201401852458,0.4345081690401881,3.9697949425197576,-1.495102943627744,1.6532508027480153
95.0,14.0,170.7707977294922,0.0794301479722097,1.2768137060651408,-3.250295136461152,-3.748509647868968,-1.9302226008259324,1.3387201401852458,0.4345081690401881,3.9796925566676977,-1.495102881496865,1.6534964454528982
95.0,14.0,171.35850524902344,0.0650637648522177,1.090319489104951,-3.2497453033390293,-3.738510019180053,-1.9390115747050127,1.870050911058738,-0.5386884738404298,4.820946399909448,-1.8365992701182203,1.637114998360232
95.0,14.0,172.9281005859375,0.0655416432483629,1.0790048965568808,-3.2505913583299617,-3.7463426511847,-2.0038170872018286,1.822100650083871,-0.5365430530412514,4.874229704636949,-1.4959351944734882,1.63904367502806
95.0,14.0,173.36471557617188,0.0655416432483629,1.0790048965568808,-3.2505913583299617,-3.7463533707232974,-2.0038170872018286,1.438910313852699,-0.5365430530412514,4.874229704636949,-1.4959531446896883,1.63904367502806
95.0,14.0,174.6265411376953,0.0654977419334174,1.2784461081711536,-3.244708216168112,-3.745687630287225,-1.8144620975093395,1.86148399971232,-0.4805737297204584,4.3717722474681935,0.014579873947347,1.6321848260276446
95.0,14.0,176.10256958007812,0.0824094104477533,0.5780881976200138,-3.281508830347012,-3.742587904349151,-1.9347072506605512,1.8270480577740105,-0.5271178912002351,4.797040114344344,-1.5150565249195431,1.6351183566551613
95.0,14.0,176.15774536132812,0.1269481890807195,1.290211517333094,-3.250297252876358,-3.7463534161772807,-1.9290744470645016,1.8577921316350807,-0.5365430530412514,4.811866483036644,-1.4969247322053434,1.639007693873045
95.0,14.0,176.177734375,0.0794301479722097,1.3186901399710125,-3.250296436658855,-3.746096182034308,-1.933563944968545,1.858395012417564,0.4345081690401881,4.369231057851536,-1.494771518971769,1.6369816325969508
95.0,14.0,178.53009033203125,-0.179523013158009,1.278314038879624,-3.251326118161696,-3.748436679452129,-1.8213334723850552,1.8738538998385648,-0.5281792315106897,4.8195343786582985,-1.495380019795984,1.6536510967329665
95.0,14.0,179.0171661376953,-0.1846217971176833,1.27868478120972,-3.280809745644364,-3.760604285240903,-1.9624944983866088,1.4223065415302183,-0.5569821840906011,4.821606474410952,-1.49999670552169,1.6378915881069085
95.0,14.0,179.5032958984375,0.0794301479722097,0.7527679255246229,-3.250369271791881,-3.738657377130332,-1.933563944968545,1.870412112816244,0.4358841033937786,4.210986983153756,-1.494898665604336,1.6369817987915702
95.0,14.0,179.56829833984375,0.0794301479722097,1.1016172413468608,-3.2803004633183,-3.7464267729175424,-1.8046425488190327,1.870412112816244,0.4360485852364639,4.898076215452757,-1.5032971464748828,1.6854653633349772
95.0,14.0,179.59078979492188,0.2429586908937998,1.0049600001790808,-3.2505913583299617,-3.7463534161772807,-1.9470252809990631,1.4426332099380623,-0.1466441375278963,4.880982477708662,-1.4959531446896883,1.63904367502806
95.0,14.0,179.6794891357422,0.0794301479722097,0.7527679255246229,-3.280387901882752,-3.7463445806354176,-1.933563944968545,1.870412112816244,0.4360485852364639,4.210986983153756,-1.5032971464748828,1.6369816591100328
95.0,14.0,180.5402374267578,0.0794301479722097,1.6943875860510105,-3.250295136461152,-3.7463445806354176,-2.4351513774424074,1.858637065093797,0.4345081690401881,4.211271124025554,-1.4951093749486868,1.6369816325969508
95.0,14.0,181.18780517578125,0.0523340895103349,0.9006669251696493,-3.270113298931806,-3.927700875908211,-1.8149301038815504,1.831185093104226,-0.5281792315106897,4.819162107823866,-1.5164462788302222,1.6371362838770187
95.0,14.0,181.2516021728516,-0.1798523339836132,1.0905325919506614,-3.282052480172549,-3.806817221141356,-1.8028680650531592,1.8307709538593733,-0.5272984127410394,4.797646786403566,-1.5150565249195431,1.6846312857131918
95.0,14.0,181.46258544921875,0.0809098346727525,1.290211517333094,-3.2505913583299617,-3.7463534161772807,-2.0038170872018286,1.438910313852699,-0.5365430530412514,4.788073413985707,-1.4959531446896883,1.63904367502806
95.0,14.0,181.921615600586,0.0794301479722097,1.3378704530067531,-3.2803137665520223,-4.263843911160545,-1.9330820560652937,1.8281316953291435,0.4346726508828734,4.023009084007332,-1.503306776763279,1.6368978549566022
95.0,14.0,182.5111846923828,-0.1850607166176119,0.7964526975979211,-3.250370927818422,-3.7463445806354176,-2.330504091238768,1.8674947934497328,0.4661397833836325,4.037613199257861,-1.4981969101146926,1.6369663239963292
95.0,14.0,182.5205993652344,0.0794458796246684,1.290889915181801,-3.2505913583299617,-3.746799559728322,-2.0052224238375205,1.4541011433862547,-0.5365430530412514,4.776082469182311,-1.4939101350694728,1.63904367502806
95.0,14.0,183.0875244140625,-0.2290825241445088,1.8705322365229848,-3.250295136461152,-3.7463445806354176,-1.933563944968545,1.858637065093797,0.4345081690401881,4.257192805697693,-1.8291642258040843,1.6369816325969508
95.0,14.0,184.88278198242188,0.0459201763834909,1.0877243874536384,-3.245455245454745,-3.806817221141356,-1.8028680650531592,1.8603345042765271,0.2754138678303577,4.790533830814849,-1.5150565249195431,1.6309193746991382
95.0,14.0,185.0384979248047,-0.1846217971176833,0.7192745494812359,-3.280809745644364,-3.760604285240903,-1.9624944983866088,2.142489363662685,-0.5124196795634942,4.01600019849889,-1.49999670552169,1.6377650275189686
95.0,14.0,185.29415893554688,0.0794301479722097,1.0977513917330572,-3.250295136461152,-3.7463445806354176,-1.9278028069699744,1.858637065093797,0.4345081690401881,4.211271124025554,-1.4951093749486868,1.6369816325969508
95.0,14.0,185.3846435546875,-0.3149480770618181,1.2812543126681766,-3.28574634664576,-3.745687630287225,-1.8144620975093395,1.8319204492951664,-0.4805737297204584,4.3717722474681935,0.014579873947347,1.6854806103253075
95.0,14.0,185.9167938232422,0.0795120014324291,0.7590187774610799,-3.280507558807708,-3.7463445806354176,-2.435458788969642,2.1481707995021297,0.4337095485420319,4.389870777772197,-1.4696305498058613,1.6369848640525342
95.0,14.0,186.3015899658203,-0.179523013158009,1.0992517245475404,-3.270113298931806,-3.927700875908211,-1.818913678529097,1.8738538998385648,-0.5281792315106897,4.8195343786582985,-1.495386513247806,1.6371362838770187
95.0,14.0,186.31651306152344,0.0794301479722097,1.065266111659669,-3.250295136461152,-3.7463445806354176,-1.933563944968545,1.831714382487844,0.4345081690401881,4.211271124025554,-1.4951093749486868,1.6369816325969508
95.0,14.0,186.3546905517578,0.0794301479722097,1.0977513917330572,-3.2806348240528265,-3.760297341227451,-1.962464053325197,1.858637065093797,0.4345081690401881,4.211271124025554,-1.5000390478662866,1.6369816325969508
95.0,14.0,186.41574096679688,0.0650637648522177,1.090319489104951,-3.2497940567660626,-3.7463445806354176,-1.933563944968545,1.8701554665111315,0.4332696144618435,4.258131070466686,-1.8365992701182203,1.6369816325969508
95.0,14.0,186.5043029785156,0.078259352083053,1.3015261098811644,-3.2497940567660626,-3.7465178431039177,-1.8387238158895671,1.8737590318693929,0.4332696144618435,4.811314460317928,-1.8365992701182203,1.6530646866343308
95.0,14.0,186.9037933349609,-0.2253782565565162,1.8714609536703044,-3.250295136461152,-3.7463445806354176,-1.933563944968545,1.8674947934497328,0.4338914152751872,4.211271124025554,-1.035266581586348,1.6369816325969508
95.0,14.0,187.74575805664065,-0.3345256426117445,0.7416832761284236,-3.2865808144968454,-3.806735028859232,-1.9317894612026707,1.8307709538593733,0.2754138678303577,4.790533830814849,-1.5150565249195431,1.6357314547718569
95.0,14.0,188.14019775390625,-0.2319323326215392,1.8705322365229848,-3.250295136461152,-3.7463445806354176,-1.9072041771607755,1.854360222754928,0.4338840198564221,4.211267040457991,-1.8293584313401112,1.6363465706405282
95.0,14.0,188.21420288085932,-0.1670933971181892,1.0654748722023828,-3.2824611607268936,-3.809029800176911,-1.9314820795225147,1.8307709538593733,-0.5272984127410394,4.234484998963654,-1.514036961344446,1.6370126718925837
95.0,14.0,189.1088104248047,-0.1906068607015269,1.278314038879624,-3.250259785240145,-3.747197789504075,-1.8213334723850552,1.8738538998385648,0.3720280872323146,4.8195343786582985,-1.893529839982062,1.6536510967329665
95.0,14.0,189.90234375,-0.1773504089644547,1.278314038879624,-3.251326118161696,-3.748263462437611,-1.8213334723850552,1.870250334480304,-0.5281792315106897,4.2663479659876185,-1.495380019795984,1.637568042695586
95.0,14.0,190.0950164794922,0.1269481890807195,1.290211517333094,-3.251045619824603,-3.74672937804851,-1.9624339473287828,1.9010430237352949,-0.5365430530412514,4.034828497821147,-1.4969247322053434,0.8048198789677927
95.0,14.0,190.6700897216797,0.0655416432483629,1.0790048965568808,-3.2505833850171983,-3.746354063189781,-2.002776468622293,1.4425698548092494,-0.4838090413868272,4.221179118784598,-1.4959531446896883,1.6371792408498267
95.0,14.0,191.4429931640625,0.0698825668977618,1.0914783711213716,-3.249792047538571,-3.7463445806354176,-1.933563944968545,1.3013707829738248,0.433246560008049,4.2119783891782685,-1.8365992701182203,1.6369816325969508
95.0,14.0,191.83175659179688,0.0763539248456415,1.3137684735393578,-3.25045835565887,-3.7463445806354176,-1.933612271134957,1.8726231861966045,0.5366170253842945,4.817337413796537,-1.4950959524100436,1.6369816325969508
95.0,14.0,192.0680694580078,-0.1784572533035576,1.0905325919506614,-3.2820696622267382,-3.74588233444436,-1.94001751193146,1.8753711476349693,-0.5272984127410394,4.798019057237999,-2.003845667390836,1.6146042285328777
95.0,14.0,192.2625274658203,-0.1105696489189707,1.2903569603332488,-3.281373884195669,-3.7463534161772807,-2.0038170872018286,1.4163588730556187,-0.5074244923955128,4.839109359224047,-1.903134881060932,1.6074119086198826
95.0,14.0,192.27395629882807,-0.1797951548471257,1.8596972447442608,-3.2813728609260817,-3.803862391060121,-2.545019387518776,1.8307709538593733,-0.4267851289339879,4.372130799723761,-1.9024298940613595,1.598445930008963
95.0,14.0,192.8333740234375,0.0698825668977618,1.0890437771274726,-3.249792047538571,-3.7463552055772382,-1.933563944968545,1.2961336493307365,0.433246560008049,4.216850532904308,-1.883920263955176,1.6369816325969508
95.0,15.0,161.48892211914062,0.0794301479722097,1.0645222861095445,-3.250295136461152,-3.748503874744689,-1.9336145153735005,1.3387201401852458,0.4345081690401881,3.9796925566676977,-1.495102881496865,1.6534964454528982
95.0,15.0,162.28758239746094,0.0516546293424763,0.9233977025982504,-3.270113298931806,-3.7440193148085794,-1.8149301038815504,1.8576350854675163,-0.5281792315106897,4.371971576902758,-1.5164462788302222,1.6371362838770187
95.0,15.0,162.94700622558594,0.0794301479722097,1.0687038816056722,-3.280352746898941,-3.7602765788451658,-1.9277915073056835,1.3387201401852458,0.4345081690401881,3.9697949425197576,-1.4999848075119837,1.6366865696612676
95.0,15.0,163.97900390625,0.0648987063206501,1.069838339988027,-3.250295136461152,-3.746369116633786,-1.9742826520471235,1.317414169895796,0.4345081690401881,4.0012638663320566,-1.495102881496865,1.6534964454528982
95.0,15.0,164.63587951660156,0.0794301479722097,1.6943875860510105,-3.248054296378448,-3.7463445806354176,-2.4351513774424074,1.858637065093797,0.4345081690401881,4.8456876841897865,-1.4951093749486868,1.6378234543205026
95.0,15.0,164.93309020996094,0.065292011186468,1.0905380585396836,-3.281508830347012,-3.742587904349151,-1.9335936758004464,1.8672877953717648,-0.5272984127410394,4.797646786403566,-1.5061570690198436,1.6369518477240432
95.0,15.0,168.21075439453125,0.065292011186468,1.092489705992577,-3.2933693349141047,-3.74632458718516,-2.0039491425404488,1.8672877953717648,-0.5272984127410394,4.787447070995393,-1.5061570690198436,1.6369518477240432
95.0,15.0,168.2122039794922,0.065292011186468,1.0905380585396836,-3.281508830347012,-3.742587904349151,-1.935149335151341,1.82975889316193,-0.5272984127410394,4.797646786403566,-1.5063440853222838,1.6350311467539385
95.0,15.0,168.99517822265625,0.065292011186468,1.0905380585396836,-3.281508830347012,-3.742587904349151,-1.935149335151341,1.8307709538593733,-0.5272984127410394,4.797646786403566,-1.5150565249195431,1.6351183566551613
95.0,15.0,170.42282104492188,0.0794301479722097,1.2733396169307916,-3.250295136461152,-3.748509647868968,-1.9277915073056835,1.3387201401852458,0.4345081690401881,3.9697949425197576,-1.495102943627744,1.6532508027480153
95.0,15.0,170.7329864501953,0.0794301479722097,1.2768137060651408,-3.2502994490595203,-3.748509647868968,-1.9302226008259324,1.3387201401852458,0.4345081690401881,3.9796925566676977,-1.4950868619757052,1.654321885671617
95.0,15.0,170.7707977294922,0.0794301479722097,1.2768137060651408,-3.250295136461152,-3.748509647868968,-1.9302226008259324,1.3387201401852458,0.4345081690401881,3.9796925566676977,-1.495102881496865,1.6534964454528982
95.0,15.0,171.35850524902344,0.0650637648522177,1.090319489104951,-3.2497453033390293,-3.738510019180053,-1.9390115747050127,1.870050911058738,-0.5386884738404298,4.820946399909448,-1.8365992701182203,1.637114998360232
95.0,15.0,171.38070678710938,0.0650637648522177,1.090319489104951,-3.249553306089515,-3.738510019180053,-1.939903173281498,1.870050911058738,-0.5389046979088898,4.820946399909448,-1.8365992701182203,1.637114998360232
95.0,15.0,172.82235717773438,0.0794301479722097,-0.2552356747779143,-3.2783353987054897,-3.7484731590645146,-1.9336145153735005,1.3387201401852458,0.4345164615181885,3.9796925566676977,-1.5037445827138902,1.652135266035836
95.0,15.0,172.9281005859375,0.0655416432483629,1.0790048965568808,-3.2505913583299617,-3.7463426511847,-2.0038170872018286,1.822100650083871,-0.5365430530412514,4.874229704636949,-1.4959351944734882,1.63904367502806
95.0,15.0,173.36471557617188,0.0655416432483629,1.0790048965568808,-3.2505913583299617,-3.7463533707232974,-2.0038170872018286,1.438910313852699,-0.5365430530412514,4.874229704636949,-1.4959531446896883,1.63904367502806
95.0,15.0,173.4521484375,0.0655416432483629,1.0790048965568808,-3.250587045731593,-3.7463533707232974,-2.0038170872018286,1.438910313852699,-0.5365430530412514,4.874229704636949,-1.495969164210848,1.6382182348093413
95.0,15.0,174.6210479736328,0.065292011186468,1.0947835008170963,-3.281508830347012,-3.742587904349151,-1.921956260935044,1.8307709538593733,-0.5272984127410394,4.797646786403566,-1.830063772149004,1.6351183566551613
95.0,15.0,174.6265411376953,0.0654977419334174,1.2784461081711536,-3.244708216168112,-3.745687630287225,-1.8144620975093395,1.86148399971232,-0.4805737297204584,4.3717722474681935,0.014579873947347,1.6321848260276446
95.0,15.0,176.10256958007812,0.0824094104477533,0.5780881976200138,-3.281508830347012,-3.742587904349151,-1.9347072506605512,1.8270480577740105,-0.5271178912002351,4.797040114344344,-1.5150565249195431,1.6351183566551613
95.0,15.0,176.15774536132812,0.1269481890807195,1.290211517333094,-3.250297252876358,-3.7463534161772807,-1.9290744470645016,1.8577921316350807,-0.5365430530412514,4.811866483036644,-1.4969247322053434,1.639007693873045
95.0,15.0,176.177734375,0.0794301479722097,1.3186901399710125,-3.250296436658855,-3.746096182034308,-1.933563944968545,1.858395012417564,0.4345081690401881,4.369231057851536,-1.494771518971769,1.6369816325969508
95.0,15.0,176.27935791015625,0.1269481890807195,1.290211517333094,-3.2505720311955484,-3.7463534161772807,-1.9290744470645016,1.8752366188108809,-0.5365430530412514,4.786648962573331,-1.496029501616398,1.639007693873045
95.0,15.0,177.33395385742188,-0.1846217971176833,1.546754422387385,-3.281001742893878,-3.760604285240903,-1.961602899810124,1.4223065415302183,-0.5567659600221411,4.821606474410952,-1.49999670552169,1.6378915881069085
95.0,15.0,178.53009033203125,-0.179523013158009,1.278314038879624,-3.251326118161696,-3.748436679452129,-1.8213334723850552,1.8738538998385648,-0.5281792315106897,4.8195343786582985,-1.495380019795984,1.6536510967329665
95.0,15.0,179.0171661376953,-0.1846217971176833,1.27868478120972,-3.280809745644364,-3.760604285240903,-1.9624944983866088,1.4223065415302183,-0.5569821840906011,4.821606474410952,-1.49999670552169,1.6378915881069085
95.0,15.0,179.32614135742188,0.0794458796246684,1.290889915181801,-3.2505913583299617,-3.746799559728322,-2.0052224238375205,1.836122075478273,-0.5365430530412514,4.776082469182311,-1.4939101350694728,1.63904367502806
95.0,15.0,179.5032958984375,0.0794301479722097,0.7527679255246229,-3.250369271791881,-3.738657377130332,-1.933563944968545,1.870412112816244,0.4358841033937786,4.210986983153756,-1.494898665604336,1.6369817987915702
95.0,15.0,179.56829833984375,0.0794301479722097,1.1016172413468608,-3.2803004633183,-3.7464267729175424,-1.8046425488190327,1.870412112816244,0.4360485852364639,4.898076215452757,-1.5032971464748828,1.6854653633349772
95.0,15.0,179.59078979492188,0.2429586908937998,1.0049600001790808,-3.2505913583299617,-3.7463534161772807,-1.9470252809990631,1.4426332099380623,-0.1466441375278963,4.880982477708662,-1.4959531446896883,1.63904367502806
95.0,15.0,179.67144775390625,0.0794301479722097,0.7527679255246229,-3.252347639638414,-3.746375296315592,-1.933563944968545,1.870412112816244,0.4360402927584634,4.210986983153756,-1.4946554452578575,1.638342838527095
95.0,15.0,179.6794891357422,0.0794301479722097,0.7527679255246229,-3.280387901882752,-3.7463445806354176,-1.933563944968545,1.870412112816244,0.4360485852364639,4.210986983153756,-1.5032971464748828,1.6369816591100328
95.0,15.0,179.9201202392578,-0.179523013158009,1.3340983464718643,-3.251326118161696,-3.7415468774672367,-1.8213334723850552,1.8738538998385648,-0.5271663085657559,4.8195343786582985,-1.495380019795984,1.6536510967329665
95.0,15.0,180.1759033203125,-0.179523013158009,1.0992517245475404,-3.270113298931806,-3.7694533552828906,-1.818913678529097,1.8738538998385648,-0.5281792315106897,4.908497887181978,-1.495386513247806,1.636977805023217
95.0,15.0,180.2188415527344,0.0824094104477533,0.5223038900277734,-3.281508830347012,-3.749477706334043,-1.9347072506605512,1.8270480577740105,-0.528130814145169,4.797040114344344,-1.5150565249195431,1.6351183566551613
95.0,15.0,180.5402374267578,0.0794301479722097,1.6943875860510105,-3.250295136461152,-3.7463445806354176,-2.4351513774424074,1.858637065093797,0.4345081690401881,4.211271124025554,-1.4951093749486868,1.6369816325969508
95.0,15.0,180.71522521972656,-0.2144337169491542,0.7689411901698361,-3.245455245454745,-3.806278618295959,-1.8028680650531592,1.8603345042765271,0.2759426319211269,4.374339220282919,-1.5150565249195431,1.63087753269946
95.0,15.0,181.18435668945312,0.1141565629571454,0.7594790631106241,-3.250290276273037,-3.7463445806354176,-1.9277559425962456,1.858637065093797,0.4345081690401881,4.210985508530801,-1.494903370306793,1.6369816295293744
95.0,15.0,181.18780517578125,0.0523340895103349,0.9006669251696493,-3.270113298931806,-3.927700875908211,-1.8149301038815504,1.831185093104226,-0.5281792315106897,4.819162107823866,-1.5164462788302222,1.6371362838770187
95.0,15.0,181.2516021728516,-0.1798523339836132,1.0905325919506614,-3.282052480172549,-3.806817221141356,-1.8028680650531592,1.8307709538593733,-0.5272984127410394,4.797646786403566,-1.5150565249195431,1.6846312857131918
95.0,15.0,181.2591857910156,0.0649423811799728,1.090319489104951,-3.249783239939595,-3.7463445806354176,-2.0087526882722573,1.8701554665111315,0.4332696144618435,4.882812664699282,-1.860762723262116,1.6370638488087117
95.0,15.0,181.3139190673828,0.0794301479722097,1.3378704530067531,-3.2803137665520223,-3.7335655907552168,-1.93307724989056,1.8209444330129847,0.4346726508828734,4.023009084007332,-1.503306776763279,1.6368978549566022
95.0,15.0,181.42752075195312,-0.179523013158009,1.1029991412550664,-3.270113298931806,-3.921726469900773,-1.929241681626352,1.2713515339462669,-0.5141071070338878,3.936301833977792,-1.4788617812412208,1.6371362838770187
95.0,15.0,181.46258544921875,0.0809098346727525,1.290211517333094,-3.2505913583299617,-3.7463534161772807,-2.0038170872018286,1.438910313852699,-0.5365430530412514,4.788073413985707,-1.4959531446896883,1.63904367502806
95.0,15.0,181.62841796875,0.0655416432483629,1.0790048965568808,-3.2505830041635626,-3.7463533707232974,-2.0038170872018286,1.442922603867134,-0.4852683885951486,4.874229704636949,-1.4959531446896883,1.605863582207656
95.0,15.0,181.6615295410156,0.0794301479722097,1.0645222861095445,-3.250295136461152,-4.26416074735122,-1.9336193215482345,1.3459074025014042,1.3932508705872988,3.9796925566676977,-1.495102881496865,1.6534964454528982
95.0,15.0,181.72018432617188,0.0626279230327652,1.2784461081711536,-3.2503725868246027,-2.9253169058354342,-1.9278595929656253,1.86148399971232,-0.5341826469687405,4.3717722474681935,0.910225104308702,1.6320985996519328
95.0,15.0,181.921615600586,0.0794301479722097,1.3378704530067531,-3.2803137665520223,-4.263843911160545,-1.9330820560652937,1.8281316953291435,0.4346726508828734,4.023009084007332,-1.503306776763279,1.6368978549566022
95.0,15.0,182.5111846923828,-0.1850607166176119,0.7964526975979211,-3.250370927818422,-3.7463445806354176,-2.330504091238768,1.8674947934497328,0.4661397833836325,4.037613199257861,-1.4981969101146926,1.6369663239963292
95.0,16.0,159.73733520507812,0.0795263314667254,1.079212556982999,-3.250598903601555,-3.748503874744689,-1.9349713718503232,1.3387201401852458,0.4179750957335306,3.963897069973501,-1.495102881496865,1.6534964454528982
95.0,16.0,161.48892211914062,0.0794301479722097,1.0645222861095445,-3.250295136461152,-3.748503874744689,-1.9336145153735005,1.3387201401852458,0.4345081690401881,3.9796925566676977,-1.495102881496865,1.6534964454528982
95.0,16.0,162.28758239746094,0.0516546293424763,0.9233977025982504,-3.270113298931806,-3.7440193148085794,-1.8149301038815504,1.8576350854675163,-0.5281792315106897,4.371971576902758,-1.5164462788302222,1.6371362838770187
95.0,16.0,162.94700622558594,0.0794301479722097,1.0687038816056722,-3.280352746898941,-3.7602765788451658,-1.9277915073056835,1.3387201401852458,0.4345081690401881,3.9697949425197576,-1.4999848075119837,1.6366865696612676
95.0,16.0,163.97900390625,0.0648987063206501,1.069838339988027,-3.250295136461152,-3.746369116633786,-1.9742826520471235,1.317414169895796,0.4345081690401881,4.0012638663320566,-1.495102881496865,1.6534964454528982
95.0,16.0,164.2144775390625,0.0648987063206501,1.069838339988027,-3.280883243430605,-3.7603922403106944,-1.9742826520471235,1.317414169895796,0.4345081690401881,4.0012638663320566,-1.4997187364818607,1.6534964454528982
95.0,16.0,164.63587951660156,0.0794301479722097,1.6943875860510105,-3.248054296378448,-3.7463445806354176,-2.4351513774424074,1.858637065093797,0.4345081690401881,4.8456876841897865,-1.4951093749486868,1.6378234543205026
95.0,16.0,164.78717041015625,0.0650637648522177,1.68445120508988,-3.249553306089515,-3.738510019180053,-1.9366269859212644,1.870050911058738,-0.5389046979088898,4.820946399909448,-1.8365992701182203,1.637114998360232
95.0,16.0,164.88156127929688,0.065292011186468,1.0905380585396836,-3.281508830347012,-3.742587904349151,-1.9335936758004464,1.8672877953717648,-0.5366390941073621,4.792314548040632,-1.5061570690198436,1.6369518477240432
95.0,16.0,164.93309020996094,0.065292011186468,1.0905380585396836,-3.281508830347012,-3.742587904349151,-1.9335936758004464,1.8672877953717648,-0.5272984127410394,4.797646786403566,-1.5061570690198436,1.6369518477240432
95.0,16.0,165.11717224121094,0.065292011186468,1.0905104564660504,-3.281953302068416,-3.746352785142772,-1.935149335151341,1.8671727461349503,-0.5272984127410394,4.797222668224568,-1.5061924859485043,1.636918073066102
95.0,16.0,165.8466796875,0.1137782749153434,0.9312644868211376,-3.270156686719487,-3.743912936167041,-1.927690693250124,1.8576350854675163,-0.5366318479164844,4.304831568843993,-1.5164462788302222,1.6371362838770187
95.0,16.0,166.058837890625,-0.2039233897476039,1.7119191945772787,-3.208216387087574,-3.7484460311474073,-2.4351513774424074,1.8743019969390755,0.4345081690401881,4.8456876841897865,-1.4951093749486868,1.6534879101006426
95.0,16.0,166.4085693359375,0.0794458796246684,1.0652439560174565,-3.2505913583299617,-3.7485553781347374,-2.003352945239849,1.3404081188300665,-0.5365430530412514,4.776082469182311,-1.4939101350694728,1.63904367502806
95.0,16.0,167.6778106689453,0.0654977419334174,1.2784461081711536,-3.281655044831337,-3.745634146586144,-1.9341121147787264,1.8672436202750773,-0.5254711497222513,4.798462993107185,0.014579873947347,1.6321848260276446
95.0,16.0,167.8409423828125,0.065292011186468,1.0947835008170963,-3.281508830347012,-3.742587904349151,-1.9351692532858007,1.8307709538593733,-0.5272984127410394,4.797646786403566,-1.4999369347766445,1.6351183566551613
95.0,16.0,168.13153076171875,0.06508770545703,1.0900461160709267,-3.281518099140809,-3.746620343486665,-1.935149335151341,1.8326972548879448,-0.5235368832302741,4.797646786403566,-1.5063440853222838,1.6343656004560336
95.0,16.0,168.21075439453125,0.065292011186468,1.092489705992577,-3.2933693349141047,-3.74632458718516,-2.0039491425404488,1.8672877953717648,-0.5272984127410394,4.787447070995393,-1.5061570690198436,1.6369518477240432
95.0,16.0,168.2122039794922,0.065292011186468,1.0905380585396836,-3.281508830347012,-3.742587904349151,-1.935149335151341,1.82975889316193,-0.5272984127410394,4.797646786403566,-1.5063440853222838,1.6350311467539385
95.0,16.0,168.5528106689453,0.0794301479722097,0.6528572014691321,-3.2503124248240574,-3.746246388156697,-1.929676193496016,1.3371338895259113,0.4345081690401881,4.855124213832887,-1.4950868619757052,1.639406731831644
95.0,16.0,168.98097229003906,0.0794301479722097,-0.2552356747779143,-3.2513507442495504,-3.7484731590645146,-1.9336149726019345,1.3387201401852458,0.4345164615181885,3.9796925566676977,-1.212544266543885,1.6517570387780005
95.0,16.0,168.99517822265625,0.065292011186468,1.0905380585396836,-3.281508830347012,-3.742587904349151,-1.935149335151341,1.8307709538593733,-0.5272984127410394,4.797646786403566,-1.5150565249195431,1.6351183566551613
95.0,16.0,169.36422729492188,0.0795590197875628,1.0732305912645088,-3.2502994490595203,-3.748509647868968,-1.9302226008259324,1.3169594024538267,0.4345081690401881,3.6439301340750223,-1.4950868619757052,1.654321885671617
95.0,16.0,170.42282104492188,0.0794301479722097,1.2733396169307916,-3.250295136461152,-3.748509647868968,-1.9277915073056835,1.3387201401852458,0.4345081690401881,3.9697949425197576,-1.495102943627744,1.6532508027480153
95.0,16.0,170.42282104492188,0.0794301479722097,1.2733396169307916,-3.250295136461152,-3.748509647868968,-1.9277915073056835,1.3387201401852458,0.4345081690401881,3.9697949425197576,-1.495102943627744,1.6532508027480153
95.0,16.0,170.6937255859375,-0.1775718399234979,1.0749910544535362,-3.251326118161696,-3.748458448607414,-1.992323982601065,1.825874840395587,-0.5366830541886903,4.8195343786582985,-1.4959295276277422,1.6536510967329665
95.0,16.0,170.7329864501953,0.0794301479722097,1.2768137060651408,-3.2502994490595203,-3.748509647868968,-1.9302226008259324,1.3387201401852458,0.4345081690401881,3.9796925566676977,-1.4950868619757052,1.654321885671617
95.0,16.0,170.7707977294922,0.0794301479722097,1.2768137060651408,-3.250295136461152,-3.748509647868968,-1.9302226008259324,1.3387201401852458,0.4345081690401881,3.9796925566676977,-1.495102881496865,1.6534964454528982
95.0,16.0,171.35850524902344,0.0650637648522177,1.090319489104951,-3.2497453033390293,-3.738510019180053,-1.9390115747050127,1.870050911058738,-0.5386884738404298,4.820946399909448,-1.8365992701182203,1.637114998360232
95.0,16.0,171.38070678710938,0.0650637648522177,1.090319489104951,-3.249553306089515,-3.738510019180053,-1.939903173281498,1.870050911058738,-0.5389046979088898,4.820946399909448,-1.8365992701182203,1.637114998360232
95.0,16.0,172.067626953125,0.065292011186468,1.0925173080662105,-3.292924863192701,-3.74255970639154,-2.0039491425404488,1.830886003096188,-0.5272984127410394,4.787871189174392,-1.5150211079908824,1.6351521313131026
95.0,16.0,172.82235717773438,0.0794301479722097,-0.2552356747779143,-3.2783353987054897,-3.7484731590645146,-1.9336145153735005,1.3387201401852458,0.4345164615181885,3.9796925566676977,-1.5037445827138902,1.652135266035836
95.0,16.0,172.9281005859375,0.0655416432483629,1.0790048965568808,-3.2505913583299617,-3.7463426511847,-2.0038170872018286,1.822100650083871,-0.5365430530412514,4.874229704636949,-1.4959351944734882,1.63904367502806
95.0,16.0,173.36471557617188,0.0655416432483629,1.0790048965568808,-3.2505913583299617,-3.7463533707232974,-2.0038170872018286,1.438910313852699,-0.5365430530412514,4.874229704636949,-1.4959531446896883,1.63904367502806
95.0,16.0,173.4521484375,0.0655416432483629,1.0790048965568808,-3.250587045731593,-3.7463533707232974,-2.0038170872018286,1.438910313852699,-0.5365430530412514,4.874229704636949,-1.495969164210848,1.6382182348093413
95.0,16.0,173.5469512939453,0.0794301479722097,1.3182415682972035,-3.250295140251983,-3.748514840536274,-1.9335340058232555,1.3416100005553293,0.4345081690401881,3.9796925566676977,-1.494774163356115,1.63578159328423
95.0,16.0,173.60064697265625,0.0655416432483629,1.0790048965568808,-3.2505913583299617,-3.7463426511847,-2.0038170872018286,1.822100650083871,-0.5272023716749287,4.879561942998286,-1.4959351944734882,1.63904367502806
95.0,16.0,173.61935424804688,0.0794301479722097,1.2772622777389495,-3.250296432868024,-3.746090989367001,-1.930252539971222,1.8555051520474803,0.4345081690401881,4.369231057851536,-1.495100237112519,1.654696484765619
95.0,16.0,173.90797424316406,0.0824094104477533,0.5780881976200138,-3.281508830347012,-3.742587904349151,-1.9327553026783275,1.828514179728753,-0.5271178912002351,4.358485075505183,-1.5150565249195431,1.6351472078963325
95.0,16.0,174.1464385986328,0.0794301479722097,1.2901682452738892,-3.2720091246457423,-3.746748056338273,-1.935483993971172,1.8344340968334525,0.4345081690401881,3.9796925566676977,-1.495102881496865,1.6534964454528982
95.0,16.0,174.37435913085938,0.065292011186468,1.0905380585396836,-3.281508830347012,-3.742587904349151,-1.921936342800584,1.8307709538593733,-0.5272984127410394,4.797646786403566,-1.8451833622919027,1.6351183566551613
95.0,16.0,174.4286651611328,0.0794301479722097,1.2733396169307916,-3.250295136461152,-3.748509647868968,-1.9277915073056835,1.3327396616718783,0.4345081690401881,4.0334484426017365,-1.495102943627744,1.6531101472580578
95.0,16.0,174.6210479736328,0.065292011186468,1.0947835008170963,-3.281508830347012,-3.742587904349151,-1.921956260935044,1.8307709538593733,-0.5272984127410394,4.797646786403566,-1.830063772149004,1.6351183566551613
95.0,16.0,174.6265411376953,0.0654977419334174,1.2784461081711536,-3.244708216168112,-3.745687630287225,-1.8144620975093395,1.86148399971232,-0.4805737297204584,4.3717722474681935,0.014579873947347,1.6321848260276446
95.0,16.0,174.69268798828125,0.065292011186468,1.0947835008170963,-3.2813467965619507,-3.742587904349151,-1.921956260935044,1.8307709538593733,-0.5272984127410394,4.797646786403566,-1.826085528185576,1.6351183566551613
95.0,16.0,174.9910888671875,0.1254560746431345,1.539720114935764,-3.250806473580929,-3.746448316684603,-1.9290744470645016,1.8752366188108809,-0.5561990088425974,4.786648962573331,-1.496019215639757,1.639007693873045
95.0,16.0,176.10256958007812,0.0824094104477533,0.5780881976200138,-3.281508830347012,-3.742587904349151,-1.9347072506605512,1.8270480577740105,-0.5271178912002351,4.797040114344344,-1.5150565249195431,1.6351183566551613
95.0,16.0,176.15774536132812,0.1269481890807195,1.290211517333094,-3.250297252876358,-3.7463534161772807,-1.9290744470645016,1.8577921316350807,-0.5365430530412514,4.811866483036644,-1.4969247322053434,1.639007693873045
95.0,16.0,176.177734375,0.0794301479722097,1.3186901399710125,-3.250296436658855,-3.746096182034308,-1.933563944968545,1.858395012417564,0.4345081690401881,4.369231057851536,-1.494771518971769,1.6369816325969508
95.0,16.0,176.27935791015625,0.1269481890807195,1.290211517333094,-3.2505720311955484,-3.7463534161772807,-1.9290744470645016,1.8752366188108809,-0.5365430530412514,4.786648962573331,-1.496029501616398,1.639007693873045
95.0,17.0,152.98143005371094,0.0655452949392259,0.948355982832523,-3.2489376701129924,-3.748509647868968,-1.934855369055965,1.3341006968033178,-0.5365611361128232,3.9796925566676977,-1.4950868619757052,1.653636382243313
95.0,17.0,158.31964111328125,0.0794301479722097,1.7285574992087065,-3.2480431049328864,-3.746443031948503,-1.883793700589397,1.3387201401852458,0.4345081690401881,4.786801988251925,-1.495102881496865,1.6528747150042116
95.0,17.0,159.73678588867188,0.0795263314667254,1.0789941515048178,-3.250598903601555,-3.748503874744689,-1.9349713718503232,1.3430003196698683,0.4179750957335306,3.967559662007211,-1.495102881496865,1.6534964454528982
95.0,17.0,159.73733520507812,0.0795263314667254,1.079212556982999,-3.250598903601555,-3.748503874744689,-1.9349713718503232,1.3387201401852458,0.4179750957335306,3.963897069973501,-1.495102881496865,1.6534964454528982
95.0,17.0,161.48892211914062,0.0794301479722097,1.0645222861095445,-3.250295136461152,-3.748503874744689,-1.9336145153735005,1.3387201401852458,0.4345081690401881,3.9796925566676977,-1.495102881496865,1.6534964454528982
95.0,17.0,162.26043701171875,0.0648987063206501,1.069838339988027,-3.280883243430605,-3.748589251061927,-1.927558898024164,1.317414169895796,0.4345081690401881,4.0012638663320566,-1.4997187364818607,1.6543296711376378
95.0,17.0,162.28758239746094,0.0516546293424763,0.9233977025982504,-3.270113298931806,-3.7440193148085794,-1.8149301038815504,1.8576350854675163,-0.5281792315106897,4.371971576902758,-1.5164462788302222,1.6371362838770187
95.0,17.0,162.28758239746094,0.0516546293424763,0.9233977025982504,-3.270113298931806,-3.7440193148085794,-1.8149301038815504,1.8576350854675163,-0.5281792315106897,4.371971576902758,-1.5164462788302222,1.6371362838770187
95.0,17.0,162.48487854003906,0.0652835065356412,1.069838339988027,-3.248035135519556,-3.746352958974507,-1.9742826520471235,1.316805427794936,0.3885481202682558,4.0154462778872695,-1.5062783239038584,1.6534964454528982
95.0,17.0,162.61834716796875,0.065292011186468,1.0948566282878005,-3.2933693349141047,-3.74632458718516,-1.9229013333729807,1.8672877953717648,-0.5272984127410394,4.421400762695294,-1.4723999417103435,1.636959262942464
95.0,17.0,162.87948608398438,0.0651728138997671,1.0791281256239929,-3.250598903601555,-3.747934516386455,-1.9349713718503232,1.3387201401852458,0.4179750957335306,4.005473734165741,-1.506706687419521,1.636367240533185
95.0,17.0,162.94700622558594,0.0794301479722097,1.0687038816056722,-3.280352746898941,-3.7602765788451658,-1.9277915073056835,1.3387201401852458,0.4345081690401881,3.9697949425197576,-1.4999848075119837,1.6366865696612676
95.0,17.0,163.23574829101562,0.065292011186468,1.0737008139141884,-3.281953302068416,-3.746352785142772,-1.9350693272647463,1.8671727461349503,-0.5272984127410394,4.021645222737635,-1.5061924859485043,1.6357955425083932
95.0,17.0,163.61981201171875,0.0516546293424763,0.9161746860110572,-3.273441020933136,-3.7440193148085794,-1.8149301038815504,1.8570140470498264,-0.5281792315106897,4.456321850354523,-1.516074877901534,1.6371362838770187
95.0,17.0,163.77865600585938,0.0655506097580732,1.6774472548804282,-3.281508830347012,-3.742587904349151,-1.935149335151341,1.827791514607519,0.4181861382193744,4.7979844571425,-1.5063440853222838,1.6350565647145736
95.0,17.0,163.97900390625,0.0648987063206501,1.069838339988027,-3.250295136461152,-3.746369116633786,-1.9742826520471235,1.317414169895796,0.4345081690401881,4.0012638663320566,-1.495102881496865,1.6534964454528982
95.0,17.0,164.2144775390625,0.0648987063206501,1.069838339988027,-3.280883243430605,-3.7603922403106944,-1.9742826520471235,1.317414169895796,0.4345081690401881,4.0012638663320566,-1.4997187364818607,1.6534964454528982
95.0,17.0,164.63587951660156,0.0794301479722097,1.6943875860510105,-3.248054296378448,-3.7463445806354176,-2.4351513774424074,1.858637065093797,0.4345081690401881,4.8456876841897865,-1.4951093749486868,1.6378234543205026
95.0,17.0,164.78717041015625,0.0650637648522177,1.68445120508988,-3.249553306089515,-3.738510019180053,-1.9366269859212644,1.870050911058738,-0.5389046979088898,4.820946399909448,-1.8365992701182203,1.637114998360232
95.0,17.0,164.8514404296875,0.065292011186468,1.0905402062596825,-3.281508830347012,-3.742587904349151,-1.9337808111385724,1.8699334807777848,-0.5366390941073621,4.792314548040632,-1.5061570690198436,1.637122723292456
95.0,17.0,164.88156127929688,0.065292011186468,1.0905380585396836,-3.281508830347012,-3.742587904349151,-1.9335936758004464,1.8672877953717648,-0.5366390941073621,4.792314548040632,-1.5061570690198436,1.6369518477240432
95.0,17.0,164.93309020996094,0.065292011186468,1.0905380585396836,-3.281508830347012,-3.742587904349151,-1.9335936758004464,1.8672877953717648,-0.5272984127410394,4.797646786403566,-1.5061570690198436,1.6369518477240432
95.0,17.0,165.08680725097656,0.1137782749153434,0.9312644868211376,-3.269088659309886,-3.743912936167041,-1.927690693250124,1.3198430095478035,-0.5288691850907037,4.304831568843993,-1.5164462788302222,1.636388544852738
95.0,17.0,165.11717224121094,0.065292011186468,1.0905104564660504,-3.281953302068416,-3.746352785142772,-1.935149335151341,1.8671727461349503,-0.5272984127410394,4.797222668224568,-1.5061924859485043,1.636918073066102
95.0,17.0,165.35848999023438,0.0747843980546832,1.0690882277451903,-3.2817670750455394,-3.760427540496813,-1.9277915073056835,1.3387201401852458,0.4345081690401881,4.8208444185243815,-1.4999848075119837,1.653460923875103
95.0,17.0,165.56948852539062,0.0650637648522177,1.6751233280522904,-3.249549075366046,-3.738510019180053,-1.9366670841575435,1.870050911058738,-0.5386791915738707,4.820946399909448,-1.8365992701182203,1.637114998360232
95.0,17.0,165.83236694335938,0.0791787323507385,1.0899166753588565,-3.3957966853935844,-3.7483666944063936,-1.9353034987970217,1.3161623772498126,0.4202590253860679,4.797646786403566,-1.4950175494147588,1.6343656004560336
95.0,17.0,165.8466796875,0.1137782749153434,0.9312644868211376,-3.270156686719487,-3.743912936167041,-1.927690693250124,1.8576350854675163,-0.5366318479164844,4.304831568843993,-1.5164462788302222,1.6371362838770187
95.0,17.0,166.058837890625,-0.2039233897476039,1.7119191945772787,-3.208216387087574,-3.7484460311474073,-2.4351513774424074,1.8743019969390755,0.4345081690401881,4.8456876841897865,-1.4951093749486868,1.6534879101006426
95.0,17.0,166.4085693359375,0.0794458796246684,1.0652439560174565,-3.2505913583299617,-3.7485553781347374,-2.003352945239849,1.3404081188300665,-0.5365430530412514,4.776082469182311,-1.4939101350694728,1.63904367502806
95.0,17.0,166.902587890625,-0.2039233897476039,1.7191422111644716,-3.2048886650862443,-3.7484460311474073,-2.4351513774424074,1.8749230353567656,0.4345081690401881,4.761335854304563,-1.4954807758773747,1.6534879101006426
95.0,17.0,167.50469970703125,0.0794301479722097,1.0303523729518482,-3.250306327906713,-3.748405423431603,-2.484972192226511,1.858637065093797,0.4345081690401881,4.038488999739171,-1.4951093749486868,1.6384451847691892
95.0,17.0,167.6778106689453,0.0654977419334174,1.2784461081711536,-3.281655044831337,-3.745634146586144,-1.9341121147787264,1.8672436202750773,-0.5254711497222513,4.798462993107185,0.014579873947347,1.6321848260276446
95.0,17.0,167.8409423828125,0.065292011186468,1.0947835008170963,-3.281508830347012,-3.742587904349151,-1.9351692532858007,1.8307709538593733,-0.5272984127410394,4.797646786403566,-1.4999369347766445,1.6351183566551613
95.0,17.0,167.8409423828125,0.065292011186468,1.0947835008170963,-3.281508830347012,-3.742587904349151,-1.9351692532858007,1.8307709538593733,-0.5272984127410394,4.797646786403566,-1.4999369347766445,1.6351183566551613
95.0,17.0,167.8910369873047,-0.1729260900059714,1.0746067083140178,-3.2499117900150982,-3.7483074869557673,-1.992323982601065,1.825874840395587,-0.5366830541886903,3.968433902069333,-1.4959295276277422,1.636876742519131
95.0,17.0,168.13153076171875,0.06508770545703,1.0900461160709267,-3.281518099140809,-3.746620343486665,-1.935149335151341,1.8326972548879448,-0.5235368832302741,4.797646786403566,-1.5063440853222838,1.6343656004560336
95.0,17.0,168.21075439453125,0.065292011186468,1.092489705992577,-3.2933693349141047,-3.74632458718516,-2.0039491425404488,1.8672877953717648,-0.5272984127410394,4.787447070995393,-1.5061570690198436,1.6369518477240432
95.0,17.0,168.2122039794922,0.065292011186468,1.0905380585396836,-3.281508830347012,-3.742587904349151,-1.935149335151341,1.82975889316193,-0.5272984127410394,4.797646786403566,-1.5063440853222838,1.6350311467539385
95.0,17.0,168.5528106689453,0.0794301479722097,0.6528572014691321,-3.2503124248240574,-3.746246388156697,-1.929676193496016,1.3371338895259113,0.4345081690401881,4.855124213832887,-1.4950868619757052,1.639406731831644
95.0,17.0,168.98097229003906,0.0794301479722097,-0.2552356747779143,-3.2513507442495504,-3.7484731590645146,-1.9336149726019345,1.3387201401852458,0.4345164615181885,3.9796925566676977,-1.212544266543885,1.6517570387780005
95.0,17.0,168.99517822265625,0.065292011186468,1.0905380585396836,-3.281508830347012,-3.742587904349151,-1.935149335151341,1.8307709538593733,-0.5272984127410394,4.797646786403566,-1.5150565249195431,1.6351183566551613
95.0,17.0,169.14308166503906,0.0655488927643715,1.0790048965568808,-3.2505913583299617,-3.746325428332772,-2.0038170872018286,1.864048685832932,-0.527200061679,4.876715231353725,-1.4961390691658734,1.63904367502806
95.0,17.0,169.36422729492188,0.0795590197875628,1.0732305912645088,-3.2502994490595203,-3.748509647868968,-1.9302226008259324,1.3169594024538267,0.4345081690401881,3.6439301340750223,-1.4950868619757052,1.654321885671617
95.0,17.0,169.3839569091797,0.0636149218470375,1.268146809231482,-3.250295136461152,-3.748509647868968,-1.9738363791514348,1.3169874344805563,-0.0466050268329303,3.9796925566676977,-1.495102881496865,1.6534964454528982
95.0,17.0,169.66604614257812,0.0794301479722097,1.0687038816056722,-3.250751665766236,-3.746418359711044,-1.9277716059145609,1.3387201401852458,0.4345081690401881,4.88692496568193,-1.4999848075119837,1.6391477640469836
95.0,17.0,170.42282104492188,0.0794301479722097,1.2733396169307916,-3.250295136461152,-3.748509647868968,-1.9277915073056835,1.3387201401852458,0.4345081690401881,3.9697949425197576,-1.495102943627744,1.6532508027480153
95.0,17.0,170.42282104492188,0.0794301479722097,1.2733396169307916,-3.250295136461152,-3.748509647868968,-1.9277915073056835,1.3387201401852458,0.4345081690401881,3.9697949425197576,-1.495102943627744,1.6532508027480153
95.0,17.0,170.6937255859375,-0.1775718399234979,1.0749910544535362,-3.251326118161696,-3.748458448607414,-1.992323982601065,1.825874840395587,-0.5366830541886903,4.8195343786582985,-1.4959295276277422,1.6536510967329665
95.0,17.0,170.7329864501953,0.0794301479722097,1.2768137060651408,-3.2502994490595203,-3.748509647868968,-1.9302226008259324,1.3387201401852458,0.4345081690401881,3.9796925566676977,-1.4950868619757052,1.654321885671617
95.0,18.0,152.98143005371094,0.0655452949392259,0.948355982832523,-3.2489376701129924,-3.748509647868968,-1.934855369055965,1.3341006968033178,-0.5365611361128232,3.9796925566676977,-1.4950868619757052,1.653636382243313
95.0,18.0,152.98143005371094,0.0655452949392259,0.948355982832523,-3.2489376701129924,-3.748509647868968,-1.934855369055965,1.3341006968033178,-0.5365611361128232,3.9796925566676977,-1.4950868619757052,1.653636382243313
95.0,18.0,156.56785583496094,0.0522249731899117,0.9309300740071168,-3.270113298931806,-3.744092523708957,-1.930138497054892,1.8576350854675163,-0.528227009447051,4.371971576902758,-1.0814494913259696,1.6371362838770187
95.0,18.0,158.31964111328125,0.0794301479722097,1.7285574992087065,-3.2480431049328864,-3.746443031948503,-1.883793700589397,1.3387201401852458,0.4345081690401881,4.786801988251925,-1.495102881496865,1.6528747150042116
95.0,18.0,158.46270751953125,0.0794301479722097,1.0645222861095445,-3.250295136461152,-3.742517465472762,-1.9336145153735005,1.3387201401852458,0.4123702290632938,3.9796925566676977,-1.495102881496865,1.6534964454528982
95.0,18.0,159.10284423828125,0.0795263314667254,1.0790799605362875,-3.404394802100809,-3.748503874744689,-1.935303495319788,1.3430003196698683,0.4179750957335306,3.962610289702032,-1.4951023610210474,1.6534964454528982
95.0,18.0,159.73678588867188,0.0795263314667254,1.0789941515048178,-3.250598903601555,-3.748503874744689,-1.9349713718503232,1.3430003196698683,0.4179750957335306,3.967559662007211,-1.495102881496865,1.6534964454528982
95.0,18.0,159.73678588867188,0.0795263314667254,1.0789941515048178,-3.250598903601555,-3.748503874744689,-1.9349713718503232,1.3430003196698683,0.4179750957335306,3.967559662007211,-1.495102881496865,1.6534964454528982
95.0,18.0,159.73733520507812,0.0795263314667254,1.079212556982999,-3.250598903601555,-3.748503874744689,-1.9349713718503232,1.3387201401852458,0.4179750957335306,3.963897069973501,-1.495102881496865,1.6534964454528982
95.0,18.0,160.4683837890625,0.0652835065356412,1.069838339988027,-3.281864098357726,-3.722541490626284,-1.9742826520471235,1.316804362189424,0.3885481202682558,4.0154462778872695,-1.499863468351713,1.6534964454528982
95.0,18.0,161.48892211914062,0.0794301479722097,1.0645222861095445,-3.250295136461152,-3.748503874744689,-1.9336145153735005,1.3387201401852458,0.4345081690401881,3.9796925566676977,-1.495102881496865,1.6534964454528982
95.0,18.0,161.48892211914062,0.0794301479722097,1.0645222861095445,-3.250295136461152,-3.748503874744689,-1.9336145153735005,1.3387201401852458,0.4345081690401881,3.9796925566676977,-1.495102881496865,1.6534964454528982
95.0,18.0,162.03074645996094,0.0516546293424763,0.9159743179634448,-3.273441020933136,-3.746530418291599,-1.8149301038815504,1.8570140470498264,-0.5281778328756332,4.376384934902802,-1.515589053019644,1.6371362838770187
95.0,18.0,162.12860107421875,0.0786863079801389,1.704761237410038,-3.2480431049328864,-3.746448837098903,-1.883793700589397,1.3387201401852458,0.4345081690401881,4.786801988251925,-1.47125338744287,1.6375046822971335
95.0,18.0,162.26043701171875,0.0648987063206501,1.069838339988027,-3.280883243430605,-3.748589251061927,-1.927558898024164,1.317414169895796,0.4345081690401881,4.0012638663320566,-1.4997187364818607,1.6543296711376378
95.0,18.0,162.28758239746094,0.0516546293424763,0.9233977025982504,-3.270113298931806,-3.7440193148085794,-1.8149301038815504,1.8576350854675163,-0.5281792315106897,4.371971576902758,-1.5164462788302222,1.6371362838770187
95.0,18.0,162.28758239746094,0.0516546293424763,0.9233977025982504,-3.270113298931806,-3.7440193148085794,-1.8149301038815504,1.8576350854675163,-0.5281792315106897,4.371971576902758,-1.5164462788302222,1.6371362838770187
95.0,18.0,162.2904815673828,0.025766239583083,1.0905380585396836,-3.281508830347012,-3.742780480229134,-1.9335936758004464,1.8555852241927504,-0.522025856733925,4.797646786403566,-1.494120745402616,1.6532483270746223
95.0,18.0,162.48487854003906,0.0652835065356412,1.069838339988027,-3.248035135519556,-3.746352958974507,-1.9742826520471235,1.316805427794936,0.3885481202682558,4.0154462778872695,-1.5062783239038584,1.6534964454528982
95.0,18.0,162.61834716796875,0.065292011186468,1.0948566282878005,-3.2933693349141047,-3.74632458718516,-1.9229013333729807,1.8672877953717648,-0.5272984127410394,4.421400762695294,-1.4723999417103435,1.636959262942464
95.0,18.0,162.87948608398438,0.0651728138997671,1.0791281256239929,-3.250598903601555,-3.747934516386455,-1.9349713718503232,1.3387201401852458,0.4179750957335306,4.005473734165741,-1.506706687419521,1.636367240533185
95.0,18.0,162.8895721435547,0.0648987063206501,1.069838339988027,-3.280883243430605,-3.742192394792788,-1.927558898024164,1.317414169895796,0.4352770521176289,4.009077378283472,-1.4997187364818607,1.6543296711376378
95.0,18.0,162.94700622558594,0.0794301479722097,1.0687038816056722,-3.280352746898941,-3.7602765788451658,-1.9277915073056835,1.3387201401852458,0.4345081690401881,3.9697949425197576,-1.4999848075119837,1.6366865696612676
95.0,18.0,163.01617431640625,0.0794301479722097,1.069293903656202,-3.2501971712001647,-3.745399190312432,-1.927477657596702,1.337108997701855,0.4345081690401881,3.9520698523877824,-1.5002917093223551,1.6366865696612676
95.0,18.0,163.1159210205078,0.0649135950086908,1.0700187094949911,-3.28091490118258,-3.748424276597884,-1.927540954872376,1.8671727461349503,-0.5272984127410394,4.021565215260692,-1.5061924859485043,1.6357955425083932
95.0,18.0,163.23574829101562,0.065292011186468,1.0737008139141884,-3.281953302068416,-3.746352785142772,-1.9350693272647463,1.8671727461349503,-0.5272984127410394,4.021645222737635,-1.5061924859485043,1.6357955425083932
95.0,18.0,163.61981201171875,0.0516546293424763,0.9161746860110572,-3.273441020933136,-3.7440193148085794,-1.8149301038815504,1.8570140470498264,-0.5281792315106897,4.456321850354523,-1.516074877901534,1.6371362838770187
95.0,18.0,163.77383422851562,0.0652980715548476,1.069838339988027,-3.250295136461152,-3.7461765407538015,-1.9033740947264963,1.3291167410748104,0.4292356130330736,4.0012638663320566,-1.5071392051140926,1.637199966102319
95.0,18.0,163.77865600585938,0.0655506097580732,1.6774472548804282,-3.281508830347012,-3.742587904349151,-1.935149335151341,1.827791514607519,0.4181861382193744,4.7979844571425,-1.5063440853222838,1.6350565647145736
95.0,18.0,163.97900390625,0.0648987063206501,1.069838339988027,-3.250295136461152,-3.746369116633786,-1.9742826520471235,1.317414169895796,0.4345081690401881,4.0012638663320566,-1.495102881496865,1.6534964454528982
95.0,18.0,164.11453247070312,0.0655506097580732,1.6774472548804282,-3.281508830347012,-3.74898476061829,-1.935149335151341,1.827791514607519,0.4174172551419335,4.790153714121905,-1.5063440853222838,1.6350565647145736
95.0,18.0,164.17413330078125,0.0651728138997671,0.919823685143157,-3.250887110814584,-3.747934516386455,-1.9349713718503232,1.3387201401852458,0.453444980432883,4.032706673538478,-1.506706687419521,1.6371334183270347
95.0,18.0,164.2144775390625,0.0648987063206501,1.069838339988027,-3.280883243430605,-3.7603922403106944,-1.9742826520471235,1.317414169895796,0.4345081690401881,4.0012638663320566,-1.4997187364818607,1.6534964454528982
95.0,18.0,164.63587951660156,0.0794301479722097,1.6943875860510105,-3.248054296378448,-3.7463445806354176,-2.4351513774424074,1.858637065093797,0.4345081690401881,4.8456876841897865,-1.4951093749486868,1.6378234543205026
95.0,18.0,164.6583251953125,0.0516546293424763,1.082702143079086,-3.269825091718777,-3.7440193148085794,-1.8149301038815504,1.8576350854675163,-0.5636491162100421,4.344738637529797,-1.1366879492975543,1.6363701060831692
95.0,18.0,164.78717041015625,0.0650637648522177,1.68445120508988,-3.249553306089515,-3.738510019180053,-1.9366269859212644,1.870050911058738,-0.5389046979088898,4.820946399909448,-1.8365992701182203,1.637114998360232
95.0,18.0,164.8514404296875,0.065292011186468,1.0905402062596825,-3.281508830347012,-3.742587904349151,-1.9337808111385724,1.8699334807777848,-0.5366390941073621,4.792314548040632,-1.5061570690198436,1.637122723292456
95.0,18.0,164.88156127929688,0.065292011186468,1.0905380585396836,-3.281508830347012,-3.742587904349151,-1.9335936758004464,1.8672877953717648,-0.5366390941073621,4.792314548040632,-1.5061570690198436,1.6369518477240432
95.0,18.0,164.924072265625,0.06506281109584,1.6751233280522904,-3.249549075366046,-3.7462641406953368,-1.9366670841575435,1.341637366203576,-0.5370220243143227,4.820946399909448,-1.8365992701182203,1.637114998360232
95.0,18.0,164.93309020996094,0.065292011186468,1.0905380585396836,-3.281508830347012,-3.742587904349151,-1.9335936758004464,1.8672877953717648,-0.5272984127410394,4.797646786403566,-1.5061570690198436,1.6369518477240432
95.0,18.0,165.04441833496094,0.0794301479722097,1.6943875860510105,-3.248119302885405,-3.7463445806354176,-2.4351513774424074,1.858637065093797,0.4345081690401881,4.777185393444146,-1.4951093749486868,1.6378234543205026
95.0,18.0,165.08680725097656,0.1137782749153434,0.9312644868211376,-3.269088659309886,-3.743912936167041,-1.927690693250124,1.3198430095478035,-0.5288691850907037,4.304831568843993,-1.5164462788302222,1.636388544852738
95.0,18.0,165.08680725097656,0.1137782749153434,0.9312644868211376,-3.269088659309886,-3.743912936167041,-1.927690693250124,1.3198430095478035,-0.5288691850907037,4.304831568843993,-1.5164462788302222,1.636388544852738
95.0,18.0,165.11717224121094,0.065292011186468,1.0905104564660504,-3.281953302068416,-3.746352785142772,-1.935149335151341,1.8671727461349503,-0.5272984127410394,4.797222668224568,-1.5061924859485043,1.636918073066102
95.0,18.0,165.35848999023438,0.0747843980546832,1.0690882277451903,-3.2817670750455394,-3.760427540496813,-1.9277915073056835,1.3387201401852458,0.4345081690401881,4.8208444185243815,-1.4999848075119837,1.653460923875103
95.0,18.0,165.35848999023438,0.0747843980546832,1.0690882277451903,-3.2817670750455394,-3.760427540496813,-1.9277915073056835,1.3387201401852458,0.4345081690401881,4.8208444185243815,-1.4999848075119837,1.653460923875103
95.0,18.0,165.44285583496094,0.065292011186468,1.095056996335413,-3.2933693349141047,-3.743813483702141,-1.9229013333729807,1.8672877953717648,-0.5272998113760958,4.459494511222991,-1.472885766592234,1.636959262942464
95.0,18.0,165.49160766601562,-0.2039233897476039,1.7187709492775038,-3.247862740867685,-3.7484460311474073,-2.434276122772376,1.8749230353567656,0.4345081690401881,4.761335854304563,-1.4954951947060484,1.6528958529516884
95.0,18.0,165.56948852539062,0.0650637648522177,1.6751233280522904,-3.249549075366046,-3.738510019180053,-1.9366670841575435,1.870050911058738,-0.5386791915738707,4.820946399909448,-1.8365992701182203,1.637114998360232
95.0,18.0,165.77005004882812,0.065292011186468,1.0905402062596825,-3.281508830347012,-3.748574313621077,-1.9337808111385724,1.8699334807777848,-0.5145011541304678,4.792314548040632,-1.5061570690198436,1.637122723292456
95.0,19.0,149.8079833984375,0.078930511880752,1.7290189585219278,-3.2489376701129924,-3.746449249109472,-1.934855369055965,1.3386880288668483,-0.5365611361128232,3.9796925566676977,-1.4950862390857294,1.6528977283063382
95.0,19.0,151.19126892089844,0.0655452949392259,0.948355982832523,-3.2839241304643627,-3.720578431687216,-1.934855369055965,1.338317702783033,-0.5369078437413514,3.9796925566676977,-1.4951180857076845,1.653245525529728
95.0,19.0,152.1541290283203,0.0795263314667254,1.8596971664715087,-3.250598903601555,-3.748503874744689,-1.935253425274462,1.3391778812687352,0.4179750957335306,3.9527177625512286,-1.495102881496865,1.6528553673224629
95.0,19.0,152.77386474609375,0.0648679262971386,0.9467965941117418,-3.252805152177248,-3.748509647868968,-1.934855369055965,1.3353239596166924,-0.5365611361128232,3.977911073310923,-1.4950868619757052,1.6536242119559643
95.0,19.0,152.91259765625,0.0794301479722097,1.687786644911067,-3.250295136461152,-3.742517465472762,-1.933491061540649,1.3387201401852458,0.4123702290632938,3.9796925566676977,-1.4963554163210169,1.6534964454528982
95.0,19.0,152.98143005371094,0.0655452949392259,0.948355982832523,-3.2489376701129924,-3.748509647868968,-1.934855369055965,1.3341006968033178,-0.5365611361128232,3.9796925566676977,-1.4950868619757052,1.653636382243313
95.0,19.0,152.98143005371094,0.0655452949392259,0.948355982832523,-3.2489376701129924,-3.748509647868968,-1.934855369055965,1.3341006968033178,-0.5365611361128232,3.9796925566676977,-1.4950868619757052,1.653636382243313
95.0,19.0,156.56785583496094,0.0522249731899117,0.9309300740071168,-3.270113298931806,-3.744092523708957,-1.930138497054892,1.8576350854675163,-0.528227009447051,4.371971576902758,-1.0814494913259696,1.6371362838770187
95.0,19.0,157.4672393798828,0.0544337838138955,0.9309300740071168,-3.281441289514963,-3.744038532211397,-1.930199122596496,1.8576350854675163,-0.5274528980822937,4.371971576902758,-1.5166809761044693,1.6371362838770187
95.0,19.0,158.2960968017578,0.0652052725295288,1.069670623765121,-3.404394802100809,-3.748201472230136,-1.935303495319788,1.3430003196698683,0.4179750957335306,3.9638682551685074,-1.4951023610210474,1.6534964454528982
95.0,19.0,158.31964111328125,0.0794301479722097,1.7285574992087065,-3.2480431049328864,-3.746443031948503,-1.883793700589397,1.3387201401852458,0.4345081690401881,4.786801988251925,-1.495102881496865,1.6528747150042116
95.0,19.0,158.46270751953125,0.0794301479722097,1.0645222861095445,-3.250295136461152,-3.742517465472762,-1.9336145153735005,1.3387201401852458,0.4123702290632938,3.9796925566676977,-1.495102881496865,1.6534964454528982
95.0,19.0,158.52587890625,0.0795263314667254,1.6427454967364223,-3.250598903601555,-3.748503874744689,-1.9349713718503232,1.3430003196698683,0.4179750957335306,3.994019973962513,-1.495102881496865,1.6534964454528982
95.0,19.0,158.97425842285156,0.0652835065356412,0.9254691851369966,-3.2700512778357647,-3.746352958974507,-0.7872654918559927,1.352533729774676,0.3885481202682558,4.0154462778872695,-1.5062783239038584,1.6534964454528982
95.0,19.0,159.08331298828125,0.0786863079801389,1.704761237410038,-3.247862235330841,-2.3924977175888387,-1.8834637320096352,1.3387201401852458,-0.5313029186905509,4.436825920457407,-1.47125338744287,1.6375046822971335
95.0,19.0,159.10284423828125,0.0795263314667254,1.0790799605362875,-3.404394802100809,-3.748503874744689,-1.935303495319788,1.3430003196698683,0.4179750957335306,3.962610289702032,-1.4951023610210474,1.6534964454528982
95.0,19.0,159.1136474609375,0.0794301479722097,1.0645222861095445,-3.250295136461152,-3.742517465472762,-1.9336145153735005,1.3387201401852458,0.4123702290632938,3.9796925566676977,-1.5073215691945625,1.6534964454528982
95.0,19.0,159.73678588867188,0.0795263314667254,1.0789941515048178,-3.250598903601555,-3.748503874744689,-1.9349713718503232,1.3430003196698683,0.4179750957335306,3.967559662007211,-1.495102881496865,1.6534964454528982
95.0,19.0,159.73678588867188,0.0795263314667254,1.0789941515048178,-3.250598903601555,-3.748503874744689,-1.9349713718503232,1.3430003196698683,0.4179750957335306,3.967559662007211,-1.495102881496865,1.6534964454528982
95.0,19.0,159.73733520507812,0.0795263314667254,1.079212556982999,-3.250598903601555,-3.748503874744689,-1.9349713718503232,1.3387201401852458,0.4179750957335306,3.963897069973501,-1.495102881496865,1.6534964454528982
95.0,19.0,160.4683837890625,0.0652835065356412,1.069838339988027,-3.281864098357726,-3.722541490626284,-1.9742826520471235,1.316804362189424,0.3885481202682558,4.0154462778872695,-1.499863468351713,1.6534964454528982
95.0,19.0,160.5250701904297,0.0794301479722097,1.7120061025221815,-3.4600897657820298,-3.746443031948503,-1.883511647165258,1.3425425785863792,0.4345081690401881,4.80160271762295,-1.495102881496865,1.653515793134647
95.0,19.0,160.52960205078125,0.1344360604342965,0.923290036105504,-3.270113298931806,-3.744085941921084,-1.930138497054892,1.8576350854675163,-0.528227009447051,4.371971576902758,-1.512042735973141,1.6371362838770187
95.0,19.0,160.57427978515625,0.065286072465459,1.069838339988027,-3.2796235463527337,-3.722541490626284,-1.976559116690179,1.316804362189424,0.3885481202682558,4.014606661501574,-1.499833902199914,1.6535098731837363
95.0,19.0,160.8508758544922,0.0549662352913841,0.9159743179634448,-3.273690531773517,-3.748511765104512,-1.8149301038815504,1.358295283965982,-0.5723252878555881,3.979183570099296,-1.516369377714481,1.6371362838770187
95.0,19.0,161.20172119140625,0.1002446280445617,0.9161746860110572,-3.2504512407905586,-3.744048918410218,-1.354449784659073,1.8570140470498264,-0.5281792315106897,4.819877510735833,-1.5059962621989125,1.6371362838770187
95.0,19.0,161.44284057617188,0.0651728138997671,1.0791281256239929,-3.250598903601555,-3.747934516386455,-1.9349713718503232,1.3387201401852458,-0.0553073522593559,4.005473734165741,-1.4944879997218232,1.636367240533185
95.0,19.0,161.44625854492188,0.0660449310306835,0.9478945235193011,-3.2480431049328864,-3.7485034307080007,-1.883793700589397,1.3341328081217152,0.4345081690401881,4.786801988251925,-1.4951035043868408,1.6536133689411865
95.0,19.0,161.48892211914062,0.0794301479722097,1.0645222861095445,-3.250295136461152,-3.748503874744689,-1.9336145153735005,1.3387201401852458,0.4345081690401881,3.9796925566676977,-1.495102881496865,1.6534964454528982
95.0,19.0,161.48892211914062,0.0794301479722097,1.0645222861095445,-3.250295136461152,-3.748503874744689,-1.9336145153735005,1.3387201401852458,0.4345081690401881,3.9796925566676977,-1.495102881496865,1.6534964454528982
95.0,19.0,162.03074645996094,0.0516546293424763,0.9159743179634448,-3.273441020933136,-3.746530418291599,-1.8149301038815504,1.8570140470498264,-0.5281778328756332,4.376384934902802,-1.515589053019644,1.6371362838770187
95.0,19.0,162.12860107421875,0.0786863079801389,1.704761237410038,-3.2480431049328864,-3.746448837098903,-1.883793700589397,1.3387201401852458,0.4345081690401881,4.786801988251925,-1.47125338744287,1.6375046822971335
95.0,19.0,162.26043701171875,0.0648987063206501,1.069838339988027,-3.280883243430605,-3.748589251061927,-1.927558898024164,1.317414169895796,0.4345081690401881,4.0012638663320566,-1.4997187364818607,1.6543296711376378
95.0,19.0,162.28758239746094,0.0516546293424763,0.9233977025982504,-3.270113298931806,-3.7440193148085794,-1.8149301038815504,1.8576350854675163,-0.5281792315106897,4.371971576902758,-1.5164462788302222,1.6371362838770187
95.0,19.0,162.28758239746094,0.0516546293424763,0.9233977025982504,-3.270113298931806,-3.7440193148085794,-1.8149301038815504,1.8576350854675163,-0.5281792315106897,4.371971576902758,-1.5164462788302222,1.6371362838770187
95.0,19.0,162.2904815673828,0.025766239583083,1.0905380585396836,-3.281508830347012,-3.742780480229134,-1.9335936758004464,1.8555852241927504,-0.522025856733925,4.797646786403566,-1.494120745402616,1.6532483270746223
95.0,19.0,162.3810577392578,0.0648986296635519,1.0698353399759029,-3.281209447949674,-3.7484328644370986,-1.927540954872376,1.3215840953334466,-0.5272984127410394,4.021565215260692,-1.5061924859485043,1.6355324658007218
95.0,19.0,162.48487854003906,0.0652835065356412,1.069838339988027,-3.248035135519556,-3.746352958974507,-1.9742826520471235,1.316805427794936,0.3885481202682558,4.0154462778872695,-1.5062783239038584,1.6534964454528982
95.0,19.0,162.52195739746094,0.0655760749627375,1.0713977287088083,-3.277015761366349,-3.748589251061927,-1.927558898024164,1.3161909070824216,0.4345081690401881,4.003045349688831,-1.4997187364818607,1.6543418414249864
95.0,19.0,162.53823852539062,0.0652835065356412,1.0734376134544066,-3.249188876085888,-3.746352958974507,-1.937711722260505,0.8264274655753301,0.3885481202682558,4.0216520895735,-1.5062783239038584,1.6534964454528982
95.0,19.0,162.61834716796875,0.065292011186468,1.0948566282878005,-3.2933693349141047,-3.74632458718516,-1.9229013333729807,1.8672877953717648,-0.5272984127410394,4.421400762695294,-1.4723999417103435,1.636959262942464
95.0,19.0,162.87948608398438,0.0651728138997671,1.0791281256239929,-3.250598903601555,-3.747934516386455,-1.9349713718503232,1.3387201401852458,0.4179750957335306,4.005473734165741,-1.506706687419521,1.636367240533185
95.0,19.0,162.8895721435547,0.0648987063206501,1.069838339988027,-3.280883243430605,-3.742192394792788,-1.927558898024164,1.317414169895796,0.4352770521176289,4.009077378283472,-1.4997187364818607,1.6543296711376378
95.0,19.0,162.94700622558594,0.0794301479722097,1.0687038816056722,-3.280352746898941,-3.7602765788451658,-1.9277915073056835,1.3387201401852458,0.4345081690401881,3.9697949425197576,-1.4999848075119837,1.6366865696612676
95.0,19.0,163.01617431640625,0.0794301479722097,1.069293903656202,-3.2501971712001647,-3.745399190312432,-1.927477657596702,1.337108997701855,0.4345081690401881,3.9520698523877824,-1.5002917093223551,1.6366865696612676
95.0,19.0,163.1159210205078,0.0649135950086908,1.0700187094949911,-3.28091490118258,-3.748424276597884,-1.927540954872376,1.8671727461349503,-0.5272984127410394,4.021565215260692,-1.5061924859485043,1.6357955425083932
95.0,19.0,163.23574829101562,0.065292011186468,1.0737008139141884,-3.281953302068416,-3.746352785142772,-1.9350693272647463,1.8671727461349503,-0.5272984127410394,4.021645222737635,-1.5061924859485043,1.6357955425083932
95.0,19.0,163.23574829101562,0.065292011186468,1.0737008139141884,-3.281953302068416,-3.746352785142772,-1.9350693272647463,1.8671727461349503,-0.5272984127410394,4.021645222737635,-1.5061924859485043,1.6357955425083932
95.0,19.0,163.61981201171875,0.0516546293424763,0.9161746860110572,-3.273441020933136,-3.7440193148085794,-1.8149301038815504,1.8570140470498264,-0.5281792315106897,4.456321850354523,-1.516074877901534,1.6371362838770187
95.0,19.0,163.77383422851562,0.0652980715548476,1.069838339988027,-3.250295136461152,-3.7461765407538015,-1.9033740947264963,1.3291167410748104,0.4292356130330736,4.0012638663320566,-1.5071392051140926,1.637199966102319
95.0,20.0,149.8079833984375,0.078930511880752,1.7290189585219278,-3.2489376701129924,-3.746449249109472,-1.934855369055965,1.3386880288668483,-0.5365611361128232,3.9796925566676977,-1.4950862390857294,1.6528977283063382
95.0,20.0,149.8079833984375,0.078930511880752,1.7290189585219278,-3.2489376701129924,-3.746449249109472,-1.934855369055965,1.3386880288668483,-0.5365611361128232,3.9796925566676977,-1.4950862390857294,1.6528977283063382
95.0,20.0,151.19126892089844,0.0655452949392259,0.948355982832523,-3.2839241304643627,-3.720578431687216,-1.934855369055965,1.338317702783033,-0.5369078437413514,3.9796925566676977,-1.4951180857076845,1.653245525529728
95.0,20.0,151.19126892089844,0.0655452949392259,0.948355982832523,-3.2839241304643627,-3.720578431687216,-1.934855369055965,1.338317702783033,-0.5369078437413514,3.9796925566676977,-1.4951180857076845,1.653245525529728
95.0,20.0,151.5414581298828,0.0786215280667728,1.7363510381574616,-3.2796235463527337,-3.7048934158934856,-1.976559116690179,1.316804362189424,-0.5387812547389645,4.014606661501574,-1.499833902199914,1.6535098731837363
95.0,20.0,152.1541290283203,0.0795263314667254,1.8596971664715087,-3.250598903601555,-3.748503874744689,-1.935253425274462,1.3391778812687352,0.4179750957335306,3.9527177625512286,-1.495102881496865,1.6528553673224629
95.0,20.0,152.77386474609375,0.0648679262971386,0.9467965941117418,-3.252805152177248,-3.748509647868968,-1.934855369055965,1.3353239596166924,-0.5365611361128232,3.977911073310923,-1.4950868619757052,1.6536242119559643
95.0,20.0,152.91259765625,0.0794301479722097,1.687786644911067,-3.250295136461152,-3.742517465472762,-1.933491061540649,1.3387201401852458,0.4123702290632938,3.9796925566676977,-1.4963554163210169,1.6534964454528982
95.0,20.0,152.98143005371094,0.0655452949392259,0.948355982832523,-3.2489376701129924,-3.748509647868968,-1.934855369055965,1.3341006968033178,-0.5365611361128232,3.9796925566676977,-1.4950868619757052,1.653636382243313
95.0,20.0,152.98143005371094,0.0655452949392259,0.948355982832523,-3.2489376701129924,-3.748509647868968,-1.934855369055965,1.3341006968033178,-0.5365611361128232,3.9796925566676977,-1.4950868619757052,1.653636382243313
95.0,20.0,153.16970825195312,0.0795906833983499,1.687786644911067,-3.2488937530966275,-3.742517465472762,-1.933491061540649,1.3232861618792584,0.4123702290632938,3.9796925566676977,-1.4963554163210169,1.6534964454528982
95.0,20.0,153.83534240722656,0.0792731585923547,1.8450388502969013,-3.250598903601555,-3.744007983580827,-1.9304281247100787,1.856675678178707,0.4179750957335306,4.405506776435405,-1.4929559278849418,1.6528553673224629
95.0,20.0,153.9495391845703,0.0655452949392259,1.7449937716719168,-3.2489376701129924,-3.748509647868968,-1.934855369055965,0.334930697637861,-0.5365611361128232,3.9796925566676977,-1.4950868619757052,1.653636382243313
95.0,20.0,154.0655975341797,0.0795263314667254,1.823615933761085,-3.249186055823948,-3.748503874744689,-1.935253425274462,1.3585416411084723,0.4179750957335306,4.024016770749386,-1.4942900441930167,1.653508385760908
95.0,20.0,154.41615295410156,0.0796837081232636,0.9467965941117418,-3.252805152177248,-3.742343549440077,-1.933707260692131,1.2951431379673584,-0.5365611361128232,3.977911073310923,-1.4950868619757052,1.653625082076986
95.0,20.0,154.72811889648438,0.0655452949392259,0.948355982832523,-3.2489376701129924,-3.572891870246216,-1.9349716488175963,1.3341006968033178,-0.5365611361128232,3.968034534930649,-1.4951029649936316,1.653636382243313
95.0,20.0,156.01319885253906,0.0794301479722097,0.7374250037365369,-3.2526952844923867,-3.622635273252693,-1.8755648498861293,1.33517252144585,0.4123702290632938,3.9796925566676977,-1.4950325938782347,1.6534964454528982
95.0,20.0,156.56785583496094,0.0522249731899117,0.9309300740071168,-3.270113298931806,-3.744092523708957,-1.930138497054892,1.8576350854675163,-0.528227009447051,4.371971576902758,-1.0814494913259696,1.6371362838770187
95.0,20.0,157.41726684570312,0.0652052725295288,1.069670623765121,-3.404394802100809,-3.748201472230136,-1.935303495319788,1.3384066810885549,-0.5260525330600583,3.980668081827937,-1.4951023610210474,1.6532475331119656
95.0,20.0,157.4672393798828,0.0544337838138955,0.9309300740071168,-3.281441289514963,-3.744038532211397,-1.930199122596496,1.8576350854675163,-0.5274528980822937,4.371971576902758,-1.5166809761044693,1.6371362838770187
95.0,20.0,157.4672393798828,0.0544337838138955,0.9309300740071168,-3.281441289514963,-3.744038532211397,-1.930199122596496,1.8576350854675163,-0.5274528980822937,4.371971576902758,-1.5166809761044693,1.6371362838770187
95.0,20.0,158.2960968017578,0.0652052725295288,1.069670623765121,-3.404394802100809,-3.748201472230136,-1.935303495319788,1.3430003196698683,0.4179750957335306,3.9638682551685074,-1.4951023610210474,1.6534964454528982
95.0,20.0,158.31561279296875,0.0516546293424763,0.9233977025982504,-3.270113298931806,-3.7440193148085794,-2.4846047391193906,1.8576350854675163,-0.5281792315106897,4.371971576902758,-1.5164462788302222,1.6371362838770187
95.0,20.0,158.31964111328125,0.0794301479722097,1.7285574992087065,-3.2480431049328864,-3.746443031948503,-1.883793700589397,1.3387201401852458,0.4345081690401881,4.786801988251925,-1.495102881496865,1.6528747150042116
95.0,20.0,158.46270751953125,0.0794301479722097,1.0645222861095445,-3.250295136461152,-3.742517465472762,-1.9336145153735005,1.3387201401852458,0.4123702290632938,3.9796925566676977,-1.495102881496865,1.6534964454528982
95.0,20.0,158.4891815185547,0.0794301479722097,1.0645222861095445,-3.250295136461152,-3.742517465472762,-1.9336145153735005,1.3387201401852458,0.4126628033441526,3.9796925566676977,-1.495102881496865,1.6534964454528982
95.0,20.0,158.5089874267578,0.0652052725295288,1.069670623765121,-3.2751589210189964,-3.748448409255492,-1.935303495319788,1.3430003196698683,0.4179750957335306,3.9620098241785073,-1.4951023610210474,1.6534684656451917
95.0,20.0,158.52587890625,0.0795263314667254,1.6427454967364223,-3.250598903601555,-3.748503874744689,-1.9349713718503232,1.3430003196698683,0.4179750957335306,3.994019973962513,-1.495102881496865,1.6534964454528982
95.0,20.0,158.97425842285156,0.0652835065356412,0.9254691851369966,-3.2700512778357647,-3.746352958974507,-0.7872654918559927,1.352533729774676,0.3885481202682558,4.0154462778872695,-1.5062783239038584,1.6534964454528982
95.0,20.0,159.08331298828125,0.0786863079801389,1.704761237410038,-3.247862235330841,-2.3924977175888387,-1.8834637320096352,1.3387201401852458,-0.5313029186905509,4.436825920457407,-1.47125338744287,1.6375046822971335
95.0,20.0,159.10284423828125,0.0795263314667254,1.0790799605362875,-3.404394802100809,-3.748503874744689,-1.935303495319788,1.3430003196698683,0.4179750957335306,3.962610289702032,-1.4951023610210474,1.6534964454528982
95.0,20.0,159.10284423828125,0.0795263314667254,1.0790799605362875,-3.404394802100809,-3.748503874744689,-1.935303495319788,1.3430003196698683,0.4179750957335306,3.962610289702032,-1.4951023610210474,1.6534964454528982
95.0,20.0,159.1136474609375,0.0794301479722097,1.0645222861095445,-3.250295136461152,-3.742517465472762,-1.9336145153735005,1.3387201401852458,0.4123702290632938,3.9796925566676977,-1.5073215691945625,1.6534964454528982
95.0,20.0,159.3239288330078,0.0795263314667254,1.0714195699106863,-3.404394802100809,-3.748595700149488,-1.935303495319788,1.3162831390824858,0.4183625208467395,3.962834183227451,-1.4997217009791544,1.6535443152498068
95.0,20.0,159.73678588867188,0.0795263314667254,1.0789941515048178,-3.250598903601555,-3.748503874744689,-1.9349713718503232,1.3430003196698683,0.4179750957335306,3.967559662007211,-1.495102881496865,1.6534964454528982
95.0,20.0,159.73678588867188,0.0795263314667254,1.0789941515048178,-3.250598903601555,-3.748503874744689,-1.9349713718503232,1.3430003196698683,0.4179750957335306,3.967559662007211,-1.495102881496865,1.6534964454528982
95.0,20.0,159.73733520507812,0.0795263314667254,1.079212556982999,-3.250598903601555,-3.748503874744689,-1.9349713718503232,1.3387201401852458,0.4179750957335306,3.963897069973501,-1.495102881496865,1.6534964454528982
95.0,20.0,159.87315368652344,0.0794301479722097,1.7285574992087065,-3.453815675277829,-3.746443031948503,-1.3252022498466611,1.3387201401852458,0.4345081690401881,4.786840033382147,-1.495102881496865,1.6528747150042116
95.0,20.0,160.4683837890625,0.0652835065356412,1.069838339988027,-3.281864098357726,-3.722541490626284,-1.9742826520471235,1.316804362189424,0.3885481202682558,4.0154462778872695,-1.499863468351713,1.6534964454528982
95.0,20.0,160.519287109375,0.0652835065356412,0.7669490238795139,-3.2700512778357647,-3.746352958974507,-0.8489068156697755,1.352533729774676,0.3885481202682558,4.010535071728258,-1.5062783239038584,1.6534964454528982
95.0,20.0,160.5250701904297,0.0794301479722097,1.7120061025221815,-3.4600897657820298,-3.746443031948503,-1.883511647165258,1.3425425785863792,0.4345081690401881,4.80160271762295,-1.495102881496865,1.653515793134647
95.0,20.0,160.52960205078125,0.1344360604342965,0.923290036105504,-3.270113298931806,-3.744085941921084,-1.930138497054892,1.8576350854675163,-0.528227009447051,4.371971576902758,-1.512042735973141,1.6371362838770187
95.0,20.0,160.57427978515625,0.065286072465459,1.069838339988027,-3.2796235463527337,-3.722541490626284,-1.976559116690179,1.316804362189424,0.3885481202682558,4.014606661501574,-1.499833902199914,1.6535098731837363
95.0,20.0,160.8508758544922,0.0549662352913841,0.9159743179634448,-3.273690531773517,-3.748511765104512,-1.8149301038815504,1.358295283965982,-0.5723252878555881,3.979183570099296,-1.516369377714481,1.6371362838770187
95.0,20.0,161.0239715576172,0.0655452949392259,1.1147488755407244,-3.2839241304643627,-3.098212397425378,-1.934855369055965,1.3429113413643468,0.4071197850522375,3.962892730008268,-1.4951180857076845,1.0151303585773488
95.0,20.0,161.20172119140625,0.1002446280445617,0.9161746860110572,-3.2504512407905586,-3.744048918410218,-1.354449784659073,1.8570140470498264,-0.5281792315106897,4.819877510735833,-1.5059962621989125,1.6371362838770187
95.0,20.0,161.20172119140625,0.1002446280445617,0.9161746860110572,-3.2504512407905586,-3.744048918410218,-1.354449784659073,1.8570140470498264,-0.5281792315106897,4.819877510735833,-1.5059962621989125,1.6371362838770187
95.0,20.0,161.3351287841797,0.0794301479722097,1.0621614088220197,-3.250295136461152,-3.748503874744689,-1.9336145153735005,1.3387201401852458,0.4342155947593293,3.9796925566676977,-1.495102881496865,1.6534964454528982
95.0,20.0,161.44284057617188,0.0651728138997671,1.0791281256239929,-3.250598903601555,-3.747934516386455,-1.9349713718503232,1.3387201401852458,-0.0553073522593559,4.005473734165741,-1.4944879997218232,1.636367240533185
95.0,20.0,161.44625854492188,0.0660449310306835,0.9478945235193011,-3.2480431049328864,-3.7485034307080007,-1.883793700589397,1.3341328081217152,0.4345081690401881,4.786801988251925,-1.4951035043868408,1.6536133689411865
95.0,21.0,148.278564453125,0.0655452949392259,1.846204438206961,-3.2839241304643627,-3.720578431687216,-1.93489342660382,1.338317702783033,-0.5369078437413514,3.9798768324976064,-1.4951037116727093,1.653245525529728
95.0,21.0,148.49586486816406,0.0652539608271557,0.948355982832523,-3.248943338641576,-3.748509647868968,-1.9460723898367764,1.3341006968033178,-0.5365611361128232,3.977970591570723,-1.1550532360987882,1.6528663963544463
95.0,21.0,148.83023071289062,0.078930511880752,1.764650113153479,-3.2489376701129924,-3.746449249109472,-1.9349718444851336,1.338688410407172,-0.5365611361128232,3.9796925566676977,-1.4950862390857294,1.6541721283995217
95.0,21.0,149.60198974609375,0.0640177698930179,1.7610721913429614,-3.281864098357726,-3.742547917330756,-1.9742826520471235,1.3230951692683466,0.3867504134118333,3.975986827604851,-1.4996468313741032,1.6534964454528982
95.0,21.0,149.8079833984375,0.078930511880752,1.7290189585219278,-3.2489376701129924,-3.746449249109472,-1.934855369055965,1.3386880288668483,-0.5365611361128232,3.9796925566676977,-1.4950862390857294,1.6528977283063382
95.0,21.0,149.8079833984375,0.078930511880752,1.7290189585219278,-3.2489376701129924,-3.746449249109472,-1.934855369055965,1.3386880288668483,-0.5365611361128232,3.9796925566676977,-1.4950862390857294,1.6528977283063382
95.0,21.0,149.8079833984375,0.078930511880752,1.7290189585219278,-3.2489376701129924,-3.746449249109472,-1.934855369055965,1.3386880288668483,-0.5365611361128232,3.9796925566676977,-1.4950862390857294,1.6528977283063382
95.0,21.0,151.19126892089844,0.0655452949392259,0.948355982832523,-3.2839241304643627,-3.720578431687216,-1.934855369055965,1.338317702783033,-0.5369078437413514,3.9796925566676977,-1.4951180857076845,1.653245525529728
95.0,21.0,151.19126892089844,0.0655452949392259,0.948355982832523,-3.2839241304643627,-3.720578431687216,-1.934855369055965,1.338317702783033,-0.5369078437413514,3.9796925566676977,-1.4951180857076845,1.653245525529728
95.0,21.0,151.3502197265625,0.0655452949392259,1.749300244406723,-3.2489376701129924,-3.5698236531959413,-1.9349716488175963,1.3708976521258092,-0.5365611361128232,3.968034534930649,-1.4950864447073848,1.653636382243313
95.0,21.0,151.43875122070312,-0.9383216116799104,1.7290189585219278,-3.2489376701129924,-3.7482056927736256,-1.9348561055727247,1.3386880288668483,-0.5365611361128232,3.9796925566676977,-1.4950862390857294,1.6528977283063382
95.0,21.0,151.5414581298828,0.0786215280667728,1.7363510381574616,-3.2796235463527337,-3.7048934158934856,-1.976559116690179,1.316804362189424,-0.5387812547389645,4.014606661501574,-1.499833902199914,1.6535098731837363
95.0,21.0,152.1541290283203,0.0795263314667254,1.8596971664715087,-3.250598903601555,-3.748503874744689,-1.935253425274462,1.3391778812687352,0.4179750957335306,3.9527177625512286,-1.495102881496865,1.6528553673224629
95.0,21.0,152.2784881591797,0.0792731585923547,1.7616002104806872,-3.250598903601555,-3.744007983580827,-1.9303861358644847,1.859468667799696,0.4114634112368352,4.36901729291215,-1.492999634660631,1.6528553673224629
95.0,21.0,152.36679077148438,0.0655452949392259,0.948355982832523,-3.2839241304643627,-3.748563912694115,-1.934855369055965,1.338317702783033,-0.5366613243868105,3.9796925566676977,-1.4951180857076845,1.653245525529728
95.0,21.0,152.77386474609375,0.0648679262971386,0.9467965941117418,-3.252805152177248,-3.748509647868968,-1.934855369055965,1.3353239596166924,-0.5365611361128232,3.977911073310923,-1.4950868619757052,1.6536242119559643
95.0,21.0,152.7781524658203,0.0650612396294942,0.9467965941117418,-3.252803713708528,-3.7485098846485134,-1.935232517981172,1.3355022963837813,-0.5365611361128232,3.977911073310923,-1.4950868619757052,1.6536242119559643
95.0,21.0,152.91259765625,0.0794301479722097,1.687786644911067,-3.250295136461152,-3.742517465472762,-1.933491061540649,1.3387201401852458,0.4123702290632938,3.9796925566676977,-1.4963554163210169,1.6534964454528982
95.0,21.0,152.98143005371094,0.0655452949392259,0.948355982832523,-3.2489376701129924,-3.748509647868968,-1.934855369055965,1.3341006968033178,-0.5365611361128232,3.9796925566676977,-1.4950868619757052,1.653636382243313
95.0,21.0,152.98143005371094,0.0655452949392259,0.948355982832523,-3.2489376701129924,-3.748509647868968,-1.934855369055965,1.3341006968033178,-0.5365611361128232,3.9796925566676977,-1.4950868619757052,1.653636382243313
95.0,21.0,153.16970825195312,0.0795906833983499,1.687786644911067,-3.2488937530966275,-3.742517465472762,-1.933491061540649,1.3232861618792584,0.4123702290632938,3.9796925566676977,-1.4963554163210169,1.6534964454528982
95.0,21.0,153.8072052001953,0.0331714968821643,0.948355982832523,-3.2489376701129924,-3.5749492368190388,-1.934866607816168,1.3341006968033178,-0.5544811200309553,3.968034534930649,-1.4950870969455743,1.653636382243313
95.0,21.0,153.83534240722656,0.0792731585923547,1.8450388502969013,-3.250598903601555,-3.744007983580827,-1.9304281247100787,1.856675678178707,0.4179750957335306,4.405506776435405,-1.4929559278849418,1.6528553673224629
95.0,21.0,153.9495391845703,0.0655452949392259,1.7449937716719168,-3.2489376701129924,-3.748509647868968,-1.934855369055965,0.334930697637861,-0.5365611361128232,3.9796925566676977,-1.4950868619757052,1.653636382243313
95.0,21.0,154.05001831054688,0.0483079248114009,0.961848711097071,-3.250598903601555,-3.748503874744689,-1.9352153677266075,1.3391778812687352,0.4179750957335306,3.95253348672132,-1.49511725553184,1.6528553673224629
95.0,21.0,154.0655975341797,0.0795263314667254,1.823615933761085,-3.249186055823948,-3.748503874744689,-1.935253425274462,1.3585416411084723,0.4179750957335306,4.024016770749386,-1.4942900441930167,1.653508385760908
95.0,21.0,154.41615295410156,0.0796837081232636,0.9467965941117418,-3.252805152177248,-3.742343549440077,-1.933707260692131,1.2951431379673584,-0.5365611361128232,3.977911073310923,-1.4950868619757052,1.653625082076986
95.0,21.0,154.72811889648438,0.0655452949392259,0.948355982832523,-3.2489376701129924,-3.572891870246216,-1.9349716488175963,1.3341006968033178,-0.5365611361128232,3.968034534930649,-1.4951029649936316,1.653636382243313
95.0,21.0,155.19638061523438,0.078930511880752,1.7290189585219278,-3.2489376701129924,-3.746449249109472,-1.934855369055965,1.3386880288668483,-0.5365611361128232,3.9796925566676977,-1.4950862390857294,1.6098474775781288
95.0,21.0,155.39712524414062,0.8779693423527367,1.823615933761085,-3.249187494292668,-3.7485036379651415,-1.9348762763492555,1.3583633043413836,0.4179750957335306,4.024016770749386,-1.4942900441930167,1.653508385760908
95.0,21.0,156.01319885253906,0.0794301479722097,0.7374250037365369,-3.2526952844923867,-3.622635273252693,-1.8755648498861293,1.33517252144585,0.4123702290632938,3.9796925566676977,-1.4950325938782347,1.6534964454528982
95.0,21.0,156.04302978515625,0.0784622064979378,0.9467965941117418,-3.253301269213866,-3.742419870105662,-1.933707260692131,1.2951431379673584,-0.5365611361128232,4.370611353384751,-1.4950868619757052,1.653625082076986
95.0,21.0,156.15614318847656,0.0795194737393772,0.7374250037365369,-3.2526952844923867,-3.6184679332844834,-1.876121268854784,1.33517252144585,0.4123702290632938,3.9796925566676977,-1.495030497551617,1.6534964454528982
95.0,21.0,156.16705322265625,0.0553273881910228,1.6427454967364223,-3.250598903601555,-3.748485278828727,-1.9349713718503232,1.316871380212122,-0.5322912544832552,3.957292270095694,-1.495102881496865,1.6534964454528982
95.0,21.0,156.5543212890625,0.0544337838138955,0.8445120028110342,-3.281441289514963,-3.744038532211397,-1.930199122596496,1.8576350854675163,-0.5274528980822937,4.371971576902758,-1.5166809761044693,1.6371362838770187
95.0,21.0,156.56785583496094,0.0522249731899117,0.9309300740071168,-3.270113298931806,-3.744092523708957,-1.930138497054892,1.8576350854675163,-0.528227009447051,4.371971576902758,-1.0814494913259696,1.6371362838770187
95.0,21.0,157.41726684570312,0.0652052725295288,1.069670623765121,-3.404394802100809,-3.748201472230136,-1.935303495319788,1.3384066810885549,-0.5260525330600583,3.980668081827937,-1.4951023610210474,1.6532475331119656
95.0,21.0,157.4672393798828,0.0544337838138955,0.9309300740071168,-3.281441289514963,-3.744038532211397,-1.930199122596496,1.8576350854675163,-0.5274528980822937,4.371971576902758,-1.5166809761044693,1.6371362838770187
95.0,21.0,157.4672393798828,0.0544337838138955,0.9309300740071168,-3.281441289514963,-3.744038532211397,-1.930199122596496,1.8576350854675163,-0.5274528980822937,4.371971576902758,-1.5166809761044693,1.6371362838770187
95.0,21.0,157.66627502441406,0.0790430713490671,1.069670623765121,-3.404394802100809,-3.746445028565981,-1.935302758803028,1.3384066810885549,-0.5260525330600583,3.980668081827937,-1.4951023610210474,1.6532475331119656
95.0,21.0,157.78611755371094,0.0808564200409732,0.9965527935561322,-3.2488937530966275,-3.72251103876829,-1.933491061540649,1.316995354800336,0.4141679359197162,4.019152006950116,-1.4965720532986264,1.6534964454528982
95.0,21.0,157.89796447753906,0.0655452949392259,0.948355982832523,-2.6770624026537657,-3.720578431687216,-1.934855369055965,1.338317702783033,-0.5369078437413514,3.9796925566676977,-1.4951180857076845,1.653245525529728
95.0,21.0,158.2960968017578,0.0652052725295288,1.069670623765121,-3.404394802100809,-3.748201472230136,-1.935303495319788,1.3430003196698683,0.4179750957335306,3.9638682551685074,-1.4951023610210474,1.6534964454528982
95.0,21.0,158.31561279296875,0.0516546293424763,0.9233977025982504,-3.270113298931806,-3.7440193148085794,-2.4846047391193906,1.8576350854675163,-0.5281792315106897,4.371971576902758,-1.5164462788302222,1.6371362838770187
95.0,21.0,158.31964111328125,0.0794301479722097,1.7285574992087065,-3.2480431049328864,-3.746443031948503,-1.883793700589397,1.3387201401852458,0.4345081690401881,4.786801988251925,-1.495102881496865,1.6528747150042116
95.0,21.0,158.44943237304688,0.0797214820842799,1.7285574992087065,-3.2480374364043034,-3.746443031948503,-1.8725766798085857,1.3387201401852458,0.4345081690401881,4.814650857771738,-1.4950873694220708,1.6536447008930784
95.0,21.0,158.46270751953125,0.0794301479722097,1.0645222861095445,-3.250295136461152,-3.742517465472762,-1.9336145153735005,1.3387201401852458,0.4123702290632938,3.9796925566676977,-1.495102881496865,1.6534964454528982
95.0,21.0,158.4891815185547,0.0794301479722097,1.0645222861095445,-3.250295136461152,-3.742517465472762,-1.9336145153735005,1.3387201401852458,0.4126628033441526,3.9796925566676977,-1.495102881496865,1.6534964454528982
95.0,21.0,158.5089874267578,0.0652052725295288,1.069670623765121,-3.2751589210189964,-3.748448409255492,-1.935303495319788,1.3430003196698683,0.4179750957335306,3.9620098241785073,-1.4951023610210474,1.6534684656451917
95.0,21.0,158.5089874267578,0.0652052725295288,1.069670623765121,-3.2751589210189964,-3.748448409255492,-1.935303495319788,1.3430003196698683,0.4179750957335306,3.9620098241785073,-1.4951023610210474,1.6534684656451917
95.0,22.0,147.37705993652344,0.0652539608271557,0.948355982832523,-3.3252447581193545,-3.748509647868968,-1.9460723898367764,1.3341006968033178,-0.5365611361128232,3.977970591570723,-1.1550532360987882,1.6528663963544463
95.0,22.0,148.278564453125,0.0655452949392259,1.846204438206961,-3.2839241304643627,-3.720578431687216,-1.93489342660382,1.338317702783033,-0.5369078437413514,3.9798768324976064,-1.4951037116727093,1.653245525529728
95.0,22.0,148.49586486816406,0.0652539608271557,0.948355982832523,-3.248943338641576,-3.748509647868968,-1.9460723898367764,1.3341006968033178,-0.5365611361128232,3.977970591570723,-1.1550532360987882,1.6528663963544463
95.0,22.0,148.83023071289062,0.078930511880752,1.764650113153479,-3.2489376701129924,-3.746449249109472,-1.9349718444851336,1.338688410407172,-0.5365611361128232,3.9796925566676977,-1.4950862390857294,1.6541721283995217
95.0,22.0,149.60198974609375,0.0640177698930179,1.7610721913429614,-3.281864098357726,-3.742547917330756,-1.9742826520471235,1.3230951692683466,0.3867504134118333,3.975986827604851,-1.4996468313741032,1.6534964454528982
95.0,22.0,149.8079833984375,0.078930511880752,1.7290189585219278,-3.2489376701129924,-3.746449249109472,-1.934855369055965,1.3386880288668483,-0.5365611361128232,3.9796925566676977,-1.4950862390857294,1.6528977283063382
95.0,22.0,149.8079833984375,0.078930511880752,1.7290189585219278,-3.2489376701129924,-3.746449249109472,-1.934855369055965,1.3386880288668483,-0.5365611361128232,3.9796925566676977,-1.4950862390857294,1.6528977283063382
95.0,22.0,149.8079833984375,0.078930511880752,1.7290189585219278,-3.2489376701129924,-3.746449249109472,-1.934855369055965,1.3386880288668483,-0.5365611361128232,3.9796925566676977,-1.4950862390857294,1.6528977283063382
95.0,22.0,150.28445434570312,0.078930511880752,1.764650113153479,-3.249107552966089,-3.7465013067668873,-1.930415015563888,1.338688410407172,0.3933492000133014,4.380053839702268,-1.4950862390857294,1.6541797679661312
95.0,22.0,150.55789184570312,0.0655536355754214,1.8517109810043724,-3.252803713708528,-2.956812971546243,-1.934894735100222,1.3355022963837813,-0.5365611361128232,3.9798194230651975,-1.4950868619757052,1.6536255379652085
95.0,22.0,150.893310546875,0.0796167675060249,1.8242902991783168,-3.250195721568149,-3.7048934158934856,-1.9351056932281616,1.3540452618308436,-0.5387812547389645,4.023681498163756,-1.494138068113216,1.6535098731837363
95.0,22.0,151.02613830566406,0.0650528989932987,0.9412900513143304,-3.2839241304643627,-3.720578431687216,-1.93523120948477,1.3534646886544135,-0.5369078437413514,3.977968482743332,-1.4951037116727093,1.6532441995204838
95.0,22.0,151.19126892089844,0.0655452949392259,0.948355982832523,-3.2839241304643627,-3.720578431687216,-1.934855369055965,1.338317702783033,-0.5369078437413514,3.9796925566676977,-1.4951180857076845,1.653245525529728
95.0,22.0,151.19126892089844,0.0655452949392259,0.948355982832523,-3.2839241304643627,-3.720578431687216,-1.934855369055965,1.338317702783033,-0.5369078437413514,3.9796925566676977,-1.4951180857076845,1.653245525529728
95.0,22.0,151.19126892089844,0.0655452949392259,0.948355982832523,-3.2839241304643627,-3.720578431687216,-1.934855369055965,1.338317702783033,-0.5369078437413514,3.9796925566676977,-1.4951180857076845,1.653245525529728
95.0,22.0,151.32652282714844,0.0792774212626944,1.7621325693553325,-3.248954958666319,-3.7438071810847537,-1.9305313358036915,1.8410949317603205,-0.5365611361128232,3.9796925566676977,-1.4950862390857294,1.6528977283063382
95.0,22.0,151.3502197265625,0.0655452949392259,1.749300244406723,-3.2489376701129924,-3.5698236531959413,-1.9349716488175963,1.3708976521258092,-0.5365611361128232,3.968034534930649,-1.4950864447073848,1.653636382243313
95.0,22.0,151.3502197265625,0.0655452949392259,1.749300244406723,-3.2489376701129924,-3.5698236531959413,-1.9349716488175963,1.3708976521258092,-0.5365611361128232,3.968034534930649,-1.4950864447073848,1.653636382243313
95.0,22.0,151.43875122070312,-0.9383216116799104,1.7290189585219278,-3.2489376701129924,-3.7482056927736256,-1.9348561055727247,1.3386880288668483,-0.5365611361128232,3.9796925566676977,-1.4950862390857294,1.6528977283063382
95.0,22.0,151.5414581298828,0.0786215280667728,1.7363510381574616,-3.2796235463527337,-3.7048934158934856,-1.976559116690179,1.316804362189424,-0.5387812547389645,4.014606661501574,-1.499833902199914,1.6535098731837363
95.0,22.0,151.62709045410156,0.078930511880752,0.9040991053767944,-3.2767560532482,-3.746449249109472,-1.9349718444851336,1.338688410407172,-0.5365611361128232,3.9796925566676977,-1.4950862390857294,1.6541721283995217
95.0,22.0,151.86497497558594,0.0795240946000051,1.8596971664715087,-3.2502954313431025,-3.742084183811823,-1.9335438061634385,1.3391778812687352,0.4179750957335306,3.9527177625512286,-1.4950728092934893,1.6528553673224629
95.0,22.0,152.1541290283203,0.0795263314667254,1.8596971664715087,-3.250598903601555,-3.748503874744689,-1.935253425274462,1.3391778812687352,0.4179750957335306,3.9527177625512286,-1.495102881496865,1.6528553673224629
95.0,22.0,152.1541290283203,0.0795263314667254,1.8596971664715087,-3.250598903601555,-3.748503874744689,-1.935253425274462,1.3391778812687352,0.4179750957335306,3.9527177625512286,-1.495102881496865,1.6528553673224629
95.0,22.0,152.20291137695312,0.0792731585923547,1.7547028148199948,-3.250429020748458,-3.74395592592341,-1.9349849536313248,1.856675678178707,-0.511935240392594,4.005145493397633,-1.4929559278849418,1.652847727755853
95.0,22.0,152.2784881591797,0.0792731585923547,1.7616002104806872,-3.250598903601555,-3.744007983580827,-1.9303861358644847,1.859468667799696,0.4114634112368352,4.36901729291215,-1.492999634660631,1.6528553673224629
95.0,22.0,152.35223388671875,0.0655452949392259,0.948355982832523,-3.2835499999482822,-3.748562985046978,-1.934855369055965,1.338317702783033,-0.5366584124629947,3.9796925566676977,-1.4950880038875711,1.6536573708232738
95.0,22.0,152.36679077148438,0.0655452949392259,0.948355982832523,-3.2839241304643627,-3.748563912694115,-1.934855369055965,1.338317702783033,-0.5366613243868105,3.9796925566676977,-1.4951180857076845,1.653245525529728
95.0,22.0,152.77386474609375,0.0648679262971386,0.9467965941117418,-3.252805152177248,-3.748509647868968,-1.934855369055965,1.3353239596166924,-0.5365611361128232,3.977911073310923,-1.4950868619757052,1.6536242119559643
95.0,22.0,152.7781524658203,0.0650612396294942,0.9467965941117418,-3.252803713708528,-3.7485098846485134,-1.935232517981172,1.3355022963837813,-0.5365611361128232,3.977911073310923,-1.4950868619757052,1.6536242119559643
95.0,22.0,152.91259765625,0.0794301479722097,1.687786644911067,-3.250295136461152,-3.742517465472762,-1.933491061540649,1.3387201401852458,0.4123702290632938,3.9796925566676977,-1.4963554163210169,1.6534964454528982
95.0,22.0,152.95339965820312,0.0639212908808457,0.9953157414407128,-3.274485926236575,-3.720578431687216,-1.934835892609256,1.338317702783033,-0.5369078437413514,3.9796925566676977,-1.4951180857076845,1.653245525529728
95.0,22.0,152.98143005371094,0.0655452949392259,0.948355982832523,-3.2489376701129924,-3.748509647868968,-1.934855369055965,1.3341006968033178,-0.5365611361128232,3.9796925566676977,-1.4950868619757052,1.653636382243313
95.0,22.0,152.98143005371094,0.0655452949392259,0.948355982832523,-3.2489376701129924,-3.748509647868968,-1.934855369055965,1.3341006968033178,-0.5365611361128232,3.9796925566676977,-1.4950868619757052,1.653636382243313
95.0,22.0,153.16970825195312,0.0795906833983499,1.687786644911067,-3.2488937530966275,-3.742517465472762,-1.933491061540649,1.3232861618792584,0.4123702290632938,3.9796925566676977,-1.4963554163210169,1.6534964454528982
95.0,22.0,153.2018280029297,0.0794323848389299,1.687786644911067,-3.250598608719604,-3.748937156405628,-1.935200680651673,1.3387201401852458,0.4123702290632938,3.9796925566676977,-1.4963854885243928,1.6534964454528982
95.0,22.0,153.20840454101562,0.0483079248114009,0.9496951986616604,-3.2827236531588424,-3.748503874744689,-1.9352071839949407,1.3391778812687352,0.4179750957335306,3.979808812242393,-1.4951170800114473,1.6528553673224629
95.0,22.0,153.8072052001953,0.0331714968821643,0.948355982832523,-3.2489376701129924,-3.5749492368190388,-1.934866607816168,1.3341006968033178,-0.5544811200309553,3.968034534930649,-1.4950870969455743,1.653636382243313
95.0,22.0,153.83534240722656,0.0792731585923547,1.8450388502969013,-3.250598903601555,-3.744007983580827,-1.9304281247100787,1.856675678178707,0.4179750957335306,4.405506776435405,-1.4929559278849418,1.6528553673224629
95.0,22.0,153.9495391845703,0.0655452949392259,1.7449937716719168,-3.2489376701129924,-3.748509647868968,-1.934855369055965,0.334930697637861,-0.5365611361128232,3.9796925566676977,-1.4950868619757052,1.653636382243313
95.0,22.0,154.05001831054688,0.0483079248114009,0.961848711097071,-3.250598903601555,-3.748503874744689,-1.9352153677266075,1.3391778812687352,0.4179750957335306,3.95253348672132,-1.49511725553184,1.6528553673224629
95.0,22.0,154.0655975341797,0.0795263314667254,1.823615933761085,-3.249186055823948,-3.748503874744689,-1.935253425274462,1.3585416411084723,0.4179750957335306,4.024016770749386,-1.4942900441930167,1.653508385760908
95.0,22.0,154.13848876953125,0.0331714968821643,0.948355982832523,-3.2489376701129924,-3.566195019389029,-1.9348555113688,1.339068013747814,-0.5544811200309553,3.968034534930649,-1.4950861083447329,1.653636382243313
95.0,22.0,154.41615295410156,0.0796837081232636,0.9467965941117418,-3.252805152177248,-3.742343549440077,-1.933707260692131,1.2951431379673584,-0.5365611361128232,3.977911073310923,-1.4950868619757052,1.653625082076986
95.0,22.0,154.54396057128906,0.0785310920274732,1.7356766727402295,-3.2786138806085328,-3.748503874744689,-1.9767068487364792,1.3213007414670528,0.4179750957335306,4.014941934087204,-1.4999858782797149,1.653508385760908
95.0,22.0,154.64732360839844,0.1799767421162914,1.7484927966821715,-3.2489376701129924,-3.747334930210145,-1.934866607816168,1.3340629421409584,-0.5544811200309553,3.979906767431741,-1.4950871524017892,1.653636382243313
95.0,22.0,154.72811889648438,0.0655452949392259,0.948355982832523,-3.2489376701129924,-3.572891870246216,-1.9349716488175963,1.3341006968033178,-0.5365611361128232,3.968034534930649,-1.4951029649936316,1.653636382243313
95.0,22.0,155.19638061523438,0.078930511880752,1.7290189585219278,-3.2489376701129924,-3.746449249109472,-1.934855369055965,1.3386880288668483,-0.5365611361128232,3.9796925566676977,-1.4950862390857294,1.6098474775781288
95.0,22.0,155.39712524414062,0.8779693423527367,1.823615933761085,-3.249187494292668,-3.7485036379651415,-1.9348762763492555,1.3583633043413836,0.4179750957335306,4.024016770749386,-1.4942900441930167,1.653508385760908
95.0,22.0,155.43521118164062,0.0662055547059806,1.767216192313095,-3.2505793098179154,-3.744007983580827,-1.9300536293945103,1.859468667799696,0.4114634112368352,4.321510509489071,-1.492999634660631,1.653602848205428
95.0,23.0,147.37705993652344,0.0652539608271557,0.948355982832523,-3.3252447581193545,-3.748509647868968,-1.9460723898367764,1.3341006968033178,-0.5365611361128232,3.977970591570723,-1.1550532360987882,1.6528663963544463
95.0,23.0,147.37705993652344,0.0652539608271557,0.948355982832523,-3.3252447581193545,-3.748509647868968,-1.9460723898367764,1.3341006968033178,-0.5365611361128232,3.977970591570723,-1.1550532360987882,1.6528663963544463
95.0,23.0,147.48780822753906,-0.0243530080196457,1.7290189585219278,-3.2489376701129924,-3.746449249109472,-1.934855369055965,1.3386880288668483,-0.5365611361128232,3.9796925566676977,-1.4950862390857294,1.6528977283063382
95.0,23.0,147.9192352294922,0.0655452949392259,1.836089043112144,-3.2839241304643627,-3.720578431687216,-1.934855369055965,1.338317702783033,-0.5369078437413514,3.979689948386082,-1.4951180857076845,1.653245525529728
95.0,23.0,148.278564453125,0.0655452949392259,1.846204438206961,-3.2839241304643627,-3.720578431687216,-1.93489342660382,1.338317702783033,-0.5369078437413514,3.9798768324976064,-1.4951037116727093,1.653245525529728
95.0,23.0,148.29237365722656,0.0655452949392259,1.7504730226578942,-3.250951855383473,-3.720578431687216,-1.934855369055965,1.371713885092804,-0.5369078437413514,3.9796925566676977,-1.4951180857076845,1.653245525529728
95.0,23.0,148.46881103515625,-0.034158051760202,1.7367491111060105,-3.2817743218802016,-3.743032425543258,-1.976559116690179,1.316804362189424,-0.5474408996298414,3.979808737411996,-1.499833902199914,1.6535098731837363
95.0,23.0,148.49586486816406,0.0652539608271557,0.948355982832523,-3.248943338641576,-3.748509647868968,-1.9460723898367764,1.3341006968033178,-0.5365611361128232,3.977970591570723,-1.1550532360987882,1.6528663963544463
95.0,23.0,148.49586486816406,0.0652539608271557,0.948355982832523,-3.248943338641576,-3.748509647868968,-1.9460723898367764,1.3341006968033178,-0.5365611361128232,3.977970591570723,-1.1550532360987882,1.6528663963544463
95.0,23.0,148.83023071289062,0.078930511880752,1.764650113153479,-3.2489376701129924,-3.746449249109472,-1.9349718444851336,1.338688410407172,-0.5365611361128232,3.9796925566676977,-1.4950862390857294,1.6541721283995217
95.0,23.0,148.97549438476562,0.0652539608271557,0.948355982832523,-3.3252447581193545,-3.748509647868968,-1.934789698896866,1.3956696964923512,-0.5366732410908404,3.977970591570723,-1.1548587734269913,1.6528663963544463
95.0,23.0,149.28732299804688,0.0652539608271557,1.7745881440876967,-3.248943338641576,-3.748509647868968,-1.9312548276878945,1.2593551662422178,-0.5365611361128232,3.977970591570723,-1.1274423563996918,1.6528663963544463
95.0,23.0,149.44204711914062,0.9477091459900492,1.7547028148199948,-3.250429020748458,-3.7062758590250593,-1.9349849536313248,1.856675678178707,-0.511935240392594,4.005145493397633,-1.4929559278849418,1.652847727755853
95.0,23.0,149.47531127929688,0.079421852214201,1.7656812062965528,-3.250295136461152,-3.742517465472762,-1.933491061540649,1.3387193994682292,0.4123702290632938,3.9796925566676977,-1.4963554163210169,1.6534964454528982
95.0,23.0,149.60198974609375,0.0640177698930179,1.7610721913429614,-3.281864098357726,-3.742547917330756,-1.9742826520471235,1.3230951692683466,0.3867504134118333,3.975986827604851,-1.4996468313741032,1.6534964454528982
95.0,23.0,149.8079833984375,0.078930511880752,1.7290189585219278,-3.2489376701129924,-3.746449249109472,-1.934855369055965,1.3386880288668483,-0.5365611361128232,3.9796925566676977,-1.4950862390857294,1.6528977283063382
95.0,23.0,149.8079833984375,0.078930511880752,1.7290189585219278,-3.2489376701129924,-3.746449249109472,-1.934855369055965,1.3386880288668483,-0.5365611361128232,3.9796925566676977,-1.4950862390857294,1.6528977283063382
95.0,23.0,149.8079833984375,0.078930511880752,1.7290189585219278,-3.2489376701129924,-3.746449249109472,-1.934855369055965,1.3386880288668483,-0.5365611361128232,3.9796925566676977,-1.4950862390857294,1.6528977283063382
95.0,23.0,149.97286987304688,0.0478946559332851,1.8517109810043724,-3.252803713708528,-2.956812971546243,-1.934894735100222,1.3355022963837813,-0.5365611361128232,3.9798194230651975,-1.4951166819837642,1.652838244229108
95.0,23.0,150.07240295410156,0.0644911920454174,1.7606741183944126,-3.279713322830258,-3.704408907680985,-1.9742826520471235,1.3230951692683466,0.3954100583027102,4.0107847516944295,-1.4996468313741032,1.6534964454528982
95.0,23.0,150.28445434570312,0.078930511880752,1.764650113153479,-3.249107552966089,-3.7465013067668873,-1.930415015563888,1.338688410407172,0.3933492000133014,4.380053839702268,-1.4950862390857294,1.6541797679661312
95.0,23.0,150.28445434570312,0.078930511880752,1.764650113153479,-3.249107552966089,-3.7465013067668873,-1.930415015563888,1.338688410407172,0.3933492000133014,4.380053839702268,-1.4950862390857294,1.6541797679661312
95.0,23.0,150.55789184570312,0.0655536355754214,1.8517109810043724,-3.252803713708528,-2.956812971546243,-1.934894735100222,1.3355022963837813,-0.5365611361128232,3.9798194230651975,-1.4950868619757052,1.6536255379652085
95.0,23.0,150.55789184570312,0.0655536355754214,1.8517109810043724,-3.252803713708528,-2.956812971546243,-1.934894735100222,1.3355022963837813,-0.5365611361128232,3.9798194230651975,-1.4950868619757052,1.6536255379652085
95.0,23.0,150.893310546875,0.0796167675060249,1.8242902991783168,-3.250195721568149,-3.7048934158934856,-1.9351056932281616,1.3540452618308436,-0.5387812547389645,4.023681498163756,-1.494138068113216,1.6535098731837363
95.0,23.0,151.02613830566406,0.0650528989932987,0.9412900513143304,-3.2839241304643627,-3.720578431687216,-1.93523120948477,1.3534646886544135,-0.5369078437413514,3.977968482743332,-1.4951037116727093,1.6532441995204838
95.0,23.0,151.19126892089844,0.0655452949392259,0.948355982832523,-3.2839241304643627,-3.720578431687216,-1.934855369055965,1.338317702783033,-0.5369078437413514,3.9796925566676977,-1.4951180857076845,1.653245525529728
95.0,23.0,151.19126892089844,0.0655452949392259,0.948355982832523,-3.2839241304643627,-3.720578431687216,-1.934855369055965,1.338317702783033,-0.5369078437413514,3.9796925566676977,-1.4951180857076845,1.653245525529728
95.0,23.0,151.19126892089844,0.0655452949392259,0.948355982832523,-3.2839241304643627,-3.720578431687216,-1.934855369055965,1.338317702783033,-0.5369078437413514,3.9796925566676977,-1.4951180857076845,1.653245525529728
95.0,23.0,151.32652282714844,0.0792774212626944,1.7621325693553325,-3.248954958666319,-3.7438071810847537,-1.9305313358036915,1.8410949317603205,-0.5365611361128232,3.9796925566676977,-1.4950862390857294,1.6528977283063382
95.0,23.0,151.3502197265625,0.0655452949392259,1.749300244406723,-3.2489376701129924,-3.5698236531959413,-1.9349716488175963,1.3708976521258092,-0.5365611361128232,3.968034534930649,-1.4950864447073848,1.653636382243313
95.0,23.0,151.3502197265625,0.0655452949392259,1.749300244406723,-3.2489376701129924,-3.5698236531959413,-1.9349716488175963,1.3708976521258092,-0.5365611361128232,3.968034534930649,-1.4950864447073848,1.653636382243313
95.0,23.0,151.43875122070312,-0.9383216116799104,1.7290189585219278,-3.2489376701129924,-3.7482056927736256,-1.9348561055727247,1.3386880288668483,-0.5365611361128232,3.9796925566676977,-1.4950862390857294,1.6528977283063382
95.0,23.0,151.50970458984375,0.0655452949392259,0.9584713779273402,-3.2839241304643627,-3.720578431687216,-1.93489342660382,1.338317702783033,-0.5369078437413514,3.9798794407792224,-1.4951037116727093,1.653245525529728
95.0,23.0,151.5414581298828,0.0786215280667728,1.7363510381574616,-3.2796235463527337,-3.7048934158934856,-1.976559116690179,1.316804362189424,-0.5387812547389645,4.014606661501574,-1.499833902199914,1.6535098731837363
95.0,23.0,151.62709045410156,0.078930511880752,0.9040991053767944,-3.2767560532482,-3.746449249109472,-1.9349718444851336,1.338688410407172,-0.5365611361128232,3.9796925566676977,-1.4950862390857294,1.6541721283995217
95.0,23.0,151.85317993164062,0.0794785161408613,1.846204438206961,-3.2839241304643627,-3.720578431687216,-1.93489342660382,1.338376719955988,-0.5961444525482908,3.9528785801647897,-1.4951037116727093,1.653245525529728
95.0,23.0,151.86497497558594,0.0795240946000051,1.8596971664715087,-3.2502954313431025,-3.742084183811823,-1.9335438061634385,1.3391778812687352,0.4179750957335306,3.9527177625512286,-1.4950728092934893,1.6528553673224629
95.0,23.0,152.06472778320312,-0.9383216116799104,1.6968689601827398,-3.2479371036986247,-3.718718599648928,-1.934854444752998,1.3386880288668483,-0.5365860918161337,3.9796925566676977,-1.4950862390857294,1.6528977283063382
95.0,23.0,152.1541290283203,0.0795263314667254,1.8596971664715087,-3.250598903601555,-3.748503874744689,-1.935253425274462,1.3391778812687352,0.4179750957335306,3.9527177625512286,-1.495102881496865,1.6528553673224629
95.0,23.0,152.1541290283203,0.0795263314667254,1.8596971664715087,-3.250598903601555,-3.748503874744689,-1.935253425274462,1.3391778812687352,0.4179750957335306,3.9527177625512286,-1.495102881496865,1.6528553673224629
95.0,23.0,152.20291137695312,0.0792731585923547,1.7547028148199948,-3.250429020748458,-3.74395592592341,-1.9349849536313248,1.856675678178707,-0.511935240392594,4.005145493397633,-1.4929559278849418,1.652847727755853
95.0,23.0,152.2784881591797,0.0792731585923547,1.7616002104806872,-3.250598903601555,-3.744007983580827,-1.9303861358644847,1.859468667799696,0.4114634112368352,4.36901729291215,-1.492999634660631,1.6528553673224629
95.0,23.0,152.35223388671875,0.0655452949392259,0.948355982832523,-3.2835499999482822,-3.748562985046978,-1.934855369055965,1.338317702783033,-0.5366584124629947,3.9796925566676977,-1.4950880038875711,1.6536573708232738
95.0,23.0,152.36563110351562,0.0655452949392259,0.948355982832523,-3.2839241304643627,-3.748563912694115,-1.934855369055965,1.338317702783033,-0.53691039816507,3.9796925566676977,-1.4951180857076845,1.653245525529728
95.0,23.0,152.36679077148438,0.0655452949392259,0.948355982832523,-3.2839241304643627,-3.748563912694115,-1.934855369055965,1.338317702783033,-0.5366613243868105,3.9796925566676977,-1.4951180857076845,1.653245525529728
95.0,23.0,152.77386474609375,0.0648679262971386,0.9467965941117418,-3.252805152177248,-3.748509647868968,-1.934855369055965,1.3353239596166924,-0.5365611361128232,3.977911073310923,-1.4950868619757052,1.6536242119559643
95.0,23.0,152.7781524658203,0.0650612396294942,0.9467965941117418,-3.252803713708528,-3.7485098846485134,-1.935232517981172,1.3355022963837813,-0.5365611361128232,3.977911073310923,-1.4950868619757052,1.6536242119559643
95.0,23.0,152.91259765625,0.0794301479722097,1.687786644911067,-3.250295136461152,-3.742517465472762,-1.933491061540649,1.3387201401852458,0.4123702290632938,3.9796925566676977,-1.4963554163210169,1.6534964454528982
95.0,23.0,152.95339965820312,0.0639212908808457,0.9953157414407128,-3.274485926236575,-3.720578431687216,-1.934835892609256,1.338317702783033,-0.5369078437413514,3.9796925566676977,-1.4951180857076845,1.653245525529728
95.0,24.0,144.36585998535156,0.0652692726920154,1.8383313619556505,-3.2820928186083904,-3.748509647868968,-1.9460723898367764,1.3384834559642047,-0.5365611361128232,3.9779422626336514,-1.183984340730465,1.6532477576794116
95.0,24.0,145.2926025390625,0.0785637596147092,1.6852164513911183,-3.2486782926654336,-3.7198843698133217,-2.466416421238693,1.338317702783033,-0.5365822332317842,3.9796925566676977,-0.0365504534293297,1.65324838472733
95.0,24.0,146.76026916503906,0.0652539608271557,0.9294207488014404,-3.319940325768476,-3.748519472948319,-1.934789698896866,1.3337664765648836,-0.5366732410908404,3.9780335586174727,-1.1548587734269913,1.652866020760141
95.0,24.0,147.2252197265625,0.0640267875875172,0.948355982832523,-3.3239623916620418,-3.748509647868968,-1.946018560013404,1.3341006968033178,-0.5365611361128232,3.9710262345429737,-1.1550532360987882,1.6528553984088443
95.0,24.0,147.37705993652344,0.0652539608271557,0.948355982832523,-3.3252447581193545,-3.748509647868968,-1.9460723898367764,1.3341006968033178,-0.5365611361128232,3.977970591570723,-1.1550532360987882,1.6528663963544463
95.0,24.0,147.37705993652344,0.0652539608271557,0.948355982832523,-3.3252447581193545,-3.748509647868968,-1.9460723898367764,1.3341006968033178,-0.5365611361128232,3.977970591570723,-1.1550532360987882,1.6528663963544463
95.0,24.0,147.48780822753906,-0.0243530080196457,1.7290189585219278,-3.2489376701129924,-3.746449249109472,-1.934855369055965,1.3386880288668483,-0.5365611361128232,3.9796925566676977,-1.4950862390857294,1.6528977283063382
95.0,24.0,147.9192352294922,0.0655452949392259,1.836089043112144,-3.2839241304643627,-3.720578431687216,-1.934855369055965,1.338317702783033,-0.5369078437413514,3.979689948386082,-1.4951180857076845,1.653245525529728
95.0,24.0,148.278564453125,0.0655452949392259,1.846204438206961,-3.2839241304643627,-3.720578431687216,-1.93489342660382,1.338317702783033,-0.5369078437413514,3.9798768324976064,-1.4951037116727093,1.653245525529728
95.0,24.0,148.29237365722656,0.0655452949392259,1.7504730226578942,-3.250951855383473,-3.720578431687216,-1.934855369055965,1.371713885092804,-0.5369078437413514,3.9796925566676977,-1.4951180857076845,1.653245525529728
95.0,24.0,148.46881103515625,-0.034158051760202,1.7367491111060105,-3.2817743218802016,-3.743032425543258,-1.976559116690179,1.316804362189424,-0.5474408996298414,3.979808737411996,-1.499833902199914,1.6535098731837363
95.0,24.0,148.49586486816406,0.0652539608271557,0.948355982832523,-3.248943338641576,-3.748509647868968,-1.9460723898367764,1.3341006968033178,-0.5365611361128232,3.977970591570723,-1.1550532360987882,1.6528663963544463
95.0,24.0,148.49586486816406,0.0652539608271557,0.948355982832523,-3.248943338641576,-3.748509647868968,-1.9460723898367764,1.3341006968033178,-0.5365611361128232,3.977970591570723,-1.1550532360987882,1.6528663963544463
95.0,24.0,148.69638061523438,0.0787982373953759,0.948355982832523,-3.2489376926981177,-3.746449949041995,-1.934778538660966,1.3388021106167314,-0.5365611361128232,3.979626008531405,-1.151622573703649,1.6528935914282
95.0,24.0,148.83023071289062,0.078930511880752,1.764650113153479,-3.2489376701129924,-3.746449249109472,-1.9349718444851336,1.338688410407172,-0.5365611361128232,3.9796925566676977,-1.4950862390857294,1.6541721283995217
95.0,24.0,148.97549438476562,0.0652539608271557,0.948355982832523,-3.3252447581193545,-3.748509647868968,-1.934789698896866,1.3956696964923512,-0.5366732410908404,3.977970591570723,-1.1548587734269913,1.6528663963544463
95.0,24.0,149.09889221191406,0.0652539608271557,0.9447206770989834,-3.3252447581193545,-3.748509647868968,-1.9460723898367764,1.333649859771007,-0.5365611361128232,4.01247094402139,-1.1750626777880613,1.6528663963544463
95.0,24.0,149.13885498046875,0.9815783388308628,1.7646138036248988,-3.250429020748458,-3.705476621090869,-1.930363215748563,1.856675678178707,0.3868508760985268,4.380200916729251,-1.4929523973728145,1.654227165690259
95.0,24.0,149.24136352539062,0.0656147486284707,1.836089043112144,-3.2796225953345224,-3.72078756809374,-1.934855369055965,1.338317702783033,0.37271197332377,3.979689948386082,-1.4951180857076845,1.653236903214718
95.0,24.0,149.28732299804688,0.0652539608271557,1.7745881440876967,-3.248943338641576,-3.748509647868968,-1.9312548276878945,1.2593551662422178,-0.5365611361128232,3.977970591570723,-1.1274423563996918,1.6528663963544463
95.0,24.0,149.44204711914062,0.9477091459900492,1.7547028148199948,-3.250429020748458,-3.7062758590250593,-1.9349849536313248,1.856675678178707,-0.511935240392594,4.005145493397633,-1.4929559278849418,1.652847727755853
95.0,24.0,149.47531127929688,0.079421852214201,1.7656812062965528,-3.250295136461152,-3.742517465472762,-1.933491061540649,1.3387193994682292,0.4123702290632938,3.9796925566676977,-1.4963554163210169,1.6534964454528982
95.0,24.0,149.60198974609375,0.0640177698930179,1.7610721913429614,-3.281864098357726,-3.742547917330756,-1.9742826520471235,1.3230951692683466,0.3867504134118333,3.975986827604851,-1.4996468313741032,1.6534964454528982
95.0,24.0,149.60198974609375,0.0640177698930179,1.7610721913429614,-3.281864098357726,-3.742547917330756,-1.9742826520471235,1.3230951692683466,0.3867504134118333,3.975986827604851,-1.4996468313741032,1.6534964454528982
95.0,24.0,149.8079376220703,0.0653862353125318,1.7290189585219278,-3.2489433160564505,-3.748508947936444,-1.946149220231776,1.333986615053435,-0.5365611361128232,3.978037139707016,-1.4985169014808688,1.6528705332325848
95.0,24.0,149.8079833984375,0.078930511880752,1.7290189585219278,-3.2489376701129924,-3.746449249109472,-1.934855369055965,1.3386880288668483,-0.5365611361128232,3.9796925566676977,-1.4950862390857294,1.6528977283063382
95.0,24.0,149.8079833984375,0.078930511880752,1.7290189585219278,-3.2489376701129924,-3.746449249109472,-1.934855369055965,1.3386880288668483,-0.5365611361128232,3.9796925566676977,-1.4950862390857294,1.6528977283063382
95.0,24.0,149.8079833984375,0.078930511880752,1.7290189585219278,-3.2489376701129924,-3.746449249109472,-1.934855369055965,1.3386880288668483,-0.5365611361128232,3.9796925566676977,-1.4950862390857294,1.6528977283063382
95.0,24.0,149.81362915039062,0.078930511880752,1.7290189585219278,-3.2489376701129924,-3.746449249109472,-1.934855369055965,1.3374472512060107,-0.5365611361128232,3.9796925566676977,-1.495086450817934,1.6528977283063382
95.0,24.0,149.97286987304688,0.0478946559332851,1.8517109810043724,-3.252803713708528,-2.956812971546243,-1.934894735100222,1.3355022963837813,-0.5365611361128232,3.9798194230651975,-1.4951166819837642,1.652838244229108
95.0,24.0,149.97286987304688,0.0478946559332851,1.8517109810043724,-3.252803713708528,-2.956812971546243,-1.934894735100222,1.3355022963837813,-0.5365611361128232,3.9798194230651975,-1.4951166819837642,1.652838244229108
95.0,24.0,150.07240295410156,0.0644911920454174,1.7606741183944126,-3.279713322830258,-3.704408907680985,-1.9742826520471235,1.3230951692683466,0.3954100583027102,4.0107847516944295,-1.4996468313741032,1.6534964454528982
95.0,24.0,150.08863830566406,-0.0336716734299185,1.8517109810043724,-3.252803713708528,-2.956812971546243,-1.9741440654171056,1.3355022963837813,-0.5477079032581903,3.9798194230651975,-1.4998581114497849,1.6536255379652085
95.0,24.0,150.28445434570312,0.078930511880752,1.764650113153479,-3.249107552966089,-3.7465013067668873,-1.930415015563888,1.338688410407172,0.3933492000133014,4.380053839702268,-1.4950862390857294,1.6541797679661312
95.0,24.0,150.28445434570312,0.078930511880752,1.764650113153479,-3.249107552966089,-3.7465013067668873,-1.930415015563888,1.338688410407172,0.3933492000133014,4.380053839702268,-1.4950862390857294,1.6541797679661312
95.0,24.0,150.41253662109375,0.0450613190399383,1.7547391243485748,-3.249107552966089,-3.747300544701077,-1.9350367534466493,1.338688410407172,-0.5054369164778194,4.004998416370222,-1.4950897695978569,1.6528003300317256
95.0,24.0,150.42572021484375,0.0655452949392259,0.948355982832523,-3.2839241304643627,-3.685927023428559,-1.934855369055965,1.338317702783033,-0.5369078437413514,3.9796925566676977,-1.4951180857076845,1.653245525529728
95.0,24.0,150.43162536621094,0.0796167675060249,1.8242902991783168,-3.250195721568149,-3.7048934158934856,-1.9351056932281616,1.3540452618308436,-0.1237200460386742,4.023681498163756,-1.494138068113216,1.6535098731837363
95.0,24.0,150.55789184570312,0.0655536355754214,1.8517109810043724,-3.252803713708528,-2.956812971546243,-1.934894735100222,1.3355022963837813,-0.5365611361128232,3.9798194230651975,-1.4950868619757052,1.6536255379652085
95.0,24.0,150.55789184570312,0.0655536355754214,1.8517109810043724,-3.252803713708528,-2.956812971546243,-1.934894735100222,1.3355022963837813,-0.5365611361128232,3.9798194230651975,-1.4950868619757052,1.6536255379652085
95.0,24.0,150.55789184570312,0.0655536355754214,1.8517109810043724,-3.252803713708528,-2.956812971546243,-1.934894735100222,1.3355022963837813,-0.5365611361128232,3.9798194230651975,-1.4950868619757052,1.6536255379652085
95.0,24.0,150.64224243164062,0.0650528989932987,1.736804988234633,-3.2839241304643627,-3.748596617108668,-1.93523120948477,1.3534646886544135,-0.5817822805973852,3.977968482743332,-1.495086030308684,1.6532441995204838
95.0,24.0,150.82009887695312,0.0756240757025789,1.7367491111060105,-3.2495561435212053,-3.742987972907234,-1.976559116690179,1.3375865043440072,-0.5365973882017057,3.9798106765948096,-1.499833902199914,1.6535131779812593
95.0,24.0,150.893310546875,0.0796167675060249,1.8242902991783168,-3.250195721568149,-3.7048934158934856,-1.9351056932281616,1.3540452618308436,-0.5387812547389645,4.023681498163756,-1.494138068113216,1.6535098731837363
95.0,24.0,151.02613830566406,0.0650528989932987,0.9412900513143304,-3.2839241304643627,-3.720578431687216,-1.93523120948477,1.3534646886544135,-0.5369078437413514,3.977968482743332,-1.4951037116727093,1.6532441995204838
95.0,24.0,151.06295776367188,0.0658655887988482,0.948355982832523,-3.283762600234172,-3.720578431687216,-1.934855369055965,1.338317702783033,-0.5369078437413514,3.954671497276333,-1.4951180857076845,1.6528476988208365
95.0,24.0,151.19126892089844,0.0655452949392259,0.948355982832523,-3.2839241304643627,-3.720578431687216,-1.934855369055965,1.338317702783033,-0.5369078437413514,3.9796925566676977,-1.4951180857076845,1.653245525529728
95.0,24.0,151.19126892089844,0.0655452949392259,0.948355982832523,-3.2839241304643627,-3.720578431687216,-1.934855369055965,1.338317702783033,-0.5369078437413514,3.9796925566676977,-1.4951180857076845,1.653245525529728
95.0,24.0,151.19126892089844,0.0655452949392259,0.948355982832523,-3.2839241304643627,-3.720578431687216,-1.934855369055965,1.338317702783033,-0.5369078437413514,3.9796925566676977,-1.4951180857076845,1.653245525529728
95.0,24.0,151.32652282714844,0.0792774212626944,1.7621325693553325,-3.248954958666319,-3.7438071810847537,-1.9305313358036915,1.8410949317603205,-0.5365611361128232,3.9796925566676977,-1.4950862390857294,1.6528977283063382
95.0,25.0,143.98268127441406,-0.0336716734299185,1.8517109810043724,-3.252803713708528,-2.956812971546243,-1.9457683785311768,1.3355022963837813,-0.5477079032581903,3.9798194230651975,-1.1611964467612197,1.653623469438988
95.0,25.0,143.99635314941406,0.0478946559332851,1.8117760155078368,-3.252629829408066,-2.956812971546243,-1.934894735100222,1.3355926162735563,-0.5365611361128232,3.979754772622925,-1.158882891758854,1.652838244229108
95.0,25.0,144.10980224609375,0.0656429036634917,1.796618524576854,-3.248943048969196,-3.746449949041995,-1.934778538660966,1.3339079036241774,-0.5365611361128232,3.977995363373276,-1.151622573703649,1.6528935914282
95.0,25.0,144.36367797851562,0.0652634223174749,1.8384149106396144,-3.2820928186083904,-3.748509647868968,-1.9464581132963523,1.33838342267232,-0.5365611361128232,3.9779422626336514,-1.183984340730465,1.6534944376962573
95.0,25.0,144.36585998535156,0.0652692726920154,1.8383313619556505,-3.2820928186083904,-3.748509647868968,-1.9460723898367764,1.3384834559642047,-0.5365611361128232,3.9779422626336514,-1.183984340730465,1.6532477576794116
95.0,25.0,144.88076782226562,0.0652692726920154,1.6844280942555752,-3.2820928186083904,-3.748136957616567,-1.9571868183095875,1.3383159775548037,-0.5365611361128232,3.97792497290236,-0.0223805363154795,1.65324835498274
95.0,25.0,145.2926025390625,0.0785637596147092,1.6852164513911183,-3.2486782926654336,-3.7198843698133217,-2.466416421238693,1.338317702783033,-0.5365822332317842,3.9796925566676977,-0.0365504534293297,1.65324838472733
95.0,25.0,145.80128479003906,0.0652539608271557,1.765213058114156,-3.3252447581193545,-3.720387056627916,-1.8672942091404008,1.333649859771007,-0.5365712208549035,4.013381980818344,-1.2064544664187684,1.6528663963544463
95.0,25.0,145.93157958984375,0.0640267875875172,0.948355982832523,-3.3239623916620418,-3.717328466277498,-1.946018560013404,1.3341006968033178,-0.5365611361128232,3.970700293230022,-1.1550532360987882,1.6528496248007167
95.0,25.0,146.00982666015625,0.065402361578631,0.948355982832523,-3.3239623916620418,-3.719244521726722,-1.946018560013404,1.3341006968033178,-0.5369176545530026,3.971702764398396,-1.1550532360987882,1.653251751693198
95.0,25.0,146.76026916503906,0.0652539608271557,0.9294207488014404,-3.319940325768476,-3.748519472948319,-1.934789698896866,1.3337664765648836,-0.5366732410908404,3.9780335586174727,-1.1548587734269913,1.652866020760141
95.0,25.0,147.2176971435547,0.9853502671505192,1.8473637404434384,-3.2839241304643627,-3.706084779997216,-1.9303765429938995,1.338317702783033,-0.5369078437413514,3.9798768324976064,-1.4952284414453012,1.654334168461922
95.0,25.0,147.2252197265625,0.0640267875875172,0.948355982832523,-3.3239623916620418,-3.748509647868968,-1.946018560013404,1.3341006968033178,-0.5365611361128232,3.9710262345429737,-1.1550532360987882,1.6528553984088443
95.0,25.0,147.37705993652344,0.0652539608271557,0.948355982832523,-3.3252447581193545,-3.748509647868968,-1.9460723898367764,1.3341006968033178,-0.5365611361128232,3.977970591570723,-1.1550532360987882,1.6528663963544463
95.0,25.0,147.37705993652344,0.0652539608271557,0.948355982832523,-3.3252447581193545,-3.748509647868968,-1.9460723898367764,1.3341006968033178,-0.5365611361128232,3.977970591570723,-1.1550532360987882,1.6528663963544463
95.0,25.0,147.47613525390625,-0.0343436178510239,1.7290189585219278,-3.2477415374758825,-3.7430739308852408,-1.936665506862366,1.3386880288668483,-0.536778179353088,3.9798092458040486,-1.4999072902739343,1.6535148334301906
95.0,25.0,147.48780822753906,-0.0243530080196457,1.7290189585219278,-3.2489376701129924,-3.746449249109472,-1.934855369055965,1.3386880288668483,-0.5365611361128232,3.9796925566676977,-1.4950862390857294,1.6528977283063382
95.0,25.0,147.75152587890625,0.0652539608271557,0.9294207488014404,-3.2510727874535856,-3.748519472948319,-1.934789698896866,1.338446487067895,-0.5366732410908404,3.9780335586174727,-1.1548587734269913,1.6528720720371608
95.0,25.0,147.9192352294922,0.0655452949392259,1.836089043112144,-3.2839241304643627,-3.720578431687216,-1.934855369055965,1.338317702783033,-0.5369078437413514,3.979689948386082,-1.4951180857076845,1.653245525529728
95.0,25.0,148.278564453125,0.0655452949392259,1.846204438206961,-3.2839241304643627,-3.720578431687216,-1.93489342660382,1.338317702783033,-0.5369078437413514,3.9798768324976064,-1.4951037116727093,1.653245525529728
95.0,25.0,148.29237365722656,0.0655452949392259,1.7504730226578942,-3.250951855383473,-3.720578431687216,-1.934855369055965,1.371713885092804,-0.5369078437413514,3.9796925566676977,-1.4951180857076845,1.653245525529728
95.0,25.0,148.38961791992188,0.0652539608271557,0.948355982832523,-3.248943338641576,-3.7485334337414806,-1.9468436591599256,1.3342113137463705,-0.5365611361128232,3.9724521445307888,-1.1550532360987882,1.6528589278539745
95.0,25.0,148.41159057617188,-0.0241674419288238,1.7367491111060105,-3.282970454517311,-3.746407743767487,-1.9747489788837784,1.316804362189424,-0.5472238563895767,3.979692048275645,-1.4950128510117089,1.6528927680598842
95.0,25.0,148.46881103515625,-0.034158051760202,1.7367491111060105,-3.2817743218802016,-3.743032425543258,-1.976559116690179,1.316804362189424,-0.5474408996298414,3.979808737411996,-1.499833902199914,1.6535098731837363
95.0,25.0,148.49586486816406,0.0652539608271557,0.948355982832523,-3.248943338641576,-3.748509647868968,-1.9460723898367764,1.3341006968033178,-0.5365611361128232,3.977970591570723,-1.1550532360987882,1.6528663963544463
95.0,25.0,148.49586486816406,0.0652539608271557,0.948355982832523,-3.248943338641576,-3.748509647868968,-1.9460723898367764,1.3341006968033178,-0.5365611361128232,3.977970591570723,-1.1550532360987882,1.6528663963544463
95.0,25.0,148.69638061523438,0.0787982373953759,0.948355982832523,-3.2489376926981177,-3.746449949041995,-1.934778538660966,1.3388021106167314,-0.5365611361128232,3.979626008531405,-1.151622573703649,1.6528935914282
95.0,25.0,148.83023071289062,0.078930511880752,1.764650113153479,-3.2489376701129924,-3.746449249109472,-1.9349718444851336,1.338688410407172,-0.5365611361128232,3.9796925566676977,-1.4950862390857294,1.6541721283995217
95.0,25.0,148.8875732421875,0.078930511880752,1.764650113153479,-3.2489376701129924,-3.746449249109472,-1.9349718444851336,1.3386880484315975,-0.5365611361128232,3.9796925566676977,-1.4950862390857294,1.6529498618044702
95.0,25.0,148.97549438476562,0.0652539608271557,0.948355982832523,-3.3252447581193545,-3.748509647868968,-1.934789698896866,1.3956696964923512,-0.5366732410908404,3.977970591570723,-1.1548587734269913,1.6528663963544463
95.0,25.0,149.09889221191406,0.0652539608271557,0.9447206770989834,-3.3252447581193545,-3.748509647868968,-1.9460723898367764,1.333649859771007,-0.5365611361128232,4.01247094402139,-1.1750626777880613,1.6528663963544463
95.0,25.0,149.13885498046875,0.9815783388308628,1.7646138036248988,-3.250429020748458,-3.705476621090869,-1.930363215748563,1.856675678178707,0.3868508760985268,4.380200916729251,-1.4929523973728145,1.654227165690259
95.0,25.0,149.13885498046875,0.9815783388308628,1.7646138036248988,-3.250429020748458,-3.705476621090869,-1.930363215748563,1.856675678178707,0.3868508760985268,4.380200916729251,-1.4929523973728145,1.654227165690259
95.0,25.0,149.24136352539062,0.0656147486284707,1.836089043112144,-3.2796225953345224,-3.72078756809374,-1.934855369055965,1.338317702783033,0.37271197332377,3.979689948386082,-1.4951180857076845,1.653236903214718
95.0,25.0,149.2754669189453,0.0656147486284707,1.836089043112144,-3.2796225953345224,-3.7217122679900174,-1.934855369055965,1.3387251742468942,0.37271197332377,3.979689948386082,-1.4951180857076845,1.6532235584444677
95.0,25.0,149.28732299804688,0.0652539608271557,1.7745881440876967,-3.248943338641576,-3.748509647868968,-1.9312548276878945,1.2593551662422178,-0.5365611361128232,3.977970591570723,-1.1274423563996918,1.6528663963544463
95.0,25.0,149.28732299804688,0.0652539608271557,1.7745881440876967,-3.248943338641576,-3.748509647868968,-1.9312548276878945,1.2593551662422178,-0.5365611361128232,3.977970591570723,-1.1274423563996918,1.6528663963544463
95.0,25.0,149.38107299804688,0.0652539608271557,0.9442995872686296,-3.3252447581193545,-3.748509647868968,-1.9460723898367764,1.333629679701391,-0.5365611361128232,4.011924710404905,-1.1551681894497103,1.6528663963544463
95.0,25.0,149.44204711914062,0.9477091459900492,1.7547028148199948,-3.250429020748458,-3.7062758590250593,-1.9349849536313248,1.856675678178707,-0.511935240392594,4.005145493397633,-1.4929559278849418,1.652847727755853
95.0,25.0,149.44204711914062,0.9477091459900492,1.7547028148199948,-3.250429020748458,-3.7062758590250593,-1.9349849536313248,1.856675678178707,-0.511935240392594,4.005145493397633,-1.4929559278849418,1.652847727755853
95.0,25.0,149.47531127929688,0.079421852214201,1.7656812062965528,-3.250295136461152,-3.742517465472762,-1.933491061540649,1.3387193994682292,0.4123702290632938,3.9796925566676977,-1.4963554163210169,1.6534964454528982
95.0,25.0,149.52816772460938,0.0450613190399383,1.7547391243485748,-3.249107552966089,-3.747300544701077,-1.9350367534466493,1.338688410407172,-0.5567029427583248,4.004998416370222,-1.4950897695978569,1.6528003300317256
95.0,25.0,149.59336853027344,0.0640236202675584,1.7609886426589971,-3.281864098357726,-3.742547917330756,-1.973896928587548,1.3231952025602316,0.3867504134118333,3.975986827604851,-1.4996468313741032,1.6532497654360525
95.0,25.0,149.60198974609375,0.0640177698930179,1.7610721913429614,-3.281864098357726,-3.742547917330756,-1.9742826520471235,1.3230951692683466,0.3867504134118333,3.975986827604851,-1.4996468313741032,1.6534964454528982
95.0,25.0,149.60198974609375,0.0640177698930179,1.7610721913429614,-3.281864098357726,-3.742547917330756,-1.9742826520471235,1.3230951692683466,0.3867504134118333,3.975986827604851,-1.4996468313741032,1.6534964454528982
95.0,25.0,149.60198974609375,0.0640177698930179,1.7610721913429614,-3.281864098357726,-3.742547917330756,-1.9742826520471235,1.3230951692683466,0.3867504134118333,3.975986827604851,-1.4996468313741032,1.6534964454528982
95.0,25.0,149.61900329589844,0.0655452949392259,1.7504730226578942,-3.250951855383473,-3.751759613278685,-1.934855369055965,1.371713885092804,-0.5369078437413514,3.9800184979806494,-1.4951180857076845,1.6532512991378558
95.0,25.0,149.79360961914062,0.0785694062883771,1.7293912484045777,-3.252803713708528,-3.064846750850861,-1.934853475060614,1.3386844437510448,-0.5365611361128232,3.979820303906993,-1.495086247742747,1.653632561108404
95.0,25.0,149.8079376220703,0.0653862353125318,1.7290189585219278,-3.2489433160564505,-3.748508947936444,-1.946149220231776,1.333986615053435,-0.5365611361128232,3.978037139707016,-1.4985169014808688,1.6528705332325848
95.0,25.0,149.8079833984375,0.078930511880752,1.7290189585219278,-3.2489376701129924,-3.746449249109472,-1.934855369055965,1.3386880288668483,-0.5365611361128232,3.9796925566676977,-1.4950862390857294,1.6528977283063382
95.0,26.0,143.2520751953125,0.0652852655464013,1.7610721913429614,-3.281864098357726,-3.742645075778424,-1.9456781108198344,1.3382379244387286,0.3867504134118333,3.977812706071642,-1.1879272452881184,1.653496483394762
95.0,26.0,143.98268127441406,-0.0336716734299185,1.8517109810043724,-3.252803713708528,-2.956812971546243,-1.9457683785311768,1.3355022963837813,-0.5477079032581903,3.9798194230651975,-1.1611964467612197,1.653623469438988
95.0,26.0,143.99635314941406,0.0478946559332851,1.8117760155078368,-3.252629829408066,-2.956812971546243,-1.934894735100222,1.3355926162735563,-0.5365611361128232,3.979754772622925,-1.158882891758854,1.652838244229108
95.0,26.0,144.10980224609375,0.0656429036634917,1.796618524576854,-3.248943048969196,-3.746449949041995,-1.934778538660966,1.3339079036241774,-0.5365611361128232,3.977995363373276,-1.151622573703649,1.6528935914282
95.0,26.0,144.2780303955078,0.0655557723897203,1.765213058114156,-3.3252447581193545,-3.720592760248892,-1.932668430117488,1.333649859771007,-0.5365807538414151,4.013381980818344,-1.2070897626387147,1.6528663963544463
95.0,26.0,144.36367797851562,0.0652634223174749,1.8384149106396144,-3.2820928186083904,-3.748509647868968,-1.9464581132963523,1.33838342267232,-0.5365611361128232,3.9779422626336514,-1.183984340730465,1.6534944376962573
95.0,26.0,144.36585998535156,0.0652692726920154,1.8383313619556505,-3.2820928186083904,-3.748509647868968,-1.9460723898367764,1.3384834559642047,-0.5365611361128232,3.9779422626336514,-1.183984340730465,1.6532477576794116
95.0,26.0,144.69395446777344,0.0790362820814398,1.696349357584315,-3.2486782926654336,-3.7198843698133217,-1.9559416504759968,1.3381321462507865,-0.5365609701734975,3.9796925566676977,-0.0978413796320799,1.65324838472733
95.0,26.0,144.88076782226562,0.0652692726920154,1.6844280942555752,-3.2820928186083904,-3.748136957616567,-1.9571868183095875,1.3383159775548037,-0.5365611361128232,3.97792497290236,-0.0223805363154795,1.65324835498274
95.0,26.0,144.9918212890625,-0.038954410098818,0.948355982832523,-3.313953921195982,-3.7413561872291146,-1.9460600515447448,1.3341006968033178,-0.5365611361128232,3.970700293230022,-1.1550532360987882,1.6528496248007167
95.0,26.0,145.2926025390625,0.0785637596147092,1.6852164513911183,-3.2486782926654336,-3.7198843698133217,-2.466416421238693,1.338317702783033,-0.5365822332317842,3.9796925566676977,-0.0365504534293297,1.65324838472733
95.0,26.0,145.3338623046875,0.0543688859206164,1.811170498962104,-3.252629829408066,-2.9354489842799447,-1.93496406275722,1.338410438831546,-0.5365637823981039,3.979754772622925,-1.158882891758854,1.653513414321391
95.0,26.0,145.80128479003906,0.0652539608271557,1.765213058114156,-3.3252447581193545,-3.720387056627916,-1.8672942091404008,1.333649859771007,-0.5365712208549035,4.013381980818344,-1.2064544664187684,1.6528663963544463
95.0,26.0,145.93157958984375,0.0640267875875172,0.948355982832523,-3.3239623916620418,-3.717328466277498,-1.946018560013404,1.3341006968033178,-0.5365611361128232,3.970700293230022,-1.1550532360987882,1.6528496248007167
95.0,26.0,145.9501190185547,0.065402361578631,0.948355982832523,-3.3239623916620418,-3.71753203930256,-1.946018560013404,1.3341006968033178,-0.5365785092710161,3.971702764398396,-1.1550532360987882,1.6532504896651463
95.0,26.0,146.00982666015625,0.065402361578631,0.948355982832523,-3.3239623916620418,-3.719244521726722,-1.946018560013404,1.3341006968033178,-0.5369176545530026,3.971702764398396,-1.1550532360987882,1.653251751693198
95.0,26.0,146.0160369873047,0.065402361578631,0.948355982832523,-3.3239623916620418,-3.719244521726722,-1.9466178928732016,1.3341006968033178,-0.5369176545530026,3.971702764398396,-1.155054945577234,1.6533356188758837
95.0,26.0,146.02621459960938,0.0652539608271557,1.82118739290914,-3.2812690199207286,-3.748509647868968,-1.9460723898367764,1.3338925749505486,-0.5365611361128232,4.01247094402139,-1.1750626777880613,1.6528663963544463
95.0,26.0,146.24169921875,0.0652539608271557,0.948355982832523,-3.3252447581193545,-3.7214082822454952,-1.946427719012449,1.3341211222228546,-0.5365611361128232,3.977970591570723,-1.1550532360987882,1.6528663963544463
95.0,26.0,146.76026916503906,0.0652539608271557,0.9294207488014404,-3.319940325768476,-3.748519472948319,-1.934789698896866,1.3337664765648836,-0.5366732410908404,3.9780335586174727,-1.1548587734269913,1.652866020760141
95.0,26.0,146.8884735107422,0.0652692726920154,0.905645267760651,-3.278583364189766,-3.748509647868968,-1.946021285039184,1.3384834559642047,-0.5365611361128232,3.9779422626336514,-1.1559417390349214,1.6532477576794116
95.0,26.0,147.2176971435547,0.9853502671505192,1.8473637404434384,-3.2839241304643627,-3.706084779997216,-1.9303765429938995,1.338317702783033,-0.5369078437413514,3.9798768324976064,-1.4952284414453012,1.654334168461922
95.0,26.0,147.2252197265625,0.0640267875875172,0.948355982832523,-3.3239623916620418,-3.748509647868968,-1.946018560013404,1.3341006968033178,-0.5365611361128232,3.9710262345429737,-1.1550532360987882,1.6528553984088443
95.0,26.0,147.37705993652344,0.0652539608271557,0.948355982832523,-3.3252447581193545,-3.748509647868968,-1.9460723898367764,1.3341006968033178,-0.5365611361128232,3.977970591570723,-1.1550532360987882,1.6528663963544463
95.0,26.0,147.37705993652344,0.0652539608271557,0.948355982832523,-3.3252447581193545,-3.748509647868968,-1.9460723898367764,1.3341006968033178,-0.5365611361128232,3.977970591570723,-1.1550532360987882,1.6528663963544463
95.0,26.0,147.47613525390625,-0.0343436178510239,1.7290189585219278,-3.2477415374758825,-3.7430739308852408,-1.936665506862366,1.3386880288668483,-0.536778179353088,3.9798092458040486,-1.4999072902739343,1.6535148334301906
95.0,26.0,147.48780822753906,-0.0243530080196457,1.7290189585219278,-3.2489376701129924,-3.746449249109472,-1.934855369055965,1.3386880288668483,-0.5365611361128232,3.9796925566676977,-1.4950862390857294,1.6528977283063382
95.0,26.0,147.5290069580078,0.051574512604237,1.764650113153479,-3.2489376701129924,-3.702756598241981,-1.93496683899032,1.8630111187003648,-0.5365611361128232,3.9796925566676977,-1.495135670706495,1.6540892992939693
95.0,26.0,147.63137817382812,0.9477091459900492,1.7740273260834911,-3.248931692940533,-3.706723058790392,-1.9349849536313248,1.856675678178707,-0.509339143513018,4.005145493397633,-1.1078314121559418,1.652847727755853
95.0,26.0,147.75152587890625,0.0652539608271557,0.9294207488014404,-3.2510727874535856,-3.748519472948319,-1.934789698896866,1.338446487067895,-0.5366732410908404,3.9780335586174727,-1.1548587734269913,1.6528720720371608
95.0,26.0,147.9192352294922,0.0655452949392259,1.836089043112144,-3.2839241304643627,-3.720578431687216,-1.934855369055965,1.338317702783033,-0.5369078437413514,3.979689948386082,-1.4951180857076845,1.653245525529728
95.0,26.0,148.278564453125,0.0655452949392259,1.846204438206961,-3.2839241304643627,-3.720578431687216,-1.93489342660382,1.338317702783033,-0.5369078437413514,3.9798768324976064,-1.4951037116727093,1.653245525529728
95.0,26.0,148.29237365722656,0.0655452949392259,1.7504730226578942,-3.250951855383473,-3.720578431687216,-1.934855369055965,1.371713885092804,-0.5369078437413514,3.9796925566676977,-1.4951180857076845,1.653245525529728
95.0,26.0,148.35464477539062,0.0686375798353113,1.7290189585219278,-3.2577500079419424,-3.719046209933624,-1.9366240153310248,1.3386880288668483,-0.536778179353088,3.9798092458040486,-1.4999072902739343,1.6535148334301906
95.0,26.0,148.38961791992188,0.0652539608271557,0.948355982832523,-3.248943338641576,-3.7485334337414806,-1.9468436591599256,1.3342113137463705,-0.5365611361128232,3.9724521445307888,-1.1550532360987882,1.6528589278539745
95.0,26.0,148.41159057617188,-0.0241674419288238,1.7367491111060105,-3.282970454517311,-3.746407743767487,-1.9747489788837784,1.316804362189424,-0.5472238563895767,3.979692048275645,-1.4950128510117089,1.6528927680598842
95.0,26.0,148.46881103515625,-0.034158051760202,1.7367491111060105,-3.2817743218802016,-3.743032425543258,-1.976559116690179,1.316804362189424,-0.5474408996298414,3.979808737411996,-1.499833902199914,1.6535098731837363
95.0,26.0,148.49586486816406,0.0652539608271557,0.948355982832523,-3.248943338641576,-3.748509647868968,-1.9460723898367764,1.3341006968033178,-0.5365611361128232,3.977970591570723,-1.1550532360987882,1.6528663963544463
95.0,26.0,148.49586486816406,0.0652539608271557,0.948355982832523,-3.248943338641576,-3.748509647868968,-1.9460723898367764,1.3341006968033178,-0.5365611361128232,3.977970591570723,-1.1550532360987882,1.6528663963544463
95.0,26.0,148.5413818359375,0.0785637596147092,1.6852164513911183,-3.4681785710763657,-3.748429965211195,-2.466416421238693,1.3383573878772916,-0.5365822332317842,3.9796925566676977,-0.0821946452683319,1.65324838472733
95.0,26.0,148.69638061523438,0.0787982373953759,0.948355982832523,-3.2489376926981177,-3.746449949041995,-1.934778538660966,1.3388021106167314,-0.5365611361128232,3.979626008531405,-1.151622573703649,1.6528935914282
95.0,26.0,148.83023071289062,0.078930511880752,1.764650113153479,-3.2489376701129924,-3.746449249109472,-1.9349718444851336,1.338688410407172,-0.5365611361128232,3.9796925566676977,-1.4950862390857294,1.6541721283995217
95.0,26.0,148.85260009765625,0.079421852214201,1.7656812062965528,-3.320088804067098,-3.7485801152305975,-1.9348121949491268,1.3335122715015153,0.4123702290632938,3.9796925566676977,-1.485308043682302,1.6534964454528982
95.0,26.0,148.8875732421875,0.078930511880752,1.764650113153479,-3.2489376701129924,-3.746449249109472,-1.9349718444851336,1.3386880484315975,-0.5365611361128232,3.9796925566676977,-1.4950862390857294,1.6529498618044702
95.0,26.0,148.97549438476562,0.0652539608271557,0.948355982832523,-3.3252447581193545,-3.748509647868968,-1.934789698896866,1.3956696964923512,-0.5366732410908404,3.977970591570723,-1.1548587734269913,1.6528663963544463
95.0,26.0,149.09889221191406,0.0652539608271557,0.9447206770989834,-3.3252447581193545,-3.748509647868968,-1.9460723898367764,1.333649859771007,-0.5365611361128232,4.01247094402139,-1.1750626777880613,1.6528663963544463
95.0,26.0,149.13885498046875,0.9815783388308628,1.7646138036248988,-3.250429020748458,-3.705476621090869,-1.930363215748563,1.856675678178707,0.3868508760985268,4.380200916729251,-1.4929523973728145,1.654227165690259
95.0,26.0,149.13885498046875,0.9815783388308628,1.7646138036248988,-3.250429020748458,-3.705476621090869,-1.930363215748563,1.856675678178707,0.3868508760985268,4.380200916729251,-1.4929523973728145,1.654227165690259
95.0,26.0,149.24136352539062,0.0656147486284707,1.836089043112144,-3.2796225953345224,-3.72078756809374,-1.934855369055965,1.338317702783033,0.37271197332377,3.979689948386082,-1.4951180857076845,1.653236903214718
95.0,26.0,149.2754669189453,0.0656147486284707,1.836089043112144,-3.2796225953345224,-3.7217122679900174,-1.934855369055965,1.3387251742468942,0.37271197332377,3.979689948386082,-1.4951180857076845,1.6532235584444677
95.0,27.0,143.20803833007812,0.0790362820814398,1.696349357584315,-3.2486782926654336,-3.7198843698133217,-1.946332983733124,1.3381321462507865,-0.5365611311253462,3.979704681410428,-0.0978413796320799,1.3297511296512086
95.0,27.0,143.2520751953125,0.0652852655464013,1.7610721913429614,-3.281864098357726,-3.742645075778424,-1.9456781108198344,1.3382379244387286,0.3867504134118333,3.977812706071642,-1.1879272452881184,1.653496483394762
95.0,27.0,143.25526428222656,0.9853502671505192,1.8580281663207507,-3.2839241304643627,-3.706084779997216,-1.9303765429938995,1.338317702783033,-0.5369078437413514,3.980294538067045,-1.1479996982632534,1.654334168461922
95.0,27.0,143.42889404296875,-0.0338085593102891,0.9396938813291764,-3.3239623916620418,-3.71753203930256,-1.946018560013404,1.3384009661069485,-0.53656966911727,3.971702764398396,-1.163860279234619,1.6532504896651463
95.0,27.0,143.6953125,-0.031092203533576,1.9029548794938296,-3.3252447581193545,-3.7214082822454952,-1.945749451590788,1.3341211222228546,-0.5365611361128232,3.979935905806679,-1.1550183341862288,1.652789985383657
95.0,27.0,143.7066650390625,0.9640960129441268,1.8085923787332496,-3.248977182477521,-2.953351947452491,-1.9349645857506232,1.338410438831546,-0.5365637823981039,3.979754772622925,-1.158882891758854,1.653513414321391
95.0,27.0,143.8369140625,0.065279752490916,1.6699668240266348,-3.3239759138430864,-3.71669313022395,-1.946018560013404,1.3342549540582629,-0.5365611361128232,3.977329340771152,-0.0322779743730259,1.65287404659519
95.0,27.0,143.90390014648438,0.0652692726920154,1.8213784525804848,-3.281227223147375,-3.748509647868968,-1.9460723898367764,1.3387267502505684,-0.5365611361128232,3.979297020920807,-1.1840109830365857,1.6532477576794116
95.0,27.0,143.98268127441406,-0.0336716734299185,1.8517109810043724,-3.252803713708528,-2.956812971546243,-1.9457683785311768,1.3355022963837813,-0.5477079032581903,3.9798194230651975,-1.1611964467612197,1.653623469438988
95.0,27.0,143.99635314941406,0.0478946559332851,1.8117760155078368,-3.252629829408066,-2.956812971546243,-1.934894735100222,1.3355926162735563,-0.5365611361128232,3.979754772622925,-1.158882891758854,1.652838244229108
95.0,27.0,144.10980224609375,0.0656429036634917,1.796618524576854,-3.248943048969196,-3.746449949041995,-1.934778538660966,1.3339079036241774,-0.5365611361128232,3.977995363373276,-1.151622573703649,1.6528935914282
95.0,27.0,144.2286834716797,0.0652629128824241,1.8384149106396144,-3.2820928186083904,-3.748509647868968,-1.9354168723401528,1.333393922185883,-0.5366711137537693,3.9779422626336514,-1.1842984359359,1.6535169322466252
95.0,27.0,144.27149963378906,0.0790905022214405,1.7520359786132094,-3.3193315315466454,-3.7485801152305975,-1.9348121949491268,1.3335122715015153,0.4101742367751349,3.979680558030141,-1.150092377939929,1.6534964454528982
95.0,27.0,144.2780303955078,0.0655557723897203,1.765213058114156,-3.3252447581193545,-3.720592760248892,-1.932668430117488,1.333649859771007,-0.5365807538414151,4.013381980818344,-1.2070897626387147,1.6528663963544463
95.0,27.0,144.2780303955078,0.0655557723897203,1.765213058114156,-3.3252447581193545,-3.720592760248892,-1.932668430117488,1.333649859771007,-0.5365807538414151,4.013381980818344,-1.2070897626387147,1.6528663963544463
95.0,27.0,144.36367797851562,0.0652634223174749,1.8384149106396144,-3.2820928186083904,-3.748509647868968,-1.9464581132963523,1.33838342267232,-0.5365611361128232,3.9779422626336514,-1.183984340730465,1.6534944376962573
95.0,27.0,144.3649444580078,0.065402361578631,1.8639890013747755,-3.280102210029091,-3.71753203930256,-1.946019499047416,1.3396509111863155,-0.5365785092710161,3.977838929155085,-1.1552765477828766,1.6532504681346267
95.0,27.0,144.36585998535156,0.0652692726920154,1.8383313619556505,-3.2820928186083904,-3.748509647868968,-1.9460723898367764,1.3384834559642047,-0.5365611361128232,3.9779422626336514,-1.183984340730465,1.6532477576794116
95.0,27.0,144.69395446777344,0.0790362820814398,1.696349357584315,-3.2486782926654336,-3.7198843698133217,-1.9559416504759968,1.3381321462507865,-0.5365609701734975,3.9796925566676977,-0.0978413796320799,1.65324838472733
95.0,27.0,144.88076782226562,0.0652692726920154,1.6844280942555752,-3.2820928186083904,-3.748136957616567,-1.9571868183095875,1.3383159775548037,-0.5365611361128232,3.97792497290236,-0.0223805363154795,1.65324835498274
95.0,27.0,144.9918212890625,-0.038954410098818,0.948355982832523,-3.313953921195982,-3.7413561872291146,-1.9460600515447448,1.3341006968033178,-0.5365611361128232,3.970700293230022,-1.1550532360987882,1.6528496248007167
95.0,27.0,145.2926025390625,0.0785637596147092,1.6852164513911183,-3.2486782926654336,-3.7198843698133217,-2.466416421238693,1.338317702783033,-0.5365822332317842,3.9796925566676977,-0.0365504534293297,1.65324838472733
95.0,27.0,145.31298828125,-0.0201244490300374,0.8968620319871485,-3.248943464258601,-3.7485334337414806,-1.948441492848609,1.3342113137463705,-0.5365611361128232,3.9725551125867393,-1.1550532360987882,1.6528589278539745
95.0,27.0,145.32302856445312,0.0478946559332851,1.8117760155078368,-3.252629829408066,-3.776201053751878,-1.947588361486035,1.3341929753368529,-0.5365611361128232,3.979754772622925,-1.158882891758854,1.652838244229108
95.0,27.0,145.3338623046875,0.0543688859206164,1.811170498962104,-3.252629829408066,-2.9354489842799447,-1.93496406275722,1.338410438831546,-0.5365637823981039,3.979754772622925,-1.158882891758854,1.653513414321391
95.0,27.0,145.50929260253906,0.0652634223174749,1.8384149106396144,-3.282081656954714,-3.7479961168348015,-1.9464058021534625,1.33838342267232,-0.5070785884735459,3.9779422626336514,-1.1880024154774005,1.6534944376962573
95.0,27.0,145.66049194335938,0.0543688859206164,1.811170498962104,-3.252629829408066,-2.930065257696341,-1.93496406275722,1.338410438831546,-0.5365637823981039,3.978080475929143,-1.1550577453523414,1.653513414321391
95.0,27.0,145.67062377929688,0.8886708105639223,1.7290189585219278,-3.3237988297317087,-3.746449249109472,-1.9458184596222048,1.366361366542327,-0.5365611361128232,3.979645231514621,-1.15216055562337,1.652895440241521
95.0,27.0,145.7241668701172,-0.0344139798620223,0.948355982832523,-3.281644372541952,-3.7413898785301423,-1.9460600515447448,1.333930084185318,-0.5367454225775574,3.979194562435077,-1.1518746322185036,1.6528496248007167
95.0,27.0,145.80128479003906,0.0652539608271557,1.765213058114156,-3.3252447581193545,-3.720387056627916,-1.8672942091404008,1.333649859771007,-0.5365712208549035,4.013381980818344,-1.2064544664187684,1.6528663963544463
95.0,27.0,145.80189514160156,0.0652583245176324,1.765213058114156,-3.3252782756413173,-3.720456431115266,-1.8672942091404008,1.333649859771007,-0.5369267774987813,4.013381980818344,-1.2064544664187684,1.6528663963544463
95.0,27.0,145.83334350585938,0.0652852655464013,1.7610721913429614,-3.2818752600114025,-3.743158606812589,-1.9457304219627245,1.3382379244387286,0.3569682726831582,3.977812706071642,-1.1839091705411835,1.653496483394762
95.0,27.0,145.93157958984375,0.0640267875875172,0.948355982832523,-3.3239623916620418,-3.717328466277498,-1.946018560013404,1.3341006968033178,-0.5365611361128232,3.970700293230022,-1.1550532360987882,1.6528496248007167
95.0,27.0,145.9501190185547,0.065402361578631,0.948355982832523,-3.3239623916620418,-3.71753203930256,-1.946018560013404,1.3341006968033178,-0.5365785092710161,3.971702764398396,-1.1550532360987882,1.6532504896651463
95.0,27.0,146.00982666015625,0.065402361578631,0.948355982832523,-3.3239623916620418,-3.719244521726722,-1.946018560013404,1.3341006968033178,-0.5369176545530026,3.971702764398396,-1.1550532360987882,1.653251751693198
95.0,27.0,146.0160369873047,0.065402361578631,0.948355982832523,-3.3239623916620418,-3.719244521726722,-1.9466178928732016,1.3341006968033178,-0.5369176545530026,3.971702764398396,-1.155054945577234,1.6533356188758837
95.0,27.0,146.02621459960938,0.0652539608271557,1.82118739290914,-3.2812690199207286,-3.748509647868968,-1.9460723898367764,1.3338925749505486,-0.5365611361128232,4.01247094402139,-1.1750626777880613,1.6528663963544463
95.0,27.0,146.24169921875,0.0652539608271557,0.948355982832523,-3.3252447581193545,-3.7214082822454952,-1.946427719012449,1.3341211222228546,-0.5365611361128232,3.977970591570723,-1.1550532360987882,1.6528663963544463
95.0,27.0,146.51898193359375,-0.0336716734299185,1.8517109810043724,-3.3247069621074106,-3.763069321014656,-1.94577303891118,1.335479947222331,-0.5477079032581903,3.9798194230651975,-1.1044404377603028,1.652907602911252
95.0,27.0,146.76026916503906,0.0652539608271557,0.9294207488014404,-3.319940325768476,-3.748519472948319,-1.934789698896866,1.3337664765648836,-0.5366732410908404,3.9780335586174727,-1.1548587734269913,1.652866020760141
95.0,27.0,146.8884735107422,0.0652692726920154,0.905645267760651,-3.278583364189766,-3.748509647868968,-1.946021285039184,1.3384834559642047,-0.5365611361128232,3.9779422626336514,-1.1559417390349214,1.6532477576794116
95.0,27.0,147.2176971435547,0.9853502671505192,1.8473637404434384,-3.2839241304643627,-3.706084779997216,-1.9303765429938995,1.338317702783033,-0.5369078437413514,3.9798768324976064,-1.4952284414453012,1.654334168461922
95.0,27.0,147.2252197265625,0.0640267875875172,0.948355982832523,-3.3239623916620418,-3.748509647868968,-1.946018560013404,1.3341006968033178,-0.5365611361128232,3.9710262345429737,-1.1550532360987882,1.6528553984088443
95.0,27.0,147.23455810546875,-0.038954410098818,0.948355982832523,-3.313953921195982,-2.921968105014104,-1.9333664251589315,1.3355003377400216,-0.5365611361128232,3.970700293230022,-1.1550532360987882,1.6528496248007167
95.0,27.0,147.37705993652344,0.0652539608271557,0.948355982832523,-3.3252447581193545,-3.748509647868968,-1.9460723898367764,1.3341006968033178,-0.5365611361128232,3.977970591570723,-1.1550532360987882,1.6528663963544463
95.0,27.0,147.37705993652344,0.0652539608271557,0.948355982832523,-3.3252447581193545,-3.748509647868968,-1.9460723898367764,1.3341006968033178,-0.5365611361128232,3.977970591570723,-1.1550532360987882,1.6528663963544463
95.0,27.0,147.47613525390625,-0.0343436178510239,1.7290189585219278,-3.2477415374758825,-3.7430739308852408,-1.936665506862366,1.3386880288668483,-0.536778179353088,3.9798092458040486,-1.4999072902739343,1.6535148334301906
95.0,27.0,147.48780822753906,-0.0243530080196457,1.7290189585219278,-3.2489376701129924,-3.746449249109472,-1.934855369055965,1.3386880288668483,-0.5365611361128232,3.9796925566676977,-1.4950862390857294,1.6528977283063382
95.0,27.0,147.5290069580078,0.051574512604237,1.764650113153479,-3.2489376701129924,-3.702756598241981,-1.93496683899032,1.8630111187003648,-0.5365611361128232,3.9796925566676977,-1.495135670706495,1.6540892992939693
95.0,27.0,147.63137817382812,0.9477091459900492,1.7740273260834911,-3.248931692940533,-3.706723058790392,-1.9349849536313248,1.856675678178707,-0.509339143513018,4.005145493397633,-1.1078314121559418,1.652847727755853
95.0,28.0,141.41712951660156,-0.0340199033101632,1.7651291581789803,-3.281864098357726,-3.742645075778424,-1.9457658597792369,1.335501875346716,-0.5584093249954134,3.977928168064434,-1.1881739108289322,1.653496483394762
95.0,28.0,142.10340881347656,0.9663511002229188,1.8070542806667165,-3.25081636019976,-3.719244521726722,-1.9466178928732016,1.3341006968033178,-0.5369176545530026,3.952969558910776,-1.15514030628223,1.6535136434243216
95.0,28.0,142.48341369628906,0.0652692726920154,1.7303383663971696,-3.282056441559581,-3.746543325438749,-1.9571868183095875,1.3679723075287262,-0.5365611361128232,3.97792497290236,-0.0223805363154795,1.65324835498274
95.0,28.0,143.20803833007812,0.0790362820814398,1.696349357584315,-3.2486782926654336,-3.7198843698133217,-1.946332983733124,1.3381321462507865,-0.5365611311253462,3.979704681410428,-0.0978413796320799,1.3297511296512086
95.0,28.0,143.22537231445312,0.0652597214212664,1.7663240970956466,-3.282081656954714,-3.747569849510666,-1.9464058021534625,1.33838342267232,-0.536631079157949,3.9779422626336514,-1.1880024154774005,1.6534944376962573
95.0,28.0,143.2520751953125,0.0652852655464013,1.7610721913429614,-3.281864098357726,-3.742645075778424,-1.9456781108198344,1.3382379244387286,0.3867504134118333,3.977812706071642,-1.1879272452881184,1.653496483394762
95.0,28.0,143.25526428222656,0.9853502671505192,1.8580281663207507,-3.2839241304643627,-3.706084779997216,-1.9303765429938995,1.338317702783033,-0.5369078437413514,3.980294538067045,-1.1479996982632534,1.654334168461922
95.0,28.0,143.42889404296875,-0.0338085593102891,0.9396938813291764,-3.3239623916620418,-3.71753203930256,-1.946018560013404,1.3384009661069485,-0.53656966911727,3.971702764398396,-1.163860279234619,1.6532504896651463
95.0,28.0,143.42889404296875,-0.0338085593102891,0.9396938813291764,-3.3239623916620418,-3.71753203930256,-1.946018560013404,1.3384009661069485,-0.53656966911727,3.971702764398396,-1.163860279234619,1.6532504896651463
95.0,28.0,143.50253295898438,0.0652673476340365,1.796618524576854,-3.28344074818735,-3.746449949041995,-1.934778538660966,1.3338337308955206,-0.5365611361128232,3.9779262664490416,-1.151622573703649,1.6528935914282
95.0,28.0,143.57879638671875,0.0478946559332851,1.7729477581307291,-3.252629829408066,-2.956812971546243,-1.935205962790587,1.3356461238677515,-0.5365660800220231,3.9797676732787566,-1.158882891758854,1.6528497564200275
95.0,28.0,143.66549682617188,0.0652816745757242,1.7610721913429614,-3.2818752600114025,-3.742886625716185,-1.9458819901761977,1.3382379244387286,-0.5433186451236474,3.9780174491866886,-1.2055519543293225,1.652855841705486
95.0,28.0,143.6953125,-0.031092203533576,1.9029548794938296,-3.3252447581193545,-3.7214082822454952,-1.945749451590788,1.3341211222228546,-0.5365611361128232,3.979935905806679,-1.1550183341862288,1.652789985383657
95.0,28.0,143.6953125,-0.031092203533576,1.9029548794938296,-3.3252447581193545,-3.7214082822454952,-1.945749451590788,1.3341211222228546,-0.5365611361128232,3.979935905806679,-1.1550183341862288,1.652789985383657
95.0,28.0,143.7066650390625,0.9640960129441268,1.8085923787332496,-3.248977182477521,-2.953351947452491,-1.9349645857506232,1.338410438831546,-0.5365637823981039,3.979754772622925,-1.158882891758854,1.653513414321391
95.0,28.0,143.83299255371094,0.065279752490916,1.6699668240266348,-3.3239759138430864,-3.716507195759969,-1.946018018471672,1.3342549540582629,-0.5365611361128232,3.977329340771152,-0.0322779743730259,1.6528219279955287
95.0,28.0,143.8369140625,0.065279752490916,1.6699668240266348,-3.3239759138430864,-3.71669313022395,-1.946018560013404,1.3342549540582629,-0.5365611361128232,3.977329340771152,-0.0322779743730259,1.65287404659519
95.0,28.0,143.90390014648438,0.0652692726920154,1.8213784525804848,-3.281227223147375,-3.748509647868968,-1.9460723898367764,1.3387267502505684,-0.5365611361128232,3.979297020920807,-1.1840109830365857,1.6532477576794116
95.0,28.0,143.90390014648438,0.0652692726920154,1.8213784525804848,-3.281227223147375,-3.748509647868968,-1.9460723898367764,1.3387267502505684,-0.5365611361128232,3.979297020920807,-1.1840109830365857,1.6532477576794116
95.0,28.0,143.90951538085938,0.0652692726920154,1.8213784525804848,-3.281227223147375,-3.7486955823329486,-1.946072931378508,1.3387267502505684,-0.5365611361128232,3.979297020920807,-1.1840109830365857,1.653299876279073
95.0,28.0,143.98268127441406,-0.0336716734299185,1.8517109810043724,-3.252803713708528,-2.956812971546243,-1.9457683785311768,1.3355022963837813,-0.5477079032581903,3.9798194230651975,-1.1611964467612197,1.653623469438988
95.0,28.0,143.99635314941406,0.0478946559332851,1.8117760155078368,-3.252629829408066,-2.956812971546243,-1.934894735100222,1.3355926162735563,-0.5365611361128232,3.979754772622925,-1.158882891758854,1.652838244229108
95.0,28.0,144.10980224609375,0.0656429036634917,1.796618524576854,-3.248943048969196,-3.746449949041995,-1.934778538660966,1.3339079036241774,-0.5365611361128232,3.977995363373276,-1.151622573703649,1.6528935914282
95.0,28.0,144.2286834716797,0.0652629128824241,1.8384149106396144,-3.2820928186083904,-3.748509647868968,-1.9354168723401528,1.333393922185883,-0.5366711137537693,3.9779422626336514,-1.1842984359359,1.6535169322466252
95.0,28.0,144.27149963378906,0.0790905022214405,1.7520359786132094,-3.3193315315466454,-3.7485801152305975,-1.9348121949491268,1.3335122715015153,0.4101742367751349,3.979680558030141,-1.150092377939929,1.6534964454528982
95.0,28.0,144.2780303955078,0.0655557723897203,1.765213058114156,-3.3252447581193545,-3.720592760248892,-1.932668430117488,1.333649859771007,-0.5365807538414151,4.013381980818344,-1.2070897626387147,1.6528663963544463
95.0,28.0,144.2780303955078,0.0655557723897203,1.765213058114156,-3.3252447581193545,-3.720592760248892,-1.932668430117488,1.333649859771007,-0.5365807538414151,4.013381980818344,-1.2070897626387147,1.6528663963544463
95.0,28.0,144.36367797851562,0.0652634223174749,1.8384149106396144,-3.2820928186083904,-3.748509647868968,-1.9464581132963523,1.33838342267232,-0.5365611361128232,3.9779422626336514,-1.183984340730465,1.6534944376962573
95.0,28.0,144.3649444580078,0.065402361578631,1.8639890013747755,-3.280102210029091,-3.71753203930256,-1.946019499047416,1.3396509111863155,-0.5365785092710161,3.977838929155085,-1.1552765477828766,1.6532504681346267
95.0,28.0,144.3649444580078,0.065402361578631,1.8639890013747755,-3.280102210029091,-3.71753203930256,-1.946019499047416,1.3396509111863155,-0.5365785092710161,3.977838929155085,-1.1552765477828766,1.6532504681346267
95.0,28.0,144.36585998535156,0.0652692726920154,1.8383313619556505,-3.2820928186083904,-3.748509647868968,-1.9460723898367764,1.3384834559642047,-0.5365611361128232,3.9779422626336514,-1.183984340730465,1.6532477576794116
95.0,28.0,144.37400817871094,0.0652692726920154,1.7324268667122265,-3.278358321252371,-3.748540906687349,-1.946533300431809,1.3384834559642047,-0.5365611361128232,3.9779422626336514,-1.1559417390349214,1.6529213024571736
95.0,28.0,144.69395446777344,0.0790362820814398,1.696349357584315,-3.2486782926654336,-3.7198843698133217,-1.9559416504759968,1.3381321462507865,-0.5365609701734975,3.9796925566676977,-0.0978413796320799,1.65324838472733
95.0,28.0,144.88076782226562,0.0652692726920154,1.6844280942555752,-3.2820928186083904,-3.748136957616567,-1.9571868183095875,1.3383159775548037,-0.5365611361128232,3.97792497290236,-0.0223805363154795,1.65324835498274
95.0,28.0,144.94818115234375,0.975061507663295,1.8552159067859864,-3.313953921195982,-3.7413561872291146,-2.462803827939375,1.3341006968033178,-0.5365616728152063,3.970700293230022,-1.1550532360987882,1.6528496248007167
95.0,28.0,144.9918212890625,-0.038954410098818,0.948355982832523,-3.313953921195982,-3.7413561872291146,-1.9460600515447448,1.3341006968033178,-0.5365611361128232,3.970700293230022,-1.1550532360987882,1.6528496248007167
95.0,28.0,145.2926025390625,0.0785637596147092,1.6852164513911183,-3.2486782926654336,-3.7198843698133217,-2.466416421238693,1.338317702783033,-0.5365822332317842,3.9796925566676977,-0.0365504534293297,1.65324838472733
95.0,28.0,145.31298828125,-0.0201244490300374,0.8968620319871485,-3.248943464258601,-3.7485334337414806,-1.948441492848609,1.3342113137463705,-0.5365611361128232,3.9725551125867393,-1.1550532360987882,1.6528589278539745
95.0,28.0,145.32302856445312,0.0478946559332851,1.8117760155078368,-3.252629829408066,-3.776201053751878,-1.947588361486035,1.3341929753368529,-0.5365611361128232,3.979754772622925,-1.158882891758854,1.652838244229108
95.0,28.0,145.3338623046875,0.0543688859206164,1.811170498962104,-3.252629829408066,-2.9354489842799447,-1.93496406275722,1.338410438831546,-0.5365637823981039,3.979754772622925,-1.158882891758854,1.653513414321391
95.0,28.0,145.433837890625,0.0543688859206164,1.811170498962104,-3.252629829408066,-2.9354489842799447,-1.93496406275722,1.3381667445173355,-0.5365609323355828,3.979628664666505,-1.1551309161224297,1.653513414321391
95.0,28.0,145.50929260253906,0.0652634223174749,1.8384149106396144,-3.282081656954714,-3.7479961168348015,-1.9464058021534625,1.33838342267232,-0.5070785884735459,3.9779422626336514,-1.1880024154774005,1.6534944376962573
95.0,28.0,145.60850524902344,0.0661802498947313,1.6962831554300744,-3.3234933968278364,-3.7206080114068696,-1.9559416504759968,1.3336561488141976,-0.5365818164003026,3.9796925566676977,-1.2102604747299903,1.6528889972185674
95.0,28.0,145.66049194335938,0.0543688859206164,1.811170498962104,-3.252629829408066,-2.930065257696341,-1.93496406275722,1.338410438831546,-0.5365637823981039,3.978080475929143,-1.1550577453523414,1.653513414321391
95.0,28.0,145.67062377929688,0.8886708105639223,1.7290189585219278,-3.3237988297317087,-3.746449249109472,-1.9458184596222048,1.366361366542327,-0.5365611361128232,3.979645231514621,-1.15216055562337,1.652895440241521
95.0,28.0,145.7241668701172,-0.0344139798620223,0.948355982832523,-3.281644372541952,-3.7413898785301423,-1.9460600515447448,1.333930084185318,-0.5367454225775574,3.979194562435077,-1.1518746322185036,1.6528496248007167
95.0,28.0,145.73947143554688,0.0655593633603975,1.765213058114156,-3.3252447581193545,-3.720864741345297,-1.9325168619040147,1.333649859771007,0.3637061639653905,4.013177237703298,-1.185446978850576,1.653507038043723
95.0,28.0,145.80128479003906,0.0652539608271557,1.765213058114156,-3.3252447581193545,-3.720387056627916,-1.8672942091404008,1.333649859771007,-0.5365712208549035,4.013381980818344,-1.2064544664187684,1.6528663963544463
95.0,28.0,145.80189514160156,0.0652583245176324,1.765213058114156,-3.3252782756413173,-3.720456431115266,-1.8672942091404008,1.333649859771007,-0.5369267774987813,4.013381980818344,-1.2064544664187684,1.6528663963544463
95.0,28.0,145.80189514160156,0.0652583245176324,1.765213058114156,-3.3252782756413173,-3.720456431115266,-1.8672942091404008,1.333649859771007,-0.5369267774987813,4.013381980818344,-1.2064544664187684,1.6528663963544463
95.0,29.0,140.74542236328125,0.0790362820814398,1.76195810008495,-3.308290431632487,-3.749401460954221,-1.9463324941578843,1.3383803579627374,-0.5365611311253462,3.979704681410428,-0.0978413796320799,1.3297511296512086
95.0,29.0,140.97604370117188,-0.0338085593102891,1.83285429815578,-3.283389598184087,-3.7188443658571,-1.946018560013404,1.338400861065486,-0.53656966911727,3.9779614321340167,-1.163870106247523,1.6534931978440597
95.0,29.0,141.41712951660156,-0.0340199033101632,1.7651291581789803,-3.281864098357726,-3.742645075778424,-1.9457658597792369,1.335501875346716,-0.5584093249954134,3.977928168064434,-1.1881739108289322,1.653496483394762
95.0,29.0,141.91891479492188,-0.0330263850797738,1.6852164513911183,-3.32432319102414,-3.721407031515312,-2.466416421238693,1.3344681189019192,-0.5365822332317842,3.979705920106498,-0.0365504534293297,1.65324838472733
95.0,29.0,142.10340881347656,0.9663511002229188,1.8070542806667165,-3.25081636019976,-3.719244521726722,-1.9466178928732016,1.3341006968033178,-0.5369176545530026,3.952969558910776,-1.15514030628223,1.6535136434243216
95.0,29.0,142.29995727539062,0.0652692726920154,1.8083159588206992,-3.281367429889293,-3.714777075810111,-1.9460181776222865,1.338718130543102,-0.5365614455995599,3.979297020920807,-1.1635404965042964,1.6532477576794116
95.0,29.0,142.3450164794922,0.0479706390664598,1.7729477581307291,-3.252629829408066,-3.728446523607341,-1.9459624660189063,1.3356124373890068,-0.5365660800220231,3.9797016731544472,-1.1371760919938243,1.3355072988940742
95.0,29.0,142.48341369628906,0.0652692726920154,1.7303383663971696,-3.282056441559581,-3.746543325438749,-1.9571868183095875,1.3679723075287262,-0.5365611361128232,3.97792497290236,-0.0223805363154795,1.65324835498274
95.0,29.0,142.48341369628906,0.0652692726920154,1.7303383663971696,-3.282056441559581,-3.746543325438749,-1.9571868183095875,1.3679723075287262,-0.5365611361128232,3.97792497290236,-0.0223805363154795,1.65324835498274
95.0,29.0,142.556640625,0.9663511002229188,1.8070542806667165,-3.250828233803965,-3.730603526006938,-1.9466178928732016,1.333998408060881,-0.5369841732541231,3.97679331084049,-1.1551176975089918,1.6535136434243216
95.0,29.0,142.68991088867188,0.065402361578631,1.8099264296370443,-3.280102210029091,-3.7192515294816726,-1.946019499047416,1.3341981265218412,-0.5365785092710161,3.977838929155085,-1.1552765477828766,1.6532504681346267
95.0,29.0,142.9365234375,0.0652797042589806,1.7942583323129555,-3.3239759138430864,-3.7164279859382594,-1.9341281679391689,1.33423239060179,-0.5365611361128232,3.977329340771152,-0.0639582681529131,0.66957093910505
95.0,29.0,143.20803833007812,0.0790362820814398,1.696349357584315,-3.2486782926654336,-3.7198843698133217,-1.946332983733124,1.3381321462507865,-0.5365611311253462,3.979704681410428,-0.0978413796320799,1.3297511296512086
95.0,29.0,143.22537231445312,0.0652597214212664,1.7663240970956466,-3.282081656954714,-3.747569849510666,-1.9464058021534625,1.33838342267232,-0.536631079157949,3.9779422626336514,-1.1880024154774005,1.6534944376962573
95.0,29.0,143.2520751953125,0.0652852655464013,1.7610721913429614,-3.281864098357726,-3.742645075778424,-1.9456781108198344,1.3382379244387286,0.3867504134118333,3.977812706071642,-1.1879272452881184,1.653496483394762
95.0,29.0,143.25526428222656,0.9853502671505192,1.8580281663207507,-3.2839241304643627,-3.706084779997216,-1.9303765429938995,1.338317702783033,-0.5369078437413514,3.980294538067045,-1.1479996982632534,1.654334168461922
95.0,29.0,143.25526428222656,0.9853502671505192,1.8580281663207507,-3.2839241304643627,-3.706084779997216,-1.9303765429938995,1.338317702783033,-0.5369078437413514,3.980294538067045,-1.1479996982632534,1.654334168461922
95.0,29.0,143.25657653808594,0.0652848896093204,1.7553419844192235,-3.282088594140362,-3.748112664182809,-1.9354168723401528,1.333393922185883,-0.5366711137537693,3.9779422626336514,-1.1879395365120389,1.653496615645267
95.0,29.0,143.42889404296875,-0.0338085593102891,0.9396938813291764,-3.3239623916620418,-3.71753203930256,-1.946018560013404,1.3384009661069485,-0.53656966911727,3.971702764398396,-1.163860279234619,1.6532504896651463
95.0,29.0,143.42889404296875,-0.0338085593102891,0.9396938813291764,-3.3239623916620418,-3.71753203930256,-1.946018560013404,1.3384009661069485,-0.53656966911727,3.971702764398396,-1.163860279234619,1.6532504896651463
95.0,29.0,143.50042724609375,0.0652673476340365,1.796618524576854,-3.2839206129652085,-3.746449949041995,-1.9348379534634927,1.3338337308955206,-0.5369030062230221,3.978110919511084,-1.151622573703649,1.6528935914282
95.0,29.0,143.50253295898438,0.0652673476340365,1.796618524576854,-3.28344074818735,-3.746449949041995,-1.934778538660966,1.3338337308955206,-0.5365611361128232,3.9779262664490416,-1.151622573703649,1.6528935914282
95.0,29.0,143.57879638671875,0.0478946559332851,1.7729477581307291,-3.252629829408066,-2.956812971546243,-1.935205962790587,1.3356461238677515,-0.5365660800220231,3.9797676732787566,-1.158882891758854,1.6528497564200275
95.0,29.0,143.66549682617188,0.0652816745757242,1.7610721913429614,-3.2818752600114025,-3.742886625716185,-1.9458819901761977,1.3382379244387286,-0.5433186451236474,3.9780174491866886,-1.2055519543293225,1.652855841705486
95.0,29.0,143.6953125,-0.031092203533576,1.9029548794938296,-3.3252447581193545,-3.7214082822454952,-1.945749451590788,1.3341211222228546,-0.5365611361128232,3.979935905806679,-1.1550183341862288,1.652789985383657
95.0,29.0,143.6953125,-0.031092203533576,1.9029548794938296,-3.3252447581193545,-3.7214082822454952,-1.945749451590788,1.3341211222228546,-0.5365611361128232,3.979935905806679,-1.1550183341862288,1.652789985383657
95.0,29.0,143.7066650390625,0.9640960129441268,1.8085923787332496,-3.248977182477521,-2.953351947452491,-1.9349645857506232,1.338410438831546,-0.5365637823981039,3.979754772622925,-1.158882891758854,1.653513414321391
95.0,29.0,143.83299255371094,0.065279752490916,1.6699668240266348,-3.3239759138430864,-3.716507195759969,-1.946018018471672,1.3342549540582629,-0.5365611361128232,3.977329340771152,-0.0322779743730259,1.6528219279955287
95.0,29.0,143.8369140625,0.065279752490916,1.6699668240266348,-3.3239759138430864,-3.71669313022395,-1.946018560013404,1.3342549540582629,-0.5365611361128232,3.977329340771152,-0.0322779743730259,1.65287404659519
95.0,29.0,143.86978149414062,0.9717205580226214,1.6808552671621355,-3.28128692579708,-3.613396403757856,-1.9561067600743232,1.3383159775548037,-0.5365617036808825,3.97792497290236,-0.0223805363154795,1.6532561525760934
95.0,29.0,143.90390014648438,0.0652692726920154,1.8213784525804848,-3.281227223147375,-3.748509647868968,-1.9460723898367764,1.3387267502505684,-0.5365611361128232,3.979297020920807,-1.1840109830365857,1.6532477576794116
95.0,29.0,143.90390014648438,0.0652692726920154,1.8213784525804848,-3.281227223147375,-3.748509647868968,-1.9460723898367764,1.3387267502505684,-0.5365611361128232,3.979297020920807,-1.1840109830365857,1.6532477576794116
95.0,29.0,143.9075164794922,-0.0338860641957788,1.8459661299355243,-3.248943464258601,-3.7485334337414806,-1.948441492848609,1.3355025134381229,-0.5591931562691315,3.9724687501839737,-1.1550532360987882,1.6528379863844942
95.0,29.0,143.90951538085938,0.0652692726920154,1.8213784525804848,-3.281227223147375,-3.7486955823329486,-1.946072931378508,1.3387267502505684,-0.5365611361128232,3.979297020920807,-1.1840109830365857,1.653299876279073
95.0,29.0,143.98268127441406,-0.0336716734299185,1.8517109810043724,-3.252803713708528,-2.956812971546243,-1.9457683785311768,1.3355022963837813,-0.5477079032581903,3.9798194230651975,-1.1611964467612197,1.653623469438988
95.0,29.0,143.99635314941406,0.0478946559332851,1.8117760155078368,-3.252629829408066,-2.956812971546243,-1.934894735100222,1.3355926162735563,-0.5365611361128232,3.979754772622925,-1.158882891758854,1.652838244229108
95.0,29.0,144.10980224609375,0.0656429036634917,1.796618524576854,-3.248943048969196,-3.746449949041995,-1.934778538660966,1.3339079036241774,-0.5365611361128232,3.977995363373276,-1.151622573703649,1.6528935914282
95.0,29.0,144.1295928955078,0.9315065217934216,1.861116852404447,-3.25081636019976,-3.717525031547609,-1.9466178928732016,1.3395534814677923,-0.5369176545530026,3.952969558910776,-1.15514030628223,1.6535136434243216
95.0,29.0,144.2286834716797,0.0652629128824241,1.8384149106396144,-3.2820928186083904,-3.748509647868968,-1.9354168723401528,1.333393922185883,-0.5366711137537693,3.9779422626336514,-1.1842984359359,1.6535169322466252
95.0,29.0,144.27149963378906,0.0790905022214405,1.7520359786132094,-3.3193315315466454,-3.7485801152305975,-1.9348121949491268,1.3335122715015153,0.4101742367751349,3.979680558030141,-1.150092377939929,1.6534964454528982
95.0,29.0,144.2780303955078,0.0655557723897203,1.765213058114156,-3.3252447581193545,-3.720592760248892,-1.932668430117488,1.333649859771007,-0.5365807538414151,4.013381980818344,-1.2070897626387147,1.6528663963544463
95.0,29.0,144.2780303955078,0.0655557723897203,1.765213058114156,-3.3252447581193545,-3.720592760248892,-1.932668430117488,1.333649859771007,-0.5365807538414151,4.013381980818344,-1.2070897626387147,1.6528663963544463
95.0,29.0,144.36367797851562,0.0652634223174749,1.8384149106396144,-3.2820928186083904,-3.748509647868968,-1.9464581132963523,1.33838342267232,-0.5365611361128232,3.9779422626336514,-1.183984340730465,1.6534944376962573
95.0,29.0,144.3649444580078,0.065402361578631,1.8639890013747755,-3.280102210029091,-3.71753203930256,-1.946019499047416,1.3396509111863155,-0.5365785092710161,3.977838929155085,-1.1552765477828766,1.6532504681346267
95.0,29.0,144.3649444580078,0.065402361578631,1.8639890013747755,-3.280102210029091,-3.71753203930256,-1.946019499047416,1.3396509111863155,-0.5365785092710161,3.977838929155085,-1.1552765477828766,1.6532504681346267
95.0,29.0,144.36585998535156,0.0652692726920154,1.8383313619556505,-3.2820928186083904,-3.748509647868968,-1.9460723898367764,1.3384834559642047,-0.5365611361128232,3.9779422626336514,-1.183984340730465,1.6532477576794116
95.0,29.0,144.37400817871094,0.0652692726920154,1.7324268667122265,-3.278358321252371,-3.748540906687349,-1.946533300431809,1.3384834559642047,-0.5365611361128232,3.9779422626336514,-1.1559417390349214,1.6529213024571736
95.0,29.0,144.39260864257812,0.0652692726920154,1.8387365935331863,-3.28121674528343,-3.748509647868968,-1.9460723898367764,1.3384834559642047,-0.5365611361128232,3.9779422626336514,-1.183980773067444,1.6532477576794116
95.0,29.0,144.470458984375,0.0652692726920154,1.6897846830909615,-3.2820928186083904,-3.748136957616567,-1.957441319836652,1.3383083637443494,-0.5365611361128232,3.97792497290236,-0.0223805363154795,1.65325038026258
95.0,29.0,144.4757843017578,0.0652853020336997,1.8219751037557084,-3.2818677794853857,-3.748902369725428,-1.9456781108198344,1.3382379244387286,-0.5163844655407147,3.977812706071642,-1.187635480316588,1.653273572660905
95.0,30.0,138.28143310546875,0.0652692726920154,1.7749798687852107,-3.308512285058748,-3.714777075810111,-1.9463546051361469,1.338718130543102,-0.5365611103029251,3.979297020920807,-0.092072799310057,1.325081681810369
95.0,30.0,139.818115234375,0.9621068885686062,1.794339800208849,-3.280534314439363,-3.613396403757856,-1.9561067600743232,1.3383159775548037,-0.5365611662289589,3.97792497290236,-0.0235524458659239,1.6532561525760934
95.0,30.0,140.74542236328125,0.0790362820814398,1.76195810008495,-3.308290431632487,-3.749401460954221,-1.9463324941578843,1.3383803579627374,-0.5365611311253462,3.979704681410428,-0.0978413796320799,1.3297511296512086
95.0,30.0,140.95651245117188,0.9663511002229188,1.8070542806667165,-3.3749608514943064,-3.719240994604421,-1.9466082842538144,1.3341006968033178,-0.5369178529154418,3.952969558910776,-1.15514030628223,1.6535136434243216
95.0,30.0,140.97604370117188,-0.0338085593102891,1.83285429815578,-3.283389598184087,-3.7188443658571,-1.946018560013404,1.338400861065486,-0.53656966911727,3.9779614321340167,-1.163870106247523,1.6534931978440597
95.0,30.0,141.0299072265625,0.0845201218057502,1.7626259158565465,-3.2486782926654336,-3.7198843698133217,-1.9463258115669413,1.3352860808798657,-0.556864123519832,3.979648636841429,-0.0978413796320799,1.3297511296512086
95.0,30.0,141.2039337158203,0.0148825209412576,1.820479645633925,-3.2839241304643627,-3.706084779997216,-1.9464289447675456,1.338317702783033,-0.5369078437413514,3.979265190581621,-1.1479996982632534,1.654334168461922
95.0,30.0,141.41712951660156,-0.0340199033101632,1.7651291581789803,-3.281864098357726,-3.742645075778424,-1.9457658597792369,1.335501875346716,-0.5584093249954134,3.977928168064434,-1.1881739108289322,1.653496483394762
95.0,30.0,141.4678192138672,0.9663511002229188,1.7647551849255176,-3.2829241137474128,-3.730603526006938,-1.946617926864597,1.333998408060881,-0.5369841732541231,3.976777926247674,-1.1867587751948312,1.6535136434243216
95.0,30.0,141.50567626953125,-0.0330263850797738,1.8245950699263047,-3.2825406624526323,-3.718506150835755,-1.9224261586654936,1.3344493703183105,-0.595070111808758,3.979741435698934,-0.0128726563016607,1.65324838472733
95.0,30.0,141.55645751953125,-0.0338085593102891,1.83285429815578,-3.249917929057235,-3.718847892979401,-1.9460281686327907,1.338400861065486,-0.5365694707548306,3.9779614321340167,-1.163870106247523,1.6534931978440597
95.0,30.0,141.91891479492188,-0.0330263850797738,1.6852164513911183,-3.32432319102414,-3.721407031515312,-2.466416421238693,1.3344681189019192,-0.5365822332317842,3.979705920106498,-0.0365504534293297,1.65324838472733
95.0,30.0,142.10340881347656,0.9663511002229188,1.8070542806667165,-3.25081636019976,-3.719244521726722,-1.9466178928732016,1.3341006968033178,-0.5369176545530026,3.952969558910776,-1.15514030628223,1.6535136434243216
95.0,30.0,142.2479248046875,0.0478946559332851,1.8065753825801056,-3.252524947382892,-3.71030640185972,-1.9472270182277287,1.3340630321170672,-0.5365660800220231,3.979822877922041,-1.1553189290251884,1.653523045088844
95.0,30.0,142.29995727539062,0.0652692726920154,1.8083159588206992,-3.281367429889293,-3.714777075810111,-1.9460181776222865,1.338718130543102,-0.5365614455995599,3.979297020920807,-1.1635404965042964,1.6532477576794116
95.0,30.0,142.3450164794922,0.0479706390664598,1.7729477581307291,-3.252629829408066,-3.728446523607341,-1.9459624660189063,1.3356124373890068,-0.5365660800220231,3.9797016731544472,-1.1371760919938243,1.3355072988940742
95.0,30.0,142.48341369628906,0.0652692726920154,1.7303383663971696,-3.282056441559581,-3.746543325438749,-1.9571868183095875,1.3679723075287262,-0.5365611361128232,3.97792497290236,-0.0223805363154795,1.65324835498274
95.0,30.0,142.48341369628906,0.0652692726920154,1.7303383663971696,-3.282056441559581,-3.746543325438749,-1.9571868183095875,1.3679723075287262,-0.5365611361128232,3.97792497290236,-0.0223805363154795,1.65324835498274
95.0,30.0,142.5404510498047,0.0651752711476975,1.8087316911457632,-3.280102210029091,-3.719274992080052,-1.9459605251804544,1.335561821880217,-0.5365785092710161,3.977838929155085,-1.1552765477828766,1.655876561584395
95.0,30.0,142.556640625,0.9663511002229188,1.8070542806667165,-3.250828233803965,-3.730603526006938,-1.9466178928732016,1.333998408060881,-0.5369841732541231,3.97679331084049,-1.1551176975089918,1.6535136434243216
95.0,30.0,142.68991088867188,0.065402361578631,1.8099264296370443,-3.280102210029091,-3.7192515294816726,-1.946019499047416,1.3341981265218412,-0.5365785092710161,3.977838929155085,-1.1552765477828766,1.6532504681346267
95.0,30.0,142.7621612548828,0.9663511002229188,1.7734266562173395,-3.2509212422249347,-2.965751091412562,-1.93459683743606,1.3356837885540025,-0.5369176545530026,3.952914354267492,-1.1587042690158955,1.6528403547555053
95.0,30.0,142.9365234375,0.0652797042589806,1.7942583323129555,-3.3239759138430864,-3.7164279859382594,-1.9341281679391689,1.33423239060179,-0.5365611361128232,3.977329340771152,-0.0639582681529131,0.66957093910505
95.0,30.0,143.03204345703125,-0.0330263850797738,1.6852164513911183,-3.326162739829468,-3.746646838926105,-2.4618114398135087,1.3364472991823189,-0.5365821894463755,3.97789397694027,-0.0365504534293297,1.65324838472733
95.0,30.0,143.207763671875,0.0652673476340365,1.7664308021790114,-3.2839206129652085,-3.747539144972483,-1.9465242414378656,1.3338337308955206,-0.5369030062230221,3.978110919511084,-1.1840731088680212,1.652886466151849
95.0,30.0,143.20803833007812,0.0790362820814398,1.696349357584315,-3.2486782926654336,-3.7198843698133217,-1.946332983733124,1.3381321462507865,-0.5365611311253462,3.979704681410428,-0.0978413796320799,1.3297511296512086
95.0,30.0,143.22537231445312,0.0652597214212664,1.7663240970956466,-3.282081656954714,-3.747569849510666,-1.9464058021534625,1.33838342267232,-0.536631079157949,3.9779422626336514,-1.1880024154774005,1.6534944376962573
95.0,30.0,143.2520751953125,0.0652852655464013,1.7610721913429614,-3.281864098357726,-3.742645075778424,-1.9456781108198344,1.3382379244387286,0.3867504134118333,3.977812706071642,-1.1879272452881184,1.653496483394762
95.0,30.0,143.25526428222656,0.9853502671505192,1.8580281663207507,-3.2839241304643627,-3.706084779997216,-1.9303765429938995,1.338317702783033,-0.5369078437413514,3.980294538067045,-1.1479996982632534,1.654334168461922
95.0,30.0,143.25526428222656,0.9853502671505192,1.8580281663207507,-3.2839241304643627,-3.706084779997216,-1.9303765429938995,1.338317702783033,-0.5369078437413514,3.980294538067045,-1.1479996982632534,1.654334168461922
95.0,30.0,143.25657653808594,0.0652848896093204,1.7553419844192235,-3.282088594140362,-3.748112664182809,-1.9354168723401528,1.333393922185883,-0.5366711137537693,3.9779422626336514,-1.1879395365120389,1.653496615645267
95.0,30.0,143.42889404296875,-0.0338085593102891,0.9396938813291764,-3.3239623916620418,-3.71753203930256,-1.946018560013404,1.3384009661069485,-0.53656966911727,3.971702764398396,-1.163860279234619,1.6532504896651463
95.0,30.0,143.42889404296875,-0.0338085593102891,0.9396938813291764,-3.3239623916620418,-3.71753203930256,-1.946018560013404,1.3384009661069485,-0.53656966911727,3.971702764398396,-1.163860279234619,1.6532504896651463
95.0,30.0,143.42889404296875,-0.0338085593102891,0.9396938813291764,-3.3239623916620418,-3.71753203930256,-1.946018560013404,1.3384009661069485,-0.53656966911727,3.971702764398396,-1.163860279234619,1.6532504896651463
95.0,30.0,143.46612548828125,0.0652792584093078,1.7942583323129555,-3.282296076081735,-3.746712409509037,-1.9347774515997904,1.33384129704205,-0.5365611361128232,3.977329340771152,-0.0639582681529131,0.6873575708087845
95.0,30.0,143.50042724609375,0.0652673476340365,1.796618524576854,-3.2839206129652085,-3.746449949041995,-1.9348379534634927,1.3338337308955206,-0.5369030062230221,3.978110919511084,-1.151622573703649,1.6528935914282
95.0,30.0,143.50253295898438,0.0652673476340365,1.796618524576854,-3.28344074818735,-3.746449949041995,-1.934778538660966,1.3338337308955206,-0.5365611361128232,3.9779262664490416,-1.151622573703649,1.6528935914282
95.0,30.0,143.57879638671875,0.0478946559332851,1.7729477581307291,-3.252629829408066,-2.956812971546243,-1.935205962790587,1.3356461238677515,-0.5365660800220231,3.9797676732787566,-1.158882891758854,1.6528497564200275
95.0,30.0,143.66549682617188,0.0652816745757242,1.7610721913429614,-3.2818752600114025,-3.742886625716185,-1.9458819901761977,1.3382379244387286,-0.5433186451236474,3.9780174491866886,-1.2055519543293225,1.652855841705486
95.0,30.0,143.6953125,-0.031092203533576,1.9029548794938296,-3.3252447581193545,-3.7214082822454952,-1.945749451590788,1.3341211222228546,-0.5365611361128232,3.979935905806679,-1.1550183341862288,1.652789985383657
95.0,30.0,143.6953125,-0.031092203533576,1.9029548794938296,-3.3252447581193545,-3.7214082822454952,-1.945749451590788,1.3341211222228546,-0.5365611361128232,3.979935905806679,-1.1550183341862288,1.652789985383657
95.0,30.0,143.7066650390625,0.9640960129441268,1.8085923787332496,-3.248977182477521,-2.953351947452491,-1.9349645857506232,1.338410438831546,-0.5365637823981039,3.979754772622925,-1.158882891758854,1.653513414321391
95.0,30.0,143.7825927734375,-0.031092203533576,1.9029548794938296,-4.886489267414675,-3.7214082822454952,-1.945749451590788,1.335611071125348,-0.5365611361128232,3.979939853824327,-1.1550183341862288,1.652789985383657
95.0,30.0,143.83299255371094,0.065279752490916,1.6699668240266348,-3.3239759138430864,-3.716507195759969,-1.946018018471672,1.3342549540582629,-0.5365611361128232,3.977329340771152,-0.0322779743730259,1.6528219279955287
95.0,30.0,143.8369140625,0.065279752490916,1.6699668240266348,-3.3239759138430864,-3.71669313022395,-1.946018560013404,1.3342549540582629,-0.5365611361128232,3.977329340771152,-0.0322779743730259,1.65287404659519
95.0,30.0,143.86978149414062,0.9717205580226214,1.6808552671621355,-3.28128692579708,-3.613396403757856,-1.9561067600743232,1.3383159775548037,-0.5365617036808825,3.97792497290236,-0.0223805363154795,1.6532561525760934
95.0,30.0,143.90390014648438,0.0652692726920154,1.8213784525804848,-3.281227223147375,-3.748509647868968,-1.9460723898367764,1.3387267502505684,-0.5365611361128232,3.979297020920807,-1.1840109830365857,1.6532477576794116
95.0,30.0,143.90390014648438,0.0652692726920154,1.8213784525804848,-3.281227223147375,-3.748509647868968,-1.9460723898367764,1.3387267502505684,-0.5365611361128232,3.979297020920807,-1.1840109830365857,1.6532477576794116
95.0,30.0,143.9075164794922,-0.0338860641957788,1.8459661299355243,-3.248943464258601,-3.7485334337414806,-1.948441492848609,1.3355025134381229,-0.5591931562691315,3.9724687501839737,-1.1550532360987882,1.6528379863844942
95.0,30.0,143.9075164794922,-0.0338860641957788,1.8459661299355243,-3.248943464258601,-3.7485334337414806,-1.948441492848609,1.3355025134381229,-0.5591931562691315,3.9724687501839737,-1.1550532360987882,1.6528379863844942
95.0,31.0,138.28143310546875,0.0652692726920154,1.7749798687852107,-3.308512285058748,-3.714777075810111,-1.9463546051361469,1.338718130543102,-0.5365611103029251,3.979297020920807,-0.092072799310057,1.325081681810369
95.0,31.0,139.270263671875,-0.0340199033101632,1.7651452772608736,-3.281864098357726,-3.7196787752987257,-1.9457658597792369,1.335501875346716,-0.5584093249954134,3.9778496971807753,-1.1881739108289322,1.3276995620356502
95.0,31.0,139.818115234375,0.9621068885686062,1.794339800208849,-3.280534314439363,-3.613396403757856,-1.9561067600743232,1.3383159775548037,-0.5365611662289589,3.97792497290236,-0.0235524458659239,1.6532561525760934
95.0,31.0,140.05831909179688,1.015967864141232,1.7729477581307291,-3.252372087253669,-3.728446523607341,-1.945189885821409,1.3382124656032617,-0.5365660800220231,3.9796084348078673,-0.0536377369436201,1.3355072988940742
95.0,31.0,140.61276245117188,0.9655166143361904,1.771531716633225,-3.2839241304643627,-3.706084779997216,-1.9303765429938995,1.3357973194455588,-0.5369184630923516,3.980294538067045,-1.1586851690117108,1.6529003546625631
95.0,31.0,140.74542236328125,0.0790362820814398,1.76195810008495,-3.308290431632487,-3.749401460954221,-1.9463324941578843,1.3383803579627374,-0.5365611311253462,3.979704681410428,-0.0978413796320799,1.3297511296512086
95.0,31.0,140.95651245117188,0.9663511002229188,1.8070542806667165,-3.3749608514943064,-3.719240994604421,-1.9466082842538144,1.3341006968033178,-0.5369178529154418,3.952969558910776,-1.15514030628223,1.6535136434243216
95.0,31.0,140.97604370117188,-0.0338085593102891,1.83285429815578,-3.283389598184087,-3.7188443658571,-1.946018560013404,1.338400861065486,-0.53656966911727,3.9779614321340167,-1.163870106247523,1.6534931978440597
95.0,31.0,141.0299072265625,0.0845201218057502,1.7626259158565465,-3.2486782926654336,-3.7198843698133217,-1.9463258115669413,1.3352860808798657,-0.556864123519832,3.979648636841429,-0.0978413796320799,1.3297511296512086
95.0,31.0,141.10470581054688,-0.0340199033101632,1.7651291581789803,-3.2778834977209965,-3.742645075778424,-1.9457674085734888,1.335501875346716,-0.5353868330258774,3.978286154073656,-1.1642565182761897,1.653496483394762
95.0,31.0,141.2039337158203,0.0148825209412576,1.820479645633925,-3.2839241304643627,-3.706084779997216,-1.9464289447675456,1.338317702783033,-0.5369078437413514,3.979265190581621,-1.1479996982632534,1.654334168461922
95.0,31.0,141.29330444335938,0.9566211537174828,2.8006131576834363,-3.389342765760797,-3.749401460954221,-1.9463324941578843,1.3383803579627374,-0.5365611311253462,3.9811923866455503,-0.0978413796320799,1.3297511296512086
95.0,31.0,141.41712951660156,-0.0340199033101632,1.7651291581789803,-3.281864098357726,-3.742645075778424,-1.9457658597792369,1.335501875346716,-0.5584093249954134,3.977928168064434,-1.1881739108289322,1.653496483394762
95.0,31.0,141.4678192138672,0.9663511002229188,1.7647551849255176,-3.2829241137474128,-3.730603526006938,-1.946617926864597,1.333998408060881,-0.5369841732541231,3.976777926247674,-1.1867587751948312,1.6535136434243216
95.0,31.0,141.50567626953125,-0.0330263850797738,1.8245950699263047,-3.2825406624526323,-3.718506150835755,-1.9224261586654936,1.3344493703183105,-0.595070111808758,3.979741435698934,-0.0128726563016607,1.65324838472733
95.0,31.0,141.50567626953125,-0.0330263850797738,1.8245950699263047,-3.2825406624526323,-3.718506150835755,-1.9224261586654936,1.3344493703183105,-0.595070111808758,3.979741435698934,-0.0128726563016607,1.65324838472733
95.0,31.0,141.5563201904297,-0.0338085593102891,1.83285429815578,-3.249917929057235,-3.718847892979401,-1.9460633303161627,1.3387154719675567,-0.5365694707548306,3.9779614321340167,-1.163870106247523,1.6534931978440597
95.0,31.0,141.55645751953125,-0.0338085593102891,1.83285429815578,-3.249917929057235,-3.718847892979401,-1.9460281686327907,1.338400861065486,-0.5365694707548306,3.9779614321340167,-1.163870106247523,1.6534931978440597
95.0,31.0,141.58975219726562,-0.0291665783519768,1.6840871979800274,-3.32432319102414,-3.721407031515312,-2.48021740031773,1.3344681189019192,-0.5365822541604247,3.979719357614258,-0.0365504534293297,1.6559143834054209
95.0,31.0,141.91891479492188,-0.0330263850797738,1.6852164513911183,-3.32432319102414,-3.721407031515312,-2.466416421238693,1.3344681189019192,-0.5365822332317842,3.979705920106498,-0.0365504534293297,1.65324838472733
95.0,31.0,141.976318359375,-0.1207387170458396,1.7949180566455836,-3.2805310933381224,-3.7187053679560607,-1.9561067600743232,1.3355528847442817,-0.5365611662289589,3.97792497290236,-1.153545870531708,1.6534198254925758
95.0,31.0,142.10340881347656,0.9663511002229188,1.8070542806667165,-3.25081636019976,-3.719244521726722,-1.9466178928732016,1.3341006968033178,-0.5369176545530026,3.952969558910776,-1.15514030628223,1.6535136434243216
95.0,31.0,142.10340881347656,0.9663511002229188,1.8070542806667165,-3.25081636019976,-3.719244521726722,-1.9466178928732016,1.3341006968033178,-0.5369176545530026,3.952969558910776,-1.15514030628223,1.6535136434243216
95.0,31.0,142.21090698242188,0.9867441928309482,1.8070542806667165,-3.25135511381688,-3.705486976316564,-1.9466178928732016,1.333998408060881,-0.5369850054435445,3.979223028089633,-1.1549247709256063,1.6543170596871415
95.0,31.0,142.2479248046875,0.0478946559332851,1.8065753825801056,-3.252524947382892,-3.71030640185972,-1.9472270182277287,1.3340630321170672,-0.5365660800220231,3.979822877922041,-1.1553189290251884,1.653523045088844
95.0,31.0,142.29995727539062,0.0652692726920154,1.8083159588206992,-3.281367429889293,-3.714777075810111,-1.9460181776222865,1.338718130543102,-0.5365614455995599,3.979297020920807,-1.1635404965042964,1.6532477576794116
95.0,31.0,142.3450164794922,0.0479706390664598,1.7729477581307291,-3.252629829408066,-3.728446523607341,-1.9459624660189063,1.3356124373890068,-0.5365660800220231,3.9797016731544472,-1.1371760919938243,1.3355072988940742
95.0,31.0,142.48341369628906,0.0652692726920154,1.7303383663971696,-3.282056441559581,-3.746543325438749,-1.9571868183095875,1.3679723075287262,-0.5365611361128232,3.97792497290236,-0.0223805363154795,1.65324835498274
95.0,31.0,142.48341369628906,0.0652692726920154,1.7303383663971696,-3.282056441559581,-3.746543325438749,-1.9571868183095875,1.3679723075287262,-0.5365611361128232,3.97792497290236,-0.0223805363154795,1.65324835498274
95.0,31.0,142.48341369628906,0.0652692726920154,1.7303383663971696,-3.282056441559581,-3.746543325438749,-1.9571868183095875,1.3679723075287262,-0.5365611361128232,3.97792497290236,-0.0223805363154795,1.65324835498274
95.0,31.0,142.5404510498047,0.0651752711476975,1.8087316911457632,-3.280102210029091,-3.719274992080052,-1.9459605251804544,1.335561821880217,-0.5365785092710161,3.977838929155085,-1.1552765477828766,1.655876561584395
95.0,31.0,142.556640625,0.9663511002229188,1.8070542806667165,-3.250828233803965,-3.730603526006938,-1.9466178928732016,1.333998408060881,-0.5369841732541231,3.97679331084049,-1.1551176975089918,1.6535136434243216
95.0,31.0,142.56808471679688,0.0887662285868756,1.7574895342151386,-3.3749608514943064,-3.719240994604421,-1.9466082842538144,1.3341006968033178,-0.5369178529154418,3.951481853675653,-1.15514030628223,1.6535136434243216
95.0,31.0,142.68991088867188,0.065402361578631,1.8099264296370443,-3.280102210029091,-3.7192515294816726,-1.946019499047416,1.3341981265218412,-0.5365785092710161,3.977838929155085,-1.1552765477828766,1.6532504681346267
95.0,31.0,142.7621612548828,0.9663511002229188,1.7734266562173395,-3.2509212422249347,-2.965751091412562,-1.93459683743606,1.3356837885540025,-0.5369176545530026,3.952914354267492,-1.1587042690158955,1.6528403547555053
95.0,31.0,142.93275451660156,-0.1376054498531601,1.7663261615872936,-3.324232004769737,-3.7164279859382594,-1.9463294261053743,1.3338401208227662,-0.5368979865765906,3.9773071714151103,-0.0639582681529131,0.6682021736046635
95.0,31.0,142.9365234375,0.0652797042589806,1.7942583323129555,-3.3239759138430864,-3.7164279859382594,-1.9341281679391689,1.33423239060179,-0.5365611361128232,3.977329340771152,-0.0639582681529131,0.66957093910505
95.0,31.0,143.03204345703125,-0.0330263850797738,1.6852164513911183,-3.326162739829468,-3.746646838926105,-2.4618114398135087,1.3364472991823189,-0.5365821894463755,3.97789397694027,-0.0365504534293297,1.65324838472733
95.0,31.0,143.09718322753906,0.966338678709373,1.8085923787332496,-3.248977182477521,-3.748680953855351,-1.9349645857506232,1.3384724948793283,-0.5365637823981039,3.976517431351265,-1.158882891758854,1.653513414321391
95.0,31.0,143.207763671875,0.0652673476340365,1.7664308021790114,-3.2839206129652085,-3.747539144972483,-1.9465242414378656,1.3338337308955206,-0.5369030062230221,3.978110919511084,-1.1840731088680212,1.652886466151849
95.0,31.0,143.20803833007812,0.0790362820814398,1.696349357584315,-3.2486782926654336,-3.7198843698133217,-1.946332983733124,1.3381321462507865,-0.5365611311253462,3.979704681410428,-0.0978413796320799,1.3297511296512086
95.0,31.0,143.22406005859375,0.9853502671505192,1.8580281663207507,-3.2839241304643627,-3.704916595174318,-1.930311824624567,1.3383824325423677,-0.5365412922305259,3.980294538067045,-1.1479996982632534,1.654334168461922
95.0,31.0,143.22537231445312,0.0652597214212664,1.7663240970956466,-3.282081656954714,-3.747569849510666,-1.9464058021534625,1.33838342267232,-0.536631079157949,3.9779422626336514,-1.1880024154774005,1.6534944376962573
95.0,31.0,143.2520751953125,0.0652852655464013,1.7610721913429614,-3.281864098357726,-3.742645075778424,-1.9456781108198344,1.3382379244387286,0.3867504134118333,3.977812706071642,-1.1879272452881184,1.653496483394762
95.0,31.0,143.25526428222656,0.9853502671505192,1.8580281663207507,-3.2839241304643627,-3.706084779997216,-1.9303765429938995,1.338317702783033,-0.5369078437413514,3.980294538067045,-1.1479996982632534,1.654334168461922
95.0,31.0,143.25526428222656,0.9853502671505192,1.8580281663207507,-3.2839241304643627,-3.706084779997216,-1.9303765429938995,1.338317702783033,-0.5369078437413514,3.980294538067045,-1.1479996982632534,1.654334168461922
95.0,31.0,143.25657653808594,0.0652848896093204,1.7553419844192235,-3.282088594140362,-3.748112664182809,-1.9354168723401528,1.333393922185883,-0.5366711137537693,3.9779422626336514,-1.1879395365120389,1.653496615645267
95.0,31.0,143.42889404296875,-0.0338085593102891,0.9396938813291764,-3.3239623916620418,-3.71753203930256,-1.946018560013404,1.3384009661069485,-0.53656966911727,3.971702764398396,-1.163860279234619,1.6532504896651463
95.0,31.0,143.42889404296875,-0.0338085593102891,0.9396938813291764,-3.3239623916620418,-3.71753203930256,-1.946018560013404,1.3384009661069485,-0.53656966911727,3.971702764398396,-1.163860279234619,1.6532504896651463
95.0,31.0,143.42889404296875,-0.0338085593102891,0.9396938813291764,-3.3239623916620418,-3.71753203930256,-1.946018560013404,1.3384009661069485,-0.53656966911727,3.971702764398396,-1.163860279234619,1.6532504896651463
95.0,32.0,138.25843811035156,-0.0291162076847731,1.8226625608168867,-3.2805717548833333,-3.718501724584469,-1.9224261586654936,1.3344688554402362,-0.53700920403451,3.979741918979644,-0.0128726563016607,1.65324838472733
95.0,32.0,138.28143310546875,0.0652692726920154,1.7749798687852107,-3.308512285058748,-3.714777075810111,-1.9463546051361469,1.338718130543102,-0.5365611103029251,3.979297020920807,-0.092072799310057,1.325081681810369
95.0,32.0,138.87144470214844,-1.0104235016048078,1.8245114497806112,-3.2824582765168286,-3.706084779997216,-1.9464289447675456,1.338317702783033,-0.5364015250937119,3.979265190581621,-0.0332507138490749,1.6544090155612117
95.0,32.0,139.270263671875,-0.0340199033101632,1.7651452772608736,-3.281864098357726,-3.7196787752987257,-1.9457658597792369,1.335501875346716,-0.5584093249954134,3.9778496971807753,-1.1881739108289322,1.3276995620356502
95.0,32.0,139.270263671875,-0.0340199033101632,1.7651452772608736,-3.281864098357726,-3.7196787752987257,-1.9457658597792369,1.335501875346716,-0.5584093249954134,3.9778496971807753,-1.1881739108289322,1.3276995620356502
95.0,32.0,139.818115234375,0.9621068885686062,1.794339800208849,-3.280534314439363,-3.613396403757856,-1.9561067600743232,1.3383159775548037,-0.5365611662289589,3.97792497290236,-0.0235524458659239,1.6532561525760934
95.0,32.0,139.84861755371094,1.015967864141232,1.7729477581307291,-3.252372087253669,-3.728446523607341,-1.945189885821409,1.3382124656032617,-0.5365660800220231,3.9796084348078673,-0.0536377369436201,1.3181989637863734
95.0,32.0,139.9176025390625,0.049891060858255,1.7624153643562146,-3.311313545357742,-3.7502872573045054,-1.946329265504268,1.3383803579627374,-0.536566026771196,3.979704681410428,-0.0978413796320799,1.3297511296512086
95.0,32.0,140.00474548339844,-0.0315301168018276,1.83285429815578,-3.308810866545808,-3.7208005445068233,-1.9460281686327907,1.338400861065486,-0.536569597931084,3.9779614321340167,-1.163870106247523,1.3420845874407623
95.0,32.0,140.05831909179688,1.015967864141232,1.7729477581307291,-3.252372087253669,-3.728446523607341,-1.945189885821409,1.3382124656032617,-0.5365660800220231,3.9796084348078673,-0.0536377369436201,1.3355072988940742
95.0,32.0,140.09671020507812,-0.0336589103127502,1.8070542806667165,-3.2842972316480936,-3.70612989944548,-1.9466178928732016,1.3339885223114252,-0.5369878856124614,3.9792234271037152,-1.154877678857802,1.0223389492670465
95.0,32.0,140.44371032714844,0.9566211537174828,2.8068674578624577,-3.274027375833044,-3.705853682537621,-1.9463324941578843,1.3386142226107045,-0.5365611311253462,3.981222249273075,-0.0978413796320799,1.3297511296512086
95.0,32.0,140.46224975585938,0.9655166143361904,1.771531716633225,-3.2840518942890564,-3.706084779997216,-1.9300616211558217,1.3357973194455588,-0.5369184630923516,3.980169177489712,-1.1638930484097263,1.6534759920757265
95.0,32.0,140.61276245117188,0.9655166143361904,1.771531716633225,-3.2839241304643627,-3.706084779997216,-1.9303765429938995,1.3357973194455588,-0.5369184630923516,3.980294538067045,-1.1586851690117108,1.6529003546625631
95.0,32.0,140.74542236328125,0.0790362820814398,1.76195810008495,-3.308290431632487,-3.749401460954221,-1.9463324941578843,1.3383803579627374,-0.5365611311253462,3.979704681410428,-0.0978413796320799,1.3297511296512086
95.0,32.0,140.95651245117188,0.9663511002229188,1.8070542806667165,-3.3749608514943064,-3.719240994604421,-1.9466082842538144,1.3341006968033178,-0.5369178529154418,3.952969558910776,-1.15514030628223,1.6535136434243216
95.0,32.0,140.97604370117188,-0.0338085593102891,1.83285429815578,-3.283389598184087,-3.7188443658571,-1.946018560013404,1.338400861065486,-0.53656966911727,3.9779614321340167,-1.163870106247523,1.6534931978440597
95.0,32.0,140.97604370117188,-0.0338085593102891,1.83285429815578,-3.283389598184087,-3.7188443658571,-1.946018560013404,1.338400861065486,-0.53656966911727,3.9779614321340167,-1.163870106247523,1.6534931978440597
95.0,32.0,141.0299072265625,0.0845201218057502,1.7626259158565465,-3.2486782926654336,-3.7198843698133217,-1.9463258115669413,1.3352860808798657,-0.556864123519832,3.979648636841429,-0.0978413796320799,1.3297511296512086
95.0,32.0,141.10470581054688,-0.0340199033101632,1.7651291581789803,-3.2778834977209965,-3.742645075778424,-1.9457674085734888,1.335501875346716,-0.5353868330258774,3.978286154073656,-1.1642565182761897,1.653496483394762
95.0,32.0,141.16717529296875,-0.0554417743596994,1.7651291581789803,-3.2778834977209965,-3.742645075778424,-1.9457674085734888,1.335501875346716,-0.5353868330258774,3.978286154073656,-1.1642565182761897,1.653496483394762
95.0,32.0,141.2039337158203,0.0148825209412576,1.820479645633925,-3.2839241304643627,-3.706084779997216,-1.9464289447675456,1.338317702783033,-0.5369078437413514,3.979265190581621,-1.1479996982632534,1.654334168461922
95.0,32.0,141.2869873046875,0.9566211537174828,2.8006131576834363,-3.389342765760797,-3.749401460954221,-1.946355429453115,1.33837531067919,-0.5365611311253462,3.9811923866455503,-0.0977775482327664,1.3297511296512086
95.0,32.0,141.29330444335938,0.9566211537174828,2.8006131576834363,-3.389342765760797,-3.749401460954221,-1.9463324941578843,1.3383803579627374,-0.5365611311253462,3.9811923866455503,-0.0978413796320799,1.3297511296512086
95.0,32.0,141.38906860351562,-0.0340199033101632,1.8074698282041808,-3.2780700771486604,-3.742617970837061,-1.9457633189615533,1.3341080766140367,-0.5353868330258774,3.978286154073656,-1.1642565182761897,1.653496483394762
95.0,32.0,141.41712951660156,-0.0340199033101632,1.7651291581789803,-3.281864098357726,-3.742645075778424,-1.9457658597792369,1.335501875346716,-0.5584093249954134,3.977928168064434,-1.1881739108289322,1.653496483394762
95.0,32.0,141.41712951660156,-0.0340199033101632,1.7651291581789803,-3.281864098357726,-3.742645075778424,-1.9457658597792369,1.335501875346716,-0.5584093249954134,3.977928168064434,-1.1881739108289322,1.653496483394762
95.0,32.0,141.4678192138672,0.9663511002229188,1.7647551849255176,-3.2829241137474128,-3.730603526006938,-1.946617926864597,1.333998408060881,-0.5369841732541231,3.976777926247674,-1.1867587751948312,1.6535136434243216
95.0,32.0,141.50567626953125,-0.0330263850797738,1.8245950699263047,-3.2825406624526323,-3.718506150835755,-1.9224261586654936,1.3344493703183105,-0.595070111808758,3.979741435698934,-0.0128726563016607,1.65324838472733
95.0,32.0,141.50567626953125,-0.0330263850797738,1.8245950699263047,-3.2825406624526323,-3.718506150835755,-1.9224261586654936,1.3344493703183105,-0.595070111808758,3.979741435698934,-0.0128726563016607,1.65324838472733
95.0,32.0,141.5563201904297,-0.0338085593102891,1.83285429815578,-3.249917929057235,-3.718847892979401,-1.9460633303161627,1.3387154719675567,-0.5365694707548306,3.9779614321340167,-1.163870106247523,1.6534931978440597
95.0,32.0,141.55645751953125,-0.0338085593102891,1.83285429815578,-3.249917929057235,-3.718847892979401,-1.9460281686327907,1.338400861065486,-0.5365694707548306,3.9779614321340167,-1.163870106247523,1.6534931978440597
95.0,32.0,141.58975219726562,-0.0291665783519768,1.6840871979800274,-3.32432319102414,-3.721407031515312,-2.48021740031773,1.3344681189019192,-0.5365822541604247,3.979719357614258,-0.0365504534293297,1.6559143834054209
95.0,32.0,141.7113800048828,-0.0338085593102891,1.83285429815578,-3.249790165232542,-3.718847892979401,-1.9463782521542403,1.3387154719675567,-0.5365694707548306,3.9780867927113497,-1.1586622268495073,1.652917560430896
95.0,32.0,141.91891479492188,-0.0330263850797738,1.6852164513911183,-3.32432319102414,-3.721407031515312,-2.466416421238693,1.3344681189019192,-0.5365822332317842,3.979705920106498,-0.0365504534293297,1.65324838472733
95.0,32.0,141.976318359375,-0.1207387170458396,1.7949180566455836,-3.2805310933381224,-3.7187053679560607,-1.9561067600743232,1.3355528847442817,-0.5365611662289589,3.97792497290236,-1.153545870531708,1.6534198254925758
95.0,32.0,141.98281860351562,0.065402361578631,1.8100088071237896,-3.3709734266174847,-3.7192515294816726,-1.946019499047416,1.3341981265218412,-0.5369226186805859,3.953140461329299,-1.1551409423461931,1.6532504681346267
95.0,32.0,142.10340881347656,0.9663511002229188,1.8070542806667165,-3.25081636019976,-3.719244521726722,-1.9466178928732016,1.3341006968033178,-0.5369176545530026,3.952969558910776,-1.15514030628223,1.6535136434243216
95.0,32.0,142.10340881347656,0.9663511002229188,1.8070542806667165,-3.25081636019976,-3.719244521726722,-1.9466178928732016,1.3341006968033178,-0.5369176545530026,3.952969558910776,-1.15514030628223,1.6535136434243216
95.0,32.0,142.21090698242188,0.9867441928309482,1.8070542806667165,-3.25135511381688,-3.705486976316564,-1.9466178928732016,1.333998408060881,-0.5369850054435445,3.979223028089633,-1.1549247709256063,1.6543170596871415
95.0,32.0,142.2479248046875,0.0478946559332851,1.8065753825801056,-3.252524947382892,-3.71030640185972,-1.9472270182277287,1.3340630321170672,-0.5365660800220231,3.979822877922041,-1.1553189290251884,1.653523045088844
95.0,32.0,142.29995727539062,0.0652692726920154,1.8083159588206992,-3.281367429889293,-3.714777075810111,-1.9460181776222865,1.338718130543102,-0.5365614455995599,3.979297020920807,-1.1635404965042964,1.6532477576794116
95.0,32.0,142.3450164794922,0.0479706390664598,1.7729477581307291,-3.252629829408066,-3.728446523607341,-1.9459624660189063,1.3356124373890068,-0.5365660800220231,3.9797016731544472,-1.1371760919938243,1.3355072988940742
95.0,32.0,142.35279846191406,0.8821472759026998,1.794339800208849,-3.280534314439363,-3.613396403757856,-1.9561067600743232,1.3383159775548037,-0.5365611662289589,3.97792497290236,-0.0235524458659239,1.6532561525760934
95.0,32.0,142.48341369628906,0.0652692726920154,1.7303383663971696,-3.282056441559581,-3.746543325438749,-1.9571868183095875,1.3679723075287262,-0.5365611361128232,3.97792497290236,-0.0223805363154795,1.65324835498274
95.0,32.0,142.48341369628906,0.0652692726920154,1.7303383663971696,-3.282056441559581,-3.746543325438749,-1.9571868183095875,1.3679723075287262,-0.5365611361128232,3.97792497290236,-0.0223805363154795,1.65324835498274
95.0,32.0,142.48341369628906,0.0652692726920154,1.7303383663971696,-3.282056441559581,-3.746543325438749,-1.9571868183095875,1.3679723075287262,-0.5365611361128232,3.97792497290236,-0.0223805363154795,1.65324835498274
95.0,32.0,142.5404510498047,0.0651752711476975,1.8087316911457632,-3.280102210029091,-3.719274992080052,-1.9459605251804544,1.335561821880217,-0.5365785092710161,3.977838929155085,-1.1552765477828766,1.655876561584395
95.0,32.0,142.556640625,0.9663511002229188,1.8070542806667165,-3.250828233803965,-3.730603526006938,-1.9466178928732016,1.333998408060881,-0.5369841732541231,3.97679331084049,-1.1551176975089918,1.6535136434243216
95.0,32.0,142.56808471679688,0.0887662285868756,1.7574895342151386,-3.3749608514943064,-3.719240994604421,-1.9466082842538144,1.3341006968033178,-0.5369178529154418,3.951481853675653,-1.15514030628223,1.6535136434243216
95.0,33.0,138.25843811035156,-0.0291162076847731,1.8226625608168867,-3.2805717548833333,-3.718501724584469,-1.9224261586654936,1.3344688554402362,-0.53700920403451,3.979741918979644,-0.0128726563016607,1.65324838472733
95.0,33.0,138.27993774414062,0.0652692726920154,1.7749798687852107,-3.308512285058748,-3.714364355028891,-1.9470373251206303,1.338718130543102,-0.5365611674848578,3.979297020920807,-0.092072799310057,1.325081681810369
95.0,33.0,138.28143310546875,0.0652692726920154,1.7749798687852107,-3.308512285058748,-3.714777075810111,-1.9463546051361469,1.338718130543102,-0.5365611103029251,3.979297020920807,-0.092072799310057,1.325081681810369
95.0,33.0,138.4955596923828,-0.0340199033101632,1.7751474481589002,-3.281864098357726,-3.742681034335576,-1.9463442498224952,1.335501875346716,-0.5360100006150327,3.977928168064434,-0.0863737792732013,1.653496483394762
95.0,33.0,138.6338653564453,-0.0345711525802731,1.7651452772608736,-3.281864098357726,-3.7196787752987257,-1.9463448641140584,1.3340854963937547,-0.5584093249954134,3.977849376538043,-0.0604213622279932,1.6881700889244229
95.0,33.0,138.87144470214844,-1.0104235016048078,1.8245114497806112,-3.2824582765168286,-3.706084779997216,-1.9464289447675456,1.338317702783033,-0.5364015250937119,3.979265190581621,-0.0332507138490749,1.6544090155612117
95.0,33.0,139.270263671875,-0.0340199033101632,1.7651452772608736,-3.281864098357726,-3.7196787752987257,-1.9457658597792369,1.335501875346716,-0.5584093249954134,3.9778496971807753,-1.1881739108289322,1.3276995620356502
95.0,33.0,139.270263671875,-0.0340199033101632,1.7651452772608736,-3.281864098357726,-3.7196787752987257,-1.9457658597792369,1.335501875346716,-0.5584093249954134,3.9778496971807753,-1.1881739108289322,1.3276995620356502
95.0,33.0,139.270263671875,-0.0340199033101632,1.7651452772608736,-3.281864098357726,-3.7196787752987257,-1.9457658597792369,1.335501875346716,-0.5584093249954134,3.9778496971807753,-1.1881739108289322,1.3276995620356502
95.0,33.0,139.38641357421875,-0.1184905970357624,1.8226625608168867,-3.2805717548833333,-3.718495946709524,-1.9226656093684016,1.3344688554402362,-0.53700920403451,3.979686279211659,-0.015343384622182,1.65324838472733
95.0,33.0,139.77296447753906,0.9621068885686062,1.794339800208849,-3.280534314439363,-3.613809124539076,-1.9554240400898395,1.3383159775548037,-0.5365611090470261,3.97792497290236,-0.0235524458659239,1.6532561525760934
95.0,33.0,139.80213928222656,-0.1225078400903061,1.7722535856026191,-3.308810866545808,-3.7208005445068233,-1.945967547080257,1.338400861065486,-0.536569597931084,3.9779614321340167,-1.163870106247523,1.3187403128540376
95.0,33.0,139.818115234375,0.9621068885686062,1.794339800208849,-3.280534314439363,-3.613396403757856,-1.9561067600743232,1.3383159775548037,-0.5365611662289589,3.97792497290236,-0.0235524458659239,1.6532561525760934
95.0,33.0,139.84861755371094,1.015967864141232,1.7729477581307291,-3.252372087253669,-3.728446523607341,-1.945189885821409,1.3382124656032617,-0.5365660800220231,3.9796084348078673,-0.0536377369436201,1.3181989637863734
95.0,33.0,139.9176025390625,0.049891060858255,1.7624153643562146,-3.311313545357742,-3.7502872573045054,-1.946329265504268,1.3383803579627374,-0.536566026771196,3.979704681410428,-0.0978413796320799,1.3297511296512086
95.0,33.0,139.9176025390625,0.049891060858255,1.7624153643562146,-3.311313545357742,-3.7502872573045054,-1.946329265504268,1.3383803579627374,-0.536566026771196,3.979704681410428,-0.0978413796320799,1.3297511296512086
95.0,33.0,140.00474548339844,-0.0315301168018276,1.83285429815578,-3.308810866545808,-3.7208005445068233,-1.9460281686327907,1.338400861065486,-0.536569597931084,3.9779614321340167,-1.163870106247523,1.3420845874407623
95.0,33.0,140.05831909179688,1.015967864141232,1.7729477581307291,-3.252372087253669,-3.728446523607341,-1.945189885821409,1.3382124656032617,-0.5365660800220231,3.9796084348078673,-0.0536377369436201,1.3355072988940742
95.0,33.0,140.05831909179688,1.015967864141232,1.7729477581307291,-3.252372087253669,-3.728446523607341,-1.945189885821409,1.3382124656032617,-0.5365660800220231,3.9796084348078673,-0.0536377369436201,1.3355072988940742
95.0,33.0,140.09671020507812,-0.0336589103127502,1.8070542806667165,-3.2842972316480936,-3.70612989944548,-1.9466178928732016,1.3339885223114252,-0.5369878856124614,3.9792234271037152,-1.154877678857802,1.0223389492670465
95.0,33.0,140.41220092773438,0.9479198003405532,2.8068674578624577,-3.274027375833044,-3.7058296909237263,-1.9463324941578843,1.3386058641777314,-0.5365682927265806,3.981135203580492,-0.4825592482428399,1.3297511296512086
95.0,33.0,140.44371032714844,0.9566211537174828,2.8068674578624577,-3.274027375833044,-3.705853682537621,-1.9463324941578843,1.3386142226107045,-0.5365611311253462,3.981222249273075,-0.0978413796320799,1.3297511296512086
95.0,33.0,140.46224975585938,0.9655166143361904,1.771531716633225,-3.2840518942890564,-3.706084779997216,-1.9300616211558217,1.3357973194455588,-0.5369184630923516,3.980169177489712,-1.1638930484097263,1.6534759920757265
95.0,33.0,140.5799102783203,0.9655166143361904,1.7717252633449356,-3.276903247301132,-3.706084779997216,-1.9300616211558217,1.335498039030133,-0.5351757677723761,3.9801252740927566,-1.1638930484097263,1.6534759920757265
95.0,33.0,140.61276245117188,0.9655166143361904,1.771531716633225,-3.2839241304643627,-3.706084779997216,-1.9303765429938995,1.3357973194455588,-0.5369184630923516,3.980294538067045,-1.1586851690117108,1.6529003546625631
95.0,33.0,140.74542236328125,0.0790362820814398,1.76195810008495,-3.308290431632487,-3.749401460954221,-1.9463324941578843,1.3383803579627374,-0.5365611311253462,3.979704681410428,-0.0978413796320799,1.3297511296512086
95.0,33.0,140.95651245117188,0.9663511002229188,1.8070542806667165,-3.3749608514943064,-3.719240994604421,-1.9466082842538144,1.3341006968033178,-0.5369178529154418,3.952969558910776,-1.15514030628223,1.6535136434243216
95.0,33.0,140.97604370117188,-0.0338085593102891,1.83285429815578,-3.283389598184087,-3.7188443658571,-1.946018560013404,1.338400861065486,-0.53656966911727,3.9779614321340167,-1.163870106247523,1.6534931978440597
95.0,33.0,140.97604370117188,-0.0338085593102891,1.83285429815578,-3.283389598184087,-3.7188443658571,-1.946018560013404,1.338400861065486,-0.53656966911727,3.9779614321340167,-1.163870106247523,1.6534931978440597
95.0,33.0,140.97926330566406,-0.0338085593102891,1.83285429815578,-3.283389598184087,-3.718844401640729,-1.946018560013404,1.3387184035580406,-0.5365694769524701,3.9780922758355945,-1.163870106247523,1.6534996069728276
95.0,33.0,140.98960876464844,-0.0340199033101632,1.7649356114672696,-3.285032144708921,-3.742645075778424,-1.9457674085734888,1.335801155762142,-0.537129528345853,3.978330057470611,-1.1642565182761897,1.653496483394762
95.0,33.0,141.00595092773438,-1.0577424008498904,1.8242366019212368,-3.308810866545808,-3.7208005445068233,-1.9464287550521708,1.338400861065486,-0.5365653833776931,3.9779614321340167,-1.163870106247523,1.3420845874407623
95.0,33.0,141.0299072265625,0.0845201218057502,1.7626259158565465,-3.2486782926654336,-3.7198843698133217,-1.9463258115669413,1.3352860808798657,-0.556864123519832,3.979648636841429,-0.0978413796320799,1.3297511296512086
95.0,33.0,141.10470581054688,-0.0340199033101632,1.7651291581789803,-3.2778834977209965,-3.742645075778424,-1.9457674085734888,1.335501875346716,-0.5353868330258774,3.978286154073656,-1.1642565182761897,1.653496483394762
95.0,33.0,141.16717529296875,-0.0554417743596994,1.7651291581789803,-3.2778834977209965,-3.742645075778424,-1.9457674085734888,1.335501875346716,-0.5353868330258774,3.978286154073656,-1.1642565182761897,1.653496483394762
95.0,33.0,141.2039337158203,0.0148825209412576,1.820479645633925,-3.2839241304643627,-3.706084779997216,-1.9464289447675456,1.338317702783033,-0.5369078437413514,3.979265190581621,-1.1479996982632534,1.654334168461922
95.0,33.0,141.2869873046875,0.9566211537174828,2.8006131576834363,-3.389342765760797,-3.749401460954221,-1.946355429453115,1.33837531067919,-0.5365611311253462,3.9811923866455503,-0.0977775482327664,1.3297511296512086
95.0,33.0,141.29330444335938,0.9566211537174828,2.8006131576834363,-3.389342765760797,-3.749401460954221,-1.9463324941578843,1.3383803579627374,-0.5365611311253462,3.9811923866455503,-0.0978413796320799,1.3297511296512086
95.0,33.0,141.3159942626953,0.99183932289703,1.771531716633225,-3.2777669239966003,-3.706084779997216,-1.9303765429938995,1.3357973194455588,-0.5369184630923516,3.980294538067045,-1.1643360552984747,1.6529508137897229
95.0,33.0,141.38906860351562,-0.0340199033101632,1.8074698282041808,-3.2780700771486604,-3.742617970837061,-1.9457633189615533,1.3341080766140367,-0.5353868330258774,3.978286154073656,-1.1642565182761897,1.653496483394762
95.0,33.0,141.41712951660156,-0.0340199033101632,1.7651291581789803,-3.281864098357726,-3.742645075778424,-1.9457658597792369,1.335501875346716,-0.5584093249954134,3.977928168064434,-1.1881739108289322,1.653496483394762
95.0,33.0,141.41712951660156,-0.0340199033101632,1.7651291581789803,-3.281864098357726,-3.742645075778424,-1.9457658597792369,1.335501875346716,-0.5584093249954134,3.977928168064434,-1.1881739108289322,1.653496483394762
95.0,33.0,141.41712951660156,-0.0340199033101632,1.7651291581789803,-3.281864098357726,-3.742645075778424,-1.9457658597792369,1.335501875346716,-0.5584093249954134,3.977928168064434,-1.1881739108289322,1.653496483394762
95.0,33.0,141.4678192138672,0.9663511002229188,1.7647551849255176,-3.2829241137474128,-3.730603526006938,-1.946617926864597,1.333998408060881,-0.5369841732541231,3.976777926247674,-1.1867587751948312,1.6535136434243216
95.0,33.0,141.50567626953125,-0.0330263850797738,1.8245950699263047,-3.2825406624526323,-3.718506150835755,-1.9224261586654936,1.3344493703183105,-0.595070111808758,3.979741435698934,-0.0128726563016607,1.65324838472733
95.0,33.0,141.50567626953125,-0.0330263850797738,1.8245950699263047,-3.2825406624526323,-3.718506150835755,-1.9224261586654936,1.3344493703183105,-0.595070111808758,3.979741435698934,-0.0128726563016607,1.65324838472733
95.0,33.0,141.5563201904297,-0.0338085593102891,1.83285429815578,-3.249917929057235,-3.718847892979401,-1.9460633303161627,1.3387154719675567,-0.5365694707548306,3.9779614321340167,-1.163870106247523,1.6534931978440597
95.0,33.0,141.5563507080078,-0.0338085593102891,1.83285429815578,-3.249917929057235,-3.718847892979401,-1.9460649423342264,1.3387154719675567,-0.5365694707548306,3.9779614321340167,-1.163870106247523,1.6534931978440597
95.0,33.0,141.55645751953125,-0.0338085593102891,1.83285429815578,-3.249917929057235,-3.718847892979401,-1.9460281686327907,1.338400861065486,-0.5365694707548306,3.9779614321340167,-1.163870106247523,1.6534931978440597
95.0,33.0,141.58975219726562,-0.0291665783519768,1.6840871979800274,-3.32432319102414,-3.721407031515312,-2.48021740031773,1.3344681189019192,-0.5365822541604247,3.979719357614258,-0.0365504534293297,1.6559143834054209
95.0,34.0,138.25843811035156,-0.0291162076847731,1.8226625608168867,-3.2805717548833333,-3.718501724584469,-1.9224261586654936,1.3344688554402362,-0.53700920403451,3.979741918979644,-0.0128726563016607,1.65324838472733
95.0,34.0,138.27993774414062,0.0652692726920154,1.7749798687852107,-3.308512285058748,-3.714364355028891,-1.9470373251206303,1.338718130543102,-0.5365611674848578,3.979297020920807,-0.092072799310057,1.325081681810369
95.0,34.0,138.28143310546875,0.0652692726920154,1.7749798687852107,-3.308512285058748,-3.714777075810111,-1.9463546051361469,1.338718130543102,-0.5365611103029251,3.979297020920807,-0.092072799310057,1.325081681810369
95.0,34.0,138.4955596923828,-0.0340199033101632,1.7751474481589002,-3.281864098357726,-3.742681034335576,-1.9463442498224952,1.335501875346716,-0.5360100006150327,3.977928168064434,-0.0863737792732013,1.653496483394762
95.0,34.0,138.6338653564453,-0.0345711525802731,1.7651452772608736,-3.281864098357726,-3.7196787752987257,-1.9463448641140584,1.3340854963937547,-0.5584093249954134,3.977849376538043,-0.0604213622279932,1.6881700889244229
95.0,34.0,138.87144470214844,-1.0104235016048078,1.8245114497806112,-3.2824582765168286,-3.706084779997216,-1.9464289447675456,1.338317702783033,-0.5364015250937119,3.979265190581621,-0.0332507138490749,1.6544090155612117
95.0,34.0,138.89479064941406,-0.1184905970357624,1.7743848645206908,-3.280080851696087,-3.718495946709524,-1.9460835118326376,1.3344688554402362,-0.53700920403451,3.9796021081679016,-0.015343384622182,1.65324838472733
95.0,34.0,138.89791870117188,-0.0345711525802731,1.7651452772608736,-3.281864098357726,-3.022584314014318,-1.9463448641140584,1.3340854963937547,-0.5584093249954134,3.977849376538043,-0.0604213622279932,1.6881700889244229
95.0,34.0,138.97552490234375,1.015967864141232,1.7729477581307291,-3.313100866997206,-3.728446523607341,-1.945189885821409,1.338212758967238,-0.5365660800220231,3.9779961576278016,-0.0478485176795482,1.3181989637863734
95.0,34.0,139.04983520507812,-1.0104235016048078,1.830404627374002,-3.2824582765168286,-3.706084779997216,-1.9463412527197943,1.338317702783033,-0.536005301771065,3.979283824690464,-0.0332507138490749,1.6544090155612117
95.0,34.0,139.2080535888672,0.9479198003405532,2.8068674578624577,-3.273858417868021,-3.7058296909237263,-1.9463247584538328,1.3386058641777314,-0.536402437712473,3.981135203580492,-0.0466734427625689,1.3297511296512086
95.0,34.0,139.2101593017578,0.970455740796094,1.7729477581307291,-3.252372087253669,-3.728446523607341,-1.945123415725399,1.338212562980774,-0.5365663043164622,3.9792928520324296,-0.094864159222218,1.3355072988940742
95.0,34.0,139.270263671875,-0.0340199033101632,1.7651452772608736,-3.281864098357726,-3.7196787752987257,-1.9457658597792369,1.335501875346716,-0.5584093249954134,3.9778496971807753,-1.1881739108289322,1.3276995620356502
95.0,34.0,139.270263671875,-0.0340199033101632,1.7651452772608736,-3.281864098357726,-3.7196787752987257,-1.9457658597792369,1.335501875346716,-0.5584093249954134,3.9778496971807753,-1.1881739108289322,1.3276995620356502
95.0,34.0,139.270263671875,-0.0340199033101632,1.7651452772608736,-3.281864098357726,-3.7196787752987257,-1.9457658597792369,1.335501875346716,-0.5584093249954134,3.9778496971807753,-1.1881739108289322,1.3276995620356502
95.0,34.0,139.3130645751953,-0.0340199033101632,1.766029841889023,-3.281537725270437,-3.719649777547184,-1.94642224115798,1.3355814547385114,-0.5584093249954134,3.9778496971807753,-1.1636202394075834,1.3276995620356502
95.0,34.0,139.38641357421875,-0.1184905970357624,1.8226625608168867,-3.2805717548833333,-3.718495946709524,-1.9226656093684016,1.3344688554402362,-0.53700920403451,3.979686279211659,-0.015343384622182,1.65324838472733
95.0,34.0,139.77296447753906,0.9621068885686062,1.794339800208849,-3.280534314439363,-3.613809124539076,-1.9554240400898395,1.3383159775548037,-0.5365611090470261,3.97792497290236,-0.0235524458659239,1.6532561525760934
95.0,34.0,139.80213928222656,-0.1225078400903061,1.7722535856026191,-3.308810866545808,-3.7208005445068233,-1.945967547080257,1.338400861065486,-0.536569597931084,3.9779614321340167,-1.163870106247523,1.3187403128540376
95.0,34.0,139.818115234375,0.9621068885686062,1.794339800208849,-3.280534314439363,-3.613396403757856,-1.9561067600743232,1.3383159775548037,-0.5365611662289589,3.97792497290236,-0.0235524458659239,1.6532561525760934
95.0,34.0,139.84861755371094,1.015967864141232,1.7729477581307291,-3.252372087253669,-3.728446523607341,-1.945189885821409,1.3382124656032617,-0.5365660800220231,3.9796084348078673,-0.0536377369436201,1.3181989637863734
95.0,34.0,139.9176025390625,0.049891060858255,1.7624153643562146,-3.311313545357742,-3.7502872573045054,-1.946329265504268,1.3383803579627374,-0.536566026771196,3.979704681410428,-0.0978413796320799,1.3297511296512086
95.0,34.0,139.9176025390625,0.049891060858255,1.7624153643562146,-3.311313545357742,-3.7502872573045054,-1.946329265504268,1.3383803579627374,-0.536566026771196,3.979704681410428,-0.0978413796320799,1.3297511296512086
95.0,34.0,140.00474548339844,-0.0315301168018276,1.83285429815578,-3.308810866545808,-3.7208005445068233,-1.9460281686327907,1.338400861065486,-0.536569597931084,3.9779614321340167,-1.163870106247523,1.3420845874407623
95.0,34.0,140.05831909179688,1.015967864141232,1.7729477581307291,-3.252372087253669,-3.728446523607341,-1.945189885821409,1.3382124656032617,-0.5365660800220231,3.9796084348078673,-0.0536377369436201,1.3355072988940742
95.0,34.0,140.05831909179688,1.015967864141232,1.7729477581307291,-3.252372087253669,-3.728446523607341,-1.945189885821409,1.3382124656032617,-0.5365660800220231,3.9796084348078673,-0.0536377369436201,1.3355072988940742
95.0,34.0,140.09671020507812,-0.0336589103127502,1.8070542806667165,-3.2842972316480936,-3.70612989944548,-1.9466178928732016,1.3339885223114252,-0.5369878856124614,3.9792234271037152,-1.154877678857802,1.0223389492670465
95.0,34.0,140.38470458984375,0.1107813960371534,1.7749798687852107,-3.240193305347141,-3.714364355028891,-1.9471037952166408,1.33871803316559,-0.5365609431904187,3.979612603696245,-0.0508463770314592,1.325081681810369
95.0,34.0,140.41220092773438,0.9479198003405532,2.8068674578624577,-3.274027375833044,-3.7058296909237263,-1.9463324941578843,1.3386058641777314,-0.5365682927265806,3.981135203580492,-0.4825592482428399,1.3297511296512086
95.0,34.0,140.41900634765625,1.015967864141232,1.833049495606232,-3.249932394550274,-3.718510436911339,-1.945189885821409,1.3382124656032617,-0.5365660670793061,3.9796084348078673,-0.0610682826603969,1.3181989637863734
95.0,34.0,140.44371032714844,0.9566211537174828,2.8068674578624577,-3.274027375833044,-3.705853682537621,-1.9463324941578843,1.3386142226107045,-0.5365611311253462,3.981222249273075,-0.0978413796320799,1.3297511296512086
95.0,34.0,140.46224975585938,0.9655166143361904,1.771531716633225,-3.2840518942890564,-3.706084779997216,-1.9300616211558217,1.3357973194455588,-0.5369184630923516,3.980169177489712,-1.1638930484097263,1.6534759920757265
95.0,34.0,140.49124145507812,0.9655166143361904,1.771531716633225,-3.2839241304643627,-3.705360023737724,-1.9307290963269013,1.3357973194455588,-0.5369178632793795,3.9774230651969584,-1.1586851690117108,1.6529003546625631
95.0,34.0,140.5364227294922,-0.0292202577045176,1.8226625608168867,-3.2805717548833333,-3.718501724584469,-1.9224261586654936,1.3384947669032488,-0.5365581024962768,3.979741918979644,0.0136166005366222,1.6421077201048373
95.0,34.0,140.5799102783203,0.9655166143361904,1.7717252633449356,-3.276903247301132,-3.706084779997216,-1.9300616211558217,1.335498039030133,-0.5351757677723761,3.9801252740927566,-1.1638930484097263,1.6534759920757265
95.0,34.0,140.61276245117188,0.9655166143361904,1.771531716633225,-3.2839241304643627,-3.706084779997216,-1.9303765429938995,1.3357973194455588,-0.5369184630923516,3.980294538067045,-1.1586851690117108,1.6529003546625631
95.0,34.0,140.74542236328125,0.0790362820814398,1.76195810008495,-3.308290431632487,-3.749401460954221,-1.9463324941578843,1.3383803579627374,-0.5365611311253462,3.979704681410428,-0.0978413796320799,1.3297511296512086
95.0,34.0,140.93942260742188,-0.0315301168018276,1.83285429815578,-3.248082086802272,-3.7208005445068233,-1.9460281686327907,1.3384005677015098,-0.536569597931084,3.9795737093140815,-1.1696593255115948,1.3420845874407623
95.0,34.0,140.95651245117188,0.9663511002229188,1.8070542806667165,-3.3749608514943064,-3.719240994604421,-1.9466082842538144,1.3341006968033178,-0.5369178529154418,3.952969558910776,-1.15514030628223,1.6535136434243216
95.0,34.0,140.95651245117188,0.9663511002229188,1.8070542806667165,-3.3749608514943064,-3.719240994604421,-1.9466082842538144,1.3341006968033178,-0.5369178529154418,3.952969558910776,-1.15514030628223,1.6535136434243216
95.0,34.0,140.97604370117188,-0.0338085593102891,1.83285429815578,-3.283389598184087,-3.7188443658571,-1.946018560013404,1.338400861065486,-0.53656966911727,3.9779614321340167,-1.163870106247523,1.6534931978440597
95.0,34.0,140.97604370117188,-0.0338085593102891,1.83285429815578,-3.283389598184087,-3.7188443658571,-1.946018560013404,1.338400861065486,-0.53656966911727,3.9779614321340167,-1.163870106247523,1.6534931978440597
95.0,34.0,140.97926330566406,-0.0338085593102891,1.83285429815578,-3.283389598184087,-3.718844401640729,-1.946018560013404,1.3387184035580406,-0.5365694769524701,3.9780922758355945,-1.163870106247523,1.6534996069728276
95.0,34.0,140.98960876464844,-0.0340199033101632,1.7649356114672696,-3.285032144708921,-3.742645075778424,-1.9457674085734888,1.335801155762142,-0.537129528345853,3.978330057470611,-1.1642565182761897,1.653496483394762
95.0,34.0,141.00595092773438,-1.0577424008498904,1.8242366019212368,-3.308810866545808,-3.7208005445068233,-1.9464287550521708,1.338400861065486,-0.5365653833776931,3.9779614321340167,-1.163870106247523,1.3420845874407623
95.0,34.0,141.02879333496094,-0.0340199033101632,1.7630390217107157,-3.28200693682506,-3.718470913440499,-1.9457658597792369,1.335501875346716,-0.5574368542970469,3.9690725564539697,-1.1210283238196233,1.3276995620356502
95.0,34.0,141.0299072265625,0.0845201218057502,1.7626259158565465,-3.2486782926654336,-3.7198843698133217,-1.9463258115669413,1.3352860808798657,-0.556864123519832,3.979648636841429,-0.0978413796320799,1.3297511296512086
95.0,34.0,141.06005859375,-0.0338085593102891,1.7727525606802774,-3.252357621760629,-3.7287839796754025,-1.9460649423342264,1.3387154719675567,-0.5365694836975475,3.9779614321340167,-1.156439560530746,1.6534931978440597
95.0,34.0,141.10470581054688,-0.0340199033101632,1.7651291581789803,-3.2778834977209965,-3.742645075778424,-1.9457674085734888,1.335501875346716,-0.5353868330258774,3.978286154073656,-1.1642565182761897,1.653496483394762
95.0,34.0,141.14056396484375,0.087336057101141,1.7626259158565465,-3.2486782926654336,-3.720091416939896,-1.9463258115669413,1.33833542841542,-0.556864123519832,3.979648636841429,-0.0978413796320799,1.3297511296512086
95.0,35.0,138.00933837890625,-0.0345711525802731,1.7715899527335537,-3.281864098357726,-3.7196787752987257,-1.9463448641140584,1.335734161531041,-0.5586218117193984,3.977900330923658,-0.0188506653178972,1.6538515713835644
95.0,35.0,138.1593017578125,-1.0104235016048078,1.8097455588831264,-3.2824582765168286,-3.706933666419662,-1.9452056440372203,1.338317702783033,-0.5364015250937119,3.973608314362312,-0.0333813416561723,1.6608251063753825
95.0,35.0,138.22576904296875,-0.0315301168018276,1.8318393410418288,-3.2479413659351755,-3.7208005445068233,-1.946036042945822,1.3387134799378593,-0.536569597931084,3.979560436327447,-0.0815302025714029,1.3420845874407623
95.0,35.0,138.25843811035156,-0.0291162076847731,1.8226625608168867,-3.2805717548833333,-3.718501724584469,-1.9224261586654936,1.3344688554402362,-0.53700920403451,3.979741918979644,-0.0128726563016607,1.65324838472733
95.0,35.0,138.27993774414062,0.0652692726920154,1.7749798687852107,-3.308512285058748,-3.714364355028891,-1.9470373251206303,1.338718130543102,-0.5365611674848578,3.979297020920807,-0.092072799310057,1.325081681810369
95.0,35.0,138.2799530029297,0.0652692726920154,1.7749798687852107,-3.308512285058748,-3.714364355028891,-1.9470373251206303,1.3387181280093634,-0.5365609547508989,3.979297020920807,-0.092072799310057,1.325081681810369
95.0,35.0,138.28143310546875,0.0652692726920154,1.7749798687852107,-3.308512285058748,-3.714777075810111,-1.9463546051361469,1.338718130543102,-0.5365611103029251,3.979297020920807,-0.092072799310057,1.325081681810369
95.0,35.0,138.4955596923828,-0.0340199033101632,1.7751474481589002,-3.281864098357726,-3.742681034335576,-1.9463442498224952,1.335501875346716,-0.5360100006150327,3.977928168064434,-0.0863737792732013,1.653496483394762
95.0,35.0,138.59326171875,0.049891060858255,1.7624153643562146,-3.311313545357742,-3.7190075769010815,-1.9452041190799847,1.3383803579627374,-0.53656602911765,3.979704681410428,-0.0978413796320799,1.3297511296512086
95.0,35.0,138.6338653564453,-0.0345711525802731,1.7651452772608736,-3.281864098357726,-3.7196787752987257,-1.9463448641140584,1.3340854963937547,-0.5584093249954134,3.977849376538043,-0.0604213622279932,1.6881700889244229
95.0,35.0,138.63973999023438,0.9621068885686062,1.794339800208849,-3.3085207329749924,-3.7086591452529016,-1.9561067600743232,1.3383159775548037,-0.5365611662289589,3.979355525007725,-0.0911952006422014,1.6532561525760934
95.0,35.0,138.72503662109375,-0.035265433244932,1.7624153643562146,-3.281679217264181,-3.7502872573045054,-1.946344960587032,1.3383803579627374,-0.5360164101440813,3.977937598780508,-0.0979042736393694,1.3297511296512086
95.0,35.0,138.82467651367188,0.970455740796094,1.7744720976524175,-3.252372087253669,-3.7185138486467006,-1.9451085093973108,1.338212562980774,-0.536574677768769,3.9792928520324296,-0.094864159222218,1.3355072988940742
95.0,35.0,138.87144470214844,-1.0104235016048078,1.8245114497806112,-3.2824582765168286,-3.706084779997216,-1.9464289447675456,1.338317702783033,-0.5364015250937119,3.979265190581621,-0.0332507138490749,1.6544090155612117
95.0,35.0,138.89479064941406,-0.1184905970357624,1.7743848645206908,-3.280080851696087,-3.718495946709524,-1.9460835118326376,1.3344688554402362,-0.53700920403451,3.9796021081679016,-0.015343384622182,1.65324838472733
95.0,35.0,138.89791870117188,-0.0345711525802731,1.7651452772608736,-3.281864098357726,-3.022584314014318,-1.9463448641140584,1.3340854963937547,-0.5584093249954134,3.977849376538043,-0.0604213622279932,1.6881700889244229
95.0,35.0,138.97552490234375,1.015967864141232,1.7729477581307291,-3.313100866997206,-3.728446523607341,-1.945189885821409,1.338212758967238,-0.5365660800220231,3.9779961576278016,-0.0478485176795482,1.3181989637863734
95.0,35.0,139.04983520507812,-1.0104235016048078,1.830404627374002,-3.2824582765168286,-3.706084779997216,-1.9463412527197943,1.338317702783033,-0.536005301771065,3.979283824690464,-0.0332507138490749,1.6544090155612117
95.0,35.0,139.0907745361328,-0.0696631163875671,1.7197635877817368,-3.281864098357726,-3.687269232264482,-1.9463448641140584,1.3340854963937547,-0.5571777488635589,3.977775204418245,-0.4864871287889275,1.3325263600148245
95.0,35.0,139.2080535888672,0.9479198003405532,2.8068674578624577,-3.273858417868021,-3.7058296909237263,-1.9463247584538328,1.3386058641777314,-0.536402437712473,3.981135203580492,-0.0466734427625689,1.3297511296512086
95.0,35.0,139.2101593017578,0.970455740796094,1.7729477581307291,-3.252372087253669,-3.728446523607341,-1.945123415725399,1.338212562980774,-0.5365663043164622,3.9792928520324296,-0.094864159222218,1.3355072988940742
95.0,35.0,139.2236328125,-0.0570767872786472,1.8226625608168867,-3.2805717548833333,-3.734755466478551,-1.954955196662117,1.3344688554402362,-0.53700920403451,3.97788911946012,-0.0232905328034197,1.65324838472733
95.0,35.0,139.270263671875,-0.0340199033101632,1.7651452772608736,-3.281864098357726,-3.7196787752987257,-1.9457658597792369,1.335501875346716,-0.5584093249954134,3.9778496971807753,-1.1881739108289322,1.3276995620356502
95.0,35.0,139.270263671875,-0.0340199033101632,1.7651452772608736,-3.281864098357726,-3.7196787752987257,-1.9457658597792369,1.335501875346716,-0.5584093249954134,3.9778496971807753,-1.1881739108289322,1.3276995620356502
95.0,35.0,139.270263671875,-0.0340199033101632,1.7651452772608736,-3.281864098357726,-3.7196787752987257,-1.9457658597792369,1.335501875346716,-0.5584093249954134,3.9778496971807753,-1.1881739108289322,1.3276995620356502
95.0,35.0,139.28033447265625,-0.1184905970357624,1.7728605249990026,-3.280080851696087,-3.728428621670164,-1.9460984181607264,1.3344688554402362,-0.5370008305822034,3.9796021081679016,-0.015343384622182,1.65324838472733
95.0,35.0,139.3130645751953,-0.0340199033101632,1.766029841889023,-3.281537725270437,-3.719649777547184,-1.94642224115798,1.3355814547385114,-0.5584093249954134,3.9778496971807753,-1.1636202394075834,1.3276995620356502
95.0,35.0,139.38641357421875,-0.1184905970357624,1.8226625608168867,-3.2805717548833333,-3.718495946709524,-1.9226656093684016,1.3344688554402362,-0.53700920403451,3.979686279211659,-0.015343384622182,1.65324838472733
95.0,35.0,139.5180206298828,-0.0291162076847731,1.7627748740341935,-3.2805717548833333,-3.7199118052641,-2.533442931191389,1.3340819090744025,-0.5578407396911309,3.977805658570375,-0.0128726563016607,1.6527964123319598
95.0,35.0,139.67030334472656,0.970455740796094,1.823776308339704,-3.431679870953864,-3.71844477070804,-1.945123415725399,1.338212562980774,-0.5365663043164622,3.9793165589703263,-0.0924434472799888,1.3355072988940742
95.0,35.0,139.76617431640625,0.0511365907930238,1.7751474481589002,-3.3114984264512866,-3.742681034335576,-1.9463285547397309,1.335501875346716,-0.5365596172421473,3.9796952506943546,-0.0863108852659118,1.653496483394762
95.0,35.0,139.77296447753906,0.9621068885686062,1.794339800208849,-3.280534314439363,-3.613809124539076,-1.9554240400898395,1.3383159775548037,-0.5365611090470261,3.97792497290236,-0.0235524458659239,1.6532561525760934
95.0,35.0,139.7909393310547,0.9663511002229188,1.7639030568199932,-3.3749608514943064,-3.6719739899809465,-1.9465566661083733,1.3355622831745144,-0.5370831053561602,3.95318535645906,-1.1914247343170112,1.6535136434243216
95.0,35.0,139.80213928222656,-0.1225078400903061,1.7722535856026191,-3.308810866545808,-3.7208005445068233,-1.945967547080257,1.338400861065486,-0.536569597931084,3.9779614321340167,-1.163870106247523,1.3187403128540376
95.0,35.0,139.818115234375,0.9621068885686062,1.794339800208849,-3.280534314439363,-3.613396403757856,-1.9561067600743232,1.3383159775548037,-0.5365611662289589,3.97792497290236,-0.0235524458659239,1.6532561525760934
95.0,35.0,139.84861755371094,1.015967864141232,1.7729477581307291,-3.252372087253669,-3.728446523607341,-1.945189885821409,1.3382124656032617,-0.5365660800220231,3.9796084348078673,-0.0536377369436201,1.3181989637863734
95.0,35.0,139.9137725830078,-0.0340199033101632,1.8082965011075969,-3.281864098357726,-3.7196787752987257,-1.945817477924678,1.3340402889755194,-0.5582440725546949,3.977633899632491,-1.151889482794151,1.3276995620356502
95.0,35.0,139.9176025390625,0.049891060858255,1.7624153643562146,-3.311313545357742,-3.7502872573045054,-1.946329265504268,1.3383803579627374,-0.536566026771196,3.979704681410428,-0.0978413796320799,1.3297511296512086
95.0,35.0,139.9176025390625,0.049891060858255,1.7624153643562146,-3.311313545357742,-3.7502872573045054,-1.946329265504268,1.3383803579627374,-0.536566026771196,3.979704681410428,-0.0978413796320799,1.3297511296512086
95.0,35.0,140.00474548339844,-0.0315301168018276,1.83285429815578,-3.308810866545808,-3.7208005445068233,-1.9460281686327907,1.338400861065486,-0.536569597931084,3.9779614321340167,-1.163870106247523,1.3420845874407623
95.0,35.0,140.05831909179688,1.015967864141232,1.7729477581307291,-3.252372087253669,-3.728446523607341,-1.945189885821409,1.3382124656032617,-0.5365660800220231,3.9796084348078673,-0.0536377369436201,1.3355072988940742
95.0,35.0,140.05831909179688,1.015967864141232,1.7729477581307291,-3.252372087253669,-3.728446523607341,-1.945189885821409,1.3382124656032617,-0.5365660800220231,3.9796084348078673,-0.0536377369436201,1.3355072988940742
95.0,35.0,140.09671020507812,-0.0336589103127502,1.8070542806667165,-3.2842972316480936,-3.70612989944548,-1.9466178928732016,1.3339885223114252,-0.5369878856124614,3.9792234271037152,-1.154877678857802,1.0223389492670465
95.0,35.0,140.21847534179688,-0.0345711525802731,1.8521526937475583,-3.281864098357726,-3.0211742333344564,-1.9463448641140584,1.3344724427595882,-0.5375777893387925,3.979785636947312,-0.0604213622279932,1.6886220613197926
95.0,35.0,140.23043823242188,0.0652692726920154,1.775994825899162,-3.3086530059258434,-3.714777075810111,-1.9463467308231155,1.3384052183067523,-0.5365611103029251,3.9793102939074414,-1.180201922250249,1.325081681810369
95.0,35.0,140.38470458984375,0.1107813960371534,1.7749798687852107,-3.240193305347141,-3.714364355028891,-1.9471037952166408,1.33871803316559,-0.5365609431904187,3.979612603696245,-0.0508463770314592,1.325081681810369
95.0,35.0,140.41220092773438,0.9479198003405532,2.8068674578624577,-3.274027375833044,-3.7058296909237263,-1.9463324941578843,1.3386058641777314,-0.5365682927265806,3.981135203580492,-0.4825592482428399,1.3297511296512086
95.0,35.0,140.41900634765625,1.015967864141232,1.833049495606232,-3.249932394550274,-3.718510436911339,-1.945189885821409,1.3382124656032617,-0.5365660670793061,3.9796084348078673,-0.0610682826603969,1.3181989637863734
95.0,35.0,140.44371032714844,0.9566211537174828,2.8068674578624577,-3.274027375833044,-3.705853682537621,-1.9463324941578843,1.3386142226107045,-0.5365611311253462,3.981222249273075,-0.0978413796320799,1.3297511296512086
95.0,35.0,140.46224975585938,0.9655166143361904,1.771531716633225,-3.2840518942890564,-3.706084779997216,-1.9300616211558217,1.3357973194455588,-0.5369184630923516,3.980169177489712,-1.1638930484097263,1.6534759920757265
95.0,36.0,136.593017578125,0.9514317064164416,1.7726121430385455,-3.313100866997206,-3.7202385996088654,-1.9451933742590417,1.338387366226323,-0.5377505409983818,3.977991378524123,-0.0478485176795482,1.3273718016181966
95.0,36.0,138.00933837890625,-0.0345711525802731,1.7715899527335537,-3.281864098357726,-3.7196787752987257,-1.9463448641140584,1.335734161531041,-0.5586218117193984,3.977900330923658,-0.0188506653178972,1.6538515713835644
95.0,36.0,138.1593017578125,-1.0104235016048078,1.8097455588831264,-3.2824582765168286,-3.706933666419662,-1.9452056440372203,1.338317702783033,-0.5364015250937119,3.973608314362312,-0.0333813416561723,1.6608251063753825
95.0,36.0,138.22576904296875,-0.0315301168018276,1.8318393410418288,-3.2479413659351755,-3.7208005445068233,-1.946036042945822,1.3387134799378593,-0.536569597931084,3.979560436327447,-0.0815302025714029,1.3420845874407623
95.0,36.0,138.25843811035156,-0.0291162076847731,1.8226625608168867,-3.2805717548833333,-3.718501724584469,-1.9224261586654936,1.3344688554402362,-0.53700920403451,3.979741918979644,-0.0128726563016607,1.65324838472733
95.0,36.0,138.27993774414062,0.0652692726920154,1.7749798687852107,-3.308512285058748,-3.714364355028891,-1.9470373251206303,1.338718130543102,-0.5365611674848578,3.979297020920807,-0.092072799310057,1.325081681810369
95.0,36.0,138.2799530029297,0.0652692726920154,1.7749798687852107,-3.308512285058748,-3.714364355028891,-1.9470373251206303,1.3387181280093634,-0.5365609547508989,3.979297020920807,-0.092072799310057,1.325081681810369
95.0,36.0,138.2799530029297,0.0652692726920154,1.7749798687852107,-3.308512285058748,-3.714364355028891,-1.9470373251206303,1.3387181280093634,-0.5365609547508989,3.979297020920807,-0.092072799310057,1.325081681810369
95.0,36.0,138.28143310546875,0.0652692726920154,1.7749798687852107,-3.308512285058748,-3.714777075810111,-1.9463546051361469,1.338718130543102,-0.5365611103029251,3.979297020920807,-0.092072799310057,1.325081681810369
95.0,36.0,138.2942352294922,0.0652692726920154,1.7749798687852107,-3.308512285058748,-3.714774312683171,-1.9470478358867669,1.338718127985122,-0.5365609547508989,3.979297020920807,-0.092072799310057,1.325081681810369
95.0,36.0,138.46755981445312,-0.0316669522736784,1.8318393410418288,-3.2496311782609126,-3.028863221325066,-1.946024275388321,1.3387134799378593,-0.536569597931084,3.979560436327447,-0.0815302025714029,1.3420845874407623
95.0,36.0,138.4955596923828,-0.0340199033101632,1.7751474481589002,-3.281864098357726,-3.742681034335576,-1.9463442498224952,1.335501875346716,-0.5360100006150327,3.977928168064434,-0.0863737792732013,1.653496483394762
95.0,36.0,138.50396728515625,-0.0291162076847731,1.823727270143647,-3.2805717548833333,-3.718450257997776,-1.9224261586654936,1.3381744630062666,-0.5365177287610275,3.979723979095918,-0.0128726563016607,1.6490801710899172
95.0,36.0,138.59326171875,0.049891060858255,1.7624153643562146,-3.311313545357742,-3.7190075769010815,-1.9452041190799847,1.3383803579627374,-0.53656602911765,3.979704681410428,-0.0978413796320799,1.3297511296512086
95.0,36.0,138.6338653564453,-0.0345711525802731,1.7651452772608736,-3.281864098357726,-3.7196787752987257,-1.9463448641140584,1.3340854963937547,-0.5584093249954134,3.977849376538043,-0.0604213622279932,1.6881700889244229
95.0,36.0,138.63973999023438,0.9621068885686062,1.794339800208849,-3.3085207329749924,-3.7086591452529016,-1.9561067600743232,1.3383159775548037,-0.5365611662289589,3.979355525007725,-0.0911952006422014,1.6532561525760934
95.0,36.0,138.72503662109375,-0.035265433244932,1.7624153643562146,-3.281679217264181,-3.7502872573045054,-1.946344960587032,1.3383803579627374,-0.5360164101440813,3.977937598780508,-0.0979042736393694,1.3297511296512086
95.0,36.0,138.77206420898438,0.0652692726920154,1.7749798687852107,-3.307947110226747,-3.71860009553147,-1.947177967483385,1.334653135927264,-0.5365611674848578,3.979280362792197,-0.0943206106962687,1.3150422020661083
95.0,36.0,138.82467651367188,0.970455740796094,1.7744720976524175,-3.252372087253669,-3.7185138486467006,-1.9451085093973108,1.338212562980774,-0.536574677768769,3.9792928520324296,-0.094864159222218,1.3355072988940742
95.0,36.0,138.87144470214844,-1.0104235016048078,1.8245114497806112,-3.2824582765168286,-3.706084779997216,-1.9464289447675456,1.338317702783033,-0.5364015250937119,3.979265190581621,-0.0332507138490749,1.6544090155612117
95.0,36.0,138.89479064941406,-0.1184905970357624,1.7743848645206908,-3.280080851696087,-3.718495946709524,-1.9460835118326376,1.3344688554402362,-0.53700920403451,3.9796021081679016,-0.015343384622182,1.65324838472733
95.0,36.0,138.89791870117188,-0.0345711525802731,1.7651452772608736,-3.281864098357726,-3.022584314014318,-1.9463448641140584,1.3340854963937547,-0.5584093249954134,3.977849376538043,-0.0604213622279932,1.6881700889244229
95.0,36.0,138.97552490234375,1.015967864141232,1.7729477581307291,-3.313100866997206,-3.728446523607341,-1.945189885821409,1.338212758967238,-0.5365660800220231,3.9779961576278016,-0.0478485176795482,1.3181989637863734
95.0,36.0,139.04983520507812,-1.0104235016048078,1.830404627374002,-3.2824582765168286,-3.706084779997216,-1.9463412527197943,1.338317702783033,-0.536005301771065,3.979283824690464,-0.0332507138490749,1.6544090155612117
95.0,36.0,139.05581665039062,-0.0729599743293349,1.7707642280171705,-3.2824582765168286,-3.7454166485898623,-1.9463248070105048,1.338317702783033,-0.5587391020471798,3.973527449649784,-0.0332028036679177,1.6539193929155374
95.0,36.0,139.0907745361328,-0.0696631163875671,1.7197635877817368,-3.281864098357726,-3.687269232264482,-1.9463448641140584,1.3340854963937547,-0.5571777488635589,3.977775204418245,-0.4864871287889275,1.3325263600148245
95.0,36.0,139.1527862548828,0.049891060858255,1.7624153643562146,-3.271038738856236,-3.7190075769010815,-1.945175675428216,1.338607285570744,-0.53656602911765,3.979704681410428,-0.0978413796320799,1.3297511296512086
95.0,36.0,139.2080535888672,0.9479198003405532,2.8068674578624577,-3.273858417868021,-3.7058296909237263,-1.9463247584538328,1.3386058641777314,-0.536402437712473,3.981135203580492,-0.0466734427625689,1.3297511296512086
95.0,36.0,139.2101593017578,0.970455740796094,1.7729477581307291,-3.252372087253669,-3.728446523607341,-1.945123415725399,1.338212562980774,-0.5365663043164622,3.9792928520324296,-0.094864159222218,1.3355072988940742
95.0,36.0,139.2236328125,-0.0570767872786472,1.8226625608168867,-3.2805717548833333,-3.734755466478551,-1.954955196662117,1.3344688554402362,-0.53700920403451,3.97788911946012,-0.0232905328034197,1.65324838472733
95.0,36.0,139.270263671875,-0.0340199033101632,1.7651452772608736,-3.281864098357726,-3.7196787752987257,-1.9457658597792369,1.335501875346716,-0.5584093249954134,3.9778496971807753,-1.1881739108289322,1.3276995620356502
95.0,36.0,139.270263671875,-0.0340199033101632,1.7651452772608736,-3.281864098357726,-3.7196787752987257,-1.9457658597792369,1.335501875346716,-0.5584093249954134,3.9778496971807753,-1.1881739108289322,1.3276995620356502
95.0,36.0,139.270263671875,-0.0340199033101632,1.7651452772608736,-3.281864098357726,-3.7196787752987257,-1.9457658597792369,1.335501875346716,-0.5584093249954134,3.9778496971807753,-1.1881739108289322,1.3276995620356502
95.0,36.0,139.28033447265625,-0.1184905970357624,1.7728605249990026,-3.280080851696087,-3.728428621670164,-1.9460984181607264,1.3344688554402362,-0.5370008305822034,3.9796021081679016,-0.015343384622182,1.65324838472733
95.0,36.0,139.3130645751953,-0.0340199033101632,1.766029841889023,-3.281537725270437,-3.719649777547184,-1.94642224115798,1.3355814547385114,-0.5584093249954134,3.9778496971807753,-1.1636202394075834,1.3276995620356502
95.0,36.0,139.38641357421875,-0.1184905970357624,1.8226625608168867,-3.2805717548833333,-3.718495946709524,-1.9226656093684016,1.3344688554402362,-0.53700920403451,3.979686279211659,-0.015343384622182,1.65324838472733
95.0,36.0,139.44203186035156,1.015967864141232,1.7626038825809558,-3.249932394550274,-3.718510436911339,-1.945189885821409,1.3382124656032617,-0.5365660670793061,3.97790097616313,-0.0610682826603969,1.329690901632764
95.0,36.0,139.5180206298828,-0.0291162076847731,1.7627748740341935,-3.2805717548833333,-3.7199118052641,-2.533442931191389,1.3340819090744025,-0.5578407396911309,3.977805658570375,-0.0128726563016607,1.6527964123319598
95.0,36.0,139.65528869628906,0.9621068885686062,1.7933830154216237,-3.2805892543169586,-3.613809124539076,-1.9459004004779767,1.3382701315281689,-0.535935787628942,3.9779219360407647,-0.0235524458659239,1.64981699306361
95.0,36.0,139.67030334472656,0.970455740796094,1.823776308339704,-3.431679870953864,-3.71844477070804,-1.945123415725399,1.338212562980774,-0.5365663043164622,3.9793165589703263,-0.0924434472799888,1.3355072988940742
95.0,36.0,139.67138671875,-0.0340199033101632,1.7661020620480992,-3.2818091584801303,-3.7196787752987257,-1.9552894993910992,1.3355477213733509,-0.5590346464134975,3.977852734042371,-1.1881739108289322,1.3311387215481338
95.0,36.0,139.6914520263672,-0.035265433244932,1.832860977381491,-3.281679217264181,-3.7502872573045054,-1.946344960587032,1.3383803579627374,-0.5360164101440813,3.9796450574252455,-0.0979042736393694,1.318259191804818
95.0,36.0,139.76617431640625,0.0511365907930238,1.7751474481589002,-3.3114984264512866,-3.742681034335576,-1.9463285547397309,1.335501875346716,-0.5365596172421473,3.9796952506943546,-0.0863108852659118,1.653496483394762
95.0,36.0,139.77296447753906,0.9621068885686062,1.794339800208849,-3.280534314439363,-3.613809124539076,-1.9554240400898395,1.3383159775548037,-0.5365611090470261,3.97792497290236,-0.0235524458659239,1.6532561525760934
95.0,36.0,139.7909393310547,0.9663511002229188,1.7639030568199932,-3.3749608514943064,-3.6719739899809465,-1.9465566661083733,1.3355622831745144,-0.5370831053561602,3.95318535645906,-1.1914247343170112,1.6535136434243216
95.0,36.0,139.80213928222656,-0.1225078400903061,1.7722535856026191,-3.308810866545808,-3.7208005445068233,-1.945967547080257,1.338400861065486,-0.536569597931084,3.9779614321340167,-1.163870106247523,1.3187403128540376
95.0,36.0,139.818115234375,0.9621068885686062,1.794339800208849,-3.280534314439363,-3.613396403757856,-1.9561067600743232,1.3383159775548037,-0.5365611662289589,3.97792497290236,-0.0235524458659239,1.6532561525760934
95.0,36.0,139.84861755371094,1.015967864141232,1.7729477581307291,-3.252372087253669,-3.728446523607341,-1.945189885821409,1.3382124656032617,-0.5365660800220231,3.9796084348078673,-0.0536377369436201,1.3181989637863734
95.0,36.0,139.88336181640625,0.970455740796094,1.822711599012944,-3.431679870953864,-3.7184962372947337,-1.945123415725399,1.3345069554147435,-0.5370577795899448,3.979334498854052,-0.0924434472799888,1.339675512531487
95.0,36.0,139.9137725830078,-0.0340199033101632,1.8082965011075969,-3.281864098357726,-3.7196787752987257,-1.945817477924678,1.3340402889755194,-0.5582440725546949,3.977633899632491,-1.151889482794151,1.3276995620356502
95.0,37.0,136.593017578125,0.9514317064164416,1.7726121430385455,-3.313100866997206,-3.7202385996088654,-1.9451933742590417,1.338387366226323,-0.5377505409983818,3.977991378524123,-0.0478485176795482,1.3273718016181966
95.0,37.0,136.81680297851562,0.9637466567872216,1.7730620055399264,-3.281346538111444,-3.7196787752987257,-1.9457658597792369,1.335501875346716,-0.5370192758072879,3.9778496971807753,-0.0589513443404496,1.327682346647403
95.0,37.0,137.6008758544922,-0.0307727663733417,1.764090260779799,-3.3140258275429946,-3.7189976777041,-1.9455734934988145,1.3381744630062666,-0.53656546088305,3.979704817894704,-0.0128726563016607,1.6490801710899172
95.0,37.0,137.72158813476562,-0.0202426827451518,1.7961130476239493,-3.3085207329749924,-3.7084549866099152,-1.9561067600743232,1.3383159775548037,-0.5365611662289589,3.979356903085263,-0.0912300175360303,1.6532561525760934
95.0,37.0,138.00933837890625,-0.0345711525802731,1.7715899527335537,-3.281864098357726,-3.7196787752987257,-1.9463448641140584,1.335734161531041,-0.5586218117193984,3.977900330923658,-0.0188506653178972,1.6538515713835644
95.0,37.0,138.1593017578125,-1.0104235016048078,1.8097455588831264,-3.2824582765168286,-3.706933666419662,-1.9452056440372203,1.338317702783033,-0.5364015250937119,3.973608314362312,-0.0333813416561723,1.6608251063753825
95.0,37.0,138.1593017578125,-1.0104235016048078,1.8097455588831264,-3.2824582765168286,-3.706933666419662,-1.9452056440372203,1.338317702783033,-0.5364015250937119,3.973608314362312,-0.0333813416561723,1.6608251063753825
95.0,37.0,138.1593017578125,-1.0104235016048078,1.8097455588831264,-3.2824582765168286,-3.706933666419662,-1.9452056440372203,1.338317702783033,-0.5364015250937119,3.973608314362312,-0.0333813416561723,1.6608251063753825
95.0,37.0,138.22576904296875,-0.0315301168018276,1.8318393410418288,-3.2479413659351755,-3.7208005445068233,-1.946036042945822,1.3387134799378593,-0.536569597931084,3.979560436327447,-0.0815302025714029,1.3420845874407623
95.0,37.0,138.25843811035156,-0.0291162076847731,1.8226625608168867,-3.2805717548833333,-3.718501724584469,-1.9224261586654936,1.3344688554402362,-0.53700920403451,3.979741918979644,-0.0128726563016607,1.65324838472733
95.0,37.0,138.27993774414062,0.0652692726920154,1.7749798687852107,-3.308512285058748,-3.714364355028891,-1.9470373251206303,1.338718130543102,-0.5365611674848578,3.979297020920807,-0.092072799310057,1.325081681810369
95.0,37.0,138.2799530029297,0.0652692726920154,1.7749798687852107,-3.308512285058748,-3.714364355028891,-1.9470373251206303,1.3387181280093634,-0.5365609547508989,3.979297020920807,-0.092072799310057,1.325081681810369
95.0,37.0,138.2799530029297,0.0652692726920154,1.7749798687852107,-3.308512285058748,-3.714364355028891,-1.9470373251206303,1.3387181280093634,-0.5365609547508989,3.979297020920807,-0.092072799310057,1.325081681810369
95.0,37.0,138.28143310546875,0.0652692726920154,1.7749798687852107,-3.308512285058748,-3.714777075810111,-1.9463546051361469,1.338718130543102,-0.5365611103029251,3.979297020920807,-0.092072799310057,1.325081681810369
95.0,37.0,138.2934112548828,0.0488733143130669,1.7747766692482423,-3.2805717548833333,-3.718501724584469,-1.9224261586654936,1.3344688554402362,-0.5370235894630161,3.9792778994364135,-0.0602737989613351,1.65324838472733
95.0,37.0,138.2942352294922,0.0652692726920154,1.7749798687852107,-3.308512285058748,-3.714774312683171,-1.9470478358867669,1.338718127985122,-0.5365609547508989,3.979297020920807,-0.092072799310057,1.325081681810369
95.0,37.0,138.368408203125,-0.0316669522736784,1.8318393410418288,-3.251356380913927,-3.028863221325066,-1.946024275388321,1.3387134799378593,-0.536569597931084,3.977828092916172,-0.0815302025714029,1.3420845874407623
95.0,37.0,138.41526794433594,-0.0729599743293349,1.770559937159034,-3.251631244177914,-3.719089682661075,-1.9463248070105048,1.338317702783033,-0.5587391020471798,3.978092934675156,-0.0313460749608594,1.6645122090885769
95.0,37.0,138.46755981445312,-0.0316669522736784,1.8318393410418288,-3.2496311782609126,-3.028863221325066,-1.946024275388321,1.3387134799378593,-0.536569597931084,3.979560436327447,-0.0815302025714029,1.3420845874407623
95.0,37.0,138.4955596923828,-0.0340199033101632,1.7751474481589002,-3.281864098357726,-3.742681034335576,-1.9463442498224952,1.335501875346716,-0.5360100006150327,3.977928168064434,-0.0863737792732013,1.653496483394762
95.0,37.0,138.50396728515625,-0.0291162076847731,1.823727270143647,-3.2805717548833333,-3.718450257997776,-1.9224261586654936,1.3381744630062666,-0.5365177287610275,3.979723979095918,-0.0128726563016607,1.6490801710899172
95.0,37.0,138.5642547607422,-1.0104235016048078,1.830404627374002,-3.2824582765168286,-3.704150848339289,-1.9463412527197943,1.338317702783033,-0.5356680116656004,3.9778248331443744,-0.0566204228065896,1.6544090155612117
95.0,37.0,138.59326171875,0.049891060858255,1.7624153643562146,-3.311313545357742,-3.7190075769010815,-1.9452041190799847,1.3383803579627374,-0.53656602911765,3.979704681410428,-0.0978413796320799,1.3297511296512086
95.0,37.0,138.6102752685547,0.0652692726920154,1.7749798687852107,-3.307947110226747,-3.714496784688788,-1.947177967483385,1.334653135927264,-0.5365611674848578,3.979280362792197,-0.0943206106962687,1.315735946324199
95.0,37.0,138.6338653564453,-0.0345711525802731,1.7651452772608736,-3.281864098357726,-3.7196787752987257,-1.9463448641140584,1.3340854963937547,-0.5584093249954134,3.977849376538043,-0.0604213622279932,1.6881700889244229
95.0,37.0,138.63973999023438,0.9621068885686062,1.794339800208849,-3.3085207329749924,-3.7086591452529016,-1.9561067600743232,1.3383159775548037,-0.5365611662289589,3.979355525007725,-0.0911952006422014,1.6532561525760934
95.0,37.0,138.72247314453125,-0.0345711525802731,1.7651452772608736,-3.280138895704712,-3.7196787752987257,-1.9463448641140584,1.3340854963937547,-0.5584093249954134,3.979581719949318,-0.0604213622279932,1.6881700889244229
95.0,37.0,138.72503662109375,-0.035265433244932,1.7624153643562146,-3.281679217264181,-3.7502872573045054,-1.946344960587032,1.3383803579627374,-0.5360164101440813,3.977937598780508,-0.0979042736393694,1.3297511296512086
95.0,37.0,138.77206420898438,0.0652692726920154,1.7749798687852107,-3.307947110226747,-3.71860009553147,-1.947177967483385,1.334653135927264,-0.5365611674848578,3.979280362792197,-0.0943206106962687,1.3150422020661083
95.0,37.0,138.77206420898438,0.0652692726920154,1.7749798687852107,-3.307947110226747,-3.71860009553147,-1.947177967483385,1.334653135927264,-0.5365611674848578,3.979280362792197,-0.0943206106962687,1.3150422020661083
95.0,37.0,138.82467651367188,0.970455740796094,1.7744720976524175,-3.252372087253669,-3.7185138486467006,-1.9451085093973108,1.338212562980774,-0.536574677768769,3.9792928520324296,-0.094864159222218,1.3355072988940742
95.0,37.0,138.87144470214844,-1.0104235016048078,1.8245114497806112,-3.2824582765168286,-3.706084779997216,-1.9464289447675456,1.338317702783033,-0.5364015250937119,3.979265190581621,-0.0332507138490749,1.6544090155612117
95.0,37.0,138.89479064941406,-0.1184905970357624,1.7743848645206908,-3.280080851696087,-3.718495946709524,-1.9460835118326376,1.3344688554402362,-0.53700920403451,3.9796021081679016,-0.015343384622182,1.65324838472733
95.0,37.0,138.89791870117188,-0.0345711525802731,1.7651452772608736,-3.281864098357726,-3.022584314014318,-1.9463448641140584,1.3340854963937547,-0.5584093249954134,3.977849376538043,-0.0604213622279932,1.6881700889244229
95.0,37.0,138.96661376953125,0.0614534022638498,1.822865760353855,-3.308512285058748,-3.714364355028891,-1.9470373251206303,1.3387181280093634,-0.5365465693223929,3.979761040464037,-0.092072799310057,1.325081681810369
95.0,37.0,138.97552490234375,1.015967864141232,1.7729477581307291,-3.313100866997206,-3.728446523607341,-1.945189885821409,1.338212758967238,-0.5365660800220231,3.9779961576278016,-0.0478485176795482,1.3181989637863734
95.0,37.0,139.04983520507812,-1.0104235016048078,1.830404627374002,-3.2824582765168286,-3.706084779997216,-1.9463412527197943,1.338317702783033,-0.536005301771065,3.979283824690464,-0.0332507138490749,1.6544090155612117
95.0,37.0,139.05581665039062,-0.0729599743293349,1.7707642280171705,-3.2824582765168286,-3.7454166485898623,-1.9463248070105048,1.338317702783033,-0.5587391020471798,3.973527449649784,-0.0332028036679177,1.6539193929155374
95.0,37.0,139.0907745361328,-0.0696631163875671,1.7197635877817368,-3.281864098357726,-3.687269232264482,-1.9463448641140584,1.3340854963937547,-0.5571777488635589,3.977775204418245,-0.4864871287889275,1.3325263600148245
95.0,37.0,139.1527862548828,0.049891060858255,1.7624153643562146,-3.271038738856236,-3.7190075769010815,-1.945175675428216,1.338607285570744,-0.53656602911765,3.979704681410428,-0.0978413796320799,1.3297511296512086
95.0,37.0,139.2080535888672,0.9479198003405532,2.8068674578624577,-3.273858417868021,-3.7058296909237263,-1.9463247584538328,1.3386058641777314,-0.536402437712473,3.981135203580492,-0.0466734427625689,1.3297511296512086
95.0,37.0,139.2101593017578,0.970455740796094,1.7729477581307291,-3.252372087253669,-3.728446523607341,-1.945123415725399,1.338212562980774,-0.5365663043164622,3.9792928520324296,-0.094864159222218,1.3355072988940742
95.0,37.0,139.2236328125,-0.0570767872786472,1.8226625608168867,-3.2805717548833333,-3.734755466478551,-1.954955196662117,1.3344688554402362,-0.53700920403451,3.97788911946012,-0.0232905328034197,1.65324838472733
95.0,37.0,139.270263671875,-0.0340199033101632,1.7651452772608736,-3.281864098357726,-3.7196787752987257,-1.9457658597792369,1.335501875346716,-0.5584093249954134,3.9778496971807753,-1.1881739108289322,1.3276995620356502
95.0,37.0,139.270263671875,-0.0340199033101632,1.7651452772608736,-3.281864098357726,-3.7196787752987257,-1.9457658597792369,1.335501875346716,-0.5584093249954134,3.9778496971807753,-1.1881739108289322,1.3276995620356502
95.0,37.0,139.270263671875,-0.0340199033101632,1.7651452772608736,-3.281864098357726,-3.7196787752987257,-1.9457658597792369,1.335501875346716,-0.5584093249954134,3.9778496971807753,-1.1881739108289322,1.3276995620356502
95.0,37.0,139.28033447265625,-0.1184905970357624,1.7728605249990026,-3.280080851696087,-3.728428621670164,-1.9460984181607264,1.3344688554402362,-0.5370008305822034,3.9796021081679016,-0.015343384622182,1.65324838472733
95.0,37.0,139.3130645751953,-0.0340199033101632,1.766029841889023,-3.281537725270437,-3.719649777547184,-1.94642224115798,1.3355814547385114,-0.5584093249954134,3.9778496971807753,-1.1636202394075834,1.3276995620356502
95.0,37.0,139.3130645751953,-0.0340199033101632,1.766029841889023,-3.281537725270437,-3.719649777547184,-1.94642224115798,1.3355814547385114,-0.5584093249954134,3.9778496971807753,-1.1636202394075834,1.3276995620356502
95.0,37.0,139.3504638671875,-0.0575941514688855,1.8226625608168867,-3.2805717548833333,-3.734755466478551,-1.954955196662117,1.3344688554402362,-0.53700920403451,3.97788911946012,-0.0144683038772969,1.65324838472733
95.0,38.0,136.593017578125,0.9514317064164416,1.7726121430385455,-3.313100866997206,-3.7202385996088654,-1.9451933742590417,1.338387366226323,-0.5377505409983818,3.977991378524123,-0.0478485176795482,1.3273718016181966
95.0,38.0,136.81680297851562,0.9637466567872216,1.7730620055399264,-3.281346538111444,-3.7196787752987257,-1.9457658597792369,1.335501875346716,-0.5370192758072879,3.9778496971807753,-0.0589513443404496,1.327682346647403
95.0,38.0,137.3255157470703,0.9514317064164416,1.7726121430385455,-3.312989262395841,-3.7202385996088654,-1.9451933742590417,1.338387366226323,-0.537738932302193,3.978003774838687,-0.0915431421791976,1.3273718016181966
95.0,38.0,137.6008758544922,-0.0307727663733417,1.764090260779799,-3.3140258275429946,-3.7189976777041,-1.9455734934988145,1.3381744630062666,-0.53656546088305,3.979704817894704,-0.0128726563016607,1.6490801710899172
95.0,38.0,137.72158813476562,-0.0202426827451518,1.7961130476239493,-3.3085207329749924,-3.7084549866099152,-1.9561067600743232,1.3383159775548037,-0.5365611662289589,3.979356903085263,-0.0912300175360303,1.6532561525760934
95.0,38.0,138.00933837890625,-0.0345711525802731,1.7715899527335537,-3.281864098357726,-3.7196787752987257,-1.9463448641140584,1.335734161531041,-0.5586218117193984,3.977900330923658,-0.0188506653178972,1.6538515713835644
95.0,38.0,138.00933837890625,-0.0345711525802731,1.7715899527335537,-3.281864098357726,-3.7196787752987257,-1.9463448641140584,1.335734161531041,-0.5586218117193984,3.977900330923658,-0.0188506653178972,1.6538515713835644
95.0,38.0,138.1593017578125,-1.0104235016048078,1.8097455588831264,-3.2824582765168286,-3.706933666419662,-1.9452056440372203,1.338317702783033,-0.5364015250937119,3.973608314362312,-0.0333813416561723,1.6608251063753825
95.0,38.0,138.1593017578125,-1.0104235016048078,1.8097455588831264,-3.2824582765168286,-3.706933666419662,-1.9452056440372203,1.338317702783033,-0.5364015250937119,3.973608314362312,-0.0333813416561723,1.6608251063753825
95.0,38.0,138.1593017578125,-1.0104235016048078,1.8097455588831264,-3.2824582765168286,-3.706933666419662,-1.9452056440372203,1.338317702783033,-0.5364015250937119,3.973608314362312,-0.0333813416561723,1.6608251063753825
95.0,38.0,138.1593017578125,-1.0104235016048078,1.8097455588831264,-3.2824582765168286,-3.706933666419662,-1.9452056440372203,1.338317702783033,-0.5364015250937119,3.973608314362312,-0.0333813416561723,1.6608251063753825
95.0,38.0,138.22576904296875,-0.0315301168018276,1.8318393410418288,-3.2479413659351755,-3.7208005445068233,-1.946036042945822,1.3387134799378593,-0.536569597931084,3.979560436327447,-0.0815302025714029,1.3420845874407623
95.0,38.0,138.25843811035156,-0.0291162076847731,1.8226625608168867,-3.2805717548833333,-3.718501724584469,-1.9224261586654936,1.3344688554402362,-0.53700920403451,3.979741918979644,-0.0128726563016607,1.65324838472733
95.0,38.0,138.27993774414062,0.0652692726920154,1.7749798687852107,-3.308512285058748,-3.714364355028891,-1.9470373251206303,1.338718130543102,-0.5365611674848578,3.979297020920807,-0.092072799310057,1.325081681810369
95.0,38.0,138.27993774414062,0.0652692726920154,1.7749798687852107,-3.308512285058748,-3.714364355028891,-1.9470373251206303,1.3387181280603,-0.5365611743139028,3.979297020920807,-0.092072799310057,1.325081681810369
95.0,38.0,138.2799530029297,0.0652692726920154,1.7749798687852107,-3.308512285058748,-3.714364355028891,-1.9470373251206303,1.3387181280093634,-0.5365609547508989,3.979297020920807,-0.092072799310057,1.325081681810369
95.0,38.0,138.2799530029297,0.0652692726920154,1.7749798687852107,-3.308512285058748,-3.714364355028891,-1.9470373251206303,1.3387181280093634,-0.5365609547508989,3.979297020920807,-0.092072799310057,1.325081681810369
95.0,38.0,138.2799530029297,0.0652692726920154,1.7749798687852107,-3.308512285058748,-3.714364355028891,-1.9470373251206303,1.3387181304921654,-0.5365609479218539,3.979297020920807,-0.092072799310057,1.325081681810369
95.0,38.0,138.28143310546875,0.0652692726920154,1.7749798687852107,-3.308512285058748,-3.714777075810111,-1.9463546051361469,1.338718130543102,-0.5365611103029251,3.979297020920807,-0.092072799310057,1.325081681810369
95.0,38.0,138.2934112548828,0.0488733143130669,1.7747766692482423,-3.2805717548833333,-3.718501724584469,-1.9224261586654936,1.3344688554402362,-0.5370235894630161,3.9792778994364135,-0.0602737989613351,1.65324838472733
95.0,38.0,138.2942352294922,0.0652692726920154,1.7749798687852107,-3.308512285058748,-3.714774312683171,-1.9470478358867669,1.338718127985122,-0.5365609547508989,3.979297020920807,-0.092072799310057,1.325081681810369
95.0,38.0,138.368408203125,-0.0316669522736784,1.8318393410418288,-3.251356380913927,-3.028863221325066,-1.946024275388321,1.3387134799378593,-0.536569597931084,3.977828092916172,-0.0815302025714029,1.3420845874407623
95.0,38.0,138.41526794433594,-0.0729599743293349,1.770559937159034,-3.251631244177914,-3.719089682661075,-1.9463248070105048,1.338317702783033,-0.5587391020471798,3.978092934675156,-0.0313460749608594,1.6645122090885769
95.0,38.0,138.46755981445312,-0.0316669522736784,1.8318393410418288,-3.2496311782609126,-3.028863221325066,-1.946024275388321,1.3387134799378593,-0.536569597931084,3.979560436327447,-0.0815302025714029,1.3420845874407623
95.0,38.0,138.4955596923828,-0.0340199033101632,1.7751474481589002,-3.281864098357726,-3.742681034335576,-1.9463442498224952,1.335501875346716,-0.5360100006150327,3.977928168064434,-0.0863737792732013,1.653496483394762
95.0,38.0,138.50396728515625,-0.0291162076847731,1.823727270143647,-3.2805717548833333,-3.718450257997776,-1.9224261586654936,1.3381744630062666,-0.5365177287610275,3.979723979095918,-0.0128726563016607,1.6490801710899172
95.0,38.0,138.5642547607422,-1.0104235016048078,1.830404627374002,-3.2824582765168286,-3.704150848339289,-1.9463412527197943,1.338317702783033,-0.5356680116656004,3.9778248331443744,-0.0566204228065896,1.6544090155612117
95.0,38.0,138.59326171875,0.049891060858255,1.7624153643562146,-3.311313545357742,-3.7190075769010815,-1.9452041190799847,1.3383803579627374,-0.53656602911765,3.979704681410428,-0.0978413796320799,1.3297511296512086
95.0,38.0,138.6102752685547,0.0652692726920154,1.7749798687852107,-3.307947110226747,-3.714496784688788,-1.947177967483385,1.334653135927264,-0.5365611674848578,3.979280362792197,-0.0943206106962687,1.315735946324199
95.0,38.0,138.63145446777344,0.049891060858255,1.7948997758811582,-3.311313545357742,-3.7190075769010815,-1.9452041190799847,1.3383803579627374,-0.5365612165331284,3.9797132157075,-0.0978413796320799,1.3297511296512086
95.0,38.0,138.6338653564453,-0.0345711525802731,1.7651452772608736,-3.281864098357726,-3.7196787752987257,-1.9463448641140584,1.3340854963937547,-0.5584093249954134,3.977849376538043,-0.0604213622279932,1.6881700889244229
95.0,38.0,138.63973999023438,0.9621068885686062,1.794339800208849,-3.3085207329749924,-3.7086591452529016,-1.9561067600743232,1.3383159775548037,-0.5365611662289589,3.979355525007725,-0.0911952006422014,1.6532561525760934
95.0,38.0,138.72247314453125,-0.0345711525802731,1.7651452772608736,-3.280138895704712,-3.7196787752987257,-1.9463448641140584,1.3340854963937547,-0.5584093249954134,3.979581719949318,-0.0604213622279932,1.6881700889244229
95.0,38.0,138.72503662109375,-0.035265433244932,1.7624153643562146,-3.281679217264181,-3.7502872573045054,-1.946344960587032,1.3383803579627374,-0.5360164101440813,3.977937598780508,-0.0979042736393694,1.3297511296512086
95.0,38.0,138.77206420898438,0.0652692726920154,1.7749798687852107,-3.307947110226747,-3.71860009553147,-1.947177967483385,1.334653135927264,-0.5365611674848578,3.979280362792197,-0.0943206106962687,1.3150422020661083
95.0,38.0,138.77206420898438,0.0652692726920154,1.7749798687852107,-3.307947110226747,-3.71860009553147,-1.947177967483385,1.334653135927264,-0.5365611674848578,3.979280362792197,-0.0943206106962687,1.3150422020661083
95.0,38.0,138.82467651367188,0.970455740796094,1.7744720976524175,-3.252372087253669,-3.7185138486467006,-1.9451085093973108,1.338212562980774,-0.536574677768769,3.9792928520324296,-0.094864159222218,1.3355072988940742
95.0,38.0,138.860595703125,0.0488733143130669,1.7747766692482423,-3.2776585117392942,-3.718503098668743,-1.946589050406508,1.3344688554402362,-0.5365538646825597,3.979280468054237,-0.0602737989613351,1.678757653663074
95.0,38.0,138.87144470214844,-1.0104235016048078,1.8245114497806112,-3.2824582765168286,-3.706084779997216,-1.9464289447675456,1.338317702783033,-0.5364015250937119,3.979265190581621,-0.0332507138490749,1.6544090155612117
95.0,38.0,138.89479064941406,-0.1184905970357624,1.7743848645206908,-3.280080851696087,-3.718495946709524,-1.9460835118326376,1.3344688554402362,-0.53700920403451,3.9796021081679016,-0.015343384622182,1.65324838472733
95.0,38.0,138.89791870117188,-0.0345711525802731,1.7651452772608736,-3.281864098357726,-3.022584314014318,-1.9463448641140584,1.3340854963937547,-0.5584093249954134,3.977849376538043,-0.0604213622279932,1.6881700889244229
95.0,38.0,138.9088592529297,0.9937314263694133,1.809781366935455,-3.2824582765168286,-3.708646361130002,-1.9458780591170264,1.338317702783033,-0.5364015250937119,3.973608314362312,-0.0333813416561723,1.6605365102377443
95.0,38.0,138.96661376953125,0.0614534022638498,1.822865760353855,-3.308512285058748,-3.714364355028891,-1.9470373251206303,1.3387181280093634,-0.5365465693223929,3.979761040464037,-0.092072799310057,1.325081681810369
95.0,38.0,138.97552490234375,1.015967864141232,1.7729477581307291,-3.313100866997206,-3.728446523607341,-1.945189885821409,1.338212758967238,-0.5365660800220231,3.9779961576278016,-0.0478485176795482,1.3181989637863734
95.0,38.0,139.0138702392578,-0.0340199033101632,1.7750292131731311,-3.281864098357726,-3.7196787752987257,-1.9457658597792369,1.335501875346716,-0.5248759031962753,3.9778496971807753,-1.1881739108289322,1.3276995620356502
95.0,38.0,139.04983520507812,-1.0104235016048078,1.830404627374002,-3.2824582765168286,-3.706084779997216,-1.9463412527197943,1.338317702783033,-0.536005301771065,3.979283824690464,-0.0332507138490749,1.6544090155612117
95.0,38.0,139.05581665039062,-0.0729599743293349,1.7707642280171705,-3.2824582765168286,-3.7454166485898623,-1.9463248070105048,1.338317702783033,-0.5587391020471798,3.973527449649784,-0.0332028036679177,1.6539193929155374
95.0,38.0,139.0907745361328,-0.0696631163875671,1.7197635877817368,-3.281864098357726,-3.687269232264482,-1.9463448641140584,1.3340854963937547,-0.5571777488635589,3.977775204418245,-0.4864871287889275,1.3325263600148245
95.0,38.0,139.1527862548828,0.049891060858255,1.7624153643562146,-3.271038738856236,-3.7190075769010815,-1.945175675428216,1.338607285570744,-0.53656602911765,3.979704681410428,-0.0978413796320799,1.3297511296512086
95.0,38.0,139.2080535888672,0.9479198003405532,2.8068674578624577,-3.273858417868021,-3.7058296909237263,-1.9463247584538328,1.3386058641777314,-0.536402437712473,3.981135203580492,-0.0466734427625689,1.3297511296512086
95.0,39.0,136.1412811279297,-0.0291162076847731,1.823727270143647,-3.313089788805803,-3.718450257997776,-1.9224261586654936,1.3381744630062666,-0.5365177287610275,3.979723979095918,-0.0461435757819749,1.3261637649257334
95.0,39.0,136.593017578125,0.9514317064164416,1.7726121430385455,-3.313100866997206,-3.7202385996088654,-1.9451933742590417,1.338387366226323,-0.5377505409983818,3.977991378524123,-0.0478485176795482,1.3273718016181966
95.0,39.0,136.81680297851562,0.9637466567872216,1.7730620055399264,-3.281346538111444,-3.7196787752987257,-1.9457658597792369,1.335501875346716,-0.5370192758072879,3.9778496971807753,-0.0589513443404496,1.327682346647403
95.0,39.0,136.90769958496094,-1.0198874728816891,1.777878321264681,-3.28247375190889,-3.721600300715597,-1.946333794611277,1.3353739161048856,-0.5370192758072879,3.9778264857015375,-0.0590624070362299,1.327682346647403
95.0,39.0,137.32423400878906,0.9514317064164416,1.7726121430385455,-3.3131010642696666,-3.7202385996088654,-1.9451933742590417,1.338387366226323,-0.537738932302193,3.978003774838687,-0.0915431421791976,1.3273718016181966
95.0,39.0,137.3255157470703,0.9514317064164416,1.7726121430385455,-3.312989262395841,-3.7202385996088654,-1.9451933742590417,1.338387366226323,-0.537738932302193,3.978003774838687,-0.0915431421791976,1.3273718016181966
95.0,39.0,137.3710479736328,-0.0683796639088055,1.7749798687852107,-3.307947110226747,-3.71860009553147,-1.947177967483385,1.334653135927264,-0.5365611674848578,3.979280362792197,-0.4840236949016046,1.3150422020661083
95.0,39.0,137.3773956298828,-0.0345711525802731,1.7716307613848703,-3.281864098357726,-3.7196787752987257,-1.946320359504227,1.335734161531041,-0.5598047492965774,3.977900330923658,-0.0920333536328129,1.31380133477388
95.0,39.0,137.4506072998047,-1.0104235016048078,1.7456896305934244,-3.2824582765168286,-3.706933666419662,-1.9452056440372203,1.338317702783033,-0.5363980275653314,3.973608314362312,-0.0872748948720598,1.330485290970632
95.0,39.0,137.5867919921875,-0.0315301168018276,1.8304052865363365,-3.282496621169557,-3.7208005445068233,-1.9463423025685795,1.3383269642726343,-0.5365728003576185,3.977747787229772,-0.0830462046693788,1.3420845874407623
95.0,39.0,137.6008758544922,-0.0307727663733417,1.764090260779799,-3.3140258275429946,-3.7189976777041,-1.9455734934988145,1.3381744630062666,-0.53656546088305,3.979704817894704,-0.0128726563016607,1.6490801710899172
95.0,39.0,137.6008758544922,-0.0307727663733417,1.764090260779799,-3.3140258275429946,-3.7189976777041,-1.9455734934988145,1.3381744630062666,-0.53656546088305,3.979704817894704,-0.0128726563016607,1.6490801710899172
95.0,39.0,137.72158813476562,-0.0202426827451518,1.7961130476239493,-3.3085207329749924,-3.7084549866099152,-1.9561067600743232,1.3383159775548037,-0.5365611662289589,3.979356903085263,-0.0912300175360303,1.6532561525760934
95.0,39.0,137.72158813476562,-0.0202426827451518,1.7961130476239493,-3.3085207329749924,-3.7084549866099152,-1.9561067600743232,1.3383159775548037,-0.5365611662289589,3.979356903085263,-0.0912300175360303,1.6532561525760934
95.0,39.0,137.99583435058594,0.9514317064164416,1.7725713343872287,-3.312989262395841,-3.7202385996088654,-1.9452178788688723,1.338387366226323,-0.536555994725014,3.978003774838687,-0.0183604538642819,1.667422038227881
95.0,39.0,138.00933837890625,-0.0345711525802731,1.7715899527335537,-3.281864098357726,-3.7196787752987257,-1.9463448641140584,1.335734161531041,-0.5586218117193984,3.977900330923658,-0.0188506653178972,1.6538515713835644
95.0,39.0,138.00933837890625,-0.0345711525802731,1.7715899527335537,-3.281864098357726,-3.7196787752987257,-1.9463448641140584,1.335734161531041,-0.5586218117193984,3.977900330923658,-0.0188506653178972,1.6538515713835644
95.0,39.0,138.1593017578125,-1.0104235016048078,1.8097455588831264,-3.2824582765168286,-3.706933666419662,-1.9452056440372203,1.338317702783033,-0.5364015250937119,3.973608314362312,-0.0333813416561723,1.6608251063753825
95.0,39.0,138.1593017578125,-1.0104235016048078,1.8097455588831264,-3.2824582765168286,-3.706933666419662,-1.9452056440372203,1.338317702783033,-0.5364015250937119,3.973608314362312,-0.0333813416561723,1.6608251063753825
95.0,39.0,138.1593017578125,-1.0104235016048078,1.8097455588831264,-3.2824582765168286,-3.706933666419662,-1.9452056440372203,1.338317702783033,-0.5364015250937119,3.973608314362312,-0.0333813416561723,1.6608251063753825
95.0,39.0,138.1593017578125,-1.0104235016048078,1.8097455588831264,-3.2824582765168286,-3.706933666419662,-1.9452056440372203,1.338317702783033,-0.5364015250937119,3.973608314362312,-0.0333813416561723,1.6608251063753825
95.0,39.0,138.22576904296875,-0.0315301168018276,1.8318393410418288,-3.2479413659351755,-3.7208005445068233,-1.946036042945822,1.3387134799378593,-0.536569597931084,3.979560436327447,-0.0815302025714029,1.3420845874407623
95.0,39.0,138.25843811035156,-0.0291162076847731,1.8226625608168867,-3.2805717548833333,-3.718501724584469,-1.9224261586654936,1.3344688554402362,-0.53700920403451,3.979741918979644,-0.0128726563016607,1.65324838472733
95.0,39.0,138.25843811035156,-0.0291162076847731,1.8226625608168867,-3.2805717548833333,-3.718501724584469,-1.9224261586654936,1.3344688554402362,-0.53700920403451,3.979741918979644,-0.0128726563016607,1.65324838472733
95.0,39.0,138.27955627441406,0.0652692726920154,1.7749798687852107,-3.308512285058748,-3.714352494337659,-1.9470373251206303,1.338718130543102,-0.5365611674848578,3.979297020920807,-0.092072799310057,1.325081681810369
95.0,39.0,138.27993774414062,0.0652692726920154,1.7749798687852107,-3.308512285058748,-3.714364355028891,-1.9470373251206303,1.338718130543102,-0.5365611674848578,3.979297020920807,-0.092072799310057,1.325081681810369
95.0,39.0,138.27993774414062,0.0652692726920154,1.7749798687852107,-3.308512285058748,-3.714364355028891,-1.9470373251206303,1.3387181280603,-0.5365611743139028,3.979297020920807,-0.092072799310057,1.325081681810369
95.0,39.0,138.2799530029297,0.0652692726920154,1.7749798687852107,-3.308512285058748,-3.714364355028891,-1.9470373251206303,1.3387181280093634,-0.5365609547508989,3.979297020920807,-0.092072799310057,1.325081681810369
95.0,39.0,138.2799530029297,0.0652692726920154,1.7749798687852107,-3.308512285058748,-3.714364355028891,-1.9470373251206303,1.3387181280093634,-0.5365609547508989,3.979297020920807,-0.092072799310057,1.325081681810369
95.0,39.0,138.2799530029297,0.0652692726920154,1.7749798687852107,-3.308512285058748,-3.714364355028891,-1.9470373251206303,1.3387181304921654,-0.5365609479218539,3.979297020920807,-0.092072799310057,1.325081681810369
95.0,39.0,138.28143310546875,0.0652692726920154,1.7749798687852107,-3.308512285058748,-3.714777075810111,-1.9463546051361469,1.338718130543102,-0.5365611103029251,3.979297020920807,-0.092072799310057,1.325081681810369
95.0,39.0,138.29139709472656,0.0652692726920154,1.7749502835786908,-3.308512285058748,-3.714364355028891,-1.9470373251206303,1.3385917428587395,-0.5365609547508989,3.979580319272406,-0.092072799310057,1.325081681810369
95.0,39.0,138.2934112548828,0.0488733143130669,1.7747766692482423,-3.2805717548833333,-3.718501724584469,-1.9224261586654936,1.3344688554402362,-0.5370235894630161,3.9792778994364135,-0.0602737989613351,1.65324838472733
95.0,39.0,138.2942352294922,0.0652692726920154,1.7749798687852107,-3.308512285058748,-3.714774312683171,-1.9470478358867669,1.338718127985122,-0.5365609547508989,3.979297020920807,-0.092072799310057,1.325081681810369
95.0,39.0,138.368408203125,-0.0316669522736784,1.8318393410418288,-3.251356380913927,-3.028863221325066,-1.946024275388321,1.3387134799378593,-0.536569597931084,3.977828092916172,-0.0815302025714029,1.3420845874407623
95.0,39.0,138.38137817382812,0.0652692726920154,1.7749798687852107,-3.307976160928672,-3.714360407656101,-1.9470335163718588,1.334653135927264,-0.536560939641011,3.979280362792197,-0.0918482920608029,1.315735946324199
95.0,39.0,138.41526794433594,-0.0729599743293349,1.770559937159034,-3.251631244177914,-3.719089682661075,-1.9463248070105048,1.338317702783033,-0.5587391020471798,3.978092934675156,-0.0313460749608594,1.6645122090885769
95.0,39.0,138.4498291015625,-1.0104235016048078,1.8097455588831264,-3.2824582765168286,-3.706933666419662,-1.946318248345247,1.338317702783033,-0.5364015250937119,3.9777824273676736,-0.0191228959920369,1.6608251063753825
95.0,39.0,138.46755981445312,-0.0316669522736784,1.8318393410418288,-3.2496311782609126,-3.028863221325066,-1.946024275388321,1.3387134799378593,-0.536569597931084,3.979560436327447,-0.0815302025714029,1.3420845874407623
95.0,39.0,138.4955596923828,-0.0340199033101632,1.7751474481589002,-3.281864098357726,-3.742681034335576,-1.9463442498224952,1.335501875346716,-0.5360100006150327,3.977928168064434,-0.0863737792732013,1.653496483394762
95.0,39.0,138.50396728515625,-0.0291162076847731,1.823727270143647,-3.2805717548833333,-3.718450257997776,-1.9224261586654936,1.3381744630062666,-0.5365177287610275,3.979723979095918,-0.0128726563016607,1.6490801710899172
95.0,39.0,138.50595092773438,0.0652692726920154,1.793746543400623,-3.311140043576699,-3.7190909101410905,-1.946275427620182,1.3387148625151362,-0.5365611103029251,3.979297020920807,-0.092072799310057,1.325081681810369
95.0,39.0,138.5642547607422,-1.0104235016048078,1.830404627374002,-3.2824582765168286,-3.704150848339289,-1.9463412527197943,1.338317702783033,-0.5356680116656004,3.9778248331443744,-0.0566204228065896,1.6544090155612117
95.0,39.0,138.59326171875,0.049891060858255,1.7624153643562146,-3.311313545357742,-3.7190075769010815,-1.9452041190799847,1.3383803579627374,-0.53656602911765,3.979704681410428,-0.0978413796320799,1.3297511296512086
95.0,39.0,138.59326171875,0.049891060858255,1.7624153643562146,-3.311313545357742,-3.7190075769010815,-1.9452041190799847,1.3383803579627374,-0.53656602911765,3.979704681410428,-0.0978413796320799,1.3297511296512086
95.0,39.0,138.6031494140625,-0.029218017923509,1.8266238032279865,-3.2805717548833333,-3.718548812767407,-1.92126111717628,1.338013149485995,-0.5365177287610275,3.979723979095918,-0.0125779825228116,1.6490801710899172
95.0,39.0,138.6102752685547,0.0652692726920154,1.7749798687852107,-3.307947110226747,-3.714496784688788,-1.947177967483385,1.334653135927264,-0.5365611674848578,3.979280362792197,-0.0943206106962687,1.315735946324199
95.0,39.0,138.62527465820312,0.0491723086748377,1.7749798687852107,-3.308512285058748,-3.718919259780563,-1.88230280451388,1.338378324210483,-0.5365611743139028,3.979297020920807,-0.092072799310057,1.325081681810369
95.0,39.0,138.63145446777344,0.049891060858255,1.7948997758811582,-3.311313545357742,-3.7190075769010815,-1.9452041190799847,1.3383803579627374,-0.5365612165331284,3.9797132157075,-0.0978413796320799,1.3297511296512086
95.0,39.0,138.6338653564453,-0.0345711525802731,1.7651452772608736,-3.281864098357726,-3.7196787752987257,-1.9463448641140584,1.3340854963937547,-0.5584093249954134,3.977849376538043,-0.0604213622279932,1.6881700889244229
95.0,40.0,136.1412811279297,-0.0291162076847731,1.823727270143647,-3.313089788805803,-3.718450257997776,-1.9224261586654936,1.3381744630062666,-0.5365177287610275,3.979723979095918,-0.0461435757819749,1.3261637649257334
95.0,40.0,136.593017578125,0.9514317064164416,1.7726121430385455,-3.313100866997206,-3.7202385996088654,-1.9451933742590417,1.338387366226323,-0.5377505409983818,3.977991378524123,-0.0478485176795482,1.3273718016181966
95.0,40.0,136.6824951171875,0.9637466567872216,1.7730620055399264,-3.281314266094088,-3.7144627857475534,-1.9457267593301253,1.338596394665697,-0.5365734557051837,3.979679157361224,-0.0591013483632387,1.3276938730087715
95.0,40.0,136.75650024414062,-0.0345711525802731,1.7749719949044254,-3.281864098357726,-3.714332696346492,-1.9462918823389248,1.335734161531041,-0.536080734095994,3.9793735056740585,-0.0920329542831702,1.31380133477388
95.0,40.0,136.81680297851562,0.9637466567872216,1.7730620055399264,-3.281346538111444,-3.7196787752987257,-1.9457658597792369,1.335501875346716,-0.5370192758072879,3.9778496971807753,-0.0589513443404496,1.327682346647403
95.0,40.0,136.90769958496094,-1.0198874728816891,1.777878321264681,-3.28247375190889,-3.721600300715597,-1.946333794611277,1.3353739161048856,-0.5370192758072879,3.9778264857015375,-0.0590624070362299,1.327682346647403
95.0,40.0,136.95150756835938,-0.0853372532919801,1.7456896305934244,-3.2824582765168286,-3.706933666419662,-1.9452056440372203,1.338317702783033,-0.5363980275653314,3.9796281547272754,-0.0872748948720598,1.330485290970632
95.0,40.0,137.15875244140625,-1.0352585858735046,1.823727270143647,-3.311139477301103,-3.718450257997776,-1.9224261586654936,1.335414662828774,-0.5365177287610275,3.979723979095918,-0.0461435757819749,1.3261382678247084
95.0,40.0,137.31564331054688,-0.0325902499430567,1.8304052865363365,-3.3083601853292577,-3.7208005445068233,-1.9470185983511208,1.338354424801353,-0.5365727710504857,3.977747787229772,-0.0916187338046304,1.3247803078067384
95.0,40.0,137.32400512695312,0.0652692726920154,1.7749798687852107,-3.308512285058748,-3.714364355028891,-1.9470373251206303,1.3387181280603,-0.5365501922437038,3.9792712620125865,-0.0601719288363681,1.3275834758357592
95.0,40.0,137.32423400878906,0.9514317064164416,1.7726121430385455,-3.3131010642696666,-3.7202385996088654,-1.9451933742590417,1.338387366226323,-0.537738932302193,3.978003774838687,-0.0915431421791976,1.3273718016181966
95.0,40.0,137.32431030273438,0.9514317064164416,1.7726121430385455,-3.313093855598884,-3.7202385996088654,-1.9451933742590417,1.338387366226323,-0.537738932302193,3.978003774838687,-0.0915431421791976,1.3273718016181966
95.0,40.0,137.3255157470703,0.9514317064164416,1.7726121430385455,-3.312989262395841,-3.7202385996088654,-1.9451933742590417,1.338387366226323,-0.537738932302193,3.978003774838687,-0.0915431421791976,1.3273718016181966
95.0,40.0,137.35618591308594,0.9514317064164416,1.7736699224979566,-3.312756293608244,-3.720783697640266,-1.94605064364171,1.338387366226323,-0.537738932302193,3.9779482585137145,-0.0915431421791976,1.3273718016181966
95.0,40.0,137.3710479736328,-0.0683796639088055,1.7749798687852107,-3.307947110226747,-3.71860009553147,-1.947177967483385,1.334653135927264,-0.5365611674848578,3.979280362792197,-0.4840236949016046,1.3150422020661083
95.0,40.0,137.3773956298828,-0.0345711525802731,1.7716307613848703,-3.281864098357726,-3.7196787752987257,-1.946320359504227,1.335734161531041,-0.5598047492965774,3.977900330923658,-0.0920333536328129,1.31380133477388
95.0,40.0,137.40579223632812,0.0282062336296748,1.8097455588831264,-3.312624774603763,-3.7071912860395937,-1.945204134875688,1.3383805376619,-0.5364015250937119,3.973608314362312,-0.0333813416561723,1.6608251063753825
95.0,40.0,137.4506072998047,-1.0104235016048078,1.7456896305934244,-3.2824582765168286,-3.706933666419662,-1.9452056440372203,1.338317702783033,-0.5363980275653314,3.973608314362312,-0.0872748948720598,1.330485290970632
95.0,40.0,137.5867919921875,-0.0315301168018276,1.8304052865363365,-3.282496621169557,-3.7208005445068233,-1.9463423025685795,1.3383269642726343,-0.5365728003576185,3.977747787229772,-0.0830462046693788,1.3420845874407623
95.0,40.0,137.6008758544922,-0.0307727663733417,1.764090260779799,-3.3140258275429946,-3.7189976777041,-1.9455734934988145,1.3381744630062666,-0.53656546088305,3.979704817894704,-0.0128726563016607,1.6490801710899172
95.0,40.0,137.6008758544922,-0.0307727663733417,1.764090260779799,-3.3140258275429946,-3.7189976777041,-1.9455734934988145,1.3381744630062666,-0.53656546088305,3.979704817894704,-0.0128726563016607,1.6490801710899172
95.0,40.0,137.72158813476562,-0.0202426827451518,1.7961130476239493,-3.3085207329749924,-3.7084549866099152,-1.9561067600743232,1.3383159775548037,-0.5365611662289589,3.979356903085263,-0.0912300175360303,1.6532561525760934
95.0,40.0,137.72158813476562,-0.0202426827451518,1.7961130476239493,-3.3085207329749924,-3.7084549866099152,-1.9561067600743232,1.3383159775548037,-0.5365611662289589,3.979356903085263,-0.0912300175360303,1.6532561525760934
95.0,40.0,137.72158813476562,-0.0202426827451518,1.7961130476239493,-3.3085207329749924,-3.7084549866099152,-1.9561067600743232,1.3383159775548037,-0.5365611662289589,3.979356903085263,-0.0912300175360303,1.6532561525760934
95.0,40.0,137.91168212890625,-0.0202426827451518,1.8072120547347112,-3.3085207329749924,-3.7084549866099152,-1.9561067600743232,1.3383159775548037,-0.5365611662289589,3.979356903085263,-0.0912300175360303,1.6532561525760934
95.0,40.0,137.93040466308594,0.9546930387320328,1.7725713343872287,-3.282302651972761,-3.707063180004953,-1.9452056183303088,1.338387366226323,-0.536555994725014,3.9779820744357393,-0.0183604538642819,1.667422038227881
95.0,40.0,137.99583435058594,0.9514317064164416,1.7725713343872287,-3.312989262395841,-3.7202385996088654,-1.9452178788688723,1.338387366226323,-0.536555994725014,3.978003774838687,-0.0183604538642819,1.667422038227881
95.0,40.0,138.00933837890625,-0.0345711525802731,1.7715899527335537,-3.281864098357726,-3.7196787752987257,-1.9463448641140584,1.335734161531041,-0.5586218117193984,3.977900330923658,-0.0188506653178972,1.6538515713835644
95.0,40.0,138.00933837890625,-0.0345711525802731,1.7715899527335537,-3.281864098357726,-3.7196787752987257,-1.9463448641140584,1.335734161531041,-0.5586218117193984,3.977900330923658,-0.0188506653178972,1.6538515713835644
95.0,40.0,138.0240478515625,-1.004178917970572,1.8097455588831264,-3.2824582765168286,-3.714769096393693,-1.9452056440372203,1.3383271570195403,-0.5365652215336378,3.973450960171298,-0.0333813416561723,1.3409621915809222
95.0,40.0,138.1593017578125,-1.0104235016048078,1.8097455588831264,-3.2824582765168286,-3.706933666419662,-1.9452056440372203,1.338317702783033,-0.5364015250937119,3.973608314362312,-0.0333813416561723,1.6608251063753825
95.0,40.0,138.1593017578125,-1.0104235016048078,1.8097455588831264,-3.2824582765168286,-3.706933666419662,-1.9452056440372203,1.338317702783033,-0.5364015250937119,3.973608314362312,-0.0333813416561723,1.6608251063753825
95.0,40.0,138.1593017578125,-1.0104235016048078,1.8097455588831264,-3.2824582765168286,-3.706933666419662,-1.9452056440372203,1.338317702783033,-0.5364015250937119,3.973608314362312,-0.0333813416561723,1.6608251063753825
95.0,40.0,138.1593017578125,-1.0104235016048078,1.8097455588831264,-3.2824582765168286,-3.706933666419662,-1.9452056440372203,1.338317702783033,-0.5364015250937119,3.973608314362312,-0.0333813416561723,1.6608251063753825
95.0,40.0,138.16506958007812,0.0626749534279073,1.7749798687852107,-3.31258687647175,-3.714364355028891,-1.9470373251206303,1.3383830296773715,-0.5365611743139028,3.9781377423737534,-0.092072799310057,1.325081681810369
95.0,40.0,138.22576904296875,-0.0315301168018276,1.8318393410418288,-3.2479413659351755,-3.7208005445068233,-1.946036042945822,1.3387134799378593,-0.536569597931084,3.979560436327447,-0.0815302025714029,1.3420845874407623
95.0,40.0,138.25843811035156,-0.0291162076847731,1.8226625608168867,-3.2805717548833333,-3.718501724584469,-1.9224261586654936,1.3344688554402362,-0.53700920403451,3.979741918979644,-0.0128726563016607,1.65324838472733
95.0,40.0,138.25843811035156,-0.0291162076847731,1.8226625608168867,-3.2805717548833333,-3.718501724584469,-1.9224261586654936,1.3344688554402362,-0.53700920403451,3.979741918979644,-0.0128726563016607,1.65324838472733
95.0,40.0,138.27110290527344,-0.0291162076847731,1.8226625608168867,-3.280555429746387,-3.719695360552795,-1.9218638236321568,1.3344577738059495,-0.53700920403451,3.979741918979644,-0.0128726563016607,1.653982496289665
95.0,40.0,138.27955627441406,0.0652692726920154,1.7749798687852107,-3.308512285058748,-3.714352494337659,-1.9470373251206303,1.338718130543102,-0.5365611674848578,3.979297020920807,-0.092072799310057,1.325081681810369
95.0,40.0,138.27993774414062,0.0652692726920154,1.7749798687852107,-3.308512285058748,-3.714364355028891,-1.9470373251206303,1.338718130543102,-0.5365611674848578,3.979297020920807,-0.092072799310057,1.325081681810369
95.0,40.0,138.27993774414062,0.0652692726920154,1.7749798687852107,-3.308512285058748,-3.714364355028891,-1.9470373251206303,1.3387181280603,-0.5365611743139028,3.979297020920807,-0.092072799310057,1.325081681810369
95.0,40.0,138.2799530029297,0.0652692726920154,1.7749798687852107,-3.308512285058748,-3.714364355028891,-1.9470373251206303,1.3387181280093634,-0.5365609547508989,3.979297020920807,-0.092072799310057,1.325081681810369
95.0,40.0,138.2799530029297,0.0652692726920154,1.7749798687852107,-3.308512285058748,-3.714364355028891,-1.9470373251206303,1.3387181280093634,-0.5365609547508989,3.979297020920807,-0.092072799310057,1.325081681810369
95.0,40.0,138.2799530029297,0.0652692726920154,1.7749798687852107,-3.308512285058748,-3.714364355028891,-1.9470373251206303,1.3387181304921654,-0.5365609479218539,3.979297020920807,-0.092072799310057,1.325081681810369
95.0,40.0,138.2799530029297,0.0652692726920154,1.7749798687852107,-3.308512285058748,-3.714364355028891,-1.9470373251206303,1.3387181280093634,-0.5365609547508989,3.979297020920807,-0.092072799310057,1.325081681810369
95.0,40.0,138.28143310546875,0.0652692726920154,1.7749798687852107,-3.308512285058748,-3.714777075810111,-1.9463546051361469,1.338718130543102,-0.5365611103029251,3.979297020920807,-0.092072799310057,1.325081681810369
95.0,40.0,138.29139709472656,0.0652692726920154,1.7749502835786908,-3.308512285058748,-3.714364355028891,-1.9470373251206303,1.3385917428587395,-0.5365609547508989,3.979580319272406,-0.092072799310057,1.325081681810369
95.0,40.0,138.2934112548828,0.0488733143130669,1.7747766692482423,-3.2805717548833333,-3.718501724584469,-1.9224261586654936,1.3344688554402362,-0.5370235894630161,3.9792778994364135,-0.0602737989613351,1.65324838472733
95.0,40.0,138.2942352294922,0.0652692726920154,1.7749798687852107,-3.308512285058748,-3.714774312683171,-1.9470478358867669,1.338718127985122,-0.5365609547508989,3.979297020920807,-0.092072799310057,1.325081681810369
95.0,41.0,135.79708862304688,-0.0291162076847731,1.823727270143647,-3.313089788805803,-3.705562069421504,-1.9224261586654936,1.3381744630062666,-0.5363969668227301,3.979723979095918,-0.0461435757819749,1.330506176437574
95.0,41.0,135.80267333984375,-0.0291162076847731,1.823727270143647,-3.313089788805803,-3.7085271770642616,-1.9224261586654936,1.3381744630062666,-0.5365177287610275,3.979721574060032,-0.0462356278202793,1.3261637649257334
95.0,41.0,136.1412811279297,-0.0291162076847731,1.823727270143647,-3.313089788805803,-3.718450257997776,-1.9224261586654936,1.3381744630062666,-0.5365177287610275,3.979723979095918,-0.0461435757819749,1.3261637649257334
95.0,41.0,136.36021423339844,-0.0296895517541031,1.830335491531576,-3.311139477301103,-3.718262092969536,-1.9224261586654936,1.3382665678648062,-0.5365162591643595,3.9797365357361714,-0.0457919438813771,1.3263373718191336
95.0,41.0,136.593017578125,0.9514317064164416,1.7726121430385455,-3.313100866997206,-3.7202385996088654,-1.9451933742590417,1.338387366226323,-0.5377505409983818,3.977991378524123,-0.0478485176795482,1.3273718016181966
95.0,41.0,136.62989807128906,-0.0667404707157267,1.7456896305934244,-3.282491403030896,-3.706933666419662,-1.9457918672551453,1.335484501803014,-0.5370393846496992,3.977760970125124,-0.0878546485969358,1.330485290970632
95.0,41.0,136.65631103515625,0.016694417478847,1.7728175503008878,-3.312624774603763,-3.714681583229973,-1.945776071314658,1.3383625932082996,-0.5364015250937119,3.973608314362312,-0.0597297178949795,1.3475703873191098
95.0,41.0,136.6824951171875,0.9637466567872216,1.7730620055399264,-3.281314266094088,-3.7144627857475534,-1.9457267593301253,1.338596394665697,-0.5365734557051837,3.979679157361224,-0.0591013483632387,1.3276938730087715
95.0,41.0,136.75650024414062,-0.0345711525802731,1.7749719949044254,-3.281864098357726,-3.714332696346492,-1.9462918823389248,1.335734161531041,-0.536080734095994,3.9793735056740585,-0.0920329542831702,1.31380133477388
95.0,41.0,136.81680297851562,0.9637466567872216,1.7730620055399264,-3.281346538111444,-3.7196787752987257,-1.9457658597792369,1.335501875346716,-0.5370192758072879,3.9778496971807753,-0.0589513443404496,1.327682346647403
95.0,41.0,136.90769958496094,-1.0198874728816891,1.777878321264681,-3.28247375190889,-3.721600300715597,-1.946333794611277,1.3353739161048856,-0.5370192758072879,3.9778264857015375,-0.0590624070362299,1.327682346647403
95.0,41.0,136.90769958496094,-1.0198874728816891,1.777878321264681,-3.28247375190889,-3.721600300715597,-1.946333794611277,1.3353739161048856,-0.5370192758072879,3.9778264857015375,-0.0590624070362299,1.327682346647403
95.0,41.0,136.9250946044922,-0.0202426827451518,1.7961130476239493,-3.2767439144560164,-3.714553442985028,-1.945774213561285,1.3383159775548037,-0.5365611662289589,3.979356903085263,-0.0870677389563889,1.3390102154816186
95.0,41.0,136.95150756835938,-0.0853372532919801,1.7456896305934244,-3.2824582765168286,-3.706933666419662,-1.9452056440372203,1.338317702783033,-0.5363980275653314,3.9796281547272754,-0.0872748948720598,1.330485290970632
95.0,41.0,136.9649658203125,0.945149874210968,1.7730620055399264,-3.281313411597377,-3.7196787752987257,-1.945179636561312,1.3383350763267354,-0.5363779187229201,3.979716881782927,-0.0583715906155737,1.327682346647403
95.0,41.0,137.15875244140625,-1.0352585858735046,1.823727270143647,-3.311139477301103,-3.718450257997776,-1.9224261586654936,1.335414662828774,-0.5365177287610275,3.979723979095918,-0.0461435757819749,1.3261382678247084
95.0,41.0,137.163330078125,-0.0293520539609694,1.7725844369286483,-3.31405373982637,-3.7189976777041,-1.945576090476803,1.33839135819536,-0.53656546088305,3.979704817894704,-0.0478684804107349,1.647475658414431
95.0,41.0,137.30027770996094,0.9623905153304064,1.7737131595473592,-3.312756293608244,-3.7196721677222704,-1.94605064364171,1.3383878156273052,-0.537018290980767,3.9779482585137145,-0.0915431421791976,1.327677484099417
95.0,41.0,137.31564331054688,-0.0325902499430567,1.8304052865363365,-3.3083601853292577,-3.7208005445068233,-1.9470185983511208,1.338354424801353,-0.5365727710504857,3.977747787229772,-0.0916187338046304,1.3247803078067384
95.0,41.0,137.31646728515625,0.0652692726920154,1.7749798687852107,-3.308512285058748,-3.714364355028891,-1.9470373251206303,1.3387181280603,-0.5365501922437038,3.9792712620125865,-0.060833847435108,1.3275834758357592
95.0,41.0,137.32400512695312,0.0652692726920154,1.7749798687852107,-3.308512285058748,-3.714364355028891,-1.9470373251206303,1.3387181280603,-0.5365501922437038,3.9792712620125865,-0.0601719288363681,1.3275834758357592
95.0,41.0,137.32420349121094,0.9514317064164416,1.7726121430385455,-3.3131025294234187,-3.7202385996088654,-1.9451933742590417,1.338387366226323,-0.537738932302193,3.978003774838687,-0.0915431421791976,1.3273718016181966
95.0,41.0,137.32423400878906,0.9514317064164416,1.7726121430385455,-3.3131010642696666,-3.7202385996088654,-1.9451933742590417,1.338387366226323,-0.537738932302193,3.978003774838687,-0.0915431421791976,1.3273718016181966
95.0,41.0,137.32431030273438,0.9514317064164416,1.7726121430385455,-3.313093855598884,-3.7202385996088654,-1.9451933742590417,1.338387366226323,-0.537738932302193,3.978003774838687,-0.0915431421791976,1.3273718016181966
95.0,41.0,137.3255157470703,0.9514317064164416,1.7726121430385455,-3.312989262395841,-3.7202385996088654,-1.9451933742590417,1.338387366226323,-0.537738932302193,3.978003774838687,-0.0915431421791976,1.3273718016181966
95.0,41.0,137.3332061767578,0.9514317064164416,1.7718926011410794,-3.312989262395841,-3.7202385996088654,-1.9451933742590417,1.338389409029192,-0.5363706011732483,3.978003774838687,-0.0915431421791976,1.3272934678337835
95.0,41.0,137.35618591308594,0.9514317064164416,1.7736699224979566,-3.312756293608244,-3.720783697640266,-1.94605064364171,1.338387366226323,-0.537738932302193,3.9779482585137145,-0.0915431421791976,1.3273718016181966
95.0,41.0,137.3710479736328,-0.0683796639088055,1.7749798687852107,-3.307947110226747,-3.71860009553147,-1.947177967483385,1.334653135927264,-0.5365611674848578,3.979280362792197,-0.4840236949016046,1.3150422020661083
95.0,41.0,137.3773956298828,-0.0345711525802731,1.7716307613848703,-3.281864098357726,-3.7196787752987257,-1.946320359504227,1.335734161531041,-0.5598047492965774,3.977900330923658,-0.0920333536328129,1.31380133477388
95.0,41.0,137.40579223632812,0.0282062336296748,1.8097455588831264,-3.312624774603763,-3.7071912860395937,-1.945204134875688,1.3383805376619,-0.5364015250937119,3.973608314362312,-0.0333813416561723,1.6608251063753825
95.0,41.0,137.4506072998047,-1.0104235016048078,1.7456896305934244,-3.2824582765168286,-3.706933666419662,-1.9452056440372203,1.338317702783033,-0.5363980275653314,3.973608314362312,-0.0872748948720598,1.330485290970632
95.0,41.0,137.58251953125,-0.0315301168018276,1.8304052865363365,-3.282496621169557,-3.720802079825816,-1.9463423025685795,1.3383269642726343,-0.5376979203682214,3.977747787229772,-0.0830462046693788,1.3420845874407623
95.0,41.0,137.58412170410156,-1.03259348915222,1.7749719949044254,-3.2824404338045308,-3.714417421849784,-1.9462591474099893,1.3355783607586584,-0.536080734095994,3.9793735056740585,-0.0920329542831702,1.3234411053320738
95.0,41.0,137.5867919921875,-0.0315301168018276,1.8304052865363365,-3.282496621169557,-3.7208005445068233,-1.9463423025685795,1.3383269642726343,-0.5365728003576185,3.977747787229772,-0.0830462046693788,1.3420845874407623
95.0,41.0,137.59190368652344,-0.0308258060759045,1.7640883136896273,-3.3140258275429946,-3.719005124607822,-1.9455734934988145,1.3381476942602355,-0.53656546088305,3.979470488142886,-0.0128726563016607,1.6490801710899172
95.0,41.0,137.6008758544922,-0.0307727663733417,1.764090260779799,-3.3140258275429946,-3.7189976777041,-1.9455734934988145,1.3381744630062666,-0.53656546088305,3.979704817894704,-0.0128726563016607,1.6490801710899172
95.0,41.0,137.6008758544922,-0.0307727663733417,1.764090260779799,-3.3140258275429946,-3.7189976777041,-1.9455734934988145,1.3381744630062666,-0.53656546088305,3.979704817894704,-0.0128726563016607,1.6490801710899172
95.0,41.0,137.64178466796875,-0.0315301168018276,1.8304052865363365,-3.2818718067849955,-3.7208005445068233,-1.9463423025685795,1.3383269642726343,-0.5360953661428225,3.979435318064618,-0.0827847479622683,1.3419949677419518
95.0,41.0,137.72158813476562,-0.0202426827451518,1.7961130476239493,-3.3085207329749924,-3.7084549866099152,-1.9561067600743232,1.3383159775548037,-0.5365611662289589,3.979356903085263,-0.0912300175360303,1.6532561525760934
95.0,41.0,137.72158813476562,-0.0202426827451518,1.7961130476239493,-3.3085207329749924,-3.7084549866099152,-1.9561067600743232,1.3383159775548037,-0.5365611662289589,3.979356903085263,-0.0912300175360303,1.6532561525760934
95.0,41.0,137.72158813476562,-0.0202426827451518,1.7961130476239493,-3.3085207329749924,-3.7084549866099152,-1.9561067600743232,1.3383159775548037,-0.5365611662289589,3.979356903085263,-0.0912300175360303,1.6532561525760934
95.0,41.0,137.8052978515625,-1.0104235016048078,1.7456896305934244,-3.2824582765168286,-3.719821854995935,-1.9452056440372203,1.338317702783033,-0.5365187895036289,3.973608314362312,-0.0872748948720598,1.3261428794587915
95.0,41.0,137.91168212890625,-0.0202426827451518,1.8072120547347112,-3.3085207329749924,-3.7084549866099152,-1.9561067600743232,1.3383159775548037,-0.5365611662289589,3.979356903085263,-0.0912300175360303,1.6532561525760934
95.0,41.0,137.93040466308594,0.9546930387320328,1.7725713343872287,-3.282302651972761,-3.707063180004953,-1.9452056183303088,1.338387366226323,-0.536555994725014,3.9779820744357393,-0.0183604538642819,1.667422038227881
95.0,41.0,137.99583435058594,0.9514317064164416,1.7725713343872287,-3.312989262395841,-3.7202385996088654,-1.9452178788688723,1.338387366226323,-0.536555994725014,3.978003774838687,-0.0183604538642819,1.667422038227881
95.0,41.0,138.00933837890625,-0.0345711525802731,1.7715899527335537,-3.281864098357726,-3.7196787752987257,-1.9463448641140584,1.335734161531041,-0.5586218117193984,3.977900330923658,-0.0188506653178972,1.6538515713835644
95.0,41.0,138.00933837890625,-0.0345711525802731,1.7715899527335537,-3.281864098357726,-3.7196787752987257,-1.9463448641140584,1.335734161531041,-0.5586218117193984,3.977900330923658,-0.0188506653178972,1.6538515713835644
95.0,41.0,138.0165252685547,-0.0345181128777103,1.7715918998237257,-3.281864098357726,-3.719671328395004,-1.9463448641140584,1.335760930277072,-0.5586218117193984,3.978134660675475,-0.0188506653178972,1.6538515713835644
95.0,41.0,138.0240478515625,-1.004178917970572,1.8097455588831264,-3.2824582765168286,-3.714769096393693,-1.9452056440372203,1.3383271570195403,-0.5365652215336378,3.973450960171298,-0.0333813416561723,1.3409621915809222
95.0,41.0,138.0506134033203,-0.0202426827451518,1.7961130476239493,-3.3085207329749924,-3.7183780675434304,-1.9561067600743232,1.3383159775548037,-0.5365611662289589,3.979359308121149,-0.0911379654977259,1.6532561525760934
95.0,42.0,135.43006896972656,-0.0359769534703907,1.774057809589785,-3.311139477301103,-3.718262092969536,-1.922518508551916,1.3382665678648062,-0.5365483659811847,3.9797365357361714,-0.0461533498439025,1.3275815895135454
95.0,42.0,135.79708862304688,-0.0291162076847731,1.823727270143647,-3.313089788805803,-3.705562069421504,-1.9224261586654936,1.3381744630062666,-0.5363969668227301,3.979723979095918,-0.0461435757819749,1.330506176437574
95.0,42.0,135.79708862304688,-0.0291162076847731,1.823727270143647,-3.313089788805803,-3.705562069421504,-1.9224261586654936,1.3381744630062666,-0.5363969668227301,3.979723979095918,-0.0461435757819749,1.330506176437574
95.0,42.0,135.80267333984375,-0.0291162076847731,1.823727270143647,-3.313089788805803,-3.7085271770642616,-1.9224261586654936,1.3381744630062666,-0.5365177287610275,3.979721574060032,-0.0462356278202793,1.3261637649257334
95.0,42.0,135.94891357421875,-0.0667404707157267,1.7456896305934244,-3.3502043268027992,-3.706933666419662,-1.9457918672551453,1.335484501803014,-0.5370393846496992,3.977760970125124,-0.0878546485969358,1.330485290970632
95.0,42.0,136.1412811279297,-0.0291162076847731,1.823727270143647,-3.313089788805803,-3.718450257997776,-1.9224261586654936,1.3381744630062666,-0.5365177287610275,3.979723979095918,-0.0461435757819749,1.3261637649257334
95.0,42.0,136.21774291992188,-0.0345711525802731,1.7748339384844212,-3.3123934562915176,-3.714613852730272,-1.9451582037088504,1.335734161531041,-0.536080734095994,3.9793735056740585,-0.0920329542831702,1.3269519260453926
95.0,42.0,136.25209045410156,-0.0290298797552899,1.823727270143647,-3.281634004699781,-3.706977273186255,-1.9224261586654936,1.3381769859091686,-0.5363969668227301,3.979723979095918,-0.0463084674911188,1.330506176437574
95.0,42.0,136.29666137695312,0.0337677675644835,1.7744966523885128,-3.312624774603763,-3.7071912860395937,-1.945204134875688,1.3385024524093911,-0.5370081299175445,3.978057082784536,-0.0322837637990294,1.3277034859165622
95.0,42.0,136.34710693359375,0.0399493030505838,1.7749798687852107,-3.308512285058748,-3.714364355028891,-1.9469960911591564,1.3387181280603,-0.5365483615525901,3.9792786322583633,-0.060833847435108,1.3275834758357592
95.0,42.0,136.3596954345703,-0.0296895517541031,1.830335491531576,-3.311139477301103,-3.718262092969536,-1.9224261586654936,1.3382693364845697,-0.5365162591643595,3.9797365357361714,-0.0457919438813771,1.3262816434810727
95.0,42.0,136.36021423339844,-0.0296895517541031,1.830335491531576,-3.311139477301103,-3.718262092969536,-1.9224261586654936,1.3382665678648062,-0.5365162591643595,3.9797365357361714,-0.0457919438813771,1.3263373718191336
95.0,42.0,136.40550231933594,-0.0291162076847731,1.7707398529785634,-3.313089788805803,-3.720225931129176,-1.945422319357826,1.3381744630062666,-0.5377175116433861,3.9781329096755935,-0.0925736600711366,1.3261475436960584
95.0,42.0,136.593017578125,0.9514317064164416,1.7726121430385455,-3.313100866997206,-3.7202385996088654,-1.9451933742590417,1.338387366226323,-0.5377505409983818,3.977991378524123,-0.0478485176795482,1.3273718016181966
95.0,42.0,136.5980682373047,0.9514317064164416,1.7726121430385455,-3.313100866997206,-3.720374321954009,-1.9451933742590417,1.3383635176258315,-0.5377505409983818,3.977991378524123,-0.0478485176795482,1.3273718016181966
95.0,42.0,136.62989807128906,-0.0667404707157267,1.7456896305934244,-3.282491403030896,-3.706933666419662,-1.9457918672551453,1.335484501803014,-0.5370393846496992,3.977760970125124,-0.0878546485969358,1.330485290970632
95.0,42.0,136.65158081054688,0.016694417478847,1.7728175503008878,-3.312624774603763,-3.7145458608848303,-1.945776071314658,1.3383864418087907,-0.5364015250937119,3.973608314362312,-0.0597297178949795,1.3475703873191098
95.0,42.0,136.65631103515625,0.016694417478847,1.7728175503008878,-3.312624774603763,-3.714681583229973,-1.945776071314658,1.3383625932082996,-0.5364015250937119,3.973608314362312,-0.0597297178949795,1.3475703873191098
95.0,42.0,136.6824951171875,0.9637466567872216,1.7730620055399264,-3.281314266094088,-3.7144627857475534,-1.9457267593301253,1.338596394665697,-0.5365734557051837,3.979679157361224,-0.0591013483632387,1.3276938730087715
95.0,42.0,136.7542724609375,0.9623905153304064,1.82313870271888,-3.312750019403155,-3.707772488431681,-1.921856715694607,1.3383941559414283,-0.5365232563195231,3.979776492146922,-0.0474356924019667,1.327677484099417
95.0,42.0,136.75650024414062,-0.0345711525802731,1.7749719949044254,-3.281864098357726,-3.714332696346492,-1.9462918823389248,1.335734161531041,-0.536080734095994,3.9793735056740585,-0.0920329542831702,1.31380133477388
95.0,42.0,136.81680297851562,0.9637466567872216,1.7730620055399264,-3.281346538111444,-3.7196787752987257,-1.9457658597792369,1.335501875346716,-0.5370192758072879,3.9778496971807753,-0.0589513443404496,1.327682346647403
95.0,42.0,136.90769958496094,-1.0198874728816891,1.777878321264681,-3.28247375190889,-3.721600300715597,-1.946333794611277,1.3353739161048856,-0.5370192758072879,3.9778264857015375,-0.0590624070362299,1.327682346647403
95.0,42.0,136.90769958496094,-1.0198874728816891,1.777878321264681,-3.28247375190889,-3.721600300715597,-1.946333794611277,1.3353739161048856,-0.5370192758072879,3.9778264857015375,-0.0590624070362299,1.327682346647403
95.0,42.0,136.9250946044922,-0.0202426827451518,1.7961130476239493,-3.2767439144560164,-3.714553442985028,-1.945774213561285,1.3383159775548037,-0.5365611662289589,3.979356903085263,-0.0870677389563889,1.3390102154816186
95.0,42.0,136.9313201904297,-0.0202426827451518,1.7961130476239493,-3.2770471112081565,-3.714553442985028,-1.945774213561285,1.3383159775548037,-0.5365611662289589,3.979634912784668,-0.0870670322916665,1.3390102154816186
95.0,42.0,136.95150756835938,-0.0853372532919801,1.7456896305934244,-3.2824582765168286,-3.706933666419662,-1.9452056440372203,1.338317702783033,-0.5363980275653314,3.9796281547272754,-0.0872748948720598,1.330485290970632
95.0,42.0,136.9649658203125,0.945149874210968,1.7730620055399264,-3.281313411597377,-3.7196787752987257,-1.945179636561312,1.3383350763267354,-0.5363779187229201,3.979716881782927,-0.0583715906155737,1.327682346647403
95.0,42.0,137.15875244140625,-1.0352585858735046,1.823727270143647,-3.311139477301103,-3.718450257997776,-1.9224261586654936,1.335414662828774,-0.5365177287610275,3.979723979095918,-0.0461435757819749,1.3261382678247084
95.0,42.0,137.163330078125,-0.0293520539609694,1.7725844369286483,-3.31405373982637,-3.7189976777041,-1.945576090476803,1.33839135819536,-0.53656546088305,3.979704817894704,-0.0478684804107349,1.647475658414431
95.0,42.0,137.17520141601562,0.945149874210968,1.7730620055399264,-3.3111928548503724,-4.316986019686929,-1.945179636561312,1.3354436383007733,-0.5363779187229201,3.979723915111489,-0.0580399098542539,1.3278596691147906
95.0,42.0,137.23179626464844,0.9514317064164416,1.8255995602036288,-3.3131010642696666,-3.718462926477467,-1.9221972135667096,1.338387366226323,-0.5365391494198346,3.979594844259011,-0.0451130578900358,1.3273880228478714
95.0,42.0,137.29275512695312,-0.0297395649851928,1.823651884193963,-3.313089788805803,-3.718450257997776,-1.9556011062127376,1.3381744630062666,-0.5365578438176731,3.979723979095918,-0.0908990820121988,1.3261637649257334
95.0,42.0,137.30027770996094,0.9623905153304064,1.7737131595473592,-3.312756293608244,-3.7196721677222704,-1.94605064364171,1.3383878156273052,-0.537018290980767,3.9779482585137145,-0.0915431421791976,1.327677484099417
95.0,42.0,137.31564331054688,-0.0325902499430567,1.8304052865363365,-3.3083601853292577,-3.7208005445068233,-1.9470185983511208,1.338354424801353,-0.5365727710504857,3.977747787229772,-0.0916187338046304,1.3247803078067384
95.0,42.0,137.31646728515625,0.0652692726920154,1.7749798687852107,-3.308512285058748,-3.714364355028891,-1.9470373251206303,1.3387181280603,-0.5365501922437038,3.9792712620125865,-0.060833847435108,1.3275834758357592
95.0,42.0,137.32400512695312,0.0652692726920154,1.7749798687852107,-3.308512285058748,-3.714364355028891,-1.9470373251206303,1.3387181280603,-0.5365501922437038,3.9792712620125865,-0.0601719288363681,1.3275834758357592
95.0,42.0,137.32420349121094,0.9514317064164416,1.7726121430385455,-3.3131025294234187,-3.7202385996088654,-1.9451933742590417,1.338387366226323,-0.537738932302193,3.978003774838687,-0.0915431421791976,1.3273718016181966
95.0,42.0,137.32423400878906,0.9514317064164416,1.7726121430385455,-3.3131010642696666,-3.7202385996088654,-1.9451933742590417,1.338387366226323,-0.537738932302193,3.978003774838687,-0.0915431421791976,1.3273718016181966
95.0,42.0,137.32431030273438,0.9514317064164416,1.7726121430385455,-3.313093855598884,-3.7202385996088654,-1.9451933742590417,1.338387366226323,-0.537738932302193,3.978003774838687,-0.0915431421791976,1.3273718016181966
95.0,42.0,137.32431030273438,0.9514317064164416,1.7726121430385455,-3.313093855598884,-3.7202385996088654,-1.9451933742590417,1.338387366226323,-0.537738932302193,3.978003774838687,-0.0915431421791976,1.3273718016181966
95.0,42.0,137.3255157470703,0.9514317064164416,1.7726121430385455,-3.312989262395841,-3.7202385996088654,-1.9451933742590417,1.338387366226323,-0.537738932302193,3.978003774838687,-0.0915431421791976,1.3273718016181966
95.0,42.0,137.3332061767578,0.9514317064164416,1.7718926011410794,-3.312989262395841,-3.7202385996088654,-1.9451933742590417,1.338389409029192,-0.5363706011732483,3.978003774838687,-0.0915431421791976,1.3272934678337835
95.0,42.0,137.35618591308594,0.9514317064164416,1.7736699224979566,-3.312756293608244,-3.720783697640266,-1.94605064364171,1.338387366226323,-0.537738932302193,3.9779482585137145,-0.0915431421791976,1.3273718016181966
95.0,42.0,137.3564453125,0.9514317064164416,1.7736699224979566,-3.312756293608244,-3.720783697640266,-1.94605064364171,1.3383845976065598,-0.537738932302193,3.9779482585137145,-0.0915431421791976,1.3274275299562577
95.0,42.0,137.3710479736328,-0.0683796639088055,1.7749798687852107,-3.307947110226747,-3.71860009553147,-1.947177967483385,1.334653135927264,-0.5365611674848578,3.979280362792197,-0.4840236949016046,1.3150422020661083
95.0,42.0,137.3773956298828,-0.0345711525802731,1.7716307613848703,-3.281864098357726,-3.7196787752987257,-1.946320359504227,1.335734161531041,-0.5598047492965774,3.977900330923658,-0.0920333536328129,1.31380133477388
95.0,42.0,137.40579223632812,0.0282062336296748,1.8097455588831264,-3.312624774603763,-3.7071912860395937,-1.945204134875688,1.3383805376619,-0.5364015250937119,3.973608314362312,-0.0333813416561723,1.6608251063753825
95.0,42.0,137.4506072998047,-1.0104235016048078,1.7456896305934244,-3.2824582765168286,-3.706933666419662,-1.9452056440372203,1.338317702783033,-0.5363980275653314,3.973608314362312,-0.0872748948720598,1.330485290970632
95.0,42.0,137.5291748046875,0.9514317064164416,1.7726121430385455,-3.429029016722967,-3.719679317762876,-1.9451996909381464,1.338403236882437,-0.5370239547849736,3.978003774838687,-0.0590778757457151,1.3273718016181966
95.0,43.0,135.0675048828125,-0.0264660174910812,1.771344621569476,-3.3131052235571965,-3.714227405594817,-1.945776071314658,1.338170409584862,-0.5365157618885545,3.9735764432689673,-0.0596150438808285,1.3254164266985224
95.0,43.0,135.22921752929688,-0.0285387505579101,1.7749798687852107,-3.313023094548857,-3.714364355028891,-1.9469960911591564,1.3387181280603,-0.5365483615525901,3.9792786322583633,-0.060478518589327,1.3261430919340529
95.0,43.0,135.43006896972656,-0.0359769534703907,1.774057809589785,-3.311139477301103,-3.718262092969536,-1.922518508551916,1.3382665678648062,-0.5365483659811847,3.9797365357361714,-0.0461533498439025,1.3275815895135454
95.0,43.0,135.79244995117188,-0.0291162076847731,1.823727270143647,-3.313089788805803,-3.705562069421504,-1.9220888269880487,1.3383922703483773,-0.5364522635971818,3.979652084678565,-0.0461435757819749,1.330442365090873
95.0,43.0,135.79708862304688,-0.0291162076847731,1.823727270143647,-3.313089788805803,-3.705562069421504,-1.9224261586654936,1.3381744630062666,-0.5363969668227301,3.979723979095918,-0.0461435757819749,1.330506176437574
95.0,43.0,135.79708862304688,-0.0291162076847731,1.823727270143647,-3.313089788805803,-3.705562069421504,-1.9224261586654936,1.3381744630062666,-0.5363969668227301,3.979723979095918,-0.0461435757819749,1.330506176437574
95.0,43.0,135.80267333984375,-0.0291162076847731,1.823727270143647,-3.313089788805803,-3.7085271770642616,-1.9224261586654936,1.3381744630062666,-0.5365177287610275,3.979721574060032,-0.0462356278202793,1.3261637649257334
95.0,43.0,135.80267333984375,-0.0291162076847731,1.823727270143647,-3.313089788805803,-3.7085271770642616,-1.9224261586654936,1.3381744630062666,-0.5365177287610275,3.979721574060032,-0.0462356278202793,1.3261637649257334
95.0,43.0,135.84170532226562,-0.0291162076847731,1.823727270143647,-3.313089788805803,-3.706945203565609,-1.9211150914203967,1.3381744630062666,-0.5363969668227301,3.979723979095918,-0.0461435757819749,1.330485290586363
95.0,43.0,135.94891357421875,-0.0667404707157267,1.7456896305934244,-3.3502043268027992,-3.706933666419662,-1.9457918672551453,1.335484501803014,-0.5370393846496992,3.977760970125124,-0.0878546485969358,1.330485290970632
95.0,43.0,136.007080078125,0.9623905153304064,1.7697996976349617,-3.312091016709984,-3.707772488431681,-1.921856715694607,1.3355927770497966,-0.5365232563195231,3.977761960900781,-0.0474356924019667,1.327677564630915
95.0,43.0,136.1412811279297,-0.0291162076847731,1.823727270143647,-3.313089788805803,-3.718450257997776,-1.9224261586654936,1.3381744630062666,-0.5365177287610275,3.979723979095918,-0.0461435757819749,1.3261637649257334
95.0,43.0,136.21774291992188,-0.0345711525802731,1.7748339384844212,-3.3123934562915176,-3.714613852730272,-1.9451582037088504,1.335734161531041,-0.536080734095994,3.9793735056740585,-0.0920329542831702,1.3269519260453926
95.0,43.0,136.21774291992188,-0.0345711525802731,1.7748339384844212,-3.3123934562915176,-3.714613852730272,-1.9451582037088504,1.335734161531041,-0.536080734095994,3.9793735056740585,-0.0920329542831702,1.3269519260453926
95.0,43.0,136.25209045410156,-0.0290298797552899,1.823727270143647,-3.281634004699781,-3.706977273186255,-1.9224261586654936,1.3381769859091686,-0.5363969668227301,3.979723979095918,-0.0463084674911188,1.330506176437574
95.0,43.0,136.25209045410156,-0.0290298797552899,1.823727270143647,-3.281634004699781,-3.706977273186255,-1.9224261586654936,1.3381769859091686,-0.5363969668227301,3.979723979095918,-0.0463084674911188,1.330506176437574
95.0,43.0,136.29666137695312,0.0337677675644835,1.7744966523885128,-3.312624774603763,-3.7071912860395937,-1.945204134875688,1.3385024524093911,-0.5370081299175445,3.978057082784536,-0.0322837637990294,1.3277034859165622
95.0,43.0,136.34710693359375,0.0399493030505838,1.7749798687852107,-3.308512285058748,-3.714364355028891,-1.9469960911591564,1.3387181280603,-0.5365483615525901,3.9792786322583633,-0.060833847435108,1.3275834758357592
95.0,43.0,136.3596954345703,-0.0296895517541031,1.830335491531576,-3.311139477301103,-3.718262092969536,-1.9224261586654936,1.3382693364845697,-0.5365162591643595,3.9797365357361714,-0.0457919438813771,1.3262816434810727
95.0,43.0,136.36021423339844,-0.0296895517541031,1.830335491531576,-3.311139477301103,-3.718262092969536,-1.9224261586654936,1.3382665678648062,-0.5365162591643595,3.9797365357361714,-0.0457919438813771,1.3263373718191336
95.0,43.0,136.40550231933594,-0.0291162076847731,1.7707398529785634,-3.313089788805803,-3.720225931129176,-1.945422319357826,1.3381744630062666,-0.5377175116433861,3.9781329096755935,-0.0925736600711366,1.3261475436960584
95.0,43.0,136.51693725585938,-0.0296895517541031,1.830335491531576,-3.311139477301103,-3.718262092969536,-1.943600309937388,1.3382693364845697,-0.5365452193495492,3.979363467311304,-0.0457919438813771,1.3262886369587228
95.0,43.0,136.55853271484375,-0.0697924278056959,1.7736699224979566,-3.312756293608244,-3.720783697640266,-1.9454224532140048,1.3383906422923668,-0.5377177026273575,3.978143361274779,-0.0915431421791976,1.3274778875163669
95.0,43.0,136.593017578125,0.9514317064164416,1.7726121430385455,-3.313100866997206,-3.7202385996088654,-1.9451933742590417,1.338387366226323,-0.5377505409983818,3.977991378524123,-0.0478485176795482,1.3273718016181966
95.0,43.0,136.5980682373047,0.9514317064164416,1.7726121430385455,-3.313100866997206,-3.720374321954009,-1.9451933742590417,1.3383635176258315,-0.5377505409983818,3.977991378524123,-0.0478485176795482,1.3273718016181966
95.0,43.0,136.5981903076172,0.9514237325317396,1.7726121430385455,-3.3121300924303863,-3.720374321954009,-1.9458268991965333,1.3383635176258315,-0.5370314905774165,3.977991378524123,-0.0490929492338986,1.3274298116566603
95.0,43.0,136.60426330566406,-0.0721114706772308,1.777475927400482,-3.312624774603763,-3.721569405694243,-1.9463437433188404,1.3354117891117163,-0.5364018377143516,3.973608314362312,-0.0597227592294017,1.3475703873191098
95.0,43.0,136.61370849609375,-0.0667404707157267,1.7456896305934244,-3.282491403030896,-3.7055505322755566,-1.9471029345002424,1.335484501803014,-0.5370393846496992,3.977760970125124,-0.0878546485969358,1.3305061768218427
95.0,43.0,136.62989807128906,-0.0667404707157267,1.7456896305934244,-3.282491403030896,-3.706933666419662,-1.9457918672551453,1.335484501803014,-0.5370393846496992,3.977760970125124,-0.0878546485969358,1.330485290970632
95.0,43.0,136.65158081054688,0.016694417478847,1.7728175503008878,-3.312624774603763,-3.7145458608848303,-1.945776071314658,1.3383864418087907,-0.5364015250937119,3.973608314362312,-0.0597297178949795,1.3475703873191098
95.0,43.0,136.65631103515625,0.016694417478847,1.7728175503008878,-3.312624774603763,-3.714681583229973,-1.945776071314658,1.3383625932082996,-0.5364015250937119,3.973608314362312,-0.0597297178949795,1.3475703873191098
95.0,43.0,136.6824951171875,0.9637466567872216,1.7730620055399264,-3.281314266094088,-3.7144627857475534,-1.9457267593301253,1.338596394665697,-0.5365734557051837,3.979679157361224,-0.0591013483632387,1.3276938730087715
95.0,43.0,136.7456817626953,0.0337677675644835,1.7744966523885128,-3.2779087236990523,-3.7071912860395937,-1.945204134875688,1.3385024524093911,-0.5369903635054423,3.978057082784536,-0.0337921006917018,1.3277020408418654
95.0,43.0,136.7542724609375,0.9623905153304064,1.82313870271888,-3.312750019403155,-3.707772488431681,-1.921856715694607,1.3383941559414283,-0.5365232563195231,3.979776492146922,-0.0474356924019667,1.327677484099417
95.0,43.0,136.75650024414062,-0.0345711525802731,1.7749719949044254,-3.281864098357726,-3.714332696346492,-1.9462918823389248,1.335734161531041,-0.536080734095994,3.9793735056740585,-0.0920329542831702,1.31380133477388
95.0,43.0,136.81680297851562,0.9637466567872216,1.7730620055399264,-3.281346538111444,-3.7196787752987257,-1.9457658597792369,1.335501875346716,-0.5370192758072879,3.9778496971807753,-0.0589513443404496,1.327682346647403
95.0,43.0,136.83718872070312,0.0132724897717905,1.774057809589785,-3.311139477301103,-3.714535907857397,-1.922518508551916,1.338390851054727,-0.5363892194203769,3.9797365357361714,-0.0461533498439025,1.3476806004682933
95.0,43.0,136.90769958496094,-1.0198874728816891,1.777878321264681,-3.28247375190889,-3.721600300715597,-1.946333794611277,1.3353739161048856,-0.5370192758072879,3.9778264857015375,-0.0590624070362299,1.327682346647403
95.0,43.0,136.90769958496094,-1.0198874728816891,1.777878321264681,-3.28247375190889,-3.721600300715597,-1.946333794611277,1.3353739161048856,-0.5370192758072879,3.9778264857015375,-0.0590624070362299,1.327682346647403
95.0,43.0,136.92115783691406,-0.020894164399721,1.7953386619542635,-3.276889436125678,-3.714553442985028,-1.945772699353856,1.338327369978699,-0.5365611662289589,3.979634912784668,-0.0870670322916665,1.3390102154816186
95.0,43.0,136.9250946044922,-0.0202426827451518,1.7961130476239493,-3.2767439144560164,-3.714553442985028,-1.945774213561285,1.3383159775548037,-0.5365611662289589,3.979356903085263,-0.0870677389563889,1.3390102154816186
95.0,43.0,136.9313201904297,-0.0202426827451518,1.7961130476239493,-3.2770471112081565,-3.714553442985028,-1.945774213561285,1.3383159775548037,-0.5365611662289589,3.979634912784668,-0.0870670322916665,1.3390102154816186
95.0,43.0,136.95150756835938,-0.0853372532919801,1.7456896305934244,-3.2824582765168286,-3.706933666419662,-1.9452056440372203,1.338317702783033,-0.5363980275653314,3.9796281547272754,-0.0872748948720598,1.330485290970632
95.0,43.0,136.9649658203125,0.945149874210968,1.7730620055399264,-3.281313411597377,-3.7196787752987257,-1.945179636561312,1.3383350763267354,-0.5363779187229201,3.979716881782927,-0.0583715906155737,1.327682346647403
95.0,43.0,137.0700225830078,-0.0426078380109967,1.82106262463529,-3.313089788805803,-3.718443178693391,-1.9556575501065248,1.3381744630062666,-0.5377322770870889,3.97768400514465,-0.0898394462416343,1.3273534587741893
95.0,43.0,137.15875244140625,-1.0352585858735046,1.823727270143647,-3.311139477301103,-3.718450257997776,-1.9224261586654936,1.335414662828774,-0.5365177287610275,3.979723979095918,-0.0461435757819749,1.3261382678247084
95.0,43.0,137.163330078125,-0.0293520539609694,1.7725844369286483,-3.31405373982637,-3.7189976777041,-1.945576090476803,1.33839135819536,-0.53656546088305,3.979704817894704,-0.0478684804107349,1.647475658414431
95.0,43.0,137.17520141601562,0.945149874210968,1.7730620055399264,-3.3111928548503724,-4.316986019686929,-1.945179636561312,1.3354436383007733,-0.5363779187229201,3.979723915111489,-0.0580399098542539,1.3278596691147906
95.0,43.0,137.23179626464844,0.9514317064164416,1.8255995602036288,-3.3131010642696666,-3.718462926477467,-1.9221972135667096,1.338387366226323,-0.5365391494198346,3.979594844259011,-0.0451130578900358,1.3273880228478714
95.0,43.0,137.24014282226562,-0.085037429048426,1.7749719949044254,-3.2825099030376315,-3.714332696346492,-1.9462676857363248,1.335734161531041,-0.5363960434253826,3.979623075876711,-0.0920240525423607,1.31380133477388
95.0,44.0,135.0675048828125,-0.0264660174910812,1.771344621569476,-3.3131052235571965,-3.714227405594817,-1.945776071314658,1.338170409584862,-0.5365157618885545,3.9735764432689673,-0.0596150438808285,1.3254164266985224
95.0,44.0,135.22921752929688,-0.0285387505579101,1.7749798687852107,-3.313023094548857,-3.714364355028891,-1.9469960911591564,1.3387181280603,-0.5365483615525901,3.9792786322583633,-0.060478518589327,1.3261430919340529
95.0,44.0,135.28598022460938,-0.0360027458166583,1.774057809589785,-3.312325544323544,-3.714704801008232,-1.922518508551916,1.3383569082121451,-0.5365483659811847,3.9797365357361714,-0.0461533498439025,1.3269497380657602
95.0,44.0,135.43006896972656,-0.0359769534703907,1.774057809589785,-3.311139477301103,-3.718262092969536,-1.922518508551916,1.3382665678648062,-0.5365483659811847,3.9797365357361714,-0.0461533498439025,1.3275815895135454
95.0,44.0,135.55384826660156,-0.0667404707157267,1.7712368239917424,-3.3502043268027992,-3.706933666419662,-1.9457918672551453,1.335484501803014,-0.5377127485281674,3.977788944380241,-0.0878562144421677,1.330423273049932
95.0,44.0,135.6459503173828,-0.0263421941965455,1.823522726713594,-3.378428520777883,-3.7085271770642616,-1.9224261586654936,1.3383502485416523,-0.5365177287610275,3.979721574060032,-0.0462356278202793,1.3261637649257334
95.0,44.0,135.78407287597656,-0.0291162076847731,1.823727270143647,-3.3132137127460166,-3.705562069421504,-1.9224261586654936,1.3381341181072643,-0.5363969668227301,3.979723979095918,-0.0467463379655294,1.3304849190615498
95.0,44.0,135.79244995117188,-0.0291162076847731,1.823727270143647,-3.313089788805803,-3.705562069421504,-1.9220888269880487,1.3383922703483773,-0.5364522635971818,3.979652084678565,-0.0461435757819749,1.330442365090873
95.0,44.0,135.79708862304688,-0.0291162076847731,1.823727270143647,-3.313089788805803,-3.705562069421504,-1.9224261586654936,1.3381744630062666,-0.5363969668227301,3.979723979095918,-0.0461435757819749,1.330506176437574
95.0,44.0,135.79708862304688,-0.0291162076847731,1.823727270143647,-3.313089788805803,-3.705562069421504,-1.9224261586654936,1.3381744630062666,-0.5363969668227301,3.979723979095918,-0.0461435757819749,1.330506176437574
95.0,44.0,135.79708862304688,-0.0291162076847731,1.823727270143647,-3.313089788805803,-3.705562069421504,-1.9224261586654936,1.3381744630062666,-0.5363969668227301,3.979723979095918,-0.0461435757819749,1.330506176437574
95.0,44.0,135.80210876464844,-0.0291162076847731,1.823727270143647,-3.3131321984077324,-3.7085271770642616,-1.9224261586654936,1.3381734635366551,-0.5365162529453202,3.979721509275352,-0.0462412526439837,1.3261637649257334
95.0,44.0,135.80267333984375,-0.0291162076847731,1.823727270143647,-3.313089788805803,-3.7085271770642616,-1.9224261586654936,1.3381744630062666,-0.5365177287610275,3.979721574060032,-0.0462356278202793,1.3261637649257334
95.0,44.0,135.80267333984375,-0.0291162076847731,1.823727270143647,-3.313089788805803,-3.7085271770642616,-1.9224261586654936,1.3381744630062666,-0.5365177287610275,3.979721574060032,-0.0462356278202793,1.3261637649257334
95.0,44.0,135.81544494628906,-0.0291162076847731,1.823727270143647,-3.313089788805803,-3.704849213569158,-1.936676338421544,1.338308022829079,-0.536449499012896,3.979355765020457,-0.0461923592395322,1.330442365090873
95.0,44.0,135.8169403076172,-0.0291121480320352,1.823727270143647,-3.3133998696638,-3.706762220158925,-1.9224261586654936,1.3381766871389429,-0.5363951679567834,3.979723979095918,-0.0463093781333329,1.3302981563582854
95.0,44.0,135.81964111328125,-0.0291162076847731,1.823727270143647,-3.313089788805803,-3.7085271770642616,-1.9224261586654936,1.3381989777676622,-0.536517744835844,3.979649099992458,-0.0461964574140857,1.327689737926279
95.0,44.0,135.84170532226562,-0.0291162076847731,1.823727270143647,-3.313089788805803,-3.706945203565609,-1.9211150914203967,1.3381744630062666,-0.5363969668227301,3.979723979095918,-0.0461435757819749,1.330485290586363
95.0,44.0,135.94891357421875,-0.0667404707157267,1.7456896305934244,-3.3502043268027992,-3.706933666419662,-1.9457918672551453,1.335484501803014,-0.5370393846496992,3.977760970125124,-0.0878546485969358,1.330485290970632
95.0,44.0,136.007080078125,0.9623905153304064,1.7697996976349617,-3.312091016709984,-3.707772488431681,-1.921856715694607,1.3355927770497966,-0.5365232563195231,3.977761960900781,-0.0474356924019667,1.327677564630915
95.0,44.0,136.1412811279297,-0.0291162076847731,1.823727270143647,-3.313089788805803,-3.718450257997776,-1.9224261586654936,1.3381744630062666,-0.5365177287610275,3.979723979095918,-0.0461435757819749,1.3261637649257334
95.0,44.0,136.1412811279297,-0.0291162076847731,1.823727270143647,-3.313089788805803,-3.718450257997776,-1.9224261586654936,1.3381744630062666,-0.5365177287610275,3.979723979095918,-0.0461435757819749,1.3261637649257334
95.0,44.0,136.18478393554688,0.0423153928362498,1.7749798687852107,-3.3130820137468926,-3.706184160398028,-1.9469960911591564,1.338711373117209,-0.5365483615525901,3.979724453382996,-0.060833847435108,1.3304686049566956
95.0,44.0,136.21774291992188,-0.0345711525802731,1.7748339384844212,-3.3123934562915176,-3.714613852730272,-1.9451582037088504,1.335734161531041,-0.536080734095994,3.9793735056740585,-0.0920329542831702,1.3269519260453926
95.0,44.0,136.21774291992188,-0.0345711525802731,1.7748339384844212,-3.3123934562915176,-3.714613852730272,-1.9451582037088504,1.335734161531041,-0.536080734095994,3.9793735056740585,-0.0920329542831702,1.3269519260453926
95.0,44.0,136.25209045410156,-0.0290298797552899,1.823727270143647,-3.281634004699781,-3.706977273186255,-1.9224261586654936,1.3381769859091686,-0.5363969668227301,3.979723979095918,-0.0463084674911188,1.330506176437574
95.0,44.0,136.25209045410156,-0.0290298797552899,1.823727270143647,-3.281634004699781,-3.706977273186255,-1.9224261586654936,1.3381769859091686,-0.5363969668227301,3.979723979095918,-0.0463084674911188,1.330506176437574
95.0,44.0,136.27406311035156,0.956698104170794,1.7750869315408204,-3.308327635588534,-3.714364355028891,-1.9469960911591564,1.3387181280603,-0.5365405122151051,3.9792834162452793,-0.060833847435108,1.3275826165368692
95.0,44.0,136.29666137695312,0.0337677675644835,1.7744966523885128,-3.312624774603763,-3.7071912860395937,-1.945204134875688,1.3385024524093911,-0.5370081299175445,3.978057082784536,-0.0322837637990294,1.3277034859165622
95.0,44.0,136.34710693359375,0.0399493030505838,1.7749798687852107,-3.308512285058748,-3.714364355028891,-1.9469960911591564,1.3387181280603,-0.5365483615525901,3.9792786322583633,-0.060833847435108,1.3275834758357592
95.0,44.0,136.3596954345703,-0.0296895517541031,1.830335491531576,-3.311139477301103,-3.718262092969536,-1.9224261586654936,1.3382693364845697,-0.5365162591643595,3.9797365357361714,-0.0457919438813771,1.3262816434810727
95.0,44.0,136.36021423339844,-0.0296895517541031,1.830335491531576,-3.311139477301103,-3.718262092969536,-1.9224261586654936,1.3382665678648062,-0.5365162591643595,3.9797365357361714,-0.0457919438813771,1.3263373718191336
95.0,44.0,136.36192321777344,-0.0345453602340056,1.7748339384844212,-3.311207389269077,-3.718171144691576,-1.9451582037088504,1.335643821183702,-0.536080734095994,3.9793735056740585,-0.0920329542831702,1.3275837774931778
95.0,44.0,136.3858184814453,-0.0214591782230106,1.7736699224979566,-3.313082135623521,-3.720783697640266,-1.9454226594117587,1.3383906422923668,-0.5377177026273575,3.978143361274779,-0.0915431421791976,1.3274778875163669
95.0,44.0,136.40550231933594,-0.0291162076847731,1.7707398529785634,-3.313089788805803,-3.720225931129176,-1.945422319357826,1.3381744630062666,-0.5377175116433861,3.9781329096755935,-0.0925736600711366,1.3261475436960584
95.0,44.0,136.43966674804688,0.9680871781831708,1.7729642540685715,-3.311139477301103,-3.718262092969536,-1.9224261586654936,1.338359933581074,-0.5365529060325404,3.9797365357361714,-0.0479448942934634,1.3262816434810727
95.0,44.0,136.5101776123047,0.0346829052962314,1.7725050802829356,-3.3132855164674195,-3.7202385996088654,-1.9451933742590417,1.338387366226323,-0.5377583903358668,3.977986594537207,-0.0478485176795482,1.3273726609170868
95.0,44.0,136.51255798339844,0.9527205632245423,1.7726121430385455,-3.313091033041577,-3.718314090138226,-1.9451933742590417,1.3383868009780429,-0.5377505409983818,3.977991378524123,-0.0478485176795482,1.3273718016181966
95.0,44.0,136.51693725585938,-0.0296895517541031,1.830335491531576,-3.311139477301103,-3.718262092969536,-1.943600309937388,1.3382693364845697,-0.5365452193495492,3.979363467311304,-0.0457919438813771,1.3262886369587228
95.0,44.0,136.51693725585938,-0.0296895517541031,1.830335491531576,-3.311139477301103,-3.718262092969536,-1.943600309937388,1.3382693364845697,-0.5365452193495492,3.979363467311304,-0.0457919438813771,1.3262886369587228
95.0,44.0,136.55853271484375,-0.0697924278056959,1.7736699224979566,-3.312756293608244,-3.720783697640266,-1.9454224532140048,1.3383906422923668,-0.5377177026273575,3.978143361274779,-0.0915431421791976,1.3274778875163669
95.0,44.0,136.593017578125,0.9514317064164416,1.7726121430385455,-3.313100866997206,-3.7202385996088654,-1.9451933742590417,1.338387366226323,-0.5377505409983818,3.977991378524123,-0.0478485176795482,1.3273718016181966
95.0,44.0,136.5980682373047,0.9514317064164416,1.7726121430385455,-3.313100866997206,-3.720374321954009,-1.9451933742590417,1.3383635176258315,-0.5377505409983818,3.977991378524123,-0.0478485176795482,1.3273718016181966
95.0,44.0,136.5981903076172,0.9514237325317396,1.7726121430385455,-3.3121300924303863,-3.720374321954009,-1.9458268991965333,1.3383635176258315,-0.5370314905774165,3.977991378524123,-0.0490929492338986,1.3274298116566603
95.0,44.0,136.5981903076172,0.9514237325317396,1.7726121430385455,-3.3121300924303863,-3.720374321954009,-1.9458268991965333,1.3383635176258315,-0.5370314905774165,3.977991378524123,-0.0490929492338986,1.3274298116566603
95.0,44.0,136.60426330566406,-0.0721114706772308,1.777475927400482,-3.312624774603763,-3.721569405694243,-1.9463437433188404,1.3354117891117163,-0.5364018377143516,3.973608314362312,-0.0597227592294017,1.3475703873191098
95.0,44.0,136.61370849609375,-0.0667404707157267,1.7456896305934244,-3.282491403030896,-3.7055505322755566,-1.9471029345002424,1.335484501803014,-0.5370393846496992,3.977760970125124,-0.0878546485969358,1.3305061768218427
95.0,44.0,136.62989807128906,-0.0667404707157267,1.7456896305934244,-3.282491403030896,-3.706933666419662,-1.9457918672551453,1.335484501803014,-0.5370393846496992,3.977760970125124,-0.0878546485969358,1.330485290970632
95.0,44.0,136.6456298828125,0.0337677675644835,1.7744966523885128,-3.281003061486337,-3.7069704774238015,-1.9219604245329969,1.338470781060966,-0.5370081299175445,3.979619518208191,-0.0322837637990294,1.3306021997039834
95.0,44.0,136.65158081054688,0.016694417478847,1.7728175503008878,-3.312624774603763,-3.7145458608848303,-1.945776071314658,1.3383864418087907,-0.5364015250937119,3.973608314362312,-0.0597297178949795,1.3475703873191098
95.0,45.0,135.0675048828125,-0.0264660174910812,1.771344621569476,-3.3131052235571965,-3.714227405594817,-1.945776071314658,1.338170409584862,-0.5365157618885545,3.9735764432689673,-0.0596150438808285,1.3254164266985224
95.0,45.0,135.22921752929688,-0.0285387505579101,1.7749798687852107,-3.313023094548857,-3.714364355028891,-1.9469960911591564,1.3387181280603,-0.5365483615525901,3.9792786322583633,-0.060478518589327,1.3261430919340529
95.0,45.0,135.2560272216797,-0.0291162076847731,1.773860626721389,-3.3131321984077324,-3.7085271770642616,-1.9449623832096503,1.3381734635366551,-0.5377303480822244,3.9797284917399938,-0.0462412526439837,1.3261637649257334
95.0,45.0,135.28598022460938,-0.0360027458166583,1.774057809589785,-3.312325544323544,-3.714704801008232,-1.922518508551916,1.3383569082121451,-0.5365483659811847,3.9797365357361714,-0.0461533498439025,1.3269497380657602
95.0,45.0,135.43006896972656,-0.0359769534703907,1.774057809589785,-3.311139477301103,-3.718262092969536,-1.922518508551916,1.3382665678648062,-0.5365483659811847,3.9797365357361714,-0.0461533498439025,1.3275815895135454
95.0,45.0,135.4377899169922,-0.0667404707157267,1.7712368239917424,-3.3502043268027992,-3.70560195851806,-1.9454082664669103,1.335376782074467,-0.5377127485281674,3.977788944380241,-0.0867987004694964,1.330423273049932
95.0,45.0,135.55384826660156,-0.0667404707157267,1.7712368239917424,-3.3502043268027992,-3.706933666419662,-1.9457918672551453,1.335484501803014,-0.5377127485281674,3.977788944380241,-0.0878562144421677,1.330423273049932
95.0,45.0,135.59947204589844,-0.068749701998217,1.7461110874506998,-3.3448184975920103,-3.706933666419662,-1.9450935147731447,1.335484501803014,-0.1245677267319473,3.977735079423838,-0.0884629592577573,1.330485290970632
95.0,45.0,135.6459503173828,-0.0263421941965455,1.823522726713594,-3.378428520777883,-3.7085271770642616,-1.9224261586654936,1.3383502485416523,-0.5365177287610275,3.979721574060032,-0.0462356278202793,1.3261637649257334
95.0,45.0,135.7191619873047,-0.0291162076847731,1.823727270143647,-3.313089788805803,-3.705562069421504,-1.9224261586654936,1.3381795400191052,-0.5363969668227301,3.979723969748477,-0.0461435757819749,1.3264907673233002
95.0,45.0,135.72821044921875,-0.0271069764022828,1.823305813286372,-3.318599541956805,-3.705562069421504,-1.9231245111474944,1.3381341181072643,-0.5363821017873649,3.979749869797204,-0.0461380273047079,1.3304849190615498
95.0,45.0,135.78407287597656,-0.0291162076847731,1.823727270143647,-3.3132137127460166,-3.705562069421504,-1.9224261586654936,1.3381341181072643,-0.5363969668227301,3.979723979095918,-0.0467463379655294,1.3304849190615498
95.0,45.0,135.79244995117188,-0.0291162076847731,1.823727270143647,-3.313089788805803,-3.705562069421504,-1.9220888269880487,1.3383922703483773,-0.5364522635971818,3.979652084678565,-0.0461435757819749,1.330442365090873
95.0,45.0,135.79708862304688,-0.0291162076847731,1.823727270143647,-3.313089788805803,-3.705562069421504,-1.9224261586654936,1.3381744630062666,-0.5363969668227301,3.979723979095918,-0.0461435757819749,1.330506176437574
95.0,45.0,135.79708862304688,-0.0291162076847731,1.823727270143647,-3.313089788805803,-3.705562069421504,-1.9224261586654936,1.3381744630062666,-0.5363969668227301,3.979723979095918,-0.0461435757819749,1.330506176437574
95.0,45.0,135.79708862304688,-0.0291162076847731,1.823727270143647,-3.313089788805803,-3.705562069421504,-1.9224261586654936,1.3381744630062666,-0.5363969668227301,3.979723979095918,-0.0461435757819749,1.330506176437574
95.0,45.0,135.79708862304688,-0.0291162076847731,1.823727270143647,-3.313089788805803,-3.705562069421504,-1.9224261586654936,1.3381744630062666,-0.5363969668227301,3.979723979095918,-0.0461435757819749,1.330506176437574
95.0,45.0,135.80210876464844,-0.0291162076847731,1.823727270143647,-3.3131321984077324,-3.7085271770642616,-1.9224261586654936,1.3381734635366551,-0.5365162529453202,3.979721509275352,-0.0462412526439837,1.3261637649257334
95.0,45.0,135.8024139404297,-0.0291162076847731,1.823727270143647,-3.31311868958217,-3.7085271770642616,-1.9224051922698349,1.3381744630062666,-0.5365177287610275,3.979721574060032,-0.0462356278202793,1.3261637649257334
95.0,45.0,135.80267333984375,-0.0291162076847731,1.823727270143647,-3.313089788805803,-3.7085271770642616,-1.9224261586654936,1.3381744630062666,-0.5365177287610275,3.979721574060032,-0.0462356278202793,1.3261637649257334
95.0,45.0,135.80267333984375,-0.0291162076847731,1.823727270143647,-3.313089788805803,-3.7085271770642616,-1.9224261586654936,1.3381744630062666,-0.5365177287610275,3.979721574060032,-0.0462356278202793,1.3261637649257334
95.0,45.0,135.81544494628906,-0.0291162076847731,1.823727270143647,-3.313089788805803,-3.704849213569158,-1.936676338421544,1.338308022829079,-0.536449499012896,3.979355765020457,-0.0461923592395322,1.330442365090873
95.0,45.0,135.8169403076172,-0.0291121480320352,1.823727270143647,-3.3133998696638,-3.706762220158925,-1.9224261586654936,1.3381766871389429,-0.5363951679567834,3.979723979095918,-0.0463093781333329,1.3302981563582854
95.0,45.0,135.81964111328125,-0.0291162076847731,1.823727270143647,-3.313089788805803,-3.7085271770642616,-1.9224261586654936,1.3381989777676622,-0.536517744835844,3.979649099992458,-0.0461964574140857,1.327689737926279
95.0,45.0,135.84170532226562,-0.0291162076847731,1.823727270143647,-3.313089788805803,-3.706945203565609,-1.9211150914203967,1.3381744630062666,-0.5363969668227301,3.979723979095918,-0.0461435757819749,1.330485290586363
95.0,45.0,135.9430694580078,-0.0666165884919831,1.7456896305934244,-3.35091147378254,-3.706933666419662,-1.9457031450719973,1.3355111245159528,-0.5370418370953056,3.9777807303917614,-0.0878546485969358,1.330442841673656
95.0,45.0,135.94891357421875,-0.0667404707157267,1.7456896305934244,-3.3502043268027992,-3.706933666419662,-1.9457918672551453,1.335484501803014,-0.5370393846496992,3.977760970125124,-0.0878546485969358,1.330485290970632
95.0,45.0,136.00196838378906,-0.0290300395910695,1.823727270143647,-3.281634004699781,-3.6920560348293137,-1.9224261586654936,1.3381769859091686,-0.5363969668227301,3.979723979095918,-0.0461490403252882,1.330506176437574
95.0,45.0,136.007080078125,0.9623905153304064,1.7697996976349617,-3.312091016709984,-3.707772488431681,-1.921856715694607,1.3355927770497966,-0.5365232563195231,3.977761960900781,-0.0474356924019667,1.327677564630915
95.0,45.0,136.00730895996094,0.9623905153304064,1.7697996976349617,-3.312062115933617,-3.707772488431681,-1.9218776820902657,1.3355927770497966,-0.5365232563195231,3.977761960900781,-0.0474356924019667,1.327677564630915
95.0,45.0,136.0990447998047,0.0399493030505838,1.7749798687852107,-3.308481849073671,-3.706170424304403,-1.9469960911591564,1.3387181280603,-0.5365483615525901,3.979717892542958,-0.060833847435108,1.3275834758357592
95.0,45.0,136.1124267578125,-0.0291162076847731,1.8226134733137167,-3.31311320847035,-3.718520531688153,-1.9224261586654936,1.3381711112699988,-0.5365177287610275,3.979736340713868,-0.0461534304958179,1.3261637649257334
95.0,45.0,136.1412811279297,-0.0291162076847731,1.823727270143647,-3.313089788805803,-3.718450257997776,-1.9224261586654936,1.3381744630062666,-0.5365177287610275,3.979723979095918,-0.0461435757819749,1.3261637649257334
95.0,45.0,136.1412811279297,-0.0291162076847731,1.823727270143647,-3.313089788805803,-3.718450257997776,-1.9224261586654936,1.3381744630062666,-0.5365177287610275,3.979723979095918,-0.0461435757819749,1.3261637649257334
95.0,45.0,136.18478393554688,0.0423153928362498,1.7749798687852107,-3.3130820137468926,-3.706184160398028,-1.9469960911591564,1.338711373117209,-0.5365483615525901,3.979724453382996,-0.060833847435108,1.3304686049566956
95.0,45.0,136.21774291992188,-0.0345711525802731,1.7748339384844212,-3.3123934562915176,-3.714613852730272,-1.9451582037088504,1.335734161531041,-0.536080734095994,3.9793735056740585,-0.0920329542831702,1.3269519260453926
95.0,45.0,136.21774291992188,-0.0345711525802731,1.7748339384844212,-3.3123934562915176,-3.714613852730272,-1.9451582037088504,1.335734161531041,-0.536080734095994,3.9793735056740585,-0.0920329542831702,1.3269519260453926
95.0,45.0,136.25209045410156,-0.0290298797552899,1.823727270143647,-3.281634004699781,-3.706977273186255,-1.9224261586654936,1.3381769859091686,-0.5363969668227301,3.979723979095918,-0.0463084674911188,1.330506176437574
95.0,45.0,136.25209045410156,-0.0290298797552899,1.823727270143647,-3.281634004699781,-3.706977273186255,-1.9224261586654936,1.3381769859091686,-0.5363969668227301,3.979723979095918,-0.0463084674911188,1.330506176437574
95.0,45.0,136.27406311035156,0.956698104170794,1.7750869315408204,-3.308327635588534,-3.714364355028891,-1.9469960911591564,1.3387181280603,-0.5365405122151051,3.9792834162452793,-0.060833847435108,1.3275826165368692
95.0,45.0,136.27406311035156,0.956698104170794,1.7750869315408204,-3.308327635588534,-3.714364355028891,-1.9469960911591564,1.3387181280603,-0.5365405122151051,3.9792834162452793,-0.060833847435108,1.3275826165368692
95.0,45.0,136.29666137695312,0.0337677675644835,1.7744966523885128,-3.312624774603763,-3.7071912860395937,-1.945204134875688,1.3385024524093911,-0.5370081299175445,3.978057082784536,-0.0322837637990294,1.3277034859165622
95.0,45.0,136.30184936523438,0.0337677675644835,1.7744886552968695,-3.3129787186609603,-3.7071912860395937,-1.9469620227155653,1.3385047758394186,-0.5370408722152885,3.978057082784536,-0.0322837637990294,1.3261464662571554
95.0,45.0,136.31655883789062,0.0399493030505838,1.7749798687852107,-3.308595039239082,-3.7143633482381473,-1.9451895042448688,1.3387181280603,-0.5365483615525901,3.9792786322583633,-0.060833847435108,1.327609035156597
95.0,45.0,136.34439086914062,-0.0297203735498849,1.830335491531576,-3.311139477301103,-3.718262092969536,-1.922406165292712,1.3382693364845697,-0.5365452193495492,3.979363467311304,-0.0458173027267857,1.3262886369587228
95.0,45.0,136.34710693359375,0.0399493030505838,1.7749798687852107,-3.308512285058748,-3.714364355028891,-1.9469960911591564,1.3387181280603,-0.5365483615525901,3.9792786322583633,-0.060833847435108,1.3275834758357592
95.0,45.0,136.3596954345703,-0.0296895517541031,1.830335491531576,-3.311139477301103,-3.718262092969536,-1.9224261586654936,1.3382693364845697,-0.5365162591643595,3.9797365357361714,-0.0457919438813771,1.3262816434810727
95.0,45.0,136.36021423339844,-0.0296895517541031,1.830335491531576,-3.311139477301103,-3.718262092969536,-1.9224261586654936,1.3382665678648062,-0.5365162591643595,3.9797365357361714,-0.0457919438813771,1.3263373718191336
95.0,45.0,136.36192321777344,-0.0345453602340056,1.7748339384844212,-3.311207389269077,-3.718171144691576,-1.9451582037088504,1.335643821183702,-0.536080734095994,3.9793735056740585,-0.0920329542831702,1.3275837774931778
95.0,45.0,136.3858184814453,-0.0214591782230106,1.7736699224979566,-3.313082135623521,-3.720783697640266,-1.9454226594117587,1.3383906422923668,-0.5377177026273575,3.978143361274779,-0.0915431421791976,1.3274778875163669
95.0,46.0,135.0675048828125,-0.0264660174910812,1.771344621569476,-3.3131052235571965,-3.714227405594817,-1.945776071314658,1.338170409584862,-0.5365157618885545,3.9735764432689673,-0.0596150438808285,1.3254164266985224
95.0,46.0,135.13998413085938,-0.0285421313898891,1.7749798687852107,-3.3130218078255784,-3.705654500709036,-1.923011448570108,1.3387181280603,-0.5364555718089394,3.979655536968404,-0.8053980859299876,1.3261430919340529
95.0,46.0,135.19956970214844,-0.0266472786752683,1.774057809589785,-3.313167889813953,-3.718262092969536,-1.922518508551916,1.3382658960475222,-0.5365483659811847,3.9797365357361714,-0.0595902211473102,1.3275815895135454
95.0,46.0,135.22445678710938,-0.0285387505579101,1.7749798687852107,-3.313438886862541,-3.714364355028891,-1.9469960911591564,1.3387181280603,-0.5365483615525901,3.9792786322583633,-0.060479277501295,1.3261430919340529
95.0,46.0,135.22921752929688,-0.0285387505579101,1.7749798687852107,-3.313023094548857,-3.714364355028891,-1.9469960911591564,1.3387181280603,-0.5365483615525901,3.9792786322583633,-0.060478518589327,1.3261430919340529
95.0,46.0,135.2560272216797,-0.0291162076847731,1.773860626721389,-3.3131321984077324,-3.7085271770642616,-1.9449623832096503,1.3381734635366551,-0.5377303480822244,3.9797284917399938,-0.0462412526439837,1.3261637649257334
95.0,46.0,135.28570556640625,-0.0360365627796133,1.7739625569116808,-3.312325544323544,-3.714704801008232,-1.922512736185541,1.3383569082121451,-0.5365483659811847,3.979724082617508,-0.0461533498439025,1.3269497380657602
95.0,46.0,135.28598022460938,-0.0360027458166583,1.774057809589785,-3.312325544323544,-3.714704801008232,-1.922518508551916,1.3383569082121451,-0.5365483659811847,3.9797365357361714,-0.0461533498439025,1.3269497380657602
95.0,46.0,135.2969512939453,-0.0357956922862037,1.771344621569476,-3.3110768110443463,-3.714227405594817,-1.945776071314658,1.3381710814021464,-0.5365157618885545,3.9735764432689673,-0.0461781725774208,1.3254164266985224
95.0,46.0,135.34132385253906,-0.0667564896578689,1.7749798687852107,-3.310671141724622,-3.713946584153945,-1.9451895042448688,1.3386052727071285,-0.5365483615525901,3.977845399242922,-0.060833847435108,1.3278078046612434
95.0,46.0,135.43006896972656,-0.0359769534703907,1.774057809589785,-3.311139477301103,-3.718262092969536,-1.922518508551916,1.3382665678648062,-0.5365483659811847,3.9797365357361714,-0.0461533498439025,1.3275815895135454
95.0,46.0,135.4377899169922,-0.0667404707157267,1.7712368239917424,-3.3502043268027992,-3.70560195851806,-1.9454082664669103,1.335376782074467,-0.5377127485281674,3.977788944380241,-0.0867987004694964,1.330423273049932
95.0,46.0,135.55384826660156,-0.0667404707157267,1.7712368239917424,-3.3502043268027992,-3.706933666419662,-1.9457918672551453,1.335484501803014,-0.5377127485281674,3.977788944380241,-0.0878562144421677,1.330423273049932
95.0,46.0,135.59947204589844,-0.068749701998217,1.7461110874506998,-3.3448184975920103,-3.706933666419662,-1.9450935147731447,1.335484501803014,-0.1245677267319473,3.977735079423838,-0.0884629592577573,1.330485290970632
95.0,46.0,135.60650634765625,-0.0291162076847731,1.746078021719109,-3.315566549412244,-3.705562069421504,-1.944081292505305,1.3381744630062666,-0.5363969668227301,3.979723979095918,-0.0461435757819749,1.330506176437574
95.0,46.0,135.63609313964844,-0.0295339812742098,1.823522726713594,-3.378428520777883,-3.7085271770642616,-1.9224261586654936,1.3383502485416523,-0.5365177287610275,3.979735379224608,-0.0462356278202793,1.3261637649257334
95.0,46.0,135.6459503173828,-0.0263421941965455,1.823522726713594,-3.378428520777883,-3.7085271770642616,-1.9224261586654936,1.3383502485416523,-0.5365177287610275,3.979721574060032,-0.0462356278202793,1.3261637649257334
95.0,46.0,135.6871795654297,-0.0667404707157267,1.7712368239917424,-3.3537810429128925,-3.706933666419662,-1.9457918672551453,1.3383312529536882,-0.5377127485281674,3.977788944380241,-0.0899351174458961,1.330423273049932
95.0,46.0,135.7191619873047,-0.0291162076847731,1.823727270143647,-3.313089788805803,-3.705562069421504,-1.9224261586654936,1.3381795400191052,-0.5363969668227301,3.979723969748477,-0.0461435757819749,1.3264907673233002
95.0,46.0,135.72238159179688,-0.0290823907218181,1.8238225228217515,-3.313089788805803,-3.705562069421504,-1.9224319310318687,1.3381795400191052,-0.5363969668227301,3.979736422867141,-0.0461435757819749,1.3264907673233002
95.0,46.0,135.72821044921875,-0.0271069764022828,1.823305813286372,-3.318599541956805,-3.705562069421504,-1.9231245111474944,1.3381341181072643,-0.5363821017873649,3.979749869797204,-0.0461380273047079,1.3304849190615498
95.0,46.0,135.78407287597656,-0.0291162076847731,1.823727270143647,-3.3132137127460166,-3.705562069421504,-1.9224261586654936,1.3381341181072643,-0.5363969668227301,3.979723979095918,-0.0467463379655294,1.3304849190615498
95.0,46.0,135.79244995117188,-0.0291162076847731,1.823727270143647,-3.313089788805803,-3.705562069421504,-1.9220888269880487,1.3383922703483773,-0.5364522635971818,3.979652084678565,-0.0461435757819749,1.330442365090873
95.0,46.0,135.79708862304688,-0.0291162076847731,1.823727270143647,-3.313089788805803,-3.705562069421504,-1.9224261586654936,1.3381744630062666,-0.5363969668227301,3.979723979095918,-0.0461435757819749,1.330506176437574
95.0,46.0,135.79708862304688,-0.0291162076847731,1.823727270143647,-3.313089788805803,-3.705562069421504,-1.9224261586654936,1.3381744630062666,-0.5363969668227301,3.979723979095918,-0.0461435757819749,1.330506176437574
95.0,46.0,135.79708862304688,-0.0291162076847731,1.823727270143647,-3.313089788805803,-3.705562069421504,-1.9224261586654936,1.3381744630062666,-0.5363969668227301,3.979723979095918,-0.0461435757819749,1.330506176437574
95.0,46.0,135.79708862304688,-0.0291162076847731,1.823727270143647,-3.313089788805803,-3.705562069421504,-1.9224261586654936,1.3381744630062666,-0.5363969668227301,3.979723979095918,-0.0461435757819749,1.330506176437574
95.0,46.0,135.79708862304688,-0.0291162076847731,1.823727270143647,-3.313089788805803,-3.705562069421504,-1.9224261586654936,1.3381744630062666,-0.5363969668227301,3.979723979095918,-0.0461435757819749,1.330506176437574
95.0,46.0,135.79708862304688,-0.0291162076847731,1.823727270143647,-3.313089788805803,-3.705562069421504,-1.9224261586654936,1.3381744630062666,-0.5363969668227301,3.979723979095918,-0.0461435757819749,1.330506176437574
95.0,46.0,135.79708862304688,-0.0291162076847731,1.823727270143647,-3.313089788805803,-3.705562069421504,-1.9224261586654936,1.3381744630062666,-0.5363969668227301,3.979723979095918,-0.0461435757819749,1.330506176437574
95.0,46.0,135.80189514160156,-0.0291162076847731,1.8260456616002885,-3.313089788805803,-3.705468034833872,-1.921847029126929,1.335638980511426,-0.5363969668227301,3.979723969748477,-0.0461435757819749,1.3264907673233002
95.0,46.0,135.80210876464844,-0.0291162076847731,1.823727270143647,-3.3131321984077324,-3.7085271770642616,-1.9224261586654936,1.3381734635366551,-0.5365162529453202,3.979721509275352,-0.0462412526439837,1.3261637649257334
95.0,46.0,135.8024139404297,-0.0291162076847731,1.823727270143647,-3.31311868958217,-3.7085271770642616,-1.9224051922698349,1.3381744630062666,-0.5365177287610275,3.979721574060032,-0.0462356278202793,1.3261637649257334
95.0,46.0,135.80267333984375,-0.0291162076847731,1.823727270143647,-3.313089788805803,-3.7085271770642616,-1.9224261586654936,1.3381744630062666,-0.5365177287610275,3.979721574060032,-0.0462356278202793,1.3261637649257334
95.0,46.0,135.80267333984375,-0.0291162076847731,1.823727270143647,-3.313089788805803,-3.7085271770642616,-1.9224261586654936,1.3381744630062666,-0.5365177287610275,3.979721574060032,-0.0462356278202793,1.3261637649257334
95.0,46.0,135.81544494628906,-0.0291162076847731,1.823727270143647,-3.313089788805803,-3.704849213569158,-1.936676338421544,1.338308022829079,-0.536449499012896,3.979355765020457,-0.0461923592395322,1.330442365090873
95.0,46.0,135.8169403076172,-0.0291121480320352,1.823727270143647,-3.3133998696638,-3.706762220158925,-1.9224261586654936,1.3381766871389429,-0.5363951679567834,3.979723979095918,-0.0463093781333329,1.3302981563582854
95.0,46.0,135.81964111328125,-0.0291162076847731,1.823727270143647,-3.313089788805803,-3.7085271770642616,-1.9224261586654936,1.3381989777676622,-0.536517744835844,3.979649099992458,-0.0461964574140857,1.327689737926279
95.0,46.0,135.84170532226562,-0.0291162076847731,1.823727270143647,-3.313089788805803,-3.706945203565609,-1.9211150914203967,1.3381744630062666,-0.5363969668227301,3.979723979095918,-0.0461435757819749,1.330485290586363
95.0,46.0,135.8924102783203,-0.0291162076847731,1.823727270143647,-3.30951307269571,-3.705562069421504,-1.9224261586654936,1.3353277118555924,-0.5363969668227301,3.979723979095918,-0.0440646727782465,1.330506176437574
95.0,46.0,135.92837524414062,-0.0666165884919831,1.7456896305934244,-3.35091147378254,-3.706933666419662,-1.9457031450719973,1.3380023721314274,-0.5370418370953056,3.9777807303917614,-0.0878546485969358,1.330442841673656
95.0,46.0,135.9430694580078,-0.0666165884919831,1.7456896305934244,-3.35091147378254,-3.706933666419662,-1.9457031450719973,1.3355111245159528,-0.5370418370953056,3.9777807303917614,-0.0878546485969358,1.330442841673656
95.0,46.0,135.94891357421875,-0.0667404707157267,1.7456896305934244,-3.3502043268027992,-3.706933666419662,-1.9457918672551453,1.335484501803014,-0.5370393846496992,3.977760970125124,-0.0878546485969358,1.330485290970632
95.0,46.0,136.00196838378906,-0.0290300395910695,1.823727270143647,-3.281634004699781,-3.6920560348293137,-1.9224261586654936,1.3381769859091686,-0.5363969668227301,3.979723979095918,-0.0461490403252882,1.330506176437574
95.0,46.0,136.0068359375,0.9623905153304064,1.76748130617832,-3.312091016709984,-3.707866523019313,-1.922435845233172,1.338133336557476,-0.5365232563195231,3.977761960900781,-0.0474356924019667,1.327677564630915
95.0,46.0,136.007080078125,0.9623905153304064,1.7697996976349617,-3.312091016709984,-3.707772488431681,-1.921856715694607,1.3355927770497966,-0.5365232563195231,3.977761960900781,-0.0474356924019667,1.327677564630915
95.0,46.0,136.00730895996094,0.9623905153304064,1.7697996976349617,-3.312062115933617,-3.707772488431681,-1.9218776820902657,1.3355927770497966,-0.5365232563195231,3.977761960900781,-0.0474356924019667,1.327677564630915
95.0,46.0,136.01637268066406,-0.0290300395910695,1.823727270143647,-3.281634004699781,-3.6920560348293137,-1.9224261586654936,1.335685738293694,-0.5363969668227301,3.979723979095918,-0.0461490403252882,1.330506176437574
95.0,46.0,136.0990447998047,0.0399493030505838,1.7749798687852107,-3.308481849073671,-3.706170424304403,-1.9469960911591564,1.3387181280603,-0.5365483615525901,3.979717892542958,-0.060833847435108,1.3275834758357592
95.0,46.0,136.1124267578125,-0.0291162076847731,1.8226134733137167,-3.31311320847035,-3.718520531688153,-1.9224261586654936,1.3381711112699988,-0.5365177287610275,3.979736340713868,-0.0461534304958179,1.3261637649257334
95.0,47.0,134.0778045654297,-0.0291538397456154,2.6667475770105145,-3.313089788805803,-3.705502275948728,-1.945805984878404,1.3381744630062666,-0.5363969001955305,3.973556754792767,-0.0461432727089047,1.325533775755687
95.0,47.0,135.0208740234375,-0.0357956922862037,1.771344621569476,-3.3110768110443463,-3.7056208667912016,-1.945776071314658,1.3381710814021464,-0.5363979969006084,3.9735764432689673,-0.0461781725774208,1.3254164266985224
95.0,47.0,135.0675048828125,-0.0264660174910812,1.771344621569476,-3.3131052235571965,-3.714227405594817,-1.945776071314658,1.338170409584862,-0.5365157618885545,3.9735764432689673,-0.0596150438808285,1.3254164266985224
95.0,47.0,135.07662963867188,-0.0667406110660562,1.7749993117592984,-3.310671141724622,-3.70572696580421,-1.945194687953273,1.3386669311843375,-0.5365940340245159,3.977845490337888,-0.060833847435108,1.3278078046612434
95.0,47.0,135.1383056640625,-0.0263421941965455,1.7747010029335928,-3.381464410765805,-3.714501645945647,-1.9224261586654936,1.3383502485416523,-0.5365177287610275,3.9793044355205742,-0.0462356278202793,1.3261428275093894
95.0,47.0,135.13998413085938,-0.0285421313898891,1.7749798687852107,-3.3130218078255784,-3.705654500709036,-1.923011448570108,1.3387181280603,-0.5364555718089394,3.979655536968404,-0.8053980859299876,1.3261430919340529
95.0,47.0,135.19956970214844,-0.0266472786752683,1.774057809589785,-3.313167889813953,-3.718262092969536,-1.922518508551916,1.3382658960475222,-0.5365483659811847,3.9797365357361714,-0.0595902211473102,1.3275815895135454
95.0,47.0,135.22445678710938,-0.0285387505579101,1.7749798687852107,-3.313438886862541,-3.714364355028891,-1.9469960911591564,1.3387181280603,-0.5365483615525901,3.9792786322583633,-0.060479277501295,1.3261430919340529
95.0,47.0,135.22921752929688,-0.0285387505579101,1.7749798687852107,-3.313023094548857,-3.714364355028891,-1.9469960911591564,1.3387181280603,-0.5365483615525901,3.9792786322583633,-0.060478518589327,1.3261430919340529
95.0,47.0,135.2560272216797,-0.0291162076847731,1.773860626721389,-3.3131321984077324,-3.7085271770642616,-1.9449623832096503,1.3381734635366551,-0.5377303480822244,3.9797284917399938,-0.0462412526439837,1.3261637649257334
95.0,47.0,135.27304077148438,-0.0360365627796133,1.7738620695695029,-3.312325544323544,-3.714704801008232,-1.922512736185541,1.3383569170901235,-0.5366028108699706,3.979724082617508,-0.0461551018843528,1.3262278284008129
95.0,47.0,135.28570556640625,-0.0360365627796133,1.7739625569116808,-3.312325544323544,-3.714704801008232,-1.922512736185541,1.3383569082121451,-0.5365483659811847,3.979724082617508,-0.0461533498439025,1.3269497380657602
95.0,47.0,135.28598022460938,-0.0360027458166583,1.774057809589785,-3.312325544323544,-3.714704801008232,-1.922518508551916,1.3383569082121451,-0.5365483659811847,3.9797365357361714,-0.0461533498439025,1.3269497380657602
95.0,47.0,135.2886505126953,-0.0361072434826063,1.774057809589785,-3.3130713232413846,-3.715058147898854,-1.922518508551916,1.3383569082121451,-0.5365483659811847,3.979724144336336,-0.0461534667599628,1.3269299231185243
95.0,47.0,135.2969512939453,-0.0357956922862037,1.771344621569476,-3.3110768110443463,-3.714227405594817,-1.945776071314658,1.3381710814021464,-0.5365157618885545,3.9735764432689673,-0.0461781725774208,1.3254164266985224
95.0,47.0,135.34132385253906,-0.0667564896578689,1.7749798687852107,-3.310671141724622,-3.713946584153945,-1.9451895042448688,1.3386052727071285,-0.5365483615525901,3.977845399242922,-0.060833847435108,1.3278078046612434
95.0,47.0,135.34132385253906,-0.0667564896578689,1.7749798687852107,-3.310671141724622,-3.713946584153945,-1.9451895042448688,1.3386052727071285,-0.5365483615525901,3.977845399242922,-0.060833847435108,1.3278078046612434
95.0,47.0,135.3595428466797,-0.0357580602253613,1.771344621569476,-3.3110768110443463,-3.7142871990675936,-1.922396245101748,1.3381710814021464,-0.5365158285157542,3.979743667572118,-0.0461784756504909,1.330388827380409
95.0,47.0,135.37400817871094,-0.0672102509913308,1.7712368239917424,-3.3502043268027992,-3.70560195851806,-1.9454082664669103,1.3353309550965606,-0.5377328570805482,3.977788944380241,-0.0867987004694964,1.3266691180705803
95.0,47.0,135.40013122558594,-0.0291162076847731,1.7502208087004825,-3.3130886711499667,-3.706945203565609,-1.9211150914203967,1.3381744630062666,-0.5364014605351612,3.979723979095918,-0.0461435757819749,1.330485290586363
95.0,47.0,135.40756225585938,-0.0289762206935212,1.7736896259030488,-3.313170094907364,-3.718407161265036,-1.9224261586654936,1.3381744630062666,-0.5365481776498174,3.979723536267444,-0.0462356278202793,1.3261637649257334
95.0,47.0,135.43006896972656,-0.0359769534703907,1.774057809589785,-3.311139477301103,-3.718262092969536,-1.922518508551916,1.3382665678648062,-0.5365483659811847,3.9797365357361714,-0.0461533498439025,1.3275815895135454
95.0,47.0,135.4377899169922,-0.0667404707157267,1.7712368239917424,-3.3502043268027992,-3.70560195851806,-1.9454082664669103,1.335376782074467,-0.5377127485281674,3.977788944380241,-0.0867987004694964,1.330423273049932
95.0,47.0,135.55384826660156,-0.0667404707157267,1.7712368239917424,-3.3502043268027992,-3.706933666419662,-1.9457918672551453,1.335484501803014,-0.5377127485281674,3.977788944380241,-0.0878562144421677,1.330423273049932
95.0,47.0,135.59947204589844,-0.068749701998217,1.7461110874506998,-3.3448184975920103,-3.706933666419662,-1.9450935147731447,1.335484501803014,-0.1245677267319473,3.977735079423838,-0.0884629592577573,1.330485290970632
95.0,47.0,135.60650634765625,-0.0291162076847731,1.746078021719109,-3.315566549412244,-3.705562069421504,-1.944081292505305,1.3381744630062666,-0.5363969668227301,3.979723979095918,-0.0461435757819749,1.330506176437574
95.0,47.0,135.63609313964844,-0.0295339812742098,1.823522726713594,-3.378428520777883,-3.7085271770642616,-1.9224261586654936,1.3383502485416523,-0.5365177287610275,3.979735379224608,-0.0462356278202793,1.3261637649257334
95.0,47.0,135.6459503173828,-0.0263421941965455,1.823522726713594,-3.378428520777883,-3.7085271770642616,-1.9224261586654936,1.3383502485416523,-0.5365177287610275,3.979721574060032,-0.0462356278202793,1.3261637649257334
95.0,47.0,135.6871795654297,-0.0667404707157267,1.7712368239917424,-3.3537810429128925,-3.706933666419662,-1.9457918672551453,1.3383312529536882,-0.5377127485281674,3.977788944380241,-0.0899351174458961,1.330423273049932
95.0,47.0,135.7019500732422,-0.0667563493075393,1.771217381017655,-3.3502043268027992,-3.713821576867794,-1.9454030827585067,1.3353151235972582,-0.5376670760562416,3.977788853285275,-0.0867987004694964,1.330423273049932
95.0,47.0,135.7191619873047,-0.0291162076847731,1.823727270143647,-3.313089788805803,-3.705562069421504,-1.9224261586654936,1.3381795400191052,-0.5363969668227301,3.979723969748477,-0.0461435757819749,1.3264907673233002
95.0,47.0,135.72238159179688,-0.0290823907218181,1.8238225228217515,-3.313089788805803,-3.705562069421504,-1.9224319310318687,1.3381795400191052,-0.5363969668227301,3.979736422867141,-0.0461435757819749,1.3264907673233002
95.0,47.0,135.72238159179688,-0.0291156890187596,1.8238225228217515,-3.313089788805803,-3.705562069421504,-1.9224259399727568,1.3381795400191052,-0.5363969668227301,3.979736844647967,-0.0461435757819749,1.3264907673233002
95.0,47.0,135.72821044921875,-0.0271069764022828,1.823305813286372,-3.318599541956805,-3.705562069421504,-1.9231245111474944,1.3381341181072643,-0.5363821017873649,3.979749869797204,-0.0461380273047079,1.3304849190615498
95.0,47.0,135.77040100097656,-0.0291121480320352,1.823727270143647,-3.312298649516277,-3.706762220158925,-1.9224261586654936,1.3381766871389429,-0.5365448764421817,3.979723981489943,-0.0463093781333329,1.3270348131227443
95.0,47.0,135.78407287597656,-0.0291162076847731,1.823727270143647,-3.3132137127460166,-3.705562069421504,-1.9224261586654936,1.3381341181072643,-0.5363969668227301,3.979723979095918,-0.0467463379655294,1.3304849190615498
95.0,47.0,135.79244995117188,-0.0291162076847731,1.823727270143647,-3.313089788805803,-3.705562069421504,-1.9220888269880487,1.3383922703483773,-0.5364522635971818,3.979652084678565,-0.0461435757819749,1.330442365090873
95.0,47.0,135.79708862304688,-0.0291162076847731,1.823727270143647,-3.313089788805803,-3.705562069421504,-1.9224261586654936,1.3381744630062666,-0.5363969668227301,3.979723979095918,-0.0461435757819749,1.330506176437574
95.0,47.0,135.79708862304688,-0.0291162076847731,1.823727270143647,-3.313089788805803,-3.705562069421504,-1.9224261586654936,1.3381744630062666,-0.5363969668227301,3.979723979095918,-0.0461435757819749,1.330506176437574
95.0,47.0,135.79708862304688,-0.0291162076847731,1.823727270143647,-3.313089788805803,-3.705562069421504,-1.9224261586654936,1.3381744630062666,-0.5363969668227301,3.979723979095918,-0.0461435757819749,1.330506176437574
95.0,47.0,135.79708862304688,-0.0291162076847731,1.823727270143647,-3.313089788805803,-3.705562069421504,-1.9224261586654936,1.3381744630062666,-0.5363969668227301,3.979723979095918,-0.0461435757819749,1.330506176437574
95.0,47.0,135.79708862304688,-0.0291162076847731,1.823727270143647,-3.313089788805803,-3.705562069421504,-1.9224261586654936,1.3381744630062666,-0.5363969668227301,3.979723979095918,-0.0461435757819749,1.330506176437574
95.0,47.0,135.79708862304688,-0.0291162076847731,1.823727270143647,-3.313089788805803,-3.705562069421504,-1.9224261586654936,1.3381744630062666,-0.5363969668227301,3.979723979095918,-0.0461435757819749,1.330506176437574
95.0,47.0,135.79708862304688,-0.0291162076847731,1.823727270143647,-3.313089788805803,-3.705562069421504,-1.9224261586654936,1.3381744630062666,-0.5363969668227301,3.979723979095918,-0.0461435757819749,1.330506176437574
95.0,47.0,135.79708862304688,-0.0291162076847731,1.823727270143647,-3.313089788805803,-3.705562069421504,-1.9224261586654936,1.3381744630062666,-0.5363969668227301,3.979723979095918,-0.0461435757819749,1.330506176437574
95.0,47.0,135.79713439941406,-0.0291162076847731,1.823727270143647,-3.313089788805803,-3.705563391637337,-1.9224252431229056,1.3381744630062666,-0.5363969668227301,3.979723969732192,-0.0461435757819749,1.330506176437574
95.0,47.0,135.80189514160156,-0.0291162076847731,1.8260456616002885,-3.313089788805803,-3.705468034833872,-1.921847029126929,1.335638980511426,-0.5363969668227301,3.979723969748477,-0.0461435757819749,1.3264907673233002
95.0,47.0,135.80210876464844,-0.0291162076847731,1.823727270143647,-3.3131321984077324,-3.7085271770642616,-1.9224261586654936,1.3381734635366551,-0.5365162529453202,3.979721509275352,-0.0462412526439837,1.3261637649257334
95.0,47.0,135.80210876464844,-0.0291162076847731,1.823727270143647,-3.3131321984077324,-3.7085271770642616,-1.9224261586654936,1.3381734635366551,-0.5365162529453202,3.979721509275352,-0.0462412526439837,1.3261637649257334
95.0,47.0,135.8024139404297,-0.0291162076847731,1.823727270143647,-3.31311868958217,-3.7085271770642616,-1.9224051922698349,1.3381744630062666,-0.5365177287610275,3.979721574060032,-0.0462356278202793,1.3261637649257334
95.0,48.0,133.82638549804688,-0.0291538397456154,2.6667475770105145,-3.310718526010792,-3.7048793974059273,-1.9451870354437588,1.3381759244751832,-0.5363969001955305,3.973556754792767,-0.0617352342435333,1.3255320182534729
95.0,48.0,134.04237365722656,-0.0292659665034673,2.6667475770105145,-3.3123087633503743,-3.70493263705596,-1.923044390909706,1.338357727979507,-0.5364046952060502,3.979490682744984,-0.0461432727089047,1.3262609970386363
95.0,48.0,134.0778045654297,-0.0291538397456154,2.6667475770105145,-3.313089788805803,-3.705502275948728,-1.945805984878404,1.3381744630062666,-0.5363969001955305,3.973556754792767,-0.0461432727089047,1.325533775755687
95.0,48.0,134.31854248046875,-0.024409119661651,1.774706705798127,-3.3562437559685194,-3.706861042793728,-1.9457918672551453,1.3383507495903646,-0.536503900148343,3.977788944380241,-0.4647761677262717,1.330474376017927
95.0,48.0,134.50738525390625,-0.0667404707157267,1.7712368239917424,-3.3502043268027992,-3.7056513136370968,-1.9450965735685688,1.3353856317586048,-0.107691682448864,3.977789928166792,-0.0867987004694964,1.330423273049932
95.0,48.0,135.00880432128906,-0.0357956922862037,1.7712738922518263,-3.3110768110443463,-3.7056208667912016,-1.9449883755350967,1.3381710814021464,-0.5364168449896798,3.9735764432689673,-0.0462409608524646,1.3254164266985224
95.0,48.0,135.0208740234375,-0.0357956922862037,1.771344621569476,-3.3110768110443463,-3.7056208667912016,-1.945776071314658,1.3381710814021464,-0.5363979969006084,3.9735764432689673,-0.0461781725774208,1.3254164266985224
95.0,48.0,135.0675048828125,-0.0264660174910812,1.771344621569476,-3.3131052235571965,-3.714227405594817,-1.945776071314658,1.338170409584862,-0.5365157618885545,3.9735764432689673,-0.0596150438808285,1.3254164266985224
95.0,48.0,135.07662963867188,-0.0667406110660562,1.7749993117592984,-3.310671141724622,-3.70572696580421,-1.945194687953273,1.3386669311843375,-0.5365940340245159,3.977845490337888,-0.060833847435108,1.3278078046612434
95.0,48.0,135.07704162597656,-0.0667408382680363,1.7749994140122842,-3.310671141724622,-3.705731223384065,-1.9451893353760947,1.3386052727071285,-0.5365470797948692,3.977845399242922,-0.060833847435108,1.3278078046612434
95.0,48.0,135.09881591796875,-0.0357956922862037,1.771344621569476,-3.3110768110443463,-3.7142954764591134,-1.922404433372932,1.3381710814021464,-0.5364521242701704,3.973368945866792,-0.0461781725774208,1.3254164266985224
95.0,48.0,135.1383056640625,-0.0263421941965455,1.7747010029335928,-3.381464410765805,-3.714501645945647,-1.9224261586654936,1.3383502485416523,-0.5365177287610275,3.9793044355205742,-0.0462356278202793,1.3261428275093894
95.0,48.0,135.13998413085938,-0.0285421313898891,1.7749798687852107,-3.3130218078255784,-3.705654500709036,-1.923011448570108,1.3387181280603,-0.5364555718089394,3.979655536968404,-0.8053980859299876,1.3261430919340529
95.0,48.0,135.19956970214844,-0.0266472786752683,1.774057809589785,-3.313167889813953,-3.718262092969536,-1.922518508551916,1.3382658960475222,-0.5365483659811847,3.9797365357361714,-0.0595902211473102,1.3275815895135454
95.0,48.0,135.22445678710938,-0.0285387505579101,1.7749798687852107,-3.313438886862541,-3.714364355028891,-1.9469960911591564,1.3387181280603,-0.5365483615525901,3.9792786322583633,-0.060479277501295,1.3261430919340529
95.0,48.0,135.22921752929688,-0.0285387505579101,1.7749798687852107,-3.313023094548857,-3.714364355028891,-1.9469960911591564,1.3387181280603,-0.5365483615525901,3.9792786322583633,-0.060478518589327,1.3261430919340529
95.0,48.0,135.251953125,-0.0285387505579101,1.773962304164084,-3.312315430468845,-3.714364355028891,-1.9469960911591564,1.3387181280603,-0.5365483612586162,3.9792786322583633,-0.060478518589327,1.326926853762184
95.0,48.0,135.2560272216797,-0.0291162076847731,1.773860626721389,-3.3131321984077324,-3.7085271770642616,-1.9449623832096503,1.3381734635366551,-0.5377303480822244,3.9797284917399938,-0.0462412526439837,1.3261637649257334
95.0,48.0,135.26113891601562,-0.0291162076847731,1.773860626721389,-3.313103868308912,-3.7085271770642616,-1.9449623832096503,1.3381734635366551,-0.5377520909746184,3.979611038799732,-0.0457137704771248,1.3261637649257334
95.0,48.0,135.27304077148438,-0.0360365627796133,1.7738620695695029,-3.312325544323544,-3.714704801008232,-1.922512736185541,1.3383569170901235,-0.5366028108699706,3.979724082617508,-0.0461551018843528,1.3262278284008129
95.0,48.0,135.28550720214844,-0.0360027458166583,1.774057809589785,-3.31232635996176,-3.714704801008232,-1.922518508551916,1.3383569082121451,-0.5365483659811847,3.9797365357361714,-0.0461533498439025,1.326926062973361
95.0,48.0,135.28570556640625,-0.0360365627796133,1.7739625569116808,-3.312325544323544,-3.714704801008232,-1.922512736185541,1.3383569082121451,-0.5365483659811847,3.979724082617508,-0.0461533498439025,1.3269497380657602
95.0,48.0,135.28598022460938,-0.0360027458166583,1.774057809589785,-3.312325544323544,-3.714704801008232,-1.922518508551916,1.3383569082121451,-0.5365483659811847,3.9797365357361714,-0.0461533498439025,1.3269497380657602
95.0,48.0,135.2886505126953,-0.0361072434826063,1.774057809589785,-3.3130713232413846,-3.715058147898854,-1.922518508551916,1.3383569082121451,-0.5365483659811847,3.979724144336336,-0.0461534667599628,1.3269299231185243
95.0,48.0,135.29420471191406,-0.0261802672910231,1.7747036253311297,-3.312325544323544,-3.714704801008232,-1.9224217685086475,1.3383568071693883,-0.5366028108699706,3.979724082617508,-0.0462355427176114,1.326142714567236
95.0,48.0,135.29632568359375,-0.0359244360217614,1.7738620695695029,-3.3131065697789723,-3.715274439900999,-1.945274330154239,1.3381736521168837,-0.536595015859451,3.973790154665291,-0.0461551018843528,1.3255006071178637
95.0,48.0,135.2969512939453,-0.0357956922862037,1.771344621569476,-3.3110768110443463,-3.714227405594817,-1.945776071314658,1.3381710814021464,-0.5365157618885545,3.9735764432689673,-0.0461781725774208,1.3254164266985224
95.0,48.0,135.30001831054688,-0.0686735452506211,1.7712311211272085,-3.3790016977101778,-3.7145742695715818,-1.9224261586654936,1.338330751904976,-0.5377265771408518,3.9793044355205742,-0.0462356278202793,1.3260917245413946
95.0,48.0,135.34132385253906,-0.0667564896578689,1.7749798687852107,-3.310671141724622,-3.713946584153945,-1.9451895042448688,1.3386052727071285,-0.5365483615525901,3.977845399242922,-0.060833847435108,1.3278078046612434
95.0,48.0,135.34132385253906,-0.0667564896578689,1.7749798687852107,-3.310671141724622,-3.713946584153945,-1.9451895042448688,1.3386052727071285,-0.5365483615525901,3.977845399242922,-0.060833847435108,1.3278078046612434
95.0,48.0,135.3595428466797,-0.0357580602253613,1.771344621569476,-3.3110768110443463,-3.7142871990675936,-1.922396245101748,1.3381710814021464,-0.5365158285157542,3.979743667572118,-0.0461784756504909,1.330388827380409
95.0,48.0,135.37400817871094,-0.0672102509913308,1.7712368239917424,-3.3502043268027992,-3.70560195851806,-1.9454082664669103,1.3353309550965606,-0.5377328570805482,3.977788944380241,-0.0867987004694964,1.3266691180705803
95.0,48.0,135.40013122558594,-0.0291162076847731,1.7502208087004825,-3.3130886711499667,-3.706945203565609,-1.9211150914203967,1.3381744630062666,-0.5364014605351612,3.979723979095918,-0.0461435757819749,1.330485290586363
95.0,48.0,135.40756225585938,-0.0289762206935212,1.7736896259030488,-3.313170094907364,-3.718407161265036,-1.9224261586654936,1.3381744630062666,-0.5365481776498174,3.979723536267444,-0.0462356278202793,1.3261637649257334
95.0,48.0,135.43006896972656,-0.0359769534703907,1.774057809589785,-3.311139477301103,-3.718262092969536,-1.922518508551916,1.3382665678648062,-0.5365483659811847,3.9797365357361714,-0.0461533498439025,1.3275815895135454
95.0,48.0,135.43006896972656,-0.0359769534703907,1.774057809589785,-3.311139477301103,-3.718262092969536,-1.922518508551916,1.3382665678648062,-0.5365483659811847,3.9797365357361714,-0.0461533498439025,1.3275815895135454
95.0,48.0,135.4377899169922,-0.0667404707157267,1.7712368239917424,-3.3502043268027992,-3.70560195851806,-1.9454082664669103,1.335376782074467,-0.5377127485281674,3.977788944380241,-0.0867987004694964,1.330423273049932
95.0,48.0,135.4377899169922,-0.0667404707157267,1.7712368239917424,-3.3502043268027992,-3.70560195851806,-1.9454082664669103,1.335376782074467,-0.5377127485281674,3.977788944380241,-0.0867987004694964,1.330423273049932
95.0,48.0,135.55288696289062,-0.0266099790568869,1.774057809589785,-3.31307250281,-3.714260006242029,-1.922518508551916,1.338369394908596,-0.5365483659811847,3.979709377815099,-0.0594549338003342,1.342109731023286
95.0,48.0,135.55384826660156,-0.0667404707157267,1.7712368239917424,-3.3502043268027992,-3.706933666419662,-1.9457918672551453,1.335484501803014,-0.5377127485281674,3.977788944380241,-0.0878562144421677,1.330423273049932
95.0,48.0,135.57855224609375,-0.0683134842740246,1.7461110874506998,-3.363435646932235,-3.706945292559389,-1.944188599356484,1.3354342902556575,-0.1245677267319473,3.9778476760810526,-0.0884629592577573,1.330485290970632
95.0,48.0,135.59947204589844,-0.068749701998217,1.7461110874506998,-3.3448184975920103,-3.706933666419662,-1.9450935147731447,1.335484501803014,-0.1245677267319473,3.977735079423838,-0.0884629592577573,1.330485290970632
95.0,48.0,135.60650634765625,-0.0291162076847731,1.746078021719109,-3.315566549412244,-3.705562069421504,-1.944081292505305,1.3381744630062666,-0.5363969668227301,3.979723979095918,-0.0461435757819749,1.330506176437574
95.0,48.0,135.63609313964844,-0.0295339812742098,1.823522726713594,-3.378428520777883,-3.7085271770642616,-1.9224261586654936,1.3383502485416523,-0.5365177287610275,3.979735379224608,-0.0462356278202793,1.3261637649257334
95.0,48.0,135.6459503173828,-0.0263421941965455,1.823522726713594,-3.378428520777883,-3.7085271770642616,-1.9224261586654936,1.3383502485416523,-0.5365177287610275,3.979721574060032,-0.0462356278202793,1.3261637649257334
95.0,48.0,135.6871795654297,-0.0667404707157267,1.7712368239917424,-3.3537810429128925,-3.706933666419662,-1.9457918672551453,1.3383312529536882,-0.5377127485281674,3.977788944380241,-0.0899351174458961,1.330423273049932
95.0,48.0,135.7019500732422,-0.0667563493075393,1.771217381017655,-3.3502043268027992,-3.713821576867794,-1.9454030827585067,1.3353151235972582,-0.5376670760562416,3.977788853285275,-0.0867987004694964,1.330423273049932
95.0,48.0,135.7051544189453,-0.0686684201836551,1.823727270143647,-3.347260763824981,-3.705477870447997,-1.924648087754231,1.3382087368351472,-0.5363969668227301,3.9798098076514346,-0.0467731194274247,1.330506176437574
95.0,48.0,135.7191619873047,-0.0291162076847731,1.823727270143647,-3.313089788805803,-3.705562069421504,-1.9224261586654936,1.3381795400191052,-0.5363969668227301,3.979723969748477,-0.0461435757819749,1.3264907673233002
95.0,48.0,135.7198028564453,-0.0291156866675438,1.823732015562194,-3.313089788805803,-3.705562069421504,-1.9224259338272744,1.3381795400191052,-0.5363969668227301,3.979736844647967,-0.0461435757819749,1.3264907673233002
95.0,49.0,133.82638549804688,-0.0291538397456154,2.6667475770105145,-3.310718526010792,-3.7048793974059273,-1.9451870354437588,1.3381759244751832,-0.5363969001955305,3.973556754792767,-0.0617352342435333,1.3255320182534729
95.0,49.0,133.932861328125,-0.0359083280216079,2.6667475770105145,-3.310718526010792,-3.7147310101446,-1.9231145460871724,1.3381759244751832,-0.5365510493611949,3.973556754792767,-0.0617352342435333,1.3255955218933502
95.0,49.0,134.04237365722656,-0.0292659665034673,2.6667475770105145,-3.3123087633503743,-3.70493263705596,-1.923044390909706,1.338357727979507,-0.5364046952060502,3.979490682744984,-0.0461432727089047,1.3262609970386363
95.0,49.0,134.0778045654297,-0.0291538397456154,2.6667475770105145,-3.313089788805803,-3.705502275948728,-1.945805984878404,1.3381744630062666,-0.5363969001955305,3.973556754792767,-0.0461432727089047,1.325533775755687
95.0,49.0,134.3079071044922,-0.0291538397456154,2.6667475770105145,-3.3130929818308177,-3.7059922033195134,-1.945805984878404,1.3381744630062666,-0.5363921903690119,3.980134494123827,-0.0461432727089047,1.3275819847773909
95.0,49.0,134.31854248046875,-0.024409119661651,1.774706705798127,-3.3562437559685194,-3.706861042793728,-1.9457918672551453,1.3383507495903646,-0.536503900148343,3.977788944380241,-0.4647761677262717,1.330474376017927
95.0,49.0,134.50738525390625,-0.0667404707157267,1.7712368239917424,-3.3502043268027992,-3.7056513136370968,-1.9450965735685688,1.3353856317586048,-0.107691682448864,3.977789928166792,-0.0867987004694964,1.330423273049932
95.0,49.0,134.51060485839844,-0.0362397942767225,1.7712368239917424,-3.351295346885483,-3.7056513136370968,-1.9450965735685688,1.3385327000036766,-0.1141234792704898,3.977758301578288,-0.0872937896013353,1.330423273049932
95.0,49.0,134.5147247314453,-0.0663544160153749,2.7084273455149126,-3.3123087633503743,-3.704943279253713,-1.9452509941432432,1.338374408638933,-0.5364046952060502,3.9794658626776815,-0.0461432727089047,1.3262609970386363
95.0,49.0,134.5695037841797,-0.0663014495861083,1.7712368239917424,-3.3502043268027992,-3.70560195851806,-1.9454082664669103,1.3353823140171708,-0.5377127485281674,3.977788944380241,-0.466836030967555,1.330423273049932
95.0,49.0,134.94387817382812,-0.0285387505579101,1.7749798687852107,-3.313034945467112,-3.705299857987551,-1.9472480651818729,1.3387181280603,-0.5365483615525901,3.9792786322583633,-0.060479277501295,1.3261430919340529
95.0,49.0,134.9540252685547,-0.0667406110660562,1.7713336260020789,-3.310671141724622,-3.705717873746323,-1.945194687953273,1.338174057309579,-0.5365940340245159,3.9735208937308193,-0.0607879124496194,1.3254785348487208
95.0,49.0,135.0076446533203,-0.0360365627796133,1.773898207083144,-3.312325544323544,-3.6515366981850086,-1.9438784014633552,1.3383569082121451,-0.5365139589667608,3.979724082617508,-0.0591983966149338,1.3269497380657602
95.0,49.0,135.00880432128906,-0.0357956922862037,1.7712738922518263,-3.3110768110443463,-3.7056208667912016,-1.9449883755350967,1.3381710814021464,-0.5364168449896798,3.9735764432689673,-0.0462409608524646,1.3254164266985224
95.0,49.0,135.00880432128906,-0.0357956922862037,1.7712738922518263,-3.3110768110443463,-3.7056208667912016,-1.9449883755350967,1.3381710814021464,-0.5364168449896798,3.9735764432689673,-0.0462409608524646,1.3254164266985224
95.0,49.0,135.0208740234375,-0.0357956922862037,1.771344621569476,-3.3110768110443463,-3.7056208667912016,-1.945776071314658,1.3381710814021464,-0.5363979969006084,3.9735764432689673,-0.0461781725774208,1.3254164266985224
95.0,49.0,135.0675048828125,-0.0264660174910812,1.771344621569476,-3.3131052235571965,-3.714227405594817,-1.945776071314658,1.338170409584862,-0.5365157618885545,3.9735764432689673,-0.0596150438808285,1.3254164266985224
95.0,49.0,135.0675048828125,-0.0264660174910812,1.771344621569476,-3.3131052235571965,-3.714227405594817,-1.945776071314658,1.338170409584862,-0.5365157618885545,3.9735764432689673,-0.0596150438808285,1.3254164266985224
95.0,49.0,135.07662963867188,-0.0667406110660562,1.7749993117592984,-3.310671141724622,-3.70572696580421,-1.945194687953273,1.3386669311843375,-0.5365940340245159,3.977845490337888,-0.060833847435108,1.3278078046612434
95.0,49.0,135.07704162597656,-0.0667408382680363,1.7749994140122842,-3.310671141724622,-3.705731223384065,-1.9451893353760947,1.3386052727071285,-0.5365470797948692,3.977845399242922,-0.060833847435108,1.3278078046612434
95.0,49.0,135.0869140625,-0.0358312942391496,1.7738110558034927,-3.3131065697789723,-3.7152658076079663,-1.947041234069781,1.3381533926571625,-0.5365956865148344,3.973790154665291,-0.0604025037984431,1.3255000600886044
95.0,49.0,135.09881591796875,-0.0357956922862037,1.771344621569476,-3.3110768110443463,-3.7142954764591134,-1.922404433372932,1.3381710814021464,-0.5364521242701704,3.973368945866792,-0.0461781725774208,1.3254164266985224
95.0,49.0,135.1383056640625,-0.0263421941965455,1.7747010029335928,-3.381464410765805,-3.714501645945647,-1.9224261586654936,1.3383502485416523,-0.5365177287610275,3.9793044355205742,-0.0462356278202793,1.3261428275093894
95.0,49.0,135.1383056640625,-0.0263421941965455,1.7747010029335928,-3.381464410765805,-3.714501645945647,-1.9224261586654936,1.3383502485416523,-0.5365177287610275,3.9793044355205742,-0.0462356278202793,1.3261428275093894
95.0,49.0,135.13998413085938,-0.0285421313898891,1.7749798687852107,-3.3130218078255784,-3.705654500709036,-1.923011448570108,1.3387181280603,-0.5364555718089394,3.979655536968404,-0.8053980859299876,1.3261430919340529
95.0,49.0,135.1405487060547,-0.0361072434826063,1.7713511315693238,-3.3803056365918187,-3.715058147898854,-1.9225281629960187,1.3383291951102956,-0.5376853334606917,3.979724144336336,-0.0462325655266097,1.326088515043418
95.0,49.0,135.1443634033203,-0.0357956922862037,1.7750103073266956,-3.3110768110443463,-3.705629958849089,-1.945776071314658,1.3386639552769048,-0.5363979969006084,3.977901039876037,-0.0462241075629094,1.327745696511045
95.0,49.0,135.16415405273438,-0.0360365627796133,1.7712534700738598,-3.349906367270512,-3.705614609541523,-1.9437502549187928,1.3383569170901235,-0.1302432892310605,3.979552093346261,-0.0867619988019016,1.3262111295341992
95.0,49.0,135.19956970214844,-0.0266472786752683,1.774057809589785,-3.313167889813953,-3.718262092969536,-1.922518508551916,1.3382658960475222,-0.5365483659811847,3.9797365357361714,-0.0595902211473102,1.3275815895135454
95.0,49.0,135.22445678710938,-0.0285387505579101,1.7749798687852107,-3.313438886862541,-3.714364355028891,-1.9469960911591564,1.3387181280603,-0.5365483615525901,3.9792786322583633,-0.060479277501295,1.3261430919340529
95.0,49.0,135.22921752929688,-0.0285387505579101,1.7749798687852107,-3.313023094548857,-3.714364355028891,-1.9469960911591564,1.3387181280603,-0.5365483615525901,3.9792786322583633,-0.060478518589327,1.3261430919340529
95.0,49.0,135.251953125,-0.0285387505579101,1.773962304164084,-3.312315430468845,-3.714364355028891,-1.9469960911591564,1.3387181280603,-0.5365483612586162,3.9792786322583633,-0.060478518589327,1.326926853762184
95.0,49.0,135.2560272216797,-0.0291162076847731,1.773860626721389,-3.3131321984077324,-3.7085271770642616,-1.9449623832096503,1.3381734635366551,-0.5377303480822244,3.9797284917399938,-0.0462412526439837,1.3261637649257334
95.0,49.0,135.26113891601562,-0.0291162076847731,1.773860626721389,-3.313103868308912,-3.7085271770642616,-1.9449623832096503,1.3381734635366551,-0.5377520909746184,3.979611038799732,-0.0457137704771248,1.3261637649257334
95.0,49.0,135.2617645263672,-0.0301520811759708,1.773839172070776,-3.313103868308912,-3.7085271770642616,-1.9449623832096503,1.3381734635366551,-0.5365886662906075,3.979611038799732,-0.0457137704771248,1.3262180965217567
95.0,49.0,135.27235412597656,-0.0291162076847731,1.773860626721389,-3.3131321984077324,-3.7085271770642616,-1.9449623832096503,1.335386858174201,-0.5377303480822244,3.9797284917399938,-0.0462412526439837,1.3261624373593393
95.0,49.0,135.27304077148438,-0.0360365627796133,1.7738620695695029,-3.312325544323544,-3.714704801008232,-1.922512736185541,1.3383569170901235,-0.5366028108699706,3.979724082617508,-0.0461551018843528,1.3262278284008129
95.0,49.0,135.28550720214844,-0.0360027458166583,1.774057809589785,-3.31232635996176,-3.714704801008232,-1.922518508551916,1.3383569082121451,-0.5365483659811847,3.9797365357361714,-0.0461533498439025,1.326926062973361
95.0,49.0,135.28570556640625,-0.0360365627796133,1.7739625569116808,-3.312325544323544,-3.714704801008232,-1.922512736185541,1.3383569082121451,-0.5365483659811847,3.979724082617508,-0.0461533498439025,1.3269497380657602
95.0,49.0,135.2859344482422,-0.0305986231094651,1.7738568730731163,-3.313103868308912,-3.7085271770642616,-1.9449623832096503,1.3381734635366551,-0.5377336699089099,3.979611038799732,-0.043961794678275,1.3261637649257334
95.0,49.0,135.28598022460938,-0.0360027458166583,1.774057809589785,-3.312325544323544,-3.714704801008232,-1.922518508551916,1.3383569082121451,-0.5365483659811847,3.9797365357361714,-0.0461533498439025,1.3269497380657602
95.0,49.0,135.28750610351562,-0.0361072434826063,1.774057809589785,-3.3130713232413846,-3.715058147898854,-1.92278898535341,1.3383539811173568,-0.5365153708379119,3.9796701806917416,-0.0461534667599628,1.3270069043996593
95.0,49.0,135.2886505126953,-0.0361072434826063,1.774057809589785,-3.3130713232413846,-3.715058147898854,-1.922518508551916,1.3383569082121451,-0.5365483659811847,3.979724144336336,-0.0461534667599628,1.3269299231185243
95.0,49.0,135.2909393310547,-0.0357026775608659,1.7742554478701729,-3.312325544323544,-3.714704801008232,-1.921114889807893,1.3383569082121451,-0.5365483659811847,3.9797236585122855,-0.0461432131047793,1.3269497380657602
95.0,49.0,135.29263305664062,-0.0357956922862037,1.771344621569476,-3.3110768110443463,-3.714227405594817,-1.945505594513164,1.338174008496935,-0.5365487570318274,3.973630406913562,-0.0461781725774208,1.3253394454173877
95.0,49.0,135.29420471191406,-0.0261802672910231,1.7747036253311297,-3.312325544323544,-3.714704801008232,-1.9224217685086475,1.3383568071693883,-0.5366028108699706,3.979724082617508,-0.0462355427176114,1.326142714567236
95.0,49.0,135.29632568359375,-0.0359244360217614,1.7738620695695029,-3.3131065697789723,-3.715274439900999,-1.945274330154239,1.3381736521168837,-0.536595015859451,3.973790154665291,-0.0461551018843528,1.3255006071178637
95.0,49.0,135.2969512939453,-0.0357956922862037,1.771344621569476,-3.3110768110443463,-3.714227405594817,-1.945776071314658,1.3381710814021464,-0.5365157618885545,3.9735764432689673,-0.0461781725774208,1.3254164266985224
95.0,49.0,135.30001831054688,-0.0686735452506211,1.7712311211272085,-3.3790016977101778,-3.7145742695715818,-1.9224261586654936,1.338330751904976,-0.5377265771408518,3.9793044355205742,-0.0462356278202793,1.3260917245413946
95.0,49.0,135.32089233398438,-0.0657206161666712,1.7750013234358235,-3.310671141724622,-3.713946584153945,-1.9451895042448688,1.3386052727071285,-0.5377117862366011,3.977845399242922,-0.060833847435108,1.3277534730652203
95.0,50.0,133.81126403808594,-0.036001917084228,2.6667475770105145,-3.310718526010792,-3.704879756834909,-1.945194209298709,1.338170435854482,-0.5363969001955305,3.973556754792767,-0.0617352342435333,1.3254159493141824
95.0,50.0,133.82638549804688,-0.0291538397456154,2.6667475770105145,-3.310718526010792,-3.7048793974059273,-1.9451870354437588,1.3381759244751832,-0.5363969001955305,3.973556754792767,-0.0617352342435333,1.3255320182534729
95.0,50.0,133.932861328125,-0.0359083280216079,2.6667475770105145,-3.310718526010792,-3.7147310101446,-1.9231145460871724,1.3381759244751832,-0.5365510493611949,3.973556754792767,-0.0617352342435333,1.3255955218933502
95.0,50.0,134.04237365722656,-0.0292659665034673,2.6667475770105145,-3.3123087633503743,-3.70493263705596,-1.923044390909706,1.338357727979507,-0.5364046952060502,3.979490682744984,-0.0461432727089047,1.3262609970386363
95.0,50.0,134.07723999023438,-0.0291029842908997,2.6667475770105145,-3.313089788805803,-3.705502275948728,-1.945805984878404,1.3381744630062666,-0.5365200836771182,3.973556754792767,-0.0461432727089047,1.325533775755687
95.0,50.0,134.0778045654297,-0.0291538397456154,2.6667475770105145,-3.313089788805803,-3.705502275948728,-1.945805984878404,1.3381744630062666,-0.5363969001955305,3.973556754792767,-0.0461432727089047,1.325533775755687
95.0,50.0,134.29701232910156,-0.0291538397456154,2.6667475770105145,-3.310718526010792,-3.7048793974059273,-1.9451870354437588,1.3381758030965176,-0.5363923788827458,3.980093560985946,-0.046010149299588,1.327632971183848
95.0,50.0,134.3079071044922,-0.0291538397456154,2.6667475770105145,-3.3130929818308177,-3.7059922033195134,-1.945805984878404,1.3381744630062666,-0.5363921903690119,3.980134494123827,-0.0461432727089047,1.3275819847773909
95.0,50.0,134.31854248046875,-0.024409119661651,1.774706705798127,-3.3562437559685194,-3.706861042793728,-1.9457918672551453,1.3383507495903646,-0.536503900148343,3.977788944380241,-0.4647761677262717,1.330474376017927
95.0,50.0,134.50738525390625,-0.0667404707157267,1.7712368239917424,-3.3502043268027992,-3.7056513136370968,-1.9450965735685688,1.3353856317586048,-0.107691682448864,3.977789928166792,-0.0867987004694964,1.330423273049932
95.0,50.0,134.51060485839844,-0.0362397942767225,1.7712368239917424,-3.351295346885483,-3.7056513136370968,-1.9450965735685688,1.3385327000036766,-0.1141234792704898,3.977758301578288,-0.0872937896013353,1.330423273049932
95.0,50.0,134.51060485839844,-0.0362397942767225,1.7712368239917424,-3.351295346885483,-3.7056513136370968,-1.9450965735685688,1.3385327000036766,-0.1141234792704898,3.977758301578288,-0.0872937896013353,1.330423273049932
95.0,50.0,134.5147247314453,-0.0663544160153749,2.7084273455149126,-3.3123087633503743,-3.704943279253713,-1.9452509941432432,1.338374408638933,-0.5364046952060502,3.9794658626776815,-0.0461432727089047,1.3262609970386363
95.0,50.0,134.55072021484375,-0.0291538397456154,2.6667475770105145,-3.3130929818308177,-3.714027258606067,-1.945805984878404,1.3381744630062666,-0.5365361510788792,3.9797245900720704,-0.0461533221493673,1.3275819847773909
95.0,50.0,134.5695037841797,-0.0663014495861083,1.7712368239917424,-3.3502043268027992,-3.70560195851806,-1.9454082664669103,1.3353823140171708,-0.5377127485281674,3.977788944380241,-0.466836030967555,1.330423273049932
95.0,50.0,134.94387817382812,-0.0285387505579101,1.7749798687852107,-3.313034945467112,-3.705299857987551,-1.9472480651818729,1.3387181280603,-0.5365483615525901,3.9792786322583633,-0.060479277501295,1.3261430919340529
95.0,50.0,134.9540252685547,-0.0667406110660562,1.7713336260020789,-3.310671141724622,-3.705717873746323,-1.945194687953273,1.338174057309579,-0.5365940340245159,3.9735208937308193,-0.0607879124496194,1.3254785348487208
95.0,50.0,135.0076446533203,-0.0360365627796133,1.773898207083144,-3.312325544323544,-3.6515366981850086,-1.9438784014633552,1.3383569082121451,-0.5365139589667608,3.979724082617508,-0.0591983966149338,1.3269497380657602
95.0,50.0,135.00880432128906,-0.0357956922862037,1.7712738922518263,-3.3110768110443463,-3.7056208667912016,-1.9449883755350967,1.3381710814021464,-0.5364168449896798,3.9735764432689673,-0.0462409608524646,1.3254164266985224
95.0,50.0,135.00880432128906,-0.0357956922862037,1.7712738922518263,-3.3110768110443463,-3.7056208667912016,-1.9449883755350967,1.3381710814021464,-0.5364168449896798,3.9735764432689673,-0.0462409608524646,1.3254164266985224
95.0,50.0,135.0208740234375,-0.0357956922862037,1.771344621569476,-3.3110768110443463,-3.7056208667912016,-1.945776071314658,1.3381710814021464,-0.5363979969006084,3.9735764432689673,-0.0461781725774208,1.3254164266985224
95.0,50.0,135.04452514648438,-0.0358251141723476,1.771344621569476,-3.3131092641418425,-3.714227405594817,-1.945776071314658,1.338170409584862,-0.5365140212979009,3.9735764432689673,-0.0596150438808285,1.3254164266985224
95.0,50.0,135.05316162109375,-0.0264660174910812,1.7713324823614482,-3.3131052235571965,-3.714227405594817,-1.945776071314658,1.3381697065025968,-0.5365157618885545,3.9735764432689673,-0.0608393554194032,1.325416288466534
95.0,50.0,135.0675048828125,-0.0264660174910812,1.771344621569476,-3.3131052235571965,-3.714227405594817,-1.945776071314658,1.338170409584862,-0.5365157618885545,3.9735764432689673,-0.0596150438808285,1.3254164266985224
95.0,50.0,135.0675048828125,-0.0264660174910812,1.771344621569476,-3.3131052235571965,-3.714227405594817,-1.945776071314658,1.338170409584862,-0.5365157618885545,3.9735764432689673,-0.0596150438808285,1.3254164266985224
95.0,50.0,135.07662963867188,-0.0667406110660562,1.7749993117592984,-3.310671141724622,-3.70572696580421,-1.945194687953273,1.3386669311843375,-0.5365940340245159,3.977845490337888,-0.060833847435108,1.3278078046612434
95.0,50.0,135.07704162597656,-0.0667408382680363,1.7749994140122842,-3.310671141724622,-3.705731223384065,-1.9451893353760947,1.3386052727071285,-0.5365470797948692,3.977845399242922,-0.060833847435108,1.3278078046612434
95.0,50.0,135.0869140625,-0.0358312942391496,1.7738110558034927,-3.3131065697789723,-3.7152658076079663,-1.947041234069781,1.3381533926571625,-0.5365956865148344,3.973790154665291,-0.0604025037984431,1.3255000600886044
95.0,50.0,135.09881591796875,-0.0357956922862037,1.771344621569476,-3.3110768110443463,-3.7142954764591134,-1.922404433372932,1.3381710814021464,-0.5364521242701704,3.973368945866792,-0.0461781725774208,1.3254164266985224
95.0,50.0,135.1005859375,-0.0263326227470058,1.7747010029335928,-3.381464410765805,-3.714901979172864,-1.9224261586654936,1.3383502485416523,-0.5365178606157287,3.9778545154243456,-0.0462356278202793,1.3261757949483872
95.0,50.0,135.133544921875,-0.0262406970562304,1.7747010029335928,-3.381464410765805,-3.714511479961662,-1.9224339582414685,1.338367367415893,-0.5365177287610275,3.9793044355205742,-0.0465442113290306,1.3261428275093894
95.0,50.0,135.1383056640625,-0.0263421941965455,1.7747010029335928,-3.381464410765805,-3.714501645945647,-1.9224261586654936,1.3383502485416523,-0.5365177287610275,3.9793044355205742,-0.0462356278202793,1.3261428275093894
95.0,50.0,135.1383056640625,-0.0263421941965455,1.7747010029335928,-3.381464410765805,-3.714501645945647,-1.9224261586654936,1.3383502485416523,-0.5365177287610275,3.9793044355205742,-0.0462356278202793,1.3261428275093894
95.0,50.0,135.13868713378906,-0.0263930496512612,1.7747010029335928,-3.381464410765805,-3.714501645945647,-1.9224261586654936,1.3383502485416523,-0.5363945452794399,3.9793044355205742,-0.0462356278202793,1.3261428275093894
95.0,50.0,135.13998413085938,-0.0285421313898891,1.7749798687852107,-3.3130218078255784,-3.705654500709036,-1.923011448570108,1.3387181280603,-0.5364555718089394,3.979655536968404,-0.8053980859299876,1.3261430919340529
95.0,50.0,135.1405487060547,-0.0361072434826063,1.7713511315693238,-3.3803056365918187,-3.715058147898854,-1.9225281629960187,1.3383291951102956,-0.5376853334606917,3.979724144336336,-0.0462325655266097,1.326088515043418
95.0,50.0,135.1443634033203,-0.0357956922862037,1.7750103073266956,-3.3110768110443463,-3.705629958849089,-1.945776071314658,1.3386639552769048,-0.5363979969006084,3.977901039876037,-0.0462241075629094,1.327745696511045
95.0,50.0,135.16415405273438,-0.0360365627796133,1.7712534700738598,-3.349906367270512,-3.705614609541523,-1.9437502549187928,1.3383569170901235,-0.1302432892310605,3.979552093346261,-0.0867619988019016,1.3262111295341992
95.0,50.0,135.1818389892578,-0.0667408382680363,1.77499641055293,-3.310624893400246,-3.705731223384065,-1.9451893353760947,1.3386009484210366,-0.536547033378462,3.980286823119617,-0.0595877830832799,1.3278078046612434
95.0,50.0,135.19956970214844,-0.0266472786752683,1.774057809589785,-3.313167889813953,-3.718262092969536,-1.922518508551916,1.3382658960475222,-0.5365483659811847,3.9797365357361714,-0.0595902211473102,1.3275815895135454
95.0,50.0,135.21571350097656,-0.0668252269123464,1.7713448471499882,-3.3110768110443463,-3.7056208667912016,-1.945776607681888,1.3354155680503088,-0.5363979969006084,3.973541623993991,-0.0461781725774208,1.3254164266985224
95.0,50.0,135.22445678710938,-0.0285387505579101,1.7749798687852107,-3.313438886862541,-3.714364355028891,-1.9469960911591564,1.3387181280603,-0.5365483615525901,3.9792786322583633,-0.060479277501295,1.3261430919340529
95.0,50.0,135.22921752929688,-0.0285387505579101,1.7749798687852107,-3.313023094548857,-3.714364355028891,-1.9469960911591564,1.3387181280603,-0.5365483615525901,3.9792786322583633,-0.060478518589327,1.3261430919340529
95.0,50.0,135.22921752929688,-0.0285387505579101,1.7749798687852107,-3.313023094548857,-3.714364355028891,-1.9469960911591564,1.3387181280603,-0.5365483615525901,3.9792786322583633,-0.060478518589327,1.3261430919340529
95.0,50.0,135.24151611328125,-0.0285387505579101,1.7749798687852107,-3.313438886862541,-3.7143642226696607,-1.922413668861792,1.3387658001983278,-0.5365483615525901,3.9792786322583633,-0.0462374951771811,1.3261430919340529
95.0,50.0,135.25088500976562,-0.0357956922862037,1.7712730340180065,-3.3110768110443463,-3.70565275376576,-1.9449883755350967,1.3381710814021464,-0.5475556335103329,3.973378622407438,-0.0819813458050603,1.3307339621880503
95.0,50.0,135.251953125,-0.0285387505579101,1.773962304164084,-3.312315430468845,-3.714364355028891,-1.9469960911591564,1.3387181280603,-0.5365483612586162,3.9792786322583633,-0.060478518589327,1.326926853762184
95.0,50.0,135.251953125,-0.0285387505579101,1.773962304164084,-3.312315430468845,-3.714364355028891,-1.9469960911591564,1.3387181280603,-0.5365483612586162,3.9792786322583633,-0.060478518589327,1.326926853762184
95.0,50.0,135.2560272216797,-0.0291162076847731,1.773860626721389,-3.3131321984077324,-3.7085271770642616,-1.9449623832096503,1.3381734635366551,-0.5377303480822244,3.9797284917399938,-0.0462412526439837,1.3261637649257334
95.0,50.0,135.26113891601562,-0.0291162076847731,1.773860626721389,-3.313103868308912,-3.7085271770642616,-1.9449623832096503,1.3381734635366551,-0.5377520909746184,3.979611038799732,-0.0457137704771248,1.3261637649257334
95.0,51.0,133.81126403808594,-0.036001917084228,2.6667475770105145,-3.310718526010792,-3.704879756834909,-1.945194209298709,1.338170435854482,-0.5363969001955305,3.973556754792767,-0.0617352342435333,1.3254159493141824
95.0,51.0,133.81936645507812,-0.036063112128747,2.6667475770105145,-3.310718526010792,-3.704879756834909,-1.9458065966171327,1.3381704077384162,-0.536532712919189,3.973556754792767,-0.0617352342435333,1.3254159493141824
95.0,51.0,133.82638549804688,-0.0291538397456154,2.6667475770105145,-3.310718526010792,-3.7048793974059273,-1.9451870354437588,1.3381759244751832,-0.5363969001955305,3.973556754792767,-0.0617352342435333,1.3255320182534729
95.0,51.0,133.87730407714844,-0.0663544160153749,2.7084273455149126,-3.31252741263116,-3.704943279253713,-1.945093442957294,1.3383761546053752,-0.1180436163721004,3.9777113112932967,-0.0455047308952986,1.3308871665691988
95.0,51.0,133.88827514648438,-0.0361208118451684,2.6667475770105145,-3.310718526010792,-3.7048793974059273,-1.9451870354437588,1.3385220439087135,-0.5363969001955305,3.973556754792767,-0.0617352342435333,1.3302936142403292
95.0,51.0,133.932861328125,-0.0359083280216079,2.6667475770105145,-3.310718526010792,-3.7147310101446,-1.9231145460871724,1.3381759244751832,-0.5365510493611949,3.973556754792767,-0.0617352342435333,1.3255955218933502
95.0,51.0,133.97731018066406,-0.0662033603054183,2.6667475770105145,-3.3106705115151414,-3.704719637464153,-1.945194688937898,1.338174052470682,-0.5363969001955305,3.973556754792767,-0.0617352342435333,1.3254159493141824
95.0,51.0,134.04237365722656,-0.0292659665034673,2.6667475770105145,-3.3123087633503743,-3.70493263705596,-1.923044390909706,1.338357727979507,-0.5364046952060502,3.979490682744984,-0.0461432727089047,1.3262609970386363
95.0,51.0,134.07723999023438,-0.0291029842908997,2.6667475770105145,-3.313089788805803,-3.705502275948728,-1.945805984878404,1.3381744630062666,-0.5365200836771182,3.973556754792767,-0.0461432727089047,1.325533775755687
95.0,51.0,134.07723999023438,-0.0291029842908997,2.6667475770105145,-3.313089788805803,-3.705502275948728,-1.945805984878404,1.3381744630062666,-0.5365200836771182,3.973556754792767,-0.0461432727089047,1.325533775755687
95.0,51.0,134.0778045654297,-0.0291538397456154,2.6667475770105145,-3.313089788805803,-3.705502275948728,-1.945805984878404,1.3381744630062666,-0.5363969001955305,3.973556754792767,-0.0461432727089047,1.325533775755687
95.0,51.0,134.0778045654297,-0.0291538397456154,2.6667475770105145,-3.313089788805803,-3.705502275948728,-1.945805984878404,1.3381744630062666,-0.5363969001955305,3.973556754792767,-0.0461432727089047,1.325533775755687
95.0,51.0,134.29701232910156,-0.0291538397456154,2.6667475770105145,-3.310718526010792,-3.7048793974059273,-1.9451870354437588,1.3381758030965176,-0.5363923788827458,3.980093560985946,-0.046010149299588,1.327632971183848
95.0,51.0,134.29701232910156,-0.0291538397456154,2.6667475770105145,-3.310718526010792,-3.7048793974059273,-1.9451870354437588,1.3381758030965176,-0.5363923788827458,3.980093560985946,-0.046010149299588,1.327632971183848
95.0,51.0,134.3079071044922,-0.0291538397456154,2.6667475770105145,-3.3130929818308177,-3.7059922033195134,-1.945805984878404,1.3381744630062666,-0.5363921903690119,3.980134494123827,-0.0461432727089047,1.3275819847773909
95.0,51.0,134.31854248046875,-0.024409119661651,1.774706705798127,-3.3562437559685194,-3.706861042793728,-1.9457918672551453,1.3383507495903646,-0.536503900148343,3.977788944380241,-0.4647761677262717,1.330474376017927
95.0,51.0,134.3532257080078,-0.0359083280216079,2.667436290744594,-3.310718526010792,-4.365238701280295,-1.9231145460871724,1.3381759062280203,-0.5365147766387763,3.973575829663829,-0.0617352342435333,1.3255955218933502
95.0,51.0,134.48973083496094,-0.0654576053055904,1.7712368239917424,-3.3502043268027992,-3.7056513136370968,-1.9450965735685688,1.3351976106470895,-0.107691682448864,3.977789928166792,-0.0867987004694964,1.330423273049932
95.0,51.0,134.50738525390625,-0.0667404707157267,1.7712368239917424,-3.3502043268027992,-3.7056513136370968,-1.9450965735685688,1.3353856317586048,-0.107691682448864,3.977789928166792,-0.0867987004694964,1.330423273049932
95.0,51.0,134.51060485839844,-0.0362397942767225,1.7712368239917424,-3.351295346885483,-3.7056513136370968,-1.9450965735685688,1.3385327000036766,-0.1141234792704898,3.977758301578288,-0.0872937896013353,1.330423273049932
95.0,51.0,134.51060485839844,-0.0362397942767225,1.7712368239917424,-3.351295346885483,-3.7056513136370968,-1.9450965735685688,1.3385327000036766,-0.1141234792704898,3.977758301578288,-0.0872937896013353,1.330423273049932
95.0,51.0,134.5147247314453,-0.0663544160153749,2.7084273455149126,-3.3123087633503743,-3.704943279253713,-1.9452509941432432,1.338374408638933,-0.5364046952060502,3.9794658626776815,-0.0461432727089047,1.3262609970386363
95.0,51.0,134.55072021484375,-0.0291538397456154,2.6667475770105145,-3.3130929818308177,-3.714027258606067,-1.945805984878404,1.3381744630062666,-0.5365361510788792,3.9797245900720704,-0.0461533221493673,1.3275819847773909
95.0,51.0,134.5695037841797,-0.0663014495861083,1.7712368239917424,-3.3502043268027992,-3.70560195851806,-1.9454082664669103,1.3353823140171708,-0.5377127485281674,3.977788944380241,-0.466836030967555,1.330423273049932
95.0,51.0,134.7936248779297,-0.0266519514372103,1.774057809589785,-3.313167889813953,-3.706110145764031,-1.9234497549007183,1.3382658960475222,-0.5365483659811847,3.9797365357361714,-0.0595902211473102,1.3275815895135454
95.0,51.0,134.9091033935547,-0.0290926447010965,2.6667475770105145,-3.3130929818308177,-3.714027258606067,-1.94519359755998,1.3381744911223326,-0.5364003383552207,3.9797245900720704,-0.0188335557406174,1.3275819847773909
95.0,51.0,134.91513061523438,-0.0281982308500073,1.7749994140122842,-3.310671141724622,-3.705731223384065,-1.9451893353760947,1.338713043497004,-0.5365470920133605,3.977845399242922,-0.060833847435108,1.3278701776052042
95.0,51.0,134.94387817382812,-0.0285387505579101,1.7749798687852107,-3.313034945467112,-3.705299857987551,-1.9472480651818729,1.3387181280603,-0.5365483615525901,3.9792786322583633,-0.060479277501295,1.3261430919340529
95.0,51.0,134.9540252685547,-0.0667406110660562,1.7713336260020789,-3.310671141724622,-3.705717873746323,-1.945194687953273,1.338174057309579,-0.5365940340245159,3.9735208937308193,-0.0607879124496194,1.3254785348487208
95.0,51.0,134.985595703125,-0.0359281864157207,1.7712738922518263,-3.31304664097796,-3.7056245776575474,-1.9449883755350967,1.3381423290872552,-0.5365502828525988,3.9735764432689673,-0.0462409608524646,1.3254367559116589
95.0,51.0,134.9939422607422,-0.0693177193901995,1.7749831285617343,-3.313248006485709,-3.705781973487143,-1.9451859690706563,1.338170409584862,-0.5365140212979009,3.9733848634605655,-0.0596151115580535,1.327795043393445
95.0,51.0,135.0076446533203,-0.0360365627796133,1.773898207083144,-3.312325544323544,-3.6515366981850086,-1.9438784014633552,1.3383569082121451,-0.5365139589667608,3.979724082617508,-0.0591983966149338,1.3269497380657602
95.0,51.0,135.00880432128906,-0.0357956922862037,1.7712738922518263,-3.3110768110443463,-3.7056208667912016,-1.9449883755350967,1.3381710814021464,-0.5364168449896798,3.9735764432689673,-0.0462409608524646,1.3254164266985224
95.0,51.0,135.00880432128906,-0.0357956922862037,1.7712738922518263,-3.3110768110443463,-3.7056208667912016,-1.9449883755350967,1.3381710814021464,-0.5364168449896798,3.9735764432689673,-0.0462409608524646,1.3254164266985224
95.0,51.0,135.0208740234375,-0.0357956922862037,1.771344621569476,-3.3110768110443463,-3.7056208667912016,-1.945776071314658,1.3381710814021464,-0.5363979969006084,3.9735764432689673,-0.0461781725774208,1.3254164266985224
95.0,51.0,135.04452514648438,-0.0358251141723476,1.771344621569476,-3.3131092641418425,-3.714227405594817,-1.945776071314658,1.338170409584862,-0.5365140212979009,3.9735764432689673,-0.0596150438808285,1.3254164266985224
95.0,51.0,135.05316162109375,-0.0264660174910812,1.7713324823614482,-3.3131052235571965,-3.714227405594817,-1.945776071314658,1.3381697065025968,-0.5365157618885545,3.9735764432689673,-0.0608393554194032,1.325416288466534
95.0,51.0,135.0675048828125,-0.0264660174910812,1.771344621569476,-3.3131052235571965,-3.714227405594817,-1.945776071314658,1.338170409584862,-0.5365157618885545,3.9735764432689673,-0.0596150438808285,1.3254164266985224
95.0,51.0,135.0675048828125,-0.0264660174910812,1.771344621569476,-3.3131052235571965,-3.714227405594817,-1.945776071314658,1.338170409584862,-0.5365157618885545,3.9735764432689673,-0.0596150438808285,1.3254164266985224
95.0,51.0,135.07662963867188,-0.0667406110660562,1.7749993117592984,-3.310671141724622,-3.70572696580421,-1.945194687953273,1.3386669311843375,-0.5365940340245159,3.977845490337888,-0.060833847435108,1.3278078046612434
95.0,51.0,135.07704162597656,-0.0667408382680363,1.7749994140122842,-3.310671141724622,-3.705731223384065,-1.9451893353760947,1.3386052727071285,-0.5365470797948692,3.977845399242922,-0.060833847435108,1.3278078046612434
95.0,51.0,135.0869140625,-0.0358312942391496,1.7738110558034927,-3.3131065697789723,-3.7152658076079663,-1.947041234069781,1.3381533926571625,-0.5365956865148344,3.973790154665291,-0.0604025037984431,1.3255000600886044
95.0,51.0,135.09881591796875,-0.0357956922862037,1.771344621569476,-3.3110768110443463,-3.7142954764591134,-1.922404433372932,1.3381710814021464,-0.5364521242701704,3.973368945866792,-0.0461781725774208,1.3254164266985224
95.0,51.0,135.1005859375,-0.0263326227470058,1.7747010029335928,-3.381464410765805,-3.714901979172864,-1.9224261586654936,1.3383502485416523,-0.5365178606157287,3.9778545154243456,-0.0462356278202793,1.3261757949483872
95.0,51.0,135.11155700683594,-0.0670813579759392,1.7749798687852107,-3.313034945467112,-3.705299857987551,-1.9472480651818729,1.3386103572704244,-0.5365483493340989,3.9792786322583633,-0.060479277501295,1.3260807189900916
95.0,51.0,135.133544921875,-0.0262406970562304,1.7747010029335928,-3.381464410765805,-3.714511479961662,-1.9224339582414685,1.338367367415893,-0.5365177287610275,3.9793044355205742,-0.0465442113290306,1.3261428275093894
95.0,51.0,135.1383056640625,-0.0263421941965455,1.7747010029335928,-3.381464410765805,-3.714501645945647,-1.9224261586654936,1.3383502485416523,-0.5365177287610275,3.9793044355205742,-0.0462356278202793,1.3261428275093894
95.0,51.0,135.1383056640625,-0.0263421941965455,1.7747010029335928,-3.381464410765805,-3.714501645945647,-1.9224261586654936,1.3383502485416523,-0.5365177287610275,3.9793044355205742,-0.0462356278202793,1.3261428275093894
95.0,51.0,135.13868713378906,-0.0263930496512612,1.7747010029335928,-3.381464410765805,-3.714501645945647,-1.9224261586654936,1.3383502485416523,-0.5363945452794399,3.9793044355205742,-0.0462356278202793,1.3261428275093894
95.0,51.0,135.13998413085938,-0.0285421313898891,1.7749798687852107,-3.3130218078255784,-3.705654500709036,-1.923011448570108,1.3387181280603,-0.5364555718089394,3.979655536968404,-0.8053980859299876,1.3261430919340529
95.0,52.0,132.9945526123047,-0.0354419779219343,2.6667475770105145,-3.3113230826170965,-3.7048793974059273,-1.94509038166125,1.3384924916959202,-0.0874746395399602,3.973556754792767,-0.0617352342435333,1.3302936142403292
95.0,52.0,133.1253204345703,-0.0291541191036022,2.6667475770105145,-3.3130049013313023,-3.7055052127699217,-1.9451870354437588,1.338174475900935,-0.5363969001955305,3.973556754792767,-0.4285261692882696,1.3255320182534729
95.0,52.0,133.49916076660156,-0.0295891852290041,2.6613440528568684,-3.315078408311606,-3.7056513136370968,-1.9450965735685688,1.3385344228104792,-0.1090841916859041,3.980153060767675,-0.0431706774589442,1.330423273049932
95.0,52.0,133.81126403808594,-0.036001917084228,2.6667475770105145,-3.310718526010792,-3.704879756834909,-1.945194209298709,1.338170435854482,-0.5363969001955305,3.973556754792767,-0.0617352342435333,1.3254159493141824
95.0,52.0,133.81936645507812,-0.036063112128747,2.6667475770105145,-3.310718526010792,-3.704879756834909,-1.9458065966171327,1.3381704077384162,-0.536532712919189,3.973556754792767,-0.0617352342435333,1.3254159493141824
95.0,52.0,133.82638549804688,-0.0291538397456154,2.6667475770105145,-3.310718526010792,-3.7048793974059273,-1.9451870354437588,1.3381759244751832,-0.5363969001955305,3.973556754792767,-0.0617352342435333,1.3255320182534729
95.0,52.0,133.84678649902344,-0.0284053539609936,2.6667475770105145,-3.310628465455294,-3.704879756834909,-1.9458065966171327,1.3381704077384162,-0.5365325401437455,3.973556754792767,-0.0606468807120131,1.3254159493141824
95.0,52.0,133.87730407714844,-0.0663544160153749,2.7084273455149126,-3.31252741263116,-3.704943279253713,-1.945093442957294,1.3383761546053752,-0.1180436163721004,3.9777113112932967,-0.0455047308952986,1.3308871665691988
95.0,52.0,133.88827514648438,-0.0361208118451684,2.6667475770105145,-3.310718526010792,-3.7048793974059273,-1.9451870354437588,1.3385220439087135,-0.5363969001955305,3.973556754792767,-0.0617352342435333,1.3302936142403292
95.0,52.0,133.8952178955078,-0.0361208118451684,2.6667475770105145,-3.3105688633653805,-3.704893054725285,-1.945191202905428,1.3385220439087135,-0.5363969001955305,3.973556754792767,-0.0612556614382745,1.3302936142403292
95.0,52.0,133.932861328125,-0.0359083280216079,2.6667475770105145,-3.310718526010792,-3.7147310101446,-1.9231145460871724,1.3381759244751832,-0.5365510493611949,3.973556754792767,-0.0617352342435333,1.3255955218933502
95.0,52.0,133.9329833984375,-0.0359083280216079,2.6667475770105145,-3.310718526010792,-3.7147310101446,-1.9231145460871724,1.3381761711642313,-0.5365503071704213,3.973575479623418,-0.0617352342435333,1.3255955218933502
95.0,52.0,133.97731018066406,-0.0662033603054183,2.6667475770105145,-3.3106705115151414,-3.704719637464153,-1.945194688937898,1.338174052470682,-0.5363969001955305,3.973556754792767,-0.0617352342435333,1.3254159493141824
95.0,52.0,134.0204620361328,-0.0667404707157267,2.728532691939348,-3.351100046453068,-3.7056513136370968,-1.9450965735685688,1.3352316323084854,-0.107691682448864,3.977789928166792,-0.0867987004694964,1.3266449774434577
95.0,52.0,134.04237365722656,-0.0292659665034673,2.6667475770105145,-3.3123087633503743,-3.70493263705596,-1.923044390909706,1.338357727979507,-0.5364046952060502,3.979490682744984,-0.0461432727089047,1.3262609970386363
95.0,52.0,134.07723999023438,-0.0291029842908997,2.6667475770105145,-3.313089788805803,-3.705502275948728,-1.945805984878404,1.3381744630062666,-0.5365200836771182,3.973556754792767,-0.0461432727089047,1.325533775755687
95.0,52.0,134.07723999023438,-0.0291029842908997,2.6667475770105145,-3.313089788805803,-3.705502275948728,-1.945805984878404,1.3381744630062666,-0.5365200836771182,3.973556754792767,-0.0461432727089047,1.325533775755687
95.0,52.0,134.0778045654297,-0.0291538397456154,2.6667475770105145,-3.313089788805803,-3.705502275948728,-1.945805984878404,1.3381744630062666,-0.5363969001955305,3.973556754792767,-0.0461432727089047,1.325533775755687
95.0,52.0,134.0778045654297,-0.0291538397456154,2.6667475770105145,-3.313089788805803,-3.705502275948728,-1.945805984878404,1.3381744630062666,-0.5363969001955305,3.973556754792767,-0.0461432727089047,1.325533775755687
95.0,52.0,134.0778045654297,-0.0291538397456154,2.6667475770105145,-3.313089788805803,-3.705502275948728,-1.945805984878404,1.3381744630062666,-0.5363969001955305,3.973556754792767,-0.0461432727089047,1.325533775755687
95.0,52.0,134.0778045654297,-0.0291538397456154,2.6667475770105145,-3.313089788805803,-3.705502275948728,-1.945805984878404,1.3381744630062666,-0.5363969001955305,3.973556754792767,-0.0461432727089047,1.325533775755687
95.0,52.0,134.22984313964844,-0.0291029842908997,2.6667475770105145,-3.313096985940691,-3.705496365557587,-1.945805984878404,1.3381744630062666,-0.5365200836771182,3.979094687547452,-0.0461432727089047,1.325533775755687
95.0,52.0,134.23695373535156,-0.0291029842908997,2.6667475770105145,-3.313239451451214,-3.7054886186293694,-1.8995443820197893,1.3381744630062666,-0.5365200836771182,3.973556754792767,-0.0466228455141636,1.325533775755687
95.0,52.0,134.29701232910156,-0.0291538397456154,2.6667475770105145,-3.310718526010792,-3.7048793974059273,-1.9451870354437588,1.3381758030965176,-0.5363923788827458,3.980093560985946,-0.046010149299588,1.327632971183848
95.0,52.0,134.29701232910156,-0.0291538397456154,2.6667475770105145,-3.310718526010792,-3.7048793974059273,-1.9451870354437588,1.3381758030965176,-0.5363923788827458,3.980093560985946,-0.046010149299588,1.327632971183848
95.0,52.0,134.29702758789062,-0.0291538397456154,2.6667475770105145,-3.310717167529584,-3.7048793974059273,-1.9451870354437588,1.3381758030965176,-0.5363923788827458,3.980093560985946,-0.046010149299588,1.327632971183848
95.0,52.0,134.30471801757812,-0.0291538397456154,2.6667475770105145,-3.3106891137229795,-3.70465734250213,-1.945805984878404,1.3381758163946558,-0.5363905365012829,3.9801588172195457,-0.0458856088933327,1.3275819847773909
95.0,52.0,134.3079071044922,-0.0291538397456154,2.6667475770105145,-3.3130929818308177,-3.7059922033195134,-1.945805984878404,1.3381744630062666,-0.5363921903690119,3.980134494123827,-0.0461432727089047,1.3275819847773909
95.0,52.0,134.31854248046875,-0.024409119661651,1.774706705798127,-3.3562437559685194,-3.706861042793728,-1.9457918672551453,1.3383507495903646,-0.536503900148343,3.977788944380241,-0.4647761677262717,1.330474376017927
95.0,52.0,134.35198974609375,-0.0359083280216079,2.667460318705659,-3.310809212737105,-4.365238701280295,-1.9230447195586124,1.3383537939012125,-0.5364116769599531,3.973575829663829,-0.0617352342435333,1.3255955218933502
95.0,52.0,134.3532257080078,-0.0359083280216079,2.667436290744594,-3.310718526010792,-4.365238701280295,-1.9231145460871724,1.3381759062280203,-0.5365147766387763,3.973575829663829,-0.0617352342435333,1.3255955218933502
95.0,52.0,134.453125,-0.0362397942767225,1.7712368239917424,-3.351295346885483,-3.7056513136370968,-1.9450965735685688,1.3385327000036766,-0.1141234792704898,3.977758301578288,-0.0872937896013353,1.3278094735408614
95.0,52.0,134.48973083496094,-0.0654576053055904,1.7712368239917424,-3.3502043268027992,-3.7056513136370968,-1.9450965735685688,1.3351976106470895,-0.107691682448864,3.977789928166792,-0.0867987004694964,1.330423273049932
95.0,52.0,134.50738525390625,-0.0667404707157267,1.7712368239917424,-3.3502043268027992,-3.7056513136370968,-1.9450965735685688,1.3353856317586048,-0.107691682448864,3.977789928166792,-0.0867987004694964,1.330423273049932
95.0,52.0,134.51060485839844,-0.0362397942767225,1.7712368239917424,-3.351295346885483,-3.7056513136370968,-1.9450965735685688,1.3385327000036766,-0.1141234792704898,3.977758301578288,-0.0872937896013353,1.330423273049932
95.0,52.0,134.51060485839844,-0.0362397942767225,1.7712368239917424,-3.351295346885483,-3.7056513136370968,-1.9450965735685688,1.3385327000036766,-0.1141234792704898,3.977758301578288,-0.0872937896013353,1.330423273049932
95.0,52.0,134.5147247314453,-0.0663544160153749,2.7084273455149126,-3.3123087633503743,-3.704943279253713,-1.9452509941432432,1.338374408638933,-0.5364046952060502,3.9794658626776815,-0.0461432727089047,1.3262609970386363
95.0,52.0,134.55072021484375,-0.0291538397456154,2.6667475770105145,-3.3130929818308177,-3.714027258606067,-1.945805984878404,1.3381744630062666,-0.5365361510788792,3.9797245900720704,-0.0461533221493673,1.3275819847773909
95.0,52.0,134.5695037841797,-0.0663014495861083,1.7712368239917424,-3.3502043268027992,-3.70560195851806,-1.9454082664669103,1.3353823140171708,-0.5377127485281674,3.977788944380241,-0.466836030967555,1.330423273049932
95.0,52.0,134.63426208496094,-0.0291538397456154,2.6667475770105145,-3.310718526010792,-3.704942502408868,-1.9451929815021247,1.338172028586681,-0.5213976628029804,3.980093560985946,-0.0460117844507927,1.3277158389908796
95.0,52.0,134.7545623779297,-0.0357956922862037,1.771344621569476,-3.3110768110443463,-3.673678923717533,-1.945776071314658,1.3381710814021464,-0.5363979969006084,3.9735764432689673,-0.0461781725774208,1.3254164266985224
95.0,52.0,134.7936248779297,-0.0266519514372103,1.774057809589785,-3.313167889813953,-3.706110145764031,-1.9234497549007183,1.3382658960475222,-0.5365483659811847,3.9797365357361714,-0.0595902211473102,1.3275815895135454
95.0,52.0,134.9091033935547,-0.0290926447010965,2.6667475770105145,-3.3130929818308177,-3.714027258606067,-1.94519359755998,1.3381744911223326,-0.5364003383552207,3.9797245900720704,-0.0188335557406174,1.3275819847773909
95.0,52.0,134.91513061523438,-0.0281982308500073,1.7749994140122842,-3.310671141724622,-3.705731223384065,-1.9451893353760947,1.338713043497004,-0.5365470920133605,3.977845399242922,-0.060833847435108,1.3278701776052042
95.0,52.0,134.91624450683594,-0.0361965087256635,1.7749798687852107,-3.3131250060226085,-3.705299857987551,-1.9472480651818729,1.3387181280603,-0.5365485343280336,3.9792786322583633,-0.0615676310328152,1.3261430919340529
95.0,52.0,134.94387817382812,-0.0285387505579101,1.7749798687852107,-3.313034945467112,-3.705299857987551,-1.9472480651818729,1.3387181280603,-0.5365483615525901,3.9792786322583633,-0.060479277501295,1.3261430919340529
95.0,52.0,134.9461212158203,-0.026635669531898,1.7964379439446077,-3.313089788805803,-3.705502275948728,-1.922720625322982,1.3381744630062666,-0.5365477238490378,3.973556754792767,-0.0461432727089047,1.325533775755687
95.0,52.0,134.9540252685547,-0.0667406110660562,1.7713336260020789,-3.310671141724622,-3.705717873746323,-1.945194687953273,1.338174057309579,-0.5365940340245159,3.9735208937308193,-0.0607879124496194,1.3254785348487208
95.0,52.0,134.9854736328125,-0.0359281864157207,1.7712738922518263,-3.31304664097796,-3.7056245776575474,-1.9449883755350967,1.338142082398207,-0.5365510250433724,3.973557718438316,-0.0462409608524646,1.3254367559116589
95.0,52.0,134.985595703125,-0.0359281864157207,1.7712738922518263,-3.31304664097796,-3.7056245776575474,-1.9449883755350967,1.3381423290872552,-0.5365502828525988,3.9735764432689673,-0.0462409608524646,1.3254367559116589
95.0,53.0,132.9945526123047,-0.0354419779219343,2.6667475770105145,-3.3113230826170965,-3.7048793974059273,-1.94509038166125,1.3384924916959202,-0.0874746395399602,3.973556754792767,-0.0617352342435333,1.3302936142403292
95.0,53.0,132.99484252929688,-0.0354419779219343,2.6667475770105145,-3.31129049563894,-3.704875753835415,-1.94509038166125,1.3384924916959202,-0.0874746395399602,3.973556754792767,-0.0617352342435333,1.3302936142403292
95.0,53.0,133.1253204345703,-0.0291541191036022,2.6667475770105145,-3.3130049013313023,-3.7055052127699217,-1.9451870354437588,1.338174475900935,-0.5363969001955305,3.973556754792767,-0.4285261692882696,1.3255320182534729
95.0,53.0,133.31626892089844,-0.0295891852290041,2.666582075823825,-3.310735664033483,-3.7056513136370968,-1.9240120303258927,1.3385344228104792,-0.1057793487534559,3.980025279153008,-0.0425573746237494,1.3317430062207252
95.0,53.0,133.36721801757812,-0.0667404707157267,2.667150231104305,-3.351328454908155,-3.704762402646217,-1.9451897692375624,1.3352316323084854,-0.107691682448864,3.973314227050834,-0.0867987004694964,1.3266449774434577
95.0,53.0,133.49916076660156,-0.0295891852290041,2.6613440528568684,-3.315078408311606,-3.7056513136370968,-1.9450965735685688,1.3385344228104792,-0.1090841916859041,3.980153060767675,-0.0431706774589442,1.330423273049932
95.0,53.0,133.52975463867188,-0.0643142706255373,2.731047035940916,-3.3517784432937345,-3.705675163567773,-1.94509038166125,1.3384473701950388,-0.0882159591174938,3.977760680730988,-0.06128822390615,1.3304172300812511
95.0,53.0,133.59837341308594,-0.0663544160153749,2.7084273455149126,-3.348221269176602,-3.704943279253713,-1.945093442957294,1.3383815531333223,-0.1180356663124858,3.97771092573892,-0.0455047308952986,1.3308871665691988
95.0,53.0,133.62330627441406,-0.0291558813534566,2.6667475770105145,-3.3130929818308177,-3.714239761188722,-1.94519359755998,1.3381744911223326,-0.5364004191437177,3.97318767010252,-0.4624167791232589,1.3275819847773909
95.0,53.0,133.81126403808594,-0.036001917084228,2.6667475770105145,-3.310718526010792,-3.704879756834909,-1.945194209298709,1.338170435854482,-0.5363969001955305,3.973556754792767,-0.0617352342435333,1.3254159493141824
95.0,53.0,133.81936645507812,-0.036063112128747,2.6667475770105145,-3.310718526010792,-3.704879756834909,-1.9458065966171327,1.3381704077384162,-0.536532712919189,3.973556754792767,-0.0617352342435333,1.3254159493141824
95.0,53.0,133.82638549804688,-0.0291538397456154,2.6667475770105145,-3.310718526010792,-3.7048793974059273,-1.9451870354437588,1.3381759244751832,-0.5363969001955305,3.973556754792767,-0.0617352342435333,1.3255320182534729
95.0,53.0,133.84678649902344,-0.0284053539609936,2.6667475770105145,-3.310628465455294,-3.704879756834909,-1.9458065966171327,1.3381704077384162,-0.5365325401437455,3.973556754792767,-0.0606468807120131,1.3254159493141824
95.0,53.0,133.8636474609375,-0.036063112128747,2.667392294054636,-3.310714592532989,-3.704879756834909,-1.948279361879297,1.3381714914509613,-0.536532957200727,3.973576313994185,-0.0617352342435333,1.3254159493141824
95.0,53.0,133.87269592285156,-0.0292659665034673,2.6667475770105145,-3.3123087633503743,-3.70493263705596,-1.9231170805241449,1.338357727979507,-0.5364057562405784,3.973304302437033,-0.0461432727089047,1.3262609970386363
95.0,53.0,133.87730407714844,-0.0663544160153749,2.7084273455149126,-3.31252741263116,-3.704943279253713,-1.945093442957294,1.3383761546053752,-0.1180436163721004,3.9777113112932967,-0.0455047308952986,1.3308871665691988
95.0,53.0,133.88429260253906,-0.0345937257708675,2.6667475770105145,-3.310670342747412,-3.7048793974059273,-1.9451868697855408,1.3385267947319692,-0.5363969001955305,3.973556754792767,-0.0617352342435333,1.3301380157783065
95.0,53.0,133.88827514648438,-0.0361208118451684,2.6667475770105145,-3.310718526010792,-3.7048793974059273,-1.9451870354437588,1.3385220439087135,-0.5363969001955305,3.973556754792767,-0.0617352342435333,1.3302936142403292
95.0,53.0,133.8952178955078,-0.0361208118451684,2.6667475770105145,-3.3105688633653805,-3.704893054725285,-1.945191202905428,1.3385220439087135,-0.5363969001955305,3.973556754792767,-0.0612556614382745,1.3302936142403292
95.0,53.0,133.9071807861328,-0.0291541191036022,2.6667475770105145,-3.310798381814837,-3.7055052127699217,-1.9451869294516044,1.3381747051308597,-0.5363969001955305,3.973556754792767,-0.0567186296821389,1.3255328653624188
95.0,53.0,133.932861328125,-0.0359083280216079,2.6667475770105145,-3.310718526010792,-3.7147310101446,-1.9231145460871724,1.3381759244751832,-0.5365510493611949,3.973556754792767,-0.0617352342435333,1.3255955218933502
95.0,53.0,133.9329833984375,-0.0359083280216079,2.6667475770105145,-3.310718526010792,-3.7147310101446,-1.9231145460871724,1.3381761711642313,-0.5365503071704213,3.973575479623418,-0.0617352342435333,1.3255955218933502
95.0,53.0,133.97731018066406,-0.0662033603054183,2.6667475770105145,-3.3106705115151414,-3.704719637464153,-1.945194688937898,1.338174052470682,-0.5363969001955305,3.973556754792767,-0.0617352342435333,1.3254159493141824
95.0,53.0,134.0204620361328,-0.0667404707157267,2.728532691939348,-3.351100046453068,-3.7056513136370968,-1.9450965735685688,1.3352316323084854,-0.107691682448864,3.977789928166792,-0.0867987004694964,1.3266449774434577
95.0,53.0,134.04237365722656,-0.0292659665034673,2.6667475770105145,-3.3123087633503743,-3.70493263705596,-1.923044390909706,1.338357727979507,-0.5364046952060502,3.979490682744984,-0.0461432727089047,1.3262609970386363
95.0,53.0,134.07388305664062,-0.0291538397456154,2.6667475770105145,-3.3107500186708703,-3.70465734250213,-1.945805984878404,1.3381758163946558,-0.5363905365012829,3.980446238335337,-0.0723874929037142,1.3275819847773909
95.0,53.0,134.07696533203125,-0.0291029842908997,2.6667475770105145,-3.31312237578396,-3.70550591951924,-1.945805984878404,1.3381744630062666,-0.5365200836771182,3.973556754792767,-0.0461432727089047,1.325533775755687
95.0,53.0,134.07723999023438,-0.0291029842908997,2.6667475770105145,-3.313089788805803,-3.705502275948728,-1.945805984878404,1.3381744630062666,-0.5365200836771182,3.973556754792767,-0.0461432727089047,1.325533775755687
95.0,53.0,134.07723999023438,-0.0291029842908997,2.6667475770105145,-3.313089788805803,-3.705502275948728,-1.945805984878404,1.3381744630062666,-0.5365200836771182,3.973556754792767,-0.0461432727089047,1.325533775755687
95.0,53.0,134.0772705078125,-0.0291538397456154,2.6667475770105145,-3.313028883857912,-3.705502275948728,-1.945805984878404,1.3381744630062666,-0.5363969001955305,3.973269333676975,-0.0461432727089047,1.325533775755687
95.0,53.0,134.07737731933594,-0.0291029842908997,2.6667475770105145,-3.313089788805803,-3.7054918782542487,-1.9457949773863064,1.3381744630062666,-0.5365227423045585,3.973556754792767,-0.0461413357356576,1.3256082424450475
95.0,53.0,134.0778045654297,-0.0291538397456154,2.6667475770105145,-3.313089788805803,-3.705502275948728,-1.945805984878404,1.3381744630062666,-0.5363969001955305,3.973556754792767,-0.0461432727089047,1.325533775755687
95.0,53.0,134.0778045654297,-0.0291538397456154,2.6667475770105145,-3.313089788805803,-3.705502275948728,-1.945805984878404,1.3381744630062666,-0.5363969001955305,3.973556754792767,-0.0461432727089047,1.325533775755687
95.0,53.0,134.0778045654297,-0.0291538397456154,2.6667475770105145,-3.313089788805803,-3.705502275948728,-1.945805984878404,1.3381744630062666,-0.5363969001955305,3.973556754792767,-0.0461432727089047,1.325533775755687
95.0,53.0,134.0778045654297,-0.0291538397456154,2.6667475770105145,-3.313089788805803,-3.705502275948728,-1.945805984878404,1.3381744630062666,-0.5363969001955305,3.973556754792767,-0.0461432727089047,1.325533775755687
95.0,53.0,134.08447265625,-0.0291538397456154,2.6667475770105145,-3.313085427007981,-3.705557013064471,-1.9457690907260712,1.3381744599935008,0.3933716754061377,3.973716512351684,-0.0461432727089047,1.325533775755687
95.0,53.0,134.22984313964844,-0.0291029842908997,2.6667475770105145,-3.313096985940691,-3.705496365557587,-1.945805984878404,1.3381744630062666,-0.5365200836771182,3.979094687547452,-0.0461432727089047,1.325533775755687
95.0,53.0,134.23695373535156,-0.0291029842908997,2.6667475770105145,-3.313239451451214,-3.7054886186293694,-1.8995443820197893,1.3381744630062666,-0.5365200836771182,3.973556754792767,-0.0466228455141636,1.325533775755687
95.0,53.0,134.2605743408203,-0.0292659665034673,2.6667475770105145,-3.3123087633503743,-3.70493263705596,-1.946768882370824,1.338357727979507,-0.5364046952060502,3.979490682744984,-0.0461432727089047,1.3262609970386363
95.0,53.0,134.26220703125,-0.0293007004410897,2.6667475770105145,-3.313239451451214,-3.7054886186293694,-1.9469191371486627,1.3381744630062666,-0.5365197777124757,3.973556754792767,-0.0355920709832265,1.3256882654517603
95.0,53.0,134.2900390625,-0.0291538397456154,2.6667475770105145,-3.310722887808613,-3.704824660290184,-1.945223929596092,1.3381758061092837,-0.5363923788827458,3.979933803427029,-0.046010149299588,1.327632971183848
95.0,53.0,134.2969207763672,-0.0291538397456154,2.6667475770105145,-3.310717167529584,-3.704889795100406,-1.945198042935856,1.3381758030965176,-0.5363897202553055,3.980093560985946,-0.0460120862728351,1.327558504494487
95.0,53.0,134.29701232910156,-0.0291538397456154,2.6667475770105145,-3.310718526010792,-3.7048793974059273,-1.9451870354437588,1.3381758030965176,-0.5363923788827458,3.980093560985946,-0.046010149299588,1.327632971183848
95.0,53.0,134.29701232910156,-0.0291538397456154,2.6667475770105145,-3.310718526010792,-3.7048793974059273,-1.9451870354437588,1.3381758030965176,-0.5363923788827458,3.980093560985946,-0.046010149299588,1.327632971183848
95.0,53.0,134.29702758789062,-0.0291538397456154,2.6667475770105145,-3.310717167529584,-3.7048793974059273,-1.9451870354437588,1.3381758030965176,-0.5363923788827458,3.980093560985946,-0.046010149299588,1.327632971183848
95.0,53.0,134.30471801757812,-0.0291538397456154,2.6667475770105145,-3.3106891137229795,-3.70465734250213,-1.945805984878404,1.3381758163946558,-0.5363905365012829,3.9801588172195457,-0.0458856088933327,1.3275819847773909
95.0,53.0,134.3079071044922,-0.0291538397456154,2.6667475770105145,-3.3130929818308177,-3.7059922033195134,-1.945805984878404,1.3381744630062666,-0.5363921903690119,3.980134494123827,-0.0461432727089047,1.3275819847773909
95.0,53.0,134.31854248046875,-0.024409119661651,1.774706705798127,-3.3562437559685194,-3.706861042793728,-1.9457918672551453,1.3383507495903646,-0.536503900148343,3.977788944380241,-0.4647761677262717,1.330474376017927
95.0,53.0,134.31854248046875,-0.024409119661651,1.774706705798127,-3.3562437559685194,-3.706861042793728,-1.9457918672551453,1.3383507495903646,-0.536503900148343,3.977788944380241,-0.4647761677262717,1.330474376017927
95.0,53.0,134.35198974609375,-0.0359083280216079,2.667460318705659,-3.310809212737105,-4.365238701280295,-1.9230447195586124,1.3383537939012125,-0.5364116769599531,3.973575829663829,-0.0617352342435333,1.3255955218933502
95.0,54.0,132.83981323242188,-0.0284053539609936,2.6667475770105145,-3.310628465455294,-3.704762312650058,-1.9452351431599868,1.3381704077384162,-0.0967360955308765,3.973556754792767,-0.0611672165940027,1.3254159493141824
95.0,54.0,132.9197540283203,-0.0284053539609936,2.6667475770105145,-3.3114962591380355,-3.704879756834909,-1.9458065966171327,1.3381704077384162,-0.0949285596574902,3.973556754792767,-0.0568974693155094,1.3266374020884304
95.0,54.0,132.9945526123047,-0.0354419779219343,2.6667475770105145,-3.3113230826170965,-3.7048793974059273,-1.94509038166125,1.3384924916959202,-0.0874746395399602,3.973556754792767,-0.0617352342435333,1.3302936142403292
95.0,54.0,132.99484252929688,-0.0354419779219343,2.6667475770105145,-3.31129049563894,-3.704875753835415,-1.94509038166125,1.3384924916959202,-0.0874746395399602,3.973556754792767,-0.0617352342435333,1.3302936142403292
95.0,54.0,133.001708984375,-0.028859894715834,2.6667475770105145,-3.3113230826170965,-3.7048793974059273,-1.9450821066841144,1.3384924916959202,-0.0874746395399602,3.973556754792767,-0.0617352342435333,1.330099153447798
95.0,54.0,133.09136962890625,-0.0663544160153749,2.6651292637123536,-3.346415628566233,-3.704943279253713,-1.945093442957294,1.3381769806137442,-0.1107389501690146,3.973678809511569,-0.0455047308952986,1.325228912559922
95.0,54.0,133.1253204345703,-0.0291541191036022,2.6667475770105145,-3.3130049013313023,-3.7055052127699217,-1.9451870354437588,1.338174475900935,-0.5363969001955305,3.973556754792767,-0.4285261692882696,1.3255320182534729
95.0,54.0,133.1433868408203,-0.0354419779219343,2.662187000374952,-3.31129049563894,-3.70494257129698,-1.945093347010917,1.3384924916959202,-0.0874746395399602,3.9780108696935215,-0.0611864852044578,1.330270754695019
95.0,54.0,133.3011016845703,-0.0295891852290041,2.6613440528568684,-3.315078408311606,-3.7056513136370968,-1.9450965735685688,1.3385344228104792,-0.1090841916859041,3.973691631252466,-0.0431706774589442,1.3302888565625497
95.0,54.0,133.31626892089844,-0.0295891852290041,2.666582075823825,-3.310735664033483,-3.7056513136370968,-1.9240120303258927,1.3385344228104792,-0.1057793487534559,3.980025279153008,-0.0425573746237494,1.3317430062207252
95.0,54.0,133.36721801757812,-0.0667404707157267,2.667150231104305,-3.351328454908155,-3.704762402646217,-1.9451897692375624,1.3352316323084854,-0.107691682448864,3.973314227050834,-0.0867987004694964,1.3266449774434577
95.0,54.0,133.49916076660156,-0.0295891852290041,2.6613440528568684,-3.315078408311606,-3.7056513136370968,-1.9450965735685688,1.3385344228104792,-0.1090841916859041,3.980153060767675,-0.0431706774589442,1.330423273049932
95.0,54.0,133.52975463867188,-0.0643142706255373,2.731047035940916,-3.3517784432937345,-3.705675163567773,-1.94509038166125,1.3384473701950388,-0.0882159591174938,3.977760680730988,-0.06128822390615,1.3304172300812511
95.0,54.0,133.59837341308594,-0.0663544160153749,2.7084273455149126,-3.348221269176602,-3.704943279253713,-1.945093442957294,1.3383815531333223,-0.1180356663124858,3.97771092573892,-0.0455047308952986,1.3308871665691988
95.0,54.0,133.62330627441406,-0.0291558813534566,2.6667475770105145,-3.3130929818308177,-3.714239761188722,-1.94519359755998,1.3381744911223326,-0.5364004191437177,3.97318767010252,-0.4624167791232589,1.3275819847773909
95.0,54.0,133.80673217773438,-0.036001917084228,2.6667475770105145,-3.310718526010792,-3.704685769145809,-1.945194209298709,1.338175865480815,-0.5365490813286177,3.97357507452346,-0.0617352342435333,1.325590473580561
95.0,54.0,133.81126403808594,-0.036001917084228,2.6667475770105145,-3.310718526010792,-3.704879756834909,-1.945194209298709,1.338170435854482,-0.5363969001955305,3.973556754792767,-0.0617352342435333,1.3254159493141824
95.0,54.0,133.81936645507812,-0.036063112128747,2.6667475770105145,-3.310718526010792,-3.704879756834909,-1.9458065966171327,1.3381704077384162,-0.536532712919189,3.973556754792767,-0.0617352342435333,1.3254159493141824
95.0,54.0,133.82638549804688,-0.0291538397456154,2.6667475770105145,-3.310718526010792,-3.7048793974059273,-1.9451870354437588,1.3381759244751832,-0.5363969001955305,3.973556754792767,-0.0617352342435333,1.3255320182534729
95.0,54.0,133.82728576660156,-0.0663544160153749,2.712987922150475,-3.31252741263116,-3.7048764617921486,-1.945090477607628,1.3383761546053752,-0.1180436163721004,3.973257196392542,-0.0460534799343742,1.330910026114509
95.0,54.0,133.84678649902344,-0.0284053539609936,2.6667475770105145,-3.310628465455294,-3.704879756834909,-1.9458065966171327,1.3381704077384162,-0.5365325401437455,3.973556754792767,-0.0606468807120131,1.3254159493141824
95.0,54.0,133.8636474609375,-0.036063112128747,2.667392294054636,-3.310714592532989,-3.704879756834909,-1.948279361879297,1.3381714914509613,-0.536532957200727,3.973576313994185,-0.0617352342435333,1.3254159493141824
95.0,54.0,133.86732482910156,-0.0292714554213313,2.6667475770105145,-3.3123087633503743,-3.70493263705596,-1.9231170805241449,1.338357727979507,-0.5364057562405784,3.973304302437033,-0.0461432727089047,1.3255539249121917
95.0,54.0,133.87269592285156,-0.0292659665034673,2.6667475770105145,-3.3123087633503743,-3.70493263705596,-1.9231170805241449,1.338357727979507,-0.5364057562405784,3.973304302437033,-0.0461432727089047,1.3262609970386363
95.0,54.0,133.8729248046875,-0.0287719457485774,2.6667475770105145,-3.310717160808201,-3.70465734250213,-1.923023359945041,1.3381758163946558,-0.5363905365012829,3.980446238335337,-0.0723874929037142,1.3275819847773909
95.0,54.0,133.87730407714844,-0.0663544160153749,2.7084273455149126,-3.31252741263116,-3.704943279253713,-1.945093442957294,1.3383761546053752,-0.1180436163721004,3.9777113112932967,-0.0455047308952986,1.3308871665691988
95.0,54.0,133.88429260253906,-0.0345937257708675,2.6667475770105145,-3.310670342747412,-3.7048793974059273,-1.9451868697855408,1.3385267947319692,-0.5363969001955305,3.973556754792767,-0.0617352342435333,1.3301380157783065
95.0,54.0,133.88827514648438,-0.0361208118451684,2.6667475770105145,-3.310718526010792,-3.7048793974059273,-1.9451870354437588,1.3385220439087135,-0.5363969001955305,3.973556754792767,-0.0617352342435333,1.3302936142403292
95.0,54.0,133.8952178955078,-0.0361208118451684,2.6667475770105145,-3.3105688633653805,-3.704893054725285,-1.945191202905428,1.3385220439087135,-0.5363969001955305,3.973556754792767,-0.0612556614382745,1.3302936142403292
95.0,54.0,133.9071807861328,-0.0291541191036022,2.6667475770105145,-3.310798381814837,-3.7055052127699217,-1.9451869294516044,1.3381747051308597,-0.5363969001955305,3.973556754792767,-0.0567186296821389,1.3255328653624188
95.0,54.0,133.912109375,-0.0281028176614514,2.728532691939348,-3.3513562122122,-3.7056513136370968,-1.9450965735685688,1.335272985673629,-0.107691682448864,3.97378507027708,-0.0892155758333498,1.3254331404797883
95.0,54.0,133.932861328125,-0.0359083280216079,2.6667475770105145,-3.310718526010792,-3.7147310101446,-1.9231145460871724,1.3381759244751832,-0.5365510493611949,3.973556754792767,-0.0617352342435333,1.3255955218933502
95.0,54.0,133.9329833984375,-0.0359083280216079,2.6667475770105145,-3.310718526010792,-3.7147310101446,-1.9231145460871724,1.3381761711642313,-0.5365503071704213,3.973575479623418,-0.0617352342435333,1.3255955218933502
95.0,54.0,133.9390869140625,-0.0359083280216079,2.6667475770105145,-3.310718526010792,-3.714924997833698,-1.9231145460871724,1.3381707415378985,-0.5363981260373342,3.973557159892725,-0.0617352342435333,1.3254209976269715
95.0,54.0,133.97731018066406,-0.0662033603054183,2.6667475770105145,-3.3106705115151414,-3.704719637464153,-1.945194688937898,1.338174052470682,-0.5363969001955305,3.973556754792767,-0.0617352342435333,1.3254159493141824
95.0,54.0,134.0204620361328,-0.0667404707157267,2.728532691939348,-3.351100046453068,-3.7056513136370968,-1.9450965735685688,1.3352316323084854,-0.107691682448864,3.977789928166792,-0.0867987004694964,1.3266449774434577
95.0,54.0,134.04237365722656,-0.0292659665034673,2.6667475770105145,-3.3123087633503743,-3.70493263705596,-1.923044390909706,1.338357727979507,-0.5364046952060502,3.979490682744984,-0.0461432727089047,1.3262609970386363
95.0,54.0,134.04624938964844,-0.0346060557828535,2.666581782771438,-3.310670342747412,-3.7057289906503352,-1.9451868697855408,1.33852712487501,-0.527519881222866,3.973556754792767,-0.0617352342435333,1.3301380157783065
95.0,54.0,134.07044982910156,-0.0291538397456154,2.6673748067128336,-3.313089788805803,-3.705502275948728,-1.945805984878404,1.3381744630062666,-0.5363898761193415,3.973576800631353,-0.0462792913894708,1.3255414004175818
95.0,54.0,134.07388305664062,-0.0291538397456154,2.6667475770105145,-3.3107500186708703,-3.70465734250213,-1.945805984878404,1.3381758163946558,-0.5363905365012829,3.980446238335337,-0.0723874929037142,1.3275819847773909
95.0,54.0,134.07696533203125,-0.0291029842908997,2.6667475770105145,-3.31312237578396,-3.70550591951924,-1.945805984878404,1.3381744630062666,-0.5365200836771182,3.973556754792767,-0.0461432727089047,1.325533775755687
95.0,54.0,134.07723999023438,-0.0291029842908997,2.6667475770105145,-3.313089788805803,-3.705502275948728,-1.945805984878404,1.3381744630062666,-0.5365200836771182,3.973556754792767,-0.0461432727089047,1.325533775755687
95.0,54.0,134.07723999023438,-0.0291029842908997,2.6667475770105145,-3.313089788805803,-3.705502275948728,-1.945805984878404,1.3381744630062666,-0.5365200836771182,3.973556754792767,-0.0461432727089047,1.325533775755687
95.0,54.0,134.0772705078125,-0.0291538397456154,2.6667475770105145,-3.313028883857912,-3.705502275948728,-1.945805984878404,1.3381744630062666,-0.5363969001955305,3.973269333676975,-0.0461432727089047,1.325533775755687
95.0,54.0,134.07737731933594,-0.0291029842908997,2.6667475770105145,-3.313089788805803,-3.7054918782542487,-1.9457949773863064,1.3381744630062666,-0.5365227423045585,3.973556754792767,-0.0461413357356576,1.3256082424450475
95.0,54.0,134.0778045654297,-0.0291538397456154,2.6667475770105145,-3.313089788805803,-3.705502275948728,-1.945805984878404,1.3381744630062666,-0.5363969001955305,3.973556754792767,-0.0461432727089047,1.325533775755687
95.0,54.0,134.0778045654297,-0.0291538397456154,2.6667475770105145,-3.313089788805803,-3.705502275948728,-1.945805984878404,1.3381744630062666,-0.5363969001955305,3.973556754792767,-0.0461432727089047,1.325533775755687
95.0,54.0,134.0778045654297,-0.0291538397456154,2.6667475770105145,-3.313089788805803,-3.705502275948728,-1.945805984878404,1.3381744630062666,-0.5363969001955305,3.973556754792767,-0.0461432727089047,1.325533775755687
95.0,54.0,134.0778045654297,-0.0291538397456154,2.6667475770105145,-3.313089788805803,-3.705502275948728,-1.945805984878404,1.3381744630062666,-0.5363969001955305,3.973556754792767,-0.0461432727089047,1.325533775755687
95.0,54.0,134.07781982421875,-0.0291558632747137,2.6667475770105145,-3.313028883857912,-3.705502275948728,-1.945805984878404,1.3381744630062666,-0.5365275283058314,3.973557616219329,-0.0461432727089047,1.325533775755687
95.0,55.0,131.80780029296875,-0.0354419779219343,2.6667475770105145,-4.137814286049129,-3.70551739576192,-1.945818381852985,1.3384924916959202,-0.0874746395399602,3.973556754792767,-0.0617352342435333,1.325523425113046
95.0,55.0,132.82176208496094,-0.0284053539609936,2.666767025298903,-3.310628465455294,-3.704762312650058,-1.9452526925685567,1.3381770144835887,-0.096501178595364,3.973691345407941,-0.0635165834906639,1.3254159493141824
95.0,55.0,132.83981323242188,-0.0284053539609936,2.6667475770105145,-3.310628465455294,-3.704762312650058,-1.9452351431599868,1.3381704077384162,-0.0967360955308765,3.973556754792767,-0.0611672165940027,1.3254159493141824
95.0,55.0,132.9197540283203,-0.0284053539609936,2.6667475770105145,-3.3114962591380355,-3.704879756834909,-1.9458065966171327,1.3381704077384162,-0.0949285596574902,3.973556754792767,-0.0568974693155094,1.3266374020884304
95.0,55.0,132.98223876953125,-0.028859894715834,2.6667475770105145,-3.3122676782089586,-3.7048793974059273,-1.9450821066841144,1.3384924916959202,-0.0874746395399602,3.9728196178230726,-0.0617352342435333,1.329923718791379
95.0,55.0,132.9945526123047,-0.0354419779219343,2.6667475770105145,-3.3113230826170965,-3.7048793974059273,-1.94509038166125,1.3384924916959202,-0.0874746395399602,3.973556754792767,-0.0617352342435333,1.3302936142403292
95.0,55.0,132.99484252929688,-0.0354419779219343,2.6667475770105145,-3.31129049563894,-3.704875753835415,-1.94509038166125,1.3384924916959202,-0.0874746395399602,3.973556754792767,-0.0617352342435333,1.3302936142403292
95.0,55.0,133.001708984375,-0.028859894715834,2.6667475770105145,-3.3113230826170965,-3.7048793974059273,-1.9450821066841144,1.3384924916959202,-0.0874746395399602,3.973556754792767,-0.0617352342435333,1.330099153447798
95.0,55.0,133.09136962890625,-0.0663544160153749,2.6651292637123536,-3.346415628566233,-3.704943279253713,-1.945093442957294,1.3381769806137442,-0.1107389501690146,3.973678809511569,-0.0455047308952986,1.325228912559922
95.0,55.0,133.10069274902344,-0.0284053539609936,2.6667475770105145,-3.3115046018391747,-3.704879756834909,-1.9458018725341104,1.3381704077384162,-0.0868875410995814,3.973556754792767,-0.0568974693155094,1.3304830882566463
95.0,55.0,133.11322021484375,-0.0354419779219343,2.666700610897568,-3.31129049563894,-3.7046122288541,-1.9450935309089792,1.3384924916959202,-0.0874746395399602,3.9780108696935215,-0.0611864852044578,1.330423936014732
95.0,55.0,133.1253204345703,-0.0291541191036022,2.6667475770105145,-3.3130049013313023,-3.7055052127699217,-1.9451870354437588,1.338174475900935,-0.5363969001955305,3.973556754792767,-0.4285261692882696,1.3255320182534729
95.0,55.0,133.13243103027344,-0.0291541280519559,2.6667475770105145,-3.3130283336916024,-3.705505141454932,-1.9457804504963203,1.338174475900935,-0.5363969001955305,3.97329126494168,-0.4285261692882696,1.3255320321301547
95.0,55.0,133.1433868408203,-0.0354419779219343,2.662187000374952,-3.31129049563894,-3.70494257129698,-1.945093347010917,1.3384924916959202,-0.0874746395399602,3.9780108696935215,-0.0611864852044578,1.330270754695019
95.0,55.0,133.3011016845703,-0.0295891852290041,2.6613440528568684,-3.315078408311606,-3.7056513136370968,-1.9450965735685688,1.3385344228104792,-0.1090841916859041,3.973691631252466,-0.0431706774589442,1.3302888565625497
95.0,55.0,133.3056182861328,-0.0295891852290041,2.666582075823825,-3.311311040534312,-3.7056513136370968,-1.9237341204895224,1.3385344228104792,-0.1048422478743757,3.9801489069204976,-0.0425573746237494,1.3317430062207252
95.0,55.0,133.31626892089844,-0.0295891852290041,2.666582075823825,-3.310735664033483,-3.7056513136370968,-1.9240120303258927,1.3385344228104792,-0.1057793487534559,3.980025279153008,-0.0425573746237494,1.3317430062207252
95.0,55.0,133.36721801757812,-0.0667404707157267,2.667150231104305,-3.351328454908155,-3.704762402646217,-1.9451897692375624,1.3352316323084854,-0.107691682448864,3.973314227050834,-0.0867987004694964,1.3266449774434577
95.0,55.0,133.39276123046875,-0.0350729407065993,2.731733690312613,-3.3517784432937345,-3.704856395447708,-1.94509038166125,1.338489874598222,-0.0874899348744646,3.977760680730988,-0.0612852992025757,1.33041863580609
95.0,55.0,133.49916076660156,-0.0295891852290041,2.6613440528568684,-3.315078408311606,-3.7056513136370968,-1.9450965735685688,1.3385344228104792,-0.1090841916859041,3.980153060767675,-0.0431706774589442,1.330423273049932
95.0,55.0,133.49916076660156,-0.0295891852290041,2.6613440528568684,-3.315078408311606,-3.7056513136370968,-1.9450965735685688,1.3385344228104792,-0.1090841916859041,3.980153060767675,-0.0431706774589442,1.330423273049932
95.0,55.0,133.51788330078125,-0.0295891852290041,2.666747464358964,-3.310441947542851,-3.7056513136370968,-1.9450918649462472,1.3385344228104792,-0.1090841916859041,3.980153060767675,-0.0431706774589442,1.330423273049932
95.0,55.0,133.52975463867188,-0.0643142706255373,2.731047035940916,-3.3517784432937345,-3.705675163567773,-1.94509038166125,1.3384473701950388,-0.0882159591174938,3.977760680730988,-0.06128822390615,1.3304172300812511
95.0,55.0,133.55992126464844,-0.0295891852290041,2.6613440528568684,-3.310528032787769,-3.704911696576602,-1.945096063288445,1.3385348116810725,-0.1177325632309758,3.973684744114186,-0.0431706774589442,1.3302944253852158
95.0,55.0,133.59837341308594,-0.0663544160153749,2.7084273455149126,-3.348221269176602,-3.704943279253713,-1.945093442957294,1.3383815531333223,-0.1180356663124858,3.97771092573892,-0.0455047308952986,1.3308871665691988
95.0,55.0,133.62330627441406,-0.0291558813534566,2.6667475770105145,-3.3130929818308177,-3.714239761188722,-1.94519359755998,1.3381744911223326,-0.5364004191437177,3.97318767010252,-0.4624167791232589,1.3275819847773909
95.0,55.0,133.80673217773438,-0.036001917084228,2.6667475770105145,-3.310718526010792,-3.704685769145809,-1.945194209298709,1.338175865480815,-0.5365490813286177,3.97357507452346,-0.0617352342435333,1.325590473580561
95.0,55.0,133.81126403808594,-0.036001917084228,2.6667475770105145,-3.310718526010792,-3.704879756834909,-1.945194209298709,1.338170435854482,-0.5363969001955305,3.973556754792767,-0.0617352342435333,1.3254159493141824
95.0,55.0,133.81936645507812,-0.036063112128747,2.6667475770105145,-3.310718526010792,-3.704879756834909,-1.9458065966171327,1.3381704077384162,-0.536532712919189,3.973556754792767,-0.0617352342435333,1.3254159493141824
95.0,55.0,133.82618713378906,-0.0656940664830427,2.7246200793858684,-3.351100046453068,-3.704885895721496,-1.9450965735685688,1.3387127121071494,-0.107691682448864,3.977829013722152,-0.0867987004694964,1.3266449774434577
95.0,55.0,133.82638549804688,-0.0291538397456154,2.6667475770105145,-3.310718526010792,-3.7048793974059273,-1.9451870354437588,1.3381759244751832,-0.5363969001955305,3.973556754792767,-0.0617352342435333,1.3255320182534729
95.0,55.0,133.82728576660156,-0.0663544160153749,2.712987922150475,-3.31252741263116,-3.7048764617921486,-1.945090477607628,1.3383761546053752,-0.1180436163721004,3.973257196392542,-0.0460534799343742,1.330910026114509
95.0,55.0,133.84678649902344,-0.0284053539609936,2.6667475770105145,-3.310628465455294,-3.704879756834909,-1.9458065966171327,1.3381704077384162,-0.5365325401437455,3.973556754792767,-0.0606468807120131,1.3254159493141824
95.0,55.0,133.8636474609375,-0.036063112128747,2.667392294054636,-3.310714592532989,-3.704879756834909,-1.948279361879297,1.3381714914509613,-0.536532957200727,3.973576313994185,-0.0617352342435333,1.3254159493141824
95.0,55.0,133.86732482910156,-0.0292714554213313,2.6667475770105145,-3.3123087633503743,-3.70493263705596,-1.9231170805241449,1.338357727979507,-0.5364057562405784,3.973304302437033,-0.0461432727089047,1.3255539249121917
95.0,55.0,133.87269592285156,-0.0292659665034673,2.6667475770105145,-3.3123087633503743,-3.70493263705596,-1.9231170805241449,1.338357727979507,-0.5364057562405784,3.973304302437033,-0.0461432727089047,1.3262609970386363
95.0,55.0,133.8729248046875,-0.0287719457485774,2.6667475770105145,-3.310717160808201,-3.70465734250213,-1.923023359945041,1.3381758163946558,-0.5363905365012829,3.980446238335337,-0.0723874929037142,1.3275819847773909
95.0,55.0,133.87730407714844,-0.0663544160153749,2.7084273455149126,-3.31252741263116,-3.704943279253713,-1.945093442957294,1.3383761546053752,-0.1180436163721004,3.9777113112932967,-0.0455047308952986,1.3308871665691988
95.0,55.0,133.88429260253906,-0.0345937257708675,2.6667475770105145,-3.310670342747412,-3.7048793974059273,-1.9451868697855408,1.3385267947319692,-0.5363969001955305,3.973556754792767,-0.0617352342435333,1.3301380157783065
95.0,55.0,133.88827514648438,-0.0361208118451684,2.6667475770105145,-3.310718526010792,-3.7048793974059273,-1.9451870354437588,1.3385220439087135,-0.5363969001955305,3.973556754792767,-0.0617352342435333,1.3302936142403292
95.0,55.0,133.8952178955078,-0.0361208118451684,2.6667475770105145,-3.3105688633653805,-3.704893054725285,-1.945191202905428,1.3385220439087135,-0.5363969001955305,3.973556754792767,-0.0612556614382745,1.3302936142403292
95.0,55.0,133.9071807861328,-0.0291541191036022,2.6667475770105145,-3.310798381814837,-3.7055052127699217,-1.9451869294516044,1.3381747051308597,-0.5363969001955305,3.973556754792767,-0.0567186296821389,1.3255328653624188
95.0,55.0,133.912109375,-0.0281028176614514,2.728532691939348,-3.3513562122122,-3.7056513136370968,-1.9450965735685688,1.335272985673629,-0.107691682448864,3.97378507027708,-0.0892155758333498,1.3254331404797883
95.0,55.0,133.932861328125,-0.0359083280216079,2.6667475770105145,-3.310718526010792,-3.7147310101446,-1.9231145460871724,1.3381759244751832,-0.5365510493611949,3.973556754792767,-0.0617352342435333,1.3255955218933502
95.0,55.0,133.9329833984375,-0.0359083280216079,2.6667475770105145,-3.310718526010792,-3.7147310101446,-1.9231145460871724,1.3381761711642313,-0.5365503071704213,3.973575479623418,-0.0617352342435333,1.3255955218933502
95.0,55.0,133.93392944335938,-0.0663544160153749,2.7084273455149126,-3.31252741263116,-3.705651451352224,-1.9473932194104964,1.3383761546053752,-0.1180436163721004,3.977648528310348,-0.0455047308952986,1.3308871665691988
95.0,55.0,133.9390869140625,-0.0359083280216079,2.6667475770105145,-3.310718526010792,-3.714924997833698,-1.9231145460871724,1.3381707415378985,-0.5363981260373342,3.973557159892725,-0.0617352342435333,1.3254209976269715
95.0,55.0,133.9433135986328,-0.0359083280216079,2.666716186909148,-3.3106950127563413,-3.7147310101446,-1.9231145460871724,1.3381761711642313,-0.5363951542061377,3.973576765185718,-0.0608585271986466,1.3255955218933502
95.0,55.0,133.97731018066406,-0.0662033603054183,2.6667475770105145,-3.3106705115151414,-3.704719637464153,-1.945194688937898,1.338174052470682,-0.5363969001955305,3.973556754792767,-0.0617352342435333,1.3254159493141824
95.0,55.0,134.0204620361328,-0.0667404707157267,2.728532691939348,-3.351100046453068,-3.7056513136370968,-1.9450965735685688,1.3352316323084854,-0.107691682448864,3.977789928166792,-0.0867987004694964,1.3266449774434577
95.0,56.0,131.80780029296875,-0.0354419779219343,2.6667475770105145,-4.137814286049129,-3.70551739576192,-1.945818381852985,1.3384924916959202,-0.0874746395399602,3.973556754792767,-0.0617352342435333,1.325523425113046
95.0,56.0,131.86932373046875,-0.0354459872090046,2.6667475770105145,-4.137814286049129,-3.704909817471268,-1.94576017527685,1.3384924916959202,-0.0874746395399602,3.973556754792767,-0.0617352342435333,1.3303300714056407
95.0,56.0,132.82176208496094,-0.0284053539609936,2.666767025298903,-3.310628465455294,-3.704762312650058,-1.9452526925685567,1.3381770144835887,-0.096501178595364,3.973691345407941,-0.0635165834906639,1.3254159493141824
95.0,56.0,132.82176208496094,-0.0284053539609936,2.666767025298903,-3.310628465455294,-3.704762312650058,-1.9452526925685567,1.3381770144835887,-0.096501178595364,3.973691345407941,-0.0635165834906639,1.3254159493141824
95.0,56.0,132.83981323242188,-0.0284053539609936,2.6667475770105145,-3.310628465455294,-3.704762312650058,-1.9452351431599868,1.3381704077384162,-0.0967360955308765,3.973556754792767,-0.0611672165940027,1.3254159493141824
95.0,56.0,132.87454223632812,-0.0357956606232146,2.6667475770105145,-3.310718526010792,-3.704685769145809,-1.945194209298709,1.338175865480815,-0.1069488474765913,3.97357507452346,-0.0617352342435333,1.326588631222067
95.0,56.0,132.9197540283203,-0.0284053539609936,2.6667475770105145,-3.3114962591380355,-3.704879756834909,-1.9458065966171327,1.3381704077384162,-0.0949285596574902,3.973556754792767,-0.0568974693155094,1.3266374020884304
95.0,56.0,132.9197540283203,-0.0284053539609936,2.6667475770105145,-3.3114962591380355,-3.704879756834909,-1.9458065966171327,1.3381704077384162,-0.0949285596574902,3.973556754792767,-0.0568974693155094,1.3266374020884304
95.0,56.0,132.94692993164062,-0.0288558854287636,2.6667475770105145,-3.3113230826170965,-3.705486975696578,-1.945140313260249,1.3384924916959202,-0.0874746395399602,3.973556754792767,-0.0617352342435333,1.325292507155203
95.0,56.0,132.98208618164062,-0.028859894715834,2.6667475770105145,-3.3122676782089586,-3.7048793974059273,-1.9450821066841144,1.3384924916959202,-0.0874746395399602,3.9728196178230726,-0.0617352342435333,1.3299180870776712
95.0,56.0,132.98223876953125,-0.028859894715834,2.6667475770105145,-3.3122676782089586,-3.7048793974059273,-1.9450821066841144,1.3384924916959202,-0.0874746395399602,3.9728196178230726,-0.0617352342435333,1.329923718791379
95.0,56.0,132.9945526123047,-0.0354419779219343,2.6667475770105145,-3.3113230826170965,-3.7048793974059273,-1.94509038166125,1.3384924916959202,-0.0874746395399602,3.973556754792767,-0.0617352342435333,1.3302936142403292
95.0,56.0,132.99484252929688,-0.0354419779219343,2.6667475770105145,-3.31129049563894,-3.704875753835415,-1.94509038166125,1.3384924916959202,-0.0874746395399602,3.973556754792767,-0.0617352342435333,1.3302936142403292
95.0,56.0,133.001708984375,-0.028859894715834,2.6667475770105145,-3.3113230826170965,-3.7048793974059273,-1.9450821066841144,1.3384924916959202,-0.0874746395399602,3.973556754792767,-0.0617352342435333,1.330099153447798
95.0,56.0,133.09136962890625,-0.0663544160153749,2.6651292637123536,-3.346415628566233,-3.704943279253713,-1.945093442957294,1.3381769806137442,-0.1107389501690146,3.973678809511569,-0.0455047308952986,1.325228912559922
95.0,56.0,133.10069274902344,-0.0284053539609936,2.6667475770105145,-3.3115046018391747,-3.704879756834909,-1.9458018725341104,1.3381704077384162,-0.0868875410995814,3.973556754792767,-0.0568974693155094,1.3304830882566463
95.0,56.0,133.11322021484375,-0.0354419779219343,2.666700610897568,-3.31129049563894,-3.7046122288541,-1.9450935309089792,1.3384924916959202,-0.0874746395399602,3.9780108696935215,-0.0611864852044578,1.330423936014732
95.0,56.0,133.1253204345703,-0.0291541191036022,2.6667475770105145,-3.3130049013313023,-3.7055052127699217,-1.9451870354437588,1.338174475900935,-0.5363969001955305,3.973556754792767,-0.4285261692882696,1.3255320182534729
95.0,56.0,133.1253204345703,-0.0291541191036022,2.6667475770105145,-3.3130049013313023,-3.7055052127699217,-1.9451870354437588,1.338174475900935,-0.5363969001955305,3.973556754792767,-0.4285261692882696,1.3255320182534729
95.0,56.0,133.13243103027344,-0.0291541280519559,2.6667475770105145,-3.3130283336916024,-3.705505141454932,-1.9457804504963203,1.338174475900935,-0.5363969001955305,3.97329126494168,-0.4285261692882696,1.3255320321301547
95.0,56.0,133.1433868408203,-0.0354419779219343,2.662187000374952,-3.31129049563894,-3.70494257129698,-1.945093347010917,1.3384924916959202,-0.0874746395399602,3.9780108696935215,-0.0611864852044578,1.330270754695019
95.0,56.0,133.21096801757812,-0.0661270076840748,2.667943628884119,-3.3506539000934192,-3.704885895721496,-1.9450965735685688,1.3387127121071494,-0.107691682448864,3.9733926760579488,-0.0848121839837247,1.3266449774434577
95.0,56.0,133.26222229003906,-0.0354419779219343,2.666614385880886,-3.311350147751499,-3.7048793974059273,-1.945090469630661,1.3384924916959202,-0.0895881308788657,3.973556754792767,-0.0429183857769777,1.3302936142403292
95.0,56.0,133.3011016845703,-0.0295891852290041,2.6613440528568684,-3.315078408311606,-3.7056513136370968,-1.9450965735685688,1.3385344228104792,-0.1090841916859041,3.973691631252466,-0.0431706774589442,1.3302888565625497
95.0,56.0,133.3056182861328,-0.0295891852290041,2.666582075823825,-3.311311040534312,-3.7056513136370968,-1.9237341204895224,1.3385344228104792,-0.1048422478743757,3.9801489069204976,-0.0425573746237494,1.3317430062207252
95.0,56.0,133.31626892089844,-0.0295891852290041,2.666582075823825,-3.310735664033483,-3.7056513136370968,-1.9240120303258927,1.3385344228104792,-0.1057793487534559,3.980025279153008,-0.0425573746237494,1.3317430062207252
95.0,56.0,133.36721801757812,-0.0667404707157267,2.667150231104305,-3.351328454908155,-3.704762402646217,-1.9451897692375624,1.3352316323084854,-0.107691682448864,3.973314227050834,-0.0867987004694964,1.3266449774434577
95.0,56.0,133.36721801757812,-0.0667404707157267,2.667150231104305,-3.351328454908155,-3.704762402646217,-1.9451897692375624,1.3352316323084854,-0.107691682448864,3.973314227050834,-0.0867987004694964,1.3266449774434577
95.0,56.0,133.39276123046875,-0.0350729407065993,2.731733690312613,-3.3517784432937345,-3.704856395447708,-1.94509038166125,1.338489874598222,-0.0874899348744646,3.977760680730988,-0.0612852992025757,1.33041863580609
95.0,56.0,133.49916076660156,-0.0295891852290041,2.6613440528568684,-3.315078408311606,-3.7056513136370968,-1.9450965735685688,1.3385344228104792,-0.1090841916859041,3.980153060767675,-0.0431706774589442,1.330423273049932
95.0,56.0,133.49916076660156,-0.0295891852290041,2.6613440528568684,-3.315078408311606,-3.7056513136370968,-1.9450965735685688,1.3385344228104792,-0.1090841916859041,3.980153060767675,-0.0431706774589442,1.330423273049932
95.0,56.0,133.50100708007812,-0.0295891852290041,2.6613440528568684,-3.315078408311606,-3.7056513136370968,-1.9452342349993623,1.3385344228104792,-0.1090841916859041,3.980153060767675,-0.0431706774589442,1.330423273049932
95.0,56.0,133.51150512695312,-0.0295891852290041,2.666594091035092,-3.310441947542851,-3.7056513136370968,-1.9450918649462472,1.3385344228104792,-0.0889344061437194,3.980143453154456,-0.0431706774589442,1.330423273049932
95.0,56.0,133.51788330078125,-0.0295891852290041,2.666747464358964,-3.310441947542851,-3.7056513136370968,-1.9450918649462472,1.3385344228104792,-0.1090841916859041,3.980153060767675,-0.0431706774589442,1.330423273049932
95.0,56.0,133.52975463867188,-0.0643142706255373,2.731047035940916,-3.3517784432937345,-3.705675163567773,-1.94509038166125,1.3384473701950388,-0.0882159591174938,3.977760680730988,-0.06128822390615,1.3304172300812511
95.0,56.0,133.53822326660156,-0.0415284140890795,2.6625466042433965,-3.311241758236836,-3.704972156312038,-1.947344522636516,1.3383761546053752,-0.1180436163721004,3.973735160636255,-0.0456134130517799,1.330325649429803
95.0,56.0,133.55992126464844,-0.0295891852290041,2.6613440528568684,-3.310528032787769,-3.704911696576602,-1.945096063288445,1.3385348116810725,-0.1177325632309758,3.973684744114186,-0.0431706774589442,1.3302944253852158
95.0,56.0,133.59837341308594,-0.0663544160153749,2.7084273455149126,-3.348221269176602,-3.704943279253713,-1.945093442957294,1.3383815531333223,-0.1180356663124858,3.97771092573892,-0.0455047308952986,1.3308871665691988
95.0,56.0,133.60704040527344,-0.0663544160153749,2.6681282960564934,-3.31252741263116,-3.7048764617921486,-1.945090477607628,1.3383761546053752,-0.1180436163721004,3.973257196392542,-0.0460534799343742,1.3304173873445968
95.0,56.0,133.62330627441406,-0.0291558813534566,2.6667475770105145,-3.3130929818308177,-3.714239761188722,-1.94519359755998,1.3381744911223326,-0.5364004191437177,3.97318767010252,-0.4624167791232589,1.3275819847773909
95.0,56.0,133.80673217773438,-0.036001917084228,2.6667475770105145,-3.310718526010792,-3.704685769145809,-1.945194209298709,1.338175865480815,-0.5365490813286177,3.97357507452346,-0.0617352342435333,1.325590473580561
95.0,56.0,133.81126403808594,-0.036001917084228,2.6667475770105145,-3.310718526010792,-3.704879756834909,-1.945194209298709,1.338170435854482,-0.5363969001955305,3.973556754792767,-0.0617352342435333,1.3254159493141824
95.0,56.0,133.81765747070312,-0.0292714554213313,2.6667475770105145,-3.31229710436122,-3.70493263705596,-1.9457896947431872,1.3383545715292846,-0.5364057562405784,3.973308290718055,-0.0615236390855302,1.325482831881236
95.0,56.0,133.81936645507812,-0.036063112128747,2.6667475770105145,-3.310718526010792,-3.704879756834909,-1.9458065966171327,1.3381704077384162,-0.536532712919189,3.973556754792767,-0.0617352342435333,1.3254159493141824
95.0,56.0,133.82618713378906,-0.0656940664830427,2.7246200793858684,-3.351100046453068,-3.704885895721496,-1.9450965735685688,1.3387127121071494,-0.107691682448864,3.977829013722152,-0.0867987004694964,1.3266449774434577
95.0,56.0,133.82638549804688,-0.0291538397456154,2.6667475770105145,-3.310718526010792,-3.7048793974059273,-1.9451870354437588,1.3381759244751832,-0.5363969001955305,3.973556754792767,-0.0617352342435333,1.3255320182534729
95.0,56.0,133.82728576660156,-0.0663544160153749,2.712987922150475,-3.31252741263116,-3.7048764617921486,-1.945090477607628,1.3383761546053752,-0.1180436163721004,3.973257196392542,-0.0460534799343742,1.330910026114509
95.0,56.0,133.84678649902344,-0.0284053539609936,2.6667475770105145,-3.310628465455294,-3.704879756834909,-1.9458065966171327,1.3381704077384162,-0.5365325401437455,3.973556754792767,-0.0606468807120131,1.3254159493141824
95.0,56.0,133.8636474609375,-0.036063112128747,2.667392294054636,-3.310714592532989,-3.704879756834909,-1.948279361879297,1.3381714914509613,-0.536532957200727,3.973576313994185,-0.0617352342435333,1.3254159493141824
95.0,56.0,133.86732482910156,-0.0292714554213313,2.6667475770105145,-3.3123087633503743,-3.70493263705596,-1.9231170805241449,1.338357727979507,-0.5364057562405784,3.973304302437033,-0.0461432727089047,1.3255539249121917
95.0,57.0,131.80780029296875,-0.0354419779219343,2.6667475770105145,-4.137814286049129,-3.70551739576192,-1.945818381852985,1.3384924916959202,-0.0874746395399602,3.973556754792767,-0.0617352342435333,1.325523425113046
95.0,57.0,131.86932373046875,-0.0354459872090046,2.6667475770105145,-4.137814286049129,-3.704909817471268,-1.94576017527685,1.3384924916959202,-0.0874746395399602,3.973556754792767,-0.0617352342435333,1.3303300714056407
95.0,57.0,131.86932373046875,-0.0354459872090046,2.6667475770105145,-4.137814286049129,-3.704909817471268,-1.94576017527685,1.3384924916959202,-0.0874746395399602,3.973556754792767,-0.0617352342435333,1.3303300714056407
95.0,57.0,132.8073272705078,-0.0284053539609936,2.667958023235447,-3.310628465455294,-3.704777443768991,-1.9452526925685567,1.3381888694907291,-0.0972434546240074,3.973394987776566,-0.0635165834906639,1.3254159493141824
95.0,57.0,132.82176208496094,-0.0284053539609936,2.666767025298903,-3.310628465455294,-3.704762312650058,-1.9452526925685567,1.3381770144835887,-0.096501178595364,3.973691345407941,-0.0635165834906639,1.3254159493141824
95.0,57.0,132.82176208496094,-0.0284053539609936,2.666767025298903,-3.310628465455294,-3.704762312650058,-1.9452526925685567,1.3381770144835887,-0.096501178595364,3.973691345407941,-0.0635165834906639,1.3254159493141824
95.0,57.0,132.83248901367188,-0.0286299613779713,2.667422730153254,-3.31062784909752,-3.704766356502646,-1.9450697735797973,1.3381715448341782,-0.0967360955308765,3.9735774252861535,-0.0611324033536231,1.3254159493141824
95.0,57.0,132.83981323242188,-0.0284053539609936,2.6667475770105145,-3.310628465455294,-3.704762312650058,-1.9452351431599868,1.3381704077384162,-0.0967360955308765,3.973556754792767,-0.0611672165940027,1.3254159493141824
95.0,57.0,132.87454223632812,-0.0357956606232146,2.6667475770105145,-3.310718526010792,-3.704685769145809,-1.945194209298709,1.338175865480815,-0.1069488474765913,3.97357507452346,-0.0617352342435333,1.326588631222067
95.0,57.0,132.90432739257812,-0.0367303665017914,2.666828759355137,-3.346415628566233,-3.704685191204997,-1.945093442957294,1.3381769806137442,-0.1107389501690146,3.973678809511569,-0.0453160752922822,1.325228912559922
95.0,57.0,132.9197540283203,-0.0284053539609936,2.6667475770105145,-3.3114962591380355,-3.704879756834909,-1.9458065966171327,1.3381704077384162,-0.0949285596574902,3.973556754792767,-0.0568974693155094,1.3266374020884304
95.0,57.0,132.9197540283203,-0.0284053539609936,2.6667475770105145,-3.3114962591380355,-3.704879756834909,-1.9458065966171327,1.3381704077384162,-0.0949285596574902,3.973556754792767,-0.0568974693155094,1.3266374020884304
95.0,57.0,132.92169189453125,-0.0284154200042913,2.6667475770105145,-3.311329224868211,-3.704879756834909,-1.9458065966171327,1.3381704077384162,-0.0949285596574902,3.973556754792767,-0.0568974693155094,1.3266374020884304
95.0,57.0,132.94692993164062,-0.0288558854287636,2.6667475770105145,-3.3113230826170965,-3.705486975696578,-1.945140313260249,1.3384924916959202,-0.0874746395399602,3.973556754792767,-0.0617352342435333,1.325292507155203
95.0,57.0,132.95745849609375,-0.0354419779219343,2.6667475770105145,-3.3113142444219497,-3.704875753835415,-1.94509038166125,1.3384906878811678,-0.1084072579838417,3.973400862875133,-0.0617352342435333,1.3302936142403292
95.0,57.0,132.98208618164062,-0.028859894715834,2.6667475770105145,-3.3122676782089586,-3.7048793974059273,-1.9450821066841144,1.3384924916959202,-0.0874746395399602,3.9728196178230726,-0.0617352342435333,1.3299180870776712
95.0,57.0,132.98223876953125,-0.028859894715834,2.6667475770105145,-3.3122676782089586,-3.7048793974059273,-1.9450821066841144,1.3384924916959202,-0.0874746395399602,3.9728196178230726,-0.0617352342435333,1.329923718791379
95.0,57.0,132.99444580078125,-0.0354419779219343,2.6667475770105145,-3.311323636806172,-3.704875753835415,-1.94509038166125,1.3384924916959202,-0.0874746395399602,3.973556754792767,-0.0617352342435333,1.3302936142403292
95.0,57.0,132.9945526123047,-0.0354419779219343,2.6667475770105145,-3.3113230826170965,-3.7048793974059273,-1.94509038166125,1.3384924916959202,-0.0874746395399602,3.973556754792767,-0.0617352342435333,1.3302936142403292
95.0,57.0,132.99484252929688,-0.0354419779219343,2.6667475770105145,-3.31129049563894,-3.704875753835415,-1.94509038166125,1.3384924916959202,-0.0874746395399602,3.973556754792767,-0.0617352342435333,1.3302936142403292
95.0,57.0,132.99493408203125,-0.0354419779219343,2.6667475770105145,-3.311289941449864,-3.7048793974059273,-1.94509038166125,1.3384924916959202,-0.0874746395399602,3.973556754792767,-0.0617352342435333,1.3302936142403292
95.0,57.0,133.001708984375,-0.028859894715834,2.6667475770105145,-3.3113230826170965,-3.7048793974059273,-1.9450821066841144,1.3384924916959202,-0.0874746395399602,3.973556754792767,-0.0617352342435333,1.330099153447798
95.0,57.0,133.08737182617188,-0.0357428115662432,2.662187000374952,-3.310932667516771,-3.70494257129698,-1.945096601741064,1.3384924916959202,-0.1073932636595622,3.977726244675611,-0.0611864852044578,1.330270754695019
95.0,57.0,133.09092712402344,-0.0354419779219343,2.6667475770105145,-3.311317838083439,-3.7048793974059273,-1.945089905120972,1.3384924916959202,-0.0837676699882651,3.973556754792767,-0.0617352342435333,1.3302936142403292
95.0,57.0,133.09136962890625,-0.0663544160153749,2.6651292637123536,-3.346415628566233,-3.704943279253713,-1.945093442957294,1.3381769806137442,-0.1107389501690146,3.973678809511569,-0.0455047308952986,1.325228912559922
95.0,57.0,133.09921264648438,-0.0284053539609936,2.6667018674653544,-3.3115046018391747,-3.704879756834909,-1.945839107394204,1.33816606736348,-0.0868875410995814,3.973556754792767,-0.0568974693155094,1.3304243059906902
95.0,57.0,133.10069274902344,-0.0284053539609936,2.6667475770105145,-3.3115046018391747,-3.704879756834909,-1.9458018725341104,1.3381704077384162,-0.0868875410995814,3.973556754792767,-0.0568974693155094,1.3304830882566463
95.0,57.0,133.11322021484375,-0.0354419779219343,2.666700610897568,-3.31129049563894,-3.7046122288541,-1.9450935309089792,1.3384924916959202,-0.0874746395399602,3.9780108696935215,-0.0611864852044578,1.330423936014732
95.0,57.0,133.11477661132812,-0.0354419779219343,2.666746320442728,-3.31129049563894,-3.7046122288541,-1.9450562960488853,1.338496832070856,-0.0874746395399602,3.9780108696935215,-0.0611864852044578,1.330482718280688
95.0,57.0,133.11720275878906,-0.0354478450297944,2.6667475770105145,-3.3130283336916024,-3.705505141454932,-1.9457802288587904,1.33816696338594,-0.5363969001955305,3.97329126494168,-0.4285261692882696,1.3253487653068627
95.0,57.0,133.1253204345703,-0.0291541191036022,2.6667475770105145,-3.3130049013313023,-3.7055052127699217,-1.9451870354437588,1.338174475900935,-0.5363969001955305,3.973556754792767,-0.4285261692882696,1.3255320182534729
95.0,57.0,133.1253204345703,-0.0291541191036022,2.6667475770105145,-3.3130049013313023,-3.7055052127699217,-1.9451870354437588,1.338174475900935,-0.5363969001955305,3.973556754792767,-0.4285261692882696,1.3255320182534729
95.0,57.0,133.13243103027344,-0.0291541280519559,2.6667475770105145,-3.3130283336916024,-3.705505141454932,-1.9457804504963203,1.338174475900935,-0.5363969001955305,3.97329126494168,-0.4285261692882696,1.3255320321301547
95.0,57.0,133.1433868408203,-0.0354419779219343,2.662187000374952,-3.31129049563894,-3.70494257129698,-1.945093347010917,1.3384924916959202,-0.0874746395399602,3.9780108696935215,-0.0611864852044578,1.330270754695019
95.0,57.0,133.16275024414062,-0.0291541191036022,2.6667475770105145,-3.310639907201063,-3.7055255471694593,-1.9451870354437588,1.338174475900935,-0.5426394562712493,3.973556754792767,-0.4285261692882696,1.3255320182534729
95.0,57.0,133.21096801757812,-0.0661270076840748,2.667943628884119,-3.3506539000934192,-3.704885895721496,-1.9450965735685688,1.3387127121071494,-0.107691682448864,3.9733926760579488,-0.0848121839837247,1.3266449774434577
95.0,57.0,133.24774169921875,-0.036063112128747,2.6673607804559625,-3.310714592532989,-3.704879756834909,-1.948279361879297,1.3381714914509613,-0.0789555920801206,3.973575836365352,-0.0617352342435333,1.3303128728492175
95.0,57.0,133.26222229003906,-0.0354419779219343,2.666614385880886,-3.311350147751499,-3.7048793974059273,-1.945090469630661,1.3384924916959202,-0.0895881308788657,3.973556754792767,-0.0429183857769777,1.3302936142403292
95.0,57.0,133.28065490722656,-0.0295891852290041,2.6667492445694565,-3.311311040534312,-3.7049071372354345,-1.9237341204895224,1.3385344228104792,-0.1048422478743757,3.9801489069204976,-0.0427471477054223,1.3317044133452036
95.0,57.0,133.28622436523438,-0.0284155743226069,2.666557264830644,-3.310628465455294,-3.704772457928647,-1.945093618966193,1.3551422977458436,-0.096501178595364,3.9736916261179713,-0.0425927456550848,1.3254159493141824
95.0,57.0,133.3011016845703,-0.0295891852290041,2.6613440528568684,-3.315078408311606,-3.7056513136370968,-1.9450965735685688,1.3385344228104792,-0.1090841916859041,3.973691631252466,-0.0431706774589442,1.3302888565625497
95.0,57.0,133.3056182861328,-0.0295891852290041,2.666582075823825,-3.311311040534312,-3.7056513136370968,-1.9237341204895224,1.3385344228104792,-0.1048422478743757,3.9801489069204976,-0.0425573746237494,1.3317430062207252
95.0,57.0,133.31626892089844,-0.0295891852290041,2.666582075823825,-3.310735664033483,-3.7056513136370968,-1.9240120303258927,1.3385344228104792,-0.1057793487534559,3.980025279153008,-0.0425573746237494,1.3317430062207252
95.0,57.0,133.36721801757812,-0.0667404707157267,2.667150231104305,-3.351328454908155,-3.704762402646217,-1.9451897692375624,1.3352316323084854,-0.107691682448864,3.973314227050834,-0.0867987004694964,1.3266449774434577
95.0,57.0,133.36721801757812,-0.0667404707157267,2.667150231104305,-3.351328454908155,-3.704762402646217,-1.9451897692375624,1.3352316323084854,-0.107691682448864,3.973314227050834,-0.0867987004694964,1.3266449774434577
95.0,57.0,133.39276123046875,-0.0350729407065993,2.731733690312613,-3.3517784432937345,-3.704856395447708,-1.94509038166125,1.338489874598222,-0.0874899348744646,3.977760680730988,-0.0612852992025757,1.33041863580609
95.0,57.0,133.42031860351562,-0.0291541191036022,2.662509223329864,-3.311098167934835,-3.7055052127699217,-1.9451870354437588,1.3383815016598732,-0.5238253818409359,3.973730421527057,-0.4285261692882696,1.3255320182534729
95.0,57.0,133.49916076660156,-0.0295891852290041,2.6613440528568684,-3.315078408311606,-3.7056513136370968,-1.9450965735685688,1.3385344228104792,-0.1090841916859041,3.980153060767675,-0.0431706774589442,1.330423273049932
95.0,57.0,133.49916076660156,-0.0295891852290041,2.6613440528568684,-3.315078408311606,-3.7056513136370968,-1.9450965735685688,1.3385344228104792,-0.1090841916859041,3.980153060767675,-0.0431706774589442,1.330423273049932
95.0,57.0,133.50100708007812,-0.0295891852290041,2.6613440528568684,-3.315078408311606,-3.7056513136370968,-1.9452342349993623,1.3385344228104792,-0.1090841916859041,3.980153060767675,-0.0431706774589442,1.330423273049932
95.0,58.0,131.8029327392578,-0.0354587367656585,2.6667475770105145,-4.137814286049129,-3.705643542820248,-1.94576017527685,1.3384924916959202,-0.1054361494755399,3.973556754792767,-0.06331302557417,1.3303300714056407
95.0,58.0,131.80780029296875,-0.0354419779219343,2.6667475770105145,-4.137814286049129,-3.70551739576192,-1.945818381852985,1.3384924916959202,-0.0874746395399602,3.973556754792767,-0.0617352342435333,1.325523425113046
95.0,58.0,131.86932373046875,-0.0354459872090046,2.6667475770105145,-4.137814286049129,-3.704909817471268,-1.94576017527685,1.3384924916959202,-0.0874746395399602,3.973556754792767,-0.0617352342435333,1.3303300714056407
95.0,58.0,131.86932373046875,-0.0354459872090046,2.6667475770105145,-4.137814286049129,-3.704909817471268,-1.94576017527685,1.3384924916959202,-0.0874746395399602,3.973556754792767,-0.0617352342435333,1.3303300714056407
95.0,58.0,132.146240234375,0.0018514144254521,2.666831750535547,-4.137814286049129,-3.704686361564797,-1.9450568065748253,1.338496257480375,-0.0867563535266927,3.973556754792767,-0.0617352342435333,1.3303300714056407
95.0,58.0,132.80545043945312,-0.0284053539609936,2.667941312210067,-3.310628465455294,-3.704777443768991,-1.945084205614208,1.3382006326066151,-0.0972434546240074,3.973394987776566,-0.0634686259847191,1.3254159493141824
95.0,58.0,132.8073272705078,-0.0284053539609936,2.667958023235447,-3.310628465455294,-3.704777443768991,-1.9452526925685567,1.3381888694907291,-0.0972434546240074,3.973394987776566,-0.0635165834906639,1.3254159493141824
95.0,58.0,132.81863403320312,-0.0286299613779713,2.666816663462305,-3.312244419371927,-3.704873314846298,-1.9450823672564617,1.3381664398012918,-0.096744405303271,3.9728223696569858,-0.0611324033536231,1.3254159493141824
95.0,58.0,132.81878662109375,-0.0283840011646248,2.666767025298903,-3.310608698663109,-3.704778813378865,-1.9451377662186111,1.3381770144835887,-0.096501178595364,3.973557859251444,-0.0636836967793262,1.3254159493141824
95.0,58.0,132.82176208496094,-0.0284053539609936,2.666767025298903,-3.310628465455294,-3.704762312650058,-1.9452526925685567,1.3381770144835887,-0.096501178595364,3.973691345407941,-0.0635165834906639,1.3254159493141824
95.0,58.0,132.82176208496094,-0.0284053539609936,2.666767025298903,-3.310628465455294,-3.704762312650058,-1.9452526925685567,1.3381770144835887,-0.096501178595364,3.973691345407941,-0.0635165834906639,1.3254159493141824
95.0,58.0,132.83248901367188,-0.0286299613779713,2.667422730153254,-3.31062784909752,-3.704766356502646,-1.9450697735797973,1.3381715448341782,-0.0967360955308765,3.9735774252861535,-0.0611324033536231,1.3254159493141824
95.0,58.0,132.83981323242188,-0.0284053539609936,2.6667475770105145,-3.310628465455294,-3.704762312650058,-1.9452351431599868,1.3381704077384162,-0.0967360955308765,3.973556754792767,-0.0611672165940027,1.3254159493141824
95.0,58.0,132.8668212890625,-0.0354320911081431,2.6667475770105145,-3.31071697545346,-3.7047671920129215,-1.945194209298709,1.3381706563390858,-0.1069488474765913,3.97357507452346,-0.0617352342435333,1.3254706257468505
95.0,58.0,132.87454223632812,-0.0357956606232146,2.6667475770105145,-3.310718526010792,-3.704685769145809,-1.945194209298709,1.338175865480815,-0.1069488474765913,3.97357507452346,-0.0617352342435333,1.326588631222067
95.0,58.0,132.90432739257812,-0.0367303665017914,2.666828759355137,-3.346415628566233,-3.704685191204997,-1.945093442957294,1.3381769806137442,-0.1107389501690146,3.973678809511569,-0.0453160752922822,1.325228912559922
95.0,58.0,132.9197540283203,-0.0284053539609936,2.6667475770105145,-3.3114962591380355,-3.704879756834909,-1.9458065966171327,1.3381704077384162,-0.0949285596574902,3.973556754792767,-0.0568974693155094,1.3266374020884304
95.0,58.0,132.9197540283203,-0.0284053539609936,2.6667475770105145,-3.3114962591380355,-3.704879756834909,-1.9458065966171327,1.3381704077384162,-0.0949285596574902,3.973556754792767,-0.0568974693155094,1.3266374020884304
95.0,58.0,132.9197540283203,-0.0284053539609936,2.6667475770105145,-3.3114962591380355,-3.704879756834909,-1.9458065966171327,1.3381704077384162,-0.0949285596574902,3.973556754792767,-0.0568974693155094,1.3266374020884304
95.0,58.0,132.92169189453125,-0.0284154200042913,2.6667475770105145,-3.311329224868211,-3.704879756834909,-1.9458065966171327,1.3381704077384162,-0.0949285596574902,3.973556754792767,-0.0568974693155094,1.3266374020884304
95.0,58.0,132.92169189453125,-0.0284154200042913,2.6667475770105145,-3.311329224868211,-3.704879756834909,-1.9458065966171327,1.3381704077384162,-0.0949285596574902,3.973556754792767,-0.0568974693155094,1.3266374020884304
95.0,58.0,132.94198608398438,-0.0367754019039838,2.6667445858301044,-3.346415628566233,-3.704908647111468,-1.9457968116593185,1.3381732148292895,-0.1114572361822821,3.973678809511569,-0.0453160752922822,1.325228912559922
95.0,58.0,132.94692993164062,-0.0288558854287636,2.6667475770105145,-3.3113230826170965,-3.705486975696578,-1.945140313260249,1.3384924916959202,-0.0874746395399602,3.973556754792767,-0.0617352342435333,1.325292507155203
95.0,58.0,132.95033264160156,-0.0284053539609936,2.66692325992618,-3.310628465455294,-3.7047605056816897,-1.945092971651272,1.3381704077384162,-0.0967360955308765,3.977998259626183,-0.0611672165940027,1.3254159493141824
95.0,58.0,132.95046997070312,-0.0288772382251325,2.6667475770105145,-3.3113428494092814,-3.705470474967771,-1.9452552396101952,1.3384924916959202,-0.0874746395399602,3.973690240949264,-0.0615681209548711,1.325292507155203
95.0,58.0,132.95323181152344,-0.0284155743226069,2.666557264830644,-3.310628465455294,-3.7047775444438624,-1.945093618966193,1.3551422977458436,-0.096501178595364,3.973386730080912,-0.0638411418460888,1.3254159493141824
95.0,58.0,132.95745849609375,-0.0354419779219343,2.6667475770105145,-3.3113142444219497,-3.704875753835415,-1.94509038166125,1.3384906878811678,-0.1084072579838417,3.973400862875133,-0.0617352342435333,1.3302936142403292
95.0,58.0,132.97645568847656,-0.0354419779219343,2.6667475770105145,-3.3113142444219497,-3.7048753416767,-1.94509038166125,1.3384925726809296,-0.0882531358405446,3.973393337903616,-0.0617352342435333,1.3302936142403292
95.0,58.0,132.98208618164062,-0.028859894715834,2.6667475770105145,-3.3122676782089586,-3.7048793974059273,-1.9450821066841144,1.3384924916959202,-0.0874746395399602,3.9728196178230726,-0.0617352342435333,1.3299180870776712
95.0,58.0,132.98223876953125,-0.028859894715834,2.6667475770105145,-3.3122676782089586,-3.7048793974059273,-1.9450821066841144,1.3384924916959202,-0.0874746395399602,3.9728196178230726,-0.0617352342435333,1.329923718791379
95.0,58.0,132.99444580078125,-0.0354419779219343,2.6667475770105145,-3.311323636806172,-3.704875753835415,-1.94509038166125,1.3384924916959202,-0.0874746395399602,3.973556754792767,-0.0617352342435333,1.3302936142403292
95.0,58.0,132.9945526123047,-0.0354419779219343,2.6667475770105145,-3.3113230826170965,-3.7048793974059273,-1.94509038166125,1.3384924916959202,-0.0874746395399602,3.973556754792767,-0.0617352342435333,1.3302936142403292
95.0,58.0,132.99484252929688,-0.0354419779219343,2.6667475770105145,-3.31129049563894,-3.704875753835415,-1.94509038166125,1.3384924916959202,-0.0874746395399602,3.973556754792767,-0.0617352342435333,1.3302936142403292
95.0,58.0,132.99493408203125,-0.0354419779219343,2.6667475770105145,-3.311289941449864,-3.7048793974059273,-1.94509038166125,1.3384924916959202,-0.0874746395399602,3.973556754792767,-0.0617352342435333,1.3302936142403292
95.0,58.0,132.99618530273438,-0.028859894715834,2.667353643701464,-3.310651107934552,-3.704772439062275,-1.9450695130074505,1.3384975967288069,-0.0874663297675656,3.9735746734522417,-0.0617352342435333,1.3299180870776712
95.0,58.0,133.001708984375,-0.028859894715834,2.6667475770105145,-3.3113230826170965,-3.7048793974059273,-1.9450821066841144,1.3384924916959202,-0.0874746395399602,3.973556754792767,-0.0617352342435333,1.330099153447798
95.0,58.0,133.0019073486328,-0.028859894715834,2.6667475770105145,-3.3113508249998294,-3.7048793974059273,-1.9450821066841144,1.3384924916959202,-0.0874746395399602,3.973556754792767,-0.0616809520133731,1.330099153447798
95.0,58.0,133.01336669921875,-0.0291708757094777,2.667422730153254,-3.310601169520213,-3.704774824278814,-1.94507031386949,1.3384567593067214,-0.0967360955308765,3.977580292379988,-0.0611324033536231,1.3303658462379333
95.0,58.0,133.01866149902344,-0.0281294208110054,2.6667475770105145,-3.3114962591380355,-3.7048775426421487,-1.9458049761379608,1.3385122183345857,-0.0872129109183028,3.973556754792767,-0.0568974693155094,1.3266374020884304
95.0,58.0,133.08544921875,-0.0357434528699459,2.661934099074612,-3.310932667516771,-3.70494257129698,-1.945090352773616,1.3384924916959202,-0.1075262742947897,3.977726244675611,-0.0617318541362631,1.3302702203275938
95.0,58.0,133.08737182617188,-0.0357428115662432,2.662187000374952,-3.310932667516771,-3.70494257129698,-1.945096601741064,1.3384924916959202,-0.1073932636595622,3.977726244675611,-0.0611864852044578,1.330270754695019
95.0,58.0,133.09092712402344,-0.0354419779219343,2.6667475770105145,-3.311317838083439,-3.7048793974059273,-1.945089905120972,1.3384924916959202,-0.0837676699882651,3.973556754792767,-0.0617352342435333,1.3302936142403292
95.0,58.0,133.09136962890625,-0.0663544160153749,2.6651292637123536,-3.346415628566233,-3.704943279253713,-1.945093442957294,1.3381769806137442,-0.1107389501690146,3.973678809511569,-0.0455047308952986,1.325228912559922
95.0,58.0,133.09445190429688,-0.02917212113437,2.6667018674653544,-3.3112840018592595,-3.704879756834909,-1.945839107394204,1.338483077233679,-0.0869034299376381,3.973556754792767,-0.0568974693155094,1.3302918986377257
95.0,58.0,133.09921264648438,-0.0284053539609936,2.6667018674653544,-3.3115046018391747,-3.704879756834909,-1.945839107394204,1.33816606736348,-0.0868875410995814,3.973556754792767,-0.0568974693155094,1.3304243059906902
95.0,58.0,133.10069274902344,-0.0284053539609936,2.6667475770105145,-3.3115046018391747,-3.704879756834909,-1.9458018725341104,1.3381704077384162,-0.0868875410995814,3.973556754792767,-0.0568974693155094,1.3304830882566463
95.0,58.0,133.11322021484375,-0.0354419779219343,2.666700610897568,-3.31129049563894,-3.7046122288541,-1.9450935309089792,1.3384924916959202,-0.0874746395399602,3.9780108696935215,-0.0611864852044578,1.330423936014732
95.0,58.0,133.11477661132812,-0.0354419779219343,2.666746320442728,-3.31129049563894,-3.7046122288541,-1.9450562960488853,1.338496832070856,-0.0874746395399602,3.9780108696935215,-0.0611864852044578,1.330482718280688
95.0,58.0,133.11720275878906,-0.0354478450297944,2.6667475770105145,-3.3130283336916024,-3.705505141454932,-1.9457802288587904,1.33816696338594,-0.5363969001955305,3.97329126494168,-0.4285261692882696,1.3253487653068627
95.0,58.0,133.1253204345703,-0.0291541191036022,2.6667475770105145,-3.3130049013313023,-3.7055052127699217,-1.9451870354437588,1.338174475900935,-0.5363969001955305,3.973556754792767,-0.4285261692882696,1.3255320182534729
95.0,59.0,131.76539611816406,-0.0400733570163346,2.666747828608772,-4.132011190796602,-3.704875753835415,-1.945090595356481,1.3384906878811678,-0.1084072579838417,3.973400862875133,-0.0617352342435333,1.3302936142403292
95.0,59.0,131.8029327392578,-0.0354587367656585,2.6667475770105145,-4.137814286049129,-3.705643542820248,-1.94576017527685,1.3384924916959202,-0.1054361494755399,3.973556754792767,-0.06331302557417,1.3303300714056407
95.0,59.0,131.80780029296875,-0.0354419779219343,2.6667475770105145,-4.137814286049129,-3.70551739576192,-1.945818381852985,1.3384924916959202,-0.0874746395399602,3.973556754792767,-0.0617352342435333,1.325523425113046
95.0,59.0,131.80780029296875,-0.0354419779219343,2.6667475770105145,-4.137814286049129,-3.70551739576192,-1.945818381852985,1.3384924916959202,-0.0874746395399602,3.973556754792767,-0.0617352342435333,1.325523425113046
95.0,59.0,131.86932373046875,-0.0354459872090046,2.6667475770105145,-4.137814286049129,-3.704909817471268,-1.94576017527685,1.3384924916959202,-0.0874746395399602,3.973556754792767,-0.0617352342435333,1.3303300714056407
95.0,59.0,131.86932373046875,-0.0354459872090046,2.6667475770105145,-4.137814286049129,-3.704909817471268,-1.94576017527685,1.3384924916959202,-0.0874746395399602,3.973556754792767,-0.0617352342435333,1.3303300714056407
95.0,59.0,132.146240234375,0.0018514144254521,2.666831750535547,-4.137814286049129,-3.704686361564797,-1.9450568065748253,1.338496257480375,-0.0867563535266927,3.973556754792767,-0.0617352342435333,1.3303300714056407
95.0,59.0,132.74099731445312,-0.0290398009522171,2.66683346707007,-3.3186653581755503,-3.704684344999044,-1.9452351431599868,1.3381704077384162,-0.0967360955308765,3.973556754792767,-0.0617294851614899,1.3254105983689712
95.0,59.0,132.78286743164062,-0.0354319223042246,2.667941312210067,-3.311319223913324,-3.704777443768991,-1.9450904109856413,1.3381974314051424,-0.0972434546240074,3.973394987776566,-0.0634686259847191,1.3254159493141824
95.0,59.0,132.79849243164062,-0.036878041700918,2.6667709754691806,-3.310628465455294,-3.704772801176098,-1.945084205614208,1.3381720942575015,-0.0974375276091574,3.973684088896084,-0.0636912013256655,1.3252263048207966
95.0,59.0,132.80545043945312,-0.0284053539609936,2.667941312210067,-3.310628465455294,-3.704777443768991,-1.945084205614208,1.3382006326066151,-0.0972434546240074,3.973394987776566,-0.0634686259847191,1.3254159493141824
95.0,59.0,132.8073272705078,-0.0284053539609936,2.667958023235447,-3.310628465455294,-3.704777443768991,-1.9452526925685567,1.3381888694907291,-0.0972434546240074,3.973394987776566,-0.0635165834906639,1.3254159493141824
95.0,59.0,132.8073272705078,-0.0284053539609936,2.667958023235447,-3.310628465455294,-3.704777443768991,-1.9452526925685567,1.3381888694907291,-0.0972434546240074,3.973394987776566,-0.0635165834906639,1.3254159493141824
95.0,59.0,132.81863403320312,-0.0286299613779713,2.666816663462305,-3.312244419371927,-3.704873314846298,-1.9450823672564617,1.3381664398012918,-0.096744405303271,3.9728223696569858,-0.0611324033536231,1.3254159493141824
95.0,59.0,132.81878662109375,-0.0283840011646248,2.666767025298903,-3.310608698663109,-3.704778813378865,-1.9451377662186111,1.3381770144835887,-0.096501178595364,3.973557859251444,-0.0636836967793262,1.3254159493141824
95.0,59.0,132.81878662109375,-0.0283840011646248,2.666767025298903,-3.310608698663109,-3.704778813378865,-1.9451377662186111,1.3381770144835887,-0.096501178595364,3.973557859251444,-0.0636836967793262,1.3254159493141824
95.0,59.0,132.82176208496094,-0.0284053539609936,2.666767025298903,-3.310628465455294,-3.704762312650058,-1.9452526925685567,1.3381770144835887,-0.096501178595364,3.973691345407941,-0.0635165834906639,1.3254159493141824
95.0,59.0,132.82176208496094,-0.0284053539609936,2.666767025298903,-3.310628465455294,-3.704762312650058,-1.9452526925685567,1.3381770144835887,-0.096501178595364,3.973691345407941,-0.0635165834906639,1.3254159493141824
95.0,59.0,132.82275390625,-0.0284052159719591,2.666747096243336,-3.310605994737679,-3.704887938681024,-1.9451377662186111,1.3381770144835887,-0.0964180882422935,3.973557904296893,-0.0636836967793262,1.3254990466129704
95.0,59.0,132.82704162597656,-0.0288553194362904,2.666938210931919,-3.310652632452072,-3.7047724356164458,-1.9450695130074505,1.3384975967288069,-0.0969465226365921,3.9735746734522417,-0.0617090796183982,1.325122529068515
95.0,59.0,132.82859802246094,-0.0284053539609936,2.666767025298903,-3.310628465455294,-3.704762914501403,-1.9452526925685567,1.3381770144835887,-0.0948876566331123,3.973555831000684,-0.0638724583992685,1.3254159493141824
95.0,59.0,132.83248901367188,-0.0286299613779713,2.667422730153254,-3.31062784909752,-3.704766356502646,-1.9450697735797973,1.3381715448341782,-0.0967360955308765,3.9735774252861535,-0.0611324033536231,1.3254159493141824
95.0,59.0,132.83261108398438,-0.0286299613779713,2.667422730153254,-3.31062784909752,-3.70477117154505,-1.9450697735797973,1.3381715255511406,-0.0967360400043829,3.9735774252861535,-0.0611324033536231,1.3254159493141824
95.0,59.0,132.83981323242188,-0.0284053539609936,2.6667475770105145,-3.310628465455294,-3.704762312650058,-1.9452351431599868,1.3381704077384162,-0.0967360955308765,3.973556754792767,-0.0611672165940027,1.3254159493141824
95.0,59.0,132.8668212890625,-0.0354320911081431,2.6667475770105145,-3.31071697545346,-3.7047671920129215,-1.945194209298709,1.3381706563390858,-0.1069488474765913,3.97357507452346,-0.0617352342435333,1.3254706257468505
95.0,59.0,132.87454223632812,-0.0357956606232146,2.6667475770105145,-3.310718526010792,-3.704685769145809,-1.945194209298709,1.338175865480815,-0.1069488474765913,3.97357507452346,-0.0617352342435333,1.326588631222067
95.0,59.0,132.88377380371094,-0.0285844094960388,2.6667475770105145,-3.3309569397016023,-3.704879756834909,-1.9458065966171327,1.338541423006963,-0.0877465983458718,3.973556754792767,-0.0568974693155094,1.3304346876695716
95.0,59.0,132.89425659179688,-0.0357756474795482,2.6667475770105145,-4.1775168274298,-3.70566423271108,-1.945194209298709,1.338175865480815,-0.1069488474765913,3.97357507452346,-0.0633115005628992,1.3267869583688865
95.0,59.0,132.90432739257812,-0.0367303665017914,2.666828759355137,-3.346415628566233,-3.704685191204997,-1.945093442957294,1.3381769806137442,-0.1107389501690146,3.973678809511569,-0.0453160752922822,1.325228912559922
95.0,59.0,132.916259765625,-0.0284053539609936,2.6667475770105145,-3.3114962591380355,-3.704879154983564,-1.9458065966171327,1.3381704077384162,-0.096542081619742,3.973692269200024,-0.0565415944069049,1.3266374020884304
95.0,59.0,132.9197540283203,-0.0284053539609936,2.6667475770105145,-3.3114962591380355,-3.704879756834909,-1.9458065966171327,1.3381704077384162,-0.0949285596574902,3.973556754792767,-0.0568974693155094,1.3266374020884304
95.0,59.0,132.9197540283203,-0.0284053539609936,2.6667475770105145,-3.3114962591380355,-3.704879756834909,-1.9458065966171327,1.3381704077384162,-0.0949285596574902,3.973556754792767,-0.0568974693155094,1.3266374020884304
95.0,59.0,132.9197540283203,-0.0284053539609936,2.6667475770105145,-3.3114962591380355,-3.704879756834909,-1.9458065966171327,1.3381704077384162,-0.0949285596574902,3.973556754792767,-0.0568974693155094,1.3266374020884304
95.0,59.0,132.92169189453125,-0.0284154200042913,2.6667475770105145,-3.311329224868211,-3.704879756834909,-1.9458065966171327,1.3381704077384162,-0.0949285596574902,3.973556754792767,-0.0568974693155094,1.3266374020884304
95.0,59.0,132.92169189453125,-0.0284154200042913,2.6667475770105145,-3.311329224868211,-3.704879756834909,-1.9458065966171327,1.3381704077384162,-0.0949285596574902,3.973556754792767,-0.0568974693155094,1.3266374020884304
95.0,59.0,132.94198608398438,-0.0367754019039838,2.6667445858301044,-3.346415628566233,-3.704908647111468,-1.9457968116593185,1.3381732148292895,-0.1114572361822821,3.973678809511569,-0.0453160752922822,1.325228912559922
95.0,59.0,132.94485473632812,-0.0283027141640595,2.667914922570991,-3.346415628566233,-3.704913289704361,-1.9457968116593185,1.3382017531784032,-0.111263163197132,3.973389708392052,-0.0450934999513358,1.3254185570533077
95.0,59.0,132.94692993164062,-0.0288558854287636,2.6667475770105145,-3.3113230826170965,-3.705486975696578,-1.945140313260249,1.3384924916959202,-0.0874746395399602,3.973556754792767,-0.0617352342435333,1.325292507155203
95.0,59.0,132.95033264160156,-0.0284053539609936,2.66692325992618,-3.310628465455294,-3.7047605056816897,-1.945092971651272,1.3381704077384162,-0.0967360955308765,3.977998259626183,-0.0611672165940027,1.3254159493141824
95.0,59.0,132.95046997070312,-0.0288772382251325,2.6667475770105145,-3.3113428494092814,-3.705470474967771,-1.9452552396101952,1.3384924916959202,-0.0874746395399602,3.973690240949264,-0.0615681209548711,1.325292507155203
95.0,59.0,132.95323181152344,-0.0284155743226069,2.666557264830644,-3.310628465455294,-3.7047775444438624,-1.945093618966193,1.3551422977458436,-0.096501178595364,3.973386730080912,-0.0638411418460888,1.3254159493141824
95.0,59.0,132.95745849609375,-0.0354419779219343,2.6667475770105145,-3.3113142444219497,-3.704875753835415,-1.94509038166125,1.3384906878811678,-0.1084072579838417,3.973400862875133,-0.0617352342435333,1.3302936142403292
95.0,59.0,132.97645568847656,-0.0354419779219343,2.6667475770105145,-3.3113142444219497,-3.7048753416767,-1.94509038166125,1.3384925726809296,-0.0882531358405446,3.973393337903616,-0.0617352342435333,1.3302936142403292
95.0,59.0,132.9770965576172,-0.0280822893029251,2.6667475770105145,-3.3151400549365184,-3.704878964626588,-1.9458049761379608,1.3385122183345857,-0.0872188399999944,3.973556754792767,-0.0568974693155094,1.3266374020884304
95.0,59.0,132.98007202148438,-0.0284154095787033,2.6667475770105145,-3.31062348596392,-3.704875753835415,-1.945084176289816,1.3384938890826406,-0.1084072579838417,3.973400862875133,-0.0617352342435333,1.3302936142403292
95.0,59.0,132.98208618164062,-0.028859894715834,2.6667475770105145,-3.3122676782089586,-3.7048793974059273,-1.9450821066841144,1.3384924916959202,-0.0874746395399602,3.9728196178230726,-0.0617352342435333,1.3299180870776712
95.0,59.0,132.98223876953125,-0.028859894715834,2.6667475770105145,-3.3122676782089586,-3.7048793974059273,-1.9450821066841144,1.3384924916959202,-0.0874746395399602,3.9728196178230726,-0.0617352342435333,1.329923718791379
95.0,59.0,132.99444580078125,-0.0354419779219343,2.6667475770105145,-3.311323636806172,-3.704875753835415,-1.94509038166125,1.3384924916959202,-0.0874746395399602,3.973556754792767,-0.0617352342435333,1.3302936142403292
95.0,59.0,132.9945526123047,-0.0354419779219343,2.6667475770105145,-3.3113230826170965,-3.7048793974059273,-1.94509038166125,1.3384924916959202,-0.0874746395399602,3.973556754792767,-0.0617352342435333,1.3302936142403292
95.0,59.0,132.99484252929688,-0.0354419779219343,2.6667475770105145,-3.31129049563894,-3.704875753835415,-1.94509038166125,1.3384924916959202,-0.0874746395399602,3.973556754792767,-0.0617352342435333,1.3302936142403292
95.0,60.0,131.7232666015625,-0.0284053539609936,2.667941312210067,-4.140244662569115,-3.705528478124261,-1.9450773084390145,1.3384867367516105,-0.0972434546240074,3.973394987776566,-0.0634314467255812,1.3254159493141824
95.0,60.0,131.76283264160156,-0.0354459872090046,2.666748257793392,-4.137814286049129,-3.704909817471268,-1.9457552697199176,1.3381741498216166,-0.0967699607007618,3.972843643358207,-0.0617228329068114,1.3303300714056407
95.0,60.0,131.76539611816406,-0.0400733570163346,2.666747828608772,-4.132011190796602,-3.704875753835415,-1.945090595356481,1.3384906878811678,-0.1084072579838417,3.973400862875133,-0.0617352342435333,1.3302936142403292
95.0,60.0,131.7769012451172,-0.0354419779219343,2.6667475770105145,-4.137814286049129,-3.704731448596698,-1.9452578653315344,1.3384924916959202,-0.0875145364367554,3.973556754792767,-0.0617954764185569,1.3255188603066534
95.0,60.0,131.8029327392578,-0.0354587367656585,2.6667475770105145,-4.137814286049129,-3.705643542820248,-1.94576017527685,1.3384924916959202,-0.1054361494755399,3.973556754792767,-0.06331302557417,1.3303300714056407
95.0,60.0,131.80780029296875,-0.0354419779219343,2.6667475770105145,-4.137814286049129,-3.70551739576192,-1.945818381852985,1.3384924916959202,-0.0874746395399602,3.973556754792767,-0.0617352342435333,1.325523425113046
95.0,60.0,131.80780029296875,-0.0354419779219343,2.6667475770105145,-4.137814286049129,-3.70551739576192,-1.945818381852985,1.3384924916959202,-0.0874746395399602,3.973556754792767,-0.0617352342435333,1.325523425113046
95.0,60.0,131.80780029296875,-0.0354419779219343,2.6667475770105145,-4.137814286049129,-3.70551739576192,-1.945818381852985,1.3384924916959202,-0.0874746395399602,3.973556754792767,-0.0617352342435333,1.325523425113046
95.0,60.0,131.81398010253906,-0.0289391580334811,2.6667475770105145,-4.137814286049129,-3.70551739576192,-1.9452500916238613,1.338483123820993,-0.0874654625395694,3.973556754792767,-0.0617352342435333,1.3255199425883266
95.0,60.0,131.85499572753906,-0.0400733570163346,2.6667475886253267,-4.138082875340783,-3.7056314213021153,-1.945800670321188,1.3384906878811678,-0.1083589229932973,3.973400862875133,-0.0617352342435333,1.3302936142403292
95.0,60.0,131.86932373046875,-0.0354459872090046,2.6667475770105145,-4.137814286049129,-3.704909817471268,-1.94576017527685,1.3384924916959202,-0.0874746395399602,3.973556754792767,-0.0617352342435333,1.3303300714056407
95.0,60.0,131.86932373046875,-0.0354459872090046,2.6667475770105145,-4.137814286049129,-3.704909817471268,-1.94576017527685,1.3384924916959202,-0.0874746395399602,3.973556754792767,-0.0617352342435333,1.3303300714056407
95.0,60.0,131.90911865234375,-0.0367883780947722,2.66674487505088,-4.137814286049129,-3.704909774043531,-1.94576017527685,1.3384924916959202,-0.1111544209005899,3.973556754792767,-0.0602663170729658,1.3303300714056407
95.0,60.0,132.146240234375,0.0018514144254521,2.666831750535547,-4.137814286049129,-3.704686361564797,-1.9450568065748253,1.338496257480375,-0.0867563535266927,3.973556754792767,-0.0617352342435333,1.3303300714056407
95.0,60.0,132.7403564453125,-0.0354419779219343,2.6667475770105145,-3.3081980887037465,-3.669993865331032,-1.9458252790281785,1.3382063875509251,-0.0874746395399602,3.973556754792767,-0.0617724135026713,1.325523425113046
95.0,60.0,132.74099731445312,-0.0290398009522171,2.66683346707007,-3.3186653581755503,-3.704684344999044,-1.9452351431599868,1.3381704077384162,-0.0967360955308765,3.973556754792767,-0.0617294851614899,1.3254105983689712
95.0,60.0,132.7826385498047,-0.0284053539609936,2.667958023235447,-3.3464130271405423,-3.704689312857306,-1.9452526925685567,1.3381888694907291,-0.09729207306969,3.973394987776566,-0.0457543368269236,1.3252214175639068
95.0,60.0,132.78286743164062,-0.0354319223042246,2.667941312210067,-3.311319223913324,-3.704777443768991,-1.9450904109856413,1.3381974314051424,-0.0972434546240074,3.973394987776566,-0.0634686259847191,1.3254159493141824
95.0,60.0,132.79849243164062,-0.036878041700918,2.6667709754691806,-3.310628465455294,-3.704772801176098,-1.945084205614208,1.3381720942575015,-0.0974375276091574,3.973684088896084,-0.0636912013256655,1.3252263048207966
95.0,60.0,132.80545043945312,-0.0284053539609936,2.667941312210067,-3.310628465455294,-3.704777443768991,-1.945084205614208,1.3382006326066151,-0.0972434546240074,3.973394987776566,-0.0634686259847191,1.3254159493141824
95.0,60.0,132.8073272705078,-0.0284053539609936,2.667958023235447,-3.310628465455294,-3.704777443768991,-1.9452526925685567,1.3381888694907291,-0.0972434546240074,3.973394987776566,-0.0635165834906639,1.3254159493141824
95.0,60.0,132.8073272705078,-0.0284053539609936,2.667958023235447,-3.310628465455294,-3.704777443768991,-1.9452526925685567,1.3381888694907291,-0.0972434546240074,3.973394987776566,-0.0635165834906639,1.3254159493141824
95.0,60.0,132.8073272705078,-0.0284053539609936,2.667958023235447,-3.310628465455294,-3.704777443768991,-1.9452526925685567,1.3381889425493674,-0.0972434546240074,3.973394987776566,-0.0635165834906639,1.3254159493141824
95.0,60.0,132.8123321533203,-0.0284053539609936,2.6678731873640538,-3.310628465455294,-3.704762312650058,-1.9452526925685567,1.3381770144835887,-0.0964963554676013,3.973691345407941,-0.0635165834906639,1.3254159493141824
95.0,60.0,132.81610107421875,-0.0283840011646248,2.6667659008926186,-3.310608698663109,-3.704778822898513,-1.9451377662186111,1.3381778202522352,-0.0972432863427112,3.973557859251444,-0.0636856587896932,1.3254159493141824
95.0,60.0,132.81863403320312,-0.0286299613779713,2.666816663462305,-3.312244419371927,-3.704873314846298,-1.9450823672564617,1.3381664398012918,-0.096744405303271,3.9728223696569858,-0.0611324033536231,1.3254159493141824
95.0,60.0,132.81869506835938,-0.0283840011646248,2.666767025298903,-3.3106088993062097,-3.704778813378865,-1.9451377662186111,1.3382008892006598,-0.096501178595364,3.973557859251444,-0.0636836967793262,1.3254159493141824
95.0,60.0,132.81878662109375,-0.0283840011646248,2.666767025298903,-3.310608698663109,-3.704778813378865,-1.9451377662186111,1.3381770144835887,-0.096501178595364,3.973557859251444,-0.0636836967793262,1.3254159493141824
95.0,60.0,132.81878662109375,-0.0283840011646248,2.666767025298903,-3.310608698663109,-3.704778813378865,-1.9451377662186111,1.3381770144835887,-0.096501178595364,3.973557859251444,-0.0636836967793262,1.3254159493141824
95.0,60.0,132.82176208496094,-0.0284053539609936,2.666767025298903,-3.310628465455294,-3.704762312650058,-1.9452526925685567,1.3381770144835887,-0.096501178595364,3.973691345407941,-0.0635165834906639,1.3254159493141824
95.0,60.0,132.82176208496094,-0.0284053539609936,2.666767025298903,-3.310628465455294,-3.704762312650058,-1.9452526925685567,1.3381770144835887,-0.096501178595364,3.973691345407941,-0.0635165834906639,1.3254159493141824
95.0,60.0,132.82275390625,-0.0284052159719591,2.666747096243336,-3.310605994737679,-3.704887938681024,-1.9451377662186111,1.3381770144835887,-0.0964180882422935,3.973557904296893,-0.0636836967793262,1.3254990466129704
95.0,60.0,132.82704162597656,-0.0288553194362904,2.666938210931919,-3.310652632452072,-3.7047724356164458,-1.9450695130074505,1.3384975967288069,-0.0969465226365921,3.9735746734522417,-0.0617090796183982,1.325122529068515
95.0,60.0,132.82859802246094,-0.0284053539609936,2.666767025298903,-3.310628465455294,-3.704762914501403,-1.9452526925685567,1.3381770144835887,-0.0948876566331123,3.973555831000684,-0.0638724583992685,1.3254159493141824
95.0,60.0,132.83067321777344,-0.0284053539609936,2.666767025298903,-3.310628465455294,-3.704762312650058,-1.9452526925685567,1.338177973572545,-0.096558114308947,3.9735561818971927,-0.0635165834906639,1.326562838519835
95.0,60.0,132.83248901367188,-0.0286299613779713,2.667422730153254,-3.31062784909752,-3.704766356502646,-1.9450697735797973,1.3381715448341782,-0.0967360955308765,3.9735774252861535,-0.0611324033536231,1.3254159493141824
95.0,60.0,132.83261108398438,-0.0286299613779713,2.667422730153254,-3.31062784909752,-3.70477117154505,-1.9450697735797973,1.3381715255511406,-0.0967360400043829,3.9735774252861535,-0.0611324033536231,1.3254159493141824
95.0,60.0,132.83279418945312,-0.0286299613779713,2.666748512360408,-3.312243183929875,-3.704873314846298,-1.9458454538555976,1.3381664398012918,-0.096744405303271,3.973526219808184,-0.0611324033536231,1.3254159493141824
95.0,60.0,132.83981323242188,-0.0284053539609936,2.6667475770105145,-3.310628465455294,-3.704762312650058,-1.9452351431599868,1.3381704077384162,-0.0967360955308765,3.973556754792767,-0.0611672165940027,1.3254159493141824
95.0,60.0,132.8585662841797,-0.0284053539609936,2.666767025298903,-3.310628465455294,-3.705548861666625,-1.945813209090008,1.3381770144835887,-0.094847759736317,3.973555831000684,-0.0638122162242449,1.325420514120575
95.0,60.0,132.8668212890625,-0.0354320911081431,2.6667475770105145,-3.31071697545346,-3.7047671920129215,-1.945194209298709,1.3381706563390858,-0.1069488474765913,3.97357507452346,-0.0617352342435333,1.3254706257468505
95.0,60.0,132.87454223632812,-0.0357956606232146,2.6667475770105145,-3.310718526010792,-3.704685769145809,-1.945194209298709,1.338175865480815,-0.1069488474765913,3.97357507452346,-0.0617352342435333,1.326588631222067
95.0,60.0,132.88377380371094,-0.0285844094960388,2.6667475770105145,-3.3309569397016023,-3.704879756834909,-1.9458065966171327,1.338541423006963,-0.0877465983458718,3.973556754792767,-0.0568974693155094,1.3304346876695716
95.0,60.0,132.89425659179688,-0.0357756474795482,2.6667475770105145,-4.1775168274298,-3.70566423271108,-1.945194209298709,1.338175865480815,-0.1069488474765913,3.97357507452346,-0.0633115005628992,1.3267869583688865
95.0,60.0,132.90432739257812,-0.0367303665017914,2.666828759355137,-3.346415628566233,-3.704685191204997,-1.945093442957294,1.3381769806137442,-0.1107389501690146,3.973678809511569,-0.0453160752922822,1.325228912559922
95.0,60.0,132.90985107421875,-0.0284053539609936,2.6667475770105145,-3.3114962591380355,-3.704879756834909,-1.9458065966171327,1.3381694486494595,-0.0948716239439072,3.973691918303514,-0.0568974693155094,1.325490512882778
95.0,60.0,132.916259765625,-0.0284053539609936,2.6667475770105145,-3.3114962591380355,-3.704879154983564,-1.9458065966171327,1.3381704077384162,-0.096542081619742,3.973692269200024,-0.0565415944069049,1.3266374020884304
95.0,60.0,132.9197540283203,-0.0284053539609936,2.6667475770105145,-3.3114962591380355,-3.704879756834909,-1.9458065966171327,1.3381704077384162,-0.0949285596574902,3.973556754792767,-0.0568974693155094,1.3266374020884304
95.0,60.0,132.9197540283203,-0.0284053539609936,2.6667475770105145,-3.3114962591380355,-3.704879756834909,-1.9458065966171327,1.3381704077384162,-0.0949285596574902,3.973556754792767,-0.0568974693155094,1.3266374020884304
95.0,60.0,132.9197540283203,-0.0284053539609936,2.6667475770105145,-3.3114962591380355,-3.704879756834909,-1.9458065966171327,1.3381704077384162,-0.0949285596574902,3.973556754792767,-0.0568974693155094,1.3266374020884304
95.0,61.0,131.7232666015625,-0.0284053539609936,2.667941312210067,-4.140244662569115,-3.705528478124261,-1.9450773084390145,1.3384867367516105,-0.0972434546240074,3.973394987776566,-0.0634314467255812,1.3254159493141824
95.0,61.0,131.76283264160156,-0.0354459872090046,2.666748257793392,-4.137814286049129,-3.704909817471268,-1.9457552697199176,1.3381741498216166,-0.0967699607007618,3.972843643358207,-0.0617228329068114,1.3303300714056407
95.0,61.0,131.76290893554688,-0.0354587367656585,2.666802446732863,-4.140217451611548,-3.705643542820248,-1.94576017527685,1.3384867353562455,-0.1053876582951319,3.973399805952614,-0.0634341057124664,1.3253233090859406
95.0,61.0,131.76539611816406,-0.0400733570163346,2.666747828608772,-4.132011190796602,-3.704875753835415,-1.945090595356481,1.3384906878811678,-0.1084072579838417,3.973400862875133,-0.0617352342435333,1.3302936142403292
95.0,61.0,131.7769012451172,-0.0354419779219343,2.6667475770105145,-4.137814286049129,-3.704731448596698,-1.9452578653315344,1.3384924916959202,-0.0875145364367554,3.973556754792767,-0.0617954764185569,1.3255188603066534
95.0,61.0,131.77804565429688,-0.0366743340291603,2.66674487505088,-4.12818955516432,-3.704909774043531,-1.94576017527685,1.3384924916959202,-0.1111047529588377,3.973556754792767,-0.0641218243225501,1.3303300714056407
95.0,61.0,131.8029327392578,-0.0354587367656585,2.6667475770105145,-4.137814286049129,-3.705643542820248,-1.94576017527685,1.3384924916959202,-0.1054361494755399,3.973556754792767,-0.06331302557417,1.3303300714056407
95.0,61.0,131.8075714111328,-0.0354419530308215,2.6667475770105145,-4.137814286049129,-3.705518383995477,-1.9458241319328689,1.3384924916959202,-0.0874746395399602,3.973556754792767,-0.0617352342435333,1.325475792061943
95.0,61.0,131.80780029296875,-0.0354419779219343,2.6667475770105145,-4.137814286049129,-3.70551739576192,-1.945818381852985,1.3384924916959202,-0.0874746395399602,3.973556754792767,-0.0617352342435333,1.325523425113046
95.0,61.0,131.80780029296875,-0.0354419779219343,2.6667475770105145,-4.137814286049129,-3.70551739576192,-1.945818381852985,1.3384924916959202,-0.0874746395399602,3.973556754792767,-0.0617352342435333,1.325523425113046
95.0,61.0,131.80780029296875,-0.0354419779219343,2.6667475770105145,-4.137814286049129,-3.70551739576192,-1.945818381852985,1.3384924916959202,-0.0874746395399602,3.973556754792767,-0.0617352342435333,1.325523425113046
95.0,61.0,131.8114471435547,-0.0279294671750711,2.6667475770105145,-4.137814286049129,-3.70551739576192,-1.945818381852985,1.3384924916959202,-0.0880112687084866,3.973556754792767,-0.0617352342435333,1.3255246949430153
95.0,61.0,131.81398010253906,-0.0289391580334811,2.6667475770105145,-4.137814286049129,-3.70551739576192,-1.9452500916238613,1.338483123820993,-0.0874654625395694,3.973556754792767,-0.0617352342435333,1.3255199425883266
95.0,61.0,131.85499572753906,-0.0400733570163346,2.6667475886253267,-4.138082875340783,-3.7056314213021153,-1.945800670321188,1.3384906878811678,-0.1083589229932973,3.973400862875133,-0.0617352342435333,1.3302936142403292
95.0,61.0,131.85499572753906,-0.0400733570163346,2.6667475886253267,-4.138082875340783,-3.7056314213021153,-1.945800670321188,1.3384906878811678,-0.1083589229932973,3.973400862875133,-0.0617352342435333,1.3302936142403292
95.0,61.0,131.86932373046875,-0.0354459872090046,2.6667475770105145,-4.137814286049129,-3.704909817471268,-1.94576017527685,1.3384924916959202,-0.0874746395399602,3.973556754792767,-0.0617352342435333,1.3303300714056407
95.0,61.0,131.86932373046875,-0.0354459872090046,2.6667475770105145,-4.137814286049129,-3.704909817471268,-1.94576017527685,1.3384924916959202,-0.0874746395399602,3.973556754792767,-0.0617352342435333,1.3303300714056407
95.0,61.0,131.90911865234375,-0.0367883780947722,2.66674487505088,-4.137814286049129,-3.704909774043531,-1.94576017527685,1.3384924916959202,-0.1111544209005899,3.973556754792767,-0.0602663170729658,1.3303300714056407
95.0,61.0,132.146240234375,0.0018514144254521,2.666831750535547,-4.137814286049129,-3.704686361564797,-1.9450568065748253,1.338496257480375,-0.0867563535266927,3.973556754792767,-0.0617352342435333,1.3303300714056407
95.0,61.0,132.14793395996094,0.0018514144254521,2.666747956421675,-4.137814286049129,-3.704686361564797,-1.9450568065748253,1.338185877060184,-0.0867563535266927,3.973556754792767,-0.0617352342435333,1.3303300714056407
95.0,61.0,132.5126953125,-0.0284053539609936,2.667943562750669,-3.3464130271405423,-3.7047709722818087,-1.9452526925685567,1.338188235103384,-0.09729207306969,3.973394987776566,-0.0631956054668922,1.325221290792415
95.0,61.0,132.62094116210938,-0.0284053539609936,2.6667076673558108,-3.3350304641763,-3.704762312650058,-1.945242141626696,1.338501125763263,-0.105923535237263,3.973691345407941,-0.0635198203631673,1.3254159493141824
95.0,61.0,132.6619415283203,-0.0354419779219343,2.6668313711243865,-3.3081980887037465,-3.669993865331032,-1.9458252790281785,1.338516767971116,-0.105102009945874,3.973556754792767,-0.0617724135026713,1.325523425113046
95.0,61.0,132.7403564453125,-0.0354419779219343,2.6667475770105145,-3.3081980887037465,-3.669993865331032,-1.9458252790281785,1.3382063875509251,-0.0874746395399602,3.973556754792767,-0.0617724135026713,1.325523425113046
95.0,61.0,132.74099731445312,-0.0290398009522171,2.66683346707007,-3.3186653581755503,-3.704684344999044,-1.9452351431599868,1.3381704077384162,-0.0967360955308765,3.973556754792767,-0.0617294851614899,1.3254105983689712
95.0,61.0,132.74896240234375,-0.0283848655147206,2.666767025298903,-3.387155717605155,-3.704778813378865,-1.9450735146926152,1.3382008892006598,-0.0965347653296661,3.973556186084188,-0.0634396015948533,1.3254159493141824
95.0,61.0,132.7826385498047,-0.0284053539609936,2.667958023235447,-3.3464130271405423,-3.704689312857306,-1.9452526925685567,1.3381888694907291,-0.09729207306969,3.973394987776566,-0.0457543368269236,1.3252214175639068
95.0,61.0,132.7826385498047,-0.0284053539609936,2.667958023235447,-3.3464130271405423,-3.704689312857306,-1.9452526925685567,1.3381888694907291,-0.09729207306969,3.973394987776566,-0.0457543368269236,1.3252214175639068
95.0,61.0,132.78274536132812,-0.0291987360354951,2.66683346707007,-4.141098837030274,-3.704683189194462,-1.9457723400557885,1.338495997705968,0.399325365712427,3.973556754792767,-0.0617294851614899,1.3254128097214866
95.0,61.0,132.78286743164062,-0.0354319223042246,2.667941312210067,-3.311319223913324,-3.704777443768991,-1.9450904109856413,1.3381974314051424,-0.0972434546240074,3.973394987776566,-0.0634686259847191,1.3254159493141824
95.0,61.0,132.79849243164062,-0.036878041700918,2.6667709754691806,-3.310628465455294,-3.704772801176098,-1.945084205614208,1.3381720942575015,-0.0974375276091574,3.973684088896084,-0.0636912013256655,1.3252263048207966
95.0,61.0,132.80511474609375,-0.0284443317011648,2.667958023235447,-3.310628465455294,-3.704777443768991,-1.945090452249345,1.3381889302810497,-0.0972423236384365,3.973394987776566,-0.0635165834906639,1.3254159493141824
95.0,61.0,132.80545043945312,-0.0284053539609936,2.667941312210067,-3.310628465455294,-3.704777443768991,-1.945084205614208,1.3382006326066151,-0.0972434546240074,3.973394987776566,-0.0634686259847191,1.3254159493141824
95.0,61.0,132.8073272705078,-0.0284053539609936,2.667958023235447,-3.310628465455294,-3.704777443768991,-1.9452526925685567,1.3381888694907291,-0.0972434546240074,3.973394987776566,-0.0635165834906639,1.3254159493141824
95.0,61.0,132.8073272705078,-0.0284053539609936,2.667958023235447,-3.310628465455294,-3.704777443768991,-1.9452526925685567,1.3381888694907291,-0.0972434546240074,3.973394987776566,-0.0635165834906639,1.3254159493141824
95.0,61.0,132.8073272705078,-0.0284053539609936,2.667958023235447,-3.310628465455294,-3.704777443768991,-1.9452526925685567,1.3381889425493674,-0.0972434546240074,3.973394987776566,-0.0635165834906639,1.3254159493141824
95.0,61.0,132.8073272705078,-0.0284053539609936,2.667958023235447,-3.310628465455294,-3.704777443768991,-1.9452526925685567,1.3381889425493674,-0.0972434546240074,3.973394987776566,-0.0635165834906639,1.3254159493141824
95.0,61.0,132.80844116210938,-0.036878041700918,2.666771784629949,-3.310628465455294,-3.704775103550499,-1.9457871842978087,1.3381720942575015,-0.0974375276091574,3.97368628773756,-0.0637191537588691,1.3252263048207966
95.0,61.0,132.80873107910156,-0.0284053539609936,2.667958023235447,-3.310628465455294,-3.704761609282425,-1.9452526925685567,1.3381888694907291,-0.0972434546240074,3.973684869369755,-0.0635165834906639,1.3254159493141824
95.0,61.0,132.8123321533203,-0.0284053539609936,2.6678731873640538,-3.310628465455294,-3.704762312650058,-1.9452526925685567,1.3381770144835887,-0.0964963554676013,3.973691345407941,-0.0635165834906639,1.3254159493141824
95.0,61.0,132.81610107421875,-0.0283840011646248,2.6667659008926186,-3.310608698663109,-3.704778822898513,-1.9451377662186111,1.3381778202522352,-0.0972432863427112,3.973557859251444,-0.0636856587896932,1.3254159493141824
95.0,61.0,132.81863403320312,-0.0286299613779713,2.666816663462305,-3.312244419371927,-3.704873314846298,-1.9450823672564617,1.3381664398012918,-0.096744405303271,3.9728223696569858,-0.0611324033536231,1.3254159493141824
95.0,61.0,132.81869506835938,-0.0283840011646248,2.666767025298903,-3.3106088993062097,-3.704778813378865,-1.9451377662186111,1.3382008892006598,-0.096501178595364,3.973557859251444,-0.0636836967793262,1.3254159493141824
95.0,61.0,132.81878662109375,-0.0283840011646248,2.666767025298903,-3.310608698663109,-3.704778813378865,-1.9451377662186111,1.3381770144835887,-0.096501178595364,3.973557859251444,-0.0636836967793262,1.3254159493141824
95.0,61.0,132.81878662109375,-0.0283840011646248,2.666767025298903,-3.310608698663109,-3.704778813378865,-1.9451377662186111,1.3381770144835887,-0.096501178595364,3.973557859251444,-0.0636836967793262,1.3254159493141824
95.0,61.0,132.81878662109375,-0.0283840011646248,2.666767025298903,-3.310608698663109,-3.704778813378865,-1.9451377662186111,1.3381770144835887,-0.096501178595364,3.973557859251444,-0.0636836967793262,1.3254159493141824
95.0,61.0,132.82032775878906,-0.0284053539609936,2.666767025298903,-3.310628465455294,-3.704778147136624,-1.9452526925685567,1.3381770144835887,-0.096501178595364,3.973401463814752,-0.0635165834906639,1.3254159493141824
95.0,61.0,132.82176208496094,-0.0284053539609936,2.666767025298903,-3.310628465455294,-3.704762312650058,-1.9452526925685567,1.3381770144835887,-0.096501178595364,3.973691345407941,-0.0635165834906639,1.3254159493141824
95.0,61.0,132.82176208496094,-0.0284053539609936,2.666767025298903,-3.310628465455294,-3.704762312650058,-1.9452526925685567,1.3381770144835887,-0.096501178595364,3.973691345407941,-0.0635165834906639,1.3254159493141824
95.0,61.0,132.82275390625,-0.0284052159719591,2.666747096243336,-3.310605994737679,-3.704887938681024,-1.9451377662186111,1.3381770144835887,-0.0964180882422935,3.973557904296893,-0.0636836967793262,1.3254990466129704
95.0,62.0,131.56671142578125,-0.02834923472212,2.6667800113397684,-4.119098011690061,-3.7055162778033233,-1.945818381852985,1.3384924916959202,-0.097072731872263,3.973556754792767,-0.0617352342435333,1.3254101697928693
95.0,62.0,131.7036895751953,-0.028402451225132,2.666746197434845,-4.137814286049129,-3.705515653577423,-1.9458206185112288,1.3384924916959202,-0.0963509022165658,3.973556754792767,-0.0636754723282819,1.3255246949430153
95.0,62.0,131.7232666015625,-0.0284053539609936,2.667941312210067,-4.140244662569115,-3.705528478124261,-1.9450773084390145,1.3384867367516105,-0.0972434546240074,3.973394987776566,-0.0634314467255812,1.3254159493141824
95.0,62.0,131.74684143066406,-0.0354459872090046,2.666748257793392,-4.137731971496001,-3.704909817471268,-1.9457552697199176,1.3381741498216166,-0.0967807449010737,3.972843643358207,-0.0635557455696288,1.3303300714056407
95.0,62.0,131.76283264160156,-0.0354459872090046,2.666748257793392,-4.137814286049129,-3.704909817471268,-1.9457552697199176,1.3381741498216166,-0.0967699607007618,3.972843643358207,-0.0617228329068114,1.3303300714056407
95.0,62.0,131.76290893554688,-0.0354587367656585,2.666802446732863,-4.140217451611548,-3.705643542820248,-1.94576017527685,1.3384867353562455,-0.1053876582951319,3.973399805952614,-0.0634341057124664,1.3253233090859406
95.0,62.0,131.76316833496094,-0.03669289572431,2.666802446732863,-4.1403052003113725,-3.705621788213648,-1.94576017527685,1.3384864833515648,-0.1053876582951319,3.9733997795862304,-0.0634341057124664,1.325295784035986
95.0,62.0,131.76539611816406,-0.0400733570163346,2.666747828608772,-4.132011190796602,-3.704875753835415,-1.945090595356481,1.3384906878811678,-0.1084072579838417,3.973400862875133,-0.0617352342435333,1.3302936142403292
95.0,62.0,131.7674560546875,-0.0354419779219343,2.6679463142195705,-4.137814286049129,-3.704727421183887,-1.9452529398163405,1.3381961976703507,-0.0875145364367554,3.973556754792767,-0.0617954764185569,1.3255188603066534
95.0,62.0,131.7769012451172,-0.0354419779219343,2.6667475770105145,-4.137814286049129,-3.704731448596698,-1.9452578653315344,1.3384924916959202,-0.0875145364367554,3.973556754792767,-0.0617954764185569,1.3255188603066534
95.0,62.0,131.77804565429688,-0.0366743340291603,2.66674487505088,-4.12818955516432,-3.704909774043531,-1.94576017527685,1.3384924916959202,-0.1111047529588377,3.973556754792767,-0.0641218243225501,1.3303300714056407
95.0,62.0,131.7862091064453,-0.0354419779219343,2.666826487656489,-4.137796631172306,-3.704751592393438,-1.945818381852985,1.3384958883966669,-0.0874746395399602,3.973556754792767,-0.0617352342435333,1.3255293209845196
95.0,62.0,131.7959442138672,-0.0354419530308215,2.667990209006313,-4.137814286049129,-3.705518383995477,-1.9458666277601104,1.3384924916959202,-0.0874746395399602,3.973556754792767,-0.0617352342435333,1.3252195124525803
95.0,62.0,131.8029327392578,-0.0354587367656585,2.6667475770105145,-4.137814286049129,-3.705643542820248,-1.94576017527685,1.3384924916959202,-0.1054361494755399,3.973556754792767,-0.06331302557417,1.3303300714056407
95.0,62.0,131.8075714111328,-0.0354419530308215,2.6667475770105145,-4.137814286049129,-3.705518383995477,-1.9458241319328689,1.3384924916959202,-0.0874746395399602,3.973556754792767,-0.0617352342435333,1.325475792061943
95.0,62.0,131.80780029296875,-0.0354419779219343,2.6667475770105145,-4.137814286049129,-3.70551739576192,-1.945818381852985,1.3384924916959202,-0.0874746395399602,3.973556754792767,-0.0617352342435333,1.325523425113046
95.0,62.0,131.80780029296875,-0.0354419779219343,2.6667475770105145,-4.137814286049129,-3.70551739576192,-1.945818381852985,1.3384924916959202,-0.0874746395399602,3.973556754792767,-0.0617352342435333,1.325523425113046
95.0,62.0,131.80780029296875,-0.0354419779219343,2.6667475770105145,-4.137814286049129,-3.70551739576192,-1.945818381852985,1.3384924916959202,-0.0874746395399602,3.973556754792767,-0.0617352342435333,1.325523425113046
95.0,62.0,131.8114471435547,-0.0279294671750711,2.6667475770105145,-4.137814286049129,-3.70551739576192,-1.945818381852985,1.3384924916959202,-0.0880112687084866,3.973556754792767,-0.0617352342435333,1.3255246949430153
95.0,62.0,131.81398010253906,-0.0289391580334811,2.6667475770105145,-4.137814286049129,-3.70551739576192,-1.9452500916238613,1.338483123820993,-0.0874654625395694,3.973556754792767,-0.0617352342435333,1.3255199425883266
95.0,62.0,131.83966064453125,-0.0367206242194095,2.6667479776316925,-4.137814286049129,-3.704909774043531,-1.94511922880434,1.3384924916959202,-0.1084648032498281,3.973560329136252,-0.0602663170729658,1.3303287132268675
95.0,62.0,131.85499572753906,-0.0400733570163346,2.6667475886253267,-4.138082875340783,-3.7056314213021153,-1.945800670321188,1.3384906878811678,-0.1083589229932973,3.973400862875133,-0.0617352342435333,1.3302936142403292
95.0,62.0,131.85499572753906,-0.0400733570163346,2.6667475886253267,-4.138082875340783,-3.7056314213021153,-1.945800670321188,1.3384906878811678,-0.1083589229932973,3.973400862875133,-0.0617352342435333,1.3302936142403292
95.0,62.0,131.86932373046875,-0.0354459872090046,2.6667475770105145,-4.137814286049129,-3.704909817471268,-1.94576017527685,1.3384924916959202,-0.0874746395399602,3.973556754792767,-0.0617352342435333,1.3303300714056407
95.0,62.0,131.86932373046875,-0.0354459872090046,2.6667475770105145,-4.137814286049129,-3.704909817471268,-1.94576017527685,1.3384924916959202,-0.0874746395399602,3.973556754792767,-0.0617352342435333,1.3303300714056407
95.0,62.0,131.88255310058594,-0.0400733570163346,2.6668008253713613,-4.140108835423654,-3.7056623644158897,-1.945090595356481,1.3384906069728808,-0.1084072579838417,3.973400862875133,-0.0617352342435333,1.3302936142403292
95.0,62.0,131.90911865234375,-0.0367883780947722,2.66674487505088,-4.137814286049129,-3.704909774043531,-1.94576017527685,1.3384924916959202,-0.1111544209005899,3.973556754792767,-0.0602663170729658,1.3303300714056407
95.0,62.0,132.1111602783203,0.0023949273441289,2.6667475770105145,-4.137814286049129,-3.705512238698841,-1.945821067680038,1.3384924916959202,-0.0867452428961702,3.973556754792767,-0.0617352342435333,1.325523425113046
95.0,62.0,132.146240234375,0.0018514144254521,2.666831750535547,-4.137814286049129,-3.704686361564797,-1.9450568065748253,1.338496257480375,-0.0867563535266927,3.973556754792767,-0.0617352342435333,1.3303300714056407
95.0,62.0,132.14793395996094,0.0018514144254521,2.666747956421675,-4.137814286049129,-3.704686361564797,-1.9450568065748253,1.338185877060184,-0.0867563535266927,3.973556754792767,-0.0617352342435333,1.3303300714056407
95.0,62.0,132.5126953125,-0.0284053539609936,2.667943562750669,-3.3464130271405423,-3.7047709722818087,-1.9452526925685567,1.338188235103384,-0.09729207306969,3.973394987776566,-0.0631956054668922,1.325221290792415
95.0,62.0,132.62094116210938,-0.0284053539609936,2.6667076673558108,-3.3350304641763,-3.704762312650058,-1.945242141626696,1.338501125763263,-0.105923535237263,3.973691345407941,-0.0635198203631673,1.3254159493141824
95.0,62.0,132.6619415283203,-0.0354419779219343,2.6668313711243865,-3.3081980887037465,-3.669993865331032,-1.9458252790281785,1.338516767971116,-0.105102009945874,3.973556754792767,-0.0617724135026713,1.325523425113046
95.0,62.0,132.73806762695312,-0.0366724188826685,2.6667475770105145,-3.3081980887037465,-3.670087115987217,-1.94576459239588,1.338189564025991,-0.0874746395399602,3.973556754792767,-0.0617724135026713,1.325523425113046
95.0,62.0,132.7403564453125,-0.0354419779219343,2.6667475770105145,-3.3081980887037465,-3.669993865331032,-1.9458252790281785,1.3382063875509251,-0.0874746395399602,3.973556754792767,-0.0617724135026713,1.325523425113046
95.0,62.0,132.74099731445312,-0.0290398009522171,2.66683346707007,-3.3186653581755503,-3.704684344999044,-1.9452351431599868,1.3381704077384162,-0.0967360955308765,3.973556754792767,-0.0617294851614899,1.3254105983689712
95.0,62.0,132.74896240234375,-0.0283848655147206,2.666767025298903,-3.387155717605155,-3.704778813378865,-1.9450735146926152,1.3382008892006598,-0.0965347653296661,3.973556186084188,-0.0634396015948533,1.3254159493141824
95.0,62.0,132.7826385498047,-0.0284053539609936,2.667958023235447,-3.3464130271405423,-3.704689312857306,-1.9452526925685567,1.3381888694907291,-0.09729207306969,3.973394987776566,-0.0457543368269236,1.3252214175639068
95.0,62.0,132.7826385498047,-0.0284053539609936,2.667958023235447,-3.3464130271405423,-3.704689312857306,-1.9452526925685567,1.3381888694907291,-0.09729207306969,3.973394987776566,-0.0457543368269236,1.3252214175639068
95.0,62.0,132.78274536132812,-0.0291987360354951,2.66683346707007,-4.141098837030274,-3.704683189194462,-1.9457723400557885,1.338495997705968,0.399325365712427,3.973556754792767,-0.0617294851614899,1.3254128097214866
95.0,62.0,132.78282165527344,-0.0354319223042246,2.667941312210067,-3.311319223913324,-3.704777443768991,-1.9450831440457192,1.3381975972994624,-0.0972434546240074,3.973394987776566,-0.0634686259847191,1.3254249617777234
95.0,62.0,132.78286743164062,-0.0354319223042246,2.667941312210067,-3.311319223913324,-3.704777443768991,-1.9450904109856413,1.3381974314051424,-0.0972434546240074,3.973394987776566,-0.0634686259847191,1.3254159493141824
95.0,62.0,132.7923583984375,-0.0353960106211254,2.66797666291736,-3.310628465455294,-3.7047414148555777,-1.9452484120195832,1.3381888694907291,-0.0972434546240074,3.973394987776566,-0.0635165834906639,1.325522727892809
95.0,62.0,132.79849243164062,-0.036878041700918,2.6667709754691806,-3.310628465455294,-3.704772801176098,-1.945084205614208,1.3381720942575015,-0.0974375276091574,3.973684088896084,-0.0636912013256655,1.3252263048207966
95.0,62.0,132.80433654785156,-0.0291987360354951,2.666754556424096,-4.141116491907096,-3.705448992562944,-1.9457723400557885,1.3384926010052218,0.399325365712427,3.973556754792767,-0.0617294851614899,1.3254069138500133
95.0,62.0,132.80511474609375,-0.0284443317011648,2.667958023235447,-3.310628465455294,-3.704777443768991,-1.945090452249345,1.3381889302810497,-0.0972423236384365,3.973394987776566,-0.0635165834906639,1.3254159493141824
95.0,62.0,132.80545043945312,-0.0284053539609936,2.667941312210067,-3.310628465455294,-3.704777443768991,-1.945084205614208,1.3382006326066151,-0.0972434546240074,3.973394987776566,-0.0634686259847191,1.3254159493141824
95.0,62.0,132.8073272705078,-0.0284053539609936,2.667958023235447,-3.310628465455294,-3.704777443768991,-1.9452526925685567,1.3381888694907291,-0.0972434546240074,3.973394987776566,-0.0635165834906639,1.3254159493141824
95.0,62.0,132.8073272705078,-0.0284053539609936,2.667958023235447,-3.310628465455294,-3.704777443768991,-1.9452526925685567,1.3381888694907291,-0.0972434546240074,3.973394987776566,-0.0635165834906639,1.3254159493141824
95.0,62.0,132.8073272705078,-0.0284053539609936,2.667958023235447,-3.310628465455294,-3.704777443768991,-1.9452526925685567,1.3381889425493674,-0.0972434546240074,3.973394987776566,-0.0635165834906639,1.3254159493141824
95.0,63.0,131.56671142578125,-0.02834923472212,2.6667800113397684,-4.119098011690061,-3.7055162778033233,-1.945818381852985,1.3384924916959202,-0.097072731872263,3.973556754792767,-0.0617352342435333,1.3254101697928693
95.0,63.0,131.68331909179688,-0.0284053539609936,2.666625110635363,-4.137687524718073,-3.7055347447508575,-1.9450773084390145,1.3384867367516105,-0.0972434546240074,3.973394987776566,-0.0634314467255812,1.324560189671163
95.0,63.0,131.69622802734375,-0.0400733570163346,2.6667475886253267,-4.1219071702670655,-3.7056314213021153,-1.9458143991385588,1.3381742819038434,-0.1083589229932973,3.973403803868048,-0.0637258763708646,1.3302936142403292
95.0,63.0,131.7036895751953,-0.028402451225132,2.666746197434845,-4.137814286049129,-3.705515653577423,-1.9458206185112288,1.3384924916959202,-0.0963509022165658,3.973556754792767,-0.0636754723282819,1.3255246949430153
95.0,63.0,131.7232666015625,-0.0284053539609936,2.667941312210067,-4.140244662569115,-3.705528478124261,-1.9450773084390145,1.3384867367516105,-0.0972434546240074,3.973394987776566,-0.0634314467255812,1.3254159493141824
95.0,63.0,131.73194885253906,-0.0353763436227486,2.6679717752032177,-4.137731971496001,-3.704909817471268,-1.9452899629854687,1.3381741498216166,-0.0972886598168017,3.9728529038799967,-0.0635557455696288,1.3304345089856893
95.0,63.0,131.73782348632812,-0.027445393337464,2.6667475770105145,-4.132118943237065,-3.70551739576192,-1.9451137257074256,1.3384924872859587,-0.0885023583818186,3.973576188651987,-0.0617352342435333,1.3255246949430153
95.0,63.0,131.73788452148438,-0.0286755752433877,2.667941312210067,-4.140244662569115,-3.705518397378042,-1.945080923756641,1.3384867367516105,-0.0972434546240074,3.973394987776566,-0.061608051963035,1.3254159493141824
95.0,63.0,131.74684143066406,-0.0354459872090046,2.666748257793392,-4.137731971496001,-3.704909817471268,-1.9457552697199176,1.3381741498216166,-0.0967807449010737,3.972843643358207,-0.0635557455696288,1.3303300714056407
95.0,63.0,131.76283264160156,-0.0354459872090046,2.666748257793392,-4.137814286049129,-3.704909817471268,-1.9457552697199176,1.3381741498216166,-0.0967699607007618,3.972843643358207,-0.0617228329068114,1.3303300714056407
95.0,63.0,131.76290893554688,-0.0354587367656585,2.666802446732863,-4.140217451611548,-3.705643542820248,-1.94576017527685,1.3384867353562455,-0.1053876582951319,3.973399805952614,-0.0634341057124664,1.3253233090859406
95.0,63.0,131.76316833496094,-0.03669289572431,2.666802446732863,-4.1403052003113725,-3.705621788213648,-1.94576017527685,1.3384864833515648,-0.1053876582951319,3.9733997795862304,-0.0634341057124664,1.325295784035986
95.0,63.0,131.76539611816406,-0.0400733570163346,2.666747828608772,-4.132011190796602,-3.704875753835415,-1.945090595356481,1.3384906878811678,-0.1084072579838417,3.973400862875133,-0.0617352342435333,1.3302936142403292
95.0,63.0,131.7674560546875,-0.0354419779219343,2.6679463142195705,-4.137814286049129,-3.704727421183887,-1.9452529398163405,1.3381961976703507,-0.0875145364367554,3.973556754792767,-0.0617954764185569,1.3255188603066534
95.0,63.0,131.7769012451172,-0.0354419779219343,2.6667475770105145,-4.137814286049129,-3.704731448596698,-1.9452578653315344,1.3384924916959202,-0.0875145364367554,3.973556754792767,-0.0617954764185569,1.3255188603066534
95.0,63.0,131.77723693847656,-0.0367206242194095,2.6667789755345974,-4.137814286049129,-3.704969743966304,-1.94511922880434,1.3384924916959202,-0.0965891271811888,3.97356020084469,-0.0602083661441556,1.3304394898326684
95.0,63.0,131.77804565429688,-0.0366743340291603,2.66674487505088,-4.12818955516432,-3.704909774043531,-1.94576017527685,1.3384924916959202,-0.1111047529588377,3.973556754792767,-0.0641218243225501,1.3303300714056407
95.0,63.0,131.78173828125,-0.0351717317484275,2.667990209006313,-4.137814286049129,-3.705528464741696,-1.945863012442483,1.3384924916959202,-0.0874746395399602,3.973556754792767,-0.0635586290060795,1.3252195124525803
95.0,63.0,131.7862091064453,-0.0354419779219343,2.666826487656489,-4.137796631172306,-3.704751592393438,-1.945818381852985,1.3384958883966669,-0.0874746395399602,3.973556754792767,-0.0617352342435333,1.3255293209845196
95.0,63.0,131.7959442138672,-0.0354419530308215,2.667990209006313,-4.137814286049129,-3.705518383995477,-1.9458666277601104,1.3384924916959202,-0.0874746395399602,3.973556754792767,-0.0617352342435333,1.3252195124525803
95.0,63.0,131.79702758789062,-0.0354586742563187,2.6667475770105145,-4.137814286049129,-3.7056433517030456,-1.945818381852985,1.3384924916959202,-0.0874746395399602,3.973556754792767,-0.0634524633773706,1.325476540567036
95.0,63.0,131.8029327392578,-0.0354587367656585,2.6667475770105145,-4.137814286049129,-3.705643542820248,-1.94576017527685,1.3384924916959202,-0.1054361494755399,3.973556754792767,-0.06331302557417,1.3303300714056407
95.0,63.0,131.8075714111328,-0.0354419530308215,2.6667475770105145,-4.137814286049129,-3.705518383995477,-1.9458241319328689,1.3384924916959202,-0.0874746395399602,3.973556754792767,-0.0617352342435333,1.325475792061943
95.0,63.0,131.8075714111328,-0.0354419530308215,2.6667475770105145,-4.137814286049129,-3.705518383995477,-1.9458241319328689,1.3384924916959202,-0.0874746395399602,3.973556754792767,-0.0617352342435333,1.325475792061943
95.0,63.0,131.80780029296875,-0.0354419779219343,2.6667475770105145,-4.137814286049129,-3.70551739576192,-1.945818381852985,1.3384924916959202,-0.0874746395399602,3.973556754792767,-0.0617352342435333,1.325523425113046
95.0,63.0,131.80780029296875,-0.0354419779219343,2.6667475770105145,-4.137814286049129,-3.70551739576192,-1.945818381852985,1.3384924916959202,-0.0874746395399602,3.973556754792767,-0.0617352342435333,1.325523425113046
95.0,63.0,131.80780029296875,-0.0354419779219343,2.6667475770105145,-4.137814286049129,-3.70551739576192,-1.945818381852985,1.3384924916959202,-0.0874746395399602,3.973556754792767,-0.0617352342435333,1.325523425113046
95.0,63.0,131.8114471435547,-0.0279294671750711,2.6667475770105145,-4.137814286049129,-3.70551739576192,-1.945818381852985,1.3384924916959202,-0.0880112687084866,3.973556754792767,-0.0617352342435333,1.3255246949430153
95.0,63.0,131.81398010253906,-0.0289391580334811,2.6667475770105145,-4.137814286049129,-3.70551739576192,-1.9452500916238613,1.338483123820993,-0.0874654625395694,3.973556754792767,-0.0617352342435333,1.3255199425883266
95.0,63.0,131.8234100341797,-0.036690061891631,2.6667479776316925,-4.137814286049129,-3.704909774043531,-1.94511922880434,1.3384924916959202,-0.107337334557488,3.973560267107914,-0.0602663170729658,1.3303287132268675
95.0,63.0,131.83108520507812,-0.0443088199872803,2.666745094042932,-4.137985949460362,-3.704875753835415,-1.945090595356481,1.3384906878811678,-0.1084072579838417,3.973400862875133,-0.0617352342435333,1.3302936142403292
95.0,63.0,131.83712768554688,-0.036982473089288,2.6668042025197405,-4.1403052003113725,-3.705621788213648,-1.945760651484204,1.3384864833515648,-0.0874746407305919,3.9733997795862304,-0.0634341057124664,1.325310224997767
95.0,63.0,131.83966064453125,-0.0367206242194095,2.6667479776316925,-4.137814286049129,-3.704909774043531,-1.94511922880434,1.3384924916959202,-0.1084648032498281,3.973560329136252,-0.0602663170729658,1.3303287132268675
95.0,63.0,131.84107971191406,-0.0355249873150377,2.667955967658373,-4.137814286049129,-3.7047938021037545,-1.945107169741724,1.3384623317111837,-0.0875145364367554,3.973556754792767,-0.0617954764185569,1.3302231818344452
95.0,63.0,131.84434509277344,-0.0354765495367831,2.6667475770105145,-4.137814286049129,-3.704909817471268,-1.94576017527685,1.3384924916959202,-0.0886021082323002,3.973556816821105,-0.0617352342435333,1.3303300714056407
95.0,63.0,131.85499572753906,-0.0400733570163346,2.6667475886253267,-4.138082875340783,-3.7056314213021153,-1.945800670321188,1.3384906878811678,-0.1083589229932973,3.973400862875133,-0.0617352342435333,1.3302936142403292
95.0,63.0,131.85499572753906,-0.0400733570163346,2.6667475886253267,-4.138082875340783,-3.7056314213021153,-1.945800670321188,1.3384906878811678,-0.1083589229932973,3.973400862875133,-0.0617352342435333,1.3302936142403292
95.0,63.0,131.86888122558594,-0.0354587367656585,2.6680637785852186,-4.140371423900172,-3.7056372761936514,-1.94576017527685,1.3384924916959202,-0.1054361494755399,3.973556754792767,-0.06331302557417,1.33118583104866
95.0,63.0,131.86932373046875,-0.0354459872090046,2.6667475770105145,-4.137814286049129,-3.704909817471268,-1.94576017527685,1.3384924916959202,-0.0874746395399602,3.973556754792767,-0.0617352342435333,1.3303300714056407
95.0,63.0,131.86932373046875,-0.0354459872090046,2.6667475770105145,-4.137814286049129,-3.704909817471268,-1.94576017527685,1.3384924916959202,-0.0874746395399602,3.973556754792767,-0.0617352342435333,1.3303300714056407
95.0,63.0,131.88255310058594,-0.0400733570163346,2.6668008253713613,-4.140108835423654,-3.7056623644158897,-1.945090595356481,1.3384906069728808,-0.1084072579838417,3.973400862875133,-0.0617352342435333,1.3302936142403292
95.0,63.0,131.90911865234375,-0.0367883780947722,2.66674487505088,-4.137814286049129,-3.704909774043531,-1.94576017527685,1.3384924916959202,-0.1111544209005899,3.973556754792767,-0.0602663170729658,1.3303300714056407
95.0,63.0,131.93435668945312,-0.0354275250280851,2.651878874508492,-4.141098837030274,-3.704683189194462,-1.9458254826454493,1.338495997705968,-0.0947722523558131,3.973556754792767,-0.061774276018245,1.3254128097214866
95.0,63.0,132.1111602783203,0.0023949273441289,2.6667475770105145,-4.137814286049129,-3.705512238698841,-1.945821067680038,1.3384924916959202,-0.0867452428961702,3.973556754792767,-0.0617352342435333,1.325523425113046
95.0,63.0,132.146240234375,0.0018514144254521,2.666831750535547,-4.137814286049129,-3.704686361564797,-1.9450568065748253,1.338496257480375,-0.0867563535266927,3.973556754792767,-0.0617352342435333,1.3303300714056407
95.0,63.0,132.14793395996094,0.0018514144254521,2.666747956421675,-4.137814286049129,-3.704686361564797,-1.9450568065748253,1.338185877060184,-0.0867563535266927,3.973556754792767,-0.0617352342435333,1.3303300714056407
95.0,63.0,132.20236206054688,0.0060868773963978,2.6668344851013868,-4.131839527385369,-3.704686361564797,-1.9450568065748253,1.338496257480375,-0.0867563535266927,3.973556754792767,-0.0617352342435333,1.3303300714056407
95.0,63.0,132.42779541015625,-0.0354587367656585,2.734634879347867,-4.137779773239098,-3.705643542820248,-1.9452416422895047,1.3384867353562455,-0.0868764091975624,3.973398490217297,-0.0634341057124664,1.3253231940917647
95.0,63.0,132.5126953125,-0.0284053539609936,2.667943562750669,-3.3464130271405423,-3.7047709722818087,-1.9452526925685567,1.338188235103384,-0.09729207306969,3.973394987776566,-0.0631956054668922,1.325221290792415
95.0,63.0,132.5320281982422,-0.0400733570163346,2.73959385414632,-4.140108835423654,-3.7056623644158897,-1.9451050395497849,1.3384906069728808,-0.1084072579838417,3.973401145492489,-0.0617352342435333,1.3256352255831312
95.0,64.0,131.56671142578125,-0.02834923472212,2.6667800113397684,-4.119098011690061,-3.7055162778033233,-1.945818381852985,1.3384924916959202,-0.097072731872263,3.973556754792767,-0.0617352342435333,1.3254101697928693
95.0,64.0,131.61231994628906,-0.0283323978014396,2.6667828193254746,-4.118966666589274,-3.704908539037432,-1.945754523710847,1.3384900429878592,-0.0967824465080085,3.9735101832903847,-0.0635917371361302,1.3302770423088204
95.0,64.0,131.64651489257812,-0.0353763436227486,2.667971612930295,-4.137731241716676,-3.704719222353949,-1.9452546381117168,1.3381741498216166,-0.0972886598168017,3.973695869315431,-0.0635557455696288,1.3254564864694047
95.0,64.0,131.6783447265625,-0.0352605014832882,2.666631024143963,-4.137687524718073,-3.7055347447508575,-1.9457564356266115,1.3384867367516105,-0.0972561973636413,3.973396158384958,-0.0634377862395592,1.324560189671163
95.0,64.0,131.68331909179688,-0.0284053539609936,2.666625110635363,-4.137687524718073,-3.7055347447508575,-1.9450773084390145,1.3384867367516105,-0.0972434546240074,3.973394987776566,-0.0634314467255812,1.324560189671163
95.0,64.0,131.695068359375,-0.0396297734356488,2.6667475886253267,-4.1219071702670655,-3.7056314213021153,-1.9458143991385588,1.3384911105496682,-0.1083589229932973,3.973403803868048,-0.0636742424652943,1.3302936142403292
95.0,64.0,131.69622802734375,-0.0400733570163346,2.6667475886253267,-4.1219071702670655,-3.7056314213021153,-1.9458143991385588,1.3381742819038434,-0.1083589229932973,3.973403803868048,-0.0637258763708646,1.3302936142403292
95.0,64.0,131.7036895751953,-0.028402451225132,2.666746197434845,-4.137814286049129,-3.705515653577423,-1.9458206185112288,1.3384924916959202,-0.0963509022165658,3.973556754792767,-0.0636754723282819,1.3255246949430153
95.0,64.0,131.7232666015625,-0.0284053539609936,2.667941312210067,-4.140244662569115,-3.705528478124261,-1.9450773084390145,1.3384867367516105,-0.0972434546240074,3.973394987776566,-0.0634314467255812,1.3254159493141824
95.0,64.0,131.72525024414062,-0.0289433016596664,2.6667474791185555,-4.138430968108525,-3.7055162778033233,-1.945818381852985,1.338483246315153,-0.097072731872263,3.973556754792767,-0.0617352342435333,1.3254101697928693
95.0,64.0,131.72769165039062,-0.0284053539609936,2.6667455723029376,-4.093028735798157,-3.705518599272194,-1.9458549285249875,1.3384867367516105,-0.0969406818222814,3.9735570026160016,-0.0616851393986063,1.3254698185883662
95.0,64.0,131.73194885253906,-0.0353763436227486,2.6679717752032177,-4.137731971496001,-3.704909817471268,-1.9452899629854687,1.3381741498216166,-0.0972886598168017,3.9728529038799967,-0.0635557455696288,1.3304345089856893
95.0,64.0,131.7369384765625,-0.0273942990841015,2.6667475770105145,-4.132118943237065,-3.7055173778425647,-1.9451137257074256,1.338492555677261,-0.088607234590075,3.973576188651987,-0.0616120106189685,1.325522383209821
95.0,64.0,131.7372589111328,-0.0287266694967502,2.667941312210067,-4.140244662569115,-3.705518415297397,-1.945080923756641,1.3384866683603078,-0.097138578415751,3.973394987776566,-0.0617312755875999,1.3254182610473766
95.0,64.0,131.73782348632812,-0.027445393337464,2.6667475770105145,-4.132118943237065,-3.70551739576192,-1.9451137257074256,1.3384924872859587,-0.0885023583818186,3.973576188651987,-0.0617352342435333,1.3255246949430153
95.0,64.0,131.73788452148438,-0.0286755752433877,2.667941312210067,-4.140244662569115,-3.705518397378042,-1.945080923756641,1.3384867367516105,-0.0972434546240074,3.973394987776566,-0.061608051963035,1.3254159493141824
95.0,64.0,131.7449188232422,-0.0354459872090046,2.6679995764120954,-4.137814286049129,-3.704909817471268,-1.9452930354266305,1.3384924916959202,-0.097288024689222,3.973556754792767,-0.0617352342435333,1.3303300714056407
95.0,64.0,131.74684143066406,-0.0354459872090046,2.666748257793392,-4.137731971496001,-3.704909817471268,-1.9457552697199176,1.3381741498216166,-0.0967807449010737,3.972843643358207,-0.0635557455696288,1.3303300714056407
95.0,64.0,131.75962829589844,-0.0278936322407951,2.6667475770105145,-4.132353396276244,-3.705518383995477,-1.9450504053197013,1.3384924916959202,-0.0874746395399602,3.973556754792767,-0.0617352342435333,1.32552433465069
95.0,64.0,131.76283264160156,-0.0354459872090046,2.666748257793392,-4.137814286049129,-3.704909817471268,-1.9457552697199176,1.3381741498216166,-0.0967699607007618,3.972843643358207,-0.0617228329068114,1.3303300714056407
95.0,64.0,131.76290893554688,-0.0354587367656585,2.666802446732863,-4.140217451611548,-3.705643542820248,-1.94576017527685,1.3384867353562455,-0.1053876582951319,3.973399805952614,-0.0634341057124664,1.3253233090859406
95.0,64.0,131.76316833496094,-0.03669289572431,2.666802446732863,-4.1403052003113725,-3.705621788213648,-1.94576017527685,1.3384864833515648,-0.1053876582951319,3.9733997795862304,-0.0634341057124664,1.325295784035986
95.0,64.0,131.76539611816406,-0.0400733570163346,2.666747828608772,-4.132011190796602,-3.704875753835415,-1.945090595356481,1.3384906878811678,-0.1084072579838417,3.973400862875133,-0.0617352342435333,1.3302936142403292
95.0,64.0,131.7674560546875,-0.0354419779219343,2.6679463142195705,-4.137814286049129,-3.704727421183887,-1.9452529398163405,1.3381961976703507,-0.0875145364367554,3.973556754792767,-0.0617954764185569,1.3255188603066534
95.0,64.0,131.7698211669922,-0.0354419530308215,2.66662711534294,-4.137814286049129,-3.70553452947414,-1.945046511846896,1.3384924916959202,-0.0877774123416861,3.973394739953331,-0.0634815415705082,1.32456616314474
95.0,64.0,131.7758331298828,-0.0353917659485762,2.6679463142195705,-4.137814286049129,-3.704731330952798,-1.9457592419295755,1.3381961976703507,-0.0874725418034535,3.973553725597136,-0.0617954764185569,1.3255188603066534
95.0,64.0,131.7769012451172,-0.0354419779219343,2.6667475770105145,-4.137814286049129,-3.704731448596698,-1.9452578653315344,1.3384924916959202,-0.0875145364367554,3.973556754792767,-0.0617954764185569,1.3255188603066534
95.0,64.0,131.77723693847656,-0.0367206242194095,2.6667789755345974,-4.137814286049129,-3.704969743966304,-1.94511922880434,1.3384924916959202,-0.0965891271811888,3.97356020084469,-0.0602083661441556,1.3304394898326684
95.0,64.0,131.77804565429688,-0.0366743340291603,2.66674487505088,-4.12818955516432,-3.704909774043531,-1.94576017527685,1.3384924916959202,-0.1111047529588377,3.973556754792767,-0.0641218243225501,1.3303300714056407
95.0,64.0,131.77818298339844,-0.0354414108672809,2.666802644396956,-4.140217451611548,-3.705643542820248,-1.94576017527685,1.3384957977830534,-0.1053876582951319,3.973555335589624,-0.0616642612134496,1.3253233090859406
95.0,64.0,131.7798614501953,-0.0354419530308215,2.66801856868718,-4.137814286049129,-3.705518383995477,-1.9458684380319184,1.3384924916959202,-0.0881919599415964,3.9735613370358647,-0.0617352342435333,1.3252195124525803
95.0,64.0,131.78173828125,-0.0351717317484275,2.667990209006313,-4.137814286049129,-3.705528464741696,-1.945863012442483,1.3384924916959202,-0.0874746395399602,3.973556754792767,-0.0635586290060795,1.3252195124525803
95.0,64.0,131.78271484375,-0.0349937141274905,2.6667475770105145,-4.13757983300995,-3.70551739576192,-1.945887452320593,1.3384924872859587,-0.0885023583818186,3.973576188651987,-0.0617352342435333,1.3254761523542689
95.0,64.0,131.7828826904297,-0.0354421037370405,2.6668035931302803,-4.140304685581656,-3.705644051721263,-1.945818381852985,1.3384925178583855,-0.1056458831432883,3.973556754792767,-0.0617352342435333,1.325331997921546
95.0,64.0,131.7862091064453,-0.0354419779219343,2.666826487656489,-4.137796631172306,-3.704751592393438,-1.945818381852985,1.3384958883966669,-0.0874746395399602,3.973556754792767,-0.0617352342435333,1.3255293209845196
95.0,64.0,131.79039001464844,-0.0346633265032245,2.667941881396096,-4.137841814392444,-3.705518383995477,-1.9458666277601104,1.3384866167150766,-0.0872199766775175,3.973556754792767,-0.0634348347843743,1.3254149881068693
95.0,64.0,131.7959442138672,-0.0354419530308215,2.667990209006313,-4.137814286049129,-3.705518383995477,-1.9458666277601104,1.3384924916959202,-0.0874746395399602,3.973556754792767,-0.0617352342435333,1.3252195124525803
95.0,64.0,131.7962188720703,-0.0281804053500574,2.6667789755345974,-4.137814286049129,-3.704969743966304,-1.94511922880434,1.3384924916959202,-0.09634615090118,3.973560095872001,-0.060010027252326,1.3304394898326684
95.0,64.0,131.79702758789062,-0.0354586742563187,2.6667475770105145,-4.137814286049129,-3.7056433517030456,-1.945818381852985,1.3384924916959202,-0.0874746395399602,3.973556754792767,-0.0634524633773706,1.325476540567036
95.0,64.0,131.79702758789062,-0.0354586742563187,2.6667475770105145,-4.137814286049129,-3.7056433517030456,-1.945818381852985,1.3384924916959202,-0.0874746395399602,3.973556754792767,-0.0634524633773706,1.325476540567036
95.0,64.0,131.79762268066406,-0.0289391580334811,2.6667475770105145,-4.137984448738427,-3.704776607825506,-1.9452500916238613,1.338490512440137,-0.0874654625395694,3.973559633002396,-0.0617352342435333,1.32566096992033
95.0,64.0,131.8029327392578,-0.0354587367656585,2.6667475770105145,-4.137814286049129,-3.705643542820248,-1.94576017527685,1.3384924916959202,-0.1054361494755399,3.973556754792767,-0.06331302557417,1.3303300714056407
95.0,64.0,131.8075714111328,-0.0354419530308215,2.6667475770105145,-4.137814286049129,-3.705518383995477,-1.9458241319328689,1.3384924916959202,-0.0874746395399602,3.973556754792767,-0.0617352342435333,1.325475792061943
95.0,64.0,131.8075714111328,-0.0354419530308215,2.6667475770105145,-4.137814286049129,-3.705518383995477,-1.9458241319328689,1.3384924916959202,-0.0874746395399602,3.973556754792767,-0.0617352342435333,1.325475792061943
95.0,64.0,131.80780029296875,-0.0354419779219343,2.6667475770105145,-4.137814286049129,-3.70551739576192,-1.945818381852985,1.3384924916959202,-0.0874746395399602,3.973556754792767,-0.0617352342435333,1.325523425113046
95.0,64.0,131.80780029296875,-0.0354419779219343,2.6667475770105145,-4.137814286049129,-3.70551739576192,-1.945818381852985,1.3384924916959202,-0.0874746395399602,3.973556754792767,-0.0617352342435333,1.325523425113046
95.0,64.0,131.80780029296875,-0.0354419779219343,2.6667475770105145,-4.137814286049129,-3.70551739576192,-1.945818381852985,1.3384924916959202,-0.0874746395399602,3.973556754792767,-0.0617352342435333,1.325523425113046
95.0,64.0,131.8114471435547,-0.0279294671750711,2.6667475770105145,-4.137814286049129,-3.70551739576192,-1.945818381852985,1.3384924916959202,-0.0880112687084866,3.973556754792767,-0.0617352342435333,1.3255246949430153
95.0,64.0,131.81398010253906,-0.0289391580334811,2.6667475770105145,-4.137814286049129,-3.70551739576192,-1.9452500916238613,1.338483123820993,-0.0874654625395694,3.973556754792767,-0.0617352342435333,1.3255199425883266
95.0,64.0,131.8234100341797,-0.036690061891631,2.6667479776316925,-4.137814286049129,-3.704909774043531,-1.94511922880434,1.3384924916959202,-0.107337334557488,3.973560267107914,-0.0602663170729658,1.3303287132268675
95.0,65.0,131.56138610839844,-0.02834923472212,2.6667800113397684,-4.115966501341776,-3.7055162778033233,-1.945818381852985,1.3384924916959202,-0.097072731872263,3.973556754792767,-0.0617352342435333,1.3254101697928693
95.0,65.0,131.56671142578125,-0.02834923472212,2.6667800113397684,-4.119098011690061,-3.7055162778033233,-1.945818381852985,1.3384924916959202,-0.097072731872263,3.973556754792767,-0.0617352342435333,1.3254101697928693
95.0,65.0,131.597900390625,-0.0357889665656903,2.666770300706607,-4.118966666589274,-3.704908539037432,-1.9457905491503007,1.3384900429878592,-0.0967824465080085,3.97350985076696,-0.0635917371361302,1.3302770423088204
95.0,65.0,131.6007080078125,-0.0400733570163346,2.6667475886253267,-4.121692927817993,-3.7047049786631487,-1.9452564134264871,1.3381742825698388,-0.0969513807997917,3.973403803868048,-0.0637259618350326,1.3304659754040455
95.0,65.0,131.61231994628906,-0.0283323978014396,2.6667828193254746,-4.118966666589274,-3.704908539037432,-1.945754523710847,1.3384900429878592,-0.0967824465080085,3.9735101832903847,-0.0635917371361302,1.3302770423088204
95.0,65.0,131.64651489257812,-0.0353763436227486,2.667971612930295,-4.137731241716676,-3.704719222353949,-1.9452546381117168,1.3381741498216166,-0.0972886598168017,3.973695869315431,-0.0635557455696288,1.3254564864694047
95.0,65.0,131.6783447265625,-0.0352605014832882,2.666631024143963,-4.137687524718073,-3.7055347447508575,-1.9457564356266115,1.3384867367516105,-0.0972561973636413,3.973396158384958,-0.0634377862395592,1.324560189671163
95.0,65.0,131.67837524414062,-0.0352605014832882,2.666631024143963,-4.137687524718073,-3.7055347447508575,-1.9457564356266115,1.3384865245073427,-0.0972561973636413,3.973396158384958,-0.0634377862395592,1.3245746310265485
95.0,65.0,131.67857360839844,-0.0352605014832882,2.666631024143963,-4.137493670292596,-3.705644266222886,-1.9457564356266115,1.3384867367516105,-0.0972561973636413,3.973396158384958,-0.0634377862395592,1.324560189671163
95.0,65.0,131.67974853515625,-0.0400733570163346,2.6668057157705483,-4.131573188114434,-3.705644104292616,-1.945790305545844,1.3384925365416718,-0.105713031238202,3.973547953713516,-0.0617352342435333,1.325289832763938
95.0,65.0,131.68331909179688,-0.0284053539609936,2.666625110635363,-4.137687524718073,-3.7055347447508575,-1.9450773084390145,1.3384867367516105,-0.0972434546240074,3.973394987776566,-0.0634314467255812,1.324560189671163
95.0,65.0,131.695068359375,-0.0396297734356488,2.6667475886253267,-4.1219071702670655,-3.7056314213021153,-1.9458143991385588,1.3384911105496682,-0.1083589229932973,3.973403803868048,-0.0636742424652943,1.3302936142403292
95.0,65.0,131.69622802734375,-0.0400733570163346,2.6667475886253267,-4.1219071702670655,-3.7056314213021153,-1.9458143991385588,1.3381742819038434,-0.1083589229932973,3.973403803868048,-0.0637258763708646,1.3302936142403292
95.0,65.0,131.6969451904297,-0.0400733570163346,2.666747586266541,-4.1219071702670655,-3.705657122011023,-1.9458143991385588,1.3381738546024355,-0.1083589229932973,3.973403803868048,-0.0637258763708646,1.3302936142403292
95.0,65.0,131.7036895751953,-0.028402451225132,2.666746197434845,-4.137814286049129,-3.705515653577423,-1.9458206185112288,1.3384924916959202,-0.0963509022165658,3.973556754792767,-0.0636754723282819,1.3255246949430153
95.0,65.0,131.70460510253906,-0.028402451225132,2.666746189888664,-4.137814286049129,-3.705515653577423,-1.9458782814257665,1.3384924916959202,-0.0963509022165658,3.973556754792767,-0.063671850584865,1.3255246949430153
95.0,65.0,131.7232666015625,-0.0284053539609936,2.667941312210067,-4.140244662569115,-3.705528478124261,-1.9450773084390145,1.3384867367516105,-0.0972434546240074,3.973394987776566,-0.0634314467255812,1.3254159493141824
95.0,65.0,131.7247772216797,-0.0367455152370627,2.6667475770105145,-4.132118943237065,-3.70551739576192,-1.945114048020887,1.3384924918874388,-0.0881878206944065,3.973576188651987,-0.0617352342435333,1.3252351348076552
95.0,65.0,131.72525024414062,-0.0289433016596664,2.6667474791185555,-4.138430968108525,-3.7055162778033233,-1.945818381852985,1.338483246315153,-0.097072731872263,3.973556754792767,-0.0617352342435333,1.3254101697928693
95.0,65.0,131.72769165039062,-0.0284053539609936,2.6667455723029376,-4.093028735798157,-3.705518599272194,-1.9458549285249875,1.3384867367516105,-0.0969406818222814,3.9735570026160016,-0.0616851393986063,1.3254698185883662
95.0,65.0,131.72817993164062,-0.0289391580334811,2.6667475770105145,-4.140200779866914,-3.704776607825506,-1.9452496867004028,1.338490512440137,-0.0972003124630694,3.9733991602563634,-0.0617352342435333,1.3254070473673971
95.0,65.0,131.73194885253906,-0.0353763436227486,2.6679717752032177,-4.137731971496001,-3.704909817471268,-1.9452899629854687,1.3381741498216166,-0.0972886598168017,3.9728529038799967,-0.0635557455696288,1.3304345089856893
95.0,65.0,131.73194885253906,-0.0353763436227486,2.6679717752032177,-4.137731971496001,-3.704909817471268,-1.9452899629854687,1.3381741498216166,-0.0972886598168017,3.9728529038799967,-0.0635557455696288,1.3304345089856893
95.0,65.0,131.7369384765625,-0.0273942990841015,2.6667475770105145,-4.132118943237065,-3.7055173778425647,-1.9451137257074256,1.338492555677261,-0.088607234590075,3.973576188651987,-0.0616120106189685,1.325522383209821
95.0,65.0,131.7372589111328,-0.0287266694967502,2.667941312210067,-4.140244662569115,-3.705518415297397,-1.945080923756641,1.3384866683603078,-0.097138578415751,3.973394987776566,-0.0617312755875999,1.3254182610473766
95.0,65.0,131.73780822753906,-0.0291695124543175,2.6678411057422333,-4.140244662569115,-3.705518415297397,-1.945080923756641,1.3384866683603078,-0.0967860168398426,3.973394987776566,-0.0617312755875999,1.3252486248525437
95.0,65.0,131.73782348632812,-0.027445393337464,2.6667475770105145,-4.132118943237065,-3.70551739576192,-1.9451137257074256,1.3384924872859587,-0.0885023583818186,3.973576188651987,-0.0617352342435333,1.3255246949430153
95.0,65.0,131.73788452148438,-0.0286755752433877,2.667941312210067,-4.140244662569115,-3.705518397378042,-1.945080923756641,1.3384867367516105,-0.0972434546240074,3.973394987776566,-0.061608051963035,1.3254159493141824
95.0,65.0,131.73989868164062,-0.0290937429543934,2.666826487656489,-4.130923629459902,-3.704740883270184,-1.945818381852985,1.3384948600009854,-0.0872796175361774,3.973561513825,-0.0617352342435333,1.3255293209845196
95.0,65.0,131.7449188232422,-0.0354459872090046,2.6679995764120954,-4.137814286049129,-3.704909817471268,-1.9452930354266305,1.3384924916959202,-0.097288024689222,3.973556754792767,-0.0617352342435333,1.3303300714056407
95.0,65.0,131.74684143066406,-0.0354459872090046,2.666748257793392,-4.137731971496001,-3.704909817471268,-1.9457552697199176,1.3381741498216166,-0.0967807449010737,3.972843643358207,-0.0635557455696288,1.3303300714056407
95.0,65.0,131.7588348388672,-0.0278936322407951,2.6667475845566964,-4.132353396276244,-3.705518383995477,-1.944992742405164,1.3384924916959202,-0.0874746395399602,3.973556754792767,-0.0617388559869502,1.32552433465069
95.0,65.0,131.75921630859375,-0.027445393337464,2.6668284547448127,-4.132118943237065,-3.70551739576192,-1.9451118891845744,1.3384924872859587,-0.0875077947182843,3.973574896541911,-0.0617352342435333,1.325525066614038
95.0,65.0,131.75962829589844,-0.0278936322407951,2.6667475770105145,-4.132353396276244,-3.705518383995477,-1.9450504053197013,1.3384924916959202,-0.0874746395399602,3.973556754792767,-0.0617352342435333,1.32552433465069
95.0,65.0,131.76052856445312,-0.0278936322407951,2.666747581417412,-4.132353396276244,-3.705518383995477,-1.9450504053197013,1.338481340587739,-0.0874395996487409,3.973571609651816,-0.0617352342435333,1.32552433465069
95.0,65.0,131.76283264160156,-0.0354459872090046,2.666748257793392,-4.137814286049129,-3.704909817471268,-1.9457552697199176,1.3381741498216166,-0.0967699607007618,3.972843643358207,-0.0617228329068114,1.3303300714056407
95.0,65.0,131.76290893554688,-0.0354587367656585,2.666802446732863,-4.140217451611548,-3.705643542820248,-1.94576017527685,1.3384867353562455,-0.1053876582951319,3.973399805952614,-0.0634341057124664,1.3253233090859406
95.0,65.0,131.76316833496094,-0.03669289572431,2.666802446732863,-4.1403052003113725,-3.705621788213648,-1.94576017527685,1.3384864833515648,-0.1053876582951319,3.9733997795862304,-0.0634341057124664,1.325295784035986
95.0,65.0,131.7648468017578,-0.0354419779219343,2.6667456099221902,-4.137796631172306,-3.704751592393438,-1.945820218375836,1.3384958883966669,-0.0884692032034945,3.973558046902842,-0.0617352342435333,1.325528949313497
95.0,65.0,131.76539611816406,-0.0400733570163346,2.666747828608772,-4.132011190796602,-3.704875753835415,-1.945090595356481,1.3384906878811678,-0.1084072579838417,3.973400862875133,-0.0617352342435333,1.3302936142403292
95.0,65.0,131.7674560546875,-0.0354419779219343,2.6679463142195705,-4.137814286049129,-3.704727421183887,-1.9452529398163405,1.3381961976703507,-0.0875145364367554,3.973556754792767,-0.0617954764185569,1.3255188603066534
95.0,65.0,131.7698211669922,-0.0354419530308215,2.66662711534294,-4.137814286049129,-3.70553452947414,-1.945046511846896,1.3384924916959202,-0.0877774123416861,3.973394739953331,-0.0634815415705082,1.32456616314474
95.0,65.0,131.7758331298828,-0.0353917659485762,2.6679463142195705,-4.137814286049129,-3.704731330952798,-1.9457592419295755,1.3381961976703507,-0.0874725418034535,3.973553725597136,-0.0617954764185569,1.3255188603066534
95.0,65.0,131.7758331298828,-0.0353917659485762,2.6679463142195705,-4.137814286049129,-3.704731330952798,-1.9457592419295755,1.3381961976703507,-0.0874725418034535,3.973553725597136,-0.0617954764185569,1.3255188603066534
95.0,65.0,131.7769012451172,-0.0354419779219343,2.6667475770105145,-4.137814286049129,-3.704731448596698,-1.9452578653315344,1.3384924916959202,-0.0875145364367554,3.973556754792767,-0.0617954764185569,1.3255188603066534
95.0,65.0,131.77723693847656,-0.0367206242194095,2.6667789755345974,-4.137814286049129,-3.704969743966304,-1.94511922880434,1.3384924916959202,-0.0965891271811888,3.97356020084469,-0.0602083661441556,1.3304394898326684
95.0,65.0,131.77804565429688,-0.0366743340291603,2.66674487505088,-4.12818955516432,-3.704909774043531,-1.94576017527685,1.3384924916959202,-0.1111047529588377,3.973556754792767,-0.0641218243225501,1.3303300714056407
95.0,65.0,131.77818298339844,-0.0354414108672809,2.666802644396956,-4.140217451611548,-3.705643542820248,-1.94576017527685,1.3384957977830534,-0.1053876582951319,3.973555335589624,-0.0616642612134496,1.3253233090859406
95.0,65.0,131.7798614501953,-0.0354419530308215,2.66801856868718,-4.137814286049129,-3.705518383995477,-1.9458684380319184,1.3384924916959202,-0.0881919599415964,3.9735613370358647,-0.0617352342435333,1.3252195124525803
95.0,65.0,131.78173828125,-0.0351717317484275,2.667990209006313,-4.137814286049129,-3.705528464741696,-1.945863012442483,1.3384924916959202,-0.0874746395399602,3.973556754792767,-0.0635586290060795,1.3252195124525803
95.0,66.0,131.5521240234375,-0.02834923472212,2.6667800113397684,-4.115966501341776,-3.705516272860572,-1.945118138344024,1.3384925301180282,-0.0968060236632358,3.9735503545085264,-0.0617312651866851,1.3254101697928693
95.0,66.0,131.56138610839844,-0.02834923472212,2.6667800113397684,-4.115966501341776,-3.7055162778033233,-1.945818381852985,1.3384924916959202,-0.097072731872263,3.973556754792767,-0.0617352342435333,1.3254101697928693
95.0,66.0,131.56138610839844,-0.02834923472212,2.6667800113397684,-4.115966501341776,-3.7055162778033233,-1.945818381852985,1.3384922780144886,-0.097072731872263,3.973556754792767,-0.0617352342435333,1.3254101697928693
95.0,66.0,131.56671142578125,-0.02834923472212,2.6667800113397684,-4.119098011690061,-3.7055162778033233,-1.945818381852985,1.3384924916959202,-0.097072731872263,3.973556754792767,-0.0617352342435333,1.3254101697928693
95.0,66.0,131.56671142578125,-0.02834923472212,2.6667800113397684,-4.119098011690061,-3.7055162778033233,-1.945818381852985,1.3384924916959202,-0.097072731872263,3.973556754792767,-0.0617352342435333,1.3254101697928693
95.0,66.0,131.59506225585938,-0.039991894124789,2.6667475886253267,-4.121758305972751,-3.7047049786631487,-1.9452564134264871,1.3381773719495325,-0.0969513807997917,3.973403803868048,-0.0637259618350326,1.3303221857901462
95.0,66.0,131.597900390625,-0.0357889665656903,2.666770300706607,-4.118966666589274,-3.704908539037432,-1.9457905491503007,1.3384900429878592,-0.0967824465080085,3.97350985076696,-0.0635917371361302,1.3302770423088204
95.0,66.0,131.6007080078125,-0.0400733570163346,2.6667475886253267,-4.121692927817993,-3.7047049786631487,-1.9452564134264871,1.3381742825698388,-0.0969513807997917,3.973403803868048,-0.0637259618350326,1.3304659754040455
95.0,66.0,131.60195922851562,-0.0357889665656903,2.6668083957257664,-4.118790951853829,-3.704934726981712,-1.945790288033656,1.3384924741902062,-0.0967824465080085,3.97350985076696,-0.0635917371361302,1.3303831607041905
95.0,66.0,131.61231994628906,-0.0283323978014396,2.6667828193254746,-4.118966666589274,-3.704908539037432,-1.945754523710847,1.3384900429878592,-0.0967824465080085,3.9735101832903847,-0.0635917371361302,1.3302770423088204
95.0,66.0,131.6158905029297,-0.0398887705799824,2.666770300706607,-4.112465209748253,-3.705644126625166,-1.9457905491503007,1.3384900429878592,-0.0967824465080085,3.97350985076696,-0.0635917371361302,1.3302770423088204
95.0,66.0,131.6453094482422,-0.0283308179375664,2.6667828193254746,-4.118966666589274,-3.705520530043175,-1.945854486101096,1.3384900429878592,-0.0969586694463351,3.973511768287997,-0.061689630721657,1.3302770423088204
95.0,66.0,131.64651489257812,-0.0353763436227486,2.667971612930295,-4.137731241716676,-3.704719222353949,-1.9452546381117168,1.3381741498216166,-0.0972886598168017,3.973695869315431,-0.0635557455696288,1.3254564864694047
95.0,66.0,131.65374755859375,-0.0352584374996908,2.666631024143963,-4.137685987475736,-3.70494174722715,-1.945284660023192,1.3384865245073427,-0.0972561973636413,3.972862698955966,-0.0634377862395592,1.3246653383654756
95.0,66.0,131.66836547851562,-0.036080004812099,2.666631024143963,-4.137687524718073,-3.7055347447508575,-1.945072202882376,1.3384867367516105,-0.097256886381217,3.973395008371557,-0.0633865474929194,1.324560189671163
95.0,66.0,131.67771911621094,-0.0354459872090046,2.666654885286809,-4.137814286049129,-3.704909817471268,-1.945289736505924,1.3384924916959202,-0.0975037918321776,3.973556754792767,-0.0617352342435333,1.325655494807258
95.0,66.0,131.6783447265625,-0.0352605014832882,2.666631024143963,-4.137687524718073,-3.7055347447508575,-1.9457564356266115,1.3384867367516105,-0.0972561973636413,3.973396158384958,-0.0634377862395592,1.324560189671163
95.0,66.0,131.67837524414062,-0.0352605014832882,2.666631024143963,-4.137687524718073,-3.7055347447508575,-1.9457564356266115,1.3384865245073427,-0.0972561973636413,3.973396158384958,-0.0634377862395592,1.3245746310265485
95.0,66.0,131.67857360839844,-0.0352605014832882,2.666631024143963,-4.137493670292596,-3.705644266222886,-1.9457564356266115,1.3384867367516105,-0.0972561973636413,3.973396158384958,-0.0634377862395592,1.324560189671163
95.0,66.0,131.67974853515625,-0.0400733570163346,2.6668057157705483,-4.131573188114434,-3.705644104292616,-1.945790305545844,1.3384925365416718,-0.105713031238202,3.973547953713516,-0.0617352342435333,1.325289832763938
95.0,66.0,131.68016052246094,-0.0400733570163346,2.666767620751388,-4.1317489028498775,-3.705617916348336,-1.945790566662488,1.3384901053393246,-0.105713031238202,3.973547953713516,-0.0617352342435333,1.325183714368568
95.0,66.0,131.68331909179688,-0.0284053539609936,2.666625110635363,-4.137687524718073,-3.7055347447508575,-1.9450773084390145,1.3384867367516105,-0.0972434546240074,3.973394987776566,-0.0634314467255812,1.324560189671163
95.0,66.0,131.6947021484375,-0.0284069338248668,2.6667455723029376,-4.093028735798157,-3.704906608266453,-1.9457549661347384,1.3384867367516105,-0.0967644588839548,3.973555417618389,-0.0635872458130795,1.3254698185883662
95.0,66.0,131.695068359375,-0.0396297734356488,2.6667475886253267,-4.1219071702670655,-3.7056314213021153,-1.9458143991385588,1.3384911105496682,-0.1083589229932973,3.973403803868048,-0.0636742424652943,1.3302936142403292
95.0,66.0,131.69622802734375,-0.0400733570163346,2.6667475886253267,-4.1219071702670655,-3.7056314213021153,-1.9458143991385588,1.3381742819038434,-0.1083589229932973,3.973403803868048,-0.0637258763708646,1.3302936142403292
95.0,66.0,131.6969451904297,-0.0400733570163346,2.666747586266541,-4.1219071702670655,-3.705657122011023,-1.9458143991385588,1.3381738546024355,-0.1083589229932973,3.973403803868048,-0.0637258763708646,1.3302936142403292
95.0,66.0,131.7036895751953,-0.028402451225132,2.666746197434845,-4.137814286049129,-3.705515653577423,-1.9458206185112288,1.3384924916959202,-0.0963509022165658,3.973556754792767,-0.0636754723282819,1.3255246949430153
95.0,66.0,131.70460510253906,-0.028402451225132,2.666746189888664,-4.137814286049129,-3.705515653577423,-1.9458782814257665,1.3384924916959202,-0.0963509022165658,3.973556754792767,-0.063671850584865,1.3255246949430153
95.0,66.0,131.7232666015625,-0.0284053539609936,2.667941312210067,-4.140244662569115,-3.705528478124261,-1.9450773084390145,1.3384867367516105,-0.0972434546240074,3.973394987776566,-0.0634314467255812,1.3254159493141824
95.0,66.0,131.7247772216797,-0.0367455152370627,2.6667475770105145,-4.132118943237065,-3.70551739576192,-1.945114048020887,1.3384924918874388,-0.0881878206944065,3.973576188651987,-0.0617352342435333,1.3252351348076552
95.0,66.0,131.72525024414062,-0.0289433016596664,2.6667474791185555,-4.138430968108525,-3.7055162778033233,-1.945818381852985,1.338483246315153,-0.097072731872263,3.973556754792767,-0.0617352342435333,1.3254101697928693
95.0,66.0,131.72769165039062,-0.0284053539609936,2.6667455723029376,-4.093028735798157,-3.705518599272194,-1.9458549285249875,1.3384867367516105,-0.0969406818222814,3.9735570026160016,-0.0616851393986063,1.3254698185883662
95.0,66.0,131.72817993164062,-0.0289391580334811,2.6667475770105145,-4.140200779866914,-3.704776607825506,-1.9452496867004028,1.338490512440137,-0.0972003124630694,3.9733991602563634,-0.0617352342435333,1.3254070473673971
95.0,66.0,131.73194885253906,-0.0353763436227486,2.6679717752032177,-4.137731971496001,-3.704909817471268,-1.9452899629854687,1.3381741498216166,-0.0972886598168017,3.9728529038799967,-0.0635557455696288,1.3304345089856893
95.0,66.0,131.73194885253906,-0.0353763436227486,2.6679717752032177,-4.137731971496001,-3.704909817471268,-1.9452899629854687,1.3381741498216166,-0.0972886598168017,3.9728529038799967,-0.0635557455696288,1.3304345089856893
95.0,66.0,131.7369384765625,-0.0273942990841015,2.6667475770105145,-4.132118943237065,-3.7055173778425647,-1.9451137257074256,1.338492555677261,-0.088607234590075,3.973576188651987,-0.0616120106189685,1.325522383209821
95.0,66.0,131.7372589111328,-0.0287266694967502,2.667941312210067,-4.140244662569115,-3.705518415297397,-1.945080923756641,1.3384866683603078,-0.097138578415751,3.973394987776566,-0.0617312755875999,1.3254182610473766
95.0,66.0,131.73780822753906,-0.0291695124543175,2.6678411057422333,-4.140244662569115,-3.705518415297397,-1.945080923756641,1.3384866683603078,-0.0967860168398426,3.973394987776566,-0.0617312755875999,1.3252486248525437
95.0,66.0,131.73782348632812,-0.027445393337464,2.6667475770105145,-4.132118943237065,-3.70551739576192,-1.9451137257074256,1.3384924872859587,-0.0885023583818186,3.973576188651987,-0.0617352342435333,1.3255246949430153
95.0,66.0,131.73788452148438,-0.0286755752433877,2.667941312210067,-4.140244662569115,-3.705518397378042,-1.945080923756641,1.3384867367516105,-0.0972434546240074,3.973394987776566,-0.061608051963035,1.3254159493141824
95.0,66.0,131.73989868164062,-0.0290937429543934,2.666826487656489,-4.130923629459902,-3.704740883270184,-1.945818381852985,1.3384948600009854,-0.0872796175361774,3.973561513825,-0.0617352342435333,1.3255293209845196
95.0,66.0,131.74026489257812,-0.0291752058459389,2.666826487656489,-4.130858251305144,-3.704740883270184,-1.945818381852985,1.3384917706212915,-0.0872796175361774,3.973561513825,-0.0617352342435333,1.325673110598419
95.0,66.0,131.7449188232422,-0.0354459872090046,2.6679995764120954,-4.137814286049129,-3.704909817471268,-1.9452930354266305,1.3384924916959202,-0.097288024689222,3.973556754792767,-0.0617352342435333,1.3303300714056407
95.0,66.0,131.74684143066406,-0.0354459872090046,2.666748257793392,-4.137731971496001,-3.704909817471268,-1.9457552697199176,1.3381741498216166,-0.0967807449010737,3.972843643358207,-0.0635557455696288,1.3303300714056407
95.0,66.0,131.75311279296875,-0.0353784076063459,2.6679717752032177,-4.137733508738338,-3.705502814994976,-1.9457617385888888,1.3381741498216166,-0.0972886598168017,3.9733863633089888,-0.0635557455696288,1.3303438016467624
95.0,66.0,131.7587432861328,-0.0278936322407951,2.6667456202856243,-4.132353396276244,-3.705518383995477,-1.9450504053197013,1.3384924916959202,-0.0874746395399602,3.973556754792767,-0.0617512855156369,1.325420162324083
95.0,66.0,131.7588348388672,-0.0278936322407951,2.6667475845566964,-4.132353396276244,-3.705518383995477,-1.944992742405164,1.3384924916959202,-0.0874746395399602,3.973556754792767,-0.0617388559869502,1.32552433465069
95.0,66.0,131.75921630859375,-0.027445393337464,2.6668284547448127,-4.132118943237065,-3.70551739576192,-1.9451118891845744,1.3384924872859587,-0.0875077947182843,3.973574896541911,-0.0617352342435333,1.325525066614038
95.0,66.0,131.75962829589844,-0.0278936322407951,2.6667475770105145,-4.132353396276244,-3.705518383995477,-1.9450504053197013,1.3384924916959202,-0.0874746395399602,3.973556754792767,-0.0617352342435333,1.32552433465069
95.0,66.0,131.76052856445312,-0.0278936322407951,2.666747581417412,-4.132353396276244,-3.705518383995477,-1.9450504053197013,1.338481340587739,-0.0874395996487409,3.973571609651816,-0.0617352342435333,1.32552433465069
95.0,67.0,131.53857421875,-0.02834923472212,2.6667800113397684,-4.117073160271567,-3.7049257096950505,-1.9452889737363688,1.3384918294648325,-0.097083629997814,3.973556754792767,-0.0617352342435333,1.3254101697928693
95.0,67.0,131.54457092285156,-0.02834923472212,2.6678660884591605,-4.115577495333685,-3.7055162778033233,-1.9453093526864864,1.3384891324449006,-0.097072731872263,3.973556754792767,-0.0617352342435333,1.3254101697928693
95.0,67.0,131.5521240234375,-0.02834923472212,2.6667800113397684,-4.115966501341776,-3.705516272860572,-1.945118138344024,1.3384925301180282,-0.0968060236632358,3.9735503545085264,-0.0617312651866851,1.3254101697928693
95.0,67.0,131.56138610839844,-0.02834923472212,2.6667800113397684,-4.115966501341776,-3.7055162778033233,-1.945818381852985,1.3384924916959202,-0.097072731872263,3.973556754792767,-0.0617352342435333,1.3254101697928693
95.0,67.0,131.56138610839844,-0.02834923472212,2.6667800113397684,-4.115966501341776,-3.7055162778033233,-1.945818381852985,1.3384922780144886,-0.097072731872263,3.973556754792767,-0.0617352342435333,1.3254101697928693
95.0,67.0,131.56146240234375,-0.02834923472212,2.6667800113397684,-4.116036822668157,-3.7055162778033233,-1.945818381852985,1.3384924916959202,-0.097072731872263,3.973556754792767,-0.0617313333662448,1.3254101697928693
95.0,67.0,131.564208984375,-0.0401396701886626,2.666745465307944,-4.122087348318376,-3.705516272860572,-1.9458304921368863,1.3381723679829416,-0.0968060236632358,3.9735499346358254,-0.0617312651866851,1.3254101697928693
95.0,67.0,131.56671142578125,-0.02834923472212,2.6667800113397684,-4.119098011690061,-3.7055162778033233,-1.945818381852985,1.3384924916959202,-0.097072731872263,3.973556754792767,-0.0617352342435333,1.3254101697928693
95.0,67.0,131.56671142578125,-0.02834923472212,2.6667800113397684,-4.119098011690061,-3.7055162778033233,-1.945818381852985,1.3384924916959202,-0.097072731872263,3.973556754792767,-0.0617352342435333,1.3254101697928693
95.0,67.0,131.59506225585938,-0.039991894124789,2.6667475886253267,-4.121758305972751,-3.7047049786631487,-1.9452564134264871,1.3381773719495325,-0.0969513807997917,3.973403803868048,-0.0637259618350326,1.3303221857901462
95.0,67.0,131.597900390625,-0.0357889665656903,2.666770300706607,-4.118966666589274,-3.704908539037432,-1.9457905491503007,1.3384900429878592,-0.0967824465080085,3.97350985076696,-0.0635917371361302,1.3302770423088204
95.0,67.0,131.6007080078125,-0.0400733570163346,2.6667475886253267,-4.121692927817993,-3.7047049786631487,-1.9452564134264871,1.3381742825698388,-0.0969513807997917,3.973403803868048,-0.0637259618350326,1.3304659754040455
95.0,67.0,131.60195922851562,-0.0357889665656903,2.6668083957257664,-4.118790951853829,-3.704934726981712,-1.945790288033656,1.3384924741902062,-0.0967824465080085,3.97350985076696,-0.0635917371361302,1.3303831607041905
95.0,67.0,131.60195922851562,-0.0357889665656903,2.6668083957257664,-4.118790951853829,-3.704934726981712,-1.945790288033656,1.3384924741902062,-0.0967824465080085,3.97350985076696,-0.0635917371361302,1.3303831607041905
95.0,67.0,131.6019744873047,-0.0357889665656903,2.666808744013657,-4.118792227885839,-3.704934726981712,-1.9457919712326213,1.338492626624625,-0.0967824465080085,3.97350985076696,-0.0635917371361302,1.3303831607041905
95.0,67.0,131.6103973388672,-0.0294982920937634,2.666783139553427,-4.118879507939003,-3.7049054413265896,-1.9457547331009928,1.3384900429878592,-0.0968235024538734,3.973545888407135,-0.0635917371361302,1.3302770423088204
95.0,67.0,131.61231994628906,-0.0283323978014396,2.6667828193254746,-4.118966666589274,-3.704908539037432,-1.945754523710847,1.3384900429878592,-0.0967824465080085,3.9735101832903847,-0.0635917371361302,1.3302770423088204
95.0,67.0,131.6158905029297,-0.0398887705799824,2.666770300706607,-4.112465209748253,-3.705644126625166,-1.9457905491503007,1.3384900429878592,-0.0967824465080085,3.97350985076696,-0.0635917371361302,1.3302770423088204
95.0,67.0,131.6453094482422,-0.0283308179375664,2.6667828193254746,-4.118966666589274,-3.705520530043175,-1.945854486101096,1.3384900429878592,-0.0969586694463351,3.973511768287997,-0.061689630721657,1.3302770423088204
95.0,67.0,131.64651489257812,-0.0353763436227486,2.667971612930295,-4.137731241716676,-3.704719222353949,-1.9452546381117168,1.3381741498216166,-0.0972886598168017,3.973695869315431,-0.0635557455696288,1.3254564864694047
95.0,67.0,131.65374755859375,-0.0352584374996908,2.666631024143963,-4.137685987475736,-3.70494174722715,-1.945284660023192,1.3384865245073427,-0.0972561973636413,3.972862698955966,-0.0634377862395592,1.3246653383654756
95.0,67.0,131.65830993652344,-0.0273942990841015,2.66674623064228,-4.132118943237065,-3.70551567249764,-1.9451137257074256,1.338492555677261,-0.0964297619369558,3.973576188651987,-0.0616120106189685,1.325522383209821
95.0,67.0,131.6678924560547,-0.0355469964570773,2.6679106758851026,-4.137731241716676,-3.705538877440777,-1.9452090629016043,1.3381741498216166,-0.0972842892025076,3.973692860729144,-0.0635946940380416,1.3254095609581418
95.0,67.0,131.66836547851562,-0.036080004812099,2.666631024143963,-4.137687524718073,-3.7055347447508575,-1.945072202882376,1.3384867367516105,-0.097256886381217,3.973395008371557,-0.0633865474929194,1.324560189671163
95.0,67.0,131.66897583007812,-0.0352843200848134,2.666631024143963,-4.137687524718073,-3.7055347447508575,-1.945097817032906,1.3384865245073427,-0.0972560691852547,3.973396158384958,-0.0634377862395592,1.3245746310265485
95.0,67.0,131.67771911621094,-0.0354459872090046,2.666654885286809,-4.137814286049129,-3.704909817471268,-1.945289736505924,1.3384924916959202,-0.0975037918321776,3.973556754792767,-0.0617352342435333,1.325655494807258
95.0,67.0,131.6783447265625,-0.0352605014832882,2.666631024143963,-4.137687524718073,-3.7055347447508575,-1.9457564356266115,1.3384867367516105,-0.0972561973636413,3.973396158384958,-0.0634377862395592,1.324560189671163
95.0,67.0,131.67837524414062,-0.0352605014832882,2.666631024143963,-4.137687524718073,-3.7055347447508575,-1.9457564356266115,1.3384865245073427,-0.0972561973636413,3.973396158384958,-0.0634377862395592,1.3245746310265485
95.0,67.0,131.67857360839844,-0.0352605014832882,2.666631024143963,-4.137493670292596,-3.705644266222886,-1.9457564356266115,1.3384867367516105,-0.0972561973636413,3.973396158384958,-0.0634377862395592,1.324560189671163
95.0,67.0,131.67974853515625,-0.0400733570163346,2.6668057157705483,-4.131573188114434,-3.705644104292616,-1.945790305545844,1.3384925365416718,-0.105713031238202,3.973547953713516,-0.0617352342435333,1.325289832763938
95.0,67.0,131.68016052246094,-0.0400733570163346,2.666767620751388,-4.1317489028498775,-3.705617916348336,-1.945790566662488,1.3384901053393246,-0.105713031238202,3.973547953713516,-0.0617352342435333,1.325183714368568
95.0,67.0,131.68016052246094,-0.0400248137624232,2.6667798470781263,-4.131573188114434,-3.705644104292616,-1.945790305545844,1.3384924925139243,-0.1057387680825654,3.973547903545141,-0.0617352342435333,1.325289832763938
95.0,67.0,131.68331909179688,-0.0284053539609936,2.666625110635363,-4.137687524718073,-3.7055347447508575,-1.9450773084390145,1.3384867367516105,-0.0972434546240074,3.973394987776566,-0.0634314467255812,1.324560189671163
95.0,67.0,131.68406677246094,-0.0284226369655739,2.666625110635363,-4.137687524718073,-3.7055347447508575,-1.9451326636260515,1.33848673951596,-0.0972431967473577,3.973396153851801,-0.0634314467255812,1.3245752852050248
95.0,67.0,131.6888427734375,-0.0284069338248668,2.6679156598824743,-4.092544697320676,-3.704906608266453,-1.945250563897404,1.3384939259278774,-0.096728655622109,3.973694598189147,-0.0635872458130795,1.3254698185883662
95.0,67.0,131.6947021484375,-0.0284069338248668,2.6667455723029376,-4.093028735798157,-3.704906608266453,-1.9457549661347384,1.3384867367516105,-0.0967644588839548,3.973555417618389,-0.0635872458130795,1.3254698185883662
95.0,67.0,131.695068359375,-0.0396297734356488,2.6667475886253267,-4.1219071702670655,-3.7056314213021153,-1.9458143991385588,1.3384911105496682,-0.1083589229932973,3.973403803868048,-0.0636742424652943,1.3302936142403292
95.0,67.0,131.69622802734375,-0.0400733570163346,2.6667475886253267,-4.1219071702670655,-3.7056314213021153,-1.9458143991385588,1.3381742819038434,-0.1083589229932973,3.973403803868048,-0.0637258763708646,1.3302936142403292
95.0,67.0,131.6969451904297,-0.0400733570163346,2.666747586266541,-4.1219071702670655,-3.705657122011023,-1.9458143991385588,1.3381738546024355,-0.1083589229932973,3.973403803868048,-0.0637258763708646,1.3302936142403292
95.0,67.0,131.69931030273438,-0.0400733570163346,2.666749122223289,-4.122570334396023,-3.7056314213021153,-1.9458397448918976,1.3381764699404188,-0.1083589229932973,3.973394967336681,-0.0637066409141156,1.3302936142403292
95.0,67.0,131.7036895751953,-0.028402451225132,2.666746197434845,-4.137814286049129,-3.705515653577423,-1.9458206185112288,1.3384924916959202,-0.0963509022165658,3.973556754792767,-0.0636754723282819,1.3255246949430153
95.0,67.0,131.70416259765625,-0.0287726488253377,2.6668084161637475,-4.138430968108525,-3.704696622716495,-1.945863957063097,1.338483246315153,-0.0970771024865571,3.973559763379054,-0.0616962857751206,1.3254570953041322
95.0,67.0,131.70460510253906,-0.028402451225132,2.666746189888664,-4.137814286049129,-3.705515653577423,-1.9458782814257665,1.3384924916959202,-0.0963509022165658,3.973556754792767,-0.063671850584865,1.3255246949430153
95.0,67.0,131.7232666015625,-0.0284053539609936,2.667941312210067,-4.140244662569115,-3.705528478124261,-1.9450773084390145,1.3384867367516105,-0.0972434546240074,3.973394987776566,-0.0634314467255812,1.3254159493141824
95.0,67.0,131.7247772216797,-0.0367455152370627,2.6667475770105145,-4.132118943237065,-3.70551739576192,-1.945114048020887,1.3384924918874388,-0.0881878206944065,3.973576188651987,-0.0617352342435333,1.3252351348076552
95.0,67.0,131.72525024414062,-0.0289433016596664,2.6667474791185555,-4.138430968108525,-3.7055162778033233,-1.945818381852985,1.338483246315153,-0.097072731872263,3.973556754792767,-0.0617352342435333,1.3254101697928693
95.0,67.0,131.7254638671875,-0.0284053539609936,2.667941312210067,-4.140244976056055,-3.705528478124261,-1.945250995662735,1.3384867093810406,-0.0972434546240074,3.973394987776566,-0.0634551300720775,1.3254159493141824
95.0,67.0,131.72769165039062,-0.0284053539609936,2.6667455723029376,-4.093028735798157,-3.705518599272194,-1.9458549285249875,1.3384867367516105,-0.0969406818222814,3.9735570026160016,-0.0616851393986063,1.3254698185883662
95.0,67.0,131.72817993164062,-0.0289391580334811,2.6667475770105145,-4.140200779866914,-3.704776607825506,-1.9452496867004028,1.338490512440137,-0.0972003124630694,3.9733991602563634,-0.0617352342435333,1.3254070473673971
95.0,67.0,131.73194885253906,-0.0353763436227486,2.6679717752032177,-4.137731971496001,-3.704909817471268,-1.9452899629854687,1.3381741498216166,-0.0972886598168017,3.9728529038799967,-0.0635557455696288,1.3304345089856893
95.0,68.0,131.53073120117188,-0.0395667057665063,2.6666234971560523,-4.121758305972751,-3.705511517258879,-1.945257031300747,1.3381773719495325,-0.097224679089242,3.973396285468639,-0.0637259618350326,1.3244830056545638
95.0,68.0,131.53512573242188,-0.0354895260696711,2.6667800113397684,-4.119077187841704,-3.7055162778033233,-1.94581808266916,1.3384924916959202,-0.097072731872263,3.973510888710786,-0.0636820101982015,1.3252225443663008
95.0,68.0,131.53857421875,-0.02834923472212,2.6667800113397684,-4.117073160271567,-3.7049257096950505,-1.9452889737363688,1.3384918294648325,-0.097083629997814,3.973556754792767,-0.0617352342435333,1.3254101697928693
95.0,68.0,131.54457092285156,-0.02834923472212,2.6678660884591605,-4.115577495333685,-3.7055162778033233,-1.9453093526864864,1.3384891324449006,-0.097072731872263,3.973556754792767,-0.0617352342435333,1.3254101697928693
95.0,68.0,131.54742431640625,-0.039966295334697,2.6667800113397684,-4.115966501341776,-3.7055162778033233,-1.945818381852985,1.3384924916959202,-0.097072731872263,3.97340000622293,-0.0617352342435333,1.3255742862135735
95.0,68.0,131.54934692382812,-0.02834923472212,2.6667800113397684,-4.119049141702584,-3.705462502573256,-1.94574521194366,1.3384901948390873,-0.0968066251166994,3.973509555041161,-0.0635956064232296,1.3253721090454036
95.0,68.0,131.5521240234375,-0.02834923472212,2.6667800113397684,-4.115966501341776,-3.705516272860572,-1.945118138344024,1.3384925301180282,-0.0968060236632358,3.9735503545085264,-0.0617312651866851,1.3254101697928693
95.0,68.0,131.56138610839844,-0.02834923472212,2.6667800113397684,-4.115966501341776,-3.7055162778033233,-1.945818381852985,1.3384924916959202,-0.097072731872263,3.973556754792767,-0.0617352342435333,1.3254101697928693
95.0,68.0,131.56138610839844,-0.02834923472212,2.6667800113397684,-4.115966501341776,-3.7055162778033233,-1.945818381852985,1.3384922780144886,-0.097072731872263,3.973556754792767,-0.0617352342435333,1.3254101697928693
95.0,68.0,131.56146240234375,-0.02834923472212,2.6667800113397684,-4.116036822668157,-3.7055162778033233,-1.945818381852985,1.3384924916959202,-0.097072731872263,3.973556754792767,-0.0617313333662448,1.3254101697928693
95.0,68.0,131.56224060058594,-0.02834923472212,2.6667800113397684,-4.116035955551141,-3.705516277675392,-1.945818381852985,1.3384924916959202,-0.0968093181432683,3.973557112420047,-0.0617313352180552,1.3254101697928693
95.0,68.0,131.56382751464844,-0.040086977703199,2.666745554303916,-4.12201438816725,-3.7055162778071487,-1.9458304921368863,1.3381723679829416,-0.0968060236632358,3.973550388837297,-0.0617352683416426,1.3254101697928693
95.0,68.0,131.564208984375,-0.0401396701886626,2.666745465307944,-4.122087348318376,-3.705516272860572,-1.9458304921368863,1.3381723679829416,-0.0968060236632358,3.9735499346358254,-0.0617312651866851,1.3254101697928693
95.0,68.0,131.56671142578125,-0.02834923472212,2.6667800113397684,-4.119098011690061,-3.7055162778033233,-1.945818381852985,1.3384924916959202,-0.097072731872263,3.973556754792767,-0.0617352342435333,1.3254101697928693
95.0,68.0,131.56671142578125,-0.02834923472212,2.6667800113397684,-4.119098011690061,-3.7055162778033233,-1.945818381852985,1.3384924916959202,-0.097072731872263,3.973556754792767,-0.0617352342435333,1.3254101697928693
95.0,68.0,131.59506225585938,-0.039991894124789,2.6667475886253267,-4.121758305972751,-3.7047049786631487,-1.9452564134264871,1.3381773719495325,-0.0969513807997917,3.973403803868048,-0.0637259618350326,1.3303221857901462
95.0,68.0,131.597900390625,-0.0357889665656903,2.666770300706607,-4.118966666589274,-3.704908539037432,-1.9457905491503007,1.3384900429878592,-0.0967824465080085,3.97350985076696,-0.0635917371361302,1.3302770423088204
95.0,68.0,131.59860229492188,-0.0402905234640741,2.6667828193254746,-4.118966666589274,-3.7049014213247498,-1.9457679080875288,1.338178800459625,-0.0967824465080085,3.9735101832903847,-0.0637255220680536,1.3302771129755868
95.0,68.0,131.6007080078125,-0.0400733570163346,2.6667475886253267,-4.121692927817993,-3.7047049786631487,-1.9452564134264871,1.3381742825698388,-0.0969513807997917,3.973403803868048,-0.0637259618350326,1.3304659754040455
95.0,68.0,131.60195922851562,-0.0357889665656903,2.6668083957257664,-4.118790951853829,-3.704934726981712,-1.945790288033656,1.3384924741902062,-0.0967824465080085,3.97350985076696,-0.0635917371361302,1.3303831607041905
95.0,68.0,131.60195922851562,-0.0357889665656903,2.6668083957257664,-4.118790951853829,-3.704934726981712,-1.945790288033656,1.3384924741902062,-0.0967824465080085,3.97350985076696,-0.0635917371361302,1.3303831607041905
95.0,68.0,131.6019744873047,-0.0357889665656903,2.666808744013657,-4.118792227885839,-3.704934726981712,-1.9457919712326213,1.338492626624625,-0.0967824465080085,3.97350985076696,-0.0635917371361302,1.3303831607041905
95.0,68.0,131.6019744873047,-0.0357889665656903,2.666813921328935,-4.118987272910858,-3.704877949398824,-1.9457919712326213,1.3384925113623574,-0.0967824465080085,3.97350966261152,-0.0634357986446405,1.3303831607041905
95.0,68.0,131.60409545898438,-0.0283748335122121,2.6667475886253267,-4.121758305972751,-3.7047049786631487,-1.9452564134264871,1.3381773719495325,-0.0969513807997917,3.973560552437884,-0.0637259618350326,1.330158069369442
95.0,68.0,131.6103973388672,-0.0294982920937634,2.666783139553427,-4.118879507939003,-3.7049054413265896,-1.9457547331009928,1.3384900429878592,-0.0968235024538734,3.973545888407135,-0.0635917371361302,1.3302770423088204
95.0,68.0,131.61231994628906,-0.0283323978014396,2.6667828193254746,-4.118966666589274,-3.704908539037432,-1.945754523710847,1.3384900429878592,-0.0967824465080085,3.9735101832903847,-0.0635917371361302,1.3302770423088204
95.0,68.0,131.6158905029297,-0.0398887705799824,2.666770300706607,-4.112465209748253,-3.705644126625166,-1.9457905491503007,1.3384900429878592,-0.0967824465080085,3.97350985076696,-0.0635917371361302,1.3302770423088204
95.0,68.0,131.6158905029297,-0.0398887705799824,2.666770300706607,-4.112465209748253,-3.705644126625166,-1.9457905491503007,1.3384900429878592,-0.0967824465080085,3.97350985076696,-0.0635917371361302,1.3302770423088204
95.0,68.0,131.63015747070312,-0.0283308179375664,2.6667828193254746,-4.118966666589274,-3.704947622510752,-1.945854486101096,1.338492516913995,-0.0967875697956063,3.973511697880813,-0.061689630721657,1.3302770423088204
95.0,68.0,131.6453094482422,-0.0283308179375664,2.6667828193254746,-4.118966666589274,-3.705520530043175,-1.945854486101096,1.3384900429878592,-0.0969586694463351,3.973511768287997,-0.061689630721657,1.3302770423088204
95.0,68.0,131.64651489257812,-0.0353763436227486,2.667971612930295,-4.137731241716676,-3.704719222353949,-1.9452546381117168,1.3381741498216166,-0.0972886598168017,3.973695869315431,-0.0635557455696288,1.3254564864694047
95.0,68.0,131.65374755859375,-0.0352584374996908,2.666631024143963,-4.137685987475736,-3.70494174722715,-1.945284660023192,1.3384865245073427,-0.0972561973636413,3.972862698955966,-0.0634377862395592,1.3246653383654756
95.0,68.0,131.65830993652344,-0.0273942990841015,2.66674623064228,-4.132118943237065,-3.70551567249764,-1.9451137257074256,1.338492555677261,-0.0964297619369558,3.973576188651987,-0.0616120106189685,1.325522383209821
95.0,68.0,131.6678924560547,-0.0355469964570773,2.6679106758851026,-4.137731241716676,-3.705538877440777,-1.9452090629016043,1.3381741498216166,-0.0972842892025076,3.973692860729144,-0.0635946940380416,1.3254095609581418
95.0,68.0,131.66836547851562,-0.036080004812099,2.666631024143963,-4.137687524718073,-3.7055347447508575,-1.945072202882376,1.3384867367516105,-0.097256886381217,3.973395008371557,-0.0633865474929194,1.324560189671163
95.0,68.0,131.66873168945312,-0.0355469964570773,2.6679106758851026,-4.137731241716676,-3.705579684246636,-1.9452097871546243,1.3381852663053595,-0.0973348268299002,3.973692860729144,-0.0635949249335981,1.3254095609581418
95.0,68.0,131.66897583007812,-0.0352843200848134,2.666631024143963,-4.137687524718073,-3.7055347447508575,-1.945097817032906,1.3384865245073427,-0.0972560691852547,3.973396158384958,-0.0634377862395592,1.3245746310265485
95.0,68.0,131.677490234375,-0.0349598917698326,2.666536294584092,-4.13766263891457,-3.705528478124261,-1.945250995662735,1.3384867093810406,-0.0972434546240074,3.973394987776566,-0.0634370756190273,1.3254159493141824
95.0,68.0,131.67771911621094,-0.0354459872090046,2.666654885286809,-4.137814286049129,-3.704909817471268,-1.945289736505924,1.3384924916959202,-0.0975037918321776,3.973556754792767,-0.0617352342435333,1.325655494807258
95.0,68.0,131.6783447265625,-0.0352605014832882,2.666631024143963,-4.137687524718073,-3.7055347447508575,-1.9457564356266115,1.3384867367516105,-0.0972561973636413,3.973396158384958,-0.0634377862395592,1.324560189671163
95.0,68.0,131.67837524414062,-0.0352605014832882,2.666631024143963,-4.137687524718073,-3.7055347447508575,-1.9457564356266115,1.3384865245073427,-0.0972561973636413,3.973396158384958,-0.0634377862395592,1.3245746310265485
95.0,68.0,131.67857360839844,-0.0352605014832882,2.666631024143963,-4.137493670292596,-3.705644266222886,-1.9457564356266115,1.3384867367516105,-0.0972561973636413,3.973396158384958,-0.0634377862395592,1.324560189671163
95.0,68.0,131.67974853515625,-0.0400733570163346,2.6668057157705483,-4.131573188114434,-3.705644104292616,-1.945790305545844,1.3384925365416718,-0.105713031238202,3.973547953713516,-0.0617352342435333,1.325289832763938
95.0,68.0,131.679931640625,-0.0400733570163346,2.666767889480404,-4.1317489028498775,-3.705618092217252,-1.945776408247501,1.3384925268412151,-0.105713031238202,3.973545710917108,-0.0617352342435333,1.325183714368568
95.0,68.0,131.68016052246094,-0.0400733570163346,2.666767620751388,-4.1317489028498775,-3.705617916348336,-1.945790566662488,1.3384901053393246,-0.105713031238202,3.973547953713516,-0.0617352342435333,1.325183714368568
95.0,68.0,131.68016052246094,-0.0400248137624232,2.6667798470781263,-4.131573188114434,-3.705644104292616,-1.945790305545844,1.3384924925139243,-0.1057387680825654,3.973547903545141,-0.0617352342435333,1.325289832763938
95.0,68.0,131.68331909179688,-0.0284053539609936,2.666625110635363,-4.137687524718073,-3.7055347447508575,-1.9450773084390145,1.3384867367516105,-0.0972434546240074,3.973394987776566,-0.0634314467255812,1.324560189671163
95.0,68.0,131.68406677246094,-0.0284226369655739,2.666625110635363,-4.137687524718073,-3.7055347447508575,-1.9451326636260515,1.33848673951596,-0.0972431967473577,3.973396153851801,-0.0634314467255812,1.3245752852050248
95.0,68.0,131.6861114501953,-0.0400248137624232,2.6667798470781263,-4.132302743027183,-3.705653695983625,-1.945790305545844,1.3384922730831423,-0.1057387680825654,3.973547903545141,-0.0617352342435333,1.3252902342361137
95.0,68.0,131.6879425048828,-0.0284069338248668,2.6679156598824743,-4.092544697320676,-3.704865801460594,-1.945249839644384,1.3384828094441346,-0.0966781179947165,3.973694598189147,-0.063587014917523,1.3254698185883662
95.0,69.0,131.52716064453125,-0.0395671516984527,2.6667800113397684,-4.119039591586367,-3.7055162778033233,-1.9452216507862845,1.3381840356197234,-0.097072731872263,3.973510888710786,-0.0637245515031339,1.325215925815039
95.0,69.0,131.53073120117188,-0.0395667057665063,2.6666234971560523,-4.121758305972751,-3.705511517258879,-1.945257031300747,1.3381773719495325,-0.097224679089242,3.973396285468639,-0.0637259618350326,1.3244830056545638
95.0,69.0,131.53512573242188,-0.0354895260696711,2.6667800113397684,-4.119077187841704,-3.7055162778033233,-1.94581808266916,1.3384924916959202,-0.097072731872263,3.973510888710786,-0.0636820101982015,1.3252225443663008
95.0,69.0,131.53857421875,-0.02834923472212,2.6667800113397684,-4.117073160271567,-3.7049257096950505,-1.9452889737363688,1.3384918294648325,-0.097083629997814,3.973556754792767,-0.0617352342435333,1.3254101697928693
95.0,69.0,131.54104614257812,-0.02834923472212,2.6667800113397684,-4.119089767969279,-3.705516272860572,-1.945118138344024,1.3384925301180282,-0.0968060236632358,3.9735503545085264,-0.0638369808065062,1.3254101697928693
95.0,69.0,131.54457092285156,-0.02834923472212,2.6678660884591605,-4.115577495333685,-3.7055162778033233,-1.9453093526864864,1.3384891324449006,-0.097072731872263,3.973556754792767,-0.0617352342435333,1.3254101697928693
95.0,69.0,131.54742431640625,-0.039966295334697,2.6667800113397684,-4.115966501341776,-3.7055162778033233,-1.945818381852985,1.3384924916959202,-0.097072731872263,3.97340000622293,-0.0617352342435333,1.3255742862135735
95.0,69.0,131.54934692382812,-0.02834923472212,2.6667800113397684,-4.119049141702584,-3.705462502573256,-1.94574521194366,1.3384901948390873,-0.0968066251166994,3.973509555041161,-0.0635956064232296,1.3253721090454036
95.0,69.0,131.54934692382812,-0.02834923472212,2.6667801586088986,-4.119049141702584,-3.705462502573256,-1.94574521194366,1.3384900564633193,-0.0968065457365365,3.973509873345964,-0.0635956064232296,1.3253721090454036
95.0,69.0,131.5521240234375,-0.02834923472212,2.6667800113397684,-4.115966501341776,-3.705516272860572,-1.945118138344024,1.3384925301180282,-0.0968060236632358,3.9735503545085264,-0.0617312651866851,1.3254101697928693
95.0,69.0,131.5556640625,-0.02834923472212,2.6667800113397684,-4.117237139393921,-3.705547271698555,-1.9452889737363688,1.3384918294648325,-0.0970837676377688,3.973556754792767,-0.0617352342435333,1.3254101697928693
95.0,69.0,131.56138610839844,-0.02834923472212,2.6667800113397684,-4.115966501341776,-3.7055162778033233,-1.945818381852985,1.3384924916959202,-0.097072731872263,3.973556754792767,-0.0617352342435333,1.3254101697928693
95.0,69.0,131.56138610839844,-0.02834923472212,2.6667800113397684,-4.115966501341776,-3.7055162778033233,-1.945818381852985,1.3384922780144886,-0.097072731872263,3.973556754792767,-0.0617352342435333,1.3254101697928693
95.0,69.0,131.56146240234375,-0.02834923472212,2.6667800113397684,-4.116036822668157,-3.7055162778033233,-1.945818381852985,1.3384924916959202,-0.097072731872263,3.973556754792767,-0.0617313333662448,1.3254101697928693
95.0,69.0,131.56224060058594,-0.02834923472212,2.6667800113397684,-4.116035955551141,-3.705516277675392,-1.945818381852985,1.3384924916959202,-0.0968093181432683,3.973557112420047,-0.0617313352180552,1.3254101697928693
95.0,69.0,131.56382751464844,-0.040086977703199,2.666745554303916,-4.12201438816725,-3.7055162778071487,-1.9458304921368863,1.3381723679829416,-0.0968060236632358,3.973550388837297,-0.0617352683416426,1.3254101697928693
95.0,69.0,131.564208984375,-0.0401396701886626,2.666745465307944,-4.122087348318376,-3.705516272860572,-1.9458304921368863,1.3381723679829416,-0.0968060236632358,3.9735499346358254,-0.0617312651866851,1.3254101697928693
95.0,69.0,131.56671142578125,-0.02834923472212,2.6667800113397684,-4.119098011690061,-3.7055162778033233,-1.945818381852985,1.3384924916959202,-0.097072731872263,3.973556754792767,-0.0617352342435333,1.3254101697928693
95.0,69.0,131.56671142578125,-0.02834923472212,2.6667800113397684,-4.119098011690061,-3.7055162778033233,-1.945818381852985,1.3384924916959202,-0.097072731872263,3.973556754792767,-0.0617352342435333,1.3254101697928693
95.0,69.0,131.56895446777344,-0.0288016053342391,2.6667800113397684,-4.119103309775302,-3.7055162778033233,-1.9458174834145967,1.3384924916959202,-0.0967546570474136,3.9735104137644153,-0.0617352342435333,1.325661388866021
95.0,69.0,131.588623046875,-0.0355885382931858,2.6667475886253267,-4.118576932295677,-3.704712664228139,-1.9452564134264871,1.3381773719495325,-0.0969504497805637,3.9734064033833993,-0.0635833903833512,1.330383932426045
95.0,69.0,131.59506225585938,-0.039991894124789,2.6667475886253267,-4.121758305972751,-3.7047049786631487,-1.9452564134264871,1.3381773719495325,-0.0969513807997917,3.973403803868048,-0.0637259618350326,1.3303221857901462
95.0,69.0,131.597900390625,-0.0357889665656903,2.666770300706607,-4.118966666589274,-3.704908539037432,-1.9457905491503007,1.3384900429878592,-0.0967824465080085,3.97350985076696,-0.0635917371361302,1.3302770423088204
95.0,69.0,131.59825134277344,-0.0402905234640741,2.6667828193254746,-4.118966666589274,-3.7049014213247498,-1.945744409897814,1.338178800459625,-0.0967824465080085,3.9735101832903847,-0.0637259940729469,1.3302771129755868
95.0,69.0,131.59860229492188,-0.0402905234640741,2.6667828193254746,-4.118966666589274,-3.7049014213247498,-1.9457679080875288,1.338178800459625,-0.0967824465080085,3.9735101832903847,-0.0637255220680536,1.3302771129755868
95.0,69.0,131.6007080078125,-0.0400733570163346,2.6667475886253267,-4.121692927817993,-3.7047049786631487,-1.9452564134264871,1.3381742825698388,-0.0969513807997917,3.973403803868048,-0.0637259618350326,1.3304659754040455
95.0,69.0,131.60195922851562,-0.0357889665656903,2.6668083957257664,-4.118790951853829,-3.704934726981712,-1.945790288033656,1.3384924741902062,-0.0967824465080085,3.97350985076696,-0.0635917371361302,1.3303831607041905
95.0,69.0,131.60195922851562,-0.0357889665656903,2.6668083957257664,-4.118790951853829,-3.704934726981712,-1.945790288033656,1.3384924741902062,-0.0967824465080085,3.97350985076696,-0.0635917371361302,1.3303831607041905
95.0,69.0,131.60195922851562,-0.0357889665656903,2.666808248456636,-4.118790951853829,-3.704934726981712,-1.945790288033656,1.3384926125659742,-0.0967825258881714,3.973509532462157,-0.0635917371361302,1.3303831607041905
95.0,69.0,131.6019744873047,-0.0357889665656903,2.666808744013657,-4.118792227885839,-3.704934726981712,-1.9457919712326213,1.338492626624625,-0.0967824465080085,3.97350985076696,-0.0635917371361302,1.3303831607041905
95.0,69.0,131.6019744873047,-0.0357889665656903,2.666813921328935,-4.118987272910858,-3.704877949398824,-1.9457919712326213,1.3384925113623574,-0.0967824465080085,3.97350966261152,-0.0634357986446405,1.3303831607041905
95.0,69.0,131.60409545898438,-0.0283748335122121,2.6667475886253267,-4.121758305972751,-3.7047049786631487,-1.9452564134264871,1.3381773719495325,-0.0969513807997917,3.973560552437884,-0.0637259618350326,1.330158069369442
95.0,69.0,131.6103973388672,-0.0294982920937634,2.666783139553427,-4.118879507939003,-3.7049054413265896,-1.9457547331009928,1.3384900429878592,-0.0968235024538734,3.973545888407135,-0.0635917371361302,1.3302770423088204
95.0,69.0,131.61231994628906,-0.0283323978014396,2.6667828193254746,-4.118966666589274,-3.704908539037432,-1.945754523710847,1.3384900429878592,-0.0967824465080085,3.9735101832903847,-0.0635917371361302,1.3302770423088204
95.0,69.0,131.6132354736328,-0.0283308179375664,2.66680873133081,-4.118790836432714,-3.704925287015784,-1.945854486101096,1.3384900429878592,-0.0969581799363552,3.973509797130408,-0.0635986536707393,1.3302811726346315
95.0,69.0,131.6158905029297,-0.0398887705799824,2.666770300706607,-4.112465209748253,-3.705644126625166,-1.9457905491503007,1.3384900429878592,-0.0967824465080085,3.97350985076696,-0.0635917371361302,1.3302770423088204
95.0,69.0,131.6158905029297,-0.0398887705799824,2.666770300706607,-4.112465209748253,-3.705644126625166,-1.9457905491503007,1.3384900429878592,-0.0967824465080085,3.97350985076696,-0.0635917371361302,1.3302770423088204
95.0,69.0,131.62025451660156,-0.0283961184552665,2.666780025475561,-4.115958993454267,-3.7048584681639536,-1.9457905491503007,1.3384924119715358,-0.0967812139984698,3.973556054538791,-0.0618800433950555,1.3302770423088204
95.0,69.0,131.63015747070312,-0.0283308179375664,2.6667828193254746,-4.118966666589274,-3.704947622510752,-1.945854486101096,1.338492516913995,-0.0967875697956063,3.973511697880813,-0.061689630721657,1.3302770423088204
95.0,69.0,131.6453094482422,-0.0283308179375664,2.6667828193254746,-4.118966666589274,-3.705520530043175,-1.945854486101096,1.3384900429878592,-0.0969586694463351,3.973511768287997,-0.061689630721657,1.3302770423088204
95.0,69.0,131.64651489257812,-0.0353763436227486,2.667971612930295,-4.137731241716676,-3.704719222353949,-1.9452546381117168,1.3381741498216166,-0.0972886598168017,3.973695869315431,-0.0635557455696288,1.3254564864694047
95.0,69.0,131.65374755859375,-0.0352584374996908,2.666631024143963,-4.137685987475736,-3.70494174722715,-1.945284660023192,1.3384865245073427,-0.0972561973636413,3.972862698955966,-0.0634377862395592,1.3246653383654756
95.0,69.0,131.65777587890625,-0.0401111133717681,2.666767889480404,-4.1317489028498775,-3.705566726164264,-1.945776408247501,1.3384864956556104,-0.1052872986244209,3.972856169376186,-0.0634418151166752,1.325183714368568
95.0,69.0,131.65830993652344,-0.0273942990841015,2.66674623064228,-4.132118943237065,-3.70551567249764,-1.9451137257074256,1.338492555677261,-0.0964297619369558,3.973576188651987,-0.0616120106189685,1.325522383209821
95.0,69.0,131.65963745117188,-0.0273942990841015,2.66674623064228,-4.132118943237065,-3.70551567249764,-1.9451137257074256,1.338492555677261,-0.0960780345547235,3.973576037462639,-0.0616120106189685,1.3255266223257884
95.0,69.0,131.6678924560547,-0.0355469964570773,2.6679106758851026,-4.137731241716676,-3.705538877440777,-1.9452090629016043,1.3381741498216166,-0.0972842892025076,3.973692860729144,-0.0635946940380416,1.3254095609581418
95.0,69.0,131.66836547851562,-0.036080004812099,2.666631024143963,-4.137687524718073,-3.7055347447508575,-1.945072202882376,1.3384867367516105,-0.097256886381217,3.973395008371557,-0.0633865474929194,1.324560189671163
95.0,69.0,131.66873168945312,-0.0355469964570773,2.6679106758851026,-4.137731241716676,-3.705579684246636,-1.9452097871546243,1.3381852663053595,-0.0973348268299002,3.973692860729144,-0.0635949249335981,1.3254095609581418
95.0,69.0,131.66888427734375,-0.0348825260226121,2.666631024143963,-4.137662777032775,-3.7055347447508575,-1.945072139582172,1.3384867075362192,-0.0972573783124531,3.973395008475692,-0.0633871528390669,1.324560189671163
95.0,69.0,131.66897583007812,-0.0352843200848134,2.666631024143963,-4.137687524718073,-3.7055347447508575,-1.945097817032906,1.3384865245073427,-0.0972560691852547,3.973396158384958,-0.0634377862395592,1.3245746310265485
95.0,70.0,131.52479553222656,-0.0389603043870973,2.6667800113397684,-4.119089767969279,-3.705516272860572,-1.945118138344024,1.3384925301180282,-0.0968060236632358,3.9735503545085264,-0.0638318254021145,1.3252026432318096
95.0,70.0,131.52716064453125,-0.0395671516984527,2.6667800113397684,-4.119039591586367,-3.7055162778033233,-1.9452216507862845,1.3381840356197234,-0.097072731872263,3.973510888710786,-0.0637245515031339,1.325215925815039
95.0,70.0,131.52716064453125,-0.0395671516984527,2.6667800113397684,-4.119039591586367,-3.7055162778033233,-1.9452216507862845,1.3381840356197234,-0.097072731872263,3.973510888710786,-0.0637245515031339,1.325215925815039
95.0,70.0,131.53073120117188,-0.0395667057665063,2.6666234971560523,-4.121758305972751,-3.705511517258879,-1.945257031300747,1.3381773719495325,-0.097224679089242,3.973396285468639,-0.0637259618350326,1.3244830056545638
95.0,70.0,131.53480529785156,-0.0398887705799824,2.666770300706607,-4.116068688589556,-3.70563447316216,-1.945800241433593,1.3384900429878592,-0.0968056841086703,3.97350985076696,-0.0635917371361302,1.325251414402471
95.0,70.0,131.53512573242188,-0.0354895260696711,2.6667800113397684,-4.119077187841704,-3.7055162778033233,-1.94581808266916,1.3384924916959202,-0.097072731872263,3.973510888710786,-0.0636820101982015,1.3252225443663008
95.0,70.0,131.5363006591797,-0.0356642398274619,2.666782688268208,-4.119077187841704,-3.7055162778033233,-1.9458202559971007,1.3384924916959202,-0.0967920989127114,3.973510888710786,-0.0636828910794287,1.325321627548255
95.0,70.0,131.53857421875,-0.02834923472212,2.6667800113397684,-4.117073160271567,-3.7049257096950505,-1.9452889737363688,1.3384918294648325,-0.097083629997814,3.973556754792767,-0.0617352342435333,1.3254101697928693
95.0,70.0,131.53884887695312,-0.0283679281947759,2.6667798255035926,-4.117198382336549,-3.704925743986853,-1.9453098775479023,1.3384918294648325,-0.0970837676377688,3.973556754792767,-0.0617450715840485,1.3254101697928693
95.0,70.0,131.54104614257812,-0.02834923472212,2.6667800113397684,-4.119089767969279,-3.705516272860572,-1.945118138344024,1.3384925301180282,-0.0968060236632358,3.9735503545085264,-0.0638369808065062,1.3254101697928693
95.0,70.0,131.54234313964844,-0.02834923472212,2.6667801586088986,-4.119049141702584,-3.704941869529148,-1.9452858785484328,1.3384900564633193,-0.0968065457365365,3.973509873345964,-0.0618462833127287,1.3253721090454036
95.0,70.0,131.5426483154297,-0.0289560820334754,2.6667800113397684,-4.119039591586367,-3.7055162778033233,-1.9452216507862845,1.3381840356197234,-0.097072731872263,3.973510888710786,-0.0637297069075256,1.325423452376099
95.0,70.0,131.54457092285156,-0.02834923472212,2.6678660884591605,-4.115577495333685,-3.7055162778033233,-1.9453093526864864,1.3384891324449006,-0.097072731872263,3.973556754792767,-0.0617352342435333,1.3254101697928693
95.0,70.0,131.54742431640625,-0.039966295334697,2.6667800113397684,-4.115966501341776,-3.7055162778033233,-1.945818381852985,1.3384924916959202,-0.097072731872263,3.97340000622293,-0.0617352342435333,1.3255742862135735
95.0,70.0,131.54742431640625,-0.039966295334697,2.6667800113397684,-4.115966501341776,-3.7055162778033233,-1.945818381852985,1.3384924916959202,-0.097072731872263,3.97340000622293,-0.0617352342435333,1.3255742862135735
95.0,70.0,131.5481414794922,-0.0283323978014396,2.6667828193254746,-4.119094658680124,-3.705491845861219,-1.945768272766233,1.3384900401660915,-0.0967824465080085,3.973511027771349,-0.0638228798174719,1.3251689916456513
95.0,70.0,131.54934692382812,-0.02834923472212,2.6667800113397684,-4.119049141702584,-3.705462502573256,-1.94574521194366,1.3384901948390873,-0.0968066251166994,3.973509555041161,-0.0635956064232296,1.3253721090454036
95.0,70.0,131.54934692382812,-0.02834923472212,2.6667801586088986,-4.119049141702584,-3.705462502573256,-1.94574521194366,1.3384900564633193,-0.0968065457365365,3.973509873345964,-0.0635956064232296,1.3253721090454036
95.0,70.0,131.54934692382812,-0.02834923472212,2.6667800113397684,-4.119049141702584,-3.705462502573256,-1.94574521194366,1.3384901948390873,-0.0968066251166994,3.973509555041161,-0.0635956064232296,1.3253721090454036
95.0,70.0,131.5521240234375,-0.02834923472212,2.6667800113397684,-4.115966501341776,-3.705516272860572,-1.945118138344024,1.3384925301180282,-0.0968060236632358,3.9735503545085264,-0.0617312651866851,1.3254101697928693
95.0,70.0,131.5556640625,-0.02834923472212,2.6667800113397684,-4.117237139393921,-3.705547271698555,-1.9452889737363688,1.3384918294648325,-0.0970837676377688,3.973556754792767,-0.0617352342435333,1.3254101697928693
95.0,70.0,131.55902099609375,-0.0401396701886626,2.66661635914844,-4.1220927694794,-3.705516272860572,-1.9458304921368863,1.3381723679829416,-0.0968060236632358,3.9735499346358254,-0.0617312651866851,1.3244610683505476
95.0,70.0,131.56063842773438,-0.0398432147536458,2.666623539942515,-4.121519886127749,-3.7055162778033233,-1.945818381852985,1.3384922780144886,-0.097072731872263,3.973556754792767,-0.0617352342435333,1.3254101697928693
95.0,70.0,131.56138610839844,-0.02834923472212,2.6667800113397684,-4.115966501341776,-3.7055162778033233,-1.945818381852985,1.3384924916959202,-0.097072731872263,3.973556754792767,-0.0617352342435333,1.3254101697928693
95.0,70.0,131.56138610839844,-0.02834923472212,2.6667800113397684,-4.115966501341776,-3.7055162778033233,-1.945818381852985,1.3384922780144886,-0.097072731872263,3.973556754792767,-0.0617352342435333,1.3254101697928693
95.0,70.0,131.56138610839844,-0.02834923472212,2.6667800113397684,-4.1159637977042,-3.7055162778033233,-1.945818381852985,1.3384924890705532,-0.097072731872263,3.973556754792767,-0.0617352342435333,1.3254101697928693
95.0,70.0,131.56146240234375,-0.02834923472212,2.6667800113397684,-4.116036822668157,-3.7055162778033233,-1.945818381852985,1.3384924916959202,-0.097072731872263,3.973556754792767,-0.0617313333662448,1.3254101697928693
95.0,70.0,131.56146240234375,-0.02834923472212,2.6667800113397684,-4.116039526305734,-3.7055162778033233,-1.945818381852985,1.3384922806398556,-0.097072731872263,3.973556754792767,-0.0617313333662448,1.3254101697928693
95.0,70.0,131.56224060058594,-0.02834923472212,2.6667800113397684,-4.116035955551141,-3.705516277675392,-1.945818381852985,1.3384924916959202,-0.0968093181432683,3.973557112420047,-0.0617313352180552,1.3254101697928693
95.0,70.0,131.56259155273438,-0.02834923472212,2.6667800113397684,-4.117239171193678,-3.705516820416215,-1.9458181355960755,1.3384918148642997,-0.0970715116524216,3.973556754792767,-0.0617352342435333,1.3254101697928693
95.0,70.0,131.56382751464844,-0.040086977703199,2.666745554303916,-4.12201438816725,-3.7055162778071487,-1.9458304921368863,1.3381723679829416,-0.0968060236632358,3.973550388837297,-0.0617352683416426,1.3254101697928693
95.0,70.0,131.564208984375,-0.0401396701886626,2.666745465307944,-4.122087348318376,-3.705516272860572,-1.9458304921368863,1.3381723679829416,-0.0968060236632358,3.9735499346358254,-0.0617312651866851,1.3254101697928693
95.0,70.0,131.56671142578125,-0.02834923472212,2.6667800113397684,-4.119098011690061,-3.7055162778033233,-1.945818381852985,1.3384924916959202,-0.097072731872263,3.973556754792767,-0.0617352342435333,1.3254101697928693
95.0,70.0,131.56671142578125,-0.02834923472212,2.6667800113397684,-4.119098011690061,-3.7055162778033233,-1.945818381852985,1.3384924916959202,-0.097072731872263,3.973556754792767,-0.0617352342435333,1.3254101697928693
95.0,70.0,131.56895446777344,-0.0288016053342391,2.6667800113397684,-4.119103309775302,-3.7055162778033233,-1.9458174834145967,1.3384924916959202,-0.0967546570474136,3.9735104137644153,-0.0617352342435333,1.325661388866021
95.0,70.0,131.57395935058594,-0.02834923472212,2.6667800113397684,-4.121633093388367,-3.7055162778033233,-1.945818381852985,1.3384813728239828,-0.097072731872263,3.973556723375924,-0.0617777380982736,1.3254101697928693
95.0,70.0,131.58859252929688,-0.0355885382931858,2.6667475886253267,-4.118576932295677,-3.704712664228139,-1.9452541477437064,1.3381789731785032,-0.0969504497805637,3.9734064033833993,-0.0635833903833512,1.330383932426045
95.0,70.0,131.588623046875,-0.0355885382931858,2.6667475886253267,-4.118576932295677,-3.704712664228139,-1.9452564134264871,1.3381773719495325,-0.0969504497805637,3.9734064033833993,-0.0635833903833512,1.330383932426045
95.0,70.0,131.59097290039062,-0.0283748335122121,2.6667475886253267,-4.116091713926162,-3.7047049786631487,-1.9452564134264871,1.3381884908214696,-0.0969513807997917,3.973560583854728,-0.0636834579802924,1.330158069369442
95.0,70.0,131.59506225585938,-0.039991894124789,2.6667475886253267,-4.121758305972751,-3.7047049786631487,-1.9452564134264871,1.3381773719495325,-0.0969513807997917,3.973403803868048,-0.0637259618350326,1.3303221857901462
95.0,70.0,131.597900390625,-0.0357889665656903,2.666770300706607,-4.118966666589274,-3.704908539037432,-1.9457905491503007,1.3384900429878592,-0.0967824465080085,3.97350985076696,-0.0635917371361302,1.3302770423088204
95.0,70.0,131.59825134277344,-0.0402905234640741,2.6667828193254746,-4.118966666589274,-3.7049014213247498,-1.945744409897814,1.338178800459625,-0.0967824465080085,3.9735101832903847,-0.0637259940729469,1.3302771129755868
95.0,70.0,131.59860229492188,-0.0402905234640741,2.6667828193254746,-4.118966666589274,-3.7049014213247498,-1.9457679080875288,1.338178800459625,-0.0967824465080085,3.9735101832903847,-0.0637255220680536,1.3302771129755868
95.0,70.0,131.59864807128906,-0.0402905234640741,2.6667828193254746,-4.118966666589274,-3.7049014213247498,-1.94577017377031,1.338177199230654,-0.0967824465080085,3.9735101832903847,-0.0637255220680536,1.3302771129755868
95.0,70.0,131.6007080078125,-0.0400733570163346,2.6667475886253267,-4.121692927817993,-3.7047049786631487,-1.9452564134264871,1.3381742825698388,-0.0969513807997917,3.973403803868048,-0.0637259618350326,1.3304659754040455
95.0,70.0,131.60195922851562,-0.0357889665656903,2.6668083957257664,-4.118790951853829,-3.704934726981712,-1.945790288033656,1.3384924741902062,-0.0967824465080085,3.97350985076696,-0.0635917371361302,1.3303831607041905
95.0,70.0,131.60195922851562,-0.0357889665656903,2.6668083957257664,-4.118790951853829,-3.704934726981712,-1.945790288033656,1.3384924741902062,-0.0967824465080085,3.97350985076696,-0.0635917371361302,1.3303831607041905
95.0,70.0,131.60195922851562,-0.0357889665656903,2.666808248456636,-4.118790951853829,-3.704934726981712,-1.945790288033656,1.3384926125659742,-0.0967825258881714,3.973509532462157,-0.0635917371361302,1.3303831607041905
95.0,70.0,131.6019744873047,-0.0357889665656903,2.666808744013657,-4.118792227885839,-3.704934726981712,-1.9457919712326213,1.338492626624625,-0.0967824465080085,3.97350985076696,-0.0635917371361302,1.3303831607041905
95.0,70.0,131.6019744873047,-0.0357889665656903,2.666813921328935,-4.118987272910858,-3.704877949398824,-1.9457919712326213,1.3384925113623574,-0.0967824465080085,3.97350966261152,-0.0634357986446405,1.3303831607041905
95.0,71.0,131.3009490966797,-0.02834923472212,2.6667800113397684,-4.122099397386747,-3.6816614375775103,-1.9458182729939364,1.3384924890705532,-0.097072731872263,3.973556477133183,-0.0617352661933094,1.3254101697928693
95.0,71.0,131.51954650878906,-0.0402134108834462,2.6667826844360163,-4.118966666589274,-3.7049014213247498,-1.9457679080875288,1.338178800459625,-0.0967924702193221,3.973510168192883,-0.0637243405798893,1.3252135330929786
95.0,71.0,131.52479553222656,-0.0389603043870973,2.6667800113397684,-4.119089767969279,-3.705516272860572,-1.945118138344024,1.3384925301180282,-0.0968060236632358,3.9735503545085264,-0.0638318254021145,1.3252026432318096
95.0,71.0,131.52549743652344,-0.0389603043870973,2.6667800113397684,-4.119089767969279,-3.7055162729215088,-1.945117264691681,1.3384828709210634,-0.0968022156067733,3.9735492506610814,-0.0637287071088011,1.3252159180070548
95.0,71.0,131.5264434814453,-0.0395671516984527,2.6667800113397684,-4.119039591586367,-3.705516277742386,-1.9452225244386268,1.338193694816688,-0.0970765399287255,3.973511992558232,-0.0638276697964473,1.325202651039794
95.0,71.0,131.52716064453125,-0.0395671516984527,2.6667800113397684,-4.119039591586367,-3.7055162778033233,-1.9452216507862845,1.3381840356197234,-0.097072731872263,3.973510888710786,-0.0637245515031339,1.325215925815039
95.0,71.0,131.52716064453125,-0.0395671516984527,2.6667800113397684,-4.119039591586367,-3.7055162778033233,-1.9452216507862845,1.3381840356197234,-0.097072731872263,3.973510888710786,-0.0637245515031339,1.325215925815039
95.0,71.0,131.53073120117188,-0.0395667057665063,2.6666234971560523,-4.121758305972751,-3.705511517258879,-1.945257031300747,1.3381773719495325,-0.097224679089242,3.973396285468639,-0.0637259618350326,1.3244830056545638
95.0,71.0,131.53155517578125,-0.039840804716882,2.666623368094581,-4.121877294874489,-3.7055163254376833,-1.945254804627304,1.3381769835748178,-0.0972291139475959,3.9734055053910056,-0.0637259618350326,1.3245147170203244
95.0,71.0,131.53155517578125,-0.0403522165943531,2.6666234971560523,-4.121758305972751,-3.705511517258879,-1.945257031300747,1.3381773719495325,-0.097224679089242,3.973393929724685,-0.0637259618350326,1.3244830056545638
95.0,71.0,131.53465270996094,-0.02834923472212,2.6667800113397684,-4.117073160271567,-3.7053864210343086,-1.9452889737363688,1.3384918294648325,-0.097083629997814,3.973556754792767,-0.063807382944572,1.3253718548875044
95.0,71.0,131.53480529785156,-0.0398887705799824,2.666770300706607,-4.116068688589556,-3.70563447316216,-1.945800241433593,1.3384900429878592,-0.0968056841086703,3.97350985076696,-0.0635917371361302,1.325251414402471
95.0,71.0,131.5350341796875,-0.0354590902746613,2.6667800113397684,-4.119039611983112,-3.7055162778033233,-1.94581808266916,1.3384924916959202,-0.097072731872263,3.973510888710786,-0.0636820101982015,1.32521583408275
95.0,71.0,131.53512573242188,-0.0354895260696711,2.6667800113397684,-4.119077187841704,-3.7055162778033233,-1.94581808266916,1.3384924916959202,-0.097072731872263,3.973510888710786,-0.0636820101982015,1.3252225443663008
95.0,71.0,131.5363006591797,-0.0356642398274619,2.666782688268208,-4.119077187841704,-3.7055162778033233,-1.9458202559971007,1.3384924916959202,-0.0967920989127114,3.973510888710786,-0.0636828910794287,1.325321627548255
95.0,71.0,131.53857421875,-0.02834923472212,2.6667800113397684,-4.117073160271567,-3.7049257096950505,-1.9452889737363688,1.3384918294648325,-0.097083629997814,3.973556754792767,-0.0617352342435333,1.3254101697928693
95.0,71.0,131.53884887695312,-0.0283679281947759,2.6667798255035926,-4.117198382336549,-3.704925743986853,-1.9453098775479023,1.3384918294648325,-0.0970837676377688,3.973556754792767,-0.0617450715840485,1.3254101697928693
95.0,71.0,131.5395965576172,-0.0398887705799824,2.666769912435224,-4.118921478166705,-3.70563447316216,-1.945800241433593,1.3384900429878592,-0.0968056841086703,3.97350985076696,-0.0635917371361302,1.325251414402471
95.0,71.0,131.54104614257812,-0.02834923472212,2.6667800113397684,-4.119089767969279,-3.705516272860572,-1.945118138344024,1.3384925301180282,-0.0968060236632358,3.9735503545085264,-0.0638369808065062,1.3254101697928693
95.0,71.0,131.54226684570312,-0.02834923472212,2.6667801586088986,-4.119049141702584,-3.705458147324568,-1.945262649511941,1.338490074410972,-0.0968050091490424,3.973510836505602,-0.0635956064232296,1.3253721090454036
95.0,71.0,131.54234313964844,-0.02834923472212,2.6667801586088986,-4.119049141702584,-3.704941869529148,-1.9452858785484328,1.3384900564633193,-0.0968065457365365,3.973509873345964,-0.0618462833127287,1.3253721090454036
95.0,71.0,131.5426483154297,-0.0289560820334754,2.6667800113397684,-4.119039591586367,-3.7055162778033233,-1.9452216507862845,1.3381840356197234,-0.097072731872263,3.973510888710786,-0.0637297069075256,1.325423452376099
95.0,71.0,131.54295349121094,-0.0281032093234162,2.6667800113397684,-4.119048377611725,-3.7055162778033233,-1.9452216507862845,1.3381840356197234,-0.097072731872263,3.973400799395715,-0.0637297069075256,1.325423452376099
95.0,71.0,131.54457092285156,-0.02834923472212,2.6678660884591605,-4.115577495333685,-3.7055162778033233,-1.9453093526864864,1.3384891324449006,-0.097072731872263,3.973556754792767,-0.0617352342435333,1.3254101697928693
95.0,71.0,131.54457092285156,-0.02834923472212,2.6678660884591605,-4.115577495333685,-3.7055162778033233,-1.9453093526864864,1.3384891324449006,-0.097072731872263,3.973556754792767,-0.0617352342435333,1.3254101697928693
95.0,71.0,131.54469299316406,-0.02834923472212,2.6667801586088986,-4.119049141702584,-3.705504111629576,-1.9452858785484328,1.3384900558783446,-0.0968065457365365,3.97350957703802,-0.0634664269048439,1.3253721090454036
95.0,71.0,131.54742431640625,-0.039966295334697,2.6667800113397684,-4.115966501341776,-3.7055162778033233,-1.945818381852985,1.3384924916959202,-0.097072731872263,3.97340000622293,-0.0617352342435333,1.3255742862135735
95.0,71.0,131.54742431640625,-0.039966295334697,2.6667800113397684,-4.115966501341776,-3.7055162778033233,-1.945818381852985,1.3384924916959202,-0.097072731872263,3.97340000622293,-0.0617352342435333,1.3255742862135735
95.0,71.0,131.5481414794922,-0.0283323978014396,2.6667828193254746,-4.119094658680124,-3.705491845861219,-1.945768272766233,1.3384900401660915,-0.0967824465080085,3.973511027771349,-0.0638228798174719,1.3251689916456513
95.0,71.0,131.54934692382812,-0.02834923472212,2.6667800113397684,-4.119049141702584,-3.705462502573256,-1.94574521194366,1.3384901948390873,-0.0968066251166994,3.973509555041161,-0.0635956064232296,1.3253721090454036
95.0,71.0,131.54934692382812,-0.02834923472212,2.6667801586088986,-4.119049141702584,-3.705462502573256,-1.94574521194366,1.3384900564633193,-0.0968065457365365,3.973509873345964,-0.0635956064232296,1.3253721090454036
95.0,71.0,131.54934692382812,-0.02834923472212,2.6667800113397684,-4.119049141702584,-3.705462502573256,-1.94574521194366,1.3384901948390873,-0.0968066251166994,3.973509555041161,-0.0635956064232296,1.3253721090454036
95.0,71.0,131.5521240234375,-0.02834923472212,2.6667800113397684,-4.115966501341776,-3.705516272860572,-1.945118138344024,1.3384925301180282,-0.0968060236632358,3.9735503545085264,-0.0617312651866851,1.3254101697928693
95.0,71.0,131.55381774902344,-0.0399736806929874,2.6667800113397684,-4.119098470697937,-3.7055162778033233,-1.9458206599342087,1.338192305479012,-0.097072731872263,3.973406459754763,-0.0617352342435333,1.3255742862135735
95.0,71.0,131.553955078125,-0.02834923472212,2.6667801586088986,-4.119049141702584,-3.7050017912339976,-1.94574521194366,1.3384900564633193,-0.0968065457365365,3.973509873345964,-0.061523457722191,1.3254104239507685
95.0,71.0,131.5556640625,-0.02834923472212,2.6667800113397684,-4.117237139393921,-3.705547271698555,-1.9452889737363688,1.3384918294648325,-0.0970837676377688,3.973556754792767,-0.0617352342435333,1.3254101697928693
95.0,71.0,131.55902099609375,-0.0401396701886626,2.66661635914844,-4.1220927694794,-3.705516272860572,-1.9458304921368863,1.3381723679829416,-0.0968060236632358,3.9735499346358254,-0.0617312651866851,1.3244610683505476
95.0,71.0,131.56063842773438,-0.0398432147536458,2.666623539942515,-4.121519886127749,-3.7055162778033233,-1.945818381852985,1.3384922780144886,-0.097072731872263,3.973556754792767,-0.0617352342435333,1.3254101697928693
95.0,71.0,131.56138610839844,-0.02834923472212,2.6667800113397684,-4.115966501341776,-3.7055162778033233,-1.945818381852985,1.3384924916959202,-0.097072731872263,3.973556754792767,-0.0617352342435333,1.3254101697928693
95.0,71.0,131.56138610839844,-0.02834923472212,2.6667800113397684,-4.115966501341776,-3.7055162778033233,-1.945818381852985,1.3384922780144886,-0.097072731872263,3.973556754792767,-0.0617352342435333,1.3254101697928693
95.0,71.0,131.56138610839844,-0.02834923472212,2.6667800113397684,-4.1159637977042,-3.7055162778033233,-1.945818381852985,1.3384924890705532,-0.097072731872263,3.973556754792767,-0.0617352342435333,1.3254101697928693
95.0,71.0,131.56146240234375,-0.02834923472212,2.6667800113397684,-4.116036822668157,-3.7055162778033233,-1.945818381852985,1.3384924916959202,-0.097072731872263,3.973556754792767,-0.0617313333662448,1.3254101697928693
95.0,71.0,131.56146240234375,-0.02834923472212,2.6667800113397684,-4.116039526305734,-3.7055162778033233,-1.945818381852985,1.3384922806398556,-0.097072731872263,3.973556754792767,-0.0617313333662448,1.3254101697928693
95.0,71.0,131.56179809570312,-0.0279894111382817,2.6667800113397684,-4.115844376066815,-3.7055162778033233,-1.94581808266916,1.3384924917880046,-0.097072731872263,3.973558518668437,-0.0617671285355743,1.3254194478918309
95.0,71.0,131.56224060058594,-0.02834923472212,2.6667800113397684,-4.116035955551141,-3.705516277675392,-1.945818381852985,1.3384924916959202,-0.0968093181432683,3.973557112420047,-0.0617313352180552,1.3254101697928693
95.0,71.0,131.56259155273438,-0.02834923472212,2.6667800113397684,-4.117239171193678,-3.705516820416215,-1.9458181355960755,1.3384918148642997,-0.0970715116524216,3.973556754792767,-0.0617352342435333,1.3254101697928693
95.0,71.0,131.56382751464844,-0.040086977703199,2.666745554303916,-4.12201438816725,-3.7055162778071487,-1.9458304921368863,1.3381723679829416,-0.0968060236632358,3.973550388837297,-0.0617352683416426,1.3254101697928693
95.0,71.0,131.564208984375,-0.0401396701886626,2.666745465307944,-4.122087348318376,-3.705516272860572,-1.9458304921368863,1.3381723679829416,-0.0968060236632358,3.9735499346358254,-0.0617312651866851,1.3254101697928693
95.0,71.0,131.56671142578125,-0.02834923472212,2.6667800113397684,-4.119098011690061,-3.7055162778033233,-1.945818381852985,1.3384924916959202,-0.097072731872263,3.973556754792767,-0.0617352342435333,1.3254101697928693
95.0,71.0,131.56671142578125,-0.02834923472212,2.6667800113397684,-4.119098011690061,-3.7055162778033233,-1.945818381852985,1.3384924916959202,-0.097072731872263,3.973556754792767,-0.0617352342435333,1.3254101697928693
95.0,72.0,130.97305297851562,-0.0398887705799824,2.666770300706607,-4.116068688589556,-3.70563447316216,-1.945800241433593,1.3384900429878592,-0.0968056841086703,3.97350985076696,-0.4599746087064135,1.325251414402471
95.0,72.0,131.28472900390625,-0.02834923472212,2.6667800113397684,-4.122099397386747,-3.6816614375775103,-1.9458182729939364,1.338483908981754,-0.0970727975420032,3.9735573632969,-0.0638224816000752,1.3254101697928693
95.0,72.0,131.3009490966797,-0.02834923472212,2.6667800113397684,-4.122099397386747,-3.6816614375775103,-1.9458182729939364,1.3384924890705532,-0.097072731872263,3.973556477133183,-0.0617352661933094,1.3254101697928693
95.0,72.0,131.51416015625,-0.035408117900939,2.6667800113397684,-4.117038554530776,-3.704938761584693,-1.9457692023500284,1.3384917751227468,-0.0970727594170596,3.9735114789428745,-0.0637433273347414,1.3252347451854631
95.0,72.0,131.5187530517578,-0.0402134108834462,2.6667800142356004,-4.118966666589274,-3.7049014213247498,-1.9457679080875288,1.338178800459625,-0.0970726900255396,3.973510168192883,-0.0637243405798893,1.3252135330929786
95.0,72.0,131.51954650878906,-0.0402134108834462,2.6667826844360163,-4.118966666589274,-3.7049014213247498,-1.9457679080875288,1.338178800459625,-0.0967924702193221,3.973510168192883,-0.0637243405798893,1.3252135330929786
95.0,72.0,131.5233917236328,-0.0396183798207538,2.6667793141997937,-4.117047046071421,-3.705508583201388,-1.9452889737363688,1.3384918294648325,-0.097083629997814,3.973556754792767,-0.063805248228156,1.3253718548875044
95.0,72.0,131.52479553222656,-0.0389603043870973,2.6667800113397684,-4.119089767969279,-3.705516272860572,-1.945118138344024,1.3384925301180282,-0.0968060236632358,3.9735503545085264,-0.0638318254021145,1.3252026432318096
95.0,72.0,131.52549743652344,-0.0389603043870973,2.6667800113397684,-4.119089767969279,-3.7055162729215088,-1.945117264691681,1.3384828709210634,-0.0968022156067733,3.9735492506610814,-0.0637287071088011,1.3252159180070548
95.0,72.0,131.52642822265625,-0.0395671516984527,2.6667800113397684,-4.119039591586367,-3.705516277742386,-1.9452225354611083,1.3381839423844717,-0.0970765399287255,3.973511992558232,-0.0638356798795596,1.325202651039794
95.0,72.0,131.5264434814453,-0.0395671516984527,2.6667800113397684,-4.119039591586367,-3.705516277742386,-1.9452225244386268,1.338193694816688,-0.0970765399287255,3.973511992558232,-0.0638276697964473,1.325202651039794
95.0,72.0,131.52716064453125,-0.0395671516984527,2.6667800113397684,-4.119039591586367,-3.7055162778033233,-1.9452216507862845,1.3381840356197234,-0.097072731872263,3.973510888710786,-0.0637245515031339,1.325215925815039
95.0,72.0,131.52716064453125,-0.0395671516984527,2.6667800113397684,-4.119039591586367,-3.7055162778033233,-1.9452216507862845,1.3381840356197234,-0.097072731872263,3.973510888710786,-0.0637245515031339,1.325215925815039
95.0,72.0,131.53073120117188,-0.0395667057665063,2.6666234971560523,-4.121758305972751,-3.705511517258879,-1.945257031300747,1.3381773719495325,-0.097224679089242,3.973396285468639,-0.0637259618350326,1.3244830056545638
95.0,72.0,131.53155517578125,-0.039840804716882,2.666623368094581,-4.121877294874489,-3.7055163254376833,-1.945254804627304,1.3381769835748178,-0.0972291139475959,3.9734055053910056,-0.0637259618350326,1.3245147170203244
95.0,72.0,131.53155517578125,-0.0403522165943531,2.6666234971560523,-4.121758305972751,-3.705511517258879,-1.945257031300747,1.3381773719495325,-0.097224679089242,3.973393929724685,-0.0637259618350326,1.3244830056545638
95.0,72.0,131.53465270996094,-0.02834923472212,2.6667800113397684,-4.117073160271567,-3.7053864210343086,-1.9452889737363688,1.3384918294648325,-0.097083629997814,3.973556754792767,-0.063807382944572,1.3253718548875044
95.0,72.0,131.53472900390625,-0.0414382688855179,2.66662107420986,-4.121758305972751,-3.705511517258879,-1.9453065610093063,1.3381773719495325,-0.0970895695188809,3.973393929724685,-0.0637259618350326,1.3244830056545638
95.0,72.0,131.53480529785156,-0.0398887705799824,2.666770300706607,-4.116068688589556,-3.70563447316216,-1.945800241433593,1.3384900429878592,-0.0968056841086703,3.97350985076696,-0.0635917371361302,1.325251414402471
95.0,72.0,131.5350341796875,-0.0354590902746613,2.6667800113397684,-4.119039611983112,-3.7055162778033233,-1.94581808266916,1.3384924916959202,-0.097072731872263,3.973510888710786,-0.0636820101982015,1.32521583408275
95.0,72.0,131.53512573242188,-0.0354895260696711,2.6667800113397684,-4.119077187841704,-3.7055162778033233,-1.94581808266916,1.3384924916959202,-0.097072731872263,3.973510888710786,-0.0636820101982015,1.3252225443663008
95.0,72.0,131.53512573242188,-0.0354895260696711,2.6667800113397684,-4.119077187841704,-3.7055162778033233,-1.94581808266916,1.3384924916959202,-0.097072731872263,3.973510888710786,-0.0636820101982015,1.3252225443663008
95.0,72.0,131.53546142578125,-0.02834923472212,2.666782681540184,-4.117073160271567,-3.7053864210343086,-1.9452889737363688,1.3384918294648325,-0.0968034101915965,3.973556754792767,-0.063807382944572,1.3253718548875044
95.0,72.0,131.5355224609375,-0.02834923472212,2.6666236162792223,-4.115966501341776,-3.705516272860572,-1.945118138344024,1.3384925301180282,-0.0972330411077182,3.97340833850368,-0.0636895170229163,1.3254101697928693
95.0,72.0,131.53587341308594,-0.0389191754009831,2.6667799815946185,-4.119077187841704,-3.7055162778033233,-1.9458176943087584,1.3384831580282712,-0.0968017114672492,3.973510888710786,-0.0637293508048044,1.325321627548255
95.0,72.0,131.53604125976562,-0.0356642398274619,2.666782688268208,-4.119077035068589,-3.7055162778033233,-1.9458202559971007,1.3384924916959202,-0.0967920989127114,3.973510888710786,-0.063725968637445,1.325321627548255
95.0,72.0,131.5363006591797,-0.0356642398274619,2.666782688268208,-4.119077187841704,-3.7055162778033233,-1.9458202559971007,1.3384924916959202,-0.0967920989127114,3.973510888710786,-0.0636828910794287,1.325321627548255
95.0,72.0,131.53665161132812,-0.0389603043870973,2.6667800113397684,-4.119089767969279,-3.7055162729215088,-1.9458863645078084,1.3384828709210634,-0.0967869777633898,3.9735492506610814,-0.0637287071088011,1.325212455115122
95.0,72.0,131.53857421875,-0.02834923472212,2.6667800113397684,-4.117073160271567,-3.7049257096950505,-1.9452889737363688,1.3384918294648325,-0.097083629997814,3.973556754792767,-0.0617352342435333,1.3254101697928693
95.0,72.0,131.53857421875,-0.02834923472212,2.6667800113397684,-4.117073160271567,-3.7049257096950505,-1.9452889737363688,1.3384918294648325,-0.097083629997814,3.973556754792767,-0.0617352342435333,1.3254101697928693
95.0,72.0,131.53884887695312,-0.0283679281947759,2.6667798255035926,-4.117198382336549,-3.704925743986853,-1.9453098775479023,1.3384918294648325,-0.0970837676377688,3.973556754792767,-0.0617450715840485,1.3254101697928693
95.0,72.0,131.5388641357422,-0.039656588294955,2.6667800113397684,-4.115966501341776,-3.705516272812018,-1.9452189601682004,1.3384925301180282,-0.0968060236632358,3.9735503545085264,-0.0617312651866851,1.3254101697928693
95.0,72.0,131.5388641357422,-0.0398887705799824,2.666769975242813,-4.118908174411882,-3.70563738371948,-1.945800241433593,1.3384900429878592,-0.0967926728857767,3.97350985076696,-0.0637235943345582,1.325251414402471
95.0,72.0,131.5395965576172,-0.0398887705799824,2.666769912435224,-4.118921478166705,-3.70563447316216,-1.945800241433593,1.3384900429878592,-0.0968056841086703,3.97350985076696,-0.0635917371361302,1.325251414402471
95.0,72.0,131.5397186279297,-0.0395077078413829,2.666770300706607,-4.119054037699633,-3.705636443042885,-1.945799910870863,1.3384900429878592,-0.0968056841086703,3.973509847726222,-0.0635955628347692,1.325251414402471
95.0,72.0,131.54104614257812,-0.02834923472212,2.6667800113397684,-4.119089767969279,-3.705516272860572,-1.945118138344024,1.3384925301180282,-0.0968060236632358,3.9735503545085264,-0.0638369808065062,1.3254101697928693
95.0,72.0,131.54226684570312,-0.02834923472212,2.6667801586088986,-4.119049141702584,-3.705458147324568,-1.945262649511941,1.338490074410972,-0.0968050091490424,3.973510836505602,-0.0635956064232296,1.3253721090454036
95.0,72.0,131.54234313964844,-0.02834923472212,2.6667801586088986,-4.119049141702584,-3.704941869529148,-1.9452858785484328,1.3384900564633193,-0.0968065457365365,3.973509873345964,-0.0618462833127287,1.3253721090454036
95.0,72.0,131.5426483154297,-0.0289560820334754,2.6667800113397684,-4.119039591586367,-3.7055162778033233,-1.9452216507862845,1.3381840356197234,-0.097072731872263,3.973510888710786,-0.0637297069075256,1.325423452376099
95.0,72.0,131.54290771484375,-0.0289560820334754,2.6667800113397684,-4.1190397443594815,-3.7055162778033233,-1.9452216507862845,1.3381840356197234,-0.097072731872263,3.973510888710786,-0.0636866293495092,1.325423452376099
95.0,72.0,131.54295349121094,-0.0281032093234162,2.6667800113397684,-4.119048377611725,-3.7055162778033233,-1.9452216507862845,1.3381840356197234,-0.097072731872263,3.973400799395715,-0.0637297069075256,1.325423452376099
95.0,72.0,131.54391479492188,-0.0287302974607195,2.6667801586088986,-4.116063792592507,-3.7054605326925314,-1.9457455425063896,1.3384900564633193,-0.0968065457365365,3.9735098763867023,-0.0635917807245907,1.3253721090454036
95.0,72.0,131.54457092285156,-0.02834923472212,2.6678660884591605,-4.115577495333685,-3.7055162778033233,-1.9453093526864864,1.3384891324449006,-0.097072731872263,3.973556754792767,-0.0617352342435333,1.3254101697928693
95.0,72.0,131.54457092285156,-0.02834923472212,2.6678660884591605,-4.115577495333685,-3.7055162778033233,-1.9453093526864864,1.3384891324449006,-0.097072731872263,3.973556754792767,-0.0617352342435333,1.3254101697928693
95.0,72.0,131.54469299316406,-0.02834923472212,2.6667801586088986,-4.119049141702584,-3.705504111629576,-1.9452858785484328,1.3384900558783446,-0.0968065457365365,3.97350957703802,-0.0634664269048439,1.3253721090454036
95.0,72.0,131.54469299316406,-0.02834923472212,2.6667801586088986,-4.119049141702584,-3.705504468027942,-1.9452858785484328,1.338490055863607,-0.0968065457365365,3.973509867189727,-0.0634664269048439,1.3253721090454036
95.0,72.0,131.54742431640625,-0.039966295334697,2.6667800113397684,-4.115966501341776,-3.7055162778033233,-1.945818381852985,1.3384924916959202,-0.097072731872263,3.97340000622293,-0.0617352342435333,1.3255742862135735
95.0,72.0,131.54742431640625,-0.039966295334697,2.6667800113397684,-4.115966501341776,-3.7055162778033233,-1.945818381852985,1.3384924916959202,-0.097072731872263,3.97340000622293,-0.0617352342435333,1.3255742862135735
95.0,72.0,131.5480194091797,-0.039840804716882,2.666779763155127,-4.121877294874489,-3.7055163254376833,-1.945254804627304,1.3381769835748178,-0.0968020965031135,3.9735475213958535,-0.0617677099988015,1.3245147170203244
95.0,72.0,131.5481414794922,-0.0283323978014396,2.6667828193254746,-4.119094658680124,-3.705491845861219,-1.945768272766233,1.3384900401660915,-0.0967824465080085,3.973511027771349,-0.0638228798174719,1.3251689916456513
95.0,73.0,130.97305297851562,-0.0398887705799824,2.666770300706607,-4.116068688589556,-3.70563447316216,-1.945800241433593,1.3384900429878592,-0.0968056841086703,3.97350985076696,-0.4599746087064135,1.325251414402471
95.0,73.0,130.97305297851562,-0.0398887705799824,2.666770300706607,-4.116068688589556,-3.70563447316216,-1.945800241433593,1.3384900429878592,-0.0968056841086703,3.97350985076696,-0.4599746087064135,1.325251414402471
95.0,73.0,130.97848510742188,-0.0399089483306955,2.666770300706607,-4.119050075503046,-3.70563447316216,-1.945818590459355,1.3384900429878592,-0.096805658669216,3.97350985076696,-0.4599746087064135,1.325251414402471
95.0,73.0,131.26649475097656,-0.0285003887622126,2.6667800113397684,-4.119156275154971,-3.6816614375775103,-1.94520797803346,1.338483908981754,-0.0970727975420032,3.9735573632969,-0.0638224416313763,1.3254101697928693
95.0,73.0,131.28472900390625,-0.02834923472212,2.6667800113397684,-4.122099397386747,-3.6816614375775103,-1.9458182729939364,1.338483908981754,-0.0970727975420032,3.9735573632969,-0.0638224816000752,1.3254101697928693
95.0,73.0,131.2921142578125,-0.0277952535864159,2.666780014203555,-4.119099305236999,-3.6816614375775103,-1.9458182729939364,1.3384924890705532,-0.097072731872263,3.973554696058268,-0.0616838471532019,1.3252074235068765
95.0,73.0,131.3009490966797,-0.02834923472212,2.6667800113397684,-4.122099397386747,-3.6816614375775103,-1.9458182729939364,1.3384924890705532,-0.097072731872263,3.973556477133183,-0.0617352661933094,1.3254101697928693
95.0,73.0,131.51416015625,-0.035408117900939,2.6667800113397684,-4.117038554530776,-3.704938761584693,-1.9457692023500284,1.3384917751227468,-0.0970727594170596,3.9735114789428745,-0.0637433273347414,1.3252347451854631
95.0,73.0,131.5151824951172,-0.035408117900939,2.6667800113397684,-4.117074124825301,-3.7049362678357087,-1.9457692023500284,1.3384917751227468,-0.0967984103335452,3.9735527093700256,-0.0637433273347414,1.3252347451854631
95.0,73.0,131.5170135498047,-0.0403522165943531,2.6666234971560523,-4.121781091483581,-3.704944472109888,-1.945257031300747,1.3381525539601,-0.097074206100329,3.973393929724685,-0.0637259618350326,1.3244830056545638
95.0,73.0,131.5175018310547,-0.0411582732140729,2.6666210960513137,-4.117073160271567,-3.7053864210343086,-1.9452889737363688,1.338179565903885,-0.0970895959715372,3.97339657473288,-0.0638093489225779,1.3244231705072402
95.0,73.0,131.5187530517578,-0.0402134108834462,2.6667800142356004,-4.118966666589274,-3.7049014213247498,-1.9457679080875288,1.338178800459625,-0.0970726900255396,3.973510168192883,-0.0637243405798893,1.3252135330929786
95.0,73.0,131.51934814453125,-0.0395077078413829,2.666782086388795,-4.118964476348375,-3.704901119065749,-1.945799910870863,1.3384900429878592,-0.0967899247043708,3.9735101720509616,-0.0635955628347692,1.325251184883533
95.0,73.0,131.51954650878906,-0.0402134108834462,2.6667826844360163,-4.118966666589274,-3.7049014213247498,-1.9457679080875288,1.338178800459625,-0.0967924702193221,3.973510168192883,-0.0637243405798893,1.3252135330929786
95.0,73.0,131.52008056640625,-0.0396183798207538,2.6667793141997937,-4.117047046071421,-3.705388884052387,-1.9452889737363688,1.3384918294648325,-0.097083629997814,3.973556754792767,-0.0638051627863505,1.3253718548875044
95.0,73.0,131.5233917236328,-0.0396183798207538,2.6667793141997937,-4.117047046071421,-3.705508583201388,-1.9452889737363688,1.3384918294648325,-0.097083629997814,3.973556754792767,-0.063805248228156,1.3253718548875044
95.0,73.0,131.5247802734375,-0.0389595510709618,2.666779981093755,-4.119089767969279,-3.7055162778273054,-1.945118138344024,1.3384925301180282,-0.0968059502669609,3.9735503545085264,-0.0638318254021145,1.325200739408354
95.0,73.0,131.52479553222656,-0.0389603043870973,2.6667800113397684,-4.119089767969279,-3.705516272860572,-1.945118138344024,1.3384925301180282,-0.0968060236632358,3.9735503545085264,-0.0638318254021145,1.3252026432318096
95.0,73.0,131.52549743652344,-0.0389603043870973,2.6667800113397684,-4.119089767969279,-3.7055162729215088,-1.945117264691681,1.3384828709210634,-0.0968022156067733,3.9735492506610814,-0.0637287071088011,1.3252159180070548
95.0,73.0,131.52630615234375,-0.0356642398274619,2.666782688268208,-4.119077035068589,-3.705516272567104,-1.945142953292776,1.338492529509021,-0.0967920989127114,3.973510888710786,-0.0637236046100473,1.325321627548255
95.0,73.0,131.52642822265625,-0.0395671516984527,2.6667800113397684,-4.119039591586367,-3.705516277742386,-1.9452225354611083,1.3381839423844717,-0.0970765399287255,3.973511992558232,-0.0638356798795596,1.325202651039794
95.0,73.0,131.5264434814453,-0.0395671516984527,2.6667800113397684,-4.119039591586367,-3.705516277742386,-1.9452225244386268,1.338193694816688,-0.0970765399287255,3.973511992558232,-0.0638276697964473,1.325202651039794
95.0,73.0,131.52716064453125,-0.0395671516984527,2.6667800113397684,-4.119039591586367,-3.7055162778033233,-1.9452216507862845,1.3381840356197234,-0.097072731872263,3.973510888710786,-0.0637245515031339,1.325215925815039
95.0,73.0,131.52716064453125,-0.0395671516984527,2.6667800113397684,-4.119039591586367,-3.7055162778033233,-1.9452216507862845,1.3381840356197234,-0.097072731872263,3.973510888710786,-0.0637245515031339,1.325215925815039
95.0,73.0,131.52975463867188,-0.0398723035548275,2.6667800113397684,-4.119039591586367,-3.705632403099501,-1.945233750769863,1.3384874304181615,-0.097072731872263,3.973510873320536,-0.0637235711197864,1.325214374413608
95.0,73.0,131.52980041503906,-0.0407673920191503,2.666780011371814,-4.121966758739022,-3.7049014213247498,-1.9457679080875288,1.338178800459625,-0.0970726900255396,3.973511949267798,-0.0637757596199968,1.3254162793789714
95.0,73.0,131.52993774414062,-0.027175300244482,2.6667800113397684,-4.119030084065032,-3.7049257096950505,-1.9452889737363688,1.3384918294648325,-0.097083629997814,3.973556754792767,-0.0637123695965948,1.3252140983339902
95.0,73.0,131.53038024902344,-0.03889899765027,2.6667799815946185,-4.116095800928215,-3.7055162778033233,-1.9457993452829965,1.3384831580282712,-0.0968017369067036,3.973510888710786,-0.0637293508048044,1.325321627548255
95.0,73.0,131.5305938720703,-0.0395655464101865,2.66663680956807,-4.121758305972751,-3.705511517258879,-1.945257031300747,1.3381840021112743,-0.097224679089242,3.973393929724685,-0.0637259618350326,1.3244830056545638
95.0,73.0,131.53073120117188,-0.0395667057665063,2.6666234971560523,-4.121758305972751,-3.705511517258879,-1.945257031300747,1.3381773719495325,-0.097224679089242,3.973396285468639,-0.0637259618350326,1.3244830056545638
95.0,73.0,131.53155517578125,-0.039840804716882,2.666623368094581,-4.121877294874489,-3.7055163254376833,-1.945254804627304,1.3381769835748178,-0.0972291139475959,3.9734055053910056,-0.0637259618350326,1.3245147170203244
95.0,73.0,131.53155517578125,-0.0403522165943531,2.6666234971560523,-4.121758305972751,-3.705511517258879,-1.945257031300747,1.3381773719495325,-0.097224679089242,3.973393929724685,-0.0637259618350326,1.3244830056545638
95.0,73.0,131.53155517578125,-0.039840804716882,2.666623368094581,-4.121877294874489,-3.7055163254376833,-1.945254804627304,1.3381769835748178,-0.0972291139475959,3.9734055053910056,-0.0637259618350326,1.3245147170203244
95.0,73.0,131.53448486328125,-0.0389603043870973,2.6667800113397684,-4.119089767969279,-3.705516278096792,-1.945795441048348,1.3384924923049268,-0.0968060236632358,3.9735503545085264,-0.0638341894295123,1.3252026432318096
95.0,73.0,131.53465270996094,-0.02834923472212,2.6667800113397684,-4.117073160271567,-3.7053864210343086,-1.9452889737363688,1.3384918294648325,-0.097083629997814,3.973556754792767,-0.063807382944572,1.3253718548875044
95.0,73.0,131.53472900390625,-0.0414382688855179,2.66662107420986,-4.121758305972751,-3.705511517258879,-1.9453065610093063,1.3381773719495325,-0.0970895695188809,3.973393929724685,-0.0637259618350326,1.3244830056545638
95.0,73.0,131.53480529785156,-0.0398887705799824,2.666770300706607,-4.116068688589556,-3.70563447316216,-1.945800241433593,1.3384900429878592,-0.0968056841086703,3.97350985076696,-0.0635917371361302,1.325251414402471
95.0,73.0,131.5350341796875,-0.0354590902746613,2.6667800113397684,-4.119039611983112,-3.7055162778033233,-1.94581808266916,1.3384924916959202,-0.097072731872263,3.973510888710786,-0.0636820101982015,1.32521583408275
95.0,73.0,131.53512573242188,-0.0354895260696711,2.6667800113397684,-4.119077187841704,-3.7055162778033233,-1.94581808266916,1.3384924916959202,-0.097072731872263,3.973510888710786,-0.0636820101982015,1.3252225443663008
95.0,73.0,131.53512573242188,-0.0354895260696711,2.6667800113397684,-4.119077187841704,-3.7055162778033233,-1.94581808266916,1.3384924916959202,-0.097072731872263,3.973510888710786,-0.0636820101982015,1.3252225443663008
95.0,73.0,131.53530883789062,-0.0354895260696711,2.6667800113397684,-4.11907684867678,-3.705516277803948,-1.9458271841696395,1.3384924916959202,-0.0970766897255435,3.973510888710786,-0.0636759299511183,1.325223059261395
95.0,73.0,131.53546142578125,-0.02834923472212,2.666782681540184,-4.117073160271567,-3.7053864210343086,-1.9452889737363688,1.3384918294648325,-0.0968034101915965,3.973556754792767,-0.063807382944572,1.3253718548875044
95.0,73.0,131.5355224609375,-0.02834923472212,2.6666236162792223,-4.115966501341776,-3.705516272860572,-1.945118138344024,1.3384925301180282,-0.0972330411077182,3.97340833850368,-0.0636895170229163,1.3254101697928693
95.0,73.0,131.53587341308594,-0.0389191754009831,2.6667799815946185,-4.119077187841704,-3.7055162778033233,-1.9458176943087584,1.3384831580282712,-0.0968017114672492,3.973510888710786,-0.0637293508048044,1.325321627548255
95.0,73.0,131.53604125976562,-0.0356642398274619,2.666782688268208,-4.119077035068589,-3.7055162778033233,-1.9458202559971007,1.3384924916959202,-0.0967920989127114,3.973510888710786,-0.063725968637445,1.325321627548255
95.0,73.0,131.5363006591797,-0.0356642398274619,2.666782688268208,-4.119077187841704,-3.7055162778033233,-1.9458202559971007,1.3384924916959202,-0.0967920989127114,3.973510888710786,-0.0636828910794287,1.325321627548255
95.0,73.0,131.53665161132812,-0.0389603043870973,2.6667800113397684,-4.119089767969279,-3.7055162729215088,-1.9458863645078084,1.3384828709210634,-0.0967869777633898,3.9735492506610814,-0.0637287071088011,1.325212455115122
95.0,73.0,131.53701782226562,-0.0395671516984527,2.6667800113397684,-4.119039591586367,-3.7055162778033233,-1.945898257307109,1.338194820420446,-0.097072731872263,3.973510888710786,-0.0637245441058948,1.3252162490822166
95.0,73.0,131.53857421875,-0.02834923472212,2.6667800113397684,-4.117073160271567,-3.7049257096950505,-1.9452889737363688,1.3384918294648325,-0.097083629997814,3.973556754792767,-0.0617352342435333,1.3254101697928693
95.0,73.0,131.53857421875,-0.02834923472212,2.6667800113397684,-4.117073160271567,-3.7049257096950505,-1.9452889737363688,1.3384918294648325,-0.097083629997814,3.973556754792767,-0.0617352342435333,1.3254101697928693
95.0,74.0,130.97305297851562,-0.0398887705799824,2.666770300706607,-4.116068688589556,-3.70563447316216,-1.945800241433593,1.3384900429878592,-0.0968056841086703,3.97350985076696,-0.4599746087064135,1.325251414402471
95.0,74.0,130.97305297851562,-0.0398887705799824,2.666770300706607,-4.116068688589556,-3.70563447316216,-1.945800241433593,1.3384900429878592,-0.0968056841086703,3.97350985076696,-0.4599746087064135,1.325251414402471
95.0,74.0,130.97848510742188,-0.0399089483306955,2.666770300706607,-4.119050075503046,-3.70563447316216,-1.945818590459355,1.3384900429878592,-0.096805658669216,3.97350985076696,-0.4599746087064135,1.325251414402471
95.0,74.0,131.1326446533203,-0.0398430420986861,2.666770300706607,-4.122046567562772,-3.70563447316216,-1.9457694728285824,1.338184187538032,-0.0968056841086703,3.973510072762276,-0.4640493867111048,1.3252552033327578
95.0,74.0,131.24757385253906,-0.0396183798207538,2.666779985019191,-4.116988746134937,-3.6810868006916255,-1.9452889737363688,1.3384918294648325,-0.097083629997814,3.973556754792767,-0.0638051627863505,1.3253694357199808
95.0,74.0,131.26641845703125,-0.0285003887622126,2.6667800113397684,-4.119123293524582,-3.6816614375775103,-1.94520797803346,1.338483908981754,-0.0970727975420032,3.9735573632969,-0.0638224416313763,1.3254101697928693
95.0,74.0,131.26649475097656,-0.0285003887622126,2.6667800113397684,-4.119156275154971,-3.6816614375775103,-1.94520797803346,1.338483908981754,-0.0970727975420032,3.9735573632969,-0.0638224416313763,1.3254101697928693
95.0,74.0,131.283447265625,-0.0286589421840958,2.6667809854217968,-4.122089159480873,-3.680340249248577,-1.9458182729939364,1.338483908981754,-0.0970727975420032,3.9735573632969,-0.0638224816000752,1.325487292919266
95.0,74.0,131.28472900390625,-0.02834923472212,2.6667800113397684,-4.122099397386747,-3.6816614375775103,-1.9458182729939364,1.338483908981754,-0.0970727975420032,3.9735573632969,-0.0638224816000752,1.3254101697928693
95.0,74.0,131.2921142578125,-0.0277952535864159,2.666780014203555,-4.119099305236999,-3.6816614375775103,-1.9458182729939364,1.3384924890705532,-0.097072731872263,3.973554696058268,-0.0616838471532019,1.3252074235068765
95.0,74.0,131.3009490966797,-0.02834923472212,2.6667800113397684,-4.122099397386747,-3.6816614375775103,-1.9458182729939364,1.3384924890705532,-0.097072731872263,3.973556477133183,-0.0617352661933094,1.3254101697928693
95.0,74.0,131.49166870117188,-0.0389603043870973,2.666779343471158,-4.1190646777860085,-3.7055164519857886,-1.945118138344024,1.338492598843487,-0.0968400924141855,3.958028929345137,-0.0638318254021145,1.3253658274624558
95.0,74.0,131.51416015625,-0.035408117900939,2.6667800113397684,-4.117038554530776,-3.704938761584693,-1.9457692023500284,1.3384917751227468,-0.0970727594170596,3.9735114789428745,-0.0637433273347414,1.3252347451854631
95.0,74.0,131.51416015625,-0.035408117900939,2.6667800113397684,-4.117038554530776,-3.704938761584693,-1.9457692023500284,1.3384917751227468,-0.0970727594170596,3.9735114789428745,-0.0637433273347414,1.3252347451854631
95.0,74.0,131.5151824951172,-0.035408117900939,2.6667800113397684,-4.117074124825301,-3.7049362678357087,-1.9457692023500284,1.3384917751227468,-0.0967984103335452,3.9735527093700256,-0.0637433273347414,1.3252347451854631
95.0,74.0,131.5159149169922,-0.039901042742404,2.666770543914905,-4.117074124825301,-3.7049362678357087,-1.9458003594118864,1.3384917751227468,-0.0968054962759069,3.9735527093700256,-0.0637433273347414,1.3252347451854631
95.0,74.0,131.5170135498047,-0.0403522165943531,2.6666234971560523,-4.121781091483581,-3.704944472109888,-1.945257031300747,1.3381525539601,-0.097074206100329,3.973393929724685,-0.0637259618350326,1.3244830056545638
95.0,74.0,131.5175018310547,-0.0411582732140729,2.6666210960513137,-4.117073160271567,-3.7053864210343086,-1.9452889737363688,1.338179565903885,-0.0970895959715372,3.97339657473288,-0.0638093489225779,1.3244231705072402
95.0,74.0,131.51861572265625,-0.0395077078413829,2.666782086388795,-4.119084889698667,-3.704861691131233,-1.945799910870863,1.3384900887035052,-0.0967899247043708,3.9735101720509616,-0.0635955628347692,1.325251184883533
95.0,74.0,131.5187530517578,-0.0402134108834462,2.6667800142356004,-4.118966666589274,-3.7049014213247498,-1.9457679080875288,1.338178800459625,-0.0970726900255396,3.973510168192883,-0.0637243405798893,1.3252135330929786
95.0,74.0,131.51905822753906,-0.0401998536188401,2.6667826844360163,-4.119047760864436,-3.7049014213247498,-1.945770756653056,1.338178800459625,-0.0967924702193221,3.973510168192883,-0.0638388437093173,1.3252030385712368
95.0,74.0,131.519287109375,-0.040257500898852,2.666770040371702,-4.119120968151548,-3.7049014213247498,-1.9457679080875288,1.338178800459625,-0.0970739016076545,3.973510168192883,-0.0637243405798893,1.325212293876803
95.0,74.0,131.51934814453125,-0.0395077078413829,2.666782086388795,-4.118964476348375,-3.704901119065749,-1.945799910870863,1.3384900429878592,-0.0967899247043708,3.9735101720509616,-0.0635955628347692,1.325251184883533
95.0,74.0,131.51954650878906,-0.0402134108834462,2.6667826844360163,-4.118966666589274,-3.7049014213247498,-1.9457679080875288,1.338178800459625,-0.0967924702193221,3.973510168192883,-0.0637243405798893,1.3252135330929786
95.0,74.0,131.52008056640625,-0.0396183798207538,2.6667793141997937,-4.117047046071421,-3.705388884052387,-1.9452889737363688,1.3384918294648325,-0.097083629997814,3.973556754792767,-0.0638051627863505,1.3253718548875044
95.0,74.0,131.5225830078125,-0.0396183798207538,2.666779982068404,-4.117072136254691,-3.705508404076172,-1.9452889737363688,1.3384917607393734,-0.0970495612468642,3.973556754792767,-0.063805248228156,1.3252086706568582
95.0,74.0,131.5233917236328,-0.0396183798207538,2.6667793141997937,-4.117047046071421,-3.705508583201388,-1.9452889737363688,1.3384918294648325,-0.097083629997814,3.973556754792767,-0.063805248228156,1.3253718548875044
95.0,74.0,131.5247802734375,-0.0389595510709618,2.666779981093755,-4.119089767969279,-3.7055162778273054,-1.945118138344024,1.3384925301180282,-0.0968059502669609,3.9735503545085264,-0.0638318254021145,1.325200739408354
95.0,74.0,131.52479553222656,-0.0389603043870973,2.6667800113397684,-4.119089767969279,-3.705516272860572,-1.945118138344024,1.3384925301180282,-0.0968060236632358,3.9735503545085264,-0.0638318254021145,1.3252026432318096
95.0,74.0,131.52549743652344,-0.0389603043870973,2.6667800113397684,-4.119089767969279,-3.7055162729215088,-1.945117264691681,1.3384828709210634,-0.0968022156067733,3.9735492506610814,-0.0637287071088011,1.3252159180070548
95.0,74.0,131.52549743652344,-0.0389603043870973,2.6667800113397684,-4.119089767969279,-3.7055162729215088,-1.945117264691681,1.3384828709210634,-0.0968022156067733,3.9735492506610814,-0.0637287071088011,1.3252159180070548
95.0,74.0,131.52630615234375,-0.0356642398274619,2.666782688268208,-4.119077035068589,-3.705516272567104,-1.945142953292776,1.338492529509021,-0.0967920989127114,3.973510888710786,-0.0637236046100473,1.325321627548255
95.0,74.0,131.52642822265625,-0.0395671516984527,2.6667800113397684,-4.119039591586367,-3.705516277742386,-1.9452225354611083,1.3381839423844717,-0.0970765399287255,3.973511992558232,-0.0638356798795596,1.325202651039794
95.0,74.0,131.5264434814453,-0.0395671516984527,2.6667800113397684,-4.119039591586367,-3.705516277742386,-1.9452225244386268,1.338193694816688,-0.0970765399287255,3.973511992558232,-0.0638276697964473,1.325202651039794
95.0,74.0,131.52716064453125,-0.0395671516984527,2.6667800113397684,-4.119039591586367,-3.7055162778033233,-1.9452216507862845,1.3381840356197234,-0.097072731872263,3.973510888710786,-0.0637245515031339,1.325215925815039
95.0,74.0,131.52716064453125,-0.0395671516984527,2.6667800113397684,-4.119039591586367,-3.7055162778033233,-1.9452216507862845,1.3381840356197234,-0.097072731872263,3.973510888710786,-0.0637245515031339,1.325215925815039
95.0,74.0,131.52745056152344,-0.0399141972422818,2.6667796042087137,-4.121966758739022,-3.7049014213247498,-1.9457698614409955,1.338500443842836,-0.0970726900255396,3.973511859701925,-0.0637757596199968,1.3254144218868855
95.0,74.0,131.52975463867188,-0.0398723035548275,2.6667800113397684,-4.119039591586367,-3.705632403099501,-1.945233750769863,1.3384874304181615,-0.097072731872263,3.973510873320536,-0.0637235711197864,1.325214374413608
95.0,74.0,131.52980041503906,-0.0407673920191503,2.666780011371814,-4.121966758739022,-3.7049014213247498,-1.9457679080875288,1.338178800459625,-0.0970726900255396,3.973511949267798,-0.0637757596199968,1.3254162793789714
95.0,74.0,131.52993774414062,-0.027175300244482,2.6667800113397684,-4.119030084065032,-3.7049257096950505,-1.9452889737363688,1.3384918294648325,-0.097083629997814,3.973556754792767,-0.0637123695965948,1.3252140983339902
95.0,74.0,131.53038024902344,-0.03889899765027,2.6667799815946185,-4.116095800928215,-3.7055162778033233,-1.9457993452829965,1.3384831580282712,-0.0968017369067036,3.973510888710786,-0.0637293508048044,1.325321627548255
95.0,74.0,131.5305938720703,-0.0395655464101865,2.66663680956807,-4.121758305972751,-3.705511517258879,-1.945257031300747,1.3381840021112743,-0.097224679089242,3.973393929724685,-0.0637259618350326,1.3244830056545638
95.0,74.0,131.53073120117188,-0.0395667057665063,2.6666234971560523,-4.121758305972751,-3.705511517258879,-1.945257031300747,1.3381773719495325,-0.097224679089242,3.973396285468639,-0.0637259618350326,1.3244830056545638
95.0,74.0,131.53155517578125,-0.039840804716882,2.666623368094581,-4.121877294874489,-3.7055163254376833,-1.945254804627304,1.3381769835748178,-0.0972291139475959,3.9734055053910056,-0.0637259618350326,1.3245147170203244
95.0,74.0,131.53155517578125,-0.0403522165943531,2.6666234971560523,-4.121758305972751,-3.705511517258879,-1.945257031300747,1.3381773719495325,-0.097224679089242,3.973393929724685,-0.0637259618350326,1.3244830056545638
95.0,74.0,131.53155517578125,-0.039840804716882,2.666623368094581,-4.121877294874489,-3.7055163254376833,-1.945254804627304,1.3381769835748178,-0.0972291139475959,3.9734055053910056,-0.0637259618350326,1.3245147170203244
95.0,74.0,131.53448486328125,-0.0389603043870973,2.6667800113397684,-4.119089767969279,-3.705516278096792,-1.945795441048348,1.3384924923049268,-0.0968060236632358,3.9735503545085264,-0.0638341894295123,1.3252026432318096
95.0,74.0,131.53465270996094,-0.02834923472212,2.6667800113397684,-4.117073160271567,-3.7053864210343086,-1.9452889737363688,1.3384918294648325,-0.097083629997814,3.973556754792767,-0.063807382944572,1.3253718548875044
95.0,74.0,131.53472900390625,-0.0414382688855179,2.66662107420986,-4.121758305972751,-3.705511517258879,-1.9453065610093063,1.3381773719495325,-0.0970895695188809,3.973393929724685,-0.0637259618350326,1.3244830056545638
95.0,74.0,131.53480529785156,-0.0398887705799824,2.666770300706607,-4.116068688589556,-3.70563447316216,-1.945800241433593,1.3384900429878592,-0.0968056841086703,3.97350985076696,-0.0635917371361302,1.325251414402471
95.0,75.0,130.97303771972656,-0.0398887705799824,2.666770300706607,-4.116068688589556,-3.70563447316216,-1.9457998404122203,1.3384900429878592,-0.0968056841086703,3.97350985076696,-0.4599746087064135,1.325251414402471
95.0,75.0,130.97305297851562,-0.0398887705799824,2.666770300706607,-4.116068688589556,-3.70563447316216,-1.945800241433593,1.3384900429878592,-0.0968056841086703,3.97350985076696,-0.4599746087064135,1.325251414402471
95.0,75.0,130.97305297851562,-0.0398887705799824,2.666770300706607,-4.116068688589556,-3.70563447316216,-1.945800241433593,1.3384900429878592,-0.0968056841086703,3.97350985076696,-0.4599746087064135,1.325251414402471
95.0,75.0,130.9733428955078,-0.0399089483306955,2.666770300706607,-4.117029200690537,-3.705629058290436,-1.945818590459355,1.3384900429878592,-0.0970815023358171,3.97350985076696,-0.4599746087064135,1.325252606979478
95.0,75.0,130.9740447998047,-0.0398887705799824,2.666770282007929,-4.117109972590844,-3.7056334577295615,-1.945800241433593,1.3384899982021436,-0.0968056841086703,3.97350985076696,-0.4599746087064135,1.325251414402471
95.0,75.0,130.97848510742188,-0.0399089483306955,2.666770300706607,-4.119050075503046,-3.70563447316216,-1.945818590459355,1.3384900429878592,-0.096805658669216,3.97350985076696,-0.4599746087064135,1.325251414402471
95.0,75.0,131.1326446533203,-0.0398430420986861,2.666770300706607,-4.122046567562772,-3.70563447316216,-1.9457694728285824,1.338184187538032,-0.0968056841086703,3.973510072762276,-0.4640493867111048,1.3252552033327578
95.0,75.0,131.1326446533203,-0.0398430420986861,2.666770300706607,-4.122046567562772,-3.70563447316216,-1.9457694728285824,1.338184187538032,-0.0968056841086703,3.973510072762276,-0.4640493867111048,1.3252552033327578
95.0,75.0,131.24757385253906,-0.0396183798207538,2.666779985019191,-4.116988746134937,-3.6810868006916255,-1.9452889737363688,1.3384918294648325,-0.097083629997814,3.973556754792767,-0.0638051627863505,1.3253694357199808
95.0,75.0,131.24757385253906,-0.0396183798207538,2.666779985019191,-4.116988746134937,-3.6810868006916255,-1.9452889737363688,1.3384918294648325,-0.097083629997814,3.973556754792767,-0.0638051627863505,1.3253694357199808
95.0,75.0,131.25885009765625,-0.0393229869966078,2.666780014203555,-4.119099305236999,-3.681089378468191,-1.9458102140883493,1.3384918469840374,-0.097072731872263,3.973554696058268,-0.0639022548795604,1.3253704849017698
95.0,75.0,131.26632690429688,-0.02870308563612,2.6667800113397684,-4.1107512109738265,-3.6816614375775103,-1.9451505447382345,1.338483823328875,-0.0970727975420032,3.9735573632969,-0.0638188742138188,1.3254132194908523
95.0,75.0,131.26641845703125,-0.0285003887622126,2.6667800113397684,-4.119123293524582,-3.6816614375775103,-1.94520797803346,1.338483908981754,-0.0970727975420032,3.9735573632969,-0.0638224416313763,1.3254101697928693
95.0,75.0,131.26649475097656,-0.0285003887622126,2.6667800113397684,-4.119156275154971,-3.6816614375775103,-1.94520797803346,1.338483908981754,-0.0970727975420032,3.9735573632969,-0.0638224416313763,1.3254101697928693
95.0,75.0,131.283447265625,-0.0286589421840958,2.6667809854217968,-4.122089159480873,-3.680340249248577,-1.9458182729939364,1.338483908981754,-0.0970727975420032,3.9735573632969,-0.0638224816000752,1.325487292919266
95.0,75.0,131.28472900390625,-0.02834923472212,2.6667800113397684,-4.122099397386747,-3.6816614375775103,-1.9458182729939364,1.338483908981754,-0.0970727975420032,3.9735573632969,-0.0638224816000752,1.3254101697928693
95.0,75.0,131.28472900390625,-0.02834923472212,2.6667800113397684,-4.122099397386747,-3.6816614375775103,-1.9458182729939364,1.338483908981754,-0.0970727975420032,3.9735573632969,-0.0638224816000752,1.3254101697928693
95.0,75.0,131.2921142578125,-0.0277952535864159,2.666780014203555,-4.119099305236999,-3.6816614375775103,-1.9458182729939364,1.3384924890705532,-0.097072731872263,3.973554696058268,-0.0616838471532019,1.3252074235068765
95.0,75.0,131.3009490966797,-0.02834923472212,2.6667800113397684,-4.122099397386747,-3.6816614375775103,-1.9458182729939364,1.3384924890705532,-0.097072731872263,3.973556477133183,-0.0617352661933094,1.3254101697928693
95.0,75.0,131.49166870117188,-0.0389603043870973,2.666779343471158,-4.1190646777860085,-3.7055164519857886,-1.945118138344024,1.338492598843487,-0.0968400924141855,3.958028929345137,-0.0638318254021145,1.3253658274624558
95.0,75.0,131.49180603027344,-0.035653778782847,2.666779343471158,-4.1190646777860085,-3.7055164519857886,-1.945118138344024,1.338492598843487,-0.0968400924141855,3.958028929345137,-0.0638318254021145,1.3253704891738851
95.0,75.0,131.5083465576172,-0.0389595510709618,2.666779981093755,-4.119089767969279,-3.704855017465985,-1.9451135639529549,1.3384925436599726,-0.096789705870581,3.9735503545085264,-0.0635817414067523,1.325200739408354
95.0,75.0,131.51353454589844,-0.035678602390152,2.6667800113397684,-4.117073171099093,-3.704926510032077,-1.9457692023500284,1.3384939199687906,-0.0970727594170596,3.9735114789428745,-0.0637433273347414,1.325234131110014
95.0,75.0,131.51416015625,-0.035408117900939,2.6667800113397684,-4.117038554530776,-3.704938761584693,-1.9457692023500284,1.3384917751227468,-0.0970727594170596,3.9735114789428745,-0.0637433273347414,1.3252347451854631
95.0,75.0,131.51416015625,-0.035408117900939,2.6667800113397684,-4.117038554530776,-3.704938761584693,-1.9457692023500284,1.3384917751227468,-0.0970727594170596,3.9735114789428745,-0.0637433273347414,1.3252347451854631
95.0,75.0,131.5145721435547,-0.0387146435051894,2.6667800113397684,-4.117074124825301,-3.7049362678357087,-1.9457692023500284,1.3384917751227468,-0.0967984103335452,3.9735527093700256,-0.0637433273347414,1.3252300834740338
95.0,75.0,131.5151824951172,-0.035408117900939,2.6667800113397684,-4.117074124825301,-3.7049362678357087,-1.9457692023500284,1.3384917751227468,-0.0967984103335452,3.9735527093700256,-0.0637433273347414,1.3252347451854631
95.0,75.0,131.5159149169922,-0.039901042742404,2.666770543914905,-4.117074124825301,-3.7049362678357087,-1.9458003594118864,1.3384917751227468,-0.0968054962759069,3.9735527093700256,-0.0637433273347414,1.3252347451854631
95.0,75.0,131.5170135498047,-0.0403522165943531,2.6666234971560523,-4.121781091483581,-3.704944472109888,-1.945257031300747,1.3381525539601,-0.097074206100329,3.973393929724685,-0.0637259618350326,1.3244830056545638
95.0,75.0,131.5175018310547,-0.0411582732140729,2.6666210960513137,-4.117073160271567,-3.7053864210343086,-1.9452889737363688,1.338179565903885,-0.0970895959715372,3.97339657473288,-0.0638093489225779,1.3244231705072402
95.0,75.0,131.51861572265625,-0.0395077078413829,2.666782086388795,-4.119084889698667,-3.704861691131233,-1.945799910870863,1.3384900887035052,-0.0967899247043708,3.9735101720509616,-0.0635955628347692,1.325251184883533
95.0,75.0,131.5187530517578,-0.0402134108834462,2.6667800142356004,-4.118966666589274,-3.7049014213247498,-1.9457679080875288,1.338178800459625,-0.0970726900255396,3.973510168192883,-0.0637243405798893,1.3252135330929786
95.0,75.0,131.51905822753906,-0.0401998536188401,2.6667826844360163,-4.119047760864436,-3.7049014213247498,-1.945770756653056,1.338178800459625,-0.0967924702193221,3.973510168192883,-0.0638388437093173,1.3252030385712368
95.0,75.0,131.51919555664062,-0.0402035619157409,2.666770193345444,-4.118966666589274,-3.704899368306109,-1.9458008624780576,1.338178800459625,-0.0970557827584022,3.973508869028731,-0.0637445362382789,1.3252135330929786
95.0,75.0,131.519287109375,-0.040257500898852,2.666770040371702,-4.119120968151548,-3.7049014213247498,-1.9457679080875288,1.338178800459625,-0.0970739016076545,3.973510168192883,-0.0637243405798893,1.325212293876803
95.0,75.0,131.51934814453125,-0.0395077078413829,2.666782086388795,-4.118964476348375,-3.704901119065749,-1.945799910870863,1.3384900429878592,-0.0967899247043708,3.9735101720509616,-0.0635955628347692,1.325251184883533
95.0,75.0,131.51954650878906,-0.0402134108834462,2.6667826844360163,-4.118966666589274,-3.7049014213247498,-1.9457679080875288,1.338178800459625,-0.0967924702193221,3.973510168192883,-0.0637243405798893,1.3252135330929786
95.0,75.0,131.5198974609375,-0.0394992505669872,2.666782086388795,-4.118964476348375,-3.704901119065749,-1.9457732669291017,1.3384998383090423,-0.0967899247043708,3.9735101720509616,-0.0635955628347692,1.3254121756804709
95.0,75.0,131.52008056640625,-0.0396183798207538,2.6667793141997937,-4.117047046071421,-3.705388884052387,-1.9452889737363688,1.3384918294648325,-0.097083629997814,3.973556754792767,-0.0638051627863505,1.3253718548875044
95.0,75.0,131.52159118652344,-0.0396183798207538,2.666780000767082,-4.116030852253405,-3.705509419508769,-1.9452889737363688,1.3384918055250892,-0.0970495612468642,3.973556754792767,-0.063805248228156,1.3252086706568582
95.0,75.0,131.5225830078125,-0.0396183798207538,2.666779982068404,-4.117072136254691,-3.705508404076172,-1.9452889737363688,1.3384917607393734,-0.0970495612468642,3.973556754792767,-0.063805248228156,1.3252086706568582
95.0,75.0,131.5233917236328,-0.0396183798207538,2.6667793141997937,-4.117047046071421,-3.705508583201388,-1.9452889737363688,1.3384918294648325,-0.097083629997814,3.973556754792767,-0.063805248228156,1.3253718548875044
95.0,75.0,131.5233917236328,-0.0396183798207538,2.6667793141997937,-4.117047046071421,-3.705508583201388,-1.9452889737363688,1.3384918294648325,-0.097083629997814,3.973556754792767,-0.063805248228156,1.3253718548875044
95.0,75.0,131.5247802734375,-0.0389595510709618,2.666779981093755,-4.119089767969279,-3.7055162778273054,-1.945118138344024,1.3384925301180282,-0.0968059502669609,3.9735503545085264,-0.0638318254021145,1.325200739408354
95.0,75.0,131.52479553222656,-0.0389603043870973,2.6667800113397684,-4.119089767969279,-3.705516272860572,-1.945118138344024,1.3384925301180282,-0.0968060236632358,3.9735503545085264,-0.0638318254021145,1.3252026432318096
95.0,75.0,131.52549743652344,-0.0389603043870973,2.6667800113397684,-4.119089767969279,-3.7055162729215088,-1.945117264691681,1.3384828709210634,-0.0968022156067733,3.9735492506610814,-0.0637287071088011,1.3252159180070548
95.0,75.0,131.52549743652344,-0.0389603043870973,2.6667800113397684,-4.119089767969279,-3.7055162729215088,-1.945117264691681,1.3384828709210634,-0.0968022156067733,3.9735492506610814,-0.0637287071088011,1.3252159180070548
95.0,75.0,131.52549743652344,-0.0389603043870973,2.6667800113397684,-4.119089767969279,-3.7055162729215088,-1.945117264691681,1.3384828709210634,-0.0968022156067733,3.9735492506610814,-0.0637287071088011,1.3252159180070548
95.0,75.0,131.5259246826172,-0.0356642398274619,2.666782688268208,-4.119077035068589,-3.70551627256629,-1.9451168602882467,1.3384924767731103,-0.0968021380558857,3.973510888710786,-0.0637236046100473,1.325321627548255
95.0,75.0,131.52630615234375,-0.0356642398274619,2.666782688268208,-4.119077035068589,-3.705516272567104,-1.945142953292776,1.338492529509021,-0.0967920989127114,3.973510888710786,-0.0637236046100473,1.325321627548255
95.0,76.0,130.97303771972656,-0.0398887705799824,2.666770300706607,-4.116068688589556,-3.70563447316216,-1.9457998404122203,1.3384900429878592,-0.0968056841086703,3.97350985076696,-0.4599746087064135,1.325251414402471
95.0,76.0,130.97305297851562,-0.0398887705799824,2.666770300706607,-4.116068688589556,-3.70563447316216,-1.945800241433593,1.3384900429878592,-0.0968056841086703,3.97350985076696,-0.4599746087064135,1.325251414402471
95.0,76.0,130.97305297851562,-0.0398887705799824,2.666770300706607,-4.116068688589556,-3.70563447316216,-1.945800241433593,1.3384900429878592,-0.0968056841086703,3.97350985076696,-0.4599746087064135,1.325251414402471
95.0,76.0,130.9733428955078,-0.0399089483306955,2.666770300706607,-4.117029200690537,-3.705629058290436,-1.945818590459355,1.3384900429878592,-0.0970815023358171,3.97350985076696,-0.4599746087064135,1.325252606979478
95.0,76.0,130.9740447998047,-0.0398887705799824,2.666770282007929,-4.117109972590844,-3.7056334577295615,-1.945800241433593,1.3384899982021436,-0.0968056841086703,3.97350985076696,-0.4599746087064135,1.325251414402471
95.0,76.0,130.97434997558594,-0.0398894165512886,2.666770282007929,-4.117109972590844,-3.7056345526334815,-1.945818088360984,1.3384899982021436,-0.0968056841086703,3.97350985076696,-0.4599746087064135,1.325251414402471
95.0,76.0,130.97848510742188,-0.0399089483306955,2.666770300706607,-4.119050075503046,-3.70563447316216,-1.945818590459355,1.3384900429878592,-0.096805658669216,3.97350985076696,-0.4599746087064135,1.325251414402471
95.0,76.0,131.1326446533203,-0.0398430420986861,2.666770300706607,-4.122046567562772,-3.70563447316216,-1.9457694728285824,1.338184187538032,-0.0968056841086703,3.973510072762276,-0.4640493867111048,1.3252552033327578
95.0,76.0,131.1326446533203,-0.0398430420986861,2.666770300706607,-4.122046567562772,-3.70563447316216,-1.9457694728285824,1.338184187538032,-0.0968056841086703,3.973510072762276,-0.4640493867111048,1.3252552033327578
95.0,76.0,131.24757385253906,-0.0396183798207538,2.666779985019191,-4.116988746134937,-3.6810868006916255,-1.9452889737363688,1.3384918294648325,-0.097083629997814,3.973556754792767,-0.0638051627863505,1.3253694357199808
95.0,76.0,131.24757385253906,-0.0396183798207538,2.666779985019191,-4.116988746134937,-3.6810868006916255,-1.9452889737363688,1.3384918294648325,-0.097083629997814,3.973556754792767,-0.0638051627863505,1.3253694357199808
95.0,76.0,131.25885009765625,-0.0393229869966078,2.666780014203555,-4.119099305236999,-3.681089378468191,-1.9458102140883493,1.3384918469840374,-0.097072731872263,3.973554696058268,-0.0639022548795604,1.3253704849017698
95.0,76.0,131.26632690429688,-0.02870308563612,2.6667800113397684,-4.1107512109738265,-3.6816614375775103,-1.9451505447382345,1.338483823328875,-0.0970727975420032,3.9735573632969,-0.0638188742138188,1.3254132194908523
95.0,76.0,131.26641845703125,-0.0285003887622126,2.6667800113397684,-4.119123293524582,-3.6816614375775103,-1.94520797803346,1.338483908981754,-0.0970727975420032,3.9735573632969,-0.0638224416313763,1.3254101697928693
95.0,76.0,131.26649475097656,-0.0285003887622126,2.6667800113397684,-4.119156275154971,-3.6816614375775103,-1.94520797803346,1.338483908981754,-0.0970727975420032,3.9735573632969,-0.0638224416313763,1.3254101697928693
95.0,76.0,131.2670135498047,-0.0285003887622126,2.6667793208844253,-4.119123293524582,-3.6816614375775103,-1.94520202645359,1.3384838900723968,-0.0968445439581035,3.9735573632969,-0.0638224416313763,1.3254101697928693
95.0,76.0,131.283447265625,-0.0286589421840958,2.6667809854217968,-4.122089159480873,-3.680340249248577,-1.9458182729939364,1.338483908981754,-0.0970727975420032,3.9735573632969,-0.0638224816000752,1.325487292919266
95.0,76.0,131.28472900390625,-0.02834923472212,2.6667800113397684,-4.122099397386747,-3.6816614375775103,-1.9458182729939364,1.338483908981754,-0.0970727975420032,3.9735573632969,-0.0638224816000752,1.3254101697928693
95.0,76.0,131.28472900390625,-0.02834923472212,2.6667800113397684,-4.122099397386747,-3.6816614375775103,-1.9458182729939364,1.338483908981754,-0.0970727975420032,3.9735573632969,-0.0638224816000752,1.3254101697928693
95.0,76.0,131.28472900390625,-0.02834923472212,2.6667800113397684,-4.122099397386747,-3.6816614375775103,-1.9458182729939364,1.338483908981754,-0.0970727975420032,3.9735573632969,-0.0638224816000752,1.3254101697928693
95.0,76.0,131.2921142578125,-0.0277952535864159,2.666780014203555,-4.119099305236999,-3.6816614375775103,-1.9458182729939364,1.3384924890705532,-0.097072731872263,3.973554696058268,-0.0616838471532019,1.3252074235068765
95.0,76.0,131.30075073242188,-0.02834923472212,2.66676999441142,-4.122099397386747,-3.6816614375775103,-1.9458182729939364,1.3384924890705532,-0.097072731872263,3.973510816992987,-0.0617352661933094,1.3254101697928693
95.0,76.0,131.3009490966797,-0.02834923472212,2.6667800113397684,-4.122099397386747,-3.6816614375775103,-1.9458182729939364,1.3384924890705532,-0.097072731872263,3.973556477133183,-0.0617352661933094,1.3254101697928693
95.0,76.0,131.4910888671875,-0.0389603043870973,2.6667800339265013,-4.1190646777860085,-3.7055164519857886,-1.9451240899238929,1.3384926177528444,-0.0970683459980853,3.958028929345137,-0.0638318254021145,1.3253658274624558
95.0,76.0,131.49166870117188,-0.0389603043870973,2.666779343471158,-4.1190646777860085,-3.7055164519857886,-1.945118138344024,1.338492598843487,-0.0968400924141855,3.958028929345137,-0.0638318254021145,1.3253658274624558
95.0,76.0,131.49180603027344,-0.035653778782847,2.666779343471158,-4.1190646777860085,-3.7055164519857886,-1.945118138344024,1.338492598843487,-0.0968400924141855,3.958028929345137,-0.0638318254021145,1.3253704891738851
95.0,76.0,131.5083465576172,-0.0389595510709618,2.666779981093755,-4.119089767969279,-3.704855017465985,-1.9451135639529549,1.3384925436599726,-0.096789705870581,3.9735503545085264,-0.0635817414067523,1.325200739408354
95.0,76.0,131.5083465576172,-0.0389595510709618,2.6667799700398813,-4.119089767969279,-3.704855067467847,-1.9451135639529549,1.3384902842129418,-0.096789705870581,3.9735503545085264,-0.0635817414067523,1.325200739408354
95.0,76.0,131.50962829589844,-0.0389595510709618,2.666779981093755,-4.119089767969279,-3.704903865461513,-1.9451135639529549,1.3384925438213309,-0.0967890561482048,3.9735503545085264,-0.0635817414067523,1.325200739408354
95.0,76.0,131.51353454589844,-0.035678602390152,2.6667800113397684,-4.117073171099093,-3.704926510032077,-1.9457692023500284,1.3384939199687906,-0.0970727594170596,3.9735114789428745,-0.0637433273347414,1.325234131110014
95.0,76.0,131.51394653320312,-0.035408117900939,2.6667798711127784,-4.117036374515231,-3.70493340193625,-1.9457692023500284,1.3384917751227468,-0.0970734301744954,3.973511225661395,-0.0637446922189789,1.3252230914480738
95.0,76.0,131.51416015625,-0.035408117900939,2.6667800113397684,-4.117038554530776,-3.704938761584693,-1.9457692023500284,1.3384917751227468,-0.0970727594170596,3.9735114789428745,-0.0637433273347414,1.3252347451854631
95.0,76.0,131.51416015625,-0.035408117900939,2.6667800113397684,-4.117038554530776,-3.704938761584693,-1.9457692023500284,1.3384917751227468,-0.0970727594170596,3.9735114789428745,-0.0637433273347414,1.3252347451854631
95.0,76.0,131.5143585205078,-0.0395077078413829,2.6667820717284605,-4.11704105186739,-3.704861691131233,-1.945799910870863,1.338494098233852,-0.096782964653515,3.973511447497691,-0.0635950651706652,1.325251184883533
95.0,76.0,131.5145721435547,-0.0387146435051894,2.6667800113397684,-4.117074124825301,-3.7049362678357087,-1.9457692023500284,1.3384917751227468,-0.0967984103335452,3.9735527093700256,-0.0637433273347414,1.3252300834740338
95.0,76.0,131.5151824951172,-0.035408117900939,2.6667800113397684,-4.117074124825301,-3.7049362678357087,-1.9457692023500284,1.3384917751227468,-0.0967984103335452,3.9735527093700256,-0.0637433273347414,1.3252347451854631
95.0,76.0,131.51571655273438,-0.035408117900939,2.666770072331653,-4.117044572807102,-3.7049362678357087,-1.945801018555848,1.3384900730905205,-0.0967984103335452,3.9735527093700256,-0.0637433273347414,1.3252347451854631
95.0,76.0,131.5159149169922,-0.039901042742404,2.666770543914905,-4.117074124825301,-3.7049362678357087,-1.9458003594118864,1.3384917751227468,-0.0968054962759069,3.9735527093700256,-0.0637433273347414,1.3252347451854631
95.0,76.0,131.5170135498047,-0.0403522165943531,2.6666234971560523,-4.121781091483581,-3.704944472109888,-1.945257031300747,1.3381525539601,-0.097074206100329,3.973393929724685,-0.0637259618350326,1.3244830056545638
95.0,76.0,131.5175018310547,-0.0411582732140729,2.6666210960513137,-4.117073160271567,-3.7053864210343086,-1.9452889737363688,1.338179565903885,-0.0970895959715372,3.97339657473288,-0.0638093489225779,1.3244231705072402
95.0,76.0,131.51783752441406,-0.035678602390152,2.666780026000103,-4.1191170089303695,-3.704926510032077,-1.9457692023500284,1.3384899104384438,-0.0970797194679155,3.973510203496145,-0.0637438249988454,1.325234131110014
95.0,76.0,131.51861572265625,-0.0395077078413829,2.666782086388795,-4.119084889698667,-3.704861691131233,-1.945799910870863,1.3384900887035052,-0.0967899247043708,3.9735101720509616,-0.0635955628347692,1.325251184883533
95.0,76.0,131.5187530517578,-0.0402134108834462,2.6667800142356004,-4.118966666589274,-3.7049014213247498,-1.9457679080875288,1.338178800459625,-0.0970726900255396,3.973510168192883,-0.0637243405798893,1.3252135330929786
95.0,76.0,131.51905822753906,-0.0401998536188401,2.6667826844360163,-4.119047760864436,-3.7049014213247498,-1.945770756653056,1.338178800459625,-0.0967924702193221,3.973510168192883,-0.0638388437093173,1.3252030385712368
95.0,76.0,131.51919555664062,-0.0402035619157409,2.666770193345444,-4.118966666589274,-3.704899368306109,-1.9458008624780576,1.338178800459625,-0.0970557827584022,3.973508869028731,-0.0637445362382789,1.3252135330929786
95.0,76.0,131.519287109375,-0.040257500898852,2.666770040371702,-4.119120968151548,-3.7049014213247498,-1.9457679080875288,1.338178800459625,-0.0970739016076545,3.973510168192883,-0.0637243405798893,1.325212293876803
95.0,76.0,131.51934814453125,-0.0395077078413829,2.666782086388795,-4.118964476348375,-3.704901119065749,-1.945799910870863,1.3384900429878592,-0.0967899247043708,3.9735101720509616,-0.0635955628347692,1.325251184883533
95.0,76.0,131.51954650878906,-0.0402134108834462,2.6667826844360163,-4.118966666589274,-3.7049014213247498,-1.9457679080875288,1.338178800459625,-0.0967924702193221,3.973510168192883,-0.0637243405798893,1.3252135330929786
95.0,76.0,131.5198974609375,-0.0394992505669872,2.666782086388795,-4.118964476348375,-3.704901119065749,-1.9457732669291017,1.3384998383090423,-0.0967899247043708,3.9735101720509616,-0.0635955628347692,1.3254121756804709
95.0,76.0,131.52008056640625,-0.0396183798207538,2.6667793141997937,-4.117047046071421,-3.705388884052387,-1.9452889737363688,1.3384918294648325,-0.097083629997814,3.973556754792767,-0.0638051627863505,1.3253718548875044
95.0,77.0,130.5175323486328,-0.0402052387349514,2.666770303083292,-4.117045822416306,-3.704899368306109,-1.9458008624780576,1.338178800459625,-0.0970557827584022,3.973509872503664,-0.4438471108268667,1.3252134947719878
95.0,77.0,130.9464111328125,-0.0406349593007838,2.666769896842372,-4.116068688589556,-3.70563447316216,-1.929056586206587,1.3384840838573369,-0.0968446304177279,3.973508136286754,-0.4646116992051523,1.325251414402471
95.0,77.0,130.97303771972656,-0.0398887705799824,2.666770300706607,-4.116068688589556,-3.70563447316216,-1.9457998404122203,1.3384900429878592,-0.0968056841086703,3.97350985076696,-0.4599746087064135,1.325251414402471
95.0,77.0,130.97305297851562,-0.0398887705799824,2.666770300706607,-4.116068688589556,-3.70563447316216,-1.945800241433593,1.3384900429878592,-0.0968056841086703,3.97350985076696,-0.4599746087064135,1.325251414402471
95.0,77.0,130.97305297851562,-0.0398887705799824,2.666770300706607,-4.116068688589556,-3.70563447316216,-1.945800241433593,1.3384900429878592,-0.0968056841086703,3.97350985076696,-0.4599746087064135,1.325251414402471
95.0,77.0,130.97305297851562,-0.0398887705799824,2.666770300706607,-4.116068688589556,-3.70563447316216,-1.945800241433593,1.3384900429878592,-0.0968056841086703,3.97350985076696,-0.4599746087064135,1.325251414402471
95.0,77.0,130.9733428955078,-0.0399089483306955,2.666770300706607,-4.117029200690537,-3.705629058290436,-1.945818590459355,1.3384900429878592,-0.0970815023358171,3.97350985076696,-0.4599746087064135,1.325252606979478
95.0,77.0,130.9740447998047,-0.0398887705799824,2.666770282007929,-4.117109972590844,-3.7056334577295615,-1.945800241433593,1.3384899982021436,-0.0968056841086703,3.97350985076696,-0.4599746087064135,1.325251414402471
95.0,77.0,130.97434997558594,-0.0398894165512886,2.666770282007929,-4.117109972590844,-3.7056345526334815,-1.945818088360984,1.3384899982021436,-0.0968056841086703,3.97350985076696,-0.4599746087064135,1.325251414402471
95.0,77.0,130.97848510742188,-0.0399089483306955,2.666770300706607,-4.119050075503046,-3.70563447316216,-1.945818590459355,1.3384900429878592,-0.096805658669216,3.97350985076696,-0.4599746087064135,1.325251414402471
95.0,77.0,131.10670471191406,-0.0399089483306955,2.666771394122815,-4.119050075503046,-3.70467599544515,-1.945818590459355,1.3384837794825126,-0.0970894033533171,3.97350985076696,-0.464275067365526,1.3252529894201697
95.0,77.0,131.1180877685547,-0.0399087411578814,2.666770300706607,-4.117029200690537,-3.705629058290436,-1.945818590459355,1.3381538966472062,-0.0970715212055125,3.97350985076696,-0.4640253387193108,1.325252606979478
95.0,77.0,131.1326446533203,-0.0398430420986861,2.666770300706607,-4.122046567562772,-3.70563447316216,-1.9457694728285824,1.338184187538032,-0.0968056841086703,3.973510072762276,-0.4640493867111048,1.3252552033327578
95.0,77.0,131.1326446533203,-0.0398430420986861,2.666770300706607,-4.122046567562772,-3.70563447316216,-1.9457694728285824,1.338184187538032,-0.0968056841086703,3.973510072762276,-0.4640493867111048,1.3252552033327578
95.0,77.0,131.1343536376953,-0.0398895619280881,2.666770300706607,-4.122046567562772,-3.70563447316216,-1.9457694728285824,1.3381901925667703,-0.0968056841086703,3.9735098483814006,-0.4640875596339535,1.3252515723613305
95.0,77.0,131.24757385253906,-0.0396183798207538,2.666779985019191,-4.116988746134937,-3.6810868006916255,-1.9452889737363688,1.3384918294648325,-0.097083629997814,3.973556754792767,-0.0638051627863505,1.3253694357199808
95.0,77.0,131.24757385253906,-0.0396183798207538,2.666779985019191,-4.116988746134937,-3.6810868006916255,-1.9452889737363688,1.3384918294648325,-0.097083629997814,3.973556754792767,-0.0638051627863505,1.3253694357199808
95.0,77.0,131.24757385253906,-0.0396183798207538,2.666779985019191,-4.116988746134937,-3.6810868006916255,-1.9452889737363688,1.3384918294648325,-0.097083629997814,3.973556754792767,-0.0638051627863505,1.3253694357199808
95.0,77.0,131.24757385253906,-0.0396183798207538,2.666779985019191,-4.116988746134937,-3.6810868006916255,-1.9452889737363688,1.3384918294648325,-0.097083629997814,3.973556754792767,-0.0638051627863505,1.3253694357199808
95.0,77.0,131.2545623779297,-0.0393229869966078,2.6667800138284288,-4.117082098696367,-3.681089378468191,-1.9458102140883493,1.3384918469840374,-0.097072733716468,3.973554696058268,-0.0639022548795604,1.3253664495603537
95.0,77.0,131.25885009765625,-0.0393229869966078,2.666780014203555,-4.119099305236999,-3.681089378468191,-1.9458102140883493,1.3384918469840374,-0.097072731872263,3.973554696058268,-0.0639022548795604,1.3253704849017698
95.0,77.0,131.26632690429688,-0.02870308563612,2.6667800113397684,-4.1107512109738265,-3.6816614375775103,-1.9451505447382345,1.338483823328875,-0.0970727975420032,3.9735573632969,-0.0638188742138188,1.3254132194908523
95.0,77.0,131.26641845703125,-0.0285003887622126,2.6667800113397684,-4.119123293524582,-3.6816614375775103,-1.94520797803346,1.338483908981754,-0.0970727975420032,3.9735573632969,-0.0638224416313763,1.3254101697928693
95.0,77.0,131.26649475097656,-0.0285003887622126,2.6667800113397684,-4.119156275154971,-3.6816614375775103,-1.94520797803346,1.338483908981754,-0.0970727975420032,3.9735573632969,-0.0638224416313763,1.3254101697928693
95.0,77.0,131.2670135498047,-0.0285003887622126,2.6667793208844253,-4.119123293524582,-3.6816614375775103,-1.94520202645359,1.3384838900723968,-0.0968445439581035,3.9735573632969,-0.0638224416313763,1.3254101697928693
95.0,77.0,131.2688446044922,-0.0282675105152063,2.666780010480237,-4.117036374515231,-3.6812353282124666,-1.9457692023500284,1.33849125482637,-0.0970734301744954,3.973511225661395,-0.0637446922189789,1.3252230914480738
95.0,77.0,131.283447265625,-0.0286589421840958,2.6667809854217968,-4.122089159480873,-3.680340249248577,-1.9458182729939364,1.338483908981754,-0.0970727975420032,3.9735573632969,-0.0638224816000752,1.325487292919266
95.0,77.0,131.28445434570312,-0.0286589421840958,2.666779884415841,-4.122089159480873,-3.681657431465881,-1.9458182729939364,1.338483820554427,-0.0970727975420032,3.9735573632969,-0.0638228322205886,1.3254105909846126
95.0,77.0,131.28472900390625,-0.02834923472212,2.6667800113397684,-4.122099397386747,-3.6816614375775103,-1.9458182729939364,1.338483908981754,-0.0970727975420032,3.9735573632969,-0.0638224816000752,1.3254101697928693
95.0,77.0,131.28472900390625,-0.02834923472212,2.6667800113397684,-4.122099397386747,-3.6816614375775103,-1.9458182729939364,1.338483908981754,-0.0970727975420032,3.9735573632969,-0.0638224816000752,1.3254101697928693
95.0,77.0,131.28472900390625,-0.02834923472212,2.6667800113397684,-4.122099397386747,-3.6816614375775103,-1.9458182729939364,1.338483908981754,-0.0970727975420032,3.9735573632969,-0.0638224816000752,1.3254101697928693
95.0,77.0,131.2918243408203,-0.0277952535864159,2.666780516820951,-4.119099305236999,-3.6816614375775103,-1.9457996328981253,1.338492483391096,-0.097072731872263,3.973554696058268,-0.0616838471532019,1.3252074235068765
95.0,77.0,131.29208374023438,-0.0277901339690429,2.666780014203555,-4.119099305236999,-3.6816614375775103,-1.9458182729939364,1.3384832324351736,-0.097072731872263,3.9735574853207103,-0.0616838471532019,1.325191878569094
95.0,77.0,131.2921142578125,-0.0277952535864159,2.666780014203555,-4.119099305236999,-3.6816614375775103,-1.9458182729939364,1.3384924890705532,-0.097072731872263,3.973554696058268,-0.0616838471532019,1.3252074235068765
95.0,77.0,131.30075073242188,-0.02834923472212,2.66676999441142,-4.122099397386747,-3.6816614375775103,-1.9458182729939364,1.3384924890705532,-0.097072731872263,3.973510816992987,-0.0617352661933094,1.3254101697928693
95.0,77.0,131.3009490966797,-0.02834923472212,2.6667800113397684,-4.122099397386747,-3.6816614375775103,-1.9458182729939364,1.3384924890705532,-0.097072731872263,3.973556477133183,-0.0617352661933094,1.3254101697928693
95.0,77.0,131.30227661132812,-0.0393032363108714,2.66677057957138,-4.119123293524582,-3.6816614375775103,-1.94520797803346,1.338483908981754,-0.0970727975420032,3.973558948880308,-0.058803076520991,1.3254101697928693
95.0,77.0,131.4910888671875,-0.0389603043870973,2.6667800339265013,-4.1190646777860085,-3.7055164519857886,-1.9451240899238929,1.3384926177528444,-0.0970683459980853,3.958028929345137,-0.0638318254021145,1.3253658274624558
95.0,77.0,131.49166870117188,-0.0389603043870973,2.666779343471158,-4.1190646777860085,-3.7055164519857886,-1.945118138344024,1.338492598843487,-0.0968400924141855,3.958028929345137,-0.0638318254021145,1.3253658274624558
95.0,77.0,131.49180603027344,-0.035653778782847,2.666779343471158,-4.1190646777860085,-3.7055164519857886,-1.945118138344024,1.338492598843487,-0.0968400924141855,3.958028929345137,-0.0638318254021145,1.3253704891738851
95.0,77.0,131.5083465576172,-0.0389595510709618,2.666779981093755,-4.119089767969279,-3.704855017465985,-1.9451135639529549,1.3384925436599726,-0.096789705870581,3.9735503545085264,-0.0635817414067523,1.325200739408354
95.0,77.0,131.5083465576172,-0.0389595510709618,2.6667799700398813,-4.119089767969279,-3.704855067467847,-1.9451135639529549,1.3384902842129418,-0.096789705870581,3.9735503545085264,-0.0635817414067523,1.325200739408354
95.0,77.0,131.50962829589844,-0.0389595510709618,2.666779981093755,-4.119089767969279,-3.704903865461513,-1.9451135639529549,1.3384925438213309,-0.0967890561482048,3.9735503545085264,-0.0635817414067523,1.325200739408354
95.0,77.0,131.51353454589844,-0.035678602390152,2.6667800113397684,-4.117073171099093,-3.704926510032077,-1.9457692023500284,1.3384939199687906,-0.0970727594170596,3.9735114789428745,-0.0637433273347414,1.325234131110014
95.0,77.0,131.51394653320312,-0.035408117900939,2.6667798711127784,-4.117036374515231,-3.70493340193625,-1.9457692023500284,1.3384917751227468,-0.0970734301744954,3.973511225661395,-0.0637446922189789,1.3252230914480738
95.0,77.0,131.51416015625,-0.035408117900939,2.6667800113397684,-4.117038554530776,-3.704938761584693,-1.9457692023500284,1.3384917751227468,-0.0970727594170596,3.9735114789428745,-0.0637433273347414,1.3252347451854631
95.0,77.0,131.51416015625,-0.035408117900939,2.6667800113397684,-4.117038554530776,-3.704938761584693,-1.9457692023500284,1.3384917751227468,-0.0970727594170596,3.9735114789428745,-0.0637433273347414,1.3252347451854631
95.0,77.0,131.51416015625,-0.035408117900939,2.6667800113397684,-4.117038554530776,-3.704938761584693,-1.9457692023500284,1.3384917751227468,-0.0970727594170596,3.9735114789428745,-0.0637433273347414,1.3252347451854631
95.0,77.0,131.5143585205078,-0.0395077078413829,2.6667820717284605,-4.11704105186739,-3.704861691131233,-1.945799910870863,1.338494098233852,-0.096782964653515,3.973511447497691,-0.0635950651706652,1.325251184883533
95.0,77.0,131.5145721435547,-0.0387146435051894,2.6667800113397684,-4.117074124825301,-3.7049362678357087,-1.9457692023500284,1.3384917751227468,-0.0967984103335452,3.9735527093700256,-0.0637433273347414,1.3252300834740338
95.0,78.0,130.3340301513672,-0.0396130264070725,2.666779985019191,-4.117108574819193,-3.6804375270602807,-1.9458036117511075,1.3384918294648325,-0.0970677272014155,3.973556754792767,-0.451020051957581,1.3253694357199808
95.0,78.0,130.39549255371094,-0.0406087765953238,2.666769896842372,-4.116983950468365,-3.70563447316216,-1.929056586206587,1.3384840838573369,-0.097072647459991,3.973508095372701,-0.4499182466606385,1.325251414402471
95.0,78.0,130.50416564941406,-0.0404980426650253,2.6667793208844253,-4.117058286189382,-3.704662798793335,-1.94520202645359,1.3384838900723968,-0.0968466394253083,3.973556683774484,-0.4434421057536637,1.3254101697928693
95.0,78.0,130.5175323486328,-0.0402052387349514,2.666770303083292,-4.117045822416306,-3.704899368306109,-1.9458008624780576,1.338178800459625,-0.0970557827584022,3.973509872503664,-0.4438471108268667,1.3252134947719878
95.0,78.0,130.9464111328125,-0.0406349593007838,2.666769896842372,-4.116068688589556,-3.70563447316216,-1.929056586206587,1.3384840838573369,-0.0968446304177279,3.973508136286754,-0.4646116992051523,1.325251414402471
95.0,78.0,130.97303771972656,-0.0398887705799824,2.666770300706607,-4.116068688589556,-3.70563447316216,-1.9457998404122203,1.3384900429878592,-0.0968056841086703,3.97350985076696,-0.4599746087064135,1.325251414402471
95.0,78.0,130.97305297851562,-0.0398887705799824,2.666770300706607,-4.116068688589556,-3.70563447316216,-1.945800241433593,1.3384900429878592,-0.0968056841086703,3.97350985076696,-0.4599746087064135,1.325251414402471
95.0,78.0,130.97305297851562,-0.0398887705799824,2.666770300706607,-4.116068688589556,-3.70563447316216,-1.945800241433593,1.3384900429878592,-0.0968056841086703,3.97350985076696,-0.4599746087064135,1.325251414402471
95.0,78.0,130.97305297851562,-0.0398887705799824,2.666770300706607,-4.116068688589556,-3.70563447316216,-1.945800241433593,1.3384900429878592,-0.0968056841086703,3.97350985076696,-0.4599746087064135,1.325251414402471
95.0,78.0,130.9733428955078,-0.0399089483306955,2.666770300706607,-4.117029200690537,-3.705629058290436,-1.945818590459355,1.3384900429878592,-0.0970815023358171,3.97350985076696,-0.4599746087064135,1.325252606979478
95.0,78.0,130.9740447998047,-0.0398887705799824,2.666770282007929,-4.117109972590844,-3.7056334577295615,-1.945800241433593,1.3384899982021436,-0.0968056841086703,3.97350985076696,-0.4599746087064135,1.325251414402471
95.0,78.0,130.9743194580078,-0.0399089483306955,2.666770300706607,-4.117029200690537,-3.705634783443079,-1.945818590459355,1.3384900429878592,-0.09680766785264,3.97350985076696,-0.4599746087064135,1.325252606979478
95.0,78.0,130.9743194580078,-0.0398887653192031,2.666770282007929,-4.117109972590844,-3.705633431139304,-1.945818088360984,1.3384899982021436,-0.0968056841086703,3.97350985076696,-0.4599746087064135,1.325251414402471
95.0,78.0,130.97434997558594,-0.0398894165512886,2.666770282007929,-4.117109972590844,-3.7056345526334815,-1.945818088360984,1.3384899982021436,-0.0968056841086703,3.97350985076696,-0.4599746087064135,1.325251414402471
95.0,78.0,130.97848510742188,-0.0399089483306955,2.666770300706607,-4.119050075503046,-3.70563447316216,-1.945818590459355,1.3384900429878592,-0.096805658669216,3.97350985076696,-0.4599746087064135,1.325251414402471
95.0,78.0,131.10670471191406,-0.0399089483306955,2.666771394122815,-4.119050075503046,-3.70467599544515,-1.945818590459355,1.3384837794825126,-0.0970894033533171,3.97350985076696,-0.464275067365526,1.3252529894201697
95.0,78.0,131.1072540283203,-0.0398881248588239,2.666771413774373,-4.119050075503046,-3.70467599544515,-1.945801366743592,1.3384837794825126,-0.0968044815516848,3.97350985076696,-0.464275067365526,1.3252514043879182
95.0,78.0,131.1180877685547,-0.0399087411578814,2.666770300706607,-4.117029200690537,-3.705629058290436,-1.945818590459355,1.3381538966472062,-0.0970715212055125,3.97350985076696,-0.4640253387193108,1.325252606979478
95.0,78.0,131.12464904785156,-0.0398430420986861,2.6667799685905176,-4.122046567562772,-3.70563447316216,-1.945280775547768,1.338184187538032,-0.097082383921091,3.973510072762276,-0.4640493867111048,1.3252552033327578
95.0,78.0,131.13255310058594,-0.0398887705799824,2.6667702927581307,-4.118820049645384,-3.70563447316216,-1.9458200470579723,1.3384899260599097,-0.0968056841086703,3.97350985076696,-0.4642679233559529,1.3252529149651606
95.0,78.0,131.1326446533203,-0.0398430420986861,2.666770300706607,-4.122046567562772,-3.70563447316216,-1.9457694728285824,1.338184187538032,-0.0968056841086703,3.973510072762276,-0.4640493867111048,1.3252552033327578
95.0,78.0,131.1326446533203,-0.0398430420986861,2.666770300706607,-4.122046567562772,-3.70563447316216,-1.9457694728285824,1.338184187538032,-0.0968056841086703,3.973510072762276,-0.4640493867111048,1.3252552033327578
95.0,78.0,131.13372802734375,-0.0398430420986861,2.666770300706607,-4.12253629598923,-3.70563447316216,-1.945769277326536,1.3381847153532875,-0.0970926480965996,3.973510072762276,-0.4640493867111048,1.3252552033327578
95.0,78.0,131.1343536376953,-0.0398895619280881,2.666770300706607,-4.122046567562772,-3.70563447316216,-1.9457694728285824,1.3381901925667703,-0.0968056841086703,3.9735098483814006,-0.4640875596339535,1.3252515723613305
95.0,78.0,131.14984130859375,-0.0406349593007838,2.666769896842372,-4.119109566116191,-3.70563447316216,-1.9457386962880987,1.3384840838573369,-0.0968511342681366,3.973508136286754,-0.4646116992051523,1.325251414402471
95.0,78.0,131.24757385253906,-0.0396183798207538,2.666779985019191,-4.116988746134937,-3.6810868006916255,-1.9452889737363688,1.3384918294648325,-0.097083629997814,3.973556754792767,-0.0638051627863505,1.3253694357199808
95.0,78.0,131.24757385253906,-0.0396183798207538,2.666779985019191,-4.116988746134937,-3.6810868006916255,-1.9452889737363688,1.3384918294648325,-0.097083629997814,3.973556754792767,-0.0638051627863505,1.3253694357199808
95.0,78.0,131.24757385253906,-0.0396183798207538,2.666779985019191,-4.116988746134937,-3.6810868006916255,-1.9452889737363688,1.3384918294648325,-0.097083629997814,3.973556754792767,-0.0638051627863505,1.3253694357199808
95.0,78.0,131.24757385253906,-0.0396183798207538,2.666779985019191,-4.116988746134937,-3.6810868006916255,-1.9452889737363688,1.3384918294648325,-0.097083629997814,3.973556754792767,-0.0638051627863505,1.3253694357199808
95.0,78.0,131.2545623779297,-0.0393229869966078,2.6667800138284288,-4.117082098696367,-3.681089378468191,-1.9458102140883493,1.3384918469840374,-0.097072733716468,3.973554696058268,-0.0639022548795604,1.3253664495603537
95.0,78.0,131.2545623779297,-0.0393229869966078,2.666780603672235,-4.117082098696367,-3.681089378468191,-1.9458100398945293,1.33849187638596,-0.097072733716468,3.973554696058268,-0.0639022548795604,1.325367229207265
95.0,78.0,131.25885009765625,-0.0393229869966078,2.666780014203555,-4.119099305236999,-3.681089378468191,-1.9458102140883493,1.3384918469840374,-0.097072731872263,3.973554696058268,-0.0639022548795604,1.3253704849017698
95.0,78.0,131.26229858398438,-0.0285411960552216,2.666779985019191,-4.116988746134937,-3.6810868006916255,-1.9452889737363688,1.3384918294648325,-0.097083629997814,3.9735573359155945,-0.0638051627863505,1.325409569488153
95.0,78.0,131.26272583007812,-0.0396183798207538,2.6667709901023526,-4.122320596096054,-3.6810868006916255,-1.9452889737363688,1.338173387111122,-0.0970707051180365,3.973556754792767,-0.0638051627863505,1.3252582503546266
95.0,78.0,131.26632690429688,-0.02870308563612,2.6667800113397684,-4.1107512109738265,-3.6816614375775103,-1.9451505447382345,1.338483823328875,-0.0970727975420032,3.9735573632969,-0.0638188742138188,1.3254132194908523
95.0,78.0,131.26641845703125,-0.0285003887622126,2.6667800113397684,-4.119123293524582,-3.6816614375775103,-1.94520797803346,1.338483908981754,-0.0970727975420032,3.9735573632969,-0.0638224416313763,1.3254101697928693
95.0,78.0,131.26649475097656,-0.0285003887622126,2.6667800113397684,-4.119156275154971,-3.6816614375775103,-1.94520797803346,1.338483908981754,-0.0970727975420032,3.9735573632969,-0.0638224416313763,1.3254101697928693
95.0,78.0,131.2670135498047,-0.0285003887622126,2.6667793208844253,-4.119123293524582,-3.6816614375775103,-1.94520202645359,1.3384838900723968,-0.0968445439581035,3.9735573632969,-0.0638224416313763,1.3254101697928693
95.0,78.0,131.2688446044922,-0.0282675105152063,2.666780010480237,-4.117036374515231,-3.6812353282124666,-1.9457692023500284,1.33849125482637,-0.0970734301744954,3.973511225661395,-0.0637446922189789,1.3252230914480738
95.0,78.0,131.27305603027344,-0.0282075848321387,2.666770303083292,-4.119110829751506,-3.681898007090284,-1.9458008624780576,1.338178800459625,-0.0970536872911974,3.973510552026081,-0.0642274467045793,1.3252134947719878
95.0,78.0,131.283447265625,-0.0286589421840958,2.6667809854217968,-4.122089159480873,-3.680340249248577,-1.9458182729939364,1.338483908981754,-0.0970727975420032,3.9735573632969,-0.0638224816000752,1.325487292919266
95.0,78.0,131.28445434570312,-0.0286589421840958,2.666779884415841,-4.122089159480873,-3.681657431465881,-1.9458182729939364,1.338483820554427,-0.0970727975420032,3.9735573632969,-0.0638228322205886,1.3254105909846126
95.0,78.0,131.28472900390625,-0.02834923472212,2.6667800113397684,-4.122099397386747,-3.6816614375775103,-1.9458182729939364,1.338483908981754,-0.0970727975420032,3.9735573632969,-0.0638224816000752,1.3254101697928693
95.0,78.0,131.28472900390625,-0.02834923472212,2.6667800113397684,-4.122099397386747,-3.6816614375775103,-1.9458182729939364,1.338483908981754,-0.0970727975420032,3.9735573632969,-0.0638224816000752,1.3254101697928693
95.0,78.0,131.28472900390625,-0.02834923472212,2.6667800113397684,-4.122099397386747,-3.6816614375775103,-1.9458182729939364,1.338483908981754,-0.0970727975420032,3.9735573632969,-0.0638224816000752,1.3254101697928693
95.0,78.0,131.28472900390625,-0.02834923472212,2.6667800113397684,-4.122099397386747,-3.6816614375775103,-1.9458182729939364,1.338483908981754,-0.0970727975420032,3.9735573632969,-0.0638224816000752,1.3254101697928693
95.0,78.0,131.28517150878906,-0.0286462949929055,2.666779331775535,-4.122133798333066,-3.6816614375775103,-1.945852792887984,1.3384838204582192,-0.0970700119850835,3.9735573632969,-0.0638228086415582,1.3254101697928693
95.0,78.0,131.2918243408203,-0.0277952535864159,2.666780516820951,-4.119099305236999,-3.6816614375775103,-1.9457996328981253,1.338492483391096,-0.097072731872263,3.973554696058268,-0.0616838471532019,1.3252074235068765
95.0,78.0,131.29208374023438,-0.0277901339690429,2.666780014203555,-4.119099305236999,-3.6816614375775103,-1.9458182729939364,1.3384832324351736,-0.097072731872263,3.9735574853207103,-0.0616838471532019,1.325191878569094
95.0,78.0,131.2921142578125,-0.0277952535864159,2.666780014203555,-4.119099305236999,-3.6816614375775103,-1.9458182729939364,1.3384924890705532,-0.097072731872263,3.973554696058268,-0.0616838471532019,1.3252074235068765
95.0,79.0,130.33045959472656,-0.0396241699008455,2.666779985019191,-4.117460740170239,-3.6804375270602807,-1.9457713634289453,1.3384918294648325,-0.096808058487158,3.973556754792767,-0.4507994319988708,1.3253694357199808
95.0,79.0,130.33079528808594,-0.0396183798207538,2.666779985019191,-4.117031196437543,-3.6810868006916255,-1.9452889737363688,1.3384901093779953,-0.0970836573361784,3.973509232140113,-0.4512285880271068,1.3253694357199808
95.0,79.0,130.3340301513672,-0.0396130264070725,2.666779985019191,-4.117108574819193,-3.6804375270602807,-1.9458036117511075,1.3384918294648325,-0.0970677272014155,3.973556754792767,-0.451020051957581,1.3253694357199808
95.0,79.0,130.39549255371094,-0.0406087765953238,2.666769896842372,-4.116983950468365,-3.70563447316216,-1.929056586206587,1.3384840838573369,-0.097072647459991,3.973508095372701,-0.4499182466606385,1.325251414402471
95.0,79.0,130.39549255371094,-0.0406087765953238,2.666769896842372,-4.116983950468365,-3.70563447316216,-1.929056586206587,1.3384840838573369,-0.097072647459991,3.973508095372701,-0.4499182466606385,1.325251414402471
95.0,79.0,130.3960723876953,-0.0405900942393036,2.666770305233994,-4.116856783681066,-3.70563447316216,-1.929056586206587,1.3384840838573369,-0.0968176518091492,3.973509850446941,-0.4499182466606385,1.325251414402471
95.0,79.0,130.50416564941406,-0.0404980426650253,2.6667793208844253,-4.117058286189382,-3.704662798793335,-1.94520202645359,1.3384838900723968,-0.0968466394253083,3.973556683774484,-0.4434421057536637,1.3254101697928693
95.0,79.0,130.50416564941406,-0.0404980426650253,2.6667793208844253,-4.117058286189382,-3.704662798793335,-1.94520202645359,1.3384838900723968,-0.0968466394253083,3.973556683774484,-0.4434421057536637,1.3254101697928693
95.0,79.0,130.5175323486328,-0.0402052387349514,2.666770303083292,-4.117045822416306,-3.704899368306109,-1.9458008624780576,1.338178800459625,-0.0970557827584022,3.973509872503664,-0.4438471108268667,1.3252134947719878
95.0,79.0,130.5175323486328,-0.0402052387349514,2.666770303083292,-4.117045822416306,-3.704899368306109,-1.9458008624780576,1.338178800459625,-0.0970557827584022,3.973509872503664,-0.4438471108268667,1.3252134947719878
95.0,79.0,130.92918395996094,-0.0393409089678696,2.666770282007929,-4.117109972590844,-3.703922052650427,-1.945818088360984,1.3384900456526432,-0.0967624539498414,3.97350985076696,-0.4599746087064135,1.325251414402471
95.0,79.0,130.9464111328125,-0.0406349593007838,2.666769896842372,-4.116068688589556,-3.70563447316216,-1.929056586206587,1.3384840838573369,-0.0968446304177279,3.973508136286754,-0.4646116992051523,1.325251414402471
95.0,79.0,130.97303771972656,-0.0398887705799824,2.666770300706607,-4.116068688589556,-3.70563447316216,-1.9457998404122203,1.3384900429878592,-0.0968056841086703,3.97350985076696,-0.4599746087064135,1.325251414402471
95.0,79.0,130.97305297851562,-0.0398887705799824,2.666770300706607,-4.116068688589556,-3.70563447316216,-1.945800241433593,1.3384900429878592,-0.0968056841086703,3.97350985076696,-0.4599746087064135,1.325251414402471
95.0,79.0,130.97305297851562,-0.0398887705799824,2.666770300706607,-4.116068688589556,-3.70563447316216,-1.945800241433593,1.3384900429878592,-0.0968056841086703,3.97350985076696,-0.4599746087064135,1.325251414402471
95.0,79.0,130.97305297851562,-0.0398887705799824,2.666770300706607,-4.116068688589556,-3.70563447316216,-1.945800241433593,1.3384900429878592,-0.0968056841086703,3.97350985076696,-0.4599746087064135,1.325251414402471
95.0,79.0,130.97305297851562,-0.0398887705799824,2.666770300706607,-4.116068688589556,-3.70563447316216,-1.945800241433593,1.3384900429878592,-0.0968056841086703,3.97350985076696,-0.4599746087064135,1.325251414402471
95.0,79.0,130.9733428955078,-0.0399089483306955,2.666770300706607,-4.117029200690537,-3.705629058290436,-1.945818590459355,1.3384900429878592,-0.0970815023358171,3.97350985076696,-0.4599746087064135,1.325252606979478
95.0,79.0,130.9740447998047,-0.0398887705799824,2.666770282007929,-4.117109972590844,-3.7056334577295615,-1.945800241433593,1.3384899982021436,-0.0968056841086703,3.97350985076696,-0.4599746087064135,1.325251414402471
95.0,79.0,130.9741668701172,-0.0398887705799824,2.666770300706607,-4.117215488082946,-3.70563447316216,-1.9458002386257929,1.338489998470479,-0.0968056841086703,3.97350985076696,-0.4599746087064135,1.325251414402471
95.0,79.0,130.97421264648438,-0.0398889236346453,2.666770300706607,-4.116068688589556,-3.70563447316216,-1.945800183849336,1.3381538009150276,-0.0968056841086703,3.97350985076696,-0.4599746087064135,1.325251414402471
95.0,79.0,130.9743194580078,-0.0399089483306955,2.666770300706607,-4.117029200690537,-3.705634783443079,-1.945818590459355,1.3384900429878592,-0.09680766785264,3.97350985076696,-0.4599746087064135,1.325252606979478
95.0,79.0,130.9743194580078,-0.0398887653192031,2.666770282007929,-4.117109972590844,-3.705633431139304,-1.945818088360984,1.3384899982021436,-0.0968056841086703,3.97350985076696,-0.4599746087064135,1.325251414402471
95.0,79.0,130.97434997558594,-0.0398894165512886,2.666770282007929,-4.117109972590844,-3.7056345526334815,-1.945818088360984,1.3384899982021436,-0.0968056841086703,3.97350985076696,-0.4599746087064135,1.325251414402471
95.0,79.0,130.97848510742188,-0.0399089483306955,2.666770300706607,-4.119050075503046,-3.70563447316216,-1.945818590459355,1.3384900429878592,-0.096805658669216,3.97350985076696,-0.4599746087064135,1.325251414402471
95.0,79.0,131.10670471191406,-0.0399089483306955,2.666771394122815,-4.119050075503046,-3.70467599544515,-1.945818590459355,1.3384837794825126,-0.0970894033533171,3.97350985076696,-0.464275067365526,1.3252529894201697
95.0,79.0,131.1072540283203,-0.0398881248588239,2.666771413774373,-4.119050075503046,-3.70467599544515,-1.945801366743592,1.3384837794825126,-0.0968044815516848,3.97350985076696,-0.464275067365526,1.3252514043879182
95.0,79.0,131.1180877685547,-0.0399087411578814,2.666770300706607,-4.117029200690537,-3.705629058290436,-1.945818590459355,1.3381538966472062,-0.0970715212055125,3.97350985076696,-0.4640253387193108,1.325252606979478
95.0,79.0,131.12464904785156,-0.0398430420986861,2.6667799685905176,-4.122046567562772,-3.70563447316216,-1.945280775547768,1.338184187538032,-0.097082383921091,3.973510072762276,-0.4640493867111048,1.3252552033327578
95.0,79.0,131.13255310058594,-0.0398887705799824,2.6667702927581307,-4.118820049645384,-3.70563447316216,-1.9458200470579723,1.3384899260599097,-0.0968056841086703,3.97350985076696,-0.4642679233559529,1.3252529149651606
95.0,79.0,131.1326446533203,-0.0398430420986861,2.666770300706607,-4.122046567562772,-3.70563447316216,-1.9457694728285824,1.338184187538032,-0.0968056841086703,3.973510072762276,-0.4640493867111048,1.3252552033327578
95.0,79.0,131.1326446533203,-0.0398430420986861,2.666770300706607,-4.122046567562772,-3.70563447316216,-1.9457694728285824,1.338184187538032,-0.0968056841086703,3.973510072762276,-0.4640493867111048,1.3252552033327578
95.0,79.0,131.13336181640625,-0.0398430420986861,2.6667703007619106,-4.122046567562772,-3.70563447316216,-1.9458169032052728,1.338184187538032,-0.0968056841086703,3.973510072762276,-0.4640493867111048,1.3252552033327578
95.0,79.0,131.13372802734375,-0.0398430420986861,2.666770300706607,-4.12253629598923,-3.70563447316216,-1.945769277326536,1.3381847153532875,-0.0970926480965996,3.973510072762276,-0.4640493867111048,1.3252552033327578
95.0,79.0,131.1343536376953,-0.0398895619280881,2.666770300706607,-4.122046567562772,-3.70563447316216,-1.9457694728285824,1.3381901925667703,-0.0968056841086703,3.9735098483814006,-0.4640875596339535,1.3252515723613305
95.0,79.0,131.1353759765625,-0.0398430420986861,2.666770300706607,-4.1225161512567,-3.70563447316216,-1.945769277326536,1.3381847153532875,-0.0970926480965996,3.973509862722101,-0.464088239350853,1.3252514184477795
95.0,79.0,131.14984130859375,-0.0406349593007838,2.666769896842372,-4.119109566116191,-3.70563447316216,-1.9457386962880987,1.3384840838573369,-0.0968511342681366,3.973508136286754,-0.4646116992051523,1.325251414402471
95.0,79.0,131.14984130859375,-0.0406349593007838,2.666769896842372,-4.119109566116191,-3.70563447316216,-1.9457386962880987,1.3384840838573369,-0.0968511342681366,3.973508136286754,-0.4646116992051523,1.325251414402471
95.0,79.0,131.1564483642578,-0.04064345838265,2.666769912453687,-4.1170448806051,-3.705634783443079,-1.9455517587226787,1.3384841869902144,-0.0968450044093075,3.97350985076696,-0.4648748263332937,1.3252513785380988
95.0,79.0,131.24757385253906,-0.0396183798207538,2.666779985019191,-4.116988746134937,-3.6810868006916255,-1.9452889737363688,1.3384918294648325,-0.097083629997814,3.973556754792767,-0.0638051627863505,1.3253694357199808
95.0,79.0,131.24757385253906,-0.0396183798207538,2.666779985019191,-4.116988746134937,-3.6810868006916255,-1.9452889737363688,1.3384918294648325,-0.097083629997814,3.973556754792767,-0.0638051627863505,1.3253694357199808
95.0,79.0,131.24757385253906,-0.0396183798207538,2.666779985019191,-4.116988746134937,-3.6810868006916255,-1.9452889737363688,1.3384918294648325,-0.097083629997814,3.973556754792767,-0.0638051627863505,1.3253694357199808
95.0,79.0,131.24757385253906,-0.0396183798207538,2.666779985019191,-4.116988746134937,-3.6810868006916255,-1.9452889737363688,1.3384918294648325,-0.097083629997814,3.973556754792767,-0.0638051627863505,1.3253694357199808
95.0,79.0,131.2507781982422,-0.0396108047784383,2.666779716857869,-4.116987278792532,-3.68273105651744,-1.9452889737363688,1.3384918156842949,-0.0970815143864904,3.9735575723611616,-0.0638051627863505,1.3253694357199808
95.0,79.0,131.2545623779297,-0.0393229869966078,2.6667800138284288,-4.117082098696367,-3.681089378468191,-1.9458102140883493,1.3384918469840374,-0.097072733716468,3.973554696058268,-0.0639022548795604,1.3253664495603537
95.0,79.0,131.2545623779297,-0.0393229869966078,2.666780603672235,-4.117082098696367,-3.681089378468191,-1.9458100398945293,1.33849187638596,-0.097072733716468,3.973554696058268,-0.0639022548795604,1.325367229207265
95.0,79.0,131.25808715820312,-0.0397970900920973,2.6667809854217968,-4.119057624084249,-3.680600325102354,-1.945818269673554,1.338483907474483,-0.0970727975420032,3.9735044002529154,-0.0638224816000752,1.325258206232068
95.0,79.0,131.25885009765625,-0.0393229869966078,2.666780014203555,-4.119099305236999,-3.681089378468191,-1.9458102140883493,1.3384918469840374,-0.097072731872263,3.973554696058268,-0.0639022548795604,1.3253704849017698
95.0,79.0,131.26229858398438,-0.0285411960552216,2.666779985019191,-4.116988746134937,-3.6810868006916255,-1.9452889737363688,1.3384918294648325,-0.097083629997814,3.9735573359155945,-0.0638051627863505,1.325409569488153
95.0,79.0,131.26272583007812,-0.0396183798207538,2.6667709901023526,-4.122320596096054,-3.6810868006916255,-1.9452889737363688,1.338173387111122,-0.0970707051180365,3.973556754792767,-0.0638051627863505,1.3252582503546266
95.0,80.0,130.33045959472656,-0.0396241699008455,2.666779985019191,-4.117460740170239,-3.6804375270602807,-1.9457713634289453,1.3384918294648325,-0.096808058487158,3.973556754792767,-0.4507994319988708,1.3253694357199808
95.0,80.0,130.33079528808594,-0.0396183798207538,2.666779985019191,-4.117031196437543,-3.6810868006916255,-1.9452889737363688,1.3384901093779953,-0.0970836573361784,3.973509232140113,-0.4512285880271068,1.3253694357199808
95.0,80.0,130.3340301513672,-0.0396130264070725,2.666779985019191,-4.117108574819193,-3.6804375270602807,-1.9458036117511075,1.3384918294648325,-0.0970677272014155,3.973556754792767,-0.451020051957581,1.3253694357199808
95.0,80.0,130.39549255371094,-0.0406087765953238,2.666769896842372,-4.116983950468365,-3.70563447316216,-1.929056586206587,1.3384840838573369,-0.097072647459991,3.973508095372701,-0.4499182466606385,1.325251414402471
95.0,80.0,130.39549255371094,-0.0406087765953238,2.666769896842372,-4.116983950468365,-3.70563447316216,-1.929056586206587,1.3384840838573369,-0.097072647459991,3.973508095372701,-0.4499182466606385,1.325251414402471
95.0,80.0,130.3960723876953,-0.0405900942393036,2.666770305233994,-4.116856783681066,-3.70563447316216,-1.929056586206587,1.3384840838573369,-0.0968176518091492,3.973509850446941,-0.4499182466606385,1.325251414402471
95.0,80.0,130.50416564941406,-0.0404980426650253,2.6667793208844253,-4.117058286189382,-3.704662798793335,-1.94520202645359,1.3384838900723968,-0.0968466394253083,3.973556683774484,-0.4434421057536637,1.3254101697928693
95.0,80.0,130.50416564941406,-0.0404980426650253,2.6667793208844253,-4.117058286189382,-3.704662798793335,-1.94520202645359,1.3384838900723968,-0.0968466394253083,3.973556683774484,-0.4434421057536637,1.3254101697928693
95.0,80.0,130.5175323486328,-0.0402052387349514,2.666770303083292,-4.117045822416306,-3.704899368306109,-1.9458008624780576,1.338178800459625,-0.0970557827584022,3.973509872503664,-0.4438471108268667,1.3252134947719878
95.0,80.0,130.5175323486328,-0.0402052387349514,2.666770303083292,-4.117045822416306,-3.704899368306109,-1.9458008624780576,1.338178800459625,-0.0970557827584022,3.973509872503664,-0.4438471108268667,1.3252134947719878
95.0,80.0,130.52362060546875,-0.0401842861163648,2.666770303083292,-4.117045822416306,-3.705165314989762,-1.9458008624780576,1.338483081577411,-0.0970537464541167,3.973509872503664,-0.4438471108268667,1.3252134947719878
95.0,80.0,130.5285186767578,-0.0405186989901013,2.6667790313294657,-4.116068688589556,-3.70563447316216,-1.9452197557502708,1.3384900429878592,-0.0968068133103144,3.97350954051373,-0.4436489231398964,1.325251414402471
95.0,80.0,130.5379180908203,-0.0404980426650253,2.666779926107406,-4.117058286189382,-3.70565350032006,-1.945746476422172,1.3384838900723968,-0.0968466394253083,3.973556683774484,-0.4434421057536637,1.3252610062857229
95.0,80.0,130.5970001220703,-0.0406087765953238,2.6667699046026363,-4.12180763700498,-3.70563447316216,-1.945011116667694,1.338187881806185,-0.097072647459991,3.97350805645985,-0.4499182466606385,1.325251414402471
95.0,80.0,130.72605895996094,-0.0396183798207538,2.666770150029236,-4.117031196437543,-3.6810868006916255,-1.9458094043113705,1.338490039923252,-0.097083641372546,3.973509229158851,-0.4608528950323639,1.3253694357199808
95.0,80.0,130.92312622070312,-0.0398430420986861,2.666770292946343,-4.117222881026156,-3.70563447316216,-1.9298149423674755,1.3384803895891837,-0.0968056841086703,3.973510111675127,-0.4640493867111048,1.3252552033327578
95.0,80.0,130.92672729492188,-0.0398430420986861,2.6667800585366943,-4.122046567562772,-3.70563355198864,-1.945280775547768,1.3385046553960336,-0.0968123762924077,3.969483901102417,-0.4600588012968566,1.3252551638899208
95.0,80.0,130.92918395996094,-0.0393409089678696,2.666770282007929,-4.117109972590844,-3.703922052650427,-1.945818088360984,1.3384900456526432,-0.0967624539498414,3.97350985076696,-0.4599746087064135,1.325251414402471
95.0,80.0,130.93914794921875,-0.0398881248588239,2.666771413774373,-4.116095047944095,-3.704699370535641,-1.945801366743592,1.3384837794825126,-0.0968045319287931,3.97350985076696,-0.4597594425427972,1.325251414717494
95.0,80.0,130.94033813476562,-0.0398681142549063,2.666770590261567,-4.117058286189382,-3.704662798793335,-1.945782512136912,1.3384838900723968,-0.0968455102236642,3.973556994027714,-0.4597677913201809,1.3254101697928693
95.0,80.0,130.9464111328125,-0.0406349593007838,2.666769896842372,-4.116068688589556,-3.70563447316216,-1.929056586206587,1.3384840838573369,-0.0968446304177279,3.973508136286754,-0.4646116992051523,1.325251414402471
95.0,80.0,130.9730224609375,-0.0398887653697307,2.6667703006095955,-4.116067680400479,-3.705633468366692,-1.9458003345617083,1.338490043791282,-0.0968056841086703,3.97350985076696,-0.4599746087064135,1.325251414402471
95.0,80.0,130.97303771972656,-0.0398887705799824,2.666770300706607,-4.116068688589556,-3.70563447316216,-1.9457998404122203,1.3384900429878592,-0.0968056841086703,3.97350985076696,-0.4599746087064135,1.325251414402471
95.0,80.0,130.97305297851562,-0.0398887705799824,2.666770300706607,-4.116068688589556,-3.70563447316216,-1.945800241433593,1.3384900429878592,-0.0968056841086703,3.97350985076696,-0.4599746087064135,1.325251414402471
95.0,80.0,130.97305297851562,-0.0398887705799824,2.666770300706607,-4.116068688589556,-3.70563447316216,-1.945800241433593,1.3384900429878592,-0.0968056841086703,3.97350985076696,-0.4599746087064135,1.325251414402471
95.0,80.0,130.97305297851562,-0.0398887705799824,2.666770300706607,-4.116068688589556,-3.70563447316216,-1.945800241433593,1.3384900429878592,-0.0968056841086703,3.97350985076696,-0.4599746087064135,1.325251414402471
95.0,80.0,130.97305297851562,-0.0398887705799824,2.666770300706607,-4.116068688589556,-3.70563447316216,-1.945800241433593,1.3384900429878592,-0.0968056841086703,3.97350985076696,-0.4599746087064135,1.325251414402471
95.0,80.0,130.97305297851562,-0.0398887705799824,2.666770300706607,-4.116068688589556,-3.70563447316216,-1.945800241433593,1.3384900429878592,-0.0968056841086703,3.97350985076696,-0.4599746087064135,1.325251414402471
95.0,80.0,130.9733428955078,-0.0399089483306955,2.666770300706607,-4.117029200690537,-3.705629058290436,-1.945818590459355,1.3384900429878592,-0.0970815023358171,3.97350985076696,-0.4599746087064135,1.325252606979478
95.0,80.0,130.97401428222656,-0.0398020749020743,2.666770300706607,-4.117029098723898,-3.705635005310519,-1.945811255705746,1.338484226663336,-0.0968458002087502,3.97350985076696,-0.4599746087064135,1.325252606979478
95.0,80.0,130.9740447998047,-0.0398887705799824,2.666770282007929,-4.117109972590844,-3.7056334577295615,-1.945800241433593,1.3384899982021436,-0.0968056841086703,3.97350985076696,-0.4599746087064135,1.325251414402471
95.0,80.0,130.9741668701172,-0.0398887705799824,2.666770300706607,-4.117215488082946,-3.70563447316216,-1.9458002386257929,1.338489998470479,-0.0968056841086703,3.97350985076696,-0.4599746087064135,1.325251414402471
95.0,80.0,130.97421264648438,-0.0398889236346453,2.666770300706607,-4.116068688589556,-3.70563447316216,-1.945800183849336,1.3381538009150276,-0.0968056841086703,3.97350985076696,-0.4599746087064135,1.325251414402471
95.0,80.0,130.9743194580078,-0.0399089483306955,2.666770300706607,-4.117029200690537,-3.705634783443079,-1.945818590459355,1.3384900429878592,-0.09680766785264,3.97350985076696,-0.4599746087064135,1.325252606979478
95.0,80.0,130.9743194580078,-0.0398887653192031,2.666770282007929,-4.117109972590844,-3.705633431139304,-1.945818088360984,1.3384899982021436,-0.0968056841086703,3.97350985076696,-0.4599746087064135,1.325251414402471
95.0,80.0,130.97434997558594,-0.0398894165512886,2.666770282007929,-4.117109972590844,-3.7056345526334815,-1.945818088360984,1.3384899982021436,-0.0968056841086703,3.97350985076696,-0.4599746087064135,1.325251414402471
95.0,80.0,130.97848510742188,-0.0399089483306955,2.666770300706607,-4.119050075503046,-3.70563447316216,-1.945818590459355,1.3384900429878592,-0.096805658669216,3.97350985076696,-0.4599746087064135,1.325251414402471
95.0,80.0,130.9831085205078,-0.0398769430899541,2.666770280835813,-4.116827887529406,-3.705634478861602,-1.9457406685972536,1.3384899845806082,-0.0968511342681366,3.973508136286754,-0.4602491086914718,1.325251414402471
95.0,80.0,131.03445434570312,-0.0402088520956774,2.666780034026452,-4.117031057530717,-3.680556848065432,-1.9458008624780576,1.3384840394643314,-0.0970836065267499,3.938465380267248,-0.4512668580613158,1.3253668480768064
95.0,80.0,131.10670471191406,-0.0399089483306955,2.666771394122815,-4.119050075503046,-3.70467599544515,-1.945818590459355,1.3384837794825126,-0.0970894033533171,3.97350985076696,-0.464275067365526,1.3252529894201697
95.0,80.0,131.1072540283203,-0.0398881248588239,2.666771413774373,-4.119050075503046,-3.70467599544515,-1.945801366743592,1.3384837794825126,-0.0968044815516848,3.97350985076696,-0.464275067365526,1.3252514043879182
95.0,80.0,131.10833740234375,-0.0398234279537384,2.6667713577317187,-4.119049827846582,-3.7047616664159055,-1.9457386962880987,1.3384840838573369,-0.0968024856853606,3.973508136286754,-0.4642718599749582,1.325251414402471
95.0,80.0,131.1180877685547,-0.0399087411578814,2.666770300706607,-4.117029200690537,-3.705629058290436,-1.945818590459355,1.3381538966472062,-0.0970715212055125,3.97350985076696,-0.4640253387193108,1.325252606979478
95.0,80.0,131.12464904785156,-0.0398430420986861,2.6667799685905176,-4.122046567562772,-3.70563447316216,-1.945280775547768,1.338184187538032,-0.097082383921091,3.973510072762276,-0.4640493867111048,1.3252552033327578
95.0,80.0,131.12620544433594,-0.0398433459696348,2.666770300706607,-4.122046567562772,-3.70563447316216,-1.9457694728285824,1.3384762755449342,-0.0968056841086703,3.973510072762276,-0.463926929642586,1.3252552033327578
95.0,80.0,131.13255310058594,-0.0398887705799824,2.6667702927581307,-4.118820049645384,-3.70563447316216,-1.9458200470579723,1.3384899260599097,-0.0968056841086703,3.97350985076696,-0.4642679233559529,1.3252529149651606
95.0,80.0,131.1326446533203,-0.0398430420986861,2.666770300706607,-4.122046567562772,-3.70563447316216,-1.9457694728285824,1.338184187538032,-0.0968056841086703,3.973510072762276,-0.4640493867111048,1.3252552033327578
95.0,80.0,131.1326446533203,-0.0398430420986861,2.666770300706607,-4.122046567562772,-3.70563447316216,-1.9457694728285824,1.338184187538032,-0.0968056841086703,3.973510072762276,-0.4640493867111048,1.3252552033327578
95.0,80.0,131.13311767578125,-0.0398430420986861,2.666770300706607,-4.122256610436897,-3.70563447316216,-1.945803245457484,1.3381847153532875,-0.0970912257862259,3.973510072762276,-0.4640493867111048,1.325253039992655
95.0,80.0,131.13336181640625,-0.0398430420986861,2.6667703007619106,-4.122046567562772,-3.70563447316216,-1.9458169032052728,1.338184187538032,-0.0968056841086703,3.973510072762276,-0.4640493867111048,1.3252552033327578
95.0,81.0,130.33045959472656,-0.0396241699008455,2.666779985019191,-4.117460740170239,-3.6804375270602807,-1.9457713634289453,1.3384918294648325,-0.096808058487158,3.973556754792767,-0.4507994319988708,1.3253694357199808
95.0,81.0,130.33045959472656,-0.0396241699008455,2.666779985019191,-4.117460740170239,-3.6804375270602807,-1.9457713634289453,1.3384918294648325,-0.096808058487158,3.973556754792767,-0.4507994319988708,1.3253694357199808
95.0,81.0,130.33079528808594,-0.0396183798207538,2.666779985019191,-4.117031196437543,-3.6810868006916255,-1.9452889737363688,1.3384901093779953,-0.0970836573361784,3.973509232140113,-0.4512285880271068,1.3253694357199808
95.0,81.0,130.3340301513672,-0.0396130264070725,2.666779985019191,-4.117108574819193,-3.6804375270602807,-1.9458036117511075,1.3384918294648325,-0.0970677272014155,3.973556754792767,-0.451020051957581,1.3253694357199808
95.0,81.0,130.335205078125,-0.0396130264070725,2.666770472146362,-4.117108277025587,-3.6804375270602807,-1.9458036117511075,1.338179200246446,-0.0970554891363259,3.973556754792767,-0.451020051957581,1.3253694357199808
95.0,81.0,130.37037658691406,-0.0406087765953238,2.666769896842372,-4.116983950468365,-3.704671297730728,-1.929056586206587,1.3384840838573369,-0.0968460553959435,3.9735593017981072,-0.4499182466606385,1.325251414402471
95.0,81.0,130.39443969726562,-0.0398678208907555,2.666769896842372,-4.116983950468365,-3.70563447316216,-1.929056586206587,1.3384840838573369,-0.097072647459991,3.973509822882601,-0.4499182466606385,1.325251414402471
95.0,81.0,130.39535522460938,-0.0405221295111094,2.666769896842372,-4.116983950468365,-3.70563447316216,-1.929056586206587,1.3384840838573369,-0.097072647459991,3.973509499361953,-0.4499182466606385,1.325251414402471
95.0,81.0,130.39549255371094,-0.0406087765953238,2.666769896842372,-4.116983950468365,-3.70563447316216,-1.929056586206587,1.3384840838573369,-0.097072647459991,3.973508095372701,-0.4499182466606385,1.325251414402471
95.0,81.0,130.39549255371094,-0.0406087765953238,2.666769896842372,-4.116983950468365,-3.70563447316216,-1.929056586206587,1.3384840838573369,-0.097072647459991,3.973508095372701,-0.4499182466606385,1.325251414402471
95.0,81.0,130.3960723876953,-0.0405900942393036,2.666770305233994,-4.116856783681066,-3.70563447316216,-1.929056586206587,1.3384840838573369,-0.0968176518091492,3.973509850446941,-0.4499182466606385,1.325251414402471
95.0,81.0,130.50416564941406,-0.0404980426650253,2.6667793208844253,-4.117058286189382,-3.704662798793335,-1.94520202645359,1.3384838900723968,-0.0968466394253083,3.973556683774484,-0.4434421057536637,1.3254101697928693
95.0,81.0,130.50416564941406,-0.0404980426650253,2.6667793208844253,-4.117058286189382,-3.704662798793335,-1.94520202645359,1.3384838900723968,-0.0968466394253083,3.973556683774484,-0.4434421057536637,1.3254101697928693
95.0,81.0,130.516357421875,-0.0402052387349514,2.666779815956121,-4.1170461202099125,-3.704899368306109,-1.9458008624780576,1.3384914296780113,-0.0970680208234919,3.973509872503664,-0.4438471108268667,1.3252134947719878
95.0,81.0,130.5175323486328,-0.0402052387349514,2.666770303083292,-4.117045822416306,-3.704899368306109,-1.9458008624780576,1.338178800459625,-0.0970557827584022,3.973509872503664,-0.4438471108268667,1.3252134947719878
95.0,81.0,130.5175323486328,-0.0402052387349514,2.666770303083292,-4.117045822416306,-3.704899368306109,-1.9458008624780576,1.338178800459625,-0.0970557827584022,3.973509872503664,-0.4438471108268667,1.3252134947719878
95.0,81.0,130.5175323486328,-0.0402052387349514,2.666770303083292,-4.117045822416306,-3.704899368306109,-1.9458008624780576,1.338178800459625,-0.0970557827584022,3.973509872503664,-0.4438471108268667,1.3252134947719878
95.0,81.0,130.52362060546875,-0.0401842861163648,2.666770303083292,-4.117045822416306,-3.705165314989762,-1.9458008624780576,1.338483081577411,-0.0970537464541167,3.973509872503664,-0.4438471108268667,1.3252134947719878
95.0,81.0,130.5285186767578,-0.0405186989901013,2.6667790313294657,-4.116068688589556,-3.70563447316216,-1.9452197557502708,1.3384900429878592,-0.0968068133103144,3.97350954051373,-0.4436489231398964,1.325251414402471
95.0,81.0,130.52867126464844,-0.0406053460743157,2.6667790313294657,-4.116068688589556,-3.70563447316216,-1.9452197557502708,1.3384900429878592,-0.0968068133103144,3.973508136524478,-0.4436489231398964,1.325251414402471
95.0,81.0,130.5339813232422,-0.0398806306120968,2.6667793208844253,-4.119129861058165,-3.7056333257613177,-1.94520202645359,1.3384838900723968,-0.0968466394253083,3.973556683774484,-0.4434421057536637,1.3254101697928693
95.0,81.0,130.5369415283203,-0.0398061337600113,2.666770300605895,-4.117045822416306,-3.70561945077138,-1.9458008624780576,1.3381760029854637,-0.097061647220724,3.9735098508156894,-0.4438471108268667,1.3252495159168494
95.0,81.0,130.5374755859375,-0.0404980426650253,2.666779926107406,-4.117058286189382,-3.7056348625438575,-1.945746476422172,1.3384838900723968,-0.0968054501853792,3.973556718472087,-0.4435033163641058,1.3252608069936005
95.0,81.0,130.5379180908203,-0.0404980426650253,2.666779926107406,-4.117058286189382,-3.70565350032006,-1.945746476422172,1.3384838900723968,-0.0968466394253083,3.973556683774484,-0.4434421057536637,1.3252610062857229
95.0,81.0,130.57369995117188,-0.0398881248588239,2.666771413774373,-4.116095047944095,-3.704666904108191,-1.945801366743592,1.3384840965358864,-0.0968109072082959,3.97350985076696,-0.4503027928484663,1.3252514147157757
95.0,81.0,130.58172607421875,-0.0405881786146538,2.6667697162173822,-4.116865851902967,-3.70563447316216,-1.9448168064233355,1.3384838990819268,-0.0968176518091492,3.973557321863399,-0.4499182466606385,1.325251414402471
95.0,81.0,130.5970001220703,-0.0406087765953238,2.6667699046026363,-4.12180763700498,-3.70563447316216,-1.945011116667694,1.338187881806185,-0.097072647459991,3.97350805645985,-0.4499182466606385,1.325251414402471
95.0,81.0,130.5970001220703,-0.0406087765953238,2.6667699046026363,-4.12180763700498,-3.70563447316216,-1.945011116667694,1.338187881806185,-0.097072647459991,3.97350805645985,-0.4499182466606385,1.325251414402471
95.0,81.0,130.72605895996094,-0.0396183798207538,2.666770150029236,-4.117031196437543,-3.6810868006916255,-1.9458094043113705,1.338490039923252,-0.097083641372546,3.973509229158851,-0.4608528950323639,1.3253694357199808
95.0,81.0,130.72605895996094,-0.0396183798207538,2.666770150029236,-4.117031196437543,-3.6810868006916255,-1.9458094043113705,1.338490039923252,-0.097083641372546,3.973509229158851,-0.4608528950323639,1.3253694357199808
95.0,81.0,130.92161560058594,-0.0399111039500266,2.6667711625211883,-4.119050075503046,-3.70563447316216,-1.945818590459355,1.3384895634317944,-0.096805658669216,3.969415715829516,-0.4599746087064135,1.3252515475070437
95.0,81.0,130.92312622070312,-0.0398430420986861,2.666770292946343,-4.117222881026156,-3.70563447316216,-1.9298149423674755,1.3384803895891837,-0.0968056841086703,3.973510111675127,-0.4640493867111048,1.3252552033327578
95.0,81.0,130.92672729492188,-0.0398430420986861,2.6667800585366943,-4.122046567562772,-3.70563355198864,-1.945280775547768,1.3385046553960336,-0.0968123762924077,3.969483901102417,-0.4600588012968566,1.3252551638899208
95.0,81.0,130.92918395996094,-0.0393409089678696,2.666770282007929,-4.117109972590844,-3.703922052650427,-1.945818088360984,1.3384900456526432,-0.0967624539498414,3.97350985076696,-0.4599746087064135,1.325251414402471
95.0,81.0,130.92918395996094,-0.0393409089678696,2.666770282007929,-4.117109972590844,-3.703922052650427,-1.945818088360984,1.3384900456526432,-0.0967624539498414,3.97350985076696,-0.4599746087064135,1.325251414402471
95.0,81.0,130.93914794921875,-0.0398881248588239,2.666771413774373,-4.116095047944095,-3.704699370535641,-1.945801366743592,1.3384837794825126,-0.0968045319287931,3.97350985076696,-0.4597594425427972,1.325251414717494
95.0,81.0,130.94033813476562,-0.0398681142549063,2.666770590261567,-4.117058286189382,-3.704662798793335,-1.945782512136912,1.3384838900723968,-0.0968455102236642,3.973556994027714,-0.4597677913201809,1.3254101697928693
95.0,81.0,130.9464111328125,-0.0406349593007838,2.666769896842372,-4.116068688589556,-3.70563447316216,-1.929056586206587,1.3384840838573369,-0.0968446304177279,3.973508136286754,-0.4646116992051523,1.325251414402471
95.0,81.0,130.94883728027344,-0.040526360383624,2.666770300706607,-4.116978500634262,-3.7046639461941777,-1.945818590459355,1.3384900429878592,-0.096805658669216,3.97350985076696,-0.4599746087064135,1.325251414402471
95.0,81.0,130.96607971191406,-0.0397979662389126,2.666770599243,-4.1170268902913305,-3.705627486503375,-1.945782512136912,1.3384842280545328,-0.0968455070664766,3.973508158688279,-0.4597677913201809,1.3254101697928693
95.0,81.0,130.9730224609375,-0.0398887653697307,2.6667703006095955,-4.116067680400479,-3.705633468366692,-1.9458003345617083,1.338490043791282,-0.0968056841086703,3.97350985076696,-0.4599746087064135,1.325251414402471
95.0,81.0,130.9730224609375,-0.0398887653697307,2.6667703006095955,-4.116067765892352,-3.705633503745988,-1.9458002417642364,1.3384900437417102,-0.0968056841086703,3.97350985076696,-0.4599746087064135,1.325251414402471
95.0,81.0,130.97303771972656,-0.0398887705799824,2.666770300706607,-4.116068688589556,-3.70563447316216,-1.9457998404122203,1.3384900429878592,-0.0968056841086703,3.97350985076696,-0.4599746087064135,1.325251414402471
95.0,81.0,130.97305297851562,-0.0398887705799824,2.666770300706607,-4.116068688589556,-3.70563447316216,-1.945800241433593,1.3384900429878592,-0.0968056841086703,3.97350985076696,-0.4599746087064135,1.325251414402471
95.0,81.0,130.97305297851562,-0.0398887705799824,2.666770300706607,-4.116068688589556,-3.70563447316216,-1.945800241433593,1.3384900429878592,-0.0968056841086703,3.97350985076696,-0.4599746087064135,1.325251414402471
95.0,81.0,130.97305297851562,-0.0398887705799824,2.666770300706607,-4.116068688589556,-3.70563447316216,-1.945800241433593,1.3384900429878592,-0.0968056841086703,3.97350985076696,-0.4599746087064135,1.325251414402471
95.0,81.0,130.97305297851562,-0.0398887705799824,2.666770300706607,-4.116068688589556,-3.70563447316216,-1.945800241433593,1.3384900429878592,-0.0968056841086703,3.97350985076696,-0.4599746087064135,1.325251414402471
95.0,81.0,130.97305297851562,-0.0398887705799824,2.666770300706607,-4.116068688589556,-3.70563447316216,-1.945800241433593,1.3384900429878592,-0.0968056841086703,3.97350985076696,-0.4599746087064135,1.325251414402471
95.0,81.0,130.9733428955078,-0.0399089483306955,2.666770300706607,-4.117029200690537,-3.705629058290436,-1.945818590459355,1.3384900429878592,-0.0970815023358171,3.97350985076696,-0.4599746087064135,1.325252606979478
95.0,81.0,130.97401428222656,-0.0398020749020743,2.666770300706607,-4.117029098723898,-3.705635005310519,-1.945811255705746,1.338484226663336,-0.0968458002087502,3.97350985076696,-0.4599746087064135,1.325252606979478
95.0,82.0,130.1249237060547,-0.0405221295111094,2.666770133035566,-4.116983950468365,-3.681132904578425,-1.9291397864079165,1.3384901026720408,-0.097072647459991,3.973509499361953,-0.450370599188267,1.325369490157424
95.0,82.0,130.26173400878906,-0.0401745780170282,2.6667799764962656,-4.1170461202099125,-3.6831171786065577,-1.9458008624780576,1.3384918286513112,-0.0970677208809477,3.973509872503664,-0.4438471108268667,1.3252065370785062
95.0,82.0,130.31443786621094,-0.0396130264070725,2.6667704827057266,-4.117108277025587,-3.680405824357503,-1.9458036117511075,1.338179200246446,-0.0970554891363259,3.973556754792767,-0.4498441843144156,1.3253694357199808
95.0,82.0,130.33045959472656,-0.0396241699008455,2.666779985019191,-4.117460740170239,-3.6804375270602807,-1.9457713634289453,1.3384918294648325,-0.096808058487158,3.973556754792767,-0.4507994319988708,1.3253694357199808
95.0,82.0,130.33045959472656,-0.0396241699008455,2.666779985019191,-4.117460740170239,-3.6804375270602807,-1.9457713634289453,1.3384918294648325,-0.096808058487158,3.973556754792767,-0.4507994319988708,1.3253694357199808
95.0,82.0,130.33079528808594,-0.0396183798207538,2.666779985019191,-4.117031196437543,-3.6810868006916255,-1.9452889737363688,1.3384901093779953,-0.0970836573361784,3.973509232140113,-0.4512285880271068,1.3253694357199808
95.0,82.0,130.3328857421875,-0.0406080097898808,2.666779985019191,-4.117460740170239,-3.6804375270602807,-1.945943632292756,1.3384918294648325,-0.0970753386813744,3.973556754792767,-0.4507994319988708,1.3252516515038164
95.0,82.0,130.3340301513672,-0.0396130264070725,2.666779985019191,-4.117108574819193,-3.6804375270602807,-1.9458036117511075,1.3384918294648325,-0.0970677272014155,3.973556754792767,-0.451020051957581,1.3253694357199808
95.0,82.0,130.335205078125,-0.0396130264070725,2.666770472146362,-4.117108277025587,-3.6804375270602807,-1.9458036117511075,1.338179200246446,-0.0970554891363259,3.973556754792767,-0.451020051957581,1.3253694357199808
95.0,82.0,130.33677673339844,-0.0396183798207538,2.666779985019191,-4.117031196437543,-3.6810868006916255,-1.9457466357003808,1.3384836928519317,-0.0970836573361784,3.973509232140113,-0.4512285880271068,1.3252556417370396
95.0,82.0,130.33787536621094,-0.0396183798207538,2.666770315297632,-4.116978525164141,-3.681038930128678,-1.945779137988801,1.3384901093779953,-0.0970836573361784,3.973509842738216,-0.4512285880271068,1.3253699706264277
95.0,82.0,130.37037658691406,-0.0406087765953238,2.666769896842372,-4.116983950468365,-3.704671297730728,-1.929056586206587,1.3384840838573369,-0.0968460553959435,3.9735593017981072,-0.4499182466606385,1.325251414402471
95.0,82.0,130.37037658691406,-0.0406087765953238,2.666769896842372,-4.116983950468365,-3.704671297730728,-1.929056586206587,1.3384840838573369,-0.0968460553959435,3.9735593017981072,-0.4499182466606385,1.325251414402471
95.0,82.0,130.39443969726562,-0.0398678208907555,2.666769896842372,-4.116983950468365,-3.70563447316216,-1.929056586206587,1.3384840838573369,-0.097072647459991,3.973509822882601,-0.4499182466606385,1.325251414402471
95.0,82.0,130.39535522460938,-0.0405221295111094,2.666769896842372,-4.116983950468365,-3.70563447316216,-1.929056586206587,1.3384840838573369,-0.097072647459991,3.973509499361953,-0.4499182466606385,1.325251414402471
95.0,82.0,130.39549255371094,-0.0406087765953238,2.666769896842372,-4.116983950468365,-3.70563447316216,-1.929056586206587,1.3384840838573369,-0.097072647459991,3.973508095372701,-0.4499182466606385,1.325251414402471
95.0,82.0,130.39549255371094,-0.0406087765953238,2.666769896842372,-4.116983950468365,-3.70563447316216,-1.929056586206587,1.3384840838573369,-0.097072647459991,3.973508095372701,-0.4499182466606385,1.325251414402471
95.0,82.0,130.3960723876953,-0.0405900942393036,2.666770305233994,-4.116856783681066,-3.70563447316216,-1.929056586206587,1.3384840838573369,-0.0968176518091492,3.973509850446941,-0.4499182466606385,1.325251414402471
95.0,82.0,130.4072265625,-0.0398851881630221,2.666769896842372,-4.1218312457124,-3.70563447316216,-1.929056586206587,1.3384588246375793,-0.097072647459991,3.97350809223148,-0.4499182466606385,1.325251414402471
95.0,82.0,130.41627502441406,-0.0398678208907555,2.666769886283008,-4.116983950468365,-3.705666175864938,-1.929056586206587,1.3384840838573369,-0.097072647459991,3.973509822882601,-0.4510941143038038,1.325251414402471
95.0,82.0,130.47732543945312,-0.0401765296783047,2.666770303083292,-4.117045822416306,-3.7032971989208727,-1.9458008624780576,1.338483081577411,-0.0970537464541167,3.973556737793948,-0.4438471108268667,1.3252248123484462
95.0,82.0,130.50416564941406,-0.0404980426650253,2.6667793208844253,-4.117058286189382,-3.704662798793335,-1.94520202645359,1.3384838900723968,-0.0968466394253083,3.973556683774484,-0.4434421057536637,1.3254101697928693
95.0,82.0,130.50416564941406,-0.0404980426650253,2.6667793208844253,-4.117058286189382,-3.704662798793335,-1.94520202645359,1.3384838900723968,-0.0968466394253083,3.973556683774484,-0.4434421057536637,1.3254101697928693
95.0,82.0,130.50425720214844,-0.0404980426650253,2.6667793208844253,-4.117058286189382,-3.704662798793335,-1.94520202645359,1.338491479465196,-0.0968068008577484,3.973556683774484,-0.4434421057536637,1.3254101697928693
95.0,82.0,130.516357421875,-0.0402052387349514,2.666779815956121,-4.1170461202099125,-3.704899368306109,-1.9458008624780576,1.3384914296780113,-0.0970680208234919,3.973509872503664,-0.4438471108268667,1.3252134947719878
95.0,82.0,130.5175323486328,-0.0402052387349514,2.666770303083292,-4.117045822416306,-3.704899368306109,-1.9458008624780576,1.338178800459625,-0.0970557827584022,3.973509872503664,-0.4438471108268667,1.3252134947719878
95.0,82.0,130.5175323486328,-0.0402052387349514,2.666770303083292,-4.117045822416306,-3.704899368306109,-1.9458008624780576,1.338178800459625,-0.0970557827584022,3.973509872503664,-0.4438471108268667,1.3252134947719878
95.0,82.0,130.5175323486328,-0.0402052387349514,2.666770303083292,-4.117045822416306,-3.704899368306109,-1.9458008624780576,1.338178800459625,-0.0970557827584022,3.973509872503664,-0.4438471108268667,1.3252134947719878
95.0,82.0,130.5175323486328,-0.0402052387349514,2.666770303083292,-4.117045822416306,-3.704899368306109,-1.9458008624780576,1.338178800459625,-0.0970557827584022,3.973509872503664,-0.4438471108268667,1.3252134947719878
95.0,82.0,130.5175323486328,-0.0402052387349514,2.666770303083292,-4.117045822416306,-3.704899368306109,-1.9458008624780576,1.338178800459625,-0.0970557827584022,3.973509872503664,-0.4438471108268667,1.3252134947719878
95.0,82.0,130.5175323486328,-0.0402052387349514,2.666770303083292,-4.117045822416306,-3.704899368306109,-1.9458008624780576,1.338178800459625,-0.0970557827584022,3.973509872503664,-0.4438471108268667,1.3252134947719878
95.0,82.0,130.52362060546875,-0.0401842861163648,2.666770303083292,-4.117045822416306,-3.705165314989762,-1.9458008624780576,1.338483081577411,-0.0970537464541167,3.973509872503664,-0.4438471108268667,1.3252134947719878
95.0,82.0,130.52818298339844,-0.0405186989901013,2.6667702071607384,-4.116068688589556,-3.705619280380094,-1.9452197557502708,1.3384900429878592,-0.0968068133103144,3.973509525323732,-0.4436348112025813,1.325251414402471
95.0,82.0,130.5285186767578,-0.0405186989901013,2.6667790313294657,-4.116068688589556,-3.70563447316216,-1.9452197557502708,1.3384900429878592,-0.0968068133103144,3.97350954051373,-0.4436489231398964,1.325251414402471
95.0,82.0,130.52867126464844,-0.0406053460743157,2.6667790313294657,-4.116068688589556,-3.70563447316216,-1.9452197557502708,1.3384900429878592,-0.0968068133103144,3.973508136524478,-0.4436489231398964,1.325251414402471
95.0,82.0,130.52867126464844,-0.0406053460743157,2.6667790313294657,-4.116068688589556,-3.70563447316216,-1.9452197557502708,1.3384900429878592,-0.0968068133103144,3.973508136524478,-0.4436489231398964,1.325251414402471
95.0,82.0,130.5339813232422,-0.0398806306120968,2.6667793208844253,-4.119129861058165,-3.7056333257613177,-1.94520202645359,1.3384838900723968,-0.0968466394253083,3.973556683774484,-0.4434421057536637,1.3254101697928693
95.0,82.0,130.5369415283203,-0.0398061337600113,2.666770300605895,-4.117045822416306,-3.70561945077138,-1.9458008624780576,1.3381760029854637,-0.097061647220724,3.9735098508156894,-0.4438471108268667,1.3252495159168494
95.0,82.0,130.53697204589844,-0.0398061337600113,2.666770300605895,-4.117045822416306,-3.70561945077138,-1.9457998961164704,1.3381785718033958,-0.0970487476333357,3.9735101259847,-0.4438471108268667,1.3252495159168494
95.0,82.0,130.5374755859375,-0.0404980426650253,2.666779926107406,-4.117058286189382,-3.7056348625438575,-1.945746476422172,1.3384838900723968,-0.0968054501853792,3.973556718472087,-0.4435033163641058,1.3252608069936005
95.0,82.0,130.5379180908203,-0.0404980426650253,2.666779926107406,-4.117058286189382,-3.70565350032006,-1.945746476422172,1.3384838900723968,-0.0968466394253083,3.973556683774484,-0.4434421057536637,1.3252610062857229
95.0,82.0,130.53883361816406,-0.0404980426650253,2.666779935873836,-4.117058286189382,-3.70565350032006,-1.945746476422172,1.3384838900723968,-0.0968466394253083,3.973556683774484,-0.4434421057536637,1.325408104805894
95.0,82.0,130.57369995117188,-0.0398881248588239,2.666771413774373,-4.116095047944095,-3.704666904108191,-1.945801366743592,1.3384840965358864,-0.0968109072082959,3.97350985076696,-0.4503027928484663,1.3252514147157757
95.0,82.0,130.5816192626953,-0.0405881786146538,2.6667697162173822,-4.11686378421469,-3.70563447316216,-1.9447390961597564,1.3384838990507966,-0.0968161857062213,3.973557321863399,-0.4499182466606385,1.3253943133274435
95.0,82.0,130.58172607421875,-0.0405881786146538,2.6667697162173822,-4.116865851902967,-3.70563447316216,-1.9448168064233355,1.3384838990819268,-0.0968176518091492,3.973557321863399,-0.4499182466606385,1.325251414402471
95.0,82.0,130.58177185058594,-0.0405881786146538,2.666770166565734,-4.116865964157266,-3.70563447316216,-1.9448168064233355,1.338489975300068,-0.0967968988047481,3.973557321863399,-0.4499182466606385,1.325251414402471
95.0,82.0,130.5970001220703,-0.0406087765953238,2.6667699046026363,-4.12180763700498,-3.70563447316216,-1.945011116667694,1.338187881806185,-0.097072647459991,3.97350805645985,-0.4499182466606385,1.325251414402471
95.0,82.0,130.5970001220703,-0.0406087765953238,2.6667699046026363,-4.12180763700498,-3.70563447316216,-1.945011116667694,1.338187881806185,-0.097072647459991,3.97350805645985,-0.4499182466606385,1.325251414402471
95.0,82.0,130.60110473632812,-0.0406099901231663,2.6667699046026363,-4.12180763700498,-3.70563447316216,-1.9453143904169,1.338187881806185,-0.097072647459991,3.9735080578198847,-0.4499182466606385,1.325251414402471
95.0,82.0,130.61090087890625,-0.0406087765953238,2.6667700671765284,-4.117425228701827,-3.70563447316216,-1.9458629585138187,1.3384843569804732,-0.0970738264994292,3.973508112520012,-0.4507773102441375,1.325251414402471
95.0,83.0,130.11083984375,-0.0396183798207538,2.666779985019191,-4.117031196437543,-3.6810868006916255,-1.9279217369555783,1.3384836928519317,-0.0970836573361784,3.9735032363975615,-0.4499152358614759,1.3252557024023506
95.0,83.0,130.1249237060547,-0.0405221295111094,2.666770133035566,-4.116983950468365,-3.681132904578425,-1.9291397864079165,1.3384901026720408,-0.097072647459991,3.973509499361953,-0.450370599188267,1.325369490157424
95.0,83.0,130.25038146972656,-0.0396323127976224,2.6667799838870585,-4.117031196437543,-3.6810868006916255,-1.9452889737363688,1.338489925018436,-0.0970836573361784,3.9735561131422577,-0.4440075480481892,1.3253694357199808
95.0,83.0,130.2583465576172,-0.0401842861163648,2.666770303083292,-4.116987546097629,-3.681678226513154,-1.9458008624780576,1.338491867319049,-0.0970537464541167,3.9735583601911992,-0.4438471108268667,1.3252134947719878
95.0,83.0,130.26173400878906,-0.0401745780170282,2.6667799764962656,-4.1170461202099125,-3.6831171786065577,-1.9458008624780576,1.3384918286513112,-0.0970677208809477,3.973509872503664,-0.4438471108268667,1.3252065370785062
95.0,83.0,130.31443786621094,-0.0396130264070725,2.6667704827057266,-4.117108277025587,-3.680405824357503,-1.9458036117511075,1.338179200246446,-0.0970554891363259,3.973556754792767,-0.4498441843144156,1.3253694357199808
95.0,83.0,130.31443786621094,-0.0396130264070725,2.666770298652509,-4.117108277025587,-3.680405824357503,-1.9458036117511075,1.338179200246446,-0.0970555599536239,3.973556454866756,-0.4498441843144156,1.3253694357199808
95.0,83.0,130.33010864257812,-0.0396241699008455,2.6667799848637426,-4.117044508509196,-3.680466749497732,-1.9457713634289453,1.3384918294496315,-0.096808058487158,3.973556754792767,-0.4507994319988708,1.3253670032219047
95.0,83.0,130.33045959472656,-0.0396241699008455,2.666779985019191,-4.117460740170239,-3.6804375270602807,-1.9457713634289453,1.3384918294648325,-0.096808058487158,3.973556754792767,-0.4507994319988708,1.3253694357199808
95.0,83.0,130.33045959472656,-0.0396241699008455,2.666779985019191,-4.117460740170239,-3.6804375270602807,-1.9457713634289453,1.3384918294648325,-0.096808058487158,3.973556754792767,-0.4507994319988708,1.3253694357199808
95.0,83.0,130.33079528808594,-0.0396183798207538,2.666779985019191,-4.117031196437543,-3.6810868006916255,-1.9452889737363688,1.3384901093779953,-0.0970836573361784,3.973509232140113,-0.4512285880271068,1.3253694357199808
95.0,83.0,130.3309326171875,-0.0404449392122073,2.666780008891778,-4.117031196437543,-3.679383013024157,-1.9452889737363688,1.3384901093779953,-0.0970836573361784,3.973509232140113,-0.4512285880271068,1.325369721596449
95.0,83.0,130.3328857421875,-0.0406080097898808,2.666779985019191,-4.117460740170239,-3.6804375270602807,-1.945943632292756,1.3384918294648325,-0.0970753386813744,3.973556754792767,-0.4507994319988708,1.3252516515038164
95.0,83.0,130.3340301513672,-0.0396130264070725,2.666779985019191,-4.117108574819193,-3.6804375270602807,-1.9458036117511075,1.3384918294648325,-0.0970677272014155,3.973556754792767,-0.451020051957581,1.3253694357199808
95.0,83.0,130.335205078125,-0.0396130264070725,2.666770472146362,-4.117108277025587,-3.6804375270602807,-1.9458036117511075,1.338179200246446,-0.0970554891363259,3.973556754792767,-0.451020051957581,1.3253694357199808
95.0,83.0,130.33677673339844,-0.0396183798207538,2.666779985019191,-4.117031196437543,-3.6810868006916255,-1.9457466357003808,1.3384836928519317,-0.0970836573361784,3.973509232140113,-0.4512285880271068,1.3252556417370396
95.0,83.0,130.33787536621094,-0.0396183798207538,2.666770315297632,-4.116978525164141,-3.681038930128678,-1.945779137988801,1.3384901093779953,-0.0970836573361784,3.973509842738216,-0.4512285880271068,1.3253699706264277
95.0,83.0,130.33798217773438,-0.0398741349521443,2.6667809000194214,-4.116983950468365,-3.705666175864938,-1.929056586206587,1.3384840838573369,-0.097072647459991,3.973509871249705,-0.4436320338566283,1.325251414402471
95.0,83.0,130.37037658691406,-0.0406087765953238,2.666769896842372,-4.116983950468365,-3.704671297730728,-1.929056586206587,1.3384840838573369,-0.0968460553959435,3.9735593017981072,-0.4499182466606385,1.325251414402471
95.0,83.0,130.37037658691406,-0.0406087765953238,2.666769896842372,-4.116983950468365,-3.704671297730728,-1.929056586206587,1.3384840838573369,-0.0968460553959435,3.9735593017981072,-0.4499182466606385,1.325251414402471
95.0,83.0,130.39443969726562,-0.0398678208907555,2.666769896842372,-4.116983950468365,-3.70563447316216,-1.929056586206587,1.3384840838573369,-0.097072647459991,3.973509822882601,-0.4499182466606385,1.325251414402471
95.0,83.0,130.39535522460938,-0.0405221295111094,2.666769896842372,-4.116983950468365,-3.70563447316216,-1.929056586206587,1.3384840838573369,-0.097072647459991,3.973509499361953,-0.4499182466606385,1.325251414402471
95.0,83.0,130.39549255371094,-0.0406087765953238,2.666769896842372,-4.116983950468365,-3.70563447316216,-1.929056586206587,1.3384840838573369,-0.097072647459991,3.973508095372701,-0.4499182466606385,1.325251414402471
95.0,83.0,130.39549255371094,-0.0406087765953238,2.666769896842372,-4.116983950468365,-3.70563447316216,-1.929056586206587,1.3384840838573369,-0.097072647459991,3.973508095372701,-0.4499182466606385,1.325251414402471
95.0,83.0,130.3955078125,-0.0406087765953238,2.666769896842372,-4.116983950468365,-3.7056348533472825,-1.929056586206587,1.3384838995125528,-0.097072647459991,3.973509052360946,-0.4499182466606385,1.325251414402471
95.0,83.0,130.3960723876953,-0.0405900942393036,2.666770305233994,-4.116856783681066,-3.70563447316216,-1.929056586206587,1.3384840838573369,-0.0968176518091492,3.973509850446941,-0.4499182466606385,1.325251414402471
95.0,83.0,130.4072265625,-0.0398851881630221,2.666769896842372,-4.1218312457124,-3.70563447316216,-1.929056586206587,1.3384588246375793,-0.097072647459991,3.97350809223148,-0.4499182466606385,1.325251414402471
95.0,83.0,130.41036987304688,-0.0398678208907555,2.666768956831564,-4.117461753200713,-3.705637163509188,-1.929056586206587,1.3384840838573369,-0.097072647459991,3.973510202529505,-0.4507999315114779,1.325251414402471
95.0,83.0,130.41627502441406,-0.0398678208907555,2.666769886283008,-4.116983950468365,-3.705666175864938,-1.929056586206587,1.3384840838573369,-0.097072647459991,3.973509822882601,-0.4510941143038038,1.325251414402471
95.0,83.0,130.47732543945312,-0.0401765296783047,2.666770303083292,-4.117045822416306,-3.7032971989208727,-1.9458008624780576,1.338483081577411,-0.0970537464541167,3.973556737793948,-0.4438471108268667,1.3252248123484462
95.0,83.0,130.50416564941406,-0.0404980426650253,2.6667793208844253,-4.117058286189382,-3.704662798793335,-1.94520202645359,1.3384838900723968,-0.0968466394253083,3.973556683774484,-0.4434421057536637,1.3254101697928693
95.0,83.0,130.50416564941406,-0.0404980426650253,2.6667793208844253,-4.117058286189382,-3.704662798793335,-1.94520202645359,1.3384838900723968,-0.0968466394253083,3.973556683774484,-0.4434421057536637,1.3254101697928693
95.0,83.0,130.50425720214844,-0.0404980426650253,2.6667793208844253,-4.117058286189382,-3.704662798793335,-1.94520202645359,1.338491479465196,-0.0968068008577484,3.973556683774484,-0.4434421057536637,1.3254101697928693
95.0,83.0,130.51580810546875,-0.0402052387349514,2.666770497921448,-4.117046145185751,-3.704899368306109,-1.9458008624780576,1.3427403947151593,-0.0970679091559734,3.973509872503664,-0.4438471108268667,1.3252134947719878
95.0,83.0,130.516357421875,-0.0402052387349514,2.666779815956121,-4.1170461202099125,-3.704899368306109,-1.9458008624780576,1.3384914296780113,-0.0970680208234919,3.973509872503664,-0.4438471108268667,1.3252134947719878
95.0,83.0,130.5174560546875,-0.0402052387349514,2.666779621117965,-4.117045797440468,-3.704899368306109,-1.9458008624780576,1.338178800459625,-0.0970558944259207,3.973509872503664,-0.4438471108268667,1.3252134947719878
95.0,83.0,130.5175323486328,-0.0402052387349514,2.666770303083292,-4.117045822416306,-3.704899368306109,-1.9458008624780576,1.338178800459625,-0.0970557827584022,3.973509872503664,-0.4438471108268667,1.3252134947719878
95.0,83.0,130.5175323486328,-0.0402052387349514,2.666770303083292,-4.117045822416306,-3.704899368306109,-1.9458008624780576,1.338178800459625,-0.0970557827584022,3.973509872503664,-0.4438471108268667,1.3252134947719878
95.0,83.0,130.5175323486328,-0.0402052387349514,2.666770303083292,-4.117045822416306,-3.704899368306109,-1.9458008624780576,1.338178800459625,-0.0970557827584022,3.973509872503664,-0.4438471108268667,1.3252134947719878
95.0,83.0,130.5175323486328,-0.0402052387349514,2.666770303083292,-4.117045822416306,-3.704899368306109,-1.9458008624780576,1.338178800459625,-0.0970557827584022,3.973509872503664,-0.4438471108268667,1.3252134947719878
95.0,83.0,130.5175323486328,-0.0402052387349514,2.666770303083292,-4.117045822416306,-3.704899368306109,-1.9458008624780576,1.338178800459625,-0.0970557827584022,3.973509872503664,-0.4438471108268667,1.3252134947719878
95.0,83.0,130.5175323486328,-0.0402052387349514,2.666770303083292,-4.117045822416306,-3.704899368306109,-1.9458008624780576,1.338178800459625,-0.0970557827584022,3.973509872503664,-0.4438471108268667,1.3252134947719878
95.0,83.0,130.52362060546875,-0.0401842861163648,2.666770303083292,-4.117045822416306,-3.705165314989762,-1.9458008624780576,1.338483081577411,-0.0970537464541167,3.973509872503664,-0.4438471108268667,1.3252134947719878
95.0,83.0,130.52818298339844,-0.0405186989901013,2.6667702071607384,-4.116068688589556,-3.705619280380094,-1.9452197557502708,1.3384900429878592,-0.0968068133103144,3.973509525323732,-0.4436348112025813,1.325251414402471
95.0,83.0,130.5285186767578,-0.0405186989901013,2.6667790313294657,-4.116068688589556,-3.70563447316216,-1.9452197557502708,1.3384900429878592,-0.0968068133103144,3.97350954051373,-0.4436489231398964,1.325251414402471
95.0,83.0,130.52867126464844,-0.0406053460743157,2.6667790313294657,-4.116068688589556,-3.70563447316216,-1.9452197557502708,1.3384900429878592,-0.0968068133103144,3.973508136524478,-0.4436489231398964,1.325251414402471
95.0,83.0,130.52867126464844,-0.0406053460743157,2.6667790313294657,-4.116068688589556,-3.70563447316216,-1.9452197557502708,1.3384900429878592,-0.0968068133103144,3.973508136524478,-0.4436489231398964,1.325251414402471
95.0,83.0,130.5339813232422,-0.0398806306120968,2.6667793208844253,-4.119129861058165,-3.7056333257613177,-1.94520202645359,1.3384838900723968,-0.0968466394253083,3.973556683774484,-0.4434421057536637,1.3254101697928693
95.0,83.0,130.53421020507812,-0.0398806306120968,2.6667792951461764,-4.119129861058165,-3.7056333257613177,-1.94520202645359,1.3384841377533452,-0.0968466394253083,3.973551716037479,-0.443210854411881,1.3254101697928693
95.0,83.0,130.5367889404297,-0.039822491486972,2.666770300605895,-4.117045822416306,-3.70561945077138,-1.9458008624780576,1.338178740514036,-0.0970562991890261,3.9735098508156894,-0.4438471108268667,1.3252158524865152
95.0,84.0,130.05813598632812,-0.0396183798207538,2.666779949830793,-4.119010688166618,-3.680543529635607,-1.9279217369555783,1.3384838910296506,-0.0970840263896268,3.9735022126259865,-0.4437496685312171,1.3254242165297176
95.0,84.0,130.11083984375,-0.0396183798207538,2.666779985019191,-4.117031196437543,-3.6810868006916255,-1.9279217369555783,1.3384836928519317,-0.0970836573361784,3.9735032363975615,-0.4499152358614759,1.3252557024023506
95.0,84.0,130.1249237060547,-0.0405221295111094,2.666770133035566,-4.116983950468365,-3.681132904578425,-1.9291397864079165,1.3384901026720408,-0.097072647459991,3.973509499361953,-0.450370599188267,1.325369490157424
95.0,84.0,130.25038146972656,-0.0396323127976224,2.6667799838870585,-4.117031196437543,-3.6810868006916255,-1.9452889737363688,1.338489925018436,-0.0970836573361784,3.9735561131422577,-0.4440075480481892,1.3253694357199808
95.0,84.0,130.25827026367188,-0.0396119028570471,2.666770469313376,-4.11704461657243,-3.680405824357503,-1.9458036117511075,1.338179200246446,-0.0970554891363259,3.973556754792767,-0.4436529981586934,1.3253613005121685
95.0,84.0,130.2583465576172,-0.0401842861163648,2.666770303083292,-4.116987546097629,-3.681678226513154,-1.9458008624780576,1.338491867319049,-0.0970537464541167,3.9735583601911992,-0.4438471108268667,1.3252134947719878
95.0,84.0,130.26173400878906,-0.0401745780170282,2.6667799764962656,-4.1170461202099125,-3.6831171786065577,-1.9458008624780576,1.3384918286513112,-0.0970677208809477,3.973509872503664,-0.4438471108268667,1.3252065370785062
95.0,84.0,130.31443786621094,-0.0396130264070725,2.6667704827057266,-4.117108277025587,-3.680405824357503,-1.9458036117511075,1.338179200246446,-0.0970554891363259,3.973556754792767,-0.4498441843144156,1.3253694357199808
95.0,84.0,130.31443786621094,-0.0396130264070725,2.666770298652509,-4.117108277025587,-3.680405824357503,-1.9458036117511075,1.338179200246446,-0.0970555599536239,3.973556454866756,-0.4498441843144156,1.3253694357199808
95.0,84.0,130.32582092285156,-0.0405404032477716,2.666770131453532,-4.117122780149266,-3.681115116289896,-1.9458036117511075,1.338177437197354,-0.0970555599536239,3.973510390319997,-0.4504219891208209,1.3253694367257334
95.0,84.0,130.33010864257812,-0.0396241699008455,2.6667799848637426,-4.117044508509196,-3.680466749497732,-1.9457713634289453,1.3384918294496315,-0.096808058487158,3.973556754792767,-0.4507994319988708,1.3253670032219047
95.0,84.0,130.3301239013672,-0.0396241699008455,2.6667799847803075,-4.1170318165197335,-3.680509540203952,-1.9457713634289453,1.3384918294496315,-0.096808058487158,3.973556754792767,-0.4507994319988708,1.3253670032219047
95.0,84.0,130.33045959472656,-0.0396241699008455,2.666779985019191,-4.117460740170239,-3.6804375270602807,-1.9457713634289453,1.3384918294648325,-0.096808058487158,3.973556754792767,-0.4507994319988708,1.3253694357199808
95.0,84.0,130.33045959472656,-0.0396241699008455,2.666779985019191,-4.117460740170239,-3.6804375270602807,-1.9457713634289453,1.3384918294648325,-0.096808058487158,3.973556754792767,-0.4507994319988708,1.3253694357199808
95.0,84.0,130.33045959472656,-0.0396241699008455,2.666779985019191,-4.117460740170239,-3.6804375270602807,-1.9457713634289453,1.3384918294648325,-0.096808058487158,3.973556754792767,-0.4507994319988708,1.3253694357199808
95.0,84.0,130.33045959472656,-0.0396241699008455,2.666779985019191,-4.117460740170239,-3.6804375270602807,-1.945771262515738,1.3384918294648325,-0.096808058487158,3.973556754792767,-0.4507994319988708,1.3253694357199808
95.0,84.0,130.33079528808594,-0.0396183798207538,2.666779985019191,-4.117031196437543,-3.6810868006916255,-1.9452889737363688,1.3384901093779953,-0.0970836573361784,3.973509232140113,-0.4512285880271068,1.3253694357199808
95.0,84.0,130.3309326171875,-0.0404449392122073,2.666780008891778,-4.117031196437543,-3.679383013024157,-1.9452889737363688,1.3384901093779953,-0.0970836573361784,3.973509232140113,-0.4512285880271068,1.325369721596449
95.0,84.0,130.3328857421875,-0.0406080097898808,2.666779985019191,-4.117460740170239,-3.6804375270602807,-1.945943632292756,1.3384918294648325,-0.0970753386813744,3.973556754792767,-0.4507994319988708,1.3252516515038164
95.0,84.0,130.3332977294922,-0.0396130264070725,2.666780335070024,-4.117108277025587,-3.6804375270602807,-1.9457485908499272,1.338475534588207,-0.0970554891363259,3.973558364744585,-0.451020051957581,1.325370383030164
95.0,84.0,130.3340301513672,-0.0396130264070725,2.666779985019191,-4.117108574819193,-3.6804375270602807,-1.9458036117511075,1.3384918294648325,-0.0970677272014155,3.973556754792767,-0.451020051957581,1.3253694357199808
95.0,84.0,130.335205078125,-0.0396130264070725,2.666770472146362,-4.117108277025587,-3.6804375270602807,-1.9458036117511075,1.338179200246446,-0.0970554891363259,3.973556754792767,-0.451020051957581,1.3253694357199808
95.0,84.0,130.33677673339844,-0.0396183798207538,2.666779985019191,-4.117031196437543,-3.6810868006916255,-1.9457466357003808,1.3384836928519317,-0.0970836573361784,3.973509232140113,-0.4512285880271068,1.3252556417370396
95.0,84.0,130.33787536621094,-0.0396183798207538,2.666770315297632,-4.116978525164141,-3.681038930128678,-1.945779137988801,1.3384901093779953,-0.0970836573361784,3.973509842738216,-0.4512285880271068,1.3253699706264277
95.0,84.0,130.33798217773438,-0.0398741349521443,2.6667809000194214,-4.116983950468365,-3.705666175864938,-1.929056586206587,1.3384840838573369,-0.097072647459991,3.973509871249705,-0.4436320338566283,1.325251414402471
95.0,84.0,130.33815002441406,-0.039587561391133,2.666770315297632,-4.116978525164141,-3.681033691188856,-1.945779137988801,1.338491896048195,-0.0970836573361784,3.973557864364716,-0.4512285880271068,1.3253699706264277
95.0,84.0,130.33853149414062,-0.0398679901714674,2.666768956831564,-4.117486817134995,-3.705665206044993,-1.929056586206587,1.3384840838573369,-0.097072647459991,3.97351019388592,-0.4438807843339644,1.325251414402471
95.0,84.0,130.3386688232422,-0.0396183798207538,2.6667701220955293,-4.117031196437543,-3.6810868006916255,-1.945801656601562,1.338187358510171,-0.0970836573361784,3.9735076221882943,-0.4512285880271068,1.3252546944268562
95.0,84.0,130.37037658691406,-0.0406087765953238,2.666769896842372,-4.116983950468365,-3.704671297730728,-1.929056586206587,1.3384840838573369,-0.0968460553959435,3.9735593017981072,-0.4499182466606385,1.325251414402471
95.0,84.0,130.37037658691406,-0.0406087765953238,2.666769896842372,-4.116983950468365,-3.704671297730728,-1.929056586206587,1.3384840838573369,-0.0968460553959435,3.9735593017981072,-0.4499182466606385,1.325251414402471
95.0,84.0,130.37037658691406,-0.0406087765953238,2.666769896842372,-4.116983950468365,-3.704671297730728,-1.929056586206587,1.3384840838573369,-0.0968460553959435,3.9735593017981072,-0.4499182466606385,1.325251414402471
95.0,84.0,130.37037658691406,-0.0406087765953238,2.666769896842372,-4.116983950468365,-3.704671297730728,-1.929056586206587,1.3384840838573369,-0.0968460553959435,3.9735593017981072,-0.4499182466606385,1.325251414402471
95.0,84.0,130.3941650390625,-0.0398678208907555,2.666769896842372,-4.117045591564529,-3.705621946081496,-1.929056586206587,1.3384840838573369,-0.0970732683180317,3.9735098232937545,-0.4499182466606385,1.325251414402471
95.0,84.0,130.39443969726562,-0.0398678208907555,2.666769896842372,-4.116983950468365,-3.70563447316216,-1.929056586206587,1.3384840838573369,-0.097072647459991,3.973509822882601,-0.4499182466606385,1.325251414402471
95.0,84.0,130.39535522460938,-0.0405221295111094,2.666769896842372,-4.116983950468365,-3.70563447316216,-1.929056586206587,1.3384840838573369,-0.097072647459991,3.973509499361953,-0.4499182466606385,1.325251414402471
95.0,84.0,130.39549255371094,-0.0406087765953238,2.666769896842372,-4.116983950468365,-3.70563447316216,-1.929056586206587,1.3384840838573369,-0.097072647459991,3.973508095372701,-0.4499182466606385,1.325251414402471
95.0,84.0,130.39549255371094,-0.0406087765953238,2.666769896842372,-4.116983950468365,-3.70563447316216,-1.929056586206587,1.3384840838573369,-0.097072647459991,3.973508095372701,-0.4499182466606385,1.325251414402471
95.0,84.0,130.3955078125,-0.0406087765953238,2.666769896842372,-4.116983950468365,-3.7056348533472825,-1.929056586206587,1.3384838995125528,-0.097072647459991,3.973509052360946,-0.4499182466606385,1.325251414402471
95.0,84.0,130.3960723876953,-0.0405900942393036,2.666770305233994,-4.116856783681066,-3.70563447316216,-1.929056586206587,1.3384840838573369,-0.0968176518091492,3.973509850446941,-0.4499182466606385,1.325251414402471
95.0,84.0,130.4072265625,-0.0398851881630221,2.666769896842372,-4.1218312457124,-3.70563447316216,-1.929056586206587,1.3384588246375793,-0.097072647459991,3.97350809223148,-0.4499182466606385,1.325251414402471
95.0,84.0,130.41036987304688,-0.0398678208907555,2.666768956831564,-4.117461753200713,-3.705637163509188,-1.929056586206587,1.3384840838573369,-0.097072647459991,3.973510202529505,-0.4507999315114779,1.325251414402471
95.0,84.0,130.41627502441406,-0.0398678208907555,2.666769886283008,-4.116983950468365,-3.705666175864938,-1.929056586206587,1.3384840838573369,-0.097072647459991,3.973509822882601,-0.4510941143038038,1.325251414402471
95.0,84.0,130.47732543945312,-0.0401765296783047,2.666770303083292,-4.117045822416306,-3.7032971989208727,-1.9458008624780576,1.338483081577411,-0.0970537464541167,3.973556737793948,-0.4438471108268667,1.3252248123484462
95.0,84.0,130.50416564941406,-0.0404980426650253,2.6667793208844253,-4.117058286189382,-3.704662798793335,-1.94520202645359,1.3384838900723968,-0.0968466394253083,3.973556683774484,-0.4434421057536637,1.3254101697928693
95.0,84.0,130.50416564941406,-0.0404980426650253,2.6667793208844253,-4.117058286189382,-3.704662798793335,-1.94520202645359,1.3384838900723968,-0.0968466394253083,3.973556683774484,-0.4434421057536637,1.3254101697928693
95.0,84.0,130.50425720214844,-0.0404980426650253,2.6667793208844253,-4.117058286189382,-3.704662798793335,-1.94520202645359,1.338491479465196,-0.0968068008577484,3.973556683774484,-0.4434421057536637,1.3254101697928693
95.0,84.0,130.51580810546875,-0.0402052387349514,2.666770497921448,-4.117046145185751,-3.704899368306109,-1.9458008624780576,1.3427403947151593,-0.0970679091559734,3.973509872503664,-0.4438471108268667,1.3252134947719878
95.0,84.0,130.516357421875,-0.0402052387349514,2.666779815956121,-4.1170461202099125,-3.704899368306109,-1.9458008624780576,1.3384914296780113,-0.0970680208234919,3.973509872503664,-0.4438471108268667,1.3252134947719878
95.0,84.0,130.51670837402344,-0.0402052387349514,2.6667707645821745,-4.1170455926232,-3.704899368306109,-1.945798161165445,1.3383545825685623,-0.0970838282372461,3.973509256264834,-0.4438471108268667,1.3252128918961308
95.0,84.0,130.5174560546875,-0.0402052387349514,2.666779621117965,-4.117045797440468,-3.704899368306109,-1.9458008624780576,1.338178800459625,-0.0970558944259207,3.973509872503664,-0.4438471108268667,1.3252134947719878
95.0,85.0,130.05813598632812,-0.0396183798207538,2.666779949830793,-4.119010688166618,-3.680543529635607,-1.9279217369555783,1.3384838910296506,-0.0970840263896268,3.9735022126259865,-0.4437496685312171,1.3254242165297176
95.0,85.0,130.05816650390625,-0.0396166759693786,2.666780038068648,-4.119010688166618,-3.680543529635607,-1.9279217369555783,1.3384838910296506,-0.0970843369449136,3.9735082025959128,-0.4437496685312171,1.3254242165297176
95.0,85.0,130.11083984375,-0.0396183798207538,2.666779985019191,-4.117031196437543,-3.6810868006916255,-1.9279217369555783,1.3384836928519317,-0.0970836573361784,3.9735032363975615,-0.4499152358614759,1.3252557024023506
95.0,85.0,130.11083984375,-0.0396183798207538,2.666779985019191,-4.117031196437543,-3.6810868006916255,-1.9279217369555783,1.3384836928519317,-0.0970836573361784,3.9735032363975615,-0.4499152358614759,1.3252557024023506
95.0,85.0,130.11099243164062,-0.0396183798207538,2.666770438300808,-4.117031196437543,-3.6810868006916255,-1.9279217369555783,1.3384836928519317,-0.0970836573361784,3.9735032363975615,-0.4499190915398405,1.325256373706477
95.0,85.0,130.11541748046875,-0.03961825493669,2.66678047864455,-4.116995779899223,-3.680547353466842,-1.929056586206587,1.3384840838573369,-0.0968076852443259,3.973559255093232,-0.4499182466606385,1.325251414402471
95.0,85.0,130.1217803955078,-0.0405404032477716,2.666770131951748,-4.116989433951338,-3.681115116289896,-1.9274479062931669,1.338177437197354,-0.0970724847247909,3.973510390319997,-0.4504219891208209,1.3253694367257334
95.0,85.0,130.1249237060547,-0.0405221295111094,2.666770133035566,-4.116983950468365,-3.681132904578425,-1.9291397864079165,1.3384901026720408,-0.097072647459991,3.973509499361953,-0.450370599188267,1.325369490157424
95.0,85.0,130.125,-0.0405221295111094,2.6667698997082425,-4.116983950468365,-3.681132904578425,-1.9291397864079165,1.338460904665466,-0.097072647459991,3.973509499361953,-0.450370599188267,1.325369490157424
95.0,85.0,130.2491455078125,-0.0395962668005917,2.666779815956121,-4.1170461202099125,-3.681472361466199,-1.945247808504556,1.3384914296780113,-0.0970684825713553,3.973509867997502,-0.4438471108268667,1.3252134947719878
95.0,85.0,130.25038146972656,-0.0396323127976224,2.6667799838870585,-4.117031196437543,-3.6810868006916255,-1.9452889737363688,1.338489925018436,-0.0970836573361784,3.9735561131422577,-0.4440075480481892,1.3253694357199808
95.0,85.0,130.25804138183594,-0.0398784089217592,2.666779985019191,-4.117459262831249,-3.6804375270602807,-1.9457713634289453,1.3384837138840364,-0.096808058487158,3.9735568428466856,-0.4439125324531787,1.3253694357199808
95.0,85.0,130.2581787109375,-0.0396119028570471,2.666770469313376,-4.1170310817973546,-3.680405824357503,-1.9458036117511075,1.3381871850396028,-0.0970554476371905,3.973556754792767,-0.4436529981586934,1.3253547823267957
95.0,85.0,130.25819396972656,-0.0396120704273277,2.666770308441207,-4.11704461657243,-3.681024502721077,-1.9457786695580552,1.338179200246446,-0.0970554891363259,3.973510287371662,-0.4436529981586934,1.3253612233822745
95.0,85.0,130.25827026367188,-0.0396119028570471,2.666770469313376,-4.11704461657243,-3.680405824357503,-1.9458036117511075,1.338179200246446,-0.0970554891363259,3.973556754792767,-0.4436529981586934,1.3253613005121685
95.0,85.0,130.25827026367188,-0.0401842861163648,2.666779849801675,-4.116987546097629,-3.681678226513154,-1.9458008624780576,1.338491867319049,-0.0970537464541167,3.9735583601911992,-0.4438432551485021,1.3252128234678613
95.0,85.0,130.2583465576172,-0.0401842861163648,2.666770303083292,-4.116987546097629,-3.681678226513154,-1.9458008624780576,1.338491867319049,-0.0970537464541167,3.9735583601911992,-0.4438471108268667,1.3252134947719878
95.0,85.0,130.26173400878906,-0.0401745780170282,2.6667799764962656,-4.1170461202099125,-3.6831171786065577,-1.9458008624780576,1.3384918286513112,-0.0970677208809477,3.973509872503664,-0.4438471108268667,1.3252065370785062
95.0,85.0,130.31443786621094,-0.0396130264070725,2.6667704827057266,-4.117108277025587,-3.680405824357503,-1.9458036117511075,1.338179200246446,-0.0970554891363259,3.973556754792767,-0.4498441843144156,1.3253694357199808
95.0,85.0,130.31443786621094,-0.0396130264070725,2.666770298652509,-4.117108277025587,-3.680405824357503,-1.9458036117511075,1.338179200246446,-0.0970555599536239,3.973556454866756,-0.4498441843144156,1.3253694357199808
95.0,85.0,130.31443786621094,-0.0396130264070725,2.666770298652509,-4.117108277025587,-3.680405824357503,-1.9458036117511075,1.338179200246446,-0.0970555599536239,3.973556454866756,-0.4498441843144156,1.3253694357199808
95.0,85.0,130.31834411621094,-0.0396322924451961,2.6667707568778605,-4.117108277025587,-3.681093056190442,-1.9457975208231448,1.338179200246446,-0.0970554891363259,3.973556754792767,-0.4500437711058135,1.3253694357199808
95.0,85.0,130.32400512695312,-0.0396130586620508,2.666770131453532,-4.117122773145879,-3.680417922334658,-1.9458036117511075,1.338177437197354,-0.0970551523018613,3.973512079037198,-0.4504219891208209,1.3253694368222722
95.0,85.0,130.32582092285156,-0.0405404032477716,2.666770131453532,-4.117122780149266,-3.681115116289896,-1.9458036117511075,1.338177437197354,-0.0970555599536239,3.973510390319997,-0.4504219891208209,1.3253694367257334
95.0,85.0,130.33010864257812,-0.0396241699008455,2.6667799848637426,-4.117044508509196,-3.680466749497732,-1.9457713634289453,1.3384918294496315,-0.096808058487158,3.973556754792767,-0.4507994319988708,1.3253670032219047
95.0,85.0,130.33010864257812,-0.0396241699008455,2.6667799848637426,-4.117044508509196,-3.680466749497732,-1.9457713634289453,1.3384918294496315,-0.096808058487158,3.973556754792767,-0.4507994319988708,1.3253670032219047
95.0,85.0,130.3301239013672,-0.0396241699008455,2.6667799847803075,-4.1170318165197335,-3.680509540203952,-1.9457713634289453,1.3384918294496315,-0.096808058487158,3.973556754792767,-0.4507994319988708,1.3253670032219047
95.0,85.0,130.33045959472656,-0.0396241699008455,2.666779985019191,-4.117460740170239,-3.6804375270602807,-1.9457713634289453,1.3384918294648325,-0.096808058487158,3.973556754792767,-0.4507994319988708,1.3253694357199808
95.0,85.0,130.33045959472656,-0.0396241699008455,2.666779985019191,-4.117460740170239,-3.6804375270602807,-1.9457713634289453,1.3384918294648325,-0.096808058487158,3.973556754792767,-0.4507994319988708,1.3253694357199808
95.0,85.0,130.33045959472656,-0.0396241699008455,2.666779985019191,-4.117460740170239,-3.6804375270602807,-1.9457713634289453,1.3384918294648325,-0.096808058487158,3.973556754792767,-0.4507994319988708,1.3253694357199808
95.0,85.0,130.33045959472656,-0.0396241699008455,2.666779985019191,-4.117460740170239,-3.6804375270602807,-1.945771262515738,1.3384918294648325,-0.096808058487158,3.973556754792767,-0.4507994319988708,1.3253694357199808
95.0,85.0,130.3304901123047,-0.0396125872890758,2.666780346452216,-4.117454200713294,-3.6804375270602807,-1.9457713634289453,1.3384761445570146,-0.096808058487158,3.973558415655292,-0.4507994319988708,1.3253695163856
95.0,85.0,130.33079528808594,-0.0396183798207538,2.666779985019191,-4.117031196437543,-3.6810868006916255,-1.9452889737363688,1.3384901093779953,-0.0970836573361784,3.973509232140113,-0.4512285880271068,1.3253694357199808
95.0,85.0,130.3309326171875,-0.0404449392122073,2.666780008891778,-4.117031196437543,-3.679383013024157,-1.9452889737363688,1.3384901093779953,-0.0970836573361784,3.973509232140113,-0.4512285880271068,1.325369721596449
95.0,85.0,130.3328857421875,-0.0406080097898808,2.666779985019191,-4.117460740170239,-3.6804375270602807,-1.945943632292756,1.3384918294648325,-0.0970753386813744,3.973556754792767,-0.4507994319988708,1.3252516515038164
95.0,85.0,130.3332977294922,-0.0396130264070725,2.666780335070024,-4.117108277025587,-3.6804375270602807,-1.9457485908499272,1.338475534588207,-0.0970554891363259,3.973558364744585,-0.451020051957581,1.325370383030164
95.0,85.0,130.3340301513672,-0.0396130264070725,2.666779985019191,-4.117108574819193,-3.6804375270602807,-1.9458036117511075,1.3384918294648325,-0.0970677272014155,3.973556754792767,-0.451020051957581,1.3253694357199808
95.0,85.0,130.335205078125,-0.0396130264070725,2.666770472146362,-4.117108277025587,-3.6804375270602807,-1.9458036117511075,1.338179200246446,-0.0970554891363259,3.973556754792767,-0.451020051957581,1.3253694357199808
95.0,85.0,130.335205078125,-0.0396130264070725,2.666770472146362,-4.117108277025587,-3.6804375270602807,-1.9458036117511075,1.338179200246446,-0.0970554891363259,3.973556754792767,-0.451020051957581,1.3253694357199808
95.0,85.0,130.33677673339844,-0.0396183798207538,2.666779985019191,-4.117031196437543,-3.6810868006916255,-1.9457466357003808,1.3384836928519317,-0.0970836573361784,3.973509232140113,-0.4512285880271068,1.3252556417370396
95.0,85.0,130.33787536621094,-0.0396183798207538,2.666770315297632,-4.116978525164141,-3.681038930128678,-1.945779137988801,1.3384901093779953,-0.0970836573361784,3.973509842738216,-0.4512285880271068,1.3253699706264277
95.0,85.0,130.33798217773438,-0.0398741349521443,2.6667809000194214,-4.116983950468365,-3.705666175864938,-1.929056586206587,1.3384840838573369,-0.097072647459991,3.973509871249705,-0.4436320338566283,1.325251414402471
95.0,85.0,130.33815002441406,-0.039587561391133,2.666770315297632,-4.116978525164141,-3.681033691188856,-1.945779137988801,1.338491896048195,-0.0970836573361784,3.973557864364716,-0.4512285880271068,1.3253699706264277
95.0,85.0,130.33853149414062,-0.0398679901714674,2.666768956831564,-4.117486817134995,-3.705665206044993,-1.929056586206587,1.3384840838573369,-0.097072647459991,3.97351019388592,-0.4438807843339644,1.325251414402471
95.0,85.0,130.3386688232422,-0.0396183798207538,2.6667701220955293,-4.117031196437543,-3.6810868006916255,-1.945801656601562,1.338187358510171,-0.0970836573361784,3.9735076221882943,-0.4512285880271068,1.3252546944268562
95.0,85.0,130.37037658691406,-0.0406087765953238,2.666769896842372,-4.116983950468365,-3.704671297730728,-1.929056586206587,1.3384840838573369,-0.0968460553959435,3.9735593017981072,-0.4499182466606385,1.325251414402471
95.0,85.0,130.37037658691406,-0.0406087765953238,2.666769896842372,-4.116983950468365,-3.704671297730728,-1.929056586206587,1.3384840838573369,-0.0968460553959435,3.9735593017981072,-0.4499182466606385,1.325251414402471
95.0,85.0,130.37037658691406,-0.0406087765953238,2.666769896842372,-4.116983950468365,-3.704671297730728,-1.929056586206587,1.3384840838573369,-0.0968460553959435,3.9735593017981072,-0.4499182466606385,1.325251414402471
95.0,85.0,130.37037658691406,-0.0406087765953238,2.666769896842372,-4.116983950468365,-3.704671297730728,-1.929056586206587,1.3384840838573369,-0.0968460553959435,3.9735593017981072,-0.4499182466606385,1.325251414402471
95.0,85.0,130.3708038330078,-0.0406087765953238,2.666769896842372,-4.117453018288299,-3.704671297730728,-1.929056586206587,1.338483911519323,-0.0968460553959435,3.9735593017981072,-0.4499182466606385,1.3252539188817638
95.0,86.0,130.05421447753906,-0.0398795198845177,2.666779949830793,-4.1174351860380485,-3.680543529635607,-1.9279217369555783,1.3384838910296506,-0.0970840263896268,3.9735022126259865,-0.4437496685312171,1.3253666916412867
95.0,86.0,130.05813598632812,-0.0396183798207538,2.666779949830793,-4.119010688166618,-3.680543529635607,-1.9279217369555783,1.3384838910296506,-0.0970840263896268,3.9735022126259865,-0.4437496685312171,1.3254242165297176
95.0,86.0,130.05816650390625,-0.0396166759693786,2.666780038068648,-4.119010688166618,-3.680543529635607,-1.9279217369555783,1.3384838910296506,-0.0970843369449136,3.9735082025959128,-0.4437496685312171,1.3254242165297176
95.0,86.0,130.11083984375,-0.0396183798207538,2.666779985019191,-4.117031196437543,-3.6810868006916255,-1.9279217369555783,1.3384836928519317,-0.0970836573361784,3.9735032363975615,-0.4499152358614759,1.3252557024023506
95.0,86.0,130.11083984375,-0.0396183798207538,2.666779985019191,-4.117031196437543,-3.6810868006916255,-1.9279217369555783,1.3384836928519317,-0.0970836573361784,3.9735032363975615,-0.4499152358614759,1.3252557024023506
95.0,86.0,130.11083984375,-0.0396183798207538,2.666779985019191,-4.117031196437543,-3.6810868006916255,-1.9279217369555783,1.3384836928519317,-0.0970836573361784,3.9735032363975615,-0.4499152358614759,1.3252557024023506
95.0,86.0,130.11099243164062,-0.0396183798207538,2.666770438300808,-4.117031196437543,-3.6810868006916255,-1.9279217369555783,1.3384836928519317,-0.0970836573361784,3.9735032363975615,-0.4499190915398405,1.325256373706477
95.0,86.0,130.1121063232422,-0.0396192143756052,2.6667704698811474,-4.117108529603969,-3.6810868006916255,-1.9279217369555783,1.3381747001561135,-0.0970845449342364,3.9735032363975615,-0.4499184551717726,1.3252552583968602
95.0,86.0,130.11541748046875,-0.03961825493669,2.66678047864455,-4.116995779899223,-3.680547353466842,-1.929056586206587,1.3384840838573369,-0.0968076852443259,3.973559255093232,-0.4499182466606385,1.325251414402471
95.0,86.0,130.1217803955078,-0.0405404032477716,2.666770131951748,-4.116989433951338,-3.681115116289896,-1.9274479062931669,1.338177437197354,-0.0970724847247909,3.973510390319997,-0.4504219891208209,1.3253694367257334
95.0,86.0,130.12484741210938,-0.0405221295111094,2.666779799364873,-4.116982981014246,-3.681118988172801,-1.9291397864079165,1.3384901026720408,-0.0970687125957026,3.9735098736430783,-0.450370599188267,1.325369490157424
95.0,86.0,130.1249237060547,-0.0405221295111094,2.666770133035566,-4.116983950468365,-3.681132904578425,-1.9291397864079165,1.3384901026720408,-0.097072647459991,3.973509499361953,-0.450370599188267,1.325369490157424
95.0,86.0,130.125,-0.0405221295111094,2.6667698997082425,-4.116983950468365,-3.681132904578425,-1.9291397864079165,1.338460904665466,-0.097072647459991,3.973509499361953,-0.450370599188267,1.325369490157424
95.0,86.0,130.2491455078125,-0.0395962668005917,2.666779815956121,-4.1170461202099125,-3.681472361466199,-1.945247808504556,1.3384914296780113,-0.0970684825713553,3.973509867997502,-0.4438471108268667,1.3252134947719878
95.0,86.0,130.25038146972656,-0.0396323127976224,2.6667799838870585,-4.117031196437543,-3.6810868006916255,-1.9452889737363688,1.338489925018436,-0.0970836573361784,3.9735561131422577,-0.4440075480481892,1.3253694357199808
95.0,86.0,130.25804138183594,-0.0398784089217592,2.666779985019191,-4.117459262831249,-3.6804375270602807,-1.9457713634289453,1.3384837138840364,-0.096808058487158,3.9735568428466856,-0.4439125324531787,1.3253694357199808
95.0,86.0,130.2581787109375,-0.0396119028570471,2.666770469313376,-4.1170310817973546,-3.680405824357503,-1.9458036117511075,1.3381871850396028,-0.0970554476371905,3.973556754792767,-0.4436529981586934,1.3253547823267957
95.0,86.0,130.25819396972656,-0.0396120704273277,2.666770308441207,-4.11704461657243,-3.681024502721077,-1.9457786695580552,1.338179200246446,-0.0970554891363259,3.973510287371662,-0.4436529981586934,1.3253612233822745
95.0,86.0,130.25827026367188,-0.0396119028570471,2.666770469313376,-4.11704461657243,-3.680405824357503,-1.9458036117511075,1.338179200246446,-0.0970554891363259,3.973556754792767,-0.4436529981586934,1.3253613005121685
95.0,86.0,130.25827026367188,-0.0401842861163648,2.666779849801675,-4.116987546097629,-3.681678226513154,-1.9458008624780576,1.338491867319049,-0.0970537464541167,3.9735583601911992,-0.4438432551485021,1.3252128234678613
95.0,86.0,130.25827026367188,-0.0396119033750343,2.666770469313376,-4.1170310817973546,-3.68041105819564,-1.9458036117511075,1.3381872015073148,-0.0970554476371905,3.9735629199852536,-0.4436529981586934,1.325360724034384
95.0,86.0,130.2583465576172,-0.0401842861163648,2.666770303083292,-4.116987546097629,-3.681678226513154,-1.9458008624780576,1.338491867319049,-0.0970537464541167,3.9735583601911992,-0.4438471108268667,1.3252134947719878
95.0,86.0,130.26173400878906,-0.0401745780170282,2.6667799764962656,-4.1170461202099125,-3.6831171786065577,-1.9458008624780576,1.3384918286513112,-0.0970677208809477,3.973509872503664,-0.4438471108268667,1.3252065370785062
95.0,86.0,130.26174926757812,-0.0401838649547591,2.6667799764962656,-4.1170461202099125,-3.6831171786065577,-1.9458008624780576,1.3384918675155164,-0.0970677535276803,3.973509872503664,-0.4438471108268667,1.3252065370785062
95.0,86.0,130.31320190429688,-0.0396121918522211,2.6667798137905527,-4.117030943859162,-3.680405824357503,-1.9458036117511075,1.338488192942264,-0.0970546723555659,3.973556454866756,-0.4498409650041189,1.325369879725471
95.0,86.0,130.31362915039062,-0.0396130264070725,2.6667801158595106,-4.117108547714904,-3.6804375270602807,-1.9458036117511075,1.3384885616182527,-0.0970678757129894,3.973556754792767,-0.4498647131550298,1.3253694357199808
95.0,86.0,130.31443786621094,-0.0396130264070725,2.6667704827057266,-4.117108277025587,-3.680405824357503,-1.9458036117511075,1.338179200246446,-0.0970554891363259,3.973556754792767,-0.4498441843144156,1.3253694357199808
95.0,86.0,130.31443786621094,-0.0396130264070725,2.666770298652509,-4.117108277025587,-3.680405824357503,-1.9458036117511075,1.338179200246446,-0.0970555599536239,3.973556454866756,-0.4498441843144156,1.3253694357199808
95.0,86.0,130.31443786621094,-0.0396130264070725,2.666770298652509,-4.117108277025587,-3.680405824357503,-1.9458036117511075,1.338179200246446,-0.0970555599536239,3.973556454866756,-0.4498441843144156,1.3253694357199808
95.0,86.0,130.31472778320312,-0.0396130264070725,2.666770142742217,-4.117108847509839,-3.680405824357503,-1.9458036117511075,1.338179200246446,-0.0970554945317093,3.973510409644649,-0.449878921079086,1.3253694357199808
95.0,86.0,130.3170623779297,-0.0396130264070725,2.666770438129177,-4.117030317406529,-3.680405824357503,-1.9460075285528684,1.3384953864746725,-0.0970555599536239,3.9735558285611168,-0.4499198834861183,1.325257800902075
95.0,86.0,130.31834411621094,-0.0396322924451961,2.6667707568778605,-4.117108277025587,-3.681093056190442,-1.9457975208231448,1.338179200246446,-0.0970554891363259,3.973556754792767,-0.4500437711058135,1.3253694357199808
95.0,86.0,130.32400512695312,-0.0396130586620508,2.666770131453532,-4.117122773145879,-3.680417922334658,-1.9458036117511075,1.338177437197354,-0.0970551523018613,3.973512079037198,-0.4504219891208209,1.3253694368222722
95.0,86.0,130.32582092285156,-0.0405404032477716,2.666770131453532,-4.117122780149266,-3.681115116289896,-1.9458036117511075,1.338177437197354,-0.0970555599536239,3.973510390319997,-0.4504219891208209,1.3253694367257334
95.0,86.0,130.32827758789062,-0.0396183435095195,2.666779985019191,-4.117032208245339,-3.6810868006916255,-1.9452889737363688,1.33818587425314,-0.0970840450327025,3.973553888469855,-0.4510308798303463,1.3253694357199808
95.0,86.0,130.32962036132812,-0.0396124009246347,2.666780346452216,-4.117454200713294,-3.6804375270602807,-1.9457713634289453,1.338477039121462,-0.096808058487158,3.973558415655292,-0.4507994319988708,1.3252203343603672
95.0,86.0,130.33010864257812,-0.0396241699008455,2.6667799848637426,-4.117044508509196,-3.680466749497732,-1.9457713634289453,1.3384918294496315,-0.096808058487158,3.973556754792767,-0.4507994319988708,1.3253670032219047
95.0,86.0,130.33010864257812,-0.0396241699008455,2.6667799848637426,-4.117044508509196,-3.680466749497732,-1.9457713634289453,1.3384918294496315,-0.096808058487158,3.973556754792767,-0.4507994319988708,1.3253670032219047
95.0,86.0,130.3301239013672,-0.0396241699008455,2.6667799847803075,-4.1170318165197335,-3.680509540203952,-1.9457713634289453,1.3384918294496315,-0.096808058487158,3.973556754792767,-0.4507994319988708,1.3253670032219047
95.0,86.0,130.33045959472656,-0.0396241699008455,2.666779985019191,-4.117460740170239,-3.6804375270602807,-1.9457713634289453,1.3384918294648325,-0.096808058487158,3.973556754792767,-0.4507994319988708,1.3253694357199808
95.0,86.0,130.33045959472656,-0.0396241699008455,2.666779985019191,-4.117460740170239,-3.6804375270602807,-1.9457713634289453,1.3384918294648325,-0.096808058487158,3.973556754792767,-0.4507994319988708,1.3253694357199808
95.0,86.0,130.33045959472656,-0.0396241699008455,2.666779985019191,-4.117460740170239,-3.6804375270602807,-1.9457713634289453,1.3384918294648325,-0.096808058487158,3.973556754792767,-0.4507994319988708,1.3253694357199808
95.0,86.0,130.33045959472656,-0.0396241699008455,2.666779985019191,-4.117460740170239,-3.6804375270602807,-1.945771262515738,1.3384918294648325,-0.096808058487158,3.973556754792767,-0.4507994319988708,1.3253694357199808
95.0,86.0,130.33045959472656,-0.0396241699008455,2.666779985019191,-4.117460740170239,-3.6804375270602807,-1.9457713634289453,1.3384918294648325,-0.096808058487158,3.973556754792767,-0.4507994319988708,1.3253694357199808
95.0,86.0,130.3304901123047,-0.0396125872890758,2.666780346452216,-4.117454200713294,-3.6804375270602807,-1.9457713634289453,1.3384761445570146,-0.096808058487158,3.973558415655292,-0.4507994319988708,1.3253695163856
95.0,86.0,130.33079528808594,-0.0396183798207538,2.666779985019191,-4.117031196437543,-3.6810868006916255,-1.9452889737363688,1.3384901093779953,-0.0970836573361784,3.973509232140113,-0.4512285880271068,1.3253694357199808
95.0,86.0,130.3309326171875,-0.0404449392122073,2.666780008891778,-4.117031196437543,-3.679383013024157,-1.9452889737363688,1.3384901093779953,-0.0970836573361784,3.973509232140113,-0.4512285880271068,1.325369721596449
95.0,86.0,130.3309326171875,-0.0396241699008455,2.6667799848637426,-4.117044610862299,-3.680468429025295,-1.945802229310018,1.3381727117972917,-0.0970630823188715,3.973556754792767,-0.4507994319988708,1.3253670032219047
95.0,86.0,130.3328857421875,-0.0406080097898808,2.666779985019191,-4.117460740170239,-3.6804375270602807,-1.945943632292756,1.3384918294648325,-0.0970753386813744,3.973556754792767,-0.4507994319988708,1.3252516515038164
95.0,86.0,130.3332977294922,-0.0396130264070725,2.666780335070024,-4.117108277025587,-3.6804375270602807,-1.9457485908499272,1.338475534588207,-0.0970554891363259,3.973558364744585,-0.451020051957581,1.325370383030164
95.0,87.0,130.05397033691406,-0.0398795198845177,2.666779949830793,-4.117024738217954,-3.680554507781629,-1.9279217369555783,1.3384838944198878,-0.0970840280003018,3.9735009735694526,-0.4440047025787446,1.3253666916412867
95.0,87.0,130.05416870117188,-0.0396166369985759,2.666780038222821,-4.117109777813117,-3.6805449531729297,-1.9279217369555783,1.3384838903042595,-0.0970836548303319,3.9735032363975615,-0.4438752546211109,1.3254236000533497
95.0,87.0,130.05421447753906,-0.0398795198845177,2.666779949830793,-4.1174351860380485,-3.680543529635607,-1.9279217369555783,1.3384838910296506,-0.0970840263896268,3.9735022126259865,-0.4437496685312171,1.3253666916412867
95.0,87.0,130.05813598632812,-0.0396183798207538,2.666779949830793,-4.119010688166618,-3.680543529635607,-1.9279217369555783,1.3384838910296506,-0.0970840263896268,3.9735022126259865,-0.4437496685312171,1.3254242165297176
95.0,87.0,130.05816650390625,-0.0396166759693786,2.666780038068648,-4.119010688166618,-3.680543529635607,-1.9279217369555783,1.3384838910296506,-0.0970843369449136,3.9735082025959128,-0.4437496685312171,1.3254242165297176
95.0,87.0,130.05816650390625,-0.0396166759693786,2.666780038068648,-4.119010688166618,-3.680543529635607,-1.9279217369555783,1.3384838910296506,-0.0970843369449136,3.9735082025959128,-0.4437496685312171,1.3254242165297176
95.0,87.0,130.0581817626953,-0.0396183174478414,2.666770623681117,-4.119001856347231,-3.680543529635607,-1.9279217369555783,1.3384838910296506,-0.0970840263896268,3.9735022126259865,-0.4437497935532403,1.3254242165297176
95.0,87.0,130.05999755859375,-0.0405221295111094,2.666779799364873,-4.116981062912613,-3.681118988172801,-1.9291397864079165,1.3384901026720408,-0.0970687125957026,3.9735098736430783,-0.4440125360271731,1.3253694922177277
95.0,87.0,130.10546875,-0.0396192063339964,2.666779949830793,-4.119005443346186,-3.680565483271286,-1.9279217369555783,1.3384838910296506,-0.0970840263896268,3.9735022126259865,-0.4492819781987945,1.3254242165297176
95.0,87.0,130.1094970703125,-0.0396183798207538,2.666779985019191,-4.117031196437543,-3.681134993365359,-1.9271029242421016,1.3384836928519317,-0.0970836573361784,3.9735033439714136,-0.4499152358614759,1.3252557024023506
95.0,87.0,130.11083984375,-0.0396183798207538,2.666779985019191,-4.117031196437543,-3.6810868006916255,-1.9279217369555783,1.3384836928519317,-0.0970836573361784,3.9735032363975615,-0.4499152358614759,1.3252557024023506
95.0,87.0,130.11083984375,-0.0396183798207538,2.666779985019191,-4.117031196437543,-3.6810868006916255,-1.9279217369555783,1.3384836928519317,-0.0970836573361784,3.9735032363975615,-0.4499152358614759,1.3252557024023506
95.0,87.0,130.11083984375,-0.0396183798207538,2.666779985019191,-4.117031196437543,-3.6810868006916255,-1.9279217369555783,1.3384836928519317,-0.0970836573361784,3.9735032363975615,-0.4499152358614759,1.3252557024023506
95.0,87.0,130.11083984375,-0.0396183798207538,2.666779985019191,-4.117031196437543,-3.6810868006916255,-1.9279217369555783,1.3384836928519317,-0.0970836573361784,3.9735032363975615,-0.4499152358614759,1.3252557024023506
95.0,87.0,130.11099243164062,-0.0396183798207538,2.666770438300808,-4.117031196437543,-3.6810868006916255,-1.9279217369555783,1.3384836928519317,-0.0970836573361784,3.9735032363975615,-0.4499190915398405,1.325256373706477
95.0,87.0,130.1121063232422,-0.0396192143756052,2.6667704698811474,-4.117108529603969,-3.6810868006916255,-1.9279217369555783,1.3381747001561135,-0.0970845449342364,3.9735032363975615,-0.4499184551717726,1.3252552583968602
95.0,87.0,130.11221313476562,-0.0396314440269204,2.6667704698811474,-4.117108524411217,-3.6810868006916255,-1.9279217369555783,1.3381747001561135,-0.0970844427059654,3.9735032363975615,-0.4499184551717726,1.3252735128917932
95.0,87.0,130.11541748046875,-0.03961825493669,2.66678047864455,-4.116995779899223,-3.680547353466842,-1.929056586206587,1.3384840838573369,-0.0968076852443259,3.973559255093232,-0.4499182466606385,1.325251414402471
95.0,87.0,130.1217803955078,-0.0405404032477716,2.666770131951748,-4.116989433951338,-3.681115116289896,-1.9274479062931669,1.338177437197354,-0.0970724847247909,3.973510390319997,-0.4504219891208209,1.3253694367257334
95.0,87.0,130.12474060058594,-0.0405221295111094,2.666780223166096,-4.116987295586343,-3.681692886977163,-1.9291397864079165,1.3384901026720408,-0.0970530848452036,3.9735118451273856,-0.450370599188267,1.3252019841950335
95.0,87.0,130.12484741210938,-0.0405221295111094,2.666779799364873,-4.116982981014246,-3.681118988172801,-1.9291397864079165,1.3384901026720408,-0.0970687125957026,3.9735098736430783,-0.450370599188267,1.325369490157424
95.0,87.0,130.1249237060547,-0.0405221295111094,2.666770133035566,-4.116983950468365,-3.681132904578425,-1.9291397864079165,1.3384901026720408,-0.097072647459991,3.973509499361953,-0.450370599188267,1.325369490157424
95.0,87.0,130.1249237060547,-0.0405221295111094,2.6667698997082425,-4.116983950468365,-3.681084711904692,-1.9291397864079165,1.338460904665466,-0.097072647459991,3.973509391788101,-0.450370599188267,1.325369490157424
95.0,87.0,130.125,-0.0405221295111094,2.6667698997082425,-4.116983950468365,-3.681132904578425,-1.9291397864079165,1.338460904665466,-0.097072647459991,3.973509499361953,-0.450370599188267,1.325369490157424
95.0,87.0,130.13319396972656,-0.0396121484173421,2.666779997235189,-4.117032208245339,-3.6810880938532735,-1.9282024711833068,1.33818587425314,-0.0970840450327025,3.9735561903907697,-0.4510308798303463,1.3253694965486469
95.0,87.0,130.2491455078125,-0.0395962668005917,2.666779815956121,-4.1170461202099125,-3.681472361466199,-1.945247808504556,1.3384914296780113,-0.0970684825713553,3.973509867997502,-0.4438471108268667,1.3252134947719878
95.0,87.0,130.2491455078125,-0.0395962668005917,2.666779815956121,-4.1170461202099125,-3.681472361466199,-1.945247808504556,1.3384914296780113,-0.0970684825713553,3.973509867997502,-0.4438471108268667,1.3252134947719878
95.0,87.0,130.25038146972656,-0.0396323127976224,2.6667799838870585,-4.117031196437543,-3.6810868006916255,-1.9452889737363688,1.338489925018436,-0.0970836573361784,3.9735561131422577,-0.4440075480481892,1.3253694357199808
95.0,87.0,130.25038146972656,-0.0396323127976224,2.6667799838870585,-4.117031196437543,-3.6810868006916255,-1.9452889737363688,1.338489925018436,-0.0970836573361784,3.9735561131422577,-0.4440075480481892,1.3253694357199808
95.0,87.0,130.2578582763672,-0.0396281437165559,2.666779814116592,-4.117459262831249,-3.6804115435051847,-1.9457713634289453,1.3384837130581368,-0.096808058487158,3.9735568428466856,-0.4439125324531787,1.3253694357199808
95.0,87.0,130.25804138183594,-0.0398784089217592,2.666779985019191,-4.117459262831249,-3.6804375270602807,-1.9457713634289453,1.3384837138840364,-0.096808058487158,3.9735568428466856,-0.4439125324531787,1.3253694357199808
95.0,87.0,130.25811767578125,-0.0401688148407768,2.666780188254196,-4.116987546097629,-3.681678226513154,-1.9458008624780576,1.338492310368384,-0.0970881781277998,3.9735583601911992,-0.4438471108268667,1.3252134947719878
95.0,87.0,130.2581787109375,-0.0396119028570471,2.666770469313376,-4.1170310817973546,-3.680405824357503,-1.9458036117511075,1.3381871850396028,-0.0970554476371905,3.973556754792767,-0.4436529981586934,1.3253547823267957
95.0,87.0,130.25819396972656,-0.0396120704273277,2.666770308441207,-4.11704461657243,-3.681024502721077,-1.9457786695580552,1.338179200246446,-0.0970554891363259,3.973510287371662,-0.4436529981586934,1.3253612233822745
95.0,87.0,130.25823974609375,-0.0401842861163648,2.666779849801675,-4.116987546097629,-3.681678226513154,-1.9458008624780576,1.3385000344028044,-0.0970537464541167,3.973556541995556,-0.4438432551485021,1.3252124040214464
95.0,87.0,130.25827026367188,-0.0396119028570471,2.666770469313376,-4.11704461657243,-3.680405824357503,-1.9458036117511075,1.338179200246446,-0.0970554891363259,3.973556754792767,-0.4436529981586934,1.3253613005121685
95.0,87.0,130.25827026367188,-0.0401842861163648,2.666779849801675,-4.116987546097629,-3.681678226513154,-1.9458008624780576,1.338491867319049,-0.0970537464541167,3.9735583601911992,-0.4438432551485021,1.3252128234678613
95.0,87.0,130.25827026367188,-0.0396119033750343,2.666770469313376,-4.1170310817973546,-3.68041105819564,-1.9458036117511075,1.3381872015073148,-0.0970554476371905,3.9735629199852536,-0.4436529981586934,1.325360724034384
95.0,87.0,130.2583465576172,-0.0401842861163648,2.666770303083292,-4.116987546097629,-3.681678226513154,-1.9458008624780576,1.338491867319049,-0.0970537464541167,3.9735583601911992,-0.4438471108268667,1.3252134947719878
95.0,87.0,130.26173400878906,-0.0401745780170282,2.6667799764962656,-4.1170461202099125,-3.6831171786065577,-1.9458008624780576,1.3384918286513112,-0.0970677208809477,3.973509872503664,-0.4438471108268667,1.3252065370785062
95.0,87.0,130.26174926757812,-0.0401838649547591,2.6667799764962656,-4.1170461202099125,-3.6831171786065577,-1.9458008624780576,1.3384918675155164,-0.0970677535276803,3.973509872503664,-0.4438471108268667,1.3252065370785062
95.0,87.0,130.26454162597656,-0.0401745780170282,2.6667799764962656,-4.1170461202099125,-3.6831171786065577,-1.9458025171586053,1.3384767921835952,-0.0970545032704784,3.9735583094141287,-0.4424680592915708,1.3252032743310873
95.0,87.0,130.31320190429688,-0.0396121918522211,2.6667798137905527,-4.117030943859162,-3.680405824357503,-1.9458036117511075,1.338488192942264,-0.0970546723555659,3.973556454866756,-0.4498409650041189,1.325369879725471
95.0,87.0,130.31362915039062,-0.0396130264070725,2.6667801158595106,-4.117108547714904,-3.6804375270602807,-1.9458036117511075,1.3384885616182527,-0.0970678757129894,3.973556754792767,-0.4498647131550298,1.3253694357199808
95.0,87.0,130.31362915039062,-0.0396130264070725,2.6667801158595106,-4.117108547714904,-3.6804375270602807,-1.9458036117511075,1.3384885616182527,-0.0970678757129894,3.973556754792767,-0.4498647131550298,1.3253694357199808
95.0,87.0,130.31443786621094,-0.0396130264070725,2.6667704827057266,-4.117108277025587,-3.680405824357503,-1.9458036117511075,1.338179200246446,-0.0970554891363259,3.973556754792767,-0.4498441843144156,1.3253694357199808
95.0,87.0,130.31443786621094,-0.0396130264070725,2.666770298652509,-4.117108277025587,-3.680405824357503,-1.9458036117511075,1.338179200246446,-0.0970555599536239,3.973556454866756,-0.4498441843144156,1.3253694357199808
95.0,87.0,130.31443786621094,-0.0396130264070725,2.666770298652509,-4.117108277025587,-3.680405824357503,-1.9458036117511075,1.338179200246446,-0.0970555599536239,3.973556454866756,-0.4498441843144156,1.3253694357199808
95.0,87.0,130.31443786621094,-0.0396130264070725,2.666770298652509,-4.117108277025587,-3.680405824357503,-1.9458036117511075,1.338179200246446,-0.0970555599536239,3.973556454866756,-0.4498441843144156,1.3253694357199808
95.0,87.0,130.31472778320312,-0.0396130264070725,2.666770142742217,-4.117108847509839,-3.680405824357503,-1.9458036117511075,1.338179200246446,-0.0970554945317093,3.973510409644649,-0.449878921079086,1.3253694357199808
95.0,88.0,130.0528564453125,-0.0395961491752583,2.6667799894621647,-4.117031255284656,-3.681141972086347,-1.9271029242421016,1.3384836928519317,-0.0970836573361784,3.973509880218041,-0.4443065147946529,1.3252658031665814
95.0,88.0,130.05397033691406,-0.0398795198845177,2.666779949830793,-4.117024738217954,-3.680554507781629,-1.9279217369555783,1.3384838944198878,-0.0970840280003018,3.9735009735694526,-0.4440047025787446,1.3253666916412867
95.0,88.0,130.05413818359375,-0.0395794008206433,2.666780038222821,-4.117109777813117,-3.6803905568101767,-1.9279758531402984,1.3384838903042595,-0.0970836548303319,3.9735032363975615,-0.4438752546211109,1.3254236000533497
95.0,88.0,130.05416870117188,-0.0396166369985759,2.666780038222821,-4.117109777813117,-3.6805449531729297,-1.9279217369555783,1.3384838903042595,-0.0970836548303319,3.9735032363975615,-0.4438752546211109,1.3254236000533497
95.0,88.0,130.05421447753906,-0.0398795198845177,2.666779949830793,-4.1174351860380485,-3.680543529635607,-1.9279217369555783,1.3384838910296506,-0.0970840263896268,3.9735022126259865,-0.4437496685312171,1.3253666916412867
95.0,88.0,130.0542449951172,-0.0398795198845177,2.666779949830793,-4.1174351860380485,-3.680543529635607,-1.9279217369555783,1.3384838910296506,-0.0970840263896268,3.973509056702992,-0.4437496685312171,1.3253666916412867
95.0,88.0,130.05465698242188,-0.0398764485636818,2.666780038068648,-4.11748243075006,-3.680543529635607,-1.9279217369555783,1.3384838910296506,-0.0970843369449136,3.9735082025959128,-0.4437496685312171,1.3254242165297176
95.0,88.0,130.05589294433594,-0.0396183174478414,2.666770623681117,-4.1169960809221005,-3.680629447638976,-1.9285528800492693,1.3384838910296506,-0.0970840263896268,3.9735022126259865,-0.4437497935532403,1.3254275801897577
95.0,88.0,130.05718994140625,-0.0398710064516432,2.6667799498856177,-4.118546796622057,-3.680543529635607,-1.9279217369555783,1.3384838910296506,-0.0970843369449136,3.9735082025959128,-0.4440100312812191,1.325423648056674
95.0,88.0,130.05763244628906,-0.0396197472902146,2.666779949830793,-4.118963443454605,-3.680543529635607,-1.9279217369555783,1.3384838910296506,-0.0970840263896268,3.9735022126259865,-0.4437496685312171,1.3253666916412867
95.0,88.0,130.05813598632812,-0.0396183798207538,2.666779949830793,-4.119010688166618,-3.680543529635607,-1.9279217369555783,1.3384838910296506,-0.0970840263896268,3.9735022126259865,-0.4437496685312171,1.3254242165297176
95.0,88.0,130.0581512451172,-0.0396183903854719,2.666779949830793,-4.119010671880613,-3.680543139715319,-1.9279217369555783,1.3384838910296506,-0.0970840263896268,3.9735022126259865,-0.4438040329248592,1.3254242165297176
95.0,88.0,130.05816650390625,-0.0396166759693786,2.666780038068648,-4.119010688166618,-3.680543529635607,-1.9279217369555783,1.3384838910296506,-0.0970843369449136,3.9735082025959128,-0.4437496685312171,1.3254242165297176
95.0,88.0,130.05816650390625,-0.0396166759693786,2.666780038068648,-4.119010688166618,-3.680543529635607,-1.9279217369555783,1.3384838910296506,-0.0970843369449136,3.9735082025959128,-0.4437496685312171,1.3254242165297176
95.0,88.0,130.0581817626953,-0.0396183174478414,2.666770623681117,-4.119001856347231,-3.680543529635607,-1.9279217369555783,1.3384838910296506,-0.0970840263896268,3.9735022126259865,-0.4437497935532403,1.3254242165297176
95.0,88.0,130.05947875976562,-0.0405221295111094,2.666779799364873,-4.116982981014246,-3.680550199410202,-1.9291397864079165,1.33848994341995,-0.0970687125957026,3.9735098736430783,-0.4440883323364931,1.325369523603524
95.0,88.0,130.05999755859375,-0.0405221295111094,2.666779799364873,-4.116981062912613,-3.681118988172801,-1.9291397864079165,1.3384901026720408,-0.0970687125957026,3.9735098736430783,-0.4440125360271731,1.3253694922177277
95.0,88.0,130.10182189941406,-0.0396192063339964,2.6667798041273096,-4.117146183878676,-3.680584874034548,-1.9279217369555783,1.338477633715373,-0.0970840263896268,3.9735032337747502,-0.4493013919447816,1.325424007753295
95.0,88.0,130.10546875,-0.0396192063339964,2.666779949830793,-4.119005443346186,-3.680565483271286,-1.9279217369555783,1.3384838910296506,-0.0970840263896268,3.9735022126259865,-0.4492819781987945,1.3254242165297176
95.0,88.0,130.1094970703125,-0.0396183798207538,2.666779985019191,-4.117031196437543,-3.681134993365359,-1.9271029242421016,1.3384836928519317,-0.0970836573361784,3.9735033439714136,-0.4499152358614759,1.3252557024023506
95.0,88.0,130.11083984375,-0.0396183798207538,2.666779985019191,-4.117031196437543,-3.6810868006916255,-1.9279217369555783,1.3384836928519317,-0.0970836573361784,3.9735032363975615,-0.4499152358614759,1.3252557024023506
95.0,88.0,130.11083984375,-0.0396183798207538,2.666779985019191,-4.117031196437543,-3.6810868006916255,-1.9279217369555783,1.3384836928519317,-0.0970836573361784,3.9735032363975615,-0.4499152358614759,1.3252557024023506
95.0,88.0,130.11083984375,-0.0396183798207538,2.666779985019191,-4.117031196437543,-3.6810868006916255,-1.9279217369555783,1.3384836928519317,-0.0970836573361784,3.9735032363975615,-0.4499152358614759,1.3252557024023506
95.0,88.0,130.11083984375,-0.0396183798207538,2.666779985019191,-4.117031196437543,-3.6810868006916255,-1.9279217369555783,1.3384836928519317,-0.0970836573361784,3.9735032363975615,-0.4499152358614759,1.3252557024023506
95.0,88.0,130.11099243164062,-0.0396183798207538,2.666770438300808,-4.117031196437543,-3.6810868006916255,-1.9279217369555783,1.3384836928519317,-0.0970836573361784,3.9735032363975615,-0.4499190915398405,1.325256373706477
95.0,88.0,130.1121063232422,-0.0396192143756052,2.6667704698811474,-4.117108529603969,-3.6810868006916255,-1.9279217369555783,1.3381747001561135,-0.0970845449342364,3.9735032363975615,-0.4499184551717726,1.3252552583968602
95.0,88.0,130.11221313476562,-0.0396314440269204,2.6667704698811474,-4.117108524411217,-3.6810868006916255,-1.9279217369555783,1.3381747001561135,-0.0970844427059654,3.9735032363975615,-0.4499184551717726,1.3252735128917932
95.0,88.0,130.11221313476562,-0.0396314440269204,2.6667704698811474,-4.117108524411217,-3.6810868006916255,-1.9279217369555783,1.3381747001561135,-0.0970844427059654,3.9735032363975615,-0.4499184551717726,1.3252735128917932
95.0,88.0,130.11322021484375,-0.0398924925675721,2.666770659828597,-4.117031196437543,-3.680484706634673,-1.9279217369555783,1.338483693361925,-0.0968072067742794,3.973555912561016,-0.4499702250094661,1.3253721755876933
95.0,88.0,130.11415100097656,-0.03961825493669,2.666780020258692,-4.117107627472886,-3.680547353466842,-1.92904683128022,1.3384838891479032,-0.0970594913759274,3.973559255093232,-0.4498828802075193,1.3252482488160602
95.0,88.0,130.11541748046875,-0.03961825493669,2.66678047864455,-4.116995779899223,-3.680547353466842,-1.929056586206587,1.3384840838573369,-0.0968076852443259,3.973559255093232,-0.4499182466606385,1.325251414402471
95.0,88.0,130.1217803955078,-0.0405404032477716,2.666770131951748,-4.116989433951338,-3.681115116289896,-1.9274479062931669,1.338177437197354,-0.0970724847247909,3.973510390319997,-0.4504219891208209,1.3253694367257334
95.0,88.0,130.12222290039062,-0.0405221295111094,2.666779799364873,-4.1169892828015024,-3.681119186259157,-1.9291397864079165,1.3384901026720408,-0.0970687125957026,3.9735098736430783,-0.4502186213529344,1.325369435245163
95.0,88.0,130.12474060058594,-0.0405221295111094,2.666780223166096,-4.116987295586343,-3.681692886977163,-1.9291397864079165,1.3384901026720408,-0.0970530848452036,3.9735118451273856,-0.450370599188267,1.3252019841950335
95.0,88.0,130.12484741210938,-0.0405221295111094,2.666779799364873,-4.116982981014246,-3.681118988172801,-1.9291397864079165,1.3384901026720408,-0.0970687125957026,3.9735098736430783,-0.450370599188267,1.325369490157424
95.0,88.0,130.1249237060547,-0.0405221295111094,2.666770133035566,-4.116983950468365,-3.681132904578425,-1.9291397864079165,1.3384901026720408,-0.097072647459991,3.973509499361953,-0.450370599188267,1.325369490157424
95.0,88.0,130.1249237060547,-0.0405221295111094,2.6667698997082425,-4.116983950468365,-3.681084711904692,-1.9291397864079165,1.338460904665466,-0.097072647459991,3.973509391788101,-0.450370599188267,1.325369490157424
95.0,88.0,130.125,-0.0405221295111094,2.6667698997082425,-4.116983950468365,-3.681132904578425,-1.9291397864079165,1.338460904665466,-0.097072647459991,3.973509499361953,-0.450370599188267,1.325369490157424
95.0,88.0,130.13319396972656,-0.0396121484173421,2.666779997235189,-4.117032208245339,-3.6810880938532735,-1.9282024711833068,1.33818587425314,-0.0970840450327025,3.9735561903907697,-0.4510308798303463,1.3253694965486469
95.0,88.0,130.2491455078125,-0.0395962668005917,2.666779815956121,-4.1170461202099125,-3.681472361466199,-1.945247808504556,1.3384914296780113,-0.0970684825713553,3.973509867997502,-0.4438471108268667,1.3252134947719878
95.0,88.0,130.2491455078125,-0.0395962668005917,2.666779815956121,-4.1170461202099125,-3.681472361466199,-1.945247808504556,1.3384914296780113,-0.0970684825713553,3.973509867997502,-0.4438471108268667,1.3252134947719878
95.0,88.0,130.2491455078125,-0.0395962668005917,2.666779815956121,-4.1170461202099125,-3.681472361466199,-1.945247808504556,1.3384914296780113,-0.0970684825713553,3.973509867997502,-0.4438471108268667,1.3252134947719878
95.0,88.0,130.250244140625,-0.0394757636534267,2.66678019306283,-4.11698757654459,-3.6810868006916255,-1.9452889737363688,1.338492557897042,-0.0970836573361784,3.973558399005198,-0.4440075480481892,1.3253694357199808
95.0,88.0,130.25038146972656,-0.0396323127976224,2.6667799838870585,-4.117031196437543,-3.6810868006916255,-1.9452889737363688,1.338489925018436,-0.0970836573361784,3.9735561131422577,-0.4440075480481892,1.3253694357199808
95.0,88.0,130.25038146972656,-0.0396323127976224,2.6667799838870585,-4.117031196437543,-3.6810868006916255,-1.9452889737363688,1.338489925018436,-0.0970836573361784,3.9735561131422577,-0.4440075480481892,1.3253694357199808
95.0,88.0,130.25648498535156,-0.0401838649547591,2.6667799764962656,-4.119051895635043,-3.683031260603189,-1.9451697193843664,1.3384918675155164,-0.0970677535276803,3.973509872503664,-0.4438471108268667,1.3252031734184664
95.0,88.0,130.25653076171875,-0.0396281437165559,2.666779813936172,-4.117021870291347,-3.680438486315393,-1.9457713634289453,1.338490991670937,-0.0968064048729849,3.9735568428466856,-0.4438467058681741,1.3252158874175155
95.0,88.0,130.256591796875,-0.0396042961749409,2.666779763491402,-4.117459262831249,-3.681039621117234,-1.9457713634289453,1.3384837133740428,-0.0970845090490569,3.973504166683231,-0.443861398983553,1.3252536338387648
95.0,88.0,130.2578582763672,-0.0396281437165559,2.666779814116592,-4.117459262831249,-3.6804115435051847,-1.9457713634289453,1.3384837130581368,-0.096808058487158,3.9735568428466856,-0.4439125324531787,1.3253694357199808
95.0,88.0,130.25804138183594,-0.0398784089217592,2.666779985019191,-4.117459262831249,-3.6804375270602807,-1.9457713634289453,1.3384837138840364,-0.096808058487158,3.9735568428466856,-0.4439125324531787,1.3253694357199808
95.0,89.0,130.0528564453125,-0.0395961491752583,2.6667799894621647,-4.117031255284656,-3.681141972086347,-1.9271029242421016,1.3384836928519317,-0.0970836573361784,3.973509880218041,-0.4443065147946529,1.3252658031665814
95.0,89.0,130.05368041992188,-0.0396166759693786,2.6667799892738024,-4.1170971317220495,-3.680543529635607,-1.9279217369555783,1.3384838910296506,-0.0970843369449136,3.9735082025959128,-0.4443245693474105,1.325267246198854
95.0,89.0,130.05397033691406,-0.0398795198845177,2.666779949830793,-4.117024738217954,-3.680554507781629,-1.9279217369555783,1.3384838944198878,-0.0970840280003018,3.9735009735694526,-0.4440047025787446,1.3253666916412867
95.0,89.0,130.05406188964844,-0.0395794008206433,2.666779810348654,-4.11711014334168,-3.6803905568101767,-1.927921792554587,1.3384838903042595,-0.0970840069005472,3.973503233813235,-0.4438752546211109,1.3254236000533497
95.0,89.0,130.05413818359375,-0.0395794008206433,2.666780038222821,-4.117109777813117,-3.6803905568101767,-1.9279758531402984,1.3384838903042595,-0.0970836548303319,3.9735032363975615,-0.4438752546211109,1.3254236000533497
95.0,89.0,130.05416870117188,-0.0396166369985759,2.666780038222821,-4.117109777813117,-3.6805449531729297,-1.9279217369555783,1.3384838903042595,-0.0970836548303319,3.9735032363975615,-0.4438752546211109,1.3254236000533497
95.0,89.0,130.05421447753906,-0.0398795198845177,2.666779949830793,-4.1174351860380485,-3.680543529635607,-1.9279217369555783,1.3384838910296506,-0.0970840263896268,3.9735022126259865,-0.4437496685312171,1.3253666916412867
95.0,89.0,130.0542449951172,-0.0398795198845177,2.666779949830793,-4.1174351860380485,-3.680543529635607,-1.9279217369555783,1.3384838910296506,-0.0970840263896268,3.973509056702992,-0.4437496685312171,1.3253666916412867
95.0,89.0,130.0542449951172,-0.0398922964926721,2.666779949830793,-4.1174351860380485,-3.680549430185894,-1.9279217369555783,1.3384836839255376,-0.0970840263896268,3.973505715331011,-0.4437496685312171,1.325366830454385
95.0,89.0,130.05447387695312,-0.0396043157288633,2.6667800380151463,-4.117487390226785,-3.680543529635607,-1.9279217369555783,1.3384838910296506,-0.0970840272033913,3.973508255603389,-0.4437496685312171,1.3254252556681962
95.0,89.0,130.05465698242188,-0.0398764485636818,2.666780038068648,-4.11748243075006,-3.680543529635607,-1.9279217369555783,1.3384838910296506,-0.0970843369449136,3.9735082025959128,-0.4437496685312171,1.3254242165297176
95.0,89.0,130.05589294433594,-0.0396183174478414,2.666770623681117,-4.1169960809221005,-3.680629447638976,-1.9285528800492693,1.3384838910296506,-0.0970840263896268,3.9735022126259865,-0.4437497935532403,1.3254275801897577
95.0,89.0,130.05677795410156,-0.0398710064516432,2.6667799498856177,-4.118530122137319,-3.6805437676991866,-1.9279217369555783,1.3384838910296506,-0.0970843369449136,3.973508221742947,-0.4440100312812191,1.3253689491028768
95.0,89.0,130.05718994140625,-0.0398710064516432,2.6667799498856177,-4.118546796622057,-3.680543529635607,-1.9279217369555783,1.3384838910296506,-0.0970843369449136,3.9735082025959128,-0.4440100312812191,1.325423648056674
95.0,89.0,130.05723571777344,-0.0395961491752583,2.66678003825701,-4.118944811729225,-3.681141972086347,-1.9271029242421016,1.3384836928519317,-0.0970836573361784,3.973509880218041,-0.4437316139784594,1.3254227734974449
95.0,89.0,130.05763244628906,-0.0396197472902146,2.666779949830793,-4.118963443454605,-3.680543529635607,-1.9279217369555783,1.3384838910296506,-0.0970840263896268,3.9735022126259865,-0.4437496685312171,1.3253666916412867
95.0,89.0,130.05813598632812,-0.0396183798207538,2.666779949830793,-4.119010688166618,-3.680543529635607,-1.9279217369555783,1.3384838910296506,-0.0970840263896268,3.9735022126259865,-0.4437496685312171,1.3254242165297176
95.0,89.0,130.0581512451172,-0.0396183903854719,2.666779949830793,-4.119010671880613,-3.680543139715319,-1.9279217369555783,1.3384838910296506,-0.0970840263896268,3.9735022126259865,-0.4438040329248592,1.3254242165297176
95.0,89.0,130.05816650390625,-0.0396166759693786,2.666780038068648,-4.119010688166618,-3.680543529635607,-1.9279217369555783,1.3384838910296506,-0.0970843369449136,3.9735082025959128,-0.4437496685312171,1.3254242165297176
95.0,89.0,130.05816650390625,-0.0396166759693786,2.666780038068648,-4.119010688166618,-3.680543529635607,-1.9279217369555783,1.3384838910296506,-0.0970843369449136,3.9735082025959128,-0.4437496685312171,1.3254242165297176
95.0,89.0,130.0581817626953,-0.0396183174478414,2.666770623681117,-4.119001856347231,-3.680543529635607,-1.9279217369555783,1.3384838910296506,-0.0970840263896268,3.9735022126259865,-0.4437497935532403,1.3254242165297176
95.0,89.0,130.0591583251953,-0.0396166759693786,2.666779992076972,-4.118964651301128,-3.681121485420354,-1.927913923226436,1.3384836889164042,-0.097084323676847,3.973508228581756,-0.4442934343666118,1.3254242165297176
95.0,89.0,130.05947875976562,-0.0405221295111094,2.666779799364873,-4.116982981014246,-3.680550199410202,-1.9291397864079165,1.33848994341995,-0.0970687125957026,3.9735098736430783,-0.4440883323364931,1.325369523603524
95.0,89.0,130.05984497070312,-0.0405221295111094,2.666779799364873,-4.116999655498983,-3.6805499613466224,-1.9291397864079165,1.33848994341995,-0.0970687125957026,3.973509854496044,-0.4440883323364931,1.3254242225573214
95.0,89.0,130.05999755859375,-0.0405221295111094,2.666779799364873,-4.116981062912613,-3.681118988172801,-1.9291397864079165,1.3384901026720408,-0.0970687125957026,3.9735098736430783,-0.4440125360271731,1.3253694922177277
95.0,89.0,130.10182189941406,-0.0396192063339964,2.6667798041273096,-4.117146183878676,-3.680584874034548,-1.9279217369555783,1.338477633715373,-0.0970840263896268,3.9735032337747502,-0.4493013919447816,1.325424007753295
95.0,89.0,130.10546875,-0.0396192063339964,2.666779949830793,-4.119005443346186,-3.680565483271286,-1.9279217369555783,1.3384838910296506,-0.0970840263896268,3.9735022126259865,-0.4492819781987945,1.3254242165297176
95.0,89.0,130.1094970703125,-0.0396183798207538,2.666779985019191,-4.117031196437543,-3.681134993365359,-1.9271029242421016,1.3384836928519317,-0.0970836573361784,3.9735033439714136,-0.4499152358614759,1.3252557024023506
95.0,89.0,130.11083984375,-0.0396183798207538,2.666779985019191,-4.117031196437543,-3.6810868006916255,-1.9279217369555783,1.3384836928519317,-0.0970836573361784,3.9735032363975615,-0.4499152358614759,1.3252557024023506
95.0,89.0,130.11083984375,-0.0396183798207538,2.666779985019191,-4.117031196437543,-3.6810868006916255,-1.9279217369555783,1.3384836928519317,-0.0970836573361784,3.9735032363975615,-0.4499152358614759,1.3252557024023506
95.0,89.0,130.11083984375,-0.0396183798207538,2.666779985019191,-4.117031196437543,-3.6810868006916255,-1.9279217369555783,1.3384836928519317,-0.0970836573361784,3.9735032363975615,-0.4499152358614759,1.3252557024023506
95.0,89.0,130.11083984375,-0.0396183798207538,2.666779985019191,-4.117031196437543,-3.6810868006916255,-1.9279217369555783,1.3384836928519317,-0.0970836573361784,3.9735032363975615,-0.4499152358614759,1.3252557024023506
95.0,89.0,130.11083984375,-0.0396183798207538,2.666779985019191,-4.117031196437543,-3.6810868006916255,-1.9279217369555783,1.3384836928519317,-0.0970836573361784,3.9735032363975615,-0.4499152358614759,1.3252557024023506
95.0,89.0,130.11083984375,-0.0396183798207538,2.666779985019191,-4.117031196437543,-3.6810868006916255,-1.9279217369555783,1.3384836928519317,-0.0970836573361784,3.9735032363975615,-0.4499152358614759,1.3252557024023506
95.0,89.0,130.11099243164062,-0.0396183798207538,2.666770438300808,-4.117031196437543,-3.6810868006916255,-1.9279217369555783,1.3384836928519317,-0.0970836573361784,3.9735032363975615,-0.4499190915398405,1.325256373706477
95.0,89.0,130.11195373535156,-0.0396183798207538,2.666779985019191,-4.117031196437543,-3.681122206860429,-1.9279217369555783,1.3384836928519317,-0.0970836573670809,3.9735032363975615,-0.4499152358614759,1.3254249466804675
95.0,89.0,130.1121063232422,-0.0396192143756052,2.6667704698811474,-4.117108529603969,-3.6810868006916255,-1.9279217369555783,1.3381747001561135,-0.0970845449342364,3.9735032363975615,-0.4499184551717726,1.3252552583968602
95.0,89.0,130.11212158203125,-0.0396192143756052,2.6667704698811474,-4.117109834815462,-3.681101129769793,-1.9279226225728328,1.3381747001561135,-0.0970835874767823,3.9735032363975615,-0.4499184551717726,1.3252552583968602
95.0,89.0,130.11221313476562,-0.0396314440269204,2.6667704698811474,-4.117108524411217,-3.6810868006916255,-1.9279217369555783,1.3381747001561135,-0.0970844427059654,3.9735032363975615,-0.4499184551717726,1.3252735128917932
95.0,89.0,130.11221313476562,-0.0396314440269204,2.6667704698811474,-4.117108524411217,-3.6810868006916255,-1.9279217369555783,1.3381747001561135,-0.0970844427059654,3.9735032363975615,-0.4499184551717726,1.3252735128917932
95.0,89.0,130.1123504638672,-0.0396183798207538,2.666770438300808,-4.117021681990018,-3.6810868006916255,-1.9280351579042845,1.3384836928519317,-0.0967891413251423,3.973558359141772,-0.4499190915398405,1.3252552834936562
95.0,89.0,130.11322021484375,-0.0398924925675721,2.666770659828597,-4.117031196437543,-3.680484706634673,-1.9279217369555783,1.338483693361925,-0.0968072067742794,3.973555912561016,-0.4499702250094661,1.3253721755876933
95.0,89.0,130.11378479003906,-0.0396197472902146,2.666780038970804,-4.117088089205834,-3.680543529635607,-1.9279217369555783,1.3384838910296506,-0.0970840263896268,3.973502154389491,-0.4500872432461734,1.3253615974256046
95.0,89.0,130.11415100097656,-0.03961825493669,2.666780020258692,-4.117107627472886,-3.680547353466842,-1.92904683128022,1.3384838891479032,-0.0970594913759274,3.973559255093232,-0.4498828802075193,1.3252482488160602
95.0,89.0,130.11415100097656,-0.03961825493669,2.666780020258692,-4.117107627472886,-3.680547353466842,-1.92904683128022,1.3384838891479032,-0.0970594913759274,3.973559255093232,-0.4498828802075193,1.3252482488160602
95.0,89.0,130.11541748046875,-0.03961825493669,2.66678047864455,-4.116995779899223,-3.680547353466842,-1.929056586206587,1.3384840838573369,-0.0968076852443259,3.973559255093232,-0.4499182466606385,1.325251414402471
95.0,89.0,130.11647033691406,-0.0405232016913185,2.666780354148649,-4.116983950468365,-3.681084711904692,-1.9291397864079165,1.338460904665466,-0.097072647459991,3.973509391788101,-0.449918960969103,1.325250778717824
95.0,89.0,130.11973571777344,-0.0399112061155179,2.6667696624432247,-4.116989433951338,-3.681115116289896,-1.927447259246453,1.3385010860792996,-0.0970843823619998,3.9735104947319,-0.4504219891208209,1.3253694367257334
95.0,89.0,130.1217803955078,-0.0405404032477716,2.666770131951748,-4.116989433951338,-3.681115116289896,-1.9274479062931669,1.338177437197354,-0.0970724847247909,3.973510390319997,-0.4504219891208209,1.3253694367257334
95.0,89.0,130.12222290039062,-0.0405221295111094,2.666779799364873,-4.1169892828015024,-3.681119186259157,-1.9291397864079165,1.3384901026720408,-0.0970687125957026,3.9735098736430783,-0.4502186213529344,1.325369435245163
95.0,90.0,130.0522918701172,-0.0395961491752583,2.6667799894621647,-4.116966574252944,-3.681141972086347,-1.9271029242421016,1.3384838912387014,-0.0970836573361784,3.973509880218041,-0.4437645758768875,1.3252658031665814
95.0,90.0,130.0528564453125,-0.0395961491752583,2.6667799894621647,-4.117031255284656,-3.681141972086347,-1.9271029242421016,1.3384836928519317,-0.0970836573361784,3.973509880218041,-0.4443065147946529,1.3252658031665814
95.0,90.0,130.05368041992188,-0.0396166759693786,2.6667799892738024,-4.1170971317220495,-3.680543529635607,-1.9279217369555783,1.3384838910296506,-0.0970843369449136,3.9735082025959128,-0.4443245693474105,1.325267246198854
95.0,90.0,130.05368041992188,-0.0396166759693786,2.6667799892738024,-4.1170971317220495,-3.680543529635607,-1.9279217369555783,1.3384838910296506,-0.0970843369449136,3.9735082025959128,-0.4443245693474105,1.325267246198854
95.0,90.0,130.05368041992188,-0.0396166759693786,2.6667799892738024,-4.1170971317220495,-3.680543529635607,-1.9279217369555783,1.3384838910296506,-0.0970843369449136,3.9735082025959128,-0.4443245693474105,1.325267246198854
95.0,90.0,130.053955078125,-0.0398795198845177,2.666779949830793,-4.117024738217954,-3.680554507781629,-1.9279217369555783,1.3384838743133995,-0.0970845421118966,3.9735009735694526,-0.4440047025787446,1.3253655530574011
95.0,90.0,130.05397033691406,-0.0398795198845177,2.666779949830793,-4.117024738217954,-3.680554507781629,-1.9279217369555783,1.3384838944198878,-0.0970840280003018,3.9735009735694526,-0.4440047025787446,1.3253666916412867
95.0,90.0,130.05397033691406,-0.0398795198845177,2.666779949830793,-4.117024738217954,-3.680554507781629,-1.9279217369555783,1.3384838944198878,-0.0970840280003018,3.9735009735694526,-0.4440047025787446,1.3253666916412867
95.0,90.0,130.05406188964844,-0.0395794008206433,2.666779810348654,-4.11711014334168,-3.6803905568101767,-1.927921792554587,1.3384838903042595,-0.0970840069005472,3.973503233813235,-0.4438752546211109,1.3254236000533497
95.0,90.0,130.05410766601562,-0.0394775071519852,2.666779950317972,-4.117042126235939,-3.680543139715319,-1.9279217369555783,1.3384838910296506,-0.0970683611449421,3.973509925753901,-0.4438040329248592,1.3254242228636406
95.0,90.0,130.05413818359375,-0.0395794008206433,2.666780038222821,-4.117109777813117,-3.6803905568101767,-1.9279758531402984,1.3384838903042595,-0.0970836548303319,3.9735032363975615,-0.4438752546211109,1.3254236000533497
95.0,90.0,130.05416870117188,-0.0396166369985759,2.666780038222821,-4.117109777813117,-3.6805449531729297,-1.9279217369555783,1.3384838903042595,-0.0970836548303319,3.9735032363975615,-0.4438752546211109,1.3254236000533497
95.0,90.0,130.05421447753906,-0.0398795198845177,2.666779949830793,-4.1174351860380485,-3.680543529635607,-1.9279217369555783,1.3384838910296506,-0.0970840263896268,3.9735022126259865,-0.4437496685312171,1.3253666916412867
95.0,90.0,130.05421447753906,-0.0398795198845177,2.666779949830793,-4.1174351860380485,-3.680543529635607,-1.9279217369555783,1.3384838910296506,-0.0970840263896268,3.9735022126259865,-0.4437496685312171,1.3253666916412867
95.0,90.0,130.0542449951172,-0.0398795198845177,2.666779949830793,-4.1174351860380485,-3.680543529635607,-1.9279217369555783,1.3384838910296506,-0.0970840263896268,3.973509056702992,-0.4437496685312171,1.3253666916412867
95.0,90.0,130.0542449951172,-0.0398922964926721,2.666779949830793,-4.1174351860380485,-3.680549430185894,-1.9279217369555783,1.3384836839255376,-0.0970840263896268,3.973505715331011,-0.4437496685312171,1.325366830454385
95.0,90.0,130.0542449951172,-0.0398922964926721,2.666779949830793,-4.1174351860380485,-3.680549430185894,-1.9279217369555783,1.3384836839255376,-0.0970840263896268,3.973505715331011,-0.4437496685312171,1.325366830454385
95.0,90.0,130.05447387695312,-0.0396043157288633,2.6667800380151463,-4.117487390226785,-3.680543529635607,-1.9279217369555783,1.3384838910296506,-0.0970840272033913,3.973508255603389,-0.4437496685312171,1.3254252556681962
95.0,90.0,130.0546112060547,-0.0398795198845177,2.666779949001091,-4.1174351860380485,-3.6805449301831215,-1.9279217369555783,1.3384838910296506,-0.0970840263896268,3.9735032392466447,-0.4437496685312171,1.3254275326121825
95.0,90.0,130.05465698242188,-0.0398764485636818,2.666780038068648,-4.11748243075006,-3.680543529635607,-1.9279217369555783,1.3384838910296506,-0.0970843369449136,3.9735082025959128,-0.4437496685312171,1.3254242165297176
95.0,90.0,130.05589294433594,-0.0396183174478414,2.666770623681117,-4.1169960809221005,-3.680629447638976,-1.9285528800492693,1.3384838910296506,-0.0970840263896268,3.9735022126259865,-0.4437497935532403,1.3254275801897577
95.0,90.0,130.05677795410156,-0.0398710064516432,2.6667799498856177,-4.118530122137319,-3.6805437676991866,-1.9279217369555783,1.3384838910296506,-0.0970843369449136,3.973508221742947,-0.4440100312812191,1.3253689491028768
95.0,90.0,130.05706787109375,-0.0395961491752583,2.6667799132330976,-4.119070098343246,-3.681141972086347,-1.9270918496010787,1.3384836928519317,-0.0970836573361784,3.973509880218041,-0.4443042014115285,1.3252658031665814
95.0,90.0,130.05718994140625,-0.0398710064516432,2.6667799498856177,-4.118546796622057,-3.680543529635607,-1.9279217369555783,1.3384838910296506,-0.0970843369449136,3.9735082025959128,-0.4440100312812191,1.325423648056674
95.0,90.0,130.05723571777344,-0.0395961491752583,2.66678003825701,-4.118944811729225,-3.681141972086347,-1.9271029242421016,1.3384836928519317,-0.0970836573361784,3.973509880218041,-0.4437316139784594,1.3254227734974449
95.0,90.0,130.05763244628906,-0.0396197472902146,2.666779949830793,-4.118963443454605,-3.680543529635607,-1.9279217369555783,1.3384838910296506,-0.0970840263896268,3.9735022126259865,-0.4437496685312171,1.3253666916412867
95.0,90.0,130.0579071044922,-0.0396462195662774,2.666779949830793,-4.119010671880613,-3.6805431202967647,-1.9279217369555783,1.3384838910296506,-0.0970843371550697,3.9735020574109625,-0.4440234976948287,1.325366497779373
95.0,90.0,130.0579833984375,-0.0396176683945143,2.666780035341479,-4.118955391558836,-3.680543529635607,-1.9279217369555783,1.3384838910296506,-0.0970843369449136,3.9735033442927454,-0.4437514021876181,1.3254235703859127
95.0,90.0,130.05813598632812,-0.0396183798207538,2.666779949830793,-4.119010688166618,-3.680543529635607,-1.9279217369555783,1.3384838910296506,-0.0970840263896268,3.9735022126259865,-0.4437496685312171,1.3254242165297176
95.0,90.0,130.05813598632812,-0.0396166759693786,2.666779803897483,-4.119010688166618,-3.680543529635607,-1.9279217369555783,1.3384840353639875,-0.097084333926931,3.973503253626897,-0.4437496685312171,1.325424221394394
95.0,90.0,130.0581512451172,-0.0396183903854719,2.666779949830793,-4.119010671880613,-3.680543139715319,-1.9279217369555783,1.3384838910296506,-0.0970840263896268,3.9735022126259865,-0.4438040329248592,1.3254242165297176
95.0,90.0,130.05816650390625,-0.0396166759693786,2.666780038068648,-4.119010688166618,-3.680543529635607,-1.9279217369555783,1.3384838910296506,-0.0970843369449136,3.9735082025959128,-0.4437496685312171,1.3254242165297176
95.0,90.0,130.05816650390625,-0.0396166759693786,2.666780038068648,-4.119010688166618,-3.680543529635607,-1.9279217369555783,1.3384838910296506,-0.0970843369449136,3.9735082025959128,-0.4437496685312171,1.3254242165297176
95.0,90.0,130.0581817626953,-0.0396183174478414,2.666770623681117,-4.119001856347231,-3.680543529635607,-1.9279217369555783,1.3384838910296506,-0.0970840263896268,3.9735022126259865,-0.4437497935532403,1.3254242165297176
95.0,90.0,130.0582733154297,-0.0396197472902146,2.666779949830793,-4.119028124486317,-3.680543529635607,-1.9279217369555783,1.3384836926428811,-0.0970840263896268,3.9735022126259865,-0.4442916074489825,1.3253666916412867
95.0,90.0,130.05860900878906,-0.0398710064516432,2.6667799494391606,-4.118937189445201,-3.6811638241088014,-1.9279153893338767,1.3384838910296506,-0.0970843322060822,3.973508154847473,-0.4440084826029394,1.3253689491028768
95.0,90.0,130.0588836669922,-0.0396637121641178,2.666779577003912,-4.116981062912613,-3.681088684175248,-1.9291397864079165,1.3384896850746268,-0.0970687125957026,3.9735098736430783,-0.4440125360271731,1.3253698679269734
95.0,90.0,130.0591583251953,-0.0396166759693786,2.666779992076972,-4.118964651301128,-3.681121485420354,-1.927913923226436,1.3384836889164042,-0.097084323676847,3.973508228581756,-0.4442934343666118,1.3254242165297176
95.0,90.0,130.0591583251953,-0.0396166759693786,2.666779992076972,-4.118964651301128,-3.681121485420354,-1.927913923226436,1.3384836889164042,-0.097084323676847,3.973508228581756,-0.4442934343666118,1.3254242165297176
95.0,90.0,130.05947875976562,-0.0405221295111094,2.666779799364873,-4.116982981014246,-3.680550199410202,-1.9291397864079165,1.33848994341995,-0.0970687125957026,3.9735098736430783,-0.4440883323364931,1.325369523603524
95.0,90.0,130.05950927734375,-0.0405449624778149,2.6667797961518698,-4.116982981014246,-3.680543293393835,-1.9291397864079165,1.3384899525330964,-0.0970678556125255,3.9735098736430783,-0.4440883323364931,1.325369523603524
95.0,90.0,130.05960083007812,-0.039616694750663,2.6667799914307384,-4.118964651301128,-3.681121485420354,-1.927913923226436,1.3384836889164042,-0.0970840400943924,3.973502121883249,-0.4445452572811716,1.3254242165297176
95.0,90.0,130.05984497070312,-0.0405221295111094,2.666779799364873,-4.116999655498983,-3.6805499613466224,-1.9291397864079165,1.33848994341995,-0.0970687125957026,3.973509854496044,-0.4440883323364931,1.3254242225573214
95.0,90.0,130.0598602294922,-0.0405221295111094,2.666779799364873,-4.116999655498983,-3.6805499613466224,-1.9291397864079165,1.3384899635264382,-0.0970681984841077,3.973509854496044,-0.4440883323364931,1.325425361141207
95.0,90.0,130.05999755859375,-0.0405221295111094,2.666779799364873,-4.116981062912613,-3.681118988172801,-1.9291397864079165,1.3384901026720408,-0.0970687125957026,3.9735098736430783,-0.4440125360271731,1.3253694922177277
95.0,90.0,130.06399536132812,-0.0406630127445961,2.6667797988776947,-4.118968201143657,-3.6805499613466224,-1.9291397864079165,1.33848994341995,-0.0970843778403873,3.9735021413681295,-0.4440883323364931,1.3254242162233985
95.0,90.0,130.09307861328125,-0.0398710064516432,2.703031686040003,-4.117455783105041,-3.680543529635607,-1.9279217369555783,1.3384838910296506,-0.0970843369449136,3.9735082025959128,-0.4440100312812191,1.3254236477103511
95.0,90.0,130.10182189941406,-0.0396192063339964,2.6667798041273096,-4.117146183878676,-3.680584874034548,-1.9279217369555783,1.338477633715373,-0.0970840263896268,3.9735032337747502,-0.4493013919447816,1.325424007753295
95.0,90.0,130.10546875,-0.0396192063339964,2.666779949830793,-4.119005443346186,-3.680565483271286,-1.9279217369555783,1.3384838910296506,-0.0970840263896268,3.9735022126259865,-0.4492819781987945,1.3254242165297176
95.0,90.0,130.1094970703125,-0.0396183798207538,2.666779985019191,-4.117031196437543,-3.681134993365359,-1.9271029242421016,1.3384836928519317,-0.0970836573361784,3.9735033439714136,-0.4499152358614759,1.3252557024023506
95.0,91.0,130.0522918701172,-0.0395961491752583,2.6667799894621647,-4.116966574252944,-3.681141972086347,-1.9271029242421016,1.3384838912387014,-0.0970836573361784,3.973509880218041,-0.4437645758768875,1.3252658031665814
95.0,91.0,130.0528564453125,-0.0395961491752583,2.6667799894621647,-4.117031255284656,-3.681141972086347,-1.9271029242421016,1.3384836928519317,-0.0970836573361784,3.973509880218041,-0.4443065147946529,1.3252658031665814
95.0,91.0,130.05320739746094,-0.0395984317056267,2.666779949830793,-4.117438416384696,-3.680549430185894,-1.9271492517790736,1.3384836930104504,-0.0970840263896268,3.973505715331011,-0.4443184873268408,1.325366830454385
95.0,91.0,130.0536346435547,-0.0398795198845177,2.666779949830793,-4.1174351860380485,-3.680543529635607,-1.9279457617798743,1.3384838910297072,-0.0970840334940902,3.973502301822879,-0.4437645931229552,1.3252654307436105
95.0,91.0,130.05368041992188,-0.0396166759693786,2.6667799892738024,-4.1170971317220495,-3.680543529635607,-1.9279217369555783,1.3384838910296506,-0.0970843369449136,3.9735082025959128,-0.4443245693474105,1.325267246198854
95.0,91.0,130.05368041992188,-0.0396166759693786,2.6667799892738024,-4.1170971317220495,-3.680543529635607,-1.9279217369555783,1.3384838910296506,-0.0970843369449136,3.9735082025959128,-0.4443245693474105,1.325267246198854
95.0,91.0,130.05368041992188,-0.0396166759693786,2.6667799892738024,-4.1170971317220495,-3.680543529635607,-1.9279217369555783,1.3384838910296506,-0.0970843369449136,3.9735082025959128,-0.4443245693474105,1.325267246198854
95.0,91.0,130.05368041992188,-0.0396166759693786,2.6667799892738024,-4.1170971317220495,-3.680543529635607,-1.9279217369555783,1.338483897284895,-0.0970843369449136,3.9735082025959128,-0.4443245693474105,1.325267246198854
95.0,91.0,130.05369567871094,-0.0395961491752583,2.6667800382604057,-4.117492357705356,-3.681141972086347,-1.9270737698668672,1.3384836928519317,-0.0970836573361784,3.9735099870044337,-0.4437316139784594,1.3254227734974449
95.0,91.0,130.0538330078125,-0.0398713056094683,2.66677994865204,-4.1170971317220495,-3.680543529635607,-1.9279217369555783,1.338483874103127,-0.0970845365047158,3.9735008910303886,-0.4443245693474105,1.325267246198854
95.0,91.0,130.053955078125,-0.0398795198845177,2.666779949830793,-4.117024738217954,-3.680554507781629,-1.9279217369555783,1.3384838743133995,-0.0970845421118966,3.9735009735694526,-0.4440047025787446,1.3253655530574011
95.0,91.0,130.053955078125,-0.0398795198845177,2.666779949830793,-4.117024738217954,-3.680555347062552,-1.9279217369555783,1.3384838743133995,-0.0970845346066336,3.9735009735694526,-0.4440100397128714,1.3253636211294713
95.0,91.0,130.05397033691406,-0.0398795198845177,2.666779949830793,-4.117024738217954,-3.680554507781629,-1.9279217369555783,1.3384838944198878,-0.0970840280003018,3.9735009735694526,-0.4440047025787446,1.3253666916412867
95.0,91.0,130.05397033691406,-0.0398795198845177,2.666779949830793,-4.117024738217954,-3.680554507781629,-1.9279217369555783,1.3384838944198878,-0.0970840280003018,3.9735009735694526,-0.4440047025787446,1.3253666916412867
95.0,91.0,130.05401611328125,-0.0395794008206433,2.666780038222821,-4.117121794775712,-3.6803905568101767,-1.9279217446090016,1.338483891053171,-0.0970836548303319,3.9735032363975615,-0.4437591819456611,1.3254236000533497
95.0,91.0,130.05406188964844,-0.0395794008206433,2.666779810348654,-4.11711014334168,-3.6803905568101767,-1.927921792554587,1.3384838903042595,-0.0970840069005472,3.973503233813235,-0.4438752546211109,1.3254236000533497
95.0,91.0,130.05410766601562,-0.0394775071519852,2.666779950317972,-4.117042126235939,-3.680543139715319,-1.9279217369555783,1.3384838910296506,-0.0970683611449421,3.973509925753901,-0.4438040329248592,1.3254242228636406
95.0,91.0,130.05410766601562,-0.0394775071519852,2.666779950317972,-4.117042126235939,-3.680543139715319,-1.9279217369555783,1.3384838910296506,-0.0970683611449421,3.973509925753901,-0.4438040329248592,1.3254242228636406
95.0,91.0,130.05413818359375,-0.0395794008206433,2.666780038222821,-4.117109777813117,-3.6803905568101767,-1.9279758531402984,1.3384838903042595,-0.0970836548303319,3.9735032363975615,-0.4438752546211109,1.3254236000533497
95.0,91.0,130.05416870117188,-0.0396166369985759,2.666780038222821,-4.117109777813117,-3.6805449531729297,-1.9279217369555783,1.3384838903042595,-0.0970836548303319,3.9735032363975615,-0.4438752546211109,1.3254236000533497
95.0,91.0,130.05416870117188,-0.0396166369985759,2.666780038222821,-4.117109777813117,-3.6805449531729297,-1.9279217369555783,1.3384838903042595,-0.0970836548303319,3.9735032363975615,-0.4438752546211109,1.3254236000533497
95.0,91.0,130.05418395996094,-0.0394663072250734,2.6667799498856177,-4.117121601325163,-3.6805437676991866,-1.9279217369555783,1.3384838910296506,-0.0970681975349041,3.973509970802541,-0.4438095859051751,1.3254246375130216
95.0,91.0,130.05421447753906,-0.0398795198845177,2.666779949830793,-4.1174351860380485,-3.680543529635607,-1.9279217369555783,1.3384838910296506,-0.0970840263896268,3.9735022126259865,-0.4437496685312171,1.3253666916412867
95.0,91.0,130.05421447753906,-0.0398795198845177,2.666779949830793,-4.1174351860380485,-3.680543529635607,-1.9279217369555783,1.3384838910296506,-0.0970840263896268,3.9735022126259865,-0.4437496685312171,1.3253666916412867
95.0,91.0,130.0542449951172,-0.0398795198845177,2.666779949830793,-4.1174351860380485,-3.680543529635607,-1.9279217369555783,1.3384838910296506,-0.0970840263896268,3.973509056702992,-0.4437496685312171,1.3253666916412867
95.0,91.0,130.0542449951172,-0.0398922964926721,2.666779949830793,-4.1174351860380485,-3.680549430185894,-1.9279217369555783,1.3384836839255376,-0.0970840263896268,3.973505715331011,-0.4437496685312171,1.325366830454385
95.0,91.0,130.0542449951172,-0.0398922964926721,2.666779949830793,-4.1174351860380485,-3.680549430185894,-1.9279217369555783,1.3384836839255376,-0.0970840263896268,3.973505715331011,-0.4437496685312171,1.325366830454385
95.0,91.0,130.0542449951172,-0.0398764485636818,2.666779944950508,-4.11748243075006,-3.680543529635607,-1.9279217369555783,1.3384838910296506,-0.0970843371539068,3.973502013114585,-0.4437496685312171,1.325364332885287
95.0,91.0,130.05435180664062,-0.0398922964926721,2.666779949830793,-4.117423169075454,-3.680549430185894,-1.9279758454868752,1.3384836831766267,-0.0970840263896268,3.973505715331011,-0.4438657412066669,1.325366830454385
95.0,91.0,130.05447387695312,-0.0396043157288633,2.6667800380151463,-4.117487390226785,-3.680543529635607,-1.9279217369555783,1.3384838910296506,-0.0970840272033913,3.973508255603389,-0.4437496685312171,1.3254252556681962
95.0,91.0,130.0544891357422,-0.0398810778871804,2.666779949830793,-4.1174351860380485,-3.6803883065066,-1.9279217386269163,1.3384838910296506,-0.0970840069221662,3.973503203029653,-0.4437496685312171,1.3254224100646084
95.0,91.0,130.05453491210938,-0.0396209185044338,2.6667800385132474,-4.1175149976202645,-3.6805449301831215,-1.9279217369555783,1.3384838910296506,-0.0970840263896268,3.973508263642309,-0.4437496685312171,1.3254275326121825
95.0,91.0,130.05459594726562,-0.0398795198845177,2.666779949830793,-4.117433850000561,-3.680543529635607,-1.9279217369555783,1.3384838910296506,-0.0970840263896268,3.9735022126259865,-0.4437496685312171,1.3254249906706654
95.0,91.0,130.0546112060547,-0.0398795198845177,2.666779949001091,-4.1174351860380485,-3.6805449301831215,-1.9279217369555783,1.3384838910296506,-0.0970840263896268,3.9735032392466447,-0.4437496685312171,1.3254275326121825
95.0,91.0,130.05465698242188,-0.0398764485636818,2.666780038068648,-4.11748243075006,-3.680543529635607,-1.9279217369555783,1.3384838910296506,-0.0970843369449136,3.9735082025959128,-0.4437496685312171,1.3254242165297176
95.0,91.0,130.05589294433594,-0.0396183174478414,2.666770623681117,-4.1169960809221005,-3.680629447638976,-1.9285528800492693,1.3384838910296506,-0.0970840263896268,3.9735022126259865,-0.4437497935532403,1.3254275801897577
95.0,91.0,130.05589294433594,-0.0396183174478414,2.666770623681117,-4.1169960809221005,-3.680629447638976,-1.9285528800492693,1.3384838910296506,-0.0970840263896268,3.9735022126259865,-0.4437497935532403,1.3254275801897577
95.0,91.0,130.05654907226562,-0.039882206378555,2.666779950317972,-4.118450647048094,-3.680543139715319,-1.9279217369555783,1.3384838910296506,-0.0970845005549516,3.973508176694307,-0.4440044783009032,1.325368534453496
95.0,91.0,130.05677795410156,-0.0398710064516432,2.6667799498856177,-4.118530122137319,-3.6805437676991866,-1.9279217369555783,1.3384838910296506,-0.0970843369449136,3.973508221742947,-0.4440100312812191,1.3253689491028768
95.0,91.0,130.05686950683594,-0.0395959008690111,2.6667799156655336,-4.119010684084845,-3.681120391938836,-1.9270918496010787,1.3384836928519317,-0.0970836573361784,3.973509921140015,-0.4443042014115285,1.3252658031665814
95.0,91.0,130.05706787109375,-0.0395961491752583,2.6667799132330976,-4.119070098343246,-3.681141972086347,-1.9270918496010787,1.3384836928519317,-0.0970836573361784,3.973509880218041,-0.4443042014115285,1.3252658031665814
95.0,91.0,130.05718994140625,-0.0398710064516432,2.6667799498856177,-4.118546796622057,-3.680543529635607,-1.9279217369555783,1.3384838910296506,-0.0970843369449136,3.9735082025959128,-0.4440100312812191,1.325423648056674
95.0,91.0,130.0572052001953,-0.0398710064516432,2.6667799498856177,-4.118546796622057,-3.680542690354684,-1.9279217369555783,1.3384838910296506,-0.0970843444501766,3.9735082025959128,-0.4440046941470923,1.325425579984604
95.0,91.0,130.05723571777344,-0.0395961491752583,2.66678003825701,-4.118944811729225,-3.681141972086347,-1.9271029242421016,1.3384836928519317,-0.0970836573361784,3.973509880218041,-0.4437316139784594,1.3254227734974449
95.0,91.0,130.05763244628906,-0.0396197472902146,2.666779949830793,-4.118963443454605,-3.680543529635607,-1.9279217369555783,1.3384838910296506,-0.0970840263896268,3.9735022126259865,-0.4437496685312171,1.3253666916412867
95.0,91.0,130.0579071044922,-0.0396462195662774,2.666779949830793,-4.119010671880613,-3.6805431202967647,-1.9279217369555783,1.3384838910296506,-0.0970843371550697,3.9735020574109625,-0.4440234976948287,1.325366497779373
95.0,91.0,130.0579071044922,-0.0398795198845177,2.666779949830793,-4.118948698859531,-3.680554507781629,-1.9279217369555783,1.338483891218672,-0.097084336056103,3.9735009735694526,-0.4440047025787446,1.3253666916412867
95.0,91.0,130.0579833984375,-0.0396176683945143,2.666780035341479,-4.118955391558836,-3.680543529635607,-1.9279217369555783,1.3384838910296506,-0.0970843369449136,3.9735033442927454,-0.4437514021876181,1.3254235703859127
95.0,91.0,130.05813598632812,-0.0396183798207538,2.666779949830793,-4.119010688166618,-3.680543529635607,-1.9279217369555783,1.3384838910296506,-0.0970840263896268,3.9735022126259865,-0.4437496685312171,1.3254242165297176
95.0,91.0,130.05813598632812,-0.0396166759693786,2.666779803897483,-4.119010688166618,-3.680543529635607,-1.9279217369555783,1.3384840353639875,-0.097084333926931,3.973503253626897,-0.4437496685312171,1.325424221394394
95.0,92.0,130.0515899658203,-0.0395556890792426,2.666779988915282,-4.116966574252944,-3.6805533671156425,-1.9271029242421016,1.3384838912387014,-0.0970836573361784,3.973509880218041,-0.4437645763500952,1.3252658031665814
95.0,92.0,130.0522918701172,-0.0395961491752583,2.6667799894621647,-4.116966574252944,-3.681141972086347,-1.9271029242421016,1.3384838912387014,-0.0970836573361784,3.973509880218041,-0.4437645758768875,1.3252658031665814
95.0,92.0,130.05282592773438,-0.039596107421773,2.6667799894621647,-4.117029952128153,-3.681141972086347,-1.9270853978969564,1.338483894145904,-0.09708366119974,3.973509877342132,-0.4443065147946529,1.3252672537453236
95.0,92.0,130.0528564453125,-0.0395961491752583,2.6667799894621647,-4.117031255284656,-3.681141972086347,-1.9271029242421016,1.3384836928519317,-0.0970836573361784,3.973509880218041,-0.4443065147946529,1.3252658031665814
95.0,92.0,130.0531768798828,-0.039598314192064,2.6667799897385747,-4.117438416384696,-3.680495880632748,-1.9271492517790736,1.3384836930104504,-0.0970840297366595,3.973505715331011,-0.4443184873268408,1.325366830454385
95.0,92.0,130.05319213867188,-0.0396176947966995,2.666779989868271,-4.1174436731874575,-3.680549430185894,-1.9271243757701533,1.3384836930104504,-0.0970840331501968,3.973505715331011,-0.4443184873268408,1.325366830454385
95.0,92.0,130.05320739746094,-0.0395984317056267,2.666779949830793,-4.117438416384696,-3.680549430185894,-1.9271492517790736,1.3384836930104504,-0.0970840263896268,3.973505715331011,-0.4443184873268408,1.325366830454385
95.0,92.0,130.05361938476562,-0.0394732928540534,2.666779950320031,-4.117034537571187,-3.680549446528937,-1.9279217369555783,1.3384836839255376,-0.097083823361205,3.973505715331011,-0.4437496685312171,1.325366830454385
95.0,92.0,130.0536346435547,-0.0398795198845177,2.666779949830793,-4.1174351860380485,-3.680543529635607,-1.9279457617798743,1.3384838910297072,-0.0970840334940902,3.973502301822879,-0.4437645931229552,1.3252654307436105
95.0,92.0,130.05368041992188,-0.0396166759693786,2.6667799892738024,-4.1170971317220495,-3.680543529635607,-1.9279217369555783,1.3384838910296506,-0.0970843369449136,3.9735082025959128,-0.4443245693474105,1.325267246198854
95.0,92.0,130.05368041992188,-0.0396166759693786,2.6667799892738024,-4.1170971317220495,-3.680543529635607,-1.9279217369555783,1.3384838910296506,-0.0970843369449136,3.9735082025959128,-0.4443245693474105,1.325267246198854
95.0,92.0,130.05368041992188,-0.0396166759693786,2.6667799892738024,-4.1170971317220495,-3.680543529635607,-1.9279217369555783,1.3384838910296506,-0.0970843369449136,3.9735082025959128,-0.4443245693474105,1.325267246198854
95.0,92.0,130.05368041992188,-0.0396166759693786,2.6667799892738024,-4.1170971317220495,-3.680543529635607,-1.9279217369555783,1.338483897284895,-0.0970843369449136,3.9735082025959128,-0.4443245693474105,1.325267246198854
95.0,92.0,130.05368041992188,-0.0395940404574569,2.6667799540860915,-4.117115940015404,-3.680375984632745,-1.9279217369555783,1.3384838910529555,-0.0970840263896268,3.973509056702992,-0.4437598326042817,1.3253666916412867
95.0,92.0,130.05369567871094,-0.0395961491752583,2.6667800382604057,-4.117492357705356,-3.681141972086347,-1.9270737698668672,1.3384836928519317,-0.0970836573361784,3.9735099870044337,-0.4437316139784594,1.3254227734974449
95.0,92.0,130.05372619628906,-0.0396166759693786,2.666779990228596,-4.1170971317220495,-3.6805436111692256,-1.9279217369555783,1.338483897284895,-0.0970840308909768,3.9735057349412215,-0.4443593193218616,1.325267246198854
95.0,92.0,130.05380249023438,-0.0398796659214458,2.666779948682036,-4.117095804765766,-3.680543529635607,-1.9279217369555783,1.338483874103127,-0.0970845363788249,3.973500889026664,-0.4443245693474105,1.3252592824248928
95.0,92.0,130.0538330078125,-0.0398713056094683,2.66677994865204,-4.1170971317220495,-3.680543529635607,-1.9279217369555783,1.338483874103127,-0.0970845365047158,3.9735008910303886,-0.4443245693474105,1.325267246198854
95.0,92.0,130.05384826660156,-0.0398713056094683,2.6667798077291187,-4.117109769492742,-3.680543529635607,-1.9279217934757813,1.338483874103127,-0.0970845365047158,3.9735008910303886,-0.4443245693474105,1.325267246198854
95.0,92.0,130.053955078125,-0.0398795198845177,2.666779949830793,-4.117024738217954,-3.680554507781629,-1.9279217369555783,1.3384838743133995,-0.0970845421118966,3.9735009735694526,-0.4440047025787446,1.3253655530574011
95.0,92.0,130.053955078125,-0.0398795198845177,2.666779949830793,-4.117024738217954,-3.680555347062552,-1.9279217369555783,1.3384838743133995,-0.0970845346066336,3.9735009735694526,-0.4440100397128714,1.3253636211294713
95.0,92.0,130.05397033691406,-0.0398795198845177,2.666779949830793,-4.117024738217954,-3.680554507781629,-1.9279217369555783,1.3384838944198878,-0.0970840280003018,3.9735009735694526,-0.4440047025787446,1.3253666916412867
95.0,92.0,130.05397033691406,-0.0398795198845177,2.666779949830793,-4.117024738217954,-3.680554507781629,-1.9279217369555783,1.3384838944198878,-0.0970840280003018,3.9735009735694526,-0.4440047025787446,1.3253666916412867
95.0,92.0,130.0540008544922,-0.0398711595725403,2.6667799498007967,-4.117026065174239,-3.680555347062552,-1.9279217369555783,1.3384838743133995,-0.0970845347325246,3.9735009755731774,-0.4440100397128714,1.3253715849034324
95.0,92.0,130.05401611328125,-0.0395794008206433,2.666780038222821,-4.117121794775712,-3.6803905568101767,-1.9279217446090016,1.338483891053171,-0.0970836548303319,3.9735032363975615,-0.4437591819456611,1.3254236000533497
95.0,92.0,130.05401611328125,-0.0395794008206433,2.666779806913839,-4.117121794775712,-3.6803905568101767,-1.927921791867346,1.338483891053171,-0.0970836548303319,3.973503233737601,-0.4437591819456611,1.3254236000533497
95.0,92.0,130.0540313720703,-0.0395794008206433,2.666779951271575,-4.117097505570988,-3.6803905568101767,-1.9279217360343843,1.3384838903042595,-0.0970840069005472,3.973503233813235,-0.4438752546211109,1.3254236000533497
95.0,92.0,130.05406188964844,-0.0395794008206433,2.666779810348654,-4.11711014334168,-3.6803905568101767,-1.927921792554587,1.3384838903042595,-0.0970840069005472,3.973503233813235,-0.4438752546211109,1.3254236000533497
95.0,92.0,130.05406188964844,-0.0395794008206433,2.6667800416576366,-4.11711014334168,-3.6803905568101767,-1.9279217452962425,1.3384838903042595,-0.0970840069005472,3.973503236473196,-0.4438752546211109,1.3254236000533497
95.0,92.0,130.05409240722656,-0.03961531047571,2.6667800385132474,-4.117017984490261,-3.6805449301831215,-1.9279217369555783,1.3384838910296506,-0.0970840263896268,3.973508263642309,-0.4437593634920122,1.3254275326121825
95.0,92.0,130.05410766601562,-0.0394775071519852,2.666779950317972,-4.117042126235939,-3.680543139715319,-1.9279217369555783,1.3384838910296506,-0.0970683611449421,3.973509925753901,-0.4438040329248592,1.3254242228636406
95.0,92.0,130.05410766601562,-0.0394775071519852,2.666779950317972,-4.117042126235939,-3.680543139715319,-1.9279217369555783,1.3384838910296506,-0.0970683611449421,3.973509925753901,-0.4438040329248592,1.3254242228636406
95.0,92.0,130.05413818359375,-0.0395794008206433,2.666780038222821,-4.117109777813117,-3.6803905568101767,-1.9279758531402984,1.3384838903042595,-0.0970836548303319,3.9735032363975615,-0.4438752546211109,1.3254236000533497
95.0,92.0,130.0541534423828,-0.0395794008206433,2.666780038222821,-4.117109777813117,-3.6803905568101767,-1.9279774586966232,1.338483893940954,-0.0970836548303319,3.973503295661111,-0.4438635004183294,1.3254259703033773
95.0,92.0,130.05416870117188,-0.0396166369985759,2.666780038222821,-4.117109777813117,-3.6805449531729297,-1.9279217369555783,1.3384838903042595,-0.0970836548303319,3.9735032363975615,-0.4438752546211109,1.3254236000533497
95.0,92.0,130.05416870117188,-0.0396166369985759,2.666780038222821,-4.117109777813117,-3.6805449531729297,-1.9279217369555783,1.3384838903042595,-0.0970836548303319,3.9735032363975615,-0.4438752546211109,1.3254236000533497
95.0,92.0,130.05418395996094,-0.0394663072250734,2.6667799498856177,-4.117121601325163,-3.6805437676991866,-1.9279217369555783,1.3384838910296506,-0.0970681975349041,3.973509970802541,-0.4438095859051751,1.3254246375130216
95.0,92.0,130.05421447753906,-0.0398795198845177,2.666779949830793,-4.1174351860380485,-3.680543529635607,-1.9279217369555783,1.3384838910296506,-0.0970840263896268,3.9735022126259865,-0.4437496685312171,1.3253666916412867
95.0,92.0,130.05421447753906,-0.0398795198845177,2.666779949830793,-4.1174351860380485,-3.680543529635607,-1.9279217369555783,1.3384838910296506,-0.0970840263896268,3.9735022126259865,-0.4437496685312171,1.3253666916412867
95.0,92.0,130.0542449951172,-0.0398795198845177,2.666779949830793,-4.1174351860380485,-3.680543529635607,-1.9279217369555783,1.3384838910296506,-0.0970840263896268,3.973509056702992,-0.4437496685312171,1.3253666916412867
95.0,92.0,130.0542449951172,-0.0398922964926721,2.666779949830793,-4.1174351860380485,-3.680549430185894,-1.9279217369555783,1.3384836839255376,-0.0970840263896268,3.973505715331011,-0.4437496685312171,1.325366830454385
95.0,92.0,130.0542449951172,-0.0398922964926721,2.666779949830793,-4.1174351860380485,-3.680549430185894,-1.9279217369555783,1.3384836839255376,-0.0970840263896268,3.973505715331011,-0.4437496685312171,1.325366830454385
95.0,92.0,130.0542449951172,-0.0398764485636818,2.666779944950508,-4.11748243075006,-3.680543529635607,-1.9279217369555783,1.3384838910296506,-0.0970843371539068,3.973502013114585,-0.4437496685312171,1.325364332885287
95.0,92.0,130.0542449951172,-0.0398795198845177,2.666779949830793,-4.1174351860380485,-3.680543529635607,-1.9279217369555783,1.3384838971676143,-0.0970840263896268,3.973508024585475,-0.4437422913047202,1.3253666916412867
95.0,92.0,130.05426025390625,-0.0398922964926721,2.6667799488760005,-4.1174351860380485,-3.680549348652275,-1.9279217369555783,1.3384836839255376,-0.0970843324435636,3.9735081829857024,-0.4437149185567661,1.325366830454385
95.0,92.0,130.05433654785156,-0.0399199799805335,2.6667799503776752,-4.1174351860380485,-3.681132134606312,-1.9279457617798743,1.3384838910297072,-0.0970840334940902,3.973502301822879,-0.4437645926497475,1.3252654307436105
95.0,92.0,130.05435180664062,-0.0398922964926721,2.666779949830793,-4.117423169075454,-3.680549430185894,-1.9279758454868752,1.3384836831766267,-0.0970840263896268,3.973505715331011,-0.4438657412066669,1.325366830454385
95.0,92.0,130.05445861816406,-0.0398763275766289,2.666779949830793,-4.117562118611561,-3.680554507781629,-1.9279217369555783,1.338483891054603,-0.0970843360484329,3.9735008947994825,-0.4440047025787446,1.3253678541616336
95.0,92.0,130.05447387695312,-0.0396043157288633,2.6667800380151463,-4.117487390226785,-3.680543529635607,-1.9279217369555783,1.3384838910296506,-0.0970840272033913,3.973508255603389,-0.4437496685312171,1.3254252556681962
95.0,92.0,130.0544891357422,-0.0398810778871804,2.666779949830793,-4.1174351860380485,-3.6803883065066,-1.9279217386269163,1.3384838910296506,-0.0970840069221662,3.973503203029653,-0.4437496685312171,1.3254224100646084
95.0,93.0,130.0515899658203,-0.0395556890792426,2.666779988915282,-4.116966574252944,-3.6805533671156425,-1.9271029242421016,1.3384838912387014,-0.0970836573361784,3.973509880218041,-0.4437645763500952,1.3252658031665814
95.0,93.0,130.0522918701172,-0.0395961491752583,2.6667799894621647,-4.116966574252944,-3.681141972086347,-1.9271029242421016,1.3384838912387014,-0.0970836573361784,3.973509880218041,-0.4437645758768875,1.3252658031665814
95.0,93.0,130.0522918701172,-0.0395963308978215,2.6667799895262987,-4.116958429008705,-3.681141972086347,-1.9271027578297748,1.3384838923153382,-0.0970836728574247,3.973510001852673,-0.4437645758768875,1.3252658031665814
95.0,93.0,130.05230712890625,-0.0395918045021908,2.6667799890986257,-4.117024758903278,-3.680554507781629,-1.927080836363346,1.3384838944198878,-0.0970840280003018,3.9735009735694526,-0.4440047025787446,1.3253666916412867
95.0,93.0,130.0523681640625,-0.0395961491752583,2.6667799894621647,-4.117033247983915,-3.681141972086347,-1.9271029242421016,1.3384839000423443,-0.0970836573361784,3.973509880218041,-0.4437645758768875,1.3252658031665814
95.0,93.0,130.0527801513672,-0.039596107421773,2.666779809103969,-4.117029952128153,-3.681137633458549,-1.9270853978969564,1.338483894145904,-0.09708366119974,3.973502998066686,-0.4443065147946529,1.325267904823784
95.0,93.0,130.05279541015625,-0.0395961491752583,2.6667799894621647,-4.116964581553685,-3.681141972086347,-1.9271029242421016,1.3384836840482883,-0.0970836573361784,3.973509880218041,-0.4443065147946529,1.3252658031665814
95.0,93.0,130.05282592773438,-0.039596107421773,2.6667799894621647,-4.117029952128153,-3.681141972086347,-1.9270853978969564,1.338483894145904,-0.09708366119974,3.973509877342132,-0.4443065147946529,1.3252672537453236
95.0,93.0,130.0528564453125,-0.0395961491752583,2.6667799894621647,-4.117031255284656,-3.681141972086347,-1.9271029242421016,1.3384836928519317,-0.0970836573361784,3.973509880218041,-0.4443065147946529,1.3252658031665814
95.0,93.0,130.05287170410156,-0.0395984003151654,2.666779989474313,-4.117022974747401,-3.681160521760695,-1.9271029242421016,1.3384836928519317,-0.0970836573361784,3.973509880218041,-0.4443065147946529,1.3252658031665814
95.0,93.0,130.0531768798828,-0.039598314192064,2.6667799897385747,-4.117438416384696,-3.680495880632748,-1.9271492517790736,1.3384836930104504,-0.0970840297366595,3.973505715331011,-0.4443184873268408,1.325366830454385
95.0,93.0,130.05319213867188,-0.0396176947966995,2.666779989868271,-4.1174436731874575,-3.680549430185894,-1.9271243757701533,1.3384836930104504,-0.0970840331501968,3.973505715331011,-0.4443184873268408,1.325366830454385
95.0,93.0,130.05320739746094,-0.0395984317056267,2.666779949830793,-4.117438416384696,-3.680549430185894,-1.9271492517790736,1.3384836930104504,-0.0970840263896268,3.973505715331011,-0.4443184873268408,1.325366830454385
95.0,93.0,130.05320739746094,-0.0396176947966995,2.6667800372724715,-4.117491462942582,-3.680519425088254,-1.927125252041932,1.3384836930104504,-0.0970840331501968,3.973505715331011,-0.4443184873268408,1.325366830454385
95.0,93.0,130.05361938476562,-0.0394732928540534,2.666779950320031,-4.117034537571187,-3.680549446528937,-1.9279217369555783,1.3384836839255376,-0.097083823361205,3.973505715331011,-0.4437496685312171,1.325366830454385
95.0,93.0,130.05361938476562,-0.0398708242410398,2.666779949847624,-4.1174351860380485,-3.680543529635607,-1.9279457617798743,1.3384838907772578,-0.0970840334940902,3.973502301822879,-0.4437645931229552,1.3252654307436105
95.0,93.0,130.0536346435547,-0.0398795198845177,2.666779949830793,-4.1174351860380485,-3.680543529635607,-1.9279457617798743,1.3384838910297072,-0.0970840334940902,3.973502301822879,-0.4437645931229552,1.3252654307436105
95.0,93.0,130.05368041992188,-0.0396166759693786,2.6667799892738024,-4.1170971317220495,-3.680543529635607,-1.9279217369555783,1.3384838910296506,-0.0970843369449136,3.9735082025959128,-0.4443245693474105,1.325267246198854
95.0,93.0,130.05368041992188,-0.0396166759693786,2.6667799892738024,-4.1170971317220495,-3.680543529635607,-1.9279217369555783,1.3384838910296506,-0.0970843369449136,3.9735082025959128,-0.4443245693474105,1.325267246198854
95.0,93.0,130.05368041992188,-0.0396166759693786,2.6667799892738024,-4.1170971317220495,-3.680543529635607,-1.9279217369555783,1.3384838910296506,-0.0970843369449136,3.9735082025959128,-0.4443245693474105,1.325267246198854
95.0,93.0,130.05368041992188,-0.0396166759693786,2.6667799892738024,-4.1170971317220495,-3.680543529635607,-1.9279217369555783,1.338483897284895,-0.0970843369449136,3.9735082025959128,-0.4443245693474105,1.325267246198854
95.0,93.0,130.05368041992188,-0.0395940404574569,2.6667799540860915,-4.117115940015404,-3.680375984632745,-1.9279217369555783,1.3384838910529555,-0.0970840263896268,3.973509056702992,-0.4437598326042817,1.3253666916412867
95.0,93.0,130.05368041992188,-0.0396166759693786,2.6667799892738024,-4.1170971317220495,-3.680543529635607,-1.9279217369555783,1.338483897284895,-0.0970843369449136,3.9735082025959128,-0.4443245693474105,1.325267246198854
95.0,93.0,130.05368041992188,-0.0395961491752583,2.666779990856205,-4.117444567950231,-3.681171977183987,-1.9270728935950885,1.3384836928519317,-0.0970836573361784,3.9735099870044337,-0.4437316139784594,1.3254227734974449
95.0,93.0,130.05368041992188,-0.0396166759693786,2.6667799892738024,-4.1170971317220495,-3.680543529635607,-1.9279217369555783,1.338483897284895,-0.0970843369449136,3.9735082025959128,-0.4443245693474105,1.325267246198854
95.0,93.0,130.05369567871094,-0.0395961491752583,2.6667800382604057,-4.117492357705356,-3.681141972086347,-1.9270737698668672,1.3384836928519317,-0.0970836573361784,3.9735099870044337,-0.4437316139784594,1.3254227734974449
95.0,93.0,130.0537109375,-0.0396099513440282,2.666779951884379,-4.1170971317220495,-3.680545711918192,-1.927921736870707,1.338483897284895,-0.0970840307673195,3.973503267688708,-0.4443593193218616,1.325267246198854
95.0,93.0,130.05372619628906,-0.0396166759693786,2.666779990228596,-4.1170971317220495,-3.6805436111692256,-1.9279217369555783,1.338483897284895,-0.0970840308909768,3.9735057349412215,-0.4443593193218616,1.325267246198854
95.0,93.0,130.05372619628906,-0.0396166759693786,2.666779990501712,-4.1170971317220495,-3.6805436111692256,-1.9279217369555783,1.338483897284895,-0.0970840316801896,3.9735057349412215,-0.4443594228423231,1.325267246198854
95.0,93.0,130.05380249023438,-0.0398796659214458,2.666779948682036,-4.117095804765766,-3.680543529635607,-1.9279217369555783,1.338483874103127,-0.0970845363788249,3.973500889026664,-0.4443245693474105,1.3252592824248928
95.0,93.0,130.0538330078125,-0.0398713056094683,2.66677994865204,-4.1170971317220495,-3.680543529635607,-1.9279217369555783,1.338483874103127,-0.0970845365047158,3.9735008910303886,-0.4443245693474105,1.325267246198854
95.0,93.0,130.05384826660156,-0.0398713056094683,2.6667798077291187,-4.117109769492742,-3.680543529635607,-1.9279217934757813,1.338483874103127,-0.0970845365047158,3.9735008910303886,-0.4443245693474105,1.325267246198854
95.0,93.0,130.05393981933594,-0.0394732928540534,2.666779950320031,-4.117408537567723,-3.680549446528937,-1.9279217369555783,1.3384836839255376,-0.097083823361205,3.973505715331011,-0.4437496685312171,1.325366830454385
95.0,93.0,130.053955078125,-0.0398795198845177,2.666779949830793,-4.117024738217954,-3.680554507781629,-1.9279217369555783,1.3384838743133995,-0.0970845421118966,3.9735009735694526,-0.4440047025787446,1.3253655530574011
95.0,93.0,130.053955078125,-0.0398795198845177,2.666779949830793,-4.117024738217954,-3.680555347062552,-1.9279217369555783,1.3384838743133995,-0.0970845346066336,3.9735009735694526,-0.4440100397128714,1.3253636211294713
95.0,93.0,130.05397033691406,-0.0398795198845177,2.666779949830793,-4.117024738217954,-3.680554507781629,-1.9279217369555783,1.3384838944198878,-0.0970840280003018,3.9735009735694526,-0.4440047025787446,1.3253666916412867
95.0,93.0,130.05397033691406,-0.0398795198845177,2.666779949830793,-4.117024738217954,-3.680554507781629,-1.9279217369555783,1.3384838944198878,-0.0970840280003018,3.9735009735694526,-0.4440047025787446,1.3253666916412867
95.0,93.0,130.0540008544922,-0.0398711595725403,2.6667799498007967,-4.117026065174239,-3.680555347062552,-1.9279217369555783,1.3384838743133995,-0.0970845347325246,3.9735009755731774,-0.4440100397128714,1.3253715849034324
95.0,93.0,130.05401611328125,-0.0395794008206433,2.666780038222821,-4.117121794775712,-3.6803905568101767,-1.9279217446090016,1.338483891053171,-0.0970836548303319,3.9735032363975615,-0.4437591819456611,1.3254236000533497
95.0,93.0,130.05401611328125,-0.0395794008206433,2.666779806913839,-4.117121794775712,-3.6803905568101767,-1.927921791867346,1.338483891053171,-0.0970836548303319,3.973503233737601,-0.4437591819456611,1.3254236000533497
95.0,93.0,130.0540313720703,-0.0395794008206433,2.666779951271575,-4.117097505570988,-3.6803905568101767,-1.9279217360343843,1.3384838903042595,-0.0970840069005472,3.973503233813235,-0.4438752546211109,1.3254236000533497
95.0,93.0,130.05406188964844,-0.0395794008206433,2.666779810348654,-4.11711014334168,-3.6803905568101767,-1.927921792554587,1.3384838903042595,-0.0970840069005472,3.973503233813235,-0.4438752546211109,1.3254236000533497
95.0,93.0,130.05406188964844,-0.0395794008206433,2.6667800416576366,-4.11711014334168,-3.6803905568101767,-1.9279217452962425,1.3384838903042595,-0.0970840069005472,3.973503236473196,-0.4438752546211109,1.3254236000533497
95.0,93.0,130.05406188964844,-0.0395794008206433,2.6667800413845213,-4.11711014334168,-3.6803905568101767,-1.9279217452962425,1.3384838903042595,-0.0970840061113344,3.973503236473196,-0.4438751511006493,1.3254236000533497
95.0,93.0,130.05409240722656,-0.03961531047571,2.6667800385132474,-4.117017984490261,-3.6805449301831215,-1.9279217369555783,1.3384838910296506,-0.0970840263896268,3.973508263642309,-0.4437593634920122,1.3254275326121825
95.0,93.0,130.05409240722656,-0.0395794008206433,2.666779990706849,-4.11711014334168,-3.680394895437974,-1.927921792554587,1.3384838903042595,-0.0970840069005472,3.9735101130886816,-0.4438752546211109,1.3254229489748894
95.0,93.0,130.05410766601562,-0.0394775071519852,2.666779950317972,-4.117042126235939,-3.680543139715319,-1.9279217369555783,1.3384838910296506,-0.0970683611449421,3.973509925753901,-0.4438040329248592,1.3254242228636406
95.0,93.0,130.05410766601562,-0.0394775071519852,2.666779950317972,-4.117042126235939,-3.680543139715319,-1.9279217369555783,1.3384838910296506,-0.0970683611449421,3.973509925753901,-0.4438040329248592,1.3254242228636406
95.0,93.0,130.05413818359375,-0.0395794008206433,2.666780038222821,-4.117109777813117,-3.6803905568101767,-1.9279758531402984,1.3384838903042595,-0.0970836548303319,3.9735032363975615,-0.4438752546211109,1.3254236000533497
95.0,93.0,130.05413818359375,-0.0395794008206433,2.666780038222821,-4.117109777813117,-3.6803905568101767,-1.9279758529161093,1.3384838903042595,-0.0970836548303319,3.973503293674909,-0.4438639727152327,1.3254236000533497
95.0,94.0,130.0515899658203,-0.0395556890792426,2.666779988915282,-4.116966574252944,-3.6805533671156425,-1.9271029242421016,1.3384838912387014,-0.0970836573361784,3.973509880218041,-0.4437645763500952,1.3252658031665814
95.0,94.0,130.0515899658203,-0.0395520303134218,2.666779988915282,-4.116966574252944,-3.680553868869752,-1.9271029242421016,1.3384838975357731,-0.0970836573361784,3.9735099533047182,-0.4437645763500952,1.3252658031665814
95.0,94.0,130.05197143554688,-0.0395784238642449,2.6667800389765004,-4.116964581553685,-3.680355395735036,-1.9270980572926304,1.3384838930855951,-0.0970836573361784,3.973509769904452,-0.4443065147946529,1.3252658031665814
95.0,94.0,130.05210876464844,-0.039596107421773,2.666779988298051,-4.117028767563907,-3.680524560056794,-1.9270701857560173,1.338483894145904,-0.09708366119974,3.973509877342132,-0.4443070037755151,1.325267252924014
95.0,94.0,130.0522918701172,-0.0395961491752583,2.6667799894621647,-4.116966574252944,-3.681141972086347,-1.9271029242421016,1.3384838912387014,-0.0970836573361784,3.973509880218041,-0.4437645758768875,1.3252658031665814
95.0,94.0,130.0522918701172,-0.0395963308978215,2.6667799895262987,-4.116958429008705,-3.681141972086347,-1.9271027578297748,1.3384838923153382,-0.0970836728574247,3.973510001852673,-0.4437645758768875,1.3252658031665814
95.0,94.0,130.05230712890625,-0.0395918045021908,2.6667799890986257,-4.117024758903278,-3.680554507781629,-1.927080836363346,1.3384838944198878,-0.0970840280003018,3.9735009735694526,-0.4440047025787446,1.3253666916412867
95.0,94.0,130.0523681640625,-0.0395961491752583,2.6667799894621647,-4.117033247983915,-3.681141972086347,-1.9271029242421016,1.3384839000423443,-0.0970836573361784,3.973509880218041,-0.4437645758768875,1.3252658031665814
95.0,94.0,130.0527801513672,-0.039596107421773,2.666779809103969,-4.117029952128153,-3.681137633458549,-1.9270853978969564,1.338483894145904,-0.09708366119974,3.973502998066686,-0.4443065147946529,1.325267904823784
95.0,94.0,130.05279541015625,-0.0395961491752583,2.6667799894621647,-4.116964581553685,-3.681141972086347,-1.9271029242421016,1.3384836840482883,-0.0970836573361784,3.973509880218041,-0.4443065147946529,1.3252658031665814
95.0,94.0,130.05282592773438,-0.039596107421773,2.6667799894621647,-4.117029952128153,-3.681141972086347,-1.9270853978969564,1.338483894145904,-0.09708366119974,3.973509877342132,-0.4443065147946529,1.3252672537453236
95.0,94.0,130.0528564453125,-0.0395961491752583,2.6667799894621647,-4.117031255284656,-3.681141972086347,-1.9271029242421016,1.3384836928519317,-0.0970836573361784,3.973509880218041,-0.4443065147946529,1.3252658031665814
95.0,94.0,130.0528564453125,-0.039596601050544,2.6667799894621647,-4.117032242338899,-3.681141972086347,-1.9271029242421016,1.3384838938056682,-0.0970836334719151,3.97350995247768,-0.4443065147946529,1.3252671249128594
95.0,94.0,130.05287170410156,-0.0395984003151654,2.666779989474313,-4.117022974747401,-3.681160521760695,-1.9271029242421016,1.3384836928519317,-0.0970836573361784,3.973509880218041,-0.4443065147946529,1.3252658031665814
95.0,94.0,130.05287170410156,-0.0395961946042999,2.6667799894621647,-4.117043361096262,-3.681141972086347,-1.9271038096241773,1.338483693006005,-0.0970836586719391,3.973509983867691,-0.4443065147946529,1.3252658031665814
95.0,94.0,130.0531768798828,-0.039598314192064,2.6667799897385747,-4.117438416384696,-3.680495880632748,-1.9271492517790736,1.3384836930104504,-0.0970840297366595,3.973505715331011,-0.4443184873268408,1.325366830454385
95.0,94.0,130.05319213867188,-0.0396176947966995,2.666779989868271,-4.1174436731874575,-3.680549430185894,-1.9271243757701533,1.3384836930104504,-0.0970840331501968,3.973505715331011,-0.4443184873268408,1.325366830454385
95.0,94.0,130.05320739746094,-0.0395984317056267,2.666779949830793,-4.117438416384696,-3.680549430185894,-1.9271492517790736,1.3384836930104504,-0.0970840263896268,3.973505715331011,-0.4443184873268408,1.325366830454385
95.0,94.0,130.05320739746094,-0.0396176947966995,2.6667800372724715,-4.117491462942582,-3.680519425088254,-1.927125252041932,1.3384836930104504,-0.0970840331501968,3.973505715331011,-0.4443184873268408,1.325366830454385
95.0,94.0,130.05325317382812,-0.0396181333028235,2.666779809103969,-4.117443423820245,-3.681147632897677,-1.927125247733587,1.3384836968652838,-0.09708366119974,3.973502998066686,-0.4443065147946529,1.325267904823784
95.0,94.0,130.05361938476562,-0.0394732928540534,2.666779950320031,-4.117034537571187,-3.680549446528937,-1.9279217369555783,1.3384836839255376,-0.097083823361205,3.973505715331011,-0.4437496685312171,1.325366830454385
95.0,94.0,130.05361938476562,-0.0398708242410398,2.666779949847624,-4.1174351860380485,-3.680543529635607,-1.9279457617798743,1.3384838907772578,-0.0970840334940902,3.973502301822879,-0.4437645931229552,1.3252654307436105
95.0,94.0,130.05361938476562,-0.0395940547937866,2.6667799540860915,-4.117115455833565,-3.680375984632745,-1.9279217369555783,1.3384838909561667,-0.097084028001802,3.973500636952777,-0.4437598326042817,1.3253666916412867
95.0,94.0,130.05361938476562,-0.0395601384967364,2.666779949830793,-4.117024738217954,-3.680553382868877,-1.9279217369555783,1.338483891240312,-0.0970836787186569,3.9735009735694526,-0.4437598984411041,1.3253655530574011
95.0,94.0,130.0536346435547,-0.0398795198845177,2.666779949830793,-4.1174351860380485,-3.680543529635607,-1.9279457617798743,1.3384838910297072,-0.0970840334940902,3.973502301822879,-0.4437645931229552,1.3252654307436105
95.0,94.0,130.0536346435547,-0.0394747563577083,2.666779947624508,-4.117037137554921,-3.680549446528937,-1.9279217369555783,1.3384836839258238,-0.097083823361205,3.973505755011637,-0.4437496685312171,1.325366830454385
95.0,94.0,130.0536651611328,-0.039593989379107,2.6667799906620013,-4.117095530950908,-3.680375984632745,-1.9279217369555783,1.338483896807794,-0.0970840263896268,3.973509056702992,-0.443768451519287,1.3253666916412867
95.0,94.0,130.05368041992188,-0.0396166759693786,2.6667799892738024,-4.1170971317220495,-3.680543529635607,-1.9279217369555783,1.3384838910296506,-0.0970843369449136,3.9735082025959128,-0.4443245693474105,1.325267246198854
95.0,94.0,130.05368041992188,-0.0396166759693786,2.6667799892738024,-4.1170971317220495,-3.680543529635607,-1.9279217369555783,1.3384838910296506,-0.0970843369449136,3.9735082025959128,-0.4443245693474105,1.325267246198854
95.0,94.0,130.05368041992188,-0.0396166759693786,2.6667799892738024,-4.1170971317220495,-3.680543529635607,-1.9279217369555783,1.3384838910296506,-0.0970843369449136,3.9735082025959128,-0.4443245693474105,1.325267246198854
95.0,94.0,130.05368041992188,-0.0396166759693786,2.6667799892738024,-4.1170971317220495,-3.680543529635607,-1.9279217369555783,1.338483897284895,-0.0970843369449136,3.9735082025959128,-0.4443245693474105,1.325267246198854
95.0,94.0,130.05368041992188,-0.0395940404574569,2.6667799540860915,-4.117115940015404,-3.680375984632745,-1.9279217369555783,1.3384838910529555,-0.0970840263896268,3.973509056702992,-0.4437598326042817,1.3253666916412867
95.0,94.0,130.05368041992188,-0.0396166759693786,2.6667799892738024,-4.1170971317220495,-3.680543529635607,-1.9279217369555783,1.338483897284895,-0.0970843369449136,3.9735082025959128,-0.4443245693474105,1.325267246198854
95.0,94.0,130.05368041992188,-0.0395961491752583,2.666779990856205,-4.117444567950231,-3.681171977183987,-1.9270728935950885,1.3384836928519317,-0.0970836573361784,3.9735099870044337,-0.4437316139784594,1.3254227734974449
95.0,94.0,130.05368041992188,-0.0396166759693786,2.6667799892738024,-4.1170971317220495,-3.680543529635607,-1.9279217369555783,1.338483897284895,-0.0970843369449136,3.9735082025959128,-0.4443245693474105,1.325267246198854
95.0,94.0,130.05369567871094,-0.0395961491752583,2.6667800382604057,-4.117492357705356,-3.681141972086347,-1.9270737698668672,1.3384836928519317,-0.0970836573361784,3.9735099870044337,-0.4437316139784594,1.3254227734974449
95.0,94.0,130.05369567871094,-0.0395961491752583,2.6667800382604057,-4.117492357705356,-3.681141972086347,-1.927074146709244,1.3384836968282194,-0.0970836566359256,3.9735099870044337,-0.4437323921277751,1.3254227734974449
95.0,94.0,130.05369567871094,-0.0396167270477285,2.666779952697893,-4.117117540786546,-3.680543529635607,-1.9279217369555783,1.3384838915300563,-0.0970843369449136,3.9735082025959128,-0.4443159504324052,1.325267246198854
95.0,94.0,130.0537109375,-0.0396099513440282,2.666779951884379,-4.1170971317220495,-3.680545711918192,-1.927921736870707,1.338483897284895,-0.0970840307673195,3.973503267688708,-0.4443593193218616,1.325267246198854
95.0,94.0,130.05372619628906,-0.0396166759693786,2.666779990228596,-4.1170971317220495,-3.6805436111692256,-1.9279217369555783,1.338483897284895,-0.0970840308909768,3.9735057349412215,-0.4443593193218616,1.325267246198854
95.0,94.0,130.05372619628906,-0.0396166759693786,2.666779990501712,-4.1170971317220495,-3.6805436111692256,-1.9279217369555783,1.338483897284895,-0.0970840316801896,3.9735057349412215,-0.4443594228423231,1.325267246198854
95.0,94.0,130.05374145507812,-0.0396166759693786,2.6667799902283544,-4.1170971317220495,-3.6805435293419504,-1.9279217369555783,1.3384838975518556,-0.0970843390022666,3.9735081880441614,-0.4443593193218616,1.325267246198854
95.0,94.0,130.05380249023438,-0.0398796659214458,2.666779948682036,-4.117095804765766,-3.680543529635607,-1.9279217369555783,1.338483874103127,-0.0970845363788249,3.973500889026664,-0.4443245693474105,1.3252592824248928
95.0,94.0,130.0538330078125,-0.0398713056094683,2.66677994865204,-4.1170971317220495,-3.680543529635607,-1.9279217369555783,1.338483874103127,-0.0970845365047158,3.9735008910303886,-0.4443245693474105,1.325267246198854
95.0,94.0,130.05384826660156,-0.0398713056094683,2.6667798077291187,-4.117109769492742,-3.680543529635607,-1.9279217934757813,1.338483874103127,-0.0970845365047158,3.9735008910303886,-0.4443245693474105,1.325267246198854
95.0,94.0,130.05384826660156,-0.0396035270603833,2.6667799454784062,-4.116958299764493,-3.681141972086347,-1.9280105585215408,1.338483874890873,-0.0970836508112381,3.973510001852673,-0.4437645758768875,1.3252658031665814
95.0,94.0,130.05393981933594,-0.0394732928540534,2.666779950320031,-4.117408537567723,-3.680549446528937,-1.9279217369555783,1.3384836839255376,-0.097083823361205,3.973505715331011,-0.4437496685312171,1.325366830454385
95.0,94.0,130.053955078125,-0.0398795198845177,2.666779949830793,-4.117024738217954,-3.680554507781629,-1.9279217369555783,1.3384838743133995,-0.0970845421118966,3.9735009735694526,-0.4440047025787446,1.3253655530574011
95.0,94.0,130.053955078125,-0.0398795198845177,2.666779949830793,-4.117024738217954,-3.680555347062552,-1.9279217369555783,1.3384838743133995,-0.0970845346066336,3.9735009735694526,-0.4440100397128714,1.3253636211294713
95.0,94.0,130.05397033691406,-0.0398795198845177,2.666779949830793,-4.117024738217954,-3.680554507781629,-1.9279217369555783,1.3384838944198878,-0.0970840280003018,3.9735009735694526,-0.4440047025787446,1.3253666916412867
95.0,95.0,130.0515899658203,-0.0395556890792426,2.666779988915282,-4.116966574252944,-3.6805533671156425,-1.9271029242421016,1.3384838912387014,-0.0970836573361784,3.973509880218041,-0.4437645763500952,1.3252658031665814
95.0,95.0,130.0515899658203,-0.0395520303134218,2.666779988915282,-4.116966574252944,-3.680553868869752,-1.9271029242421016,1.3384838975357731,-0.0970836573361784,3.9735099533047182,-0.4437645763500952,1.3252658031665814
95.0,95.0,130.05160522460938,-0.0396016671842101,2.666779988298051,-4.117028767563907,-3.680523971607884,-1.9270701857560173,1.338483894145904,-0.0970836672002489,3.973510127126701,-0.4437609420763336,1.325265395146623
95.0,95.0,130.05166625976562,-0.039551680972937,2.666779988915282,-4.117031672931469,-3.680553868869752,-1.9271029242421016,1.338483694216404,-0.0970836573361784,3.973509874322543,-0.4437645763500952,1.3252658031665814
95.0,95.0,130.05197143554688,-0.0395784238642449,2.6667800389765004,-4.116964581553685,-3.680355395735036,-1.9270980572926304,1.3384838930855951,-0.0970836573361784,3.973509769904452,-0.4443065147946529,1.3252658031665814
95.0,95.0,130.05210876464844,-0.039596107421773,2.666779988298051,-4.117028767563907,-3.680524560056794,-1.9270701857560173,1.338483894145904,-0.09708366119974,3.973509877342132,-0.4443070037755151,1.325267252924014
95.0,95.0,130.0522918701172,-0.0395961491752583,2.6667799894621647,-4.116966574252944,-3.681141972086347,-1.9271029242421016,1.3384838912387014,-0.0970836573361784,3.973509880218041,-0.4437645758768875,1.3252658031665814
95.0,95.0,130.0522918701172,-0.0395963308978215,2.6667799895262987,-4.116958429008705,-3.681141972086347,-1.9271027578297748,1.3384838923153382,-0.0970836728574247,3.973510001852673,-0.4437645758768875,1.3252658031665814
95.0,95.0,130.0522918701172,-0.0395963308978215,2.6667799895275235,-4.116958429008705,-3.681141972086347,-1.9271027578297748,1.3384838923153382,-0.0970836574976374,3.9735100010738864,-0.4437645758768875,1.3252658031665814
95.0,95.0,130.05230712890625,-0.0395918045021908,2.6667799890986257,-4.117024758903278,-3.680554507781629,-1.927080836363346,1.3384838944198878,-0.0970840280003018,3.9735009735694526,-0.4440047025787446,1.3253666916412867
95.0,95.0,130.0523223876953,-0.039593123361971,2.66677998750933,-4.117024758903278,-3.680554507781629,-1.927080836363346,1.3384838944198878,-0.0970838181928259,3.9735009735694526,-0.4440250490239295,1.3253668313420148
95.0,95.0,130.05233764648438,-0.0395961491752583,2.6667799894621647,-4.117000751014051,-3.681141972086347,-1.9271029242421016,1.3384838912387014,-0.0970836573361784,3.9735098848409214,-0.4437645758768875,1.3252658031665814
95.0,95.0,130.0523681640625,-0.0395961491752583,2.6667799894621647,-4.117033247983915,-3.681141972086347,-1.9271029242421016,1.3384839000423443,-0.0970836573361784,3.973509880218041,-0.4437645758768875,1.3252658031665814
95.0,95.0,130.0527801513672,-0.039596107421773,2.666779809103969,-4.117029952128153,-3.681137633458549,-1.9270853978969564,1.338483894145904,-0.09708366119974,3.973502998066686,-0.4443065147946529,1.325267904823784
95.0,95.0,130.05279541015625,-0.0395961491752583,2.6667799894621647,-4.116964581553685,-3.681141972086347,-1.9271029242421016,1.3384836840482883,-0.0970836573361784,3.973509880218041,-0.4443065147946529,1.3252658031665814
95.0,95.0,130.05279541015625,-0.0395964985157431,2.6667799894621647,-4.116966156606131,-3.681141972086347,-1.9271029242421016,1.3384838961713013,-0.0970836573361784,3.973509959200216,-0.4443065147946529,1.3252658031665814
95.0,95.0,130.05282592773438,-0.039596107421773,2.6667799894621647,-4.117029952128153,-3.681141972086347,-1.9270853978969564,1.338483894145904,-0.09708366119974,3.973509877342132,-0.4443065147946529,1.3252672537453236
95.0,95.0,130.0528564453125,-0.0395961491752583,2.6667799894621647,-4.117031255284656,-3.681141972086347,-1.9271029242421016,1.3384836928519317,-0.0970836573361784,3.973509880218041,-0.4443065147946529,1.3252658031665814
95.0,95.0,130.0528564453125,-0.039596601050544,2.6667799894621647,-4.117032242338899,-3.681141972086347,-1.9271029242421016,1.3384838938056682,-0.0970836334719151,3.97350995247768,-0.4443065147946529,1.3252671249128594
95.0,95.0,130.0528564453125,-0.0395961078655972,2.6667799894621647,-4.117031255284656,-3.681141972086347,-1.9271029242421016,1.3384836928519317,-0.0970836573361784,3.9735098801719,-0.4443065147946529,1.325267199312915
95.0,95.0,130.05287170410156,-0.0395984003151654,2.666779989474313,-4.117022974747401,-3.681160521760695,-1.9271029242421016,1.3384836928519317,-0.0970836573361784,3.973509880218041,-0.4443065147946529,1.3252658031665814
95.0,95.0,130.05287170410156,-0.0395961946042999,2.6667799894621647,-4.117043361096262,-3.681141972086347,-1.9271038096241773,1.338483693006005,-0.0970836586719391,3.973509983867691,-0.4443065147946529,1.3252658031665814
95.0,95.0,130.05313110351562,-0.0396022268133,2.666779949847624,-4.117028371530197,-3.680543529635607,-1.9279457617798743,1.3384838907772578,-0.0970840334940902,3.97351004475992,-0.4437396134922942,1.3252654307436105
95.0,95.0,130.0531463623047,-0.0395960683509805,2.666780035389792,-4.117082225499481,-3.680543529635607,-1.9271051755541253,1.3384838717617122,-0.0970843369449136,3.9735082025959128,-0.4443245693474105,1.3254126832884716
95.0,95.0,130.0531768798828,-0.039598314192064,2.6667799897385747,-4.117438416384696,-3.680495880632748,-1.9271492517790736,1.3384836930104504,-0.0970840297366595,3.973505715331011,-0.4443184873268408,1.325366830454385
95.0,95.0,130.05319213867188,-0.0396176947966995,2.666779989868271,-4.1174436731874575,-3.680549430185894,-1.9271243757701533,1.3384836930104504,-0.0970840331501968,3.973505715331011,-0.4443184873268408,1.325366830454385
95.0,95.0,130.05319213867188,-0.0396186389525494,2.6667799897385747,-4.117438416384696,-3.680495880632748,-1.9271492517790736,1.3384836930104504,-0.0970840330963655,3.973505715331011,-0.4443184873268408,1.325366830454385
95.0,95.0,130.05319213867188,-0.0395973700362141,2.6667800372724715,-4.117491462942582,-3.680519425088254,-1.927125252041932,1.3384836930104504,-0.0970840297904908,3.973505715331011,-0.4443184873268408,1.325366830454385
95.0,95.0,130.05320739746094,-0.0395984317056267,2.666779949830793,-4.117438416384696,-3.680549430185894,-1.9271492517790736,1.3384836930104504,-0.0970840263896268,3.973505715331011,-0.4443184873268408,1.325366830454385
95.0,95.0,130.05320739746094,-0.0396176947966995,2.6667800372724715,-4.117491462942582,-3.680519425088254,-1.927125252041932,1.3384836930104504,-0.0970840331501968,3.973505715331011,-0.4443184873268408,1.325366830454385
95.0,95.0,130.05325317382812,-0.0396181333028235,2.666779809103969,-4.117443423820245,-3.681147632897677,-1.927125247733587,1.3384836968652838,-0.09708366119974,3.973502998066686,-0.4443065147946529,1.325267904823784
95.0,95.0,130.05361938476562,-0.0394732928540534,2.666779950320031,-4.117034537571187,-3.680549446528937,-1.9279217369555783,1.3384836839255376,-0.097083823361205,3.973505715331011,-0.4437496685312171,1.325366830454385
95.0,95.0,130.05361938476562,-0.0398708242410398,2.666779949847624,-4.1174351860380485,-3.680543529635607,-1.9279457617798743,1.3384838907772578,-0.0970840334940902,3.973502301822879,-0.4437645931229552,1.3252654307436105
95.0,95.0,130.05361938476562,-0.0395940547937866,2.6667799540860915,-4.117115455833565,-3.680375984632745,-1.9279217369555783,1.3384838909561667,-0.097084028001802,3.973500636952777,-0.4437598326042817,1.3253666916412867
95.0,95.0,130.05361938476562,-0.0395601384967364,2.666779949830793,-4.117024738217954,-3.680553382868877,-1.9279217369555783,1.338483891240312,-0.0970836787186569,3.9735009735694526,-0.4437598984411041,1.3253655530574011
95.0,95.0,130.05361938476562,-0.0394719739942732,2.666779951909327,-4.117034537571187,-3.680549446528937,-1.9279217369555783,1.3384836839255376,-0.097084033168681,3.973505715331011,-0.4437293220860323,1.325366690753657
95.0,95.0,130.0536346435547,-0.0398795198845177,2.666779949830793,-4.1174351860380485,-3.680543529635607,-1.9279457617798743,1.3384838910297072,-0.0970840334940902,3.973502301822879,-0.4437645931229552,1.3252654307436105
95.0,95.0,130.0536346435547,-0.0394747563577083,2.666779947624508,-4.117037137554921,-3.680549446528937,-1.9279217369555783,1.3384836839258238,-0.097083823361205,3.973505755011637,-0.4437496685312171,1.325366830454385
95.0,95.0,130.05364990234375,-0.0395936364763588,2.6667799503161542,-4.117125928893556,-3.680372728627992,-1.9279217369555783,1.3384838909561667,-0.097084028001802,3.9735021997979545,-0.4437599527266987,1.3253666916412867
95.0,95.0,130.05364990234375,-0.0395961491752583,2.6667800382604057,-4.11745818094425,-3.681141972086347,-1.927074146709244,1.3384836968282194,-0.0970836566359256,3.973509982381553,-0.4437323921277751,1.3254227734974449
95.0,95.0,130.0536651611328,-0.039593989379107,2.6667799906620013,-4.117095530950908,-3.680375984632745,-1.9279217369555783,1.338483896807794,-0.0970840263896268,3.973509056702992,-0.443768451519287,1.3253666916412867
95.0,95.0,130.0536651611328,-0.039593989379107,2.666779990506734,-4.117095530950908,-3.6803812433081777,-1.9279217369555783,1.3384838725469097,-0.0970840359332228,3.97350929884789,-0.4437728473618924,1.3253666916412867
95.0,95.0,130.05368041992188,-0.0396166759693786,2.6667799892738024,-4.1170971317220495,-3.680543529635607,-1.9279217369555783,1.3384838910296506,-0.0970843369449136,3.9735082025959128,-0.4443245693474105,1.325267246198854
95.0,95.0,130.05368041992188,-0.0396166759693786,2.6667799892738024,-4.1170971317220495,-3.680543529635607,-1.9279217369555783,1.3384838910296506,-0.0970843369449136,3.9735082025959128,-0.4443245693474105,1.325267246198854
95.0,95.0,130.05368041992188,-0.0396166759693786,2.6667799892738024,-4.1170971317220495,-3.680543529635607,-1.9279217369555783,1.3384838910296506,-0.0970843369449136,3.9735082025959128,-0.4443245693474105,1.325267246198854
95.0,95.0,130.05368041992188,-0.0396166759693786,2.6667799892738024,-4.1170971317220495,-3.680543529635607,-1.9279217369555783,1.338483897284895,-0.0970843369449136,3.9735082025959128,-0.4443245693474105,1.325267246198854
95.0,95.0,130.05368041992188,-0.0395940404574569,2.6667799540860915,-4.117115940015404,-3.680375984632745,-1.9279217369555783,1.3384838910529555,-0.0970840263896268,3.973509056702992,-0.4437598326042817,1.3253666916412867
95.0,95.0,130.05368041992188,-0.0396166759693786,2.6667799892738024,-4.1170971317220495,-3.680543529635607,-1.9279217369555783,1.338483897284895,-0.0970843369449136,3.9735082025959128,-0.4443245693474105,1.325267246198854
95.0,95.0,130.05368041992188,-0.0395961491752583,2.666779990856205,-4.117444567950231,-3.681171977183987,-1.9270728935950885,1.3384836928519317,-0.0970836573361784,3.9735099870044337,-0.4437316139784594,1.3254227734974449
95.0,95.0,130.05368041992188,-0.0396166759693786,2.6667799892738024,-4.1170971317220495,-3.680543529635607,-1.9279217369555783,1.338483897284895,-0.0970843369449136,3.9735082025959128,-0.4443245693474105,1.325267246198854
95.0,96.0,130.0514678955078,-0.0395613282943835,2.6667800389765004,-4.116967865426757,-3.6803572022037527,-1.9270980572926304,1.3384838930855951,-0.0970836563315152,3.973509769904452,-0.4437653881855716,1.3252658031665814
95.0,96.0,130.051513671875,-0.0395714832370582,2.666779988298051,-4.116963727171036,-3.6805198148062703,-1.9270701857560173,1.338483894145904,-0.0970836672002489,3.973509768053524,-0.4437796698367631,1.3252653961868213
95.0,96.0,130.0515899658203,-0.0395556890792426,2.666779988915282,-4.116966574252944,-3.6805533671156425,-1.9271029242421016,1.3384838912387014,-0.0970836573361784,3.973509880218041,-0.4437645763500952,1.3252658031665814
95.0,96.0,130.0515899658203,-0.0395520303134218,2.666779988915282,-4.116966574252944,-3.680553868869752,-1.9271029242421016,1.3384838975357731,-0.0970836573361784,3.9735099533047182,-0.4437645763500952,1.3252658031665814
95.0,96.0,130.05160522460938,-0.0396016671842101,2.666779988298051,-4.117028767563907,-3.680523971607884,-1.9270701857560173,1.338483894145904,-0.0970836672002489,3.973510127126701,-0.4437609420763336,1.325265395146623
95.0,96.0,130.05166625976562,-0.039551680972937,2.666779988915282,-4.117031672931469,-3.680553868869752,-1.9271029242421016,1.338483694216404,-0.0970836573361784,3.973509874322543,-0.4437645763500952,1.3252658031665814
95.0,96.0,130.05197143554688,-0.0395784238642449,2.6667800389765004,-4.116964581553685,-3.680355395735036,-1.9270980572926304,1.3384838930855951,-0.0970836573361784,3.973509769904452,-0.4443065147946529,1.3252658031665814
95.0,96.0,130.05210876464844,-0.039596107421773,2.666779988298051,-4.117028767563907,-3.680524560056794,-1.9270701857560173,1.338483894145904,-0.09708366119974,3.973509877342132,-0.4443070037755151,1.325267252924014
95.0,96.0,130.0521240234375,-0.0395497923735161,2.666779988298051,-4.117031814883231,-3.680525097959401,-1.9270701857560173,1.338483694443014,-0.09708366119974,3.973509877342132,-0.4443234455856101,1.325267252924014
95.0,96.0,130.05215454101562,-0.0395551364855455,2.666779989501114,-4.1170287002793575,-3.6805906722358586,-1.9270853978969564,1.3384838914297763,-0.09708366119974,3.973509877342132,-0.4443065147946529,1.3252672537453236
95.0,96.0,130.05223083496094,-0.0395966600154701,2.666779988876333,-4.116967826101741,-3.681104666966132,-1.9271029242421016,1.3384838939548287,-0.0970836573361784,3.973509880218041,-0.4437645763500952,1.3252658031665814
95.0,96.0,130.0522918701172,-0.0395961491752583,2.6667799894621647,-4.116966574252944,-3.681141972086347,-1.9271029242421016,1.3384838912387014,-0.0970836573361784,3.973509880218041,-0.4437645758768875,1.3252658031665814
95.0,96.0,130.0522918701172,-0.0395963308978215,2.6667799895262987,-4.116958429008705,-3.681141972086347,-1.9271027578297748,1.3384838923153382,-0.0970836728574247,3.973510001852673,-0.4437645758768875,1.3252658031665814
95.0,96.0,130.0522918701172,-0.0395963308978215,2.6667799895275235,-4.116958429008705,-3.681141972086347,-1.9271027578297748,1.3384838923153382,-0.0970836574976374,3.9735100010738864,-0.4437645758768875,1.3252658031665814
95.0,96.0,130.0522918701172,-0.0395963308978215,2.6667799895275235,-4.116963587377902,-3.681141972086347,-1.9271029301034592,1.3384838923153382,-0.0970836571791301,3.973509951916266,-0.4437692650701106,1.3252658031665814
95.0,96.0,130.0522918701172,-0.0395963308978215,2.6667799895262987,-4.116958429008705,-3.681141972086347,-1.9271027578297748,1.3384838923153382,-0.0970836728574247,3.973510001852673,-0.4437645758768875,1.3252658031665814
95.0,96.0,130.05230712890625,-0.0395918045021908,2.6667799890986257,-4.117024758903278,-3.680554507781629,-1.927080836363346,1.3384838944198878,-0.0970840280003018,3.9735009735694526,-0.4440047025787446,1.3253666916412867
95.0,96.0,130.0523223876953,-0.039593123361971,2.66677998750933,-4.117024758903278,-3.680554507781629,-1.927080836363346,1.3384838944198878,-0.0970838181928259,3.9735009735694526,-0.4440250490239295,1.3253668313420148
95.0,96.0,130.05233764648438,-0.0395961491752583,2.6667799894621647,-4.117000751014051,-3.681141972086347,-1.9271029242421016,1.3384838912387014,-0.0970836573361784,3.9735098848409214,-0.4437645758768875,1.3252658031665814
95.0,96.0,130.05233764648438,-0.0395963277960783,2.6667799894330693,-4.1169593633417225,-3.681141972086347,-1.9271027578297748,1.3384836937685685,-0.0970836574976374,3.973510001745507,-0.4437326207886297,1.3252752910899752
95.0,96.0,130.0523681640625,-0.0395961491752583,2.6667799894621647,-4.117033247983915,-3.681141972086347,-1.9271029242421016,1.3384839000423443,-0.0970836573361784,3.973509880218041,-0.4437645758768875,1.3252658031665814
95.0,96.0,130.05238342285156,-0.0395961491752583,2.6667799894621647,-4.117024623613749,-3.681141972086347,-1.92710929307806,1.3384838999620956,-0.0970836573361784,3.97350991075559,-0.4437645857934182,1.3252696598613156
95.0,96.0,130.05274963378906,-0.0395918045021908,2.6667799891049806,-4.117024844727882,-3.681126545812847,-1.927080836363346,1.3384838944198878,-0.0970840233480063,3.9735009735694526,-0.444313104430583,1.3252669140172937
95.0,96.0,130.0527801513672,-0.039596107421773,2.666779809103969,-4.117029952128153,-3.681137633458549,-1.9270853978969564,1.338483894145904,-0.09708366119974,3.973502998066686,-0.4443065147946529,1.325267904823784
95.0,96.0,130.05279541015625,-0.0395961491752583,2.6667799894621647,-4.116964581553685,-3.681141972086347,-1.9271029242421016,1.3384836840482883,-0.0970836573361784,3.973509880218041,-0.4443065147946529,1.3252658031665814
95.0,96.0,130.05279541015625,-0.0395964985157431,2.6667799894621647,-4.116966156606131,-3.681141972086347,-1.9271029242421016,1.3384838961713013,-0.0970836573361784,3.973509959200216,-0.4443065147946529,1.3252658031665814
95.0,96.0,130.05279541015625,-0.0395565878541869,2.666779809103969,-4.117029952128153,-3.681137633458549,-1.9270853978969564,1.338483894187978,-0.0970836572855855,3.973509711176688,-0.4443065147946529,1.325267903455248
95.0,96.0,130.05282592773438,-0.039596107421773,2.6667799894621647,-4.117029952128153,-3.681141972086347,-1.9270853978969564,1.338483894145904,-0.09708366119974,3.973509877342132,-0.4443065147946529,1.3252672537453236
95.0,96.0,130.05282592773438,-0.039596107421773,2.6667799894621647,-4.117029952128153,-3.681141972086347,-1.9270853978969564,1.338483894145904,-0.09708366119974,3.973509877342132,-0.4443065147946529,1.3252672537453236
95.0,96.0,130.0528564453125,-0.0395961491752583,2.6667799894621647,-4.117031255284656,-3.681141972086347,-1.9271029242421016,1.3384836928519317,-0.0970836573361784,3.973509880218041,-0.4443065147946529,1.3252658031665814
95.0,96.0,130.0528564453125,-0.039596601050544,2.6667799894621647,-4.117032242338899,-3.681141972086347,-1.9271029242421016,1.3384838938056682,-0.0970836334719151,3.97350995247768,-0.4443065147946529,1.3252671249128594
95.0,96.0,130.0528564453125,-0.0395961078655972,2.6667799894621647,-4.117031255284656,-3.681141972086347,-1.9271029242421016,1.3384836928519317,-0.0970836573361784,3.9735098801719,-0.4443065147946529,1.325267199312915
95.0,96.0,130.0528564453125,-0.039596601050544,2.6667799894621647,-4.117027083969703,-3.681141972086347,-1.9271027519684167,1.3384838938056682,-0.0970836337904224,3.973510001635299,-0.4443018256014298,1.3252671249128594
95.0,96.0,130.05287170410156,-0.0395984003151654,2.666779989474313,-4.117022974747401,-3.681160521760695,-1.9271029242421016,1.3384836928519317,-0.0970836573361784,3.973509880218041,-0.4443065147946529,1.3252658031665814
95.0,96.0,130.05287170410156,-0.0395961946042999,2.6667799894621647,-4.117043361096262,-3.681141972086347,-1.9271038096241773,1.338483693006005,-0.0970836586719391,3.973509983867691,-0.4443065147946529,1.3252658031665814
95.0,96.0,130.0531005859375,-0.0395982953898044,2.6667799897385747,-4.117438416384696,-3.680495880632748,-1.9271043427005512,1.3384836930104504,-0.0970840297366595,3.973505715331011,-0.4443228350314576,1.325366609726398
95.0,96.0,130.05313110351562,-0.0396022268133,2.666779949847624,-4.117028371530197,-3.680543529635607,-1.9279457617798743,1.3384838907772578,-0.0970840334940902,3.97351004475992,-0.4437396134922942,1.3252654307436105
95.0,96.0,130.0531463623047,-0.0395960683509805,2.666780035389792,-4.117082225499481,-3.680543529635607,-1.9271051755541253,1.3384838717617122,-0.0970843369449136,3.9735082025959128,-0.4443245693474105,1.3254126832884716
95.0,96.0,130.0531768798828,-0.039598314192064,2.6667799897385747,-4.117438416384696,-3.680495880632748,-1.9271492517790736,1.3384836930104504,-0.0970840297366595,3.973505715331011,-0.4443184873268408,1.325366830454385
95.0,96.0,130.05319213867188,-0.0396176947966995,2.666779989868271,-4.1174436731874575,-3.680549430185894,-1.9271243757701533,1.3384836930104504,-0.0970840331501968,3.973505715331011,-0.4443184873268408,1.325366830454385
95.0,96.0,130.05319213867188,-0.0396186389525494,2.6667799897385747,-4.117438416384696,-3.680495880632748,-1.9271492517790736,1.3384836930104504,-0.0970840330963655,3.973505715331011,-0.4443184873268408,1.325366830454385
95.0,96.0,130.05319213867188,-0.0395973700362141,2.6667800372724715,-4.117491462942582,-3.680519425088254,-1.927125252041932,1.3384836930104504,-0.0970840297904908,3.973505715331011,-0.4443184873268408,1.325366830454385
95.0,96.0,130.05319213867188,-0.0396180616372519,2.6667799914103454,-4.1174436731874575,-3.680549430185894,-1.927125207595671,1.3384836930104504,-0.0970840333883714,3.973505715331011,-0.4443184873268408,1.325366830454385
95.0,96.0,130.05319213867188,-0.0395970031956616,2.666780035730397,-4.117491462942582,-3.680519425088254,-1.9271244202164144,1.3384836930104504,-0.0970840295523161,3.973505715331011,-0.4443184873268408,1.325366830454385
95.0,96.0,130.05320739746094,-0.0395984317056267,2.666779949830793,-4.117438416384696,-3.680549430185894,-1.9271492517790736,1.3384836930104504,-0.0970840263896268,3.973505715331011,-0.4443184873268408,1.325366830454385
95.0,96.0,130.05320739746094,-0.0396176947966995,2.6667800372724715,-4.117491462942582,-3.680519425088254,-1.927125252041932,1.3384836930104504,-0.0970840331501968,3.973505715331011,-0.4443184873268408,1.325366830454385
95.0,96.0,130.05323791503906,-0.0395959040817907,2.666779809103969,-4.117443423820245,-3.681147632897677,-1.927104388817832,1.3384836968652838,-0.09708366119974,3.973509672859078,-0.4443065147946529,1.325267904823784
95.0,96.0,130.05325317382812,-0.0396181333028235,2.666779809103969,-4.117443423820245,-3.681147632897677,-1.927125247733587,1.3384836968652838,-0.09708366119974,3.973502998066686,-0.4443065147946529,1.325267904823784
95.0,96.0,130.05328369140625,-0.0395984317056267,2.666779949830793,-4.117435320899134,-3.680549430185894,-1.9271492517790736,1.3384836930104504,-0.0970840263356186,3.973505719345087,-0.4443184873268408,1.325379650187649
95.0,96.0,130.05357360839844,-0.0395961522770016,2.6667800383548594,-4.117457246611233,-3.681141972086347,-1.927074146709244,1.338483895374989,-0.0970836566359256,3.973509981709932,-0.4437643472160328,1.3254132855740512
95.0,97.0,130.0514678955078,-0.0395613282943835,2.6667800389765004,-4.116967865426757,-3.6803572022037527,-1.9270980572926304,1.3384838930855951,-0.0970836563315152,3.973509769904452,-0.4437653881855716,1.3252658031665814
95.0,97.0,130.0514678955078,-0.0395637157860982,2.666780039871294,-4.116958720519732,-3.6803572022037527,-1.9270980572926304,1.3384838930855951,-0.097083656216757,3.9735100056403256,-0.4437653881855716,1.3252658031665814
95.0,97.0,130.051513671875,-0.0395714832370582,2.666779988298051,-4.116963727171036,-3.6805198148062703,-1.9270701857560173,1.338483894145904,-0.0970836672002489,3.973509768053524,-0.4437796698367631,1.3252653961868213
95.0,97.0,130.05157470703125,-0.0395520303134218,2.666779988915282,-4.116966574252944,-3.680525208554496,-1.9271029242421016,1.3384838975357731,-0.0970836611631603,3.973509876838037,-0.4437645763500952,1.3252658031665814
95.0,97.0,130.0515899658203,-0.0395556890792426,2.666779988915282,-4.116966574252944,-3.6805533671156425,-1.9271029242421016,1.3384838912387014,-0.0970836573361784,3.973509880218041,-0.4437645763500952,1.3252658031665814
95.0,97.0,130.0515899658203,-0.0395520303134218,2.666779988915282,-4.116966574252944,-3.680553868869752,-1.9271029242421016,1.3384838975357731,-0.0970836573361784,3.9735099533047182,-0.4437645763500952,1.3252658031665814
95.0,97.0,130.05160522460938,-0.0396016671842101,2.666779988298051,-4.117028767563907,-3.680523971607884,-1.9270701857560173,1.338483894145904,-0.0970836672002489,3.973510127126701,-0.4437609420763336,1.325265395146623
95.0,97.0,130.0516357421875,-0.0395961491752583,2.6667800357318865,-4.117000751014051,-3.680531328288581,-1.9271029242421016,1.3384838714066385,-0.0970836573361784,3.9735081992279815,-0.4437623224924551,1.3252658031665814
95.0,97.0,130.05166625976562,-0.039551680972937,2.666779988915282,-4.117031672931469,-3.680553868869752,-1.9271029242421016,1.338483694216404,-0.0970836573361784,3.973509874322543,-0.4437645763500952,1.3252658031665814
95.0,97.0,130.05166625976562,-0.039551680972937,2.666779988915282,-4.117031672931469,-3.680553868869752,-1.9271029242421016,1.338483694216404,-0.0970836573361784,3.973509874322543,-0.4437645763500952,1.3252658031665814
95.0,97.0,130.05166625976562,-0.039551680972937,2.666779988915282,-4.117031672931469,-3.680553868869752,-1.9271029242421016,1.338483694216404,-0.0970836344361696,3.973509995599359,-0.4437649898993587,1.3252670142736256
95.0,97.0,130.05197143554688,-0.0395784238642449,2.6667800389765004,-4.116964581553685,-3.680355395735036,-1.9270980572926304,1.3384838930855951,-0.0970836573361784,3.973509769904452,-0.4443065147946529,1.3252658031665814
95.0,97.0,130.05210876464844,-0.039596107421773,2.666779988298051,-4.117028767563907,-3.680524560056794,-1.9270701857560173,1.338483894145904,-0.09708366119974,3.973509877342132,-0.4443070037755151,1.325267252924014
95.0,97.0,130.0521240234375,-0.0395497923735161,2.666779988298051,-4.117031814883231,-3.680525097959401,-1.9270701857560173,1.338483694443014,-0.09708366119974,3.973509877342132,-0.4443234455856101,1.325267252924014
95.0,97.0,130.05213928222656,-0.0395497923735161,2.666779988298051,-4.117031814883231,-3.6805537582746566,-1.9270701857560173,1.338483694443014,-0.097083657372758,3.9735099538088137,-0.4443234455856101,1.325267252924014
95.0,97.0,130.05213928222656,-0.0395551364855455,2.6667799894992026,-4.1170287002793575,-3.6805784722809793,-1.9270853978969564,1.338483885544508,-0.0970836570745918,3.973509877342132,-0.4443065147946529,1.3252672712005225
95.0,97.0,130.05215454101562,-0.0395551364855455,2.666779989501114,-4.1170287002793575,-3.6805906722358586,-1.9270853978969564,1.3384838914297763,-0.09708366119974,3.973509877342132,-0.4443065147946529,1.3252672537453236
95.0,97.0,130.05223083496094,-0.0395966600154701,2.666779988876333,-4.116967826101741,-3.681104666966132,-1.9271029242421016,1.3384838939548287,-0.0970836573361784,3.973509880218041,-0.4437645763500952,1.3252658031665814
95.0,97.0,130.05223083496094,-0.0395966600154701,2.666779988876333,-4.116967826101741,-3.681104666966132,-1.9271029242421016,1.3384838939548287,-0.0970836573361784,3.973509880218041,-0.4437645763500952,1.3252658031665814
95.0,97.0,130.0522918701172,-0.0395961491752583,2.6667799894621647,-4.116966574252944,-3.681141972086347,-1.9271029242421016,1.3384838912387014,-0.0970836573361784,3.973509880218041,-0.4437645758768875,1.3252658031665814
95.0,97.0,130.0522918701172,-0.0395963308978215,2.6667799895262987,-4.116958429008705,-3.681141972086347,-1.9271027578297748,1.3384838923153382,-0.0970836728574247,3.973510001852673,-0.4437645758768875,1.3252658031665814
95.0,97.0,130.0522918701172,-0.0395963308978215,2.6667799895275235,-4.116958429008705,-3.681141972086347,-1.9271027578297748,1.3384838923153382,-0.0970836574976374,3.9735100010738864,-0.4437645758768875,1.3252658031665814
95.0,97.0,130.0522918701172,-0.0395963308978215,2.6667799895275235,-4.116963587377902,-3.681141972086347,-1.9271029301034592,1.3384838923153382,-0.0970836571791301,3.973509951916266,-0.4437692650701106,1.3252658031665814
95.0,97.0,130.0522918701172,-0.0395963308978215,2.6667799895262987,-4.116958429008705,-3.681141972086347,-1.9271027578297748,1.3384838923153382,-0.0970836728574247,3.973510001852673,-0.4437645758768875,1.3252658031665814
95.0,97.0,130.0522918701172,-0.0395939434061068,2.6667799886315047,-4.116967573915731,-3.681141972086347,-1.9271027578297748,1.3384838923153382,-0.0970836729721828,3.9735097661167993,-0.4437645758768875,1.3252658031665814
95.0,97.0,130.0522918701172,-0.0395963308978215,2.6667799895275235,-4.116958429008705,-3.681141972086347,-1.9271027578297748,1.3384838923153382,-0.0970836574976374,3.9735100010738864,-0.4437645758768875,1.3252658031665814
95.0,97.0,130.0522918701172,-0.0395961491752583,2.6667799894621647,-4.116965154171964,-3.681141972086347,-1.9271029242421016,1.3384838944484383,-0.0970836114333704,3.973509880218041,-0.4437645758768875,1.3252658031665814
95.0,97.0,130.05230712890625,-0.0395918045021908,2.6667799890986257,-4.117024758903278,-3.680554507781629,-1.927080836363346,1.3384838944198878,-0.0970840280003018,3.9735009735694526,-0.4440047025787446,1.3253666916412867
95.0,97.0,130.0523223876953,-0.039593123361971,2.66677998750933,-4.117024758903278,-3.680554507781629,-1.927080836363346,1.3384838944198878,-0.0970838181928259,3.9735009735694526,-0.4440250490239295,1.3253668313420148
95.0,97.0,130.0523223876953,-0.039593123361971,2.66677998750933,-4.117024758903278,-3.680554507781629,-1.927080836363346,1.3384838944198878,-0.0970838181928259,3.9735009735694526,-0.4440250490239295,1.3253668313420148
95.0,97.0,130.05233764648438,-0.0395961491752583,2.6667799894621647,-4.117000751014051,-3.681141972086347,-1.9271029242421016,1.3384838912387014,-0.0970836573361784,3.9735098848409214,-0.4437645758768875,1.3252658031665814
95.0,97.0,130.05233764648438,-0.0395963277960783,2.6667799894330693,-4.1169593633417225,-3.681141972086347,-1.9271027578297748,1.3384836937685685,-0.0970836574976374,3.973510001745507,-0.4437326207886297,1.3252752910899752
95.0,97.0,130.05235290527344,-0.0395963308978215,2.6667799895275235,-4.116987449368062,-3.681165662810111,-1.9271029301034592,1.3384838950745377,-0.097083656741529,3.973509975981716,-0.4437679209481301,1.3252658031665814
95.0,97.0,130.0523681640625,-0.0395961491752583,2.6667799894621647,-4.117033247983915,-3.681141972086347,-1.9271029242421016,1.3384839000423443,-0.0970836573361784,3.973509880218041,-0.4437645758768875,1.3252658031665814
95.0,97.0,130.05238342285156,-0.0395961491752583,2.6667799894621647,-4.117024623613749,-3.681141972086347,-1.92710929307806,1.3384838999620956,-0.0970836573361784,3.97350991075559,-0.4437645857934182,1.3252696598613156
95.0,97.0,130.05274963378906,-0.0395918045021908,2.6667799891049806,-4.117024844727882,-3.681126545812847,-1.927080836363346,1.3384838944198878,-0.0970840233480063,3.9735009735694526,-0.444313104430583,1.3252669140172937
95.0,97.0,130.05274963378906,-0.0395918045021908,2.6667799891049806,-4.117026264808863,-3.681126545812847,-1.927080836363346,1.3384838912101509,-0.0970840692508143,3.9735009735694526,-0.444313104430583,1.3252669140172937
95.0,97.0,130.0527801513672,-0.039596107421773,2.666779809103969,-4.117029952128153,-3.681137633458549,-1.9270853978969564,1.338483894145904,-0.09708366119974,3.973502998066686,-0.4443065147946529,1.325267904823784
95.0,97.0,130.05279541015625,-0.0395961491752583,2.6667799894621647,-4.116964581553685,-3.681141972086347,-1.9271029242421016,1.3384836840482883,-0.0970836573361784,3.973509880218041,-0.4443065147946529,1.3252658031665814
95.0,97.0,130.05279541015625,-0.0395964985157431,2.6667799894621647,-4.116966156606131,-3.681141972086347,-1.9271029242421016,1.3384838961713013,-0.0970836573361784,3.973509959200216,-0.4443065147946529,1.3252658031665814
95.0,97.0,130.05279541015625,-0.0395565878541869,2.666779809103969,-4.117029952128153,-3.681137633458549,-1.9270853978969564,1.338483894187978,-0.0970836572855855,3.973509711176688,-0.4443065147946529,1.325267903455248
95.0,97.0,130.05282592773438,-0.039596107421773,2.6667799894621647,-4.117029952128153,-3.681141972086347,-1.9270853978969564,1.338483894145904,-0.09708366119974,3.973509877342132,-0.4443065147946529,1.3252672537453236
95.0,97.0,130.05282592773438,-0.039596107421773,2.6667799894621647,-4.117029952128153,-3.681141972086347,-1.9270853978969564,1.338483894145904,-0.09708366119974,3.973509877342132,-0.4443065147946529,1.3252672537453236
95.0,97.0,130.0528564453125,-0.0395961491752583,2.6667799894621647,-4.117031255284656,-3.681141972086347,-1.9271029242421016,1.3384836928519317,-0.0970836573361784,3.973509880218041,-0.4443065147946529,1.3252658031665814
95.0,97.0,130.0528564453125,-0.039596601050544,2.6667799894621647,-4.117032242338899,-3.681141972086347,-1.9271029242421016,1.3384838938056682,-0.0970836334719151,3.97350995247768,-0.4443065147946529,1.3252671249128594
95.0,97.0,130.0528564453125,-0.0395961078655972,2.6667799894621647,-4.117031255284656,-3.681141972086347,-1.9271029242421016,1.3384836928519317,-0.0970836573361784,3.9735098801719,-0.4443065147946529,1.325267199312915
95.0,97.0,130.0528564453125,-0.039596601050544,2.6667799894621647,-4.117027083969703,-3.681141972086347,-1.9271027519684167,1.3384838938056682,-0.0970836337904224,3.973510001635299,-0.4443018256014298,1.3252671249128594
95.0,97.0,130.05287170410156,-0.0395984003151654,2.666779989474313,-4.117022974747401,-3.681160521760695,-1.9271029242421016,1.3384836928519317,-0.0970836573361784,3.973509880218041,-0.4443065147946529,1.3252658031665814
95.0,97.0,130.05287170410156,-0.0395961946042999,2.6667799894621647,-4.117043361096262,-3.681141972086347,-1.9271038096241773,1.338483693006005,-0.0970836586719391,3.973509983867691,-0.4443065147946529,1.3252658031665814
95.0,97.0,130.05287170410156,-0.0395961078655972,2.6667799894621647,-4.117031255284656,-3.681145866941837,-1.9271029242421016,1.3384836928519317,-0.0970836573361784,3.9735098802192113,-0.4443065147946529,1.325267199312915
95.0,98.0,130.0514678955078,-0.0395613282943835,2.6667800389765004,-4.116967865426757,-3.6803572022037527,-1.9270980572926304,1.3384838930855951,-0.0970836563315152,3.973509769904452,-0.4437653881855716,1.3252658031665814
95.0,98.0,130.0514678955078,-0.0395637157860982,2.666780039871294,-4.116958720519732,-3.6803572022037527,-1.9270980572926304,1.3384838930855951,-0.097083656216757,3.9735100056403256,-0.4437653881855716,1.3252658031665814
95.0,98.0,130.05148315429688,-0.0395964660213679,2.666780039871294,-4.116958720519732,-3.6803572022037527,-1.9270980572926304,1.3384838930572611,-0.0970836574236868,3.9735100056403256,-0.4437653881855716,1.3252658031665814
95.0,98.0,130.051513671875,-0.0395714832370582,2.666779988298051,-4.116963727171036,-3.6805198148062703,-1.9270701857560173,1.338483894145904,-0.0970836672002489,3.973509768053524,-0.4437796698367631,1.3252653961868213
95.0,98.0,130.051513671875,-0.0395530540705205,2.666779988348335,-4.116963727171036,-3.6805198148062703,-1.9270701857560173,1.338483907488437,-0.0970836672002489,3.973509768053524,-0.4437662579366549,1.3252653961868213
95.0,98.0,130.051513671875,-0.0395550082022482,2.666779988894306,-4.116963727171036,-3.680519654815918,-1.9270701857560173,1.3384838940741228,-0.0970836578214331,3.973509768053524,-0.4437796698367631,1.325265788281847
95.0,98.0,130.05157470703125,-0.0395520303134218,2.666779988915282,-4.116966574252944,-3.680525208554496,-1.9271029242421016,1.3384838975357731,-0.0970836611631603,3.973509876838037,-0.4437645763500952,1.3252658031665814
95.0,98.0,130.0515899658203,-0.0395556890792426,2.666779988915282,-4.116966574252944,-3.6805533671156425,-1.9271029242421016,1.3384838912387014,-0.0970836573361784,3.973509880218041,-0.4437645763500952,1.3252658031665814
95.0,98.0,130.0515899658203,-0.0395520303134218,2.666779988915282,-4.116966574252944,-3.680553868869752,-1.9271029242421016,1.3384838975357731,-0.0970836573361784,3.9735099533047182,-0.4437645763500952,1.3252658031665814
95.0,98.0,130.0515899658203,-0.0395973857373881,2.66677998953796,-4.116958240761328,-3.680525208554496,-1.9271029209493304,1.338483897488038,-0.097083661122579,3.973509876838037,-0.4437645763500952,1.3252658031665814
95.0,98.0,130.0515899658203,-0.0395999953329802,2.666779988298051,-4.116968350995141,-3.680531457219809,-1.927097050247346,1.338483894145904,-0.0970836672002489,3.9735101273530136,-0.4437609420763336,1.325265395146623
95.0,98.0,130.0515899658203,-0.0395556890792426,2.666779988915282,-4.116966574252944,-3.6805533657593705,-1.9271029242421016,1.3384839067073089,-0.0970836573361784,3.973509880169757,-0.4437645763500952,1.3252658031665814
95.0,98.0,130.05160522460938,-0.0396016671842101,2.666779988298051,-4.117028767563907,-3.680523971607884,-1.9270701857560173,1.338483894145904,-0.0970836672002489,3.973510127126701,-0.4437609420763336,1.325265395146623
95.0,98.0,130.05160522460938,-0.0395721641140525,2.6667799883190275,-4.116966574252944,-3.680553527105996,-1.9271029242421016,1.3384838913104824,-0.0970836667149942,3.973509880218041,-0.4437645763500952,1.3252654110715556
95.0,98.0,130.05162048339844,-0.0395633989399887,2.6667800357318865,-4.117000751014051,-3.680531328288581,-1.9271029242421016,1.3384838714349725,-0.0970836561292487,3.9735081992279815,-0.4437623224924551,1.3252658031665814
95.0,98.0,130.0516357421875,-0.0395961491752583,2.6667800357318865,-4.117000751014051,-3.680531328288581,-1.9271029242421016,1.3384838714066385,-0.0970836573361784,3.9735081992279815,-0.4437623224924551,1.3252658031665814
95.0,98.0,130.0516357421875,-0.0395963308978215,2.6667799895275235,-4.116958429008705,-3.680595608733413,-1.9271027578297748,1.3384838923153382,-0.0970836574976374,3.9735098803641207,-0.4437645758768875,1.3252658067939092
95.0,98.0,130.0516357421875,-0.0395961491752583,2.66678004107258,-4.117000926617813,-3.680531905442237,-1.9271029242421016,1.3384839000423443,-0.0970836573361784,3.973509880218041,-0.4437645758768875,1.3252658031665814
95.0,98.0,130.05166625976562,-0.039551680972937,2.666779988915282,-4.117031672931469,-3.680553868869752,-1.9271029242421016,1.338483694216404,-0.0970836573361784,3.973509874322543,-0.4437645763500952,1.3252658031665814
95.0,98.0,130.05166625976562,-0.039551680972937,2.666779988915282,-4.117031672931469,-3.680553868869752,-1.9271029242421016,1.338483694216404,-0.0970836573361784,3.973509874322543,-0.4437645763500952,1.3252658031665814
95.0,98.0,130.05166625976562,-0.039551680972937,2.666779988915282,-4.117031672931469,-3.680553868869752,-1.9271029242421016,1.338483694216404,-0.0970836344361696,3.973509995599359,-0.4437649898993587,1.3252670142736256
95.0,98.0,130.05166625976562,-0.039551680972937,2.666779988915282,-4.117031672931469,-3.680553870226023,-1.9271029242421016,1.3384836787477965,-0.0970836573361784,3.973509874370827,-0.4437645763500952,1.3252658031665814
95.0,98.0,130.0517578125,-0.039593123361971,2.6667799875267213,-4.117028647731416,-3.680591289870904,-1.927080836363346,1.33848389142559,-0.0970838181928259,3.9735010555347774,-0.4440250490239295,1.3252675100069582
95.0,98.0,130.05197143554688,-0.0395784238642449,2.6667800389765004,-4.116964581553685,-3.680355395735036,-1.9270980572926304,1.3384838930855951,-0.0970836573361784,3.973509769904452,-0.4443065147946529,1.3252658031665814
95.0,98.0,130.0520782470703,-0.0395961012552079,2.666779988298051,-4.117028767563907,-3.680524560056794,-1.9270712906119056,1.338483894145904,-0.0970836612280377,3.973509863659317,-0.4443029794899621,1.325265800509027
95.0,98.0,130.05210876464844,-0.039596107421773,2.666779988298051,-4.117028767563907,-3.680524560056794,-1.9270701857560173,1.338483894145904,-0.09708366119974,3.973509877342132,-0.4443070037755151,1.325267252924014
95.0,98.0,130.0521240234375,-0.0395497923735161,2.666779988298051,-4.117031814883231,-3.680525097959401,-1.9270701857560173,1.338483694443014,-0.09708366119974,3.973509877342132,-0.4443234455856101,1.325267252924014
95.0,98.0,130.0521240234375,-0.039554831143487,2.666779989119176,-4.11702459142795,-3.6805784722809793,-1.9270808748639032,1.338483885544508,-0.0970840396306586,3.973509987652805,-0.4443065147946529,1.3252672712005225
95.0,98.0,130.05213928222656,-0.0395497923735161,2.666779988298051,-4.117031814883231,-3.6805537582746566,-1.9270701857560173,1.338483694443014,-0.097083657372758,3.9735099538088137,-0.4443234455856101,1.325267252924014
95.0,98.0,130.05213928222656,-0.0395551364855455,2.6667799894992026,-4.1170287002793575,-3.6805784722809793,-1.9270853978969564,1.338483885544508,-0.0970836570745918,3.973509877342132,-0.4443065147946529,1.3252672712005225
95.0,98.0,130.05215454101562,-0.0395551364855455,2.666779989501114,-4.1170287002793575,-3.6805906722358586,-1.9270853978969564,1.3384838914297763,-0.09708366119974,3.973509877342132,-0.4443065147946529,1.3252672537453236
95.0,98.0,130.05218505859375,-0.039593123361971,2.66677998750933,-4.117024758903278,-3.680554507781629,-1.9270797161575337,1.3384838944198878,-0.0970838181928259,3.9735009735694526,-0.4437597388543212,1.3253668313420148
95.0,98.0,130.05223083496094,-0.0395966600154701,2.666779988876333,-4.116967826101741,-3.681104666966132,-1.9271029242421016,1.3384838939548287,-0.0970836573361784,3.973509880218041,-0.4437645763500952,1.3252658031665814
95.0,98.0,130.05223083496094,-0.0395966600154701,2.666779988876333,-4.116967826101741,-3.681104666966132,-1.9271029242421016,1.3384838939548287,-0.0970836573361784,3.973509880218041,-0.4437645763500952,1.3252658031665814
95.0,98.0,130.05226135253906,-0.0395529329482062,2.666779989555595,-4.116957834966827,-3.681141972086347,-1.9271027535950067,1.3384838974630462,-0.0970836573607108,3.973510001852673,-0.4437645758768875,1.3252658031665814
95.0,98.0,130.0522918701172,-0.0395961491752583,2.6667799894621647,-4.116966574252944,-3.681141972086347,-1.9271029242421016,1.3384838912387014,-0.0970836573361784,3.973509880218041,-0.4437645758768875,1.3252658031665814
95.0,98.0,130.0522918701172,-0.0395963308978215,2.6667799895262987,-4.116958429008705,-3.681141972086347,-1.9271027578297748,1.3384838923153382,-0.0970836728574247,3.973510001852673,-0.4437645758768875,1.3252658031665814
95.0,98.0,130.0522918701172,-0.0395963308978215,2.6667799895275235,-4.116958429008705,-3.681141972086347,-1.9271027578297748,1.3384838923153382,-0.0970836574976374,3.9735100010738864,-0.4437645758768875,1.3252658031665814
95.0,98.0,130.0522918701172,-0.0395963308978215,2.6667799895275235,-4.116963587377902,-3.681141972086347,-1.9271029301034592,1.3384838923153382,-0.0970836571791301,3.973509951916266,-0.4437692650701106,1.3252658031665814
95.0,98.0,130.0522918701172,-0.0395963308978215,2.6667799895262987,-4.116958429008705,-3.681141972086347,-1.9271027578297748,1.3384838923153382,-0.0970836728574247,3.973510001852673,-0.4437645758768875,1.3252658031665814
95.0,98.0,130.0522918701172,-0.0395939434061068,2.6667799886315047,-4.116967573915731,-3.681141972086347,-1.9271027578297748,1.3384838923153382,-0.0970836729721828,3.9735097661167993,-0.4437645758768875,1.3252658031665814
95.0,98.0,130.0522918701172,-0.0395963308978215,2.6667799895275235,-4.116958429008705,-3.681141972086347,-1.9271027578297748,1.3384838923153382,-0.0970836574976374,3.9735100010738864,-0.4437645758768875,1.3252658031665814
95.0,98.0,130.0522918701172,-0.0395961491752583,2.6667799894621647,-4.116965154171964,-3.681141972086347,-1.9271029242421016,1.3384838944484383,-0.0970836114333704,3.973509880218041,-0.4437645758768875,1.3252658031665814
95.0,98.0,130.05230712890625,-0.0395918045021908,2.6667799890986257,-4.117024758903278,-3.680554507781629,-1.927080836363346,1.3384838944198878,-0.0970840280003018,3.9735009735694526,-0.4440047025787446,1.3253666916412867
95.0,98.0,130.0523223876953,-0.039593123361971,2.66677998750933,-4.117024758903278,-3.680554507781629,-1.927080836363346,1.3384838944198878,-0.0970838181928259,3.9735009735694526,-0.4440250490239295,1.3253668313420148
95.0,98.0,130.0523223876953,-0.039593123361971,2.66677998750933,-4.117024758903278,-3.680554507781629,-1.927080836363346,1.3384838944198878,-0.0970838181928259,3.9735009735694526,-0.4440250490239295,1.3253668313420148
95.0,98.0,130.05233764648438,-0.0395961491752583,2.6667799894621647,-4.117000751014051,-3.681141972086347,-1.9271029242421016,1.3384838912387014,-0.0970836573361784,3.9735098848409214,-0.4437645758768875,1.3252658031665814
95.0,98.0,130.05233764648438,-0.0395963277960783,2.6667799894330693,-4.1169593633417225,-3.681141972086347,-1.9271027578297748,1.3384836937685685,-0.0970836574976374,3.973510001745507,-0.4437326207886297,1.3252752910899752
95.0,98.0,130.05233764648438,-0.0395961491752583,2.6667799894621647,-4.117000751014051,-3.681141972086347,-1.9271029242421016,1.3384838912387014,-0.0970836573361784,3.9735098848409214,-0.4437645758768875,1.3252658031665814
95.0,98.0,130.05235290527344,-0.0395963308978215,2.6667799895275235,-4.116987449368062,-3.681165662810111,-1.9271029301034592,1.3384838950745377,-0.097083656741529,3.973509975981716,-0.4437679209481301,1.3252658031665814
95.0,99.0,130.0514678955078,-0.0395613282943835,2.6667800389765004,-4.116967865426757,-3.6803572022037527,-1.9270980572926304,1.3384838930855951,-0.0970836563315152,3.973509769904452,-0.4437653881855716,1.3252658031665814
95.0,99.0,130.0514678955078,-0.0395637157860982,2.666780039871294,-4.116958720519732,-3.6803572022037527,-1.9270980572926304,1.3384838930855951,-0.097083656216757,3.9735100056403256,-0.4437653881855716,1.3252658031665814
95.0,99.0,130.05148315429688,-0.0395964660213679,2.666780039871294,-4.116958720519732,-3.6803572022037527,-1.9270980572926304,1.3384838930572611,-0.0970836574236868,3.9735100056403256,-0.4437653881855716,1.3252658031665814
95.0,99.0,130.05148315429688,-0.0395964676466659,2.666780039871294,-4.116958720519732,-3.6803572022037527,-1.9270980572926304,1.3384838930649516,-0.0970836574236868,3.9735100056403256,-0.4437693630377887,1.3252658031665814
95.0,99.0,130.051513671875,-0.0395714832370582,2.666779988298051,-4.116963727171036,-3.6805198148062703,-1.9270701857560173,1.338483894145904,-0.0970836672002489,3.973509768053524,-0.4437796698367631,1.3252653961868213
95.0,99.0,130.051513671875,-0.0395530540705205,2.666779988348335,-4.116963727171036,-3.6805198148062703,-1.9270701857560173,1.338483907488437,-0.0970836672002489,3.973509768053524,-0.4437662579366549,1.3252653961868213
95.0,99.0,130.051513671875,-0.0395550082022482,2.666779988894306,-4.116963727171036,-3.680519654815918,-1.9270701857560173,1.3384838940741228,-0.0970836578214331,3.973509768053524,-0.4437796698367631,1.325265788281847
95.0,99.0,130.05152893066406,-0.0396016671842101,2.6667799882901693,-4.116961791568782,-3.6805195254213663,-1.9270701857560173,1.338483894145904,-0.0970836672002489,3.973509762631271,-0.4437609420763336,1.3252653858532613
95.0,99.0,130.05152893066406,-0.0395530540705205,2.666779988348335,-4.116963727171036,-3.680552313230755,-1.9270701857560173,1.3384838924134517,-0.0970836672002489,3.97350976582536,-0.4437662579366549,1.3252653961868213
95.0,99.0,130.05157470703125,-0.0395520303134218,2.666779988915282,-4.116966574252944,-3.680525208554496,-1.9271029242421016,1.3384838975357731,-0.0970836611631603,3.973509876838037,-0.4437645763500952,1.3252658031665814
95.0,99.0,130.0515899658203,-0.0395556890792426,2.666779988915282,-4.116966574252944,-3.6805533671156425,-1.9271029242421016,1.3384838912387014,-0.0970836573361784,3.973509880218041,-0.4437645763500952,1.3252658031665814
95.0,99.0,130.0515899658203,-0.0395520303134218,2.666779988915282,-4.116966574252944,-3.680553868869752,-1.9271029242421016,1.3384838975357731,-0.0970836573361784,3.9735099533047182,-0.4437645763500952,1.3252658031665814
95.0,99.0,130.0515899658203,-0.0395973857373881,2.66677998953796,-4.116958240761328,-3.680525208554496,-1.9271029209493304,1.338483897488038,-0.097083661122579,3.973509876838037,-0.4437645763500952,1.3252658031665814
95.0,99.0,130.0515899658203,-0.0395999953329802,2.666779988298051,-4.116968350995141,-3.680531457219809,-1.927097050247346,1.338483894145904,-0.0970836672002489,3.9735101273530136,-0.4437609420763336,1.325265395146623
95.0,99.0,130.0515899658203,-0.0395556890792426,2.666779988915282,-4.116966574252944,-3.6805533657593705,-1.9271029242421016,1.3384839067073089,-0.0970836573361784,3.973509880169757,-0.4437645763500952,1.3252658031665814
95.0,99.0,130.0515899658203,-0.0395976232837346,2.6667800389765004,-4.11696774066175,-3.680517295908245,-1.9270980572926304,1.3384838930855951,-0.0970836563315152,3.973509769904452,-0.4437653800425988,1.3252658031665814
95.0,99.0,130.0515899658203,-0.039574005426888,2.666780042238764,-4.116966574252944,-3.680532326532597,-1.9271029242421016,1.3384838913104824,-0.0970836667149942,3.973509880218041,-0.4437645763500952,1.3252654110715556
95.0,99.0,130.0515899658203,-0.0395714111857481,2.666779988290837,-4.116966574252944,-3.680519216495068,-1.9271029242421016,1.3384838974525504,-0.0970836672530289,3.973509876838037,-0.4437645763500952,1.3252658031665814
95.0,99.0,130.0515899658203,-0.0395520651157407,2.666779988915282,-4.11696649780054,-3.680553868869752,-1.9271029242421016,1.3384839090574228,-0.0970836340394771,3.973509994897728,-0.4437645891092143,1.3252658954906789
95.0,99.0,130.0515899658203,-0.0395721641140525,2.6667799883190275,-4.116966574252944,-3.680521028681511,-1.9271029242421016,1.3384839063854677,-0.0970836667149942,3.973509882446206,-0.4437645763500952,1.3252654110715556
95.0,99.0,130.05160522460938,-0.0396016671842101,2.666779988298051,-4.117028767563907,-3.680523971607884,-1.9270701857560173,1.338483894145904,-0.0970836672002489,3.973510127126701,-0.4437609420763336,1.325265395146623
95.0,99.0,130.05160522460938,-0.0395721641140525,2.6667799883190275,-4.116966574252944,-3.680553527105996,-1.9271029242421016,1.3384838913104824,-0.0970836667149942,3.973509880218041,-0.4437645763500952,1.3252654110715556
95.0,99.0,130.05160522460938,-0.0395556890792426,2.666779988915282,-4.116966574252944,-3.680553872255194,-1.9271029242421016,1.3384836844156638,-0.0970836573361784,3.9735098736405328,-0.4437645763500952,1.3252658031665814
95.0,99.0,130.05162048339844,-0.0395633989399887,2.6667800357318865,-4.117000751014051,-3.680531328288581,-1.9271029242421016,1.3384838714349725,-0.0970836561292487,3.9735081992279815,-0.4437623224924551,1.3252658031665814
95.0,99.0,130.0516357421875,-0.0395961491752583,2.6667800357318865,-4.117000751014051,-3.680531328288581,-1.9271029242421016,1.3384838714066385,-0.0970836573361784,3.9735081992279815,-0.4437623224924551,1.3252658031665814
95.0,99.0,130.0516357421875,-0.0395963308978215,2.6667799895275235,-4.116958429008705,-3.680595608733413,-1.9271027578297748,1.3384838923153382,-0.0970836574976374,3.9735098803641207,-0.4437645758768875,1.3252658067939092
95.0,99.0,130.0516357421875,-0.0395961491752583,2.66678004107258,-4.117000926617813,-3.680531905442237,-1.9271029242421016,1.3384839000423443,-0.0970836573361784,3.973509880218041,-0.4437645758768875,1.3252658031665814
95.0,99.0,130.0516357421875,-0.0395963217163657,2.6667799895275235,-4.116958429008705,-3.680596607133781,-1.9271027578297748,1.338483871515643,-0.0970836574976374,3.973508214190548,-0.4437646074675879,1.32526580332184
95.0,99.0,130.0516357421875,-0.0395961583567141,2.6667800357318865,-4.117000751014051,-3.680530329888213,-1.9271029242421016,1.3384838922063336,-0.0970836573361784,3.973509865401554,-0.4437622909017547,1.3252658066386505
95.0,99.0,130.05165100097656,-0.0395943078624228,2.6667799871528444,-4.117000926617813,-3.680553106015636,-1.9271029242421016,1.3384839000423443,-0.0970836573361784,3.973509880218041,-0.4437645758768875,1.3252658031665814
95.0,99.0,130.05165100097656,-0.0395999953329802,2.6667799875668585,-4.117001131658208,-3.680531457219809,-1.9271029051625328,1.3384838946385869,-0.0970836672002489,3.973510155653584,-0.4437609420763336,1.325265395146623
95.0,99.0,130.05166625976562,-0.039551680972937,2.666779988915282,-4.117031672931469,-3.680553868869752,-1.9271029242421016,1.338483694216404,-0.0970836573361784,3.973509874322543,-0.4437645763500952,1.3252658031665814
95.0,99.0,130.05166625976562,-0.039551680972937,2.666779988915282,-4.117031672931469,-3.680553868869752,-1.9271029242421016,1.338483694216404,-0.0970836573361784,3.973509874322543,-0.4437645763500952,1.3252658031665814
95.0,99.0,130.05166625976562,-0.039551680972937,2.666779988915282,-4.117031672931469,-3.680553868869752,-1.9271029242421016,1.338483694216404,-0.0970836344361696,3.973509995599359,-0.4437649898993587,1.3252670142736256
95.0,99.0,130.05166625976562,-0.039551680972937,2.666779988915282,-4.117031672931469,-3.680553870226023,-1.9271029242421016,1.3384836787477965,-0.0970836573361784,3.973509874370827,-0.4437645763500952,1.3252658031665814
95.0,99.0,130.05166625976562,-0.0396022490733304,2.6667799883106533,-4.11702826478338,-3.680523971607884,-1.927104371282056,1.338483894266464,-0.0970836668248282,3.973510127126701,-0.4437644176254654,1.325265395146623
95.0,99.0,130.05166625976562,-0.039551680972937,2.666779988915282,-4.117031672931469,-3.680553868869752,-1.9271029242421016,1.338483694216404,-0.0970836573361784,3.973509874322543,-0.4437645763500952,1.3252658031665814
95.0,99.0,130.0517120361328,-0.0395637157860982,2.6667799903550686,-4.117024843817562,-3.680544707967401,-1.9270980572926304,1.3384838931458576,-0.097083656216757,3.973500370015548,-0.4440128039554884,1.3252658031665814
95.0,99.0,130.0517578125,-0.039593123361971,2.6667799875267213,-4.117028647731416,-3.680591289870904,-1.927080836363346,1.33848389142559,-0.0970838181928259,3.9735010555347774,-0.4440250490239295,1.3252675100069582
95.0,99.0,130.05197143554688,-0.0395784238642449,2.6667800389765004,-4.116964581553685,-3.680355395735036,-1.9270980572926304,1.3384838930855951,-0.0970836573361784,3.973509769904452,-0.4443065147946529,1.3252658031665814
95.0,99.0,130.05206298828125,-0.0395918045021908,2.6667800386148515,-4.116958635605448,-3.6803670020179817,-1.927080836363346,1.3384838943596251,-0.0970840280003018,3.973510609194231,-0.4437572868088278,1.3253666916412867
95.0,99.0,130.0520782470703,-0.0395961012552079,2.666779988298051,-4.117028767563907,-3.680524560056794,-1.9270712906119056,1.338483894145904,-0.0970836612280377,3.973509863659317,-0.4443029794899621,1.325265800509027
95.0,99.0,130.0520782470703,-0.0395497923735161,2.666779988298051,-4.117028852352866,-3.680524559034565,-1.9270701857560173,1.338483694443014,-0.09708366119974,3.973509877342132,-0.4443069325528909,1.325267252924014
95.0,99.0,130.0520782470703,-0.0395961012552079,2.666779988915588,-4.117028286121341,-3.680524661624344,-1.9270712906119056,1.338483894145904,-0.0970836573696265,3.973509863517184,-0.4443029794899621,1.3252658033304447
95.0,99.0,130.05210876464844,-0.039596107421773,2.666779988298051,-4.117028767563907,-3.680524560056794,-1.9270701857560173,1.338483894145904,-0.09708366119974,3.973509877342132,-0.4443070037755151,1.325267252924014
95.0,99.0,130.05210876464844,-0.039596107421773,2.666779988298051,-4.117028767563907,-3.680524560056794,-1.9270701857560173,1.338483894145904,-0.0970836572852791,3.973509958071528,-0.4443075145930779,1.325267252924014
95.0,99.0,130.0521240234375,-0.0395497923735161,2.666779988298051,-4.117031814883231,-3.680525097959401,-1.9270701857560173,1.338483694443014,-0.09708366119974,3.973509877342132,-0.4443234455856101,1.325267252924014
95.0,99.0,130.0521240234375,-0.039554831143487,2.666779989119176,-4.11702459142795,-3.6805784722809793,-1.9270808748639032,1.338483885544508,-0.0970840396306586,3.973509987652805,-0.4443065147946529,1.3252672712005225
95.0,99.0,130.0521240234375,-0.039596107421773,2.666779988298051,-4.117031730094273,-3.68052509898163,-1.9270701857560173,1.338483894145904,-0.09708366119974,3.973509877342132,-0.4443235168082343,1.325267252924014
95.0,99.0,130.0521240234375,-0.0395497923735161,2.666779988298051,-4.117031814883231,-3.6805537582746566,-1.9270701857560173,1.338483694443014,-0.0970836612872189,3.9735098730794185,-0.4443229347680473,1.325267252924014
95.0,100.0,130.0514678955078,-0.0395613282943835,2.6667800389765004,-4.116967865426757,-3.6803572022037527,-1.9270980572926304,1.3384838930855951,-0.0970836563315152,3.973509769904452,-0.4437653881855716,1.3252658031665814
95.0,100.0,130.0514678955078,-0.0395637157860982,2.666780039871294,-4.116958720519732,-3.6803572022037527,-1.9270980572926304,1.3384838930855951,-0.097083656216757,3.9735100056403256,-0.4437653881855716,1.3252658031665814
95.0,100.0,130.0514678955078,-0.0395499062232604,2.6667800393458343,-4.116958720519732,-3.680359423848029,-1.927097865637153,1.3384838930649516,-0.0970836574236868,3.9735100056403256,-0.4437693630377887,1.3252658031665814
95.0,100.0,130.05148315429688,-0.0395964660213679,2.666780039871294,-4.116958720519732,-3.6803572022037527,-1.9270980572926304,1.3384838930572611,-0.0970836574236868,3.9735100056403256,-0.4437653881855716,1.3252658031665814
95.0,100.0,130.05148315429688,-0.0395964676466659,2.666780039871294,-4.116958720519732,-3.6803572022037527,-1.9270980572926304,1.3384838930649516,-0.0970836574236868,3.9735100056403256,-0.4437693630377887,1.3252658031665814
95.0,100.0,130.05148315429688,-0.0395964497417127,2.666779988327568,-4.116958760899462,-3.6803572022037527,-1.9270980572926304,1.3384838930572611,-0.0970836573476432,3.9735100056403256,-0.4437644965848744,1.3252658031665814
95.0,100.0,130.051513671875,-0.0395714832370582,2.666779988298051,-4.116963727171036,-3.6805198148062703,-1.9270701857560173,1.338483894145904,-0.0970836672002489,3.973509768053524,-0.4437796698367631,1.3252653961868213
95.0,100.0,130.051513671875,-0.0395530540705205,2.666779988348335,-4.116963727171036,-3.6805198148062703,-1.9270701857560173,1.338483907488437,-0.0970836672002489,3.973509768053524,-0.4437662579366549,1.3252653961868213
95.0,100.0,130.051513671875,-0.0395550082022482,2.666779988894306,-4.116963727171036,-3.680519654815918,-1.9270701857560173,1.3384838940741228,-0.0970836578214331,3.973509768053524,-0.4437796698367631,1.325265788281847
95.0,100.0,130.051513671875,-0.0395714832370582,2.666779988298051,-4.116963727171036,-3.680519654585417,-1.9270701857560173,1.338483894145904,-0.0970836572830421,3.973509768053524,-0.4437796698367631,1.325265815317238
95.0,100.0,130.051513671875,-0.0395550082022482,2.666779988894306,-4.116963785995315,-3.680519654815918,-1.9270701857560173,1.3384839065173697,-0.0970836573429594,3.9735098774679822,-0.4437796698367631,1.325265788281847
95.0,100.0,130.051513671875,-0.0395541749346421,2.6667799883511294,-4.116964440176667,-3.6805225680878464,-1.9270701857560173,1.338483907488437,-0.0970836566530992,3.97350988354866,-0.4437662579366549,1.3252653961868213
95.0,100.0,130.05152893066406,-0.0396016671842101,2.6667799882901693,-4.116961791568782,-3.6805195254213663,-1.9270701857560173,1.338483894145904,-0.0970836672002489,3.973509762631271,-0.4437609420763336,1.3252653858532613
95.0,100.0,130.05152893066406,-0.0395530540705205,2.666779988348335,-4.116963727171036,-3.680552313230755,-1.9270701857560173,1.3384838924134517,-0.0970836672002489,3.97350976582536,-0.4437662579366549,1.3252653961868213
95.0,100.0,130.05154418945312,-0.0395530540705205,2.666779988909549,-4.116966190511405,-3.68055238897692,-1.9270701857560173,1.3384838965986188,-0.0970836352307448,3.9735099963329095,-0.4437650040931997,1.3252653961868213
95.0,100.0,130.05157470703125,-0.0395520303134218,2.666779988915282,-4.116966574252944,-3.680525208554496,-1.9271029242421016,1.3384838975357731,-0.0970836611631603,3.973509876838037,-0.4437645763500952,1.3252658031665814
95.0,100.0,130.0515899658203,-0.0395556890792426,2.666779988915282,-4.116966574252944,-3.6805533671156425,-1.9271029242421016,1.3384838912387014,-0.0970836573361784,3.973509880218041,-0.4437645763500952,1.3252658031665814
95.0,100.0,130.0515899658203,-0.0395520303134218,2.666779988915282,-4.116966574252944,-3.680553868869752,-1.9271029242421016,1.3384838975357731,-0.0970836573361784,3.9735099533047182,-0.4437645763500952,1.3252658031665814
95.0,100.0,130.0515899658203,-0.0395973857373881,2.66677998953796,-4.116958240761328,-3.680525208554496,-1.9271029209493304,1.338483897488038,-0.097083661122579,3.973509876838037,-0.4437645763500952,1.3252658031665814
95.0,100.0,130.0515899658203,-0.0395999953329802,2.666779988298051,-4.116968350995141,-3.680531457219809,-1.927097050247346,1.338483894145904,-0.0970836672002489,3.9735101273530136,-0.4437609420763336,1.325265395146623
95.0,100.0,130.0515899658203,-0.0395556890792426,2.666779988915282,-4.116966574252944,-3.6805533657593705,-1.9271029242421016,1.3384839067073089,-0.0970836573361784,3.973509880169757,-0.4437645763500952,1.3252658031665814
95.0,100.0,130.0515899658203,-0.0395976232837346,2.6667800389765004,-4.11696774066175,-3.680517295908245,-1.9270980572926304,1.3384838930855951,-0.0970836563315152,3.973509769904452,-0.4437653800425988,1.3252658031665814
95.0,100.0,130.0515899658203,-0.039574005426888,2.666780042238764,-4.116966574252944,-3.680532326532597,-1.9271029242421016,1.3384838913104824,-0.0970836667149942,3.973509880218041,-0.4437645763500952,1.3252654110715556
95.0,100.0,130.0515899658203,-0.0395714111857481,2.666779988290837,-4.116966574252944,-3.680519216495068,-1.9271029242421016,1.3384838974525504,-0.0970836672530289,3.973509876838037,-0.4437645763500952,1.3252658031665814
95.0,100.0,130.0515899658203,-0.0395520651157407,2.666779988915282,-4.11696649780054,-3.680553868869752,-1.9271029242421016,1.3384839090574228,-0.0970836340394771,3.973509994897728,-0.4437645891092143,1.3252658954906789
95.0,100.0,130.0515899658203,-0.0395721641140525,2.6667799883190275,-4.116966574252944,-3.680521028681511,-1.9271029242421016,1.3384839063854677,-0.0970836667149942,3.973509882446206,-0.4437645763500952,1.3252654110715556
95.0,100.0,130.0515899658203,-0.0395974020170433,2.666780041081686,-4.116958200381599,-3.680525208554496,-1.9271029209493304,1.338483897488038,-0.0970836611986226,3.973509876838037,-0.4437654679507925,1.3252658031665814
95.0,100.0,130.0515899658203,-0.0395714111857481,2.666779988290837,-4.116966574252944,-3.6805185438880166,-1.927102881746199,1.3384838974525504,-0.0970836672530289,3.9735098758664416,-0.4437645763500952,1.3252658031665814
95.0,100.0,130.0515899658203,-0.0395999485741724,2.666779988298051,-4.116968350995141,-3.680531457219809,-1.927097050247346,1.338483894145904,-0.0970836672002489,3.9735098833861255,-0.4437609420763336,1.3252658146518332
95.0,100.0,130.0515899658203,-0.0395714111857481,2.666779988290837,-4.11696782385292,-3.680519066184634,-1.9271029242421016,1.3384838974525504,-0.0970836669938635,3.973509876838037,-0.4437645763500952,1.3252658031665814
95.0,100.0,130.0515899658203,-0.0395556890792426,2.666779988915282,-4.116966515428665,-3.6805533657593705,-1.9271029242421016,1.3384838942640622,-0.0970836578146521,3.973509770755298,-0.4437645763500952,1.3252658031665814
95.0,100.0,130.0515899658203,-0.0395958323354662,2.666780039871294,-4.116958720519732,-3.680533617408844,-1.927102811778873,1.3384838930855951,-0.097083656216757,3.9735100056403256,-0.4437653154612963,1.3252658031665814
95.0,100.0,130.0515899658203,-0.0395721641140525,2.6667799883190275,-4.116958829444897,-3.680553527105996,-1.9271029242421016,1.3384838913104824,-0.0970836667149942,3.973509880218041,-0.4437653971148495,1.3252654110715556
95.0,100.0,130.0515899658203,-0.0395530467657306,2.666779988915282,-4.116963942513025,-3.680555664992495,-1.9271029242421016,1.3384839050428206,-0.0970836675150574,3.973509874370827,-0.4437645730280198,1.3252658031665814
95.0,100.0,130.0515899658203,-0.039574005426888,2.666780042272907,-4.116966574252944,-3.680532326532597,-1.9271029242421016,1.3384838913104824,-0.0970836667149942,3.973510012398106,-0.4437645684598308,1.3252658107309303
95.0,100.0,130.05160522460938,-0.0396016671842101,2.666779988298051,-4.117028767563907,-3.680523971607884,-1.9270701857560173,1.338483894145904,-0.0970836672002489,3.973510127126701,-0.4437609420763336,1.325265395146623
95.0,100.0,130.05160522460938,-0.0395721641140525,2.6667799883190275,-4.116966574252944,-3.680553527105996,-1.9271029242421016,1.3384838913104824,-0.0970836667149942,3.973509880218041,-0.4437645763500952,1.3252654110715556
95.0,100.0,130.05160522460938,-0.0395556890792426,2.666779988915282,-4.116966574252944,-3.680553872255194,-1.9271029242421016,1.3384836844156638,-0.0970836573361784,3.9735098736405328,-0.4437645763500952,1.3252658031665814
95.0,100.0,130.05160522460938,-0.0396016671842101,2.666779988259964,-4.117028767563907,-3.680525233440224,-1.9270701857560173,1.3384838940484731,-0.0970836673059288,3.973510127126701,-0.4437609420763336,1.325265381802068
95.0,100.0,130.05160522460938,-0.039551680972937,2.666779988915282,-4.116966083138452,-3.68055353277236,-1.9271029242421016,1.338483694216404,-0.0970836572380642,3.973509874350744,-0.4437645763500952,1.3252658031665814
95.0,100.0,130.05162048339844,-0.0395633989399887,2.6667800357318865,-4.117000751014051,-3.680531328288581,-1.9271029242421016,1.3384838714349725,-0.0970836561292487,3.9735081992279815,-0.4437623224924551,1.3252658031665814
95.0,100.0,130.0516357421875,-0.0395961491752583,2.6667800357318865,-4.117000751014051,-3.680531328288581,-1.9271029242421016,1.3384838714066385,-0.0970836573361784,3.9735081992279815,-0.4437623224924551,1.3252658031665814
95.0,100.0,130.0516357421875,-0.0395963308978215,2.6667799895275235,-4.116958429008705,-3.680595608733413,-1.9271027578297748,1.3384838923153382,-0.0970836574976374,3.9735098803641207,-0.4437645758768875,1.3252658067939092
95.0,100.0,130.0516357421875,-0.0395961491752583,2.66678004107258,-4.117000926617813,-3.680531905442237,-1.9271029242421016,1.3384839000423443,-0.0970836573361784,3.973509880218041,-0.4437645758768875,1.3252658031665814
95.0,100.0,130.0516357421875,-0.0395963217163657,2.6667799895275235,-4.116958429008705,-3.680596607133781,-1.9271027578297748,1.338483871515643,-0.0970836574976374,3.973508214190548,-0.4437646074675879,1.32526580332184
95.0,100.0,130.0516357421875,-0.0395961583567141,2.6667800357318865,-4.117000751014051,-3.680530329888213,-1.9271029242421016,1.3384838922063336,-0.0970836573361784,3.973509865401554,-0.4437622909017547,1.3252658066386505
95.0,100.0,130.0516357421875,-0.0395963308978215,2.6667799895275235,-4.116958429008705,-3.680595608733413,-1.9271027578297748,1.3384838923153382,-0.0970836574976374,3.97350821470331,-0.4437646083392018,1.3252658067939092
95.0,100.0,130.0516357421875,-0.0395962051155219,2.6667800357318865,-4.117000751014051,-3.680530329888213,-1.9271029242421016,1.3384838922063336,-0.0970836573361784,3.973510109368442,-0.4437622909017547,1.32526538713344
95.0,100.0,130.05165100097656,-0.0395943078624228,2.6667799871528444,-4.117000926617813,-3.680553106015636,-1.9271029242421016,1.3384839000423443,-0.0970836573361784,3.973509880218041,-0.4437645758768875,1.3252658031665814
95.0,100.0,130.05165100097656,-0.0395999953329802,2.6667799875668585,-4.117001131658208,-3.680531457219809,-1.9271029051625328,1.3384838946385869,-0.0970836672002489,3.973510155653584,-0.4437609420763336,1.325265395146623
95.0,101.0,130.0508575439453,-0.0395721641140525,2.6667799883190275,-4.116966574252944,-3.68051965932923,-1.9265198864383009,1.3384839063854677,-0.0970836667173338,3.973509882446206,-0.4437645763500952,1.3252658118646623
95.0,101.0,130.05140686035156,-0.0395637157860982,2.666780039871294,-4.116958720519732,-3.6803572022037527,-1.927071286500892,1.3384838930855951,-0.097083656216757,3.9735100350798014,-0.4437653881855716,1.3252658044638104
95.0,101.0,130.05142211914062,-0.0395720714101883,2.666779988298051,-4.116963727171036,-3.680362262672998,-1.9270701857560173,1.338483894145904,-0.0970836572405507,3.973509768053524,-0.4437796698367631,1.3252658006727482
95.0,101.0,130.0514373779297,-0.0395964660213679,2.666780039871294,-4.116957280122007,-3.680362414390785,-1.9270689160172367,1.338483894012714,-0.0970836569153855,3.973510135018381,-0.4437610031269988,1.3252658007271494
95.0,101.0,130.0514678955078,-0.0395613282943835,2.6667800389765004,-4.116967865426757,-3.6803572022037527,-1.9270980572926304,1.3384838930855951,-0.0970836563315152,3.973509769904452,-0.4437653881855716,1.3252658031665814
95.0,101.0,130.0514678955078,-0.0395637157860982,2.666780039871294,-4.116958720519732,-3.6803572022037527,-1.9270980572926304,1.3384838930855951,-0.097083656216757,3.9735100056403256,-0.4437653881855716,1.3252658031665814
95.0,101.0,130.0514678955078,-0.0395499062232604,2.6667800393458343,-4.116958720519732,-3.680359423848029,-1.927097865637153,1.3384838930649516,-0.0970836574236868,3.9735100056403256,-0.4437693630377887,1.3252658031665814
95.0,101.0,130.0514678955078,-0.0395537761905612,2.6667800416384546,-4.116958720519732,-3.6803572022037527,-1.9270978586865464,1.3384838930474794,-0.0970836672264293,3.9735100056403256,-0.4437662623190601,1.3252658031665814
95.0,101.0,130.0514678955078,-0.0395637157860982,2.666780039871294,-4.116958720519732,-3.6803572022037527,-1.9270980572926304,1.3384838930855951,-0.097083656216757,3.9735100056403256,-0.4437653881855716,1.3252658031665814
95.0,101.0,130.0514678955078,-0.039551140491065,2.6667800389765004,-4.116967865426757,-3.680366457785108,-1.92709815027234,1.3384838930855951,-0.0970836563315152,3.97350987552912,-0.4437645656651732,1.3252658031665814
95.0,101.0,130.05148315429688,-0.0395964660213679,2.666780039871294,-4.116958720519732,-3.6803572022037527,-1.9270980572926304,1.3384838930572611,-0.0970836574236868,3.9735100056403256,-0.4437653881855716,1.3252658031665814
95.0,101.0,130.05148315429688,-0.0395964676466659,2.666780039871294,-4.116958720519732,-3.6803572022037527,-1.9270980572926304,1.3384838930649516,-0.0970836574236868,3.9735100056403256,-0.4437693630377887,1.3252658031665814
95.0,101.0,130.05148315429688,-0.0395964497417127,2.666779988327568,-4.116958760899462,-3.6803572022037527,-1.9270980572926304,1.3384838930572611,-0.0970836573476432,3.9735100056403256,-0.4437644965848744,1.3252658031665814
95.0,101.0,130.05148315429688,-0.0395971198805957,2.6667800403562265,-4.116958720519732,-3.6803572022037527,-1.9270985797279163,1.3384838930649516,-0.0970836574236868,3.973509872816534,-0.4437693630377887,1.3252658031665814
95.0,101.0,130.051513671875,-0.0395714832370582,2.666779988298051,-4.116963727171036,-3.6805198148062703,-1.9270701857560173,1.338483894145904,-0.0970836672002489,3.973509768053524,-0.4437796698367631,1.3252653961868213
95.0,101.0,130.051513671875,-0.0395530540705205,2.666779988348335,-4.116963727171036,-3.6805198148062703,-1.9270701857560173,1.338483907488437,-0.0970836672002489,3.973509768053524,-0.4437662579366549,1.3252653961868213
95.0,101.0,130.051513671875,-0.0395550082022482,2.666779988894306,-4.116963727171036,-3.680519654815918,-1.9270701857560173,1.3384838940741228,-0.0970836578214331,3.973509768053524,-0.4437796698367631,1.325265788281847
95.0,101.0,130.051513671875,-0.0395714832370582,2.666779988298051,-4.116963727171036,-3.680519654585417,-1.9270701857560173,1.338483894145904,-0.0970836572830421,3.973509768053524,-0.4437796698367631,1.325265815317238
95.0,101.0,130.051513671875,-0.0395550082022482,2.666779988894306,-4.116963785995315,-3.680519654815918,-1.9270701857560173,1.3384839065173697,-0.0970836573429594,3.9735098774679822,-0.4437796698367631,1.325265788281847
95.0,101.0,130.051513671875,-0.0395541749346421,2.6667799883511294,-4.116964440176667,-3.6805225680878464,-1.9270701857560173,1.338483907488437,-0.0970836566530992,3.97350988354866,-0.4437662579366549,1.3252653961868213
95.0,101.0,130.051513671875,-0.0395541283673734,2.666779988348335,-4.116963727171036,-3.6805198148062703,-1.9270701857560173,1.3384839075697466,-0.0970836672002489,3.973509768053524,-0.4437662579366549,1.3252653961868213
95.0,101.0,130.051513671875,-0.0395704089402052,2.666779988298051,-4.116963727171036,-3.6805198148062703,-1.9270701857560173,1.338483894064594,-0.0970836672002489,3.973509768053524,-0.4437796698367631,1.3252653961868213
95.0,101.0,130.051513671875,-0.0395541749346421,2.6667799883511294,-4.116964440176667,-3.6805225680878464,-1.9270701857560173,1.338483907488437,-0.0970836566530992,3.97350988354866,-0.4437662579366549,1.3252653961868213
95.0,101.0,130.051513671875,-0.0395540794725291,2.666779988349409,-4.116963691248921,-3.680519246860264,-1.927070571820899,1.338483907488437,-0.0970836672002489,3.973509768053524,-0.4437662579366549,1.3252653961868213
95.0,101.0,130.051513671875,-0.0396016671842101,2.666779989153148,-4.116952204188485,-3.680524627513564,-1.9270701857560173,1.338483894145904,-0.0970836667510616,3.973510127126701,-0.4437609087639912,1.325265337638935
95.0,101.0,130.05152893066406,-0.0396016671842101,2.6667799882901693,-4.116961791568782,-3.6805195254213663,-1.9270701857560173,1.338483894145904,-0.0970836672002489,3.973509762631271,-0.4437609420763336,1.3252653858532613
95.0,101.0,130.05152893066406,-0.0395530540705205,2.666779988348335,-4.116963727171036,-3.680552313230755,-1.9270701857560173,1.3384838924134517,-0.0970836672002489,3.97350976582536,-0.4437662579366549,1.3252653961868213
95.0,101.0,130.05152893066406,-0.0396016671842101,2.6667799882900045,-4.116961791568782,-3.6805195254213663,-1.9270701857560173,1.338483894145904,-0.0970836672002489,3.973509762631271,-0.4437609420763336,1.3252653858532613
95.0,101.0,130.05154418945312,-0.0395530540705205,2.666779988909549,-4.116966190511405,-3.68055238897692,-1.9270701857560173,1.3384838965986188,-0.0970836352307448,3.9735099963329095,-0.4437650040931997,1.3252653961868213
95.0,101.0,130.05154418945312,-0.0395530540705205,2.666779988909549,-4.116966190511405,-3.68055238897692,-1.9270701857560173,1.3384838965986188,-0.0970836352307448,3.9735099963329095,-0.4437650040931997,1.3252653961868213
95.0,101.0,130.0515594482422,-0.0395714111857481,2.666780037891216,-4.116958522479261,-3.6805185438880166,-1.927102881746199,1.3384838974525504,-0.0970836610633594,3.9735098768352857,-0.4437654546046055,1.3252658031665814
95.0,101.0,130.05157470703125,-0.0395520303134218,2.666779988915282,-4.116966574252944,-3.680525208554496,-1.9271029242421016,1.3384838975357731,-0.0970836611631603,3.973509876838037,-0.4437645763500952,1.3252658031665814
95.0,101.0,130.0515899658203,-0.0395556890792426,2.666779988915282,-4.116966574252944,-3.6805533671156425,-1.9271029242421016,1.3384838912387014,-0.0970836573361784,3.973509880218041,-0.4437645763500952,1.3252658031665814
95.0,101.0,130.0515899658203,-0.0395520303134218,2.666779988915282,-4.116966574252944,-3.680553868869752,-1.9271029242421016,1.3384838975357731,-0.0970836573361784,3.9735099533047182,-0.4437645763500952,1.3252658031665814
95.0,101.0,130.0515899658203,-0.0395973857373881,2.66677998953796,-4.116958240761328,-3.680525208554496,-1.9271029209493304,1.338483897488038,-0.097083661122579,3.973509876838037,-0.4437645763500952,1.3252658031665814
95.0,101.0,130.0515899658203,-0.0395999953329802,2.666779988298051,-4.116968350995141,-3.680531457219809,-1.927097050247346,1.338483894145904,-0.0970836672002489,3.9735101273530136,-0.4437609420763336,1.325265395146623
95.0,101.0,130.0515899658203,-0.0395556890792426,2.666779988915282,-4.116966574252944,-3.6805533657593705,-1.9271029242421016,1.3384839067073089,-0.0970836573361784,3.973509880169757,-0.4437645763500952,1.3252658031665814
95.0,101.0,130.0515899658203,-0.0395976232837346,2.6667800389765004,-4.11696774066175,-3.680517295908245,-1.9270980572926304,1.3384838930855951,-0.0970836563315152,3.973509769904452,-0.4437653800425988,1.3252658031665814
95.0,101.0,130.0515899658203,-0.039574005426888,2.666780042238764,-4.116966574252944,-3.680532326532597,-1.9271029242421016,1.3384838913104824,-0.0970836667149942,3.973509880218041,-0.4437645763500952,1.3252654110715556
95.0,101.0,130.0515899658203,-0.0395714111857481,2.666779988290837,-4.116966574252944,-3.680519216495068,-1.9271029242421016,1.3384838974525504,-0.0970836672530289,3.973509876838037,-0.4437645763500952,1.3252658031665814
95.0,101.0,130.0515899658203,-0.0395520651157407,2.666779988915282,-4.11696649780054,-3.680553868869752,-1.9271029242421016,1.3384839090574228,-0.0970836340394771,3.973509994897728,-0.4437645891092143,1.3252658954906789
95.0,101.0,130.0515899658203,-0.0395721641140525,2.6667799883190275,-4.116966574252944,-3.680521028681511,-1.9271029242421016,1.3384839063854677,-0.0970836667149942,3.973509882446206,-0.4437645763500952,1.3252654110715556
95.0,101.0,130.0515899658203,-0.0395974020170433,2.666780041081686,-4.116958200381599,-3.680525208554496,-1.9271029209493304,1.338483897488038,-0.0970836611986226,3.973509876838037,-0.4437654679507925,1.3252658031665814
95.0,101.0,130.0515899658203,-0.0395714111857481,2.666779988290837,-4.116966574252944,-3.6805185438880166,-1.927102881746199,1.3384838974525504,-0.0970836672530289,3.9735098758664416,-0.4437645763500952,1.3252658031665814
95.0,101.0,130.0515899658203,-0.0395999485741724,2.666779988298051,-4.116968350995141,-3.680531457219809,-1.927097050247346,1.338483894145904,-0.0970836672002489,3.9735098833861255,-0.4437609420763336,1.3252658146518332
95.0,101.0,130.0515899658203,-0.0395714111857481,2.666779988290837,-4.11696782385292,-3.680519066184634,-1.9271029242421016,1.3384838974525504,-0.0970836669938635,3.973509876838037,-0.4437645763500952,1.3252658031665814
95.0,101.0,130.0515899658203,-0.0395556890792426,2.666779988915282,-4.116966515428665,-3.6805533657593705,-1.9271029242421016,1.3384838942640622,-0.0970836578146521,3.973509770755298,-0.4437645763500952,1.3252658031665814
95.0,101.0,130.0515899658203,-0.0395958323354662,2.666780039871294,-4.116958720519732,-3.680533617408844,-1.927102811778873,1.3384838930855951,-0.097083656216757,3.9735100056403256,-0.4437653154612963,1.3252658031665814
95.0,101.0,130.0515899658203,-0.0395721641140525,2.6667799883190275,-4.116958829444897,-3.680553527105996,-1.9271029242421016,1.3384838913104824,-0.0970836667149942,3.973509880218041,-0.4437653971148495,1.3252654110715556
95.0,101.0,130.0515899658203,-0.0395530467657306,2.666779988915282,-4.116963942513025,-3.680555664992495,-1.9271029242421016,1.3384839050428206,-0.0970836675150574,3.973509874370827,-0.4437645730280198,1.3252658031665814
95.0,102.0,130.05081176757812,-0.0395518793055055,2.666779988915282,-4.116966574252944,-3.680520069503188,-1.926489656107659,1.3384838975357731,-0.0970836610414297,3.973509882411508,-0.4437645763500952,1.3252658031665814
95.0,102.0,130.0508575439453,-0.0395721641140525,2.6667799883190275,-4.116966574252944,-3.68051965932923,-1.9265198864383009,1.3384839063854677,-0.0970836667173338,3.973509882446206,-0.4437645763500952,1.3252658118646623
95.0,102.0,130.05140686035156,-0.0395637157860982,2.666780039871294,-4.116958720519732,-3.6803572022037527,-1.927071286500892,1.3384838930855951,-0.097083656216757,3.9735100350798014,-0.4437653881855716,1.3252658044638104
95.0,102.0,130.05140686035156,-0.0395710688995658,2.666779988298051,-4.116957305568148,-3.6803622598040864,-1.927068758999584,1.338483894153488,-0.0970836572405507,3.973509768053524,-0.4437608576596525,1.325265800726288
95.0,102.0,130.05142211914062,-0.0395720714101883,2.666779988298051,-4.116963727171036,-3.680362262672998,-1.9270701857560173,1.338483894145904,-0.0970836572405507,3.973509768053524,-0.4437796698367631,1.3252658006727482
95.0,102.0,130.0514373779297,-0.0395964660213679,2.666780039871294,-4.116957280122007,-3.680362414390785,-1.9270689160172367,1.338483894012714,-0.0970836569153855,3.973510135018381,-0.4437610031269988,1.3252658007271494
95.0,102.0,130.0514373779297,-0.0395540794725291,2.666779988349409,-4.116963691248921,-3.680372375110258,-1.927070571820899,1.3384839074479644,-0.0970836672002489,3.9735097842837392,-0.4437662579366549,1.3252654165486415
95.0,102.0,130.0514373779297,-0.039596440994389,2.666780039871294,-4.116958720519732,-3.6803572022037527,-1.9270747023271697,1.3384838930554035,-0.097083656216757,3.9735100350798014,-0.4437653881855716,1.325265803134876
95.0,102.0,130.0514373779297,-0.0395964676466659,2.666780040122992,-4.116958720519732,-3.6803572022037527,-1.927070366937352,1.3384838935344996,-0.0970836566633979,3.9735100056403256,-0.4437693630377887,1.3252658031665814
95.0,102.0,130.0514373779297,-0.0395964676466659,2.66678003921703,-4.116958720519732,-3.680360558973264,-1.9270706737361103,1.3384839069107346,-0.0970836574236868,3.9735100128118153,-0.4437663519871875,1.3252658031665814
95.0,102.0,130.05145263671875,-0.0395974685319903,2.666780039871294,-4.1169637017248935,-3.6803624172596967,-1.9270703427736704,1.3384838940051298,-0.0970836569153855,3.973510135018381,-0.4437798153041095,1.3252658006736098
95.0,102.0,130.0514678955078,-0.0395613282943835,2.6667800389765004,-4.116967865426757,-3.6803572022037527,-1.9270980572926304,1.3384838930855951,-0.0970836563315152,3.973509769904452,-0.4437653881855716,1.3252658031665814
95.0,102.0,130.0514678955078,-0.0395637157860982,2.666780039871294,-4.116958720519732,-3.6803572022037527,-1.9270980572926304,1.3384838930855951,-0.097083656216757,3.9735100056403256,-0.4437653881855716,1.3252658031665814
95.0,102.0,130.0514678955078,-0.0395499062232604,2.6667800393458343,-4.116958720519732,-3.680359423848029,-1.927097865637153,1.3384838930649516,-0.0970836574236868,3.9735100056403256,-0.4437693630377887,1.3252658031665814
95.0,102.0,130.0514678955078,-0.0395537761905612,2.6667800416384546,-4.116958720519732,-3.6803572022037527,-1.9270978586865464,1.3384838930474794,-0.0970836672264293,3.9735100056403256,-0.4437662623190601,1.3252658031665814
95.0,102.0,130.0514678955078,-0.0395637157860982,2.666780039871294,-4.116958720519732,-3.6803572022037527,-1.9270980572926304,1.3384838930855951,-0.097083656216757,3.9735100056403256,-0.4437653881855716,1.3252658031665814
95.0,102.0,130.0514678955078,-0.039551140491065,2.6667800389765004,-4.116967865426757,-3.680366457785108,-1.92709815027234,1.3384838930855951,-0.0970836563315152,3.97350987552912,-0.4437645656651732,1.3252658031665814
95.0,102.0,130.0514678955078,-0.0395637157860982,2.666780039871294,-4.116958930808323,-3.6803572022037527,-1.9270980572926304,1.3384838941155783,-0.0970836548674337,3.9735100056403256,-0.4437653881855716,1.3252658036002158
95.0,102.0,130.0514678955078,-0.0395520976293059,2.6667800416384546,-4.116958720519732,-3.6803572022037527,-1.927098601523191,1.3384838930474794,-0.0970836567726719,3.97350987624902,-0.4437662623190601,1.3252658031665814
95.0,102.0,130.0514678955078,-0.0395637157860982,2.666780040735018,-4.116957806204964,-3.6803619031897954,-1.9270980572926304,1.3384838930855951,-0.0970836571873355,3.973509884685264,-0.4437608859432847,1.3252658031665814
95.0,102.0,130.0514678955078,-0.0395613282943835,2.6667800376849,-4.116963534885849,-3.680354869326779,-1.9270980572926304,1.3384838931032923,-0.0970836563315152,3.973509769904452,-0.4437653561136311,1.325265825071238
95.0,102.0,130.05148315429688,-0.0395964660213679,2.666780039871294,-4.116958720519732,-3.6803572022037527,-1.9270980572926304,1.3384838930572611,-0.0970836574236868,3.9735100056403256,-0.4437653881855716,1.3252658031665814
95.0,102.0,130.05148315429688,-0.0395964676466659,2.666780039871294,-4.116958720519732,-3.6803572022037527,-1.9270980572926304,1.3384838930649516,-0.0970836574236868,3.9735100056403256,-0.4437693630377887,1.3252658031665814
95.0,102.0,130.05148315429688,-0.0395964497417127,2.666779988327568,-4.116958760899462,-3.6803572022037527,-1.9270980572926304,1.3384838930572611,-0.0970836573476432,3.9735100056403256,-0.4437644965848744,1.3252658031665814
95.0,102.0,130.05148315429688,-0.0395971198805957,2.6667800403562265,-4.116958720519732,-3.6803572022037527,-1.9270985797279163,1.3384838930649516,-0.0970836574236868,3.973509872816534,-0.4437693630377887,1.3252658031665814
95.0,102.0,130.05148315429688,-0.0395964660213679,2.666780039871294,-4.116958720519732,-3.6803572022037527,-1.927098149164212,1.3384838930557996,-0.0970836573648796,3.973509876843731,-0.4437653881855716,1.3252658031665814
95.0,102.0,130.05148315429688,-0.0395637157860982,2.666780039871294,-4.116958461766719,-3.6803572022037527,-1.927109724573301,1.3384839065461018,-0.0970836567614857,3.9735100056403256,-0.4437653881855716,1.325265803072762
95.0,102.0,130.051513671875,-0.0395714832370582,2.666779988298051,-4.116963727171036,-3.6805198148062703,-1.9270701857560173,1.338483894145904,-0.0970836672002489,3.973509768053524,-0.4437796698367631,1.3252653961868213
95.0,102.0,130.051513671875,-0.0395530540705205,2.666779988348335,-4.116963727171036,-3.6805198148062703,-1.9270701857560173,1.338483907488437,-0.0970836672002489,3.973509768053524,-0.4437662579366549,1.3252653961868213
95.0,102.0,130.051513671875,-0.0395550082022482,2.666779988894306,-4.116963727171036,-3.680519654815918,-1.9270701857560173,1.3384838940741228,-0.0970836578214331,3.973509768053524,-0.4437796698367631,1.325265788281847
95.0,102.0,130.051513671875,-0.0395714832370582,2.666779988298051,-4.116963727171036,-3.680519654585417,-1.9270701857560173,1.338483894145904,-0.0970836572830421,3.973509768053524,-0.4437796698367631,1.325265815317238
95.0,102.0,130.051513671875,-0.0395550082022482,2.666779988894306,-4.116963785995315,-3.680519654815918,-1.9270701857560173,1.3384839065173697,-0.0970836573429594,3.9735098774679822,-0.4437796698367631,1.325265788281847
95.0,102.0,130.051513671875,-0.0395541749346421,2.6667799883511294,-4.116964440176667,-3.6805225680878464,-1.9270701857560173,1.338483907488437,-0.0970836566530992,3.97350988354866,-0.4437662579366549,1.3252653961868213
95.0,102.0,130.051513671875,-0.0395541283673734,2.666779988348335,-4.116963727171036,-3.6805198148062703,-1.9270701857560173,1.3384839075697466,-0.0970836672002489,3.973509768053524,-0.4437662579366549,1.3252653961868213
95.0,102.0,130.051513671875,-0.0395704089402052,2.666779988298051,-4.116963727171036,-3.6805198148062703,-1.9270701857560173,1.338483894064594,-0.0970836672002489,3.973509768053524,-0.4437796698367631,1.3252653961868213
95.0,102.0,130.051513671875,-0.0395541749346421,2.6667799883511294,-4.116964440176667,-3.6805225680878464,-1.9270701857560173,1.338483907488437,-0.0970836566530992,3.97350988354866,-0.4437662579366549,1.3252653961868213
95.0,102.0,130.051513671875,-0.0395540794725291,2.666779988349409,-4.116963691248921,-3.680519246860264,-1.927070571820899,1.338483907488437,-0.0970836672002489,3.973509768053524,-0.4437662579366549,1.3252653961868213
95.0,102.0,130.051513671875,-0.0396016671842101,2.666779989153148,-4.116952204188485,-3.680524627513564,-1.9270701857560173,1.338483894145904,-0.0970836667510616,3.973510127126701,-0.4437609087639912,1.325265337638935
95.0,102.0,130.051513671875,-0.0395714832370582,2.666779988298051,-4.116963727171036,-3.680519654585417,-1.9270701857560173,1.338483894145904,-0.0970836574133404,3.973509768661781,-0.4437796698367631,1.325265815317238
95.0,102.0,130.051513671875,-0.0395704089402052,2.666779988298051,-4.116963727171036,-3.6805198148062703,-1.9270701857560173,1.338483894064594,-0.0970836672518878,3.973509768053524,-0.4437796698367631,1.3252653961868213
95.0,102.0,130.05152893066406,-0.0396016671842101,2.6667799882901693,-4.116961791568782,-3.6805195254213663,-1.9270701857560173,1.338483894145904,-0.0970836672002489,3.973509762631271,-0.4437609420763336,1.3252653858532613
95.0,102.0,130.05152893066406,-0.0395530540705205,2.666779988348335,-4.116963727171036,-3.680552313230755,-1.9270701857560173,1.3384838924134517,-0.0970836672002489,3.97350976582536,-0.4437662579366549,1.3252653961868213
95.0,102.0,130.05152893066406,-0.0396016671842101,2.6667799882900045,-4.116961791568782,-3.6805195254213663,-1.9270701857560173,1.338483894145904,-0.0970836672002489,3.973509762631271,-0.4437609420763336,1.3252653858532613
95.0,102.0,130.05154418945312,-0.0395530540705205,2.666779988909549,-4.116966190511405,-3.68055238897692,-1.9270701857560173,1.3384838965986188,-0.0970836352307448,3.9735099963329095,-0.4437650040931997,1.3252653961868213
95.0,102.0,130.05154418945312,-0.0395530540705205,2.666779988909549,-4.116966190511405,-3.68055238897692,-1.9270701857560173,1.3384838965986188,-0.0970836352307448,3.9735099963329095,-0.4437650040931997,1.3252653961868213
95.0,102.0,130.05154418945312,-0.0395999539987051,2.6667799882990035,-4.116968350995141,-3.680531457219809,-1.92707053389638,1.3384838966000092,-0.0970836672002489,3.973509994776264,-0.4437649901131036,1.3252658146518332
95.0,102.0,130.0515594482422,-0.0395714111857481,2.666780037891216,-4.116958522479261,-3.6805185438880166,-1.927102881746199,1.3384838974525504,-0.0970836610633594,3.9735098768352857,-0.4437654546046055,1.3252658031665814
95.0,102.0,130.0515594482422,-0.0395530467657306,2.666779988915282,-4.116963942513025,-3.68052064123773,-1.9271029242421016,1.3384838975401807,-0.0970836675150574,3.9735098742888457,-0.4437645730280198,1.3252658031665814
95.0,102.0,130.0515594482422,-0.0395541749346421,2.6667799883511294,-4.116964440176667,-3.6805290072898016,-1.92710004160492,1.3384838936058503,-0.0970836566530992,3.973509870531368,-0.4437693511737902,1.3252653746458345
95.0,102.0,130.0515594482422,-0.0395541749346421,2.6667799883538827,-4.116964440176667,-3.680528243913788,-1.9270972246332008,1.338483907488437,-0.097083656602959,3.97350988354866,-0.4437662579366549,1.3252653877371323
95.0,103.0,130.05081176757812,-0.0395518793055055,2.666779988915282,-4.116966574252944,-3.680520069503188,-1.926489656107659,1.3384838975357731,-0.0970836610414297,3.973509882411508,-0.4437645763500952,1.3252658031665814
95.0,103.0,130.05081176757812,-0.0395518793055055,2.666779988888355,-4.116957094738784,-3.680520069503188,-1.926507561576399,1.3384838975357731,-0.0970836610414297,3.973509882411508,-0.4437609039264431,1.3252658031665814
95.0,103.0,130.05084228515625,-0.0395541772217501,2.6667799883507914,-4.116966574252944,-3.6805192327960143,-1.9265198864383009,1.3384839063854677,-0.0970836667173338,3.973509879456426,-0.4437645763500952,1.325265812017994
95.0,103.0,130.0508575439453,-0.0395721641140525,2.6667799883190275,-4.116966574252944,-3.68051965932923,-1.9265198864383009,1.3384839063854677,-0.0970836667173338,3.973509882446206,-0.4437645763500952,1.3252658118646623
95.0,103.0,130.0513916015625,-0.0395710688995658,2.6667799883249783,-4.116966785082307,-3.6803622598040864,-1.9270508535308448,1.338483894153488,-0.0970836572405507,3.973509768053524,-0.4437645300833047,1.325265800726288
95.0,103.0,130.05140686035156,-0.0395637157860982,2.666780039871294,-4.116958720519732,-3.6803572022037527,-1.927071286500892,1.3384838930855951,-0.097083656216757,3.9735100350798014,-0.4437653881855716,1.3252658044638104
95.0,103.0,130.05140686035156,-0.0395710688995658,2.666779988298051,-4.116957305568148,-3.6803622598040864,-1.927068758999584,1.338483894153488,-0.0970836572405507,3.973509768053524,-0.4437608576596525,1.325265800726288
95.0,103.0,130.05140686035156,-0.0395637157860982,2.666780039871294,-4.116958720519732,-3.6803572022037527,-1.927071286500892,1.3384838930855951,-0.097083656216757,3.9735100350798014,-0.4437653881855716,1.3252658044638104
95.0,103.0,130.05142211914062,-0.0395720714101883,2.666779988298051,-4.116963727171036,-3.680362262672998,-1.9270701857560173,1.338483894145904,-0.0970836572405507,3.973509768053524,-0.4437796698367631,1.3252658006727482
95.0,103.0,130.05142211914062,-0.0395705793156605,2.666780040122992,-4.116958694006804,-3.6803572022037527,-1.9270701883518544,1.3384838941935429,-0.0970836566633979,3.973509767615563,-0.4437693630377887,1.3252658006062332
95.0,103.0,130.0514373779297,-0.0395964660213679,2.666780039871294,-4.116957280122007,-3.680362414390785,-1.9270689160172367,1.338483894012714,-0.0970836569153855,3.973510135018381,-0.4437610031269988,1.3252658007271494
95.0,103.0,130.0514373779297,-0.0395540794725291,2.666779988349409,-4.116963691248921,-3.680372375110258,-1.927070571820899,1.3384839074479644,-0.0970836672002489,3.9735097842837392,-0.4437662579366549,1.3252654165486415
95.0,103.0,130.0514373779297,-0.039596440994389,2.666780039871294,-4.116958720519732,-3.6803572022037527,-1.9270747023271697,1.3384838930554035,-0.097083656216757,3.9735100350798014,-0.4437653881855716,1.325265803134876
95.0,103.0,130.0514373779297,-0.0395964676466659,2.666780040122992,-4.116958720519732,-3.6803572022037527,-1.927070366937352,1.3384838935344996,-0.0970836566633979,3.9735100056403256,-0.4437693630377887,1.3252658031665814
95.0,103.0,130.0514373779297,-0.0395964676466659,2.66678003921703,-4.116958720519732,-3.680360558973264,-1.9270706737361103,1.3384839069107346,-0.0970836574236868,3.9735100128118153,-0.4437663519871875,1.3252658031665814
95.0,103.0,130.0514373779297,-0.0395964660213679,2.666780039871294,-4.116957280122007,-3.680362414390785,-1.9270689160172367,1.338483894012714,-0.0970836569153855,3.973510135018381,-0.4437610031269988,1.3252658007271494
95.0,103.0,130.0514373779297,-0.0395637157860982,2.6667799883827503,-4.116965420263142,-3.6803572022037527,-1.927079460350774,1.3384838930855951,-0.0970836669924141,3.9735098846822807,-0.4437653941925774,1.3252658045047172
95.0,103.0,130.0514373779297,-0.0395964676466659,2.666780040122992,-4.116958720519732,-3.6803571426953647,-1.927070366937352,1.338483893524984,-0.0970836566633979,3.973509994670062,-0.4437692289678471,1.3252658248455222
95.0,103.0,130.0514373779297,-0.0395966802009118,2.6667799897873814,-4.116957280122007,-3.680362414390785,-1.9270688974824304,1.338483894012714,-0.0970836673660388,3.973510135018381,-0.4437610031269988,1.3252658112744826
95.0,103.0,130.05145263671875,-0.0395974685319903,2.666780039871294,-4.1169637017248935,-3.6803624172596967,-1.9270703427736704,1.3384838940051298,-0.0970836569153855,3.973510135018381,-0.4437798153041095,1.3252658006736098
95.0,103.0,130.0514678955078,-0.0395613282943835,2.6667800389765004,-4.116967865426757,-3.6803572022037527,-1.9270980572926304,1.3384838930855951,-0.0970836563315152,3.973509769904452,-0.4437653881855716,1.3252658031665814
95.0,103.0,130.0514678955078,-0.0395637157860982,2.666780039871294,-4.116958720519732,-3.6803572022037527,-1.9270980572926304,1.3384838930855951,-0.097083656216757,3.9735100056403256,-0.4437653881855716,1.3252658031665814
95.0,103.0,130.0514678955078,-0.0395499062232604,2.6667800393458343,-4.116958720519732,-3.680359423848029,-1.927097865637153,1.3384838930649516,-0.0970836574236868,3.9735100056403256,-0.4437693630377887,1.3252658031665814
95.0,103.0,130.0514678955078,-0.0395537761905612,2.6667800416384546,-4.116958720519732,-3.6803572022037527,-1.9270978586865464,1.3384838930474794,-0.0970836672264293,3.9735100056403256,-0.4437662623190601,1.3252658031665814
95.0,103.0,130.0514678955078,-0.0395637157860982,2.666780039871294,-4.116958720519732,-3.6803572022037527,-1.9270980572926304,1.3384838930855951,-0.097083656216757,3.9735100056403256,-0.4437653881855716,1.3252658031665814
95.0,103.0,130.0514678955078,-0.039551140491065,2.6667800389765004,-4.116967865426757,-3.680366457785108,-1.92709815027234,1.3384838930855951,-0.0970836563315152,3.97350987552912,-0.4437645656651732,1.3252658031665814
95.0,103.0,130.0514678955078,-0.0395637157860982,2.666780039871294,-4.116958930808323,-3.6803572022037527,-1.9270980572926304,1.3384838941155783,-0.0970836548674337,3.9735100056403256,-0.4437653881855716,1.3252658036002158
95.0,103.0,130.0514678955078,-0.0395520976293059,2.6667800416384546,-4.116958720519732,-3.6803572022037527,-1.927098601523191,1.3384838930474794,-0.0970836567726719,3.97350987624902,-0.4437662623190601,1.3252658031665814
95.0,103.0,130.0514678955078,-0.0395637157860982,2.666780040735018,-4.116957806204964,-3.6803619031897954,-1.9270980572926304,1.3384838930855951,-0.0970836571873355,3.973509884685264,-0.4437608859432847,1.3252658031665814
95.0,103.0,130.0514678955078,-0.0395613282943835,2.6667800376849,-4.116963534885849,-3.680354869326779,-1.9270980572926304,1.3384838931032923,-0.0970836563315152,3.973509769904452,-0.4437653561136311,1.325265825071238
95.0,103.0,130.0514678955078,-0.0395613282943835,2.666780037624796,-4.116963487680058,-3.680359444592831,-1.9270980572926304,1.3384838931032923,-0.0970836563315152,3.973509769904452,-0.4437694024598507,1.325265802141496
95.0,103.0,130.0514678955078,-0.0395537761905612,2.6667800416384546,-4.116958720519732,-3.6803572022037527,-1.927098064139714,1.3384838930435667,-0.0970836672264293,3.973510021154052,-0.4437662623190601,1.3252658031665814
95.0,103.0,130.0514678955078,-0.0395613282943835,2.6667800376849,-4.116963534885849,-3.6803549288351673,-1.9270980572926304,1.338483893112808,-0.0970836563315152,3.973509780874716,-0.4437654901835726,1.3252658033922968
95.0,103.0,130.0514678955078,-0.0395499062232604,2.666780039405938,-4.116958767725523,-3.6803548485819766,-1.927097865637153,1.3384838930649516,-0.0970836574236868,3.9735100056403256,-0.443765316691569,1.325265826096323
95.0,103.0,130.0514678955078,-0.0395613282943835,2.6667800379496174,-4.116967865426757,-3.6803572022037527,-1.9270980572926304,1.3384838941298989,-0.0970836563270611,3.973509769896125,-0.4437653881855716,1.3252658031665814
95.0,103.0,130.05148315429688,-0.0395964660213679,2.666780039871294,-4.116958720519732,-3.6803572022037527,-1.9270980572926304,1.3384838930572611,-0.0970836574236868,3.9735100056403256,-0.4437653881855716,1.3252658031665814
95.0,103.0,130.05148315429688,-0.0395964676466659,2.666780039871294,-4.116958720519732,-3.6803572022037527,-1.9270980572926304,1.3384838930649516,-0.0970836574236868,3.9735100056403256,-0.4437693630377887,1.3252658031665814
95.0,103.0,130.05148315429688,-0.0395964497417127,2.666779988327568,-4.116958760899462,-3.6803572022037527,-1.9270980572926304,1.3384838930572611,-0.0970836573476432,3.9735100056403256,-0.4437644965848744,1.3252658031665814
95.0,103.0,130.05148315429688,-0.0395971198805957,2.6667800403562265,-4.116958720519732,-3.6803572022037527,-1.9270985797279163,1.3384838930649516,-0.0970836574236868,3.973509872816534,-0.4437693630377887,1.3252658031665814
95.0,103.0,130.05148315429688,-0.0395964660213679,2.666780039871294,-4.116958720519732,-3.6803572022037527,-1.927098149164212,1.3384838930557996,-0.0970836573648796,3.973509876843731,-0.4437653881855716,1.3252658031665814
95.0,103.0,130.05148315429688,-0.0395637157860982,2.666780039871294,-4.116958461766719,-3.6803572022037527,-1.927109724573301,1.3384839065461018,-0.0970836567614857,3.9735100056403256,-0.4437653881855716,1.325265803072762
95.0,103.0,130.05148315429688,-0.039595937671346,2.6667800392350367,-4.116958773454188,-3.680361934372339,-1.927100499036319,1.3384838920290956,-0.0970836574236868,3.97350988699844,-0.4437665329039347,1.3252658031665814
95.0,103.0,130.05148315429688,-0.0395971198805957,2.666780041782112,-4.116958435644814,-3.6803572022037527,-1.9270985797279163,1.338483894175876,-0.0970836574985647,3.973509872816534,-0.4437609466015904,1.3252658112271016
95.0,103.0,130.051513671875,-0.0395714832370582,2.666779988298051,-4.116963727171036,-3.6805198148062703,-1.9270701857560173,1.338483894145904,-0.0970836672002489,3.973509768053524,-0.4437796698367631,1.3252653961868213
95.0,103.0,130.051513671875,-0.0395530540705205,2.666779988348335,-4.116963727171036,-3.6805198148062703,-1.9270701857560173,1.338483907488437,-0.0970836672002489,3.973509768053524,-0.4437662579366549,1.3252653961868213
95.0,103.0,130.051513671875,-0.0395550082022482,2.666779988894306,-4.116963727171036,-3.680519654815918,-1.9270701857560173,1.3384838940741228,-0.0970836578214331,3.973509768053524,-0.4437796698367631,1.325265788281847
95.0,103.0,130.051513671875,-0.0395714832370582,2.666779988298051,-4.116963727171036,-3.680519654585417,-1.9270701857560173,1.338483894145904,-0.0970836572830421,3.973509768053524,-0.4437796698367631,1.325265815317238
95.0,103.0,130.051513671875,-0.0395550082022482,2.666779988894306,-4.116963785995315,-3.680519654815918,-1.9270701857560173,1.3384839065173697,-0.0970836573429594,3.9735098774679822,-0.4437796698367631,1.325265788281847
95.0,103.0,130.051513671875,-0.0395541749346421,2.6667799883511294,-4.116964440176667,-3.6805225680878464,-1.9270701857560173,1.338483907488437,-0.0970836566530992,3.97350988354866,-0.4437662579366549,1.3252653961868213
95.0,103.0,130.051513671875,-0.0395541283673734,2.666779988348335,-4.116963727171036,-3.6805198148062703,-1.9270701857560173,1.3384839075697466,-0.0970836672002489,3.973509768053524,-0.4437662579366549,1.3252653961868213
95.0,104.0,130.05072021484375,-0.0395498994854672,2.666780037786213,-4.116966574252944,-3.680352000305452,-1.9264919625941,1.3384838977234694,-0.0970836610414297,3.973509882411508,-0.4437646212838012,1.3252658031665814
95.0,104.0,130.05076599121094,-0.0395720716824623,2.666779988298051,-4.116963759490097,-3.680362262672998,-1.9265346086911008,1.3384839079230584,-0.0970836570635291,3.973509768053524,-0.4437796698367631,1.325265811838197
95.0,104.0,130.05081176757812,-0.0395518793055055,2.666779988915282,-4.116966574252944,-3.680520069503188,-1.926489656107659,1.3384838975357731,-0.0970836610414297,3.973509882411508,-0.4437645763500952,1.3252658031665814
95.0,104.0,130.05081176757812,-0.0395518793055055,2.666779988888355,-4.116957094738784,-3.680520069503188,-1.926507561576399,1.3384838975357731,-0.0970836610414297,3.973509882411508,-0.4437609039264431,1.3252658031665814
95.0,104.0,130.05084228515625,-0.0395541772217501,2.6667799883507914,-4.116966574252944,-3.6805192327960143,-1.9265198864383009,1.3384839063854677,-0.0970836667173338,3.973509879456426,-0.4437645763500952,1.325265812017994
95.0,104.0,130.0508575439453,-0.0395721641140525,2.6667799883190275,-4.116966574252944,-3.68051965932923,-1.9265198864383009,1.3384839063854677,-0.0970836667173338,3.973509882446206,-0.4437645763500952,1.3252658118646623
95.0,104.0,130.0513916015625,-0.0395710688995658,2.6667799883249783,-4.116966785082307,-3.6803622598040864,-1.9270508535308448,1.338483894153488,-0.0970836572405507,3.973509768053524,-0.4437645300833047,1.325265800726288
95.0,104.0,130.0513916015625,-0.0395613293053948,2.6667800376218254,-4.116966785082307,-3.6803622598040864,-1.9270507994677093,1.338483894153488,-0.0970836572405507,3.973509768053524,-0.4437645300833047,1.325265800726288
95.0,104.0,130.05140686035156,-0.0395637157860982,2.666780039871294,-4.116958720519732,-3.6803572022037527,-1.927071286500892,1.3384838930855951,-0.097083656216757,3.9735100350798014,-0.4437653881855716,1.3252658044638104
95.0,104.0,130.05140686035156,-0.0395710688995658,2.666779988298051,-4.116957305568148,-3.6803622598040864,-1.927068758999584,1.338483894153488,-0.0970836572405507,3.973509768053524,-0.4437608576596525,1.325265800726288
95.0,104.0,130.05140686035156,-0.0395637157860982,2.666780039871294,-4.116958720519732,-3.6803572022037527,-1.927071286500892,1.3384838930855951,-0.097083656216757,3.9735100350798014,-0.4437653881855716,1.3252658044638104
95.0,104.0,130.05140686035156,-0.0395637157860982,2.666780039871294,-4.116958720519732,-3.6803572022037527,-1.927071286500892,1.3384838930855951,-0.097083656216757,3.973510035803933,-0.4437653881855716,1.3252658044638104
95.0,104.0,130.05140686035156,-0.0395710688995658,2.666779988298051,-4.116957305568148,-3.6803622598040864,-1.9270703409809045,1.3384838941423378,-0.0970836572561718,3.973509768053524,-0.4437691160103137,1.325265800726288
95.0,104.0,130.05140686035156,-0.0395505367562433,2.666780041538113,-4.116958720519732,-3.6803571426953647,-1.927070366937352,1.338483893045037,-0.0970836566633979,3.973509877865811,-0.4437692289678471,1.3252658248455222
95.0,104.0,130.05140686035156,-0.0395642749301856,2.666779988298051,-4.116957305568148,-3.6803622598040864,-1.927068758999584,1.338483894153488,-0.0970836571873515,3.973509878923773,-0.4437608576596525,1.3252658030889624
95.0,104.0,130.05142211914062,-0.0395720714101883,2.666779988298051,-4.116963727171036,-3.680362262672998,-1.9270701857560173,1.338483894145904,-0.0970836572405507,3.973509768053524,-0.4437796698367631,1.3252658006727482
95.0,104.0,130.05142211914062,-0.0395705793156605,2.666780040122992,-4.116958694006804,-3.6803572022037527,-1.9270701883518544,1.3384838941935429,-0.0970836566633979,3.973509767615563,-0.4437693630377887,1.3252658006062332
95.0,104.0,130.05142211914062,-0.0395637157860982,2.6667800407363416,-4.116957864938053,-3.6803619031897954,-1.9270738203014648,1.3384838930855951,-0.0970836571873355,3.973510038510864,-0.4437608707330201,1.3252658031665814
95.0,104.0,130.05142211914062,-0.0395632959125714,2.666780039341865,-4.116958720519732,-3.6803570165175774,-1.9270735469653724,1.3384838930655647,-0.0970836574165348,3.973510006568449,-0.4437654021004707,1.3252658031665814
95.0,104.0,130.0514373779297,-0.0395964660213679,2.666780039871294,-4.116957280122007,-3.680362414390785,-1.9270689160172367,1.338483894012714,-0.0970836569153855,3.973510135018381,-0.4437610031269988,1.3252658007271494
95.0,104.0,130.0514373779297,-0.0395540794725291,2.666779988349409,-4.116963691248921,-3.680372375110258,-1.927070571820899,1.3384839074479644,-0.0970836672002489,3.9735097842837392,-0.4437662579366549,1.3252654165486415
95.0,104.0,130.0514373779297,-0.039596440994389,2.666780039871294,-4.116958720519732,-3.6803572022037527,-1.9270747023271697,1.3384838930554035,-0.097083656216757,3.9735100350798014,-0.4437653881855716,1.325265803134876
95.0,104.0,130.0514373779297,-0.0395964676466659,2.666780040122992,-4.116958720519732,-3.6803572022037527,-1.927070366937352,1.3384838935344996,-0.0970836566633979,3.9735100056403256,-0.4437693630377887,1.3252658031665814
95.0,104.0,130.0514373779297,-0.0395964676466659,2.66678003921703,-4.116958720519732,-3.680360558973264,-1.9270706737361103,1.3384839069107346,-0.0970836574236868,3.9735100128118153,-0.4437663519871875,1.3252658031665814
95.0,104.0,130.0514373779297,-0.0395964660213679,2.666780039871294,-4.116957280122007,-3.680362414390785,-1.9270689160172367,1.338483894012714,-0.0970836569153855,3.973510135018381,-0.4437610031269988,1.3252658007271494
95.0,104.0,130.0514373779297,-0.0395637157860982,2.6667799883827503,-4.116965420263142,-3.6803572022037527,-1.927079460350774,1.3384838930855951,-0.0970836669924141,3.9735098846822807,-0.4437653941925774,1.3252658045047172
95.0,104.0,130.0514373779297,-0.0395964676466659,2.666780040122992,-4.116958720519732,-3.6803571426953647,-1.927070366937352,1.338483893524984,-0.0970836566633979,3.973509994670062,-0.4437692289678471,1.3252658248455222
95.0,104.0,130.0514373779297,-0.0395966802009118,2.6667799897873814,-4.116957280122007,-3.680362414390785,-1.9270688974824304,1.338483894012714,-0.0970836673660388,3.973510135018381,-0.4437610031269988,1.3252658112744826
95.0,104.0,130.0514373779297,-0.0395637157860982,2.666780039871294,-4.11696357989563,-3.6803572022037527,-1.927071286500892,1.3384838930702487,-0.097083656216757,3.9735100360508255,-0.4437796611103042,1.3252658006698266
95.0,104.0,130.0514373779297,-0.0395974685319903,2.666780039871294,-4.1169588423489945,-3.6803624172596967,-1.9270703427736704,1.3384838940204762,-0.0970836569153855,3.973510134047356,-0.4437655423793769,1.3252658044675936
95.0,104.0,130.0514373779297,-0.0395966802009118,2.6667799897873814,-4.116957029637928,-3.6803628733703664,-1.9270689600469348,1.33848390801696,-0.0970836673660388,3.973510135018381,-0.4437610031269988,1.3252658112744826
95.0,104.0,130.05145263671875,-0.0395974685319903,2.666780039871294,-4.1169637017248935,-3.6803624172596967,-1.9270703427736704,1.3384838940051298,-0.0970836569153855,3.973510135018381,-0.4437798153041095,1.3252658006736098
95.0,104.0,130.0514678955078,-0.0395613282943835,2.6667800389765004,-4.116967865426757,-3.6803572022037527,-1.9270980572926304,1.3384838930855951,-0.0970836563315152,3.973509769904452,-0.4437653881855716,1.3252658031665814
95.0,104.0,130.0514678955078,-0.0395637157860982,2.666780039871294,-4.116958720519732,-3.6803572022037527,-1.9270980572926304,1.3384838930855951,-0.097083656216757,3.9735100056403256,-0.4437653881855716,1.3252658031665814
95.0,104.0,130.0514678955078,-0.0395499062232604,2.6667800393458343,-4.116958720519732,-3.680359423848029,-1.927097865637153,1.3384838930649516,-0.0970836574236868,3.9735100056403256,-0.4437693630377887,1.3252658031665814
95.0,104.0,130.0514678955078,-0.0395537761905612,2.6667800416384546,-4.116958720519732,-3.6803572022037527,-1.9270978586865464,1.3384838930474794,-0.0970836672264293,3.9735100056403256,-0.4437662623190601,1.3252658031665814
95.0,104.0,130.0514678955078,-0.0395637157860982,2.666780039871294,-4.116958720519732,-3.6803572022037527,-1.9270980572926304,1.3384838930855951,-0.097083656216757,3.9735100056403256,-0.4437653881855716,1.3252658031665814
95.0,104.0,130.0514678955078,-0.039551140491065,2.6667800389765004,-4.116967865426757,-3.680366457785108,-1.92709815027234,1.3384838930855951,-0.0970836563315152,3.97350987552912,-0.4437645656651732,1.3252658031665814
95.0,104.0,130.0514678955078,-0.0395637157860982,2.666780039871294,-4.116958930808323,-3.6803572022037527,-1.9270980572926304,1.3384838941155783,-0.0970836548674337,3.9735100056403256,-0.4437653881855716,1.3252658036002158
95.0,104.0,130.0514678955078,-0.0395520976293059,2.6667800416384546,-4.116958720519732,-3.6803572022037527,-1.927098601523191,1.3384838930474794,-0.0970836567726719,3.97350987624902,-0.4437662623190601,1.3252658031665814
95.0,104.0,130.0514678955078,-0.0395637157860982,2.666780040735018,-4.116957806204964,-3.6803619031897954,-1.9270980572926304,1.3384838930855951,-0.0970836571873355,3.973509884685264,-0.4437608859432847,1.3252658031665814
95.0,104.0,130.0514678955078,-0.0395613282943835,2.6667800376849,-4.116963534885849,-3.680354869326779,-1.9270980572926304,1.3384838931032923,-0.0970836563315152,3.973509769904452,-0.4437653561136311,1.325265825071238
95.0,104.0,130.0514678955078,-0.0395613282943835,2.666780037624796,-4.116963487680058,-3.680359444592831,-1.9270980572926304,1.3384838931032923,-0.0970836563315152,3.973509769904452,-0.4437694024598507,1.325265802141496
95.0,104.0,130.0514678955078,-0.0395537761905612,2.6667800416384546,-4.116958720519732,-3.6803572022037527,-1.927098064139714,1.3384838930435667,-0.0970836672264293,3.973510021154052,-0.4437662623190601,1.3252658031665814
95.0,104.0,130.0514678955078,-0.0395613282943835,2.6667800376849,-4.116963534885849,-3.6803549288351673,-1.9270980572926304,1.338483893112808,-0.0970836563315152,3.973509780874716,-0.4437654901835726,1.3252658033922968
95.0,104.0,130.0514678955078,-0.0395499062232604,2.666780039405938,-4.116958767725523,-3.6803548485819766,-1.927097865637153,1.3384838930649516,-0.0970836574236868,3.9735100056403256,-0.443765316691569,1.325265826096323
95.0,104.0,130.0514678955078,-0.0395613282943835,2.6667800379496174,-4.116967865426757,-3.6803572022037527,-1.9270980572926304,1.3384838941298989,-0.0970836563270611,3.973509769896125,-0.4437653881855716,1.3252658031665814
95.0,104.0,130.0514678955078,-0.0395637157860982,2.666780039871294,-4.116958720519732,-3.680360693048703,-1.9270980572926304,1.3384839070274233,-0.0970836574260877,3.9735100056403256,-0.4437653881855716,1.3252658031665814
95.0,104.0,130.0514678955078,-0.039551140491065,2.6667800389765004,-4.116967741284156,-3.6803663321133513,-1.927098150667512,1.33848389308632,-0.0970836563315152,3.9735097819139824,-0.4437645656651732,1.325265803156264
95.0,104.0,130.0514678955078,-0.0395499062232604,2.6667800340543564,-4.1169588864120685,-3.680354773012589,-1.927097865637153,1.3384838930649516,-0.0970836574236868,3.973510004535644,-0.443765316691569,1.325265826096323
95.0,105.0,130.05072021484375,-0.0395498994854672,2.666780037786213,-4.116966574252944,-3.680352000305452,-1.9264919625941,1.3384838977234694,-0.0970836610414297,3.973509882411508,-0.4437646212838012,1.3252658031665814
95.0,105.0,130.05072021484375,-0.0395498994854672,2.666780037786213,-4.116966634260425,-3.680352000305452,-1.9264919625941,1.3384838977234694,-0.0970836610414297,3.973509877876689,-0.4437646212838012,1.3252658031665814
95.0,105.0,130.0507354736328,-0.0395717489695305,2.6667799883190275,-4.116956930071756,-3.680360736714288,-1.9265198864383009,1.3384839079795487,-0.0970836666376821,3.973510108757938,-0.4437609687268979,1.325265811903
95.0,105.0,130.05076599121094,-0.0395720716824623,2.666779988298051,-4.116963759490097,-3.680362262672998,-1.9265346086911008,1.3384839079230584,-0.0970836570635291,3.973509768053524,-0.4437796698367631,1.325265811838197
95.0,105.0,130.05076599121094,-0.0395720716824623,2.666779988298051,-4.1169637711949365,-3.680362259875889,-1.9265346086911008,1.3384839079230584,-0.0970836572410641,3.973509768053524,-0.4437802564591883,1.3252658129415718
95.0,105.0,130.05076599121094,-0.0395717989375806,2.666780040526868,-4.116958734638172,-3.680362262672998,-1.9265346086911008,1.3384839077430617,-0.0970836570635291,3.973509988296776,-0.4437796698367631,1.325265811838197
95.0,105.0,130.05076599121094,-0.0395706973933012,2.666779988351016,-4.116966574252944,-3.680343835214047,-1.9265198864383009,1.338483894900614,-0.0970836667129683,3.9735097648360425,-0.4437690984505577,1.325265812017994
95.0,105.0,130.05081176757812,-0.0395518793055055,2.666779988915282,-4.116966574252944,-3.680520069503188,-1.926489656107659,1.3384838975357731,-0.0970836610414297,3.973509882411508,-0.4437645763500952,1.3252658031665814
95.0,105.0,130.05081176757812,-0.0395518793055055,2.666779988888355,-4.116957094738784,-3.680520069503188,-1.926507561576399,1.3384838975357731,-0.0970836610414297,3.973509882411508,-0.4437609039264431,1.3252658031665814
95.0,105.0,130.05081176757812,-0.0395518793055055,2.666779988888355,-4.116957094738784,-3.680520069503188,-1.926507561576399,1.3384838975357731,-0.0970836610414297,3.973509882411508,-0.4437609039264431,1.3252658031665814
95.0,105.0,130.05081176757812,-0.0395518793055055,2.666779988915282,-4.116966574252944,-3.680520069503188,-1.9264821823005904,1.3384838976603477,-0.0970836608193223,3.973509884703064,-0.4437645763500952,1.3252658045015355
95.0,105.0,130.05084228515625,-0.0395541772217501,2.6667799883507914,-4.116966574252944,-3.6805192327960143,-1.9265198864383009,1.3384839063854677,-0.0970836667173338,3.973509879456426,-0.4437645763500952,1.325265812017994
95.0,105.0,130.0508575439453,-0.0395721641140525,2.6667799883190275,-4.116966574252944,-3.68051965932923,-1.9265198864383009,1.3384839063854677,-0.0970836667173338,3.973509882446206,-0.4437645763500952,1.3252658118646623
95.0,105.0,130.0513916015625,-0.0395710688995658,2.6667799883249783,-4.116966785082307,-3.6803622598040864,-1.9270508535308448,1.338483894153488,-0.0970836572405507,3.973509768053524,-0.4437645300833047,1.325265800726288
95.0,105.0,130.0513916015625,-0.0395613293053948,2.6667800376218254,-4.116966785082307,-3.6803622598040864,-1.9270507994677093,1.338483894153488,-0.0970836572405507,3.973509768053524,-0.4437645300833047,1.325265800726288
95.0,105.0,130.0513916015625,-0.0395710688995658,2.6667799883249783,-4.116966773377468,-3.680362262601196,-1.9270508535308448,1.338483894153488,-0.0970836570630158,3.973509768053524,-0.4437639434608795,1.3252657996229136
95.0,105.0,130.05140686035156,-0.0395637157860982,2.666780039871294,-4.116958720519732,-3.6803572022037527,-1.927071286500892,1.3384838930855951,-0.097083656216757,3.9735100350798014,-0.4437653881855716,1.3252658044638104
95.0,105.0,130.05140686035156,-0.0395710688995658,2.666779988298051,-4.116957305568148,-3.6803622598040864,-1.927068758999584,1.338483894153488,-0.0970836572405507,3.973509768053524,-0.4437608576596525,1.325265800726288
95.0,105.0,130.05140686035156,-0.0395637157860982,2.666780039871294,-4.116958720519732,-3.6803572022037527,-1.927071286500892,1.3384838930855951,-0.097083656216757,3.9735100350798014,-0.4437653881855716,1.3252658044638104
95.0,105.0,130.05140686035156,-0.0395637157860982,2.666780039871294,-4.116958720519732,-3.6803572022037527,-1.927071286500892,1.3384838930855951,-0.097083656216757,3.973510035803933,-0.4437653881855716,1.3252658044638104
95.0,105.0,130.05140686035156,-0.0395710688995658,2.666779988298051,-4.116957305568148,-3.6803622598040864,-1.9270703409809045,1.3384838941423378,-0.0970836572561718,3.973509768053524,-0.4437691160103137,1.325265800726288
95.0,105.0,130.05140686035156,-0.0395505367562433,2.666780041538113,-4.116958720519732,-3.6803571426953647,-1.927070366937352,1.338483893045037,-0.0970836566633979,3.973509877865811,-0.4437692289678471,1.3252658248455222
95.0,105.0,130.05140686035156,-0.0395642749301856,2.666779988298051,-4.116957305568148,-3.6803622598040864,-1.927068758999584,1.338483894153488,-0.0970836571873515,3.973509878923773,-0.4437608576596525,1.3252658030889624
95.0,105.0,130.05140686035156,-0.0395637157860982,2.666780039871294,-4.116958720519732,-3.680357188552862,-1.927071286500892,1.3384838930653942,-0.0970836573441366,3.973510007291849,-0.4437653881855716,1.3252658031023907
95.0,105.0,130.05140686035156,-0.0395637157860982,2.666780039871294,-4.116958720519732,-3.6803572022037527,-1.927071286500892,1.3384838930855951,-0.097083656216757,3.9735100350798014,-0.4437653881855716,1.3252658044638104
95.0,105.0,130.05142211914062,-0.0395720714101883,2.666779988298051,-4.116963727171036,-3.680362262672998,-1.9270701857560173,1.338483894145904,-0.0970836572405507,3.973509768053524,-0.4437796698367631,1.3252658006727482
95.0,105.0,130.05142211914062,-0.0395705793156605,2.666780040122992,-4.116958694006804,-3.6803572022037527,-1.9270701883518544,1.3384838941935429,-0.0970836566633979,3.973509767615563,-0.4437693630377887,1.3252658006062332
95.0,105.0,130.05142211914062,-0.0395637157860982,2.6667800407363416,-4.116957864938053,-3.6803619031897954,-1.9270738203014648,1.3384838930855951,-0.0970836571873355,3.973510038510864,-0.4437608707330201,1.3252658031665814
95.0,105.0,130.05142211914062,-0.0395632959125714,2.666780039341865,-4.116958720519732,-3.6803570165175774,-1.9270735469653724,1.3384838930655647,-0.0970836574165348,3.973510006568449,-0.4437654021004707,1.3252658031665814
95.0,105.0,130.05142211914062,-0.0395710688995658,2.6667799903717264,-4.116958743459558,-3.6803622598040864,-1.9270703409809045,1.3384838930912892,-0.0970836571543277,3.973509768053524,-0.4437691160103137,1.325265800726288
95.0,105.0,130.0514373779297,-0.0395964660213679,2.666780039871294,-4.116957280122007,-3.680362414390785,-1.9270689160172367,1.338483894012714,-0.0970836569153855,3.973510135018381,-0.4437610031269988,1.3252658007271494
95.0,105.0,130.0514373779297,-0.0395540794725291,2.666779988349409,-4.116963691248921,-3.680372375110258,-1.927070571820899,1.3384839074479644,-0.0970836672002489,3.9735097842837392,-0.4437662579366549,1.3252654165486415
95.0,105.0,130.0514373779297,-0.039596440994389,2.666780039871294,-4.116958720519732,-3.6803572022037527,-1.9270747023271697,1.3384838930554035,-0.097083656216757,3.9735100350798014,-0.4437653881855716,1.325265803134876
95.0,105.0,130.0514373779297,-0.0395964676466659,2.666780040122992,-4.116958720519732,-3.6803572022037527,-1.927070366937352,1.3384838935344996,-0.0970836566633979,3.9735100056403256,-0.4437693630377887,1.3252658031665814
95.0,105.0,130.0514373779297,-0.0395964676466659,2.66678003921703,-4.116958720519732,-3.680360558973264,-1.9270706737361103,1.3384839069107346,-0.0970836574236868,3.9735100128118153,-0.4437663519871875,1.3252658031665814
95.0,105.0,130.0514373779297,-0.0395964660213679,2.666780039871294,-4.116957280122007,-3.680362414390785,-1.9270689160172367,1.338483894012714,-0.0970836569153855,3.973510135018381,-0.4437610031269988,1.3252658007271494
95.0,105.0,130.0514373779297,-0.0395637157860982,2.6667799883827503,-4.116965420263142,-3.6803572022037527,-1.927079460350774,1.3384838930855951,-0.0970836669924141,3.9735098846822807,-0.4437653941925774,1.3252658045047172
95.0,105.0,130.0514373779297,-0.0395964676466659,2.666780040122992,-4.116958720519732,-3.6803571426953647,-1.927070366937352,1.338483893524984,-0.0970836566633979,3.973509994670062,-0.4437692289678471,1.3252658248455222
95.0,105.0,130.0514373779297,-0.0395966802009118,2.6667799897873814,-4.116957280122007,-3.680362414390785,-1.9270688974824304,1.338483894012714,-0.0970836673660388,3.973510135018381,-0.4437610031269988,1.3252658112744826
95.0,105.0,130.0514373779297,-0.0395637157860982,2.666780039871294,-4.11696357989563,-3.6803572022037527,-1.927071286500892,1.3384838930702487,-0.097083656216757,3.9735100360508255,-0.4437796611103042,1.3252658006698266
95.0,105.0,130.0514373779297,-0.0395974685319903,2.666780039871294,-4.1169588423489945,-3.6803624172596967,-1.9270703427736704,1.3384838940204762,-0.0970836569153855,3.973510134047356,-0.4437655423793769,1.3252658044675936
95.0,105.0,130.0514373779297,-0.0395966802009118,2.6667799897873814,-4.116957029637928,-3.6803628733703664,-1.9270689600469348,1.33848390801696,-0.0970836673660388,3.973510135018381,-0.4437610031269988,1.3252658112744826
95.0,105.0,130.0514373779297,-0.0395964676466659,2.666780040122992,-4.116958720519732,-3.680360790076603,-1.9270706471381027,1.338483893524984,-0.0970836574330078,3.9735099944554233,-0.4437692289678471,1.3252658248455222
95.0,105.0,130.0514373779297,-0.0395966802009118,2.666779989790349,-4.116956898779936,-3.680362414390785,-1.9270688974824304,1.3384838979253044,-0.0970836610884012,3.973510135018381,-0.4437610031269988,1.3252658112744826
95.0,105.0,130.0514373779297,-0.0395705793156605,2.666780040122992,-4.116966899531737,-3.680362679886467,-1.9270701883518544,1.3384838941935429,-0.0970836566633979,3.973509767615563,-0.4437695390759749,1.325265800726471
95.0,105.0,130.05145263671875,-0.0395974685319903,2.666780039871294,-4.1169637017248935,-3.6803624172596967,-1.9270703427736704,1.3384838940051298,-0.0970836569153855,3.973510135018381,-0.4437798153041095,1.3252658006736098
95.0,105.0,130.0514678955078,-0.0395613282943835,2.6667800389765004,-4.116967865426757,-3.6803572022037527,-1.9270980572926304,1.3384838930855951,-0.0970836563315152,3.973509769904452,-0.4437653881855716,1.3252658031665814
95.0,105.0,130.0514678955078,-0.0395637157860982,2.666780039871294,-4.116958720519732,-3.6803572022037527,-1.9270980572926304,1.3384838930855951,-0.097083656216757,3.9735100056403256,-0.4437653881855716,1.3252658031665814
95.0,105.0,130.0514678955078,-0.0395499062232604,2.6667800393458343,-4.116958720519732,-3.680359423848029,-1.927097865637153,1.3384838930649516,-0.0970836574236868,3.9735100056403256,-0.4437693630377887,1.3252658031665814
95.0,105.0,130.0514678955078,-0.0395537761905612,2.6667800416384546,-4.116958720519732,-3.6803572022037527,-1.9270978586865464,1.3384838930474794,-0.0970836672264293,3.9735100056403256,-0.4437662623190601,1.3252658031665814
95.0,106.0,130.05072021484375,-0.0395498994854672,2.666780037786213,-4.116966574252944,-3.680352000305452,-1.9264919625941,1.3384838977234694,-0.0970836610414297,3.973509882411508,-0.4437646212838012,1.3252658031665814
95.0,106.0,130.05072021484375,-0.0395498994854672,2.666780037786213,-4.116966634260425,-3.680352000305452,-1.9264919625941,1.3384838977234694,-0.0970836610414297,3.973509877876689,-0.4437646212838012,1.3252658031665814
95.0,106.0,130.05072021484375,-0.0395498994854672,2.6667800330371847,-4.116966574252944,-3.680352000305452,-1.9264919625941,1.3384838977234694,-0.0970836666842967,3.973509882411508,-0.4437609883213646,1.3252658031665814
95.0,106.0,130.0507354736328,-0.0395717489695305,2.6667799883190275,-4.116956930071756,-3.680360736714288,-1.9265198864383009,1.3384839079795487,-0.0970836666376821,3.973510108757938,-0.4437609687268979,1.325265811903
95.0,106.0,130.0507354736328,-0.0395717489695305,2.666779993068056,-4.116956930071756,-3.680360736714288,-1.9265198864383009,1.3384839079795487,-0.0970836609948151,3.973510108757938,-0.4437646016893344,1.325265811903
95.0,106.0,130.05076599121094,-0.0395720716824623,2.666779988298051,-4.116963759490097,-3.680362262672998,-1.9265346086911008,1.3384839079230584,-0.0970836570635291,3.973509768053524,-0.4437796698367631,1.325265811838197
95.0,106.0,130.05076599121094,-0.0395720716824623,2.666779988298051,-4.1169637711949365,-3.680362259875889,-1.9265346086911008,1.3384839079230584,-0.0970836572410641,3.973509768053524,-0.4437802564591883,1.3252658129415718
95.0,106.0,130.05076599121094,-0.0395717989375806,2.666780040526868,-4.116958734638172,-3.680362262672998,-1.9265346086911008,1.3384839077430617,-0.0970836570635291,3.973509988296776,-0.4437796698367631,1.325265811838197
95.0,106.0,130.05076599121094,-0.0395706973933012,2.666779988351016,-4.116966574252944,-3.680343835214047,-1.9265198864383009,1.338483894900614,-0.0970836667129683,3.9735097648360425,-0.4437690984505577,1.325265812017994
95.0,106.0,130.05076599121094,-0.0395722320891443,2.666779988298051,-4.116963552659018,-3.680362263015883,-1.9265346086911008,1.3384838941561754,-0.0970836570635291,3.973509768053524,-0.4437684374118858,1.3252658118138032
95.0,106.0,130.05081176757812,-0.0395518793055055,2.666779988915282,-4.116966574252944,-3.680520069503188,-1.926489656107659,1.3384838975357731,-0.0970836610414297,3.973509882411508,-0.4437645763500952,1.3252658031665814
95.0,106.0,130.05081176757812,-0.0395518793055055,2.666779988888355,-4.116957094738784,-3.680520069503188,-1.926507561576399,1.3384838975357731,-0.0970836610414297,3.973509882411508,-0.4437609039264431,1.3252658031665814
95.0,106.0,130.05081176757812,-0.0395518793055055,2.666779988888355,-4.116957094738784,-3.680520069503188,-1.926507561576399,1.3384838975357731,-0.0970836610414297,3.973509882411508,-0.4437609039264431,1.3252658031665814
95.0,106.0,130.05081176757812,-0.0395518793055055,2.666779988915282,-4.116966574252944,-3.680520069503188,-1.9264821823005904,1.3384838976603477,-0.0970836608193223,3.973509884703064,-0.4437645763500952,1.3252658045015355
95.0,106.0,130.05081176757812,-0.0395518793055055,2.6667799889168653,-4.116966574252944,-3.680520069503188,-1.9264821823005904,1.3384838976603477,-0.0970836608205223,3.973509884774376,-0.4437645763500952,1.3252658045015355
95.0,106.0,130.05084228515625,-0.0395541772217501,2.6667799883507914,-4.116966574252944,-3.6805192327960143,-1.9265198864383009,1.3384839063854677,-0.0970836667173338,3.973509879456426,-0.4437645763500952,1.325265812017994
95.0,106.0,130.05084228515625,-0.0395541772217501,2.6667799883507914,-4.116966574252944,-3.68051696857697,-1.9265198864383009,1.3384839063854677,-0.0970836667173599,3.973509879456426,-0.4437645763500952,1.325265812017994
95.0,106.0,130.0508575439453,-0.0395721641140525,2.6667799883190275,-4.116966574252944,-3.68051965932923,-1.9265198864383009,1.3384839063854677,-0.0970836667173338,3.973509882446206,-0.4437645763500952,1.3252658118646623
95.0,106.0,130.05088806152344,-0.0395720716824623,2.666779988298051,-4.1169637711949365,-3.6805610315073,-1.9265346086911008,1.33848389760748,-0.097083660936384,3.973509883001988,-0.4437802564591883,1.325265813308287
95.0,106.0,130.0513916015625,-0.0395710688995658,2.6667799883249783,-4.116966785082307,-3.6803622598040864,-1.9270508535308448,1.338483894153488,-0.0970836572405507,3.973509768053524,-0.4437645300833047,1.325265800726288
95.0,106.0,130.0513916015625,-0.0395613293053948,2.6667800376218254,-4.116966785082307,-3.6803622598040864,-1.9270507994677093,1.338483894153488,-0.0970836572405507,3.973509768053524,-0.4437645300833047,1.325265800726288
95.0,106.0,130.0513916015625,-0.0395710688995658,2.6667799883249783,-4.116966773377468,-3.680362262601196,-1.9270508535308448,1.338483894153488,-0.0970836570630158,3.973509768053524,-0.4437639434608795,1.3252657996229136
95.0,106.0,130.0513916015625,-0.0395613293053948,2.666780037702768,-4.116966785082307,-3.680357317516164,-1.9270507994677093,1.338483894153488,-0.0970836571822905,3.973509768053524,-0.4437645462822212,1.3252658008552558
95.0,106.0,130.05140686035156,-0.0395637157860982,2.666780039871294,-4.116958720519732,-3.6803572022037527,-1.927071286500892,1.3384838930855951,-0.097083656216757,3.9735100350798014,-0.4437653881855716,1.3252658044638104
95.0,106.0,130.05140686035156,-0.0395710688995658,2.666779988298051,-4.116957305568148,-3.6803622598040864,-1.927068758999584,1.338483894153488,-0.0970836572405507,3.973509768053524,-0.4437608576596525,1.325265800726288
95.0,106.0,130.05140686035156,-0.0395637157860982,2.666780039871294,-4.116958720519732,-3.6803572022037527,-1.927071286500892,1.3384838930855951,-0.097083656216757,3.9735100350798014,-0.4437653881855716,1.3252658044638104
95.0,106.0,130.05140686035156,-0.0395637157860982,2.666780039871294,-4.116958720519732,-3.6803572022037527,-1.927071286500892,1.3384838930855951,-0.097083656216757,3.973510035803933,-0.4437653881855716,1.3252658044638104
95.0,106.0,130.05140686035156,-0.0395710688995658,2.666779988298051,-4.116957305568148,-3.6803622598040864,-1.9270703409809045,1.3384838941423378,-0.0970836572561718,3.973509768053524,-0.4437691160103137,1.325265800726288
95.0,106.0,130.05140686035156,-0.0395505367562433,2.666780041538113,-4.116958720519732,-3.6803571426953647,-1.927070366937352,1.338483893045037,-0.0970836566633979,3.973509877865811,-0.4437692289678471,1.3252658248455222
95.0,106.0,130.05140686035156,-0.0395642749301856,2.666779988298051,-4.116957305568148,-3.6803622598040864,-1.927068758999584,1.338483894153488,-0.0970836571873515,3.973509878923773,-0.4437608576596525,1.3252658030889624
95.0,106.0,130.05140686035156,-0.0395637157860982,2.666780039871294,-4.116958720519732,-3.680357188552862,-1.927071286500892,1.3384838930653942,-0.0970836573441366,3.973510007291849,-0.4437653881855716,1.3252658031023907
95.0,106.0,130.05140686035156,-0.0395637157860982,2.666780039871294,-4.116958720519732,-3.6803572022037527,-1.927071286500892,1.3384838930855951,-0.097083656216757,3.9735100350798014,-0.4437653881855716,1.3252658044638104
95.0,106.0,130.05140686035156,-0.0395637157860982,2.666780039871294,-4.116958720519732,-3.68036229512829,-1.927071145910228,1.3384838930855951,-0.097083656216757,3.973510035803933,-0.4437654215468177,1.325265800807209
95.0,106.0,130.05140686035156,-0.039564196645303,2.6667800377697226,-4.1169668269434485,-3.680352000305452,-1.9270628525744724,1.3384838977234694,-0.0970836610414297,3.973509877876689,-0.4437646212838012,1.3252658031665814
95.0,106.0,130.05140686035156,-0.0395637157860982,2.666780039790352,-4.116958720519732,-3.680362144491676,-1.927071286500892,1.3384838930855951,-0.0970836562750173,3.9735100350798014,-0.4437653719866551,1.3252658043348426
95.0,106.0,130.05140686035156,-0.0395710688995658,2.666779988298051,-4.116957305568148,-3.6803571668795496,-1.927068899590248,1.338483894153488,-0.0970836572405507,3.973509768053524,-0.4437608242984064,1.3252658043828898
95.0,106.0,130.05142211914062,-0.0395720714101883,2.666779988298051,-4.116963727171036,-3.680362262672998,-1.9270701857560173,1.338483894145904,-0.0970836572405507,3.973509768053524,-0.4437796698367631,1.3252658006727482
95.0,106.0,130.05142211914062,-0.0395705793156605,2.666780040122992,-4.116958694006804,-3.6803572022037527,-1.9270701883518544,1.3384838941935429,-0.0970836566633979,3.973509767615563,-0.4437693630377887,1.3252658006062332
95.0,106.0,130.05142211914062,-0.0395637157860982,2.6667800407363416,-4.116957864938053,-3.6803619031897954,-1.9270738203014648,1.3384838930855951,-0.0970836571873355,3.973510038510864,-0.4437608707330201,1.3252658031665814
95.0,106.0,130.05142211914062,-0.0395632959125714,2.666780039341865,-4.116958720519732,-3.6803570165175774,-1.9270735469653724,1.3384838930655647,-0.0970836574165348,3.973510006568449,-0.4437654021004707,1.3252658031665814
95.0,106.0,130.05142211914062,-0.0395710688995658,2.6667799903717264,-4.116958743459558,-3.6803622598040864,-1.9270703409809045,1.3384838930912892,-0.0970836571543277,3.973509768053524,-0.4437691160103137,1.325265800726288
95.0,106.0,130.05142211914062,-0.0395632660101298,2.666780039341865,-4.116958720519732,-3.6803570165175774,-1.9270746833734025,1.3384838930655647,-0.097083661039961,3.973510009249582,-0.4437654216681105,1.3252658031665814
95.0,106.0,130.05142211914062,-0.0395703027578786,2.666780039871294,-4.11696357989563,-3.6803572022037527,-1.927070172769079,1.3384838941985864,-0.0970836566767074,3.9735100360508255,-0.4437796611103042,1.3252658007270126
95.0,106.0,130.05142211914062,-0.0395722938881749,2.666780040122992,-4.11695848551866,-3.6803571426953647,-1.927070366937352,1.338483893524984,-0.0970836566633979,3.9735099904161664,-0.4437649561775784,1.3252658251223508
95.0,106.0,130.0514373779297,-0.0395964660213679,2.666780039871294,-4.116957280122007,-3.680362414390785,-1.9270689160172367,1.338483894012714,-0.0970836569153855,3.973510135018381,-0.4437610031269988,1.3252658007271494
95.0,106.0,130.0514373779297,-0.0395540794725291,2.666779988349409,-4.116963691248921,-3.680372375110258,-1.927070571820899,1.3384839074479644,-0.0970836672002489,3.9735097842837392,-0.4437662579366549,1.3252654165486415
95.0,106.0,130.0514373779297,-0.039596440994389,2.666780039871294,-4.116958720519732,-3.6803572022037527,-1.9270747023271697,1.3384838930554035,-0.097083656216757,3.9735100350798014,-0.4437653881855716,1.325265803134876
95.0,106.0,130.0514373779297,-0.0395964676466659,2.666780040122992,-4.116958720519732,-3.6803572022037527,-1.927070366937352,1.3384838935344996,-0.0970836566633979,3.9735100056403256,-0.4437693630377887,1.3252658031665814
95.0,106.0,130.0514373779297,-0.0395964676466659,2.66678003921703,-4.116958720519732,-3.680360558973264,-1.9270706737361103,1.3384839069107346,-0.0970836574236868,3.9735100128118153,-0.4437663519871875,1.3252658031665814
95.0,106.0,130.0514373779297,-0.0395964660213679,2.666780039871294,-4.116957280122007,-3.680362414390785,-1.9270689160172367,1.338483894012714,-0.0970836569153855,3.973510135018381,-0.4437610031269988,1.3252658007271494
95.0,107.0,130.05072021484375,-0.0395498994854672,2.666780037786213,-4.116966574252944,-3.680352000305452,-1.9264919625941,1.3384838977234694,-0.0970836610414297,3.973509882411508,-0.4437646212838012,1.3252658031665814
95.0,107.0,130.05072021484375,-0.0395498994854672,2.666780037786213,-4.116966634260425,-3.680352000305452,-1.9264919625941,1.3384838977234694,-0.0970836610414297,3.973509877876689,-0.4437646212838012,1.3252658031665814
95.0,107.0,130.05072021484375,-0.0395498994854672,2.6667800330371847,-4.116966574252944,-3.680352000305452,-1.9264919625941,1.3384838977234694,-0.0970836666842967,3.973509882411508,-0.4437609883213646,1.3252658031665814
95.0,107.0,130.05072021484375,-0.0395701522148865,2.6667799883719714,-4.116966574252944,-3.680343835214047,-1.9264821049874432,1.338483894900614,-0.0970836667129683,3.9735097648360425,-0.4437691365876411,1.325265812017994
95.0,107.0,130.05072021484375,-0.039551786771311,2.666780037749229,-4.116957094738784,-3.6803512350846734,-1.926507561576399,1.338483897536013,-0.0970836610414297,3.973509882411508,-0.4437609890146122,1.3252658031665814
95.0,107.0,130.0507354736328,-0.0395717489695305,2.6667799883190275,-4.116956930071756,-3.680360736714288,-1.9265198864383009,1.3384839079795487,-0.0970836666376821,3.973510108757938,-0.4437609687268979,1.325265811903
95.0,107.0,130.0507354736328,-0.0395717489695305,2.666779993068056,-4.116956930071756,-3.680360736714288,-1.9265198864383009,1.3384839079795487,-0.0970836609948151,3.973510108757938,-0.4437646016893344,1.325265811903
95.0,107.0,130.0507354736328,-0.0395717489695305,2.6667799883190275,-4.116956930071756,-3.680360736714288,-1.9265198864383009,1.3384839087754463,-0.0970836666376821,3.973510101920167,-0.4437609687268979,1.325265812174907
95.0,107.0,130.05076599121094,-0.0395720716824623,2.666779988298051,-4.116963759490097,-3.680362262672998,-1.9265346086911008,1.3384839079230584,-0.0970836570635291,3.973509768053524,-0.4437796698367631,1.325265811838197
95.0,107.0,130.05076599121094,-0.0395720716824623,2.666779988298051,-4.1169637711949365,-3.680362259875889,-1.9265346086911008,1.3384839079230584,-0.0970836572410641,3.973509768053524,-0.4437802564591883,1.3252658129415718
95.0,107.0,130.05076599121094,-0.0395717989375806,2.666780040526868,-4.116958734638172,-3.680362262672998,-1.9265346086911008,1.3384839077430617,-0.0970836570635291,3.973509988296776,-0.4437796698367631,1.325265811838197
95.0,107.0,130.05076599121094,-0.0395706973933012,2.666779988351016,-4.116966574252944,-3.680343835214047,-1.9265198864383009,1.338483894900614,-0.0970836667129683,3.9735097648360425,-0.4437690984505577,1.325265812017994
95.0,107.0,130.05076599121094,-0.0395722320891443,2.666779988298051,-4.116963552659018,-3.680362263015883,-1.9265346086911008,1.3384838941561754,-0.0970836570635291,3.973509768053524,-0.4437684374118858,1.3252658118138032
95.0,107.0,130.05076599121094,-0.0395720716824623,2.666779988298051,-4.1169637711949365,-3.6803622598052894,-1.9265346086911008,1.3384839076784,-0.0970836571564589,3.973509768053524,-0.4437802564591883,1.3252658129415718
95.0,107.0,130.05081176757812,-0.0395518793055055,2.666779988915282,-4.116966574252944,-3.680520069503188,-1.926489656107659,1.3384838975357731,-0.0970836610414297,3.973509882411508,-0.4437645763500952,1.3252658031665814
95.0,107.0,130.05081176757812,-0.0395518793055055,2.666779988888355,-4.116957094738784,-3.680520069503188,-1.926507561576399,1.3384838975357731,-0.0970836610414297,3.973509882411508,-0.4437609039264431,1.3252658031665814
95.0,107.0,130.05081176757812,-0.0395518793055055,2.666779988888355,-4.116957094738784,-3.680520069503188,-1.926507561576399,1.3384838975357731,-0.0970836610414297,3.973509882411508,-0.4437609039264431,1.3252658031665814
95.0,107.0,130.05081176757812,-0.0395518793055055,2.666779988915282,-4.116966574252944,-3.680520069503188,-1.9264821823005904,1.3384838976603477,-0.0970836608193223,3.973509884703064,-0.4437645763500952,1.3252658045015355
95.0,107.0,130.05081176757812,-0.0395518793055055,2.6667799889168653,-4.116966574252944,-3.680520069503188,-1.9264821823005904,1.3384838976603477,-0.0970836608205223,3.973509884774376,-0.4437645763500952,1.3252658045015355
95.0,107.0,130.05081176757812,-0.0395520781589741,2.666779993076136,-4.116966574252944,-3.680520069503188,-1.926489656107659,1.3384838975357731,-0.0970836610414297,3.973509882411508,-0.4437646014406617,1.325265803364463
95.0,107.0,130.05081176757812,-0.0395518793055055,2.666779988888355,-4.116957094738784,-3.680520069503188,-1.926507561576399,1.3384838975357731,-0.0970836610414297,3.973509882411508,-0.4437609039264431,1.3252658031665814
95.0,107.0,130.05081176757812,-0.0395498994854672,2.666780037786213,-4.116966634260425,-3.680517755148559,-1.9264919625941,1.338483897723392,-0.0970836610465784,3.973509884655824,-0.4437646209169088,1.3252658031665814
95.0,107.0,130.0508270263672,-0.0395721641140525,2.6667799889251977,-4.116966574252944,-3.680519639146968,-1.9264891665915649,1.3384839063854677,-0.0970836667173338,3.9735098824116615,-0.4437645763500952,1.325265811929579
95.0,107.0,130.05084228515625,-0.0395541772217501,2.6667799883507914,-4.116966574252944,-3.6805192327960143,-1.9265198864383009,1.3384839063854677,-0.0970836667173338,3.973509879456426,-0.4437645763500952,1.325265812017994
95.0,107.0,130.05084228515625,-0.0395541772217501,2.6667799883507914,-4.116966574252944,-3.68051696857697,-1.9265198864383009,1.3384839063854677,-0.0970836667173599,3.973509879456426,-0.4437645763500952,1.325265812017994
95.0,107.0,130.05084228515625,-0.0395541772217501,2.6667799883507914,-4.116966574252944,-3.6805197427475966,-1.9265198864383009,1.3384839063854677,-0.0970836667173338,3.973509879456426,-0.4437645763500952,1.3252658003850466
95.0,107.0,130.0508575439453,-0.0395721641140525,2.6667799883190275,-4.116966574252944,-3.68051965932923,-1.9265198864383009,1.3384839063854677,-0.0970836667173338,3.973509882446206,-0.4437645763500952,1.3252658118646623
95.0,107.0,130.05088806152344,-0.0395720716824623,2.666779988298051,-4.1169637711949365,-3.6805610315073,-1.9265346086911008,1.33848389760748,-0.097083660936384,3.973509883001988,-0.4437802564591883,1.325265813308287
95.0,107.0,130.0513916015625,-0.0395710688995658,2.6667799883249783,-4.116966785082307,-3.6803622598040864,-1.9270508535308448,1.338483894153488,-0.0970836572405507,3.973509768053524,-0.4437645300833047,1.325265800726288
95.0,107.0,130.0513916015625,-0.0395613293053948,2.6667800376218254,-4.116966785082307,-3.6803622598040864,-1.9270507994677093,1.338483894153488,-0.0970836572405507,3.973509768053524,-0.4437645300833047,1.325265800726288
95.0,107.0,130.0513916015625,-0.0395710688995658,2.6667799883249783,-4.116966773377468,-3.680362262601196,-1.9270508535308448,1.338483894153488,-0.0970836570630158,3.973509768053524,-0.4437639434608795,1.3252657996229136
95.0,107.0,130.0513916015625,-0.0395613293053948,2.666780037702768,-4.116966785082307,-3.680357317516164,-1.9270507994677093,1.338483894153488,-0.0970836571822905,3.973509768053524,-0.4437645462822212,1.3252658008552558
95.0,107.0,130.0513916015625,-0.0395613293053948,2.666780037642724,-4.116966785082307,-3.680357317516164,-1.9270507994677093,1.338483894153488,-0.0970836571822905,3.973509768053524,-0.4437645462822212,1.3252658008552558
95.0,107.0,130.05140686035156,-0.0395637157860982,2.666780039871294,-4.116958720519732,-3.6803572022037527,-1.927071286500892,1.3384838930855951,-0.097083656216757,3.9735100350798014,-0.4437653881855716,1.3252658044638104
95.0,107.0,130.05140686035156,-0.0395710688995658,2.666779988298051,-4.116957305568148,-3.6803622598040864,-1.927068758999584,1.338483894153488,-0.0970836572405507,3.973509768053524,-0.4437608576596525,1.325265800726288
95.0,107.0,130.05140686035156,-0.0395637157860982,2.666780039871294,-4.116958720519732,-3.6803572022037527,-1.927071286500892,1.3384838930855951,-0.097083656216757,3.9735100350798014,-0.4437653881855716,1.3252658044638104
95.0,107.0,130.05140686035156,-0.0395637157860982,2.666780039871294,-4.116958720519732,-3.6803572022037527,-1.927071286500892,1.3384838930855951,-0.097083656216757,3.973510035803933,-0.4437653881855716,1.3252658044638104
95.0,107.0,130.05140686035156,-0.0395710688995658,2.666779988298051,-4.116957305568148,-3.6803622598040864,-1.9270703409809045,1.3384838941423378,-0.0970836572561718,3.973509768053524,-0.4437691160103137,1.325265800726288
95.0,107.0,130.05140686035156,-0.0395505367562433,2.666780041538113,-4.116958720519732,-3.6803571426953647,-1.927070366937352,1.338483893045037,-0.0970836566633979,3.973509877865811,-0.4437692289678471,1.3252658248455222
95.0,107.0,130.05140686035156,-0.0395642749301856,2.666779988298051,-4.116957305568148,-3.6803622598040864,-1.927068758999584,1.338483894153488,-0.0970836571873515,3.973509878923773,-0.4437608576596525,1.3252658030889624
95.0,107.0,130.05140686035156,-0.0395637157860982,2.666780039871294,-4.116958720519732,-3.680357188552862,-1.927071286500892,1.3384838930653942,-0.0970836573441366,3.973510007291849,-0.4437653881855716,1.3252658031023907
95.0,107.0,130.05140686035156,-0.0395637157860982,2.666780039871294,-4.116958720519732,-3.6803572022037527,-1.927071286500892,1.3384838930855951,-0.097083656216757,3.9735100350798014,-0.4437653881855716,1.3252658044638104
95.0,107.0,130.05140686035156,-0.0395637157860982,2.666780039871294,-4.116958720519732,-3.68036229512829,-1.927071145910228,1.3384838930855951,-0.097083656216757,3.973510035803933,-0.4437654215468177,1.325265800807209
95.0,107.0,130.05140686035156,-0.039564196645303,2.6667800377697226,-4.1169668269434485,-3.680352000305452,-1.9270628525744724,1.3384838977234694,-0.0970836610414297,3.973509877876689,-0.4437646212838012,1.3252658031665814
95.0,107.0,130.05140686035156,-0.0395637157860982,2.666780039790352,-4.116958720519732,-3.680362144491676,-1.927071286500892,1.3384838930855951,-0.0970836562750173,3.9735100350798014,-0.4437653719866551,1.3252658043348426
95.0,107.0,130.05140686035156,-0.0395710688995658,2.666779988298051,-4.116957305568148,-3.6803571668795496,-1.927068899590248,1.338483894153488,-0.0970836572405507,3.973509768053524,-0.4437608242984064,1.3252658043828898
95.0,107.0,130.05140686035156,-0.0395710688995658,2.666779988298051,-4.116957305568148,-3.6803571668795496,-1.927068899590248,1.3384838933575904,-0.0970836572405507,3.973509774891295,-0.4437608242984064,1.3252658041109828
95.0,107.0,130.05140686035156,-0.0395643978215827,2.666779991617088,-4.116957390277403,-3.6803622598040864,-1.927070154077928,1.33848389415313,-0.0970836571873515,3.973509878923773,-0.4437608576596525,1.325265803131739
95.0,107.0,130.05140686035156,-0.0395505367562433,2.666780041538113,-4.116958720519732,-3.680362332896886,-1.9270701155718224,1.338483893045037,-0.0970836572569809,3.973509766310292,-0.4437692289678471,1.3252658248455222
95.0,107.0,130.05140686035156,-0.0395637157860982,2.666780039868343,-4.116958720519732,-3.680362144491676,-1.9270711426951108,1.3384838930855951,-0.0970836562200387,3.973510035803431,-0.4437653719866551,1.3252658043348426
95.0,108.0,130.0507049560547,-0.0395643978215827,2.666779991617088,-4.116957390277403,-3.6803622598040864,-1.9264590239387869,1.33848389415313,-0.0970836571873515,3.973509878923773,-0.4437608576596525,1.325265803131739
95.0,108.0,130.05072021484375,-0.0395498994854672,2.666780037786213,-4.116966574252944,-3.680352000305452,-1.9264919625941,1.3384838977234694,-0.0970836610414297,3.973509882411508,-0.4437646212838012,1.3252658031665814
95.0,108.0,130.05072021484375,-0.0395498994854672,2.666780037786213,-4.116966634260425,-3.680352000305452,-1.9264919625941,1.3384838977234694,-0.0970836610414297,3.973509877876689,-0.4437646212838012,1.3252658031665814
95.0,108.0,130.05072021484375,-0.0395498994854672,2.6667800330371847,-4.116966574252944,-3.680352000305452,-1.9264919625941,1.3384838977234694,-0.0970836666842967,3.973509882411508,-0.4437609883213646,1.3252658031665814
95.0,108.0,130.05072021484375,-0.0395701522148865,2.6667799883719714,-4.116966574252944,-3.680343835214047,-1.9264821049874432,1.338483894900614,-0.0970836667129683,3.9735097648360425,-0.4437691365876411,1.325265812017994
95.0,108.0,130.05072021484375,-0.039551786771311,2.666780037749229,-4.116957094738784,-3.6803512350846734,-1.926507561576399,1.338483897536013,-0.0970836610414297,3.973509882411508,-0.4437609890146122,1.3252658031665814
95.0,108.0,130.05072021484375,-0.0395505367562433,2.666780041538113,-4.116959156252758,-3.680352127567677,-1.9265084945162303,1.338483893045037,-0.0970836572569809,3.9735098818843166,-0.4437692289678471,1.3252658248455222
95.0,108.0,130.0507354736328,-0.0395717489695305,2.6667799883190275,-4.116956930071756,-3.680360736714288,-1.9265198864383009,1.3384839079795487,-0.0970836666376821,3.973510108757938,-0.4437609687268979,1.325265811903
95.0,108.0,130.0507354736328,-0.0395717489695305,2.666779993068056,-4.116956930071756,-3.680360736714288,-1.9265198864383009,1.3384839079795487,-0.0970836609948151,3.973510108757938,-0.4437646016893344,1.325265811903
95.0,108.0,130.0507354736328,-0.0395717489695305,2.6667799883190275,-4.116956930071756,-3.680360736714288,-1.9265198864383009,1.3384839087754463,-0.0970836666376821,3.973510101920167,-0.4437609687268979,1.325265812174907
95.0,108.0,130.0507354736328,-0.0395498994854672,2.6667800388377785,-4.116966634260425,-3.680352000305452,-1.9265190617987968,1.3384838977234694,-0.0970836610422824,3.973510091970247,-0.4437646216195297,1.3252658031665814
95.0,108.0,130.0507354736328,-0.0395703592472045,2.666779987819868,-4.116966496431754,-3.680356433429642,-1.9264821049874432,1.338483894900614,-0.0970836667129683,3.973509766630647,-0.4437691680405904,1.325265812017994
95.0,108.0,130.0507354736328,-0.0395519804912095,2.666780037751728,-4.116966574252944,-3.680352000305452,-1.9265063143783936,1.338483897534363,-0.0970836610414297,3.973509882411508,-0.4437647029519798,1.3252658031665814
95.0,108.0,130.0507354736328,-0.0395717986499515,2.6667799883190275,-4.116956930095121,-3.6803605176538112,-1.9265198864383009,1.338483907743648,-0.0970836666356164,3.97350997838072,-0.4437609687268979,1.3252658118388647
95.0,108.0,130.0507354736328,-0.0395717489695305,2.6667799931396794,-4.116956930071756,-3.6803518871473697,-1.9265198864383009,1.3384839079795487,-0.0970836609948151,3.973510101693964,-0.4437646213625862,1.3252658030330973
95.0,108.0,130.0507354736328,-0.0395720716824623,2.666779988298051,-4.1169637711949365,-3.6803664750474185,-1.9264908507016667,1.3384839076784,-0.0970836571564589,3.9735098808596696,-0.4437802564591883,1.3252658129415718
95.0,108.0,130.05076599121094,-0.0395720716824623,2.666779988298051,-4.116963759490097,-3.680362262672998,-1.9265346086911008,1.3384839079230584,-0.0970836570635291,3.973509768053524,-0.4437796698367631,1.325265811838197
95.0,108.0,130.05076599121094,-0.0395720716824623,2.666779988298051,-4.1169637711949365,-3.680362259875889,-1.9265346086911008,1.3384839079230584,-0.0970836572410641,3.973509768053524,-0.4437802564591883,1.3252658129415718
95.0,108.0,130.05076599121094,-0.0395717989375806,2.666780040526868,-4.116958734638172,-3.680362262672998,-1.9265346086911008,1.3384839077430617,-0.0970836570635291,3.973509988296776,-0.4437796698367631,1.325265811838197
95.0,108.0,130.05076599121094,-0.0395706973933012,2.666779988351016,-4.116966574252944,-3.680343835214047,-1.9265198864383009,1.338483894900614,-0.0970836667129683,3.9735097648360425,-0.4437690984505577,1.325265812017994
95.0,108.0,130.05076599121094,-0.0395722320891443,2.666779988298051,-4.116963552659018,-3.680362263015883,-1.9265346086911008,1.3384838941561754,-0.0970836570635291,3.973509768053524,-0.4437684374118858,1.3252658118138032
95.0,108.0,130.05076599121094,-0.0395720716824623,2.666779988298051,-4.1169637711949365,-3.6803622598052894,-1.9265346086911008,1.3384839076784,-0.0970836571564589,3.973509768053524,-0.4437802564591883,1.3252658129415718
95.0,108.0,130.05076599121094,-0.0395722340664789,2.666779988298051,-4.116963758824463,-3.680362263015883,-1.9265346086911008,1.3384838941561754,-0.0970836570635291,3.973509768053524,-0.4437684374118858,1.3252658118142555
95.0,108.0,130.05076599121094,-0.0395720697051277,2.666779988298051,-4.116963553324652,-3.680362262672998,-1.9265346086911008,1.3384839079230584,-0.0970836570635291,3.973509768053524,-0.4437796698367631,1.3252658118377447
95.0,108.0,130.05081176757812,-0.0395518793055055,2.666779988915282,-4.116966574252944,-3.680520069503188,-1.926489656107659,1.3384838975357731,-0.0970836610414297,3.973509882411508,-0.4437645763500952,1.3252658031665814
95.0,108.0,130.05081176757812,-0.0395518793055055,2.666779988888355,-4.116957094738784,-3.680520069503188,-1.926507561576399,1.3384838975357731,-0.0970836610414297,3.973509882411508,-0.4437609039264431,1.3252658031665814
95.0,108.0,130.05081176757812,-0.0395518793055055,2.666779988888355,-4.116957094738784,-3.680520069503188,-1.926507561576399,1.3384838975357731,-0.0970836610414297,3.973509882411508,-0.4437609039264431,1.3252658031665814
95.0,108.0,130.05081176757812,-0.0395518793055055,2.666779988915282,-4.116966574252944,-3.680520069503188,-1.9264821823005904,1.3384838976603477,-0.0970836608193223,3.973509884703064,-0.4437645763500952,1.3252658045015355
95.0,108.0,130.05081176757812,-0.0395518793055055,2.6667799889168653,-4.116966574252944,-3.680520069503188,-1.9264821823005904,1.3384838976603477,-0.0970836608205223,3.973509884774376,-0.4437645763500952,1.3252658045015355
95.0,108.0,130.05081176757812,-0.0395520781589741,2.666779993076136,-4.116966574252944,-3.680520069503188,-1.926489656107659,1.3384838975357731,-0.0970836610414297,3.973509882411508,-0.4437646014406617,1.325265803364463
95.0,108.0,130.05081176757812,-0.0395518793055055,2.666779988888355,-4.116957094738784,-3.680520069503188,-1.926507561576399,1.3384838975357731,-0.0970836610414297,3.973509882411508,-0.4437609039264431,1.3252658031665814
95.0,108.0,130.05081176757812,-0.0395498994854672,2.666780037786213,-4.116966634260425,-3.680517755148559,-1.9264919625941,1.338483897723392,-0.0970836610465784,3.973509884655824,-0.4437646209169088,1.3252658031665814
95.0,108.0,130.05081176757812,-0.0395521157474651,2.666779988888355,-4.116957094738784,-3.680523632813655,-1.926507561576399,1.3384838975357731,-0.0970836610414297,3.973509882411508,-0.4437609747408991,1.3252658031665814
95.0,108.0,130.05081176757812,-0.0395519644659191,2.666779990586201,-4.116966634260425,-3.680517703073542,-1.9264919625941,1.3384838976642268,-0.0970836610465784,3.973509884655824,-0.4437646238171887,1.3252658044662156
95.0,108.0,130.0508270263672,-0.0395721641140525,2.6667799889251977,-4.116966574252944,-3.680519639146968,-1.9264891665915649,1.3384839063854677,-0.0970836667173338,3.9735098824116615,-0.4437645763500952,1.325265811929579
95.0,108.0,130.0508270263672,-0.0395720655331695,2.6667799889251977,-4.116966574252944,-3.680519639146968,-1.9264891665915649,1.338483907996317,-0.0970836574740599,3.9735098824116615,-0.4437645763500952,1.325265811929579
95.0,108.0,130.05084228515625,-0.0395541772217501,2.6667799883507914,-4.116966574252944,-3.6805192327960143,-1.9265198864383009,1.3384839063854677,-0.0970836667173338,3.973509879456426,-0.4437645763500952,1.325265812017994
95.0,108.0,130.05084228515625,-0.0395541772217501,2.6667799883507914,-4.116966574252944,-3.68051696857697,-1.9265198864383009,1.3384839063854677,-0.0970836667173599,3.973509879456426,-0.4437645763500952,1.325265812017994
95.0,108.0,130.05084228515625,-0.0395541772217501,2.6667799883507914,-4.116966574252944,-3.6805197427475966,-1.9265198864383009,1.3384839063854677,-0.0970836667173338,3.973509879456426,-0.4437645763500952,1.3252658003850466
95.0,108.0,130.05084228515625,-0.0395634218085959,2.6667799883898424,-4.116957094738784,-3.680520069503188,-1.926507561576399,1.3384838931507734,-0.0970836613886976,3.973509885439799,-0.4437653136025608,1.325265803143952
95.0,108.0,130.05084228515625,-0.0395541772217501,2.6667799883507914,-4.116966574252944,-3.68051696857697,-1.9265198864383009,1.3384839065042955,-0.0970836667131201,3.973509879456426,-0.4437645890347381,1.325265812017994
95.0,108.0,130.0508575439453,-0.0395721641140525,2.6667799883190275,-4.116966574252944,-3.68051965932923,-1.9265198864383009,1.3384839063854677,-0.0970836667173338,3.973509882446206,-0.4437645763500952,1.3252658118646623
95.0,108.0,130.05088806152344,-0.0395720716824623,2.666779988298051,-4.1169637711949365,-3.6805610315073,-1.9265346086911008,1.33848389760748,-0.097083660936384,3.973509883001988,-0.4437802564591883,1.325265813308287
95.0,108.0,130.0513916015625,-0.0395710688995658,2.6667799883249783,-4.116966785082307,-3.6803622598040864,-1.9270508535308448,1.338483894153488,-0.0970836572405507,3.973509768053524,-0.4437645300833047,1.325265800726288
95.0,108.0,130.0513916015625,-0.0395613293053948,2.6667800376218254,-4.116966785082307,-3.6803622598040864,-1.9270507994677093,1.338483894153488,-0.0970836572405507,3.973509768053524,-0.4437645300833047,1.325265800726288
95.0,108.0,130.0513916015625,-0.0395710688995658,2.6667799883249783,-4.116966773377468,-3.680362262601196,-1.9270508535308448,1.338483894153488,-0.0970836570630158,3.973509768053524,-0.4437639434608795,1.3252657996229136
95.0,108.0,130.0513916015625,-0.0395613293053948,2.666780037702768,-4.116966785082307,-3.680357317516164,-1.9270507994677093,1.338483894153488,-0.0970836571822905,3.973509768053524,-0.4437645462822212,1.3252658008552558
95.0,108.0,130.0513916015625,-0.0395613293053948,2.666780037642724,-4.116966785082307,-3.680357317516164,-1.9270507994677093,1.338483894153488,-0.0970836571822905,3.973509768053524,-0.4437645462822212,1.3252658008552558
95.0,108.0,130.0513916015625,-0.0395613293053948,2.6667799887028822,-4.116966785082307,-3.680357317516164,-1.9270507994677093,1.3384839075393566,-0.0970836572362516,3.973509768053524,-0.4437645462822212,1.3252658008552558
95.0,108.0,130.05140686035156,-0.0395637157860982,2.666780039871294,-4.116958720519732,-3.6803572022037527,-1.927071286500892,1.3384838930855951,-0.097083656216757,3.9735100350798014,-0.4437653881855716,1.3252658044638104
95.0,109.0,130.0507049560547,-0.0395643978215827,2.666779991617088,-4.116957390277403,-3.6803622598040864,-1.9264590239387869,1.33848389415313,-0.0970836571873515,3.973509878923773,-0.4437608576596525,1.325265803131739
95.0,109.0,130.0507049560547,-0.0395643978215827,2.666779991617088,-4.116957462409252,-3.6803623387232425,-1.9264590239387869,1.33848389415313,-0.0970836571873515,3.973509878923773,-0.4437646021506498,1.3252658031720077
95.0,109.0,130.0507049560547,-0.0395521864528799,2.666779988915282,-4.116957807681487,-3.680358366796586,-1.9264585109118089,1.3384838975357731,-0.0970836610414297,3.973509882411508,-0.4437645763500952,1.3252658031665814
95.0,109.0,130.05072021484375,-0.0395498994854672,2.666780037786213,-4.116966574252944,-3.680352000305452,-1.9264919625941,1.3384838977234694,-0.0970836610414297,3.973509882411508,-0.4437646212838012,1.3252658031665814
95.0,109.0,130.05072021484375,-0.0395498994854672,2.666780037786213,-4.116966634260425,-3.680352000305452,-1.9264919625941,1.3384838977234694,-0.0970836610414297,3.973509877876689,-0.4437646212838012,1.3252658031665814
95.0,109.0,130.05072021484375,-0.0395498994854672,2.6667800330371847,-4.116966574252944,-3.680352000305452,-1.9264919625941,1.3384838977234694,-0.0970836666842967,3.973509882411508,-0.4437609883213646,1.3252658031665814
95.0,109.0,130.05072021484375,-0.0395701522148865,2.6667799883719714,-4.116966574252944,-3.680343835214047,-1.9264821049874432,1.338483894900614,-0.0970836667129683,3.9735097648360425,-0.4437691365876411,1.325265812017994
95.0,109.0,130.05072021484375,-0.039551786771311,2.666780037749229,-4.116957094738784,-3.6803512350846734,-1.926507561576399,1.338483897536013,-0.0970836610414297,3.973509882411508,-0.4437609890146122,1.3252658031665814
95.0,109.0,130.05072021484375,-0.0395505367562433,2.666780041538113,-4.116959156252758,-3.680352127567677,-1.9265084945162303,1.338483893045037,-0.0970836572569809,3.9735098818843166,-0.4437692289678471,1.3252658248455222
95.0,109.0,130.05072021484375,-0.0395701522148865,2.6667799883719714,-4.116966574252944,-3.680343835214047,-1.9264821049874432,1.338483894900614,-0.0970836667129683,3.9735097648360425,-0.4437691365876411,1.325265812017994
95.0,109.0,130.05072021484375,-0.0395518793055055,2.666779988888355,-4.116957094738784,-3.6803465499019055,-1.926493539433876,1.3384838975356117,-0.0970836610414297,3.973509882411508,-0.4437609039264431,1.3252658031665814
95.0,109.0,130.05072021484375,-0.0395498994854672,2.6667800330371847,-4.116966574252944,-3.680352000305452,-1.9264908093195137,1.3384838977234694,-0.0970836666842967,3.973510097014211,-0.4437610829284923,1.3252658031665814
95.0,109.0,130.05072021484375,-0.0395701522148865,2.666779988371195,-4.116966574252944,-3.680343835214047,-1.9264830796140868,1.338483894900614,-0.0970836667129683,3.9735097648360425,-0.4437691365876411,1.325265812017994
95.0,109.0,130.05072021484375,-0.039549951384095,2.666780041538113,-4.116959404510418,-3.680352127567677,-1.9265084945162303,1.3384839076648205,-0.0970836571563579,3.973509883354171,-0.4437686299511305,1.3252658248455222
95.0,109.0,130.05072021484375,-0.0395498994854672,2.666780037786213,-4.116966502121096,-3.680351921386297,-1.9264919625941,1.3384838977234694,-0.0970836610414297,3.973509882411508,-0.443760876792804,1.3252658031263127
95.0,109.0,130.0507354736328,-0.0395717489695305,2.6667799883190275,-4.116956930071756,-3.680360736714288,-1.9265198864383009,1.3384839079795487,-0.0970836666376821,3.973510108757938,-0.4437609687268979,1.325265811903
95.0,109.0,130.0507354736328,-0.0395717489695305,2.666779993068056,-4.116956930071756,-3.680360736714288,-1.9265198864383009,1.3384839079795487,-0.0970836609948151,3.973510108757938,-0.4437646016893344,1.325265811903
95.0,109.0,130.0507354736328,-0.0395717489695305,2.6667799883190275,-4.116956930071756,-3.680360736714288,-1.9265198864383009,1.3384839087754463,-0.0970836666376821,3.973510101920167,-0.4437609687268979,1.325265812174907
95.0,109.0,130.0507354736328,-0.0395498994854672,2.6667800388377785,-4.116966634260425,-3.680352000305452,-1.9265190617987968,1.3384838977234694,-0.0970836610422824,3.973510091970247,-0.4437646216195297,1.3252658031665814
95.0,109.0,130.0507354736328,-0.0395703592472045,2.666779987819868,-4.116966496431754,-3.680356433429642,-1.9264821049874432,1.338483894900614,-0.0970836667129683,3.973509766630647,-0.4437691680405904,1.325265812017994
95.0,109.0,130.0507354736328,-0.0395519804912095,2.666780037751728,-4.116966574252944,-3.680352000305452,-1.9265063143783936,1.338483897534363,-0.0970836610414297,3.973509882411508,-0.4437647029519798,1.3252658031665814
95.0,109.0,130.0507354736328,-0.0395717986499515,2.6667799883190275,-4.116956930095121,-3.6803605176538112,-1.9265198864383009,1.338483907743648,-0.0970836666356164,3.97350997838072,-0.4437609687268979,1.3252658118388647
95.0,109.0,130.0507354736328,-0.0395717489695305,2.6667799931396794,-4.116956930071756,-3.6803518871473697,-1.9265198864383009,1.3384839079795487,-0.0970836609948151,3.973510101693964,-0.4437646213625862,1.3252658030330973
95.0,109.0,130.0507354736328,-0.0395720716824623,2.666779988298051,-4.1169637711949365,-3.6803664750474185,-1.9264908507016667,1.3384839076784,-0.0970836571564589,3.9735098808596696,-0.4437802564591883,1.3252658129415718
95.0,109.0,130.0507354736328,-0.0395703592472045,2.666779987819868,-4.116966496431754,-3.680356433429642,-1.9264821049874432,1.338483894900614,-0.0970836667129683,3.973509766630647,-0.4437691680405904,1.325265812017994
95.0,109.0,130.0507354736328,-0.0395720716824623,2.666779988298051,-4.1169637711949365,-3.6803664750474185,-1.9264908507016667,1.3384839076784,-0.0970836571564589,3.9735098808596696,-0.4437802564591883,1.3252658129415718
95.0,109.0,130.0507354736328,-0.039551913771061,2.6667800378314346,-4.116966639126822,-3.680352000305452,-1.9265190617987968,1.3384838977234694,-0.0970836610422824,3.973509881933973,-0.4437646216195297,1.3252658031665814
95.0,109.0,130.0507354736328,-0.0395717986499515,2.666780038234541,-4.116957099871232,-3.6803601295367536,-1.9265071987846405,1.3384839078900688,-0.0970836666356164,3.97350997838072,-0.4437609687268979,1.3252658125307206
95.0,109.0,130.0507354736328,-0.0395717489695305,2.666779992903141,-4.116957332247815,-3.6803518871473697,-1.9265198864383009,1.3384839079795487,-0.0970836609948151,3.973510101693964,-0.4437646213625862,1.325265803015487
95.0,109.0,130.0507354736328,-0.0395498994854672,2.6667800388377785,-4.116966634260425,-3.680352000305452,-1.9265190617987968,1.3384838977234694,-0.0970836610422824,3.973510091970247,-0.4437646216195297,1.3252658031665814
95.0,109.0,130.0507354736328,-0.0395718015936951,2.666780037653673,-4.11695815165176,-3.680373740895968,-1.9264891665915649,1.3384839078433466,-0.0970836572310991,3.973509980173572,-0.4437645763500952,1.3252658119323857
95.0,109.0,130.05076599121094,-0.0395720716824623,2.666779988298051,-4.116963759490097,-3.680362262672998,-1.9265346086911008,1.3384839079230584,-0.0970836570635291,3.973509768053524,-0.4437796698367631,1.325265811838197
95.0,109.0,130.05076599121094,-0.0395720716824623,2.666779988298051,-4.1169637711949365,-3.680362259875889,-1.9265346086911008,1.3384839079230584,-0.0970836572410641,3.973509768053524,-0.4437802564591883,1.3252658129415718
95.0,109.0,130.05076599121094,-0.0395717989375806,2.666780040526868,-4.116958734638172,-3.680362262672998,-1.9265346086911008,1.3384839077430617,-0.0970836570635291,3.973509988296776,-0.4437796698367631,1.325265811838197
95.0,109.0,130.05076599121094,-0.0395706973933012,2.666779988351016,-4.116966574252944,-3.680343835214047,-1.9265198864383009,1.338483894900614,-0.0970836667129683,3.9735097648360425,-0.4437690984505577,1.325265812017994
95.0,109.0,130.05076599121094,-0.0395722320891443,2.666779988298051,-4.116963552659018,-3.680362263015883,-1.9265346086911008,1.3384838941561754,-0.0970836570635291,3.973509768053524,-0.4437684374118858,1.3252658118138032
95.0,109.0,130.05076599121094,-0.0395720716824623,2.666779988298051,-4.1169637711949365,-3.6803622598052894,-1.9265346086911008,1.3384839076784,-0.0970836571564589,3.973509768053524,-0.4437802564591883,1.3252658129415718
95.0,109.0,130.05076599121094,-0.0395722340664789,2.666779988298051,-4.116963758824463,-3.680362263015883,-1.9265346086911008,1.3384838941561754,-0.0970836570635291,3.973509768053524,-0.4437684374118858,1.3252658118142555
95.0,109.0,130.05076599121094,-0.0395720697051277,2.666779988298051,-4.116963553324652,-3.680362262672998,-1.9265346086911008,1.3384839079230584,-0.0970836570635291,3.973509768053524,-0.4437796698367631,1.3252658118377447
95.0,109.0,130.05076599121094,-0.0395706973933012,2.666779988351792,-4.116966574252944,-3.680343835214047,-1.9265189118116568,1.338483894900614,-0.0970836667129683,3.9735097648360425,-0.4437690984505577,1.325265812017994
95.0,109.0,130.05076599121094,-0.0395720716824623,2.666779988298051,-4.1169637711949365,-3.6803622598064223,-1.9265346086911008,1.3384839079230584,-0.0970836571561888,3.973509768053524,-0.4437802564591883,1.3252658129415718
95.0,109.0,130.05076599121094,-0.0395720716824623,2.666779988298051,-4.116963759490097,-3.680362262672998,-1.9265346086911008,1.3384839079230584,-0.0970836570635291,3.973509768053524,-0.4437796698367631,1.325265811838197
95.0,109.0,130.05081176757812,-0.0395518793055055,2.666779988915282,-4.116966574252944,-3.680520069503188,-1.926489656107659,1.3384838975357731,-0.0970836610414297,3.973509882411508,-0.4437645763500952,1.3252658031665814
95.0,109.0,130.05081176757812,-0.0395518793055055,2.666779988888355,-4.116957094738784,-3.680520069503188,-1.926507561576399,1.3384838975357731,-0.0970836610414297,3.973509882411508,-0.4437609039264431,1.3252658031665814
95.0,109.0,130.05081176757812,-0.0395518793055055,2.666779988888355,-4.116957094738784,-3.680520069503188,-1.926507561576399,1.3384838975357731,-0.0970836610414297,3.973509882411508,-0.4437609039264431,1.3252658031665814
95.0,109.0,130.05081176757812,-0.0395518793055055,2.666779988915282,-4.116966574252944,-3.680520069503188,-1.9264821823005904,1.3384838976603477,-0.0970836608193223,3.973509884703064,-0.4437645763500952,1.3252658045015355
95.0,109.0,130.05081176757812,-0.0395518793055055,2.6667799889168653,-4.116966574252944,-3.680520069503188,-1.9264821823005904,1.3384838976603477,-0.0970836608205223,3.973509884774376,-0.4437645763500952,1.3252658045015355
95.0,109.0,130.05081176757812,-0.0395520781589741,2.666779993076136,-4.116966574252944,-3.680520069503188,-1.926489656107659,1.3384838975357731,-0.0970836610414297,3.973509882411508,-0.4437646014406617,1.325265803364463
95.0,109.0,130.05081176757812,-0.0395518793055055,2.666779988888355,-4.116957094738784,-3.680520069503188,-1.926507561576399,1.3384838975357731,-0.0970836610414297,3.973509882411508,-0.4437609039264431,1.3252658031665814
95.0,109.0,130.05081176757812,-0.0395498994854672,2.666780037786213,-4.116966634260425,-3.680517755148559,-1.9264919625941,1.338483897723392,-0.0970836610465784,3.973509884655824,-0.4437646209169088,1.3252658031665814
95.0,110.0,130.0507049560547,-0.0395643978215827,2.666779991617088,-4.116957390277403,-3.6803622598040864,-1.9264590239387869,1.33848389415313,-0.0970836571873515,3.973509878923773,-0.4437608576596525,1.325265803131739
95.0,110.0,130.0507049560547,-0.0395643978215827,2.666779991617088,-4.116957462409252,-3.6803623387232425,-1.9264590239387869,1.33848389415313,-0.0970836571873515,3.973509878923773,-0.4437646021506498,1.3252658031720077
95.0,110.0,130.0507049560547,-0.0395521864528799,2.666779988915282,-4.116957807681487,-3.680358366796586,-1.9264585109118089,1.3384838975357731,-0.0970836610414297,3.973509882411508,-0.4437645763500952,1.3252658031665814
95.0,110.0,130.0507049560547,-0.0395645085554778,2.666779991617088,-4.11695649112566,-3.6803623387232425,-1.9264593530193943,1.33848389415313,-0.0970836571873515,3.9735098827493416,-0.443764427250458,1.3252658120897691
95.0,110.0,130.0507049560547,-0.0395521985895971,2.666779988915282,-4.116966463743941,-3.680358366796586,-1.9264585109118089,1.3384838975357731,-0.0970836610414297,3.973509882411508,-0.4437645746851206,1.3252658031665814
95.0,110.0,130.0507049560547,-0.0395643978215827,2.666779991617088,-4.116957462409252,-3.680352096147171,-1.9264580888014204,1.33848389415313,-0.0970836567411316,3.973509878923773,-0.4437609161271679,1.3252658031720077
95.0,110.0,130.05072021484375,-0.0395498994854672,2.666780037786213,-4.116966574252944,-3.680352000305452,-1.9264919625941,1.3384838977234694,-0.0970836610414297,3.973509882411508,-0.4437646212838012,1.3252658031665814
95.0,110.0,130.05072021484375,-0.0395498994854672,2.666780037786213,-4.116966634260425,-3.680352000305452,-1.9264919625941,1.3384838977234694,-0.0970836610414297,3.973509877876689,-0.4437646212838012,1.3252658031665814
95.0,110.0,130.05072021484375,-0.0395498994854672,2.6667800330371847,-4.116966574252944,-3.680352000305452,-1.9264919625941,1.3384838977234694,-0.0970836666842967,3.973509882411508,-0.4437609883213646,1.3252658031665814
95.0,110.0,130.05072021484375,-0.0395701522148865,2.6667799883719714,-4.116966574252944,-3.680343835214047,-1.9264821049874432,1.338483894900614,-0.0970836667129683,3.9735097648360425,-0.4437691365876411,1.325265812017994
95.0,110.0,130.05072021484375,-0.039551786771311,2.666780037749229,-4.116957094738784,-3.6803512350846734,-1.926507561576399,1.338483897536013,-0.0970836610414297,3.973509882411508,-0.4437609890146122,1.3252658031665814
95.0,110.0,130.05072021484375,-0.0395505367562433,2.666780041538113,-4.116959156252758,-3.680352127567677,-1.9265084945162303,1.338483893045037,-0.0970836572569809,3.9735098818843166,-0.4437692289678471,1.3252658248455222
95.0,110.0,130.05072021484375,-0.0395701522148865,2.6667799883719714,-4.116966574252944,-3.680343835214047,-1.9264821049874432,1.338483894900614,-0.0970836667129683,3.9735097648360425,-0.4437691365876411,1.325265812017994
95.0,110.0,130.05072021484375,-0.0395518793055055,2.666779988888355,-4.116957094738784,-3.6803465499019055,-1.926493539433876,1.3384838975356117,-0.0970836610414297,3.973509882411508,-0.4437609039264431,1.3252658031665814
95.0,110.0,130.05072021484375,-0.0395498994854672,2.6667800330371847,-4.116966574252944,-3.680352000305452,-1.9264908093195137,1.3384838977234694,-0.0970836666842967,3.973510097014211,-0.4437610829284923,1.3252658031665814
95.0,110.0,130.05072021484375,-0.0395701522148865,2.666779988371195,-4.116966574252944,-3.680343835214047,-1.9264830796140868,1.338483894900614,-0.0970836667129683,3.9735097648360425,-0.4437691365876411,1.325265812017994
95.0,110.0,130.05072021484375,-0.039549951384095,2.666780041538113,-4.116959404510418,-3.680352127567677,-1.9265084945162303,1.3384839076648205,-0.0970836571563579,3.973509883354171,-0.4437686299511305,1.3252658248455222
95.0,110.0,130.05072021484375,-0.0395498994854672,2.666780037786213,-4.116966502121096,-3.680351921386297,-1.9264919625941,1.3384838977234694,-0.0970836610414297,3.973509882411508,-0.443760876792804,1.3252658031263127
95.0,110.0,130.05072021484375,-0.0395720716824623,2.666779988298051,-4.1169637711949365,-3.680352190346397,-1.9264911020596729,1.3384839076784,-0.0970836571564589,3.973509882382558,-0.4437655298580814,1.3252658117770295
95.0,110.0,130.05072021484375,-0.0395701522148865,2.6667799883719714,-4.116966574252944,-3.680343835214047,-1.9264821049874432,1.338483894900614,-0.0970836667129683,3.9735097648360425,-0.4437691365876411,1.325265812017994
95.0,110.0,130.05072021484375,-0.0395703592472045,2.666779987819868,-4.116965791333363,-3.680356433429642,-1.9264821049874432,1.3384838956420555,-0.0970836667129683,3.973509766630647,-0.4437691680405904,1.32526581184589
95.0,110.0,130.05072021484375,-0.0395497611668766,2.666779988371195,-4.116966574252944,-3.6803441576819167,-1.9264830796140868,1.338483894900614,-0.0970836667129683,3.973509889397808,-0.4437691365876411,1.3252658029962272
95.0,110.0,130.05072021484375,-0.0395498994854672,2.666780041459277,-4.116959465471264,-3.680352000305452,-1.9265085846185948,1.3384838977234694,-0.0970836571763932,3.973510080270736,-0.4437646216195297,1.3252658031665814
95.0,110.0,130.05072021484375,-0.0395519683544923,2.666780037751728,-4.116957918190492,-3.680352000305452,-1.9265063143783936,1.338483897534363,-0.0970836610414297,3.973509882411508,-0.4437647046169544,1.3252658031665814
95.0,110.0,130.05072021484375,-0.0395498994854672,2.666780037786213,-4.116966619259128,-3.680352000305452,-1.9264919625941,1.3384838977234694,-0.0970836610414297,3.9735097675291313,-0.4437646212838012,1.3252658031665814
95.0,110.0,130.05072021484375,-0.0395716169588861,2.666779988371195,-4.116966574252944,-3.680343835214047,-1.9264830796140868,1.338483895017172,-0.0970836667129683,3.9735097648360425,-0.4437692068223573,1.325265812017994
95.0,110.0,130.05072021484375,-0.0395498994854672,2.6667800330371847,-4.116966574252944,-3.680352000305452,-1.9264909446936465,1.3384838977234694,-0.0970836666842967,3.973510095540412,-0.4437609935329079,1.3252658031665814
95.0,110.0,130.05072021484375,-0.0395701522148865,2.6667799883719714,-4.11695936028517,-3.680343835214047,-1.9264813209697715,1.3384838949149946,-0.0970836667129683,3.973509884264471,-0.443769135338876,1.325265812017994
95.0,110.0,130.05072021484375,-0.0395505297888237,2.66678004078599,-4.116966574252944,-3.680343902477867,-1.9264815190529243,1.338483897473748,-0.0970836667129683,3.97350988359376,-0.4437645424282853,1.325265812017994
95.0,110.0,130.0507354736328,-0.0395717489695305,2.6667799883190275,-4.116956930071756,-3.680360736714288,-1.9265198864383009,1.3384839079795487,-0.0970836666376821,3.973510108757938,-0.4437609687268979,1.325265811903
95.0,110.0,130.0507354736328,-0.0395717489695305,2.666779993068056,-4.116956930071756,-3.680360736714288,-1.9265198864383009,1.3384839079795487,-0.0970836609948151,3.973510108757938,-0.4437646016893344,1.325265811903
95.0,110.0,130.0507354736328,-0.0395717489695305,2.6667799883190275,-4.116956930071756,-3.680360736714288,-1.9265198864383009,1.3384839087754463,-0.0970836666376821,3.973510101920167,-0.4437609687268979,1.325265812174907
95.0,110.0,130.0507354736328,-0.0395498994854672,2.6667800388377785,-4.116966634260425,-3.680352000305452,-1.9265190617987968,1.3384838977234694,-0.0970836610422824,3.973510091970247,-0.4437646216195297,1.3252658031665814
95.0,110.0,130.0507354736328,-0.0395703592472045,2.666779987819868,-4.116966496431754,-3.680356433429642,-1.9264821049874432,1.338483894900614,-0.0970836667129683,3.973509766630647,-0.4437691680405904,1.325265812017994
95.0,110.0,130.0507354736328,-0.0395519804912095,2.666780037751728,-4.116966574252944,-3.680352000305452,-1.9265063143783936,1.338483897534363,-0.0970836610414297,3.973509882411508,-0.4437647029519798,1.3252658031665814
95.0,110.0,130.0507354736328,-0.0395717986499515,2.6667799883190275,-4.116956930095121,-3.6803605176538112,-1.9265198864383009,1.338483907743648,-0.0970836666356164,3.97350997838072,-0.4437609687268979,1.3252658118388647
95.0,110.0,130.0507354736328,-0.0395717489695305,2.6667799931396794,-4.116956930071756,-3.6803518871473697,-1.9265198864383009,1.3384839079795487,-0.0970836609948151,3.973510101693964,-0.4437646213625862,1.3252658030330973
95.0,110.0,130.0507354736328,-0.0395720716824623,2.666779988298051,-4.1169637711949365,-3.6803664750474185,-1.9264908507016667,1.3384839076784,-0.0970836571564589,3.9735098808596696,-0.4437802564591883,1.3252658129415718
95.0,110.0,130.0507354736328,-0.0395703592472045,2.666779987819868,-4.116966496431754,-3.680356433429642,-1.9264821049874432,1.338483894900614,-0.0970836667129683,3.973509766630647,-0.4437691680405904,1.325265812017994
95.0,110.0,130.0507354736328,-0.0395720716824623,2.666779988298051,-4.1169637711949365,-3.6803664750474185,-1.9264908507016667,1.3384839076784,-0.0970836571564589,3.9735098808596696,-0.4437802564591883,1.3252658129415718
95.0,110.0,130.0507354736328,-0.039551913771061,2.6667800378314346,-4.116966639126822,-3.680352000305452,-1.9265190617987968,1.3384838977234694,-0.0970836610422824,3.973509881933973,-0.4437646216195297,1.3252658031665814
95.0,110.0,130.0507354736328,-0.0395717986499515,2.666780038234541,-4.116957099871232,-3.6803601295367536,-1.9265071987846405,1.3384839078900688,-0.0970836666356164,3.97350997838072,-0.4437609687268979,1.3252658125307206
95.0,110.0,130.0507354736328,-0.0395717489695305,2.666779992903141,-4.116957332247815,-3.6803518871473697,-1.9265198864383009,1.3384839079795487,-0.0970836609948151,3.973510101693964,-0.4437646213625862,1.325265803015487
95.0,110.0,130.0507354736328,-0.0395498994854672,2.6667800388377785,-4.116966634260425,-3.680352000305452,-1.9265190617987968,1.3384838977234694,-0.0970836610422824,3.973510091970247,-0.4437646216195297,1.3252658031665814
95.0,110.0,130.0507354736328,-0.0395718015936951,2.666780037653673,-4.11695815165176,-3.680373740895968,-1.9264891665915649,1.3384839078433466,-0.0970836572310991,3.973509980173572,-0.4437645763500952,1.3252658119323857
95.0,110.0,130.0507354736328,-0.0395498994854672,2.6667800330002804,-4.116966633830982,-3.680352000305452,-1.9265190617987968,1.3384838977234694,-0.0970836665084798,3.973509873989594,-0.443764618705164,1.3252658031665814
95.0,110.0,130.0507354736328,-0.0395717489695305,2.6667799883190275,-4.116956930071756,-3.680360736714288,-1.9265198864383009,1.3384839087754463,-0.0970836666376821,3.973510101920167,-0.4437609687268979,1.325265812174907
95.0,110.0,130.0507354736328,-0.0395718015936951,2.666780037653673,-4.11695815165176,-3.680373740895968,-1.9264891665915649,1.3384839078433466,-0.0970836572310991,3.973509980173572,-0.4437645763500952,1.3252658119323857
95.0,110.0,130.0507354736328,-0.0395720716824623,2.666779988271582,-4.116963784304128,-3.68035654014036,-1.926484890709541,1.3384839079230584,-0.0970836570635291,3.973509768053524,-0.4437692680466533,1.325265811838197
95.0,110.0,130.0507354736328,-0.0395702842255308,2.666779993068056,-4.116956930071756,-3.680360736714288,-1.9265198864383009,1.3384839078629909,-0.0970836609948151,3.973510108757938,-0.4437645314546183,1.325265811903
95.0,111.0,130.0507049560547,-0.0395643978215827,2.666779991617088,-4.116957390277403,-3.6803622598040864,-1.9264590239387869,1.33848389415313,-0.0970836571873515,3.973509878923773,-0.4437608576596525,1.325265803131739
95.0,111.0,130.0507049560547,-0.0395643978215827,2.666779991617088,-4.116957462409252,-3.6803623387232425,-1.9264590239387869,1.33848389415313,-0.0970836571873515,3.973509878923773,-0.4437646021506498,1.3252658031720077
95.0,111.0,130.0507049560547,-0.0395521864528799,2.666779988915282,-4.116957807681487,-3.680358366796586,-1.9264585109118089,1.3384838975357731,-0.0970836610414297,3.973509882411508,-0.4437645763500952,1.3252658031665814
95.0,111.0,130.0507049560547,-0.0395645085554778,2.666779991617088,-4.11695649112566,-3.6803623387232425,-1.9264593530193943,1.33848389415313,-0.0970836571873515,3.9735098827493416,-0.443764427250458,1.3252658120897691
95.0,111.0,130.0507049560547,-0.0395521985895971,2.666779988915282,-4.116966463743941,-3.680358366796586,-1.9264585109118089,1.3384838975357731,-0.0970836610414297,3.973509882411508,-0.4437645746851206,1.3252658031665814
95.0,111.0,130.0507049560547,-0.0395643978215827,2.666779991617088,-4.116957462409252,-3.680352096147171,-1.9264580888014204,1.33848389415313,-0.0970836567411316,3.973509878923773,-0.4437609161271679,1.3252658031720077
95.0,111.0,130.0507049560547,-0.0395521985895971,2.666779988915282,-4.116966463743941,-3.680358366796586,-1.9264585109118089,1.3384838975357731,-0.0970836610414297,3.973509882411508,-0.4437645746851206,1.3252658031665814
95.0,111.0,130.0507049560547,-0.0395497611668766,2.6667799883192496,-4.1169569000568265,-3.6803441576819167,-1.9264830796140868,1.3384839079905435,-0.0970836667129683,3.973509889397808,-0.443760925368738,1.3252658029962272
95.0,111.0,130.0507049560547,-0.0395643978215827,2.666779991617088,-4.116957462409252,-3.680352096147171,-1.9264590211498864,1.33848389415313,-0.0970836567411316,3.973509878923773,-0.4437609161271679,1.3252658031314055
95.0,111.0,130.0507049560547,-0.0395499382994376,2.666780037786213,-4.116966619259128,-3.680352000305452,-1.92646100079703,1.338483897720352,-0.0970836610414297,3.9735097675291313,-0.4437645770130765,1.3252658031665814
95.0,111.0,130.0507049560547,-0.0395645085554778,2.666779991593061,-4.11695649112566,-3.6803623387232425,-1.9264593530193943,1.33848389415313,-0.0970836572630083,3.9735100985112894,-0.443764427250458,1.325265812172996
95.0,111.0,130.05072021484375,-0.0395498994854672,2.666780037786213,-4.116966574252944,-3.680352000305452,-1.9264919625941,1.3384838977234694,-0.0970836610414297,3.973509882411508,-0.4437646212838012,1.3252658031665814
95.0,111.0,130.05072021484375,-0.0395498994854672,2.666780037786213,-4.116966634260425,-3.680352000305452,-1.9264919625941,1.3384838977234694,-0.0970836610414297,3.973509877876689,-0.4437646212838012,1.3252658031665814
95.0,111.0,130.05072021484375,-0.0395498994854672,2.6667800330371847,-4.116966574252944,-3.680352000305452,-1.9264919625941,1.3384838977234694,-0.0970836666842967,3.973509882411508,-0.4437609883213646,1.3252658031665814
95.0,111.0,130.05072021484375,-0.0395701522148865,2.6667799883719714,-4.116966574252944,-3.680343835214047,-1.9264821049874432,1.338483894900614,-0.0970836667129683,3.9735097648360425,-0.4437691365876411,1.325265812017994
95.0,111.0,130.05072021484375,-0.039551786771311,2.666780037749229,-4.116957094738784,-3.6803512350846734,-1.926507561576399,1.338483897536013,-0.0970836610414297,3.973509882411508,-0.4437609890146122,1.3252658031665814
95.0,111.0,130.05072021484375,-0.0395505367562433,2.666780041538113,-4.116959156252758,-3.680352127567677,-1.9265084945162303,1.338483893045037,-0.0970836572569809,3.9735098818843166,-0.4437692289678471,1.3252658248455222
95.0,111.0,130.05072021484375,-0.0395701522148865,2.6667799883719714,-4.116966574252944,-3.680343835214047,-1.9264821049874432,1.338483894900614,-0.0970836667129683,3.9735097648360425,-0.4437691365876411,1.325265812017994
95.0,111.0,130.05072021484375,-0.0395518793055055,2.666779988888355,-4.116957094738784,-3.6803465499019055,-1.926493539433876,1.3384838975356117,-0.0970836610414297,3.973509882411508,-0.4437609039264431,1.3252658031665814
95.0,111.0,130.05072021484375,-0.0395498994854672,2.6667800330371847,-4.116966574252944,-3.680352000305452,-1.9264908093195137,1.3384838977234694,-0.0970836666842967,3.973510097014211,-0.4437610829284923,1.3252658031665814
95.0,111.0,130.05072021484375,-0.0395701522148865,2.666779988371195,-4.116966574252944,-3.680343835214047,-1.9264830796140868,1.338483894900614,-0.0970836667129683,3.9735097648360425,-0.4437691365876411,1.325265812017994
95.0,111.0,130.05072021484375,-0.039549951384095,2.666780041538113,-4.116959404510418,-3.680352127567677,-1.9265084945162303,1.3384839076648205,-0.0970836571563579,3.973509883354171,-0.4437686299511305,1.3252658248455222
95.0,111.0,130.05072021484375,-0.0395498994854672,2.666780037786213,-4.116966502121096,-3.680351921386297,-1.9264919625941,1.3384838977234694,-0.0970836610414297,3.973509882411508,-0.443760876792804,1.3252658031263127
95.0,111.0,130.05072021484375,-0.0395720716824623,2.666779988298051,-4.1169637711949365,-3.680352190346397,-1.9264911020596729,1.3384839076784,-0.0970836571564589,3.973509882382558,-0.4437655298580814,1.3252658117770295
95.0,111.0,130.05072021484375,-0.0395701522148865,2.6667799883719714,-4.116966574252944,-3.680343835214047,-1.9264821049874432,1.338483894900614,-0.0970836667129683,3.9735097648360425,-0.4437691365876411,1.325265812017994
95.0,111.0,130.05072021484375,-0.0395703592472045,2.666779987819868,-4.116965791333363,-3.680356433429642,-1.9264821049874432,1.3384838956420555,-0.0970836667129683,3.973509766630647,-0.4437691680405904,1.32526581184589
95.0,111.0,130.05072021484375,-0.0395497611668766,2.666779988371195,-4.116966574252944,-3.6803441576819167,-1.9264830796140868,1.338483894900614,-0.0970836667129683,3.973509889397808,-0.4437691365876411,1.3252658029962272
95.0,111.0,130.05072021484375,-0.0395498994854672,2.666780041459277,-4.116959465471264,-3.680352000305452,-1.9265085846185948,1.3384838977234694,-0.0970836571763932,3.973510080270736,-0.4437646216195297,1.3252658031665814
95.0,111.0,130.05072021484375,-0.0395519683544923,2.666780037751728,-4.116957918190492,-3.680352000305452,-1.9265063143783936,1.338483897534363,-0.0970836610414297,3.973509882411508,-0.4437647046169544,1.3252658031665814
95.0,111.0,130.05072021484375,-0.0395498994854672,2.666780037786213,-4.116966619259128,-3.680352000305452,-1.9264919625941,1.3384838977234694,-0.0970836610414297,3.9735097675291313,-0.4437646212838012,1.3252658031665814
95.0,111.0,130.05072021484375,-0.0395716169588861,2.666779988371195,-4.116966574252944,-3.680343835214047,-1.9264830796140868,1.338483895017172,-0.0970836667129683,3.9735097648360425,-0.4437692068223573,1.325265812017994
95.0,111.0,130.05072021484375,-0.0395498994854672,2.6667800330371847,-4.116966574252944,-3.680352000305452,-1.9264909446936465,1.3384838977234694,-0.0970836666842967,3.973510095540412,-0.4437609935329079,1.3252658031665814
95.0,111.0,130.05072021484375,-0.0395701522148865,2.6667799883719714,-4.11695936028517,-3.680343835214047,-1.9264813209697715,1.3384838949149946,-0.0970836667129683,3.973509884264471,-0.443769135338876,1.325265812017994
95.0,111.0,130.05072021484375,-0.0395505297888237,2.66678004078599,-4.116966574252944,-3.680343902477867,-1.9264815190529243,1.338483897473748,-0.0970836667129683,3.97350988359376,-0.4437645424282853,1.325265812017994
95.0,111.0,130.05072021484375,-0.039549951384095,2.666780041538113,-4.116959306148909,-3.680343852681597,-1.926509109196081,1.3384839076648205,-0.0970836571563579,3.973509883356311,-0.4437686299511305,1.3252658118693952
95.0,111.0,130.05072021484375,-0.0395701522148865,2.666779988371195,-4.116966574252944,-3.680343835214047,-1.9264830796140868,1.338483894900614,-0.0970836667129683,3.9735097648360425,-0.4437691365876411,1.325265812017994
95.0,111.0,130.05072021484375,-0.0395643978215827,2.666779991617088,-4.116957462409252,-3.680361927657442,-1.9264938981232376,1.3384838941783432,-0.0970836571873515,3.973509878923773,-0.4437646202970223,1.3252658031720077
95.0,111.0,130.05072021484375,-0.0395505297888237,2.666780037791485,-4.116966634675248,-3.680343902477867,-1.9264815190529243,1.338483897473748,-0.0970836667456506,3.97350988359376,-0.4437646249426492,1.325265803315394
95.0,111.0,130.05072021484375,-0.0395509021935333,2.6667800330371847,-4.116966574252944,-3.680353990179552,-1.9264891636560064,1.3384838977234694,-0.0970836571863696,3.973510097022102,-0.4437609935329079,1.3252658031665814
95.0,111.0,130.05072021484375,-0.0395505297888237,2.66678004078599,-4.116966672614454,-3.680352177363946,-1.926480904373073,1.338483897473748,-0.0970836667129683,3.97350988359162,-0.4437645424282853,1.3252658249941214
95.0,111.0,130.05072021484375,-0.0395505367562433,2.666780041538113,-4.116959156252758,-3.680352127567677,-1.9265084945162303,1.338483893045037,-0.0970836572569809,3.9735098818843166,-0.4437692289678471,1.3252658248455222
95.0,111.0,130.05072021484375,-0.039551786771311,2.666780037752036,-4.116957127788829,-3.6803512350846734,-1.926506317653809,1.3384838975360371,-0.0970836610414297,3.973509882411508,-0.4437609890146122,1.3252658031665814
95.0,111.0,130.05072021484375,-0.0395498994854672,2.666780037786213,-4.116966502121096,-3.6803521143684295,-1.9264821583695315,1.3384838977234694,-0.0970836610414297,3.973509883838567,-0.443760876792804,1.3252658031263127
95.0,111.0,130.0507354736328,-0.0395717489695305,2.6667799883190275,-4.116956930071756,-3.680360736714288,-1.9265198864383009,1.3384839079795487,-0.0970836666376821,3.973510108757938,-0.4437609687268979,1.325265811903
95.0,111.0,130.0507354736328,-0.0395717489695305,2.666779993068056,-4.116956930071756,-3.680360736714288,-1.9265198864383009,1.3384839079795487,-0.0970836609948151,3.973510108757938,-0.4437646016893344,1.325265811903
95.0,111.0,130.0507354736328,-0.0395717489695305,2.6667799883190275,-4.116956930071756,-3.680360736714288,-1.9265198864383009,1.3384839087754463,-0.0970836666376821,3.973510101920167,-0.4437609687268979,1.325265812174907
95.0,111.0,130.0507354736328,-0.0395498994854672,2.6667800388377785,-4.116966634260425,-3.680352000305452,-1.9265190617987968,1.3384838977234694,-0.0970836610422824,3.973510091970247,-0.4437646216195297,1.3252658031665814
95.0,111.0,130.0507354736328,-0.0395703592472045,2.666779987819868,-4.116966496431754,-3.680356433429642,-1.9264821049874432,1.338483894900614,-0.0970836667129683,3.973509766630647,-0.4437691680405904,1.325265812017994
95.0,111.0,130.0507354736328,-0.0395519804912095,2.666780037751728,-4.116966574252944,-3.680352000305452,-1.9265063143783936,1.338483897534363,-0.0970836610414297,3.973509882411508,-0.4437647029519798,1.3252658031665814
95.0,111.0,130.0507354736328,-0.0395717986499515,2.6667799883190275,-4.116956930095121,-3.6803605176538112,-1.9265198864383009,1.338483907743648,-0.0970836666356164,3.97350997838072,-0.4437609687268979,1.3252658118388647
95.0,112.0,130.0507049560547,-0.0395643978215827,2.666779991617088,-4.116957390277403,-3.6803622598040864,-1.9264590239387869,1.33848389415313,-0.0970836571873515,3.973509878923773,-0.4437608576596525,1.325265803131739
95.0,112.0,130.0507049560547,-0.0395643978215827,2.666779991617088,-4.116957462409252,-3.6803623387232425,-1.9264590239387869,1.33848389415313,-0.0970836571873515,3.973509878923773,-0.4437646021506498,1.3252658031720077
95.0,112.0,130.0507049560547,-0.0395521864528799,2.666779988915282,-4.116957807681487,-3.680358366796586,-1.9264585109118089,1.3384838975357731,-0.0970836610414297,3.973509882411508,-0.4437645763500952,1.3252658031665814
95.0,112.0,130.0507049560547,-0.0395645085554778,2.666779991617088,-4.11695649112566,-3.6803623387232425,-1.9264593530193943,1.33848389415313,-0.0970836571873515,3.9735098827493416,-0.443764427250458,1.3252658120897691
95.0,112.0,130.0507049560547,-0.0395521985895971,2.666779988915282,-4.116966463743941,-3.680358366796586,-1.9264585109118089,1.3384838975357731,-0.0970836610414297,3.973509882411508,-0.4437645746851206,1.3252658031665814
95.0,112.0,130.0507049560547,-0.0395643978215827,2.666779991617088,-4.116957462409252,-3.680352096147171,-1.9264580888014204,1.33848389415313,-0.0970836567411316,3.973509878923773,-0.4437609161271679,1.3252658031720077
95.0,112.0,130.0507049560547,-0.0395521985895971,2.666779988915282,-4.116966463743941,-3.680358366796586,-1.9264585109118089,1.3384838975357731,-0.0970836610414297,3.973509882411508,-0.4437645746851206,1.3252658031665814
95.0,112.0,130.0507049560547,-0.0395497611668766,2.6667799883192496,-4.1169569000568265,-3.6803441576819167,-1.9264830796140868,1.3384839079905435,-0.0970836667129683,3.973509889397808,-0.443760925368738,1.3252658029962272
95.0,112.0,130.0507049560547,-0.0395643978215827,2.666779991617088,-4.116957462409252,-3.680352096147171,-1.9264590211498864,1.33848389415313,-0.0970836567411316,3.973509878923773,-0.4437609161271679,1.3252658031314055
95.0,112.0,130.0507049560547,-0.0395499382994376,2.666780037786213,-4.116966619259128,-3.680352000305452,-1.92646100079703,1.338483897720352,-0.0970836610414297,3.9735097675291313,-0.4437645770130765,1.3252658031665814
95.0,112.0,130.0507049560547,-0.0395645085554778,2.666779991593061,-4.11695649112566,-3.6803623387232425,-1.9264593530193943,1.33848389415313,-0.0970836572630083,3.9735100985112894,-0.443764427250458,1.325265812172996
95.0,112.0,130.0507049560547,-0.0395521985895971,2.666779988316812,-4.116966463743941,-3.680357920047407,-1.9264585109118089,1.33848389742489,-0.0970836610414297,3.973509882411508,-0.4437645746851206,1.3252658031665814
95.0,112.0,130.0507049560547,-0.0395645085554778,2.666779991617088,-4.11695649112566,-3.6803623387232425,-1.9264593530193943,1.33848389415313,-0.0970836571873515,3.9735098827493416,-0.443764427250458,1.32526581208854
95.0,112.0,130.0507049560547,-0.039564849170423,2.666779991617088,-4.116957462409252,-3.680352096147171,-1.926459025794981,1.3384838941286694,-0.0970836611136738,3.973509878800921,-0.4437609161271679,1.3252658031314055
95.0,112.0,130.0507049560547,-0.0395643978215827,2.666779991617088,-4.116957462409252,-3.680352096147171,-1.9264590211498864,1.33848389415313,-0.0970836567411316,3.973509878923773,-0.4437609161271679,1.3252658031314055
95.0,112.0,130.0507049560547,-0.0395643877290175,2.666779991791117,-4.116957488350543,-3.6803623387232425,-1.9264590239387869,1.3384838950047755,-0.0970836665879961,3.973509878923773,-0.4437646021506498,1.3252658120557246
95.0,112.0,130.0507049560547,-0.0395643978215827,2.666779991617088,-4.11695761995014,-3.680351979048179,-1.9264587532999773,1.33848389415313,-0.0970836571873515,3.973509878915612,-0.4437608115079382,1.325265803131739
95.0,112.0,130.0507049560547,-0.0395497611668766,2.66677998891772,-4.1169569000568265,-3.680344604431096,-1.9264830796140868,1.338483908101427,-0.0970836667129683,3.973509889397808,-0.443760925368738,1.3252658029962272
95.0,112.0,130.0507049560547,-0.0395643978215827,2.666779991617088,-4.116957462409252,-3.680352230737955,-1.9264590239387869,1.33848389415313,-0.0970836567550394,3.973509878923773,-0.4437608752008952,1.3252658031720077
95.0,112.0,130.0507049560547,-0.0395498818749286,2.666780037786213,-4.116966574252944,-3.680352068620305,-1.926458748182266,1.3384838977274969,-0.0970836610414297,3.973509882411508,-0.4437646212838012,1.3252658031665814
95.0,112.0,130.0507049560547,-0.0395520265835603,2.666779988915282,-4.116959294033928,-3.680358472470585,-1.9264585952968605,1.3384838968368042,-0.0970836610414297,3.973509882411508,-0.4437645763500952,1.3252658031665814
95.0,112.0,130.0507049560547,-0.0395499382994376,2.666779987972626,-4.116966619259128,-3.680344090284559,-1.9264606604094832,1.3384838948458406,-0.0970836610596099,3.9735097675291313,-0.4437645770130765,1.3252658031665814
95.0,112.0,130.0507049560547,-0.0395645085554778,2.666779991617088,-4.11695649112566,-3.6803623387232425,-1.9264593530193943,1.338483897603008,-0.0970836571873515,3.973510080535792,-0.443764427250458,1.3252658120897691
95.0,112.0,130.05072021484375,-0.0395498994854672,2.666780037786213,-4.116966574252944,-3.680352000305452,-1.9264919625941,1.3384838977234694,-0.0970836610414297,3.973509882411508,-0.4437646212838012,1.3252658031665814
95.0,112.0,130.05072021484375,-0.0395498994854672,2.666780037786213,-4.116966634260425,-3.680352000305452,-1.9264919625941,1.3384838977234694,-0.0970836610414297,3.973509877876689,-0.4437646212838012,1.3252658031665814
95.0,112.0,130.05072021484375,-0.0395498994854672,2.6667800330371847,-4.116966574252944,-3.680352000305452,-1.9264919625941,1.3384838977234694,-0.0970836666842967,3.973509882411508,-0.4437609883213646,1.3252658031665814
95.0,112.0,130.05072021484375,-0.0395701522148865,2.6667799883719714,-4.116966574252944,-3.680343835214047,-1.9264821049874432,1.338483894900614,-0.0970836667129683,3.9735097648360425,-0.4437691365876411,1.325265812017994
95.0,112.0,130.05072021484375,-0.039551786771311,2.666780037749229,-4.116957094738784,-3.6803512350846734,-1.926507561576399,1.338483897536013,-0.0970836610414297,3.973509882411508,-0.4437609890146122,1.3252658031665814
95.0,112.0,130.05072021484375,-0.0395505367562433,2.666780041538113,-4.116959156252758,-3.680352127567677,-1.9265084945162303,1.338483893045037,-0.0970836572569809,3.9735098818843166,-0.4437692289678471,1.3252658248455222
95.0,112.0,130.05072021484375,-0.0395701522148865,2.6667799883719714,-4.116966574252944,-3.680343835214047,-1.9264821049874432,1.338483894900614,-0.0970836667129683,3.9735097648360425,-0.4437691365876411,1.325265812017994
95.0,112.0,130.05072021484375,-0.0395518793055055,2.666779988888355,-4.116957094738784,-3.6803465499019055,-1.926493539433876,1.3384838975356117,-0.0970836610414297,3.973509882411508,-0.4437609039264431,1.3252658031665814
95.0,112.0,130.05072021484375,-0.0395498994854672,2.6667800330371847,-4.116966574252944,-3.680352000305452,-1.9264908093195137,1.3384838977234694,-0.0970836666842967,3.973510097014211,-0.4437610829284923,1.3252658031665814
95.0,112.0,130.05072021484375,-0.0395701522148865,2.666779988371195,-4.116966574252944,-3.680343835214047,-1.9264830796140868,1.338483894900614,-0.0970836667129683,3.9735097648360425,-0.4437691365876411,1.325265812017994
95.0,112.0,130.05072021484375,-0.039549951384095,2.666780041538113,-4.116959404510418,-3.680352127567677,-1.9265084945162303,1.3384839076648205,-0.0970836571563579,3.973509883354171,-0.4437686299511305,1.3252658248455222
95.0,112.0,130.05072021484375,-0.0395498994854672,2.666780037786213,-4.116966502121096,-3.680351921386297,-1.9264919625941,1.3384838977234694,-0.0970836610414297,3.973509882411508,-0.443760876792804,1.3252658031263127
95.0,112.0,130.05072021484375,-0.0395720716824623,2.666779988298051,-4.1169637711949365,-3.680352190346397,-1.9264911020596729,1.3384839076784,-0.0970836571564589,3.973509882382558,-0.4437655298580814,1.3252658117770295
95.0,112.0,130.05072021484375,-0.0395701522148865,2.6667799883719714,-4.116966574252944,-3.680343835214047,-1.9264821049874432,1.338483894900614,-0.0970836667129683,3.9735097648360425,-0.4437691365876411,1.325265812017994
95.0,112.0,130.05072021484375,-0.0395703592472045,2.666779987819868,-4.116965791333363,-3.680356433429642,-1.9264821049874432,1.3384838956420555,-0.0970836667129683,3.973509766630647,-0.4437691680405904,1.32526581184589
95.0,112.0,130.05072021484375,-0.0395497611668766,2.666779988371195,-4.116966574252944,-3.6803441576819167,-1.9264830796140868,1.338483894900614,-0.0970836667129683,3.973509889397808,-0.4437691365876411,1.3252658029962272
95.0,112.0,130.05072021484375,-0.0395498994854672,2.666780041459277,-4.116959465471264,-3.680352000305452,-1.9265085846185948,1.3384838977234694,-0.0970836571763932,3.973510080270736,-0.4437646216195297,1.3252658031665814
95.0,112.0,130.05072021484375,-0.0395519683544923,2.666780037751728,-4.116957918190492,-3.680352000305452,-1.9265063143783936,1.338483897534363,-0.0970836610414297,3.973509882411508,-0.4437647046169544,1.3252658031665814
95.0,112.0,130.05072021484375,-0.0395498994854672,2.666780037786213,-4.116966619259128,-3.680352000305452,-1.9264919625941,1.3384838977234694,-0.0970836610414297,3.9735097675291313,-0.4437646212838012,1.3252658031665814
95.0,112.0,130.05072021484375,-0.0395716169588861,2.666779988371195,-4.116966574252944,-3.680343835214047,-1.9264830796140868,1.338483895017172,-0.0970836667129683,3.9735097648360425,-0.4437692068223573,1.325265812017994
95.0,112.0,130.05072021484375,-0.0395498994854672,2.6667800330371847,-4.116966574252944,-3.680352000305452,-1.9264909446936465,1.3384838977234694,-0.0970836666842967,3.973510095540412,-0.4437609935329079,1.3252658031665814
95.0,112.0,130.05072021484375,-0.0395701522148865,2.6667799883719714,-4.11695936028517,-3.680343835214047,-1.9264813209697715,1.3384838949149946,-0.0970836667129683,3.973509884264471,-0.443769135338876,1.325265812017994
95.0,112.0,130.05072021484375,-0.0395505297888237,2.66678004078599,-4.116966574252944,-3.680343902477867,-1.9264815190529243,1.338483897473748,-0.0970836667129683,3.97350988359376,-0.4437645424282853,1.325265812017994
95.0,112.0,130.05072021484375,-0.039549951384095,2.666780041538113,-4.116959306148909,-3.680343852681597,-1.926509109196081,1.3384839076648205,-0.0970836571563579,3.973509883356311,-0.4437686299511305,1.3252658118693952
95.0,112.0,130.05072021484375,-0.0395701522148865,2.666779988371195,-4.116966574252944,-3.680343835214047,-1.9264830796140868,1.338483894900614,-0.0970836667129683,3.9735097648360425,-0.4437691365876411,1.325265812017994
95.0,112.0,130.05072021484375,-0.0395643978215827,2.666779991617088,-4.116957462409252,-3.680361927657442,-1.9264938981232376,1.3384838941783432,-0.0970836571873515,3.973509878923773,-0.4437646202970223,1.3252658031720077
95.0,112.0,130.05072021484375,-0.0395505297888237,2.666780037791485,-4.116966634675248,-3.680343902477867,-1.9264815190529243,1.338483897473748,-0.0970836667456506,3.97350988359376,-0.4437646249426492,1.325265803315394
95.0,113.0,130.0507049560547,-0.0395643978215827,2.666779991617088,-4.116957390277403,-3.6803622598040864,-1.9264590239387869,1.33848389415313,-0.0970836571873515,3.973509878923773,-0.4437608576596525,1.325265803131739
95.0,113.0,130.0507049560547,-0.0395643978215827,2.666779991617088,-4.116957462409252,-3.6803623387232425,-1.9264590239387869,1.33848389415313,-0.0970836571873515,3.973509878923773,-0.4437646021506498,1.3252658031720077
95.0,113.0,130.0507049560547,-0.0395521864528799,2.666779988915282,-4.116957807681487,-3.680358366796586,-1.9264585109118089,1.3384838975357731,-0.0970836610414297,3.973509882411508,-0.4437645763500952,1.3252658031665814
95.0,113.0,130.0507049560547,-0.0395645085554778,2.666779991617088,-4.11695649112566,-3.6803623387232425,-1.9264593530193943,1.33848389415313,-0.0970836571873515,3.9735098827493416,-0.443764427250458,1.3252658120897691
95.0,113.0,130.0507049560547,-0.0395521985895971,2.666779988915282,-4.116966463743941,-3.680358366796586,-1.9264585109118089,1.3384838975357731,-0.0970836610414297,3.973509882411508,-0.4437645746851206,1.3252658031665814
95.0,113.0,130.0507049560547,-0.0395643978215827,2.666779991617088,-4.116957462409252,-3.680352096147171,-1.9264580888014204,1.33848389415313,-0.0970836567411316,3.973509878923773,-0.4437609161271679,1.3252658031720077
95.0,113.0,130.0507049560547,-0.0395521985895971,2.666779988915282,-4.116966463743941,-3.680358366796586,-1.9264585109118089,1.3384838975357731,-0.0970836610414297,3.973509882411508,-0.4437645746851206,1.3252658031665814
95.0,113.0,130.0507049560547,-0.0395497611668766,2.6667799883192496,-4.1169569000568265,-3.6803441576819167,-1.9264830796140868,1.3384839079905435,-0.0970836667129683,3.973509889397808,-0.443760925368738,1.3252658029962272
95.0,113.0,130.0507049560547,-0.0395643978215827,2.666779991617088,-4.116957462409252,-3.680352096147171,-1.9264590211498864,1.33848389415313,-0.0970836567411316,3.973509878923773,-0.4437609161271679,1.3252658031314055
95.0,113.0,130.0507049560547,-0.0395499382994376,2.666780037786213,-4.116966619259128,-3.680352000305452,-1.92646100079703,1.338483897720352,-0.0970836610414297,3.9735097675291313,-0.4437645770130765,1.3252658031665814
95.0,113.0,130.0507049560547,-0.0395645085554778,2.666779991593061,-4.11695649112566,-3.6803623387232425,-1.9264593530193943,1.33848389415313,-0.0970836572630083,3.9735100985112894,-0.443764427250458,1.325265812172996
95.0,113.0,130.0507049560547,-0.0395521985895971,2.666779988316812,-4.116966463743941,-3.680357920047407,-1.9264585109118089,1.33848389742489,-0.0970836610414297,3.973509882411508,-0.4437645746851206,1.3252658031665814
95.0,113.0,130.0507049560547,-0.0395645085554778,2.666779991617088,-4.11695649112566,-3.6803623387232425,-1.9264593530193943,1.33848389415313,-0.0970836571873515,3.9735098827493416,-0.443764427250458,1.32526581208854
95.0,113.0,130.0507049560547,-0.039564849170423,2.666779991617088,-4.116957462409252,-3.680352096147171,-1.926459025794981,1.3384838941286694,-0.0970836611136738,3.973509878800921,-0.4437609161271679,1.3252658031314055
95.0,113.0,130.0507049560547,-0.0395643978215827,2.666779991617088,-4.116957462409252,-3.680352096147171,-1.9264590211498864,1.33848389415313,-0.0970836567411316,3.973509878923773,-0.4437609161271679,1.3252658031314055
95.0,113.0,130.0507049560547,-0.0395643877290175,2.666779991791117,-4.116957488350543,-3.6803623387232425,-1.9264590239387869,1.3384838950047755,-0.0970836665879961,3.973509878923773,-0.4437646021506498,1.3252658120557246
95.0,113.0,130.0507049560547,-0.0395643978215827,2.666779991617088,-4.11695761995014,-3.680351979048179,-1.9264587532999773,1.33848389415313,-0.0970836571873515,3.973509878915612,-0.4437608115079382,1.325265803131739
95.0,113.0,130.0507049560547,-0.0395497611668766,2.66677998891772,-4.1169569000568265,-3.680344604431096,-1.9264830796140868,1.338483908101427,-0.0970836667129683,3.973509889397808,-0.443760925368738,1.3252658029962272
95.0,113.0,130.0507049560547,-0.0395643978215827,2.666779991617088,-4.116957462409252,-3.680352230737955,-1.9264590239387869,1.33848389415313,-0.0970836567550394,3.973509878923773,-0.4437608752008952,1.3252658031720077
95.0,113.0,130.0507049560547,-0.0395498818749286,2.666780037786213,-4.116966574252944,-3.680352068620305,-1.926458748182266,1.3384838977274969,-0.0970836610414297,3.973509882411508,-0.4437646212838012,1.3252658031665814
95.0,113.0,130.0507049560547,-0.0395520265835603,2.666779988915282,-4.116959294033928,-3.680358472470585,-1.9264585952968605,1.3384838968368042,-0.0970836610414297,3.973509882411508,-0.4437645763500952,1.3252658031665814
95.0,113.0,130.0507049560547,-0.0395499382994376,2.666779987972626,-4.116966619259128,-3.680344090284559,-1.9264606604094832,1.3384838948458406,-0.0970836610596099,3.9735097675291313,-0.4437645770130765,1.3252658031665814
95.0,113.0,130.0507049560547,-0.0395645085554778,2.666779991617088,-4.11695649112566,-3.6803623387232425,-1.9264593530193943,1.338483897603008,-0.0970836571873515,3.973510080535792,-0.443764427250458,1.3252658120897691
95.0,113.0,130.0507049560547,-0.0395632503907678,2.666779988739953,-4.116959237615167,-3.680358472470585,-1.9264585952968605,1.3384838941622423,-0.0970836609236914,3.973509878668074,-0.4437645763500952,1.3252658031309033
95.0,113.0,130.0507049560547,-0.0395497611668766,2.666779988323028,-4.1169569000568265,-3.680344602671716,-1.9264830796140868,1.3384839079924404,-0.0970836667129683,3.973509889397808,-0.443760925368738,1.3252658029962272
95.0,113.0,130.0507049560547,-0.0395643978215827,2.666779991617088,-4.116957462409252,-3.680352096147171,-1.9264589945739632,1.33848389415313,-0.0970836567411316,3.973509878923773,-0.4437609161271679,1.3252658031314055
95.0,113.0,130.0507049560547,-0.0395643865030573,2.666779991617088,-4.116956492010631,-3.680361882085375,-1.92645977424235,1.3384838944406865,-0.0970836571873515,3.9735098827493416,-0.443764427250458,1.3252658120897691
95.0,113.0,130.0507049560547,-0.0395522073794609,2.6667799879706857,-4.1169666146818775,-3.680344090284559,-1.9264605852033767,1.3384838948076092,-0.0970836610590012,3.9735097675291313,-0.4437645770130765,1.3252658031665814
95.0,113.0,130.0507049560547,-0.0395645085554778,2.666779991593061,-4.11695649112566,-3.6803623387232425,-1.9264593530193943,1.33848389415313,-0.0970836572630083,3.9735100985112894,-0.443764427250458,1.325265812172996
95.0,113.0,130.0507049560547,-0.0395497611668766,2.666779988913942,-4.1169569000568265,-3.680344159441297,-1.9264830796140868,1.33848390809953,-0.0970836667129683,3.973509889397808,-0.443760925368738,1.3252658029962272
95.0,113.0,130.0507049560547,-0.0395643978215827,2.666779991617088,-4.116956439423115,-3.6803623387232425,-1.9264590347569583,1.33848389415313,-0.097083657195397,3.9735101032290094,-0.4437644263459382,1.3252658031720077
95.0,113.0,130.0507049560547,-0.0395510825523641,2.6667799883719714,-4.116966574252944,-3.680351338033922,-1.926463463738992,1.3384838949771996,-0.0970836667129683,3.9735097648360425,-0.4437692082255058,1.325265812017994
95.0,113.0,130.0507049560547,-0.0395647603716902,2.666779988928124,-4.116957905249751,-3.680358366796586,-1.92645849691974,1.3384838975357731,-0.0970836610414297,3.973509882411508,-0.4437646020244309,1.3252658120603735
95.0,113.0,130.0507049560547,-0.0395499295095739,2.666779988318752,-4.116966468321192,-3.680357920047407,-1.926458586117915,1.3384838974631217,-0.0970836610420385,3.973509882411508,-0.4437645746851206,1.3252658031665814
95.0,113.0,130.05072021484375,-0.0395498994854672,2.666780037786213,-4.116966574252944,-3.680352000305452,-1.9264919625941,1.3384838977234694,-0.0970836610414297,3.973509882411508,-0.4437646212838012,1.3252658031665814
95.0,113.0,130.05072021484375,-0.0395498994854672,2.666780037786213,-4.116966634260425,-3.680352000305452,-1.9264919625941,1.3384838977234694,-0.0970836610414297,3.973509877876689,-0.4437646212838012,1.3252658031665814
95.0,113.0,130.05072021484375,-0.0395498994854672,2.6667800330371847,-4.116966574252944,-3.680352000305452,-1.9264919625941,1.3384838977234694,-0.0970836666842967,3.973509882411508,-0.4437609883213646,1.3252658031665814
95.0,113.0,130.05072021484375,-0.0395701522148865,2.6667799883719714,-4.116966574252944,-3.680343835214047,-1.9264821049874432,1.338483894900614,-0.0970836667129683,3.9735097648360425,-0.4437691365876411,1.325265812017994
95.0,113.0,130.05072021484375,-0.039551786771311,2.666780037749229,-4.116957094738784,-3.6803512350846734,-1.926507561576399,1.338483897536013,-0.0970836610414297,3.973509882411508,-0.4437609890146122,1.3252658031665814
95.0,113.0,130.05072021484375,-0.0395505367562433,2.666780041538113,-4.116959156252758,-3.680352127567677,-1.9265084945162303,1.338483893045037,-0.0970836572569809,3.9735098818843166,-0.4437692289678471,1.3252658248455222
95.0,113.0,130.05072021484375,-0.0395701522148865,2.6667799883719714,-4.116966574252944,-3.680343835214047,-1.9264821049874432,1.338483894900614,-0.0970836667129683,3.9735097648360425,-0.4437691365876411,1.325265812017994
95.0,113.0,130.05072021484375,-0.0395518793055055,2.666779988888355,-4.116957094738784,-3.6803465499019055,-1.926493539433876,1.3384838975356117,-0.0970836610414297,3.973509882411508,-0.4437609039264431,1.3252658031665814
95.0,113.0,130.05072021484375,-0.0395498994854672,2.6667800330371847,-4.116966574252944,-3.680352000305452,-1.9264908093195137,1.3384838977234694,-0.0970836666842967,3.973510097014211,-0.4437610829284923,1.3252658031665814
95.0,113.0,130.05072021484375,-0.0395701522148865,2.666779988371195,-4.116966574252944,-3.680343835214047,-1.9264830796140868,1.338483894900614,-0.0970836667129683,3.9735097648360425,-0.4437691365876411,1.325265812017994
95.0,113.0,130.05072021484375,-0.039549951384095,2.666780041538113,-4.116959404510418,-3.680352127567677,-1.9265084945162303,1.3384839076648205,-0.0970836571563579,3.973509883354171,-0.4437686299511305,1.3252658248455222
95.0,113.0,130.05072021484375,-0.0395498994854672,2.666780037786213,-4.116966502121096,-3.680351921386297,-1.9264919625941,1.3384838977234694,-0.0970836610414297,3.973509882411508,-0.443760876792804,1.3252658031263127
95.0,113.0,130.05072021484375,-0.0395720716824623,2.666779988298051,-4.1169637711949365,-3.680352190346397,-1.9264911020596729,1.3384839076784,-0.0970836571564589,3.973509882382558,-0.4437655298580814,1.3252658117770295
95.0,113.0,130.05072021484375,-0.0395701522148865,2.6667799883719714,-4.116966574252944,-3.680343835214047,-1.9264821049874432,1.338483894900614,-0.0970836667129683,3.9735097648360425,-0.4437691365876411,1.325265812017994
95.0,113.0,130.05072021484375,-0.0395703592472045,2.666779987819868,-4.116965791333363,-3.680356433429642,-1.9264821049874432,1.3384838956420555,-0.0970836667129683,3.973509766630647,-0.4437691680405904,1.32526581184589
95.0,113.0,130.05072021484375,-0.0395497611668766,2.666779988371195,-4.116966574252944,-3.6803441576819167,-1.9264830796140868,1.338483894900614,-0.0970836667129683,3.973509889397808,-0.4437691365876411,1.3252658029962272
95.0,114.0,130.05068969726562,-0.0395496000710018,2.666779991617088,-4.11695649112566,-3.6803622919698697,-1.9264587565589748,1.3384838977234486,-0.0970836570099015,3.973510094567706,-0.443764427250458,1.3252658122368608
95.0,114.0,130.05068969726562,-0.0395497611668766,2.6667799887457058,-4.116959262735716,-3.680344602671716,-1.926458969644805,1.3384839076261352,-0.0970836667129683,3.973509889397808,-0.443760925368738,1.3252658030011966
95.0,114.0,130.05068969726562,-0.0395499382994376,2.666780037786213,-4.116956381632508,-3.680352000305452,-1.92646100079703,1.3384838978663465,-0.0970836610414297,3.973510103442874,-0.4437644298005058,1.3252658031665814
95.0,114.0,130.05068969726562,-0.0395521985895971,2.666779991676479,-4.11695675548119,-3.680352242959677,-1.9264585109118089,1.338483897401484,-0.0970836611102571,3.973509882411508,-0.4437645746851206,1.3252658031653166
95.0,114.0,130.05068969726562,-0.0395501650020429,2.666779987972626,-4.116956623435015,-3.6803431858360938,-1.9264593418335227,1.338483894837046,-0.0970836571815912,3.9735097675291313,-0.4437645770130765,1.3252658121046084
95.0,114.0,130.0507049560547,-0.0395643978215827,2.666779991617088,-4.116957390277403,-3.6803622598040864,-1.9264590239387869,1.33848389415313,-0.0970836571873515,3.973509878923773,-0.4437608576596525,1.325265803131739
95.0,114.0,130.0507049560547,-0.0395643978215827,2.666779991617088,-4.116957462409252,-3.6803623387232425,-1.9264590239387869,1.33848389415313,-0.0970836571873515,3.973509878923773,-0.4437646021506498,1.3252658031720077
95.0,114.0,130.0507049560547,-0.0395521864528799,2.666779988915282,-4.116957807681487,-3.680358366796586,-1.9264585109118089,1.3384838975357731,-0.0970836610414297,3.973509882411508,-0.4437645763500952,1.3252658031665814
95.0,114.0,130.0507049560547,-0.0395645085554778,2.666779991617088,-4.11695649112566,-3.6803623387232425,-1.9264593530193943,1.33848389415313,-0.0970836571873515,3.9735098827493416,-0.443764427250458,1.3252658120897691
95.0,114.0,130.0507049560547,-0.0395521985895971,2.666779988915282,-4.116966463743941,-3.680358366796586,-1.9264585109118089,1.3384838975357731,-0.0970836610414297,3.973509882411508,-0.4437645746851206,1.3252658031665814
95.0,114.0,130.0507049560547,-0.0395643978215827,2.666779991617088,-4.116957462409252,-3.680352096147171,-1.9264580888014204,1.33848389415313,-0.0970836567411316,3.973509878923773,-0.4437609161271679,1.3252658031720077
95.0,114.0,130.0507049560547,-0.0395521985895971,2.666779988915282,-4.116966463743941,-3.680358366796586,-1.9264585109118089,1.3384838975357731,-0.0970836610414297,3.973509882411508,-0.4437645746851206,1.3252658031665814
95.0,114.0,130.0507049560547,-0.0395497611668766,2.6667799883192496,-4.1169569000568265,-3.6803441576819167,-1.9264830796140868,1.3384839079905435,-0.0970836667129683,3.973509889397808,-0.443760925368738,1.3252658029962272
95.0,114.0,130.0507049560547,-0.0395643978215827,2.666779991617088,-4.116957462409252,-3.680352096147171,-1.9264590211498864,1.33848389415313,-0.0970836567411316,3.973509878923773,-0.4437609161271679,1.3252658031314055
95.0,114.0,130.0507049560547,-0.0395499382994376,2.666780037786213,-4.116966619259128,-3.680352000305452,-1.92646100079703,1.338483897720352,-0.0970836610414297,3.9735097675291313,-0.4437645770130765,1.3252658031665814
95.0,114.0,130.0507049560547,-0.0395645085554778,2.666779991593061,-4.11695649112566,-3.6803623387232425,-1.9264593530193943,1.33848389415313,-0.0970836572630083,3.9735100985112894,-0.443764427250458,1.325265812172996
95.0,114.0,130.0507049560547,-0.0395521985895971,2.666779988316812,-4.116966463743941,-3.680357920047407,-1.9264585109118089,1.33848389742489,-0.0970836610414297,3.973509882411508,-0.4437645746851206,1.3252658031665814
95.0,114.0,130.0507049560547,-0.0395645085554778,2.666779991617088,-4.11695649112566,-3.6803623387232425,-1.9264593530193943,1.33848389415313,-0.0970836571873515,3.9735098827493416,-0.443764427250458,1.32526581208854
95.0,114.0,130.0507049560547,-0.039564849170423,2.666779991617088,-4.116957462409252,-3.680352096147171,-1.926459025794981,1.3384838941286694,-0.0970836611136738,3.973509878800921,-0.4437609161271679,1.3252658031314055
95.0,114.0,130.0507049560547,-0.0395643978215827,2.666779991617088,-4.116957462409252,-3.680352096147171,-1.9264590211498864,1.33848389415313,-0.0970836567411316,3.973509878923773,-0.4437609161271679,1.3252658031314055
95.0,114.0,130.0507049560547,-0.0395643877290175,2.666779991791117,-4.116957488350543,-3.6803623387232425,-1.9264590239387869,1.3384838950047755,-0.0970836665879961,3.973509878923773,-0.4437646021506498,1.3252658120557246
95.0,114.0,130.0507049560547,-0.0395643978215827,2.666779991617088,-4.11695761995014,-3.680351979048179,-1.9264587532999773,1.33848389415313,-0.0970836571873515,3.973509878915612,-0.4437608115079382,1.325265803131739
95.0,114.0,130.0507049560547,-0.0395497611668766,2.66677998891772,-4.1169569000568265,-3.680344604431096,-1.9264830796140868,1.338483908101427,-0.0970836667129683,3.973509889397808,-0.443760925368738,1.3252658029962272
95.0,114.0,130.0507049560547,-0.0395643978215827,2.666779991617088,-4.116957462409252,-3.680352230737955,-1.9264590239387869,1.33848389415313,-0.0970836567550394,3.973509878923773,-0.4437608752008952,1.3252658031720077
95.0,114.0,130.0507049560547,-0.0395498818749286,2.666780037786213,-4.116966574252944,-3.680352068620305,-1.926458748182266,1.3384838977274969,-0.0970836610414297,3.973509882411508,-0.4437646212838012,1.3252658031665814
95.0,114.0,130.0507049560547,-0.0395520265835603,2.666779988915282,-4.116959294033928,-3.680358472470585,-1.9264585952968605,1.3384838968368042,-0.0970836610414297,3.973509882411508,-0.4437645763500952,1.3252658031665814
95.0,114.0,130.0507049560547,-0.0395499382994376,2.666779987972626,-4.116966619259128,-3.680344090284559,-1.9264606604094832,1.3384838948458406,-0.0970836610596099,3.9735097675291313,-0.4437645770130765,1.3252658031665814
95.0,114.0,130.0507049560547,-0.0395645085554778,2.666779991617088,-4.11695649112566,-3.6803623387232425,-1.9264593530193943,1.338483897603008,-0.0970836571873515,3.973510080535792,-0.443764427250458,1.3252658120897691
95.0,114.0,130.0507049560547,-0.0395632503907678,2.666779988739953,-4.116959237615167,-3.680358472470585,-1.9264585952968605,1.3384838941622423,-0.0970836609236914,3.973509878668074,-0.4437645763500952,1.3252658031309033
95.0,114.0,130.0507049560547,-0.0395497611668766,2.666779988323028,-4.1169569000568265,-3.680344602671716,-1.9264830796140868,1.3384839079924404,-0.0970836667129683,3.973509889397808,-0.443760925368738,1.3252658029962272
95.0,114.0,130.0507049560547,-0.0395643978215827,2.666779991617088,-4.116957462409252,-3.680352096147171,-1.9264589945739632,1.33848389415313,-0.0970836567411316,3.973509878923773,-0.4437609161271679,1.3252658031314055
95.0,114.0,130.0507049560547,-0.0395643865030573,2.666779991617088,-4.116956492010631,-3.680361882085375,-1.92645977424235,1.3384838944406865,-0.0970836571873515,3.9735098827493416,-0.443764427250458,1.3252658120897691
95.0,114.0,130.0507049560547,-0.0395522073794609,2.6667799879706857,-4.1169666146818775,-3.680344090284559,-1.9264605852033767,1.3384838948076092,-0.0970836610590012,3.9735097675291313,-0.4437645770130765,1.3252658031665814
95.0,114.0,130.0507049560547,-0.0395645085554778,2.666779991593061,-4.11695649112566,-3.6803623387232425,-1.9264593530193943,1.33848389415313,-0.0970836572630083,3.9735100985112894,-0.443764427250458,1.325265812172996
95.0,114.0,130.0507049560547,-0.0395497611668766,2.666779988913942,-4.1169569000568265,-3.680344159441297,-1.9264830796140868,1.33848390809953,-0.0970836667129683,3.973509889397808,-0.443760925368738,1.3252658029962272
95.0,114.0,130.0507049560547,-0.0395643978215827,2.666779991617088,-4.116956439423115,-3.6803623387232425,-1.9264590347569583,1.33848389415313,-0.097083657195397,3.9735101032290094,-0.4437644263459382,1.3252658031720077
95.0,114.0,130.0507049560547,-0.0395510825523641,2.6667799883719714,-4.116966574252944,-3.680351338033922,-1.926463463738992,1.3384838949771996,-0.0970836667129683,3.9735097648360425,-0.4437692082255058,1.325265812017994
95.0,114.0,130.0507049560547,-0.0395647603716902,2.666779988928124,-4.116957905249751,-3.680358366796586,-1.92645849691974,1.3384838975357731,-0.0970836610414297,3.973509882411508,-0.4437646020244309,1.3252658120603735
95.0,114.0,130.0507049560547,-0.0395499295095739,2.666779988318752,-4.116966468321192,-3.680357920047407,-1.926458586117915,1.3384838974631217,-0.0970836610420385,3.973509882411508,-0.4437645746851206,1.3252658031665814
95.0,114.0,130.0507049560547,-0.0395643877290175,2.666779988940697,-4.116957907770094,-3.6803623387232425,-1.926459030243268,1.3384838950047755,-0.0970836665846568,3.973509878923773,-0.4437646021620969,1.3252658120557246
95.0,114.0,130.0507049560547,-0.0395497611668766,2.666779991607979,-4.11695689395266,-3.680344602671716,-1.9264822204961527,1.3384839079924404,-0.0970836667129683,3.973509889397808,-0.4437645782417001,1.3252658123926402
95.0,114.0,130.0507049560547,-0.0395521998756665,2.666779988304619,-4.116957807681487,-3.6803583847240953,-1.9264585109118089,1.3384838975357731,-0.0970836610414297,3.973509882411508,-0.4437645764005167,1.3252658031665814
95.0,114.0,130.0507049560547,-0.039549939012485,2.666780037786213,-4.116966619259128,-3.680344702378042,-1.9264613606862904,1.3384839078607111,-0.0970836610414297,3.9735098840435055,-0.4437610013083461,1.3252658031665814
95.0,114.0,130.0507049560547,-0.0395643978215827,2.666779991617088,-4.116957462409252,-3.6803623387232425,-1.9264590239387869,1.33848389415313,-0.0970836571873515,3.973509879007271,-0.4437646045181288,1.3252658031720077
95.0,114.0,130.0507049560547,-0.0395647903594046,2.666780037786213,-4.116966574252944,-3.680352115373677,-1.9264593446426848,1.3384838976070563,-0.0970836612188797,3.973509868379593,-0.4437646212838012,1.32526580301949
95.0,114.0,130.0507049560547,-0.0395643836775063,2.666779991617088,-4.11695649112566,-3.680361895583183,-1.9264593956384928,1.33848389415313,-0.0970836571873515,3.9735098827493416,-0.443764427250458,1.3252658120898189
95.0,114.0,130.0507049560547,-0.0395648160690143,2.666779991678208,-4.116956439423115,-3.6803623387232425,-1.9264590347569583,1.33848389415313,-0.0970836674757693,3.9735101032290094,-0.4437644263459382,1.3252658029958306
95.0,114.0,130.0507049560547,-0.0395647603716902,2.666779991778544,-4.116957485830201,-3.680358366796586,-1.926458490615257,1.3384838975357731,-0.097083661044769,3.973509882411508,-0.4437646020129838,1.3252658120603735
95.0,114.0,130.0507049560547,-0.0395499343064866,2.666779988318774,-4.1169569000568265,-3.6803441576819167,-1.9264830796140868,1.3384839076524797,-0.0970836667129683,3.973509889397808,-0.4437644839045684,1.3252658031671545
95.0,114.0,130.0507049560547,-0.0395521851668105,2.6667799889274746,-4.116966463743941,-3.6803579021198978,-1.9264585109118089,1.33848389742489,-0.0970836610414297,3.973509882411508,-0.4437645746346991,1.3252658031665814
95.0,115.0,130.05068969726562,-0.0395496000710018,2.666779991617088,-4.11695649112566,-3.6803622919698697,-1.9264587565589748,1.3384838977234486,-0.0970836570099015,3.973510094567706,-0.443764427250458,1.3252658122368608
95.0,115.0,130.05068969726562,-0.0395497611668766,2.6667799887457058,-4.116959262735716,-3.680344602671716,-1.926458969644805,1.3384839076261352,-0.0970836667129683,3.973509889397808,-0.443760925368738,1.3252658030011966
95.0,115.0,130.05068969726562,-0.0395499382994376,2.666780037786213,-4.116956381632508,-3.680352000305452,-1.92646100079703,1.3384838978663465,-0.0970836610414297,3.973510103442874,-0.4437644298005058,1.3252658031665814
95.0,115.0,130.05068969726562,-0.0395521985895971,2.666779991676479,-4.11695675548119,-3.680352242959677,-1.9264585109118089,1.338483897401484,-0.0970836611102571,3.973509882411508,-0.4437645746851206,1.3252658031653166
95.0,115.0,130.05068969726562,-0.0395501650020429,2.666779987972626,-4.116956623435015,-3.6803431858360938,-1.9264593418335227,1.338483894837046,-0.0970836571815912,3.9735097675291313,-0.4437645770130765,1.3252658121046084
95.0,115.0,130.05068969726562,-0.0395521752061444,2.666779987972626,-4.116956623435015,-3.680352473598708,-1.9264593418335227,1.3384838947631714,-0.0970836612243479,3.9735097675291313,-0.4437645769920175,1.3252658032550109
95.0,115.0,130.05068969726562,-0.0395496000710018,2.666779991617088,-4.11695649112566,-3.6803622919698697,-1.9264587565589748,1.3384838977234486,-0.0970836570099015,3.973510094567706,-0.443764427250458,1.3252658122368608
95.0,115.0,130.05068969726562,-0.0395523254567228,2.6667800354144,-4.116956381632508,-3.680352000305452,-1.92646100079703,1.3384838978663465,-0.0970836610585449,3.973509755940401,-0.4437645755452176,1.3252658031665814
95.0,115.0,130.05068969726562,-0.0395501650020429,2.666779988885915,-4.116956473295759,-3.6803431858360938,-1.9264585973982984,1.338483894837046,-0.0970836571815912,3.9735098879500192,-0.4437645763274239,1.3252658121046084
95.0,115.0,130.05068969726562,-0.0395516918227218,2.666779991617088,-4.11695649112566,-3.6803623387232425,-1.9264593530193943,1.338483897500603,-0.0970836571102378,3.9735098827493416,-0.4437644342612243,1.3252658120897691
95.0,115.0,130.05068969726562,-0.0395497466837475,2.6667799916199737,-4.11695649112566,-3.6803622919698697,-1.9264587494232872,1.3384838977234486,-0.0970836569560643,3.973510094567706,-0.443764427250458,1.3252658122368608
95.0,115.0,130.0507049560547,-0.0395643978215827,2.666779991617088,-4.116957390277403,-3.6803622598040864,-1.9264590239387869,1.33848389415313,-0.0970836571873515,3.973509878923773,-0.4437608576596525,1.325265803131739
95.0,115.0,130.0507049560547,-0.0395643978215827,2.666779991617088,-4.116957462409252,-3.6803623387232425,-1.9264590239387869,1.33848389415313,-0.0970836571873515,3.973509878923773,-0.4437646021506498,1.3252658031720077
95.0,115.0,130.0507049560547,-0.0395521864528799,2.666779988915282,-4.116957807681487,-3.680358366796586,-1.9264585109118089,1.3384838975357731,-0.0970836610414297,3.973509882411508,-0.4437645763500952,1.3252658031665814
95.0,115.0,130.0507049560547,-0.0395645085554778,2.666779991617088,-4.11695649112566,-3.6803623387232425,-1.9264593530193943,1.33848389415313,-0.0970836571873515,3.9735098827493416,-0.443764427250458,1.3252658120897691
95.0,115.0,130.0507049560547,-0.0395521985895971,2.666779988915282,-4.116966463743941,-3.680358366796586,-1.9264585109118089,1.3384838975357731,-0.0970836610414297,3.973509882411508,-0.4437645746851206,1.3252658031665814
95.0,115.0,130.0507049560547,-0.0395643978215827,2.666779991617088,-4.116957462409252,-3.680352096147171,-1.9264580888014204,1.33848389415313,-0.0970836567411316,3.973509878923773,-0.4437609161271679,1.3252658031720077
95.0,115.0,130.0507049560547,-0.0395521985895971,2.666779988915282,-4.116966463743941,-3.680358366796586,-1.9264585109118089,1.3384838975357731,-0.0970836610414297,3.973509882411508,-0.4437645746851206,1.3252658031665814
95.0,115.0,130.0507049560547,-0.0395497611668766,2.6667799883192496,-4.1169569000568265,-3.6803441576819167,-1.9264830796140868,1.3384839079905435,-0.0970836667129683,3.973509889397808,-0.443760925368738,1.3252658029962272
95.0,115.0,130.0507049560547,-0.0395643978215827,2.666779991617088,-4.116957462409252,-3.680352096147171,-1.9264590211498864,1.33848389415313,-0.0970836567411316,3.973509878923773,-0.4437609161271679,1.3252658031314055
95.0,115.0,130.0507049560547,-0.0395499382994376,2.666780037786213,-4.116966619259128,-3.680352000305452,-1.92646100079703,1.338483897720352,-0.0970836610414297,3.9735097675291313,-0.4437645770130765,1.3252658031665814
95.0,115.0,130.0507049560547,-0.0395645085554778,2.666779991593061,-4.11695649112566,-3.6803623387232425,-1.9264593530193943,1.33848389415313,-0.0970836572630083,3.9735100985112894,-0.443764427250458,1.325265812172996
95.0,115.0,130.0507049560547,-0.0395521985895971,2.666779988316812,-4.116966463743941,-3.680357920047407,-1.9264585109118089,1.33848389742489,-0.0970836610414297,3.973509882411508,-0.4437645746851206,1.3252658031665814
95.0,115.0,130.0507049560547,-0.0395645085554778,2.666779991617088,-4.11695649112566,-3.6803623387232425,-1.9264593530193943,1.33848389415313,-0.0970836571873515,3.9735098827493416,-0.443764427250458,1.32526581208854
95.0,115.0,130.0507049560547,-0.039564849170423,2.666779991617088,-4.116957462409252,-3.680352096147171,-1.926459025794981,1.3384838941286694,-0.0970836611136738,3.973509878800921,-0.4437609161271679,1.3252658031314055
95.0,115.0,130.0507049560547,-0.0395643978215827,2.666779991617088,-4.116957462409252,-3.680352096147171,-1.9264590211498864,1.33848389415313,-0.0970836567411316,3.973509878923773,-0.4437609161271679,1.3252658031314055
95.0,115.0,130.0507049560547,-0.0395643877290175,2.666779991791117,-4.116957488350543,-3.6803623387232425,-1.9264590239387869,1.3384838950047755,-0.0970836665879961,3.973509878923773,-0.4437646021506498,1.3252658120557246
95.0,115.0,130.0507049560547,-0.0395643978215827,2.666779991617088,-4.11695761995014,-3.680351979048179,-1.9264587532999773,1.33848389415313,-0.0970836571873515,3.973509878915612,-0.4437608115079382,1.325265803131739
95.0,115.0,130.0507049560547,-0.0395497611668766,2.66677998891772,-4.1169569000568265,-3.680344604431096,-1.9264830796140868,1.338483908101427,-0.0970836667129683,3.973509889397808,-0.443760925368738,1.3252658029962272
95.0,115.0,130.0507049560547,-0.0395643978215827,2.666779991617088,-4.116957462409252,-3.680352230737955,-1.9264590239387869,1.33848389415313,-0.0970836567550394,3.973509878923773,-0.4437608752008952,1.3252658031720077
95.0,115.0,130.0507049560547,-0.0395498818749286,2.666780037786213,-4.116966574252944,-3.680352068620305,-1.926458748182266,1.3384838977274969,-0.0970836610414297,3.973509882411508,-0.4437646212838012,1.3252658031665814
95.0,115.0,130.0507049560547,-0.0395520265835603,2.666779988915282,-4.116959294033928,-3.680358472470585,-1.9264585952968605,1.3384838968368042,-0.0970836610414297,3.973509882411508,-0.4437645763500952,1.3252658031665814
95.0,115.0,130.0507049560547,-0.0395499382994376,2.666779987972626,-4.116966619259128,-3.680344090284559,-1.9264606604094832,1.3384838948458406,-0.0970836610596099,3.9735097675291313,-0.4437645770130765,1.3252658031665814
95.0,115.0,130.0507049560547,-0.0395645085554778,2.666779991617088,-4.11695649112566,-3.6803623387232425,-1.9264593530193943,1.338483897603008,-0.0970836571873515,3.973510080535792,-0.443764427250458,1.3252658120897691
95.0,115.0,130.0507049560547,-0.0395632503907678,2.666779988739953,-4.116959237615167,-3.680358472470585,-1.9264585952968605,1.3384838941622423,-0.0970836609236914,3.973509878668074,-0.4437645763500952,1.3252658031309033
95.0,115.0,130.0507049560547,-0.0395497611668766,2.666779988323028,-4.1169569000568265,-3.680344602671716,-1.9264830796140868,1.3384839079924404,-0.0970836667129683,3.973509889397808,-0.443760925368738,1.3252658029962272
95.0,115.0,130.0507049560547,-0.0395643978215827,2.666779991617088,-4.116957462409252,-3.680352096147171,-1.9264589945739632,1.33848389415313,-0.0970836567411316,3.973509878923773,-0.4437609161271679,1.3252658031314055
95.0,115.0,130.0507049560547,-0.0395643865030573,2.666779991617088,-4.116956492010631,-3.680361882085375,-1.92645977424235,1.3384838944406865,-0.0970836571873515,3.9735098827493416,-0.443764427250458,1.3252658120897691
95.0,115.0,130.0507049560547,-0.0395522073794609,2.6667799879706857,-4.1169666146818775,-3.680344090284559,-1.9264605852033767,1.3384838948076092,-0.0970836610590012,3.9735097675291313,-0.4437645770130765,1.3252658031665814
95.0,115.0,130.0507049560547,-0.0395645085554778,2.666779991593061,-4.11695649112566,-3.6803623387232425,-1.9264593530193943,1.33848389415313,-0.0970836572630083,3.9735100985112894,-0.443764427250458,1.325265812172996
95.0,115.0,130.0507049560547,-0.0395497611668766,2.666779988913942,-4.1169569000568265,-3.680344159441297,-1.9264830796140868,1.33848390809953,-0.0970836667129683,3.973509889397808,-0.443760925368738,1.3252658029962272
95.0,115.0,130.0507049560547,-0.0395643978215827,2.666779991617088,-4.116956439423115,-3.6803623387232425,-1.9264590347569583,1.33848389415313,-0.097083657195397,3.9735101032290094,-0.4437644263459382,1.3252658031720077
95.0,115.0,130.0507049560547,-0.0395510825523641,2.6667799883719714,-4.116966574252944,-3.680351338033922,-1.926463463738992,1.3384838949771996,-0.0970836667129683,3.9735097648360425,-0.4437692082255058,1.325265812017994
95.0,115.0,130.0507049560547,-0.0395647603716902,2.666779988928124,-4.116957905249751,-3.680358366796586,-1.92645849691974,1.3384838975357731,-0.0970836610414297,3.973509882411508,-0.4437646020244309,1.3252658120603735
95.0,115.0,130.0507049560547,-0.0395499295095739,2.666779988318752,-4.116966468321192,-3.680357920047407,-1.926458586117915,1.3384838974631217,-0.0970836610420385,3.973509882411508,-0.4437645746851206,1.3252658031665814
95.0,115.0,130.0507049560547,-0.0395643877290175,2.666779988940697,-4.116957907770094,-3.6803623387232425,-1.926459030243268,1.3384838950047755,-0.0970836665846568,3.973509878923773,-0.4437646021620969,1.3252658120557246
95.0,115.0,130.0507049560547,-0.0395497611668766,2.666779991607979,-4.11695689395266,-3.680344602671716,-1.9264822204961527,1.3384839079924404,-0.0970836667129683,3.973509889397808,-0.4437645782417001,1.3252658123926402
95.0,115.0,130.0507049560547,-0.0395521998756665,2.666779988304619,-4.116957807681487,-3.6803583847240953,-1.9264585109118089,1.3384838975357731,-0.0970836610414297,3.973509882411508,-0.4437645764005167,1.3252658031665814
95.0,115.0,130.0507049560547,-0.039549939012485,2.666780037786213,-4.116966619259128,-3.680344702378042,-1.9264613606862904,1.3384839078607111,-0.0970836610414297,3.9735098840435055,-0.4437610013083461,1.3252658031665814
95.0,115.0,130.0507049560547,-0.0395643978215827,2.666779991617088,-4.116957462409252,-3.6803623387232425,-1.9264590239387869,1.33848389415313,-0.0970836571873515,3.973509879007271,-0.4437646045181288,1.3252658031720077
95.0,116.0,130.05068969726562,-0.0395496000710018,2.666779991617088,-4.11695649112566,-3.6803622919698697,-1.9264587565589748,1.3384838977234486,-0.0970836570099015,3.973510094567706,-0.443764427250458,1.3252658122368608
95.0,116.0,130.05068969726562,-0.0395497611668766,2.6667799887457058,-4.116959262735716,-3.680344602671716,-1.926458969644805,1.3384839076261352,-0.0970836667129683,3.973509889397808,-0.443760925368738,1.3252658030011966
95.0,116.0,130.05068969726562,-0.0395499382994376,2.666780037786213,-4.116956381632508,-3.680352000305452,-1.92646100079703,1.3384838978663465,-0.0970836610414297,3.973510103442874,-0.4437644298005058,1.3252658031665814
95.0,116.0,130.05068969726562,-0.0395521985895971,2.666779991676479,-4.11695675548119,-3.680352242959677,-1.9264585109118089,1.338483897401484,-0.0970836611102571,3.973509882411508,-0.4437645746851206,1.3252658031653166
95.0,116.0,130.05068969726562,-0.0395501650020429,2.666779987972626,-4.116956623435015,-3.6803431858360938,-1.9264593418335227,1.338483894837046,-0.0970836571815912,3.9735097675291313,-0.4437645770130765,1.3252658121046084
95.0,116.0,130.05068969726562,-0.0395521752061444,2.666779987972626,-4.116956623435015,-3.680352473598708,-1.9264593418335227,1.3384838947631714,-0.0970836612243479,3.9735097675291313,-0.4437645769920175,1.3252658032550109
95.0,116.0,130.05068969726562,-0.0395496000710018,2.666779991617088,-4.11695649112566,-3.6803622919698697,-1.9264587565589748,1.3384838977234486,-0.0970836570099015,3.973510094567706,-0.443764427250458,1.3252658122368608
95.0,116.0,130.05068969726562,-0.0395523254567228,2.6667800354144,-4.116956381632508,-3.680352000305452,-1.92646100079703,1.3384838978663465,-0.0970836610585449,3.973509755940401,-0.4437645755452176,1.3252658031665814
95.0,116.0,130.05068969726562,-0.0395501650020429,2.666779988885915,-4.116956473295759,-3.6803431858360938,-1.9264585973982984,1.338483894837046,-0.0970836571815912,3.9735098879500192,-0.4437645763274239,1.3252658121046084
95.0,116.0,130.05068969726562,-0.0395516918227218,2.666779991617088,-4.11695649112566,-3.6803623387232425,-1.9264593530193943,1.338483897500603,-0.0970836571102378,3.9735098827493416,-0.4437644342612243,1.3252658120897691
95.0,116.0,130.05068969726562,-0.0395497466837475,2.6667799916199737,-4.11695649112566,-3.6803622919698697,-1.9264587494232872,1.3384838977234486,-0.0970836569560643,3.973510094567706,-0.443764427250458,1.3252658122368608
95.0,116.0,130.05068969726562,-0.0395496000710018,2.6667800382819498,-4.116956489740838,-3.6803622919698697,-1.9264587565589748,1.3384838978670772,-0.0970836566604063,3.9735101032266464,-0.443764427250458,1.3252658122368608
95.0,116.0,130.05068969726562,-0.0395501448591779,2.666779987972626,-4.116956623435015,-3.6803431858360938,-1.926459316252724,1.338483894837046,-0.0970836571815912,3.9735097675291313,-0.4437645770130765,1.3252658121046084
95.0,116.0,130.05068969726562,-0.0395505114694463,2.6667799889430626,-4.116956412461431,-3.6803623387232425,-1.9264586016034635,1.3384838950047755,-0.0970836665846568,3.973509878923773,-0.4437646021620969,1.3252658120557246
95.0,116.0,130.05068969726562,-0.0395496202138668,2.666779991617088,-4.11695649112566,-3.6803622919698697,-1.9264587821397736,1.3384838977234486,-0.0970836570099015,3.973510094567706,-0.443764427250458,1.3252658122368608
95.0,116.0,130.0507049560547,-0.0395643978215827,2.666779991617088,-4.116957390277403,-3.6803622598040864,-1.9264590239387869,1.33848389415313,-0.0970836571873515,3.973509878923773,-0.4437608576596525,1.325265803131739
95.0,116.0,130.0507049560547,-0.0395643978215827,2.666779991617088,-4.116957462409252,-3.6803623387232425,-1.9264590239387869,1.33848389415313,-0.0970836571873515,3.973509878923773,-0.4437646021506498,1.3252658031720077
95.0,116.0,130.0507049560547,-0.0395521864528799,2.666779988915282,-4.116957807681487,-3.680358366796586,-1.9264585109118089,1.3384838975357731,-0.0970836610414297,3.973509882411508,-0.4437645763500952,1.3252658031665814
95.0,116.0,130.0507049560547,-0.0395645085554778,2.666779991617088,-4.11695649112566,-3.6803623387232425,-1.9264593530193943,1.33848389415313,-0.0970836571873515,3.9735098827493416,-0.443764427250458,1.3252658120897691
95.0,116.0,130.0507049560547,-0.0395521985895971,2.666779988915282,-4.116966463743941,-3.680358366796586,-1.9264585109118089,1.3384838975357731,-0.0970836610414297,3.973509882411508,-0.4437645746851206,1.3252658031665814
95.0,116.0,130.0507049560547,-0.0395643978215827,2.666779991617088,-4.116957462409252,-3.680352096147171,-1.9264580888014204,1.33848389415313,-0.0970836567411316,3.973509878923773,-0.4437609161271679,1.3252658031720077
95.0,116.0,130.0507049560547,-0.0395521985895971,2.666779988915282,-4.116966463743941,-3.680358366796586,-1.9264585109118089,1.3384838975357731,-0.0970836610414297,3.973509882411508,-0.4437645746851206,1.3252658031665814
95.0,116.0,130.0507049560547,-0.0395497611668766,2.6667799883192496,-4.1169569000568265,-3.6803441576819167,-1.9264830796140868,1.3384839079905435,-0.0970836667129683,3.973509889397808,-0.443760925368738,1.3252658029962272
95.0,116.0,130.0507049560547,-0.0395643978215827,2.666779991617088,-4.116957462409252,-3.680352096147171,-1.9264590211498864,1.33848389415313,-0.0970836567411316,3.973509878923773,-0.4437609161271679,1.3252658031314055
95.0,116.0,130.0507049560547,-0.0395499382994376,2.666780037786213,-4.116966619259128,-3.680352000305452,-1.92646100079703,1.338483897720352,-0.0970836610414297,3.9735097675291313,-0.4437645770130765,1.3252658031665814
95.0,116.0,130.0507049560547,-0.0395645085554778,2.666779991593061,-4.11695649112566,-3.6803623387232425,-1.9264593530193943,1.33848389415313,-0.0970836572630083,3.9735100985112894,-0.443764427250458,1.325265812172996
95.0,116.0,130.0507049560547,-0.0395521985895971,2.666779988316812,-4.116966463743941,-3.680357920047407,-1.9264585109118089,1.33848389742489,-0.0970836610414297,3.973509882411508,-0.4437645746851206,1.3252658031665814
95.0,116.0,130.0507049560547,-0.0395645085554778,2.666779991617088,-4.11695649112566,-3.6803623387232425,-1.9264593530193943,1.33848389415313,-0.0970836571873515,3.9735098827493416,-0.443764427250458,1.32526581208854
95.0,116.0,130.0507049560547,-0.039564849170423,2.666779991617088,-4.116957462409252,-3.680352096147171,-1.926459025794981,1.3384838941286694,-0.0970836611136738,3.973509878800921,-0.4437609161271679,1.3252658031314055
95.0,116.0,130.0507049560547,-0.0395643978215827,2.666779991617088,-4.116957462409252,-3.680352096147171,-1.9264590211498864,1.33848389415313,-0.0970836567411316,3.973509878923773,-0.4437609161271679,1.3252658031314055
95.0,116.0,130.0507049560547,-0.0395643877290175,2.666779991791117,-4.116957488350543,-3.6803623387232425,-1.9264590239387869,1.3384838950047755,-0.0970836665879961,3.973509878923773,-0.4437646021506498,1.3252658120557246
95.0,116.0,130.0507049560547,-0.0395643978215827,2.666779991617088,-4.11695761995014,-3.680351979048179,-1.9264587532999773,1.33848389415313,-0.0970836571873515,3.973509878915612,-0.4437608115079382,1.325265803131739
95.0,116.0,130.0507049560547,-0.0395497611668766,2.66677998891772,-4.1169569000568265,-3.680344604431096,-1.9264830796140868,1.338483908101427,-0.0970836667129683,3.973509889397808,-0.443760925368738,1.3252658029962272
95.0,116.0,130.0507049560547,-0.0395643978215827,2.666779991617088,-4.116957462409252,-3.680352230737955,-1.9264590239387869,1.33848389415313,-0.0970836567550394,3.973509878923773,-0.4437608752008952,1.3252658031720077
95.0,116.0,130.0507049560547,-0.0395498818749286,2.666780037786213,-4.116966574252944,-3.680352068620305,-1.926458748182266,1.3384838977274969,-0.0970836610414297,3.973509882411508,-0.4437646212838012,1.3252658031665814
95.0,116.0,130.0507049560547,-0.0395520265835603,2.666779988915282,-4.116959294033928,-3.680358472470585,-1.9264585952968605,1.3384838968368042,-0.0970836610414297,3.973509882411508,-0.4437645763500952,1.3252658031665814
95.0,116.0,130.0507049560547,-0.0395499382994376,2.666779987972626,-4.116966619259128,-3.680344090284559,-1.9264606604094832,1.3384838948458406,-0.0970836610596099,3.9735097675291313,-0.4437645770130765,1.3252658031665814
95.0,116.0,130.0507049560547,-0.0395645085554778,2.666779991617088,-4.11695649112566,-3.6803623387232425,-1.9264593530193943,1.338483897603008,-0.0970836571873515,3.973510080535792,-0.443764427250458,1.3252658120897691
95.0,116.0,130.0507049560547,-0.0395632503907678,2.666779988739953,-4.116959237615167,-3.680358472470585,-1.9264585952968605,1.3384838941622423,-0.0970836609236914,3.973509878668074,-0.4437645763500952,1.3252658031309033
95.0,116.0,130.0507049560547,-0.0395497611668766,2.666779988323028,-4.1169569000568265,-3.680344602671716,-1.9264830796140868,1.3384839079924404,-0.0970836667129683,3.973509889397808,-0.443760925368738,1.3252658029962272
95.0,116.0,130.0507049560547,-0.0395643978215827,2.666779991617088,-4.116957462409252,-3.680352096147171,-1.9264589945739632,1.33848389415313,-0.0970836567411316,3.973509878923773,-0.4437609161271679,1.3252658031314055
95.0,116.0,130.0507049560547,-0.0395643865030573,2.666779991617088,-4.116956492010631,-3.680361882085375,-1.92645977424235,1.3384838944406865,-0.0970836571873515,3.9735098827493416,-0.443764427250458,1.3252658120897691
95.0,116.0,130.0507049560547,-0.0395522073794609,2.6667799879706857,-4.1169666146818775,-3.680344090284559,-1.9264605852033767,1.3384838948076092,-0.0970836610590012,3.9735097675291313,-0.4437645770130765,1.3252658031665814
95.0,116.0,130.0507049560547,-0.0395645085554778,2.666779991593061,-4.11695649112566,-3.6803623387232425,-1.9264593530193943,1.33848389415313,-0.0970836572630083,3.9735100985112894,-0.443764427250458,1.325265812172996
95.0,116.0,130.0507049560547,-0.0395497611668766,2.666779988913942,-4.1169569000568265,-3.680344159441297,-1.9264830796140868,1.33848390809953,-0.0970836667129683,3.973509889397808,-0.443760925368738,1.3252658029962272
95.0,116.0,130.0507049560547,-0.0395643978215827,2.666779991617088,-4.116956439423115,-3.6803623387232425,-1.9264590347569583,1.33848389415313,-0.097083657195397,3.9735101032290094,-0.4437644263459382,1.3252658031720077
95.0,116.0,130.0507049560547,-0.0395510825523641,2.6667799883719714,-4.116966574252944,-3.680351338033922,-1.926463463738992,1.3384838949771996,-0.0970836667129683,3.9735097648360425,-0.4437692082255058,1.325265812017994
95.0,116.0,130.0507049560547,-0.0395647603716902,2.666779988928124,-4.116957905249751,-3.680358366796586,-1.92645849691974,1.3384838975357731,-0.0970836610414297,3.973509882411508,-0.4437646020244309,1.3252658120603735
95.0,116.0,130.0507049560547,-0.0395499295095739,2.666779988318752,-4.116966468321192,-3.680357920047407,-1.926458586117915,1.3384838974631217,-0.0970836610420385,3.973509882411508,-0.4437645746851206,1.3252658031665814
95.0,116.0,130.0507049560547,-0.0395643877290175,2.666779988940697,-4.116957907770094,-3.6803623387232425,-1.926459030243268,1.3384838950047755,-0.0970836665846568,3.973509878923773,-0.4437646021620969,1.3252658120557246
95.0,117.0,130.05068969726562,-0.0395496000710018,2.666779991617088,-4.11695649112566,-3.6803622919698697,-1.9264587565589748,1.3384838977234486,-0.0970836570099015,3.973510094567706,-0.443764427250458,1.3252658122368608
95.0,117.0,130.05068969726562,-0.0395497611668766,2.6667799887457058,-4.116959262735716,-3.680344602671716,-1.926458969644805,1.3384839076261352,-0.0970836667129683,3.973509889397808,-0.443760925368738,1.3252658030011966
95.0,117.0,130.05068969726562,-0.0395499382994376,2.666780037786213,-4.116956381632508,-3.680352000305452,-1.92646100079703,1.3384838978663465,-0.0970836610414297,3.973510103442874,-0.4437644298005058,1.3252658031665814
95.0,117.0,130.05068969726562,-0.0395521985895971,2.666779991676479,-4.11695675548119,-3.680352242959677,-1.9264585109118089,1.338483897401484,-0.0970836611102571,3.973509882411508,-0.4437645746851206,1.3252658031653166
95.0,117.0,130.05068969726562,-0.0395501650020429,2.666779987972626,-4.116956623435015,-3.6803431858360938,-1.9264593418335227,1.338483894837046,-0.0970836571815912,3.9735097675291313,-0.4437645770130765,1.3252658121046084
95.0,117.0,130.05068969726562,-0.0395521752061444,2.666779987972626,-4.116956623435015,-3.680352473598708,-1.9264593418335227,1.3384838947631714,-0.0970836612243479,3.9735097675291313,-0.4437645769920175,1.3252658032550109
95.0,117.0,130.05068969726562,-0.0395496000710018,2.666779991617088,-4.11695649112566,-3.6803622919698697,-1.9264587565589748,1.3384838977234486,-0.0970836570099015,3.973510094567706,-0.443764427250458,1.3252658122368608
95.0,117.0,130.05068969726562,-0.0395523254567228,2.6667800354144,-4.116956381632508,-3.680352000305452,-1.92646100079703,1.3384838978663465,-0.0970836610585449,3.973509755940401,-0.4437645755452176,1.3252658031665814
95.0,117.0,130.05068969726562,-0.0395501650020429,2.666779988885915,-4.116956473295759,-3.6803431858360938,-1.9264585973982984,1.338483894837046,-0.0970836571815912,3.9735098879500192,-0.4437645763274239,1.3252658121046084
95.0,117.0,130.05068969726562,-0.0395516918227218,2.666779991617088,-4.11695649112566,-3.6803623387232425,-1.9264593530193943,1.338483897500603,-0.0970836571102378,3.9735098827493416,-0.4437644342612243,1.3252658120897691
95.0,117.0,130.05068969726562,-0.0395497466837475,2.6667799916199737,-4.11695649112566,-3.6803622919698697,-1.9264587494232872,1.3384838977234486,-0.0970836569560643,3.973510094567706,-0.443764427250458,1.3252658122368608
95.0,117.0,130.05068969726562,-0.0395496000710018,2.6667800382819498,-4.116956489740838,-3.6803622919698697,-1.9264587565589748,1.3384838978670772,-0.0970836566604063,3.9735101032266464,-0.443764427250458,1.3252658122368608
95.0,117.0,130.05068969726562,-0.0395501448591779,2.666779987972626,-4.116956623435015,-3.6803431858360938,-1.926459316252724,1.338483894837046,-0.0970836571815912,3.9735097675291313,-0.4437645770130765,1.3252658121046084
95.0,117.0,130.05068969726562,-0.0395505114694463,2.6667799889430626,-4.116956412461431,-3.6803623387232425,-1.9264586016034635,1.3384838950047755,-0.0970836665846568,3.973509878923773,-0.4437646021620969,1.3252658120557246
95.0,117.0,130.05068969726562,-0.0395496202138668,2.666779991617088,-4.11695649112566,-3.6803622919698697,-1.9264587821397736,1.3384838977234486,-0.0970836570099015,3.973510094567706,-0.443764427250458,1.3252658122368608
95.0,117.0,130.05068969726562,-0.0395521752061444,2.666779987972626,-4.116956623435015,-3.680352473598708,-1.9264593418335227,1.3384838941397847,-0.0970836612243479,3.9735097675291313,-0.4437644895602854,1.3252658032550109
95.0,117.0,130.05068969726562,-0.0395483751084453,2.666779991617088,-4.11695649112566,-3.680362291123122,-1.9264593530193943,1.33848389415313,-0.0970836571873515,3.9735098827493416,-0.443764427250458,1.3252658120889058
95.0,117.0,130.05068969726562,-0.0395525728356731,2.6667800354144,-4.116956381632508,-3.680352000305452,-1.92646100079703,1.3384838978949467,-0.0970836568210651,3.973509755940401,-0.4437608118425448,1.3252658031665814
95.0,117.0,130.05068969726562,-0.0395641390064146,2.666779987854347,-4.116956623435015,-3.6803431858360938,-1.926459313269269,1.3384838941527588,-0.0970836571872048,3.9735097675291313,-0.4437645770130765,1.325265803237532
95.0,117.0,130.05068969726562,-0.0395501650773875,2.666779988903852,-4.116956473295759,-3.680362137300958,-1.9264585973982984,1.3384838950703273,-0.0970836571815912,3.9735098864809473,-0.4437645763274239,1.3252658121046084
95.0,117.0,130.05068969726562,-0.0395523254567228,2.6667800347557624,-4.1169567555537,-3.6803522419660704,-1.926461017641914,1.3384838974054665,-0.0970836610585449,3.9735098795022905,-0.4437645746555173,1.3252658031665814
95.0,117.0,130.05068969726562,-0.0395523587425969,2.666779987969833,-4.116956699708541,-3.6803431858360938,-1.926458515776856,1.338483894837046,-0.0970836571815912,3.9735097675291313,-0.4437645770130765,1.3252658120617349
95.0,117.0,130.05068969726562,-0.0395502335899427,2.666779991623533,-4.116956623435015,-3.6803431449320665,-1.9264590354373576,1.3384838947991913,-0.0970836567260036,3.9735097675291313,-0.4437647533410628,1.3252658121046084
95.0,117.0,130.05068969726562,-0.0395526989207289,2.666779991582997,-4.116957462409252,-3.680352096147171,-1.9264585092729551,1.33848389415313,-0.0970836567411316,3.973509878923773,-0.4437609161271679,1.3252658031314055
95.0,117.0,130.05068969726562,-0.039550428591424,2.6667799916826667,-4.116956415999054,-3.6803623387232425,-1.9264593530193943,1.33848389415313,-0.0970836568299132,3.973509879000452,-0.4437644279649861,1.325265812089402
95.0,117.0,130.05068969726562,-0.0395497611668766,2.6667799887457058,-4.116959262735716,-3.680344602671716,-1.9264587611044364,1.3384839076261352,-0.0970836667129683,3.973510102413373,-0.443760925368738,1.3252658030011966
95.0,117.0,130.05068969726562,-0.0395497466084029,2.666779991602038,-4.11695649112566,-3.680343340505005,-1.9264587494232872,1.3384838974901672,-0.0970836569560643,3.973510096036778,-0.443764427250458,1.3252658122368608
95.0,117.0,130.05068969726562,-0.0395498233622304,2.666779991617088,-4.11695653497357,-3.6803622919698697,-1.926458781124724,1.3384838977234486,-0.0970836567565525,3.973510094567706,-0.4437609912075407,1.3252658122368608
95.0,117.0,130.0507049560547,-0.0395643978215827,2.666779991617088,-4.116957390277403,-3.6803622598040864,-1.9264590239387869,1.33848389415313,-0.0970836571873515,3.973509878923773,-0.4437608576596525,1.325265803131739
95.0,117.0,130.0507049560547,-0.0395643978215827,2.666779991617088,-4.116957462409252,-3.6803623387232425,-1.9264590239387869,1.33848389415313,-0.0970836571873515,3.973509878923773,-0.4437646021506498,1.3252658031720077
95.0,117.0,130.0507049560547,-0.0395521864528799,2.666779988915282,-4.116957807681487,-3.680358366796586,-1.9264585109118089,1.3384838975357731,-0.0970836610414297,3.973509882411508,-0.4437645763500952,1.3252658031665814
95.0,117.0,130.0507049560547,-0.0395645085554778,2.666779991617088,-4.11695649112566,-3.6803623387232425,-1.9264593530193943,1.33848389415313,-0.0970836571873515,3.9735098827493416,-0.443764427250458,1.3252658120897691
95.0,117.0,130.0507049560547,-0.0395521985895971,2.666779988915282,-4.116966463743941,-3.680358366796586,-1.9264585109118089,1.3384838975357731,-0.0970836610414297,3.973509882411508,-0.4437645746851206,1.3252658031665814
95.0,117.0,130.0507049560547,-0.0395643978215827,2.666779991617088,-4.116957462409252,-3.680352096147171,-1.9264580888014204,1.33848389415313,-0.0970836567411316,3.973509878923773,-0.4437609161271679,1.3252658031720077
95.0,117.0,130.0507049560547,-0.0395521985895971,2.666779988915282,-4.116966463743941,-3.680358366796586,-1.9264585109118089,1.3384838975357731,-0.0970836610414297,3.973509882411508,-0.4437645746851206,1.3252658031665814
95.0,117.0,130.0507049560547,-0.0395497611668766,2.6667799883192496,-4.1169569000568265,-3.6803441576819167,-1.9264830796140868,1.3384839079905435,-0.0970836667129683,3.973509889397808,-0.443760925368738,1.3252658029962272
95.0,117.0,130.0507049560547,-0.0395643978215827,2.666779991617088,-4.116957462409252,-3.680352096147171,-1.9264590211498864,1.33848389415313,-0.0970836567411316,3.973509878923773,-0.4437609161271679,1.3252658031314055
95.0,117.0,130.0507049560547,-0.0395499382994376,2.666780037786213,-4.116966619259128,-3.680352000305452,-1.92646100079703,1.338483897720352,-0.0970836610414297,3.9735097675291313,-0.4437645770130765,1.3252658031665814
95.0,117.0,130.0507049560547,-0.0395645085554778,2.666779991593061,-4.11695649112566,-3.6803623387232425,-1.9264593530193943,1.33848389415313,-0.0970836572630083,3.9735100985112894,-0.443764427250458,1.325265812172996
95.0,117.0,130.0507049560547,-0.0395521985895971,2.666779988316812,-4.116966463743941,-3.680357920047407,-1.9264585109118089,1.33848389742489,-0.0970836610414297,3.973509882411508,-0.4437645746851206,1.3252658031665814
95.0,117.0,130.0507049560547,-0.0395645085554778,2.666779991617088,-4.11695649112566,-3.6803623387232425,-1.9264593530193943,1.33848389415313,-0.0970836571873515,3.9735098827493416,-0.443764427250458,1.32526581208854
95.0,117.0,130.0507049560547,-0.039564849170423,2.666779991617088,-4.116957462409252,-3.680352096147171,-1.926459025794981,1.3384838941286694,-0.0970836611136738,3.973509878800921,-0.4437609161271679,1.3252658031314055
95.0,117.0,130.0507049560547,-0.0395643978215827,2.666779991617088,-4.116957462409252,-3.680352096147171,-1.9264590211498864,1.33848389415313,-0.0970836567411316,3.973509878923773,-0.4437609161271679,1.3252658031314055
95.0,117.0,130.0507049560547,-0.0395643877290175,2.666779991791117,-4.116957488350543,-3.6803623387232425,-1.9264590239387869,1.3384838950047755,-0.0970836665879961,3.973509878923773,-0.4437646021506498,1.3252658120557246
95.0,117.0,130.0507049560547,-0.0395643978215827,2.666779991617088,-4.11695761995014,-3.680351979048179,-1.9264587532999773,1.33848389415313,-0.0970836571873515,3.973509878915612,-0.4437608115079382,1.325265803131739
95.0,117.0,130.0507049560547,-0.0395497611668766,2.66677998891772,-4.1169569000568265,-3.680344604431096,-1.9264830796140868,1.338483908101427,-0.0970836667129683,3.973509889397808,-0.443760925368738,1.3252658029962272
95.0,117.0,130.0507049560547,-0.0395643978215827,2.666779991617088,-4.116957462409252,-3.680352230737955,-1.9264590239387869,1.33848389415313,-0.0970836567550394,3.973509878923773,-0.4437608752008952,1.3252658031720077
95.0,117.0,130.0507049560547,-0.0395498818749286,2.666780037786213,-4.116966574252944,-3.680352068620305,-1.926458748182266,1.3384838977274969,-0.0970836610414297,3.973509882411508,-0.4437646212838012,1.3252658031665814
95.0,117.0,130.0507049560547,-0.0395520265835603,2.666779988915282,-4.116959294033928,-3.680358472470585,-1.9264585952968605,1.3384838968368042,-0.0970836610414297,3.973509882411508,-0.4437645763500952,1.3252658031665814
95.0,117.0,130.0507049560547,-0.0395499382994376,2.666779987972626,-4.116966619259128,-3.680344090284559,-1.9264606604094832,1.3384838948458406,-0.0970836610596099,3.9735097675291313,-0.4437645770130765,1.3252658031665814
95.0,118.0,130.05068969726562,-0.0395496000710018,2.666779991617088,-4.11695649112566,-3.6803622919698697,-1.9264587565589748,1.3384838977234486,-0.0970836570099015,3.973510094567706,-0.443764427250458,1.3252658122368608
95.0,118.0,130.05068969726562,-0.0395497611668766,2.6667799887457058,-4.116959262735716,-3.680344602671716,-1.926458969644805,1.3384839076261352,-0.0970836667129683,3.973509889397808,-0.443760925368738,1.3252658030011966
95.0,118.0,130.05068969726562,-0.0395499382994376,2.666780037786213,-4.116956381632508,-3.680352000305452,-1.92646100079703,1.3384838978663465,-0.0970836610414297,3.973510103442874,-0.4437644298005058,1.3252658031665814
95.0,118.0,130.05068969726562,-0.0395521985895971,2.666779991676479,-4.11695675548119,-3.680352242959677,-1.9264585109118089,1.338483897401484,-0.0970836611102571,3.973509882411508,-0.4437645746851206,1.3252658031653166
95.0,118.0,130.05068969726562,-0.0395501650020429,2.666779987972626,-4.116956623435015,-3.6803431858360938,-1.9264593418335227,1.338483894837046,-0.0970836571815912,3.9735097675291313,-0.4437645770130765,1.3252658121046084
95.0,118.0,130.05068969726562,-0.0395521752061444,2.666779987972626,-4.116956623435015,-3.680352473598708,-1.9264593418335227,1.3384838947631714,-0.0970836612243479,3.9735097675291313,-0.4437645769920175,1.3252658032550109
95.0,118.0,130.05068969726562,-0.0395496000710018,2.666779991617088,-4.11695649112566,-3.6803622919698697,-1.9264587565589748,1.3384838977234486,-0.0970836570099015,3.973510094567706,-0.443764427250458,1.3252658122368608
95.0,118.0,130.05068969726562,-0.0395523254567228,2.6667800354144,-4.116956381632508,-3.680352000305452,-1.92646100079703,1.3384838978663465,-0.0970836610585449,3.973509755940401,-0.4437645755452176,1.3252658031665814
95.0,118.0,130.05068969726562,-0.0395501650020429,2.666779988885915,-4.116956473295759,-3.6803431858360938,-1.9264585973982984,1.338483894837046,-0.0970836571815912,3.9735098879500192,-0.4437645763274239,1.3252658121046084
95.0,118.0,130.05068969726562,-0.0395516918227218,2.666779991617088,-4.11695649112566,-3.6803623387232425,-1.9264593530193943,1.338483897500603,-0.0970836571102378,3.9735098827493416,-0.4437644342612243,1.3252658120897691
95.0,118.0,130.05068969726562,-0.0395497466837475,2.6667799916199737,-4.11695649112566,-3.6803622919698697,-1.9264587494232872,1.3384838977234486,-0.0970836569560643,3.973510094567706,-0.443764427250458,1.3252658122368608
95.0,118.0,130.05068969726562,-0.0395496000710018,2.6667800382819498,-4.116956489740838,-3.6803622919698697,-1.9264587565589748,1.3384838978670772,-0.0970836566604063,3.9735101032266464,-0.443764427250458,1.3252658122368608
95.0,118.0,130.05068969726562,-0.0395501448591779,2.666779987972626,-4.116956623435015,-3.6803431858360938,-1.926459316252724,1.338483894837046,-0.0970836571815912,3.9735097675291313,-0.4437645770130765,1.3252658121046084
95.0,118.0,130.05068969726562,-0.0395505114694463,2.6667799889430626,-4.116956412461431,-3.6803623387232425,-1.9264586016034635,1.3384838950047755,-0.0970836665846568,3.973509878923773,-0.4437646021620969,1.3252658120557246
95.0,118.0,130.05068969726562,-0.0395496202138668,2.666779991617088,-4.11695649112566,-3.6803622919698697,-1.9264587821397736,1.3384838977234486,-0.0970836570099015,3.973510094567706,-0.443764427250458,1.3252658122368608
95.0,118.0,130.05068969726562,-0.0395521752061444,2.666779987972626,-4.116956623435015,-3.680352473598708,-1.9264593418335227,1.3384838941397847,-0.0970836612243479,3.9735097675291313,-0.4437644895602854,1.3252658032550109
95.0,118.0,130.05068969726562,-0.0395483751084453,2.666779991617088,-4.11695649112566,-3.680362291123122,-1.9264593530193943,1.33848389415313,-0.0970836571873515,3.9735098827493416,-0.443764427250458,1.3252658120889058
95.0,118.0,130.05068969726562,-0.0395525728356731,2.6667800354144,-4.116956381632508,-3.680352000305452,-1.92646100079703,1.3384838978949467,-0.0970836568210651,3.973509755940401,-0.4437608118425448,1.3252658031665814
95.0,118.0,130.05068969726562,-0.0395641390064146,2.666779987854347,-4.116956623435015,-3.6803431858360938,-1.926459313269269,1.3384838941527588,-0.0970836571872048,3.9735097675291313,-0.4437645770130765,1.325265803237532
95.0,118.0,130.05068969726562,-0.0395501650773875,2.666779988903852,-4.116956473295759,-3.680362137300958,-1.9264585973982984,1.3384838950703273,-0.0970836571815912,3.9735098864809473,-0.4437645763274239,1.3252658121046084
95.0,118.0,130.05068969726562,-0.0395523254567228,2.6667800347557624,-4.1169567555537,-3.6803522419660704,-1.926461017641914,1.3384838974054665,-0.0970836610585449,3.9735098795022905,-0.4437645746555173,1.3252658031665814
95.0,118.0,130.05068969726562,-0.0395523587425969,2.666779987969833,-4.116956699708541,-3.6803431858360938,-1.926458515776856,1.338483894837046,-0.0970836571815912,3.9735097675291313,-0.4437645770130765,1.3252658120617349
95.0,118.0,130.05068969726562,-0.0395502335899427,2.666779991623533,-4.116956623435015,-3.6803431449320665,-1.9264590354373576,1.3384838947991913,-0.0970836567260036,3.9735097675291313,-0.4437647533410628,1.3252658121046084
95.0,118.0,130.05068969726562,-0.0395526989207289,2.666779991582997,-4.116957462409252,-3.680352096147171,-1.9264585092729551,1.33848389415313,-0.0970836567411316,3.973509878923773,-0.4437609161271679,1.3252658031314055
95.0,118.0,130.05068969726562,-0.039550428591424,2.6667799916826667,-4.116956415999054,-3.6803623387232425,-1.9264593530193943,1.33848389415313,-0.0970836568299132,3.973509879000452,-0.4437644279649861,1.325265812089402
95.0,118.0,130.05068969726562,-0.0395497611668766,2.6667799887457058,-4.116959262735716,-3.680344602671716,-1.9264587611044364,1.3384839076261352,-0.0970836667129683,3.973510102413373,-0.443760925368738,1.3252658030011966
95.0,118.0,130.05068969726562,-0.0395497466084029,2.666779991602038,-4.11695649112566,-3.680343340505005,-1.9264587494232872,1.3384838974901672,-0.0970836569560643,3.973510096036778,-0.443764427250458,1.3252658122368608
95.0,118.0,130.05068969726562,-0.0395498233622304,2.666779991617088,-4.11695653497357,-3.6803622919698697,-1.926458781124724,1.3384838977234486,-0.0970836567565525,3.973510094567706,-0.4437609912075407,1.3252658122368608
95.0,118.0,130.05068969726562,-0.0395495033155603,2.666779991617088,-4.11695649112566,-3.680362291161564,-1.9264593692920733,1.3384838974855076,-0.0970836571087099,3.973510094567706,-0.443764427250458,1.3252658122365126
95.0,118.0,130.05068969726562,-0.0395501650773875,2.666779988903852,-4.116956473295759,-3.6803623381136,-1.9264593465180009,1.3384838950703273,-0.0970836571815912,3.973509858076365,-0.4437645705954512,1.3252658121046084
95.0,118.0,130.05068969726562,-0.0395505132871902,2.6667799889430626,-4.116956408112969,-3.680362679406687,-1.9264584541396343,1.3384838973904198,-0.0970836665846568,3.973509879492207,-0.4437646021213772,1.3252658033494642
95.0,118.0,130.05068969726562,-0.0395526686275731,2.6667799915833936,-4.116957462409252,-3.680352259497762,-1.9264585092729551,1.33848389415313,-0.0970836569542125,3.9735098797619983,-0.4437609161271679,1.325265804133952
95.0,118.0,130.05068969726562,-0.0395497611668766,2.6667799887457058,-4.116959262735716,-3.6803446506241726,-1.926458969644805,1.3384838948462483,-0.0970836667129683,3.973509889397808,-0.4437649425661672,1.3252658030011966
95.0,118.0,130.05068969726562,-0.0395521811202685,2.666779987972626,-4.116956623435015,-3.680352478203216,-1.926459303425473,1.3384838947890247,-0.0970836611149359,3.973509763782375,-0.4437645769622644,1.325265803614581
95.0,118.0,130.05068969726562,-0.0395523271136175,2.666780034536935,-4.116956495111221,-3.6803622919698697,-1.926458753267136,1.3384838977234486,-0.0970836570099015,3.973509882578386,-0.443764427250458,1.3252658122351042
95.0,118.0,130.05068969726562,-0.0395501483444097,2.666779987972626,-4.116956632935758,-3.6803431858360938,-1.9264593418335227,1.3384838938430692,-0.0970836571656737,3.9735097642237776,-0.4437645828318656,1.325265812103918
95.0,118.0,130.05068969726562,-0.0395498233622304,2.666779991617088,-4.11695653497357,-3.680362663670839,-1.9264587776370408,1.3384838977234486,-0.0970836567565525,3.973510094567706,-0.4437609912075407,1.3252658122368608
95.0,118.0,130.05068969726562,-0.0395521752061444,2.666779987972626,-4.116956623435015,-3.680352473598708,-1.926459342305523,1.3384838941378991,-0.0970836612243479,3.9735097675291313,-0.4437645769920175,1.3252658032545297
95.0,118.0,130.05068969726562,-0.0395518087210282,2.666779991617088,-4.11695649112566,-3.680362339531548,-1.9264587658670944,1.3384838977385438,-0.0970836570114294,3.9735098827493416,-0.4437644342612243,1.3252658120901175
95.0,118.0,130.05068969726562,-0.0395497611668766,2.6667799917167407,-4.116956371175902,-3.680344602671716,-1.9264587999537268,1.3384839076261352,-0.0970836567002526,3.973510102413373,-0.4437609949169752,1.3252658030011966
95.0,118.0,130.05068969726562,-0.0395497769015587,2.6667799916016413,-4.11695649112566,-3.6803431771544144,-1.9264587494232872,1.3384838974901672,-0.0970836567429834,3.973510095198554,-0.443764427250458,1.3252658112343143
95.0,118.0,130.05068969726562,-0.0395504884467502,2.666779991617088,-4.11695761995014,-3.680351979048179,-1.9264587534601352,1.3384838977011937,-0.0970836571873515,3.9735100910686216,-0.4437608115079382,1.325265803131739
95.0,118.0,130.05068969726562,-0.0395502335899427,2.666779991623533,-4.116956623435015,-3.68034309697961,-1.9264590354373576,1.338483907579078,-0.0970836567260036,3.9735097675291313,-0.4437607361436337,1.3252658121046084
95.0,118.0,130.05068969726562,-0.0395499382994376,2.666780037214975,-4.116956381632508,-3.680352000305452,-1.92646100079703,1.338483897924841,-0.0970836610414297,3.973510103442874,-0.4437644298005058,1.3252658031665814
95.0,118.0,130.05068969726562,-0.0395641390064146,2.666779987854347,-4.116956623435015,-3.6803431858360938,-1.926459312797269,1.338483894778031,-0.0970836571872048,3.9735097675291313,-0.4437645770130765,1.3252658032380131
95.0,118.0,130.0507049560547,-0.0395643978215827,2.666779991617088,-4.116957390277403,-3.6803622598040864,-1.9264590239387869,1.33848389415313,-0.0970836571873515,3.973509878923773,-0.4437608576596525,1.325265803131739
95.0,118.0,130.0507049560547,-0.0395643978215827,2.666779991617088,-4.116957462409252,-3.6803623387232425,-1.9264590239387869,1.33848389415313,-0.0970836571873515,3.973509878923773,-0.4437646021506498,1.3252658031720077
95.0,118.0,130.0507049560547,-0.0395521864528799,2.666779988915282,-4.116957807681487,-3.680358366796586,-1.9264585109118089,1.3384838975357731,-0.0970836610414297,3.973509882411508,-0.4437645763500952,1.3252658031665814
95.0,118.0,130.0507049560547,-0.0395645085554778,2.666779991617088,-4.11695649112566,-3.6803623387232425,-1.9264593530193943,1.33848389415313,-0.0970836571873515,3.9735098827493416,-0.443764427250458,1.3252658120897691
95.0,118.0,130.0507049560547,-0.0395521985895971,2.666779988915282,-4.116966463743941,-3.680358366796586,-1.9264585109118089,1.3384838975357731,-0.0970836610414297,3.973509882411508,-0.4437645746851206,1.3252658031665814
95.0,119.0,130.05068969726562,-0.0395496000710018,2.666779991617088,-4.11695649112566,-3.6803622919698697,-1.9264587565589748,1.3384838977234486,-0.0970836570099015,3.973510094567706,-0.443764427250458,1.3252658122368608
95.0,119.0,130.05068969726562,-0.0395497611668766,2.6667799887457058,-4.116959262735716,-3.680344602671716,-1.926458969644805,1.3384839076261352,-0.0970836667129683,3.973509889397808,-0.443760925368738,1.3252658030011966
95.0,119.0,130.05068969726562,-0.0395499382994376,2.666780037786213,-4.116956381632508,-3.680352000305452,-1.92646100079703,1.3384838978663465,-0.0970836610414297,3.973510103442874,-0.4437644298005058,1.3252658031665814
95.0,119.0,130.05068969726562,-0.0395521985895971,2.666779991676479,-4.11695675548119,-3.680352242959677,-1.9264585109118089,1.338483897401484,-0.0970836611102571,3.973509882411508,-0.4437645746851206,1.3252658031653166
95.0,119.0,130.05068969726562,-0.0395501650020429,2.666779987972626,-4.116956623435015,-3.6803431858360938,-1.9264593418335227,1.338483894837046,-0.0970836571815912,3.9735097675291313,-0.4437645770130765,1.3252658121046084
95.0,119.0,130.05068969726562,-0.0395521752061444,2.666779987972626,-4.116956623435015,-3.680352473598708,-1.9264593418335227,1.3384838947631714,-0.0970836612243479,3.9735097675291313,-0.4437645769920175,1.3252658032550109
95.0,119.0,130.05068969726562,-0.0395496000710018,2.666779991617088,-4.11695649112566,-3.6803622919698697,-1.9264587565589748,1.3384838977234486,-0.0970836570099015,3.973510094567706,-0.443764427250458,1.3252658122368608
95.0,119.0,130.05068969726562,-0.0395523254567228,2.6667800354144,-4.116956381632508,-3.680352000305452,-1.92646100079703,1.3384838978663465,-0.0970836610585449,3.973509755940401,-0.4437645755452176,1.3252658031665814
95.0,119.0,130.05068969726562,-0.0395501650020429,2.666779988885915,-4.116956473295759,-3.6803431858360938,-1.9264585973982984,1.338483894837046,-0.0970836571815912,3.9735098879500192,-0.4437645763274239,1.3252658121046084
95.0,119.0,130.05068969726562,-0.0395516918227218,2.666779991617088,-4.11695649112566,-3.6803623387232425,-1.9264593530193943,1.338483897500603,-0.0970836571102378,3.9735098827493416,-0.4437644342612243,1.3252658120897691
95.0,119.0,130.05068969726562,-0.0395497466837475,2.6667799916199737,-4.11695649112566,-3.6803622919698697,-1.9264587494232872,1.3384838977234486,-0.0970836569560643,3.973510094567706,-0.443764427250458,1.3252658122368608
95.0,119.0,130.05068969726562,-0.0395496000710018,2.6667800382819498,-4.116956489740838,-3.6803622919698697,-1.9264587565589748,1.3384838978670772,-0.0970836566604063,3.9735101032266464,-0.443764427250458,1.3252658122368608
95.0,119.0,130.05068969726562,-0.0395501448591779,2.666779987972626,-4.116956623435015,-3.6803431858360938,-1.926459316252724,1.338483894837046,-0.0970836571815912,3.9735097675291313,-0.4437645770130765,1.3252658121046084
95.0,119.0,130.05068969726562,-0.0395505114694463,2.6667799889430626,-4.116956412461431,-3.6803623387232425,-1.9264586016034635,1.3384838950047755,-0.0970836665846568,3.973509878923773,-0.4437646021620969,1.3252658120557246
95.0,119.0,130.05068969726562,-0.0395496202138668,2.666779991617088,-4.11695649112566,-3.6803622919698697,-1.9264587821397736,1.3384838977234486,-0.0970836570099015,3.973510094567706,-0.443764427250458,1.3252658122368608
95.0,119.0,130.05068969726562,-0.0395521752061444,2.666779987972626,-4.116956623435015,-3.680352473598708,-1.9264593418335227,1.3384838941397847,-0.0970836612243479,3.9735097675291313,-0.4437644895602854,1.3252658032550109
95.0,119.0,130.05068969726562,-0.0395483751084453,2.666779991617088,-4.11695649112566,-3.680362291123122,-1.9264593530193943,1.33848389415313,-0.0970836571873515,3.9735098827493416,-0.443764427250458,1.3252658120889058
95.0,119.0,130.05068969726562,-0.0395525728356731,2.6667800354144,-4.116956381632508,-3.680352000305452,-1.92646100079703,1.3384838978949467,-0.0970836568210651,3.973509755940401,-0.4437608118425448,1.3252658031665814
95.0,119.0,130.05068969726562,-0.0395641390064146,2.666779987854347,-4.116956623435015,-3.6803431858360938,-1.926459313269269,1.3384838941527588,-0.0970836571872048,3.9735097675291313,-0.4437645770130765,1.325265803237532
95.0,119.0,130.05068969726562,-0.0395501650773875,2.666779988903852,-4.116956473295759,-3.680362137300958,-1.9264585973982984,1.3384838950703273,-0.0970836571815912,3.9735098864809473,-0.4437645763274239,1.3252658121046084
95.0,119.0,130.05068969726562,-0.0395523254567228,2.6667800347557624,-4.1169567555537,-3.6803522419660704,-1.926461017641914,1.3384838974054665,-0.0970836610585449,3.9735098795022905,-0.4437645746555173,1.3252658031665814
95.0,119.0,130.05068969726562,-0.0395523587425969,2.666779987969833,-4.116956699708541,-3.6803431858360938,-1.926458515776856,1.338483894837046,-0.0970836571815912,3.9735097675291313,-0.4437645770130765,1.3252658120617349
95.0,119.0,130.05068969726562,-0.0395502335899427,2.666779991623533,-4.116956623435015,-3.6803431449320665,-1.9264590354373576,1.3384838947991913,-0.0970836567260036,3.9735097675291313,-0.4437647533410628,1.3252658121046084
95.0,119.0,130.05068969726562,-0.0395526989207289,2.666779991582997,-4.116957462409252,-3.680352096147171,-1.9264585092729551,1.33848389415313,-0.0970836567411316,3.973509878923773,-0.4437609161271679,1.3252658031314055
95.0,119.0,130.05068969726562,-0.039550428591424,2.6667799916826667,-4.116956415999054,-3.6803623387232425,-1.9264593530193943,1.33848389415313,-0.0970836568299132,3.973509879000452,-0.4437644279649861,1.325265812089402
95.0,119.0,130.05068969726562,-0.0395497611668766,2.6667799887457058,-4.116959262735716,-3.680344602671716,-1.9264587611044364,1.3384839076261352,-0.0970836667129683,3.973510102413373,-0.443760925368738,1.3252658030011966
95.0,119.0,130.05068969726562,-0.0395497466084029,2.666779991602038,-4.11695649112566,-3.680343340505005,-1.9264587494232872,1.3384838974901672,-0.0970836569560643,3.973510096036778,-0.443764427250458,1.3252658122368608
95.0,119.0,130.05068969726562,-0.0395498233622304,2.666779991617088,-4.11695653497357,-3.6803622919698697,-1.926458781124724,1.3384838977234486,-0.0970836567565525,3.973510094567706,-0.4437609912075407,1.3252658122368608
95.0,119.0,130.05068969726562,-0.0395495033155603,2.666779991617088,-4.11695649112566,-3.680362291161564,-1.9264593692920733,1.3384838974855076,-0.0970836571087099,3.973510094567706,-0.443764427250458,1.3252658122365126
95.0,119.0,130.05068969726562,-0.0395501650773875,2.666779988903852,-4.116956473295759,-3.6803623381136,-1.9264593465180009,1.3384838950703273,-0.0970836571815912,3.973509858076365,-0.4437645705954512,1.3252658121046084
95.0,119.0,130.05068969726562,-0.0395505132871902,2.6667799889430626,-4.116956408112969,-3.680362679406687,-1.9264584541396343,1.3384838973904198,-0.0970836665846568,3.973509879492207,-0.4437646021213772,1.3252658033494642
95.0,119.0,130.05068969726562,-0.0395526686275731,2.6667799915833936,-4.116957462409252,-3.680352259497762,-1.9264585092729551,1.33848389415313,-0.0970836569542125,3.9735098797619983,-0.4437609161271679,1.325265804133952
95.0,119.0,130.05068969726562,-0.0395497611668766,2.6667799887457058,-4.116959262735716,-3.6803446506241726,-1.926458969644805,1.3384838948462483,-0.0970836667129683,3.973509889397808,-0.4437649425661672,1.3252658030011966
95.0,119.0,130.05068969726562,-0.0395521811202685,2.666779987972626,-4.116956623435015,-3.680352478203216,-1.926459303425473,1.3384838947890247,-0.0970836611149359,3.973509763782375,-0.4437645769622644,1.325265803614581
95.0,119.0,130.05068969726562,-0.0395523271136175,2.666780034536935,-4.116956495111221,-3.6803622919698697,-1.926458753267136,1.3384838977234486,-0.0970836570099015,3.973509882578386,-0.443764427250458,1.3252658122351042
95.0,119.0,130.05068969726562,-0.0395501483444097,2.666779987972626,-4.116956632935758,-3.6803431858360938,-1.9264593418335227,1.3384838938430692,-0.0970836571656737,3.9735097642237776,-0.4437645828318656,1.325265812103918
95.0,119.0,130.05068969726562,-0.0395498233622304,2.666779991617088,-4.11695653497357,-3.680362663670839,-1.9264587776370408,1.3384838977234486,-0.0970836567565525,3.973510094567706,-0.4437609912075407,1.3252658122368608
95.0,119.0,130.05068969726562,-0.0395521752061444,2.666779987972626,-4.116956623435015,-3.680352473598708,-1.926459342305523,1.3384838941378991,-0.0970836612243479,3.9735097675291313,-0.4437645769920175,1.3252658032545297
95.0,119.0,130.05068969726562,-0.0395518087210282,2.666779991617088,-4.11695649112566,-3.680362339531548,-1.9264587658670944,1.3384838977385438,-0.0970836570114294,3.9735098827493416,-0.4437644342612243,1.3252658120901175
95.0,119.0,130.05068969726562,-0.0395497611668766,2.6667799917167407,-4.116956371175902,-3.680344602671716,-1.9264587999537268,1.3384839076261352,-0.0970836567002526,3.973510102413373,-0.4437609949169752,1.3252658030011966
95.0,119.0,130.05068969726562,-0.0395497769015587,2.6667799916016413,-4.11695649112566,-3.6803431771544144,-1.9264587494232872,1.3384838974901672,-0.0970836567429834,3.973510095198554,-0.443764427250458,1.3252658112343143
95.0,119.0,130.05068969726562,-0.0395504884467502,2.666779991617088,-4.11695761995014,-3.680351979048179,-1.9264587534601352,1.3384838977011937,-0.0970836571873515,3.9735100910686216,-0.4437608115079382,1.325265803131739
95.0,119.0,130.05068969726562,-0.0395502335899427,2.666779991623533,-4.116956623435015,-3.68034309697961,-1.9264590354373576,1.338483907579078,-0.0970836567260036,3.9735097675291313,-0.4437607361436337,1.3252658121046084
95.0,119.0,130.05068969726562,-0.0395499382994376,2.666780037214975,-4.116956381632508,-3.680352000305452,-1.92646100079703,1.338483897924841,-0.0970836610414297,3.973510103442874,-0.4437644298005058,1.3252658031665814
95.0,119.0,130.05068969726562,-0.0395641390064146,2.666779987854347,-4.116956623435015,-3.6803431858360938,-1.926459312797269,1.338483894778031,-0.0970836571872048,3.9735097675291313,-0.4437645770130765,1.3252658032380131
95.0,119.0,130.05068969726562,-0.0395501650773875,2.666779988002931,-4.116956622675661,-3.680362137300958,-1.9264594437833824,1.3384838950703273,-0.0970836571815912,3.973509768478852,-0.4437645763274239,1.3252658121046084
95.0,119.0,130.05068969726562,-0.0395523254567228,2.6667799868162807,-4.1169567555537,-3.68036259544512,-1.926461017641914,1.338483897391217,-0.0970836666955391,3.9735098795022905,-0.4437645746555173,1.3252658031775228
95.0,119.0,130.05068969726562,-0.0395522014637144,2.6667799876804024,-4.116956632079846,-3.6803625390132777,-1.926459342305523,1.3384838941846702,-0.0970836613196705,3.9735097675291313,-0.4437645785566198,1.3252658032545297
95.0,119.0,130.05068969726562,-0.0395497389100234,2.666779991619789,-4.11695649112566,-3.6803622919698697,-1.9264587566529248,1.3384838977234486,-0.0970836570099015,3.973510094567706,-0.443764427250458,1.3252658122368608
95.0,119.0,130.05068969726562,-0.0395501833281561,2.666779987940415,-4.116956618290182,-3.680362193903243,-1.9264592957571065,1.3384838950703273,-0.0970836571815912,3.9735098864809473,-0.4437645763274239,1.3252658121046084
95.0,120.0,130.05068969726562,-0.0395496000710018,2.666779991617088,-4.11695649112566,-3.6803622919698697,-1.9264587565589748,1.3384838977234486,-0.0970836570099015,3.973510094567706,-0.443764427250458,1.3252658122368608
95.0,120.0,130.05068969726562,-0.0395497611668766,2.6667799887457058,-4.116959262735716,-3.680344602671716,-1.926458969644805,1.3384839076261352,-0.0970836667129683,3.973509889397808,-0.443760925368738,1.3252658030011966
95.0,120.0,130.05068969726562,-0.0395499382994376,2.666780037786213,-4.116956381632508,-3.680352000305452,-1.92646100079703,1.3384838978663465,-0.0970836610414297,3.973510103442874,-0.4437644298005058,1.3252658031665814
95.0,120.0,130.05068969726562,-0.0395521985895971,2.666779991676479,-4.11695675548119,-3.680352242959677,-1.9264585109118089,1.338483897401484,-0.0970836611102571,3.973509882411508,-0.4437645746851206,1.3252658031653166
95.0,120.0,130.05068969726562,-0.0395501650020429,2.666779987972626,-4.116956623435015,-3.6803431858360938,-1.9264593418335227,1.338483894837046,-0.0970836571815912,3.9735097675291313,-0.4437645770130765,1.3252658121046084
95.0,120.0,130.05068969726562,-0.0395521752061444,2.666779987972626,-4.116956623435015,-3.680352473598708,-1.9264593418335227,1.3384838947631714,-0.0970836612243479,3.9735097675291313,-0.4437645769920175,1.3252658032550109
95.0,120.0,130.05068969726562,-0.0395496000710018,2.666779991617088,-4.11695649112566,-3.6803622919698697,-1.9264587565589748,1.3384838977234486,-0.0970836570099015,3.973510094567706,-0.443764427250458,1.3252658122368608
95.0,120.0,130.05068969726562,-0.0395523254567228,2.6667800354144,-4.116956381632508,-3.680352000305452,-1.92646100079703,1.3384838978663465,-0.0970836610585449,3.973509755940401,-0.4437645755452176,1.3252658031665814
95.0,120.0,130.05068969726562,-0.0395501650020429,2.666779988885915,-4.116956473295759,-3.6803431858360938,-1.9264585973982984,1.338483894837046,-0.0970836571815912,3.9735098879500192,-0.4437645763274239,1.3252658121046084
95.0,120.0,130.05068969726562,-0.0395516918227218,2.666779991617088,-4.11695649112566,-3.6803623387232425,-1.9264593530193943,1.338483897500603,-0.0970836571102378,3.9735098827493416,-0.4437644342612243,1.3252658120897691
95.0,120.0,130.05068969726562,-0.0395497466837475,2.6667799916199737,-4.11695649112566,-3.6803622919698697,-1.9264587494232872,1.3384838977234486,-0.0970836569560643,3.973510094567706,-0.443764427250458,1.3252658122368608
95.0,120.0,130.05068969726562,-0.0395496000710018,2.6667800382819498,-4.116956489740838,-3.6803622919698697,-1.9264587565589748,1.3384838978670772,-0.0970836566604063,3.9735101032266464,-0.443764427250458,1.3252658122368608
95.0,120.0,130.05068969726562,-0.0395501448591779,2.666779987972626,-4.116956623435015,-3.6803431858360938,-1.926459316252724,1.338483894837046,-0.0970836571815912,3.9735097675291313,-0.4437645770130765,1.3252658121046084
95.0,120.0,130.05068969726562,-0.0395505114694463,2.6667799889430626,-4.116956412461431,-3.6803623387232425,-1.9264586016034635,1.3384838950047755,-0.0970836665846568,3.973509878923773,-0.4437646021620969,1.3252658120557246
95.0,120.0,130.05068969726562,-0.0395496202138668,2.666779991617088,-4.11695649112566,-3.6803622919698697,-1.9264587821397736,1.3384838977234486,-0.0970836570099015,3.973510094567706,-0.443764427250458,1.3252658122368608
95.0,120.0,130.05068969726562,-0.0395521752061444,2.666779987972626,-4.116956623435015,-3.680352473598708,-1.9264593418335227,1.3384838941397847,-0.0970836612243479,3.9735097675291313,-0.4437644895602854,1.3252658032550109
95.0,120.0,130.05068969726562,-0.0395483751084453,2.666779991617088,-4.11695649112566,-3.680362291123122,-1.9264593530193943,1.33848389415313,-0.0970836571873515,3.9735098827493416,-0.443764427250458,1.3252658120889058
95.0,120.0,130.05068969726562,-0.0395525728356731,2.6667800354144,-4.116956381632508,-3.680352000305452,-1.92646100079703,1.3384838978949467,-0.0970836568210651,3.973509755940401,-0.4437608118425448,1.3252658031665814
95.0,120.0,130.05068969726562,-0.0395641390064146,2.666779987854347,-4.116956623435015,-3.6803431858360938,-1.926459313269269,1.3384838941527588,-0.0970836571872048,3.9735097675291313,-0.4437645770130765,1.325265803237532
95.0,120.0,130.05068969726562,-0.0395501650773875,2.666779988903852,-4.116956473295759,-3.680362137300958,-1.9264585973982984,1.3384838950703273,-0.0970836571815912,3.9735098864809473,-0.4437645763274239,1.3252658121046084
95.0,120.0,130.05068969726562,-0.0395523254567228,2.6667800347557624,-4.1169567555537,-3.6803522419660704,-1.926461017641914,1.3384838974054665,-0.0970836610585449,3.9735098795022905,-0.4437645746555173,1.3252658031665814
95.0,120.0,130.05068969726562,-0.0395523587425969,2.666779987969833,-4.116956699708541,-3.6803431858360938,-1.926458515776856,1.338483894837046,-0.0970836571815912,3.9735097675291313,-0.4437645770130765,1.3252658120617349
95.0,120.0,130.05068969726562,-0.0395502335899427,2.666779991623533,-4.116956623435015,-3.6803431449320665,-1.9264590354373576,1.3384838947991913,-0.0970836567260036,3.9735097675291313,-0.4437647533410628,1.3252658121046084
95.0,120.0,130.05068969726562,-0.0395526989207289,2.666779991582997,-4.116957462409252,-3.680352096147171,-1.9264585092729551,1.33848389415313,-0.0970836567411316,3.973509878923773,-0.4437609161271679,1.3252658031314055
95.0,120.0,130.05068969726562,-0.039550428591424,2.6667799916826667,-4.116956415999054,-3.6803623387232425,-1.9264593530193943,1.33848389415313,-0.0970836568299132,3.973509879000452,-0.4437644279649861,1.325265812089402
95.0,120.0,130.05068969726562,-0.0395497611668766,2.6667799887457058,-4.116959262735716,-3.680344602671716,-1.9264587611044364,1.3384839076261352,-0.0970836667129683,3.973510102413373,-0.443760925368738,1.3252658030011966
95.0,120.0,130.05068969726562,-0.0395497466084029,2.666779991602038,-4.11695649112566,-3.680343340505005,-1.9264587494232872,1.3384838974901672,-0.0970836569560643,3.973510096036778,-0.443764427250458,1.3252658122368608
95.0,120.0,130.05068969726562,-0.0395498233622304,2.666779991617088,-4.11695653497357,-3.6803622919698697,-1.926458781124724,1.3384838977234486,-0.0970836567565525,3.973510094567706,-0.4437609912075407,1.3252658122368608
95.0,120.0,130.05068969726562,-0.0395495033155603,2.666779991617088,-4.11695649112566,-3.680362291161564,-1.9264593692920733,1.3384838974855076,-0.0970836571087099,3.973510094567706,-0.443764427250458,1.3252658122365126
95.0,120.0,130.05068969726562,-0.0395501650773875,2.666779988903852,-4.116956473295759,-3.6803623381136,-1.9264593465180009,1.3384838950703273,-0.0970836571815912,3.973509858076365,-0.4437645705954512,1.3252658121046084
95.0,120.0,130.05068969726562,-0.0395505132871902,2.6667799889430626,-4.116956408112969,-3.680362679406687,-1.9264584541396343,1.3384838973904198,-0.0970836665846568,3.973509879492207,-0.4437646021213772,1.3252658033494642
95.0,120.0,130.05068969726562,-0.0395526686275731,2.6667799915833936,-4.116957462409252,-3.680352259497762,-1.9264585092729551,1.33848389415313,-0.0970836569542125,3.9735098797619983,-0.4437609161271679,1.325265804133952
95.0,120.0,130.05068969726562,-0.0395497611668766,2.6667799887457058,-4.116959262735716,-3.6803446506241726,-1.926458969644805,1.3384838948462483,-0.0970836667129683,3.973509889397808,-0.4437649425661672,1.3252658030011966
95.0,120.0,130.05068969726562,-0.0395521811202685,2.666779987972626,-4.116956623435015,-3.680352478203216,-1.926459303425473,1.3384838947890247,-0.0970836611149359,3.973509763782375,-0.4437645769622644,1.325265803614581
95.0,120.0,130.05068969726562,-0.0395523271136175,2.666780034536935,-4.116956495111221,-3.6803622919698697,-1.926458753267136,1.3384838977234486,-0.0970836570099015,3.973509882578386,-0.443764427250458,1.3252658122351042
95.0,120.0,130.05068969726562,-0.0395501483444097,2.666779987972626,-4.116956632935758,-3.6803431858360938,-1.9264593418335227,1.3384838938430692,-0.0970836571656737,3.9735097642237776,-0.4437645828318656,1.325265812103918
95.0,120.0,130.05068969726562,-0.0395498233622304,2.666779991617088,-4.11695653497357,-3.680362663670839,-1.9264587776370408,1.3384838977234486,-0.0970836567565525,3.973510094567706,-0.4437609912075407,1.3252658122368608
95.0,120.0,130.05068969726562,-0.0395521752061444,2.666779987972626,-4.116956623435015,-3.680352473598708,-1.926459342305523,1.3384838941378991,-0.0970836612243479,3.9735097675291313,-0.4437645769920175,1.3252658032545297
95.0,120.0,130.05068969726562,-0.0395518087210282,2.666779991617088,-4.11695649112566,-3.680362339531548,-1.9264587658670944,1.3384838977385438,-0.0970836570114294,3.9735098827493416,-0.4437644342612243,1.3252658120901175
95.0,120.0,130.05068969726562,-0.0395497611668766,2.6667799917167407,-4.116956371175902,-3.680344602671716,-1.9264587999537268,1.3384839076261352,-0.0970836567002526,3.973510102413373,-0.4437609949169752,1.3252658030011966
95.0,120.0,130.05068969726562,-0.0395497769015587,2.6667799916016413,-4.11695649112566,-3.6803431771544144,-1.9264587494232872,1.3384838974901672,-0.0970836567429834,3.973510095198554,-0.443764427250458,1.3252658112343143
95.0,120.0,130.05068969726562,-0.0395504884467502,2.666779991617088,-4.11695761995014,-3.680351979048179,-1.9264587534601352,1.3384838977011937,-0.0970836571873515,3.9735100910686216,-0.4437608115079382,1.325265803131739
95.0,120.0,130.05068969726562,-0.0395502335899427,2.666779991623533,-4.116956623435015,-3.68034309697961,-1.9264590354373576,1.338483907579078,-0.0970836567260036,3.9735097675291313,-0.4437607361436337,1.3252658121046084
95.0,120.0,130.05068969726562,-0.0395499382994376,2.666780037214975,-4.116956381632508,-3.680352000305452,-1.92646100079703,1.338483897924841,-0.0970836610414297,3.973510103442874,-0.4437644298005058,1.3252658031665814
95.0,120.0,130.05068969726562,-0.0395641390064146,2.666779987854347,-4.116956623435015,-3.6803431858360938,-1.926459312797269,1.338483894778031,-0.0970836571872048,3.9735097675291313,-0.4437645770130765,1.3252658032380131
95.0,120.0,130.05068969726562,-0.0395501650773875,2.666779988002931,-4.116956622675661,-3.680362137300958,-1.9264594437833824,1.3384838950703273,-0.0970836571815912,3.973509768478852,-0.4437645763274239,1.3252658121046084
95.0,120.0,130.05068969726562,-0.0395523254567228,2.6667799868162807,-4.1169567555537,-3.68036259544512,-1.926461017641914,1.338483897391217,-0.0970836666955391,3.9735098795022905,-0.4437645746555173,1.3252658031775228
95.0,120.0,130.05068969726562,-0.0395522014637144,2.6667799876804024,-4.116956632079846,-3.6803625390132777,-1.926459342305523,1.3384838941846702,-0.0970836613196705,3.9735097675291313,-0.4437645785566198,1.3252658032545297
95.0,120.0,130.05068969726562,-0.0395497389100234,2.666779991619789,-4.11695649112566,-3.6803622919698697,-1.9264587566529248,1.3384838977234486,-0.0970836570099015,3.973510094567706,-0.443764427250458,1.3252658122368608
95.0,120.0,130.05068969726562,-0.0395501833281561,2.666779987940415,-4.116956618290182,-3.680362193903243,-1.9264592957571065,1.3384838950703273,-0.0970836571815912,3.9735098864809473,-0.4437645763274239,1.3252658121046084
95.0,121.0,130.05068969726562,-0.0395496000710018,2.666779991617088,-4.11695649112566,-3.6803622919698697,-1.9264587565589748,1.3384838977234486,-0.0970836570099015,3.973510094567706,-0.443764427250458,1.3252658122368608
95.0,121.0,130.05068969726562,-0.0395497611668766,2.6667799887457058,-4.116959262735716,-3.680344602671716,-1.926458969644805,1.3384839076261352,-0.0970836667129683,3.973509889397808,-0.443760925368738,1.3252658030011966
95.0,121.0,130.05068969726562,-0.0395499382994376,2.666780037786213,-4.116956381632508,-3.680352000305452,-1.92646100079703,1.3384838978663465,-0.0970836610414297,3.973510103442874,-0.4437644298005058,1.3252658031665814
95.0,121.0,130.05068969726562,-0.0395521985895971,2.666779991676479,-4.11695675548119,-3.680352242959677,-1.9264585109118089,1.338483897401484,-0.0970836611102571,3.973509882411508,-0.4437645746851206,1.3252658031653166
95.0,121.0,130.05068969726562,-0.0395501650020429,2.666779987972626,-4.116956623435015,-3.6803431858360938,-1.9264593418335227,1.338483894837046,-0.0970836571815912,3.9735097675291313,-0.4437645770130765,1.3252658121046084
95.0,121.0,130.05068969726562,-0.0395521752061444,2.666779987972626,-4.116956623435015,-3.680352473598708,-1.9264593418335227,1.3384838947631714,-0.0970836612243479,3.9735097675291313,-0.4437645769920175,1.3252658032550109
95.0,121.0,130.05068969726562,-0.0395496000710018,2.666779991617088,-4.11695649112566,-3.6803622919698697,-1.9264587565589748,1.3384838977234486,-0.0970836570099015,3.973510094567706,-0.443764427250458,1.3252658122368608
95.0,121.0,130.05068969726562,-0.0395523254567228,2.6667800354144,-4.116956381632508,-3.680352000305452,-1.92646100079703,1.3384838978663465,-0.0970836610585449,3.973509755940401,-0.4437645755452176,1.3252658031665814
95.0,121.0,130.05068969726562,-0.0395501650020429,2.666779988885915,-4.116956473295759,-3.6803431858360938,-1.9264585973982984,1.338483894837046,-0.0970836571815912,3.9735098879500192,-0.4437645763274239,1.3252658121046084
95.0,121.0,130.05068969726562,-0.0395516918227218,2.666779991617088,-4.11695649112566,-3.6803623387232425,-1.9264593530193943,1.338483897500603,-0.0970836571102378,3.9735098827493416,-0.4437644342612243,1.3252658120897691
95.0,121.0,130.05068969726562,-0.0395497466837475,2.6667799916199737,-4.11695649112566,-3.6803622919698697,-1.9264587494232872,1.3384838977234486,-0.0970836569560643,3.973510094567706,-0.443764427250458,1.3252658122368608
95.0,121.0,130.05068969726562,-0.0395496000710018,2.6667800382819498,-4.116956489740838,-3.6803622919698697,-1.9264587565589748,1.3384838978670772,-0.0970836566604063,3.9735101032266464,-0.443764427250458,1.3252658122368608
95.0,121.0,130.05068969726562,-0.0395501448591779,2.666779987972626,-4.116956623435015,-3.6803431858360938,-1.926459316252724,1.338483894837046,-0.0970836571815912,3.9735097675291313,-0.4437645770130765,1.3252658121046084
95.0,121.0,130.05068969726562,-0.0395505114694463,2.6667799889430626,-4.116956412461431,-3.6803623387232425,-1.9264586016034635,1.3384838950047755,-0.0970836665846568,3.973509878923773,-0.4437646021620969,1.3252658120557246
95.0,121.0,130.05068969726562,-0.0395496202138668,2.666779991617088,-4.11695649112566,-3.6803622919698697,-1.9264587821397736,1.3384838977234486,-0.0970836570099015,3.973510094567706,-0.443764427250458,1.3252658122368608
95.0,121.0,130.05068969726562,-0.0395521752061444,2.666779987972626,-4.116956623435015,-3.680352473598708,-1.9264593418335227,1.3384838941397847,-0.0970836612243479,3.9735097675291313,-0.4437644895602854,1.3252658032550109
95.0,121.0,130.05068969726562,-0.0395483751084453,2.666779991617088,-4.11695649112566,-3.680362291123122,-1.9264593530193943,1.33848389415313,-0.0970836571873515,3.9735098827493416,-0.443764427250458,1.3252658120889058
95.0,121.0,130.05068969726562,-0.0395525728356731,2.6667800354144,-4.116956381632508,-3.680352000305452,-1.92646100079703,1.3384838978949467,-0.0970836568210651,3.973509755940401,-0.4437608118425448,1.3252658031665814
95.0,121.0,130.05068969726562,-0.0395641390064146,2.666779987854347,-4.116956623435015,-3.6803431858360938,-1.926459313269269,1.3384838941527588,-0.0970836571872048,3.9735097675291313,-0.4437645770130765,1.325265803237532
95.0,121.0,130.05068969726562,-0.0395501650773875,2.666779988903852,-4.116956473295759,-3.680362137300958,-1.9264585973982984,1.3384838950703273,-0.0970836571815912,3.9735098864809473,-0.4437645763274239,1.3252658121046084
95.0,121.0,130.05068969726562,-0.0395523254567228,2.6667800347557624,-4.1169567555537,-3.6803522419660704,-1.926461017641914,1.3384838974054665,-0.0970836610585449,3.9735098795022905,-0.4437645746555173,1.3252658031665814
95.0,121.0,130.05068969726562,-0.0395523587425969,2.666779987969833,-4.116956699708541,-3.6803431858360938,-1.926458515776856,1.338483894837046,-0.0970836571815912,3.9735097675291313,-0.4437645770130765,1.3252658120617349
95.0,121.0,130.05068969726562,-0.0395502335899427,2.666779991623533,-4.116956623435015,-3.6803431449320665,-1.9264590354373576,1.3384838947991913,-0.0970836567260036,3.9735097675291313,-0.4437647533410628,1.3252658121046084
95.0,121.0,130.05068969726562,-0.0395526989207289,2.666779991582997,-4.116957462409252,-3.680352096147171,-1.9264585092729551,1.33848389415313,-0.0970836567411316,3.973509878923773,-0.4437609161271679,1.3252658031314055
95.0,121.0,130.05068969726562,-0.039550428591424,2.6667799916826667,-4.116956415999054,-3.6803623387232425,-1.9264593530193943,1.33848389415313,-0.0970836568299132,3.973509879000452,-0.4437644279649861,1.325265812089402
95.0,121.0,130.05068969726562,-0.0395497611668766,2.6667799887457058,-4.116959262735716,-3.680344602671716,-1.9264587611044364,1.3384839076261352,-0.0970836667129683,3.973510102413373,-0.443760925368738,1.3252658030011966
95.0,121.0,130.05068969726562,-0.0395497466084029,2.666779991602038,-4.11695649112566,-3.680343340505005,-1.9264587494232872,1.3384838974901672,-0.0970836569560643,3.973510096036778,-0.443764427250458,1.3252658122368608
95.0,121.0,130.05068969726562,-0.0395498233622304,2.666779991617088,-4.11695653497357,-3.6803622919698697,-1.926458781124724,1.3384838977234486,-0.0970836567565525,3.973510094567706,-0.4437609912075407,1.3252658122368608
95.0,121.0,130.05068969726562,-0.0395495033155603,2.666779991617088,-4.11695649112566,-3.680362291161564,-1.9264593692920733,1.3384838974855076,-0.0970836571087099,3.973510094567706,-0.443764427250458,1.3252658122365126
95.0,121.0,130.05068969726562,-0.0395501650773875,2.666779988903852,-4.116956473295759,-3.6803623381136,-1.9264593465180009,1.3384838950703273,-0.0970836571815912,3.973509858076365,-0.4437645705954512,1.3252658121046084
95.0,121.0,130.05068969726562,-0.0395505132871902,2.6667799889430626,-4.116956408112969,-3.680362679406687,-1.9264584541396343,1.3384838973904198,-0.0970836665846568,3.973509879492207,-0.4437646021213772,1.3252658033494642
95.0,121.0,130.05068969726562,-0.0395526686275731,2.6667799915833936,-4.116957462409252,-3.680352259497762,-1.9264585092729551,1.33848389415313,-0.0970836569542125,3.9735098797619983,-0.4437609161271679,1.325265804133952
95.0,121.0,130.05068969726562,-0.0395497611668766,2.6667799887457058,-4.116959262735716,-3.6803446506241726,-1.926458969644805,1.3384838948462483,-0.0970836667129683,3.973509889397808,-0.4437649425661672,1.3252658030011966
95.0,121.0,130.05068969726562,-0.0395521811202685,2.666779987972626,-4.116956623435015,-3.680352478203216,-1.926459303425473,1.3384838947890247,-0.0970836611149359,3.973509763782375,-0.4437645769622644,1.325265803614581
95.0,121.0,130.05068969726562,-0.0395523271136175,2.666780034536935,-4.116956495111221,-3.6803622919698697,-1.926458753267136,1.3384838977234486,-0.0970836570099015,3.973509882578386,-0.443764427250458,1.3252658122351042
95.0,121.0,130.05068969726562,-0.0395501483444097,2.666779987972626,-4.116956632935758,-3.6803431858360938,-1.9264593418335227,1.3384838938430692,-0.0970836571656737,3.9735097642237776,-0.4437645828318656,1.325265812103918
95.0,121.0,130.05068969726562,-0.0395498233622304,2.666779991617088,-4.11695653497357,-3.680362663670839,-1.9264587776370408,1.3384838977234486,-0.0970836567565525,3.973510094567706,-0.4437609912075407,1.3252658122368608
95.0,121.0,130.05068969726562,-0.0395521752061444,2.666779987972626,-4.116956623435015,-3.680352473598708,-1.926459342305523,1.3384838941378991,-0.0970836612243479,3.9735097675291313,-0.4437645769920175,1.3252658032545297
95.0,121.0,130.05068969726562,-0.0395518087210282,2.666779991617088,-4.11695649112566,-3.680362339531548,-1.9264587658670944,1.3384838977385438,-0.0970836570114294,3.9735098827493416,-0.4437644342612243,1.3252658120901175
95.0,121.0,130.05068969726562,-0.0395497611668766,2.6667799917167407,-4.116956371175902,-3.680344602671716,-1.9264587999537268,1.3384839076261352,-0.0970836567002526,3.973510102413373,-0.4437609949169752,1.3252658030011966
95.0,121.0,130.05068969726562,-0.0395497769015587,2.6667799916016413,-4.11695649112566,-3.6803431771544144,-1.9264587494232872,1.3384838974901672,-0.0970836567429834,3.973510095198554,-0.443764427250458,1.3252658112343143
95.0,121.0,130.05068969726562,-0.0395504884467502,2.666779991617088,-4.11695761995014,-3.680351979048179,-1.9264587534601352,1.3384838977011937,-0.0970836571873515,3.9735100910686216,-0.4437608115079382,1.325265803131739
95.0,121.0,130.05068969726562,-0.0395502335899427,2.666779991623533,-4.116956623435015,-3.68034309697961,-1.9264590354373576,1.338483907579078,-0.0970836567260036,3.9735097675291313,-0.4437607361436337,1.3252658121046084
95.0,121.0,130.05068969726562,-0.0395499382994376,2.666780037214975,-4.116956381632508,-3.680352000305452,-1.92646100079703,1.338483897924841,-0.0970836610414297,3.973510103442874,-0.4437644298005058,1.3252658031665814
95.0,121.0,130.05068969726562,-0.0395641390064146,2.666779987854347,-4.116956623435015,-3.6803431858360938,-1.926459312797269,1.338483894778031,-0.0970836571872048,3.9735097675291313,-0.4437645770130765,1.3252658032380131
95.0,121.0,130.05068969726562,-0.0395501650773875,2.666779988002931,-4.116956622675661,-3.680362137300958,-1.9264594437833824,1.3384838950703273,-0.0970836571815912,3.973509768478852,-0.4437645763274239,1.3252658121046084
95.0,121.0,130.05068969726562,-0.0395523254567228,2.6667799868162807,-4.1169567555537,-3.68036259544512,-1.926461017641914,1.338483897391217,-0.0970836666955391,3.9735098795022905,-0.4437645746555173,1.3252658031775228
95.0,121.0,130.05068969726562,-0.0395522014637144,2.6667799876804024,-4.116956632079846,-3.6803625390132777,-1.926459342305523,1.3384838941846702,-0.0970836613196705,3.9735097675291313,-0.4437645785566198,1.3252658032545297
95.0,121.0,130.05068969726562,-0.0395497389100234,2.666779991619789,-4.11695649112566,-3.6803622919698697,-1.9264587566529248,1.3384838977234486,-0.0970836570099015,3.973510094567706,-0.443764427250458,1.3252658122368608
95.0,121.0,130.05068969726562,-0.0395501833281561,2.666779987940415,-4.116956618290182,-3.680362193903243,-1.9264592957571065,1.3384838950703273,-0.0970836571815912,3.9735098864809473,-0.4437645763274239,1.3252658121046084
95.0,122.0,130.05068969726562,-0.0395496000710018,2.666779991617088,-4.11695649112566,-3.6803622919698697,-1.9264587565589748,1.3384838977234486,-0.0970836570099015,3.973510094567706,-0.443764427250458,1.3252658122368608
95.0,122.0,130.05068969726562,-0.0395497611668766,2.6667799887457058,-4.116959262735716,-3.680344602671716,-1.926458969644805,1.3384839076261352,-0.0970836667129683,3.973509889397808,-0.443760925368738,1.3252658030011966
95.0,122.0,130.05068969726562,-0.0395499382994376,2.666780037786213,-4.116956381632508,-3.680352000305452,-1.92646100079703,1.3384838978663465,-0.0970836610414297,3.973510103442874,-0.4437644298005058,1.3252658031665814
95.0,122.0,130.05068969726562,-0.0395521985895971,2.666779991676479,-4.11695675548119,-3.680352242959677,-1.9264585109118089,1.338483897401484,-0.0970836611102571,3.973509882411508,-0.4437645746851206,1.3252658031653166
95.0,122.0,130.05068969726562,-0.0395501650020429,2.666779987972626,-4.116956623435015,-3.6803431858360938,-1.9264593418335227,1.338483894837046,-0.0970836571815912,3.9735097675291313,-0.4437645770130765,1.3252658121046084
95.0,122.0,130.05068969726562,-0.0395521752061444,2.666779987972626,-4.116956623435015,-3.680352473598708,-1.9264593418335227,1.3384838947631714,-0.0970836612243479,3.9735097675291313,-0.4437645769920175,1.3252658032550109
95.0,122.0,130.05068969726562,-0.0395496000710018,2.666779991617088,-4.11695649112566,-3.6803622919698697,-1.9264587565589748,1.3384838977234486,-0.0970836570099015,3.973510094567706,-0.443764427250458,1.3252658122368608
95.0,122.0,130.05068969726562,-0.0395523254567228,2.6667800354144,-4.116956381632508,-3.680352000305452,-1.92646100079703,1.3384838978663465,-0.0970836610585449,3.973509755940401,-0.4437645755452176,1.3252658031665814
95.0,122.0,130.05068969726562,-0.0395501650020429,2.666779988885915,-4.116956473295759,-3.6803431858360938,-1.9264585973982984,1.338483894837046,-0.0970836571815912,3.9735098879500192,-0.4437645763274239,1.3252658121046084
95.0,122.0,130.05068969726562,-0.0395516918227218,2.666779991617088,-4.11695649112566,-3.6803623387232425,-1.9264593530193943,1.338483897500603,-0.0970836571102378,3.9735098827493416,-0.4437644342612243,1.3252658120897691
95.0,122.0,130.05068969726562,-0.0395497466837475,2.6667799916199737,-4.11695649112566,-3.6803622919698697,-1.9264587494232872,1.3384838977234486,-0.0970836569560643,3.973510094567706,-0.443764427250458,1.3252658122368608
95.0,122.0,130.05068969726562,-0.0395496000710018,2.6667800382819498,-4.116956489740838,-3.6803622919698697,-1.9264587565589748,1.3384838978670772,-0.0970836566604063,3.9735101032266464,-0.443764427250458,1.3252658122368608
95.0,122.0,130.05068969726562,-0.0395501448591779,2.666779987972626,-4.116956623435015,-3.6803431858360938,-1.926459316252724,1.338483894837046,-0.0970836571815912,3.9735097675291313,-0.4437645770130765,1.3252658121046084
95.0,122.0,130.05068969726562,-0.0395505114694463,2.6667799889430626,-4.116956412461431,-3.6803623387232425,-1.9264586016034635,1.3384838950047755,-0.0970836665846568,3.973509878923773,-0.4437646021620969,1.3252658120557246
95.0,122.0,130.05068969726562,-0.0395496202138668,2.666779991617088,-4.11695649112566,-3.6803622919698697,-1.9264587821397736,1.3384838977234486,-0.0970836570099015,3.973510094567706,-0.443764427250458,1.3252658122368608
95.0,122.0,130.05068969726562,-0.0395521752061444,2.666779987972626,-4.116956623435015,-3.680352473598708,-1.9264593418335227,1.3384838941397847,-0.0970836612243479,3.9735097675291313,-0.4437644895602854,1.3252658032550109
95.0,122.0,130.05068969726562,-0.0395483751084453,2.666779991617088,-4.11695649112566,-3.680362291123122,-1.9264593530193943,1.33848389415313,-0.0970836571873515,3.9735098827493416,-0.443764427250458,1.3252658120889058
95.0,122.0,130.05068969726562,-0.0395525728356731,2.6667800354144,-4.116956381632508,-3.680352000305452,-1.92646100079703,1.3384838978949467,-0.0970836568210651,3.973509755940401,-0.4437608118425448,1.3252658031665814
95.0,122.0,130.05068969726562,-0.0395641390064146,2.666779987854347,-4.116956623435015,-3.6803431858360938,-1.926459313269269,1.3384838941527588,-0.0970836571872048,3.9735097675291313,-0.4437645770130765,1.325265803237532
95.0,122.0,130.05068969726562,-0.0395501650773875,2.666779988903852,-4.116956473295759,-3.680362137300958,-1.9264585973982984,1.3384838950703273,-0.0970836571815912,3.9735098864809473,-0.4437645763274239,1.3252658121046084
95.0,122.0,130.05068969726562,-0.0395523254567228,2.6667800347557624,-4.1169567555537,-3.6803522419660704,-1.926461017641914,1.3384838974054665,-0.0970836610585449,3.9735098795022905,-0.4437645746555173,1.3252658031665814
95.0,122.0,130.05068969726562,-0.0395523587425969,2.666779987969833,-4.116956699708541,-3.6803431858360938,-1.926458515776856,1.338483894837046,-0.0970836571815912,3.9735097675291313,-0.4437645770130765,1.3252658120617349
95.0,122.0,130.05068969726562,-0.0395502335899427,2.666779991623533,-4.116956623435015,-3.6803431449320665,-1.9264590354373576,1.3384838947991913,-0.0970836567260036,3.9735097675291313,-0.4437647533410628,1.3252658121046084
95.0,122.0,130.05068969726562,-0.0395526989207289,2.666779991582997,-4.116957462409252,-3.680352096147171,-1.9264585092729551,1.33848389415313,-0.0970836567411316,3.973509878923773,-0.4437609161271679,1.3252658031314055
95.0,122.0,130.05068969726562,-0.039550428591424,2.6667799916826667,-4.116956415999054,-3.6803623387232425,-1.9264593530193943,1.33848389415313,-0.0970836568299132,3.973509879000452,-0.4437644279649861,1.325265812089402
95.0,122.0,130.05068969726562,-0.0395497611668766,2.6667799887457058,-4.116959262735716,-3.680344602671716,-1.9264587611044364,1.3384839076261352,-0.0970836667129683,3.973510102413373,-0.443760925368738,1.3252658030011966
95.0,122.0,130.05068969726562,-0.0395497466084029,2.666779991602038,-4.11695649112566,-3.680343340505005,-1.9264587494232872,1.3384838974901672,-0.0970836569560643,3.973510096036778,-0.443764427250458,1.3252658122368608
95.0,122.0,130.05068969726562,-0.0395498233622304,2.666779991617088,-4.11695653497357,-3.6803622919698697,-1.926458781124724,1.3384838977234486,-0.0970836567565525,3.973510094567706,-0.4437609912075407,1.3252658122368608
95.0,122.0,130.05068969726562,-0.0395495033155603,2.666779991617088,-4.11695649112566,-3.680362291161564,-1.9264593692920733,1.3384838974855076,-0.0970836571087099,3.973510094567706,-0.443764427250458,1.3252658122365126
95.0,122.0,130.05068969726562,-0.0395501650773875,2.666779988903852,-4.116956473295759,-3.6803623381136,-1.9264593465180009,1.3384838950703273,-0.0970836571815912,3.973509858076365,-0.4437645705954512,1.3252658121046084
95.0,122.0,130.05068969726562,-0.0395505132871902,2.6667799889430626,-4.116956408112969,-3.680362679406687,-1.9264584541396343,1.3384838973904198,-0.0970836665846568,3.973509879492207,-0.4437646021213772,1.3252658033494642
95.0,122.0,130.05068969726562,-0.0395526686275731,2.6667799915833936,-4.116957462409252,-3.680352259497762,-1.9264585092729551,1.33848389415313,-0.0970836569542125,3.9735098797619983,-0.4437609161271679,1.325265804133952
95.0,122.0,130.05068969726562,-0.0395497611668766,2.6667799887457058,-4.116959262735716,-3.6803446506241726,-1.926458969644805,1.3384838948462483,-0.0970836667129683,3.973509889397808,-0.4437649425661672,1.3252658030011966
95.0,122.0,130.05068969726562,-0.0395521811202685,2.666779987972626,-4.116956623435015,-3.680352478203216,-1.926459303425473,1.3384838947890247,-0.0970836611149359,3.973509763782375,-0.4437645769622644,1.325265803614581
95.0,122.0,130.05068969726562,-0.0395523271136175,2.666780034536935,-4.116956495111221,-3.6803622919698697,-1.926458753267136,1.3384838977234486,-0.0970836570099015,3.973509882578386,-0.443764427250458,1.3252658122351042
95.0,122.0,130.05068969726562,-0.0395501483444097,2.666779987972626,-4.116956632935758,-3.6803431858360938,-1.9264593418335227,1.3384838938430692,-0.0970836571656737,3.9735097642237776,-0.4437645828318656,1.325265812103918
95.0,122.0,130.05068969726562,-0.0395498233622304,2.666779991617088,-4.11695653497357,-3.680362663670839,-1.9264587776370408,1.3384838977234486,-0.0970836567565525,3.973510094567706,-0.4437609912075407,1.3252658122368608
95.0,122.0,130.05068969726562,-0.0395521752061444,2.666779987972626,-4.116956623435015,-3.680352473598708,-1.926459342305523,1.3384838941378991,-0.0970836612243479,3.9735097675291313,-0.4437645769920175,1.3252658032545297
95.0,122.0,130.05068969726562,-0.0395518087210282,2.666779991617088,-4.11695649112566,-3.680362339531548,-1.9264587658670944,1.3384838977385438,-0.0970836570114294,3.9735098827493416,-0.4437644342612243,1.3252658120901175
95.0,122.0,130.05068969726562,-0.0395497611668766,2.6667799917167407,-4.116956371175902,-3.680344602671716,-1.9264587999537268,1.3384839076261352,-0.0970836567002526,3.973510102413373,-0.4437609949169752,1.3252658030011966
95.0,122.0,130.05068969726562,-0.0395497769015587,2.6667799916016413,-4.11695649112566,-3.6803431771544144,-1.9264587494232872,1.3384838974901672,-0.0970836567429834,3.973510095198554,-0.443764427250458,1.3252658112343143
95.0,122.0,130.05068969726562,-0.0395504884467502,2.666779991617088,-4.11695761995014,-3.680351979048179,-1.9264587534601352,1.3384838977011937,-0.0970836571873515,3.9735100910686216,-0.4437608115079382,1.325265803131739
95.0,122.0,130.05068969726562,-0.0395502335899427,2.666779991623533,-4.116956623435015,-3.68034309697961,-1.9264590354373576,1.338483907579078,-0.0970836567260036,3.9735097675291313,-0.4437607361436337,1.3252658121046084
95.0,122.0,130.05068969726562,-0.0395499382994376,2.666780037214975,-4.116956381632508,-3.680352000305452,-1.92646100079703,1.338483897924841,-0.0970836610414297,3.973510103442874,-0.4437644298005058,1.3252658031665814
95.0,122.0,130.05068969726562,-0.0395641390064146,2.666779987854347,-4.116956623435015,-3.6803431858360938,-1.926459312797269,1.338483894778031,-0.0970836571872048,3.9735097675291313,-0.4437645770130765,1.3252658032380131
95.0,122.0,130.05068969726562,-0.0395501650773875,2.666779988002931,-4.116956622675661,-3.680362137300958,-1.9264594437833824,1.3384838950703273,-0.0970836571815912,3.973509768478852,-0.4437645763274239,1.3252658121046084
95.0,122.0,130.05068969726562,-0.0395523254567228,2.6667799868162807,-4.1169567555537,-3.68036259544512,-1.926461017641914,1.338483897391217,-0.0970836666955391,3.9735098795022905,-0.4437645746555173,1.3252658031775228
95.0,122.0,130.05068969726562,-0.0395522014637144,2.6667799876804024,-4.116956632079846,-3.6803625390132777,-1.926459342305523,1.3384838941846702,-0.0970836613196705,3.9735097675291313,-0.4437645785566198,1.3252658032545297
95.0,122.0,130.05068969726562,-0.0395497389100234,2.666779991619789,-4.11695649112566,-3.6803622919698697,-1.9264587566529248,1.3384838977234486,-0.0970836570099015,3.973510094567706,-0.443764427250458,1.3252658122368608
95.0,122.0,130.05068969726562,-0.0395501833281561,2.666779987940415,-4.116956618290182,-3.680362193903243,-1.9264592957571065,1.3384838950703273,-0.0970836571815912,3.9735098864809473,-0.4437645763274239,1.3252658121046084
95.0,123.0,130.05068969726562,-0.0395496000710018,2.666779991617088,-4.11695649112566,-3.6803622919698697,-1.9264587565589748,1.3384838977234486,-0.0970836570099015,3.973510094567706,-0.443764427250458,1.3252658122368608
95.0,123.0,130.05068969726562,-0.0395497611668766,2.6667799887457058,-4.116959262735716,-3.680344602671716,-1.926458969644805,1.3384839076261352,-0.0970836667129683,3.973509889397808,-0.443760925368738,1.3252658030011966
95.0,123.0,130.05068969726562,-0.0395499382994376,2.666780037786213,-4.116956381632508,-3.680352000305452,-1.92646100079703,1.3384838978663465,-0.0970836610414297,3.973510103442874,-0.4437644298005058,1.3252658031665814
95.0,123.0,130.05068969726562,-0.0395521985895971,2.666779991676479,-4.11695675548119,-3.680352242959677,-1.9264585109118089,1.338483897401484,-0.0970836611102571,3.973509882411508,-0.4437645746851206,1.3252658031653166
95.0,123.0,130.05068969726562,-0.0395501650020429,2.666779987972626,-4.116956623435015,-3.6803431858360938,-1.9264593418335227,1.338483894837046,-0.0970836571815912,3.9735097675291313,-0.4437645770130765,1.3252658121046084
95.0,123.0,130.05068969726562,-0.0395521752061444,2.666779987972626,-4.116956623435015,-3.680352473598708,-1.9264593418335227,1.3384838947631714,-0.0970836612243479,3.9735097675291313,-0.4437645769920175,1.3252658032550109
95.0,123.0,130.05068969726562,-0.0395496000710018,2.666779991617088,-4.11695649112566,-3.6803622919698697,-1.9264587565589748,1.3384838977234486,-0.0970836570099015,3.973510094567706,-0.443764427250458,1.3252658122368608
95.0,123.0,130.05068969726562,-0.0395523254567228,2.6667800354144,-4.116956381632508,-3.680352000305452,-1.92646100079703,1.3384838978663465,-0.0970836610585449,3.973509755940401,-0.4437645755452176,1.3252658031665814
95.0,123.0,130.05068969726562,-0.0395501650020429,2.666779988885915,-4.116956473295759,-3.6803431858360938,-1.9264585973982984,1.338483894837046,-0.0970836571815912,3.9735098879500192,-0.4437645763274239,1.3252658121046084
95.0,123.0,130.05068969726562,-0.0395516918227218,2.666779991617088,-4.11695649112566,-3.6803623387232425,-1.9264593530193943,1.338483897500603,-0.0970836571102378,3.9735098827493416,-0.4437644342612243,1.3252658120897691
95.0,123.0,130.05068969726562,-0.0395497466837475,2.6667799916199737,-4.11695649112566,-3.6803622919698697,-1.9264587494232872,1.3384838977234486,-0.0970836569560643,3.973510094567706,-0.443764427250458,1.3252658122368608
95.0,123.0,130.05068969726562,-0.0395496000710018,2.6667800382819498,-4.116956489740838,-3.6803622919698697,-1.9264587565589748,1.3384838978670772,-0.0970836566604063,3.9735101032266464,-0.443764427250458,1.3252658122368608
95.0,123.0,130.05068969726562,-0.0395501448591779,2.666779987972626,-4.116956623435015,-3.6803431858360938,-1.926459316252724,1.338483894837046,-0.0970836571815912,3.9735097675291313,-0.4437645770130765,1.3252658121046084
95.0,123.0,130.05068969726562,-0.0395505114694463,2.6667799889430626,-4.116956412461431,-3.6803623387232425,-1.9264586016034635,1.3384838950047755,-0.0970836665846568,3.973509878923773,-0.4437646021620969,1.3252658120557246
95.0,123.0,130.05068969726562,-0.0395496202138668,2.666779991617088,-4.11695649112566,-3.6803622919698697,-1.9264587821397736,1.3384838977234486,-0.0970836570099015,3.973510094567706,-0.443764427250458,1.3252658122368608
95.0,123.0,130.05068969726562,-0.0395521752061444,2.666779987972626,-4.116956623435015,-3.680352473598708,-1.9264593418335227,1.3384838941397847,-0.0970836612243479,3.9735097675291313,-0.4437644895602854,1.3252658032550109
95.0,123.0,130.05068969726562,-0.0395483751084453,2.666779991617088,-4.11695649112566,-3.680362291123122,-1.9264593530193943,1.33848389415313,-0.0970836571873515,3.9735098827493416,-0.443764427250458,1.3252658120889058
95.0,123.0,130.05068969726562,-0.0395525728356731,2.6667800354144,-4.116956381632508,-3.680352000305452,-1.92646100079703,1.3384838978949467,-0.0970836568210651,3.973509755940401,-0.4437608118425448,1.3252658031665814
95.0,123.0,130.05068969726562,-0.0395641390064146,2.666779987854347,-4.116956623435015,-3.6803431858360938,-1.926459313269269,1.3384838941527588,-0.0970836571872048,3.9735097675291313,-0.4437645770130765,1.325265803237532
95.0,123.0,130.05068969726562,-0.0395501650773875,2.666779988903852,-4.116956473295759,-3.680362137300958,-1.9264585973982984,1.3384838950703273,-0.0970836571815912,3.9735098864809473,-0.4437645763274239,1.3252658121046084
95.0,123.0,130.05068969726562,-0.0395523254567228,2.6667800347557624,-4.1169567555537,-3.6803522419660704,-1.926461017641914,1.3384838974054665,-0.0970836610585449,3.9735098795022905,-0.4437645746555173,1.3252658031665814
95.0,123.0,130.05068969726562,-0.0395523587425969,2.666779987969833,-4.116956699708541,-3.6803431858360938,-1.926458515776856,1.338483894837046,-0.0970836571815912,3.9735097675291313,-0.4437645770130765,1.3252658120617349
95.0,123.0,130.05068969726562,-0.0395502335899427,2.666779991623533,-4.116956623435015,-3.6803431449320665,-1.9264590354373576,1.3384838947991913,-0.0970836567260036,3.9735097675291313,-0.4437647533410628,1.3252658121046084
95.0,123.0,130.05068969726562,-0.0395526989207289,2.666779991582997,-4.116957462409252,-3.680352096147171,-1.9264585092729551,1.33848389415313,-0.0970836567411316,3.973509878923773,-0.4437609161271679,1.3252658031314055
95.0,123.0,130.05068969726562,-0.039550428591424,2.6667799916826667,-4.116956415999054,-3.6803623387232425,-1.9264593530193943,1.33848389415313,-0.0970836568299132,3.973509879000452,-0.4437644279649861,1.325265812089402
95.0,123.0,130.05068969726562,-0.0395497611668766,2.6667799887457058,-4.116959262735716,-3.680344602671716,-1.9264587611044364,1.3384839076261352,-0.0970836667129683,3.973510102413373,-0.443760925368738,1.3252658030011966
95.0,123.0,130.05068969726562,-0.0395497466084029,2.666779991602038,-4.11695649112566,-3.680343340505005,-1.9264587494232872,1.3384838974901672,-0.0970836569560643,3.973510096036778,-0.443764427250458,1.3252658122368608
95.0,123.0,130.05068969726562,-0.0395498233622304,2.666779991617088,-4.11695653497357,-3.6803622919698697,-1.926458781124724,1.3384838977234486,-0.0970836567565525,3.973510094567706,-0.4437609912075407,1.3252658122368608
95.0,123.0,130.05068969726562,-0.0395495033155603,2.666779991617088,-4.11695649112566,-3.680362291161564,-1.9264593692920733,1.3384838974855076,-0.0970836571087099,3.973510094567706,-0.443764427250458,1.3252658122365126
95.0,123.0,130.05068969726562,-0.0395501650773875,2.666779988903852,-4.116956473295759,-3.6803623381136,-1.9264593465180009,1.3384838950703273,-0.0970836571815912,3.973509858076365,-0.4437645705954512,1.3252658121046084
95.0,123.0,130.05068969726562,-0.0395505132871902,2.6667799889430626,-4.116956408112969,-3.680362679406687,-1.9264584541396343,1.3384838973904198,-0.0970836665846568,3.973509879492207,-0.4437646021213772,1.3252658033494642
95.0,123.0,130.05068969726562,-0.0395526686275731,2.6667799915833936,-4.116957462409252,-3.680352259497762,-1.9264585092729551,1.33848389415313,-0.0970836569542125,3.9735098797619983,-0.4437609161271679,1.325265804133952
95.0,123.0,130.05068969726562,-0.0395497611668766,2.6667799887457058,-4.116959262735716,-3.6803446506241726,-1.926458969644805,1.3384838948462483,-0.0970836667129683,3.973509889397808,-0.4437649425661672,1.3252658030011966
95.0,123.0,130.05068969726562,-0.0395521811202685,2.666779987972626,-4.116956623435015,-3.680352478203216,-1.926459303425473,1.3384838947890247,-0.0970836611149359,3.973509763782375,-0.4437645769622644,1.325265803614581
95.0,123.0,130.05068969726562,-0.0395523271136175,2.666780034536935,-4.116956495111221,-3.6803622919698697,-1.926458753267136,1.3384838977234486,-0.0970836570099015,3.973509882578386,-0.443764427250458,1.3252658122351042
95.0,123.0,130.05068969726562,-0.0395501483444097,2.666779987972626,-4.116956632935758,-3.6803431858360938,-1.9264593418335227,1.3384838938430692,-0.0970836571656737,3.9735097642237776,-0.4437645828318656,1.325265812103918
95.0,123.0,130.05068969726562,-0.0395498233622304,2.666779991617088,-4.11695653497357,-3.680362663670839,-1.9264587776370408,1.3384838977234486,-0.0970836567565525,3.973510094567706,-0.4437609912075407,1.3252658122368608
95.0,123.0,130.05068969726562,-0.0395521752061444,2.666779987972626,-4.116956623435015,-3.680352473598708,-1.926459342305523,1.3384838941378991,-0.0970836612243479,3.9735097675291313,-0.4437645769920175,1.3252658032545297
95.0,123.0,130.05068969726562,-0.0395518087210282,2.666779991617088,-4.11695649112566,-3.680362339531548,-1.9264587658670944,1.3384838977385438,-0.0970836570114294,3.9735098827493416,-0.4437644342612243,1.3252658120901175
95.0,123.0,130.05068969726562,-0.0395497611668766,2.6667799917167407,-4.116956371175902,-3.680344602671716,-1.9264587999537268,1.3384839076261352,-0.0970836567002526,3.973510102413373,-0.4437609949169752,1.3252658030011966
95.0,123.0,130.05068969726562,-0.0395497769015587,2.6667799916016413,-4.11695649112566,-3.6803431771544144,-1.9264587494232872,1.3384838974901672,-0.0970836567429834,3.973510095198554,-0.443764427250458,1.3252658112343143
95.0,123.0,130.05068969726562,-0.0395504884467502,2.666779991617088,-4.11695761995014,-3.680351979048179,-1.9264587534601352,1.3384838977011937,-0.0970836571873515,3.9735100910686216,-0.4437608115079382,1.325265803131739
95.0,123.0,130.05068969726562,-0.0395502335899427,2.666779991623533,-4.116956623435015,-3.68034309697961,-1.9264590354373576,1.338483907579078,-0.0970836567260036,3.9735097675291313,-0.4437607361436337,1.3252658121046084
95.0,123.0,130.05068969726562,-0.0395499382994376,2.666780037214975,-4.116956381632508,-3.680352000305452,-1.92646100079703,1.338483897924841,-0.0970836610414297,3.973510103442874,-0.4437644298005058,1.3252658031665814
95.0,123.0,130.05068969726562,-0.0395641390064146,2.666779987854347,-4.116956623435015,-3.6803431858360938,-1.926459312797269,1.338483894778031,-0.0970836571872048,3.9735097675291313,-0.4437645770130765,1.3252658032380131
95.0,123.0,130.05068969726562,-0.0395501650773875,2.666779988002931,-4.116956622675661,-3.680362137300958,-1.9264594437833824,1.3384838950703273,-0.0970836571815912,3.973509768478852,-0.4437645763274239,1.3252658121046084
95.0,123.0,130.05068969726562,-0.0395523254567228,2.6667799868162807,-4.1169567555537,-3.68036259544512,-1.926461017641914,1.338483897391217,-0.0970836666955391,3.9735098795022905,-0.4437645746555173,1.3252658031775228
95.0,123.0,130.05068969726562,-0.0395522014637144,2.6667799876804024,-4.116956632079846,-3.6803625390132777,-1.926459342305523,1.3384838941846702,-0.0970836613196705,3.9735097675291313,-0.4437645785566198,1.3252658032545297
95.0,123.0,130.05068969726562,-0.0395497389100234,2.666779991619789,-4.11695649112566,-3.6803622919698697,-1.9264587566529248,1.3384838977234486,-0.0970836570099015,3.973510094567706,-0.443764427250458,1.3252658122368608
95.0,123.0,130.05068969726562,-0.0395501833281561,2.666779987940415,-4.116956618290182,-3.680362193903243,-1.9264592957571065,1.3384838950703273,-0.0970836571815912,3.9735098864809473,-0.4437645763274239,1.3252658121046084
95.0,124.0,130.05068969726562,-0.0395496000710018,2.666779991617088,-4.11695649112566,-3.6803622919698697,-1.9264587565589748,1.3384838977234486,-0.0970836570099015,3.973510094567706,-0.443764427250458,1.3252658122368608
95.0,124.0,130.05068969726562,-0.0395497611668766,2.6667799887457058,-4.116959262735716,-3.680344602671716,-1.926458969644805,1.3384839076261352,-0.0970836667129683,3.973509889397808,-0.443760925368738,1.3252658030011966
95.0,124.0,130.05068969726562,-0.0395499382994376,2.666780037786213,-4.116956381632508,-3.680352000305452,-1.92646100079703,1.3384838978663465,-0.0970836610414297,3.973510103442874,-0.4437644298005058,1.3252658031665814
95.0,124.0,130.05068969726562,-0.0395521985895971,2.666779991676479,-4.11695675548119,-3.680352242959677,-1.9264585109118089,1.338483897401484,-0.0970836611102571,3.973509882411508,-0.4437645746851206,1.3252658031653166
95.0,124.0,130.05068969726562,-0.0395501650020429,2.666779987972626,-4.116956623435015,-3.6803431858360938,-1.9264593418335227,1.338483894837046,-0.0970836571815912,3.9735097675291313,-0.4437645770130765,1.3252658121046084
95.0,124.0,130.05068969726562,-0.0395521752061444,2.666779987972626,-4.116956623435015,-3.680352473598708,-1.9264593418335227,1.3384838947631714,-0.0970836612243479,3.9735097675291313,-0.4437645769920175,1.3252658032550109
95.0,124.0,130.05068969726562,-0.0395496000710018,2.666779991617088,-4.11695649112566,-3.6803622919698697,-1.9264587565589748,1.3384838977234486,-0.0970836570099015,3.973510094567706,-0.443764427250458,1.3252658122368608
95.0,124.0,130.05068969726562,-0.0395523254567228,2.6667800354144,-4.116956381632508,-3.680352000305452,-1.92646100079703,1.3384838978663465,-0.0970836610585449,3.973509755940401,-0.4437645755452176,1.3252658031665814
95.0,124.0,130.05068969726562,-0.0395501650020429,2.666779988885915,-4.116956473295759,-3.6803431858360938,-1.9264585973982984,1.338483894837046,-0.0970836571815912,3.9735098879500192,-0.4437645763274239,1.3252658121046084
95.0,124.0,130.05068969726562,-0.0395516918227218,2.666779991617088,-4.11695649112566,-3.6803623387232425,-1.9264593530193943,1.338483897500603,-0.0970836571102378,3.9735098827493416,-0.4437644342612243,1.3252658120897691
95.0,124.0,130.05068969726562,-0.0395497466837475,2.6667799916199737,-4.11695649112566,-3.6803622919698697,-1.9264587494232872,1.3384838977234486,-0.0970836569560643,3.973510094567706,-0.443764427250458,1.3252658122368608
95.0,124.0,130.05068969726562,-0.0395496000710018,2.6667800382819498,-4.116956489740838,-3.6803622919698697,-1.9264587565589748,1.3384838978670772,-0.0970836566604063,3.9735101032266464,-0.443764427250458,1.3252658122368608
95.0,124.0,130.05068969726562,-0.0395501448591779,2.666779987972626,-4.116956623435015,-3.6803431858360938,-1.926459316252724,1.338483894837046,-0.0970836571815912,3.9735097675291313,-0.4437645770130765,1.3252658121046084
95.0,124.0,130.05068969726562,-0.0395505114694463,2.6667799889430626,-4.116956412461431,-3.6803623387232425,-1.9264586016034635,1.3384838950047755,-0.0970836665846568,3.973509878923773,-0.4437646021620969,1.3252658120557246
95.0,124.0,130.05068969726562,-0.0395496202138668,2.666779991617088,-4.11695649112566,-3.6803622919698697,-1.9264587821397736,1.3384838977234486,-0.0970836570099015,3.973510094567706,-0.443764427250458,1.3252658122368608
95.0,124.0,130.05068969726562,-0.0395521752061444,2.666779987972626,-4.116956623435015,-3.680352473598708,-1.9264593418335227,1.3384838941397847,-0.0970836612243479,3.9735097675291313,-0.4437644895602854,1.3252658032550109
95.0,124.0,130.05068969726562,-0.0395483751084453,2.666779991617088,-4.11695649112566,-3.680362291123122,-1.9264593530193943,1.33848389415313,-0.0970836571873515,3.9735098827493416,-0.443764427250458,1.3252658120889058
95.0,124.0,130.05068969726562,-0.0395525728356731,2.6667800354144,-4.116956381632508,-3.680352000305452,-1.92646100079703,1.3384838978949467,-0.0970836568210651,3.973509755940401,-0.4437608118425448,1.3252658031665814
95.0,124.0,130.05068969726562,-0.0395641390064146,2.666779987854347,-4.116956623435015,-3.6803431858360938,-1.926459313269269,1.3384838941527588,-0.0970836571872048,3.9735097675291313,-0.4437645770130765,1.325265803237532
95.0,124.0,130.05068969726562,-0.0395501650773875,2.666779988903852,-4.116956473295759,-3.680362137300958,-1.9264585973982984,1.3384838950703273,-0.0970836571815912,3.9735098864809473,-0.4437645763274239,1.3252658121046084
95.0,124.0,130.05068969726562,-0.0395523254567228,2.6667800347557624,-4.1169567555537,-3.6803522419660704,-1.926461017641914,1.3384838974054665,-0.0970836610585449,3.9735098795022905,-0.4437645746555173,1.3252658031665814
95.0,124.0,130.05068969726562,-0.0395523587425969,2.666779987969833,-4.116956699708541,-3.6803431858360938,-1.926458515776856,1.338483894837046,-0.0970836571815912,3.9735097675291313,-0.4437645770130765,1.3252658120617349
95.0,124.0,130.05068969726562,-0.0395502335899427,2.666779991623533,-4.116956623435015,-3.6803431449320665,-1.9264590354373576,1.3384838947991913,-0.0970836567260036,3.9735097675291313,-0.4437647533410628,1.3252658121046084
95.0,124.0,130.05068969726562,-0.0395526989207289,2.666779991582997,-4.116957462409252,-3.680352096147171,-1.9264585092729551,1.33848389415313,-0.0970836567411316,3.973509878923773,-0.4437609161271679,1.3252658031314055
95.0,124.0,130.05068969726562,-0.039550428591424,2.6667799916826667,-4.116956415999054,-3.6803623387232425,-1.9264593530193943,1.33848389415313,-0.0970836568299132,3.973509879000452,-0.4437644279649861,1.325265812089402
95.0,124.0,130.05068969726562,-0.0395497611668766,2.6667799887457058,-4.116959262735716,-3.680344602671716,-1.9264587611044364,1.3384839076261352,-0.0970836667129683,3.973510102413373,-0.443760925368738,1.3252658030011966
95.0,124.0,130.05068969726562,-0.0395497466084029,2.666779991602038,-4.11695649112566,-3.680343340505005,-1.9264587494232872,1.3384838974901672,-0.0970836569560643,3.973510096036778,-0.443764427250458,1.3252658122368608
95.0,124.0,130.05068969726562,-0.0395498233622304,2.666779991617088,-4.11695653497357,-3.6803622919698697,-1.926458781124724,1.3384838977234486,-0.0970836567565525,3.973510094567706,-0.4437609912075407,1.3252658122368608
95.0,124.0,130.05068969726562,-0.0395495033155603,2.666779991617088,-4.11695649112566,-3.680362291161564,-1.9264593692920733,1.3384838974855076,-0.0970836571087099,3.973510094567706,-0.443764427250458,1.3252658122365126
95.0,124.0,130.05068969726562,-0.0395501650773875,2.666779988903852,-4.116956473295759,-3.6803623381136,-1.9264593465180009,1.3384838950703273,-0.0970836571815912,3.973509858076365,-0.4437645705954512,1.3252658121046084
95.0,124.0,130.05068969726562,-0.0395505132871902,2.6667799889430626,-4.116956408112969,-3.680362679406687,-1.9264584541396343,1.3384838973904198,-0.0970836665846568,3.973509879492207,-0.4437646021213772,1.3252658033494642
95.0,124.0,130.05068969726562,-0.0395526686275731,2.6667799915833936,-4.116957462409252,-3.680352259497762,-1.9264585092729551,1.33848389415313,-0.0970836569542125,3.9735098797619983,-0.4437609161271679,1.325265804133952
95.0,124.0,130.05068969726562,-0.0395497611668766,2.6667799887457058,-4.116959262735716,-3.6803446506241726,-1.926458969644805,1.3384838948462483,-0.0970836667129683,3.973509889397808,-0.4437649425661672,1.3252658030011966
95.0,124.0,130.05068969726562,-0.0395521811202685,2.666779987972626,-4.116956623435015,-3.680352478203216,-1.926459303425473,1.3384838947890247,-0.0970836611149359,3.973509763782375,-0.4437645769622644,1.325265803614581
95.0,124.0,130.05068969726562,-0.0395523271136175,2.666780034536935,-4.116956495111221,-3.6803622919698697,-1.926458753267136,1.3384838977234486,-0.0970836570099015,3.973509882578386,-0.443764427250458,1.3252658122351042
95.0,124.0,130.05068969726562,-0.0395501483444097,2.666779987972626,-4.116956632935758,-3.6803431858360938,-1.9264593418335227,1.3384838938430692,-0.0970836571656737,3.9735097642237776,-0.4437645828318656,1.325265812103918
95.0,124.0,130.05068969726562,-0.0395498233622304,2.666779991617088,-4.11695653497357,-3.680362663670839,-1.9264587776370408,1.3384838977234486,-0.0970836567565525,3.973510094567706,-0.4437609912075407,1.3252658122368608
95.0,124.0,130.05068969726562,-0.0395521752061444,2.666779987972626,-4.116956623435015,-3.680352473598708,-1.926459342305523,1.3384838941378991,-0.0970836612243479,3.9735097675291313,-0.4437645769920175,1.3252658032545297
95.0,124.0,130.05068969726562,-0.0395518087210282,2.666779991617088,-4.11695649112566,-3.680362339531548,-1.9264587658670944,1.3384838977385438,-0.0970836570114294,3.9735098827493416,-0.4437644342612243,1.3252658120901175
95.0,124.0,130.05068969726562,-0.0395497611668766,2.6667799917167407,-4.116956371175902,-3.680344602671716,-1.9264587999537268,1.3384839076261352,-0.0970836567002526,3.973510102413373,-0.4437609949169752,1.3252658030011966
95.0,124.0,130.05068969726562,-0.0395497769015587,2.6667799916016413,-4.11695649112566,-3.6803431771544144,-1.9264587494232872,1.3384838974901672,-0.0970836567429834,3.973510095198554,-0.443764427250458,1.3252658112343143
95.0,124.0,130.05068969726562,-0.0395504884467502,2.666779991617088,-4.11695761995014,-3.680351979048179,-1.9264587534601352,1.3384838977011937,-0.0970836571873515,3.9735100910686216,-0.4437608115079382,1.325265803131739
95.0,124.0,130.05068969726562,-0.0395502335899427,2.666779991623533,-4.116956623435015,-3.68034309697961,-1.9264590354373576,1.338483907579078,-0.0970836567260036,3.9735097675291313,-0.4437607361436337,1.3252658121046084
95.0,124.0,130.05068969726562,-0.0395499382994376,2.666780037214975,-4.116956381632508,-3.680352000305452,-1.92646100079703,1.338483897924841,-0.0970836610414297,3.973510103442874,-0.4437644298005058,1.3252658031665814
95.0,124.0,130.05068969726562,-0.0395641390064146,2.666779987854347,-4.116956623435015,-3.6803431858360938,-1.926459312797269,1.338483894778031,-0.0970836571872048,3.9735097675291313,-0.4437645770130765,1.3252658032380131
95.0,124.0,130.05068969726562,-0.0395501650773875,2.666779988002931,-4.116956622675661,-3.680362137300958,-1.9264594437833824,1.3384838950703273,-0.0970836571815912,3.973509768478852,-0.4437645763274239,1.3252658121046084
95.0,124.0,130.05068969726562,-0.0395523254567228,2.6667799868162807,-4.1169567555537,-3.68036259544512,-1.926461017641914,1.338483897391217,-0.0970836666955391,3.9735098795022905,-0.4437645746555173,1.3252658031775228
95.0,124.0,130.05068969726562,-0.0395522014637144,2.6667799876804024,-4.116956632079846,-3.6803625390132777,-1.926459342305523,1.3384838941846702,-0.0970836613196705,3.9735097675291313,-0.4437645785566198,1.3252658032545297
95.0,124.0,130.05068969726562,-0.0395497389100234,2.666779991619789,-4.11695649112566,-3.6803622919698697,-1.9264587566529248,1.3384838977234486,-0.0970836570099015,3.973510094567706,-0.443764427250458,1.3252658122368608
95.0,124.0,130.05068969726562,-0.0395501833281561,2.666779987940415,-4.116956618290182,-3.680362193903243,-1.9264592957571065,1.3384838950703273,-0.0970836571815912,3.9735098864809473,-0.4437645763274239,1.3252658121046084
95.0,125.0,130.05068969726562,-0.0395496000710018,2.666779991617088,-4.11695649112566,-3.6803622919698697,-1.9264587565589748,1.3384838977234486,-0.0970836570099015,3.973510094567706,-0.443764427250458,1.3252658122368608
95.0,125.0,130.05068969726562,-0.0395497611668766,2.6667799887457058,-4.116959262735716,-3.680344602671716,-1.926458969644805,1.3384839076261352,-0.0970836667129683,3.973509889397808,-0.443760925368738,1.3252658030011966
95.0,125.0,130.05068969726562,-0.0395499382994376,2.666780037786213,-4.116956381632508,-3.680352000305452,-1.92646100079703,1.3384838978663465,-0.0970836610414297,3.973510103442874,-0.4437644298005058,1.3252658031665814
95.0,125.0,130.05068969726562,-0.0395521985895971,2.666779991676479,-4.11695675548119,-3.680352242959677,-1.9264585109118089,1.338483897401484,-0.0970836611102571,3.973509882411508,-0.4437645746851206,1.3252658031653166
95.0,125.0,130.05068969726562,-0.0395501650020429,2.666779987972626,-4.116956623435015,-3.6803431858360938,-1.9264593418335227,1.338483894837046,-0.0970836571815912,3.9735097675291313,-0.4437645770130765,1.3252658121046084
95.0,125.0,130.05068969726562,-0.0395521752061444,2.666779987972626,-4.116956623435015,-3.680352473598708,-1.9264593418335227,1.3384838947631714,-0.0970836612243479,3.9735097675291313,-0.4437645769920175,1.3252658032550109
95.0,125.0,130.05068969726562,-0.0395496000710018,2.666779991617088,-4.11695649112566,-3.6803622919698697,-1.9264587565589748,1.3384838977234486,-0.0970836570099015,3.973510094567706,-0.443764427250458,1.3252658122368608
95.0,125.0,130.05068969726562,-0.0395523254567228,2.6667800354144,-4.116956381632508,-3.680352000305452,-1.92646100079703,1.3384838978663465,-0.0970836610585449,3.973509755940401,-0.4437645755452176,1.3252658031665814
95.0,125.0,130.05068969726562,-0.0395501650020429,2.666779988885915,-4.116956473295759,-3.6803431858360938,-1.9264585973982984,1.338483894837046,-0.0970836571815912,3.9735098879500192,-0.4437645763274239,1.3252658121046084
95.0,125.0,130.05068969726562,-0.0395516918227218,2.666779991617088,-4.11695649112566,-3.6803623387232425,-1.9264593530193943,1.338483897500603,-0.0970836571102378,3.9735098827493416,-0.4437644342612243,1.3252658120897691
95.0,125.0,130.05068969726562,-0.0395497466837475,2.6667799916199737,-4.11695649112566,-3.6803622919698697,-1.9264587494232872,1.3384838977234486,-0.0970836569560643,3.973510094567706,-0.443764427250458,1.3252658122368608
95.0,125.0,130.05068969726562,-0.0395496000710018,2.6667800382819498,-4.116956489740838,-3.6803622919698697,-1.9264587565589748,1.3384838978670772,-0.0970836566604063,3.9735101032266464,-0.443764427250458,1.3252658122368608
95.0,125.0,130.05068969726562,-0.0395501448591779,2.666779987972626,-4.116956623435015,-3.6803431858360938,-1.926459316252724,1.338483894837046,-0.0970836571815912,3.9735097675291313,-0.4437645770130765,1.3252658121046084
95.0,125.0,130.05068969726562,-0.0395505114694463,2.6667799889430626,-4.116956412461431,-3.6803623387232425,-1.9264586016034635,1.3384838950047755,-0.0970836665846568,3.973509878923773,-0.4437646021620969,1.3252658120557246
95.0,125.0,130.05068969726562,-0.0395496202138668,2.666779991617088,-4.11695649112566,-3.6803622919698697,-1.9264587821397736,1.3384838977234486,-0.0970836570099015,3.973510094567706,-0.443764427250458,1.3252658122368608
95.0,125.0,130.05068969726562,-0.0395521752061444,2.666779987972626,-4.116956623435015,-3.680352473598708,-1.9264593418335227,1.3384838941397847,-0.0970836612243479,3.9735097675291313,-0.4437644895602854,1.3252658032550109
95.0,125.0,130.05068969726562,-0.0395483751084453,2.666779991617088,-4.11695649112566,-3.680362291123122,-1.9264593530193943,1.33848389415313,-0.0970836571873515,3.9735098827493416,-0.443764427250458,1.3252658120889058
95.0,125.0,130.05068969726562,-0.0395525728356731,2.6667800354144,-4.116956381632508,-3.680352000305452,-1.92646100079703,1.3384838978949467,-0.0970836568210651,3.973509755940401,-0.4437608118425448,1.3252658031665814
95.0,125.0,130.05068969726562,-0.0395641390064146,2.666779987854347,-4.116956623435015,-3.6803431858360938,-1.926459313269269,1.3384838941527588,-0.0970836571872048,3.9735097675291313,-0.4437645770130765,1.325265803237532
95.0,125.0,130.05068969726562,-0.0395501650773875,2.666779988903852,-4.116956473295759,-3.680362137300958,-1.9264585973982984,1.3384838950703273,-0.0970836571815912,3.9735098864809473,-0.4437645763274239,1.3252658121046084
95.0,125.0,130.05068969726562,-0.0395523254567228,2.6667800347557624,-4.1169567555537,-3.6803522419660704,-1.926461017641914,1.3384838974054665,-0.0970836610585449,3.9735098795022905,-0.4437645746555173,1.3252658031665814
95.0,125.0,130.05068969726562,-0.0395523587425969,2.666779987969833,-4.116956699708541,-3.6803431858360938,-1.926458515776856,1.338483894837046,-0.0970836571815912,3.9735097675291313,-0.4437645770130765,1.3252658120617349
95.0,125.0,130.05068969726562,-0.0395502335899427,2.666779991623533,-4.116956623435015,-3.6803431449320665,-1.9264590354373576,1.3384838947991913,-0.0970836567260036,3.9735097675291313,-0.4437647533410628,1.3252658121046084
95.0,125.0,130.05068969726562,-0.0395526989207289,2.666779991582997,-4.116957462409252,-3.680352096147171,-1.9264585092729551,1.33848389415313,-0.0970836567411316,3.973509878923773,-0.4437609161271679,1.3252658031314055
95.0,125.0,130.05068969726562,-0.039550428591424,2.6667799916826667,-4.116956415999054,-3.6803623387232425,-1.9264593530193943,1.33848389415313,-0.0970836568299132,3.973509879000452,-0.4437644279649861,1.325265812089402
95.0,125.0,130.05068969726562,-0.0395497611668766,2.6667799887457058,-4.116959262735716,-3.680344602671716,-1.9264587611044364,1.3384839076261352,-0.0970836667129683,3.973510102413373,-0.443760925368738,1.3252658030011966
95.0,125.0,130.05068969726562,-0.0395497466084029,2.666779991602038,-4.11695649112566,-3.680343340505005,-1.9264587494232872,1.3384838974901672,-0.0970836569560643,3.973510096036778,-0.443764427250458,1.3252658122368608
95.0,125.0,130.05068969726562,-0.0395498233622304,2.666779991617088,-4.11695653497357,-3.6803622919698697,-1.926458781124724,1.3384838977234486,-0.0970836567565525,3.973510094567706,-0.4437609912075407,1.3252658122368608
95.0,125.0,130.05068969726562,-0.0395495033155603,2.666779991617088,-4.11695649112566,-3.680362291161564,-1.9264593692920733,1.3384838974855076,-0.0970836571087099,3.973510094567706,-0.443764427250458,1.3252658122365126
95.0,125.0,130.05068969726562,-0.0395501650773875,2.666779988903852,-4.116956473295759,-3.6803623381136,-1.9264593465180009,1.3384838950703273,-0.0970836571815912,3.973509858076365,-0.4437645705954512,1.3252658121046084
95.0,125.0,130.05068969726562,-0.0395505132871902,2.6667799889430626,-4.116956408112969,-3.680362679406687,-1.9264584541396343,1.3384838973904198,-0.0970836665846568,3.973509879492207,-0.4437646021213772,1.3252658033494642
95.0,125.0,130.05068969726562,-0.0395526686275731,2.6667799915833936,-4.116957462409252,-3.680352259497762,-1.9264585092729551,1.33848389415313,-0.0970836569542125,3.9735098797619983,-0.4437609161271679,1.325265804133952
95.0,125.0,130.05068969726562,-0.0395497611668766,2.6667799887457058,-4.116959262735716,-3.6803446506241726,-1.926458969644805,1.3384838948462483,-0.0970836667129683,3.973509889397808,-0.4437649425661672,1.3252658030011966
95.0,125.0,130.05068969726562,-0.0395521811202685,2.666779987972626,-4.116956623435015,-3.680352478203216,-1.926459303425473,1.3384838947890247,-0.0970836611149359,3.973509763782375,-0.4437645769622644,1.325265803614581
95.0,125.0,130.05068969726562,-0.0395523271136175,2.666780034536935,-4.116956495111221,-3.6803622919698697,-1.926458753267136,1.3384838977234486,-0.0970836570099015,3.973509882578386,-0.443764427250458,1.3252658122351042
95.0,125.0,130.05068969726562,-0.0395501483444097,2.666779987972626,-4.116956632935758,-3.6803431858360938,-1.9264593418335227,1.3384838938430692,-0.0970836571656737,3.9735097642237776,-0.4437645828318656,1.325265812103918
95.0,125.0,130.05068969726562,-0.0395498233622304,2.666779991617088,-4.11695653497357,-3.680362663670839,-1.9264587776370408,1.3384838977234486,-0.0970836567565525,3.973510094567706,-0.4437609912075407,1.3252658122368608
95.0,125.0,130.05068969726562,-0.0395521752061444,2.666779987972626,-4.116956623435015,-3.680352473598708,-1.926459342305523,1.3384838941378991,-0.0970836612243479,3.9735097675291313,-0.4437645769920175,1.3252658032545297
95.0,125.0,130.05068969726562,-0.0395518087210282,2.666779991617088,-4.11695649112566,-3.680362339531548,-1.9264587658670944,1.3384838977385438,-0.0970836570114294,3.9735098827493416,-0.4437644342612243,1.3252658120901175
95.0,125.0,130.05068969726562,-0.0395497611668766,2.6667799917167407,-4.116956371175902,-3.680344602671716,-1.9264587999537268,1.3384839076261352,-0.0970836567002526,3.973510102413373,-0.4437609949169752,1.3252658030011966
95.0,125.0,130.05068969726562,-0.0395497769015587,2.6667799916016413,-4.11695649112566,-3.6803431771544144,-1.9264587494232872,1.3384838974901672,-0.0970836567429834,3.973510095198554,-0.443764427250458,1.3252658112343143
95.0,125.0,130.05068969726562,-0.0395504884467502,2.666779991617088,-4.11695761995014,-3.680351979048179,-1.9264587534601352,1.3384838977011937,-0.0970836571873515,3.9735100910686216,-0.4437608115079382,1.325265803131739
95.0,125.0,130.05068969726562,-0.0395502335899427,2.666779991623533,-4.116956623435015,-3.68034309697961,-1.9264590354373576,1.338483907579078,-0.0970836567260036,3.9735097675291313,-0.4437607361436337,1.3252658121046084
95.0,125.0,130.05068969726562,-0.0395499382994376,2.666780037214975,-4.116956381632508,-3.680352000305452,-1.92646100079703,1.338483897924841,-0.0970836610414297,3.973510103442874,-0.4437644298005058,1.3252658031665814
95.0,125.0,130.05068969726562,-0.0395641390064146,2.666779987854347,-4.116956623435015,-3.6803431858360938,-1.926459312797269,1.338483894778031,-0.0970836571872048,3.9735097675291313,-0.4437645770130765,1.3252658032380131
95.0,125.0,130.05068969726562,-0.0395501650773875,2.666779988002931,-4.116956622675661,-3.680362137300958,-1.9264594437833824,1.3384838950703273,-0.0970836571815912,3.973509768478852,-0.4437645763274239,1.3252658121046084
95.0,125.0,130.05068969726562,-0.0395523254567228,2.6667799868162807,-4.1169567555537,-3.68036259544512,-1.926461017641914,1.338483897391217,-0.0970836666955391,3.9735098795022905,-0.4437645746555173,1.3252658031775228
95.0,125.0,130.05068969726562,-0.0395522014637144,2.6667799876804024,-4.116956632079846,-3.6803625390132777,-1.926459342305523,1.3384838941846702,-0.0970836613196705,3.9735097675291313,-0.4437645785566198,1.3252658032545297
95.0,125.0,130.05068969726562,-0.0395497389100234,2.666779991619789,-4.11695649112566,-3.6803622919698697,-1.9264587566529248,1.3384838977234486,-0.0970836570099015,3.973510094567706,-0.443764427250458,1.3252658122368608
95.0,125.0,130.05068969726562,-0.0395501833281561,2.666779987940415,-4.116956618290182,-3.680362193903243,-1.9264592957571065,1.3384838950703273,-0.0970836571815912,3.9735098864809473,-0.4437645763274239,1.3252658121046084
95.0,126.0,130.05068969726562,-0.0395496000710018,2.666779991617088,-4.11695649112566,-3.6803622919698697,-1.9264587565589748,1.3384838977234486,-0.0970836570099015,3.973510094567706,-0.443764427250458,1.3252658122368608
95.0,126.0,130.05068969726562,-0.0395497611668766,2.6667799887457058,-4.116959262735716,-3.680344602671716,-1.926458969644805,1.3384839076261352,-0.0970836667129683,3.973509889397808,-0.443760925368738,1.3252658030011966
95.0,126.0,130.05068969726562,-0.0395499382994376,2.666780037786213,-4.116956381632508,-3.680352000305452,-1.92646100079703,1.3384838978663465,-0.0970836610414297,3.973510103442874,-0.4437644298005058,1.3252658031665814
95.0,126.0,130.05068969726562,-0.0395521985895971,2.666779991676479,-4.11695675548119,-3.680352242959677,-1.9264585109118089,1.338483897401484,-0.0970836611102571,3.973509882411508,-0.4437645746851206,1.3252658031653166
95.0,126.0,130.05068969726562,-0.0395501650020429,2.666779987972626,-4.116956623435015,-3.6803431858360938,-1.9264593418335227,1.338483894837046,-0.0970836571815912,3.9735097675291313,-0.4437645770130765,1.3252658121046084
95.0,126.0,130.05068969726562,-0.0395521752061444,2.666779987972626,-4.116956623435015,-3.680352473598708,-1.9264593418335227,1.3384838947631714,-0.0970836612243479,3.9735097675291313,-0.4437645769920175,1.3252658032550109
95.0,126.0,130.05068969726562,-0.0395496000710018,2.666779991617088,-4.11695649112566,-3.6803622919698697,-1.9264587565589748,1.3384838977234486,-0.0970836570099015,3.973510094567706,-0.443764427250458,1.3252658122368608
95.0,126.0,130.05068969726562,-0.0395523254567228,2.6667800354144,-4.116956381632508,-3.680352000305452,-1.92646100079703,1.3384838978663465,-0.0970836610585449,3.973509755940401,-0.4437645755452176,1.3252658031665814
95.0,126.0,130.05068969726562,-0.0395501650020429,2.666779988885915,-4.116956473295759,-3.6803431858360938,-1.9264585973982984,1.338483894837046,-0.0970836571815912,3.9735098879500192,-0.4437645763274239,1.3252658121046084
95.0,126.0,130.05068969726562,-0.0395516918227218,2.666779991617088,-4.11695649112566,-3.6803623387232425,-1.9264593530193943,1.338483897500603,-0.0970836571102378,3.9735098827493416,-0.4437644342612243,1.3252658120897691
95.0,126.0,130.05068969726562,-0.0395497466837475,2.6667799916199737,-4.11695649112566,-3.6803622919698697,-1.9264587494232872,1.3384838977234486,-0.0970836569560643,3.973510094567706,-0.443764427250458,1.3252658122368608
95.0,126.0,130.05068969726562,-0.0395496000710018,2.6667800382819498,-4.116956489740838,-3.6803622919698697,-1.9264587565589748,1.3384838978670772,-0.0970836566604063,3.9735101032266464,-0.443764427250458,1.3252658122368608
95.0,126.0,130.05068969726562,-0.0395501448591779,2.666779987972626,-4.116956623435015,-3.6803431858360938,-1.926459316252724,1.338483894837046,-0.0970836571815912,3.9735097675291313,-0.4437645770130765,1.3252658121046084
95.0,126.0,130.05068969726562,-0.0395505114694463,2.6667799889430626,-4.116956412461431,-3.6803623387232425,-1.9264586016034635,1.3384838950047755,-0.0970836665846568,3.973509878923773,-0.4437646021620969,1.3252658120557246
95.0,126.0,130.05068969726562,-0.0395496202138668,2.666779991617088,-4.11695649112566,-3.6803622919698697,-1.9264587821397736,1.3384838977234486,-0.0970836570099015,3.973510094567706,-0.443764427250458,1.3252658122368608
95.0,126.0,130.05068969726562,-0.0395521752061444,2.666779987972626,-4.116956623435015,-3.680352473598708,-1.9264593418335227,1.3384838941397847,-0.0970836612243479,3.9735097675291313,-0.4437644895602854,1.3252658032550109
95.0,126.0,130.05068969726562,-0.0395483751084453,2.666779991617088,-4.11695649112566,-3.680362291123122,-1.9264593530193943,1.33848389415313,-0.0970836571873515,3.9735098827493416,-0.443764427250458,1.3252658120889058
95.0,126.0,130.05068969726562,-0.0395525728356731,2.6667800354144,-4.116956381632508,-3.680352000305452,-1.92646100079703,1.3384838978949467,-0.0970836568210651,3.973509755940401,-0.4437608118425448,1.3252658031665814
95.0,126.0,130.05068969726562,-0.0395641390064146,2.666779987854347,-4.116956623435015,-3.6803431858360938,-1.926459313269269,1.3384838941527588,-0.0970836571872048,3.9735097675291313,-0.4437645770130765,1.325265803237532
95.0,126.0,130.05068969726562,-0.0395501650773875,2.666779988903852,-4.116956473295759,-3.680362137300958,-1.9264585973982984,1.3384838950703273,-0.0970836571815912,3.9735098864809473,-0.4437645763274239,1.3252658121046084
95.0,126.0,130.05068969726562,-0.0395523254567228,2.6667800347557624,-4.1169567555537,-3.6803522419660704,-1.926461017641914,1.3384838974054665,-0.0970836610585449,3.9735098795022905,-0.4437645746555173,1.3252658031665814
95.0,126.0,130.05068969726562,-0.0395523587425969,2.666779987969833,-4.116956699708541,-3.6803431858360938,-1.926458515776856,1.338483894837046,-0.0970836571815912,3.9735097675291313,-0.4437645770130765,1.3252658120617349
95.0,126.0,130.05068969726562,-0.0395502335899427,2.666779991623533,-4.116956623435015,-3.6803431449320665,-1.9264590354373576,1.3384838947991913,-0.0970836567260036,3.9735097675291313,-0.4437647533410628,1.3252658121046084
95.0,126.0,130.05068969726562,-0.0395526989207289,2.666779991582997,-4.116957462409252,-3.680352096147171,-1.9264585092729551,1.33848389415313,-0.0970836567411316,3.973509878923773,-0.4437609161271679,1.3252658031314055
95.0,126.0,130.05068969726562,-0.039550428591424,2.6667799916826667,-4.116956415999054,-3.6803623387232425,-1.9264593530193943,1.33848389415313,-0.0970836568299132,3.973509879000452,-0.4437644279649861,1.325265812089402
95.0,126.0,130.05068969726562,-0.0395497611668766,2.6667799887457058,-4.116959262735716,-3.680344602671716,-1.9264587611044364,1.3384839076261352,-0.0970836667129683,3.973510102413373,-0.443760925368738,1.3252658030011966
95.0,126.0,130.05068969726562,-0.0395497466084029,2.666779991602038,-4.11695649112566,-3.680343340505005,-1.9264587494232872,1.3384838974901672,-0.0970836569560643,3.973510096036778,-0.443764427250458,1.3252658122368608
95.0,126.0,130.05068969726562,-0.0395498233622304,2.666779991617088,-4.11695653497357,-3.6803622919698697,-1.926458781124724,1.3384838977234486,-0.0970836567565525,3.973510094567706,-0.4437609912075407,1.3252658122368608
95.0,126.0,130.05068969726562,-0.0395495033155603,2.666779991617088,-4.11695649112566,-3.680362291161564,-1.9264593692920733,1.3384838974855076,-0.0970836571087099,3.973510094567706,-0.443764427250458,1.3252658122365126
95.0,126.0,130.05068969726562,-0.0395501650773875,2.666779988903852,-4.116956473295759,-3.6803623381136,-1.9264593465180009,1.3384838950703273,-0.0970836571815912,3.973509858076365,-0.4437645705954512,1.3252658121046084
95.0,126.0,130.05068969726562,-0.0395505132871902,2.6667799889430626,-4.116956408112969,-3.680362679406687,-1.9264584541396343,1.3384838973904198,-0.0970836665846568,3.973509879492207,-0.4437646021213772,1.3252658033494642
95.0,126.0,130.05068969726562,-0.0395526686275731,2.6667799915833936,-4.116957462409252,-3.680352259497762,-1.9264585092729551,1.33848389415313,-0.0970836569542125,3.9735098797619983,-0.4437609161271679,1.325265804133952
95.0,126.0,130.05068969726562,-0.0395497611668766,2.6667799887457058,-4.116959262735716,-3.6803446506241726,-1.926458969644805,1.3384838948462483,-0.0970836667129683,3.973509889397808,-0.4437649425661672,1.3252658030011966
95.0,126.0,130.05068969726562,-0.0395521811202685,2.666779987972626,-4.116956623435015,-3.680352478203216,-1.926459303425473,1.3384838947890247,-0.0970836611149359,3.973509763782375,-0.4437645769622644,1.325265803614581
95.0,126.0,130.05068969726562,-0.0395523271136175,2.666780034536935,-4.116956495111221,-3.6803622919698697,-1.926458753267136,1.3384838977234486,-0.0970836570099015,3.973509882578386,-0.443764427250458,1.3252658122351042
95.0,126.0,130.05068969726562,-0.0395501483444097,2.666779987972626,-4.116956632935758,-3.6803431858360938,-1.9264593418335227,1.3384838938430692,-0.0970836571656737,3.9735097642237776,-0.4437645828318656,1.325265812103918
95.0,126.0,130.05068969726562,-0.0395498233622304,2.666779991617088,-4.11695653497357,-3.680362663670839,-1.9264587776370408,1.3384838977234486,-0.0970836567565525,3.973510094567706,-0.4437609912075407,1.3252658122368608
95.0,126.0,130.05068969726562,-0.0395521752061444,2.666779987972626,-4.116956623435015,-3.680352473598708,-1.926459342305523,1.3384838941378991,-0.0970836612243479,3.9735097675291313,-0.4437645769920175,1.3252658032545297
95.0,126.0,130.05068969726562,-0.0395518087210282,2.666779991617088,-4.11695649112566,-3.680362339531548,-1.9264587658670944,1.3384838977385438,-0.0970836570114294,3.9735098827493416,-0.4437644342612243,1.3252658120901175
95.0,126.0,130.05068969726562,-0.0395497611668766,2.6667799917167407,-4.116956371175902,-3.680344602671716,-1.9264587999537268,1.3384839076261352,-0.0970836567002526,3.973510102413373,-0.4437609949169752,1.3252658030011966
95.0,126.0,130.05068969726562,-0.0395497769015587,2.6667799916016413,-4.11695649112566,-3.6803431771544144,-1.9264587494232872,1.3384838974901672,-0.0970836567429834,3.973510095198554,-0.443764427250458,1.3252658112343143
95.0,126.0,130.05068969726562,-0.0395504884467502,2.666779991617088,-4.11695761995014,-3.680351979048179,-1.9264587534601352,1.3384838977011937,-0.0970836571873515,3.9735100910686216,-0.4437608115079382,1.325265803131739
95.0,126.0,130.05068969726562,-0.0395502335899427,2.666779991623533,-4.116956623435015,-3.68034309697961,-1.9264590354373576,1.338483907579078,-0.0970836567260036,3.9735097675291313,-0.4437607361436337,1.3252658121046084
95.0,126.0,130.05068969726562,-0.0395499382994376,2.666780037214975,-4.116956381632508,-3.680352000305452,-1.92646100079703,1.338483897924841,-0.0970836610414297,3.973510103442874,-0.4437644298005058,1.3252658031665814
95.0,126.0,130.05068969726562,-0.0395641390064146,2.666779987854347,-4.116956623435015,-3.6803431858360938,-1.926459312797269,1.338483894778031,-0.0970836571872048,3.9735097675291313,-0.4437645770130765,1.3252658032380131
95.0,126.0,130.05068969726562,-0.0395501650773875,2.666779988002931,-4.116956622675661,-3.680362137300958,-1.9264594437833824,1.3384838950703273,-0.0970836571815912,3.973509768478852,-0.4437645763274239,1.3252658121046084
95.0,126.0,130.05068969726562,-0.0395523254567228,2.6667799868162807,-4.1169567555537,-3.68036259544512,-1.926461017641914,1.338483897391217,-0.0970836666955391,3.9735098795022905,-0.4437645746555173,1.3252658031775228
95.0,126.0,130.05068969726562,-0.0395522014637144,2.6667799876804024,-4.116956632079846,-3.6803625390132777,-1.926459342305523,1.3384838941846702,-0.0970836613196705,3.9735097675291313,-0.4437645785566198,1.3252658032545297
95.0,126.0,130.05068969726562,-0.0395497389100234,2.666779991619789,-4.11695649112566,-3.6803622919698697,-1.9264587566529248,1.3384838977234486,-0.0970836570099015,3.973510094567706,-0.443764427250458,1.3252658122368608
95.0,126.0,130.05068969726562,-0.0395501833281561,2.666779987940415,-4.116956618290182,-3.680362193903243,-1.9264592957571065,1.3384838950703273,-0.0970836571815912,3.9735098864809473,-0.4437645763274239,1.3252658121046084
95.0,127.0,130.05068969726562,-0.0395496000710018,2.666779991617088,-4.11695649112566,-3.6803622919698697,-1.9264587565589748,1.3384838977234486,-0.0970836570099015,3.973510094567706,-0.443764427250458,1.3252658122368608
95.0,127.0,130.05068969726562,-0.0395497611668766,2.6667799887457058,-4.116959262735716,-3.680344602671716,-1.926458969644805,1.3384839076261352,-0.0970836667129683,3.973509889397808,-0.443760925368738,1.3252658030011966
95.0,127.0,130.05068969726562,-0.0395499382994376,2.666780037786213,-4.116956381632508,-3.680352000305452,-1.92646100079703,1.3384838978663465,-0.0970836610414297,3.973510103442874,-0.4437644298005058,1.3252658031665814
95.0,127.0,130.05068969726562,-0.0395521985895971,2.666779991676479,-4.11695675548119,-3.680352242959677,-1.9264585109118089,1.338483897401484,-0.0970836611102571,3.973509882411508,-0.4437645746851206,1.3252658031653166
95.0,127.0,130.05068969726562,-0.0395501650020429,2.666779987972626,-4.116956623435015,-3.6803431858360938,-1.9264593418335227,1.338483894837046,-0.0970836571815912,3.9735097675291313,-0.4437645770130765,1.3252658121046084
95.0,127.0,130.05068969726562,-0.0395521752061444,2.666779987972626,-4.116956623435015,-3.680352473598708,-1.9264593418335227,1.3384838947631714,-0.0970836612243479,3.9735097675291313,-0.4437645769920175,1.3252658032550109
95.0,127.0,130.05068969726562,-0.0395496000710018,2.666779991617088,-4.11695649112566,-3.6803622919698697,-1.9264587565589748,1.3384838977234486,-0.0970836570099015,3.973510094567706,-0.443764427250458,1.3252658122368608
95.0,127.0,130.05068969726562,-0.0395523254567228,2.6667800354144,-4.116956381632508,-3.680352000305452,-1.92646100079703,1.3384838978663465,-0.0970836610585449,3.973509755940401,-0.4437645755452176,1.3252658031665814
95.0,127.0,130.05068969726562,-0.0395501650020429,2.666779988885915,-4.116956473295759,-3.6803431858360938,-1.9264585973982984,1.338483894837046,-0.0970836571815912,3.9735098879500192,-0.4437645763274239,1.3252658121046084
95.0,127.0,130.05068969726562,-0.0395516918227218,2.666779991617088,-4.11695649112566,-3.6803623387232425,-1.9264593530193943,1.338483897500603,-0.0970836571102378,3.9735098827493416,-0.4437644342612243,1.3252658120897691
95.0,127.0,130.05068969726562,-0.0395497466837475,2.6667799916199737,-4.11695649112566,-3.6803622919698697,-1.9264587494232872,1.3384838977234486,-0.0970836569560643,3.973510094567706,-0.443764427250458,1.3252658122368608
95.0,127.0,130.05068969726562,-0.0395496000710018,2.6667800382819498,-4.116956489740838,-3.6803622919698697,-1.9264587565589748,1.3384838978670772,-0.0970836566604063,3.9735101032266464,-0.443764427250458,1.3252658122368608
95.0,127.0,130.05068969726562,-0.0395501448591779,2.666779987972626,-4.116956623435015,-3.6803431858360938,-1.926459316252724,1.338483894837046,-0.0970836571815912,3.9735097675291313,-0.4437645770130765,1.3252658121046084
95.0,127.0,130.05068969726562,-0.0395505114694463,2.6667799889430626,-4.116956412461431,-3.6803623387232425,-1.9264586016034635,1.3384838950047755,-0.0970836665846568,3.973509878923773,-0.4437646021620969,1.3252658120557246
95.0,127.0,130.05068969726562,-0.0395496202138668,2.666779991617088,-4.11695649112566,-3.6803622919698697,-1.9264587821397736,1.3384838977234486,-0.0970836570099015,3.973510094567706,-0.443764427250458,1.3252658122368608
95.0,127.0,130.05068969726562,-0.0395521752061444,2.666779987972626,-4.116956623435015,-3.680352473598708,-1.9264593418335227,1.3384838941397847,-0.0970836612243479,3.9735097675291313,-0.4437644895602854,1.3252658032550109
95.0,127.0,130.05068969726562,-0.0395483751084453,2.666779991617088,-4.11695649112566,-3.680362291123122,-1.9264593530193943,1.33848389415313,-0.0970836571873515,3.9735098827493416,-0.443764427250458,1.3252658120889058
95.0,127.0,130.05068969726562,-0.0395525728356731,2.6667800354144,-4.116956381632508,-3.680352000305452,-1.92646100079703,1.3384838978949467,-0.0970836568210651,3.973509755940401,-0.4437608118425448,1.3252658031665814
95.0,127.0,130.05068969726562,-0.0395641390064146,2.666779987854347,-4.116956623435015,-3.6803431858360938,-1.926459313269269,1.3384838941527588,-0.0970836571872048,3.9735097675291313,-0.4437645770130765,1.325265803237532
95.0,127.0,130.05068969726562,-0.0395501650773875,2.666779988903852,-4.116956473295759,-3.680362137300958,-1.9264585973982984,1.3384838950703273,-0.0970836571815912,3.9735098864809473,-0.4437645763274239,1.3252658121046084
95.0,127.0,130.05068969726562,-0.0395523254567228,2.6667800347557624,-4.1169567555537,-3.6803522419660704,-1.926461017641914,1.3384838974054665,-0.0970836610585449,3.9735098795022905,-0.4437645746555173,1.3252658031665814
95.0,127.0,130.05068969726562,-0.0395523587425969,2.666779987969833,-4.116956699708541,-3.6803431858360938,-1.926458515776856,1.338483894837046,-0.0970836571815912,3.9735097675291313,-0.4437645770130765,1.3252658120617349
95.0,127.0,130.05068969726562,-0.0395502335899427,2.666779991623533,-4.116956623435015,-3.6803431449320665,-1.9264590354373576,1.3384838947991913,-0.0970836567260036,3.9735097675291313,-0.4437647533410628,1.3252658121046084
95.0,127.0,130.05068969726562,-0.0395526989207289,2.666779991582997,-4.116957462409252,-3.680352096147171,-1.9264585092729551,1.33848389415313,-0.0970836567411316,3.973509878923773,-0.4437609161271679,1.3252658031314055
95.0,127.0,130.05068969726562,-0.039550428591424,2.6667799916826667,-4.116956415999054,-3.6803623387232425,-1.9264593530193943,1.33848389415313,-0.0970836568299132,3.973509879000452,-0.4437644279649861,1.325265812089402
95.0,127.0,130.05068969726562,-0.0395497611668766,2.6667799887457058,-4.116959262735716,-3.680344602671716,-1.9264587611044364,1.3384839076261352,-0.0970836667129683,3.973510102413373,-0.443760925368738,1.3252658030011966
95.0,127.0,130.05068969726562,-0.0395497466084029,2.666779991602038,-4.11695649112566,-3.680343340505005,-1.9264587494232872,1.3384838974901672,-0.0970836569560643,3.973510096036778,-0.443764427250458,1.3252658122368608
95.0,127.0,130.05068969726562,-0.0395498233622304,2.666779991617088,-4.11695653497357,-3.6803622919698697,-1.926458781124724,1.3384838977234486,-0.0970836567565525,3.973510094567706,-0.4437609912075407,1.3252658122368608
95.0,127.0,130.05068969726562,-0.0395495033155603,2.666779991617088,-4.11695649112566,-3.680362291161564,-1.9264593692920733,1.3384838974855076,-0.0970836571087099,3.973510094567706,-0.443764427250458,1.3252658122365126
95.0,127.0,130.05068969726562,-0.0395501650773875,2.666779988903852,-4.116956473295759,-3.6803623381136,-1.9264593465180009,1.3384838950703273,-0.0970836571815912,3.973509858076365,-0.4437645705954512,1.3252658121046084
95.0,127.0,130.05068969726562,-0.0395505132871902,2.6667799889430626,-4.116956408112969,-3.680362679406687,-1.9264584541396343,1.3384838973904198,-0.0970836665846568,3.973509879492207,-0.4437646021213772,1.3252658033494642
95.0,127.0,130.05068969726562,-0.0395526686275731,2.6667799915833936,-4.116957462409252,-3.680352259497762,-1.9264585092729551,1.33848389415313,-0.0970836569542125,3.9735098797619983,-0.4437609161271679,1.325265804133952
95.0,127.0,130.05068969726562,-0.0395497611668766,2.6667799887457058,-4.116959262735716,-3.6803446506241726,-1.926458969644805,1.3384838948462483,-0.0970836667129683,3.973509889397808,-0.4437649425661672,1.3252658030011966
95.0,127.0,130.05068969726562,-0.0395521811202685,2.666779987972626,-4.116956623435015,-3.680352478203216,-1.926459303425473,1.3384838947890247,-0.0970836611149359,3.973509763782375,-0.4437645769622644,1.325265803614581
95.0,127.0,130.05068969726562,-0.0395523271136175,2.666780034536935,-4.116956495111221,-3.6803622919698697,-1.926458753267136,1.3384838977234486,-0.0970836570099015,3.973509882578386,-0.443764427250458,1.3252658122351042
95.0,127.0,130.05068969726562,-0.0395501483444097,2.666779987972626,-4.116956632935758,-3.6803431858360938,-1.9264593418335227,1.3384838938430692,-0.0970836571656737,3.9735097642237776,-0.4437645828318656,1.325265812103918
95.0,127.0,130.05068969726562,-0.0395498233622304,2.666779991617088,-4.11695653497357,-3.680362663670839,-1.9264587776370408,1.3384838977234486,-0.0970836567565525,3.973510094567706,-0.4437609912075407,1.3252658122368608
95.0,127.0,130.05068969726562,-0.0395521752061444,2.666779987972626,-4.116956623435015,-3.680352473598708,-1.926459342305523,1.3384838941378991,-0.0970836612243479,3.9735097675291313,-0.4437645769920175,1.3252658032545297
95.0,127.0,130.05068969726562,-0.0395518087210282,2.666779991617088,-4.11695649112566,-3.680362339531548,-1.9264587658670944,1.3384838977385438,-0.0970836570114294,3.9735098827493416,-0.4437644342612243,1.3252658120901175
95.0,127.0,130.05068969726562,-0.0395497611668766,2.6667799917167407,-4.116956371175902,-3.680344602671716,-1.9264587999537268,1.3384839076261352,-0.0970836567002526,3.973510102413373,-0.4437609949169752,1.3252658030011966
95.0,127.0,130.05068969726562,-0.0395497769015587,2.6667799916016413,-4.11695649112566,-3.6803431771544144,-1.9264587494232872,1.3384838974901672,-0.0970836567429834,3.973510095198554,-0.443764427250458,1.3252658112343143
95.0,127.0,130.05068969726562,-0.0395504884467502,2.666779991617088,-4.11695761995014,-3.680351979048179,-1.9264587534601352,1.3384838977011937,-0.0970836571873515,3.9735100910686216,-0.4437608115079382,1.325265803131739
95.0,127.0,130.05068969726562,-0.0395502335899427,2.666779991623533,-4.116956623435015,-3.68034309697961,-1.9264590354373576,1.338483907579078,-0.0970836567260036,3.9735097675291313,-0.4437607361436337,1.3252658121046084
95.0,127.0,130.05068969726562,-0.0395499382994376,2.666780037214975,-4.116956381632508,-3.680352000305452,-1.92646100079703,1.338483897924841,-0.0970836610414297,3.973510103442874,-0.4437644298005058,1.3252658031665814
95.0,127.0,130.05068969726562,-0.0395641390064146,2.666779987854347,-4.116956623435015,-3.6803431858360938,-1.926459312797269,1.338483894778031,-0.0970836571872048,3.9735097675291313,-0.4437645770130765,1.3252658032380131
95.0,127.0,130.05068969726562,-0.0395501650773875,2.666779988002931,-4.116956622675661,-3.680362137300958,-1.9264594437833824,1.3384838950703273,-0.0970836571815912,3.973509768478852,-0.4437645763274239,1.3252658121046084
95.0,127.0,130.05068969726562,-0.0395523254567228,2.6667799868162807,-4.1169567555537,-3.68036259544512,-1.926461017641914,1.338483897391217,-0.0970836666955391,3.9735098795022905,-0.4437645746555173,1.3252658031775228
95.0,127.0,130.05068969726562,-0.0395522014637144,2.6667799876804024,-4.116956632079846,-3.6803625390132777,-1.926459342305523,1.3384838941846702,-0.0970836613196705,3.9735097675291313,-0.4437645785566198,1.3252658032545297
95.0,127.0,130.05068969726562,-0.0395497389100234,2.666779991619789,-4.11695649112566,-3.6803622919698697,-1.9264587566529248,1.3384838977234486,-0.0970836570099015,3.973510094567706,-0.443764427250458,1.3252658122368608
95.0,127.0,130.05068969726562,-0.0395501833281561,2.666779987940415,-4.116956618290182,-3.680362193903243,-1.9264592957571065,1.3384838950703273,-0.0970836571815912,3.9735098864809473,-0.4437645763274239,1.3252658121046084
95.0,128.0,130.05068969726562,-0.0395496000710018,2.666779991617088,-4.11695649112566,-3.6803622919698697,-1.9264587565589748,1.3384838977234486,-0.0970836570099015,3.973510094567706,-0.443764427250458,1.3252658122368608
95.0,128.0,130.05068969726562,-0.0395497611668766,2.6667799887457058,-4.116959262735716,-3.680344602671716,-1.926458969644805,1.3384839076261352,-0.0970836667129683,3.973509889397808,-0.443760925368738,1.3252658030011966
95.0,128.0,130.05068969726562,-0.0395499382994376,2.666780037786213,-4.116956381632508,-3.680352000305452,-1.92646100079703,1.3384838978663465,-0.0970836610414297,3.973510103442874,-0.4437644298005058,1.3252658031665814
95.0,128.0,130.05068969726562,-0.0395521985895971,2.666779991676479,-4.11695675548119,-3.680352242959677,-1.9264585109118089,1.338483897401484,-0.0970836611102571,3.973509882411508,-0.4437645746851206,1.3252658031653166
95.0,128.0,130.05068969726562,-0.0395501650020429,2.666779987972626,-4.116956623435015,-3.6803431858360938,-1.9264593418335227,1.338483894837046,-0.0970836571815912,3.9735097675291313,-0.4437645770130765,1.3252658121046084
95.0,128.0,130.05068969726562,-0.0395521752061444,2.666779987972626,-4.116956623435015,-3.680352473598708,-1.9264593418335227,1.3384838947631714,-0.0970836612243479,3.9735097675291313,-0.4437645769920175,1.3252658032550109
95.0,128.0,130.05068969726562,-0.0395496000710018,2.666779991617088,-4.11695649112566,-3.6803622919698697,-1.9264587565589748,1.3384838977234486,-0.0970836570099015,3.973510094567706,-0.443764427250458,1.3252658122368608
95.0,128.0,130.05068969726562,-0.0395523254567228,2.6667800354144,-4.116956381632508,-3.680352000305452,-1.92646100079703,1.3384838978663465,-0.0970836610585449,3.973509755940401,-0.4437645755452176,1.3252658031665814
95.0,128.0,130.05068969726562,-0.0395501650020429,2.666779988885915,-4.116956473295759,-3.6803431858360938,-1.9264585973982984,1.338483894837046,-0.0970836571815912,3.9735098879500192,-0.4437645763274239,1.3252658121046084
95.0,128.0,130.05068969726562,-0.0395516918227218,2.666779991617088,-4.11695649112566,-3.6803623387232425,-1.9264593530193943,1.338483897500603,-0.0970836571102378,3.9735098827493416,-0.4437644342612243,1.3252658120897691
95.0,128.0,130.05068969726562,-0.0395497466837475,2.6667799916199737,-4.11695649112566,-3.6803622919698697,-1.9264587494232872,1.3384838977234486,-0.0970836569560643,3.973510094567706,-0.443764427250458,1.3252658122368608
95.0,128.0,130.05068969726562,-0.0395496000710018,2.6667800382819498,-4.116956489740838,-3.6803622919698697,-1.9264587565589748,1.3384838978670772,-0.0970836566604063,3.9735101032266464,-0.443764427250458,1.3252658122368608
95.0,128.0,130.05068969726562,-0.0395501448591779,2.666779987972626,-4.116956623435015,-3.6803431858360938,-1.926459316252724,1.338483894837046,-0.0970836571815912,3.9735097675291313,-0.4437645770130765,1.3252658121046084
95.0,128.0,130.05068969726562,-0.0395505114694463,2.6667799889430626,-4.116956412461431,-3.6803623387232425,-1.9264586016034635,1.3384838950047755,-0.0970836665846568,3.973509878923773,-0.4437646021620969,1.3252658120557246
95.0,128.0,130.05068969726562,-0.0395496202138668,2.666779991617088,-4.11695649112566,-3.6803622919698697,-1.9264587821397736,1.3384838977234486,-0.0970836570099015,3.973510094567706,-0.443764427250458,1.3252658122368608
95.0,128.0,130.05068969726562,-0.0395521752061444,2.666779987972626,-4.116956623435015,-3.680352473598708,-1.9264593418335227,1.3384838941397847,-0.0970836612243479,3.9735097675291313,-0.4437644895602854,1.3252658032550109
95.0,128.0,130.05068969726562,-0.0395483751084453,2.666779991617088,-4.11695649112566,-3.680362291123122,-1.9264593530193943,1.33848389415313,-0.0970836571873515,3.9735098827493416,-0.443764427250458,1.3252658120889058
95.0,128.0,130.05068969726562,-0.0395525728356731,2.6667800354144,-4.116956381632508,-3.680352000305452,-1.92646100079703,1.3384838978949467,-0.0970836568210651,3.973509755940401,-0.4437608118425448,1.3252658031665814
95.0,128.0,130.05068969726562,-0.0395641390064146,2.666779987854347,-4.116956623435015,-3.6803431858360938,-1.926459313269269,1.3384838941527588,-0.0970836571872048,3.9735097675291313,-0.4437645770130765,1.325265803237532
95.0,128.0,130.05068969726562,-0.0395501650773875,2.666779988903852,-4.116956473295759,-3.680362137300958,-1.9264585973982984,1.3384838950703273,-0.0970836571815912,3.9735098864809473,-0.4437645763274239,1.3252658121046084
95.0,128.0,130.05068969726562,-0.0395523254567228,2.6667800347557624,-4.1169567555537,-3.6803522419660704,-1.926461017641914,1.3384838974054665,-0.0970836610585449,3.9735098795022905,-0.4437645746555173,1.3252658031665814
95.0,128.0,130.05068969726562,-0.0395523587425969,2.666779987969833,-4.116956699708541,-3.6803431858360938,-1.926458515776856,1.338483894837046,-0.0970836571815912,3.9735097675291313,-0.4437645770130765,1.3252658120617349
95.0,128.0,130.05068969726562,-0.0395502335899427,2.666779991623533,-4.116956623435015,-3.6803431449320665,-1.9264590354373576,1.3384838947991913,-0.0970836567260036,3.9735097675291313,-0.4437647533410628,1.3252658121046084
95.0,128.0,130.05068969726562,-0.0395526989207289,2.666779991582997,-4.116957462409252,-3.680352096147171,-1.9264585092729551,1.33848389415313,-0.0970836567411316,3.973509878923773,-0.4437609161271679,1.3252658031314055
95.0,128.0,130.05068969726562,-0.039550428591424,2.6667799916826667,-4.116956415999054,-3.6803623387232425,-1.9264593530193943,1.33848389415313,-0.0970836568299132,3.973509879000452,-0.4437644279649861,1.325265812089402
95.0,128.0,130.05068969726562,-0.0395497611668766,2.6667799887457058,-4.116959262735716,-3.680344602671716,-1.9264587611044364,1.3384839076261352,-0.0970836667129683,3.973510102413373,-0.443760925368738,1.3252658030011966
95.0,128.0,130.05068969726562,-0.0395497466084029,2.666779991602038,-4.11695649112566,-3.680343340505005,-1.9264587494232872,1.3384838974901672,-0.0970836569560643,3.973510096036778,-0.443764427250458,1.3252658122368608
95.0,128.0,130.05068969726562,-0.0395498233622304,2.666779991617088,-4.11695653497357,-3.6803622919698697,-1.926458781124724,1.3384838977234486,-0.0970836567565525,3.973510094567706,-0.4437609912075407,1.3252658122368608
95.0,128.0,130.05068969726562,-0.0395495033155603,2.666779991617088,-4.11695649112566,-3.680362291161564,-1.9264593692920733,1.3384838974855076,-0.0970836571087099,3.973510094567706,-0.443764427250458,1.3252658122365126
95.0,128.0,130.05068969726562,-0.0395501650773875,2.666779988903852,-4.116956473295759,-3.6803623381136,-1.9264593465180009,1.3384838950703273,-0.0970836571815912,3.973509858076365,-0.4437645705954512,1.3252658121046084
95.0,128.0,130.05068969726562,-0.0395505132871902,2.6667799889430626,-4.116956408112969,-3.680362679406687,-1.9264584541396343,1.3384838973904198,-0.0970836665846568,3.973509879492207,-0.4437646021213772,1.3252658033494642
95.0,128.0,130.05068969726562,-0.0395526686275731,2.6667799915833936,-4.116957462409252,-3.680352259497762,-1.9264585092729551,1.33848389415313,-0.0970836569542125,3.9735098797619983,-0.4437609161271679,1.325265804133952
95.0,128.0,130.05068969726562,-0.0395497611668766,2.6667799887457058,-4.116959262735716,-3.6803446506241726,-1.926458969644805,1.3384838948462483,-0.0970836667129683,3.973509889397808,-0.4437649425661672,1.3252658030011966
95.0,128.0,130.05068969726562,-0.0395521811202685,2.666779987972626,-4.116956623435015,-3.680352478203216,-1.926459303425473,1.3384838947890247,-0.0970836611149359,3.973509763782375,-0.4437645769622644,1.325265803614581
95.0,128.0,130.05068969726562,-0.0395523271136175,2.666780034536935,-4.116956495111221,-3.6803622919698697,-1.926458753267136,1.3384838977234486,-0.0970836570099015,3.973509882578386,-0.443764427250458,1.3252658122351042
95.0,128.0,130.05068969726562,-0.0395501483444097,2.666779987972626,-4.116956632935758,-3.6803431858360938,-1.9264593418335227,1.3384838938430692,-0.0970836571656737,3.9735097642237776,-0.4437645828318656,1.325265812103918
95.0,128.0,130.05068969726562,-0.0395498233622304,2.666779991617088,-4.11695653497357,-3.680362663670839,-1.9264587776370408,1.3384838977234486,-0.0970836567565525,3.973510094567706,-0.4437609912075407,1.3252658122368608
95.0,128.0,130.05068969726562,-0.0395521752061444,2.666779987972626,-4.116956623435015,-3.680352473598708,-1.926459342305523,1.3384838941378991,-0.0970836612243479,3.9735097675291313,-0.4437645769920175,1.3252658032545297
95.0,128.0,130.05068969726562,-0.0395518087210282,2.666779991617088,-4.11695649112566,-3.680362339531548,-1.9264587658670944,1.3384838977385438,-0.0970836570114294,3.9735098827493416,-0.4437644342612243,1.3252658120901175
95.0,128.0,130.05068969726562,-0.0395497611668766,2.6667799917167407,-4.116956371175902,-3.680344602671716,-1.9264587999537268,1.3384839076261352,-0.0970836567002526,3.973510102413373,-0.4437609949169752,1.3252658030011966
95.0,128.0,130.05068969726562,-0.0395497769015587,2.6667799916016413,-4.11695649112566,-3.6803431771544144,-1.9264587494232872,1.3384838974901672,-0.0970836567429834,3.973510095198554,-0.443764427250458,1.3252658112343143
95.0,128.0,130.05068969726562,-0.0395504884467502,2.666779991617088,-4.11695761995014,-3.680351979048179,-1.9264587534601352,1.3384838977011937,-0.0970836571873515,3.9735100910686216,-0.4437608115079382,1.325265803131739
95.0,128.0,130.05068969726562,-0.0395502335899427,2.666779991623533,-4.116956623435015,-3.68034309697961,-1.9264590354373576,1.338483907579078,-0.0970836567260036,3.9735097675291313,-0.4437607361436337,1.3252658121046084
95.0,128.0,130.05068969726562,-0.0395499382994376,2.666780037214975,-4.116956381632508,-3.680352000305452,-1.92646100079703,1.338483897924841,-0.0970836610414297,3.973510103442874,-0.4437644298005058,1.3252658031665814
95.0,128.0,130.05068969726562,-0.0395641390064146,2.666779987854347,-4.116956623435015,-3.6803431858360938,-1.926459312797269,1.338483894778031,-0.0970836571872048,3.9735097675291313,-0.4437645770130765,1.3252658032380131
95.0,128.0,130.05068969726562,-0.0395501650773875,2.666779988002931,-4.116956622675661,-3.680362137300958,-1.9264594437833824,1.3384838950703273,-0.0970836571815912,3.973509768478852,-0.4437645763274239,1.3252658121046084
95.0,128.0,130.05068969726562,-0.0395523254567228,2.6667799868162807,-4.1169567555537,-3.68036259544512,-1.926461017641914,1.338483897391217,-0.0970836666955391,3.9735098795022905,-0.4437645746555173,1.3252658031775228
95.0,128.0,130.05068969726562,-0.0395522014637144,2.6667799876804024,-4.116956632079846,-3.6803625390132777,-1.926459342305523,1.3384838941846702,-0.0970836613196705,3.9735097675291313,-0.4437645785566198,1.3252658032545297
95.0,128.0,130.05068969726562,-0.0395497389100234,2.666779991619789,-4.11695649112566,-3.6803622919698697,-1.9264587566529248,1.3384838977234486,-0.0970836570099015,3.973510094567706,-0.443764427250458,1.3252658122368608
95.0,128.0,130.05068969726562,-0.0395501833281561,2.666779987940415,-4.116956618290182,-3.680362193903243,-1.9264592957571065,1.3384838950703273,-0.0970836571815912,3.9735098864809473,-0.4437645763274239,1.3252658121046084
95.0,129.0,130.05062866210938,-0.0395495033155603,2.666779991617088,-4.11695649112566,-3.67919720985624,-1.9264593816057207,1.3384838977124018,-0.0970836571087099,3.973510094567706,-0.443764427250458,1.3252658122365126
95.0,129.0,130.05068969726562,-0.0395496000710018,2.666779991617088,-4.11695649112566,-3.6803622919698697,-1.9264587565589748,1.3384838977234486,-0.0970836570099015,3.973510094567706,-0.443764427250458,1.3252658122368608
95.0,129.0,130.05068969726562,-0.0395497611668766,2.6667799887457058,-4.116959262735716,-3.680344602671716,-1.926458969644805,1.3384839076261352,-0.0970836667129683,3.973509889397808,-0.443760925368738,1.3252658030011966
95.0,129.0,130.05068969726562,-0.0395499382994376,2.666780037786213,-4.116956381632508,-3.680352000305452,-1.92646100079703,1.3384838978663465,-0.0970836610414297,3.973510103442874,-0.4437644298005058,1.3252658031665814
95.0,129.0,130.05068969726562,-0.0395521985895971,2.666779991676479,-4.11695675548119,-3.680352242959677,-1.9264585109118089,1.338483897401484,-0.0970836611102571,3.973509882411508,-0.4437645746851206,1.3252658031653166
95.0,129.0,130.05068969726562,-0.0395501650020429,2.666779987972626,-4.116956623435015,-3.6803431858360938,-1.9264593418335227,1.338483894837046,-0.0970836571815912,3.9735097675291313,-0.4437645770130765,1.3252658121046084
95.0,129.0,130.05068969726562,-0.0395521752061444,2.666779987972626,-4.116956623435015,-3.680352473598708,-1.9264593418335227,1.3384838947631714,-0.0970836612243479,3.9735097675291313,-0.4437645769920175,1.3252658032550109
95.0,129.0,130.05068969726562,-0.0395496000710018,2.666779991617088,-4.11695649112566,-3.6803622919698697,-1.9264587565589748,1.3384838977234486,-0.0970836570099015,3.973510094567706,-0.443764427250458,1.3252658122368608
95.0,129.0,130.05068969726562,-0.0395523254567228,2.6667800354144,-4.116956381632508,-3.680352000305452,-1.92646100079703,1.3384838978663465,-0.0970836610585449,3.973509755940401,-0.4437645755452176,1.3252658031665814
95.0,129.0,130.05068969726562,-0.0395501650020429,2.666779988885915,-4.116956473295759,-3.6803431858360938,-1.9264585973982984,1.338483894837046,-0.0970836571815912,3.9735098879500192,-0.4437645763274239,1.3252658121046084
95.0,129.0,130.05068969726562,-0.0395516918227218,2.666779991617088,-4.11695649112566,-3.6803623387232425,-1.9264593530193943,1.338483897500603,-0.0970836571102378,3.9735098827493416,-0.4437644342612243,1.3252658120897691
95.0,129.0,130.05068969726562,-0.0395497466837475,2.6667799916199737,-4.11695649112566,-3.6803622919698697,-1.9264587494232872,1.3384838977234486,-0.0970836569560643,3.973510094567706,-0.443764427250458,1.3252658122368608
95.0,129.0,130.05068969726562,-0.0395496000710018,2.6667800382819498,-4.116956489740838,-3.6803622919698697,-1.9264587565589748,1.3384838978670772,-0.0970836566604063,3.9735101032266464,-0.443764427250458,1.3252658122368608
95.0,129.0,130.05068969726562,-0.0395501448591779,2.666779987972626,-4.116956623435015,-3.6803431858360938,-1.926459316252724,1.338483894837046,-0.0970836571815912,3.9735097675291313,-0.4437645770130765,1.3252658121046084
95.0,129.0,130.05068969726562,-0.0395505114694463,2.6667799889430626,-4.116956412461431,-3.6803623387232425,-1.9264586016034635,1.3384838950047755,-0.0970836665846568,3.973509878923773,-0.4437646021620969,1.3252658120557246
95.0,129.0,130.05068969726562,-0.0395496202138668,2.666779991617088,-4.11695649112566,-3.6803622919698697,-1.9264587821397736,1.3384838977234486,-0.0970836570099015,3.973510094567706,-0.443764427250458,1.3252658122368608
95.0,129.0,130.05068969726562,-0.0395521752061444,2.666779987972626,-4.116956623435015,-3.680352473598708,-1.9264593418335227,1.3384838941397847,-0.0970836612243479,3.9735097675291313,-0.4437644895602854,1.3252658032550109
95.0,129.0,130.05068969726562,-0.0395483751084453,2.666779991617088,-4.11695649112566,-3.680362291123122,-1.9264593530193943,1.33848389415313,-0.0970836571873515,3.9735098827493416,-0.443764427250458,1.3252658120889058
95.0,129.0,130.05068969726562,-0.0395525728356731,2.6667800354144,-4.116956381632508,-3.680352000305452,-1.92646100079703,1.3384838978949467,-0.0970836568210651,3.973509755940401,-0.4437608118425448,1.3252658031665814
95.0,129.0,130.05068969726562,-0.0395641390064146,2.666779987854347,-4.116956623435015,-3.6803431858360938,-1.926459313269269,1.3384838941527588,-0.0970836571872048,3.9735097675291313,-0.4437645770130765,1.325265803237532
95.0,129.0,130.05068969726562,-0.0395501650773875,2.666779988903852,-4.116956473295759,-3.680362137300958,-1.9264585973982984,1.3384838950703273,-0.0970836571815912,3.9735098864809473,-0.4437645763274239,1.3252658121046084
95.0,129.0,130.05068969726562,-0.0395523254567228,2.6667800347557624,-4.1169567555537,-3.6803522419660704,-1.926461017641914,1.3384838974054665,-0.0970836610585449,3.9735098795022905,-0.4437645746555173,1.3252658031665814
95.0,129.0,130.05068969726562,-0.0395523587425969,2.666779987969833,-4.116956699708541,-3.6803431858360938,-1.926458515776856,1.338483894837046,-0.0970836571815912,3.9735097675291313,-0.4437645770130765,1.3252658120617349
95.0,129.0,130.05068969726562,-0.0395502335899427,2.666779991623533,-4.116956623435015,-3.6803431449320665,-1.9264590354373576,1.3384838947991913,-0.0970836567260036,3.9735097675291313,-0.4437647533410628,1.3252658121046084
95.0,129.0,130.05068969726562,-0.0395526989207289,2.666779991582997,-4.116957462409252,-3.680352096147171,-1.9264585092729551,1.33848389415313,-0.0970836567411316,3.973509878923773,-0.4437609161271679,1.3252658031314055
95.0,129.0,130.05068969726562,-0.039550428591424,2.6667799916826667,-4.116956415999054,-3.6803623387232425,-1.9264593530193943,1.33848389415313,-0.0970836568299132,3.973509879000452,-0.4437644279649861,1.325265812089402
95.0,129.0,130.05068969726562,-0.0395497611668766,2.6667799887457058,-4.116959262735716,-3.680344602671716,-1.9264587611044364,1.3384839076261352,-0.0970836667129683,3.973510102413373,-0.443760925368738,1.3252658030011966
95.0,129.0,130.05068969726562,-0.0395497466084029,2.666779991602038,-4.11695649112566,-3.680343340505005,-1.9264587494232872,1.3384838974901672,-0.0970836569560643,3.973510096036778,-0.443764427250458,1.3252658122368608
95.0,129.0,130.05068969726562,-0.0395498233622304,2.666779991617088,-4.11695653497357,-3.6803622919698697,-1.926458781124724,1.3384838977234486,-0.0970836567565525,3.973510094567706,-0.4437609912075407,1.3252658122368608
95.0,129.0,130.05068969726562,-0.0395495033155603,2.666779991617088,-4.11695649112566,-3.680362291161564,-1.9264593692920733,1.3384838974855076,-0.0970836571087099,3.973510094567706,-0.443764427250458,1.3252658122365126
95.0,129.0,130.05068969726562,-0.0395501650773875,2.666779988903852,-4.116956473295759,-3.6803623381136,-1.9264593465180009,1.3384838950703273,-0.0970836571815912,3.973509858076365,-0.4437645705954512,1.3252658121046084
95.0,129.0,130.05068969726562,-0.0395505132871902,2.6667799889430626,-4.116956408112969,-3.680362679406687,-1.9264584541396343,1.3384838973904198,-0.0970836665846568,3.973509879492207,-0.4437646021213772,1.3252658033494642
95.0,129.0,130.05068969726562,-0.0395526686275731,2.6667799915833936,-4.116957462409252,-3.680352259497762,-1.9264585092729551,1.33848389415313,-0.0970836569542125,3.9735098797619983,-0.4437609161271679,1.325265804133952
95.0,129.0,130.05068969726562,-0.0395497611668766,2.6667799887457058,-4.116959262735716,-3.6803446506241726,-1.926458969644805,1.3384838948462483,-0.0970836667129683,3.973509889397808,-0.4437649425661672,1.3252658030011966
95.0,129.0,130.05068969726562,-0.0395521811202685,2.666779987972626,-4.116956623435015,-3.680352478203216,-1.926459303425473,1.3384838947890247,-0.0970836611149359,3.973509763782375,-0.4437645769622644,1.325265803614581
95.0,129.0,130.05068969726562,-0.0395523271136175,2.666780034536935,-4.116956495111221,-3.6803622919698697,-1.926458753267136,1.3384838977234486,-0.0970836570099015,3.973509882578386,-0.443764427250458,1.3252658122351042
95.0,129.0,130.05068969726562,-0.0395501483444097,2.666779987972626,-4.116956632935758,-3.6803431858360938,-1.9264593418335227,1.3384838938430692,-0.0970836571656737,3.9735097642237776,-0.4437645828318656,1.325265812103918
95.0,129.0,130.05068969726562,-0.0395498233622304,2.666779991617088,-4.11695653497357,-3.680362663670839,-1.9264587776370408,1.3384838977234486,-0.0970836567565525,3.973510094567706,-0.4437609912075407,1.3252658122368608
95.0,129.0,130.05068969726562,-0.0395521752061444,2.666779987972626,-4.116956623435015,-3.680352473598708,-1.926459342305523,1.3384838941378991,-0.0970836612243479,3.9735097675291313,-0.4437645769920175,1.3252658032545297
95.0,129.0,130.05068969726562,-0.0395518087210282,2.666779991617088,-4.11695649112566,-3.680362339531548,-1.9264587658670944,1.3384838977385438,-0.0970836570114294,3.9735098827493416,-0.4437644342612243,1.3252658120901175
95.0,129.0,130.05068969726562,-0.0395497611668766,2.6667799917167407,-4.116956371175902,-3.680344602671716,-1.9264587999537268,1.3384839076261352,-0.0970836567002526,3.973510102413373,-0.4437609949169752,1.3252658030011966
95.0,129.0,130.05068969726562,-0.0395497769015587,2.6667799916016413,-4.11695649112566,-3.6803431771544144,-1.9264587494232872,1.3384838974901672,-0.0970836567429834,3.973510095198554,-0.443764427250458,1.3252658112343143
95.0,129.0,130.05068969726562,-0.0395504884467502,2.666779991617088,-4.11695761995014,-3.680351979048179,-1.9264587534601352,1.3384838977011937,-0.0970836571873515,3.9735100910686216,-0.4437608115079382,1.325265803131739
95.0,129.0,130.05068969726562,-0.0395502335899427,2.666779991623533,-4.116956623435015,-3.68034309697961,-1.9264590354373576,1.338483907579078,-0.0970836567260036,3.9735097675291313,-0.4437607361436337,1.3252658121046084
95.0,129.0,130.05068969726562,-0.0395499382994376,2.666780037214975,-4.116956381632508,-3.680352000305452,-1.92646100079703,1.338483897924841,-0.0970836610414297,3.973510103442874,-0.4437644298005058,1.3252658031665814
95.0,129.0,130.05068969726562,-0.0395641390064146,2.666779987854347,-4.116956623435015,-3.6803431858360938,-1.926459312797269,1.338483894778031,-0.0970836571872048,3.9735097675291313,-0.4437645770130765,1.3252658032380131
95.0,129.0,130.05068969726562,-0.0395501650773875,2.666779988002931,-4.116956622675661,-3.680362137300958,-1.9264594437833824,1.3384838950703273,-0.0970836571815912,3.973509768478852,-0.4437645763274239,1.3252658121046084
95.0,129.0,130.05068969726562,-0.0395523254567228,2.6667799868162807,-4.1169567555537,-3.68036259544512,-1.926461017641914,1.338483897391217,-0.0970836666955391,3.9735098795022905,-0.4437645746555173,1.3252658031775228
95.0,129.0,130.05068969726562,-0.0395522014637144,2.6667799876804024,-4.116956632079846,-3.6803625390132777,-1.926459342305523,1.3384838941846702,-0.0970836613196705,3.9735097675291313,-0.4437645785566198,1.3252658032545297
95.0,129.0,130.05068969726562,-0.0395497389100234,2.666779991619789,-4.11695649112566,-3.6803622919698697,-1.9264587566529248,1.3384838977234486,-0.0970836570099015,3.973510094567706,-0.443764427250458,1.3252658122368608
95.0,130.0,130.05062866210938,-0.0395495033155603,2.666779991617088,-4.11695649112566,-3.67919720985624,-1.9264593816057207,1.3384838977124018,-0.0970836571087099,3.973510094567706,-0.443764427250458,1.3252658122365126
95.0,130.0,130.05068969726562,-0.0395496000710018,2.666779991617088,-4.11695649112566,-3.6803622919698697,-1.9264587565589748,1.3384838977234486,-0.0970836570099015,3.973510094567706,-0.443764427250458,1.3252658122368608
95.0,130.0,130.05068969726562,-0.0395497611668766,2.6667799887457058,-4.116959262735716,-3.680344602671716,-1.926458969644805,1.3384839076261352,-0.0970836667129683,3.973509889397808,-0.443760925368738,1.3252658030011966
95.0,130.0,130.05068969726562,-0.0395499382994376,2.666780037786213,-4.116956381632508,-3.680352000305452,-1.92646100079703,1.3384838978663465,-0.0970836610414297,3.973510103442874,-0.4437644298005058,1.3252658031665814
95.0,130.0,130.05068969726562,-0.0395521985895971,2.666779991676479,-4.11695675548119,-3.680352242959677,-1.9264585109118089,1.338483897401484,-0.0970836611102571,3.973509882411508,-0.4437645746851206,1.3252658031653166
95.0,130.0,130.05068969726562,-0.0395501650020429,2.666779987972626,-4.116956623435015,-3.6803431858360938,-1.9264593418335227,1.338483894837046,-0.0970836571815912,3.9735097675291313,-0.4437645770130765,1.3252658121046084
95.0,130.0,130.05068969726562,-0.0395521752061444,2.666779987972626,-4.116956623435015,-3.680352473598708,-1.9264593418335227,1.3384838947631714,-0.0970836612243479,3.9735097675291313,-0.4437645769920175,1.3252658032550109
95.0,130.0,130.05068969726562,-0.0395496000710018,2.666779991617088,-4.11695649112566,-3.6803622919698697,-1.9264587565589748,1.3384838977234486,-0.0970836570099015,3.973510094567706,-0.443764427250458,1.3252658122368608
95.0,130.0,130.05068969726562,-0.0395523254567228,2.6667800354144,-4.116956381632508,-3.680352000305452,-1.92646100079703,1.3384838978663465,-0.0970836610585449,3.973509755940401,-0.4437645755452176,1.3252658031665814
95.0,130.0,130.05068969726562,-0.0395501650020429,2.666779988885915,-4.116956473295759,-3.6803431858360938,-1.9264585973982984,1.338483894837046,-0.0970836571815912,3.9735098879500192,-0.4437645763274239,1.3252658121046084
95.0,130.0,130.05068969726562,-0.0395516918227218,2.666779991617088,-4.11695649112566,-3.6803623387232425,-1.9264593530193943,1.338483897500603,-0.0970836571102378,3.9735098827493416,-0.4437644342612243,1.3252658120897691
95.0,130.0,130.05068969726562,-0.0395497466837475,2.6667799916199737,-4.11695649112566,-3.6803622919698697,-1.9264587494232872,1.3384838977234486,-0.0970836569560643,3.973510094567706,-0.443764427250458,1.3252658122368608
95.0,130.0,130.05068969726562,-0.0395496000710018,2.6667800382819498,-4.116956489740838,-3.6803622919698697,-1.9264587565589748,1.3384838978670772,-0.0970836566604063,3.9735101032266464,-0.443764427250458,1.3252658122368608
95.0,130.0,130.05068969726562,-0.0395501448591779,2.666779987972626,-4.116956623435015,-3.6803431858360938,-1.926459316252724,1.338483894837046,-0.0970836571815912,3.9735097675291313,-0.4437645770130765,1.3252658121046084
95.0,130.0,130.05068969726562,-0.0395505114694463,2.6667799889430626,-4.116956412461431,-3.6803623387232425,-1.9264586016034635,1.3384838950047755,-0.0970836665846568,3.973509878923773,-0.4437646021620969,1.3252658120557246
95.0,130.0,130.05068969726562,-0.0395496202138668,2.666779991617088,-4.11695649112566,-3.6803622919698697,-1.9264587821397736,1.3384838977234486,-0.0970836570099015,3.973510094567706,-0.443764427250458,1.3252658122368608
95.0,130.0,130.05068969726562,-0.0395521752061444,2.666779987972626,-4.116956623435015,-3.680352473598708,-1.9264593418335227,1.3384838941397847,-0.0970836612243479,3.9735097675291313,-0.4437644895602854,1.3252658032550109
95.0,130.0,130.05068969726562,-0.0395483751084453,2.666779991617088,-4.11695649112566,-3.680362291123122,-1.9264593530193943,1.33848389415313,-0.0970836571873515,3.9735098827493416,-0.443764427250458,1.3252658120889058
95.0,130.0,130.05068969726562,-0.0395525728356731,2.6667800354144,-4.116956381632508,-3.680352000305452,-1.92646100079703,1.3384838978949467,-0.0970836568210651,3.973509755940401,-0.4437608118425448,1.3252658031665814
95.0,130.0,130.05068969726562,-0.0395641390064146,2.666779987854347,-4.116956623435015,-3.6803431858360938,-1.926459313269269,1.3384838941527588,-0.0970836571872048,3.9735097675291313,-0.4437645770130765,1.325265803237532
95.0,130.0,130.05068969726562,-0.0395501650773875,2.666779988903852,-4.116956473295759,-3.680362137300958,-1.9264585973982984,1.3384838950703273,-0.0970836571815912,3.9735098864809473,-0.4437645763274239,1.3252658121046084
95.0,130.0,130.05068969726562,-0.0395523254567228,2.6667800347557624,-4.1169567555537,-3.6803522419660704,-1.926461017641914,1.3384838974054665,-0.0970836610585449,3.9735098795022905,-0.4437645746555173,1.3252658031665814
95.0,130.0,130.05068969726562,-0.0395523587425969,2.666779987969833,-4.116956699708541,-3.6803431858360938,-1.926458515776856,1.338483894837046,-0.0970836571815912,3.9735097675291313,-0.4437645770130765,1.3252658120617349
95.0,130.0,130.05068969726562,-0.0395502335899427,2.666779991623533,-4.116956623435015,-3.6803431449320665,-1.9264590354373576,1.3384838947991913,-0.0970836567260036,3.9735097675291313,-0.4437647533410628,1.3252658121046084
95.0,130.0,130.05068969726562,-0.0395526989207289,2.666779991582997,-4.116957462409252,-3.680352096147171,-1.9264585092729551,1.33848389415313,-0.0970836567411316,3.973509878923773,-0.4437609161271679,1.3252658031314055
95.0,130.0,130.05068969726562,-0.039550428591424,2.6667799916826667,-4.116956415999054,-3.6803623387232425,-1.9264593530193943,1.33848389415313,-0.0970836568299132,3.973509879000452,-0.4437644279649861,1.325265812089402
95.0,130.0,130.05068969726562,-0.0395497611668766,2.6667799887457058,-4.116959262735716,-3.680344602671716,-1.9264587611044364,1.3384839076261352,-0.0970836667129683,3.973510102413373,-0.443760925368738,1.3252658030011966
95.0,130.0,130.05068969726562,-0.0395497466084029,2.666779991602038,-4.11695649112566,-3.680343340505005,-1.9264587494232872,1.3384838974901672,-0.0970836569560643,3.973510096036778,-0.443764427250458,1.3252658122368608
95.0,130.0,130.05068969726562,-0.0395498233622304,2.666779991617088,-4.11695653497357,-3.6803622919698697,-1.926458781124724,1.3384838977234486,-0.0970836567565525,3.973510094567706,-0.4437609912075407,1.3252658122368608
95.0,130.0,130.05068969726562,-0.0395495033155603,2.666779991617088,-4.11695649112566,-3.680362291161564,-1.9264593692920733,1.3384838974855076,-0.0970836571087099,3.973510094567706,-0.443764427250458,1.3252658122365126
95.0,130.0,130.05068969726562,-0.0395501650773875,2.666779988903852,-4.116956473295759,-3.6803623381136,-1.9264593465180009,1.3384838950703273,-0.0970836571815912,3.973509858076365,-0.4437645705954512,1.3252658121046084
95.0,130.0,130.05068969726562,-0.0395505132871902,2.6667799889430626,-4.116956408112969,-3.680362679406687,-1.9264584541396343,1.3384838973904198,-0.0970836665846568,3.973509879492207,-0.4437646021213772,1.3252658033494642
95.0,130.0,130.05068969726562,-0.0395526686275731,2.6667799915833936,-4.116957462409252,-3.680352259497762,-1.9264585092729551,1.33848389415313,-0.0970836569542125,3.9735098797619983,-0.4437609161271679,1.325265804133952
95.0,130.0,130.05068969726562,-0.0395497611668766,2.6667799887457058,-4.116959262735716,-3.6803446506241726,-1.926458969644805,1.3384838948462483,-0.0970836667129683,3.973509889397808,-0.4437649425661672,1.3252658030011966
95.0,130.0,130.05068969726562,-0.0395521811202685,2.666779987972626,-4.116956623435015,-3.680352478203216,-1.926459303425473,1.3384838947890247,-0.0970836611149359,3.973509763782375,-0.4437645769622644,1.325265803614581
95.0,130.0,130.05068969726562,-0.0395523271136175,2.666780034536935,-4.116956495111221,-3.6803622919698697,-1.926458753267136,1.3384838977234486,-0.0970836570099015,3.973509882578386,-0.443764427250458,1.3252658122351042
95.0,130.0,130.05068969726562,-0.0395501483444097,2.666779987972626,-4.116956632935758,-3.6803431858360938,-1.9264593418335227,1.3384838938430692,-0.0970836571656737,3.9735097642237776,-0.4437645828318656,1.325265812103918
95.0,130.0,130.05068969726562,-0.0395498233622304,2.666779991617088,-4.11695653497357,-3.680362663670839,-1.9264587776370408,1.3384838977234486,-0.0970836567565525,3.973510094567706,-0.4437609912075407,1.3252658122368608
95.0,130.0,130.05068969726562,-0.0395521752061444,2.666779987972626,-4.116956623435015,-3.680352473598708,-1.926459342305523,1.3384838941378991,-0.0970836612243479,3.9735097675291313,-0.4437645769920175,1.3252658032545297
95.0,130.0,130.05068969726562,-0.0395518087210282,2.666779991617088,-4.11695649112566,-3.680362339531548,-1.9264587658670944,1.3384838977385438,-0.0970836570114294,3.9735098827493416,-0.4437644342612243,1.3252658120901175
95.0,130.0,130.05068969726562,-0.0395497611668766,2.6667799917167407,-4.116956371175902,-3.680344602671716,-1.9264587999537268,1.3384839076261352,-0.0970836567002526,3.973510102413373,-0.4437609949169752,1.3252658030011966
95.0,130.0,130.05068969726562,-0.0395497769015587,2.6667799916016413,-4.11695649112566,-3.6803431771544144,-1.9264587494232872,1.3384838974901672,-0.0970836567429834,3.973510095198554,-0.443764427250458,1.3252658112343143
95.0,130.0,130.05068969726562,-0.0395504884467502,2.666779991617088,-4.11695761995014,-3.680351979048179,-1.9264587534601352,1.3384838977011937,-0.0970836571873515,3.9735100910686216,-0.4437608115079382,1.325265803131739
95.0,130.0,130.05068969726562,-0.0395502335899427,2.666779991623533,-4.116956623435015,-3.68034309697961,-1.9264590354373576,1.338483907579078,-0.0970836567260036,3.9735097675291313,-0.4437607361436337,1.3252658121046084
95.0,130.0,130.05068969726562,-0.0395499382994376,2.666780037214975,-4.116956381632508,-3.680352000305452,-1.92646100079703,1.338483897924841,-0.0970836610414297,3.973510103442874,-0.4437644298005058,1.3252658031665814
95.0,130.0,130.05068969726562,-0.0395641390064146,2.666779987854347,-4.116956623435015,-3.6803431858360938,-1.926459312797269,1.338483894778031,-0.0970836571872048,3.9735097675291313,-0.4437645770130765,1.3252658032380131
95.0,130.0,130.05068969726562,-0.0395501650773875,2.666779988002931,-4.116956622675661,-3.680362137300958,-1.9264594437833824,1.3384838950703273,-0.0970836571815912,3.973509768478852,-0.4437645763274239,1.3252658121046084
95.0,130.0,130.05068969726562,-0.0395523254567228,2.6667799868162807,-4.1169567555537,-3.68036259544512,-1.926461017641914,1.338483897391217,-0.0970836666955391,3.9735098795022905,-0.4437645746555173,1.3252658031775228
95.0,130.0,130.05068969726562,-0.0395522014637144,2.6667799876804024,-4.116956632079846,-3.6803625390132777,-1.926459342305523,1.3384838941846702,-0.0970836613196705,3.9735097675291313,-0.4437645785566198,1.3252658032545297
95.0,130.0,130.05068969726562,-0.0395497389100234,2.666779991619789,-4.11695649112566,-3.6803622919698697,-1.9264587566529248,1.3384838977234486,-0.0970836570099015,3.973510094567706,-0.443764427250458,1.3252658122368608
95.0,131.0,130.05062866210938,-0.0395495033155603,2.666779991617088,-4.11695649112566,-3.67919720985624,-1.9264593816057207,1.3384838977124018,-0.0970836571087099,3.973510094567706,-0.443764427250458,1.3252658122365126
95.0,131.0,130.05062866210938,-0.0395526491627205,2.666779991619888,-4.11695649112566,-3.67919720985624,-1.9264585879094969,1.3384838940916584,-0.0970836571087099,3.973510094567706,-0.4437643937433275,1.3252658042505117
95.0,131.0,130.05068969726562,-0.0395496000710018,2.666779991617088,-4.11695649112566,-3.6803622919698697,-1.9264587565589748,1.3384838977234486,-0.0970836570099015,3.973510094567706,-0.443764427250458,1.3252658122368608
95.0,131.0,130.05068969726562,-0.0395497611668766,2.6667799887457058,-4.116959262735716,-3.680344602671716,-1.926458969644805,1.3384839076261352,-0.0970836667129683,3.973509889397808,-0.443760925368738,1.3252658030011966
95.0,131.0,130.05068969726562,-0.0395499382994376,2.666780037786213,-4.116956381632508,-3.680352000305452,-1.92646100079703,1.3384838978663465,-0.0970836610414297,3.973510103442874,-0.4437644298005058,1.3252658031665814
95.0,131.0,130.05068969726562,-0.0395521985895971,2.666779991676479,-4.11695675548119,-3.680352242959677,-1.9264585109118089,1.338483897401484,-0.0970836611102571,3.973509882411508,-0.4437645746851206,1.3252658031653166
95.0,131.0,130.05068969726562,-0.0395501650020429,2.666779987972626,-4.116956623435015,-3.6803431858360938,-1.9264593418335227,1.338483894837046,-0.0970836571815912,3.9735097675291313,-0.4437645770130765,1.3252658121046084
95.0,131.0,130.05068969726562,-0.0395521752061444,2.666779987972626,-4.116956623435015,-3.680352473598708,-1.9264593418335227,1.3384838947631714,-0.0970836612243479,3.9735097675291313,-0.4437645769920175,1.3252658032550109
95.0,131.0,130.05068969726562,-0.0395496000710018,2.666779991617088,-4.11695649112566,-3.6803622919698697,-1.9264587565589748,1.3384838977234486,-0.0970836570099015,3.973510094567706,-0.443764427250458,1.3252658122368608
95.0,131.0,130.05068969726562,-0.0395523254567228,2.6667800354144,-4.116956381632508,-3.680352000305452,-1.92646100079703,1.3384838978663465,-0.0970836610585449,3.973509755940401,-0.4437645755452176,1.3252658031665814
95.0,131.0,130.05068969726562,-0.0395501650020429,2.666779988885915,-4.116956473295759,-3.6803431858360938,-1.9264585973982984,1.338483894837046,-0.0970836571815912,3.9735098879500192,-0.4437645763274239,1.3252658121046084
95.0,131.0,130.05068969726562,-0.0395516918227218,2.666779991617088,-4.11695649112566,-3.6803623387232425,-1.9264593530193943,1.338483897500603,-0.0970836571102378,3.9735098827493416,-0.4437644342612243,1.3252658120897691
95.0,131.0,130.05068969726562,-0.0395497466837475,2.6667799916199737,-4.11695649112566,-3.6803622919698697,-1.9264587494232872,1.3384838977234486,-0.0970836569560643,3.973510094567706,-0.443764427250458,1.3252658122368608
95.0,131.0,130.05068969726562,-0.0395496000710018,2.6667800382819498,-4.116956489740838,-3.6803622919698697,-1.9264587565589748,1.3384838978670772,-0.0970836566604063,3.9735101032266464,-0.443764427250458,1.3252658122368608
95.0,131.0,130.05068969726562,-0.0395501448591779,2.666779987972626,-4.116956623435015,-3.6803431858360938,-1.926459316252724,1.338483894837046,-0.0970836571815912,3.9735097675291313,-0.4437645770130765,1.3252658121046084
95.0,131.0,130.05068969726562,-0.0395505114694463,2.6667799889430626,-4.116956412461431,-3.6803623387232425,-1.9264586016034635,1.3384838950047755,-0.0970836665846568,3.973509878923773,-0.4437646021620969,1.3252658120557246
95.0,131.0,130.05068969726562,-0.0395496202138668,2.666779991617088,-4.11695649112566,-3.6803622919698697,-1.9264587821397736,1.3384838977234486,-0.0970836570099015,3.973510094567706,-0.443764427250458,1.3252658122368608
95.0,131.0,130.05068969726562,-0.0395521752061444,2.666779987972626,-4.116956623435015,-3.680352473598708,-1.9264593418335227,1.3384838941397847,-0.0970836612243479,3.9735097675291313,-0.4437644895602854,1.3252658032550109
95.0,131.0,130.05068969726562,-0.0395483751084453,2.666779991617088,-4.11695649112566,-3.680362291123122,-1.9264593530193943,1.33848389415313,-0.0970836571873515,3.9735098827493416,-0.443764427250458,1.3252658120889058
95.0,131.0,130.05068969726562,-0.0395525728356731,2.6667800354144,-4.116956381632508,-3.680352000305452,-1.92646100079703,1.3384838978949467,-0.0970836568210651,3.973509755940401,-0.4437608118425448,1.3252658031665814
95.0,131.0,130.05068969726562,-0.0395641390064146,2.666779987854347,-4.116956623435015,-3.6803431858360938,-1.926459313269269,1.3384838941527588,-0.0970836571872048,3.9735097675291313,-0.4437645770130765,1.325265803237532
95.0,131.0,130.05068969726562,-0.0395501650773875,2.666779988903852,-4.116956473295759,-3.680362137300958,-1.9264585973982984,1.3384838950703273,-0.0970836571815912,3.9735098864809473,-0.4437645763274239,1.3252658121046084
95.0,131.0,130.05068969726562,-0.0395523254567228,2.6667800347557624,-4.1169567555537,-3.6803522419660704,-1.926461017641914,1.3384838974054665,-0.0970836610585449,3.9735098795022905,-0.4437645746555173,1.3252658031665814
95.0,131.0,130.05068969726562,-0.0395523587425969,2.666779987969833,-4.116956699708541,-3.6803431858360938,-1.926458515776856,1.338483894837046,-0.0970836571815912,3.9735097675291313,-0.4437645770130765,1.3252658120617349
95.0,131.0,130.05068969726562,-0.0395502335899427,2.666779991623533,-4.116956623435015,-3.6803431449320665,-1.9264590354373576,1.3384838947991913,-0.0970836567260036,3.9735097675291313,-0.4437647533410628,1.3252658121046084
95.0,131.0,130.05068969726562,-0.0395526989207289,2.666779991582997,-4.116957462409252,-3.680352096147171,-1.9264585092729551,1.33848389415313,-0.0970836567411316,3.973509878923773,-0.4437609161271679,1.3252658031314055
95.0,131.0,130.05068969726562,-0.039550428591424,2.6667799916826667,-4.116956415999054,-3.6803623387232425,-1.9264593530193943,1.33848389415313,-0.0970836568299132,3.973509879000452,-0.4437644279649861,1.325265812089402
95.0,131.0,130.05068969726562,-0.0395497611668766,2.6667799887457058,-4.116959262735716,-3.680344602671716,-1.9264587611044364,1.3384839076261352,-0.0970836667129683,3.973510102413373,-0.443760925368738,1.3252658030011966
95.0,131.0,130.05068969726562,-0.0395497466084029,2.666779991602038,-4.11695649112566,-3.680343340505005,-1.9264587494232872,1.3384838974901672,-0.0970836569560643,3.973510096036778,-0.443764427250458,1.3252658122368608
95.0,131.0,130.05068969726562,-0.0395498233622304,2.666779991617088,-4.11695653497357,-3.6803622919698697,-1.926458781124724,1.3384838977234486,-0.0970836567565525,3.973510094567706,-0.4437609912075407,1.3252658122368608
95.0,131.0,130.05068969726562,-0.0395495033155603,2.666779991617088,-4.11695649112566,-3.680362291161564,-1.9264593692920733,1.3384838974855076,-0.0970836571087099,3.973510094567706,-0.443764427250458,1.3252658122365126
95.0,131.0,130.05068969726562,-0.0395501650773875,2.666779988903852,-4.116956473295759,-3.6803623381136,-1.9264593465180009,1.3384838950703273,-0.0970836571815912,3.973509858076365,-0.4437645705954512,1.3252658121046084
95.0,131.0,130.05068969726562,-0.0395505132871902,2.6667799889430626,-4.116956408112969,-3.680362679406687,-1.9264584541396343,1.3384838973904198,-0.0970836665846568,3.973509879492207,-0.4437646021213772,1.3252658033494642
95.0,131.0,130.05068969726562,-0.0395526686275731,2.6667799915833936,-4.116957462409252,-3.680352259497762,-1.9264585092729551,1.33848389415313,-0.0970836569542125,3.9735098797619983,-0.4437609161271679,1.325265804133952
95.0,131.0,130.05068969726562,-0.0395497611668766,2.6667799887457058,-4.116959262735716,-3.6803446506241726,-1.926458969644805,1.3384838948462483,-0.0970836667129683,3.973509889397808,-0.4437649425661672,1.3252658030011966
95.0,131.0,130.05068969726562,-0.0395521811202685,2.666779987972626,-4.116956623435015,-3.680352478203216,-1.926459303425473,1.3384838947890247,-0.0970836611149359,3.973509763782375,-0.4437645769622644,1.325265803614581
95.0,131.0,130.05068969726562,-0.0395523271136175,2.666780034536935,-4.116956495111221,-3.6803622919698697,-1.926458753267136,1.3384838977234486,-0.0970836570099015,3.973509882578386,-0.443764427250458,1.3252658122351042
95.0,131.0,130.05068969726562,-0.0395501483444097,2.666779987972626,-4.116956632935758,-3.6803431858360938,-1.9264593418335227,1.3384838938430692,-0.0970836571656737,3.9735097642237776,-0.4437645828318656,1.325265812103918
95.0,131.0,130.05068969726562,-0.0395498233622304,2.666779991617088,-4.11695653497357,-3.680362663670839,-1.9264587776370408,1.3384838977234486,-0.0970836567565525,3.973510094567706,-0.4437609912075407,1.3252658122368608
95.0,131.0,130.05068969726562,-0.0395521752061444,2.666779987972626,-4.116956623435015,-3.680352473598708,-1.926459342305523,1.3384838941378991,-0.0970836612243479,3.9735097675291313,-0.4437645769920175,1.3252658032545297
95.0,131.0,130.05068969726562,-0.0395518087210282,2.666779991617088,-4.11695649112566,-3.680362339531548,-1.9264587658670944,1.3384838977385438,-0.0970836570114294,3.9735098827493416,-0.4437644342612243,1.3252658120901175
95.0,131.0,130.05068969726562,-0.0395497611668766,2.6667799917167407,-4.116956371175902,-3.680344602671716,-1.9264587999537268,1.3384839076261352,-0.0970836567002526,3.973510102413373,-0.4437609949169752,1.3252658030011966
95.0,131.0,130.05068969726562,-0.0395497769015587,2.6667799916016413,-4.11695649112566,-3.6803431771544144,-1.9264587494232872,1.3384838974901672,-0.0970836567429834,3.973510095198554,-0.443764427250458,1.3252658112343143
95.0,131.0,130.05068969726562,-0.0395504884467502,2.666779991617088,-4.11695761995014,-3.680351979048179,-1.9264587534601352,1.3384838977011937,-0.0970836571873515,3.9735100910686216,-0.4437608115079382,1.325265803131739
95.0,131.0,130.05068969726562,-0.0395502335899427,2.666779991623533,-4.116956623435015,-3.68034309697961,-1.9264590354373576,1.338483907579078,-0.0970836567260036,3.9735097675291313,-0.4437607361436337,1.3252658121046084
95.0,131.0,130.05068969726562,-0.0395499382994376,2.666780037214975,-4.116956381632508,-3.680352000305452,-1.92646100079703,1.338483897924841,-0.0970836610414297,3.973510103442874,-0.4437644298005058,1.3252658031665814
95.0,131.0,130.05068969726562,-0.0395641390064146,2.666779987854347,-4.116956623435015,-3.6803431858360938,-1.926459312797269,1.338483894778031,-0.0970836571872048,3.9735097675291313,-0.4437645770130765,1.3252658032380131
95.0,131.0,130.05068969726562,-0.0395501650773875,2.666779988002931,-4.116956622675661,-3.680362137300958,-1.9264594437833824,1.3384838950703273,-0.0970836571815912,3.973509768478852,-0.4437645763274239,1.3252658121046084
95.0,131.0,130.05068969726562,-0.0395523254567228,2.6667799868162807,-4.1169567555537,-3.68036259544512,-1.926461017641914,1.338483897391217,-0.0970836666955391,3.9735098795022905,-0.4437645746555173,1.3252658031775228
95.0,131.0,130.05068969726562,-0.0395522014637144,2.6667799876804024,-4.116956632079846,-3.6803625390132777,-1.926459342305523,1.3384838941846702,-0.0970836613196705,3.9735097675291313,-0.4437645785566198,1.3252658032545297
95.0,132.0,130.04400634765625,-0.0395497870584746,2.6971443559666253,-4.116956536265357,-3.680362663670839,-1.926458811209129,1.3384838977066122,-0.0970836567725385,3.973510094567706,-0.4437610052529931,1.3252658122368608
95.0,132.0,130.0505828857422,-0.0395501483444097,2.6667799918973034,-4.116956632935758,-3.679265857596488,-1.9264593418335227,1.3384838938430692,-0.0970836571000883,3.9735101008054974,-0.4437643979859525,1.3252658124268717
95.0,132.0,130.05062866210938,-0.0395495033155603,2.666779991617088,-4.11695649112566,-3.67919720985624,-1.9264593816057207,1.3384838977124018,-0.0970836571087099,3.973510094567706,-0.443764427250458,1.3252658122365126
95.0,132.0,130.05062866210938,-0.0395526491627205,2.666779991619888,-4.11695649112566,-3.67919720985624,-1.9264585879094969,1.3384838940916584,-0.0970836571087099,3.973510094567706,-0.4437643937433275,1.3252658042505117
95.0,132.0,130.05062866210938,-0.0395527505211297,2.666779991619888,-4.116959286244276,-3.67919720985624,-1.9264585879094969,1.338483894117067,-0.0970836571087099,3.973510094567706,-0.4437649362210274,1.3252658042505117
95.0,132.0,130.05062866210938,-0.0395495033155603,2.6667799877251523,-4.116956633570564,-3.67919720985624,-1.9264593816057207,1.3384838977124018,-0.0970836571087099,3.973509762459741,-0.443764427250458,1.3252658031500175
95.0,132.0,130.0506591796875,-0.0395526491627205,2.6667799876952105,-4.11695649112566,-3.680274538095846,-1.9264585879094969,1.3384838940916584,-0.0970836571742954,3.973509757985986,-0.4437645785892405,1.325265803927558
95.0,132.0,130.05068969726562,-0.0395496000710018,2.666779991617088,-4.11695649112566,-3.6803622919698697,-1.9264587565589748,1.3384838977234486,-0.0970836570099015,3.973510094567706,-0.443764427250458,1.3252658122368608
95.0,132.0,130.05068969726562,-0.0395497611668766,2.6667799887457058,-4.116959262735716,-3.680344602671716,-1.926458969644805,1.3384839076261352,-0.0970836667129683,3.973509889397808,-0.443760925368738,1.3252658030011966
95.0,132.0,130.05068969726562,-0.0395499382994376,2.666780037786213,-4.116956381632508,-3.680352000305452,-1.92646100079703,1.3384838978663465,-0.0970836610414297,3.973510103442874,-0.4437644298005058,1.3252658031665814
95.0,132.0,130.05068969726562,-0.0395521985895971,2.666779991676479,-4.11695675548119,-3.680352242959677,-1.9264585109118089,1.338483897401484,-0.0970836611102571,3.973509882411508,-0.4437645746851206,1.3252658031653166
95.0,132.0,130.05068969726562,-0.0395501650020429,2.666779987972626,-4.116956623435015,-3.6803431858360938,-1.9264593418335227,1.338483894837046,-0.0970836571815912,3.9735097675291313,-0.4437645770130765,1.3252658121046084
95.0,132.0,130.05068969726562,-0.0395521752061444,2.666779987972626,-4.116956623435015,-3.680352473598708,-1.9264593418335227,1.3384838947631714,-0.0970836612243479,3.9735097675291313,-0.4437645769920175,1.3252658032550109
95.0,132.0,130.05068969726562,-0.0395496000710018,2.666779991617088,-4.11695649112566,-3.6803622919698697,-1.9264587565589748,1.3384838977234486,-0.0970836570099015,3.973510094567706,-0.443764427250458,1.3252658122368608
95.0,132.0,130.05068969726562,-0.0395523254567228,2.6667800354144,-4.116956381632508,-3.680352000305452,-1.92646100079703,1.3384838978663465,-0.0970836610585449,3.973509755940401,-0.4437645755452176,1.3252658031665814
95.0,132.0,130.05068969726562,-0.0395501650020429,2.666779988885915,-4.116956473295759,-3.6803431858360938,-1.9264585973982984,1.338483894837046,-0.0970836571815912,3.9735098879500192,-0.4437645763274239,1.3252658121046084
95.0,132.0,130.05068969726562,-0.0395516918227218,2.666779991617088,-4.11695649112566,-3.6803623387232425,-1.9264593530193943,1.338483897500603,-0.0970836571102378,3.9735098827493416,-0.4437644342612243,1.3252658120897691
95.0,132.0,130.05068969726562,-0.0395497466837475,2.6667799916199737,-4.11695649112566,-3.6803622919698697,-1.9264587494232872,1.3384838977234486,-0.0970836569560643,3.973510094567706,-0.443764427250458,1.3252658122368608
95.0,132.0,130.05068969726562,-0.0395496000710018,2.6667800382819498,-4.116956489740838,-3.6803622919698697,-1.9264587565589748,1.3384838978670772,-0.0970836566604063,3.9735101032266464,-0.443764427250458,1.3252658122368608
95.0,132.0,130.05068969726562,-0.0395501448591779,2.666779987972626,-4.116956623435015,-3.6803431858360938,-1.926459316252724,1.338483894837046,-0.0970836571815912,3.9735097675291313,-0.4437645770130765,1.3252658121046084
95.0,132.0,130.05068969726562,-0.0395505114694463,2.6667799889430626,-4.116956412461431,-3.6803623387232425,-1.9264586016034635,1.3384838950047755,-0.0970836665846568,3.973509878923773,-0.4437646021620969,1.3252658120557246
95.0,132.0,130.05068969726562,-0.0395496202138668,2.666779991617088,-4.11695649112566,-3.6803622919698697,-1.9264587821397736,1.3384838977234486,-0.0970836570099015,3.973510094567706,-0.443764427250458,1.3252658122368608
95.0,132.0,130.05068969726562,-0.0395521752061444,2.666779987972626,-4.116956623435015,-3.680352473598708,-1.9264593418335227,1.3384838941397847,-0.0970836612243479,3.9735097675291313,-0.4437644895602854,1.3252658032550109
95.0,132.0,130.05068969726562,-0.0395483751084453,2.666779991617088,-4.11695649112566,-3.680362291123122,-1.9264593530193943,1.33848389415313,-0.0970836571873515,3.9735098827493416,-0.443764427250458,1.3252658120889058
95.0,132.0,130.05068969726562,-0.0395525728356731,2.6667800354144,-4.116956381632508,-3.680352000305452,-1.92646100079703,1.3384838978949467,-0.0970836568210651,3.973509755940401,-0.4437608118425448,1.3252658031665814
95.0,132.0,130.05068969726562,-0.0395641390064146,2.666779987854347,-4.116956623435015,-3.6803431858360938,-1.926459313269269,1.3384838941527588,-0.0970836571872048,3.9735097675291313,-0.4437645770130765,1.325265803237532
95.0,132.0,130.05068969726562,-0.0395501650773875,2.666779988903852,-4.116956473295759,-3.680362137300958,-1.9264585973982984,1.3384838950703273,-0.0970836571815912,3.9735098864809473,-0.4437645763274239,1.3252658121046084
95.0,132.0,130.05068969726562,-0.0395523254567228,2.6667800347557624,-4.1169567555537,-3.6803522419660704,-1.926461017641914,1.3384838974054665,-0.0970836610585449,3.9735098795022905,-0.4437645746555173,1.3252658031665814
95.0,132.0,130.05068969726562,-0.0395523587425969,2.666779987969833,-4.116956699708541,-3.6803431858360938,-1.926458515776856,1.338483894837046,-0.0970836571815912,3.9735097675291313,-0.4437645770130765,1.3252658120617349
95.0,132.0,130.05068969726562,-0.0395502335899427,2.666779991623533,-4.116956623435015,-3.6803431449320665,-1.9264590354373576,1.3384838947991913,-0.0970836567260036,3.9735097675291313,-0.4437647533410628,1.3252658121046084
95.0,132.0,130.05068969726562,-0.0395526989207289,2.666779991582997,-4.116957462409252,-3.680352096147171,-1.9264585092729551,1.33848389415313,-0.0970836567411316,3.973509878923773,-0.4437609161271679,1.3252658031314055
95.0,132.0,130.05068969726562,-0.039550428591424,2.6667799916826667,-4.116956415999054,-3.6803623387232425,-1.9264593530193943,1.33848389415313,-0.0970836568299132,3.973509879000452,-0.4437644279649861,1.325265812089402
95.0,132.0,130.05068969726562,-0.0395497611668766,2.6667799887457058,-4.116959262735716,-3.680344602671716,-1.9264587611044364,1.3384839076261352,-0.0970836667129683,3.973510102413373,-0.443760925368738,1.3252658030011966
95.0,132.0,130.05068969726562,-0.0395497466084029,2.666779991602038,-4.11695649112566,-3.680343340505005,-1.9264587494232872,1.3384838974901672,-0.0970836569560643,3.973510096036778,-0.443764427250458,1.3252658122368608
95.0,132.0,130.05068969726562,-0.0395498233622304,2.666779991617088,-4.11695653497357,-3.6803622919698697,-1.926458781124724,1.3384838977234486,-0.0970836567565525,3.973510094567706,-0.4437609912075407,1.3252658122368608
95.0,132.0,130.05068969726562,-0.0395495033155603,2.666779991617088,-4.11695649112566,-3.680362291161564,-1.9264593692920733,1.3384838974855076,-0.0970836571087099,3.973510094567706,-0.443764427250458,1.3252658122365126
95.0,132.0,130.05068969726562,-0.0395501650773875,2.666779988903852,-4.116956473295759,-3.6803623381136,-1.9264593465180009,1.3384838950703273,-0.0970836571815912,3.973509858076365,-0.4437645705954512,1.3252658121046084
95.0,132.0,130.05068969726562,-0.0395505132871902,2.6667799889430626,-4.116956408112969,-3.680362679406687,-1.9264584541396343,1.3384838973904198,-0.0970836665846568,3.973509879492207,-0.4437646021213772,1.3252658033494642
95.0,132.0,130.05068969726562,-0.0395526686275731,2.6667799915833936,-4.116957462409252,-3.680352259497762,-1.9264585092729551,1.33848389415313,-0.0970836569542125,3.9735098797619983,-0.4437609161271679,1.325265804133952
95.0,132.0,130.05068969726562,-0.0395497611668766,2.6667799887457058,-4.116959262735716,-3.6803446506241726,-1.926458969644805,1.3384838948462483,-0.0970836667129683,3.973509889397808,-0.4437649425661672,1.3252658030011966
95.0,132.0,130.05068969726562,-0.0395521811202685,2.666779987972626,-4.116956623435015,-3.680352478203216,-1.926459303425473,1.3384838947890247,-0.0970836611149359,3.973509763782375,-0.4437645769622644,1.325265803614581
95.0,132.0,130.05068969726562,-0.0395523271136175,2.666780034536935,-4.116956495111221,-3.6803622919698697,-1.926458753267136,1.3384838977234486,-0.0970836570099015,3.973509882578386,-0.443764427250458,1.3252658122351042
95.0,132.0,130.05068969726562,-0.0395501483444097,2.666779987972626,-4.116956632935758,-3.6803431858360938,-1.9264593418335227,1.3384838938430692,-0.0970836571656737,3.9735097642237776,-0.4437645828318656,1.325265812103918
95.0,132.0,130.05068969726562,-0.0395498233622304,2.666779991617088,-4.11695653497357,-3.680362663670839,-1.9264587776370408,1.3384838977234486,-0.0970836567565525,3.973510094567706,-0.4437609912075407,1.3252658122368608
95.0,132.0,130.05068969726562,-0.0395521752061444,2.666779987972626,-4.116956623435015,-3.680352473598708,-1.926459342305523,1.3384838941378991,-0.0970836612243479,3.9735097675291313,-0.4437645769920175,1.3252658032545297
95.0,132.0,130.05068969726562,-0.0395518087210282,2.666779991617088,-4.11695649112566,-3.680362339531548,-1.9264587658670944,1.3384838977385438,-0.0970836570114294,3.9735098827493416,-0.4437644342612243,1.3252658120901175
95.0,132.0,130.05068969726562,-0.0395497611668766,2.6667799917167407,-4.116956371175902,-3.680344602671716,-1.9264587999537268,1.3384839076261352,-0.0970836567002526,3.973510102413373,-0.4437609949169752,1.3252658030011966
95.0,132.0,130.05068969726562,-0.0395497769015587,2.6667799916016413,-4.11695649112566,-3.6803431771544144,-1.9264587494232872,1.3384838974901672,-0.0970836567429834,3.973510095198554,-0.443764427250458,1.3252658112343143
95.0,132.0,130.05068969726562,-0.0395504884467502,2.666779991617088,-4.11695761995014,-3.680351979048179,-1.9264587534601352,1.3384838977011937,-0.0970836571873515,3.9735100910686216,-0.4437608115079382,1.325265803131739
95.0,132.0,130.05068969726562,-0.0395502335899427,2.666779991623533,-4.116956623435015,-3.68034309697961,-1.9264590354373576,1.338483907579078,-0.0970836567260036,3.9735097675291313,-0.4437607361436337,1.3252658121046084
95.0,133.0,130.0381317138672,-0.0395495033155603,2.6965411275506805,-4.116956633570564,-3.680352404882833,-1.9264593816057207,1.3384838977064124,-0.097083657095949,3.973510093868408,-0.443765129524328,1.325265802270145
95.0,133.0,130.04400634765625,-0.0395497870584746,2.6971443559666253,-4.116956536265357,-3.680362663670839,-1.926458811209129,1.3384838977066122,-0.0970836567725385,3.973510094567706,-0.4437610052529931,1.3252658122368608
95.0,133.0,130.045654296875,-0.0395497870584746,2.667383216141097,-4.116956536265357,-3.679207468644246,-1.926458811209129,1.3384838977126017,-0.0970836567852995,3.973509763159041,-0.4437603029791231,1.3252658131167336
95.0,133.0,130.05047607421875,-0.0395497870584746,2.666809262299643,-4.116956536265357,-3.680362996545223,-1.9264593148151208,1.3384838977066122,-0.0970836571967037,3.9735097670419983,-0.4437610052529931,1.3252658036371356
95.0,133.0,130.0505828857422,-0.0395501483444097,2.6667799918973034,-4.116956632935758,-3.679265857596488,-1.9264593418335227,1.3384838938430692,-0.0970836571000883,3.9735101008054974,-0.4437643979859525,1.3252658124268717
95.0,133.0,130.0505828857422,-0.0395501483444097,2.666779991678579,-4.116956623546202,-3.679274137385752,-1.9264593418335227,1.3384838941535382,-0.0970836571000883,3.973510116335003,-0.4437644012659497,1.3252658127268324
95.0,133.0,130.0506134033203,-0.0395500737565817,2.6667799876952105,-4.11695649112566,-3.67922970809504,-1.9264585879094969,1.3384838940890604,-0.0970836571742954,3.973509757985986,-0.4437645785892405,1.3252658042360814
95.0,133.0,130.05062866210938,-0.0395495033155603,2.666779991617088,-4.11695649112566,-3.67919720985624,-1.9264593816057207,1.3384838977124018,-0.0970836571087099,3.973510094567706,-0.443764427250458,1.3252658122365126
95.0,133.0,130.05062866210938,-0.0395526491627205,2.666779991619888,-4.11695649112566,-3.67919720985624,-1.9264585879094969,1.3384838940916584,-0.0970836571087099,3.973510094567706,-0.4437643937433275,1.3252658042505117
95.0,133.0,130.05062866210938,-0.0395527505211297,2.666779991619888,-4.116959286244276,-3.67919720985624,-1.9264585879094969,1.338483894117067,-0.0970836571087099,3.973510094567706,-0.4437649362210274,1.3252658042505117
95.0,133.0,130.05062866210938,-0.0395495033155603,2.6667799877251523,-4.116956633570564,-3.67919720985624,-1.9264593816057207,1.3384838977124018,-0.0970836571087099,3.973509762459741,-0.443764427250458,1.3252658031500175
95.0,133.0,130.05062866210938,-0.0395495033155603,2.666779991617088,-4.11695649112566,-3.67919720985624,-1.9264593816057207,1.3384838976819824,-0.0970836571087099,3.973510094567706,-0.443764427250458,1.3252658117734533
95.0,133.0,130.05062866210938,-0.0395526272755488,2.666779991619888,-4.116959407117843,-3.67919720985624,-1.9264585879094969,1.3384838940874788,-0.0970836671209208,3.973510094567706,-0.4437649570148149,1.3252658042505117
95.0,133.0,130.05062866210938,-0.0395526491627205,2.666779991619888,-4.11695649112566,-3.67919720985624,-1.9264585879094969,1.3384838941220776,-0.0970836571087099,3.973510094567706,-0.4437643937433275,1.3252658047135708
95.0,133.0,130.0506591796875,-0.0395526491627205,2.6667799876952105,-4.11695649112566,-3.680274538095846,-1.9264585879094969,1.3384838940916584,-0.0970836571742954,3.973509757985986,-0.4437645785892405,1.325265803927558
95.0,133.0,130.0506591796875,-0.0395527237505485,2.6667799918973034,-4.116956632935758,-3.680310687597295,-1.9264593418335227,1.3384838938456671,-0.0970836571000883,3.9735101008054974,-0.4437643979859525,1.3252658121183485
95.0,133.0,130.0506591796875,-0.0395526491627205,2.666780038405941,-4.11695649112566,-3.6802842164647167,-1.9264585879094969,1.338483897841834,-0.0970836566679106,3.973510132816956,-0.443764437113757,1.325265803927558
95.0,133.0,130.05068969726562,-0.0395496000710018,2.666779991617088,-4.11695649112566,-3.6803622919698697,-1.9264587565589748,1.3384838977234486,-0.0970836570099015,3.973510094567706,-0.443764427250458,1.3252658122368608
95.0,133.0,130.05068969726562,-0.0395497611668766,2.6667799887457058,-4.116959262735716,-3.680344602671716,-1.926458969644805,1.3384839076261352,-0.0970836667129683,3.973509889397808,-0.443760925368738,1.3252658030011966
95.0,133.0,130.05068969726562,-0.0395499382994376,2.666780037786213,-4.116956381632508,-3.680352000305452,-1.92646100079703,1.3384838978663465,-0.0970836610414297,3.973510103442874,-0.4437644298005058,1.3252658031665814
95.0,133.0,130.05068969726562,-0.0395521985895971,2.666779991676479,-4.11695675548119,-3.680352242959677,-1.9264585109118089,1.338483897401484,-0.0970836611102571,3.973509882411508,-0.4437645746851206,1.3252658031653166
95.0,133.0,130.05068969726562,-0.0395501650020429,2.666779987972626,-4.116956623435015,-3.6803431858360938,-1.9264593418335227,1.338483894837046,-0.0970836571815912,3.9735097675291313,-0.4437645770130765,1.3252658121046084
95.0,133.0,130.05068969726562,-0.0395521752061444,2.666779987972626,-4.116956623435015,-3.680352473598708,-1.9264593418335227,1.3384838947631714,-0.0970836612243479,3.9735097675291313,-0.4437645769920175,1.3252658032550109
95.0,133.0,130.05068969726562,-0.0395496000710018,2.666779991617088,-4.11695649112566,-3.6803622919698697,-1.9264587565589748,1.3384838977234486,-0.0970836570099015,3.973510094567706,-0.443764427250458,1.3252658122368608
95.0,133.0,130.05068969726562,-0.0395523254567228,2.6667800354144,-4.116956381632508,-3.680352000305452,-1.92646100079703,1.3384838978663465,-0.0970836610585449,3.973509755940401,-0.4437645755452176,1.3252658031665814
95.0,133.0,130.05068969726562,-0.0395501650020429,2.666779988885915,-4.116956473295759,-3.6803431858360938,-1.9264585973982984,1.338483894837046,-0.0970836571815912,3.9735098879500192,-0.4437645763274239,1.3252658121046084
95.0,133.0,130.05068969726562,-0.0395516918227218,2.666779991617088,-4.11695649112566,-3.6803623387232425,-1.9264593530193943,1.338483897500603,-0.0970836571102378,3.9735098827493416,-0.4437644342612243,1.3252658120897691
95.0,133.0,130.05068969726562,-0.0395497466837475,2.6667799916199737,-4.11695649112566,-3.6803622919698697,-1.9264587494232872,1.3384838977234486,-0.0970836569560643,3.973510094567706,-0.443764427250458,1.3252658122368608
95.0,133.0,130.05068969726562,-0.0395496000710018,2.6667800382819498,-4.116956489740838,-3.6803622919698697,-1.9264587565589748,1.3384838978670772,-0.0970836566604063,3.9735101032266464,-0.443764427250458,1.3252658122368608
95.0,133.0,130.05068969726562,-0.0395501448591779,2.666779987972626,-4.116956623435015,-3.6803431858360938,-1.926459316252724,1.338483894837046,-0.0970836571815912,3.9735097675291313,-0.4437645770130765,1.3252658121046084
95.0,133.0,130.05068969726562,-0.0395505114694463,2.6667799889430626,-4.116956412461431,-3.6803623387232425,-1.9264586016034635,1.3384838950047755,-0.0970836665846568,3.973509878923773,-0.4437646021620969,1.3252658120557246
95.0,133.0,130.05068969726562,-0.0395496202138668,2.666779991617088,-4.11695649112566,-3.6803622919698697,-1.9264587821397736,1.3384838977234486,-0.0970836570099015,3.973510094567706,-0.443764427250458,1.3252658122368608
95.0,133.0,130.05068969726562,-0.0395521752061444,2.666779987972626,-4.116956623435015,-3.680352473598708,-1.9264593418335227,1.3384838941397847,-0.0970836612243479,3.9735097675291313,-0.4437644895602854,1.3252658032550109
95.0,133.0,130.05068969726562,-0.0395483751084453,2.666779991617088,-4.11695649112566,-3.680362291123122,-1.9264593530193943,1.33848389415313,-0.0970836571873515,3.9735098827493416,-0.443764427250458,1.3252658120889058
95.0,133.0,130.05068969726562,-0.0395525728356731,2.6667800354144,-4.116956381632508,-3.680352000305452,-1.92646100079703,1.3384838978949467,-0.0970836568210651,3.973509755940401,-0.4437608118425448,1.3252658031665814
95.0,133.0,130.05068969726562,-0.0395641390064146,2.666779987854347,-4.116956623435015,-3.6803431858360938,-1.926459313269269,1.3384838941527588,-0.0970836571872048,3.9735097675291313,-0.4437645770130765,1.325265803237532
95.0,133.0,130.05068969726562,-0.0395501650773875,2.666779988903852,-4.116956473295759,-3.680362137300958,-1.9264585973982984,1.3384838950703273,-0.0970836571815912,3.9735098864809473,-0.4437645763274239,1.3252658121046084
95.0,133.0,130.05068969726562,-0.0395523254567228,2.6667800347557624,-4.1169567555537,-3.6803522419660704,-1.926461017641914,1.3384838974054665,-0.0970836610585449,3.9735098795022905,-0.4437645746555173,1.3252658031665814
95.0,133.0,130.05068969726562,-0.0395523587425969,2.666779987969833,-4.116956699708541,-3.6803431858360938,-1.926458515776856,1.338483894837046,-0.0970836571815912,3.9735097675291313,-0.4437645770130765,1.3252658120617349
95.0,133.0,130.05068969726562,-0.0395502335899427,2.666779991623533,-4.116956623435015,-3.6803431449320665,-1.9264590354373576,1.3384838947991913,-0.0970836567260036,3.9735097675291313,-0.4437647533410628,1.3252658121046084
95.0,133.0,130.05068969726562,-0.0395526989207289,2.666779991582997,-4.116957462409252,-3.680352096147171,-1.9264585092729551,1.33848389415313,-0.0970836567411316,3.973509878923773,-0.4437609161271679,1.3252658031314055
95.0,133.0,130.05068969726562,-0.039550428591424,2.6667799916826667,-4.116956415999054,-3.6803623387232425,-1.9264593530193943,1.33848389415313,-0.0970836568299132,3.973509879000452,-0.4437644279649861,1.325265812089402
95.0,133.0,130.05068969726562,-0.0395497611668766,2.6667799887457058,-4.116959262735716,-3.680344602671716,-1.9264587611044364,1.3384839076261352,-0.0970836667129683,3.973510102413373,-0.443760925368738,1.3252658030011966
95.0,133.0,130.05068969726562,-0.0395497466084029,2.666779991602038,-4.11695649112566,-3.680343340505005,-1.9264587494232872,1.3384838974901672,-0.0970836569560643,3.973510096036778,-0.443764427250458,1.3252658122368608
95.0,133.0,130.05068969726562,-0.0395498233622304,2.666779991617088,-4.11695653497357,-3.6803622919698697,-1.926458781124724,1.3384838977234486,-0.0970836567565525,3.973510094567706,-0.4437609912075407,1.3252658122368608
95.0,133.0,130.05068969726562,-0.0395495033155603,2.666779991617088,-4.11695649112566,-3.680362291161564,-1.9264593692920733,1.3384838974855076,-0.0970836571087099,3.973510094567706,-0.443764427250458,1.3252658122365126
95.0,133.0,130.05068969726562,-0.0395501650773875,2.666779988903852,-4.116956473295759,-3.6803623381136,-1.9264593465180009,1.3384838950703273,-0.0970836571815912,3.973509858076365,-0.4437645705954512,1.3252658121046084
95.0,133.0,130.05068969726562,-0.0395505132871902,2.6667799889430626,-4.116956408112969,-3.680362679406687,-1.9264584541396343,1.3384838973904198,-0.0970836665846568,3.973509879492207,-0.4437646021213772,1.3252658033494642
95.0,133.0,130.05068969726562,-0.0395526686275731,2.6667799915833936,-4.116957462409252,-3.680352259497762,-1.9264585092729551,1.33848389415313,-0.0970836569542125,3.9735098797619983,-0.4437609161271679,1.325265804133952
95.0,133.0,130.05068969726562,-0.0395497611668766,2.6667799887457058,-4.116959262735716,-3.6803446506241726,-1.926458969644805,1.3384838948462483,-0.0970836667129683,3.973509889397808,-0.4437649425661672,1.3252658030011966
95.0,134.0,130.03338623046875,-0.0395529779815669,2.6960177206618208,-4.116956618802302,-3.67919720985624,-1.9264585892271484,1.3384838976178546,-0.0970836571087099,3.97351009455411,-0.4437649362210274,1.3252658022528268
95.0,134.0,130.0381317138672,-0.0395495033155603,2.6965411275506805,-4.116956633570564,-3.680352404882833,-1.9264593816057207,1.3384838977064124,-0.097083657095949,3.973510093868408,-0.443765129524328,1.325265802270145
95.0,134.0,130.04318237304688,-0.0395526589330041,2.697069988449308,-4.116956490966116,-3.67919720985624,-1.926458819514662,1.3384838940916584,-0.0970836567817074,3.973510094567706,-0.4437643576057236,1.3252658042505117
95.0,134.0,130.04391479492188,-0.0395497870584746,2.6971443559666253,-4.116956536265357,-3.679215493527288,-1.926458812854012,1.3384838977119822,-0.0970836567725385,3.973510094567706,-0.4437610052529931,1.3252658122368486
95.0,134.0,130.04400634765625,-0.0395497870584746,2.6971443559666253,-4.116956536265357,-3.680362663670839,-1.926458811209129,1.3384838977066122,-0.0970836567725385,3.973510094567706,-0.4437610052529931,1.3252658122368608
95.0,134.0,130.045654296875,-0.0395497870584746,2.667383216141097,-4.116956536265357,-3.679207468644246,-1.926458811209129,1.3384838977126017,-0.0970836567852995,3.973509763159041,-0.4437603029791231,1.3252658131167336
95.0,134.0,130.05047607421875,-0.0395497870584746,2.666809262299643,-4.116956536265357,-3.680362996545223,-1.9264593148151208,1.3384838977066122,-0.0970836571967037,3.9735097670419983,-0.4437610052529931,1.3252658036371356
95.0,134.0,130.05047607421875,-0.0395501478691584,2.666809262299643,-4.116956622399188,-3.680362996545223,-1.9264593419127984,1.3384838941901764,-0.0970836572002251,3.9735097670419983,-0.4437643468094669,1.325265804452166
95.0,134.0,130.0505828857422,-0.0395501483444097,2.6667799918973034,-4.116956632935758,-3.679265857596488,-1.9264593418335227,1.3384838938430692,-0.0970836571000883,3.9735101008054974,-0.4437643979859525,1.3252658124268717
95.0,134.0,130.0505828857422,-0.0395501483444097,2.666779991678579,-4.116956623546202,-3.679274137385752,-1.9264593418335227,1.3384838941535382,-0.0970836571000883,3.973510116335003,-0.4437644012659497,1.3252658127268324
95.0,134.0,130.0505828857422,-0.0395497875337259,2.666779991678579,-4.116956537412371,-3.679274137385752,-1.9264593147358453,1.3384838976699738,-0.0970836570965669,3.973510116335003,-0.4437610597094759,1.325265811911802
95.0,134.0,130.0506134033203,-0.0395500737565817,2.6667799876952105,-4.11695649112566,-3.67922970809504,-1.9264585879094969,1.3384838940890604,-0.0970836571742954,3.973509757985986,-0.4437645785892405,1.3252658042360814
95.0,134.0,130.0506134033203,-0.0395505132871902,2.666785914191704,-4.116956408112969,-3.6802687973180506,-1.926458819444412,1.3384838973904198,-0.0970836658767265,3.9735097744232446,-0.4437646021213772,1.325265803241093
95.0,134.0,130.0506134033203,-0.0395501481092746,2.6667799918908166,-4.116956623435015,-3.679234009132097,-1.9264590354373576,1.3384838948309836,-0.0970836567260036,3.9735097675291313,-0.4437643959240622,1.3252658124333805
95.0,134.0,130.05062866210938,-0.0395495033155603,2.666779991617088,-4.11695649112566,-3.67919720985624,-1.9264593816057207,1.3384838977124018,-0.0970836571087099,3.973510094567706,-0.443764427250458,1.3252658122365126
95.0,134.0,130.05062866210938,-0.0395526491627205,2.666779991619888,-4.11695649112566,-3.67919720985624,-1.9264585879094969,1.3384838940916584,-0.0970836571087099,3.973510094567706,-0.4437643937433275,1.3252658042505117
95.0,134.0,130.05062866210938,-0.0395527505211297,2.666779991619888,-4.116959286244276,-3.67919720985624,-1.9264585879094969,1.338483894117067,-0.0970836571087099,3.973510094567706,-0.4437649362210274,1.3252658042505117
95.0,134.0,130.05062866210938,-0.0395495033155603,2.6667799877251523,-4.116956633570564,-3.67919720985624,-1.9264593816057207,1.3384838977124018,-0.0970836571087099,3.973509762459741,-0.443764427250458,1.3252658031500175
95.0,134.0,130.05062866210938,-0.0395495033155603,2.666779991617088,-4.11695649112566,-3.67919720985624,-1.9264593816057207,1.3384838976819824,-0.0970836571087099,3.973510094567706,-0.443764427250458,1.3252658117734533
95.0,134.0,130.05062866210938,-0.0395526272755488,2.666779991619888,-4.116959407117843,-3.67919720985624,-1.9264585879094969,1.3384838940874788,-0.0970836671209208,3.973510094567706,-0.4437649570148149,1.3252658042505117
95.0,134.0,130.05062866210938,-0.0395526491627205,2.666779991619888,-4.11695649112566,-3.67919720985624,-1.9264585879094969,1.3384838941220776,-0.0970836571087099,3.973510094567706,-0.4437643937433275,1.3252658047135708
95.0,134.0,130.05062866210938,-0.0395496000710018,2.666779991617088,-4.11695649112566,-3.679189407020596,-1.9264587565589748,1.3384838976806086,-0.0970836570099015,3.973510094567706,-0.443764427250458,1.3252658122368608
95.0,134.0,130.0506591796875,-0.0395526491627205,2.6667799876952105,-4.11695649112566,-3.680274538095846,-1.9264585879094969,1.3384838940916584,-0.0970836571742954,3.973509757985986,-0.4437645785892405,1.325265803927558
95.0,134.0,130.0506591796875,-0.0395527237505485,2.6667799918973034,-4.116956632935758,-3.680310687597295,-1.9264593418335227,1.3384838938456671,-0.0970836571000883,3.9735101008054974,-0.4437643979859525,1.3252658121183485
95.0,134.0,130.0506591796875,-0.0395526491627205,2.666780038405941,-4.11695649112566,-3.6802842164647167,-1.9264585879094969,1.338483897841834,-0.0970836566679106,3.973510132816956,-0.443764437113757,1.325265803927558
95.0,134.0,130.0506591796875,-0.0395526491627205,2.666780038405941,-4.11695649112566,-3.6802842164647167,-1.9264585879094969,1.338483897841834,-0.0970836566679106,3.973510132816956,-0.443764437113757,1.325265803927558
95.0,134.0,130.05068969726562,-0.0395496000710018,2.666779991617088,-4.11695649112566,-3.6803622919698697,-1.9264587565589748,1.3384838977234486,-0.0970836570099015,3.973510094567706,-0.443764427250458,1.3252658122368608
95.0,134.0,130.05068969726562,-0.0395497611668766,2.6667799887457058,-4.116959262735716,-3.680344602671716,-1.926458969644805,1.3384839076261352,-0.0970836667129683,3.973509889397808,-0.443760925368738,1.3252658030011966
95.0,134.0,130.05068969726562,-0.0395499382994376,2.666780037786213,-4.116956381632508,-3.680352000305452,-1.92646100079703,1.3384838978663465,-0.0970836610414297,3.973510103442874,-0.4437644298005058,1.3252658031665814
95.0,134.0,130.05068969726562,-0.0395521985895971,2.666779991676479,-4.11695675548119,-3.680352242959677,-1.9264585109118089,1.338483897401484,-0.0970836611102571,3.973509882411508,-0.4437645746851206,1.3252658031653166
95.0,134.0,130.05068969726562,-0.0395501650020429,2.666779987972626,-4.116956623435015,-3.6803431858360938,-1.9264593418335227,1.338483894837046,-0.0970836571815912,3.9735097675291313,-0.4437645770130765,1.3252658121046084
95.0,134.0,130.05068969726562,-0.0395521752061444,2.666779987972626,-4.116956623435015,-3.680352473598708,-1.9264593418335227,1.3384838947631714,-0.0970836612243479,3.9735097675291313,-0.4437645769920175,1.3252658032550109
95.0,134.0,130.05068969726562,-0.0395496000710018,2.666779991617088,-4.11695649112566,-3.6803622919698697,-1.9264587565589748,1.3384838977234486,-0.0970836570099015,3.973510094567706,-0.443764427250458,1.3252658122368608
95.0,134.0,130.05068969726562,-0.0395523254567228,2.6667800354144,-4.116956381632508,-3.680352000305452,-1.92646100079703,1.3384838978663465,-0.0970836610585449,3.973509755940401,-0.4437645755452176,1.3252658031665814
95.0,134.0,130.05068969726562,-0.0395501650020429,2.666779988885915,-4.116956473295759,-3.6803431858360938,-1.9264585973982984,1.338483894837046,-0.0970836571815912,3.9735098879500192,-0.4437645763274239,1.3252658121046084
95.0,134.0,130.05068969726562,-0.0395516918227218,2.666779991617088,-4.11695649112566,-3.6803623387232425,-1.9264593530193943,1.338483897500603,-0.0970836571102378,3.9735098827493416,-0.4437644342612243,1.3252658120897691
95.0,134.0,130.05068969726562,-0.0395497466837475,2.6667799916199737,-4.11695649112566,-3.6803622919698697,-1.9264587494232872,1.3384838977234486,-0.0970836569560643,3.973510094567706,-0.443764427250458,1.3252658122368608
95.0,134.0,130.05068969726562,-0.0395496000710018,2.6667800382819498,-4.116956489740838,-3.6803622919698697,-1.9264587565589748,1.3384838978670772,-0.0970836566604063,3.9735101032266464,-0.443764427250458,1.3252658122368608
95.0,134.0,130.05068969726562,-0.0395501448591779,2.666779987972626,-4.116956623435015,-3.6803431858360938,-1.926459316252724,1.338483894837046,-0.0970836571815912,3.9735097675291313,-0.4437645770130765,1.3252658121046084
95.0,134.0,130.05068969726562,-0.0395505114694463,2.6667799889430626,-4.116956412461431,-3.6803623387232425,-1.9264586016034635,1.3384838950047755,-0.0970836665846568,3.973509878923773,-0.4437646021620969,1.3252658120557246
95.0,134.0,130.05068969726562,-0.0395496202138668,2.666779991617088,-4.11695649112566,-3.6803622919698697,-1.9264587821397736,1.3384838977234486,-0.0970836570099015,3.973510094567706,-0.443764427250458,1.3252658122368608
95.0,134.0,130.05068969726562,-0.0395521752061444,2.666779987972626,-4.116956623435015,-3.680352473598708,-1.9264593418335227,1.3384838941397847,-0.0970836612243479,3.9735097675291313,-0.4437644895602854,1.3252658032550109
95.0,134.0,130.05068969726562,-0.0395483751084453,2.666779991617088,-4.11695649112566,-3.680362291123122,-1.9264593530193943,1.33848389415313,-0.0970836571873515,3.9735098827493416,-0.443764427250458,1.3252658120889058
95.0,134.0,130.05068969726562,-0.0395525728356731,2.6667800354144,-4.116956381632508,-3.680352000305452,-1.92646100079703,1.3384838978949467,-0.0970836568210651,3.973509755940401,-0.4437608118425448,1.3252658031665814
95.0,134.0,130.05068969726562,-0.0395641390064146,2.666779987854347,-4.116956623435015,-3.6803431858360938,-1.926459313269269,1.3384838941527588,-0.0970836571872048,3.9735097675291313,-0.4437645770130765,1.325265803237532
95.0,134.0,130.05068969726562,-0.0395501650773875,2.666779988903852,-4.116956473295759,-3.680362137300958,-1.9264585973982984,1.3384838950703273,-0.0970836571815912,3.9735098864809473,-0.4437645763274239,1.3252658121046084
95.0,134.0,130.05068969726562,-0.0395523254567228,2.6667800347557624,-4.1169567555537,-3.6803522419660704,-1.926461017641914,1.3384838974054665,-0.0970836610585449,3.9735098795022905,-0.4437645746555173,1.3252658031665814
95.0,134.0,130.05068969726562,-0.0395523587425969,2.666779987969833,-4.116956699708541,-3.6803431858360938,-1.926458515776856,1.338483894837046,-0.0970836571815912,3.9735097675291313,-0.4437645770130765,1.3252658120617349
95.0,134.0,130.05068969726562,-0.0395502335899427,2.666779991623533,-4.116956623435015,-3.6803431449320665,-1.9264590354373576,1.3384838947991913,-0.0970836567260036,3.9735097675291313,-0.4437647533410628,1.3252658121046084
95.0,134.0,130.05068969726562,-0.0395526989207289,2.666779991582997,-4.116957462409252,-3.680352096147171,-1.9264585092729551,1.33848389415313,-0.0970836567411316,3.973509878923773,-0.4437609161271679,1.3252658031314055
95.0,135.0,130.02024841308594,-0.040759486610161,2.6940413767073745,-4.116956618802302,-3.67919720985624,-1.9264586249223024,1.338483897708544,-0.0970836571087099,3.97351009455411,-0.4437649362210274,1.3252658022528268
95.0,135.0,130.02957153320312,-0.0395527237505485,2.695545738479727,-4.116956632935758,-3.680310687597295,-1.926458587953445,1.3384838938456671,-0.0970836570998296,3.9735101010471823,-0.4437644067522643,1.3252658121183485
95.0,135.0,130.03298950195312,-0.0395527943690622,2.668756331679598,-4.116956633570564,-3.67919720985624,-1.9264593459105663,1.3384838976217122,-0.0970836571087099,3.973509762459741,-0.443764427250458,1.3252658031500175
95.0,135.0,130.03338623046875,-0.0395529779815669,2.6960177206618208,-4.116956618802302,-3.67919720985624,-1.9264585892271484,1.3384838976178546,-0.0970836571087099,3.97351009455411,-0.4437649362210274,1.3252658022528268
95.0,135.0,130.0381317138672,-0.0395495033155603,2.6965411275506805,-4.116956633570564,-3.680352404882833,-1.9264593816057207,1.3384838977064124,-0.097083657095949,3.973510093868408,-0.443765129524328,1.325265802270145
95.0,135.0,130.0381317138672,-0.0395495033155603,2.6965411275506805,-4.116956633570564,-3.680352404882833,-1.9264593816057207,1.3384838977064124,-0.097083657095949,3.973510093868408,-0.443765129524328,1.325265802270145
95.0,135.0,130.04318237304688,-0.0395526589330041,2.697069988449308,-4.116956490966116,-3.67919720985624,-1.926458819514662,1.3384838940916584,-0.0970836567817074,3.973510094567706,-0.4437643576057236,1.3252658042505117
95.0,135.0,130.04391479492188,-0.0395497870584746,2.6971443559666253,-4.116956536265357,-3.679215493527288,-1.926458812854012,1.3384838977119822,-0.0970836567725385,3.973510094567706,-0.4437610052529931,1.3252658122368486
95.0,135.0,130.04400634765625,-0.0395497870584746,2.6971443559666253,-4.116956536265357,-3.680362663670839,-1.926458811209129,1.3384838977066122,-0.0970836567725385,3.973510094567706,-0.4437610052529931,1.3252658122368608
95.0,135.0,130.045654296875,-0.0395497870584746,2.667383216141097,-4.116956536265357,-3.679207468644246,-1.926458811209129,1.3384838977126017,-0.0970836567852995,3.973509763159041,-0.4437603029791231,1.3252658131167336
95.0,135.0,130.045654296875,-0.0395497856754674,2.667379875933625,-4.116956547014452,-3.679274137385752,-1.9264593418335227,1.3384838940711223,-0.0970836570821093,3.973510116335003,-0.4437645153070037,1.3252658127268324
95.0,135.0,130.05047607421875,-0.0395497870584746,2.666809262299643,-4.116956536265357,-3.680362996545223,-1.9264593148151208,1.3384838977066122,-0.0970836571967037,3.9735097670419983,-0.4437610052529931,1.3252658036371356
95.0,135.0,130.05047607421875,-0.0395501478691584,2.666809262299643,-4.116956622399188,-3.680362996545223,-1.9264593419127984,1.3384838941901764,-0.0970836572002251,3.9735097670419983,-0.4437643468094669,1.325265804452166
95.0,135.0,130.05047607421875,-0.0395526709342885,2.666809262299643,-4.116959400557594,-3.680362996545223,-1.9264593185429164,1.3384838941901764,-0.0970836572055299,3.97350976702346,-0.443764928456346,1.3252658042469747
95.0,135.0,130.0505828857422,-0.0395501483444097,2.6667799918973034,-4.116956632935758,-3.679265857596488,-1.9264593418335227,1.3384838938430692,-0.0970836571000883,3.9735101008054974,-0.4437643979859525,1.3252658124268717
95.0,135.0,130.0505828857422,-0.0395501483444097,2.666779991678579,-4.116956623546202,-3.679274137385752,-1.9264593418335227,1.3384838941535382,-0.0970836571000883,3.973510116335003,-0.4437644012659497,1.3252658127268324
95.0,135.0,130.0505828857422,-0.0395497875337259,2.666779991678579,-4.116956537412371,-3.679274137385752,-1.9264593147358453,1.3384838976699738,-0.0970836570965669,3.973510116335003,-0.4437610597094759,1.325265811911802
95.0,135.0,130.0506134033203,-0.0395500737565817,2.6667799876952105,-4.11695649112566,-3.67922970809504,-1.9264585879094969,1.3384838940890604,-0.0970836571742954,3.973509757985986,-0.4437645785892405,1.3252658042360814
95.0,135.0,130.0506134033203,-0.0395505132871902,2.666785914191704,-4.116956408112969,-3.6802687973180506,-1.926458819444412,1.3384838973904198,-0.0970836658767265,3.9735097744232446,-0.4437646021213772,1.325265803241093
95.0,135.0,130.0506134033203,-0.0395501481092746,2.6667799918908166,-4.116956623435015,-3.679234009132097,-1.9264590354373576,1.3384838948309836,-0.0970836567260036,3.9735097675291313,-0.4437643959240622,1.3252658124333805
95.0,135.0,130.0506134033203,-0.0395505132871902,2.666785914191704,-4.116956408112969,-3.6802687973180506,-1.926458819444412,1.3384838973904198,-0.0970836658767265,3.9735097744232446,-0.4437646021213772,1.325265803241093
95.0,135.0,130.05062866210938,-0.0395495033155603,2.666779991617088,-4.11695649112566,-3.67919720985624,-1.9264593816057207,1.3384838977124018,-0.0970836571087099,3.973510094567706,-0.443764427250458,1.3252658122365126
95.0,135.0,130.05062866210938,-0.0395526491627205,2.666779991619888,-4.11695649112566,-3.67919720985624,-1.9264585879094969,1.3384838940916584,-0.0970836571087099,3.973510094567706,-0.4437643937433275,1.3252658042505117
95.0,135.0,130.05062866210938,-0.0395527505211297,2.666779991619888,-4.116959286244276,-3.67919720985624,-1.9264585879094969,1.338483894117067,-0.0970836571087099,3.973510094567706,-0.4437649362210274,1.3252658042505117
95.0,135.0,130.05062866210938,-0.0395495033155603,2.6667799877251523,-4.116956633570564,-3.67919720985624,-1.9264593816057207,1.3384838977124018,-0.0970836571087099,3.973509762459741,-0.443764427250458,1.3252658031500175
95.0,135.0,130.05062866210938,-0.0395495033155603,2.666779991617088,-4.11695649112566,-3.67919720985624,-1.9264593816057207,1.3384838976819824,-0.0970836571087099,3.973510094567706,-0.443764427250458,1.3252658117734533
95.0,135.0,130.05062866210938,-0.0395526272755488,2.666779991619888,-4.116959407117843,-3.67919720985624,-1.9264585879094969,1.3384838940874788,-0.0970836671209208,3.973510094567706,-0.4437649570148149,1.3252658042505117
95.0,135.0,130.05062866210938,-0.0395526491627205,2.666779991619888,-4.11695649112566,-3.67919720985624,-1.9264585879094969,1.3384838941220776,-0.0970836571087099,3.973510094567706,-0.4437643937433275,1.3252658047135708
95.0,135.0,130.05062866210938,-0.0395496000710018,2.666779991617088,-4.11695649112566,-3.679189407020596,-1.9264587565589748,1.3384838976806086,-0.0970836570099015,3.973510094567706,-0.443764427250458,1.3252658122368608
95.0,135.0,130.05062866210938,-0.0395496000710018,2.666779991617088,-4.11695649112566,-3.679197313556084,-1.9264587572359968,1.3384838976806086,-0.0970836570099015,3.973510094567706,-0.4437644270834421,1.3252658039398038
95.0,135.0,130.05062866210938,-0.0395495033155603,2.666779991617088,-4.11695649112566,-3.67919720985624,-1.9264593816057207,1.3384838976819824,-0.0970836571087099,3.973510094567706,-0.443764427250458,1.3252658117734533
95.0,135.0,130.05062866210938,-0.0395500636627696,2.6667799880586105,-4.11695649112566,-3.67919720985624,-1.926459386554627,1.3384838977124018,-0.097083657176144,3.9735097601884575,-0.443764427250458,1.3252658122365126
95.0,135.0,130.05062866210938,-0.0395526491627205,2.666779991619888,-4.11695649112566,-3.6791893033207512,-1.9264585872324749,1.3384838940916584,-0.0970836571087099,3.973510094567706,-0.4437643939103433,1.3252658125475685
95.0,135.0,130.0506591796875,-0.0395526491627205,2.6667799876952105,-4.11695649112566,-3.680274538095846,-1.9264585879094969,1.3384838940916584,-0.0970836571742954,3.973509757985986,-0.4437645785892405,1.325265803927558
95.0,135.0,130.0506591796875,-0.0395527237505485,2.6667799918973034,-4.116956632935758,-3.680310687597295,-1.9264593418335227,1.3384838938456671,-0.0970836571000883,3.9735101008054974,-0.4437643979859525,1.3252658121183485
95.0,135.0,130.0506591796875,-0.0395526491627205,2.666780038405941,-4.11695649112566,-3.6802842164647167,-1.9264585879094969,1.338483897841834,-0.0970836566679106,3.973510132816956,-0.443764437113757,1.325265803927558
95.0,135.0,130.0506591796875,-0.0395526491627205,2.666780038405941,-4.11695649112566,-3.6802842164647167,-1.9264585879094969,1.338483897841834,-0.0970836566679106,3.973510132816956,-0.443764437113757,1.325265803927558
95.0,135.0,130.0506591796875,-0.0395503356190227,2.666780038405941,-4.11695649112566,-3.6802843977597006,-1.9264585879094969,1.3384838977643658,-0.0970836566770784,3.9735101334820833,-0.4437644397462481,1.325265803927558
95.0,135.0,130.0506591796875,-0.0395527237505485,2.6667799918973034,-4.116956632935758,-3.680310687597295,-1.9264593418335227,1.3384838938456671,-0.0970836571000883,3.9735101008054974,-0.4437643979859525,1.3252658121183485
95.0,135.0,130.0506591796875,-0.0395497466837475,2.666780036852683,-4.11695649112566,-3.68028637195625,-1.9264587494232872,1.3384838977234486,-0.0970836569560643,3.973510094567706,-0.443764427250458,1.325265812413703
95.0,135.0,130.05068969726562,-0.0395496000710018,2.666779991617088,-4.11695649112566,-3.6803622919698697,-1.9264587565589748,1.3384838977234486,-0.0970836570099015,3.973510094567706,-0.443764427250458,1.3252658122368608
95.0,135.0,130.05068969726562,-0.0395497611668766,2.6667799887457058,-4.116959262735716,-3.680344602671716,-1.926458969644805,1.3384839076261352,-0.0970836667129683,3.973509889397808,-0.443760925368738,1.3252658030011966
95.0,135.0,130.05068969726562,-0.0395499382994376,2.666780037786213,-4.116956381632508,-3.680352000305452,-1.92646100079703,1.3384838978663465,-0.0970836610414297,3.973510103442874,-0.4437644298005058,1.3252658031665814
95.0,135.0,130.05068969726562,-0.0395521985895971,2.666779991676479,-4.11695675548119,-3.680352242959677,-1.9264585109118089,1.338483897401484,-0.0970836611102571,3.973509882411508,-0.4437645746851206,1.3252658031653166
95.0,135.0,130.05068969726562,-0.0395501650020429,2.666779987972626,-4.116956623435015,-3.6803431858360938,-1.9264593418335227,1.338483894837046,-0.0970836571815912,3.9735097675291313,-0.4437645770130765,1.3252658121046084
95.0,135.0,130.05068969726562,-0.0395521752061444,2.666779987972626,-4.116956623435015,-3.680352473598708,-1.9264593418335227,1.3384838947631714,-0.0970836612243479,3.9735097675291313,-0.4437645769920175,1.3252658032550109
95.0,135.0,130.05068969726562,-0.0395496000710018,2.666779991617088,-4.11695649112566,-3.6803622919698697,-1.9264587565589748,1.3384838977234486,-0.0970836570099015,3.973510094567706,-0.443764427250458,1.3252658122368608
95.0,135.0,130.05068969726562,-0.0395523254567228,2.6667800354144,-4.116956381632508,-3.680352000305452,-1.92646100079703,1.3384838978663465,-0.0970836610585449,3.973509755940401,-0.4437645755452176,1.3252658031665814
95.0,135.0,130.05068969726562,-0.0395501650020429,2.666779988885915,-4.116956473295759,-3.6803431858360938,-1.9264585973982984,1.338483894837046,-0.0970836571815912,3.9735098879500192,-0.4437645763274239,1.3252658121046084
95.0,135.0,130.05068969726562,-0.0395516918227218,2.666779991617088,-4.11695649112566,-3.6803623387232425,-1.9264593530193943,1.338483897500603,-0.0970836571102378,3.9735098827493416,-0.4437644342612243,1.3252658120897691
95.0,136.0,130.01707458496094,-0.0395527943690622,2.693805553516682,-4.116956618727419,-3.67919720985624,-1.926459373982788,1.3384838977088864,-0.0970836571087099,3.973510104620872,-0.443764427250458,1.325265802302014
95.0,136.0,130.02024841308594,-0.040759486610161,2.6940413767073745,-4.116956618802302,-3.67919720985624,-1.9264586249223024,1.338483897708544,-0.0970836571087099,3.97351009455411,-0.4437649362210274,1.3252658022528268
95.0,136.0,130.02957153320312,-0.0395527237505485,2.695545738479727,-4.116956632935758,-3.680310687597295,-1.926458587953445,1.3384838938456671,-0.0970836570998296,3.9735101010471823,-0.4437644067522643,1.3252658121183485
95.0,136.0,130.0323028564453,-0.040759486610161,2.66899215487029,-4.116956633645446,-3.67919720985624,-1.926458596850081,1.3384838976213698,-0.0970836571087099,3.973509752392979,-0.4437649362210274,1.3252658031008302
95.0,136.0,130.03298950195312,-0.0395527943690622,2.668756331679598,-4.116956633570564,-3.67919720985624,-1.9264593459105663,1.3384838976217122,-0.0970836571087099,3.973509762459741,-0.443764427250458,1.3252658031500175
95.0,136.0,130.0330047607422,-0.0395502649496798,2.668756331679598,-4.116956622817205,-3.6791927591390174,-1.9264593459105663,1.33848389749486,-0.0970836571087099,3.973509762459741,-0.443764427250458,1.3252658031500175
95.0,136.0,130.03338623046875,-0.0395529779815669,2.6960177206618208,-4.116956618802302,-3.67919720985624,-1.9264585892271484,1.3384838976178546,-0.0970836571087099,3.97351009455411,-0.4437649362210274,1.3252658022528268
95.0,136.0,130.0381317138672,-0.0395495033155603,2.6965411275506805,-4.116956633570564,-3.680352404882833,-1.9264593816057207,1.3384838977064124,-0.097083657095949,3.973510093868408,-0.443765129524328,1.325265802270145
95.0,136.0,130.0381317138672,-0.0395495033155603,2.6965411275506805,-4.116956633570564,-3.680352404882833,-1.9264593816057207,1.3384838977064124,-0.097083657095949,3.973510093868408,-0.443765129524328,1.325265802270145
95.0,136.0,130.04318237304688,-0.0395526589330041,2.697069988449308,-4.116956490966116,-3.67919720985624,-1.926458819514662,1.3384838940916584,-0.0970836567817074,3.973510094567706,-0.4437643576057236,1.3252658042505117
95.0,136.0,130.04318237304688,-0.0395526492727185,2.697069988449308,-4.116956490969427,-3.67919720985624,-1.926458824800468,1.3384838940916584,-0.0970836567817074,3.973510094567706,-0.4437643576057236,1.3252658042505117
95.0,136.0,130.04391479492188,-0.0395497870584746,2.6971443559666253,-4.116956536265357,-3.679215493527288,-1.926458812854012,1.3384838977119822,-0.0970836567725385,3.973510094567706,-0.4437610052529931,1.3252658122368486
95.0,136.0,130.04400634765625,-0.0395497870584746,2.6971443559666253,-4.116956536265357,-3.680362663670839,-1.926458811209129,1.3384838977066122,-0.0970836567725385,3.973510094567706,-0.4437610052529931,1.3252658122368608
95.0,136.0,130.04400634765625,-0.0395497870584746,2.6971443559666253,-4.116956536265357,-3.680362663670839,-1.926458811209129,1.3384838977066122,-0.0970836567725385,3.973510094567706,-0.4437610052529931,1.3252658122368608
95.0,136.0,130.045654296875,-0.0395497870584746,2.667383216141097,-4.116956536265357,-3.679207468644246,-1.926458811209129,1.3384838977126017,-0.0970836567852995,3.973509763159041,-0.4437603029791231,1.3252658131167336
95.0,136.0,130.045654296875,-0.0395497856754674,2.667379875933625,-4.116956547014452,-3.679274137385752,-1.9264593418335227,1.3384838940711223,-0.0970836570821093,3.973510116335003,-0.4437645153070037,1.3252658127268324
95.0,136.0,130.045654296875,-0.0395524915856251,2.667383216141097,-4.116956536265357,-3.679207468644246,-1.9264587982795176,1.3384838942604922,-0.0970836571375605,3.973509757825416,-0.4437603029791231,1.3252658131167336
95.0,136.0,130.04660034179688,-0.0395527237505485,2.6672782337954133,-4.116956632935758,-3.680288612340565,-1.9264588108870704,1.3384838938456671,-0.0970836571188678,3.9735101010471823,-0.4437601883198906,1.3252658121183485
95.0,136.0,130.0496368408203,-0.0395495254744446,2.6977208536476134,-4.116956623435015,-3.679234009132097,-1.9264590444894607,1.3384838948309836,-0.0970836570940694,3.9735097638511134,-0.4437643730048807,1.3252658124509238
95.0,136.0,130.05047607421875,-0.0395497870584746,2.666809262299643,-4.116956536265357,-3.680362996545223,-1.9264593148151208,1.3384838977066122,-0.0970836571967037,3.9735097670419983,-0.4437610052529931,1.3252658036371356
95.0,136.0,130.05047607421875,-0.0395501478691584,2.666809262299643,-4.116956622399188,-3.680362996545223,-1.9264593419127984,1.3384838941901764,-0.0970836572002251,3.9735097670419983,-0.4437643468094669,1.325265804452166
95.0,136.0,130.05047607421875,-0.0395526709342885,2.666809262299643,-4.116959400557594,-3.680362996545223,-1.9264593185429164,1.3384838941901764,-0.0970836572055299,3.97350976702346,-0.443764928456346,1.3252658042469747
95.0,136.0,130.05047607421875,-0.0395497870584746,2.666809262299643,-4.116956536265357,-3.680362996545223,-1.9264593148151208,1.3384838977066122,-0.0970836571967037,3.9735097670419983,-0.4437610052529931,1.3252658036371356
95.0,136.0,130.05047607421875,-0.0395526772885408,2.666809262299643,-4.116956633152548,-3.680367447262445,-1.9264593419127984,1.3384838943170283,-0.0970836572002251,3.9735097670419983,-0.4437643468094669,1.325265804452166
95.0,136.0,130.0505828857422,-0.0395501483444097,2.6667799918973034,-4.116956632935758,-3.679265857596488,-1.9264593418335227,1.3384838938430692,-0.0970836571000883,3.9735101008054974,-0.4437643979859525,1.3252658124268717
95.0,136.0,130.0505828857422,-0.0395501483444097,2.666779991678579,-4.116956623546202,-3.679274137385752,-1.9264593418335227,1.3384838941535382,-0.0970836571000883,3.973510116335003,-0.4437644012659497,1.3252658127268324
95.0,136.0,130.0505828857422,-0.0395497875337259,2.666779991678579,-4.116956537412371,-3.679274137385752,-1.9264593147358453,1.3384838976699738,-0.0970836570965669,3.973510116335003,-0.4437610597094759,1.325265811911802
95.0,136.0,130.0506134033203,-0.0395500737565817,2.6667799876952105,-4.11695649112566,-3.67922970809504,-1.9264585879094969,1.3384838940890604,-0.0970836571742954,3.973509757985986,-0.4437645785892405,1.3252658042360814
95.0,136.0,130.0506134033203,-0.0395505132871902,2.666785914191704,-4.116956408112969,-3.6802687973180506,-1.926458819444412,1.3384838973904198,-0.0970836658767265,3.9735097744232446,-0.4437646021213772,1.325265803241093
95.0,136.0,130.0506134033203,-0.0395501481092746,2.6667799918908166,-4.116956623435015,-3.679234009132097,-1.9264590354373576,1.3384838948309836,-0.0970836567260036,3.9735097675291313,-0.4437643959240622,1.3252658124333805
95.0,136.0,130.0506134033203,-0.0395505132871902,2.666785914191704,-4.116956408112969,-3.6802687973180506,-1.926458819444412,1.3384838973904198,-0.0970836658767265,3.9735097744232446,-0.4437646021213772,1.325265803241093
95.0,136.0,130.0506134033203,-0.0395505378081552,2.6667799876952105,-4.11695649112566,-3.67922970809504,-1.9264588224864647,1.3384838940890604,-0.0970836667644606,3.9735097566713256,-0.443764602495094,1.3252658042360814
95.0,136.0,130.0506134033203,-0.0395501481092746,2.6667799918908166,-4.116956623435015,-3.679234009132097,-1.9264590354373576,1.3384838948309836,-0.0970836570993307,3.9735097665117856,-0.4437643959240622,1.3252658124333805
95.0,136.0,130.0506134033203,-0.0395500737565817,2.6667799876952105,-4.11695649112566,-3.67922970809504,-1.9264585879094969,1.3384838940762889,-0.0970836571757539,3.973509757985986,-0.4437649232141388,1.3252658042360814
95.0,136.0,130.05062866210938,-0.0395495033155603,2.666779991617088,-4.11695649112566,-3.67919720985624,-1.9264593816057207,1.3384838977124018,-0.0970836571087099,3.973510094567706,-0.443764427250458,1.3252658122365126
95.0,136.0,130.05062866210938,-0.0395526491627205,2.666779991619888,-4.11695649112566,-3.67919720985624,-1.9264585879094969,1.3384838940916584,-0.0970836571087099,3.973510094567706,-0.4437643937433275,1.3252658042505117
95.0,136.0,130.05062866210938,-0.0395527505211297,2.666779991619888,-4.116959286244276,-3.67919720985624,-1.9264585879094969,1.338483894117067,-0.0970836571087099,3.973510094567706,-0.4437649362210274,1.3252658042505117
95.0,136.0,130.05062866210938,-0.0395495033155603,2.6667799877251523,-4.116956633570564,-3.67919720985624,-1.9264593816057207,1.3384838977124018,-0.0970836571087099,3.973509762459741,-0.443764427250458,1.3252658031500175
95.0,136.0,130.05062866210938,-0.0395495033155603,2.666779991617088,-4.11695649112566,-3.67919720985624,-1.9264593816057207,1.3384838976819824,-0.0970836571087099,3.973510094567706,-0.443764427250458,1.3252658117734533
95.0,136.0,130.05062866210938,-0.0395526272755488,2.666779991619888,-4.116959407117843,-3.67919720985624,-1.9264585879094969,1.3384838940874788,-0.0970836671209208,3.973510094567706,-0.4437649570148149,1.3252658042505117
95.0,136.0,130.05062866210938,-0.0395526491627205,2.666779991619888,-4.11695649112566,-3.67919720985624,-1.9264585879094969,1.3384838941220776,-0.0970836571087099,3.973510094567706,-0.4437643937433275,1.3252658047135708
95.0,136.0,130.05062866210938,-0.0395496000710018,2.666779991617088,-4.11695649112566,-3.679189407020596,-1.9264587565589748,1.3384838976806086,-0.0970836570099015,3.973510094567706,-0.443764427250458,1.3252658122368608
95.0,136.0,130.05062866210938,-0.0395496000710018,2.666779991617088,-4.11695649112566,-3.679197313556084,-1.9264587572359968,1.3384838976806086,-0.0970836570099015,3.973510094567706,-0.4437644270834421,1.3252658039398038
95.0,136.0,130.05062866210938,-0.0395495033155603,2.666779991617088,-4.11695649112566,-3.67919720985624,-1.9264593816057207,1.3384838976819824,-0.0970836571087099,3.973510094567706,-0.443764427250458,1.3252658117734533
95.0,136.0,130.05062866210938,-0.0395500636627696,2.6667799880586105,-4.11695649112566,-3.67919720985624,-1.926459386554627,1.3384838977124018,-0.097083657176144,3.9735097601884575,-0.443764427250458,1.3252658122365126
95.0,136.0,130.05062866210938,-0.0395526491627205,2.666779991619888,-4.11695649112566,-3.6791893033207512,-1.9264585872324749,1.3384838940916584,-0.0970836571087099,3.973510094567706,-0.4437643939103433,1.3252658125475685
95.0,136.0,130.05062866210938,-0.0395525516317226,2.666779991619888,-4.11695649112566,-3.67919720985624,-1.926459334227292,1.3384838941220776,-0.0970836571087099,3.973509742321568,-0.443764429510013,1.3252658047135708
95.0,136.0,130.0506591796875,-0.0395526491627205,2.6667799876952105,-4.11695649112566,-3.680274538095846,-1.9264585879094969,1.3384838940916584,-0.0970836571742954,3.973509757985986,-0.4437645785892405,1.325265803927558
95.0,136.0,130.0506591796875,-0.0395527237505485,2.6667799918973034,-4.116956632935758,-3.680310687597295,-1.9264593418335227,1.3384838938456671,-0.0970836571000883,3.9735101008054974,-0.4437643979859525,1.3252658121183485
95.0,136.0,130.0506591796875,-0.0395526491627205,2.666780038405941,-4.11695649112566,-3.6802842164647167,-1.9264585879094969,1.338483897841834,-0.0970836566679106,3.973510132816956,-0.443764437113757,1.325265803927558
95.0,137.0,130.00843811035156,-0.0395502649496798,2.692559711610664,-4.1169566187428766,-3.6791927591390174,-1.9264586249028608,1.3384838974970497,-0.0970836571087099,3.973509762459741,-0.4437649431359394,1.3252658022641588
95.0,137.0,130.0169677734375,-0.0395527912999066,2.693788664427134,-4.116956617911235,-3.67919720985624,-1.926458824800468,1.3384838940916584,-0.0970836567727375,3.973510094567706,-0.4437643585192769,1.3252658042505117
95.0,137.0,130.01707458496094,-0.0395527943690622,2.693805553516682,-4.116956618727419,-3.67919720985624,-1.926459373982788,1.3384838977088864,-0.0970836571087099,3.973510104620872,-0.443764427250458,1.325265802302014
95.0,137.0,130.02024841308594,-0.040759486610161,2.6940413767073745,-4.116956618802302,-3.67919720985624,-1.9264586249223024,1.338483897708544,-0.0970836571087099,3.97351009455411,-0.4437649362210274,1.3252658022528268
95.0,137.0,130.02957153320312,-0.0395527237505485,2.695545738479727,-4.116956632935758,-3.680310687597295,-1.926458587953445,1.3384838938456671,-0.0970836570998296,3.9735101010471823,-0.4437644067522643,1.3252658121183485
95.0,137.0,130.02960205078125,-0.0395527449588337,2.695545738479727,-4.116956632935758,-3.680348567898628,-1.926458587953445,1.3384838938461323,-0.0970836570998296,3.9735101010471823,-0.4437644068191472,1.3252658121183485
95.0,137.0,130.0323028564453,-0.040759486610161,2.66899215487029,-4.116956633645446,-3.67919720985624,-1.926458596850081,1.3384838976213698,-0.0970836571087099,3.973509752392979,-0.4437649362210274,1.3252658031008302
95.0,137.0,130.03298950195312,-0.0395527943690622,2.668756331679598,-4.116956633570564,-3.67919720985624,-1.9264593459105663,1.3384838976217122,-0.0970836571087099,3.973509762459741,-0.443764427250458,1.3252658031500175
95.0,137.0,130.0330047607422,-0.0395502649496798,2.668756331679598,-4.116956622817205,-3.6791927591390174,-1.9264593459105663,1.33848389749486,-0.0970836571087099,3.973509762459741,-0.443764427250458,1.3252658031500175
95.0,137.0,130.03338623046875,-0.0395529779815669,2.6960177206618208,-4.116956618802302,-3.67919720985624,-1.9264585892271484,1.3384838976178546,-0.0970836571087099,3.97351009455411,-0.4437649362210274,1.3252658022528268
95.0,137.0,130.03338623046875,-0.0395529779815669,2.6960177206618208,-4.116956615915958,-3.67919720985624,-1.9264585892271484,1.338483894142581,-0.0970836571087099,3.97351009455411,-0.4437649294836344,1.3252658021076626
95.0,137.0,130.0380096435547,-0.0395497860102958,2.696527971239453,-4.116956536265357,-3.680362146342479,-1.9264593903991143,1.3384838977064075,-0.0970836567725385,3.973510093831393,-0.4437652171392037,1.325265803304645
95.0,137.0,130.0381317138672,-0.0395495033155603,2.6965411275506805,-4.116956633570564,-3.680352404882833,-1.9264593816057207,1.3384838977064124,-0.097083657095949,3.973510093868408,-0.443765129524328,1.325265802270145
95.0,137.0,130.0381317138672,-0.0395495033155603,2.6965411275506805,-4.116956633570564,-3.680352404882833,-1.9264593816057207,1.3384838977064124,-0.097083657095949,3.973510093868408,-0.443765129524328,1.325265802270145
95.0,137.0,130.04318237304688,-0.0395526589330041,2.697069988449308,-4.116956490966116,-3.67919720985624,-1.926458819514662,1.3384838940916584,-0.0970836567817074,3.973510094567706,-0.4437643576057236,1.3252658042505117
95.0,137.0,130.04318237304688,-0.0395526492727185,2.697069988449308,-4.116956490969427,-3.67919720985624,-1.926458824800468,1.3384838940916584,-0.0970836567817074,3.973510094567706,-0.4437643576057236,1.3252658042505117
95.0,137.0,130.04318237304688,-0.039552909367649,2.697069988449308,-4.116956491125747,-3.67919720985624,-1.926458824800468,1.3384838940916584,-0.0970836567817074,3.973510094567706,-0.4437643576057236,1.3252658044052366
95.0,137.0,130.04335021972656,-0.0395526523418741,2.697086877538856,-4.116956491785611,-3.67919720985624,-1.926459373982788,1.3384838977088864,-0.0970836571176798,3.973510104620872,-0.4437644263369047,1.325265802302014
95.0,137.0,130.04391479492188,-0.0395497870584746,2.6971443559666253,-4.116956536265357,-3.679215493527288,-1.926458812854012,1.3384838977119822,-0.0970836567725385,3.973510094567706,-0.4437610052529931,1.3252658122368486
95.0,137.0,130.04391479492188,-0.0395526576322405,2.6971443559666253,-4.116956536265357,-3.679215493527288,-1.926458813000586,1.3384838977119822,-0.0970836567725385,3.973509744139257,-0.4437610052529931,1.3252658122368486
95.0,137.0,130.04391479492188,-0.0395527399019779,2.6971443559666253,-4.116956622871908,-3.679215493527288,-1.9264593353829047,1.3384838976230238,-0.0970836571028755,3.973509759293615,-0.4437610052529931,1.3252658122368486
95.0,137.0,130.04400634765625,-0.0395497870584746,2.6971443559666253,-4.116956536265357,-3.680362663670839,-1.926458811209129,1.3384838977066122,-0.0970836567725385,3.973510094567706,-0.4437610052529931,1.3252658122368608
95.0,137.0,130.04400634765625,-0.0395497870584746,2.6971443559666253,-4.116956536265357,-3.680362663670839,-1.926458811209129,1.3384838977066122,-0.0970836567725385,3.973510094567706,-0.4437610052529931,1.3252658122368608
95.0,137.0,130.04400634765625,-0.0395497870584746,2.6971443559666253,-4.116956536265357,-3.680362663670839,-1.926458811209129,1.3384838977066122,-0.0970836567725385,3.973510094567706,-0.4437610052529931,1.3252658122368608
95.0,137.0,130.04412841796875,-0.0395495043637391,2.697157512277853,-4.116956633570564,-3.680352922211193,-1.9264588024157352,1.338483897706617,-0.097083657095949,3.9735100946047206,-0.4437609176381174,1.3252658112023603
95.0,137.0,130.045654296875,-0.0395497870584746,2.667383216141097,-4.116956536265357,-3.679207468644246,-1.926458811209129,1.3384838977126017,-0.0970836567852995,3.973509763159041,-0.4437603029791231,1.3252658131167336
95.0,137.0,130.045654296875,-0.0395497856754674,2.667379875933625,-4.116956547014452,-3.679274137385752,-1.9264593418335227,1.3384838940711223,-0.0970836570821093,3.973510116335003,-0.4437645153070037,1.3252658127268324
95.0,137.0,130.045654296875,-0.0395524915856251,2.667383216141097,-4.116956536265357,-3.679207468644246,-1.9264587982795176,1.3384838942604922,-0.0970836571375605,3.973509757825416,-0.4437603029791231,1.3252658131167336
95.0,137.0,130.045654296875,-0.0395497870584746,2.667383216141097,-4.116956536265357,-3.679207468644246,-1.926458811209129,1.3384838977126017,-0.0970836567852995,3.973509763159041,-0.4437603029791231,1.3252658131167336
95.0,137.0,130.045654296875,-0.0395495185801879,2.667383216141097,-4.116956536265357,-3.679207468644246,-1.9264588163515624,1.3384838942604922,-0.0970836571375605,3.973509757825416,-0.4437602714995544,1.3252658131167336
95.0,137.0,130.04641723632812,-0.0395526545879999,2.667291738321653,-4.116956548029777,-3.679260667054575,-1.9264594205407648,1.3384838938456671,-0.0970836570826467,3.973510101196837,-0.4437601883198906,1.3252658121183485
95.0,137.0,130.04660034179688,-0.0395527237505485,2.6672782337954133,-4.116956632935758,-3.680288612340565,-1.9264588108870704,1.3384838938456671,-0.0970836571188678,3.9735101010471823,-0.4437601883198906,1.3252658121183485
95.0,137.0,130.0496368408203,-0.0395495254744446,2.6977208536476134,-4.116956623435015,-3.679234009132097,-1.9264590444894607,1.3384838948309836,-0.0970836570940694,3.9735097638511134,-0.4437643730048807,1.3252658124509238
95.0,137.0,130.04965209960938,-0.0395498388176072,2.697721370294609,-4.116956611124325,-3.67919720985624,-1.92645902859888,1.3384838940916584,-0.0970836567817074,3.9735100975706334,-0.4437643576057236,1.3252658042505117
95.0,137.0,130.05047607421875,-0.0395497870584746,2.666809262299643,-4.116956536265357,-3.680362996545223,-1.9264593148151208,1.3384838977066122,-0.0970836571967037,3.9735097670419983,-0.4437610052529931,1.3252658036371356
95.0,137.0,130.05047607421875,-0.0395501478691584,2.666809262299643,-4.116956622399188,-3.680362996545223,-1.9264593419127984,1.3384838941901764,-0.0970836572002251,3.9735097670419983,-0.4437643468094669,1.325265804452166
95.0,137.0,130.05047607421875,-0.0395526709342885,2.666809262299643,-4.116959400557594,-3.680362996545223,-1.9264593185429164,1.3384838941901764,-0.0970836572055299,3.97350976702346,-0.443764928456346,1.3252658042469747
95.0,137.0,130.05047607421875,-0.0395497870584746,2.666809262299643,-4.116956536265357,-3.680362996545223,-1.9264593148151208,1.3384838977066122,-0.0970836571967037,3.9735097670419983,-0.4437610052529931,1.3252658036371356
95.0,137.0,130.05047607421875,-0.0395526772885408,2.666809262299643,-4.116956633152548,-3.680367447262445,-1.9264593419127984,1.3384838943170283,-0.0970836572002251,3.9735097670419983,-0.4437643468094669,1.325265804452166
95.0,137.0,130.05047607421875,-0.0395501478691584,2.666809262299643,-4.11695663281108,-3.680367531269496,-1.9264593419127984,1.3384838943202573,-0.0970836572002251,3.9735097670419983,-0.4437643468094669,1.325265804452166
95.0,137.0,130.0505828857422,-0.0395501483444097,2.6667799918973034,-4.116956632935758,-3.679265857596488,-1.9264593418335227,1.3384838938430692,-0.0970836571000883,3.9735101008054974,-0.4437643979859525,1.3252658124268717
95.0,137.0,130.0505828857422,-0.0395501483444097,2.666779991678579,-4.116956623546202,-3.679274137385752,-1.9264593418335227,1.3384838941535382,-0.0970836571000883,3.973510116335003,-0.4437644012659497,1.3252658127268324
95.0,137.0,130.0505828857422,-0.0395497875337259,2.666779991678579,-4.116956537412371,-3.679274137385752,-1.9264593147358453,1.3384838976699738,-0.0970836570965669,3.973510116335003,-0.4437610597094759,1.325265811911802
95.0,137.0,130.0505828857422,-0.0395501483444097,2.6667799918973034,-4.116956633650518,-3.6792702069461902,-1.9264593418335227,1.3384838938430692,-0.0970836571000883,3.973509730445984,-0.4437643979859525,1.3252658124268717
95.0,137.0,130.0505828857422,-0.0395502769878552,2.6667799918908166,-4.116956623556211,-3.679269570917384,-1.9264590354373576,1.3384838948309836,-0.0970836570993249,3.973510105741737,-0.4437643959240622,1.325265812425376
95.0,137.0,130.0506134033203,-0.0395500737565817,2.6667799876952105,-4.11695649112566,-3.67922970809504,-1.9264585879094969,1.3384838940890604,-0.0970836571742954,3.973509757985986,-0.4437645785892405,1.3252658042360814
95.0,137.0,130.0506134033203,-0.0395505132871902,2.666785914191704,-4.116956408112969,-3.6802687973180506,-1.926458819444412,1.3384838973904198,-0.0970836658767265,3.9735097744232446,-0.4437646021213772,1.325265803241093
95.0,137.0,130.0506134033203,-0.0395501481092746,2.6667799918908166,-4.116956623435015,-3.679234009132097,-1.9264590354373576,1.3384838948309836,-0.0970836567260036,3.9735097675291313,-0.4437643959240622,1.3252658124333805
95.0,137.0,130.0506134033203,-0.0395505132871902,2.666785914191704,-4.116956408112969,-3.6802687973180506,-1.926458819444412,1.3384838973904198,-0.0970836658767265,3.9735097744232446,-0.4437646021213772,1.325265803241093
95.0,137.0,130.0506134033203,-0.0395505378081552,2.6667799876952105,-4.11695649112566,-3.67922970809504,-1.9264588224864647,1.3384838940890604,-0.0970836667644606,3.9735097566713256,-0.443764602495094,1.3252658042360814
95.0,138.0,130.00843811035156,-0.0395502649496798,2.692559711610664,-4.1169566187428766,-3.6791927591390174,-1.9264586249028608,1.3384838974970497,-0.0970836571087099,3.973509762459741,-0.4437649431359394,1.3252658022641588
95.0,138.0,130.00843811035156,-0.0395502649496798,2.692559711610664,-4.1169566187428766,-3.6791927591390174,-1.9264586257245973,1.3384838939896793,-0.0970836571087099,3.9735097616933968,-0.4437649431359394,1.3252658022641588
95.0,138.0,130.01065063476562,-0.0395502649496798,2.692883690441067,-4.1169566168764975,-3.6791927591390174,-1.9264586249028608,1.3384838974970497,-0.0970836570993127,3.973509762459741,-0.4437649431359394,1.3252658022641588
95.0,138.0,130.0169677734375,-0.0395527912999066,2.693788664427134,-4.116956617911235,-3.67919720985624,-1.926458824800468,1.3384838940916584,-0.0970836567727375,3.973510094567706,-0.4437643585192769,1.3252658042505117
95.0,138.0,130.01707458496094,-0.0395527943690622,2.693805553516682,-4.116956618727419,-3.67919720985624,-1.926459373982788,1.3384838977088864,-0.0970836571087099,3.973510104620872,-0.443764427250458,1.325265802302014
95.0,138.0,130.01707458496094,-0.0395527943690622,2.693805553516682,-4.116956619031508,-3.67919720985624,-1.9264586828059804,1.3384838977088864,-0.0970836571087099,3.973510109187949,-0.4437644296639939,1.325265802302014
95.0,138.0,130.01707458496094,-0.0395527709065793,2.693805553516682,-4.116956618727419,-3.67919720985624,-1.926459390169737,1.3384838977088864,-0.0970836571087099,3.973510104620872,-0.443764427250458,1.3252658033468756
95.0,138.0,130.01754760742188,-0.0395497801354818,2.693874356272476,-4.116956533282778,-3.679211757783845,-1.926458811209129,1.3384838977066122,-0.0970836567725385,3.973510094567706,-0.4437610052529931,1.3252658122368608
95.0,138.0,130.02024841308594,-0.040759486610161,2.6940413767073745,-4.116956618802302,-3.67919720985624,-1.9264586249223024,1.338483897708544,-0.0970836571087099,3.97351009455411,-0.4437649362210274,1.3252658022528268
95.0,138.0,130.02957153320312,-0.0395527237505485,2.695545738479727,-4.116956632935758,-3.680310687597295,-1.926458587953445,1.3384838938456671,-0.0970836570998296,3.9735101010471823,-0.4437644067522643,1.3252658121183485
95.0,138.0,130.02957153320312,-0.0395527237505485,2.695545738479727,-4.116956632935758,-3.680310687597295,-1.926458587131709,1.3384838973530375,-0.0970836570998296,3.973510101813527,-0.4437644067522643,1.3252658121183485
95.0,138.0,130.02960205078125,-0.0395527449588337,2.695545738479727,-4.116956632935758,-3.680348567898628,-1.926458587953445,1.3384838938461323,-0.0970836570998296,3.9735101010471823,-0.4437644068191472,1.3252658121183485
95.0,138.0,130.02960205078125,-0.0395527237505485,2.695545738479727,-4.116956632935758,-3.680353795581198,-1.926458575220366,1.3384838973631936,-0.0970836570998296,3.973510101420024,-0.4437644067522643,1.3252658120900054
95.0,138.0,130.0299072265625,-0.0395527399019779,2.6955946837713416,-4.116956632283188,-3.679215493527288,-1.9264593353829047,1.3384838976230238,-0.0970836571028755,3.973509759293615,-0.4437610052529931,1.3252658121184648
95.0,138.0,130.03089904785156,-0.0395527943690622,2.6689773128067125,-4.116956633570564,-3.67919720985624,-1.926458765160305,1.338483897703826,-0.0970836571127329,3.973509766568166,-0.4437643433282493,1.3252658031500175
95.0,138.0,130.03228759765625,-0.040759486610161,2.66899215487029,-4.116956634459087,-3.679216942321092,-1.926458596850081,1.3384838976146511,-0.0970836571087099,3.973509752392979,-0.4437649362210274,1.3252658033835265
95.0,138.0,130.0323028564453,-0.040759486610161,2.66899215487029,-4.116956633645446,-3.67919720985624,-1.926458596850081,1.3384838976213698,-0.0970836571087099,3.973509752392979,-0.4437649362210274,1.3252658031008302
95.0,138.0,130.0323028564453,-0.040759486610161,2.66899215487029,-4.116956633341357,-3.67919720985624,-1.9264592880268885,1.3384838976213698,-0.0970836571087099,3.973509747825902,-0.4437649338074916,1.3252658031008302
95.0,138.0,130.03298950195312,-0.0395527943690622,2.668756331679598,-4.116956633570564,-3.67919720985624,-1.9264593459105663,1.3384838976217122,-0.0970836571087099,3.973509762459741,-0.443764427250458,1.3252658031500175
95.0,138.0,130.0330047607422,-0.0395502649496798,2.668756331679598,-4.116956622817205,-3.6791927591390174,-1.9264593459105663,1.33848389749486,-0.0970836571087099,3.973509762459741,-0.443764427250458,1.3252658031500175
95.0,138.0,130.03338623046875,-0.0395529779815669,2.6960177206618208,-4.116956618802302,-3.67919720985624,-1.9264585892271484,1.3384838976178546,-0.0970836571087099,3.97351009455411,-0.4437649362210274,1.3252658022528268
95.0,138.0,130.03338623046875,-0.0395529779815669,2.6960177206618208,-4.116956615915958,-3.67919720985624,-1.9264585892271484,1.338483894142581,-0.0970836571087099,3.97351009455411,-0.4437649294836344,1.3252658021076626
95.0,138.0,130.03338623046875,-0.0395529431515378,2.6960177206618208,-4.116956618802302,-3.67919720985624,-1.9264585892271484,1.3384838976178546,-0.0970836571087099,3.97351009455411,-0.4437649362210274,1.3252658022528268
95.0,138.0,130.03338623046875,-0.0395529779815669,2.6960177206618208,-4.116956615915958,-3.67919720985624,-1.926458575023212,1.3384838977103977,-0.0970836571087099,3.9735101050084713,-0.4437649294836344,1.3252658021076626
95.0,138.0,130.03587341308594,-0.0395501160225745,2.6963010872373663,-4.116956623546202,-3.679201063447848,-1.926458803796684,1.3384838941509445,-0.0970836567912509,3.973510117197843,-0.4437644012659497,1.3252658132555208
95.0,138.0,130.037841796875,-0.0394912155178398,2.69651917364204,-4.116956618258651,-3.67919720985624,-1.926458625188333,1.338483897708544,-0.0970836571087099,3.973510094569753,-0.4437649362210274,1.3252658022697756
95.0,138.0,130.0380096435547,-0.0395497860102958,2.696527971239453,-4.116956536265357,-3.680362146342479,-1.9264593903991143,1.3384838977064075,-0.0970836567725385,3.973510093831393,-0.4437652171392037,1.325265803304645
95.0,138.0,130.0380096435547,-0.0395498094727787,2.696527971239453,-4.116956536265357,-3.680362146342479,-1.9264593742121647,1.3384838977064075,-0.0970836567725385,3.973510093831393,-0.4437652171392037,1.3252658022597834
95.0,138.0,130.0381317138672,-0.0395495033155603,2.6965411275506805,-4.116956633570564,-3.680352404882833,-1.9264593816057207,1.3384838977064124,-0.097083657095949,3.973510093868408,-0.443765129524328,1.325265802270145
95.0,138.0,130.0381317138672,-0.0395495033155603,2.6965411275506805,-4.116956633570564,-3.680352404882833,-1.9264593816057207,1.3384838977064124,-0.097083657095949,3.973510093868408,-0.443765129524328,1.325265802270145
95.0,138.0,130.0407257080078,-0.0395526576322405,2.6968203771362225,-4.116956538131736,-3.679215493527288,-1.926458813000586,1.3384838977119822,-0.0970836567819358,3.973509744139257,-0.4437610052529931,1.3252658122368486
95.0,138.0,130.0431365966797,-0.0395527982228993,2.697058664121283,-4.116956620893813,-3.6803481157432345,-1.926458824800468,1.3384838940916584,-0.0970836567727375,3.973510094567706,-0.4437643585192769,1.3252658042505117
95.0,138.0,130.0431671142578,-0.0395495033155603,2.697061494729974,-4.116956491907224,-3.680352404882833,-1.9264593816057207,1.3384838939455166,-0.0970836567645988,3.973510093868408,-0.443765083039266,1.3252658044076606
95.0,138.0,130.04318237304688,-0.0395526589330041,2.697069988449308,-4.116956490966116,-3.67919720985624,-1.926458819514662,1.3384838940916584,-0.0970836567817074,3.973510094567706,-0.4437643576057236,1.3252658042505117
95.0,138.0,130.04318237304688,-0.0395526492727185,2.697069988449308,-4.116956490969427,-3.67919720985624,-1.926458824800468,1.3384838940916584,-0.0970836567817074,3.973510094567706,-0.4437643576057236,1.3252658042505117
95.0,138.0,130.04318237304688,-0.039552909367649,2.697069988449308,-4.116956491125747,-3.67919720985624,-1.926458824800468,1.3384838940916584,-0.0970836567817074,3.973510094567706,-0.4437643576057236,1.3252658044052366
95.0,138.0,130.04335021972656,-0.0395526523418741,2.697086877538856,-4.116956491785611,-3.67919720985624,-1.926459373982788,1.3384838977088864,-0.0970836571176798,3.973510104620872,-0.4437644263369047,1.325265802302014
95.0,138.0,130.04335021972656,-0.0395526523418741,2.697086877538856,-4.116956491785611,-3.67919720985624,-1.926459373982788,1.3384838977088864,-0.0970836571176798,3.973510104620872,-0.4437644263369047,1.325265802302014
95.0,138.0,130.04335021972656,-0.0395526486049708,2.697086877538856,-4.116956491785611,-3.67919720985624,-1.926459375130368,1.3384838977088864,-0.0970836571367887,3.973510104620872,-0.4437644306428936,1.325265802302014
95.0,138.0,130.04391479492188,-0.0395497870584746,2.6971443559666253,-4.116956536265357,-3.679215493527288,-1.926458812854012,1.3384838977119822,-0.0970836567725385,3.973510094567706,-0.4437610052529931,1.3252658122368486
95.0,138.0,130.04391479492188,-0.0395526576322405,2.6971443559666253,-4.116956536265357,-3.679215493527288,-1.926458813000586,1.3384838977119822,-0.0970836567725385,3.973509744139257,-0.4437610052529931,1.3252658122368486
95.0,138.0,130.04391479492188,-0.0395527399019779,2.6971443559666253,-4.116956622871908,-3.679215493527288,-1.9264593353829047,1.3384838976230238,-0.0970836571028755,3.973509759293615,-0.4437610052529931,1.3252658122368486
95.0,138.0,130.04393005371094,-0.0395497870584746,2.6971443559666253,-4.116956535451716,-3.6791957610624366,-1.926458812854012,1.3384838977187008,-0.0970836567725385,3.973510094567706,-0.4437610052529931,1.3252658119541525
95.0,138.0,130.0439910888672,-0.0395497860045865,2.697143239612611,-4.116956536265357,-3.680362146342479,-1.9264593903991143,1.3384838977064075,-0.0970836567725385,3.973510094568107,-0.4437611402393042,1.325265803304645
95.0,138.0,130.04400634765625,-0.0395497870584746,2.6971443559666253,-4.116956536265357,-3.680362663670839,-1.926458811209129,1.3384838977066122,-0.0970836567725385,3.973510094567706,-0.4437610052529931,1.3252658122368608
95.0,138.0,130.04400634765625,-0.0395497870584746,2.6971443559666253,-4.116956536265357,-3.680362663670839,-1.926458811209129,1.3384838977066122,-0.0970836567725385,3.973510094567706,-0.4437610052529931,1.3252658122368608
95.0,138.0,130.04400634765625,-0.0395497870584746,2.6971443559666253,-4.116956536265357,-3.680362663670839,-1.926458811209129,1.3384838977066122,-0.0970836567725385,3.973510094567706,-0.4437610052529931,1.3252658122368608
95.0,138.0,130.04412841796875,-0.0395495043637391,2.697157512277853,-4.116956633570564,-3.680352922211193,-1.9264588024157352,1.338483897706617,-0.097083657095949,3.9735100946047206,-0.4437609176381174,1.3252658112023603
95.0,138.0,130.044189453125,-0.0395526912548392,2.66754889289052,-4.116956490966116,-3.679270283794143,-1.9264593575515008,1.338483894094252,-0.0970836570905448,3.973510093704866,-0.4437643576057236,1.325265803721823
95.0,138.0,130.045654296875,-0.0395497870584746,2.667383216141097,-4.116956536265357,-3.679207468644246,-1.926458811209129,1.3384838977126017,-0.0970836567852995,3.973509763159041,-0.4437603029791231,1.3252658131167336
95.0,139.0,130.00828552246094,-0.0395501792308986,2.692536056637015,-4.1169566168764975,-3.679192677390682,-1.9264586249028608,1.3384838974970497,-0.0970836571138196,3.973509762459741,-0.4437643583249105,1.3252658022352402
95.0,139.0,130.00843811035156,-0.0395502649496798,2.692559711610664,-4.1169566187428766,-3.6791927591390174,-1.9264586249028608,1.3384838974970497,-0.0970836571087099,3.973509762459741,-0.4437649431359394,1.3252658022641588
95.0,139.0,130.00843811035156,-0.0395502649496798,2.692559711610664,-4.1169566187428766,-3.6791927591390174,-1.9264586257245973,1.3384838939896793,-0.0970836571087099,3.9735097616933968,-0.4437649431359394,1.3252658022641588
95.0,139.0,130.00843811035156,-0.0395502649496798,2.692559711610664,-4.11695661564197,-3.6791970784487966,-1.9264586257245973,1.3384838941495576,-0.0970836571087099,3.9735097616933968,-0.4437649431359394,1.3252658021126036
95.0,139.0,130.00843811035156,-0.0395526499467667,2.692559711610664,-4.116956621554346,-3.6791927591390174,-1.926459356405681,1.3384838938690025,-0.0970836571368095,3.9735097616933968,-0.4437649395431887,1.325265802263237
95.0,139.0,130.00843811035156,-0.0395525606504196,2.692559711610664,-4.1169566187428766,-3.6791927591390174,-1.9264588083530736,1.3384838974970497,-0.0970836571065559,3.973509762459741,-0.4437649431359394,1.32526580087222
95.0,139.0,130.01065063476562,-0.0395502649496798,2.692883690441067,-4.1169566168764975,-3.6791927591390174,-1.9264586249028608,1.3384838974970497,-0.0970836570993127,3.973509762459741,-0.4437649431359394,1.3252658022641588
95.0,139.0,130.01065063476562,-0.0395502485572535,2.692883690441067,-4.1169566168764975,-3.6791927591390174,-1.9264586256958496,1.3384838941148312,-0.0970836570993127,3.973510070922723,-0.4437649429067524,1.3252658022631092
95.0,139.0,130.01663208007812,-0.0395497801354818,2.6937322510776847,-4.116956533210107,-3.680328661764952,-1.926458811209129,1.3384838977066122,-0.0970836567725385,3.973510094567706,-0.4437610052529931,1.3252658122368608
95.0,139.0,130.0167694091797,-0.0395497860102958,2.693750405039991,-4.116956536265357,-3.680354325700101,-1.926459393495611,1.3384838940213912,-0.0970836567727428,3.973510093824735,-0.4437652171392037,1.325265803284701
95.0,139.0,130.0169677734375,-0.0395527912999066,2.693788664427134,-4.116956617911235,-3.67919720985624,-1.926458824800468,1.3384838940916584,-0.0970836567727375,3.973510094567706,-0.4437643585192769,1.3252658042505117
95.0,139.0,130.01707458496094,-0.0395527943690622,2.693805553516682,-4.116956618727419,-3.67919720985624,-1.926459373982788,1.3384838977088864,-0.0970836571087099,3.973510104620872,-0.443764427250458,1.325265802302014
95.0,139.0,130.01707458496094,-0.0395527943690622,2.693805553516682,-4.116956619031508,-3.67919720985624,-1.9264586828059804,1.3384838977088864,-0.0970836571087099,3.973510109187949,-0.4437644296639939,1.325265802302014
95.0,139.0,130.01707458496094,-0.0395527709065793,2.693805553516682,-4.116956618727419,-3.67919720985624,-1.926459390169737,1.3384838977088864,-0.0970836571087099,3.973510104620872,-0.443764427250458,1.3252658033468756
95.0,139.0,130.01707458496094,-0.0395527943690622,2.693805553516682,-4.1169564907108445,-3.67919720985624,-1.926458819434572,1.3384838977088864,-0.0970836567926172,3.973510104701889,-0.4437643568355295,1.325265802302014
95.0,139.0,130.01754760742188,-0.0395497801354818,2.693874356272476,-4.116956533282778,-3.679211757783845,-1.926458811209129,1.3384838977066122,-0.0970836567725385,3.973510094567706,-0.4437610052529931,1.3252658122368608
95.0,139.0,130.02024841308594,-0.040759486610161,2.6940413767073745,-4.116956618802302,-3.67919720985624,-1.9264586249223024,1.338483897708544,-0.0970836571087099,3.97351009455411,-0.4437649362210274,1.3252658022528268
95.0,139.0,130.02952575683594,-0.0395503189289416,2.695545738479727,-4.116956632935758,-3.6792310776906247,-1.926458589046804,1.3384838938456671,-0.0970836570998296,3.9735101010471823,-0.4437644060844326,1.3252658121123513
95.0,139.0,130.029541015625,-0.0395527152003608,2.695545738479727,-4.116956632935758,-3.679185746584941,-1.9264585750319976,1.3384838977143991,-0.0970836571003243,3.973510101420024,-0.4437644116719428,1.3252658120900054
95.0,139.0,130.02957153320312,-0.0395527237505485,2.695545738479727,-4.116956632935758,-3.680310687597295,-1.926458587953445,1.3384838938456671,-0.0970836570998296,3.9735101010471823,-0.4437644067522643,1.3252658121183485
95.0,139.0,130.02957153320312,-0.0395527237505485,2.695545738479727,-4.116956632935758,-3.680310687597295,-1.926458587131709,1.3384838973530375,-0.0970836570998296,3.973510101813527,-0.4437644067522643,1.3252658121183485
95.0,139.0,130.02960205078125,-0.0395527449588337,2.695545738479727,-4.116956632935758,-3.680348567898628,-1.926458587953445,1.3384838938461323,-0.0970836570998296,3.9735101010471823,-0.4437644068191472,1.3252658121183485
95.0,139.0,130.02960205078125,-0.0395527237505485,2.695545738479727,-4.116956632935758,-3.680353795581198,-1.926458575220366,1.3384838973631936,-0.0970836570998296,3.973510101420024,-0.4437644067522643,1.3252658120900054
95.0,139.0,130.0299072265625,-0.0395527399019779,2.6955946837713416,-4.116956632283188,-3.679215493527288,-1.9264593353829047,1.3384838976230238,-0.0970836571028755,3.973509759293615,-0.4437610052529931,1.3252658121184648
95.0,139.0,130.0299072265625,-0.03955298261788,2.6955946837713416,-4.116956632283188,-3.679216681478629,-1.9264593353829047,1.3384838976230238,-0.0970836571086628,3.973509759293615,-0.4437610052529931,1.3252658121184648
95.0,139.0,130.03001403808594,-0.0395527693597,2.695608231567165,-4.116956632283188,-3.679214783333245,-1.9264593353829047,1.3384838976230238,-0.0970836571088958,3.97350974030977,-0.4437610052529931,1.3252658119968672
95.0,139.0,130.03089904785156,-0.0395527943690622,2.6689773128067125,-4.116956633570564,-3.67919720985624,-1.926458765160305,1.338483897703826,-0.0970836571127329,3.973509766568166,-0.4437643433282493,1.3252658031500175
95.0,139.0,130.03228759765625,-0.040759486610161,2.66899215487029,-4.116956634459087,-3.679216942321092,-1.926458596850081,1.3384838976146511,-0.0970836571087099,3.973509752392979,-0.4437649362210274,1.3252658033835265
95.0,139.0,130.03228759765625,-0.040759486610161,2.66899215487029,-4.116956634430885,-3.679216942321092,-1.926458596850081,1.3384838976145614,-0.0970836571087099,3.973509752392979,-0.4437649362210274,1.3252658033835265
95.0,139.0,130.0323028564453,-0.040759486610161,2.66899215487029,-4.116956633645446,-3.67919720985624,-1.926458596850081,1.3384838976213698,-0.0970836571087099,3.973509752392979,-0.4437649362210274,1.3252658031008302
95.0,139.0,130.0323028564453,-0.040759486610161,2.66899215487029,-4.116956633341357,-3.67919720985624,-1.9264592880268885,1.3384838976213698,-0.0970836571087099,3.973509747825902,-0.4437649338074916,1.3252658031008302
95.0,139.0,130.0323028564453,-0.040759486610161,2.66899215487029,-4.116956633341357,-3.67919720985624,-1.926458616113864,1.3384838976213698,-0.0970836571087099,3.973509747825902,-0.4437649339315377,1.3252658031008302
95.0,139.0,130.03298950195312,-0.0395527943690622,2.668756331679598,-4.116956633570564,-3.67919720985624,-1.9264593459105663,1.3384838976217122,-0.0970836571087099,3.973509762459741,-0.443764427250458,1.3252658031500175
95.0,139.0,130.0330047607422,-0.0395502649496798,2.668756331679598,-4.116956622817205,-3.6791927591390174,-1.9264593459105663,1.33848389749486,-0.0970836571087099,3.973509762459741,-0.443764427250458,1.3252658031500175
95.0,139.0,130.0330047607422,-0.0395502649496798,2.668756331679598,-4.116956622817205,-3.6791927591390174,-1.9264593027856525,1.3384838977020197,-0.0970836571117725,3.97350974512276,-0.4437610367950512,1.3252658123483234
95.0,139.0,130.0330352783203,-0.0395526697712866,2.668756331679598,-4.116956622817205,-3.680272369045688,-1.926459344817208,1.33848389749486,-0.0970836571087099,3.973509762459741,-0.4437644279182898,1.3252658031560147
95.0,139.0,130.03306579589844,-0.0395497404313633,2.668747951360171,-4.116956630944889,-3.67919720985624,-1.9264593743404537,1.33848389770495,-0.0970836571099817,3.9735097513419215,-0.443764427250458,1.3252658021809736
95.0,139.0,130.03338623046875,-0.0395529779815669,2.6960177206618208,-4.116956618802302,-3.67919720985624,-1.9264585892271484,1.3384838976178546,-0.0970836571087099,3.97351009455411,-0.4437649362210274,1.3252658022528268
95.0,139.0,130.03338623046875,-0.0395529779815669,2.6960177206618208,-4.116956615915958,-3.67919720985624,-1.9264585892271484,1.338483894142581,-0.0970836571087099,3.97351009455411,-0.4437649294836344,1.3252658021076626
95.0,139.0,130.03338623046875,-0.0395529431515378,2.6960177206618208,-4.116956618802302,-3.67919720985624,-1.9264585892271484,1.3384838976178546,-0.0970836571087099,3.97351009455411,-0.4437649362210274,1.3252658022528268
95.0,139.0,130.03338623046875,-0.0395529779815669,2.6960177206618208,-4.116956615915958,-3.67919720985624,-1.926458575023212,1.3384838977103977,-0.0970836571087099,3.9735101050084713,-0.4437649294836344,1.3252658021076626
95.0,139.0,130.03338623046875,-0.0395529779815669,2.6960177206618208,-4.116956615915958,-3.67919720985624,-1.926458575023212,1.3384838981696665,-0.0970836571087099,3.9735101050084713,-0.4437643670920001,1.3252658042873602
95.0,139.0,130.03338623046875,-0.0395529943739932,2.6960177206618208,-4.116956615915958,-3.67919720985624,-1.9264585884341603,1.3384838975247997,-0.0970836571087099,3.973509786091128,-0.4437649297128214,1.3252658021087125
95.0,139.0,130.03587341308594,-0.0395501160225745,2.6963010872373663,-4.116956623546202,-3.679201063447848,-1.926458803796684,1.3384838941509445,-0.0970836567912509,3.973510117197843,-0.4437644012659497,1.3252658132555208
95.0,139.0,130.037841796875,-0.0394912155178398,2.69651917364204,-4.116956618258651,-3.67919720985624,-1.926458625188333,1.338483897708544,-0.0970836571087099,3.973510094569753,-0.4437649362210274,1.3252658022697756
95.0,139.0,130.037841796875,-0.0394912155178398,2.69651917364204,-4.116956618258651,-3.67919720985624,-1.926458625188333,1.338483897708544,-0.0970836571087099,3.973510094569753,-0.4437649362210274,1.3252658022697756
95.0,139.0,130.0380096435547,-0.0395497860102958,2.696527971239453,-4.116956536265357,-3.680362146342479,-1.9264593903991143,1.3384838977064075,-0.0970836567725385,3.973510093831393,-0.4437652171392037,1.325265803304645
95.0,139.0,130.0380096435547,-0.0395498094727787,2.696527971239453,-4.116956536265357,-3.680362146342479,-1.9264593742121647,1.3384838977064075,-0.0970836567725385,3.973510093831393,-0.4437652171392037,1.3252658022597834
95.0,139.0,130.0380859375,-0.0395528634104776,2.69653635155888,-4.116956538891031,-3.680362146342479,-1.9264593457822776,1.33848389762317,-0.0970836567712668,3.973510104949212,-0.4437652171392037,1.3252658032288278
95.0,139.0,130.0381317138672,-0.0395495033155603,2.6965411275506805,-4.116956633570564,-3.680352404882833,-1.9264593816057207,1.3384838977064124,-0.097083657095949,3.973510093868408,-0.443765129524328,1.325265802270145
95.0,140.0,129.98402404785156,-0.03955298261788,2.680441820993725,-4.116956632283188,-3.679215432032359,-1.926459356347868,1.33848389762423,-0.0970836571086628,3.973509761705003,-0.4437610052529931,1.3252658121184648
95.0,140.0,130.00799560546875,-0.0395502649496798,2.69249090638767,-4.1169566187428766,-3.6791927591390174,-1.9264586257245973,1.338483894097842,-0.0970836571087099,3.973509739873837,-0.443764942849069,1.3252658022648194
95.0,140.0,130.00816345214844,-0.0395526499467667,2.692517702592819,-4.116956621554346,-3.679194008585288,-1.9264593354407185,1.338483893867796,-0.0970836571368095,3.973509759282009,-0.4437649395431887,1.325265802263237
95.0,140.0,130.00828552246094,-0.0395501792308986,2.692536056637015,-4.1169566168764975,-3.679192677390682,-1.9264586249028608,1.3384838974970497,-0.0970836571138196,3.973509762459741,-0.4437643583249105,1.3252658022352402
95.0,140.0,130.00843811035156,-0.0395502649496798,2.692559711610664,-4.1169566187428766,-3.6791927591390174,-1.9264586249028608,1.3384838974970497,-0.0970836571087099,3.973509762459741,-0.4437649431359394,1.3252658022641588
95.0,140.0,130.00843811035156,-0.0395502649496798,2.692559711610664,-4.1169566187428766,-3.6791927591390174,-1.9264586257245973,1.3384838939896793,-0.0970836571087099,3.9735097616933968,-0.4437649431359394,1.3252658022641588
95.0,140.0,130.00843811035156,-0.0395502649496798,2.692559711610664,-4.11695661564197,-3.6791970784487966,-1.9264586257245973,1.3384838941495576,-0.0970836571087099,3.9735097616933968,-0.4437649431359394,1.3252658021126036
95.0,140.0,130.00843811035156,-0.0395526499467667,2.692559711610664,-4.116956621554346,-3.6791927591390174,-1.926459356405681,1.3384838938690025,-0.0970836571368095,3.9735097616933968,-0.4437649395431887,1.325265802263237
95.0,140.0,130.00843811035156,-0.0395525606504196,2.692559711610664,-4.1169566187428766,-3.6791927591390174,-1.9264588083530736,1.3384838974970497,-0.0970836571065559,3.973509762459741,-0.4437649431359394,1.32526580087222
95.0,140.0,130.00843811035156,-0.0395525651189853,2.692559711610664,-4.116956618920438,-3.6791927591390174,-1.926459356405681,1.3384838974959754,-0.0970836571095185,3.973509762451296,-0.4437649395133555,1.3252658022624455
95.0,140.0,130.00845336914062,-0.0395527869787731,2.692561388355528,-4.1169566187446485,-3.6791927591390174,-1.92645882226696,1.3384838974970497,-0.0970836571065559,3.973509762459741,-0.4437649431359394,1.325265800845594
95.0,140.0,130.00860595703125,-0.0395526154733165,2.692584185966389,-4.116956618836813,-3.67919720985624,-1.9264586275752733,1.338483897831065,-0.0970836571087099,3.973510109187949,-0.4437644371838949,1.3252658021233894
95.0,140.0,130.0101776123047,-0.0408803744111149,2.692559711610664,-4.1169566187428766,-3.6791927591390174,-1.9264586257245973,1.3384838979303175,-0.0970836571087099,3.9735097616933968,-0.4437649431359394,1.3252658022672
95.0,140.0,130.01019287109375,-0.0395527735179598,2.692816783722094,-4.1169566168764975,-3.679192677390682,-1.9264586249028608,1.3384838976232352,-0.0970836571138196,3.973509762459741,-0.4437643578690043,1.3252658022352402
95.0,140.0,130.01031494140625,-0.0395502485572535,2.6928269442247683,-4.1169566168764975,-3.68031647931781,-1.9264586256958496,1.3384838938487431,-0.0970836570993127,3.973510070922723,-0.4437649429067524,1.3252658027959558
95.0,140.0,130.01063537597656,-0.0395500386213263,2.692882013696204,-4.116956616874726,-3.6791927591390174,-1.926458610988975,1.3384838974970497,-0.0970836570993127,3.973509762459741,-0.4437649431359394,1.325265802290785
95.0,140.0,130.01065063476562,-0.0395502649496798,2.692883690441067,-4.1169566168764975,-3.6791927591390174,-1.9264586249028608,1.3384838974970497,-0.0970836570993127,3.973509762459741,-0.4437649431359394,1.3252658022641588
95.0,140.0,130.01065063476562,-0.0395502485572535,2.692883690441067,-4.1169566168764975,-3.6791927591390174,-1.9264586256958496,1.3384838941148312,-0.0970836570993127,3.973510070922723,-0.4437649429067524,1.3252658022631092
95.0,140.0,130.01663208007812,-0.0395497801354818,2.6937322510776847,-4.116956533210107,-3.680328661764952,-1.926458811209129,1.3384838977066122,-0.0970836567725385,3.973510094567706,-0.4437610052529931,1.3252658122368608
95.0,140.0,130.01669311523438,-0.0395497860102958,2.693750405039991,-4.116956536265357,-3.6792015745979487,-1.9264585709552715,1.3384838940213912,-0.0970836567817606,3.973509763636761,-0.4437652171392037,1.325265803284701
95.0,140.0,130.01670837402344,-0.0395497860102958,2.693750405039991,-4.116956536265357,-3.6791519627054257,-1.926459393495611,1.3384838940213912,-0.0970836567660391,3.9735100931107534,-0.4437652171392037,1.325265803284701
95.0,140.0,130.0167694091797,-0.0395497860102958,2.693750405039991,-4.116956536265357,-3.680354325700101,-1.926459393495611,1.3384838940213912,-0.0970836567727428,3.973510093824735,-0.4437652171392037,1.325265803284701
95.0,140.0,130.0169677734375,-0.0395527912999066,2.693788664427134,-4.116956617911235,-3.67919720985624,-1.926458824800468,1.3384838940916584,-0.0970836567727375,3.973510094567706,-0.4437643585192769,1.3252658042505117
95.0,140.0,130.01707458496094,-0.0395527943690622,2.693805553516682,-4.116956618727419,-3.67919720985624,-1.926459373982788,1.3384838977088864,-0.0970836571087099,3.973510104620872,-0.443764427250458,1.325265802302014
95.0,140.0,130.01707458496094,-0.0395527943690622,2.693805553516682,-4.116956619031508,-3.67919720985624,-1.9264586828059804,1.3384838977088864,-0.0970836571087099,3.973510109187949,-0.4437644296639939,1.325265802302014
95.0,140.0,130.01707458496094,-0.0395527709065793,2.693805553516682,-4.116956618727419,-3.67919720985624,-1.926459390169737,1.3384838977088864,-0.0970836571087099,3.973510104620872,-0.443764427250458,1.3252658033468756
95.0,140.0,130.01707458496094,-0.0395527943690622,2.693805553516682,-4.1169564907108445,-3.67919720985624,-1.926458819434572,1.3384838977088864,-0.0970836567926172,3.973510104701889,-0.4437643568355295,1.325265802302014
95.0,140.0,130.01707458496094,-0.0395527943690622,2.693805553516682,-4.116956618727419,-3.67919720985624,-1.926459373982788,1.3384838977088864,-0.0970836571087099,3.973510104620872,-0.443764427250458,1.325265802302014
95.0,140.0,130.01707458496094,-0.0395527943690622,2.693805553516682,-4.1169564907108445,-3.67919720985624,-1.926458819434572,1.3384838977088864,-0.0970836567926172,3.973510104701889,-0.4437643568355295,1.325265802302014
95.0,140.0,130.0172576904297,-0.039552883679958,2.693831927065365,-4.116956618716108,-3.6791927433654488,-1.926458824800468,1.3384838940916584,-0.0970836571068376,3.9735100805352457,-0.4437643585192769,1.325265804237599
95.0,140.0,130.01754760742188,-0.0395497801354818,2.693874356272476,-4.116956533282778,-3.679211757783845,-1.926458811209129,1.3384838977066122,-0.0970836567725385,3.973510094567706,-0.4437610052529931,1.3252658122368608
95.0,140.0,130.02024841308594,-0.040759486610161,2.6940413767073745,-4.116956618802302,-3.67919720985624,-1.9264586249223024,1.338483897708544,-0.0970836571087099,3.97351009455411,-0.4437649362210274,1.3252658022528268
95.0,140.0,130.0220184326172,-0.040759486610161,2.6942988797994856,-4.116956633645446,-3.67919720985624,-1.926458596850081,1.3384838977097884,-0.0970836571087099,3.973510084500041,-0.4437649362210274,1.3252658031008302
95.0,140.0,130.0281982421875,-0.039489627850655,2.6953767225115284,-4.116956634459087,-3.6791970436638,-1.926458596850081,1.338483897708245,-0.0970836568030949,3.973509752392979,-0.4437649362210274,1.3252658033835265
95.0,140.0,130.02952575683594,-0.0395503189289416,2.695545738479727,-4.116956632935758,-3.6792310776906247,-1.926458589046804,1.3384838938456671,-0.0970836570998296,3.9735101010471823,-0.4437644060844326,1.3252658121123513
95.0,140.0,130.02952575683594,-0.0395502551756783,2.695545738479727,-4.116956632935758,-3.6792310776906247,-1.9264585755648025,1.3384838976074394,-0.0970836570998296,3.9735101010471823,-0.4437644060844326,1.3252658121125658
95.0,140.0,130.029541015625,-0.0395527152003608,2.695545738479727,-4.116956632935758,-3.679185746584941,-1.9264585750319976,1.3384838977143991,-0.0970836571003243,3.973510101420024,-0.4437644116719428,1.3252658120900054
95.0,140.0,130.029541015625,-0.0395527789536241,2.695545738479727,-4.116956632935758,-3.679185746584941,-1.926458588513999,1.338483893952627,-0.0970836571003243,3.973510101420024,-0.4437644116719428,1.3252658120897909
95.0,140.0,130.02957153320312,-0.0395527237505485,2.695545738479727,-4.116956632935758,-3.680310687597295,-1.926458587953445,1.3384838938456671,-0.0970836570998296,3.9735101010471823,-0.4437644067522643,1.3252658121183485
95.0,140.0,130.02957153320312,-0.0395527237505485,2.695545738479727,-4.116956632935758,-3.680310687597295,-1.926458587131709,1.3384838973530375,-0.0970836570998296,3.973510101813527,-0.4437644067522643,1.3252658121183485
95.0,140.0,130.02960205078125,-0.0395527449588337,2.695545738479727,-4.116956632935758,-3.680348567898628,-1.926458587953445,1.3384838938461323,-0.0970836570998296,3.9735101010471823,-0.4437644068191472,1.3252658121183485
95.0,140.0,130.02960205078125,-0.0395527237505485,2.695545738479727,-4.116956632935758,-3.680353795581198,-1.926458575220366,1.3384838973631936,-0.0970836570998296,3.973510101420024,-0.4437644067522643,1.3252658120900054
95.0,140.0,130.0299072265625,-0.0395527399019779,2.6955946837713416,-4.116956632283188,-3.679215493527288,-1.9264593353829047,1.3384838976230238,-0.0970836571028755,3.973509759293615,-0.4437610052529931,1.3252658121184648
95.0,140.0,130.0299072265625,-0.03955298261788,2.6955946837713416,-4.116956632283188,-3.679216681478629,-1.9264593353829047,1.3384838976230238,-0.0970836571086628,3.973509759293615,-0.4437610052529931,1.3252658121184648
95.0,140.0,130.0299835205078,-0.0395527237505485,2.695602484696026,-4.116956632935758,-3.6791869674185023,-1.926458587953445,1.338483894111755,-0.0970836570998296,3.9735101010471823,-0.4437644067522643,1.3252658115855018
95.0,140.0,130.03001403808594,-0.0395527693597,2.695608231567165,-4.116956632283188,-3.679214783333245,-1.9264593353829047,1.3384838976230238,-0.0970836571088958,3.97350974030977,-0.4437610052529931,1.3252658119968672
95.0,140.0,130.03089904785156,-0.0395527943690622,2.6689773128067125,-4.116956633570564,-3.67919720985624,-1.926458765160305,1.338483897703826,-0.0970836571127329,3.973509766568166,-0.4437643433282493,1.3252658031500175
95.0,140.0,130.03228759765625,-0.040759486610161,2.66899215487029,-4.116956634459087,-3.679216942321092,-1.926458596850081,1.3384838976146511,-0.0970836571087099,3.973509752392979,-0.4437649362210274,1.3252658033835265
95.0,140.0,130.03228759765625,-0.040759486610161,2.66899215487029,-4.116956634430885,-3.679216942321092,-1.926458596850081,1.3384838976145614,-0.0970836571087099,3.973509752392979,-0.4437649362210274,1.3252658033835265
95.0,140.0,130.0323028564453,-0.040759486610161,2.66899215487029,-4.116956633645446,-3.67919720985624,-1.926458596850081,1.3384838976213698,-0.0970836571087099,3.973509752392979,-0.4437649362210274,1.3252658031008302
95.0,141.0,129.98402404785156,-0.03955298261788,2.680441820993725,-4.116956632283188,-3.679215432032359,-1.926459356347868,1.33848389762423,-0.0970836571086628,3.973509761705003,-0.4437610052529931,1.3252658121184648
95.0,141.0,129.98402404785156,-0.03955298261788,2.680441820993725,-4.116956632283188,-3.679215432032359,-1.926459356347868,1.33848389762423,-0.0970836571086628,3.973509761705003,-0.4437610052529931,1.3252658121184648
95.0,141.0,129.9840545654297,-0.0395527943690622,2.68041362942124,-4.116956632161909,-3.67919720985624,-1.926459373982788,1.3384838977088864,-0.0970836571087099,3.973509784629064,-0.4437644236771715,1.325265802302014
95.0,141.0,130.00799560546875,-0.0395502649496798,2.69249090638767,-4.1169566187428766,-3.6791927591390174,-1.9264586257245973,1.338483894097842,-0.0970836571087099,3.973509739873837,-0.443764942849069,1.3252658022648194
95.0,141.0,130.00816345214844,-0.0395526499467667,2.692517702592819,-4.116956621554346,-3.679194008585288,-1.9264593354407185,1.338483893867796,-0.0970836571368095,3.973509759282009,-0.4437649395431887,1.325265802263237
95.0,141.0,130.00816345214844,-0.0395526474126073,2.692517702592819,-4.116956488828476,-3.679194008585288,-1.9264593354407185,1.338483893867796,-0.0970836571368095,3.973509759282009,-0.4437643521714271,1.3252658023009107
95.0,141.0,130.0081787109375,-0.0395502872666985,2.692520029447212,-4.1169566187428215,-3.6791927591390174,-1.9264586257245973,1.338483894097842,-0.0970836571087099,3.9735097408414606,-0.443764942849069,1.3252658022648194
95.0,141.0,130.00828552246094,-0.0395501792308986,2.692536056637015,-4.1169566168764975,-3.679192677390682,-1.9264586249028608,1.3384838974970497,-0.0970836571138196,3.973509762459741,-0.4437643583249105,1.3252658022352402
95.0,141.0,130.00843811035156,-0.0395502649496798,2.692559711610664,-4.1169566187428766,-3.6791927591390174,-1.9264586249028608,1.3384838974970497,-0.0970836571087099,3.973509762459741,-0.4437649431359394,1.3252658022641588
95.0,141.0,130.00843811035156,-0.0395502649496798,2.692559711610664,-4.1169566187428766,-3.6791927591390174,-1.9264586257245973,1.3384838939896793,-0.0970836571087099,3.9735097616933968,-0.4437649431359394,1.3252658022641588
95.0,141.0,130.00843811035156,-0.0395502649496798,2.692559711610664,-4.11695661564197,-3.6791970784487966,-1.9264586257245973,1.3384838941495576,-0.0970836571087099,3.9735097616933968,-0.4437649431359394,1.3252658021126036
95.0,141.0,130.00843811035156,-0.0395526499467667,2.692559711610664,-4.116956621554346,-3.6791927591390174,-1.926459356405681,1.3384838938690025,-0.0970836571368095,3.9735097616933968,-0.4437649395431887,1.325265802263237
95.0,141.0,130.00843811035156,-0.0395525606504196,2.692559711610664,-4.1169566187428766,-3.6791927591390174,-1.9264588083530736,1.3384838974970497,-0.0970836571065559,3.973509762459741,-0.4437649431359394,1.32526580087222
95.0,141.0,130.00843811035156,-0.0395525651189853,2.692559711610664,-4.116956618920438,-3.6791927591390174,-1.926459356405681,1.3384838974959754,-0.0970836571095185,3.973509762451296,-0.4437649395133555,1.3252658022624455
95.0,141.0,130.00843811035156,-0.0395526503235859,2.692559711610664,-4.11695662151887,-3.6791927591390174,-1.926459356405681,1.3384838974959754,-0.0970836571095185,3.973509762451296,-0.4437649395439813,1.3252658022624242
95.0,141.0,130.00843811035156,-0.0395497855569446,2.692559711610664,-4.116956537993895,-3.6791927591390174,-1.9264585825110785,1.3384838974970497,-0.0970836571087099,3.973509771997078,-0.4437651933447543,1.3252658022641588
95.0,141.0,130.00843811035156,-0.0395525606504196,2.692559711610664,-4.1169566187428766,-3.6791927591390174,-1.926458817674462,1.3384838974970497,-0.0970836571065559,3.973509762459741,-0.4437649431500347,1.32526580087222
95.0,141.0,130.00843811035156,-0.039550177189151,2.6925590025539483,-4.116956616925343,-3.6791926708589626,-1.9264586257245973,1.3384838975815745,-0.0970836571087099,3.9735097616933968,-0.4437649431359394,1.3252658022637849
95.0,141.0,130.00843811035156,-0.0395502649496798,2.692559711610664,-4.1169566187428766,-3.6791927591390174,-1.9264586249028608,1.3384838974970497,-0.0970836571087099,3.973509762459741,-0.4437649431359394,1.3252658022641588
95.0,141.0,130.00845336914062,-0.0395527869787731,2.692561388355528,-4.1169566187446485,-3.6791927591390174,-1.92645882226696,1.3384838974970497,-0.0970836571065559,3.973509762459741,-0.4437649431359394,1.325265800845594
95.0,141.0,130.00845336914062,-0.0395539824868525,2.692559711610664,-4.116956616907961,-3.6791927591390174,-1.9264586257245973,1.3384838979303175,-0.0970836571087628,3.973509762427887,-0.4437649431359394,1.3252658022672
95.0,141.0,130.00851440429688,-0.0395525651189853,2.692569862479583,-4.116956618920438,-3.6791927591390174,-1.926459356405681,1.3384838974959754,-0.0970836571095185,3.9735097624508846,-0.44376499821764,1.3252658022624455
95.0,141.0,130.00860595703125,-0.0395526154733165,2.692584185966389,-4.116956618836813,-3.67919720985624,-1.9264586275752733,1.338483897831065,-0.0970836571087099,3.973510109187949,-0.4437644371838949,1.3252658021233894
95.0,141.0,130.00860595703125,-0.0395526154733165,2.692584185966389,-4.116956620792211,-3.67919720985624,-1.9264586239008448,1.338483894133396,-0.0970836571087099,3.9735097704087785,-0.4437651961929569,1.3252658019894108
95.0,141.0,130.00929260253906,-0.0395527237505485,2.69268992076362,-4.116956632935758,-3.6792335553046094,-1.926458572047184,1.3384838973631936,-0.0970836570998296,3.973510101608678,-0.4437644067522643,1.3252658116917062
95.0,141.0,130.01011657714844,-0.0395527735179598,2.692806632853175,-4.1169566168764975,-3.679192677390682,-1.9264586249028608,1.3384838976232352,-0.0970836571138196,3.973509762460151,-0.4437642991647199,1.3252658022352402
95.0,141.0,130.0101776123047,-0.0408803744111149,2.692559711610664,-4.1169566187428766,-3.6791927591390174,-1.9264586257245973,1.3384838979303175,-0.0970836571087099,3.9735097616933968,-0.4437649431359394,1.3252658022672
95.0,141.0,130.0101776123047,-0.0395527735179598,2.6928143960035467,-4.1169566168764975,-3.67919267909458,-1.9264586249028608,1.3384838976206546,-0.0970836571138196,3.973509762459741,-0.4437643578690043,1.325265802292591
95.0,141.0,130.0101776123047,-0.0408803744111149,2.692559711610664,-4.1169566187428766,-3.6792080351361554,-1.9264586257245973,1.3384838981316427,-0.0970836571087099,3.9735097616933968,-0.4437649431359394,1.3252658022672
95.0,141.0,130.01019287109375,-0.0395527735179598,2.692816783722094,-4.1169566168764975,-3.679192677390682,-1.9264586249028608,1.3384838976232352,-0.0970836571138196,3.973509762459741,-0.4437643578690043,1.3252658022352402
95.0,141.0,130.01031494140625,-0.0395502485572535,2.6928269442247683,-4.1169566168764975,-3.68031647931781,-1.9264586256958496,1.3384838938487431,-0.0970836570993127,3.973510070922723,-0.4437649429067524,1.3252658027959558
95.0,141.0,130.01063537597656,-0.0395500386213263,2.692882013696204,-4.116956616874726,-3.6791927591390174,-1.926458610988975,1.3384838974970497,-0.0970836570993127,3.973509762459741,-0.4437649431359394,1.325265802290785
95.0,141.0,130.01065063476562,-0.0395502649496798,2.692883690441067,-4.1169566168764975,-3.6791927591390174,-1.9264586249028608,1.3384838974970497,-0.0970836570993127,3.973509762459741,-0.4437649431359394,1.3252658022641588
95.0,141.0,130.01065063476562,-0.0395502485572535,2.692883690441067,-4.1169566168764975,-3.6791927591390174,-1.9264586256958496,1.3384838941148312,-0.0970836570993127,3.973510070922723,-0.4437649429067524,1.3252658022631092
95.0,141.0,130.01083374023438,-0.0395502485572535,2.692902603221039,-4.1169566168764975,-3.68031647931781,-1.926458809474959,1.338483897588148,-0.0970836567687536,3.973510094816208,-0.4437609523393329,1.325265802089175
95.0,141.0,130.01609802246094,-0.0395497801354818,2.6936565920814144,-4.116956533210107,-3.680328661764952,-1.9264586274300195,1.3384838939672077,-0.0970836571030976,3.9735100706742217,-0.4437649958204126,1.3252658129436417
95.0,141.0,130.01663208007812,-0.0395497801354818,2.6937322510776847,-4.116956533210107,-3.680328661764952,-1.926458811209129,1.3384838977066122,-0.0970836567725385,3.973510094567706,-0.4437610052529931,1.3252658122368608
95.0,141.0,130.01669311523438,-0.0395497860102958,2.693750405039991,-4.116956536265357,-3.6792015745979487,-1.9264585709552715,1.3384838940213912,-0.0970836567817606,3.973509763636761,-0.4437652171392037,1.325265803284701
95.0,141.0,130.01669311523438,-0.0395497860102958,2.693750405039991,-4.116956534309958,-3.6792015745979487,-1.9264585746297,1.33848389771906,-0.0970836567817606,3.973510102415931,-0.4437644581301417,1.3252658034186795
95.0,141.0,130.01670837402344,-0.0395497860102958,2.693750405039991,-4.116956536265357,-3.6791519627054257,-1.926459393495611,1.3384838940213912,-0.0970836567660391,3.9735100931107534,-0.4437652171392037,1.325265803284701
95.0,141.0,130.01670837402344,-0.039550265403031,2.693750405039991,-4.116956617014338,-3.6791519627054257,-1.9264594358873928,1.3384838940213912,-0.0970836567660391,3.973510083573417,-0.4437649669303888,1.325265803284701
95.0,141.0,130.01675415039062,-0.0395497860102958,2.693750405039991,-4.116956536265357,-3.680339049702965,-1.926459393495611,1.3384838938200665,-0.0970836567727428,3.973510093824735,-0.4437652171392037,1.325265803284701
95.0,141.0,130.0167694091797,-0.0395497860102958,2.693750405039991,-4.116956536265357,-3.680354325700101,-1.926459393495611,1.3384838940213912,-0.0970836567727428,3.973510093824735,-0.4437652171392037,1.325265803284701
95.0,141.0,130.0169677734375,-0.0395527912999066,2.693788664427134,-4.116956617911235,-3.67919720985624,-1.926458824800468,1.3384838940916584,-0.0970836567727375,3.973510094567706,-0.4437643585192769,1.3252658042505117
95.0,141.0,130.01707458496094,-0.0395527943690622,2.693805553516682,-4.116956618727419,-3.67919720985624,-1.926459373982788,1.3384838977088864,-0.0970836571087099,3.973510104620872,-0.443764427250458,1.325265802302014
95.0,141.0,130.01707458496094,-0.0395527943690622,2.693805553516682,-4.116956619031508,-3.67919720985624,-1.9264586828059804,1.3384838977088864,-0.0970836571087099,3.973510109187949,-0.4437644296639939,1.325265802302014
95.0,141.0,130.01707458496094,-0.0395527709065793,2.693805553516682,-4.116956618727419,-3.67919720985624,-1.926459390169737,1.3384838977088864,-0.0970836571087099,3.973510104620872,-0.443764427250458,1.3252658033468756
95.0,141.0,130.01707458496094,-0.0395527943690622,2.693805553516682,-4.1169564907108445,-3.67919720985624,-1.926458819434572,1.3384838977088864,-0.0970836567926172,3.973510104701889,-0.4437643568355295,1.325265802302014
95.0,141.0,130.01707458496094,-0.0395527943690622,2.693805553516682,-4.116956618727419,-3.67919720985624,-1.926459373982788,1.3384838977088864,-0.0970836571087099,3.973510104620872,-0.443764427250458,1.325265802302014
95.0,141.0,130.01707458496094,-0.0395527943690622,2.693805553516682,-4.1169564907108445,-3.67919720985624,-1.926458819434572,1.3384838977088864,-0.0970836567926172,3.973510104701889,-0.4437643568355295,1.325265802302014
95.0,142.0,129.98374938964844,-0.0395502649496798,2.680755122936445,-4.1169566187428766,-3.6791927591390174,-1.9264585868130253,1.3384838977122642,-0.0970836571087099,3.9735097830497166,-0.4437649431359394,1.325265802300017
95.0,142.0,129.98402404785156,-0.03955298261788,2.680441820993725,-4.116956632283188,-3.679215432032359,-1.926459356347868,1.33848389762423,-0.0970836571086628,3.973509761705003,-0.4437610052529931,1.3252658121184648
95.0,142.0,129.98402404785156,-0.03955298261788,2.680441820993725,-4.116956632283188,-3.679215432032359,-1.926459356347868,1.33848389762423,-0.0970836571086628,3.973509761705003,-0.4437610052529931,1.3252658121184648
95.0,142.0,129.9840545654297,-0.0395527943690622,2.68041362942124,-4.116956632161909,-3.67919720985624,-1.926459373982788,1.3384838977088864,-0.0970836571087099,3.973509784629064,-0.4437644236771715,1.325265802302014
95.0,142.0,129.9840545654297,-0.03955298261788,2.680441820993725,-4.116956616699078,-3.67915242881986,-1.926459442622449,1.33848389762423,-0.0970836567839314,3.973509761705003,-0.4437610052529931,1.3252658036113645
95.0,142.0,129.98428344726562,-0.03955298261788,2.680059950809678,-4.116956632370639,-3.679215432032359,-1.9264593403843584,1.3384838941204178,-0.0970836571086628,3.973509761705003,-0.4437610052529931,1.3252658026482411
95.0,142.0,130.00799560546875,-0.0395502649496798,2.69249090638767,-4.1169566187428766,-3.6791927591390174,-1.9264586257245973,1.338483894097842,-0.0970836571087099,3.973509739873837,-0.443764942849069,1.3252658022648194
95.0,142.0,130.00816345214844,-0.0395526499467667,2.692517702592819,-4.116956621554346,-3.679194008585288,-1.9264593354407185,1.338483893867796,-0.0970836571368095,3.973509759282009,-0.4437649395431887,1.325265802263237
95.0,142.0,130.00816345214844,-0.0395526474126073,2.692517702592819,-4.116956488828476,-3.679194008585288,-1.9264593354407185,1.338483893867796,-0.0970836571368095,3.973509759282009,-0.4437643521714271,1.3252658023009107
95.0,142.0,130.00816345214844,-0.0395526499467667,2.692517702592819,-4.116956621554346,-3.679194103680431,-1.9264588314044209,1.3384838938097323,-0.0970836571348678,3.973509759282009,-0.4437649395431887,1.3252658008425522
95.0,142.0,130.0081787109375,-0.0395502872666985,2.692520029447212,-4.1169566187428215,-3.6791927591390174,-1.9264586257245973,1.338483894097842,-0.0970836571087099,3.9735097408414606,-0.443764942849069,1.3252658022648194
95.0,142.0,130.00828552246094,-0.0395501792308986,2.692536056637015,-4.1169566168764975,-3.679192677390682,-1.9264586249028608,1.3384838974970497,-0.0970836571138196,3.973509762459741,-0.4437643583249105,1.3252658022352402
95.0,142.0,130.00843811035156,-0.0395502649496798,2.692559711610664,-4.1169566187428766,-3.6791927591390174,-1.9264586249028608,1.3384838974970497,-0.0970836571087099,3.973509762459741,-0.4437649431359394,1.3252658022641588
95.0,142.0,130.00843811035156,-0.0395502649496798,2.692559711610664,-4.1169566187428766,-3.6791927591390174,-1.9264586257245973,1.3384838939896793,-0.0970836571087099,3.9735097616933968,-0.4437649431359394,1.3252658022641588
95.0,142.0,130.00843811035156,-0.0395502649496798,2.692559711610664,-4.11695661564197,-3.6791970784487966,-1.9264586257245973,1.3384838941495576,-0.0970836571087099,3.9735097616933968,-0.4437649431359394,1.3252658021126036
95.0,142.0,130.00843811035156,-0.0395526499467667,2.692559711610664,-4.116956621554346,-3.6791927591390174,-1.926459356405681,1.3384838938690025,-0.0970836571368095,3.9735097616933968,-0.4437649395431887,1.325265802263237
95.0,142.0,130.00843811035156,-0.0395525606504196,2.692559711610664,-4.1169566187428766,-3.6791927591390174,-1.9264588083530736,1.3384838974970497,-0.0970836571065559,3.973509762459741,-0.4437649431359394,1.32526580087222
95.0,142.0,130.00843811035156,-0.0395525651189853,2.692559711610664,-4.116956618920438,-3.6791927591390174,-1.926459356405681,1.3384838974959754,-0.0970836571095185,3.973509762451296,-0.4437649395133555,1.3252658022624455
95.0,142.0,130.00843811035156,-0.0395526503235859,2.692559711610664,-4.11695662151887,-3.6791927591390174,-1.926459356405681,1.3384838974959754,-0.0970836571095185,3.973509762451296,-0.4437649395439813,1.3252658022624242
95.0,142.0,130.00843811035156,-0.0395497855569446,2.692559711610664,-4.116956537993895,-3.6791927591390174,-1.9264585825110785,1.3384838974970497,-0.0970836571087099,3.973509771997078,-0.4437651933447543,1.3252658022641588
95.0,142.0,130.00843811035156,-0.0395525606504196,2.692559711610664,-4.1169566187428766,-3.6791927591390174,-1.926458817674462,1.3384838974970497,-0.0970836571065559,3.973509762459741,-0.4437649431500347,1.32526580087222
95.0,142.0,130.00843811035156,-0.039550177189151,2.6925590025539483,-4.116956616925343,-3.6791926708589626,-1.9264586257245973,1.3384838975815745,-0.0970836571087099,3.9735097616933968,-0.4437649431359394,1.3252658022637849
95.0,142.0,130.00843811035156,-0.0395502649496798,2.692559711610664,-4.1169566187428766,-3.6791927591390174,-1.9264586249028608,1.3384838974970497,-0.0970836571087099,3.973509762459741,-0.4437649431359394,1.3252658022641588
95.0,142.0,130.00843811035156,-0.0395527284717083,2.692559711610664,-4.11695662151887,-3.6791927591390174,-1.9264593618104788,1.3384838974959754,-0.0970836571095185,3.97350976245974,-0.4437649393068066,1.3252658022623822
95.0,142.0,130.00843811035156,-0.0395526499467667,2.692559711610664,-4.116956621262109,-3.6791927591390174,-1.926459356405681,1.3384838938990586,-0.0970836571373294,3.9735097616818,-0.4437649395431887,1.325265802262435
95.0,142.0,130.00843811035156,-0.0395502842313931,2.6925587423822,-4.1169566187428215,-3.6791927591390174,-1.9264586257245973,1.338483897802013,-0.0970836571087099,3.9735097408414606,-0.443764942849069,1.3252658022648194
95.0,142.0,130.00843811035156,-0.0395525651189853,2.692559711610664,-4.116956619212675,-3.6791927591390174,-1.926459356405681,1.3384838974659192,-0.0970836571089987,3.973509762462893,-0.4437649395133555,1.3252658022632475
95.0,142.0,130.00843811035156,-0.0395525606504196,2.692559735579799,-4.116956618740697,-3.6791927591390174,-1.9264588179782025,1.3384838975006166,-0.0970836571065621,3.973509762459741,-0.4437649431500347,1.3252658008795792
95.0,142.0,130.00845336914062,-0.0395527869787731,2.692561388355528,-4.1169566187446485,-3.6791927591390174,-1.92645882226696,1.3384838974970497,-0.0970836571065559,3.973509762459741,-0.4437649431359394,1.325265800845594
95.0,142.0,130.00845336914062,-0.0395539824868525,2.692559711610664,-4.116956616907961,-3.6791927591390174,-1.9264586257245973,1.3384838979303175,-0.0970836571087628,3.973509762427887,-0.4437649431359394,1.3252658022672
95.0,142.0,130.00845336914062,-0.0395526504050548,2.6925614606404715,-4.1169566187446485,-3.6791927591390174,-1.9264587916538896,1.3384838974970497,-0.0970836571065559,3.973509762459741,-0.4437649430310043,1.325265800845594
95.0,142.0,130.00845336914062,-0.039553940650522,2.692559711610664,-4.1169566361641285,-3.6791920089134,-1.9264586257245973,1.3384838979284133,-0.0970836571087628,3.973509762427887,-0.4437649431359394,1.3252658116354714
95.0,142.0,130.00851440429688,-0.0395525651189853,2.692569862479583,-4.116956618920438,-3.6791927591390174,-1.926459356405681,1.3384838974959754,-0.0970836571095185,3.9735097624508846,-0.44376499821764,1.3252658022624455
95.0,142.0,130.00860595703125,-0.0395526154733165,2.692584185966389,-4.116956618836813,-3.67919720985624,-1.9264586275752733,1.338483897831065,-0.0970836571087099,3.973510109187949,-0.4437644371838949,1.3252658021233894
95.0,142.0,130.00860595703125,-0.0395526154733165,2.692584185966389,-4.116956620792211,-3.67919720985624,-1.9264586239008448,1.338483894133396,-0.0970836571087099,3.9735097704087785,-0.4437651961929569,1.3252658019894108
95.0,142.0,130.00860595703125,-0.0395526154733165,2.692584185966389,-4.116956618836813,-3.67919720985624,-1.9264586275752733,1.3384838976788076,-0.0970836571087099,3.973510109187949,-0.4437651895788801,1.3252658019907044
95.0,142.0,130.00860595703125,-0.0395526154733165,2.692584185966389,-4.116956620792211,-3.67919720985624,-1.9264586239008448,1.338483894285653,-0.0970836571087099,3.9735097704087785,-0.4437644437979717,1.3252658021220958
95.0,142.0,130.00929260253906,-0.0395527237505485,2.69268992076362,-4.116956632935758,-3.6792335553046094,-1.926458572047184,1.3384838973631936,-0.0970836570998296,3.973510101608678,-0.4437644067522643,1.3252658116917062
95.0,142.0,130.01011657714844,-0.0395527735179598,2.692806632853175,-4.1169566168764975,-3.679192677390682,-1.9264586249028608,1.3384838976232352,-0.0970836571138196,3.973509762460151,-0.4437642991647199,1.3252658022352402
95.0,142.0,130.01011657714844,-0.0395527735179598,2.692806632853175,-4.1169566168764975,-3.679192677390682,-1.9264586249028608,1.3384838976232352,-0.0970836571138196,3.973509762460151,-0.4437642991647199,1.3252658022352402
95.0,142.0,130.0101776123047,-0.0408803744111149,2.692559711610664,-4.1169566187428766,-3.6791927591390174,-1.9264586257245973,1.3384838979303175,-0.0970836571087099,3.9735097616933968,-0.4437649431359394,1.3252658022672
95.0,142.0,130.0101776123047,-0.0395527735179598,2.6928143960035467,-4.1169566168764975,-3.67919267909458,-1.9264586249028608,1.3384838976206546,-0.0970836571138196,3.973509762459741,-0.4437643578690043,1.325265802292591
95.0,142.0,130.0101776123047,-0.0408803744111149,2.692559711610664,-4.1169566187428766,-3.6792080351361554,-1.9264586257245973,1.3384838981316427,-0.0970836571087099,3.9735097616933968,-0.4437649431359394,1.3252658022672
95.0,142.0,130.01019287109375,-0.0395527735179598,2.692816783722094,-4.1169566168764975,-3.679192677390682,-1.9264586249028608,1.3384838976232352,-0.0970836571138196,3.973509762459741,-0.4437643578690043,1.3252658022352402
95.0,142.0,130.01031494140625,-0.0395502485572535,2.6928269442247683,-4.1169566168764975,-3.68031647931781,-1.9264586256958496,1.3384838938487431,-0.0970836570993127,3.973510070922723,-0.4437649429067524,1.3252658027959558
95.0,142.0,130.01040649414062,-0.039550039430775,2.6928485999145253,-4.1169566168764975,-3.679192677741234,-1.9264586247446989,1.3384838974970497,-0.0970836571144779,3.973509762459741,-0.4437643583249105,1.3252658022915849
95.0,142.0,130.01063537597656,-0.0395500386213263,2.692882013696204,-4.116956616874726,-3.6791927591390174,-1.926458610988975,1.3384838974970497,-0.0970836570993127,3.973509762459741,-0.4437649431359394,1.325265802290785
95.0,142.0,130.01065063476562,-0.0395502649496798,2.692883690441067,-4.1169566168764975,-3.6791927591390174,-1.9264586249028608,1.3384838974970497,-0.0970836570993127,3.973509762459741,-0.4437649431359394,1.3252658022641588
95.0,142.0,130.01065063476562,-0.0395502485572535,2.692883690441067,-4.1169566168764975,-3.6791927591390174,-1.9264586256958496,1.3384838941148312,-0.0970836570993127,3.973510070922723,-0.4437649429067524,1.3252658022631092
95.0,142.0,130.01065063476562,-0.0395501868015573,2.692883690441067,-4.1169566168764975,-3.6791927591390174,-1.926458619498064,1.3384838974970497,-0.0970836570993127,3.973509762451296,-0.443764943373114,1.3252658022642008
95.0,143.0,129.98326110839844,-0.0395502491970661,2.6815305349891063,-4.116956616699078,-3.6791928728217353,-1.9264586294464243,1.3384838938454144,-0.097083656768733,3.973509761705003,-0.4437609146897987,1.3252658022682349
95.0,143.0,129.98374938964844,-0.0395502649496798,2.680755122936445,-4.1169566187428766,-3.6791927591390174,-1.9264585868130253,1.3384838977122642,-0.0970836571087099,3.9735097830497166,-0.4437649431359394,1.325265802300017
95.0,143.0,129.98374938964844,-0.0395503943164084,2.680755122936445,-4.1169566187428766,-3.679192733559472,-1.9264585868130253,1.3384838977122642,-0.0970836571087099,3.973509782635109,-0.4437610687044184,1.325265802300017
95.0,143.0,129.9840087890625,-0.03955298261788,2.6804556973464315,-4.116956632658883,-3.679216081420973,-1.9264593403843584,1.3384838941204178,-0.0970836571086628,3.973509761705003,-0.4437610052529931,1.3252658026482411
95.0,143.0,129.98402404785156,-0.03955298261788,2.680441820993725,-4.116956632283188,-3.679215432032359,-1.926459356347868,1.33848389762423,-0.0970836571086628,3.973509761705003,-0.4437610052529931,1.3252658121184648
95.0,143.0,129.98402404785156,-0.03955298261788,2.680441820993725,-4.116956632283188,-3.679215432032359,-1.926459356347868,1.33848389762423,-0.0970836571086628,3.973509761705003,-0.4437610052529931,1.3252658121184648
95.0,143.0,129.98402404785156,-0.0395529545584469,2.680441820993725,-4.11695661636841,-3.679193756466291,-1.926459447403237,1.3384838975576083,-0.0970836567839314,3.973509761705003,-0.4437610052529931,1.3252658036823073
95.0,143.0,129.98402404785156,-0.03955298261788,2.680441820993725,-4.116956632283188,-3.679215432032359,-1.926459356347868,1.33848389762423,-0.0970836571086628,3.973509761705003,-0.4437610052529931,1.3252658121184648
95.0,143.0,129.9840545654297,-0.0395527943690622,2.68041362942124,-4.116956632161909,-3.67919720985624,-1.926459373982788,1.3384838977088864,-0.0970836571087099,3.973509784629064,-0.4437644236771715,1.325265802302014
95.0,143.0,129.9840545654297,-0.03955298261788,2.680441820993725,-4.116956616699078,-3.67915242881986,-1.926459442622449,1.33848389762423,-0.0970836567839314,3.973509761705003,-0.4437610052529931,1.3252658036113645
95.0,143.0,129.98428344726562,-0.03955298261788,2.680059950809678,-4.116956632370639,-3.679215432032359,-1.9264593403843584,1.3384838941204178,-0.0970836571086628,3.973509761705003,-0.4437610052529931,1.3252658026482411
95.0,143.0,130.00799560546875,-0.0395502649496798,2.69249090638767,-4.1169566187428766,-3.6791927591390174,-1.9264586257245973,1.338483894097842,-0.0970836571087099,3.973509739873837,-0.443764942849069,1.3252658022648194
95.0,143.0,130.00799560546875,-0.0395527284717083,2.6924925041764856,-4.11695662151887,-3.6791927591390174,-1.926458562608488,1.3384838974959754,-0.0970836571087002,3.97350976245974,-0.4437649427381966,1.3252658022623822
95.0,143.0,130.00799560546875,-0.0395498348557888,2.692490759763293,-4.1169566187428766,-3.6791927591390174,-1.9264588083530736,1.3384838974579965,-0.0970836571065559,3.9735097623386735,-0.4437649431359394,1.325265802239055
95.0,143.0,130.00816345214844,-0.0395526499467667,2.692517702592819,-4.116956621554346,-3.679194008585288,-1.9264593354407185,1.338483893867796,-0.0970836571368095,3.973509759282009,-0.4437649395431887,1.325265802263237
95.0,143.0,130.00816345214844,-0.0395526474126073,2.692517702592819,-4.116956488828476,-3.679194008585288,-1.9264593354407185,1.338483893867796,-0.0970836571368095,3.973509759282009,-0.4437643521714271,1.3252658023009107
95.0,143.0,130.00816345214844,-0.0395526499467667,2.692517702592819,-4.116956621554346,-3.679194103680431,-1.9264588314044209,1.3384838938097323,-0.0970836571348678,3.973509759282009,-0.4437649395431887,1.3252658008425522
95.0,143.0,130.0081787109375,-0.0395502872666985,2.692520029447212,-4.1169566187428215,-3.6791927591390174,-1.9264586257245973,1.338483894097842,-0.0970836571087099,3.9735097408414606,-0.443764942849069,1.3252658022648194
95.0,143.0,130.0081787109375,-0.0395526780061998,2.692517702592819,-4.116956621885014,-3.679152776034001,-1.9264588266236324,1.338483893876354,-0.0970836571348678,3.973509759282009,-0.4437649395431887,1.3252658007716094
95.0,143.0,130.0081787109375,-0.0395497855569446,2.6925206985025043,-4.116956537993895,-3.6791927591390174,-1.9264585825110785,1.3384838973498576,-0.0970836571087099,3.973509771997078,-0.4437649323513971,1.3252658022641588
95.0,143.0,130.00820922851562,-0.0395528804669825,2.692524135596544,-4.116956621673992,-3.6791927591390174,-1.9264592981831363,1.338483894097842,-0.0970836571367568,3.9735097408414606,-0.443764942849069,1.3252658022632418
95.0,143.0,130.00828552246094,-0.0395501792308986,2.692536056637015,-4.1169566168764975,-3.679192677390682,-1.9264586249028608,1.3384838974970497,-0.0970836571138196,3.973509762459741,-0.4437643583249105,1.3252658022352402
95.0,143.0,130.00843811035156,-0.0395502649496798,2.692559711610664,-4.1169566187428766,-3.6791927591390174,-1.9264586249028608,1.3384838974970497,-0.0970836571087099,3.973509762459741,-0.4437649431359394,1.3252658022641588
95.0,143.0,130.00843811035156,-0.0395502649496798,2.692559711610664,-4.1169566187428766,-3.6791927591390174,-1.9264586257245973,1.3384838939896793,-0.0970836571087099,3.9735097616933968,-0.4437649431359394,1.3252658022641588
95.0,143.0,130.00843811035156,-0.0395502649496798,2.692559711610664,-4.11695661564197,-3.6791970784487966,-1.9264586257245973,1.3384838941495576,-0.0970836571087099,3.9735097616933968,-0.4437649431359394,1.3252658021126036
95.0,143.0,130.00843811035156,-0.0395526499467667,2.692559711610664,-4.116956621554346,-3.6791927591390174,-1.926459356405681,1.3384838938690025,-0.0970836571368095,3.9735097616933968,-0.4437649395431887,1.325265802263237
95.0,143.0,130.00843811035156,-0.0395525606504196,2.692559711610664,-4.1169566187428766,-3.6791927591390174,-1.9264588083530736,1.3384838974970497,-0.0970836571065559,3.973509762459741,-0.4437649431359394,1.32526580087222
95.0,143.0,130.00843811035156,-0.0395525651189853,2.692559711610664,-4.116956618920438,-3.6791927591390174,-1.926459356405681,1.3384838974959754,-0.0970836571095185,3.973509762451296,-0.4437649395133555,1.3252658022624455
95.0,143.0,130.00843811035156,-0.0395526503235859,2.692559711610664,-4.11695662151887,-3.6791927591390174,-1.926459356405681,1.3384838974959754,-0.0970836571095185,3.973509762451296,-0.4437649395439813,1.3252658022624242
95.0,143.0,130.00843811035156,-0.0395497855569446,2.692559711610664,-4.116956537993895,-3.6791927591390174,-1.9264585825110785,1.3384838974970497,-0.0970836571087099,3.973509771997078,-0.4437651933447543,1.3252658022641588
95.0,143.0,130.00843811035156,-0.0395525606504196,2.692559711610664,-4.1169566187428766,-3.6791927591390174,-1.926458817674462,1.3384838974970497,-0.0970836571065559,3.973509762459741,-0.4437649431500347,1.32526580087222
95.0,143.0,130.00843811035156,-0.039550177189151,2.6925590025539483,-4.116956616925343,-3.6791926708589626,-1.9264586257245973,1.3384838975815745,-0.0970836571087099,3.9735097616933968,-0.4437649431359394,1.3252658022637849
95.0,143.0,130.00843811035156,-0.0395502649496798,2.692559711610664,-4.1169566187428766,-3.6791927591390174,-1.9264586249028608,1.3384838974970497,-0.0970836571087099,3.973509762459741,-0.4437649431359394,1.3252658022641588
95.0,143.0,130.00843811035156,-0.0395527284717083,2.692559711610664,-4.11695662151887,-3.6791927591390174,-1.9264593618104788,1.3384838974959754,-0.0970836571095185,3.97350976245974,-0.4437649393068066,1.3252658022623822
95.0,143.0,130.00843811035156,-0.0395526499467667,2.692559711610664,-4.116956621262109,-3.6791927591390174,-1.926459356405681,1.3384838938990586,-0.0970836571373294,3.9735097616818,-0.4437649395431887,1.325265802262435
95.0,143.0,130.00843811035156,-0.0395502842313931,2.6925587423822,-4.1169566187428215,-3.6791927591390174,-1.9264586257245973,1.338483897802013,-0.0970836571087099,3.9735097408414606,-0.443764942849069,1.3252658022648194
95.0,143.0,130.00843811035156,-0.0395525651189853,2.692559711610664,-4.116956619212675,-3.6791927591390174,-1.926459356405681,1.3384838974659192,-0.0970836571089987,3.973509762462893,-0.4437649395133555,1.3252658022632475
95.0,143.0,130.00843811035156,-0.0395525606504196,2.692559735579799,-4.116956618740697,-3.6791927591390174,-1.9264588179782025,1.3384838975006166,-0.0970836571065621,3.973509762459741,-0.4437649431500347,1.3252658008795792
95.0,143.0,130.00843811035156,-0.0395527284717083,2.692559711610664,-4.11695662151887,-3.6791927591390174,-1.9264593618104788,1.3384838938773242,-0.0970836571378433,3.973509761639806,-0.4437649393068066,1.3252658022623822
95.0,143.0,130.00843811035156,-0.0395502649496798,2.692559711610664,-4.1169566187428766,-3.6791927591390174,-1.9264586249028608,1.3384838974970497,-0.0970836571066084,3.973509762459741,-0.4437649431359394,1.32526580225925
95.0,143.0,130.00843811035156,-0.0395526499467667,2.692559711610664,-4.116956621262109,-3.6791927591390174,-1.926459356405681,1.33848389751771,-0.0970836571090047,3.973509762501733,-0.4437649395431887,1.325265802262435
95.0,143.0,130.00843811035156,-0.0395525651189853,2.692559711610664,-4.116956619212675,-3.6791927591390174,-1.926459356405681,1.3384838974659192,-0.0970836571089987,3.973509762462893,-0.4437649395133555,1.3252658022632475
95.0,143.0,130.00843811035156,-0.0395526503235859,2.692559711610664,-4.11695662151887,-3.6791927591390174,-1.926459356405681,1.3384838974959754,-0.0970836571095185,3.973509762465502,-0.4437649395439813,1.3252658022624242
95.0,143.0,130.00845336914062,-0.0395527869787731,2.692561388355528,-4.1169566187446485,-3.6791927591390174,-1.92645882226696,1.3384838974970497,-0.0970836571065559,3.973509762459741,-0.4437649431359394,1.325265800845594
95.0,143.0,130.00845336914062,-0.0395539824868525,2.692559711610664,-4.116956616907961,-3.6791927591390174,-1.9264586257245973,1.3384838979303175,-0.0970836571087628,3.973509762427887,-0.4437649431359394,1.3252658022672
95.0,143.0,130.00845336914062,-0.0395526504050548,2.6925614606404715,-4.1169566187446485,-3.6791927591390174,-1.9264587916538896,1.3384838974970497,-0.0970836571065559,3.973509762459741,-0.4437649430310043,1.325265800845594
95.0,143.0,130.00845336914062,-0.039553940650522,2.692559711610664,-4.1169566361641285,-3.6791920089134,-1.9264586257245973,1.3384838979284133,-0.0970836571087628,3.973509762427887,-0.4437649431359394,1.3252658116354714
95.0,143.0,130.00845336914062,-0.0395526504050548,2.6925614606404715,-4.116956616943462,-3.6791927591390174,-1.9264587796370125,1.3384838975034583,-0.0970836571139788,3.9735097624601288,-0.4437642479595632,1.3252658008203468
95.0,143.0,130.00851440429688,-0.0395525651189853,2.692569862479583,-4.116956618920438,-3.6791927591390174,-1.926459356405681,1.3384838974959754,-0.0970836571095185,3.9735097624508846,-0.44376499821764,1.3252658022624455
95.0,143.0,130.00851440429688,-0.0395525651189853,2.692569862479583,-4.116956618920404,-3.6791927591390174,-1.926459356405681,1.3384838974959754,-0.0970836571095185,3.973509762450853,-0.44376499821764,1.3252658010672105
95.0,144.0,129.98326110839844,-0.0395502491970661,2.6815305349891063,-4.116956616699078,-3.6791928728217353,-1.9264586294464243,1.3384838938454144,-0.097083656768733,3.973509761705003,-0.4437609146897987,1.3252658022682349
95.0,144.0,129.98338317871094,-0.0395527853223852,2.6812145419881848,-4.1169566187446485,-3.679193886645023,-1.92645882226696,1.3384838974954922,-0.0970836571065379,3.973509762450397,-0.4437647825869569,1.325265800705842
95.0,144.0,129.98374938964844,-0.0395502649496798,2.680755122936445,-4.1169566187428766,-3.6791927591390174,-1.9264585868130253,1.3384838977122642,-0.0970836571087099,3.9735097830497166,-0.4437649431359394,1.325265802300017
95.0,144.0,129.98374938964844,-0.0395503943164084,2.680755122936445,-4.1169566187428766,-3.679192733559472,-1.9264585868130253,1.3384838977122642,-0.0970836571087099,3.973509782635109,-0.4437610687044184,1.325265802300017
95.0,144.0,129.98374938964844,-0.0395502649496798,2.680755122936445,-4.1169566329279705,-3.6791927591390174,-1.9264585865778447,1.3384838973595223,-0.0970836571087099,3.9735097830497166,-0.4437649431359394,1.325265802300017
95.0,144.0,129.98374938964844,-0.0395503943164084,2.680755122936445,-4.1169566187428766,-3.679192733559472,-1.9264585870898376,1.3384838979177336,-0.0970836571087099,3.973509782638798,-0.4437651091597026,1.325265802300017
95.0,144.0,129.9840087890625,-0.03955298261788,2.6804556973464315,-4.116956632658883,-3.679216081420973,-1.9264593403843584,1.3384838941204178,-0.0970836571086628,3.973509761705003,-0.4437610052529931,1.3252658026482411
95.0,144.0,129.9840087890625,-0.03955298261788,2.6804556973464315,-4.116956632658883,-3.679216081420973,-1.9264593403843584,1.3384838941204178,-0.0970836571086628,3.973509761705003,-0.4437610052529931,1.3252658026482411
95.0,144.0,129.9840087890625,-0.03955298261788,2.680455114881736,-4.116956632658883,-3.67921541318213,-1.9264593408748645,1.3384838941204178,-0.0970836571086628,3.973509761705003,-0.4437610052529931,1.3252658026482411
95.0,144.0,129.98402404785156,-0.03955298261788,2.680441820993725,-4.116956632283188,-3.679215432032359,-1.926459356347868,1.33848389762423,-0.0970836571086628,3.973509761705003,-0.4437610052529931,1.3252658121184648
95.0,144.0,129.98402404785156,-0.03955298261788,2.680441820993725,-4.116956632283188,-3.679215432032359,-1.926459356347868,1.33848389762423,-0.0970836571086628,3.973509761705003,-0.4437610052529931,1.3252658121184648
95.0,144.0,129.98402404785156,-0.0395529545584469,2.680441820993725,-4.11695661636841,-3.679193756466291,-1.926459447403237,1.3384838975576083,-0.0970836567839314,3.973509761705003,-0.4437610052529931,1.3252658036823073
95.0,144.0,129.98402404785156,-0.03955298261788,2.680441820993725,-4.116956632283188,-3.679215432032359,-1.926459356347868,1.33848389762423,-0.0970836571086628,3.973509761705003,-0.4437610052529931,1.3252658121184648
95.0,144.0,129.98402404785156,-0.0395529721608891,2.680441820993725,-4.116956632283188,-3.679215432032359,-1.9264593563492385,1.33848389762423,-0.0970836571086628,3.97350976170444,-0.4437609085396856,1.3252658022156278
95.0,144.0,129.98402404785156,-0.0395530799067496,2.6804506223956466,-4.1169566187428766,-3.679192733559472,-1.926458614733728,1.3384838977122642,-0.0970836571534967,3.973509758897909,-0.4437610020882087,1.325265802300017
95.0,144.0,129.9840545654297,-0.0395527943690622,2.68041362942124,-4.116956632161909,-3.67919720985624,-1.926459373982788,1.3384838977088864,-0.0970836571087099,3.973509784629064,-0.4437644236771715,1.325265802302014
95.0,144.0,129.9840545654297,-0.03955298261788,2.680441820993725,-4.116956616699078,-3.67915242881986,-1.926459442622449,1.33848389762423,-0.0970836567839314,3.973509761705003,-0.4437610052529931,1.3252658036113645
95.0,144.0,129.98406982421875,-0.0395530022321928,2.6803985113079007,-4.116956616686778,-3.679192859286142,-1.9264586265709231,1.3384838938075208,-0.0970836567685727,3.973509761705003,-0.4437609157453283,1.325265802176795
95.0,144.0,129.98428344726562,-0.03955298261788,2.680059950809678,-4.116956632370639,-3.679215432032359,-1.9264593403843584,1.3384838941204178,-0.0970836571086628,3.973509761705003,-0.4437610052529931,1.3252658026482411
95.0,144.0,130.00413513183594,-0.039552984274268,2.6917886673610685,-4.116956632283188,-3.6792143045263535,-1.926459356347868,1.3384838976257876,-0.0970836571086808,3.973509761714348,-0.4437611658019756,1.325265812258217
95.0,144.0,130.0055389404297,-0.0395529775514594,2.692083489005932,-4.116956621518216,-3.6791927591390174,-1.92645944259341,1.338483894097842,-0.0970836571367568,3.973509761627877,-0.4437610853520486,1.325265803623731
95.0,144.0,130.00704956054688,-0.0395502733659761,2.692342098943864,-4.116956618488874,-3.6791930586615726,-1.92645861556793,1.3384838974970497,-0.0970836571066276,3.973509762459741,-0.4437649431359394,1.32526580225925
95.0,144.0,130.00738525390625,-0.0395502649496798,2.6923966327623265,-4.116956621905789,-3.6791927591390174,-1.9264585868130253,1.3384838977122642,-0.0970836571087099,3.973509782518093,-0.4437649431359394,1.3252658023138215
95.0,144.0,130.00799560546875,-0.0395502649496798,2.69249090638767,-4.1169566187428766,-3.6791927591390174,-1.9264586257245973,1.338483894097842,-0.0970836571087099,3.973509739873837,-0.443764942849069,1.3252658022648194
95.0,144.0,130.00799560546875,-0.0395527284717083,2.6924925041764856,-4.11695662151887,-3.6791927591390174,-1.926458562608488,1.3384838974959754,-0.0970836571087002,3.97350976245974,-0.4437649427381966,1.3252658022623822
95.0,144.0,130.00799560546875,-0.0395498348557888,2.692490759763293,-4.1169566187428766,-3.6791927591390174,-1.9264588083530736,1.3384838974579965,-0.0970836571065559,3.9735097623386735,-0.4437649431359394,1.325265802239055
95.0,144.0,130.00816345214844,-0.0395526499467667,2.692517702592819,-4.116956621554346,-3.679194008585288,-1.9264593354407185,1.338483893867796,-0.0970836571368095,3.973509759282009,-0.4437649395431887,1.325265802263237
95.0,144.0,130.00816345214844,-0.0395526474126073,2.692517702592819,-4.116956488828476,-3.679194008585288,-1.9264593354407185,1.338483893867796,-0.0970836571368095,3.973509759282009,-0.4437643521714271,1.3252658023009107
95.0,144.0,130.00816345214844,-0.0395526499467667,2.692517702592819,-4.116956621554346,-3.679194103680431,-1.9264588314044209,1.3384838938097323,-0.0970836571348678,3.973509759282009,-0.4437649395431887,1.3252658008425522
95.0,144.0,130.0081787109375,-0.0395502872666985,2.692520029447212,-4.1169566187428215,-3.6791927591390174,-1.9264586257245973,1.338483894097842,-0.0970836571087099,3.9735097408414606,-0.443764942849069,1.3252658022648194
95.0,144.0,130.0081787109375,-0.0395526780061998,2.692517702592819,-4.116956621885014,-3.679152776034001,-1.9264588266236324,1.338483893876354,-0.0970836571348678,3.973509759282009,-0.4437649395431887,1.3252658007716094
95.0,144.0,130.0081787109375,-0.0395497855569446,2.6925206985025043,-4.116956537993895,-3.6791927591390174,-1.9264585825110785,1.3384838973498576,-0.0970836571087099,3.973509771997078,-0.4437649323513971,1.3252658022641588
95.0,144.0,130.0081787109375,-0.039550187790703,2.692520029447212,-4.116956616989225,-3.6791927586281457,-1.9264586249096152,1.338483894097842,-0.097083657113435,3.9735097636837455,-0.4437648945225258,1.3252658022648194
95.0,144.0,130.0081787109375,-0.0395497855569446,2.6925206985025043,-4.116956523808802,-3.6791927591390174,-1.926458582746259,1.3384838977025997,-0.0970836571087099,3.973509771997078,-0.4437649323513971,1.3252658022641588
95.0,144.0,130.00820922851562,-0.0395528804669825,2.692524135596544,-4.116956621673992,-3.6791927591390174,-1.9264592981831363,1.338483894097842,-0.0970836571367568,3.9735097408414606,-0.443764942849069,1.3252658022632418
95.0,144.0,130.00823974609375,-0.039552863836636,2.6925278998839355,-4.1169566187428766,-3.6791928102070943,-1.9264593787128128,1.338483898575664,-0.0970836571087099,3.9735097616933968,-0.443764384311593,1.3252658022641588
95.0,144.0,130.00828552246094,-0.0395501792308986,2.692536056637015,-4.1169566168764975,-3.679192677390682,-1.9264586249028608,1.3384838974970497,-0.0970836571138196,3.973509762459741,-0.4437643583249105,1.3252658022352402
95.0,144.0,130.00843811035156,-0.0395502649496798,2.692559711610664,-4.1169566187428766,-3.6791927591390174,-1.9264586249028608,1.3384838974970497,-0.0970836571087099,3.973509762459741,-0.4437649431359394,1.3252658022641588
95.0,144.0,130.00843811035156,-0.0395502649496798,2.692559711610664,-4.1169566187428766,-3.6791927591390174,-1.9264586257245973,1.3384838939896793,-0.0970836571087099,3.9735097616933968,-0.4437649431359394,1.3252658022641588
95.0,144.0,130.00843811035156,-0.0395502649496798,2.692559711610664,-4.11695661564197,-3.6791970784487966,-1.9264586257245973,1.3384838941495576,-0.0970836571087099,3.9735097616933968,-0.4437649431359394,1.3252658021126036
95.0,144.0,130.00843811035156,-0.0395526499467667,2.692559711610664,-4.116956621554346,-3.6791927591390174,-1.926459356405681,1.3384838938690025,-0.0970836571368095,3.9735097616933968,-0.4437649395431887,1.325265802263237
95.0,144.0,130.00843811035156,-0.0395525606504196,2.692559711610664,-4.1169566187428766,-3.6791927591390174,-1.9264588083530736,1.3384838974970497,-0.0970836571065559,3.973509762459741,-0.4437649431359394,1.32526580087222
95.0,144.0,130.00843811035156,-0.0395525651189853,2.692559711610664,-4.116956618920438,-3.6791927591390174,-1.926459356405681,1.3384838974959754,-0.0970836571095185,3.973509762451296,-0.4437649395133555,1.3252658022624455
95.0,144.0,130.00843811035156,-0.0395526503235859,2.692559711610664,-4.11695662151887,-3.6791927591390174,-1.926459356405681,1.3384838974959754,-0.0970836571095185,3.973509762451296,-0.4437649395439813,1.3252658022624242
95.0,144.0,130.00843811035156,-0.0395497855569446,2.692559711610664,-4.116956537993895,-3.6791927591390174,-1.9264585825110785,1.3384838974970497,-0.0970836571087099,3.973509771997078,-0.4437651933447543,1.3252658022641588
95.0,144.0,130.00843811035156,-0.0395525606504196,2.692559711610664,-4.1169566187428766,-3.6791927591390174,-1.926458817674462,1.3384838974970497,-0.0970836571065559,3.973509762459741,-0.4437649431500347,1.32526580087222
95.0,144.0,130.00843811035156,-0.039550177189151,2.6925590025539483,-4.116956616925343,-3.6791926708589626,-1.9264586257245973,1.3384838975815745,-0.0970836571087099,3.9735097616933968,-0.4437649431359394,1.3252658022637849
95.0,144.0,130.00843811035156,-0.0395502649496798,2.692559711610664,-4.1169566187428766,-3.6791927591390174,-1.9264586249028608,1.3384838974970497,-0.0970836571087099,3.973509762459741,-0.4437649431359394,1.3252658022641588
95.0,144.0,130.00843811035156,-0.0395527284717083,2.692559711610664,-4.11695662151887,-3.6791927591390174,-1.9264593618104788,1.3384838974959754,-0.0970836571095185,3.97350976245974,-0.4437649393068066,1.3252658022623822
95.0,144.0,130.00843811035156,-0.0395526499467667,2.692559711610664,-4.116956621262109,-3.6791927591390174,-1.926459356405681,1.3384838938990586,-0.0970836571373294,3.9735097616818,-0.4437649395431887,1.325265802262435
95.0,145.0,129.93800354003906,-0.0395526981368726,2.680755122936445,-4.116956632694745,-3.6791927591390174,-1.9264593949059805,1.3384838972358055,-0.0970836571087099,3.97048443069962,-0.4437649431359394,1.325265802300017
95.0,145.0,129.9832305908203,-0.0395502644798405,2.6816937573869577,-4.1169566187428766,-3.6791927591390174,-1.9264588083530736,1.3384838974579965,-0.0970836571086283,3.9735097623386735,-0.4437649431359394,1.325265802239055
95.0,145.0,129.98324584960938,-0.0395529721608891,2.6815949942375346,-4.116956615639155,-3.679192135012658,-1.9264593563492385,1.3384838977593705,-0.0970836567401288,3.973509761705008,-0.4437609085396856,1.3252658022156278
95.0,145.0,129.98326110839844,-0.0395502491970661,2.6815305349891063,-4.116956616699078,-3.6791928728217353,-1.9264586294464243,1.3384838938454144,-0.097083656768733,3.973509761705003,-0.4437609146897987,1.3252658022682349
95.0,145.0,129.98338317871094,-0.0395527853223852,2.6812145419881848,-4.1169566187446485,-3.679193886645023,-1.92645882226696,1.3384838974954922,-0.0970836571065379,3.973509762450397,-0.4437647825869569,1.325265800705842
95.0,145.0,129.98341369628906,-0.0395527820608786,2.6811529694526697,-4.116956620069709,-3.679215432032359,-1.926459356347868,1.3384838976229787,-0.0970836571086628,3.973509761705003,-0.4437610052529931,1.3252658118285123
95.0,145.0,129.9837188720703,-0.0395527943690622,2.680773690197663,-4.116956632161909,-3.679197496530074,-1.926458577795071,1.3384838979249194,-0.0970836571087099,3.973509784629064,-0.44376508294947,1.325265802302014
95.0,145.0,129.98374938964844,-0.0395502649496798,2.680755122936445,-4.1169566187428766,-3.6791927591390174,-1.9264585868130253,1.3384838977122642,-0.0970836571087099,3.9735097830497166,-0.4437649431359394,1.325265802300017
95.0,145.0,129.98374938964844,-0.0395503943164084,2.680755122936445,-4.1169566187428766,-3.679192733559472,-1.9264585868130253,1.3384838977122642,-0.0970836571087099,3.973509782635109,-0.4437610687044184,1.325265802300017
95.0,145.0,129.98374938964844,-0.0395502649496798,2.680755122936445,-4.1169566329279705,-3.6791927591390174,-1.9264585865778447,1.3384838973595223,-0.0970836571087099,3.9735097830497166,-0.4437649431359394,1.325265802300017
95.0,145.0,129.98374938964844,-0.0395503943164084,2.680755122936445,-4.1169566187428766,-3.679192733559472,-1.9264585870898376,1.3384838979177336,-0.0970836571087099,3.973509782638798,-0.4437651091597026,1.325265802300017
95.0,145.0,129.98374938964844,-0.0395503943164084,2.680755122936445,-4.1169566187428766,-3.679192733559472,-1.9264585870898376,1.3384838979177336,-0.0970836571087099,3.973509782638798,-0.4437651091597026,1.325265802300017
95.0,145.0,129.9838409423828,-0.0395529545584469,2.6806544573049123,-4.11695661636841,-3.6791936264244094,-1.926459459664586,1.338483897457133,-0.0970836567839314,3.973509761705003,-0.4437610052529931,1.3252658036823073
95.0,145.0,129.98394775390625,-0.03955298261788,2.680533291140644,-4.116956618495509,-3.6792148962401865,-1.9264593408748645,1.338483893941843,-0.0970836571086628,3.973509761714201,-0.4437610052529931,1.3252658026482411
95.0,145.0,129.9840087890625,-0.03955298261788,2.6804556973464315,-4.116956632658883,-3.679216081420973,-1.9264593403843584,1.3384838941204178,-0.0970836571086628,3.973509761705003,-0.4437610052529931,1.3252658026482411
95.0,145.0,129.9840087890625,-0.03955298261788,2.6804556973464315,-4.116956632658883,-3.679216081420973,-1.9264593403843584,1.3384838941204178,-0.0970836571086628,3.973509761705003,-0.4437610052529931,1.3252658026482411
95.0,145.0,129.9840087890625,-0.03955298261788,2.680455114881736,-4.116956632658883,-3.67921541318213,-1.9264593408748645,1.3384838941204178,-0.0970836571086628,3.973509761705003,-0.4437610052529931,1.3252658026482411
95.0,145.0,129.9840087890625,-0.03955298261788,2.6804556973464315,-4.116956633345299,-3.679216178533139,-1.926458582402888,1.338483897624505,-0.0970836571086626,3.973509761705003,-0.4437608119202171,1.3252658023098751
95.0,145.0,129.98402404785156,-0.03955298261788,2.680441820993725,-4.116956632283188,-3.679215432032359,-1.926459356347868,1.33848389762423,-0.0970836571086628,3.973509761705003,-0.4437610052529931,1.3252658121184648
95.0,145.0,129.98402404785156,-0.03955298261788,2.680441820993725,-4.116956632283188,-3.679215432032359,-1.926459356347868,1.33848389762423,-0.0970836571086628,3.973509761705003,-0.4437610052529931,1.3252658121184648
95.0,145.0,129.98402404785156,-0.0395529545584469,2.680441820993725,-4.11695661636841,-3.679193756466291,-1.926459447403237,1.3384838975576083,-0.0970836567839314,3.973509761705003,-0.4437610052529931,1.3252658036823073
95.0,145.0,129.98402404785156,-0.03955298261788,2.680441820993725,-4.116956632283188,-3.679215432032359,-1.926459356347868,1.33848389762423,-0.0970836571086628,3.973509761705003,-0.4437610052529931,1.3252658121184648
95.0,145.0,129.98402404785156,-0.0395529721608891,2.680441820993725,-4.116956632283188,-3.679215432032359,-1.9264593563492385,1.33848389762423,-0.0970836571086628,3.97350976170444,-0.4437609085396856,1.3252658022156278
95.0,145.0,129.98402404785156,-0.0395530799067496,2.6804506223956466,-4.1169566187428766,-3.679192733559472,-1.926458614733728,1.3384838977122642,-0.0970836571534967,3.973509758897909,-0.4437610020882087,1.325265802300017
95.0,145.0,129.98402404785156,-0.03955298261788,2.680441820993725,-4.116956632283188,-3.679215432032359,-1.926459356347868,1.33848389762423,-0.0970836571086628,3.973509761705003,-0.4437610052529931,1.3252658121184648
95.0,145.0,129.9840545654297,-0.0395527943690622,2.68041362942124,-4.116956632161909,-3.67919720985624,-1.926459373982788,1.3384838977088864,-0.0970836571087099,3.973509784629064,-0.4437644236771715,1.325265802302014
95.0,145.0,129.9840545654297,-0.03955298261788,2.680441820993725,-4.116956616699078,-3.67915242881986,-1.926459442622449,1.33848389762423,-0.0970836567839314,3.973509761705003,-0.4437610052529931,1.3252658036113645
95.0,145.0,129.98406982421875,-0.0395530022321928,2.6803985113079007,-4.116956616686778,-3.679192859286142,-1.9264586265709231,1.3384838938075208,-0.0970836567685727,3.973509761705003,-0.4437609157453283,1.325265802176795
95.0,145.0,129.98406982421875,-0.0395502491970661,2.6803773617452977,-4.116956633343111,-3.6792161698414367,-1.9264586294464243,1.3384838937102743,-0.097083657137267,3.9735097617044346,-0.4437609146897987,1.3252658022682349
95.0,145.0,129.98428344726562,-0.03955298261788,2.680059950809678,-4.116956632370639,-3.679215432032359,-1.9264593403843584,1.3384838941204178,-0.0970836571086628,3.973509761705003,-0.4437610052529931,1.3252658026482411
95.0,145.0,130.0033416748047,-0.039549835325628,2.6915521253127803,-4.1169566187428766,-3.6791927591390174,-1.9264585868130253,1.3384838977122642,-0.0970836571066375,3.9735097830497166,-0.4437649431359394,1.325265802300017
95.0,145.0,130.00413513183594,-0.039552984274268,2.6917886673610685,-4.116956632283188,-3.6792143045263535,-1.926459356347868,1.3384838976257876,-0.0970836571086808,3.973509761714348,-0.4437611658019756,1.325265812258217
95.0,145.0,130.0045166015625,-0.039552984274268,2.691877022060911,-4.116956632283188,-3.679193203586306,-1.9264585836427244,1.3384838976252569,-0.0970836571086808,3.973509761714348,-0.4437611658019756,1.325265812258217
95.0,145.0,130.0055389404297,-0.0395529775514594,2.692083489005932,-4.116956621518216,-3.6791927591390174,-1.92645944259341,1.338483894097842,-0.0970836571367568,3.973509761627877,-0.4437610853520486,1.325265803623731
95.0,145.0,130.00704956054688,-0.0395502733659761,2.692342098943864,-4.116956618488874,-3.6791930586615726,-1.92645861556793,1.3384838974970497,-0.0970836571066276,3.973509762459741,-0.4437649431359394,1.32526580225925
95.0,145.0,130.00738525390625,-0.0395502649496798,2.6923966327623265,-4.116956621905789,-3.6791927591390174,-1.9264585868130253,1.3384838977122642,-0.0970836571087099,3.973509782518093,-0.4437649431359394,1.3252658023138215
95.0,145.0,130.00775146484375,-0.0395529711062782,2.6924516426984155,-4.116956537993895,-3.67919201050774,-1.9264585698554584,1.3384838973498576,-0.0970836571087109,3.973509771997078,-0.4437649323513971,1.3252658022641588
95.0,145.0,130.00799560546875,-0.0395502649496798,2.69249090638767,-4.1169566187428766,-3.6791927591390174,-1.9264586257245973,1.338483894097842,-0.0970836571087099,3.973509739873837,-0.443764942849069,1.3252658022648194
95.0,145.0,130.00799560546875,-0.0395527284717083,2.6924925041764856,-4.11695662151887,-3.6791927591390174,-1.926458562608488,1.3384838974959754,-0.0970836571087002,3.97350976245974,-0.4437649427381966,1.3252658022623822
95.0,145.0,130.00799560546875,-0.0395498348557888,2.692490759763293,-4.1169566187428766,-3.6791927591390174,-1.9264588083530736,1.3384838974579965,-0.0970836571065559,3.9735097623386735,-0.4437649431359394,1.325265802239055
95.0,145.0,130.00816345214844,-0.0395526499467667,2.692517702592819,-4.116956621554346,-3.679194008585288,-1.9264593354407185,1.338483893867796,-0.0970836571368095,3.973509759282009,-0.4437649395431887,1.325265802263237
95.0,145.0,130.00816345214844,-0.0395526474126073,2.692517702592819,-4.116956488828476,-3.679194008585288,-1.9264593354407185,1.338483893867796,-0.0970836571368095,3.973509759282009,-0.4437643521714271,1.3252658023009107
95.0,145.0,130.00816345214844,-0.0395526499467667,2.692517702592819,-4.116956621554346,-3.679194103680431,-1.9264588314044209,1.3384838938097323,-0.0970836571348678,3.973509759282009,-0.4437649395431887,1.3252658008425522
95.0,145.0,130.00816345214844,-0.0395526499467667,2.692517702592819,-4.116956621554346,-3.679194203727408,-1.9264593353602155,1.3384838941225503,-0.0970836571368095,3.973509761651015,-0.4437610302922863,1.3252658026672497
95.0,145.0,130.0081787109375,-0.0395502872666985,2.692520029447212,-4.1169566187428215,-3.6791927591390174,-1.9264586257245973,1.338483894097842,-0.0970836571087099,3.9735097408414606,-0.443764942849069,1.3252658022648194
95.0,145.0,130.0081787109375,-0.0395526780061998,2.692517702592819,-4.116956621885014,-3.679152776034001,-1.9264588266236324,1.338483893876354,-0.0970836571348678,3.973509759282009,-0.4437649395431887,1.3252658007716094
95.0,145.0,130.0081787109375,-0.0395497855569446,2.6925206985025043,-4.116956537993895,-3.6791927591390174,-1.9264585825110785,1.3384838973498576,-0.0970836571087099,3.973509771997078,-0.4437649323513971,1.3252658022641588
95.0,145.0,130.0081787109375,-0.039550187790703,2.692520029447212,-4.116956616989225,-3.6791927586281457,-1.9264586249096152,1.338483894097842,-0.097083657113435,3.9735097636837455,-0.4437648945225258,1.3252658022648194
95.0,145.0,130.0081787109375,-0.0395497855569446,2.6925206985025043,-4.116956523808802,-3.6791927591390174,-1.926458582746259,1.3384838977025997,-0.0970836571087099,3.973509771997078,-0.4437649323513971,1.3252658022641588
95.0,145.0,130.0081787109375,-0.039550187790703,2.692520029447212,-4.116956616989225,-3.6791927586281457,-1.9264586249096152,1.338483894097842,-0.097083657113435,3.9735097636837455,-0.4437648945225258,1.3252658022648194
95.0,146.0,129.93800354003906,-0.0395526981368726,2.680755122936445,-4.116956632694745,-3.6791927591390174,-1.9264593949059805,1.3384838972358055,-0.0970836571087099,3.97048443069962,-0.4437649431359394,1.325265802300017
95.0,146.0,129.93800354003906,-0.0395526981368726,2.680755122936445,-4.116956619035825,-3.6791927591390174,-1.9264585944628665,1.3384838972358055,-0.0970836571087099,3.97048443069962,-0.4437649431359394,1.325265802300017
95.0,146.0,129.93801879882812,-0.0395526900056474,2.680748548829021,-4.116956632694745,-3.6791927591390174,-1.9264593573323792,1.3384838976224709,-0.0970836571086656,3.97048443069962,-0.4437649431359394,1.325265802300017
95.0,146.0,129.9832305908203,-0.0395502644798405,2.6816937573869577,-4.1169566187428766,-3.6791927591390174,-1.9264588083530736,1.3384838974579965,-0.0970836571086283,3.9735097623386735,-0.4437649431359394,1.325265802239055
95.0,146.0,129.98324584960938,-0.0395529721608891,2.6815949942375346,-4.116956615639155,-3.679192135012658,-1.9264593563492385,1.3384838977593705,-0.0970836567401288,3.973509761705008,-0.4437609085396856,1.3252658022156278
95.0,146.0,129.98324584960938,-0.0395504149707947,2.6815949942375346,-4.1169566153080215,-3.679192135012658,-1.9264593563492385,1.338483897755943,-0.0970836567401288,3.973509761705008,-0.443764944030725,1.3252658022156278
95.0,146.0,129.98326110839844,-0.0395502491970661,2.6815305349891063,-4.116956616699078,-3.6791928728217353,-1.9264586294464243,1.3384838938454144,-0.097083656768733,3.973509761705003,-0.4437609146897987,1.3252658022682349
95.0,146.0,129.98326110839844,-0.0395502518592422,2.6815271800360416,-4.116956616821553,-3.679192868122841,-1.9264586294464243,1.3384838978738365,-0.097083656779332,3.973509761705003,-0.443760724841614,1.325265802300211
95.0,146.0,129.98338317871094,-0.0395527853223852,2.6812145419881848,-4.1169566187446485,-3.679193886645023,-1.92645882226696,1.3384838974954922,-0.0970836571065379,3.973509762450397,-0.4437647825869569,1.325265800705842
95.0,146.0,129.98341369628906,-0.0395527820608786,2.6811529694526697,-4.116956620069709,-3.679215432032359,-1.926459356347868,1.3384838976229787,-0.0970836571086628,3.973509761705003,-0.4437610052529931,1.3252658118285123
95.0,146.0,129.9837188720703,-0.0395527943690622,2.680773690197663,-4.116956632161909,-3.679197496530074,-1.926458577795071,1.3384838979249194,-0.0970836571087099,3.973509784629064,-0.44376508294947,1.325265802302014
95.0,146.0,129.9837188720703,-0.0395505310790963,2.680770404372237,-4.116956616699078,-3.679197441396002,-1.9264586294464243,1.3384838938454144,-0.097083656768733,3.9735097611262815,-0.4437609146897987,1.325265802268956
95.0,146.0,129.98373413085938,-0.0395503943164084,2.680753857121832,-4.116956633186103,-3.679215118751023,-1.9264585733880268,1.3384838979177336,-0.0970836571086625,3.9735097838006728,-0.4437651091597026,1.3252658027073083
95.0,146.0,129.98374938964844,-0.0395502649496798,2.680755122936445,-4.1169566187428766,-3.6791927591390174,-1.9264585868130253,1.3384838977122642,-0.0970836571087099,3.9735097830497166,-0.4437649431359394,1.325265802300017
95.0,146.0,129.98374938964844,-0.0395503943164084,2.680755122936445,-4.1169566187428766,-3.679192733559472,-1.9264585868130253,1.3384838977122642,-0.0970836571087099,3.973509782635109,-0.4437610687044184,1.325265802300017
95.0,146.0,129.98374938964844,-0.0395502649496798,2.680755122936445,-4.1169566329279705,-3.6791927591390174,-1.9264585865778447,1.3384838973595223,-0.0970836571087099,3.9735097830497166,-0.4437649431359394,1.325265802300017
95.0,146.0,129.98374938964844,-0.0395503943164084,2.680755122936445,-4.1169566187428766,-3.679192733559472,-1.9264585870898376,1.3384838979177336,-0.0970836571087099,3.973509782638798,-0.4437651091597026,1.325265802300017
95.0,146.0,129.98374938964844,-0.0395503943164084,2.680755122936445,-4.1169566187428766,-3.679192733559472,-1.9264585870898376,1.3384838979177336,-0.0970836571087099,3.973509782638798,-0.4437651091597026,1.325265802300017
95.0,146.0,129.98374938964844,-0.0395503943164084,2.680755122936445,-4.1169566187428766,-3.679192733559472,-1.9264585870898376,1.3384838979177336,-0.0970836571087099,3.973509782638798,-0.4437651091597026,1.325265802300017
95.0,146.0,129.98374938964844,-0.0395528221397741,2.680755122936445,-4.11695661907401,-3.6791927591390174,-1.9264585868130253,1.3384838977156917,-0.0970836571087099,3.9735097830497166,-0.4437609076449,1.325265802300017
95.0,146.0,129.98374938964844,-0.0395503943164084,2.680755122936445,-4.1169566187428766,-3.679192733559472,-1.9264585870898376,1.3384838979177336,-0.0970836571087099,3.973509782638798,-0.4437651091597026,1.325265802300017
95.0,146.0,129.9838409423828,-0.0395529545584469,2.6806544573049123,-4.11695661636841,-3.6791936264244094,-1.926459459664586,1.338483897457133,-0.0970836567839314,3.973509761705003,-0.4437610052529931,1.3252658036823073
95.0,146.0,129.9838409423828,-0.0395529545584469,2.6806544573049123,-4.11695661636841,-3.6791936264244094,-1.926459459664586,1.338483897457133,-0.0970836567839314,3.973509761705003,-0.4437610052529931,1.3252658036823073
95.0,146.0,129.98394775390625,-0.03955298261788,2.680533291140644,-4.116956618495509,-3.6792148962401865,-1.9264593408748645,1.338483893941843,-0.0970836571086628,3.973509761714201,-0.4437610052529931,1.3252658026482411
95.0,146.0,129.98394775390625,-0.03955298261788,2.680533291140644,-4.116956618495509,-3.6792148962401865,-1.926459327901474,1.338483893941843,-0.0970836571085348,3.973509761712957,-0.4437610052529931,1.325265802261605
95.0,146.0,129.98394775390625,-0.0395502897956771,2.680533291140644,-4.116956618495509,-3.6792148962401865,-1.9264593482360075,1.338483893941843,-0.0970836571086632,3.9735097623456728,-0.4437610052529931,1.3252658026557262
95.0,146.0,129.9840087890625,-0.03955298261788,2.6804556973464315,-4.116956632658883,-3.679216081420973,-1.9264593403843584,1.3384838941204178,-0.0970836571086628,3.973509761705003,-0.4437610052529931,1.3252658026482411
95.0,146.0,129.9840087890625,-0.03955298261788,2.6804556973464315,-4.116956632658883,-3.679216081420973,-1.9264593403843584,1.3384838941204178,-0.0970836571086628,3.973509761705003,-0.4437610052529931,1.3252658026482411
95.0,146.0,129.9840087890625,-0.03955298261788,2.680455114881736,-4.116956632658883,-3.67921541318213,-1.9264593408748645,1.3384838941204178,-0.0970836571086628,3.973509761705003,-0.4437610052529931,1.3252658026482411
95.0,146.0,129.9840087890625,-0.03955298261788,2.6804556973464315,-4.116956633345299,-3.679216178533139,-1.926458582402888,1.338483897624505,-0.0970836571086626,3.973509761705003,-0.4437608119202171,1.3252658023098751
95.0,146.0,129.98402404785156,-0.03955298261788,2.680441820993725,-4.116956632283188,-3.679215432032359,-1.926459356347868,1.33848389762423,-0.0970836571086628,3.973509761705003,-0.4437610052529931,1.3252658121184648
95.0,146.0,129.98402404785156,-0.03955298261788,2.680441820993725,-4.116956632283188,-3.679215432032359,-1.926459356347868,1.33848389762423,-0.0970836571086628,3.973509761705003,-0.4437610052529931,1.3252658121184648
95.0,146.0,129.98402404785156,-0.0395529545584469,2.680441820993725,-4.11695661636841,-3.679193756466291,-1.926459447403237,1.3384838975576083,-0.0970836567839314,3.973509761705003,-0.4437610052529931,1.3252658036823073
95.0,146.0,129.98402404785156,-0.03955298261788,2.680441820993725,-4.116956632283188,-3.679215432032359,-1.926459356347868,1.33848389762423,-0.0970836571086628,3.973509761705003,-0.4437610052529931,1.3252658121184648
95.0,146.0,129.98402404785156,-0.0395529721608891,2.680441820993725,-4.116956632283188,-3.679215432032359,-1.9264593563492385,1.33848389762423,-0.0970836571086628,3.97350976170444,-0.4437609085396856,1.3252658022156278
95.0,146.0,129.98402404785156,-0.0395530799067496,2.6804506223956466,-4.1169566187428766,-3.679192733559472,-1.926458614733728,1.3384838977122642,-0.0970836571534967,3.973509758897909,-0.4437610020882087,1.325265802300017
95.0,146.0,129.98402404785156,-0.03955298261788,2.680441820993725,-4.116956632283188,-3.679215432032359,-1.926459356347868,1.33848389762423,-0.0970836571086628,3.973509761705003,-0.4437610052529931,1.3252658121184648
95.0,146.0,129.98402404785156,-0.03955298261788,2.6804416335191465,-4.116956633309039,-3.679215268841456,-1.926459442622449,1.33848389762423,-0.0970836571109761,3.973509761705003,-0.4437610164294565,1.3252658036113645
95.0,146.0,129.98402404785156,-0.03955298261788,2.680441820993725,-4.116956632283188,-3.679215399431848,-1.926458604930965,1.33848389762423,-0.0970836571086633,3.973509761705003,-0.4437610052529931,1.3252658122580274
95.0,146.0,129.98402404785156,-0.0395528628428988,2.6804506223956466,-4.1169566187428766,-3.679192733559472,-1.926458616862928,1.3384838977122642,-0.0970836571534967,3.973509760314676,-0.4437610714194204,1.325265802300017
95.0,146.0,129.98402404785156,-0.0395502208017125,2.6804556973464315,-4.116956632658883,-3.679192507245452,-1.9264593403843584,1.3384838941204178,-0.0970836571086628,3.973509761705003,-0.4437610052529931,1.3252658026482411
95.0,146.0,129.98402404785156,-0.03955298261788,2.680443086808339,-4.116956617839961,-3.679193046840806,-1.9264593700496784,1.33848389762423,-0.0970836571087103,3.973509760543128,-0.4437610052529931,1.3252658117111735
95.0,146.0,129.9840545654297,-0.0395527943690622,2.68041362942124,-4.116956632161909,-3.67919720985624,-1.926459373982788,1.3384838977088864,-0.0970836571087099,3.973509784629064,-0.4437644236771715,1.325265802302014
95.0,146.0,129.9840545654297,-0.03955298261788,2.680441820993725,-4.116956616699078,-3.67915242881986,-1.926459442622449,1.33848389762423,-0.0970836567839314,3.973509761705003,-0.4437610052529931,1.3252658036113645
95.0,146.0,129.9840545654297,-0.0395529711205417,2.680403020387488,-4.1169566329279705,-3.679215568819167,-1.9264585865778447,1.3384838973566235,-0.097083657108708,3.973509783161326,-0.4437607635766548,1.325265802300017
95.0,146.0,129.98406982421875,-0.0395530022321928,2.6803985113079007,-4.116956616686778,-3.679192859286142,-1.9264586265709231,1.3384838938075208,-0.0970836567685727,3.973509761705003,-0.4437609157453283,1.325265802176795
95.0,146.0,129.98406982421875,-0.0395502491970661,2.6803773617452977,-4.116956633343111,-3.6792161698414367,-1.9264586294464243,1.3384838937102743,-0.097083657137267,3.9735097617044346,-0.4437609146897987,1.3252658022682349
95.0,146.0,129.9840850830078,-0.0395502491127724,2.6803773617452977,-4.116956633343111,-3.679193347270042,-1.9264586294464243,1.3384838974988558,-0.097083657137267,3.9735097617044346,-0.4437610103306873,1.3252658022686352
95.0,146.0,129.98428344726562,-0.03955298261788,2.680059950809678,-4.116956632370639,-3.679215432032359,-1.9264593403843584,1.3384838941204178,-0.0970836571086628,3.973509761705003,-0.4437610052529931,1.3252658026482411
95.0,146.0,129.9861602783203,-0.0395529907491052,2.678926102544779,-4.116956632283188,-3.679215432032359,-1.9264593939214687,1.3384838972375652,-0.0970836571087072,3.973509761705003,-0.4437610052529931,1.3252658121184648
95.0,147.0,129.93800354003906,-0.0395526981368726,2.680755122936445,-4.116956632694745,-3.6791927591390174,-1.9264593949059805,1.3384838972358055,-0.0970836571087099,3.97048443069962,-0.4437649431359394,1.325265802300017
95.0,147.0,129.93800354003906,-0.0395526981368726,2.680755122936445,-4.116956619035825,-3.6791927591390174,-1.9264585944628665,1.3384838972358055,-0.0970836571087099,3.97048443069962,-0.4437649431359394,1.325265802300017
95.0,147.0,129.93800354003906,-0.0395503881997959,2.680755122936445,-4.116956632694745,-3.6791927591390174,-1.9264593910308048,1.3384838979129283,-0.0970836571087099,3.97048443069962,-0.4437649431359394,1.325265802300017
95.0,147.0,129.93800354003906,-0.0395526981368726,2.680755122936445,-4.116956632442818,-3.6791927591390174,-1.9264585944628665,1.3384838972358055,-0.0970836571087099,3.97048443069962,-0.4437650835043998,1.3252658022999524
95.0,147.0,129.93801879882812,-0.0395526900056474,2.680748548829021,-4.116956632694745,-3.6791927591390174,-1.9264593573323792,1.3384838976224709,-0.0970836571086656,3.97048443069962,-0.4437649431359394,1.325265802300017
95.0,147.0,129.9832305908203,-0.0395502644798405,2.6816937573869577,-4.1169566187428766,-3.6791927591390174,-1.9264588083530736,1.3384838974579965,-0.0970836571086283,3.9735097623386735,-0.4437649431359394,1.325265802239055
95.0,147.0,129.98324584960938,-0.0395529721608891,2.6815949942375346,-4.116956615639155,-3.679192135012658,-1.9264593563492385,1.3384838977593705,-0.0970836567401288,3.973509761705008,-0.4437609085396856,1.3252658022156278
95.0,147.0,129.98324584960938,-0.0395504149707947,2.6815949942375346,-4.1169566153080215,-3.679192135012658,-1.9264593563492385,1.338483897755943,-0.0970836567401288,3.973509761705008,-0.443764944030725,1.3252658022156278
95.0,147.0,129.98324584960938,-0.0395529721608891,2.6815949942375346,-4.116956615639155,-3.6791921568321935,-1.9264585980229203,1.3384838977593705,-0.0970836567401288,3.973509782766576,-0.4437609085396856,1.3252658022156278
95.0,147.0,129.98324584960938,-0.0395503979853415,2.6815949942375346,-4.116956615307903,-3.679192135012658,-1.9264593563492385,1.3384838977593705,-0.0970836567401288,3.973509761705008,-0.4437609085396856,1.3252658022156278
95.0,147.0,129.98326110839844,-0.0395502491970661,2.6815305349891063,-4.116956616699078,-3.6791928728217353,-1.9264586294464243,1.3384838938454144,-0.097083656768733,3.973509761705003,-0.4437609146897987,1.3252658022682349
95.0,147.0,129.98326110839844,-0.0395502518592422,2.6815271800360416,-4.116956616821553,-3.679192868122841,-1.9264586294464243,1.3384838978738365,-0.097083656779332,3.973509761705003,-0.443760724841614,1.325265802300211
95.0,147.0,129.98326110839844,-0.0395502491970661,2.6815305349891063,-4.116956616699078,-3.6791928728217353,-1.9264586294464243,1.3384838938454144,-0.097083656768733,3.973509761705003,-0.4437609146897987,1.3252658022682349
95.0,147.0,129.98338317871094,-0.0395527853223852,2.6812145419881848,-4.1169566187446485,-3.679193886645023,-1.92645882226696,1.3384838974954922,-0.0970836571065379,3.973509762450397,-0.4437647825869569,1.325265800705842
95.0,147.0,129.98338317871094,-0.0395503886145977,2.6812145419881848,-4.1169566187446485,-3.679194006701932,-1.926459335666616,1.3384838977618896,-0.0970836567371511,3.973509762450397,-0.4437647825869569,1.325265802220266
95.0,147.0,129.98341369628906,-0.0395527820608786,2.6811529694526697,-4.116956620069709,-3.679215432032359,-1.926459356347868,1.3384838976229787,-0.0970836571086628,3.973509761705003,-0.4437610052529931,1.3252658118285123
95.0,147.0,129.98342895507812,-0.0395527820608786,2.6811529694526697,-4.116956620069709,-3.679192697369466,-1.926459356347868,1.3384838976151596,-0.0970836571086628,3.973509761705003,-0.4437610052529931,1.3252658111755542
95.0,147.0,129.9837188720703,-0.0395527943690622,2.680773690197663,-4.116956632161909,-3.679197496530074,-1.926458577795071,1.3384838979249194,-0.0970836571087099,3.973509784629064,-0.44376508294947,1.325265802302014
95.0,147.0,129.9837188720703,-0.0395505310790963,2.680770404372237,-4.116956616699078,-3.679197441396002,-1.9264586294464243,1.3384838938454144,-0.097083656768733,3.9735097611262815,-0.4437609146897987,1.325265802268956
95.0,147.0,129.9837188720703,-0.0395527943690622,2.680773690197663,-4.116956618754916,-3.679197496530074,-1.926458577795071,1.3384838979249194,-0.0970836571087099,3.973509784629064,-0.4437649425810095,1.325265802302079
95.0,147.0,129.98373413085938,-0.0395503943164084,2.680753857121832,-4.116956633186103,-3.679215118751023,-1.9264585733880268,1.3384838979177336,-0.0970836571086625,3.9735097838006728,-0.4437651091597026,1.3252658027073083
95.0,147.0,129.98374938964844,-0.0395502649496798,2.680755122936445,-4.1169566187428766,-3.6791927591390174,-1.9264585868130253,1.3384838977122642,-0.0970836571087099,3.9735097830497166,-0.4437649431359394,1.325265802300017
95.0,147.0,129.98374938964844,-0.0395503943164084,2.680755122936445,-4.1169566187428766,-3.679192733559472,-1.9264585868130253,1.3384838977122642,-0.0970836571087099,3.973509782635109,-0.4437610687044184,1.325265802300017
95.0,147.0,129.98374938964844,-0.0395502649496798,2.680755122936445,-4.1169566329279705,-3.6791927591390174,-1.9264585865778447,1.3384838973595223,-0.0970836571087099,3.9735097830497166,-0.4437649431359394,1.325265802300017
95.0,147.0,129.98374938964844,-0.0395503943164084,2.680755122936445,-4.1169566187428766,-3.679192733559472,-1.9264585870898376,1.3384838979177336,-0.0970836571087099,3.973509782638798,-0.4437651091597026,1.325265802300017
95.0,147.0,129.98374938964844,-0.0395503943164084,2.680755122936445,-4.1169566187428766,-3.679192733559472,-1.9264585870898376,1.3384838979177336,-0.0970836571087099,3.973509782638798,-0.4437651091597026,1.325265802300017
95.0,147.0,129.98374938964844,-0.0395503943164084,2.680755122936445,-4.1169566187428766,-3.679192733559472,-1.9264585870898376,1.3384838979177336,-0.0970836571087099,3.973509782638798,-0.4437651091597026,1.325265802300017
95.0,147.0,129.98374938964844,-0.0395528221397741,2.680755122936445,-4.11695661907401,-3.6791927591390174,-1.9264585868130253,1.3384838977156917,-0.0970836571087099,3.9735097830497166,-0.4437609076449,1.325265802300017
95.0,147.0,129.98374938964844,-0.0395503943164084,2.680755122936445,-4.1169566187428766,-3.679192733559472,-1.9264585870898376,1.3384838979177336,-0.0970836571087099,3.973509782638798,-0.4437651091597026,1.325265802300017
95.0,147.0,129.98374938964844,-0.0395502649496798,2.680755122936445,-4.1169566329279705,-3.6791927591390174,-1.9264585865778447,1.3384838979295577,-0.0970836571087099,3.973509782625917,-0.4437649431359394,1.325265802300017
95.0,147.0,129.98374938964844,-0.0395528221397741,2.680755122936445,-4.11695661907401,-3.679193028807679,-1.9264585868130253,1.338483893854372,-0.0970836571040786,3.9735097830497166,-0.4437609076449,1.3252658022995485
95.0,147.0,129.98374938964844,-0.0395502649496798,2.680755122936445,-4.1169566329279705,-3.6791927591390174,-1.9264585865778447,1.3384838977427782,-0.0970836571087099,3.9735097830497166,-0.4437649431359394,1.325265802300017
95.0,147.0,129.98374938964844,-0.0395529763374897,2.6807489824479283,-4.11695661907401,-3.6791927591390174,-1.9264585868130253,1.3384838977156917,-0.0970836571086635,3.9735097830497166,-0.4437609076016424,1.3252658022990929
95.0,147.0,129.98374938964844,-0.0395503943164084,2.680755122936445,-4.1169566187428766,-3.679192733559472,-1.9264585870898376,1.3384838973476985,-0.0970836571087099,3.973509783062597,-0.4437651091597026,1.325265802300017
95.0,147.0,129.98374938964844,-0.0395527042534851,2.680755122936445,-4.1169566187428766,-3.679192733559472,-1.9264585909650136,1.338483897240611,-0.0970836571087099,3.973509782638798,-0.4437651091597026,1.325265802300017
95.0,147.0,129.9838409423828,-0.0395529545584469,2.6806544573049123,-4.11695661636841,-3.6791936264244094,-1.926459459664586,1.338483897457133,-0.0970836567839314,3.973509761705003,-0.4437610052529931,1.3252658036823073
95.0,147.0,129.9838409423828,-0.0395529545584469,2.6806544573049123,-4.11695661636841,-3.6791936264244094,-1.926459459664586,1.338483897457133,-0.0970836567839314,3.973509761705003,-0.4437610052529931,1.3252658036823073
95.0,147.0,129.98385620117188,-0.0395530025822177,2.680641185214984,-4.1169566187428766,-3.6791936711165,-1.92645948263422,1.3384838974571482,-0.0970836571086283,3.9735097623386735,-0.4437649431359394,1.325265802239055
95.0,147.0,129.98394775390625,-0.03955298261788,2.680533291140644,-4.116956618495509,-3.6792148962401865,-1.9264593408748645,1.338483893941843,-0.0970836571086628,3.973509761714201,-0.4437610052529931,1.3252658026482411
95.0,147.0,129.98394775390625,-0.03955298261788,2.680533291140644,-4.116956618495509,-3.6792148962401865,-1.926459327901474,1.338483893941843,-0.0970836571085348,3.973509761712957,-0.4437610052529931,1.325265802261605
95.0,147.0,129.98394775390625,-0.0395502897956771,2.680533291140644,-4.116956618495509,-3.6792148962401865,-1.9264593482360075,1.338483893941843,-0.0970836571086632,3.9735097623456728,-0.4437610052529931,1.3252658026557262
95.0,147.0,129.98397827148438,-0.0395529854729641,2.6805002822123813,-4.116956631842642,-3.679216178533139,-1.926458582402888,1.338483897624505,-0.0970836571091769,3.973509761705003,-0.4437609153548322,1.3252658023098751
95.0,147.0,129.9840087890625,-0.03955298261788,2.6804556973464315,-4.116956632658883,-3.679216081420973,-1.9264593403843584,1.3384838941204178,-0.0970836571086628,3.973509761705003,-0.4437610052529931,1.3252658026482411
95.0,147.0,129.9840087890625,-0.03955298261788,2.6804556973464315,-4.116956632658883,-3.679216081420973,-1.9264593403843584,1.3384838941204178,-0.0970836571086628,3.973509761705003,-0.4437610052529931,1.3252658026482411
95.0,147.0,129.9840087890625,-0.03955298261788,2.680455114881736,-4.116956632658883,-3.67921541318213,-1.9264593408748645,1.3384838941204178,-0.0970836571086628,3.973509761705003,-0.4437610052529931,1.3252658026482411
95.0,147.0,129.9840087890625,-0.03955298261788,2.6804556973464315,-4.116956633345299,-3.679216178533139,-1.926458582402888,1.338483897624505,-0.0970836571086626,3.973509761705003,-0.4437608119202171,1.3252658023098751
95.0,147.0,129.9840087890625,-0.0395502208017125,2.6804556973464315,-4.116956632658883,-3.679215241908344,-1.9264593403843584,1.3384838941282369,-0.0970836571086628,3.973509761705003,-0.4437610052529931,1.3252658033011997
95.0,147.0,129.98402404785156,-0.03955298261788,2.680441820993725,-4.116956632283188,-3.679215432032359,-1.926459356347868,1.33848389762423,-0.0970836571086628,3.973509761705003,-0.4437610052529931,1.3252658121184648
95.0,147.0,129.98402404785156,-0.03955298261788,2.680441820993725,-4.116956632283188,-3.679215432032359,-1.926459356347868,1.33848389762423,-0.0970836571086628,3.973509761705003,-0.4437610052529931,1.3252658121184648
95.0,147.0,129.98402404785156,-0.0395529545584469,2.680441820993725,-4.11695661636841,-3.679193756466291,-1.926459447403237,1.3384838975576083,-0.0970836567839314,3.973509761705003,-0.4437610052529931,1.3252658036823073
95.0,148.0,129.93739318847656,-0.0395503881997959,2.680755122936445,-4.1169566329982805,-3.6791927591390174,-1.9264593910308048,1.3384838939228696,-0.09708365710404,3.970432537314104,-0.4437649286437897,1.325265802300017
95.0,148.0,129.93740844726562,-0.0395527953620009,2.680755194608853,-4.116956632680287,-3.6791927591390174,-1.9264585944628665,1.3384838972177575,-0.0970836571087099,3.970434267118118,-0.4437650835043998,1.3252658022999912
95.0,148.0,129.93760681152344,-0.0395502491970661,2.6815396596482426,-4.116956617884746,-3.679192872687932,-1.9264586294464243,1.3384838984947258,-0.097083656768733,3.970491501993219,-0.4437609146897987,1.3252658022683943
95.0,148.0,129.93800354003906,-0.0395526981368726,2.680755122936445,-4.116956632694745,-3.6791927591390174,-1.9264593949059805,1.3384838972358055,-0.0970836571087099,3.97048443069962,-0.4437649431359394,1.325265802300017
95.0,148.0,129.93800354003906,-0.0395526981368726,2.680755122936445,-4.116956619035825,-3.6791927591390174,-1.9264585944628665,1.3384838972358055,-0.0970836571087099,3.97048443069962,-0.4437649431359394,1.325265802300017
95.0,148.0,129.93800354003906,-0.0395503881997959,2.680755122936445,-4.116956632694745,-3.6791927591390174,-1.9264593910308048,1.3384838979129283,-0.0970836571087099,3.97048443069962,-0.4437649431359394,1.325265802300017
95.0,148.0,129.93800354003906,-0.0395526981368726,2.680755122936445,-4.116956632442818,-3.6791927591390174,-1.9264585944628665,1.3384838972358055,-0.0970836571087099,3.97048443069962,-0.4437650835043998,1.3252658022999524
95.0,148.0,129.93800354003906,-0.0395502044304739,2.680755122936445,-4.116956631521294,-3.6791927591390174,-1.926458629460133,1.33848389723637,-0.0970836567657126,3.97048443069962,-0.4437650488551773,1.3252658022999524
95.0,148.0,129.93800354003906,-0.0395527428740105,2.680755122936445,-4.116956619044117,-3.6791927591390174,-1.9264585944628665,1.3384838972358055,-0.0970836571087099,3.97048443069962,-0.4437651051176668,1.325265802300017
95.0,148.0,129.93800354003906,-0.0395526899394397,2.680755507980609,-4.116956619035825,-3.6791927591390174,-1.9264585944628665,1.3384838972358055,-0.0970836571087108,3.97048443069962,-0.4437649431359394,1.325265802300017
95.0,148.0,129.93801879882812,-0.0395526900056474,2.680748548829021,-4.116956632694745,-3.6791927591390174,-1.9264593573323792,1.3384838976224709,-0.0970836571086656,3.97048443069962,-0.4437649431359394,1.325265802300017
95.0,148.0,129.9832305908203,-0.0395502644798405,2.6816937573869577,-4.1169566187428766,-3.6791927591390174,-1.9264588083530736,1.3384838974579965,-0.0970836571086283,3.9735097623386735,-0.4437649431359394,1.325265802239055
95.0,148.0,129.9832305908203,-0.0395503979860135,2.6815949942375346,-4.116956615307903,-3.679215414118989,-1.9264593563492385,1.3384838977622997,-0.097083657092913,3.973509761705008,-0.4437609085396856,1.3252658021998034
95.0,148.0,129.98324584960938,-0.0395529721608891,2.6815949942375346,-4.116956615639155,-3.679192135012658,-1.9264593563492385,1.3384838977593705,-0.0970836567401288,3.973509761705008,-0.4437609085396856,1.3252658022156278
95.0,148.0,129.98324584960938,-0.0395504149707947,2.6815949942375346,-4.1169566153080215,-3.679192135012658,-1.9264593563492385,1.338483897755943,-0.0970836567401288,3.973509761705008,-0.443764944030725,1.3252658022156278
95.0,148.0,129.98324584960938,-0.0395529721608891,2.6815949942375346,-4.116956615639155,-3.6791921568321935,-1.9264585980229203,1.3384838977593705,-0.0970836567401288,3.973509782766576,-0.4437609085396856,1.3252658022156278
95.0,148.0,129.98324584960938,-0.0395503979853415,2.6815949942375346,-4.116956615307903,-3.679192135012658,-1.9264593563492385,1.3384838977593705,-0.0970836567401288,3.973509761705008,-0.4437609085396856,1.3252658022156278
95.0,148.0,129.98324584960938,-0.0395529721608891,2.6815949942375346,-4.116956615639155,-3.67919217560596,-1.9264585870492144,1.338483897776207,-0.0970836566982689,3.973509782766576,-0.4437606918731994,1.3252658022156278
95.0,148.0,129.98324584960938,-0.0395529721608891,2.68160637082198,-4.116956615639155,-3.6791921414592,-1.9264593563492385,1.3384838977593705,-0.0970836567289382,3.973509783900877,-0.4437606555553581,1.3252658022156278
95.0,148.0,129.98326110839844,-0.0395502491970661,2.6815305349891063,-4.116956616699078,-3.6791928728217353,-1.9264586294464243,1.3384838938454144,-0.097083656768733,3.973509761705003,-0.4437609146897987,1.3252658022682349
95.0,148.0,129.98326110839844,-0.0395502518592422,2.6815271800360416,-4.116956616821553,-3.679192868122841,-1.9264586294464243,1.3384838978738365,-0.097083656779332,3.973509761705003,-0.443760724841614,1.325265802300211
95.0,148.0,129.98326110839844,-0.0395502491970661,2.6815305349891063,-4.116956616699078,-3.6791928728217353,-1.9264586294464243,1.3384838938454144,-0.097083656768733,3.973509761705003,-0.4437609146897987,1.3252658022682349
95.0,148.0,129.98326110839844,-0.0395502491970661,2.6815305349891063,-4.116956616699078,-3.679192871798569,-1.9264586294464243,1.338483893707995,-0.0970836570852482,3.973509761705003,-0.4437609404591112,1.3252658022682349
95.0,148.0,129.98326110839844,-0.039552745565641,2.6815271800360416,-4.116956617743078,-3.679192868122841,-1.9264585944491577,1.3384838978732725,-0.0970836571223294,3.973509761705003,-0.4437607594908364,1.325265802300211
95.0,148.0,129.98326110839844,-0.0395502491970661,2.6815386321556427,-4.116956616699078,-3.679192943538775,-1.926458599829427,1.338483897222632,-0.0970836567714129,3.973509761705003,-0.4437607076781089,1.3252658022682349
95.0,148.0,129.98326110839844,-0.0395503979853415,2.681549366951005,-4.116956615290385,-3.679192135012658,-1.9264593595145407,1.3384838977752949,-0.0970836567390723,3.973509761705008,-0.4437609080454288,1.3252658036747322
95.0,148.0,129.98338317871094,-0.0395527853223852,2.6812145419881848,-4.1169566187446485,-3.679193886645023,-1.92645882226696,1.3384838974954922,-0.0970836571065379,3.973509762450397,-0.4437647825869569,1.325265800705842
95.0,148.0,129.98338317871094,-0.0395503886145977,2.6812145419881848,-4.1169566187446485,-3.679194006701932,-1.926459335666616,1.3384838977618896,-0.0970836567371511,3.973509762450397,-0.4437647825869569,1.325265802220266
95.0,148.0,129.98341369628906,-0.0395527820608786,2.6811529694526697,-4.116956620069709,-3.679215432032359,-1.926459356347868,1.3384838976229787,-0.0970836571086628,3.973509761705003,-0.4437610052529931,1.3252658118285123
95.0,148.0,129.98341369628906,-0.039550265908043,2.6811529694526697,-4.116956620069709,-3.679215432032359,-1.926458794768668,1.3384838976229787,-0.0970836571086284,3.973509761705003,-0.4437610052529931,1.3252658118285123
95.0,148.0,129.98342895507812,-0.0395527820608786,2.6811529694526697,-4.116956620069709,-3.679192697369466,-1.926459356347868,1.3384838976151596,-0.0970836571086628,3.973509761705003,-0.4437610052529931,1.3252658111755542
95.0,148.0,129.98342895507812,-0.0395527820608786,2.6811529694526697,-4.116956619941515,-3.679192697369466,-1.926459356347868,1.3384838976151596,-0.0970836570976573,3.973509761705003,-0.443760912200719,1.3252658111755542
95.0,148.0,129.9837188720703,-0.0395527943690622,2.680773690197663,-4.116956632161909,-3.679197496530074,-1.926458577795071,1.3384838979249194,-0.0970836571087099,3.973509784629064,-0.44376508294947,1.325265802302014
95.0,148.0,129.9837188720703,-0.0395505310790963,2.680770404372237,-4.116956616699078,-3.679197441396002,-1.9264586294464243,1.3384838938454144,-0.097083656768733,3.9735097611262815,-0.4437609146897987,1.325265802268956
95.0,148.0,129.9837188720703,-0.0395527943690622,2.680773690197663,-4.116956618754916,-3.679197496530074,-1.926458577795071,1.3384838979249194,-0.0970836571087099,3.973509784629064,-0.4437649425810095,1.325265802302079
95.0,148.0,129.9837188720703,-0.039550616772731,2.6807697253505296,-4.1169566187428766,-3.679197043823816,-1.9264585909650136,1.3384838938563657,-0.0970836570772955,3.973509782638798,-0.4437651091597026,1.3252658022696608
95.0,148.0,129.9837188720703,-0.0395502644689938,2.680770404372237,-4.116956616699078,-3.679192903470955,-1.926458586469492,1.338483897726814,-0.097083656768733,3.9735097814676057,-0.4437608474143594,1.3252658023006958
95.0,148.0,129.98373413085938,-0.0395503943164084,2.680753857121832,-4.116956633186103,-3.679215118751023,-1.9264585733880268,1.3384838979177336,-0.0970836571086625,3.9735097838006728,-0.4437651091597026,1.3252658027073083
95.0,148.0,129.98374938964844,-0.0395502649496798,2.680755122936445,-4.1169566187428766,-3.6791927591390174,-1.9264585868130253,1.3384838977122642,-0.0970836571087099,3.9735097830497166,-0.4437649431359394,1.325265802300017
95.0,148.0,129.98374938964844,-0.0395503943164084,2.680755122936445,-4.1169566187428766,-3.679192733559472,-1.9264585868130253,1.3384838977122642,-0.0970836571087099,3.973509782635109,-0.4437610687044184,1.325265802300017
95.0,148.0,129.98374938964844,-0.0395502649496798,2.680755122936445,-4.1169566329279705,-3.6791927591390174,-1.9264585865778447,1.3384838973595223,-0.0970836571087099,3.9735097830497166,-0.4437649431359394,1.325265802300017
95.0,148.0,129.98374938964844,-0.0395503943164084,2.680755122936445,-4.1169566187428766,-3.679192733559472,-1.9264585870898376,1.3384838979177336,-0.0970836571087099,3.973509782638798,-0.4437651091597026,1.325265802300017
95.0,148.0,129.98374938964844,-0.0395503943164084,2.680755122936445,-4.1169566187428766,-3.679192733559472,-1.9264585870898376,1.3384838979177336,-0.0970836571087099,3.973509782638798,-0.4437651091597026,1.325265802300017
95.0,148.0,129.98374938964844,-0.0395503943164084,2.680755122936445,-4.1169566187428766,-3.679192733559472,-1.9264585870898376,1.3384838979177336,-0.0970836571087099,3.973509782638798,-0.4437651091597026,1.325265802300017
95.0,148.0,129.98374938964844,-0.0395528221397741,2.680755122936445,-4.11695661907401,-3.6791927591390174,-1.9264585868130253,1.3384838977156917,-0.0970836571087099,3.9735097830497166,-0.4437609076449,1.325265802300017
95.0,148.0,129.98374938964844,-0.0395503943164084,2.680755122936445,-4.1169566187428766,-3.679192733559472,-1.9264585870898376,1.3384838979177336,-0.0970836571087099,3.973509782638798,-0.4437651091597026,1.325265802300017
95.0,148.0,129.98374938964844,-0.0395502649496798,2.680755122936445,-4.1169566329279705,-3.6791927591390174,-1.9264585865778447,1.3384838979295577,-0.0970836571087099,3.973509782625917,-0.4437649431359394,1.325265802300017
95.0,148.0,129.98374938964844,-0.0395528221397741,2.680755122936445,-4.11695661907401,-3.679193028807679,-1.9264585868130253,1.338483893854372,-0.0970836571040786,3.9735097830497166,-0.4437609076449,1.3252658022995485
95.0,148.0,129.98374938964844,-0.0395502649496798,2.680755122936445,-4.1169566329279705,-3.6791927591390174,-1.9264585865778447,1.3384838977427782,-0.0970836571087099,3.9735097830497166,-0.4437649431359394,1.325265802300017
95.0,148.0,129.98374938964844,-0.0395529763374897,2.6807489824479283,-4.11695661907401,-3.6791927591390174,-1.9264585868130253,1.3384838977156917,-0.0970836571086635,3.9735097830497166,-0.4437609076016424,1.3252658022990929
95.0,149.0,129.93594360351562,-0.0395527820608786,2.6811529694526697,-4.116956619086859,-3.6791927620281824,-1.926459426990661,1.3384838976151596,-0.0970836570976132,3.9703350247018414,-0.4437652446006525,1.3252658112914142
95.0,149.0,129.9368896484375,-0.0395504010251914,2.6816041173529084,-4.116956614047512,-3.6791927591390174,-1.9264593564007493,1.3384838939228696,-0.09708365710404,3.970432537314104,-0.4437609179454522,1.325265802300017
95.0,149.0,129.9370880126953,-0.0395502518592422,2.6807379263903126,-4.116956616701441,-3.679192761121578,-1.9264586294464243,1.3384838972461717,-0.097083656779332,3.970405773345607,-0.443760724841614,1.325265802300211
95.0,149.0,129.93739318847656,-0.0395503881997959,2.680755122936445,-4.1169566329982805,-3.6791927591390174,-1.9264593910308048,1.3384838939228696,-0.09708365710404,3.970432537314104,-0.4437649286437897,1.325265802300017
95.0,149.0,129.93739318847656,-0.0395503881997959,2.680755122936445,-4.1169566329982805,-3.6791927591390174,-1.9264593910308048,1.3384838975611606,-0.0970836571360655,3.970432537314104,-0.4437649286437897,1.325265802300017
95.0,149.0,129.93740844726562,-0.0395527953620009,2.680755194608853,-4.116956632680287,-3.6791927591390174,-1.9264585944628665,1.3384838972177575,-0.0970836571087099,3.970434267118118,-0.4437650835043998,1.3252658022999912
95.0,149.0,129.93740844726562,-0.0395527953620009,2.680755124388352,-4.116956632680287,-3.6791927591390174,-1.926458593847817,1.3384838972177575,-0.0970836571123912,3.970434267118118,-0.4437650480194358,1.325265802299991
95.0,149.0,129.93760681152344,-0.0395502491970661,2.6815396596482426,-4.116956617884746,-3.679192872687932,-1.9264586294464243,1.3384838984947258,-0.097083656768733,3.970491501993219,-0.4437609146897987,1.3252658022683943
95.0,149.0,129.93800354003906,-0.0395526981368726,2.680755122936445,-4.116956632694745,-3.6791927591390174,-1.9264593949059805,1.3384838972358055,-0.0970836571087099,3.97048443069962,-0.4437649431359394,1.325265802300017
95.0,149.0,129.93800354003906,-0.0395526981368726,2.680755122936445,-4.116956619035825,-3.6791927591390174,-1.9264585944628665,1.3384838972358055,-0.0970836571087099,3.97048443069962,-0.4437649431359394,1.325265802300017
95.0,149.0,129.93800354003906,-0.0395503881997959,2.680755122936445,-4.116956632694745,-3.6791927591390174,-1.9264593910308048,1.3384838979129283,-0.0970836571087099,3.97048443069962,-0.4437649431359394,1.325265802300017
95.0,149.0,129.93800354003906,-0.0395526981368726,2.680755122936445,-4.116956632442818,-3.6791927591390174,-1.9264585944628665,1.3384838972358055,-0.0970836571087099,3.97048443069962,-0.4437650835043998,1.3252658022999524
95.0,149.0,129.93800354003906,-0.0395502044304739,2.680755122936445,-4.116956631521294,-3.6791927591390174,-1.926458629460133,1.33848389723637,-0.0970836567657126,3.97048443069962,-0.4437650488551773,1.3252658022999524
95.0,149.0,129.93800354003906,-0.0395527428740105,2.680755122936445,-4.116956619044117,-3.6791927591390174,-1.9264585944628665,1.3384838972358055,-0.0970836571087099,3.97048443069962,-0.4437651051176668,1.325265802300017
95.0,149.0,129.93800354003906,-0.0395526899394397,2.680755507980609,-4.116956619035825,-3.6791927591390174,-1.9264585944628665,1.3384838972358055,-0.0970836571087108,3.97048443069962,-0.4437649431359394,1.325265802300017
95.0,149.0,129.93800354003906,-0.0395527428740105,2.680755122936445,-4.116956619544839,-3.6791927591390174,-1.9264585944628665,1.3384838972358055,-0.0970836571087099,3.97048443069962,-0.4437651051176668,1.3252658023000217
95.0,149.0,129.93800354003906,-0.0395503881997959,2.680755122936445,-4.116956632694745,-3.679192750395101,-1.9264593925843223,1.3384838977364848,-0.0970836571087099,3.97048443069962,-0.4437649440167345,1.325265802300017
95.0,149.0,129.93800354003906,-0.039552729652732,2.680755122936445,-4.116956632442818,-3.6791927591390174,-1.9264585944628665,1.3384838972358055,-0.0970836571087099,3.97048443069962,-0.4437650835043998,1.3252658022999524
95.0,149.0,129.93800354003906,-0.0395526981368726,2.680755122936445,-4.116956631942097,-3.6791927591390174,-1.9264585944628665,1.3384838972358055,-0.0970836571087099,3.97048443069962,-0.4437650835043998,1.3252658022999475
95.0,149.0,129.93801879882812,-0.0395526900056474,2.680748548829021,-4.116956632694745,-3.6791927591390174,-1.9264593573323792,1.3384838976224709,-0.0970836571086656,3.97048443069962,-0.4437649431359394,1.325265802300017
95.0,149.0,129.93807983398438,-0.0395502491970661,2.680764121416479,-4.116956617884746,-3.679192872687932,-1.926458630415536,1.3384838984947258,-0.097083656768733,3.970491501993219,-0.4437610676989852,1.3252658022683943
95.0,149.0,129.9832305908203,-0.0395502644798405,2.6816937573869577,-4.1169566187428766,-3.6791927591390174,-1.9264588083530736,1.3384838974579965,-0.0970836571086283,3.9735097623386735,-0.4437649431359394,1.325265802239055
95.0,149.0,129.9832305908203,-0.0395503979860135,2.6815949942375346,-4.116956615307903,-3.679215414118989,-1.9264593563492385,1.3384838977622997,-0.097083657092913,3.973509761705008,-0.4437609085396856,1.3252658021998034
95.0,149.0,129.9832305908203,-0.0395503979860135,2.6815949942375346,-4.116956615307903,-3.679215414118989,-1.9264593563492385,1.3384838977622997,-0.0970836570966861,3.973509761705008,-0.4437609085396856,1.3252658021991357
95.0,149.0,129.9832305908203,-0.0395502644798405,2.6816937573869577,-4.116956615330579,-3.67919216121402,-1.9264588083530736,1.3384838974579965,-0.0970836571086283,3.9735097623386735,-0.4437649431455152,1.3252658022374952
95.0,149.0,129.98324584960938,-0.0395529721608891,2.6815949942375346,-4.116956615639155,-3.679192135012658,-1.9264593563492385,1.3384838977593705,-0.0970836567401288,3.973509761705008,-0.4437609085396856,1.3252658022156278
95.0,149.0,129.98324584960938,-0.0395504149707947,2.6815949942375346,-4.1169566153080215,-3.679192135012658,-1.9264593563492385,1.338483897755943,-0.0970836567401288,3.973509761705008,-0.443764944030725,1.3252658022156278
95.0,149.0,129.98324584960938,-0.0395529721608891,2.6815949942375346,-4.116956615639155,-3.6791921568321935,-1.9264585980229203,1.3384838977593705,-0.0970836567401288,3.973509782766576,-0.4437609085396856,1.3252658022156278
95.0,149.0,129.98324584960938,-0.0395503979853415,2.6815949942375346,-4.116956615307903,-3.679192135012658,-1.9264593563492385,1.3384838977593705,-0.0970836567401288,3.973509761705008,-0.4437609085396856,1.3252658022156278
95.0,149.0,129.98324584960938,-0.0395529721608891,2.6815949942375346,-4.116956615639155,-3.67919217560596,-1.9264585870492144,1.338483897776207,-0.0970836566982689,3.973509782766576,-0.4437606918731994,1.3252658022156278
95.0,149.0,129.98324584960938,-0.0395529721608891,2.68160637082198,-4.116956615639155,-3.6791921414592,-1.9264593563492385,1.3384838977593705,-0.0970836567289382,3.973509783900877,-0.4437606555553581,1.3252658022156278
95.0,149.0,129.98324584960938,-0.0395503146961095,2.68160637082198,-4.116956615639155,-3.6791921414592,-1.9264593563492385,1.3384838977593705,-0.0970836567289382,3.973509763819036,-0.4437606555553581,1.3252658022154955
95.0,149.0,129.98324584960938,-0.0395504149707947,2.6815949942375346,-4.1169566153080215,-3.679192143756575,-1.9264593547957207,1.3384838979323868,-0.0970836567401288,3.973509761705008,-0.4437649431499298,1.3252658022156278
95.0,149.0,129.98326110839844,-0.0395502491970661,2.6815305349891063,-4.116956616699078,-3.6791928728217353,-1.9264586294464243,1.3384838938454144,-0.097083656768733,3.973509761705003,-0.4437609146897987,1.3252658022682349
95.0,149.0,129.98326110839844,-0.0395502518592422,2.6815271800360416,-4.116956616821553,-3.679192868122841,-1.9264586294464243,1.3384838978738365,-0.097083656779332,3.973509761705003,-0.443760724841614,1.325265802300211
95.0,149.0,129.98326110839844,-0.0395502491970661,2.6815305349891063,-4.116956616699078,-3.6791928728217353,-1.9264586294464243,1.3384838938454144,-0.097083656768733,3.973509761705003,-0.4437609146897987,1.3252658022682349
95.0,149.0,129.98326110839844,-0.0395502491970661,2.6815305349891063,-4.116956616699078,-3.679192871798569,-1.9264586294464243,1.338483893707995,-0.0970836570852482,3.973509761705003,-0.4437609404591112,1.3252658022682349
95.0,149.0,129.98326110839844,-0.039552745565641,2.6815271800360416,-4.116956617743078,-3.679192868122841,-1.9264585944491577,1.3384838978732725,-0.0970836571223294,3.973509761705003,-0.4437607594908364,1.325265802300211
95.0,149.0,129.98326110839844,-0.0395502491970661,2.6815386321556427,-4.116956616699078,-3.679192943538775,-1.926458599829427,1.338483897222632,-0.0970836567714129,3.973509761705003,-0.4437607076781089,1.3252658022682349
95.0,149.0,129.98326110839844,-0.0395503979853415,2.681549366951005,-4.116956615290385,-3.679192135012658,-1.9264593595145407,1.3384838977752949,-0.0970836567390723,3.973509761705008,-0.4437609080454288,1.3252658036747322
95.0,149.0,129.98326110839844,-0.0395502491970661,2.6815305349891063,-4.116956616699078,-3.6791928728217353,-1.9264586294464243,1.3384838938454144,-0.097083656768733,3.973509761705003,-0.4437609146897987,1.3252658022682349
95.0,149.0,129.98326110839844,-0.039552745565641,2.6815271800360416,-4.116956617743078,-3.679192868122841,-1.926458582535014,1.3384838978732725,-0.0970836571223366,3.973509761705003,-0.4437607594908364,1.325265802300211
95.0,149.0,129.98338317871094,-0.0395527853223852,2.6812145419881848,-4.1169566187446485,-3.679193886645023,-1.92645882226696,1.3384838974954922,-0.0970836571065379,3.973509762450397,-0.4437647825869569,1.325265800705842
95.0,149.0,129.98338317871094,-0.0395503886145977,2.6812145419881848,-4.1169566187446485,-3.679194006701932,-1.926459335666616,1.3384838977618896,-0.0970836567371511,3.973509762450397,-0.4437647825869569,1.325265802220266
95.0,149.0,129.9833984375,-0.0395530460793772,2.6812145419881848,-4.1169566187446485,-3.679194006701932,-1.926459335666616,1.3384838977618896,-0.0970836567371511,3.97350978253224,-0.4437647825869569,1.3252658022203982
95.0,149.0,129.98341369628906,-0.0395527820608786,2.6811529694526697,-4.116956620069709,-3.679215432032359,-1.926459356347868,1.3384838976229787,-0.0970836571086628,3.973509761705003,-0.4437610052529931,1.3252658118285123
95.0,149.0,129.98341369628906,-0.039550265908043,2.6811529694526697,-4.116956620069709,-3.679215432032359,-1.926458794768668,1.3384838976229787,-0.0970836571086284,3.973509761705003,-0.4437610052529931,1.3252658118285123
95.0,149.0,129.98342895507812,-0.0395527820608786,2.6811529694526697,-4.116956620069709,-3.679192697369466,-1.926459356347868,1.3384838976151596,-0.0970836571086628,3.973509761705003,-0.4437610052529931,1.3252658111755542
95.0,149.0,129.98342895507812,-0.0395527820608786,2.6811529694526697,-4.116956619941515,-3.679192697369466,-1.926459356347868,1.3384838976151596,-0.0970836570976573,3.973509761705003,-0.443760912200719,1.3252658111755542
95.0,149.0,129.98342895507812,-0.0395527820608786,2.6811529694526697,-4.116956620069709,-3.679192697369466,-1.926459368262012,1.3384838976151596,-0.0970836571086556,3.973509761705003,-0.4437610052529931,1.3252658111755542
95.0,150.0,129.93460083007812,-0.0395527722862848,2.6811529694526697,-4.1169566156471,-3.6791927620281824,-1.9264594092176857,1.338483897757644,-0.0970836570976132,3.970215275922692,-0.4437652446006525,1.3252658111804296
95.0,150.0,129.93594360351562,-0.0395527820608786,2.6811529694526697,-4.116956619086859,-3.6791927620281824,-1.926459426990661,1.3384838976151596,-0.0970836570976132,3.9703350247018414,-0.4437652446006525,1.3252658112914142
95.0,150.0,129.9368896484375,-0.0395504010251914,2.6816041173529084,-4.116956614047512,-3.6791927591390174,-1.9264593564007493,1.3384838939228696,-0.09708365710404,3.970432537314104,-0.4437609179454522,1.325265802300017
95.0,150.0,129.9370880126953,-0.0395502518592422,2.6807379263903126,-4.116956616701441,-3.679192761121578,-1.9264586294464243,1.3384838972461717,-0.097083656779332,3.970405773345607,-0.443760724841614,1.325265802300211
95.0,150.0,129.9370880126953,-0.0395502518592422,2.6807379263903126,-4.116956616701441,-3.679192761121578,-1.9264586294464243,1.3384838972461717,-0.097083656779332,3.970405773345607,-0.443760724841614,1.325265802300211
95.0,150.0,129.93714904785156,-0.0395526900056474,2.680737745430528,-4.116956632694745,-3.679192761165776,-1.9264592858724872,1.3384838976224709,-0.0970836570971202,3.970410257764139,-0.4437649431359394,1.325265802300017
95.0,150.0,129.93739318847656,-0.0395503881997959,2.680755122936445,-4.1169566329982805,-3.6791927591390174,-1.9264593910308048,1.3384838939228696,-0.09708365710404,3.970432537314104,-0.4437649286437897,1.325265802300017
95.0,150.0,129.93739318847656,-0.0395503881997959,2.680755122936445,-4.1169566329982805,-3.6791927591390174,-1.9264593910308048,1.3384838975611606,-0.0970836571360655,3.970432537314104,-0.4437649286437897,1.325265802300017
95.0,150.0,129.93739318847656,-0.0395503881997959,2.680755122936445,-4.116956632686724,-3.6791927591390174,-1.9264593910308048,1.3384838978933795,-0.0970836571042262,3.970432537314104,-0.4437649286437897,1.325265802300017
95.0,150.0,129.93739318847656,-0.0395503881997959,2.680755122936445,-4.1169566329982805,-3.6791927591390174,-1.9264593910308048,1.3384838975611606,-0.0970836571360655,3.970432537314104,-0.4437649286437897,1.325265802300017
95.0,150.0,129.93740844726562,-0.0395527953620009,2.680755194608853,-4.116956632680287,-3.6791927591390174,-1.9264585944628665,1.3384838972177575,-0.0970836571087099,3.970434267118118,-0.4437650835043998,1.3252658022999912
95.0,150.0,129.93740844726562,-0.0395527953620009,2.680755124388352,-4.116956632680287,-3.6791927591390174,-1.926458593847817,1.3384838972177575,-0.0970836571123912,3.970434267118118,-0.4437650480194358,1.325265802299991
95.0,150.0,129.93740844726562,-0.0395527953620009,2.6807548151982217,-4.1169566130850574,-3.6791927591390174,-1.9264585944628665,1.3384838972177575,-0.0970836571087099,3.970434267118118,-0.4437650835043998,1.3252658022940125
95.0,150.0,129.9375,-0.0395502042597138,2.681575289705142,-4.1169566170404055,-3.679192782883397,-1.9264586115777227,1.33848389723637,-0.0970836567657126,3.97048443069962,-0.4437650488551773,1.3252658022999524
95.0,150.0,129.93760681152344,-0.0395502491970661,2.6815396596482426,-4.116956617884746,-3.679192872687932,-1.9264586294464243,1.3384838984947258,-0.097083656768733,3.970491501993219,-0.4437609146897987,1.3252658022683943
95.0,150.0,129.93795776367188,-0.0395502518592422,2.6807487297888053,-4.116956616701441,-3.679192759094821,-1.9264587009063163,1.3384838972461717,-0.0970836567908774,3.970479946281088,-0.443760724841614,1.325265802300211
95.0,150.0,129.93800354003906,-0.0395526981368726,2.680755122936445,-4.116956632694745,-3.6791927591390174,-1.9264593949059805,1.3384838972358055,-0.0970836571087099,3.97048443069962,-0.4437649431359394,1.325265802300017
95.0,150.0,129.93800354003906,-0.0395526981368726,2.680755122936445,-4.116956619035825,-3.6791927591390174,-1.9264585944628665,1.3384838972358055,-0.0970836571087099,3.97048443069962,-0.4437649431359394,1.325265802300017
95.0,150.0,129.93800354003906,-0.0395503881997959,2.680755122936445,-4.116956632694745,-3.6791927591390174,-1.9264593910308048,1.3384838979129283,-0.0970836571087099,3.97048443069962,-0.4437649431359394,1.325265802300017
95.0,150.0,129.93800354003906,-0.0395526981368726,2.680755122936445,-4.116956632442818,-3.6791927591390174,-1.9264585944628665,1.3384838972358055,-0.0970836571087099,3.97048443069962,-0.4437650835043998,1.3252658022999524
95.0,150.0,129.93800354003906,-0.0395502044304739,2.680755122936445,-4.116956631521294,-3.6791927591390174,-1.926458629460133,1.33848389723637,-0.0970836567657126,3.97048443069962,-0.4437650488551773,1.3252658022999524
95.0,150.0,129.93800354003906,-0.0395527428740105,2.680755122936445,-4.116956619044117,-3.6791927591390174,-1.9264585944628665,1.3384838972358055,-0.0970836571087099,3.97048443069962,-0.4437651051176668,1.325265802300017
95.0,150.0,129.93800354003906,-0.0395526899394397,2.680755507980609,-4.116956619035825,-3.6791927591390174,-1.9264585944628665,1.3384838972358055,-0.0970836571087108,3.97048443069962,-0.4437649431359394,1.325265802300017
95.0,150.0,129.93800354003906,-0.0395527428740105,2.680755122936445,-4.116956619544839,-3.6791927591390174,-1.9264585944628665,1.3384838972358055,-0.0970836571087099,3.97048443069962,-0.4437651051176668,1.3252658023000217
95.0,150.0,129.93800354003906,-0.0395503881997959,2.680755122936445,-4.116956632694745,-3.679192750395101,-1.9264593925843223,1.3384838977364848,-0.0970836571087099,3.97048443069962,-0.4437649440167345,1.325265802300017
95.0,150.0,129.93800354003906,-0.039552729652732,2.680755122936445,-4.116956632442818,-3.6791927591390174,-1.9264585944628665,1.3384838972358055,-0.0970836571087099,3.97048443069962,-0.4437650835043998,1.3252658022999524
95.0,150.0,129.93800354003906,-0.0395526981368726,2.680755122936445,-4.116956631942097,-3.6791927591390174,-1.9264585944628665,1.3384838972358055,-0.0970836571087099,3.97048443069962,-0.4437650835043998,1.3252658022999475
95.0,150.0,129.93800354003906,-0.0395527428740105,2.680755122936445,-4.116956632318384,-3.6791927591390174,-1.9264585944628665,1.3384838972358055,-0.0970836571087099,3.97048443069962,-0.44376510516392,1.325265802300017
95.0,150.0,129.93800354003906,-0.0395503881997959,2.680755122936445,-4.116956633006303,-3.6791927591390174,-1.9264593910308048,1.3384838939424186,-0.0970836571085237,3.97048443069962,-0.4437649431359394,1.325265802300017
95.0,150.0,129.93801879882812,-0.0395526900056474,2.680748548829021,-4.116956632694745,-3.6791927591390174,-1.9264593573323792,1.3384838976224709,-0.0970836571086656,3.97048443069962,-0.4437649431359394,1.325265802300017
95.0,150.0,129.93807983398438,-0.0395502491970661,2.680764121416479,-4.116956617884746,-3.679192872687932,-1.926458630415536,1.3384838984947258,-0.097083656768733,3.970491501993219,-0.4437610676989852,1.3252658022683943
95.0,150.0,129.9387664794922,-0.0395503979860135,2.680702780894417,-4.116956615307903,-3.6792156065631407,-1.926459392856586,1.3384838977370774,-0.0970836571089149,3.970545445630918,-0.4437649560614622,1.3252658021991603
95.0,150.0,129.98236083984375,-0.0395502491970661,2.6815386321556427,-4.116956619383072,-3.679192943538775,-1.926458599829427,1.3384838972353652,-0.0970836567827336,3.973286357399709,-0.4437607076781089,1.3252658022682349
95.0,150.0,129.98309326171875,-0.0395502464575016,2.6815305349891063,-4.116956616699078,-3.679192750472151,-1.9264586294464243,1.338483893707995,-0.0970836570858189,3.973477794659186,-0.4437609404591112,1.3252658022682349
95.0,150.0,129.98321533203125,-0.0395502644798405,2.6817196362827023,-4.116956615588621,-3.679192176768952,-1.9264588083530736,1.3384838974589488,-0.0970836571086283,3.9735097623386735,-0.4437649431455152,1.3252658022374952
95.0,150.0,129.9832305908203,-0.0395502644798405,2.6816937573869577,-4.1169566187428766,-3.6791927591390174,-1.9264588083530736,1.3384838974579965,-0.0970836571086283,3.9735097623386735,-0.4437649431359394,1.325265802239055
95.0,150.0,129.9832305908203,-0.0395503979860135,2.6815949942375346,-4.116956615307903,-3.679215414118989,-1.9264593563492385,1.3384838977622997,-0.097083657092913,3.973509761705008,-0.4437609085396856,1.3252658021998034
95.0,150.0,129.9832305908203,-0.0395503979860135,2.6815949942375346,-4.116956615307903,-3.679215414118989,-1.9264593563492385,1.3384838977622997,-0.0970836570966861,3.973509761705008,-0.4437609085396856,1.3252658021991357
95.0,150.0,129.9832305908203,-0.0395502644798405,2.6816937573869577,-4.116956615330579,-3.67919216121402,-1.9264588083530736,1.3384838974579965,-0.0970836571086283,3.9735097623386735,-0.4437649431455152,1.3252658022374952
95.0,150.0,129.9832305908203,-0.0395502807017126,2.681688672226394,-4.116956615639155,-3.6791921414592,-1.9264593563492385,1.3384838974581326,-0.0970836567289382,3.973509782024201,-0.4437648714518172,1.3252658022156278
95.0,150.0,129.98324584960938,-0.0395529721608891,2.6815949942375346,-4.116956615639155,-3.679192135012658,-1.9264593563492385,1.3384838977593705,-0.0970836567401288,3.973509761705008,-0.4437609085396856,1.3252658022156278
95.0,150.0,129.98324584960938,-0.0395504149707947,2.6815949942375346,-4.1169566153080215,-3.679192135012658,-1.9264593563492385,1.338483897755943,-0.0970836567401288,3.973509761705008,-0.443764944030725,1.3252658022156278
95.0,150.0,129.98324584960938,-0.0395529721608891,2.6815949942375346,-4.116956615639155,-3.6791921568321935,-1.9264585980229203,1.3384838977593705,-0.0970836567401288,3.973509782766576,-0.4437609085396856,1.3252658022156278
95.0,150.0,129.98324584960938,-0.0395503979853415,2.6815949942375346,-4.116956615307903,-3.679192135012658,-1.9264593563492385,1.3384838977593705,-0.0970836567401288,3.973509761705008,-0.4437609085396856,1.3252658022156278
95.0,150.0,129.98324584960938,-0.0395529721608891,2.6815949942375346,-4.116956615639155,-3.67919217560596,-1.9264585870492144,1.338483897776207,-0.0970836566982689,3.973509782766576,-0.4437606918731994,1.3252658022156278
95.0,150.0,129.98324584960938,-0.0395529721608891,2.68160637082198,-4.116956615639155,-3.6791921414592,-1.9264593563492385,1.3384838977593705,-0.0970836567289382,3.973509783900877,-0.4437606555553581,1.3252658022156278
95.0,150.0,129.98324584960938,-0.0395503146961095,2.68160637082198,-4.116956615639155,-3.6791921414592,-1.9264593563492385,1.3384838977593705,-0.0970836567289382,3.973509763819036,-0.4437606555553581,1.3252658022154955
95.0,150.0,129.98324584960938,-0.0395504149707947,2.6815949942375346,-4.1169566153080215,-3.679192143756575,-1.9264593547957207,1.3384838979323868,-0.0970836567401288,3.973509761705008,-0.4437649431499298,1.3252658022156278
95.0,150.0,129.98324584960938,-0.039552955939017,2.6816114559825435,-4.1169566187428766,-3.6791927591390174,-1.9264588083530736,1.3384838977592344,-0.0970836571086283,3.9735097642153496,-0.4437607272394803,1.325265802239055
95.0,150.0,129.98326110839844,-0.0395502491970661,2.6815305349891063,-4.116956616699078,-3.6791928728217353,-1.9264586294464243,1.3384838938454144,-0.097083656768733,3.973509761705003,-0.4437609146897987,1.3252658022682349
95.0,151.0,129.93460083007812,-0.0395527722862848,2.6811529694526697,-4.1169566156471,-3.6791927620281824,-1.9264594092176857,1.338483897757644,-0.0970836570976132,3.970215275922692,-0.4437652446006525,1.3252658111804296
95.0,151.0,129.9346160888672,-0.0395527722862848,2.681145460829714,-4.1169566156471,-3.6791927620281824,-1.926458604959857,1.338483897825874,-0.0970836570974666,3.970215275922692,-0.4437650827195375,1.325265811157038
95.0,151.0,129.93594360351562,-0.0395527820608786,2.6811529694526697,-4.116956619086859,-3.6791927620281824,-1.926459426990661,1.3384838976151596,-0.0970836570976132,3.9703350247018414,-0.4437652446006525,1.3252658112914142
95.0,151.0,129.9368896484375,-0.0395504010251914,2.6816041173529084,-4.116956614047512,-3.6791927591390174,-1.9264593564007493,1.3384838939228696,-0.09708365710404,3.970432537314104,-0.4437609179454522,1.325265802300017
95.0,151.0,129.9370880126953,-0.0395502518592422,2.6807379263903126,-4.116956616701441,-3.679192761121578,-1.9264586294464243,1.3384838972461717,-0.097083656779332,3.970405773345607,-0.443760724841614,1.325265802300211
95.0,151.0,129.9370880126953,-0.0395502518592422,2.6807379263903126,-4.116956616701441,-3.679192761121578,-1.9264586294464243,1.3384838972461717,-0.097083656779332,3.970405773345607,-0.443760724841614,1.325265802300211
95.0,151.0,129.9370880126953,-0.039550398628551,2.6807379263903126,-4.116956616701441,-3.679192761099101,-1.926459349896389,1.3384838972461717,-0.0970836571151025,3.970405773345607,-0.443760724841614,1.325265802300211
95.0,151.0,129.93714904785156,-0.0395526900056474,2.680737745430528,-4.116956632694745,-3.679192761165776,-1.9264592858724872,1.3384838976224709,-0.0970836570971202,3.970410257764139,-0.4437649431359394,1.325265802300017
95.0,151.0,129.93739318847656,-0.0395503881997959,2.680755122936445,-4.1169566329982805,-3.6791927591390174,-1.9264593910308048,1.3384838939228696,-0.09708365710404,3.970432537314104,-0.4437649286437897,1.325265802300017
95.0,151.0,129.93739318847656,-0.0395503881997959,2.680755122936445,-4.1169566329982805,-3.6791927591390174,-1.9264593910308048,1.3384838975611606,-0.0970836571360655,3.970432537314104,-0.4437649286437897,1.325265802300017
95.0,151.0,129.93739318847656,-0.0395503881997959,2.680755122936445,-4.116956632686724,-3.6791927591390174,-1.9264593910308048,1.3384838978933795,-0.0970836571042262,3.970432537314104,-0.4437649286437897,1.325265802300017
95.0,151.0,129.93739318847656,-0.0395503881997959,2.680755122936445,-4.1169566329982805,-3.6791927591390174,-1.9264593910308048,1.3384838975611606,-0.0970836571360655,3.970432537314104,-0.4437649286437897,1.325265802300017
95.0,151.0,129.93739318847656,-0.0395504010251914,2.680753911639364,-4.116956632470386,-3.6791927591390174,-1.9264593537814207,1.3384838939228696,-0.09708365710404,3.970432537314104,-0.4437609179454522,1.3252658022999926
95.0,151.0,129.93739318847656,-0.0395526978134652,2.680755122936445,-4.116956633002647,-3.6791927591390174,-1.9264585809931472,1.3384838975611606,-0.0970836571360655,3.970432537314104,-0.4437649286437897,1.3252658023000183
95.0,151.0,129.93740844726562,-0.0395527953620009,2.680755194608853,-4.116956632680287,-3.6791927591390174,-1.9264585944628665,1.3384838972177575,-0.0970836571087099,3.970434267118118,-0.4437650835043998,1.3252658022999912
95.0,151.0,129.93740844726562,-0.0395527953620009,2.680755124388352,-4.116956632680287,-3.6791927591390174,-1.926458593847817,1.3384838972177575,-0.0970836571123912,3.970434267118118,-0.4437650480194358,1.325265802299991
95.0,151.0,129.93740844726562,-0.0395527953620009,2.6807548151982217,-4.1169566130850574,-3.6791927591390174,-1.9264585944628665,1.3384838972177575,-0.0970836571087099,3.970434267118118,-0.4437650835043998,1.3252658022940125
95.0,151.0,129.9374237060547,-0.0395527953620009,2.680749289854788,-4.1169566167662905,-3.679192759138849,-1.926458701705267,1.3384838972177575,-0.0970836571072301,3.970433855512349,-0.4437649127383732,1.3252658022939832
95.0,151.0,129.9375,-0.0395502042597138,2.681575289705142,-4.1169566170404055,-3.679192782883397,-1.9264586115777227,1.33848389723637,-0.0970836567657126,3.97048443069962,-0.4437650488551773,1.3252658022999524
95.0,151.0,129.9375,-0.0395502042597138,2.681575289705142,-4.1169566170404055,-3.679192782883397,-1.9264586065237883,1.338483897559685,-0.0970836567657126,3.97048443069962,-0.4437650474607306,1.3252658022999524
95.0,151.0,129.93760681152344,-0.0395502491970661,2.6815396596482426,-4.116956617884746,-3.679192872687932,-1.9264586294464243,1.3384838984947258,-0.097083656768733,3.970491501993219,-0.4437609146897987,1.3252658022683943
95.0,151.0,129.93795776367188,-0.0395502518592422,2.6807487297888053,-4.116956616701441,-3.679192759094821,-1.9264587009063163,1.3384838972461717,-0.0970836567908774,3.970479946281088,-0.443760724841614,1.325265802300211
95.0,151.0,129.93795776367188,-0.0395502518592422,2.68075425513224,-4.116956613020208,-3.679192759094991,-1.926458593663916,1.3384838972461717,-0.0970836567923573,3.970480357886856,-0.4437608956076405,1.3252658023002404
95.0,151.0,129.93800354003906,-0.0395526981368726,2.680755122936445,-4.116956632694745,-3.6791927591390174,-1.9264593949059805,1.3384838972358055,-0.0970836571087099,3.97048443069962,-0.4437649431359394,1.325265802300017
95.0,151.0,129.93800354003906,-0.0395526981368726,2.680755122936445,-4.116956619035825,-3.6791927591390174,-1.9264585944628665,1.3384838972358055,-0.0970836571087099,3.97048443069962,-0.4437649431359394,1.325265802300017
95.0,151.0,129.93800354003906,-0.0395503881997959,2.680755122936445,-4.116956632694745,-3.6791927591390174,-1.9264593910308048,1.3384838979129283,-0.0970836571087099,3.97048443069962,-0.4437649431359394,1.325265802300017
95.0,151.0,129.93800354003906,-0.0395526981368726,2.680755122936445,-4.116956632442818,-3.6791927591390174,-1.9264585944628665,1.3384838972358055,-0.0970836571087099,3.97048443069962,-0.4437650835043998,1.3252658022999524
95.0,151.0,129.93800354003906,-0.0395502044304739,2.680755122936445,-4.116956631521294,-3.6791927591390174,-1.926458629460133,1.33848389723637,-0.0970836567657126,3.97048443069962,-0.4437650488551773,1.3252658022999524
95.0,151.0,129.93800354003906,-0.0395527428740105,2.680755122936445,-4.116956619044117,-3.6791927591390174,-1.9264585944628665,1.3384838972358055,-0.0970836571087099,3.97048443069962,-0.4437651051176668,1.325265802300017
95.0,151.0,129.93800354003906,-0.0395526899394397,2.680755507980609,-4.116956619035825,-3.6791927591390174,-1.9264585944628665,1.3384838972358055,-0.0970836571087108,3.97048443069962,-0.4437649431359394,1.325265802300017
95.0,151.0,129.93800354003906,-0.0395527428740105,2.680755122936445,-4.116956619544839,-3.6791927591390174,-1.9264585944628665,1.3384838972358055,-0.0970836571087099,3.97048443069962,-0.4437651051176668,1.3252658023000217
95.0,151.0,129.93800354003906,-0.0395503881997959,2.680755122936445,-4.116956632694745,-3.679192750395101,-1.9264593925843223,1.3384838977364848,-0.0970836571087099,3.97048443069962,-0.4437649440167345,1.325265802300017
95.0,151.0,129.93800354003906,-0.039552729652732,2.680755122936445,-4.116956632442818,-3.6791927591390174,-1.9264585944628665,1.3384838972358055,-0.0970836571087099,3.97048443069962,-0.4437650835043998,1.3252658022999524
95.0,151.0,129.93800354003906,-0.0395526981368726,2.680755122936445,-4.116956631942097,-3.6791927591390174,-1.9264585944628665,1.3384838972358055,-0.0970836571087099,3.97048443069962,-0.4437650835043998,1.3252658022999475
95.0,151.0,129.93800354003906,-0.0395527428740105,2.680755122936445,-4.116956632318384,-3.6791927591390174,-1.9264585944628665,1.3384838972358055,-0.0970836571087099,3.97048443069962,-0.44376510516392,1.325265802300017
95.0,151.0,129.93800354003906,-0.0395503881997959,2.680755122936445,-4.116956633006303,-3.6791927591390174,-1.9264593910308048,1.3384838939424186,-0.0970836571085237,3.97048443069962,-0.4437649431359394,1.325265802300017
95.0,151.0,129.93800354003906,-0.0395503580863927,2.680755122936445,-4.116956619044117,-3.679193014822632,-1.9264585944628665,1.33848389776764,-0.0970836571087099,3.97048443069962,-0.443760928498695,1.3252658023001262
95.0,151.0,129.93801879882812,-0.0395526900056474,2.680748548829021,-4.116956632694745,-3.6791927591390174,-1.9264593573323792,1.3384838976224709,-0.0970836571086656,3.97048443069962,-0.4437649431359394,1.325265802300017
95.0,151.0,129.93801879882812,-0.0395527421696758,2.680748474582072,-4.116956632125396,-3.6791927591390174,-1.9264593559964327,1.3384838976224709,-0.0970836571087091,3.97048443069962,-0.4437651024363234,1.325265802300017
95.0,151.0,129.93807983398438,-0.0395502491970661,2.680764121416479,-4.116956617884746,-3.679192872687932,-1.926458630415536,1.3384838984947258,-0.097083656768733,3.970491501993219,-0.4437610676989852,1.3252658022683943
95.0,151.0,129.93820190429688,-0.0395502641999402,2.680733336780999,-4.116956615330579,-3.67919216121402,-1.9264588083530736,1.3384838974579965,-0.0970836571086283,3.970499420186498,-0.4437649431455152,1.3252658022667043
95.0,151.0,129.9387664794922,-0.0395503979860135,2.680702780894417,-4.116956615307903,-3.6792156065631407,-1.926459392856586,1.3384838977370774,-0.0970836571089149,3.970545445630918,-0.4437649560614622,1.3252658021991603
95.0,151.0,129.9409942626953,-0.0395526907099822,2.678664598835193,-4.116956619613466,-3.6791927591390174,-1.9264585957988123,1.3384838972358055,-0.0970836571086664,3.97048443069962,-0.4437649458172827,1.325265802300017
95.0,151.0,129.98236083984375,-0.0395502491970661,2.6815386321556427,-4.116956619383072,-3.679192943538775,-1.926458599829427,1.3384838972353652,-0.0970836567827336,3.973286357399709,-0.4437607076781089,1.3252658022682349
95.0,151.0,129.98309326171875,-0.0395502464575016,2.6815305349891063,-4.116956616699078,-3.679192750472151,-1.9264586294464243,1.338483893707995,-0.0970836570858189,3.973477794659186,-0.4437609404591112,1.3252658022682349
95.0,151.0,129.98321533203125,-0.0395502644798405,2.6817196362827023,-4.116956615588621,-3.679192176768952,-1.9264588083530736,1.3384838974589488,-0.0970836571086283,3.9735097623386735,-0.4437649431455152,1.3252658022374952
95.0,151.0,129.9832305908203,-0.0395502644798405,2.6816937573869577,-4.1169566187428766,-3.6791927591390174,-1.9264588083530736,1.3384838974579965,-0.0970836571086283,3.9735097623386735,-0.4437649431359394,1.325265802239055
95.0,151.0,129.9832305908203,-0.0395503979860135,2.6815949942375346,-4.116956615307903,-3.679215414118989,-1.9264593563492385,1.3384838977622997,-0.097083657092913,3.973509761705008,-0.4437609085396856,1.3252658021998034
95.0,151.0,129.9832305908203,-0.0395503979860135,2.6815949942375346,-4.116956615307903,-3.679215414118989,-1.9264593563492385,1.3384838977622997,-0.0970836570966861,3.973509761705008,-0.4437609085396856,1.3252658021991357
95.0,151.0,129.9832305908203,-0.0395502644798405,2.6816937573869577,-4.116956615330579,-3.67919216121402,-1.9264588083530736,1.3384838974579965,-0.0970836571086283,3.9735097623386735,-0.4437649431455152,1.3252658022374952
95.0,152.0,129.93460083007812,-0.0395527722862848,2.6811529694526697,-4.1169566156471,-3.6791927620281824,-1.9264594092176857,1.338483897757644,-0.0970836570976132,3.970215275922692,-0.4437652446006525,1.3252658111804296
95.0,152.0,129.93460083007812,-0.0395527722862848,2.6811529694526697,-4.1169566156471,-3.6791927620281824,-1.9264594092176857,1.338483897757644,-0.0970836570976132,3.970215275922692,-0.4437652446006525,1.3252658111804296
95.0,152.0,129.93460083007812,-0.0395527722862848,2.6811529694526697,-4.1169566156471,-3.6791927620281824,-1.9264594092176857,1.338483897757644,-0.0970836567772476,3.970215275922692,-0.4437652446006525,1.3252658111237368
95.0,152.0,129.9346160888672,-0.0395527722862848,2.681145460829714,-4.1169566156471,-3.6791927620281824,-1.926458604959857,1.338483897825874,-0.0970836570974666,3.970215275922692,-0.4437650827195375,1.325265811157038
95.0,152.0,129.9346923828125,-0.0395503580863927,2.681141440089536,-4.116956618914361,-3.6791927624548704,-1.9264585942030688,1.33848389776764,-0.0970836571087099,3.9702220981886818,-0.443760928498695,1.3252658109801467
95.0,152.0,129.93594360351562,-0.0395527820608786,2.6811529694526697,-4.116956619086859,-3.6791927620281824,-1.926459426990661,1.3384838976151596,-0.0970836570976132,3.9703350247018414,-0.4437652446006525,1.3252658112914142
95.0,152.0,129.9366455078125,-0.0395526739364643,2.6815879174065462,-4.1169566170404055,-3.679192759080344,-1.926459247431402,1.33848389723637,-0.0970836567657126,3.9704109751736048,-0.4437650488551773,1.3252658022999524
95.0,152.0,129.9368896484375,-0.0395504010251914,2.6816041173529084,-4.116956614047512,-3.6791927591390174,-1.9264593564007493,1.3384838939228696,-0.09708365710404,3.970432537314104,-0.4437609179454522,1.325265802300017
95.0,152.0,129.9370880126953,-0.0395502518592422,2.6807379263903126,-4.116956616701441,-3.679192761121578,-1.9264586294464243,1.3384838972461717,-0.097083656779332,3.970405773345607,-0.443760724841614,1.325265802300211
95.0,152.0,129.9370880126953,-0.0395502518592422,2.6807379263903126,-4.116956616701441,-3.679192761121578,-1.9264586294464243,1.3384838972461717,-0.097083656779332,3.970405773345607,-0.443760724841614,1.325265802300211
95.0,152.0,129.9370880126953,-0.039550398628551,2.6807379263903126,-4.116956616701441,-3.679192761099101,-1.926459349896389,1.3384838972461717,-0.0970836571151025,3.970405773345607,-0.443760724841614,1.325265802300211
95.0,152.0,129.93714904785156,-0.0395526900056474,2.680737745430528,-4.116956632694745,-3.679192761165776,-1.9264592858724872,1.3384838976224709,-0.0970836570971202,3.970410257764139,-0.4437649431359394,1.325265802300017
95.0,152.0,129.93739318847656,-0.0395503881997959,2.680755122936445,-4.1169566329982805,-3.6791927591390174,-1.9264593910308048,1.3384838939228696,-0.09708365710404,3.970432537314104,-0.4437649286437897,1.325265802300017
95.0,152.0,129.93739318847656,-0.0395503881997959,2.680755122936445,-4.1169566329982805,-3.6791927591390174,-1.9264593910308048,1.3384838975611606,-0.0970836571360655,3.970432537314104,-0.4437649286437897,1.325265802300017
95.0,152.0,129.93739318847656,-0.0395503881997959,2.680755122936445,-4.116956632686724,-3.6791927591390174,-1.9264593910308048,1.3384838978933795,-0.0970836571042262,3.970432537314104,-0.4437649286437897,1.325265802300017
95.0,152.0,129.93739318847656,-0.0395503881997959,2.680755122936445,-4.1169566329982805,-3.6791927591390174,-1.9264593910308048,1.3384838975611606,-0.0970836571360655,3.970432537314104,-0.4437649286437897,1.325265802300017
95.0,152.0,129.93739318847656,-0.0395504010251914,2.680753911639364,-4.116956632470386,-3.6791927591390174,-1.9264593537814207,1.3384838939228696,-0.09708365710404,3.970432537314104,-0.4437609179454522,1.3252658022999926
95.0,152.0,129.93739318847656,-0.0395526978134652,2.680755122936445,-4.116956633002647,-3.6791927591390174,-1.9264585809931472,1.3384838975611606,-0.0970836571360655,3.970432537314104,-0.4437649286437897,1.3252658023000183
95.0,152.0,129.93739318847656,-0.0395502524448006,2.680755122936445,-4.116956632777794,-3.679192759094854,-1.9264593910308048,1.3384838975611606,-0.0970836571360655,3.970432537314104,-0.4437648743626543,1.325265802300017
95.0,152.0,129.93739318847656,-0.0395527946488757,2.6807548151982217,-4.1169566130850574,-3.6791927591390174,-1.9264585944628665,1.3384838972177575,-0.0970836571087099,3.9704327333748055,-0.4437650855073599,1.3252658022939436
95.0,152.0,129.93739318847656,-0.0395503881997959,2.680755122936445,-4.116956632986238,-3.6791927591390174,-1.9264593910308048,1.3384838978852616,-0.0970836571042262,3.970432537314104,-0.4437649286437897,1.325265802300017
95.0,152.0,129.93740844726562,-0.0395527953620009,2.680755194608853,-4.116956632680287,-3.6791927591390174,-1.9264585944628665,1.3384838972177575,-0.0970836571087099,3.970434267118118,-0.4437650835043998,1.3252658022999912
95.0,152.0,129.93740844726562,-0.0395527953620009,2.680755124388352,-4.116956632680287,-3.6791927591390174,-1.926458593847817,1.3384838972177575,-0.0970836571123912,3.970434267118118,-0.4437650480194358,1.325265802299991
95.0,152.0,129.93740844726562,-0.0395527953620009,2.6807548151982217,-4.1169566130850574,-3.6791927591390174,-1.9264585944628665,1.3384838972177575,-0.0970836571087099,3.970434267118118,-0.4437650835043998,1.3252658022940125
95.0,152.0,129.93740844726562,-0.0395527428740105,2.680742378959924,-4.116956619544839,-3.6791927591390174,-1.9264585944628665,1.3384838972358055,-0.0970836571087099,3.9704322890606414,-0.4437651051176668,1.3252658023000217
95.0,152.0,129.9374237060547,-0.0395527953620009,2.680749289854788,-4.1169566167662905,-3.679192759138849,-1.926458701705267,1.3384838972177575,-0.0970836571072301,3.970433855512349,-0.4437649127383732,1.3252658022939832
95.0,152.0,129.9374237060547,-0.0395527953620009,2.680749289854788,-4.1169566167662905,-3.679192759138849,-1.926458716015487,1.3384838972940694,-0.0970836571037608,3.970433929793677,-0.4437610582494107,1.3252658022939832
95.0,152.0,129.93748474121094,-0.0395527937254684,2.6807346628834257,-4.116956615330579,-3.6791927519680776,-1.9264588032153165,1.3384838972122302,-0.0970836571121877,3.97043832867858,-0.4437649431455152,1.3252658022667043
95.0,152.0,129.9375,-0.0395502042597138,2.681575289705142,-4.1169566170404055,-3.679192782883397,-1.9264586115777227,1.33848389723637,-0.0970836567657126,3.97048443069962,-0.4437650488551773,1.3252658022999524
95.0,152.0,129.9375,-0.0395502042597138,2.681575289705142,-4.1169566170404055,-3.679192782883397,-1.9264586065237883,1.338483897559685,-0.0970836567657126,3.97048443069962,-0.4437650474607306,1.3252658022999524
95.0,152.0,129.9375,-0.0395502042597138,2.681575289705142,-4.1169566170404055,-3.679192782883397,-1.9264586065237883,1.338483897559685,-0.0970836567657126,3.97048443069962,-0.4437650474607306,1.3252658022999524
95.0,152.0,129.93760681152344,-0.0395502491970661,2.6815396596482426,-4.116956617884746,-3.679192872687932,-1.9264586294464243,1.3384838984947258,-0.097083656768733,3.970491501993219,-0.4437609146897987,1.3252658022683943
95.0,152.0,129.93760681152344,-0.0395502491970661,2.6815396596482426,-4.116956617884746,-3.679192872687932,-1.9264586294464243,1.3384838984947258,-0.097083656768733,3.970491501993219,-0.4437609146897987,1.3252658022683943
95.0,152.0,129.93795776367188,-0.0395502518592422,2.6807487297888053,-4.116956616701441,-3.679192759094821,-1.9264587009063163,1.3384838972461717,-0.0970836567908774,3.970479946281088,-0.443760724841614,1.325265802300211
95.0,152.0,129.93795776367188,-0.0395502518592422,2.68075425513224,-4.116956613020208,-3.679192759094991,-1.926458593663916,1.3384838972461717,-0.0970836567923573,3.970480357886856,-0.4437608956076405,1.3252658023002404
95.0,152.0,129.93795776367188,-0.0395503876142374,2.6807487297888053,-4.116956616921928,-3.679192759138986,-1.9264587009063163,1.3384838972461717,-0.0970836567908774,3.970479946281088,-0.4437607791227494,1.325265802300211
95.0,152.0,129.93800354003906,-0.0395526981368726,2.680755122936445,-4.116956632694745,-3.6791927591390174,-1.9264593949059805,1.3384838972358055,-0.0970836571087099,3.97048443069962,-0.4437649431359394,1.325265802300017
95.0,152.0,129.93800354003906,-0.0395526981368726,2.680755122936445,-4.116956619035825,-3.6791927591390174,-1.9264585944628665,1.3384838972358055,-0.0970836571087099,3.97048443069962,-0.4437649431359394,1.325265802300017
95.0,152.0,129.93800354003906,-0.0395503881997959,2.680755122936445,-4.116956632694745,-3.6791927591390174,-1.9264593910308048,1.3384838979129283,-0.0970836571087099,3.97048443069962,-0.4437649431359394,1.325265802300017
95.0,152.0,129.93800354003906,-0.0395526981368726,2.680755122936445,-4.116956632442818,-3.6791927591390174,-1.9264585944628665,1.3384838972358055,-0.0970836571087099,3.97048443069962,-0.4437650835043998,1.3252658022999524
95.0,152.0,129.93800354003906,-0.0395502044304739,2.680755122936445,-4.116956631521294,-3.6791927591390174,-1.926458629460133,1.33848389723637,-0.0970836567657126,3.97048443069962,-0.4437650488551773,1.3252658022999524
95.0,152.0,129.93800354003906,-0.0395527428740105,2.680755122936445,-4.116956619044117,-3.6791927591390174,-1.9264585944628665,1.3384838972358055,-0.0970836571087099,3.97048443069962,-0.4437651051176668,1.325265802300017
95.0,152.0,129.93800354003906,-0.0395526899394397,2.680755507980609,-4.116956619035825,-3.6791927591390174,-1.9264585944628665,1.3384838972358055,-0.0970836571087108,3.97048443069962,-0.4437649431359394,1.325265802300017
95.0,152.0,129.93800354003906,-0.0395527428740105,2.680755122936445,-4.116956619544839,-3.6791927591390174,-1.9264585944628665,1.3384838972358055,-0.0970836571087099,3.97048443069962,-0.4437651051176668,1.3252658023000217
95.0,152.0,129.93800354003906,-0.0395503881997959,2.680755122936445,-4.116956632694745,-3.679192750395101,-1.9264593925843223,1.3384838977364848,-0.0970836571087099,3.97048443069962,-0.4437649440167345,1.325265802300017
95.0,152.0,129.93800354003906,-0.039552729652732,2.680755122936445,-4.116956632442818,-3.6791927591390174,-1.9264585944628665,1.3384838972358055,-0.0970836571087099,3.97048443069962,-0.4437650835043998,1.3252658022999524
95.0,152.0,129.93800354003906,-0.0395526981368726,2.680755122936445,-4.116956631942097,-3.6791927591390174,-1.9264585944628665,1.3384838972358055,-0.0970836571087099,3.97048443069962,-0.4437650835043998,1.3252658022999475
95.0,152.0,129.93800354003906,-0.0395527428740105,2.680755122936445,-4.116956632318384,-3.6791927591390174,-1.9264585944628665,1.3384838972358055,-0.0970836571087099,3.97048443069962,-0.44376510516392,1.325265802300017
95.0,152.0,129.93800354003906,-0.0395503881997959,2.680755122936445,-4.116956633006303,-3.6791927591390174,-1.9264593910308048,1.3384838939424186,-0.0970836571085237,3.97048443069962,-0.4437649431359394,1.325265802300017
95.0,152.0,129.93800354003906,-0.0395503580863927,2.680755122936445,-4.116956619044117,-3.679193014822632,-1.9264585944628665,1.33848389776764,-0.0970836571087099,3.97048443069962,-0.443760928498695,1.3252658023001262
95.0,153.0,129.9345703125,-0.0395527895492811,2.6811256574851985,-4.11695661556976,-3.6791927624614575,-1.9264594097040568,1.338483897757644,-0.0970836571040771,3.970211257386188,-0.4437652446006525,1.32526580252055
95.0,153.0,129.93460083007812,-0.0395527722862848,2.6811529694526697,-4.1169566156471,-3.6791927620281824,-1.9264594092176857,1.338483897757644,-0.0970836570976132,3.970215275922692,-0.4437652446006525,1.3252658111804296
95.0,153.0,129.93460083007812,-0.0395527722862848,2.6811529694526697,-4.1169566156471,-3.6791927620281824,-1.9264594092176857,1.338483897757644,-0.0970836570976132,3.970215275922692,-0.4437652446006525,1.3252658111804296
95.0,153.0,129.93460083007812,-0.0395527722862848,2.6811529694526697,-4.1169566156471,-3.6791927620281824,-1.9264594092176857,1.338483897757644,-0.0970836567772476,3.970215275922692,-0.4437652446006525,1.3252658111237368
95.0,153.0,129.9346160888672,-0.0395527722862848,2.681145460829714,-4.1169566156471,-3.6791927620281824,-1.926458604959857,1.338483897825874,-0.0970836570974666,3.970215275922692,-0.4437650827195375,1.325265811157038
95.0,153.0,129.9346160888672,-0.0395527017661,2.681145460829714,-4.116956632449579,-3.679192759129076,-1.926458604268425,1.3384838978268496,-0.097083657098485,3.970215275922692,-0.44376492737958,1.325265811157038
95.0,153.0,129.9346160888672,-0.0395527722862848,2.6811395037955847,-4.116956615219144,-3.6791927620281824,-1.9264594092176857,1.338483897757644,-0.0970836570976132,3.970215275922692,-0.4437650777894891,1.3252658108177522
95.0,153.0,129.9346923828125,-0.0395503580863927,2.681141440089536,-4.116956618914361,-3.6791927624548704,-1.9264585942030688,1.33848389776764,-0.0970836571087099,3.9702220981886818,-0.443760928498695,1.3252658109801467
95.0,153.0,129.9347686767578,-0.0395503577653009,2.681141440089536,-4.116956618914361,-3.6791927624262426,-1.92645859369247,1.3384838977651894,-0.0970836571087099,3.970230283443516,-0.4437608962159906,1.3252658110592137
95.0,153.0,129.93507385253906,-0.0395502499902108,2.6807379263903126,-4.116956616701441,-3.679192761121578,-1.9264586294464243,1.3384838972461717,-0.097083656779332,3.970228180201641,-0.4437607280602553,1.325265802300211
95.0,153.0,129.93594360351562,-0.0395527820608786,2.6811529694526697,-4.116956619086859,-3.6791927620281824,-1.926459426990661,1.3384838976151596,-0.0970836570976132,3.9703350247018414,-0.4437652446006525,1.3252658112914142
95.0,153.0,129.9359588623047,-0.0395527955811575,2.6811529694526697,-4.116956619086859,-3.6791927620281824,-1.926459426990661,1.3384838972261093,-0.0970836570976132,3.970335188636154,-0.4437652506047191,1.3252658112914142
95.0,153.0,129.9366455078125,-0.0395526739364643,2.6815879174065462,-4.1169566170404055,-3.679192759080344,-1.926459247431402,1.33848389723637,-0.0970836567657126,3.9704109751736048,-0.4437650488551773,1.3252658022999524
95.0,153.0,129.93667602539062,-0.0395502042597138,2.681575289705142,-4.1169566170404055,-3.679192782883397,-1.9264585489765,1.3384838975797668,-0.0970836567657126,3.970414499079731,-0.4437650474607306,1.3252658022999524
95.0,153.0,129.9368896484375,-0.0395504010251914,2.6816041173529084,-4.116956614047512,-3.6791927591390174,-1.9264593564007493,1.3384838939228696,-0.09708365710404,3.970432537314104,-0.4437609179454522,1.325265802300017
95.0,153.0,129.9369354248047,-0.0395503837621952,2.68163142932038,-4.116956614124852,-3.679192758705743,-1.9264593559143788,1.3384838939228696,-0.0970836570975761,3.970436555850607,-0.4437609179454522,1.325265810959897
95.0,153.0,129.9370880126953,-0.0395502518592422,2.6807379263903126,-4.116956616701441,-3.679192761121578,-1.9264586294464243,1.3384838972461717,-0.097083656779332,3.970405773345607,-0.443760724841614,1.325265802300211
95.0,153.0,129.9370880126953,-0.0395502518592422,2.6807379263903126,-4.116956616701441,-3.679192761121578,-1.9264586294464243,1.3384838972461717,-0.097083656779332,3.970405773345607,-0.443760724841614,1.325265802300211
95.0,153.0,129.9370880126953,-0.039550398628551,2.6807379263903126,-4.116956616701441,-3.679192761099101,-1.926459349896389,1.3384838972461717,-0.0970836571151025,3.970405773345607,-0.443760724841614,1.325265802300211
95.0,153.0,129.9370880126953,-0.0395502518592422,2.680738409303025,-4.116956616701441,-3.679192761121578,-1.9264586294464243,1.3384838972915334,-0.0970836571280232,3.970405773345607,-0.443760724841614,1.3252658023000274
95.0,153.0,129.9370880126953,-0.0395502518592422,2.6807379263903126,-4.116956616701441,-3.679192761121578,-1.9264586294464243,1.3384838972461717,-0.097083656779332,3.970405773345607,-0.443760724841614,1.325265802300211
95.0,153.0,129.9370880126953,-0.0395502518592422,2.6807379263903126,-4.116956616701441,-3.679192761121578,-1.926458593511107,1.3384838972460442,-0.097083656779332,3.970405773345607,-0.443760724841614,1.325265802300211
95.0,153.0,129.93714904785156,-0.0395526900056474,2.680737745430528,-4.116956632694745,-3.679192761165776,-1.9264592858724872,1.3384838976224709,-0.0970836570971202,3.970410257764139,-0.4437649431359394,1.325265802300017
95.0,153.0,129.93736267089844,-0.0395504024737113,2.680755122936445,-4.116956632498055,-3.6791927591390174,-1.926458629460133,1.33848389386831,-0.0970836571139531,3.970430271801205,-0.4437650488551773,1.3252658022999515
95.0,153.0,129.93739318847656,-0.0395503881997959,2.680755122936445,-4.1169566329982805,-3.6791927591390174,-1.9264593910308048,1.3384838939228696,-0.09708365710404,3.970432537314104,-0.4437649286437897,1.325265802300017
95.0,153.0,129.93739318847656,-0.0395503881997959,2.680755122936445,-4.1169566329982805,-3.6791927591390174,-1.9264593910308048,1.3384838975611606,-0.0970836571360655,3.970432537314104,-0.4437649286437897,1.325265802300017
95.0,153.0,129.93739318847656,-0.0395503881997959,2.680755122936445,-4.116956632686724,-3.6791927591390174,-1.9264593910308048,1.3384838978933795,-0.0970836571042262,3.970432537314104,-0.4437649286437897,1.325265802300017
95.0,153.0,129.93739318847656,-0.0395503881997959,2.680755122936445,-4.1169566329982805,-3.6791927591390174,-1.9264593910308048,1.3384838975611606,-0.0970836571360655,3.970432537314104,-0.4437649286437897,1.325265802300017
95.0,153.0,129.93739318847656,-0.0395504010251914,2.680753911639364,-4.116956632470386,-3.6791927591390174,-1.9264593537814207,1.3384838939228696,-0.09708365710404,3.970432537314104,-0.4437609179454522,1.3252658022999926
95.0,153.0,129.93739318847656,-0.0395526978134652,2.680755122936445,-4.116956633002647,-3.6791927591390174,-1.9264585809931472,1.3384838975611606,-0.0970836571360655,3.970432537314104,-0.4437649286437897,1.3252658023000183
95.0,153.0,129.93739318847656,-0.0395502524448006,2.680755122936445,-4.116956632777794,-3.679192759094854,-1.9264593910308048,1.3384838975611606,-0.0970836571360655,3.970432537314104,-0.4437648743626543,1.325265802300017
95.0,153.0,129.93739318847656,-0.0395527946488757,2.6807548151982217,-4.1169566130850574,-3.6791927591390174,-1.9264585944628665,1.3384838972177575,-0.0970836571087099,3.9704327333748055,-0.4437650855073599,1.3252658022939436
95.0,153.0,129.93739318847656,-0.0395503881997959,2.680755122936445,-4.116956632986238,-3.6791927591390174,-1.9264593910308048,1.3384838978852616,-0.0970836571042262,3.970432537314104,-0.4437649286437897,1.325265802300017
95.0,153.0,129.93739318847656,-0.0395527946488757,2.6807548151982217,-4.1169566130850574,-3.6791927591390174,-1.9264585944628665,1.338483897220468,-0.0970836571087099,3.9704327333748055,-0.4437650896366103,1.3252658022939436
95.0,153.0,129.93739318847656,-0.0395527953620009,2.6807548151982217,-4.1169566130850574,-3.6791927849398967,-1.9264585944628665,1.3384838972177575,-0.0970836571278474,3.970432637648888,-0.4437650873161552,1.3252658022940125
95.0,153.0,129.93739318847656,-0.0395503882266395,2.680755122936445,-4.116956632686724,-3.6791927591390174,-1.9264593539486088,1.3384838978933795,-0.0970836571042262,3.970432537314104,-0.4437647889436475,1.325265802300017
95.0,153.0,129.93739318847656,-0.0395503881997959,2.680755122936445,-4.116956613693216,-3.6791927591390174,-1.9264593910308048,1.3384838975611606,-0.0970836571360655,3.970432537314104,-0.443764928279038,1.325265802300139
95.0,153.0,129.93740844726562,-0.0395527953620009,2.680755194608853,-4.116956632680287,-3.6791927591390174,-1.9264585944628665,1.3384838972177575,-0.0970836571087099,3.970434267118118,-0.4437650835043998,1.3252658022999912
95.0,153.0,129.93740844726562,-0.0395527953620009,2.680755124388352,-4.116956632680287,-3.6791927591390174,-1.926458593847817,1.3384838972177575,-0.0970836571123912,3.970434267118118,-0.4437650480194358,1.325265802299991
95.0,153.0,129.93740844726562,-0.0395527953620009,2.6807548151982217,-4.1169566130850574,-3.6791927591390174,-1.9264585944628665,1.3384838972177575,-0.0970836571087099,3.970434267118118,-0.4437650835043998,1.3252658022940125
95.0,153.0,129.93740844726562,-0.0395527428740105,2.680742378959924,-4.116956619544839,-3.6791927591390174,-1.9264585944628665,1.3384838972358055,-0.0970836571087099,3.9704322890606414,-0.4437651051176668,1.3252658023000217
95.0,153.0,129.93740844726562,-0.0395527953620009,2.6807686602659384,-4.116956633108242,-3.6791927591390174,-1.9264585944628665,1.3384838972177575,-0.0970836571087099,3.970434267118118,-0.4437652503155632,1.325265802662669
95.0,153.0,129.93740844726562,-0.0395527970912702,2.680755194608853,-4.116956632680287,-3.6791927591390174,-1.9264585944628665,1.3384838972177575,-0.0970836571087099,3.970434267118118,-0.4437650819918616,1.3252658022999912
95.0,153.0,129.9374237060547,-0.0395527953620009,2.680749289854788,-4.1169566167662905,-3.679192759138849,-1.926458701705267,1.3384838972177575,-0.0970836571072301,3.970433855512349,-0.4437649127383732,1.3252658022939832
95.0,153.0,129.9374237060547,-0.0395527953620009,2.680749289854788,-4.1169566167662905,-3.679192759138849,-1.926458716015487,1.3384838972940694,-0.0970836571037608,3.970433929793677,-0.4437610582494107,1.3252658022939832
95.0,153.0,129.9374542236328,-0.0395527937254684,2.680755968351373,-4.116956633111435,-3.679192752125274,-1.9264588032153165,1.3384838972332644,-0.0970836571121877,3.970438092228232,-0.4437649431455152,1.3252658022667043
95.0,153.0,129.93748474121094,-0.0395527937254684,2.6807346628834257,-4.116956615330579,-3.6791927519680776,-1.9264588032153165,1.3384838972122302,-0.0970836571121877,3.97043832867858,-0.4437649431455152,1.3252658022667043
95.0,153.0,129.9375,-0.0395502042597138,2.681575289705142,-4.1169566170404055,-3.679192782883397,-1.9264586115777227,1.33848389723637,-0.0970836567657126,3.97048443069962,-0.4437650488551773,1.3252658022999524
95.0,153.0,129.9375,-0.0395502042597138,2.681575289705142,-4.1169566170404055,-3.679192782883397,-1.9264586065237883,1.338483897559685,-0.0970836567657126,3.97048443069962,-0.4437650474607306,1.3252658022999524
95.0,153.0,129.9375,-0.0395502042597138,2.681575289705142,-4.1169566170404055,-3.679192782883397,-1.9264586065237883,1.338483897559685,-0.0970836567657126,3.97048443069962,-0.4437650474607306,1.3252658022999524
95.0,154.0,129.93455505371094,-0.039552784051143,2.681145460829714,-4.116956633052801,-3.679192759129076,-1.926459437130887,1.3384838978268496,-0.0970836570984592,3.970209863481891,-0.44376492737958,1.325265811157038
95.0,154.0,129.9345703125,-0.0395527895492811,2.6811256574851985,-4.11695661556976,-3.6791927624614575,-1.9264594097040568,1.338483897757644,-0.0970836571040771,3.970211257386188,-0.4437652446006525,1.32526580252055
95.0,154.0,129.9345703125,-0.0395527948926029,2.6811256574851985,-4.11695661556976,-3.679192762186062,-1.92645861879757,1.3384838971983264,-0.0970836571040276,3.970211257386188,-0.443765075364895,1.3252658025137758
95.0,154.0,129.9345703125,-0.0395527895492811,2.6811256574851985,-4.11695661556976,-3.6791927624614575,-1.926459390408712,1.338483897757644,-0.0970836571016601,3.970211257386188,-0.4437649315527432,1.32526580252055
95.0,154.0,129.93460083007812,-0.0395527722862848,2.6811529694526697,-4.1169566156471,-3.6791927620281824,-1.9264594092176857,1.338483897757644,-0.0970836570976132,3.970215275922692,-0.4437652446006525,1.3252658111804296
95.0,154.0,129.93460083007812,-0.0395527722862848,2.6811529694526697,-4.1169566156471,-3.6791927620281824,-1.9264594092176857,1.338483897757644,-0.0970836570976132,3.970215275922692,-0.4437652446006525,1.3252658111804296
95.0,154.0,129.93460083007812,-0.0395527722862848,2.6811529694526697,-4.1169566156471,-3.6791927620281824,-1.9264594092176857,1.338483897757644,-0.0970836567772476,3.970215275922692,-0.4437652446006525,1.3252658111237368
95.0,154.0,129.93460083007812,-0.0395527722862848,2.681153202343004,-4.1169566156471,-3.6791927620281824,-1.926458577098436,1.3384838977675868,-0.0970836567772353,3.970215275922692,-0.4437652446006525,1.3252658111237368
95.0,154.0,129.9346160888672,-0.0395527722862848,2.681145460829714,-4.1169566156471,-3.6791927620281824,-1.926458604959857,1.338483897825874,-0.0970836570974666,3.970215275922692,-0.4437650827195375,1.325265811157038
95.0,154.0,129.9346160888672,-0.0395527017661,2.681145460829714,-4.116956632449579,-3.679192759129076,-1.926458604268425,1.3384838978268496,-0.097083657098485,3.970215275922692,-0.44376492737958,1.325265811157038
95.0,154.0,129.9346160888672,-0.0395527722862848,2.6811395037955847,-4.116956615219144,-3.6791927620281824,-1.9264594092176857,1.338483897757644,-0.0970836570976132,3.970215275922692,-0.4437650777894891,1.3252658108177522
95.0,154.0,129.9346160888672,-0.0395529547057264,2.681135970475983,-4.11695661548883,-3.6791927590509297,-1.9264594092176857,1.338483897757644,-0.0970836570976132,3.970215275922692,-0.4437652446006525,1.3252658021771024
95.0,154.0,129.9346923828125,-0.0395503580863927,2.681141440089536,-4.116956618914361,-3.6791927624548704,-1.9264585942030688,1.33848389776764,-0.0970836571087099,3.9702220981886818,-0.443760928498695,1.3252658109801467
95.0,154.0,129.9347686767578,-0.0395503577653009,2.681141440089536,-4.116956618914361,-3.6791927624262426,-1.92645859369247,1.3384838977651894,-0.0970836571087099,3.970230283443516,-0.4437608962159906,1.3252658110592137
95.0,154.0,129.93479919433594,-0.0395527722862848,2.68076200356472,-4.116956615752645,-3.679192762030365,-1.9264594092176857,1.338483897757644,-0.0970836570976132,3.970205061471185,-0.4437652446006525,1.3252658111804296
95.0,154.0,129.93507385253906,-0.0395502499902108,2.6807379263903126,-4.116956616701441,-3.679192761121578,-1.9264586294464243,1.3384838972461717,-0.097083656779332,3.970228180201641,-0.4437607280602553,1.325265802300211
95.0,154.0,129.93594360351562,-0.0395527820608786,2.6811529694526697,-4.116956619086859,-3.6791927620281824,-1.926459426990661,1.3384838976151596,-0.0970836570976132,3.9703350247018414,-0.4437652446006525,1.3252658112914142
95.0,154.0,129.9359588623047,-0.0395527955811575,2.6811529694526697,-4.116956619086859,-3.6791927620281824,-1.926459426990661,1.3384838972261093,-0.0970836570976132,3.970335188636154,-0.4437652506047191,1.3252658112914142
95.0,154.0,129.93600463867188,-0.0395526997758356,2.6811529694526697,-4.116956618483638,-3.6791927620281824,-1.9264585941281989,1.3384838976151596,-0.0970836570976391,3.970340437142644,-0.4437652446006525,1.3252658112914142
95.0,154.0,129.9362335205078,-0.039552783274298,2.680755122936445,-4.116956619088191,-3.6791927591390174,-1.92645942783214,1.338483897558952,-0.0970836570967792,3.97033205060332,-0.4437649286437897,1.325265802300017
95.0,154.0,129.9366455078125,-0.0395526739364643,2.6815879174065462,-4.1169566170404055,-3.679192759080344,-1.926459247431402,1.33848389723637,-0.0970836567657126,3.9704109751736048,-0.4437650488551773,1.3252658022999524
95.0,154.0,129.93667602539062,-0.0395502042597138,2.681575289705142,-4.1169566170404055,-3.679192782883397,-1.9264585489765,1.3384838975797668,-0.0970836567657126,3.970414499079731,-0.4437650474607306,1.3252658022999524
95.0,154.0,129.9368896484375,-0.0395504010251914,2.6816041173529084,-4.116956614047512,-3.6791927591390174,-1.9264593564007493,1.3384838939228696,-0.09708365710404,3.970432537314104,-0.4437609179454522,1.325265802300017
95.0,154.0,129.9369354248047,-0.0395503837621952,2.68163142932038,-4.116956614124852,-3.679192758705743,-1.9264593559143788,1.3384838939228696,-0.0970836570975761,3.970436555850607,-0.4437609179454522,1.325265810959897
95.0,154.0,129.93707275390625,-0.0395502518592422,2.6807379263903126,-4.116956615262235,-3.679192761121578,-1.9264586214981536,1.3384838972461717,-0.0970836567754275,3.970403081024677,-0.443760724841614,1.3252658109111983
95.0,154.0,129.9370880126953,-0.0395502518592422,2.6807379263903126,-4.116956616701441,-3.679192761121578,-1.9264586294464243,1.3384838972461717,-0.097083656779332,3.970405773345607,-0.443760724841614,1.325265802300211
95.0,154.0,129.9370880126953,-0.0395502518592422,2.6807379263903126,-4.116956616701441,-3.679192761121578,-1.9264586294464243,1.3384838972461717,-0.097083656779332,3.970405773345607,-0.443760724841614,1.325265802300211
95.0,154.0,129.9370880126953,-0.039550398628551,2.6807379263903126,-4.116956616701441,-3.679192761099101,-1.926459349896389,1.3384838972461717,-0.0970836571151025,3.970405773345607,-0.443760724841614,1.325265802300211
95.0,154.0,129.9370880126953,-0.0395502518592422,2.680738409303025,-4.116956616701441,-3.679192761121578,-1.9264586294464243,1.3384838972915334,-0.0970836571280232,3.970405773345607,-0.443760724841614,1.3252658023000274
95.0,154.0,129.9370880126953,-0.0395502518592422,2.6807379263903126,-4.116956616701441,-3.679192761121578,-1.9264586294464243,1.3384838972461717,-0.097083656779332,3.970405773345607,-0.443760724841614,1.325265802300211
95.0,154.0,129.9370880126953,-0.0395502518592422,2.6807379263903126,-4.116956616701441,-3.679192761121578,-1.926458593511107,1.3384838972460442,-0.097083656779332,3.970405773345607,-0.443760724841614,1.325265802300211
95.0,154.0,129.9370880126953,-0.039550398628551,2.6807377458710024,-4.11695661712012,-3.679192761099101,-1.9264592853996347,1.3384838972461717,-0.0970836571155904,3.970405773345607,-0.443760724841614,1.3252658023002146
95.0,154.0,129.93714904785156,-0.0395526900056474,2.680737745430528,-4.116956632694745,-3.679192761165776,-1.9264592858724872,1.3384838976224709,-0.0970836570971202,3.970410257764139,-0.4437649431359394,1.325265802300017
95.0,154.0,129.93714904785156,-0.0395526900056474,2.6807379259498387,-4.1169566322760645,-3.679192761165776,-1.926459350369241,1.3384838976224709,-0.0970836570966323,3.970410257764139,-0.4437649431359394,1.3252658023000137
95.0,154.0,129.93736267089844,-0.0395504024737113,2.680755122936445,-4.116956632498055,-3.6791927591390174,-1.926458629460133,1.33848389386831,-0.0970836571139531,3.970430271801205,-0.4437650488551773,1.3252658022999515
95.0,154.0,129.93739318847656,-0.0395503881997959,2.680755122936445,-4.1169566329982805,-3.6791927591390174,-1.9264593910308048,1.3384838939228696,-0.09708365710404,3.970432537314104,-0.4437649286437897,1.325265802300017
95.0,154.0,129.93739318847656,-0.0395503881997959,2.680755122936445,-4.1169566329982805,-3.6791927591390174,-1.9264593910308048,1.3384838975611606,-0.0970836571360655,3.970432537314104,-0.4437649286437897,1.325265802300017
95.0,154.0,129.93739318847656,-0.0395503881997959,2.680755122936445,-4.116956632686724,-3.6791927591390174,-1.9264593910308048,1.3384838978933795,-0.0970836571042262,3.970432537314104,-0.4437649286437897,1.325265802300017
95.0,154.0,129.93739318847656,-0.0395503881997959,2.680755122936445,-4.1169566329982805,-3.6791927591390174,-1.9264593910308048,1.3384838975611606,-0.0970836571360655,3.970432537314104,-0.4437649286437897,1.325265802300017
95.0,154.0,129.93739318847656,-0.0395504010251914,2.680753911639364,-4.116956632470386,-3.6791927591390174,-1.9264593537814207,1.3384838939228696,-0.09708365710404,3.970432537314104,-0.4437609179454522,1.3252658022999926
95.0,154.0,129.93739318847656,-0.0395526978134652,2.680755122936445,-4.116956633002647,-3.6791927591390174,-1.9264585809931472,1.3384838975611606,-0.0970836571360655,3.970432537314104,-0.4437649286437897,1.3252658023000183
95.0,154.0,129.93739318847656,-0.0395502524448006,2.680755122936445,-4.116956632777794,-3.679192759094854,-1.9264593910308048,1.3384838975611606,-0.0970836571360655,3.970432537314104,-0.4437648743626543,1.325265802300017
95.0,154.0,129.93739318847656,-0.0395527946488757,2.6807548151982217,-4.1169566130850574,-3.6791927591390174,-1.9264585944628665,1.3384838972177575,-0.0970836571087099,3.9704327333748055,-0.4437650855073599,1.3252658022939436
95.0,154.0,129.93739318847656,-0.0395503881997959,2.680755122936445,-4.116956632986238,-3.6791927591390174,-1.9264593910308048,1.3384838978852616,-0.0970836571042262,3.970432537314104,-0.4437649286437897,1.325265802300017
95.0,154.0,129.93739318847656,-0.0395527946488757,2.6807548151982217,-4.1169566130850574,-3.6791927591390174,-1.9264585944628665,1.338483897220468,-0.0970836571087099,3.9704327333748055,-0.4437650896366103,1.3252658022939436
95.0,154.0,129.93739318847656,-0.0395527953620009,2.6807548151982217,-4.1169566130850574,-3.6791927849398967,-1.9264585944628665,1.3384838972177575,-0.0970836571278474,3.970432637648888,-0.4437650873161552,1.3252658022940125
95.0,154.0,129.93739318847656,-0.0395503882266395,2.680755122936445,-4.116956632686724,-3.6791927591390174,-1.9264593539486088,1.3384838978933795,-0.0970836571042262,3.970432537314104,-0.4437647889436475,1.325265802300017
95.0,154.0,129.93739318847656,-0.0395503881997959,2.680755122936445,-4.116956613693216,-3.6791927591390174,-1.9264593910308048,1.3384838975611606,-0.0970836571360655,3.970432537314104,-0.443764928279038,1.325265802300139
95.0,154.0,129.93739318847656,-0.0395503881997959,2.680755122936445,-4.1169566329982805,-3.6791927591390174,-1.9264594103261488,1.3384838975611606,-0.0970836571384825,3.970432537314104,-0.443765241691699,1.325265802300017
95.0,154.0,129.93740844726562,-0.0395527953620009,2.680755194608853,-4.116956632680287,-3.6791927591390174,-1.9264585944628665,1.3384838972177575,-0.0970836571087099,3.970434267118118,-0.4437650835043998,1.3252658022999912
95.0,155.0,129.93441772460938,-0.0395526739364643,2.6816012123672968,-4.1169566170404055,-3.679192759080344,-1.926459247431402,1.3384838977431257,-0.0970836567657126,3.9702143125854015,-0.4437650466007946,1.325265803028188
95.0,155.0,129.9344482421875,-0.0395528152637341,2.6811256574851985,-4.11695661556976,-3.6791927624614575,-1.9264594348314936,1.338483897757644,-0.0970836571040771,3.970199802932172,-0.4437607729053832,1.32526580252055
95.0,155.0,129.93455505371094,-0.039552784051143,2.681145460829714,-4.116956633052801,-3.679192759129076,-1.926459437130887,1.3384838978268496,-0.0970836570984592,3.970209863481891,-0.44376492737958,1.325265811157038
95.0,155.0,129.9345703125,-0.0395527895492811,2.6811256574851985,-4.11695661556976,-3.6791927624614575,-1.9264594097040568,1.338483897757644,-0.0970836571040771,3.970211257386188,-0.4437652446006525,1.32526580252055
95.0,155.0,129.9345703125,-0.0395527948926029,2.6811256574851985,-4.11695661556976,-3.679192762186062,-1.92645861879757,1.3384838971983264,-0.0970836571040276,3.970211257386188,-0.443765075364895,1.3252658025137758
95.0,155.0,129.9345703125,-0.0395527895492811,2.6811256574851985,-4.11695661556976,-3.6791927624614575,-1.926459390408712,1.338483897757644,-0.0970836571016601,3.970211257386188,-0.4437649315527432,1.32526580252055
95.0,155.0,129.9345703125,-0.0395503753323665,2.6811256574851985,-4.116956614074218,-3.6791927624614575,-1.9264594097040568,1.338483897757644,-0.0970836571040343,3.970211257386188,-0.4437609408846671,1.32526580252055
95.0,155.0,129.93458557128906,-0.0395527722862848,2.6811529694526697,-4.1169566187876905,-3.6791927620281824,-1.9264594092176857,1.3384838977575355,-0.0970836571087659,3.9702147731935664,-0.4437652446006525,1.3252658111237368
95.0,155.0,129.93460083007812,-0.0395527722862848,2.6811529694526697,-4.1169566156471,-3.6791927620281824,-1.9264594092176857,1.338483897757644,-0.0970836570976132,3.970215275922692,-0.4437652446006525,1.3252658111804296
95.0,155.0,129.93460083007812,-0.0395527722862848,2.6811529694526697,-4.1169566156471,-3.6791927620281824,-1.9264594092176857,1.338483897757644,-0.0970836570976132,3.970215275922692,-0.4437652446006525,1.3252658111804296
95.0,155.0,129.93460083007812,-0.0395527722862848,2.6811529694526697,-4.1169566156471,-3.6791927620281824,-1.9264594092176857,1.338483897757644,-0.0970836567772476,3.970215275922692,-0.4437652446006525,1.3252658111237368
95.0,155.0,129.93460083007812,-0.0395527722862848,2.681153202343004,-4.1169566156471,-3.6791927620281824,-1.926458577098436,1.3384838977675868,-0.0970836567772353,3.970215275922692,-0.4437652446006525,1.3252658111237368
95.0,155.0,129.93460083007812,-0.0395527820608786,2.681125253661525,-4.116956619086859,-3.679192762028324,-1.9264585037992377,1.3384838972148991,-0.0970836570976132,3.9702138570680567,-0.443765242148155,1.3252658025173525
95.0,155.0,129.93460083007812,-0.0395527722862848,2.6811529694526697,-4.1169566156471,-3.6791927620281824,-1.9264594092176857,1.338483897757644,-0.0970836570976132,3.970215275922692,-0.4437652446006525,1.3252658111804296
95.0,155.0,129.9346160888672,-0.0395527722862848,2.681145460829714,-4.1169566156471,-3.6791927620281824,-1.926458604959857,1.338483897825874,-0.0970836570974666,3.970215275922692,-0.4437650827195375,1.325265811157038
95.0,155.0,129.9346160888672,-0.0395527017661,2.681145460829714,-4.116956632449579,-3.679192759129076,-1.926458604268425,1.3384838978268496,-0.097083657098485,3.970215275922692,-0.44376492737958,1.325265811157038
95.0,155.0,129.9346160888672,-0.0395527722862848,2.6811395037955847,-4.116956615219144,-3.6791927620281824,-1.9264594092176857,1.338483897757644,-0.0970836570976132,3.970215275922692,-0.4437650777894891,1.3252658108177522
95.0,155.0,129.9346160888672,-0.0395529547057264,2.681135970475983,-4.11695661548883,-3.6791927590509297,-1.9264594092176857,1.338483897757644,-0.0970836570976132,3.970215275922692,-0.4437652446006525,1.3252658021771024
95.0,155.0,129.9346160888672,-0.0395527716759463,2.681145460829714,-4.1169566156471,-3.6791927620281824,-1.926458620030344,1.3384838977544753,-0.0970836570976146,3.970215275922692,-0.4437650785450028,1.3252658110313975
95.0,155.0,129.9346923828125,-0.0395503580863927,2.681141440089536,-4.116956618914361,-3.6791927624548704,-1.9264585942030688,1.33848389776764,-0.0970836571087099,3.9702220981886818,-0.443760928498695,1.3252658109801467
95.0,155.0,129.9347686767578,-0.0395503577653009,2.681141440089536,-4.116956618914361,-3.6791927624262426,-1.92645859369247,1.3384838977651894,-0.0970836571087099,3.970230283443516,-0.4437608962159906,1.3252658110592137
95.0,155.0,129.93479919433594,-0.0395527722862848,2.68076200356472,-4.116956615752645,-3.679192762030365,-1.9264594092176857,1.338483897757644,-0.0970836570976132,3.970205061471185,-0.4437652446006525,1.3252658111804296
95.0,155.0,129.93479919433594,-0.0395527722862848,2.68076200356472,-4.116956615752645,-3.679192761020441,-1.926459433089497,1.3384838977641058,-0.0970836570997386,3.970205061471185,-0.4437652446006525,1.3252658111804296
95.0,155.0,129.93507385253906,-0.0395502499902108,2.6807379263903126,-4.116956616701441,-3.679192761121578,-1.9264586294464243,1.3384838972461717,-0.097083656779332,3.970228180201641,-0.4437607280602553,1.325265802300211
95.0,155.0,129.9359130859375,-0.039552783274298,2.681154845567201,-4.116956615788436,-3.6791927591390174,-1.9264585710936064,1.3384838977857876,-0.0970836567774887,3.97033205060332,-0.4437649286437897,1.32526581175454
95.0,155.0,129.9359130859375,-0.0395527948926029,2.681153373276344,-4.11695661556976,-3.67919276218592,-1.9264595419889927,1.3384838975985869,-0.0970836571040276,3.970332425019974,-0.4437650778173925,1.3252658112878375
95.0,155.0,129.93592834472656,-0.0395527713125957,2.681153202343004,-4.11695661574086,-3.6791927620281824,-1.9264585407572803,1.3384838977675868,-0.0970836567772353,3.97033356397941,-0.4437652442767163,1.3252658112909734
95.0,155.0,129.93594360351562,-0.0395527820608786,2.6811529694526697,-4.116956619086859,-3.6791927620281824,-1.926459426990661,1.3384838976151596,-0.0970836570976132,3.9703350247018414,-0.4437652446006525,1.3252658112914142
95.0,155.0,129.9359588623047,-0.0395527955811575,2.6811529694526697,-4.116956619086859,-3.6791927620281824,-1.926459426990661,1.3384838972261093,-0.0970836570976132,3.970335188636154,-0.4437652506047191,1.3252658112914142
95.0,155.0,129.93600463867188,-0.0395526997758356,2.6811529694526697,-4.116956618483638,-3.6791927620281824,-1.9264585941281989,1.3384838976151596,-0.0970836570976391,3.970340437142644,-0.4437652446006525,1.3252658112914142
95.0,155.0,129.9362335205078,-0.039552783274298,2.680755122936445,-4.116956619088191,-3.6791927591390174,-1.92645942783214,1.338483897558952,-0.0970836570967792,3.97033205060332,-0.4437649286437897,1.325265802300017
95.0,155.0,129.9366455078125,-0.0395526739364643,2.6815879174065462,-4.1169566170404055,-3.679192759080344,-1.926459247431402,1.33848389723637,-0.0970836567657126,3.9704109751736048,-0.4437650488551773,1.3252658022999524
95.0,155.0,129.93667602539062,-0.0395502042597138,2.681575289705142,-4.1169566170404055,-3.679192782883397,-1.9264585489765,1.3384838975797668,-0.0970836567657126,3.970414499079731,-0.4437650474607306,1.3252658022999524
95.0,155.0,129.93673706054688,-0.0395503991614367,2.681136479139564,-4.116956618914361,-3.6791927623603513,-1.92645859369247,1.3384838977464926,-0.0970836571150894,3.970402453136475,-0.4437608939644989,1.3252658024989592
95.0,155.0,129.93679809570312,-0.0395526920256097,2.681145460829714,-4.11695663226998,-3.679192759181418,-1.926459437130887,1.3384838978268496,-0.0970836570984592,3.970408189797431,-0.44376492737958,1.325265811157038
95.0,155.0,129.9368438720703,-0.0395527722862848,2.681139674491919,-4.1169566156471,-3.6791927620281824,-1.9264594092176857,1.3384838972508883,-0.0970836567772476,3.970411938510896,-0.4437652468550353,1.3252658103955013
95.0,155.0,129.9368896484375,-0.0395504010251914,2.6816041173529084,-4.116956614047512,-3.6791927591390174,-1.9264593564007493,1.3384838939228696,-0.09708365710404,3.970432537314104,-0.4437609179454522,1.325265802300017
95.0,155.0,129.9369354248047,-0.0395503837621952,2.68163142932038,-4.116956614124852,-3.679192758705743,-1.9264593559143788,1.3384838939228696,-0.0970836570975761,3.970436555850607,-0.4437609179454522,1.325265810959897
95.0,155.0,129.93707275390625,-0.0395502518592422,2.6807379263903126,-4.116956615262235,-3.679192761121578,-1.9264586214981536,1.3384838972461717,-0.0970836567754275,3.970403081024677,-0.443760724841614,1.3252658109111983
95.0,155.0,129.9370880126953,-0.0395502518592422,2.6807379263903126,-4.116956616701441,-3.679192761121578,-1.9264586294464243,1.3384838972461717,-0.097083656779332,3.970405773345607,-0.443760724841614,1.325265802300211
95.0,155.0,129.9370880126953,-0.0395502518592422,2.6807379263903126,-4.116956616701441,-3.679192761121578,-1.9264586294464243,1.3384838972461717,-0.097083656779332,3.970405773345607,-0.443760724841614,1.325265802300211
95.0,155.0,129.9370880126953,-0.039550398628551,2.6807379263903126,-4.116956616701441,-3.679192761099101,-1.926459349896389,1.3384838972461717,-0.0970836571151025,3.970405773345607,-0.443760724841614,1.325265802300211
95.0,155.0,129.9370880126953,-0.0395502518592422,2.680738409303025,-4.116956616701441,-3.679192761121578,-1.9264586294464243,1.3384838972915334,-0.0970836571280232,3.970405773345607,-0.443760724841614,1.3252658023000274
95.0,155.0,129.9370880126953,-0.0395502518592422,2.6807379263903126,-4.116956616701441,-3.679192761121578,-1.9264586294464243,1.3384838972461717,-0.097083656779332,3.970405773345607,-0.443760724841614,1.325265802300211
95.0,155.0,129.9370880126953,-0.0395502518592422,2.6807379263903126,-4.116956616701441,-3.679192761121578,-1.926458593511107,1.3384838972460442,-0.097083656779332,3.970405773345607,-0.443760724841614,1.325265802300211
95.0,155.0,129.9370880126953,-0.039550398628551,2.6807377458710024,-4.11695661712012,-3.679192761099101,-1.9264592853996347,1.3384838972461717,-0.0970836571155904,3.970405773345607,-0.443760724841614,1.3252658023002146
95.0,155.0,129.9370880126953,-0.039550398628551,2.6807377458710024,-4.11695661712012,-3.679192762109025,-1.926459261527824,1.3384838972397102,-0.097083657113465,3.970405773345607,-0.443760724841614,1.3252658023002146
95.0,155.0,129.9370880126953,-0.0395502518592422,2.6807379263903126,-4.116956616701441,-3.679192761121578,-1.926458593511107,1.3384838972460442,-0.097083656779332,3.970405773345607,-0.443760724841614,1.325265802300211
95.0,155.0,129.93714904785156,-0.0395526900056474,2.680737745430528,-4.116956632694745,-3.679192761165776,-1.9264592858724872,1.3384838976224709,-0.0970836570971202,3.970410257764139,-0.4437649431359394,1.325265802300017
95.0,155.0,129.93714904785156,-0.0395526900056474,2.6807379259498387,-4.1169566322760645,-3.679192761165776,-1.926459350369241,1.3384838976224709,-0.0970836570966323,3.970410257764139,-0.4437649431359394,1.3252658023000137
95.0,156.0,129.9344024658203,-0.0395526739992738,2.6816014532392973,-4.116956617039357,-3.679192759080344,-1.926459247431402,1.3384838977421214,-0.0970836567657126,3.9702139386759705,-0.4437650216120971,1.325265803028188
95.0,156.0,129.93441772460938,-0.0395526739364643,2.6816012123672968,-4.1169566170404055,-3.679192759080344,-1.926459247431402,1.3384838977431257,-0.0970836567657126,3.9702143125854015,-0.4437650466007946,1.325265803028188
95.0,156.0,129.9344482421875,-0.0395528152637341,2.6811256574851985,-4.11695661556976,-3.6791927624614575,-1.9264594348314936,1.338483897757644,-0.0970836571040771,3.970199802932172,-0.4437607729053832,1.32526580252055
95.0,156.0,129.9344482421875,-0.0395528152009245,2.681125416613198,-4.116956615570808,-3.6791927624614575,-1.9264594348314936,1.3384838977586482,-0.0970836571040771,3.9702001768416015,-0.4437607978940807,1.32526580252055
95.0,156.0,129.93453979492188,-0.0395527820608786,2.681125253661525,-4.116956619086859,-3.679192762028324,-1.9264585037992377,1.338483897218771,-0.0970836570976132,3.970208201268401,-0.4437609075239148,1.3252658025173525
95.0,156.0,129.93455505371094,-0.039552784051143,2.681145460829714,-4.116956633052801,-3.679192759129076,-1.926459437130887,1.3384838978268496,-0.0970836570984592,3.970209863481891,-0.44376492737958,1.325265811157038
95.0,156.0,129.93455505371094,-0.039550267253105,2.681153202343004,-4.1169566140280764,-3.6791927620281824,-1.926458577098436,1.3384838977675868,-0.0970836567772353,3.9702111161688354,-0.4437656809420391,1.3252658110454014
95.0,156.0,129.9345703125,-0.0395527895492811,2.6811256574851985,-4.11695661556976,-3.6791927624614575,-1.9264594097040568,1.338483897757644,-0.0970836571040771,3.970211257386188,-0.4437652446006525,1.32526580252055
95.0,156.0,129.9345703125,-0.0395527948926029,2.6811256574851985,-4.11695661556976,-3.679192762186062,-1.92645861879757,1.3384838971983264,-0.0970836571040276,3.970211257386188,-0.443765075364895,1.3252658025137758
95.0,156.0,129.9345703125,-0.0395527895492811,2.6811256574851985,-4.11695661556976,-3.6791927624614575,-1.926459390408712,1.338483897757644,-0.0970836571016601,3.970211257386188,-0.4437649315527432,1.32526580252055
95.0,156.0,129.9345703125,-0.0395503753323665,2.6811256574851985,-4.116956614074218,-3.6791927624614575,-1.9264594097040568,1.338483897757644,-0.0970836571040343,3.970211257386188,-0.4437609408846671,1.32526580252055
95.0,156.0,129.9345703125,-0.0395527949754626,2.6811256574851985,-4.11695661556976,-3.679192762186062,-1.9264585578917988,1.3384838971983264,-0.0970836571040276,3.970211257386188,-0.443765075364895,1.3252658025137758
95.0,156.0,129.9345703125,-0.0395527951599024,2.681125117100476,-4.11695661556976,-3.679192762193322,-1.92645861879757,1.3384838971983264,-0.0970836571042005,3.970211257386188,-0.443765075364895,1.3252658025137758
95.0,156.0,129.9345703125,-0.0395503753323665,2.6811256574851985,-4.116956614074218,-3.6791927624614575,-1.9264594097040568,1.338483897757644,-0.0970836571040343,3.970211257386188,-0.4437663251510403,1.32526580252055
95.0,156.0,129.93458557128906,-0.0395527722862848,2.6811529694526697,-4.1169566187876905,-3.6791927620281824,-1.9264594092176857,1.3384838977575355,-0.0970836571087659,3.9702147731935664,-0.4437652446006525,1.3252658111237368
95.0,156.0,129.93460083007812,-0.0395527722862848,2.6811529694526697,-4.1169566156471,-3.6791927620281824,-1.9264594092176857,1.338483897757644,-0.0970836570976132,3.970215275922692,-0.4437652446006525,1.3252658111804296
95.0,156.0,129.93460083007812,-0.0395527722862848,2.6811529694526697,-4.1169566156471,-3.6791927620281824,-1.9264594092176857,1.338483897757644,-0.0970836570976132,3.970215275922692,-0.4437652446006525,1.3252658111804296
95.0,156.0,129.93460083007812,-0.0395527722862848,2.6811529694526697,-4.1169566156471,-3.6791927620281824,-1.9264594092176857,1.338483897757644,-0.0970836567772476,3.970215275922692,-0.4437652446006525,1.3252658111237368
95.0,156.0,129.93460083007812,-0.0395527722862848,2.681153202343004,-4.1169566156471,-3.6791927620281824,-1.926458577098436,1.3384838977675868,-0.0970836567772353,3.970215275922692,-0.4437652446006525,1.3252658111237368
95.0,156.0,129.93460083007812,-0.0395527820608786,2.681125253661525,-4.116956619086859,-3.679192762028324,-1.9264585037992377,1.3384838972148991,-0.0970836570976132,3.9702138570680567,-0.443765242148155,1.3252658025173525
95.0,156.0,129.93460083007812,-0.0395527722862848,2.6811529694526697,-4.1169566156471,-3.6791927620281824,-1.9264594092176857,1.338483897757644,-0.0970836570976132,3.970215275922692,-0.4437652446006525,1.3252658111804296
95.0,156.0,129.93460083007812,-0.03955278199632,2.681125253661525,-4.116956619086859,-3.679192762028324,-1.926459558227387,1.3384838972151805,-0.0970836571084743,3.9702138570680567,-0.443765242148155,1.3252658025173525
95.0,156.0,129.93460083007812,-0.0395527722862848,2.6811529694526697,-4.1169566156471,-3.6791927624642247,-1.9264594092176857,1.338483897757644,-0.0970836570976132,3.970215275922692,-0.4437653380774808,1.3252658111804296
95.0,156.0,129.93460083007812,-0.0395527722867395,2.6811529694526697,-4.1169566156471,-3.6791927620281824,-1.9264594092176857,1.338483897757644,-0.0970836570976132,3.970215275922692,-0.4437652523226988,1.3252658111804296
95.0,156.0,129.93460083007812,-0.0395527722862848,2.6811529694526697,-4.1169566156471,-3.679192762028298,-1.9264594092176857,1.338483897757644,-0.0970836570976132,3.970215275922692,-0.4437652446006525,1.3252658111804296
95.0,156.0,129.9346160888672,-0.0395527722862848,2.681145460829714,-4.1169566156471,-3.6791927620281824,-1.926458604959857,1.338483897825874,-0.0970836570974666,3.970215275922692,-0.4437650827195375,1.325265811157038
95.0,156.0,129.9346160888672,-0.0395527017661,2.681145460829714,-4.116956632449579,-3.679192759129076,-1.926458604268425,1.3384838978268496,-0.097083657098485,3.970215275922692,-0.44376492737958,1.325265811157038
95.0,156.0,129.9346160888672,-0.0395527722862848,2.6811395037955847,-4.116956615219144,-3.6791927620281824,-1.9264594092176857,1.338483897757644,-0.0970836570976132,3.970215275922692,-0.4437650777894891,1.3252658108177522
95.0,156.0,129.9346160888672,-0.0395529547057264,2.681135970475983,-4.11695661548883,-3.6791927590509297,-1.9264594092176857,1.338483897757644,-0.0970836570976132,3.970215275922692,-0.4437652446006525,1.3252658021771024
95.0,156.0,129.9346160888672,-0.0395527716759463,2.681145460829714,-4.1169566156471,-3.6791927620281824,-1.926458620030344,1.3384838977544753,-0.0970836570976146,3.970215275922692,-0.4437650785450028,1.3252658110313975
95.0,156.0,129.9346160888672,-0.0395527722862848,2.681132031401072,-4.1169566156471,-3.6791927620281824,-1.9264594092176857,1.338483893731564,-0.0970836570976132,3.970215275922692,-0.4437652446006525,1.3252658111804296
95.0,156.0,129.9346160888672,-0.0395527716759463,2.681145460829714,-4.1169566156471,-3.6791927620281824,-1.926458620030344,1.3384838977588596,-0.0970836570976146,3.970215275922692,-0.4437649370023696,1.3252658110313975
95.0,156.0,129.93463134765625,-0.0395529547057264,2.681123669765709,-4.1169566154846935,-3.679192759021439,-1.9264593519970787,1.3384838977646527,-0.0970836570976531,3.970215275922692,-0.4437652446006525,1.3252658021771024
95.0,156.0,129.93466186523438,-0.0395527721278895,2.681145460829714,-4.117011109324346,-3.679192759129076,-1.9264594380228064,1.338483897753599,-0.0970836570984592,3.9702151615133183,-0.4437649056706738,1.3252658111236897
95.0,156.0,129.9346923828125,-0.0395503580863927,2.681141440089536,-4.116956618914361,-3.6791927624548704,-1.9264585942030688,1.33848389776764,-0.0970836571087099,3.9702220981886818,-0.443760928498695,1.3252658109801467
95.0,156.0,129.9347686767578,-0.0395503577653009,2.681141440089536,-4.116956618914361,-3.6791927624262426,-1.92645859369247,1.3384838977651894,-0.0970836571087099,3.970230283443516,-0.4437608962159906,1.3252658110592137
95.0,156.0,129.93479919433594,-0.0395527722862848,2.68076200356472,-4.116956615752645,-3.679192762030365,-1.9264594092176857,1.338483897757644,-0.0970836570976132,3.970205061471185,-0.4437652446006525,1.3252658111804296
95.0,156.0,129.93479919433594,-0.0395527722862848,2.68076200356472,-4.116956615752645,-3.679192761020441,-1.926459433089497,1.3384838977641058,-0.0970836570997386,3.970205061471185,-0.4437652446006525,1.3252658111804296
95.0,156.0,129.93482971191406,-0.0395527722862848,2.680737292654964,-4.116956617027707,-3.6791927610217,-1.926459434210612,1.3384838972521311,-0.0970836570807469,3.970205061471185,-0.4437652358137329,1.3252658021727903
95.0,156.0,129.93507385253906,-0.0395502499902108,2.6807379263903126,-4.116956616701441,-3.679192761121578,-1.9264586294464243,1.3384838972461717,-0.097083656779332,3.970228180201641,-0.4437607280602553,1.325265802300211
95.0,156.0,129.9359130859375,-0.039552783274298,2.681154845567201,-4.116956615788436,-3.6791927591390174,-1.9264585710936064,1.3384838977857876,-0.0970836567774887,3.97033205060332,-0.4437649286437897,1.32526581175454
95.0,156.0,129.9359130859375,-0.0395527948926029,2.681153373276344,-4.11695661556976,-3.67919276218592,-1.9264595419889927,1.3384838975985869,-0.0970836571040276,3.970332425019974,-0.4437650778173925,1.3252658112878375
95.0,156.0,129.9359130859375,-0.039552783161647,2.6811545839356223,-4.116956615788436,-3.679192759143512,-1.9264585798087976,1.3384838977882123,-0.0970836567774887,3.970330862285416,-0.4437649286437897,1.3252658115721554
95.0,156.0,129.93592834472656,-0.0395527713125957,2.681153202343004,-4.11695661574086,-3.6791927620281824,-1.9264585407572803,1.3384838977675868,-0.0970836567772353,3.97033356397941,-0.4437652442767163,1.3252658112909734
95.0,156.0,129.93594360351562,-0.0395527820608786,2.6811529694526697,-4.116956619086859,-3.6791927620281824,-1.926459426990661,1.3384838976151596,-0.0970836570976132,3.9703350247018414,-0.4437652446006525,1.3252658112914142
95.0,156.0,129.9359588623047,-0.0395527955811575,2.6811529694526697,-4.116956619086859,-3.6791927620281824,-1.926459426990661,1.3384838972261093,-0.0970836570976132,3.970335188636154,-0.4437652506047191,1.3252658112914142
95.0,156.0,129.93600463867188,-0.0395526997758356,2.6811529694526697,-4.116956618483638,-3.6791927620281824,-1.9264585941281989,1.3384838976151596,-0.0970836570976391,3.970340437142644,-0.4437652446006525,1.3252658112914142
95.0,156.0,129.93600463867188,-0.0395526997758356,2.6811529694526697,-4.116956619097557,-3.6791927620281824,-1.9264585941281989,1.3384838976151596,-0.0970836570976391,3.970340437142644,-0.4437649525894231,1.3252658024049393
95.0,156.0,129.9362335205078,-0.039552783274298,2.680755122936445,-4.116956619088191,-3.6791927591390174,-1.92645942783214,1.338483897558952,-0.0970836570967792,3.97033205060332,-0.4437649286437897,1.325265802300017
95.0,156.0,129.9362335205078,-0.039552783274298,2.680755122936445,-4.116956618474271,-3.6791927591390174,-1.92645942783214,1.338483897558952,-0.0970836570967792,3.97033205060332,-0.4437652206550191,1.3252658111864917
95.0,157.0,129.9344024658203,-0.0395526739992738,2.6816014532392973,-4.116956617039357,-3.679192759080344,-1.926459247431402,1.3384838977421214,-0.0970836567657126,3.9702139386759705,-0.4437650216120971,1.325265803028188
95.0,157.0,129.93441772460938,-0.0395526739364643,2.6816012123672968,-4.1169566170404055,-3.679192759080344,-1.926459247431402,1.3384838977431257,-0.0970836567657126,3.9702143125854015,-0.4437650466007946,1.325265803028188
95.0,157.0,129.93441772460938,-0.0395527727416845,2.6816012123672968,-4.116956618842722,-3.679192759080344,-1.926459247431402,1.338483897743256,-0.0970836571245821,3.9702143125854015,-0.4437650466007946,1.325265803098706
95.0,157.0,129.93441772460938,-0.0395503491953879,2.6816012123672968,-4.1169566170404055,-3.679192759080344,-1.926459244191836,1.3384838977574842,-0.0970836567657126,3.9702143125854015,-0.4437650466007946,1.325265803028188
95.0,157.0,129.9344482421875,-0.0395528152637341,2.6811256574851985,-4.11695661556976,-3.6791927624614575,-1.9264594348314936,1.338483897757644,-0.0970836571040771,3.970199802932172,-0.4437607729053832,1.32526580252055
95.0,157.0,129.9344482421875,-0.0395528152009245,2.681125416613198,-4.116956615570808,-3.6791927624614575,-1.9264594348314936,1.3384838977586482,-0.0970836571040771,3.9702001768416015,-0.4437607978940807,1.32526580252055
95.0,157.0,129.9344482421875,-0.0395528152637341,2.6811256574851985,-4.116956617072264,-3.679192762570402,-1.9264594348314936,1.3384838977425042,-0.097083657096186,3.970199802932172,-0.4437651834921094,1.325265802532821
95.0,157.0,129.9344482421875,-0.0395528152009245,2.681125416613198,-4.116956615570808,-3.6791927624614575,-1.9264594348314936,1.3384838977576303,-0.0970836571040771,3.9702001768416015,-0.4437607978940807,1.32526580252055
95.0,157.0,129.9344482421875,-0.0395529542225332,2.6811256574851985,-4.116956615484185,-3.6791927624614575,-1.9264594348314936,1.3384838977578053,-0.0970836571040771,3.970199802932172,-0.4437607729053832,1.3252658021770425
95.0,157.0,129.9344482421875,-0.0395528471442876,2.681125416613198,-4.116956615570808,-3.6791927624614575,-1.926458566572031,1.3384838977586482,-0.0970836571040771,3.9702001179433135,-0.4437607978940807,1.32526580252055
95.0,157.0,129.93453979492188,-0.0395527820608786,2.681125253661525,-4.116956619086859,-3.679192762028324,-1.9264585037992377,1.338483897218771,-0.0970836570976132,3.970208201268401,-0.4437609075239148,1.3252658025173525
95.0,157.0,129.93455505371094,-0.039552784051143,2.681145460829714,-4.116956633052801,-3.679192759129076,-1.926459437130887,1.3384838978268496,-0.0970836570984592,3.970209863481891,-0.44376492737958,1.325265811157038
95.0,157.0,129.93455505371094,-0.039550267253105,2.681153202343004,-4.1169566140280764,-3.6791927620281824,-1.926458577098436,1.3384838977675868,-0.0970836567772353,3.9702111161688354,-0.4437656809420391,1.3252658110454014
95.0,157.0,129.93455505371094,-0.039550267253105,2.681153159851384,-4.116956615785278,-3.679192761945365,-1.926458577098436,1.3384838977679103,-0.0970836567772353,3.9702111161688354,-0.4437657428545531,1.3252658110454014
95.0,157.0,129.93455505371094,-0.0395527943375033,2.681145460829714,-4.116956633052801,-3.679192759129076,-1.92645942926294,1.3384838978268496,-0.0970836571035546,3.970209883762384,-0.44376492737958,1.3252658021298505
95.0,157.0,129.93455505371094,-0.0395527895492811,2.681154205696199,-4.11695661556976,-3.6791927624614575,-1.9264593559839,1.338483897757644,-0.0970836571016601,3.970211257386188,-0.4437657064922989,1.32526580252055
95.0,157.0,129.9345703125,-0.0395527895492811,2.6811256574851985,-4.11695661556976,-3.6791927624614575,-1.9264594097040568,1.338483897757644,-0.0970836571040771,3.970211257386188,-0.4437652446006525,1.32526580252055
95.0,157.0,129.9345703125,-0.0395527948926029,2.6811256574851985,-4.11695661556976,-3.679192762186062,-1.92645861879757,1.3384838971983264,-0.0970836571040276,3.970211257386188,-0.443765075364895,1.3252658025137758
95.0,157.0,129.9345703125,-0.0395527895492811,2.6811256574851985,-4.11695661556976,-3.6791927624614575,-1.926459390408712,1.338483897757644,-0.0970836571016601,3.970211257386188,-0.4437649315527432,1.32526580252055
95.0,157.0,129.9345703125,-0.0395503753323665,2.6811256574851985,-4.116956614074218,-3.6791927624614575,-1.9264594097040568,1.338483897757644,-0.0970836571040343,3.970211257386188,-0.4437609408846671,1.32526580252055
95.0,157.0,129.9345703125,-0.0395527949754626,2.6811256574851985,-4.11695661556976,-3.679192762186062,-1.9264585578917988,1.3384838971983264,-0.0970836571040276,3.970211257386188,-0.443765075364895,1.3252658025137758
95.0,157.0,129.9345703125,-0.0395527951599024,2.681125117100476,-4.11695661556976,-3.679192762193322,-1.92645861879757,1.3384838971983264,-0.0970836571042005,3.970211257386188,-0.443765075364895,1.3252658025137758
95.0,157.0,129.9345703125,-0.0395503753323665,2.6811256574851985,-4.116956614074218,-3.6791927624614575,-1.9264594097040568,1.338483897757644,-0.0970836571040343,3.970211257386188,-0.4437663251510403,1.32526580252055
95.0,157.0,129.9345703125,-0.0395527949754626,2.6811264513723314,-4.116956633896417,-3.6791927619550497,-1.9264585578917988,1.3384838971983264,-0.0970836571040276,3.970211257386188,-0.4437650748560692,1.3252658025137758
95.0,157.0,129.9345703125,-0.0395527674075684,2.681125284760643,-4.116956614074218,-3.6791927624614575,-1.9264586347380963,1.3384838977576703,-0.0970836571040201,3.970211257386188,-0.4437663251510403,1.3252658027699873
95.0,157.0,129.9345703125,-0.039550267253105,2.681124654132004,-4.1169566140280764,-3.6791927620281824,-1.9264586115232487,1.3384838977675868,-0.0970836567772353,3.9702111161688354,-0.4437649060024835,1.3252658110454014
95.0,157.0,129.9345703125,-0.0395503753323665,2.681144992456559,-4.116957225028678,-3.6791927624614575,-1.9264594097040568,1.338483897757644,-0.0970836571040343,3.970211296492933,-0.4437663251510403,1.32526580252055
95.0,157.0,129.93458557128906,-0.0395527722862848,2.6811529694526697,-4.1169566187876905,-3.6791927620281824,-1.9264594092176857,1.3384838977575355,-0.0970836571087659,3.9702147731935664,-0.4437652446006525,1.3252658111237368
95.0,157.0,129.93458557128906,-0.039552784191334,2.681145460829714,-4.116956617030321,-3.67919276224904,-1.9264592709395063,1.338483897825874,-0.0970836570974666,3.97021394696167,-0.4437650800991731,1.325265802886086
95.0,157.0,129.93458557128906,-0.0395526734810646,2.6811529694526697,-4.116956616985374,-3.6791927620281824,-1.9264594092176857,1.3384838977574052,-0.0970836567498963,3.9702147731935664,-0.4437652446006525,1.3252658110532187
95.0,157.0,129.93460083007812,-0.0395527722862848,2.6811529694526697,-4.1169566156471,-3.6791927620281824,-1.9264594092176857,1.338483897757644,-0.0970836570976132,3.970215275922692,-0.4437652446006525,1.3252658111804296
95.0,157.0,129.93460083007812,-0.0395527722862848,2.6811529694526697,-4.1169566156471,-3.6791927620281824,-1.9264594092176857,1.338483897757644,-0.0970836570976132,3.970215275922692,-0.4437652446006525,1.3252658111804296
95.0,157.0,129.93460083007812,-0.0395527722862848,2.6811529694526697,-4.1169566156471,-3.6791927620281824,-1.9264594092176857,1.338483897757644,-0.0970836567772476,3.970215275922692,-0.4437652446006525,1.3252658111237368
95.0,157.0,129.93460083007812,-0.0395527722862848,2.681153202343004,-4.1169566156471,-3.6791927620281824,-1.926458577098436,1.3384838977675868,-0.0970836567772353,3.970215275922692,-0.4437652446006525,1.3252658111237368
95.0,157.0,129.93460083007812,-0.0395527820608786,2.681125253661525,-4.116956619086859,-3.679192762028324,-1.9264585037992377,1.3384838972148991,-0.0970836570976132,3.9702138570680567,-0.443765242148155,1.3252658025173525
95.0,157.0,129.93460083007812,-0.0395527722862848,2.6811529694526697,-4.1169566156471,-3.6791927620281824,-1.9264594092176857,1.338483897757644,-0.0970836570976132,3.970215275922692,-0.4437652446006525,1.3252658111804296
95.0,157.0,129.93460083007812,-0.03955278199632,2.681125253661525,-4.116956619086859,-3.679192762028324,-1.926459558227387,1.3384838972151805,-0.0970836571084743,3.9702138570680567,-0.443765242148155,1.3252658025173525
95.0,157.0,129.93460083007812,-0.0395527722862848,2.6811529694526697,-4.1169566156471,-3.6791927624642247,-1.9264594092176857,1.338483897757644,-0.0970836570976132,3.970215275922692,-0.4437653380774808,1.3252658111804296
95.0,157.0,129.93460083007812,-0.0395527722867395,2.6811529694526697,-4.1169566156471,-3.6791927620281824,-1.9264594092176857,1.338483897757644,-0.0970836570976132,3.970215275922692,-0.4437652523226988,1.3252658111804296
95.0,157.0,129.93460083007812,-0.0395527722862848,2.6811529694526697,-4.1169566156471,-3.679192762028298,-1.9264594092176857,1.338483897757644,-0.0970836570976132,3.970215275922692,-0.4437652446006525,1.3252658111804296
95.0,157.0,129.93460083007812,-0.0395527722862848,2.6811529694526697,-4.1169566156471,-3.6791927620281824,-1.9264594092176857,1.3384838977586615,-0.0970836570976132,3.970215275922692,-0.4437652446006525,1.3252658111804296
95.0,157.0,129.93460083007812,-0.0395527722862889,2.6811529694526697,-4.1169566156471,-3.679192762028168,-1.9264594092176857,1.338483897757644,-0.0970836570976132,3.970215275922692,-0.4437652444640579,1.3252658111804296
95.0,157.0,129.93460083007812,-0.0395527722862848,2.6811529694526697,-4.1169566156471,-3.6791927620281824,-1.9264594092176857,1.338483897757644,-0.0970836570976132,3.970215275922692,-0.4437652446006525,1.3252658111804296
95.0,157.0,129.93460083007812,-0.0395527820675475,2.681153739041861,-4.116956619086859,-3.679192762028324,-1.9264585037992377,1.338483897218771,-0.0970836570976132,3.970215550067502,-0.443761045938368,1.3252658027572362
95.0,157.0,129.9346160888672,-0.0395527722862848,2.681145460829714,-4.1169566156471,-3.6791927620281824,-1.926458604959857,1.338483897825874,-0.0970836570974666,3.970215275922692,-0.4437650827195375,1.325265811157038
95.0,157.0,129.9346160888672,-0.0395527017661,2.681145460829714,-4.116956632449579,-3.679192759129076,-1.926458604268425,1.3384838978268496,-0.097083657098485,3.970215275922692,-0.44376492737958,1.325265811157038
95.0,157.0,129.9346160888672,-0.0395527722862848,2.6811395037955847,-4.116956615219144,-3.6791927620281824,-1.9264594092176857,1.338483897757644,-0.0970836570976132,3.970215275922692,-0.4437650777894891,1.3252658108177522
95.0,157.0,129.9346160888672,-0.0395529547057264,2.681135970475983,-4.11695661548883,-3.6791927590509297,-1.9264594092176857,1.338483897757644,-0.0970836570976132,3.970215275922692,-0.4437652446006525,1.3252658021771024
95.0,157.0,129.9346160888672,-0.0395527716759463,2.681145460829714,-4.1169566156471,-3.6791927620281824,-1.926458620030344,1.3384838977544753,-0.0970836570976146,3.970215275922692,-0.4437650785450028,1.3252658110313975
95.0,157.0,129.9346160888672,-0.0395527722862848,2.681132031401072,-4.1169566156471,-3.6791927620281824,-1.9264594092176857,1.338483893731564,-0.0970836570976132,3.970215275922692,-0.4437652446006525,1.3252658111804296
95.0,158.0,129.93423461914062,-0.0395526739992738,2.6816014532392973,-4.116956617039357,-3.679192759080344,-1.926459426977689,1.3384838977421214,-0.0970836570973314,3.97019848474412,-0.4437650216120971,1.325265803028188
95.0,158.0,129.9342498779297,-0.0395526849672398,2.6811529694526697,-4.1169566187876905,-3.679192761878534,-1.9264594092176857,1.338636623364301,-0.0970836571087659,3.970214778549511,-0.4437652446006525,1.3252658111237368
95.0,158.0,129.9343719482422,-0.0395502737281367,2.681616213293441,-4.11695661569935,-3.679192761945365,-1.926458577098436,1.3384838977679103,-0.0970836567658439,3.9702111161688354,-0.4437657428545531,1.3252658108772108
95.0,158.0,129.9344024658203,-0.0395526739992738,2.6816014532392973,-4.116956617039357,-3.679192759080344,-1.926459247431402,1.3384838977421214,-0.0970836567657126,3.9702139386759705,-0.4437650216120971,1.325265803028188
95.0,158.0,129.93441772460938,-0.0395526739364643,2.6816012123672968,-4.1169566170404055,-3.679192759080344,-1.926459247431402,1.3384838977431257,-0.0970836567657126,3.9702143125854015,-0.4437650466007946,1.325265803028188
95.0,158.0,129.93441772460938,-0.0395527727416845,2.6816012123672968,-4.116956618842722,-3.679192759080344,-1.926459247431402,1.338483897743256,-0.0970836571245821,3.9702143125854015,-0.4437650466007946,1.325265803098706
95.0,158.0,129.93441772460938,-0.0395503491953879,2.6816012123672968,-4.1169566170404055,-3.679192759080344,-1.926459244191836,1.3384838977574842,-0.0970836567657126,3.9702143125854015,-0.4437650466007946,1.325265803028188
95.0,158.0,129.9344482421875,-0.0395528152637341,2.6811256574851985,-4.11695661556976,-3.6791927624614575,-1.9264594348314936,1.338483897757644,-0.0970836571040771,3.970199802932172,-0.4437607729053832,1.32526580252055
95.0,158.0,129.9344482421875,-0.0395528152009245,2.681125416613198,-4.116956615570808,-3.6791927624614575,-1.9264594348314936,1.3384838977586482,-0.0970836571040771,3.9702001768416015,-0.4437607978940807,1.32526580252055
95.0,158.0,129.9344482421875,-0.0395528152637341,2.6811256574851985,-4.116956617072264,-3.679192762570402,-1.9264594348314936,1.3384838977425042,-0.097083657096186,3.970199802932172,-0.4437651834921094,1.325265802532821
95.0,158.0,129.9344482421875,-0.0395528152009245,2.681125416613198,-4.116956615570808,-3.6791927624614575,-1.9264594348314936,1.3384838977576303,-0.0970836571040771,3.9702001768416015,-0.4437607978940807,1.32526580252055
95.0,158.0,129.9344482421875,-0.0395529542225332,2.6811256574851985,-4.116956615484185,-3.6791927624614575,-1.9264594348314936,1.3384838977578053,-0.0970836571040771,3.970199802932172,-0.4437607729053832,1.3252658021770425
95.0,158.0,129.9344482421875,-0.0395528471442876,2.681125416613198,-4.116956615570808,-3.6791927624614575,-1.926458566572031,1.3384838977586482,-0.0970836571040771,3.9702001179433135,-0.4437607978940807,1.32526580252055
95.0,158.0,129.9344482421875,-0.0395528152637341,2.6811256574851985,-4.11695661556976,-3.6791927624614575,-1.9264594348314936,1.338483897757644,-0.0970836571041165,3.970199802932172,-0.4437650149099299,1.32526580252055
95.0,158.0,129.9344482421875,-0.0395528471442876,2.681125416613198,-4.116956615570808,-3.6791927624614575,-1.926458566572031,1.3384838977586482,-0.0970836571041551,3.9702001179433135,-0.4437605657249062,1.3252658025210955
95.0,158.0,129.9344482421875,-0.0395528471442876,2.681125416613198,-4.116956615570808,-3.6791927624614575,-1.9264594380751503,1.3384838977586482,-0.0970836571040771,3.9702001179433135,-0.4437607978940807,1.32526580252055
95.0,158.0,129.9344482421875,-0.039552781548207,2.681125416613198,-4.116956615730903,-3.6791927624614575,-1.9264594530386765,1.3384838972229285,-0.0970836571039625,3.9702001768416015,-0.4437610498663588,1.3252658027627553
95.0,158.0,129.9344482421875,-0.0395528152009245,2.681125416613198,-4.116956615570808,-3.6791927624614575,-1.9264585633283748,1.3384838977576303,-0.0970836571040771,3.9702001768416015,-0.4437607978940807,1.32526580252055
95.0,158.0,129.93446350097656,-0.0395527722862848,2.6811250857220066,-4.1169566156471,-3.6791927624455982,-1.9264594092176857,1.3384838977586615,-0.097083657104222,3.970200477465416,-0.4437651976317956,1.3252658111804296
95.0,158.0,129.93453979492188,-0.0395527820608786,2.681125253661525,-4.116956619086859,-3.679192762028324,-1.9264585037992377,1.338483897218771,-0.0970836570976132,3.970208201268401,-0.4437609075239148,1.3252658025173525
95.0,158.0,129.93453979492188,-0.0395503491953879,2.681172942135815,-4.116956617100109,-3.679192759080344,-1.92645924018628,1.3384838977575393,-0.0970836567764837,3.970211100157356,-0.4437657934441217,1.325265803028188
95.0,158.0,129.93453979492188,-0.0395527820608786,2.681125253661525,-4.116956616815238,-3.679192762028324,-1.9264585037992377,1.338483897218771,-0.0970836570974675,3.970208201268401,-0.4437607330584681,1.3252658029049855
95.0,158.0,129.93455505371094,-0.039552784051143,2.681145460829714,-4.116956633052801,-3.679192759129076,-1.926459437130887,1.3384838978268496,-0.0970836570984592,3.970209863481891,-0.44376492737958,1.325265811157038
95.0,158.0,129.93455505371094,-0.039550267253105,2.681153202343004,-4.1169566140280764,-3.6791927620281824,-1.926458577098436,1.3384838977675868,-0.0970836567772353,3.9702111161688354,-0.4437656809420391,1.3252658110454014
95.0,158.0,129.93455505371094,-0.039550267253105,2.681153159851384,-4.116956615785278,-3.679192761945365,-1.926458577098436,1.3384838977679103,-0.0970836567772353,3.9702111161688354,-0.4437657428545531,1.3252658110454014
95.0,158.0,129.93455505371094,-0.0395527943375033,2.681145460829714,-4.116956633052801,-3.679192759129076,-1.92645942926294,1.3384838978268496,-0.0970836571035546,3.970209883762384,-0.44376492737958,1.3252658021298505
95.0,158.0,129.93455505371094,-0.0395527895492811,2.681154205696199,-4.11695661556976,-3.6791927624614575,-1.9264593559839,1.338483897757644,-0.0970836571016601,3.970211257386188,-0.4437657064922989,1.32526580252055
95.0,158.0,129.93455505371094,-0.039550267253105,2.681153202343004,-4.1169566140280764,-3.679192759222293,-1.926458577098436,1.338483897769026,-0.097083657100705,3.9702111161688354,-0.4437648421803907,1.3252658112204252
95.0,158.0,129.93455505371094,-0.0395527943375033,2.681145460829714,-4.116956633052801,-3.679192761934965,-1.92645942926294,1.3384838978254106,-0.0970836567800849,3.970209883762384,-0.4437657661412285,1.325265801954827
95.0,158.0,129.9345703125,-0.0395527895492811,2.6811256574851985,-4.11695661556976,-3.6791927624614575,-1.9264594097040568,1.338483897757644,-0.0970836571040771,3.970211257386188,-0.4437652446006525,1.32526580252055
95.0,158.0,129.9345703125,-0.0395527948926029,2.6811256574851985,-4.11695661556976,-3.679192762186062,-1.92645861879757,1.3384838971983264,-0.0970836571040276,3.970211257386188,-0.443765075364895,1.3252658025137758
95.0,158.0,129.9345703125,-0.0395527895492811,2.6811256574851985,-4.11695661556976,-3.6791927624614575,-1.926459390408712,1.338483897757644,-0.0970836571016601,3.970211257386188,-0.4437649315527432,1.32526580252055
95.0,158.0,129.9345703125,-0.0395503753323665,2.6811256574851985,-4.116956614074218,-3.6791927624614575,-1.9264594097040568,1.338483897757644,-0.0970836571040343,3.970211257386188,-0.4437609408846671,1.32526580252055
95.0,158.0,129.9345703125,-0.0395527949754626,2.6811256574851985,-4.11695661556976,-3.679192762186062,-1.9264585578917988,1.3384838971983264,-0.0970836571040276,3.970211257386188,-0.443765075364895,1.3252658025137758
95.0,158.0,129.9345703125,-0.0395527951599024,2.681125117100476,-4.11695661556976,-3.679192762193322,-1.92645861879757,1.3384838971983264,-0.0970836571042005,3.970211257386188,-0.443765075364895,1.3252658025137758
95.0,158.0,129.9345703125,-0.0395503753323665,2.6811256574851985,-4.116956614074218,-3.6791927624614575,-1.9264594097040568,1.338483897757644,-0.0970836571040343,3.970211257386188,-0.4437663251510403,1.32526580252055
95.0,158.0,129.9345703125,-0.0395527949754626,2.6811264513723314,-4.116956633896417,-3.6791927619550497,-1.9264585578917988,1.3384838971983264,-0.0970836571040276,3.970211257386188,-0.4437650748560692,1.3252658025137758
95.0,158.0,129.9345703125,-0.0395527674075684,2.681125284760643,-4.116956614074218,-3.6791927624614575,-1.9264586347380963,1.3384838977576703,-0.0970836571040201,3.970211257386188,-0.4437663251510403,1.3252658027699873
95.0,158.0,129.9345703125,-0.039550267253105,2.681124654132004,-4.1169566140280764,-3.6791927620281824,-1.9264586115232487,1.3384838977675868,-0.0970836567772353,3.9702111161688354,-0.4437649060024835,1.3252658110454014
95.0,158.0,129.9345703125,-0.0395503753323665,2.681144992456559,-4.116957225028678,-3.6791927624614575,-1.9264594097040568,1.338483897757644,-0.0970836571040343,3.970211296492933,-0.4437663251510403,1.32526580252055
95.0,158.0,129.9345703125,-0.0395503753323665,2.6811256574851985,-4.116956614074218,-3.6791927624614575,-1.9264594097177103,1.3384838977573992,-0.0970836571040343,3.970211257386188,-0.4437647845689262,1.325265801929788
95.0,158.0,129.93458557128906,-0.0395527722862848,2.6811529694526697,-4.1169566187876905,-3.6791927620281824,-1.9264594092176857,1.3384838977575355,-0.0970836571087659,3.9702147731935664,-0.4437652446006525,1.3252658111237368
95.0,158.0,129.93458557128906,-0.039552784191334,2.681145460829714,-4.116956617030321,-3.67919276224904,-1.9264592709395063,1.338483897825874,-0.0970836570974666,3.97021394696167,-0.4437650800991731,1.325265802886086
95.0,158.0,129.93458557128906,-0.0395526734810646,2.6811529694526697,-4.116956616985374,-3.6791927620281824,-1.9264594092176857,1.3384838977574052,-0.0970836567498963,3.9702147731935664,-0.4437652446006525,1.3252658110532187
95.0,158.0,129.93458557128906,-0.0395529542225332,2.681153541215862,-4.116956615484185,-3.679192762044041,-1.9264594348314936,1.3384838977578053,-0.0970836570974683,3.970214601389448,-0.4437608198742401,1.3252658021770425
95.0,158.0,129.93460083007812,-0.0395527722862848,2.6811529694526697,-4.1169566156471,-3.6791927620281824,-1.9264594092176857,1.338483897757644,-0.0970836570976132,3.970215275922692,-0.4437652446006525,1.3252658111804296
95.0,158.0,129.93460083007812,-0.0395527722862848,2.6811529694526697,-4.1169566156471,-3.6791927620281824,-1.9264594092176857,1.338483897757644,-0.0970836570976132,3.970215275922692,-0.4437652446006525,1.3252658111804296
95.0,158.0,129.93460083007812,-0.0395527722862848,2.6811529694526697,-4.1169566156471,-3.6791927620281824,-1.9264594092176857,1.338483897757644,-0.0970836567772476,3.970215275922692,-0.4437652446006525,1.3252658111237368
95.0,158.0,129.93460083007812,-0.0395527722862848,2.681153202343004,-4.1169566156471,-3.6791927620281824,-1.926458577098436,1.3384838977675868,-0.0970836567772353,3.970215275922692,-0.4437652446006525,1.3252658111237368
95.0,158.0,129.93460083007812,-0.0395527820608786,2.681125253661525,-4.116956619086859,-3.679192762028324,-1.9264585037992377,1.3384838972148991,-0.0970836570976132,3.9702138570680567,-0.443765242148155,1.3252658025173525
95.0,159.0,129.93423461914062,-0.0395526739992738,2.6816014532392973,-4.116956617039357,-3.679192759080344,-1.926459426977689,1.3384838977421214,-0.0970836570973314,3.97019848474412,-0.4437650216120971,1.325265803028188
95.0,159.0,129.93423461914062,-0.0395526739992738,2.6816014532392973,-4.116956617039357,-3.679192759080344,-1.926459426977689,1.3384838977421214,-0.0970836570973314,3.97019848474412,-0.4437650216120971,1.325265803028188
95.0,159.0,129.93423461914062,-0.0395526739992738,2.6816014532392973,-4.116956617040451,-3.679192759080344,-1.9264594251750315,1.338483897742388,-0.0970836570772694,3.970198974088153,-0.4437650468242478,1.325265803028188
95.0,159.0,129.9342498779297,-0.0395526849672398,2.6811529694526697,-4.1169566187876905,-3.679192761878534,-1.9264594092176857,1.338636623364301,-0.0970836571087659,3.970214778549511,-0.4437652446006525,1.3252658111237368
95.0,159.0,129.9342498779297,-0.0395527722862848,2.681593827708668,-4.116956618457429,-3.6791927624455982,-1.9264594092176857,1.3384838977586615,-0.0970836571052168,3.970200477465416,-0.4437650423152093,1.3252658111804296
95.0,159.0,129.9342498779297,-0.0395526849672398,2.6811529694526697,-4.1169566187876905,-3.679192761878534,-1.9264594092176857,1.338636623364301,-0.0970836571087659,3.970214778549511,-0.4437652446006525,1.3252658111237368
95.0,159.0,129.9343719482422,-0.0395502737281367,2.681616213293441,-4.11695661569935,-3.679192761945365,-1.926458577098436,1.3384838977679103,-0.0970836567658439,3.9702111161688354,-0.4437657428545531,1.3252658108772108
95.0,159.0,129.9343719482422,-0.0395502737281367,2.6816064150630137,-4.116956614029072,-3.679192761945365,-1.926458577098436,1.3384838977679292,-0.0970836567653619,3.9702111161688354,-0.4437657428545531,1.3252658110485644
95.0,159.0,129.9344024658203,-0.0395526739992738,2.6816014532392973,-4.116956617039357,-3.679192759080344,-1.926459247431402,1.3384838977421214,-0.0970836567657126,3.9702139386759705,-0.4437650216120971,1.325265803028188
95.0,159.0,129.93441772460938,-0.0395526739364643,2.6816012123672968,-4.1169566170404055,-3.679192759080344,-1.926459247431402,1.3384838977431257,-0.0970836567657126,3.9702143125854015,-0.4437650466007946,1.325265803028188
95.0,159.0,129.93441772460938,-0.0395527727416845,2.6816012123672968,-4.116956618842722,-3.679192759080344,-1.926459247431402,1.338483897743256,-0.0970836571245821,3.9702143125854015,-0.4437650466007946,1.325265803098706
95.0,159.0,129.93441772460938,-0.0395503491953879,2.6816012123672968,-4.1169566170404055,-3.679192759080344,-1.926459244191836,1.3384838977574842,-0.0970836567657126,3.9702143125854015,-0.4437650466007946,1.325265803028188
95.0,159.0,129.9344482421875,-0.0395528152637341,2.6811256574851985,-4.11695661556976,-3.6791927624614575,-1.9264594348314936,1.338483897757644,-0.0970836571040771,3.970199802932172,-0.4437607729053832,1.32526580252055
95.0,159.0,129.9344482421875,-0.0395528152009245,2.681125416613198,-4.116956615570808,-3.6791927624614575,-1.9264594348314936,1.3384838977586482,-0.0970836571040771,3.9702001768416015,-0.4437607978940807,1.32526580252055
95.0,159.0,129.9344482421875,-0.0395528152637341,2.6811256574851985,-4.116956617072264,-3.679192762570402,-1.9264594348314936,1.3384838977425042,-0.097083657096186,3.970199802932172,-0.4437651834921094,1.325265802532821
95.0,159.0,129.9344482421875,-0.0395528152009245,2.681125416613198,-4.116956615570808,-3.6791927624614575,-1.9264594348314936,1.3384838977576303,-0.0970836571040771,3.9702001768416015,-0.4437607978940807,1.32526580252055
95.0,159.0,129.9344482421875,-0.0395529542225332,2.6811256574851985,-4.116956615484185,-3.6791927624614575,-1.9264594348314936,1.3384838977578053,-0.0970836571040771,3.970199802932172,-0.4437607729053832,1.3252658021770425
95.0,159.0,129.9344482421875,-0.0395528471442876,2.681125416613198,-4.116956615570808,-3.6791927624614575,-1.926458566572031,1.3384838977586482,-0.0970836571040771,3.9702001179433135,-0.4437607978940807,1.32526580252055
95.0,159.0,129.9344482421875,-0.0395528152637341,2.6811256574851985,-4.11695661556976,-3.6791927624614575,-1.9264594348314936,1.338483897757644,-0.0970836571041165,3.970199802932172,-0.4437650149099299,1.32526580252055
95.0,159.0,129.9344482421875,-0.0395528471442876,2.681125416613198,-4.116956615570808,-3.6791927624614575,-1.926458566572031,1.3384838977586482,-0.0970836571041551,3.9702001179433135,-0.4437605657249062,1.3252658025210955
95.0,159.0,129.9344482421875,-0.0395528471442876,2.681125416613198,-4.116956615570808,-3.6791927624614575,-1.9264594380751503,1.3384838977586482,-0.0970836571040771,3.9702001179433135,-0.4437607978940807,1.32526580252055
95.0,159.0,129.9344482421875,-0.039552781548207,2.681125416613198,-4.116956615730903,-3.6791927624614575,-1.9264594530386765,1.3384838972229285,-0.0970836571039625,3.9702001768416015,-0.4437610498663588,1.3252658027627553
95.0,159.0,129.9344482421875,-0.0395528152009245,2.681125416613198,-4.116956615570808,-3.6791927624614575,-1.9264585633283748,1.3384838977576303,-0.0970836571040771,3.9702001768416015,-0.4437607978940807,1.32526580252055
95.0,159.0,129.9344482421875,-0.0395528152637341,2.6811256574851985,-4.116956616872484,-3.679192762570402,-1.9264594348314936,1.3384838977424476,-0.0970836571043903,3.970199802932172,-0.4437653255886639,1.3252658025204862
95.0,159.0,129.9344482421875,-0.0395529542225332,2.681125620020209,-4.116956615484185,-3.679192762473511,-1.9264594348314936,1.3384838977578053,-0.0970836571040777,3.970200013139048,-0.4437649045510465,1.3252658021770425
95.0,159.0,129.93446350097656,-0.0395527722862848,2.6811250857220066,-4.1169566156471,-3.6791927624455982,-1.9264594092176857,1.3384838977586615,-0.097083657104222,3.970200477465416,-0.4437651976317956,1.3252658111804296
95.0,159.0,129.93446350097656,-0.0395527718016601,2.6811250857220066,-4.1169566156471,-3.679192761879557,-1.9264594092176857,1.3384838977586615,-0.0970836571043758,3.970200477465416,-0.4437651976317956,1.32526581112515
95.0,159.0,129.93453979492188,-0.0395527820608786,2.681125253661525,-4.116956619086859,-3.679192762028324,-1.9264585037992377,1.338483897218771,-0.0970836570976132,3.970208201268401,-0.4437609075239148,1.3252658025173525
95.0,159.0,129.93453979492188,-0.0395503491953879,2.681172942135815,-4.116956617100109,-3.679192759080344,-1.92645924018628,1.3384838977575393,-0.0970836567764837,3.970211100157356,-0.4437657934441217,1.325265803028188
95.0,159.0,129.93453979492188,-0.0395527820608786,2.681125253661525,-4.116956616815238,-3.679192762028324,-1.9264585037992377,1.338483897218771,-0.0970836570974675,3.970208201268401,-0.4437607330584681,1.3252658029049855
95.0,159.0,129.93453979492188,-0.039550267253105,2.681163000573431,-4.116956615698356,-3.6791927620281824,-1.926458577098436,1.3384838977675682,-0.0970836567777173,3.9702111161688354,-0.4437656809420391,1.3252658108740476
95.0,159.0,129.93453979492188,-0.0395526048497264,2.681172942135815,-4.116956615572433,-3.679192762490927,-1.92645924018628,1.3384838977575393,-0.0970836567764837,3.970211100157356,-0.4437657934441217,1.3252658025090032
95.0,159.0,129.93453979492188,-0.0395527943375033,2.681145498294703,-4.116956633052801,-3.679192759117023,-1.92645942926294,1.3384838978268496,-0.097083657103554,3.970209673555509,-0.4437607957339167,1.3252658021298505
95.0,159.0,129.93453979492188,-0.0395527361395704,2.681162567460094,-4.116956617039357,-3.679192759081259,-1.926459247431402,1.3384838977421214,-0.0970836567657126,3.970211129724067,-0.4437650216120971,1.3252658029024649
95.0,159.0,129.93455505371094,-0.039552784051143,2.681145460829714,-4.116956633052801,-3.679192759129076,-1.926459437130887,1.3384838978268496,-0.0970836570984592,3.970209863481891,-0.44376492737958,1.325265811157038
95.0,159.0,129.93455505371094,-0.039550267253105,2.681153202343004,-4.1169566140280764,-3.6791927620281824,-1.926458577098436,1.3384838977675868,-0.0970836567772353,3.9702111161688354,-0.4437656809420391,1.3252658110454014
95.0,159.0,129.93455505371094,-0.039550267253105,2.681153159851384,-4.116956615785278,-3.679192761945365,-1.926458577098436,1.3384838977679103,-0.0970836567772353,3.9702111161688354,-0.4437657428545531,1.3252658110454014
95.0,159.0,129.93455505371094,-0.0395527943375033,2.681145460829714,-4.116956633052801,-3.679192759129076,-1.92645942926294,1.3384838978268496,-0.0970836571035546,3.970209883762384,-0.44376492737958,1.3252658021298505
95.0,159.0,129.93455505371094,-0.0395527895492811,2.681154205696199,-4.11695661556976,-3.6791927624614575,-1.9264593559839,1.338483897757644,-0.0970836571016601,3.970211257386188,-0.4437657064922989,1.32526580252055
95.0,159.0,129.93455505371094,-0.039550267253105,2.681153202343004,-4.1169566140280764,-3.679192759222293,-1.926458577098436,1.338483897769026,-0.097083657100705,3.9702111161688354,-0.4437648421803907,1.3252658112204252
95.0,159.0,129.93455505371094,-0.0395527943375033,2.681145460829714,-4.116956633052801,-3.679192761934965,-1.92645942926294,1.3384838978254106,-0.0970836567800849,3.970209883762384,-0.4437657661412285,1.325265801954827
95.0,159.0,129.93455505371094,-0.039550267253105,2.681153159851384,-4.116956615785278,-3.679192761945365,-1.926458577098436,1.3384838977679103,-0.0970836567772353,3.9702111161688354,-0.4437657428545531,1.3252658110454014
95.0,159.0,129.93455505371094,-0.0395526734810646,2.681152977571524,-4.116956615615854,-3.679192761948721,-1.9264594092176857,1.3384838977574052,-0.0970836567498963,3.9702109742786793,-0.443765238056187,1.3252658110532187
95.0,159.0,129.93455505371094,-0.039552781548207,2.681125416613198,-4.116956615730903,-3.679192761926856,-1.9264594530386765,1.3384838978788816,-0.0970836571039625,3.9702091754734825,-0.44376121906991,1.3252658027531117
95.0,159.0,129.9345703125,-0.0395527895492811,2.6811256574851985,-4.11695661556976,-3.6791927624614575,-1.9264594097040568,1.338483897757644,-0.0970836571040771,3.970211257386188,-0.4437652446006525,1.32526580252055
95.0,159.0,129.9345703125,-0.0395527948926029,2.6811256574851985,-4.11695661556976,-3.679192762186062,-1.92645861879757,1.3384838971983264,-0.0970836571040276,3.970211257386188,-0.443765075364895,1.3252658025137758
95.0,159.0,129.9345703125,-0.0395527895492811,2.6811256574851985,-4.11695661556976,-3.6791927624614575,-1.926459390408712,1.338483897757644,-0.0970836571016601,3.970211257386188,-0.4437649315527432,1.32526580252055
95.0,159.0,129.9345703125,-0.0395503753323665,2.6811256574851985,-4.116956614074218,-3.6791927624614575,-1.9264594097040568,1.338483897757644,-0.0970836571040343,3.970211257386188,-0.4437609408846671,1.32526580252055
95.0,159.0,129.9345703125,-0.0395527949754626,2.6811256574851985,-4.11695661556976,-3.679192762186062,-1.9264585578917988,1.3384838971983264,-0.0970836571040276,3.970211257386188,-0.443765075364895,1.3252658025137758
95.0,159.0,129.9345703125,-0.0395527951599024,2.681125117100476,-4.11695661556976,-3.679192762193322,-1.92645861879757,1.3384838971983264,-0.0970836571042005,3.970211257386188,-0.443765075364895,1.3252658025137758
95.0,160.0,129.93423461914062,-0.0395526739992738,2.6816014532392973,-4.116956617039357,-3.679192759080344,-1.926459426977689,1.3384838977421214,-0.0970836570973314,3.97019848474412,-0.4437650216120971,1.325265803028188
95.0,160.0,129.93423461914062,-0.0395526739992738,2.6816014532392973,-4.116956617039357,-3.679192759080344,-1.926459426977689,1.3384838977421214,-0.0970836570973314,3.97019848474412,-0.4437650216120971,1.325265803028188
95.0,160.0,129.93423461914062,-0.0395526739992738,2.6816014532392973,-4.116956617040451,-3.679192759080344,-1.9264594251750315,1.338483897742388,-0.0970836570772694,3.970198974088153,-0.4437650468242478,1.325265803028188
95.0,160.0,129.93423461914062,-0.0395526731492342,2.681608266962745,-4.116956615574658,-3.679192759092025,-1.926459426977689,1.3384838977578513,-0.0970836570973314,3.97019848474412,-0.4437650216120971,1.3252658030163726
95.0,160.0,129.9342498779297,-0.0395526849672398,2.6811529694526697,-4.1169566187876905,-3.679192761878534,-1.9264594092176857,1.338636623364301,-0.0970836571087659,3.970214778549511,-0.4437652446006525,1.3252658111237368
95.0,160.0,129.9342498779297,-0.0395527722862848,2.681593827708668,-4.116956618457429,-3.6791927624455982,-1.9264594092176857,1.3384838977586615,-0.0970836571052168,3.970200477465416,-0.4437650423152093,1.3252658111804296
95.0,160.0,129.9342498779297,-0.0395526849672398,2.6811529694526697,-4.1169566187876905,-3.679192761878534,-1.9264594092176857,1.338636623364301,-0.0970836571087659,3.970214778549511,-0.4437652446006525,1.3252658111237368
95.0,160.0,129.9342498779297,-0.0395527728708772,2.681593827708668,-4.116956615592138,-3.6791927624455982,-1.9264594092176857,1.3384838977586615,-0.0970836571040807,3.970200450798056,-0.443760853706637,1.3252658111165143
95.0,160.0,129.9342803955078,-0.0395526849672398,2.68112865513289,-4.116956617075797,-3.679192761827656,-1.9264594092176857,1.3386391907434605,-0.0970836571092774,3.970214778549511,-0.4437652446006525,1.3252658111237368
95.0,160.0,129.9343719482422,-0.0395502737281367,2.681616213293441,-4.11695661569935,-3.679192761945365,-1.926458577098436,1.3384838977679103,-0.0970836567658439,3.9702111161688354,-0.4437657428545531,1.3252658108772108
95.0,160.0,129.9343719482422,-0.0395502737281367,2.6816064150630137,-4.116956614029072,-3.679192761945365,-1.926458577098436,1.3384838977679292,-0.0970836567653619,3.9702111161688354,-0.4437657428545531,1.3252658110485644
95.0,160.0,129.9344024658203,-0.0395526739992738,2.6816014532392973,-4.116956617039357,-3.679192759080344,-1.926459247431402,1.3384838977421214,-0.0970836567657126,3.9702139386759705,-0.4437650216120971,1.325265803028188
95.0,160.0,129.93441772460938,-0.0395526739364643,2.6816012123672968,-4.1169566170404055,-3.679192759080344,-1.926459247431402,1.3384838977431257,-0.0970836567657126,3.9702143125854015,-0.4437650466007946,1.325265803028188
95.0,160.0,129.93441772460938,-0.0395527727416845,2.6816012123672968,-4.116956618842722,-3.679192759080344,-1.926459247431402,1.338483897743256,-0.0970836571245821,3.9702143125854015,-0.4437650466007946,1.325265803098706
95.0,160.0,129.93441772460938,-0.0395503491953879,2.6816012123672968,-4.1169566170404055,-3.679192759080344,-1.926459244191836,1.3384838977574842,-0.0970836567657126,3.9702143125854015,-0.4437650466007946,1.325265803028188
95.0,160.0,129.93443298339844,-0.0395528152637341,2.6811499718049787,-4.116956618784158,-3.67919276262128,-1.9264594348314936,1.3384813303633447,-0.0970836570956745,3.970199802932172,-0.4437651834921094,1.325265802532821
95.0,160.0,129.9344482421875,-0.0395528152637341,2.6811256574851985,-4.11695661556976,-3.6791927624614575,-1.9264594348314936,1.338483897757644,-0.0970836571040771,3.970199802932172,-0.4437607729053832,1.32526580252055
95.0,160.0,129.9344482421875,-0.0395528152009245,2.681125416613198,-4.116956615570808,-3.6791927624614575,-1.9264594348314936,1.3384838977586482,-0.0970836571040771,3.9702001768416015,-0.4437607978940807,1.32526580252055
95.0,160.0,129.9344482421875,-0.0395528152637341,2.6811256574851985,-4.116956617072264,-3.679192762570402,-1.9264594348314936,1.3384838977425042,-0.097083657096186,3.970199802932172,-0.4437651834921094,1.325265802532821
95.0,160.0,129.9344482421875,-0.0395528152009245,2.681125416613198,-4.116956615570808,-3.6791927624614575,-1.9264594348314936,1.3384838977576303,-0.0970836571040771,3.9702001768416015,-0.4437607978940807,1.32526580252055
95.0,160.0,129.9344482421875,-0.0395529542225332,2.6811256574851985,-4.116956615484185,-3.6791927624614575,-1.9264594348314936,1.3384838977578053,-0.0970836571040771,3.970199802932172,-0.4437607729053832,1.3252658021770425
95.0,160.0,129.9344482421875,-0.0395528471442876,2.681125416613198,-4.116956615570808,-3.6791927624614575,-1.926458566572031,1.3384838977586482,-0.0970836571040771,3.9702001179433135,-0.4437607978940807,1.32526580252055
95.0,160.0,129.9344482421875,-0.0395528152637341,2.6811256574851985,-4.11695661556976,-3.6791927624614575,-1.9264594348314936,1.338483897757644,-0.0970836571041165,3.970199802932172,-0.4437650149099299,1.32526580252055
95.0,160.0,129.9344482421875,-0.0395528471442876,2.681125416613198,-4.116956615570808,-3.6791927624614575,-1.926458566572031,1.3384838977586482,-0.0970836571041551,3.9702001179433135,-0.4437605657249062,1.3252658025210955
95.0,160.0,129.9344482421875,-0.0395528471442876,2.681125416613198,-4.116956615570808,-3.6791927624614575,-1.9264594380751503,1.3384838977586482,-0.0970836571040771,3.9702001179433135,-0.4437607978940807,1.32526580252055
95.0,160.0,129.9344482421875,-0.039552781548207,2.681125416613198,-4.116956615730903,-3.6791927624614575,-1.9264594530386765,1.3384838972229285,-0.0970836571039625,3.9702001768416015,-0.4437610498663588,1.3252658027627553
95.0,160.0,129.9344482421875,-0.0395528152009245,2.681125416613198,-4.116956615570808,-3.6791927624614575,-1.9264585633283748,1.3384838977576303,-0.0970836571040771,3.9702001768416015,-0.4437607978940807,1.32526580252055
95.0,160.0,129.9344482421875,-0.0395528152637341,2.6811256574851985,-4.116956616872484,-3.679192762570402,-1.9264594348314936,1.3384838977424476,-0.0970836571043903,3.970199802932172,-0.4437653255886639,1.3252658025204862
95.0,160.0,129.9344482421875,-0.0395529542225332,2.681125620020209,-4.116956615484185,-3.679192762473511,-1.9264594348314936,1.3384838977578053,-0.0970836571040777,3.970200013139048,-0.4437649045510465,1.3252658021770425
95.0,160.0,129.9344482421875,-0.0395528146791417,2.6811256574851985,-4.11695661843505,-3.6791927624614575,-1.9264594348314936,1.338483897757644,-0.0970836571052132,3.970199829599532,-0.4437649615139555,1.3252658025844657
95.0,160.0,129.9344482421875,-0.039552781548207,2.6811459462973644,-4.116956615730903,-3.67919276247698,-1.9264594530386765,1.3384838978099305,-0.0970836571039625,3.97020021807187,-0.4437610603785783,1.3252658027627553
95.0,160.0,129.9344482421875,-0.0395529542225332,2.6811256574851985,-4.116956615484185,-3.6791927624614575,-1.9264594348314936,1.3384838977578053,-0.0970836571040771,3.970199802932172,-0.4437607729053832,1.3252658021770425
95.0,160.0,129.9344482421875,-0.0395528471442876,2.681125416613198,-4.116956615570808,-3.6791927624614575,-1.926458566572031,1.3384838977586482,-0.0970836571041551,3.9702001179433135,-0.4437605657249062,1.3252658025210955
95.0,160.0,129.9344482421875,-0.0395528152009245,2.681125416613198,-4.116956615566568,-3.67919276244549,-1.9264594348314936,1.3384838977586624,-0.0970836571040771,3.9702001768416015,-0.4437607106833759,1.32526580252055
95.0,160.0,129.9344482421875,-0.0395528152637341,2.6811256574851985,-4.11695661556976,-3.6791927624614575,-1.9264594348314936,1.338483897757644,-0.0970836571041165,3.970199802932172,-0.4437650149099299,1.32526580252055
95.0,160.0,129.93446350097656,-0.0395527722862848,2.6811250857220066,-4.1169566156471,-3.6791927624455982,-1.9264594092176857,1.3384838977586615,-0.097083657104222,3.970200477465416,-0.4437651976317956,1.3252658111804296
95.0,160.0,129.93446350097656,-0.0395527718016601,2.6811250857220066,-4.1169566156471,-3.679192761879557,-1.9264594092176857,1.3384838977586615,-0.0970836571043758,3.970200477465416,-0.4437651976317956,1.32526581112515
95.0,160.0,129.93446350097656,-0.0395529052925616,2.681125416613198,-4.116956615783283,-3.6791927624614575,-1.9264594597099407,1.338483897143123,-0.0970836571039625,3.970200456040724,-0.4437656482416588,1.3252658023899178
95.0,160.0,129.93453979492188,-0.0395527820608786,2.681125253661525,-4.116956619086859,-3.679192762028324,-1.9264585037992377,1.338483897218771,-0.0970836570976132,3.970208201268401,-0.4437609075239148,1.3252658025173525
95.0,160.0,129.93453979492188,-0.0395503491953879,2.681172942135815,-4.116956617100109,-3.679192759080344,-1.92645924018628,1.3384838977575393,-0.0970836567764837,3.970211100157356,-0.4437657934441217,1.325265803028188
95.0,160.0,129.93453979492188,-0.0395527820608786,2.681125253661525,-4.116956616815238,-3.679192762028324,-1.9264585037992377,1.338483897218771,-0.0970836570974675,3.970208201268401,-0.4437607330584681,1.3252658029049855
95.0,160.0,129.93453979492188,-0.039550267253105,2.681163000573431,-4.116956615698356,-3.6791927620281824,-1.926458577098436,1.3384838977675682,-0.0970836567777173,3.9702111161688354,-0.4437656809420391,1.3252658108740476
95.0,160.0,129.93453979492188,-0.0395526048497264,2.681172942135815,-4.116956615572433,-3.679192762490927,-1.92645924018628,1.3384838977575393,-0.0970836567764837,3.970211100157356,-0.4437657934441217,1.3252658025090032
95.0,160.0,129.93453979492188,-0.0395527943375033,2.681145498294703,-4.116956633052801,-3.679192759117023,-1.92645942926294,1.3384838978268496,-0.097083657103554,3.970209673555509,-0.4437607957339167,1.3252658021298505
95.0,160.0,129.93453979492188,-0.0395527361395704,2.681162567460094,-4.116956617039357,-3.679192759081259,-1.926459247431402,1.3384838977421214,-0.0970836567657126,3.970211129724067,-0.4437650216120971,1.3252658029024649
95.0,160.0,129.93455505371094,-0.039552784051143,2.681145460829714,-4.116956633052801,-3.679192759129076,-1.926459437130887,1.3384838978268496,-0.0970836570984592,3.970209863481891,-0.44376492737958,1.325265811157038
95.0,160.0,129.93455505371094,-0.039550267253105,2.681153202343004,-4.1169566140280764,-3.6791927620281824,-1.926458577098436,1.3384838977675868,-0.0970836567772353,3.9702111161688354,-0.4437656809420391,1.3252658110454014
95.0,160.0,129.93455505371094,-0.039550267253105,2.681153159851384,-4.116956615785278,-3.679192761945365,-1.926458577098436,1.3384838977679103,-0.0970836567772353,3.9702111161688354,-0.4437657428545531,1.3252658110454014
95.0,160.0,129.93455505371094,-0.0395527943375033,2.681145460829714,-4.116956633052801,-3.679192759129076,-1.92645942926294,1.3384838978268496,-0.0970836571035546,3.970209883762384,-0.44376492737958,1.3252658021298505
95.0,160.0,129.93455505371094,-0.0395527895492811,2.681154205696199,-4.11695661556976,-3.6791927624614575,-1.9264593559839,1.338483897757644,-0.0970836571016601,3.970211257386188,-0.4437657064922989,1.32526580252055
95.0,161.0,129.93405151367188,-0.0395503087095079,2.6816064150630137,-4.116956614029072,-3.679192761945365,-1.9264585805567167,1.3386329197848457,-0.0970836567653619,3.9702111161688354,-0.4437652480343937,1.3252658110485644
95.0,161.0,129.93423461914062,-0.0395526739992738,2.6816014532392973,-4.116956617039357,-3.679192759080344,-1.926459426977689,1.3384838977421214,-0.0970836570973314,3.97019848474412,-0.4437650216120971,1.325265803028188
95.0,161.0,129.93423461914062,-0.0395526739992738,2.6816014532392973,-4.116956617039357,-3.679192759080344,-1.926459426977689,1.3384838977421214,-0.0970836570973314,3.97019848474412,-0.4437650216120971,1.325265803028188
95.0,161.0,129.93423461914062,-0.0395526739992738,2.6816014532392973,-4.116956617040451,-3.679192759080344,-1.9264594251750315,1.338483897742388,-0.0970836570772694,3.970198974088153,-0.4437650468242478,1.325265803028188
95.0,161.0,129.93423461914062,-0.0395526731492342,2.681608266962745,-4.116956615574658,-3.679192759092025,-1.926459426977689,1.3384838977578513,-0.0970836570973314,3.97019848474412,-0.4437650216120971,1.3252658030163726
95.0,161.0,129.93423461914062,-0.0395526740005631,2.681608266962745,-4.116956617022982,-3.6791927590917095,-1.926459426977689,1.3384838977414304,-0.0970836570973314,3.970198485247234,-0.4437650464079173,1.3252658030163726
95.0,161.0,129.9342498779297,-0.0395526849672398,2.6811529694526697,-4.1169566187876905,-3.679192761878534,-1.9264594092176857,1.338636623364301,-0.0970836571087659,3.970214778549511,-0.4437652446006525,1.3252658111237368
95.0,161.0,129.9342498779297,-0.0395527722862848,2.681593827708668,-4.116956618457429,-3.6791927624455982,-1.9264594092176857,1.3384838977586615,-0.0970836571052168,3.970200477465416,-0.4437650423152093,1.3252658111804296
95.0,161.0,129.9342498779297,-0.0395526849672398,2.6811529694526697,-4.1169566187876905,-3.679192761878534,-1.9264594092176857,1.338636623364301,-0.0970836571087659,3.970214778549511,-0.4437652446006525,1.3252658111237368
95.0,161.0,129.9342498779297,-0.0395527728708772,2.681593827708668,-4.116956615592138,-3.6791927624455982,-1.9264594092176857,1.3384838977586615,-0.0970836571040807,3.970200450798056,-0.443760853706637,1.3252658111165143
95.0,161.0,129.9342498779297,-0.0395527728708772,2.68160859165099,-4.116956615592138,-3.6791927624455982,-1.9264594094545024,1.3384838977586615,-0.0970836571040807,3.970200450798056,-0.4437607085562101,1.3252658113884692
95.0,161.0,129.9342498779297,-0.0395528022251979,2.681617672747074,-4.11695661556976,-3.679192758970998,-1.9264594348314936,1.3384838977425402,-0.0970836570889623,3.9702003244931054,-0.4437650217566191,1.325265802499598
95.0,161.0,129.9342498779297,-0.0395526768193292,2.681153033718806,-4.116956615554646,-3.679192761879557,-1.9264594092176857,1.3386378468428255,-0.0970836571043758,3.9702146345880776,-0.4437651978876791,1.32526581112515
95.0,161.0,129.9342498779297,-0.0395527728708772,2.681593827708668,-4.116956615592138,-3.6791927624455982,-1.9264594092176857,1.3384838977586615,-0.097083657104109,3.970200476325052,-0.4437608544961019,1.3252658111165143
95.0,161.0,129.9342498779297,-0.0395526739364643,2.6811471206346447,-4.116956617041369,-3.679192758903903,-1.926459253917724,1.3386439321598542,-0.0970836567657126,3.970214791732688,-0.4437650466007946,1.325265803028188
95.0,161.0,129.9342803955078,-0.0395526849672398,2.68112865513289,-4.116956617075797,-3.679192761827656,-1.9264594092176857,1.3386391907434605,-0.0970836571092774,3.970214778549511,-0.4437652446006525,1.3252658111237368
95.0,161.0,129.9343719482422,-0.0395502737281367,2.681616213293441,-4.11695661569935,-3.679192761945365,-1.926458577098436,1.3384838977679103,-0.0970836567658439,3.9702111161688354,-0.4437657428545531,1.3252658108772108
95.0,161.0,129.9343719482422,-0.0395502737281367,2.6816064150630137,-4.116956614029072,-3.679192761945365,-1.926458577098436,1.3384838977679292,-0.0970836567653619,3.9702111161688354,-0.4437657428545531,1.3252658110485644
95.0,161.0,129.9344024658203,-0.0395526739992738,2.6816014532392973,-4.116956617039357,-3.679192759080344,-1.926459247431402,1.3384838977421214,-0.0970836567657126,3.9702139386759705,-0.4437650216120971,1.325265803028188
95.0,161.0,129.9344024658203,-0.0395526739992738,2.6816014532392973,-4.11695661704038,-3.679192759080344,-1.926459244064336,1.3384838977421214,-0.0970836567657126,3.9702139386759705,-0.4437650468831992,1.325265803028188
95.0,161.0,129.9344024658203,-0.0395529542225332,2.6811255731190817,-4.116956615484185,-3.679192762513576,-1.9264594348314936,1.3384983686595011,-0.0970836571040777,3.9701983832332566,-0.4437652595669073,1.3252658020252734
95.0,161.0,129.93441772460938,-0.0395526739364643,2.6816012123672968,-4.1169566170404055,-3.679192759080344,-1.926459247431402,1.3384838977431257,-0.0970836567657126,3.9702143125854015,-0.4437650466007946,1.325265803028188
95.0,161.0,129.93441772460938,-0.0395527727416845,2.6816012123672968,-4.116956618842722,-3.679192759080344,-1.926459247431402,1.338483897743256,-0.0970836571245821,3.9702143125854015,-0.4437650466007946,1.325265803098706
95.0,161.0,129.93441772460938,-0.0395503491953879,2.6816012123672968,-4.1169566170404055,-3.679192759080344,-1.926459244191836,1.3384838977574842,-0.0970836567657126,3.9702143125854015,-0.4437650466007946,1.325265803028188
95.0,161.0,129.93441772460938,-0.0395526739992738,2.681601224504736,-4.116956617040451,-3.679192759080344,-1.9264594268305832,1.338483897742388,-0.0970836570772694,3.970214661447177,-0.4437650468338237,1.325265803028444
95.0,161.0,129.93441772460938,-0.0395503491953879,2.6816012123672968,-4.116956617039383,-3.679192759080344,-1.9264592475589024,1.3384838977574842,-0.0970836567657126,3.9702143125854015,-0.4437650213296925,1.325265803028188
95.0,161.0,129.93443298339844,-0.0395528152637341,2.6811499718049787,-4.116956618784158,-3.67919276262128,-1.9264594348314936,1.3384813303633447,-0.0970836570956745,3.970199802932172,-0.4437651834921094,1.325265802532821
95.0,161.0,129.9344482421875,-0.0395528152637341,2.6811256574851985,-4.11695661556976,-3.6791927624614575,-1.9264594348314936,1.338483897757644,-0.0970836571040771,3.970199802932172,-0.4437607729053832,1.32526580252055
95.0,161.0,129.9344482421875,-0.0395528152009245,2.681125416613198,-4.116956615570808,-3.6791927624614575,-1.9264594348314936,1.3384838977586482,-0.0970836571040771,3.9702001768416015,-0.4437607978940807,1.32526580252055
95.0,161.0,129.9344482421875,-0.0395528152637341,2.6811256574851985,-4.116956617072264,-3.679192762570402,-1.9264594348314936,1.3384838977425042,-0.097083657096186,3.970199802932172,-0.4437651834921094,1.325265802532821
95.0,161.0,129.9344482421875,-0.0395528152009245,2.681125416613198,-4.116956615570808,-3.6791927624614575,-1.9264594348314936,1.3384838977576303,-0.0970836571040771,3.9702001768416015,-0.4437607978940807,1.32526580252055
95.0,161.0,129.9344482421875,-0.0395529542225332,2.6811256574851985,-4.116956615484185,-3.6791927624614575,-1.9264594348314936,1.3384838977578053,-0.0970836571040771,3.970199802932172,-0.4437607729053832,1.3252658021770425
95.0,161.0,129.9344482421875,-0.0395528471442876,2.681125416613198,-4.116956615570808,-3.6791927624614575,-1.926458566572031,1.3384838977586482,-0.0970836571040771,3.9702001179433135,-0.4437607978940807,1.32526580252055
95.0,161.0,129.9344482421875,-0.0395528152637341,2.6811256574851985,-4.11695661556976,-3.6791927624614575,-1.9264594348314936,1.338483897757644,-0.0970836571041165,3.970199802932172,-0.4437650149099299,1.32526580252055
95.0,161.0,129.9344482421875,-0.0395528471442876,2.681125416613198,-4.116956615570808,-3.6791927624614575,-1.926458566572031,1.3384838977586482,-0.0970836571041551,3.9702001179433135,-0.4437605657249062,1.3252658025210955
95.0,161.0,129.9344482421875,-0.0395528471442876,2.681125416613198,-4.116956615570808,-3.6791927624614575,-1.9264594380751503,1.3384838977586482,-0.0970836571040771,3.9702001179433135,-0.4437607978940807,1.32526580252055
95.0,161.0,129.9344482421875,-0.039552781548207,2.681125416613198,-4.116956615730903,-3.6791927624614575,-1.9264594530386765,1.3384838972229285,-0.0970836571039625,3.9702001768416015,-0.4437610498663588,1.3252658027627553
95.0,161.0,129.9344482421875,-0.0395528152009245,2.681125416613198,-4.116956615570808,-3.6791927624614575,-1.9264585633283748,1.3384838977576303,-0.0970836571040771,3.9702001768416015,-0.4437607978940807,1.32526580252055
95.0,161.0,129.9344482421875,-0.0395528152637341,2.6811256574851985,-4.116956616872484,-3.679192762570402,-1.9264594348314936,1.3384838977424476,-0.0970836571043903,3.970199802932172,-0.4437653255886639,1.3252658025204862
95.0,161.0,129.9344482421875,-0.0395529542225332,2.681125620020209,-4.116956615484185,-3.679192762473511,-1.9264594348314936,1.3384838977578053,-0.0970836571040777,3.970200013139048,-0.4437649045510465,1.3252658021770425
95.0,161.0,129.9344482421875,-0.0395528146791417,2.6811256574851985,-4.11695661843505,-3.6791927624614575,-1.9264594348314936,1.338483897757644,-0.0970836571052132,3.970199829599532,-0.4437649615139555,1.3252658025844657
95.0,161.0,129.9344482421875,-0.039552781548207,2.6811459462973644,-4.116956615730903,-3.67919276247698,-1.9264594530386765,1.3384838978099305,-0.0970836571039625,3.97020021807187,-0.4437610603785783,1.3252658027627553
95.0,161.0,129.9344482421875,-0.0395529542225332,2.6811256574851985,-4.116956615484185,-3.6791927624614575,-1.9264594348314936,1.3384838977578053,-0.0970836571040771,3.970199802932172,-0.4437607729053832,1.3252658021770425
95.0,161.0,129.9344482421875,-0.0395528471442876,2.681125416613198,-4.116956615570808,-3.6791927624614575,-1.926458566572031,1.3384838977586482,-0.0970836571041551,3.9702001179433135,-0.4437605657249062,1.3252658025210955
95.0,161.0,129.9344482421875,-0.0395528152009245,2.681125416613198,-4.116956615566568,-3.67919276244549,-1.9264594348314936,1.3384838977586624,-0.0970836571040771,3.9702001768416015,-0.4437607106833759,1.32526580252055
95.0,161.0,129.9344482421875,-0.0395528152637341,2.6811256574851985,-4.11695661556976,-3.6791927624614575,-1.9264594348314936,1.338483897757644,-0.0970836571041165,3.970199802932172,-0.4437650149099299,1.32526580252055
95.0,161.0,129.9344482421875,-0.0395528152637341,2.6811273053734146,-4.116956615724035,-3.67919276247744,-1.9264594348314936,1.338483897755136,-0.0970836571041165,3.9701998395888745,-0.4437650149099299,1.325265802764526
95.0,161.0,129.9344482421875,-0.0395528152009245,2.681125416613198,-4.116956615570808,-3.6791927624614575,-1.9264585633283748,1.3384838977576303,-0.0970836571040771,3.9702001768416015,-0.4437607978940807,1.32526580252055
95.0,161.0,129.9344482421875,-0.0395529542225332,2.6811256574851985,-4.116956615484185,-3.6791927624614575,-1.9264594348314936,1.3384838977577935,-0.0970836571040771,3.970199792114357,-0.4437607729053832,1.3252658021770425
95.0,161.0,129.9344482421875,-0.039552781548207,2.6811442984091487,-4.116956615576626,-3.6791927624609975,-1.9264594530386765,1.338483897812439,-0.0970836571039625,3.970200181415167,-0.4437610603785783,1.3252658025187791
95.0,162.0,129.93405151367188,-0.0395503087095079,2.6816064150630137,-4.116956614029072,-3.679192761945365,-1.9264585805567167,1.3386329197848457,-0.0970836567653619,3.9702111161688354,-0.4437652480343937,1.3252658110485644
95.0,162.0,129.93405151367188,-0.0395526739992738,2.6816014532392973,-4.1169566140258524,-3.679192759062442,-1.926459426977689,1.3386354418329118,-0.0970836570973314,3.970211326719616,-0.4437650118276573,1.325265803028188
95.0,162.0,129.93406677246094,-0.0395526739992738,2.6816014532392973,-4.116956616947931,-3.679192759047095,-1.926459244064336,1.3386412227376645,-0.0970836567657126,3.970214763459624,-0.4437650537398637,1.325265803028188
95.0,162.0,129.93411254882812,-0.0395528152637341,2.6811499718049787,-4.116956618784259,-3.679192761864399,-1.9264594059400848,1.3386325063013966,-0.0970836570957987,3.970199802932172,-0.4437651834510829,1.325265802532821
95.0,162.0,129.93423461914062,-0.0395526739992738,2.6816014532392973,-4.116956617039357,-3.679192759080344,-1.926459426977689,1.3384838977421214,-0.0970836570973314,3.97019848474412,-0.4437650216120971,1.325265803028188
95.0,162.0,129.93423461914062,-0.0395526739992738,2.6816014532392973,-4.116956617039357,-3.679192759080344,-1.926459426977689,1.3384838977421214,-0.0970836570973314,3.97019848474412,-0.4437650216120971,1.325265803028188
95.0,162.0,129.93423461914062,-0.0395526739992738,2.6816014532392973,-4.116956617040451,-3.679192759080344,-1.9264594251750315,1.338483897742388,-0.0970836570772694,3.970198974088153,-0.4437650468242478,1.325265803028188
95.0,162.0,129.93423461914062,-0.0395526731492342,2.681608266962745,-4.116956615574658,-3.679192759092025,-1.926459426977689,1.3384838977578513,-0.0970836570973314,3.97019848474412,-0.4437650216120971,1.3252658030163726
95.0,162.0,129.93423461914062,-0.0395526740005631,2.681608266962745,-4.116956617022982,-3.6791927590917095,-1.926459426977689,1.3384838977414304,-0.0970836570973314,3.970198485247234,-0.4437650464079173,1.3252658030163726
95.0,162.0,129.93423461914062,-0.0395503087095079,2.6816064150630137,-4.116956617042577,-3.6791927619632654,-1.9264585805567167,1.338481375694055,-0.0970836567653619,3.9701982741933377,-0.4437652578188335,1.3252658110485644
95.0,162.0,129.93423461914062,-0.0395526740005631,2.681608266962745,-4.116956617022982,-3.6791927590917095,-1.926459426977689,1.3384838977414304,-0.0970836570973314,3.970198485247234,-0.4437650464079173,1.3252658030163726
95.0,162.0,129.93423461914062,-0.0395503094527889,2.681601501178652,-4.116956617039357,-3.679192759080344,-1.926459426977689,1.3384838977667797,-0.0970836571167395,3.97019848474412,-0.4437650216120971,1.3252658109129554
95.0,162.0,129.93423461914062,-0.0395526731759229,2.6816014532392973,-4.116956617040451,-3.679192759091457,-1.9264594251750315,1.338483897758435,-0.0970836570752589,3.970199041578419,-0.4437650468242478,1.325265803028188
95.0,162.0,129.9342498779297,-0.0395526849672398,2.6811529694526697,-4.1169566187876905,-3.679192761878534,-1.9264594092176857,1.338636623364301,-0.0970836571087659,3.970214778549511,-0.4437652446006525,1.3252658111237368
95.0,162.0,129.9342498779297,-0.0395527722862848,2.681593827708668,-4.116956618457429,-3.6791927624455982,-1.9264594092176857,1.3384838977586615,-0.0970836571052168,3.970200477465416,-0.4437650423152093,1.3252658111804296
95.0,162.0,129.9342498779297,-0.0395526849672398,2.6811529694526697,-4.1169566187876905,-3.679192761878534,-1.9264594092176857,1.338636623364301,-0.0970836571087659,3.970214778549511,-0.4437652446006525,1.3252658111237368
95.0,162.0,129.9342498779297,-0.0395527728708772,2.681593827708668,-4.116956615592138,-3.6791927624455982,-1.9264594092176857,1.3384838977586615,-0.0970836571040807,3.970200450798056,-0.443760853706637,1.3252658111165143
95.0,162.0,129.9342498779297,-0.0395527728708772,2.68160859165099,-4.116956615592138,-3.6791927624455982,-1.9264594094545024,1.3384838977586615,-0.0970836571040807,3.970200450798056,-0.4437607085562101,1.3252658113884692
95.0,162.0,129.9342498779297,-0.0395528022251979,2.681617672747074,-4.11695661556976,-3.679192758970998,-1.9264594348314936,1.3384838977425402,-0.0970836570889623,3.9702003244931054,-0.4437650217566191,1.325265802499598
95.0,162.0,129.9342498779297,-0.0395526768193292,2.681153033718806,-4.116956615554646,-3.679192761879557,-1.9264594092176857,1.3386378468428255,-0.0970836571043758,3.9702146345880776,-0.4437651978876791,1.32526581112515
95.0,162.0,129.9342498779297,-0.0395527728708772,2.681593827708668,-4.116956615592138,-3.6791927624455982,-1.9264594092176857,1.3384838977586615,-0.097083657104109,3.970200476325052,-0.4437608544961019,1.3252658111165143
95.0,162.0,129.9342498779297,-0.0395526739364643,2.6811471206346447,-4.116956617041369,-3.679192758903903,-1.926459253917724,1.3386439321598542,-0.0970836567657126,3.970214791732688,-0.4437650466007946,1.325265803028188
95.0,162.0,129.9342498779297,-0.0395528022251979,2.681617672747074,-4.11695661556976,-3.679192759010509,-1.926459409254607,1.3384838977425402,-0.0970836570892517,3.9702003244931054,-0.4437650437454255,1.325265811303335
95.0,162.0,129.9342498779297,-0.0395526380161662,2.6811471206346447,-4.116956617039458,-3.679192758903903,-1.926459253917724,1.3386439321598542,-0.0970836567657126,3.970214312816285,-0.4437650466007946,1.325265803028188
95.0,162.0,129.93426513671875,-0.0395526789705251,2.681128474410093,-4.116956617075797,-3.6791927618391305,-1.9264594090575693,1.3386430405363556,-0.0970836570966676,3.970215005082233,-0.4437652446006525,1.3252658110979711
95.0,162.0,129.9342803955078,-0.0395526849672398,2.68112865513289,-4.116956617075797,-3.679192761827656,-1.9264594092176857,1.3386391907434605,-0.0970836571092774,3.970214778549511,-0.4437652446006525,1.3252658111237368
95.0,162.0,129.9342803955078,-0.0395528128212923,2.6811288771643667,-4.116956617022056,-3.679192761844937,-1.9264594092176857,1.3386391907434605,-0.097083657104355,3.970214778549511,-0.4437607670679194,1.325265810992694
95.0,162.0,129.9343719482422,-0.0395502737281367,2.681616213293441,-4.11695661569935,-3.679192761945365,-1.926458577098436,1.3384838977679103,-0.0970836567658439,3.9702111161688354,-0.4437657428545531,1.3252658108772108
95.0,162.0,129.9343719482422,-0.0395502737281367,2.6816064150630137,-4.116956614029072,-3.679192761945365,-1.926458577098436,1.3384838977679292,-0.0970836567653619,3.9702111161688354,-0.4437657428545531,1.3252658110485644
95.0,162.0,129.9343719482422,-0.0395502651830139,2.6816085349891683,-4.116956614029072,-3.679192761945365,-1.926458577098436,1.3384838977671771,-0.0970836567465602,3.9702111161688354,-0.4437657428545531,1.3252658110877886
95.0,162.0,129.9344024658203,-0.0395526739992738,2.6816014532392973,-4.116956617039357,-3.679192759080344,-1.926459247431402,1.3384838977421214,-0.0970836567657126,3.9702139386759705,-0.4437650216120971,1.325265803028188
95.0,162.0,129.9344024658203,-0.0395526739992738,2.6816014532392973,-4.11695661704038,-3.679192759080344,-1.926459244064336,1.3384838977421214,-0.0970836567657126,3.9702139386759705,-0.4437650468831992,1.325265803028188
95.0,162.0,129.9344024658203,-0.0395529542225332,2.6811255731190817,-4.116956615484185,-3.679192762513576,-1.9264594348314936,1.3384983686595011,-0.0970836571040777,3.9701983832332566,-0.4437652595669073,1.3252658020252734
95.0,162.0,129.9344024658203,-0.0395526739992738,2.681601210431744,-4.116956617039357,-3.679192759080344,-1.926459247431402,1.3384838977421214,-0.0970836567657126,3.9702139386759705,-0.4437650459651118,1.325265803028188
95.0,162.0,129.93441772460938,-0.0395526739364643,2.6816012123672968,-4.1169566170404055,-3.679192759080344,-1.926459247431402,1.3384838977431257,-0.0970836567657126,3.9702143125854015,-0.4437650466007946,1.325265803028188
95.0,162.0,129.93441772460938,-0.0395527727416845,2.6816012123672968,-4.116956618842722,-3.679192759080344,-1.926459247431402,1.338483897743256,-0.0970836571245821,3.9702143125854015,-0.4437650466007946,1.325265803098706
95.0,162.0,129.93441772460938,-0.0395503491953879,2.6816012123672968,-4.1169566170404055,-3.679192759080344,-1.926459244191836,1.3384838977574842,-0.0970836567657126,3.9702143125854015,-0.4437650466007946,1.325265803028188
95.0,162.0,129.93441772460938,-0.0395526739992738,2.681601224504736,-4.116956617040451,-3.679192759080344,-1.9264594268305832,1.338483897742388,-0.0970836570772694,3.970214661447177,-0.4437650468338237,1.325265803028444
95.0,162.0,129.93441772460938,-0.0395503491953879,2.6816012123672968,-4.116956617039383,-3.679192759080344,-1.9264592475589024,1.3384838977574842,-0.0970836567657126,3.9702143125854015,-0.4437650213296925,1.325265803028188
95.0,162.0,129.93441772460938,-0.0395526739364643,2.6816014551748504,-4.1169566170404055,-3.679192759080344,-1.926459247431402,1.3384838977431257,-0.0970836567657126,3.9702143125854015,-0.4437650222477799,1.325265803028188
95.0,162.0,129.93441772460938,-0.0395526739992738,2.681601224504736,-4.116956617040451,-3.679192762338344,-1.9264585554833429,1.338483897742388,-0.0970836570772694,3.970214661447177,-0.4437649519982705,1.3252658025203643
95.0,162.0,129.93441772460938,-0.0395526739992738,2.6816014532392973,-4.116956617040379,-3.679192759080344,-1.926459243895515,1.3384838977423534,-0.0970836567992621,3.9702143003489656,-0.4437650468282994,1.325265803028188
95.0,162.0,129.93441772460938,-0.039552673998045,2.6816012123672968,-4.1169566170403895,-3.679192759080344,-1.926459247431402,1.3384838977431257,-0.0970836567657126,3.9702143125854015,-0.4437650464223589,1.325265803028188
95.0,162.0,129.93443298339844,-0.0395528152637341,2.6811499718049787,-4.116956618784158,-3.67919276262128,-1.9264594348314936,1.3384813303633447,-0.0970836570956745,3.970199802932172,-0.4437651834921094,1.325265802532821
95.0,162.0,129.9344482421875,-0.0395528152637341,2.6811256574851985,-4.11695661556976,-3.6791927624614575,-1.9264594348314936,1.338483897757644,-0.0970836571040771,3.970199802932172,-0.4437607729053832,1.32526580252055
95.0,162.0,129.9344482421875,-0.0395528152009245,2.681125416613198,-4.116956615570808,-3.6791927624614575,-1.9264594348314936,1.3384838977586482,-0.0970836571040771,3.9702001768416015,-0.4437607978940807,1.32526580252055
95.0,162.0,129.9344482421875,-0.0395528152637341,2.6811256574851985,-4.116956617072264,-3.679192762570402,-1.9264594348314936,1.3384838977425042,-0.097083657096186,3.970199802932172,-0.4437651834921094,1.325265802532821
95.0,162.0,129.9344482421875,-0.0395528152009245,2.681125416613198,-4.116956615570808,-3.6791927624614575,-1.9264594348314936,1.3384838977576303,-0.0970836571040771,3.9702001768416015,-0.4437607978940807,1.32526580252055
95.0,162.0,129.9344482421875,-0.0395529542225332,2.6811256574851985,-4.116956615484185,-3.6791927624614575,-1.9264594348314936,1.3384838977578053,-0.0970836571040771,3.970199802932172,-0.4437607729053832,1.3252658021770425
95.0,162.0,129.9344482421875,-0.0395528471442876,2.681125416613198,-4.116956615570808,-3.6791927624614575,-1.926458566572031,1.3384838977586482,-0.0970836571040771,3.9702001179433135,-0.4437607978940807,1.32526580252055
95.0,163.0,129.93382263183594,-0.0395527923865338,2.682214651185024,-4.116956616941964,-3.679192761938718,-1.9264585805567167,1.3386329197848457,-0.0970836571036599,3.970198691757501,-0.443765246455084,1.3252658110485644
95.0,163.0,129.93389892578125,-0.0395526739992738,2.6816014532392973,-4.1169566140258524,-3.679192759062442,-1.926459426977689,1.3386354418329118,-0.0970836570973314,3.9701982861893934,-0.4437650215592107,1.3252658026609818
95.0,163.0,129.9339141845703,-0.0395528152637341,2.6816154980260425,-4.116956618784259,-3.67919276186376,-1.9264594059400848,1.3386325063013966,-0.097083656768908,3.970199802932172,-0.4437651851990151,1.3252658111858455
95.0,163.0,129.9339141845703,-0.0395526875656291,2.681572441170137,-4.1169566168772365,-3.679192761864399,-1.926459251410056,1.338641179623171,-0.097083656773472,3.970199802932172,-0.4437651834510829,1.3252658030180993
95.0,163.0,129.93405151367188,-0.0395503087095079,2.6816064150630137,-4.116956614029072,-3.679192761945365,-1.9264585805567167,1.3386329197848457,-0.0970836567653619,3.9702111161688354,-0.4437652480343937,1.3252658110485644
95.0,163.0,129.93405151367188,-0.0395526739992738,2.6816014532392973,-4.1169566140258524,-3.679192759062442,-1.926459426977689,1.3386354418329118,-0.0970836570973314,3.970211326719616,-0.4437650118276573,1.325265803028188
95.0,163.0,129.93406677246094,-0.0395526739992738,2.6816014532392973,-4.116956616947931,-3.679192759047095,-1.926459244064336,1.3386412227376645,-0.0970836567657126,3.970214763459624,-0.4437650537398637,1.325265803028188
95.0,163.0,129.93408203125,-0.0395502760761962,2.6816015054427127,-4.116956614029072,-3.6791927587912,-1.926458577098436,1.3386374515838069,-0.0970836567660859,3.9702148110190096,-0.4437657428545531,1.3252658110877886
95.0,163.0,129.93408203125,-0.0395527722862848,2.6816301465154204,-4.116956618457429,-3.679192758845722,-1.926459259432305,1.3386355056002777,-0.0970836571052168,3.9702151650536552,-0.4437650423152093,1.325265811135426
95.0,163.0,129.93409729003906,-0.0395526739742846,2.681558985411436,-4.11695661557703,-3.679192759113586,-1.9264594082532736,1.338644084138043,-0.0970836570973314,3.9702162059933657,-0.4437650218441715,1.325265803028188
95.0,163.0,129.93411254882812,-0.0395528152637341,2.6811499718049787,-4.116956618784259,-3.679192761864399,-1.9264594059400848,1.3386325063013966,-0.0970836570957987,3.970199802932172,-0.4437651834510829,1.325265802532821
95.0,163.0,129.93423461914062,-0.0395526739992738,2.6816014532392973,-4.116956617039357,-3.679192759080344,-1.926459426977689,1.3384838977421214,-0.0970836570973314,3.97019848474412,-0.4437650216120971,1.325265803028188
95.0,163.0,129.93423461914062,-0.0395526739992738,2.6816014532392973,-4.116956617039357,-3.679192759080344,-1.926459426977689,1.3384838977421214,-0.0970836570973314,3.97019848474412,-0.4437650216120971,1.325265803028188
95.0,163.0,129.93423461914062,-0.0395526739992738,2.6816014532392973,-4.116956617040451,-3.679192759080344,-1.9264594251750315,1.338483897742388,-0.0970836570772694,3.970198974088153,-0.4437650468242478,1.325265803028188
95.0,163.0,129.93423461914062,-0.0395526731492342,2.681608266962745,-4.116956615574658,-3.679192759092025,-1.926459426977689,1.3384838977578513,-0.0970836570973314,3.97019848474412,-0.4437650216120971,1.3252658030163726
95.0,163.0,129.93423461914062,-0.0395526740005631,2.681608266962745,-4.116956617022982,-3.6791927590917095,-1.926459426977689,1.3384838977414304,-0.0970836570973314,3.970198485247234,-0.4437650464079173,1.3252658030163726
95.0,163.0,129.93423461914062,-0.0395503087095079,2.6816064150630137,-4.116956617042577,-3.6791927619632654,-1.9264585805567167,1.338481375694055,-0.0970836567653619,3.9701982741933377,-0.4437652578188335,1.3252658110485644
95.0,163.0,129.93423461914062,-0.0395526740005631,2.681608266962745,-4.116956617022982,-3.6791927590917095,-1.926459426977689,1.3384838977414304,-0.0970836570973314,3.970198485247234,-0.4437650464079173,1.3252658030163726
95.0,163.0,129.93423461914062,-0.0395503094527889,2.681601501178652,-4.116956617039357,-3.679192759080344,-1.926459426977689,1.3384838977667797,-0.0970836571167395,3.97019848474412,-0.4437650216120971,1.3252658109129554
95.0,163.0,129.93423461914062,-0.0395526731759229,2.6816014532392973,-4.116956617040451,-3.679192759091457,-1.9264594251750315,1.338483897758435,-0.0970836570752589,3.970199041578419,-0.4437650468242478,1.325265803028188
95.0,163.0,129.93423461914062,-0.0395527674427368,2.6816014532392973,-4.116956617051515,-3.679192759080344,-1.926459426977689,1.3384838977425817,-0.0970836570973314,3.970198504751486,-0.4437652519175846,1.325265803028188
95.0,163.0,129.93423461914062,-0.0395503087095079,2.6811408888419503,-4.116956614029072,-3.679192761946004,-1.9264585805567167,1.3386329197848457,-0.0970836570922526,3.9702111161688354,-0.4437652462864614,1.32526580239554
95.0,163.0,129.93423461914062,-0.0395502737281367,2.6816064150630137,-4.116956614029072,-3.679192761846445,-1.926458577098436,1.338483897768023,-0.0970836570937781,3.9701975726741936,-0.4437650725894013,1.3252658110485644
95.0,163.0,129.93423461914062,-0.0395526746907469,2.681593796320848,-4.11695661555566,-3.6791927590917095,-1.926459409275716,1.3384838977414304,-0.0970836570969088,3.970198485247234,-0.4437650464079173,1.3252658111865332
95.0,163.0,129.93423461914062,-0.0395526739992738,2.6816014532392973,-4.116956617039357,-3.679192759080344,-1.92645943409653,1.3384838977421214,-0.0970836571323322,3.9701986908650455,-0.4437650216120971,1.325265803028188
95.0,163.0,129.93423461914062,-0.0395526731492342,2.6816012664447,-4.116956615574658,-3.679192759092025,-1.926459426977689,1.3384838977432196,-0.0970836570941102,3.97019848474412,-0.4437650210316058,1.3252658030279532
95.0,163.0,129.93423461914062,-0.0395502463789471,2.681608266962745,-4.116956617022982,-3.6791927590645455,-1.926459426977689,1.338483919316826,-0.0970836570973314,3.970198480352564,-0.4437650464079173,1.32526581096999
95.0,163.0,129.9342498779297,-0.0395526849672398,2.6811529694526697,-4.1169566187876905,-3.679192761878534,-1.9264594092176857,1.338636623364301,-0.0970836571087659,3.970214778549511,-0.4437652446006525,1.3252658111237368
95.0,163.0,129.9342498779297,-0.0395527722862848,2.681593827708668,-4.116956618457429,-3.6791927624455982,-1.9264594092176857,1.3384838977586615,-0.0970836571052168,3.970200477465416,-0.4437650423152093,1.3252658111804296
95.0,163.0,129.9342498779297,-0.0395526849672398,2.6811529694526697,-4.1169566187876905,-3.679192761878534,-1.9264594092176857,1.338636623364301,-0.0970836571087659,3.970214778549511,-0.4437652446006525,1.3252658111237368
95.0,163.0,129.9342498779297,-0.0395527728708772,2.681593827708668,-4.116956615592138,-3.6791927624455982,-1.9264594092176857,1.3384838977586615,-0.0970836571040807,3.970200450798056,-0.443760853706637,1.3252658111165143
95.0,163.0,129.9342498779297,-0.0395527728708772,2.68160859165099,-4.116956615592138,-3.6791927624455982,-1.9264594094545024,1.3384838977586615,-0.0970836571040807,3.970200450798056,-0.4437607085562101,1.3252658113884692
95.0,163.0,129.9342498779297,-0.0395528022251979,2.681617672747074,-4.11695661556976,-3.679192758970998,-1.9264594348314936,1.3384838977425402,-0.0970836570889623,3.9702003244931054,-0.4437650217566191,1.325265802499598
95.0,163.0,129.9342498779297,-0.0395526768193292,2.681153033718806,-4.116956615554646,-3.679192761879557,-1.9264594092176857,1.3386378468428255,-0.0970836571043758,3.9702146345880776,-0.4437651978876791,1.32526581112515
95.0,163.0,129.9342498779297,-0.0395527728708772,2.681593827708668,-4.116956615592138,-3.6791927624455982,-1.9264594092176857,1.3384838977586615,-0.097083657104109,3.970200476325052,-0.4437608544961019,1.3252658111165143
95.0,163.0,129.9342498779297,-0.0395526739364643,2.6811471206346447,-4.116956617041369,-3.679192758903903,-1.926459253917724,1.3386439321598542,-0.0970836567657126,3.970214791732688,-0.4437650466007946,1.325265803028188
95.0,163.0,129.9342498779297,-0.0395528022251979,2.681617672747074,-4.11695661556976,-3.679192759010509,-1.926459409254607,1.3384838977425402,-0.0970836570892517,3.9702003244931054,-0.4437650437454255,1.325265811303335
95.0,163.0,129.9342498779297,-0.0395526380161662,2.6811471206346447,-4.116956617039458,-3.679192758903903,-1.926459253917724,1.3386439321598542,-0.0970836567657126,3.970214312816285,-0.4437650466007946,1.325265803028188
95.0,163.0,129.9342498779297,-0.0395527750950391,2.681593827708668,-4.116956618457429,-3.679192762689505,-1.9264594092176857,1.3384838977586615,-0.0970836571052168,3.970200477465416,-0.4437650423152093,1.3252658111804296
95.0,163.0,129.9342498779297,-0.0395528016973788,2.68117898387414,-4.116956618854952,-3.679192759047095,-1.926459398594365,1.3386325494158895,-0.0970836570880393,3.970214763459624,-0.4437650537398637,1.3252658025429096
95.0,163.0,129.9342498779297,-0.0395527728708772,2.68160859165099,-4.116956617006016,-3.6791927589493705,-1.9264594102233064,1.3384838977421842,-0.0970836571058282,3.970200450798056,-0.4437651620519157,1.3252658113884692
95.0,163.0,129.9342498779297,-0.0395526380161662,2.6811471206346447,-4.116956617040424,-3.67919275889145,-1.9264592542892784,1.3386439321598542,-0.0970836567657126,3.970214312584416,-0.443765044483443,1.325265803028188
95.0,163.0,129.9342498779297,-0.0395526849672398,2.6811529694526697,-4.1169566187876905,-3.6791927618787086,-1.9264594092176857,1.3386384409832903,-0.0970836571087659,3.970214778549511,-0.4437652446006525,1.3252658111256934
95.0,163.0,129.93426513671875,-0.0395526789705251,2.681128474410093,-4.116956617075797,-3.6791927618391305,-1.9264594090575693,1.3386430405363556,-0.0970836570966676,3.970215005082233,-0.4437652446006525,1.3252658110979711
95.0,163.0,129.9342803955078,-0.0395526849672398,2.68112865513289,-4.116956617075797,-3.679192761827656,-1.9264594092176857,1.3386391907434605,-0.0970836571092774,3.970214778549511,-0.4437652446006525,1.3252658111237368
95.0,163.0,129.9342803955078,-0.0395528128212923,2.6811288771643667,-4.116956617022056,-3.679192761844937,-1.9264594092176857,1.3386391907434605,-0.097083657104355,3.970214778549511,-0.4437607670679194,1.325265810992694
95.0,163.0,129.93435668945312,-0.0395526631060914,2.681608482785753,-4.116956616947931,-3.67919276220126,-1.926459244064336,1.3384876689210343,-0.0970836567461869,3.9702110686094505,-0.4437650537398637,1.325265803028188
95.0,163.0,129.9343719482422,-0.0395502737281367,2.681616213293441,-4.11695661569935,-3.679192761945365,-1.926458577098436,1.3384838977679103,-0.0970836567658439,3.9702111161688354,-0.4437657428545531,1.3252658108772108
95.0,163.0,129.9343719482422,-0.0395502737281367,2.6816064150630137,-4.116956614029072,-3.679192761945365,-1.926458577098436,1.3384838977679292,-0.0970836567653619,3.9702111161688354,-0.4437657428545531,1.3252658110485644
95.0,163.0,129.9343719482422,-0.0395502651830139,2.6816085349891683,-4.116956614029072,-3.679192761945365,-1.926458577098436,1.3384838977671771,-0.0970836567465602,3.9702111161688354,-0.4437657428545531,1.3252658110877886
95.0,164.0,129.93382263183594,-0.0395527923865338,2.682214651185024,-4.116956616941964,-3.679192761938718,-1.9264585805567167,1.3386329197848457,-0.0970836571036599,3.970198691757501,-0.443765246455084,1.3252658110485644
95.0,164.0,129.93382263183594,-0.0395527923865338,2.682214651185024,-4.116956616997189,-3.679192761938718,-1.9264585805567167,1.3386329197848457,-0.0970836571036599,3.970198691757501,-0.4437652462857191,1.3252658111684603
95.0,164.0,129.93389892578125,-0.0395526739992738,2.6816014532392973,-4.1169566140258524,-3.679192759062442,-1.926459426977689,1.3386354418329118,-0.0970836570973314,3.9701982861893934,-0.4437650215592107,1.3252658026609818
95.0,164.0,129.9339141845703,-0.0395528152637341,2.6816154980260425,-4.116956618784259,-3.67919276186376,-1.9264594059400848,1.3386325063013966,-0.097083656768908,3.970199802932172,-0.4437651851990151,1.3252658111858455
95.0,164.0,129.9339141845703,-0.0395526875656291,2.681572441170137,-4.1169566168772365,-3.679192761864399,-1.926459251410056,1.338641179623171,-0.097083656773472,3.970199802932172,-0.4437651834510829,1.3252658030180993
95.0,164.0,129.9339141845703,-0.0395528099179439,2.681616401833816,-4.11695661688243,-3.679192761864399,-1.926459389848041,1.3386320997534629,-0.097083656773472,3.970199802932172,-0.4437651833561644,1.3252658030180993
95.0,164.0,129.9339141845703,-0.0395528079183479,2.6816154980260425,-4.116956618591423,-3.679192759076072,-1.9264594063090623,1.3386325063013966,-0.0970836570951552,3.970199802932172,-0.4437651851990151,1.3252658111858455
95.0,164.0,129.9339141845703,-0.0395526929114193,2.6815715373623634,-4.116956618779065,-3.67919276186376,-1.9264592675021,1.3386415861711043,-0.097083656768908,3.970199802932172,-0.4437651852939336,1.3252658111858455
95.0,164.0,129.93405151367188,-0.0395503087095079,2.6816064150630137,-4.116956614029072,-3.679192761945365,-1.9264585805567167,1.3386329197848457,-0.0970836567653619,3.9702111161688354,-0.4437652480343937,1.3252658110485644
95.0,164.0,129.93405151367188,-0.0395526739992738,2.6816014532392973,-4.1169566140258524,-3.679192759062442,-1.926459426977689,1.3386354418329118,-0.0970836570973314,3.970211326719616,-0.4437650118276573,1.325265803028188
95.0,164.0,129.93405151367188,-0.0395503790340028,2.6816064150630137,-4.116956617340498,-3.6791927592327087,-1.9264594020188628,1.3386329197848457,-0.0970836567653619,3.9702111161688354,-0.443765230040884,1.3252658033827722
95.0,164.0,129.93405151367188,-0.0395526739992738,2.6816014532392973,-4.1169566140258524,-3.679192759062442,-1.926459426977689,1.3386354418329118,-0.0970836570973314,3.970211326719616,-0.4437650118276573,1.325265803028188
95.0,164.0,129.93406677246094,-0.0395526739992738,2.6816014532392973,-4.116956616947931,-3.679192759047095,-1.926459244064336,1.3386412227376645,-0.0970836567657126,3.970214763459624,-0.4437650537398637,1.325265803028188
95.0,164.0,129.93406677246094,-0.0395526739983457,2.681593756340416,-4.116956616947931,-3.679192759049267,-1.9264592450222864,1.3386412227376645,-0.0970836567657126,3.970214763459624,-0.4437650537398637,1.3252658030259667
95.0,164.0,129.93406677246094,-0.0395502760761962,2.681606419336542,-4.116956614029072,-3.6791927587912,-1.926458577098436,1.3386374515838069,-0.0970836567660859,3.9702148110190096,-0.4437657428545531,1.3252658110877886
95.0,164.0,129.93406677246094,-0.0395526380161662,2.681581098784916,-4.116956617039448,-3.67919275889145,-1.9264592542892784,1.3386439321598542,-0.0970836567612031,3.970214618552051,-0.4437650212461168,1.325265803028188
95.0,164.0,129.93408203125,-0.0395502760761962,2.6816015054427127,-4.116956614029072,-3.6791927587912,-1.926458577098436,1.3386374515838069,-0.0970836567660859,3.9702148110190096,-0.4437657428545531,1.3252658110877886
95.0,164.0,129.93408203125,-0.0395527722862848,2.6816301465154204,-4.116956618457429,-3.679192758845722,-1.926459259432305,1.3386355056002777,-0.0970836571052168,3.9702151650536552,-0.4437650423152093,1.325265811135426
95.0,164.0,129.93408203125,-0.0395526849672398,2.681551231605717,-4.1169566187876905,-3.6791927618787086,-1.926459429247927,1.3386419910524043,-0.0970836571087659,3.970214778549511,-0.4437650210078409,1.325265810966474
95.0,164.0,129.93409729003906,-0.0395526739742846,2.681558985411436,-4.11695661557703,-3.679192759113586,-1.9264594082532736,1.338644084138043,-0.0970836570973314,3.9702162059933657,-0.4437650218441715,1.325265803028188
95.0,164.0,129.93409729003906,-0.0395526739751382,2.681558985411436,-4.11695661557703,-3.679192759078473,-1.9264594082532736,1.3386388261154727,-0.0970836570779539,3.9702162059933657,-0.443765021975544,1.325265803028188
95.0,164.0,129.93409729003906,-0.0395528027306782,2.681586911757924,-4.11695661577987,-3.679192759047095,-1.9264593989345584,1.3386325494158895,-0.0970836570875549,3.9702154320949856,-0.4437608782397449,1.3252658117066751
95.0,164.0,129.93411254882812,-0.0395528152637341,2.6811499718049787,-4.116956618784259,-3.679192761864399,-1.9264594059400848,1.3386325063013966,-0.0970836570957987,3.970199802932172,-0.4437651834510829,1.325265802532821
95.0,164.0,129.93421936035156,-0.0395503087095079,2.6816067432847466,-4.116956617042577,-3.6791927619803593,-1.9264585805567167,1.338481375694055,-0.0970836567653619,3.970197099817324,-0.4437652628642885,1.3252658110485644
95.0,164.0,129.93423461914062,-0.0395526739992738,2.6816014532392973,-4.116956617039357,-3.679192759080344,-1.926459426977689,1.3384838977421214,-0.0970836570973314,3.97019848474412,-0.4437650216120971,1.325265803028188
95.0,164.0,129.93423461914062,-0.0395526739992738,2.6816014532392973,-4.116956617039357,-3.679192759080344,-1.926459426977689,1.3384838977421214,-0.0970836570973314,3.97019848474412,-0.4437650216120971,1.325265803028188
95.0,164.0,129.93423461914062,-0.0395526739992738,2.6816014532392973,-4.116956617040451,-3.679192759080344,-1.9264594251750315,1.338483897742388,-0.0970836570772694,3.970198974088153,-0.4437650468242478,1.325265803028188
95.0,164.0,129.93423461914062,-0.0395526731492342,2.681608266962745,-4.116956615574658,-3.679192759092025,-1.926459426977689,1.3384838977578513,-0.0970836570973314,3.97019848474412,-0.4437650216120971,1.3252658030163726
95.0,164.0,129.93423461914062,-0.0395526740005631,2.681608266962745,-4.116956617022982,-3.6791927590917095,-1.926459426977689,1.3384838977414304,-0.0970836570973314,3.970198485247234,-0.4437650464079173,1.3252658030163726
95.0,164.0,129.93423461914062,-0.0395503087095079,2.6816064150630137,-4.116956617042577,-3.6791927619632654,-1.9264585805567167,1.338481375694055,-0.0970836567653619,3.9701982741933377,-0.4437652578188335,1.3252658110485644
95.0,164.0,129.93423461914062,-0.0395526740005631,2.681608266962745,-4.116956617022982,-3.6791927590917095,-1.926459426977689,1.3384838977414304,-0.0970836570973314,3.970198485247234,-0.4437650464079173,1.3252658030163726
95.0,164.0,129.93423461914062,-0.0395503094527889,2.681601501178652,-4.116956617039357,-3.679192759080344,-1.926459426977689,1.3384838977667797,-0.0970836571167395,3.97019848474412,-0.4437650216120971,1.3252658109129554
95.0,164.0,129.93423461914062,-0.0395526731759229,2.6816014532392973,-4.116956617040451,-3.679192759091457,-1.9264594251750315,1.338483897758435,-0.0970836570752589,3.970199041578419,-0.4437650468242478,1.325265803028188
95.0,164.0,129.93423461914062,-0.0395527674427368,2.6816014532392973,-4.116956617051515,-3.679192759080344,-1.926459426977689,1.3384838977425817,-0.0970836570973314,3.970198504751486,-0.4437652519175846,1.325265803028188
95.0,164.0,129.93423461914062,-0.0395503087095079,2.6811408888419503,-4.116956614029072,-3.679192761946004,-1.9264585805567167,1.3386329197848457,-0.0970836570922526,3.9702111161688354,-0.4437652462864614,1.32526580239554
95.0,164.0,129.93423461914062,-0.0395502737281367,2.6816064150630137,-4.116956614029072,-3.679192761846445,-1.926458577098436,1.338483897768023,-0.0970836570937781,3.9701975726741936,-0.4437650725894013,1.3252658110485644
95.0,164.0,129.93423461914062,-0.0395526746907469,2.681593796320848,-4.11695661555566,-3.6791927590917095,-1.926459409275716,1.3384838977414304,-0.0970836570969088,3.970198485247234,-0.4437650464079173,1.3252658111865332
95.0,164.0,129.93423461914062,-0.0395526739992738,2.6816014532392973,-4.116956617039357,-3.679192759080344,-1.92645943409653,1.3384838977421214,-0.0970836571323322,3.9701986908650455,-0.4437650216120971,1.325265803028188
95.0,164.0,129.93423461914062,-0.0395526731492342,2.6816012664447,-4.116956615574658,-3.679192759092025,-1.926459426977689,1.3384838977432196,-0.0970836570941102,3.97019848474412,-0.4437650210316058,1.3252658030279532
95.0,164.0,129.93423461914062,-0.0395502463789471,2.681608266962745,-4.116956617022982,-3.6791927590645455,-1.926459426977689,1.338483919316826,-0.0970836570973314,3.970198480352564,-0.4437650464079173,1.32526581096999
95.0,164.0,129.93423461914062,-0.0395526739984202,2.6816014532392973,-4.116956617040451,-3.6791927591154576,-1.9264594251750315,1.338489155764958,-0.0970836570966469,3.970198974088153,-0.4437650466928752,1.325265803028188
95.0,164.0,129.93423461914062,-0.0395503094527889,2.681601501178652,-4.116956617039357,-3.679192759080344,-1.926459426977689,1.3384838977667797,-0.0970836571167395,3.97019848474412,-0.4437650216120971,1.3252658109129554
95.0,164.0,129.93423461914062,-0.0395526380161662,2.6811471206346447,-4.116956617039458,-3.679192758903903,-1.926459253917724,1.3386439321598542,-0.0970836570469789,3.970212456821945,-0.4437650466007946,1.325265803028188
95.0,164.0,129.93423461914062,-0.0395526731492342,2.6816012664447,-4.116956615574658,-3.679192759092025,-1.926459426977689,1.3384838977432196,-0.0970836570941102,3.97019848474412,-0.4437650210316058,1.3252658030279532
95.0,164.0,129.93423461914062,-0.0395503087095079,2.6811408888419503,-4.116956613973848,-3.679192761946004,-1.9264585805567167,1.3386329197848457,-0.0970836570922526,3.9702111161688354,-0.4437652464558264,1.3252658022756438
95.0,164.0,129.9342498779297,-0.0395526849672398,2.6811529694526697,-4.1169566187876905,-3.679192761878534,-1.9264594092176857,1.338636623364301,-0.0970836571087659,3.970214778549511,-0.4437652446006525,1.3252658111237368
95.0,164.0,129.9342498779297,-0.0395527722862848,2.681593827708668,-4.116956618457429,-3.6791927624455982,-1.9264594092176857,1.3384838977586615,-0.0970836571052168,3.970200477465416,-0.4437650423152093,1.3252658111804296
95.0,164.0,129.9342498779297,-0.0395526849672398,2.6811529694526697,-4.1169566187876905,-3.679192761878534,-1.9264594092176857,1.338636623364301,-0.0970836571087659,3.970214778549511,-0.4437652446006525,1.3252658111237368
95.0,164.0,129.9342498779297,-0.0395527728708772,2.681593827708668,-4.116956615592138,-3.6791927624455982,-1.9264594092176857,1.3384838977586615,-0.0970836571040807,3.970200450798056,-0.443760853706637,1.3252658111165143
95.0,164.0,129.9342498779297,-0.0395527728708772,2.68160859165099,-4.116956615592138,-3.6791927624455982,-1.9264594094545024,1.3384838977586615,-0.0970836571040807,3.970200450798056,-0.4437607085562101,1.3252658113884692
95.0,165.0,129.93382263183594,-0.0395527923865338,2.682214651185024,-4.116956616941964,-3.679192761938718,-1.9264585805567167,1.3386329197848457,-0.0970836571036599,3.970198691757501,-0.443765246455084,1.3252658110485644
95.0,165.0,129.93382263183594,-0.0395527923865338,2.682214651185024,-4.116956616997189,-3.679192761938718,-1.9264585805567167,1.3386329197848457,-0.0970836571036599,3.970198691757501,-0.4437652462857191,1.3252658111684603
95.0,165.0,129.93382263183594,-0.0395527923865338,2.682214651185024,-4.116956616997189,-3.679192761938718,-1.9264594229663743,1.3386329197848457,-0.0970836571031345,3.970198691757501,-0.4437652421852801,1.3252658022314296
95.0,165.0,129.93382263183594,-0.0395526822404953,2.682214651185024,-4.116956617042409,-3.679192761938718,-1.9264594324196784,1.338631627332761,-0.0970836571036599,3.970198691757501,-0.4437650578688347,1.3252658029900597
95.0,165.0,129.93389892578125,-0.0395526739992738,2.6816014532392973,-4.1169566140258524,-3.679192759062442,-1.926459426977689,1.3386354418329118,-0.0970836570973314,3.9701982861893934,-0.4437650215592107,1.3252658026609818
95.0,165.0,129.9339141845703,-0.0395528152637341,2.6816154980260425,-4.116956618784259,-3.67919276186376,-1.9264594059400848,1.3386325063013966,-0.097083656768908,3.970199802932172,-0.4437651851990151,1.3252658111858455
95.0,165.0,129.9339141845703,-0.0395526875656291,2.681572441170137,-4.1169566168772365,-3.679192761864399,-1.926459251410056,1.338641179623171,-0.097083656773472,3.970199802932172,-0.4437651834510829,1.3252658030180993
95.0,165.0,129.9339141845703,-0.0395528099179439,2.681616401833816,-4.11695661688243,-3.679192761864399,-1.926459389848041,1.3386320997534629,-0.097083656773472,3.970199802932172,-0.4437651833561644,1.3252658030180993
95.0,165.0,129.9339141845703,-0.0395528079183479,2.6816154980260425,-4.116956618591423,-3.679192759076072,-1.9264594063090623,1.3386325063013966,-0.0970836570951552,3.970199802932172,-0.4437651851990151,1.3252658111858455
95.0,165.0,129.9339141845703,-0.0395526929114193,2.6815715373623634,-4.116956618779065,-3.67919276186376,-1.9264592675021,1.3386415861711043,-0.097083656768908,3.970199802932172,-0.4437651852939336,1.3252658111858455
95.0,165.0,129.9339141845703,-0.0395527967598213,2.6816154980260425,-4.116956618759523,-3.67919276186376,-1.9264594059400848,1.338632654265324,-0.097083656768908,3.970199802932172,-0.4437651851990151,1.3252658032636462
95.0,165.0,129.9339141845703,-0.0395502760761962,2.6815741674657687,-4.116956614029072,-3.679192761742368,-1.926458577098436,1.3386374515838069,-0.0970836567660859,3.970199427362763,-0.4437657462200092,1.3252658110877886
95.0,165.0,129.9339141845703,-0.0395526933265698,2.681559761045164,-4.1169566156896655,-3.679192761802104,-1.9264592675021,1.338643985007985,-0.0970836570939565,3.970200291107251,-0.4437651852939336,1.3252658111858455
95.0,165.0,129.9339141845703,-0.0395527923865338,2.6815772067875834,-4.116956616997189,-3.679192761938718,-1.9264592334880224,1.3386329197848457,-0.0970836567589847,3.970198691757501,-0.4437652462857191,1.325265810929673
95.0,165.0,129.9339141845703,-0.0395528156142943,2.6816154980260425,-4.116956618784259,-3.67919275909866,-1.9264594059400848,1.3386325063013966,-0.097083656768908,3.970199802932172,-0.4437651851990151,1.3252658111858455
95.0,165.0,129.93405151367188,-0.0395503087095079,2.6816064150630137,-4.116956614029072,-3.679192761945365,-1.9264585805567167,1.3386329197848457,-0.0970836567653619,3.9702111161688354,-0.4437652480343937,1.3252658110485644
95.0,165.0,129.93405151367188,-0.0395526739992738,2.6816014532392973,-4.1169566140258524,-3.679192759062442,-1.926459426977689,1.3386354418329118,-0.0970836570973314,3.970211326719616,-0.4437650118276573,1.325265803028188
95.0,165.0,129.93405151367188,-0.0395503790340028,2.6816064150630137,-4.116956617340498,-3.6791927592327087,-1.9264594020188628,1.3386329197848457,-0.0970836567653619,3.9702111161688354,-0.443765230040884,1.3252658033827722
95.0,165.0,129.93405151367188,-0.0395526739992738,2.6816014532392973,-4.1169566140258524,-3.679192759062442,-1.926459426977689,1.3386354418329118,-0.0970836570973314,3.970211326719616,-0.4437650118276573,1.325265803028188
95.0,165.0,129.93406677246094,-0.0395526739992738,2.6816014532392973,-4.116956616947931,-3.679192759047095,-1.926459244064336,1.3386412227376645,-0.0970836567657126,3.970214763459624,-0.4437650537398637,1.325265803028188
95.0,165.0,129.93406677246094,-0.0395526739983457,2.681593756340416,-4.116956616947931,-3.679192759049267,-1.9264592450222864,1.3386412227376645,-0.0970836567657126,3.970214763459624,-0.4437650537398637,1.3252658030259667
95.0,165.0,129.93406677246094,-0.0395502760761962,2.681606419336542,-4.116956614029072,-3.6791927587912,-1.926458577098436,1.3386374515838069,-0.0970836567660859,3.9702148110190096,-0.4437657428545531,1.3252658110877886
95.0,165.0,129.93406677246094,-0.0395526380161662,2.681581098784916,-4.116956617039448,-3.67919275889145,-1.9264592542892784,1.3386439321598542,-0.0970836567612031,3.970214618552051,-0.4437650212461168,1.325265803028188
95.0,165.0,129.93406677246094,-0.0395502249124122,2.6816014532392973,-4.116956616947931,-3.6791927590754,-1.926458556867925,1.3386412227376645,-0.0970836567569335,3.97021470196817,-0.4437650537398637,1.3252658030427962
95.0,165.0,129.93406677246094,-0.039550343421903,2.6816014532392973,-4.116956614003573,-3.679192759047095,-1.9264585781994048,1.3386412227376645,-0.0970836567657126,3.970214763459624,-0.4437650537398637,1.325265803028188
95.0,165.0,129.93408203125,-0.0395502760761962,2.6816015054427127,-4.116956614029072,-3.6791927587912,-1.926458577098436,1.3386374515838069,-0.0970836567660859,3.9702148110190096,-0.4437657428545531,1.3252658110877886
95.0,165.0,129.93408203125,-0.0395527722862848,2.6816301465154204,-4.116956618457429,-3.679192758845722,-1.926459259432305,1.3386355056002777,-0.0970836571052168,3.9702151650536552,-0.4437650423152093,1.325265811135426
95.0,165.0,129.93408203125,-0.0395526849672398,2.681551231605717,-4.1169566187876905,-3.6791927618787086,-1.926459429247927,1.3386419910524043,-0.0970836571087659,3.970214778549511,-0.4437650210078409,1.325265810966474
95.0,165.0,129.93408203125,-0.0395526875656291,2.6815997791470814,-4.1169566168772365,-3.679192758913231,-1.926459251410056,1.338641179623171,-0.097083656773472,3.970215186588419,-0.4437651800856267,1.3252658030180993
95.0,165.0,129.93408203125,-0.0395527722862848,2.6816301465154204,-4.116956614015624,-3.679192758845722,-1.9264585360872752,1.3386374451280063,-0.0970836570868416,3.9702151650536552,-0.4437650423152093,1.3252658111369977
95.0,165.0,129.93409729003906,-0.0395526739742846,2.681558985411436,-4.11695661557703,-3.679192759113586,-1.9264594082532736,1.338644084138043,-0.0970836570973314,3.9702162059933657,-0.4437650218441715,1.325265803028188
95.0,165.0,129.93409729003906,-0.0395526739751382,2.681558985411436,-4.11695661557703,-3.679192759078473,-1.9264594082532736,1.3386388261154727,-0.0970836570779539,3.9702162059933657,-0.443765021975544,1.325265803028188
95.0,165.0,129.93409729003906,-0.0395528027306782,2.681586911757924,-4.11695661577987,-3.679192759047095,-1.9264593989345584,1.3386325494158895,-0.0970836570875549,3.9702154320949856,-0.4437608782397449,1.3252658117066751
95.0,165.0,129.93409729003906,-0.0395526739742846,2.681558985411436,-4.11695661557703,-3.679192759076248,-1.9264594082532736,1.3386438739479796,-0.0970836570973314,3.9702162059933657,-0.4437650218441715,1.325265803028188
95.0,165.0,129.93411254882812,-0.0395528152637341,2.6811499718049787,-4.116956618784259,-3.679192761864399,-1.9264594059400848,1.3386325063013966,-0.0970836570957987,3.970199802932172,-0.4437651834510829,1.325265802532821
95.0,165.0,129.93411254882812,-0.0395528152637341,2.6811499718049787,-4.116956618784259,-3.679192761864399,-1.9264594059400848,1.3386325063013966,-0.0970836571053193,3.970199802932172,-0.4437651834510829,1.325265802532821
95.0,165.0,129.93411254882812,-0.0395503087095079,2.6811408888419503,-4.11695661699532,-3.679192761946004,-1.9264585805567167,1.3386329197848457,-0.0970836570973392,3.970199838686218,-0.4437650403377565,1.3252658022756438
95.0,165.0,129.93421936035156,-0.0395503087095079,2.6816067432847466,-4.116956617042577,-3.6791927619803593,-1.9264585805567167,1.338481375694055,-0.0970836567653619,3.970197099817324,-0.4437652628642885,1.3252658110485644
95.0,165.0,129.93423461914062,-0.0395526739992738,2.6816014532392973,-4.116956617039357,-3.679192759080344,-1.926459426977689,1.3384838977421214,-0.0970836570973314,3.97019848474412,-0.4437650216120971,1.325265803028188
95.0,165.0,129.93423461914062,-0.0395526739992738,2.6816014532392973,-4.116956617039357,-3.679192759080344,-1.926459426977689,1.3384838977421214,-0.0970836570973314,3.97019848474412,-0.4437650216120971,1.325265803028188
95.0,165.0,129.93423461914062,-0.0395526739992738,2.6816014532392973,-4.116956617040451,-3.679192759080344,-1.9264594251750315,1.338483897742388,-0.0970836570772694,3.970198974088153,-0.4437650468242478,1.325265803028188
95.0,165.0,129.93423461914062,-0.0395526731492342,2.681608266962745,-4.116956615574658,-3.679192759092025,-1.926459426977689,1.3384838977578513,-0.0970836570973314,3.97019848474412,-0.4437650216120971,1.3252658030163726
95.0,165.0,129.93423461914062,-0.0395526740005631,2.681608266962745,-4.116956617022982,-3.6791927590917095,-1.926459426977689,1.3384838977414304,-0.0970836570973314,3.970198485247234,-0.4437650464079173,1.3252658030163726
95.0,165.0,129.93423461914062,-0.0395503087095079,2.6816064150630137,-4.116956617042577,-3.6791927619632654,-1.9264585805567167,1.338481375694055,-0.0970836567653619,3.9701982741933377,-0.4437652578188335,1.3252658110485644
95.0,165.0,129.93423461914062,-0.0395526740005631,2.681608266962745,-4.116956617022982,-3.6791927590917095,-1.926459426977689,1.3384838977414304,-0.0970836570973314,3.970198485247234,-0.4437650464079173,1.3252658030163726
95.0,165.0,129.93423461914062,-0.0395503094527889,2.681601501178652,-4.116956617039357,-3.679192759080344,-1.926459426977689,1.3384838977667797,-0.0970836571167395,3.97019848474412,-0.4437650216120971,1.3252658109129554
95.0,165.0,129.93423461914062,-0.0395526731759229,2.6816014532392973,-4.116956617040451,-3.679192759091457,-1.9264594251750315,1.338483897758435,-0.0970836570752589,3.970199041578419,-0.4437650468242478,1.325265803028188
95.0,165.0,129.93423461914062,-0.0395527674427368,2.6816014532392973,-4.116956617051515,-3.679192759080344,-1.926459426977689,1.3384838977425817,-0.0970836570973314,3.970198504751486,-0.4437652519175846,1.325265803028188
95.0,165.0,129.93423461914062,-0.0395503087095079,2.6811408888419503,-4.116956614029072,-3.679192761946004,-1.9264585805567167,1.3386329197848457,-0.0970836570922526,3.9702111161688354,-0.4437652462864614,1.32526580239554
95.0,165.0,129.93423461914062,-0.0395502737281367,2.6816064150630137,-4.116956614029072,-3.679192761846445,-1.926458577098436,1.338483897768023,-0.0970836570937781,3.9701975726741936,-0.4437650725894013,1.3252658110485644
95.0,166.0,129.93382263183594,-0.0395527923865338,2.682214651185024,-4.116956616941964,-3.679192761938718,-1.9264585805567167,1.3386329197848457,-0.0970836571036599,3.970198691757501,-0.443765246455084,1.3252658110485644
95.0,166.0,129.93382263183594,-0.0395527923865338,2.682214651185024,-4.116956616997189,-3.679192761938718,-1.9264585805567167,1.3386329197848457,-0.0970836571036599,3.970198691757501,-0.4437652462857191,1.3252658111684603
95.0,166.0,129.93382263183594,-0.0395527923865338,2.682214651185024,-4.116956616997189,-3.679192761938718,-1.9264594229663743,1.3386329197848457,-0.0970836571031345,3.970198691757501,-0.4437652421852801,1.3252658022314296
95.0,166.0,129.93382263183594,-0.0395526822404953,2.682214651185024,-4.116956617042409,-3.679192761938718,-1.9264594324196784,1.338631627332761,-0.0970836571036599,3.970198691757501,-0.4437650578688347,1.3252658029900597
95.0,166.0,129.93382263183594,-0.0395527923865338,2.682207337337914,-4.116956616997189,-3.6791927619391314,-1.926458577824216,1.3386329197848457,-0.0970836570972005,3.970198691757501,-0.4437650359842476,1.3252658022314296
95.0,166.0,129.93382263183594,-0.0395527923865338,2.682214114640174,-4.116956616943593,-3.679192759118088,-1.926458589686676,1.3386329197848457,-0.0970836571022361,3.970198691757501,-0.4437650184857671,1.3252658110485644
95.0,166.0,129.93389892578125,-0.0395526739992738,2.6816014532392973,-4.1169566140258524,-3.679192759062442,-1.926459426977689,1.3386354418329118,-0.0970836570973314,3.9701982861893934,-0.4437650215592107,1.3252658026609818
95.0,166.0,129.93389892578125,-0.0395527923865338,2.6816195324239955,-4.116956616941964,-3.679192761882412,-1.9264585805567167,1.3386329197848457,-0.0970836571036599,3.970198171692929,-0.4437652395711974,1.3252658110487228
95.0,166.0,129.93389892578125,-0.0395526875656291,2.681602098366146,-4.116956614084053,-3.679192761864399,-1.926459251410056,1.338641179623171,-0.0970836567743859,3.970199802932172,-0.4437650091432786,1.3252658030180993
95.0,166.0,129.9339141845703,-0.0395528152637341,2.6816154980260425,-4.116956618784259,-3.67919276186376,-1.9264594059400848,1.3386325063013966,-0.097083656768908,3.970199802932172,-0.4437651851990151,1.3252658111858455
95.0,166.0,129.9339141845703,-0.0395526875656291,2.681572441170137,-4.1169566168772365,-3.679192761864399,-1.926459251410056,1.338641179623171,-0.097083656773472,3.970199802932172,-0.4437651834510829,1.3252658030180993
95.0,166.0,129.9339141845703,-0.0395528099179439,2.681616401833816,-4.11695661688243,-3.679192761864399,-1.926459389848041,1.3386320997534629,-0.097083656773472,3.970199802932172,-0.4437651833561644,1.3252658030180993
95.0,166.0,129.9339141845703,-0.0395528079183479,2.6816154980260425,-4.116956618591423,-3.679192759076072,-1.9264594063090623,1.3386325063013966,-0.0970836570951552,3.970199802932172,-0.4437651851990151,1.3252658111858455
95.0,166.0,129.9339141845703,-0.0395526929114193,2.6815715373623634,-4.116956618779065,-3.67919276186376,-1.9264592675021,1.3386415861711043,-0.097083656768908,3.970199802932172,-0.4437651852939336,1.3252658111858455
95.0,166.0,129.9339141845703,-0.0395527967598213,2.6816154980260425,-4.116956618759523,-3.67919276186376,-1.9264594059400848,1.338632654265324,-0.097083656768908,3.970199802932172,-0.4437651851990151,1.3252658032636462
95.0,166.0,129.9339141845703,-0.0395502760761962,2.6815741674657687,-4.116956614029072,-3.679192761742368,-1.926458577098436,1.3386374515838069,-0.0970836567660859,3.970199427362763,-0.4437657462200092,1.3252658110877886
95.0,166.0,129.9339141845703,-0.0395526933265698,2.681559761045164,-4.1169566156896655,-3.679192761802104,-1.9264592675021,1.338643985007985,-0.0970836570939565,3.970200291107251,-0.4437651852939336,1.3252658111858455
95.0,166.0,129.9339141845703,-0.0395527923865338,2.6815772067875834,-4.116956616997189,-3.679192761938718,-1.9264592334880224,1.3386329197848457,-0.0970836567589847,3.970198691757501,-0.4437652462857191,1.325265810929673
95.0,166.0,129.9339141845703,-0.0395528156142943,2.6816154980260425,-4.116956618784259,-3.67919275909866,-1.9264594059400848,1.3386325063013966,-0.097083656768908,3.970199802932172,-0.4437651851990151,1.3252658111858455
95.0,166.0,129.9339141845703,-0.0395528026769596,2.6816014532392973,-4.1169566140258524,-3.679192759062442,-1.926459426977689,1.3386354418329118,-0.0970836570973314,3.9701995790332494,-0.4437650024339731,1.3252658027187312
95.0,166.0,129.9339141845703,-0.0395527925307056,2.681615477389199,-4.11695661688243,-3.679192761864399,-1.926459389848041,1.3386328631675162,-0.0970836567588595,3.970199802932172,-0.4437652439344141,1.3252658030180993
95.0,166.0,129.9339141845703,-0.0395526973867804,2.681611600795677,-4.1169566156896655,-3.679192761802104,-1.9264592657878064,1.3386444087034293,-0.0970836570939565,3.970200278954222,-0.4437651852003361,1.3252658111858455
95.0,166.0,129.93397521972656,-0.039552672386478,2.682210630516754,-4.116956616949414,-3.679192759049267,-1.9264592450222864,1.3386412227376645,-0.0970836567485153,3.9702143723205454,-0.4437650537398637,1.325265811085137
95.0,166.0,129.9340057373047,-0.0395527722862848,2.682225265276449,-4.116956618457429,-3.679192758902028,-1.926459259432305,1.3386355056002777,-0.0970836571052168,3.970215685118228,-0.4437650491990959,1.3252658111352678
95.0,166.0,129.93405151367188,-0.0395503087095079,2.6816064150630137,-4.116956614029072,-3.679192761945365,-1.9264585805567167,1.3386329197848457,-0.0970836567653619,3.9702111161688354,-0.4437652480343937,1.3252658110485644
95.0,166.0,129.93405151367188,-0.0395526739992738,2.6816014532392973,-4.1169566140258524,-3.679192759062442,-1.926459426977689,1.3386354418329118,-0.0970836570973314,3.970211326719616,-0.4437650118276573,1.325265803028188
95.0,166.0,129.93405151367188,-0.0395503790340028,2.6816064150630137,-4.116956617340498,-3.6791927592327087,-1.9264594020188628,1.3386329197848457,-0.0970836567653619,3.9702111161688354,-0.443765230040884,1.3252658033827722
95.0,166.0,129.93405151367188,-0.0395526739992738,2.6816014532392973,-4.1169566140258524,-3.679192759062442,-1.926459426977689,1.3386354418329118,-0.0970836570973314,3.970211326719616,-0.4437650118276573,1.325265803028188
95.0,166.0,129.93405151367188,-0.0395526739992738,2.681571796043288,-4.116956616819035,-3.679192759062442,-1.926459426977689,1.3386354418329118,-0.0970836570964174,3.970211326719616,-0.4437651861354615,1.325265803028188
95.0,166.0,129.93405151367188,-0.0395503790340028,2.6816064150630137,-4.116956617340498,-3.6791927592327087,-1.926459402281592,1.3386329296733157,-0.0970836567688684,3.9702111161688354,-0.4437652298243776,1.3252658034022065
95.0,166.0,129.93406677246094,-0.0395526739992738,2.6816014532392973,-4.116956616947931,-3.679192759047095,-1.926459244064336,1.3386412227376645,-0.0970836567657126,3.970214763459624,-0.4437650537398637,1.325265803028188
95.0,166.0,129.93406677246094,-0.0395526739983457,2.681593756340416,-4.116956616947931,-3.679192759049267,-1.9264592450222864,1.3386412227376645,-0.0970836567657126,3.970214763459624,-0.4437650537398637,1.3252658030259667
95.0,166.0,129.93406677246094,-0.0395502760761962,2.681606419336542,-4.116956614029072,-3.6791927587912,-1.926458577098436,1.3386374515838069,-0.0970836567660859,3.9702148110190096,-0.4437657428545531,1.3252658110877886
95.0,166.0,129.93406677246094,-0.0395526380161662,2.681581098784916,-4.116956617039448,-3.67919275889145,-1.9264592542892784,1.3386439321598542,-0.0970836567612031,3.970214618552051,-0.4437650212461168,1.325265803028188
95.0,166.0,129.93406677246094,-0.0395502249124122,2.6816014532392973,-4.116956616947931,-3.6791927590754,-1.926458556867925,1.3386412227376645,-0.0970836567569335,3.97021470196817,-0.4437650537398637,1.3252658030427962
95.0,166.0,129.93406677246094,-0.039550343421903,2.6816014532392973,-4.116956614003573,-3.679192759047095,-1.9264585781994048,1.3386412227376645,-0.0970836567657126,3.970214763459624,-0.4437650537398637,1.325265803028188
95.0,166.0,129.93406677246094,-0.0395502249124122,2.6816014532392973,-4.116956616947931,-3.6791927590754,-1.926458556867925,1.3386412227376645,-0.0970836567569335,3.97021470196817,-0.4437650537398637,1.3252658030427962
95.0,166.0,129.93406677246094,-0.039550343421903,2.6816014532392973,-4.116956614023192,-3.679192759047095,-1.926458580431929,1.3386410707419678,-0.0970836567657126,3.970214763459624,-0.4437650537398637,1.3252658110201598
95.0,166.0,129.93408203125,-0.0395502760761962,2.6816015054427127,-4.116956614029072,-3.6791927587912,-1.926458577098436,1.3386374515838069,-0.0970836567660859,3.9702148110190096,-0.4437657428545531,1.3252658110877886
95.0,166.0,129.93408203125,-0.0395527722862848,2.6816301465154204,-4.116956618457429,-3.679192758845722,-1.926459259432305,1.3386355056002777,-0.0970836571052168,3.9702151650536552,-0.4437650423152093,1.325265811135426
95.0,166.0,129.93408203125,-0.0395526849672398,2.681551231605717,-4.1169566187876905,-3.6791927618787086,-1.926459429247927,1.3386419910524043,-0.0970836571087659,3.970214778549511,-0.4437650210078409,1.325265810966474
95.0,166.0,129.93408203125,-0.0395526875656291,2.6815997791470814,-4.1169566168772365,-3.679192758913231,-1.926459251410056,1.338641179623171,-0.097083656773472,3.970215186588419,-0.4437651800856267,1.3252658030180993
95.0,166.0,129.93408203125,-0.0395527722862848,2.6816301465154204,-4.116956614015624,-3.679192758845722,-1.9264585360872752,1.3386374451280063,-0.0970836570868416,3.9702151650536552,-0.4437650423152093,1.3252658111369977
95.0,166.0,129.93408203125,-0.0395527722862848,2.6816301465154204,-4.116956614015624,-3.679192758845722,-1.926459267291409,1.3386374451280063,-0.0970836570868416,3.9702151650536552,-0.4437650423152093,1.3252658111369335
95.0,166.0,129.93408203125,-0.0395526739742846,2.681608048807804,-4.11695661557703,-3.679192758795352,-1.9264594082532736,1.3386439465838935,-0.0970836567662454,3.970216179866414,-0.4437651018123256,1.3252658110782978
95.0,166.0,129.93409729003906,-0.0395526739742846,2.681558985411436,-4.11695661557703,-3.679192759113586,-1.9264594082532736,1.338644084138043,-0.0970836570973314,3.9702162059933657,-0.4437650218441715,1.325265803028188
95.0,166.0,129.93409729003906,-0.0395526739751382,2.681558985411436,-4.11695661557703,-3.679192759078473,-1.9264594082532736,1.3386388261154727,-0.0970836570779539,3.9702162059933657,-0.443765021975544,1.325265803028188
95.0,166.0,129.93409729003906,-0.0395528027306782,2.681586911757924,-4.11695661577987,-3.679192759047095,-1.9264593989345584,1.3386325494158895,-0.0970836570875549,3.9702154320949856,-0.4437608782397449,1.3252658117066751
95.0,166.0,129.93409729003906,-0.0395526739742846,2.681558985411436,-4.11695661557703,-3.679192759076248,-1.9264594082532736,1.3386438739479796,-0.0970836570973314,3.9702162059933657,-0.4437650218441715,1.325265803028188
95.0,166.0,129.93409729003906,-0.0395526914615495,2.6815998892160304,-4.11695661688243,-3.679192758891904,-1.9264592539717365,1.338632027585233,-0.097083656773472,3.970215484110668,-0.4437651799995919,1.3252658030180993
95.0,167.0,129.93382263183594,-0.0395527923865338,2.682214651185024,-4.116956616941964,-3.679192761938718,-1.9264585805567167,1.3386329197848457,-0.0970836571036599,3.970198691757501,-0.443765246455084,1.3252658110485644
95.0,167.0,129.93382263183594,-0.0395527923865338,2.682214651185024,-4.116956616997189,-3.679192761938718,-1.9264585805567167,1.3386329197848457,-0.0970836571036599,3.970198691757501,-0.4437652462857191,1.3252658111684603
95.0,167.0,129.93382263183594,-0.0395527923865338,2.682214651185024,-4.116956616997189,-3.679192761938718,-1.9264594229663743,1.3386329197848457,-0.0970836571031345,3.970198691757501,-0.4437652421852801,1.3252658022314296
95.0,167.0,129.93382263183594,-0.0395526822404953,2.682214651185024,-4.116956617042409,-3.679192761938718,-1.9264594324196784,1.338631627332761,-0.0970836571036599,3.970198691757501,-0.4437650578688347,1.3252658029900597
95.0,167.0,129.93382263183594,-0.0395527923865338,2.682207337337914,-4.116956616997189,-3.6791927619391314,-1.926458577824216,1.3386329197848457,-0.0970836570972005,3.970198691757501,-0.4437650359842476,1.3252658022314296
95.0,167.0,129.93382263183594,-0.0395527923865338,2.682214114640174,-4.116956616943593,-3.679192759118088,-1.926458589686676,1.3386329197848457,-0.0970836571022361,3.970198691757501,-0.4437650184857671,1.3252658110485644
95.0,167.0,129.93382263183594,-0.0395527654015155,2.682214786993656,-4.1169566184585,-3.679192759062442,-1.926459426977689,1.338635437090267,-0.0970836570973314,3.970198862855274,-0.4437650488085959,1.3252658035983975
95.0,167.0,129.93382263183594,-0.0395527923865338,2.682214114640174,-4.116956616943593,-3.679192759118088,-1.9264592757121857,1.3386330888878022,-0.0970836571022361,3.970198689303534,-0.4437650184857671,1.3252658110415465
95.0,167.0,129.93382263183594,-0.0395526822404953,2.682214651185024,-4.116956617042409,-3.679192761938718,-1.9264594324196784,1.338631627332761,-0.0970836571036599,3.970198691757501,-0.4437650578688347,1.3252658029900597
95.0,167.0,129.93382263183594,-0.0395527923865338,2.682207337337914,-4.116956616997189,-3.6791927619391314,-1.926458577824216,1.3386329197848457,-0.0970836570972005,3.970198691757501,-0.4437650359842476,1.3252658022314296
95.0,167.0,129.93382263183594,-0.0395527923865338,2.682214651185024,-4.116956616941964,-3.679192761938718,-1.9264585805567167,1.3386329197848457,-0.0970836571036599,3.970198691757501,-0.443765246455084,1.3252658110485644
95.0,167.0,129.933837890625,-0.0395526822404953,2.682195565201772,-4.116956616944462,-3.679192761938718,-1.9264594324196784,1.338631627332761,-0.097083657095273,3.970199811957418,-0.4437650560040648,1.3252658029900597
95.0,167.0,129.93389892578125,-0.0395526739992738,2.6816014532392973,-4.1169566140258524,-3.679192759062442,-1.926459426977689,1.3386354418329118,-0.0970836570973314,3.9701982861893934,-0.4437650215592107,1.3252658026609818
95.0,167.0,129.93389892578125,-0.0395527923865338,2.6816195324239955,-4.116956616941964,-3.679192761882412,-1.9264585805567167,1.3386329197848457,-0.0970836571036599,3.970198171692929,-0.4437652395711974,1.3252658110487228
95.0,167.0,129.93389892578125,-0.0395526875656291,2.681602098366146,-4.116956614084053,-3.679192761864399,-1.926459251410056,1.338641179623171,-0.0970836567743859,3.970199802932172,-0.4437650091432786,1.3252658030180993
95.0,167.0,129.93389892578125,-0.0395526739992738,2.6816014532392973,-4.1169566140258524,-3.679192759097661,-1.926459426977689,1.3386354418329118,-0.0970836570973314,3.9701982792984976,-0.4437650215592107,1.3252658028349864
95.0,167.0,129.9339141845703,-0.0395528152637341,2.6816154980260425,-4.116956618784259,-3.67919276186376,-1.9264594059400848,1.3386325063013966,-0.097083656768908,3.970199802932172,-0.4437651851990151,1.3252658111858455
95.0,167.0,129.9339141845703,-0.0395526875656291,2.681572441170137,-4.1169566168772365,-3.679192761864399,-1.926459251410056,1.338641179623171,-0.097083656773472,3.970199802932172,-0.4437651834510829,1.3252658030180993
95.0,167.0,129.9339141845703,-0.0395528099179439,2.681616401833816,-4.11695661688243,-3.679192761864399,-1.926459389848041,1.3386320997534629,-0.097083656773472,3.970199802932172,-0.4437651833561644,1.3252658030180993
95.0,167.0,129.9339141845703,-0.0395528079183479,2.6816154980260425,-4.116956618591423,-3.679192759076072,-1.9264594063090623,1.3386325063013966,-0.0970836570951552,3.970199802932172,-0.4437651851990151,1.3252658111858455
95.0,167.0,129.9339141845703,-0.0395526929114193,2.6815715373623634,-4.116956618779065,-3.67919276186376,-1.9264592675021,1.3386415861711043,-0.097083656768908,3.970199802932172,-0.4437651852939336,1.3252658111858455
95.0,167.0,129.9339141845703,-0.0395527967598213,2.6816154980260425,-4.116956618759523,-3.67919276186376,-1.9264594059400848,1.338632654265324,-0.097083656768908,3.970199802932172,-0.4437651851990151,1.3252658032636462
95.0,167.0,129.9339141845703,-0.0395502760761962,2.6815741674657687,-4.116956614029072,-3.679192761742368,-1.926458577098436,1.3386374515838069,-0.0970836567660859,3.970199427362763,-0.4437657462200092,1.3252658110877886
95.0,167.0,129.9339141845703,-0.0395526933265698,2.681559761045164,-4.1169566156896655,-3.679192761802104,-1.9264592675021,1.338643985007985,-0.0970836570939565,3.970200291107251,-0.4437651852939336,1.3252658111858455
95.0,167.0,129.9339141845703,-0.0395527923865338,2.6815772067875834,-4.116956616997189,-3.679192761938718,-1.9264592334880224,1.3386329197848457,-0.0970836567589847,3.970198691757501,-0.4437652462857191,1.325265810929673
95.0,167.0,129.9339141845703,-0.0395528156142943,2.6816154980260425,-4.116956618784259,-3.67919275909866,-1.9264594059400848,1.3386325063013966,-0.097083656768908,3.970199802932172,-0.4437651851990151,1.3252658111858455
95.0,167.0,129.9339141845703,-0.0395528026769596,2.6816014532392973,-4.1169566140258524,-3.679192759062442,-1.926459426977689,1.3386354418329118,-0.0970836570973314,3.9701995790332494,-0.4437650024339731,1.3252658027187312
95.0,167.0,129.9339141845703,-0.0395527925307056,2.681615477389199,-4.11695661688243,-3.679192761864399,-1.926459389848041,1.3386328631675162,-0.0970836567588595,3.970199802932172,-0.4437652439344141,1.3252658030180993
95.0,167.0,129.9339141845703,-0.0395526973867804,2.681611600795677,-4.1169566156896655,-3.679192761802104,-1.9264592657878064,1.3386444087034293,-0.0970836570939565,3.970200278954222,-0.4437651852003361,1.3252658111858455
95.0,167.0,129.9339141845703,-0.0395527967912331,2.681613632961794,-4.116956616997189,-3.679192761938718,-1.9264594229663743,1.3386326492806333,-0.0970836571028405,3.9701987220311774,-0.4437652421852801,1.3252658022338577
95.0,167.0,129.9339141845703,-0.0395528216788931,2.6815751281446536,-4.116956618784575,-3.67919276186376,-1.9264592675021,1.3386325576555704,-0.097083656768908,3.970199802932172,-0.443765185296648,1.3252658111858455
95.0,167.0,129.9339141845703,-0.0395527897732457,2.681600862035707,-4.116956616941964,-3.679192761938718,-1.926459230789374,1.3386329197848457,-0.0970836571073512,3.970198767752972,-0.443765246455084,1.3252658030974014
95.0,167.0,129.9339141845703,-0.0395527923865338,2.6815877076071004,-4.116956617338835,-3.6791927619391314,-1.926458577824216,1.3386329197848457,-0.0970836570972005,3.970198707656936,-0.4437650359842476,1.3252658022314296
95.0,167.0,129.9339141845703,-0.0395526844169439,2.681616401833816,-4.11695661688243,-3.679192761864399,-1.9264592561701848,1.3386320997534629,-0.097083656773472,3.970199802932172,-0.4437651833561644,1.3252658030180993
95.0,167.0,129.9339141845703,-0.0395528156142943,2.6816154980260425,-4.116956618784259,-3.679192759063441,-1.9264594059400848,1.3386325063013966,-0.097083656768908,3.9701998098230686,-0.4437651851990151,1.3252658110118412
95.0,167.0,129.93392944335938,-0.0395526875656291,2.6815997791470814,-4.116956616767033,-3.679192758913231,-1.9264594228948688,1.3386353414520376,-0.0970836570624342,3.9702003119391134,-0.4437651800856267,1.3252658030229487
95.0,167.0,129.93394470214844,-0.0395503790340028,2.682226044793828,-4.116956616998853,-3.6791927592327087,-1.926459402281592,1.3386329296733157,-0.0970836567688684,3.9702111002694,-0.4437652298243776,1.3252658034022065
95.0,167.0,129.93397521972656,-0.039552672386478,2.682210630516754,-4.116956616949414,-3.679192759049267,-1.9264592450222864,1.3386412227376645,-0.0970836567485153,3.9702143723205454,-0.4437650537398637,1.325265811085137
95.0,167.0,129.9340057373047,-0.0395527722862848,2.682225265276449,-4.116956618457429,-3.679192758902028,-1.926459259432305,1.3386355056002777,-0.0970836571052168,3.970215685118228,-0.4437650491990959,1.3252658111352678
95.0,167.0,129.93405151367188,-0.0395503087095079,2.6816064150630137,-4.116956614029072,-3.679192761945365,-1.9264585805567167,1.3386329197848457,-0.0970836567653619,3.9702111161688354,-0.4437652480343937,1.3252658110485644
95.0,167.0,129.93405151367188,-0.0395526739992738,2.6816014532392973,-4.1169566140258524,-3.679192759062442,-1.926459426977689,1.3386354418329118,-0.0970836570973314,3.970211326719616,-0.4437650118276573,1.325265803028188
95.0,167.0,129.93405151367188,-0.0395503790340028,2.6816064150630137,-4.116956617340498,-3.6791927592327087,-1.9264594020188628,1.3386329197848457,-0.0970836567653619,3.9702111161688354,-0.443765230040884,1.3252658033827722
95.0,167.0,129.93405151367188,-0.0395526739992738,2.6816014532392973,-4.1169566140258524,-3.679192759062442,-1.926459426977689,1.3386354418329118,-0.0970836570973314,3.970211326719616,-0.4437650118276573,1.325265803028188
95.0,167.0,129.93405151367188,-0.0395526739992738,2.681571796043288,-4.116956616819035,-3.679192759062442,-1.926459426977689,1.3386354418329118,-0.0970836570964174,3.970211326719616,-0.4437651861354615,1.325265803028188
95.0,167.0,129.93405151367188,-0.0395503790340028,2.6816064150630137,-4.116956617340498,-3.6791927592327087,-1.926459402281592,1.3386329296733157,-0.0970836567688684,3.9702111161688354,-0.4437652298243776,1.3252658034022065
95.0,167.0,129.93405151367188,-0.0395526722111691,2.6816132781156985,-4.116956618897578,-3.679192759049267,-1.9264592450222864,1.3386412227376645,-0.0970836567485153,3.9702137269292166,-0.4437650537398637,1.3252658110856967
95.0,167.0,129.93406677246094,-0.0395526739992738,2.6816014532392973,-4.116956616947931,-3.679192759047095,-1.926459244064336,1.3386412227376645,-0.0970836567657126,3.970214763459624,-0.4437650537398637,1.325265803028188
95.0,167.0,129.93406677246094,-0.0395526739983457,2.681593756340416,-4.116956616947931,-3.679192759049267,-1.9264592450222864,1.3386412227376645,-0.0970836567657126,3.970214763459624,-0.4437650537398637,1.3252658030259667
95.0,167.0,129.93406677246094,-0.0395502760761962,2.681606419336542,-4.116956614029072,-3.6791927587912,-1.926458577098436,1.3386374515838069,-0.0970836567660859,3.9702148110190096,-0.4437657428545531,1.3252658110877886
95.0,167.0,129.93406677246094,-0.0395526380161662,2.681581098784916,-4.116956617039448,-3.67919275889145,-1.9264592542892784,1.3386439321598542,-0.0970836567612031,3.970214618552051,-0.4437650212461168,1.325265803028188
95.0,168.0,129.9337921142578,-0.0395527923865338,2.682207337337914,-4.116956616997189,-3.67919276179067,-1.926459268756041,1.3386445716371116,-0.097083657097563,3.9701985901640247,-0.4437650359842476,1.3252658111717417
95.0,168.0,129.93380737304688,-0.0395527923865338,2.682214651185024,-4.116956617190491,-3.679192761938718,-1.9264594267489872,1.3386329197848457,-0.0970836571031345,3.97019830761114,-0.4437652500991025,1.325265802224126
95.0,168.0,129.93382263183594,-0.0395527923865338,2.682214651185024,-4.116956616941964,-3.679192761938718,-1.9264585805567167,1.3386329197848457,-0.0970836571036599,3.970198691757501,-0.443765246455084,1.3252658110485644
95.0,168.0,129.93382263183594,-0.0395527923865338,2.682214651185024,-4.116956616997189,-3.679192761938718,-1.9264585805567167,1.3386329197848457,-0.0970836571036599,3.970198691757501,-0.4437652462857191,1.3252658111684603
95.0,168.0,129.93382263183594,-0.0395527923865338,2.682214651185024,-4.116956616997189,-3.679192761938718,-1.9264594229663743,1.3386329197848457,-0.0970836571031345,3.970198691757501,-0.4437652421852801,1.3252658022314296
95.0,168.0,129.93382263183594,-0.0395526822404953,2.682214651185024,-4.116956617042409,-3.679192761938718,-1.9264594324196784,1.338631627332761,-0.0970836571036599,3.970198691757501,-0.4437650578688347,1.3252658029900597
95.0,168.0,129.93382263183594,-0.0395527923865338,2.682207337337914,-4.116956616997189,-3.6791927619391314,-1.926458577824216,1.3386329197848457,-0.0970836570972005,3.970198691757501,-0.4437650359842476,1.3252658022314296
95.0,168.0,129.93382263183594,-0.0395527923865338,2.682214114640174,-4.116956616943593,-3.679192759118088,-1.926458589686676,1.3386329197848457,-0.0970836571022361,3.970198691757501,-0.4437650184857671,1.3252658110485644
95.0,168.0,129.93382263183594,-0.0395527654015155,2.682214786993656,-4.1169566184585,-3.679192759062442,-1.926459426977689,1.338635437090267,-0.0970836570973314,3.970198862855274,-0.4437650488085959,1.3252658035983975
95.0,168.0,129.93382263183594,-0.0395527923865338,2.682214114640174,-4.116956616943593,-3.679192759118088,-1.9264592757121857,1.3386330888878022,-0.0970836571022361,3.970198689303534,-0.4437650184857671,1.3252658110415465
95.0,168.0,129.93382263183594,-0.0395526822404953,2.682214651185024,-4.116956617042409,-3.679192761938718,-1.9264594324196784,1.338631627332761,-0.0970836571036599,3.970198691757501,-0.4437650578688347,1.3252658029900597
95.0,168.0,129.93382263183594,-0.0395527923865338,2.682207337337914,-4.116956616997189,-3.6791927619391314,-1.926458577824216,1.3386329197848457,-0.0970836570972005,3.970198691757501,-0.4437650359842476,1.3252658022314296
95.0,168.0,129.93382263183594,-0.0395527923865338,2.682214651185024,-4.116956616941964,-3.679192761938718,-1.9264585805567167,1.3386329197848457,-0.0970836571036599,3.970198691757501,-0.443765246455084,1.3252658110485644
95.0,168.0,129.93382263183594,-0.0395526875656291,2.68217592070923,-4.116956614084053,-3.679192761933438,-1.9264592457038567,1.338641179623171,-0.0970836570755288,3.970199802932172,-0.4437650102635356,1.3252658022110178
95.0,168.0,129.93382263183594,-0.0395527904666786,2.6822197079981835,-4.116956618715339,-3.679192759118088,-1.926458589686676,1.3386325017582024,-0.0970836571022361,3.970199576632895,-0.4437650184857671,1.3252658110436386
95.0,168.0,129.93382263183594,-0.0395503929374856,2.682200855719121,-4.116956617042409,-3.679192759307487,-1.9264594310901235,1.3386329335298606,-0.0970836571292275,3.970198691757501,-0.4437652301762683,1.3252658029900597
95.0,168.0,129.93382263183594,-0.0395527923865338,2.682207510959977,-4.11695661699329,-3.6791927619387295,-1.9264585804465648,1.3386329197848457,-0.0970836570972005,3.970198691757501,-0.4437650359842476,1.3252658022314296
95.0,168.0,129.93382263183594,-0.0395527923865338,2.682214651185024,-4.116956616997189,-3.679192761938718,-1.9264585805567167,1.338631565780348,-0.0970836571036599,3.970198691757501,-0.4437652440428587,1.3252658111684603
95.0,168.0,129.93382263183594,-0.0395527923865338,2.6822186377236643,-4.116956616997189,-3.679192761938718,-1.9264585805567167,1.3386329197848457,-0.0970836571036599,3.970198691757501,-0.4437652462857191,1.3252658111731797
95.0,168.0,129.93382263183594,-0.039552792387854,2.6822410035397577,-4.11695661687997,-3.679192761938718,-1.926458551752236,1.338632920375407,-0.0970836571036599,3.970198691757501,-0.4437652437524936,1.3252658110485644
95.0,168.0,129.93382263183594,-0.0395527923865338,2.682214477562961,-4.116956616945863,-3.67919276193912,-1.926458577934368,1.3386329197848457,-0.0970836571036599,3.970198691757501,-0.443765246455084,1.3252658110485644
95.0,168.0,129.933837890625,-0.0395526822404953,2.682195565201772,-4.116956616944462,-3.679192761938718,-1.9264594324196784,1.338631627332761,-0.097083657095273,3.970199811957418,-0.4437650560040648,1.3252658029900597
95.0,168.0,129.933837890625,-0.0395527923865338,2.682214651185024,-4.116956616941964,-3.679192761938718,-1.9264585805567167,1.3386329197848457,-0.0970836570940385,3.9702003187773984,-0.443765246455084,1.3252658111809494
95.0,168.0,129.93389892578125,-0.0395526739992738,2.6816014532392973,-4.1169566140258524,-3.679192759062442,-1.926459426977689,1.3386354418329118,-0.0970836570973314,3.9701982861893934,-0.4437650215592107,1.3252658026609818
95.0,168.0,129.93389892578125,-0.0395527923865338,2.6816195324239955,-4.116956616941964,-3.679192761882412,-1.9264585805567167,1.3386329197848457,-0.0970836571036599,3.970198171692929,-0.4437652395711974,1.3252658110487228
95.0,168.0,129.93389892578125,-0.0395526875656291,2.681602098366146,-4.116956614084053,-3.679192761864399,-1.926459251410056,1.338641179623171,-0.0970836567743859,3.970199802932172,-0.4437650091432786,1.3252658030180993
95.0,168.0,129.93389892578125,-0.0395526739992738,2.6816014532392973,-4.1169566140258524,-3.679192759097661,-1.926459426977689,1.3386354418329118,-0.0970836570973314,3.9701982792984976,-0.4437650215592107,1.3252658028349864
95.0,168.0,129.93389892578125,-0.0395526933265698,2.681559761045164,-4.1169566156896655,-3.679192761802104,-1.9264592675021,1.338643985007985,-0.0970836571035779,3.970198664087353,-0.4437651852939336,1.3252658110534603
95.0,168.0,129.93389892578125,-0.0395526875656291,2.6816045314208483,-4.116956616986346,-3.679192761942705,-1.9264592572561388,1.338641179623171,-0.0970836567743859,3.970199802932172,-0.4437650091535256,1.3252658030157898
95.0,168.0,129.93389892578125,-0.0395527923865338,2.68163351499483,-4.116956616997189,-3.679192761870093,-1.9264585835304144,1.3386329197848457,-0.0970836567960576,3.970198691757501,-0.4437650348639906,1.325265803038511
95.0,168.0,129.93389892578125,-0.0395527923865338,2.6816195324239955,-4.116956616941964,-3.679192761882412,-1.9264585805567167,1.3386329197848457,-0.0970836571036599,3.970198171692929,-0.4437652395711974,1.3252658110487228
95.0,168.0,129.9339141845703,-0.0395528152637341,2.6816154980260425,-4.116956618784259,-3.67919276186376,-1.9264594059400848,1.3386325063013966,-0.097083656768908,3.970199802932172,-0.4437651851990151,1.3252658111858455
95.0,168.0,129.9339141845703,-0.0395526875656291,2.681572441170137,-4.1169566168772365,-3.679192761864399,-1.926459251410056,1.338641179623171,-0.097083656773472,3.970199802932172,-0.4437651834510829,1.3252658030180993
95.0,168.0,129.9339141845703,-0.0395528099179439,2.681616401833816,-4.11695661688243,-3.679192761864399,-1.926459389848041,1.3386320997534629,-0.097083656773472,3.970199802932172,-0.4437651833561644,1.3252658030180993
95.0,168.0,129.9339141845703,-0.0395528079183479,2.6816154980260425,-4.116956618591423,-3.679192759076072,-1.9264594063090623,1.3386325063013966,-0.0970836570951552,3.970199802932172,-0.4437651851990151,1.3252658111858455
95.0,168.0,129.9339141845703,-0.0395526929114193,2.6815715373623634,-4.116956618779065,-3.67919276186376,-1.9264592675021,1.3386415861711043,-0.097083656768908,3.970199802932172,-0.4437651852939336,1.3252658111858455
95.0,168.0,129.9339141845703,-0.0395527967598213,2.6816154980260425,-4.116956618759523,-3.67919276186376,-1.9264594059400848,1.338632654265324,-0.097083656768908,3.970199802932172,-0.4437651851990151,1.3252658032636462
95.0,168.0,129.9339141845703,-0.0395502760761962,2.6815741674657687,-4.116956614029072,-3.679192761742368,-1.926458577098436,1.3386374515838069,-0.0970836567660859,3.970199427362763,-0.4437657462200092,1.3252658110877886
95.0,168.0,129.9339141845703,-0.0395526933265698,2.681559761045164,-4.1169566156896655,-3.679192761802104,-1.9264592675021,1.338643985007985,-0.0970836570939565,3.970200291107251,-0.4437651852939336,1.3252658111858455
95.0,168.0,129.9339141845703,-0.0395527923865338,2.6815772067875834,-4.116956616997189,-3.679192761938718,-1.9264592334880224,1.3386329197848457,-0.0970836567589847,3.970198691757501,-0.4437652462857191,1.325265810929673
95.0,168.0,129.9339141845703,-0.0395528156142943,2.6816154980260425,-4.116956618784259,-3.67919275909866,-1.9264594059400848,1.3386325063013966,-0.097083656768908,3.970199802932172,-0.4437651851990151,1.3252658111858455
95.0,168.0,129.9339141845703,-0.0395528026769596,2.6816014532392973,-4.1169566140258524,-3.679192759062442,-1.926459426977689,1.3386354418329118,-0.0970836570973314,3.9701995790332494,-0.4437650024339731,1.3252658027187312
95.0,168.0,129.9339141845703,-0.0395527925307056,2.681615477389199,-4.11695661688243,-3.679192761864399,-1.926459389848041,1.3386328631675162,-0.0970836567588595,3.970199802932172,-0.4437652439344141,1.3252658030180993
95.0,168.0,129.9339141845703,-0.0395526973867804,2.681611600795677,-4.1169566156896655,-3.679192761802104,-1.9264592657878064,1.3386444087034293,-0.0970836570939565,3.970200278954222,-0.4437651852003361,1.3252658111858455
95.0,168.0,129.9339141845703,-0.0395527967912331,2.681613632961794,-4.116956616997189,-3.679192761938718,-1.9264594229663743,1.3386326492806333,-0.0970836571028405,3.9701987220311774,-0.4437652421852801,1.3252658022338577
95.0,168.0,129.9339141845703,-0.0395528216788931,2.6815751281446536,-4.116956618784575,-3.67919276186376,-1.9264592675021,1.3386325576555704,-0.097083656768908,3.970199802932172,-0.443765185296648,1.3252658111858455
95.0,168.0,129.9339141845703,-0.0395527897732457,2.681600862035707,-4.116956616941964,-3.679192761938718,-1.926459230789374,1.3386329197848457,-0.0970836571073512,3.970198767752972,-0.443765246455084,1.3252658030974014
95.0,168.0,129.9339141845703,-0.0395527923865338,2.6815877076071004,-4.116956617338835,-3.6791927619391314,-1.926458577824216,1.3386329197848457,-0.0970836570972005,3.970198707656936,-0.4437650359842476,1.3252658022314296
95.0,168.0,129.9339141845703,-0.0395526844169439,2.681616401833816,-4.11695661688243,-3.679192761864399,-1.9264592561701848,1.3386320997534629,-0.097083656773472,3.970199802932172,-0.4437651833561644,1.3252658030180993
95.0,168.0,129.9339141845703,-0.0395528156142943,2.6816154980260425,-4.116956618784259,-3.679192759063441,-1.9264594059400848,1.3386325063013966,-0.097083656768908,3.9701998098230686,-0.4437651851990151,1.3252658110118412
95.0,169.0,129.9337921142578,-0.0395527923865338,2.682207337337914,-4.116956616997189,-3.67919276179067,-1.926459268756041,1.3386445716371116,-0.097083657097563,3.9701985901640247,-0.4437650359842476,1.3252658111717417
95.0,169.0,129.9337921142578,-0.0395527923865338,2.682207337337914,-4.116956616997189,-3.67919276179067,-1.9264592733077108,1.3386445716371116,-0.0970836570972529,3.9701985901345416,-0.4437652599799164,1.3252658111717632
95.0,169.0,129.93380737304688,-0.0395527923865338,2.682214651185024,-4.116956617190491,-3.679192761938718,-1.9264594267489872,1.3386329197848457,-0.0970836571031345,3.97019830761114,-0.4437652500991025,1.325265802224126
95.0,169.0,129.93382263183594,-0.0395527923865338,2.682214651185024,-4.116956616941964,-3.679192761938718,-1.9264585805567167,1.3386329197848457,-0.0970836571036599,3.970198691757501,-0.443765246455084,1.3252658110485644
95.0,169.0,129.93382263183594,-0.0395527923865338,2.682214651185024,-4.116956616997189,-3.679192761938718,-1.9264585805567167,1.3386329197848457,-0.0970836571036599,3.970198691757501,-0.4437652462857191,1.3252658111684603
95.0,169.0,129.93382263183594,-0.0395527923865338,2.682214651185024,-4.116956616997189,-3.679192761938718,-1.9264594229663743,1.3386329197848457,-0.0970836571031345,3.970198691757501,-0.4437652421852801,1.3252658022314296
95.0,169.0,129.93382263183594,-0.0395526822404953,2.682214651185024,-4.116956617042409,-3.679192761938718,-1.9264594324196784,1.338631627332761,-0.0970836571036599,3.970198691757501,-0.4437650578688347,1.3252658029900597
95.0,169.0,129.93382263183594,-0.0395527923865338,2.682207337337914,-4.116956616997189,-3.6791927619391314,-1.926458577824216,1.3386329197848457,-0.0970836570972005,3.970198691757501,-0.4437650359842476,1.3252658022314296
95.0,169.0,129.93382263183594,-0.0395527923865338,2.682214114640174,-4.116956616943593,-3.679192759118088,-1.926458589686676,1.3386329197848457,-0.0970836571022361,3.970198691757501,-0.4437650184857671,1.3252658110485644
95.0,169.0,129.93382263183594,-0.0395527654015155,2.682214786993656,-4.1169566184585,-3.679192759062442,-1.926459426977689,1.338635437090267,-0.0970836570973314,3.970198862855274,-0.4437650488085959,1.3252658035983975
95.0,169.0,129.93382263183594,-0.0395527923865338,2.682214114640174,-4.116956616943593,-3.679192759118088,-1.9264592757121857,1.3386330888878022,-0.0970836571022361,3.970198689303534,-0.4437650184857671,1.3252658110415465
95.0,169.0,129.93382263183594,-0.0395526822404953,2.682214651185024,-4.116956617042409,-3.679192761938718,-1.9264594324196784,1.338631627332761,-0.0970836571036599,3.970198691757501,-0.4437650578688347,1.3252658029900597
95.0,169.0,129.93382263183594,-0.0395527923865338,2.682207337337914,-4.116956616997189,-3.6791927619391314,-1.926458577824216,1.3386329197848457,-0.0970836570972005,3.970198691757501,-0.4437650359842476,1.3252658022314296
95.0,169.0,129.93382263183594,-0.0395527923865338,2.682214651185024,-4.116956616941964,-3.679192761938718,-1.9264585805567167,1.3386329197848457,-0.0970836571036599,3.970198691757501,-0.443765246455084,1.3252658110485644
95.0,169.0,129.93382263183594,-0.0395526875656291,2.68217592070923,-4.116956614084053,-3.679192761933438,-1.9264592457038567,1.338641179623171,-0.0970836570755288,3.970199802932172,-0.4437650102635356,1.3252658022110178
95.0,169.0,129.93382263183594,-0.0395527904666786,2.6822197079981835,-4.116956618715339,-3.679192759118088,-1.926458589686676,1.3386325017582024,-0.0970836571022361,3.970199576632895,-0.4437650184857671,1.3252658110436386
95.0,169.0,129.93382263183594,-0.0395503929374856,2.682200855719121,-4.116956617042409,-3.679192759307487,-1.9264594310901235,1.3386329335298606,-0.0970836571292275,3.970198691757501,-0.4437652301762683,1.3252658029900597
95.0,169.0,129.93382263183594,-0.0395527923865338,2.682207510959977,-4.11695661699329,-3.6791927619387295,-1.9264585804465648,1.3386329197848457,-0.0970836570972005,3.970198691757501,-0.4437650359842476,1.3252658022314296
95.0,169.0,129.93382263183594,-0.0395527923865338,2.682214651185024,-4.116956616997189,-3.679192761938718,-1.9264585805567167,1.338631565780348,-0.0970836571036599,3.970198691757501,-0.4437652440428587,1.3252658111684603
95.0,169.0,129.93382263183594,-0.0395527923865338,2.6822186377236643,-4.116956616997189,-3.679192761938718,-1.9264585805567167,1.3386329197848457,-0.0970836571036599,3.970198691757501,-0.4437652462857191,1.3252658111731797
95.0,169.0,129.93382263183594,-0.039552792387854,2.6822410035397577,-4.11695661687997,-3.679192761938718,-1.926458551752236,1.338632920375407,-0.0970836571036599,3.970198691757501,-0.4437652437524936,1.3252658110485644
95.0,169.0,129.93382263183594,-0.0395527923865338,2.682214477562961,-4.116956616945863,-3.67919276193912,-1.926458577934368,1.3386329197848457,-0.0970836571036599,3.970198691757501,-0.443765246455084,1.3252658110485644
95.0,169.0,129.93382263183594,-0.0395503929374856,2.682200855719121,-4.116956618465107,-3.679192759307487,-1.9264594310980296,1.3386354896985808,-0.0970836570967357,3.970198691757501,-0.4437652441987471,1.3252658029757445
95.0,169.0,129.93382263183594,-0.0395527926901763,2.6822141208856145,-4.1169566184585,-3.67919275911823,-1.926459463494171,1.338635437090267,-0.0970836571025231,3.9701986743684414,-0.4437650488085959,1.3252658035983975
95.0,169.0,129.93382263183594,-0.0395527923865338,2.682207627902145,-4.116956617192025,-3.679192761938729,-1.9264594612048644,1.3386329197848457,-0.0970836570972005,3.970198691757501,-0.4437650359842476,1.325265802224317
95.0,169.0,129.93382263183594,-0.0395527923865338,2.682214651185024,-4.116956616997189,-3.679192761938718,-1.9264585760050468,1.338631565780348,-0.09708365710397,3.970198691786984,-0.4437650200471899,1.3252658111684392
95.0,169.0,129.93382263183594,-0.0395527923865338,2.682214651185024,-4.116956616997189,-3.679192761938718,-1.9264594229663743,1.3386329197848457,-0.0970836571033068,3.970198691757501,-0.4437652421852801,1.3252658022314296
95.0,169.0,129.93382263183594,-0.0395527923865869,2.6822410035397577,-4.11695661687997,-3.679192761938718,-1.926458551752236,1.3386329203269665,-0.0970836571036599,3.970198691757501,-0.4437652437183914,1.3252658111663524
95.0,169.0,129.93382263183594,-0.0395527654015155,2.682214786993656,-4.116956617035802,-3.679192759062442,-1.926459426969783,1.3386328809215473,-0.0970836571298232,3.970198862855274,-0.4437650347861172,1.3252658036127123
95.0,169.0,129.93382263183594,-0.0395527904666786,2.6822197350487227,-4.1169566170333685,-3.679192759118088,-1.926458589686676,1.3386330030438252,-0.0970836571022574,3.970199542289933,-0.4437650184857671,1.325265811173085
95.0,169.0,129.93382263183594,-0.039552765097873,2.6822147807482146,-4.116956616943593,-3.6791927590623,-1.9264585531701948,1.3386329197848457,-0.0970836570970444,3.970198880244335,-0.4437650184857671,1.3252658110485644
95.0,169.0,129.93382263183594,-0.0395527923865338,2.6822199733355245,-4.116956617000272,-3.679192761938718,-1.9264585805567167,1.338632933249797,-0.0970836571036599,3.970198691757501,-0.4437652462857191,1.325265810834128
95.0,169.0,129.93382263183594,-0.0395527904666786,2.68222009377527,-4.116956616950589,-3.679192759118088,-1.926458589686676,1.338633077975301,-0.0970836571022361,3.970199603423777,-0.4437650184857671,1.3252658110436386
95.0,169.0,129.933837890625,-0.0395526822404953,2.682195565201772,-4.116956616944462,-3.679192761938718,-1.9264594324196784,1.338631627332761,-0.097083657095273,3.970199811957418,-0.4437650560040648,1.3252658029900597
95.0,169.0,129.933837890625,-0.0395527923865338,2.682214651185024,-4.116956616941964,-3.679192761938718,-1.9264585805567167,1.3386329197848457,-0.0970836570940385,3.9702003187773984,-0.443765246455084,1.3252658111809494
95.0,169.0,129.933837890625,-0.0395527923865338,2.682214651185024,-4.116956616939711,-3.679192761938718,-1.9264594229663743,1.3386329197848457,-0.0970836571021481,3.9702003960788494,-0.4437652463013881,1.3252658022314296
95.0,169.0,129.933837890625,-0.0395526875656291,2.68217592070923,-4.116956616881164,-3.679192761933438,-1.926459387327221,1.338631798415079,-0.0970836571035083,3.970199802932172,-0.4437650102635356,1.3252658022110178
95.0,169.0,129.9338836669922,-0.0395526760970783,2.68163197498445,-4.1169566140258524,-3.6791927617414233,-1.926458575482895,1.3386355125220468,-0.0970836570892928,3.970198273187196,-0.4437650349937617,1.3252658026609818
95.0,169.0,129.93389892578125,-0.0395526739992738,2.6816014532392973,-4.1169566140258524,-3.679192759062442,-1.926459426977689,1.3386354418329118,-0.0970836570973314,3.9701982861893934,-0.4437650215592107,1.3252658026609818
95.0,169.0,129.93389892578125,-0.0395527923865338,2.6816195324239955,-4.116956616941964,-3.679192761882412,-1.9264585805567167,1.3386329197848457,-0.0970836571036599,3.970198171692929,-0.4437652395711974,1.3252658110487228
95.0,169.0,129.93389892578125,-0.0395526875656291,2.681602098366146,-4.116956614084053,-3.679192761864399,-1.926459251410056,1.338641179623171,-0.0970836567743859,3.970199802932172,-0.4437650091432786,1.3252658030180993
95.0,169.0,129.93389892578125,-0.0395526739992738,2.6816014532392973,-4.1169566140258524,-3.679192759097661,-1.926459426977689,1.3386354418329118,-0.0970836570973314,3.9701982792984976,-0.4437650215592107,1.3252658028349864
95.0,169.0,129.93389892578125,-0.0395526933265698,2.681559761045164,-4.1169566156896655,-3.679192761802104,-1.9264592675021,1.338643985007985,-0.0970836571035779,3.970198664087353,-0.4437651852939336,1.3252658110534603
95.0,169.0,129.93389892578125,-0.0395526875656291,2.6816045314208483,-4.116956616986346,-3.679192761942705,-1.9264592572561388,1.338641179623171,-0.0970836567743859,3.970199802932172,-0.4437650091535256,1.3252658030157898
95.0,169.0,129.93389892578125,-0.0395527923865338,2.68163351499483,-4.116956616997189,-3.679192761870093,-1.9264585835304144,1.3386329197848457,-0.0970836567960576,3.970198691757501,-0.4437650348639906,1.325265803038511
95.0,169.0,129.93389892578125,-0.0395527923865338,2.6816195324239955,-4.116956616941964,-3.679192761882412,-1.9264585805567167,1.3386329197848457,-0.0970836571036599,3.970198171692929,-0.4437652395711974,1.3252658110487228
95.0,169.0,129.93389892578125,-0.039552793985805,2.6816038609762285,-4.116956617120573,-3.679192762006984,-1.9264594270119608,1.338633118331748,-0.0970836570973314,3.9701982805167377,-0.4437650215592107,1.325265802211698
95.0,169.0,129.93389892578125,-0.0395528099179439,2.681616401833816,-4.116956614085319,-3.679192761864399,-1.9264592482246767,1.3386414809615548,-0.0970836567454925,3.970199802932172,-0.4437651833561644,1.3252658030180993
95.0,169.0,129.9339141845703,-0.0395528152637341,2.6816154980260425,-4.116956618784259,-3.67919276186376,-1.9264594059400848,1.3386325063013966,-0.097083656768908,3.970199802932172,-0.4437651851990151,1.3252658111858455
95.0,169.0,129.9339141845703,-0.0395526875656291,2.681572441170137,-4.1169566168772365,-3.679192761864399,-1.926459251410056,1.338641179623171,-0.097083656773472,3.970199802932172,-0.4437651834510829,1.3252658030180993
95.0,170.0,129.9337921142578,-0.0395527923865338,2.682207337337914,-4.116956616997189,-3.67919276179067,-1.926459268756041,1.3386445716371116,-0.097083657097563,3.9701985901640247,-0.4437650359842476,1.3252658111717417
95.0,170.0,129.9337921142578,-0.0395527923865338,2.682207337337914,-4.116956616997189,-3.67919276179067,-1.9264592733077108,1.3386445716371116,-0.0970836570972529,3.9701985901345416,-0.4437652599799164,1.3252658111717632
95.0,170.0,129.9337921142578,-0.0395527923865338,2.68221452041916,-4.116956616997189,-3.67919276179067,-1.9264592733077108,1.3386445716371116,-0.0970836570972582,3.9701985901345416,-0.4437652452684534,1.3252658111717632
95.0,170.0,129.9337921142578,-0.0395527923865338,2.682207337337914,-4.116956616997189,-3.679192761945057,-1.926459428825192,1.3386445716371116,-0.0970836571029544,3.9701985901640247,-0.4437652573906374,1.3252658111717417
95.0,170.0,129.9337921142578,-0.039552765097873,2.6822147807482146,-4.116956616943593,-3.6791927590623,-1.9264585677232489,1.338644350745812,-0.0970836570970289,3.970198907068734,-0.4437650184857671,1.3252658110485644
95.0,170.0,129.9337921142578,-0.0395527923865338,2.682207337337914,-4.116956616997189,-3.67919276179067,-1.9264592483278469,1.3386445621675074,-0.0970836571096737,3.9701985901345416,-0.4437652599799164,1.3252658111717632
95.0,170.0,129.93380737304688,-0.0395527923865338,2.682214651185024,-4.116956617190491,-3.679192761938718,-1.9264594267489872,1.3386329197848457,-0.0970836571031345,3.97019830761114,-0.4437652500991025,1.325265802224126
95.0,170.0,129.93382263183594,-0.0395527923865338,2.682214651185024,-4.116956616941964,-3.679192761938718,-1.9264585805567167,1.3386329197848457,-0.0970836571036599,3.970198691757501,-0.443765246455084,1.3252658110485644
95.0,170.0,129.93382263183594,-0.0395527923865338,2.682214651185024,-4.116956616997189,-3.679192761938718,-1.9264585805567167,1.3386329197848457,-0.0970836571036599,3.970198691757501,-0.4437652462857191,1.3252658111684603
95.0,170.0,129.93382263183594,-0.0395527923865338,2.682214651185024,-4.116956616997189,-3.679192761938718,-1.9264594229663743,1.3386329197848457,-0.0970836571031345,3.970198691757501,-0.4437652421852801,1.3252658022314296
95.0,170.0,129.93382263183594,-0.0395526822404953,2.682214651185024,-4.116956617042409,-3.679192761938718,-1.9264594324196784,1.338631627332761,-0.0970836571036599,3.970198691757501,-0.4437650578688347,1.3252658029900597
95.0,170.0,129.93382263183594,-0.0395527923865338,2.682207337337914,-4.116956616997189,-3.6791927619391314,-1.926458577824216,1.3386329197848457,-0.0970836570972005,3.970198691757501,-0.4437650359842476,1.3252658022314296
95.0,170.0,129.93382263183594,-0.0395527923865338,2.682214114640174,-4.116956616943593,-3.679192759118088,-1.926458589686676,1.3386329197848457,-0.0970836571022361,3.970198691757501,-0.4437650184857671,1.3252658110485644
95.0,170.0,129.93382263183594,-0.0395527654015155,2.682214786993656,-4.1169566184585,-3.679192759062442,-1.926459426977689,1.338635437090267,-0.0970836570973314,3.970198862855274,-0.4437650488085959,1.3252658035983975
95.0,170.0,129.93382263183594,-0.0395527923865338,2.682214114640174,-4.116956616943593,-3.679192759118088,-1.9264592757121857,1.3386330888878022,-0.0970836571022361,3.970198689303534,-0.4437650184857671,1.3252658110415465
95.0,170.0,129.93382263183594,-0.0395526822404953,2.682214651185024,-4.116956617042409,-3.679192761938718,-1.9264594324196784,1.338631627332761,-0.0970836571036599,3.970198691757501,-0.4437650578688347,1.3252658029900597
95.0,170.0,129.93382263183594,-0.0395527923865338,2.682207337337914,-4.116956616997189,-3.6791927619391314,-1.926458577824216,1.3386329197848457,-0.0970836570972005,3.970198691757501,-0.4437650359842476,1.3252658022314296
95.0,170.0,129.93382263183594,-0.0395527923865338,2.682214651185024,-4.116956616941964,-3.679192761938718,-1.9264585805567167,1.3386329197848457,-0.0970836571036599,3.970198691757501,-0.443765246455084,1.3252658110485644
95.0,170.0,129.93382263183594,-0.0395526875656291,2.68217592070923,-4.116956614084053,-3.679192761933438,-1.9264592457038567,1.338641179623171,-0.0970836570755288,3.970199802932172,-0.4437650102635356,1.3252658022110178
95.0,170.0,129.93382263183594,-0.0395527904666786,2.6822197079981835,-4.116956618715339,-3.679192759118088,-1.926458589686676,1.3386325017582024,-0.0970836571022361,3.970199576632895,-0.4437650184857671,1.3252658110436386
95.0,170.0,129.93382263183594,-0.0395503929374856,2.682200855719121,-4.116956617042409,-3.679192759307487,-1.9264594310901235,1.3386329335298606,-0.0970836571292275,3.970198691757501,-0.4437652301762683,1.3252658029900597
95.0,170.0,129.93382263183594,-0.0395527923865338,2.682207510959977,-4.11695661699329,-3.6791927619387295,-1.9264585804465648,1.3386329197848457,-0.0970836570972005,3.970198691757501,-0.4437650359842476,1.3252658022314296
95.0,170.0,129.93382263183594,-0.0395527923865338,2.682214651185024,-4.116956616997189,-3.679192761938718,-1.9264585805567167,1.338631565780348,-0.0970836571036599,3.970198691757501,-0.4437652440428587,1.3252658111684603
95.0,170.0,129.93382263183594,-0.0395527923865338,2.6822186377236643,-4.116956616997189,-3.679192761938718,-1.9264585805567167,1.3386329197848457,-0.0970836571036599,3.970198691757501,-0.4437652462857191,1.3252658111731797
95.0,170.0,129.93382263183594,-0.039552792387854,2.6822410035397577,-4.11695661687997,-3.679192761938718,-1.926458551752236,1.338632920375407,-0.0970836571036599,3.970198691757501,-0.4437652437524936,1.3252658110485644
95.0,170.0,129.93382263183594,-0.0395527923865338,2.682214477562961,-4.116956616945863,-3.67919276193912,-1.926458577934368,1.3386329197848457,-0.0970836571036599,3.970198691757501,-0.443765246455084,1.3252658110485644
95.0,170.0,129.93382263183594,-0.0395503929374856,2.682200855719121,-4.116956618465107,-3.679192759307487,-1.9264594310980296,1.3386354896985808,-0.0970836570967357,3.970198691757501,-0.4437652441987471,1.3252658029757445
95.0,170.0,129.93382263183594,-0.0395527926901763,2.6822141208856145,-4.1169566184585,-3.67919275911823,-1.926459463494171,1.338635437090267,-0.0970836571025231,3.9701986743684414,-0.4437650488085959,1.3252658035983975
95.0,170.0,129.93382263183594,-0.0395527923865338,2.682207627902145,-4.116956617192025,-3.679192761938729,-1.9264594612048644,1.3386329197848457,-0.0970836570972005,3.970198691757501,-0.4437650359842476,1.325265802224317
95.0,170.0,129.93382263183594,-0.0395527923865338,2.682214651185024,-4.116956616997189,-3.679192761938718,-1.9264585760050468,1.338631565780348,-0.09708365710397,3.970198691786984,-0.4437650200471899,1.3252658111684392
95.0,170.0,129.93382263183594,-0.0395527923865338,2.682214651185024,-4.116956616997189,-3.679192761938718,-1.9264594229663743,1.3386329197848457,-0.0970836571033068,3.970198691757501,-0.4437652421852801,1.3252658022314296
95.0,170.0,129.93382263183594,-0.0395527923865869,2.6822410035397577,-4.11695661687997,-3.679192761938718,-1.926458551752236,1.3386329203269665,-0.0970836571036599,3.970198691757501,-0.4437652437183914,1.3252658111663524
95.0,170.0,129.93382263183594,-0.0395527654015155,2.682214786993656,-4.116956617035802,-3.679192759062442,-1.926459426969783,1.3386328809215473,-0.0970836571298232,3.970198862855274,-0.4437650347861172,1.3252658036127123
95.0,170.0,129.93382263183594,-0.0395527904666786,2.6822197350487227,-4.1169566170333685,-3.679192759118088,-1.926458589686676,1.3386330030438252,-0.0970836571022574,3.970199542289933,-0.4437650184857671,1.325265811173085
95.0,170.0,129.93382263183594,-0.039552765097873,2.6822147807482146,-4.116956616943593,-3.6791927590623,-1.9264585531701948,1.3386329197848457,-0.0970836570970444,3.970198880244335,-0.4437650184857671,1.3252658110485644
95.0,170.0,129.93382263183594,-0.0395527923865338,2.6822199733355245,-4.116956617000272,-3.679192761938718,-1.9264585805567167,1.338632933249797,-0.0970836571036599,3.970198691757501,-0.4437652462857191,1.325265810834128
95.0,170.0,129.93382263183594,-0.0395527904666786,2.68222009377527,-4.116956616950589,-3.679192759118088,-1.926458589686676,1.338633077975301,-0.0970836571022361,3.970199603423777,-0.4437650184857671,1.3252658110436386
95.0,170.0,129.93382263183594,-0.0395503929374856,2.682200855719121,-4.116956618465107,-3.679192759307487,-1.9264594310980296,1.3386354894709689,-0.0970836570966992,3.970198691757501,-0.4437652399176266,1.3252658026598956
95.0,170.0,129.93382263183594,-0.0395527927102394,2.6822141208856145,-4.1169566184585,-3.67919275911823,-1.9264594553003305,1.3386354942943453,-0.097083657102579,3.9701986743684414,-0.4437650357492791,1.3252658035983975
95.0,170.0,129.93382263183594,-0.0395527654015155,2.6822149834026545,-4.116956617035802,-3.679192759062442,-1.926459426969783,1.3386328809215473,-0.0970836571298232,3.970198862855274,-0.4437650347861172,1.3252658036200369
95.0,170.0,129.93382263183594,-0.0395527923865338,2.682214114640174,-4.116956616946552,-3.679192759118088,-1.9264585144385096,1.3386330888878022,-0.0970836571022361,3.970198689303534,-0.443765036767082,1.3252658110415465
95.0,170.0,129.93382263183594,-0.0395527923865338,2.6822186377236643,-4.116956616997189,-3.679192761938718,-1.9264585805567167,1.3386329197848457,-0.0970836571036599,3.970198691757501,-0.4437652388165524,1.3252658111731797
95.0,170.0,129.93382263183594,-0.0395527923865338,2.682207337337914,-4.116956616997189,-3.67919276179067,-1.9264592542029872,1.3386331406761454,-0.0970836570975785,3.9701985633396255,-0.4437650359842476,1.3252658111717417
95.0,170.0,129.93382263183594,-0.0395527923865338,2.682214651185024,-4.116956616997189,-3.679192761938718,-1.9264585805567167,1.338631565780348,-0.0970836571036599,3.970198691757501,-0.4437652440428587,1.3252658111684603
95.0,170.0,129.93382263183594,-0.0395527923865338,2.6822069712660506,-4.11695661694353,-3.6791927619387295,-1.9264592536617509,1.3386329139252071,-0.0970836571023604,3.970198689294517,-0.4437650359842476,1.3252658022314296
95.0,170.0,129.93382263183594,-0.0395527923865338,2.682158407424777,-4.116956616997189,-3.679192761870093,-1.9264585835304144,1.3386329197848457,-0.0970836568110073,3.970198691757501,-0.4437650348639906,1.325265803038511
95.0,170.0,129.93382263183594,-0.0395527929304308,2.682214651185024,-4.116956616941964,-3.679192761938718,-1.9264585975216872,1.3386316623484196,-0.0970836571036599,3.970198702905925,-0.4437652469453228,1.3252658110485644
95.0,170.0,129.93382263183594,-0.0395526912451423,2.682214651185024,-4.116956617042409,-3.679192761938718,-1.9264594324196784,1.338631627332761,-0.0970836571036599,3.970198691785332,-0.4437650578688347,1.3252658113460851
95.0,170.0,129.93382263183594,-0.0395527923865338,2.682207510959977,-4.116956616990332,-3.6791927619387295,-1.9264593417202407,1.3386329197848457,-0.0970836570972005,3.970198691757501,-0.4437650177029327,1.3252658022314296
95.0,170.0,129.93382263183594,-0.0395527923865338,2.682214651185024,-4.116956616997189,-3.679192761938718,-1.9264585805567167,1.3386329197848457,-0.0970836571036599,3.970198691757501,-0.4437652462857191,1.3252658111684603
95.0,171.0,129.9337921142578,-0.0395527923865338,2.682207337337914,-4.116956616997189,-3.67919276179067,-1.926459268756041,1.3386445716371116,-0.097083657097563,3.9701985901640247,-0.4437650359842476,1.3252658111717417
95.0,171.0,129.9337921142578,-0.0395527923865338,2.682207337337914,-4.116956616997189,-3.67919276179067,-1.9264592733077108,1.3386445716371116,-0.0970836570972529,3.9701985901345416,-0.4437652599799164,1.3252658111717632
95.0,171.0,129.9337921142578,-0.0395527923865338,2.68221452041916,-4.116956616997189,-3.67919276179067,-1.9264592733077108,1.3386445716371116,-0.0970836570972582,3.9701985901345416,-0.4437652452684534,1.3252658111717632
95.0,171.0,129.9337921142578,-0.0395527923865338,2.682207337337914,-4.116956616997189,-3.679192761945057,-1.926459428825192,1.3386445716371116,-0.0970836571029544,3.9701985901640247,-0.4437652573906374,1.3252658111717417
95.0,171.0,129.9337921142578,-0.039552765097873,2.6822147807482146,-4.116956616943593,-3.6791927590623,-1.9264585677232489,1.338644350745812,-0.0970836570970289,3.970198907068734,-0.4437650184857671,1.3252658110485644
95.0,171.0,129.9337921142578,-0.0395527923865338,2.682207337337914,-4.116956616997189,-3.67919276179067,-1.9264592483278469,1.3386445621675074,-0.0970836571096737,3.9701985901345416,-0.4437652599799164,1.3252658111717632
95.0,171.0,129.9337921142578,-0.0395527923865338,2.682214735776133,-4.116956616997189,-3.6791927619446256,-1.9264592483278469,1.3386445621675074,-0.0970836571096737,3.970198590465983,-0.4437652599799164,1.32526581083684
95.0,171.0,129.9337921142578,-0.0395527923865338,2.682215128864368,-4.116956616997189,-3.67919276179067,-1.9264592733077108,1.3386445716371116,-0.097083657097731,3.9701985901345416,-0.4437652452684534,1.3252658111717632
95.0,171.0,129.9337921142578,-0.0395527637453188,2.6822147807482146,-4.116956616942842,-3.6791927590623,-1.9264593171001247,1.338644350745812,-0.0970836570970289,3.970198907068734,-0.4437650184857671,1.325265811048413
95.0,171.0,129.93380737304688,-0.0395527923865338,2.682214651185024,-4.116956617190491,-3.679192761938718,-1.9264594267489872,1.3386329197848457,-0.0970836571031345,3.97019830761114,-0.4437652500991025,1.325265802224126
95.0,171.0,129.93380737304688,-0.0395527923865338,2.682214651185024,-4.116956617190491,-3.679192761938718,-1.9264594267489872,1.3386329197848457,-0.0970836571031345,3.97019830761114,-0.4437652500991025,1.325265802224126
95.0,171.0,129.93382263183594,-0.0395527923865338,2.682214651185024,-4.116956616941964,-3.679192761938718,-1.9264585805567167,1.3386329197848457,-0.0970836571036599,3.970198691757501,-0.443765246455084,1.3252658110485644
95.0,171.0,129.93382263183594,-0.0395527923865338,2.682214651185024,-4.116956616997189,-3.679192761938718,-1.9264585805567167,1.3386329197848457,-0.0970836571036599,3.970198691757501,-0.4437652462857191,1.3252658111684603
95.0,171.0,129.93382263183594,-0.0395527923865338,2.682214651185024,-4.116956616997189,-3.679192761938718,-1.9264594229663743,1.3386329197848457,-0.0970836571031345,3.970198691757501,-0.4437652421852801,1.3252658022314296
95.0,171.0,129.93382263183594,-0.0395526822404953,2.682214651185024,-4.116956617042409,-3.679192761938718,-1.9264594324196784,1.338631627332761,-0.0970836571036599,3.970198691757501,-0.4437650578688347,1.3252658029900597
95.0,171.0,129.93382263183594,-0.0395527923865338,2.682207337337914,-4.116956616997189,-3.6791927619391314,-1.926458577824216,1.3386329197848457,-0.0970836570972005,3.970198691757501,-0.4437650359842476,1.3252658022314296
95.0,171.0,129.93382263183594,-0.0395527923865338,2.682214114640174,-4.116956616943593,-3.679192759118088,-1.926458589686676,1.3386329197848457,-0.0970836571022361,3.970198691757501,-0.4437650184857671,1.3252658110485644
95.0,171.0,129.93382263183594,-0.0395527654015155,2.682214786993656,-4.1169566184585,-3.679192759062442,-1.926459426977689,1.338635437090267,-0.0970836570973314,3.970198862855274,-0.4437650488085959,1.3252658035983975
95.0,171.0,129.93382263183594,-0.0395527923865338,2.682214114640174,-4.116956616943593,-3.679192759118088,-1.9264592757121857,1.3386330888878022,-0.0970836571022361,3.970198689303534,-0.4437650184857671,1.3252658110415465
95.0,171.0,129.93382263183594,-0.0395526822404953,2.682214651185024,-4.116956617042409,-3.679192761938718,-1.9264594324196784,1.338631627332761,-0.0970836571036599,3.970198691757501,-0.4437650578688347,1.3252658029900597
95.0,171.0,129.93382263183594,-0.0395527923865338,2.682207337337914,-4.116956616997189,-3.6791927619391314,-1.926458577824216,1.3386329197848457,-0.0970836570972005,3.970198691757501,-0.4437650359842476,1.3252658022314296
95.0,171.0,129.93382263183594,-0.0395527923865338,2.682214651185024,-4.116956616941964,-3.679192761938718,-1.9264585805567167,1.3386329197848457,-0.0970836571036599,3.970198691757501,-0.443765246455084,1.3252658110485644
95.0,171.0,129.93382263183594,-0.0395526875656291,2.68217592070923,-4.116956614084053,-3.679192761933438,-1.9264592457038567,1.338641179623171,-0.0970836570755288,3.970199802932172,-0.4437650102635356,1.3252658022110178
95.0,171.0,129.93382263183594,-0.0395527904666786,2.6822197079981835,-4.116956618715339,-3.679192759118088,-1.926458589686676,1.3386325017582024,-0.0970836571022361,3.970199576632895,-0.4437650184857671,1.3252658110436386
95.0,171.0,129.93382263183594,-0.0395503929374856,2.682200855719121,-4.116956617042409,-3.679192759307487,-1.9264594310901235,1.3386329335298606,-0.0970836571292275,3.970198691757501,-0.4437652301762683,1.3252658029900597
95.0,171.0,129.93382263183594,-0.0395527923865338,2.682207510959977,-4.11695661699329,-3.6791927619387295,-1.9264585804465648,1.3386329197848457,-0.0970836570972005,3.970198691757501,-0.4437650359842476,1.3252658022314296
95.0,171.0,129.93382263183594,-0.0395527923865338,2.682214651185024,-4.116956616997189,-3.679192761938718,-1.9264585805567167,1.338631565780348,-0.0970836571036599,3.970198691757501,-0.4437652440428587,1.3252658111684603
95.0,171.0,129.93382263183594,-0.0395527923865338,2.6822186377236643,-4.116956616997189,-3.679192761938718,-1.9264585805567167,1.3386329197848457,-0.0970836571036599,3.970198691757501,-0.4437652462857191,1.3252658111731797
95.0,171.0,129.93382263183594,-0.039552792387854,2.6822410035397577,-4.11695661687997,-3.679192761938718,-1.926458551752236,1.338632920375407,-0.0970836571036599,3.970198691757501,-0.4437652437524936,1.3252658110485644
95.0,171.0,129.93382263183594,-0.0395527923865338,2.682214477562961,-4.116956616945863,-3.67919276193912,-1.926458577934368,1.3386329197848457,-0.0970836571036599,3.970198691757501,-0.443765246455084,1.3252658110485644
95.0,171.0,129.93382263183594,-0.0395503929374856,2.682200855719121,-4.116956618465107,-3.679192759307487,-1.9264594310980296,1.3386354896985808,-0.0970836570967357,3.970198691757501,-0.4437652441987471,1.3252658029757445
95.0,171.0,129.93382263183594,-0.0395527926901763,2.6822141208856145,-4.1169566184585,-3.67919275911823,-1.926459463494171,1.338635437090267,-0.0970836571025231,3.9701986743684414,-0.4437650488085959,1.3252658035983975
95.0,171.0,129.93382263183594,-0.0395527923865338,2.682207627902145,-4.116956617192025,-3.679192761938729,-1.9264594612048644,1.3386329197848457,-0.0970836570972005,3.970198691757501,-0.4437650359842476,1.325265802224317
95.0,171.0,129.93382263183594,-0.0395527923865338,2.682214651185024,-4.116956616997189,-3.679192761938718,-1.9264585760050468,1.338631565780348,-0.09708365710397,3.970198691786984,-0.4437650200471899,1.3252658111684392
95.0,171.0,129.93382263183594,-0.0395527923865338,2.682214651185024,-4.116956616997189,-3.679192761938718,-1.9264594229663743,1.3386329197848457,-0.0970836571033068,3.970198691757501,-0.4437652421852801,1.3252658022314296
95.0,171.0,129.93382263183594,-0.0395527923865869,2.6822410035397577,-4.11695661687997,-3.679192761938718,-1.926458551752236,1.3386329203269665,-0.0970836571036599,3.970198691757501,-0.4437652437183914,1.3252658111663524
95.0,171.0,129.93382263183594,-0.0395527654015155,2.682214786993656,-4.116956617035802,-3.679192759062442,-1.926459426969783,1.3386328809215473,-0.0970836571298232,3.970198862855274,-0.4437650347861172,1.3252658036127123
95.0,171.0,129.93382263183594,-0.0395527904666786,2.6822197350487227,-4.1169566170333685,-3.679192759118088,-1.926458589686676,1.3386330030438252,-0.0970836571022574,3.970199542289933,-0.4437650184857671,1.325265811173085
95.0,171.0,129.93382263183594,-0.039552765097873,2.6822147807482146,-4.116956616943593,-3.6791927590623,-1.9264585531701948,1.3386329197848457,-0.0970836570970444,3.970198880244335,-0.4437650184857671,1.3252658110485644
95.0,171.0,129.93382263183594,-0.0395527923865338,2.6822199733355245,-4.116956617000272,-3.679192761938718,-1.9264585805567167,1.338632933249797,-0.0970836571036599,3.970198691757501,-0.4437652462857191,1.325265810834128
95.0,171.0,129.93382263183594,-0.0395527904666786,2.68222009377527,-4.116956616950589,-3.679192759118088,-1.926458589686676,1.338633077975301,-0.0970836571022361,3.970199603423777,-0.4437650184857671,1.3252658110436386
95.0,171.0,129.93382263183594,-0.0395503929374856,2.682200855719121,-4.116956618465107,-3.679192759307487,-1.9264594310980296,1.3386354894709689,-0.0970836570966992,3.970198691757501,-0.4437652399176266,1.3252658026598956
95.0,171.0,129.93382263183594,-0.0395527927102394,2.6822141208856145,-4.1169566184585,-3.67919275911823,-1.9264594553003305,1.3386354942943453,-0.097083657102579,3.9701986743684414,-0.4437650357492791,1.3252658035983975
95.0,171.0,129.93382263183594,-0.0395527654015155,2.6822149834026545,-4.116956617035802,-3.679192759062442,-1.926459426969783,1.3386328809215473,-0.0970836571298232,3.970198862855274,-0.4437650347861172,1.3252658036200369
95.0,171.0,129.93382263183594,-0.0395527923865338,2.682214114640174,-4.116956616946552,-3.679192759118088,-1.9264585144385096,1.3386330888878022,-0.0970836571022361,3.970198689303534,-0.443765036767082,1.3252658110415465
95.0,171.0,129.93382263183594,-0.0395527923865338,2.6822186377236643,-4.116956616997189,-3.679192761938718,-1.9264585805567167,1.3386329197848457,-0.0970836571036599,3.970198691757501,-0.4437652388165524,1.3252658111731797
95.0,171.0,129.93382263183594,-0.0395527923865338,2.682207337337914,-4.116956616997189,-3.67919276179067,-1.9264592542029872,1.3386331406761454,-0.0970836570975785,3.9701985633396255,-0.4437650359842476,1.3252658111717417
95.0,171.0,129.93382263183594,-0.0395527923865338,2.682214651185024,-4.116956616997189,-3.679192761938718,-1.9264585805567167,1.338631565780348,-0.0970836571036599,3.970198691757501,-0.4437652440428587,1.3252658111684603
95.0,171.0,129.93382263183594,-0.0395527923865338,2.6822069712660506,-4.11695661694353,-3.6791927619387295,-1.9264592536617509,1.3386329139252071,-0.0970836571023604,3.970198689294517,-0.4437650359842476,1.3252658022314296
95.0,171.0,129.93382263183594,-0.0395527923865338,2.682158407424777,-4.116956616997189,-3.679192761870093,-1.9264585835304144,1.3386329197848457,-0.0970836568110073,3.970198691757501,-0.4437650348639906,1.325265803038511
95.0,172.0,129.9337921142578,-0.0395527923865338,2.682207337337914,-4.116956616997189,-3.67919276179067,-1.926459268756041,1.3386445716371116,-0.097083657097563,3.9701985901640247,-0.4437650359842476,1.3252658111717417
95.0,172.0,129.9337921142578,-0.0395527923865338,2.682207337337914,-4.116956616997189,-3.67919276179067,-1.9264592733077108,1.3386445716371116,-0.0970836570972529,3.9701985901345416,-0.4437652599799164,1.3252658111717632
95.0,172.0,129.9337921142578,-0.0395527923865338,2.68221452041916,-4.116956616997189,-3.67919276179067,-1.9264592733077108,1.3386445716371116,-0.0970836570972582,3.9701985901345416,-0.4437652452684534,1.3252658111717632
95.0,172.0,129.9337921142578,-0.0395527923865338,2.682207337337914,-4.116956616997189,-3.679192761945057,-1.926459428825192,1.3386445716371116,-0.0970836571029544,3.9701985901640247,-0.4437652573906374,1.3252658111717417
95.0,172.0,129.9337921142578,-0.039552765097873,2.6822147807482146,-4.116956616943593,-3.6791927590623,-1.9264585677232489,1.338644350745812,-0.0970836570970289,3.970198907068734,-0.4437650184857671,1.3252658110485644
95.0,172.0,129.9337921142578,-0.0395527923865338,2.682207337337914,-4.116956616997189,-3.67919276179067,-1.9264592483278469,1.3386445621675074,-0.0970836571096737,3.9701985901345416,-0.4437652599799164,1.3252658111717632
95.0,172.0,129.9337921142578,-0.0395527923865338,2.682214735776133,-4.116956616997189,-3.6791927619446256,-1.9264592483278469,1.3386445621675074,-0.0970836571096737,3.970198590465983,-0.4437652599799164,1.32526581083684
95.0,172.0,129.9337921142578,-0.0395527923865338,2.682215128864368,-4.116956616997189,-3.67919276179067,-1.9264592733077108,1.3386445716371116,-0.097083657097731,3.9701985901345416,-0.4437652452684534,1.3252658111717632
95.0,172.0,129.9337921142578,-0.0395527637453188,2.6822147807482146,-4.116956616942842,-3.6791927590623,-1.9264593171001247,1.338644350745812,-0.0970836570970289,3.970198907068734,-0.4437650184857671,1.325265811048413
95.0,172.0,129.9337921142578,-0.0395527923865338,2.68221433245604,-4.116956616997189,-3.6791927619446256,-1.9264592483278469,1.3386445621675074,-0.0970836571096737,3.970198590465983,-0.4437652599799164,1.32526581083684
95.0,172.0,129.9337921142578,-0.0395527923865338,2.682214985993973,-4.116956616997189,-3.679192761794661,-1.9264585623783683,1.3386445716371116,-0.0970836570972039,3.9701985901345416,-0.4437650310082421,1.3252658111717632
95.0,172.0,129.9337921142578,-0.0395527637453188,2.682214776974029,-4.116956616944043,-3.679192759104138,-1.9264593171001247,1.338644350745812,-0.0970836570964262,3.970198907068734,-0.4437650184857671,1.325265811048413
95.0,172.0,129.9337921142578,-0.0395527923865338,2.68221452041916,-4.116956616997189,-3.67919276179067,-1.926459253810734,1.3386445716371116,-0.0970836570972816,3.970198590302719,-0.4437652452684534,1.3252658111717632
95.0,172.0,129.9337921142578,-0.0395527670988681,2.68221540195207,-4.116956616943593,-3.6791927590623,-1.9264585768511264,1.338644350745812,-0.0970836570969444,3.970198907068734,-0.4437650185456404,1.3252658111835938
95.0,172.0,129.9337921142578,-0.0395527923865338,2.682207337337914,-4.116956616997189,-3.67919276179067,-1.926459248396725,1.3386445621675074,-0.097083657097662,3.970198590164332,-0.4437650356579201,1.3252658111717608
95.0,172.0,129.9337921142578,-0.0395527923865338,2.682207337337914,-4.116956616997189,-3.679192761945057,-1.926459428825192,1.3386445716371116,-0.0970836571029544,3.9701985901640247,-0.4437652573906374,1.3252658111717417
95.0,172.0,129.9337921142578,-0.0395527922434035,2.682215128864368,-4.116956616997189,-3.67919276179067,-1.926459422628253,1.3386445716371116,-0.097083657097731,3.9701985901345416,-0.4437652520757447,1.3252658111717632
95.0,172.0,129.93380737304688,-0.0395527923865338,2.682214651185024,-4.116956617190491,-3.679192761938718,-1.9264594267489872,1.3386329197848457,-0.0970836571031345,3.97019830761114,-0.4437652500991025,1.325265802224126
95.0,172.0,129.93380737304688,-0.0395527923865338,2.682214651185024,-4.116956617190491,-3.679192761938718,-1.9264594267489872,1.3386329197848457,-0.0970836571031345,3.97019830761114,-0.4437652500991025,1.325265802224126
95.0,172.0,129.93380737304688,-0.0395527923865338,2.682214651185024,-4.116956617190491,-3.679192761938718,-1.9264594364165868,1.3386329197848457,-0.0970836571031345,3.97019830761114,-0.4437652499938905,1.325265802224126
95.0,172.0,129.93382263183594,-0.0395527923865338,2.682214651185024,-4.116956616941964,-3.679192761938718,-1.9264585805567167,1.3386329197848457,-0.0970836571036599,3.970198691757501,-0.443765246455084,1.3252658110485644
95.0,172.0,129.93382263183594,-0.0395527923865338,2.682214651185024,-4.116956616997189,-3.679192761938718,-1.9264585805567167,1.3386329197848457,-0.0970836571036599,3.970198691757501,-0.4437652462857191,1.3252658111684603
95.0,172.0,129.93382263183594,-0.0395527923865338,2.682214651185024,-4.116956616997189,-3.679192761938718,-1.9264594229663743,1.3386329197848457,-0.0970836571031345,3.970198691757501,-0.4437652421852801,1.3252658022314296
95.0,172.0,129.93382263183594,-0.0395526822404953,2.682214651185024,-4.116956617042409,-3.679192761938718,-1.9264594324196784,1.338631627332761,-0.0970836571036599,3.970198691757501,-0.4437650578688347,1.3252658029900597
95.0,172.0,129.93382263183594,-0.0395527923865338,2.682207337337914,-4.116956616997189,-3.6791927619391314,-1.926458577824216,1.3386329197848457,-0.0970836570972005,3.970198691757501,-0.4437650359842476,1.3252658022314296
95.0,172.0,129.93382263183594,-0.0395527923865338,2.682214114640174,-4.116956616943593,-3.679192759118088,-1.926458589686676,1.3386329197848457,-0.0970836571022361,3.970198691757501,-0.4437650184857671,1.3252658110485644
95.0,172.0,129.93382263183594,-0.0395527654015155,2.682214786993656,-4.1169566184585,-3.679192759062442,-1.926459426977689,1.338635437090267,-0.0970836570973314,3.970198862855274,-0.4437650488085959,1.3252658035983975
95.0,172.0,129.93382263183594,-0.0395527923865338,2.682214114640174,-4.116956616943593,-3.679192759118088,-1.9264592757121857,1.3386330888878022,-0.0970836571022361,3.970198689303534,-0.4437650184857671,1.3252658110415465
95.0,172.0,129.93382263183594,-0.0395526822404953,2.682214651185024,-4.116956617042409,-3.679192761938718,-1.9264594324196784,1.338631627332761,-0.0970836571036599,3.970198691757501,-0.4437650578688347,1.3252658029900597
95.0,172.0,129.93382263183594,-0.0395527923865338,2.682207337337914,-4.116956616997189,-3.6791927619391314,-1.926458577824216,1.3386329197848457,-0.0970836570972005,3.970198691757501,-0.4437650359842476,1.3252658022314296
95.0,172.0,129.93382263183594,-0.0395527923865338,2.682214651185024,-4.116956616941964,-3.679192761938718,-1.9264585805567167,1.3386329197848457,-0.0970836571036599,3.970198691757501,-0.443765246455084,1.3252658110485644
95.0,172.0,129.93382263183594,-0.0395526875656291,2.68217592070923,-4.116956614084053,-3.679192761933438,-1.9264592457038567,1.338641179623171,-0.0970836570755288,3.970199802932172,-0.4437650102635356,1.3252658022110178
95.0,172.0,129.93382263183594,-0.0395527904666786,2.6822197079981835,-4.116956618715339,-3.679192759118088,-1.926458589686676,1.3386325017582024,-0.0970836571022361,3.970199576632895,-0.4437650184857671,1.3252658110436386
95.0,172.0,129.93382263183594,-0.0395503929374856,2.682200855719121,-4.116956617042409,-3.679192759307487,-1.9264594310901235,1.3386329335298606,-0.0970836571292275,3.970198691757501,-0.4437652301762683,1.3252658029900597
95.0,172.0,129.93382263183594,-0.0395527923865338,2.682207510959977,-4.11695661699329,-3.6791927619387295,-1.9264585804465648,1.3386329197848457,-0.0970836570972005,3.970198691757501,-0.4437650359842476,1.3252658022314296
95.0,172.0,129.93382263183594,-0.0395527923865338,2.682214651185024,-4.116956616997189,-3.679192761938718,-1.9264585805567167,1.338631565780348,-0.0970836571036599,3.970198691757501,-0.4437652440428587,1.3252658111684603
95.0,172.0,129.93382263183594,-0.0395527923865338,2.6822186377236643,-4.116956616997189,-3.679192761938718,-1.9264585805567167,1.3386329197848457,-0.0970836571036599,3.970198691757501,-0.4437652462857191,1.3252658111731797
95.0,172.0,129.93382263183594,-0.039552792387854,2.6822410035397577,-4.11695661687997,-3.679192761938718,-1.926458551752236,1.338632920375407,-0.0970836571036599,3.970198691757501,-0.4437652437524936,1.3252658110485644
95.0,172.0,129.93382263183594,-0.0395527923865338,2.682214477562961,-4.116956616945863,-3.67919276193912,-1.926458577934368,1.3386329197848457,-0.0970836571036599,3.970198691757501,-0.443765246455084,1.3252658110485644
95.0,172.0,129.93382263183594,-0.0395503929374856,2.682200855719121,-4.116956618465107,-3.679192759307487,-1.9264594310980296,1.3386354896985808,-0.0970836570967357,3.970198691757501,-0.4437652441987471,1.3252658029757445
95.0,172.0,129.93382263183594,-0.0395527926901763,2.6822141208856145,-4.1169566184585,-3.67919275911823,-1.926459463494171,1.338635437090267,-0.0970836571025231,3.9701986743684414,-0.4437650488085959,1.3252658035983975
95.0,172.0,129.93382263183594,-0.0395527923865338,2.682207627902145,-4.116956617192025,-3.679192761938729,-1.9264594612048644,1.3386329197848457,-0.0970836570972005,3.970198691757501,-0.4437650359842476,1.325265802224317
95.0,172.0,129.93382263183594,-0.0395527923865338,2.682214651185024,-4.116956616997189,-3.679192761938718,-1.9264585760050468,1.338631565780348,-0.09708365710397,3.970198691786984,-0.4437650200471899,1.3252658111684392
95.0,172.0,129.93382263183594,-0.0395527923865338,2.682214651185024,-4.116956616997189,-3.679192761938718,-1.9264594229663743,1.3386329197848457,-0.0970836571033068,3.970198691757501,-0.4437652421852801,1.3252658022314296
95.0,172.0,129.93382263183594,-0.0395527923865869,2.6822410035397577,-4.11695661687997,-3.679192761938718,-1.926458551752236,1.3386329203269665,-0.0970836571036599,3.970198691757501,-0.4437652437183914,1.3252658111663524
95.0,172.0,129.93382263183594,-0.0395527654015155,2.682214786993656,-4.116956617035802,-3.679192759062442,-1.926459426969783,1.3386328809215473,-0.0970836571298232,3.970198862855274,-0.4437650347861172,1.3252658036127123
95.0,172.0,129.93382263183594,-0.0395527904666786,2.6822197350487227,-4.1169566170333685,-3.679192759118088,-1.926458589686676,1.3386330030438252,-0.0970836571022574,3.970199542289933,-0.4437650184857671,1.325265811173085
95.0,172.0,129.93382263183594,-0.039552765097873,2.6822147807482146,-4.116956616943593,-3.6791927590623,-1.9264585531701948,1.3386329197848457,-0.0970836570970444,3.970198880244335,-0.4437650184857671,1.3252658110485644
95.0,172.0,129.93382263183594,-0.0395527923865338,2.6822199733355245,-4.116956617000272,-3.679192761938718,-1.9264585805567167,1.338632933249797,-0.0970836571036599,3.970198691757501,-0.4437652462857191,1.325265810834128
95.0,172.0,129.93382263183594,-0.0395527904666786,2.68222009377527,-4.116956616950589,-3.679192759118088,-1.926458589686676,1.338633077975301,-0.0970836571022361,3.970199603423777,-0.4437650184857671,1.3252658110436386
95.0,173.0,129.9337921142578,-0.0395527923865338,2.682207337337914,-4.116956616997189,-3.67919276179067,-1.926459268756041,1.3386445716371116,-0.097083657097563,3.9701985901640247,-0.4437650359842476,1.3252658111717417
95.0,173.0,129.9337921142578,-0.0395527923865338,2.682207337337914,-4.116956616997189,-3.67919276179067,-1.9264592733077108,1.3386445716371116,-0.0970836570972529,3.9701985901345416,-0.4437652599799164,1.3252658111717632
95.0,173.0,129.9337921142578,-0.0395527923865338,2.68221452041916,-4.116956616997189,-3.67919276179067,-1.9264592733077108,1.3386445716371116,-0.0970836570972582,3.9701985901345416,-0.4437652452684534,1.3252658111717632
95.0,173.0,129.9337921142578,-0.0395527923865338,2.682207337337914,-4.116956616997189,-3.679192761945057,-1.926459428825192,1.3386445716371116,-0.0970836571029544,3.9701985901640247,-0.4437652573906374,1.3252658111717417
95.0,173.0,129.9337921142578,-0.039552765097873,2.6822147807482146,-4.116956616943593,-3.6791927590623,-1.9264585677232489,1.338644350745812,-0.0970836570970289,3.970198907068734,-0.4437650184857671,1.3252658110485644
95.0,173.0,129.9337921142578,-0.0395527923865338,2.682207337337914,-4.116956616997189,-3.67919276179067,-1.9264592483278469,1.3386445621675074,-0.0970836571096737,3.9701985901345416,-0.4437652599799164,1.3252658111717632
95.0,173.0,129.9337921142578,-0.0395527923865338,2.682214735776133,-4.116956616997189,-3.6791927619446256,-1.9264592483278469,1.3386445621675074,-0.0970836571096737,3.970198590465983,-0.4437652599799164,1.32526581083684
95.0,173.0,129.9337921142578,-0.0395527923865338,2.682215128864368,-4.116956616997189,-3.67919276179067,-1.9264592733077108,1.3386445716371116,-0.097083657097731,3.9701985901345416,-0.4437652452684534,1.3252658111717632
95.0,173.0,129.9337921142578,-0.0395527637453188,2.6822147807482146,-4.116956616942842,-3.6791927590623,-1.9264593171001247,1.338644350745812,-0.0970836570970289,3.970198907068734,-0.4437650184857671,1.325265811048413
95.0,173.0,129.9337921142578,-0.0395527923865338,2.68221433245604,-4.116956616997189,-3.6791927619446256,-1.9264592483278469,1.3386445621675074,-0.0970836571096737,3.970198590465983,-0.4437652599799164,1.32526581083684
95.0,173.0,129.9337921142578,-0.0395527923865338,2.682214985993973,-4.116956616997189,-3.679192761794661,-1.9264585623783683,1.3386445716371116,-0.0970836570972039,3.9701985901345416,-0.4437650310082421,1.3252658111717632
95.0,173.0,129.9337921142578,-0.0395527637453188,2.682214776974029,-4.116956616944043,-3.679192759104138,-1.9264593171001247,1.338644350745812,-0.0970836570964262,3.970198907068734,-0.4437650184857671,1.325265811048413
95.0,173.0,129.9337921142578,-0.0395527923865338,2.68221452041916,-4.116956616997189,-3.67919276179067,-1.926459253810734,1.3386445716371116,-0.0970836570972816,3.970198590302719,-0.4437652452684534,1.3252658111717632
95.0,173.0,129.9337921142578,-0.0395527670988681,2.68221540195207,-4.116956616943593,-3.6791927590623,-1.9264585768511264,1.338644350745812,-0.0970836570969444,3.970198907068734,-0.4437650185456404,1.3252658111835938
95.0,173.0,129.9337921142578,-0.0395527923865338,2.682207337337914,-4.116956616997189,-3.67919276179067,-1.926459248396725,1.3386445621675074,-0.097083657097662,3.970198590164332,-0.4437650356579201,1.3252658111717608
95.0,173.0,129.9337921142578,-0.0395527923865338,2.682207337337914,-4.116956616997189,-3.679192761945057,-1.926459428825192,1.3386445716371116,-0.0970836571029544,3.9701985901640247,-0.4437652573906374,1.3252658111717417
95.0,173.0,129.9337921142578,-0.0395527922434035,2.682215128864368,-4.116956616997189,-3.67919276179067,-1.926459422628253,1.3386445716371116,-0.097083657097731,3.9701985901345416,-0.4437652520757447,1.3252658111717632
95.0,173.0,129.9337921142578,-0.0395527650526893,2.682214747220541,-4.116956617001223,-3.679192759213676,-1.9264585677232489,1.338644345536962,-0.0970836570972034,3.970198911760479,-0.4437650184857671,1.32526581117404
95.0,173.0,129.9337921142578,-0.0395527637453188,2.682214760524044,-4.116956616996145,-3.6791927618002633,-1.9264593171001247,1.3386443463410038,-0.0970836570964262,3.970198907068734,-0.4437650184857671,1.3252658110451467
95.0,173.0,129.9337921142578,-0.0395527923865338,2.68221452041916,-4.116956616997189,-3.67919276179067,-1.926459248855838,1.33864456301207,-0.0970836570972816,3.970198590302719,-0.4437652452684534,1.3252658111717632
95.0,173.0,129.9337921142578,-0.0395527922438372,2.682207337337914,-4.116956616997189,-3.6791927617928577,-1.926459428825192,1.3386445716371116,-0.0970836571029544,3.970198590134975,-0.4437652572880536,1.3252658111717417
95.0,173.0,129.9337921142578,-0.0395527923865338,2.682214514850477,-4.116956616997189,-3.67919276179067,-1.9264592530277769,1.3386445716371116,-0.0970836570977628,3.970198590303222,-0.4437652452684534,1.3252658111717632
95.0,173.0,129.9337921142578,-0.0395527923865338,2.6822145426174964,-4.11695661699544,-3.6791927619446256,-1.9264592432211944,1.3386445621675074,-0.0970836571112464,3.970198590465983,-0.4437652287314224,1.3252658122871386
95.0,173.0,129.9337921142578,-0.0395527922434035,2.6822151453143537,-4.116956616945087,-3.679192759094545,-1.926459422628253,1.33864457604192,-0.097083657097731,3.9701985901345416,-0.4437652520757447,1.3252658111750295
95.0,173.0,129.9337921142578,-0.0395527926818528,2.6822141450158616,-4.116956616997189,-3.6791927619110014,-1.926459462361173,1.3386445716371116,-0.097083657097731,3.970198594372941,-0.4437652452684534,1.3252658035760574
95.0,173.0,129.9337921142578,-0.0395527684229338,2.682215394162551,-4.116956616944052,-3.679192758948843,-1.9264585127121787,1.3386445591961231,-0.0970836571096737,3.970198881147804,-0.4437650161958539,1.3252658111834696
95.0,173.0,129.9337921142578,-0.0395527923861002,2.682215128864368,-4.116956616997189,-3.679192761942869,-1.926459422628253,1.3386445716371116,-0.097083657097731,3.970198590163592,-0.4437652521783284,1.3252658111717632
95.0,173.0,129.9337921142578,-0.0395527923865338,2.682207337337914,-4.116956616997189,-3.679192761788266,-1.926459246731097,1.3386445716371116,-0.0970836571029838,3.9701985901640247,-0.4437652573824729,1.3252658111717417
95.0,173.0,129.93380737304688,-0.0395527923865338,2.682214651185024,-4.116956617190491,-3.679192761938718,-1.9264594267489872,1.3386329197848457,-0.0970836571031345,3.97019830761114,-0.4437652500991025,1.325265802224126
95.0,173.0,129.93380737304688,-0.0395527923865338,2.682214651185024,-4.116956617190491,-3.679192761938718,-1.9264594267489872,1.3386329197848457,-0.0970836571031345,3.97019830761114,-0.4437652500991025,1.325265802224126
95.0,173.0,129.93380737304688,-0.0395527923865338,2.682214651185024,-4.116956617190491,-3.679192761938718,-1.9264594364165868,1.3386329197848457,-0.0970836571031345,3.97019830761114,-0.4437652499938905,1.325265802224126
95.0,173.0,129.93380737304688,-0.0395527923865338,2.682207133382612,-4.116956617183777,-3.679192761945442,-1.926459436441764,1.338633199793947,-0.0970836571031345,3.97019830761114,-0.4437652499938905,1.325265801953693
95.0,173.0,129.93380737304688,-0.0395527637453188,2.682214776974029,-4.116956616944043,-3.6791927591040334,-1.9264586163063897,1.338644350745812,-0.0970836571027867,3.970199567904269,-0.4437650184857671,1.325265811048817
95.0,173.0,129.93382263183594,-0.0395527923865338,2.682214651185024,-4.116956616941964,-3.679192761938718,-1.9264585805567167,1.3386329197848457,-0.0970836571036599,3.970198691757501,-0.443765246455084,1.3252658110485644
95.0,173.0,129.93382263183594,-0.0395527923865338,2.682214651185024,-4.116956616997189,-3.679192761938718,-1.9264585805567167,1.3386329197848457,-0.0970836571036599,3.970198691757501,-0.4437652462857191,1.3252658111684603
95.0,173.0,129.93382263183594,-0.0395527923865338,2.682214651185024,-4.116956616997189,-3.679192761938718,-1.9264594229663743,1.3386329197848457,-0.0970836571031345,3.970198691757501,-0.4437652421852801,1.3252658022314296
95.0,173.0,129.93382263183594,-0.0395526822404953,2.682214651185024,-4.116956617042409,-3.679192761938718,-1.9264594324196784,1.338631627332761,-0.0970836571036599,3.970198691757501,-0.4437650578688347,1.3252658029900597
95.0,173.0,129.93382263183594,-0.0395527923865338,2.682207337337914,-4.116956616997189,-3.6791927619391314,-1.926458577824216,1.3386329197848457,-0.0970836570972005,3.970198691757501,-0.4437650359842476,1.3252658022314296
95.0,173.0,129.93382263183594,-0.0395527923865338,2.682214114640174,-4.116956616943593,-3.679192759118088,-1.926458589686676,1.3386329197848457,-0.0970836571022361,3.970198691757501,-0.4437650184857671,1.3252658110485644
95.0,173.0,129.93382263183594,-0.0395527654015155,2.682214786993656,-4.1169566184585,-3.679192759062442,-1.926459426977689,1.338635437090267,-0.0970836570973314,3.970198862855274,-0.4437650488085959,1.3252658035983975
95.0,173.0,129.93382263183594,-0.0395527923865338,2.682214114640174,-4.116956616943593,-3.679192759118088,-1.9264592757121857,1.3386330888878022,-0.0970836571022361,3.970198689303534,-0.4437650184857671,1.3252658110415465
95.0,173.0,129.93382263183594,-0.0395526822404953,2.682214651185024,-4.116956617042409,-3.679192761938718,-1.9264594324196784,1.338631627332761,-0.0970836571036599,3.970198691757501,-0.4437650578688347,1.3252658029900597
95.0,173.0,129.93382263183594,-0.0395527923865338,2.682207337337914,-4.116956616997189,-3.6791927619391314,-1.926458577824216,1.3386329197848457,-0.0970836570972005,3.970198691757501,-0.4437650359842476,1.3252658022314296
95.0,173.0,129.93382263183594,-0.0395527923865338,2.682214651185024,-4.116956616941964,-3.679192761938718,-1.9264585805567167,1.3386329197848457,-0.0970836571036599,3.970198691757501,-0.443765246455084,1.3252658110485644
95.0,173.0,129.93382263183594,-0.0395526875656291,2.68217592070923,-4.116956614084053,-3.679192761933438,-1.9264592457038567,1.338641179623171,-0.0970836570755288,3.970199802932172,-0.4437650102635356,1.3252658022110178
95.0,173.0,129.93382263183594,-0.0395527904666786,2.6822197079981835,-4.116956618715339,-3.679192759118088,-1.926458589686676,1.3386325017582024,-0.0970836571022361,3.970199576632895,-0.4437650184857671,1.3252658110436386
95.0,173.0,129.93382263183594,-0.0395503929374856,2.682200855719121,-4.116956617042409,-3.679192759307487,-1.9264594310901235,1.3386329335298606,-0.0970836571292275,3.970198691757501,-0.4437652301762683,1.3252658029900597
95.0,173.0,129.93382263183594,-0.0395527923865338,2.682207510959977,-4.11695661699329,-3.6791927619387295,-1.9264585804465648,1.3386329197848457,-0.0970836570972005,3.970198691757501,-0.4437650359842476,1.3252658022314296
95.0,173.0,129.93382263183594,-0.0395527923865338,2.682214651185024,-4.116956616997189,-3.679192761938718,-1.9264585805567167,1.338631565780348,-0.0970836571036599,3.970198691757501,-0.4437652440428587,1.3252658111684603
95.0,173.0,129.93382263183594,-0.0395527923865338,2.6822186377236643,-4.116956616997189,-3.679192761938718,-1.9264585805567167,1.3386329197848457,-0.0970836571036599,3.970198691757501,-0.4437652462857191,1.3252658111731797
95.0,174.0,129.90249633789062,-0.0395527636303083,2.68221433245604,-4.116956616946764,-3.6791927619446256,-1.9264592483278469,1.3386445621675074,-0.0970836571095564,3.963716624824632,-0.443765249774328,1.32526581083684
95.0,174.0,129.9337921142578,-0.0395527923865338,2.682207337337914,-4.116956616997189,-3.67919276179067,-1.926459268756041,1.3386445716371116,-0.097083657097563,3.9701985901640247,-0.4437650359842476,1.3252658111717417
95.0,174.0,129.9337921142578,-0.0395527923865338,2.682207337337914,-4.116956616997189,-3.67919276179067,-1.9264592733077108,1.3386445716371116,-0.0970836570972529,3.9701985901345416,-0.4437652599799164,1.3252658111717632
95.0,174.0,129.9337921142578,-0.0395527923865338,2.68221452041916,-4.116956616997189,-3.67919276179067,-1.9264592733077108,1.3386445716371116,-0.0970836570972582,3.9701985901345416,-0.4437652452684534,1.3252658111717632
95.0,174.0,129.9337921142578,-0.0395527923865338,2.682207337337914,-4.116956616997189,-3.679192761945057,-1.926459428825192,1.3386445716371116,-0.0970836571029544,3.9701985901640247,-0.4437652573906374,1.3252658111717417
95.0,174.0,129.9337921142578,-0.039552765097873,2.6822147807482146,-4.116956616943593,-3.6791927590623,-1.9264585677232489,1.338644350745812,-0.0970836570970289,3.970198907068734,-0.4437650184857671,1.3252658110485644
95.0,174.0,129.9337921142578,-0.0395527923865338,2.682207337337914,-4.116956616997189,-3.67919276179067,-1.9264592483278469,1.3386445621675074,-0.0970836571096737,3.9701985901345416,-0.4437652599799164,1.3252658111717632
95.0,174.0,129.9337921142578,-0.0395527923865338,2.682214735776133,-4.116956616997189,-3.6791927619446256,-1.9264592483278469,1.3386445621675074,-0.0970836571096737,3.970198590465983,-0.4437652599799164,1.32526581083684
95.0,174.0,129.9337921142578,-0.0395527923865338,2.682215128864368,-4.116956616997189,-3.67919276179067,-1.9264592733077108,1.3386445716371116,-0.097083657097731,3.9701985901345416,-0.4437652452684534,1.3252658111717632
95.0,174.0,129.9337921142578,-0.0395527637453188,2.6822147807482146,-4.116956616942842,-3.6791927590623,-1.9264593171001247,1.338644350745812,-0.0970836570970289,3.970198907068734,-0.4437650184857671,1.325265811048413
95.0,174.0,129.9337921142578,-0.0395527923865338,2.68221433245604,-4.116956616997189,-3.6791927619446256,-1.9264592483278469,1.3386445621675074,-0.0970836571096737,3.970198590465983,-0.4437652599799164,1.32526581083684
95.0,174.0,129.9337921142578,-0.0395527923865338,2.682214985993973,-4.116956616997189,-3.679192761794661,-1.9264585623783683,1.3386445716371116,-0.0970836570972039,3.9701985901345416,-0.4437650310082421,1.3252658111717632
95.0,174.0,129.9337921142578,-0.0395527637453188,2.682214776974029,-4.116956616944043,-3.679192759104138,-1.9264593171001247,1.338644350745812,-0.0970836570964262,3.970198907068734,-0.4437650184857671,1.325265811048413
95.0,174.0,129.9337921142578,-0.0395527923865338,2.68221452041916,-4.116956616997189,-3.67919276179067,-1.926459253810734,1.3386445716371116,-0.0970836570972816,3.970198590302719,-0.4437652452684534,1.3252658111717632
95.0,174.0,129.9337921142578,-0.0395527670988681,2.68221540195207,-4.116956616943593,-3.6791927590623,-1.9264585768511264,1.338644350745812,-0.0970836570969444,3.970198907068734,-0.4437650185456404,1.3252658111835938
95.0,174.0,129.9337921142578,-0.0395527923865338,2.682207337337914,-4.116956616997189,-3.67919276179067,-1.926459248396725,1.3386445621675074,-0.097083657097662,3.970198590164332,-0.4437650356579201,1.3252658111717608
95.0,174.0,129.9337921142578,-0.0395527923865338,2.682207337337914,-4.116956616997189,-3.679192761945057,-1.926459428825192,1.3386445716371116,-0.0970836571029544,3.9701985901640247,-0.4437652573906374,1.3252658111717417
95.0,174.0,129.9337921142578,-0.0395527922434035,2.682215128864368,-4.116956616997189,-3.67919276179067,-1.926459422628253,1.3386445716371116,-0.097083657097731,3.9701985901345416,-0.4437652520757447,1.3252658111717632
95.0,174.0,129.9337921142578,-0.0395527650526893,2.682214747220541,-4.116956617001223,-3.679192759213676,-1.9264585677232489,1.338644345536962,-0.0970836570972034,3.970198911760479,-0.4437650184857671,1.32526581117404
95.0,174.0,129.9337921142578,-0.0395527637453188,2.682214760524044,-4.116956616996145,-3.6791927618002633,-1.9264593171001247,1.3386443463410038,-0.0970836570964262,3.970198907068734,-0.4437650184857671,1.3252658110451467
95.0,174.0,129.9337921142578,-0.0395527923865338,2.68221452041916,-4.116956616997189,-3.67919276179067,-1.926459248855838,1.33864456301207,-0.0970836570972816,3.970198590302719,-0.4437652452684534,1.3252658111717632
95.0,174.0,129.9337921142578,-0.0395527922438372,2.682207337337914,-4.116956616997189,-3.6791927617928577,-1.926459428825192,1.3386445716371116,-0.0970836571029544,3.970198590134975,-0.4437652572880536,1.3252658111717417
95.0,174.0,129.9337921142578,-0.0395527923865338,2.682214514850477,-4.116956616997189,-3.67919276179067,-1.9264592530277769,1.3386445716371116,-0.0970836570977628,3.970198590303222,-0.4437652452684534,1.3252658111717632
95.0,174.0,129.9337921142578,-0.0395527923865338,2.6822145426174964,-4.11695661699544,-3.6791927619446256,-1.9264592432211944,1.3386445621675074,-0.0970836571112464,3.970198590465983,-0.4437652287314224,1.3252658122871386
95.0,174.0,129.9337921142578,-0.0395527922434035,2.6822151453143537,-4.116956616945087,-3.679192759094545,-1.926459422628253,1.33864457604192,-0.097083657097731,3.9701985901345416,-0.4437652520757447,1.3252658111750295
95.0,174.0,129.9337921142578,-0.0395527926818528,2.6822141450158616,-4.116956616997189,-3.6791927619110014,-1.926459462361173,1.3386445716371116,-0.097083657097731,3.970198594372941,-0.4437652452684534,1.3252658035760574
95.0,174.0,129.9337921142578,-0.0395527684229338,2.682215394162551,-4.116956616944052,-3.679192758948843,-1.9264585127121787,1.3386445591961231,-0.0970836571096737,3.970198881147804,-0.4437650161958539,1.3252658111834696
95.0,174.0,129.9337921142578,-0.0395527923861002,2.682215128864368,-4.116956616997189,-3.679192761942869,-1.926459422628253,1.3386445716371116,-0.097083657097731,3.970198590163592,-0.4437652521783284,1.3252658111717632
95.0,174.0,129.9337921142578,-0.0395527923865338,2.682207337337914,-4.116956616997189,-3.679192761788266,-1.926459246731097,1.3386445716371116,-0.0970836571029838,3.9701985901640247,-0.4437652573824729,1.3252658111717417
95.0,174.0,129.9337921142578,-0.0395527923865338,2.682214328329537,-4.116956616997189,-3.6791927619446256,-1.9264592551960484,1.3386445622440697,-0.0970836571083805,3.970198594189632,-0.4437652599799164,1.32526581083684
95.0,174.0,129.9337921142578,-0.0395527923865338,2.682207337337914,-4.116956616997189,-3.679192761790635,-1.9264592733077108,1.3386445716371116,-0.0970836570972529,3.970198590134973,-0.4437652599799164,1.325265811171763
95.0,174.0,129.9337921142578,-0.0395527637453188,2.682214776974029,-4.116956616944043,-3.679192759104138,-1.9264593099796443,1.338644350745812,-0.0970836571029996,3.9701989025214575,-0.4437650184857671,1.325265811048413
95.0,174.0,129.9337921142578,-0.0395527923865338,2.6822070051484697,-4.116956616997189,-3.679192761945057,-1.926459428825192,1.3386445620383312,-0.0970836571029544,3.9701985901640247,-0.4437652600471806,1.325265810830652
95.0,174.0,129.9337921142578,-0.0395527650526893,2.682214747220541,-4.116956617001223,-3.679192759213676,-1.9264585677232489,1.338644345536962,-0.0970836570972034,3.970198911760479,-0.4437650184857671,1.32526581117404
95.0,174.0,129.9337921142578,-0.0395527923865338,2.682214514850477,-4.116956616997189,-3.67919276179067,-1.926459274191057,1.3386445716371116,-0.0970836570977628,3.970198590303222,-0.4437652452684534,1.3252658111717632
95.0,174.0,129.9337921142578,-0.0395527923865338,2.6822145426174964,-4.11695661699544,-3.679192761792062,-1.9264592432211944,1.3386445717602091,-0.0970836571114199,3.970198590459486,-0.4437652287314224,1.3252658122871386
95.0,174.0,129.9337921142578,-0.0395527923865338,2.682214167975379,-4.116956616997189,-3.67919276179067,-1.9264594624459968,1.338644564105287,-0.0970836570972816,3.970198590302719,-0.4437652452684534,1.3252658111717632
95.0,174.0,129.9337921142578,-0.0395527925015443,2.6822147807482146,-4.116956616993267,-3.6791927590623,-1.9264593171001247,1.338644350745812,-0.0970836570971462,3.970198907068734,-0.4437650286913555,1.325265811048413
95.0,174.0,129.9337921142578,-0.0395527923836351,2.682214985993973,-4.116956616997189,-3.67919276179061,-1.9264585623783683,1.3386445716371116,-0.0970836570972039,3.9701985901345416,-0.4437652504102968,1.3252658111717632
95.0,174.0,129.9337921142578,-0.0395527622020321,2.68221452041916,-4.116956616997189,-3.6791927591671048,-1.926459253810734,1.3386445716371116,-0.0970836570972816,3.970198590302719,-0.4437652452684534,1.325265811171494
95.0,174.0,129.9337921142578,-0.0395527923865339,2.682215128864368,-4.116956616997189,-3.6791927619429248,-1.9264594229805967,1.3386445716371116,-0.097083657102864,3.970198690100757,-0.4437652521783284,1.3252658111717632
95.0,174.0,129.9337921142578,-0.0395527670988681,2.68221540195207,-4.116956616995929,-3.6791927590623,-1.9264585768511264,1.338644350745812,-0.0970836570969444,3.970198569970272,-0.4437650185456404,1.3252658111700937
95.0,174.0,129.9337921142578,-0.0395527926818528,2.682214149142365,-4.116956616997189,-3.6791927619110014,-1.926459455492971,1.3386445715605495,-0.0970836570990242,3.970198590649293,-0.4437652452684534,1.3252658035760574
95.0,174.0,129.9337921142578,-0.0395527922438372,2.682207337337914,-4.116956616997189,-3.679192761792893,-1.926459428825192,1.3386445716371116,-0.0970836571029544,3.970198590134543,-0.4437652572880536,1.3252658111717417
95.0,174.0,129.9337921142578,-0.0395527923865338,2.682215067965577,-4.116956616997189,-3.6791927619446256,-1.9264592483278469,1.3386445717662878,-0.0970836571096737,3.970198590465983,-0.4437652573233733,1.3252658111779294
95.0,174.0,129.9337921142578,-0.0395527922434035,2.6822151453143537,-4.11695661694511,-3.679192759094545,-1.926459422628253,1.338644566557658,-0.097083657097731,3.9701985901345416,-0.4437652520757447,1.3252658111750295
95.0,174.0,129.9337921142578,-0.0395527923865338,2.682214985993973,-4.116956616997189,-3.679192761790632,-1.926458560182288,1.3386445716371116,-0.0970836570972039,3.9701985901345416,-0.4437650374822972,1.3252658111717632
95.0,174.0,129.9337921142578,-0.0395527923865338,2.682207337337914,-4.116956616997189,-3.679192761786835,-1.926458577824216,1.3386445399871951,-0.0970836570972005,3.970198691757501,-0.4437650342033214,1.3252658022314296
95.0,174.0,129.9337921142578,-0.0395527923865338,2.6822188265960376,-4.116956616997189,-3.67919276179067,-1.9264585138593409,1.3386445621675074,-0.097083657097662,3.970198590164332,-0.4437650444391077,1.3252658111717608
95.0,174.0,129.9337921142578,-0.0395527923865338,2.682214735776133,-4.116956616997189,-3.6791927619446256,-1.9264592483278469,1.3386445625486103,-0.0970836571096737,3.970198590465983,-0.4437652598172422,1.325265810811977
95.0,175.0,129.90249633789062,-0.0395527636303083,2.68221433245604,-4.116956616946764,-3.6791927619446256,-1.9264592483278469,1.3386445621675074,-0.0970836571095564,3.963716624824632,-0.443765249774328,1.32526581083684
95.0,175.0,129.9337921142578,-0.0395527923865338,2.682207337337914,-4.116956616997189,-3.67919276179067,-1.926459268756041,1.3386445716371116,-0.097083657097563,3.9701985901640247,-0.4437650359842476,1.3252658111717417
95.0,175.0,129.9337921142578,-0.0395527923865338,2.682207337337914,-4.116956616997189,-3.67919276179067,-1.9264592733077108,1.3386445716371116,-0.0970836570972529,3.9701985901345416,-0.4437652599799164,1.3252658111717632
95.0,175.0,129.9337921142578,-0.0395527923865338,2.68221452041916,-4.116956616997189,-3.67919276179067,-1.9264592733077108,1.3386445716371116,-0.0970836570972582,3.9701985901345416,-0.4437652452684534,1.3252658111717632
95.0,175.0,129.9337921142578,-0.0395527923865338,2.682207337337914,-4.116956616997189,-3.679192761945057,-1.926459428825192,1.3386445716371116,-0.0970836571029544,3.9701985901640247,-0.4437652573906374,1.3252658111717417
95.0,175.0,129.9337921142578,-0.039552765097873,2.6822147807482146,-4.116956616943593,-3.6791927590623,-1.9264585677232489,1.338644350745812,-0.0970836570970289,3.970198907068734,-0.4437650184857671,1.3252658110485644
95.0,175.0,129.9337921142578,-0.0395527923865338,2.682207337337914,-4.116956616997189,-3.67919276179067,-1.9264592483278469,1.3386445621675074,-0.0970836571096737,3.9701985901345416,-0.4437652599799164,1.3252658111717632
95.0,175.0,129.9337921142578,-0.0395527923865338,2.682214735776133,-4.116956616997189,-3.6791927619446256,-1.9264592483278469,1.3386445621675074,-0.0970836571096737,3.970198590465983,-0.4437652599799164,1.32526581083684
95.0,175.0,129.9337921142578,-0.0395527923865338,2.682215128864368,-4.116956616997189,-3.67919276179067,-1.9264592733077108,1.3386445716371116,-0.097083657097731,3.9701985901345416,-0.4437652452684534,1.3252658111717632
95.0,175.0,129.9337921142578,-0.0395527637453188,2.6822147807482146,-4.116956616942842,-3.6791927590623,-1.9264593171001247,1.338644350745812,-0.0970836570970289,3.970198907068734,-0.4437650184857671,1.325265811048413
95.0,175.0,129.9337921142578,-0.0395527923865338,2.68221433245604,-4.116956616997189,-3.6791927619446256,-1.9264592483278469,1.3386445621675074,-0.0970836571096737,3.970198590465983,-0.4437652599799164,1.32526581083684
95.0,175.0,129.9337921142578,-0.0395527923865338,2.682214985993973,-4.116956616997189,-3.679192761794661,-1.9264585623783683,1.3386445716371116,-0.0970836570972039,3.9701985901345416,-0.4437650310082421,1.3252658111717632
95.0,175.0,129.9337921142578,-0.0395527637453188,2.682214776974029,-4.116956616944043,-3.679192759104138,-1.9264593171001247,1.338644350745812,-0.0970836570964262,3.970198907068734,-0.4437650184857671,1.325265811048413
95.0,175.0,129.9337921142578,-0.0395527923865338,2.68221452041916,-4.116956616997189,-3.67919276179067,-1.926459253810734,1.3386445716371116,-0.0970836570972816,3.970198590302719,-0.4437652452684534,1.3252658111717632
95.0,175.0,129.9337921142578,-0.0395527670988681,2.68221540195207,-4.116956616943593,-3.6791927590623,-1.9264585768511264,1.338644350745812,-0.0970836570969444,3.970198907068734,-0.4437650185456404,1.3252658111835938
95.0,175.0,129.9337921142578,-0.0395527923865338,2.682207337337914,-4.116956616997189,-3.67919276179067,-1.926459248396725,1.3386445621675074,-0.097083657097662,3.970198590164332,-0.4437650356579201,1.3252658111717608
95.0,175.0,129.9337921142578,-0.0395527923865338,2.682207337337914,-4.116956616997189,-3.679192761945057,-1.926459428825192,1.3386445716371116,-0.0970836571029544,3.9701985901640247,-0.4437652573906374,1.3252658111717417
95.0,175.0,129.9337921142578,-0.0395527922434035,2.682215128864368,-4.116956616997189,-3.67919276179067,-1.926459422628253,1.3386445716371116,-0.097083657097731,3.9701985901345416,-0.4437652520757447,1.3252658111717632
95.0,175.0,129.9337921142578,-0.0395527650526893,2.682214747220541,-4.116956617001223,-3.679192759213676,-1.9264585677232489,1.338644345536962,-0.0970836570972034,3.970198911760479,-0.4437650184857671,1.32526581117404
95.0,175.0,129.9337921142578,-0.0395527637453188,2.682214760524044,-4.116956616996145,-3.6791927618002633,-1.9264593171001247,1.3386443463410038,-0.0970836570964262,3.970198907068734,-0.4437650184857671,1.3252658110451467
95.0,175.0,129.9337921142578,-0.0395527923865338,2.68221452041916,-4.116956616997189,-3.67919276179067,-1.926459248855838,1.33864456301207,-0.0970836570972816,3.970198590302719,-0.4437652452684534,1.3252658111717632
95.0,175.0,129.9337921142578,-0.0395527922438372,2.682207337337914,-4.116956616997189,-3.6791927617928577,-1.926459428825192,1.3386445716371116,-0.0970836571029544,3.970198590134975,-0.4437652572880536,1.3252658111717417
95.0,175.0,129.9337921142578,-0.0395527923865338,2.682214514850477,-4.116956616997189,-3.67919276179067,-1.9264592530277769,1.3386445716371116,-0.0970836570977628,3.970198590303222,-0.4437652452684534,1.3252658111717632
95.0,175.0,129.9337921142578,-0.0395527923865338,2.6822145426174964,-4.11695661699544,-3.6791927619446256,-1.9264592432211944,1.3386445621675074,-0.0970836571112464,3.970198590465983,-0.4437652287314224,1.3252658122871386
95.0,175.0,129.9337921142578,-0.0395527922434035,2.6822151453143537,-4.116956616945087,-3.679192759094545,-1.926459422628253,1.33864457604192,-0.097083657097731,3.9701985901345416,-0.4437652520757447,1.3252658111750295
95.0,175.0,129.9337921142578,-0.0395527926818528,2.6822141450158616,-4.116956616997189,-3.6791927619110014,-1.926459462361173,1.3386445716371116,-0.097083657097731,3.970198594372941,-0.4437652452684534,1.3252658035760574
95.0,175.0,129.9337921142578,-0.0395527684229338,2.682215394162551,-4.116956616944052,-3.679192758948843,-1.9264585127121787,1.3386445591961231,-0.0970836571096737,3.970198881147804,-0.4437650161958539,1.3252658111834696
95.0,175.0,129.9337921142578,-0.0395527923861002,2.682215128864368,-4.116956616997189,-3.679192761942869,-1.926459422628253,1.3386445716371116,-0.097083657097731,3.970198590163592,-0.4437652521783284,1.3252658111717632
95.0,175.0,129.9337921142578,-0.0395527923865338,2.682207337337914,-4.116956616997189,-3.679192761788266,-1.926459246731097,1.3386445716371116,-0.0970836571029838,3.9701985901640247,-0.4437652573824729,1.3252658111717417
95.0,175.0,129.9337921142578,-0.0395527923865338,2.682214328329537,-4.116956616997189,-3.6791927619446256,-1.9264592551960484,1.3386445622440697,-0.0970836571083805,3.970198594189632,-0.4437652599799164,1.32526581083684
95.0,175.0,129.9337921142578,-0.0395527923865338,2.682207337337914,-4.116956616997189,-3.679192761790635,-1.9264592733077108,1.3386445716371116,-0.0970836570972529,3.970198590134973,-0.4437652599799164,1.325265811171763
95.0,175.0,129.9337921142578,-0.0395527637453188,2.682214776974029,-4.116956616944043,-3.679192759104138,-1.9264593099796443,1.338644350745812,-0.0970836571029996,3.9701989025214575,-0.4437650184857671,1.325265811048413
95.0,175.0,129.9337921142578,-0.0395527923865338,2.6822070051484697,-4.116956616997189,-3.679192761945057,-1.926459428825192,1.3386445620383312,-0.0970836571029544,3.9701985901640247,-0.4437652600471806,1.325265810830652
95.0,175.0,129.9337921142578,-0.0395527650526893,2.682214747220541,-4.116956617001223,-3.679192759213676,-1.9264585677232489,1.338644345536962,-0.0970836570972034,3.970198911760479,-0.4437650184857671,1.32526581117404
95.0,175.0,129.9337921142578,-0.0395527923865338,2.682214514850477,-4.116956616997189,-3.67919276179067,-1.926459274191057,1.3386445716371116,-0.0970836570977628,3.970198590303222,-0.4437652452684534,1.3252658111717632
95.0,175.0,129.9337921142578,-0.0395527923865338,2.6822145426174964,-4.11695661699544,-3.679192761792062,-1.9264592432211944,1.3386445717602091,-0.0970836571114199,3.970198590459486,-0.4437652287314224,1.3252658122871386
95.0,175.0,129.9337921142578,-0.0395527923865338,2.682214167975379,-4.116956616997189,-3.67919276179067,-1.9264594624459968,1.338644564105287,-0.0970836570972816,3.970198590302719,-0.4437652452684534,1.3252658111717632
95.0,175.0,129.9337921142578,-0.0395527925015443,2.6822147807482146,-4.116956616993267,-3.6791927590623,-1.9264593171001247,1.338644350745812,-0.0970836570971462,3.970198907068734,-0.4437650286913555,1.325265811048413
95.0,175.0,129.9337921142578,-0.0395527923836351,2.682214985993973,-4.116956616997189,-3.67919276179061,-1.9264585623783683,1.3386445716371116,-0.0970836570972039,3.9701985901345416,-0.4437652504102968,1.3252658111717632
95.0,175.0,129.9337921142578,-0.0395527622020321,2.68221452041916,-4.116956616997189,-3.6791927591671048,-1.926459253810734,1.3386445716371116,-0.0970836570972816,3.970198590302719,-0.4437652452684534,1.325265811171494
95.0,175.0,129.9337921142578,-0.0395527923865339,2.682215128864368,-4.116956616997189,-3.6791927619429248,-1.9264594229805967,1.3386445716371116,-0.097083657102864,3.970198690100757,-0.4437652521783284,1.3252658111717632
95.0,175.0,129.9337921142578,-0.0395527670988681,2.68221540195207,-4.116956616995929,-3.6791927590623,-1.9264585768511264,1.338644350745812,-0.0970836570969444,3.970198569970272,-0.4437650185456404,1.3252658111700937
95.0,175.0,129.9337921142578,-0.0395527926818528,2.682214149142365,-4.116956616997189,-3.6791927619110014,-1.926459455492971,1.3386445715605495,-0.0970836570990242,3.970198590649293,-0.4437652452684534,1.3252658035760574
95.0,175.0,129.9337921142578,-0.0395527922438372,2.682207337337914,-4.116956616997189,-3.679192761792893,-1.926459428825192,1.3386445716371116,-0.0970836571029544,3.970198590134543,-0.4437652572880536,1.3252658111717417
95.0,175.0,129.9337921142578,-0.0395527923865338,2.682215067965577,-4.116956616997189,-3.6791927619446256,-1.9264592483278469,1.3386445717662878,-0.0970836571096737,3.970198590465983,-0.4437652573233733,1.3252658111779294
95.0,175.0,129.9337921142578,-0.0395527922434035,2.6822151453143537,-4.11695661694511,-3.679192759094545,-1.926459422628253,1.338644566557658,-0.097083657097731,3.9701985901345416,-0.4437652520757447,1.3252658111750295
95.0,175.0,129.9337921142578,-0.0395527923865338,2.682214985993973,-4.116956616997189,-3.679192761790632,-1.926458560182288,1.3386445716371116,-0.0970836570972039,3.9701985901345416,-0.4437650374822972,1.3252658111717632
95.0,175.0,129.9337921142578,-0.0395527923865338,2.682207337337914,-4.116956616997189,-3.679192761786835,-1.926458577824216,1.3386445399871951,-0.0970836570972005,3.970198691757501,-0.4437650342033214,1.3252658022314296
95.0,175.0,129.9337921142578,-0.0395527923865338,2.6822188265960376,-4.116956616997189,-3.67919276179067,-1.9264585138593409,1.3386445621675074,-0.097083657097662,3.970198590164332,-0.4437650444391077,1.3252658111717608
95.0,175.0,129.9337921142578,-0.0395527923865338,2.682214735776133,-4.116956616997189,-3.6791927619446256,-1.9264592483278469,1.3386445625486103,-0.0970836571096737,3.970198590465983,-0.4437652598172422,1.325265810811977
95.0,176.0,129.90249633789062,-0.0395527636303083,2.68221433245604,-4.116956616946764,-3.6791927619446256,-1.9264592483278469,1.3386445621675074,-0.0970836571095564,3.963716624824632,-0.443765249774328,1.32526581083684
95.0,176.0,129.9027557373047,-0.0395527670988681,2.68221540195207,-4.116956616943593,-3.6791927590623,-1.9264585768511264,1.338644350745812,-0.0970836570969444,3.9635722367648696,-0.4437650073705104,1.325265811159026
95.0,176.0,129.9335174560547,-0.0395527923865338,2.682207176893655,-4.11672211900333,-3.67919276179067,-1.9264592483278469,1.3386445621675074,-0.0970836571097886,3.9701985901345416,-0.4437652599799164,1.3252658111717632
95.0,176.0,129.9337921142578,-0.0395527923865338,2.682207337337914,-4.116956616997189,-3.67919276179067,-1.926459268756041,1.3386445716371116,-0.097083657097563,3.9701985901640247,-0.4437650359842476,1.3252658111717417
95.0,176.0,129.9337921142578,-0.0395527923865338,2.682207337337914,-4.116956616997189,-3.67919276179067,-1.9264592733077108,1.3386445716371116,-0.0970836570972529,3.9701985901345416,-0.4437652599799164,1.3252658111717632
95.0,176.0,129.9337921142578,-0.0395527923865338,2.68221452041916,-4.116956616997189,-3.67919276179067,-1.9264592733077108,1.3386445716371116,-0.0970836570972582,3.9701985901345416,-0.4437652452684534,1.3252658111717632
95.0,176.0,129.9337921142578,-0.0395527923865338,2.682207337337914,-4.116956616997189,-3.679192761945057,-1.926459428825192,1.3386445716371116,-0.0970836571029544,3.9701985901640247,-0.4437652573906374,1.3252658111717417
95.0,176.0,129.9337921142578,-0.039552765097873,2.6822147807482146,-4.116956616943593,-3.6791927590623,-1.9264585677232489,1.338644350745812,-0.0970836570970289,3.970198907068734,-0.4437650184857671,1.3252658110485644
95.0,176.0,129.9337921142578,-0.0395527923865338,2.682207337337914,-4.116956616997189,-3.67919276179067,-1.9264592483278469,1.3386445621675074,-0.0970836571096737,3.9701985901345416,-0.4437652599799164,1.3252658111717632
95.0,176.0,129.9337921142578,-0.0395527923865338,2.682214735776133,-4.116956616997189,-3.6791927619446256,-1.9264592483278469,1.3386445621675074,-0.0970836571096737,3.970198590465983,-0.4437652599799164,1.32526581083684
95.0,176.0,129.9337921142578,-0.0395527923865338,2.682215128864368,-4.116956616997189,-3.67919276179067,-1.9264592733077108,1.3386445716371116,-0.097083657097731,3.9701985901345416,-0.4437652452684534,1.3252658111717632
95.0,176.0,129.9337921142578,-0.0395527637453188,2.6822147807482146,-4.116956616942842,-3.6791927590623,-1.9264593171001247,1.338644350745812,-0.0970836570970289,3.970198907068734,-0.4437650184857671,1.325265811048413
95.0,176.0,129.9337921142578,-0.0395527923865338,2.68221433245604,-4.116956616997189,-3.6791927619446256,-1.9264592483278469,1.3386445621675074,-0.0970836571096737,3.970198590465983,-0.4437652599799164,1.32526581083684
95.0,176.0,129.9337921142578,-0.0395527923865338,2.682214985993973,-4.116956616997189,-3.679192761794661,-1.9264585623783683,1.3386445716371116,-0.0970836570972039,3.9701985901345416,-0.4437650310082421,1.3252658111717632
95.0,176.0,129.9337921142578,-0.0395527637453188,2.682214776974029,-4.116956616944043,-3.679192759104138,-1.9264593171001247,1.338644350745812,-0.0970836570964262,3.970198907068734,-0.4437650184857671,1.325265811048413
95.0,176.0,129.9337921142578,-0.0395527923865338,2.68221452041916,-4.116956616997189,-3.67919276179067,-1.926459253810734,1.3386445716371116,-0.0970836570972816,3.970198590302719,-0.4437652452684534,1.3252658111717632
95.0,176.0,129.9337921142578,-0.0395527670988681,2.68221540195207,-4.116956616943593,-3.6791927590623,-1.9264585768511264,1.338644350745812,-0.0970836570969444,3.970198907068734,-0.4437650185456404,1.3252658111835938
95.0,176.0,129.9337921142578,-0.0395527923865338,2.682207337337914,-4.116956616997189,-3.67919276179067,-1.926459248396725,1.3386445621675074,-0.097083657097662,3.970198590164332,-0.4437650356579201,1.3252658111717608
95.0,176.0,129.9337921142578,-0.0395527923865338,2.682207337337914,-4.116956616997189,-3.679192761945057,-1.926459428825192,1.3386445716371116,-0.0970836571029544,3.9701985901640247,-0.4437652573906374,1.3252658111717417
95.0,176.0,129.9337921142578,-0.0395527922434035,2.682215128864368,-4.116956616997189,-3.67919276179067,-1.926459422628253,1.3386445716371116,-0.097083657097731,3.9701985901345416,-0.4437652520757447,1.3252658111717632
95.0,176.0,129.9337921142578,-0.0395527650526893,2.682214747220541,-4.116956617001223,-3.679192759213676,-1.9264585677232489,1.338644345536962,-0.0970836570972034,3.970198911760479,-0.4437650184857671,1.32526581117404
95.0,176.0,129.9337921142578,-0.0395527637453188,2.682214760524044,-4.116956616996145,-3.6791927618002633,-1.9264593171001247,1.3386443463410038,-0.0970836570964262,3.970198907068734,-0.4437650184857671,1.3252658110451467
95.0,176.0,129.9337921142578,-0.0395527923865338,2.68221452041916,-4.116956616997189,-3.67919276179067,-1.926459248855838,1.33864456301207,-0.0970836570972816,3.970198590302719,-0.4437652452684534,1.3252658111717632
95.0,176.0,129.9337921142578,-0.0395527922438372,2.682207337337914,-4.116956616997189,-3.6791927617928577,-1.926459428825192,1.3386445716371116,-0.0970836571029544,3.970198590134975,-0.4437652572880536,1.3252658111717417
95.0,176.0,129.9337921142578,-0.0395527923865338,2.682214514850477,-4.116956616997189,-3.67919276179067,-1.9264592530277769,1.3386445716371116,-0.0970836570977628,3.970198590303222,-0.4437652452684534,1.3252658111717632
95.0,176.0,129.9337921142578,-0.0395527923865338,2.6822145426174964,-4.11695661699544,-3.6791927619446256,-1.9264592432211944,1.3386445621675074,-0.0970836571112464,3.970198590465983,-0.4437652287314224,1.3252658122871386
95.0,176.0,129.9337921142578,-0.0395527922434035,2.6822151453143537,-4.116956616945087,-3.679192759094545,-1.926459422628253,1.33864457604192,-0.097083657097731,3.9701985901345416,-0.4437652520757447,1.3252658111750295
95.0,176.0,129.9337921142578,-0.0395527926818528,2.6822141450158616,-4.116956616997189,-3.6791927619110014,-1.926459462361173,1.3386445716371116,-0.097083657097731,3.970198594372941,-0.4437652452684534,1.3252658035760574
95.0,176.0,129.9337921142578,-0.0395527684229338,2.682215394162551,-4.116956616944052,-3.679192758948843,-1.9264585127121787,1.3386445591961231,-0.0970836571096737,3.970198881147804,-0.4437650161958539,1.3252658111834696
95.0,176.0,129.9337921142578,-0.0395527923861002,2.682215128864368,-4.116956616997189,-3.679192761942869,-1.926459422628253,1.3386445716371116,-0.097083657097731,3.970198590163592,-0.4437652521783284,1.3252658111717632
95.0,176.0,129.9337921142578,-0.0395527923865338,2.682207337337914,-4.116956616997189,-3.679192761788266,-1.926459246731097,1.3386445716371116,-0.0970836571029838,3.9701985901640247,-0.4437652573824729,1.3252658111717417
95.0,176.0,129.9337921142578,-0.0395527923865338,2.682214328329537,-4.116956616997189,-3.6791927619446256,-1.9264592551960484,1.3386445622440697,-0.0970836571083805,3.970198594189632,-0.4437652599799164,1.32526581083684
95.0,176.0,129.9337921142578,-0.0395527923865338,2.682207337337914,-4.116956616997189,-3.679192761790635,-1.9264592733077108,1.3386445716371116,-0.0970836570972529,3.970198590134973,-0.4437652599799164,1.325265811171763
95.0,176.0,129.9337921142578,-0.0395527637453188,2.682214776974029,-4.116956616944043,-3.679192759104138,-1.9264593099796443,1.338644350745812,-0.0970836571029996,3.9701989025214575,-0.4437650184857671,1.325265811048413
95.0,176.0,129.9337921142578,-0.0395527923865338,2.6822070051484697,-4.116956616997189,-3.679192761945057,-1.926459428825192,1.3386445620383312,-0.0970836571029544,3.9701985901640247,-0.4437652600471806,1.325265810830652
95.0,176.0,129.9337921142578,-0.0395527650526893,2.682214747220541,-4.116956617001223,-3.679192759213676,-1.9264585677232489,1.338644345536962,-0.0970836570972034,3.970198911760479,-0.4437650184857671,1.32526581117404
95.0,176.0,129.9337921142578,-0.0395527923865338,2.682214514850477,-4.116956616997189,-3.67919276179067,-1.926459274191057,1.3386445716371116,-0.0970836570977628,3.970198590303222,-0.4437652452684534,1.3252658111717632
95.0,176.0,129.9337921142578,-0.0395527923865338,2.6822145426174964,-4.11695661699544,-3.679192761792062,-1.9264592432211944,1.3386445717602091,-0.0970836571114199,3.970198590459486,-0.4437652287314224,1.3252658122871386
95.0,176.0,129.9337921142578,-0.0395527923865338,2.682214167975379,-4.116956616997189,-3.67919276179067,-1.9264594624459968,1.338644564105287,-0.0970836570972816,3.970198590302719,-0.4437652452684534,1.3252658111717632
95.0,176.0,129.9337921142578,-0.0395527925015443,2.6822147807482146,-4.116956616993267,-3.6791927590623,-1.9264593171001247,1.338644350745812,-0.0970836570971462,3.970198907068734,-0.4437650286913555,1.325265811048413
95.0,176.0,129.9337921142578,-0.0395527923836351,2.682214985993973,-4.116956616997189,-3.67919276179061,-1.9264585623783683,1.3386445716371116,-0.0970836570972039,3.9701985901345416,-0.4437652504102968,1.3252658111717632
95.0,176.0,129.9337921142578,-0.0395527622020321,2.68221452041916,-4.116956616997189,-3.6791927591671048,-1.926459253810734,1.3386445716371116,-0.0970836570972816,3.970198590302719,-0.4437652452684534,1.325265811171494
95.0,176.0,129.9337921142578,-0.0395527923865339,2.682215128864368,-4.116956616997189,-3.6791927619429248,-1.9264594229805967,1.3386445716371116,-0.097083657102864,3.970198690100757,-0.4437652521783284,1.3252658111717632
95.0,176.0,129.9337921142578,-0.0395527670988681,2.68221540195207,-4.116956616995929,-3.6791927590623,-1.9264585768511264,1.338644350745812,-0.0970836570969444,3.970198569970272,-0.4437650185456404,1.3252658111700937
95.0,176.0,129.9337921142578,-0.0395527926818528,2.682214149142365,-4.116956616997189,-3.6791927619110014,-1.926459455492971,1.3386445715605495,-0.0970836570990242,3.970198590649293,-0.4437652452684534,1.3252658035760574
95.0,176.0,129.9337921142578,-0.0395527922438372,2.682207337337914,-4.116956616997189,-3.679192761792893,-1.926459428825192,1.3386445716371116,-0.0970836571029544,3.970198590134543,-0.4437652572880536,1.3252658111717417
95.0,176.0,129.9337921142578,-0.0395527923865338,2.682215067965577,-4.116956616997189,-3.6791927619446256,-1.9264592483278469,1.3386445717662878,-0.0970836571096737,3.970198590465983,-0.4437652573233733,1.3252658111779294
95.0,176.0,129.9337921142578,-0.0395527922434035,2.6822151453143537,-4.11695661694511,-3.679192759094545,-1.926459422628253,1.338644566557658,-0.097083657097731,3.9701985901345416,-0.4437652520757447,1.3252658111750295
95.0,176.0,129.9337921142578,-0.0395527923865338,2.682214985993973,-4.116956616997189,-3.679192761790632,-1.926458560182288,1.3386445716371116,-0.0970836570972039,3.9701985901345416,-0.4437650374822972,1.3252658111717632
95.0,176.0,129.9337921142578,-0.0395527923865338,2.682207337337914,-4.116956616997189,-3.679192761786835,-1.926458577824216,1.3386445399871951,-0.0970836570972005,3.970198691757501,-0.4437650342033214,1.3252658022314296
95.0,177.0,129.90249633789062,-0.0395527636303083,2.68221433245604,-4.116956616946764,-3.6791927619446256,-1.9264592483278469,1.3386445621675074,-0.0970836571095564,3.963716624824632,-0.443765249774328,1.32526581083684
95.0,177.0,129.9027099609375,-0.0395527636303083,2.68221433245604,-4.116956616946764,-3.679192758998447,-1.9264592483278469,1.3386445620811425,-0.0970836571096701,3.9635968087349793,-0.4437652500269343,1.32526581083684
95.0,177.0,129.9027557373047,-0.0395527670988681,2.68221540195207,-4.116956616943593,-3.6791927590623,-1.9264585768511264,1.338644350745812,-0.0970836570969444,3.9635722367648696,-0.4437650073705104,1.325265811159026
95.0,177.0,129.90330505371094,-0.0395527923865338,2.682214341099777,-4.116956616997189,-3.679192761942962,-1.9264592488467265,1.33864456301207,-0.0970836571101638,3.9633504586418247,-0.4437652452684534,1.3252658108353634
95.0,177.0,129.9335174560547,-0.0395527923865338,2.682207176893655,-4.11672211900333,-3.67919276179067,-1.9264592483278469,1.3386445621675074,-0.0970836571097886,3.9701985901345416,-0.4437652599799164,1.3252658111717632
95.0,177.0,129.9337921142578,-0.0395527923865338,2.682207337337914,-4.116956616997189,-3.67919276179067,-1.926459268756041,1.3386445716371116,-0.097083657097563,3.9701985901640247,-0.4437650359842476,1.3252658111717417
95.0,177.0,129.9337921142578,-0.0395527923865338,2.682207337337914,-4.116956616997189,-3.67919276179067,-1.9264592733077108,1.3386445716371116,-0.0970836570972529,3.9701985901345416,-0.4437652599799164,1.3252658111717632
95.0,177.0,129.9337921142578,-0.0395527923865338,2.68221452041916,-4.116956616997189,-3.67919276179067,-1.9264592733077108,1.3386445716371116,-0.0970836570972582,3.9701985901345416,-0.4437652452684534,1.3252658111717632
95.0,177.0,129.9337921142578,-0.0395527923865338,2.682207337337914,-4.116956616997189,-3.679192761945057,-1.926459428825192,1.3386445716371116,-0.0970836571029544,3.9701985901640247,-0.4437652573906374,1.3252658111717417
95.0,177.0,129.9337921142578,-0.039552765097873,2.6822147807482146,-4.116956616943593,-3.6791927590623,-1.9264585677232489,1.338644350745812,-0.0970836570970289,3.970198907068734,-0.4437650184857671,1.3252658110485644
95.0,177.0,129.9337921142578,-0.0395527923865338,2.682207337337914,-4.116956616997189,-3.67919276179067,-1.9264592483278469,1.3386445621675074,-0.0970836571096737,3.9701985901345416,-0.4437652599799164,1.3252658111717632
95.0,177.0,129.9337921142578,-0.0395527923865338,2.682214735776133,-4.116956616997189,-3.6791927619446256,-1.9264592483278469,1.3386445621675074,-0.0970836571096737,3.970198590465983,-0.4437652599799164,1.32526581083684
95.0,177.0,129.9337921142578,-0.0395527923865338,2.682215128864368,-4.116956616997189,-3.67919276179067,-1.9264592733077108,1.3386445716371116,-0.097083657097731,3.9701985901345416,-0.4437652452684534,1.3252658111717632
95.0,177.0,129.9337921142578,-0.0395527637453188,2.6822147807482146,-4.116956616942842,-3.6791927590623,-1.9264593171001247,1.338644350745812,-0.0970836570970289,3.970198907068734,-0.4437650184857671,1.325265811048413
95.0,177.0,129.9337921142578,-0.0395527923865338,2.68221433245604,-4.116956616997189,-3.6791927619446256,-1.9264592483278469,1.3386445621675074,-0.0970836571096737,3.970198590465983,-0.4437652599799164,1.32526581083684
95.0,177.0,129.9337921142578,-0.0395527923865338,2.682214985993973,-4.116956616997189,-3.679192761794661,-1.9264585623783683,1.3386445716371116,-0.0970836570972039,3.9701985901345416,-0.4437650310082421,1.3252658111717632
95.0,177.0,129.9337921142578,-0.0395527637453188,2.682214776974029,-4.116956616944043,-3.679192759104138,-1.9264593171001247,1.338644350745812,-0.0970836570964262,3.970198907068734,-0.4437650184857671,1.325265811048413
95.0,177.0,129.9337921142578,-0.0395527923865338,2.68221452041916,-4.116956616997189,-3.67919276179067,-1.926459253810734,1.3386445716371116,-0.0970836570972816,3.970198590302719,-0.4437652452684534,1.3252658111717632
95.0,177.0,129.9337921142578,-0.0395527670988681,2.68221540195207,-4.116956616943593,-3.6791927590623,-1.9264585768511264,1.338644350745812,-0.0970836570969444,3.970198907068734,-0.4437650185456404,1.3252658111835938
95.0,177.0,129.9337921142578,-0.0395527923865338,2.682207337337914,-4.116956616997189,-3.67919276179067,-1.926459248396725,1.3386445621675074,-0.097083657097662,3.970198590164332,-0.4437650356579201,1.3252658111717608
95.0,177.0,129.9337921142578,-0.0395527923865338,2.682207337337914,-4.116956616997189,-3.679192761945057,-1.926459428825192,1.3386445716371116,-0.0970836571029544,3.9701985901640247,-0.4437652573906374,1.3252658111717417
95.0,177.0,129.9337921142578,-0.0395527922434035,2.682215128864368,-4.116956616997189,-3.67919276179067,-1.926459422628253,1.3386445716371116,-0.097083657097731,3.9701985901345416,-0.4437652520757447,1.3252658111717632
95.0,177.0,129.9337921142578,-0.0395527650526893,2.682214747220541,-4.116956617001223,-3.679192759213676,-1.9264585677232489,1.338644345536962,-0.0970836570972034,3.970198911760479,-0.4437650184857671,1.32526581117404
95.0,177.0,129.9337921142578,-0.0395527637453188,2.682214760524044,-4.116956616996145,-3.6791927618002633,-1.9264593171001247,1.3386443463410038,-0.0970836570964262,3.970198907068734,-0.4437650184857671,1.3252658110451467
95.0,177.0,129.9337921142578,-0.0395527923865338,2.68221452041916,-4.116956616997189,-3.67919276179067,-1.926459248855838,1.33864456301207,-0.0970836570972816,3.970198590302719,-0.4437652452684534,1.3252658111717632
95.0,177.0,129.9337921142578,-0.0395527922438372,2.682207337337914,-4.116956616997189,-3.6791927617928577,-1.926459428825192,1.3386445716371116,-0.0970836571029544,3.970198590134975,-0.4437652572880536,1.3252658111717417
95.0,177.0,129.9337921142578,-0.0395527923865338,2.682214514850477,-4.116956616997189,-3.67919276179067,-1.9264592530277769,1.3386445716371116,-0.0970836570977628,3.970198590303222,-0.4437652452684534,1.3252658111717632
95.0,177.0,129.9337921142578,-0.0395527923865338,2.6822145426174964,-4.11695661699544,-3.6791927619446256,-1.9264592432211944,1.3386445621675074,-0.0970836571112464,3.970198590465983,-0.4437652287314224,1.3252658122871386
95.0,177.0,129.9337921142578,-0.0395527922434035,2.6822151453143537,-4.116956616945087,-3.679192759094545,-1.926459422628253,1.33864457604192,-0.097083657097731,3.9701985901345416,-0.4437652520757447,1.3252658111750295
95.0,177.0,129.9337921142578,-0.0395527926818528,2.6822141450158616,-4.116956616997189,-3.6791927619110014,-1.926459462361173,1.3386445716371116,-0.097083657097731,3.970198594372941,-0.4437652452684534,1.3252658035760574
95.0,177.0,129.9337921142578,-0.0395527684229338,2.682215394162551,-4.116956616944052,-3.679192758948843,-1.9264585127121787,1.3386445591961231,-0.0970836571096737,3.970198881147804,-0.4437650161958539,1.3252658111834696
95.0,177.0,129.9337921142578,-0.0395527923861002,2.682215128864368,-4.116956616997189,-3.679192761942869,-1.926459422628253,1.3386445716371116,-0.097083657097731,3.970198590163592,-0.4437652521783284,1.3252658111717632
95.0,177.0,129.9337921142578,-0.0395527923865338,2.682207337337914,-4.116956616997189,-3.679192761788266,-1.926459246731097,1.3386445716371116,-0.0970836571029838,3.9701985901640247,-0.4437652573824729,1.3252658111717417
95.0,177.0,129.9337921142578,-0.0395527923865338,2.682214328329537,-4.116956616997189,-3.6791927619446256,-1.9264592551960484,1.3386445622440697,-0.0970836571083805,3.970198594189632,-0.4437652599799164,1.32526581083684
95.0,177.0,129.9337921142578,-0.0395527923865338,2.682207337337914,-4.116956616997189,-3.679192761790635,-1.9264592733077108,1.3386445716371116,-0.0970836570972529,3.970198590134973,-0.4437652599799164,1.325265811171763
95.0,177.0,129.9337921142578,-0.0395527637453188,2.682214776974029,-4.116956616944043,-3.679192759104138,-1.9264593099796443,1.338644350745812,-0.0970836571029996,3.9701989025214575,-0.4437650184857671,1.325265811048413
95.0,177.0,129.9337921142578,-0.0395527923865338,2.6822070051484697,-4.116956616997189,-3.679192761945057,-1.926459428825192,1.3386445620383312,-0.0970836571029544,3.9701985901640247,-0.4437652600471806,1.325265810830652
95.0,177.0,129.9337921142578,-0.0395527650526893,2.682214747220541,-4.116956617001223,-3.679192759213676,-1.9264585677232489,1.338644345536962,-0.0970836570972034,3.970198911760479,-0.4437650184857671,1.32526581117404
95.0,177.0,129.9337921142578,-0.0395527923865338,2.682214514850477,-4.116956616997189,-3.67919276179067,-1.926459274191057,1.3386445716371116,-0.0970836570977628,3.970198590303222,-0.4437652452684534,1.3252658111717632
95.0,177.0,129.9337921142578,-0.0395527923865338,2.6822145426174964,-4.11695661699544,-3.679192761792062,-1.9264592432211944,1.3386445717602091,-0.0970836571114199,3.970198590459486,-0.4437652287314224,1.3252658122871386
95.0,177.0,129.9337921142578,-0.0395527923865338,2.682214167975379,-4.116956616997189,-3.67919276179067,-1.9264594624459968,1.338644564105287,-0.0970836570972816,3.970198590302719,-0.4437652452684534,1.3252658111717632
95.0,177.0,129.9337921142578,-0.0395527925015443,2.6822147807482146,-4.116956616993267,-3.6791927590623,-1.9264593171001247,1.338644350745812,-0.0970836570971462,3.970198907068734,-0.4437650286913555,1.325265811048413
95.0,177.0,129.9337921142578,-0.0395527923836351,2.682214985993973,-4.116956616997189,-3.67919276179061,-1.9264585623783683,1.3386445716371116,-0.0970836570972039,3.9701985901345416,-0.4437652504102968,1.3252658111717632
95.0,177.0,129.9337921142578,-0.0395527622020321,2.68221452041916,-4.116956616997189,-3.6791927591671048,-1.926459253810734,1.3386445716371116,-0.0970836570972816,3.970198590302719,-0.4437652452684534,1.325265811171494
95.0,177.0,129.9337921142578,-0.0395527923865339,2.682215128864368,-4.116956616997189,-3.6791927619429248,-1.9264594229805967,1.3386445716371116,-0.097083657102864,3.970198690100757,-0.4437652521783284,1.3252658111717632
95.0,177.0,129.9337921142578,-0.0395527670988681,2.68221540195207,-4.116956616995929,-3.6791927590623,-1.9264585768511264,1.338644350745812,-0.0970836570969444,3.970198569970272,-0.4437650185456404,1.3252658111700937
95.0,177.0,129.9337921142578,-0.0395527926818528,2.682214149142365,-4.116956616997189,-3.6791927619110014,-1.926459455492971,1.3386445715605495,-0.0970836570990242,3.970198590649293,-0.4437652452684534,1.3252658035760574
95.0,177.0,129.9337921142578,-0.0395527922438372,2.682207337337914,-4.116956616997189,-3.679192761792893,-1.926459428825192,1.3386445716371116,-0.0970836571029544,3.970198590134543,-0.4437652572880536,1.3252658111717417
95.0,177.0,129.9337921142578,-0.0395527923865338,2.682215067965577,-4.116956616997189,-3.6791927619446256,-1.9264592483278469,1.3386445717662878,-0.0970836571096737,3.970198590465983,-0.4437652573233733,1.3252658111779294
95.0,177.0,129.9337921142578,-0.0395527922434035,2.6822151453143537,-4.11695661694511,-3.679192759094545,-1.926459422628253,1.338644566557658,-0.097083657097731,3.9701985901345416,-0.4437652520757447,1.3252658111750295
95.0,178.0,129.90249633789062,-0.0395527636303083,2.68221433245604,-4.116956616946764,-3.6791927619446256,-1.9264592483278469,1.3386445621675074,-0.0970836571095564,3.963716624824632,-0.443765249774328,1.32526581083684
95.0,178.0,129.90249633789062,-0.0395527642783777,2.68221433245604,-4.116956616946764,-3.6791927619446256,-1.926459249505193,1.3386445621675074,-0.0970836571095564,3.963716624824632,-0.443765249774328,1.325265810836837
95.0,178.0,129.9027099609375,-0.0395527636303083,2.68221433245604,-4.116956616946764,-3.679192758998447,-1.9264592483278469,1.3386445620811425,-0.0970836571096701,3.9635968087349793,-0.4437652500269343,1.32526581083684
95.0,178.0,129.9027557373047,-0.0395527670988681,2.68221540195207,-4.116956616943593,-3.6791927590623,-1.9264585768511264,1.338644350745812,-0.0970836570969444,3.9635722367648696,-0.4437650073705104,1.325265811159026
95.0,178.0,129.90330505371094,-0.0395527923865338,2.682214341099777,-4.116956616997189,-3.679192761942962,-1.9264592488467265,1.33864456301207,-0.0970836571101638,3.9633504586418247,-0.4437652452684534,1.3252658108353634
95.0,178.0,129.90330505371094,-0.0395527923865338,2.682214330857299,-4.116956616997074,-3.67919275880124,-1.9264592488467265,1.338644562091121,-0.0970836571101638,3.9633504586418247,-0.4437652499904224,1.3252658108352715
95.0,178.0,129.9335174560547,-0.0395527923865338,2.682207176893655,-4.11672211900333,-3.67919276179067,-1.9264592483278469,1.3386445621675074,-0.0970836571097886,3.9701985901345416,-0.4437652599799164,1.3252658111717632
95.0,178.0,129.9337921142578,-0.0395527923865338,2.682207337337914,-4.116956616997189,-3.67919276179067,-1.926459268756041,1.3386445716371116,-0.097083657097563,3.9701985901640247,-0.4437650359842476,1.3252658111717417
95.0,178.0,129.9337921142578,-0.0395527923865338,2.682207337337914,-4.116956616997189,-3.67919276179067,-1.9264592733077108,1.3386445716371116,-0.0970836570972529,3.9701985901345416,-0.4437652599799164,1.3252658111717632
95.0,178.0,129.9337921142578,-0.0395527923865338,2.68221452041916,-4.116956616997189,-3.67919276179067,-1.9264592733077108,1.3386445716371116,-0.0970836570972582,3.9701985901345416,-0.4437652452684534,1.3252658111717632
95.0,178.0,129.9337921142578,-0.0395527923865338,2.682207337337914,-4.116956616997189,-3.679192761945057,-1.926459428825192,1.3386445716371116,-0.0970836571029544,3.9701985901640247,-0.4437652573906374,1.3252658111717417
95.0,178.0,129.9337921142578,-0.039552765097873,2.6822147807482146,-4.116956616943593,-3.6791927590623,-1.9264585677232489,1.338644350745812,-0.0970836570970289,3.970198907068734,-0.4437650184857671,1.3252658110485644
95.0,178.0,129.9337921142578,-0.0395527923865338,2.682207337337914,-4.116956616997189,-3.67919276179067,-1.9264592483278469,1.3386445621675074,-0.0970836571096737,3.9701985901345416,-0.4437652599799164,1.3252658111717632
95.0,178.0,129.9337921142578,-0.0395527923865338,2.682214735776133,-4.116956616997189,-3.6791927619446256,-1.9264592483278469,1.3386445621675074,-0.0970836571096737,3.970198590465983,-0.4437652599799164,1.32526581083684
95.0,178.0,129.9337921142578,-0.0395527923865338,2.682215128864368,-4.116956616997189,-3.67919276179067,-1.9264592733077108,1.3386445716371116,-0.097083657097731,3.9701985901345416,-0.4437652452684534,1.3252658111717632
95.0,178.0,129.9337921142578,-0.0395527637453188,2.6822147807482146,-4.116956616942842,-3.6791927590623,-1.9264593171001247,1.338644350745812,-0.0970836570970289,3.970198907068734,-0.4437650184857671,1.325265811048413
95.0,178.0,129.9337921142578,-0.0395527923865338,2.68221433245604,-4.116956616997189,-3.6791927619446256,-1.9264592483278469,1.3386445621675074,-0.0970836571096737,3.970198590465983,-0.4437652599799164,1.32526581083684
95.0,178.0,129.9337921142578,-0.0395527923865338,2.682214985993973,-4.116956616997189,-3.679192761794661,-1.9264585623783683,1.3386445716371116,-0.0970836570972039,3.9701985901345416,-0.4437650310082421,1.3252658111717632
95.0,178.0,129.9337921142578,-0.0395527637453188,2.682214776974029,-4.116956616944043,-3.679192759104138,-1.9264593171001247,1.338644350745812,-0.0970836570964262,3.970198907068734,-0.4437650184857671,1.325265811048413
95.0,178.0,129.9337921142578,-0.0395527923865338,2.68221452041916,-4.116956616997189,-3.67919276179067,-1.926459253810734,1.3386445716371116,-0.0970836570972816,3.970198590302719,-0.4437652452684534,1.3252658111717632
95.0,178.0,129.9337921142578,-0.0395527670988681,2.68221540195207,-4.116956616943593,-3.6791927590623,-1.9264585768511264,1.338644350745812,-0.0970836570969444,3.970198907068734,-0.4437650185456404,1.3252658111835938
95.0,178.0,129.9337921142578,-0.0395527923865338,2.682207337337914,-4.116956616997189,-3.67919276179067,-1.926459248396725,1.3386445621675074,-0.097083657097662,3.970198590164332,-0.4437650356579201,1.3252658111717608
95.0,178.0,129.9337921142578,-0.0395527923865338,2.682207337337914,-4.116956616997189,-3.679192761945057,-1.926459428825192,1.3386445716371116,-0.0970836571029544,3.9701985901640247,-0.4437652573906374,1.3252658111717417
95.0,178.0,129.9337921142578,-0.0395527922434035,2.682215128864368,-4.116956616997189,-3.67919276179067,-1.926459422628253,1.3386445716371116,-0.097083657097731,3.9701985901345416,-0.4437652520757447,1.3252658111717632
95.0,178.0,129.9337921142578,-0.0395527650526893,2.682214747220541,-4.116956617001223,-3.679192759213676,-1.9264585677232489,1.338644345536962,-0.0970836570972034,3.970198911760479,-0.4437650184857671,1.32526581117404
95.0,178.0,129.9337921142578,-0.0395527637453188,2.682214760524044,-4.116956616996145,-3.6791927618002633,-1.9264593171001247,1.3386443463410038,-0.0970836570964262,3.970198907068734,-0.4437650184857671,1.3252658110451467
95.0,178.0,129.9337921142578,-0.0395527923865338,2.68221452041916,-4.116956616997189,-3.67919276179067,-1.926459248855838,1.33864456301207,-0.0970836570972816,3.970198590302719,-0.4437652452684534,1.3252658111717632
95.0,178.0,129.9337921142578,-0.0395527922438372,2.682207337337914,-4.116956616997189,-3.6791927617928577,-1.926459428825192,1.3386445716371116,-0.0970836571029544,3.970198590134975,-0.4437652572880536,1.3252658111717417
95.0,178.0,129.9337921142578,-0.0395527923865338,2.682214514850477,-4.116956616997189,-3.67919276179067,-1.9264592530277769,1.3386445716371116,-0.0970836570977628,3.970198590303222,-0.4437652452684534,1.3252658111717632
95.0,178.0,129.9337921142578,-0.0395527923865338,2.6822145426174964,-4.11695661699544,-3.6791927619446256,-1.9264592432211944,1.3386445621675074,-0.0970836571112464,3.970198590465983,-0.4437652287314224,1.3252658122871386
95.0,178.0,129.9337921142578,-0.0395527922434035,2.6822151453143537,-4.116956616945087,-3.679192759094545,-1.926459422628253,1.33864457604192,-0.097083657097731,3.9701985901345416,-0.4437652520757447,1.3252658111750295
95.0,178.0,129.9337921142578,-0.0395527926818528,2.6822141450158616,-4.116956616997189,-3.6791927619110014,-1.926459462361173,1.3386445716371116,-0.097083657097731,3.970198594372941,-0.4437652452684534,1.3252658035760574
95.0,178.0,129.9337921142578,-0.0395527684229338,2.682215394162551,-4.116956616944052,-3.679192758948843,-1.9264585127121787,1.3386445591961231,-0.0970836571096737,3.970198881147804,-0.4437650161958539,1.3252658111834696
95.0,178.0,129.9337921142578,-0.0395527923861002,2.682215128864368,-4.116956616997189,-3.679192761942869,-1.926459422628253,1.3386445716371116,-0.097083657097731,3.970198590163592,-0.4437652521783284,1.3252658111717632
95.0,178.0,129.9337921142578,-0.0395527923865338,2.682207337337914,-4.116956616997189,-3.679192761788266,-1.926459246731097,1.3386445716371116,-0.0970836571029838,3.9701985901640247,-0.4437652573824729,1.3252658111717417
95.0,178.0,129.9337921142578,-0.0395527923865338,2.682214328329537,-4.116956616997189,-3.6791927619446256,-1.9264592551960484,1.3386445622440697,-0.0970836571083805,3.970198594189632,-0.4437652599799164,1.32526581083684
95.0,178.0,129.9337921142578,-0.0395527923865338,2.682207337337914,-4.116956616997189,-3.679192761790635,-1.9264592733077108,1.3386445716371116,-0.0970836570972529,3.970198590134973,-0.4437652599799164,1.325265811171763
95.0,178.0,129.9337921142578,-0.0395527637453188,2.682214776974029,-4.116956616944043,-3.679192759104138,-1.9264593099796443,1.338644350745812,-0.0970836571029996,3.9701989025214575,-0.4437650184857671,1.325265811048413
95.0,178.0,129.9337921142578,-0.0395527923865338,2.6822070051484697,-4.116956616997189,-3.679192761945057,-1.926459428825192,1.3386445620383312,-0.0970836571029544,3.9701985901640247,-0.4437652600471806,1.325265810830652
95.0,178.0,129.9337921142578,-0.0395527650526893,2.682214747220541,-4.116956617001223,-3.679192759213676,-1.9264585677232489,1.338644345536962,-0.0970836570972034,3.970198911760479,-0.4437650184857671,1.32526581117404
95.0,178.0,129.9337921142578,-0.0395527923865338,2.682214514850477,-4.116956616997189,-3.67919276179067,-1.926459274191057,1.3386445716371116,-0.0970836570977628,3.970198590303222,-0.4437652452684534,1.3252658111717632
95.0,178.0,129.9337921142578,-0.0395527923865338,2.6822145426174964,-4.11695661699544,-3.679192761792062,-1.9264592432211944,1.3386445717602091,-0.0970836571114199,3.970198590459486,-0.4437652287314224,1.3252658122871386
95.0,178.0,129.9337921142578,-0.0395527923865338,2.682214167975379,-4.116956616997189,-3.67919276179067,-1.9264594624459968,1.338644564105287,-0.0970836570972816,3.970198590302719,-0.4437652452684534,1.3252658111717632
95.0,178.0,129.9337921142578,-0.0395527925015443,2.6822147807482146,-4.116956616993267,-3.6791927590623,-1.9264593171001247,1.338644350745812,-0.0970836570971462,3.970198907068734,-0.4437650286913555,1.325265811048413
95.0,178.0,129.9337921142578,-0.0395527923836351,2.682214985993973,-4.116956616997189,-3.67919276179061,-1.9264585623783683,1.3386445716371116,-0.0970836570972039,3.9701985901345416,-0.4437652504102968,1.3252658111717632
95.0,178.0,129.9337921142578,-0.0395527622020321,2.68221452041916,-4.116956616997189,-3.6791927591671048,-1.926459253810734,1.3386445716371116,-0.0970836570972816,3.970198590302719,-0.4437652452684534,1.325265811171494
95.0,178.0,129.9337921142578,-0.0395527923865339,2.682215128864368,-4.116956616997189,-3.6791927619429248,-1.9264594229805967,1.3386445716371116,-0.097083657102864,3.970198690100757,-0.4437652521783284,1.3252658111717632
95.0,178.0,129.9337921142578,-0.0395527670988681,2.68221540195207,-4.116956616995929,-3.6791927590623,-1.9264585768511264,1.338644350745812,-0.0970836570969444,3.970198569970272,-0.4437650185456404,1.3252658111700937
95.0,178.0,129.9337921142578,-0.0395527926818528,2.682214149142365,-4.116956616997189,-3.6791927619110014,-1.926459455492971,1.3386445715605495,-0.0970836570990242,3.970198590649293,-0.4437652452684534,1.3252658035760574
95.0,178.0,129.9337921142578,-0.0395527922438372,2.682207337337914,-4.116956616997189,-3.679192761792893,-1.926459428825192,1.3386445716371116,-0.0970836571029544,3.970198590134543,-0.4437652572880536,1.3252658111717417
95.0,179.0,129.90249633789062,-0.0395527636303083,2.68221433245604,-4.116956616946764,-3.6791927619446256,-1.9264592483278469,1.3386445621675074,-0.0970836571095564,3.963716624824632,-0.443765249774328,1.32526581083684
95.0,179.0,129.90249633789062,-0.0395527642783777,2.68221433245604,-4.116956616946764,-3.6791927619446256,-1.926459249505193,1.3386445621675074,-0.0970836571095564,3.963716624824632,-0.443765249774328,1.325265810836837
95.0,179.0,129.90257263183594,-0.0395527636310405,2.68221433245604,-4.116956616942774,-3.679192761934488,-1.9264592483278469,1.3386443473857208,-0.0970836570970546,3.9636743866476256,-0.443765249774328,1.32526581083684
95.0,179.0,129.9027099609375,-0.0395527636303083,2.68221433245604,-4.116956616946764,-3.679192758998447,-1.9264592483278469,1.3386445620811425,-0.0970836571096701,3.9635968087349793,-0.4437652500269343,1.32526581083684
95.0,179.0,129.9027557373047,-0.0395527670988681,2.68221540195207,-4.116956616943593,-3.6791927590623,-1.9264585768511264,1.338644350745812,-0.0970836570969444,3.9635722367648696,-0.4437650073705104,1.325265811159026
95.0,179.0,129.90330505371094,-0.0395527923865338,2.682214341099777,-4.116956616997189,-3.679192761942962,-1.9264592488467265,1.33864456301207,-0.0970836571101638,3.9633504586418247,-0.4437652452684534,1.3252658108353634
95.0,179.0,129.90330505371094,-0.0395527923865338,2.682214330857299,-4.116956616997074,-3.67919275880124,-1.9264592488467265,1.338644562091121,-0.0970836571101638,3.9633504586418247,-0.4437652499904224,1.3252658108352715
95.0,179.0,129.90335083007812,-0.0395527642783777,2.68221433245604,-4.116956616948098,-3.679192761953873,-1.9264592530438327,1.3386445717136066,-0.0970836571095564,3.963333163135423,-0.4437652429474564,1.325265810836837
95.0,179.0,129.90513610839844,-0.0395527923865338,2.682214340183496,-4.116956616997189,-3.679192761942962,-1.926459273332052,1.33864456301207,-0.0970836571101638,3.96288347724918,-0.4437652452684534,1.3252658108353634
95.0,179.0,129.90545654296875,-0.0395527925015443,2.6822147807482146,-4.116956616993267,-3.6791927590623,-1.926459318858559,1.3386443573961564,-0.0970836570971462,3.962812477250528,-0.4437652499767813,1.325265811048413
95.0,179.0,129.93150329589844,-0.0395527642626237,2.68221433245604,-4.116956616946764,-3.6791927619446256,-1.9264585884214973,1.338644557376409,-0.0970836570970817,3.969986786827784,-0.4437650156294414,1.325265810836837
95.0,179.0,129.9335174560547,-0.0395527923865338,2.682207176893655,-4.11672211900333,-3.67919276179067,-1.9264592483278469,1.3386445621675074,-0.0970836571097886,3.9701985901345416,-0.4437652599799164,1.3252658111717632
95.0,179.0,129.9337921142578,-0.0395527923865338,2.682207337337914,-4.116956616997189,-3.67919276179067,-1.926459268756041,1.3386445716371116,-0.097083657097563,3.9701985901640247,-0.4437650359842476,1.3252658111717417
95.0,179.0,129.9337921142578,-0.0395527923865338,2.682207337337914,-4.116956616997189,-3.67919276179067,-1.9264592733077108,1.3386445716371116,-0.0970836570972529,3.9701985901345416,-0.4437652599799164,1.3252658111717632
95.0,179.0,129.9337921142578,-0.0395527923865338,2.68221452041916,-4.116956616997189,-3.67919276179067,-1.9264592733077108,1.3386445716371116,-0.0970836570972582,3.9701985901345416,-0.4437652452684534,1.3252658111717632
95.0,179.0,129.9337921142578,-0.0395527923865338,2.682207337337914,-4.116956616997189,-3.679192761945057,-1.926459428825192,1.3386445716371116,-0.0970836571029544,3.9701985901640247,-0.4437652573906374,1.3252658111717417
95.0,179.0,129.9337921142578,-0.039552765097873,2.6822147807482146,-4.116956616943593,-3.6791927590623,-1.9264585677232489,1.338644350745812,-0.0970836570970289,3.970198907068734,-0.4437650184857671,1.3252658110485644
95.0,179.0,129.9337921142578,-0.0395527923865338,2.682207337337914,-4.116956616997189,-3.67919276179067,-1.9264592483278469,1.3386445621675074,-0.0970836571096737,3.9701985901345416,-0.4437652599799164,1.3252658111717632
95.0,179.0,129.9337921142578,-0.0395527923865338,2.682214735776133,-4.116956616997189,-3.6791927619446256,-1.9264592483278469,1.3386445621675074,-0.0970836571096737,3.970198590465983,-0.4437652599799164,1.32526581083684
95.0,179.0,129.9337921142578,-0.0395527923865338,2.682215128864368,-4.116956616997189,-3.67919276179067,-1.9264592733077108,1.3386445716371116,-0.097083657097731,3.9701985901345416,-0.4437652452684534,1.3252658111717632
95.0,179.0,129.9337921142578,-0.0395527637453188,2.6822147807482146,-4.116956616942842,-3.6791927590623,-1.9264593171001247,1.338644350745812,-0.0970836570970289,3.970198907068734,-0.4437650184857671,1.325265811048413
95.0,179.0,129.9337921142578,-0.0395527923865338,2.68221433245604,-4.116956616997189,-3.6791927619446256,-1.9264592483278469,1.3386445621675074,-0.0970836571096737,3.970198590465983,-0.4437652599799164,1.32526581083684
95.0,179.0,129.9337921142578,-0.0395527923865338,2.682214985993973,-4.116956616997189,-3.679192761794661,-1.9264585623783683,1.3386445716371116,-0.0970836570972039,3.9701985901345416,-0.4437650310082421,1.3252658111717632
95.0,179.0,129.9337921142578,-0.0395527637453188,2.682214776974029,-4.116956616944043,-3.679192759104138,-1.9264593171001247,1.338644350745812,-0.0970836570964262,3.970198907068734,-0.4437650184857671,1.325265811048413
95.0,179.0,129.9337921142578,-0.0395527923865338,2.68221452041916,-4.116956616997189,-3.67919276179067,-1.926459253810734,1.3386445716371116,-0.0970836570972816,3.970198590302719,-0.4437652452684534,1.3252658111717632
95.0,179.0,129.9337921142578,-0.0395527670988681,2.68221540195207,-4.116956616943593,-3.6791927590623,-1.9264585768511264,1.338644350745812,-0.0970836570969444,3.970198907068734,-0.4437650185456404,1.3252658111835938
95.0,179.0,129.9337921142578,-0.0395527923865338,2.682207337337914,-4.116956616997189,-3.67919276179067,-1.926459248396725,1.3386445621675074,-0.097083657097662,3.970198590164332,-0.4437650356579201,1.3252658111717608
95.0,179.0,129.9337921142578,-0.0395527923865338,2.682207337337914,-4.116956616997189,-3.679192761945057,-1.926459428825192,1.3386445716371116,-0.0970836571029544,3.9701985901640247,-0.4437652573906374,1.3252658111717417
95.0,179.0,129.9337921142578,-0.0395527922434035,2.682215128864368,-4.116956616997189,-3.67919276179067,-1.926459422628253,1.3386445716371116,-0.097083657097731,3.9701985901345416,-0.4437652520757447,1.3252658111717632
95.0,179.0,129.9337921142578,-0.0395527650526893,2.682214747220541,-4.116956617001223,-3.679192759213676,-1.9264585677232489,1.338644345536962,-0.0970836570972034,3.970198911760479,-0.4437650184857671,1.32526581117404
95.0,179.0,129.9337921142578,-0.0395527637453188,2.682214760524044,-4.116956616996145,-3.6791927618002633,-1.9264593171001247,1.3386443463410038,-0.0970836570964262,3.970198907068734,-0.4437650184857671,1.3252658110451467
95.0,179.0,129.9337921142578,-0.0395527923865338,2.68221452041916,-4.116956616997189,-3.67919276179067,-1.926459248855838,1.33864456301207,-0.0970836570972816,3.970198590302719,-0.4437652452684534,1.3252658111717632
95.0,179.0,129.9337921142578,-0.0395527922438372,2.682207337337914,-4.116956616997189,-3.6791927617928577,-1.926459428825192,1.3386445716371116,-0.0970836571029544,3.970198590134975,-0.4437652572880536,1.3252658111717417
95.0,179.0,129.9337921142578,-0.0395527923865338,2.682214514850477,-4.116956616997189,-3.67919276179067,-1.9264592530277769,1.3386445716371116,-0.0970836570977628,3.970198590303222,-0.4437652452684534,1.3252658111717632
95.0,179.0,129.9337921142578,-0.0395527923865338,2.6822145426174964,-4.11695661699544,-3.6791927619446256,-1.9264592432211944,1.3386445621675074,-0.0970836571112464,3.970198590465983,-0.4437652287314224,1.3252658122871386
95.0,179.0,129.9337921142578,-0.0395527922434035,2.6822151453143537,-4.116956616945087,-3.679192759094545,-1.926459422628253,1.33864457604192,-0.097083657097731,3.9701985901345416,-0.4437652520757447,1.3252658111750295
95.0,179.0,129.9337921142578,-0.0395527926818528,2.6822141450158616,-4.116956616997189,-3.6791927619110014,-1.926459462361173,1.3386445716371116,-0.097083657097731,3.970198594372941,-0.4437652452684534,1.3252658035760574
95.0,179.0,129.9337921142578,-0.0395527684229338,2.682215394162551,-4.116956616944052,-3.679192758948843,-1.9264585127121787,1.3386445591961231,-0.0970836571096737,3.970198881147804,-0.4437650161958539,1.3252658111834696
95.0,179.0,129.9337921142578,-0.0395527923861002,2.682215128864368,-4.116956616997189,-3.679192761942869,-1.926459422628253,1.3386445716371116,-0.097083657097731,3.970198590163592,-0.4437652521783284,1.3252658111717632
95.0,179.0,129.9337921142578,-0.0395527923865338,2.682207337337914,-4.116956616997189,-3.679192761788266,-1.926459246731097,1.3386445716371116,-0.0970836571029838,3.9701985901640247,-0.4437652573824729,1.3252658111717417
95.0,179.0,129.9337921142578,-0.0395527923865338,2.682214328329537,-4.116956616997189,-3.6791927619446256,-1.9264592551960484,1.3386445622440697,-0.0970836571083805,3.970198594189632,-0.4437652599799164,1.32526581083684
95.0,179.0,129.9337921142578,-0.0395527923865338,2.682207337337914,-4.116956616997189,-3.679192761790635,-1.9264592733077108,1.3386445716371116,-0.0970836570972529,3.970198590134973,-0.4437652599799164,1.325265811171763
95.0,179.0,129.9337921142578,-0.0395527637453188,2.682214776974029,-4.116956616944043,-3.679192759104138,-1.9264593099796443,1.338644350745812,-0.0970836571029996,3.9701989025214575,-0.4437650184857671,1.325265811048413
95.0,179.0,129.9337921142578,-0.0395527923865338,2.6822070051484697,-4.116956616997189,-3.679192761945057,-1.926459428825192,1.3386445620383312,-0.0970836571029544,3.9701985901640247,-0.4437652600471806,1.325265810830652
95.0,179.0,129.9337921142578,-0.0395527650526893,2.682214747220541,-4.116956617001223,-3.679192759213676,-1.9264585677232489,1.338644345536962,-0.0970836570972034,3.970198911760479,-0.4437650184857671,1.32526581117404
95.0,179.0,129.9337921142578,-0.0395527923865338,2.682214514850477,-4.116956616997189,-3.67919276179067,-1.926459274191057,1.3386445716371116,-0.0970836570977628,3.970198590303222,-0.4437652452684534,1.3252658111717632
95.0,179.0,129.9337921142578,-0.0395527923865338,2.6822145426174964,-4.11695661699544,-3.679192761792062,-1.9264592432211944,1.3386445717602091,-0.0970836571114199,3.970198590459486,-0.4437652287314224,1.3252658122871386
95.0,179.0,129.9337921142578,-0.0395527923865338,2.682214167975379,-4.116956616997189,-3.67919276179067,-1.9264594624459968,1.338644564105287,-0.0970836570972816,3.970198590302719,-0.4437652452684534,1.3252658111717632
95.0,179.0,129.9337921142578,-0.0395527925015443,2.6822147807482146,-4.116956616993267,-3.6791927590623,-1.9264593171001247,1.338644350745812,-0.0970836570971462,3.970198907068734,-0.4437650286913555,1.325265811048413
95.0,179.0,129.9337921142578,-0.0395527923836351,2.682214985993973,-4.116956616997189,-3.67919276179061,-1.9264585623783683,1.3386445716371116,-0.0970836570972039,3.9701985901345416,-0.4437652504102968,1.3252658111717632
95.0,180.0,129.90249633789062,-0.0395527636303083,2.68221433245604,-4.116956616946764,-3.6791927619446256,-1.9264592483278469,1.3386445621675074,-0.0970836571095564,3.963716624824632,-0.443765249774328,1.32526581083684
95.0,180.0,129.90249633789062,-0.0395527642783777,2.68221433245604,-4.116956616946764,-3.6791927619446256,-1.926459249505193,1.3386445621675074,-0.0970836571095564,3.963716624824632,-0.443765249774328,1.325265810836837
95.0,180.0,129.9025115966797,-0.0395527642783777,2.68221433245604,-4.116956616948107,-3.679192761953873,-1.9264592530509697,1.3386445717136066,-0.0970836571095564,3.963714410256638,-0.4437652496201275,1.325265810836837
95.0,180.0,129.90257263183594,-0.0395527636310405,2.68221433245604,-4.116956616942774,-3.679192761934488,-1.9264592483278469,1.3386443473857208,-0.0970836570970546,3.9636743866476256,-0.443765249774328,1.32526581083684
95.0,180.0,129.90257263183594,-0.0395527636310405,2.68221433245604,-4.116956616942774,-3.679192761934488,-1.9264592483278469,1.3386443473857208,-0.0970836570970546,3.9636743866476256,-0.443765249774328,1.32526581083684
95.0,180.0,129.9027099609375,-0.0395527636303083,2.68221433245604,-4.116956616946764,-3.679192758998447,-1.9264592483278469,1.3386445620811425,-0.0970836571096701,3.9635968087349793,-0.4437652500269343,1.32526581083684
95.0,180.0,129.9027557373047,-0.0395527670988681,2.68221540195207,-4.116956616943593,-3.6791927590623,-1.9264585768511264,1.338644350745812,-0.0970836570969444,3.9635722367648696,-0.4437650073705104,1.325265811159026
95.0,180.0,129.90330505371094,-0.0395527923865338,2.682214341099777,-4.116956616997189,-3.679192761942962,-1.9264592488467265,1.33864456301207,-0.0970836571101638,3.9633504586418247,-0.4437652452684534,1.3252658108353634
95.0,180.0,129.90330505371094,-0.0395527923865338,2.682214330857299,-4.116956616997074,-3.67919275880124,-1.9264592488467265,1.338644562091121,-0.0970836571101638,3.9633504586418247,-0.4437652499904224,1.3252658108352715
95.0,180.0,129.90330505371094,-0.0395527923748537,2.6822143185605327,-4.116956616997074,-3.67919275880124,-1.9264592488467265,1.3386445616171945,-0.0970836570976897,3.9633504586418247,-0.4437652499904224,1.3252658108352715
95.0,180.0,129.90335083007812,-0.0395527642783777,2.68221433245604,-4.116956616948098,-3.679192761953873,-1.9264592530438327,1.3386445717136066,-0.0970836571095564,3.963333163135423,-0.4437652429474564,1.325265810836837
95.0,180.0,129.90513610839844,-0.0395527923865338,2.682214340183496,-4.116956616997189,-3.679192761942962,-1.926459273332052,1.33864456301207,-0.0970836571101638,3.96288347724918,-0.4437652452684534,1.3252658108353634
95.0,180.0,129.90516662597656,-0.0395527923865338,2.6822143197099537,-4.116956616997189,-3.679192761921065,-1.926459253810734,1.3386445721813105,-0.0970836570972816,3.962877739142265,-0.4437652452684534,1.3252658108303734
95.0,180.0,129.90525817871094,-0.0395527657072093,2.68221433245604,-4.116956616946764,-3.6791927619446256,-1.926459272833128,1.3386445621634944,-0.0970836571101795,3.962854948468301,-0.443765249774328,1.3252658108352655
95.0,180.0,129.9053955078125,-0.0395527925015443,2.682214616597374,-4.116956616997211,-3.679192761667029,-1.926459318858559,1.3386443602897926,-0.0970836570971377,3.962824565838174,-0.4437652499767813,1.325265811048413
95.0,180.0,129.9053955078125,-0.0395527924888644,2.68221540195207,-4.116956616996694,-3.6791927590623,-1.9264585909528704,1.3386445640185285,-0.0970836570969444,3.9628245473875694,-0.4437652665733433,1.325265811159026
95.0,180.0,129.90545654296875,-0.0395527925015443,2.6822147807482146,-4.116956616993267,-3.6791927590623,-1.926459318858559,1.3386443573961564,-0.0970836570971462,3.962812477250528,-0.4437652499767813,1.325265811048413
95.0,180.0,129.93150329589844,-0.0395527642626237,2.68221433245604,-4.116956616946764,-3.6791927619446256,-1.9264585884214973,1.338644557376409,-0.0970836570970817,3.969986786827784,-0.4437650156294414,1.325265810836837
95.0,180.0,129.93162536621094,-0.0395527642626237,2.68221433245604,-4.116956616946764,-3.679192761790006,-1.9264585884214973,1.3386445565389542,-0.0970836570970763,3.969998524401646,-0.4437650156294414,1.325265810836837
95.0,180.0,129.93267822265625,-0.0395527923865338,2.682207337337914,-4.116956616997189,-3.679192761788266,-1.9264592488623828,1.3386445716371116,-0.0970836571029838,3.970096872398998,-0.4437652573824729,1.3252658111717417
95.0,180.0,129.9335174560547,-0.0395527923865338,2.682207176893655,-4.11672211900333,-3.67919276179067,-1.9264592483278469,1.3386445621675074,-0.0970836571097886,3.9701985901345416,-0.4437652599799164,1.3252658111717632
95.0,180.0,129.9336700439453,-0.0395527923865338,2.6822071692993106,-4.116956616993246,-3.679192759340328,-1.926459428825192,1.338644559144695,-0.0970836571029629,3.970186501576378,-0.4437652600471806,1.325265810830652
95.0,180.0,129.9337921142578,-0.0395527923865338,2.682207337337914,-4.116956616997189,-3.67919276179067,-1.926459268756041,1.3386445716371116,-0.097083657097563,3.9701985901640247,-0.4437650359842476,1.3252658111717417
95.0,180.0,129.9337921142578,-0.0395527923865338,2.682207337337914,-4.116956616997189,-3.67919276179067,-1.9264592733077108,1.3386445716371116,-0.0970836570972529,3.9701985901345416,-0.4437652599799164,1.3252658111717632
95.0,180.0,129.9337921142578,-0.0395527923865338,2.68221452041916,-4.116956616997189,-3.67919276179067,-1.9264592733077108,1.3386445716371116,-0.0970836570972582,3.9701985901345416,-0.4437652452684534,1.3252658111717632
95.0,180.0,129.9337921142578,-0.0395527923865338,2.682207337337914,-4.116956616997189,-3.679192761945057,-1.926459428825192,1.3386445716371116,-0.0970836571029544,3.9701985901640247,-0.4437652573906374,1.3252658111717417
95.0,180.0,129.9337921142578,-0.039552765097873,2.6822147807482146,-4.116956616943593,-3.6791927590623,-1.9264585677232489,1.338644350745812,-0.0970836570970289,3.970198907068734,-0.4437650184857671,1.3252658110485644
95.0,180.0,129.9337921142578,-0.0395527923865338,2.682207337337914,-4.116956616997189,-3.67919276179067,-1.9264592483278469,1.3386445621675074,-0.0970836571096737,3.9701985901345416,-0.4437652599799164,1.3252658111717632
95.0,180.0,129.9337921142578,-0.0395527923865338,2.682214735776133,-4.116956616997189,-3.6791927619446256,-1.9264592483278469,1.3386445621675074,-0.0970836571096737,3.970198590465983,-0.4437652599799164,1.32526581083684
95.0,180.0,129.9337921142578,-0.0395527923865338,2.682215128864368,-4.116956616997189,-3.67919276179067,-1.9264592733077108,1.3386445716371116,-0.097083657097731,3.9701985901345416,-0.4437652452684534,1.3252658111717632
95.0,180.0,129.9337921142578,-0.0395527637453188,2.6822147807482146,-4.116956616942842,-3.6791927590623,-1.9264593171001247,1.338644350745812,-0.0970836570970289,3.970198907068734,-0.4437650184857671,1.325265811048413
95.0,180.0,129.9337921142578,-0.0395527923865338,2.68221433245604,-4.116956616997189,-3.6791927619446256,-1.9264592483278469,1.3386445621675074,-0.0970836571096737,3.970198590465983,-0.4437652599799164,1.32526581083684
95.0,180.0,129.9337921142578,-0.0395527923865338,2.682214985993973,-4.116956616997189,-3.679192761794661,-1.9264585623783683,1.3386445716371116,-0.0970836570972039,3.9701985901345416,-0.4437650310082421,1.3252658111717632
95.0,180.0,129.9337921142578,-0.0395527637453188,2.682214776974029,-4.116956616944043,-3.679192759104138,-1.9264593171001247,1.338644350745812,-0.0970836570964262,3.970198907068734,-0.4437650184857671,1.325265811048413
95.0,180.0,129.9337921142578,-0.0395527923865338,2.68221452041916,-4.116956616997189,-3.67919276179067,-1.926459253810734,1.3386445716371116,-0.0970836570972816,3.970198590302719,-0.4437652452684534,1.3252658111717632
95.0,180.0,129.9337921142578,-0.0395527670988681,2.68221540195207,-4.116956616943593,-3.6791927590623,-1.9264585768511264,1.338644350745812,-0.0970836570969444,3.970198907068734,-0.4437650185456404,1.3252658111835938
95.0,180.0,129.9337921142578,-0.0395527923865338,2.682207337337914,-4.116956616997189,-3.67919276179067,-1.926459248396725,1.3386445621675074,-0.097083657097662,3.970198590164332,-0.4437650356579201,1.3252658111717608
95.0,180.0,129.9337921142578,-0.0395527923865338,2.682207337337914,-4.116956616997189,-3.679192761945057,-1.926459428825192,1.3386445716371116,-0.0970836571029544,3.9701985901640247,-0.4437652573906374,1.3252658111717417
95.0,180.0,129.9337921142578,-0.0395527922434035,2.682215128864368,-4.116956616997189,-3.67919276179067,-1.926459422628253,1.3386445716371116,-0.097083657097731,3.9701985901345416,-0.4437652520757447,1.3252658111717632
95.0,180.0,129.9337921142578,-0.0395527650526893,2.682214747220541,-4.116956617001223,-3.679192759213676,-1.9264585677232489,1.338644345536962,-0.0970836570972034,3.970198911760479,-0.4437650184857671,1.32526581117404
95.0,180.0,129.9337921142578,-0.0395527637453188,2.682214760524044,-4.116956616996145,-3.6791927618002633,-1.9264593171001247,1.3386443463410038,-0.0970836570964262,3.970198907068734,-0.4437650184857671,1.3252658110451467
95.0,180.0,129.9337921142578,-0.0395527923865338,2.68221452041916,-4.116956616997189,-3.67919276179067,-1.926459248855838,1.33864456301207,-0.0970836570972816,3.970198590302719,-0.4437652452684534,1.3252658111717632
95.0,180.0,129.9337921142578,-0.0395527922438372,2.682207337337914,-4.116956616997189,-3.6791927617928577,-1.926459428825192,1.3386445716371116,-0.0970836571029544,3.970198590134975,-0.4437652572880536,1.3252658111717417
95.0,180.0,129.9337921142578,-0.0395527923865338,2.682214514850477,-4.116956616997189,-3.67919276179067,-1.9264592530277769,1.3386445716371116,-0.0970836570977628,3.970198590303222,-0.4437652452684534,1.3252658111717632
95.0,180.0,129.9337921142578,-0.0395527923865338,2.6822145426174964,-4.11695661699544,-3.6791927619446256,-1.9264592432211944,1.3386445621675074,-0.0970836571112464,3.970198590465983,-0.4437652287314224,1.3252658122871386
95.0,180.0,129.9337921142578,-0.0395527922434035,2.6822151453143537,-4.116956616945087,-3.679192759094545,-1.926459422628253,1.33864457604192,-0.097083657097731,3.9701985901345416,-0.4437652520757447,1.3252658111750295
95.0,180.0,129.9337921142578,-0.0395527926818528,2.6822141450158616,-4.116956616997189,-3.6791927619110014,-1.926459462361173,1.3386445716371116,-0.097083657097731,3.970198594372941,-0.4437652452684534,1.3252658035760574
95.0,180.0,129.9337921142578,-0.0395527684229338,2.682215394162551,-4.116956616944052,-3.679192758948843,-1.9264585127121787,1.3386445591961231,-0.0970836571096737,3.970198881147804,-0.4437650161958539,1.3252658111834696
95.0,180.0,129.9337921142578,-0.0395527923861002,2.682215128864368,-4.116956616997189,-3.679192761942869,-1.926459422628253,1.3386445716371116,-0.097083657097731,3.970198590163592,-0.4437652521783284,1.3252658111717632
95.0,180.0,129.9337921142578,-0.0395527923865338,2.682207337337914,-4.116956616997189,-3.679192761788266,-1.926459246731097,1.3386445716371116,-0.0970836571029838,3.9701985901640247,-0.4437652573824729,1.3252658111717417
95.0,181.0,129.90249633789062,-0.0395527636303083,2.68221433245604,-4.116956616946764,-3.6791927619446256,-1.9264592483278469,1.3386445621675074,-0.0970836571095564,3.963716624824632,-0.443765249774328,1.32526581083684
95.0,181.0,129.90249633789062,-0.0395527642783777,2.68221433245604,-4.116956616946764,-3.6791927619446256,-1.926459249505193,1.3386445621675074,-0.0970836571095564,3.963716624824632,-0.443765249774328,1.325265810836837
95.0,181.0,129.9025115966797,-0.0395527642783777,2.68221433245604,-4.116956616948107,-3.679192761953873,-1.9264592530509697,1.3386445717136066,-0.0970836571095564,3.963714410256638,-0.4437652496201275,1.325265810836837
95.0,181.0,129.9025115966797,-0.0395527642783777,2.68221433245604,-4.116956616948107,-3.679192761953873,-1.9264592530509697,1.3386445717136066,-0.0970836571095564,3.963714410256638,-0.4437652496201275,1.325265810836837
95.0,181.0,129.90257263183594,-0.0395527636310405,2.68221433245604,-4.116956616942774,-3.679192761934488,-1.9264592483278469,1.3386443473857208,-0.0970836570970546,3.9636743866476256,-0.443765249774328,1.32526581083684
95.0,181.0,129.90257263183594,-0.0395527636310405,2.68221433245604,-4.116956616942774,-3.679192761934488,-1.9264592483278469,1.3386443473857208,-0.0970836570970546,3.9636743866476256,-0.443765249774328,1.32526581083684
95.0,181.0,129.90257263183594,-0.0395527636339499,2.68221433245604,-4.116956616948107,-3.679192761953873,-1.9264592530509697,1.3386443565259858,-0.0970836571095564,3.963675828169019,-0.4437652496201275,1.325265810836837
95.0,181.0,129.9027099609375,-0.0395527636303083,2.68221433245604,-4.116956616946764,-3.679192758998447,-1.9264592483278469,1.3386445620811425,-0.0970836571096701,3.9635968087349793,-0.4437652500269343,1.32526581083684
95.0,181.0,129.9027557373047,-0.0395527670988681,2.68221540195207,-4.116956616943593,-3.6791927590623,-1.9264585768511264,1.338644350745812,-0.0970836570969444,3.9635722367648696,-0.4437650073705104,1.325265811159026
95.0,181.0,129.90328979492188,-0.0395527923865338,2.682214330857299,-4.116956616998112,-3.67919275880124,-1.9264592488456915,1.3386445620923206,-0.0970836571101638,3.9633528053774456,-0.4437652499904224,1.3252658108352162
95.0,181.0,129.90330505371094,-0.0395527923865338,2.682214341099777,-4.116956616997189,-3.679192761942962,-1.9264592488467265,1.33864456301207,-0.0970836571101638,3.9633504586418247,-0.4437652452684534,1.3252658108353634
95.0,181.0,129.90330505371094,-0.0395527923865338,2.682214330857299,-4.116956616997074,-3.67919275880124,-1.9264592488467265,1.338644562091121,-0.0970836571101638,3.9633504586418247,-0.4437652499904224,1.3252658108352715
95.0,181.0,129.90330505371094,-0.0395527923748537,2.6822143185605327,-4.116956616997074,-3.67919275880124,-1.9264592488467265,1.3386445616171945,-0.0970836570976897,3.9633504586418247,-0.4437652499904224,1.3252658108352715
95.0,181.0,129.90330505371094,-0.0395527923865338,2.682214330857299,-4.116956616997074,-3.67919275880124,-1.9264592488467265,1.338644562091121,-0.0970836571101638,3.9633504586418247,-0.4437652499904224,1.3252658108352715
95.0,181.0,129.90330505371094,-0.0395527923865338,2.682214341099777,-4.116956616997189,-3.679192761942962,-1.9264592488467265,1.338644562746932,-0.0970836571101197,3.9633504586418247,-0.4437652452684534,1.3252658108353634
95.0,181.0,129.90330505371094,-0.0395527923745566,2.6822143185605327,-4.116956616997074,-3.679192761820017,-1.926459248846578,1.3386445616171945,-0.0970836570976897,3.9633504586418247,-0.443765249960297,1.3252658108352715
95.0,181.0,129.90330505371094,-0.0395527923865338,2.682214341099777,-4.116956616997189,-3.679192761942962,-1.9264592488467265,1.33864456301207,-0.0970836571101638,3.9633504586418247,-0.4437652452684534,1.3252658108353634
95.0,181.0,129.9033203125,-0.0395527923863009,2.682214318477121,-4.116956616997074,-3.6791927621059535,-1.9264592719214408,1.3386445630238335,-0.0970836571105634,3.963344237421507,-0.4437652494546739,1.3252658108353583
95.0,181.0,129.90335083007812,-0.0395527642783777,2.68221433245604,-4.116956616948098,-3.679192761953873,-1.9264592530438327,1.3386445717136066,-0.0970836571095564,3.963333163135423,-0.4437652429474564,1.325265810836837
95.0,181.0,129.90513610839844,-0.0395527923865338,2.682214340183496,-4.116956616997189,-3.679192761942962,-1.926459273332052,1.33864456301207,-0.0970836571101638,3.96288347724918,-0.4437652452684534,1.3252658108353634
95.0,181.0,129.90516662597656,-0.0395527923865338,2.6822143197099537,-4.116956616997189,-3.679192761921065,-1.926459253810734,1.3386445721813105,-0.0970836570972816,3.962877739142265,-0.4437652452684534,1.3252658108303734
95.0,181.0,129.90516662597656,-0.0395527928876894,2.682214319658548,-4.116956616943023,-3.679192761921065,-1.926459253810734,1.3386445729093992,-0.0970836570972741,3.962877739142265,-0.4437652502050322,1.3252658108302702
95.0,181.0,129.90525817871094,-0.0395527657072093,2.68221433245604,-4.116956616946764,-3.6791927619446256,-1.926459272833128,1.3386445621634944,-0.0970836571101795,3.962854948468301,-0.443765249774328,1.3252658108352655
95.0,181.0,129.9053955078125,-0.0395527925015443,2.682214616597374,-4.116956616997211,-3.679192761667029,-1.926459318858559,1.3386443602897926,-0.0970836570971377,3.962824565838174,-0.4437652499767813,1.325265811048413
95.0,181.0,129.9053955078125,-0.0395527924888644,2.68221540195207,-4.116956616996694,-3.6791927590623,-1.9264585909528704,1.3386445640185285,-0.0970836570969444,3.9628245473875694,-0.4437652665733433,1.325265811159026
95.0,181.0,129.9053955078125,-0.0395527925015443,2.682214616597374,-4.116956616997211,-3.679192761667029,-1.926459318858559,1.3386443602897926,-0.0970836570971377,3.962824566412091,-0.4437652667847067,1.325265811048413
95.0,181.0,129.9053955078125,-0.0395527923851991,2.68221540195207,-4.116956616996694,-3.6791927590623,-1.9264585942480577,1.3386445640185285,-0.0970836570969413,3.9628245473875694,-0.4437652656604386,1.325265811159026
95.0,181.0,129.90545654296875,-0.0395527925015443,2.6822147807482146,-4.116956616993267,-3.6791927590623,-1.926459318858559,1.3386443573961564,-0.0970836570971462,3.962812477250528,-0.4437652499767813,1.325265811048413
95.0,181.0,129.90567016601562,-0.0395527925011046,2.6822148478251178,-4.116956616997189,-3.67919276179067,-1.9264592733077108,1.338644561295674,-0.0970836570972493,3.962759575740012,-0.4437652503960612,1.3252658110528406
95.0,181.0,129.93150329589844,-0.0395527642626237,2.68221433245604,-4.116956616946764,-3.6791927619446256,-1.9264585884214973,1.338644557376409,-0.0970836570970817,3.969986786827784,-0.4437650156294414,1.325265810836837
95.0,181.0,129.93162536621094,-0.0395527642626237,2.68221433245604,-4.116956616946764,-3.679192761790006,-1.9264585884214973,1.3386445565389542,-0.0970836570970763,3.969998524401646,-0.4437650156294414,1.325265810836837
95.0,181.0,129.93162536621094,-0.0395527642626237,2.68220718536693,-4.116956616946764,-3.679192761790006,-1.9264585884214973,1.3386445620849765,-0.0970836570970763,3.969998524401646,-0.4437650156294414,1.3252658108370083
95.0,181.0,129.93252563476562,-0.0395527636018629,2.68221433245604,-4.116956616946764,-3.6791927619446256,-1.9264592544342327,1.3386445621013523,-0.0970836570951898,3.970081865232345,-0.4437650156294414,1.325265810836837
95.0,181.0,129.93267822265625,-0.0395527923865338,2.682207337337914,-4.116956616997189,-3.679192761788266,-1.9264592488623828,1.3386445716371116,-0.0970836571029838,3.970096872398998,-0.4437652573824729,1.3252658111717417
95.0,181.0,129.93267822265625,-0.0395527923868309,2.682207337337914,-4.116956616997189,-3.679192758769489,-1.926459248862532,1.3386445716371116,-0.0970836571029838,3.970096872398998,-0.4437652574125983,1.3252658111717417
95.0,181.0,129.9335174560547,-0.0395527923865338,2.682207176893655,-4.11672211900333,-3.67919276179067,-1.9264592483278469,1.3386445621675074,-0.0970836571097886,3.9701985901345416,-0.4437652599799164,1.3252658111717632
95.0,181.0,129.9336700439453,-0.0395527923865338,2.6822071692993106,-4.116956616993246,-3.679192759340328,-1.926459428825192,1.338644559144695,-0.0970836571029629,3.970186501576378,-0.4437652600471806,1.325265810830652
95.0,181.0,129.9336700439453,-0.0395527927074786,2.6822071692993106,-4.116956616993246,-3.679192759341949,-1.9264594628477936,1.3386443459840487,-0.0970836571029159,3.970186501576378,-0.4437652576268764,1.325265810848644
95.0,181.0,129.9336700439453,-0.0395527923865338,2.6822071692993106,-4.1169566169946,-3.679192759350463,-1.926459428808085,1.338644559144695,-0.097083657102881,3.970187299387199,-0.4437652519622915,1.325265810830652
95.0,181.0,129.9337921142578,-0.0395527923865338,2.682207337337914,-4.116956616997189,-3.67919276179067,-1.926459268756041,1.3386445716371116,-0.097083657097563,3.9701985901640247,-0.4437650359842476,1.3252658111717417
95.0,181.0,129.9337921142578,-0.0395527923865338,2.682207337337914,-4.116956616997189,-3.67919276179067,-1.9264592733077108,1.3386445716371116,-0.0970836570972529,3.9701985901345416,-0.4437652599799164,1.3252658111717632
95.0,181.0,129.9337921142578,-0.0395527923865338,2.68221452041916,-4.116956616997189,-3.67919276179067,-1.9264592733077108,1.3386445716371116,-0.0970836570972582,3.9701985901345416,-0.4437652452684534,1.3252658111717632
95.0,181.0,129.9337921142578,-0.0395527923865338,2.682207337337914,-4.116956616997189,-3.679192761945057,-1.926459428825192,1.3386445716371116,-0.0970836571029544,3.9701985901640247,-0.4437652573906374,1.3252658111717417
95.0,181.0,129.9337921142578,-0.039552765097873,2.6822147807482146,-4.116956616943593,-3.6791927590623,-1.9264585677232489,1.338644350745812,-0.0970836570970289,3.970198907068734,-0.4437650184857671,1.3252658110485644
95.0,181.0,129.9337921142578,-0.0395527923865338,2.682207337337914,-4.116956616997189,-3.67919276179067,-1.9264592483278469,1.3386445621675074,-0.0970836571096737,3.9701985901345416,-0.4437652599799164,1.3252658111717632
95.0,181.0,129.9337921142578,-0.0395527923865338,2.682214735776133,-4.116956616997189,-3.6791927619446256,-1.9264592483278469,1.3386445621675074,-0.0970836571096737,3.970198590465983,-0.4437652599799164,1.32526581083684
95.0,181.0,129.9337921142578,-0.0395527923865338,2.682215128864368,-4.116956616997189,-3.67919276179067,-1.9264592733077108,1.3386445716371116,-0.097083657097731,3.9701985901345416,-0.4437652452684534,1.3252658111717632
95.0,181.0,129.9337921142578,-0.0395527637453188,2.6822147807482146,-4.116956616942842,-3.6791927590623,-1.9264593171001247,1.338644350745812,-0.0970836570970289,3.970198907068734,-0.4437650184857671,1.325265811048413
95.0,181.0,129.9337921142578,-0.0395527923865338,2.68221433245604,-4.116956616997189,-3.6791927619446256,-1.9264592483278469,1.3386445621675074,-0.0970836571096737,3.970198590465983,-0.4437652599799164,1.32526581083684
95.0,181.0,129.9337921142578,-0.0395527923865338,2.682214985993973,-4.116956616997189,-3.679192761794661,-1.9264585623783683,1.3386445716371116,-0.0970836570972039,3.9701985901345416,-0.4437650310082421,1.3252658111717632
95.0,182.0,129.90231323242188,-0.0395527923865444,2.682214323621569,-4.11695661699719,-3.679192762002257,-1.9264592488376773,1.3386445616222882,-0.0970836571100545,3.963848719482327,-0.4437652599799164,1.32526581083521
95.0,182.0,129.90248107910156,-0.0395527923851991,2.6822154376579705,-4.11695661695154,-3.6791927590623,-1.9264585942480577,1.3386445640185285,-0.0970836570964951,3.9637314735279023,-0.4437652656604386,1.3252658111941298
95.0,182.0,129.90249633789062,-0.0395527636303083,2.68221433245604,-4.116956616946764,-3.6791927619446256,-1.9264592483278469,1.3386445621675074,-0.0970836571095564,3.963716624824632,-0.443765249774328,1.32526581083684
95.0,182.0,129.90249633789062,-0.0395527642783777,2.68221433245604,-4.116956616946764,-3.6791927619446256,-1.926459249505193,1.3386445621675074,-0.0970836571095564,3.963716624824632,-0.443765249774328,1.325265810836837
95.0,182.0,129.9025115966797,-0.0395527642783777,2.68221433245604,-4.116956616948107,-3.679192761953873,-1.9264592530509697,1.3386445717136066,-0.0970836571095564,3.963714410256638,-0.4437652496201275,1.325265810836837
95.0,182.0,129.9025115966797,-0.0395527642783777,2.68221433245604,-4.116956616948107,-3.679192761953873,-1.9264592530509697,1.3386445717136066,-0.0970836571095564,3.963714410256638,-0.4437652496201275,1.325265810836837
95.0,182.0,129.90252685546875,-0.0395527642783777,2.68221433245604,-4.116956616948098,-3.6791927619450417,-1.926459253335753,1.3386445717136066,-0.0970836571095564,3.963709754382918,-0.4437652428966001,1.325265810836837
95.0,182.0,129.9025421142578,-0.0395527923865338,2.68221452041916,-4.1169566169962,-3.679192761942597,-1.926459273134356,1.3386445716371116,-0.0970836571086501,3.963692942585468,-0.4437652496013528,1.3252658111717632
95.0,182.0,129.90257263183594,-0.0395527636310405,2.68221433245604,-4.116956616942774,-3.679192761934488,-1.9264592483278469,1.3386443473857208,-0.0970836570970546,3.9636743866476256,-0.443765249774328,1.32526581083684
95.0,182.0,129.90257263183594,-0.0395527636310405,2.68221433245604,-4.116956616942774,-3.679192761934488,-1.9264592483278469,1.3386443473857208,-0.0970836570970546,3.9636743866476256,-0.443765249774328,1.32526581083684
95.0,182.0,129.90257263183594,-0.0395527636339499,2.68221433245604,-4.116956616948107,-3.679192761953873,-1.9264592530509697,1.3386443565259858,-0.0970836571095564,3.963675828169019,-0.4437652496201275,1.325265810836837
95.0,182.0,129.90257263183594,-0.0395527642562785,2.68221433245604,-4.116956616948107,-3.679192761953873,-1.9264592530509697,1.3386443565259858,-0.0970836571095564,3.963675828169019,-0.4437652496201275,1.325265810836837
95.0,182.0,129.90257263183594,-0.0395527644262115,2.68221433245604,-4.11695661694293,-3.6791927617774673,-1.9264592483278469,1.3386445624288683,-0.0970836570970546,3.9636743866476256,-0.443765249774328,1.32526581083684
95.0,182.0,129.9027099609375,-0.0395527636303083,2.68221433245604,-4.116956616946764,-3.679192758998447,-1.9264592483278469,1.3386445620811425,-0.0970836571096701,3.9635968087349793,-0.4437652500269343,1.32526581083684
95.0,182.0,129.9027099609375,-0.0395527626410241,2.68221433245604,-4.116956616946764,-3.679192758998447,-1.9264592483278469,1.3386445620811425,-0.0970836571097583,3.9635968087349793,-0.4437652500269343,1.32526581083684
95.0,182.0,129.90274047851562,-0.0395527636303083,2.682214332405882,-4.116956616946764,-3.679192758998447,-1.9264592483603244,1.3386445620935643,-0.0970836571096701,3.963585612641142,-0.4437652499911427,1.3252658108351831
95.0,182.0,129.9027557373047,-0.0395527670988681,2.68221540195207,-4.116956616943593,-3.6791927590623,-1.9264585768511264,1.338644350745812,-0.0970836570969444,3.9635722367648696,-0.4437650073705104,1.325265811159026
95.0,182.0,129.90328979492188,-0.0395527923865338,2.682214330857299,-4.116956616998112,-3.67919275880124,-1.9264592488456915,1.3386445620923206,-0.0970836571101638,3.9633528053774456,-0.4437652499904224,1.3252658108352162
95.0,182.0,129.90330505371094,-0.0395527923865338,2.682214341099777,-4.116956616997189,-3.679192761942962,-1.9264592488467265,1.33864456301207,-0.0970836571101638,3.9633504586418247,-0.4437652452684534,1.3252658108353634
95.0,182.0,129.90330505371094,-0.0395527923865338,2.682214330857299,-4.116956616997074,-3.67919275880124,-1.9264592488467265,1.338644562091121,-0.0970836571101638,3.9633504586418247,-0.4437652499904224,1.3252658108352715
95.0,182.0,129.90330505371094,-0.0395527923748537,2.6822143185605327,-4.116956616997074,-3.67919275880124,-1.9264592488467265,1.3386445616171945,-0.0970836570976897,3.9633504586418247,-0.4437652499904224,1.3252658108352715
95.0,182.0,129.90330505371094,-0.0395527923865338,2.682214330857299,-4.116956616997074,-3.67919275880124,-1.9264592488467265,1.338644562091121,-0.0970836571101638,3.9633504586418247,-0.4437652499904224,1.3252658108352715
95.0,182.0,129.90330505371094,-0.0395527923865338,2.682214341099777,-4.116956616997189,-3.679192761942962,-1.9264592488467265,1.338644562746932,-0.0970836571101197,3.9633504586418247,-0.4437652452684534,1.3252658108353634
95.0,182.0,129.90330505371094,-0.0395527923745566,2.6822143185605327,-4.116956616997074,-3.679192761820017,-1.926459248846578,1.3386445616171945,-0.0970836570976897,3.9633504586418247,-0.443765249960297,1.3252658108352715
95.0,182.0,129.90330505371094,-0.0395527923865338,2.682214341099777,-4.116956616997189,-3.679192761942962,-1.9264592488467265,1.33864456301207,-0.0970836571101638,3.9633504586418247,-0.4437652452684534,1.3252658108353634
95.0,182.0,129.90330505371094,-0.0395527923865338,2.682214330857299,-4.116956616997074,-3.679192758925507,-1.9264592717353448,1.338644562091121,-0.0970836571101638,3.9633504586418247,-0.4437652499904224,1.3252658108352715
95.0,182.0,129.9033203125,-0.0395527923863009,2.682214318477121,-4.116956616997074,-3.6791927621059535,-1.9264592719214408,1.3386445630238335,-0.0970836571105634,3.963344237421507,-0.4437652494546739,1.3252658108353583
95.0,182.0,129.9033203125,-0.0395527642783777,2.68221433245604,-4.116956616946764,-3.679192761953456,-1.9264592492132744,1.3386445621675074,-0.0970836571095564,3.9633400335771367,-0.4437652498251843,1.325265810836837
95.0,182.0,129.90335083007812,-0.0395527642783777,2.68221433245604,-4.116956616948098,-3.679192761953873,-1.9264592530438327,1.3386445717136066,-0.0970836571095564,3.963333163135423,-0.4437652429474564,1.325265810836837
95.0,182.0,129.90513610839844,-0.0395527923865338,2.682214340183496,-4.116956616997189,-3.679192761942962,-1.926459273332052,1.33864456301207,-0.0970836571101638,3.96288347724918,-0.4437652452684534,1.3252658108353634
95.0,182.0,129.90516662597656,-0.0395527923865338,2.6822143197099537,-4.116956616997189,-3.679192761921065,-1.926459253810734,1.3386445721813105,-0.0970836570972816,3.962877739142265,-0.4437652452684534,1.3252658108303734
95.0,182.0,129.90516662597656,-0.0395527928876894,2.682214319658548,-4.116956616943023,-3.679192761921065,-1.926459253810734,1.3386445729093992,-0.0970836570972741,3.962877739142265,-0.4437652502050322,1.3252658108302702
95.0,182.0,129.90525817871094,-0.0395527657072093,2.68221433245604,-4.116956616946764,-3.6791927619446256,-1.926459272833128,1.3386445621634944,-0.0970836571101795,3.962854948468301,-0.443765249774328,1.3252658108352655
95.0,182.0,129.90525817871094,-0.0395527657072093,2.68221433245604,-4.116956616946764,-3.6791927618203593,-1.926459249944509,1.3386445621634944,-0.0970836571101795,3.962854948468301,-0.443765249774328,1.3252658108352655
95.0,182.0,129.9053955078125,-0.0395527925015443,2.682214616597374,-4.116956616997211,-3.679192761667029,-1.926459318858559,1.3386443602897926,-0.0970836570971377,3.962824565838174,-0.4437652499767813,1.325265811048413
95.0,182.0,129.9053955078125,-0.0395527924888644,2.68221540195207,-4.116956616996694,-3.6791927590623,-1.9264585909528704,1.3386445640185285,-0.0970836570969444,3.9628245473875694,-0.4437652665733433,1.325265811159026
95.0,182.0,129.9053955078125,-0.0395527925015443,2.682214616597374,-4.116956616997211,-3.679192761667029,-1.926459318858559,1.3386443602897926,-0.0970836570971377,3.962824566412091,-0.4437652667847067,1.325265811048413
95.0,182.0,129.9053955078125,-0.0395527923851991,2.68221540195207,-4.116956616996694,-3.6791927590623,-1.9264585942480577,1.3386445640185285,-0.0970836570969413,3.9628245473875694,-0.4437652656604386,1.325265811159026
95.0,182.0,129.9053955078125,-0.0395527924999418,2.682214619448837,-4.116956616997197,-3.6791927590623,-1.9264585942480577,1.3386443779973085,-0.0970836570971293,3.9628245473875694,-0.4437652656604386,1.3252658110386026
95.0,182.0,129.90545654296875,-0.0395527925015443,2.6822147807482146,-4.116956616993267,-3.6791927590623,-1.926459318858559,1.3386443573961564,-0.0970836570971462,3.962812477250528,-0.4437652499767813,1.325265811048413
95.0,182.0,129.90545654296875,-0.0395527925011055,2.6822148455481325,-4.116956616993267,-3.6791927590623,-1.926459318858559,1.338644550893012,-0.0970836570971471,3.962812477250528,-0.4437652499767813,1.3252658110527835
95.0,182.0,129.9054718017578,-0.0395527642783777,2.68221429675014,-4.116956616993261,-3.679192761953873,-1.9264592530509697,1.3386445717136066,-0.0970836571100026,3.962807484116306,-0.4437652496201275,1.325265810801733
95.0,182.0,129.90567016601562,-0.0395527925011046,2.6822148478251178,-4.116956616997189,-3.67919276179067,-1.9264592733077108,1.338644561295674,-0.0970836570972493,3.962759575740012,-0.4437652503960612,1.3252658110528406
95.0,182.0,129.90660095214844,-0.0395527638016336,2.6822147807482146,-4.116956616942842,-3.6791927590623,-1.9264593171001247,1.338644350745812,-0.0970836570970294,3.962493763199964,-0.4437650217978924,1.3252658108443542
95.0,182.0,129.93150329589844,-0.0395527642626237,2.68221433245604,-4.116956616946764,-3.6791927619446256,-1.9264585884214973,1.338644557376409,-0.0970836570970817,3.969986786827784,-0.4437650156294414,1.325265810836837
95.0,182.0,129.93162536621094,-0.0395527642626237,2.68221433245604,-4.116956616946764,-3.679192761790006,-1.9264585884214973,1.3386445565389542,-0.0970836570970763,3.969998524401646,-0.4437650156294414,1.325265810836837
95.0,182.0,129.93162536621094,-0.0395527642626237,2.68220718536693,-4.116956616946764,-3.679192761790006,-1.9264585884214973,1.3386445620849765,-0.0970836570970763,3.969998524401646,-0.4437650156294414,1.3252658108370083
95.0,182.0,129.93252563476562,-0.0395527636018629,2.68221433245604,-4.116956616946764,-3.6791927619446256,-1.9264592544342327,1.3386445621013523,-0.0970836570951898,3.970081865232345,-0.4437650156294414,1.325265810836837
95.0,182.0,129.93267822265625,-0.0395527923865338,2.682207337337914,-4.116956616997189,-3.679192761788266,-1.9264592488623828,1.3386445716371116,-0.0970836571029838,3.970096872398998,-0.4437652573824729,1.3252658111717417
95.0,182.0,129.93267822265625,-0.0395527923868309,2.682207337337914,-4.116956616997189,-3.679192758769489,-1.926459248862532,1.3386445716371116,-0.0970836571029838,3.970096872398998,-0.4437652574125983,1.3252658111717417
95.0,183.0,129.9022979736328,-0.0395527919801295,2.6822143185605327,-4.116956616996371,-3.679192761861014,-1.92645924897735,1.3386445616171945,-0.0970836571096847,3.965019980825311,-0.443765249960297,1.3252658108351825
95.0,183.0,129.90231323242188,-0.0395527923865444,2.682214323621569,-4.11695661699719,-3.679192762002257,-1.9264592488376773,1.3386445616222882,-0.0970836571100545,3.963848719482327,-0.4437652599799164,1.32526581083521
95.0,183.0,129.90248107910156,-0.0395527923851991,2.6822154376579705,-4.11695661695154,-3.6791927590623,-1.9264585942480577,1.3386445640185285,-0.0970836570964951,3.9637314735279023,-0.4437652656604386,1.3252658111941298
95.0,183.0,129.90249633789062,-0.0395527636303083,2.68221433245604,-4.116956616946764,-3.6791927619446256,-1.9264592483278469,1.3386445621675074,-0.0970836571095564,3.963716624824632,-0.443765249774328,1.32526581083684
95.0,183.0,129.90249633789062,-0.0395527642783777,2.68221433245604,-4.116956616946764,-3.6791927619446256,-1.926459249505193,1.3386445621675074,-0.0970836571095564,3.963716624824632,-0.443765249774328,1.325265810836837
95.0,183.0,129.90249633789062,-0.0395527642783777,2.6822143328524484,-4.116956616946764,-3.6791927619446256,-1.92645924937372,1.3386445621675074,-0.0970836571095564,3.963716624824632,-0.443765249774328,1.325265810836837
95.0,183.0,129.9025115966797,-0.0395527642783777,2.68221433245604,-4.116956616948107,-3.679192761953873,-1.9264592530509697,1.3386445717136066,-0.0970836571095564,3.963714410256638,-0.4437652496201275,1.325265810836837
95.0,183.0,129.9025115966797,-0.0395527642783777,2.68221433245604,-4.116956616948107,-3.679192761953873,-1.9264592530509697,1.3386445717136066,-0.0970836571095564,3.963714410256638,-0.4437652496201275,1.325265810836837
95.0,183.0,129.9025115966797,-0.0395527642783777,2.682214323207885,-4.116956616994863,-3.679192762005182,-1.9264592530509697,1.33864456147826,-0.097083657110039,3.963714410256638,-0.4437652496201275,1.325265810835263
95.0,183.0,129.9025115966797,-0.0395527642783777,2.68221433245604,-4.116956616948098,-3.67919276195389,-1.926459253046603,1.3386445717136066,-0.0970836571095564,3.963714761572167,-0.4437652426303776,1.325265810836837
95.0,183.0,129.90252685546875,-0.0395527642783777,2.68221433245604,-4.116956616948098,-3.6791927619450417,-1.926459253335753,1.3386445717136066,-0.0970836571095564,3.963709754382918,-0.4437652428966001,1.325265810836837
95.0,183.0,129.90252685546875,-0.0395527642783777,2.68221433245604,-4.116956616948099,-3.679192761945031,-1.926459253237572,1.3386445717136066,-0.0970836571095564,3.963709754382918,-0.4437652499246108,1.325265810836837
95.0,183.0,129.90252685546875,-0.0395527642783777,2.68221433245604,-4.116956616948107,-3.679192761945025,-1.92645925334012,1.3386445717136066,-0.0970836571095564,3.963709403067389,-0.4437652498863501,1.325265810836837
95.0,183.0,129.9025421142578,-0.0395527923865338,2.68221452041916,-4.1169566169962,-3.679192761942597,-1.926459273134356,1.3386445716371116,-0.0970836571086501,3.963692942585468,-0.4437652496013528,1.3252658111717632
95.0,183.0,129.9025421142578,-0.0395527923865444,2.682214316947178,-4.1169566169962,-3.679192762006093,-1.926459273134356,1.3386445716371116,-0.0970836571086501,3.96369499342226,-0.4437652599961924,1.3252658111717632
95.0,183.0,129.90257263183594,-0.0395527636310405,2.68221433245604,-4.116956616942774,-3.679192761934488,-1.9264592483278469,1.3386443473857208,-0.0970836570970546,3.9636743866476256,-0.443765249774328,1.32526581083684
95.0,183.0,129.90257263183594,-0.0395527636310405,2.68221433245604,-4.116956616942774,-3.679192761934488,-1.9264592483278469,1.3386443473857208,-0.0970836570970546,3.9636743866476256,-0.443765249774328,1.32526581083684
95.0,183.0,129.90257263183594,-0.0395527636339499,2.68221433245604,-4.116956616948107,-3.679192761953873,-1.9264592530509697,1.3386443565259858,-0.0970836571095564,3.963675828169019,-0.4437652496201275,1.325265810836837
95.0,183.0,129.90257263183594,-0.0395527642562785,2.68221433245604,-4.116956616948107,-3.679192761953873,-1.9264592530509697,1.3386443565259858,-0.0970836571095564,3.963675828169019,-0.4437652496201275,1.325265810836837
95.0,183.0,129.90257263183594,-0.0395527644262115,2.68221433245604,-4.11695661694293,-3.6791927617774673,-1.9264592483278469,1.3386445624288683,-0.0970836570970546,3.9636743866476256,-0.443765249774328,1.32526581083684
95.0,183.0,129.90257263183594,-0.0395527636715186,2.68221433245604,-4.11695661694293,-3.6791927619480993,-1.9264592483278469,1.338644562412742,-0.0970836570970546,3.9636743866476256,-0.443765249774328,1.32526581083684
95.0,183.0,129.90257263183594,-0.0395527636339499,2.682214319426596,-4.116956617000367,-3.679192761859962,-1.9264592530509697,1.3386443594676771,-0.0970836571095564,3.963675828169019,-0.4437652496201275,1.325265810836837
95.0,183.0,129.90257263183594,-0.0395527931253219,2.68221433245604,-4.116956616942774,-3.679192758901376,-1.9264592721907097,1.3386443473857208,-0.0970836570970546,3.963676601488627,-0.443765249774328,1.3252658108368904
95.0,183.0,129.90257263183594,-0.0395527636310405,2.68221433245604,-4.116956616942773,-3.679192761934498,-1.926459248426028,1.3386443473857208,-0.0970836570970546,3.9636743866476256,-0.4437652427463173,1.32526581083684
95.0,183.0,129.90257263183594,-0.0395527636302229,2.68221433245604,-4.116956616948107,-3.679192761953873,-1.9264592530509697,1.3386443565259858,-0.0970836571095635,3.963675828169019,-0.4437652496241512,1.325265810836837
95.0,183.0,129.9027099609375,-0.0395527636303083,2.68221433245604,-4.116956616946764,-3.679192758998447,-1.9264592483278469,1.3386445620811425,-0.0970836571096701,3.9635968087349793,-0.4437652500269343,1.32526581083684
95.0,183.0,129.9027099609375,-0.0395527626410241,2.68221433245604,-4.116956616946764,-3.679192758998447,-1.9264592483278469,1.3386445620811425,-0.0970836571097583,3.9635968087349793,-0.4437652500269343,1.32526581083684
95.0,183.0,129.9027099609375,-0.0395527636340354,2.68221433245604,-4.116956616946764,-3.679192758998447,-1.9264592483278469,1.3386445620811425,-0.0970836571096629,3.9635968087349793,-0.4437652500229107,1.32526581083684
95.0,183.0,129.90274047851562,-0.0395527636303083,2.682214332405882,-4.116956616946764,-3.679192758998447,-1.9264592483603244,1.3386445620935643,-0.0970836571096701,3.963585612641142,-0.4437652499911427,1.3252658108351831
95.0,183.0,129.90274047851562,-0.0395527636222082,2.682214332406696,-4.116956616946764,-3.679192758998447,-1.9264592483278469,1.3386445620821603,-0.0970836571097583,3.963585571712032,-0.4437652500272964,1.3252658108352788
95.0,183.0,129.9027557373047,-0.0395527670988681,2.68221540195207,-4.116956616943593,-3.6791927590623,-1.9264585768511264,1.338644350745812,-0.0970836570969444,3.9635722367648696,-0.4437650073705104,1.325265811159026
95.0,183.0,129.90328979492188,-0.0395527923865338,2.682214330857299,-4.116956616998112,-3.67919275880124,-1.9264592488456915,1.3386445620923206,-0.0970836571101638,3.9633528053774456,-0.4437652499904224,1.3252658108352162
95.0,183.0,129.90328979492188,-0.0395527923865338,2.682214330857299,-4.116956616998112,-3.67919275880124,-1.9264592529995408,1.3386445620923206,-0.0970836571101638,3.9633525691040665,-0.4437652499904224,1.3252658108352162
95.0,183.0,129.90328979492188,-0.0395527923864406,2.682214330857299,-4.116956616997071,-3.67919275880124,-1.9264592488467125,1.338644562102962,-0.0970836571101638,3.9633528053774456,-0.4437652499904224,1.3252658108352162
95.0,183.0,129.90330505371094,-0.0395527923865338,2.682214341099777,-4.116956616997189,-3.679192761942962,-1.9264592488467265,1.33864456301207,-0.0970836571101638,3.9633504586418247,-0.4437652452684534,1.3252658108353634
95.0,183.0,129.90330505371094,-0.0395527923865338,2.682214330857299,-4.116956616997074,-3.67919275880124,-1.9264592488467265,1.338644562091121,-0.0970836571101638,3.9633504586418247,-0.4437652499904224,1.3252658108352715
95.0,183.0,129.90330505371094,-0.0395527923748537,2.6822143185605327,-4.116956616997074,-3.67919275880124,-1.9264592488467265,1.3386445616171945,-0.0970836570976897,3.9633504586418247,-0.4437652499904224,1.3252658108352715
95.0,183.0,129.90330505371094,-0.0395527923865338,2.682214330857299,-4.116956616997074,-3.67919275880124,-1.9264592488467265,1.338644562091121,-0.0970836571101638,3.9633504586418247,-0.4437652499904224,1.3252658108352715
95.0,183.0,129.90330505371094,-0.0395527923865338,2.682214341099777,-4.116956616997189,-3.679192761942962,-1.9264592488467265,1.338644562746932,-0.0970836571101197,3.9633504586418247,-0.4437652452684534,1.3252658108353634
95.0,183.0,129.90330505371094,-0.0395527923745566,2.6822143185605327,-4.116956616997074,-3.679192761820017,-1.926459248846578,1.3386445616171945,-0.0970836570976897,3.9633504586418247,-0.443765249960297,1.3252658108352715
95.0,183.0,129.90330505371094,-0.0395527923865338,2.682214341099777,-4.116956616997189,-3.679192761942962,-1.9264592488467265,1.33864456301207,-0.0970836571101638,3.9633504586418247,-0.4437652452684534,1.3252658108353634
95.0,183.0,129.90330505371094,-0.0395527923865338,2.682214330857299,-4.116956616997074,-3.679192758925507,-1.9264592717353448,1.338644562091121,-0.0970836571101638,3.9633504586418247,-0.4437652499904224,1.3252658108352715
95.0,183.0,129.90330505371094,-0.0395527628922525,2.682214330857299,-4.116956616997074,-3.679192761958618,-1.9264592478724816,1.338644562091121,-0.0970836571101638,3.963348243800824,-0.4437652499904224,1.325265810835221
95.0,183.0,129.90330505371094,-0.0395527929127783,2.682214330857299,-4.116956616943746,-3.6791927589222535,-1.9264585782490804,1.338644562091121,-0.0970836570970183,3.9633504586418247,-0.4437652319905724,1.3252658108119235
95.0,183.0,129.9033203125,-0.0395527923863009,2.682214318477121,-4.116956616997074,-3.6791927621059535,-1.9264592719214408,1.3386445630238335,-0.0970836571105634,3.963344237421507,-0.4437652494546739,1.3252658108353583
95.0,183.0,129.9033203125,-0.0395527642783777,2.68221433245604,-4.116956616946764,-3.679192761953456,-1.9264592492132744,1.3386445621675074,-0.0970836571095564,3.9633400335771367,-0.4437652498251843,1.325265810836837
95.0,183.0,129.9033203125,-0.0395527643924736,2.682214340406248,-4.116956616946827,-3.67919276194245,-1.9264592492132744,1.3386445621675074,-0.0970836571096164,3.9633400335771367,-0.4437652498251843,1.325265810836837
95.0,183.0,129.90335083007812,-0.0395527642783777,2.68221433245604,-4.116956616948098,-3.679192761953873,-1.9264592530438327,1.3386445717136066,-0.0970836571095564,3.963333163135423,-0.4437652429474564,1.325265810836837
95.0,183.0,129.90335083007812,-0.0395527642783777,2.68221433245604,-4.116956616948098,-3.679192761953873,-1.926459248889984,1.3386445717136066,-0.0970836571095564,3.9633333994088025,-0.4437652429474564,1.325265810836837
95.0,183.0,129.90513610839844,-0.0395527923865338,2.682214340183496,-4.116956616997189,-3.679192761942962,-1.926459273332052,1.33864456301207,-0.0970836571101638,3.96288347724918,-0.4437652452684534,1.3252658108353634
95.0,184.0,129.9022979736328,-0.0395527919801295,2.6822143185605327,-4.116956616996371,-3.679192761861014,-1.92645924897735,1.3386445616171945,-0.0970836571096847,3.965019980825311,-0.443765249960297,1.3252658108351825
95.0,184.0,129.9022979736328,-0.0395527923954679,2.682214316872168,-4.116956616996371,-3.679192761861014,-1.92645924897735,1.3386445616171945,-0.0970836571096847,3.965019980825311,-0.443765249960297,1.3252658108481998
95.0,184.0,129.9022979736328,-0.0395527923828428,2.6822143185605327,-4.116956616996315,-3.679192758742584,-1.926459271757136,1.3386445616171945,-0.0970836571096847,3.965019980825311,-0.443765249960297,1.3252658108352726
95.0,184.0,129.90231323242188,-0.0395527923865444,2.682214323621569,-4.11695661699719,-3.679192762002257,-1.9264592488376773,1.3386445616222882,-0.0970836571100545,3.963848719482327,-0.4437652599799164,1.32526581083521
95.0,184.0,129.90231323242188,-0.03955276267396,2.682214323621569,-4.116956616999163,-3.6791927619392513,-1.9264592488376773,1.3386445616222882,-0.0970836571100654,3.963848719482327,-0.4437652482852443,1.32526581083521
95.0,184.0,129.90231323242188,-0.0395527923865444,2.682214323621569,-4.116956616996894,-3.679192762002257,-1.9264592488553869,1.3386445617151836,-0.0970836571112873,3.963848719482327,-0.4437652601643888,1.32526581083521
95.0,184.0,129.90248107910156,-0.0395527923851991,2.6822154376579705,-4.11695661695154,-3.6791927590623,-1.9264585942480577,1.3386445640185285,-0.0970836570964951,3.9637314735279023,-0.4437652656604386,1.3252658111941298
95.0,184.0,129.90249633789062,-0.0395527636303083,2.68221433245604,-4.116956616946764,-3.6791927619446256,-1.9264592483278469,1.3386445621675074,-0.0970836571095564,3.963716624824632,-0.443765249774328,1.32526581083684
95.0,184.0,129.90249633789062,-0.0395527642783777,2.68221433245604,-4.116956616946764,-3.6791927619446256,-1.926459249505193,1.3386445621675074,-0.0970836571095564,3.963716624824632,-0.443765249774328,1.325265810836837
95.0,184.0,129.90249633789062,-0.0395527642783777,2.6822143328524484,-4.116956616946764,-3.6791927619446256,-1.92645924937372,1.3386445621675074,-0.0970836571095564,3.963716624824632,-0.443765249774328,1.325265810836837
95.0,184.0,129.90249633789062,-0.039552764302937,2.682214332454765,-4.116956616946764,-3.6791927619446256,-1.92645924937372,1.3386445621675074,-0.0970836571095564,3.963716624824632,-0.443765249774328,1.325265810836837
95.0,184.0,129.90249633789062,-0.0395527642771892,2.6822143324900343,-4.116956616946764,-3.6791927619446256,-1.92645924937372,1.3386445621675074,-0.0970836571095564,3.963716624824632,-0.443765249774328,1.325265810836837
95.0,184.0,129.90249633789062,-0.0395527933464748,2.682214332756515,-4.11695661695154,-3.679192759062724,-1.9264585942480577,1.3386445640185285,-0.0970836571097532,3.963727278161896,-0.4437652659838155,1.3252658111941298
95.0,184.0,129.90249633789062,-0.0395527636057491,2.682214332853724,-4.116956616946764,-3.6791927619446256,-1.9264592483278469,1.3386445621675074,-0.0970836571095564,3.963716624824632,-0.443765249774328,1.32526581083684
95.0,184.0,129.90249633789062,-0.0395527636314969,2.6822143328184542,-4.116956616946764,-3.6791927619446256,-1.9264592483278469,1.3386445621675074,-0.0970836571095564,3.963716624824632,-0.443765249774328,1.32526581083684
95.0,184.0,129.90249633789062,-0.0395527642783777,2.68221433245604,-4.116956616946738,-3.67919276194464,-1.926459249505193,1.3386445621675074,-0.0970836571095564,3.963716624824632,-0.4437652497816074,1.325265810836837
95.0,184.0,129.9025115966797,-0.0395527642783777,2.68221433245604,-4.116956616948107,-3.679192761953873,-1.9264592530509697,1.3386445717136066,-0.0970836571095564,3.963714410256638,-0.4437652496201275,1.325265810836837
95.0,184.0,129.9025115966797,-0.0395527642783777,2.68221433245604,-4.116956616948107,-3.679192761953873,-1.9264592530509697,1.3386445717136066,-0.0970836571095564,3.963714410256638,-0.4437652496201275,1.325265810836837
95.0,184.0,129.9025115966797,-0.0395527642783777,2.682214323207885,-4.116956616994863,-3.679192762005182,-1.9264592530509697,1.33864456147826,-0.097083657110039,3.963714410256638,-0.4437652496201275,1.325265810835263
95.0,184.0,129.9025115966797,-0.0395527642783777,2.68221433245604,-4.116956616948098,-3.67919276195389,-1.926459253046603,1.3386445717136066,-0.0970836571095564,3.963714761572167,-0.4437652426303776,1.325265810836837
95.0,184.0,129.9025115966797,-0.0395527642783777,2.68221433245604,-4.116956616948107,-3.679192761953873,-1.9264592530509697,1.3386445717136066,-0.0970836571095564,3.963714410256638,-0.4437652496201275,1.325265810836837
95.0,184.0,129.9025115966797,-0.0395527895314364,2.682214404651817,-4.116956616948107,-3.679192761953873,-1.9264592530509697,1.3386445717136066,-0.0970836571095564,3.963714410256638,-0.4437652496201275,1.325265810833702
95.0,184.0,129.9025115966797,-0.039552791919676,2.68221433245604,-4.116956616948098,-3.6791927616362297,-1.9264592529978428,1.3386445717136066,-0.0970836571095564,3.963714761572167,-0.4437652426303776,1.325265810835209
95.0,184.0,129.9025115966797,-0.0395527642783777,2.682214323207885,-4.116956616994863,-3.679192762005182,-1.9264592530509697,1.33864456147826,-0.097083657110039,3.963714410256638,-0.4437652496247395,1.325265810836871
95.0,184.0,129.9025115966797,-0.0395527636323705,2.682214332186552,-4.116956617000367,-3.679192761863913,-1.9264592530239588,1.3386443594676771,-0.0970836571095564,3.9637122681132815,-0.4437652496201275,1.325265810836837
95.0,184.0,129.9025115966797,-0.0395527642783777,2.6822143232024094,-4.116956616998063,-3.679192761952157,-1.9264592530509697,1.3386445721210671,-0.097083657110039,3.963714410256638,-0.4437652496201275,1.325265810835263
95.0,184.0,129.90252685546875,-0.0395527642783777,2.68221433245604,-4.116956616948098,-3.6791927619450417,-1.926459253335753,1.3386445717136066,-0.0970836571095564,3.963709754382918,-0.4437652428966001,1.325265810836837
95.0,184.0,129.90252685546875,-0.0395527642783777,2.68221433245604,-4.116956616948099,-3.679192761945031,-1.926459253237572,1.3386445717136066,-0.0970836571095564,3.963709754382918,-0.4437652499246108,1.325265810836837
95.0,184.0,129.90252685546875,-0.0395527642783777,2.68221433245604,-4.116956616948107,-3.679192761945025,-1.92645925334012,1.3386445717136066,-0.0970836571095564,3.963709403067389,-0.4437652498863501,1.325265810836837
95.0,184.0,129.9025421142578,-0.0395527923865338,2.68221452041916,-4.1169566169962,-3.679192761942597,-1.926459273134356,1.3386445716371116,-0.0970836571086501,3.963692942585468,-0.4437652496013528,1.3252658111717632
95.0,184.0,129.9025421142578,-0.0395527923865444,2.682214316947178,-4.1169566169962,-3.679192762006093,-1.926459273134356,1.3386445716371116,-0.0970836571086501,3.96369499342226,-0.4437652599961924,1.3252658111717632
95.0,184.0,129.9025421142578,-0.0395527923865338,2.68221452041916,-4.1169566169962,-3.679192761942597,-1.926459273134356,1.3386445716371116,-0.0970836571086501,3.963692942585468,-0.4437652496013528,1.3252658111717632
95.0,184.0,129.90255737304688,-0.0395527635410165,2.682214330857299,-4.116956616943746,-3.6791927589222535,-1.9264585782490804,1.338644562091121,-0.0970836570970183,3.963682650508101,-0.4437652319905724,1.325265810837882
95.0,184.0,129.90257263183594,-0.0395527636310405,2.68221433245604,-4.116956616942774,-3.679192761934488,-1.9264592483278469,1.3386443473857208,-0.0970836570970546,3.9636743866476256,-0.443765249774328,1.32526581083684
95.0,184.0,129.90257263183594,-0.0395527636310405,2.68221433245604,-4.116956616942774,-3.679192761934488,-1.9264592483278469,1.3386443473857208,-0.0970836570970546,3.9636743866476256,-0.443765249774328,1.32526581083684
95.0,184.0,129.90257263183594,-0.0395527636339499,2.68221433245604,-4.116956616948107,-3.679192761953873,-1.9264592530509697,1.3386443565259858,-0.0970836571095564,3.963675828169019,-0.4437652496201275,1.325265810836837
95.0,184.0,129.90257263183594,-0.0395527642562785,2.68221433245604,-4.116956616948107,-3.679192761953873,-1.9264592530509697,1.3386443565259858,-0.0970836571095564,3.963675828169019,-0.4437652496201275,1.325265810836837
95.0,184.0,129.90257263183594,-0.0395527644262115,2.68221433245604,-4.11695661694293,-3.6791927617774673,-1.9264592483278469,1.3386445624288683,-0.0970836570970546,3.9636743866476256,-0.443765249774328,1.32526581083684
95.0,184.0,129.90257263183594,-0.0395527636715186,2.68221433245604,-4.11695661694293,-3.6791927619480993,-1.9264592483278469,1.338644562412742,-0.0970836570970546,3.9636743866476256,-0.443765249774328,1.32526581083684
95.0,184.0,129.90257263183594,-0.0395527636339499,2.682214319426596,-4.116956617000367,-3.679192761859962,-1.9264592530509697,1.3386443594676771,-0.0970836571095564,3.963675828169019,-0.4437652496201275,1.325265810836837
95.0,184.0,129.90257263183594,-0.0395527931253219,2.68221433245604,-4.116956616942774,-3.679192758901376,-1.9264592721907097,1.3386443473857208,-0.0970836570970546,3.963676601488627,-0.443765249774328,1.3252658108368904
95.0,184.0,129.90257263183594,-0.0395527636310405,2.68221433245604,-4.116956616942773,-3.679192761934498,-1.926459248426028,1.3386443473857208,-0.0970836570970546,3.9636743866476256,-0.4437652427463173,1.32526581083684
95.0,184.0,129.90257263183594,-0.0395527636302229,2.68221433245604,-4.116956616948107,-3.679192761953873,-1.9264592530509697,1.3386443565259858,-0.0970836571095635,3.963675828169019,-0.4437652496241512,1.325265810836837
95.0,184.0,129.90257263183594,-0.0395527636310405,2.68221433245604,-4.1169566169481016,-3.679192761954237,-1.926459248426028,1.3386443473857208,-0.0970836570970546,3.963674375070117,-0.4437652427463173,1.32526581083684
95.0,184.0,129.90257263183594,-0.0395527931253219,2.68221433245604,-4.116956616948007,-3.679192761936027,-1.9264592727743235,1.3386443473857208,-0.097083657110265,3.9636769145599016,-0.4437652495831256,1.3252658108368376
95.0,184.0,129.90257263183594,-0.0395527636339499,2.68221433245604,-4.116956616948107,-3.679192761953873,-1.9264592533415,1.3386443565259858,-0.0970836571095564,3.963675445190084,-0.4437652496201275,1.325265810836837
95.0,184.0,129.90257263183594,-0.0395527636302229,2.68221433245604,-4.116956616948107,-3.679192761953873,-1.9264592530509697,1.3386443565259858,-0.0970836571095635,3.963675828169019,-0.4437652496241512,1.325265810836837
95.0,184.0,129.90257263183594,-0.0395527636212178,2.68221433245604,-4.116956616942774,-3.679192758691648,-1.9264592483278469,1.3386443473857208,-0.0970836570970546,3.9636743866476256,-0.4437652497741814,1.32526581083684
95.0,184.0,129.90257263183594,-0.0395527636715186,2.68221433245604,-4.11695661694293,-3.6791927619480993,-1.9264592483278469,1.338644562412742,-0.0970836570970546,3.9636743866476256,-0.443765249774328,1.32526581083684
95.0,184.0,129.90257263183594,-0.0395527644262115,2.68221433245604,-4.116956616943226,-3.6791927617774673,-1.9264592483101373,1.3386445623359728,-0.0970836570958218,3.9636743866476256,-0.4437652495898557,1.32526581083684
95.0,185.0,129.9022979736328,-0.0395527919801295,2.6822143185605327,-4.116956616996371,-3.679192761861014,-1.92645924897735,1.3386445616171945,-0.0970836571096847,3.965019980825311,-0.443765249960297,1.3252658108351825
95.0,185.0,129.9022979736328,-0.0395527923954679,2.682214316872168,-4.116956616996371,-3.679192761861014,-1.92645924897735,1.3386445616171945,-0.0970836571096847,3.965019980825311,-0.443765249960297,1.3252658108481998
95.0,185.0,129.9022979736328,-0.0395527923828428,2.6822143185605327,-4.116956616996315,-3.679192758742584,-1.926459271757136,1.3386445616171945,-0.0970836571096847,3.965019980825311,-0.443765249960297,1.3252658108352726
95.0,185.0,129.9022979736328,-0.0395527622453889,2.6822143348555243,-4.116956616946764,-3.679192761863032,-1.9264592483278469,1.338644562173669,-0.0970836571095564,3.965010701282912,-0.4437652497718227,1.3252658108480906
95.0,185.0,129.9022979736328,-0.0395527919801295,2.682215424676068,-4.116956616951696,-3.679192759059212,-1.92645924897735,1.3386445616171945,-0.0970836571096847,3.965019980825311,-0.4437652500569998,1.3252658111838331
95.0,185.0,129.90231323242188,-0.0395527923865444,2.682214323621569,-4.11695661699719,-3.679192762002257,-1.9264592488376773,1.3386445616222882,-0.0970836571100545,3.963848719482327,-0.4437652599799164,1.32526581083521
95.0,185.0,129.90231323242188,-0.03955276267396,2.682214323621569,-4.116956616999163,-3.6791927619392513,-1.9264592488376773,1.3386445616222882,-0.0970836571100654,3.963848719482327,-0.4437652482852443,1.32526581083521
95.0,185.0,129.90231323242188,-0.0395527923865444,2.682214323621569,-4.116956616996894,-3.679192762002257,-1.9264592488553869,1.3386445617151836,-0.0970836571112873,3.963848719482327,-0.4437652601643888,1.32526581083521
95.0,185.0,129.90231323242188,-0.0395527923705296,2.682214323621569,-4.116956617000752,-3.6791927620008735,-1.9264592530475115,1.3386443518059,-0.0970836571112873,3.963848719482327,-0.4437652601643888,1.3252658108352735
95.0,185.0,129.90231323242188,-0.0395527648119887,2.6822143185605327,-4.116956616947497,-3.679192758742584,-1.9264592533354843,1.3386445724271778,-0.0970836571096847,3.9650305657762286,-0.4437652496241162,1.3252658108352726
95.0,185.0,129.90231323242188,-0.03955276267396,2.682214323621569,-4.116956616999163,-3.6791927619392513,-1.9264592488376773,1.3386445616222882,-0.0970836571100654,3.963848719482327,-0.4437652482852443,1.32526581083521
95.0,185.0,129.90231323242188,-0.0395527933464748,2.682214332415207,-4.1169566169510965,-3.6791927591421465,-1.9264586122716665,1.3386445641377012,-0.0970836571097736,3.963853765143112,-0.443765248381973,1.3252658111941298
95.0,185.0,129.90248107910156,-0.0395527923851991,2.6822154376579705,-4.11695661695154,-3.6791927590623,-1.9264585942480577,1.3386445640185285,-0.0970836570964951,3.9637314735279023,-0.4437652656604386,1.3252658111941298
95.0,185.0,129.90249633789062,-0.0395527636303083,2.68221433245604,-4.116956616946764,-3.6791927619446256,-1.9264592483278469,1.3386445621675074,-0.0970836571095564,3.963716624824632,-0.443765249774328,1.32526581083684
95.0,185.0,129.90249633789062,-0.0395527642783777,2.68221433245604,-4.116956616946764,-3.6791927619446256,-1.926459249505193,1.3386445621675074,-0.0970836571095564,3.963716624824632,-0.443765249774328,1.325265810836837
95.0,185.0,129.90249633789062,-0.0395527642783777,2.6822143328524484,-4.116956616946764,-3.6791927619446256,-1.92645924937372,1.3386445621675074,-0.0970836571095564,3.963716624824632,-0.443765249774328,1.325265810836837
95.0,185.0,129.90249633789062,-0.039552764302937,2.682214332454765,-4.116956616946764,-3.6791927619446256,-1.92645924937372,1.3386445621675074,-0.0970836571095564,3.963716624824632,-0.443765249774328,1.325265810836837
95.0,185.0,129.90249633789062,-0.0395527642771892,2.6822143324900343,-4.116956616946764,-3.6791927619446256,-1.92645924937372,1.3386445621675074,-0.0970836571095564,3.963716624824632,-0.443765249774328,1.325265810836837
95.0,185.0,129.90249633789062,-0.0395527933464748,2.682214332756515,-4.11695661695154,-3.679192759062724,-1.9264585942480577,1.3386445640185285,-0.0970836571097532,3.963727278161896,-0.4437652659838155,1.3252658111941298
95.0,185.0,129.90249633789062,-0.0395527636057491,2.682214332853724,-4.116956616946764,-3.6791927619446256,-1.9264592483278469,1.3386445621675074,-0.0970836571095564,3.963716624824632,-0.443765249774328,1.32526581083684
95.0,185.0,129.90249633789062,-0.0395527636314969,2.6822143328184542,-4.116956616946764,-3.6791927619446256,-1.9264592483278469,1.3386445621675074,-0.0970836571095564,3.963716624824632,-0.443765249774328,1.32526581083684
95.0,185.0,129.90249633789062,-0.0395527642783777,2.68221433245604,-4.116956616946738,-3.67919276194464,-1.926459249505193,1.3386445621675074,-0.0970836571095564,3.963716624824632,-0.4437652497816074,1.325265810836837
95.0,185.0,129.90249633789062,-0.0395527937803873,2.682214314472683,-4.116956616996371,-3.679192761942607,-1.92645924897735,1.3386445616110327,-0.0970836571096847,3.963725904367029,-0.4437652499628023,1.3252658108369493
95.0,185.0,129.90249633789062,-0.0395527642771892,2.6822143324557874,-4.116956616946764,-3.679192761953917,-1.926459252787641,1.3386445711955024,-0.0970836571095564,3.963716624824632,-0.443765249774328,1.325265810836837
95.0,185.0,129.90249633789062,-0.0395527642783777,2.682214332464734,-4.116956616946764,-3.6791927619531535,-1.92645924937372,1.3386445621675074,-0.0970836571095564,3.963716624824632,-0.443765249774328,1.325265810836837
95.0,185.0,129.90249633789062,-0.03955276267396,2.682214323962877,-4.116956616999605,-3.679192761859829,-1.926459230814069,1.3386445615031153,-0.0970836571100449,3.9637222325011128,-0.4437652658870867,1.32526581083521
95.0,185.0,129.90249633789062,-0.0395527636308994,2.6822143328184542,-4.116956616946764,-3.6791927619446256,-1.9264592483278469,1.3386445621675074,-0.0970836571095564,3.963716624824632,-0.443765249774328,1.32526581083684
95.0,185.0,129.90249633789062,-0.0395527933464748,2.682214332756515,-4.116956616945684,-3.679192759062724,-1.9264592762646884,1.3386445640185285,-0.0970836571097532,3.963727278161896,-0.443765265912118,1.3252658108541018
95.0,185.0,129.90249633789062,-0.0395527647864552,2.68221452041916,-4.1169566169962,-3.679192761942601,-1.926459273134356,1.3386445716444948,-0.0970836571086501,3.963717801769073,-0.4437652496013528,1.3252658111717632
95.0,185.0,129.9025115966797,-0.0395527642783777,2.68221433245604,-4.116956616948107,-3.679192761953873,-1.9264592530509697,1.3386445717136066,-0.0970836571095564,3.963714410256638,-0.4437652496201275,1.325265810836837
95.0,185.0,129.9025115966797,-0.0395527642783777,2.68221433245604,-4.116956616948107,-3.679192761953873,-1.9264592530509697,1.3386445717136066,-0.0970836571095564,3.963714410256638,-0.4437652496201275,1.325265810836837
95.0,185.0,129.9025115966797,-0.0395527642783777,2.682214323207885,-4.116956616994863,-3.679192762005182,-1.9264592530509697,1.33864456147826,-0.097083657110039,3.963714410256638,-0.4437652496201275,1.325265810835263
95.0,185.0,129.9025115966797,-0.0395527642783777,2.68221433245604,-4.116956616948098,-3.67919276195389,-1.926459253046603,1.3386445717136066,-0.0970836571095564,3.963714761572167,-0.4437652426303776,1.325265810836837
95.0,185.0,129.9025115966797,-0.0395527642783777,2.68221433245604,-4.116956616948107,-3.679192761953873,-1.9264592530509697,1.3386445717136066,-0.0970836571095564,3.963714410256638,-0.4437652496201275,1.325265810836837
95.0,185.0,129.9025115966797,-0.0395527895314364,2.682214404651817,-4.116956616948107,-3.679192761953873,-1.9264592530509697,1.3386445717136066,-0.0970836571095564,3.963714410256638,-0.4437652496201275,1.325265810833702
95.0,185.0,129.9025115966797,-0.039552791919676,2.68221433245604,-4.116956616948098,-3.6791927616362297,-1.9264592529978428,1.3386445717136066,-0.0970836571095564,3.963714761572167,-0.4437652426303776,1.325265810835209
95.0,185.0,129.9025115966797,-0.0395527642783777,2.682214323207885,-4.116956616994863,-3.679192762005182,-1.9264592530509697,1.33864456147826,-0.097083657110039,3.963714410256638,-0.4437652496247395,1.325265810836871
95.0,185.0,129.9025115966797,-0.0395527636323705,2.682214332186552,-4.116956617000367,-3.679192761863913,-1.9264592530239588,1.3386443594676771,-0.0970836571095564,3.9637122681132815,-0.4437652496201275,1.325265810836837
95.0,185.0,129.9025115966797,-0.0395527642783777,2.6822143232024094,-4.116956616998063,-3.679192761952157,-1.9264592530509697,1.3386445721210671,-0.097083657110039,3.963714410256638,-0.4437652496201275,1.325265810835263
95.0,185.0,129.9025115966797,-0.0395527895314364,2.682214404651817,-4.116956616948107,-3.679192761953873,-1.9264592530509697,1.3386445717136066,-0.0970836571095564,3.963714410256638,-0.4437652496201275,1.325265810833702
95.0,185.0,129.9025115966797,-0.0395527636323705,2.682214332186552,-4.116956616998305,-3.679192761863913,-1.9264592530239588,1.3386443472534268,-0.0970836571095564,3.9637122681132815,-0.4437652497469587,1.325265810836837
95.0,185.0,129.9025115966797,-0.0395527648440744,2.682214323207885,-4.116956616997321,-3.679192762005182,-1.9264592530509697,1.33864456147826,-0.0970836571100542,3.963714410256638,-0.4437652596110595,1.3252658108353006
95.0,185.0,129.9025115966797,-0.039552762914169,2.68221433245604,-4.116956616948098,-3.6791927616362297,-1.926459253000409,1.3386445717136066,-0.0970836571095564,3.963714761572167,-0.4437652426303776,1.3252658108368494
95.0,185.0,129.9025115966797,-0.0395527642783777,2.68221433245604,-4.116956616948107,-3.679192761953873,-1.9264592530509697,1.3386445717136066,-0.0970836571095564,3.963714410256638,-0.4437652496201275,1.325265810836837
95.0,185.0,129.90252685546875,-0.0395527642783777,2.68221433245604,-4.116956616948098,-3.6791927619450417,-1.926459253335753,1.3386445717136066,-0.0970836571095564,3.963709754382918,-0.4437652428966001,1.325265810836837
95.0,185.0,129.90252685546875,-0.0395527642783777,2.68221433245604,-4.116956616948099,-3.679192761945031,-1.926459253237572,1.3386445717136066,-0.0970836571095564,3.963709754382918,-0.4437652499246108,1.325265810836837
95.0,185.0,129.90252685546875,-0.0395527642783777,2.68221433245604,-4.116956616948107,-3.679192761945025,-1.92645925334012,1.3386445717136066,-0.0970836571095564,3.963709403067389,-0.4437652498863501,1.325265810836837
95.0,185.0,129.90252685546875,-0.0395527918492319,2.68221433245604,-4.116956616996926,-3.679192761953873,-1.926459271472621,1.3386445609036228,-0.0970836571095564,3.96370382530572,-0.4437652499563083,1.325265810836837
95.0,185.0,129.90252685546875,-0.0395527642783777,2.68221433245604,-4.116956616948099,-3.679192761945056,-1.926459253237572,1.3386445717136066,-0.0970836571095564,3.963709814287084,-0.4437652499246108,1.325265810836837
95.0,185.0,129.9025421142578,-0.0395527923865338,2.68221452041916,-4.1169566169962,-3.679192761942597,-1.926459273134356,1.3386445716371116,-0.0970836571086501,3.963692942585468,-0.4437652496013528,1.3252658111717632
95.0,186.0,129.9022979736328,-0.0395527919801295,2.6822143185605327,-4.116956616996371,-3.679192761861014,-1.92645924897735,1.3386445616171945,-0.0970836571096847,3.965019980825311,-0.443765249960297,1.3252658108351825
95.0,186.0,129.9022979736328,-0.0395527923954679,2.682214316872168,-4.116956616996371,-3.679192761861014,-1.92645924897735,1.3386445616171945,-0.0970836571096847,3.965019980825311,-0.443765249960297,1.3252658108481998
95.0,186.0,129.9022979736328,-0.0395527923828428,2.6822143185605327,-4.116956616996315,-3.679192758742584,-1.926459271757136,1.3386445616171945,-0.0970836571096847,3.965019980825311,-0.443765249960297,1.3252658108352726
95.0,186.0,129.9022979736328,-0.0395527622453889,2.6822143348555243,-4.116956616946764,-3.679192761863032,-1.9264592483278469,1.338644562173669,-0.0970836571095564,3.965010701282912,-0.4437652497718227,1.3252658108480906
95.0,186.0,129.9022979736328,-0.0395527919801295,2.682215424676068,-4.116956616951696,-3.679192759059212,-1.92645924897735,1.3386445616171945,-0.0970836571096847,3.965019980825311,-0.4437652500569998,1.3252658111838331
95.0,186.0,129.9022979736328,-0.0395527919801295,2.6822143185605327,-4.116956616996371,-3.679192761861014,-1.92645924897735,1.3386445616171945,-0.0970836571096847,3.965019980825311,-0.443765249960297,1.3252658108351825
95.0,186.0,129.9022979736328,-0.0395527919801295,2.682215424676068,-4.116956616951696,-3.679192759059212,-1.926459248977457,1.3386445616171945,-0.0970836571096764,3.965019980825311,-0.4437652500569998,1.3252658108246531
95.0,186.0,129.9022979736328,-0.0395527622453889,2.6822143348555243,-4.116956616946764,-3.679192761863032,-1.9264592483278469,1.338644562173669,-0.0970836571095564,3.965010701282912,-0.4437652497718227,1.3252658108480906
95.0,186.0,129.9022979736328,-0.0395527923954679,2.682214324141928,-4.116956616996371,-3.679192761859887,-1.92645924897735,1.3386445616171945,-0.0970836571096955,3.965019980825311,-0.443765249960297,1.3252658108473874
95.0,186.0,129.90231323242188,-0.0395527923865444,2.682214323621569,-4.11695661699719,-3.679192762002257,-1.9264592488376773,1.3386445616222882,-0.0970836571100545,3.963848719482327,-0.4437652599799164,1.32526581083521
95.0,186.0,129.90231323242188,-0.03955276267396,2.682214323621569,-4.116956616999163,-3.6791927619392513,-1.9264592488376773,1.3386445616222882,-0.0970836571100654,3.963848719482327,-0.4437652482852443,1.32526581083521
95.0,186.0,129.90231323242188,-0.0395527923865444,2.682214323621569,-4.116956616996894,-3.679192762002257,-1.9264592488553869,1.3386445617151836,-0.0970836571112873,3.963848719482327,-0.4437652601643888,1.32526581083521
95.0,186.0,129.90231323242188,-0.0395527923705296,2.682214323621569,-4.116956617000752,-3.6791927620008735,-1.9264592530475115,1.3386443518059,-0.0970836571112873,3.963848719482327,-0.4437652601643888,1.3252658108352735
95.0,186.0,129.90231323242188,-0.0395527648119887,2.6822143185605327,-4.116956616947497,-3.679192758742584,-1.9264592533354843,1.3386445724271778,-0.0970836571096847,3.9650305657762286,-0.4437652496241162,1.3252658108352726
95.0,186.0,129.90231323242188,-0.03955276267396,2.682214323621569,-4.116956616999163,-3.6791927619392513,-1.9264592488376773,1.3386445616222882,-0.0970836571100654,3.963848719482327,-0.4437652482852443,1.32526581083521
95.0,186.0,129.90231323242188,-0.0395527933464748,2.682214332415207,-4.1169566169510965,-3.6791927591421465,-1.9264586122716665,1.3386445641377012,-0.0970836571097736,3.963853765143112,-0.443765248381973,1.3252658111941298
95.0,186.0,129.90231323242188,-0.039552764268977,2.6822143326224177,-4.116956616948107,-3.679192761954604,-1.9264592530509697,1.3386445717136066,-0.0970836571095355,3.9638499125288313,-0.4437652496201275,1.325265810836837
95.0,186.0,129.90231323242188,-0.0395527923705296,2.682214323621569,-4.116956617000752,-3.6791927620008735,-1.9264592530475115,1.3386443518059,-0.0970836571112873,3.963848719482327,-0.4437652601643888,1.3252658108352735
95.0,186.0,129.90248107910156,-0.0395527923851991,2.6822154376579705,-4.11695661695154,-3.6791927590623,-1.9264585942480577,1.3386445640185285,-0.0970836570964951,3.9637314735279023,-0.4437652656604386,1.3252658111941298
95.0,186.0,129.90249633789062,-0.0395527636303083,2.68221433245604,-4.116956616946764,-3.6791927619446256,-1.9264592483278469,1.3386445621675074,-0.0970836571095564,3.963716624824632,-0.443765249774328,1.32526581083684
95.0,186.0,129.90249633789062,-0.0395527642783777,2.68221433245604,-4.116956616946764,-3.6791927619446256,-1.926459249505193,1.3386445621675074,-0.0970836571095564,3.963716624824632,-0.443765249774328,1.325265810836837
95.0,186.0,129.90249633789062,-0.0395527642783777,2.6822143328524484,-4.116956616946764,-3.6791927619446256,-1.92645924937372,1.3386445621675074,-0.0970836571095564,3.963716624824632,-0.443765249774328,1.325265810836837
95.0,186.0,129.90249633789062,-0.039552764302937,2.682214332454765,-4.116956616946764,-3.6791927619446256,-1.92645924937372,1.3386445621675074,-0.0970836571095564,3.963716624824632,-0.443765249774328,1.325265810836837
95.0,186.0,129.90249633789062,-0.0395527642771892,2.6822143324900343,-4.116956616946764,-3.6791927619446256,-1.92645924937372,1.3386445621675074,-0.0970836571095564,3.963716624824632,-0.443765249774328,1.325265810836837
95.0,186.0,129.90249633789062,-0.0395527933464748,2.682214332756515,-4.11695661695154,-3.679192759062724,-1.9264585942480577,1.3386445640185285,-0.0970836571097532,3.963727278161896,-0.4437652659838155,1.3252658111941298
95.0,186.0,129.90249633789062,-0.0395527636057491,2.682214332853724,-4.116956616946764,-3.6791927619446256,-1.9264592483278469,1.3386445621675074,-0.0970836571095564,3.963716624824632,-0.443765249774328,1.32526581083684
95.0,186.0,129.90249633789062,-0.0395527636314969,2.6822143328184542,-4.116956616946764,-3.6791927619446256,-1.9264592483278469,1.3386445621675074,-0.0970836571095564,3.963716624824632,-0.443765249774328,1.32526581083684
95.0,186.0,129.90249633789062,-0.0395527642783777,2.68221433245604,-4.116956616946738,-3.67919276194464,-1.926459249505193,1.3386445621675074,-0.0970836571095564,3.963716624824632,-0.4437652497816074,1.325265810836837
95.0,186.0,129.90249633789062,-0.0395527937803873,2.682214314472683,-4.116956616996371,-3.679192761942607,-1.92645924897735,1.3386445616110327,-0.0970836571096847,3.963725904367029,-0.4437652499628023,1.3252658108369493
95.0,186.0,129.90249633789062,-0.0395527642771892,2.6822143324557874,-4.116956616946764,-3.679192761953917,-1.926459252787641,1.3386445711955024,-0.0970836571095564,3.963716624824632,-0.443765249774328,1.325265810836837
95.0,186.0,129.90249633789062,-0.0395527642783777,2.682214332464734,-4.116956616946764,-3.6791927619531535,-1.92645924937372,1.3386445621675074,-0.0970836571095564,3.963716624824632,-0.443765249774328,1.325265810836837
95.0,186.0,129.90249633789062,-0.03955276267396,2.682214323962877,-4.116956616999605,-3.679192761859829,-1.926459230814069,1.3386445615031153,-0.0970836571100449,3.9637222325011128,-0.4437652658870867,1.32526581083521
95.0,186.0,129.90249633789062,-0.0395527636308994,2.6822143328184542,-4.116956616946764,-3.6791927619446256,-1.9264592483278469,1.3386445621675074,-0.0970836571095564,3.963716624824632,-0.443765249774328,1.32526581083684
95.0,186.0,129.90249633789062,-0.0395527933464748,2.682214332756515,-4.116956616945684,-3.679192759062724,-1.9264592762646884,1.3386445640185285,-0.0970836571097532,3.963727278161896,-0.443765265912118,1.3252658108541018
95.0,186.0,129.90249633789062,-0.0395527647864552,2.68221452041916,-4.1169566169962,-3.679192761942601,-1.926459273134356,1.3386445716444948,-0.0970836571086501,3.963717801769073,-0.4437652496013528,1.3252658111717632
95.0,186.0,129.90249633789062,-0.0395527642783777,2.68221433245604,-4.116956616946738,-3.67919276194464,-1.9264592483197285,1.3386445621675074,-0.0970836571095564,3.963716624824632,-0.4437652497742131,1.325265810836837
95.0,186.0,129.90249633789062,-0.0395527642771892,2.6822143324557874,-4.116956616946764,-3.679192761953917,-1.926459252787641,1.3386445621624938,-0.0970836571095564,3.963716624824632,-0.443765249774328,1.325265810836837
95.0,186.0,129.90249633789062,-0.0395527648119887,2.6822143328305823,-4.11695661694676,-3.679192758742584,-1.9264592533354843,1.3386445724271778,-0.0970836571096847,3.963727557598664,-0.4437652496241162,1.3252658108352726
95.0,186.0,129.90249633789062,-0.0395527642716214,2.68221433245604,-4.116956616948105,-3.679192761953264,-1.9264592483278469,1.3386445621675074,-0.0970836571095564,3.963716624824632,-0.4437652497882563,1.32526581083684
95.0,186.0,129.90249633789062,-0.0395527933464748,2.682214332756515,-4.11695661695154,-3.679192759062724,-1.92645925161599,1.338644561706507,-0.0970836571097557,3.963727278161896,-0.4437652659838155,1.3252658111941298
95.0,186.0,129.90249633789062,-0.0395527636308994,2.6822143328184542,-4.116956616946764,-3.6791927619446256,-1.926459249513312,1.3386445621675074,-0.0970836571095564,3.963716624824632,-0.4437652497817222,1.32526581083684
95.0,186.0,129.90249633789062,-0.0395527642783777,2.68221433245604,-4.116956616946764,-3.6791927619446256,-1.926459249505193,1.3386445712005155,-0.0970836571095564,3.963716624824632,-0.443765249774328,1.325265810836837
95.0,186.0,129.90249633789062,-0.0395527636040599,2.682214332853724,-4.116956616946764,-3.6791927619446256,-1.9264592483582936,1.3386445621675074,-0.0970836571095564,3.963716624824632,-0.4437652497843011,1.32526581083684
95.0,186.0,129.90249633789062,-0.0395527626817514,2.682214323962877,-4.116956616948274,-3.679192761859829,-1.926459230814069,1.338644561503347,-0.0970836571095568,3.963716568744289,-0.4437652497495064,1.32526581083521
95.0,186.0,129.9025115966797,-0.0395527642783777,2.68221433245604,-4.116956616948107,-3.679192761953873,-1.9264592530509697,1.3386445717136066,-0.0970836571095564,3.963714410256638,-0.4437652496201275,1.325265810836837
95.0,186.0,129.9025115966797,-0.0395527642783777,2.68221433245604,-4.116956616948107,-3.679192761953873,-1.9264592530509697,1.3386445717136066,-0.0970836571095564,3.963714410256638,-0.4437652496201275,1.325265810836837
95.0,186.0,129.9025115966797,-0.0395527642783777,2.682214323207885,-4.116956616994863,-3.679192762005182,-1.9264592530509697,1.33864456147826,-0.097083657110039,3.963714410256638,-0.4437652496201275,1.325265810835263
95.0,186.0,129.9025115966797,-0.0395527642783777,2.68221433245604,-4.116956616948098,-3.67919276195389,-1.926459253046603,1.3386445717136066,-0.0970836571095564,3.963714761572167,-0.4437652426303776,1.325265810836837
95.0,186.0,129.9025115966797,-0.0395527642783777,2.68221433245604,-4.116956616948107,-3.679192761953873,-1.9264592530509697,1.3386445717136066,-0.0970836571095564,3.963714410256638,-0.4437652496201275,1.325265810836837
95.0,186.0,129.9025115966797,-0.0395527895314364,2.682214404651817,-4.116956616948107,-3.679192761953873,-1.9264592530509697,1.3386445717136066,-0.0970836571095564,3.963714410256638,-0.4437652496201275,1.325265810833702
95.0,187.0,129.9022979736328,-0.0395527919801295,2.6822143185605327,-4.116956616996371,-3.679192761861014,-1.92645924897735,1.3386445616171945,-0.0970836571096847,3.965019980825311,-0.443765249960297,1.3252658108351825
95.0,187.0,129.9022979736328,-0.0395527923954679,2.682214316872168,-4.116956616996371,-3.679192761861014,-1.92645924897735,1.3386445616171945,-0.0970836571096847,3.965019980825311,-0.443765249960297,1.3252658108481998
95.0,187.0,129.9022979736328,-0.0395527923828428,2.6822143185605327,-4.116956616996315,-3.679192758742584,-1.926459271757136,1.3386445616171945,-0.0970836571096847,3.965019980825311,-0.443765249960297,1.3252658108352726
95.0,187.0,129.9022979736328,-0.0395527622453889,2.6822143348555243,-4.116956616946764,-3.679192761863032,-1.9264592483278469,1.338644562173669,-0.0970836571095564,3.965010701282912,-0.4437652497718227,1.3252658108480906
95.0,187.0,129.9022979736328,-0.0395527919801295,2.682215424676068,-4.116956616951696,-3.679192759059212,-1.92645924897735,1.3386445616171945,-0.0970836571096847,3.965019980825311,-0.4437652500569998,1.3252658111838331
95.0,187.0,129.9022979736328,-0.0395527919801295,2.6822143185605327,-4.116956616996371,-3.679192761861014,-1.92645924897735,1.3386445616171945,-0.0970836571096847,3.965019980825311,-0.443765249960297,1.3252658108351825
95.0,187.0,129.9022979736328,-0.0395527919801295,2.682215424676068,-4.116956616951696,-3.679192759059212,-1.926459248977457,1.3386445616171945,-0.0970836571096764,3.965019980825311,-0.4437652500569998,1.3252658108246531
95.0,187.0,129.9022979736328,-0.0395527622453889,2.6822143348555243,-4.116956616946764,-3.679192761863032,-1.9264592483278469,1.338644562173669,-0.0970836571095564,3.965010701282912,-0.4437652497718227,1.3252658108480906
95.0,187.0,129.9022979736328,-0.0395527923954679,2.682214324141928,-4.116956616996371,-3.679192761859887,-1.92645924897735,1.3386445616171945,-0.0970836571096955,3.965019980825311,-0.443765249960297,1.3252658108473874
95.0,187.0,129.9022979736328,-0.0395527923954679,2.682214316872168,-4.116956616996371,-3.679192761861014,-1.92645924897735,1.3386445616171945,-0.0970836571096847,3.965019980825311,-0.443765249960297,1.3252658108481998
95.0,187.0,129.9022979736328,-0.0395527644956082,2.6822143185605327,-4.116956616996371,-3.679192761855027,-1.92645924897735,1.33864457104492,-0.0970836571096847,3.965019980825311,-0.4437652497734763,1.3252658108369046
95.0,187.0,129.9022979736328,-0.0395527923954679,2.682214324141928,-4.116956616996371,-3.679192761859887,-1.92645924897735,1.3386445616171945,-0.0970836571096844,3.965019980825311,-0.443765249960297,1.3252658108472473
95.0,187.0,129.9022979736328,-0.0395527622453889,2.6822143348555243,-4.116956616946764,-3.679192761863032,-1.9264592483278469,1.338644562173669,-0.0970836571095564,3.965010701282912,-0.4437652497718227,1.3252658108480906
95.0,187.0,129.90231323242188,-0.0395527923865444,2.682214323621569,-4.11695661699719,-3.679192762002257,-1.9264592488376773,1.3386445616222882,-0.0970836571100545,3.963848719482327,-0.4437652599799164,1.32526581083521
95.0,187.0,129.90231323242188,-0.03955276267396,2.682214323621569,-4.116956616999163,-3.6791927619392513,-1.9264592488376773,1.3386445616222882,-0.0970836571100654,3.963848719482327,-0.4437652482852443,1.32526581083521
95.0,187.0,129.90231323242188,-0.0395527923865444,2.682214323621569,-4.116956616996894,-3.679192762002257,-1.9264592488553869,1.3386445617151836,-0.0970836571112873,3.963848719482327,-0.4437652601643888,1.32526581083521
95.0,187.0,129.90231323242188,-0.0395527923705296,2.682214323621569,-4.116956617000752,-3.6791927620008735,-1.9264592530475115,1.3386443518059,-0.0970836571112873,3.963848719482327,-0.4437652601643888,1.3252658108352735
95.0,187.0,129.90231323242188,-0.0395527648119887,2.6822143185605327,-4.116956616947497,-3.679192758742584,-1.9264592533354843,1.3386445724271778,-0.0970836571096847,3.9650305657762286,-0.4437652496241162,1.3252658108352726
95.0,187.0,129.90231323242188,-0.03955276267396,2.682214323621569,-4.116956616999163,-3.6791927619392513,-1.9264592488376773,1.3386445616222882,-0.0970836571100654,3.963848719482327,-0.4437652482852443,1.32526581083521
95.0,187.0,129.90231323242188,-0.0395527933464748,2.682214332415207,-4.1169566169510965,-3.6791927591421465,-1.9264586122716665,1.3386445641377012,-0.0970836571097736,3.963853765143112,-0.443765248381973,1.3252658111941298
95.0,187.0,129.90231323242188,-0.039552764268977,2.6822143326224177,-4.116956616948107,-3.679192761954604,-1.9264592530509697,1.3386445717136066,-0.0970836571095355,3.9638499125288313,-0.4437652496201275,1.325265810836837
95.0,187.0,129.90231323242188,-0.0395527923705296,2.682214323621569,-4.116956617000752,-3.6791927620008735,-1.9264592530475115,1.3386443518059,-0.0970836571112873,3.963848719482327,-0.4437652601643888,1.3252658108352735
95.0,187.0,129.90231323242188,-0.0395527923705296,2.682214323621569,-4.116956616998032,-3.6791927620008735,-1.9264592463864187,1.3386443518059,-0.0970836571112873,3.963848719482327,-0.4437652657351482,1.3252658108352735
95.0,187.0,129.90231323242188,-0.0395527933359524,2.682214332415207,-4.1169566169510965,-3.679192759139269,-1.9264586122716665,1.338644564013493,-0.0970836571097736,3.963853765143112,-0.443765248381973,1.3252658111941298
95.0,187.0,129.90231323242188,-0.039552764268977,2.6822143326224177,-4.116956616948107,-3.679192761954604,-1.9264592530509697,1.3386445717136066,-0.0970836571095355,3.9638499125288313,-0.4437652496201275,1.325265810836837
95.0,187.0,129.90231323242188,-0.0395527923865444,2.682214288426261,-4.116956616993629,-3.6791927619075353,-1.9264592488401653,1.3386445617157634,-0.0970836571094982,3.963848719482327,-0.4437652601643888,1.32526581083521
95.0,187.0,129.90231323242188,-0.0395527648119887,2.682214318689399,-4.116956616947497,-3.679192758742584,-1.9264592489688104,1.3386445724000589,-0.0970836571096847,3.9650305657762286,-0.4437652496241162,1.3252658108352726
95.0,187.0,129.90231323242188,-0.0395527923706274,2.6822143234798985,-4.116956617000752,-3.6791927620008735,-1.926459248903966,1.3386445547542538,-0.0970836571112873,3.963848719482327,-0.4437652601643888,1.3252658108352735
95.0,187.0,129.90237426757812,-0.0395527926076461,2.682214323866015,-4.116956616996437,-3.6791927618606617,-1.926459248837515,1.3386445616171945,-0.0970836571100413,3.965058715879304,-0.443765249960297,1.3252658108351834
95.0,187.0,129.90237426757812,-0.0395527620464434,2.6822143183160865,-4.116956616999096,-3.679192761939604,-1.9264592489775123,1.3386445616222882,-0.0970836571097087,3.963809984428333,-0.4437652482852443,1.3252658108352091
95.0,187.0,129.9024658203125,-0.0395527926921828,2.6822143326224177,-4.116956616997717,-3.679192762120697,-1.9264592718824256,1.3386445717136066,-0.0970836571095355,3.9637421910887536,-0.4437652499605815,1.3252658108351096
95.0,187.0,129.90248107910156,-0.0395527923851991,2.6822154376579705,-4.11695661695154,-3.6791927590623,-1.9264585942480577,1.3386445640185285,-0.0970836570964951,3.9637314735279023,-0.4437652656604386,1.3252658111941298
95.0,187.0,129.90249633789062,-0.0395527636303083,2.68221433245604,-4.116956616946764,-3.6791927619446256,-1.9264592483278469,1.3386445621675074,-0.0970836571095564,3.963716624824632,-0.443765249774328,1.32526581083684
95.0,187.0,129.90249633789062,-0.0395527642783777,2.68221433245604,-4.116956616946764,-3.6791927619446256,-1.926459249505193,1.3386445621675074,-0.0970836571095564,3.963716624824632,-0.443765249774328,1.325265810836837
95.0,187.0,129.90249633789062,-0.0395527642783777,2.6822143328524484,-4.116956616946764,-3.6791927619446256,-1.92645924937372,1.3386445621675074,-0.0970836571095564,3.963716624824632,-0.443765249774328,1.325265810836837
95.0,187.0,129.90249633789062,-0.039552764302937,2.682214332454765,-4.116956616946764,-3.6791927619446256,-1.92645924937372,1.3386445621675074,-0.0970836571095564,3.963716624824632,-0.443765249774328,1.325265810836837
95.0,187.0,129.90249633789062,-0.0395527642771892,2.6822143324900343,-4.116956616946764,-3.6791927619446256,-1.92645924937372,1.3386445621675074,-0.0970836571095564,3.963716624824632,-0.443765249774328,1.325265810836837
95.0,187.0,129.90249633789062,-0.0395527933464748,2.682214332756515,-4.11695661695154,-3.679192759062724,-1.9264585942480577,1.3386445640185285,-0.0970836571097532,3.963727278161896,-0.4437652659838155,1.3252658111941298
95.0,187.0,129.90249633789062,-0.0395527636057491,2.682214332853724,-4.116956616946764,-3.6791927619446256,-1.9264592483278469,1.3386445621675074,-0.0970836571095564,3.963716624824632,-0.443765249774328,1.32526581083684
95.0,187.0,129.90249633789062,-0.0395527636314969,2.6822143328184542,-4.116956616946764,-3.6791927619446256,-1.9264592483278469,1.3386445621675074,-0.0970836571095564,3.963716624824632,-0.443765249774328,1.32526581083684
95.0,187.0,129.90249633789062,-0.0395527642783777,2.68221433245604,-4.116956616946738,-3.67919276194464,-1.926459249505193,1.3386445621675074,-0.0970836571095564,3.963716624824632,-0.4437652497816074,1.325265810836837
95.0,187.0,129.90249633789062,-0.0395527937803873,2.682214314472683,-4.116956616996371,-3.679192761942607,-1.92645924897735,1.3386445616110327,-0.0970836571096847,3.963725904367029,-0.4437652499628023,1.3252658108369493
95.0,187.0,129.90249633789062,-0.0395527642771892,2.6822143324557874,-4.116956616946764,-3.679192761953917,-1.926459252787641,1.3386445711955024,-0.0970836571095564,3.963716624824632,-0.443765249774328,1.325265810836837
95.0,187.0,129.90249633789062,-0.0395527642783777,2.682214332464734,-4.116956616946764,-3.6791927619531535,-1.92645924937372,1.3386445621675074,-0.0970836571095564,3.963716624824632,-0.443765249774328,1.325265810836837
95.0,187.0,129.90249633789062,-0.03955276267396,2.682214323962877,-4.116956616999605,-3.679192761859829,-1.926459230814069,1.3386445615031153,-0.0970836571100449,3.9637222325011128,-0.4437652658870867,1.32526581083521
95.0,187.0,129.90249633789062,-0.0395527636308994,2.6822143328184542,-4.116956616946764,-3.6791927619446256,-1.9264592483278469,1.3386445621675074,-0.0970836571095564,3.963716624824632,-0.443765249774328,1.32526581083684
95.0,187.0,129.90249633789062,-0.0395527933464748,2.682214332756515,-4.116956616945684,-3.679192759062724,-1.9264592762646884,1.3386445640185285,-0.0970836571097532,3.963727278161896,-0.443765265912118,1.3252658108541018
95.0,187.0,129.90249633789062,-0.0395527647864552,2.68221452041916,-4.1169566169962,-3.679192761942601,-1.926459273134356,1.3386445716444948,-0.0970836571086501,3.963717801769073,-0.4437652496013528,1.3252658111717632
95.0,187.0,129.90249633789062,-0.0395527642783777,2.68221433245604,-4.116956616946738,-3.67919276194464,-1.9264592483197285,1.3386445621675074,-0.0970836571095564,3.963716624824632,-0.4437652497742131,1.325265810836837
95.0,187.0,129.90249633789062,-0.0395527642771892,2.6822143324557874,-4.116956616946764,-3.679192761953917,-1.926459252787641,1.3386445621624938,-0.0970836571095564,3.963716624824632,-0.443765249774328,1.325265810836837
95.0,188.0,129.9022979736328,-0.0395527919801295,2.6822143185605327,-4.116956616996371,-3.679192761861014,-1.92645924897735,1.3386445616171945,-0.0970836571096847,3.965019980825311,-0.443765249960297,1.3252658108351825
95.0,188.0,129.9022979736328,-0.0395527923954679,2.682214316872168,-4.116956616996371,-3.679192761861014,-1.92645924897735,1.3386445616171945,-0.0970836571096847,3.965019980825311,-0.443765249960297,1.3252658108481998
95.0,188.0,129.9022979736328,-0.0395527923828428,2.6822143185605327,-4.116956616996315,-3.679192758742584,-1.926459271757136,1.3386445616171945,-0.0970836571096847,3.965019980825311,-0.443765249960297,1.3252658108352726
95.0,188.0,129.9022979736328,-0.0395527622453889,2.6822143348555243,-4.116956616946764,-3.679192761863032,-1.9264592483278469,1.338644562173669,-0.0970836571095564,3.965010701282912,-0.4437652497718227,1.3252658108480906
95.0,188.0,129.9022979736328,-0.0395527919801295,2.682215424676068,-4.116956616951696,-3.679192759059212,-1.92645924897735,1.3386445616171945,-0.0970836571096847,3.965019980825311,-0.4437652500569998,1.3252658111838331
95.0,188.0,129.9022979736328,-0.0395527919801295,2.6822143185605327,-4.116956616996371,-3.679192761861014,-1.92645924897735,1.3386445616171945,-0.0970836571096847,3.965019980825311,-0.443765249960297,1.3252658108351825
95.0,188.0,129.9022979736328,-0.0395527919801295,2.682215424676068,-4.116956616951696,-3.679192759059212,-1.926459248977457,1.3386445616171945,-0.0970836571096764,3.965019980825311,-0.4437652500569998,1.3252658108246531
95.0,188.0,129.9022979736328,-0.0395527622453889,2.6822143348555243,-4.116956616946764,-3.679192761863032,-1.9264592483278469,1.338644562173669,-0.0970836571095564,3.965010701282912,-0.4437652497718227,1.3252658108480906
95.0,188.0,129.9022979736328,-0.0395527923954679,2.682214324141928,-4.116956616996371,-3.679192761859887,-1.92645924897735,1.3386445616171945,-0.0970836571096955,3.965019980825311,-0.443765249960297,1.3252658108473874
95.0,188.0,129.9022979736328,-0.0395527923954679,2.682214316872168,-4.116956616996371,-3.679192761861014,-1.92645924897735,1.3386445616171945,-0.0970836571096847,3.965019980825311,-0.443765249960297,1.3252658108481998
95.0,188.0,129.9022979736328,-0.0395527644956082,2.6822143185605327,-4.116956616996371,-3.679192761855027,-1.92645924897735,1.33864457104492,-0.0970836571096847,3.965019980825311,-0.4437652497734763,1.3252658108369046
95.0,188.0,129.9022979736328,-0.0395527923954679,2.682214324141928,-4.116956616996371,-3.679192761859887,-1.92645924897735,1.3386445616171945,-0.0970836571096844,3.965019980825311,-0.443765249960297,1.3252658108472473
95.0,188.0,129.9022979736328,-0.0395527622453889,2.6822143348555243,-4.116956616946764,-3.679192761863032,-1.9264592483278469,1.338644562173669,-0.0970836571095564,3.965010701282912,-0.4437652497718227,1.3252658108480906
95.0,188.0,129.9022979736328,-0.0395527631190082,2.6822143348555243,-4.1169566169514304,-3.679192761863032,-1.9264592483278469,1.338644562173669,-0.0970836571095564,3.9650199017634553,-0.4437652497718227,1.3252658108480906
95.0,188.0,129.9022979736328,-0.0395527919801295,2.6822143185605327,-4.116956616996371,-3.679192761861014,-1.92645924897735,1.3386445616171945,-0.0970836571096847,3.965019980825311,-0.443765249960297,1.3252658108351825
95.0,188.0,129.9022979736328,-0.039552792104038,2.6822143185605327,-4.116956616997167,-3.679192761822273,-1.926459253292249,1.3386445616171945,-0.0970836571096847,3.965020446987618,-0.4437652499575761,1.3252658108351825
95.0,188.0,129.9022979736328,-0.0395527923954679,2.682214324024533,-4.116956616996371,-3.679192761861014,-1.9264592489751429,1.3386445615868354,-0.0970836571096847,3.965019980825311,-0.443765249960297,1.3252658108353457
95.0,188.0,129.9022979736328,-0.0395527911065102,2.682215424676068,-4.116956616947029,-3.679192759059212,-1.92645924897735,1.3386445616171945,-0.0970836571096847,3.965010780344768,-0.4437652500569998,1.3252658111838331
95.0,188.0,129.9022979736328,-0.0395527622453889,2.6822143348555243,-4.116956616946764,-3.679192761863032,-1.926459248895867,1.3386445621921936,-0.0970836571095607,3.965020090247168,-0.4437652497736326,1.3252658108480906
95.0,188.0,129.9022979736328,-0.0395527923954679,2.682214324141928,-4.116956616996371,-3.679192761859887,-1.92645924897735,1.3386445616171945,-0.0970836571096955,3.965019980825311,-0.443765249960297,1.3252658108473874
95.0,188.0,129.9022979736328,-0.0395527919801295,2.682214337373692,-4.116956616946653,-3.679192759059212,-1.92645924897735,1.3386445621560086,-0.0970836571096872,3.965019980825311,-0.4437652500569998,1.3252658111732647
95.0,188.0,129.90231323242188,-0.0395527923865444,2.682214323621569,-4.11695661699719,-3.679192762002257,-1.9264592488376773,1.3386445616222882,-0.0970836571100545,3.963848719482327,-0.4437652599799164,1.32526581083521
95.0,188.0,129.90231323242188,-0.03955276267396,2.682214323621569,-4.116956616999163,-3.6791927619392513,-1.9264592488376773,1.3386445616222882,-0.0970836571100654,3.963848719482327,-0.4437652482852443,1.32526581083521
95.0,188.0,129.90231323242188,-0.0395527923865444,2.682214323621569,-4.116956616996894,-3.679192762002257,-1.9264592488553869,1.3386445617151836,-0.0970836571112873,3.963848719482327,-0.4437652601643888,1.32526581083521
95.0,188.0,129.90231323242188,-0.0395527923705296,2.682214323621569,-4.116956617000752,-3.6791927620008735,-1.9264592530475115,1.3386443518059,-0.0970836571112873,3.963848719482327,-0.4437652601643888,1.3252658108352735
95.0,188.0,129.90231323242188,-0.0395527648119887,2.6822143185605327,-4.116956616947497,-3.679192758742584,-1.9264592533354843,1.3386445724271778,-0.0970836571096847,3.9650305657762286,-0.4437652496241162,1.3252658108352726
95.0,188.0,129.90231323242188,-0.03955276267396,2.682214323621569,-4.116956616999163,-3.6791927619392513,-1.9264592488376773,1.3386445616222882,-0.0970836571100654,3.963848719482327,-0.4437652482852443,1.32526581083521
95.0,188.0,129.90231323242188,-0.0395527933464748,2.682214332415207,-4.1169566169510965,-3.6791927591421465,-1.9264586122716665,1.3386445641377012,-0.0970836571097736,3.963853765143112,-0.443765248381973,1.3252658111941298
95.0,188.0,129.90231323242188,-0.039552764268977,2.6822143326224177,-4.116956616948107,-3.679192761954604,-1.9264592530509697,1.3386445717136066,-0.0970836571095355,3.9638499125288313,-0.4437652496201275,1.325265810836837
95.0,188.0,129.90231323242188,-0.0395527923705296,2.682214323621569,-4.116956617000752,-3.6791927620008735,-1.9264592530475115,1.3386443518059,-0.0970836571112873,3.963848719482327,-0.4437652601643888,1.3252658108352735
95.0,188.0,129.90231323242188,-0.0395527923705296,2.682214323621569,-4.116956616998032,-3.6791927620008735,-1.9264592463864187,1.3386443518059,-0.0970836571112873,3.963848719482327,-0.4437652657351482,1.3252658108352735
95.0,188.0,129.90231323242188,-0.0395527933359524,2.682214332415207,-4.1169566169510965,-3.679192759139269,-1.9264586122716665,1.338644564013493,-0.0970836571097736,3.963853765143112,-0.443765248381973,1.3252658111941298
95.0,188.0,129.90231323242188,-0.039552764268977,2.6822143326224177,-4.116956616948107,-3.679192761954604,-1.9264592530509697,1.3386445717136066,-0.0970836571095355,3.9638499125288313,-0.4437652496201275,1.325265810836837
95.0,188.0,129.90231323242188,-0.0395527923865444,2.682214288426261,-4.116956616993629,-3.6791927619075353,-1.9264592488401653,1.3386445617157634,-0.0970836571094982,3.963848719482327,-0.4437652601643888,1.32526581083521
95.0,188.0,129.90231323242188,-0.0395527648119887,2.682214318689399,-4.116956616947497,-3.679192758742584,-1.9264592489688104,1.3386445724000589,-0.0970836571096847,3.9650305657762286,-0.4437652496241162,1.3252658108352726
95.0,188.0,129.90231323242188,-0.0395527923706274,2.6822143234798985,-4.116956617000752,-3.6791927620008735,-1.926459248903966,1.3386445547542538,-0.0970836571112873,3.963848719482327,-0.4437652601643888,1.3252658108352735
95.0,188.0,129.90231323242188,-0.0395527923865686,2.682214323621569,-4.11695661699719,-3.679192762002293,-1.9264592488376773,1.3386445616222882,-0.0970836571113129,3.963848719482327,-0.4437652599799164,1.3252658108352091
95.0,188.0,129.90231323242188,-0.0395527640060266,2.6822143348555243,-4.116956616946764,-3.679192762006016,-1.9264592483278469,1.338644562173669,-0.0970836571095564,3.963862344879488,-0.4437652500484887,1.3252658108474598
95.0,188.0,129.90231323242188,-0.0395527933359524,2.6822143236770697,-4.1169566169510965,-3.679192759139269,-1.9264586122716665,1.338644564013493,-0.0970836571112729,3.963853765143112,-0.443765248381973,1.3252658111941298
95.0,188.0,129.90231323242188,-0.0395527950277638,2.6822143326224177,-4.11695661700095,-3.679192762000568,-1.9264592518606023,1.3386445717136066,-0.0970836571095355,3.96384878566064,-0.4437652659259196,1.3252658108352051
95.0,188.0,129.90231323242188,-0.0395527923705296,2.682214323621569,-4.116956617000752,-3.6791927620008735,-1.9264592530475115,1.3386443518059,-0.0970836571112873,3.963848719482327,-0.4437652601643888,1.3252658108352735
95.0,188.0,129.90231323242188,-0.0395527923705054,2.682214323621569,-4.116956617000752,-3.6791927620008376,-1.9264592530475115,1.3386443518059,-0.0970836571100288,3.963848719482327,-0.4437652601643888,1.3252658108352748
95.0,188.0,129.90231323242188,-0.0395527924109703,2.682214332415207,-4.116956616950709,-3.6791927591421465,-1.9264586122716665,1.3386445641377012,-0.0970836571097851,3.963853681899888,-0.4437652477658408,1.3252658111941298
95.0,188.0,129.90231323242188,-0.0395527648119887,2.682214318689399,-4.116956616947497,-3.679192758742584,-1.9264592489688104,1.3386445724000589,-0.0970836571096847,3.9650305657762286,-0.4437652496241162,1.3252658108352726
95.0,188.0,129.90231323242188,-0.039552761839772,2.6822143239676137,-4.116956617000752,-3.6791927618590448,-1.9264592299432104,1.338644563443073,-0.0970836571112873,3.963854304061262,-0.4437652601643888,1.3252658108352715
95.0,188.0,129.90237426757812,-0.0395527926076461,2.682214323866015,-4.116956616996437,-3.6791927618606617,-1.926459248837515,1.3386445616171945,-0.0970836571100413,3.965058715879304,-0.443765249960297,1.3252658108351834
95.0,188.0,129.90237426757812,-0.0395527620464434,2.6822143183160865,-4.116956616999096,-3.679192761939604,-1.9264592489775123,1.3386445616222882,-0.0970836571097087,3.963809984428333,-0.4437652482852443,1.3252658108352091
95.0,188.0,129.90237426757812,-0.0395527926076461,2.682214318785778,-4.11695661699644,-3.6791927618607088,-1.926459248837515,1.3386445616171945,-0.0970836571100158,3.965058715879304,-0.4437652497765459,1.325265810836955
95.0,188.0,129.9024658203125,-0.0395527926921828,2.6822143326224177,-4.116956616997717,-3.679192762120697,-1.9264592718824256,1.3386445717136066,-0.0970836571095355,3.9637421910887536,-0.4437652499605815,1.3252658108351096
95.0,188.0,129.90248107910156,-0.0395527923851991,2.6822154376579705,-4.11695661695154,-3.6791927590623,-1.9264585942480577,1.3386445640185285,-0.0970836570964951,3.9637314735279023,-0.4437652656604386,1.3252658111941298
95.0,189.0,129.9022674560547,-0.0395527640021411,2.6822143348555243,-4.116956616946764,-3.679192762001132,-1.9264592483278469,1.338644562173669,-0.0970836571095564,3.963894206765184,-0.4437652497718227,1.3252658108480906
95.0,189.0,129.9022979736328,-0.0395527919801295,2.6822143185605327,-4.116956616996371,-3.679192761861014,-1.92645924897735,1.3386445616171945,-0.0970836571096847,3.965019980825311,-0.443765249960297,1.3252658108351825
95.0,189.0,129.9022979736328,-0.0395527923954679,2.682214316872168,-4.116956616996371,-3.679192761861014,-1.92645924897735,1.3386445616171945,-0.0970836571096847,3.965019980825311,-0.443765249960297,1.3252658108481998
95.0,189.0,129.9022979736328,-0.0395527923828428,2.6822143185605327,-4.116956616996315,-3.679192758742584,-1.926459271757136,1.3386445616171945,-0.0970836571096847,3.965019980825311,-0.443765249960297,1.3252658108352726
95.0,189.0,129.9022979736328,-0.0395527622453889,2.6822143348555243,-4.116956616946764,-3.679192761863032,-1.9264592483278469,1.338644562173669,-0.0970836571095564,3.965010701282912,-0.4437652497718227,1.3252658108480906
95.0,189.0,129.9022979736328,-0.0395527919801295,2.682215424676068,-4.116956616951696,-3.679192759059212,-1.92645924897735,1.3386445616171945,-0.0970836571096847,3.965019980825311,-0.4437652500569998,1.3252658111838331
95.0,189.0,129.9022979736328,-0.0395527919801295,2.6822143185605327,-4.116956616996371,-3.679192761861014,-1.92645924897735,1.3386445616171945,-0.0970836571096847,3.965019980825311,-0.443765249960297,1.3252658108351825
95.0,189.0,129.9022979736328,-0.0395527919801295,2.682215424676068,-4.116956616951696,-3.679192759059212,-1.926459248977457,1.3386445616171945,-0.0970836571096764,3.965019980825311,-0.4437652500569998,1.3252658108246531
95.0,189.0,129.9022979736328,-0.0395527622453889,2.6822143348555243,-4.116956616946764,-3.679192761863032,-1.9264592483278469,1.338644562173669,-0.0970836571095564,3.965010701282912,-0.4437652497718227,1.3252658108480906
95.0,189.0,129.9022979736328,-0.0395527923954679,2.682214324141928,-4.116956616996371,-3.679192761859887,-1.92645924897735,1.3386445616171945,-0.0970836571096955,3.965019980825311,-0.443765249960297,1.3252658108473874
95.0,189.0,129.9022979736328,-0.0395527923954679,2.682214316872168,-4.116956616996371,-3.679192761861014,-1.92645924897735,1.3386445616171945,-0.0970836571096847,3.965019980825311,-0.443765249960297,1.3252658108481998
95.0,189.0,129.9022979736328,-0.0395527644956082,2.6822143185605327,-4.116956616996371,-3.679192761855027,-1.92645924897735,1.33864457104492,-0.0970836571096847,3.965019980825311,-0.4437652497734763,1.3252658108369046
95.0,189.0,129.9022979736328,-0.0395527923954679,2.682214324141928,-4.116956616996371,-3.679192761859887,-1.92645924897735,1.3386445616171945,-0.0970836571096844,3.965019980825311,-0.443765249960297,1.3252658108472473
95.0,189.0,129.9022979736328,-0.0395527622453889,2.6822143348555243,-4.116956616946764,-3.679192761863032,-1.9264592483278469,1.338644562173669,-0.0970836571095564,3.965010701282912,-0.4437652497718227,1.3252658108480906
95.0,189.0,129.9022979736328,-0.0395527631190082,2.6822143348555243,-4.1169566169514304,-3.679192761863032,-1.9264592483278469,1.338644562173669,-0.0970836571095564,3.9650199017634553,-0.4437652497718227,1.3252658108480906
95.0,189.0,129.9022979736328,-0.0395527919801295,2.6822143185605327,-4.116956616996371,-3.679192761861014,-1.92645924897735,1.3386445616171945,-0.0970836571096847,3.965019980825311,-0.443765249960297,1.3252658108351825
95.0,189.0,129.9022979736328,-0.039552792104038,2.6822143185605327,-4.116956616997167,-3.679192761822273,-1.926459253292249,1.3386445616171945,-0.0970836571096847,3.965020446987618,-0.4437652499575761,1.3252658108351825
95.0,189.0,129.9022979736328,-0.0395527923954679,2.682214324024533,-4.116956616996371,-3.679192761861014,-1.9264592489751429,1.3386445615868354,-0.0970836571096847,3.965019980825311,-0.443765249960297,1.3252658108353457
95.0,189.0,129.9022979736328,-0.0395527911065102,2.682215424676068,-4.116956616947029,-3.679192759059212,-1.92645924897735,1.3386445616171945,-0.0970836571096847,3.965010780344768,-0.4437652500569998,1.3252658111838331
95.0,189.0,129.9022979736328,-0.0395527622453889,2.6822143348555243,-4.116956616946764,-3.679192761863032,-1.926459248895867,1.3386445621921936,-0.0970836571095607,3.965020090247168,-0.4437652497736326,1.3252658108480906
95.0,189.0,129.9022979736328,-0.0395527923954679,2.682214324141928,-4.116956616996371,-3.679192761859887,-1.92645924897735,1.3386445616171945,-0.0970836571096955,3.965019980825311,-0.443765249960297,1.3252658108473874
95.0,189.0,129.9022979736328,-0.0395527919801295,2.682214337373692,-4.116956616946653,-3.679192759059212,-1.92645924897735,1.3386445621560086,-0.0970836571096872,3.965019980825311,-0.4437652500569998,1.3252658111732647
95.0,189.0,129.9022979736328,-0.0395527923833278,2.6822143185605327,-4.116956616996371,-3.679192761861014,-1.92645924897735,1.3386445616171945,-0.0970836571096847,3.965019980825311,-0.443765249960297,1.3252658108351825
95.0,189.0,129.9022979736328,-0.0395527923764899,2.682215424676068,-4.116956617001578,-3.679192762033585,-1.9264592489761287,1.3386445616171945,-0.0970836571096764,3.965019980825311,-0.4437652610205506,1.3252658108247912
95.0,189.0,129.9022979736328,-0.0395527631190082,2.682214318547871,-4.1169566169514304,-3.679192761863032,-1.926459271730808,1.3386445615828098,-0.0970836571096755,3.965019900273398,-0.4437652497718227,1.3252658108480906
95.0,189.0,129.9022979736328,-0.0395527932985534,2.6822143189944403,-4.116956616996371,-3.67919276178314,-1.92645924897735,1.338644561571036,-0.0970836571096847,3.965019980825311,-0.443765249960297,1.3252658108076882
95.0,189.0,129.9022979736328,-0.0395527644956082,2.6822143185605327,-4.116956616996371,-3.679192761855027,-1.92645924897735,1.33864457104492,-0.0970836571096847,3.965019980825311,-0.4437652497734763,1.3252658108369046
95.0,189.0,129.9022979736328,-0.0395527923954679,2.6822143241076417,-4.116956616996371,-3.6791927618598095,-1.92645924897735,1.3386445616171945,-0.0970836571096847,3.965019980825311,-0.443765249960297,1.3252658108481998
95.0,189.0,129.9022979736328,-0.0395527621784877,2.6822143351012,-4.116956616993471,-3.679192761860846,-1.926459248942836,1.338644562234091,-0.0970836571095564,3.965010701282912,-0.4437652497718227,1.325265810834587
95.0,189.0,129.9022979736328,-0.0395527911065102,2.682215424676068,-4.116956616947029,-3.679192759059212,-1.92645924897735,1.3386445616171945,-0.0970836571096847,3.965010780344768,-0.4437652500569998,1.3252658111838331
95.0,189.0,129.9022979736328,-0.0395527622453889,2.6822143244404275,-4.116956616946764,-3.679192761863032,-1.9264592483278469,1.3386445634234838,-0.0970836571095627,3.965010701282912,-0.4437652497718227,1.3252658108480009
95.0,189.0,129.9022979736328,-0.0395527919893825,2.682214375633502,-4.116956616951696,-3.679192759059212,-1.92645924897735,1.3386445616171945,-0.0970836571096847,3.965019980825311,-0.4437652500569998,1.3252658111838331
95.0,189.0,129.9022979736328,-0.0395527919506091,2.6822143185605327,-4.116956616996371,-3.679192761861014,-1.9264586253959315,1.3386445641184932,-0.0970836571096847,3.965019980825311,-0.443765249960297,1.325265811192253
95.0,189.0,129.90231323242188,-0.0395527923865444,2.682214323621569,-4.11695661699719,-3.679192762002257,-1.9264592488376773,1.3386445616222882,-0.0970836571100545,3.963848719482327,-0.4437652599799164,1.32526581083521
95.0,189.0,129.90231323242188,-0.03955276267396,2.682214323621569,-4.116956616999163,-3.6791927619392513,-1.9264592488376773,1.3386445616222882,-0.0970836571100654,3.963848719482327,-0.4437652482852443,1.32526581083521
95.0,189.0,129.90231323242188,-0.0395527923865444,2.682214323621569,-4.116956616996894,-3.679192762002257,-1.9264592488553869,1.3386445617151836,-0.0970836571112873,3.963848719482327,-0.4437652601643888,1.32526581083521
95.0,189.0,129.90231323242188,-0.0395527923705296,2.682214323621569,-4.116956617000752,-3.6791927620008735,-1.9264592530475115,1.3386443518059,-0.0970836571112873,3.963848719482327,-0.4437652601643888,1.3252658108352735
95.0,189.0,129.90231323242188,-0.0395527648119887,2.6822143185605327,-4.116956616947497,-3.679192758742584,-1.9264592533354843,1.3386445724271778,-0.0970836571096847,3.9650305657762286,-0.4437652496241162,1.3252658108352726
95.0,189.0,129.90231323242188,-0.03955276267396,2.682214323621569,-4.116956616999163,-3.6791927619392513,-1.9264592488376773,1.3386445616222882,-0.0970836571100654,3.963848719482327,-0.4437652482852443,1.32526581083521
95.0,189.0,129.90231323242188,-0.0395527933464748,2.682214332415207,-4.1169566169510965,-3.6791927591421465,-1.9264586122716665,1.3386445641377012,-0.0970836571097736,3.963853765143112,-0.443765248381973,1.3252658111941298
95.0,189.0,129.90231323242188,-0.039552764268977,2.6822143326224177,-4.116956616948107,-3.679192761954604,-1.9264592530509697,1.3386445717136066,-0.0970836571095355,3.9638499125288313,-0.4437652496201275,1.325265810836837
95.0,189.0,129.90231323242188,-0.0395527923705296,2.682214323621569,-4.116956617000752,-3.6791927620008735,-1.9264592530475115,1.3386443518059,-0.0970836571112873,3.963848719482327,-0.4437652601643888,1.3252658108352735
95.0,189.0,129.90231323242188,-0.0395527923705296,2.682214323621569,-4.116956616998032,-3.6791927620008735,-1.9264592463864187,1.3386443518059,-0.0970836571112873,3.963848719482327,-0.4437652657351482,1.3252658108352735
95.0,189.0,129.90231323242188,-0.0395527933359524,2.682214332415207,-4.1169566169510965,-3.679192759139269,-1.9264586122716665,1.338644564013493,-0.0970836571097736,3.963853765143112,-0.443765248381973,1.3252658111941298
95.0,189.0,129.90231323242188,-0.039552764268977,2.6822143326224177,-4.116956616948107,-3.679192761954604,-1.9264592530509697,1.3386445717136066,-0.0970836571095355,3.9638499125288313,-0.4437652496201275,1.325265810836837
95.0,189.0,129.90231323242188,-0.0395527923865444,2.682214288426261,-4.116956616993629,-3.6791927619075353,-1.9264592488401653,1.3386445617157634,-0.0970836571094982,3.963848719482327,-0.4437652601643888,1.32526581083521
95.0,189.0,129.90231323242188,-0.0395527648119887,2.682214318689399,-4.116956616947497,-3.679192758742584,-1.9264592489688104,1.3386445724000589,-0.0970836571096847,3.9650305657762286,-0.4437652496241162,1.3252658108352726
95.0,189.0,129.90231323242188,-0.0395527923706274,2.6822143234798985,-4.116956617000752,-3.6791927620008735,-1.926459248903966,1.3386445547542538,-0.0970836571112873,3.963848719482327,-0.4437652601643888,1.3252658108352735
95.0,189.0,129.90231323242188,-0.0395527923865686,2.682214323621569,-4.11695661699719,-3.679192762002293,-1.9264592488376773,1.3386445616222882,-0.0970836571113129,3.963848719482327,-0.4437652599799164,1.3252658108352091
95.0,189.0,129.90231323242188,-0.0395527640060266,2.6822143348555243,-4.116956616946764,-3.679192762006016,-1.9264592483278469,1.338644562173669,-0.0970836571095564,3.963862344879488,-0.4437652500484887,1.3252658108474598
95.0,190.0,129.9022674560547,-0.0395527640021411,2.6822143348555243,-4.116956616946764,-3.679192762001132,-1.9264592483278469,1.338644562173669,-0.0970836571095564,3.963894206765184,-0.4437652497718227,1.3252658108480906
95.0,190.0,129.9022674560547,-0.0395527923692628,2.682214337373692,-4.116956616946653,-3.679192759059212,-1.9264592489757857,1.3386445549166726,-0.0970836571113331,3.9638958776379134,-0.4437652500569998,1.3252658111732647
95.0,190.0,129.9022979736328,-0.0395527919801295,2.6822143185605327,-4.116956616996371,-3.679192761861014,-1.92645924897735,1.3386445616171945,-0.0970836571096847,3.965019980825311,-0.443765249960297,1.3252658108351825
95.0,190.0,129.9022979736328,-0.0395527923954679,2.682214316872168,-4.116956616996371,-3.679192761861014,-1.92645924897735,1.3386445616171945,-0.0970836571096847,3.965019980825311,-0.443765249960297,1.3252658108481998
95.0,190.0,129.9022979736328,-0.0395527923828428,2.6822143185605327,-4.116956616996315,-3.679192758742584,-1.926459271757136,1.3386445616171945,-0.0970836571096847,3.965019980825311,-0.443765249960297,1.3252658108352726
95.0,190.0,129.9022979736328,-0.0395527622453889,2.6822143348555243,-4.116956616946764,-3.679192761863032,-1.9264592483278469,1.338644562173669,-0.0970836571095564,3.965010701282912,-0.4437652497718227,1.3252658108480906
95.0,190.0,129.9022979736328,-0.0395527919801295,2.682215424676068,-4.116956616951696,-3.679192759059212,-1.92645924897735,1.3386445616171945,-0.0970836571096847,3.965019980825311,-0.4437652500569998,1.3252658111838331
95.0,190.0,129.9022979736328,-0.0395527919801295,2.6822143185605327,-4.116956616996371,-3.679192761861014,-1.92645924897735,1.3386445616171945,-0.0970836571096847,3.965019980825311,-0.443765249960297,1.3252658108351825
95.0,190.0,129.9022979736328,-0.0395527919801295,2.682215424676068,-4.116956616951696,-3.679192759059212,-1.926459248977457,1.3386445616171945,-0.0970836571096764,3.965019980825311,-0.4437652500569998,1.3252658108246531
95.0,190.0,129.9022979736328,-0.0395527622453889,2.6822143348555243,-4.116956616946764,-3.679192761863032,-1.9264592483278469,1.338644562173669,-0.0970836571095564,3.965010701282912,-0.4437652497718227,1.3252658108480906
95.0,190.0,129.9022979736328,-0.0395527923954679,2.682214324141928,-4.116956616996371,-3.679192761859887,-1.92645924897735,1.3386445616171945,-0.0970836571096955,3.965019980825311,-0.443765249960297,1.3252658108473874
95.0,190.0,129.9022979736328,-0.0395527923954679,2.682214316872168,-4.116956616996371,-3.679192761861014,-1.92645924897735,1.3386445616171945,-0.0970836571096847,3.965019980825311,-0.443765249960297,1.3252658108481998
95.0,190.0,129.9022979736328,-0.0395527644956082,2.6822143185605327,-4.116956616996371,-3.679192761855027,-1.92645924897735,1.33864457104492,-0.0970836571096847,3.965019980825311,-0.4437652497734763,1.3252658108369046
95.0,190.0,129.9022979736328,-0.0395527923954679,2.682214324141928,-4.116956616996371,-3.679192761859887,-1.92645924897735,1.3386445616171945,-0.0970836571096844,3.965019980825311,-0.443765249960297,1.3252658108472473
95.0,190.0,129.9022979736328,-0.0395527622453889,2.6822143348555243,-4.116956616946764,-3.679192761863032,-1.9264592483278469,1.338644562173669,-0.0970836571095564,3.965010701282912,-0.4437652497718227,1.3252658108480906
95.0,190.0,129.9022979736328,-0.0395527631190082,2.6822143348555243,-4.1169566169514304,-3.679192761863032,-1.9264592483278469,1.338644562173669,-0.0970836571095564,3.9650199017634553,-0.4437652497718227,1.3252658108480906
95.0,190.0,129.9022979736328,-0.0395527919801295,2.6822143185605327,-4.116956616996371,-3.679192761861014,-1.92645924897735,1.3386445616171945,-0.0970836571096847,3.965019980825311,-0.443765249960297,1.3252658108351825
95.0,190.0,129.9022979736328,-0.039552792104038,2.6822143185605327,-4.116956616997167,-3.679192761822273,-1.926459253292249,1.3386445616171945,-0.0970836571096847,3.965020446987618,-0.4437652499575761,1.3252658108351825
95.0,190.0,129.9022979736328,-0.0395527923954679,2.682214324024533,-4.116956616996371,-3.679192761861014,-1.9264592489751429,1.3386445615868354,-0.0970836571096847,3.965019980825311,-0.443765249960297,1.3252658108353457
95.0,190.0,129.9022979736328,-0.0395527911065102,2.682215424676068,-4.116956616947029,-3.679192759059212,-1.92645924897735,1.3386445616171945,-0.0970836571096847,3.965010780344768,-0.4437652500569998,1.3252658111838331
95.0,190.0,129.9022979736328,-0.0395527622453889,2.6822143348555243,-4.116956616946764,-3.679192761863032,-1.926459248895867,1.3386445621921936,-0.0970836571095607,3.965020090247168,-0.4437652497736326,1.3252658108480906
95.0,190.0,129.9022979736328,-0.0395527923954679,2.682214324141928,-4.116956616996371,-3.679192761859887,-1.92645924897735,1.3386445616171945,-0.0970836571096955,3.965019980825311,-0.443765249960297,1.3252658108473874
95.0,190.0,129.9022979736328,-0.0395527919801295,2.682214337373692,-4.116956616946653,-3.679192759059212,-1.92645924897735,1.3386445621560086,-0.0970836571096872,3.965019980825311,-0.4437652500569998,1.3252658111732647
95.0,190.0,129.9022979736328,-0.0395527923833278,2.6822143185605327,-4.116956616996371,-3.679192761861014,-1.92645924897735,1.3386445616171945,-0.0970836571096847,3.965019980825311,-0.443765249960297,1.3252658108351825
95.0,190.0,129.9022979736328,-0.0395527923764899,2.682215424676068,-4.116956617001578,-3.679192762033585,-1.9264592489761287,1.3386445616171945,-0.0970836571096764,3.965019980825311,-0.4437652610205506,1.3252658108247912
95.0,190.0,129.9022979736328,-0.0395527631190082,2.682214318547871,-4.1169566169514304,-3.679192761863032,-1.926459271730808,1.3386445615828098,-0.0970836571096755,3.965019900273398,-0.4437652497718227,1.3252658108480906
95.0,190.0,129.9022979736328,-0.0395527932985534,2.6822143189944403,-4.116956616996371,-3.67919276178314,-1.92645924897735,1.338644561571036,-0.0970836571096847,3.965019980825311,-0.443765249960297,1.3252658108076882
95.0,190.0,129.9022979736328,-0.0395527644956082,2.6822143185605327,-4.116956616996371,-3.679192761855027,-1.92645924897735,1.33864457104492,-0.0970836571096847,3.965019980825311,-0.4437652497734763,1.3252658108369046
95.0,190.0,129.9022979736328,-0.0395527923954679,2.6822143241076417,-4.116956616996371,-3.6791927618598095,-1.92645924897735,1.3386445616171945,-0.0970836571096847,3.965019980825311,-0.443765249960297,1.3252658108481998
95.0,190.0,129.9022979736328,-0.0395527621784877,2.6822143351012,-4.116956616993471,-3.679192761860846,-1.926459248942836,1.338644562234091,-0.0970836571095564,3.965010701282912,-0.4437652497718227,1.325265810834587
95.0,190.0,129.9022979736328,-0.0395527911065102,2.682215424676068,-4.116956616947029,-3.679192759059212,-1.92645924897735,1.3386445616171945,-0.0970836571096847,3.965010780344768,-0.4437652500569998,1.3252658111838331
95.0,190.0,129.9022979736328,-0.0395527622453889,2.6822143244404275,-4.116956616946764,-3.679192761863032,-1.9264592483278469,1.3386445634234838,-0.0970836571095627,3.965010701282912,-0.4437652497718227,1.3252658108480009
95.0,190.0,129.9022979736328,-0.0395527919893825,2.682214375633502,-4.116956616951696,-3.679192759059212,-1.92645924897735,1.3386445616171945,-0.0970836571096847,3.965019980825311,-0.4437652500569998,1.3252658111838331
95.0,190.0,129.9022979736328,-0.0395527919506091,2.6822143185605327,-4.116956616996371,-3.679192761861014,-1.9264586253959315,1.3386445641184932,-0.0970836571096847,3.965019980825311,-0.443765249960297,1.325265811192253
95.0,190.0,129.9022979736328,-0.0395527923954679,2.682214316814164,-4.116956616996371,-3.679192762067466,-1.92645924897735,1.3386445616171945,-0.0970836571096847,3.965019980825311,-0.443765249960297,1.3252658108347508
95.0,190.0,129.9022979736328,-0.0395527933834809,2.682215424676068,-4.116956617001055,-3.679192761996436,-1.9264592489761287,1.3386445614495728,-0.0970836571097756,3.965019980825311,-0.4437652610205506,1.3252658107955226
95.0,190.0,129.9022979736328,-0.0395527621784877,2.682214335015946,-4.116956616993382,-3.679192761860922,-1.926459248977804,1.3386445622274283,-0.097083657109556,3.965010701282912,-0.4437652497718227,1.3252658108351274
95.0,190.0,129.9022979736328,-0.0395527923954679,2.682214316872168,-4.116956616951444,-3.679192761861054,-1.9264592715551785,1.3386445616138325,-0.0970836571096847,3.965019980825311,-0.4437652499521094,1.3252658108481918
95.0,190.0,129.9022979736328,-0.0395527644956082,2.6822143185605327,-4.116956616996371,-3.679192761855027,-1.92645924897735,1.33864457104492,-0.0970836571096847,3.965019980825311,-0.4437652497734763,1.3252658108369046
95.0,190.0,129.9022979736328,-0.0395527622453889,2.6822143348555243,-4.116956616997418,-3.679192761863032,-1.926459248895867,1.3386445621921936,-0.0970836571096827,3.965020090247168,-0.4437652497736326,1.3252658112183204
95.0,190.0,129.9022979736328,-0.0395527919801295,2.6822143351438235,-4.116956616996371,-3.679192761862943,-1.9264592489779524,1.3386445616171945,-0.0970836571095678,3.965010630282489,-0.443765249960297,1.3252658108351825
95.0,190.0,129.9022979736328,-0.0395527919801295,2.6822154616147675,-4.116956616951696,-3.679192759254744,-1.92645924897735,1.3386445616171945,-0.0970836571096847,3.965019980825311,-0.4437652499599738,1.3252658111838331
95.0,190.0,129.9022979736328,-0.0395527923954679,2.6822143241928944,-4.11695661699646,-3.6791927618597335,-1.9264592489423824,1.338644561623857,-0.0970836571096852,3.965019980825311,-0.443765249960297,1.3252658108476596
95.0,190.0,129.9022979736328,-0.0395527631190082,2.682214318547871,-4.1169566169514304,-3.679192761863032,-1.926459271730808,1.3386445615828098,-0.0970836571096755,3.965019900273398,-0.4437652497718227,1.3252658108480906
95.0,190.0,129.9022979736328,-0.0395527644956082,2.6822143185605327,-4.116956616996371,-3.679192761855027,-1.92645924897735,1.3386445709036987,-0.0970836571096847,3.965019980825311,-0.4437652497826793,1.3252658108369046
95.0,190.0,129.9022979736328,-0.0395527622453889,2.6822143348555243,-4.116956616946764,-3.679192761863032,-1.9264592483278469,1.338644562173669,-0.0970836571095564,3.965010701282912,-0.4437652497718227,1.3252658108480906
95.0,190.0,129.90231323242188,-0.0395527923865444,2.682214323621569,-4.11695661699719,-3.679192762002257,-1.9264592488376773,1.3386445616222882,-0.0970836571100545,3.963848719482327,-0.4437652599799164,1.32526581083521
95.0,190.0,129.90231323242188,-0.03955276267396,2.682214323621569,-4.116956616999163,-3.6791927619392513,-1.9264592488376773,1.3386445616222882,-0.0970836571100654,3.963848719482327,-0.4437652482852443,1.32526581083521
95.0,190.0,129.90231323242188,-0.0395527923865444,2.682214323621569,-4.116956616996894,-3.679192762002257,-1.9264592488553869,1.3386445617151836,-0.0970836571112873,3.963848719482327,-0.4437652601643888,1.32526581083521
95.0,190.0,129.90231323242188,-0.0395527923705296,2.682214323621569,-4.116956617000752,-3.6791927620008735,-1.9264592530475115,1.3386443518059,-0.0970836571112873,3.963848719482327,-0.4437652601643888,1.3252658108352735
95.0,191.0,129.9022674560547,-0.0395527640021411,2.6822143348555243,-4.116956616946764,-3.679192762001132,-1.9264592483278469,1.338644562173669,-0.0970836571095564,3.963894206765184,-0.4437652497718227,1.3252658108480906
95.0,191.0,129.9022674560547,-0.0395527923692628,2.682214337373692,-4.116956616946653,-3.679192759059212,-1.9264592489757857,1.3386445549166726,-0.0970836571113331,3.9638958776379134,-0.4437652500569998,1.3252658111732647
95.0,191.0,129.9022674560547,-0.0395527640021411,2.6822143348555243,-4.116956616946764,-3.6791927620229306,-1.9264592483278469,1.338644562173669,-0.0970836571095564,3.963894206765184,-0.4437652497718227,1.3252658108480906
95.0,191.0,129.9022674560547,-0.0395527923966138,2.682214337373692,-4.116956616999284,-3.679192759059212,-1.9264592489757857,1.3386445549166726,-0.097083657111341,3.9638958776379134,-0.4437652500558434,1.3252658108364428
95.0,191.0,129.9022979736328,-0.0395527919801295,2.6822143185605327,-4.116956616996371,-3.679192761861014,-1.92645924897735,1.3386445616171945,-0.0970836571096847,3.965019980825311,-0.443765249960297,1.3252658108351825
95.0,191.0,129.9022979736328,-0.0395527923954679,2.682214316872168,-4.116956616996371,-3.679192761861014,-1.92645924897735,1.3386445616171945,-0.0970836571096847,3.965019980825311,-0.443765249960297,1.3252658108481998
95.0,191.0,129.9022979736328,-0.0395527923828428,2.6822143185605327,-4.116956616996315,-3.679192758742584,-1.926459271757136,1.3386445616171945,-0.0970836571096847,3.965019980825311,-0.443765249960297,1.3252658108352726
95.0,191.0,129.9022979736328,-0.0395527622453889,2.6822143348555243,-4.116956616946764,-3.679192761863032,-1.9264592483278469,1.338644562173669,-0.0970836571095564,3.965010701282912,-0.4437652497718227,1.3252658108480906
95.0,191.0,129.9022979736328,-0.0395527919801295,2.682215424676068,-4.116956616951696,-3.679192759059212,-1.92645924897735,1.3386445616171945,-0.0970836571096847,3.965019980825311,-0.4437652500569998,1.3252658111838331
95.0,191.0,129.9022979736328,-0.0395527919801295,2.6822143185605327,-4.116956616996371,-3.679192761861014,-1.92645924897735,1.3386445616171945,-0.0970836571096847,3.965019980825311,-0.443765249960297,1.3252658108351825
95.0,191.0,129.9022979736328,-0.0395527919801295,2.682215424676068,-4.116956616951696,-3.679192759059212,-1.926459248977457,1.3386445616171945,-0.0970836571096764,3.965019980825311,-0.4437652500569998,1.3252658108246531
95.0,191.0,129.9022979736328,-0.0395527622453889,2.6822143348555243,-4.116956616946764,-3.679192761863032,-1.9264592483278469,1.338644562173669,-0.0970836571095564,3.965010701282912,-0.4437652497718227,1.3252658108480906
95.0,191.0,129.9022979736328,-0.0395527923954679,2.682214324141928,-4.116956616996371,-3.679192761859887,-1.92645924897735,1.3386445616171945,-0.0970836571096955,3.965019980825311,-0.443765249960297,1.3252658108473874
95.0,191.0,129.9022979736328,-0.0395527923954679,2.682214316872168,-4.116956616996371,-3.679192761861014,-1.92645924897735,1.3386445616171945,-0.0970836571096847,3.965019980825311,-0.443765249960297,1.3252658108481998
95.0,191.0,129.9022979736328,-0.0395527644956082,2.6822143185605327,-4.116956616996371,-3.679192761855027,-1.92645924897735,1.33864457104492,-0.0970836571096847,3.965019980825311,-0.4437652497734763,1.3252658108369046
95.0,191.0,129.9022979736328,-0.0395527923954679,2.682214324141928,-4.116956616996371,-3.679192761859887,-1.92645924897735,1.3386445616171945,-0.0970836571096844,3.965019980825311,-0.443765249960297,1.3252658108472473
95.0,191.0,129.9022979736328,-0.0395527622453889,2.6822143348555243,-4.116956616946764,-3.679192761863032,-1.9264592483278469,1.338644562173669,-0.0970836571095564,3.965010701282912,-0.4437652497718227,1.3252658108480906
95.0,191.0,129.9022979736328,-0.0395527631190082,2.6822143348555243,-4.1169566169514304,-3.679192761863032,-1.9264592483278469,1.338644562173669,-0.0970836571095564,3.9650199017634553,-0.4437652497718227,1.3252658108480906
95.0,191.0,129.9022979736328,-0.0395527919801295,2.6822143185605327,-4.116956616996371,-3.679192761861014,-1.92645924897735,1.3386445616171945,-0.0970836571096847,3.965019980825311,-0.443765249960297,1.3252658108351825
95.0,191.0,129.9022979736328,-0.039552792104038,2.6822143185605327,-4.116956616997167,-3.679192761822273,-1.926459253292249,1.3386445616171945,-0.0970836571096847,3.965020446987618,-0.4437652499575761,1.3252658108351825
95.0,191.0,129.9022979736328,-0.0395527923954679,2.682214324024533,-4.116956616996371,-3.679192761861014,-1.9264592489751429,1.3386445615868354,-0.0970836571096847,3.965019980825311,-0.443765249960297,1.3252658108353457
95.0,191.0,129.9022979736328,-0.0395527911065102,2.682215424676068,-4.116956616947029,-3.679192759059212,-1.92645924897735,1.3386445616171945,-0.0970836571096847,3.965010780344768,-0.4437652500569998,1.3252658111838331
95.0,191.0,129.9022979736328,-0.0395527622453889,2.6822143348555243,-4.116956616946764,-3.679192761863032,-1.926459248895867,1.3386445621921936,-0.0970836571095607,3.965020090247168,-0.4437652497736326,1.3252658108480906
95.0,191.0,129.9022979736328,-0.0395527923954679,2.682214324141928,-4.116956616996371,-3.679192761859887,-1.92645924897735,1.3386445616171945,-0.0970836571096955,3.965019980825311,-0.443765249960297,1.3252658108473874
95.0,191.0,129.9022979736328,-0.0395527919801295,2.682214337373692,-4.116956616946653,-3.679192759059212,-1.92645924897735,1.3386445621560086,-0.0970836571096872,3.965019980825311,-0.4437652500569998,1.3252658111732647
95.0,191.0,129.9022979736328,-0.0395527923833278,2.6822143185605327,-4.116956616996371,-3.679192761861014,-1.92645924897735,1.3386445616171945,-0.0970836571096847,3.965019980825311,-0.443765249960297,1.3252658108351825
95.0,191.0,129.9022979736328,-0.0395527923764899,2.682215424676068,-4.116956617001578,-3.679192762033585,-1.9264592489761287,1.3386445616171945,-0.0970836571096764,3.965019980825311,-0.4437652610205506,1.3252658108247912
95.0,191.0,129.9022979736328,-0.0395527631190082,2.682214318547871,-4.1169566169514304,-3.679192761863032,-1.926459271730808,1.3386445615828098,-0.0970836571096755,3.965019900273398,-0.4437652497718227,1.3252658108480906
95.0,191.0,129.9022979736328,-0.0395527932985534,2.6822143189944403,-4.116956616996371,-3.67919276178314,-1.92645924897735,1.338644561571036,-0.0970836571096847,3.965019980825311,-0.443765249960297,1.3252658108076882
95.0,191.0,129.9022979736328,-0.0395527644956082,2.6822143185605327,-4.116956616996371,-3.679192761855027,-1.92645924897735,1.33864457104492,-0.0970836571096847,3.965019980825311,-0.4437652497734763,1.3252658108369046
95.0,191.0,129.9022979736328,-0.0395527923954679,2.6822143241076417,-4.116956616996371,-3.6791927618598095,-1.92645924897735,1.3386445616171945,-0.0970836571096847,3.965019980825311,-0.443765249960297,1.3252658108481998
95.0,191.0,129.9022979736328,-0.0395527621784877,2.6822143351012,-4.116956616993471,-3.679192761860846,-1.926459248942836,1.338644562234091,-0.0970836571095564,3.965010701282912,-0.4437652497718227,1.325265810834587
95.0,191.0,129.9022979736328,-0.0395527911065102,2.682215424676068,-4.116956616947029,-3.679192759059212,-1.92645924897735,1.3386445616171945,-0.0970836571096847,3.965010780344768,-0.4437652500569998,1.3252658111838331
95.0,191.0,129.9022979736328,-0.0395527622453889,2.6822143244404275,-4.116956616946764,-3.679192761863032,-1.9264592483278469,1.3386445634234838,-0.0970836571095627,3.965010701282912,-0.4437652497718227,1.3252658108480009
95.0,191.0,129.9022979736328,-0.0395527919893825,2.682214375633502,-4.116956616951696,-3.679192759059212,-1.92645924897735,1.3386445616171945,-0.0970836571096847,3.965019980825311,-0.4437652500569998,1.3252658111838331
95.0,191.0,129.9022979736328,-0.0395527919506091,2.6822143185605327,-4.116956616996371,-3.679192761861014,-1.9264586253959315,1.3386445641184932,-0.0970836571096847,3.965019980825311,-0.443765249960297,1.325265811192253
95.0,191.0,129.9022979736328,-0.0395527923954679,2.682214316814164,-4.116956616996371,-3.679192762067466,-1.92645924897735,1.3386445616171945,-0.0970836571096847,3.965019980825311,-0.443765249960297,1.3252658108347508
95.0,191.0,129.9022979736328,-0.0395527933834809,2.682215424676068,-4.116956617001055,-3.679192761996436,-1.9264592489761287,1.3386445614495728,-0.0970836571097756,3.965019980825311,-0.4437652610205506,1.3252658107955226
95.0,191.0,129.9022979736328,-0.0395527621784877,2.682214335015946,-4.116956616993382,-3.679192761860922,-1.926459248977804,1.3386445622274283,-0.097083657109556,3.965010701282912,-0.4437652497718227,1.3252658108351274
95.0,191.0,129.9022979736328,-0.0395527923954679,2.682214316872168,-4.116956616951444,-3.679192761861054,-1.9264592715551785,1.3386445616138325,-0.0970836571096847,3.965019980825311,-0.4437652499521094,1.3252658108481918
95.0,191.0,129.9022979736328,-0.0395527644956082,2.6822143185605327,-4.116956616996371,-3.679192761855027,-1.92645924897735,1.33864457104492,-0.0970836571096847,3.965019980825311,-0.4437652497734763,1.3252658108369046
95.0,191.0,129.9022979736328,-0.0395527622453889,2.6822143348555243,-4.116956616997418,-3.679192761863032,-1.926459248895867,1.3386445621921936,-0.0970836571096827,3.965020090247168,-0.4437652497736326,1.3252658112183204
95.0,191.0,129.9022979736328,-0.0395527919801295,2.6822143351438235,-4.116956616996371,-3.679192761862943,-1.9264592489779524,1.3386445616171945,-0.0970836571095678,3.965010630282489,-0.443765249960297,1.3252658108351825
95.0,191.0,129.9022979736328,-0.0395527919801295,2.6822154616147675,-4.116956616951696,-3.679192759254744,-1.92645924897735,1.3386445616171945,-0.0970836571096847,3.965019980825311,-0.4437652499599738,1.3252658111838331
95.0,191.0,129.9022979736328,-0.0395527923954679,2.6822143241928944,-4.11695661699646,-3.6791927618597335,-1.9264592489423824,1.338644561623857,-0.0970836571096852,3.965019980825311,-0.443765249960297,1.3252658108476596
95.0,191.0,129.9022979736328,-0.0395527631190082,2.682214318547871,-4.1169566169514304,-3.679192761863032,-1.926459271730808,1.3386445615828098,-0.0970836571096755,3.965019900273398,-0.4437652497718227,1.3252658108480906
95.0,191.0,129.9022979736328,-0.0395527644956082,2.6822143185605327,-4.116956616996371,-3.679192761855027,-1.92645924897735,1.3386445709036987,-0.0970836571096847,3.965019980825311,-0.4437652497826793,1.3252658108369046
95.0,191.0,129.9022979736328,-0.0395527622453889,2.6822143348555243,-4.116956616946764,-3.679192761863032,-1.9264592483278469,1.338644562173669,-0.0970836571095564,3.965010701282912,-0.4437652497718227,1.3252658108480906
95.0,191.0,129.9022979736328,-0.0395527622453889,2.6822143348549043,-4.116956616946764,-3.679192761863032,-1.9264592483278469,1.3386445621748957,-0.0970836571095564,3.965010701282912,-0.4437652497718227,1.3252658108480906
95.0,191.0,129.9022979736328,-0.0395527644956082,2.6822143185605327,-4.116956616996371,-3.679192761855027,-1.92645924897735,1.33864457104492,-0.0970836571096847,3.965019980825311,-0.4437652497734763,1.3252658108369046
95.0,192.0,129.90223693847656,-0.0395527923966138,2.682214337373692,-4.116956616998998,-3.679192761830988,-1.9264592489757857,1.3386445552050052,-0.097083657111341,3.96393315502904,-0.4437652500529605,1.3252658108364428
95.0,192.0,129.90225219726562,-0.0395527932985534,2.6822143189944403,-4.1169566169966565,-3.679192759011362,-1.92645924897735,1.3386445612827031,-0.0970836571096847,3.9649827034341847,-0.4437652499631799,1.3252658108076882
95.0,192.0,129.9022674560547,-0.0395527640021411,2.6822143348555243,-4.116956616946764,-3.679192762001132,-1.9264592483278469,1.338644562173669,-0.0970836571095564,3.963894206765184,-0.4437652497718227,1.3252658108480906
95.0,192.0,129.9022674560547,-0.0395527923692628,2.682214337373692,-4.116956616946653,-3.679192759059212,-1.9264592489757857,1.3386445549166726,-0.0970836571113331,3.9638958776379134,-0.4437652500569998,1.3252658111732647
95.0,192.0,129.9022674560547,-0.0395527640021411,2.6822143348555243,-4.116956616946764,-3.6791927620229306,-1.9264592483278469,1.338644562173669,-0.0970836571095564,3.963894206765184,-0.4437652497718227,1.3252658108480906
95.0,192.0,129.9022674560547,-0.0395527923966138,2.682214337373692,-4.116956616999284,-3.679192759059212,-1.9264592489757857,1.3386445549166726,-0.097083657111341,3.9638958776379134,-0.4437652500558434,1.3252658108364428
95.0,192.0,129.9022674560547,-0.0395527640021411,2.6822143348555243,-4.116956616946764,-3.6791927620268767,-1.9264592483278469,1.338644562173669,-0.0970836571095564,3.963894206765184,-0.4437652497718227,1.3252658108480906
95.0,192.0,129.9022674560547,-0.0395527640021411,2.6822143348555243,-4.116956617000408,-3.6791927620229306,-1.9264592489344003,1.3386445621901102,-0.0970836571096862,3.963894206765184,-0.4437652497718227,1.3252658108369877
95.0,192.0,129.9022979736328,-0.0395527919801295,2.6822143185605327,-4.116956616996371,-3.679192761861014,-1.92645924897735,1.3386445616171945,-0.0970836571096847,3.965019980825311,-0.443765249960297,1.3252658108351825
95.0,192.0,129.9022979736328,-0.0395527923954679,2.682214316872168,-4.116956616996371,-3.679192761861014,-1.92645924897735,1.3386445616171945,-0.0970836571096847,3.965019980825311,-0.443765249960297,1.3252658108481998
95.0,192.0,129.9022979736328,-0.0395527923828428,2.6822143185605327,-4.116956616996315,-3.679192758742584,-1.926459271757136,1.3386445616171945,-0.0970836571096847,3.965019980825311,-0.443765249960297,1.3252658108352726
95.0,192.0,129.9022979736328,-0.0395527622453889,2.6822143348555243,-4.116956616946764,-3.679192761863032,-1.9264592483278469,1.338644562173669,-0.0970836571095564,3.965010701282912,-0.4437652497718227,1.3252658108480906
95.0,192.0,129.9022979736328,-0.0395527919801295,2.682215424676068,-4.116956616951696,-3.679192759059212,-1.92645924897735,1.3386445616171945,-0.0970836571096847,3.965019980825311,-0.4437652500569998,1.3252658111838331
95.0,192.0,129.9022979736328,-0.0395527919801295,2.6822143185605327,-4.116956616996371,-3.679192761861014,-1.92645924897735,1.3386445616171945,-0.0970836571096847,3.965019980825311,-0.443765249960297,1.3252658108351825
95.0,192.0,129.9022979736328,-0.0395527919801295,2.682215424676068,-4.116956616951696,-3.679192759059212,-1.926459248977457,1.3386445616171945,-0.0970836571096764,3.965019980825311,-0.4437652500569998,1.3252658108246531
95.0,192.0,129.9022979736328,-0.0395527622453889,2.6822143348555243,-4.116956616946764,-3.679192761863032,-1.9264592483278469,1.338644562173669,-0.0970836571095564,3.965010701282912,-0.4437652497718227,1.3252658108480906
95.0,192.0,129.9022979736328,-0.0395527923954679,2.682214324141928,-4.116956616996371,-3.679192761859887,-1.92645924897735,1.3386445616171945,-0.0970836571096955,3.965019980825311,-0.443765249960297,1.3252658108473874
95.0,192.0,129.9022979736328,-0.0395527923954679,2.682214316872168,-4.116956616996371,-3.679192761861014,-1.92645924897735,1.3386445616171945,-0.0970836571096847,3.965019980825311,-0.443765249960297,1.3252658108481998
95.0,192.0,129.9022979736328,-0.0395527644956082,2.6822143185605327,-4.116956616996371,-3.679192761855027,-1.92645924897735,1.33864457104492,-0.0970836571096847,3.965019980825311,-0.4437652497734763,1.3252658108369046
95.0,192.0,129.9022979736328,-0.0395527923954679,2.682214324141928,-4.116956616996371,-3.679192761859887,-1.92645924897735,1.3386445616171945,-0.0970836571096844,3.965019980825311,-0.443765249960297,1.3252658108472473
95.0,192.0,129.9022979736328,-0.0395527622453889,2.6822143348555243,-4.116956616946764,-3.679192761863032,-1.9264592483278469,1.338644562173669,-0.0970836571095564,3.965010701282912,-0.4437652497718227,1.3252658108480906
95.0,192.0,129.9022979736328,-0.0395527631190082,2.6822143348555243,-4.1169566169514304,-3.679192761863032,-1.9264592483278469,1.338644562173669,-0.0970836571095564,3.9650199017634553,-0.4437652497718227,1.3252658108480906
95.0,192.0,129.9022979736328,-0.0395527919801295,2.6822143185605327,-4.116956616996371,-3.679192761861014,-1.92645924897735,1.3386445616171945,-0.0970836571096847,3.965019980825311,-0.443765249960297,1.3252658108351825
95.0,192.0,129.9022979736328,-0.039552792104038,2.6822143185605327,-4.116956616997167,-3.679192761822273,-1.926459253292249,1.3386445616171945,-0.0970836571096847,3.965020446987618,-0.4437652499575761,1.3252658108351825
95.0,192.0,129.9022979736328,-0.0395527923954679,2.682214324024533,-4.116956616996371,-3.679192761861014,-1.9264592489751429,1.3386445615868354,-0.0970836571096847,3.965019980825311,-0.443765249960297,1.3252658108353457
95.0,192.0,129.9022979736328,-0.0395527911065102,2.682215424676068,-4.116956616947029,-3.679192759059212,-1.92645924897735,1.3386445616171945,-0.0970836571096847,3.965010780344768,-0.4437652500569998,1.3252658111838331
95.0,192.0,129.9022979736328,-0.0395527622453889,2.6822143348555243,-4.116956616946764,-3.679192761863032,-1.926459248895867,1.3386445621921936,-0.0970836571095607,3.965020090247168,-0.4437652497736326,1.3252658108480906
95.0,192.0,129.9022979736328,-0.0395527923954679,2.682214324141928,-4.116956616996371,-3.679192761859887,-1.92645924897735,1.3386445616171945,-0.0970836571096955,3.965019980825311,-0.443765249960297,1.3252658108473874
95.0,192.0,129.9022979736328,-0.0395527919801295,2.682214337373692,-4.116956616946653,-3.679192759059212,-1.92645924897735,1.3386445621560086,-0.0970836571096872,3.965019980825311,-0.4437652500569998,1.3252658111732647
95.0,192.0,129.9022979736328,-0.0395527923833278,2.6822143185605327,-4.116956616996371,-3.679192761861014,-1.92645924897735,1.3386445616171945,-0.0970836571096847,3.965019980825311,-0.443765249960297,1.3252658108351825
95.0,192.0,129.9022979736328,-0.0395527923764899,2.682215424676068,-4.116956617001578,-3.679192762033585,-1.9264592489761287,1.3386445616171945,-0.0970836571096764,3.965019980825311,-0.4437652610205506,1.3252658108247912
95.0,192.0,129.9022979736328,-0.0395527631190082,2.682214318547871,-4.1169566169514304,-3.679192761863032,-1.926459271730808,1.3386445615828098,-0.0970836571096755,3.965019900273398,-0.4437652497718227,1.3252658108480906
95.0,192.0,129.9022979736328,-0.0395527932985534,2.6822143189944403,-4.116956616996371,-3.67919276178314,-1.92645924897735,1.338644561571036,-0.0970836571096847,3.965019980825311,-0.443765249960297,1.3252658108076882
95.0,192.0,129.9022979736328,-0.0395527644956082,2.6822143185605327,-4.116956616996371,-3.679192761855027,-1.92645924897735,1.33864457104492,-0.0970836571096847,3.965019980825311,-0.4437652497734763,1.3252658108369046
95.0,192.0,129.9022979736328,-0.0395527923954679,2.6822143241076417,-4.116956616996371,-3.6791927618598095,-1.92645924897735,1.3386445616171945,-0.0970836571096847,3.965019980825311,-0.443765249960297,1.3252658108481998
95.0,192.0,129.9022979736328,-0.0395527621784877,2.6822143351012,-4.116956616993471,-3.679192761860846,-1.926459248942836,1.338644562234091,-0.0970836571095564,3.965010701282912,-0.4437652497718227,1.325265810834587
95.0,192.0,129.9022979736328,-0.0395527911065102,2.682215424676068,-4.116956616947029,-3.679192759059212,-1.92645924897735,1.3386445616171945,-0.0970836571096847,3.965010780344768,-0.4437652500569998,1.3252658111838331
95.0,192.0,129.9022979736328,-0.0395527622453889,2.6822143244404275,-4.116956616946764,-3.679192761863032,-1.9264592483278469,1.3386445634234838,-0.0970836571095627,3.965010701282912,-0.4437652497718227,1.3252658108480009
95.0,192.0,129.9022979736328,-0.0395527919893825,2.682214375633502,-4.116956616951696,-3.679192759059212,-1.92645924897735,1.3386445616171945,-0.0970836571096847,3.965019980825311,-0.4437652500569998,1.3252658111838331
95.0,192.0,129.9022979736328,-0.0395527919506091,2.6822143185605327,-4.116956616996371,-3.679192761861014,-1.9264586253959315,1.3386445641184932,-0.0970836571096847,3.965019980825311,-0.443765249960297,1.325265811192253
95.0,192.0,129.9022979736328,-0.0395527923954679,2.682214316814164,-4.116956616996371,-3.679192762067466,-1.92645924897735,1.3386445616171945,-0.0970836571096847,3.965019980825311,-0.443765249960297,1.3252658108347508
95.0,192.0,129.9022979736328,-0.0395527933834809,2.682215424676068,-4.116956617001055,-3.679192761996436,-1.9264592489761287,1.3386445614495728,-0.0970836571097756,3.965019980825311,-0.4437652610205506,1.3252658107955226
95.0,192.0,129.9022979736328,-0.0395527621784877,2.682214335015946,-4.116956616993382,-3.679192761860922,-1.926459248977804,1.3386445622274283,-0.097083657109556,3.965010701282912,-0.4437652497718227,1.3252658108351274
95.0,192.0,129.9022979736328,-0.0395527923954679,2.682214316872168,-4.116956616951444,-3.679192761861054,-1.9264592715551785,1.3386445616138325,-0.0970836571096847,3.965019980825311,-0.4437652499521094,1.3252658108481918
95.0,192.0,129.9022979736328,-0.0395527644956082,2.6822143185605327,-4.116956616996371,-3.679192761855027,-1.92645924897735,1.33864457104492,-0.0970836571096847,3.965019980825311,-0.4437652497734763,1.3252658108369046
95.0,192.0,129.9022979736328,-0.0395527622453889,2.6822143348555243,-4.116956616997418,-3.679192761863032,-1.926459248895867,1.3386445621921936,-0.0970836571096827,3.965020090247168,-0.4437652497736326,1.3252658112183204
95.0,192.0,129.9022979736328,-0.0395527919801295,2.6822143351438235,-4.116956616996371,-3.679192761862943,-1.9264592489779524,1.3386445616171945,-0.0970836571095678,3.965010630282489,-0.443765249960297,1.3252658108351825
95.0,192.0,129.9022979736328,-0.0395527919801295,2.6822154616147675,-4.116956616951696,-3.679192759254744,-1.92645924897735,1.3386445616171945,-0.0970836571096847,3.965019980825311,-0.4437652499599738,1.3252658111838331
95.0,192.0,129.9022979736328,-0.0395527923954679,2.6822143241928944,-4.11695661699646,-3.6791927618597335,-1.9264592489423824,1.338644561623857,-0.0970836571096852,3.965019980825311,-0.443765249960297,1.3252658108476596
95.0,192.0,129.9022979736328,-0.0395527631190082,2.682214318547871,-4.1169566169514304,-3.679192761863032,-1.926459271730808,1.3386445615828098,-0.0970836571096755,3.965019900273398,-0.4437652497718227,1.3252658108480906
95.0,193.0,129.90223693847656,-0.0395527923966138,2.682214337373692,-4.116956616998998,-3.679192761830988,-1.9264592489757857,1.3386445552050052,-0.097083657111341,3.96393315502904,-0.4437652500529605,1.3252658108364428
95.0,193.0,129.90223693847656,-0.039552764764507,2.682214337378676,-4.116956616998998,-3.679192761830988,-1.9264592489757857,1.3386445550186743,-0.0970836571096433,3.96393315502904,-0.4437652500364153,1.3252658108364428
95.0,193.0,129.90225219726562,-0.0395527932985534,2.6822143189944403,-4.1169566169966565,-3.679192759011362,-1.92645924897735,1.3386445612827031,-0.0970836571096847,3.9649827034341847,-0.4437652499631799,1.3252658108076882
95.0,193.0,129.90225219726562,-0.0395527932467803,2.682214319240591,-4.1169566169966565,-3.679192761846273,-1.92645924897735,1.3386445612827031,-0.0970836571096847,3.964982934860691,-0.4437652499633973,1.3252658108103006
95.0,193.0,129.90225219726562,-0.0395527932985534,2.6822143189944403,-4.1169566169966565,-3.679192761954572,-1.92645924897735,1.3386445612827031,-0.0970836571096847,3.964982078895544,-0.4437652499631799,1.3252658108076882
95.0,193.0,129.9022674560547,-0.0395527640021411,2.6822143348555243,-4.116956616946764,-3.679192762001132,-1.9264592483278469,1.338644562173669,-0.0970836571095564,3.963894206765184,-0.4437652497718227,1.3252658108480906
95.0,193.0,129.9022674560547,-0.0395527923692628,2.682214337373692,-4.116956616946653,-3.679192759059212,-1.9264592489757857,1.3386445549166726,-0.0970836571113331,3.9638958776379134,-0.4437652500569998,1.3252658111732647
95.0,193.0,129.9022674560547,-0.0395527640021411,2.6822143348555243,-4.116956616946764,-3.6791927620229306,-1.9264592483278469,1.338644562173669,-0.0970836571095564,3.963894206765184,-0.4437652497718227,1.3252658108480906
95.0,193.0,129.9022674560547,-0.0395527923966138,2.682214337373692,-4.116956616999284,-3.679192759059212,-1.9264592489757857,1.3386445549166726,-0.097083657111341,3.9638958776379134,-0.4437652500558434,1.3252658108364428
95.0,193.0,129.9022674560547,-0.0395527640021411,2.6822143348555243,-4.116956616946764,-3.6791927620268767,-1.9264592483278469,1.338644562173669,-0.0970836571095564,3.963894206765184,-0.4437652497718227,1.3252658108480906
95.0,193.0,129.9022674560547,-0.0395527640021411,2.6822143348555243,-4.116956617000408,-3.6791927620229306,-1.9264592489344003,1.3386445621901102,-0.0970836571096862,3.963894206765184,-0.4437652497718227,1.3252658108369877
95.0,193.0,129.9022674560547,-0.0395527622453889,2.6822143348555243,-4.116956616946764,-3.679192761863032,-1.9264592483278469,1.338644562173669,-0.0970836571095564,3.9649916484483847,-0.4437652497718227,1.3252658108480906
95.0,193.0,129.9022674560547,-0.0395527923954679,2.6822143241928944,-4.116956616944984,-3.6791927618597335,-1.9264592489423824,1.3386445551434338,-0.0970836571096852,3.963897215108309,-0.443765249960297,1.3252658108476596
95.0,193.0,129.9022979736328,-0.0395527919801295,2.6822143185605327,-4.116956616996371,-3.679192761861014,-1.92645924897735,1.3386445616171945,-0.0970836571096847,3.965019980825311,-0.443765249960297,1.3252658108351825
95.0,193.0,129.9022979736328,-0.0395527923954679,2.682214316872168,-4.116956616996371,-3.679192761861014,-1.92645924897735,1.3386445616171945,-0.0970836571096847,3.965019980825311,-0.443765249960297,1.3252658108481998
95.0,193.0,129.9022979736328,-0.0395527923828428,2.6822143185605327,-4.116956616996315,-3.679192758742584,-1.926459271757136,1.3386445616171945,-0.0970836571096847,3.965019980825311,-0.443765249960297,1.3252658108352726
95.0,193.0,129.9022979736328,-0.0395527622453889,2.6822143348555243,-4.116956616946764,-3.679192761863032,-1.9264592483278469,1.338644562173669,-0.0970836571095564,3.965010701282912,-0.4437652497718227,1.3252658108480906
95.0,193.0,129.9022979736328,-0.0395527919801295,2.682215424676068,-4.116956616951696,-3.679192759059212,-1.92645924897735,1.3386445616171945,-0.0970836571096847,3.965019980825311,-0.4437652500569998,1.3252658111838331
95.0,193.0,129.9022979736328,-0.0395527919801295,2.6822143185605327,-4.116956616996371,-3.679192761861014,-1.92645924897735,1.3386445616171945,-0.0970836571096847,3.965019980825311,-0.443765249960297,1.3252658108351825
95.0,193.0,129.9022979736328,-0.0395527919801295,2.682215424676068,-4.116956616951696,-3.679192759059212,-1.926459248977457,1.3386445616171945,-0.0970836571096764,3.965019980825311,-0.4437652500569998,1.3252658108246531
95.0,193.0,129.9022979736328,-0.0395527622453889,2.6822143348555243,-4.116956616946764,-3.679192761863032,-1.9264592483278469,1.338644562173669,-0.0970836571095564,3.965010701282912,-0.4437652497718227,1.3252658108480906
95.0,193.0,129.9022979736328,-0.0395527923954679,2.682214324141928,-4.116956616996371,-3.679192761859887,-1.92645924897735,1.3386445616171945,-0.0970836571096955,3.965019980825311,-0.443765249960297,1.3252658108473874
95.0,193.0,129.9022979736328,-0.0395527923954679,2.682214316872168,-4.116956616996371,-3.679192761861014,-1.92645924897735,1.3386445616171945,-0.0970836571096847,3.965019980825311,-0.443765249960297,1.3252658108481998
95.0,193.0,129.9022979736328,-0.0395527644956082,2.6822143185605327,-4.116956616996371,-3.679192761855027,-1.92645924897735,1.33864457104492,-0.0970836571096847,3.965019980825311,-0.4437652497734763,1.3252658108369046
95.0,193.0,129.9022979736328,-0.0395527923954679,2.682214324141928,-4.116956616996371,-3.679192761859887,-1.92645924897735,1.3386445616171945,-0.0970836571096844,3.965019980825311,-0.443765249960297,1.3252658108472473
95.0,193.0,129.9022979736328,-0.0395527622453889,2.6822143348555243,-4.116956616946764,-3.679192761863032,-1.9264592483278469,1.338644562173669,-0.0970836571095564,3.965010701282912,-0.4437652497718227,1.3252658108480906
95.0,193.0,129.9022979736328,-0.0395527631190082,2.6822143348555243,-4.1169566169514304,-3.679192761863032,-1.9264592483278469,1.338644562173669,-0.0970836571095564,3.9650199017634553,-0.4437652497718227,1.3252658108480906
95.0,193.0,129.9022979736328,-0.0395527919801295,2.6822143185605327,-4.116956616996371,-3.679192761861014,-1.92645924897735,1.3386445616171945,-0.0970836571096847,3.965019980825311,-0.443765249960297,1.3252658108351825
95.0,193.0,129.9022979736328,-0.039552792104038,2.6822143185605327,-4.116956616997167,-3.679192761822273,-1.926459253292249,1.3386445616171945,-0.0970836571096847,3.965020446987618,-0.4437652499575761,1.3252658108351825
95.0,193.0,129.9022979736328,-0.0395527923954679,2.682214324024533,-4.116956616996371,-3.679192761861014,-1.9264592489751429,1.3386445615868354,-0.0970836571096847,3.965019980825311,-0.443765249960297,1.3252658108353457
95.0,193.0,129.9022979736328,-0.0395527911065102,2.682215424676068,-4.116956616947029,-3.679192759059212,-1.92645924897735,1.3386445616171945,-0.0970836571096847,3.965010780344768,-0.4437652500569998,1.3252658111838331
95.0,193.0,129.9022979736328,-0.0395527622453889,2.6822143348555243,-4.116956616946764,-3.679192761863032,-1.926459248895867,1.3386445621921936,-0.0970836571095607,3.965020090247168,-0.4437652497736326,1.3252658108480906
95.0,193.0,129.9022979736328,-0.0395527923954679,2.682214324141928,-4.116956616996371,-3.679192761859887,-1.92645924897735,1.3386445616171945,-0.0970836571096955,3.965019980825311,-0.443765249960297,1.3252658108473874
95.0,193.0,129.9022979736328,-0.0395527919801295,2.682214337373692,-4.116956616946653,-3.679192759059212,-1.92645924897735,1.3386445621560086,-0.0970836571096872,3.965019980825311,-0.4437652500569998,1.3252658111732647
95.0,193.0,129.9022979736328,-0.0395527923833278,2.6822143185605327,-4.116956616996371,-3.679192761861014,-1.92645924897735,1.3386445616171945,-0.0970836571096847,3.965019980825311,-0.443765249960297,1.3252658108351825
95.0,193.0,129.9022979736328,-0.0395527923764899,2.682215424676068,-4.116956617001578,-3.679192762033585,-1.9264592489761287,1.3386445616171945,-0.0970836571096764,3.965019980825311,-0.4437652610205506,1.3252658108247912
95.0,193.0,129.9022979736328,-0.0395527631190082,2.682214318547871,-4.1169566169514304,-3.679192761863032,-1.926459271730808,1.3386445615828098,-0.0970836571096755,3.965019900273398,-0.4437652497718227,1.3252658108480906
95.0,193.0,129.9022979736328,-0.0395527932985534,2.6822143189944403,-4.116956616996371,-3.67919276178314,-1.92645924897735,1.338644561571036,-0.0970836571096847,3.965019980825311,-0.443765249960297,1.3252658108076882
95.0,193.0,129.9022979736328,-0.0395527644956082,2.6822143185605327,-4.116956616996371,-3.679192761855027,-1.92645924897735,1.33864457104492,-0.0970836571096847,3.965019980825311,-0.4437652497734763,1.3252658108369046
95.0,193.0,129.9022979736328,-0.0395527923954679,2.6822143241076417,-4.116956616996371,-3.6791927618598095,-1.92645924897735,1.3386445616171945,-0.0970836571096847,3.965019980825311,-0.443765249960297,1.3252658108481998
95.0,193.0,129.9022979736328,-0.0395527621784877,2.6822143351012,-4.116956616993471,-3.679192761860846,-1.926459248942836,1.338644562234091,-0.0970836571095564,3.965010701282912,-0.4437652497718227,1.325265810834587
95.0,193.0,129.9022979736328,-0.0395527911065102,2.682215424676068,-4.116956616947029,-3.679192759059212,-1.92645924897735,1.3386445616171945,-0.0970836571096847,3.965010780344768,-0.4437652500569998,1.3252658111838331
95.0,193.0,129.9022979736328,-0.0395527622453889,2.6822143244404275,-4.116956616946764,-3.679192761863032,-1.9264592483278469,1.3386445634234838,-0.0970836571095627,3.965010701282912,-0.4437652497718227,1.3252658108480009
95.0,193.0,129.9022979736328,-0.0395527919893825,2.682214375633502,-4.116956616951696,-3.679192759059212,-1.92645924897735,1.3386445616171945,-0.0970836571096847,3.965019980825311,-0.4437652500569998,1.3252658111838331
95.0,193.0,129.9022979736328,-0.0395527919506091,2.6822143185605327,-4.116956616996371,-3.679192761861014,-1.9264586253959315,1.3386445641184932,-0.0970836571096847,3.965019980825311,-0.443765249960297,1.325265811192253
95.0,193.0,129.9022979736328,-0.0395527923954679,2.682214316814164,-4.116956616996371,-3.679192762067466,-1.92645924897735,1.3386445616171945,-0.0970836571096847,3.965019980825311,-0.443765249960297,1.3252658108347508
95.0,193.0,129.9022979736328,-0.0395527933834809,2.682215424676068,-4.116956617001055,-3.679192761996436,-1.9264592489761287,1.3386445614495728,-0.0970836571097756,3.965019980825311,-0.4437652610205506,1.3252658107955226
95.0,193.0,129.9022979736328,-0.0395527621784877,2.682214335015946,-4.116956616993382,-3.679192761860922,-1.926459248977804,1.3386445622274283,-0.097083657109556,3.965010701282912,-0.4437652497718227,1.3252658108351274
95.0,193.0,129.9022979736328,-0.0395527923954679,2.682214316872168,-4.116956616951444,-3.679192761861054,-1.9264592715551785,1.3386445616138325,-0.0970836571096847,3.965019980825311,-0.4437652499521094,1.3252658108481918
95.0,193.0,129.9022979736328,-0.0395527644956082,2.6822143185605327,-4.116956616996371,-3.679192761855027,-1.92645924897735,1.33864457104492,-0.0970836571096847,3.965019980825311,-0.4437652497734763,1.3252658108369046
95.0,194.0,129.90219116210938,-0.0395527935234108,2.6822143186670955,-4.1169566169966565,-3.679192761954572,-1.92645924897735,1.3386445612827031,-0.0970836571096847,3.963983553153801,-0.4437652499631799,1.3252658108076882
95.0,194.0,129.90223693847656,-0.0395527923966138,2.682214337373692,-4.116956616998998,-3.679192761830988,-1.9264592489757857,1.3386445552050052,-0.097083657111341,3.96393315502904,-0.4437652500529605,1.3252658108364428
95.0,194.0,129.90223693847656,-0.039552764764507,2.682214337378676,-4.116956616998998,-3.679192761830988,-1.9264592489757857,1.3386445550186743,-0.0970836571096433,3.96393315502904,-0.4437652500364153,1.3252658108364428
95.0,194.0,129.90223693847656,-0.0395527924611491,2.682214337378676,-4.116956616998998,-3.679192761760224,-1.9264592489757857,1.3386445550186743,-0.0970836571114652,3.96393315502904,-0.4437652500558014,1.3252658108364428
95.0,194.0,129.90223693847656,-0.0395527923966138,2.6822143348003733,-4.116956616998998,-3.679192762023853,-1.9264592489869103,1.3386445552050052,-0.097083657111341,3.96393315502904,-0.4437652500529605,1.3252658108364428
95.0,194.0,129.90225219726562,-0.0395527932985534,2.6822143189944403,-4.1169566169966565,-3.679192759011362,-1.92645924897735,1.3386445612827031,-0.0970836571096847,3.9649827034341847,-0.4437652499631799,1.3252658108076882
95.0,194.0,129.90225219726562,-0.0395527932467803,2.682214319240591,-4.1169566169966565,-3.679192761846273,-1.92645924897735,1.3386445612827031,-0.0970836571096847,3.964982934860691,-0.4437652499633973,1.3252658108103006
95.0,194.0,129.90225219726562,-0.0395527932985534,2.6822143189944403,-4.1169566169966565,-3.679192761954572,-1.92645924897735,1.3386445612827031,-0.0970836571096847,3.964982078895544,-0.4437652499631799,1.3252658108076882
95.0,194.0,129.90225219726562,-0.0395527923954679,2.682214319049854,-4.11695661699666,-3.679192761859887,-1.92645924897735,1.3386445612788944,-0.0970836571096955,3.9649838980673513,-0.4437652499633667,1.3252658108061892
95.0,194.0,129.90225219726562,-0.0395527932985534,2.6822143189944403,-4.1169566169966565,-3.679192759011362,-1.92645924897735,1.3386445612827031,-0.0970836571096847,3.9649827034341847,-0.4437652499631799,1.3252658108076882
95.0,194.0,129.9022674560547,-0.0395527640021411,2.6822143348555243,-4.116956616946764,-3.679192762001132,-1.9264592483278469,1.338644562173669,-0.0970836571095564,3.963894206765184,-0.4437652497718227,1.3252658108480906
95.0,194.0,129.9022674560547,-0.0395527923692628,2.682214337373692,-4.116956616946653,-3.679192759059212,-1.9264592489757857,1.3386445549166726,-0.0970836571113331,3.9638958776379134,-0.4437652500569998,1.3252658111732647
95.0,194.0,129.9022674560547,-0.0395527640021411,2.6822143348555243,-4.116956616946764,-3.6791927620229306,-1.9264592483278469,1.338644562173669,-0.0970836571095564,3.963894206765184,-0.4437652497718227,1.3252658108480906
95.0,194.0,129.9022674560547,-0.0395527923966138,2.682214337373692,-4.116956616999284,-3.679192759059212,-1.9264592489757857,1.3386445549166726,-0.097083657111341,3.9638958776379134,-0.4437652500558434,1.3252658108364428
95.0,194.0,129.9022674560547,-0.0395527640021411,2.6822143348555243,-4.116956616946764,-3.6791927620268767,-1.9264592483278469,1.338644562173669,-0.0970836571095564,3.963894206765184,-0.4437652497718227,1.3252658108480906
95.0,194.0,129.9022674560547,-0.0395527640021411,2.6822143348555243,-4.116956617000408,-3.6791927620229306,-1.9264592489344003,1.3386445621901102,-0.0970836571096862,3.963894206765184,-0.4437652497718227,1.3252658108369877
95.0,194.0,129.9022674560547,-0.0395527622453889,2.6822143348555243,-4.116956616946764,-3.679192761863032,-1.9264592483278469,1.338644562173669,-0.0970836571095564,3.9649916484483847,-0.4437652497718227,1.3252658108480906
95.0,194.0,129.9022674560547,-0.0395527923954679,2.6822143241928944,-4.116956616944984,-3.6791927618597335,-1.9264592489423824,1.3386445551434338,-0.0970836571096852,3.963897215108309,-0.443765249960297,1.3252658108476596
95.0,194.0,129.9022674560547,-0.0395527923954679,2.6822143234092986,-4.116956616946748,-3.679192762061664,-1.9264592489458936,1.3386445551417046,-0.0970836571096852,3.963894157932046,-0.4437652499565812,1.3252658108476596
95.0,194.0,129.9022674560547,-0.0395527929918244,2.682214334984512,-4.116956616946764,-3.679192761833626,-1.9264592483278469,1.3386445612808964,-0.0970836571095564,3.9649916484483847,-0.4437652497718227,1.3252658108480906
95.0,194.0,129.9022674560547,-0.0395527911441567,2.682214337373692,-4.116956616993262,-3.6791927619281055,-1.9264592489757857,1.3386445550337056,-0.0970836571113656,3.9638958776379134,-0.4437652497386983,1.325265810829071
95.0,194.0,129.9022674560547,-0.0395527640021411,2.682214337428843,-4.116956616946764,-3.679192761830065,-1.926459248316722,1.338644562173669,-0.0970836571095564,3.963894206765184,-0.4437652497718227,1.3252658108480906
95.0,194.0,129.9022674560547,-0.0395527646999717,2.682214337373692,-4.116956616999284,-3.6791927591299753,-1.9264592489757857,1.3386445549166726,-0.0970836571095191,3.9638958776379134,-0.4437652500364572,1.3252658108364428
95.0,194.0,129.9022674560547,-0.0395527645271376,2.6822143348555243,-4.116956616946764,-3.679192761863032,-1.9264592483278469,1.338644562173669,-0.0970836571095532,3.964991982169443,-0.4437652497777815,1.3252658108350768
95.0,194.0,129.9022979736328,-0.0395527919801295,2.6822143185605327,-4.116956616996371,-3.679192761861014,-1.92645924897735,1.3386445616171945,-0.0970836571096847,3.965019980825311,-0.443765249960297,1.3252658108351825
95.0,194.0,129.9022979736328,-0.0395527923954679,2.682214316872168,-4.116956616996371,-3.679192761861014,-1.92645924897735,1.3386445616171945,-0.0970836571096847,3.965019980825311,-0.443765249960297,1.3252658108481998
95.0,194.0,129.9022979736328,-0.0395527923828428,2.6822143185605327,-4.116956616996315,-3.679192758742584,-1.926459271757136,1.3386445616171945,-0.0970836571096847,3.965019980825311,-0.443765249960297,1.3252658108352726
95.0,194.0,129.9022979736328,-0.0395527622453889,2.6822143348555243,-4.116956616946764,-3.679192761863032,-1.9264592483278469,1.338644562173669,-0.0970836571095564,3.965010701282912,-0.4437652497718227,1.3252658108480906
95.0,194.0,129.9022979736328,-0.0395527919801295,2.682215424676068,-4.116956616951696,-3.679192759059212,-1.92645924897735,1.3386445616171945,-0.0970836571096847,3.965019980825311,-0.4437652500569998,1.3252658111838331
95.0,194.0,129.9022979736328,-0.0395527919801295,2.6822143185605327,-4.116956616996371,-3.679192761861014,-1.92645924897735,1.3386445616171945,-0.0970836571096847,3.965019980825311,-0.443765249960297,1.3252658108351825
95.0,194.0,129.9022979736328,-0.0395527919801295,2.682215424676068,-4.116956616951696,-3.679192759059212,-1.926459248977457,1.3386445616171945,-0.0970836571096764,3.965019980825311,-0.4437652500569998,1.3252658108246531
95.0,194.0,129.9022979736328,-0.0395527622453889,2.6822143348555243,-4.116956616946764,-3.679192761863032,-1.9264592483278469,1.338644562173669,-0.0970836571095564,3.965010701282912,-0.4437652497718227,1.3252658108480906
95.0,194.0,129.9022979736328,-0.0395527923954679,2.682214324141928,-4.116956616996371,-3.679192761859887,-1.92645924897735,1.3386445616171945,-0.0970836571096955,3.965019980825311,-0.443765249960297,1.3252658108473874
95.0,194.0,129.9022979736328,-0.0395527923954679,2.682214316872168,-4.116956616996371,-3.679192761861014,-1.92645924897735,1.3386445616171945,-0.0970836571096847,3.965019980825311,-0.443765249960297,1.3252658108481998
95.0,194.0,129.9022979736328,-0.0395527644956082,2.6822143185605327,-4.116956616996371,-3.679192761855027,-1.92645924897735,1.33864457104492,-0.0970836571096847,3.965019980825311,-0.4437652497734763,1.3252658108369046
95.0,194.0,129.9022979736328,-0.0395527923954679,2.682214324141928,-4.116956616996371,-3.679192761859887,-1.92645924897735,1.3386445616171945,-0.0970836571096844,3.965019980825311,-0.443765249960297,1.3252658108472473
95.0,194.0,129.9022979736328,-0.0395527622453889,2.6822143348555243,-4.116956616946764,-3.679192761863032,-1.9264592483278469,1.338644562173669,-0.0970836571095564,3.965010701282912,-0.4437652497718227,1.3252658108480906
95.0,194.0,129.9022979736328,-0.0395527631190082,2.6822143348555243,-4.1169566169514304,-3.679192761863032,-1.9264592483278469,1.338644562173669,-0.0970836571095564,3.9650199017634553,-0.4437652497718227,1.3252658108480906
95.0,194.0,129.9022979736328,-0.0395527919801295,2.6822143185605327,-4.116956616996371,-3.679192761861014,-1.92645924897735,1.3386445616171945,-0.0970836571096847,3.965019980825311,-0.443765249960297,1.3252658108351825
95.0,194.0,129.9022979736328,-0.039552792104038,2.6822143185605327,-4.116956616997167,-3.679192761822273,-1.926459253292249,1.3386445616171945,-0.0970836571096847,3.965020446987618,-0.4437652499575761,1.3252658108351825
95.0,194.0,129.9022979736328,-0.0395527923954679,2.682214324024533,-4.116956616996371,-3.679192761861014,-1.9264592489751429,1.3386445615868354,-0.0970836571096847,3.965019980825311,-0.443765249960297,1.3252658108353457
95.0,194.0,129.9022979736328,-0.0395527911065102,2.682215424676068,-4.116956616947029,-3.679192759059212,-1.92645924897735,1.3386445616171945,-0.0970836571096847,3.965010780344768,-0.4437652500569998,1.3252658111838331
95.0,194.0,129.9022979736328,-0.0395527622453889,2.6822143348555243,-4.116956616946764,-3.679192761863032,-1.926459248895867,1.3386445621921936,-0.0970836571095607,3.965020090247168,-0.4437652497736326,1.3252658108480906
95.0,194.0,129.9022979736328,-0.0395527923954679,2.682214324141928,-4.116956616996371,-3.679192761859887,-1.92645924897735,1.3386445616171945,-0.0970836571096955,3.965019980825311,-0.443765249960297,1.3252658108473874
95.0,194.0,129.9022979736328,-0.0395527919801295,2.682214337373692,-4.116956616946653,-3.679192759059212,-1.92645924897735,1.3386445621560086,-0.0970836571096872,3.965019980825311,-0.4437652500569998,1.3252658111732647
95.0,194.0,129.9022979736328,-0.0395527923833278,2.6822143185605327,-4.116956616996371,-3.679192761861014,-1.92645924897735,1.3386445616171945,-0.0970836571096847,3.965019980825311,-0.443765249960297,1.3252658108351825
95.0,194.0,129.9022979736328,-0.0395527923764899,2.682215424676068,-4.116956617001578,-3.679192762033585,-1.9264592489761287,1.3386445616171945,-0.0970836571096764,3.965019980825311,-0.4437652610205506,1.3252658108247912
95.0,194.0,129.9022979736328,-0.0395527631190082,2.682214318547871,-4.1169566169514304,-3.679192761863032,-1.926459271730808,1.3386445615828098,-0.0970836571096755,3.965019900273398,-0.4437652497718227,1.3252658108480906
95.0,194.0,129.9022979736328,-0.0395527932985534,2.6822143189944403,-4.116956616996371,-3.67919276178314,-1.92645924897735,1.338644561571036,-0.0970836571096847,3.965019980825311,-0.443765249960297,1.3252658108076882
95.0,194.0,129.9022979736328,-0.0395527644956082,2.6822143185605327,-4.116956616996371,-3.679192761855027,-1.92645924897735,1.33864457104492,-0.0970836571096847,3.965019980825311,-0.4437652497734763,1.3252658108369046
95.0,195.0,129.90219116210938,-0.0395527935234108,2.6822143186670955,-4.1169566169966565,-3.679192761954572,-1.92645924897735,1.3386445612827031,-0.0970836571096847,3.963983553153801,-0.4437652499631799,1.3252658108076882
95.0,195.0,129.90219116210938,-0.0395527932985534,2.68221431866777,-4.1169566169966565,-3.679192761954572,-1.92645924897735,1.3386445612827031,-0.0970836571096847,3.9639967455028247,-0.4437652499631799,1.3252658108076882
95.0,195.0,129.9022216796875,-0.039552764764507,2.6822143190866603,-4.116956616998953,-3.679192761830988,-1.9264592489757857,1.3386445550186743,-0.0970836571096835,3.96394355014406,-0.4437652500328833,1.3252658108361832
95.0,195.0,129.90223693847656,-0.0395527923966138,2.682214337373692,-4.116956616998998,-3.679192761830988,-1.9264592489757857,1.3386445552050052,-0.097083657111341,3.96393315502904,-0.4437652500529605,1.3252658108364428
95.0,195.0,129.90223693847656,-0.039552764764507,2.682214337378676,-4.116956616998998,-3.679192761830988,-1.9264592489757857,1.3386445550186743,-0.0970836571096433,3.96393315502904,-0.4437652500364153,1.3252658108364428
95.0,195.0,129.90223693847656,-0.0395527924611491,2.682214337378676,-4.116956616998998,-3.679192761760224,-1.9264592489757857,1.3386445550186743,-0.0970836571114652,3.96393315502904,-0.4437652500558014,1.3252658108364428
95.0,195.0,129.90223693847656,-0.0395527923966138,2.6822143348003733,-4.116956616998998,-3.679192762023853,-1.9264592489869103,1.3386445552050052,-0.097083657111341,3.96393315502904,-0.4437652500529605,1.3252658108364428
95.0,195.0,129.90223693847656,-0.0395527923966705,2.682214337373692,-4.1169566169471015,-3.679192762057472,-1.926459248976608,1.3386445552043127,-0.097083657111341,3.9639331681011343,-0.4437652499566505,1.3252658108479478
95.0,195.0,129.90223693847656,-0.0395527923966185,2.6822143348003733,-4.116956616998918,-3.679192762023853,-1.9264592489868348,1.338644555141443,-0.097083657111341,3.96393315502904,-0.4437652500529605,1.3252658108364428
95.0,195.0,129.90223693847656,-0.0395527924611491,2.68221433737828,-4.116956616999288,-3.679192761836319,-1.9264592489757857,1.3386445550186743,-0.0970836571114697,3.96393315502904,-0.4437652500558014,1.3252658108364428
95.0,195.0,129.90223693847656,-0.0395527935234108,2.682214318993766,-4.1169566169966565,-3.679192761954572,-1.92645924897735,1.3386445612827031,-0.0970836571096847,3.964968886546522,-0.4437652499631799,1.3252658108076882
95.0,195.0,129.90225219726562,-0.0395527932985534,2.6822143189944403,-4.1169566169966565,-3.679192759011362,-1.92645924897735,1.3386445612827031,-0.0970836571096847,3.9649827034341847,-0.4437652499631799,1.3252658108076882
95.0,195.0,129.90225219726562,-0.0395527932467803,2.682214319240591,-4.1169566169966565,-3.679192761846273,-1.92645924897735,1.3386445612827031,-0.0970836571096847,3.964982934860691,-0.4437652499633973,1.3252658108103006
95.0,195.0,129.90225219726562,-0.0395527932985534,2.6822143189944403,-4.1169566169966565,-3.679192761954572,-1.92645924897735,1.3386445612827031,-0.0970836571096847,3.964982078895544,-0.4437652499631799,1.3252658108076882
95.0,195.0,129.90225219726562,-0.0395527923954679,2.682214319049854,-4.11695661699666,-3.679192761859887,-1.92645924897735,1.3386445612788944,-0.0970836571096955,3.9649838980673513,-0.4437652499633667,1.3252658108061892
95.0,195.0,129.90225219726562,-0.0395527932985534,2.6822143189944403,-4.1169566169966565,-3.679192759011362,-1.92645924897735,1.3386445612827031,-0.0970836571096847,3.9649827034341847,-0.4437652499631799,1.3252658108076882
95.0,195.0,129.90225219726562,-0.0395527929938917,2.682214335130632,-4.1169566169971485,-3.679192759011362,-1.92645924897735,1.338644561282727,-0.0970836571096847,3.9649827034341847,-0.4437652499626163,1.3252658108076882
95.0,195.0,129.90225219726562,-0.0395527924642591,2.682214319240591,-4.116956616946057,-3.679192761840344,-1.92645924897735,1.3386445612787872,-0.0970836571095578,3.9639186927246266,-0.4437652497791379,1.3252658108103006
95.0,195.0,129.90225219726562,-0.0395527923954632,2.682214319049854,-4.11695661699674,-3.679192761859887,-1.9264592489774253,1.338644561342457,-0.0970836571096955,3.9649838980673513,-0.4437652499633667,1.3252658108061892
95.0,195.0,129.9022674560547,-0.0395527640021411,2.6822143348555243,-4.116956616946764,-3.679192762001132,-1.9264592483278469,1.338644562173669,-0.0970836571095564,3.963894206765184,-0.4437652497718227,1.3252658108480906
95.0,195.0,129.9022674560547,-0.0395527923692628,2.682214337373692,-4.116956616946653,-3.679192759059212,-1.9264592489757857,1.3386445549166726,-0.0970836571113331,3.9638958776379134,-0.4437652500569998,1.3252658111732647
95.0,195.0,129.9022674560547,-0.0395527640021411,2.6822143348555243,-4.116956616946764,-3.6791927620229306,-1.9264592483278469,1.338644562173669,-0.0970836571095564,3.963894206765184,-0.4437652497718227,1.3252658108480906
95.0,195.0,129.9022674560547,-0.0395527923966138,2.682214337373692,-4.116956616999284,-3.679192759059212,-1.9264592489757857,1.3386445549166726,-0.097083657111341,3.9638958776379134,-0.4437652500558434,1.3252658108364428
95.0,195.0,129.9022674560547,-0.0395527640021411,2.6822143348555243,-4.116956616946764,-3.6791927620268767,-1.9264592483278469,1.338644562173669,-0.0970836571095564,3.963894206765184,-0.4437652497718227,1.3252658108480906
95.0,195.0,129.9022674560547,-0.0395527640021411,2.6822143348555243,-4.116956617000408,-3.6791927620229306,-1.9264592489344003,1.3386445621901102,-0.0970836571096862,3.963894206765184,-0.4437652497718227,1.3252658108369877
95.0,195.0,129.9022674560547,-0.0395527622453889,2.6822143348555243,-4.116956616946764,-3.679192761863032,-1.9264592483278469,1.338644562173669,-0.0970836571095564,3.9649916484483847,-0.4437652497718227,1.3252658108480906
95.0,195.0,129.9022674560547,-0.0395527923954679,2.6822143241928944,-4.116956616944984,-3.6791927618597335,-1.9264592489423824,1.3386445551434338,-0.0970836571096852,3.963897215108309,-0.443765249960297,1.3252658108476596
95.0,195.0,129.9022674560547,-0.0395527923954679,2.6822143234092986,-4.116956616946748,-3.679192762061664,-1.9264592489458936,1.3386445551417046,-0.0970836571096852,3.963894157932046,-0.4437652499565812,1.3252658108476596
95.0,195.0,129.9022674560547,-0.0395527929918244,2.682214334984512,-4.116956616946764,-3.679192761833626,-1.9264592483278469,1.3386445612808964,-0.0970836571095564,3.9649916484483847,-0.4437652497718227,1.3252658108480906
95.0,195.0,129.9022674560547,-0.0395527911441567,2.682214337373692,-4.116956616993262,-3.6791927619281055,-1.9264592489757857,1.3386445550337056,-0.0970836571113656,3.9638958776379134,-0.4437652497386983,1.325265810829071
95.0,195.0,129.9022674560547,-0.0395527640021411,2.682214337428843,-4.116956616946764,-3.679192761830065,-1.926459248316722,1.338644562173669,-0.0970836571095564,3.963894206765184,-0.4437652497718227,1.3252658108480906
95.0,195.0,129.9022674560547,-0.0395527646999717,2.682214337373692,-4.116956616999284,-3.6791927591299753,-1.9264592489757857,1.3386445549166726,-0.0970836571095191,3.9638958776379134,-0.4437652500364572,1.3252658108364428
95.0,195.0,129.9022674560547,-0.0395527645271376,2.6822143348555243,-4.116956616946764,-3.679192761863032,-1.9264592483278469,1.338644562173669,-0.0970836571095532,3.964991982169443,-0.4437652497777815,1.3252658108350768
95.0,195.0,129.9022674560547,-0.0395527923956015,2.6822143348003733,-4.116956616998998,-3.679192762023853,-1.9264592489869103,1.3386445552050052,-0.097083657111341,3.964997739277596,-0.4437652500529605,1.3252658108364468
95.0,195.0,129.9022674560547,-0.0395527911441567,2.682214337373692,-4.116956616993262,-3.6791927619281055,-1.9264592489757857,1.3386445550337056,-0.0970836571113656,3.9638958776379134,-0.4437652497386983,1.325265810829071
95.0,195.0,129.9022674560547,-0.0395527932964861,2.682214318848319,-4.116956616946272,-3.679192761833626,-1.9264592483278469,1.3386445612808726,-0.0970836571095564,3.9649916484483847,-0.4437652497723863,1.3252658108480906
95.0,195.0,129.9022674560547,-0.0395527611536291,2.6822143374121814,-4.116956616946641,-3.679192759059212,-1.9264592483747287,1.3386445549166726,-0.0970836571094666,3.9638958776379134,-0.4437652497823291,1.325265811173652
95.0,195.0,129.9022674560547,-0.0395527640021411,2.682214337428843,-4.116956616946764,-3.679192761830065,-1.926459248316722,1.338644562173669,-0.0970836571095564,3.963894206765184,-0.4437652497718227,1.3252658108480906
95.0,195.0,129.9022674560547,-0.0395527646999717,2.682214337373692,-4.116956616999108,-3.6791927591299753,-1.9264592489757857,1.3386445549871744,-0.0970836571095283,3.9638958776379134,-0.4437652500364572,1.3252658108482065
95.0,195.0,129.9022674560547,-0.0395527640021411,2.682214337447356,-4.116956616946335,-3.679192761925622,-1.9264592483278469,1.338644562173669,-0.0970836571095564,3.9638960167472135,-0.4437652497718227,1.3252658108480906
95.0,195.0,129.90228271484375,-0.039552764295847,2.6822143347560004,-4.116956617000201,-3.67919276202794,-1.9264592489344003,1.33864456218993,-0.0970836571096862,3.963887178734416,-0.4437652497718227,1.3252658108369877
95.0,195.0,129.9022979736328,-0.0395527919801295,2.6822143185605327,-4.116956616996371,-3.679192761861014,-1.92645924897735,1.3386445616171945,-0.0970836571096847,3.965019980825311,-0.443765249960297,1.3252658108351825
95.0,195.0,129.9022979736328,-0.0395527923954679,2.682214316872168,-4.116956616996371,-3.679192761861014,-1.92645924897735,1.3386445616171945,-0.0970836571096847,3.965019980825311,-0.443765249960297,1.3252658108481998
95.0,195.0,129.9022979736328,-0.0395527923828428,2.6822143185605327,-4.116956616996315,-3.679192758742584,-1.926459271757136,1.3386445616171945,-0.0970836571096847,3.965019980825311,-0.443765249960297,1.3252658108352726
95.0,195.0,129.9022979736328,-0.0395527622453889,2.6822143348555243,-4.116956616946764,-3.679192761863032,-1.9264592483278469,1.338644562173669,-0.0970836571095564,3.965010701282912,-0.4437652497718227,1.3252658108480906
95.0,195.0,129.9022979736328,-0.0395527919801295,2.682215424676068,-4.116956616951696,-3.679192759059212,-1.92645924897735,1.3386445616171945,-0.0970836571096847,3.965019980825311,-0.4437652500569998,1.3252658111838331
95.0,195.0,129.9022979736328,-0.0395527919801295,2.6822143185605327,-4.116956616996371,-3.679192761861014,-1.92645924897735,1.3386445616171945,-0.0970836571096847,3.965019980825311,-0.443765249960297,1.3252658108351825
95.0,195.0,129.9022979736328,-0.0395527919801295,2.682215424676068,-4.116956616951696,-3.679192759059212,-1.926459248977457,1.3386445616171945,-0.0970836571096764,3.965019980825311,-0.4437652500569998,1.3252658108246531
95.0,195.0,129.9022979736328,-0.0395527622453889,2.6822143348555243,-4.116956616946764,-3.679192761863032,-1.9264592483278469,1.338644562173669,-0.0970836571095564,3.965010701282912,-0.4437652497718227,1.3252658108480906
95.0,195.0,129.9022979736328,-0.0395527923954679,2.682214324141928,-4.116956616996371,-3.679192761859887,-1.92645924897735,1.3386445616171945,-0.0970836571096955,3.965019980825311,-0.443765249960297,1.3252658108473874
95.0,196.0,129.90219116210938,-0.0395527935234108,2.6822143186670955,-4.1169566169966565,-3.679192761954572,-1.92645924897735,1.3386445612827031,-0.0970836571096847,3.963983553153801,-0.4437652499631799,1.3252658108076882
95.0,196.0,129.90219116210938,-0.0395527932985534,2.68221431866777,-4.1169566169966565,-3.679192761954572,-1.92645924897735,1.3386445612827031,-0.0970836571096847,3.9639967455028247,-0.4437652499631799,1.3252658108076882
95.0,196.0,129.90219116210938,-0.0395527935234108,2.6822143200188244,-4.1169566169966565,-3.679192761954572,-1.92645924897735,1.338644554962944,-0.0970836571114928,3.963983553153801,-0.4437652500523715,1.3252658108027426
95.0,196.0,129.9022216796875,-0.039552764764507,2.6822143190866603,-4.116956616998953,-3.679192761830988,-1.9264592489757857,1.3386445550186743,-0.0970836571096835,3.96394355014406,-0.4437652500328833,1.3252658108361832
95.0,196.0,129.9022216796875,-0.039552792395603,2.6822143194689128,-4.116956616996851,-3.679192761861979,-1.926459248975728,1.3386445550186743,-0.0970836571114783,3.964959715772257,-0.4437652500605223,1.325265810836651
95.0,196.0,129.9022216796875,-0.039552764764507,2.682214319229581,-4.116956616998953,-3.6791927618310623,-1.9264592489757792,1.3386445613538238,-0.0970836571096835,3.96394355014406,-0.4437652500328833,1.325265810836036
95.0,196.0,129.9022216796875,-0.0395527660851272,2.6822143369795794,-4.116956616998994,-3.679192761761086,-1.9264592489757857,1.3386445550186743,-0.097083657111537,3.96394355014406,-0.4437652500566406,1.3252658108361832
95.0,196.0,129.90223693847656,-0.0395527923966138,2.682214337373692,-4.116956616998998,-3.679192761830988,-1.9264592489757857,1.3386445552050052,-0.097083657111341,3.96393315502904,-0.4437652500529605,1.3252658108364428
95.0,196.0,129.90223693847656,-0.039552764764507,2.682214337378676,-4.116956616998998,-3.679192761830988,-1.9264592489757857,1.3386445550186743,-0.0970836571096433,3.96393315502904,-0.4437652500364153,1.3252658108364428
95.0,196.0,129.90223693847656,-0.0395527924611491,2.682214337378676,-4.116956616998998,-3.679192761760224,-1.9264592489757857,1.3386445550186743,-0.0970836571114652,3.96393315502904,-0.4437652500558014,1.3252658108364428
95.0,196.0,129.90223693847656,-0.0395527923966138,2.6822143348003733,-4.116956616998998,-3.679192762023853,-1.9264592489869103,1.3386445552050052,-0.097083657111341,3.96393315502904,-0.4437652500529605,1.3252658108364428
95.0,196.0,129.90223693847656,-0.0395527923966705,2.682214337373692,-4.1169566169471015,-3.679192762057472,-1.926459248976608,1.3386445552043127,-0.097083657111341,3.9639331681011343,-0.4437652499566505,1.3252658108479478
95.0,196.0,129.90223693847656,-0.0395527923966185,2.6822143348003733,-4.116956616998918,-3.679192762023853,-1.9264592489868348,1.338644555141443,-0.097083657111341,3.96393315502904,-0.4437652500529605,1.3252658108364428
95.0,196.0,129.90223693847656,-0.0395527924611491,2.68221433737828,-4.116956616999288,-3.679192761836319,-1.9264592489757857,1.3386445550186743,-0.0970836571114697,3.96393315502904,-0.4437652500558014,1.3252658108364428
95.0,196.0,129.90223693847656,-0.0395527935234108,2.682214318993766,-4.1169566169966565,-3.679192761954572,-1.92645924897735,1.3386445612827031,-0.0970836571096847,3.964968886546522,-0.4437652499631799,1.3252658108076882
95.0,196.0,129.90223693847656,-0.0395527923966138,2.682214334825157,-4.116956616998998,-3.679192762049141,-1.9264592489757857,1.3386445552050052,-0.097083657111341,3.96393315502904,-0.4437652500529605,1.3252658108364428
95.0,196.0,129.90223693847656,-0.0395527935234108,2.682214317909286,-4.116956616996864,-3.6791927619619527,-1.9264592489802213,1.3386445612827031,-0.0970836571096847,3.964968886546522,-0.443765249960606,1.325265810809193
95.0,196.0,129.90223693847656,-0.0395527911441567,2.6822143195173056,-4.116956616996597,-3.6791927619281055,-1.926459248977399,1.3386445550337056,-0.0970836571113656,3.963926014996589,-0.4437652499659316,1.3252658108097692
95.0,196.0,129.90223693847656,-0.0395527627595921,2.6822143373513483,-4.11695661700145,-3.6791927618636793,-1.9264592489757857,1.3386445623689338,-0.0970836571095579,3.96393315502904,-0.4437652500529605,1.3252658108364428
95.0,196.0,129.90223693847656,-0.0395527911405289,2.682214319485756,-4.116956616998957,-3.679192761830127,-1.9264592489757857,1.3386445550186743,-0.0970836571096116,3.96393315502904,-0.4437652500320442,1.3252658108364428
95.0,196.0,129.90223693847656,-0.0395527660217592,2.682214337378676,-4.116956616999025,-3.6791927589510816,-1.9264592489757857,1.3386445550186743,-0.0970836571096433,3.96393315502904,-0.4437652500364153,1.3252658108364428
95.0,196.0,129.90223693847656,-0.0395527932985534,2.682214324130886,-4.116956616944295,-3.679192759011362,-1.926459248945139,1.338644561022684,-0.0970836571096847,3.9649720331462497,-0.4437652499631799,1.3252658108446742
95.0,196.0,129.90225219726562,-0.0395527932985534,2.6822143189944403,-4.1169566169966565,-3.679192759011362,-1.92645924897735,1.3386445612827031,-0.0970836571096847,3.9649827034341847,-0.4437652499631799,1.3252658108076882
95.0,196.0,129.90225219726562,-0.0395527932467803,2.682214319240591,-4.1169566169966565,-3.679192761846273,-1.92645924897735,1.3386445612827031,-0.0970836571096847,3.964982934860691,-0.4437652499633973,1.3252658108103006
95.0,196.0,129.90225219726562,-0.0395527932985534,2.6822143189944403,-4.1169566169966565,-3.679192761954572,-1.92645924897735,1.3386445612827031,-0.0970836571096847,3.964982078895544,-0.4437652499631799,1.3252658108076882
95.0,196.0,129.90225219726562,-0.0395527923954679,2.682214319049854,-4.11695661699666,-3.679192761859887,-1.92645924897735,1.3386445612788944,-0.0970836571096955,3.9649838980673513,-0.4437652499633667,1.3252658108061892
95.0,196.0,129.90225219726562,-0.0395527932985534,2.6822143189944403,-4.1169566169966565,-3.679192759011362,-1.92645924897735,1.3386445612827031,-0.0970836571096847,3.9649827034341847,-0.4437652499631799,1.3252658108076882
95.0,196.0,129.90225219726562,-0.0395527929938917,2.682214335130632,-4.1169566169971485,-3.679192759011362,-1.92645924897735,1.338644561282727,-0.0970836571096847,3.9649827034341847,-0.4437652499626163,1.3252658108076882
95.0,196.0,129.90225219726562,-0.0395527924642591,2.682214319240591,-4.116956616946057,-3.679192761840344,-1.92645924897735,1.3386445612787872,-0.0970836571095578,3.9639186927246266,-0.4437652497791379,1.3252658108103006
95.0,196.0,129.90225219726562,-0.0395527923954632,2.682214319049854,-4.11695661699674,-3.679192761859887,-1.9264592489774253,1.338644561342457,-0.0970836571096955,3.9649838980673513,-0.4437652499633667,1.3252658108061892
95.0,196.0,129.90225219726562,-0.0395527924642591,2.6822143190976693,-4.116956616946057,-3.67919276184027,-1.926459248977356,1.3386445549436377,-0.0970836571095578,3.9639186927246266,-0.4437652497791379,1.3252658108104476
95.0,196.0,129.90225219726562,-0.0395527932985534,2.682214318767627,-4.1169566169966565,-3.6791927619570313,-1.9264592489653696,1.338644562213044,-0.0970836571096847,3.964982078895544,-0.4437652499631799,1.3252658108076882
95.0,196.0,129.90225219726562,-0.0395527933157374,2.682214319049854,-4.11695661699666,-3.679192761860478,-1.92645924897735,1.3386445612788944,-0.0970836571096962,3.9649838980673513,-0.4437652499633667,1.3252658108061892
95.0,196.0,129.90225219726562,-0.0395527930047475,2.682214318949056,-4.116956616994433,-3.6791927620120206,-1.926459248945417,1.338644562208815,-0.0970836571096841,3.9649827034341847,-0.4437652499631799,1.3252658108070765
95.0,196.0,129.90225219726562,-0.0395527924177728,2.6822143189944403,-4.116956616996331,-3.679192758501753,-1.92645924897735,1.3386445618040892,-0.0970836571096896,3.9649827034341847,-0.4437652499631799,1.3252658108076882
95.0,196.0,129.90225219726562,-0.0395527929977531,2.682214318993766,-4.116956616996651,-3.679192761954572,-1.92645924897735,1.3386445612827031,-0.0970836571096847,3.964983234516054,-0.4437652499626368,1.3252658108076882
95.0,196.0,129.9022674560547,-0.0395527640021411,2.6822143348555243,-4.116956616946764,-3.679192762001132,-1.9264592483278469,1.338644562173669,-0.0970836571095564,3.963894206765184,-0.4437652497718227,1.3252658108480906
95.0,196.0,129.9022674560547,-0.0395527923692628,2.682214337373692,-4.116956616946653,-3.679192759059212,-1.9264592489757857,1.3386445549166726,-0.0970836571113331,3.9638958776379134,-0.4437652500569998,1.3252658111732647
95.0,196.0,129.9022674560547,-0.0395527640021411,2.6822143348555243,-4.116956616946764,-3.6791927620229306,-1.9264592483278469,1.338644562173669,-0.0970836571095564,3.963894206765184,-0.4437652497718227,1.3252658108480906
95.0,196.0,129.9022674560547,-0.0395527923966138,2.682214337373692,-4.116956616999284,-3.679192759059212,-1.9264592489757857,1.3386445549166726,-0.097083657111341,3.9638958776379134,-0.4437652500558434,1.3252658108364428
95.0,196.0,129.9022674560547,-0.0395527640021411,2.6822143348555243,-4.116956616946764,-3.6791927620268767,-1.9264592483278469,1.338644562173669,-0.0970836571095564,3.963894206765184,-0.4437652497718227,1.3252658108480906
95.0,196.0,129.9022674560547,-0.0395527640021411,2.6822143348555243,-4.116956617000408,-3.6791927620229306,-1.9264592489344003,1.3386445621901102,-0.0970836571096862,3.963894206765184,-0.4437652497718227,1.3252658108369877
95.0,196.0,129.9022674560547,-0.0395527622453889,2.6822143348555243,-4.116956616946764,-3.679192761863032,-1.9264592483278469,1.338644562173669,-0.0970836571095564,3.9649916484483847,-0.4437652497718227,1.3252658108480906
95.0,196.0,129.9022674560547,-0.0395527923954679,2.6822143241928944,-4.116956616944984,-3.6791927618597335,-1.9264592489423824,1.3386445551434338,-0.0970836571096852,3.963897215108309,-0.443765249960297,1.3252658108476596
95.0,196.0,129.9022674560547,-0.0395527923954679,2.6822143234092986,-4.116956616946748,-3.679192762061664,-1.9264592489458936,1.3386445551417046,-0.0970836571096852,3.963894157932046,-0.4437652499565812,1.3252658108476596
95.0,196.0,129.9022674560547,-0.0395527929918244,2.682214334984512,-4.116956616946764,-3.679192761833626,-1.9264592483278469,1.3386445612808964,-0.0970836571095564,3.9649916484483847,-0.4437652497718227,1.3252658108480906
95.0,196.0,129.9022674560547,-0.0395527911441567,2.682214337373692,-4.116956616993262,-3.6791927619281055,-1.9264592489757857,1.3386445550337056,-0.0970836571113656,3.9638958776379134,-0.4437652497386983,1.325265810829071
95.0,196.0,129.9022674560547,-0.0395527640021411,2.682214337428843,-4.116956616946764,-3.679192761830065,-1.926459248316722,1.338644562173669,-0.0970836571095564,3.963894206765184,-0.4437652497718227,1.3252658108480906
95.0,196.0,129.9022674560547,-0.0395527646999717,2.682214337373692,-4.116956616999284,-3.6791927591299753,-1.9264592489757857,1.3386445549166726,-0.0970836571095191,3.9638958776379134,-0.4437652500364572,1.3252658108364428
95.0,196.0,129.9022674560547,-0.0395527645271376,2.6822143348555243,-4.116956616946764,-3.679192761863032,-1.9264592483278469,1.338644562173669,-0.0970836571095532,3.964991982169443,-0.4437652497777815,1.3252658108350768
95.0,197.0,129.90219116210938,-0.0395527935234108,2.6822143186670955,-4.1169566169966565,-3.679192761954572,-1.92645924897735,1.3386445612827031,-0.0970836571096847,3.963983553153801,-0.4437652499631799,1.3252658108076882
95.0,197.0,129.90219116210938,-0.0395527932985534,2.68221431866777,-4.1169566169966565,-3.679192761954572,-1.92645924897735,1.3386445612827031,-0.0970836571096847,3.9639967455028247,-0.4437652499631799,1.3252658108076882
95.0,197.0,129.90219116210938,-0.0395527935234108,2.6822143200188244,-4.1169566169966565,-3.679192761954572,-1.92645924897735,1.338644554962944,-0.0970836571114928,3.963983553153801,-0.4437652500523715,1.3252658108027426
95.0,197.0,129.90219116210938,-0.0395527932985534,2.68221431866777,-4.1169566169966565,-3.679192761954572,-1.92645924897735,1.3386445612827031,-0.0970836571096847,3.963983543459936,-0.4437652499631799,1.3252658108076882
95.0,197.0,129.90219116210938,-0.0395527935234108,2.6822143200188244,-4.1169566169966565,-3.679192761954572,-1.92645924897735,1.338644554962944,-0.0970836571114928,3.963983553153801,-0.4437652500523715,1.3252658108027426
95.0,197.0,129.9022216796875,-0.039552764764507,2.6822143190866603,-4.116956616998953,-3.679192761830988,-1.9264592489757857,1.3386445550186743,-0.0970836571096835,3.96394355014406,-0.4437652500328833,1.3252658108361832
95.0,197.0,129.9022216796875,-0.039552792395603,2.6822143194689128,-4.116956616996851,-3.679192761861979,-1.926459248975728,1.3386445550186743,-0.0970836571114783,3.964959715772257,-0.4437652500605223,1.325265810836651
95.0,197.0,129.9022216796875,-0.039552764764507,2.682214319229581,-4.116956616998953,-3.6791927618310623,-1.9264592489757792,1.3386445613538238,-0.0970836571096835,3.96394355014406,-0.4437652500328833,1.325265810836036
95.0,197.0,129.9022216796875,-0.0395527660851272,2.6822143369795794,-4.116956616998994,-3.679192761761086,-1.9264592489757857,1.3386445550186743,-0.097083657111537,3.96394355014406,-0.4437652500566406,1.3252658108361832
95.0,197.0,129.9022216796875,-0.039552792395603,2.6822143194689128,-4.116956616946174,-3.679192761861979,-1.926459248978239,1.3386445550186743,-0.0970836571114783,3.964959715772257,-0.4437652500254826,1.325265810836651
95.0,197.0,129.9022216796875,-0.0395527924177728,2.6822143189944403,-4.116956616996331,-3.679192758501753,-1.92645924897735,1.3386445618040892,-0.0970836571096896,3.964966505832389,-0.443765249963153,1.3252658108076816
95.0,197.0,129.9022216796875,-0.039552792395603,2.6822143194689128,-4.116956616996778,-3.679192761760101,-1.926459248975728,1.3386445550186743,-0.0970836571114653,3.964959715772257,-0.4437652500559275,1.3252658108366715
95.0,197.0,129.90223693847656,-0.0395527923966138,2.682214337373692,-4.116956616998998,-3.679192761830988,-1.9264592489757857,1.3386445552050052,-0.097083657111341,3.96393315502904,-0.4437652500529605,1.3252658108364428
95.0,197.0,129.90223693847656,-0.039552764764507,2.682214337378676,-4.116956616998998,-3.679192761830988,-1.9264592489757857,1.3386445550186743,-0.0970836571096433,3.96393315502904,-0.4437652500364153,1.3252658108364428
95.0,197.0,129.90223693847656,-0.0395527924611491,2.682214337378676,-4.116956616998998,-3.679192761760224,-1.9264592489757857,1.3386445550186743,-0.0970836571114652,3.96393315502904,-0.4437652500558014,1.3252658108364428
95.0,197.0,129.90223693847656,-0.0395527923966138,2.6822143348003733,-4.116956616998998,-3.679192762023853,-1.9264592489869103,1.3386445552050052,-0.097083657111341,3.96393315502904,-0.4437652500529605,1.3252658108364428
95.0,197.0,129.90223693847656,-0.0395527923966705,2.682214337373692,-4.1169566169471015,-3.679192762057472,-1.926459248976608,1.3386445552043127,-0.097083657111341,3.9639331681011343,-0.4437652499566505,1.3252658108479478
95.0,197.0,129.90223693847656,-0.0395527923966185,2.6822143348003733,-4.116956616998918,-3.679192762023853,-1.9264592489868348,1.338644555141443,-0.097083657111341,3.96393315502904,-0.4437652500529605,1.3252658108364428
95.0,197.0,129.90223693847656,-0.0395527924611491,2.68221433737828,-4.116956616999288,-3.679192761836319,-1.9264592489757857,1.3386445550186743,-0.0970836571114697,3.96393315502904,-0.4437652500558014,1.3252658108364428
95.0,197.0,129.90223693847656,-0.0395527935234108,2.682214318993766,-4.1169566169966565,-3.679192761954572,-1.92645924897735,1.3386445612827031,-0.0970836571096847,3.964968886546522,-0.4437652499631799,1.3252658108076882
95.0,197.0,129.90223693847656,-0.0395527923966138,2.682214334825157,-4.116956616998998,-3.679192762049141,-1.9264592489757857,1.3386445552050052,-0.097083657111341,3.96393315502904,-0.4437652500529605,1.3252658108364428
95.0,197.0,129.90223693847656,-0.0395527935234108,2.682214317909286,-4.116956616996864,-3.6791927619619527,-1.9264592489802213,1.3386445612827031,-0.0970836571096847,3.964968886546522,-0.443765249960606,1.325265810809193
95.0,197.0,129.90223693847656,-0.0395527911441567,2.6822143195173056,-4.116956616996597,-3.6791927619281055,-1.926459248977399,1.3386445550337056,-0.0970836571113656,3.963926014996589,-0.4437652499659316,1.3252658108097692
95.0,197.0,129.90223693847656,-0.0395527627595921,2.6822143373513483,-4.11695661700145,-3.6791927618636793,-1.9264592489757857,1.3386445623689338,-0.0970836571095579,3.96393315502904,-0.4437652500529605,1.3252658108364428
95.0,197.0,129.90223693847656,-0.0395527911405289,2.682214319485756,-4.116956616998957,-3.679192761830127,-1.9264592489757857,1.3386445550186743,-0.0970836571096116,3.96393315502904,-0.4437652500320442,1.3252658108364428
95.0,197.0,129.90223693847656,-0.0395527660217592,2.682214337378676,-4.116956616999025,-3.6791927589510816,-1.9264592489757857,1.3386445550186743,-0.0970836571096433,3.96393315502904,-0.4437652500364153,1.3252658108364428
95.0,197.0,129.90223693847656,-0.0395527932985534,2.682214324130886,-4.116956616944295,-3.679192759011362,-1.926459248945139,1.338644561022684,-0.0970836571096847,3.9649720331462497,-0.4437652499631799,1.3252658108446742
95.0,197.0,129.90223693847656,-0.0395527925261215,2.682214317909286,-4.116956616996799,-3.6791927619619527,-1.9264592489802213,1.338644561658695,-0.0970836571096847,3.964968886546522,-0.4437652500576514,1.3252658108367943
95.0,197.0,129.90223693847656,-0.0395527923966138,2.682214337373692,-4.116956616999026,-3.679192758659366,-1.9264592489757857,1.3386445550139068,-0.097083657111341,3.96393315502904,-0.4437652500371454,1.3252658108364428
95.0,197.0,129.90223693847656,-0.0395527935234108,2.6822143186670955,-4.116956616998979,-3.6791927619602953,-1.92645924897735,1.338644555474273,-0.0970836571096847,3.963940050403955,-0.4437652500570421,1.3252658108057014
95.0,197.0,129.90223693847656,-0.0395527923966138,2.682214334825157,-4.116956616998998,-3.679192762049141,-1.9264592489757857,1.3386445552050052,-0.097083657111341,3.96393315502904,-0.4437652500529605,1.3252658108364428
95.0,197.0,129.90223693847656,-0.0395527923966705,2.682214337373692,-4.116956616948378,-3.67919276195968,-1.926459248965756,1.3386445552043127,-0.0970836571096876,3.9639331681011343,-0.4437652499566505,1.3252658108479478
95.0,197.0,129.90223693847656,-0.0395527923966138,2.6822143348003733,-4.116956616998998,-3.6791927618219096,-1.9264592489769463,1.338644561326691,-0.097083657111341,3.9639324634796194,-0.4437652497817866,1.3252658108350823
95.0,197.0,129.90223693847656,-0.0395527660217592,2.682214337378676,-4.116956616998998,-3.679192762122704,-1.9264592489757857,1.3386445552097728,-0.0970836571096433,3.96393315502904,-0.4437652500522304,1.3252658108364428
95.0,197.0,129.90225219726562,-0.0395527932985534,2.6822143189944403,-4.1169566169966565,-3.679192759011362,-1.92645924897735,1.3386445612827031,-0.0970836571096847,3.9649827034341847,-0.4437652499631799,1.3252658108076882
95.0,197.0,129.90225219726562,-0.0395527932467803,2.682214319240591,-4.1169566169966565,-3.679192761846273,-1.92645924897735,1.3386445612827031,-0.0970836571096847,3.964982934860691,-0.4437652499633973,1.3252658108103006
95.0,197.0,129.90225219726562,-0.0395527932985534,2.6822143189944403,-4.1169566169966565,-3.679192761954572,-1.92645924897735,1.3386445612827031,-0.0970836571096847,3.964982078895544,-0.4437652499631799,1.3252658108076882
95.0,197.0,129.90225219726562,-0.0395527923954679,2.682214319049854,-4.11695661699666,-3.679192761859887,-1.92645924897735,1.3386445612788944,-0.0970836571096955,3.9649838980673513,-0.4437652499633667,1.3252658108061892
95.0,197.0,129.90225219726562,-0.0395527932985534,2.6822143189944403,-4.1169566169966565,-3.679192759011362,-1.92645924897735,1.3386445612827031,-0.0970836571096847,3.9649827034341847,-0.4437652499631799,1.3252658108076882
95.0,197.0,129.90225219726562,-0.0395527929938917,2.682214335130632,-4.1169566169971485,-3.679192759011362,-1.92645924897735,1.338644561282727,-0.0970836571096847,3.9649827034341847,-0.4437652499626163,1.3252658108076882
95.0,197.0,129.90225219726562,-0.0395527924642591,2.682214319240591,-4.116956616946057,-3.679192761840344,-1.92645924897735,1.3386445612787872,-0.0970836571095578,3.9639186927246266,-0.4437652497791379,1.3252658108103006
95.0,197.0,129.90225219726562,-0.0395527923954632,2.682214319049854,-4.11695661699674,-3.679192761859887,-1.9264592489774253,1.338644561342457,-0.0970836571096955,3.9649838980673513,-0.4437652499633667,1.3252658108061892
95.0,197.0,129.90225219726562,-0.0395527924642591,2.6822143190976693,-4.116956616946057,-3.67919276184027,-1.926459248977356,1.3386445549436377,-0.0970836571095578,3.9639186927246266,-0.4437652497791379,1.3252658108104476
95.0,197.0,129.90225219726562,-0.0395527932985534,2.682214318767627,-4.1169566169966565,-3.6791927619570313,-1.9264592489653696,1.338644562213044,-0.0970836571096847,3.964982078895544,-0.4437652499631799,1.3252658108076882
95.0,197.0,129.90225219726562,-0.0395527933157374,2.682214319049854,-4.11695661699666,-3.679192761860478,-1.92645924897735,1.3386445612788944,-0.0970836571096962,3.9649838980673513,-0.4437652499633667,1.3252658108061892
95.0,197.0,129.90225219726562,-0.0395527930047475,2.682214318949056,-4.116956616994433,-3.6791927620120206,-1.926459248945417,1.338644562208815,-0.0970836571096841,3.9649827034341847,-0.4437652499631799,1.3252658108070765
95.0,197.0,129.90225219726562,-0.0395527924177728,2.6822143189944403,-4.116956616996331,-3.679192758501753,-1.92645924897735,1.3386445618040892,-0.0970836571096896,3.9649827034341847,-0.4437652499631799,1.3252658108076882
95.0,197.0,129.90225219726562,-0.0395527929977531,2.682214318993766,-4.116956616996651,-3.679192761954572,-1.92645924897735,1.3386445612827031,-0.0970836571096847,3.964983234516054,-0.4437652499626368,1.3252658108076882
95.0,197.0,129.90225219726562,-0.0395527932985534,2.682214318767627,-4.11695661699538,-3.679192762054823,-1.9264592489762216,1.338644562213044,-0.0970836571113381,3.964982078895544,-0.4437652499631799,1.3252658108076882
95.0,197.0,129.90225219726562,-0.0395527924642591,2.682214319240591,-4.116956616946057,-3.679192762042288,-1.9264592489873136,1.3386445551571011,-0.0970836571095578,3.963919384274048,-0.4437652500503117,1.3252658108116608
95.0,198.0,129.90219116210938,-0.0395527935234108,2.6822143186670955,-4.1169566169966565,-3.679192761954572,-1.92645924897735,1.3386445612827031,-0.0970836571096847,3.963983553153801,-0.4437652499631799,1.3252658108076882
95.0,198.0,129.90219116210938,-0.0395527932985534,2.68221431866777,-4.1169566169966565,-3.679192761954572,-1.92645924897735,1.3386445612827031,-0.0970836571096847,3.9639967455028247,-0.4437652499631799,1.3252658108076882
95.0,198.0,129.90219116210938,-0.0395527935234108,2.6822143200188244,-4.1169566169966565,-3.679192761954572,-1.92645924897735,1.338644554962944,-0.0970836571114928,3.963983553153801,-0.4437652500523715,1.3252658108027426
95.0,198.0,129.90219116210938,-0.0395527932985534,2.68221431866777,-4.1169566169966565,-3.679192761954572,-1.92645924897735,1.3386445612827031,-0.0970836571096847,3.963983543459936,-0.4437652499631799,1.3252658108076882
95.0,198.0,129.90219116210938,-0.0395527935234108,2.6822143200188244,-4.1169566169966565,-3.679192761954572,-1.92645924897735,1.338644554962944,-0.0970836571114928,3.963983553153801,-0.4437652500523715,1.3252658108027426
95.0,198.0,129.90219116210938,-0.0395527935234108,2.6822143200188244,-4.1169566169966565,-3.679192761954572,-1.92645924897735,1.338644554962944,-0.0970836571114928,3.963983553153801,-0.4437652500523715,1.3252658108027426
95.0,198.0,129.9022216796875,-0.039552764764507,2.6822143190866603,-4.116956616998953,-3.679192761830988,-1.9264592489757857,1.3386445550186743,-0.0970836571096835,3.96394355014406,-0.4437652500328833,1.3252658108361832
95.0,198.0,129.9022216796875,-0.039552792395603,2.6822143194689128,-4.116956616996851,-3.679192761861979,-1.926459248975728,1.3386445550186743,-0.0970836571114783,3.964959715772257,-0.4437652500605223,1.325265810836651
95.0,198.0,129.9022216796875,-0.039552764764507,2.682214319229581,-4.116956616998953,-3.6791927618310623,-1.9264592489757792,1.3386445613538238,-0.0970836571096835,3.96394355014406,-0.4437652500328833,1.325265810836036
95.0,198.0,129.9022216796875,-0.0395527660851272,2.6822143369795794,-4.116956616998994,-3.679192761761086,-1.9264592489757857,1.3386445550186743,-0.097083657111537,3.96394355014406,-0.4437652500566406,1.3252658108361832
95.0,198.0,129.9022216796875,-0.039552792395603,2.6822143194689128,-4.116956616946174,-3.679192761861979,-1.926459248978239,1.3386445550186743,-0.0970836571114783,3.964959715772257,-0.4437652500254826,1.325265810836651
95.0,198.0,129.9022216796875,-0.0395527924177728,2.6822143189944403,-4.116956616996331,-3.679192758501753,-1.92645924897735,1.3386445618040892,-0.0970836571096896,3.964966505832389,-0.443765249963153,1.3252658108076816
95.0,198.0,129.9022216796875,-0.039552792395603,2.6822143194689128,-4.116956616996778,-3.679192761760101,-1.926459248975728,1.3386445550186743,-0.0970836571114653,3.964959715772257,-0.4437652500559275,1.3252658108366715
95.0,198.0,129.9022216796875,-0.0395527933328744,2.68221431866777,-4.116956616996641,-3.679192761954572,-1.92645924897735,1.3386445612827031,-0.0970836571096847,3.96396025639454,-0.4437652499631799,1.3252658108076882
95.0,198.0,129.9022216796875,-0.039552764764507,2.6822143190866603,-4.11695661699895,-3.679192761855679,-1.9264592489757857,1.3386445550186743,-0.0970836571096835,3.963943945134374,-0.4437652500328961,1.3252658108361832
95.0,198.0,129.90223693847656,-0.0395527923966138,2.682214337373692,-4.116956616998998,-3.679192761830988,-1.9264592489757857,1.3386445552050052,-0.097083657111341,3.96393315502904,-0.4437652500529605,1.3252658108364428
95.0,198.0,129.90223693847656,-0.039552764764507,2.682214337378676,-4.116956616998998,-3.679192761830988,-1.9264592489757857,1.3386445550186743,-0.0970836571096433,3.96393315502904,-0.4437652500364153,1.3252658108364428
95.0,198.0,129.90223693847656,-0.0395527924611491,2.682214337378676,-4.116956616998998,-3.679192761760224,-1.9264592489757857,1.3386445550186743,-0.0970836571114652,3.96393315502904,-0.4437652500558014,1.3252658108364428
95.0,198.0,129.90223693847656,-0.0395527923966138,2.6822143348003733,-4.116956616998998,-3.679192762023853,-1.9264592489869103,1.3386445552050052,-0.097083657111341,3.96393315502904,-0.4437652500529605,1.3252658108364428
95.0,198.0,129.90223693847656,-0.0395527923966705,2.682214337373692,-4.1169566169471015,-3.679192762057472,-1.926459248976608,1.3386445552043127,-0.097083657111341,3.9639331681011343,-0.4437652499566505,1.3252658108479478
95.0,198.0,129.90223693847656,-0.0395527923966185,2.6822143348003733,-4.116956616998918,-3.679192762023853,-1.9264592489868348,1.338644555141443,-0.097083657111341,3.96393315502904,-0.4437652500529605,1.3252658108364428
95.0,198.0,129.90223693847656,-0.0395527924611491,2.68221433737828,-4.116956616999288,-3.679192761836319,-1.9264592489757857,1.3386445550186743,-0.0970836571114697,3.96393315502904,-0.4437652500558014,1.3252658108364428
95.0,198.0,129.90223693847656,-0.0395527935234108,2.682214318993766,-4.1169566169966565,-3.679192761954572,-1.92645924897735,1.3386445612827031,-0.0970836571096847,3.964968886546522,-0.4437652499631799,1.3252658108076882
95.0,198.0,129.90223693847656,-0.0395527923966138,2.682214334825157,-4.116956616998998,-3.679192762049141,-1.9264592489757857,1.3386445552050052,-0.097083657111341,3.96393315502904,-0.4437652500529605,1.3252658108364428
95.0,198.0,129.90223693847656,-0.0395527935234108,2.682214317909286,-4.116956616996864,-3.6791927619619527,-1.9264592489802213,1.3386445612827031,-0.0970836571096847,3.964968886546522,-0.443765249960606,1.325265810809193
95.0,198.0,129.90223693847656,-0.0395527911441567,2.6822143195173056,-4.116956616996597,-3.6791927619281055,-1.926459248977399,1.3386445550337056,-0.0970836571113656,3.963926014996589,-0.4437652499659316,1.3252658108097692
95.0,198.0,129.90223693847656,-0.0395527627595921,2.6822143373513483,-4.11695661700145,-3.6791927618636793,-1.9264592489757857,1.3386445623689338,-0.0970836571095579,3.96393315502904,-0.4437652500529605,1.3252658108364428
95.0,198.0,129.90223693847656,-0.0395527911405289,2.682214319485756,-4.116956616998957,-3.679192761830127,-1.9264592489757857,1.3386445550186743,-0.0970836571096116,3.96393315502904,-0.4437652500320442,1.3252658108364428
95.0,198.0,129.90223693847656,-0.0395527660217592,2.682214337378676,-4.116956616999025,-3.6791927589510816,-1.9264592489757857,1.3386445550186743,-0.0970836571096433,3.96393315502904,-0.4437652500364153,1.3252658108364428
95.0,198.0,129.90223693847656,-0.0395527932985534,2.682214324130886,-4.116956616944295,-3.679192759011362,-1.926459248945139,1.338644561022684,-0.0970836571096847,3.9649720331462497,-0.4437652499631799,1.3252658108446742
95.0,198.0,129.90223693847656,-0.0395527925261215,2.682214317909286,-4.116956616996799,-3.6791927619619527,-1.9264592489802213,1.338644561658695,-0.0970836571096847,3.964968886546522,-0.4437652500576514,1.3252658108367943
95.0,198.0,129.90223693847656,-0.0395527923966138,2.682214337373692,-4.116956616999026,-3.679192758659366,-1.9264592489757857,1.3386445550139068,-0.097083657111341,3.96393315502904,-0.4437652500371454,1.3252658108364428
95.0,198.0,129.90223693847656,-0.0395527935234108,2.6822143186670955,-4.116956616998979,-3.6791927619602953,-1.92645924897735,1.338644555474273,-0.0970836571096847,3.963940050403955,-0.4437652500570421,1.3252658108057014
95.0,198.0,129.90223693847656,-0.0395527923966138,2.682214334825157,-4.116956616998998,-3.679192762049141,-1.9264592489757857,1.3386445552050052,-0.097083657111341,3.96393315502904,-0.4437652500529605,1.3252658108364428
95.0,198.0,129.90223693847656,-0.0395527923966705,2.682214337373692,-4.116956616948378,-3.67919276195968,-1.926459248965756,1.3386445552043127,-0.0970836571096876,3.9639331681011343,-0.4437652499566505,1.3252658108479478
95.0,198.0,129.90223693847656,-0.0395527923966138,2.6822143348003733,-4.116956616998998,-3.6791927618219096,-1.9264592489769463,1.338644561326691,-0.097083657111341,3.9639324634796194,-0.4437652497817866,1.3252658108350823
95.0,198.0,129.90223693847656,-0.0395527660217592,2.682214337378676,-4.116956616998998,-3.679192762122704,-1.9264592489757857,1.3386445552097728,-0.0970836571096433,3.96393315502904,-0.4437652500522304,1.3252658108364428
95.0,198.0,129.90223693847656,-0.0395527935234108,2.682214317909286,-4.116956616996864,-3.6791927619619527,-1.9264592489802213,1.3386445612827031,-0.0970836571096847,3.964968886546522,-0.443765249960606,1.325265810809193
95.0,198.0,129.90223693847656,-0.0395527924611491,2.6822143373738103,-4.116956616999282,-3.6791927617383817,-1.9264592489757857,1.3386445550186743,-0.0970836571114697,3.96393315502904,-0.4437652500558455,1.3252658108364428
95.0,198.0,129.90223693847656,-0.0395527935234108,2.682214318993766,-4.116956616996848,-3.6791927619546367,-1.92645924897735,1.3386445612827031,-0.0970836571096847,3.964968886546522,-0.443765250059237,1.3252658108076882
95.0,198.0,129.90223693847656,-0.0395527923966138,2.682214334825157,-4.116956616996639,-3.679192762049141,-1.9264592489757857,1.3386445549648711,-0.097083657111341,3.96393315502904,-0.4437652500523564,1.3252658108364428
95.0,198.0,129.90223693847656,-0.0395527923966138,2.682214337378161,-4.116956616999033,-3.6791927587573032,-1.9264592489757857,1.3386445550139068,-0.097083657111341,3.96393315502904,-0.4437652500371013,1.3252658108364428
95.0,198.0,129.90223693847656,-0.0395527663145524,2.6822143172638846,-4.116956616998998,-3.679192761863732,-1.9264592489757533,1.3386445550186743,-0.0970836571094948,3.96393315502904,-0.4437652500364153,1.3252658108364537
95.0,198.0,129.90223693847656,-0.0395527931836936,2.682214319485756,-4.116956616995701,-3.679192758699842,-1.9264592489757857,1.3386445552072963,-0.097083657109612,3.96393315502904,-0.4437652500320442,1.3252658108364428
95.0,198.0,129.90225219726562,-0.0395527932985534,2.6822143189944403,-4.1169566169966565,-3.679192759011362,-1.92645924897735,1.3386445612827031,-0.0970836571096847,3.9649827034341847,-0.4437652499631799,1.3252658108076882
95.0,198.0,129.90225219726562,-0.0395527932467803,2.682214319240591,-4.1169566169966565,-3.679192761846273,-1.92645924897735,1.3386445612827031,-0.0970836571096847,3.964982934860691,-0.4437652499633973,1.3252658108103006
95.0,198.0,129.90225219726562,-0.0395527932985534,2.6822143189944403,-4.1169566169966565,-3.679192761954572,-1.92645924897735,1.3386445612827031,-0.0970836571096847,3.964982078895544,-0.4437652499631799,1.3252658108076882
95.0,198.0,129.90225219726562,-0.0395527923954679,2.682214319049854,-4.11695661699666,-3.679192761859887,-1.92645924897735,1.3386445612788944,-0.0970836571096955,3.9649838980673513,-0.4437652499633667,1.3252658108061892
95.0,198.0,129.90225219726562,-0.0395527932985534,2.6822143189944403,-4.1169566169966565,-3.679192759011362,-1.92645924897735,1.3386445612827031,-0.0970836571096847,3.9649827034341847,-0.4437652499631799,1.3252658108076882
95.0,198.0,129.90225219726562,-0.0395527929938917,2.682214335130632,-4.1169566169971485,-3.679192759011362,-1.92645924897735,1.338644561282727,-0.0970836571096847,3.9649827034341847,-0.4437652499626163,1.3252658108076882
95.0,199.0,129.9021759033203,-0.039552792395619,2.682214334813237,-4.116956616998998,-3.6791927617611178,-1.9264592489769463,1.338644561326691,-0.097083657111341,3.9649204308273474,-0.4437652497817866,1.3252658108350823
95.0,199.0,129.90219116210938,-0.0395527935234108,2.6822143186670955,-4.1169566169966565,-3.679192761954572,-1.92645924897735,1.3386445612827031,-0.0970836571096847,3.963983553153801,-0.4437652499631799,1.3252658108076882
95.0,199.0,129.90219116210938,-0.0395527932985534,2.68221431866777,-4.1169566169966565,-3.679192761954572,-1.92645924897735,1.3386445612827031,-0.0970836571096847,3.9639967455028247,-0.4437652499631799,1.3252658108076882
95.0,199.0,129.90219116210938,-0.0395527935234108,2.6822143200188244,-4.1169566169966565,-3.679192761954572,-1.92645924897735,1.338644554962944,-0.0970836571114928,3.963983553153801,-0.4437652500523715,1.3252658108027426
95.0,199.0,129.90219116210938,-0.0395527932985534,2.68221431866777,-4.1169566169966565,-3.679192761954572,-1.92645924897735,1.3386445612827031,-0.0970836571096847,3.963983543459936,-0.4437652499631799,1.3252658108076882
95.0,199.0,129.90219116210938,-0.0395527935234108,2.6822143200188244,-4.1169566169966565,-3.679192761954572,-1.92645924897735,1.338644554962944,-0.0970836571114928,3.963983553153801,-0.4437652500523715,1.3252658108027426
95.0,199.0,129.90219116210938,-0.0395527935234108,2.6822143200188244,-4.1169566169966565,-3.679192761954572,-1.92645924897735,1.338644554962944,-0.0970836571114928,3.963983553153801,-0.4437652500523715,1.3252658108027426
95.0,199.0,129.90219116210938,-0.0395527935234108,2.6822143200188244,-4.1169566169966565,-3.679192761954572,-1.92645924897735,1.338644554962944,-0.0970836571114928,3.963983553153801,-0.4437652500523715,1.3252658108027426
95.0,199.0,129.90219116210938,-0.0395527923966705,2.682214318103464,-4.116956616998213,-3.67919276195968,-1.926459248965756,1.338644555462523,-0.0970836571096876,3.9639798203349264,-0.4437652499566505,1.325265810811086
95.0,199.0,129.90219116210938,-0.0395527663145524,2.682214320042836,-4.116956616998998,-3.679192761863732,-1.9264592489757533,1.3386445549640946,-0.0970836571113895,3.963982456511764,-0.4437652500528741,1.3252658108364537
95.0,199.0,129.90219116210938,-0.0395527932985534,2.68221431866777,-4.1169566169966565,-3.679192761954572,-1.92645924897735,1.3386445612827031,-0.0970836571096847,3.963996331611568,-0.4437652499631799,1.3252658108076882
95.0,199.0,129.90219116210938,-0.039552764764507,2.6822143191102152,-4.116956616998953,-3.679192761830988,-1.9264592489757857,1.338644561281238,-0.0970836571096835,3.963996183754758,-0.4437652500328833,1.3252658108361832
95.0,199.0,129.90219116210938,-0.0395527932985534,2.68221431866777,-4.1169566169966565,-3.679192761954572,-1.92645924897735,1.3386445612827031,-0.0970836571096847,3.963983957351193,-0.4437652499631799,1.3252658108076882
95.0,199.0,129.90219116210938,-0.0395527935234108,2.6822143200188244,-4.1169566169966565,-3.679192761954572,-1.92645924897735,1.338644554962944,-0.0970836571114928,3.963983553153801,-0.4437652500523715,1.3252658108027426
95.0,199.0,129.9022216796875,-0.039552764764507,2.6822143190866603,-4.116956616998953,-3.679192761830988,-1.9264592489757857,1.3386445550186743,-0.0970836571096835,3.96394355014406,-0.4437652500328833,1.3252658108361832
95.0,199.0,129.9022216796875,-0.039552792395603,2.6822143194689128,-4.116956616996851,-3.679192761861979,-1.926459248975728,1.3386445550186743,-0.0970836571114783,3.964959715772257,-0.4437652500605223,1.325265810836651
95.0,199.0,129.9022216796875,-0.039552764764507,2.682214319229581,-4.116956616998953,-3.6791927618310623,-1.9264592489757792,1.3386445613538238,-0.0970836571096835,3.96394355014406,-0.4437652500328833,1.325265810836036
95.0,199.0,129.9022216796875,-0.0395527660851272,2.6822143369795794,-4.116956616998994,-3.679192761761086,-1.9264592489757857,1.3386445550186743,-0.097083657111537,3.96394355014406,-0.4437652500566406,1.3252658108361832
95.0,199.0,129.9022216796875,-0.039552792395603,2.6822143194689128,-4.116956616946174,-3.679192761861979,-1.926459248978239,1.3386445550186743,-0.0970836571114783,3.964959715772257,-0.4437652500254826,1.325265810836651
95.0,199.0,129.9022216796875,-0.0395527924177728,2.6822143189944403,-4.116956616996331,-3.679192758501753,-1.92645924897735,1.3386445618040892,-0.0970836571096896,3.964966505832389,-0.443765249963153,1.3252658108076816
95.0,199.0,129.9022216796875,-0.039552792395603,2.6822143194689128,-4.116956616996778,-3.679192761760101,-1.926459248975728,1.3386445550186743,-0.0970836571114653,3.964959715772257,-0.4437652500559275,1.3252658108366715
95.0,199.0,129.9022216796875,-0.0395527933328744,2.68221431866777,-4.116956616996641,-3.679192761954572,-1.92645924897735,1.3386445612827031,-0.0970836571096847,3.96396025639454,-0.4437652499631799,1.3252658108076882
95.0,199.0,129.9022216796875,-0.039552764764507,2.6822143190866603,-4.11695661699895,-3.679192761855679,-1.9264592489757857,1.3386445550186743,-0.0970836571096835,3.963943945134374,-0.4437652500328961,1.3252658108361832
95.0,199.0,129.9022216796875,-0.0395527932985534,2.682214318644216,-4.1169566169966565,-3.679192761954572,-1.92645924897735,1.3386445550201396,-0.0970836571096847,3.9639441118921264,-0.4437652499631799,1.3252658108076882
95.0,199.0,129.9022216796875,-0.0395527935701956,2.6822143186670955,-4.1169566169966565,-3.679192761830758,-1.92645924897735,1.338644561239349,-0.0970836571096847,3.963947318282115,-0.4437652499631799,1.3252658108095905
95.0,199.0,129.9022216796875,-0.0395527660851272,2.682214337413022,-4.116956616998994,-3.679192759034096,-1.9264592489757857,1.3386445550186743,-0.097083657111537,3.9639439165934647,-0.4437652500566406,1.3252658108361832
95.0,199.0,129.90223693847656,-0.0395527923966138,2.682214337373692,-4.116956616998998,-3.679192761830988,-1.9264592489757857,1.3386445552050052,-0.097083657111341,3.96393315502904,-0.4437652500529605,1.3252658108364428
95.0,199.0,129.90223693847656,-0.039552764764507,2.682214337378676,-4.116956616998998,-3.679192761830988,-1.9264592489757857,1.3386445550186743,-0.0970836571096433,3.96393315502904,-0.4437652500364153,1.3252658108364428
95.0,199.0,129.90223693847656,-0.0395527924611491,2.682214337378676,-4.116956616998998,-3.679192761760224,-1.9264592489757857,1.3386445550186743,-0.0970836571114652,3.96393315502904,-0.4437652500558014,1.3252658108364428
95.0,199.0,129.90223693847656,-0.0395527923966138,2.6822143348003733,-4.116956616998998,-3.679192762023853,-1.9264592489869103,1.3386445552050052,-0.097083657111341,3.96393315502904,-0.4437652500529605,1.3252658108364428
95.0,199.0,129.90223693847656,-0.0395527923966705,2.682214337373692,-4.1169566169471015,-3.679192762057472,-1.926459248976608,1.3386445552043127,-0.097083657111341,3.9639331681011343,-0.4437652499566505,1.3252658108479478
95.0,199.0,129.90223693847656,-0.0395527923966185,2.6822143348003733,-4.116956616998918,-3.679192762023853,-1.9264592489868348,1.338644555141443,-0.097083657111341,3.96393315502904,-0.4437652500529605,1.3252658108364428
95.0,199.0,129.90223693847656,-0.0395527924611491,2.68221433737828,-4.116956616999288,-3.679192761836319,-1.9264592489757857,1.3386445550186743,-0.0970836571114697,3.96393315502904,-0.4437652500558014,1.3252658108364428
95.0,199.0,129.90223693847656,-0.0395527935234108,2.682214318993766,-4.1169566169966565,-3.679192761954572,-1.92645924897735,1.3386445612827031,-0.0970836571096847,3.964968886546522,-0.4437652499631799,1.3252658108076882
95.0,199.0,129.90223693847656,-0.0395527923966138,2.682214334825157,-4.116956616998998,-3.679192762049141,-1.9264592489757857,1.3386445552050052,-0.097083657111341,3.96393315502904,-0.4437652500529605,1.3252658108364428
95.0,199.0,129.90223693847656,-0.0395527935234108,2.682214317909286,-4.116956616996864,-3.6791927619619527,-1.9264592489802213,1.3386445612827031,-0.0970836571096847,3.964968886546522,-0.443765249960606,1.325265810809193
95.0,199.0,129.90223693847656,-0.0395527911441567,2.6822143195173056,-4.116956616996597,-3.6791927619281055,-1.926459248977399,1.3386445550337056,-0.0970836571113656,3.963926014996589,-0.4437652499659316,1.3252658108097692
95.0,199.0,129.90223693847656,-0.0395527627595921,2.6822143373513483,-4.11695661700145,-3.6791927618636793,-1.9264592489757857,1.3386445623689338,-0.0970836571095579,3.96393315502904,-0.4437652500529605,1.3252658108364428
95.0,199.0,129.90223693847656,-0.0395527911405289,2.682214319485756,-4.116956616998957,-3.679192761830127,-1.9264592489757857,1.3386445550186743,-0.0970836571096116,3.96393315502904,-0.4437652500320442,1.3252658108364428
95.0,199.0,129.90223693847656,-0.0395527660217592,2.682214337378676,-4.116956616999025,-3.6791927589510816,-1.9264592489757857,1.3386445550186743,-0.0970836571096433,3.96393315502904,-0.4437652500364153,1.3252658108364428
95.0,199.0,129.90223693847656,-0.0395527932985534,2.682214324130886,-4.116956616944295,-3.679192759011362,-1.926459248945139,1.338644561022684,-0.0970836571096847,3.9649720331462497,-0.4437652499631799,1.3252658108446742
95.0,199.0,129.90223693847656,-0.0395527925261215,2.682214317909286,-4.116956616996799,-3.6791927619619527,-1.9264592489802213,1.338644561658695,-0.0970836571096847,3.964968886546522,-0.4437652500576514,1.3252658108367943
95.0,199.0,129.90223693847656,-0.0395527923966138,2.682214337373692,-4.116956616999026,-3.679192758659366,-1.9264592489757857,1.3386445550139068,-0.097083657111341,3.96393315502904,-0.4437652500371454,1.3252658108364428
95.0,199.0,129.90223693847656,-0.0395527935234108,2.6822143186670955,-4.116956616998979,-3.6791927619602953,-1.92645924897735,1.338644555474273,-0.0970836571096847,3.963940050403955,-0.4437652500570421,1.3252658108057014
95.0,199.0,129.90223693847656,-0.0395527923966138,2.682214334825157,-4.116956616998998,-3.679192762049141,-1.9264592489757857,1.3386445552050052,-0.097083657111341,3.96393315502904,-0.4437652500529605,1.3252658108364428
95.0,199.0,129.90223693847656,-0.0395527923966705,2.682214337373692,-4.116956616948378,-3.67919276195968,-1.926459248965756,1.3386445552043127,-0.0970836571096876,3.9639331681011343,-0.4437652499566505,1.3252658108479478
95.0,199.0,129.90223693847656,-0.0395527923966138,2.6822143348003733,-4.116956616998998,-3.6791927618219096,-1.9264592489769463,1.338644561326691,-0.097083657111341,3.9639324634796194,-0.4437652497817866,1.3252658108350823
95.0,199.0,129.90223693847656,-0.0395527660217592,2.682214337378676,-4.116956616998998,-3.679192762122704,-1.9264592489757857,1.3386445552097728,-0.0970836571096433,3.96393315502904,-0.4437652500522304,1.3252658108364428
95.0,199.0,129.90223693847656,-0.0395527935234108,2.682214317909286,-4.116956616996864,-3.6791927619619527,-1.9264592489802213,1.3386445612827031,-0.0970836571096847,3.964968886546522,-0.443765249960606,1.325265810809193
95.0,199.0,129.90223693847656,-0.0395527924611491,2.6822143373738103,-4.116956616999282,-3.6791927617383817,-1.9264592489757857,1.3386445550186743,-0.0970836571114697,3.96393315502904,-0.4437652500558455,1.3252658108364428
95.0,200.0,129.90211486816406,-0.0395527934774975,2.682214319008952,-4.116956616998948,-3.679192761963951,-1.92645924897694,1.338644561326691,-0.097083657111341,3.964878922115921,-0.4437652497630325,1.3252658108350823
95.0,200.0,129.9021759033203,-0.039552792395619,2.682214334813237,-4.116956616998998,-3.6791927617611178,-1.9264592489769463,1.338644561326691,-0.097083657111341,3.9649204308273474,-0.4437652497817866,1.3252658108350823
95.0,200.0,129.90219116210938,-0.0395527935234108,2.6822143186670955,-4.1169566169966565,-3.679192761954572,-1.92645924897735,1.3386445612827031,-0.0970836571096847,3.963983553153801,-0.4437652499631799,1.3252658108076882
95.0,200.0,129.90219116210938,-0.0395527932985534,2.68221431866777,-4.1169566169966565,-3.679192761954572,-1.92645924897735,1.3386445612827031,-0.0970836571096847,3.9639967455028247,-0.4437652499631799,1.3252658108076882
95.0,200.0,129.90219116210938,-0.0395527935234108,2.6822143200188244,-4.1169566169966565,-3.679192761954572,-1.92645924897735,1.338644554962944,-0.0970836571114928,3.963983553153801,-0.4437652500523715,1.3252658108027426
95.0,200.0,129.90219116210938,-0.0395527932985534,2.68221431866777,-4.1169566169966565,-3.679192761954572,-1.92645924897735,1.3386445612827031,-0.0970836571096847,3.963983543459936,-0.4437652499631799,1.3252658108076882
95.0,200.0,129.90219116210938,-0.0395527935234108,2.6822143200188244,-4.1169566169966565,-3.679192761954572,-1.92645924897735,1.338644554962944,-0.0970836571114928,3.963983553153801,-0.4437652500523715,1.3252658108027426
95.0,200.0,129.90219116210938,-0.0395527935234108,2.6822143200188244,-4.1169566169966565,-3.679192761954572,-1.92645924897735,1.338644554962944,-0.0970836571114928,3.963983553153801,-0.4437652500523715,1.3252658108027426
95.0,200.0,129.90219116210938,-0.0395527935234108,2.6822143200188244,-4.1169566169966565,-3.679192761954572,-1.92645924897735,1.338644554962944,-0.0970836571114928,3.963983553153801,-0.4437652500523715,1.3252658108027426
95.0,200.0,129.90219116210938,-0.0395527923966705,2.682214318103464,-4.116956616998213,-3.67919276195968,-1.926459248965756,1.338644555462523,-0.0970836571096876,3.9639798203349264,-0.4437652499566505,1.325265810811086
95.0,200.0,129.90219116210938,-0.0395527663145524,2.682214320042836,-4.116956616998998,-3.679192761863732,-1.9264592489757533,1.3386445549640946,-0.0970836571113895,3.963982456511764,-0.4437652500528741,1.3252658108364537
95.0,200.0,129.90219116210938,-0.0395527932985534,2.68221431866777,-4.1169566169966565,-3.679192761954572,-1.92645924897735,1.3386445612827031,-0.0970836571096847,3.963996331611568,-0.4437652499631799,1.3252658108076882
95.0,200.0,129.90219116210938,-0.039552764764507,2.6822143191102152,-4.116956616998953,-3.679192761830988,-1.9264592489757857,1.338644561281238,-0.0970836571096835,3.963996183754758,-0.4437652500328833,1.3252658108361832
95.0,200.0,129.90219116210938,-0.0395527932985534,2.68221431866777,-4.1169566169966565,-3.679192761954572,-1.92645924897735,1.3386445612827031,-0.0970836571096847,3.963983957351193,-0.4437652499631799,1.3252658108076882
95.0,200.0,129.90219116210938,-0.0395527935234108,2.6822143200188244,-4.1169566169966565,-3.679192761954572,-1.92645924897735,1.338644554962944,-0.0970836571114928,3.963983553153801,-0.4437652500523715,1.3252658108027426
95.0,200.0,129.90219116210938,-0.0395527932985534,2.68221431866777,-4.1169566169966565,-3.679192761954572,-1.92645924897735,1.3386445612827031,-0.0970836571096847,3.963983532329095,-0.4437652499631799,1.3252658108076882
95.0,200.0,129.90219116210938,-0.0395527935114708,2.6822143200188244,-4.1169566169978165,-3.679192761954572,-1.9264592489774,1.338644554962944,-0.0970836571118215,3.963983553153801,-0.4437652500523715,1.325265810801783
95.0,200.0,129.90219116210938,-0.0395527924106836,2.68221431866777,-4.116956616996651,-3.679192761960149,-1.92645924897735,1.3386445612827031,-0.0970836571096847,3.963980740935652,-0.4437652499633175,1.3252658108074284
95.0,200.0,129.90219116210938,-0.0395527935234108,2.6822143200645634,-4.1169566169966565,-3.679192761954572,-1.92645924897735,1.338644554962944,-0.0970836571114928,3.963983577239947,-0.4437652499571194,1.3252658108027426
95.0,200.0,129.90219116210938,-0.0395527932985534,2.68221431866777,-4.1169566169966565,-3.679192761954572,-1.92645924897735,1.3386445612827031,-0.0970836571096847,3.9639967455028247,-0.4437652499631799,1.3252658108076882
95.0,200.0,129.90219116210938,-0.0395527644376216,2.6822143194689128,-4.116956616996778,-3.6791927618307887,-1.926459248975728,1.3386445551892108,-0.0970836571114091,3.964938635886488,-0.4437652500559275,1.3252658108366768
95.0,200.0,129.90219116210938,-0.0395527660958691,2.682214336429119,-4.116956616998953,-3.679192759077105,-1.9264592489757857,1.338644554837057,-0.0970836571116211,3.963996183754758,-0.4437652500556345,1.3252658108361832
95.0,200.0,129.90219116210938,-0.0395527935234108,2.682214337404437,-4.116956616999282,-3.679192761955628,-1.92645924897735,1.338644554962944,-0.0970836571114928,3.963983553153801,-0.4437652500523715,1.3252658108027426
95.0,200.0,129.9022216796875,-0.039552764764507,2.6822143190866603,-4.116956616998953,-3.679192761830988,-1.9264592489757857,1.3386445550186743,-0.0970836571096835,3.96394355014406,-0.4437652500328833,1.3252658108361832
95.0,200.0,129.9022216796875,-0.039552792395603,2.6822143194689128,-4.116956616996851,-3.679192761861979,-1.926459248975728,1.3386445550186743,-0.0970836571114783,3.964959715772257,-0.4437652500605223,1.325265810836651
95.0,200.0,129.9022216796875,-0.039552764764507,2.682214319229581,-4.116956616998953,-3.6791927618310623,-1.9264592489757792,1.3386445613538238,-0.0970836571096835,3.96394355014406,-0.4437652500328833,1.325265810836036
95.0,200.0,129.9022216796875,-0.0395527660851272,2.6822143369795794,-4.116956616998994,-3.679192761761086,-1.9264592489757857,1.3386445550186743,-0.097083657111537,3.96394355014406,-0.4437652500566406,1.3252658108361832
95.0,200.0,129.9022216796875,-0.039552792395603,2.6822143194689128,-4.116956616946174,-3.679192761861979,-1.926459248978239,1.3386445550186743,-0.0970836571114783,3.964959715772257,-0.4437652500254826,1.325265810836651
95.0,200.0,129.9022216796875,-0.0395527924177728,2.6822143189944403,-4.116956616996331,-3.679192758501753,-1.92645924897735,1.3386445618040892,-0.0970836571096896,3.964966505832389,-0.443765249963153,1.3252658108076816
95.0,200.0,129.9022216796875,-0.039552792395603,2.6822143194689128,-4.116956616996778,-3.679192761760101,-1.926459248975728,1.3386445550186743,-0.0970836571114653,3.964959715772257,-0.4437652500559275,1.3252658108366715
95.0,200.0,129.9022216796875,-0.0395527933328744,2.68221431866777,-4.116956616996641,-3.679192761954572,-1.92645924897735,1.3386445612827031,-0.0970836571096847,3.96396025639454,-0.4437652499631799,1.3252658108076882
95.0,200.0,129.9022216796875,-0.039552764764507,2.6822143190866603,-4.11695661699895,-3.679192761855679,-1.9264592489757857,1.3386445550186743,-0.0970836571096835,3.963943945134374,-0.4437652500328961,1.3252658108361832
95.0,200.0,129.9022216796875,-0.0395527932985534,2.682214318644216,-4.1169566169966565,-3.679192761954572,-1.92645924897735,1.3386445550201396,-0.0970836571096847,3.9639441118921264,-0.4437652499631799,1.3252658108076882
95.0,200.0,129.9022216796875,-0.0395527935701956,2.6822143186670955,-4.1169566169966565,-3.679192761830758,-1.92645924897735,1.338644561239349,-0.0970836571096847,3.963947318282115,-0.4437652499631799,1.3252658108095905
95.0,200.0,129.9022216796875,-0.0395527660851272,2.682214337413022,-4.116956616998994,-3.679192759034096,-1.9264592489757857,1.3386445550186743,-0.097083657111537,3.9639439165934647,-0.4437652500566406,1.3252658108361832
95.0,200.0,129.9022216796875,-0.0395527927224884,2.682214319229581,-4.116956616998953,-3.679192761760375,-1.9264592489757792,1.3386445611832876,-0.0970836571097397,3.963964630029829,-0.4437652500328833,1.3252658108360311
95.0,200.0,129.9022216796875,-0.0395527933000574,2.682214318667118,-4.1169566169966565,-3.679192761954572,-1.92645924897735,1.338644561238962,-0.0970836571096847,3.96394777563897,-0.4437652499631799,1.325265810807819
95.0,200.0,129.9022216796875,-0.0395527627595921,2.6822143373513483,-4.116956616997158,-3.6791927618636793,-1.9264592489757857,1.3386445623689338,-0.0970836571095514,3.964958149280849,-0.4437652500529605,1.3252658108451651
95.0,200.0,129.9022216796875,-0.0395527923966185,2.6822143348003733,-4.116956616998918,-3.679192762023853,-1.9264592489747407,1.338644555154775,-0.0970836571096477,3.9639433821308416,-0.4437652500315381,1.3252658108364368
95.0,200.0,129.9022216796875,-0.0395527932985534,2.682214324130886,-4.116956616948587,-3.679192759011362,-1.926459248945139,1.338644561022684,-0.0970836571096912,3.9639470388944407,-0.4437652499631799,1.325265810835952
95.0,200.0,129.90223693847656,-0.0395527923966138,2.682214337373692,-4.116956616998998,-3.679192761830988,-1.9264592489757857,1.3386445552050052,-0.097083657111341,3.96393315502904,-0.4437652500529605,1.3252658108364428
95.0,200.0,129.90223693847656,-0.039552764764507,2.682214337378676,-4.116956616998998,-3.679192761830988,-1.9264592489757857,1.3386445550186743,-0.0970836571096433,3.96393315502904,-0.4437652500364153,1.3252658108364428
95.0,200.0,129.90223693847656,-0.0395527924611491,2.682214337378676,-4.116956616998998,-3.679192761760224,-1.9264592489757857,1.3386445550186743,-0.0970836571114652,3.96393315502904,-0.4437652500558014,1.3252658108364428
95.0,200.0,129.90223693847656,-0.0395527923966138,2.6822143348003733,-4.116956616998998,-3.679192762023853,-1.9264592489869103,1.3386445552050052,-0.097083657111341,3.96393315502904,-0.4437652500529605,1.3252658108364428
95.0,200.0,129.90223693847656,-0.0395527923966705,2.682214337373692,-4.1169566169471015,-3.679192762057472,-1.926459248976608,1.3386445552043127,-0.097083657111341,3.9639331681011343,-0.4437652499566505,1.3252658108479478
95.0,200.0,129.90223693847656,-0.0395527923966185,2.6822143348003733,-4.116956616998918,-3.679192762023853,-1.9264592489868348,1.338644555141443,-0.097083657111341,3.96393315502904,-0.4437652500529605,1.3252658108364428
95.0,200.0,129.90223693847656,-0.0395527924611491,2.68221433737828,-4.116956616999288,-3.679192761836319,-1.9264592489757857,1.3386445550186743,-0.0970836571114697,3.96393315502904,-0.4437652500558014,1.3252658108364428
95.0,200.0,129.90223693847656,-0.0395527935234108,2.682214318993766,-4.1169566169966565,-3.679192761954572,-1.92645924897735,1.3386445612827031,-0.0970836571096847,3.964968886546522,-0.4437652499631799,1.3252658108076882
95.0,200.0,129.90223693847656,-0.0395527923966138,2.682214334825157,-4.116956616998998,-3.679192762049141,-1.9264592489757857,1.3386445552050052,-0.097083657111341,3.96393315502904,-0.4437652500529605,1.3252658108364428
95.0,200.0,129.90223693847656,-0.0395527935234108,2.682214317909286,-4.116956616996864,-3.6791927619619527,-1.9264592489802213,1.3386445612827031,-0.0970836571096847,3.964968886546522,-0.443765249960606,1.325265810809193
95.0,201.0,129.90211486816406,-0.0395527934774975,2.682214319008952,-4.116956616998948,-3.679192761963951,-1.92645924897694,1.338644561326691,-0.097083657111341,3.964878922115921,-0.4437652497630325,1.3252658108350823
95.0,201.0,129.90211486816406,-0.0395527934443995,2.682214319008952,-4.116956616998998,-3.679192761963951,-1.92645924897694,1.3386445551849655,-0.097083657111341,3.964878922115921,-0.4437652500509005,1.3252658108351232
95.0,201.0,129.90211486816406,-0.0395527934756132,2.682214319008952,-4.116956616998926,-3.679192761963951,-1.92645924897694,1.338644561255625,-0.097083657111338,3.964878922115921,-0.4437652497630325,1.325265810835026
95.0,201.0,129.9021453857422,-0.039552792395828,2.6822143353780614,-4.1169566169967045,-3.6791927617611178,-1.9264592489769463,1.3386445615496678,-0.0970836571113394,3.9648997371420216,-0.4437652497824071,1.325265810836714
95.0,201.0,129.90216064453125,-0.0395527925465755,2.6822143186654066,-4.116956616996778,-3.6791927618307887,-1.926459248975728,1.3386445554395832,-0.0970836571113964,3.9640151903235856,-0.4437652500543279,1.3252658108366768
95.0,201.0,129.9021759033203,-0.039552792395619,2.682214334813237,-4.116956616998998,-3.6791927617611178,-1.9264592489769463,1.338644561326691,-0.097083657111341,3.9649204308273474,-0.4437652497817866,1.3252658108350823
95.0,201.0,129.90219116210938,-0.0395527935234108,2.6822143186670955,-4.1169566169966565,-3.679192761954572,-1.92645924897735,1.3386445612827031,-0.0970836571096847,3.963983553153801,-0.4437652499631799,1.3252658108076882
95.0,201.0,129.90219116210938,-0.0395527932985534,2.68221431866777,-4.1169566169966565,-3.679192761954572,-1.92645924897735,1.3386445612827031,-0.0970836571096847,3.9639967455028247,-0.4437652499631799,1.3252658108076882
95.0,201.0,129.90219116210938,-0.0395527935234108,2.6822143200188244,-4.1169566169966565,-3.679192761954572,-1.92645924897735,1.338644554962944,-0.0970836571114928,3.963983553153801,-0.4437652500523715,1.3252658108027426
95.0,201.0,129.90219116210938,-0.0395527932985534,2.68221431866777,-4.1169566169966565,-3.679192761954572,-1.92645924897735,1.3386445612827031,-0.0970836571096847,3.963983543459936,-0.4437652499631799,1.3252658108076882
95.0,201.0,129.90219116210938,-0.0395527935234108,2.6822143200188244,-4.1169566169966565,-3.679192761954572,-1.92645924897735,1.338644554962944,-0.0970836571114928,3.963983553153801,-0.4437652500523715,1.3252658108027426
95.0,201.0,129.90219116210938,-0.0395527935234108,2.6822143200188244,-4.1169566169966565,-3.679192761954572,-1.92645924897735,1.338644554962944,-0.0970836571114928,3.963983553153801,-0.4437652500523715,1.3252658108027426
95.0,201.0,129.90219116210938,-0.0395527935234108,2.6822143200188244,-4.1169566169966565,-3.679192761954572,-1.92645924897735,1.338644554962944,-0.0970836571114928,3.963983553153801,-0.4437652500523715,1.3252658108027426
95.0,201.0,129.90219116210938,-0.0395527923966705,2.682214318103464,-4.116956616998213,-3.67919276195968,-1.926459248965756,1.338644555462523,-0.0970836571096876,3.9639798203349264,-0.4437652499566505,1.325265810811086
95.0,201.0,129.90219116210938,-0.0395527663145524,2.682214320042836,-4.116956616998998,-3.679192761863732,-1.9264592489757533,1.3386445549640946,-0.0970836571113895,3.963982456511764,-0.4437652500528741,1.3252658108364537
95.0,201.0,129.90219116210938,-0.0395527932985534,2.68221431866777,-4.1169566169966565,-3.679192761954572,-1.92645924897735,1.3386445612827031,-0.0970836571096847,3.963996331611568,-0.4437652499631799,1.3252658108076882
95.0,201.0,129.90219116210938,-0.039552764764507,2.6822143191102152,-4.116956616998953,-3.679192761830988,-1.9264592489757857,1.338644561281238,-0.0970836571096835,3.963996183754758,-0.4437652500328833,1.3252658108361832
95.0,201.0,129.90219116210938,-0.0395527932985534,2.68221431866777,-4.1169566169966565,-3.679192761954572,-1.92645924897735,1.3386445612827031,-0.0970836571096847,3.963983957351193,-0.4437652499631799,1.3252658108076882
95.0,201.0,129.90219116210938,-0.0395527935234108,2.6822143200188244,-4.1169566169966565,-3.679192761954572,-1.92645924897735,1.338644554962944,-0.0970836571114928,3.963983553153801,-0.4437652500523715,1.3252658108027426
95.0,201.0,129.90219116210938,-0.0395527932985534,2.68221431866777,-4.1169566169966565,-3.679192761954572,-1.92645924897735,1.3386445612827031,-0.0970836571096847,3.963983532329095,-0.4437652499631799,1.3252658108076882
95.0,201.0,129.90219116210938,-0.0395527935114708,2.6822143200188244,-4.1169566169978165,-3.679192761954572,-1.9264592489774,1.338644554962944,-0.0970836571118215,3.963983553153801,-0.4437652500523715,1.325265810801783
95.0,201.0,129.90219116210938,-0.0395527924106836,2.68221431866777,-4.116956616996651,-3.679192761960149,-1.92645924897735,1.3386445612827031,-0.0970836571096847,3.963980740935652,-0.4437652499633175,1.3252658108074284
95.0,201.0,129.90219116210938,-0.0395527935234108,2.6822143200645634,-4.1169566169966565,-3.679192761954572,-1.92645924897735,1.338644554962944,-0.0970836571114928,3.963983577239947,-0.4437652499571194,1.3252658108027426
95.0,201.0,129.90219116210938,-0.0395527932985534,2.68221431866777,-4.1169566169966565,-3.679192761954572,-1.92645924897735,1.3386445612827031,-0.0970836571096847,3.9639967455028247,-0.4437652499631799,1.3252658108076882
95.0,201.0,129.90219116210938,-0.0395527644376216,2.6822143194689128,-4.116956616996778,-3.6791927618307887,-1.926459248975728,1.3386445551892108,-0.0970836571114091,3.964938635886488,-0.4437652500559275,1.3252658108366768
95.0,201.0,129.90219116210938,-0.0395527660958691,2.682214336429119,-4.116956616998953,-3.679192759077105,-1.9264592489757857,1.338644554837057,-0.0970836571116211,3.963996183754758,-0.4437652500556345,1.3252658108361832
95.0,201.0,129.90219116210938,-0.0395527935234108,2.682214337404437,-4.116956616999282,-3.679192761955628,-1.92645924897735,1.338644554962944,-0.0970836571114928,3.963983553153801,-0.4437652500523715,1.3252658108027426
95.0,201.0,129.90219116210938,-0.039552793694024,2.68221431866777,-4.116956616999005,-3.679192759102557,-1.92645924897735,1.3386445612827031,-0.0970836571096847,3.963983957351193,-0.4437652499642239,1.3252658108082829
95.0,201.0,129.90219116210938,-0.0395527935234108,2.6822143200188244,-4.1169566169966565,-3.679192761954572,-1.92645924897735,1.338644554962944,-0.0970836571114928,3.963983553153801,-0.4437652500523715,1.3252658108027426
95.0,201.0,129.90219116210938,-0.0395527935252951,2.682214337404437,-4.116956616999304,-3.679192761955628,-1.92645924897735,1.3386445550340098,-0.0970836571114958,3.963983553153801,-0.4437652500523715,1.3252658108027993
95.0,201.0,129.90219116210938,-0.0395527657003986,2.682214336429119,-4.116956616996605,-3.67919276192912,-1.9264592489757857,1.338644554837057,-0.0970836571116211,3.963996183754758,-0.4437652500545905,1.3252658108355888
95.0,201.0,129.90219116210938,-0.0395527924106836,2.6822143198689217,-4.116956616996651,-3.679192761959981,-1.92645924897735,1.3386445612827031,-0.0970836571095673,3.963980740935652,-0.4437652499633175,1.3252658108074284
95.0,201.0,129.90219116210938,-0.0395527932985534,2.68221431866777,-4.1169566169966565,-3.679192761954572,-1.92645924897735,1.3386445612827031,-0.0970836571114904,3.963996245212329,-0.4437652499631799,1.3252658108076882
95.0,201.0,129.90219116210938,-0.039552764764507,2.6822143191184136,-4.116956616999064,-3.679192761831899,-1.926459248977376,1.338644561281238,-0.0970836571096835,3.963983174020844,-0.4437652500328833,1.3252658108075135
95.0,201.0,129.9022216796875,-0.039552764764507,2.6822143190866603,-4.116956616998953,-3.679192761830988,-1.9264592489757857,1.3386445550186743,-0.0970836571096835,3.96394355014406,-0.4437652500328833,1.3252658108361832
95.0,201.0,129.9022216796875,-0.039552792395603,2.6822143194689128,-4.116956616996851,-3.679192761861979,-1.926459248975728,1.3386445550186743,-0.0970836571114783,3.964959715772257,-0.4437652500605223,1.325265810836651
95.0,201.0,129.9022216796875,-0.039552764764507,2.682214319229581,-4.116956616998953,-3.6791927618310623,-1.9264592489757792,1.3386445613538238,-0.0970836571096835,3.96394355014406,-0.4437652500328833,1.325265810836036
95.0,201.0,129.9022216796875,-0.0395527660851272,2.6822143369795794,-4.116956616998994,-3.679192761761086,-1.9264592489757857,1.3386445550186743,-0.097083657111537,3.96394355014406,-0.4437652500566406,1.3252658108361832
95.0,201.0,129.9022216796875,-0.039552792395603,2.6822143194689128,-4.116956616946174,-3.679192761861979,-1.926459248978239,1.3386445550186743,-0.0970836571114783,3.964959715772257,-0.4437652500254826,1.325265810836651
95.0,201.0,129.9022216796875,-0.0395527924177728,2.6822143189944403,-4.116956616996331,-3.679192758501753,-1.92645924897735,1.3386445618040892,-0.0970836571096896,3.964966505832389,-0.443765249963153,1.3252658108076816
95.0,201.0,129.9022216796875,-0.039552792395603,2.6822143194689128,-4.116956616996778,-3.679192761760101,-1.926459248975728,1.3386445550186743,-0.0970836571114653,3.964959715772257,-0.4437652500559275,1.3252658108366715
95.0,201.0,129.9022216796875,-0.0395527933328744,2.68221431866777,-4.116956616996641,-3.679192761954572,-1.92645924897735,1.3386445612827031,-0.0970836571096847,3.96396025639454,-0.4437652499631799,1.3252658108076882
95.0,201.0,129.9022216796875,-0.039552764764507,2.6822143190866603,-4.11695661699895,-3.679192761855679,-1.9264592489757857,1.3386445550186743,-0.0970836571096835,3.963943945134374,-0.4437652500328961,1.3252658108361832
95.0,201.0,129.9022216796875,-0.0395527932985534,2.682214318644216,-4.1169566169966565,-3.679192761954572,-1.92645924897735,1.3386445550201396,-0.0970836571096847,3.9639441118921264,-0.4437652499631799,1.3252658108076882
95.0,201.0,129.9022216796875,-0.0395527935701956,2.6822143186670955,-4.1169566169966565,-3.679192761830758,-1.92645924897735,1.338644561239349,-0.0970836571096847,3.963947318282115,-0.4437652499631799,1.3252658108095905
95.0,201.0,129.9022216796875,-0.0395527660851272,2.682214337413022,-4.116956616998994,-3.679192759034096,-1.9264592489757857,1.3386445550186743,-0.097083657111537,3.9639439165934647,-0.4437652500566406,1.3252658108361832
95.0,201.0,129.9022216796875,-0.0395527927224884,2.682214319229581,-4.116956616998953,-3.679192761760375,-1.9264592489757792,1.3386445611832876,-0.0970836571097397,3.963964630029829,-0.4437652500328833,1.3252658108360311
95.0,201.0,129.9022216796875,-0.0395527933000574,2.682214318667118,-4.1169566169966565,-3.679192761954572,-1.92645924897735,1.338644561238962,-0.0970836571096847,3.96394777563897,-0.4437652499631799,1.325265810807819
95.0,201.0,129.9022216796875,-0.0395527627595921,2.6822143373513483,-4.116956616997158,-3.6791927618636793,-1.9264592489757857,1.3386445623689338,-0.0970836571095514,3.964958149280849,-0.4437652500529605,1.3252658108451651
95.0,201.0,129.9022216796875,-0.0395527923966185,2.6822143348003733,-4.116956616998918,-3.679192762023853,-1.9264592489747407,1.338644555154775,-0.0970836571096477,3.9639433821308416,-0.4437652500315381,1.3252658108364368
95.0,202.0,129.90208435058594,-0.039552764764507,2.682214335167035,-4.116956616999064,-3.679192761831899,-1.926459248977376,1.338644561281238,-0.0970836571113387,3.964810071295069,-0.4437652497814618,1.3252658108075135
95.0,202.0,129.90208435058594,-0.039552792335601,2.682214319008952,-4.116956616998948,-3.679192761963951,-1.92645924897694,1.338644561326691,-0.097083657111341,3.9648065486814255,-0.4437652500202325,1.3252658108350823
95.0,202.0,129.90211486816406,-0.0395527934774975,2.682214319008952,-4.116956616998948,-3.679192761963951,-1.92645924897694,1.338644561326691,-0.097083657111341,3.964878922115921,-0.4437652497630325,1.3252658108350823
95.0,202.0,129.90211486816406,-0.0395527934443995,2.682214319008952,-4.116956616998998,-3.679192761963951,-1.92645924897694,1.3386445551849655,-0.097083657111341,3.964878922115921,-0.4437652500509005,1.3252658108351232
95.0,202.0,129.90211486816406,-0.0395527934756132,2.682214319008952,-4.116956616998926,-3.679192761963951,-1.92645924897694,1.338644561255625,-0.097083657111338,3.964878922115921,-0.4437652497630325,1.325265810835026
95.0,202.0,129.90211486816406,-0.0395527934765106,2.6822143186484744,-4.116956616998926,-3.679192761964081,-1.92645924897694,1.338644561255625,-0.0970836571114442,3.964878922115921,-0.4437652499379062,1.325265810835026
95.0,202.0,129.90211486816406,-0.0395527924106836,2.682214337389272,-4.116956616996651,-3.679192761960149,-1.92645924897735,1.3386445612827031,-0.0970836571096847,3.963983514312105,-0.4437652499633175,1.3208649011541158
95.0,202.0,129.9021453857422,-0.039552792395828,2.6822143353780614,-4.1169566169967045,-3.6791927617611178,-1.9264592489769463,1.3386445615496678,-0.0970836571113394,3.9648997371420216,-0.4437652497824071,1.325265810836714
95.0,202.0,129.90216064453125,-0.0395527925465755,2.6822143186654066,-4.116956616996778,-3.6791927618307887,-1.926459248975728,1.3386445554395832,-0.0970836571113964,3.9640151903235856,-0.4437652500543279,1.3252658108366768
95.0,202.0,129.90216064453125,-0.0395527925465755,2.6822143186654066,-4.116956616996658,-3.6791927618307887,-1.926459248975728,1.3386445554504438,-0.0970836571113964,3.9640151903235856,-0.4437652500523166,1.3252658108366768
95.0,202.0,129.90216064453125,-0.0395527659064035,2.6822143190866603,-4.11695661699895,-3.679192761855679,-1.9264592489757857,1.3386445550186743,-0.0970836571096835,3.9640163185688686,-0.4437652497756961,1.3252658108361832
95.0,202.0,129.90216064453125,-0.0395527675427822,2.6822143380992856,-4.116956616996778,-3.679192761828469,-1.926459248975728,1.3386445554477664,-0.0970836571113979,3.9640151903235856,-0.4437652500543279,1.3252658108366768
95.0,202.0,129.9021759033203,-0.039552792395619,2.682214334813237,-4.116956616998998,-3.6791927617611178,-1.9264592489769463,1.338644561326691,-0.097083657111341,3.9649204308273474,-0.4437652497817866,1.3252658108350823
95.0,202.0,129.9021759033203,-0.0395527934254734,2.682214334813237,-4.116956616998998,-3.6791927617611178,-1.9264592489769463,1.338644561326691,-0.097083657111341,3.9649204308273474,-0.4437652497817866,1.3252658108350823
95.0,202.0,129.90219116210938,-0.0395527935234108,2.6822143186670955,-4.1169566169966565,-3.679192761954572,-1.92645924897735,1.3386445612827031,-0.0970836571096847,3.963983553153801,-0.4437652499631799,1.3252658108076882
95.0,202.0,129.90219116210938,-0.0395527932985534,2.68221431866777,-4.1169566169966565,-3.679192761954572,-1.92645924897735,1.3386445612827031,-0.0970836571096847,3.9639967455028247,-0.4437652499631799,1.3252658108076882
95.0,202.0,129.90219116210938,-0.0395527935234108,2.6822143200188244,-4.1169566169966565,-3.679192761954572,-1.92645924897735,1.338644554962944,-0.0970836571114928,3.963983553153801,-0.4437652500523715,1.3252658108027426
95.0,202.0,129.90219116210938,-0.0395527932985534,2.68221431866777,-4.1169566169966565,-3.679192761954572,-1.92645924897735,1.3386445612827031,-0.0970836571096847,3.963983543459936,-0.4437652499631799,1.3252658108076882
95.0,202.0,129.90219116210938,-0.0395527935234108,2.6822143200188244,-4.1169566169966565,-3.679192761954572,-1.92645924897735,1.338644554962944,-0.0970836571114928,3.963983553153801,-0.4437652500523715,1.3252658108027426
95.0,202.0,129.90219116210938,-0.0395527935234108,2.6822143200188244,-4.1169566169966565,-3.679192761954572,-1.92645924897735,1.338644554962944,-0.0970836571114928,3.963983553153801,-0.4437652500523715,1.3252658108027426
95.0,202.0,129.90219116210938,-0.0395527935234108,2.6822143200188244,-4.1169566169966565,-3.679192761954572,-1.92645924897735,1.338644554962944,-0.0970836571114928,3.963983553153801,-0.4437652500523715,1.3252658108027426
95.0,202.0,129.90219116210938,-0.0395527923966705,2.682214318103464,-4.116956616998213,-3.67919276195968,-1.926459248965756,1.338644555462523,-0.0970836571096876,3.9639798203349264,-0.4437652499566505,1.325265810811086
95.0,202.0,129.90219116210938,-0.0395527663145524,2.682214320042836,-4.116956616998998,-3.679192761863732,-1.9264592489757533,1.3386445549640946,-0.0970836571113895,3.963982456511764,-0.4437652500528741,1.3252658108364537
95.0,202.0,129.90219116210938,-0.0395527932985534,2.68221431866777,-4.1169566169966565,-3.679192761954572,-1.92645924897735,1.3386445612827031,-0.0970836571096847,3.963996331611568,-0.4437652499631799,1.3252658108076882
95.0,202.0,129.90219116210938,-0.039552764764507,2.6822143191102152,-4.116956616998953,-3.679192761830988,-1.9264592489757857,1.338644561281238,-0.0970836571096835,3.963996183754758,-0.4437652500328833,1.3252658108361832
95.0,202.0,129.90219116210938,-0.0395527932985534,2.68221431866777,-4.1169566169966565,-3.679192761954572,-1.92645924897735,1.3386445612827031,-0.0970836571096847,3.963983957351193,-0.4437652499631799,1.3252658108076882
95.0,202.0,129.90219116210938,-0.0395527935234108,2.6822143200188244,-4.1169566169966565,-3.679192761954572,-1.92645924897735,1.338644554962944,-0.0970836571114928,3.963983553153801,-0.4437652500523715,1.3252658108027426
95.0,202.0,129.90219116210938,-0.0395527932985534,2.68221431866777,-4.1169566169966565,-3.679192761954572,-1.92645924897735,1.3386445612827031,-0.0970836571096847,3.963983532329095,-0.4437652499631799,1.3252658108076882
95.0,202.0,129.90219116210938,-0.0395527935114708,2.6822143200188244,-4.1169566169978165,-3.679192761954572,-1.9264592489774,1.338644554962944,-0.0970836571118215,3.963983553153801,-0.4437652500523715,1.325265810801783
95.0,202.0,129.90219116210938,-0.0395527924106836,2.68221431866777,-4.116956616996651,-3.679192761960149,-1.92645924897735,1.3386445612827031,-0.0970836571096847,3.963980740935652,-0.4437652499633175,1.3252658108074284
95.0,202.0,129.90219116210938,-0.0395527935234108,2.6822143200645634,-4.1169566169966565,-3.679192761954572,-1.92645924897735,1.338644554962944,-0.0970836571114928,3.963983577239947,-0.4437652499571194,1.3252658108027426
95.0,202.0,129.90219116210938,-0.0395527932985534,2.68221431866777,-4.1169566169966565,-3.679192761954572,-1.92645924897735,1.3386445612827031,-0.0970836571096847,3.9639967455028247,-0.4437652499631799,1.3252658108076882
95.0,202.0,129.90219116210938,-0.0395527644376216,2.6822143194689128,-4.116956616996778,-3.6791927618307887,-1.926459248975728,1.3386445551892108,-0.0970836571114091,3.964938635886488,-0.4437652500559275,1.3252658108366768
95.0,202.0,129.90219116210938,-0.0395527660958691,2.682214336429119,-4.116956616998953,-3.679192759077105,-1.9264592489757857,1.338644554837057,-0.0970836571116211,3.963996183754758,-0.4437652500556345,1.3252658108361832
95.0,202.0,129.90219116210938,-0.0395527935234108,2.682214337404437,-4.116956616999282,-3.679192761955628,-1.92645924897735,1.338644554962944,-0.0970836571114928,3.963983553153801,-0.4437652500523715,1.3252658108027426
95.0,202.0,129.90219116210938,-0.039552793694024,2.68221431866777,-4.116956616999005,-3.679192759102557,-1.92645924897735,1.3386445612827031,-0.0970836571096847,3.963983957351193,-0.4437652499642239,1.3252658108082829
95.0,202.0,129.90219116210938,-0.0395527935234108,2.6822143200188244,-4.1169566169966565,-3.679192761954572,-1.92645924897735,1.338644554962944,-0.0970836571114928,3.963983553153801,-0.4437652500523715,1.3252658108027426
95.0,202.0,129.90219116210938,-0.0395527935252951,2.682214337404437,-4.116956616999304,-3.679192761955628,-1.92645924897735,1.3386445550340098,-0.0970836571114958,3.963983553153801,-0.4437652500523715,1.3252658108027993
95.0,202.0,129.90219116210938,-0.0395527657003986,2.682214336429119,-4.116956616996605,-3.67919276192912,-1.9264592489757857,1.338644554837057,-0.0970836571116211,3.963996183754758,-0.4437652500545905,1.3252658108355888
95.0,202.0,129.90219116210938,-0.0395527924106836,2.6822143198689217,-4.116956616996651,-3.679192761959981,-1.92645924897735,1.3386445612827031,-0.0970836571095673,3.963980740935652,-0.4437652499633175,1.3252658108074284
95.0,202.0,129.90219116210938,-0.0395527932985534,2.68221431866777,-4.1169566169966565,-3.679192761954572,-1.92645924897735,1.3386445612827031,-0.0970836571114904,3.963996245212329,-0.4437652499631799,1.3252658108076882
95.0,202.0,129.90219116210938,-0.039552764764507,2.6822143191184136,-4.116956616999064,-3.679192761831899,-1.926459248977376,1.338644561281238,-0.0970836571096835,3.963983174020844,-0.4437652500328833,1.3252658108075135
95.0,202.0,129.90219116210938,-0.0395527934368169,2.68221432002264,-4.116956616998994,-3.679192761954572,-1.9264592489773609,1.3386445549629522,-0.0970836571114971,3.963983553153801,-0.4437652500528717,1.3252658108027426
95.0,202.0,129.90219116210938,-0.0395527932985534,2.68221431866777,-4.1169566169966565,-3.679192761954572,-1.92645924897735,1.3386445612827031,-0.0970836571096847,3.963980725908149,-0.4437652499631799,1.3252658108074211
95.0,202.0,129.90219116210938,-0.0395527935234108,2.6822143186829344,-4.116956616999282,-3.679192761955628,-1.92645924897735,1.338644554962944,-0.0970836571114928,3.963980779777348,-0.4437652500523715,1.3252658108027426
95.0,202.0,129.90219116210938,-0.0395527935234108,2.6822143186670955,-4.1169566169966565,-3.679192761954572,-1.92645924897735,1.3386445612827031,-0.0970836571096847,3.963983553153801,-0.4437652499631799,1.3252658108076882
95.0,202.0,129.90219116210938,-0.0395527935234108,2.6822143200188244,-4.1169566169966565,-3.679192761954572,-1.92645924897735,1.338644554962944,-0.0970836571114928,3.963983553153801,-0.4437652500523715,1.3252658108027426
95.0,202.0,129.90219116210938,-0.0395527935234108,2.6822143200188244,-4.1169566169966565,-3.679192761954572,-1.92645924897735,1.338644554962944,-0.0970836571114928,3.963983553153801,-0.4437652500523715,1.3252658108027426
95.0,202.0,129.90219116210938,-0.039552764764507,2.6822143182324703,-4.116956616998953,-3.679192761670483,-1.9264592489757857,1.3386445550186743,-0.0970836571096859,3.96399661480352,-0.4437652500328833,1.3252658108361832
95.0,202.0,129.90219116210938,-0.0395527644376216,2.6822143194689128,-4.116956616996778,-3.679192761952057,-1.926459248975728,1.3386445557856834,-0.0970836571114091,3.964938635886488,-0.4437652500567921,1.3252658108366768
95.0,203.0,129.90196228027344,-0.0395527937088015,2.682214319639311,-4.116956616999111,-3.679192759102557,-1.92645924897735,1.3386445612827031,-0.0970836571096847,3.963983957351193,-0.4437652499642651,1.3208945816491615
95.0,203.0,129.90208435058594,-0.039552764764507,2.682214335167035,-4.116956616999064,-3.679192761831899,-1.926459248977376,1.338644561281238,-0.0970836571113387,3.964810071295069,-0.4437652497814618,1.3252658108075135
95.0,203.0,129.90208435058594,-0.039552792335601,2.682214319008952,-4.116956616998948,-3.679192761963951,-1.92645924897694,1.338644561326691,-0.097083657111341,3.9648065486814255,-0.4437652500202325,1.3252658108350823
95.0,203.0,129.90208435058594,-0.0395527923691522,2.682214319008952,-4.116956616998927,-3.679192761963951,-1.92645924897694,1.3386445613278106,-0.097083657111341,3.9648065486814255,-0.443765249761777,1.3252658108350823
95.0,203.0,129.90211486816406,-0.0395527934774975,2.682214319008952,-4.116956616998948,-3.679192761963951,-1.92645924897694,1.338644561326691,-0.097083657111341,3.964878922115921,-0.4437652497630325,1.3252658108350823
95.0,203.0,129.90211486816406,-0.0395527934443995,2.682214319008952,-4.116956616998998,-3.679192761963951,-1.92645924897694,1.3386445551849655,-0.097083657111341,3.964878922115921,-0.4437652500509005,1.3252658108351232
95.0,203.0,129.90211486816406,-0.0395527934756132,2.682214319008952,-4.116956616998926,-3.679192761963951,-1.92645924897694,1.338644561255625,-0.097083657111338,3.964878922115921,-0.4437652497630325,1.325265810835026
95.0,203.0,129.90211486816406,-0.0395527934765106,2.6822143186484744,-4.116956616998926,-3.679192761964081,-1.92645924897694,1.338644561255625,-0.0970836571114442,3.964878922115921,-0.4437652499379062,1.325265810835026
95.0,203.0,129.90211486816406,-0.0395527924106836,2.682214337389272,-4.116956616996651,-3.679192761960149,-1.92645924897735,1.3386445612827031,-0.0970836571096847,3.963983514312105,-0.4437652499633175,1.3208649011541158
95.0,203.0,129.90211486816406,-0.0395527934443995,2.682214318997932,-4.116956616998946,-3.679192761836443,-1.92645924897694,1.3386445551849655,-0.0970836571113927,3.964878922115921,-0.4437652500549179,1.3252658108351232
95.0,203.0,129.90211486816406,-0.0395527936056362,2.682214319008952,-4.1169566169991,-3.679192761965545,-1.9264592489769257,1.338644561326691,-0.0970836571113924,3.964878922115921,-0.4437652497630325,1.3252658108350823
95.0,203.0,129.90211486816406,-0.0395527934764627,2.6822143186484744,-4.116956616998926,-3.6791927619639417,-1.92645924897694,1.338644561255625,-0.0970836571114442,3.964878922115921,-0.4437652499379062,1.325265810835026
95.0,203.0,129.9021453857422,-0.039552792395828,2.6822143353780614,-4.1169566169967045,-3.6791927617611178,-1.9264592489769463,1.3386445615496678,-0.0970836571113394,3.9648997371420216,-0.4437652497824071,1.325265810836714
95.0,203.0,129.90216064453125,-0.0395527925465755,2.6822143186654066,-4.116956616996778,-3.6791927618307887,-1.926459248975728,1.3386445554395832,-0.0970836571113964,3.9640151903235856,-0.4437652500543279,1.3252658108366768
95.0,203.0,129.90216064453125,-0.0395527925465755,2.6822143186654066,-4.116956616996658,-3.6791927618307887,-1.926459248975728,1.3386445554504438,-0.0970836571113964,3.9640151903235856,-0.4437652500523166,1.3252658108366768
95.0,203.0,129.90216064453125,-0.0395527659064035,2.6822143190866603,-4.11695661699895,-3.679192761855679,-1.9264592489757857,1.3386445550186743,-0.0970836571096835,3.9640163185688686,-0.4437652497756961,1.3252658108361832
95.0,203.0,129.90216064453125,-0.0395527675427822,2.6822143380992856,-4.116956616996778,-3.679192761828469,-1.926459248975728,1.3386445554477664,-0.0970836571113979,3.9640151903235856,-0.4437652500543279,1.3252658108366768
95.0,203.0,129.90216064453125,-0.0395527659064035,2.6822143190866603,-4.116956616998951,-3.679192761852887,-1.9264592489769456,1.33864455519649,-0.0970836571096756,3.9640163185688686,-0.4437652497756961,1.3252658108361832
95.0,203.0,129.90216064453125,-0.0395527935234108,2.682214338328172,-4.116956616996657,-3.679192761954572,-1.92645924897735,1.338644554962944,-0.0970836571114928,3.964015721326725,-0.4437652500523374,1.3252658108027426
95.0,203.0,129.90216064453125,-0.0395527659064035,2.6822143190866603,-4.11695661699895,-3.679192761855679,-1.9264592489757857,1.3386445550186743,-0.0970836571096835,3.9640163185688686,-0.4437652497756961,1.3252658108361832
95.0,203.0,129.90216064453125,-0.0395527925465755,2.682214318676428,-4.116956616996829,-3.679192761958297,-1.926459248975728,1.3386445554395832,-0.0970836571113446,3.9640151903235856,-0.4437652500503106,1.3252658108366768
95.0,203.0,129.9021759033203,-0.039552792395619,2.682214334813237,-4.116956616998998,-3.6791927617611178,-1.9264592489769463,1.338644561326691,-0.097083657111341,3.9649204308273474,-0.4437652497817866,1.3252658108350823
95.0,203.0,129.9021759033203,-0.0395527934254734,2.682214334813237,-4.116956616998998,-3.6791927617611178,-1.9264592489769463,1.338644561326691,-0.097083657111341,3.9649204308273474,-0.4437652497817866,1.3252658108350823
95.0,203.0,129.9021759033203,-0.0395527924110139,2.682214334813237,-4.116956616998768,-3.679192761965421,-1.9264592489769463,1.338644561326691,-0.097083657111341,3.9649204308273474,-0.4437652499615008,1.3252658108350823
95.0,203.0,129.9021759033203,-0.0395527934254734,2.682214334813237,-4.116956616998998,-3.6791927617611178,-1.9264592489769463,1.338644561326691,-0.097083657111341,3.9649204308273474,-0.4437652497817866,1.3252658108350823
95.0,203.0,129.90219116210938,-0.0395527935234108,2.6822143186670955,-4.1169566169966565,-3.679192761954572,-1.92645924897735,1.3386445612827031,-0.0970836571096847,3.963983553153801,-0.4437652499631799,1.3252658108076882
95.0,203.0,129.90219116210938,-0.0395527932985534,2.68221431866777,-4.1169566169966565,-3.679192761954572,-1.92645924897735,1.3386445612827031,-0.0970836571096847,3.9639967455028247,-0.4437652499631799,1.3252658108076882
95.0,203.0,129.90219116210938,-0.0395527935234108,2.6822143200188244,-4.1169566169966565,-3.679192761954572,-1.92645924897735,1.338644554962944,-0.0970836571114928,3.963983553153801,-0.4437652500523715,1.3252658108027426
95.0,203.0,129.90219116210938,-0.0395527932985534,2.68221431866777,-4.1169566169966565,-3.679192761954572,-1.92645924897735,1.3386445612827031,-0.0970836571096847,3.963983543459936,-0.4437652499631799,1.3252658108076882
95.0,203.0,129.90219116210938,-0.0395527935234108,2.6822143200188244,-4.1169566169966565,-3.679192761954572,-1.92645924897735,1.338644554962944,-0.0970836571114928,3.963983553153801,-0.4437652500523715,1.3252658108027426
95.0,203.0,129.90219116210938,-0.0395527935234108,2.6822143200188244,-4.1169566169966565,-3.679192761954572,-1.92645924897735,1.338644554962944,-0.0970836571114928,3.963983553153801,-0.4437652500523715,1.3252658108027426
95.0,203.0,129.90219116210938,-0.0395527935234108,2.6822143200188244,-4.1169566169966565,-3.679192761954572,-1.92645924897735,1.338644554962944,-0.0970836571114928,3.963983553153801,-0.4437652500523715,1.3252658108027426
95.0,203.0,129.90219116210938,-0.0395527923966705,2.682214318103464,-4.116956616998213,-3.67919276195968,-1.926459248965756,1.338644555462523,-0.0970836571096876,3.9639798203349264,-0.4437652499566505,1.325265810811086
95.0,203.0,129.90219116210938,-0.0395527663145524,2.682214320042836,-4.116956616998998,-3.679192761863732,-1.9264592489757533,1.3386445549640946,-0.0970836571113895,3.963982456511764,-0.4437652500528741,1.3252658108364537
95.0,203.0,129.90219116210938,-0.0395527932985534,2.68221431866777,-4.1169566169966565,-3.679192761954572,-1.92645924897735,1.3386445612827031,-0.0970836571096847,3.963996331611568,-0.4437652499631799,1.3252658108076882
95.0,203.0,129.90219116210938,-0.039552764764507,2.6822143191102152,-4.116956616998953,-3.679192761830988,-1.9264592489757857,1.338644561281238,-0.0970836571096835,3.963996183754758,-0.4437652500328833,1.3252658108361832
95.0,203.0,129.90219116210938,-0.0395527932985534,2.68221431866777,-4.1169566169966565,-3.679192761954572,-1.92645924897735,1.3386445612827031,-0.0970836571096847,3.963983957351193,-0.4437652499631799,1.3252658108076882
95.0,203.0,129.90219116210938,-0.0395527935234108,2.6822143200188244,-4.1169566169966565,-3.679192761954572,-1.92645924897735,1.338644554962944,-0.0970836571114928,3.963983553153801,-0.4437652500523715,1.3252658108027426
95.0,203.0,129.90219116210938,-0.0395527932985534,2.68221431866777,-4.1169566169966565,-3.679192761954572,-1.92645924897735,1.3386445612827031,-0.0970836571096847,3.963983532329095,-0.4437652499631799,1.3252658108076882
95.0,203.0,129.90219116210938,-0.0395527935114708,2.6822143200188244,-4.1169566169978165,-3.679192761954572,-1.9264592489774,1.338644554962944,-0.0970836571118215,3.963983553153801,-0.4437652500523715,1.325265810801783
95.0,203.0,129.90219116210938,-0.0395527924106836,2.68221431866777,-4.116956616996651,-3.679192761960149,-1.92645924897735,1.3386445612827031,-0.0970836571096847,3.963980740935652,-0.4437652499633175,1.3252658108074284
95.0,203.0,129.90219116210938,-0.0395527935234108,2.6822143200645634,-4.1169566169966565,-3.679192761954572,-1.92645924897735,1.338644554962944,-0.0970836571114928,3.963983577239947,-0.4437652499571194,1.3252658108027426
95.0,203.0,129.90219116210938,-0.0395527932985534,2.68221431866777,-4.1169566169966565,-3.679192761954572,-1.92645924897735,1.3386445612827031,-0.0970836571096847,3.9639967455028247,-0.4437652499631799,1.3252658108076882
95.0,203.0,129.90219116210938,-0.0395527644376216,2.6822143194689128,-4.116956616996778,-3.6791927618307887,-1.926459248975728,1.3386445551892108,-0.0970836571114091,3.964938635886488,-0.4437652500559275,1.3252658108366768
95.0,203.0,129.90219116210938,-0.0395527660958691,2.682214336429119,-4.116956616998953,-3.679192759077105,-1.9264592489757857,1.338644554837057,-0.0970836571116211,3.963996183754758,-0.4437652500556345,1.3252658108361832
95.0,203.0,129.90219116210938,-0.0395527935234108,2.682214337404437,-4.116956616999282,-3.679192761955628,-1.92645924897735,1.338644554962944,-0.0970836571114928,3.963983553153801,-0.4437652500523715,1.3252658108027426
95.0,203.0,129.90219116210938,-0.039552793694024,2.68221431866777,-4.116956616999005,-3.679192759102557,-1.92645924897735,1.3386445612827031,-0.0970836571096847,3.963983957351193,-0.4437652499642239,1.3252658108082829
95.0,203.0,129.90219116210938,-0.0395527935234108,2.6822143200188244,-4.1169566169966565,-3.679192761954572,-1.92645924897735,1.338644554962944,-0.0970836571114928,3.963983553153801,-0.4437652500523715,1.3252658108027426
95.0,203.0,129.90219116210938,-0.0395527935252951,2.682214337404437,-4.116956616999304,-3.679192761955628,-1.92645924897735,1.3386445550340098,-0.0970836571114958,3.963983553153801,-0.4437652500523715,1.3252658108027993
95.0,203.0,129.90219116210938,-0.0395527657003986,2.682214336429119,-4.116956616996605,-3.67919276192912,-1.9264592489757857,1.338644554837057,-0.0970836571116211,3.963996183754758,-0.4437652500545905,1.3252658108355888
95.0,204.0,129.90151977539062,-0.0395527925425378,2.6822143186654066,-4.116956616996778,-3.6791927618307887,-1.926459248975728,1.33864455506639,-0.0970836571114144,3.963983790136609,-0.4437652500543279,1.3209803849245552
95.0,204.0,129.90164184570312,-0.0395527937088015,2.682214319639311,-4.116956616998932,-3.679192762030548,-1.9264592489774008,1.3386445612827031,-0.0970836571096847,3.9640266340910375,-0.4437652499642651,1.3209480892262608
95.0,204.0,129.9018096923828,-0.0395527934765106,2.6822143186484744,-4.116956616999104,-3.6791927590360896,-1.926459248976889,1.338644561255625,-0.0970836571114442,3.964836245376077,-0.4437652499379062,1.3252123032579266
95.0,204.0,129.90196228027344,-0.0395527937088015,2.682214319639311,-4.116956616999111,-3.679192759102557,-1.92645924897735,1.3386445612827031,-0.0970836571096847,3.963983957351193,-0.4437652499642651,1.3208945816491615
95.0,204.0,129.90208435058594,-0.039552764764507,2.682214335167035,-4.116956616999064,-3.679192761831899,-1.926459248977376,1.338644561281238,-0.0970836571113387,3.964810071295069,-0.4437652497814618,1.3252658108075135
95.0,204.0,129.90208435058594,-0.039552792335601,2.682214319008952,-4.116956616998948,-3.679192761963951,-1.92645924897694,1.338644561326691,-0.097083657111341,3.9648065486814255,-0.4437652500202325,1.3252658108350823
95.0,204.0,129.90208435058594,-0.0395527923691522,2.682214319008952,-4.116956616998927,-3.679192761963951,-1.92645924897694,1.3386445613278106,-0.097083657111341,3.9648065486814255,-0.443765249761777,1.3252658108350823
95.0,204.0,129.90208435058594,-0.039552764764507,2.682214335167035,-4.116956616999064,-3.679192761831899,-1.926459248977376,1.338644561281238,-0.0970836571113387,3.964810071295069,-0.4437652497814618,1.3252658108075135
95.0,204.0,129.90208435058594,-0.039552764764507,2.6822143375706764,-4.116956616999064,-3.679192761831899,-1.926459248977376,1.3386445612826203,-0.0970836571113387,3.964800885969185,-0.4437652497814618,1.3252658108075135
95.0,204.0,129.90208435058594,-0.039552792335601,2.682214319008952,-4.116956616998948,-3.679192761963951,-1.92645924897694,1.338644561326691,-0.097083657111341,3.9648065486814255,-0.4437652500202325,1.3252658108350823
95.0,204.0,129.90211486816406,-0.0395527934774975,2.682214319008952,-4.116956616998948,-3.679192761963951,-1.92645924897694,1.338644561326691,-0.097083657111341,3.964878922115921,-0.4437652497630325,1.3252658108350823
95.0,204.0,129.90211486816406,-0.0395527934443995,2.682214319008952,-4.116956616998998,-3.679192761963951,-1.92645924897694,1.3386445551849655,-0.097083657111341,3.964878922115921,-0.4437652500509005,1.3252658108351232
95.0,204.0,129.90211486816406,-0.0395527934756132,2.682214319008952,-4.116956616998926,-3.679192761963951,-1.92645924897694,1.338644561255625,-0.097083657111338,3.964878922115921,-0.4437652497630325,1.325265810835026
95.0,204.0,129.90211486816406,-0.0395527934765106,2.6822143186484744,-4.116956616998926,-3.679192761964081,-1.92645924897694,1.338644561255625,-0.0970836571114442,3.964878922115921,-0.4437652499379062,1.325265810835026
95.0,204.0,129.90211486816406,-0.0395527924106836,2.682214337389272,-4.116956616996651,-3.679192761960149,-1.92645924897735,1.3386445612827031,-0.0970836571096847,3.963983514312105,-0.4437652499633175,1.3208649011541158
95.0,204.0,129.90211486816406,-0.0395527934443995,2.682214318997932,-4.116956616998946,-3.679192761836443,-1.92645924897694,1.3386445551849655,-0.0970836571113927,3.964878922115921,-0.4437652500549179,1.3252658108351232
95.0,204.0,129.90211486816406,-0.0395527936056362,2.682214319008952,-4.1169566169991,-3.679192761965545,-1.9264592489769257,1.338644561326691,-0.0970836571113924,3.964878922115921,-0.4437652497630325,1.3252658108350823
95.0,204.0,129.90211486816406,-0.0395527934764627,2.6822143186484744,-4.116956616998926,-3.6791927619639417,-1.92645924897694,1.338644561255625,-0.0970836571114442,3.964878922115921,-0.4437652499379062,1.325265810835026
95.0,204.0,129.90211486816406,-0.0395527934354396,2.6822143386762294,-4.116956616998814,-3.679192761837957,-1.9264592489769328,1.33864455518368,-0.0970836571114933,3.964878922115921,-0.4437652500549179,1.3252658108351232
95.0,204.0,129.90211486816406,-0.0395527934254734,2.682214334813237,-4.116956616998998,-3.679192761761429,-1.9264592489769463,1.338644561326691,-0.097083657111341,3.964877634040525,-0.4437652497817866,1.3252658108350823
95.0,204.0,129.90211486816406,-0.0395527934756132,2.682214319008952,-4.116956616998926,-3.679192761960445,-1.9264592489758017,1.338644561255625,-0.097083657111338,3.964878922115921,-0.4437652500259163,1.325265810835026
95.0,204.0,129.90211486816406,-0.039552792395828,2.6822143353780614,-4.1169566169967045,-3.6791927617611178,-1.9264592489769463,1.3386445551444572,-0.0970836571113394,3.964877316523165,-0.4437652500451293,1.325265810836714
95.0,204.0,129.90211486816406,-0.0395527934443995,2.682214319008952,-4.116956616998998,-3.679192761963951,-1.92645924897694,1.3386445614689717,-0.097083657111341,3.964875877250493,-0.4437652500509005,1.3252658108350823
95.0,204.0,129.90211486816406,-0.0395527934756132,2.6822143183853275,-4.116956616998998,-3.679192761963951,-1.92645924897694,1.338644561257904,-0.097083657111338,3.964878922115921,-0.4437652497814973,1.3252658108350832
95.0,204.0,129.90213012695312,-0.0395527923726833,2.682214319008952,-4.116956616998923,-3.679192761963951,-1.92645924897694,1.3386445613277904,-0.097083657111341,3.9648809655958472,-0.443765249761777,1.3252658108350823
95.0,204.0,129.9021453857422,-0.039552792395828,2.6822143353780614,-4.1169566169967045,-3.6791927617611178,-1.9264592489769463,1.3386445615496678,-0.0970836571113394,3.9648997371420216,-0.4437652497824071,1.325265810836714
95.0,204.0,129.9021453857422,-0.0395527934765106,2.682214318649506,-4.116956616998957,-3.679192761965803,-1.9264592489768784,1.3386445612554096,-0.0970836571114442,3.964050648682033,-0.4437652500347662,1.325265810834999
95.0,204.0,129.90216064453125,-0.0395527925465755,2.6822143186654066,-4.116956616996778,-3.6791927618307887,-1.926459248975728,1.3386445554395832,-0.0970836571113964,3.9640151903235856,-0.4437652500543279,1.3252658108366768
95.0,204.0,129.90216064453125,-0.0395527925465755,2.6822143186654066,-4.116956616996658,-3.6791927618307887,-1.926459248975728,1.3386445554504438,-0.0970836571113964,3.9640151903235856,-0.4437652500523166,1.3252658108366768
95.0,204.0,129.90216064453125,-0.0395527659064035,2.6822143190866603,-4.11695661699895,-3.679192761855679,-1.9264592489757857,1.3386445550186743,-0.0970836571096835,3.9640163185688686,-0.4437652497756961,1.3252658108361832
95.0,204.0,129.90216064453125,-0.0395527675427822,2.6822143380992856,-4.116956616996778,-3.679192761828469,-1.926459248975728,1.3386445554477664,-0.0970836571113979,3.9640151903235856,-0.4437652500543279,1.3252658108366768
95.0,204.0,129.90216064453125,-0.0395527659064035,2.6822143190866603,-4.116956616998951,-3.679192761852887,-1.9264592489769456,1.33864455519649,-0.0970836571096756,3.9640163185688686,-0.4437652497756961,1.3252658108361832
95.0,204.0,129.90216064453125,-0.0395527935234108,2.682214338328172,-4.116956616996657,-3.679192761954572,-1.92645924897735,1.338644554962944,-0.0970836571114928,3.964015721326725,-0.4437652500523374,1.3252658108027426
95.0,204.0,129.90216064453125,-0.0395527659064035,2.6822143190866603,-4.11695661699895,-3.679192761855679,-1.9264592489757857,1.3386445550186743,-0.0970836571096835,3.9640163185688686,-0.4437652497756961,1.3252658108361832
95.0,204.0,129.90216064453125,-0.0395527925465755,2.682214318676428,-4.116956616996829,-3.679192761958297,-1.926459248975728,1.3386445554395832,-0.0970836571113446,3.9640151903235856,-0.4437652500503106,1.3252658108366768
95.0,204.0,129.90216064453125,-0.0395527925465755,2.6822143186654066,-4.116956616996778,-3.679192761952142,-1.926459248977357,1.3386445554395832,-0.0970836571113964,3.964014513137167,-0.4437652500524087,1.3252658108366768
95.0,204.0,129.90216064453125,-0.0395527675427822,2.6822143380992856,-4.116956616996778,-3.679192761828469,-1.926459248975728,1.3386445554477664,-0.0970836571113979,3.9640151903235856,-0.4437652500543279,1.3252658108366768
95.0,204.0,129.90216064453125,-0.0395527935252951,2.682214337404437,-4.116956616996649,-3.679192761832144,-1.9264592489756924,1.3386445550340098,-0.0970836571114958,3.964015358536957,-0.4437652500523715,1.3252658108027993
95.0,204.0,129.90216064453125,-0.0395527935323707,2.6822143186498737,-4.116956616996791,-3.679192761953057,-1.9264592489773564,1.3386445549642296,-0.0970836571113922,3.964015721326725,-0.4437652500523374,1.3252658108027426
95.0,204.0,129.9021759033203,-0.039552792395619,2.682214334813237,-4.116956616998998,-3.6791927617611178,-1.9264592489769463,1.338644561326691,-0.097083657111341,3.9649204308273474,-0.4437652497817866,1.3252658108350823
95.0,204.0,129.9021759033203,-0.0395527934254734,2.682214334813237,-4.116956616998998,-3.6791927617611178,-1.9264592489769463,1.338644561326691,-0.097083657111341,3.9649204308273474,-0.4437652497817866,1.3252658108350823
95.0,204.0,129.9021759033203,-0.0395527924110139,2.682214334813237,-4.116956616998768,-3.679192761965421,-1.9264592489769463,1.338644561326691,-0.097083657111341,3.9649204308273474,-0.4437652499615008,1.3252658108350823
95.0,204.0,129.9021759033203,-0.0395527934254734,2.682214334813237,-4.116956616998998,-3.6791927617611178,-1.9264592489769463,1.338644561326691,-0.097083657111341,3.9649204308273474,-0.4437652497817866,1.3252658108350823
95.0,204.0,129.9021759033203,-0.0395527934774975,2.682214319008952,-4.116956616998948,-3.67919276196364,-1.92645924897694,1.338644561326691,-0.097083657111341,3.964921718902744,-0.4437652497630325,1.3252658108350823
95.0,204.0,129.9021759033203,-0.0395527934254734,2.682214335436862,-4.116956616998927,-3.6791927617611178,-1.9264592489769463,1.3386445613244118,-0.097083657111341,3.9649204308273474,-0.4437652497633219,1.325265810835025
95.0,204.0,129.90219116210938,-0.0395527935234108,2.6822143186670955,-4.1169566169966565,-3.679192761954572,-1.92645924897735,1.3386445612827031,-0.0970836571096847,3.963983553153801,-0.4437652499631799,1.3252658108076882
95.0,204.0,129.90219116210938,-0.0395527932985534,2.68221431866777,-4.1169566169966565,-3.679192761954572,-1.92645924897735,1.3386445612827031,-0.0970836571096847,3.9639967455028247,-0.4437652499631799,1.3252658108076882
95.0,204.0,129.90219116210938,-0.0395527935234108,2.6822143200188244,-4.1169566169966565,-3.679192761954572,-1.92645924897735,1.338644554962944,-0.0970836571114928,3.963983553153801,-0.4437652500523715,1.3252658108027426
95.0,204.0,129.90219116210938,-0.0395527932985534,2.68221431866777,-4.1169566169966565,-3.679192761954572,-1.92645924897735,1.3386445612827031,-0.0970836571096847,3.963983543459936,-0.4437652499631799,1.3252658108076882
95.0,204.0,129.90219116210938,-0.0395527935234108,2.6822143200188244,-4.1169566169966565,-3.679192761954572,-1.92645924897735,1.338644554962944,-0.0970836571114928,3.963983553153801,-0.4437652500523715,1.3252658108027426
95.0,205.0,129.90086364746094,-0.0395527925425378,2.6822143186654066,-4.116956616996778,-3.679192761831072,-1.926459248975728,1.33864455506639,-0.0970836571114132,3.963983790136609,-0.4437652500450242,1.3211166415295506
95.0,205.0,129.90135192871094,-0.039552792395828,2.6822143353780614,-4.1169566169967045,-3.6791927617608335,-1.9264592489769463,1.3386445551444572,-0.0970836571113406,3.964877316523165,-0.4437652500544329,1.3251295542317183
95.0,205.0,129.9014129638672,-0.0395527937181807,2.68221431840773,-4.116956616998932,-3.679192762030548,-1.9264592489774024,1.3386445612827031,-0.0970836571096847,3.9640266340910375,-0.4437652499642651,1.3209927031705164
95.0,205.0,129.90151977539062,-0.0395527925425378,2.6822143186654066,-4.116956616996778,-3.6791927618307887,-1.926459248975728,1.33864455506639,-0.0970836571114144,3.963983790136609,-0.4437652500543279,1.3209803849245552
95.0,205.0,129.90164184570312,-0.0395527937088015,2.682214319639311,-4.116956616998932,-3.679192762030548,-1.9264592489774008,1.3386445612827031,-0.0970836571096847,3.9640266340910375,-0.4437652499642651,1.3209480892262608
95.0,205.0,129.9018096923828,-0.0395527934765106,2.6822143186484744,-4.116956616999104,-3.6791927590360896,-1.926459248976889,1.338644561255625,-0.0970836571114442,3.964836245376077,-0.4437652499379062,1.3252123032579266
95.0,205.0,129.90187072753906,-0.0395527934662339,2.6822143196169086,-4.116956616998998,-3.679192761963951,-1.926459248976938,1.338644561257904,-0.097083657111338,3.964878922115921,-0.4437652497814973,1.3252211968908276
95.0,205.0,129.90196228027344,-0.0395527937088015,2.682214319639311,-4.116956616999111,-3.679192759102557,-1.92645924897735,1.3386445612827031,-0.0970836571096847,3.963983957351193,-0.4437652499642651,1.3208945816491615
95.0,205.0,129.90196228027344,-0.0395527937088015,2.682214319640826,-4.116956616999109,-3.679192761996119,-1.926459248976914,1.3386445612827031,-0.0970836571115301,3.963983957351193,-0.4437652499642651,1.3208945816491615
95.0,205.0,129.90208435058594,-0.039552764764507,2.682214335167035,-4.116956616999064,-3.679192761831899,-1.926459248977376,1.338644561281238,-0.0970836571113387,3.964810071295069,-0.4437652497814618,1.3252658108075135
95.0,205.0,129.90208435058594,-0.039552792335601,2.682214319008952,-4.116956616998948,-3.679192761963951,-1.92645924897694,1.338644561326691,-0.097083657111341,3.9648065486814255,-0.4437652500202325,1.3252658108350823
95.0,205.0,129.90208435058594,-0.0395527923691522,2.682214319008952,-4.116956616998927,-3.679192761963951,-1.92645924897694,1.3386445613278106,-0.097083657111341,3.9648065486814255,-0.443765249761777,1.3252658108350823
95.0,205.0,129.90208435058594,-0.039552764764507,2.682214335167035,-4.116956616999064,-3.679192761831899,-1.926459248977376,1.338644561281238,-0.0970836571113387,3.964810071295069,-0.4437652497814618,1.3252658108075135
95.0,205.0,129.90208435058594,-0.039552764764507,2.6822143375706764,-4.116956616999064,-3.679192761831899,-1.926459248977376,1.3386445612826203,-0.0970836571113387,3.964800885969185,-0.4437652497814618,1.3252658108075135
95.0,205.0,129.90208435058594,-0.039552792335601,2.682214319008952,-4.116956616998948,-3.679192761963951,-1.92645924897694,1.338644561326691,-0.097083657111341,3.9648065486814255,-0.4437652500202325,1.3252658108350823
95.0,205.0,129.90208435058594,-0.039552792335601,2.682214319008952,-4.116956616998946,-3.679192761963951,-1.92645924897694,1.338644561326691,-0.097083657111341,3.9648065486814255,-0.4437652497777589,1.3252658108350823
95.0,205.0,129.90208435058594,-0.0395527656828699,2.682214335167035,-4.116956616999056,-3.6791927618307367,-1.926459248977376,1.338644561281238,-0.0970836571113387,3.964810071295069,-0.4437652497814618,1.325265810808412
95.0,205.0,129.90208435058594,-0.0395527658230343,2.682214335200651,-4.116956616999064,-3.679192761831899,-1.9264592489768937,1.3386445613267868,-0.0970836571113387,3.964810071295069,-0.4437652497814618,1.3252658108075135
95.0,205.0,129.90211486816406,-0.0395527934774975,2.682214319008952,-4.116956616998948,-3.679192761963951,-1.92645924897694,1.338644561326691,-0.097083657111341,3.964878922115921,-0.4437652497630325,1.3252658108350823
95.0,205.0,129.90211486816406,-0.0395527934443995,2.682214319008952,-4.116956616998998,-3.679192761963951,-1.92645924897694,1.3386445551849655,-0.097083657111341,3.964878922115921,-0.4437652500509005,1.3252658108351232
95.0,205.0,129.90211486816406,-0.0395527934756132,2.682214319008952,-4.116956616998926,-3.679192761963951,-1.92645924897694,1.338644561255625,-0.097083657111338,3.964878922115921,-0.4437652497630325,1.325265810835026
95.0,205.0,129.90211486816406,-0.0395527934765106,2.6822143186484744,-4.116956616998926,-3.679192761964081,-1.92645924897694,1.338644561255625,-0.0970836571114442,3.964878922115921,-0.4437652499379062,1.325265810835026
95.0,205.0,129.90211486816406,-0.0395527924106836,2.682214337389272,-4.116956616996651,-3.679192761960149,-1.92645924897735,1.3386445612827031,-0.0970836571096847,3.963983514312105,-0.4437652499633175,1.3208649011541158
95.0,205.0,129.90211486816406,-0.0395527934443995,2.682214318997932,-4.116956616998946,-3.679192761836443,-1.92645924897694,1.3386445551849655,-0.0970836571113927,3.964878922115921,-0.4437652500549179,1.3252658108351232
95.0,205.0,129.90211486816406,-0.0395527936056362,2.682214319008952,-4.1169566169991,-3.679192761965545,-1.9264592489769257,1.338644561326691,-0.0970836571113924,3.964878922115921,-0.4437652497630325,1.3252658108350823
95.0,205.0,129.90211486816406,-0.0395527934764627,2.6822143186484744,-4.116956616998926,-3.6791927619639417,-1.92645924897694,1.338644561255625,-0.0970836571114442,3.964878922115921,-0.4437652499379062,1.325265810835026
95.0,205.0,129.90211486816406,-0.0395527934354396,2.6822143386762294,-4.116956616998814,-3.679192761837957,-1.9264592489769328,1.33864455518368,-0.0970836571114933,3.964878922115921,-0.4437652500549179,1.3252658108351232
95.0,205.0,129.90211486816406,-0.0395527934254734,2.682214334813237,-4.116956616998998,-3.679192761761429,-1.9264592489769463,1.338644561326691,-0.097083657111341,3.964877634040525,-0.4437652497817866,1.3252658108350823
95.0,205.0,129.90211486816406,-0.0395527934756132,2.682214319008952,-4.116956616998926,-3.679192761960445,-1.9264592489758017,1.338644561255625,-0.097083657111338,3.964878922115921,-0.4437652500259163,1.325265810835026
95.0,205.0,129.90211486816406,-0.039552792395828,2.6822143353780614,-4.1169566169967045,-3.6791927617611178,-1.9264592489769463,1.3386445551444572,-0.0970836571113394,3.964877316523165,-0.4437652500451293,1.325265810836714
95.0,205.0,129.90211486816406,-0.0395527934443995,2.682214319008952,-4.116956616998998,-3.679192761963951,-1.92645924897694,1.3386445614689717,-0.097083657111341,3.964875877250493,-0.4437652500509005,1.3252658108350823
95.0,205.0,129.90211486816406,-0.0395527934756132,2.6822143183853275,-4.116956616998998,-3.679192761963951,-1.92645924897694,1.338644561257904,-0.097083657111338,3.964878922115921,-0.4437652497814973,1.3252658108350832
95.0,205.0,129.90211486816406,-0.0395527934891449,2.682214319005087,-4.116956616998926,-3.6791927619640896,-1.92645924897694,1.338644561255625,-0.0970836571114442,3.964878922115921,-0.4437652500249521,1.3252658108350224
95.0,205.0,129.90211486816406,-0.0395527934254734,2.682214334813237,-4.116956616999,-3.679192761761429,-1.9264592489769463,1.338644561326691,-0.097083657111341,3.964877634040525,-0.4437652500242602,1.3252658108350823
95.0,205.0,129.90211486816406,-0.0395527933468333,2.68221433812116,-4.116956616998814,-3.6791927618383458,-1.9264592489769068,1.33864455518368,-0.0970836571113938,3.964878922115921,-0.4437652500549179,1.3252658108351232
95.0,205.0,129.90211486816406,-0.0395527934756132,2.682214319627389,-4.116956616998926,-3.679192761830098,-1.9264592489757453,1.338644561255625,-0.097083657111338,3.964878922115921,-0.4437652497882151,1.3252658108373572
95.0,205.0,129.90211486816406,-0.0395527936079131,2.682214319008952,-4.1169566169991,-3.679192761965598,-1.926459248976939,1.3386445612568625,-0.0970836571113922,3.964878922115921,-0.4437652497808349,1.3252658108350823
95.0,205.0,129.90211486816406,-0.0395527934733362,2.6822143183853275,-4.116956616998998,-3.679192761963898,-1.9264592489769263,1.338644561327733,-0.0970836571113381,3.964878922115921,-0.4437652497636948,1.3252658108350832
95.0,205.0,129.90213012695312,-0.0395527923726833,2.682214319008952,-4.116956616998923,-3.679192761963951,-1.92645924897694,1.3386445613277904,-0.097083657111341,3.9648809655958472,-0.443765249761777,1.3252658108350823
95.0,205.0,129.90213012695312,-0.039552791314156,2.6822143189753365,-4.116956616998923,-3.679192761963951,-1.9264592489774224,1.3386445612822415,-0.097083657111341,3.9648809655958472,-0.443765249761777,1.3252658108350823
95.0,205.0,129.90213012695312,-0.0395527919874784,2.682214319008952,-4.116956616999059,-3.679192761963951,-1.92645924897694,1.3386445612802995,-0.097083657111341,3.9648809655958472,-0.443765249761777,1.3252658108350823
95.0,205.0,129.9021453857422,-0.039552792395828,2.6822143353780614,-4.1169566169967045,-3.6791927617611178,-1.9264592489769463,1.3386445615496678,-0.0970836571113394,3.9648997371420216,-0.4437652497824071,1.325265810836714
95.0,205.0,129.9021453857422,-0.0395527934765106,2.682214318649506,-4.116956616998957,-3.679192761965803,-1.9264592489768784,1.3386445612554096,-0.0970836571114442,3.964050648682033,-0.4437652500347662,1.325265810834999
95.0,205.0,129.9021453857422,-0.0395527659064035,2.682214318655667,-4.11695661699895,-3.679192761855679,-1.9264592489757857,1.338644554138103,-0.0970836571097851,3.964048811561567,-0.4437652497847803,1.325265810834995
95.0,205.0,129.90216064453125,-0.0395527925465755,2.6822143186654066,-4.116956616996778,-3.6791927618307887,-1.926459248975728,1.3386445554395832,-0.0970836571113964,3.9640151903235856,-0.4437652500543279,1.3252658108366768
95.0,205.0,129.90216064453125,-0.0395527925465755,2.6822143186654066,-4.116956616996658,-3.6791927618307887,-1.926459248975728,1.3386445554504438,-0.0970836571113964,3.9640151903235856,-0.4437652500523166,1.3252658108366768
95.0,205.0,129.90216064453125,-0.0395527659064035,2.6822143190866603,-4.11695661699895,-3.679192761855679,-1.9264592489757857,1.3386445550186743,-0.0970836571096835,3.9640163185688686,-0.4437652497756961,1.3252658108361832
95.0,205.0,129.90216064453125,-0.0395527675427822,2.6822143380992856,-4.116956616996778,-3.679192761828469,-1.926459248975728,1.3386445554477664,-0.0970836571113979,3.9640151903235856,-0.4437652500543279,1.3252658108366768
95.0,205.0,129.90216064453125,-0.0395527659064035,2.6822143190866603,-4.116956616998951,-3.679192761852887,-1.9264592489769456,1.33864455519649,-0.0970836571096756,3.9640163185688686,-0.4437652497756961,1.3252658108361832
95.0,205.0,129.90216064453125,-0.0395527935234108,2.682214338328172,-4.116956616996657,-3.679192761954572,-1.92645924897735,1.338644554962944,-0.0970836571114928,3.964015721326725,-0.4437652500523374,1.3252658108027426
95.0,206.0,129.9004364013672,-0.0395527934662339,2.682214319631399,-4.116956616998998,-3.6791927619625135,-1.926459248977404,1.338644561257904,-0.097083657111338,3.964878922115921,-0.4437652497659767,1.3211866554986853
95.0,206.0,129.90066528320312,-0.0395527937181807,2.68221431839324,-4.116956616998932,-3.679192762031985,-1.9264592489769363,1.3386445612827031,-0.0970836571096847,3.9640266340910375,-0.4437652499797858,1.3250272445626587
95.0,206.0,129.90086364746094,-0.0395527925425378,2.6822143186654066,-4.116956616996778,-3.679192761831072,-1.926459248975728,1.33864455506639,-0.0970836571114132,3.963983790136609,-0.4437652500450242,1.3211166415295506
95.0,206.0,129.9012451171875,-0.039552792335601,2.682214319013311,-4.116956616998948,-3.679192761963951,-1.9264592489769268,1.338644561326691,-0.0970836571113414,3.9648065486814255,-0.4437652500202325,1.3210144827744976
95.0,206.0,129.90135192871094,-0.039552792395828,2.6822143353780614,-4.1169566169967045,-3.6791927617608335,-1.9264592489769463,1.3386445551444572,-0.0970836571113406,3.964877316523165,-0.4437652500544329,1.3251295542317183
95.0,206.0,129.90135192871094,-0.039552792395828,2.68221433816255,-4.1169566169967045,-3.6791927618364624,-1.9264592489769048,1.3386445551444572,-0.0970836571113406,3.964877316523165,-0.4437652500544329,1.3251295542317183
95.0,206.0,129.9014129638672,-0.0395527937181807,2.68221431840773,-4.116956616998932,-3.679192762030548,-1.9264592489774024,1.3386445612827031,-0.0970836571096847,3.9640266340910375,-0.4437652499642651,1.3209927031705164
95.0,206.0,129.9014434814453,-0.0395527937181807,2.682214318427351,-4.116956616998932,-3.679192762035549,-1.9264592489774024,1.3386445612827031,-0.0970836571096847,3.9639943361544887,-0.4437652499642651,1.3209927031705164
95.0,206.0,129.90151977539062,-0.0395527925425378,2.6822143186654066,-4.116956616996778,-3.6791927618307887,-1.926459248975728,1.33864455506639,-0.0970836571114144,3.963983790136609,-0.4437652500543279,1.3209803849245552
95.0,206.0,129.9015655517578,-0.0395527934843246,2.682214319639311,-4.116956616998932,-3.679192762030548,-1.9264592489774008,1.3386445612859652,-0.0970836571096847,3.964841800174909,-0.4437652499642651,1.3209480892262608
95.0,206.0,129.90164184570312,-0.0395527937088015,2.682214319639311,-4.116956616998932,-3.679192762030548,-1.9264592489774008,1.3386445612827031,-0.0970836571096847,3.9640266340910375,-0.4437652499642651,1.3209480892262608
95.0,206.0,129.9018096923828,-0.0395527934765106,2.6822143186484744,-4.116956616999104,-3.6791927590360896,-1.926459248976889,1.338644561255625,-0.0970836571114442,3.964836245376077,-0.4437652499379062,1.3252123032579266
95.0,206.0,129.9018096923828,-0.0395527934765106,2.6822143186484744,-4.116956616999104,-3.6791927590360896,-1.926459248976889,1.338644561255625,-0.0970836571114552,3.9648377048094536,-0.4437652499379062,1.3252123032579266
95.0,206.0,129.90187072753906,-0.0395527934662339,2.6822143196169086,-4.116956616998998,-3.679192761963951,-1.926459248976938,1.338644561257904,-0.097083657111338,3.964878922115921,-0.4437652497814973,1.3252211968908276
95.0,206.0,129.90194702148438,-0.0395527937087878,2.6822143186572367,-4.116956616999178,-3.679192759102557,-1.92645924897732,1.3386445548614456,-0.0970836571096847,3.963983789503344,-0.4437652500465111,1.3208973334841303
95.0,206.0,129.90194702148438,-0.039552793709344,2.682214319575686,-4.116956616999172,-3.679192762000347,-1.9264592489768864,1.3386445611711286,-0.0970836571115306,3.963983790136609,-0.4437652500543279,1.3208955905218591
95.0,206.0,129.90196228027344,-0.0395527937088015,2.682214319639311,-4.116956616999111,-3.679192759102557,-1.92645924897735,1.3386445612827031,-0.0970836571096847,3.963983957351193,-0.4437652499642651,1.3208945816491615
95.0,206.0,129.90196228027344,-0.0395527937088015,2.682214319640826,-4.116956616999109,-3.679192761996119,-1.926459248976914,1.3386445612827031,-0.0970836571115301,3.963983957351193,-0.4437652499642651,1.3208945816491615
95.0,206.0,129.90196228027344,-0.0395527937763051,2.6822143190356327,-4.116956616999109,-3.6791927619958233,-1.926459248976914,1.3386445612827031,-0.097083657111351,3.963983957351193,-0.4437652499642651,1.3208945816491615
95.0,206.0,129.90208435058594,-0.039552764764507,2.682214335167035,-4.116956616999064,-3.679192761831899,-1.926459248977376,1.338644561281238,-0.0970836571113387,3.964810071295069,-0.4437652497814618,1.3252658108075135
95.0,206.0,129.90208435058594,-0.039552792335601,2.682214319008952,-4.116956616998948,-3.679192761963951,-1.92645924897694,1.338644561326691,-0.097083657111341,3.9648065486814255,-0.4437652500202325,1.3252658108350823
95.0,206.0,129.90208435058594,-0.0395527923691522,2.682214319008952,-4.116956616998927,-3.679192761963951,-1.92645924897694,1.3386445613278106,-0.097083657111341,3.9648065486814255,-0.443765249761777,1.3252658108350823
95.0,206.0,129.90208435058594,-0.039552764764507,2.682214335167035,-4.116956616999064,-3.679192761831899,-1.926459248977376,1.338644561281238,-0.0970836571113387,3.964810071295069,-0.4437652497814618,1.3252658108075135
95.0,206.0,129.90208435058594,-0.039552764764507,2.6822143375706764,-4.116956616999064,-3.679192761831899,-1.926459248977376,1.3386445612826203,-0.0970836571113387,3.964800885969185,-0.4437652497814618,1.3252658108075135
95.0,206.0,129.90208435058594,-0.039552792335601,2.682214319008952,-4.116956616998948,-3.679192761963951,-1.92645924897694,1.338644561326691,-0.097083657111341,3.9648065486814255,-0.4437652500202325,1.3252658108350823
95.0,206.0,129.90208435058594,-0.039552792335601,2.682214319008952,-4.116956616998946,-3.679192761963951,-1.92645924897694,1.338644561326691,-0.097083657111341,3.9648065486814255,-0.4437652497777589,1.3252658108350823
95.0,206.0,129.90208435058594,-0.0395527656828699,2.682214335167035,-4.116956616999056,-3.6791927618307367,-1.926459248977376,1.338644561281238,-0.0970836571113387,3.964810071295069,-0.4437652497814618,1.325265810808412
95.0,206.0,129.90208435058594,-0.0395527658230343,2.682214335200651,-4.116956616999064,-3.679192761831899,-1.9264592489768937,1.3386445613267868,-0.0970836571113387,3.964810071295069,-0.4437652497814618,1.3252658108075135
95.0,206.0,129.90208435058594,-0.039552792335601,2.682214335757748,-4.116956616998948,-3.679192761838728,-1.9264592489769063,1.338644561326691,-0.0970836571113942,3.9648065486814255,-0.4437652500202325,1.3252658108350823
95.0,206.0,129.90208435058594,-0.0395527923336399,2.682214319008952,-4.116956616998927,-3.679192761747825,-1.92645924897694,1.33864456132669,-0.097083657111341,3.964805656187444,-0.4437652497809862,1.3252658108350823
95.0,206.0,129.90208435058594,-0.039552764764507,2.6822143375706764,-4.116956616999064,-3.679192761831899,-1.926459248977376,1.3386445612826203,-0.0970836571113387,3.964800885969185,-0.4437652497814618,1.3252658108075135
95.0,206.0,129.90208435058594,-0.039552764764507,2.682214335167035,-4.116956616999064,-3.679192761831899,-1.926459248977376,1.338644561281238,-0.0970836571113387,3.964810071295069,-0.4437652497814618,1.3252658108075135
95.0,206.0,129.90211486816406,-0.0395527934774975,2.682214319008952,-4.116956616998948,-3.679192761963951,-1.92645924897694,1.338644561326691,-0.097083657111341,3.964878922115921,-0.4437652497630325,1.3252658108350823
95.0,206.0,129.90211486816406,-0.0395527934443995,2.682214319008952,-4.116956616998998,-3.679192761963951,-1.92645924897694,1.3386445551849655,-0.097083657111341,3.964878922115921,-0.4437652500509005,1.3252658108351232
95.0,206.0,129.90211486816406,-0.0395527934756132,2.682214319008952,-4.116956616998926,-3.679192761963951,-1.92645924897694,1.338644561255625,-0.097083657111338,3.964878922115921,-0.4437652497630325,1.325265810835026
95.0,206.0,129.90211486816406,-0.0395527934765106,2.6822143186484744,-4.116956616998926,-3.679192761964081,-1.92645924897694,1.338644561255625,-0.0970836571114442,3.964878922115921,-0.4437652499379062,1.325265810835026
95.0,206.0,129.90211486816406,-0.0395527924106836,2.682214337389272,-4.116956616996651,-3.679192761960149,-1.92645924897735,1.3386445612827031,-0.0970836571096847,3.963983514312105,-0.4437652499633175,1.3208649011541158
95.0,206.0,129.90211486816406,-0.0395527934443995,2.682214318997932,-4.116956616998946,-3.679192761836443,-1.92645924897694,1.3386445551849655,-0.0970836571113927,3.964878922115921,-0.4437652500549179,1.3252658108351232
95.0,206.0,129.90211486816406,-0.0395527936056362,2.682214319008952,-4.1169566169991,-3.679192761965545,-1.9264592489769257,1.338644561326691,-0.0970836571113924,3.964878922115921,-0.4437652497630325,1.3252658108350823
95.0,206.0,129.90211486816406,-0.0395527934764627,2.6822143186484744,-4.116956616998926,-3.6791927619639417,-1.92645924897694,1.338644561255625,-0.0970836571114442,3.964878922115921,-0.4437652499379062,1.325265810835026
95.0,206.0,129.90211486816406,-0.0395527934354396,2.6822143386762294,-4.116956616998814,-3.679192761837957,-1.9264592489769328,1.33864455518368,-0.0970836571114933,3.964878922115921,-0.4437652500549179,1.3252658108351232
95.0,206.0,129.90211486816406,-0.0395527934254734,2.682214334813237,-4.116956616998998,-3.679192761761429,-1.9264592489769463,1.338644561326691,-0.097083657111341,3.964877634040525,-0.4437652497817866,1.3252658108350823
95.0,206.0,129.90211486816406,-0.0395527934756132,2.682214319008952,-4.116956616998926,-3.679192761960445,-1.9264592489758017,1.338644561255625,-0.097083657111338,3.964878922115921,-0.4437652500259163,1.325265810835026
95.0,206.0,129.90211486816406,-0.039552792395828,2.6822143353780614,-4.1169566169967045,-3.6791927617611178,-1.9264592489769463,1.3386445551444572,-0.0970836571113394,3.964877316523165,-0.4437652500451293,1.325265810836714
95.0,206.0,129.90211486816406,-0.0395527934443995,2.682214319008952,-4.116956616998998,-3.679192761963951,-1.92645924897694,1.3386445614689717,-0.097083657111341,3.964875877250493,-0.4437652500509005,1.3252658108350823
95.0,206.0,129.90211486816406,-0.0395527934756132,2.6822143183853275,-4.116956616998998,-3.679192761963951,-1.92645924897694,1.338644561257904,-0.097083657111338,3.964878922115921,-0.4437652497814973,1.3252658108350832
95.0,206.0,129.90211486816406,-0.0395527934891449,2.682214319005087,-4.116956616998926,-3.6791927619640896,-1.92645924897694,1.338644561255625,-0.0970836571114442,3.964878922115921,-0.4437652500249521,1.3252658108350224
95.0,206.0,129.90211486816406,-0.0395527934254734,2.682214334813237,-4.116956616999,-3.679192761761429,-1.9264592489769463,1.338644561326691,-0.097083657111341,3.964877634040525,-0.4437652500242602,1.3252658108350823
95.0,206.0,129.90211486816406,-0.0395527933468333,2.68221433812116,-4.116956616998814,-3.6791927618383458,-1.9264592489769068,1.33864455518368,-0.0970836571113938,3.964878922115921,-0.4437652500549179,1.3252658108351232
95.0,206.0,129.90211486816406,-0.0395527934756132,2.682214319627389,-4.116956616998926,-3.679192761830098,-1.9264592489757453,1.338644561255625,-0.097083657111338,3.964878922115921,-0.4437652497882151,1.3252658108373572
95.0,207.0,129.9004364013672,-0.0395527934662339,2.682214319631399,-4.116956616998998,-3.6791927619625135,-1.926459248977404,1.338644561257904,-0.097083657111338,3.964878922115921,-0.4437652497659767,1.3211866554986853
95.0,207.0,129.90066528320312,-0.0395527937181807,2.68221431839324,-4.116956616998932,-3.679192762031985,-1.9264592489769363,1.3386445612827031,-0.0970836571096847,3.9640266340910375,-0.4437652499797858,1.3250272445626587
95.0,207.0,129.90066528320312,-0.0395527937181807,2.68221431839324,-4.116956616998932,-3.679192762031985,-1.9264592489769363,1.3386445612827031,-0.0970836571096847,3.9640266340910375,-0.4437652499797858,1.3250272445626587
95.0,207.0,129.90066528320312,-0.0395527937181807,2.68221431839324,-4.116956616998932,-3.679192762031201,-1.9264592489769363,1.3386445612827031,-0.0970836571096847,3.9640266340910375,-0.4437652500597926,1.3250272445626587
95.0,207.0,129.90086364746094,-0.0395527925425378,2.6822143186654066,-4.116956616996778,-3.679192761831072,-1.926459248975728,1.33864455506639,-0.0970836571114132,3.963983790136609,-0.4437652500450242,1.3211166415295506
95.0,207.0,129.9012451171875,-0.039552792335601,2.682214319013311,-4.116956616998948,-3.679192761963951,-1.9264592489769268,1.338644561326691,-0.0970836571113414,3.9648065486814255,-0.4437652500202325,1.3210144827744976
95.0,207.0,129.9013214111328,-0.0395527924253655,2.682214317951748,-4.116956616999202,-3.6791927617608335,-1.9264592489769483,1.3386445612806468,-0.0970836571113406,3.9648370704487577,-0.4437652499376157,1.3251295542317183
95.0,207.0,129.90135192871094,-0.039552792395828,2.6822143353780614,-4.1169566169967045,-3.6791927617608335,-1.9264592489769463,1.3386445551444572,-0.0970836571113406,3.964877316523165,-0.4437652500544329,1.3251295542317183
95.0,207.0,129.90135192871094,-0.039552792395828,2.68221433816255,-4.1169566169967045,-3.6791927618364624,-1.9264592489769048,1.3386445551444572,-0.0970836571113406,3.964877316523165,-0.4437652500544329,1.3251295542317183
95.0,207.0,129.90135192871094,-0.039552792395828,2.68221433816255,-4.1169566169967045,-3.6791927618364624,-1.9264592489769048,1.3386445551444572,-0.0970836571113406,3.964877316523165,-0.4437652500544329,1.3251295542317183
95.0,207.0,129.90135192871094,-0.0395527923907221,2.6822143347187257,-4.1169566169967045,-3.679192761762928,-1.926459248975656,1.3386445551444572,-0.0970836571113406,3.964877316523165,-0.4437652500544329,1.3251295542317183
95.0,207.0,129.9013671875,-0.0395527934843246,2.682214319589966,-4.116956616998932,-3.679192762040015,-1.9264592489774008,1.3386445612812004,-0.0970836571096847,3.964809799575987,-0.4437652497771285,1.325138027530163
95.0,207.0,129.90139770507812,-0.03955279348222,2.682214319647513,-4.116956616998932,-3.679192761959308,-1.9264592489774024,1.3386445612827031,-0.0970836571096999,3.964880335228009,-0.4437652499642651,1.3209927031705164
95.0,207.0,129.9014129638672,-0.0395527937181807,2.68221431840773,-4.116956616998932,-3.679192762030548,-1.9264592489774024,1.3386445612827031,-0.0970836571096847,3.9640266340910375,-0.4437652499642651,1.3209927031705164
95.0,207.0,129.9014129638672,-0.039552793708929,2.68221431840773,-4.116956616999175,-3.679192761862079,-1.926459248977318,1.3386445612827031,-0.0970836571096847,3.964026693096737,-0.4437652499642651,1.3209927031705164
95.0,207.0,129.9014434814453,-0.0395527937181807,2.682214318427351,-4.116956616998932,-3.679192762035549,-1.9264592489774024,1.3386445612827031,-0.0970836571096847,3.9639943361544887,-0.4437652499642651,1.3209927031705164
95.0,207.0,129.90151977539062,-0.0395527925425378,2.6822143186654066,-4.116956616996778,-3.6791927618307887,-1.926459248975728,1.33864455506639,-0.0970836571114144,3.963983790136609,-0.4437652500543279,1.3209803849245552
95.0,207.0,129.90151977539062,-0.0395527925425378,2.6822143186654066,-4.116956616996778,-3.6791927618307887,-1.926459248975728,1.33864455506639,-0.0970836571114144,3.963983790136609,-0.4437652500543279,1.3209803849245552
95.0,207.0,129.90151977539062,-0.0395527925425378,2.6822143186654066,-4.116956616996778,-3.6791927618307887,-1.926459248975728,1.33864455506639,-0.0970836571114144,3.963983790136609,-0.4437652500543279,1.3209803849245552
95.0,207.0,129.9015655517578,-0.0395527934843246,2.682214319639311,-4.116956616998932,-3.679192762030548,-1.9264592489774008,1.3386445612859652,-0.0970836571096847,3.964841800174909,-0.4437652499642651,1.3209480892262608
95.0,207.0,129.9015655517578,-0.0395527934843246,2.682214319639311,-4.116956616998932,-3.679192762030548,-1.9264592489774008,1.3386445612859652,-0.0970836571096847,3.964841800174909,-0.4437652499642651,1.3209480892262608
95.0,207.0,129.90164184570312,-0.0395527937088015,2.682214319639311,-4.116956616998932,-3.679192762030548,-1.9264592489774008,1.3386445612827031,-0.0970836571096847,3.9640266340910375,-0.4437652499642651,1.3209480892262608
95.0,207.0,129.9018096923828,-0.0395527934765106,2.6822143186484744,-4.116956616999104,-3.6791927590360896,-1.926459248976889,1.338644561255625,-0.0970836571114442,3.964836245376077,-0.4437652499379062,1.3252123032579266
95.0,207.0,129.9018096923828,-0.0395527934765106,2.6822143186484744,-4.116956616999104,-3.6791927590360896,-1.926459248976889,1.338644561255625,-0.0970836571114552,3.9648377048094536,-0.4437652499379062,1.3252123032579266
95.0,207.0,129.90182495117188,-0.0395527934469731,2.682214336074789,-4.116956616996607,-3.6791927590360896,-1.9264592489768868,1.3386445551194357,-0.0970836571114552,3.964877950883861,-0.4437652500547234,1.3252123032579266
95.0,207.0,129.90187072753906,-0.0395527934662339,2.6822143196169086,-4.116956616998998,-3.679192761963951,-1.926459248976938,1.338644561257904,-0.097083657111338,3.964878922115921,-0.4437652497814973,1.3252211968908276
95.0,207.0,129.90194702148438,-0.0395527937087878,2.6822143186572367,-4.116956616999178,-3.679192759102557,-1.92645924897732,1.3386445548614456,-0.0970836571096847,3.963983789503344,-0.4437652500465111,1.3208973334841303
95.0,207.0,129.90194702148438,-0.039552793709344,2.682214319575686,-4.116956616999172,-3.679192762000347,-1.9264592489768864,1.3386445611711286,-0.0970836571115306,3.963983790136609,-0.4437652500543279,1.3208955905218591
95.0,207.0,129.90196228027344,-0.0395527937088015,2.682214319639311,-4.116956616999111,-3.679192759102557,-1.92645924897735,1.3386445612827031,-0.0970836571096847,3.963983957351193,-0.4437652499642651,1.3208945816491615
95.0,207.0,129.90196228027344,-0.0395527937088015,2.682214319640826,-4.116956616999109,-3.679192761996119,-1.926459248976914,1.3386445612827031,-0.0970836571115301,3.963983957351193,-0.4437652499642651,1.3208945816491615
95.0,207.0,129.90196228027344,-0.0395527937763051,2.6822143190356327,-4.116956616999109,-3.6791927619958233,-1.926459248976914,1.3386445612827031,-0.097083657111351,3.963983957351193,-0.4437652499642651,1.3208945816491615
95.0,207.0,129.90196228027344,-0.0395527937088015,2.682214319640826,-4.116956616999109,-3.679192761996119,-1.926459248976914,1.3386445612827031,-0.0970836571115301,3.963983957351193,-0.4437652499642651,1.3208945816491615
95.0,207.0,129.90208435058594,-0.039552764764507,2.682214335167035,-4.116956616999064,-3.679192761831899,-1.926459248977376,1.338644561281238,-0.0970836571113387,3.964810071295069,-0.4437652497814618,1.3252658108075135
95.0,207.0,129.90208435058594,-0.039552792335601,2.682214319008952,-4.116956616998948,-3.679192761963951,-1.92645924897694,1.338644561326691,-0.097083657111341,3.9648065486814255,-0.4437652500202325,1.3252658108350823
95.0,207.0,129.90208435058594,-0.0395527923691522,2.682214319008952,-4.116956616998927,-3.679192761963951,-1.92645924897694,1.3386445613278106,-0.097083657111341,3.9648065486814255,-0.443765249761777,1.3252658108350823
95.0,207.0,129.90208435058594,-0.039552764764507,2.682214335167035,-4.116956616999064,-3.679192761831899,-1.926459248977376,1.338644561281238,-0.0970836571113387,3.964810071295069,-0.4437652497814618,1.3252658108075135
95.0,207.0,129.90208435058594,-0.039552764764507,2.6822143375706764,-4.116956616999064,-3.679192761831899,-1.926459248977376,1.3386445612826203,-0.0970836571113387,3.964800885969185,-0.4437652497814618,1.3252658108075135
95.0,207.0,129.90208435058594,-0.039552792335601,2.682214319008952,-4.116956616998948,-3.679192761963951,-1.92645924897694,1.338644561326691,-0.097083657111341,3.9648065486814255,-0.4437652500202325,1.3252658108350823
95.0,207.0,129.90208435058594,-0.039552792335601,2.682214319008952,-4.116956616998946,-3.679192761963951,-1.92645924897694,1.338644561326691,-0.097083657111341,3.9648065486814255,-0.4437652497777589,1.3252658108350823
95.0,207.0,129.90208435058594,-0.0395527656828699,2.682214335167035,-4.116956616999056,-3.6791927618307367,-1.926459248977376,1.338644561281238,-0.0970836571113387,3.964810071295069,-0.4437652497814618,1.325265810808412
95.0,207.0,129.90208435058594,-0.0395527658230343,2.682214335200651,-4.116956616999064,-3.679192761831899,-1.9264592489768937,1.3386445613267868,-0.0970836571113387,3.964810071295069,-0.4437652497814618,1.3252658108075135
95.0,207.0,129.90208435058594,-0.039552792335601,2.682214335757748,-4.116956616998948,-3.679192761838728,-1.9264592489769063,1.338644561326691,-0.0970836571113942,3.9648065486814255,-0.4437652500202325,1.3252658108350823
95.0,207.0,129.90208435058594,-0.0395527923336399,2.682214319008952,-4.116956616998927,-3.679192761747825,-1.92645924897694,1.33864456132669,-0.097083657111341,3.964805656187444,-0.4437652497809862,1.3252658108350823
95.0,207.0,129.90208435058594,-0.039552764764507,2.6822143375706764,-4.116956616999064,-3.679192761831899,-1.926459248977376,1.3386445612826203,-0.0970836571113387,3.964800885969185,-0.4437652497814618,1.3252658108075135
95.0,207.0,129.90208435058594,-0.039552764764507,2.682214335167035,-4.116956616999064,-3.679192761831899,-1.926459248977376,1.338644561281238,-0.0970836571113387,3.964810071295069,-0.4437652497814618,1.3252658108075135
95.0,207.0,129.90208435058594,-0.039552764764507,2.682214335167035,-4.116956616999064,-3.679192761831899,-1.926459248977376,1.338644561281238,-0.0970836571113387,3.964810071295069,-0.4437652497814618,1.3252658108075135
95.0,207.0,129.90208435058594,-0.0395527934254734,2.682214334813237,-4.116956616999007,-3.679192761761429,-1.9264592489769463,1.338644561326691,-0.097083657111341,3.964804697090738,-0.4437652500239257,1.3252658108350823
95.0,207.0,129.90211486816406,-0.0395527934774975,2.682214319008952,-4.116956616998948,-3.679192761963951,-1.92645924897694,1.338644561326691,-0.097083657111341,3.964878922115921,-0.4437652497630325,1.3252658108350823
95.0,207.0,129.90211486816406,-0.0395527934443995,2.682214319008952,-4.116956616998998,-3.679192761963951,-1.92645924897694,1.3386445551849655,-0.097083657111341,3.964878922115921,-0.4437652500509005,1.3252658108351232
95.0,207.0,129.90211486816406,-0.0395527934756132,2.682214319008952,-4.116956616998926,-3.679192761963951,-1.92645924897694,1.338644561255625,-0.097083657111338,3.964878922115921,-0.4437652497630325,1.325265810835026
95.0,208.0,129.9004364013672,-0.0395527934662339,2.682214319631399,-4.116956616998998,-3.6791927619625135,-1.926459248977404,1.338644561257904,-0.097083657111338,3.964878922115921,-0.4437652497659767,1.3211866554986853
95.0,208.0,129.90049743652344,-0.0395527934662339,2.68221431963913,-4.116956616998998,-3.6791927619625135,-1.926459248977349,1.338644561257904,-0.097083657111338,3.96490427556851,-0.4437652497397997,1.3211817743578271
95.0,208.0,129.90066528320312,-0.0395527937181807,2.68221431839324,-4.116956616998932,-3.679192762031985,-1.9264592489769363,1.3386445612827031,-0.0970836571096847,3.9640266340910375,-0.4437652499797858,1.3250272445626587
95.0,208.0,129.90066528320312,-0.0395527937181807,2.68221431839324,-4.116956616998932,-3.679192762031985,-1.9264592489769363,1.3386445612827031,-0.0970836571096847,3.9640266340910375,-0.4437652499797858,1.3250272445626587
95.0,208.0,129.90066528320312,-0.0395527937181807,2.68221431839324,-4.116956616998932,-3.679192762031201,-1.9264592489769363,1.3386445612827031,-0.0970836571096847,3.9640266340910375,-0.4437652500597926,1.3250272445626587
95.0,208.0,129.90066528320312,-0.0395527937181807,2.68221431839324,-4.116956616998932,-3.6791927620311657,-1.9264592489769363,1.3386445612827031,-0.0970836571096847,3.9640266340910375,-0.443765249981324,1.3250272445626587
95.0,208.0,129.90072631835938,-0.0395527923708443,2.68221431839324,-4.116956616999195,-3.679192762031985,-1.926459248976949,1.3386445612827509,-0.0970836571114462,3.963985446754644,-0.4437652499797858,1.3250294650641803
95.0,208.0,129.90086364746094,-0.0395527925425378,2.6822143186654066,-4.116956616996778,-3.679192761831072,-1.926459248975728,1.33864455506639,-0.0970836571114132,3.963983790136609,-0.4437652500450242,1.3211166415295506
95.0,208.0,129.90087890625,-0.0395527925425378,2.6822143186654066,-4.116956616996778,-3.679192761831074,-1.926459248975728,1.33864455506639,-0.0970836571114132,3.963983790136609,-0.4437652500450242,1.3211155539180268
95.0,208.0,129.90089416503906,-0.0395527925399258,2.68221433816255,-4.116956616996703,-3.679192761831066,-1.926459248976936,1.3386445551444572,-0.0970836571114124,3.964877316523165,-0.4437652500542786,1.3250620117098864
95.0,208.0,129.9012451171875,-0.039552792335601,2.682214319013311,-4.116956616998948,-3.679192761963951,-1.9264592489769268,1.338644561326691,-0.0970836571113414,3.9648065486814255,-0.4437652500202325,1.3210144827744976
95.0,208.0,129.9012451171875,-0.039552792335601,2.682214319013311,-4.116956616998931,-3.679192761963951,-1.9264592489769268,1.3386445612806992,-0.0970836571113951,3.9648065486814255,-0.4437652499641507,1.3210144827744976
95.0,208.0,129.9013214111328,-0.0395527924253655,2.682214317951748,-4.116956616999202,-3.6791927617608335,-1.9264592489769483,1.3386445612806468,-0.0970836571113406,3.9648370704487577,-0.4437652499376157,1.3251295542317183
95.0,208.0,129.90133666992188,-0.0395527937727019,2.682214317951748,-4.116956616998939,-3.6791927617608335,-1.926459248976936,1.338644561280599,-0.0970836571095791,3.964878257785152,-0.4437652499376157,1.325127333730197
95.0,208.0,129.90135192871094,-0.039552792395828,2.6822143353780614,-4.1169566169967045,-3.6791927617608335,-1.9264592489769463,1.3386445551444572,-0.0970836571113406,3.964877316523165,-0.4437652500544329,1.3251295542317183
95.0,208.0,129.90135192871094,-0.039552792395828,2.68221433816255,-4.1169566169967045,-3.6791927618364624,-1.9264592489769048,1.3386445551444572,-0.0970836571113406,3.964877316523165,-0.4437652500544329,1.3251295542317183
95.0,208.0,129.90135192871094,-0.039552792395828,2.68221433816255,-4.1169566169967045,-3.6791927618364624,-1.9264592489769048,1.3386445551444572,-0.0970836571113406,3.964877316523165,-0.4437652500544329,1.3251295542317183
95.0,208.0,129.90135192871094,-0.0395527923907221,2.6822143347187257,-4.1169566169967045,-3.679192761762928,-1.926459248975656,1.3386445551444572,-0.0970836571113406,3.964877316523165,-0.4437652500544329,1.3251295542317183
95.0,208.0,129.90135192871094,-0.0395527937181807,2.68221431839324,-4.116956616998932,-3.679192762031985,-1.9264592489773984,1.3386445612827031,-0.0970836571096847,3.9640266340910375,-0.4437652499795983,1.3251228836287674
95.0,208.0,129.9013671875,-0.0395527934843246,2.682214319589966,-4.116956616998932,-3.679192762040015,-1.9264592489774008,1.3386445612812004,-0.0970836571096847,3.964809799575987,-0.4437652497771285,1.325138027530163
95.0,208.0,129.90139770507812,-0.03955279348222,2.682214319647513,-4.116956616998932,-3.679192761959308,-1.9264592489774024,1.3386445612827031,-0.0970836571096999,3.964880335228009,-0.4437652499642651,1.3209927031705164
95.0,208.0,129.9014129638672,-0.0395527937181807,2.68221431840773,-4.116956616998932,-3.679192762030548,-1.9264592489774024,1.3386445612827031,-0.0970836571096847,3.9640266340910375,-0.4437652499642651,1.3209927031705164
95.0,208.0,129.9014129638672,-0.039552793708929,2.68221431840773,-4.116956616999175,-3.679192761862079,-1.926459248977318,1.3386445612827031,-0.0970836571096847,3.964026693096737,-0.4437652499642651,1.3209927031705164
95.0,208.0,129.9014434814453,-0.0395527937181807,2.682214318427351,-4.116956616998932,-3.679192762035549,-1.9264592489774024,1.3386445612827031,-0.0970836571096847,3.9639943361544887,-0.4437652499642651,1.3209927031705164
95.0,208.0,129.90151977539062,-0.0395527925425378,2.6822143186654066,-4.116956616996778,-3.6791927618307887,-1.926459248975728,1.33864455506639,-0.0970836571114144,3.963983790136609,-0.4437652500543279,1.3209803849245552
95.0,208.0,129.90151977539062,-0.0395527925425378,2.6822143186654066,-4.116956616996778,-3.6791927618307887,-1.926459248975728,1.33864455506639,-0.0970836571114144,3.963983790136609,-0.4437652500543279,1.3209803849245552
95.0,208.0,129.90151977539062,-0.0395527925425378,2.6822143186654066,-4.116956616996778,-3.6791927618307887,-1.926459248975728,1.33864455506639,-0.0970836571114144,3.963983790136609,-0.4437652500543279,1.3209803849245552
95.0,208.0,129.90151977539062,-0.0395527925425378,2.682214338242836,-4.116956616996778,-3.6791927618307887,-1.926459248975728,1.33864455506639,-0.0970836571113392,3.963983790136609,-0.4437652500543301,1.3209803849245552
95.0,208.0,129.9015655517578,-0.0395527934843246,2.682214319639311,-4.116956616998932,-3.679192762030548,-1.9264592489774008,1.3386445612859652,-0.0970836571096847,3.964841800174909,-0.4437652499642651,1.3209480892262608
95.0,208.0,129.9015655517578,-0.0395527934843246,2.682214319639311,-4.116956616998932,-3.679192762030548,-1.9264592489774008,1.3386445612859652,-0.0970836571096847,3.964841800174909,-0.4437652499642651,1.3209480892262608
95.0,208.0,129.9015655517578,-0.0395527935442193,2.682214319639311,-4.116956616998932,-3.679192762030548,-1.9264592489774008,1.3386445612859652,-0.0970836571096847,3.964841800174909,-0.4437652500534291,1.3209496081580785
95.0,208.0,129.90164184570312,-0.0395527937088015,2.682214319639311,-4.116956616998932,-3.679192762030548,-1.9264592489774008,1.3386445612827031,-0.0970836571096847,3.9640266340910375,-0.4437652499642651,1.3209480892262608
95.0,208.0,129.9018096923828,-0.0395527934765106,2.6822143186484744,-4.116956616999104,-3.6791927590360896,-1.926459248976889,1.338644561255625,-0.0970836571114442,3.964836245376077,-0.4437652499379062,1.3252123032579266
95.0,208.0,129.9018096923828,-0.0395527934765106,2.6822143186484744,-4.116956616999104,-3.6791927590360896,-1.926459248976889,1.338644561255625,-0.0970836571114552,3.9648377048094536,-0.4437652499379062,1.3252123032579266
95.0,208.0,129.9018096923828,-0.039552793723512,2.6822143196169086,-4.116956616998936,-3.67919276203271,-1.926459248976938,1.338644561257648,-0.0970836571097407,3.964876644469955,-0.4437652497814973,1.3252108508856013
95.0,208.0,129.90182495117188,-0.0395527934469731,2.682214336074789,-4.116956616996607,-3.6791927590360896,-1.9264592489768868,1.3386445551194357,-0.0970836571114552,3.964877950883861,-0.4437652500547234,1.3252123032579266
95.0,208.0,129.90182495117188,-0.0395527934817908,2.6822143196850305,-4.116956616999008,-3.6791927619502713,-1.926459248977386,1.3386445612827031,-0.0970836571096999,3.964803145589375,-0.4437652499642651,1.3208986409360313
95.0,208.0,129.90182495117188,-0.0395527923907221,2.6822143347187257,-4.113116907203621,-3.679192761762928,-1.926459248975656,1.3386445551444572,-0.0970836571113406,3.964877316523165,-0.4437652500544329,1.3251295542317183
95.0,208.0,129.90187072753906,-0.0395527934662339,2.6822143196169086,-4.116956616998998,-3.679192761963951,-1.926459248976938,1.338644561257904,-0.097083657111338,3.964878922115921,-0.4437652497814973,1.3252211968908276
95.0,208.0,129.90194702148438,-0.0395527937087878,2.6822143186572367,-4.116956616999178,-3.679192759102557,-1.92645924897732,1.3386445548614456,-0.0970836571096847,3.963983789503344,-0.4437652500465111,1.3208973334841303
95.0,208.0,129.90194702148438,-0.039552793709344,2.682214319575686,-4.116956616999172,-3.679192762000347,-1.9264592489768864,1.3386445611711286,-0.0970836571115306,3.963983790136609,-0.4437652500543279,1.3208955905218591
95.0,208.0,129.90194702148438,-0.0395527937087878,2.6822143186572367,-4.116956616999178,-3.679192759102557,-1.92645924897732,1.3386445548614456,-0.0970836571096847,3.963983789503344,-0.4437652500465111,1.3208973334841303
95.0,208.0,129.90194702148438,-0.0395527937763051,2.6822143190126573,-4.116956616998931,-3.6791927619987153,-1.926459248976914,1.3386445612827031,-0.097083657111351,3.96399408240385,-0.4437652499642651,1.3208945816491615
95.0,208.0,129.90196228027344,-0.0395527937088015,2.682214319639311,-4.116956616999111,-3.679192759102557,-1.92645924897735,1.3386445612827031,-0.0970836571096847,3.963983957351193,-0.4437652499642651,1.3208945816491615
95.0,208.0,129.90196228027344,-0.0395527937088015,2.682214319640826,-4.116956616999109,-3.679192761996119,-1.926459248976914,1.3386445612827031,-0.0970836571115301,3.963983957351193,-0.4437652499642651,1.3208945816491615
95.0,208.0,129.90196228027344,-0.0395527937763051,2.6822143190356327,-4.116956616999109,-3.6791927619958233,-1.926459248976914,1.3386445612827031,-0.097083657111351,3.963983957351193,-0.4437652499642651,1.3208945816491615
95.0,208.0,129.90196228027344,-0.0395527937088015,2.682214319640826,-4.116956616999109,-3.679192761996119,-1.926459248976914,1.3386445612827031,-0.0970836571115301,3.963983957351193,-0.4437652499642651,1.3208945816491615
95.0,208.0,129.90196228027344,-0.0395527936437359,2.682214319640826,-4.116956616999109,-3.679192761996119,-1.926459248976914,1.3386445612827031,-0.0970836571115301,3.963983957351193,-0.4437652499642651,1.3208945816491615
95.0,208.0,129.90203857421875,-0.0395527923691522,2.682214319635156,-4.116956616998927,-3.679192761963729,-1.9264592489769468,1.3386445613278106,-0.097083657111341,3.964764259895745,-0.443765249761777,1.3252658108350823
95.0,208.0,129.90208435058594,-0.039552764764507,2.682214335167035,-4.116956616999064,-3.679192761831899,-1.926459248977376,1.338644561281238,-0.0970836571113387,3.964810071295069,-0.4437652497814618,1.3252658108075135
95.0,209.0,129.89988708496094,-0.0395527924929067,2.6822143184077163,-4.116956616998932,-3.679192762031201,-1.9264592489769363,1.338644561325083,-0.0970836571113328,3.9640229352696,-0.4437652500597926,1.324949588645873
95.0,209.0,129.9004364013672,-0.0395527934662339,2.682214319631399,-4.116956616998998,-3.6791927619625135,-1.926459248977404,1.338644561257904,-0.097083657111338,3.964878922115921,-0.4437652497659767,1.3211866554986853
95.0,209.0,129.90048217773438,-0.0395527934662339,2.682214319014369,-4.116956616998999,-3.6791927619625135,-1.926459248977404,1.3386445612833804,-0.0970836571113509,3.9640161993147527,-0.4437652499696807,1.3211866554986853
95.0,209.0,129.90049743652344,-0.0395527934662339,2.68221431963913,-4.116956616998998,-3.6791927619625135,-1.926459248977349,1.338644561257904,-0.097083657111338,3.96490427556851,-0.4437652497397997,1.3211817743578271
95.0,209.0,129.90066528320312,-0.0395527937181807,2.68221431839324,-4.116956616998932,-3.679192762031985,-1.9264592489769363,1.3386445612827031,-0.0970836571096847,3.9640266340910375,-0.4437652499797858,1.3250272445626587
95.0,209.0,129.90066528320312,-0.0395527937181807,2.68221431839324,-4.116956616998932,-3.679192762031985,-1.9264592489769363,1.3386445612827031,-0.0970836571096847,3.9640266340910375,-0.4437652499797858,1.3250272445626587
95.0,209.0,129.90066528320312,-0.0395527937181807,2.68221431839324,-4.116956616998932,-3.679192762031201,-1.9264592489769363,1.3386445612827031,-0.0970836571096847,3.9640266340910375,-0.4437652500597926,1.3250272445626587
95.0,209.0,129.90066528320312,-0.0395527937181807,2.68221431839324,-4.116956616998932,-3.6791927620311657,-1.9264592489769363,1.3386445612827031,-0.0970836571096847,3.9640266340910375,-0.443765249981324,1.3250272445626587
95.0,209.0,129.90066528320312,-0.0395527937181807,2.6822143183895464,-4.116956616998932,-3.67919276203129,-1.92645924897738,1.3386445612827031,-0.0970836571096847,3.9640266340910375,-0.4437652499800347,1.3250272445626587
95.0,209.0,129.90066528320312,-0.0395527937181807,2.68221431839324,-4.116956616998932,-3.679192762031985,-1.9264592489769363,1.338644561282749,-0.0970836571096847,3.9640266340910375,-0.4437652499797858,1.3250272445626587
95.0,209.0,129.90066528320312,-0.0395527937181807,2.68221431839324,-4.116956616998932,-3.679192762031985,-1.9264592489769363,1.3386445612827031,-0.0970836571096847,3.9640266340910375,-0.4437652499797858,1.3250272445626587
95.0,209.0,129.90066528320312,-0.0395527937181807,2.68221431839324,-4.116956616998932,-3.6791927620311657,-1.9264592489769363,1.3386445612827031,-0.0970836571096847,3.9640266340910375,-0.443765249981324,1.3250272445626587
95.0,209.0,129.9007110595703,-0.039552792395828,2.682214318850446,-4.116956616998923,-3.6791927617608335,-1.9264592489769463,1.3386445548150745,-0.0970836571112594,3.964040556811296,-0.4437652500529888,1.325035358927486
95.0,209.0,129.90072631835938,-0.0395527923708443,2.68221431839324,-4.116956616999195,-3.679192762031985,-1.926459248976949,1.3386445612827509,-0.0970836571114462,3.963985446754644,-0.4437652499797858,1.3250294650641803
95.0,209.0,129.90072631835938,-0.0395527937495202,2.6822143186458973,-4.116956616998937,-3.679192761831066,-1.926459248976936,1.3386445552620794,-0.0970836571114044,3.9639564757789367,-0.4437652500542786,1.3250272426745902
95.0,209.0,129.90086364746094,-0.0395527925425378,2.6822143186654066,-4.116956616996778,-3.679192761831072,-1.926459248975728,1.33864455506639,-0.0970836571114132,3.963983790136609,-0.4437652500450242,1.3211166415295506
95.0,209.0,129.90087890625,-0.0395527925425378,2.6822143186654066,-4.116956616996778,-3.679192761831074,-1.926459248975728,1.33864455506639,-0.0970836571114132,3.963983790136609,-0.4437652500450242,1.3211155539180268
95.0,209.0,129.90087890625,-0.0395527935608751,2.6822143189988346,-4.116956616998948,-3.679192761963951,-1.9264592489769268,1.3386445612843112,-0.0970836571096933,3.964810247502864,-0.4437652500202325,1.321092138691283
95.0,209.0,129.90089416503906,-0.0395527925399258,2.68221433816255,-4.116956616996703,-3.679192761831066,-1.926459248976936,1.3386445551444572,-0.0970836571114124,3.964877316523165,-0.4437652500542786,1.3250620117098864
95.0,209.0,129.9012451171875,-0.039552792335601,2.682214319013311,-4.116956616998948,-3.679192761963951,-1.9264592489769268,1.338644561326691,-0.0970836571113414,3.9648065486814255,-0.4437652500202325,1.3210144827744976
95.0,209.0,129.9012451171875,-0.039552792335601,2.682214319013311,-4.116956616998931,-3.679192761963951,-1.9264592489769268,1.3386445612806992,-0.0970836571113951,3.9648065486814255,-0.4437652499641507,1.3210144827744976
95.0,209.0,129.9012908935547,-0.0395527937181807,2.682214334920855,-4.116956616996713,-3.679192762031985,-1.9264592489769363,1.338644561612086,-0.0970836571097659,3.9648633938029065,-0.4437652499812298,1.3251214398668911
95.0,209.0,129.9013214111328,-0.0395527924253655,2.682214317951748,-4.116956616999202,-3.6791927617608335,-1.9264592489769483,1.3386445612806468,-0.0970836571113406,3.9648370704487577,-0.4437652499376157,1.3251295542317183
95.0,209.0,129.90133666992188,-0.0395527937727019,2.682214317951748,-4.116956616998939,-3.6791927617608335,-1.926459248976936,1.338644561280599,-0.0970836571095791,3.964878257785152,-0.4437652499376157,1.325127333730197
95.0,209.0,129.90135192871094,-0.039552792395828,2.6822143353780614,-4.1169566169967045,-3.6791927617608335,-1.9264592489769463,1.3386445551444572,-0.0970836571113406,3.964877316523165,-0.4437652500544329,1.3251295542317183
95.0,209.0,129.90135192871094,-0.039552792395828,2.68221433816255,-4.1169566169967045,-3.6791927618364624,-1.9264592489769048,1.3386445551444572,-0.0970836571113406,3.964877316523165,-0.4437652500544329,1.3251295542317183
95.0,209.0,129.90135192871094,-0.039552792395828,2.68221433816255,-4.1169566169967045,-3.6791927618364624,-1.9264592489769048,1.3386445551444572,-0.0970836571113406,3.964877316523165,-0.4437652500544329,1.3251295542317183
95.0,209.0,129.90135192871094,-0.0395527923907221,2.6822143347187257,-4.1169566169967045,-3.679192761762928,-1.926459248975656,1.3386445551444572,-0.0970836571113406,3.964877316523165,-0.4437652500544329,1.3251295542317183
95.0,209.0,129.90135192871094,-0.0395527937181807,2.68221431839324,-4.116956616998932,-3.679192762031985,-1.9264592489773984,1.3386445612827031,-0.0970836571096847,3.9640266340910375,-0.4437652499795983,1.3251228836287674
95.0,209.0,129.90135192871094,-0.039552792395828,2.68221433816255,-4.1169566169967045,-3.6791927618419065,-1.926459248976875,1.338644561787944,-0.0970836571097577,3.964877316523165,-0.4437652500544329,1.3251295542317183
95.0,209.0,129.90135192871094,-0.039552793708929,2.682214319652972,-4.116956616999175,-3.679192761862079,-1.926459248977318,1.3386445612827031,-0.0970836571096852,3.964843247826993,-0.4437652499642651,1.3209927031705164
95.0,209.0,129.9013671875,-0.0395527934843246,2.682214319589966,-4.116956616998932,-3.679192762040015,-1.9264592489774008,1.3386445612812004,-0.0970836571096847,3.964809799575987,-0.4437652497771285,1.325138027530163
95.0,209.0,129.90138244628906,-0.03955279348222,2.682214318402272,-4.116956616998932,-3.679192761959308,-1.9264592489774024,1.3386445612827031,-0.0970836571096994,3.964063780497753,-0.4437652499642651,1.3209927031705164
95.0,209.0,129.90139770507812,-0.03955279348222,2.682214319647513,-4.116956616998932,-3.679192761959308,-1.9264592489774024,1.3386445612827031,-0.0970836571096999,3.964880335228009,-0.4437652499642651,1.3209927031705164
95.0,209.0,129.9014129638672,-0.0395527937181807,2.68221431840773,-4.116956616998932,-3.679192762030548,-1.9264592489774024,1.3386445612827031,-0.0970836571096847,3.9640266340910375,-0.4437652499642651,1.3209927031705164
95.0,209.0,129.9014129638672,-0.039552793708929,2.68221431840773,-4.116956616999175,-3.679192761862079,-1.926459248977318,1.3386445612827031,-0.0970836571096847,3.964026693096737,-0.4437652499642651,1.3209927031705164
95.0,209.0,129.9014129638672,-0.0395527934306853,2.6822143186654066,-4.116956616998952,-3.6791927618307887,-1.926459248975728,1.338644555298654,-0.0970836571114144,3.964085568046925,-0.4437652500532301,1.3209803849245552
95.0,209.0,129.9014129638672,-0.039552793708929,2.68221431840773,-4.116956616999175,-3.679192761862079,-1.926459248977318,1.3386445612827031,-0.0970836571096847,3.964026693096737,-0.4437652499642651,1.3209927031705164
95.0,209.0,129.9014434814453,-0.0395527937181807,2.682214318427351,-4.116956616998932,-3.679192762035549,-1.9264592489774024,1.3386445612827031,-0.0970836571096847,3.9639943361544887,-0.4437652499642651,1.3209927031705164
95.0,209.0,129.90151977539062,-0.0395527925425378,2.6822143186654066,-4.116956616996778,-3.6791927618307887,-1.926459248975728,1.33864455506639,-0.0970836571114144,3.963983790136609,-0.4437652500543279,1.3209803849245552
95.0,209.0,129.90151977539062,-0.0395527925425378,2.6822143186654066,-4.116956616996778,-3.6791927618307887,-1.926459248975728,1.33864455506639,-0.0970836571114144,3.963983790136609,-0.4437652500543279,1.3209803849245552
95.0,209.0,129.90151977539062,-0.0395527925425378,2.6822143186654066,-4.116956616996778,-3.6791927618307887,-1.926459248975728,1.33864455506639,-0.0970836571114144,3.963983790136609,-0.4437652500543279,1.3209803849245552
95.0,209.0,129.90151977539062,-0.0395527925425378,2.682214338242836,-4.116956616996778,-3.6791927618307887,-1.926459248975728,1.33864455506639,-0.0970836571113392,3.963983790136609,-0.4437652500543301,1.3209803849245552
95.0,209.0,129.90151977539062,-0.0395527925425378,2.6822143186654066,-4.116956616996808,-3.6791927618307887,-1.926459248975728,1.33864455506639,-0.0970836571114024,3.963983790136609,-0.4437652500534687,1.3209803849245552
95.0,209.0,129.90155029296875,-0.0395527925158633,2.682214318665973,-4.116956616999178,-3.679192759102557,-1.926459248975689,1.3386445548614456,-0.0970836571097114,3.96398379011483,-0.4437652500459368,1.3209760584294252
95.0,209.0,129.9015655517578,-0.0395527934843246,2.682214319639311,-4.116956616998932,-3.679192762030548,-1.9264592489774008,1.3386445612859652,-0.0970836571096847,3.964841800174909,-0.4437652499642651,1.3209480892262608
95.0,209.0,129.9015655517578,-0.0395527934843246,2.682214319639311,-4.116956616998932,-3.679192762030548,-1.9264592489774008,1.3386445612859652,-0.0970836571096847,3.964841800174909,-0.4437652499642651,1.3209480892262608
95.0,209.0,129.9015655517578,-0.0395527935442193,2.682214319639311,-4.116956616998932,-3.679192762030548,-1.9264592489774008,1.3386445612859652,-0.0970836571096847,3.964841800174909,-0.4437652500534291,1.3209496081580785
95.0,209.0,129.90164184570312,-0.0395527937088015,2.682214319639311,-4.116956616998932,-3.679192762030548,-1.9264592489774008,1.3386445612827031,-0.0970836571096847,3.9640266340910375,-0.4437652499642651,1.3209480892262608
95.0,209.0,129.9018096923828,-0.0395527934765106,2.6822143186484744,-4.116956616999104,-3.6791927590360896,-1.926459248976889,1.338644561255625,-0.0970836571114442,3.964836245376077,-0.4437652499379062,1.3252123032579266
95.0,210.0,129.89988708496094,-0.0395527924929067,2.6822143184077163,-4.116956616998932,-3.679192762031201,-1.9264592489769363,1.338644561325083,-0.0970836571113328,3.9640229352696,-0.4437652500597926,1.324949588645873
95.0,210.0,129.90032958984375,-0.0395527923708443,2.68221431839324,-4.116956616999195,-3.679192762029346,-1.926459248976951,1.3386445612823432,-0.0970836571114462,3.963994514902663,-0.4437652499797858,1.3212177289049505
95.0,210.0,129.9004364013672,-0.0395527934662339,2.682214319631399,-4.116956616998998,-3.6791927619625135,-1.926459248977404,1.338644561257904,-0.097083657111338,3.964878922115921,-0.4437652497659767,1.3211866554986853
95.0,210.0,129.90048217773438,-0.0395527934662339,2.682214319014369,-4.116956616998999,-3.6791927619625135,-1.926459248977404,1.3386445612833804,-0.0970836571113509,3.9640161993147527,-0.4437652499696807,1.3211866554986853
95.0,210.0,129.90048217773438,-0.0395527934508526,2.682214319014369,-4.116956616998999,-3.679192761754096,-1.926459248977404,1.3386445612833804,-0.0970836571113509,3.9640161993147527,-0.4437652499372094,1.3211866554986853
95.0,210.0,129.90049743652344,-0.0395527934662339,2.68221431963913,-4.116956616998998,-3.6791927619625135,-1.926459248977349,1.338644561257904,-0.097083657111338,3.96490427556851,-0.4437652497397997,1.3211817743578271
95.0,210.0,129.9005889892578,-0.0395527937181807,2.68221431839324,-4.116956616998932,-3.679192762031985,-1.9264592489769363,1.3386445612827031,-0.0970836571096847,3.9648056540170646,-0.4437652499797858,1.3250272445626587
95.0,210.0,129.90066528320312,-0.0395527937181807,2.68221431839324,-4.116956616998932,-3.679192762031985,-1.9264592489769363,1.3386445612827031,-0.0970836571096847,3.9640266340910375,-0.4437652499797858,1.3250272445626587
95.0,210.0,129.90066528320312,-0.0395527937181807,2.68221431839324,-4.116956616998932,-3.679192762031985,-1.9264592489769363,1.3386445612827031,-0.0970836571096847,3.9640266340910375,-0.4437652499797858,1.3250272445626587
95.0,210.0,129.90066528320312,-0.0395527937181807,2.68221431839324,-4.116956616998932,-3.679192762031201,-1.9264592489769363,1.3386445612827031,-0.0970836571096847,3.9640266340910375,-0.4437652500597926,1.3250272445626587
95.0,210.0,129.90066528320312,-0.0395527937181807,2.68221431839324,-4.116956616998932,-3.6791927620311657,-1.9264592489769363,1.3386445612827031,-0.0970836571096847,3.9640266340910375,-0.443765249981324,1.3250272445626587
95.0,210.0,129.90066528320312,-0.0395527937181807,2.6822143183895464,-4.116956616998932,-3.67919276203129,-1.92645924897738,1.3386445612827031,-0.0970836571096847,3.9640266340910375,-0.4437652499800347,1.3250272445626587
95.0,210.0,129.90066528320312,-0.0395527937181807,2.68221431839324,-4.116956616998932,-3.679192762031985,-1.9264592489769363,1.338644561282749,-0.0970836571096847,3.9640266340910375,-0.4437652499797858,1.3250272445626587
95.0,210.0,129.90066528320312,-0.0395527937181807,2.68221431839324,-4.116956616998932,-3.679192762031985,-1.9264592489769363,1.3386445612827031,-0.0970836571096847,3.9640266340910375,-0.4437652499797858,1.3250272445626587
95.0,210.0,129.90066528320312,-0.0395527937181807,2.68221431839324,-4.116956616998932,-3.6791927620311657,-1.9264592489769363,1.3386445612827031,-0.0970836571096847,3.9640266340910375,-0.443765249981324,1.3250272445626587
95.0,210.0,129.90066528320312,-0.0395527923907221,2.6822143347187257,-4.1169566169967045,-3.679192761762928,-1.92645924897694,1.3386445551336348,-0.0970836571113406,3.9639958938931104,-0.4437652500452813,1.325026087287276
95.0,210.0,129.90066528320312,-0.0395527937181807,2.68221431839324,-4.116956616998932,-3.6791927620311657,-1.9264592489769363,1.3386445612827031,-0.0970836571096847,3.9640266340910375,-0.443765249981324,1.3250272445626587
95.0,210.0,129.90066528320312,-0.0395527925294547,2.682214318408044,-4.116956616998932,-3.6791927620311657,-1.9264592489769363,1.338644561325372,-0.0970836571096847,3.9640264715412346,-0.4437652499781213,1.3250272445626587
95.0,210.0,129.90066528320312,-0.0395527937181807,2.6822143183895464,-4.116956616998932,-3.679192762031306,-1.926459248976954,1.3386445612827031,-0.0970836571096847,3.9640266340910375,-0.4437652499800347,1.3250272445626587
95.0,210.0,129.90066528320312,-0.0395527937181807,2.68221431839324,-4.116956616998932,-3.679192762031985,-1.9264592489769363,1.3386445612827509,-0.0970836571096847,3.9640266340910375,-0.4437652499637479,1.3250272445626587
95.0,210.0,129.90066528320312,-0.0395527937181807,2.68221431839324,-4.116956616998932,-3.679192762031985,-1.9264592489769363,1.3386445612827031,-0.0970836571096847,3.9640266340910375,-0.4437652499797858,1.3250272445626587
95.0,210.0,129.90066528320312,-0.0395527937181807,2.68221431839324,-4.116956616998932,-3.679192762031985,-1.9264592489769363,1.3386445612827031,-0.0970836571096847,3.9640266340910375,-0.4437652499797858,1.3250272445626587
95.0,210.0,129.9007110595703,-0.039552792395828,2.682214318850446,-4.116956616998923,-3.6791927617608335,-1.9264592489769463,1.3386445548150745,-0.0970836571112594,3.964040556811296,-0.4437652500529888,1.325035358927486
95.0,210.0,129.90072631835938,-0.0395527923708443,2.68221431839324,-4.116956616999195,-3.679192762031985,-1.926459248976949,1.3386445612827509,-0.0970836571114462,3.963985446754644,-0.4437652499797858,1.3250294650641803
95.0,210.0,129.90072631835938,-0.0395527937495202,2.6822143186458973,-4.116956616998937,-3.679192761831066,-1.926459248976936,1.3386445552620794,-0.0970836571114044,3.9639564757789367,-0.4437652500542786,1.3250272426745902
95.0,210.0,129.90086364746094,-0.0395527925425378,2.6822143186654066,-4.116956616996778,-3.679192761831072,-1.926459248975728,1.33864455506639,-0.0970836571114132,3.963983790136609,-0.4437652500450242,1.3211166415295506
95.0,210.0,129.90087890625,-0.0395527925425378,2.6822143186654066,-4.116956616996778,-3.679192761831074,-1.926459248975728,1.33864455506639,-0.0970836571114132,3.963983790136609,-0.4437652500450242,1.3211155539180268
95.0,210.0,129.90087890625,-0.0395527935608751,2.6822143189988346,-4.116956616998948,-3.679192761963951,-1.9264592489769268,1.3386445612843112,-0.0970836571096933,3.964810247502864,-0.4437652500202325,1.321092138691283
95.0,210.0,129.90087890625,-0.0395527935559233,2.6822143189988346,-4.116956616998948,-3.679192761964614,-1.9264592489769403,1.3386445612843112,-0.0970836571096933,3.964810247502864,-0.4437652499795041,1.321092138691283
95.0,210.0,129.90087890625,-0.0395527935608751,2.6822143189988346,-4.116956616996756,-3.679192761963951,-1.9264592489757848,1.3386445612843112,-0.0970836571097094,3.96483692987924,-0.4437652500202325,1.321092138691283
95.0,210.0,129.90089416503906,-0.0395527925399258,2.68221433816255,-4.116956616996703,-3.679192761831066,-1.926459248976936,1.3386445551444572,-0.0970836571114124,3.964877316523165,-0.4437652500542786,1.3250620117098864
95.0,210.0,129.90122985839844,-0.0395527937181807,2.6822143206778404,-4.11695661699918,-3.679192762032946,-1.926459248977312,1.3386445612923457,-0.0970836571097659,3.964842038490649,-0.4437652499812298,1.321017988497179
95.0,210.0,129.9012451171875,-0.039552792335601,2.682214319013311,-4.116956616998948,-3.679192761963951,-1.9264592489769268,1.338644561326691,-0.0970836571113414,3.9648065486814255,-0.4437652500202325,1.3210144827744976
95.0,210.0,129.9012451171875,-0.039552792335601,2.682214319013311,-4.116956616998931,-3.679192761963951,-1.9264592489769268,1.3386445612806992,-0.0970836571113951,3.9648065486814255,-0.4437652499641507,1.3210144827744976
95.0,210.0,129.9012908935547,-0.0395527937181807,2.682214334920855,-4.116956616996713,-3.679192762031985,-1.9264592489769363,1.338644561612086,-0.0970836571097659,3.9648633938029065,-0.4437652499812298,1.3251214398668911
95.0,210.0,129.9013214111328,-0.0395527924253655,2.682214317951748,-4.116956616999202,-3.6791927617608335,-1.9264592489769483,1.3386445612806468,-0.0970836571113406,3.9648370704487577,-0.4437652499376157,1.3251295542317183
95.0,210.0,129.90133666992188,-0.0395527937727019,2.682214317951748,-4.116956616998939,-3.6791927617608335,-1.926459248976936,1.338644561280599,-0.0970836571095791,3.964878257785152,-0.4437652499376157,1.325127333730197
95.0,210.0,129.90133666992188,-0.0395527937880832,2.682214317951748,-4.116956616998939,-3.679192761969253,-1.926459248976936,1.338644561280599,-0.0970836571095791,3.964878257785152,-0.4437652499700869,1.325127333730197
95.0,210.0,129.90135192871094,-0.039552792395828,2.6822143353780614,-4.1169566169967045,-3.6791927617608335,-1.9264592489769463,1.3386445551444572,-0.0970836571113406,3.964877316523165,-0.4437652500544329,1.3251295542317183
95.0,210.0,129.90135192871094,-0.039552792395828,2.68221433816255,-4.1169566169967045,-3.6791927618364624,-1.9264592489769048,1.3386445551444572,-0.0970836571113406,3.964877316523165,-0.4437652500544329,1.3251295542317183
95.0,210.0,129.90135192871094,-0.039552792395828,2.68221433816255,-4.1169566169967045,-3.6791927618364624,-1.9264592489769048,1.3386445551444572,-0.0970836571113406,3.964877316523165,-0.4437652500544329,1.3251295542317183
95.0,210.0,129.90135192871094,-0.0395527923907221,2.6822143347187257,-4.1169566169967045,-3.679192761762928,-1.926459248975656,1.3386445551444572,-0.0970836571113406,3.964877316523165,-0.4437652500544329,1.3251295542317183
95.0,210.0,129.90135192871094,-0.0395527937181807,2.68221431839324,-4.116956616998932,-3.679192762031985,-1.9264592489773984,1.3386445612827031,-0.0970836571096847,3.9640266340910375,-0.4437652499795983,1.3251228836287674
95.0,210.0,129.90135192871094,-0.039552792395828,2.68221433816255,-4.1169566169967045,-3.6791927618419065,-1.926459248976875,1.338644561787944,-0.0970836571097577,3.964877316523165,-0.4437652500544329,1.3251295542317183
95.0,210.0,129.90135192871094,-0.039552793708929,2.682214319652972,-4.116956616999175,-3.679192761862079,-1.926459248977318,1.3386445612827031,-0.0970836571096852,3.964843247826993,-0.4437652499642651,1.3209927031705164
95.0,210.0,129.90135192871094,-0.0395527923907221,2.682214319840741,-4.1169566169967045,-3.679192762038792,-1.926459248977382,1.3386445552303383,-0.0970836571113445,3.964877316523165,-0.4437652500560244,1.3251295542317183
95.0,210.0,129.90135192871094,-0.039552792395828,2.6822143353780614,-4.1169566169967045,-3.6791927617608335,-1.9264592489769463,1.3386445551444572,-0.0970836571113406,3.964877316523165,-0.4437652500544329,1.3251295542317183
95.0,210.0,129.9013671875,-0.0395527934843246,2.682214319589966,-4.116956616998932,-3.679192762040015,-1.9264592489774008,1.3386445612812004,-0.0970836571096847,3.964809799575987,-0.4437652497771285,1.325138027530163
95.0,210.0,129.90138244628906,-0.03955279348222,2.682214318402272,-4.116956616998932,-3.679192761959308,-1.9264592489774024,1.3386445612827031,-0.0970836571096994,3.964063780497753,-0.4437652499642651,1.3209927031705164
95.0,210.0,129.90139770507812,-0.03955279348222,2.682214319647513,-4.116956616998932,-3.679192761959308,-1.9264592489774024,1.3386445612827031,-0.0970836571096999,3.964880335228009,-0.4437652499642651,1.3209927031705164
95.0,211.0,129.89913940429688,-0.0395527934501414,2.682214319014893,-4.116956616998932,-3.6791927617529785,-1.926459248977412,1.338644561283387,-0.0970836571096847,3.96402650802934,-0.4437652499797203,1.3214035718873327
95.0,211.0,129.89988708496094,-0.0395527924929067,2.6822143184077163,-4.116956616998932,-3.679192762031201,-1.9264592489769363,1.338644561325083,-0.0970836571113328,3.9640229352696,-0.4437652500597926,1.324949588645873
95.0,211.0,129.89988708496094,-0.0395527924929067,2.6822143184065106,-4.116956616998932,-3.679192761969467,-1.9264592489769363,1.3386445613234843,-0.0970836571113328,3.9640229352696,-0.4437652499675167,1.324949588645873
95.0,211.0,129.8999481201172,-0.0395527935559233,2.682214318356704,-4.116956616998948,-3.679192762030737,-1.9264592489769403,1.3386445612827087,-0.0970836571096933,3.964823094425189,-0.4437652499795041,1.3249620100229778
95.0,211.0,129.90032958984375,-0.0395527923708443,2.68221431839324,-4.116956616999195,-3.679192762029346,-1.926459248976951,1.3386445612823432,-0.0970836571114462,3.963994514902663,-0.4437652499797858,1.3212177289049505
95.0,211.0,129.9003448486328,-0.0395527923790392,2.682214319014359,-4.116956616999195,-3.6791927620280607,-1.926459248976951,1.3386445612823432,-0.0970836571114462,3.963994686626135,-0.4437652499795637,1.3212173664128646
95.0,211.0,129.9004364013672,-0.0395527934662339,2.682214319631399,-4.116956616998998,-3.6791927619625135,-1.926459248977404,1.338644561257904,-0.097083657111338,3.964878922115921,-0.4437652497659767,1.3211866554986853
95.0,211.0,129.90048217773438,-0.0395527934662339,2.682214319014369,-4.116956616998999,-3.6791927619625135,-1.926459248977404,1.3386445612833804,-0.0970836571113509,3.9640161993147527,-0.4437652499696807,1.3211866554986853
95.0,211.0,129.90048217773438,-0.0395527934508526,2.682214319014369,-4.116956616998999,-3.679192761754096,-1.926459248977404,1.3386445612833804,-0.0970836571113509,3.9640161993147527,-0.4437652499372094,1.3211866554986853
95.0,211.0,129.90048217773438,-0.0395527934662339,2.682214319014369,-4.116956616998999,-3.6791927619625135,-1.926459248977404,1.3386445612833804,-0.0970836571113509,3.9640161993147527,-0.4437652499383994,1.3211866554986853
95.0,211.0,129.90049743652344,-0.0395527934662339,2.68221431963913,-4.116956616998998,-3.6791927619625135,-1.926459248977349,1.338644561257904,-0.097083657111338,3.96490427556851,-0.4437652497397997,1.3211817743578271
95.0,211.0,129.9005889892578,-0.0395527937181807,2.68221431839324,-4.116956616998932,-3.679192762031985,-1.9264592489769363,1.3386445612827031,-0.0970836571096847,3.9648056540170646,-0.4437652499797858,1.3250272445626587
95.0,211.0,129.900634765625,-0.0395527937181807,2.68221431903537,-4.116956616998932,-3.679192761965043,-1.9264592489769363,1.3386445612843056,-0.0970836571096847,3.964013787168711,-0.443765249981324,1.3211573732309645
95.0,211.0,129.90066528320312,-0.0395527937181807,2.68221431839324,-4.116956616998932,-3.679192762031985,-1.9264592489769363,1.3386445612827031,-0.0970836571096847,3.9640266340910375,-0.4437652499797858,1.3250272445626587
95.0,211.0,129.90066528320312,-0.0395527937181807,2.68221431839324,-4.116956616998932,-3.679192762031985,-1.9264592489769363,1.3386445612827031,-0.0970836571096847,3.9640266340910375,-0.4437652499797858,1.3250272445626587
95.0,211.0,129.90066528320312,-0.0395527937181807,2.68221431839324,-4.116956616998932,-3.679192762031201,-1.9264592489769363,1.3386445612827031,-0.0970836571096847,3.9640266340910375,-0.4437652500597926,1.3250272445626587
95.0,211.0,129.90066528320312,-0.0395527937181807,2.68221431839324,-4.116956616998932,-3.6791927620311657,-1.9264592489769363,1.3386445612827031,-0.0970836571096847,3.9640266340910375,-0.443765249981324,1.3250272445626587
95.0,211.0,129.90066528320312,-0.0395527937181807,2.6822143183895464,-4.116956616998932,-3.67919276203129,-1.92645924897738,1.3386445612827031,-0.0970836571096847,3.9640266340910375,-0.4437652499800347,1.3250272445626587
95.0,211.0,129.90066528320312,-0.0395527937181807,2.68221431839324,-4.116956616998932,-3.679192762031985,-1.9264592489769363,1.338644561282749,-0.0970836571096847,3.9640266340910375,-0.4437652499797858,1.3250272445626587
95.0,211.0,129.90066528320312,-0.0395527937181807,2.68221431839324,-4.116956616998932,-3.679192762031985,-1.9264592489769363,1.3386445612827031,-0.0970836571096847,3.9640266340910375,-0.4437652499797858,1.3250272445626587
95.0,211.0,129.90066528320312,-0.0395527937181807,2.68221431839324,-4.116956616998932,-3.6791927620311657,-1.9264592489769363,1.3386445612827031,-0.0970836571096847,3.9640266340910375,-0.443765249981324,1.3250272445626587
95.0,211.0,129.90066528320312,-0.0395527923907221,2.6822143347187257,-4.1169566169967045,-3.679192761762928,-1.92645924897694,1.3386445551336348,-0.0970836571113406,3.9639958938931104,-0.4437652500452813,1.325026087287276
95.0,211.0,129.90066528320312,-0.0395527937181807,2.68221431839324,-4.116956616998932,-3.6791927620311657,-1.9264592489769363,1.3386445612827031,-0.0970836571096847,3.9640266340910375,-0.443765249981324,1.3250272445626587
95.0,211.0,129.90066528320312,-0.0395527925294547,2.682214318408044,-4.116956616998932,-3.6791927620311657,-1.9264592489769363,1.338644561325372,-0.0970836571096847,3.9640264715412346,-0.4437652499781213,1.3250272445626587
95.0,211.0,129.90066528320312,-0.0395527937181807,2.6822143183895464,-4.116956616998932,-3.679192762031306,-1.926459248976954,1.3386445612827031,-0.0970836571096847,3.9640266340910375,-0.4437652499800347,1.3250272445626587
95.0,211.0,129.90066528320312,-0.0395527937181807,2.68221431839324,-4.116956616998932,-3.679192762031985,-1.9264592489769363,1.3386445612827509,-0.0970836571096847,3.9640266340910375,-0.4437652499637479,1.3250272445626587
95.0,211.0,129.90066528320312,-0.0395527937181807,2.68221431839324,-4.116956616998932,-3.679192762031985,-1.9264592489769363,1.3386445612827031,-0.0970836571096847,3.9640266340910375,-0.4437652499797858,1.3250272445626587
95.0,211.0,129.90066528320312,-0.0395527937181807,2.68221431839324,-4.116956616998932,-3.679192762031985,-1.9264592489769363,1.3386445612827031,-0.0970836571096847,3.9640266340910375,-0.4437652499797858,1.3250272445626587
95.0,211.0,129.90066528320312,-0.0395527937181807,2.68221431839324,-4.116956616998932,-3.679192762031985,-1.9264592489769363,1.3386445612827031,-0.0970836571096847,3.9640266340910375,-0.4437652499797858,1.3250272445626587
95.0,211.0,129.90066528320312,-0.0395527937181807,2.68221431839324,-4.116956616998932,-3.6791927620249214,-1.9264592489769363,1.3386445612827031,-0.0970836571114306,3.9640266340910375,-0.4437652500599228,1.3250272445626587
95.0,211.0,129.90066528320312,-0.0395527937181807,2.68221431839324,-4.116956616998932,-3.679192762031985,-1.9264592489769363,1.3386445612827031,-0.0970836571096847,3.9640266340910375,-0.4437652499797858,1.3250272445626587
95.0,211.0,129.90066528320312,-0.0395527937181807,2.68221431839324,-4.116956616998932,-3.679192762031985,-1.9264592489769363,1.3386445612827031,-0.0970836571096847,3.9640266340910375,-0.4437652499797858,1.3250272445626587
95.0,211.0,129.90066528320312,-0.0395527923907221,2.6822143347187257,-4.1169566169967045,-3.679192761762928,-1.92645924897694,1.3386445551336348,-0.0970836571113406,3.9639958938931104,-0.4437652500452813,1.325026087287276
95.0,211.0,129.90066528320312,-0.0395527937181807,2.68221431839324,-4.116956616998932,-3.679192762031985,-1.9264592489769363,1.3386445612827031,-0.0970836571096847,3.9640266340910375,-0.4437652499797858,1.3250272445626587
95.0,211.0,129.9007110595703,-0.039552792395828,2.682214318850446,-4.116956616998923,-3.6791927617608335,-1.9264592489769463,1.3386445548150745,-0.0970836571112594,3.964040556811296,-0.4437652500529888,1.325035358927486
95.0,211.0,129.90072631835938,-0.0395527923708443,2.68221431839324,-4.116956616999195,-3.679192762031985,-1.926459248976949,1.3386445612827509,-0.0970836571114462,3.963985446754644,-0.4437652499797858,1.3250294650641803
95.0,211.0,129.90072631835938,-0.0395527937495202,2.6822143186458973,-4.116956616998937,-3.679192761831066,-1.926459248976936,1.3386445552620794,-0.0970836571114044,3.9639564757789367,-0.4437652500542786,1.3250272426745902
95.0,211.0,129.90072631835938,-0.0395527937495202,2.6822143186458973,-4.116956616998937,-3.679192761837344,-1.926459248976936,1.3386445552620794,-0.0970836571096585,3.9639564757789367,-0.4437652500541484,1.3250272426745902
95.0,211.0,129.90077209472656,-0.0395527937181344,2.6822143185900247,-4.116956616998997,-3.67919276203129,-1.9264592489774075,1.3386445612827031,-0.0970836571096847,3.9640266340910375,-0.4437652499689452,1.321127158191585
95.0,211.0,129.90084838867188,-0.0395527925425378,2.6822143186654066,-4.116956616996778,-3.679192761831072,-1.926459248975728,1.33864455506639,-0.0970836571113853,3.963983790136609,-0.4437652500450242,1.321120340638557
95.0,211.0,129.90086364746094,-0.0395527925425378,2.6822143186654066,-4.116956616996778,-3.679192761831072,-1.926459248975728,1.33864455506639,-0.0970836571114132,3.963983790136609,-0.4437652500450242,1.3211166415295506
95.0,211.0,129.90087890625,-0.0395527925425378,2.6822143186654066,-4.116956616996778,-3.679192761831074,-1.926459248975728,1.33864455506639,-0.0970836571114132,3.963983790136609,-0.4437652500450242,1.3211155539180268
95.0,211.0,129.90087890625,-0.0395527935608751,2.6822143189988346,-4.116956616998948,-3.679192761963951,-1.9264592489769268,1.3386445612843112,-0.0970836571096933,3.964810247502864,-0.4437652500202325,1.321092138691283
95.0,211.0,129.90087890625,-0.0395527935559233,2.6822143189988346,-4.116956616998948,-3.679192761964614,-1.9264592489769403,1.3386445612843112,-0.0970836571096933,3.964810247502864,-0.4437652499795041,1.321092138691283
95.0,211.0,129.90087890625,-0.0395527935608751,2.6822143189988346,-4.116956616996756,-3.679192761963951,-1.9264592489757848,1.3386445612843112,-0.0970836571097094,3.96483692987924,-0.4437652500202325,1.321092138691283
95.0,211.0,129.90087890625,-0.0395527935608751,2.6822143189987666,-4.116956616998948,-3.679192761961212,-1.9264592489769268,1.3386445612843112,-0.0970836571096933,3.964810818136125,-0.4437652500202325,1.321092138691283
95.0,211.0,129.90087890625,-0.0395527935608751,2.682214319012965,-4.116956616996756,-3.679192761963951,-1.9264592489757848,1.3386445612843112,-0.0970836571097094,3.964837342458157,-0.4437652500202325,1.321092138691283
95.0,211.0,129.90089416503906,-0.0395527925399258,2.68221433816255,-4.116956616996703,-3.679192761831066,-1.926459248976936,1.3386445551444572,-0.0970836571114124,3.964877316523165,-0.4437652500542786,1.3250620117098864
95.0,211.0,129.9010772705078,-0.0395527934662802,2.68221431943092,-4.116956616998933,-3.6791927619625135,-1.9264592489773769,1.338644561257904,-0.097083657111338,3.964878922115921,-0.4437652497770662,1.325086741869759
95.0,211.0,129.90122985839844,-0.0395527937181807,2.6822143206778404,-4.11695661699918,-3.679192762032946,-1.926459248977312,1.3386445612923457,-0.0970836571097659,3.964842038490649,-0.4437652499812298,1.321017988497179
95.0,212.0,129.89913940429688,-0.0395527934501414,2.682214319014893,-4.116956616998932,-3.6791927617529785,-1.926459248977412,1.338644561283387,-0.0970836571096847,3.96402650802934,-0.4437652499797203,1.3214035718873327
95.0,212.0,129.89913940429688,-0.0395527934501414,2.682214319014893,-4.116956616998932,-3.6791927617529785,-1.926459248977412,1.338644561283387,-0.0970836571096847,3.96402650802934,-0.4437652499797203,1.3214035718873327
95.0,212.0,129.89988708496094,-0.0395527924929067,2.6822143184077163,-4.116956616998932,-3.679192762031201,-1.9264592489769363,1.338644561325083,-0.0970836571113328,3.9640229352696,-0.4437652500597926,1.324949588645873
95.0,212.0,129.89988708496094,-0.0395527924929067,2.6822143184065106,-4.116956616998932,-3.679192761969467,-1.9264592489769363,1.3386445613234843,-0.0970836571113328,3.9640229352696,-0.4437652499675167,1.324949588645873
95.0,212.0,129.89988708496094,-0.0395527924929067,2.68221431839198,-4.116956616998932,-3.679192762031201,-1.9264592489769363,1.3386445612820068,-0.0970836571113328,3.9640229352696,-0.4437652500597926,1.324949588645873
95.0,212.0,129.89988708496094,-0.0395527937432896,2.6822143184065106,-4.116956616998932,-3.679192762029708,-1.9264592489769363,1.3386445613234843,-0.0970836571113453,3.9640229352696,-0.4437652499675167,1.324949588645873
95.0,212.0,129.89988708496094,-0.0395527924929067,2.6822143184077163,-4.116956616998932,-3.679192762031201,-1.9264592489769363,1.3386445613245876,-0.0970836571113328,3.9640229352696,-0.4437652500597926,1.324949588645873
95.0,212.0,129.89993286132812,-0.0395527935559233,2.6822143184072123,-4.116956616998932,-3.679192761965573,-1.9264592489769403,1.3386445612827087,-0.0970836571096657,3.964823094425189,-0.4437652499675239,1.3249617122972197
95.0,212.0,129.8999481201172,-0.0395527935559233,2.682214318356704,-4.116956616998948,-3.679192762030737,-1.9264592489769403,1.3386445612827087,-0.0970836571096933,3.964823094425189,-0.4437652499795041,1.3249620100229778
95.0,212.0,129.9001922607422,-0.0395527935556145,2.6822143190349865,-4.116956616998999,-3.6791927619625135,-1.926459248977404,1.3386445612833937,-0.0970836571113509,3.9640161993147527,-0.4437652499698205,1.3249775036798923
95.0,212.0,129.90032958984375,-0.0395527923708443,2.68221431839324,-4.116956616999195,-3.679192762029346,-1.926459248976951,1.3386445612823432,-0.0970836571114462,3.963994514902663,-0.4437652499797858,1.3212177289049505
95.0,212.0,129.9003448486328,-0.0395527923790392,2.682214319014359,-4.116956616999195,-3.6791927620280607,-1.926459248976951,1.3386445612823432,-0.0970836571114462,3.963994686626135,-0.4437652499795637,1.3212173664128646
95.0,212.0,129.900390625,-0.0395527937181807,2.682214318389074,-4.116956616998925,-3.679192762031985,-1.9264592489769363,1.338644554719844,-0.0970836571096847,3.9639858016034872,-0.4437652499797858,1.3212113929304892
95.0,212.0,129.9004364013672,-0.0395527934662339,2.682214319631399,-4.116956616998998,-3.6791927619625135,-1.926459248977404,1.338644561257904,-0.097083657111338,3.964878922115921,-0.4437652497659767,1.3211866554986853
95.0,212.0,129.90048217773438,-0.0395527934662339,2.682214319014369,-4.116956616998999,-3.6791927619625135,-1.926459248977404,1.3386445612833804,-0.0970836571113509,3.9640161993147527,-0.4437652499696807,1.3211866554986853
95.0,212.0,129.90048217773438,-0.0395527934508526,2.682214319014369,-4.116956616998999,-3.679192761754096,-1.926459248977404,1.3386445612833804,-0.0970836571113509,3.9640161993147527,-0.4437652499372094,1.3211866554986853
95.0,212.0,129.90048217773438,-0.0395527934662339,2.682214319014369,-4.116956616998999,-3.6791927619625135,-1.926459248977404,1.3386445612833804,-0.0970836571113509,3.9640161993147527,-0.4437652499383994,1.3211866554986853
95.0,212.0,129.90048217773438,-0.0395527934508526,2.682214319014369,-4.116956616998999,-3.679192761754096,-1.926459248977404,1.3386445612833804,-0.0970836571113509,3.9640161993147527,-0.4437652499372094,1.3211866554986853
95.0,212.0,129.90048217773438,-0.0395527934662339,2.6822143190354018,-4.116956616998999,-3.6791927619650746,-1.9264592489773964,1.3386445612833782,-0.0970836571113509,3.96401370044821,-0.4437652499383994,1.3211866554986853
95.0,212.0,129.90049743652344,-0.0395527934662339,2.68221431963913,-4.116956616998998,-3.6791927619625135,-1.926459248977349,1.338644561257904,-0.097083657111338,3.96490427556851,-0.4437652497397997,1.3211817743578271
95.0,212.0,129.9005889892578,-0.0395527937181807,2.68221431839324,-4.116956616998932,-3.679192762031985,-1.9264592489769363,1.3386445612827031,-0.0970836571096847,3.9648056540170646,-0.4437652499797858,1.3250272445626587
95.0,212.0,129.900634765625,-0.0395527937181807,2.68221431903537,-4.116956616998932,-3.679192761965043,-1.9264592489769363,1.3386445612843056,-0.0970836571096847,3.964013787168711,-0.443765249981324,1.3211573732309645
95.0,212.0,129.90066528320312,-0.0395527937181807,2.68221431839324,-4.116956616998932,-3.679192762031985,-1.9264592489769363,1.3386445612827031,-0.0970836571096847,3.9640266340910375,-0.4437652499797858,1.3250272445626587
95.0,212.0,129.90066528320312,-0.0395527937181807,2.68221431839324,-4.116956616998932,-3.679192762031985,-1.9264592489769363,1.3386445612827031,-0.0970836571096847,3.9640266340910375,-0.4437652499797858,1.3250272445626587
95.0,212.0,129.90066528320312,-0.0395527937181807,2.68221431839324,-4.116956616998932,-3.679192762031201,-1.9264592489769363,1.3386445612827031,-0.0970836571096847,3.9640266340910375,-0.4437652500597926,1.3250272445626587
95.0,212.0,129.90066528320312,-0.0395527937181807,2.68221431839324,-4.116956616998932,-3.6791927620311657,-1.9264592489769363,1.3386445612827031,-0.0970836571096847,3.9640266340910375,-0.443765249981324,1.3250272445626587
95.0,212.0,129.90066528320312,-0.0395527937181807,2.6822143183895464,-4.116956616998932,-3.67919276203129,-1.92645924897738,1.3386445612827031,-0.0970836571096847,3.9640266340910375,-0.4437652499800347,1.3250272445626587
95.0,212.0,129.90066528320312,-0.0395527937181807,2.68221431839324,-4.116956616998932,-3.679192762031985,-1.9264592489769363,1.338644561282749,-0.0970836571096847,3.9640266340910375,-0.4437652499797858,1.3250272445626587
95.0,212.0,129.90066528320312,-0.0395527937181807,2.68221431839324,-4.116956616998932,-3.679192762031985,-1.9264592489769363,1.3386445612827031,-0.0970836571096847,3.9640266340910375,-0.4437652499797858,1.3250272445626587
95.0,212.0,129.90066528320312,-0.0395527937181807,2.68221431839324,-4.116956616998932,-3.6791927620311657,-1.9264592489769363,1.3386445612827031,-0.0970836571096847,3.9640266340910375,-0.443765249981324,1.3250272445626587
95.0,212.0,129.90066528320312,-0.0395527923907221,2.6822143347187257,-4.1169566169967045,-3.679192761762928,-1.92645924897694,1.3386445551336348,-0.0970836571113406,3.9639958938931104,-0.4437652500452813,1.325026087287276
95.0,212.0,129.90066528320312,-0.0395527937181807,2.68221431839324,-4.116956616998932,-3.6791927620311657,-1.9264592489769363,1.3386445612827031,-0.0970836571096847,3.9640266340910375,-0.443765249981324,1.3250272445626587
95.0,212.0,129.90066528320312,-0.0395527925294547,2.682214318408044,-4.116956616998932,-3.6791927620311657,-1.9264592489769363,1.338644561325372,-0.0970836571096847,3.9640264715412346,-0.4437652499781213,1.3250272445626587
95.0,212.0,129.90066528320312,-0.0395527937181807,2.6822143183895464,-4.116956616998932,-3.679192762031306,-1.926459248976954,1.3386445612827031,-0.0970836571096847,3.9640266340910375,-0.4437652499800347,1.3250272445626587
95.0,212.0,129.90066528320312,-0.0395527937181807,2.68221431839324,-4.116956616998932,-3.679192762031985,-1.9264592489769363,1.3386445612827509,-0.0970836571096847,3.9640266340910375,-0.4437652499637479,1.3250272445626587
95.0,212.0,129.90066528320312,-0.0395527937181807,2.68221431839324,-4.116956616998932,-3.679192762031985,-1.9264592489769363,1.3386445612827031,-0.0970836571096847,3.9640266340910375,-0.4437652499797858,1.3250272445626587
95.0,212.0,129.90066528320312,-0.0395527937181807,2.68221431839324,-4.116956616998932,-3.679192762031985,-1.9264592489769363,1.3386445612827031,-0.0970836571096847,3.9640266340910375,-0.4437652499797858,1.3250272445626587
95.0,212.0,129.90066528320312,-0.0395527937181807,2.68221431839324,-4.116956616998932,-3.679192762031985,-1.9264592489769363,1.3386445612827031,-0.0970836571096847,3.9640266340910375,-0.4437652499797858,1.3250272445626587
95.0,212.0,129.90066528320312,-0.0395527937181807,2.68221431839324,-4.116956616998932,-3.6791927620249214,-1.9264592489769363,1.3386445612827031,-0.0970836571114306,3.9640266340910375,-0.4437652500599228,1.3250272445626587
95.0,212.0,129.90066528320312,-0.0395527937181807,2.68221431839324,-4.116956616998932,-3.679192762031985,-1.9264592489769363,1.3386445612827031,-0.0970836571096847,3.9640266340910375,-0.4437652499797858,1.3250272445626587
95.0,212.0,129.90066528320312,-0.0395527937181807,2.68221431839324,-4.116956616998932,-3.679192762031985,-1.9264592489769363,1.3386445612827031,-0.0970836571096847,3.9640266340910375,-0.4437652499797858,1.3250272445626587
95.0,212.0,129.90066528320312,-0.0395527923907221,2.6822143347187257,-4.1169566169967045,-3.679192761762928,-1.92645924897694,1.3386445551336348,-0.0970836571113406,3.9639958938931104,-0.4437652500452813,1.325026087287276
95.0,212.0,129.90066528320312,-0.0395527937181807,2.68221431839324,-4.116956616998932,-3.679192762031985,-1.9264592489769363,1.3386445612827031,-0.0970836571096847,3.9640266340910375,-0.4437652499797858,1.3250272445626587
95.0,212.0,129.90066528320312,-0.0395527937181807,2.6822143183892915,-4.116956616998932,-3.679192762031966,-1.9264592489769536,1.3386445612827031,-0.0970836571096847,3.9640266340910375,-0.4437652499800347,1.3250272445626587
95.0,212.0,129.90066528320312,-0.0395527924120351,2.682214317912262,-4.11695661699891,-3.679192762031985,-1.9264592489769363,1.3386445613462183,-0.097083657111379,3.9640266340910375,-0.4437652499831522,1.3250272445626587
95.0,212.0,129.90066528320312,-0.0395527937181807,2.682214318408976,-4.116956616998932,-3.6791927620311657,-1.9264592489769363,1.3386445613257794,-0.0970836571096847,3.9640266340910375,-0.443765249981324,1.3250272445626587
95.0,212.0,129.90066528320312,-0.0395527925294547,2.6822143190219983,-4.11695661699893,-3.679192761959788,-1.9264592489769363,1.338644561323618,-0.0970836571096847,3.9640264715412346,-0.4437652499781213,1.3250272445626587
95.0,212.0,129.90066528320312,-0.0395527937181807,2.68221431839324,-4.116956616998932,-3.679192762031985,-1.9264592489769363,1.3386445612827031,-0.0970836571096847,3.9640266340910375,-0.4437652499797858,1.3250272445626587
95.0,212.0,129.90066528320312,-0.0395527937181807,2.6822143183934952,-4.116956616998932,-3.6791927620313247,-1.9264592489769368,1.3386445612827509,-0.0970836571096847,3.9640266340910375,-0.4437652499637479,1.3250272445626587
95.0,212.0,129.9007110595703,-0.039552792395828,2.682214318850446,-4.116956616998923,-3.6791927617608335,-1.9264592489769463,1.3386445548150745,-0.0970836571112594,3.964040556811296,-0.4437652500529888,1.325035358927486
95.0,213.0,129.89837646484375,-0.0395527924120351,2.682214317912262,-4.116956616998906,-3.6791927617334994,-1.9264592489769288,1.3386445613460305,-0.097083657111379,3.9640266340910375,-0.4437652499831522,1.3248191815599548
95.0,213.0,129.89913940429688,-0.0395527934501414,2.682214319014893,-4.116956616998932,-3.6791927617529785,-1.926459248977412,1.338644561283387,-0.0970836571096847,3.96402650802934,-0.4437652499797203,1.3214035718873327
95.0,213.0,129.89913940429688,-0.0395527934501414,2.682214319014893,-4.116956616998932,-3.6791927617529785,-1.926459248977412,1.338644561283387,-0.0970836571096847,3.96402650802934,-0.4437652499797203,1.3214035718873327
95.0,213.0,129.89913940429688,-0.0395527934501414,2.682214318415572,-4.116956616998932,-3.679192762017674,-1.9264592489774168,1.338644561283387,-0.0970836571096847,3.964026510829893,-0.4437652499813382,1.3214035718873327
95.0,213.0,129.89913940429688,-0.0395527934501414,2.682214319014893,-4.116956616998932,-3.679192762026231,-1.926459248977412,1.338644562580378,-0.0970836571096847,3.964026399106333,-0.4437652499797203,1.3214035718873327
95.0,213.0,129.89988708496094,-0.0395527924929067,2.6822143184077163,-4.116956616998932,-3.679192762031201,-1.9264592489769363,1.338644561325083,-0.0970836571113328,3.9640229352696,-0.4437652500597926,1.324949588645873
95.0,213.0,129.89988708496094,-0.0395527924929067,2.6822143184065106,-4.116956616998932,-3.679192761969467,-1.9264592489769363,1.3386445613234843,-0.0970836571113328,3.9640229352696,-0.4437652499675167,1.324949588645873
95.0,213.0,129.89988708496094,-0.0395527924929067,2.68221431839198,-4.116956616998932,-3.679192762031201,-1.9264592489769363,1.3386445612820068,-0.0970836571113328,3.9640229352696,-0.4437652500597926,1.324949588645873
95.0,213.0,129.89988708496094,-0.0395527937432896,2.6822143184065106,-4.116956616998932,-3.679192762029708,-1.9264592489769363,1.3386445613234843,-0.0970836571113453,3.9640229352696,-0.4437652499675167,1.324949588645873
95.0,213.0,129.89988708496094,-0.0395527924929067,2.6822143184077163,-4.116956616998932,-3.679192762031201,-1.9264592489769363,1.3386445613245876,-0.0970836571113328,3.9640229352696,-0.4437652500597926,1.324949588645873
95.0,213.0,129.89988708496094,-0.0395527924929067,2.6822143184077163,-4.116956616998932,-3.679192762031316,-1.9264592489769363,1.338644561325083,-0.0970836571113239,3.964022916331672,-0.4437652500574654,1.324949588645873
95.0,213.0,129.89988708496094,-0.0395527924944075,2.6822143189969205,-4.116956616998932,-3.679192762031201,-1.9264592489769363,1.338644561284426,-0.0970836571113325,3.9640229352696,-0.4437652500597926,1.324949588645873
95.0,213.0,129.89988708496094,-0.0395527937722815,2.682214318392039,-4.116956616998932,-3.679192762031261,-1.9264592489769363,1.3386445612820068,-0.0970836571113328,3.9640229352696,-0.4437652500597926,1.324949588645873
95.0,213.0,129.89993286132812,-0.0395527935559233,2.6822143184072123,-4.116956616998932,-3.679192761965573,-1.9264592489769403,1.3386445612827087,-0.0970836571096657,3.964823094425189,-0.4437652499675239,1.3249617122972197
95.0,213.0,129.8999481201172,-0.0395527935559233,2.682214318356704,-4.116956616998948,-3.679192762030737,-1.9264592489769403,1.3386445612827087,-0.0970836571096933,3.964823094425189,-0.4437652499795041,1.3249620100229778
95.0,213.0,129.8999481201172,-0.0395527935559233,2.682214318357299,-4.116956616998932,-3.679192762034422,-1.9264592489769403,1.3386445612827087,-0.0970836571096933,3.964823094425189,-0.4437652499675239,1.3249617311009692
95.0,213.0,129.9001922607422,-0.0395527935556145,2.6822143190349865,-4.116956616998999,-3.6791927619625135,-1.926459248977404,1.3386445612833937,-0.0970836571113509,3.9640161993147527,-0.4437652499698205,1.3249775036798923
95.0,213.0,129.90020751953125,-0.0395527935556145,2.682214319030567,-4.116956616998999,-3.679192762033738,-1.9264592489769243,1.3386445612833937,-0.0970836571113509,3.9640161993147527,-0.4437652499698205,1.3249788554618958
95.0,213.0,129.90032958984375,-0.0395527923708443,2.68221431839324,-4.116956616999195,-3.679192762029346,-1.926459248976951,1.3386445612823432,-0.0970836571114462,3.963994514902663,-0.4437652499797858,1.3212177289049505
95.0,213.0,129.9003448486328,-0.0395527923790392,2.682214319014359,-4.116956616999195,-3.6791927620280607,-1.926459248976951,1.3386445612823432,-0.0970836571114462,3.963994686626135,-0.4437652499795637,1.3212173664128646
95.0,213.0,129.9003448486328,-0.0395527923790392,2.682214319014359,-4.116956616999195,-3.6791927620280607,-1.926459248976951,1.3386445612823432,-0.0970836571114462,3.963994686626135,-0.4437652499795637,1.3212173664128646
95.0,213.0,129.900390625,-0.0395527937181807,2.682214318389074,-4.116956616998925,-3.679192762031985,-1.9264592489769363,1.338644554719844,-0.0970836571096847,3.9639858016034872,-0.4437652499797858,1.3212113929304892
95.0,213.0,129.90042114257812,-0.0395527937181807,2.6822143184015803,-4.116956616998998,-3.679192762038329,-1.926459248976932,1.338644554719844,-0.0970836571096847,3.963933373862543,-0.4437652497184997,1.3212113929304892
95.0,213.0,129.9004364013672,-0.0395527934662339,2.682214319631399,-4.116956616998998,-3.6791927619625135,-1.926459248977404,1.338644561257904,-0.097083657111338,3.964878922115921,-0.4437652497659767,1.3211866554986853
95.0,213.0,129.90048217773438,-0.0395527934662339,2.682214319014369,-4.116956616998999,-3.6791927619625135,-1.926459248977404,1.3386445612833804,-0.0970836571113509,3.9640161993147527,-0.4437652499696807,1.3211866554986853
95.0,213.0,129.90048217773438,-0.0395527934508526,2.682214319014369,-4.116956616998999,-3.679192761754096,-1.926459248977404,1.3386445612833804,-0.0970836571113509,3.9640161993147527,-0.4437652499372094,1.3211866554986853
95.0,213.0,129.90048217773438,-0.0395527934662339,2.682214319014369,-4.116956616998999,-3.6791927619625135,-1.926459248977404,1.3386445612833804,-0.0970836571113509,3.9640161993147527,-0.4437652499383994,1.3211866554986853
95.0,213.0,129.90048217773438,-0.0395527934508526,2.682214319014369,-4.116956616998999,-3.679192761754096,-1.926459248977404,1.3386445612833804,-0.0970836571113509,3.9640161993147527,-0.4437652499372094,1.3211866554986853
95.0,213.0,129.90048217773438,-0.0395527934662339,2.6822143190354018,-4.116956616998999,-3.6791927619650746,-1.9264592489773964,1.3386445612833782,-0.0970836571113509,3.96401370044821,-0.4437652499383994,1.3211866554986853
95.0,213.0,129.90048217773438,-0.0395527934639934,2.68221431901442,-4.116956616998999,-3.6791927619625135,-1.926459248977404,1.3386445612833804,-0.0970836571113509,3.964016128089001,-0.4437652499782408,1.3211866554986853
95.0,213.0,129.90048217773438,-0.0395527934493517,2.682214318425165,-4.116956616998999,-3.679192761754096,-1.926459248977404,1.3386445613240374,-0.0970836571113512,3.9640161993147527,-0.4437652499372094,1.3211866554986853
95.0,213.0,129.90049743652344,-0.0395527934662339,2.68221431963913,-4.116956616998998,-3.6791927619625135,-1.926459248977349,1.338644561257904,-0.097083657111338,3.96490427556851,-0.4437652497397997,1.3211817743578271
95.0,213.0,129.9005889892578,-0.0395527937181807,2.68221431839324,-4.116956616998932,-3.679192762031985,-1.9264592489769363,1.3386445612827031,-0.0970836571096847,3.9648056540170646,-0.4437652499797858,1.3250272445626587
95.0,213.0,129.90061950683594,-0.0395527934889838,2.682214319014893,-4.116956616998932,-3.679192761743726,-1.926459248977412,1.338644561283387,-0.0970836571096847,3.96402650802934,-0.443765249979721,1.325022541961886
95.0,213.0,129.900634765625,-0.0395527937181807,2.68221431903537,-4.116956616998932,-3.679192761965043,-1.9264592489769363,1.3386445612843056,-0.0970836571096847,3.964013787168711,-0.443765249981324,1.3211573732309645
95.0,213.0,129.90065002441406,-0.039552793718178,2.68221431839324,-4.116956616998932,-3.679192762031985,-1.9264592489769363,1.3386445612852074,-0.0970836571096847,3.9640266340910375,-0.4437652499808854,1.325025375071693
95.0,213.0,129.90066528320312,-0.0395527937181807,2.68221431839324,-4.116956616998932,-3.679192762031985,-1.9264592489769363,1.3386445612827031,-0.0970836571096847,3.9640266340910375,-0.4437652499797858,1.3250272445626587
95.0,213.0,129.90066528320312,-0.0395527937181807,2.68221431839324,-4.116956616998932,-3.679192762031985,-1.9264592489769363,1.3386445612827031,-0.0970836571096847,3.9640266340910375,-0.4437652499797858,1.3250272445626587
95.0,213.0,129.90066528320312,-0.0395527937181807,2.68221431839324,-4.116956616998932,-3.679192762031201,-1.9264592489769363,1.3386445612827031,-0.0970836571096847,3.9640266340910375,-0.4437652500597926,1.3250272445626587
95.0,213.0,129.90066528320312,-0.0395527937181807,2.68221431839324,-4.116956616998932,-3.6791927620311657,-1.9264592489769363,1.3386445612827031,-0.0970836571096847,3.9640266340910375,-0.443765249981324,1.3250272445626587
95.0,213.0,129.90066528320312,-0.0395527937181807,2.6822143183895464,-4.116956616998932,-3.67919276203129,-1.92645924897738,1.3386445612827031,-0.0970836571096847,3.9640266340910375,-0.4437652499800347,1.3250272445626587
95.0,213.0,129.90066528320312,-0.0395527937181807,2.68221431839324,-4.116956616998932,-3.679192762031985,-1.9264592489769363,1.338644561282749,-0.0970836571096847,3.9640266340910375,-0.4437652499797858,1.3250272445626587
95.0,213.0,129.90066528320312,-0.0395527937181807,2.68221431839324,-4.116956616998932,-3.679192762031985,-1.9264592489769363,1.3386445612827031,-0.0970836571096847,3.9640266340910375,-0.4437652499797858,1.3250272445626587
95.0,213.0,129.90066528320312,-0.0395527937181807,2.68221431839324,-4.116956616998932,-3.6791927620311657,-1.9264592489769363,1.3386445612827031,-0.0970836571096847,3.9640266340910375,-0.443765249981324,1.3250272445626587
95.0,213.0,129.90066528320312,-0.0395527923907221,2.6822143347187257,-4.1169566169967045,-3.679192761762928,-1.92645924897694,1.3386445551336348,-0.0970836571113406,3.9639958938931104,-0.4437652500452813,1.325026087287276
95.0,213.0,129.90066528320312,-0.0395527937181807,2.68221431839324,-4.116956616998932,-3.6791927620311657,-1.9264592489769363,1.3386445612827031,-0.0970836571096847,3.9640266340910375,-0.443765249981324,1.3250272445626587
95.0,213.0,129.90066528320312,-0.0395527925294547,2.682214318408044,-4.116956616998932,-3.6791927620311657,-1.9264592489769363,1.338644561325372,-0.0970836571096847,3.9640264715412346,-0.4437652499781213,1.3250272445626587
95.0,213.0,129.90066528320312,-0.0395527937181807,2.6822143183895464,-4.116956616998932,-3.679192762031306,-1.926459248976954,1.3386445612827031,-0.0970836571096847,3.9640266340910375,-0.4437652499800347,1.3250272445626587
95.0,213.0,129.90066528320312,-0.0395527937181807,2.68221431839324,-4.116956616998932,-3.679192762031985,-1.9264592489769363,1.3386445612827509,-0.0970836571096847,3.9640266340910375,-0.4437652499637479,1.3250272445626587
95.0,213.0,129.90066528320312,-0.0395527937181807,2.68221431839324,-4.116956616998932,-3.679192762031985,-1.9264592489769363,1.3386445612827031,-0.0970836571096847,3.9640266340910375,-0.4437652499797858,1.3250272445626587
95.0,214.0,129.89837646484375,-0.0395527924120351,2.682214317912262,-4.116956616998906,-3.6791927617334994,-1.9264592489769288,1.3386445613460305,-0.097083657111379,3.9640266340910375,-0.4437652499831522,1.3248191815599548
95.0,214.0,129.89907836914062,-0.0395527934485499,2.6822143190370435,-4.116956616998948,-3.6791927617529785,-1.92645924897746,1.3386445612826905,-0.0970836571096847,3.9648227808186514,-0.4437652499797163,1.3214035718873327
95.0,214.0,129.89913940429688,-0.0395527934501414,2.682214319014893,-4.116956616998932,-3.6791927617529785,-1.926459248977412,1.338644561283387,-0.0970836571096847,3.96402650802934,-0.4437652499797203,1.3214035718873327
95.0,214.0,129.89913940429688,-0.0395527934501414,2.682214319014893,-4.116956616998932,-3.6791927617529785,-1.926459248977412,1.338644561283387,-0.0970836571096847,3.96402650802934,-0.4437652499797203,1.3214035718873327
95.0,214.0,129.89913940429688,-0.0395527934501414,2.682214318415572,-4.116956616998932,-3.679192762017674,-1.9264592489774168,1.338644561283387,-0.0970836571096847,3.964026510829893,-0.4437652499813382,1.3214035718873327
95.0,214.0,129.89913940429688,-0.0395527934501414,2.682214319014893,-4.116956616998932,-3.679192762026231,-1.926459248977412,1.338644562580378,-0.0970836571096847,3.964026399106333,-0.4437652499797203,1.3214035718873327
95.0,214.0,129.89913940429688,-0.0395527934501414,2.682214318415572,-4.116956616998932,-3.679192762017674,-1.9264592489774168,1.338644561283387,-0.0970836571096847,3.964026510829893,-0.4437652499813382,1.3214035718873327
95.0,214.0,129.8994140625,-0.0395527934279939,2.682214319014893,-4.116956616998932,-3.679192761756064,-1.926459248977412,1.338644561283387,-0.1013104000358747,3.96402650802934,-0.4437652499797203,1.321448138330359
95.0,214.0,129.89971923828125,-0.0395527937491949,2.682214318394686,-4.116956616998932,-3.679192762031316,-1.9264592489769363,1.3386445612825564,-0.0970836571113119,3.964022916331672,-0.4437652500608759,1.3249346721005724
95.0,214.0,129.89988708496094,-0.0395527924929067,2.6822143184077163,-4.116956616998932,-3.679192762031201,-1.9264592489769363,1.338644561325083,-0.0970836571113328,3.9640229352696,-0.4437652500597926,1.324949588645873
95.0,214.0,129.89988708496094,-0.0395527924929067,2.6822143184065106,-4.116956616998932,-3.679192761969467,-1.9264592489769363,1.3386445613234843,-0.0970836571113328,3.9640229352696,-0.4437652499675167,1.324949588645873
95.0,214.0,129.89988708496094,-0.0395527924929067,2.68221431839198,-4.116956616998932,-3.679192762031201,-1.9264592489769363,1.3386445612820068,-0.0970836571113328,3.9640229352696,-0.4437652500597926,1.324949588645873
95.0,214.0,129.89988708496094,-0.0395527937432896,2.6822143184065106,-4.116956616998932,-3.679192762029708,-1.9264592489769363,1.3386445613234843,-0.0970836571113453,3.9640229352696,-0.4437652499675167,1.324949588645873
95.0,214.0,129.89988708496094,-0.0395527924929067,2.6822143184077163,-4.116956616998932,-3.679192762031201,-1.9264592489769363,1.3386445613245876,-0.0970836571113328,3.9640229352696,-0.4437652500597926,1.324949588645873
95.0,214.0,129.89988708496094,-0.0395527924929067,2.6822143184077163,-4.116956616998932,-3.679192762031316,-1.9264592489769363,1.338644561325083,-0.0970836571113239,3.964022916331672,-0.4437652500574654,1.324949588645873
95.0,214.0,129.89988708496094,-0.0395527924944075,2.6822143189969205,-4.116956616998932,-3.679192762031201,-1.9264592489769363,1.338644561284426,-0.0970836571113325,3.9640229352696,-0.4437652500597926,1.324949588645873
95.0,214.0,129.89988708496094,-0.0395527937722815,2.682214318392039,-4.116956616998932,-3.679192762031261,-1.9264592489769363,1.3386445612820068,-0.0970836571113328,3.9640229352696,-0.4437652500597926,1.324949588645873
95.0,214.0,129.89988708496094,-0.0395527924902311,2.68221431839198,-4.116956616998932,-3.679192762030268,-1.9264592489769363,1.3386445612833828,-0.0970836571113328,3.9640230278378494,-0.443765249975426,1.324949588645873
95.0,214.0,129.89988708496094,-0.0395527937432896,2.6822143184065106,-4.116956616998932,-3.679192762031223,-1.9264592489769363,1.3386445613234843,-0.0970836571113452,3.9640229352696,-0.4437652500688456,1.324949588645873
95.0,214.0,129.89988708496094,-0.0395527924929067,2.6822143184077163,-4.116956616998932,-3.679192762031201,-1.9264592489769363,1.3386445613250697,-0.0970836571113328,3.9640229352696,-0.4437652500597926,1.324949588645873
95.0,214.0,129.89988708496094,-0.0395527924155477,2.6822143189593164,-4.116956616998934,-3.679192762031201,-1.926459248976954,1.338644561284426,-0.0970836571113325,3.964023030274605,-0.4437652499419097,1.324949588645873
95.0,214.0,129.89991760253906,-0.0395527924944075,2.6822143189969205,-4.116956616998936,-3.67919276196329,-1.926459248977384,1.3386445612844111,-0.0970836571113325,3.9640229352696,-0.4437652500597926,1.324953255883112
95.0,214.0,129.89993286132812,-0.0395527935559233,2.6822143184072123,-4.116956616998932,-3.679192761965573,-1.9264592489769403,1.3386445612827087,-0.0970836571096657,3.964823094425189,-0.4437652499675239,1.3249617122972197
95.0,214.0,129.89993286132812,-0.0395527935559233,2.6822143184072123,-4.116956616998932,-3.679192761965573,-1.9264592489769403,1.3386445612827087,-0.0970836571096657,3.964823094425189,-0.4437652499675239,1.3249617122972197
95.0,214.0,129.8999481201172,-0.0395527935559233,2.682214318356704,-4.116956616998948,-3.679192762030737,-1.9264592489769403,1.3386445612827087,-0.0970836571096933,3.964823094425189,-0.4437652499795041,1.3249620100229778
95.0,214.0,129.8999481201172,-0.0395527935559233,2.682214318357299,-4.116956616998932,-3.679192762034422,-1.9264592489769403,1.3386445612827087,-0.0970836571096933,3.964823094425189,-0.4437652499675239,1.3249617311009692
95.0,214.0,129.9001922607422,-0.0395527935556145,2.6822143190349865,-4.116956616998999,-3.6791927619625135,-1.926459248977404,1.3386445612833937,-0.0970836571113509,3.9640161993147527,-0.4437652499698205,1.3249775036798923
95.0,214.0,129.9001922607422,-0.0395527935556145,2.68221431782966,-4.116956616998999,-3.67919276195265,-1.926459248977404,1.3386445612833937,-0.0970836571113506,3.964016163207164,-0.443765249983401,1.3249775036798923
95.0,214.0,129.9001922607422,-0.0395527935556145,2.6822143183731164,-4.116956616999001,-3.6791927619625135,-1.926459248977404,1.3386445612874205,-0.0970836571113509,3.9640161993147527,-0.4437652499698205,1.3249775036798923
95.0,214.0,129.90020751953125,-0.0395527935556145,2.682214319030567,-4.116956616998999,-3.679192762033738,-1.9264592489769243,1.3386445612833937,-0.0970836571113509,3.9640161993147527,-0.4437652499698205,1.3249788554618958
95.0,214.0,129.90032958984375,-0.0395527923708443,2.68221431839324,-4.116956616999195,-3.679192762029346,-1.926459248976951,1.3386445612823432,-0.0970836571114462,3.963994514902663,-0.4437652499797858,1.3212177289049505
95.0,214.0,129.90032958984375,-0.0395527934501414,2.682214319014893,-4.116956616998995,-3.679192762026344,-1.9264592489774084,1.338644562298757,-0.0970836571096847,3.964026399106333,-0.4437652499797203,1.3212128447577849
95.0,214.0,129.9003448486328,-0.0395527923790392,2.682214319014359,-4.116956616999195,-3.6791927620280607,-1.926459248976951,1.3386445612823432,-0.0970836571114462,3.963994686626135,-0.4437652499795637,1.3212173664128646
95.0,214.0,129.9003448486328,-0.0395527923790392,2.682214319014359,-4.116956616999195,-3.6791927620280607,-1.926459248976951,1.3386445612823432,-0.0970836571114462,3.963994686626135,-0.4437652499795637,1.3212173664128646
95.0,214.0,129.900390625,-0.0395527937181807,2.682214318389074,-4.116956616998925,-3.679192762031985,-1.9264592489769363,1.338644554719844,-0.0970836571096847,3.9639858016034872,-0.4437652499797858,1.3212113929304892
95.0,214.0,129.90042114257812,-0.0395527937181807,2.6822143184015803,-4.116956616998998,-3.679192762038329,-1.926459248976932,1.338644554719844,-0.0970836571096847,3.963933373862543,-0.4437652497184997,1.3212113929304892
95.0,214.0,129.90042114257812,-0.0395527937181807,2.6822143184015803,-4.116956616998998,-3.679192762038329,-1.926459248976932,1.338644554719844,-0.0970836571096847,3.963933373862543,-0.4437652497184997,1.3212113929304892
95.0,214.0,129.9004364013672,-0.0395527934662339,2.682214319631399,-4.116956616998998,-3.6791927619625135,-1.926459248977404,1.338644561257904,-0.097083657111338,3.964878922115921,-0.4437652497659767,1.3211866554986853
95.0,214.0,129.90045166015625,-0.0395527934662339,2.682214319631399,-4.116956616998998,-3.6791927619625135,-1.926459248977404,1.338644561257904,-0.097083657111338,3.9648917873025487,-0.443765249766704,1.3211866554986853
95.0,214.0,129.90048217773438,-0.0395527934662339,2.682214319014369,-4.116956616998999,-3.6791927619625135,-1.926459248977404,1.3386445612833804,-0.0970836571113509,3.9640161993147527,-0.4437652499696807,1.3211866554986853
95.0,214.0,129.90048217773438,-0.0395527934508526,2.682214319014369,-4.116956616998999,-3.679192761754096,-1.926459248977404,1.3386445612833804,-0.0970836571113509,3.9640161993147527,-0.4437652499372094,1.3211866554986853
95.0,214.0,129.90048217773438,-0.0395527934662339,2.682214319014369,-4.116956616998999,-3.6791927619625135,-1.926459248977404,1.3386445612833804,-0.0970836571113509,3.9640161993147527,-0.4437652499383994,1.3211866554986853
95.0,214.0,129.90048217773438,-0.0395527934508526,2.682214319014369,-4.116956616998999,-3.679192761754096,-1.926459248977404,1.3386445612833804,-0.0970836571113509,3.9640161993147527,-0.4437652499372094,1.3211866554986853
95.0,214.0,129.90048217773438,-0.0395527934662339,2.6822143190354018,-4.116956616998999,-3.6791927619650746,-1.9264592489773964,1.3386445612833782,-0.0970836571113509,3.96401370044821,-0.4437652499383994,1.3211866554986853
95.0,214.0,129.90048217773438,-0.0395527934639934,2.68221431901442,-4.116956616998999,-3.6791927619625135,-1.926459248977404,1.3386445612833804,-0.0970836571113509,3.964016128089001,-0.4437652499782408,1.3211866554986853
95.0,214.0,129.90048217773438,-0.0395527934493517,2.682214318425165,-4.116956616998999,-3.679192761754096,-1.926459248977404,1.3386445613240374,-0.0970836571113512,3.9640161993147527,-0.4437652499372094,1.3211866554986853
95.0,214.0,129.90048217773438,-0.0395527935282116,2.6822143184627687,-4.116956616998998,-3.679192761754096,-1.9264592489773864,1.3386445613240374,-0.0970836571113512,3.964016104309748,-0.4437652500550923,1.3211866554986853
95.0,214.0,129.90048217773438,-0.0395527934508526,2.6822143189827576,-4.116956616998999,-3.679192761747767,-1.926459248977404,1.3386445612833864,-0.0970836571113509,3.9640161993147527,-0.4437652499372094,1.3211866554986853
95.0,214.0,129.90049743652344,-0.0395527934662339,2.68221431963913,-4.116956616998998,-3.6791927619625135,-1.926459248977349,1.338644561257904,-0.097083657111338,3.96490427556851,-0.4437652497397997,1.3211817743578271
95.0,214.0,129.90049743652344,-0.0395527934662339,2.6822143190354018,-4.116956616998999,-3.6791927619650746,-1.9264592489773964,1.3386445612833782,-0.0970836571113509,3.964000835261584,-0.4437652499376719,1.3211866554986853
95.0,215.0,129.89784240722656,-0.039552793547406,2.682214318334624,-4.11695661699893,-3.6791927620280607,-1.926459248976951,1.3386445612823432,-0.0970836571095698,3.96379417312033,-0.4437652499795718,1.3247249210761038
95.0,215.0,129.89837646484375,-0.0395527924120351,2.682214317912262,-4.116956616998906,-3.6791927617334994,-1.9264592489769288,1.3386445613460305,-0.097083657111379,3.9640266340910375,-0.4437652499831522,1.3248191815599548
95.0,215.0,129.89837646484375,-0.0395527924120351,2.682214317912262,-4.116956616998906,-3.6791927617334994,-1.9264592489769288,1.3386445613445077,-0.097083657111379,3.964784434061892,-0.4437652499672126,1.324826815555288
95.0,215.0,129.89837646484375,-0.0395527924120351,2.682214317912262,-4.116956616998906,-3.6791927617334994,-1.926459248976943,1.3386445613460305,-0.097083657111379,3.964026638309645,-0.4437652499831522,1.3248191815599548
95.0,215.0,129.89881896972656,-0.0395527923790392,2.682214319009548,-4.116956616998967,-3.679192762028057,-1.926459248976937,1.3386445612823432,-0.0970836571114462,3.963994686626135,-0.4437652499795637,1.3248560776174347
95.0,215.0,129.89892578125,-0.0395527923875565,2.6822143190370342,-4.116956616999197,-3.679192762034422,-1.9264592489769403,1.3386445612827087,-0.0970836571115697,3.9650236079309935,-0.4437652499675159,1.3214541764377297
95.0,215.0,129.89907836914062,-0.0395527934485499,2.6822143190370435,-4.116956616998948,-3.6791927617529785,-1.92645924897746,1.3386445612826905,-0.0970836571096847,3.9648227808186514,-0.4437652499797163,1.3214035718873327
95.0,215.0,129.89913940429688,-0.0395527934501414,2.682214319014893,-4.116956616998932,-3.6791927617529785,-1.926459248977412,1.338644561283387,-0.0970836571096847,3.96402650802934,-0.4437652499797203,1.3214035718873327
95.0,215.0,129.89913940429688,-0.0395527934501414,2.682214319014893,-4.116956616998932,-3.6791927617529785,-1.926459248977412,1.338644561283387,-0.0970836571096847,3.96402650802934,-0.4437652499797203,1.3214035718873327
95.0,215.0,129.89913940429688,-0.0395527934501414,2.682214318415572,-4.116956616998932,-3.679192762017674,-1.9264592489774168,1.338644561283387,-0.0970836571096847,3.964026510829893,-0.4437652499813382,1.3214035718873327
95.0,215.0,129.89913940429688,-0.0395527934501414,2.682214319014893,-4.116956616998932,-3.679192762026231,-1.926459248977412,1.338644562580378,-0.0970836571096847,3.964026399106333,-0.4437652499797203,1.3214035718873327
95.0,215.0,129.89913940429688,-0.0395527934501414,2.682214318415572,-4.116956616998932,-3.679192762017674,-1.9264592489774168,1.338644561283387,-0.0970836571096847,3.964026510829893,-0.4437652499813382,1.3214035718873327
95.0,215.0,129.89913940429688,-0.0395527934501414,2.682214318453106,-4.116956616998932,-3.679192762017674,-1.9264592489774168,1.338644561283387,-0.0970836571096847,3.964026508131457,-0.4437652499813382,1.3214035718873327
95.0,215.0,129.89913940429688,-0.0395527934501414,2.682214318416076,-4.116956616998932,-3.679192762017674,-1.9264592489774168,1.3386445612833688,-0.0970836571096847,3.964905710315168,-0.4437652499685204,1.3214035718873327
95.0,215.0,129.89913940429688,-0.0395527934501414,2.682214318977357,-4.116956616998932,-3.6791927617529785,-1.926459248977412,1.338644561283387,-0.0970836571096847,3.964026510727776,-0.4437652499797203,1.3214035718873327
95.0,215.0,129.89918518066406,-0.0395527924983094,2.682214319014893,-4.116956616998932,-3.679192761755617,-1.9264592489774128,1.338644561283387,-0.1013104000358747,3.96402650802934,-0.4437652499797203,1.321477376058917
95.0,215.0,129.8992156982422,-0.0395527937091144,2.682214319014893,-4.116956616999,-3.6791927620380784,-1.926459248977412,1.338644562580378,-0.0970836571096847,3.963936779318352,-0.4437652497137967,1.3214035718873327
95.0,215.0,129.8994140625,-0.0395527934279939,2.682214319014893,-4.116956616998932,-3.679192761756064,-1.926459248977412,1.338644561283387,-0.1013104000358747,3.96402650802934,-0.4437652499797203,1.321448138330359
95.0,215.0,129.89955139160156,-0.0395527934199157,2.68221431839198,-4.116956616998932,-3.6791927620307145,-1.926459248976936,1.3386445612833828,-0.0970836571113328,3.9640230278378494,-0.443765249975426,1.3249203509173149
95.0,215.0,129.89971923828125,-0.0395527937491949,2.682214318394686,-4.116956616998932,-3.679192762031316,-1.9264592489769363,1.3386445612825564,-0.0970836571113119,3.964022916331672,-0.4437652500608759,1.3249346721005724
95.0,215.0,129.89971923828125,-0.0395527937581641,2.6822143184085245,-4.116956616998932,-3.679192762031316,-1.9264592489769363,1.3386445613253457,-0.0970836571113244,3.964022916331672,-0.4437652500608114,1.3249346721005724
95.0,215.0,129.89976501464844,-0.0395527937432896,2.6822143184113223,-4.11695661699916,-3.679192762029712,-1.9264592489769508,1.3386445613234843,-0.0970836571113453,3.9640229352696,-0.4437652499675167,1.3213108774413032
95.0,215.0,129.89988708496094,-0.0395527924929067,2.6822143184077163,-4.116956616998932,-3.679192762031201,-1.9264592489769363,1.338644561325083,-0.0970836571113328,3.9640229352696,-0.4437652500597926,1.324949588645873
95.0,215.0,129.89988708496094,-0.0395527924929067,2.6822143184065106,-4.116956616998932,-3.679192761969467,-1.9264592489769363,1.3386445613234843,-0.0970836571113328,3.9640229352696,-0.4437652499675167,1.324949588645873
95.0,215.0,129.89988708496094,-0.0395527924929067,2.68221431839198,-4.116956616998932,-3.679192762031201,-1.9264592489769363,1.3386445612820068,-0.0970836571113328,3.9640229352696,-0.4437652500597926,1.324949588645873
95.0,215.0,129.89988708496094,-0.0395527937432896,2.6822143184065106,-4.116956616998932,-3.679192762029708,-1.9264592489769363,1.3386445613234843,-0.0970836571113453,3.9640229352696,-0.4437652499675167,1.324949588645873
95.0,215.0,129.89988708496094,-0.0395527924929067,2.6822143184077163,-4.116956616998932,-3.679192762031201,-1.9264592489769363,1.3386445613245876,-0.0970836571113328,3.9640229352696,-0.4437652500597926,1.324949588645873
95.0,215.0,129.89988708496094,-0.0395527924929067,2.6822143184077163,-4.116956616998932,-3.679192762031316,-1.9264592489769363,1.338644561325083,-0.0970836571113239,3.964022916331672,-0.4437652500574654,1.324949588645873
95.0,215.0,129.89988708496094,-0.0395527924944075,2.6822143189969205,-4.116956616998932,-3.679192762031201,-1.9264592489769363,1.338644561284426,-0.0970836571113325,3.9640229352696,-0.4437652500597926,1.324949588645873
95.0,215.0,129.89988708496094,-0.0395527937722815,2.682214318392039,-4.116956616998932,-3.679192762031261,-1.9264592489769363,1.3386445612820068,-0.0970836571113328,3.9640229352696,-0.4437652500597926,1.324949588645873
95.0,215.0,129.89988708496094,-0.0395527924902311,2.68221431839198,-4.116956616998932,-3.679192762030268,-1.9264592489769363,1.3386445612833828,-0.0970836571113328,3.9640230278378494,-0.443765249975426,1.324949588645873
95.0,215.0,129.89988708496094,-0.0395527937432896,2.6822143184065106,-4.116956616998932,-3.679192762031223,-1.9264592489769363,1.3386445613234843,-0.0970836571113452,3.9640229352696,-0.4437652500688456,1.324949588645873
95.0,215.0,129.89988708496094,-0.0395527924929067,2.6822143184077163,-4.116956616998932,-3.679192762031201,-1.9264592489769363,1.3386445613250697,-0.0970836571113328,3.9640229352696,-0.4437652500597926,1.324949588645873
95.0,215.0,129.89988708496094,-0.0395527924155477,2.6822143189593164,-4.116956616998934,-3.679192762031201,-1.926459248976954,1.338644561284426,-0.0970836571113325,3.964023030274605,-0.4437652499419097,1.324949588645873
95.0,215.0,129.89988708496094,-0.0395527924944075,2.6822143189969205,-4.116956616998932,-3.679192762031201,-1.9264592489769363,1.338644561284426,-0.0970836571113325,3.9640229352696,-0.4437652500597926,1.324949588645873
95.0,215.0,129.89988708496094,-0.0395527924776534,2.6822143184065106,-4.116956616998932,-3.679192762031223,-1.9264592489769363,1.33864456132761,-0.0970836571113329,3.9640229352696,-0.4437652500688456,1.324949588645873
95.0,215.0,129.89988708496094,-0.0395527924929067,2.6822143184077163,-4.116956616998932,-3.679192762031201,-1.9264592489769363,1.3386445613250697,-0.0970836571113328,3.9640229352696,-0.4437652500597926,1.324949588645873
95.0,215.0,129.89990234375,-0.0395527924155477,2.6822143189593164,-4.116956616999001,-3.679192762031201,-1.9264592489774048,1.3386445612833917,-0.0970836571113503,3.9640162565844657,-0.4437652499419097,1.3249496446067284
95.0,215.0,129.89991760253906,-0.0395527924944075,2.6822143189969205,-4.116956616998936,-3.67919276196329,-1.926459248977384,1.3386445612844111,-0.0970836571113325,3.9640229352696,-0.4437652500597926,1.324953255883112
95.0,215.0,129.89991760253906,-0.0395527924944075,2.682214318999255,-4.116956616998948,-3.679192761750506,-1.9264592489773849,1.3386445612844111,-0.0970836571095799,3.9640229352696,-0.4437652500597926,1.324953255883112
95.0,215.0,129.89993286132812,-0.0395527935559233,2.6822143184072123,-4.116956616998932,-3.679192761965573,-1.9264592489769403,1.3386445612827087,-0.0970836571096657,3.964823094425189,-0.4437652499675239,1.3249617122972197
95.0,215.0,129.89993286132812,-0.0395527935559233,2.6822143184072123,-4.116956616998932,-3.679192761965573,-1.9264592489769403,1.3386445612827087,-0.0970836571096657,3.964823094425189,-0.4437652499675239,1.3249617122972197
95.0,215.0,129.8999481201172,-0.0395527935559233,2.682214318356704,-4.116956616998948,-3.679192762030737,-1.9264592489769403,1.3386445612827087,-0.0970836571096933,3.964823094425189,-0.4437652499795041,1.3249620100229778
95.0,215.0,129.8999481201172,-0.0395527935559233,2.682214318357299,-4.116956616998932,-3.679192762034422,-1.9264592489769403,1.3386445612827087,-0.0970836571096933,3.964823094425189,-0.4437652499675239,1.3249617311009692
95.0,215.0,129.8999481201172,-0.0395527935559233,2.682214318356704,-4.116956616998948,-3.679192762030737,-1.9264592489769403,1.3386445612827087,-0.0970836571096933,3.964823094425189,-0.4437652499795041,1.3249620100229778
95.0,215.0,129.90005493164062,-0.0395527924929067,2.6822143184077163,-4.116956616998932,-3.679192762034467,-1.9264592489769363,1.338644561325083,-0.0970836571113328,3.963992274743117,-0.4437652500597926,1.3249620816116254
95.0,215.0,129.90011596679688,-0.0395527934479571,2.68221431904912,-4.116956616998945,-3.6791927619625135,-1.926459248977404,1.3386445612874205,-0.0970836571096451,3.964842876248999,-0.4437652499688845,1.3249775036798923
95.0,215.0,129.9001922607422,-0.0395527935556145,2.6822143190349865,-4.116956616998999,-3.6791927619625135,-1.926459248977404,1.3386445612833937,-0.0970836571113509,3.9640161993147527,-0.4437652499698205,1.3249775036798923
95.0,215.0,129.9001922607422,-0.0395527935556145,2.68221431782966,-4.116956616998999,-3.67919276195265,-1.926459248977404,1.3386445612833937,-0.0970836571113506,3.964016163207164,-0.443765249983401,1.3249775036798923
95.0,215.0,129.9001922607422,-0.0395527935556145,2.6822143183731164,-4.116956616999001,-3.6791927619625135,-1.926459248977404,1.3386445612874205,-0.0970836571113509,3.9640161993147527,-0.4437652499698205,1.3249775036798923
95.0,216.0,129.89759826660156,-0.039552793547406,2.6822143183957,-4.11695661699893,-3.6791927620280607,-1.926459248976951,1.3386445612823432,-0.0970836571113735,3.964018760414994,-0.4437652499795718,1.3247249210761038
95.0,216.0,129.89784240722656,-0.039552793547406,2.682214318334624,-4.11695661699893,-3.6791927620280607,-1.926459248976951,1.3386445612823432,-0.0970836571095698,3.96379417312033,-0.4437652499795718,1.3247249210761038
95.0,216.0,129.89833068847656,-0.0395527924120351,2.682214317912262,-4.116956616998906,-3.6791927617334994,-1.9264592489769288,1.338644561345658,-0.097083657111379,3.964777605711798,-0.4437652499671701,1.324823628417525
95.0,216.0,129.89837646484375,-0.0395527924120351,2.682214317912262,-4.116956616998906,-3.6791927617334994,-1.9264592489769288,1.3386445613460305,-0.097083657111379,3.9640266340910375,-0.4437652499831522,1.3248191815599548
95.0,216.0,129.89837646484375,-0.0395527924120351,2.682214317912262,-4.116956616998906,-3.6791927617334994,-1.9264592489769288,1.3386445613445077,-0.097083657111379,3.964784434061892,-0.4437652499672126,1.324826815555288
95.0,216.0,129.89837646484375,-0.0395527924120351,2.682214317912262,-4.116956616998906,-3.6791927617334994,-1.926459248976943,1.3386445613460305,-0.097083657111379,3.964026638309645,-0.4437652499831522,1.3248191815599548
95.0,216.0,129.89837646484375,-0.0395527924120351,2.682214317912262,-4.116956616998906,-3.6791927617334994,-1.926459248976943,1.3386445613460305,-0.097083657111379,3.964026638309645,-0.4437652499831522,1.3248191815599548
95.0,216.0,129.89837646484375,-0.0395527924957213,2.682214317912262,-4.116956616998905,-3.6791927617334994,-1.9264592489769288,1.3386445613488145,-0.097083657111333,3.964026454664821,-0.4437652499819082,1.3248191815599548
95.0,216.0,129.89881896972656,-0.0395527923790392,2.682214319009548,-4.116956616998967,-3.679192762028057,-1.926459248976937,1.3386445612823432,-0.0970836571114462,3.963994686626135,-0.4437652499795637,1.3248560776174347
95.0,216.0,129.89881896972656,-0.0395527923850346,2.682214319014483,-4.116956616998967,-3.6791927620281,-1.926459248976937,1.3386445613253233,-0.0970836571114462,3.963994686626135,-0.443765249984331,1.3248560776174347
95.0,216.0,129.89892578125,-0.0395527923875565,2.6822143190370342,-4.116956616999197,-3.679192762034422,-1.9264592489769403,1.3386445612827087,-0.0970836571115697,3.9650236079309935,-0.4437652499675159,1.3214541764377297
95.0,216.0,129.89907836914062,-0.0395527934485499,2.6822143190370435,-4.116956616998948,-3.6791927617529785,-1.92645924897746,1.3386445612826905,-0.0970836571096847,3.9648227808186514,-0.4437652499797163,1.3214035718873327
95.0,216.0,129.89907836914062,-0.0395527934485499,2.6822143190370435,-4.116956616998948,-3.6791927617529785,-1.92645924897746,1.3386445612826905,-0.0970836571096847,3.964834694548717,-0.443765249979708,1.3214035718873327
95.0,216.0,129.89913940429688,-0.0395527934501414,2.682214319014893,-4.116956616998932,-3.6791927617529785,-1.926459248977412,1.338644561283387,-0.0970836571096847,3.96402650802934,-0.4437652499797203,1.3214035718873327
95.0,216.0,129.89913940429688,-0.0395527934501414,2.682214319014893,-4.116956616998932,-3.6791927617529785,-1.926459248977412,1.338644561283387,-0.0970836571096847,3.96402650802934,-0.4437652499797203,1.3214035718873327
95.0,216.0,129.89913940429688,-0.0395527934501414,2.682214318415572,-4.116956616998932,-3.679192762017674,-1.9264592489774168,1.338644561283387,-0.0970836571096847,3.964026510829893,-0.4437652499813382,1.3214035718873327
95.0,216.0,129.89913940429688,-0.0395527934501414,2.682214319014893,-4.116956616998932,-3.679192762026231,-1.926459248977412,1.338644562580378,-0.0970836571096847,3.964026399106333,-0.4437652499797203,1.3214035718873327
95.0,216.0,129.89913940429688,-0.0395527934501414,2.682214318415572,-4.116956616998932,-3.679192762017674,-1.9264592489774168,1.338644561283387,-0.0970836571096847,3.964026510829893,-0.4437652499813382,1.3214035718873327
95.0,216.0,129.89913940429688,-0.0395527934501414,2.682214318453106,-4.116956616998932,-3.679192762017674,-1.9264592489774168,1.338644561283387,-0.0970836571096847,3.964026508131457,-0.4437652499813382,1.3214035718873327
95.0,216.0,129.89913940429688,-0.0395527934501414,2.682214318416076,-4.116956616998932,-3.679192762017674,-1.9264592489774168,1.3386445612833688,-0.0970836571096847,3.964905710315168,-0.4437652499685204,1.3214035718873327
95.0,216.0,129.89913940429688,-0.0395527934501414,2.682214318977357,-4.116956616998932,-3.6791927617529785,-1.926459248977412,1.338644561283387,-0.0970836571096847,3.964026510727776,-0.4437652499797203,1.3214035718873327
95.0,216.0,129.89913940429688,-0.0395527934501414,2.682214318977357,-4.116956616998932,-3.6791927617529785,-1.926459248977412,1.338644561283387,-0.0970836571096847,3.964026510727776,-0.4437652499797203,1.3214035718873327
95.0,216.0,129.89913940429688,-0.0395527934501414,2.682214318998951,-4.116956616998932,-3.67919276201784,-1.926459248977412,1.3386445625829957,-0.0970836571096847,3.964026399106333,-0.4437652499797203,1.3214035718873327
95.0,216.0,129.89913940429688,-0.0395527934501414,2.682214318415572,-4.116956616998932,-3.679192762017674,-1.9264592489774168,1.338644561283387,-0.0970836571096847,3.964026510829893,-0.4437652499813382,1.3214035718873327
95.0,216.0,129.89918518066406,-0.0395527924983094,2.682214319014893,-4.116956616998932,-3.679192761755617,-1.9264592489774128,1.338644561283387,-0.1013104000358747,3.96402650802934,-0.4437652499797203,1.321477376058917
95.0,216.0,129.89918518066406,-0.0395527923879956,2.6822143190357512,-4.116956616998932,-3.679192761755617,-1.9264592489774128,1.338644561283387,-0.1013104000358747,3.96402650802934,-0.4437652499797203,1.321477113235204
95.0,216.0,129.8992156982422,-0.0395527937091144,2.682214319014893,-4.116956616999,-3.6791927620380784,-1.926459248977412,1.338644562580378,-0.0970836571096847,3.963936779318352,-0.4437652497137967,1.3214035718873327
95.0,216.0,129.89930725097656,-0.0395527924944075,2.6822143184383163,-4.116956616998932,-3.679192762017777,-1.9264592489769363,1.338644561284426,-0.0970836571111799,3.9640229352696,-0.4437652499843284,1.3213790792805886
95.0,216.0,129.8994140625,-0.0395527934279939,2.682214319014893,-4.116956616998932,-3.679192761756064,-1.926459248977412,1.338644561283387,-0.1013104000358747,3.96402650802934,-0.4437652499797203,1.321448138330359
95.0,216.0,129.8994140625,-0.0395527934450726,2.682214319014893,-4.116956616998932,-3.6791927617446585,-1.926459248977412,1.3386445612834132,-0.0970836571113781,3.96402650802934,-0.443765249983468,1.3249086356754542
95.0,216.0,129.89955139160156,-0.0395527934199157,2.68221431839198,-4.116956616998932,-3.6791927620307145,-1.926459248976936,1.3386445612833828,-0.0970836571113328,3.9640230278378494,-0.443765249975426,1.3249203509173149
95.0,216.0,129.89955139160156,-0.0395527934208233,2.6822143189849013,-4.116956616998932,-3.6791927620307145,-1.926459248976931,1.3386445612833828,-0.0970836571113328,3.9640230278378494,-0.4437652499753182,1.3249203509173149
95.0,216.0,129.89971923828125,-0.0395527937491949,2.682214318394686,-4.116956616998932,-3.679192762031316,-1.9264592489769363,1.3386445612825564,-0.0970836571113119,3.964022916331672,-0.4437652500608759,1.3249346721005724
95.0,216.0,129.89971923828125,-0.0395527937581641,2.6822143184085245,-4.116956616998932,-3.679192762031316,-1.9264592489769363,1.3386445613253457,-0.0970836571113244,3.964022916331672,-0.4437652500608114,1.3249346721005724
95.0,216.0,129.89971923828125,-0.0395527937513737,2.68221431840762,-4.116956616998932,-3.6791927620323897,-1.9264592489769363,1.3386445612825564,-0.0970836571113119,3.964022916331672,-0.44376524996629,1.32493502026065
95.0,216.0,129.89976501464844,-0.0395527937432896,2.6822143184113223,-4.11695661699916,-3.679192762029712,-1.9264592489769508,1.3386445613234843,-0.0970836571113453,3.9640229352696,-0.4437652499675167,1.3213108774413032
95.0,216.0,129.89988708496094,-0.0395527924929067,2.6822143184077163,-4.116956616998932,-3.679192762031201,-1.9264592489769363,1.338644561325083,-0.0970836571113328,3.9640229352696,-0.4437652500597926,1.324949588645873
95.0,216.0,129.89988708496094,-0.0395527924929067,2.6822143184065106,-4.116956616998932,-3.679192761969467,-1.9264592489769363,1.3386445613234843,-0.0970836571113328,3.9640229352696,-0.4437652499675167,1.324949588645873
95.0,216.0,129.89988708496094,-0.0395527924929067,2.68221431839198,-4.116956616998932,-3.679192762031201,-1.9264592489769363,1.3386445612820068,-0.0970836571113328,3.9640229352696,-0.4437652500597926,1.324949588645873
95.0,216.0,129.89988708496094,-0.0395527937432896,2.6822143184065106,-4.116956616998932,-3.679192762029708,-1.9264592489769363,1.3386445613234843,-0.0970836571113453,3.9640229352696,-0.4437652499675167,1.324949588645873
95.0,216.0,129.89988708496094,-0.0395527924929067,2.6822143184077163,-4.116956616998932,-3.679192762031201,-1.9264592489769363,1.3386445613245876,-0.0970836571113328,3.9640229352696,-0.4437652500597926,1.324949588645873
95.0,216.0,129.89988708496094,-0.0395527924929067,2.6822143184077163,-4.116956616998932,-3.679192762031316,-1.9264592489769363,1.338644561325083,-0.0970836571113239,3.964022916331672,-0.4437652500574654,1.324949588645873
95.0,216.0,129.89988708496094,-0.0395527924944075,2.6822143189969205,-4.116956616998932,-3.679192762031201,-1.9264592489769363,1.338644561284426,-0.0970836571113325,3.9640229352696,-0.4437652500597926,1.324949588645873
95.0,216.0,129.89988708496094,-0.0395527937722815,2.682214318392039,-4.116956616998932,-3.679192762031261,-1.9264592489769363,1.3386445612820068,-0.0970836571113328,3.9640229352696,-0.4437652500597926,1.324949588645873
95.0,216.0,129.89988708496094,-0.0395527924902311,2.68221431839198,-4.116956616998932,-3.679192762030268,-1.9264592489769363,1.3386445612833828,-0.0970836571113328,3.9640230278378494,-0.443765249975426,1.324949588645873
95.0,216.0,129.89988708496094,-0.0395527937432896,2.6822143184065106,-4.116956616998932,-3.679192762031223,-1.9264592489769363,1.3386445613234843,-0.0970836571113452,3.9640229352696,-0.4437652500688456,1.324949588645873
95.0,216.0,129.89988708496094,-0.0395527924929067,2.6822143184077163,-4.116956616998932,-3.679192762031201,-1.9264592489769363,1.3386445613250697,-0.0970836571113328,3.9640229352696,-0.4437652500597926,1.324949588645873
95.0,216.0,129.89988708496094,-0.0395527924155477,2.6822143189593164,-4.116956616998934,-3.679192762031201,-1.926459248976954,1.338644561284426,-0.0970836571113325,3.964023030274605,-0.4437652499419097,1.324949588645873
95.0,216.0,129.89988708496094,-0.0395527924944075,2.6822143189969205,-4.116956616998932,-3.679192762031201,-1.9264592489769363,1.338644561284426,-0.0970836571113325,3.9640229352696,-0.4437652500597926,1.324949588645873
95.0,216.0,129.89988708496094,-0.0395527924776534,2.6822143184065106,-4.116956616998932,-3.679192762031223,-1.9264592489769363,1.33864456132761,-0.0970836571113329,3.9640229352696,-0.4437652500688456,1.324949588645873
95.0,217.0,129.89759826660156,-0.039552793547406,2.6822143183957,-4.11695661699893,-3.6791927620280607,-1.926459248976951,1.3386445612823432,-0.0970836571113735,3.964018760414994,-0.4437652499795718,1.3247249210761038
95.0,217.0,129.89759826660156,-0.039552793547406,2.6822143183957,-4.11695661699893,-3.6791927620311298,-1.926459248976952,1.3386445612823437,-0.0970836571113735,3.964018537908089,-0.4437652499795718,1.3247248222737618
95.0,217.0,129.89759826660156,-0.039552793547406,2.6822143183957,-4.1169566169989285,-3.6791927620280607,-1.926459248976951,1.338644561282071,-0.0970836571113735,3.964018263518171,-0.4437652499795718,1.3247249210761038
95.0,217.0,129.89784240722656,-0.039552793547406,2.682214318334624,-4.11695661699893,-3.6791927620280607,-1.926459248976951,1.3386445612823432,-0.0970836571095698,3.96379417312033,-0.4437652499795718,1.3247249210761038
95.0,217.0,129.89784240722656,-0.039552793605243,2.682214318334624,-4.116956616998929,-3.6791927620280607,-1.926459248976951,1.338644561283678,-0.0970836571095662,3.96379417312033,-0.443765249979362,1.3247249210761038
95.0,217.0,129.89797973632812,-0.0395527923879295,2.682214319007421,-4.1169566169989125,-3.679192762034422,-1.9264592489769403,1.3386445612827087,-0.097083657111362,3.964988819853561,-0.4437652499675159,1.3247659569285262
95.0,217.0,129.89833068847656,-0.0395527924120351,2.682214317912262,-4.116956616998906,-3.6791927617334994,-1.9264592489769288,1.338644561345658,-0.097083657111379,3.964777605711798,-0.4437652499671701,1.324823628417525
95.0,217.0,129.89833068847656,-0.0395527923541981,2.682214317912262,-4.116956616998906,-3.6791927617334994,-1.9264592489769288,1.338644561344323,-0.0970836571113825,3.964777605711798,-0.4437652499673798,1.324823628417525
95.0,217.0,129.89837646484375,-0.0395527924120351,2.682214317912262,-4.116956616998906,-3.6791927617334994,-1.9264592489769288,1.3386445613460305,-0.097083657111379,3.9640266340910375,-0.4437652499831522,1.3248191815599548
95.0,217.0,129.89837646484375,-0.0395527924120351,2.682214317912262,-4.116956616998906,-3.6791927617334994,-1.9264592489769288,1.3386445613445077,-0.097083657111379,3.964784434061892,-0.4437652499672126,1.324826815555288
95.0,217.0,129.89837646484375,-0.0395527924120351,2.682214317912262,-4.116956616998906,-3.6791927617334994,-1.926459248976943,1.3386445613460305,-0.097083657111379,3.964026638309645,-0.4437652499831522,1.3248191815599548
95.0,217.0,129.89837646484375,-0.0395527924120351,2.682214317912262,-4.116956616998906,-3.6791927617334994,-1.926459248976943,1.3386445613460305,-0.097083657111379,3.964026638309645,-0.4437652499831522,1.3248191815599548
95.0,217.0,129.89837646484375,-0.0395527924957213,2.682214317912262,-4.116956616998905,-3.6791927617334994,-1.9264592489769288,1.3386445613488145,-0.097083657111333,3.964026454664821,-0.4437652499819082,1.3248191815599548
95.0,217.0,129.89837646484375,-0.0395527934279939,2.682214319014893,-4.116956616998932,-3.679192761756064,-1.926459248977412,1.3386445613218654,-0.0971768355286209,3.96402650802934,-0.4437652499797203,1.321448138330359
95.0,217.0,129.89837646484375,-0.0395527924120351,2.682214317912262,-4.116956616998906,-3.6791927617334994,-1.926459248976943,1.3386445612847906,-0.097083657111379,3.964026638309645,-0.4437652499835309,1.3248191815599548
95.0,217.0,129.89881896972656,-0.0395527923790392,2.682214319009548,-4.116956616998967,-3.679192762028057,-1.926459248976937,1.3386445612823432,-0.0970836571114462,3.963994686626135,-0.4437652499795637,1.3248560776174347
95.0,217.0,129.89881896972656,-0.0395527923850346,2.682214319014483,-4.116956616998967,-3.6791927620281,-1.926459248976937,1.3386445613253233,-0.0970836571114462,3.963994686626135,-0.443765249984331,1.3248560776174347
95.0,217.0,129.89881896972656,-0.0395527939072937,2.682214318386156,-4.116956616998933,-3.6791927620281,-1.926459248976937,1.3386445613253224,-0.0970836571114462,3.963994686626135,-0.443765249985564,1.3248560776174347
95.0,217.0,129.89883422851562,-0.0395527924974006,2.682214318998393,-4.116956616998932,-3.679192762031201,-1.9264592489769363,1.3386445612845617,-0.0970836571114461,3.963993306851775,-0.4437652500597926,1.324858018981358
95.0,217.0,129.89891052246094,-0.0395527923875565,2.682214319040664,-4.116956616999197,-3.679192762034422,-1.9264592489769483,1.3386445612827087,-0.0970836571096968,3.965011616115925,-0.4437652499675159,1.3214539041765918
95.0,217.0,129.89892578125,-0.0395527923875565,2.6822143190370342,-4.116956616999197,-3.679192762034422,-1.9264592489769403,1.3386445612827087,-0.0970836571115697,3.9650236079309935,-0.4437652499675159,1.3214541764377297
95.0,217.0,129.89907836914062,-0.0395527934485499,2.6822143190370435,-4.116956616998948,-3.6791927617529785,-1.92645924897746,1.3386445612826905,-0.0970836571096847,3.9648227808186514,-0.4437652499797163,1.3214035718873327
95.0,217.0,129.89907836914062,-0.0395527934485499,2.6822143190370435,-4.116956616998948,-3.6791927617529785,-1.92645924897746,1.3386445612826905,-0.0970836571096847,3.964834694548717,-0.443765249979708,1.3214035718873327
95.0,217.0,129.89907836914062,-0.0395527934485499,2.6822143190370435,-4.116956616998948,-3.6791927617529785,-1.92645924897746,1.3386445612826905,-0.0970836571096847,3.964834694548717,-0.443765249979708,1.3214035718873327
95.0,217.0,129.8991241455078,-0.0395527934501414,2.682214318411942,-4.116956616998932,-3.679192762017674,-1.926459248977408,1.338644561283387,-0.0970836571115577,3.964038502644963,-0.4437652499813382,1.3214038441484708
95.0,217.0,129.89913940429688,-0.0395527934501414,2.682214319014893,-4.116956616998932,-3.6791927617529785,-1.926459248977412,1.338644561283387,-0.0970836571096847,3.96402650802934,-0.4437652499797203,1.3214035718873327
95.0,217.0,129.89913940429688,-0.0395527934501414,2.682214319014893,-4.116956616998932,-3.6791927617529785,-1.926459248977412,1.338644561283387,-0.0970836571096847,3.96402650802934,-0.4437652499797203,1.3214035718873327
95.0,217.0,129.89913940429688,-0.0395527934501414,2.682214318415572,-4.116956616998932,-3.679192762017674,-1.9264592489774168,1.338644561283387,-0.0970836571096847,3.964026510829893,-0.4437652499813382,1.3214035718873327
95.0,217.0,129.89913940429688,-0.0395527934501414,2.682214319014893,-4.116956616998932,-3.679192762026231,-1.926459248977412,1.338644562580378,-0.0970836571096847,3.964026399106333,-0.4437652499797203,1.3214035718873327
95.0,217.0,129.89913940429688,-0.0395527934501414,2.682214318415572,-4.116956616998932,-3.679192762017674,-1.9264592489774168,1.338644561283387,-0.0970836571096847,3.964026510829893,-0.4437652499813382,1.3214035718873327
95.0,217.0,129.89913940429688,-0.0395527934501414,2.682214318453106,-4.116956616998932,-3.679192762017674,-1.9264592489774168,1.338644561283387,-0.0970836571096847,3.964026508131457,-0.4437652499813382,1.3214035718873327
95.0,217.0,129.89913940429688,-0.0395527934501414,2.682214318416076,-4.116956616998932,-3.679192762017674,-1.9264592489774168,1.3386445612833688,-0.0970836571096847,3.964905710315168,-0.4437652499685204,1.3214035718873327
95.0,217.0,129.89913940429688,-0.0395527934501414,2.682214318977357,-4.116956616998932,-3.6791927617529785,-1.926459248977412,1.338644561283387,-0.0970836571096847,3.964026510727776,-0.4437652499797203,1.3214035718873327
95.0,217.0,129.89913940429688,-0.0395527934501414,2.682214318977357,-4.116956616998932,-3.6791927617529785,-1.926459248977412,1.338644561283387,-0.0970836571096847,3.964026510727776,-0.4437652499797203,1.3214035718873327
95.0,217.0,129.89913940429688,-0.0395527934501414,2.682214318998951,-4.116956616998932,-3.67919276201784,-1.926459248977412,1.3386445625829957,-0.0970836571096847,3.964026399106333,-0.4437652499797203,1.3214035718873327
95.0,217.0,129.89913940429688,-0.0395527934501414,2.682214318415572,-4.116956616998932,-3.679192762017674,-1.9264592489774168,1.338644561283387,-0.0970836571096847,3.964026510829893,-0.4437652499813382,1.3214035718873327
95.0,217.0,129.89913940429688,-0.0395527934501414,2.682214318977357,-4.116956616998932,-3.6791927617529785,-1.926459248977412,1.338644561283387,-0.0970836571096847,3.964026510727776,-0.4437652499797203,1.3214035718873327
95.0,217.0,129.89913940429688,-0.0395527934501414,2.682214318977348,-4.116956616998932,-3.6791927617529785,-1.926459248977412,1.338644561283387,-0.0970836571096847,3.964026401013175,-0.4437652499797203,1.3214035718873327
95.0,217.0,129.89913940429688,-0.0395527934496198,2.682214319014893,-4.116956616998932,-3.6791927620263394,-1.926459248977412,1.338644562580378,-0.0970836571115204,3.964026212972805,-0.4437652499797203,1.3214035718873327
95.0,217.0,129.89915466308594,-0.0395527925521542,2.682214318416076,-4.116956616998932,-3.6791927620176734,-1.9264592489774168,1.3386445612833688,-0.0970836571096847,3.964905710315168,-0.4437652499682515,1.3214031531454136
95.0,217.0,129.89918518066406,-0.0395527924983094,2.682214319014893,-4.116956616998932,-3.679192761755617,-1.9264592489774128,1.338644561283387,-0.1013104000358747,3.96402650802934,-0.4437652499797203,1.321477376058917
95.0,217.0,129.89918518066406,-0.0395527923879956,2.6822143190357512,-4.116956616998932,-3.679192761755617,-1.9264592489774128,1.338644561283387,-0.1013104000358747,3.96402650802934,-0.4437652499797203,1.321477113235204
95.0,217.0,129.89918518066406,-0.0395527923879956,2.6822143190357512,-4.116956616998932,-3.679192761755617,-1.9264592489774128,1.338644561283387,-0.1013104000358747,3.9640265078290766,-0.4437652499814007,1.321477113235204
95.0,217.0,129.8992156982422,-0.0395527937091144,2.682214319014893,-4.116956616999,-3.6791927620380784,-1.926459248977412,1.338644562580378,-0.0970836571096847,3.963936779318352,-0.4437652497137967,1.3214035718873327
95.0,217.0,129.89930725097656,-0.0395527924944075,2.6822143184383163,-4.116956616998932,-3.679192762017777,-1.9264592489769363,1.338644561284426,-0.0970836571111799,3.9640229352696,-0.4437652499843284,1.3213790792805886
95.0,217.0,129.8994140625,-0.0395527934279939,2.682214319014893,-4.116956616998932,-3.679192761756064,-1.926459248977412,1.338644561283387,-0.1013104000358747,3.96402650802934,-0.4437652499797203,1.321448138330359
95.0,217.0,129.8994140625,-0.0395527934450726,2.682214319014893,-4.116956616998932,-3.6791927617446585,-1.926459248977412,1.3386445612834132,-0.0970836571113781,3.96402650802934,-0.443765249983468,1.3249086356754542
95.0,217.0,129.89955139160156,-0.0395527934199157,2.68221431839198,-4.116956616998932,-3.6791927620307145,-1.926459248976936,1.3386445612833828,-0.0970836571113328,3.9640230278378494,-0.443765249975426,1.3249203509173149
95.0,217.0,129.89955139160156,-0.0395527934208233,2.6822143189849013,-4.116956616998932,-3.6791927620307145,-1.926459248976931,1.3386445612833828,-0.0970836571113328,3.9640230278378494,-0.4437652499753182,1.3249203509173149
95.0,217.0,129.89955139160156,-0.0395527934208233,2.682214318997044,-4.116956616998932,-3.6791927620307145,-1.926459248976931,1.3386445612843842,-0.0970836571113328,3.964023025364436,-0.4437652499616061,1.3249203509173149
95.0,218.0,129.8971710205078,-0.0395527923855947,2.6822143189759378,-4.116956616998968,-3.679192762028057,-1.926459248976937,1.3386445612834486,-0.0970836571114288,3.963994686626135,-0.4437652499795637,1.324576688016679
95.0,218.0,129.8975830078125,-0.0395527923935019,2.682214319115252,-4.116956616998948,-3.6791927617529785,-1.92645924897746,1.3386445613459097,-0.0970836571098101,3.964834694548717,-0.443765249979708,1.3247344369943708
95.0,218.0,129.89759826660156,-0.039552793547406,2.6822143183957,-4.11695661699893,-3.6791927620280607,-1.926459248976951,1.3386445612823432,-0.0970836571113735,3.964018760414994,-0.4437652499795718,1.3247249210761038
95.0,218.0,129.89759826660156,-0.039552793547406,2.6822143183957,-4.11695661699893,-3.6791927620311298,-1.926459248976952,1.3386445612823437,-0.0970836571113735,3.964018537908089,-0.4437652499795718,1.3247248222737618
95.0,218.0,129.89759826660156,-0.039552793547406,2.6822143183957,-4.1169566169989285,-3.6791927620280607,-1.926459248976951,1.338644561282071,-0.0970836571113735,3.964018263518171,-0.4437652499795718,1.3247249210761038
95.0,218.0,129.89759826660156,-0.039552793547406,2.682214318393869,-4.11695661699893,-3.679192762034448,-1.926459248976952,1.338644561282358,-0.0970836571113735,3.964018537908089,-0.4437652499795718,1.3247237632860005
95.0,218.0,129.89759826660156,-0.039552793547406,2.6822143183957,-4.11695661699893,-3.6791927620311298,-1.926459248976952,1.3386445612823437,-0.0970836571113735,3.964018537908089,-0.4437652499795718,1.3247248222737618
95.0,218.0,129.89759826660156,-0.0395527934423389,2.6822143183957,-4.1169566169989285,-3.679192761731872,-1.926459248976951,1.338644561282071,-0.0970836571113735,3.964018263518171,-0.4437652499795824,1.3247249210761038
95.0,218.0,129.89759826660156,-0.039552793547406,2.6822143183957,-4.11695661699893,-3.6791927620280607,-1.926459248976951,1.3386445612823432,-0.0970836571113735,3.964018760414994,-0.4437652499795718,1.3247249210761038
95.0,218.0,129.89784240722656,-0.039552793547406,2.682214318334624,-4.11695661699893,-3.6791927620280607,-1.926459248976951,1.3386445612823432,-0.0970836571095698,3.96379417312033,-0.4437652499795718,1.3247249210761038
95.0,218.0,129.89784240722656,-0.039552793605243,2.682214318334624,-4.116956616998929,-3.6791927620280607,-1.926459248976951,1.338644561283678,-0.0970836571095662,3.96379417312033,-0.443765249979362,1.3247249210761038
95.0,218.0,129.89784240722656,-0.039552793547406,2.682214317895016,-4.11695661699893,-3.679192762057984,-1.926459248976951,1.3386445612813882,-0.0970836571095698,3.96379417312033,-0.4437652499818892,1.324726633779707
95.0,218.0,129.89784240722656,-0.0395527923909484,2.682214318977912,-4.116956616998929,-3.679192762034283,-1.926459248976951,1.338644561283678,-0.09708365711132,3.963788805025642,-0.4437652499792786,1.3247249210761038
95.0,218.0,129.89797973632812,-0.0395527923879295,2.682214319007421,-4.1169566169989125,-3.679192762034422,-1.9264592489769403,1.3386445612827087,-0.097083657111362,3.964988819853561,-0.4437652499675159,1.3247659569285262
95.0,218.0,129.8979949951172,-0.0395527936022241,2.682214318364133,-4.1169566169989125,-3.6791927620282,-1.9264592489769403,1.3386445612827087,-0.0970836571096083,3.964994187948248,-0.4437652499675993,1.3247659569285262
95.0,218.0,129.89833068847656,-0.0395527924120351,2.682214317912262,-4.116956616998906,-3.6791927617334994,-1.9264592489769288,1.338644561345658,-0.097083657111379,3.964777605711798,-0.4437652499671701,1.324823628417525
95.0,218.0,129.89833068847656,-0.0395527923541981,2.682214317912262,-4.116956616998906,-3.6791927617334994,-1.9264592489769288,1.338644561344323,-0.0970836571113825,3.964777605711798,-0.4437652499673798,1.324823628417525
95.0,218.0,129.89833068847656,-0.0395527924120351,2.682214317912262,-4.116956616998906,-3.6791927617334994,-1.9264592489769443,1.3386445613488136,-0.097083657111379,3.964082496768814,-0.4437652499666966,1.3248191815599548
95.0,218.0,129.89837646484375,-0.0395527924120351,2.682214317912262,-4.116956616998906,-3.6791927617334994,-1.9264592489769288,1.3386445613460305,-0.097083657111379,3.9640266340910375,-0.4437652499831522,1.3248191815599548
95.0,218.0,129.89837646484375,-0.0395527924120351,2.682214317912262,-4.116956616998906,-3.6791927617334994,-1.9264592489769288,1.3386445613445077,-0.097083657111379,3.964784434061892,-0.4437652499672126,1.324826815555288
95.0,218.0,129.89837646484375,-0.0395527924120351,2.682214317912262,-4.116956616998906,-3.6791927617334994,-1.926459248976943,1.3386445613460305,-0.097083657111379,3.964026638309645,-0.4437652499831522,1.3248191815599548
95.0,218.0,129.89837646484375,-0.0395527924120351,2.682214317912262,-4.116956616998906,-3.6791927617334994,-1.926459248976943,1.3386445613460305,-0.097083657111379,3.964026638309645,-0.4437652499831522,1.3248191815599548
95.0,218.0,129.89837646484375,-0.0395527924957213,2.682214317912262,-4.116956616998905,-3.6791927617334994,-1.9264592489769288,1.3386445613488145,-0.097083657111333,3.964026454664821,-0.4437652499819082,1.3248191815599548
95.0,218.0,129.89837646484375,-0.0395527934279939,2.682214319014893,-4.116956616998932,-3.679192761756064,-1.926459248977412,1.3386445613218654,-0.0971768355286209,3.96402650802934,-0.4437652499797203,1.321448138330359
95.0,218.0,129.89837646484375,-0.0395527924120351,2.682214317912262,-4.116956616998906,-3.6791927617334994,-1.926459248976943,1.3386445612847906,-0.097083657111379,3.964026638309645,-0.4437652499835309,1.3248191815599548
95.0,218.0,129.89837646484375,-0.0395527924120351,2.682214317912262,-4.116956616998906,-3.6791927617334994,-1.9264592489769432,1.3386445613460305,-0.097083657111379,3.96402663384369,-0.4437652499831522,1.3248191815599548
95.0,218.0,129.89837646484375,-0.0395527923012219,2.682214318959576,-4.116956616998907,-3.6791927617334994,-1.9264592489769496,1.3386445612847906,-0.097083657111379,3.964026638309645,-0.4437652499835309,1.3248191815599548
95.0,218.0,129.89837646484375,-0.0395527924120351,2.682214318405062,-4.116956616998906,-3.679192761725985,-1.9264592489769288,1.3386445613437192,-0.0970836571113797,3.964784434061892,-0.4437652499672126,1.324826815555288
95.0,218.0,129.89840698242188,-0.0395527924120351,2.682214319060965,-4.116956616998906,-3.679192762070762,-1.9264592489769288,1.3386445613460305,-0.097083657111379,3.9640281566507154,-0.4437652499831522,1.3248219270001305
95.0,218.0,129.89881896972656,-0.0395527923790392,2.682214319009548,-4.116956616998967,-3.679192762028057,-1.926459248976937,1.3386445612823432,-0.0970836571114462,3.963994686626135,-0.4437652499795637,1.3248560776174347
95.0,218.0,129.89881896972656,-0.0395527923850346,2.682214319014483,-4.116956616998967,-3.6791927620281,-1.926459248976937,1.3386445613253233,-0.0970836571114462,3.963994686626135,-0.443765249984331,1.3248560776174347
95.0,218.0,129.89881896972656,-0.0395527939072937,2.682214318386156,-4.116956616998933,-3.6791927620281,-1.926459248976937,1.3386445613253224,-0.0970836571114462,3.963994686626135,-0.443765249985564,1.3248560776174347
95.0,218.0,129.89881896972656,-0.0395527939072937,2.682214317893355,-4.116956616998933,-3.679192762035615,-1.926459248976937,1.3386445613261106,-0.0970836571114454,3.963994686626135,-0.443765249985564,1.3248560776174347
95.0,218.0,129.89883422851562,-0.0395527924974006,2.682214318998393,-4.116956616998932,-3.679192762031201,-1.9264592489769363,1.3386445612845617,-0.0970836571114461,3.963993306851775,-0.4437652500597926,1.324858018981358
95.0,218.0,129.89891052246094,-0.0395527923875565,2.682214319040664,-4.116956616999197,-3.679192762034422,-1.9264592489769483,1.3386445612827087,-0.0970836571096968,3.965011616115925,-0.4437652499675159,1.3214539041765918
95.0,218.0,129.89891052246094,-0.0395527923875565,2.682214319082904,-4.116956616999197,-3.679192762028268,-1.9264592489769483,1.3386445612827087,-0.0970836571096843,3.965011616115925,-0.4437652499663759,1.3214539041765918
95.0,218.0,129.89892578125,-0.0395527923875565,2.6822143190370342,-4.116956616999197,-3.679192762034422,-1.9264592489769403,1.3386445612827087,-0.0970836571115697,3.9650236079309935,-0.4437652499675159,1.3214541764377297
95.0,218.0,129.89907836914062,-0.0395527934485499,2.6822143190370435,-4.116956616998948,-3.6791927617529785,-1.92645924897746,1.3386445612826905,-0.0970836571096847,3.9648227808186514,-0.4437652499797163,1.3214035718873327
95.0,218.0,129.89907836914062,-0.0395527934485499,2.6822143190370435,-4.116956616998948,-3.6791927617529785,-1.92645924897746,1.3386445612826905,-0.0970836571096847,3.964834694548717,-0.443765249979708,1.3214035718873327
95.0,218.0,129.89907836914062,-0.0395527934485499,2.6822143190370435,-4.116956616998948,-3.6791927617529785,-1.92645924897746,1.3386445612826905,-0.0970836571096847,3.964834694548717,-0.443765249979708,1.3214035718873327
95.0,218.0,129.8991241455078,-0.0395527934501414,2.682214318411942,-4.116956616998932,-3.679192762017674,-1.926459248977408,1.338644561283387,-0.0970836571115577,3.964038502644963,-0.4437652499813382,1.3214038441484708
95.0,218.0,129.8991241455078,-0.0395527934501414,2.682214318415572,-4.116956616998932,-3.679192762017674,-1.9264592489774168,1.338644561283387,-0.0970836571097359,3.9640389133403033,-0.4437652499813382,1.3214038410288504
95.0,218.0,129.89913940429688,-0.0395527934501414,2.682214319014893,-4.116956616998932,-3.6791927617529785,-1.926459248977412,1.338644561283387,-0.0970836571096847,3.96402650802934,-0.4437652499797203,1.3214035718873327
95.0,218.0,129.89913940429688,-0.0395527934501414,2.682214319014893,-4.116956616998932,-3.6791927617529785,-1.926459248977412,1.338644561283387,-0.0970836571096847,3.96402650802934,-0.4437652499797203,1.3214035718873327
95.0,218.0,129.89913940429688,-0.0395527934501414,2.682214318415572,-4.116956616998932,-3.679192762017674,-1.9264592489774168,1.338644561283387,-0.0970836571096847,3.964026510829893,-0.4437652499813382,1.3214035718873327
95.0,218.0,129.89913940429688,-0.0395527934501414,2.682214319014893,-4.116956616998932,-3.679192762026231,-1.926459248977412,1.338644562580378,-0.0970836571096847,3.964026399106333,-0.4437652499797203,1.3214035718873327
95.0,218.0,129.89913940429688,-0.0395527934501414,2.682214318415572,-4.116956616998932,-3.679192762017674,-1.9264592489774168,1.338644561283387,-0.0970836571096847,3.964026510829893,-0.4437652499813382,1.3214035718873327
95.0,218.0,129.89913940429688,-0.0395527934501414,2.682214318453106,-4.116956616998932,-3.679192762017674,-1.9264592489774168,1.338644561283387,-0.0970836571096847,3.964026508131457,-0.4437652499813382,1.3214035718873327
95.0,218.0,129.89913940429688,-0.0395527934501414,2.682214318416076,-4.116956616998932,-3.679192762017674,-1.9264592489774168,1.3386445612833688,-0.0970836571096847,3.964905710315168,-0.4437652499685204,1.3214035718873327
95.0,218.0,129.89913940429688,-0.0395527934501414,2.682214318977357,-4.116956616998932,-3.6791927617529785,-1.926459248977412,1.338644561283387,-0.0970836571096847,3.964026510727776,-0.4437652499797203,1.3214035718873327
95.0,219.0,129.8971710205078,-0.0395527923855947,2.6822143189759378,-4.116956616998968,-3.679192762028057,-1.926459248976937,1.3386445612834486,-0.0970836571114288,3.963994686626135,-0.4437652499795637,1.324576688016679
95.0,219.0,129.89744567871094,-0.0395527924120351,2.6822143184048444,-4.116956616998906,-3.679192761725985,-1.9264592489769288,1.3386445613437192,-0.0970836571113797,3.9647678163025737,-0.4437652499672126,1.324719711342333
95.0,219.0,129.8975067138672,-0.039552793547406,2.6822143183677074,-4.11695661699893,-3.6791927620280607,-1.9264592489769297,1.3386445612823432,-0.0970836571113735,3.96478218853785,-0.4437652499795718,1.3247249210761038
95.0,219.0,129.8975830078125,-0.0395527923935019,2.682214319115252,-4.116956616998948,-3.6791927617529785,-1.92645924897746,1.3386445613459097,-0.0970836571098101,3.964834694548717,-0.443765249979708,1.3247344369943708
95.0,219.0,129.8975830078125,-0.0395527923935019,2.6822143189593946,-4.116956616998907,-3.6791927617529785,-1.92645924897746,1.3386445613459097,-0.0970836571098621,3.964834694548717,-0.443765249979708,1.3247344369943708
95.0,219.0,129.89759826660156,-0.039552793547406,2.6822143183957,-4.11695661699893,-3.6791927620280607,-1.926459248976951,1.3386445612823432,-0.0970836571113735,3.964018760414994,-0.4437652499795718,1.3247249210761038
95.0,219.0,129.89759826660156,-0.039552793547406,2.6822143183957,-4.11695661699893,-3.6791927620311298,-1.926459248976952,1.3386445612823437,-0.0970836571113735,3.964018537908089,-0.4437652499795718,1.3247248222737618
95.0,219.0,129.89759826660156,-0.039552793547406,2.6822143183957,-4.1169566169989285,-3.6791927620280607,-1.926459248976951,1.338644561282071,-0.0970836571113735,3.964018263518171,-0.4437652499795718,1.3247249210761038
95.0,219.0,129.89759826660156,-0.039552793547406,2.682214318393869,-4.11695661699893,-3.679192762034448,-1.926459248976952,1.338644561282358,-0.0970836571113735,3.964018537908089,-0.4437652499795718,1.3247237632860005
95.0,219.0,129.89759826660156,-0.039552793547406,2.6822143183957,-4.11695661699893,-3.6791927620311298,-1.926459248976952,1.3386445612823437,-0.0970836571113735,3.964018537908089,-0.4437652499795718,1.3247248222737618
95.0,219.0,129.89759826660156,-0.0395527934423389,2.6822143183957,-4.1169566169989285,-3.679192761731872,-1.926459248976951,1.338644561282071,-0.0970836571113735,3.964018263518171,-0.4437652499795824,1.3247249210761038
95.0,219.0,129.89759826660156,-0.039552793547406,2.6822143183957,-4.11695661699893,-3.6791927620280607,-1.926459248976951,1.3386445612823432,-0.0970836571113735,3.964018760414994,-0.4437652499795718,1.3247249210761038
95.0,219.0,129.89759826660156,-0.0395527935450712,2.6822143183957,-4.1169566169989285,-3.679192761731872,-1.926459248976951,1.3386445612820714,-0.0970836571113735,3.964018260311447,-0.4437652499795824,1.3247249210761038
95.0,219.0,129.89759826660156,-0.039552793547406,2.6822143183957,-4.11695661699893,-3.679192762048767,-1.926459248976952,1.3386445612765512,-0.0970836571113735,3.964018537908089,-0.4437652499795718,1.3247248222737618
95.0,219.0,129.89761352539062,-0.0395527923909484,2.682214318977912,-4.116956616998929,-3.679192762034283,-1.926459248976951,1.338644561282113,-0.097083657111319,3.964005098352257,-0.4437652499792786,1.3247249210761038
95.0,219.0,129.89784240722656,-0.039552793547406,2.682214318334624,-4.11695661699893,-3.6791927620280607,-1.926459248976951,1.3386445612823432,-0.0970836571095698,3.96379417312033,-0.4437652499795718,1.3247249210761038
95.0,219.0,129.89784240722656,-0.039552793605243,2.682214318334624,-4.116956616998929,-3.6791927620280607,-1.926459248976951,1.338644561283678,-0.0970836571095662,3.96379417312033,-0.443765249979362,1.3247249210761038
95.0,219.0,129.89784240722656,-0.039552793547406,2.682214317895016,-4.11695661699893,-3.679192762057984,-1.926459248976951,1.3386445612813882,-0.0970836571095698,3.96379417312033,-0.4437652499818892,1.324726633779707
95.0,219.0,129.89784240722656,-0.0395527923909484,2.682214318977912,-4.116956616998929,-3.679192762034283,-1.926459248976951,1.338644561283678,-0.09708365711132,3.963788805025642,-0.4437652499792786,1.3247249210761038
95.0,219.0,129.89784240722656,-0.039552793547406,2.682214318334624,-4.11695661699893,-3.6791927620280607,-1.926459248976951,1.3386445612823432,-0.0970836571095698,3.96379417312033,-0.4437652499795718,1.3247248235102151
95.0,219.0,129.89785766601562,-0.039552793605243,2.68221431830952,-4.116956616998929,-3.6791927620280607,-1.926459248976951,1.338644561283678,-0.0970836571095662,3.96379417312033,-0.443765249979362,1.324729741977685
95.0,219.0,129.89797973632812,-0.0395527923879295,2.682214319007421,-4.1169566169989125,-3.679192762034422,-1.9264592489769403,1.3386445612827087,-0.097083657111362,3.964988819853561,-0.4437652499675159,1.3247659569285262
95.0,219.0,129.8979949951172,-0.0395527936022241,2.682214318364133,-4.1169566169989125,-3.6791927620282,-1.9264592489769403,1.3386445612827087,-0.0970836571096083,3.964994187948248,-0.4437652499675993,1.3247659569285262
95.0,219.0,129.8979949951172,-0.0395527935513737,2.682214318392183,-4.116956616998913,-3.6791927620282,-1.9264592489769403,1.3386445612827185,-0.0970836571096087,3.964994187948248,-0.4437652499679703,1.3247659569285262
95.0,219.0,129.89833068847656,-0.0395527924120351,2.682214317912262,-4.116956616998906,-3.6791927617334994,-1.9264592489769288,1.338644561345658,-0.097083657111379,3.964777605711798,-0.4437652499671701,1.324823628417525
95.0,219.0,129.89833068847656,-0.0395527923541981,2.682214317912262,-4.116956616998906,-3.6791927617334994,-1.9264592489769288,1.338644561344323,-0.0970836571113825,3.964777605711798,-0.4437652499673798,1.324823628417525
95.0,219.0,129.89833068847656,-0.0395527924120351,2.682214317912262,-4.116956616998906,-3.6791927617334994,-1.9264592489769443,1.3386445613488136,-0.097083657111379,3.964082496768814,-0.4437652499666966,1.3248191815599548
95.0,219.0,129.89837646484375,-0.0395527924120351,2.682214317912262,-4.116956616998906,-3.6791927617334994,-1.9264592489769288,1.3386445613460305,-0.097083657111379,3.9640266340910375,-0.4437652499831522,1.3248191815599548
95.0,219.0,129.89837646484375,-0.0395527924120351,2.682214317912262,-4.116956616998906,-3.6791927617334994,-1.9264592489769288,1.3386445613445077,-0.097083657111379,3.964784434061892,-0.4437652499672126,1.324826815555288
95.0,219.0,129.89837646484375,-0.0395527924120351,2.682214317912262,-4.116956616998906,-3.6791927617334994,-1.926459248976943,1.3386445613460305,-0.097083657111379,3.964026638309645,-0.4437652499831522,1.3248191815599548
95.0,219.0,129.89837646484375,-0.0395527924120351,2.682214317912262,-4.116956616998906,-3.6791927617334994,-1.926459248976943,1.3386445613460305,-0.097083657111379,3.964026638309645,-0.4437652499831522,1.3248191815599548
95.0,219.0,129.89837646484375,-0.0395527924957213,2.682214317912262,-4.116956616998905,-3.6791927617334994,-1.9264592489769288,1.3386445613488145,-0.097083657111333,3.964026454664821,-0.4437652499819082,1.3248191815599548
95.0,219.0,129.89837646484375,-0.0395527934279939,2.682214319014893,-4.116956616998932,-3.679192761756064,-1.926459248977412,1.3386445613218654,-0.0971768355286209,3.96402650802934,-0.4437652499797203,1.321448138330359
95.0,219.0,129.89837646484375,-0.0395527924120351,2.682214317912262,-4.116956616998906,-3.6791927617334994,-1.926459248976943,1.3386445612847906,-0.097083657111379,3.964026638309645,-0.4437652499835309,1.3248191815599548
95.0,219.0,129.89837646484375,-0.0395527924120351,2.682214317912262,-4.116956616998906,-3.6791927617334994,-1.9264592489769432,1.3386445613460305,-0.097083657111379,3.96402663384369,-0.4437652499831522,1.3248191815599548
95.0,219.0,129.89837646484375,-0.0395527923012219,2.682214318959576,-4.116956616998907,-3.6791927617334994,-1.9264592489769496,1.3386445612847906,-0.097083657111379,3.964026638309645,-0.4437652499835309,1.3248191815599548
95.0,219.0,129.89837646484375,-0.0395527924120351,2.682214318405062,-4.116956616998906,-3.679192761725985,-1.9264592489769288,1.3386445613437192,-0.0970836571113797,3.964784434061892,-0.4437652499672126,1.324826815555288
95.0,219.0,129.89837646484375,-0.0395527923012219,2.6822143191154333,-4.116956616998948,-3.6791927617334994,-1.9264592489769496,1.3386445612847906,-0.0970836571113271,3.964026638309645,-0.4437652499835309,1.3248191815599548
95.0,219.0,129.89837646484375,-0.0395527924120351,2.682214317912262,-4.116956616998906,-3.6791927617158624,-1.926459248976943,1.338644561351823,-0.097083657111379,3.964026638309645,-0.4437652499831522,1.3248191815599548
95.0,219.0,129.89837646484375,-0.0395527924120351,2.682214317912262,-4.116956616998906,-3.6791927617334994,-1.9264592489769288,1.3386445613460305,-0.097083657111379,3.9640266340910375,-0.4437652499831522,1.3248191815599548
95.0,219.0,129.89837646484375,-0.0395527922955191,2.682214319010289,-4.116956616998905,-3.6791927617257225,-1.9264592489769496,1.3386445612847906,-0.0970836571113775,3.96402788192387,-0.4437652499793436,1.3248191815599548
95.0,219.0,129.89840698242188,-0.0395527924120351,2.682214319060965,-4.116956616998906,-3.679192762070762,-1.9264592489769288,1.3386445613460305,-0.097083657111379,3.9640281566507154,-0.4437652499831522,1.3248219270001305
95.0,219.0,129.89877319335938,-0.0395527924133821,2.6822143190370342,-4.116956616998923,-3.679192762034422,-1.9264592489769403,1.338644561277465,-0.0970836571115697,3.964019643712251,-0.4437652499675159,1.321455085310074
95.0,219.0,129.89878845214844,-0.0395527923875565,2.6822143190087746,-4.116956616999197,-3.679192762034422,-1.9264592489769483,1.3386445612823226,-0.0970836571096968,3.964005463057061,-0.4437652499805442,1.3214539041765918
95.0,219.0,129.89881896972656,-0.0395527923790392,2.682214319009548,-4.116956616998967,-3.679192762028057,-1.926459248976937,1.3386445612823432,-0.0970836571114462,3.963994686626135,-0.4437652499795637,1.3248560776174347
95.0,219.0,129.89881896972656,-0.0395527923850346,2.682214319014483,-4.116956616998967,-3.6791927620281,-1.926459248976937,1.3386445613253233,-0.0970836571114462,3.963994686626135,-0.443765249984331,1.3248560776174347
95.0,219.0,129.89881896972656,-0.0395527939072937,2.682214318386156,-4.116956616998933,-3.6791927620281,-1.926459248976937,1.3386445613253224,-0.0970836571114462,3.963994686626135,-0.443765249985564,1.3248560776174347
95.0,219.0,129.89881896972656,-0.0395527939072937,2.682214317893355,-4.116956616998933,-3.679192762035615,-1.926459248976937,1.3386445613261106,-0.0970836571114454,3.963994686626135,-0.443765249985564,1.3248560776174347
95.0,219.0,129.89881896972656,-0.039552792384742,2.682214318958835,-4.116956616998969,-3.6791927620358345,-1.926459248976937,1.3386445612823432,-0.0970836571114476,3.963993443011911,-0.443765249983751,1.3248560776174347
95.0,219.0,129.89881896972656,-0.0395527939072937,2.682214317905773,-4.116956616998933,-3.6791927620281,-1.926459248976937,1.3386445613253224,-0.097083657109623,3.96399551081137,-0.4437652499818297,1.3248560776174347
95.0,220.0,129.8971710205078,-0.0395527923855947,2.6822143189759378,-4.116956616998968,-3.679192762028057,-1.926459248976937,1.3386445612834486,-0.0970836571114288,3.963994686626135,-0.4437652499795637,1.324576688016679
95.0,220.0,129.8971710205078,-0.0395527923855947,2.6822143189759378,-4.116956616998968,-3.679192762028057,-1.926459248976937,1.3386445612834486,-0.0970836571114288,3.963994686626135,-0.4437652499795637,1.324576688016679
95.0,220.0,129.89744567871094,-0.0395527924120351,2.6822143184048444,-4.116956616998906,-3.679192761725985,-1.9264592489769288,1.3386445613437192,-0.0970836571113797,3.9647678163025737,-0.4437652499672126,1.324719711342333
95.0,220.0,129.89744567871094,-0.0395527924120351,2.682214317890775,-4.116956616998906,-3.679192761725985,-1.9264592489769288,1.3386445613460218,-0.0970836571113797,3.964760808942749,-0.4437652499837204,1.324719711342333
95.0,220.0,129.8975067138672,-0.039552793547406,2.6822143183677074,-4.11695661699893,-3.6791927620280607,-1.9264592489769297,1.3386445612823432,-0.0970836571113735,3.96478218853785,-0.4437652499795718,1.3247249210761038
95.0,220.0,129.8975830078125,-0.0395527923935019,2.682214319115252,-4.116956616998948,-3.6791927617529785,-1.92645924897746,1.3386445613459097,-0.0970836571098101,3.964834694548717,-0.443765249979708,1.3247344369943708
95.0,220.0,129.8975830078125,-0.0395527923935019,2.6822143189593946,-4.116956616998907,-3.6791927617529785,-1.92645924897746,1.3386445613459097,-0.0970836571098621,3.964834694548717,-0.443765249979708,1.3247344369943708
95.0,220.0,129.8975830078125,-0.0395527923935019,2.6822143184144736,-4.116956616998931,-3.6791927617529785,-1.92645924897744,1.3386445613459097,-0.0970836571098621,3.964834694548717,-0.4437652499797034,1.3247344369943708
95.0,220.0,129.89759826660156,-0.039552793547406,2.6822143183957,-4.11695661699893,-3.6791927620280607,-1.926459248976951,1.3386445612823432,-0.0970836571113735,3.964018760414994,-0.4437652499795718,1.3247249210761038
95.0,220.0,129.89759826660156,-0.039552793547406,2.6822143183957,-4.11695661699893,-3.6791927620311298,-1.926459248976952,1.3386445612823437,-0.0970836571113735,3.964018537908089,-0.4437652499795718,1.3247248222737618
95.0,220.0,129.89759826660156,-0.039552793547406,2.6822143183957,-4.1169566169989285,-3.6791927620280607,-1.926459248976951,1.338644561282071,-0.0970836571113735,3.964018263518171,-0.4437652499795718,1.3247249210761038
95.0,220.0,129.89759826660156,-0.039552793547406,2.682214318393869,-4.11695661699893,-3.679192762034448,-1.926459248976952,1.338644561282358,-0.0970836571113735,3.964018537908089,-0.4437652499795718,1.3247237632860005
95.0,220.0,129.89759826660156,-0.039552793547406,2.6822143183957,-4.11695661699893,-3.6791927620311298,-1.926459248976952,1.3386445612823437,-0.0970836571113735,3.964018537908089,-0.4437652499795718,1.3247248222737618
95.0,220.0,129.89759826660156,-0.0395527934423389,2.6822143183957,-4.1169566169989285,-3.679192761731872,-1.926459248976951,1.338644561282071,-0.0970836571113735,3.964018263518171,-0.4437652499795824,1.3247249210761038
95.0,220.0,129.89759826660156,-0.039552793547406,2.6822143183957,-4.11695661699893,-3.6791927620280607,-1.926459248976951,1.3386445612823432,-0.0970836571113735,3.964018760414994,-0.4437652499795718,1.3247249210761038
95.0,220.0,129.89759826660156,-0.0395527935450712,2.6822143183957,-4.1169566169989285,-3.679192761731872,-1.926459248976951,1.3386445612820714,-0.0970836571113735,3.964018260311447,-0.4437652499795824,1.3247249210761038
95.0,220.0,129.89759826660156,-0.039552793547406,2.6822143183957,-4.11695661699893,-3.679192762048767,-1.926459248976952,1.3386445612765512,-0.0970836571113735,3.964018537908089,-0.4437652499795718,1.3247248222737618
95.0,220.0,129.89759826660156,-0.0395527933719013,2.6822143183957,-4.1169566169989285,-3.67919276173344,-1.9264592489769508,1.338644561282071,-0.0970836571113735,3.964018263518171,-0.4437652499795824,1.3247249210761038
95.0,220.0,129.89759826660156,-0.039552793547406,2.682214318366999,-4.11695661699893,-3.679192762031124,-1.9264592489769523,1.3386445612823432,-0.0970836571113735,3.9640188057301446,-0.4437652499795718,1.3247249210761038
95.0,220.0,129.89759826660156,-0.0395527935450712,2.6822143183957,-4.1169566169989285,-3.679192761731872,-1.926459248976951,1.3386445612820714,-0.0970836571113735,3.964018260311447,-0.4437652499795824,1.3247249210761038
95.0,220.0,129.89759826660156,-0.039552793547406,2.6822143189406216,-4.116956616998906,-3.679192762048767,-1.9264592489769712,1.3386445612765512,-0.0970836571113735,3.964018537908089,-0.4437652499795765,1.3247248222737618
95.0,220.0,129.89759826660156,-0.0395527924957213,2.682214317912262,-4.116956616998905,-3.6791927617334994,-1.9264592489769288,1.338644561282064,-0.0970836571113326,3.964026454664821,-0.4437652499819082,1.324724448871717
95.0,220.0,129.89759826660156,-0.039552793547406,2.6822143183957,-4.11695661699893,-3.6791927620280607,-1.926459248976951,1.3386445612823583,-0.0970836571113735,3.964018760414994,-0.4437652499795718,1.324724873989011
95.0,220.0,129.89761352539062,-0.0395527923909484,2.682214318977912,-4.116956616998929,-3.679192762034283,-1.926459248976951,1.338644561282113,-0.097083657111319,3.964005098352257,-0.4437652499792786,1.3247249210761038
95.0,220.0,129.89761352539062,-0.0395527923909484,2.682214318977912,-4.116956616998929,-3.679192762034283,-1.926459248976951,1.338644561282113,-0.097083657111319,3.964005098352257,-0.4437652499792786,1.3247249210761038
95.0,220.0,129.8976287841797,-0.0395527935504711,2.6822143190044057,-4.116956616998929,-3.679192762028581,-1.926459248976952,1.338644561282716,-0.0970836571112169,3.963989170123973,-0.4437652499676081,1.3247257750489807
95.0,220.0,129.897705078125,-0.0395527935167133,2.6822143183836737,-4.116956616998912,-3.679192762034452,-1.926459248976952,1.3386445612823437,-0.0970836571113735,3.964990712222231,-0.4437652499795718,1.3247248222737618
95.0,220.0,129.89784240722656,-0.039552793547406,2.682214318334624,-4.11695661699893,-3.6791927620280607,-1.926459248976951,1.3386445612823432,-0.0970836571095698,3.96379417312033,-0.4437652499795718,1.3247249210761038
95.0,220.0,129.89784240722656,-0.039552793605243,2.682214318334624,-4.116956616998929,-3.6791927620280607,-1.926459248976951,1.338644561283678,-0.0970836571095662,3.96379417312033,-0.443765249979362,1.3247249210761038
95.0,220.0,129.89784240722656,-0.039552793547406,2.682214317895016,-4.11695661699893,-3.679192762057984,-1.926459248976951,1.3386445612813882,-0.0970836571095698,3.96379417312033,-0.4437652499818892,1.324726633779707
95.0,220.0,129.89784240722656,-0.0395527923909484,2.682214318977912,-4.116956616998929,-3.679192762034283,-1.926459248976951,1.338644561283678,-0.09708365711132,3.963788805025642,-0.4437652499792786,1.3247249210761038
95.0,220.0,129.89784240722656,-0.039552793547406,2.682214318334624,-4.11695661699893,-3.6791927620280607,-1.926459248976951,1.3386445612823432,-0.0970836571095698,3.96379417312033,-0.4437652499795718,1.3247248235102151
95.0,220.0,129.89784240722656,-0.039552792402881,2.682214317895016,-4.11695661699893,-3.6791927617259295,-1.926459248976929,1.338644561281845,-0.0970836571095698,3.96379417312033,-0.4437652499675589,1.324726633779707
95.0,220.0,129.89784240722656,-0.0395527936051371,2.682214318309045,-4.11695661699893,-3.6791927620280607,-1.926459248976951,1.3386445612823432,-0.0970836571095698,3.96379417312033,-0.4437652499793844,1.324725344176631
95.0,220.0,129.89785766601562,-0.039552793605243,2.68221431830952,-4.116956616998929,-3.6791927620280607,-1.926459248976951,1.338644561283678,-0.0970836571095662,3.96379417312033,-0.443765249979362,1.324729741977685
95.0,220.0,129.89788818359375,-0.0395527924186222,2.682214319019447,-4.116956616998931,-3.6791927620311,-1.9264592489769403,1.3386445612827087,-0.097083657111362,3.964016645539418,-0.4437652499675159,1.3247659569285262
95.0,220.0,129.89797973632812,-0.0395527923879295,2.682214319007421,-4.1169566169989125,-3.679192762034422,-1.9264592489769403,1.3386445612827087,-0.097083657111362,3.964988819853561,-0.4437652499675159,1.3247659569285262
95.0,220.0,129.8979949951172,-0.0395527936022241,2.682214318364133,-4.1169566169989125,-3.6791927620282,-1.9264592489769403,1.3386445612827087,-0.0970836571096083,3.964994187948248,-0.4437652499675993,1.3247659569285262
95.0,220.0,129.8979949951172,-0.0395527935513737,2.682214318392183,-4.116956616998913,-3.6791927620282,-1.9264592489769403,1.3386445612827185,-0.0970836571096087,3.964994187948248,-0.4437652499679703,1.3247659569285262
95.0,220.0,129.8983154296875,-0.0395527924120351,2.682214317912262,-4.116956616998906,-3.6791927617334994,-1.9264592489769443,1.3386445613457238,-0.097083657111379,3.964087341543279,-0.4437652499666966,1.3248191815599548
95.0,220.0,129.89833068847656,-0.0395527924120351,2.682214317912262,-4.116956616998906,-3.6791927617334994,-1.9264592489769288,1.338644561345658,-0.097083657111379,3.964777605711798,-0.4437652499671701,1.324823628417525
95.0,220.0,129.89833068847656,-0.0395527923541981,2.682214317912262,-4.116956616998906,-3.6791927617334994,-1.9264592489769288,1.338644561344323,-0.0970836571113825,3.964777605711798,-0.4437652499673798,1.324823628417525
95.0,220.0,129.89833068847656,-0.0395527924120351,2.682214317912262,-4.116956616998906,-3.6791927617334994,-1.9264592489769443,1.3386445613488136,-0.097083657111379,3.964082496768814,-0.4437652499666966,1.3248191815599548
95.0,220.0,129.89833068847656,-0.0395527924120351,2.682214317912262,-4.116956616998906,-3.6791927617334994,-1.9264592489769288,1.3386445613487477,-0.097083657111379,3.9647727609373327,-0.4437652499671701,1.324823628417525
95.0,220.0,129.89837646484375,-0.0395527924120351,2.682214317912262,-4.116956616998906,-3.6791927617334994,-1.9264592489769288,1.3386445613460305,-0.097083657111379,3.9640266340910375,-0.4437652499831522,1.3248191815599548
95.0,220.0,129.89837646484375,-0.0395527924120351,2.682214317912262,-4.116956616998906,-3.6791927617334994,-1.9264592489769288,1.3386445613445077,-0.097083657111379,3.964784434061892,-0.4437652499672126,1.324826815555288
95.0,220.0,129.89837646484375,-0.0395527924120351,2.682214317912262,-4.116956616998906,-3.6791927617334994,-1.926459248976943,1.3386445613460305,-0.097083657111379,3.964026638309645,-0.4437652499831522,1.3248191815599548
95.0,220.0,129.89837646484375,-0.0395527924120351,2.682214317912262,-4.116956616998906,-3.6791927617334994,-1.926459248976943,1.3386445613460305,-0.097083657111379,3.964026638309645,-0.4437652499831522,1.3248191815599548
95.0,220.0,129.89837646484375,-0.0395527924957213,2.682214317912262,-4.116956616998905,-3.6791927617334994,-1.9264592489769288,1.3386445613488145,-0.097083657111333,3.964026454664821,-0.4437652499819082,1.3248191815599548
95.0,220.0,129.89837646484375,-0.0395527934279939,2.682214319014893,-4.116956616998932,-3.679192761756064,-1.926459248977412,1.3386445613218654,-0.0971768355286209,3.96402650802934,-0.4437652499797203,1.321448138330359
95.0,221.0,129.8971710205078,-0.0395527923855947,2.6822143189759378,-4.116956616998968,-3.679192762028057,-1.926459248976937,1.3386445612834486,-0.0970836571114288,3.963994686626135,-0.4437652499795637,1.324576688016679
95.0,221.0,129.8971710205078,-0.0395527923855947,2.6822143189759378,-4.116956616998968,-3.679192762028057,-1.926459248976937,1.3386445612834486,-0.0970836571114288,3.963994686626135,-0.4437652499795637,1.324576688016679
95.0,221.0,129.8971710205078,-0.0395527923855947,2.6822143189593244,-4.116956616998968,-3.679192762028057,-1.926459248977462,1.33864456128104,-0.0970836571114288,3.963994686626135,-0.4437652499797045,1.324576688016679
95.0,221.0,129.89718627929688,-0.0395527935053623,2.6822143189759378,-4.116956616998968,-3.679192762028057,-1.926459248976937,1.3386445612823863,-0.0970836571114257,3.963994686626135,-0.4437652499795637,1.3245881076851609
95.0,221.0,129.89718627929688,-0.0395527936662775,2.682214319004062,-4.116956616998929,-3.679192762028581,-1.926459248976952,1.338644561282716,-0.0970836571114358,3.963989170123973,-0.4437652499792932,1.3245837121484945
95.0,221.0,129.89744567871094,-0.0395527924120351,2.6822143184048444,-4.116956616998906,-3.679192761725985,-1.9264592489769288,1.3386445613437192,-0.0970836571113797,3.9647678163025737,-0.4437652499672126,1.324719711342333
95.0,221.0,129.89744567871094,-0.0395527924120351,2.682214317890775,-4.116956616998906,-3.679192761725985,-1.9264592489769288,1.3386445613460218,-0.0970836571113797,3.964760808942749,-0.4437652499837204,1.324719711342333
95.0,221.0,129.8975067138672,-0.039552793547406,2.6822143183677074,-4.11695661699893,-3.6791927620280607,-1.9264592489769297,1.3386445612823432,-0.0970836571113735,3.96478218853785,-0.4437652499795718,1.3247249210761038
95.0,221.0,129.8975830078125,-0.0395527923935019,2.682214319115252,-4.116956616998948,-3.6791927617529785,-1.92645924897746,1.3386445613459097,-0.0970836571098101,3.964834694548717,-0.443765249979708,1.3247344369943708
95.0,221.0,129.8975830078125,-0.0395527923935019,2.6822143189593946,-4.116956616998907,-3.6791927617529785,-1.92645924897746,1.3386445613459097,-0.0970836571098621,3.964834694548717,-0.443765249979708,1.3247344369943708
95.0,221.0,129.8975830078125,-0.0395527923935019,2.6822143184144736,-4.116956616998931,-3.6791927617529785,-1.92645924897744,1.3386445613459097,-0.0970836571098621,3.964834694548717,-0.4437652499797034,1.3247344369943708
95.0,221.0,129.8975830078125,-0.0395527922697883,2.682214318976281,-4.116956616998968,-3.679192762028057,-1.926459248976937,1.3386445612834486,-0.0970836571112098,3.963994686626135,-0.4437652499678786,1.3247187509171652
95.0,221.0,129.8975830078125,-0.0395527923935019,2.682214319115252,-4.11695661699895,-3.6791927617529785,-1.92645924897746,1.338644561344488,-0.0970836571098101,3.964834694548717,-0.4437652499798913,1.3247344369943708
95.0,221.0,129.89759826660156,-0.039552793547406,2.6822143183957,-4.11695661699893,-3.6791927620280607,-1.926459248976951,1.3386445612823432,-0.0970836571113735,3.964018760414994,-0.4437652499795718,1.3247249210761038
95.0,221.0,129.89759826660156,-0.039552793547406,2.6822143183957,-4.11695661699893,-3.6791927620311298,-1.926459248976952,1.3386445612823437,-0.0970836571113735,3.964018537908089,-0.4437652499795718,1.3247248222737618
95.0,221.0,129.89759826660156,-0.039552793547406,2.6822143183957,-4.1169566169989285,-3.6791927620280607,-1.926459248976951,1.338644561282071,-0.0970836571113735,3.964018263518171,-0.4437652499795718,1.3247249210761038
95.0,221.0,129.89759826660156,-0.039552793547406,2.682214318393869,-4.11695661699893,-3.679192762034448,-1.926459248976952,1.338644561282358,-0.0970836571113735,3.964018537908089,-0.4437652499795718,1.3247237632860005
95.0,221.0,129.89759826660156,-0.039552793547406,2.6822143183957,-4.11695661699893,-3.6791927620311298,-1.926459248976952,1.3386445612823437,-0.0970836571113735,3.964018537908089,-0.4437652499795718,1.3247248222737618
95.0,221.0,129.89759826660156,-0.0395527934423389,2.6822143183957,-4.1169566169989285,-3.679192761731872,-1.926459248976951,1.338644561282071,-0.0970836571113735,3.964018263518171,-0.4437652499795824,1.3247249210761038
95.0,221.0,129.89759826660156,-0.039552793547406,2.6822143183957,-4.11695661699893,-3.6791927620280607,-1.926459248976951,1.3386445612823432,-0.0970836571113735,3.964018760414994,-0.4437652499795718,1.3247249210761038
95.0,221.0,129.89759826660156,-0.0395527935450712,2.6822143183957,-4.1169566169989285,-3.679192761731872,-1.926459248976951,1.3386445612820714,-0.0970836571113735,3.964018260311447,-0.4437652499795824,1.3247249210761038
95.0,221.0,129.89759826660156,-0.039552793547406,2.6822143183957,-4.11695661699893,-3.679192762048767,-1.926459248976952,1.3386445612765512,-0.0970836571113735,3.964018537908089,-0.4437652499795718,1.3247248222737618
95.0,221.0,129.89759826660156,-0.0395527933719013,2.6822143183957,-4.1169566169989285,-3.67919276173344,-1.9264592489769508,1.338644561282071,-0.0970836571113735,3.964018263518171,-0.4437652499795824,1.3247249210761038
95.0,221.0,129.89759826660156,-0.039552793547406,2.682214318366999,-4.11695661699893,-3.679192762031124,-1.9264592489769523,1.3386445612823432,-0.0970836571113735,3.9640188057301446,-0.4437652499795718,1.3247249210761038
95.0,221.0,129.89759826660156,-0.0395527935450712,2.6822143183957,-4.1169566169989285,-3.679192761731872,-1.926459248976951,1.3386445612820714,-0.0970836571113735,3.964018260311447,-0.4437652499795824,1.3247249210761038
95.0,221.0,129.89759826660156,-0.039552793547406,2.6822143189406216,-4.116956616998906,-3.679192762048767,-1.9264592489769712,1.3386445612765512,-0.0970836571113735,3.964018537908089,-0.4437652499795765,1.3247248222737618
95.0,221.0,129.89759826660156,-0.0395527924957213,2.682214317912262,-4.116956616998905,-3.6791927617334994,-1.9264592489769288,1.338644561282064,-0.0970836571113326,3.964026454664821,-0.4437652499819082,1.324724448871717
95.0,221.0,129.89759826660156,-0.039552793547406,2.6822143183957,-4.11695661699893,-3.6791927620280607,-1.926459248976951,1.3386445612823583,-0.0970836571113735,3.964018760414994,-0.4437652499795718,1.324724873989011
95.0,221.0,129.89759826660156,-0.039552793547406,2.6822143183957,-4.11695661699893,-3.6791927620280607,-1.926459248976951,1.3386445612823432,-0.0970836571113735,3.964018760414994,-0.4437652499795718,1.3247249210761038
95.0,221.0,129.89759826660156,-0.039552793547406,2.6822143183957,-4.11695661699893,-3.6791927620311298,-1.926459248976952,1.3386445612823437,-0.0970836571113735,3.964018537908089,-0.4437652499795718,1.3247248208661977
95.0,221.0,129.89759826660156,-0.0395527924957213,2.682214317912262,-4.116956616998905,-3.6791927617334994,-1.9264592489769288,1.338644561282064,-0.0970836571113326,3.964026454664821,-0.4437652499819082,1.324724448871717
95.0,221.0,129.89759826660156,-0.039552793547406,2.6822143183957,-4.11695661699893,-3.6791927620280607,-1.926459248976951,1.3386445612823583,-0.0970836571113735,3.964018760414994,-0.4437652499795718,1.324724873989011
95.0,221.0,129.89759826660156,-0.039552793547406,2.6822143183957,-4.11695661699893,-3.6791927620280607,-1.926459248976951,1.3386445613437707,-0.0970836571113735,3.964018760414994,-0.4437652499795718,1.3247249210761038
95.0,221.0,129.89759826660156,-0.0395527935450712,2.6822143183957,-4.1169566169989285,-3.679192761731872,-1.926459248976951,1.3386445612820714,-0.0970836571113735,3.964018260311447,-0.4437652499795824,1.3247249210761038
95.0,221.0,129.89759826660156,-0.0395527934485554,2.6822143183957,-4.1169566169989285,-3.6791927620280607,-1.926459248976951,1.338644561282071,-0.0970836571113735,3.964018263518171,-0.4437652499795718,1.3247249210761038
95.0,221.0,129.89759826660156,-0.0395527935450712,2.6822143183957,-4.1169566169989285,-3.679192761731872,-1.926459248976951,1.3386445612820728,-0.0970836571113735,3.964018260311447,-0.4437652499792834,1.3247249210761038
95.0,221.0,129.89759826660156,-0.039552793547406,2.6822143183957,-4.11695661699893,-3.6791927620280607,-1.926459248976951,1.3386445612823432,-0.0970836571113735,3.964018760414994,-0.4437652499795718,1.3247249224836684
95.0,221.0,129.89761352539062,-0.0395527923909484,2.682214318977912,-4.116956616998929,-3.679192762034283,-1.926459248976951,1.338644561282113,-0.097083657111319,3.964005098352257,-0.4437652499792786,1.3247249210761038
95.0,221.0,129.89761352539062,-0.0395527923909484,2.682214318977912,-4.116956616998929,-3.679192762034283,-1.926459248976951,1.338644561282113,-0.097083657111319,3.964005098352257,-0.4437652499792786,1.3247249210761038
95.0,221.0,129.8976287841797,-0.0395527935504711,2.6822143190044057,-4.116956616998929,-3.679192762028581,-1.926459248976952,1.338644561282716,-0.0970836571112169,3.963989170123973,-0.4437652499676081,1.3247257750489807
95.0,221.0,129.897705078125,-0.0395527935167133,2.6822143183836737,-4.116956616998912,-3.679192762034452,-1.926459248976952,1.3386445612823437,-0.0970836571113735,3.964990712222231,-0.4437652499795718,1.3247248222737618
95.0,221.0,129.89784240722656,-0.039552793547406,2.682214318334624,-4.11695661699893,-3.6791927620280607,-1.926459248976951,1.3386445612823432,-0.0970836571095698,3.96379417312033,-0.4437652499795718,1.3247249210761038
95.0,221.0,129.89784240722656,-0.039552793605243,2.682214318334624,-4.116956616998929,-3.6791927620280607,-1.926459248976951,1.338644561283678,-0.0970836571095662,3.96379417312033,-0.443765249979362,1.3247249210761038
95.0,221.0,129.89784240722656,-0.039552793547406,2.682214317895016,-4.11695661699893,-3.679192762057984,-1.926459248976951,1.3386445612813882,-0.0970836571095698,3.96379417312033,-0.4437652499818892,1.324726633779707
95.0,221.0,129.89784240722656,-0.0395527923909484,2.682214318977912,-4.116956616998929,-3.679192762034283,-1.926459248976951,1.338644561283678,-0.09708365711132,3.963788805025642,-0.4437652499792786,1.3247249210761038
95.0,221.0,129.89784240722656,-0.039552793547406,2.682214318334624,-4.11695661699893,-3.6791927620280607,-1.926459248976951,1.3386445612823432,-0.0970836571095698,3.96379417312033,-0.4437652499795718,1.3247248235102151
95.0,221.0,129.89784240722656,-0.039552792402881,2.682214317895016,-4.11695661699893,-3.6791927617259295,-1.926459248976929,1.338644561281845,-0.0970836571095698,3.96379417312033,-0.4437652499675589,1.324726633779707
95.0,221.0,129.89784240722656,-0.0395527936051371,2.682214318309045,-4.11695661699893,-3.6791927620280607,-1.926459248976951,1.3386445612823432,-0.0970836571095698,3.96379417312033,-0.4437652499793844,1.324725344176631
95.0,221.0,129.89784240722656,-0.0395527923909484,2.682214318977912,-4.116956616998929,-3.679192762034283,-1.926459248976951,1.338644561283678,-0.09708365711132,3.963788805025642,-0.4437652499792786,1.3247249210761038
95.0,221.0,129.89785766601562,-0.039552793605243,2.68221431830952,-4.116956616998929,-3.6791927620280607,-1.926459248976951,1.338644561283678,-0.0970836571095662,3.96379417312033,-0.443765249979362,1.324729741977685
95.0,222.0,129.8971710205078,-0.0395527923855947,2.6822143189759378,-4.116956616998968,-3.679192762028057,-1.926459248976937,1.3386445612834486,-0.0970836571114288,3.963994686626135,-0.4437652499795637,1.324576688016679
95.0,222.0,129.8971710205078,-0.0395527923855947,2.6822143189759378,-4.116956616998968,-3.679192762028057,-1.926459248976937,1.3386445612834486,-0.0970836571114288,3.963994686626135,-0.4437652499795637,1.324576688016679
95.0,222.0,129.8971710205078,-0.0395527923855947,2.6822143189593244,-4.116956616998968,-3.679192762028057,-1.926459248977462,1.33864456128104,-0.0970836571114288,3.963994686626135,-0.4437652499797045,1.324576688016679
95.0,222.0,129.8971710205078,-0.039552793547406,2.6822143183957,-4.116956616998966,-3.6791927620280607,-1.926459248976951,1.338644561280608,-0.0970836571114311,3.964018760414994,-0.4437652499795718,1.3245865096139045
95.0,222.0,129.89718627929688,-0.0395527935053623,2.6822143189759378,-4.116956616998968,-3.679192762028057,-1.926459248976937,1.3386445612823863,-0.0970836571114257,3.963994686626135,-0.4437652499795637,1.3245881076851609
95.0,222.0,129.89718627929688,-0.0395527936662775,2.682214319004062,-4.116956616998929,-3.679192762028581,-1.926459248976952,1.338644561282716,-0.0970836571114358,3.963989170123973,-0.4437652499792932,1.3245837121484945
95.0,222.0,129.89744567871094,-0.0395527924120351,2.6822143184048444,-4.116956616998906,-3.679192761725985,-1.9264592489769288,1.3386445613437192,-0.0970836571113797,3.9647678163025737,-0.4437652499672126,1.324719711342333
95.0,222.0,129.89744567871094,-0.0395527924120351,2.682214317890775,-4.116956616998906,-3.679192761725985,-1.9264592489769288,1.3386445613460218,-0.0970836571113797,3.964760808942749,-0.4437652499837204,1.324719711342333
95.0,222.0,129.89744567871094,-0.0395527924120351,2.6822143184048444,-4.116956616998906,-3.679192761725985,-1.9264592489769288,1.3386445613437192,-0.0970836571113797,3.9647678163025737,-0.4437652499672126,1.324719711342333
95.0,222.0,129.89744567871094,-0.0395527924120351,2.682214319068174,-4.116956616998907,-3.679192761725985,-1.9264592489769403,1.3386445613460218,-0.0970836571113797,3.964760808942749,-0.4437652499797679,1.324719711342333
95.0,222.0,129.8975067138672,-0.039552793547406,2.6822143183677074,-4.11695661699893,-3.6791927620280607,-1.9264592489769297,1.3386445612823432,-0.0970836571113735,3.96478218853785,-0.4437652499795718,1.3247249210761038
95.0,222.0,129.89755249023438,-0.0395527923935019,2.6822143191092613,-4.116956616998948,-3.6791927617529785,-1.926459248976956,1.338644561344262,-0.0970836571099289,3.9647530451682127,-0.443765249979708,1.324737049975113
95.0,222.0,129.8975830078125,-0.0395527923935019,2.682214319115252,-4.116956616998948,-3.6791927617529785,-1.92645924897746,1.3386445613459097,-0.0970836571098101,3.964834694548717,-0.443765249979708,1.3247344369943708
95.0,222.0,129.8975830078125,-0.0395527923935019,2.6822143189593946,-4.116956616998907,-3.6791927617529785,-1.92645924897746,1.3386445613459097,-0.0970836571098621,3.964834694548717,-0.443765249979708,1.3247344369943708
95.0,222.0,129.8975830078125,-0.0395527923935019,2.6822143184144736,-4.116956616998931,-3.6791927617529785,-1.92645924897744,1.3386445613459097,-0.0970836571098621,3.964834694548717,-0.4437652499797034,1.3247344369943708
95.0,222.0,129.8975830078125,-0.0395527922697883,2.682214318976281,-4.116956616998968,-3.679192762028057,-1.926459248976937,1.3386445612834486,-0.0970836571112098,3.963994686626135,-0.4437652499678786,1.3247187509171652
95.0,222.0,129.8975830078125,-0.0395527923935019,2.682214319115252,-4.11695661699895,-3.6791927617529785,-1.92645924897746,1.338644561344488,-0.0970836571098101,3.964834694548717,-0.4437652499798913,1.3247344369943708
95.0,222.0,129.8975830078125,-0.0395527923935019,2.682214319115252,-4.116956616998948,-3.6791927617529785,-1.92645924897746,1.3386445613460454,-0.0970836571098101,3.964834694548717,-0.443765249979708,1.3247344369943708
95.0,222.0,129.89759826660156,-0.039552793547406,2.6822143183957,-4.11695661699893,-3.6791927620280607,-1.926459248976951,1.3386445612823432,-0.0970836571113735,3.964018760414994,-0.4437652499795718,1.3247249210761038
95.0,222.0,129.89759826660156,-0.039552793547406,2.6822143183957,-4.11695661699893,-3.6791927620311298,-1.926459248976952,1.3386445612823437,-0.0970836571113735,3.964018537908089,-0.4437652499795718,1.3247248222737618
95.0,222.0,129.89759826660156,-0.039552793547406,2.6822143183957,-4.1169566169989285,-3.6791927620280607,-1.926459248976951,1.338644561282071,-0.0970836571113735,3.964018263518171,-0.4437652499795718,1.3247249210761038
95.0,222.0,129.89759826660156,-0.039552793547406,2.682214318393869,-4.11695661699893,-3.679192762034448,-1.926459248976952,1.338644561282358,-0.0970836571113735,3.964018537908089,-0.4437652499795718,1.3247237632860005
95.0,222.0,129.89759826660156,-0.039552793547406,2.6822143183957,-4.11695661699893,-3.6791927620311298,-1.926459248976952,1.3386445612823437,-0.0970836571113735,3.964018537908089,-0.4437652499795718,1.3247248222737618
95.0,222.0,129.89759826660156,-0.0395527934423389,2.6822143183957,-4.1169566169989285,-3.679192761731872,-1.926459248976951,1.338644561282071,-0.0970836571113735,3.964018263518171,-0.4437652499795824,1.3247249210761038
95.0,222.0,129.89759826660156,-0.039552793547406,2.6822143183957,-4.11695661699893,-3.6791927620280607,-1.926459248976951,1.3386445612823432,-0.0970836571113735,3.964018760414994,-0.4437652499795718,1.3247249210761038
95.0,222.0,129.89759826660156,-0.0395527935450712,2.6822143183957,-4.1169566169989285,-3.679192761731872,-1.926459248976951,1.3386445612820714,-0.0970836571113735,3.964018260311447,-0.4437652499795824,1.3247249210761038
95.0,222.0,129.89759826660156,-0.039552793547406,2.6822143183957,-4.11695661699893,-3.679192762048767,-1.926459248976952,1.3386445612765512,-0.0970836571113735,3.964018537908089,-0.4437652499795718,1.3247248222737618
95.0,222.0,129.89759826660156,-0.0395527933719013,2.6822143183957,-4.1169566169989285,-3.67919276173344,-1.9264592489769508,1.338644561282071,-0.0970836571113735,3.964018263518171,-0.4437652499795824,1.3247249210761038
95.0,222.0,129.89759826660156,-0.039552793547406,2.682214318366999,-4.11695661699893,-3.679192762031124,-1.9264592489769523,1.3386445612823432,-0.0970836571113735,3.9640188057301446,-0.4437652499795718,1.3247249210761038
95.0,222.0,129.89759826660156,-0.0395527935450712,2.6822143183957,-4.1169566169989285,-3.679192761731872,-1.926459248976951,1.3386445612820714,-0.0970836571113735,3.964018260311447,-0.4437652499795824,1.3247249210761038
95.0,222.0,129.89759826660156,-0.039552793547406,2.6822143189406216,-4.116956616998906,-3.679192762048767,-1.9264592489769712,1.3386445612765512,-0.0970836571113735,3.964018537908089,-0.4437652499795765,1.3247248222737618
95.0,222.0,129.89759826660156,-0.0395527924957213,2.682214317912262,-4.116956616998905,-3.6791927617334994,-1.9264592489769288,1.338644561282064,-0.0970836571113326,3.964026454664821,-0.4437652499819082,1.324724448871717
95.0,222.0,129.89759826660156,-0.039552793547406,2.6822143183957,-4.11695661699893,-3.6791927620280607,-1.926459248976951,1.3386445612823583,-0.0970836571113735,3.964018760414994,-0.4437652499795718,1.324724873989011
95.0,222.0,129.89759826660156,-0.039552793547406,2.6822143183957,-4.11695661699893,-3.6791927620280607,-1.926459248976951,1.3386445612823432,-0.0970836571113735,3.964018760414994,-0.4437652499795718,1.3247249210761038
95.0,222.0,129.89759826660156,-0.039552793547406,2.6822143183957,-4.11695661699893,-3.6791927620311298,-1.926459248976952,1.3386445612823437,-0.0970836571113735,3.964018537908089,-0.4437652499795718,1.3247248208661977
95.0,222.0,129.89759826660156,-0.0395527924957213,2.682214317912262,-4.116956616998905,-3.6791927617334994,-1.9264592489769288,1.338644561282064,-0.0970836571113326,3.964026454664821,-0.4437652499819082,1.324724448871717
95.0,222.0,129.89759826660156,-0.039552793547406,2.6822143183957,-4.11695661699893,-3.6791927620280607,-1.926459248976951,1.3386445612823583,-0.0970836571113735,3.964018760414994,-0.4437652499795718,1.324724873989011
95.0,222.0,129.89759826660156,-0.039552793547406,2.6822143183957,-4.11695661699893,-3.6791927620280607,-1.926459248976951,1.3386445613437707,-0.0970836571113735,3.964018760414994,-0.4437652499795718,1.3247249210761038
95.0,222.0,129.89759826660156,-0.0395527935450712,2.6822143183957,-4.1169566169989285,-3.679192761731872,-1.926459248976951,1.3386445612820714,-0.0970836571113735,3.964018260311447,-0.4437652499795824,1.3247249210761038
95.0,222.0,129.89759826660156,-0.0395527934485554,2.6822143183957,-4.1169566169989285,-3.6791927620280607,-1.926459248976951,1.338644561282071,-0.0970836571113735,3.964018263518171,-0.4437652499795718,1.3247249210761038
95.0,222.0,129.89759826660156,-0.0395527935450712,2.6822143183957,-4.1169566169989285,-3.679192761731872,-1.926459248976951,1.3386445612820728,-0.0970836571113735,3.964018260311447,-0.4437652499792834,1.3247249210761038
95.0,222.0,129.89759826660156,-0.039552793547406,2.6822143183957,-4.11695661699893,-3.6791927620280607,-1.926459248976951,1.3386445612823432,-0.0970836571113735,3.964018760414994,-0.4437652499795718,1.3247249224836684
95.0,222.0,129.89759826660156,-0.0395527924120351,2.682214318396071,-4.116956616998906,-3.679192761725985,-1.9264592489769288,1.3386445613419828,-0.0970836571113797,3.964016576668096,-0.4437652499667072,1.3247249554040113
95.0,222.0,129.89759826660156,-0.0395527935474969,2.6822143183957,-4.1169566169989285,-3.679192762022098,-1.926459248976951,1.3386445612820728,-0.0970836571113735,3.964018261541974,-0.4437652499792834,1.3247249210761038
95.0,222.0,129.89759826660156,-0.0395527935450712,2.6822143183957,-4.1169566169989285,-3.679192761731872,-1.926459248976951,1.3386445612820714,-0.0970836571113735,3.964018260311447,-0.4437652499795824,1.3247249210761038
95.0,222.0,129.89759826660156,-0.039552793547406,2.6822143183957,-4.11695661699893,-3.6791927620280607,-1.926459248976951,1.3386445612823537,-0.0970836571114362,3.964019180379646,-0.4437652499795718,1.324724873989011
95.0,222.0,129.89759826660156,-0.039552793547406,2.6822143183957,-4.11695661699893,-3.6791927620311298,-1.926459248976952,1.3386445612823432,-0.0970836571113735,3.9640185520678175,-0.4437652499795718,1.3247248185052911
95.0,222.0,129.89759826660156,-0.039552793547406,2.682214318395823,-4.11695661699893,-3.6791927620280607,-1.9264592489769368,1.3386445612823432,-0.0970836571113735,3.964849233992016,-0.4437652499795738,1.3247343894854062
95.0,222.0,129.89759826660156,-0.039552793547406,2.6822143183957,-4.11695661699893,-3.6791927620280607,-1.926459248976951,1.3386445612823588,-0.0970836571113735,3.964018746255264,-0.4437652499795718,1.3247248777574812
95.0,222.0,129.89759826660156,-0.0395527935450712,2.6822143183957,-4.1169566169989285,-3.679192761702857,-1.926459248976951,1.3386445612823406,-0.0970836571113735,3.964018732147253,-0.4437652499795715,1.3247249210761038
95.0,223.0,129.89710998535156,-0.039552792341212,2.6822143183957,-4.116956616998968,-3.679192762028868,-1.926459248976951,1.338644561280608,-0.0970836571114311,3.964018760414994,-0.4437652499795718,1.3245560549963646
95.0,223.0,129.8971710205078,-0.0395527923855947,2.6822143189759378,-4.116956616998968,-3.679192762028057,-1.926459248976937,1.3386445612834486,-0.0970836571114288,3.963994686626135,-0.4437652499795637,1.324576688016679
95.0,223.0,129.8971710205078,-0.0395527923855947,2.6822143189759378,-4.116956616998968,-3.679192762028057,-1.926459248976937,1.3386445612834486,-0.0970836571114288,3.963994686626135,-0.4437652499795637,1.324576688016679
95.0,223.0,129.8971710205078,-0.0395527923855947,2.6822143189593244,-4.116956616998968,-3.679192762028057,-1.926459248977462,1.33864456128104,-0.0970836571114288,3.963994686626135,-0.4437652499797045,1.324576688016679
95.0,223.0,129.8971710205078,-0.039552793547406,2.6822143183957,-4.116956616998966,-3.6791927620280607,-1.926459248976951,1.338644561280608,-0.0970836571114311,3.964018760414994,-0.4437652499795718,1.3245865096139045
95.0,223.0,129.8971710205078,-0.0395527923856833,2.682214318954621,-4.116956616998968,-3.6791927617504734,-1.9264592489769348,1.3386445613489946,-0.0970836571114288,3.963994686626135,-0.4437652499797038,1.3245775789396237
95.0,223.0,129.89718627929688,-0.0395527935053623,2.6822143189759378,-4.116956616998968,-3.679192762028057,-1.926459248976937,1.3386445612823863,-0.0970836571114257,3.963994686626135,-0.4437652499795637,1.3245881076851609
95.0,223.0,129.89718627929688,-0.0395527936662775,2.682214319004062,-4.116956616998929,-3.679192762028581,-1.926459248976952,1.338644561282716,-0.0970836571114358,3.963989170123973,-0.4437652499792932,1.3245837121484945
95.0,223.0,129.89718627929688,-0.0395527936735453,2.6822143183948093,-4.116956616998929,-3.679192762028581,-1.926459248976952,1.338644561282716,-0.0970836571114373,3.963989170123973,-0.4437652499795651,1.3245813503337824
95.0,223.0,129.89718627929688,-0.039552793547406,2.6822143183957,-4.116956616998968,-3.67919276203109,-1.926459248977436,1.338644561281043,-0.0970836571114281,3.963994253124296,-0.4437652499795718,1.3245808089962896
95.0,223.0,129.89720153808594,-0.0395527935052597,2.6822143189759378,-4.116956616998967,-3.679192762028057,-1.926459248976956,1.3386445612823863,-0.0970836571113134,3.963994686626135,-0.4437652499795637,1.3245923672653606
95.0,223.0,129.89744567871094,-0.0395527924120351,2.6822143184048444,-4.116956616998906,-3.679192761725985,-1.9264592489769288,1.3386445613437192,-0.0970836571113797,3.9647678163025737,-0.4437652499672126,1.324719711342333
95.0,223.0,129.89744567871094,-0.0395527924120351,2.682214317890775,-4.116956616998906,-3.679192761725985,-1.9264592489769288,1.3386445613460218,-0.0970836571113797,3.964760808942749,-0.4437652499837204,1.324719711342333
95.0,223.0,129.89744567871094,-0.0395527924120351,2.6822143184048444,-4.116956616998906,-3.679192761725985,-1.9264592489769288,1.3386445613437192,-0.0970836571113797,3.9647678163025737,-0.4437652499672126,1.324719711342333
95.0,223.0,129.89744567871094,-0.0395527924120351,2.682214319068174,-4.116956616998907,-3.679192761725985,-1.9264592489769403,1.3386445613460218,-0.0970836571113797,3.964760808942749,-0.4437652499797679,1.324719711342333
95.0,223.0,129.89744567871094,-0.0395527924120351,2.682214318417808,-4.116956616998907,-3.679192761725985,-1.9264592489769403,1.3386445613459546,-0.0970836571113797,3.964760808942749,-0.4437652499797679,1.324719711342333
95.0,223.0,129.8974609375,-0.039552793547406,2.6822143189406216,-4.116956616998906,-3.679192762048767,-1.9264592489769712,1.3386445612765512,-0.0970836571113735,3.964747928560246,-0.4437652499795765,1.3247248222737618
95.0,223.0,129.8975067138672,-0.039552793547406,2.6822143183677074,-4.11695661699893,-3.6791927620280607,-1.9264592489769297,1.3386445612823432,-0.0970836571113735,3.96478218853785,-0.4437652499795718,1.3247249210761038
95.0,223.0,129.89755249023438,-0.0395527923935019,2.6822143191092613,-4.116956616998948,-3.6791927617529785,-1.926459248976956,1.338644561344262,-0.0970836571099289,3.9647530451682127,-0.443765249979708,1.324737049975113
95.0,223.0,129.89756774902344,-0.0395527923935019,2.6822143184144736,-4.116956616998931,-3.6791927617529785,-1.92645924897744,1.3386445613459097,-0.0970836571098621,3.96410530389656,-0.4437652499797034,1.3247344369943708
95.0,223.0,129.8975830078125,-0.0395527923935019,2.682214319115252,-4.116956616998948,-3.6791927617529785,-1.92645924897746,1.3386445613459097,-0.0970836571098101,3.964834694548717,-0.443765249979708,1.3247344369943708
95.0,223.0,129.8975830078125,-0.0395527923935019,2.6822143189593946,-4.116956616998907,-3.6791927617529785,-1.92645924897746,1.3386445613459097,-0.0970836571098621,3.964834694548717,-0.443765249979708,1.3247344369943708
95.0,223.0,129.8975830078125,-0.0395527923935019,2.6822143184144736,-4.116956616998931,-3.6791927617529785,-1.92645924897744,1.3386445613459097,-0.0970836571098621,3.964834694548717,-0.4437652499797034,1.3247344369943708
95.0,223.0,129.8975830078125,-0.0395527922697883,2.682214318976281,-4.116956616998968,-3.679192762028057,-1.926459248976937,1.3386445612834486,-0.0970836571112098,3.963994686626135,-0.4437652499678786,1.3247187509171652
95.0,223.0,129.8975830078125,-0.0395527923935019,2.682214319115252,-4.11695661699895,-3.6791927617529785,-1.92645924897746,1.338644561344488,-0.0970836571098101,3.964834694548717,-0.4437652499798913,1.3247344369943708
95.0,223.0,129.8975830078125,-0.0395527923935019,2.682214319115252,-4.116956616998948,-3.6791927617529785,-1.92645924897746,1.3386445613460454,-0.0970836571098101,3.964834694548717,-0.443765249979708,1.3247344369943708
95.0,223.0,129.8975830078125,-0.0395527923935019,2.682214319115252,-4.1169566169989285,-3.6791927617529785,-1.92645924897746,1.3386445612782545,-0.0970836571114509,3.9648464004114894,-0.4437652499793129,1.3247344369943708
95.0,223.0,129.89759826660156,-0.039552793547406,2.6822143183957,-4.11695661699893,-3.6791927620280607,-1.926459248976951,1.3386445612823432,-0.0970836571113735,3.964018760414994,-0.4437652499795718,1.3247249210761038
95.0,223.0,129.89759826660156,-0.039552793547406,2.6822143183957,-4.11695661699893,-3.6791927620311298,-1.926459248976952,1.3386445612823437,-0.0970836571113735,3.964018537908089,-0.4437652499795718,1.3247248222737618
95.0,223.0,129.89759826660156,-0.039552793547406,2.6822143183957,-4.1169566169989285,-3.6791927620280607,-1.926459248976951,1.338644561282071,-0.0970836571113735,3.964018263518171,-0.4437652499795718,1.3247249210761038
95.0,223.0,129.89759826660156,-0.039552793547406,2.682214318393869,-4.11695661699893,-3.679192762034448,-1.926459248976952,1.338644561282358,-0.0970836571113735,3.964018537908089,-0.4437652499795718,1.3247237632860005
95.0,223.0,129.89759826660156,-0.039552793547406,2.6822143183957,-4.11695661699893,-3.6791927620311298,-1.926459248976952,1.3386445612823437,-0.0970836571113735,3.964018537908089,-0.4437652499795718,1.3247248222737618
95.0,223.0,129.89759826660156,-0.0395527934423389,2.6822143183957,-4.1169566169989285,-3.679192761731872,-1.926459248976951,1.338644561282071,-0.0970836571113735,3.964018263518171,-0.4437652499795824,1.3247249210761038
95.0,223.0,129.89759826660156,-0.039552793547406,2.6822143183957,-4.11695661699893,-3.6791927620280607,-1.926459248976951,1.3386445612823432,-0.0970836571113735,3.964018760414994,-0.4437652499795718,1.3247249210761038
95.0,223.0,129.89759826660156,-0.0395527935450712,2.6822143183957,-4.1169566169989285,-3.679192761731872,-1.926459248976951,1.3386445612820714,-0.0970836571113735,3.964018260311447,-0.4437652499795824,1.3247249210761038
95.0,223.0,129.89759826660156,-0.039552793547406,2.6822143183957,-4.11695661699893,-3.679192762048767,-1.926459248976952,1.3386445612765512,-0.0970836571113735,3.964018537908089,-0.4437652499795718,1.3247248222737618
95.0,223.0,129.89759826660156,-0.0395527933719013,2.6822143183957,-4.1169566169989285,-3.67919276173344,-1.9264592489769508,1.338644561282071,-0.0970836571113735,3.964018263518171,-0.4437652499795824,1.3247249210761038
95.0,223.0,129.89759826660156,-0.039552793547406,2.682214318366999,-4.11695661699893,-3.679192762031124,-1.9264592489769523,1.3386445612823432,-0.0970836571113735,3.9640188057301446,-0.4437652499795718,1.3247249210761038
95.0,223.0,129.89759826660156,-0.0395527935450712,2.6822143183957,-4.1169566169989285,-3.679192761731872,-1.926459248976951,1.3386445612820714,-0.0970836571113735,3.964018260311447,-0.4437652499795824,1.3247249210761038
95.0,223.0,129.89759826660156,-0.039552793547406,2.6822143189406216,-4.116956616998906,-3.679192762048767,-1.9264592489769712,1.3386445612765512,-0.0970836571113735,3.964018537908089,-0.4437652499795765,1.3247248222737618
95.0,223.0,129.89759826660156,-0.0395527924957213,2.682214317912262,-4.116956616998905,-3.6791927617334994,-1.9264592489769288,1.338644561282064,-0.0970836571113326,3.964026454664821,-0.4437652499819082,1.324724448871717
95.0,223.0,129.89759826660156,-0.039552793547406,2.6822143183957,-4.11695661699893,-3.6791927620280607,-1.926459248976951,1.3386445612823583,-0.0970836571113735,3.964018760414994,-0.4437652499795718,1.324724873989011
95.0,223.0,129.89759826660156,-0.039552793547406,2.6822143183957,-4.11695661699893,-3.6791927620280607,-1.926459248976951,1.3386445612823432,-0.0970836571113735,3.964018760414994,-0.4437652499795718,1.3247249210761038
95.0,223.0,129.89759826660156,-0.039552793547406,2.6822143183957,-4.11695661699893,-3.6791927620311298,-1.926459248976952,1.3386445612823437,-0.0970836571113735,3.964018537908089,-0.4437652499795718,1.3247248208661977
95.0,223.0,129.89759826660156,-0.0395527924957213,2.682214317912262,-4.116956616998905,-3.6791927617334994,-1.9264592489769288,1.338644561282064,-0.0970836571113326,3.964026454664821,-0.4437652499819082,1.324724448871717
95.0,223.0,129.89759826660156,-0.039552793547406,2.6822143183957,-4.11695661699893,-3.6791927620280607,-1.926459248976951,1.3386445612823583,-0.0970836571113735,3.964018760414994,-0.4437652499795718,1.324724873989011
95.0,223.0,129.89759826660156,-0.039552793547406,2.6822143183957,-4.11695661699893,-3.6791927620280607,-1.926459248976951,1.3386445613437707,-0.0970836571113735,3.964018760414994,-0.4437652499795718,1.3247249210761038
95.0,223.0,129.89759826660156,-0.0395527935450712,2.6822143183957,-4.1169566169989285,-3.679192761731872,-1.926459248976951,1.3386445612820714,-0.0970836571113735,3.964018260311447,-0.4437652499795824,1.3247249210761038
95.0,223.0,129.89759826660156,-0.0395527934485554,2.6822143183957,-4.1169566169989285,-3.6791927620280607,-1.926459248976951,1.338644561282071,-0.0970836571113735,3.964018263518171,-0.4437652499795718,1.3247249210761038
95.0,223.0,129.89759826660156,-0.0395527935450712,2.6822143183957,-4.1169566169989285,-3.679192761731872,-1.926459248976951,1.3386445612820728,-0.0970836571113735,3.964018260311447,-0.4437652499792834,1.3247249210761038
95.0,224.0,129.89710998535156,-0.039552792341212,2.6822143183957,-4.116956616998968,-3.679192762028868,-1.926459248976951,1.338644561280608,-0.0970836571114311,3.964018760414994,-0.4437652499795718,1.3245560549963646
95.0,224.0,129.8971405029297,-0.0395527935477436,2.6822143183947014,-4.116956616998964,-3.6791927617529785,-1.926459248977454,1.338644561281194,-0.0970836571098621,3.96405071719756,-0.4437652499797034,1.3245840718488415
95.0,224.0,129.8971710205078,-0.0395527923855947,2.6822143189759378,-4.116956616998968,-3.679192762028057,-1.926459248976937,1.3386445612834486,-0.0970836571114288,3.963994686626135,-0.4437652499795637,1.324576688016679
95.0,224.0,129.8971710205078,-0.0395527923855947,2.6822143189759378,-4.116956616998968,-3.679192762028057,-1.926459248976937,1.3386445612834486,-0.0970836571114288,3.963994686626135,-0.4437652499795637,1.324576688016679
95.0,224.0,129.8971710205078,-0.0395527923855947,2.6822143189593244,-4.116956616998968,-3.679192762028057,-1.926459248977462,1.33864456128104,-0.0970836571114288,3.963994686626135,-0.4437652499797045,1.324576688016679
95.0,224.0,129.8971710205078,-0.039552793547406,2.6822143183957,-4.116956616998966,-3.6791927620280607,-1.926459248976951,1.338644561280608,-0.0970836571114311,3.964018760414994,-0.4437652499795718,1.3245865096139045
95.0,224.0,129.8971710205078,-0.0395527923856833,2.682214318954621,-4.116956616998968,-3.6791927617504734,-1.9264592489769348,1.3386445613489946,-0.0970836571114288,3.963994686626135,-0.4437652499797038,1.3245775789396237
95.0,224.0,129.8971710205078,-0.0395527923855947,2.6822143189759378,-4.116956616998968,-3.679192762028057,-1.926459248976937,1.3386445612834486,-0.0970836571114288,3.963994686626135,-0.4437652499795637,1.324576688016679
95.0,224.0,129.8971710205078,-0.039552793547406,2.682214318439988,-4.11695661699893,-3.6791927620311298,-1.926459248976952,1.3386445612827262,-0.097083657111375,3.9640186480019057,-0.4437652499795536,1.3245856325330347
95.0,224.0,129.89718627929688,-0.0395527935053623,2.6822143189759378,-4.116956616998968,-3.679192762028057,-1.926459248976937,1.3386445612823863,-0.0970836571114257,3.963994686626135,-0.4437652499795637,1.3245881076851609
95.0,224.0,129.89718627929688,-0.0395527936662775,2.682214319004062,-4.116956616998929,-3.679192762028581,-1.926459248976952,1.338644561282716,-0.0970836571114358,3.963989170123973,-0.4437652499792932,1.3245837121484945
95.0,224.0,129.89718627929688,-0.0395527936735453,2.6822143183948093,-4.116956616998929,-3.679192762028581,-1.926459248976952,1.338644561282716,-0.0970836571114373,3.963989170123973,-0.4437652499795651,1.3245813503337824
95.0,224.0,129.89718627929688,-0.039552793547406,2.6822143183957,-4.116956616998968,-3.67919276203109,-1.926459248977436,1.338644561281043,-0.0970836571114281,3.963994253124296,-0.4437652499795718,1.3245808089962896
95.0,224.0,129.89718627929688,-0.0395527924282714,2.682214319004062,-4.116956616998927,-3.679192762028581,-1.926459248976952,1.338644561282716,-0.0970836571113781,3.963988732968648,-0.4437652499797746,1.3245837121484945
95.0,224.0,129.89720153808594,-0.0395527935052597,2.6822143189759378,-4.116956616998967,-3.679192762028057,-1.926459248976956,1.3386445612823863,-0.0970836571113134,3.963994686626135,-0.4437652499795637,1.3245923672653606
95.0,224.0,129.89739990234375,-0.0395527935017396,2.6822143183953457,-4.116956616998906,-3.679192761725985,-1.9264592489769288,1.3386445613437212,-0.0970836571113797,3.964711360591253,-0.443765249979644,1.324719711342333
95.0,224.0,129.89744567871094,-0.0395527924120351,2.6822143184048444,-4.116956616998906,-3.679192761725985,-1.9264592489769288,1.3386445613437192,-0.0970836571113797,3.9647678163025737,-0.4437652499672126,1.324719711342333
95.0,224.0,129.89744567871094,-0.0395527924120351,2.682214317890775,-4.116956616998906,-3.679192761725985,-1.9264592489769288,1.3386445613460218,-0.0970836571113797,3.964760808942749,-0.4437652499837204,1.324719711342333
95.0,224.0,129.89744567871094,-0.0395527924120351,2.6822143184048444,-4.116956616998906,-3.679192761725985,-1.9264592489769288,1.3386445613437192,-0.0970836571113797,3.9647678163025737,-0.4437652499672126,1.324719711342333
95.0,224.0,129.89744567871094,-0.0395527924120351,2.682214319068174,-4.116956616998907,-3.679192761725985,-1.9264592489769403,1.3386445613460218,-0.0970836571113797,3.964760808942749,-0.4437652499797679,1.324719711342333
95.0,224.0,129.89744567871094,-0.0395527924120351,2.682214318417808,-4.116956616998907,-3.679192761725985,-1.9264592489769403,1.3386445613459546,-0.0970836571113797,3.964760808942749,-0.4437652499797679,1.324719711342333
95.0,224.0,129.89744567871094,-0.0395527924107917,2.682214317890775,-4.116956616998906,-3.679192761725985,-1.9264592489769288,1.3386445613460218,-0.0970836571098189,3.964760808942749,-0.4437652499837204,1.324719711342333
95.0,224.0,129.89744567871094,-0.039552793564159,2.6822143184125,-4.116956616998964,-3.679192761725985,-1.9264592489769403,1.3386445612816966,-0.0970836571113797,3.964760808942749,-0.4437652499797679,1.324719711342333
95.0,224.0,129.89744567871094,-0.0395527924120351,2.682214317890775,-4.116956616998905,-3.6791927620241096,-1.9264592489769288,1.3386445613445093,-0.0970836571113839,3.964760808942749,-0.4437652499837204,1.324719711342333
95.0,224.0,129.8974609375,-0.039552793547406,2.6822143189406216,-4.116956616998906,-3.679192762048767,-1.9264592489769712,1.3386445612765512,-0.0970836571113735,3.964747928560246,-0.4437652499795765,1.3247248222737618
95.0,224.0,129.8975067138672,-0.039552793547406,2.6822143183677074,-4.11695661699893,-3.6791927620280607,-1.9264592489769297,1.3386445612823432,-0.0970836571113735,3.96478218853785,-0.4437652499795718,1.3247249210761038
95.0,224.0,129.8975372314453,-0.0395527923104232,2.6822143183957,-4.11695661699893,-3.679192762028868,-1.926459248976951,1.3386445612822335,-0.0970836571114311,3.9640187347261415,-0.4437652499795718,1.32471332898025
95.0,224.0,129.89755249023438,-0.0395527923935019,2.6822143191092613,-4.116956616998948,-3.6791927617529785,-1.926459248976956,1.338644561344262,-0.0970836571099289,3.9647530451682127,-0.443765249979708,1.324737049975113
95.0,224.0,129.89755249023438,-0.0395527923856492,2.682214319115252,-4.116956616998949,-3.6791927617529785,-1.9264592489769408,1.338644561349013,-0.0970836571098113,3.9648377224535127,-0.443765249979708,1.3247296362844465
95.0,224.0,129.89755249023438,-0.0395527924577014,2.682214318405199,-4.11695661699893,-3.6791927620280607,-1.926459248976951,1.3386445613437687,-0.0970836571113735,3.9640752161263135,-0.4437652499671403,1.3247249210761038
95.0,224.0,129.89756774902344,-0.0395527923935019,2.6822143184144736,-4.116956616998931,-3.6791927617529785,-1.92645924897744,1.3386445613459097,-0.0970836571098621,3.96410530389656,-0.4437652499797034,1.3247344369943708
95.0,224.0,129.8975830078125,-0.0395527923935019,2.682214319115252,-4.116956616998948,-3.6791927617529785,-1.92645924897746,1.3386445613459097,-0.0970836571098101,3.964834694548717,-0.443765249979708,1.3247344369943708
95.0,224.0,129.8975830078125,-0.0395527923935019,2.6822143189593946,-4.116956616998907,-3.6791927617529785,-1.92645924897746,1.3386445613459097,-0.0970836571098621,3.964834694548717,-0.443765249979708,1.3247344369943708
95.0,224.0,129.8975830078125,-0.0395527923935019,2.6822143184144736,-4.116956616998931,-3.6791927617529785,-1.92645924897744,1.3386445613459097,-0.0970836571098621,3.964834694548717,-0.4437652499797034,1.3247344369943708
95.0,224.0,129.8975830078125,-0.0395527922697883,2.682214318976281,-4.116956616998968,-3.679192762028057,-1.926459248976937,1.3386445612834486,-0.0970836571112098,3.963994686626135,-0.4437652499678786,1.3247187509171652
95.0,224.0,129.8975830078125,-0.0395527923935019,2.682214319115252,-4.11695661699895,-3.6791927617529785,-1.92645924897746,1.338644561344488,-0.0970836571098101,3.964834694548717,-0.4437652499798913,1.3247344369943708
95.0,224.0,129.8975830078125,-0.0395527923935019,2.682214319115252,-4.116956616998948,-3.6791927617529785,-1.92645924897746,1.3386445613460454,-0.0970836571098101,3.964834694548717,-0.443765249979708,1.3247344369943708
95.0,224.0,129.8975830078125,-0.0395527923935019,2.682214319115252,-4.1169566169989285,-3.6791927617529785,-1.92645924897746,1.3386445612782545,-0.0970836571114509,3.9648464004114894,-0.4437652499793129,1.3247344369943708
95.0,224.0,129.8975830078125,-0.0395527923947453,2.6822143189593946,-4.116956616998907,-3.6791927617529785,-1.92645924897746,1.3386445613459097,-0.0970836571114229,3.964834694548717,-0.443765249979708,1.3247344369943708
95.0,224.0,129.8975830078125,-0.0395527923854414,2.682214319115252,-4.116956616998928,-3.6791927617529785,-1.92645924897746,1.338644561281146,-0.0970836571114289,3.9648464004114894,-0.4437652499793129,1.3247344369943708
95.0,224.0,129.8975830078125,-0.0395527923935019,2.6822143189593946,-4.116956616998907,-3.6791927617529785,-1.92645924897746,1.3386445613459097,-0.0970836571098621,3.964834694548717,-0.443765249979708,1.3247344369943708
95.0,224.0,129.89759826660156,-0.039552793547406,2.6822143183957,-4.11695661699893,-3.6791927620280607,-1.926459248976951,1.3386445612823432,-0.0970836571113735,3.964018760414994,-0.4437652499795718,1.3247249210761038
95.0,224.0,129.89759826660156,-0.039552793547406,2.6822143183957,-4.11695661699893,-3.6791927620311298,-1.926459248976952,1.3386445612823437,-0.0970836571113735,3.964018537908089,-0.4437652499795718,1.3247248222737618
95.0,224.0,129.89759826660156,-0.039552793547406,2.6822143183957,-4.1169566169989285,-3.6791927620280607,-1.926459248976951,1.338644561282071,-0.0970836571113735,3.964018263518171,-0.4437652499795718,1.3247249210761038
95.0,224.0,129.89759826660156,-0.039552793547406,2.682214318393869,-4.11695661699893,-3.679192762034448,-1.926459248976952,1.338644561282358,-0.0970836571113735,3.964018537908089,-0.4437652499795718,1.3247237632860005
95.0,224.0,129.89759826660156,-0.039552793547406,2.6822143183957,-4.11695661699893,-3.6791927620311298,-1.926459248976952,1.3386445612823437,-0.0970836571113735,3.964018537908089,-0.4437652499795718,1.3247248222737618
95.0,224.0,129.89759826660156,-0.0395527934423389,2.6822143183957,-4.1169566169989285,-3.679192761731872,-1.926459248976951,1.338644561282071,-0.0970836571113735,3.964018263518171,-0.4437652499795824,1.3247249210761038
95.0,224.0,129.89759826660156,-0.039552793547406,2.6822143183957,-4.11695661699893,-3.6791927620280607,-1.926459248976951,1.3386445612823432,-0.0970836571113735,3.964018760414994,-0.4437652499795718,1.3247249210761038
95.0,224.0,129.89759826660156,-0.0395527935450712,2.6822143183957,-4.1169566169989285,-3.679192761731872,-1.926459248976951,1.3386445612820714,-0.0970836571113735,3.964018260311447,-0.4437652499795824,1.3247249210761038
95.0,224.0,129.89759826660156,-0.039552793547406,2.6822143183957,-4.11695661699893,-3.679192762048767,-1.926459248976952,1.3386445612765512,-0.0970836571113735,3.964018537908089,-0.4437652499795718,1.3247248222737618
95.0,225.0,129.89710998535156,-0.039552792341212,2.6822143183957,-4.116956616998968,-3.679192762028868,-1.926459248976951,1.338644561280608,-0.0970836571114311,3.964018760414994,-0.4437652499795718,1.3245560549963646
95.0,225.0,129.8971405029297,-0.0395527935477436,2.6822143183947014,-4.116956616998964,-3.6791927617529785,-1.926459248977454,1.338644561281194,-0.0970836571098621,3.96405071719756,-0.4437652499797034,1.3245840718488415
95.0,225.0,129.8971405029297,-0.0395527923849243,2.6822143183957,-4.116956616998968,-3.679192762021947,-1.926459248976951,1.3386445612822764,-0.0970836571114311,3.9640187347261415,-0.4437652499795718,1.3245763209031132
95.0,225.0,129.8971710205078,-0.0395527923855947,2.6822143189759378,-4.116956616998968,-3.679192762028057,-1.926459248976937,1.3386445612834486,-0.0970836571114288,3.963994686626135,-0.4437652499795637,1.324576688016679
95.0,225.0,129.8971710205078,-0.0395527923855947,2.6822143189759378,-4.116956616998968,-3.679192762028057,-1.926459248976937,1.3386445612834486,-0.0970836571114288,3.963994686626135,-0.4437652499795637,1.324576688016679
95.0,225.0,129.8971710205078,-0.0395527923855947,2.6822143189593244,-4.116956616998968,-3.679192762028057,-1.926459248977462,1.33864456128104,-0.0970836571114288,3.963994686626135,-0.4437652499797045,1.324576688016679
95.0,225.0,129.8971710205078,-0.039552793547406,2.6822143183957,-4.116956616998966,-3.6791927620280607,-1.926459248976951,1.338644561280608,-0.0970836571114311,3.964018760414994,-0.4437652499795718,1.3245865096139045
95.0,225.0,129.8971710205078,-0.0395527923856833,2.682214318954621,-4.116956616998968,-3.6791927617504734,-1.9264592489769348,1.3386445613489946,-0.0970836571114288,3.963994686626135,-0.4437652499797038,1.3245775789396237
95.0,225.0,129.8971710205078,-0.0395527923855947,2.6822143189759378,-4.116956616998968,-3.679192762028057,-1.926459248976937,1.3386445612834486,-0.0970836571114288,3.963994686626135,-0.4437652499795637,1.324576688016679
95.0,225.0,129.8971710205078,-0.039552793547406,2.682214318439988,-4.11695661699893,-3.6791927620311298,-1.926459248976952,1.3386445612827262,-0.097083657111375,3.9640186480019057,-0.4437652499795536,1.3245856325330347
95.0,225.0,129.8971710205078,-0.0395527935257084,2.682214317895068,-4.116956616998905,-3.6791927620241096,-1.9264592489769523,1.3386445613445093,-0.0970836571113839,3.964027585452006,-0.4437652499837204,1.3245991187339257
95.0,225.0,129.8971710205078,-0.039552793547406,2.6822143190347787,-4.116956616998966,-3.6791927620280407,-1.926459248976951,1.338644561280608,-0.0970836571114311,3.964018760414994,-0.4437652499795796,1.3245865096139045
95.0,225.0,129.89718627929688,-0.0395527935053623,2.6822143189759378,-4.116956616998968,-3.679192762028057,-1.926459248976937,1.3386445612823863,-0.0970836571114257,3.963994686626135,-0.4437652499795637,1.3245881076851609
95.0,225.0,129.89718627929688,-0.0395527936662775,2.682214319004062,-4.116956616998929,-3.679192762028581,-1.926459248976952,1.338644561282716,-0.0970836571114358,3.963989170123973,-0.4437652499792932,1.3245837121484945
95.0,225.0,129.89718627929688,-0.0395527936735453,2.6822143183948093,-4.116956616998929,-3.679192762028581,-1.926459248976952,1.338644561282716,-0.0970836571114373,3.963989170123973,-0.4437652499795651,1.3245813503337824
95.0,225.0,129.89718627929688,-0.039552793547406,2.6822143183957,-4.116956616998968,-3.67919276203109,-1.926459248977436,1.338644561281043,-0.0970836571114281,3.963994253124296,-0.4437652499795718,1.3245808089962896
95.0,225.0,129.89718627929688,-0.0395527924282714,2.682214319004062,-4.116956616998927,-3.679192762028581,-1.926459248976952,1.338644561282716,-0.0970836571113781,3.963988732968648,-0.4437652499797746,1.3245837121484945
95.0,225.0,129.89718627929688,-0.0395527936735453,2.6822143183948093,-4.116956616998929,-3.679192762028581,-1.926459248976952,1.338644561282716,-0.0970836571114645,3.963989170123973,-0.4437652499795651,1.3245832359592196
95.0,225.0,129.89718627929688,-0.0395527935053623,2.6822143189759378,-4.116956616998968,-3.679192762028057,-1.926459248976937,1.3386445612823863,-0.0970836571114257,3.963994686626135,-0.4437652499795637,1.3245881076851609
95.0,225.0,129.89718627929688,-0.0395527924282714,2.682214318364983,-4.116956616998927,-3.679192762028601,-1.926459248976952,1.338644561282716,-0.0970836571113781,3.963988732968648,-0.4437652499797667,1.3245837121484945
95.0,225.0,129.89720153808594,-0.0395527935052597,2.6822143189759378,-4.116956616998967,-3.679192762028057,-1.926459248976956,1.3386445612823863,-0.0970836571113134,3.963994686626135,-0.4437652499795637,1.3245923672653606
95.0,225.0,129.89720153808594,-0.0395527935052597,2.6822143189759378,-4.116956616998967,-3.679192762028057,-1.926459248976956,1.3386445612823863,-0.0970836571113134,3.963989312738607,-0.4437652499795637,1.3245923672653606
95.0,225.0,129.89736938476562,-0.0395527924337327,2.682214318435695,-4.11695661699893,-3.6791927620311298,-1.9264592489769283,1.3386445612827262,-0.097083657111375,3.964751871492648,-0.4437652499795536,1.324706225141442
95.0,225.0,129.89739990234375,-0.0395527935017396,2.6822143183953457,-4.116956616998906,-3.679192761725985,-1.9264592489769288,1.3386445613437212,-0.0970836571113797,3.964711360591253,-0.443765249979644,1.324719711342333
95.0,225.0,129.89744567871094,-0.0395527924120351,2.6822143184048444,-4.116956616998906,-3.679192761725985,-1.9264592489769288,1.3386445613437192,-0.0970836571113797,3.9647678163025737,-0.4437652499672126,1.324719711342333
95.0,225.0,129.89744567871094,-0.0395527924120351,2.682214317890775,-4.116956616998906,-3.679192761725985,-1.9264592489769288,1.3386445613460218,-0.0970836571113797,3.964760808942749,-0.4437652499837204,1.324719711342333
95.0,225.0,129.89744567871094,-0.0395527924120351,2.6822143184048444,-4.116956616998906,-3.679192761725985,-1.9264592489769288,1.3386445613437192,-0.0970836571113797,3.9647678163025737,-0.4437652499672126,1.324719711342333
95.0,225.0,129.89744567871094,-0.0395527924120351,2.682214319068174,-4.116956616998907,-3.679192761725985,-1.9264592489769403,1.3386445613460218,-0.0970836571113797,3.964760808942749,-0.4437652499797679,1.324719711342333
95.0,225.0,129.89744567871094,-0.0395527924120351,2.682214318417808,-4.116956616998907,-3.679192761725985,-1.9264592489769403,1.3386445613459546,-0.0970836571113797,3.964760808942749,-0.4437652499797679,1.324719711342333
95.0,225.0,129.89744567871094,-0.0395527924107917,2.682214317890775,-4.116956616998906,-3.679192761725985,-1.9264592489769288,1.3386445613460218,-0.0970836571098189,3.964760808942749,-0.4437652499837204,1.324719711342333
95.0,225.0,129.89744567871094,-0.039552793564159,2.6822143184125,-4.116956616998964,-3.679192761725985,-1.9264592489769403,1.3386445612816966,-0.0970836571113797,3.964760808942749,-0.4437652499797679,1.324719711342333
95.0,225.0,129.89744567871094,-0.0395527924120351,2.682214317890775,-4.116956616998905,-3.6791927620241096,-1.9264592489769288,1.3386445613445093,-0.0970836571113839,3.964760808942749,-0.4437652499837204,1.324719711342333
95.0,225.0,129.89744567871094,-0.039552793564159,2.6822143184125,-4.116956616998964,-3.679192761725985,-1.9264592489769403,1.338644561345839,-0.0970836571113797,3.964760808942749,-0.4437652499797679,1.324719711342333
95.0,225.0,129.8974609375,-0.039552793547406,2.6822143189406216,-4.116956616998906,-3.679192762048767,-1.9264592489769712,1.3386445612765512,-0.0970836571113735,3.964747928560246,-0.4437652499795765,1.3247248222737618
95.0,225.0,129.8974609375,-0.0395527924106786,2.682214317890775,-4.116956616998905,-3.679192761725985,-1.92645924897693,1.3386445613460218,-0.0970836571096008,3.964772948792464,-0.4437652499798175,1.324719711342333
95.0,225.0,129.8975067138672,-0.039552793547406,2.6822143183677074,-4.11695661699893,-3.6791927620280607,-1.9264592489769297,1.3386445612823432,-0.0970836571113735,3.96478218853785,-0.4437652499795718,1.3247249210761038
95.0,225.0,129.8975067138672,-0.039552792382763,2.682214318405185,-4.116956616998933,-3.6791927620280607,-1.9264592489769297,1.3386445612823432,-0.0970836571113735,3.96478218853785,-0.443765249979517,1.3247249210761038
95.0,225.0,129.8975372314453,-0.0395527923104232,2.6822143183957,-4.11695661699893,-3.679192762028868,-1.926459248976951,1.3386445612822335,-0.0970836571114311,3.9640187347261415,-0.4437652499795718,1.32471332898025
95.0,225.0,129.8975372314453,-0.0395527934423389,2.6822143189586964,-4.116956616998906,-3.67919276173218,-1.926459248976951,1.338644561282071,-0.0970836571113735,3.964860058609833,-0.4437652499795832,1.3247249210761038
95.0,225.0,129.89755249023438,-0.0395527923935019,2.6822143191092613,-4.116956616998948,-3.6791927617529785,-1.926459248976956,1.338644561344262,-0.0970836571099289,3.9647530451682127,-0.443765249979708,1.324737049975113
95.0,225.0,129.89755249023438,-0.0395527923856492,2.682214319115252,-4.116956616998949,-3.6791927617529785,-1.9264592489769408,1.338644561349013,-0.0970836571098113,3.9648377224535127,-0.443765249979708,1.3247296362844465
95.0,225.0,129.89755249023438,-0.0395527924577014,2.682214318405199,-4.11695661699893,-3.6791927620280607,-1.926459248976951,1.3386445613437687,-0.0970836571113735,3.9640752161263135,-0.4437652499671403,1.3247249210761038
95.0,225.0,129.89756774902344,-0.0395527923935019,2.6822143184144736,-4.116956616998931,-3.6791927617529785,-1.92645924897744,1.3386445613459097,-0.0970836571098621,3.96410530389656,-0.4437652499797034,1.3247344369943708
95.0,225.0,129.89756774902344,-0.0395527923935019,2.682214319115252,-4.11695661699895,-3.6791927617529785,-1.92645924897746,1.338644561344488,-0.097083657109783,3.964834694548717,-0.4437652499798913,1.324732551368934
95.0,225.0,129.8975830078125,-0.0395527923935019,2.682214319115252,-4.116956616998948,-3.6791927617529785,-1.92645924897746,1.3386445613459097,-0.0970836571098101,3.964834694548717,-0.443765249979708,1.3247344369943708
95.0,225.0,129.8975830078125,-0.0395527923935019,2.6822143189593946,-4.116956616998907,-3.6791927617529785,-1.92645924897746,1.3386445613459097,-0.0970836571098621,3.964834694548717,-0.443765249979708,1.3247344369943708
95.0,225.0,129.8975830078125,-0.0395527923935019,2.6822143184144736,-4.116956616998931,-3.6791927617529785,-1.92645924897744,1.3386445613459097,-0.0970836571098621,3.964834694548717,-0.4437652499797034,1.3247344369943708
95.0,225.0,129.8975830078125,-0.0395527922697883,2.682214318976281,-4.116956616998968,-3.679192762028057,-1.926459248976937,1.3386445612834486,-0.0970836571112098,3.963994686626135,-0.4437652499678786,1.3247187509171652
95.0,225.0,129.8975830078125,-0.0395527923935019,2.682214319115252,-4.11695661699895,-3.6791927617529785,-1.92645924897746,1.338644561344488,-0.0970836571098101,3.964834694548717,-0.4437652499798913,1.3247344369943708
95.0,225.0,129.8975830078125,-0.0395527923935019,2.682214319115252,-4.116956616998948,-3.6791927617529785,-1.92645924897746,1.3386445613460454,-0.0970836571098101,3.964834694548717,-0.443765249979708,1.3247344369943708
95.0,226.0,129.89710998535156,-0.039552792341212,2.6822143183957,-4.116956616998968,-3.679192762028868,-1.926459248976951,1.338644561280608,-0.0970836571114311,3.964018760414994,-0.4437652499795718,1.3245560549963646
95.0,226.0,129.89710998535156,-0.0395527935257084,2.682214317895068,-4.116956616998905,-3.679192762028772,-1.9264592489769523,1.3386445612796798,-0.0970836571113839,3.964027585452006,-0.4437652499837168,1.3245572681842914
95.0,226.0,129.8971405029297,-0.0395527935477436,2.6822143183947014,-4.116956616998964,-3.6791927617529785,-1.926459248977454,1.338644561281194,-0.0970836571098621,3.96405071719756,-0.4437652499797034,1.3245840718488415
95.0,226.0,129.8971405029297,-0.0395527923849243,2.6822143183957,-4.116956616998968,-3.679192762021947,-1.926459248976951,1.3386445612822764,-0.0970836571114311,3.9640187347261415,-0.4437652499795718,1.3245763209031132
95.0,226.0,129.8971405029297,-0.0395527923849243,2.6822143183644327,-4.116956616998968,-3.67919276202218,-1.926459248976951,1.3386445612822555,-0.0970836571114311,3.9640187347261415,-0.4437652499795718,1.3245763209031132
95.0,226.0,129.8971405029297,-0.0395527935477436,2.6822143183927616,-4.116956616998964,-3.6791927617529785,-1.92645924897744,1.3386445612811957,-0.0970836571098621,3.96405071719756,-0.4437652499797037,1.3245840718488415
95.0,226.0,129.8971405029297,-0.0395527923849243,2.6822143183957,-4.116956616998968,-3.679192762021947,-1.926459248976951,1.3386445612822764,-0.0970836571114311,3.9640187347261415,-0.4437652499795718,1.3245763209031132
95.0,226.0,129.8971710205078,-0.0395527923855947,2.6822143189759378,-4.116956616998968,-3.679192762028057,-1.926459248976937,1.3386445612834486,-0.0970836571114288,3.963994686626135,-0.4437652499795637,1.324576688016679
95.0,226.0,129.8971710205078,-0.0395527923855947,2.6822143189759378,-4.116956616998968,-3.679192762028057,-1.926459248976937,1.3386445612834486,-0.0970836571114288,3.963994686626135,-0.4437652499795637,1.324576688016679
95.0,226.0,129.8971710205078,-0.0395527923855947,2.6822143189593244,-4.116956616998968,-3.679192762028057,-1.926459248977462,1.33864456128104,-0.0970836571114288,3.963994686626135,-0.4437652499797045,1.324576688016679
95.0,226.0,129.8971710205078,-0.039552793547406,2.6822143183957,-4.116956616998966,-3.6791927620280607,-1.926459248976951,1.338644561280608,-0.0970836571114311,3.964018760414994,-0.4437652499795718,1.3245865096139045
95.0,226.0,129.8971710205078,-0.0395527923856833,2.682214318954621,-4.116956616998968,-3.6791927617504734,-1.9264592489769348,1.3386445613489946,-0.0970836571114288,3.963994686626135,-0.4437652499797038,1.3245775789396237
95.0,226.0,129.8971710205078,-0.0395527923855947,2.6822143189759378,-4.116956616998968,-3.679192762028057,-1.926459248976937,1.3386445612834486,-0.0970836571114288,3.963994686626135,-0.4437652499795637,1.324576688016679
95.0,226.0,129.8971710205078,-0.039552793547406,2.682214318439988,-4.11695661699893,-3.6791927620311298,-1.926459248976952,1.3386445612827262,-0.097083657111375,3.9640186480019057,-0.4437652499795536,1.3245856325330347
95.0,226.0,129.8971710205078,-0.0395527935257084,2.682214317895068,-4.116956616998905,-3.6791927620241096,-1.9264592489769523,1.3386445613445093,-0.0970836571113839,3.964027585452006,-0.4437652499837204,1.3245991187339257
95.0,226.0,129.8971710205078,-0.039552793547406,2.6822143190347787,-4.116956616998966,-3.6791927620280407,-1.926459248976951,1.338644561280608,-0.0970836571114311,3.964018760414994,-0.4437652499795796,1.3245865096139045
95.0,226.0,129.8971710205078,-0.039552793547406,2.6822143190347787,-4.116956616998966,-3.6791927620280407,-1.926459248976951,1.3386445612805469,-0.0970836571114338,3.964010832686221,-0.4437652499797491,1.3245814790908257
95.0,226.0,129.8971710205078,-0.039552793547406,2.6822143183957765,-4.116956616998966,-3.6791927620280607,-1.926459248976951,1.3386445612805375,-0.0970836571114311,3.964018760414994,-0.4437652499795718,1.3245865994673391
95.0,226.0,129.8971710205078,-0.039552793547406,2.6822143190347787,-4.116956616998966,-3.6791927620280407,-1.926459248976951,1.338644561280608,-0.0970836571114311,3.964018760414994,-0.4437652499795796,1.3245865096139045
95.0,226.0,129.8971710205078,-0.0395527935251781,2.682214317895068,-4.116956616998902,-3.679192762023866,-1.9264592489769523,1.3386445613445093,-0.0970836571113839,3.964030277597272,-0.4437652499837204,1.3245991187339257
95.0,226.0,129.8971710205078,-0.0395527923856833,2.682214318954608,-4.116956616998906,-3.6791927617504734,-1.9264592489769348,1.3386445612850872,-0.0970836571114288,3.963994686626135,-0.4437652499797027,1.3245775789396237
95.0,226.0,129.89718627929688,-0.0395527935053623,2.6822143189759378,-4.116956616998968,-3.679192762028057,-1.926459248976937,1.3386445612823863,-0.0970836571114257,3.963994686626135,-0.4437652499795637,1.3245881076851609
95.0,226.0,129.89718627929688,-0.0395527936662775,2.682214319004062,-4.116956616998929,-3.679192762028581,-1.926459248976952,1.338644561282716,-0.0970836571114358,3.963989170123973,-0.4437652499792932,1.3245837121484945
95.0,226.0,129.89718627929688,-0.0395527936735453,2.6822143183948093,-4.116956616998929,-3.679192762028581,-1.926459248976952,1.338644561282716,-0.0970836571114373,3.963989170123973,-0.4437652499795651,1.3245813503337824
95.0,226.0,129.89718627929688,-0.039552793547406,2.6822143183957,-4.116956616998968,-3.67919276203109,-1.926459248977436,1.338644561281043,-0.0970836571114281,3.963994253124296,-0.4437652499795718,1.3245808089962896
95.0,226.0,129.89718627929688,-0.0395527924282714,2.682214319004062,-4.116956616998927,-3.679192762028581,-1.926459248976952,1.338644561282716,-0.0970836571113781,3.963988732968648,-0.4437652499797746,1.3245837121484945
95.0,226.0,129.89718627929688,-0.0395527936735453,2.6822143183948093,-4.116956616998929,-3.679192762028581,-1.926459248976952,1.338644561282716,-0.0970836571114645,3.963989170123973,-0.4437652499795651,1.3245832359592196
95.0,226.0,129.89718627929688,-0.0395527935053623,2.6822143189759378,-4.116956616998968,-3.679192762028057,-1.926459248976937,1.3386445612823863,-0.0970836571114257,3.963994686626135,-0.4437652499795637,1.3245881076851609
95.0,226.0,129.89718627929688,-0.0395527924282714,2.682214318364983,-4.116956616998927,-3.679192762028601,-1.926459248976952,1.338644561282716,-0.0970836571113781,3.963988732968648,-0.4437652499797667,1.3245837121484945
95.0,226.0,129.89718627929688,-0.0395527935501438,2.6822143183947014,-4.116956616998964,-3.679192762036164,-1.9264592489774592,1.338644561281218,-0.0970836571098621,3.9639942548506464,-0.4437652499796949,1.324584001750282
95.0,226.0,129.89718627929688,-0.0395527924282714,2.682214318396251,-4.116956616998927,-3.679192762028368,-1.926459248976952,1.338644561282737,-0.0970836571113781,3.963988732968648,-0.4437652499797667,1.3245837121484945
95.0,226.0,129.89718627929688,-0.039552793547406,2.6822143183957,-4.116956616998928,-3.67919276203109,-1.9264592489769663,1.338644561281043,-0.097083657111431,3.963994253124296,-0.4437652499795718,1.3245808089962896
95.0,226.0,129.89718627929688,-0.0395527923856833,2.6822143190001686,-4.116956616998968,-3.6791927617469353,-1.9264592489769348,1.3386445613489946,-0.0970836571114288,3.963994686626135,-0.4437652499797038,1.3245837340512754
95.0,226.0,129.89720153808594,-0.0395527935052597,2.6822143189759378,-4.116956616998967,-3.679192762028057,-1.926459248976956,1.3386445612823863,-0.0970836571113134,3.963994686626135,-0.4437652499795637,1.3245923672653606
95.0,226.0,129.89720153808594,-0.0395527935052597,2.6822143189759378,-4.116956616998967,-3.679192762028057,-1.926459248976956,1.3386445612823863,-0.0970836571113134,3.963989312738607,-0.4437652499795637,1.3245923672653606
95.0,226.0,129.89736938476562,-0.0395527924337327,2.682214318435695,-4.11695661699893,-3.6791927620311298,-1.9264592489769283,1.3386445612827262,-0.097083657111375,3.964751871492648,-0.4437652499795536,1.324706225141442
95.0,226.0,129.89739990234375,-0.0395527935017396,2.6822143183953457,-4.116956616998906,-3.679192761725985,-1.9264592489769288,1.3386445613437212,-0.0970836571113797,3.964711360591253,-0.443765249979644,1.324719711342333
95.0,226.0,129.89744567871094,-0.0395527924120351,2.6822143184048444,-4.116956616998906,-3.679192761725985,-1.9264592489769288,1.3386445613437192,-0.0970836571113797,3.9647678163025737,-0.4437652499672126,1.324719711342333
95.0,226.0,129.89744567871094,-0.0395527924120351,2.682214317890775,-4.116956616998906,-3.679192761725985,-1.9264592489769288,1.3386445613460218,-0.0970836571113797,3.964760808942749,-0.4437652499837204,1.324719711342333
95.0,226.0,129.89744567871094,-0.0395527924120351,2.6822143184048444,-4.116956616998906,-3.679192761725985,-1.9264592489769288,1.3386445613437192,-0.0970836571113797,3.9647678163025737,-0.4437652499672126,1.324719711342333
95.0,226.0,129.89744567871094,-0.0395527924120351,2.682214319068174,-4.116956616998907,-3.679192761725985,-1.9264592489769403,1.3386445613460218,-0.0970836571113797,3.964760808942749,-0.4437652499797679,1.324719711342333
95.0,226.0,129.89744567871094,-0.0395527924120351,2.682214318417808,-4.116956616998907,-3.679192761725985,-1.9264592489769403,1.3386445613459546,-0.0970836571113797,3.964760808942749,-0.4437652499797679,1.324719711342333
95.0,226.0,129.89744567871094,-0.0395527924107917,2.682214317890775,-4.116956616998906,-3.679192761725985,-1.9264592489769288,1.3386445613460218,-0.0970836571098189,3.964760808942749,-0.4437652499837204,1.324719711342333
95.0,226.0,129.89744567871094,-0.039552793564159,2.6822143184125,-4.116956616998964,-3.679192761725985,-1.9264592489769403,1.3386445612816966,-0.0970836571113797,3.964760808942749,-0.4437652499797679,1.324719711342333
95.0,226.0,129.89744567871094,-0.0395527924120351,2.682214317890775,-4.116956616998905,-3.6791927620241096,-1.9264592489769288,1.3386445613445093,-0.0970836571113839,3.964760808942749,-0.4437652499837204,1.324719711342333
95.0,226.0,129.89744567871094,-0.039552793564159,2.6822143184125,-4.116956616998964,-3.679192761725985,-1.9264592489769403,1.338644561345839,-0.0970836571113797,3.964760808942749,-0.4437652499797679,1.324719711342333
95.0,226.0,129.8974609375,-0.039552793547406,2.6822143189406216,-4.116956616998906,-3.679192762048767,-1.9264592489769712,1.3386445612765512,-0.0970836571113735,3.964747928560246,-0.4437652499795765,1.3247248222737618
95.0,226.0,129.8974609375,-0.0395527924106786,2.682214317890775,-4.116956616998905,-3.679192761725985,-1.92645924897693,1.3386445613460218,-0.0970836571096008,3.964772948792464,-0.4437652499798175,1.324719711342333
95.0,226.0,129.8975067138672,-0.039552793547406,2.6822143183677074,-4.11695661699893,-3.6791927620280607,-1.9264592489769297,1.3386445612823432,-0.0970836571113735,3.96478218853785,-0.4437652499795718,1.3247249210761038
95.0,226.0,129.8975067138672,-0.039552792382763,2.682214318405185,-4.116956616998933,-3.6791927620280607,-1.9264592489769297,1.3386445612823432,-0.0970836571113735,3.96478218853785,-0.443765249979517,1.3247249210761038
95.0,227.0,129.89710998535156,-0.039552792341212,2.6822143183957,-4.116956616998968,-3.679192762028868,-1.926459248976951,1.338644561280608,-0.0970836571114311,3.964018760414994,-0.4437652499795718,1.3245560549963646
95.0,227.0,129.89710998535156,-0.0395527935257084,2.682214317895068,-4.116956616998905,-3.679192762028772,-1.9264592489769523,1.3386445612796798,-0.0970836571113839,3.964027585452006,-0.4437652499837168,1.3245572681842914
95.0,227.0,129.89710998535156,-0.0395527935257084,2.682214317895068,-4.116956616998905,-3.679192762028772,-1.9264592489769368,1.3386445612835145,-0.0970836571113839,3.964025513214601,-0.4437652499837168,1.3245572681842914
95.0,227.0,129.8971405029297,-0.0395527935477436,2.6822143183947014,-4.116956616998964,-3.6791927617529785,-1.926459248977454,1.338644561281194,-0.0970836571098621,3.96405071719756,-0.4437652499797034,1.3245840718488415
95.0,227.0,129.8971405029297,-0.0395527923849243,2.6822143183957,-4.116956616998968,-3.679192762021947,-1.926459248976951,1.3386445612822764,-0.0970836571114311,3.9640187347261415,-0.4437652499795718,1.3245763209031132
95.0,227.0,129.8971405029297,-0.0395527923849243,2.6822143183644327,-4.116956616998968,-3.67919276202218,-1.926459248976951,1.3386445612822555,-0.0970836571114311,3.9640187347261415,-0.4437652499795718,1.3245763209031132
95.0,227.0,129.8971405029297,-0.0395527935477436,2.6822143183927616,-4.116956616998964,-3.6791927617529785,-1.92645924897744,1.3386445612811957,-0.0970836571098621,3.96405071719756,-0.4437652499797037,1.3245840718488415
95.0,227.0,129.8971405029297,-0.0395527923849243,2.6822143183957,-4.116956616998968,-3.679192762021947,-1.926459248976951,1.3386445612822764,-0.0970836571114311,3.9640187347261415,-0.4437652499795718,1.3245763209031132
95.0,227.0,129.8971405029297,-0.0395527923849243,2.6822143189166576,-4.116956616998966,-3.67919276202218,-1.926459248976951,1.3386445612822555,-0.0970836571114311,3.9640187347261415,-0.4437652499795718,1.3245763209031132
95.0,227.0,129.8971405029297,-0.0395527923848426,2.6822143183899545,-4.116956616998968,-3.67919276202885,-1.926459248976951,1.3386445612805875,-0.0970836571114311,3.9639933981445727,-0.4437652499795718,1.3245560549963646
95.0,227.0,129.8971405029297,-0.039552793547406,2.682214318453054,-4.116956616998966,-3.6791927620280407,-1.926459248976951,1.338644561280608,-0.0970836571114311,3.964018735270379,-0.4437652499795796,1.3245766288577077
95.0,227.0,129.8971405029297,-0.0395527934856167,2.6822143183957,-4.116956616998968,-3.679192762022282,-1.926459248976951,1.3386445612822726,-0.0970836571114311,3.9640187347261415,-0.4437652499795718,1.324576446401459
95.0,227.0,129.8971405029297,-0.0395527935473882,2.6822143183927616,-4.116956616998964,-3.6791927617163975,-1.92645924897744,1.3386445612811957,-0.0970836571099337,3.96405071719756,-0.4437652499795517,1.3245856965802405
95.0,227.0,129.8971405029297,-0.0395527935053623,2.682214319028389,-4.116956616998968,-3.679192761728796,-1.926459248976937,1.3386445612823863,-0.0970836571114257,3.9640463853281775,-0.4437652499795605,1.3245879610690594
95.0,227.0,129.89715576171875,-0.039552793547406,2.6822143190347787,-4.116956616998967,-3.679192762027974,-1.926459248976951,1.3386445612805469,-0.0970836571114338,3.964030121001606,-0.4437652499797481,1.3245820368332817
95.0,227.0,129.89715576171875,-0.0395527935257084,2.682214317895068,-4.116956616998905,-3.679192762028618,-1.9264592489769523,1.3386445612834683,-0.0970836571113839,3.964027585452006,-0.4437652499837204,1.3245833807225134
95.0,227.0,129.8971710205078,-0.0395527923855947,2.6822143189759378,-4.116956616998968,-3.679192762028057,-1.926459248976937,1.3386445612834486,-0.0970836571114288,3.963994686626135,-0.4437652499795637,1.324576688016679
95.0,227.0,129.8971710205078,-0.0395527923855947,2.6822143189759378,-4.116956616998968,-3.679192762028057,-1.926459248976937,1.3386445612834486,-0.0970836571114288,3.963994686626135,-0.4437652499795637,1.324576688016679
95.0,227.0,129.8971710205078,-0.0395527923855947,2.6822143189593244,-4.116956616998968,-3.679192762028057,-1.926459248977462,1.33864456128104,-0.0970836571114288,3.963994686626135,-0.4437652499797045,1.324576688016679
95.0,227.0,129.8971710205078,-0.039552793547406,2.6822143183957,-4.116956616998966,-3.6791927620280607,-1.926459248976951,1.338644561280608,-0.0970836571114311,3.964018760414994,-0.4437652499795718,1.3245865096139045
95.0,227.0,129.8971710205078,-0.0395527923856833,2.682214318954621,-4.116956616998968,-3.6791927617504734,-1.9264592489769348,1.3386445613489946,-0.0970836571114288,3.963994686626135,-0.4437652499797038,1.3245775789396237
95.0,227.0,129.8971710205078,-0.0395527923855947,2.6822143189759378,-4.116956616998968,-3.679192762028057,-1.926459248976937,1.3386445612834486,-0.0970836571114288,3.963994686626135,-0.4437652499795637,1.324576688016679
95.0,227.0,129.8971710205078,-0.039552793547406,2.682214318439988,-4.11695661699893,-3.6791927620311298,-1.926459248976952,1.3386445612827262,-0.097083657111375,3.9640186480019057,-0.4437652499795536,1.3245856325330347
95.0,227.0,129.8971710205078,-0.0395527935257084,2.682214317895068,-4.116956616998905,-3.6791927620241096,-1.9264592489769523,1.3386445613445093,-0.0970836571113839,3.964027585452006,-0.4437652499837204,1.3245991187339257
95.0,227.0,129.8971710205078,-0.039552793547406,2.6822143190347787,-4.116956616998966,-3.6791927620280407,-1.926459248976951,1.338644561280608,-0.0970836571114311,3.964018760414994,-0.4437652499795796,1.3245865096139045
95.0,227.0,129.8971710205078,-0.039552793547406,2.6822143190347787,-4.116956616998966,-3.6791927620280407,-1.926459248976951,1.3386445612805469,-0.0970836571114338,3.964010832686221,-0.4437652499797491,1.3245814790908257
95.0,227.0,129.8971710205078,-0.039552793547406,2.6822143183957765,-4.116956616998966,-3.6791927620280607,-1.926459248976951,1.3386445612805375,-0.0970836571114311,3.964018760414994,-0.4437652499795718,1.3245865994673391
95.0,227.0,129.8971710205078,-0.039552793547406,2.6822143190347787,-4.116956616998966,-3.6791927620280407,-1.926459248976951,1.338644561280608,-0.0970836571114311,3.964018760414994,-0.4437652499795796,1.3245865096139045
95.0,227.0,129.8971710205078,-0.0395527935251781,2.682214317895068,-4.116956616998902,-3.679192762023866,-1.9264592489769523,1.3386445613445093,-0.0970836571113839,3.964030277597272,-0.4437652499837204,1.3245991187339257
95.0,227.0,129.8971710205078,-0.0395527923856833,2.682214318954608,-4.116956616998906,-3.6791927617504734,-1.9264592489769348,1.3386445612850872,-0.0970836571114288,3.963994686626135,-0.4437652499797027,1.3245775789396237
95.0,227.0,129.8971710205078,-0.0395527935477615,2.682214318439988,-4.11695661699893,-3.6791927620677103,-1.926459248976952,1.3386445612827262,-0.0970836571113034,3.9640186480019057,-0.4437652499797055,1.324584007801636
95.0,227.0,129.8971710205078,-0.0395527923855947,2.6822143189759378,-4.116956616998968,-3.679192762028057,-1.9264592489769523,1.338644561279614,-0.0970836571114288,3.963996758863541,-0.4437652499795637,1.324576688016679
95.0,227.0,129.8971710205078,-0.0395527935251781,2.682214317895068,-4.116956616998902,-3.679192761732463,-1.9264592489769343,1.3386445612958051,-0.0970836571113839,3.964030277597272,-0.4437652499800072,1.3245991187339257
95.0,227.0,129.8971710205078,-0.0395527935469842,2.6822143183957,-4.116956616998968,-3.67919276203109,-1.926459248977436,1.338644561281043,-0.0970836571114281,3.963994253124296,-0.4437652499795718,1.3245764908635067
95.0,227.0,129.8971710205078,-0.0395527923951481,2.682214318954621,-4.116956616998968,-3.67919276174482,-1.9264592489769348,1.3386445613545503,-0.0970836571114288,3.963994686626135,-0.4437652499797038,1.3245775789396237
95.0,227.0,129.8971710205078,-0.0395527923855947,2.6822143189593244,-4.116956616998968,-3.679192762028057,-1.926459248977462,1.33864456128104,-0.0970836571114288,3.963994686626135,-0.4437652499797045,1.324576688016679
95.0,227.0,129.8971710205078,-0.039552793547406,2.6822143190438243,-4.116956616998966,-3.679192762028121,-1.9264592489769523,1.3386445612805469,-0.0970836571114338,3.964010181305058,-0.4437652499795822,1.324581482691029
95.0,227.0,129.89718627929688,-0.0395527935053623,2.6822143189759378,-4.116956616998968,-3.679192762028057,-1.926459248976937,1.3386445612823863,-0.0970836571114257,3.963994686626135,-0.4437652499795637,1.3245881076851609
95.0,227.0,129.89718627929688,-0.0395527936662775,2.682214319004062,-4.116956616998929,-3.679192762028581,-1.926459248976952,1.338644561282716,-0.0970836571114358,3.963989170123973,-0.4437652499792932,1.3245837121484945
95.0,227.0,129.89718627929688,-0.0395527936735453,2.6822143183948093,-4.116956616998929,-3.679192762028581,-1.926459248976952,1.338644561282716,-0.0970836571114373,3.963989170123973,-0.4437652499795651,1.3245813503337824
95.0,227.0,129.89718627929688,-0.039552793547406,2.6822143183957,-4.116956616998968,-3.67919276203109,-1.926459248977436,1.338644561281043,-0.0970836571114281,3.963994253124296,-0.4437652499795718,1.3245808089962896
95.0,227.0,129.89718627929688,-0.0395527924282714,2.682214319004062,-4.116956616998927,-3.679192762028581,-1.926459248976952,1.338644561282716,-0.0970836571113781,3.963988732968648,-0.4437652499797746,1.3245837121484945
95.0,227.0,129.89718627929688,-0.0395527936735453,2.6822143183948093,-4.116956616998929,-3.679192762028581,-1.926459248976952,1.338644561282716,-0.0970836571114645,3.963989170123973,-0.4437652499795651,1.3245832359592196
95.0,227.0,129.89718627929688,-0.0395527935053623,2.6822143189759378,-4.116956616998968,-3.679192762028057,-1.926459248976937,1.3386445612823863,-0.0970836571114257,3.963994686626135,-0.4437652499795637,1.3245881076851609
95.0,227.0,129.89718627929688,-0.0395527924282714,2.682214318364983,-4.116956616998927,-3.679192762028601,-1.926459248976952,1.338644561282716,-0.0970836571113781,3.963988732968648,-0.4437652499797667,1.3245837121484945
95.0,227.0,129.89718627929688,-0.0395527935501438,2.6822143183947014,-4.116956616998964,-3.679192762036164,-1.9264592489774592,1.338644561281218,-0.0970836571098621,3.9639942548506464,-0.4437652499796949,1.324584001750282
95.0,227.0,129.89718627929688,-0.0395527924282714,2.682214318396251,-4.116956616998927,-3.679192762028368,-1.926459248976952,1.338644561282737,-0.0970836571113781,3.963988732968648,-0.4437652499797667,1.3245837121484945
95.0,227.0,129.89718627929688,-0.039552793547406,2.6822143183957,-4.116956616998928,-3.67919276203109,-1.9264592489769663,1.338644561281043,-0.097083657111431,3.963994253124296,-0.4437652499795718,1.3245808089962896
95.0,227.0,129.89718627929688,-0.0395527923856833,2.6822143190001686,-4.116956616998968,-3.6791927617469353,-1.9264592489769348,1.3386445613489946,-0.0970836571114288,3.963994686626135,-0.4437652499797038,1.3245837340512754
95.0,227.0,129.89718627929688,-0.0395527924046699,2.6822143189759378,-4.116956616998968,-3.6791927620277214,-1.9264592489769368,1.3386445612823905,-0.0970836571114257,3.963994686626135,-0.4437652499795637,1.3245879821868147
95.0,228.0,129.89710998535156,-0.039552792341212,2.6822143183957,-4.116956616998968,-3.679192762028868,-1.926459248976951,1.338644561280608,-0.0970836571114311,3.964018760414994,-0.4437652499795718,1.3245560549963646
95.0,228.0,129.89710998535156,-0.0395527935257084,2.682214317895068,-4.116956616998905,-3.679192762028772,-1.9264592489769523,1.3386445612796798,-0.0970836571113839,3.964027585452006,-0.4437652499837168,1.3245572681842914
95.0,228.0,129.89710998535156,-0.0395527935257084,2.682214317895068,-4.116956616998905,-3.679192762028772,-1.9264592489769368,1.3386445612835145,-0.0970836571113839,3.964025513214601,-0.4437652499837168,1.3245572681842914
95.0,228.0,129.89710998535156,-0.0395527935257084,2.682214317895068,-4.116956616998905,-3.679192762021472,-1.9264592489769523,1.3386445612796798,-0.097083657111385,3.9640278686343215,-0.4437652499796763,1.3245572681842914
95.0,228.0,129.89710998535156,-0.0395527935562782,2.682214318396138,-4.116956616998968,-3.679192762028868,-1.926459248976948,1.338644561280608,-0.0970836571114283,3.964018760414994,-0.4437652499795718,1.3245560549963646
95.0,228.0,129.89710998535156,-0.0395527935257084,2.682214317895068,-4.116956616998905,-3.679192762028772,-1.9264592489769523,1.3386445612834588,-0.0970836571113839,3.964027585452006,-0.4437652499837168,1.3245572681842914
95.0,228.0,129.89710998535156,-0.0395527923848426,2.6822143184382314,-4.116956616998928,-3.67919276202885,-1.926459248976951,1.3386445612805875,-0.0970836571113084,3.9640165162543353,-0.4437652499795718,1.3245560549963646
95.0,228.0,129.8971405029297,-0.0395527935477436,2.6822143183947014,-4.116956616998964,-3.6791927617529785,-1.926459248977454,1.338644561281194,-0.0970836571098621,3.96405071719756,-0.4437652499797034,1.3245840718488415
95.0,228.0,129.8971405029297,-0.0395527923849243,2.6822143183957,-4.116956616998968,-3.679192762021947,-1.926459248976951,1.3386445612822764,-0.0970836571114311,3.9640187347261415,-0.4437652499795718,1.3245763209031132
95.0,228.0,129.8971405029297,-0.0395527923849243,2.6822143183644327,-4.116956616998968,-3.67919276202218,-1.926459248976951,1.3386445612822555,-0.0970836571114311,3.9640187347261415,-0.4437652499795718,1.3245763209031132
95.0,228.0,129.8971405029297,-0.0395527935477436,2.6822143183927616,-4.116956616998964,-3.6791927617529785,-1.92645924897744,1.3386445612811957,-0.0970836571098621,3.96405071719756,-0.4437652499797037,1.3245840718488415
95.0,228.0,129.8971405029297,-0.0395527923849243,2.6822143183957,-4.116956616998968,-3.679192762021947,-1.926459248976951,1.3386445612822764,-0.0970836571114311,3.9640187347261415,-0.4437652499795718,1.3245763209031132
95.0,228.0,129.8971405029297,-0.0395527923849243,2.6822143189166576,-4.116956616998966,-3.67919276202218,-1.926459248976951,1.3386445612822555,-0.0970836571114311,3.9640187347261415,-0.4437652499795718,1.3245763209031132
95.0,228.0,129.8971405029297,-0.0395527923848426,2.6822143183899545,-4.116956616998968,-3.67919276202885,-1.926459248976951,1.3386445612805875,-0.0970836571114311,3.9639933981445727,-0.4437652499795718,1.3245560549963646
95.0,228.0,129.8971405029297,-0.039552793547406,2.682214318453054,-4.116956616998966,-3.6791927620280407,-1.926459248976951,1.338644561280608,-0.0970836571114311,3.964018735270379,-0.4437652499795796,1.3245766288577077
95.0,228.0,129.8971405029297,-0.0395527934856167,2.6822143183957,-4.116956616998968,-3.679192762022282,-1.926459248976951,1.3386445612822726,-0.0970836571114311,3.9640187347261415,-0.4437652499795718,1.324576446401459
95.0,228.0,129.8971405029297,-0.0395527935473882,2.6822143183927616,-4.116956616998964,-3.6791927617163975,-1.92645924897744,1.3386445612811957,-0.0970836571099337,3.96405071719756,-0.4437652499795517,1.3245856965802405
95.0,228.0,129.8971405029297,-0.0395527935053623,2.682214319028389,-4.116956616998968,-3.679192761728796,-1.926459248976937,1.3386445612823863,-0.0970836571114257,3.9640463853281775,-0.4437652499795605,1.3245879610690594
95.0,228.0,129.8971405029297,-0.0395527923849243,2.6822143183957,-4.116956616998968,-3.679192762021947,-1.926459248976951,1.3386445612822764,-0.0970836571114311,3.9640187347261415,-0.4437652499795718,1.3245763209031132
95.0,228.0,129.8971405029297,-0.0395527934856167,2.6822143183957,-4.116956616998968,-3.679192762022282,-1.926459248976951,1.3386445612822726,-0.0970836571114311,3.9640187347261415,-0.4437652499795718,1.324576446401459
95.0,228.0,129.8971405029297,-0.0395527935460721,2.6822143183927567,-4.116956616998964,-3.67919276203049,-1.9264592489774384,1.3386445612811957,-0.0970836571115412,3.96405071719756,-0.4437652499796953,1.3245840718488415
95.0,228.0,129.8971405029297,-0.0395527923849243,2.6822143183644327,-4.116956616998968,-3.67919276202948,-1.926459248976951,1.3386445612822555,-0.09708365711143,3.964018451543825,-0.4437652499836124,1.3245763209031132
95.0,228.0,129.8971405029297,-0.0395527924258673,2.6822143189360927,-4.116956616998964,-3.679192761754913,-1.926459248976931,1.338644561281194,-0.0970836571099844,3.96405071719756,-0.4437652499795589,1.324584033626458
95.0,228.0,129.8971405029297,-0.039552793547406,2.682214318986268,-4.116956616998966,-3.6791927620280407,-1.926459248976951,1.338644561280608,-0.0970836571114311,3.964018791762716,-0.4437652499795796,1.3245766288577077
95.0,228.0,129.89715576171875,-0.039552793547406,2.6822143190347787,-4.116956616998967,-3.679192762027974,-1.926459248976951,1.3386445612805469,-0.0970836571114338,3.964030121001606,-0.4437652499797481,1.3245820368332817
95.0,228.0,129.89715576171875,-0.0395527935257084,2.682214317895068,-4.116956616998905,-3.679192762028618,-1.9264592489769523,1.3386445612834683,-0.0970836571113839,3.964027585452006,-0.4437652499837204,1.3245833807225134
95.0,228.0,129.8971710205078,-0.0395527923855947,2.6822143189759378,-4.116956616998968,-3.679192762028057,-1.926459248976937,1.3386445612834486,-0.0970836571114288,3.963994686626135,-0.4437652499795637,1.324576688016679
95.0,228.0,129.8971710205078,-0.0395527923855947,2.6822143189759378,-4.116956616998968,-3.679192762028057,-1.926459248976937,1.3386445612834486,-0.0970836571114288,3.963994686626135,-0.4437652499795637,1.324576688016679
95.0,228.0,129.8971710205078,-0.0395527923855947,2.6822143189593244,-4.116956616998968,-3.679192762028057,-1.926459248977462,1.33864456128104,-0.0970836571114288,3.963994686626135,-0.4437652499797045,1.324576688016679
95.0,228.0,129.8971710205078,-0.039552793547406,2.6822143183957,-4.116956616998966,-3.6791927620280607,-1.926459248976951,1.338644561280608,-0.0970836571114311,3.964018760414994,-0.4437652499795718,1.3245865096139045
95.0,228.0,129.8971710205078,-0.0395527923856833,2.682214318954621,-4.116956616998968,-3.6791927617504734,-1.9264592489769348,1.3386445613489946,-0.0970836571114288,3.963994686626135,-0.4437652499797038,1.3245775789396237
95.0,228.0,129.8971710205078,-0.0395527923855947,2.6822143189759378,-4.116956616998968,-3.679192762028057,-1.926459248976937,1.3386445612834486,-0.0970836571114288,3.963994686626135,-0.4437652499795637,1.324576688016679
95.0,228.0,129.8971710205078,-0.039552793547406,2.682214318439988,-4.11695661699893,-3.6791927620311298,-1.926459248976952,1.3386445612827262,-0.097083657111375,3.9640186480019057,-0.4437652499795536,1.3245856325330347
95.0,228.0,129.8971710205078,-0.0395527935257084,2.682214317895068,-4.116956616998905,-3.6791927620241096,-1.9264592489769523,1.3386445613445093,-0.0970836571113839,3.964027585452006,-0.4437652499837204,1.3245991187339257
95.0,228.0,129.8971710205078,-0.039552793547406,2.6822143190347787,-4.116956616998966,-3.6791927620280407,-1.926459248976951,1.338644561280608,-0.0970836571114311,3.964018760414994,-0.4437652499795796,1.3245865096139045
95.0,228.0,129.8971710205078,-0.039552793547406,2.6822143190347787,-4.116956616998966,-3.6791927620280407,-1.926459248976951,1.3386445612805469,-0.0970836571114338,3.964010832686221,-0.4437652499797491,1.3245814790908257
95.0,228.0,129.8971710205078,-0.039552793547406,2.6822143183957765,-4.116956616998966,-3.6791927620280607,-1.926459248976951,1.3386445612805375,-0.0970836571114311,3.964018760414994,-0.4437652499795718,1.3245865994673391
95.0,228.0,129.8971710205078,-0.039552793547406,2.6822143190347787,-4.116956616998966,-3.6791927620280407,-1.926459248976951,1.338644561280608,-0.0970836571114311,3.964018760414994,-0.4437652499795796,1.3245865096139045
95.0,228.0,129.8971710205078,-0.0395527935251781,2.682214317895068,-4.116956616998902,-3.679192762023866,-1.9264592489769523,1.3386445613445093,-0.0970836571113839,3.964030277597272,-0.4437652499837204,1.3245991187339257
95.0,228.0,129.8971710205078,-0.0395527923856833,2.682214318954608,-4.116956616998906,-3.6791927617504734,-1.9264592489769348,1.3386445612850872,-0.0970836571114288,3.963994686626135,-0.4437652499797027,1.3245775789396237
95.0,228.0,129.8971710205078,-0.0395527935477615,2.682214318439988,-4.11695661699893,-3.6791927620677103,-1.926459248976952,1.3386445612827262,-0.0970836571113034,3.9640186480019057,-0.4437652499797055,1.324584007801636
95.0,228.0,129.8971710205078,-0.0395527923855947,2.6822143189759378,-4.116956616998968,-3.679192762028057,-1.9264592489769523,1.338644561279614,-0.0970836571114288,3.963996758863541,-0.4437652499795637,1.324576688016679
95.0,228.0,129.8971710205078,-0.0395527935251781,2.682214317895068,-4.116956616998902,-3.679192761732463,-1.9264592489769343,1.3386445612958051,-0.0970836571113839,3.964030277597272,-0.4437652499800072,1.3245991187339257
95.0,228.0,129.8971710205078,-0.0395527935469842,2.6822143183957,-4.116956616998968,-3.67919276203109,-1.926459248977436,1.338644561281043,-0.0970836571114281,3.963994253124296,-0.4437652499795718,1.3245764908635067
95.0,228.0,129.8971710205078,-0.0395527923951481,2.682214318954621,-4.116956616998968,-3.67919276174482,-1.9264592489769348,1.3386445613545503,-0.0970836571114288,3.963994686626135,-0.4437652499797038,1.3245775789396237
95.0,228.0,129.8971710205078,-0.0395527923855947,2.6822143189593244,-4.116956616998968,-3.679192762028057,-1.926459248977462,1.33864456128104,-0.0970836571114288,3.963994686626135,-0.4437652499797045,1.324576688016679
95.0,228.0,129.8971710205078,-0.039552793547406,2.6822143190438243,-4.116956616998966,-3.679192762028121,-1.9264592489769523,1.3386445612805469,-0.0970836571114338,3.964010181305058,-0.4437652499795822,1.324581482691029
95.0,228.0,129.8971710205078,-0.0395527923832395,2.6822143189759378,-4.116956616998968,-3.679192762028057,-1.9264592489774672,1.338644561281206,-0.0970836571114426,3.963994686626135,-0.4437652499795637,1.324576627495978
95.0,228.0,129.8971710205078,-0.0395527935528179,2.682214318986077,-4.116956616998968,-3.679192762028057,-1.926459248976937,1.3386445612834486,-0.0970836571114288,3.963995359713115,-0.4437652499795637,1.324576772865094
95.0,228.0,129.8971710205078,-0.0395527924499008,2.6822143189609657,-4.116956616998966,-3.6791927620280407,-1.926459248976951,1.3386445612810538,-0.0970836571114311,3.964018760414994,-0.4437652499795796,1.3245865096139045
95.0,229.0,129.89710998535156,-0.039552792341212,2.6822143183957,-4.116956616998968,-3.679192762028868,-1.926459248976951,1.338644561280608,-0.0970836571114311,3.964018760414994,-0.4437652499795718,1.3245560549963646
95.0,229.0,129.89710998535156,-0.0395527935257084,2.682214317895068,-4.116956616998905,-3.679192762028772,-1.9264592489769523,1.3386445612796798,-0.0970836571113839,3.964027585452006,-0.4437652499837168,1.3245572681842914
95.0,229.0,129.89710998535156,-0.0395527935257084,2.682214317895068,-4.116956616998905,-3.679192762028772,-1.9264592489769368,1.3386445612835145,-0.0970836571113839,3.964025513214601,-0.4437652499837168,1.3245572681842914
95.0,229.0,129.89710998535156,-0.0395527935257084,2.682214317895068,-4.116956616998905,-3.679192762021472,-1.9264592489769523,1.3386445612796798,-0.097083657111385,3.9640278686343215,-0.4437652499796763,1.3245572681842914
95.0,229.0,129.89710998535156,-0.0395527935562782,2.682214318396138,-4.116956616998968,-3.679192762028868,-1.926459248976948,1.338644561280608,-0.0970836571114283,3.964018760414994,-0.4437652499795718,1.3245560549963646
95.0,229.0,129.89710998535156,-0.0395527935257084,2.682214317895068,-4.116956616998905,-3.679192762028772,-1.9264592489769523,1.3386445612834588,-0.0970836571113839,3.964027585452006,-0.4437652499837168,1.3245572681842914
95.0,229.0,129.89710998535156,-0.0395527923848426,2.6822143184382314,-4.116956616998928,-3.67919276202885,-1.926459248976951,1.3386445612805875,-0.0970836571113084,3.9640165162543353,-0.4437652499795718,1.3245560549963646
95.0,229.0,129.89710998535156,-0.0395527934500173,2.6822143178956432,-4.116956616998927,-3.679192762028772,-1.9264592489769523,1.338644561280897,-0.0970836571113839,3.964016118054351,-0.4437652499837168,1.3245561024348156
95.0,229.0,129.89710998535156,-0.039552792341212,2.6822143183957,-4.116956616998968,-3.679192762028868,-1.926459248976951,1.338644561280608,-0.0970836571114311,3.964018760414994,-0.4437652499795718,1.3245571675244587
95.0,229.0,129.89710998535156,-0.0395527935810459,2.682214318396147,-4.116956616998968,-3.679192762028868,-1.926459248976951,1.338644561280608,-0.0970836571114311,3.964018760414994,-0.4437652499795718,1.3245560549963646
95.0,229.0,129.89710998535156,-0.0395527935257084,2.682214317895068,-4.116956616998905,-3.679192762028772,-1.9264592489769523,1.3386445612797488,-0.0970836571113839,3.964027585452006,-0.4437652499837168,1.3245572681842914
95.0,229.0,129.89710998535156,-0.0395527924605337,2.682214318437656,-4.116956616998905,-3.67919276202885,-1.926459248976951,1.3386445612831497,-0.0970836571113084,3.96402798365199,-0.4437652499795718,1.3245572207458407
95.0,229.0,129.89710998535156,-0.0395527935257084,2.682214317895068,-4.116956616998905,-3.679192762028772,-1.9264592489769523,1.3386445612796798,-0.0970836571113839,3.964027585452006,-0.443765249983757,1.3245572681842914
95.0,229.0,129.8971405029297,-0.0395527935477436,2.6822143183947014,-4.116956616998964,-3.6791927617529785,-1.926459248977454,1.338644561281194,-0.0970836571098621,3.96405071719756,-0.4437652499797034,1.3245840718488415
95.0,229.0,129.8971405029297,-0.0395527923849243,2.6822143183957,-4.116956616998968,-3.679192762021947,-1.926459248976951,1.3386445612822764,-0.0970836571114311,3.9640187347261415,-0.4437652499795718,1.3245763209031132
95.0,229.0,129.8971405029297,-0.0395527923849243,2.6822143183644327,-4.116956616998968,-3.67919276202218,-1.926459248976951,1.3386445612822555,-0.0970836571114311,3.9640187347261415,-0.4437652499795718,1.3245763209031132
95.0,229.0,129.8971405029297,-0.0395527935477436,2.6822143183927616,-4.116956616998964,-3.6791927617529785,-1.92645924897744,1.3386445612811957,-0.0970836571098621,3.96405071719756,-0.4437652499797037,1.3245840718488415
95.0,229.0,129.8971405029297,-0.0395527923849243,2.6822143183957,-4.116956616998968,-3.679192762021947,-1.926459248976951,1.3386445612822764,-0.0970836571114311,3.9640187347261415,-0.4437652499795718,1.3245763209031132
95.0,229.0,129.8971405029297,-0.0395527923849243,2.6822143189166576,-4.116956616998966,-3.67919276202218,-1.926459248976951,1.3386445612822555,-0.0970836571114311,3.9640187347261415,-0.4437652499795718,1.3245763209031132
95.0,229.0,129.8971405029297,-0.0395527923848426,2.6822143183899545,-4.116956616998968,-3.67919276202885,-1.926459248976951,1.3386445612805875,-0.0970836571114311,3.9639933981445727,-0.4437652499795718,1.3245560549963646
95.0,229.0,129.8971405029297,-0.039552793547406,2.682214318453054,-4.116956616998966,-3.6791927620280407,-1.926459248976951,1.338644561280608,-0.0970836571114311,3.964018735270379,-0.4437652499795796,1.3245766288577077
95.0,229.0,129.8971405029297,-0.0395527934856167,2.6822143183957,-4.116956616998968,-3.679192762022282,-1.926459248976951,1.3386445612822726,-0.0970836571114311,3.9640187347261415,-0.4437652499795718,1.324576446401459
95.0,229.0,129.8971405029297,-0.0395527935473882,2.6822143183927616,-4.116956616998964,-3.6791927617163975,-1.92645924897744,1.3386445612811957,-0.0970836571099337,3.96405071719756,-0.4437652499795517,1.3245856965802405
95.0,229.0,129.8971405029297,-0.0395527935053623,2.682214319028389,-4.116956616998968,-3.679192761728796,-1.926459248976937,1.3386445612823863,-0.0970836571114257,3.9640463853281775,-0.4437652499795605,1.3245879610690594
95.0,229.0,129.8971405029297,-0.0395527923849243,2.6822143183957,-4.116956616998968,-3.679192762021947,-1.926459248976951,1.3386445612822764,-0.0970836571114311,3.9640187347261415,-0.4437652499795718,1.3245763209031132
95.0,229.0,129.8971405029297,-0.0395527934856167,2.6822143183957,-4.116956616998968,-3.679192762022282,-1.926459248976951,1.3386445612822726,-0.0970836571114311,3.9640187347261415,-0.4437652499795718,1.324576446401459
95.0,229.0,129.8971405029297,-0.0395527935460721,2.6822143183927567,-4.116956616998964,-3.67919276203049,-1.9264592489774384,1.3386445612811957,-0.0970836571115412,3.96405071719756,-0.4437652499796953,1.3245840718488415
95.0,229.0,129.8971405029297,-0.0395527923849243,2.6822143183644327,-4.116956616998968,-3.67919276202948,-1.926459248976951,1.3386445612822555,-0.09708365711143,3.964018451543825,-0.4437652499836124,1.3245763209031132
95.0,229.0,129.8971405029297,-0.0395527924258673,2.6822143189360927,-4.116956616998964,-3.679192761754913,-1.926459248976931,1.338644561281194,-0.0970836571099844,3.96405071719756,-0.4437652499795589,1.324584033626458
95.0,229.0,129.8971405029297,-0.039552793547406,2.682214318986268,-4.116956616998966,-3.6791927620280407,-1.926459248976951,1.338644561280608,-0.0970836571114311,3.964018791762716,-0.4437652499795796,1.3245766288577077
95.0,229.0,129.8971405029297,-0.0395527923849243,2.6822143183957,-4.116956616998968,-3.679192762021947,-1.926459248976951,1.3386445612822764,-0.0970836571114311,3.964018456213501,-0.4437652499797636,1.3245763209031132
95.0,229.0,129.8971405029297,-0.0395527935477749,2.6822143183927616,-4.116956616998964,-3.6791927617529785,-1.9264592489774324,1.338644561281183,-0.0970836571098621,3.96405071719756,-0.443765249979578,1.3245839628179157
95.0,229.0,129.8971405029297,-0.0395527923849243,2.6822143189162526,-4.116956616998966,-3.6791927620281712,-1.926459248976951,1.3386445612822284,-0.0970836571114311,3.9640187347261415,-0.4437652499795718,1.3245763357715306
95.0,229.0,129.8971405029297,-0.0395527934856167,2.6822143183957,-4.116956616998968,-3.679192762022282,-1.926459248976951,1.3386445612822726,-0.0970836571114311,3.9640187347261415,-0.4437652499795718,1.324576446401459
95.0,229.0,129.8971405029297,-0.0395527935477436,2.682214317912452,-4.116956616998964,-3.67919276203004,-1.9264592489769088,1.338644561283478,-0.0970836571098621,3.964050846403192,-0.4437652499798875,1.3245840490537362
95.0,229.0,129.8971405029297,-0.0395527923849243,2.6822143183644327,-4.116956616998968,-3.67919276202948,-1.926459248976951,1.3386445612822555,-0.09708365711143,3.9640187300564658,-0.4437652499834205,1.3245763209031132
95.0,229.0,129.8971405029297,-0.0395527923866831,2.6822143189166576,-4.116956616998966,-3.6791927620219367,-1.926459248976951,1.3386445612822555,-0.0970836571114311,3.964018608531769,-0.4437652499795718,1.3245763209031132
95.0,229.0,129.8971405029297,-0.0395527923948631,2.6822143189360927,-4.116956616998964,-3.679192761754913,-1.926459248976931,1.338644561283601,-0.0970836571099844,3.96405071719756,-0.4437652499797838,1.324584033626458
95.0,229.0,129.8971405029297,-0.0395527923849243,2.6822143183957,-4.116956616998968,-3.6791927620208806,-1.926459248976951,1.3386445612827096,-0.0970836571113729,3.9640187357399927,-0.4437652499795718,1.3245763209031132
95.0,229.0,129.89715576171875,-0.039552793547406,2.6822143190347787,-4.116956616998967,-3.679192762027974,-1.926459248976951,1.3386445612805469,-0.0970836571114338,3.964030121001606,-0.4437652499797481,1.3245820368332817
95.0,229.0,129.89715576171875,-0.0395527935257084,2.682214317895068,-4.116956616998905,-3.679192762028618,-1.9264592489769523,1.3386445612834683,-0.0970836571113839,3.964027585452006,-0.4437652499837204,1.3245833807225134
95.0,229.0,129.8971710205078,-0.0395527923855947,2.6822143189759378,-4.116956616998968,-3.679192762028057,-1.926459248976937,1.3386445612834486,-0.0970836571114288,3.963994686626135,-0.4437652499795637,1.324576688016679
95.0,229.0,129.8971710205078,-0.0395527923855947,2.6822143189759378,-4.116956616998968,-3.679192762028057,-1.926459248976937,1.3386445612834486,-0.0970836571114288,3.963994686626135,-0.4437652499795637,1.324576688016679
95.0,229.0,129.8971710205078,-0.0395527923855947,2.6822143189593244,-4.116956616998968,-3.679192762028057,-1.926459248977462,1.33864456128104,-0.0970836571114288,3.963994686626135,-0.4437652499797045,1.324576688016679
95.0,229.0,129.8971710205078,-0.039552793547406,2.6822143183957,-4.116956616998966,-3.6791927620280607,-1.926459248976951,1.338644561280608,-0.0970836571114311,3.964018760414994,-0.4437652499795718,1.3245865096139045
95.0,229.0,129.8971710205078,-0.0395527923856833,2.682214318954621,-4.116956616998968,-3.6791927617504734,-1.9264592489769348,1.3386445613489946,-0.0970836571114288,3.963994686626135,-0.4437652499797038,1.3245775789396237
95.0,229.0,129.8971710205078,-0.0395527923855947,2.6822143189759378,-4.116956616998968,-3.679192762028057,-1.926459248976937,1.3386445612834486,-0.0970836571114288,3.963994686626135,-0.4437652499795637,1.324576688016679
95.0,229.0,129.8971710205078,-0.039552793547406,2.682214318439988,-4.11695661699893,-3.6791927620311298,-1.926459248976952,1.3386445612827262,-0.097083657111375,3.9640186480019057,-0.4437652499795536,1.3245856325330347
95.0,229.0,129.8971710205078,-0.0395527935257084,2.682214317895068,-4.116956616998905,-3.6791927620241096,-1.9264592489769523,1.3386445613445093,-0.0970836571113839,3.964027585452006,-0.4437652499837204,1.3245991187339257
95.0,229.0,129.8971710205078,-0.039552793547406,2.6822143190347787,-4.116956616998966,-3.6791927620280407,-1.926459248976951,1.338644561280608,-0.0970836571114311,3.964018760414994,-0.4437652499795796,1.3245865096139045
95.0,230.0,129.8970947265625,-0.0395527935347949,2.682214317895068,-4.116956616998905,-3.679192762034077,-1.9264592489769368,1.3386445612811526,-0.0970836571113839,3.9640236072156094,-0.4437652499839535,1.3245541258069862
95.0,230.0,129.89710998535156,-0.039552792341212,2.6822143183957,-4.116956616998968,-3.679192762028868,-1.926459248976951,1.338644561280608,-0.0970836571114311,3.964018760414994,-0.4437652499795718,1.3245560549963646
95.0,230.0,129.89710998535156,-0.0395527935257084,2.682214317895068,-4.116956616998905,-3.679192762028772,-1.9264592489769523,1.3386445612796798,-0.0970836571113839,3.964027585452006,-0.4437652499837168,1.3245572681842914
95.0,230.0,129.89710998535156,-0.0395527935257084,2.682214317895068,-4.116956616998905,-3.679192762028772,-1.9264592489769368,1.3386445612835145,-0.0970836571113839,3.964025513214601,-0.4437652499837168,1.3245572681842914
95.0,230.0,129.89710998535156,-0.0395527935257084,2.682214317895068,-4.116956616998905,-3.679192762021472,-1.9264592489769523,1.3386445612796798,-0.097083657111385,3.9640278686343215,-0.4437652499796763,1.3245572681842914
95.0,230.0,129.89710998535156,-0.0395527935562782,2.682214318396138,-4.116956616998968,-3.679192762028868,-1.926459248976948,1.338644561280608,-0.0970836571114283,3.964018760414994,-0.4437652499795718,1.3245560549963646
95.0,230.0,129.89710998535156,-0.0395527935257084,2.682214317895068,-4.116956616998905,-3.679192762028772,-1.9264592489769523,1.3386445612834588,-0.0970836571113839,3.964027585452006,-0.4437652499837168,1.3245572681842914
95.0,230.0,129.89710998535156,-0.0395527923848426,2.6822143184382314,-4.116956616998928,-3.67919276202885,-1.926459248976951,1.3386445612805875,-0.0970836571113084,3.9640165162543353,-0.4437652499795718,1.3245560549963646
95.0,230.0,129.89710998535156,-0.0395527934500173,2.6822143178956432,-4.116956616998927,-3.679192762028772,-1.9264592489769523,1.338644561280897,-0.0970836571113839,3.964016118054351,-0.4437652499837168,1.3245561024348156
95.0,230.0,129.89710998535156,-0.039552792341212,2.6822143183957,-4.116956616998968,-3.679192762028868,-1.926459248976951,1.338644561280608,-0.0970836571114311,3.964018760414994,-0.4437652499795718,1.3245571675244587
95.0,230.0,129.89710998535156,-0.0395527935810459,2.682214318396147,-4.116956616998968,-3.679192762028868,-1.926459248976951,1.338644561280608,-0.0970836571114311,3.964018760414994,-0.4437652499795718,1.3245560549963646
95.0,230.0,129.89710998535156,-0.0395527935257084,2.682214317895068,-4.116956616998905,-3.679192762028772,-1.9264592489769523,1.3386445612797488,-0.0970836571113839,3.964027585452006,-0.4437652499837168,1.3245572681842914
95.0,230.0,129.89710998535156,-0.0395527924605337,2.682214318437656,-4.116956616998905,-3.67919276202885,-1.926459248976951,1.3386445612831497,-0.0970836571113084,3.96402798365199,-0.4437652499795718,1.3245572207458407
95.0,230.0,129.89710998535156,-0.0395527935257084,2.682214317895068,-4.116956616998905,-3.679192762028772,-1.9264592489769523,1.3386445612796798,-0.0970836571113839,3.964027585452006,-0.443765249983757,1.3245572681842914
95.0,230.0,129.89710998535156,-0.0395527935257084,2.682214317908473,-4.116956616998966,-3.679192762020627,-1.9264592489769523,1.338644561279718,-0.097083657111385,3.964028902383181,-0.443765249979685,1.3245572681842914
95.0,230.0,129.89710998535156,-0.0395527935959355,2.682214318391905,-4.116956616998968,-3.679192762028868,-1.926459248976951,1.338644561280608,-0.0970836571114311,3.9640187592578,-0.4437652499795718,1.3245571675244587
95.0,230.0,129.89710998535156,-0.0395527935257084,2.682214317895068,-4.116956616998905,-3.679192762028772,-1.926459248976953,1.338644561279754,-0.0970836571113839,3.964025608741061,-0.4437652499837168,1.3245572681842914
95.0,230.0,129.89710998535156,-0.0395527924258673,2.6822143184474,-4.116956616998964,-3.6791927620103935,-1.926459248976931,1.338644561281194,-0.0970836571099844,3.96405071719756,-0.4437652499795589,1.324576116982443
95.0,230.0,129.89710998535156,-0.0395527935562782,2.682214318372004,-4.116956616998968,-3.679192762028868,-1.926459248976948,1.338644561280608,-0.0970836571114297,3.9640188878398304,-0.4437652499795718,1.3245560549963646
95.0,230.0,129.89710998535156,-0.0395527935257084,2.682214318457321,-4.116956616998906,-3.679192762028772,-1.9264592489769523,1.3386445612805895,-0.0970836571113839,3.9640275045198528,-0.4437652499837168,1.3245572681842914
95.0,230.0,129.89710998535156,-0.0395527935810459,2.682214318355581,-4.116956616998968,-3.679192762028868,-1.926459248976951,1.338644561280608,-0.0970836571113834,3.964027130832378,-0.4437652499795254,1.3245560549963646
95.0,230.0,129.89710998535156,-0.0395527935257084,2.682214317895068,-4.116956616998905,-3.679192762028772,-1.9264592489769363,1.3386445612834403,-0.0970836571113839,3.9640274899255457,-0.4437652499837168,1.3245572681842914
95.0,230.0,129.89710998535156,-0.039552792341212,2.682214317870612,-4.1169566169989045,-3.679192762028868,-1.926459248976951,1.3386445612796911,-0.0970836571114311,3.964018890123861,-0.4437652499795708,1.3245573229239114
95.0,230.0,129.8971405029297,-0.0395527935477436,2.6822143183947014,-4.116956616998964,-3.6791927617529785,-1.926459248977454,1.338644561281194,-0.0970836571098621,3.96405071719756,-0.4437652499797034,1.3245840718488415
95.0,230.0,129.8971405029297,-0.0395527923849243,2.6822143183957,-4.116956616998968,-3.679192762021947,-1.926459248976951,1.3386445612822764,-0.0970836571114311,3.9640187347261415,-0.4437652499795718,1.3245763209031132
95.0,230.0,129.8971405029297,-0.0395527923849243,2.6822143183644327,-4.116956616998968,-3.67919276202218,-1.926459248976951,1.3386445612822555,-0.0970836571114311,3.9640187347261415,-0.4437652499795718,1.3245763209031132
95.0,230.0,129.8971405029297,-0.0395527935477436,2.6822143183927616,-4.116956616998964,-3.6791927617529785,-1.92645924897744,1.3386445612811957,-0.0970836571098621,3.96405071719756,-0.4437652499797037,1.3245840718488415
95.0,230.0,129.8971405029297,-0.0395527923849243,2.6822143183957,-4.116956616998968,-3.679192762021947,-1.926459248976951,1.3386445612822764,-0.0970836571114311,3.9640187347261415,-0.4437652499795718,1.3245763209031132
95.0,230.0,129.8971405029297,-0.0395527923849243,2.6822143189166576,-4.116956616998966,-3.67919276202218,-1.926459248976951,1.3386445612822555,-0.0970836571114311,3.9640187347261415,-0.4437652499795718,1.3245763209031132
95.0,230.0,129.8971405029297,-0.0395527923848426,2.6822143183899545,-4.116956616998968,-3.67919276202885,-1.926459248976951,1.3386445612805875,-0.0970836571114311,3.9639933981445727,-0.4437652499795718,1.3245560549963646
95.0,230.0,129.8971405029297,-0.039552793547406,2.682214318453054,-4.116956616998966,-3.6791927620280407,-1.926459248976951,1.338644561280608,-0.0970836571114311,3.964018735270379,-0.4437652499795796,1.3245766288577077
95.0,230.0,129.8971405029297,-0.0395527934856167,2.6822143183957,-4.116956616998968,-3.679192762022282,-1.926459248976951,1.3386445612822726,-0.0970836571114311,3.9640187347261415,-0.4437652499795718,1.324576446401459
95.0,230.0,129.8971405029297,-0.0395527935473882,2.6822143183927616,-4.116956616998964,-3.6791927617163975,-1.92645924897744,1.3386445612811957,-0.0970836571099337,3.96405071719756,-0.4437652499795517,1.3245856965802405
95.0,230.0,129.8971405029297,-0.0395527935053623,2.682214319028389,-4.116956616998968,-3.679192761728796,-1.926459248976937,1.3386445612823863,-0.0970836571114257,3.9640463853281775,-0.4437652499795605,1.3245879610690594
95.0,230.0,129.8971405029297,-0.0395527923849243,2.6822143183957,-4.116956616998968,-3.679192762021947,-1.926459248976951,1.3386445612822764,-0.0970836571114311,3.9640187347261415,-0.4437652499795718,1.3245763209031132
95.0,230.0,129.8971405029297,-0.0395527934856167,2.6822143183957,-4.116956616998968,-3.679192762022282,-1.926459248976951,1.3386445612822726,-0.0970836571114311,3.9640187347261415,-0.4437652499795718,1.324576446401459
95.0,230.0,129.8971405029297,-0.0395527935460721,2.6822143183927567,-4.116956616998964,-3.67919276203049,-1.9264592489774384,1.3386445612811957,-0.0970836571115412,3.96405071719756,-0.4437652499796953,1.3245840718488415
95.0,230.0,129.8971405029297,-0.0395527923849243,2.6822143183644327,-4.116956616998968,-3.67919276202948,-1.926459248976951,1.3386445612822555,-0.09708365711143,3.964018451543825,-0.4437652499836124,1.3245763209031132
95.0,230.0,129.8971405029297,-0.0395527924258673,2.6822143189360927,-4.116956616998964,-3.679192761754913,-1.926459248976931,1.338644561281194,-0.0970836571099844,3.96405071719756,-0.4437652499795589,1.324584033626458
95.0,230.0,129.8971405029297,-0.039552793547406,2.682214318986268,-4.116956616998966,-3.6791927620280407,-1.926459248976951,1.338644561280608,-0.0970836571114311,3.964018791762716,-0.4437652499795796,1.3245766288577077
95.0,230.0,129.8971405029297,-0.0395527923849243,2.6822143183957,-4.116956616998968,-3.679192762021947,-1.926459248976951,1.3386445612822764,-0.0970836571114311,3.964018456213501,-0.4437652499797636,1.3245763209031132
95.0,230.0,129.8971405029297,-0.0395527935477749,2.6822143183927616,-4.116956616998964,-3.6791927617529785,-1.9264592489774324,1.338644561281183,-0.0970836571098621,3.96405071719756,-0.443765249979578,1.3245839628179157
95.0,230.0,129.8971405029297,-0.0395527923849243,2.6822143189162526,-4.116956616998966,-3.6791927620281712,-1.926459248976951,1.3386445612822284,-0.0970836571114311,3.9640187347261415,-0.4437652499795718,1.3245763357715306
95.0,230.0,129.8971405029297,-0.0395527934856167,2.6822143183957,-4.116956616998968,-3.679192762022282,-1.926459248976951,1.3386445612822726,-0.0970836571114311,3.9640187347261415,-0.4437652499795718,1.324576446401459
95.0,230.0,129.8971405029297,-0.0395527935477436,2.682214317912452,-4.116956616998964,-3.67919276203004,-1.9264592489769088,1.338644561283478,-0.0970836571098621,3.964050846403192,-0.4437652499798875,1.3245840490537362
95.0,230.0,129.8971405029297,-0.0395527923849243,2.6822143183644327,-4.116956616998968,-3.67919276202948,-1.926459248976951,1.3386445612822555,-0.09708365711143,3.9640187300564658,-0.4437652499834205,1.3245763209031132
95.0,230.0,129.8971405029297,-0.0395527923866831,2.6822143189166576,-4.116956616998966,-3.6791927620219367,-1.926459248976951,1.3386445612822555,-0.0970836571114311,3.964018608531769,-0.4437652499795718,1.3245763209031132
95.0,230.0,129.8971405029297,-0.0395527923948631,2.6822143189360927,-4.116956616998964,-3.679192761754913,-1.926459248976931,1.338644561283601,-0.0970836571099844,3.96405071719756,-0.4437652499797838,1.324584033626458
95.0,230.0,129.8971405029297,-0.0395527923849243,2.6822143183957,-4.116956616998968,-3.6791927620208806,-1.926459248976951,1.3386445612827096,-0.0970836571113729,3.9640187357399927,-0.4437652499795718,1.3245763209031132
95.0,230.0,129.8971405029297,-0.0395527923849243,2.6822143183957,-4.116956616998968,-3.679192762021947,-1.926459248976951,1.3386445612822764,-0.0970836571114311,3.9640187347261415,-0.4437652499795718,1.3245763209031132
95.0,231.0,129.8970947265625,-0.0395527935347949,2.682214317895068,-4.116956616998905,-3.679192762034077,-1.9264592489769368,1.3386445612811526,-0.0970836571113839,3.9640236072156094,-0.4437652499839535,1.3245541258069862
95.0,231.0,129.8970947265625,-0.0395527935347596,2.682214317896225,-4.116956616998964,-3.679192762020627,-1.9264592489769523,1.338644561279718,-0.097083657111385,3.964028902383181,-0.4437652499834887,1.324554122838833
95.0,231.0,129.89710998535156,-0.039552792341212,2.6822143183957,-4.116956616998968,-3.679192762028868,-1.926459248976951,1.338644561280608,-0.0970836571114311,3.964018760414994,-0.4437652499795718,1.3245560549963646
95.0,231.0,129.89710998535156,-0.0395527935257084,2.682214317895068,-4.116956616998905,-3.679192762028772,-1.9264592489769523,1.3386445612796798,-0.0970836571113839,3.964027585452006,-0.4437652499837168,1.3245572681842914
95.0,231.0,129.89710998535156,-0.0395527935257084,2.682214317895068,-4.116956616998905,-3.679192762028772,-1.9264592489769368,1.3386445612835145,-0.0970836571113839,3.964025513214601,-0.4437652499837168,1.3245572681842914
95.0,231.0,129.89710998535156,-0.0395527935257084,2.682214317895068,-4.116956616998905,-3.679192762021472,-1.9264592489769523,1.3386445612796798,-0.097083657111385,3.9640278686343215,-0.4437652499796763,1.3245572681842914
95.0,231.0,129.89710998535156,-0.0395527935562782,2.682214318396138,-4.116956616998968,-3.679192762028868,-1.926459248976948,1.338644561280608,-0.0970836571114283,3.964018760414994,-0.4437652499795718,1.3245560549963646
95.0,231.0,129.89710998535156,-0.0395527935257084,2.682214317895068,-4.116956616998905,-3.679192762028772,-1.9264592489769523,1.3386445612834588,-0.0970836571113839,3.964027585452006,-0.4437652499837168,1.3245572681842914
95.0,231.0,129.89710998535156,-0.0395527923848426,2.6822143184382314,-4.116956616998928,-3.67919276202885,-1.926459248976951,1.3386445612805875,-0.0970836571113084,3.9640165162543353,-0.4437652499795718,1.3245560549963646
95.0,231.0,129.89710998535156,-0.0395527934500173,2.6822143178956432,-4.116956616998927,-3.679192762028772,-1.9264592489769523,1.338644561280897,-0.0970836571113839,3.964016118054351,-0.4437652499837168,1.3245561024348156
95.0,231.0,129.89710998535156,-0.039552792341212,2.6822143183957,-4.116956616998968,-3.679192762028868,-1.926459248976951,1.338644561280608,-0.0970836571114311,3.964018760414994,-0.4437652499795718,1.3245571675244587
95.0,231.0,129.89710998535156,-0.0395527935810459,2.682214318396147,-4.116956616998968,-3.679192762028868,-1.926459248976951,1.338644561280608,-0.0970836571114311,3.964018760414994,-0.4437652499795718,1.3245560549963646
95.0,231.0,129.89710998535156,-0.0395527935257084,2.682214317895068,-4.116956616998905,-3.679192762028772,-1.9264592489769523,1.3386445612797488,-0.0970836571113839,3.964027585452006,-0.4437652499837168,1.3245572681842914
95.0,231.0,129.89710998535156,-0.0395527924605337,2.682214318437656,-4.116956616998905,-3.67919276202885,-1.926459248976951,1.3386445612831497,-0.0970836571113084,3.96402798365199,-0.4437652499795718,1.3245572207458407
95.0,231.0,129.89710998535156,-0.0395527935257084,2.682214317895068,-4.116956616998905,-3.679192762028772,-1.9264592489769523,1.3386445612796798,-0.0970836571113839,3.964027585452006,-0.443765249983757,1.3245572681842914
95.0,231.0,129.89710998535156,-0.0395527935257084,2.682214317908473,-4.116956616998966,-3.679192762020627,-1.9264592489769523,1.338644561279718,-0.097083657111385,3.964028902383181,-0.443765249979685,1.3245572681842914
95.0,231.0,129.89710998535156,-0.0395527935959355,2.682214318391905,-4.116956616998968,-3.679192762028868,-1.926459248976951,1.338644561280608,-0.0970836571114311,3.9640187592578,-0.4437652499795718,1.3245571675244587
95.0,231.0,129.89710998535156,-0.0395527935257084,2.682214317895068,-4.116956616998905,-3.679192762028772,-1.926459248976953,1.338644561279754,-0.0970836571113839,3.964025608741061,-0.4437652499837168,1.3245572681842914
95.0,231.0,129.89710998535156,-0.0395527924258673,2.6822143184474,-4.116956616998964,-3.6791927620103935,-1.926459248976931,1.338644561281194,-0.0970836571099844,3.96405071719756,-0.4437652499795589,1.324576116982443
95.0,231.0,129.89710998535156,-0.0395527935562782,2.682214318372004,-4.116956616998968,-3.679192762028868,-1.926459248976948,1.338644561280608,-0.0970836571114297,3.9640188878398304,-0.4437652499795718,1.3245560549963646
95.0,231.0,129.89710998535156,-0.0395527935257084,2.682214318457321,-4.116956616998906,-3.679192762028772,-1.9264592489769523,1.3386445612805895,-0.0970836571113839,3.9640275045198528,-0.4437652499837168,1.3245572681842914
95.0,231.0,129.89710998535156,-0.0395527935810459,2.682214318355581,-4.116956616998968,-3.679192762028868,-1.926459248976951,1.338644561280608,-0.0970836571113834,3.964027130832378,-0.4437652499795254,1.3245560549963646
95.0,231.0,129.89710998535156,-0.0395527935257084,2.682214317895068,-4.116956616998905,-3.679192762028772,-1.9264592489769363,1.3386445612834403,-0.0970836571113839,3.9640274899255457,-0.4437652499837168,1.3245572681842914
95.0,231.0,129.89710998535156,-0.039552792341212,2.682214317870612,-4.1169566169989045,-3.679192762028868,-1.926459248976951,1.3386445612796911,-0.0970836571114311,3.964018890123861,-0.4437652499795708,1.3245573229239114
95.0,231.0,129.89710998535156,-0.0395527935257084,2.682214317881929,-4.116956616998905,-3.679192762028285,-1.9264592489769363,1.3386445612834403,-0.0970836571113794,3.9640274899255457,-0.4437652499837168,1.3245572681842914
95.0,231.0,129.89710998535156,-0.0395527934942237,2.6822143178990063,-4.116956616998928,-3.679192762028772,-1.9264592489769523,1.3386445612796818,-0.0970836571113839,3.964027585452006,-0.4437652499837168,1.3245572681842914
95.0,231.0,129.89710998535156,-0.0395527936047669,2.682214318355581,-4.116956616998968,-3.679192762028868,-1.926459248976951,1.338644561280608,-0.0970836571113834,3.964027130832378,-0.443765249979574,1.3245560549963646
95.0,231.0,129.89710998535156,-0.0395527935561092,2.6822143183927643,-4.116956616998968,-3.679192762014742,-1.9264592489774,1.338644561280608,-0.0970836571113168,3.964018859138424,-0.4437652499795718,1.324557525688715
95.0,231.0,129.89710998535156,-0.0395527923682067,2.6822143184382314,-4.116956616998904,-3.679192762028773,-1.926459248976951,1.3386445612805875,-0.0970836571113084,3.9640165162543353,-0.4437652499795718,1.3245572420397451
95.0,231.0,129.89710998535156,-0.0395527934350182,2.682214317908539,-4.116956616998927,-3.679192762028848,-1.9264592489769523,1.3386445612808553,-0.0970836571113839,3.964016118054351,-0.4437652499794722,1.3245571496310806
95.0,231.0,129.89710998535156,-0.0395527923632889,2.6822143178655167,-4.116956616998905,-3.679192762028868,-1.926459248976951,1.338644561279847,-0.0970836571114311,3.964018898329575,-0.4437652499795708,1.3245573229239114
95.0,231.0,129.89710998535156,-0.0395527924417125,2.682214318957598,-4.116956616998961,-3.679192762028772,-1.9264592489769368,1.3386445612835158,-0.0970836571113839,3.964025601563516,-0.4437652499800006,1.3245572681842914
95.0,231.0,129.89710998535156,-0.039552792341212,2.682214318348956,-4.116956616998906,-3.679192762028868,-1.926459248976951,1.3386445612796911,-0.0970836571114311,3.964018890123861,-0.4437652499795708,1.3245574038267367
95.0,231.0,129.89710998535156,-0.039552792341212,2.6822143183957,-4.116956616998907,-3.679192762028772,-1.9264592489769363,1.338644561280608,-0.0970836571114311,3.964018760414994,-0.4437652499795718,1.3245560549963646
95.0,231.0,129.89710998535156,-0.0395527935262343,2.682214317895068,-4.116956616998905,-3.6791927620214153,-1.926459248976937,1.3386445612811826,-0.097083657111385,3.9640278686343215,-0.4437652499800215,1.3245572681842914
95.0,231.0,129.8971405029297,-0.0395527935477436,2.6822143183947014,-4.116956616998964,-3.6791927617529785,-1.926459248977454,1.338644561281194,-0.0970836571098621,3.96405071719756,-0.4437652499797034,1.3245840718488415
95.0,231.0,129.8971405029297,-0.0395527923849243,2.6822143183957,-4.116956616998968,-3.679192762021947,-1.926459248976951,1.3386445612822764,-0.0970836571114311,3.9640187347261415,-0.4437652499795718,1.3245763209031132
95.0,231.0,129.8971405029297,-0.0395527923849243,2.6822143183644327,-4.116956616998968,-3.67919276202218,-1.926459248976951,1.3386445612822555,-0.0970836571114311,3.9640187347261415,-0.4437652499795718,1.3245763209031132
95.0,231.0,129.8971405029297,-0.0395527935477436,2.6822143183927616,-4.116956616998964,-3.6791927617529785,-1.92645924897744,1.3386445612811957,-0.0970836571098621,3.96405071719756,-0.4437652499797037,1.3245840718488415
95.0,231.0,129.8971405029297,-0.0395527923849243,2.6822143183957,-4.116956616998968,-3.679192762021947,-1.926459248976951,1.3386445612822764,-0.0970836571114311,3.9640187347261415,-0.4437652499795718,1.3245763209031132
95.0,231.0,129.8971405029297,-0.0395527923849243,2.6822143189166576,-4.116956616998966,-3.67919276202218,-1.926459248976951,1.3386445612822555,-0.0970836571114311,3.9640187347261415,-0.4437652499795718,1.3245763209031132
95.0,231.0,129.8971405029297,-0.0395527923848426,2.6822143183899545,-4.116956616998968,-3.67919276202885,-1.926459248976951,1.3386445612805875,-0.0970836571114311,3.9639933981445727,-0.4437652499795718,1.3245560549963646
95.0,231.0,129.8971405029297,-0.039552793547406,2.682214318453054,-4.116956616998966,-3.6791927620280407,-1.926459248976951,1.338644561280608,-0.0970836571114311,3.964018735270379,-0.4437652499795796,1.3245766288577077
95.0,231.0,129.8971405029297,-0.0395527934856167,2.6822143183957,-4.116956616998968,-3.679192762022282,-1.926459248976951,1.3386445612822726,-0.0970836571114311,3.9640187347261415,-0.4437652499795718,1.324576446401459
95.0,231.0,129.8971405029297,-0.0395527935473882,2.6822143183927616,-4.116956616998964,-3.6791927617163975,-1.92645924897744,1.3386445612811957,-0.0970836571099337,3.96405071719756,-0.4437652499795517,1.3245856965802405
95.0,231.0,129.8971405029297,-0.0395527935053623,2.682214319028389,-4.116956616998968,-3.679192761728796,-1.926459248976937,1.3386445612823863,-0.0970836571114257,3.9640463853281775,-0.4437652499795605,1.3245879610690594
95.0,231.0,129.8971405029297,-0.0395527923849243,2.6822143183957,-4.116956616998968,-3.679192762021947,-1.926459248976951,1.3386445612822764,-0.0970836571114311,3.9640187347261415,-0.4437652499795718,1.3245763209031132
95.0,231.0,129.8971405029297,-0.0395527934856167,2.6822143183957,-4.116956616998968,-3.679192762022282,-1.926459248976951,1.3386445612822726,-0.0970836571114311,3.9640187347261415,-0.4437652499795718,1.324576446401459
95.0,231.0,129.8971405029297,-0.0395527935460721,2.6822143183927567,-4.116956616998964,-3.67919276203049,-1.9264592489774384,1.3386445612811957,-0.0970836571115412,3.96405071719756,-0.4437652499796953,1.3245840718488415
95.0,231.0,129.8971405029297,-0.0395527923849243,2.6822143183644327,-4.116956616998968,-3.67919276202948,-1.926459248976951,1.3386445612822555,-0.09708365711143,3.964018451543825,-0.4437652499836124,1.3245763209031132
95.0,232.0,129.89707946777344,-0.0395527923239245,2.682214317896225,-4.116956616998959,-3.680095704489377,-1.9264592489769523,1.338644561279718,-0.097083657111385,3.964029128136485,-0.44376524998363,1.324554122838833
95.0,232.0,129.8970947265625,-0.0395527935347949,2.682214317895068,-4.116956616998905,-3.679192762034077,-1.9264592489769368,1.3386445612811526,-0.0970836571113839,3.9640236072156094,-0.4437652499839535,1.3245541258069862
95.0,232.0,129.8970947265625,-0.0395527935347596,2.682214317896225,-4.116956616998964,-3.679192762020627,-1.9264592489769523,1.338644561279718,-0.097083657111385,3.964028902383181,-0.4437652499834887,1.324554122838833
95.0,232.0,129.8970947265625,-0.0395527935347741,2.682214317882058,-4.116956616998905,-3.679192762033984,-1.9264592489769368,1.3386445612808686,-0.0970836571113839,3.964023744892809,-0.4437652499839588,1.3245541258069862
95.0,232.0,129.8970947265625,-0.0395527935347596,2.682214318940193,-4.116956616998964,-3.679192762028928,-1.9264592489769523,1.3386445612835407,-0.097083657111385,3.964028902383181,-0.4437652499836562,1.3245539261589594
95.0,232.0,129.89710998535156,-0.039552792341212,2.6822143183957,-4.116956616998968,-3.679192762028868,-1.926459248976951,1.338644561280608,-0.0970836571114311,3.964018760414994,-0.4437652499795718,1.3245560549963646
95.0,232.0,129.89710998535156,-0.0395527935257084,2.682214317895068,-4.116956616998905,-3.679192762028772,-1.9264592489769523,1.3386445612796798,-0.0970836571113839,3.964027585452006,-0.4437652499837168,1.3245572681842914
95.0,232.0,129.89710998535156,-0.0395527935257084,2.682214317895068,-4.116956616998905,-3.679192762028772,-1.9264592489769368,1.3386445612835145,-0.0970836571113839,3.964025513214601,-0.4437652499837168,1.3245572681842914
95.0,232.0,129.89710998535156,-0.0395527935257084,2.682214317895068,-4.116956616998905,-3.679192762021472,-1.9264592489769523,1.3386445612796798,-0.097083657111385,3.9640278686343215,-0.4437652499796763,1.3245572681842914
95.0,232.0,129.89710998535156,-0.0395527935562782,2.682214318396138,-4.116956616998968,-3.679192762028868,-1.926459248976948,1.338644561280608,-0.0970836571114283,3.964018760414994,-0.4437652499795718,1.3245560549963646
95.0,232.0,129.89710998535156,-0.0395527935257084,2.682214317895068,-4.116956616998905,-3.679192762028772,-1.9264592489769523,1.3386445612834588,-0.0970836571113839,3.964027585452006,-0.4437652499837168,1.3245572681842914
95.0,232.0,129.89710998535156,-0.0395527923848426,2.6822143184382314,-4.116956616998928,-3.67919276202885,-1.926459248976951,1.3386445612805875,-0.0970836571113084,3.9640165162543353,-0.4437652499795718,1.3245560549963646
95.0,232.0,129.89710998535156,-0.0395527934500173,2.6822143178956432,-4.116956616998927,-3.679192762028772,-1.9264592489769523,1.338644561280897,-0.0970836571113839,3.964016118054351,-0.4437652499837168,1.3245561024348156
95.0,232.0,129.89710998535156,-0.039552792341212,2.6822143183957,-4.116956616998968,-3.679192762028868,-1.926459248976951,1.338644561280608,-0.0970836571114311,3.964018760414994,-0.4437652499795718,1.3245571675244587
95.0,232.0,129.89710998535156,-0.0395527935810459,2.682214318396147,-4.116956616998968,-3.679192762028868,-1.926459248976951,1.338644561280608,-0.0970836571114311,3.964018760414994,-0.4437652499795718,1.3245560549963646
95.0,232.0,129.89710998535156,-0.0395527935257084,2.682214317895068,-4.116956616998905,-3.679192762028772,-1.9264592489769523,1.3386445612797488,-0.0970836571113839,3.964027585452006,-0.4437652499837168,1.3245572681842914
95.0,232.0,129.89710998535156,-0.0395527924605337,2.682214318437656,-4.116956616998905,-3.67919276202885,-1.926459248976951,1.3386445612831497,-0.0970836571113084,3.96402798365199,-0.4437652499795718,1.3245572207458407
95.0,232.0,129.89710998535156,-0.0395527935257084,2.682214317895068,-4.116956616998905,-3.679192762028772,-1.9264592489769523,1.3386445612796798,-0.0970836571113839,3.964027585452006,-0.443765249983757,1.3245572681842914
95.0,232.0,129.89710998535156,-0.0395527935257084,2.682214317908473,-4.116956616998966,-3.679192762020627,-1.9264592489769523,1.338644561279718,-0.097083657111385,3.964028902383181,-0.443765249979685,1.3245572681842914
95.0,232.0,129.89710998535156,-0.0395527935959355,2.682214318391905,-4.116956616998968,-3.679192762028868,-1.926459248976951,1.338644561280608,-0.0970836571114311,3.9640187592578,-0.4437652499795718,1.3245571675244587
95.0,232.0,129.89710998535156,-0.0395527935257084,2.682214317895068,-4.116956616998905,-3.679192762028772,-1.926459248976953,1.338644561279754,-0.0970836571113839,3.964025608741061,-0.4437652499837168,1.3245572681842914
95.0,232.0,129.89710998535156,-0.0395527924258673,2.6822143184474,-4.116956616998964,-3.6791927620103935,-1.926459248976931,1.338644561281194,-0.0970836571099844,3.96405071719756,-0.4437652499795589,1.324576116982443
95.0,232.0,129.89710998535156,-0.0395527935562782,2.682214318372004,-4.116956616998968,-3.679192762028868,-1.926459248976948,1.338644561280608,-0.0970836571114297,3.9640188878398304,-0.4437652499795718,1.3245560549963646
95.0,232.0,129.89710998535156,-0.0395527935257084,2.682214318457321,-4.116956616998906,-3.679192762028772,-1.9264592489769523,1.3386445612805895,-0.0970836571113839,3.9640275045198528,-0.4437652499837168,1.3245572681842914
95.0,232.0,129.89710998535156,-0.0395527935810459,2.682214318355581,-4.116956616998968,-3.679192762028868,-1.926459248976951,1.338644561280608,-0.0970836571113834,3.964027130832378,-0.4437652499795254,1.3245560549963646
95.0,232.0,129.89710998535156,-0.0395527935257084,2.682214317895068,-4.116956616998905,-3.679192762028772,-1.9264592489769363,1.3386445612834403,-0.0970836571113839,3.9640274899255457,-0.4437652499837168,1.3245572681842914
95.0,232.0,129.89710998535156,-0.039552792341212,2.682214317870612,-4.1169566169989045,-3.679192762028868,-1.926459248976951,1.3386445612796911,-0.0970836571114311,3.964018890123861,-0.4437652499795708,1.3245573229239114
95.0,232.0,129.89710998535156,-0.0395527935257084,2.682214317881929,-4.116956616998905,-3.679192762028285,-1.9264592489769363,1.3386445612834403,-0.0970836571113794,3.9640274899255457,-0.4437652499837168,1.3245572681842914
95.0,232.0,129.89710998535156,-0.0395527934942237,2.6822143178990063,-4.116956616998928,-3.679192762028772,-1.9264592489769523,1.3386445612796818,-0.0970836571113839,3.964027585452006,-0.4437652499837168,1.3245572681842914
95.0,232.0,129.89710998535156,-0.0395527936047669,2.682214318355581,-4.116956616998968,-3.679192762028868,-1.926459248976951,1.338644561280608,-0.0970836571113834,3.964027130832378,-0.443765249979574,1.3245560549963646
95.0,232.0,129.89710998535156,-0.0395527935561092,2.6822143183927643,-4.116956616998968,-3.679192762014742,-1.9264592489774,1.338644561280608,-0.0970836571113168,3.964018859138424,-0.4437652499795718,1.324557525688715
95.0,232.0,129.89710998535156,-0.0395527923682067,2.6822143184382314,-4.116956616998904,-3.679192762028773,-1.926459248976951,1.3386445612805875,-0.0970836571113084,3.9640165162543353,-0.4437652499795718,1.3245572420397451
95.0,232.0,129.89710998535156,-0.0395527934350182,2.682214317908539,-4.116956616998927,-3.679192762028848,-1.9264592489769523,1.3386445612808553,-0.0970836571113839,3.964016118054351,-0.4437652499794722,1.3245571496310806
95.0,232.0,129.89710998535156,-0.0395527923632889,2.6822143178655167,-4.116956616998905,-3.679192762028868,-1.926459248976951,1.338644561279847,-0.0970836571114311,3.964018898329575,-0.4437652499795708,1.3245573229239114
95.0,232.0,129.89710998535156,-0.0395527924417125,2.682214318957598,-4.116956616998961,-3.679192762028772,-1.9264592489769368,1.3386445612835158,-0.0970836571113839,3.964025601563516,-0.4437652499800006,1.3245572681842914
95.0,232.0,129.89710998535156,-0.039552792341212,2.682214318348956,-4.116956616998906,-3.679192762028868,-1.926459248976951,1.3386445612796911,-0.0970836571114311,3.964018890123861,-0.4437652499795708,1.3245574038267367
95.0,232.0,129.89710998535156,-0.039552792341212,2.6822143183957,-4.116956616998907,-3.679192762028772,-1.9264592489769363,1.338644561280608,-0.0970836571114311,3.964018760414994,-0.4437652499795718,1.3245560549963646
95.0,232.0,129.89710998535156,-0.0395527935262343,2.682214317895068,-4.116956616998905,-3.6791927620214153,-1.926459248976937,1.3386445612811826,-0.097083657111385,3.9640278686343215,-0.4437652499800215,1.3245572681842914
95.0,232.0,129.89710998535156,-0.0395527935561092,2.6822143183927643,-4.116956616998968,-3.6791927620284928,-1.9264592489774,1.338644561280608,-0.0970836571113168,3.964018859138424,-0.4437652499795718,1.324557265569774
95.0,232.0,129.89710998535156,-0.0395527924417125,2.68221431791363,-4.116956616998961,-3.679192762020472,-1.9264592489769368,1.3386445612796931,-0.0970836571113839,3.964025601563516,-0.4437652499798332,1.3245574648641647
95.0,232.0,129.89710998535156,-0.0395527935959355,2.6822143178603883,-4.116956616998968,-3.679192762028868,-1.926459248976951,1.338644561280608,-0.0970836571114311,3.9640187644882094,-0.4437652499795718,1.3245571657907524
95.0,232.0,129.89710998535156,-0.0395527934749198,2.682214317902252,-4.116956616998907,-3.679192762028772,-1.9264592489769363,1.338644561280608,-0.0970836571114311,3.964018760414994,-0.4437652499795718,1.3245560549963646
95.0,232.0,129.89710998535156,-0.0395527935810459,2.682214318396147,-4.116956616998968,-3.679192762028868,-1.926459248976951,1.338644561280608,-0.0970836571114311,3.964018760414994,-0.4437652499795718,1.3245560549963646
95.0,232.0,129.89710998535156,-0.0395527935782375,2.682214317917868,-4.116956616998929,-3.679192762028873,-1.9264592489769523,1.3386445612796818,-0.0970836571114298,3.964018850334425,-0.4437652499836902,1.3245572674903427
95.0,232.0,129.89710998535156,-0.0395527935520471,2.682214317870612,-4.116956616998909,-3.679192762028868,-1.926459248976951,1.3386445612796911,-0.0970836571114311,3.964018664370558,-0.4437652499794295,1.3245573229239114
95.0,232.0,129.89710998535156,-0.0395527934350182,2.6822143178954314,-4.116956616998926,-3.679192762028848,-1.9264592489769523,1.338644561281409,-0.0970836571113839,3.964016118054351,-0.4437652499794722,1.3245571486511472
95.0,232.0,129.89710998535156,-0.0395527924364064,2.682214318957598,-4.116956616998961,-3.679192762028772,-1.9264592489769368,1.3386445612835158,-0.0970836571113839,3.964025601563516,-0.4437652499800006,1.3245587209168943
95.0,232.0,129.89710998535156,-0.0395527935257084,2.682214318389972,-4.116956616998905,-3.679192762021472,-1.9264592489769523,1.3386445612806168,-0.0970836571113852,3.9640278686343215,-0.4437652499796763,1.3245572681842914
95.0,232.0,129.89710998535156,-0.0395527935562782,2.682214318396138,-4.116956616998968,-3.679192762028868,-1.926459248976948,1.338644561280608,-0.0970836571114283,3.964018760414994,-0.4437652499795718,1.3245560549963646
95.0,232.0,129.89710998535156,-0.039552793525879,2.682214317898979,-4.116956616998905,-3.679192762028772,-1.9264592489769523,1.3386445612796816,-0.0970836571113839,3.964027585452006,-0.4437652499837168,1.3245572681842914
95.0,233.0,129.89707946777344,-0.0395527923239245,2.682214317896225,-4.116956616998959,-3.680095704489377,-1.9264592489769523,1.338644561279718,-0.097083657111385,3.964029128136485,-0.44376524998363,1.324554122838833
95.0,233.0,129.89707946777344,-0.039552792310517,2.682214317838831,-4.116956616998964,-3.680104326158316,-1.9264592489769523,1.3386445612835407,-0.097083657111385,3.964028902383181,-0.4437652499836562,1.3245539259034964
95.0,233.0,129.8970947265625,-0.0395527935347949,2.682214317895068,-4.116956616998905,-3.679192762034077,-1.9264592489769368,1.3386445612811526,-0.0970836571113839,3.9640236072156094,-0.4437652499839535,1.3245541258069862
95.0,233.0,129.8970947265625,-0.0395527935347596,2.682214317896225,-4.116956616998964,-3.679192762020627,-1.9264592489769523,1.338644561279718,-0.097083657111385,3.964028902383181,-0.4437652499834887,1.324554122838833
95.0,233.0,129.8970947265625,-0.0395527935347741,2.682214317882058,-4.116956616998905,-3.679192762033984,-1.9264592489769368,1.3386445612808686,-0.0970836571113839,3.964023744892809,-0.4437652499839588,1.3245541258069862
95.0,233.0,129.8970947265625,-0.0395527935347596,2.682214318940193,-4.116956616998964,-3.679192762028928,-1.9264592489769523,1.3386445612835407,-0.097083657111385,3.964028902383181,-0.4437652499836562,1.3245539261589594
95.0,233.0,129.8970947265625,-0.0395527936044023,2.6822143178920235,-4.116956616998964,-3.679192762029433,-1.9264592489769523,1.33864456127974,-0.097083657111385,3.964028902383181,-0.4437652499835032,1.324554122838833
95.0,233.0,129.8970947265625,-0.0395527935341893,2.682214317895068,-4.116956616998905,-3.6791927620339777,-1.926459248976952,1.3386445612796125,-0.0970836571113839,3.964023591460262,-0.4437652499839535,1.324554051095886
95.0,233.0,129.8970947265625,-0.0395527924163884,2.682214318940193,-4.116956616998964,-3.679192762028928,-1.9264592489769523,1.3386445612835407,-0.097083657111385,3.964028902383181,-0.4437652499836562,1.3245539261589594
95.0,233.0,129.8970947265625,-0.039552792346598,2.682214317896225,-4.116956616998959,-3.679193360239588,-1.9264592489769523,1.3386445612797166,-0.097083657111385,3.964029147835464,-0.4437652499836284,1.324554122838833
95.0,233.0,129.8970947265625,-0.0395527935347596,2.682214317899076,-4.1169566169989285,-3.67919276202888,-1.9264592489769523,1.338644561279716,-0.097083657111385,3.964028902383181,-0.4437652499834791,1.324554122838833
95.0,233.0,129.89710998535156,-0.039552792341212,2.6822143183957,-4.116956616998968,-3.679192762028868,-1.926459248976951,1.338644561280608,-0.0970836571114311,3.964018760414994,-0.4437652499795718,1.3245560549963646
95.0,233.0,129.89710998535156,-0.0395527935257084,2.682214317895068,-4.116956616998905,-3.679192762028772,-1.9264592489769523,1.3386445612796798,-0.0970836571113839,3.964027585452006,-0.4437652499837168,1.3245572681842914
95.0,233.0,129.89710998535156,-0.0395527935257084,2.682214317895068,-4.116956616998905,-3.679192762028772,-1.9264592489769368,1.3386445612835145,-0.0970836571113839,3.964025513214601,-0.4437652499837168,1.3245572681842914
95.0,233.0,129.89710998535156,-0.0395527935257084,2.682214317895068,-4.116956616998905,-3.679192762021472,-1.9264592489769523,1.3386445612796798,-0.097083657111385,3.9640278686343215,-0.4437652499796763,1.3245572681842914
95.0,233.0,129.89710998535156,-0.0395527935562782,2.682214318396138,-4.116956616998968,-3.679192762028868,-1.926459248976948,1.338644561280608,-0.0970836571114283,3.964018760414994,-0.4437652499795718,1.3245560549963646
95.0,233.0,129.89710998535156,-0.0395527935257084,2.682214317895068,-4.116956616998905,-3.679192762028772,-1.9264592489769523,1.3386445612834588,-0.0970836571113839,3.964027585452006,-0.4437652499837168,1.3245572681842914
95.0,233.0,129.89710998535156,-0.0395527923848426,2.6822143184382314,-4.116956616998928,-3.67919276202885,-1.926459248976951,1.3386445612805875,-0.0970836571113084,3.9640165162543353,-0.4437652499795718,1.3245560549963646
95.0,233.0,129.89710998535156,-0.0395527934500173,2.6822143178956432,-4.116956616998927,-3.679192762028772,-1.9264592489769523,1.338644561280897,-0.0970836571113839,3.964016118054351,-0.4437652499837168,1.3245561024348156
95.0,233.0,129.89710998535156,-0.039552792341212,2.6822143183957,-4.116956616998968,-3.679192762028868,-1.926459248976951,1.338644561280608,-0.0970836571114311,3.964018760414994,-0.4437652499795718,1.3245571675244587
95.0,233.0,129.89710998535156,-0.0395527935810459,2.682214318396147,-4.116956616998968,-3.679192762028868,-1.926459248976951,1.338644561280608,-0.0970836571114311,3.964018760414994,-0.4437652499795718,1.3245560549963646
95.0,233.0,129.89710998535156,-0.0395527935257084,2.682214317895068,-4.116956616998905,-3.679192762028772,-1.9264592489769523,1.3386445612797488,-0.0970836571113839,3.964027585452006,-0.4437652499837168,1.3245572681842914
95.0,233.0,129.89710998535156,-0.0395527924605337,2.682214318437656,-4.116956616998905,-3.67919276202885,-1.926459248976951,1.3386445612831497,-0.0970836571113084,3.96402798365199,-0.4437652499795718,1.3245572207458407
95.0,233.0,129.89710998535156,-0.0395527935257084,2.682214317895068,-4.116956616998905,-3.679192762028772,-1.9264592489769523,1.3386445612796798,-0.0970836571113839,3.964027585452006,-0.443765249983757,1.3245572681842914
95.0,233.0,129.89710998535156,-0.0395527935257084,2.682214317908473,-4.116956616998966,-3.679192762020627,-1.9264592489769523,1.338644561279718,-0.097083657111385,3.964028902383181,-0.443765249979685,1.3245572681842914
95.0,233.0,129.89710998535156,-0.0395527935959355,2.682214318391905,-4.116956616998968,-3.679192762028868,-1.926459248976951,1.338644561280608,-0.0970836571114311,3.9640187592578,-0.4437652499795718,1.3245571675244587
95.0,233.0,129.89710998535156,-0.0395527935257084,2.682214317895068,-4.116956616998905,-3.679192762028772,-1.926459248976953,1.338644561279754,-0.0970836571113839,3.964025608741061,-0.4437652499837168,1.3245572681842914
95.0,233.0,129.89710998535156,-0.0395527924258673,2.6822143184474,-4.116956616998964,-3.6791927620103935,-1.926459248976931,1.338644561281194,-0.0970836571099844,3.96405071719756,-0.4437652499795589,1.324576116982443
95.0,233.0,129.89710998535156,-0.0395527935562782,2.682214318372004,-4.116956616998968,-3.679192762028868,-1.926459248976948,1.338644561280608,-0.0970836571114297,3.9640188878398304,-0.4437652499795718,1.3245560549963646
95.0,233.0,129.89710998535156,-0.0395527935257084,2.682214318457321,-4.116956616998906,-3.679192762028772,-1.9264592489769523,1.3386445612805895,-0.0970836571113839,3.9640275045198528,-0.4437652499837168,1.3245572681842914
95.0,233.0,129.89710998535156,-0.0395527935810459,2.682214318355581,-4.116956616998968,-3.679192762028868,-1.926459248976951,1.338644561280608,-0.0970836571113834,3.964027130832378,-0.4437652499795254,1.3245560549963646
95.0,233.0,129.89710998535156,-0.0395527935257084,2.682214317895068,-4.116956616998905,-3.679192762028772,-1.9264592489769363,1.3386445612834403,-0.0970836571113839,3.9640274899255457,-0.4437652499837168,1.3245572681842914
95.0,233.0,129.89710998535156,-0.039552792341212,2.682214317870612,-4.1169566169989045,-3.679192762028868,-1.926459248976951,1.3386445612796911,-0.0970836571114311,3.964018890123861,-0.4437652499795708,1.3245573229239114
95.0,233.0,129.89710998535156,-0.0395527935257084,2.682214317881929,-4.116956616998905,-3.679192762028285,-1.9264592489769363,1.3386445612834403,-0.0970836571113794,3.9640274899255457,-0.4437652499837168,1.3245572681842914
95.0,233.0,129.89710998535156,-0.0395527934942237,2.6822143178990063,-4.116956616998928,-3.679192762028772,-1.9264592489769523,1.3386445612796818,-0.0970836571113839,3.964027585452006,-0.4437652499837168,1.3245572681842914
95.0,233.0,129.89710998535156,-0.0395527936047669,2.682214318355581,-4.116956616998968,-3.679192762028868,-1.926459248976951,1.338644561280608,-0.0970836571113834,3.964027130832378,-0.443765249979574,1.3245560549963646
95.0,233.0,129.89710998535156,-0.0395527935561092,2.6822143183927643,-4.116956616998968,-3.679192762014742,-1.9264592489774,1.338644561280608,-0.0970836571113168,3.964018859138424,-0.4437652499795718,1.324557525688715
95.0,233.0,129.89710998535156,-0.0395527923682067,2.6822143184382314,-4.116956616998904,-3.679192762028773,-1.926459248976951,1.3386445612805875,-0.0970836571113084,3.9640165162543353,-0.4437652499795718,1.3245572420397451
95.0,233.0,129.89710998535156,-0.0395527934350182,2.682214317908539,-4.116956616998927,-3.679192762028848,-1.9264592489769523,1.3386445612808553,-0.0970836571113839,3.964016118054351,-0.4437652499794722,1.3245571496310806
95.0,233.0,129.89710998535156,-0.0395527923632889,2.6822143178655167,-4.116956616998905,-3.679192762028868,-1.926459248976951,1.338644561279847,-0.0970836571114311,3.964018898329575,-0.4437652499795708,1.3245573229239114
95.0,233.0,129.89710998535156,-0.0395527924417125,2.682214318957598,-4.116956616998961,-3.679192762028772,-1.9264592489769368,1.3386445612835158,-0.0970836571113839,3.964025601563516,-0.4437652499800006,1.3245572681842914
95.0,233.0,129.89710998535156,-0.039552792341212,2.682214318348956,-4.116956616998906,-3.679192762028868,-1.926459248976951,1.3386445612796911,-0.0970836571114311,3.964018890123861,-0.4437652499795708,1.3245574038267367
95.0,233.0,129.89710998535156,-0.039552792341212,2.6822143183957,-4.116956616998907,-3.679192762028772,-1.9264592489769363,1.338644561280608,-0.0970836571114311,3.964018760414994,-0.4437652499795718,1.3245560549963646
95.0,233.0,129.89710998535156,-0.0395527935262343,2.682214317895068,-4.116956616998905,-3.6791927620214153,-1.926459248976937,1.3386445612811826,-0.097083657111385,3.9640278686343215,-0.4437652499800215,1.3245572681842914
95.0,233.0,129.89710998535156,-0.0395527935561092,2.6822143183927643,-4.116956616998968,-3.6791927620284928,-1.9264592489774,1.338644561280608,-0.0970836571113168,3.964018859138424,-0.4437652499795718,1.324557265569774
95.0,233.0,129.89710998535156,-0.0395527924417125,2.68221431791363,-4.116956616998961,-3.679192762020472,-1.9264592489769368,1.3386445612796931,-0.0970836571113839,3.964025601563516,-0.4437652499798332,1.3245574648641647
95.0,233.0,129.89710998535156,-0.0395527935959355,2.6822143178603883,-4.116956616998968,-3.679192762028868,-1.926459248976951,1.338644561280608,-0.0970836571114311,3.9640187644882094,-0.4437652499795718,1.3245571657907524
95.0,233.0,129.89710998535156,-0.0395527934749198,2.682214317902252,-4.116956616998907,-3.679192762028772,-1.9264592489769363,1.338644561280608,-0.0970836571114311,3.964018760414994,-0.4437652499795718,1.3245560549963646
95.0,233.0,129.89710998535156,-0.0395527935810459,2.682214318396147,-4.116956616998968,-3.679192762028868,-1.926459248976951,1.338644561280608,-0.0970836571114311,3.964018760414994,-0.4437652499795718,1.3245560549963646
95.0,233.0,129.89710998535156,-0.0395527935782375,2.682214317917868,-4.116956616998929,-3.679192762028873,-1.9264592489769523,1.3386445612796818,-0.0970836571114298,3.964018850334425,-0.4437652499836902,1.3245572674903427
95.0,234.0,129.89706420898438,-0.0395527923230091,2.6822143178956432,-4.116956616998927,-3.68003182988933,-1.9264592489769523,1.338644561280897,-0.0970836571113839,3.964016118054351,-0.4437652499837168,1.3245561024348156
95.0,234.0,129.89707946777344,-0.0395527923239245,2.682214317896225,-4.116956616998959,-3.680095704489377,-1.9264592489769523,1.338644561279718,-0.097083657111385,3.964029128136485,-0.44376524998363,1.324554122838833
95.0,234.0,129.89707946777344,-0.039552792310517,2.682214317838831,-4.116956616998964,-3.680104326158316,-1.9264592489769523,1.3386445612835407,-0.097083657111385,3.964028902383181,-0.4437652499836562,1.3245539259034964
95.0,234.0,129.89707946777344,-0.039552792310517,2.682214317838898,-4.116956616998964,-3.680130012905473,-1.9264592489769523,1.338644561280867,-0.097083657111385,3.964028902383181,-0.4437652499839634,1.3245539240038755
95.0,234.0,129.89707946777344,-0.0395527923239245,2.682214317896225,-4.116956616998959,-3.680098648546263,-1.9264592489769523,1.338644561279718,-0.097083657111385,3.964028900140282,-0.44376524998363,1.324554122838833
95.0,234.0,129.8970947265625,-0.0395527935347949,2.682214317895068,-4.116956616998905,-3.679192762034077,-1.9264592489769368,1.3386445612811526,-0.0970836571113839,3.9640236072156094,-0.4437652499839535,1.3245541258069862
95.0,234.0,129.8970947265625,-0.0395527935347596,2.682214317896225,-4.116956616998964,-3.679192762020627,-1.9264592489769523,1.338644561279718,-0.097083657111385,3.964028902383181,-0.4437652499834887,1.324554122838833
95.0,234.0,129.8970947265625,-0.0395527935347741,2.682214317882058,-4.116956616998905,-3.679192762033984,-1.9264592489769368,1.3386445612808686,-0.0970836571113839,3.964023744892809,-0.4437652499839588,1.3245541258069862
95.0,234.0,129.8970947265625,-0.0395527935347596,2.682214318940193,-4.116956616998964,-3.679192762028928,-1.9264592489769523,1.3386445612835407,-0.097083657111385,3.964028902383181,-0.4437652499836562,1.3245539261589594
95.0,234.0,129.8970947265625,-0.0395527936044023,2.6822143178920235,-4.116956616998964,-3.679192762029433,-1.9264592489769523,1.33864456127974,-0.097083657111385,3.964028902383181,-0.4437652499835032,1.324554122838833
95.0,234.0,129.8970947265625,-0.0395527935341893,2.682214317895068,-4.116956616998905,-3.6791927620339777,-1.926459248976952,1.3386445612796125,-0.0970836571113839,3.964023591460262,-0.4437652499839535,1.324554051095886
95.0,234.0,129.8970947265625,-0.0395527924163884,2.682214318940193,-4.116956616998964,-3.679192762028928,-1.9264592489769523,1.3386445612835407,-0.097083657111385,3.964028902383181,-0.4437652499836562,1.3245539261589594
95.0,234.0,129.8970947265625,-0.039552792346598,2.682214317896225,-4.116956616998959,-3.679193360239588,-1.9264592489769523,1.3386445612797166,-0.097083657111385,3.964029147835464,-0.4437652499836284,1.324554122838833
95.0,234.0,129.8970947265625,-0.0395527935347596,2.682214317899076,-4.1169566169989285,-3.67919276202888,-1.9264592489769523,1.338644561279716,-0.097083657111385,3.964028902383181,-0.4437652499834791,1.324554122838833
95.0,234.0,129.8970947265625,-0.0395527935347596,2.6822143178590845,-4.116956616998964,-3.679192762028928,-1.9264592489769523,1.3386445612835407,-0.097083657111385,3.964028902383181,-0.4437652499836483,1.3245539261589594
95.0,234.0,129.8970947265625,-0.0395527924607781,2.6822143184364857,-4.116956616998964,-3.679192762028928,-1.9264592489769523,1.3386445612831406,-0.097083657111385,3.9640279898257975,-0.4437652499836562,1.3245539261589594
95.0,234.0,129.8970947265625,-0.0395527935341893,2.682214317895068,-4.116956616998905,-3.679192762033981,-1.926459248976952,1.3386445612796125,-0.0970836571113839,3.9640233667834863,-0.4437652499839535,1.324554212474205
95.0,234.0,129.8970947265625,-0.0395527922835885,2.682214317896225,-4.116956616998959,-3.680095704489377,-1.9264592489769523,1.338644561279718,-0.0970836571113858,3.9640186965375888,-0.44376524998363,1.3245559891033836
95.0,234.0,129.8970947265625,-0.0395527936044023,2.682214317892005,-4.116956616998964,-3.679192762029433,-1.9264592489769523,1.33864456127974,-0.097083657111385,3.964025364409054,-0.4437652499835032,1.324554122838833
95.0,234.0,129.8970947265625,-0.039552792346598,2.682214317896225,-4.116956616998959,-3.679193360239588,-1.9264592489769523,1.3386445612797166,-0.097083657111385,3.964029147835464,-0.4437652499836284,1.324554122838833
95.0,234.0,129.8970947265625,-0.0395527935348489,2.682214317895068,-4.116956616998905,-3.679192762028772,-1.9264592489769523,1.338644561279685,-0.0970836571113839,3.964023990365399,-0.4437652499839625,1.3245539275500435
95.0,234.0,129.8970947265625,-0.039552792346598,2.682214317896225,-4.116956616998959,-3.679193360239588,-1.9264592489769523,1.3386445612797166,-0.097083657111385,3.964029147835464,-0.4437652499836284,1.324554122838833
95.0,234.0,129.8970947265625,-0.0395527935966142,2.682214318372004,-4.116956616998968,-3.679192762028868,-1.926459248976948,1.338644561280608,-0.097083657111429,3.964029319438726,-0.4437652499795718,1.324554188731814
95.0,234.0,129.8970947265625,-0.0395527935810459,2.682214318396147,-4.116956616998963,-3.679192762029426,-1.926459248976938,1.338644561280608,-0.097083657111384,3.964023419874812,-0.4437652499795718,1.3245540511486702
95.0,234.0,129.8970947265625,-0.0395527936044023,2.6822143178920235,-4.116956616998964,-3.679192762029433,-1.9264592489769523,1.33864456127974,-0.097083657111385,3.9640289107088376,-0.4437652499835032,1.324554122838833
95.0,234.0,129.89710998535156,-0.039552792341212,2.6822143183957,-4.116956616998968,-3.679192762028868,-1.926459248976951,1.338644561280608,-0.0970836571114311,3.964018760414994,-0.4437652499795718,1.3245560549963646
95.0,234.0,129.89710998535156,-0.0395527935257084,2.682214317895068,-4.116956616998905,-3.679192762028772,-1.9264592489769523,1.3386445612796798,-0.0970836571113839,3.964027585452006,-0.4437652499837168,1.3245572681842914
95.0,234.0,129.89710998535156,-0.0395527935257084,2.682214317895068,-4.116956616998905,-3.679192762028772,-1.9264592489769368,1.3386445612835145,-0.0970836571113839,3.964025513214601,-0.4437652499837168,1.3245572681842914
95.0,234.0,129.89710998535156,-0.0395527935257084,2.682214317895068,-4.116956616998905,-3.679192762021472,-1.9264592489769523,1.3386445612796798,-0.097083657111385,3.9640278686343215,-0.4437652499796763,1.3245572681842914
95.0,234.0,129.89710998535156,-0.0395527935562782,2.682214318396138,-4.116956616998968,-3.679192762028868,-1.926459248976948,1.338644561280608,-0.0970836571114283,3.964018760414994,-0.4437652499795718,1.3245560549963646
95.0,234.0,129.89710998535156,-0.0395527935257084,2.682214317895068,-4.116956616998905,-3.679192762028772,-1.9264592489769523,1.3386445612834588,-0.0970836571113839,3.964027585452006,-0.4437652499837168,1.3245572681842914
95.0,234.0,129.89710998535156,-0.0395527923848426,2.6822143184382314,-4.116956616998928,-3.67919276202885,-1.926459248976951,1.3386445612805875,-0.0970836571113084,3.9640165162543353,-0.4437652499795718,1.3245560549963646
95.0,234.0,129.89710998535156,-0.0395527934500173,2.6822143178956432,-4.116956616998927,-3.679192762028772,-1.9264592489769523,1.338644561280897,-0.0970836571113839,3.964016118054351,-0.4437652499837168,1.3245561024348156
95.0,234.0,129.89710998535156,-0.039552792341212,2.6822143183957,-4.116956616998968,-3.679192762028868,-1.926459248976951,1.338644561280608,-0.0970836571114311,3.964018760414994,-0.4437652499795718,1.3245571675244587
95.0,234.0,129.89710998535156,-0.0395527935810459,2.682214318396147,-4.116956616998968,-3.679192762028868,-1.926459248976951,1.338644561280608,-0.0970836571114311,3.964018760414994,-0.4437652499795718,1.3245560549963646
95.0,234.0,129.89710998535156,-0.0395527935257084,2.682214317895068,-4.116956616998905,-3.679192762028772,-1.9264592489769523,1.3386445612797488,-0.0970836571113839,3.964027585452006,-0.4437652499837168,1.3245572681842914
95.0,234.0,129.89710998535156,-0.0395527924605337,2.682214318437656,-4.116956616998905,-3.67919276202885,-1.926459248976951,1.3386445612831497,-0.0970836571113084,3.96402798365199,-0.4437652499795718,1.3245572207458407
95.0,234.0,129.89710998535156,-0.0395527935257084,2.682214317895068,-4.116956616998905,-3.679192762028772,-1.9264592489769523,1.3386445612796798,-0.0970836571113839,3.964027585452006,-0.443765249983757,1.3245572681842914
95.0,234.0,129.89710998535156,-0.0395527935257084,2.682214317908473,-4.116956616998966,-3.679192762020627,-1.9264592489769523,1.338644561279718,-0.097083657111385,3.964028902383181,-0.443765249979685,1.3245572681842914
95.0,234.0,129.89710998535156,-0.0395527935959355,2.682214318391905,-4.116956616998968,-3.679192762028868,-1.926459248976951,1.338644561280608,-0.0970836571114311,3.9640187592578,-0.4437652499795718,1.3245571675244587
95.0,234.0,129.89710998535156,-0.0395527935257084,2.682214317895068,-4.116956616998905,-3.679192762028772,-1.926459248976953,1.338644561279754,-0.0970836571113839,3.964025608741061,-0.4437652499837168,1.3245572681842914
95.0,234.0,129.89710998535156,-0.0395527924258673,2.6822143184474,-4.116956616998964,-3.6791927620103935,-1.926459248976931,1.338644561281194,-0.0970836571099844,3.96405071719756,-0.4437652499795589,1.324576116982443
95.0,234.0,129.89710998535156,-0.0395527935562782,2.682214318372004,-4.116956616998968,-3.679192762028868,-1.926459248976948,1.338644561280608,-0.0970836571114297,3.9640188878398304,-0.4437652499795718,1.3245560549963646
95.0,234.0,129.89710998535156,-0.0395527935257084,2.682214318457321,-4.116956616998906,-3.679192762028772,-1.9264592489769523,1.3386445612805895,-0.0970836571113839,3.9640275045198528,-0.4437652499837168,1.3245572681842914
95.0,234.0,129.89710998535156,-0.0395527935810459,2.682214318355581,-4.116956616998968,-3.679192762028868,-1.926459248976951,1.338644561280608,-0.0970836571113834,3.964027130832378,-0.4437652499795254,1.3245560549963646
95.0,234.0,129.89710998535156,-0.0395527935257084,2.682214317895068,-4.116956616998905,-3.679192762028772,-1.9264592489769363,1.3386445612834403,-0.0970836571113839,3.9640274899255457,-0.4437652499837168,1.3245572681842914
95.0,234.0,129.89710998535156,-0.039552792341212,2.682214317870612,-4.1169566169989045,-3.679192762028868,-1.926459248976951,1.3386445612796911,-0.0970836571114311,3.964018890123861,-0.4437652499795708,1.3245573229239114
95.0,234.0,129.89710998535156,-0.0395527935257084,2.682214317881929,-4.116956616998905,-3.679192762028285,-1.9264592489769363,1.3386445612834403,-0.0970836571113794,3.9640274899255457,-0.4437652499837168,1.3245572681842914
95.0,234.0,129.89710998535156,-0.0395527934942237,2.6822143178990063,-4.116956616998928,-3.679192762028772,-1.9264592489769523,1.3386445612796818,-0.0970836571113839,3.964027585452006,-0.4437652499837168,1.3245572681842914
95.0,234.0,129.89710998535156,-0.0395527936047669,2.682214318355581,-4.116956616998968,-3.679192762028868,-1.926459248976951,1.338644561280608,-0.0970836571113834,3.964027130832378,-0.443765249979574,1.3245560549963646
95.0,235.0,129.89706420898438,-0.0395527923230091,2.6822143178956432,-4.116956616998927,-3.68003182988933,-1.9264592489769523,1.338644561280897,-0.0970836571113839,3.964016118054351,-0.4437652499837168,1.3245561024348156
95.0,235.0,129.89706420898438,-0.039552792322995,2.6822143178956432,-4.116956616998927,-3.68003133298592,-1.9264592489769523,1.3386445612809466,-0.0970836571113839,3.964016118054351,-0.4437652499837168,1.3245561024348156
95.0,235.0,129.89707946777344,-0.0395527923239245,2.682214317896225,-4.116956616998959,-3.680095704489377,-1.9264592489769523,1.338644561279718,-0.097083657111385,3.964029128136485,-0.44376524998363,1.324554122838833
95.0,235.0,129.89707946777344,-0.039552792310517,2.682214317838831,-4.116956616998964,-3.680104326158316,-1.9264592489769523,1.3386445612835407,-0.097083657111385,3.964028902383181,-0.4437652499836562,1.3245539259034964
95.0,235.0,129.89707946777344,-0.039552792310517,2.682214317838898,-4.116956616998964,-3.680130012905473,-1.9264592489769523,1.338644561280867,-0.097083657111385,3.964028902383181,-0.4437652499839634,1.3245539240038755
95.0,235.0,129.89707946777344,-0.0395527923239245,2.682214317896225,-4.116956616998959,-3.680098648546263,-1.9264592489769523,1.338644561279718,-0.097083657111385,3.964028900140282,-0.44376524998363,1.324554122838833
95.0,235.0,129.89707946777344,-0.0395527934384572,2.6822143178963342,-4.11695661699896,-3.680095704489377,-1.9264592489769523,1.338644561279718,-0.097083657111385,3.9640289000990574,-0.4437652499836275,1.324554122838833
95.0,235.0,129.89707946777344,-0.0395527924469507,2.682214317838898,-4.1169566169989045,-3.680097900313208,-1.9264592489769523,1.3386445612797633,-0.097083657111385,3.9640288417382017,-0.4437652499839654,1.3245573310438896
95.0,235.0,129.89707946777344,-0.039552792310517,2.682214317838831,-4.116956616998964,-3.680104326158316,-1.9264592489769368,1.3386445612835458,-0.097083657111385,3.964023668568251,-0.4437652499839616,1.324554133003865
95.0,235.0,129.89707946777344,-0.039552792444986,2.682214317896225,-4.116956616998959,-3.680098648546263,-1.9264592489769523,1.33864456128291,-0.097083657111385,3.9640288971885536,-0.44376524998363,1.324554122838833
95.0,235.0,129.89707946777344,-0.0395527923239387,2.682214317896225,-4.116956616998959,-3.680096201392786,-1.9264592489769523,1.3386445612796685,-0.097083657111385,3.964029128136485,-0.44376524998363,1.324554122838833
95.0,235.0,129.8970947265625,-0.0395527935347949,2.682214317895068,-4.116956616998905,-3.679192762034077,-1.9264592489769368,1.3386445612811526,-0.0970836571113839,3.9640236072156094,-0.4437652499839535,1.3245541258069862
95.0,235.0,129.8970947265625,-0.0395527935347596,2.682214317896225,-4.116956616998964,-3.679192762020627,-1.9264592489769523,1.338644561279718,-0.097083657111385,3.964028902383181,-0.4437652499834887,1.324554122838833
95.0,235.0,129.8970947265625,-0.0395527935347741,2.682214317882058,-4.116956616998905,-3.679192762033984,-1.9264592489769368,1.3386445612808686,-0.0970836571113839,3.964023744892809,-0.4437652499839588,1.3245541258069862
95.0,235.0,129.8970947265625,-0.0395527935347596,2.682214318940193,-4.116956616998964,-3.679192762028928,-1.9264592489769523,1.3386445612835407,-0.097083657111385,3.964028902383181,-0.4437652499836562,1.3245539261589594
95.0,235.0,129.8970947265625,-0.0395527936044023,2.6822143178920235,-4.116956616998964,-3.679192762029433,-1.9264592489769523,1.33864456127974,-0.097083657111385,3.964028902383181,-0.4437652499835032,1.324554122838833
95.0,235.0,129.8970947265625,-0.0395527935341893,2.682214317895068,-4.116956616998905,-3.6791927620339777,-1.926459248976952,1.3386445612796125,-0.0970836571113839,3.964023591460262,-0.4437652499839535,1.324554051095886
95.0,235.0,129.8970947265625,-0.0395527924163884,2.682214318940193,-4.116956616998964,-3.679192762028928,-1.9264592489769523,1.3386445612835407,-0.097083657111385,3.964028902383181,-0.4437652499836562,1.3245539261589594
95.0,235.0,129.8970947265625,-0.039552792346598,2.682214317896225,-4.116956616998959,-3.679193360239588,-1.9264592489769523,1.3386445612797166,-0.097083657111385,3.964029147835464,-0.4437652499836284,1.324554122838833
95.0,235.0,129.8970947265625,-0.0395527935347596,2.682214317899076,-4.1169566169989285,-3.67919276202888,-1.9264592489769523,1.338644561279716,-0.097083657111385,3.964028902383181,-0.4437652499834791,1.324554122838833
95.0,235.0,129.8970947265625,-0.0395527935347596,2.6822143178590845,-4.116956616998964,-3.679192762028928,-1.9264592489769523,1.3386445612835407,-0.097083657111385,3.964028902383181,-0.4437652499836483,1.3245539261589594
95.0,235.0,129.8970947265625,-0.0395527924607781,2.6822143184364857,-4.116956616998964,-3.679192762028928,-1.9264592489769523,1.3386445612831406,-0.097083657111385,3.9640279898257975,-0.4437652499836562,1.3245539261589594
95.0,235.0,129.8970947265625,-0.0395527935341893,2.682214317895068,-4.116956616998905,-3.679192762033981,-1.926459248976952,1.3386445612796125,-0.0970836571113839,3.9640233667834863,-0.4437652499839535,1.324554212474205
95.0,235.0,129.8970947265625,-0.0395527922835885,2.682214317896225,-4.116956616998959,-3.680095704489377,-1.9264592489769523,1.338644561279718,-0.0970836571113858,3.9640186965375888,-0.44376524998363,1.3245559891033836
95.0,235.0,129.8970947265625,-0.0395527936044023,2.682214317892005,-4.116956616998964,-3.679192762029433,-1.9264592489769523,1.33864456127974,-0.097083657111385,3.964025364409054,-0.4437652499835032,1.324554122838833
95.0,235.0,129.8970947265625,-0.039552792346598,2.682214317896225,-4.116956616998959,-3.679193360239588,-1.9264592489769523,1.3386445612797166,-0.097083657111385,3.964029147835464,-0.4437652499836284,1.324554122838833
95.0,235.0,129.8970947265625,-0.0395527935348489,2.682214317895068,-4.116956616998905,-3.679192762028772,-1.9264592489769523,1.338644561279685,-0.0970836571113839,3.964023990365399,-0.4437652499839625,1.3245539275500435
95.0,235.0,129.8970947265625,-0.039552792346598,2.682214317896225,-4.116956616998959,-3.679193360239588,-1.9264592489769523,1.3386445612797166,-0.097083657111385,3.964029147835464,-0.4437652499836284,1.324554122838833
95.0,235.0,129.8970947265625,-0.0395527935966142,2.682214318372004,-4.116956616998968,-3.679192762028868,-1.926459248976948,1.338644561280608,-0.097083657111429,3.964029319438726,-0.4437652499795718,1.324554188731814
95.0,235.0,129.8970947265625,-0.0395527935810459,2.682214318396147,-4.116956616998963,-3.679192762029426,-1.926459248976938,1.338644561280608,-0.097083657111384,3.964023419874812,-0.4437652499795718,1.3245540511486702
95.0,235.0,129.8970947265625,-0.0395527936044023,2.6822143178920235,-4.116956616998964,-3.679192762029433,-1.9264592489769523,1.33864456127974,-0.097083657111385,3.9640289107088376,-0.4437652499835032,1.324554122838833
95.0,235.0,129.8970947265625,-0.0395527935341893,2.682214317895068,-4.116956616998966,-3.679192762034021,-1.926459248976952,1.3386445612796125,-0.0970836571113839,3.964023591460262,-0.4437652499839639,1.324553929778146
95.0,235.0,129.8970947265625,-0.039552792346598,2.6822143178406206,-4.116956616998959,-3.679193360239588,-1.9264592489769523,1.338644561279642,-0.097083657111385,3.964029147835464,-0.4437652499836284,1.324553946471534
95.0,235.0,129.8970947265625,-0.0395527923530082,2.682214317896433,-4.11695661699896,-3.679193360239588,-1.9264592489769523,1.3386445612797166,-0.097083657111385,3.9640275466615287,-0.4437652499836284,1.324554122838833
95.0,235.0,129.8970947265625,-0.0395527936044023,2.6822143178920235,-4.116956616998964,-3.679192762029433,-1.9264592489769523,1.33864456127974,-0.097083657111385,3.9640289107088376,-0.4437652499835032,1.324554122838833
95.0,235.0,129.8970947265625,-0.0395527924607781,2.6822143184364857,-4.116956616998964,-3.679193359814896,-1.9264592489769523,1.3386445612831406,-0.097083657111385,3.964028007093031,-0.4437652499836562,1.3245539261589594
95.0,235.0,129.8970947265625,-0.0395527923511195,2.6822143178920235,-4.116956616998964,-3.679192702504984,-1.9264592489769523,1.3386445612797395,-0.097083657111385,3.9640289107088376,-0.4437652499835027,1.324554122838833
95.0,235.0,129.8970947265625,-0.0395527935347596,2.6822143178974267,-4.116956616998964,-3.679192762028928,-1.9264592489769523,1.3386445612839608,-0.097083657111385,3.9640287190385446,-0.4437652499836483,1.3245539261589594
95.0,235.0,129.8970947265625,-0.0395527935341893,2.682214317895068,-4.116956616998905,-3.679192762028869,-1.926459248976952,1.3386445612796125,-0.0970836571113839,3.9640233667834863,-0.4437652499839535,1.324554212474205
95.0,235.0,129.8970947265625,-0.0395527923854526,2.682214318940193,-4.116956616998964,-3.679192762028928,-1.9264592489769523,1.3386445612834468,-0.097083657111385,3.964028890803061,-0.4437652499836562,1.3245539261589594
95.0,235.0,129.8970947265625,-0.0395527935347949,2.682214317895068,-4.116956616998905,-3.679192762034077,-1.9264592489769523,1.3386445612811475,-0.0970836571113839,3.96402884103054,-0.4437652499836481,1.3245539187066175
95.0,235.0,129.8970947265625,-0.0395527935347596,2.6822143178590845,-4.116956616998964,-3.679192762028928,-1.9264592489769523,1.3386445612835407,-0.097083657111385,3.964028902383181,-0.4437652499836483,1.3245539261589594
95.0,235.0,129.89710998535156,-0.039552792341212,2.6822143183957,-4.116956616998968,-3.679192762028868,-1.926459248976951,1.338644561280608,-0.0970836571114311,3.964018760414994,-0.4437652499795718,1.3245560549963646
95.0,235.0,129.89710998535156,-0.0395527935257084,2.682214317895068,-4.116956616998905,-3.679192762028772,-1.9264592489769523,1.3386445612796798,-0.0970836571113839,3.964027585452006,-0.4437652499837168,1.3245572681842914
95.0,235.0,129.89710998535156,-0.0395527935257084,2.682214317895068,-4.116956616998905,-3.679192762028772,-1.9264592489769368,1.3386445612835145,-0.0970836571113839,3.964025513214601,-0.4437652499837168,1.3245572681842914
95.0,235.0,129.89710998535156,-0.0395527935257084,2.682214317895068,-4.116956616998905,-3.679192762021472,-1.9264592489769523,1.3386445612796798,-0.097083657111385,3.9640278686343215,-0.4437652499796763,1.3245572681842914
95.0,235.0,129.89710998535156,-0.0395527935562782,2.682214318396138,-4.116956616998968,-3.679192762028868,-1.926459248976948,1.338644561280608,-0.0970836571114283,3.964018760414994,-0.4437652499795718,1.3245560549963646
95.0,235.0,129.89710998535156,-0.0395527935257084,2.682214317895068,-4.116956616998905,-3.679192762028772,-1.9264592489769523,1.3386445612834588,-0.0970836571113839,3.964027585452006,-0.4437652499837168,1.3245572681842914
95.0,235.0,129.89710998535156,-0.0395527923848426,2.6822143184382314,-4.116956616998928,-3.67919276202885,-1.926459248976951,1.3386445612805875,-0.0970836571113084,3.9640165162543353,-0.4437652499795718,1.3245560549963646
95.0,235.0,129.89710998535156,-0.0395527934500173,2.6822143178956432,-4.116956616998927,-3.679192762028772,-1.9264592489769523,1.338644561280897,-0.0970836571113839,3.964016118054351,-0.4437652499837168,1.3245561024348156
95.0,236.0,129.89706420898438,-0.0395527923230091,2.6822143178956432,-4.116956616998927,-3.68003182988933,-1.9264592489769523,1.338644561280897,-0.0970836571113839,3.964016118054351,-0.4437652499837168,1.3245561024348156
95.0,236.0,129.89706420898438,-0.039552792322995,2.6822143178956432,-4.116956616998927,-3.68003133298592,-1.9264592489769523,1.3386445612809466,-0.0970836571113839,3.964016118054351,-0.4437652499837168,1.3245561024348156
95.0,236.0,129.89707946777344,-0.0395527923239245,2.682214317896225,-4.116956616998959,-3.680095704489377,-1.9264592489769523,1.338644561279718,-0.097083657111385,3.964029128136485,-0.44376524998363,1.324554122838833
95.0,236.0,129.89707946777344,-0.039552792310517,2.682214317838831,-4.116956616998964,-3.680104326158316,-1.9264592489769523,1.3386445612835407,-0.097083657111385,3.964028902383181,-0.4437652499836562,1.3245539259034964
95.0,236.0,129.89707946777344,-0.039552792310517,2.682214317838898,-4.116956616998964,-3.680130012905473,-1.9264592489769523,1.338644561280867,-0.097083657111385,3.964028902383181,-0.4437652499839634,1.3245539240038755
95.0,236.0,129.89707946777344,-0.0395527923239245,2.682214317896225,-4.116956616998959,-3.680098648546263,-1.9264592489769523,1.338644561279718,-0.097083657111385,3.964028900140282,-0.44376524998363,1.324554122838833
95.0,236.0,129.89707946777344,-0.0395527934384572,2.6822143178963342,-4.11695661699896,-3.680095704489377,-1.9264592489769523,1.338644561279718,-0.097083657111385,3.9640289000990574,-0.4437652499836275,1.324554122838833
95.0,236.0,129.89707946777344,-0.0395527924469507,2.682214317838898,-4.1169566169989045,-3.680097900313208,-1.9264592489769523,1.3386445612797633,-0.097083657111385,3.9640288417382017,-0.4437652499839654,1.3245573310438896
95.0,236.0,129.89707946777344,-0.039552792310517,2.682214317838831,-4.116956616998964,-3.680104326158316,-1.9264592489769368,1.3386445612835458,-0.097083657111385,3.964023668568251,-0.4437652499839616,1.324554133003865
95.0,236.0,129.89707946777344,-0.039552792444986,2.682214317896225,-4.116956616998959,-3.680098648546263,-1.9264592489769523,1.33864456128291,-0.097083657111385,3.9640288971885536,-0.44376524998363,1.324554122838833
95.0,236.0,129.89707946777344,-0.0395527923239387,2.682214317896225,-4.116956616998959,-3.680096201392786,-1.9264592489769523,1.3386445612796685,-0.097083657111385,3.964029128136485,-0.44376524998363,1.324554122838833
95.0,236.0,129.89707946777344,-0.0395527935634659,2.6822143178565074,-4.116956616998964,-3.680099286999214,-1.9264592489769523,1.3386445612835407,-0.097083657111385,3.964028902383181,-0.4437652499836483,1.3245539229099876
95.0,236.0,129.89707946777344,-0.0395527924469507,2.6822143178388984,-4.1169566169989045,-3.6801035288489663,-1.9264592489769523,1.3386445612796185,-0.097083657111385,3.9640289023331183,-0.4437652499839686,1.3245574312034798
95.0,236.0,129.89707946777344,-0.0395527935193705,2.682214317882058,-4.116956616998905,-3.68010433448544,-1.9264592489769368,1.3386445612797055,-0.0970836571113839,3.9640235742322703,-0.4437652499839588,1.3245541228478657
95.0,236.0,129.89707946777344,-0.039552792310517,2.682214317838831,-4.116956616998964,-3.680098697622558,-1.9264592489769523,1.3386445612836857,-0.097083657111385,3.964028841788264,-0.443765249983653,1.3245538257439062
95.0,236.0,129.89707946777344,-0.0395527923220572,2.682214317838898,-4.1169566169989045,-3.680097900313208,-1.9264592489769523,1.338644561279763,-0.097083657111385,3.964029107075993,-0.4437652499839654,1.3245573310438896
95.0,236.0,129.89707946777344,-0.039552792310517,2.682214317782371,-4.116956616998964,-3.680104326158316,-1.9264592489769528,1.3386445612835458,-0.097083657111385,3.9640295997633856,-0.4437652499839616,1.324554133003865
95.0,236.0,129.89707946777344,-0.0395527935261539,2.6822143178963342,-4.116956616998928,-3.680095704489377,-1.9264592489769523,1.338644561279718,-0.097083657111385,3.9640289000990574,-0.4437652499834861,1.324554122838833
95.0,236.0,129.8970947265625,-0.0395527935347949,2.682214317895068,-4.116956616998905,-3.679192762034077,-1.9264592489769368,1.3386445612811526,-0.0970836571113839,3.9640236072156094,-0.4437652499839535,1.3245541258069862
95.0,236.0,129.8970947265625,-0.0395527935347596,2.682214317896225,-4.116956616998964,-3.679192762020627,-1.9264592489769523,1.338644561279718,-0.097083657111385,3.964028902383181,-0.4437652499834887,1.324554122838833
95.0,236.0,129.8970947265625,-0.0395527935347741,2.682214317882058,-4.116956616998905,-3.679192762033984,-1.9264592489769368,1.3386445612808686,-0.0970836571113839,3.964023744892809,-0.4437652499839588,1.3245541258069862
95.0,236.0,129.8970947265625,-0.0395527935347596,2.682214318940193,-4.116956616998964,-3.679192762028928,-1.9264592489769523,1.3386445612835407,-0.097083657111385,3.964028902383181,-0.4437652499836562,1.3245539261589594
95.0,236.0,129.8970947265625,-0.0395527936044023,2.6822143178920235,-4.116956616998964,-3.679192762029433,-1.9264592489769523,1.33864456127974,-0.097083657111385,3.964028902383181,-0.4437652499835032,1.324554122838833
95.0,236.0,129.8970947265625,-0.0395527935341893,2.682214317895068,-4.116956616998905,-3.6791927620339777,-1.926459248976952,1.3386445612796125,-0.0970836571113839,3.964023591460262,-0.4437652499839535,1.324554051095886
95.0,236.0,129.8970947265625,-0.0395527924163884,2.682214318940193,-4.116956616998964,-3.679192762028928,-1.9264592489769523,1.3386445612835407,-0.097083657111385,3.964028902383181,-0.4437652499836562,1.3245539261589594
95.0,236.0,129.8970947265625,-0.039552792346598,2.682214317896225,-4.116956616998959,-3.679193360239588,-1.9264592489769523,1.3386445612797166,-0.097083657111385,3.964029147835464,-0.4437652499836284,1.324554122838833
95.0,236.0,129.8970947265625,-0.0395527935347596,2.682214317899076,-4.1169566169989285,-3.67919276202888,-1.9264592489769523,1.338644561279716,-0.097083657111385,3.964028902383181,-0.4437652499834791,1.324554122838833
95.0,236.0,129.8970947265625,-0.0395527935347596,2.6822143178590845,-4.116956616998964,-3.679192762028928,-1.9264592489769523,1.3386445612835407,-0.097083657111385,3.964028902383181,-0.4437652499836483,1.3245539261589594
95.0,236.0,129.8970947265625,-0.0395527924607781,2.6822143184364857,-4.116956616998964,-3.679192762028928,-1.9264592489769523,1.3386445612831406,-0.097083657111385,3.9640279898257975,-0.4437652499836562,1.3245539261589594
95.0,236.0,129.8970947265625,-0.0395527935341893,2.682214317895068,-4.116956616998905,-3.679192762033981,-1.926459248976952,1.3386445612796125,-0.0970836571113839,3.9640233667834863,-0.4437652499839535,1.324554212474205
95.0,236.0,129.8970947265625,-0.0395527922835885,2.682214317896225,-4.116956616998959,-3.680095704489377,-1.9264592489769523,1.338644561279718,-0.0970836571113858,3.9640186965375888,-0.44376524998363,1.3245559891033836
95.0,236.0,129.8970947265625,-0.0395527936044023,2.682214317892005,-4.116956616998964,-3.679192762029433,-1.9264592489769523,1.33864456127974,-0.097083657111385,3.964025364409054,-0.4437652499835032,1.324554122838833
95.0,236.0,129.8970947265625,-0.039552792346598,2.682214317896225,-4.116956616998959,-3.679193360239588,-1.9264592489769523,1.3386445612797166,-0.097083657111385,3.964029147835464,-0.4437652499836284,1.324554122838833
95.0,236.0,129.8970947265625,-0.0395527935348489,2.682214317895068,-4.116956616998905,-3.679192762028772,-1.9264592489769523,1.338644561279685,-0.0970836571113839,3.964023990365399,-0.4437652499839625,1.3245539275500435
95.0,236.0,129.8970947265625,-0.039552792346598,2.682214317896225,-4.116956616998959,-3.679193360239588,-1.9264592489769523,1.3386445612797166,-0.097083657111385,3.964029147835464,-0.4437652499836284,1.324554122838833
95.0,236.0,129.8970947265625,-0.0395527935966142,2.682214318372004,-4.116956616998968,-3.679192762028868,-1.926459248976948,1.338644561280608,-0.097083657111429,3.964029319438726,-0.4437652499795718,1.324554188731814
95.0,236.0,129.8970947265625,-0.0395527935810459,2.682214318396147,-4.116956616998963,-3.679192762029426,-1.926459248976938,1.338644561280608,-0.097083657111384,3.964023419874812,-0.4437652499795718,1.3245540511486702
95.0,236.0,129.8970947265625,-0.0395527936044023,2.6822143178920235,-4.116956616998964,-3.679192762029433,-1.9264592489769523,1.33864456127974,-0.097083657111385,3.9640289107088376,-0.4437652499835032,1.324554122838833
95.0,236.0,129.8970947265625,-0.0395527935341893,2.682214317895068,-4.116956616998966,-3.679192762034021,-1.926459248976952,1.3386445612796125,-0.0970836571113839,3.964023591460262,-0.4437652499839639,1.324553929778146
95.0,236.0,129.8970947265625,-0.039552792346598,2.6822143178406206,-4.116956616998959,-3.679193360239588,-1.9264592489769523,1.338644561279642,-0.097083657111385,3.964029147835464,-0.4437652499836284,1.324553946471534
95.0,236.0,129.8970947265625,-0.0395527923530082,2.682214317896433,-4.11695661699896,-3.679193360239588,-1.9264592489769523,1.3386445612797166,-0.097083657111385,3.9640275466615287,-0.4437652499836284,1.324554122838833
95.0,236.0,129.8970947265625,-0.0395527936044023,2.6822143178920235,-4.116956616998964,-3.679192762029433,-1.9264592489769523,1.33864456127974,-0.097083657111385,3.9640289107088376,-0.4437652499835032,1.324554122838833
95.0,236.0,129.8970947265625,-0.0395527924607781,2.6822143184364857,-4.116956616998964,-3.679193359814896,-1.9264592489769523,1.3386445612831406,-0.097083657111385,3.964028007093031,-0.4437652499836562,1.3245539261589594
95.0,236.0,129.8970947265625,-0.0395527923511195,2.6822143178920235,-4.116956616998964,-3.679192702504984,-1.9264592489769523,1.3386445612797395,-0.097083657111385,3.9640289107088376,-0.4437652499835027,1.324554122838833
95.0,236.0,129.8970947265625,-0.0395527935347596,2.6822143178974267,-4.116956616998964,-3.679192762028928,-1.9264592489769523,1.3386445612839608,-0.097083657111385,3.9640287190385446,-0.4437652499836483,1.3245539261589594
95.0,236.0,129.8970947265625,-0.0395527935341893,2.682214317895068,-4.116956616998905,-3.679192762028869,-1.926459248976952,1.3386445612796125,-0.0970836571113839,3.9640233667834863,-0.4437652499839535,1.324554212474205
95.0,236.0,129.8970947265625,-0.0395527923854526,2.682214318940193,-4.116956616998964,-3.679192762028928,-1.9264592489769523,1.3386445612834468,-0.097083657111385,3.964028890803061,-0.4437652499836562,1.3245539261589594
95.0,236.0,129.8970947265625,-0.0395527935347949,2.682214317895068,-4.116956616998905,-3.679192762034077,-1.9264592489769523,1.3386445612811475,-0.0970836571113839,3.96402884103054,-0.4437652499836481,1.3245539187066175
95.0,236.0,129.8970947265625,-0.0395527935347596,2.6822143178590845,-4.116956616998964,-3.679192762028928,-1.9264592489769523,1.3386445612835407,-0.097083657111385,3.964028902383181,-0.4437652499836483,1.3245539261589594
95.0,236.0,129.8970947265625,-0.0395527936044023,2.6822143178920235,-4.116956616998964,-3.679196966076815,-1.9264592489769523,1.33864456127974,-0.097083657111385,3.964028902383181,-0.4437652499836271,1.3245540387952155
95.0,237.0,129.89706420898438,-0.0395527923230091,2.6822143178956432,-4.116956616998927,-3.68003182988933,-1.9264592489769523,1.338644561280897,-0.0970836571113839,3.964016118054351,-0.4437652499837168,1.3245561024348156
95.0,237.0,129.89706420898438,-0.039552792322995,2.6822143178956432,-4.116956616998927,-3.68003133298592,-1.9264592489769523,1.3386445612809466,-0.0970836571113839,3.964016118054351,-0.4437652499837168,1.3245561024348156
95.0,237.0,129.89706420898438,-0.0395527923229732,2.6822143178956432,-4.116956616998927,-3.68003133298592,-1.9264592489769523,1.3386445612808429,-0.0970836571113839,3.964016118054351,-0.4437652499837168,1.3245561695265655
95.0,237.0,129.89706420898438,-0.0395527923230091,2.6822143178963214,-4.116956616998927,-3.680031628442237,-1.9264592489769523,1.3386445612808868,-0.0970836571113839,3.964016118054351,-0.4437652499834767,1.3245561561998636
95.0,237.0,129.89707946777344,-0.0395527923239245,2.682214317896225,-4.116956616998959,-3.680095704489377,-1.9264592489769523,1.338644561279718,-0.097083657111385,3.964029128136485,-0.44376524998363,1.324554122838833
95.0,237.0,129.89707946777344,-0.039552792310517,2.682214317838831,-4.116956616998964,-3.680104326158316,-1.9264592489769523,1.3386445612835407,-0.097083657111385,3.964028902383181,-0.4437652499836562,1.3245539259034964
95.0,237.0,129.89707946777344,-0.039552792310517,2.682214317838898,-4.116956616998964,-3.680130012905473,-1.9264592489769523,1.338644561280867,-0.097083657111385,3.964028902383181,-0.4437652499839634,1.3245539240038755
95.0,237.0,129.89707946777344,-0.0395527923239245,2.682214317896225,-4.116956616998959,-3.680098648546263,-1.9264592489769523,1.338644561279718,-0.097083657111385,3.964028900140282,-0.44376524998363,1.324554122838833
95.0,237.0,129.89707946777344,-0.0395527934384572,2.6822143178963342,-4.11695661699896,-3.680095704489377,-1.9264592489769523,1.338644561279718,-0.097083657111385,3.9640289000990574,-0.4437652499836275,1.324554122838833
95.0,237.0,129.89707946777344,-0.0395527924469507,2.682214317838898,-4.1169566169989045,-3.680097900313208,-1.9264592489769523,1.3386445612797633,-0.097083657111385,3.9640288417382017,-0.4437652499839654,1.3245573310438896
95.0,237.0,129.89707946777344,-0.039552792310517,2.682214317838831,-4.116956616998964,-3.680104326158316,-1.9264592489769368,1.3386445612835458,-0.097083657111385,3.964023668568251,-0.4437652499839616,1.324554133003865
95.0,237.0,129.89707946777344,-0.039552792444986,2.682214317896225,-4.116956616998959,-3.680098648546263,-1.9264592489769523,1.33864456128291,-0.097083657111385,3.9640288971885536,-0.44376524998363,1.324554122838833
95.0,237.0,129.89707946777344,-0.0395527923239387,2.682214317896225,-4.116956616998959,-3.680096201392786,-1.9264592489769523,1.3386445612796685,-0.097083657111385,3.964029128136485,-0.44376524998363,1.324554122838833
95.0,237.0,129.89707946777344,-0.0395527935634659,2.6822143178565074,-4.116956616998964,-3.680099286999214,-1.9264592489769523,1.3386445612835407,-0.097083657111385,3.964028902383181,-0.4437652499836483,1.3245539229099876
95.0,237.0,129.89707946777344,-0.0395527924469507,2.6822143178388984,-4.1169566169989045,-3.6801035288489663,-1.9264592489769523,1.3386445612796185,-0.097083657111385,3.9640289023331183,-0.4437652499839686,1.3245574312034798
95.0,237.0,129.89707946777344,-0.0395527935193705,2.682214317882058,-4.116956616998905,-3.68010433448544,-1.9264592489769368,1.3386445612797055,-0.0970836571113839,3.9640235742322703,-0.4437652499839588,1.3245541228478657
95.0,237.0,129.89707946777344,-0.039552792310517,2.682214317838831,-4.116956616998964,-3.680098697622558,-1.9264592489769523,1.3386445612836857,-0.097083657111385,3.964028841788264,-0.443765249983653,1.3245538257439062
95.0,237.0,129.89707946777344,-0.0395527923220572,2.682214317838898,-4.1169566169989045,-3.680097900313208,-1.9264592489769523,1.338644561279763,-0.097083657111385,3.964029107075993,-0.4437652499839654,1.3245573310438896
95.0,237.0,129.89707946777344,-0.039552792310517,2.682214317782371,-4.116956616998964,-3.680104326158316,-1.9264592489769528,1.3386445612835458,-0.097083657111385,3.9640295997633856,-0.4437652499839616,1.324554133003865
95.0,237.0,129.89707946777344,-0.0395527935261539,2.6822143178963342,-4.116956616998928,-3.680095704489377,-1.9264592489769523,1.338644561279718,-0.097083657111385,3.9640289000990574,-0.4437652499834861,1.324554122838833
95.0,237.0,129.89707946777344,-0.0395527923669292,2.682214317838898,-4.1169566169989045,-3.680097900313208,-1.9264592489769523,1.3386445612797633,-0.097083657111385,3.9640288417382017,-0.4437652499834947,1.3245573310438896
95.0,237.0,129.89707946777344,-0.039552792310517,2.682214317839132,-4.116956616998964,-3.680130012905473,-1.9264592489769523,1.338644561280867,-0.097083657111385,3.964028902383181,-0.4437652499839428,1.32455392354306
95.0,237.0,129.89707946777344,-0.0395527935261539,2.682214317895656,-4.116956616998928,-3.6800959059364695,-1.9264592489769523,1.3386445612797282,-0.097083657111385,3.9640289000990574,-0.4437652499837263,1.3245540690737845
95.0,237.0,129.89707946777344,-0.0395527933403932,2.6822143178388984,-4.1169566169989045,-3.6801035288489663,-1.9264592489769523,1.3386445612796185,-0.097083657111385,3.964023710587224,-0.4437652499839686,1.3245540794572652
95.0,237.0,129.89707946777344,-0.0395527935193705,2.682214317882058,-4.116956616998905,-3.68010433448544,-1.9264592489769368,1.3386445612797055,-0.0970836571113839,3.9640235742322703,-0.4437652499839588,1.3245541228478657
95.0,237.0,129.89707946777344,-0.0395527923239245,2.682214317896225,-4.116956616998959,-3.680103998867075,-1.9264592489769523,1.338644561279718,-0.097083657111385,3.964028900140282,-0.4437652499836558,1.324554122838833
95.0,237.0,129.89707946777344,-0.0395527923104155,2.682214317838831,-4.116956616998964,-3.680104326158316,-1.9264592489769523,1.3386445612835407,-0.097083657111385,3.964028902383181,-0.4437652499835024,1.3245541208373095
95.0,237.0,129.89707946777344,-0.0395527935634659,2.6822143178565074,-4.116956616998903,-3.6800978570728176,-1.9264592489769523,1.3386445612835407,-0.097083657111385,3.964028902383181,-0.4437652499836483,1.3245576647789563
95.0,237.0,129.89707946777344,-0.0395527924469507,2.682214317838898,-4.1169566169989045,-3.680097900313208,-1.9264592489769523,1.3386445612797633,-0.097083657111385,3.9640288417382017,-0.4437652499839654,1.3245573310438896
95.0,237.0,129.89707946777344,-0.0395527923239387,2.682214317895757,-4.116956616998959,-3.680096247553172,-1.9264592489769523,1.338644561283699,-0.097083657111385,3.96402911508847,-0.443765249983629,1.324554129749724
95.0,237.0,129.8970947265625,-0.0395527935347949,2.682214317895068,-4.116956616998905,-3.679192762034077,-1.9264592489769368,1.3386445612811526,-0.0970836571113839,3.9640236072156094,-0.4437652499839535,1.3245541258069862
95.0,237.0,129.8970947265625,-0.0395527935347596,2.682214317896225,-4.116956616998964,-3.679192762020627,-1.9264592489769523,1.338644561279718,-0.097083657111385,3.964028902383181,-0.4437652499834887,1.324554122838833
95.0,237.0,129.8970947265625,-0.0395527935347741,2.682214317882058,-4.116956616998905,-3.679192762033984,-1.9264592489769368,1.3386445612808686,-0.0970836571113839,3.964023744892809,-0.4437652499839588,1.3245541258069862
95.0,237.0,129.8970947265625,-0.0395527935347596,2.682214318940193,-4.116956616998964,-3.679192762028928,-1.9264592489769523,1.3386445612835407,-0.097083657111385,3.964028902383181,-0.4437652499836562,1.3245539261589594
95.0,237.0,129.8970947265625,-0.0395527936044023,2.6822143178920235,-4.116956616998964,-3.679192762029433,-1.9264592489769523,1.33864456127974,-0.097083657111385,3.964028902383181,-0.4437652499835032,1.324554122838833
95.0,237.0,129.8970947265625,-0.0395527935341893,2.682214317895068,-4.116956616998905,-3.6791927620339777,-1.926459248976952,1.3386445612796125,-0.0970836571113839,3.964023591460262,-0.4437652499839535,1.324554051095886
95.0,237.0,129.8970947265625,-0.0395527924163884,2.682214318940193,-4.116956616998964,-3.679192762028928,-1.9264592489769523,1.3386445612835407,-0.097083657111385,3.964028902383181,-0.4437652499836562,1.3245539261589594
95.0,237.0,129.8970947265625,-0.039552792346598,2.682214317896225,-4.116956616998959,-3.679193360239588,-1.9264592489769523,1.3386445612797166,-0.097083657111385,3.964029147835464,-0.4437652499836284,1.324554122838833
95.0,237.0,129.8970947265625,-0.0395527935347596,2.682214317899076,-4.1169566169989285,-3.67919276202888,-1.9264592489769523,1.338644561279716,-0.097083657111385,3.964028902383181,-0.4437652499834791,1.324554122838833
95.0,237.0,129.8970947265625,-0.0395527935347596,2.6822143178590845,-4.116956616998964,-3.679192762028928,-1.9264592489769523,1.3386445612835407,-0.097083657111385,3.964028902383181,-0.4437652499836483,1.3245539261589594
95.0,237.0,129.8970947265625,-0.0395527924607781,2.6822143184364857,-4.116956616998964,-3.679192762028928,-1.9264592489769523,1.3386445612831406,-0.097083657111385,3.9640279898257975,-0.4437652499836562,1.3245539261589594
95.0,237.0,129.8970947265625,-0.0395527935341893,2.682214317895068,-4.116956616998905,-3.679192762033981,-1.926459248976952,1.3386445612796125,-0.0970836571113839,3.9640233667834863,-0.4437652499839535,1.324554212474205
95.0,237.0,129.8970947265625,-0.0395527922835885,2.682214317896225,-4.116956616998959,-3.680095704489377,-1.9264592489769523,1.338644561279718,-0.0970836571113858,3.9640186965375888,-0.44376524998363,1.3245559891033836
95.0,237.0,129.8970947265625,-0.0395527936044023,2.682214317892005,-4.116956616998964,-3.679192762029433,-1.9264592489769523,1.33864456127974,-0.097083657111385,3.964025364409054,-0.4437652499835032,1.324554122838833
95.0,237.0,129.8970947265625,-0.039552792346598,2.682214317896225,-4.116956616998959,-3.679193360239588,-1.9264592489769523,1.3386445612797166,-0.097083657111385,3.964029147835464,-0.4437652499836284,1.324554122838833
95.0,237.0,129.8970947265625,-0.0395527935348489,2.682214317895068,-4.116956616998905,-3.679192762028772,-1.9264592489769523,1.338644561279685,-0.0970836571113839,3.964023990365399,-0.4437652499839625,1.3245539275500435
95.0,237.0,129.8970947265625,-0.039552792346598,2.682214317896225,-4.116956616998959,-3.679193360239588,-1.9264592489769523,1.3386445612797166,-0.097083657111385,3.964029147835464,-0.4437652499836284,1.324554122838833
95.0,237.0,129.8970947265625,-0.0395527935966142,2.682214318372004,-4.116956616998968,-3.679192762028868,-1.926459248976948,1.338644561280608,-0.097083657111429,3.964029319438726,-0.4437652499795718,1.324554188731814
95.0,237.0,129.8970947265625,-0.0395527935810459,2.682214318396147,-4.116956616998963,-3.679192762029426,-1.926459248976938,1.338644561280608,-0.097083657111384,3.964023419874812,-0.4437652499795718,1.3245540511486702
95.0,237.0,129.8970947265625,-0.0395527936044023,2.6822143178920235,-4.116956616998964,-3.679192762029433,-1.9264592489769523,1.33864456127974,-0.097083657111385,3.9640289107088376,-0.4437652499835032,1.324554122838833
95.0,238.0,129.8968505859375,-0.0395527923239387,2.682214317896332,-4.116956616998959,-3.680096201392786,-1.9264592489769523,1.3386445612797162,-0.097083657111385,3.964356512703929,-0.4437652499834827,1.324554122838833
95.0,238.0,129.8970489501953,-0.0395527923230091,2.6822143178963214,-4.116956616998927,-3.680031628442237,-1.9264592489769523,1.3386445612834574,-0.0970836571113839,3.9640306562816585,-0.4437652499834767,1.3245561795748806
95.0,238.0,129.8970489501953,-0.0395527935519581,2.6822143178956432,-4.116956616998927,-3.68003182988933,-1.9264592489769523,1.338644561280897,-0.0970836571113839,3.9640291643496735,-0.4437652499837168,1.3245561753996105
95.0,238.0,129.8970489501953,-0.0395527923230091,2.6822143178974214,-4.116956616998965,-3.680034795763581,-1.9264592489769523,1.338644561280897,-0.0970836571113839,3.9640301612975297,-0.4437652499837168,1.324554084400752
95.0,238.0,129.89706420898438,-0.0395527923230091,2.6822143178956432,-4.116956616998927,-3.68003182988933,-1.9264592489769523,1.338644561280897,-0.0970836571113839,3.964016118054351,-0.4437652499837168,1.3245561024348156
95.0,238.0,129.89706420898438,-0.039552792322995,2.6822143178956432,-4.116956616998927,-3.68003133298592,-1.9264592489769523,1.3386445612809466,-0.0970836571113839,3.964016118054351,-0.4437652499837168,1.3245561024348156
95.0,238.0,129.89706420898438,-0.0395527923229732,2.6822143178956432,-4.116956616998927,-3.68003133298592,-1.9264592489769523,1.3386445612808429,-0.0970836571113839,3.964016118054351,-0.4437652499837168,1.3245561695265655
95.0,238.0,129.89706420898438,-0.0395527923230091,2.6822143178963214,-4.116956616998927,-3.680031628442237,-1.9264592489769523,1.3386445612808868,-0.0970836571113839,3.964016118054351,-0.4437652499834767,1.3245561561998636
95.0,238.0,129.89706420898438,-0.0395527922899025,2.6822143178588136,-4.116956616998964,-3.6800768655906615,-1.926459248976952,1.3386445612835407,-0.097083657111385,3.964028883419597,-0.4437652499839632,1.3245539261589594
95.0,238.0,129.89706420898438,-0.0395527923229732,2.6822143178956432,-4.116956616998927,-3.68003133298592,-1.9264592489769523,1.3386445612808429,-0.0970836571113839,3.964016118054351,-0.4437652499837113,1.3245561695265655
95.0,238.0,129.89707946777344,-0.0395527923239245,2.682214317896225,-4.116956616998959,-3.680095704489377,-1.9264592489769523,1.338644561279718,-0.097083657111385,3.964029128136485,-0.44376524998363,1.324554122838833
95.0,238.0,129.89707946777344,-0.039552792310517,2.682214317838831,-4.116956616998964,-3.680104326158316,-1.9264592489769523,1.3386445612835407,-0.097083657111385,3.964028902383181,-0.4437652499836562,1.3245539259034964
95.0,238.0,129.89707946777344,-0.039552792310517,2.682214317838898,-4.116956616998964,-3.680130012905473,-1.9264592489769523,1.338644561280867,-0.097083657111385,3.964028902383181,-0.4437652499839634,1.3245539240038755
95.0,238.0,129.89707946777344,-0.0395527923239245,2.682214317896225,-4.116956616998959,-3.680098648546263,-1.9264592489769523,1.338644561279718,-0.097083657111385,3.964028900140282,-0.44376524998363,1.324554122838833
95.0,238.0,129.89707946777344,-0.0395527934384572,2.6822143178963342,-4.11695661699896,-3.680095704489377,-1.9264592489769523,1.338644561279718,-0.097083657111385,3.9640289000990574,-0.4437652499836275,1.324554122838833
95.0,238.0,129.89707946777344,-0.0395527924469507,2.682214317838898,-4.1169566169989045,-3.680097900313208,-1.9264592489769523,1.3386445612797633,-0.097083657111385,3.9640288417382017,-0.4437652499839654,1.3245573310438896
95.0,238.0,129.89707946777344,-0.039552792310517,2.682214317838831,-4.116956616998964,-3.680104326158316,-1.9264592489769368,1.3386445612835458,-0.097083657111385,3.964023668568251,-0.4437652499839616,1.324554133003865
95.0,238.0,129.89707946777344,-0.039552792444986,2.682214317896225,-4.116956616998959,-3.680098648546263,-1.9264592489769523,1.33864456128291,-0.097083657111385,3.9640288971885536,-0.44376524998363,1.324554122838833
95.0,238.0,129.89707946777344,-0.0395527923239387,2.682214317896225,-4.116956616998959,-3.680096201392786,-1.9264592489769523,1.3386445612796685,-0.097083657111385,3.964029128136485,-0.44376524998363,1.324554122838833
95.0,238.0,129.89707946777344,-0.0395527935634659,2.6822143178565074,-4.116956616998964,-3.680099286999214,-1.9264592489769523,1.3386445612835407,-0.097083657111385,3.964028902383181,-0.4437652499836483,1.3245539229099876
95.0,238.0,129.89707946777344,-0.0395527924469507,2.6822143178388984,-4.1169566169989045,-3.6801035288489663,-1.9264592489769523,1.3386445612796185,-0.097083657111385,3.9640289023331183,-0.4437652499839686,1.3245574312034798
95.0,238.0,129.89707946777344,-0.0395527935193705,2.682214317882058,-4.116956616998905,-3.68010433448544,-1.9264592489769368,1.3386445612797055,-0.0970836571113839,3.9640235742322703,-0.4437652499839588,1.3245541228478657
95.0,238.0,129.89707946777344,-0.039552792310517,2.682214317838831,-4.116956616998964,-3.680098697622558,-1.9264592489769523,1.3386445612836857,-0.097083657111385,3.964028841788264,-0.443765249983653,1.3245538257439062
95.0,238.0,129.89707946777344,-0.0395527923220572,2.682214317838898,-4.1169566169989045,-3.680097900313208,-1.9264592489769523,1.338644561279763,-0.097083657111385,3.964029107075993,-0.4437652499839654,1.3245573310438896
95.0,238.0,129.89707946777344,-0.039552792310517,2.682214317782371,-4.116956616998964,-3.680104326158316,-1.9264592489769528,1.3386445612835458,-0.097083657111385,3.9640295997633856,-0.4437652499839616,1.324554133003865
95.0,238.0,129.89707946777344,-0.0395527935261539,2.6822143178963342,-4.116956616998928,-3.680095704489377,-1.9264592489769523,1.338644561279718,-0.097083657111385,3.9640289000990574,-0.4437652499834861,1.324554122838833
95.0,238.0,129.89707946777344,-0.0395527923669292,2.682214317838898,-4.1169566169989045,-3.680097900313208,-1.9264592489769523,1.3386445612797633,-0.097083657111385,3.9640288417382017,-0.4437652499834947,1.3245573310438896
95.0,238.0,129.89707946777344,-0.039552792310517,2.682214317839132,-4.116956616998964,-3.680130012905473,-1.9264592489769523,1.338644561280867,-0.097083657111385,3.964028902383181,-0.4437652499839428,1.32455392354306
95.0,238.0,129.89707946777344,-0.0395527935261539,2.682214317895656,-4.116956616998928,-3.6800959059364695,-1.9264592489769523,1.3386445612797282,-0.097083657111385,3.9640289000990574,-0.4437652499837263,1.3245540690737845
95.0,238.0,129.89707946777344,-0.0395527933403932,2.6822143178388984,-4.1169566169989045,-3.6801035288489663,-1.9264592489769523,1.3386445612796185,-0.097083657111385,3.964023710587224,-0.4437652499839686,1.3245540794572652
95.0,238.0,129.89707946777344,-0.0395527935193705,2.682214317882058,-4.116956616998905,-3.68010433448544,-1.9264592489769368,1.3386445612797055,-0.0970836571113839,3.9640235742322703,-0.4437652499839588,1.3245541228478657
95.0,238.0,129.89707946777344,-0.0395527923239245,2.682214317896225,-4.116956616998959,-3.680103998867075,-1.9264592489769523,1.338644561279718,-0.097083657111385,3.964028900140282,-0.4437652499836558,1.324554122838833
95.0,238.0,129.89707946777344,-0.0395527923104155,2.682214317838831,-4.116956616998964,-3.680104326158316,-1.9264592489769523,1.3386445612835407,-0.097083657111385,3.964028902383181,-0.4437652499835024,1.3245541208373095
95.0,238.0,129.89707946777344,-0.0395527935634659,2.6822143178565074,-4.116956616998903,-3.6800978570728176,-1.9264592489769523,1.3386445612835407,-0.097083657111385,3.964028902383181,-0.4437652499836483,1.3245576647789563
95.0,238.0,129.89707946777344,-0.0395527924469507,2.682214317838898,-4.1169566169989045,-3.680097900313208,-1.9264592489769523,1.3386445612797633,-0.097083657111385,3.9640288417382017,-0.4437652499839654,1.3245573310438896
95.0,238.0,129.89707946777344,-0.0395527923239387,2.682214317895757,-4.116956616998959,-3.680096247553172,-1.9264592489769523,1.338644561283699,-0.097083657111385,3.96402911508847,-0.443765249983629,1.324554129749724
95.0,238.0,129.89707946777344,-0.0395527935261539,2.682214317896229,-4.116956616998928,-3.680095704489377,-1.9264592489769523,1.3386445612796705,-0.097083657111385,3.9640289000990574,-0.4437652499836333,1.324554122838833
95.0,238.0,129.89707946777344,-0.0395527924469507,2.6822143178365585,-4.116956616998956,-3.680101843205102,-1.9264592489769523,1.3386445612796185,-0.097083657111385,3.9640289023331183,-0.443765249983979,1.3245574312034798
95.0,238.0,129.89707946777344,-0.0395527936162547,2.682214317895757,-4.116956616998959,-3.6800962311731262,-1.9264592489769523,1.338644561283699,-0.097083657111385,3.96402911508847,-0.4437652499836274,1.324554129749724
95.0,238.0,129.89707946777344,-0.0395527923239245,2.682214317896225,-4.116956616998959,-3.680095704489377,-1.9264592489769523,1.338644561279718,-0.097083657111385,3.9640291335402864,-0.44376524998363,1.324554122838833
95.0,238.0,129.89707946777344,-0.0395527923239245,2.682214317896225,-4.116956616998959,-3.680098648546263,-1.9264592489769523,1.338644561279718,-0.097083657111385,3.964028900140282,-0.44376524998363,1.324554122838833
95.0,238.0,129.89707946777344,-0.0395527924469507,2.682214317838898,-4.1169566169989045,-3.680097900313208,-1.9264592489769523,1.3386445612797633,-0.097083657111385,3.9640288417382017,-0.4437652499839654,1.3245573310438896
95.0,238.0,129.89707946777344,-0.039552792310517,2.682214317839132,-4.116956616998964,-3.680130012905473,-1.9264592489769523,1.338644561280867,-0.097083657111385,3.964028902383181,-0.4437652499839428,1.32455392354306
95.0,238.0,129.89707946777344,-0.0395527922338379,2.6822143178963342,-4.116956616998928,-3.680095720869422,-1.9264592489769523,1.338644561279718,-0.097083657111385,3.9640289000990574,-0.4437652499834877,1.324554122838833
95.0,238.0,129.8970947265625,-0.0395527935347949,2.682214317895068,-4.116956616998905,-3.679192762034077,-1.9264592489769368,1.3386445612811526,-0.0970836571113839,3.9640236072156094,-0.4437652499839535,1.3245541258069862
95.0,238.0,129.8970947265625,-0.0395527935347596,2.682214317896225,-4.116956616998964,-3.679192762020627,-1.9264592489769523,1.338644561279718,-0.097083657111385,3.964028902383181,-0.4437652499834887,1.324554122838833
95.0,238.0,129.8970947265625,-0.0395527935347741,2.682214317882058,-4.116956616998905,-3.679192762033984,-1.9264592489769368,1.3386445612808686,-0.0970836571113839,3.964023744892809,-0.4437652499839588,1.3245541258069862
95.0,238.0,129.8970947265625,-0.0395527935347596,2.682214318940193,-4.116956616998964,-3.679192762028928,-1.9264592489769523,1.3386445612835407,-0.097083657111385,3.964028902383181,-0.4437652499836562,1.3245539261589594
95.0,238.0,129.8970947265625,-0.0395527936044023,2.6822143178920235,-4.116956616998964,-3.679192762029433,-1.9264592489769523,1.33864456127974,-0.097083657111385,3.964028902383181,-0.4437652499835032,1.324554122838833
95.0,238.0,129.8970947265625,-0.0395527935341893,2.682214317895068,-4.116956616998905,-3.6791927620339777,-1.926459248976952,1.3386445612796125,-0.0970836571113839,3.964023591460262,-0.4437652499839535,1.324554051095886
95.0,239.0,129.8953857421875,-0.039552792310517,2.682214317891697,-4.116956616998964,-3.680096364489858,-1.926459248976936,1.3386445612796227,-0.097083657111385,3.964023668568251,-0.4437652499835108,1.3219542159105708
95.0,239.0,129.8968505859375,-0.0395527923239387,2.682214317896332,-4.116956616998959,-3.680096201392786,-1.9264592489769523,1.3386445612797162,-0.097083657111385,3.964356512703929,-0.4437652499834827,1.324554122838833
95.0,239.0,129.8968505859375,-0.0395527923240407,2.682214317896332,-4.116956616998959,-3.680096201392786,-1.9264592489769523,1.3386445612795288,-0.097083657111385,3.964356512703929,-0.4437652499834827,1.324554122838833
95.0,239.0,129.8970489501953,-0.0395527923230091,2.6822143178963214,-4.116956616998927,-3.680031628442237,-1.9264592489769523,1.3386445612834574,-0.0970836571113839,3.9640306562816585,-0.4437652499834767,1.3245561795748806
95.0,239.0,129.8970489501953,-0.0395527935519581,2.6822143178956432,-4.116956616998927,-3.68003182988933,-1.9264592489769523,1.338644561280897,-0.0970836571113839,3.9640291643496735,-0.4437652499837168,1.3245561753996105
95.0,239.0,129.8970489501953,-0.0395527923230091,2.6822143178974214,-4.116956616998965,-3.680034795763581,-1.9264592489769523,1.338644561280897,-0.0970836571113839,3.9640301612975297,-0.4437652499837168,1.324554084400752
95.0,239.0,129.8970489501953,-0.0395527935519581,2.6822143178584352,-4.116956616998927,-3.68003182988933,-1.9264592489769523,1.338644561280897,-0.0970836571113839,3.9640291643496735,-0.4437652499839585,1.3245539020809514
95.0,239.0,129.8970489501953,-0.0395527923105131,2.682214317839132,-4.116956616998964,-3.680031732508377,-1.9264592489769523,1.338644561280867,-0.097083657111385,3.964028902383181,-0.4437652499839428,1.32455392354306
95.0,239.0,129.8970489501953,-0.0395527935519581,2.682214317894832,-4.116956616998927,-3.680032211342924,-1.9264592489769523,1.338644561280897,-0.0970836571113839,3.9640291643496735,-0.4437652499837268,1.3245561753996105
95.0,239.0,129.89706420898438,-0.0395527923230091,2.6822143178956432,-4.116956616998927,-3.68003182988933,-1.9264592489769523,1.338644561280897,-0.0970836571113839,3.964016118054351,-0.4437652499837168,1.3245561024348156
95.0,239.0,129.89706420898438,-0.039552792322995,2.6822143178956432,-4.116956616998927,-3.68003133298592,-1.9264592489769523,1.3386445612809466,-0.0970836571113839,3.964016118054351,-0.4437652499837168,1.3245561024348156
95.0,239.0,129.89706420898438,-0.0395527923229732,2.6822143178956432,-4.116956616998927,-3.68003133298592,-1.9264592489769523,1.3386445612808429,-0.0970836571113839,3.964016118054351,-0.4437652499837168,1.3245561695265655
95.0,239.0,129.89706420898438,-0.0395527923230091,2.6822143178963214,-4.116956616998927,-3.680031628442237,-1.9264592489769523,1.3386445612808868,-0.0970836571113839,3.964016118054351,-0.4437652499834767,1.3245561561998636
95.0,239.0,129.89706420898438,-0.0395527922899025,2.6822143178588136,-4.116956616998964,-3.6800768655906615,-1.926459248976952,1.3386445612835407,-0.097083657111385,3.964028883419597,-0.4437652499839632,1.3245539261589594
95.0,239.0,129.89706420898438,-0.0395527923229732,2.6822143178956432,-4.116956616998927,-3.68003133298592,-1.9264592489769523,1.3386445612808429,-0.0970836571113839,3.964016118054351,-0.4437652499837113,1.3245561695265655
95.0,239.0,129.89706420898438,-0.0395527923229732,2.6822143178956432,-4.116956616998927,-3.68003133298592,-1.9264592489769523,1.3386445612808573,-0.0970836571113839,3.964016118054351,-0.4437652499837168,1.3245561695265655
95.0,239.0,129.89706420898438,-0.039552792322995,2.6822143178956432,-4.116956616998927,-3.68003133298592,-1.9264592489769523,1.3386445612808426,-0.0970836571113839,3.964016118054351,-0.4437652499837168,1.3245561024348156
95.0,239.0,129.89706420898438,-0.0395527922899025,2.6822143178596254,-4.116956616998964,-3.680076484137068,-1.926459248976952,1.3386445612835407,-0.097083657111385,3.964028883419597,-0.4437652499839532,1.3245539261589594
95.0,239.0,129.89706420898438,-0.0395527923230091,2.6822143178963214,-4.116956616998927,-3.6800316272058016,-1.9264592489769523,1.3386445612808424,-0.0970836571113839,3.964016118054351,-0.4437652499834767,1.3245561561998636
95.0,239.0,129.89706420898438,-0.0395527922899025,2.682214317896022,-4.116956616998964,-3.6800768655906615,-1.926459248976952,1.3386445612835407,-0.097083657111385,3.964028883419597,-0.4437652499837215,1.3245561994776185
95.0,239.0,129.89706420898438,-0.0395527923229732,2.6822143178956432,-4.116956616998927,-3.68003133298592,-1.9264592489769523,1.3386445612809466,-0.0970836571113839,3.964016118054351,-0.4437652499837168,1.3245561695265655
95.0,239.0,129.89707946777344,-0.0395527923239245,2.682214317896225,-4.116956616998959,-3.680095704489377,-1.9264592489769523,1.338644561279718,-0.097083657111385,3.964029128136485,-0.44376524998363,1.324554122838833
95.0,239.0,129.89707946777344,-0.039552792310517,2.682214317838831,-4.116956616998964,-3.680104326158316,-1.9264592489769523,1.3386445612835407,-0.097083657111385,3.964028902383181,-0.4437652499836562,1.3245539259034964
95.0,239.0,129.89707946777344,-0.039552792310517,2.682214317838898,-4.116956616998964,-3.680130012905473,-1.9264592489769523,1.338644561280867,-0.097083657111385,3.964028902383181,-0.4437652499839634,1.3245539240038755
95.0,239.0,129.89707946777344,-0.0395527923239245,2.682214317896225,-4.116956616998959,-3.680098648546263,-1.9264592489769523,1.338644561279718,-0.097083657111385,3.964028900140282,-0.44376524998363,1.324554122838833
95.0,239.0,129.89707946777344,-0.0395527934384572,2.6822143178963342,-4.11695661699896,-3.680095704489377,-1.9264592489769523,1.338644561279718,-0.097083657111385,3.9640289000990574,-0.4437652499836275,1.324554122838833
95.0,239.0,129.89707946777344,-0.0395527924469507,2.682214317838898,-4.1169566169989045,-3.680097900313208,-1.9264592489769523,1.3386445612797633,-0.097083657111385,3.9640288417382017,-0.4437652499839654,1.3245573310438896
95.0,239.0,129.89707946777344,-0.039552792310517,2.682214317838831,-4.116956616998964,-3.680104326158316,-1.9264592489769368,1.3386445612835458,-0.097083657111385,3.964023668568251,-0.4437652499839616,1.324554133003865
95.0,239.0,129.89707946777344,-0.039552792444986,2.682214317896225,-4.116956616998959,-3.680098648546263,-1.9264592489769523,1.33864456128291,-0.097083657111385,3.9640288971885536,-0.44376524998363,1.324554122838833
95.0,239.0,129.89707946777344,-0.0395527923239387,2.682214317896225,-4.116956616998959,-3.680096201392786,-1.9264592489769523,1.3386445612796685,-0.097083657111385,3.964029128136485,-0.44376524998363,1.324554122838833
95.0,239.0,129.89707946777344,-0.0395527935634659,2.6822143178565074,-4.116956616998964,-3.680099286999214,-1.9264592489769523,1.3386445612835407,-0.097083657111385,3.964028902383181,-0.4437652499836483,1.3245539229099876
95.0,239.0,129.89707946777344,-0.0395527924469507,2.6822143178388984,-4.1169566169989045,-3.6801035288489663,-1.9264592489769523,1.3386445612796185,-0.097083657111385,3.9640289023331183,-0.4437652499839686,1.3245574312034798
95.0,239.0,129.89707946777344,-0.0395527935193705,2.682214317882058,-4.116956616998905,-3.68010433448544,-1.9264592489769368,1.3386445612797055,-0.0970836571113839,3.9640235742322703,-0.4437652499839588,1.3245541228478657
95.0,239.0,129.89707946777344,-0.039552792310517,2.682214317838831,-4.116956616998964,-3.680098697622558,-1.9264592489769523,1.3386445612836857,-0.097083657111385,3.964028841788264,-0.443765249983653,1.3245538257439062
95.0,239.0,129.89707946777344,-0.0395527923220572,2.682214317838898,-4.1169566169989045,-3.680097900313208,-1.9264592489769523,1.338644561279763,-0.097083657111385,3.964029107075993,-0.4437652499839654,1.3245573310438896
95.0,239.0,129.89707946777344,-0.039552792310517,2.682214317782371,-4.116956616998964,-3.680104326158316,-1.9264592489769528,1.3386445612835458,-0.097083657111385,3.9640295997633856,-0.4437652499839616,1.324554133003865
95.0,239.0,129.89707946777344,-0.0395527935261539,2.6822143178963342,-4.116956616998928,-3.680095704489377,-1.9264592489769523,1.338644561279718,-0.097083657111385,3.9640289000990574,-0.4437652499834861,1.324554122838833
95.0,239.0,129.89707946777344,-0.0395527923669292,2.682214317838898,-4.1169566169989045,-3.680097900313208,-1.9264592489769523,1.3386445612797633,-0.097083657111385,3.9640288417382017,-0.4437652499834947,1.3245573310438896
95.0,239.0,129.89707946777344,-0.039552792310517,2.682214317839132,-4.116956616998964,-3.680130012905473,-1.9264592489769523,1.338644561280867,-0.097083657111385,3.964028902383181,-0.4437652499839428,1.32455392354306
95.0,239.0,129.89707946777344,-0.0395527935261539,2.682214317895656,-4.116956616998928,-3.6800959059364695,-1.9264592489769523,1.3386445612797282,-0.097083657111385,3.9640289000990574,-0.4437652499837263,1.3245540690737845
95.0,239.0,129.89707946777344,-0.0395527933403932,2.6822143178388984,-4.1169566169989045,-3.6801035288489663,-1.9264592489769523,1.3386445612796185,-0.097083657111385,3.964023710587224,-0.4437652499839686,1.3245540794572652
95.0,239.0,129.89707946777344,-0.0395527935193705,2.682214317882058,-4.116956616998905,-3.68010433448544,-1.9264592489769368,1.3386445612797055,-0.0970836571113839,3.9640235742322703,-0.4437652499839588,1.3245541228478657
95.0,239.0,129.89707946777344,-0.0395527923239245,2.682214317896225,-4.116956616998959,-3.680103998867075,-1.9264592489769523,1.338644561279718,-0.097083657111385,3.964028900140282,-0.4437652499836558,1.324554122838833
95.0,239.0,129.89707946777344,-0.0395527923104155,2.682214317838831,-4.116956616998964,-3.680104326158316,-1.9264592489769523,1.3386445612835407,-0.097083657111385,3.964028902383181,-0.4437652499835024,1.3245541208373095
95.0,239.0,129.89707946777344,-0.0395527935634659,2.6822143178565074,-4.116956616998903,-3.6800978570728176,-1.9264592489769523,1.3386445612835407,-0.097083657111385,3.964028902383181,-0.4437652499836483,1.3245576647789563
95.0,239.0,129.89707946777344,-0.0395527924469507,2.682214317838898,-4.1169566169989045,-3.680097900313208,-1.9264592489769523,1.3386445612797633,-0.097083657111385,3.9640288417382017,-0.4437652499839654,1.3245573310438896
95.0,239.0,129.89707946777344,-0.0395527923239387,2.682214317895757,-4.116956616998959,-3.680096247553172,-1.9264592489769523,1.338644561283699,-0.097083657111385,3.96402911508847,-0.443765249983629,1.324554129749724
95.0,239.0,129.89707946777344,-0.0395527935261539,2.682214317896229,-4.116956616998928,-3.680095704489377,-1.9264592489769523,1.3386445612796705,-0.097083657111385,3.9640289000990574,-0.4437652499836333,1.324554122838833
95.0,239.0,129.89707946777344,-0.0395527924469507,2.6822143178365585,-4.116956616998956,-3.680101843205102,-1.9264592489769523,1.3386445612796185,-0.097083657111385,3.9640289023331183,-0.443765249983979,1.3245574312034798
95.0,239.0,129.89707946777344,-0.0395527936162547,2.682214317895757,-4.116956616998959,-3.6800962311731262,-1.9264592489769523,1.338644561283699,-0.097083657111385,3.96402911508847,-0.4437652499836274,1.324554129749724
95.0,240.0,129.8953857421875,-0.039552792310517,2.682214317891697,-4.116956616998964,-3.680096364489858,-1.926459248976936,1.3386445612796227,-0.097083657111385,3.964023668568251,-0.4437652499835108,1.3219542159105708
95.0,240.0,129.8968505859375,-0.0395527923239387,2.682214317896332,-4.116956616998959,-3.680096201392786,-1.9264592489769523,1.3386445612797162,-0.097083657111385,3.964356512703929,-0.4437652499834827,1.324554122838833
95.0,240.0,129.8968505859375,-0.0395527923240407,2.682214317896332,-4.116956616998959,-3.680096201392786,-1.9264592489769523,1.3386445612795288,-0.097083657111385,3.964356512703929,-0.4437652499834827,1.324554122838833
95.0,240.0,129.8968505859375,-0.0395527923239387,2.682214317896332,-4.116956616998959,-3.68012956337605,-1.9264592489769523,1.3386445612797162,-0.097083657111385,3.964356512703929,-0.4437652499839817,1.324554122838833
95.0,240.0,129.8968505859375,-0.0395527923239248,2.682214317896332,-4.116956616998959,-3.680095713580192,-1.9264592489769523,1.3386445612795288,-0.097083657111385,3.964359480933207,-0.4437652499834774,1.324554122838833
95.0,240.0,129.89703369140625,-0.0395527935261539,2.682214317896323,-4.116956616998928,-3.6800273738755664,-1.9264592489769523,1.3386445612797282,-0.097083657111385,3.964029380578432,-0.4437652499834745,1.3245540690737845
95.0,240.0,129.8970489501953,-0.0395527923230091,2.6822143178963214,-4.116956616998927,-3.680031628442237,-1.9264592489769523,1.3386445612834574,-0.0970836571113839,3.9640306562816585,-0.4437652499834767,1.3245561795748806
95.0,240.0,129.8970489501953,-0.0395527935519581,2.6822143178956432,-4.116956616998927,-3.68003182988933,-1.9264592489769523,1.338644561280897,-0.0970836571113839,3.9640291643496735,-0.4437652499837168,1.3245561753996105
95.0,240.0,129.8970489501953,-0.0395527923230091,2.6822143178974214,-4.116956616998965,-3.680034795763581,-1.9264592489769523,1.338644561280897,-0.0970836571113839,3.9640301612975297,-0.4437652499837168,1.324554084400752
95.0,240.0,129.8970489501953,-0.0395527935519581,2.6822143178584352,-4.116956616998927,-3.68003182988933,-1.9264592489769523,1.338644561280897,-0.0970836571113839,3.9640291643496735,-0.4437652499839585,1.3245539020809514
95.0,240.0,129.8970489501953,-0.0395527923105131,2.682214317839132,-4.116956616998964,-3.680031732508377,-1.9264592489769523,1.338644561280867,-0.097083657111385,3.964028902383181,-0.4437652499839428,1.32455392354306
95.0,240.0,129.8970489501953,-0.0395527935519581,2.682214317894832,-4.116956616998927,-3.680032211342924,-1.9264592489769523,1.338644561280897,-0.0970836571113839,3.9640291643496735,-0.4437652499837268,1.3245561753996105
95.0,240.0,129.8970489501953,-0.0395527935519581,2.682214317894832,-4.116956616998927,-3.680032211591617,-1.9264592489769523,1.338644561280897,-0.0970836571113839,3.9640291643496735,-0.4437652499837268,1.3245561753996105
95.0,240.0,129.8970489501953,-0.0395527935519581,2.6822143178584352,-4.116956616998927,-3.680031310345036,-1.9264592489769523,1.338644561280897,-0.0970836571113839,3.9640291643496735,-0.443765249983708,1.3245539649058249
95.0,240.0,129.8970489501953,-0.0395527923230091,2.6822143178974214,-4.116956616998965,-3.680034795763581,-1.9264592489769523,1.3386445612808977,-0.0970836571113839,3.9640301612975297,-0.4437652499837195,1.324554084400752
95.0,240.0,129.8970489501953,-0.0395527923230087,2.682214317898301,-4.116956616998966,-3.680034795763581,-1.9264592489769523,1.338644561280931,-0.0970836571113839,3.9640301612975297,-0.4437652499837168,1.324554084400752
95.0,240.0,129.8970489501953,-0.0395527923229732,2.6822143178956432,-4.116956616998905,-3.68003133298592,-1.9264592489769523,1.3386445612808429,-0.0970836571113839,3.964028944954781,-0.4437652499837113,1.3245561695265655
95.0,240.0,129.89706420898438,-0.0395527923230091,2.6822143178956432,-4.116956616998927,-3.68003182988933,-1.9264592489769523,1.338644561280897,-0.0970836571113839,3.964016118054351,-0.4437652499837168,1.3245561024348156
95.0,240.0,129.89706420898438,-0.039552792322995,2.6822143178956432,-4.116956616998927,-3.68003133298592,-1.9264592489769523,1.3386445612809466,-0.0970836571113839,3.964016118054351,-0.4437652499837168,1.3245561024348156
95.0,240.0,129.89706420898438,-0.0395527923229732,2.6822143178956432,-4.116956616998927,-3.68003133298592,-1.9264592489769523,1.3386445612808429,-0.0970836571113839,3.964016118054351,-0.4437652499837168,1.3245561695265655
95.0,240.0,129.89706420898438,-0.0395527923230091,2.6822143178963214,-4.116956616998927,-3.680031628442237,-1.9264592489769523,1.3386445612808868,-0.0970836571113839,3.964016118054351,-0.4437652499834767,1.3245561561998636
95.0,240.0,129.89706420898438,-0.0395527922899025,2.6822143178588136,-4.116956616998964,-3.6800768655906615,-1.926459248976952,1.3386445612835407,-0.097083657111385,3.964028883419597,-0.4437652499839632,1.3245539261589594
95.0,240.0,129.89706420898438,-0.0395527923229732,2.6822143178956432,-4.116956616998927,-3.68003133298592,-1.9264592489769523,1.3386445612808429,-0.0970836571113839,3.964016118054351,-0.4437652499837113,1.3245561695265655
95.0,240.0,129.89706420898438,-0.0395527923229732,2.6822143178956432,-4.116956616998927,-3.68003133298592,-1.9264592489769523,1.3386445612808573,-0.0970836571113839,3.964016118054351,-0.4437652499837168,1.3245561695265655
95.0,240.0,129.89706420898438,-0.039552792322995,2.6822143178956432,-4.116956616998927,-3.68003133298592,-1.9264592489769523,1.3386445612808426,-0.0970836571113839,3.964016118054351,-0.4437652499837168,1.3245561024348156
95.0,240.0,129.89706420898438,-0.0395527922899025,2.6822143178596254,-4.116956616998964,-3.680076484137068,-1.926459248976952,1.3386445612835407,-0.097083657111385,3.964028883419597,-0.4437652499839532,1.3245539261589594
95.0,240.0,129.89706420898438,-0.0395527923230091,2.6822143178963214,-4.116956616998927,-3.6800316272058016,-1.9264592489769523,1.3386445612808424,-0.0970836571113839,3.964016118054351,-0.4437652499834767,1.3245561561998636
95.0,240.0,129.89706420898438,-0.0395527922899025,2.682214317896022,-4.116956616998964,-3.6800768655906615,-1.926459248976952,1.3386445612835407,-0.097083657111385,3.964028883419597,-0.4437652499837215,1.3245561994776185
95.0,240.0,129.89706420898438,-0.0395527923229732,2.6822143178956432,-4.116956616998927,-3.68003133298592,-1.9264592489769523,1.3386445612809466,-0.0970836571113839,3.964016118054351,-0.4437652499837168,1.3245561695265655
95.0,240.0,129.89706420898438,-0.0395527923229732,2.6822143178359195,-4.116956616998927,-3.68003133298592,-1.9264592489769523,1.3386445612809466,-0.0970836571113839,3.964015850370531,-0.4437652499837168,1.3245560910836616
95.0,240.0,129.89706420898438,-0.0395527923230091,2.6822143178963214,-4.116956616998927,-3.680031628193544,-1.9264592489769523,1.3386445612808868,-0.0970836571113839,3.964016118054351,-0.4437652499834767,1.3245561561998636
95.0,240.0,129.89706420898438,-0.0395527922899025,2.6822143178588136,-4.116956616998964,-3.6800768655906615,-1.926459248976952,1.3386445612835407,-0.097083657111385,3.964028883419597,-0.4437652499839632,1.3245539261589594
95.0,240.0,129.89706420898438,-0.0395527923256945,2.6822143178956432,-4.116956616998927,-3.68003133298592,-1.9264592489769523,1.3386445612808573,-0.0970836571113839,3.964016118054351,-0.4437652499837168,1.3245561695265655
95.0,240.0,129.89707946777344,-0.0395527923239245,2.682214317896225,-4.116956616998959,-3.680095704489377,-1.9264592489769523,1.338644561279718,-0.097083657111385,3.964029128136485,-0.44376524998363,1.324554122838833
95.0,240.0,129.89707946777344,-0.039552792310517,2.682214317838831,-4.116956616998964,-3.680104326158316,-1.9264592489769523,1.3386445612835407,-0.097083657111385,3.964028902383181,-0.4437652499836562,1.3245539259034964
95.0,240.0,129.89707946777344,-0.039552792310517,2.682214317838898,-4.116956616998964,-3.680130012905473,-1.9264592489769523,1.338644561280867,-0.097083657111385,3.964028902383181,-0.4437652499839634,1.3245539240038755
95.0,240.0,129.89707946777344,-0.0395527923239245,2.682214317896225,-4.116956616998959,-3.680098648546263,-1.9264592489769523,1.338644561279718,-0.097083657111385,3.964028900140282,-0.44376524998363,1.324554122838833
95.0,240.0,129.89707946777344,-0.0395527934384572,2.6822143178963342,-4.11695661699896,-3.680095704489377,-1.9264592489769523,1.338644561279718,-0.097083657111385,3.9640289000990574,-0.4437652499836275,1.324554122838833
95.0,240.0,129.89707946777344,-0.0395527924469507,2.682214317838898,-4.1169566169989045,-3.680097900313208,-1.9264592489769523,1.3386445612797633,-0.097083657111385,3.9640288417382017,-0.4437652499839654,1.3245573310438896
95.0,240.0,129.89707946777344,-0.039552792310517,2.682214317838831,-4.116956616998964,-3.680104326158316,-1.9264592489769368,1.3386445612835458,-0.097083657111385,3.964023668568251,-0.4437652499839616,1.324554133003865
95.0,240.0,129.89707946777344,-0.039552792444986,2.682214317896225,-4.116956616998959,-3.680098648546263,-1.9264592489769523,1.33864456128291,-0.097083657111385,3.9640288971885536,-0.44376524998363,1.324554122838833
95.0,240.0,129.89707946777344,-0.0395527923239387,2.682214317896225,-4.116956616998959,-3.680096201392786,-1.9264592489769523,1.3386445612796685,-0.097083657111385,3.964029128136485,-0.44376524998363,1.324554122838833
95.0,240.0,129.89707946777344,-0.0395527935634659,2.6822143178565074,-4.116956616998964,-3.680099286999214,-1.9264592489769523,1.3386445612835407,-0.097083657111385,3.964028902383181,-0.4437652499836483,1.3245539229099876
95.0,240.0,129.89707946777344,-0.0395527924469507,2.6822143178388984,-4.1169566169989045,-3.6801035288489663,-1.9264592489769523,1.3386445612796185,-0.097083657111385,3.9640289023331183,-0.4437652499839686,1.3245574312034798
95.0,240.0,129.89707946777344,-0.0395527935193705,2.682214317882058,-4.116956616998905,-3.68010433448544,-1.9264592489769368,1.3386445612797055,-0.0970836571113839,3.9640235742322703,-0.4437652499839588,1.3245541228478657
95.0,240.0,129.89707946777344,-0.039552792310517,2.682214317838831,-4.116956616998964,-3.680098697622558,-1.9264592489769523,1.3386445612836857,-0.097083657111385,3.964028841788264,-0.443765249983653,1.3245538257439062
95.0,240.0,129.89707946777344,-0.0395527923220572,2.682214317838898,-4.1169566169989045,-3.680097900313208,-1.9264592489769523,1.338644561279763,-0.097083657111385,3.964029107075993,-0.4437652499839654,1.3245573310438896
95.0,240.0,129.89707946777344,-0.039552792310517,2.682214317782371,-4.116956616998964,-3.680104326158316,-1.9264592489769528,1.3386445612835458,-0.097083657111385,3.9640295997633856,-0.4437652499839616,1.324554133003865
95.0,240.0,129.89707946777344,-0.0395527935261539,2.6822143178963342,-4.116956616998928,-3.680095704489377,-1.9264592489769523,1.338644561279718,-0.097083657111385,3.9640289000990574,-0.4437652499834861,1.324554122838833
95.0,240.0,129.89707946777344,-0.0395527923669292,2.682214317838898,-4.1169566169989045,-3.680097900313208,-1.9264592489769523,1.3386445612797633,-0.097083657111385,3.9640288417382017,-0.4437652499834947,1.3245573310438896
95.0,241.0,129.89486694335938,-0.039552792310517,2.682214317891774,-4.116956616998964,-3.680096364489858,-1.926459248976936,1.3386445612796227,-0.097083657111385,3.964023668568251,-0.4437652499836482,1.322069789819242
95.0,241.0,129.89517211914062,-0.039552792310517,2.682214317891697,-4.116956616998964,-3.6800962721757,-1.926459248976936,1.3386445612797948,-0.097083657111385,3.964023558271626,-0.4437652499839688,1.3220008760504924
95.0,241.0,129.8953857421875,-0.039552792310517,2.682214317891697,-4.116956616998964,-3.680096364489858,-1.926459248976936,1.3386445612796227,-0.097083657111385,3.964023668568251,-0.4437652499835108,1.3219542159105708
95.0,241.0,129.89674377441406,-0.0395527923239387,2.682214317896149,-4.116956616998959,-3.680096201392786,-1.9264592489769523,1.3386445612796685,-0.097083657111385,3.964029128136485,-0.4437652499834926,1.3244385489301616
95.0,241.0,129.89682006835938,-0.0395527923240407,2.682214317896332,-4.116956616998959,-3.6800298425047098,-1.9264592489769523,1.3386445612808584,-0.097083657111385,3.964356512703929,-0.4437652499834827,1.324554122838833
95.0,241.0,129.8968505859375,-0.0395527923239387,2.682214317896332,-4.116956616998959,-3.680096201392786,-1.9264592489769523,1.3386445612797162,-0.097083657111385,3.964356512703929,-0.4437652499834827,1.324554122838833
95.0,241.0,129.8968505859375,-0.0395527923240407,2.682214317896332,-4.116956616998959,-3.680096201392786,-1.9264592489769523,1.3386445612795288,-0.097083657111385,3.964356512703929,-0.4437652499834827,1.324554122838833
95.0,241.0,129.8968505859375,-0.0395527923239387,2.682214317896332,-4.116956616998959,-3.68012956337605,-1.9264592489769523,1.3386445612797162,-0.097083657111385,3.964356512703929,-0.4437652499839817,1.324554122838833
95.0,241.0,129.8968505859375,-0.0395527923239248,2.682214317896332,-4.116956616998959,-3.680095713580192,-1.9264592489769523,1.3386445612795288,-0.097083657111385,3.964359480933207,-0.4437652499834774,1.324554122838833
95.0,241.0,129.8968505859375,-0.0395527923239248,2.682214317896332,-4.116956616998959,-3.680095713580192,-1.9264592489769523,1.3386445612795288,-0.097083657111385,3.964366660434547,-0.4437652499834816,1.324554122838833
95.0,241.0,129.8968505859375,-0.0395527923239387,2.6822143178963738,-4.116956616998959,-3.680100636003458,-1.9264592489769523,1.3386445612797162,-0.097083657111385,3.964356512703929,-0.4437652499837822,1.3245540844173112
95.0,241.0,129.8968505859375,-0.0395527923239387,2.682214317896332,-4.116956616998926,-3.68012956337605,-1.9264592489769523,1.3386445612809676,-0.097083657111385,3.964356512703929,-0.4437652499839817,1.324554122838833
95.0,241.0,129.8968505859375,-0.0395527923239248,2.682214317896332,-4.116956616998959,-3.680095713580192,-1.9264592489769523,1.3386445612795288,-0.097083657111385,3.964359480933207,-0.4437652499834774,1.324554122838833
95.0,241.0,129.89695739746094,-0.0395527922899025,2.6822143178596254,-4.116956616998964,-3.6800765764512255,-1.926459248976952,1.3386445612833684,-0.097083657111385,3.964028993716224,-0.4437652499834952,1.3245072660190378
95.0,241.0,129.89703369140625,-0.0395527935261539,2.682214317896323,-4.116956616998928,-3.6800273738755664,-1.9264592489769523,1.3386445612797282,-0.097083657111385,3.964029380578432,-0.4437652499834745,1.3245540690737845
95.0,241.0,129.8970489501953,-0.0395527923230091,2.6822143178963214,-4.116956616998927,-3.680031628442237,-1.9264592489769523,1.3386445612834574,-0.0970836571113839,3.9640306562816585,-0.4437652499834767,1.3245561795748806
95.0,241.0,129.8970489501953,-0.0395527935519581,2.6822143178956432,-4.116956616998927,-3.68003182988933,-1.9264592489769523,1.338644561280897,-0.0970836571113839,3.9640291643496735,-0.4437652499837168,1.3245561753996105
95.0,241.0,129.8970489501953,-0.0395527923230091,2.6822143178974214,-4.116956616998965,-3.680034795763581,-1.9264592489769523,1.338644561280897,-0.0970836571113839,3.9640301612975297,-0.4437652499837168,1.324554084400752
95.0,241.0,129.8970489501953,-0.0395527935519581,2.6822143178584352,-4.116956616998927,-3.68003182988933,-1.9264592489769523,1.338644561280897,-0.0970836571113839,3.9640291643496735,-0.4437652499839585,1.3245539020809514
95.0,241.0,129.8970489501953,-0.0395527923105131,2.682214317839132,-4.116956616998964,-3.680031732508377,-1.9264592489769523,1.338644561280867,-0.097083657111385,3.964028902383181,-0.4437652499839428,1.32455392354306
95.0,241.0,129.8970489501953,-0.0395527935519581,2.682214317894832,-4.116956616998927,-3.680032211342924,-1.9264592489769523,1.338644561280897,-0.0970836571113839,3.9640291643496735,-0.4437652499837268,1.3245561753996105
95.0,241.0,129.8970489501953,-0.0395527935519581,2.682214317894832,-4.116956616998927,-3.680032211591617,-1.9264592489769523,1.338644561280897,-0.0970836571113839,3.9640291643496735,-0.4437652499837268,1.3245561753996105
95.0,241.0,129.8970489501953,-0.0395527935519581,2.6822143178584352,-4.116956616998927,-3.680031310345036,-1.9264592489769523,1.338644561280897,-0.0970836571113839,3.9640291643496735,-0.443765249983708,1.3245539649058249
95.0,241.0,129.8970489501953,-0.0395527923230091,2.6822143178974214,-4.116956616998965,-3.680034795763581,-1.9264592489769523,1.3386445612808977,-0.0970836571113839,3.9640301612975297,-0.4437652499837195,1.324554084400752
95.0,241.0,129.8970489501953,-0.0395527923230087,2.682214317898301,-4.116956616998966,-3.680034795763581,-1.9264592489769523,1.338644561280931,-0.0970836571113839,3.9640301612975297,-0.4437652499837168,1.324554084400752
95.0,241.0,129.8970489501953,-0.0395527923229732,2.6822143178956432,-4.116956616998905,-3.68003133298592,-1.9264592489769523,1.3386445612808429,-0.0970836571113839,3.964028944954781,-0.4437652499837113,1.3245561695265655
95.0,241.0,129.8970489501953,-0.0395527923230091,2.682214317895638,-4.116956616998965,-3.680034819773206,-1.9264592489769523,1.338644561280897,-0.0970836571113839,3.9640301612975297,-0.4437652499837168,1.324554084400752
95.0,241.0,129.89706420898438,-0.0395527923230091,2.6822143178956432,-4.116956616998927,-3.68003182988933,-1.9264592489769523,1.338644561280897,-0.0970836571113839,3.964016118054351,-0.4437652499837168,1.3245561024348156
95.0,241.0,129.89706420898438,-0.039552792322995,2.6822143178956432,-4.116956616998927,-3.68003133298592,-1.9264592489769523,1.3386445612809466,-0.0970836571113839,3.964016118054351,-0.4437652499837168,1.3245561024348156
95.0,241.0,129.89706420898438,-0.0395527923229732,2.6822143178956432,-4.116956616998927,-3.68003133298592,-1.9264592489769523,1.3386445612808429,-0.0970836571113839,3.964016118054351,-0.4437652499837168,1.3245561695265655
95.0,241.0,129.89706420898438,-0.0395527923230091,2.6822143178963214,-4.116956616998927,-3.680031628442237,-1.9264592489769523,1.3386445612808868,-0.0970836571113839,3.964016118054351,-0.4437652499834767,1.3245561561998636
95.0,241.0,129.89706420898438,-0.0395527922899025,2.6822143178588136,-4.116956616998964,-3.6800768655906615,-1.926459248976952,1.3386445612835407,-0.097083657111385,3.964028883419597,-0.4437652499839632,1.3245539261589594
95.0,241.0,129.89706420898438,-0.0395527923229732,2.6822143178956432,-4.116956616998927,-3.68003133298592,-1.9264592489769523,1.3386445612808429,-0.0970836571113839,3.964016118054351,-0.4437652499837113,1.3245561695265655
95.0,241.0,129.89706420898438,-0.0395527923229732,2.6822143178956432,-4.116956616998927,-3.68003133298592,-1.9264592489769523,1.3386445612808573,-0.0970836571113839,3.964016118054351,-0.4437652499837168,1.3245561695265655
95.0,241.0,129.89706420898438,-0.039552792322995,2.6822143178956432,-4.116956616998927,-3.68003133298592,-1.9264592489769523,1.3386445612808426,-0.0970836571113839,3.964016118054351,-0.4437652499837168,1.3245561024348156
95.0,241.0,129.89706420898438,-0.0395527922899025,2.6822143178596254,-4.116956616998964,-3.680076484137068,-1.926459248976952,1.3386445612835407,-0.097083657111385,3.964028883419597,-0.4437652499839532,1.3245539261589594
95.0,241.0,129.89706420898438,-0.0395527923230091,2.6822143178963214,-4.116956616998927,-3.6800316272058016,-1.9264592489769523,1.3386445612808424,-0.0970836571113839,3.964016118054351,-0.4437652499834767,1.3245561561998636
95.0,241.0,129.89706420898438,-0.0395527922899025,2.682214317896022,-4.116956616998964,-3.6800768655906615,-1.926459248976952,1.3386445612835407,-0.097083657111385,3.964028883419597,-0.4437652499837215,1.3245561994776185
95.0,241.0,129.89706420898438,-0.0395527923229732,2.6822143178956432,-4.116956616998927,-3.68003133298592,-1.9264592489769523,1.3386445612809466,-0.0970836571113839,3.964016118054351,-0.4437652499837168,1.3245561695265655
95.0,241.0,129.89706420898438,-0.0395527923229732,2.6822143178359195,-4.116956616998927,-3.68003133298592,-1.9264592489769523,1.3386445612809466,-0.0970836571113839,3.964015850370531,-0.4437652499837168,1.3245560910836616
95.0,241.0,129.89706420898438,-0.0395527923230091,2.6822143178963214,-4.116956616998927,-3.680031628193544,-1.9264592489769523,1.3386445612808868,-0.0970836571113839,3.964016118054351,-0.4437652499834767,1.3245561561998636
95.0,241.0,129.89706420898438,-0.0395527922899025,2.6822143178588136,-4.116956616998964,-3.6800768655906615,-1.926459248976952,1.3386445612835407,-0.097083657111385,3.964028883419597,-0.4437652499839632,1.3245539261589594
95.0,241.0,129.89706420898438,-0.0395527923256945,2.6822143178956432,-4.116956616998927,-3.68003133298592,-1.9264592489769523,1.3386445612808573,-0.0970836571113839,3.964016118054351,-0.4437652499837168,1.3245561695265655
95.0,241.0,129.89706420898438,-0.0395527923230091,2.6822143178949065,-4.116956616998927,-3.680031628193544,-1.9264592489769523,1.3386445612808873,-0.0970836571113839,3.9640158174562448,-0.4437652499834767,1.3245561559774306
95.0,241.0,129.89706420898438,-0.0395527935519581,2.6822143178956432,-4.1169566169989285,-3.680034675579513,-1.9264592489769523,1.338644561280897,-0.0970836571113839,3.9640291595257153,-0.4437652499837168,1.3245561753996105
95.0,241.0,129.89706420898438,-0.039552792322995,2.6822143178956432,-4.11695661699896,-3.68003133298592,-1.9264592489769523,1.338644561279695,-0.0970836571113839,3.964016118054351,-0.4437652499837168,1.3245561024348156
95.0,241.0,129.89706420898438,-0.0395527923239931,2.6822143178963214,-4.116956616998927,-3.6800316272058016,-1.9264592489769523,1.3386445612797058,-0.0970836571113839,3.964016118054351,-0.4437652499834767,1.3245541276175588
95.0,241.0,129.89706420898438,-0.0395527923229732,2.6822143178956432,-4.116956616998927,-3.68003133298592,-1.9264592489769523,1.3386445612809466,-0.0970836571113839,3.964016118054351,-0.4437652499837168,1.3245561695265655
95.0,241.0,129.89706420898438,-0.0395527935244948,2.682214317896027,-4.116956616998964,-3.6800768655906615,-1.926459248976952,1.3386445612835407,-0.097083657111385,3.964028883419597,-0.4437652499836955,1.3245561994776185
95.0,241.0,129.89706420898438,-0.0395527923230087,2.682214317898301,-4.116956616998966,-3.680034795763581,-1.9264592489769523,1.3386445612809283,-0.0970836571113839,3.9640301612975297,-0.4437652499837168,1.324556087028313
95.0,242.0,129.89486694335938,-0.039552792310517,2.682214317891774,-4.116956616998964,-3.680096364489858,-1.926459248976936,1.3386445612796227,-0.097083657111385,3.964023668568251,-0.4437652499836482,1.322069789819242
95.0,242.0,129.89517211914062,-0.039552792310517,2.682214317891697,-4.116956616998964,-3.6800962721757,-1.926459248976936,1.3386445612797948,-0.097083657111385,3.964023558271626,-0.4437652499839688,1.3220008760504924
95.0,242.0,129.89517211914062,-0.0395527923106867,2.682214317891671,-4.116956616998964,-3.680095637534982,-1.926459248976936,1.3386445612797948,-0.097083657111385,3.964023558271626,-0.4437652499839599,1.3220008760504924
95.0,242.0,129.8953857421875,-0.039552792310517,2.682214317891697,-4.116956616998964,-3.680096364489858,-1.926459248976936,1.3386445612796227,-0.097083657111385,3.964023668568251,-0.4437652499835108,1.3219542159105708
95.0,242.0,129.89671325683594,-0.0395527935519581,2.6822143178956432,-4.11695661699896,-3.680095384428468,-1.9264592489769523,1.338644561280897,-0.0970836571113839,3.9640291616374896,-0.4437652499837168,1.3244302604316702
95.0,242.0,129.89674377441406,-0.0395527923239387,2.682214317896149,-4.116956616998959,-3.680096201392786,-1.9264592489769523,1.3386445612796685,-0.097083657111385,3.964029128136485,-0.4437652499834926,1.3244385489301616
95.0,242.0,129.89674377441406,-0.0395527923239387,2.682214317896093,-4.116956616998959,-3.6800966250357767,-1.9264592489769523,1.3386445612796685,-0.097083657111385,3.9640301955250887,-0.4437652499834926,1.3244385489301616
95.0,242.0,129.89682006835938,-0.0395527923240407,2.682214317896332,-4.116956616998959,-3.6800298425047098,-1.9264592489769523,1.3386445612808584,-0.097083657111385,3.964356512703929,-0.4437652499834827,1.324554122838833
95.0,242.0,129.8968505859375,-0.0395527923239387,2.682214317896332,-4.116956616998959,-3.680096201392786,-1.9264592489769523,1.3386445612797162,-0.097083657111385,3.964356512703929,-0.4437652499834827,1.324554122838833
95.0,242.0,129.8968505859375,-0.0395527923240407,2.682214317896332,-4.116956616998959,-3.680096201392786,-1.9264592489769523,1.3386445612795288,-0.097083657111385,3.964356512703929,-0.4437652499834827,1.324554122838833
95.0,242.0,129.8968505859375,-0.0395527923239387,2.682214317896332,-4.116956616998959,-3.68012956337605,-1.9264592489769523,1.3386445612797162,-0.097083657111385,3.964356512703929,-0.4437652499839817,1.324554122838833
95.0,242.0,129.8968505859375,-0.0395527923239248,2.682214317896332,-4.116956616998959,-3.680095713580192,-1.9264592489769523,1.3386445612795288,-0.097083657111385,3.964359480933207,-0.4437652499834774,1.324554122838833
95.0,242.0,129.8968505859375,-0.0395527923239248,2.682214317896332,-4.116956616998959,-3.680095713580192,-1.9264592489769523,1.3386445612795288,-0.097083657111385,3.964366660434547,-0.4437652499834816,1.324554122838833
95.0,242.0,129.8968505859375,-0.0395527923239387,2.6822143178963738,-4.116956616998959,-3.680100636003458,-1.9264592489769523,1.3386445612797162,-0.097083657111385,3.964356512703929,-0.4437652499837822,1.3245540844173112
95.0,242.0,129.8968505859375,-0.0395527923239387,2.682214317896332,-4.116956616998926,-3.68012956337605,-1.9264592489769523,1.3386445612809676,-0.097083657111385,3.964356512703929,-0.4437652499839817,1.324554122838833
95.0,242.0,129.8968505859375,-0.0395527923239248,2.682214317896332,-4.116956616998959,-3.680095713580192,-1.9264592489769523,1.3386445612795288,-0.097083657111385,3.964359480933207,-0.4437652499834774,1.324554122838833
95.0,242.0,129.8968505859375,-0.0395527923239387,2.682214317896332,-4.116956616998959,-3.680096201392786,-1.9264592489769523,1.338644561279722,-0.097083657111385,3.964356512703929,-0.4437652499834827,1.324554122838833
95.0,242.0,129.8968505859375,-0.0395527923239248,2.682214317896332,-4.116956616998958,-3.680096858196886,-1.9264592489769523,1.3386445612795288,-0.097083657111385,3.964359480933207,-0.443765249983477,1.324554122838833
95.0,242.0,129.8968505859375,-0.0395527923239248,2.682214317896332,-4.116956616998959,-3.680095713580192,-1.9264592489769523,1.338644561279523,-0.097083657111385,3.964359480933207,-0.4437652499834774,1.324554122838833
95.0,242.0,129.8968505859375,-0.0395527922972462,2.682214317896027,-4.116956616998964,-3.6800768655906615,-1.926459248976952,1.3386445612835407,-0.097083657111385,3.964354140197762,-0.4437652499834804,1.32455631486618
95.0,242.0,129.89695739746094,-0.0395527922899025,2.6822143178596254,-4.116956616998964,-3.6800765764512255,-1.926459248976952,1.3386445612833684,-0.097083657111385,3.964028993716224,-0.4437652499834952,1.3245072660190378
95.0,242.0,129.89695739746094,-0.0395527922899025,2.6822143178596254,-4.116956616998964,-3.6800765764512255,-1.926459248976952,1.3386445612833684,-0.097083657111385,3.964028993716224,-0.4437652499834952,1.3245072660190378
95.0,242.0,129.89700317382812,-0.0395527923240407,2.682214317896332,-4.116956616998959,-3.6800298425047098,-1.9264592489769523,1.3386445612808584,-0.097083657111385,3.9640525424972095,-0.4437652499834827,1.324554122838833
95.0,242.0,129.8970184326172,-0.0395527923103086,2.6822143178956432,-4.11695661699896,-3.680027581181321,-1.9264592489769352,1.3386445612796214,-0.0970836571113839,3.964016118054351,-0.4437652499836492,1.3245370289805354
95.0,242.0,129.89703369140625,-0.0395527935261539,2.682214317896323,-4.116956616998928,-3.6800273738755664,-1.9264592489769523,1.3386445612797282,-0.097083657111385,3.964029380578432,-0.4437652499834745,1.3245540690737845
95.0,242.0,129.89703369140625,-0.0395527935412478,2.682214317896323,-4.116956616998928,-3.6800273738755664,-1.9264592489769523,1.3386445612795226,-0.097083657111385,3.964024044082556,-0.4437652499834745,1.3245540690737845
95.0,242.0,129.8970489501953,-0.0395527923230091,2.6822143178963214,-4.116956616998927,-3.680031628442237,-1.9264592489769523,1.3386445612834574,-0.0970836571113839,3.9640306562816585,-0.4437652499834767,1.3245561795748806
95.0,242.0,129.8970489501953,-0.0395527935519581,2.6822143178956432,-4.116956616998927,-3.68003182988933,-1.9264592489769523,1.338644561280897,-0.0970836571113839,3.9640291643496735,-0.4437652499837168,1.3245561753996105
95.0,242.0,129.8970489501953,-0.0395527923230091,2.6822143178974214,-4.116956616998965,-3.680034795763581,-1.9264592489769523,1.338644561280897,-0.0970836571113839,3.9640301612975297,-0.4437652499837168,1.324554084400752
95.0,242.0,129.8970489501953,-0.0395527935519581,2.6822143178584352,-4.116956616998927,-3.68003182988933,-1.9264592489769523,1.338644561280897,-0.0970836571113839,3.9640291643496735,-0.4437652499839585,1.3245539020809514
95.0,242.0,129.8970489501953,-0.0395527923105131,2.682214317839132,-4.116956616998964,-3.680031732508377,-1.9264592489769523,1.338644561280867,-0.097083657111385,3.964028902383181,-0.4437652499839428,1.32455392354306
95.0,242.0,129.8970489501953,-0.0395527935519581,2.682214317894832,-4.116956616998927,-3.680032211342924,-1.9264592489769523,1.338644561280897,-0.0970836571113839,3.9640291643496735,-0.4437652499837268,1.3245561753996105
95.0,242.0,129.8970489501953,-0.0395527935519581,2.682214317894832,-4.116956616998927,-3.680032211591617,-1.9264592489769523,1.338644561280897,-0.0970836571113839,3.9640291643496735,-0.4437652499837268,1.3245561753996105
95.0,242.0,129.8970489501953,-0.0395527935519581,2.6822143178584352,-4.116956616998927,-3.680031310345036,-1.9264592489769523,1.338644561280897,-0.0970836571113839,3.9640291643496735,-0.443765249983708,1.3245539649058249
95.0,242.0,129.8970489501953,-0.0395527923230091,2.6822143178974214,-4.116956616998965,-3.680034795763581,-1.9264592489769523,1.3386445612808977,-0.0970836571113839,3.9640301612975297,-0.4437652499837195,1.324554084400752
95.0,242.0,129.8970489501953,-0.0395527923230087,2.682214317898301,-4.116956616998966,-3.680034795763581,-1.9264592489769523,1.338644561280931,-0.0970836571113839,3.9640301612975297,-0.4437652499837168,1.324554084400752
95.0,242.0,129.8970489501953,-0.0395527923229732,2.6822143178956432,-4.116956616998905,-3.68003133298592,-1.9264592489769523,1.3386445612808429,-0.0970836571113839,3.964028944954781,-0.4437652499837113,1.3245561695265655
95.0,242.0,129.8970489501953,-0.0395527923230091,2.682214317895638,-4.116956616998965,-3.680034819773206,-1.9264592489769523,1.338644561280897,-0.0970836571113839,3.9640301612975297,-0.4437652499837168,1.324554084400752
95.0,242.0,129.8970489501953,-0.039552792280857,2.682214317894832,-4.116956616998919,-3.680032226846846,-1.9264592489769523,1.338644561280897,-0.0970836571113839,3.9640291643496735,-0.4437652499837268,1.3245562071822714
95.0,242.0,129.8970489501953,-0.0395527923105131,2.682214317887888,-4.116956616998964,-3.680031542311063,-1.926459248976936,1.338644561280867,-0.097083657111385,3.9640289870035823,-0.4437652499836572,1.32455392354306
95.0,242.0,129.8970489501953,-0.0395527923230087,2.6822143178983486,-4.116956616998966,-3.680040315153382,-1.9264592489769523,1.338644561280931,-0.0970836571113839,3.9640301612975297,-0.4437652499837133,1.324554084400752
95.0,242.0,129.8970489501953,-0.0395527935519581,2.6822143178584352,-4.116956616998927,-3.68003182988933,-1.9264592489769523,1.338644561280897,-0.0970836571113839,3.9640291643496735,-0.4437652499834938,1.3245539020809514
95.0,242.0,129.89706420898438,-0.0395527923230091,2.6822143178956432,-4.116956616998927,-3.68003182988933,-1.9264592489769523,1.338644561280897,-0.0970836571113839,3.964016118054351,-0.4437652499837168,1.3245561024348156
95.0,242.0,129.89706420898438,-0.039552792322995,2.6822143178956432,-4.116956616998927,-3.68003133298592,-1.9264592489769523,1.3386445612809466,-0.0970836571113839,3.964016118054351,-0.4437652499837168,1.3245561024348156
95.0,242.0,129.89706420898438,-0.0395527923229732,2.6822143178956432,-4.116956616998927,-3.68003133298592,-1.9264592489769523,1.3386445612808429,-0.0970836571113839,3.964016118054351,-0.4437652499837168,1.3245561695265655
95.0,242.0,129.89706420898438,-0.0395527923230091,2.6822143178963214,-4.116956616998927,-3.680031628442237,-1.9264592489769523,1.3386445612808868,-0.0970836571113839,3.964016118054351,-0.4437652499834767,1.3245561561998636
95.0,242.0,129.89706420898438,-0.0395527922899025,2.6822143178588136,-4.116956616998964,-3.6800768655906615,-1.926459248976952,1.3386445612835407,-0.097083657111385,3.964028883419597,-0.4437652499839632,1.3245539261589594
95.0,242.0,129.89706420898438,-0.0395527923229732,2.6822143178956432,-4.116956616998927,-3.68003133298592,-1.9264592489769523,1.3386445612808429,-0.0970836571113839,3.964016118054351,-0.4437652499837113,1.3245561695265655
95.0,242.0,129.89706420898438,-0.0395527923229732,2.6822143178956432,-4.116956616998927,-3.68003133298592,-1.9264592489769523,1.3386445612808573,-0.0970836571113839,3.964016118054351,-0.4437652499837168,1.3245561695265655
95.0,242.0,129.89706420898438,-0.039552792322995,2.6822143178956432,-4.116956616998927,-3.68003133298592,-1.9264592489769523,1.3386445612808426,-0.0970836571113839,3.964016118054351,-0.4437652499837168,1.3245561024348156
95.0,243.0,129.89486694335938,-0.039552792310517,2.682214317891774,-4.116956616998964,-3.680096364489858,-1.926459248976936,1.3386445612796227,-0.097083657111385,3.964023668568251,-0.4437652499836482,1.322069789819242
95.0,243.0,129.8949432373047,-0.0395527923244812,2.682214317891697,-4.116956616998964,-3.680095715290233,-1.926459248976954,1.3386445612795166,-0.097083657111385,3.964366032749808,-0.4437652499834933,1.3220008760504924
95.0,243.0,129.89517211914062,-0.039552792310517,2.682214317891697,-4.116956616998964,-3.6800962721757,-1.926459248976936,1.3386445612797948,-0.097083657111385,3.964023558271626,-0.4437652499839688,1.3220008760504924
95.0,243.0,129.89517211914062,-0.0395527923106867,2.682214317891671,-4.116956616998964,-3.680095637534982,-1.926459248976936,1.3386445612797948,-0.097083657111385,3.964023558271626,-0.4437652499839599,1.3220008760504924
95.0,243.0,129.8951873779297,-0.0395527923240407,2.682214317896332,-4.116956616998959,-3.6800298425047098,-1.926459248976936,1.3386445612808788,-0.097083657111385,3.964361053478208,-0.4437652499834834,1.321946075073255
95.0,243.0,129.8953857421875,-0.039552792310517,2.682214317891697,-4.116956616998964,-3.680096364489858,-1.926459248976936,1.3386445612796227,-0.097083657111385,3.964023668568251,-0.4437652499835108,1.3219542159105708
95.0,243.0,129.89649963378906,-0.0395527923229258,2.682214317896027,-4.116956616998964,-3.6800768655906615,-1.926459248976952,1.3386445612835407,-0.097083657111385,3.964354140197762,-0.4437652499834929,1.3244327172557715
95.0,243.0,129.89666748046875,-0.0395527935336559,2.6822143178956326,-4.11695661699896,-3.680095696975597,-1.9264592489769523,1.3386445612795177,-0.0970836571113839,3.9640291616374896,-0.4437652499837168,1.324419182540871
95.0,243.0,129.89671325683594,-0.0395527935519581,2.6822143178956432,-4.11695661699896,-3.680095384428468,-1.9264592489769523,1.338644561280897,-0.0970836571113839,3.9640291616374896,-0.4437652499837168,1.3244302604316702
95.0,243.0,129.89671325683594,-0.0395527923688372,2.6822143178956432,-4.11695661699896,-3.680095384428468,-1.9264592489769523,1.3386445612808964,-0.0970836571113839,3.964029359858954,-0.4437652499837168,1.3244302604316702
95.0,243.0,129.896728515625,-0.0395527923103086,2.682214317896148,-4.11695661699896,-3.680027581181321,-1.9264592489769352,1.3386445612796245,-0.0970836571113839,3.964016288293249,-0.4437652499836492,1.3244378375076569
95.0,243.0,129.89674377441406,-0.0395527923239387,2.682214317896149,-4.116956616998959,-3.680096201392786,-1.9264592489769523,1.3386445612796685,-0.097083657111385,3.964029128136485,-0.4437652499834926,1.3244385489301616
95.0,243.0,129.89674377441406,-0.0395527923239387,2.682214317896093,-4.116956616998959,-3.6800966250357767,-1.9264592489769523,1.3386445612796685,-0.097083657111385,3.9640301955250887,-0.4437652499834926,1.3244385489301616
95.0,243.0,129.89682006835938,-0.0395527923240407,2.682214317896332,-4.116956616998959,-3.6800298425047098,-1.9264592489769523,1.3386445612808584,-0.097083657111385,3.964356512703929,-0.4437652499834827,1.324554122838833
95.0,243.0,129.89682006835938,-0.0395527923240407,2.682214317896332,-4.116956616998959,-3.6800298425047098,-1.9264592489769523,1.3386445612808584,-0.097083657111385,3.964356512703929,-0.4437652499834827,1.324554122838833
95.0,243.0,129.89683532714844,-0.0395527923239248,2.682214317896332,-4.116956616998959,-3.680038300733732,-1.9264592489769523,1.3386445612795288,-0.097083657111385,3.964359622920185,-0.4437652499834774,1.324554122838833
95.0,243.0,129.8968505859375,-0.0395527923239387,2.682214317896332,-4.116956616998959,-3.680096201392786,-1.9264592489769523,1.3386445612797162,-0.097083657111385,3.964356512703929,-0.4437652499834827,1.324554122838833
95.0,243.0,129.8968505859375,-0.0395527923240407,2.682214317896332,-4.116956616998959,-3.680096201392786,-1.9264592489769523,1.3386445612795288,-0.097083657111385,3.964356512703929,-0.4437652499834827,1.324554122838833
95.0,243.0,129.8968505859375,-0.0395527923239387,2.682214317896332,-4.116956616998959,-3.68012956337605,-1.9264592489769523,1.3386445612797162,-0.097083657111385,3.964356512703929,-0.4437652499839817,1.324554122838833
95.0,243.0,129.8968505859375,-0.0395527923239248,2.682214317896332,-4.116956616998959,-3.680095713580192,-1.9264592489769523,1.3386445612795288,-0.097083657111385,3.964359480933207,-0.4437652499834774,1.324554122838833
95.0,243.0,129.8968505859375,-0.0395527923239248,2.682214317896332,-4.116956616998959,-3.680095713580192,-1.9264592489769523,1.3386445612795288,-0.097083657111385,3.964366660434547,-0.4437652499834816,1.324554122838833
95.0,243.0,129.8968505859375,-0.0395527923239387,2.6822143178963738,-4.116956616998959,-3.680100636003458,-1.9264592489769523,1.3386445612797162,-0.097083657111385,3.964356512703929,-0.4437652499837822,1.3245540844173112
95.0,243.0,129.8968505859375,-0.0395527923239387,2.682214317896332,-4.116956616998926,-3.68012956337605,-1.9264592489769523,1.3386445612809676,-0.097083657111385,3.964356512703929,-0.4437652499839817,1.324554122838833
95.0,243.0,129.8968505859375,-0.0395527923239248,2.682214317896332,-4.116956616998959,-3.680095713580192,-1.9264592489769523,1.3386445612795288,-0.097083657111385,3.964359480933207,-0.4437652499834774,1.324554122838833
95.0,243.0,129.8968505859375,-0.0395527923239387,2.682214317896332,-4.116956616998959,-3.680096201392786,-1.9264592489769523,1.338644561279722,-0.097083657111385,3.964356512703929,-0.4437652499834827,1.324554122838833
95.0,243.0,129.8968505859375,-0.0395527923239248,2.682214317896332,-4.116956616998958,-3.680096858196886,-1.9264592489769523,1.3386445612795288,-0.097083657111385,3.964359480933207,-0.443765249983477,1.324554122838833
95.0,243.0,129.8968505859375,-0.0395527923239248,2.682214317896332,-4.116956616998959,-3.680095713580192,-1.9264592489769523,1.338644561279523,-0.097083657111385,3.964359480933207,-0.4437652499834774,1.324554122838833
95.0,243.0,129.8968505859375,-0.0395527922972462,2.682214317896027,-4.116956616998964,-3.6800768655906615,-1.926459248976952,1.3386445612835407,-0.097083657111385,3.964354140197762,-0.4437652499834804,1.32455631486618
95.0,243.0,129.89688110351562,-0.039552792342227,2.6822143178963422,-4.116956616998959,-3.680095401033064,-1.9264592489769523,1.3386445612809084,-0.097083657111385,3.964366660434547,-0.4437652499834816,1.3245652007296318
95.0,243.0,129.89695739746094,-0.0395527922899025,2.6822143178596254,-4.116956616998964,-3.6800765764512255,-1.926459248976952,1.3386445612833684,-0.097083657111385,3.964028993716224,-0.4437652499834952,1.3245072660190378
95.0,243.0,129.89695739746094,-0.0395527922899025,2.6822143178596254,-4.116956616998964,-3.6800765764512255,-1.926459248976952,1.3386445612833684,-0.097083657111385,3.964028993716224,-0.4437652499834952,1.3245072660190378
95.0,243.0,129.89695739746094,-0.0395527923229852,2.682214317860997,-4.116956616998964,-3.680077192135553,-1.926459248976952,1.3386445612831923,-0.097083657111385,3.964028993716224,-0.4437652499834952,1.3245072660190378
95.0,243.0,129.89700317382812,-0.0395527923240407,2.682214317896332,-4.116956616998959,-3.6800298425047098,-1.9264592489769523,1.3386445612808584,-0.097083657111385,3.9640525424972095,-0.4437652499834827,1.324554122838833
95.0,243.0,129.8970184326172,-0.0395527923103086,2.6822143178956432,-4.11695661699896,-3.680027581181321,-1.9264592489769352,1.3386445612796214,-0.0970836571113839,3.964016118054351,-0.4437652499836492,1.3245370289805354
95.0,243.0,129.89703369140625,-0.0395527935261539,2.682214317896323,-4.116956616998928,-3.6800273738755664,-1.9264592489769523,1.3386445612797282,-0.097083657111385,3.964029380578432,-0.4437652499834745,1.3245540690737845
95.0,243.0,129.89703369140625,-0.0395527935412478,2.682214317896323,-4.116956616998928,-3.6800273738755664,-1.9264592489769523,1.3386445612795226,-0.097083657111385,3.964024044082556,-0.4437652499834745,1.3245540690737845
95.0,243.0,129.89703369140625,-0.0395527935261539,2.682214317860955,-4.116956616998928,-3.6800273738755664,-1.9264592489769523,1.3386445612809243,-0.097083657111385,3.964029379459552,-0.4437652499834745,1.3245539697667792
95.0,243.0,129.89703369140625,-0.0395527923239387,2.682214317895645,-4.116956616998959,-3.680096201392786,-1.9264592489769523,1.3386445612796656,-0.097083657111385,3.964028957897587,-0.4437652499834926,1.3245377404030405
95.0,243.0,129.89703369140625,-0.0395527923360875,2.682214317896323,-4.116956616998928,-3.6800273738755664,-1.9264592489769523,1.338644561279723,-0.097083657111385,3.964024044082556,-0.4437652499834745,1.3245541235362217
95.0,243.0,129.8970489501953,-0.0395527923230091,2.6822143178963214,-4.116956616998927,-3.680031628442237,-1.9264592489769523,1.3386445612834574,-0.0970836571113839,3.9640306562816585,-0.4437652499834767,1.3245561795748806
95.0,243.0,129.8970489501953,-0.0395527935519581,2.6822143178956432,-4.116956616998927,-3.68003182988933,-1.9264592489769523,1.338644561280897,-0.0970836571113839,3.9640291643496735,-0.4437652499837168,1.3245561753996105
95.0,243.0,129.8970489501953,-0.0395527923230091,2.6822143178974214,-4.116956616998965,-3.680034795763581,-1.9264592489769523,1.338644561280897,-0.0970836571113839,3.9640301612975297,-0.4437652499837168,1.324554084400752
95.0,243.0,129.8970489501953,-0.0395527935519581,2.6822143178584352,-4.116956616998927,-3.68003182988933,-1.9264592489769523,1.338644561280897,-0.0970836571113839,3.9640291643496735,-0.4437652499839585,1.3245539020809514
95.0,243.0,129.8970489501953,-0.0395527923105131,2.682214317839132,-4.116956616998964,-3.680031732508377,-1.9264592489769523,1.338644561280867,-0.097083657111385,3.964028902383181,-0.4437652499839428,1.32455392354306
95.0,243.0,129.8970489501953,-0.0395527935519581,2.682214317894832,-4.116956616998927,-3.680032211342924,-1.9264592489769523,1.338644561280897,-0.0970836571113839,3.9640291643496735,-0.4437652499837268,1.3245561753996105
95.0,243.0,129.8970489501953,-0.0395527935519581,2.682214317894832,-4.116956616998927,-3.680032211591617,-1.9264592489769523,1.338644561280897,-0.0970836571113839,3.9640291643496735,-0.4437652499837268,1.3245561753996105
95.0,243.0,129.8970489501953,-0.0395527935519581,2.6822143178584352,-4.116956616998927,-3.680031310345036,-1.9264592489769523,1.338644561280897,-0.0970836571113839,3.9640291643496735,-0.443765249983708,1.3245539649058249
95.0,243.0,129.8970489501953,-0.0395527923230091,2.6822143178974214,-4.116956616998965,-3.680034795763581,-1.9264592489769523,1.3386445612808977,-0.0970836571113839,3.9640301612975297,-0.4437652499837195,1.324554084400752
95.0,243.0,129.8970489501953,-0.0395527923230087,2.682214317898301,-4.116956616998966,-3.680034795763581,-1.9264592489769523,1.338644561280931,-0.0970836571113839,3.9640301612975297,-0.4437652499837168,1.324554084400752
95.0,243.0,129.8970489501953,-0.0395527923229732,2.6822143178956432,-4.116956616998905,-3.68003133298592,-1.9264592489769523,1.3386445612808429,-0.0970836571113839,3.964028944954781,-0.4437652499837113,1.3245561695265655
95.0,244.0,129.89486694335938,-0.039552792310517,2.682214317891774,-4.116956616998964,-3.680096364489858,-1.926459248976936,1.3386445612796227,-0.097083657111385,3.964023668568251,-0.4437652499836482,1.322069789819242
95.0,244.0,129.89486694335938,-0.039552792310517,2.6822143178956,-4.116956616998964,-3.680096122579717,-1.926459248976936,1.3386445612796227,-0.097083657111385,3.964023668568251,-0.4437652499836482,1.322069789819242
95.0,244.0,129.8949432373047,-0.0395527923244812,2.682214317891697,-4.116956616998964,-3.680095715290233,-1.926459248976954,1.3386445612795166,-0.097083657111385,3.964366032749808,-0.4437652499834933,1.3220008760504924
95.0,244.0,129.8949432373047,-0.0395527923244812,2.6822143178916704,-4.116956616998964,-3.6800957204594233,-1.926459248976954,1.338644561279513,-0.097083657111385,3.9643546600660375,-0.4437652499834933,1.3220008760504924
95.0,244.0,129.89517211914062,-0.039552792310517,2.682214317891697,-4.116956616998964,-3.6800962721757,-1.926459248976936,1.3386445612797948,-0.097083657111385,3.964023558271626,-0.4437652499839688,1.3220008760504924
95.0,244.0,129.89517211914062,-0.0395527923106867,2.682214317891671,-4.116956616998964,-3.680095637534982,-1.926459248976936,1.3386445612797948,-0.097083657111385,3.964023558271626,-0.4437652499839599,1.3220008760504924
95.0,244.0,129.8951873779297,-0.0395527923240407,2.682214317896332,-4.116956616998959,-3.6800298425047098,-1.926459248976936,1.3386445612808788,-0.097083657111385,3.964361053478208,-0.4437652499834834,1.321946075073255
95.0,244.0,129.8953857421875,-0.039552792310517,2.682214317891697,-4.116956616998964,-3.680096364489858,-1.926459248976936,1.3386445612796227,-0.097083657111385,3.964023668568251,-0.4437652499835108,1.3219542159105708
95.0,244.0,129.8953857421875,-0.0395527923101349,2.682214317891481,-4.116956616998964,-3.680096197505053,-1.9264592489769523,1.3386445612796245,-0.097083657111385,3.964026172580104,-0.4437652499835108,1.3219542159105708
95.0,244.0,129.89649963378906,-0.0395527923229258,2.682214317896027,-4.116956616998964,-3.6800768655906615,-1.926459248976952,1.3386445612835407,-0.097083657111385,3.964354140197762,-0.4437652499834929,1.3244327172557715
95.0,244.0,129.89651489257812,-0.0395527923239387,2.682214317896093,-4.116956616998959,-3.680096602959366,-1.9264592489769523,1.3386445612795308,-0.097083657111385,3.964381495744322,-0.4437652499834925,1.3244385489301616
95.0,244.0,129.89654541015625,-0.0395527923242804,2.6822143178617246,-4.116956616998964,-3.680095774451974,-1.926459248976952,1.3386445612833684,-0.097083657111385,3.96402595038503,-0.4437652499834952,1.3217529706899114
95.0,244.0,129.89666748046875,-0.0395527935336559,2.6822143178956326,-4.11695661699896,-3.680095696975597,-1.9264592489769523,1.3386445612795177,-0.0970836571113839,3.9640291616374896,-0.4437652499837168,1.324419182540871
95.0,244.0,129.89671325683594,-0.0395527935519581,2.6822143178956432,-4.11695661699896,-3.680095384428468,-1.9264592489769523,1.338644561280897,-0.0970836571113839,3.9640291616374896,-0.4437652499837168,1.3244302604316702
95.0,244.0,129.89671325683594,-0.0395527923688372,2.6822143178956432,-4.11695661699896,-3.680095384428468,-1.9264592489769523,1.3386445612808964,-0.0970836571113839,3.964029359858954,-0.4437652499837168,1.3244302604316702
95.0,244.0,129.89671325683594,-0.0395527923688372,2.6822143178956432,-4.11695661699896,-3.680095384428468,-1.9264592489769523,1.3386445612808964,-0.0970836571113839,3.964029163011171,-0.4437652499837168,1.3244302604316702
95.0,244.0,129.896728515625,-0.0395527923103086,2.682214317896148,-4.11695661699896,-3.680027581181321,-1.9264592489769352,1.3386445612796245,-0.0970836571113839,3.964016288293249,-0.4437652499836492,1.3244378375076569
95.0,244.0,129.896728515625,-0.0395527922969522,2.682214317896027,-4.116956616998964,-3.680079934533798,-1.926459248976952,1.3386445612835325,-0.097083657111385,3.964354140197762,-0.4437652499834804,1.3245025962707462
95.0,244.0,129.89674377441406,-0.0395527923239387,2.682214317896149,-4.116956616998959,-3.680096201392786,-1.9264592489769523,1.3386445612796685,-0.097083657111385,3.964029128136485,-0.4437652499834926,1.3244385489301616
95.0,244.0,129.89674377441406,-0.0395527923239387,2.682214317896093,-4.116956616998959,-3.6800966250357767,-1.9264592489769523,1.3386445612796685,-0.097083657111385,3.9640301955250887,-0.4437652499834926,1.3244385489301616
95.0,244.0,129.89674377441406,-0.0395527923239406,2.682214317896093,-4.116956616998959,-3.6800965914377866,-1.9264592489769523,1.3386445612795286,-0.097083657111385,3.9640301955250887,-0.4437652499834927,1.3244385489301616
95.0,244.0,129.89675903320312,-0.0395527923240407,2.682214317896332,-4.116956616998959,-3.680093482929764,-1.9264592489769523,1.3386445612808584,-0.097083657111385,3.964017362639187,-0.4437652499834827,1.324440748391445
95.0,244.0,129.89682006835938,-0.0395527923240407,2.682214317896332,-4.116956616998959,-3.6800298425047098,-1.9264592489769523,1.3386445612808584,-0.097083657111385,3.964356512703929,-0.4437652499834827,1.324554122838833
95.0,244.0,129.89682006835938,-0.0395527923240407,2.682214317896332,-4.116956616998959,-3.6800298425047098,-1.9264592489769523,1.3386445612808584,-0.097083657111385,3.964356512703929,-0.4437652499834827,1.324554122838833
95.0,244.0,129.89682006835938,-0.0395527923399656,2.682214317896332,-4.116956616998959,-3.6800298425047098,-1.9264592489769523,1.3386445612808584,-0.097083657111385,3.964356512703929,-0.4437652499834827,1.324554122838833
95.0,244.0,129.89683532714844,-0.0395527923239248,2.682214317896332,-4.116956616998959,-3.680038300733732,-1.9264592489769523,1.3386445612795288,-0.097083657111385,3.964359622920185,-0.4437652499834774,1.324554122838833
95.0,244.0,129.8968505859375,-0.0395527923239387,2.682214317896332,-4.116956616998959,-3.680096201392786,-1.9264592489769523,1.3386445612797162,-0.097083657111385,3.964356512703929,-0.4437652499834827,1.324554122838833
95.0,244.0,129.8968505859375,-0.0395527923240407,2.682214317896332,-4.116956616998959,-3.680096201392786,-1.9264592489769523,1.3386445612795288,-0.097083657111385,3.964356512703929,-0.4437652499834827,1.324554122838833
95.0,244.0,129.8968505859375,-0.0395527923239387,2.682214317896332,-4.116956616998959,-3.68012956337605,-1.9264592489769523,1.3386445612797162,-0.097083657111385,3.964356512703929,-0.4437652499839817,1.324554122838833
95.0,244.0,129.8968505859375,-0.0395527923239248,2.682214317896332,-4.116956616998959,-3.680095713580192,-1.9264592489769523,1.3386445612795288,-0.097083657111385,3.964359480933207,-0.4437652499834774,1.324554122838833
95.0,244.0,129.8968505859375,-0.0395527923239248,2.682214317896332,-4.116956616998959,-3.680095713580192,-1.9264592489769523,1.3386445612795288,-0.097083657111385,3.964366660434547,-0.4437652499834816,1.324554122838833
95.0,244.0,129.8968505859375,-0.0395527923239387,2.6822143178963738,-4.116956616998959,-3.680100636003458,-1.9264592489769523,1.3386445612797162,-0.097083657111385,3.964356512703929,-0.4437652499837822,1.3245540844173112
95.0,244.0,129.8968505859375,-0.0395527923239387,2.682214317896332,-4.116956616998926,-3.68012956337605,-1.9264592489769523,1.3386445612809676,-0.097083657111385,3.964356512703929,-0.4437652499839817,1.324554122838833
95.0,244.0,129.8968505859375,-0.0395527923239248,2.682214317896332,-4.116956616998959,-3.680095713580192,-1.9264592489769523,1.3386445612795288,-0.097083657111385,3.964359480933207,-0.4437652499834774,1.324554122838833
95.0,244.0,129.8968505859375,-0.0395527923239387,2.682214317896332,-4.116956616998959,-3.680096201392786,-1.9264592489769523,1.338644561279722,-0.097083657111385,3.964356512703929,-0.4437652499834827,1.324554122838833
95.0,244.0,129.8968505859375,-0.0395527923239248,2.682214317896332,-4.116956616998958,-3.680096858196886,-1.9264592489769523,1.3386445612795288,-0.097083657111385,3.964359480933207,-0.443765249983477,1.324554122838833
95.0,244.0,129.8968505859375,-0.0395527923239248,2.682214317896332,-4.116956616998959,-3.680095713580192,-1.9264592489769523,1.338644561279523,-0.097083657111385,3.964359480933207,-0.4437652499834774,1.324554122838833
95.0,244.0,129.8968505859375,-0.0395527922972462,2.682214317896027,-4.116956616998964,-3.6800768655906615,-1.926459248976952,1.3386445612835407,-0.097083657111385,3.964354140197762,-0.4437652499834804,1.32455631486618
95.0,244.0,129.8968505859375,-0.0395527923245511,2.6822143178915283,-4.116956616998959,-3.6800968531383615,-1.9264592489769523,1.3386445612795317,-0.097083657111385,3.964359622920185,-0.4437652499834774,1.324554122838833
95.0,244.0,129.8968505859375,-0.0395527923243208,2.6822143178965474,-4.116956616998959,-3.6800963683775927,-1.9264592489769363,1.3386445612797144,-0.097083657111385,3.964354008692077,-0.4437652499834827,1.324554122838833
95.0,244.0,129.8968505859375,-0.0395527923239229,2.682214317896332,-4.116956616998959,-3.680095747178182,-1.9264592489769523,1.338644561279669,-0.097083657111385,3.964366660434547,-0.4437652499834815,1.324554122838833
95.0,244.0,129.8968505859375,-0.0395527923800438,2.6822143178956326,-4.11695661699896,-3.6800953960836513,-1.9264592489769523,1.3386445612808386,-0.0970836571113839,3.964351704655861,-0.4437652499837168,1.3245577431480615
95.0,244.0,129.89688110351562,-0.039552792342227,2.6822143178963422,-4.116956616998959,-3.680095401033064,-1.9264592489769523,1.3386445612809084,-0.097083657111385,3.964366660434547,-0.4437652499834816,1.3245652007296318
95.0,244.0,129.89695739746094,-0.0395527922899025,2.6822143178596254,-4.116956616998964,-3.6800765764512255,-1.926459248976952,1.3386445612833684,-0.097083657111385,3.964028993716224,-0.4437652499834952,1.3245072660190378
95.0,244.0,129.89695739746094,-0.0395527922899025,2.6822143178596254,-4.116956616998964,-3.6800765764512255,-1.926459248976952,1.3386445612833684,-0.097083657111385,3.964028993716224,-0.4437652499834952,1.3245072660190378
95.0,244.0,129.89695739746094,-0.0395527923229852,2.682214317860997,-4.116956616998964,-3.680077192135553,-1.926459248976952,1.3386445612831923,-0.097083657111385,3.964028993716224,-0.4437652499834952,1.3245072660190378
95.0,244.0,129.89700317382812,-0.0395527923240407,2.682214317896332,-4.116956616998959,-3.6800298425047098,-1.9264592489769523,1.3386445612808584,-0.097083657111385,3.9640525424972095,-0.4437652499834827,1.324554122838833
95.0,244.0,129.8970184326172,-0.0395527923103086,2.6822143178956432,-4.11695661699896,-3.680027581181321,-1.9264592489769352,1.3386445612796214,-0.0970836571113839,3.964016118054351,-0.4437652499836492,1.3245370289805354
95.0,244.0,129.8970184326172,-0.0395527923103086,2.6822143178918183,-4.11695661699896,-3.680027823091464,-1.9264592489769352,1.3386445612796214,-0.0970836571113839,3.964016118054351,-0.4437652499836492,1.3245370289805354
95.0,244.0,129.89703369140625,-0.0395527935261539,2.682214317896323,-4.116956616998928,-3.6800273738755664,-1.9264592489769523,1.3386445612797282,-0.097083657111385,3.964029380578432,-0.4437652499834745,1.3245540690737845
95.0,245.0,129.89486694335938,-0.039552792310517,2.682214317891774,-4.116956616998964,-3.680096364489858,-1.926459248976936,1.3386445612796227,-0.097083657111385,3.964023668568251,-0.4437652499836482,1.322069789819242
95.0,245.0,129.89486694335938,-0.039552792310517,2.6822143178956,-4.116956616998964,-3.680096122579717,-1.926459248976936,1.3386445612796227,-0.097083657111385,3.964023668568251,-0.4437652499836482,1.322069789819242
95.0,245.0,129.89486694335938,-0.039552792310517,2.6822143178956,-4.116956616998964,-3.680096122579717,-1.926459248976936,1.3386445612796227,-0.097083657111385,3.964023668568251,-0.4437652499836482,1.322069789819242
95.0,245.0,129.89492797851562,-0.039552792310517,2.6822143178956,-4.116956616998964,-3.680096606829963,-1.926459248976936,1.3386445612796238,-0.097083657111385,3.964023668568251,-0.4437652499836539,1.3220586978376634
95.0,245.0,129.8949432373047,-0.0395527923244812,2.682214317891697,-4.116956616998964,-3.680095715290233,-1.926459248976954,1.3386445612795166,-0.097083657111385,3.964366032749808,-0.4437652499834933,1.3220008760504924
95.0,245.0,129.8949432373047,-0.0395527923244812,2.6822143178916704,-4.116956616998964,-3.6800957204594233,-1.926459248976954,1.338644561279513,-0.097083657111385,3.9643546600660375,-0.4437652499834933,1.3220008760504924
95.0,245.0,129.8949432373047,-0.0395527923244945,2.682214317891697,-4.116956616998964,-3.6800957479238825,-1.926459248976954,1.338644561279513,-0.097083657111385,3.964366032749808,-0.4437652499834933,1.3220008760504924
95.0,245.0,129.89517211914062,-0.039552792310517,2.682214317891697,-4.116956616998964,-3.6800962721757,-1.926459248976936,1.3386445612797948,-0.097083657111385,3.964023558271626,-0.4437652499839688,1.3220008760504924
95.0,245.0,129.89517211914062,-0.0395527923106867,2.682214317891671,-4.116956616998964,-3.680095637534982,-1.926459248976936,1.3386445612797948,-0.097083657111385,3.964023558271626,-0.4437652499839599,1.3220008760504924
95.0,245.0,129.89517211914062,-0.0395527923106867,2.6822143178919453,-4.116956616998964,-3.6800951819125465,-1.9264592489769523,1.3386445612797948,-0.097083657111385,3.964023221828912,-0.4437652499839599,1.3220008760504924
95.0,245.0,129.89517211914062,-0.0395527923101349,2.682214317891481,-4.116956616998964,-3.680096199477243,-1.9264592489769523,1.3386445612796245,-0.097083657111385,3.964026185471277,-0.4437652499835108,1.3220010050973268
95.0,245.0,129.8951873779297,-0.0395527923240407,2.682214317896332,-4.116956616998959,-3.6800298425047098,-1.926459248976936,1.3386445612808788,-0.097083657111385,3.964361053478208,-0.4437652499834834,1.321946075073255
95.0,245.0,129.8953857421875,-0.039552792310517,2.682214317891697,-4.116956616998964,-3.680096364489858,-1.926459248976936,1.3386445612796227,-0.097083657111385,3.964023668568251,-0.4437652499835108,1.3219542159105708
95.0,245.0,129.8953857421875,-0.0395527923101349,2.682214317891481,-4.116956616998964,-3.680096197505053,-1.9264592489769523,1.3386445612796245,-0.097083657111385,3.964026172580104,-0.4437652499835108,1.3219542159105708
95.0,245.0,129.89622497558594,-0.0395527923239218,2.682214317896332,-4.116956616998959,-3.680095713580192,-1.9264592489769523,1.3386445612795288,-0.097083657111385,3.964349225914032,-0.4437652499834774,1.3217670925474023
95.0,245.0,129.8964385986328,-0.0395527935336559,2.6822143178956326,-4.11695661699896,-3.680095696975597,-1.9264592489769523,1.3386445612795177,-0.0970836571113839,3.964373731858439,-0.4437652499837168,1.324419182540871
95.0,245.0,129.89649963378906,-0.0395527923229258,2.682214317896027,-4.116956616998964,-3.6800768655906615,-1.926459248976952,1.3386445612835407,-0.097083657111385,3.964354140197762,-0.4437652499834929,1.3244327172557715
95.0,245.0,129.89649963378906,-0.0395527923104718,2.682214317896027,-4.116956616998964,-3.6800768655906615,-1.926459248976952,1.3386445612835407,-0.097083657111385,3.964354140197762,-0.4437652499834929,1.3244327172557715
95.0,245.0,129.89649963378906,-0.0395527923229216,2.682214317896027,-4.116956616998964,-3.6800768655906615,-1.926459248976952,1.3386445612835407,-0.097083657111385,3.964354140197762,-0.4437652499834929,1.3244327172557715
95.0,245.0,129.89651489257812,-0.0395527923239387,2.682214317896093,-4.116956616998959,-3.680096602959366,-1.9264592489769523,1.3386445612795308,-0.097083657111385,3.964381495744322,-0.4437652499834925,1.3244385489301616
95.0,245.0,129.89651489257812,-0.0395527923240407,2.682214317896332,-4.116956616998959,-3.6800298425047098,-1.9264592489769523,1.3386445612808584,-0.097083657111385,3.964356512703929,-0.4437652499834827,1.3244445240997564
95.0,245.0,129.89654541015625,-0.0395527923242804,2.6822143178617246,-4.116956616998964,-3.680095774451974,-1.926459248976952,1.3386445612833684,-0.097083657111385,3.96402595038503,-0.4437652499834952,1.3217529706899114
95.0,245.0,129.89666748046875,-0.0395527935336559,2.6822143178956326,-4.11695661699896,-3.680095696975597,-1.9264592489769523,1.3386445612795177,-0.0970836571113839,3.9640291616374896,-0.4437652499837168,1.324419182540871
95.0,245.0,129.8966827392578,-0.0395527923240407,2.68221431789154,-4.116956616998959,-3.6800298425047098,-1.926459248976936,1.3386445612795326,-0.097083657111385,3.964359646233344,-0.4437652499834834,1.3244904132596895
95.0,245.0,129.89671325683594,-0.0395527935519581,2.6822143178956432,-4.11695661699896,-3.680095384428468,-1.9264592489769523,1.338644561280897,-0.0970836571113839,3.9640291616374896,-0.4437652499837168,1.3244302604316702
95.0,245.0,129.89671325683594,-0.0395527923688372,2.6822143178956432,-4.11695661699896,-3.680095384428468,-1.9264592489769523,1.3386445612808964,-0.0970836571113839,3.964029359858954,-0.4437652499837168,1.3244302604316702
95.0,245.0,129.89671325683594,-0.0395527923688372,2.6822143178956432,-4.11695661699896,-3.680095384428468,-1.9264592489769523,1.3386445612808964,-0.0970836571113839,3.964029163011171,-0.4437652499837168,1.3244302604316702
95.0,245.0,129.896728515625,-0.0395527923103086,2.682214317896148,-4.11695661699896,-3.680027581181321,-1.9264592489769352,1.3386445612796245,-0.0970836571113839,3.964016288293249,-0.4437652499836492,1.3244378375076569
95.0,245.0,129.896728515625,-0.0395527922969522,2.682214317896027,-4.116956616998964,-3.680079934533798,-1.926459248976952,1.3386445612835325,-0.097083657111385,3.964354140197762,-0.4437652499834804,1.3245025962707462
95.0,245.0,129.89674377441406,-0.0395527923239387,2.682214317896149,-4.116956616998959,-3.680096201392786,-1.9264592489769523,1.3386445612796685,-0.097083657111385,3.964029128136485,-0.4437652499834926,1.3244385489301616
95.0,245.0,129.89674377441406,-0.0395527923239387,2.682214317896093,-4.116956616998959,-3.6800966250357767,-1.9264592489769523,1.3386445612796685,-0.097083657111385,3.9640301955250887,-0.4437652499834926,1.3244385489301616
95.0,245.0,129.89674377441406,-0.0395527923239406,2.682214317896093,-4.116956616998959,-3.6800965914377866,-1.9264592489769523,1.3386445612795286,-0.097083657111385,3.9640301955250887,-0.4437652499834927,1.3244385489301616
95.0,245.0,129.89675903320312,-0.0395527923240407,2.682214317896332,-4.116956616998959,-3.680093482929764,-1.9264592489769523,1.3386445612808584,-0.097083657111385,3.964017362639187,-0.4437652499834827,1.324440748391445
95.0,245.0,129.89682006835938,-0.0395527923240407,2.682214317896332,-4.116956616998959,-3.6800298425047098,-1.9264592489769523,1.3386445612808584,-0.097083657111385,3.964356512703929,-0.4437652499834827,1.324554122838833
95.0,245.0,129.89682006835938,-0.0395527923240407,2.682214317896332,-4.116956616998959,-3.6800298425047098,-1.9264592489769523,1.3386445612808584,-0.097083657111385,3.964356512703929,-0.4437652499834827,1.324554122838833
95.0,245.0,129.89682006835938,-0.0395527923399656,2.682214317896332,-4.116956616998959,-3.6800298425047098,-1.9264592489769523,1.3386445612808584,-0.097083657111385,3.964356512703929,-0.4437652499834827,1.324554122838833
95.0,245.0,129.89682006835938,-0.0395527923399656,2.6822143178960567,-4.116956616998959,-3.680030298127145,-1.9264592489769363,1.3386445612808584,-0.097083657111385,3.964356849146643,-0.4437652499834827,1.324554122838833
95.0,245.0,129.89683532714844,-0.0395527923239248,2.682214317896332,-4.116956616998959,-3.680038300733732,-1.9264592489769523,1.3386445612795288,-0.097083657111385,3.964359622920185,-0.4437652499834774,1.324554122838833
95.0,245.0,129.89683532714844,-0.0395527923239387,2.682214317896093,-4.116956616998959,-3.680096602959366,-1.9264592489769523,1.3386445612795308,-0.097083657111385,3.964381495744322,-0.4437652499834925,1.3245481476692376
95.0,245.0,129.89683532714844,-0.0395527923106967,2.682214317896304,-4.116956616998959,-3.680038300733732,-1.926459248976936,1.3386445612796256,-0.097083657111385,3.9643655573458574,-0.4437652499834774,1.324554122838833
95.0,245.0,129.89683532714844,-0.0395527923239248,2.682214317896332,-4.116956616998959,-3.680093436558776,-1.9264592489769523,1.338644561279523,-0.097083657111385,3.964359480933207,-0.4437652499834774,1.3245469741567373
95.0,245.0,129.8968505859375,-0.0395527923239387,2.682214317896332,-4.116956616998959,-3.680096201392786,-1.9264592489769523,1.3386445612797162,-0.097083657111385,3.964356512703929,-0.4437652499834827,1.324554122838833
95.0,245.0,129.8968505859375,-0.0395527923240407,2.682214317896332,-4.116956616998959,-3.680096201392786,-1.9264592489769523,1.3386445612795288,-0.097083657111385,3.964356512703929,-0.4437652499834827,1.324554122838833
95.0,245.0,129.8968505859375,-0.0395527923239387,2.682214317896332,-4.116956616998959,-3.68012956337605,-1.9264592489769523,1.3386445612797162,-0.097083657111385,3.964356512703929,-0.4437652499839817,1.324554122838833
95.0,245.0,129.8968505859375,-0.0395527923239248,2.682214317896332,-4.116956616998959,-3.680095713580192,-1.9264592489769523,1.3386445612795288,-0.097083657111385,3.964359480933207,-0.4437652499834774,1.324554122838833
95.0,245.0,129.8968505859375,-0.0395527923239248,2.682214317896332,-4.116956616998959,-3.680095713580192,-1.9264592489769523,1.3386445612795288,-0.097083657111385,3.964366660434547,-0.4437652499834816,1.324554122838833
95.0,245.0,129.8968505859375,-0.0395527923239387,2.6822143178963738,-4.116956616998959,-3.680100636003458,-1.9264592489769523,1.3386445612797162,-0.097083657111385,3.964356512703929,-0.4437652499837822,1.3245540844173112
95.0,245.0,129.8968505859375,-0.0395527923239387,2.682214317896332,-4.116956616998926,-3.68012956337605,-1.9264592489769523,1.3386445612809676,-0.097083657111385,3.964356512703929,-0.4437652499839817,1.324554122838833
95.0,245.0,129.8968505859375,-0.0395527923239248,2.682214317896332,-4.116956616998959,-3.680095713580192,-1.9264592489769523,1.3386445612795288,-0.097083657111385,3.964359480933207,-0.4437652499834774,1.324554122838833
95.0,245.0,129.8968505859375,-0.0395527923239387,2.682214317896332,-4.116956616998959,-3.680096201392786,-1.9264592489769523,1.338644561279722,-0.097083657111385,3.964356512703929,-0.4437652499834827,1.324554122838833
95.0,246.0,129.89456176757812,-0.0395527923237542,2.682214317891505,-4.116956616998964,-3.6800963725242393,-1.926459248976936,1.3386445612796227,-0.097083657111385,3.964023618591536,-0.4437652499836457,1.3221531123972203
95.0,246.0,129.89486694335938,-0.039552792310517,2.682214317891774,-4.116956616998964,-3.680096364489858,-1.926459248976936,1.3386445612796227,-0.097083657111385,3.964023668568251,-0.4437652499836482,1.322069789819242
95.0,246.0,129.89486694335938,-0.039552792310517,2.6822143178956,-4.116956616998964,-3.680096122579717,-1.926459248976936,1.3386445612796227,-0.097083657111385,3.964023668568251,-0.4437652499836482,1.322069789819242
95.0,246.0,129.89486694335938,-0.039552792310517,2.6822143178956,-4.116956616998964,-3.680096122579717,-1.926459248976936,1.3386445612796227,-0.097083657111385,3.964023668568251,-0.4437652499836482,1.322069789819242
95.0,246.0,129.89486694335938,-0.039552792345082,2.6822143178956,-4.116956616998964,-3.680095404162139,-1.926459248976936,1.3386445612796227,-0.097083657111385,3.964023668568251,-0.4437652499837182,1.322069789819242
95.0,246.0,129.89492797851562,-0.039552792310517,2.6822143178956,-4.116956616998964,-3.680096606829963,-1.926459248976936,1.3386445612796238,-0.097083657111385,3.964023668568251,-0.4437652499836539,1.3220586978376634
95.0,246.0,129.8949432373047,-0.0395527923244812,2.682214317891697,-4.116956616998964,-3.680095715290233,-1.926459248976954,1.3386445612795166,-0.097083657111385,3.964366032749808,-0.4437652499834933,1.3220008760504924
95.0,246.0,129.8949432373047,-0.0395527923244812,2.6822143178916704,-4.116956616998964,-3.6800957204594233,-1.926459248976954,1.338644561279513,-0.097083657111385,3.9643546600660375,-0.4437652499834933,1.3220008760504924
95.0,246.0,129.8949432373047,-0.0395527923244945,2.682214317891697,-4.116956616998964,-3.6800957479238825,-1.926459248976954,1.338644561279513,-0.097083657111385,3.964366032749808,-0.4437652499834933,1.3220008760504924
95.0,246.0,129.8949432373047,-0.0395527923244945,2.682214317891697,-4.116956616998964,-3.6800957479238825,-1.926459248976954,1.338644561279513,-0.097083657111385,3.964366032749808,-0.4437652499834933,1.3220008760504924
95.0,246.0,129.8949432373047,-0.0395527923244945,2.682214317891734,-4.116956616998964,-3.6800957479238825,-1.926459248976954,1.3386445612808906,-0.097083657111385,3.9643684390902094,-0.4437652499834945,1.3220008760504924
95.0,246.0,129.89517211914062,-0.039552792310517,2.682214317891697,-4.116956616998964,-3.6800962721757,-1.926459248976936,1.3386445612797948,-0.097083657111385,3.964023558271626,-0.4437652499839688,1.3220008760504924
95.0,246.0,129.89517211914062,-0.0395527923106867,2.682214317891671,-4.116956616998964,-3.680095637534982,-1.926459248976936,1.3386445612797948,-0.097083657111385,3.964023558271626,-0.4437652499839599,1.3220008760504924
95.0,246.0,129.89517211914062,-0.0395527923106867,2.6822143178919453,-4.116956616998964,-3.6800951819125465,-1.9264592489769523,1.3386445612797948,-0.097083657111385,3.964023221828912,-0.4437652499839599,1.3220008760504924
95.0,246.0,129.89517211914062,-0.0395527923101349,2.682214317891481,-4.116956616998964,-3.680096199477243,-1.9264592489769523,1.3386445612796245,-0.097083657111385,3.964026185471277,-0.4437652499835108,1.3220010050973268
95.0,246.0,129.89517211914062,-0.039552792310517,2.682214317895313,-4.116956616998964,-3.6800962721757,-1.926459248976936,1.3386445612795077,-0.097083657111385,3.964029109916213,-0.4437652499839688,1.3220008760504924
95.0,246.0,129.8951873779297,-0.0395527923240407,2.682214317896332,-4.116956616998959,-3.6800298425047098,-1.926459248976936,1.3386445612808788,-0.097083657111385,3.964361053478208,-0.4437652499834834,1.321946075073255
95.0,246.0,129.8951873779297,-0.0395527923106055,2.682214317891481,-4.116956616998964,-3.680096197505053,-1.9264592489769523,1.3386445612796245,-0.097083657111385,3.964335884827909,-0.4437652499835108,1.3219542159105708
95.0,246.0,129.89524841308594,-0.0395527923229494,2.6822143178919293,-4.116956616998964,-3.6800951819125465,-1.9264592489769523,1.3386445612797948,-0.097083657111385,3.96401392540226,-0.4437652499839786,1.3219864908241925
95.0,246.0,129.89535522460938,-0.0395527923090238,2.682214317891481,-4.116956616998964,-3.680027306207654,-1.9264592489769523,1.3386445612796245,-0.097083657111385,3.964026172580104,-0.4437652499835114,1.3219542159105708
95.0,246.0,129.8953857421875,-0.039552792310517,2.682214317891697,-4.116956616998964,-3.680096364489858,-1.926459248976936,1.3386445612796227,-0.097083657111385,3.964023668568251,-0.4437652499835108,1.3219542159105708
95.0,246.0,129.8953857421875,-0.0395527923101349,2.682214317891481,-4.116956616998964,-3.680096197505053,-1.9264592489769523,1.3386445612796245,-0.097083657111385,3.964026172580104,-0.4437652499835108,1.3219542159105708
95.0,246.0,129.8953857421875,-0.0395527923241383,2.682214317891712,-4.116956616998959,-3.6800298425047098,-1.926459248976936,1.3386445612796265,-0.097083657111385,3.9640434914875633,-0.4437652499834834,1.321946075073255
95.0,246.0,129.89549255371094,-0.0395527923239248,2.6822143178916376,-4.116956616998959,-3.680093436558776,-1.9264592489769523,1.33864456127963,-0.097083657111385,3.964359480933207,-0.4437652499835089,1.3218925722574857
95.0,246.0,129.89622497558594,-0.0395527923239218,2.682214317896332,-4.116956616998959,-3.680095713580192,-1.9264592489769523,1.3386445612795288,-0.097083657111385,3.964349225914032,-0.4437652499834774,1.3217670925474023
95.0,246.0,129.8963165283203,-0.0395527923242804,2.6822143178617246,-4.116956616998964,-3.680095722666727,-1.926459248976952,1.3386445612833684,-0.097083657111385,3.964371930174435,-0.4437652499834952,1.3217529706899114
95.0,246.0,129.8964385986328,-0.0395527935336559,2.6822143178956326,-4.11695661699896,-3.680095696975597,-1.9264592489769523,1.3386445612795177,-0.0970836571113839,3.964373731858439,-0.4437652499837168,1.324419182540871
95.0,246.0,129.8964385986328,-0.0395527922530615,2.6822143178956326,-4.11695661699896,-3.6800957082666272,-1.9264592489769523,1.3386445612795177,-0.0970836571113839,3.964373731858439,-0.4437652499837168,1.324419182540871
95.0,246.0,129.89649963378906,-0.0395527923229258,2.682214317896027,-4.116956616998964,-3.6800768655906615,-1.926459248976952,1.3386445612835407,-0.097083657111385,3.964354140197762,-0.4437652499834929,1.3244327172557715
95.0,246.0,129.89649963378906,-0.0395527923104718,2.682214317896027,-4.116956616998964,-3.6800768655906615,-1.926459248976952,1.3386445612835407,-0.097083657111385,3.964354140197762,-0.4437652499834929,1.3244327172557715
95.0,246.0,129.89649963378906,-0.0395527923229216,2.682214317896027,-4.116956616998964,-3.6800768655906615,-1.926459248976952,1.3386445612835407,-0.097083657111385,3.964354140197762,-0.4437652499834929,1.3244327172557715
95.0,246.0,129.89649963378906,-0.0395527923106707,2.682214317896338,-4.116956616998964,-3.6800768655906615,-1.926459248976952,1.3386445612835407,-0.097083657111385,3.964354140197762,-0.4437652499834929,1.3244327172557715
95.0,246.0,129.89651489257812,-0.0395527923239387,2.682214317896093,-4.116956616998959,-3.680096602959366,-1.9264592489769523,1.3386445612795308,-0.097083657111385,3.964381495744322,-0.4437652499834925,1.3244385489301616
95.0,246.0,129.89651489257812,-0.0395527923240407,2.682214317896332,-4.116956616998959,-3.6800298425047098,-1.9264592489769523,1.3386445612808584,-0.097083657111385,3.964356512703929,-0.4437652499834827,1.3244445240997564
95.0,246.0,129.89651489257812,-0.0395527923239387,2.682214317896093,-4.116956616998959,-3.680096602959366,-1.9264592489769523,1.3386445612795308,-0.097083657111385,3.964381836163667,-0.4437652499834925,1.3244385489301616
95.0,246.0,129.89654541015625,-0.0395527923242804,2.6822143178617246,-4.116956616998964,-3.680095774451974,-1.926459248976952,1.3386445612833684,-0.097083657111385,3.96402595038503,-0.4437652499834952,1.3217529706899114
95.0,246.0,129.89654541015625,-0.0395527923106631,2.6822143178960425,-4.116956616998964,-3.6800768655906615,-1.926459248976952,1.3386445612835407,-0.097083657111385,3.964363436624414,-0.4437652499834742,1.3244471024820716
95.0,246.0,129.89657592773438,-0.0395527923239218,2.682214317896332,-4.116956616998959,-3.680095713580192,-1.9264592489769523,1.338644561279529,-0.097083657111385,3.964012591395395,-0.4437652499834752,1.3217495522165614
95.0,246.0,129.89666748046875,-0.0395527935336559,2.6822143178956326,-4.11695661699896,-3.680095696975597,-1.9264592489769523,1.3386445612795177,-0.0970836571113839,3.9640291616374896,-0.4437652499837168,1.324419182540871
95.0,246.0,129.8966827392578,-0.0395527923240407,2.68221431789154,-4.116956616998959,-3.6800298425047098,-1.926459248976936,1.3386445612795326,-0.097083657111385,3.964359646233344,-0.4437652499834834,1.3244904132596895
95.0,246.0,129.89671325683594,-0.0395527935519581,2.6822143178956432,-4.11695661699896,-3.680095384428468,-1.9264592489769523,1.338644561280897,-0.0970836571113839,3.9640291616374896,-0.4437652499837168,1.3244302604316702
95.0,246.0,129.89671325683594,-0.0395527923688372,2.6822143178956432,-4.11695661699896,-3.680095384428468,-1.9264592489769523,1.3386445612808964,-0.0970836571113839,3.964029359858954,-0.4437652499837168,1.3244302604316702
95.0,246.0,129.89671325683594,-0.0395527923688372,2.6822143178956432,-4.11695661699896,-3.680095384428468,-1.9264592489769523,1.3386445612808964,-0.0970836571113839,3.964029163011171,-0.4437652499837168,1.3244302604316702
95.0,246.0,129.89671325683594,-0.03955279232357,2.682214317896332,-4.116956616998959,-3.6800298425047098,-1.9264592489769523,1.3386445612808584,-0.097083657111385,3.964046800456124,-0.4437652499834827,1.3244445240997564
95.0,246.0,129.89671325683594,-0.0395527923688372,2.682214317895608,-4.11695661699896,-3.680095384428468,-1.9264592489769523,1.3386445612795188,-0.0970836571113839,3.964026953518551,-0.4437652499837157,1.3244302604316702
95.0,246.0,129.89671325683594,-0.0395527935173931,2.6822143178956432,-4.11695661699896,-3.680096102846046,-1.9264592489769523,1.338644561280897,-0.0970836571113839,3.9640291616374896,-0.4437652499836469,1.3244302604316702
95.0,246.0,129.896728515625,-0.0395527923103086,2.682214317896148,-4.11695661699896,-3.680027581181321,-1.9264592489769352,1.3386445612796245,-0.0970836571113839,3.964016288293249,-0.4437652499836492,1.3244378375076569
95.0,246.0,129.896728515625,-0.0395527922969522,2.682214317896027,-4.116956616998964,-3.680079934533798,-1.926459248976952,1.3386445612835325,-0.097083657111385,3.964354140197762,-0.4437652499834804,1.3245025962707462
95.0,246.0,129.89674377441406,-0.0395527923239387,2.682214317896149,-4.116956616998959,-3.680096201392786,-1.9264592489769523,1.3386445612796685,-0.097083657111385,3.964029128136485,-0.4437652499834926,1.3244385489301616
95.0,246.0,129.89674377441406,-0.0395527923239387,2.682214317896093,-4.116956616998959,-3.6800966250357767,-1.9264592489769523,1.3386445612796685,-0.097083657111385,3.9640301955250887,-0.4437652499834926,1.3244385489301616
95.0,247.0,129.89456176757812,-0.0395527923237542,2.682214317891505,-4.116956616998964,-3.6800963725242393,-1.926459248976936,1.3386445612796227,-0.097083657111385,3.964023618591536,-0.4437652499836457,1.3221531123972203
95.0,247.0,129.89456176757812,-0.0395527923244972,2.6822143178956,-4.116956616998964,-3.680096365351205,-1.926459248976936,1.3386445612796227,-0.097083657111385,3.964023668568251,-0.4437652499836482,1.3221534410909146
95.0,247.0,129.89486694335938,-0.039552792310517,2.682214317891774,-4.116956616998964,-3.680096364489858,-1.926459248976936,1.3386445612796227,-0.097083657111385,3.964023668568251,-0.4437652499836482,1.322069789819242
95.0,247.0,129.89486694335938,-0.039552792310517,2.6822143178956,-4.116956616998964,-3.680096122579717,-1.926459248976936,1.3386445612796227,-0.097083657111385,3.964023668568251,-0.4437652499836482,1.322069789819242
95.0,247.0,129.89486694335938,-0.039552792310517,2.6822143178956,-4.116956616998964,-3.680096122579717,-1.926459248976936,1.3386445612796227,-0.097083657111385,3.964023668568251,-0.4437652499836482,1.322069789819242
95.0,247.0,129.89486694335938,-0.039552792345082,2.6822143178956,-4.116956616998964,-3.680095404162139,-1.926459248976936,1.3386445612796227,-0.097083657111385,3.964023668568251,-0.4437652499837182,1.322069789819242
95.0,247.0,129.89486694335938,-0.0395527923106867,2.6822143178956943,-4.116956616998964,-3.680095637534982,-1.926459248976936,1.3386445612797897,-0.097083657111385,3.9640236641800217,-0.4437652499836545,1.3220696002088794
95.0,247.0,129.89492797851562,-0.039552792310517,2.6822143178956,-4.116956616998964,-3.680096606829963,-1.926459248976936,1.3386445612796238,-0.097083657111385,3.964023668568251,-0.4437652499836539,1.3220586978376634
95.0,247.0,129.8949432373047,-0.0395527923244812,2.682214317891697,-4.116956616998964,-3.680095715290233,-1.926459248976954,1.3386445612795166,-0.097083657111385,3.964366032749808,-0.4437652499834933,1.3220008760504924
95.0,247.0,129.8949432373047,-0.0395527923244812,2.6822143178916704,-4.116956616998964,-3.6800957204594233,-1.926459248976954,1.338644561279513,-0.097083657111385,3.9643546600660375,-0.4437652499834933,1.3220008760504924
95.0,247.0,129.8949432373047,-0.0395527923244945,2.682214317891697,-4.116956616998964,-3.6800957479238825,-1.926459248976954,1.338644561279513,-0.097083657111385,3.964366032749808,-0.4437652499834933,1.3220008760504924
95.0,247.0,129.8949432373047,-0.0395527923244945,2.682214317891697,-4.116956616998964,-3.6800957479238825,-1.926459248976954,1.338644561279513,-0.097083657111385,3.964366032749808,-0.4437652499834933,1.3220008760504924
95.0,247.0,129.8949432373047,-0.0395527923244945,2.682214317891734,-4.116956616998964,-3.6800957479238825,-1.926459248976954,1.3386445612808906,-0.097083657111385,3.9643684390902094,-0.4437652499834945,1.3220008760504924
95.0,247.0,129.8949432373047,-0.039552792310517,2.682214317891764,-4.116956616998964,-3.680096606829963,-1.926459248976936,1.338644561279512,-0.097083657111385,3.964023668568251,-0.4437652499834972,1.3220547861127117
95.0,247.0,129.8949432373047,-0.0395527923235048,2.682214317891684,-4.116956616998964,-3.6800957479238825,-1.926459248976954,1.338644561280893,-0.097083657111385,3.96436981703055,-0.4437652499834933,1.3220008760504924
95.0,247.0,129.8949432373047,-0.0395527923244812,2.6822143178916704,-4.116956616998964,-3.6800957204594233,-1.926459248976954,1.338644561279513,-0.097083657111385,3.9643546600660375,-0.4437652499834933,1.3220008760504924
95.0,247.0,129.8949432373047,-0.0395527923250711,2.682214317895766,-4.116956616998964,-3.6800957479238825,-1.9264592489769363,1.338644561279513,-0.097083657111385,3.964367341591576,-0.4437652499836502,1.3220008760504924
95.0,247.0,129.8949737548828,-0.0395527922530615,2.682214317891843,-4.11695661699896,-3.680095715241549,-1.9264592489769523,1.3386445612795177,-0.0970836571113839,3.964365729338637,-0.4437652499837168,1.321993463078623
95.0,247.0,129.89501953125,-0.0395527922451926,2.6822143178956326,-4.11695661699896,-3.6800957082666272,-1.9264592489769523,1.3386445612796252,-0.0970836571113839,3.9640363195351846,-0.4437652499837168,1.3220312235936826
95.0,247.0,129.89517211914062,-0.039552792310517,2.682214317891697,-4.116956616998964,-3.6800962721757,-1.926459248976936,1.3386445612797948,-0.097083657111385,3.964023558271626,-0.4437652499839688,1.3220008760504924
95.0,247.0,129.89517211914062,-0.0395527923106867,2.682214317891671,-4.116956616998964,-3.680095637534982,-1.926459248976936,1.3386445612797948,-0.097083657111385,3.964023558271626,-0.4437652499839599,1.3220008760504924
95.0,247.0,129.89517211914062,-0.0395527923106867,2.6822143178919453,-4.116956616998964,-3.6800951819125465,-1.9264592489769523,1.3386445612797948,-0.097083657111385,3.964023221828912,-0.4437652499839599,1.3220008760504924
95.0,247.0,129.89517211914062,-0.0395527923101349,2.682214317891481,-4.116956616998964,-3.680096199477243,-1.9264592489769523,1.3386445612796245,-0.097083657111385,3.964026185471277,-0.4437652499835108,1.3220010050973268
95.0,247.0,129.89517211914062,-0.039552792310517,2.682214317895313,-4.116956616998964,-3.6800962721757,-1.926459248976936,1.3386445612795077,-0.097083657111385,3.964029109916213,-0.4437652499839688,1.3220008760504924
95.0,247.0,129.89517211914062,-0.0395527923105243,2.682214317891688,-4.116956616998964,-3.6800962721757,-1.926459248976936,1.338644561279796,-0.097083657111385,3.964023558271626,-0.4437652499839688,1.3220010003201452
95.0,247.0,129.89517211914062,-0.039552792310517,2.682214317895313,-4.116956616998964,-3.6800962721757,-1.926459248976936,1.3386445612795077,-0.097083657111385,3.964029109916213,-0.4437652499839688,1.3220008760504924
95.0,247.0,129.8951873779297,-0.0395527923240407,2.682214317896332,-4.116956616998959,-3.6800298425047098,-1.926459248976936,1.3386445612808788,-0.097083657111385,3.964361053478208,-0.4437652499834834,1.321946075073255
95.0,247.0,129.8951873779297,-0.0395527923106055,2.682214317891481,-4.116956616998964,-3.680096197505053,-1.9264592489769523,1.3386445612796245,-0.097083657111385,3.964335884827909,-0.4437652499835108,1.3219542159105708
95.0,247.0,129.89524841308594,-0.0395527923229494,2.6822143178919293,-4.116956616998964,-3.6800951819125465,-1.9264592489769523,1.3386445612797948,-0.097083657111385,3.96401392540226,-0.4437652499839786,1.3219864908241925
95.0,247.0,129.89535522460938,-0.0395527923090238,2.682214317891481,-4.116956616998964,-3.680027306207654,-1.9264592489769523,1.3386445612796245,-0.097083657111385,3.964026172580104,-0.4437652499835114,1.3219542159105708
95.0,247.0,129.8953857421875,-0.039552792310517,2.682214317891697,-4.116956616998964,-3.680096364489858,-1.926459248976936,1.3386445612796227,-0.097083657111385,3.964023668568251,-0.4437652499835108,1.3219542159105708
95.0,247.0,129.8953857421875,-0.0395527923101349,2.682214317891481,-4.116956616998964,-3.680096197505053,-1.9264592489769523,1.3386445612796245,-0.097083657111385,3.964026172580104,-0.4437652499835108,1.3219542159105708
95.0,247.0,129.8953857421875,-0.0395527923241383,2.682214317891712,-4.116956616998959,-3.6800298425047098,-1.926459248976936,1.3386445612796265,-0.097083657111385,3.9640434914875633,-0.4437652499834834,1.321946075073255
95.0,247.0,129.8953857421875,-0.0395527923241383,2.68221431789189,-4.116956616998959,-3.680031028544345,-1.926459248976936,1.3386445612796234,-0.097083657111385,3.9640434914875633,-0.4437652499834834,1.321946075073255
95.0,247.0,129.89549255371094,-0.0395527923239248,2.6822143178916376,-4.116956616998959,-3.680093436558776,-1.9264592489769523,1.33864456127963,-0.097083657111385,3.964359480933207,-0.4437652499835089,1.3218925722574857
95.0,247.0,129.89549255371094,-0.0395527923239248,2.6822143178916376,-4.116956616998959,-3.680093344807448,-1.9264592489769523,1.33864456127963,-0.097083657111385,3.964359372113831,-0.4437652499835089,1.3218925722574857
95.0,247.0,129.89608764648438,-0.0395527923180037,2.682214317891481,-4.116956616998964,-3.680096197505053,-1.9264592489769523,1.3386445612795164,-0.097083657111385,3.964363584903358,-0.4437652499835108,1.3243421748577595
95.0,247.0,129.89622497558594,-0.0395527923239218,2.682214317896332,-4.116956616998959,-3.680095713580192,-1.9264592489769523,1.3386445612795288,-0.097083657111385,3.964349225914032,-0.4437652499834774,1.3217670925474023
95.0,247.0,129.8963165283203,-0.0395527923242804,2.6822143178617246,-4.116956616998964,-3.680095722666727,-1.926459248976952,1.3386445612833684,-0.097083657111385,3.964371930174435,-0.4437652499834952,1.3217529706899114
95.0,247.0,129.8964385986328,-0.0395527935336559,2.6822143178956326,-4.11695661699896,-3.680095696975597,-1.9264592489769523,1.3386445612795177,-0.0970836571113839,3.964373731858439,-0.4437652499837168,1.324419182540871
95.0,247.0,129.8964385986328,-0.0395527922530615,2.6822143178956326,-4.11695661699896,-3.6800957082666272,-1.9264592489769523,1.3386445612795177,-0.0970836571113839,3.964373731858439,-0.4437652499837168,1.324419182540871
95.0,247.0,129.89649963378906,-0.0395527923229258,2.682214317896027,-4.116956616998964,-3.6800768655906615,-1.926459248976952,1.3386445612835407,-0.097083657111385,3.964354140197762,-0.4437652499834929,1.3244327172557715
95.0,247.0,129.89649963378906,-0.0395527923104718,2.682214317896027,-4.116956616998964,-3.6800768655906615,-1.926459248976952,1.3386445612835407,-0.097083657111385,3.964354140197762,-0.4437652499834929,1.3244327172557715
95.0,247.0,129.89649963378906,-0.0395527923229216,2.682214317896027,-4.116956616998964,-3.6800768655906615,-1.926459248976952,1.3386445612835407,-0.097083657111385,3.964354140197762,-0.4437652499834929,1.3244327172557715
95.0,247.0,129.89649963378906,-0.0395527923106707,2.682214317896338,-4.116956616998964,-3.6800768655906615,-1.926459248976952,1.3386445612835407,-0.097083657111385,3.964354140197762,-0.4437652499834929,1.3244327172557715
95.0,247.0,129.89649963378906,-0.0395527923244059,2.68221431789159,-4.116956616998964,-3.6800768655906615,-1.926459248976952,1.338644561280882,-0.097083657111385,3.964354140197762,-0.4437652499834929,1.3244327172557715
95.0,247.0,129.89651489257812,-0.0395527923239387,2.682214317896093,-4.116956616998959,-3.680096602959366,-1.9264592489769523,1.3386445612795308,-0.097083657111385,3.964381495744322,-0.4437652499834925,1.3244385489301616
95.0,247.0,129.89651489257812,-0.0395527923240407,2.682214317896332,-4.116956616998959,-3.6800298425047098,-1.9264592489769523,1.3386445612808584,-0.097083657111385,3.964356512703929,-0.4437652499834827,1.3244445240997564
95.0,247.0,129.89651489257812,-0.0395527923239387,2.682214317896093,-4.116956616998959,-3.680096602959366,-1.9264592489769523,1.3386445612795308,-0.097083657111385,3.964381836163667,-0.4437652499834925,1.3244385489301616
95.0,247.0,129.89651489257812,-0.0395527923240407,2.682214317895619,-4.116956616998959,-3.6800298425047098,-1.9264592489769523,1.338644561280815,-0.097083657111385,3.964356512703929,-0.4437652499834827,1.3244445240997564
95.0,248.0,129.89456176757812,-0.0395527923237542,2.682214317891505,-4.116956616998964,-3.6800963725242393,-1.926459248976936,1.3386445612796227,-0.097083657111385,3.964023618591536,-0.4437652499836457,1.3221531123972203
95.0,248.0,129.89456176757812,-0.0395527923244972,2.6822143178956,-4.116956616998964,-3.680096365351205,-1.926459248976936,1.3386445612796227,-0.097083657111385,3.964023668568251,-0.4437652499836482,1.3221534410909146
95.0,248.0,129.89456176757812,-0.0395527923452606,2.6822143178956,-4.116956616998964,-3.680096365351205,-1.926459248976936,1.3386445612796227,-0.097083657111385,3.964023668568251,-0.4437652499837214,1.3221534410909146
95.0,248.0,129.89456176757812,-0.0395527923237066,2.68221431789524,-4.116956616998964,-3.680096365351205,-1.926459248976936,1.3386445612796227,-0.097083657111385,3.964023666708015,-0.4437652499836482,1.3221534410909146
95.0,248.0,129.89486694335938,-0.039552792310517,2.682214317891774,-4.116956616998964,-3.680096364489858,-1.926459248976936,1.3386445612796227,-0.097083657111385,3.964023668568251,-0.4437652499836482,1.322069789819242
95.0,248.0,129.89486694335938,-0.039552792310517,2.6822143178956,-4.116956616998964,-3.680096122579717,-1.926459248976936,1.3386445612796227,-0.097083657111385,3.964023668568251,-0.4437652499836482,1.322069789819242
95.0,248.0,129.89486694335938,-0.039552792310517,2.6822143178956,-4.116956616998964,-3.680096122579717,-1.926459248976936,1.3386445612796227,-0.097083657111385,3.964023668568251,-0.4437652499836482,1.322069789819242
95.0,248.0,129.89486694335938,-0.039552792345082,2.6822143178956,-4.116956616998964,-3.680095404162139,-1.926459248976936,1.3386445612796227,-0.097083657111385,3.964023668568251,-0.4437652499837182,1.322069789819242
95.0,248.0,129.89486694335938,-0.0395527923106867,2.6822143178956943,-4.116956616998964,-3.680095637534982,-1.926459248976936,1.3386445612797897,-0.097083657111385,3.9640236641800217,-0.4437652499836545,1.3220696002088794
95.0,248.0,129.89486694335938,-0.0395527923106799,2.682214317891944,-4.116956616998964,-3.680096364489858,-1.926459248976936,1.3386445612796227,-0.097083657111385,3.964023668568251,-0.4437652499839608,1.322069789819242
95.0,248.0,129.89486694335938,-0.039552792310517,2.682214317895554,-4.116956616998964,-3.680096099434007,-1.926459248976936,1.338644561279512,-0.097083657111385,3.964023668568251,-0.4437652499835035,1.3220701400391155
95.0,248.0,129.89486694335938,-0.039552792310517,2.6822143178956,-4.116956616998964,-3.680096122579717,-1.926459248976936,1.3386445612796227,-0.097083657111385,3.964023668568251,-0.4437652499836482,1.322069789819242
95.0,248.0,129.89492797851562,-0.039552792310517,2.6822143178956,-4.116956616998964,-3.680096606829963,-1.926459248976936,1.3386445612796238,-0.097083657111385,3.964023668568251,-0.4437652499836539,1.3220586978376634
95.0,248.0,129.89492797851562,-0.039552792309879,2.682214317896043,-4.116956616998964,-3.680096606829963,-1.926459248976936,1.3386445612796238,-0.097083657111385,3.964023668568251,-0.4437652499836539,1.3220586978376634
95.0,248.0,129.8949432373047,-0.0395527923244812,2.682214317891697,-4.116956616998964,-3.680095715290233,-1.926459248976954,1.3386445612795166,-0.097083657111385,3.964366032749808,-0.4437652499834933,1.3220008760504924
95.0,248.0,129.8949432373047,-0.0395527923244812,2.6822143178916704,-4.116956616998964,-3.6800957204594233,-1.926459248976954,1.338644561279513,-0.097083657111385,3.9643546600660375,-0.4437652499834933,1.3220008760504924
95.0,248.0,129.8949432373047,-0.0395527923244945,2.682214317891697,-4.116956616998964,-3.6800957479238825,-1.926459248976954,1.338644561279513,-0.097083657111385,3.964366032749808,-0.4437652499834933,1.3220008760504924
95.0,248.0,129.8949432373047,-0.0395527923244945,2.682214317891697,-4.116956616998964,-3.6800957479238825,-1.926459248976954,1.338644561279513,-0.097083657111385,3.964366032749808,-0.4437652499834933,1.3220008760504924
95.0,248.0,129.8949432373047,-0.0395527923244945,2.682214317891734,-4.116956616998964,-3.6800957479238825,-1.926459248976954,1.3386445612808906,-0.097083657111385,3.9643684390902094,-0.4437652499834945,1.3220008760504924
95.0,248.0,129.8949432373047,-0.039552792310517,2.682214317891764,-4.116956616998964,-3.680096606829963,-1.926459248976936,1.338644561279512,-0.097083657111385,3.964023668568251,-0.4437652499834972,1.3220547861127117
95.0,248.0,129.8949432373047,-0.0395527923235048,2.682214317891684,-4.116956616998964,-3.6800957479238825,-1.926459248976954,1.338644561280893,-0.097083657111385,3.96436981703055,-0.4437652499834933,1.3220008760504924
95.0,248.0,129.8949432373047,-0.0395527923244812,2.6822143178916704,-4.116956616998964,-3.6800957204594233,-1.926459248976954,1.338644561279513,-0.097083657111385,3.9643546600660375,-0.4437652499834933,1.3220008760504924
95.0,248.0,129.8949432373047,-0.0395527923250711,2.682214317895766,-4.116956616998964,-3.6800957479238825,-1.9264592489769363,1.338644561279513,-0.097083657111385,3.964367341591576,-0.4437652499836502,1.3220008760504924
95.0,248.0,129.8949432373047,-0.0395527922530615,2.682214317891843,-4.11695661699896,-3.680095715241549,-1.9264592489769523,1.3386445612795177,-0.0970836571113839,3.964365729338637,-0.4437652499837168,1.3220012755356372
95.0,248.0,129.8949432373047,-0.039552792324545,2.6822143178916704,-4.116956616998964,-3.6800957204594233,-1.926459248976954,1.3386445612809192,-0.097083657111385,3.9643690827191,-0.4437652499834933,1.3220008760504924
95.0,248.0,129.8949432373047,-0.0395527923244812,2.682214317891704,-4.116956616998964,-3.680095715290233,-1.926459248976936,1.338644561279622,-0.097083657111385,3.964366321254027,-0.4437652499834933,1.3220008760504924
95.0,248.0,129.8949432373047,-0.0395527923244806,2.682214317891697,-4.116956616998964,-3.680095723947868,-1.926459248976954,1.338644561279513,-0.097083657111385,3.9643662427616126,-0.4437652499834933,1.3220008760504924
95.0,248.0,129.8949737548828,-0.0395527922530615,2.682214317891843,-4.11695661699896,-3.680095715241549,-1.9264592489769523,1.3386445612795177,-0.0970836571113839,3.964365729338637,-0.4437652499837168,1.321993463078623
95.0,248.0,129.89498901367188,-0.0395527923261087,2.682214317891708,-4.11695661699896,-3.680095715241549,-1.9264592489769523,1.3386445612795266,-0.0970836571113839,3.964365729338637,-0.4437652499834881,1.3219925246178468
95.0,248.0,129.89498901367188,-0.0395527923244812,2.6822143178916704,-4.116956616998964,-3.6800957204594233,-1.926459248976954,1.338644561279513,-0.097083657111385,3.9643546600660375,-0.4437652499834933,1.321993063593478
95.0,248.0,129.89501953125,-0.0395527922451926,2.6822143178956326,-4.11695661699896,-3.6800957082666272,-1.9264592489769523,1.3386445612796252,-0.0970836571113839,3.9640363195351846,-0.4437652499837168,1.3220312235936826
95.0,248.0,129.89505004882812,-0.0395527922451926,2.6822143178956326,-4.11695661699896,-3.6800957082666272,-1.9264592489769528,1.3386445612796252,-0.0970836571113839,3.9640240986824633,-0.4437652499837151,1.3220290422559184
95.0,248.0,129.89515686035156,-0.0395527923105243,2.682214317891688,-4.116956616998964,-3.6800962721757,-1.926459248976936,1.338644561279796,-0.097083657111385,3.9640357791243472,-0.4437652499839705,1.3220031816579096
95.0,248.0,129.89517211914062,-0.039552792310517,2.682214317891697,-4.116956616998964,-3.6800962721757,-1.926459248976936,1.3386445612797948,-0.097083657111385,3.964023558271626,-0.4437652499839688,1.3220008760504924
95.0,248.0,129.89517211914062,-0.0395527923106867,2.682214317891671,-4.116956616998964,-3.680095637534982,-1.926459248976936,1.3386445612797948,-0.097083657111385,3.964023558271626,-0.4437652499839599,1.3220008760504924
95.0,248.0,129.89517211914062,-0.0395527923106867,2.6822143178919453,-4.116956616998964,-3.6800951819125465,-1.9264592489769523,1.3386445612797948,-0.097083657111385,3.964023221828912,-0.4437652499839599,1.3220008760504924
95.0,248.0,129.89517211914062,-0.0395527923101349,2.682214317891481,-4.116956616998964,-3.680096199477243,-1.9264592489769523,1.3386445612796245,-0.097083657111385,3.964026185471277,-0.4437652499835108,1.3220010050973268
95.0,248.0,129.89517211914062,-0.039552792310517,2.682214317895313,-4.116956616998964,-3.6800962721757,-1.926459248976936,1.3386445612795077,-0.097083657111385,3.964029109916213,-0.4437652499839688,1.3220008760504924
95.0,248.0,129.89517211914062,-0.0395527923105243,2.682214317891688,-4.116956616998964,-3.6800962721757,-1.926459248976936,1.338644561279796,-0.097083657111385,3.964023558271626,-0.4437652499839688,1.3220010003201452
95.0,248.0,129.89517211914062,-0.039552792310517,2.682214317895313,-4.116956616998964,-3.6800962721757,-1.926459248976936,1.3386445612795077,-0.097083657111385,3.964029109916213,-0.4437652499839688,1.3220008760504924
95.0,248.0,129.89517211914062,-0.039552792310517,2.682214317895313,-4.116956616998964,-3.6800962721757,-1.926459248976936,1.3386445612795077,-0.097083657111385,3.964029109916213,-0.4437652499839688,1.3220008760504924
95.0,248.0,129.8951873779297,-0.0395527923240407,2.682214317896332,-4.116956616998959,-3.6800298425047098,-1.926459248976936,1.3386445612808788,-0.097083657111385,3.964361053478208,-0.4437652499834834,1.321946075073255
95.0,248.0,129.8951873779297,-0.0395527923106055,2.682214317891481,-4.116956616998964,-3.680096197505053,-1.9264592489769523,1.3386445612796245,-0.097083657111385,3.964335884827909,-0.4437652499835108,1.3219542159105708
95.0,248.0,129.8951873779297,-0.039552792345082,2.6822143178956,-4.116956616998964,-3.680095404162139,-1.926459248976936,1.3386445612796227,-0.097083657111385,3.964023668568251,-0.4437652499837182,1.321998851770436
95.0,248.0,129.8951873779297,-0.039552792310517,2.6822143178919102,-4.116956616998964,-3.680096364303148,-1.926459248976936,1.3386445612796227,-0.097083657111385,3.964023668568251,-0.4437652499836482,1.321999818971409
95.0,248.0,129.89523315429688,-0.0395527923247252,2.682214317891697,-4.116956616998964,-3.6800957479238825,-1.9264592489769528,1.338644561279513,-0.097083657111385,3.963962418542738,-0.443765249983503,1.321999620404826
95.0,248.0,129.89524841308594,-0.0395527923229494,2.6822143178919293,-4.116956616998964,-3.6800951819125465,-1.9264592489769523,1.3386445612797948,-0.097083657111385,3.96401392540226,-0.4437652499839786,1.3219864908241925
95.0,248.0,129.895263671875,-0.0395527923229776,2.682214317896374,-4.116956616998964,-3.6800951819125465,-1.926459248976936,1.3386445612797722,-0.097083657111385,3.964009150407676,-0.4437652499839786,1.3219864908241925
95.0,248.0,129.89535522460938,-0.0395527923090238,2.682214317891481,-4.116956616998964,-3.680027306207654,-1.9264592489769523,1.3386445612796245,-0.097083657111385,3.964026172580104,-0.4437652499835114,1.3219542159105708
95.0,248.0,129.8953857421875,-0.039552792310517,2.682214317891697,-4.116956616998964,-3.680096364489858,-1.926459248976936,1.3386445612796227,-0.097083657111385,3.964023668568251,-0.4437652499835108,1.3219542159105708
95.0,249.0,129.89454650878906,-0.0395527923237066,2.682214317895596,-4.116956616998964,-3.680096124310497,-1.926459248976936,1.3386445612796227,-0.097083657111385,3.964023666708015,-0.4437652499836482,1.3221564166685458
95.0,249.0,129.89456176757812,-0.0395527923237542,2.682214317891505,-4.116956616998964,-3.6800963725242393,-1.926459248976936,1.3386445612796227,-0.097083657111385,3.964023618591536,-0.4437652499836457,1.3221531123972203
95.0,249.0,129.89456176757812,-0.0395527923244972,2.6822143178956,-4.116956616998964,-3.680096365351205,-1.926459248976936,1.3386445612796227,-0.097083657111385,3.964023668568251,-0.4437652499836482,1.3221534410909146
95.0,249.0,129.89456176757812,-0.0395527923452606,2.6822143178956,-4.116956616998964,-3.680096365351205,-1.926459248976936,1.3386445612796227,-0.097083657111385,3.964023668568251,-0.4437652499837214,1.3221534410909146
95.0,249.0,129.89456176757812,-0.0395527923237066,2.68221431789524,-4.116956616998964,-3.680096365351205,-1.926459248976936,1.3386445612796227,-0.097083657111385,3.964023666708015,-0.4437652499836482,1.3221534410909146
95.0,249.0,129.89456176757812,-0.0395527923244978,2.682214317891505,-4.116956616998964,-3.6800963725242393,-1.926459248976936,1.3386445612796227,-0.097083657111385,3.964023618591536,-0.4437652499836457,1.3221531166510774
95.0,249.0,129.89456176757812,-0.0395527923244972,2.6822143178956024,-4.116956616998964,-3.680096097569906,-1.926459248976936,1.3386445612796227,-0.097083657111385,3.964023668568251,-0.4437652499836482,1.3221534410909146
95.0,249.0,129.89456176757812,-0.0395527923237536,2.6822143178956,-4.116956616998964,-3.680096365351205,-1.926459248976936,1.3386445612796227,-0.097083657111385,3.964023668568251,-0.4437652499836482,1.322153436837057
95.0,249.0,129.89486694335938,-0.039552792310517,2.682214317891774,-4.116956616998964,-3.680096364489858,-1.926459248976936,1.3386445612796227,-0.097083657111385,3.964023668568251,-0.4437652499836482,1.322069789819242
95.0,249.0,129.89486694335938,-0.039552792310517,2.6822143178956,-4.116956616998964,-3.680096122579717,-1.926459248976936,1.3386445612796227,-0.097083657111385,3.964023668568251,-0.4437652499836482,1.322069789819242
95.0,249.0,129.89486694335938,-0.039552792310517,2.6822143178956,-4.116956616998964,-3.680096122579717,-1.926459248976936,1.3386445612796227,-0.097083657111385,3.964023668568251,-0.4437652499836482,1.322069789819242
95.0,249.0,129.89486694335938,-0.039552792345082,2.6822143178956,-4.116956616998964,-3.680095404162139,-1.926459248976936,1.3386445612796227,-0.097083657111385,3.964023668568251,-0.4437652499837182,1.322069789819242
95.0,249.0,129.89486694335938,-0.0395527923106867,2.6822143178956943,-4.116956616998964,-3.680095637534982,-1.926459248976936,1.3386445612797897,-0.097083657111385,3.9640236641800217,-0.4437652499836545,1.3220696002088794
95.0,249.0,129.89486694335938,-0.0395527923106799,2.682214317891944,-4.116956616998964,-3.680096364489858,-1.926459248976936,1.3386445612796227,-0.097083657111385,3.964023668568251,-0.4437652499839608,1.322069789819242
95.0,249.0,129.89486694335938,-0.039552792310517,2.682214317895554,-4.116956616998964,-3.680096099434007,-1.926459248976936,1.338644561279512,-0.097083657111385,3.964023668568251,-0.4437652499835035,1.3220701400391155
95.0,249.0,129.89486694335938,-0.039552792310517,2.6822143178956,-4.116956616998964,-3.680096122579717,-1.926459248976936,1.3386445612796227,-0.097083657111385,3.964023668568251,-0.4437652499836482,1.322069789819242
95.0,249.0,129.89486694335938,-0.039552792310517,2.6822143178956,-4.116956616998964,-3.6800957227974815,-1.926459248976936,1.338644561279633,-0.097083657111385,3.964023668568251,-0.4437652499834746,1.3220708366492857
95.0,249.0,129.89486694335938,-0.039552792310517,2.682214317891632,-4.116956616998964,-3.680096263461792,-1.926459248976936,1.3386445612796247,-0.097083657111385,3.964023668568251,-0.4437652499836482,1.322069789819242
95.0,249.0,129.89486694335938,-0.0395527923084896,2.6822143178953675,-4.116956616998964,-3.680095404162139,-1.926459248976936,1.3386445612796227,-0.097083657111385,3.964023668568251,-0.4437652499837403,1.322069789819242
95.0,249.0,129.89486694335938,-0.039552792310517,2.6822143178956,-4.116956616998964,-3.680096122579717,-1.926459248976936,1.3386445612796227,-0.097083657111385,3.964023668568251,-0.4437652499836482,1.322069789819242
95.0,249.0,129.89486694335938,-0.039552792310517,2.682214317895554,-4.116956616998964,-3.68009610505559,-1.926459248976936,1.338644561279512,-0.097083657111385,3.964023668568251,-0.4437652499834932,1.3220701400391155
95.0,249.0,129.89486694335938,-0.039552792310517,2.6822143178956,-4.116956616998964,-3.680096107251855,-1.926459248976936,1.3386445612796227,-0.097083657111385,3.964023668568251,-0.4437652499836482,1.322069789819242
95.0,249.0,129.89492797851562,-0.039552792310517,2.6822143178956,-4.116956616998964,-3.680096606829963,-1.926459248976936,1.3386445612796238,-0.097083657111385,3.964023668568251,-0.4437652499836539,1.3220586978376634
95.0,249.0,129.89492797851562,-0.039552792309879,2.682214317896043,-4.116956616998964,-3.680096606829963,-1.926459248976936,1.3386445612796238,-0.097083657111385,3.964023668568251,-0.4437652499836539,1.3220586978376634
95.0,249.0,129.8949432373047,-0.0395527923244812,2.682214317891697,-4.116956616998964,-3.680095715290233,-1.926459248976954,1.3386445612795166,-0.097083657111385,3.964366032749808,-0.4437652499834933,1.3220008760504924
95.0,249.0,129.8949432373047,-0.0395527923244812,2.6822143178916704,-4.116956616998964,-3.6800957204594233,-1.926459248976954,1.338644561279513,-0.097083657111385,3.9643546600660375,-0.4437652499834933,1.3220008760504924
95.0,249.0,129.8949432373047,-0.0395527923244945,2.682214317891697,-4.116956616998964,-3.6800957479238825,-1.926459248976954,1.338644561279513,-0.097083657111385,3.964366032749808,-0.4437652499834933,1.3220008760504924
95.0,249.0,129.8949432373047,-0.0395527923244945,2.682214317891697,-4.116956616998964,-3.6800957479238825,-1.926459248976954,1.338644561279513,-0.097083657111385,3.964366032749808,-0.4437652499834933,1.3220008760504924
95.0,249.0,129.8949432373047,-0.0395527923244945,2.682214317891734,-4.116956616998964,-3.6800957479238825,-1.926459248976954,1.3386445612808906,-0.097083657111385,3.9643684390902094,-0.4437652499834945,1.3220008760504924
95.0,249.0,129.8949432373047,-0.039552792310517,2.682214317891764,-4.116956616998964,-3.680096606829963,-1.926459248976936,1.338644561279512,-0.097083657111385,3.964023668568251,-0.4437652499834972,1.3220547861127117
95.0,249.0,129.8949432373047,-0.0395527923235048,2.682214317891684,-4.116956616998964,-3.6800957479238825,-1.926459248976954,1.338644561280893,-0.097083657111385,3.96436981703055,-0.4437652499834933,1.3220008760504924
95.0,249.0,129.8949432373047,-0.0395527923244812,2.6822143178916704,-4.116956616998964,-3.6800957204594233,-1.926459248976954,1.338644561279513,-0.097083657111385,3.9643546600660375,-0.4437652499834933,1.3220008760504924
95.0,249.0,129.8949432373047,-0.0395527923250711,2.682214317895766,-4.116956616998964,-3.6800957479238825,-1.9264592489769363,1.338644561279513,-0.097083657111385,3.964367341591576,-0.4437652499836502,1.3220008760504924
95.0,249.0,129.8949432373047,-0.0395527922530615,2.682214317891843,-4.11695661699896,-3.680095715241549,-1.9264592489769523,1.3386445612795177,-0.0970836571113839,3.964365729338637,-0.4437652499837168,1.3220012755356372
95.0,249.0,129.8949432373047,-0.039552792324545,2.6822143178916704,-4.116956616998964,-3.6800957204594233,-1.926459248976954,1.3386445612809192,-0.097083657111385,3.9643690827191,-0.4437652499834933,1.3220008760504924
95.0,249.0,129.8949432373047,-0.0395527923244812,2.682214317891704,-4.116956616998964,-3.680095715290233,-1.926459248976936,1.338644561279622,-0.097083657111385,3.964366321254027,-0.4437652499834933,1.3220008760504924
95.0,249.0,129.8949432373047,-0.0395527923244806,2.682214317891697,-4.116956616998964,-3.680095723947868,-1.926459248976954,1.338644561279513,-0.097083657111385,3.9643662427616126,-0.4437652499834933,1.3220008760504924
95.0,249.0,129.8949432373047,-0.0395527923244812,2.682214317891672,-4.116956616998964,-3.6800957204594233,-1.926459248976954,1.338644561279513,-0.097083657111385,3.9643546600660375,-0.4437652499834933,1.3220008760504924
95.0,249.0,129.8949432373047,-0.0395527923244812,2.6822143178916704,-4.116956616998964,-3.68009571483784,-1.926459248976955,1.338644561279513,-0.097083657111385,3.9643546600660375,-0.4437652499835036,1.3220008760504924
95.0,249.0,129.8949432373047,-0.0395527923244812,2.682214317891697,-4.116956616998964,-3.680095715290233,-1.926459248976954,1.3386445612795166,-0.097083657111385,3.964366032749808,-0.4437652499834933,1.3220008760504924
95.0,249.0,129.8949432373047,-0.0395527922474241,2.6822143178916704,-4.116956616998964,-3.6800957204594233,-1.926459248976954,1.3386445612809097,-0.097083657111385,3.9643690827191,-0.4437652499834933,1.3220008760504924
95.0,249.0,129.8949432373047,-0.0395527923244945,2.682214317891765,-4.116956616998964,-3.6800957479238825,-1.926459248976954,1.3386445612808906,-0.097083657111385,3.964413747103044,-0.4437652499834945,1.3220008760504924
95.0,249.0,129.89495849609375,-0.0395527923244812,2.682214317891697,-4.116956616998964,-3.680095715290233,-1.926459248976954,1.3386445612795166,-0.097083657111385,3.9643657298365262,-0.4437652499834933,1.3220005074858563
95.0,249.0,129.89495849609375,-0.0395527923244806,2.682214317891697,-4.116956616998964,-3.680096123730103,-1.926459248976954,1.3386445612795028,-0.097083657111385,3.9643662427616126,-0.4437652499836669,1.3219998292204491
95.0,249.0,129.8949737548828,-0.0395527922530615,2.682214317891843,-4.11695661699896,-3.680095715241549,-1.9264592489769523,1.3386445612795177,-0.0970836571113839,3.964365729338637,-0.4437652499837168,1.321993463078623
95.0,249.0,129.8949737548828,-0.0395527922530615,2.682214317891842,-4.11695661699896,-3.680095715241549,-1.9264592489769523,1.3386445612795177,-0.0970836571113839,3.964365729338637,-0.4437652499837168,1.321993463078623
95.0,249.0,129.89498901367188,-0.0395527923261087,2.682214317891708,-4.11695661699896,-3.680095715241549,-1.9264592489769523,1.3386445612795266,-0.0970836571113839,3.964365729338637,-0.4437652499834881,1.3219925246178468
95.0,249.0,129.89498901367188,-0.0395527923244812,2.6822143178916704,-4.116956616998964,-3.6800957204594233,-1.926459248976954,1.338644561279513,-0.097083657111385,3.9643546600660375,-0.4437652499834933,1.321993063593478
95.0,249.0,129.89501953125,-0.0395527922451926,2.6822143178956326,-4.11695661699896,-3.6800957082666272,-1.9264592489769523,1.3386445612796252,-0.0970836571113839,3.9640363195351846,-0.4437652499837168,1.3220312235936826
95.0,249.0,129.89505004882812,-0.0395527922451926,2.6822143178956326,-4.11695661699896,-3.6800957082666272,-1.9264592489769528,1.3386445612796252,-0.0970836571113839,3.9640240986824633,-0.4437652499837151,1.3220290422559184
95.0,250.0,129.89454650878906,-0.0395527923237066,2.682214317895596,-4.116956616998964,-3.680096124310497,-1.926459248976936,1.3386445612796227,-0.097083657111385,3.964023666708015,-0.4437652499836482,1.3221564166685458
95.0,250.0,129.89456176757812,-0.0395527923237542,2.682214317891505,-4.116956616998964,-3.6800963725242393,-1.926459248976936,1.3386445612796227,-0.097083657111385,3.964023618591536,-0.4437652499836457,1.3221531123972203
95.0,250.0,129.89456176757812,-0.0395527923244972,2.6822143178956,-4.116956616998964,-3.680096365351205,-1.926459248976936,1.3386445612796227,-0.097083657111385,3.964023668568251,-0.4437652499836482,1.3221534410909146
95.0,250.0,129.89456176757812,-0.0395527923452606,2.6822143178956,-4.116956616998964,-3.680096365351205,-1.926459248976936,1.3386445612796227,-0.097083657111385,3.964023668568251,-0.4437652499837214,1.3221534410909146
95.0,250.0,129.89456176757812,-0.0395527923237066,2.68221431789524,-4.116956616998964,-3.680096365351205,-1.926459248976936,1.3386445612796227,-0.097083657111385,3.964023666708015,-0.4437652499836482,1.3221534410909146
95.0,250.0,129.89456176757812,-0.0395527923244978,2.682214317891505,-4.116956616998964,-3.6800963725242393,-1.926459248976936,1.3386445612796227,-0.097083657111385,3.964023618591536,-0.4437652499836457,1.3221531166510774
95.0,250.0,129.89456176757812,-0.0395527923244972,2.6822143178956024,-4.116956616998964,-3.680096097569906,-1.926459248976936,1.3386445612796227,-0.097083657111385,3.964023668568251,-0.4437652499836482,1.3221534410909146
95.0,250.0,129.89456176757812,-0.0395527923237536,2.6822143178956,-4.116956616998964,-3.680096365351205,-1.926459248976936,1.3386445612796227,-0.097083657111385,3.964023668568251,-0.4437652499836482,1.322153436837057
95.0,250.0,129.89456176757812,-0.039552792324454,2.6822143178956024,-4.116956616998964,-3.680096097569906,-1.926459248976936,1.3386445612796227,-0.097083657111385,3.964023668568251,-0.4437652499836482,1.322152986048654
95.0,250.0,129.89456176757812,-0.0395527922553684,2.682214317891505,-4.116956616998964,-3.6800963602712935,-1.926459248976936,1.3386445612796227,-0.097083657111385,3.964023618591536,-0.4437652499836457,1.3221531166510774
95.0,250.0,129.89456176757812,-0.0395527923237738,2.682214317891505,-4.116956616998964,-3.680096365142517,-1.926459248976936,1.3386445612796227,-0.097083657111385,3.964023619044327,-0.4437652499836457,1.3221531123972203
95.0,250.0,129.89456176757812,-0.0395527923449518,2.6822143178956,-4.116956616998964,-3.680096365351205,-1.926459248976936,1.3386445612796227,-0.097083657111385,3.964023668568251,-0.4437652499836446,1.3221534410909146
95.0,250.0,129.89456176757812,-0.0395527923237066,2.682214317895545,-4.116956616998964,-3.680096108583844,-1.926459248976936,1.3386445612796227,-0.097083657111385,3.9640236685977976,-0.4437652499836482,1.3221534410909146
95.0,250.0,129.89456176757812,-0.0395527923244978,2.6822143178955065,-4.116956616998964,-3.6800963725242393,-1.926459248976936,1.3386445612796227,-0.097083657111385,3.964023618591536,-0.4437652499836457,1.3221531166510774
95.0,250.0,129.8945770263672,-0.0395527923237066,2.68221431789524,-4.116956616998964,-3.680096357253938,-1.9264592489769368,1.3386445612796205,-0.097083657111385,3.964015593628744,-0.4437652499836482,1.3221534410909146
95.0,250.0,129.89466857910156,-0.0395527923104155,2.68221431789174,-4.116956616998964,-3.6800957479238825,-1.926459248976954,1.338644561280914,-0.097083657111385,3.9643986398048647,-0.4437652499834945,1.322067623129772
95.0,250.0,129.89486694335938,-0.039552792310517,2.682214317891774,-4.116956616998964,-3.680096364489858,-1.926459248976936,1.3386445612796227,-0.097083657111385,3.964023668568251,-0.4437652499836482,1.322069789819242
95.0,250.0,129.89486694335938,-0.039552792310517,2.6822143178956,-4.116956616998964,-3.680096122579717,-1.926459248976936,1.3386445612796227,-0.097083657111385,3.964023668568251,-0.4437652499836482,1.322069789819242
95.0,250.0,129.89486694335938,-0.039552792310517,2.6822143178956,-4.116956616998964,-3.680096122579717,-1.926459248976936,1.3386445612796227,-0.097083657111385,3.964023668568251,-0.4437652499836482,1.322069789819242
95.0,250.0,129.89486694335938,-0.039552792345082,2.6822143178956,-4.116956616998964,-3.680095404162139,-1.926459248976936,1.3386445612796227,-0.097083657111385,3.964023668568251,-0.4437652499837182,1.322069789819242
95.0,250.0,129.89486694335938,-0.0395527923106867,2.6822143178956943,-4.116956616998964,-3.680095637534982,-1.926459248976936,1.3386445612797897,-0.097083657111385,3.9640236641800217,-0.4437652499836545,1.3220696002088794
95.0,250.0,129.89486694335938,-0.0395527923106799,2.682214317891944,-4.116956616998964,-3.680096364489858,-1.926459248976936,1.3386445612796227,-0.097083657111385,3.964023668568251,-0.4437652499839608,1.322069789819242
95.0,250.0,129.89486694335938,-0.039552792310517,2.682214317895554,-4.116956616998964,-3.680096099434007,-1.926459248976936,1.338644561279512,-0.097083657111385,3.964023668568251,-0.4437652499835035,1.3220701400391155
95.0,250.0,129.89486694335938,-0.039552792310517,2.6822143178956,-4.116956616998964,-3.680096122579717,-1.926459248976936,1.3386445612796227,-0.097083657111385,3.964023668568251,-0.4437652499836482,1.322069789819242
95.0,250.0,129.89486694335938,-0.039552792310517,2.6822143178956,-4.116956616998964,-3.6800957227974815,-1.926459248976936,1.338644561279633,-0.097083657111385,3.964023668568251,-0.4437652499834746,1.3220708366492857
95.0,250.0,129.89486694335938,-0.039552792310517,2.682214317891632,-4.116956616998964,-3.680096263461792,-1.926459248976936,1.3386445612796247,-0.097083657111385,3.964023668568251,-0.4437652499836482,1.322069789819242
95.0,250.0,129.89486694335938,-0.0395527923084896,2.6822143178953675,-4.116956616998964,-3.680095404162139,-1.926459248976936,1.3386445612796227,-0.097083657111385,3.964023668568251,-0.4437652499837403,1.322069789819242
95.0,250.0,129.89486694335938,-0.039552792310517,2.6822143178956,-4.116956616998964,-3.680096122579717,-1.926459248976936,1.3386445612796227,-0.097083657111385,3.964023668568251,-0.4437652499836482,1.322069789819242
95.0,250.0,129.89486694335938,-0.039552792310517,2.682214317895554,-4.116956616998964,-3.68009610505559,-1.926459248976936,1.338644561279512,-0.097083657111385,3.964023668568251,-0.4437652499834932,1.3220701400391155
95.0,250.0,129.89486694335938,-0.039552792310517,2.6822143178956,-4.116956616998964,-3.680096107251855,-1.926459248976936,1.3386445612796227,-0.097083657111385,3.964023668568251,-0.4437652499836482,1.322069789819242
95.0,250.0,129.89486694335938,-0.0395527923105995,2.6822143178953675,-4.116956616998964,-3.680095404162139,-1.926459248976936,1.3386445612796227,-0.097083657111385,3.964023668568251,-0.4437652499837403,1.322069789819242
95.0,250.0,129.89486694335938,-0.0395527923106867,2.6822143178956943,-4.116956616998964,-3.680095637534982,-1.926459248976936,1.3386445612797897,-0.097083657111385,3.9640236641800217,-0.4437652499836545,1.3220696002088794
95.0,250.0,129.89486694335938,-0.039552792310517,2.6822143178956,-4.116956616998964,-3.680095421343458,-1.926459248976936,1.3386445612796227,-0.097083657111385,3.964023668568251,-0.4437652499836482,1.322069789819242
95.0,250.0,129.89486694335938,-0.039552792310517,2.682214317895554,-4.116956616998964,-3.68009610738498,-1.926459248976936,1.338644561279512,-0.097083657111385,3.964023668568251,-0.4437652499834932,1.322069807717238
95.0,250.0,129.89486694335938,-0.039552792310517,2.6822143178916686,-4.116956616998964,-3.680096263190468,-1.926459248976936,1.3386445612796247,-0.097083657111385,3.964023668568251,-0.4437652499836482,1.322069789819242
95.0,250.0,129.89486694335938,-0.0395527923266838,2.6822143178956748,-4.116956616998964,-3.680095713005444,-1.926459248976936,1.3386445612796227,-0.097083657111385,3.964023668568251,-0.4437652499836482,1.3220693559544925
95.0,250.0,129.89486694335938,-0.03955279230857,2.682214317891944,-4.116956616998964,-3.680096364489858,-1.926459248976936,1.3386445612796227,-0.097083657111385,3.964023668568251,-0.4437652499839608,1.322069789819242
95.0,250.0,129.89486694335938,-0.0395527923106867,2.6822143178957387,-4.116956616998964,-3.680095637534982,-1.926459248976936,1.3386445612797893,-0.097083657111385,3.9640236641800217,-0.4437652499834938,1.3220696002088794
95.0,250.0,129.89486694335938,-0.039552792310517,2.682214317895708,-4.116956616998964,-3.680096122579717,-1.9264592489769368,1.3386445612796227,-0.097083657111385,3.964023668568251,-0.4437652499836482,1.322069789819242
95.0,250.0,129.89486694335938,-0.039552792310517,2.6822143178956,-4.116956616998964,-3.680096104922465,-1.926459248976936,1.3386445612796227,-0.097083657111385,3.964023668568251,-0.4437652499836482,1.3220701221411195
95.0,250.0,129.89486694335938,-0.039552792310517,2.6822143178955624,-4.116956616998964,-3.6800961228510407,-1.926459248976936,1.3386445612796227,-0.097083657111385,3.964023668568251,-0.4437652499836482,1.322069789819242
95.0,250.0,129.89488220214844,-0.0395527923102193,2.682214317895512,-4.116956616998964,-3.680096122579717,-1.9264592489769337,1.3386445612796236,-0.097083657111385,3.964023668568251,-0.4437652499836482,1.3220691388396029
95.0,250.0,129.89492797851562,-0.039552792310517,2.6822143178956,-4.116956616998964,-3.680096606829963,-1.926459248976936,1.3386445612796238,-0.097083657111385,3.964023668568251,-0.4437652499836539,1.3220586978376634
95.0,250.0,129.89492797851562,-0.039552792309879,2.682214317896043,-4.116956616998964,-3.680096606829963,-1.926459248976936,1.3386445612796238,-0.097083657111385,3.964023668568251,-0.4437652499836539,1.3220586978376634
95.0,250.0,129.8949432373047,-0.0395527923244812,2.682214317891697,-4.116956616998964,-3.680095715290233,-1.926459248976954,1.3386445612795166,-0.097083657111385,3.964366032749808,-0.4437652499834933,1.3220008760504924
95.0,250.0,129.8949432373047,-0.0395527923244812,2.6822143178916704,-4.116956616998964,-3.6800957204594233,-1.926459248976954,1.338644561279513,-0.097083657111385,3.9643546600660375,-0.4437652499834933,1.3220008760504924
95.0,250.0,129.8949432373047,-0.0395527923244945,2.682214317891697,-4.116956616998964,-3.6800957479238825,-1.926459248976954,1.338644561279513,-0.097083657111385,3.964366032749808,-0.4437652499834933,1.3220008760504924
95.0,250.0,129.8949432373047,-0.0395527923244945,2.682214317891697,-4.116956616998964,-3.6800957479238825,-1.926459248976954,1.338644561279513,-0.097083657111385,3.964366032749808,-0.4437652499834933,1.3220008760504924
95.0,250.0,129.8949432373047,-0.0395527923244945,2.682214317891734,-4.116956616998964,-3.6800957479238825,-1.926459248976954,1.3386445612808906,-0.097083657111385,3.9643684390902094,-0.4437652499834945,1.3220008760504924
95.0,250.0,129.8949432373047,-0.039552792310517,2.682214317891764,-4.116956616998964,-3.680096606829963,-1.926459248976936,1.338644561279512,-0.097083657111385,3.964023668568251,-0.4437652499834972,1.3220547861127117
95.0,251.0,129.89454650878906,-0.0395527923237066,2.682214317895596,-4.116956616998964,-3.680096124310497,-1.926459248976936,1.3386445612796227,-0.097083657111385,3.964023666708015,-0.4437652499836482,1.3221564166685458
95.0,251.0,129.89454650878906,-0.0395527923237066,2.6822143178956064,-4.116956616998964,-3.680096124310497,-1.926459248976936,1.3386445612796227,-0.097083657111385,3.964023666708015,-0.4437652499836482,1.3221564166685458
95.0,251.0,129.89456176757812,-0.0395527923237542,2.682214317891505,-4.116956616998964,-3.6800963725242393,-1.926459248976936,1.3386445612796227,-0.097083657111385,3.964023618591536,-0.4437652499836457,1.3221531123972203
95.0,251.0,129.89456176757812,-0.0395527923244972,2.6822143178956,-4.116956616998964,-3.680096365351205,-1.926459248976936,1.3386445612796227,-0.097083657111385,3.964023668568251,-0.4437652499836482,1.3221534410909146
95.0,251.0,129.89456176757812,-0.0395527923452606,2.6822143178956,-4.116956616998964,-3.680096365351205,-1.926459248976936,1.3386445612796227,-0.097083657111385,3.964023668568251,-0.4437652499837214,1.3221534410909146
95.0,251.0,129.89456176757812,-0.0395527923237066,2.68221431789524,-4.116956616998964,-3.680096365351205,-1.926459248976936,1.3386445612796227,-0.097083657111385,3.964023666708015,-0.4437652499836482,1.3221534410909146
95.0,251.0,129.89456176757812,-0.0395527923244978,2.682214317891505,-4.116956616998964,-3.6800963725242393,-1.926459248976936,1.3386445612796227,-0.097083657111385,3.964023618591536,-0.4437652499836457,1.3221531166510774
95.0,251.0,129.89456176757812,-0.0395527923244972,2.6822143178956024,-4.116956616998964,-3.680096097569906,-1.926459248976936,1.3386445612796227,-0.097083657111385,3.964023668568251,-0.4437652499836482,1.3221534410909146
95.0,251.0,129.89456176757812,-0.0395527923237536,2.6822143178956,-4.116956616998964,-3.680096365351205,-1.926459248976936,1.3386445612796227,-0.097083657111385,3.964023668568251,-0.4437652499836482,1.322153436837057
95.0,251.0,129.89456176757812,-0.039552792324454,2.6822143178956024,-4.116956616998964,-3.680096097569906,-1.926459248976936,1.3386445612796227,-0.097083657111385,3.964023668568251,-0.4437652499836482,1.322152986048654
95.0,251.0,129.89456176757812,-0.0395527922553684,2.682214317891505,-4.116956616998964,-3.6800963602712935,-1.926459248976936,1.3386445612796227,-0.097083657111385,3.964023618591536,-0.4437652499836457,1.3221531166510774
95.0,251.0,129.89456176757812,-0.0395527923237738,2.682214317891505,-4.116956616998964,-3.680096365142517,-1.926459248976936,1.3386445612796227,-0.097083657111385,3.964023619044327,-0.4437652499836457,1.3221531123972203
95.0,251.0,129.89456176757812,-0.0395527923449518,2.6822143178956,-4.116956616998964,-3.680096365351205,-1.926459248976936,1.3386445612796227,-0.097083657111385,3.964023668568251,-0.4437652499836446,1.3221534410909146
95.0,251.0,129.89456176757812,-0.0395527923237066,2.682214317895545,-4.116956616998964,-3.680096108583844,-1.926459248976936,1.3386445612796227,-0.097083657111385,3.9640236685977976,-0.4437652499836482,1.3221534410909146
95.0,251.0,129.89456176757812,-0.0395527923244978,2.6822143178955065,-4.116956616998964,-3.6800963725242393,-1.926459248976936,1.3386445612796227,-0.097083657111385,3.964023618591536,-0.4437652499836457,1.3221531166510774
95.0,251.0,129.89456176757812,-0.0395527923244475,2.6822143178956024,-4.116956616998964,-3.680096097569906,-1.926459248976936,1.3386445612796227,-0.097083657111385,3.964023668567268,-0.4437652499836482,1.3221534410909146
95.0,251.0,129.89456176757812,-0.0395527923245485,2.6822143178956,-4.116956616998964,-3.680096365351205,-1.926459248976936,1.3386445612796227,-0.097083657111385,3.964023668568251,-0.4437652499836482,1.3221534410909146
95.0,251.0,129.89456176757812,-0.0395527923449518,2.6822143178956,-4.116956616998964,-3.680096365351205,-1.926459248976936,1.3386445612796227,-0.097083657111385,3.9640236190593545,-0.4437652499836446,1.3221534410909146
95.0,251.0,129.89456176757812,-0.0395527922553684,2.6822143178914795,-4.116956616998964,-3.680096372460788,-1.926459248976936,1.3386445612796227,-0.097083657111385,3.964023618591536,-0.4437652499836457,1.3221531166510774
95.0,251.0,129.89456176757812,-0.0395527923244978,2.6822143178955065,-4.116956616998964,-3.6800963721680606,-1.926459248976936,1.3386445612796227,-0.097083657111385,3.964023618591536,-0.4437652499836457,1.3221531166510774
95.0,251.0,129.89456176757812,-0.0395527923244978,2.682214317891505,-4.116956616998964,-3.6800963725242393,-1.926459248976936,1.3386445612796227,-0.097083657111385,3.964023668100432,-0.4437652499836457,1.3221531166510774
95.0,251.0,129.89456176757812,-0.0395527923086946,2.6822143178956024,-4.116956616998964,-3.680096072209888,-1.926459248976936,1.3386445612796227,-0.097083657111385,3.964023668568251,-0.4437652499836482,1.3221533163089836
95.0,251.0,129.89456176757812,-0.0395527923237066,2.682214317895229,-4.116956616998964,-3.680096365351205,-1.926459248976936,1.3386445612796227,-0.097083657111385,3.964023666708015,-0.4437652499836482,1.3221534410909146
95.0,251.0,129.89456176757812,-0.0395527923244978,2.682214317895532,-4.116956616998964,-3.680096360334744,-1.926459248976936,1.3386445612796227,-0.097083657111385,3.964023618591536,-0.4437652499836457,1.3221531166510774
95.0,251.0,129.89456176757812,-0.0395527923449518,2.6822143178956,-4.116956616998964,-3.6800961236746943,-1.926459248976936,1.3386445612796227,-0.097083657111385,3.964023668568251,-0.4437652499836446,1.3221534410909146
95.0,251.0,129.89456176757812,-0.0395527922553684,2.682214317891505,-4.116956616998964,-3.6800963602712935,-1.926459248976936,1.3386445612796227,-0.097083657111385,3.964023669788571,-0.4437652499836457,1.3221546763303034
95.0,251.0,129.89456176757812,-0.039552792310517,2.6822143178956,-4.116956616998964,-3.680096127237405,-1.926459248976936,1.3386445612796227,-0.097083657111385,3.964023668568251,-0.4437652499836482,1.3221524620218466
95.0,251.0,129.89456176757812,-0.0395527923244972,2.6822143178956024,-4.116956616998964,-3.680095747921102,-1.926459248976936,1.3386445612796227,-0.097083657111385,3.964023668568251,-0.4437652499834763,1.322153371058986
95.0,251.0,129.89456176757812,-0.0395527923237693,2.6822143178956,-4.116956616998964,-3.680096365351205,-1.926459248976936,1.3386445612796227,-0.097083657111385,3.96402366924699,-0.4437652499836482,1.3221534410909146
95.0,251.0,129.8945770263672,-0.0395527923237066,2.68221431789524,-4.116956616998964,-3.680096357253938,-1.9264592489769368,1.3386445612796205,-0.097083657111385,3.964015593628744,-0.4437652499836482,1.3221534410909146
95.0,251.0,129.8945770263672,-0.0395527923237066,2.682214317891688,-4.116956616998964,-3.680096357253938,-1.9264592489769368,1.3386445612796205,-0.097083657111385,3.964015593628744,-0.4437652499836482,1.322153120554145
95.0,251.0,129.8945770263672,-0.0395527923237066,2.68221431789524,-4.116956616998964,-3.680096357610117,-1.9264592489769368,1.3386445612796205,-0.097083657111385,3.964015593628744,-0.4437652499836482,1.3221534410909146
95.0,251.0,129.89466857910156,-0.0395527923104155,2.68221431789174,-4.116956616998964,-3.6800957479238825,-1.926459248976954,1.338644561280914,-0.097083657111385,3.9643986398048647,-0.4437652499834945,1.322067623129772
95.0,251.0,129.89486694335938,-0.039552792310517,2.682214317891774,-4.116956616998964,-3.680096364489858,-1.926459248976936,1.3386445612796227,-0.097083657111385,3.964023668568251,-0.4437652499836482,1.322069789819242
95.0,251.0,129.89486694335938,-0.039552792310517,2.6822143178956,-4.116956616998964,-3.680096122579717,-1.926459248976936,1.3386445612796227,-0.097083657111385,3.964023668568251,-0.4437652499836482,1.322069789819242
95.0,251.0,129.89486694335938,-0.039552792310517,2.6822143178956,-4.116956616998964,-3.680096122579717,-1.926459248976936,1.3386445612796227,-0.097083657111385,3.964023668568251,-0.4437652499836482,1.322069789819242
95.0,251.0,129.89486694335938,-0.039552792345082,2.6822143178956,-4.116956616998964,-3.680095404162139,-1.926459248976936,1.3386445612796227,-0.097083657111385,3.964023668568251,-0.4437652499837182,1.322069789819242
95.0,251.0,129.89486694335938,-0.0395527923106867,2.6822143178956943,-4.116956616998964,-3.680095637534982,-1.926459248976936,1.3386445612797897,-0.097083657111385,3.9640236641800217,-0.4437652499836545,1.3220696002088794
95.0,251.0,129.89486694335938,-0.0395527923106799,2.682214317891944,-4.116956616998964,-3.680096364489858,-1.926459248976936,1.3386445612796227,-0.097083657111385,3.964023668568251,-0.4437652499839608,1.322069789819242
95.0,251.0,129.89486694335938,-0.039552792310517,2.682214317895554,-4.116956616998964,-3.680096099434007,-1.926459248976936,1.338644561279512,-0.097083657111385,3.964023668568251,-0.4437652499835035,1.3220701400391155
95.0,251.0,129.89486694335938,-0.039552792310517,2.6822143178956,-4.116956616998964,-3.680096122579717,-1.926459248976936,1.3386445612796227,-0.097083657111385,3.964023668568251,-0.4437652499836482,1.322069789819242
95.0,251.0,129.89486694335938,-0.039552792310517,2.6822143178956,-4.116956616998964,-3.6800957227974815,-1.926459248976936,1.338644561279633,-0.097083657111385,3.964023668568251,-0.4437652499834746,1.3220708366492857
95.0,251.0,129.89486694335938,-0.039552792310517,2.682214317891632,-4.116956616998964,-3.680096263461792,-1.926459248976936,1.3386445612796247,-0.097083657111385,3.964023668568251,-0.4437652499836482,1.322069789819242
95.0,251.0,129.89486694335938,-0.0395527923084896,2.6822143178953675,-4.116956616998964,-3.680095404162139,-1.926459248976936,1.3386445612796227,-0.097083657111385,3.964023668568251,-0.4437652499837403,1.322069789819242
95.0,251.0,129.89486694335938,-0.039552792310517,2.6822143178956,-4.116956616998964,-3.680096122579717,-1.926459248976936,1.3386445612796227,-0.097083657111385,3.964023668568251,-0.4437652499836482,1.322069789819242
95.0,251.0,129.89486694335938,-0.039552792310517,2.682214317895554,-4.116956616998964,-3.68009610505559,-1.926459248976936,1.338644561279512,-0.097083657111385,3.964023668568251,-0.4437652499834932,1.3220701400391155
95.0,251.0,129.89486694335938,-0.039552792310517,2.6822143178956,-4.116956616998964,-3.680096107251855,-1.926459248976936,1.3386445612796227,-0.097083657111385,3.964023668568251,-0.4437652499836482,1.322069789819242
95.0,251.0,129.89486694335938,-0.0395527923105995,2.6822143178953675,-4.116956616998964,-3.680095404162139,-1.926459248976936,1.3386445612796227,-0.097083657111385,3.964023668568251,-0.4437652499837403,1.322069789819242
95.0,251.0,129.89486694335938,-0.0395527923106867,2.6822143178956943,-4.116956616998964,-3.680095637534982,-1.926459248976936,1.3386445612797897,-0.097083657111385,3.9640236641800217,-0.4437652499836545,1.3220696002088794
95.0,251.0,129.89486694335938,-0.039552792310517,2.6822143178956,-4.116956616998964,-3.680095421343458,-1.926459248976936,1.3386445612796227,-0.097083657111385,3.964023668568251,-0.4437652499836482,1.322069789819242
95.0,252.0,129.89454650878906,-0.0395527923237066,2.682214317895596,-4.116956616998964,-3.680096124310497,-1.926459248976936,1.3386445612796227,-0.097083657111385,3.964023666708015,-0.4437652499836482,1.3221564166685458
95.0,252.0,129.89454650878906,-0.0395527923237066,2.6822143178956064,-4.116956616998964,-3.680096124310497,-1.926459248976936,1.3386445612796227,-0.097083657111385,3.964023666708015,-0.4437652499836482,1.3221564166685458
95.0,252.0,129.89454650878906,-0.0395527923237066,2.682214317895596,-4.116956616998964,-3.680096359660762,-1.926459248976936,1.3386445612796227,-0.097083657111385,3.964023666571693,-0.4437652499836482,1.3221564166685458
95.0,252.0,129.89454650878906,-0.0395527923245081,2.6822143178916185,-4.116956616998964,-3.6800963779397726,-1.926459248976936,1.3386445612796227,-0.097083657111385,3.9640236667044015,-0.4437652499836482,1.3221564166685458
95.0,252.0,129.89456176757812,-0.0395527923237542,2.682214317891505,-4.116956616998964,-3.6800963725242393,-1.926459248976936,1.3386445612796227,-0.097083657111385,3.964023618591536,-0.4437652499836457,1.3221531123972203
95.0,252.0,129.89456176757812,-0.0395527923244972,2.6822143178956,-4.116956616998964,-3.680096365351205,-1.926459248976936,1.3386445612796227,-0.097083657111385,3.964023668568251,-0.4437652499836482,1.3221534410909146
95.0,252.0,129.89456176757812,-0.0395527923452606,2.6822143178956,-4.116956616998964,-3.680096365351205,-1.926459248976936,1.3386445612796227,-0.097083657111385,3.964023668568251,-0.4437652499837214,1.3221534410909146
95.0,252.0,129.89456176757812,-0.0395527923237066,2.68221431789524,-4.116956616998964,-3.680096365351205,-1.926459248976936,1.3386445612796227,-0.097083657111385,3.964023666708015,-0.4437652499836482,1.3221534410909146
95.0,252.0,129.89456176757812,-0.0395527923244978,2.682214317891505,-4.116956616998964,-3.6800963725242393,-1.926459248976936,1.3386445612796227,-0.097083657111385,3.964023618591536,-0.4437652499836457,1.3221531166510774
95.0,252.0,129.89456176757812,-0.0395527923244972,2.6822143178956024,-4.116956616998964,-3.680096097569906,-1.926459248976936,1.3386445612796227,-0.097083657111385,3.964023668568251,-0.4437652499836482,1.3221534410909146
95.0,252.0,129.89456176757812,-0.0395527923237536,2.6822143178956,-4.116956616998964,-3.680096365351205,-1.926459248976936,1.3386445612796227,-0.097083657111385,3.964023668568251,-0.4437652499836482,1.322153436837057
95.0,252.0,129.89456176757812,-0.039552792324454,2.6822143178956024,-4.116956616998964,-3.680096097569906,-1.926459248976936,1.3386445612796227,-0.097083657111385,3.964023668568251,-0.4437652499836482,1.322152986048654
95.0,252.0,129.89456176757812,-0.0395527922553684,2.682214317891505,-4.116956616998964,-3.6800963602712935,-1.926459248976936,1.3386445612796227,-0.097083657111385,3.964023618591536,-0.4437652499836457,1.3221531166510774
95.0,252.0,129.89456176757812,-0.0395527923237738,2.682214317891505,-4.116956616998964,-3.680096365142517,-1.926459248976936,1.3386445612796227,-0.097083657111385,3.964023619044327,-0.4437652499836457,1.3221531123972203
95.0,252.0,129.89456176757812,-0.0395527923449518,2.6822143178956,-4.116956616998964,-3.680096365351205,-1.926459248976936,1.3386445612796227,-0.097083657111385,3.964023668568251,-0.4437652499836446,1.3221534410909146
95.0,252.0,129.89456176757812,-0.0395527923237066,2.682214317895545,-4.116956616998964,-3.680096108583844,-1.926459248976936,1.3386445612796227,-0.097083657111385,3.9640236685977976,-0.4437652499836482,1.3221534410909146
95.0,252.0,129.89456176757812,-0.0395527923244978,2.6822143178955065,-4.116956616998964,-3.6800963725242393,-1.926459248976936,1.3386445612796227,-0.097083657111385,3.964023618591536,-0.4437652499836457,1.3221531166510774
95.0,252.0,129.89456176757812,-0.0395527923244475,2.6822143178956024,-4.116956616998964,-3.680096097569906,-1.926459248976936,1.3386445612796227,-0.097083657111385,3.964023668567268,-0.4437652499836482,1.3221534410909146
95.0,252.0,129.89456176757812,-0.0395527923245485,2.6822143178956,-4.116956616998964,-3.680096365351205,-1.926459248976936,1.3386445612796227,-0.097083657111385,3.964023668568251,-0.4437652499836482,1.3221534410909146
95.0,252.0,129.89456176757812,-0.0395527923449518,2.6822143178956,-4.116956616998964,-3.680096365351205,-1.926459248976936,1.3386445612796227,-0.097083657111385,3.9640236190593545,-0.4437652499836446,1.3221534410909146
95.0,252.0,129.89456176757812,-0.0395527922553684,2.6822143178914795,-4.116956616998964,-3.680096372460788,-1.926459248976936,1.3386445612796227,-0.097083657111385,3.964023618591536,-0.4437652499836457,1.3221531166510774
95.0,252.0,129.89456176757812,-0.0395527923244978,2.6822143178955065,-4.116956616998964,-3.6800963721680606,-1.926459248976936,1.3386445612796227,-0.097083657111385,3.964023618591536,-0.4437652499836457,1.3221531166510774
95.0,252.0,129.89456176757812,-0.0395527923244978,2.682214317891505,-4.116956616998964,-3.6800963725242393,-1.926459248976936,1.3386445612796227,-0.097083657111385,3.964023668100432,-0.4437652499836457,1.3221531166510774
95.0,252.0,129.89456176757812,-0.0395527923086946,2.6822143178956024,-4.116956616998964,-3.680096072209888,-1.926459248976936,1.3386445612796227,-0.097083657111385,3.964023668568251,-0.4437652499836482,1.3221533163089836
95.0,252.0,129.89456176757812,-0.0395527923237066,2.682214317895229,-4.116956616998964,-3.680096365351205,-1.926459248976936,1.3386445612796227,-0.097083657111385,3.964023666708015,-0.4437652499836482,1.3221534410909146
95.0,252.0,129.89456176757812,-0.0395527923244978,2.682214317895532,-4.116956616998964,-3.680096360334744,-1.926459248976936,1.3386445612796227,-0.097083657111385,3.964023618591536,-0.4437652499836457,1.3221531166510774
95.0,252.0,129.89456176757812,-0.0395527923449518,2.6822143178956,-4.116956616998964,-3.6800961236746943,-1.926459248976936,1.3386445612796227,-0.097083657111385,3.964023668568251,-0.4437652499836446,1.3221534410909146
95.0,252.0,129.89456176757812,-0.0395527922553684,2.682214317891505,-4.116956616998964,-3.6800963602712935,-1.926459248976936,1.3386445612796227,-0.097083657111385,3.964023669788571,-0.4437652499836457,1.3221546763303034
95.0,252.0,129.89456176757812,-0.039552792310517,2.6822143178956,-4.116956616998964,-3.680096127237405,-1.926459248976936,1.3386445612796227,-0.097083657111385,3.964023668568251,-0.4437652499836482,1.3221524620218466
95.0,252.0,129.89456176757812,-0.0395527923244972,2.6822143178956024,-4.116956616998964,-3.680095747921102,-1.926459248976936,1.3386445612796227,-0.097083657111385,3.964023668568251,-0.4437652499834763,1.322153371058986
95.0,252.0,129.89456176757812,-0.0395527923237693,2.6822143178956,-4.116956616998964,-3.680096365351205,-1.926459248976936,1.3386445612796227,-0.097083657111385,3.96402366924699,-0.4437652499836482,1.3221534410909146
95.0,252.0,129.89456176757812,-0.0395527923237066,2.6822143178956064,-4.116956616998964,-3.68009636061081,-1.926459248976936,1.3386445612796227,-0.097083657111385,3.964023666691127,-0.4437652499836482,1.322154632429083
95.0,252.0,129.89456176757812,-0.0395527923244954,2.6822143178955065,-4.116956616998964,-3.680096375446824,-1.926459248976936,1.3386445612796227,-0.097083657111385,3.964023618591536,-0.4437652499836457,1.3221531166510774
95.0,252.0,129.89456176757812,-0.039552792310517,2.6822143178956,-4.116956616998964,-3.680096127237405,-1.926459248976936,1.3386445612796227,-0.097083657111385,3.964023668568251,-0.4437652499836482,1.3221524620218466
95.0,252.0,129.89456176757812,-0.0395527923449518,2.6822143178956,-4.116956616998964,-3.680096367096928,-1.926459248976936,1.3386445612796227,-0.097083657111385,3.964023668568251,-0.4437652499836446,1.3221534410909146
95.0,252.0,129.89456176757812,-0.0395527923105939,2.6822143178956,-4.116956616998964,-3.680096123297392,-1.926459248976936,1.3386445612796227,-0.097083657111385,3.964023668568251,-0.4437652499836482,1.322155097934585
95.0,252.0,129.89456176757812,-0.0395527923244972,2.6822143178956024,-4.116956616998964,-3.680095747921102,-1.926459248976936,1.3386445612796227,-0.097083657111385,3.964023668568251,-0.4437652499836485,1.322153370261625
95.0,252.0,129.89456176757812,-0.0395527923237066,2.682214317895229,-4.116956616998964,-3.680096372699929,-1.926459248976936,1.3386445612796227,-0.097083657111385,3.964023666708015,-0.4437652499836482,1.3221534410909146
95.0,252.0,129.89456176757812,-0.0395527923244978,2.6822143178955065,-4.116956616998964,-3.6800963721680606,-1.926459248976936,1.3386445612796227,-0.097083657111385,3.964023618591536,-0.4437652499836457,1.3221531166510774
95.0,252.0,129.89456176757812,-0.039552792310517,2.6822143178956,-4.116956616998964,-3.680096127237405,-1.926459248976936,1.3386445612796227,-0.097083657111385,3.964023668568251,-0.4437652499836482,1.3221524620218466
95.0,252.0,129.89456176757812,-0.0395527923237706,2.6822143178952493,-4.116956616998964,-3.680096357610117,-1.9264592489769368,1.3386445612796205,-0.097083657111385,3.964023594164085,-0.4437652499836482,1.3221534410909146
95.0,252.0,129.89456176757812,-0.0395527923237693,2.6822143178956,-4.116956616998964,-3.680096365351205,-1.926459248976936,1.3386445612796227,-0.097083657111385,3.9640236668088895,-0.4437652499836482,1.3221534410909146
95.0,252.0,129.89456176757812,-0.0395527923245485,2.6822143178956,-4.116956616998964,-3.680096365351205,-1.926459248976936,1.3386445612796227,-0.097083657111385,3.964023668568251,-0.4437652499836482,1.3221534410909146
95.0,252.0,129.8945770263672,-0.0395527923237066,2.68221431789524,-4.116956616998964,-3.680096357253938,-1.9264592489769368,1.3386445612796205,-0.097083657111385,3.964015593628744,-0.4437652499836482,1.3221534410909146
95.0,252.0,129.8945770263672,-0.0395527923237066,2.682214317891688,-4.116956616998964,-3.680096357253938,-1.9264592489769368,1.3386445612796205,-0.097083657111385,3.964015593628744,-0.4437652499836482,1.322153120554145
95.0,252.0,129.8945770263672,-0.0395527923237066,2.68221431789524,-4.116956616998964,-3.680096357610117,-1.9264592489769368,1.3386445612796205,-0.097083657111385,3.964015593628744,-0.4437652499836482,1.3221534410909146
95.0,252.0,129.89466857910156,-0.0395527923104155,2.68221431789174,-4.116956616998964,-3.6800957479238825,-1.926459248976954,1.338644561280914,-0.097083657111385,3.9643986398048647,-0.4437652499834945,1.322067623129772
95.0,252.0,129.89486694335938,-0.039552792310517,2.682214317891774,-4.116956616998964,-3.680096364489858,-1.926459248976936,1.3386445612796227,-0.097083657111385,3.964023668568251,-0.4437652499836482,1.322069789819242
95.0,252.0,129.89486694335938,-0.039552792310517,2.6822143178956,-4.116956616998964,-3.680096122579717,-1.926459248976936,1.3386445612796227,-0.097083657111385,3.964023668568251,-0.4437652499836482,1.322069789819242
95.0,252.0,129.89486694335938,-0.039552792310517,2.6822143178956,-4.116956616998964,-3.680096122579717,-1.926459248976936,1.3386445612796227,-0.097083657111385,3.964023668568251,-0.4437652499836482,1.322069789819242
95.0,253.0,129.89454650878906,-0.0395527923237066,2.682214317895596,-4.116956616998964,-3.680096124310497,-1.926459248976936,1.3386445612796227,-0.097083657111385,3.964023666708015,-0.4437652499836482,1.3221564166685458
95.0,253.0,129.89454650878906,-0.0395527923237066,2.6822143178956064,-4.116956616998964,-3.680096124310497,-1.926459248976936,1.3386445612796227,-0.097083657111385,3.964023666708015,-0.4437652499836482,1.3221564166685458
95.0,253.0,129.89454650878906,-0.0395527923237066,2.682214317895596,-4.116956616998964,-3.680096359660762,-1.926459248976936,1.3386445612796227,-0.097083657111385,3.964023666571693,-0.4437652499836482,1.3221564166685458
95.0,253.0,129.89454650878906,-0.0395527923245081,2.6822143178916185,-4.116956616998964,-3.6800963779397726,-1.926459248976936,1.3386445612796227,-0.097083657111385,3.9640236667044015,-0.4437652499836482,1.3221564166685458
95.0,253.0,129.89454650878906,-0.0395527923237066,2.682214317895596,-4.116956616998964,-3.680096124310497,-1.926459248976936,1.3386445612796227,-0.097083657111385,3.964023666708015,-0.4437652499836482,1.3221564166685458
95.0,253.0,129.89454650878906,-0.0395527923244971,2.6822143178956024,-4.116956616998964,-3.6800963353330514,-1.926459248976936,1.3386445612796227,-0.097083657111385,3.964023668568251,-0.4437652499834763,1.3221561870897085
95.0,253.0,129.89454650878906,-0.0395527922550862,2.6822143178914795,-4.116956616998964,-3.680096108279756,-1.926459248976936,1.3386445612796227,-0.097083657111385,3.964023619990271,-0.4437652499836457,1.322156433440167
95.0,253.0,129.89456176757812,-0.0395527923237542,2.682214317891505,-4.116956616998964,-3.6800963725242393,-1.926459248976936,1.3386445612796227,-0.097083657111385,3.964023618591536,-0.4437652499836457,1.3221531123972203
95.0,253.0,129.89456176757812,-0.0395527923244972,2.6822143178956,-4.116956616998964,-3.680096365351205,-1.926459248976936,1.3386445612796227,-0.097083657111385,3.964023668568251,-0.4437652499836482,1.3221534410909146
95.0,253.0,129.89456176757812,-0.0395527923452606,2.6822143178956,-4.116956616998964,-3.680096365351205,-1.926459248976936,1.3386445612796227,-0.097083657111385,3.964023668568251,-0.4437652499837214,1.3221534410909146
95.0,253.0,129.89456176757812,-0.0395527923237066,2.68221431789524,-4.116956616998964,-3.680096365351205,-1.926459248976936,1.3386445612796227,-0.097083657111385,3.964023666708015,-0.4437652499836482,1.3221534410909146
95.0,253.0,129.89456176757812,-0.0395527923244978,2.682214317891505,-4.116956616998964,-3.6800963725242393,-1.926459248976936,1.3386445612796227,-0.097083657111385,3.964023618591536,-0.4437652499836457,1.3221531166510774
95.0,253.0,129.89456176757812,-0.0395527923244972,2.6822143178956024,-4.116956616998964,-3.680096097569906,-1.926459248976936,1.3386445612796227,-0.097083657111385,3.964023668568251,-0.4437652499836482,1.3221534410909146
95.0,253.0,129.89456176757812,-0.0395527923237536,2.6822143178956,-4.116956616998964,-3.680096365351205,-1.926459248976936,1.3386445612796227,-0.097083657111385,3.964023668568251,-0.4437652499836482,1.322153436837057
95.0,253.0,129.89456176757812,-0.039552792324454,2.6822143178956024,-4.116956616998964,-3.680096097569906,-1.926459248976936,1.3386445612796227,-0.097083657111385,3.964023668568251,-0.4437652499836482,1.322152986048654
95.0,253.0,129.89456176757812,-0.0395527922553684,2.682214317891505,-4.116956616998964,-3.6800963602712935,-1.926459248976936,1.3386445612796227,-0.097083657111385,3.964023618591536,-0.4437652499836457,1.3221531166510774
95.0,253.0,129.89456176757812,-0.0395527923237738,2.682214317891505,-4.116956616998964,-3.680096365142517,-1.926459248976936,1.3386445612796227,-0.097083657111385,3.964023619044327,-0.4437652499836457,1.3221531123972203
95.0,253.0,129.89456176757812,-0.0395527923449518,2.6822143178956,-4.116956616998964,-3.680096365351205,-1.926459248976936,1.3386445612796227,-0.097083657111385,3.964023668568251,-0.4437652499836446,1.3221534410909146
95.0,253.0,129.89456176757812,-0.0395527923237066,2.682214317895545,-4.116956616998964,-3.680096108583844,-1.926459248976936,1.3386445612796227,-0.097083657111385,3.9640236685977976,-0.4437652499836482,1.3221534410909146
95.0,253.0,129.89456176757812,-0.0395527923244978,2.6822143178955065,-4.116956616998964,-3.6800963725242393,-1.926459248976936,1.3386445612796227,-0.097083657111385,3.964023618591536,-0.4437652499836457,1.3221531166510774
95.0,253.0,129.89456176757812,-0.0395527923244475,2.6822143178956024,-4.116956616998964,-3.680096097569906,-1.926459248976936,1.3386445612796227,-0.097083657111385,3.964023668567268,-0.4437652499836482,1.3221534410909146
95.0,253.0,129.89456176757812,-0.0395527923245485,2.6822143178956,-4.116956616998964,-3.680096365351205,-1.926459248976936,1.3386445612796227,-0.097083657111385,3.964023668568251,-0.4437652499836482,1.3221534410909146
95.0,253.0,129.89456176757812,-0.0395527923449518,2.6822143178956,-4.116956616998964,-3.680096365351205,-1.926459248976936,1.3386445612796227,-0.097083657111385,3.9640236190593545,-0.4437652499836446,1.3221534410909146
95.0,253.0,129.89456176757812,-0.0395527922553684,2.6822143178914795,-4.116956616998964,-3.680096372460788,-1.926459248976936,1.3386445612796227,-0.097083657111385,3.964023618591536,-0.4437652499836457,1.3221531166510774
95.0,253.0,129.89456176757812,-0.0395527923244978,2.6822143178955065,-4.116956616998964,-3.6800963721680606,-1.926459248976936,1.3386445612796227,-0.097083657111385,3.964023618591536,-0.4437652499836457,1.3221531166510774
95.0,253.0,129.89456176757812,-0.0395527923244978,2.682214317891505,-4.116956616998964,-3.6800963725242393,-1.926459248976936,1.3386445612796227,-0.097083657111385,3.964023668100432,-0.4437652499836457,1.3221531166510774
95.0,253.0,129.89456176757812,-0.0395527923086946,2.6822143178956024,-4.116956616998964,-3.680096072209888,-1.926459248976936,1.3386445612796227,-0.097083657111385,3.964023668568251,-0.4437652499836482,1.3221533163089836
95.0,253.0,129.89456176757812,-0.0395527923237066,2.682214317895229,-4.116956616998964,-3.680096365351205,-1.926459248976936,1.3386445612796227,-0.097083657111385,3.964023666708015,-0.4437652499836482,1.3221534410909146
95.0,253.0,129.89456176757812,-0.0395527923244978,2.682214317895532,-4.116956616998964,-3.680096360334744,-1.926459248976936,1.3386445612796227,-0.097083657111385,3.964023618591536,-0.4437652499836457,1.3221531166510774
95.0,253.0,129.89456176757812,-0.0395527923449518,2.6822143178956,-4.116956616998964,-3.6800961236746943,-1.926459248976936,1.3386445612796227,-0.097083657111385,3.964023668568251,-0.4437652499836446,1.3221534410909146
95.0,253.0,129.89456176757812,-0.0395527922553684,2.682214317891505,-4.116956616998964,-3.6800963602712935,-1.926459248976936,1.3386445612796227,-0.097083657111385,3.964023669788571,-0.4437652499836457,1.3221546763303034
95.0,253.0,129.89456176757812,-0.039552792310517,2.6822143178956,-4.116956616998964,-3.680096127237405,-1.926459248976936,1.3386445612796227,-0.097083657111385,3.964023668568251,-0.4437652499836482,1.3221524620218466
95.0,253.0,129.89456176757812,-0.0395527923244972,2.6822143178956024,-4.116956616998964,-3.680095747921102,-1.926459248976936,1.3386445612796227,-0.097083657111385,3.964023668568251,-0.4437652499834763,1.322153371058986
95.0,253.0,129.89456176757812,-0.0395527923237693,2.6822143178956,-4.116956616998964,-3.680096365351205,-1.926459248976936,1.3386445612796227,-0.097083657111385,3.96402366924699,-0.4437652499836482,1.3221534410909146
95.0,253.0,129.89456176757812,-0.0395527923237066,2.6822143178956064,-4.116956616998964,-3.68009636061081,-1.926459248976936,1.3386445612796227,-0.097083657111385,3.964023666691127,-0.4437652499836482,1.322154632429083
95.0,253.0,129.89456176757812,-0.0395527923244954,2.6822143178955065,-4.116956616998964,-3.680096375446824,-1.926459248976936,1.3386445612796227,-0.097083657111385,3.964023618591536,-0.4437652499836457,1.3221531166510774
95.0,253.0,129.89456176757812,-0.039552792310517,2.6822143178956,-4.116956616998964,-3.680096127237405,-1.926459248976936,1.3386445612796227,-0.097083657111385,3.964023668568251,-0.4437652499836482,1.3221524620218466
95.0,253.0,129.89456176757812,-0.0395527923449518,2.6822143178956,-4.116956616998964,-3.680096367096928,-1.926459248976936,1.3386445612796227,-0.097083657111385,3.964023668568251,-0.4437652499836446,1.3221534410909146
95.0,253.0,129.89456176757812,-0.0395527923105939,2.6822143178956,-4.116956616998964,-3.680096123297392,-1.926459248976936,1.3386445612796227,-0.097083657111385,3.964023668568251,-0.4437652499836482,1.322155097934585
95.0,253.0,129.89456176757812,-0.0395527923244972,2.6822143178956024,-4.116956616998964,-3.680095747921102,-1.926459248976936,1.3386445612796227,-0.097083657111385,3.964023668568251,-0.4437652499836485,1.322153370261625
95.0,253.0,129.89456176757812,-0.0395527923237066,2.682214317895229,-4.116956616998964,-3.680096372699929,-1.926459248976936,1.3386445612796227,-0.097083657111385,3.964023666708015,-0.4437652499836482,1.3221534410909146
95.0,253.0,129.89456176757812,-0.0395527923244978,2.6822143178955065,-4.116956616998964,-3.6800963721680606,-1.926459248976936,1.3386445612796227,-0.097083657111385,3.964023618591536,-0.4437652499836457,1.3221531166510774
95.0,253.0,129.89456176757812,-0.039552792310517,2.6822143178956,-4.116956616998964,-3.680096127237405,-1.926459248976936,1.3386445612796227,-0.097083657111385,3.964023668568251,-0.4437652499836482,1.3221524620218466
95.0,253.0,129.89456176757812,-0.0395527923237706,2.6822143178952493,-4.116956616998964,-3.680096357610117,-1.9264592489769368,1.3386445612796205,-0.097083657111385,3.964023594164085,-0.4437652499836482,1.3221534410909146
95.0,253.0,129.89456176757812,-0.0395527923237693,2.6822143178956,-4.116956616998964,-3.680096365351205,-1.926459248976936,1.3386445612796227,-0.097083657111385,3.9640236668088895,-0.4437652499836482,1.3221534410909146
95.0,253.0,129.89456176757812,-0.0395527923245485,2.6822143178956,-4.116956616998964,-3.680096365351205,-1.926459248976936,1.3386445612796227,-0.097083657111385,3.964023668568251,-0.4437652499836482,1.3221534410909146
95.0,253.0,129.89456176757812,-0.0395527923244978,2.6822143178955065,-4.116956616998964,-3.6800963721680606,-1.926459248976936,1.3386445612796227,-0.097083657111385,3.964023618591536,-0.4437652499836457,1.3221531166510774
95.0,253.0,129.89456176757812,-0.0395527923449518,2.6822143178915185,-4.116956616998964,-3.6800961236746943,-1.926459248976936,1.3386445612796227,-0.097083657111385,3.964023666712813,-0.4437652499836446,1.3221534410909146
95.0,253.0,129.89456176757812,-0.0395527923244978,2.6822143178955065,-4.116956616998964,-3.6800963725242393,-1.926459248976936,1.3386445612796227,-0.097083657111385,3.964023620437529,-0.4437652499836457,1.3221531262827562
95.0,253.0,129.89456176757812,-0.0395527923237066,2.6822143178956064,-4.116956616998964,-3.6800963605272807,-1.926459248976936,1.3386445612796227,-0.097083657111385,3.96402366377344,-0.4437652499836482,1.322154632429083
95.0,254.0,129.89454650878906,-0.0395527923237066,2.682214317895596,-4.116956616998964,-3.680096124310497,-1.926459248976936,1.3386445612796227,-0.097083657111385,3.964023666708015,-0.4437652499836482,1.3221564166685458
95.0,254.0,129.89454650878906,-0.0395527923237066,2.6822143178956064,-4.116956616998964,-3.680096124310497,-1.926459248976936,1.3386445612796227,-0.097083657111385,3.964023666708015,-0.4437652499836482,1.3221564166685458
95.0,254.0,129.89454650878906,-0.0395527923237066,2.682214317895596,-4.116956616998964,-3.680096359660762,-1.926459248976936,1.3386445612796227,-0.097083657111385,3.964023666571693,-0.4437652499836482,1.3221564166685458
95.0,254.0,129.89454650878906,-0.0395527923245081,2.6822143178916185,-4.116956616998964,-3.6800963779397726,-1.926459248976936,1.3386445612796227,-0.097083657111385,3.9640236667044015,-0.4437652499836482,1.3221564166685458
95.0,254.0,129.89454650878906,-0.0395527923237066,2.682214317895596,-4.116956616998964,-3.680096124310497,-1.926459248976936,1.3386445612796227,-0.097083657111385,3.964023666708015,-0.4437652499836482,1.3221564166685458
95.0,254.0,129.89454650878906,-0.0395527923244971,2.6822143178956024,-4.116956616998964,-3.6800963353330514,-1.926459248976936,1.3386445612796227,-0.097083657111385,3.964023668568251,-0.4437652499834763,1.3221561870897085
95.0,254.0,129.89454650878906,-0.0395527922550862,2.6822143178914795,-4.116956616998964,-3.680096108279756,-1.926459248976936,1.3386445612796227,-0.097083657111385,3.964023619990271,-0.4437652499836457,1.322156433440167
95.0,254.0,129.89454650878906,-0.0395527923245081,2.6822143178916185,-4.116956616998964,-3.680096377166423,-1.926459248976936,1.3386445612796227,-0.097083657111385,3.9640236667044015,-0.4437652499836482,1.3221564166685458
95.0,254.0,129.89454650878906,-0.0395527923237066,2.682214317895596,-4.116956616998964,-3.6800963621914953,-1.926459248976936,1.3386445612796227,-0.097083657111385,3.964023666708015,-0.4437652499836482,1.3221564166685458
95.0,254.0,129.89454650878906,-0.039552792310556,2.6822143178956,-4.116956616998964,-3.680096123297392,-1.926459248976936,1.3386445612796227,-0.097083657111385,3.964023668568251,-0.4437652499836479,1.3221562181609663
95.0,254.0,129.89454650878906,-0.0395527923237066,2.682214317895596,-4.116956616998964,-3.680096124310497,-1.926459248976936,1.3386445612796227,-0.097083657111385,3.964023666708015,-0.4437652499836482,1.3221564166685458
95.0,254.0,129.89454650878906,-0.0395527922550862,2.6822143178913374,-4.116956616998964,-3.680096108279756,-1.926459248976936,1.3386445612796227,-0.097083657111385,3.9640236223173626,-0.4437652499836457,1.322156433440167
95.0,254.0,129.89454650878906,-0.0395527923235811,2.682214317895596,-4.116956616998964,-3.680096359660762,-1.926459248976936,1.3386445612796227,-0.097083657111385,3.964023666571693,-0.4437652499836482,1.3221564166685458
95.0,254.0,129.89454650878906,-0.0395527923237066,2.6822143178956064,-4.116956616998964,-3.680096125712691,-1.926459248976936,1.3386445612796227,-0.097083657111385,3.964023668520431,-0.4437652499836482,1.3221564166685458
95.0,254.0,129.89454650878906,-0.0395527923245081,2.6822143178916185,-4.116956616998964,-3.6800963779397726,-1.926459248976936,1.3386445612796227,-0.097083657111385,3.9640236667044015,-0.4437652499836482,1.3221564166685458
95.0,254.0,129.89454650878906,-0.0395527923237066,2.6822143178956064,-4.116956616998964,-3.680096124310497,-1.926459248976936,1.3386445612796227,-0.097083657111385,3.964023666708015,-0.4437652499836482,1.3221564166685458
95.0,254.0,129.89456176757812,-0.0395527923237542,2.682214317891505,-4.116956616998964,-3.6800963725242393,-1.926459248976936,1.3386445612796227,-0.097083657111385,3.964023618591536,-0.4437652499836457,1.3221531123972203
95.0,254.0,129.89456176757812,-0.0395527923244972,2.6822143178956,-4.116956616998964,-3.680096365351205,-1.926459248976936,1.3386445612796227,-0.097083657111385,3.964023668568251,-0.4437652499836482,1.3221534410909146
95.0,254.0,129.89456176757812,-0.0395527923452606,2.6822143178956,-4.116956616998964,-3.680096365351205,-1.926459248976936,1.3386445612796227,-0.097083657111385,3.964023668568251,-0.4437652499837214,1.3221534410909146
95.0,254.0,129.89456176757812,-0.0395527923237066,2.68221431789524,-4.116956616998964,-3.680096365351205,-1.926459248976936,1.3386445612796227,-0.097083657111385,3.964023666708015,-0.4437652499836482,1.3221534410909146
95.0,254.0,129.89456176757812,-0.0395527923244978,2.682214317891505,-4.116956616998964,-3.6800963725242393,-1.926459248976936,1.3386445612796227,-0.097083657111385,3.964023618591536,-0.4437652499836457,1.3221531166510774
95.0,254.0,129.89456176757812,-0.0395527923244972,2.6822143178956024,-4.116956616998964,-3.680096097569906,-1.926459248976936,1.3386445612796227,-0.097083657111385,3.964023668568251,-0.4437652499836482,1.3221534410909146
95.0,254.0,129.89456176757812,-0.0395527923237536,2.6822143178956,-4.116956616998964,-3.680096365351205,-1.926459248976936,1.3386445612796227,-0.097083657111385,3.964023668568251,-0.4437652499836482,1.322153436837057
95.0,254.0,129.89456176757812,-0.039552792324454,2.6822143178956024,-4.116956616998964,-3.680096097569906,-1.926459248976936,1.3386445612796227,-0.097083657111385,3.964023668568251,-0.4437652499836482,1.322152986048654
95.0,254.0,129.89456176757812,-0.0395527922553684,2.682214317891505,-4.116956616998964,-3.6800963602712935,-1.926459248976936,1.3386445612796227,-0.097083657111385,3.964023618591536,-0.4437652499836457,1.3221531166510774
95.0,254.0,129.89456176757812,-0.0395527923237738,2.682214317891505,-4.116956616998964,-3.680096365142517,-1.926459248976936,1.3386445612796227,-0.097083657111385,3.964023619044327,-0.4437652499836457,1.3221531123972203
95.0,254.0,129.89456176757812,-0.0395527923449518,2.6822143178956,-4.116956616998964,-3.680096365351205,-1.926459248976936,1.3386445612796227,-0.097083657111385,3.964023668568251,-0.4437652499836446,1.3221534410909146
95.0,254.0,129.89456176757812,-0.0395527923237066,2.682214317895545,-4.116956616998964,-3.680096108583844,-1.926459248976936,1.3386445612796227,-0.097083657111385,3.9640236685977976,-0.4437652499836482,1.3221534410909146
95.0,254.0,129.89456176757812,-0.0395527923244978,2.6822143178955065,-4.116956616998964,-3.6800963725242393,-1.926459248976936,1.3386445612796227,-0.097083657111385,3.964023618591536,-0.4437652499836457,1.3221531166510774
95.0,254.0,129.89456176757812,-0.0395527923244475,2.6822143178956024,-4.116956616998964,-3.680096097569906,-1.926459248976936,1.3386445612796227,-0.097083657111385,3.964023668567268,-0.4437652499836482,1.3221534410909146
95.0,254.0,129.89456176757812,-0.0395527923245485,2.6822143178956,-4.116956616998964,-3.680096365351205,-1.926459248976936,1.3386445612796227,-0.097083657111385,3.964023668568251,-0.4437652499836482,1.3221534410909146
95.0,254.0,129.89456176757812,-0.0395527923449518,2.6822143178956,-4.116956616998964,-3.680096365351205,-1.926459248976936,1.3386445612796227,-0.097083657111385,3.9640236190593545,-0.4437652499836446,1.3221534410909146
95.0,254.0,129.89456176757812,-0.0395527922553684,2.6822143178914795,-4.116956616998964,-3.680096372460788,-1.926459248976936,1.3386445612796227,-0.097083657111385,3.964023618591536,-0.4437652499836457,1.3221531166510774
95.0,254.0,129.89456176757812,-0.0395527923244978,2.6822143178955065,-4.116956616998964,-3.6800963721680606,-1.926459248976936,1.3386445612796227,-0.097083657111385,3.964023618591536,-0.4437652499836457,1.3221531166510774
95.0,254.0,129.89456176757812,-0.0395527923244978,2.682214317891505,-4.116956616998964,-3.6800963725242393,-1.926459248976936,1.3386445612796227,-0.097083657111385,3.964023668100432,-0.4437652499836457,1.3221531166510774
95.0,254.0,129.89456176757812,-0.0395527923086946,2.6822143178956024,-4.116956616998964,-3.680096072209888,-1.926459248976936,1.3386445612796227,-0.097083657111385,3.964023668568251,-0.4437652499836482,1.3221533163089836
95.0,254.0,129.89456176757812,-0.0395527923237066,2.682214317895229,-4.116956616998964,-3.680096365351205,-1.926459248976936,1.3386445612796227,-0.097083657111385,3.964023666708015,-0.4437652499836482,1.3221534410909146
95.0,254.0,129.89456176757812,-0.0395527923244978,2.682214317895532,-4.116956616998964,-3.680096360334744,-1.926459248976936,1.3386445612796227,-0.097083657111385,3.964023618591536,-0.4437652499836457,1.3221531166510774
95.0,254.0,129.89456176757812,-0.0395527923449518,2.6822143178956,-4.116956616998964,-3.6800961236746943,-1.926459248976936,1.3386445612796227,-0.097083657111385,3.964023668568251,-0.4437652499836446,1.3221534410909146
95.0,254.0,129.89456176757812,-0.0395527922553684,2.682214317891505,-4.116956616998964,-3.6800963602712935,-1.926459248976936,1.3386445612796227,-0.097083657111385,3.964023669788571,-0.4437652499836457,1.3221546763303034
95.0,254.0,129.89456176757812,-0.039552792310517,2.6822143178956,-4.116956616998964,-3.680096127237405,-1.926459248976936,1.3386445612796227,-0.097083657111385,3.964023668568251,-0.4437652499836482,1.3221524620218466
95.0,254.0,129.89456176757812,-0.0395527923244972,2.6822143178956024,-4.116956616998964,-3.680095747921102,-1.926459248976936,1.3386445612796227,-0.097083657111385,3.964023668568251,-0.4437652499834763,1.322153371058986
95.0,254.0,129.89456176757812,-0.0395527923237693,2.6822143178956,-4.116956616998964,-3.680096365351205,-1.926459248976936,1.3386445612796227,-0.097083657111385,3.96402366924699,-0.4437652499836482,1.3221534410909146
95.0,254.0,129.89456176757812,-0.0395527923237066,2.6822143178956064,-4.116956616998964,-3.68009636061081,-1.926459248976936,1.3386445612796227,-0.097083657111385,3.964023666691127,-0.4437652499836482,1.322154632429083
95.0,254.0,129.89456176757812,-0.0395527923244954,2.6822143178955065,-4.116956616998964,-3.680096375446824,-1.926459248976936,1.3386445612796227,-0.097083657111385,3.964023618591536,-0.4437652499836457,1.3221531166510774
95.0,254.0,129.89456176757812,-0.039552792310517,2.6822143178956,-4.116956616998964,-3.680096127237405,-1.926459248976936,1.3386445612796227,-0.097083657111385,3.964023668568251,-0.4437652499836482,1.3221524620218466
95.0,254.0,129.89456176757812,-0.0395527923449518,2.6822143178956,-4.116956616998964,-3.680096367096928,-1.926459248976936,1.3386445612796227,-0.097083657111385,3.964023668568251,-0.4437652499836446,1.3221534410909146
95.0,254.0,129.89456176757812,-0.0395527923105939,2.6822143178956,-4.116956616998964,-3.680096123297392,-1.926459248976936,1.3386445612796227,-0.097083657111385,3.964023668568251,-0.4437652499836482,1.322155097934585
95.0,254.0,129.89456176757812,-0.0395527923244972,2.6822143178956024,-4.116956616998964,-3.680095747921102,-1.926459248976936,1.3386445612796227,-0.097083657111385,3.964023668568251,-0.4437652499836485,1.322153370261625
95.0,254.0,129.89456176757812,-0.0395527923237066,2.682214317895229,-4.116956616998964,-3.680096372699929,-1.926459248976936,1.3386445612796227,-0.097083657111385,3.964023666708015,-0.4437652499836482,1.3221534410909146
95.0,255.0,129.89454650878906,-0.0395527923237066,2.682214317895596,-4.116956616998964,-3.680096124310497,-1.926459248976936,1.3386445612796227,-0.097083657111385,3.964023666708015,-0.4437652499836482,1.3221564166685458
95.0,255.0,129.89454650878906,-0.0395527923237066,2.6822143178956064,-4.116956616998964,-3.680096124310497,-1.926459248976936,1.3386445612796227,-0.097083657111385,3.964023666708015,-0.4437652499836482,1.3221564166685458
95.0,255.0,129.89454650878906,-0.0395527923237066,2.682214317895596,-4.116956616998964,-3.680096359660762,-1.926459248976936,1.3386445612796227,-0.097083657111385,3.964023666571693,-0.4437652499836482,1.3221564166685458
95.0,255.0,129.89454650878906,-0.0395527923245081,2.6822143178916185,-4.116956616998964,-3.6800963779397726,-1.926459248976936,1.3386445612796227,-0.097083657111385,3.9640236667044015,-0.4437652499836482,1.3221564166685458
95.0,255.0,129.89454650878906,-0.0395527923237066,2.682214317895596,-4.116956616998964,-3.680096124310497,-1.926459248976936,1.3386445612796227,-0.097083657111385,3.964023666708015,-0.4437652499836482,1.3221564166685458
95.0,255.0,129.89454650878906,-0.0395527923244971,2.6822143178956024,-4.116956616998964,-3.6800963353330514,-1.926459248976936,1.3386445612796227,-0.097083657111385,3.964023668568251,-0.4437652499834763,1.3221561870897085
95.0,255.0,129.89454650878906,-0.0395527922550862,2.6822143178914795,-4.116956616998964,-3.680096108279756,-1.926459248976936,1.3386445612796227,-0.097083657111385,3.964023619990271,-0.4437652499836457,1.322156433440167
95.0,255.0,129.89454650878906,-0.0395527923245081,2.6822143178916185,-4.116956616998964,-3.680096377166423,-1.926459248976936,1.3386445612796227,-0.097083657111385,3.9640236667044015,-0.4437652499836482,1.3221564166685458
95.0,255.0,129.89454650878906,-0.0395527923237066,2.682214317895596,-4.116956616998964,-3.6800963621914953,-1.926459248976936,1.3386445612796227,-0.097083657111385,3.964023666708015,-0.4437652499836482,1.3221564166685458
95.0,255.0,129.89454650878906,-0.039552792310556,2.6822143178956,-4.116956616998964,-3.680096123297392,-1.926459248976936,1.3386445612796227,-0.097083657111385,3.964023668568251,-0.4437652499836479,1.3221562181609663
95.0,255.0,129.89454650878906,-0.0395527923237066,2.682214317895596,-4.116956616998964,-3.680096124310497,-1.926459248976936,1.3386445612796227,-0.097083657111385,3.964023666708015,-0.4437652499836482,1.3221564166685458
95.0,255.0,129.89454650878906,-0.0395527922550862,2.6822143178913374,-4.116956616998964,-3.680096108279756,-1.926459248976936,1.3386445612796227,-0.097083657111385,3.9640236223173626,-0.4437652499836457,1.322156433440167
95.0,255.0,129.89454650878906,-0.0395527923235811,2.682214317895596,-4.116956616998964,-3.680096359660762,-1.926459248976936,1.3386445612796227,-0.097083657111385,3.964023666571693,-0.4437652499836482,1.3221564166685458
95.0,255.0,129.89454650878906,-0.0395527923237066,2.6822143178956064,-4.116956616998964,-3.680096125712691,-1.926459248976936,1.3386445612796227,-0.097083657111385,3.964023668520431,-0.4437652499836482,1.3221564166685458
95.0,255.0,129.89454650878906,-0.0395527923245081,2.6822143178916185,-4.116956616998964,-3.6800963779397726,-1.926459248976936,1.3386445612796227,-0.097083657111385,3.9640236667044015,-0.4437652499836482,1.3221564166685458
95.0,255.0,129.89454650878906,-0.0395527923237066,2.6822143178956064,-4.116956616998964,-3.680096124310497,-1.926459248976936,1.3386445612796227,-0.097083657111385,3.964023666708015,-0.4437652499836482,1.3221564166685458
95.0,255.0,129.89454650878906,-0.0395527923237066,2.6822143178956064,-4.116956616998964,-3.68009636061081,-1.926459248976936,1.3386445612796227,-0.097083657111385,3.964023666691127,-0.4437652499836482,1.3221563912643104
95.0,255.0,129.89454650878906,-0.0395527922550862,2.68221431789148,-4.116956616998964,-3.680096108279756,-1.926459248976936,1.3386445612796227,-0.097083657111385,3.96402361998374,-0.4437652499836457,1.322156433440167
95.0,255.0,129.89454650878906,-0.0395527923243772,2.6822143178958693,-4.116956616998964,-3.680096365351205,-1.926459248976936,1.3386445612796227,-0.097083657111385,3.9640236190593545,-0.4437652499836446,1.3221565135101934
95.0,255.0,129.89454650878906,-0.0395527923245081,2.682214317891653,-4.116956616998964,-3.680096377166423,-1.926459248976936,1.3386445612796227,-0.097083657111385,3.964023666708021,-0.4437652499836482,1.3221564166685458
95.0,255.0,129.89454650878906,-0.0395527923237066,2.682214317895596,-4.116956616998964,-3.680096124310497,-1.926459248976936,1.3386445612796227,-0.097083657111385,3.964023666708015,-0.4437652499836482,1.3221563582615787
95.0,255.0,129.89454650878906,-0.0395527923237066,2.682214317895596,-4.116956616998964,-3.680096359660762,-1.926459248976936,1.3386445612796227,-0.097083657111385,3.964023666571693,-0.4437652499836482,1.3221564166685458
95.0,255.0,129.89454650878906,-0.0395527923245085,2.682214317895471,-4.116956616998964,-3.680096364545614,-1.926459248976936,1.3386445612796227,-0.097083657111385,3.9640236667315727,-0.4437652499836482,1.3221563130526
95.0,255.0,129.89454650878906,-0.0395527923237066,2.682214317895596,-4.116956616998964,-3.680096124310497,-1.926459248976936,1.3386445612796227,-0.097083657111385,3.964023666708015,-0.4437652499836482,1.3221564166685458
95.0,255.0,129.89454650878906,-0.0395527922550862,2.682214317895544,-4.116956616998964,-3.6800964042290265,-1.926459248976936,1.3386445612796227,-0.097083657111385,3.964023618520191,-0.4437652499836457,1.322156433440167
95.0,255.0,129.89454650878906,-0.0395527922573442,2.682214317896016,-4.116956616998964,-3.680096124506453,-1.926459248976936,1.3386445612796227,-0.097083657111385,3.964023669682725,-0.4437652499836482,1.3221564166685458
95.0,255.0,129.89454650878906,-0.0395527923237066,2.682214317891073,-4.116956616998964,-3.6800961217782495,-1.926459248976936,1.3386445612796227,-0.097083657111385,3.964023666708015,-0.4437652499836482,1.3221562521871242
95.0,255.0,129.89454650878906,-0.0395527923237066,2.682214317895596,-4.116956616998964,-3.680096124310497,-1.926459248976936,1.3386445612796227,-0.097083657111385,3.964023668538844,-0.4437652499836482,1.3221564166685458
95.0,255.0,129.89456176757812,-0.0395527923237542,2.682214317891505,-4.116956616998964,-3.6800963725242393,-1.926459248976936,1.3386445612796227,-0.097083657111385,3.964023618591536,-0.4437652499836457,1.3221531123972203
95.0,255.0,129.89456176757812,-0.0395527923244972,2.6822143178956,-4.116956616998964,-3.680096365351205,-1.926459248976936,1.3386445612796227,-0.097083657111385,3.964023668568251,-0.4437652499836482,1.3221534410909146
95.0,255.0,129.89456176757812,-0.0395527923452606,2.6822143178956,-4.116956616998964,-3.680096365351205,-1.926459248976936,1.3386445612796227,-0.097083657111385,3.964023668568251,-0.4437652499837214,1.3221534410909146
95.0,255.0,129.89456176757812,-0.0395527923237066,2.68221431789524,-4.116956616998964,-3.680096365351205,-1.926459248976936,1.3386445612796227,-0.097083657111385,3.964023666708015,-0.4437652499836482,1.3221534410909146
95.0,255.0,129.89456176757812,-0.0395527923244978,2.682214317891505,-4.116956616998964,-3.6800963725242393,-1.926459248976936,1.3386445612796227,-0.097083657111385,3.964023618591536,-0.4437652499836457,1.3221531166510774
95.0,255.0,129.89456176757812,-0.0395527923244972,2.6822143178956024,-4.116956616998964,-3.680096097569906,-1.926459248976936,1.3386445612796227,-0.097083657111385,3.964023668568251,-0.4437652499836482,1.3221534410909146
95.0,255.0,129.89456176757812,-0.0395527923237536,2.6822143178956,-4.116956616998964,-3.680096365351205,-1.926459248976936,1.3386445612796227,-0.097083657111385,3.964023668568251,-0.4437652499836482,1.322153436837057
95.0,255.0,129.89456176757812,-0.039552792324454,2.6822143178956024,-4.116956616998964,-3.680096097569906,-1.926459248976936,1.3386445612796227,-0.097083657111385,3.964023668568251,-0.4437652499836482,1.322152986048654
95.0,255.0,129.89456176757812,-0.0395527922553684,2.682214317891505,-4.116956616998964,-3.6800963602712935,-1.926459248976936,1.3386445612796227,-0.097083657111385,3.964023618591536,-0.4437652499836457,1.3221531166510774
95.0,255.0,129.89456176757812,-0.0395527923237738,2.682214317891505,-4.116956616998964,-3.680096365142517,-1.926459248976936,1.3386445612796227,-0.097083657111385,3.964023619044327,-0.4437652499836457,1.3221531123972203
95.0,255.0,129.89456176757812,-0.0395527923449518,2.6822143178956,-4.116956616998964,-3.680096365351205,-1.926459248976936,1.3386445612796227,-0.097083657111385,3.964023668568251,-0.4437652499836446,1.3221534410909146
95.0,255.0,129.89456176757812,-0.0395527923237066,2.682214317895545,-4.116956616998964,-3.680096108583844,-1.926459248976936,1.3386445612796227,-0.097083657111385,3.9640236685977976,-0.4437652499836482,1.3221534410909146
95.0,255.0,129.89456176757812,-0.0395527923244978,2.6822143178955065,-4.116956616998964,-3.6800963725242393,-1.926459248976936,1.3386445612796227,-0.097083657111385,3.964023618591536,-0.4437652499836457,1.3221531166510774
95.0,255.0,129.89456176757812,-0.0395527923244475,2.6822143178956024,-4.116956616998964,-3.680096097569906,-1.926459248976936,1.3386445612796227,-0.097083657111385,3.964023668567268,-0.4437652499836482,1.3221534410909146
95.0,255.0,129.89456176757812,-0.0395527923245485,2.6822143178956,-4.116956616998964,-3.680096365351205,-1.926459248976936,1.3386445612796227,-0.097083657111385,3.964023668568251,-0.4437652499836482,1.3221534410909146
95.0,255.0,129.89456176757812,-0.0395527923449518,2.6822143178956,-4.116956616998964,-3.680096365351205,-1.926459248976936,1.3386445612796227,-0.097083657111385,3.9640236190593545,-0.4437652499836446,1.3221534410909146
95.0,255.0,129.89456176757812,-0.0395527922553684,2.6822143178914795,-4.116956616998964,-3.680096372460788,-1.926459248976936,1.3386445612796227,-0.097083657111385,3.964023618591536,-0.4437652499836457,1.3221531166510774
95.0,255.0,129.89456176757812,-0.0395527923244978,2.6822143178955065,-4.116956616998964,-3.6800963721680606,-1.926459248976936,1.3386445612796227,-0.097083657111385,3.964023618591536,-0.4437652499836457,1.3221531166510774
95.0,255.0,129.89456176757812,-0.0395527923244978,2.682214317891505,-4.116956616998964,-3.6800963725242393,-1.926459248976936,1.3386445612796227,-0.097083657111385,3.964023668100432,-0.4437652499836457,1.3221531166510774
95.0,255.0,129.89456176757812,-0.0395527923086946,2.6822143178956024,-4.116956616998964,-3.680096072209888,-1.926459248976936,1.3386445612796227,-0.097083657111385,3.964023668568251,-0.4437652499836482,1.3221533163089836
95.0,255.0,129.89456176757812,-0.0395527923237066,2.682214317895229,-4.116956616998964,-3.680096365351205,-1.926459248976936,1.3386445612796227,-0.097083657111385,3.964023666708015,-0.4437652499836482,1.3221534410909146
95.0,255.0,129.89456176757812,-0.0395527923244978,2.682214317895532,-4.116956616998964,-3.680096360334744,-1.926459248976936,1.3386445612796227,-0.097083657111385,3.964023618591536,-0.4437652499836457,1.3221531166510774
95.0,256.0,129.89454650878906,-0.0395527923237066,2.682214317895596,-4.116956616998964,-3.680096124310497,-1.926459248976936,1.3386445612796227,-0.097083657111385,3.964023666708015,-0.4437652499836482,1.3221564166685458
95.0,256.0,129.89454650878906,-0.0395527923237066,2.6822143178956064,-4.116956616998964,-3.680096124310497,-1.926459248976936,1.3386445612796227,-0.097083657111385,3.964023666708015,-0.4437652499836482,1.3221564166685458
95.0,256.0,129.89454650878906,-0.0395527923237066,2.682214317895596,-4.116956616998964,-3.680096359660762,-1.926459248976936,1.3386445612796227,-0.097083657111385,3.964023666571693,-0.4437652499836482,1.3221564166685458
95.0,256.0,129.89454650878906,-0.0395527923245081,2.6822143178916185,-4.116956616998964,-3.6800963779397726,-1.926459248976936,1.3386445612796227,-0.097083657111385,3.9640236667044015,-0.4437652499836482,1.3221564166685458
95.0,256.0,129.89454650878906,-0.0395527923237066,2.682214317895596,-4.116956616998964,-3.680096124310497,-1.926459248976936,1.3386445612796227,-0.097083657111385,3.964023666708015,-0.4437652499836482,1.3221564166685458
95.0,256.0,129.89454650878906,-0.0395527923244971,2.6822143178956024,-4.116956616998964,-3.6800963353330514,-1.926459248976936,1.3386445612796227,-0.097083657111385,3.964023668568251,-0.4437652499834763,1.3221561870897085
95.0,256.0,129.89454650878906,-0.0395527922550862,2.6822143178914795,-4.116956616998964,-3.680096108279756,-1.926459248976936,1.3386445612796227,-0.097083657111385,3.964023619990271,-0.4437652499836457,1.322156433440167
95.0,256.0,129.89454650878906,-0.0395527923245081,2.6822143178916185,-4.116956616998964,-3.680096377166423,-1.926459248976936,1.3386445612796227,-0.097083657111385,3.9640236667044015,-0.4437652499836482,1.3221564166685458
95.0,256.0,129.89454650878906,-0.0395527923237066,2.682214317895596,-4.116956616998964,-3.6800963621914953,-1.926459248976936,1.3386445612796227,-0.097083657111385,3.964023666708015,-0.4437652499836482,1.3221564166685458
95.0,256.0,129.89454650878906,-0.039552792310556,2.6822143178956,-4.116956616998964,-3.680096123297392,-1.926459248976936,1.3386445612796227,-0.097083657111385,3.964023668568251,-0.4437652499836479,1.3221562181609663
95.0,256.0,129.89454650878906,-0.0395527923237066,2.682214317895596,-4.116956616998964,-3.680096124310497,-1.926459248976936,1.3386445612796227,-0.097083657111385,3.964023666708015,-0.4437652499836482,1.3221564166685458
95.0,256.0,129.89454650878906,-0.0395527922550862,2.6822143178913374,-4.116956616998964,-3.680096108279756,-1.926459248976936,1.3386445612796227,-0.097083657111385,3.9640236223173626,-0.4437652499836457,1.322156433440167
95.0,256.0,129.89454650878906,-0.0395527923235811,2.682214317895596,-4.116956616998964,-3.680096359660762,-1.926459248976936,1.3386445612796227,-0.097083657111385,3.964023666571693,-0.4437652499836482,1.3221564166685458
95.0,256.0,129.89454650878906,-0.0395527923237066,2.6822143178956064,-4.116956616998964,-3.680096125712691,-1.926459248976936,1.3386445612796227,-0.097083657111385,3.964023668520431,-0.4437652499836482,1.3221564166685458
95.0,256.0,129.89454650878906,-0.0395527923245081,2.6822143178916185,-4.116956616998964,-3.6800963779397726,-1.926459248976936,1.3386445612796227,-0.097083657111385,3.9640236667044015,-0.4437652499836482,1.3221564166685458
95.0,256.0,129.89454650878906,-0.0395527923237066,2.6822143178956064,-4.116956616998964,-3.680096124310497,-1.926459248976936,1.3386445612796227,-0.097083657111385,3.964023666708015,-0.4437652499836482,1.3221564166685458
95.0,256.0,129.89454650878906,-0.0395527923237066,2.6822143178956064,-4.116956616998964,-3.68009636061081,-1.926459248976936,1.3386445612796227,-0.097083657111385,3.964023666691127,-0.4437652499836482,1.3221563912643104
95.0,256.0,129.89454650878906,-0.0395527922550862,2.68221431789148,-4.116956616998964,-3.680096108279756,-1.926459248976936,1.3386445612796227,-0.097083657111385,3.96402361998374,-0.4437652499836457,1.322156433440167
95.0,256.0,129.89454650878906,-0.0395527923243772,2.6822143178958693,-4.116956616998964,-3.680096365351205,-1.926459248976936,1.3386445612796227,-0.097083657111385,3.9640236190593545,-0.4437652499836446,1.3221565135101934
95.0,256.0,129.89454650878906,-0.0395527923245081,2.682214317891653,-4.116956616998964,-3.680096377166423,-1.926459248976936,1.3386445612796227,-0.097083657111385,3.964023666708021,-0.4437652499836482,1.3221564166685458
95.0,256.0,129.89454650878906,-0.0395527923237066,2.682214317895596,-4.116956616998964,-3.680096124310497,-1.926459248976936,1.3386445612796227,-0.097083657111385,3.964023666708015,-0.4437652499836482,1.3221563582615787
95.0,256.0,129.89454650878906,-0.0395527923237066,2.682214317895596,-4.116956616998964,-3.680096359660762,-1.926459248976936,1.3386445612796227,-0.097083657111385,3.964023666571693,-0.4437652499836482,1.3221564166685458
95.0,256.0,129.89454650878906,-0.0395527923245085,2.682214317895471,-4.116956616998964,-3.680096364545614,-1.926459248976936,1.3386445612796227,-0.097083657111385,3.9640236667315727,-0.4437652499836482,1.3221563130526
95.0,256.0,129.89454650878906,-0.0395527923237066,2.682214317895596,-4.116956616998964,-3.680096124310497,-1.926459248976936,1.3386445612796227,-0.097083657111385,3.964023666708015,-0.4437652499836482,1.3221564166685458
95.0,256.0,129.89454650878906,-0.0395527922550862,2.682214317895544,-4.116956616998964,-3.6800964042290265,-1.926459248976936,1.3386445612796227,-0.097083657111385,3.964023618520191,-0.4437652499836457,1.322156433440167
95.0,256.0,129.89454650878906,-0.0395527922573442,2.682214317896016,-4.116956616998964,-3.680096124506453,-1.926459248976936,1.3386445612796227,-0.097083657111385,3.964023669682725,-0.4437652499836482,1.3221564166685458
95.0,256.0,129.89454650878906,-0.0395527923237066,2.682214317891073,-4.116956616998964,-3.6800961217782495,-1.926459248976936,1.3386445612796227,-0.097083657111385,3.964023666708015,-0.4437652499836482,1.3221562521871242
95.0,256.0,129.89454650878906,-0.0395527923237066,2.682214317895596,-4.116956616998964,-3.680096124310497,-1.926459248976936,1.3386445612796227,-0.097083657111385,3.964023668538844,-0.4437652499836482,1.3221564166685458
95.0,256.0,129.89454650878906,-0.0395527923236623,2.682214317895226,-4.116956616998964,-3.6800964042290265,-1.926459248976936,1.3386445612796227,-0.097083657111385,3.964023618520191,-0.4437652499836457,1.322156433440167
95.0,256.0,129.89454650878906,-0.0395527923237066,2.6822143178956064,-4.116956616998964,-3.680096124310497,-1.926459248976936,1.3386445612796227,-0.097083657111385,3.964023666708015,-0.4437652499836482,1.3221564166685458
95.0,256.0,129.89454650878906,-0.0395527922547782,2.682214317891152,-4.116956616998964,-3.680096123297392,-1.926459248976936,1.3386445612796227,-0.097083657111385,3.964023615592165,-0.4437652499836479,1.3221561286590156
95.0,256.0,129.89454650878906,-0.0395527923237066,2.682214317895596,-4.116956616998964,-3.680096124310497,-1.926459248976936,1.3386445612796227,-0.097083657111385,3.964023666708015,-0.4437652499836482,1.3221564166685458
95.0,256.0,129.89454650878906,-0.0395527923245021,2.682214317895596,-4.116956616998964,-3.680096124310497,-1.926459248976936,1.3386445612796227,-0.097083657111385,3.964023666708015,-0.4437652499836482,1.3221564166685458
95.0,256.0,129.89454650878906,-0.0395527923237066,2.6822143178955526,-4.116956616998964,-3.6800963575231687,-1.926459248976936,1.3386445612796227,-0.097083657111385,3.9640236667045055,-0.4437652499836482,1.3221564166685458
95.0,256.0,129.89454650878906,-0.039552792323588,2.6822143178958693,-4.116956616998964,-3.680096359526963,-1.926459248976936,1.3386445612796227,-0.097083657111385,3.9640236190593545,-0.4437652499836446,1.322156508769273
95.0,256.0,129.89454650878906,-0.0395527923245081,2.6822143178916185,-4.116956616998964,-3.6800963779397726,-1.926459248976936,1.3386445612796227,-0.097083657111385,3.9640236667044015,-0.4437652499836482,1.3221564166685458
95.0,256.0,129.89454650878906,-0.0395527923237066,2.682214317895596,-4.116956616998964,-3.680096359660762,-1.926459248976936,1.3386445612796227,-0.097083657111385,3.964023666571693,-0.4437652499836482,1.3221564166685458
95.0,256.0,129.89454650878906,-0.0395527923237066,2.6822143178956064,-4.116956616998964,-3.680096124310497,-1.926459248976936,1.3386445612796227,-0.097083657111385,3.964023666708015,-0.4437652499836482,1.3221564166685458
95.0,256.0,129.89454650878906,-0.039552792323718,2.6822143178956,-4.116956616998964,-3.680096362284009,-1.926459248976936,1.3386445612796227,-0.097083657111385,3.964023668551373,-0.4437652499836482,1.322156401982697
95.0,256.0,129.89454650878906,-0.0395527923245081,2.6822143178916185,-4.116956616998964,-3.680096377237825,-1.926459248976936,1.3386445612796227,-0.097083657111385,3.964023620112332,-0.4437652499836482,1.3221564166685458
95.0,256.0,129.89454650878906,-0.0395527923237203,2.6822143178955944,-4.116956616998964,-3.680096364545614,-1.926459248976936,1.3386445612796227,-0.097083657111385,3.964023668468273,-0.4437652499836482,1.3221563130526
95.0,256.0,129.89454650878906,-0.0395527923235811,2.682214317895596,-4.116956616998964,-3.680096359660762,-1.926459248976936,1.3386445612796227,-0.097083657111385,3.964023666571693,-0.4437652499836482,1.3221564166685458
95.0,256.0,129.89454650878906,-0.0395527922573442,2.682214317896016,-4.116956616998964,-3.680096124506453,-1.926459248976936,1.3386445612796227,-0.097083657111385,3.964023669682725,-0.4437652499836482,1.3221564166685458
95.0,256.0,129.89454650878906,-0.0395527922550862,2.68221431789522,-4.116956616998964,-3.680096108356855,-1.926459248976936,1.3386445612796227,-0.097083657111385,3.964023674173256,-0.4437652499836457,1.322156433440167
95.0,256.0,129.89454650878906,-0.0395527922550862,2.68221431789148,-4.116956616998964,-3.680096108279756,-1.926459248976936,1.3386445612796227,-0.097083657111385,3.96402361998374,-0.4437652499836457,1.322156433440167
95.0,256.0,129.89456176757812,-0.0395527923237542,2.682214317891505,-4.116956616998964,-3.6800963725242393,-1.926459248976936,1.3386445612796227,-0.097083657111385,3.964023618591536,-0.4437652499836457,1.3221531123972203
95.0,256.0,129.89456176757812,-0.0395527923244972,2.6822143178956,-4.116956616998964,-3.680096365351205,-1.926459248976936,1.3386445612796227,-0.097083657111385,3.964023668568251,-0.4437652499836482,1.3221534410909146
95.0,256.0,129.89456176757812,-0.0395527923452606,2.6822143178956,-4.116956616998964,-3.680096365351205,-1.926459248976936,1.3386445612796227,-0.097083657111385,3.964023668568251,-0.4437652499837214,1.3221534410909146
95.0,256.0,129.89456176757812,-0.0395527923237066,2.68221431789524,-4.116956616998964,-3.680096365351205,-1.926459248976936,1.3386445612796227,-0.097083657111385,3.964023666708015,-0.4437652499836482,1.3221534410909146
95.0,256.0,129.89456176757812,-0.0395527923244978,2.682214317891505,-4.116956616998964,-3.6800963725242393,-1.926459248976936,1.3386445612796227,-0.097083657111385,3.964023618591536,-0.4437652499836457,1.3221531166510774
95.0,257.0,129.89454650878906,-0.0395527923237066,2.682214317895596,-4.116956616998964,-3.680096124310497,-1.926459248976936,1.3386445612796227,-0.097083657111385,3.964023666708015,-0.4437652499836482,1.3221564166685458
95.0,257.0,129.89454650878906,-0.0395527923237066,2.6822143178956064,-4.116956616998964,-3.680096124310497,-1.926459248976936,1.3386445612796227,-0.097083657111385,3.964023666708015,-0.4437652499836482,1.3221564166685458
95.0,257.0,129.89454650878906,-0.0395527923237066,2.682214317895596,-4.116956616998964,-3.680096359660762,-1.926459248976936,1.3386445612796227,-0.097083657111385,3.964023666571693,-0.4437652499836482,1.3221564166685458
95.0,257.0,129.89454650878906,-0.0395527923245081,2.6822143178916185,-4.116956616998964,-3.6800963779397726,-1.926459248976936,1.3386445612796227,-0.097083657111385,3.9640236667044015,-0.4437652499836482,1.3221564166685458
95.0,257.0,129.89454650878906,-0.0395527923237066,2.682214317895596,-4.116956616998964,-3.680096124310497,-1.926459248976936,1.3386445612796227,-0.097083657111385,3.964023666708015,-0.4437652499836482,1.3221564166685458
95.0,257.0,129.89454650878906,-0.0395527923244971,2.6822143178956024,-4.116956616998964,-3.6800963353330514,-1.926459248976936,1.3386445612796227,-0.097083657111385,3.964023668568251,-0.4437652499834763,1.3221561870897085
95.0,257.0,129.89454650878906,-0.0395527922550862,2.6822143178914795,-4.116956616998964,-3.680096108279756,-1.926459248976936,1.3386445612796227,-0.097083657111385,3.964023619990271,-0.4437652499836457,1.322156433440167
95.0,257.0,129.89454650878906,-0.0395527923245081,2.6822143178916185,-4.116956616998964,-3.680096377166423,-1.926459248976936,1.3386445612796227,-0.097083657111385,3.9640236667044015,-0.4437652499836482,1.3221564166685458
95.0,257.0,129.89454650878906,-0.0395527923237066,2.682214317895596,-4.116956616998964,-3.6800963621914953,-1.926459248976936,1.3386445612796227,-0.097083657111385,3.964023666708015,-0.4437652499836482,1.3221564166685458
95.0,257.0,129.89454650878906,-0.039552792310556,2.6822143178956,-4.116956616998964,-3.680096123297392,-1.926459248976936,1.3386445612796227,-0.097083657111385,3.964023668568251,-0.4437652499836479,1.3221562181609663
95.0,257.0,129.89454650878906,-0.0395527923237066,2.682214317895596,-4.116956616998964,-3.680096124310497,-1.926459248976936,1.3386445612796227,-0.097083657111385,3.964023666708015,-0.4437652499836482,1.3221564166685458
95.0,257.0,129.89454650878906,-0.0395527922550862,2.6822143178913374,-4.116956616998964,-3.680096108279756,-1.926459248976936,1.3386445612796227,-0.097083657111385,3.9640236223173626,-0.4437652499836457,1.322156433440167
95.0,257.0,129.89454650878906,-0.0395527923235811,2.682214317895596,-4.116956616998964,-3.680096359660762,-1.926459248976936,1.3386445612796227,-0.097083657111385,3.964023666571693,-0.4437652499836482,1.3221564166685458
95.0,257.0,129.89454650878906,-0.0395527923237066,2.6822143178956064,-4.116956616998964,-3.680096125712691,-1.926459248976936,1.3386445612796227,-0.097083657111385,3.964023668520431,-0.4437652499836482,1.3221564166685458
95.0,257.0,129.89454650878906,-0.0395527923245081,2.6822143178916185,-4.116956616998964,-3.6800963779397726,-1.926459248976936,1.3386445612796227,-0.097083657111385,3.9640236667044015,-0.4437652499836482,1.3221564166685458
95.0,257.0,129.89454650878906,-0.0395527923237066,2.6822143178956064,-4.116956616998964,-3.680096124310497,-1.926459248976936,1.3386445612796227,-0.097083657111385,3.964023666708015,-0.4437652499836482,1.3221564166685458
95.0,257.0,129.89454650878906,-0.0395527923237066,2.6822143178956064,-4.116956616998964,-3.68009636061081,-1.926459248976936,1.3386445612796227,-0.097083657111385,3.964023666691127,-0.4437652499836482,1.3221563912643104
95.0,257.0,129.89454650878906,-0.0395527922550862,2.68221431789148,-4.116956616998964,-3.680096108279756,-1.926459248976936,1.3386445612796227,-0.097083657111385,3.96402361998374,-0.4437652499836457,1.322156433440167
95.0,257.0,129.89454650878906,-0.0395527923243772,2.6822143178958693,-4.116956616998964,-3.680096365351205,-1.926459248976936,1.3386445612796227,-0.097083657111385,3.9640236190593545,-0.4437652499836446,1.3221565135101934
95.0,257.0,129.89454650878906,-0.0395527923245081,2.682214317891653,-4.116956616998964,-3.680096377166423,-1.926459248976936,1.3386445612796227,-0.097083657111385,3.964023666708021,-0.4437652499836482,1.3221564166685458
95.0,257.0,129.89454650878906,-0.0395527923237066,2.682214317895596,-4.116956616998964,-3.680096124310497,-1.926459248976936,1.3386445612796227,-0.097083657111385,3.964023666708015,-0.4437652499836482,1.3221563582615787
95.0,257.0,129.89454650878906,-0.0395527923237066,2.682214317895596,-4.116956616998964,-3.680096359660762,-1.926459248976936,1.3386445612796227,-0.097083657111385,3.964023666571693,-0.4437652499836482,1.3221564166685458
95.0,257.0,129.89454650878906,-0.0395527923245085,2.682214317895471,-4.116956616998964,-3.680096364545614,-1.926459248976936,1.3386445612796227,-0.097083657111385,3.9640236667315727,-0.4437652499836482,1.3221563130526
95.0,257.0,129.89454650878906,-0.0395527923237066,2.682214317895596,-4.116956616998964,-3.680096124310497,-1.926459248976936,1.3386445612796227,-0.097083657111385,3.964023666708015,-0.4437652499836482,1.3221564166685458
95.0,257.0,129.89454650878906,-0.0395527922550862,2.682214317895544,-4.116956616998964,-3.6800964042290265,-1.926459248976936,1.3386445612796227,-0.097083657111385,3.964023618520191,-0.4437652499836457,1.322156433440167
95.0,257.0,129.89454650878906,-0.0395527922573442,2.682214317896016,-4.116956616998964,-3.680096124506453,-1.926459248976936,1.3386445612796227,-0.097083657111385,3.964023669682725,-0.4437652499836482,1.3221564166685458
95.0,257.0,129.89454650878906,-0.0395527923237066,2.682214317891073,-4.116956616998964,-3.6800961217782495,-1.926459248976936,1.3386445612796227,-0.097083657111385,3.964023666708015,-0.4437652499836482,1.3221562521871242
95.0,257.0,129.89454650878906,-0.0395527923237066,2.682214317895596,-4.116956616998964,-3.680096124310497,-1.926459248976936,1.3386445612796227,-0.097083657111385,3.964023668538844,-0.4437652499836482,1.3221564166685458
95.0,257.0,129.89454650878906,-0.0395527923236623,2.682214317895226,-4.116956616998964,-3.6800964042290265,-1.926459248976936,1.3386445612796227,-0.097083657111385,3.964023618520191,-0.4437652499836457,1.322156433440167
95.0,257.0,129.89454650878906,-0.0395527923237066,2.6822143178956064,-4.116956616998964,-3.680096124310497,-1.926459248976936,1.3386445612796227,-0.097083657111385,3.964023666708015,-0.4437652499836482,1.3221564166685458
95.0,257.0,129.89454650878906,-0.0395527922547782,2.682214317891152,-4.116956616998964,-3.680096123297392,-1.926459248976936,1.3386445612796227,-0.097083657111385,3.964023615592165,-0.4437652499836479,1.3221561286590156
95.0,257.0,129.89454650878906,-0.0395527923237066,2.682214317895596,-4.116956616998964,-3.680096124310497,-1.926459248976936,1.3386445612796227,-0.097083657111385,3.964023666708015,-0.4437652499836482,1.3221564166685458
95.0,257.0,129.89454650878906,-0.0395527923245021,2.682214317895596,-4.116956616998964,-3.680096124310497,-1.926459248976936,1.3386445612796227,-0.097083657111385,3.964023666708015,-0.4437652499836482,1.3221564166685458
95.0,257.0,129.89454650878906,-0.0395527923237066,2.6822143178955526,-4.116956616998964,-3.6800963575231687,-1.926459248976936,1.3386445612796227,-0.097083657111385,3.9640236667045055,-0.4437652499836482,1.3221564166685458
95.0,257.0,129.89454650878906,-0.039552792323588,2.6822143178958693,-4.116956616998964,-3.680096359526963,-1.926459248976936,1.3386445612796227,-0.097083657111385,3.9640236190593545,-0.4437652499836446,1.322156508769273
95.0,257.0,129.89454650878906,-0.0395527923245081,2.6822143178916185,-4.116956616998964,-3.6800963779397726,-1.926459248976936,1.3386445612796227,-0.097083657111385,3.9640236667044015,-0.4437652499836482,1.3221564166685458
95.0,257.0,129.89454650878906,-0.0395527923237066,2.682214317895596,-4.116956616998964,-3.680096359660762,-1.926459248976936,1.3386445612796227,-0.097083657111385,3.964023666571693,-0.4437652499836482,1.3221564166685458
95.0,257.0,129.89454650878906,-0.0395527923237066,2.6822143178956064,-4.116956616998964,-3.680096124310497,-1.926459248976936,1.3386445612796227,-0.097083657111385,3.964023666708015,-0.4437652499836482,1.3221564166685458
95.0,257.0,129.89454650878906,-0.039552792323718,2.6822143178956,-4.116956616998964,-3.680096362284009,-1.926459248976936,1.3386445612796227,-0.097083657111385,3.964023668551373,-0.4437652499836482,1.322156401982697
95.0,257.0,129.89454650878906,-0.0395527923245081,2.6822143178916185,-4.116956616998964,-3.680096377237825,-1.926459248976936,1.3386445612796227,-0.097083657111385,3.964023620112332,-0.4437652499836482,1.3221564166685458
95.0,257.0,129.89454650878906,-0.0395527923237203,2.6822143178955944,-4.116956616998964,-3.680096364545614,-1.926459248976936,1.3386445612796227,-0.097083657111385,3.964023668468273,-0.4437652499836482,1.3221563130526
95.0,257.0,129.89454650878906,-0.0395527923235811,2.682214317895596,-4.116956616998964,-3.680096359660762,-1.926459248976936,1.3386445612796227,-0.097083657111385,3.964023666571693,-0.4437652499836482,1.3221564166685458
95.0,257.0,129.89454650878906,-0.0395527922573442,2.682214317896016,-4.116956616998964,-3.680096124506453,-1.926459248976936,1.3386445612796227,-0.097083657111385,3.964023669682725,-0.4437652499836482,1.3221564166685458
95.0,257.0,129.89454650878906,-0.0395527922550862,2.68221431789522,-4.116956616998964,-3.680096108356855,-1.926459248976936,1.3386445612796227,-0.097083657111385,3.964023674173256,-0.4437652499836457,1.322156433440167
95.0,257.0,129.89454650878906,-0.0395527922550862,2.68221431789148,-4.116956616998964,-3.680096108279756,-1.926459248976936,1.3386445612796227,-0.097083657111385,3.96402361998374,-0.4437652499836457,1.322156433440167
95.0,257.0,129.89454650878906,-0.0395527923245081,2.682214317891653,-4.116956616998964,-3.680096376031985,-1.926459248976936,1.3386445612796227,-0.097083657111385,3.964023666708021,-0.4437652499836482,1.3221563112474093
95.0,257.0,129.89454650878906,-0.0395527923237106,2.682214317895471,-4.116956616998964,-3.680096357721728,-1.926459248976936,1.3386445612796227,-0.097083657111385,3.9640236667315727,-0.4437652499836482,1.3221564171341575
95.0,257.0,129.89454650878906,-0.039552792323588,2.6822143178958693,-4.116956616998964,-3.680096359526963,-1.926459248976936,1.3386445612796227,-0.097083657111385,3.9640236190593545,-0.4437652499836446,1.322156508769273
95.0,257.0,129.89454650878906,-0.0395527923235784,2.682214317895596,-4.116956616998964,-3.680096132064203,-1.926459248976936,1.3386445612796227,-0.097083657111385,3.964023666708015,-0.4437652499836482,1.3221564166685458
95.0,257.0,129.89454650878906,-0.0395527923237066,2.682214317895596,-4.116956616998964,-3.680096124310497,-1.926459248976936,1.3386445612796227,-0.097083657111385,3.964023666708015,-0.4437652499834719,1.3221564178914018
95.0,258.0,129.89454650878906,-0.0395527923237066,2.682214317895596,-4.116956616998964,-3.680096124310497,-1.926459248976936,1.3386445612796227,-0.097083657111385,3.964023666708015,-0.4437652499836482,1.3221564166685458
95.0,258.0,129.89454650878906,-0.0395527923237066,2.6822143178956064,-4.116956616998964,-3.680096124310497,-1.926459248976936,1.3386445612796227,-0.097083657111385,3.964023666708015,-0.4437652499836482,1.3221564166685458
95.0,258.0,129.89454650878906,-0.0395527923237066,2.682214317895596,-4.116956616998964,-3.680096359660762,-1.926459248976936,1.3386445612796227,-0.097083657111385,3.964023666571693,-0.4437652499836482,1.3221564166685458
95.0,258.0,129.89454650878906,-0.0395527923245081,2.6822143178916185,-4.116956616998964,-3.6800963779397726,-1.926459248976936,1.3386445612796227,-0.097083657111385,3.9640236667044015,-0.4437652499836482,1.3221564166685458
95.0,258.0,129.89454650878906,-0.0395527923237066,2.682214317895596,-4.116956616998964,-3.680096124310497,-1.926459248976936,1.3386445612796227,-0.097083657111385,3.964023666708015,-0.4437652499836482,1.3221564166685458
95.0,258.0,129.89454650878906,-0.0395527923244971,2.6822143178956024,-4.116956616998964,-3.6800963353330514,-1.926459248976936,1.3386445612796227,-0.097083657111385,3.964023668568251,-0.4437652499834763,1.3221561870897085
95.0,258.0,129.89454650878906,-0.0395527922550862,2.6822143178914795,-4.116956616998964,-3.680096108279756,-1.926459248976936,1.3386445612796227,-0.097083657111385,3.964023619990271,-0.4437652499836457,1.322156433440167
95.0,258.0,129.89454650878906,-0.0395527923245081,2.6822143178916185,-4.116956616998964,-3.680096377166423,-1.926459248976936,1.3386445612796227,-0.097083657111385,3.9640236667044015,-0.4437652499836482,1.3221564166685458
95.0,258.0,129.89454650878906,-0.0395527923237066,2.682214317895596,-4.116956616998964,-3.6800963621914953,-1.926459248976936,1.3386445612796227,-0.097083657111385,3.964023666708015,-0.4437652499836482,1.3221564166685458
95.0,258.0,129.89454650878906,-0.039552792310556,2.6822143178956,-4.116956616998964,-3.680096123297392,-1.926459248976936,1.3386445612796227,-0.097083657111385,3.964023668568251,-0.4437652499836479,1.3221562181609663
95.0,258.0,129.89454650878906,-0.0395527923237066,2.682214317895596,-4.116956616998964,-3.680096124310497,-1.926459248976936,1.3386445612796227,-0.097083657111385,3.964023666708015,-0.4437652499836482,1.3221564166685458
95.0,258.0,129.89454650878906,-0.0395527922550862,2.6822143178913374,-4.116956616998964,-3.680096108279756,-1.926459248976936,1.3386445612796227,-0.097083657111385,3.9640236223173626,-0.4437652499836457,1.322156433440167
95.0,258.0,129.89454650878906,-0.0395527923235811,2.682214317895596,-4.116956616998964,-3.680096359660762,-1.926459248976936,1.3386445612796227,-0.097083657111385,3.964023666571693,-0.4437652499836482,1.3221564166685458
95.0,258.0,129.89454650878906,-0.0395527923237066,2.6822143178956064,-4.116956616998964,-3.680096125712691,-1.926459248976936,1.3386445612796227,-0.097083657111385,3.964023668520431,-0.4437652499836482,1.3221564166685458
95.0,258.0,129.89454650878906,-0.0395527923245081,2.6822143178916185,-4.116956616998964,-3.6800963779397726,-1.926459248976936,1.3386445612796227,-0.097083657111385,3.9640236667044015,-0.4437652499836482,1.3221564166685458
95.0,258.0,129.89454650878906,-0.0395527923237066,2.6822143178956064,-4.116956616998964,-3.680096124310497,-1.926459248976936,1.3386445612796227,-0.097083657111385,3.964023666708015,-0.4437652499836482,1.3221564166685458
95.0,258.0,129.89454650878906,-0.0395527923237066,2.6822143178956064,-4.116956616998964,-3.68009636061081,-1.926459248976936,1.3386445612796227,-0.097083657111385,3.964023666691127,-0.4437652499836482,1.3221563912643104
95.0,258.0,129.89454650878906,-0.0395527922550862,2.68221431789148,-4.116956616998964,-3.680096108279756,-1.926459248976936,1.3386445612796227,-0.097083657111385,3.96402361998374,-0.4437652499836457,1.322156433440167
95.0,258.0,129.89454650878906,-0.0395527923243772,2.6822143178958693,-4.116956616998964,-3.680096365351205,-1.926459248976936,1.3386445612796227,-0.097083657111385,3.9640236190593545,-0.4437652499836446,1.3221565135101934
95.0,258.0,129.89454650878906,-0.0395527923245081,2.682214317891653,-4.116956616998964,-3.680096377166423,-1.926459248976936,1.3386445612796227,-0.097083657111385,3.964023666708021,-0.4437652499836482,1.3221564166685458
95.0,258.0,129.89454650878906,-0.0395527923237066,2.682214317895596,-4.116956616998964,-3.680096124310497,-1.926459248976936,1.3386445612796227,-0.097083657111385,3.964023666708015,-0.4437652499836482,1.3221563582615787
95.0,258.0,129.89454650878906,-0.0395527923237066,2.682214317895596,-4.116956616998964,-3.680096359660762,-1.926459248976936,1.3386445612796227,-0.097083657111385,3.964023666571693,-0.4437652499836482,1.3221564166685458
95.0,258.0,129.89454650878906,-0.0395527923245085,2.682214317895471,-4.116956616998964,-3.680096364545614,-1.926459248976936,1.3386445612796227,-0.097083657111385,3.9640236667315727,-0.4437652499836482,1.3221563130526
95.0,258.0,129.89454650878906,-0.0395527923237066,2.682214317895596,-4.116956616998964,-3.680096124310497,-1.926459248976936,1.3386445612796227,-0.097083657111385,3.964023666708015,-0.4437652499836482,1.3221564166685458
95.0,258.0,129.89454650878906,-0.0395527922550862,2.682214317895544,-4.116956616998964,-3.6800964042290265,-1.926459248976936,1.3386445612796227,-0.097083657111385,3.964023618520191,-0.4437652499836457,1.322156433440167
95.0,258.0,129.89454650878906,-0.0395527922573442,2.682214317896016,-4.116956616998964,-3.680096124506453,-1.926459248976936,1.3386445612796227,-0.097083657111385,3.964023669682725,-0.4437652499836482,1.3221564166685458
95.0,258.0,129.89454650878906,-0.0395527923237066,2.682214317891073,-4.116956616998964,-3.6800961217782495,-1.926459248976936,1.3386445612796227,-0.097083657111385,3.964023666708015,-0.4437652499836482,1.3221562521871242
95.0,258.0,129.89454650878906,-0.0395527923237066,2.682214317895596,-4.116956616998964,-3.680096124310497,-1.926459248976936,1.3386445612796227,-0.097083657111385,3.964023668538844,-0.4437652499836482,1.3221564166685458
95.0,258.0,129.89454650878906,-0.0395527923236623,2.682214317895226,-4.116956616998964,-3.6800964042290265,-1.926459248976936,1.3386445612796227,-0.097083657111385,3.964023618520191,-0.4437652499836457,1.322156433440167
95.0,258.0,129.89454650878906,-0.0395527923237066,2.6822143178956064,-4.116956616998964,-3.680096124310497,-1.926459248976936,1.3386445612796227,-0.097083657111385,3.964023666708015,-0.4437652499836482,1.3221564166685458
95.0,258.0,129.89454650878906,-0.0395527922547782,2.682214317891152,-4.116956616998964,-3.680096123297392,-1.926459248976936,1.3386445612796227,-0.097083657111385,3.964023615592165,-0.4437652499836479,1.3221561286590156
95.0,258.0,129.89454650878906,-0.0395527923237066,2.682214317895596,-4.116956616998964,-3.680096124310497,-1.926459248976936,1.3386445612796227,-0.097083657111385,3.964023666708015,-0.4437652499836482,1.3221564166685458
95.0,258.0,129.89454650878906,-0.0395527923245021,2.682214317895596,-4.116956616998964,-3.680096124310497,-1.926459248976936,1.3386445612796227,-0.097083657111385,3.964023666708015,-0.4437652499836482,1.3221564166685458
95.0,258.0,129.89454650878906,-0.0395527923237066,2.6822143178955526,-4.116956616998964,-3.6800963575231687,-1.926459248976936,1.3386445612796227,-0.097083657111385,3.9640236667045055,-0.4437652499836482,1.3221564166685458
95.0,258.0,129.89454650878906,-0.039552792323588,2.6822143178958693,-4.116956616998964,-3.680096359526963,-1.926459248976936,1.3386445612796227,-0.097083657111385,3.9640236190593545,-0.4437652499836446,1.322156508769273
95.0,258.0,129.89454650878906,-0.0395527923245081,2.6822143178916185,-4.116956616998964,-3.6800963779397726,-1.926459248976936,1.3386445612796227,-0.097083657111385,3.9640236667044015,-0.4437652499836482,1.3221564166685458
95.0,258.0,129.89454650878906,-0.0395527923237066,2.682214317895596,-4.116956616998964,-3.680096359660762,-1.926459248976936,1.3386445612796227,-0.097083657111385,3.964023666571693,-0.4437652499836482,1.3221564166685458
95.0,258.0,129.89454650878906,-0.0395527923237066,2.6822143178956064,-4.116956616998964,-3.680096124310497,-1.926459248976936,1.3386445612796227,-0.097083657111385,3.964023666708015,-0.4437652499836482,1.3221564166685458
95.0,258.0,129.89454650878906,-0.039552792323718,2.6822143178956,-4.116956616998964,-3.680096362284009,-1.926459248976936,1.3386445612796227,-0.097083657111385,3.964023668551373,-0.4437652499836482,1.322156401982697
95.0,258.0,129.89454650878906,-0.0395527923245081,2.6822143178916185,-4.116956616998964,-3.680096377237825,-1.926459248976936,1.3386445612796227,-0.097083657111385,3.964023620112332,-0.4437652499836482,1.3221564166685458
95.0,258.0,129.89454650878906,-0.0395527923237203,2.6822143178955944,-4.116956616998964,-3.680096364545614,-1.926459248976936,1.3386445612796227,-0.097083657111385,3.964023668468273,-0.4437652499836482,1.3221563130526
95.0,258.0,129.89454650878906,-0.0395527923235811,2.682214317895596,-4.116956616998964,-3.680096359660762,-1.926459248976936,1.3386445612796227,-0.097083657111385,3.964023666571693,-0.4437652499836482,1.3221564166685458
95.0,258.0,129.89454650878906,-0.0395527922573442,2.682214317896016,-4.116956616998964,-3.680096124506453,-1.926459248976936,1.3386445612796227,-0.097083657111385,3.964023669682725,-0.4437652499836482,1.3221564166685458
95.0,258.0,129.89454650878906,-0.0395527922550862,2.68221431789522,-4.116956616998964,-3.680096108356855,-1.926459248976936,1.3386445612796227,-0.097083657111385,3.964023674173256,-0.4437652499836457,1.322156433440167
95.0,258.0,129.89454650878906,-0.0395527922550862,2.68221431789148,-4.116956616998964,-3.680096108279756,-1.926459248976936,1.3386445612796227,-0.097083657111385,3.96402361998374,-0.4437652499836457,1.322156433440167
95.0,258.0,129.89454650878906,-0.0395527923245081,2.682214317891653,-4.116956616998964,-3.680096376031985,-1.926459248976936,1.3386445612796227,-0.097083657111385,3.964023666708021,-0.4437652499836482,1.3221563112474093
95.0,258.0,129.89454650878906,-0.0395527923237106,2.682214317895471,-4.116956616998964,-3.680096357721728,-1.926459248976936,1.3386445612796227,-0.097083657111385,3.9640236667315727,-0.4437652499836482,1.3221564171341575
95.0,258.0,129.89454650878906,-0.039552792323588,2.6822143178958693,-4.116956616998964,-3.680096359526963,-1.926459248976936,1.3386445612796227,-0.097083657111385,3.9640236190593545,-0.4437652499836446,1.322156508769273
95.0,258.0,129.89454650878906,-0.0395527923235784,2.682214317895596,-4.116956616998964,-3.680096132064203,-1.926459248976936,1.3386445612796227,-0.097083657111385,3.964023666708015,-0.4437652499836482,1.3221564166685458
95.0,258.0,129.89454650878906,-0.0395527923237066,2.682214317895596,-4.116956616998964,-3.680096124310497,-1.926459248976936,1.3386445612796227,-0.097083657111385,3.964023666708015,-0.4437652499834719,1.3221564178914018
95.0,259.0,129.89454650878906,-0.0395527923237066,2.682214317895596,-4.116956616998964,-3.680096124310497,-1.926459248976936,1.3386445612796227,-0.097083657111385,3.964023666708015,-0.4437652499836482,1.3221564166685458
95.0,259.0,129.89454650878906,-0.0395527923237066,2.6822143178956064,-4.116956616998964,-3.680096124310497,-1.926459248976936,1.3386445612796227,-0.097083657111385,3.964023666708015,-0.4437652499836482,1.3221564166685458
95.0,259.0,129.89454650878906,-0.0395527923237066,2.682214317895596,-4.116956616998964,-3.680096359660762,-1.926459248976936,1.3386445612796227,-0.097083657111385,3.964023666571693,-0.4437652499836482,1.3221564166685458
95.0,259.0,129.89454650878906,-0.0395527923245081,2.6822143178916185,-4.116956616998964,-3.6800963779397726,-1.926459248976936,1.3386445612796227,-0.097083657111385,3.9640236667044015,-0.4437652499836482,1.3221564166685458
95.0,259.0,129.89454650878906,-0.0395527923237066,2.682214317895596,-4.116956616998964,-3.680096124310497,-1.926459248976936,1.3386445612796227,-0.097083657111385,3.964023666708015,-0.4437652499836482,1.3221564166685458
95.0,259.0,129.89454650878906,-0.0395527923244971,2.6822143178956024,-4.116956616998964,-3.6800963353330514,-1.926459248976936,1.3386445612796227,-0.097083657111385,3.964023668568251,-0.4437652499834763,1.3221561870897085
95.0,259.0,129.89454650878906,-0.0395527922550862,2.6822143178914795,-4.116956616998964,-3.680096108279756,-1.926459248976936,1.3386445612796227,-0.097083657111385,3.964023619990271,-0.4437652499836457,1.322156433440167
95.0,259.0,129.89454650878906,-0.0395527923245081,2.6822143178916185,-4.116956616998964,-3.680096377166423,-1.926459248976936,1.3386445612796227,-0.097083657111385,3.9640236667044015,-0.4437652499836482,1.3221564166685458
95.0,259.0,129.89454650878906,-0.0395527923237066,2.682214317895596,-4.116956616998964,-3.6800963621914953,-1.926459248976936,1.3386445612796227,-0.097083657111385,3.964023666708015,-0.4437652499836482,1.3221564166685458
95.0,259.0,129.89454650878906,-0.039552792310556,2.6822143178956,-4.116956616998964,-3.680096123297392,-1.926459248976936,1.3386445612796227,-0.097083657111385,3.964023668568251,-0.4437652499836479,1.3221562181609663
95.0,259.0,129.89454650878906,-0.0395527923237066,2.682214317895596,-4.116956616998964,-3.680096124310497,-1.926459248976936,1.3386445612796227,-0.097083657111385,3.964023666708015,-0.4437652499836482,1.3221564166685458
95.0,259.0,129.89454650878906,-0.0395527922550862,2.6822143178913374,-4.116956616998964,-3.680096108279756,-1.926459248976936,1.3386445612796227,-0.097083657111385,3.9640236223173626,-0.4437652499836457,1.322156433440167
95.0,259.0,129.89454650878906,-0.0395527923235811,2.682214317895596,-4.116956616998964,-3.680096359660762,-1.926459248976936,1.3386445612796227,-0.097083657111385,3.964023666571693,-0.4437652499836482,1.3221564166685458
95.0,259.0,129.89454650878906,-0.0395527923237066,2.6822143178956064,-4.116956616998964,-3.680096125712691,-1.926459248976936,1.3386445612796227,-0.097083657111385,3.964023668520431,-0.4437652499836482,1.3221564166685458
95.0,259.0,129.89454650878906,-0.0395527923245081,2.6822143178916185,-4.116956616998964,-3.6800963779397726,-1.926459248976936,1.3386445612796227,-0.097083657111385,3.9640236667044015,-0.4437652499836482,1.3221564166685458
95.0,259.0,129.89454650878906,-0.0395527923237066,2.6822143178956064,-4.116956616998964,-3.680096124310497,-1.926459248976936,1.3386445612796227,-0.097083657111385,3.964023666708015,-0.4437652499836482,1.3221564166685458
95.0,259.0,129.89454650878906,-0.0395527923237066,2.6822143178956064,-4.116956616998964,-3.68009636061081,-1.926459248976936,1.3386445612796227,-0.097083657111385,3.964023666691127,-0.4437652499836482,1.3221563912643104
95.0,259.0,129.89454650878906,-0.0395527922550862,2.68221431789148,-4.116956616998964,-3.680096108279756,-1.926459248976936,1.3386445612796227,-0.097083657111385,3.96402361998374,-0.4437652499836457,1.322156433440167
95.0,259.0,129.89454650878906,-0.0395527923243772,2.6822143178958693,-4.116956616998964,-3.680096365351205,-1.926459248976936,1.3386445612796227,-0.097083657111385,3.9640236190593545,-0.4437652499836446,1.3221565135101934
95.0,259.0,129.89454650878906,-0.0395527923245081,2.682214317891653,-4.116956616998964,-3.680096377166423,-1.926459248976936,1.3386445612796227,-0.097083657111385,3.964023666708021,-0.4437652499836482,1.3221564166685458
95.0,259.0,129.89454650878906,-0.0395527923237066,2.682214317895596,-4.116956616998964,-3.680096124310497,-1.926459248976936,1.3386445612796227,-0.097083657111385,3.964023666708015,-0.4437652499836482,1.3221563582615787
95.0,259.0,129.89454650878906,-0.0395527923237066,2.682214317895596,-4.116956616998964,-3.680096359660762,-1.926459248976936,1.3386445612796227,-0.097083657111385,3.964023666571693,-0.4437652499836482,1.3221564166685458
95.0,259.0,129.89454650878906,-0.0395527923245085,2.682214317895471,-4.116956616998964,-3.680096364545614,-1.926459248976936,1.3386445612796227,-0.097083657111385,3.9640236667315727,-0.4437652499836482,1.3221563130526
95.0,259.0,129.89454650878906,-0.0395527923237066,2.682214317895596,-4.116956616998964,-3.680096124310497,-1.926459248976936,1.3386445612796227,-0.097083657111385,3.964023666708015,-0.4437652499836482,1.3221564166685458
95.0,259.0,129.89454650878906,-0.0395527922550862,2.682214317895544,-4.116956616998964,-3.6800964042290265,-1.926459248976936,1.3386445612796227,-0.097083657111385,3.964023618520191,-0.4437652499836457,1.322156433440167
95.0,259.0,129.89454650878906,-0.0395527922573442,2.682214317896016,-4.116956616998964,-3.680096124506453,-1.926459248976936,1.3386445612796227,-0.097083657111385,3.964023669682725,-0.4437652499836482,1.3221564166685458
95.0,259.0,129.89454650878906,-0.0395527923237066,2.682214317891073,-4.116956616998964,-3.6800961217782495,-1.926459248976936,1.3386445612796227,-0.097083657111385,3.964023666708015,-0.4437652499836482,1.3221562521871242
95.0,259.0,129.89454650878906,-0.0395527923237066,2.682214317895596,-4.116956616998964,-3.680096124310497,-1.926459248976936,1.3386445612796227,-0.097083657111385,3.964023668538844,-0.4437652499836482,1.3221564166685458
95.0,259.0,129.89454650878906,-0.0395527923236623,2.682214317895226,-4.116956616998964,-3.6800964042290265,-1.926459248976936,1.3386445612796227,-0.097083657111385,3.964023618520191,-0.4437652499836457,1.322156433440167
95.0,259.0,129.89454650878906,-0.0395527923237066,2.6822143178956064,-4.116956616998964,-3.680096124310497,-1.926459248976936,1.3386445612796227,-0.097083657111385,3.964023666708015,-0.4437652499836482,1.3221564166685458
95.0,259.0,129.89454650878906,-0.0395527922547782,2.682214317891152,-4.116956616998964,-3.680096123297392,-1.926459248976936,1.3386445612796227,-0.097083657111385,3.964023615592165,-0.4437652499836479,1.3221561286590156
95.0,259.0,129.89454650878906,-0.0395527923237066,2.682214317895596,-4.116956616998964,-3.680096124310497,-1.926459248976936,1.3386445612796227,-0.097083657111385,3.964023666708015,-0.4437652499836482,1.3221564166685458
95.0,259.0,129.89454650878906,-0.0395527923245021,2.682214317895596,-4.116956616998964,-3.680096124310497,-1.926459248976936,1.3386445612796227,-0.097083657111385,3.964023666708015,-0.4437652499836482,1.3221564166685458
95.0,259.0,129.89454650878906,-0.0395527923237066,2.6822143178955526,-4.116956616998964,-3.6800963575231687,-1.926459248976936,1.3386445612796227,-0.097083657111385,3.9640236667045055,-0.4437652499836482,1.3221564166685458
95.0,259.0,129.89454650878906,-0.039552792323588,2.6822143178958693,-4.116956616998964,-3.680096359526963,-1.926459248976936,1.3386445612796227,-0.097083657111385,3.9640236190593545,-0.4437652499836446,1.322156508769273
95.0,259.0,129.89454650878906,-0.0395527923245081,2.6822143178916185,-4.116956616998964,-3.6800963779397726,-1.926459248976936,1.3386445612796227,-0.097083657111385,3.9640236667044015,-0.4437652499836482,1.3221564166685458
95.0,259.0,129.89454650878906,-0.0395527923237066,2.682214317895596,-4.116956616998964,-3.680096359660762,-1.926459248976936,1.3386445612796227,-0.097083657111385,3.964023666571693,-0.4437652499836482,1.3221564166685458
95.0,259.0,129.89454650878906,-0.0395527923237066,2.6822143178956064,-4.116956616998964,-3.680096124310497,-1.926459248976936,1.3386445612796227,-0.097083657111385,3.964023666708015,-0.4437652499836482,1.3221564166685458
95.0,259.0,129.89454650878906,-0.039552792323718,2.6822143178956,-4.116956616998964,-3.680096362284009,-1.926459248976936,1.3386445612796227,-0.097083657111385,3.964023668551373,-0.4437652499836482,1.322156401982697
95.0,259.0,129.89454650878906,-0.0395527923245081,2.6822143178916185,-4.116956616998964,-3.680096377237825,-1.926459248976936,1.3386445612796227,-0.097083657111385,3.964023620112332,-0.4437652499836482,1.3221564166685458
95.0,259.0,129.89454650878906,-0.0395527923237203,2.6822143178955944,-4.116956616998964,-3.680096364545614,-1.926459248976936,1.3386445612796227,-0.097083657111385,3.964023668468273,-0.4437652499836482,1.3221563130526
95.0,259.0,129.89454650878906,-0.0395527923235811,2.682214317895596,-4.116956616998964,-3.680096359660762,-1.926459248976936,1.3386445612796227,-0.097083657111385,3.964023666571693,-0.4437652499836482,1.3221564166685458
95.0,259.0,129.89454650878906,-0.0395527922573442,2.682214317896016,-4.116956616998964,-3.680096124506453,-1.926459248976936,1.3386445612796227,-0.097083657111385,3.964023669682725,-0.4437652499836482,1.3221564166685458
95.0,259.0,129.89454650878906,-0.0395527922550862,2.68221431789522,-4.116956616998964,-3.680096108356855,-1.926459248976936,1.3386445612796227,-0.097083657111385,3.964023674173256,-0.4437652499836457,1.322156433440167
95.0,259.0,129.89454650878906,-0.0395527922550862,2.68221431789148,-4.116956616998964,-3.680096108279756,-1.926459248976936,1.3386445612796227,-0.097083657111385,3.96402361998374,-0.4437652499836457,1.322156433440167
95.0,259.0,129.89454650878906,-0.0395527923245081,2.682214317891653,-4.116956616998964,-3.680096376031985,-1.926459248976936,1.3386445612796227,-0.097083657111385,3.964023666708021,-0.4437652499836482,1.3221563112474093
95.0,259.0,129.89454650878906,-0.0395527923237106,2.682214317895471,-4.116956616998964,-3.680096357721728,-1.926459248976936,1.3386445612796227,-0.097083657111385,3.9640236667315727,-0.4437652499836482,1.3221564171341575
95.0,259.0,129.89454650878906,-0.039552792323588,2.6822143178958693,-4.116956616998964,-3.680096359526963,-1.926459248976936,1.3386445612796227,-0.097083657111385,3.9640236190593545,-0.4437652499836446,1.322156508769273
95.0,259.0,129.89454650878906,-0.0395527923235784,2.682214317895596,-4.116956616998964,-3.680096132064203,-1.926459248976936,1.3386445612796227,-0.097083657111385,3.964023666708015,-0.4437652499836482,1.3221564166685458
95.0,259.0,129.89454650878906,-0.0395527923237066,2.682214317895596,-4.116956616998964,-3.680096124310497,-1.926459248976936,1.3386445612796227,-0.097083657111385,3.964023666708015,-0.4437652499834719,1.3221564178914018
95.0,260.0,129.8917999267578,-0.0395527923265223,2.6822143178956024,-4.116956616998964,-3.6800963353330514,-1.926459248976936,1.34001285926717,-0.097083657111385,3.964023668568251,-0.4437652499834763,1.3221564334719471
95.0,260.0,129.89454650878906,-0.0395527923237066,2.682214317895596,-4.116956616998964,-3.680096124310497,-1.926459248976936,1.3386445612796227,-0.097083657111385,3.964023666708015,-0.4437652499836482,1.3221564166685458
95.0,260.0,129.89454650878906,-0.0395527923237066,2.6822143178956064,-4.116956616998964,-3.680096124310497,-1.926459248976936,1.3386445612796227,-0.097083657111385,3.964023666708015,-0.4437652499836482,1.3221564166685458
95.0,260.0,129.89454650878906,-0.0395527923237066,2.682214317895596,-4.116956616998964,-3.680096359660762,-1.926459248976936,1.3386445612796227,-0.097083657111385,3.964023666571693,-0.4437652499836482,1.3221564166685458
95.0,260.0,129.89454650878906,-0.0395527923245081,2.6822143178916185,-4.116956616998964,-3.6800963779397726,-1.926459248976936,1.3386445612796227,-0.097083657111385,3.9640236667044015,-0.4437652499836482,1.3221564166685458
95.0,260.0,129.89454650878906,-0.0395527923237066,2.682214317895596,-4.116956616998964,-3.680096124310497,-1.926459248976936,1.3386445612796227,-0.097083657111385,3.964023666708015,-0.4437652499836482,1.3221564166685458
95.0,260.0,129.89454650878906,-0.0395527923244971,2.6822143178956024,-4.116956616998964,-3.6800963353330514,-1.926459248976936,1.3386445612796227,-0.097083657111385,3.964023668568251,-0.4437652499834763,1.3221561870897085
95.0,260.0,129.89454650878906,-0.0395527922550862,2.6822143178914795,-4.116956616998964,-3.680096108279756,-1.926459248976936,1.3386445612796227,-0.097083657111385,3.964023619990271,-0.4437652499836457,1.322156433440167
95.0,260.0,129.89454650878906,-0.0395527923245081,2.6822143178916185,-4.116956616998964,-3.680096377166423,-1.926459248976936,1.3386445612796227,-0.097083657111385,3.9640236667044015,-0.4437652499836482,1.3221564166685458
95.0,260.0,129.89454650878906,-0.0395527923237066,2.682214317895596,-4.116956616998964,-3.6800963621914953,-1.926459248976936,1.3386445612796227,-0.097083657111385,3.964023666708015,-0.4437652499836482,1.3221564166685458
95.0,260.0,129.89454650878906,-0.039552792310556,2.6822143178956,-4.116956616998964,-3.680096123297392,-1.926459248976936,1.3386445612796227,-0.097083657111385,3.964023668568251,-0.4437652499836479,1.3221562181609663
95.0,260.0,129.89454650878906,-0.0395527923237066,2.682214317895596,-4.116956616998964,-3.680096124310497,-1.926459248976936,1.3386445612796227,-0.097083657111385,3.964023666708015,-0.4437652499836482,1.3221564166685458
95.0,260.0,129.89454650878906,-0.0395527922550862,2.6822143178913374,-4.116956616998964,-3.680096108279756,-1.926459248976936,1.3386445612796227,-0.097083657111385,3.9640236223173626,-0.4437652499836457,1.322156433440167
95.0,260.0,129.89454650878906,-0.0395527923235811,2.682214317895596,-4.116956616998964,-3.680096359660762,-1.926459248976936,1.3386445612796227,-0.097083657111385,3.964023666571693,-0.4437652499836482,1.3221564166685458
95.0,260.0,129.89454650878906,-0.0395527923237066,2.6822143178956064,-4.116956616998964,-3.680096125712691,-1.926459248976936,1.3386445612796227,-0.097083657111385,3.964023668520431,-0.4437652499836482,1.3221564166685458
95.0,260.0,129.89454650878906,-0.0395527923245081,2.6822143178916185,-4.116956616998964,-3.6800963779397726,-1.926459248976936,1.3386445612796227,-0.097083657111385,3.9640236667044015,-0.4437652499836482,1.3221564166685458
95.0,260.0,129.89454650878906,-0.0395527923237066,2.6822143178956064,-4.116956616998964,-3.680096124310497,-1.926459248976936,1.3386445612796227,-0.097083657111385,3.964023666708015,-0.4437652499836482,1.3221564166685458
95.0,260.0,129.89454650878906,-0.0395527923237066,2.6822143178956064,-4.116956616998964,-3.68009636061081,-1.926459248976936,1.3386445612796227,-0.097083657111385,3.964023666691127,-0.4437652499836482,1.3221563912643104
95.0,260.0,129.89454650878906,-0.0395527922550862,2.68221431789148,-4.116956616998964,-3.680096108279756,-1.926459248976936,1.3386445612796227,-0.097083657111385,3.96402361998374,-0.4437652499836457,1.322156433440167
95.0,260.0,129.89454650878906,-0.0395527923243772,2.6822143178958693,-4.116956616998964,-3.680096365351205,-1.926459248976936,1.3386445612796227,-0.097083657111385,3.9640236190593545,-0.4437652499836446,1.3221565135101934
95.0,260.0,129.89454650878906,-0.0395527923245081,2.682214317891653,-4.116956616998964,-3.680096377166423,-1.926459248976936,1.3386445612796227,-0.097083657111385,3.964023666708021,-0.4437652499836482,1.3221564166685458
95.0,260.0,129.89454650878906,-0.0395527923237066,2.682214317895596,-4.116956616998964,-3.680096124310497,-1.926459248976936,1.3386445612796227,-0.097083657111385,3.964023666708015,-0.4437652499836482,1.3221563582615787
95.0,260.0,129.89454650878906,-0.0395527923237066,2.682214317895596,-4.116956616998964,-3.680096359660762,-1.926459248976936,1.3386445612796227,-0.097083657111385,3.964023666571693,-0.4437652499836482,1.3221564166685458
95.0,260.0,129.89454650878906,-0.0395527923245085,2.682214317895471,-4.116956616998964,-3.680096364545614,-1.926459248976936,1.3386445612796227,-0.097083657111385,3.9640236667315727,-0.4437652499836482,1.3221563130526
95.0,260.0,129.89454650878906,-0.0395527923237066,2.682214317895596,-4.116956616998964,-3.680096124310497,-1.926459248976936,1.3386445612796227,-0.097083657111385,3.964023666708015,-0.4437652499836482,1.3221564166685458
95.0,260.0,129.89454650878906,-0.0395527922550862,2.682214317895544,-4.116956616998964,-3.6800964042290265,-1.926459248976936,1.3386445612796227,-0.097083657111385,3.964023618520191,-0.4437652499836457,1.322156433440167
95.0,260.0,129.89454650878906,-0.0395527922573442,2.682214317896016,-4.116956616998964,-3.680096124506453,-1.926459248976936,1.3386445612796227,-0.097083657111385,3.964023669682725,-0.4437652499836482,1.3221564166685458
95.0,260.0,129.89454650878906,-0.0395527923237066,2.682214317891073,-4.116956616998964,-3.6800961217782495,-1.926459248976936,1.3386445612796227,-0.097083657111385,3.964023666708015,-0.4437652499836482,1.3221562521871242
95.0,260.0,129.89454650878906,-0.0395527923237066,2.682214317895596,-4.116956616998964,-3.680096124310497,-1.926459248976936,1.3386445612796227,-0.097083657111385,3.964023668538844,-0.4437652499836482,1.3221564166685458
95.0,260.0,129.89454650878906,-0.0395527923236623,2.682214317895226,-4.116956616998964,-3.6800964042290265,-1.926459248976936,1.3386445612796227,-0.097083657111385,3.964023618520191,-0.4437652499836457,1.322156433440167
95.0,260.0,129.89454650878906,-0.0395527923237066,2.6822143178956064,-4.116956616998964,-3.680096124310497,-1.926459248976936,1.3386445612796227,-0.097083657111385,3.964023666708015,-0.4437652499836482,1.3221564166685458
95.0,260.0,129.89454650878906,-0.0395527922547782,2.682214317891152,-4.116956616998964,-3.680096123297392,-1.926459248976936,1.3386445612796227,-0.097083657111385,3.964023615592165,-0.4437652499836479,1.3221561286590156
95.0,260.0,129.89454650878906,-0.0395527923237066,2.682214317895596,-4.116956616998964,-3.680096124310497,-1.926459248976936,1.3386445612796227,-0.097083657111385,3.964023666708015,-0.4437652499836482,1.3221564166685458
95.0,260.0,129.89454650878906,-0.0395527923245021,2.682214317895596,-4.116956616998964,-3.680096124310497,-1.926459248976936,1.3386445612796227,-0.097083657111385,3.964023666708015,-0.4437652499836482,1.3221564166685458
95.0,260.0,129.89454650878906,-0.0395527923237066,2.6822143178955526,-4.116956616998964,-3.6800963575231687,-1.926459248976936,1.3386445612796227,-0.097083657111385,3.9640236667045055,-0.4437652499836482,1.3221564166685458
95.0,260.0,129.89454650878906,-0.039552792323588,2.6822143178958693,-4.116956616998964,-3.680096359526963,-1.926459248976936,1.3386445612796227,-0.097083657111385,3.9640236190593545,-0.4437652499836446,1.322156508769273
95.0,260.0,129.89454650878906,-0.0395527923245081,2.6822143178916185,-4.116956616998964,-3.6800963779397726,-1.926459248976936,1.3386445612796227,-0.097083657111385,3.9640236667044015,-0.4437652499836482,1.3221564166685458
95.0,260.0,129.89454650878906,-0.0395527923237066,2.682214317895596,-4.116956616998964,-3.680096359660762,-1.926459248976936,1.3386445612796227,-0.097083657111385,3.964023666571693,-0.4437652499836482,1.3221564166685458
95.0,260.0,129.89454650878906,-0.0395527923237066,2.6822143178956064,-4.116956616998964,-3.680096124310497,-1.926459248976936,1.3386445612796227,-0.097083657111385,3.964023666708015,-0.4437652499836482,1.3221564166685458
95.0,260.0,129.89454650878906,-0.039552792323718,2.6822143178956,-4.116956616998964,-3.680096362284009,-1.926459248976936,1.3386445612796227,-0.097083657111385,3.964023668551373,-0.4437652499836482,1.322156401982697
95.0,260.0,129.89454650878906,-0.0395527923245081,2.6822143178916185,-4.116956616998964,-3.680096377237825,-1.926459248976936,1.3386445612796227,-0.097083657111385,3.964023620112332,-0.4437652499836482,1.3221564166685458
95.0,260.0,129.89454650878906,-0.0395527923237203,2.6822143178955944,-4.116956616998964,-3.680096364545614,-1.926459248976936,1.3386445612796227,-0.097083657111385,3.964023668468273,-0.4437652499836482,1.3221563130526
95.0,260.0,129.89454650878906,-0.0395527923235811,2.682214317895596,-4.116956616998964,-3.680096359660762,-1.926459248976936,1.3386445612796227,-0.097083657111385,3.964023666571693,-0.4437652499836482,1.3221564166685458
95.0,260.0,129.89454650878906,-0.0395527922573442,2.682214317896016,-4.116956616998964,-3.680096124506453,-1.926459248976936,1.3386445612796227,-0.097083657111385,3.964023669682725,-0.4437652499836482,1.3221564166685458
95.0,260.0,129.89454650878906,-0.0395527922550862,2.68221431789522,-4.116956616998964,-3.680096108356855,-1.926459248976936,1.3386445612796227,-0.097083657111385,3.964023674173256,-0.4437652499836457,1.322156433440167
95.0,260.0,129.89454650878906,-0.0395527922550862,2.68221431789148,-4.116956616998964,-3.680096108279756,-1.926459248976936,1.3386445612796227,-0.097083657111385,3.96402361998374,-0.4437652499836457,1.322156433440167
95.0,260.0,129.89454650878906,-0.0395527923245081,2.682214317891653,-4.116956616998964,-3.680096376031985,-1.926459248976936,1.3386445612796227,-0.097083657111385,3.964023666708021,-0.4437652499836482,1.3221563112474093
95.0,260.0,129.89454650878906,-0.0395527923237106,2.682214317895471,-4.116956616998964,-3.680096357721728,-1.926459248976936,1.3386445612796227,-0.097083657111385,3.9640236667315727,-0.4437652499836482,1.3221564171341575
95.0,260.0,129.89454650878906,-0.039552792323588,2.6822143178958693,-4.116956616998964,-3.680096359526963,-1.926459248976936,1.3386445612796227,-0.097083657111385,3.9640236190593545,-0.4437652499836446,1.322156508769273
95.0,260.0,129.89454650878906,-0.0395527923235784,2.682214317895596,-4.116956616998964,-3.680096132064203,-1.926459248976936,1.3386445612796227,-0.097083657111385,3.964023666708015,-0.4437652499836482,1.3221564166685458
95.0,261.0,129.8917999267578,-0.0395527923265223,2.6822143178956024,-4.116956616998964,-3.6800963353330514,-1.926459248976936,1.34001285926717,-0.097083657111385,3.964023668568251,-0.4437652499834763,1.3221564334719471
95.0,261.0,129.8917999267578,-0.039552792326447,2.6822143178956024,-4.116956616998964,-3.6800963353330514,-1.926459248976936,1.34001285926717,-0.097083657111385,3.964023668568251,-0.4437652499834763,1.3221564334719471
95.0,261.0,129.8917999267578,-0.0395527923245708,2.6822143178956024,-4.116956616998964,-3.6800963353330514,-1.926459248976936,1.34001285926717,-0.097083657111385,3.964023666671469,-0.4437652499834614,1.3221564334719471
95.0,261.0,129.89454650878906,-0.0395527923237066,2.682214317895596,-4.116956616998964,-3.680096124310497,-1.926459248976936,1.3386445612796227,-0.097083657111385,3.964023666708015,-0.4437652499836482,1.3221564166685458
95.0,261.0,129.89454650878906,-0.0395527923237066,2.6822143178956064,-4.116956616998964,-3.680096124310497,-1.926459248976936,1.3386445612796227,-0.097083657111385,3.964023666708015,-0.4437652499836482,1.3221564166685458
95.0,261.0,129.89454650878906,-0.0395527923237066,2.682214317895596,-4.116956616998964,-3.680096359660762,-1.926459248976936,1.3386445612796227,-0.097083657111385,3.964023666571693,-0.4437652499836482,1.3221564166685458
95.0,261.0,129.89454650878906,-0.0395527923245081,2.6822143178916185,-4.116956616998964,-3.6800963779397726,-1.926459248976936,1.3386445612796227,-0.097083657111385,3.9640236667044015,-0.4437652499836482,1.3221564166685458
95.0,261.0,129.89454650878906,-0.0395527923237066,2.682214317895596,-4.116956616998964,-3.680096124310497,-1.926459248976936,1.3386445612796227,-0.097083657111385,3.964023666708015,-0.4437652499836482,1.3221564166685458
95.0,261.0,129.89454650878906,-0.0395527923244971,2.6822143178956024,-4.116956616998964,-3.6800963353330514,-1.926459248976936,1.3386445612796227,-0.097083657111385,3.964023668568251,-0.4437652499834763,1.3221561870897085
95.0,261.0,129.89454650878906,-0.0395527922550862,2.6822143178914795,-4.116956616998964,-3.680096108279756,-1.926459248976936,1.3386445612796227,-0.097083657111385,3.964023619990271,-0.4437652499836457,1.322156433440167
95.0,261.0,129.89454650878906,-0.0395527923245081,2.6822143178916185,-4.116956616998964,-3.680096377166423,-1.926459248976936,1.3386445612796227,-0.097083657111385,3.9640236667044015,-0.4437652499836482,1.3221564166685458
95.0,261.0,129.89454650878906,-0.0395527923237066,2.682214317895596,-4.116956616998964,-3.6800963621914953,-1.926459248976936,1.3386445612796227,-0.097083657111385,3.964023666708015,-0.4437652499836482,1.3221564166685458
95.0,261.0,129.89454650878906,-0.039552792310556,2.6822143178956,-4.116956616998964,-3.680096123297392,-1.926459248976936,1.3386445612796227,-0.097083657111385,3.964023668568251,-0.4437652499836479,1.3221562181609663
95.0,261.0,129.89454650878906,-0.0395527923237066,2.682214317895596,-4.116956616998964,-3.680096124310497,-1.926459248976936,1.3386445612796227,-0.097083657111385,3.964023666708015,-0.4437652499836482,1.3221564166685458
95.0,261.0,129.89454650878906,-0.0395527922550862,2.6822143178913374,-4.116956616998964,-3.680096108279756,-1.926459248976936,1.3386445612796227,-0.097083657111385,3.9640236223173626,-0.4437652499836457,1.322156433440167
95.0,261.0,129.89454650878906,-0.0395527923235811,2.682214317895596,-4.116956616998964,-3.680096359660762,-1.926459248976936,1.3386445612796227,-0.097083657111385,3.964023666571693,-0.4437652499836482,1.3221564166685458
95.0,261.0,129.89454650878906,-0.0395527923237066,2.6822143178956064,-4.116956616998964,-3.680096125712691,-1.926459248976936,1.3386445612796227,-0.097083657111385,3.964023668520431,-0.4437652499836482,1.3221564166685458
95.0,261.0,129.89454650878906,-0.0395527923245081,2.6822143178916185,-4.116956616998964,-3.6800963779397726,-1.926459248976936,1.3386445612796227,-0.097083657111385,3.9640236667044015,-0.4437652499836482,1.3221564166685458
95.0,261.0,129.89454650878906,-0.0395527923237066,2.6822143178956064,-4.116956616998964,-3.680096124310497,-1.926459248976936,1.3386445612796227,-0.097083657111385,3.964023666708015,-0.4437652499836482,1.3221564166685458
95.0,261.0,129.89454650878906,-0.0395527923237066,2.6822143178956064,-4.116956616998964,-3.68009636061081,-1.926459248976936,1.3386445612796227,-0.097083657111385,3.964023666691127,-0.4437652499836482,1.3221563912643104
95.0,261.0,129.89454650878906,-0.0395527922550862,2.68221431789148,-4.116956616998964,-3.680096108279756,-1.926459248976936,1.3386445612796227,-0.097083657111385,3.96402361998374,-0.4437652499836457,1.322156433440167
95.0,261.0,129.89454650878906,-0.0395527923243772,2.6822143178958693,-4.116956616998964,-3.680096365351205,-1.926459248976936,1.3386445612796227,-0.097083657111385,3.9640236190593545,-0.4437652499836446,1.3221565135101934
95.0,261.0,129.89454650878906,-0.0395527923245081,2.682214317891653,-4.116956616998964,-3.680096377166423,-1.926459248976936,1.3386445612796227,-0.097083657111385,3.964023666708021,-0.4437652499836482,1.3221564166685458
95.0,261.0,129.89454650878906,-0.0395527923237066,2.682214317895596,-4.116956616998964,-3.680096124310497,-1.926459248976936,1.3386445612796227,-0.097083657111385,3.964023666708015,-0.4437652499836482,1.3221563582615787
95.0,261.0,129.89454650878906,-0.0395527923237066,2.682214317895596,-4.116956616998964,-3.680096359660762,-1.926459248976936,1.3386445612796227,-0.097083657111385,3.964023666571693,-0.4437652499836482,1.3221564166685458
95.0,261.0,129.89454650878906,-0.0395527923245085,2.682214317895471,-4.116956616998964,-3.680096364545614,-1.926459248976936,1.3386445612796227,-0.097083657111385,3.9640236667315727,-0.4437652499836482,1.3221563130526
95.0,261.0,129.89454650878906,-0.0395527923237066,2.682214317895596,-4.116956616998964,-3.680096124310497,-1.926459248976936,1.3386445612796227,-0.097083657111385,3.964023666708015,-0.4437652499836482,1.3221564166685458
95.0,261.0,129.89454650878906,-0.0395527922550862,2.682214317895544,-4.116956616998964,-3.6800964042290265,-1.926459248976936,1.3386445612796227,-0.097083657111385,3.964023618520191,-0.4437652499836457,1.322156433440167
95.0,261.0,129.89454650878906,-0.0395527922573442,2.682214317896016,-4.116956616998964,-3.680096124506453,-1.926459248976936,1.3386445612796227,-0.097083657111385,3.964023669682725,-0.4437652499836482,1.3221564166685458
95.0,261.0,129.89454650878906,-0.0395527923237066,2.682214317891073,-4.116956616998964,-3.6800961217782495,-1.926459248976936,1.3386445612796227,-0.097083657111385,3.964023666708015,-0.4437652499836482,1.3221562521871242
95.0,261.0,129.89454650878906,-0.0395527923237066,2.682214317895596,-4.116956616998964,-3.680096124310497,-1.926459248976936,1.3386445612796227,-0.097083657111385,3.964023668538844,-0.4437652499836482,1.3221564166685458
95.0,261.0,129.89454650878906,-0.0395527923236623,2.682214317895226,-4.116956616998964,-3.6800964042290265,-1.926459248976936,1.3386445612796227,-0.097083657111385,3.964023618520191,-0.4437652499836457,1.322156433440167
95.0,261.0,129.89454650878906,-0.0395527923237066,2.6822143178956064,-4.116956616998964,-3.680096124310497,-1.926459248976936,1.3386445612796227,-0.097083657111385,3.964023666708015,-0.4437652499836482,1.3221564166685458
95.0,261.0,129.89454650878906,-0.0395527922547782,2.682214317891152,-4.116956616998964,-3.680096123297392,-1.926459248976936,1.3386445612796227,-0.097083657111385,3.964023615592165,-0.4437652499836479,1.3221561286590156
95.0,261.0,129.89454650878906,-0.0395527923237066,2.682214317895596,-4.116956616998964,-3.680096124310497,-1.926459248976936,1.3386445612796227,-0.097083657111385,3.964023666708015,-0.4437652499836482,1.3221564166685458
95.0,261.0,129.89454650878906,-0.0395527923245021,2.682214317895596,-4.116956616998964,-3.680096124310497,-1.926459248976936,1.3386445612796227,-0.097083657111385,3.964023666708015,-0.4437652499836482,1.3221564166685458
95.0,261.0,129.89454650878906,-0.0395527923237066,2.6822143178955526,-4.116956616998964,-3.6800963575231687,-1.926459248976936,1.3386445612796227,-0.097083657111385,3.9640236667045055,-0.4437652499836482,1.3221564166685458
95.0,261.0,129.89454650878906,-0.039552792323588,2.6822143178958693,-4.116956616998964,-3.680096359526963,-1.926459248976936,1.3386445612796227,-0.097083657111385,3.9640236190593545,-0.4437652499836446,1.322156508769273
95.0,261.0,129.89454650878906,-0.0395527923245081,2.6822143178916185,-4.116956616998964,-3.6800963779397726,-1.926459248976936,1.3386445612796227,-0.097083657111385,3.9640236667044015,-0.4437652499836482,1.3221564166685458
95.0,261.0,129.89454650878906,-0.0395527923237066,2.682214317895596,-4.116956616998964,-3.680096359660762,-1.926459248976936,1.3386445612796227,-0.097083657111385,3.964023666571693,-0.4437652499836482,1.3221564166685458
95.0,261.0,129.89454650878906,-0.0395527923237066,2.6822143178956064,-4.116956616998964,-3.680096124310497,-1.926459248976936,1.3386445612796227,-0.097083657111385,3.964023666708015,-0.4437652499836482,1.3221564166685458
95.0,261.0,129.89454650878906,-0.039552792323718,2.6822143178956,-4.116956616998964,-3.680096362284009,-1.926459248976936,1.3386445612796227,-0.097083657111385,3.964023668551373,-0.4437652499836482,1.322156401982697
95.0,261.0,129.89454650878906,-0.0395527923245081,2.6822143178916185,-4.116956616998964,-3.680096377237825,-1.926459248976936,1.3386445612796227,-0.097083657111385,3.964023620112332,-0.4437652499836482,1.3221564166685458
95.0,261.0,129.89454650878906,-0.0395527923237203,2.6822143178955944,-4.116956616998964,-3.680096364545614,-1.926459248976936,1.3386445612796227,-0.097083657111385,3.964023668468273,-0.4437652499836482,1.3221563130526
95.0,261.0,129.89454650878906,-0.0395527923235811,2.682214317895596,-4.116956616998964,-3.680096359660762,-1.926459248976936,1.3386445612796227,-0.097083657111385,3.964023666571693,-0.4437652499836482,1.3221564166685458
95.0,261.0,129.89454650878906,-0.0395527922573442,2.682214317896016,-4.116956616998964,-3.680096124506453,-1.926459248976936,1.3386445612796227,-0.097083657111385,3.964023669682725,-0.4437652499836482,1.3221564166685458
95.0,261.0,129.89454650878906,-0.0395527922550862,2.68221431789522,-4.116956616998964,-3.680096108356855,-1.926459248976936,1.3386445612796227,-0.097083657111385,3.964023674173256,-0.4437652499836457,1.322156433440167
95.0,261.0,129.89454650878906,-0.0395527922550862,2.68221431789148,-4.116956616998964,-3.680096108279756,-1.926459248976936,1.3386445612796227,-0.097083657111385,3.96402361998374,-0.4437652499836457,1.322156433440167
95.0,261.0,129.89454650878906,-0.0395527923245081,2.682214317891653,-4.116956616998964,-3.680096376031985,-1.926459248976936,1.3386445612796227,-0.097083657111385,3.964023666708021,-0.4437652499836482,1.3221563112474093
95.0,261.0,129.89454650878906,-0.0395527923237106,2.682214317895471,-4.116956616998964,-3.680096357721728,-1.926459248976936,1.3386445612796227,-0.097083657111385,3.9640236667315727,-0.4437652499836482,1.3221564171341575
95.0,262.0,129.8917999267578,-0.0395527923265223,2.6822143178956024,-4.116956616998964,-3.6800963353330514,-1.926459248976936,1.34001285926717,-0.097083657111385,3.964023668568251,-0.4437652499834763,1.3221564334719471
95.0,262.0,129.8917999267578,-0.039552792326447,2.6822143178956024,-4.116956616998964,-3.6800963353330514,-1.926459248976936,1.34001285926717,-0.097083657111385,3.964023668568251,-0.4437652499834763,1.3221564334719471
95.0,262.0,129.8917999267578,-0.0395527923245708,2.6822143178956024,-4.116956616998964,-3.6800963353330514,-1.926459248976936,1.34001285926717,-0.097083657111385,3.964023666671469,-0.4437652499834614,1.3221564334719471
95.0,262.0,129.8917999267578,-0.0395527923332084,2.6822143178956024,-4.116956616998964,-3.6800963353330514,-1.926459248976936,1.34001285926717,-0.097083657111385,3.964023668568251,-0.4437652499834763,1.3221564334719471
95.0,262.0,129.89437866210938,-0.0395527923245884,2.6822143178958693,-4.116956616998964,-3.680096359768831,-1.926459248976936,1.3387442819685529,-0.097083657111385,3.9640236190593545,-0.4437652499836448,1.322156508769273
95.0,262.0,129.8944549560547,-0.0395527923245687,2.682214317895596,-4.116956616998964,-3.680096361423664,-1.926459248976936,1.3386937190824264,-0.097083657111385,3.964023666577092,-0.4437652499836482,1.3221564166685458
95.0,262.0,129.89454650878906,-0.0395527923237066,2.682214317895596,-4.116956616998964,-3.680096124310497,-1.926459248976936,1.3386445612796227,-0.097083657111385,3.964023666708015,-0.4437652499836482,1.3221564166685458
95.0,262.0,129.89454650878906,-0.0395527923237066,2.6822143178956064,-4.116956616998964,-3.680096124310497,-1.926459248976936,1.3386445612796227,-0.097083657111385,3.964023666708015,-0.4437652499836482,1.3221564166685458
95.0,262.0,129.89454650878906,-0.0395527923237066,2.682214317895596,-4.116956616998964,-3.680096359660762,-1.926459248976936,1.3386445612796227,-0.097083657111385,3.964023666571693,-0.4437652499836482,1.3221564166685458
95.0,262.0,129.89454650878906,-0.0395527923245081,2.6822143178916185,-4.116956616998964,-3.6800963779397726,-1.926459248976936,1.3386445612796227,-0.097083657111385,3.9640236667044015,-0.4437652499836482,1.3221564166685458
95.0,262.0,129.89454650878906,-0.0395527923237066,2.682214317895596,-4.116956616998964,-3.680096124310497,-1.926459248976936,1.3386445612796227,-0.097083657111385,3.964023666708015,-0.4437652499836482,1.3221564166685458
95.0,262.0,129.89454650878906,-0.0395527923244971,2.6822143178956024,-4.116956616998964,-3.6800963353330514,-1.926459248976936,1.3386445612796227,-0.097083657111385,3.964023668568251,-0.4437652499834763,1.3221561870897085
95.0,262.0,129.89454650878906,-0.0395527922550862,2.6822143178914795,-4.116956616998964,-3.680096108279756,-1.926459248976936,1.3386445612796227,-0.097083657111385,3.964023619990271,-0.4437652499836457,1.322156433440167
95.0,262.0,129.89454650878906,-0.0395527923245081,2.6822143178916185,-4.116956616998964,-3.680096377166423,-1.926459248976936,1.3386445612796227,-0.097083657111385,3.9640236667044015,-0.4437652499836482,1.3221564166685458
95.0,262.0,129.89454650878906,-0.0395527923237066,2.682214317895596,-4.116956616998964,-3.6800963621914953,-1.926459248976936,1.3386445612796227,-0.097083657111385,3.964023666708015,-0.4437652499836482,1.3221564166685458
95.0,262.0,129.89454650878906,-0.039552792310556,2.6822143178956,-4.116956616998964,-3.680096123297392,-1.926459248976936,1.3386445612796227,-0.097083657111385,3.964023668568251,-0.4437652499836479,1.3221562181609663
95.0,262.0,129.89454650878906,-0.0395527923237066,2.682214317895596,-4.116956616998964,-3.680096124310497,-1.926459248976936,1.3386445612796227,-0.097083657111385,3.964023666708015,-0.4437652499836482,1.3221564166685458
95.0,262.0,129.89454650878906,-0.0395527922550862,2.6822143178913374,-4.116956616998964,-3.680096108279756,-1.926459248976936,1.3386445612796227,-0.097083657111385,3.9640236223173626,-0.4437652499836457,1.322156433440167
95.0,262.0,129.89454650878906,-0.0395527923235811,2.682214317895596,-4.116956616998964,-3.680096359660762,-1.926459248976936,1.3386445612796227,-0.097083657111385,3.964023666571693,-0.4437652499836482,1.3221564166685458
95.0,262.0,129.89454650878906,-0.0395527923237066,2.6822143178956064,-4.116956616998964,-3.680096125712691,-1.926459248976936,1.3386445612796227,-0.097083657111385,3.964023668520431,-0.4437652499836482,1.3221564166685458
95.0,262.0,129.89454650878906,-0.0395527923245081,2.6822143178916185,-4.116956616998964,-3.6800963779397726,-1.926459248976936,1.3386445612796227,-0.097083657111385,3.9640236667044015,-0.4437652499836482,1.3221564166685458
95.0,262.0,129.89454650878906,-0.0395527923237066,2.6822143178956064,-4.116956616998964,-3.680096124310497,-1.926459248976936,1.3386445612796227,-0.097083657111385,3.964023666708015,-0.4437652499836482,1.3221564166685458
95.0,262.0,129.89454650878906,-0.0395527923237066,2.6822143178956064,-4.116956616998964,-3.68009636061081,-1.926459248976936,1.3386445612796227,-0.097083657111385,3.964023666691127,-0.4437652499836482,1.3221563912643104
95.0,262.0,129.89454650878906,-0.0395527922550862,2.68221431789148,-4.116956616998964,-3.680096108279756,-1.926459248976936,1.3386445612796227,-0.097083657111385,3.96402361998374,-0.4437652499836457,1.322156433440167
95.0,262.0,129.89454650878906,-0.0395527923243772,2.6822143178958693,-4.116956616998964,-3.680096365351205,-1.926459248976936,1.3386445612796227,-0.097083657111385,3.9640236190593545,-0.4437652499836446,1.3221565135101934
95.0,262.0,129.89454650878906,-0.0395527923245081,2.682214317891653,-4.116956616998964,-3.680096377166423,-1.926459248976936,1.3386445612796227,-0.097083657111385,3.964023666708021,-0.4437652499836482,1.3221564166685458
95.0,262.0,129.89454650878906,-0.0395527923237066,2.682214317895596,-4.116956616998964,-3.680096124310497,-1.926459248976936,1.3386445612796227,-0.097083657111385,3.964023666708015,-0.4437652499836482,1.3221563582615787
95.0,262.0,129.89454650878906,-0.0395527923237066,2.682214317895596,-4.116956616998964,-3.680096359660762,-1.926459248976936,1.3386445612796227,-0.097083657111385,3.964023666571693,-0.4437652499836482,1.3221564166685458
95.0,262.0,129.89454650878906,-0.0395527923245085,2.682214317895471,-4.116956616998964,-3.680096364545614,-1.926459248976936,1.3386445612796227,-0.097083657111385,3.9640236667315727,-0.4437652499836482,1.3221563130526
95.0,262.0,129.89454650878906,-0.0395527923237066,2.682214317895596,-4.116956616998964,-3.680096124310497,-1.926459248976936,1.3386445612796227,-0.097083657111385,3.964023666708015,-0.4437652499836482,1.3221564166685458
95.0,262.0,129.89454650878906,-0.0395527922550862,2.682214317895544,-4.116956616998964,-3.6800964042290265,-1.926459248976936,1.3386445612796227,-0.097083657111385,3.964023618520191,-0.4437652499836457,1.322156433440167
95.0,262.0,129.89454650878906,-0.0395527922573442,2.682214317896016,-4.116956616998964,-3.680096124506453,-1.926459248976936,1.3386445612796227,-0.097083657111385,3.964023669682725,-0.4437652499836482,1.3221564166685458
95.0,262.0,129.89454650878906,-0.0395527923237066,2.682214317891073,-4.116956616998964,-3.6800961217782495,-1.926459248976936,1.3386445612796227,-0.097083657111385,3.964023666708015,-0.4437652499836482,1.3221562521871242
95.0,262.0,129.89454650878906,-0.0395527923237066,2.682214317895596,-4.116956616998964,-3.680096124310497,-1.926459248976936,1.3386445612796227,-0.097083657111385,3.964023668538844,-0.4437652499836482,1.3221564166685458
95.0,262.0,129.89454650878906,-0.0395527923236623,2.682214317895226,-4.116956616998964,-3.6800964042290265,-1.926459248976936,1.3386445612796227,-0.097083657111385,3.964023618520191,-0.4437652499836457,1.322156433440167
95.0,262.0,129.89454650878906,-0.0395527923237066,2.6822143178956064,-4.116956616998964,-3.680096124310497,-1.926459248976936,1.3386445612796227,-0.097083657111385,3.964023666708015,-0.4437652499836482,1.3221564166685458
95.0,262.0,129.89454650878906,-0.0395527922547782,2.682214317891152,-4.116956616998964,-3.680096123297392,-1.926459248976936,1.3386445612796227,-0.097083657111385,3.964023615592165,-0.4437652499836479,1.3221561286590156
95.0,262.0,129.89454650878906,-0.0395527923237066,2.682214317895596,-4.116956616998964,-3.680096124310497,-1.926459248976936,1.3386445612796227,-0.097083657111385,3.964023666708015,-0.4437652499836482,1.3221564166685458
95.0,262.0,129.89454650878906,-0.0395527923245021,2.682214317895596,-4.116956616998964,-3.680096124310497,-1.926459248976936,1.3386445612796227,-0.097083657111385,3.964023666708015,-0.4437652499836482,1.3221564166685458
95.0,262.0,129.89454650878906,-0.0395527923237066,2.6822143178955526,-4.116956616998964,-3.6800963575231687,-1.926459248976936,1.3386445612796227,-0.097083657111385,3.9640236667045055,-0.4437652499836482,1.3221564166685458
95.0,262.0,129.89454650878906,-0.039552792323588,2.6822143178958693,-4.116956616998964,-3.680096359526963,-1.926459248976936,1.3386445612796227,-0.097083657111385,3.9640236190593545,-0.4437652499836446,1.322156508769273
95.0,262.0,129.89454650878906,-0.0395527923245081,2.6822143178916185,-4.116956616998964,-3.6800963779397726,-1.926459248976936,1.3386445612796227,-0.097083657111385,3.9640236667044015,-0.4437652499836482,1.3221564166685458
95.0,262.0,129.89454650878906,-0.0395527923237066,2.682214317895596,-4.116956616998964,-3.680096359660762,-1.926459248976936,1.3386445612796227,-0.097083657111385,3.964023666571693,-0.4437652499836482,1.3221564166685458
95.0,262.0,129.89454650878906,-0.0395527923237066,2.6822143178956064,-4.116956616998964,-3.680096124310497,-1.926459248976936,1.3386445612796227,-0.097083657111385,3.964023666708015,-0.4437652499836482,1.3221564166685458
95.0,262.0,129.89454650878906,-0.039552792323718,2.6822143178956,-4.116956616998964,-3.680096362284009,-1.926459248976936,1.3386445612796227,-0.097083657111385,3.964023668551373,-0.4437652499836482,1.322156401982697
95.0,262.0,129.89454650878906,-0.0395527923245081,2.6822143178916185,-4.116956616998964,-3.680096377237825,-1.926459248976936,1.3386445612796227,-0.097083657111385,3.964023620112332,-0.4437652499836482,1.3221564166685458
95.0,262.0,129.89454650878906,-0.0395527923237203,2.6822143178955944,-4.116956616998964,-3.680096364545614,-1.926459248976936,1.3386445612796227,-0.097083657111385,3.964023668468273,-0.4437652499836482,1.3221563130526
95.0,262.0,129.89454650878906,-0.0395527923235811,2.682214317895596,-4.116956616998964,-3.680096359660762,-1.926459248976936,1.3386445612796227,-0.097083657111385,3.964023666571693,-0.4437652499836482,1.3221564166685458
95.0,262.0,129.89454650878906,-0.0395527922573442,2.682214317896016,-4.116956616998964,-3.680096124506453,-1.926459248976936,1.3386445612796227,-0.097083657111385,3.964023669682725,-0.4437652499836482,1.3221564166685458
95.0,262.0,129.89454650878906,-0.0395527922550862,2.68221431789522,-4.116956616998964,-3.680096108356855,-1.926459248976936,1.3386445612796227,-0.097083657111385,3.964023674173256,-0.4437652499836457,1.322156433440167
95.0,263.0,129.8917999267578,-0.0395527923265223,2.6822143178956024,-4.116956616998964,-3.6800963353330514,-1.926459248976936,1.34001285926717,-0.097083657111385,3.964023668568251,-0.4437652499834763,1.3221564334719471
95.0,263.0,129.8917999267578,-0.039552792326447,2.6822143178956024,-4.116956616998964,-3.6800963353330514,-1.926459248976936,1.34001285926717,-0.097083657111385,3.964023668568251,-0.4437652499834763,1.3221564334719471
95.0,263.0,129.8917999267578,-0.0395527923245708,2.6822143178956024,-4.116956616998964,-3.6800963353330514,-1.926459248976936,1.34001285926717,-0.097083657111385,3.964023666671469,-0.4437652499834614,1.3221564334719471
95.0,263.0,129.8917999267578,-0.0395527923332084,2.6822143178956024,-4.116956616998964,-3.6800963353330514,-1.926459248976936,1.34001285926717,-0.097083657111385,3.964023668568251,-0.4437652499834763,1.3221564334719471
95.0,263.0,129.8917999267578,-0.039552792326447,2.682214317895609,-4.116956616998964,-3.680096333269624,-1.926459248976936,1.34001285926717,-0.097083657111385,3.964023668568251,-0.4437652499834763,1.3221564166790047
95.0,263.0,129.89437866210938,-0.0395527923245884,2.6822143178958693,-4.116956616998964,-3.680096359768831,-1.926459248976936,1.3387442819685529,-0.097083657111385,3.9640236190593545,-0.4437652499836448,1.322156508769273
95.0,263.0,129.89437866210938,-0.0395527923245884,2.6822143178958693,-4.116956616998964,-3.680096359768831,-1.926459248976936,1.3387442819685529,-0.097083657111385,3.9640236190593545,-0.4437652499836448,1.322156508769273
95.0,263.0,129.8944549560547,-0.0395527923245687,2.682214317895596,-4.116956616998964,-3.680096361423664,-1.926459248976936,1.3386937190824264,-0.097083657111385,3.964023666577092,-0.4437652499836482,1.3221564166685458
95.0,263.0,129.8944549560547,-0.0395527923237101,2.682214317895596,-4.116956616998964,-3.680096359687416,-1.926459248976936,1.3386937190824264,-0.097083657111385,3.96402366657723,-0.4437652499836482,1.3221564166685458
95.0,263.0,129.89454650878906,-0.0395527923237066,2.682214317895596,-4.116956616998964,-3.680096124310497,-1.926459248976936,1.3386445612796227,-0.097083657111385,3.964023666708015,-0.4437652499836482,1.3221564166685458
95.0,263.0,129.89454650878906,-0.0395527923237066,2.6822143178956064,-4.116956616998964,-3.680096124310497,-1.926459248976936,1.3386445612796227,-0.097083657111385,3.964023666708015,-0.4437652499836482,1.3221564166685458
95.0,263.0,129.89454650878906,-0.0395527923237066,2.682214317895596,-4.116956616998964,-3.680096359660762,-1.926459248976936,1.3386445612796227,-0.097083657111385,3.964023666571693,-0.4437652499836482,1.3221564166685458
95.0,263.0,129.89454650878906,-0.0395527923245081,2.6822143178916185,-4.116956616998964,-3.6800963779397726,-1.926459248976936,1.3386445612796227,-0.097083657111385,3.9640236667044015,-0.4437652499836482,1.3221564166685458
95.0,263.0,129.89454650878906,-0.0395527923237066,2.682214317895596,-4.116956616998964,-3.680096124310497,-1.926459248976936,1.3386445612796227,-0.097083657111385,3.964023666708015,-0.4437652499836482,1.3221564166685458
95.0,263.0,129.89454650878906,-0.0395527923244971,2.6822143178956024,-4.116956616998964,-3.6800963353330514,-1.926459248976936,1.3386445612796227,-0.097083657111385,3.964023668568251,-0.4437652499834763,1.3221561870897085
95.0,263.0,129.89454650878906,-0.0395527922550862,2.6822143178914795,-4.116956616998964,-3.680096108279756,-1.926459248976936,1.3386445612796227,-0.097083657111385,3.964023619990271,-0.4437652499836457,1.322156433440167
95.0,263.0,129.89454650878906,-0.0395527923245081,2.6822143178916185,-4.116956616998964,-3.680096377166423,-1.926459248976936,1.3386445612796227,-0.097083657111385,3.9640236667044015,-0.4437652499836482,1.3221564166685458
95.0,263.0,129.89454650878906,-0.0395527923237066,2.682214317895596,-4.116956616998964,-3.6800963621914953,-1.926459248976936,1.3386445612796227,-0.097083657111385,3.964023666708015,-0.4437652499836482,1.3221564166685458
95.0,263.0,129.89454650878906,-0.039552792310556,2.6822143178956,-4.116956616998964,-3.680096123297392,-1.926459248976936,1.3386445612796227,-0.097083657111385,3.964023668568251,-0.4437652499836479,1.3221562181609663
95.0,263.0,129.89454650878906,-0.0395527923237066,2.682214317895596,-4.116956616998964,-3.680096124310497,-1.926459248976936,1.3386445612796227,-0.097083657111385,3.964023666708015,-0.4437652499836482,1.3221564166685458
95.0,263.0,129.89454650878906,-0.0395527922550862,2.6822143178913374,-4.116956616998964,-3.680096108279756,-1.926459248976936,1.3386445612796227,-0.097083657111385,3.9640236223173626,-0.4437652499836457,1.322156433440167
95.0,263.0,129.89454650878906,-0.0395527923235811,2.682214317895596,-4.116956616998964,-3.680096359660762,-1.926459248976936,1.3386445612796227,-0.097083657111385,3.964023666571693,-0.4437652499836482,1.3221564166685458
95.0,263.0,129.89454650878906,-0.0395527923237066,2.6822143178956064,-4.116956616998964,-3.680096125712691,-1.926459248976936,1.3386445612796227,-0.097083657111385,3.964023668520431,-0.4437652499836482,1.3221564166685458
95.0,263.0,129.89454650878906,-0.0395527923245081,2.6822143178916185,-4.116956616998964,-3.6800963779397726,-1.926459248976936,1.3386445612796227,-0.097083657111385,3.9640236667044015,-0.4437652499836482,1.3221564166685458
95.0,263.0,129.89454650878906,-0.0395527923237066,2.6822143178956064,-4.116956616998964,-3.680096124310497,-1.926459248976936,1.3386445612796227,-0.097083657111385,3.964023666708015,-0.4437652499836482,1.3221564166685458
95.0,263.0,129.89454650878906,-0.0395527923237066,2.6822143178956064,-4.116956616998964,-3.68009636061081,-1.926459248976936,1.3386445612796227,-0.097083657111385,3.964023666691127,-0.4437652499836482,1.3221563912643104
95.0,263.0,129.89454650878906,-0.0395527922550862,2.68221431789148,-4.116956616998964,-3.680096108279756,-1.926459248976936,1.3386445612796227,-0.097083657111385,3.96402361998374,-0.4437652499836457,1.322156433440167
95.0,263.0,129.89454650878906,-0.0395527923243772,2.6822143178958693,-4.116956616998964,-3.680096365351205,-1.926459248976936,1.3386445612796227,-0.097083657111385,3.9640236190593545,-0.4437652499836446,1.3221565135101934
95.0,263.0,129.89454650878906,-0.0395527923245081,2.682214317891653,-4.116956616998964,-3.680096377166423,-1.926459248976936,1.3386445612796227,-0.097083657111385,3.964023666708021,-0.4437652499836482,1.3221564166685458
95.0,263.0,129.89454650878906,-0.0395527923237066,2.682214317895596,-4.116956616998964,-3.680096124310497,-1.926459248976936,1.3386445612796227,-0.097083657111385,3.964023666708015,-0.4437652499836482,1.3221563582615787
95.0,263.0,129.89454650878906,-0.0395527923237066,2.682214317895596,-4.116956616998964,-3.680096359660762,-1.926459248976936,1.3386445612796227,-0.097083657111385,3.964023666571693,-0.4437652499836482,1.3221564166685458
95.0,263.0,129.89454650878906,-0.0395527923245085,2.682214317895471,-4.116956616998964,-3.680096364545614,-1.926459248976936,1.3386445612796227,-0.097083657111385,3.9640236667315727,-0.4437652499836482,1.3221563130526
95.0,263.0,129.89454650878906,-0.0395527923237066,2.682214317895596,-4.116956616998964,-3.680096124310497,-1.926459248976936,1.3386445612796227,-0.097083657111385,3.964023666708015,-0.4437652499836482,1.3221564166685458
95.0,263.0,129.89454650878906,-0.0395527922550862,2.682214317895544,-4.116956616998964,-3.6800964042290265,-1.926459248976936,1.3386445612796227,-0.097083657111385,3.964023618520191,-0.4437652499836457,1.322156433440167
95.0,263.0,129.89454650878906,-0.0395527922573442,2.682214317896016,-4.116956616998964,-3.680096124506453,-1.926459248976936,1.3386445612796227,-0.097083657111385,3.964023669682725,-0.4437652499836482,1.3221564166685458
95.0,263.0,129.89454650878906,-0.0395527923237066,2.682214317891073,-4.116956616998964,-3.6800961217782495,-1.926459248976936,1.3386445612796227,-0.097083657111385,3.964023666708015,-0.4437652499836482,1.3221562521871242
95.0,263.0,129.89454650878906,-0.0395527923237066,2.682214317895596,-4.116956616998964,-3.680096124310497,-1.926459248976936,1.3386445612796227,-0.097083657111385,3.964023668538844,-0.4437652499836482,1.3221564166685458
95.0,263.0,129.89454650878906,-0.0395527923236623,2.682214317895226,-4.116956616998964,-3.6800964042290265,-1.926459248976936,1.3386445612796227,-0.097083657111385,3.964023618520191,-0.4437652499836457,1.322156433440167
95.0,263.0,129.89454650878906,-0.0395527923237066,2.6822143178956064,-4.116956616998964,-3.680096124310497,-1.926459248976936,1.3386445612796227,-0.097083657111385,3.964023666708015,-0.4437652499836482,1.3221564166685458
95.0,263.0,129.89454650878906,-0.0395527922547782,2.682214317891152,-4.116956616998964,-3.680096123297392,-1.926459248976936,1.3386445612796227,-0.097083657111385,3.964023615592165,-0.4437652499836479,1.3221561286590156
95.0,263.0,129.89454650878906,-0.0395527923237066,2.682214317895596,-4.116956616998964,-3.680096124310497,-1.926459248976936,1.3386445612796227,-0.097083657111385,3.964023666708015,-0.4437652499836482,1.3221564166685458
95.0,263.0,129.89454650878906,-0.0395527923245021,2.682214317895596,-4.116956616998964,-3.680096124310497,-1.926459248976936,1.3386445612796227,-0.097083657111385,3.964023666708015,-0.4437652499836482,1.3221564166685458
95.0,263.0,129.89454650878906,-0.0395527923237066,2.6822143178955526,-4.116956616998964,-3.6800963575231687,-1.926459248976936,1.3386445612796227,-0.097083657111385,3.9640236667045055,-0.4437652499836482,1.3221564166685458
95.0,263.0,129.89454650878906,-0.039552792323588,2.6822143178958693,-4.116956616998964,-3.680096359526963,-1.926459248976936,1.3386445612796227,-0.097083657111385,3.9640236190593545,-0.4437652499836446,1.322156508769273
95.0,263.0,129.89454650878906,-0.0395527923245081,2.6822143178916185,-4.116956616998964,-3.6800963779397726,-1.926459248976936,1.3386445612796227,-0.097083657111385,3.9640236667044015,-0.4437652499836482,1.3221564166685458
95.0,263.0,129.89454650878906,-0.0395527923237066,2.682214317895596,-4.116956616998964,-3.680096359660762,-1.926459248976936,1.3386445612796227,-0.097083657111385,3.964023666571693,-0.4437652499836482,1.3221564166685458
95.0,263.0,129.89454650878906,-0.0395527923237066,2.6822143178956064,-4.116956616998964,-3.680096124310497,-1.926459248976936,1.3386445612796227,-0.097083657111385,3.964023666708015,-0.4437652499836482,1.3221564166685458
95.0,263.0,129.89454650878906,-0.039552792323718,2.6822143178956,-4.116956616998964,-3.680096362284009,-1.926459248976936,1.3386445612796227,-0.097083657111385,3.964023668551373,-0.4437652499836482,1.322156401982697
95.0,263.0,129.89454650878906,-0.0395527923245081,2.6822143178916185,-4.116956616998964,-3.680096377237825,-1.926459248976936,1.3386445612796227,-0.097083657111385,3.964023620112332,-0.4437652499836482,1.3221564166685458
95.0,263.0,129.89454650878906,-0.0395527923237203,2.6822143178955944,-4.116956616998964,-3.680096364545614,-1.926459248976936,1.3386445612796227,-0.097083657111385,3.964023668468273,-0.4437652499836482,1.3221563130526
95.0,264.0,129.8917999267578,-0.0395527923265223,2.6822143178956024,-4.116956616998964,-3.6800963353330514,-1.926459248976936,1.34001285926717,-0.097083657111385,3.964023668568251,-0.4437652499834763,1.3221564334719471
95.0,264.0,129.8917999267578,-0.039552792326447,2.6822143178956024,-4.116956616998964,-3.6800963353330514,-1.926459248976936,1.34001285926717,-0.097083657111385,3.964023668568251,-0.4437652499834763,1.3221564334719471
95.0,264.0,129.8917999267578,-0.0395527923245708,2.6822143178956024,-4.116956616998964,-3.6800963353330514,-1.926459248976936,1.34001285926717,-0.097083657111385,3.964023666671469,-0.4437652499834614,1.3221564334719471
95.0,264.0,129.8917999267578,-0.0395527923332084,2.6822143178956024,-4.116956616998964,-3.6800963353330514,-1.926459248976936,1.34001285926717,-0.097083657111385,3.964023668568251,-0.4437652499834763,1.3221564334719471
95.0,264.0,129.8917999267578,-0.039552792326447,2.682214317895609,-4.116956616998964,-3.680096333269624,-1.926459248976936,1.34001285926717,-0.097083657111385,3.964023668568251,-0.4437652499834763,1.3221564166790047
95.0,264.0,129.8917999267578,-0.039552792326447,2.6822143178955944,-4.116956616998964,-3.680096333269624,-1.926459248976936,1.34001285926717,-0.097083657111385,3.964023668568251,-0.4437652499836532,1.322156416668813
95.0,264.0,129.8917999267578,-0.0395527923236662,2.6822143178956024,-4.116956616998964,-3.6800963353330514,-1.926459248976936,1.34001285926717,-0.097083657111385,3.9640236685725263,-0.4437652499834763,1.3221563917763064
95.0,264.0,129.8917999267578,-0.0395527923332084,2.6822143178956024,-4.116956616998964,-3.680096403932082,-1.926459248976936,1.34001285926717,-0.097083657111385,3.964023668568251,-0.443765249983634,1.3221564334719471
95.0,264.0,129.8917999267578,-0.0395527923245152,2.6822143178956024,-4.116956616998964,-3.6800963353330514,-1.926459248976936,1.34001285926717,-0.097083657111385,3.964023668568251,-0.4437652499834763,1.322156432631492
95.0,264.0,129.8917999267578,-0.0395527923264606,2.682214317895609,-4.116956616998964,-3.680096356809805,-1.926459248976936,1.34001285926717,-0.097083657111385,3.964023666752091,-0.4437652499836524,1.3221564166790047
95.0,264.0,129.8917999267578,-0.0395527923265638,2.6822143178956024,-4.116956616998964,-3.6800963353330514,-1.926459248976936,1.34001285926717,-0.097083657111385,3.964023668568251,-0.4437652499836435,1.3221564334719471
95.0,264.0,129.89183044433594,-0.039552792326447,2.6822143178956024,-4.116956616998964,-3.68009633631893,-1.926459248976936,1.3400077338132566,-0.097083657111385,3.964023668568251,-0.4437652499834752,1.322156433352254
95.0,264.0,129.89437866210938,-0.0395527923245884,2.6822143178958693,-4.116956616998964,-3.680096359768831,-1.926459248976936,1.3387442819685529,-0.097083657111385,3.9640236190593545,-0.4437652499836448,1.322156508769273
95.0,264.0,129.89437866210938,-0.0395527923245884,2.6822143178958693,-4.116956616998964,-3.680096359768831,-1.926459248976936,1.3387442819685529,-0.097083657111385,3.9640236190593545,-0.4437652499836448,1.322156508769273
95.0,264.0,129.89437866210938,-0.0395527923245884,2.6822143178958613,-4.116956616998964,-3.680096362091841,-1.926459248976936,1.3387442819685529,-0.097083657111385,3.96402361949752,-0.4437652499836448,1.3221565056936768
95.0,264.0,129.89437866210938,-0.0395527923245884,2.682214317895854,-4.116956616998964,-3.680096359768831,-1.926459248976936,1.3387442819685529,-0.097083657111385,3.964023672884945,-0.4437652499836448,1.322156508769273
95.0,264.0,129.8944549560547,-0.0395527923245687,2.682214317895596,-4.116956616998964,-3.680096361423664,-1.926459248976936,1.3386937190824264,-0.097083657111385,3.964023666577092,-0.4437652499836482,1.3221564166685458
95.0,264.0,129.8944549560547,-0.0395527923237101,2.682214317895596,-4.116956616998964,-3.680096359687416,-1.926459248976936,1.3386937190824264,-0.097083657111385,3.96402366657723,-0.4437652499836482,1.3221564166685458
95.0,264.0,129.8944549560547,-0.0395527923245687,2.682214317895607,-4.116956616998964,-3.6800961237656087,-1.926459248976936,1.3386931879491677,-0.097083657111385,3.964023666577092,-0.4437652499836482,1.3221564166685458
95.0,264.0,129.89454650878906,-0.0395527923237066,2.682214317895596,-4.116956616998964,-3.680096124310497,-1.926459248976936,1.3386445612796227,-0.097083657111385,3.964023666708015,-0.4437652499836482,1.3221564166685458
95.0,264.0,129.89454650878906,-0.0395527923237066,2.6822143178956064,-4.116956616998964,-3.680096124310497,-1.926459248976936,1.3386445612796227,-0.097083657111385,3.964023666708015,-0.4437652499836482,1.3221564166685458
95.0,264.0,129.89454650878906,-0.0395527923237066,2.682214317895596,-4.116956616998964,-3.680096359660762,-1.926459248976936,1.3386445612796227,-0.097083657111385,3.964023666571693,-0.4437652499836482,1.3221564166685458
95.0,264.0,129.89454650878906,-0.0395527923245081,2.6822143178916185,-4.116956616998964,-3.6800963779397726,-1.926459248976936,1.3386445612796227,-0.097083657111385,3.9640236667044015,-0.4437652499836482,1.3221564166685458
95.0,264.0,129.89454650878906,-0.0395527923237066,2.682214317895596,-4.116956616998964,-3.680096124310497,-1.926459248976936,1.3386445612796227,-0.097083657111385,3.964023666708015,-0.4437652499836482,1.3221564166685458
95.0,264.0,129.89454650878906,-0.0395527923244971,2.6822143178956024,-4.116956616998964,-3.6800963353330514,-1.926459248976936,1.3386445612796227,-0.097083657111385,3.964023668568251,-0.4437652499834763,1.3221561870897085
95.0,264.0,129.89454650878906,-0.0395527922550862,2.6822143178914795,-4.116956616998964,-3.680096108279756,-1.926459248976936,1.3386445612796227,-0.097083657111385,3.964023619990271,-0.4437652499836457,1.322156433440167
95.0,264.0,129.89454650878906,-0.0395527923245081,2.6822143178916185,-4.116956616998964,-3.680096377166423,-1.926459248976936,1.3386445612796227,-0.097083657111385,3.9640236667044015,-0.4437652499836482,1.3221564166685458
95.0,264.0,129.89454650878906,-0.0395527923237066,2.682214317895596,-4.116956616998964,-3.6800963621914953,-1.926459248976936,1.3386445612796227,-0.097083657111385,3.964023666708015,-0.4437652499836482,1.3221564166685458
95.0,264.0,129.89454650878906,-0.039552792310556,2.6822143178956,-4.116956616998964,-3.680096123297392,-1.926459248976936,1.3386445612796227,-0.097083657111385,3.964023668568251,-0.4437652499836479,1.3221562181609663
95.0,264.0,129.89454650878906,-0.0395527923237066,2.682214317895596,-4.116956616998964,-3.680096124310497,-1.926459248976936,1.3386445612796227,-0.097083657111385,3.964023666708015,-0.4437652499836482,1.3221564166685458
95.0,264.0,129.89454650878906,-0.0395527922550862,2.6822143178913374,-4.116956616998964,-3.680096108279756,-1.926459248976936,1.3386445612796227,-0.097083657111385,3.9640236223173626,-0.4437652499836457,1.322156433440167
95.0,264.0,129.89454650878906,-0.0395527923235811,2.682214317895596,-4.116956616998964,-3.680096359660762,-1.926459248976936,1.3386445612796227,-0.097083657111385,3.964023666571693,-0.4437652499836482,1.3221564166685458
95.0,264.0,129.89454650878906,-0.0395527923237066,2.6822143178956064,-4.116956616998964,-3.680096125712691,-1.926459248976936,1.3386445612796227,-0.097083657111385,3.964023668520431,-0.4437652499836482,1.3221564166685458
95.0,264.0,129.89454650878906,-0.0395527923245081,2.6822143178916185,-4.116956616998964,-3.6800963779397726,-1.926459248976936,1.3386445612796227,-0.097083657111385,3.9640236667044015,-0.4437652499836482,1.3221564166685458
95.0,264.0,129.89454650878906,-0.0395527923237066,2.6822143178956064,-4.116956616998964,-3.680096124310497,-1.926459248976936,1.3386445612796227,-0.097083657111385,3.964023666708015,-0.4437652499836482,1.3221564166685458
95.0,264.0,129.89454650878906,-0.0395527923237066,2.6822143178956064,-4.116956616998964,-3.68009636061081,-1.926459248976936,1.3386445612796227,-0.097083657111385,3.964023666691127,-0.4437652499836482,1.3221563912643104
95.0,264.0,129.89454650878906,-0.0395527922550862,2.68221431789148,-4.116956616998964,-3.680096108279756,-1.926459248976936,1.3386445612796227,-0.097083657111385,3.96402361998374,-0.4437652499836457,1.322156433440167
95.0,264.0,129.89454650878906,-0.0395527923243772,2.6822143178958693,-4.116956616998964,-3.680096365351205,-1.926459248976936,1.3386445612796227,-0.097083657111385,3.9640236190593545,-0.4437652499836446,1.3221565135101934
95.0,264.0,129.89454650878906,-0.0395527923245081,2.682214317891653,-4.116956616998964,-3.680096377166423,-1.926459248976936,1.3386445612796227,-0.097083657111385,3.964023666708021,-0.4437652499836482,1.3221564166685458
95.0,264.0,129.89454650878906,-0.0395527923237066,2.682214317895596,-4.116956616998964,-3.680096124310497,-1.926459248976936,1.3386445612796227,-0.097083657111385,3.964023666708015,-0.4437652499836482,1.3221563582615787
95.0,264.0,129.89454650878906,-0.0395527923237066,2.682214317895596,-4.116956616998964,-3.680096359660762,-1.926459248976936,1.3386445612796227,-0.097083657111385,3.964023666571693,-0.4437652499836482,1.3221564166685458
95.0,264.0,129.89454650878906,-0.0395527923245085,2.682214317895471,-4.116956616998964,-3.680096364545614,-1.926459248976936,1.3386445612796227,-0.097083657111385,3.9640236667315727,-0.4437652499836482,1.3221563130526
95.0,264.0,129.89454650878906,-0.0395527923237066,2.682214317895596,-4.116956616998964,-3.680096124310497,-1.926459248976936,1.3386445612796227,-0.097083657111385,3.964023666708015,-0.4437652499836482,1.3221564166685458
95.0,264.0,129.89454650878906,-0.0395527922550862,2.682214317895544,-4.116956616998964,-3.6800964042290265,-1.926459248976936,1.3386445612796227,-0.097083657111385,3.964023618520191,-0.4437652499836457,1.322156433440167
95.0,264.0,129.89454650878906,-0.0395527922573442,2.682214317896016,-4.116956616998964,-3.680096124506453,-1.926459248976936,1.3386445612796227,-0.097083657111385,3.964023669682725,-0.4437652499836482,1.3221564166685458
95.0,264.0,129.89454650878906,-0.0395527923237066,2.682214317891073,-4.116956616998964,-3.6800961217782495,-1.926459248976936,1.3386445612796227,-0.097083657111385,3.964023666708015,-0.4437652499836482,1.3221562521871242
95.0,264.0,129.89454650878906,-0.0395527923237066,2.682214317895596,-4.116956616998964,-3.680096124310497,-1.926459248976936,1.3386445612796227,-0.097083657111385,3.964023668538844,-0.4437652499836482,1.3221564166685458
95.0,264.0,129.89454650878906,-0.0395527923236623,2.682214317895226,-4.116956616998964,-3.6800964042290265,-1.926459248976936,1.3386445612796227,-0.097083657111385,3.964023618520191,-0.4437652499836457,1.322156433440167
95.0,264.0,129.89454650878906,-0.0395527923237066,2.6822143178956064,-4.116956616998964,-3.680096124310497,-1.926459248976936,1.3386445612796227,-0.097083657111385,3.964023666708015,-0.4437652499836482,1.3221564166685458
95.0,264.0,129.89454650878906,-0.0395527922547782,2.682214317891152,-4.116956616998964,-3.680096123297392,-1.926459248976936,1.3386445612796227,-0.097083657111385,3.964023615592165,-0.4437652499836479,1.3221561286590156
95.0,265.0,129.8917999267578,-0.0395527923265223,2.6822143178956024,-4.116956616998964,-3.6800963353330514,-1.926459248976936,1.34001285926717,-0.097083657111385,3.964023668568251,-0.4437652499834763,1.3221564334719471
95.0,265.0,129.8917999267578,-0.039552792326447,2.6822143178956024,-4.116956616998964,-3.6800963353330514,-1.926459248976936,1.34001285926717,-0.097083657111385,3.964023668568251,-0.4437652499834763,1.3221564334719471
95.0,265.0,129.8917999267578,-0.0395527923245708,2.6822143178956024,-4.116956616998964,-3.6800963353330514,-1.926459248976936,1.34001285926717,-0.097083657111385,3.964023666671469,-0.4437652499834614,1.3221564334719471
95.0,265.0,129.8917999267578,-0.0395527923332084,2.6822143178956024,-4.116956616998964,-3.6800963353330514,-1.926459248976936,1.34001285926717,-0.097083657111385,3.964023668568251,-0.4437652499834763,1.3221564334719471
95.0,265.0,129.8917999267578,-0.039552792326447,2.682214317895609,-4.116956616998964,-3.680096333269624,-1.926459248976936,1.34001285926717,-0.097083657111385,3.964023668568251,-0.4437652499834763,1.3221564166790047
95.0,265.0,129.8917999267578,-0.039552792326447,2.6822143178955944,-4.116956616998964,-3.680096333269624,-1.926459248976936,1.34001285926717,-0.097083657111385,3.964023668568251,-0.4437652499836532,1.322156416668813
95.0,265.0,129.8917999267578,-0.0395527923236662,2.6822143178956024,-4.116956616998964,-3.6800963353330514,-1.926459248976936,1.34001285926717,-0.097083657111385,3.9640236685725263,-0.4437652499834763,1.3221563917763064
95.0,265.0,129.8917999267578,-0.0395527923332084,2.6822143178956024,-4.116956616998964,-3.680096403932082,-1.926459248976936,1.34001285926717,-0.097083657111385,3.964023668568251,-0.443765249983634,1.3221564334719471
95.0,265.0,129.8917999267578,-0.0395527923245152,2.6822143178956024,-4.116956616998964,-3.6800963353330514,-1.926459248976936,1.34001285926717,-0.097083657111385,3.964023668568251,-0.4437652499834763,1.322156432631492
95.0,265.0,129.8917999267578,-0.0395527923264606,2.682214317895609,-4.116956616998964,-3.680096356809805,-1.926459248976936,1.34001285926717,-0.097083657111385,3.964023666752091,-0.4437652499836524,1.3221564166790047
95.0,265.0,129.8917999267578,-0.0395527923265638,2.6822143178956024,-4.116956616998964,-3.6800963353330514,-1.926459248976936,1.34001285926717,-0.097083657111385,3.964023668568251,-0.4437652499836435,1.3221564334719471
95.0,265.0,129.8917999267578,-0.0395527923332084,2.6822143178956024,-4.116956616998964,-3.680096119299224,-1.926459248976936,1.34001285926717,-0.097083657111385,3.964023668568251,-0.443765249983634,1.3221564334719471
95.0,265.0,129.8917999267578,-0.0395527923332084,2.6822143178956024,-4.116956616998964,-3.680096358235768,-1.926459248976936,1.34001285926717,-0.097083657111385,3.964023668568251,-0.4437652499834763,1.3221564334719471
95.0,265.0,129.8917999267578,-0.0395527923236417,2.682214317895609,-4.116956616998964,-3.680096333269624,-1.926459248976936,1.34001285926717,-0.097083657111385,3.964023668568172,-0.4437652499834763,1.3221563917070842
95.0,265.0,129.8917999267578,-0.0395527923245152,2.6822143178956024,-4.116956616998964,-3.680096335401639,-1.926459248976936,1.34001285926717,-0.097083657111385,3.964023668568251,-0.4437652499834763,1.322156432631492
95.0,265.0,129.8917999267578,-0.0395527923263516,2.6822143178956064,-4.116956616998964,-3.680096127860321,-1.926459248976936,1.3400230874825811,-0.097083657111385,3.964023666708015,-0.4437652499836482,1.3221564156022017
95.0,265.0,129.89183044433594,-0.039552792326447,2.6822143178956024,-4.116956616998964,-3.68009633631893,-1.926459248976936,1.3400077338132566,-0.097083657111385,3.964023668568251,-0.4437652499834752,1.322156433352254
95.0,265.0,129.89187622070312,-0.0395527923236662,2.6822143178956024,-4.116956616998964,-3.6800963353330514,-1.926459248976936,1.3399451202338606,-0.097083657111385,3.964023668656581,-0.4437652499834763,1.3221564166048212
95.0,265.0,129.89193725585938,-0.0395527922550862,2.682214317895727,-4.116956616998964,-3.680096108279756,-1.926459248976936,1.3399016183478236,-0.097083657111385,3.9640236223173626,-0.4437652499836457,1.3221564334747984
95.0,265.0,129.89434814453125,-0.0395527923245884,2.6822143178958737,-4.116956616998964,-3.680096147719264,-1.926459248976936,1.338755526006948,-0.097083657111385,3.964023665828983,-0.4437652499836448,1.322156508769273
95.0,265.0,129.89434814453125,-0.039552792326447,2.682214317891213,-4.116956616998964,-3.6800963353330514,-1.926459248976936,1.3387558021989692,-0.097083657111385,3.964023668568251,-0.4437652499834763,1.322156433437316
95.0,265.0,129.89437866210938,-0.0395527923245884,2.6822143178958693,-4.116956616998964,-3.680096359768831,-1.926459248976936,1.3387442819685529,-0.097083657111385,3.9640236190593545,-0.4437652499836448,1.322156508769273
95.0,265.0,129.89437866210938,-0.0395527923245884,2.6822143178958693,-4.116956616998964,-3.680096359768831,-1.926459248976936,1.3387442819685529,-0.097083657111385,3.9640236190593545,-0.4437652499836448,1.322156508769273
95.0,265.0,129.89437866210938,-0.0395527923245884,2.6822143178958613,-4.116956616998964,-3.680096362091841,-1.926459248976936,1.3387442819685529,-0.097083657111385,3.96402361949752,-0.4437652499836448,1.3221565056936768
95.0,265.0,129.89437866210938,-0.0395527923245884,2.682214317895854,-4.116956616998964,-3.680096359768831,-1.926459248976936,1.3387442819685529,-0.097083657111385,3.964023672884945,-0.4437652499836448,1.322156508769273
95.0,265.0,129.89437866210938,-0.0395527923245884,2.682214317891651,-4.116956616998964,-3.680096362091841,-1.926459248976936,1.3387442819685529,-0.097083657111385,3.96402361949752,-0.4437652499836448,1.3221564161125532
95.0,265.0,129.89437866210938,-0.0395527923245884,2.6822143178958693,-4.116956616998964,-3.680096359768831,-1.926459248976936,1.3387442819685529,-0.097083657111385,3.964023671378088,-0.4437652499836448,1.322156508769273
95.0,265.0,129.8944549560547,-0.0395527923245687,2.682214317895596,-4.116956616998964,-3.680096361423664,-1.926459248976936,1.3386937190824264,-0.097083657111385,3.964023666577092,-0.4437652499836482,1.3221564166685458
95.0,265.0,129.8944549560547,-0.0395527923237101,2.682214317895596,-4.116956616998964,-3.680096359687416,-1.926459248976936,1.3386937190824264,-0.097083657111385,3.96402366657723,-0.4437652499836482,1.3221564166685458
95.0,265.0,129.8944549560547,-0.0395527923245687,2.682214317895607,-4.116956616998964,-3.6800961237656087,-1.926459248976936,1.3386931879491677,-0.097083657111385,3.964023666577092,-0.4437652499836482,1.3221564166685458
95.0,265.0,129.8944549560547,-0.0395527923245687,2.682214317895596,-4.116956616998964,-3.680096361423664,-1.926459248976936,1.3386937190824264,-0.097083657111385,3.964023666577092,-0.4437652499836477,1.322156416772136
95.0,265.0,129.8944549560547,-0.0395527923245695,2.682214317895612,-4.116956616998964,-3.680096360834468,-1.926459248976936,1.3386931879491677,-0.097083657111385,3.964023666577092,-0.4437652499836482,1.3221564166685458
95.0,265.0,129.89451599121094,-0.0395527923245687,2.682214317895607,-4.116956616998964,-3.6800963335513446,-1.926459248976936,1.338661158460535,-0.097083657111385,3.964023666577092,-0.4437652499836482,1.3221564166685458
95.0,265.0,129.89451599121094,-0.0395527923237066,2.682214317895596,-4.116956616998964,-3.680096124310497,-1.926459248976936,1.3386670364748263,-0.097083657111385,3.964023668660896,-0.4437652499836502,1.3221564327605726
95.0,265.0,129.89454650878906,-0.0395527923237066,2.682214317895596,-4.116956616998964,-3.680096124310497,-1.926459248976936,1.3386445612796227,-0.097083657111385,3.964023666708015,-0.4437652499836482,1.3221564166685458
95.0,265.0,129.89454650878906,-0.0395527923237066,2.6822143178956064,-4.116956616998964,-3.680096124310497,-1.926459248976936,1.3386445612796227,-0.097083657111385,3.964023666708015,-0.4437652499836482,1.3221564166685458
95.0,265.0,129.89454650878906,-0.0395527923237066,2.682214317895596,-4.116956616998964,-3.680096359660762,-1.926459248976936,1.3386445612796227,-0.097083657111385,3.964023666571693,-0.4437652499836482,1.3221564166685458
95.0,265.0,129.89454650878906,-0.0395527923245081,2.6822143178916185,-4.116956616998964,-3.6800963779397726,-1.926459248976936,1.3386445612796227,-0.097083657111385,3.9640236667044015,-0.4437652499836482,1.3221564166685458
95.0,265.0,129.89454650878906,-0.0395527923237066,2.682214317895596,-4.116956616998964,-3.680096124310497,-1.926459248976936,1.3386445612796227,-0.097083657111385,3.964023666708015,-0.4437652499836482,1.3221564166685458
95.0,265.0,129.89454650878906,-0.0395527923244971,2.6822143178956024,-4.116956616998964,-3.6800963353330514,-1.926459248976936,1.3386445612796227,-0.097083657111385,3.964023668568251,-0.4437652499834763,1.3221561870897085
95.0,265.0,129.89454650878906,-0.0395527922550862,2.6822143178914795,-4.116956616998964,-3.680096108279756,-1.926459248976936,1.3386445612796227,-0.097083657111385,3.964023619990271,-0.4437652499836457,1.322156433440167
95.0,265.0,129.89454650878906,-0.0395527923245081,2.6822143178916185,-4.116956616998964,-3.680096377166423,-1.926459248976936,1.3386445612796227,-0.097083657111385,3.9640236667044015,-0.4437652499836482,1.3221564166685458
95.0,265.0,129.89454650878906,-0.0395527923237066,2.682214317895596,-4.116956616998964,-3.6800963621914953,-1.926459248976936,1.3386445612796227,-0.097083657111385,3.964023666708015,-0.4437652499836482,1.3221564166685458
95.0,265.0,129.89454650878906,-0.039552792310556,2.6822143178956,-4.116956616998964,-3.680096123297392,-1.926459248976936,1.3386445612796227,-0.097083657111385,3.964023668568251,-0.4437652499836479,1.3221562181609663
95.0,265.0,129.89454650878906,-0.0395527923237066,2.682214317895596,-4.116956616998964,-3.680096124310497,-1.926459248976936,1.3386445612796227,-0.097083657111385,3.964023666708015,-0.4437652499836482,1.3221564166685458
95.0,265.0,129.89454650878906,-0.0395527922550862,2.6822143178913374,-4.116956616998964,-3.680096108279756,-1.926459248976936,1.3386445612796227,-0.097083657111385,3.9640236223173626,-0.4437652499836457,1.322156433440167
95.0,265.0,129.89454650878906,-0.0395527923235811,2.682214317895596,-4.116956616998964,-3.680096359660762,-1.926459248976936,1.3386445612796227,-0.097083657111385,3.964023666571693,-0.4437652499836482,1.3221564166685458
95.0,265.0,129.89454650878906,-0.0395527923237066,2.6822143178956064,-4.116956616998964,-3.680096125712691,-1.926459248976936,1.3386445612796227,-0.097083657111385,3.964023668520431,-0.4437652499836482,1.3221564166685458
95.0,265.0,129.89454650878906,-0.0395527923245081,2.6822143178916185,-4.116956616998964,-3.6800963779397726,-1.926459248976936,1.3386445612796227,-0.097083657111385,3.9640236667044015,-0.4437652499836482,1.3221564166685458
95.0,265.0,129.89454650878906,-0.0395527923237066,2.6822143178956064,-4.116956616998964,-3.680096124310497,-1.926459248976936,1.3386445612796227,-0.097083657111385,3.964023666708015,-0.4437652499836482,1.3221564166685458
95.0,266.0,129.89170837402344,-0.039552792326447,2.6822143178956024,-4.116956616998964,-3.6800963353330514,-1.926459248976936,1.3401225769674825,-0.097083657111385,3.964023668568251,-0.4437652499834763,1.3221564334719471
95.0,266.0,129.8917694091797,-0.0394602875398281,2.6822143178956024,-4.116956616998964,-3.6800963353330514,-1.926459248976936,1.34001285926717,-0.097083657111385,3.964023666671469,-0.4437652499834614,1.3221564170764195
95.0,266.0,129.8917999267578,-0.0395527923265223,2.6822143178956024,-4.116956616998964,-3.6800963353330514,-1.926459248976936,1.34001285926717,-0.097083657111385,3.964023668568251,-0.4437652499834763,1.3221564334719471
95.0,266.0,129.8917999267578,-0.039552792326447,2.6822143178956024,-4.116956616998964,-3.6800963353330514,-1.926459248976936,1.34001285926717,-0.097083657111385,3.964023668568251,-0.4437652499834763,1.3221564334719471
95.0,266.0,129.8917999267578,-0.0395527923245708,2.6822143178956024,-4.116956616998964,-3.6800963353330514,-1.926459248976936,1.34001285926717,-0.097083657111385,3.964023666671469,-0.4437652499834614,1.3221564334719471
95.0,266.0,129.8917999267578,-0.0395527923332084,2.6822143178956024,-4.116956616998964,-3.6800963353330514,-1.926459248976936,1.34001285926717,-0.097083657111385,3.964023668568251,-0.4437652499834763,1.3221564334719471
95.0,266.0,129.8917999267578,-0.039552792326447,2.682214317895609,-4.116956616998964,-3.680096333269624,-1.926459248976936,1.34001285926717,-0.097083657111385,3.964023668568251,-0.4437652499834763,1.3221564166790047
95.0,266.0,129.8917999267578,-0.039552792326447,2.6822143178955944,-4.116956616998964,-3.680096333269624,-1.926459248976936,1.34001285926717,-0.097083657111385,3.964023668568251,-0.4437652499836532,1.322156416668813
95.0,266.0,129.8917999267578,-0.0395527923236662,2.6822143178956024,-4.116956616998964,-3.6800963353330514,-1.926459248976936,1.34001285926717,-0.097083657111385,3.9640236685725263,-0.4437652499834763,1.3221563917763064
95.0,266.0,129.8917999267578,-0.0395527923332084,2.6822143178956024,-4.116956616998964,-3.680096403932082,-1.926459248976936,1.34001285926717,-0.097083657111385,3.964023668568251,-0.443765249983634,1.3221564334719471
95.0,266.0,129.8917999267578,-0.0395527923245152,2.6822143178956024,-4.116956616998964,-3.6800963353330514,-1.926459248976936,1.34001285926717,-0.097083657111385,3.964023668568251,-0.4437652499834763,1.322156432631492
95.0,266.0,129.8917999267578,-0.0395527923264606,2.682214317895609,-4.116956616998964,-3.680096356809805,-1.926459248976936,1.34001285926717,-0.097083657111385,3.964023666752091,-0.4437652499836524,1.3221564166790047
95.0,266.0,129.8917999267578,-0.0395527923265638,2.6822143178956024,-4.116956616998964,-3.6800963353330514,-1.926459248976936,1.34001285926717,-0.097083657111385,3.964023668568251,-0.4437652499836435,1.3221564334719471
95.0,266.0,129.8917999267578,-0.0395527923332084,2.6822143178956024,-4.116956616998964,-3.680096119299224,-1.926459248976936,1.34001285926717,-0.097083657111385,3.964023668568251,-0.443765249983634,1.3221564334719471
95.0,266.0,129.8917999267578,-0.0395527923332084,2.6822143178956024,-4.116956616998964,-3.680096358235768,-1.926459248976936,1.34001285926717,-0.097083657111385,3.964023668568251,-0.4437652499834763,1.3221564334719471
95.0,266.0,129.8917999267578,-0.0395527923236417,2.682214317895609,-4.116956616998964,-3.680096333269624,-1.926459248976936,1.34001285926717,-0.097083657111385,3.964023668568172,-0.4437652499834763,1.3221563917070842
95.0,266.0,129.8917999267578,-0.0395527923245152,2.6822143178956024,-4.116956616998964,-3.680096335401639,-1.926459248976936,1.34001285926717,-0.097083657111385,3.964023668568251,-0.4437652499834763,1.322156432631492
95.0,266.0,129.8917999267578,-0.0395527923263516,2.6822143178956064,-4.116956616998964,-3.680096127860321,-1.926459248976936,1.3400230874825811,-0.097083657111385,3.964023666708015,-0.4437652499836482,1.3221564156022017
95.0,266.0,129.8917999267578,-0.0395527923265638,2.6822143178956024,-4.116956616998964,-3.6800963353330514,-1.926459248976936,1.34001285926717,-0.097083657111385,3.964023668568251,-0.4437652499836473,1.3221564334719471
95.0,266.0,129.8917999267578,-0.0395527923245152,2.6822143178956024,-4.116956616998964,-3.680096335401639,-1.926459248976936,1.34001285926717,-0.097083657111385,3.964023668104088,-0.4437652499834763,1.322156432631492
95.0,266.0,129.8917999267578,-0.0395527923332084,2.6822143178956024,-4.116956616998964,-3.6800963353330514,-1.926459248976936,1.34001285926717,-0.097083657111385,3.964023668568251,-0.4437652499834763,1.3221564334719471
95.0,266.0,129.8917999267578,-0.0395527923332084,2.6822143178956024,-4.116956616998964,-3.680096403932082,-1.926459248976936,1.34001285926717,-0.097083657111385,3.964023668568251,-0.4437652499836482,1.3221564172978113
95.0,266.0,129.8917999267578,-0.0395527923264606,2.682214317895609,-4.116956616998964,-3.6800963353329768,-1.926459248976936,1.34001285926717,-0.097083657111385,3.964023666752091,-0.4437652499836524,1.3221564323813308
95.0,266.0,129.89181518554688,-0.039552792256328,2.682214317895604,-4.116956616998964,-3.6800963353330514,-1.926459248976936,1.3400109317608269,-0.097083657111385,3.964023663191521,-0.4437652499834614,1.3221564334719471
95.0,266.0,129.89183044433594,-0.039552792326447,2.6822143178956024,-4.116956616998964,-3.68009633631893,-1.926459248976936,1.3400077338132566,-0.097083657111385,3.964023668568251,-0.4437652499834752,1.322156433352254
95.0,266.0,129.89183044433594,-0.039552792326447,2.6822143178956024,-4.116956616998964,-3.680096335329508,-1.926459248976936,1.3400077338132566,-0.097083657111385,3.964023668568251,-0.4437652499834752,1.3221564334832978
95.0,266.0,129.89187622070312,-0.0395527923236662,2.6822143178956024,-4.116956616998964,-3.6800963353330514,-1.926459248976936,1.3399451202338606,-0.097083657111385,3.964023668656581,-0.4437652499834763,1.3221564166048212
95.0,266.0,129.89193725585938,-0.0395527922550862,2.682214317895727,-4.116956616998964,-3.680096108279756,-1.926459248976936,1.3399016183478236,-0.097083657111385,3.9640236223173626,-0.4437652499836457,1.3221564334747984
95.0,266.0,129.89193725585938,-0.0395527922550862,2.682214317895727,-4.116956616998964,-3.680096337586401,-1.926459248976936,1.3399032222287086,-0.097083657111385,3.9640236223173626,-0.4437652499836457,1.3221564334747984
95.0,266.0,129.89193725585938,-0.039552792323329,2.682214317895726,-4.116956616998964,-3.680096108279756,-1.926459248976936,1.339903545854167,-0.097083657111385,3.964023625797312,-0.4437652499836457,1.3221564334747984
95.0,266.0,129.89434814453125,-0.0395527923245884,2.6822143178958737,-4.116956616998964,-3.680096147719264,-1.926459248976936,1.338755526006948,-0.097083657111385,3.964023665828983,-0.4437652499836448,1.322156508769273
95.0,266.0,129.89434814453125,-0.039552792326447,2.682214317891213,-4.116956616998964,-3.6800963353330514,-1.926459248976936,1.3387558021989692,-0.097083657111385,3.964023668568251,-0.4437652499834763,1.322156433437316
95.0,266.0,129.89434814453125,-0.0395527923263289,2.6822143178958737,-4.116956616998964,-3.680096147719264,-1.926459248976936,1.338755526006948,-0.097083657111385,3.96402366580474,-0.4437652499836448,1.3221564140558826
95.0,266.0,129.89437866210938,-0.0395527923245884,2.6822143178958693,-4.116956616998964,-3.680096359768831,-1.926459248976936,1.3387442819685529,-0.097083657111385,3.9640236190593545,-0.4437652499836448,1.322156508769273
95.0,266.0,129.89437866210938,-0.0395527923245884,2.6822143178958693,-4.116956616998964,-3.680096359768831,-1.926459248976936,1.3387442819685529,-0.097083657111385,3.9640236190593545,-0.4437652499836448,1.322156508769273
95.0,266.0,129.89437866210938,-0.0395527923245884,2.6822143178958613,-4.116956616998964,-3.680096362091841,-1.926459248976936,1.3387442819685529,-0.097083657111385,3.96402361949752,-0.4437652499836448,1.3221565056936768
95.0,266.0,129.89437866210938,-0.0395527923245884,2.682214317895854,-4.116956616998964,-3.680096359768831,-1.926459248976936,1.3387442819685529,-0.097083657111385,3.964023672884945,-0.4437652499836448,1.322156508769273
95.0,266.0,129.89437866210938,-0.0395527923245884,2.682214317891651,-4.116956616998964,-3.680096362091841,-1.926459248976936,1.3387442819685529,-0.097083657111385,3.96402361949752,-0.4437652499836448,1.3221564161125532
95.0,266.0,129.89437866210938,-0.0395527923245884,2.6822143178958693,-4.116956616998964,-3.680096359768831,-1.926459248976936,1.3387442819685529,-0.097083657111385,3.964023671378088,-0.4437652499836448,1.322156508769273
95.0,266.0,129.89437866210938,-0.0395527923245884,2.682214317891648,-4.116956616998964,-3.680096354615871,-1.926459248976936,1.3387442819685529,-0.097083657111385,3.964023616595248,-0.4437652499836453,1.3221564172594518
95.0,266.0,129.89437866210938,-0.0395527923245884,2.6822143178958693,-4.116956616998964,-3.680096359768831,-1.926459248976936,1.3387442819685529,-0.097083657111385,3.964023671842251,-0.4437652499836448,1.322156508769273
95.0,266.0,129.8944549560547,-0.0395527923245687,2.682214317895596,-4.116956616998964,-3.680096361423664,-1.926459248976936,1.3386937190824264,-0.097083657111385,3.964023666577092,-0.4437652499836482,1.3221564166685458
95.0,266.0,129.8944549560547,-0.0395527923237101,2.682214317895596,-4.116956616998964,-3.680096359687416,-1.926459248976936,1.3386937190824264,-0.097083657111385,3.96402366657723,-0.4437652499836482,1.3221564166685458
95.0,266.0,129.8944549560547,-0.0395527923245687,2.682214317895607,-4.116956616998964,-3.6800961237656087,-1.926459248976936,1.3386931879491677,-0.097083657111385,3.964023666577092,-0.4437652499836482,1.3221564166685458
95.0,266.0,129.8944549560547,-0.0395527923245687,2.682214317895596,-4.116956616998964,-3.680096361423664,-1.926459248976936,1.3386937190824264,-0.097083657111385,3.964023666577092,-0.4437652499836477,1.322156416772136
95.0,266.0,129.8944549560547,-0.0395527923245695,2.682214317895612,-4.116956616998964,-3.680096360834468,-1.926459248976936,1.3386931879491677,-0.097083657111385,3.964023666577092,-0.4437652499836482,1.3221564166685458
95.0,266.0,129.8944549560547,-0.0395527923245687,2.682214317895607,-4.116956616998964,-3.6800961237656087,-1.926459248976936,1.3386931879491677,-0.097083657111385,3.964023666577092,-0.4437652499836482,1.3221564166685458
95.0,266.0,129.8944549560547,-0.0395527923245687,2.682214317895854,-4.116956616998964,-3.680096361423664,-1.926459248976936,1.3386937190824264,-0.097083657111385,3.964023618541392,-0.4437652499836477,1.3221565071932462
95.0,266.0,129.89451599121094,-0.0395527923245687,2.682214317895607,-4.116956616998964,-3.6800963335513446,-1.926459248976936,1.338661158460535,-0.097083657111385,3.964023666577092,-0.4437652499836482,1.3221564166685458
95.0,266.0,129.89451599121094,-0.0395527923237066,2.682214317895596,-4.116956616998964,-3.680096124310497,-1.926459248976936,1.3386670364748263,-0.097083657111385,3.964023668660896,-0.4437652499836502,1.3221564327605726
95.0,267.0,129.89170837402344,-0.039552792326447,2.6822143178956024,-4.116956616998964,-3.6800963353330514,-1.926459248976936,1.3401225769674825,-0.097083657111385,3.964023668568251,-0.4437652499834763,1.3221564334719471
95.0,267.0,129.8917694091797,-0.0394602875398281,2.6822143178956024,-4.116956616998964,-3.6800963353330514,-1.926459248976936,1.34001285926717,-0.097083657111385,3.964023666671469,-0.4437652499834614,1.3221564170764195
95.0,267.0,129.89178466796875,-0.039552792324528,2.682214317895854,-4.116956616998964,-3.680096359768831,-1.926459248976936,1.3400459489072103,-0.097083657111385,3.9640236730388776,-0.4437652499836448,1.322156508769273
95.0,267.0,129.8917999267578,-0.0395527923265223,2.6822143178956024,-4.116956616998964,-3.6800963353330514,-1.926459248976936,1.34001285926717,-0.097083657111385,3.964023668568251,-0.4437652499834763,1.3221564334719471
95.0,267.0,129.8917999267578,-0.039552792326447,2.6822143178956024,-4.116956616998964,-3.6800963353330514,-1.926459248976936,1.34001285926717,-0.097083657111385,3.964023668568251,-0.4437652499834763,1.3221564334719471
95.0,267.0,129.8917999267578,-0.0395527923245708,2.6822143178956024,-4.116956616998964,-3.6800963353330514,-1.926459248976936,1.34001285926717,-0.097083657111385,3.964023666671469,-0.4437652499834614,1.3221564334719471
95.0,267.0,129.8917999267578,-0.0395527923332084,2.6822143178956024,-4.116956616998964,-3.6800963353330514,-1.926459248976936,1.34001285926717,-0.097083657111385,3.964023668568251,-0.4437652499834763,1.3221564334719471
95.0,267.0,129.8917999267578,-0.039552792326447,2.682214317895609,-4.116956616998964,-3.680096333269624,-1.926459248976936,1.34001285926717,-0.097083657111385,3.964023668568251,-0.4437652499834763,1.3221564166790047
95.0,267.0,129.8917999267578,-0.039552792326447,2.6822143178955944,-4.116956616998964,-3.680096333269624,-1.926459248976936,1.34001285926717,-0.097083657111385,3.964023668568251,-0.4437652499836532,1.322156416668813
95.0,267.0,129.8917999267578,-0.0395527923236662,2.6822143178956024,-4.116956616998964,-3.6800963353330514,-1.926459248976936,1.34001285926717,-0.097083657111385,3.9640236685725263,-0.4437652499834763,1.3221563917763064
95.0,267.0,129.8917999267578,-0.0395527923332084,2.6822143178956024,-4.116956616998964,-3.680096403932082,-1.926459248976936,1.34001285926717,-0.097083657111385,3.964023668568251,-0.443765249983634,1.3221564334719471
95.0,267.0,129.8917999267578,-0.0395527923245152,2.6822143178956024,-4.116956616998964,-3.6800963353330514,-1.926459248976936,1.34001285926717,-0.097083657111385,3.964023668568251,-0.4437652499834763,1.322156432631492
95.0,267.0,129.8917999267578,-0.0395527923264606,2.682214317895609,-4.116956616998964,-3.680096356809805,-1.926459248976936,1.34001285926717,-0.097083657111385,3.964023666752091,-0.4437652499836524,1.3221564166790047
95.0,267.0,129.8917999267578,-0.0395527923265638,2.6822143178956024,-4.116956616998964,-3.6800963353330514,-1.926459248976936,1.34001285926717,-0.097083657111385,3.964023668568251,-0.4437652499836435,1.3221564334719471
95.0,267.0,129.8917999267578,-0.0395527923332084,2.6822143178956024,-4.116956616998964,-3.680096119299224,-1.926459248976936,1.34001285926717,-0.097083657111385,3.964023668568251,-0.443765249983634,1.3221564334719471
95.0,267.0,129.8917999267578,-0.0395527923332084,2.6822143178956024,-4.116956616998964,-3.680096358235768,-1.926459248976936,1.34001285926717,-0.097083657111385,3.964023668568251,-0.4437652499834763,1.3221564334719471
95.0,267.0,129.8917999267578,-0.0395527923236417,2.682214317895609,-4.116956616998964,-3.680096333269624,-1.926459248976936,1.34001285926717,-0.097083657111385,3.964023668568172,-0.4437652499834763,1.3221563917070842
95.0,267.0,129.8917999267578,-0.0395527923245152,2.6822143178956024,-4.116956616998964,-3.680096335401639,-1.926459248976936,1.34001285926717,-0.097083657111385,3.964023668568251,-0.4437652499834763,1.322156432631492
95.0,267.0,129.8917999267578,-0.0395527923263516,2.6822143178956064,-4.116956616998964,-3.680096127860321,-1.926459248976936,1.3400230874825811,-0.097083657111385,3.964023666708015,-0.4437652499836482,1.3221564156022017
95.0,267.0,129.8917999267578,-0.0395527923265638,2.6822143178956024,-4.116956616998964,-3.6800963353330514,-1.926459248976936,1.34001285926717,-0.097083657111385,3.964023668568251,-0.4437652499836473,1.3221564334719471
95.0,267.0,129.8917999267578,-0.0395527923245152,2.6822143178956024,-4.116956616998964,-3.680096335401639,-1.926459248976936,1.34001285926717,-0.097083657111385,3.964023668104088,-0.4437652499834763,1.322156432631492
95.0,267.0,129.8917999267578,-0.0395527923332084,2.6822143178956024,-4.116956616998964,-3.6800963353330514,-1.926459248976936,1.34001285926717,-0.097083657111385,3.964023668568251,-0.4437652499834763,1.3221564334719471
95.0,267.0,129.8917999267578,-0.0395527923332084,2.6822143178956024,-4.116956616998964,-3.680096403932082,-1.926459248976936,1.34001285926717,-0.097083657111385,3.964023668568251,-0.4437652499836482,1.3221564172978113
95.0,267.0,129.8917999267578,-0.0395527923264606,2.682214317895609,-4.116956616998964,-3.6800963353329768,-1.926459248976936,1.34001285926717,-0.097083657111385,3.964023666752091,-0.4437652499836524,1.3221564323813308
95.0,267.0,129.8917999267578,-0.0395527923332084,2.6822143178956024,-4.116956616998964,-3.680096335405105,-1.926459248976936,1.34001285926717,-0.097083657111385,3.964023668096159,-0.4437652499834763,1.3221564334719471
95.0,267.0,129.8917999267578,-0.0395527923265706,2.6822143178956024,-4.116956616998964,-3.6800963353330514,-1.926459248976936,1.34001285926717,-0.097083657111385,3.964023668568251,-0.4437652499836421,1.3221564173191571
95.0,267.0,129.8917999267578,-0.0395527923334087,2.6822143178956024,-4.116956616998964,-3.6800963366138695,-1.926459248976936,1.34001285926717,-0.097083657111385,3.964023668568251,-0.4437652499836435,1.3221564334719471
95.0,267.0,129.8917999267578,-0.0395527923332516,2.6822143178956024,-4.116956616998964,-3.680096119299224,-1.926459248976936,1.34001285926717,-0.097083657111385,3.964023668568251,-0.443765249983634,1.3221564334719471
95.0,267.0,129.8917999267578,-0.0395527923332084,2.6822143178956024,-4.116956616998964,-3.680096358526853,-1.926459248976936,1.34001285926717,-0.097083657111385,3.964023668568251,-0.4437652499834763,1.3221564334719471
95.0,267.0,129.8917999267578,-0.0395527923332084,2.6822143178956024,-4.116956616998964,-3.680096358235768,-1.926459248976936,1.34001285926717,-0.097083657111385,3.964023668568251,-0.4437652499834763,1.3221564334719471
95.0,267.0,129.8917999267578,-0.0395527923262288,2.6822143178956024,-4.116956616998964,-3.680096403932082,-1.926459248976936,1.34001285926717,-0.097083657111385,3.964023668568251,-0.443765249983634,1.322156432703376
95.0,267.0,129.89181518554688,-0.039552792256328,2.682214317895604,-4.116956616998964,-3.6800963353330514,-1.926459248976936,1.3400109317608269,-0.097083657111385,3.964023663191521,-0.4437652499834614,1.3221564334719471
95.0,267.0,129.89183044433594,-0.039552792326447,2.6822143178956024,-4.116956616998964,-3.68009633631893,-1.926459248976936,1.3400077338132566,-0.097083657111385,3.964023668568251,-0.4437652499834752,1.322156433352254
95.0,267.0,129.89183044433594,-0.039552792326447,2.6822143178956024,-4.116956616998964,-3.680096335329508,-1.926459248976936,1.3400077338132566,-0.097083657111385,3.964023668568251,-0.4437652499834752,1.3221564334832978
95.0,267.0,129.89183044433594,-0.039552792326447,2.6822143178956024,-4.116956616998964,-3.680096335329508,-1.926459248976936,1.3400077338132566,-0.097083657111385,3.964023668568251,-0.4437652499834752,1.3221564333526648
95.0,267.0,129.89187622070312,-0.0395527923236662,2.6822143178956024,-4.116956616998964,-3.6800963353330514,-1.926459248976936,1.3399451202338606,-0.097083657111385,3.964023668656581,-0.4437652499834763,1.3221564166048212
95.0,267.0,129.89187622070312,-0.0395527923328363,2.6822143178956024,-4.116956616998964,-3.6800963353330514,-1.926459248976936,1.3399451202338606,-0.097083657111385,3.964023668656581,-0.4437652499834763,1.3221564166048212
95.0,267.0,129.89187622070312,-0.039552792256218,2.6822143178956024,-4.116956616998964,-3.6800963353330514,-1.926459248976936,1.3399451202338606,-0.097083657111385,3.964023668656581,-0.4437652499834615,1.3221564324984318
95.0,267.0,129.89193725585938,-0.0395527922550862,2.682214317895727,-4.116956616998964,-3.680096108279756,-1.926459248976936,1.3399016183478236,-0.097083657111385,3.9640236223173626,-0.4437652499836457,1.3221564334747984
95.0,267.0,129.89193725585938,-0.0395527922550862,2.682214317895727,-4.116956616998964,-3.680096337586401,-1.926459248976936,1.3399032222287086,-0.097083657111385,3.9640236223173626,-0.4437652499836457,1.3221564334747984
95.0,267.0,129.89193725585938,-0.039552792323329,2.682214317895726,-4.116956616998964,-3.680096108279756,-1.926459248976936,1.339903545854167,-0.097083657111385,3.964023625797312,-0.4437652499836457,1.3221564334747984
95.0,267.0,129.89434814453125,-0.0395527923245884,2.6822143178958737,-4.116956616998964,-3.680096147719264,-1.926459248976936,1.338755526006948,-0.097083657111385,3.964023665828983,-0.4437652499836448,1.322156508769273
95.0,267.0,129.89434814453125,-0.039552792326447,2.682214317891213,-4.116956616998964,-3.6800963353330514,-1.926459248976936,1.3387558021989692,-0.097083657111385,3.964023668568251,-0.4437652499834763,1.322156433437316
95.0,267.0,129.89434814453125,-0.0395527923263289,2.6822143178958737,-4.116956616998964,-3.680096147719264,-1.926459248976936,1.338755526006948,-0.097083657111385,3.96402366580474,-0.4437652499836448,1.3221564140558826
95.0,267.0,129.89437866210938,-0.0395527923245884,2.6822143178958693,-4.116956616998964,-3.680096359768831,-1.926459248976936,1.3387442819685529,-0.097083657111385,3.9640236190593545,-0.4437652499836448,1.322156508769273
95.0,267.0,129.89437866210938,-0.0395527923245884,2.6822143178958693,-4.116956616998964,-3.680096359768831,-1.926459248976936,1.3387442819685529,-0.097083657111385,3.9640236190593545,-0.4437652499836448,1.322156508769273
95.0,267.0,129.89437866210938,-0.0395527923245884,2.6822143178958613,-4.116956616998964,-3.680096362091841,-1.926459248976936,1.3387442819685529,-0.097083657111385,3.96402361949752,-0.4437652499836448,1.3221565056936768
95.0,267.0,129.89437866210938,-0.0395527923245884,2.682214317895854,-4.116956616998964,-3.680096359768831,-1.926459248976936,1.3387442819685529,-0.097083657111385,3.964023672884945,-0.4437652499836448,1.322156508769273
95.0,267.0,129.89437866210938,-0.0395527923245884,2.682214317891651,-4.116956616998964,-3.680096362091841,-1.926459248976936,1.3387442819685529,-0.097083657111385,3.96402361949752,-0.4437652499836448,1.3221564161125532
95.0,267.0,129.89437866210938,-0.0395527923245884,2.6822143178958693,-4.116956616998964,-3.680096359768831,-1.926459248976936,1.3387442819685529,-0.097083657111385,3.964023671378088,-0.4437652499836448,1.322156508769273
95.0,268.0,129.89170837402344,-0.039552792326447,2.6822143178956024,-4.116956616998964,-3.6800963353330514,-1.926459248976936,1.3401225769674825,-0.097083657111385,3.964023668568251,-0.4437652499834763,1.3221564334719471
95.0,268.0,129.89170837402344,-0.039552792326447,2.6822143178956024,-4.116956616998964,-3.6800963353330514,-1.926459248976936,1.3401225769674825,-0.097083657111385,3.964023668568251,-0.4437652499836312,1.322156432694412
95.0,268.0,129.89170837402344,-0.039552792326447,2.6822143178956024,-4.116956616998964,-3.6800961343309,-1.926459248976936,1.3401225769674825,-0.097083657111385,3.964023668568251,-0.4437652499834763,1.3221564334719471
95.0,268.0,129.8917694091797,-0.0394602875398281,2.6822143178956024,-4.116956616998964,-3.6800963353330514,-1.926459248976936,1.34001285926717,-0.097083657111385,3.964023666671469,-0.4437652499834614,1.3221564170764195
95.0,268.0,129.8917694091797,-0.0394602875398281,2.6822143178956024,-4.116956616998964,-3.6800963353330514,-1.926459248976936,1.34001285926717,-0.097083657111385,3.964023666730128,-0.4437652499834614,1.322156416663948
95.0,268.0,129.8917694091797,-0.0394602875398281,2.6822143178956024,-4.116956616998964,-3.6800963353330514,-1.926459248976936,1.34001285926717,-0.097083657111385,3.964023666671469,-0.4437652499834614,1.3221564170764195
95.0,268.0,129.89178466796875,-0.039552792324528,2.682214317895854,-4.116956616998964,-3.680096359768831,-1.926459248976936,1.3400459489072103,-0.097083657111385,3.9640236730388776,-0.4437652499836448,1.322156508769273
95.0,268.0,129.89178466796875,-0.039552792324615,2.682214317895854,-4.116956616998964,-3.680096359768831,-1.926459248976936,1.3400468091016775,-0.097083657111385,3.9640236730388776,-0.4437652499836448,1.322156508769273
95.0,268.0,129.8917999267578,-0.0395527923265223,2.6822143178956024,-4.116956616998964,-3.6800963353330514,-1.926459248976936,1.34001285926717,-0.097083657111385,3.964023668568251,-0.4437652499834763,1.3221564334719471
95.0,268.0,129.8917999267578,-0.039552792326447,2.6822143178956024,-4.116956616998964,-3.6800963353330514,-1.926459248976936,1.34001285926717,-0.097083657111385,3.964023668568251,-0.4437652499834763,1.3221564334719471
95.0,268.0,129.8917999267578,-0.0395527923245708,2.6822143178956024,-4.116956616998964,-3.6800963353330514,-1.926459248976936,1.34001285926717,-0.097083657111385,3.964023666671469,-0.4437652499834614,1.3221564334719471
95.0,268.0,129.8917999267578,-0.0395527923332084,2.6822143178956024,-4.116956616998964,-3.6800963353330514,-1.926459248976936,1.34001285926717,-0.097083657111385,3.964023668568251,-0.4437652499834763,1.3221564334719471
95.0,268.0,129.8917999267578,-0.039552792326447,2.682214317895609,-4.116956616998964,-3.680096333269624,-1.926459248976936,1.34001285926717,-0.097083657111385,3.964023668568251,-0.4437652499834763,1.3221564166790047
95.0,268.0,129.8917999267578,-0.039552792326447,2.6822143178955944,-4.116956616998964,-3.680096333269624,-1.926459248976936,1.34001285926717,-0.097083657111385,3.964023668568251,-0.4437652499836532,1.322156416668813
95.0,268.0,129.8917999267578,-0.0395527923236662,2.6822143178956024,-4.116956616998964,-3.6800963353330514,-1.926459248976936,1.34001285926717,-0.097083657111385,3.9640236685725263,-0.4437652499834763,1.3221563917763064
95.0,268.0,129.8917999267578,-0.0395527923332084,2.6822143178956024,-4.116956616998964,-3.680096403932082,-1.926459248976936,1.34001285926717,-0.097083657111385,3.964023668568251,-0.443765249983634,1.3221564334719471
95.0,268.0,129.8917999267578,-0.0395527923245152,2.6822143178956024,-4.116956616998964,-3.6800963353330514,-1.926459248976936,1.34001285926717,-0.097083657111385,3.964023668568251,-0.4437652499834763,1.322156432631492
95.0,268.0,129.8917999267578,-0.0395527923264606,2.682214317895609,-4.116956616998964,-3.680096356809805,-1.926459248976936,1.34001285926717,-0.097083657111385,3.964023666752091,-0.4437652499836524,1.3221564166790047
95.0,268.0,129.8917999267578,-0.0395527923265638,2.6822143178956024,-4.116956616998964,-3.6800963353330514,-1.926459248976936,1.34001285926717,-0.097083657111385,3.964023668568251,-0.4437652499836435,1.3221564334719471
95.0,268.0,129.8917999267578,-0.0395527923332084,2.6822143178956024,-4.116956616998964,-3.680096119299224,-1.926459248976936,1.34001285926717,-0.097083657111385,3.964023668568251,-0.443765249983634,1.3221564334719471
95.0,268.0,129.8917999267578,-0.0395527923332084,2.6822143178956024,-4.116956616998964,-3.680096358235768,-1.926459248976936,1.34001285926717,-0.097083657111385,3.964023668568251,-0.4437652499834763,1.3221564334719471
95.0,268.0,129.8917999267578,-0.0395527923236417,2.682214317895609,-4.116956616998964,-3.680096333269624,-1.926459248976936,1.34001285926717,-0.097083657111385,3.964023668568172,-0.4437652499834763,1.3221563917070842
95.0,268.0,129.8917999267578,-0.0395527923245152,2.6822143178956024,-4.116956616998964,-3.680096335401639,-1.926459248976936,1.34001285926717,-0.097083657111385,3.964023668568251,-0.4437652499834763,1.322156432631492
95.0,268.0,129.8917999267578,-0.0395527923263516,2.6822143178956064,-4.116956616998964,-3.680096127860321,-1.926459248976936,1.3400230874825811,-0.097083657111385,3.964023666708015,-0.4437652499836482,1.3221564156022017
95.0,268.0,129.8917999267578,-0.0395527923265638,2.6822143178956024,-4.116956616998964,-3.6800963353330514,-1.926459248976936,1.34001285926717,-0.097083657111385,3.964023668568251,-0.4437652499836473,1.3221564334719471
95.0,268.0,129.8917999267578,-0.0395527923245152,2.6822143178956024,-4.116956616998964,-3.680096335401639,-1.926459248976936,1.34001285926717,-0.097083657111385,3.964023668104088,-0.4437652499834763,1.322156432631492
95.0,268.0,129.8917999267578,-0.0395527923332084,2.6822143178956024,-4.116956616998964,-3.6800963353330514,-1.926459248976936,1.34001285926717,-0.097083657111385,3.964023668568251,-0.4437652499834763,1.3221564334719471
95.0,268.0,129.8917999267578,-0.0395527923332084,2.6822143178956024,-4.116956616998964,-3.680096403932082,-1.926459248976936,1.34001285926717,-0.097083657111385,3.964023668568251,-0.4437652499836482,1.3221564172978113
95.0,268.0,129.8917999267578,-0.0395527923264606,2.682214317895609,-4.116956616998964,-3.6800963353329768,-1.926459248976936,1.34001285926717,-0.097083657111385,3.964023666752091,-0.4437652499836524,1.3221564323813308
95.0,268.0,129.8917999267578,-0.0395527923332084,2.6822143178956024,-4.116956616998964,-3.680096335405105,-1.926459248976936,1.34001285926717,-0.097083657111385,3.964023668096159,-0.4437652499834763,1.3221564334719471
95.0,268.0,129.8917999267578,-0.0395527923265706,2.6822143178956024,-4.116956616998964,-3.6800963353330514,-1.926459248976936,1.34001285926717,-0.097083657111385,3.964023668568251,-0.4437652499836421,1.3221564173191571
95.0,268.0,129.8917999267578,-0.0395527923334087,2.6822143178956024,-4.116956616998964,-3.6800963366138695,-1.926459248976936,1.34001285926717,-0.097083657111385,3.964023668568251,-0.4437652499836435,1.3221564334719471
95.0,268.0,129.8917999267578,-0.0395527923332516,2.6822143178956024,-4.116956616998964,-3.680096119299224,-1.926459248976936,1.34001285926717,-0.097083657111385,3.964023668568251,-0.443765249983634,1.3221564334719471
95.0,268.0,129.8917999267578,-0.0395527923332084,2.6822143178956024,-4.116956616998964,-3.680096358526853,-1.926459248976936,1.34001285926717,-0.097083657111385,3.964023668568251,-0.4437652499834763,1.3221564334719471
95.0,268.0,129.8917999267578,-0.0395527923332084,2.6822143178956024,-4.116956616998964,-3.680096358235768,-1.926459248976936,1.34001285926717,-0.097083657111385,3.964023668568251,-0.4437652499834763,1.3221564334719471
95.0,268.0,129.8917999267578,-0.0395527923262288,2.6822143178956024,-4.116956616998964,-3.680096403932082,-1.926459248976936,1.34001285926717,-0.097083657111385,3.964023668568251,-0.443765249983634,1.322156432703376
95.0,268.0,129.8917999267578,-0.0395527923332516,2.6822143178956024,-4.116956616998964,-3.680096320301376,-1.926459248976936,1.34001285926717,-0.097083657111385,3.964023668568251,-0.443765249983634,1.3221564334719471
95.0,268.0,129.8917999267578,-0.0395527923332084,2.6822143178956024,-4.116956616998964,-3.680096119299224,-1.926459248976936,1.34001285926717,-0.097083657111385,3.964023668568251,-0.443765249983634,1.3221564334719471
95.0,268.0,129.8917999267578,-0.0395527923332113,2.6822143178956024,-4.116956616998964,-3.6800963370264457,-1.926459248976936,1.34001285926717,-0.097083657111385,3.964023668568251,-0.4437652499836435,1.3221564334719471
95.0,268.0,129.8917999267578,-0.0395527923264836,2.6822143178956024,-4.116956616998964,-3.6800963353330514,-1.926459248976936,1.3400119990727029,-0.097083657111385,3.964023668568251,-0.4437652499836421,1.3221564173191571
95.0,268.0,129.8917999267578,-0.0395527923332084,2.6822143178956024,-4.116956616998964,-3.6800963353330514,-1.926459248976936,1.34001285926717,-0.097083657111385,3.964023668568251,-0.4437652499836482,1.3221564166718198
95.0,268.0,129.8917999267578,-0.0395527923331112,2.6822143178956024,-4.116956616998964,-3.680096142309214,-1.926459248976936,1.34001285926717,-0.097083657111385,3.964023668474152,-0.4437652499834728,1.3221564151945853
95.0,268.0,129.8917999267578,-0.0395527923236417,2.682214317895609,-4.116956616998964,-3.680096333269624,-1.926459248976936,1.34001285926717,-0.097083657111385,3.964023668568164,-0.4437652499834763,1.322156394415256
95.0,268.0,129.8917999267578,-0.039552792326447,2.6822143178955944,-4.116956616998964,-3.680096333269624,-1.926459248976936,1.34001285926717,-0.097083657111385,3.964023668509592,-0.4437652499836532,1.322156417081284
95.0,268.0,129.8917999267578,-0.0395527923265223,2.6822143178956024,-4.116956616998964,-3.6800963353330514,-1.926459248976936,1.34001285926717,-0.097083657111385,3.964023668568251,-0.443765249983632,1.3221564334719471
95.0,268.0,129.8917999267578,-0.0395527923264469,2.6822143178956024,-4.116956616998964,-3.680096403932082,-1.926459248976936,1.34001285926717,-0.097083657111385,3.964023668568251,-0.4437652499836482,1.3221564333205609
95.0,268.0,129.8917999267578,-0.0395527923332084,2.6822143178956024,-4.116956616998964,-3.680096335434703,-1.926459248976936,1.34001285926717,-0.097083657111385,3.964023668077044,-0.4437652499834763,1.3221564334719471
95.0,268.0,129.8917999267578,-0.0395527923262288,2.6822143178956024,-4.116956616998964,-3.680096403932082,-1.926459248976936,1.34001285926717,-0.097083657111385,3.964023668568251,-0.4437652499834791,1.3221564334809113
95.0,268.0,129.8917999267578,-0.039552792326447,2.6822143178955944,-4.116956616998964,-3.680096333269624,-1.926459248976936,1.34001285926717,-0.097083657111385,3.964023668568251,-0.4437652499834812,1.3221564334689404
95.0,268.0,129.8917999267578,-0.0395527923332516,2.6822143178956024,-4.116956616998964,-3.680096119299224,-1.926459248976936,1.34001285926717,-0.097083657111385,3.964023668568251,-0.443765249983634,1.3221564334719471
95.0,269.0,129.89170837402344,-0.039552792326447,2.6822143178956024,-4.116956616998964,-3.6800963353330514,-1.926459248976936,1.3401225769674825,-0.097083657111385,3.964023668568251,-0.4437652499834763,1.3221564334719471
95.0,269.0,129.89170837402344,-0.039552792326447,2.6822143178956024,-4.116956616998964,-3.6800963353330514,-1.926459248976936,1.3401225769674825,-0.097083657111385,3.964023668568251,-0.4437652499836312,1.322156432694412
95.0,269.0,129.89170837402344,-0.039552792326447,2.6822143178956024,-4.116956616998964,-3.6800961343309,-1.926459248976936,1.3401225769674825,-0.097083657111385,3.964023668568251,-0.4437652499834763,1.3221564334719471
95.0,269.0,129.89170837402344,-0.0395527923326818,2.6822143178956024,-4.116956616998964,-3.680096358526853,-1.926459248976936,1.340136072858129,-0.097083657111385,3.964023668568251,-0.4437652499834763,1.3221564334719471
95.0,269.0,129.89170837402344,-0.0395527923245377,2.6822143178956024,-4.116956616998964,-3.680096335333698,-1.926459248976936,1.3401225769674825,-0.097083657111385,3.964023668568251,-0.4437652499834763,1.3221564334719471
95.0,269.0,129.89170837402344,-0.039552792326447,2.6822143178956024,-4.116956616998964,-3.6800963353330514,-1.926459248976936,1.3401225769674825,-0.097083657111385,3.964023668568251,-0.4437652499836312,1.322156432694412
95.0,269.0,129.89170837402344,-0.0395484802582059,2.6822143178956024,-4.116956616998964,-3.6800963353330514,-1.926459248976936,1.3401240445505505,-0.097083657111385,3.964023666837525,-0.4437652499834764,1.322156416663948
95.0,269.0,129.89170837402344,-0.039552792326447,2.6822143178956024,-4.116956616998964,-3.6800963353330514,-1.926459248976936,1.3401194983690703,-0.097083657111385,3.964023668568251,-0.4437652499834817,1.322156432694412
95.0,269.0,129.8917694091797,-0.0394602875398281,2.6822143178956024,-4.116956616998964,-3.6800963353330514,-1.926459248976936,1.34001285926717,-0.097083657111385,3.964023666671469,-0.4437652499834614,1.3221564170764195
95.0,269.0,129.8917694091797,-0.0394602875398281,2.6822143178956024,-4.116956616998964,-3.6800963353330514,-1.926459248976936,1.34001285926717,-0.097083657111385,3.964023666730128,-0.4437652499834614,1.322156416663948
95.0,269.0,129.8917694091797,-0.0394602875398281,2.6822143178956024,-4.116956616998964,-3.6800963353330514,-1.926459248976936,1.34001285926717,-0.097083657111385,3.964023666671469,-0.4437652499834614,1.3221564170764195
95.0,269.0,129.8917694091797,-0.0394645996080692,2.6822143178956024,-4.116956616998964,-3.6800961343309,-1.926459248976936,1.340011391684102,-0.097083657111385,3.9640236684608543,-0.4437652499834613,1.3221564334719471
95.0,269.0,129.89178466796875,-0.039552792324528,2.682214317895854,-4.116956616998964,-3.680096359768831,-1.926459248976936,1.3400459489072103,-0.097083657111385,3.9640236730388776,-0.4437652499836448,1.322156508769273
95.0,269.0,129.89178466796875,-0.039552792324615,2.682214317895854,-4.116956616998964,-3.680096359768831,-1.926459248976936,1.3400468091016775,-0.097083657111385,3.9640236730388776,-0.4437652499836448,1.322156508769273
95.0,269.0,129.8917999267578,-0.0395527923265223,2.6822143178956024,-4.116956616998964,-3.6800963353330514,-1.926459248976936,1.34001285926717,-0.097083657111385,3.964023668568251,-0.4437652499834763,1.3221564334719471
95.0,269.0,129.8917999267578,-0.039552792326447,2.6822143178956024,-4.116956616998964,-3.6800963353330514,-1.926459248976936,1.34001285926717,-0.097083657111385,3.964023668568251,-0.4437652499834763,1.3221564334719471
95.0,269.0,129.8917999267578,-0.0395527923245708,2.6822143178956024,-4.116956616998964,-3.6800963353330514,-1.926459248976936,1.34001285926717,-0.097083657111385,3.964023666671469,-0.4437652499834614,1.3221564334719471
95.0,269.0,129.8917999267578,-0.0395527923332084,2.6822143178956024,-4.116956616998964,-3.6800963353330514,-1.926459248976936,1.34001285926717,-0.097083657111385,3.964023668568251,-0.4437652499834763,1.3221564334719471
95.0,269.0,129.8917999267578,-0.039552792326447,2.682214317895609,-4.116956616998964,-3.680096333269624,-1.926459248976936,1.34001285926717,-0.097083657111385,3.964023668568251,-0.4437652499834763,1.3221564166790047
95.0,269.0,129.8917999267578,-0.039552792326447,2.6822143178955944,-4.116956616998964,-3.680096333269624,-1.926459248976936,1.34001285926717,-0.097083657111385,3.964023668568251,-0.4437652499836532,1.322156416668813
95.0,269.0,129.8917999267578,-0.0395527923236662,2.6822143178956024,-4.116956616998964,-3.6800963353330514,-1.926459248976936,1.34001285926717,-0.097083657111385,3.9640236685725263,-0.4437652499834763,1.3221563917763064
95.0,269.0,129.8917999267578,-0.0395527923332084,2.6822143178956024,-4.116956616998964,-3.680096403932082,-1.926459248976936,1.34001285926717,-0.097083657111385,3.964023668568251,-0.443765249983634,1.3221564334719471
95.0,269.0,129.8917999267578,-0.0395527923245152,2.6822143178956024,-4.116956616998964,-3.6800963353330514,-1.926459248976936,1.34001285926717,-0.097083657111385,3.964023668568251,-0.4437652499834763,1.322156432631492
95.0,269.0,129.8917999267578,-0.0395527923264606,2.682214317895609,-4.116956616998964,-3.680096356809805,-1.926459248976936,1.34001285926717,-0.097083657111385,3.964023666752091,-0.4437652499836524,1.3221564166790047
95.0,269.0,129.8917999267578,-0.0395527923265638,2.6822143178956024,-4.116956616998964,-3.6800963353330514,-1.926459248976936,1.34001285926717,-0.097083657111385,3.964023668568251,-0.4437652499836435,1.3221564334719471
95.0,269.0,129.8917999267578,-0.0395527923332084,2.6822143178956024,-4.116956616998964,-3.680096119299224,-1.926459248976936,1.34001285926717,-0.097083657111385,3.964023668568251,-0.443765249983634,1.3221564334719471
95.0,269.0,129.8917999267578,-0.0395527923332084,2.6822143178956024,-4.116956616998964,-3.680096358235768,-1.926459248976936,1.34001285926717,-0.097083657111385,3.964023668568251,-0.4437652499834763,1.3221564334719471
95.0,269.0,129.8917999267578,-0.0395527923236417,2.682214317895609,-4.116956616998964,-3.680096333269624,-1.926459248976936,1.34001285926717,-0.097083657111385,3.964023668568172,-0.4437652499834763,1.3221563917070842
95.0,269.0,129.8917999267578,-0.0395527923245152,2.6822143178956024,-4.116956616998964,-3.680096335401639,-1.926459248976936,1.34001285926717,-0.097083657111385,3.964023668568251,-0.4437652499834763,1.322156432631492
95.0,269.0,129.8917999267578,-0.0395527923263516,2.6822143178956064,-4.116956616998964,-3.680096127860321,-1.926459248976936,1.3400230874825811,-0.097083657111385,3.964023666708015,-0.4437652499836482,1.3221564156022017
95.0,269.0,129.8917999267578,-0.0395527923265638,2.6822143178956024,-4.116956616998964,-3.6800963353330514,-1.926459248976936,1.34001285926717,-0.097083657111385,3.964023668568251,-0.4437652499836473,1.3221564334719471
95.0,269.0,129.8917999267578,-0.0395527923245152,2.6822143178956024,-4.116956616998964,-3.680096335401639,-1.926459248976936,1.34001285926717,-0.097083657111385,3.964023668104088,-0.4437652499834763,1.322156432631492
95.0,269.0,129.8917999267578,-0.0395527923332084,2.6822143178956024,-4.116956616998964,-3.6800963353330514,-1.926459248976936,1.34001285926717,-0.097083657111385,3.964023668568251,-0.4437652499834763,1.3221564334719471
95.0,269.0,129.8917999267578,-0.0395527923332084,2.6822143178956024,-4.116956616998964,-3.680096403932082,-1.926459248976936,1.34001285926717,-0.097083657111385,3.964023668568251,-0.4437652499836482,1.3221564172978113
95.0,269.0,129.8917999267578,-0.0395527923264606,2.682214317895609,-4.116956616998964,-3.6800963353329768,-1.926459248976936,1.34001285926717,-0.097083657111385,3.964023666752091,-0.4437652499836524,1.3221564323813308
95.0,269.0,129.8917999267578,-0.0395527923332084,2.6822143178956024,-4.116956616998964,-3.680096335405105,-1.926459248976936,1.34001285926717,-0.097083657111385,3.964023668096159,-0.4437652499834763,1.3221564334719471
95.0,269.0,129.8917999267578,-0.0395527923265706,2.6822143178956024,-4.116956616998964,-3.6800963353330514,-1.926459248976936,1.34001285926717,-0.097083657111385,3.964023668568251,-0.4437652499836421,1.3221564173191571
95.0,269.0,129.8917999267578,-0.0395527923334087,2.6822143178956024,-4.116956616998964,-3.6800963366138695,-1.926459248976936,1.34001285926717,-0.097083657111385,3.964023668568251,-0.4437652499836435,1.3221564334719471
95.0,269.0,129.8917999267578,-0.0395527923332516,2.6822143178956024,-4.116956616998964,-3.680096119299224,-1.926459248976936,1.34001285926717,-0.097083657111385,3.964023668568251,-0.443765249983634,1.3221564334719471
95.0,269.0,129.8917999267578,-0.0395527923332084,2.6822143178956024,-4.116956616998964,-3.680096358526853,-1.926459248976936,1.34001285926717,-0.097083657111385,3.964023668568251,-0.4437652499834763,1.3221564334719471
95.0,269.0,129.8917999267578,-0.0395527923332084,2.6822143178956024,-4.116956616998964,-3.680096358235768,-1.926459248976936,1.34001285926717,-0.097083657111385,3.964023668568251,-0.4437652499834763,1.3221564334719471
95.0,269.0,129.8917999267578,-0.0395527923262288,2.6822143178956024,-4.116956616998964,-3.680096403932082,-1.926459248976936,1.34001285926717,-0.097083657111385,3.964023668568251,-0.443765249983634,1.322156432703376
95.0,269.0,129.8917999267578,-0.0395527923332516,2.6822143178956024,-4.116956616998964,-3.680096320301376,-1.926459248976936,1.34001285926717,-0.097083657111385,3.964023668568251,-0.443765249983634,1.3221564334719471
95.0,269.0,129.8917999267578,-0.0395527923332084,2.6822143178956024,-4.116956616998964,-3.680096119299224,-1.926459248976936,1.34001285926717,-0.097083657111385,3.964023668568251,-0.443765249983634,1.3221564334719471
95.0,269.0,129.8917999267578,-0.0395527923332113,2.6822143178956024,-4.116956616998964,-3.6800963370264457,-1.926459248976936,1.34001285926717,-0.097083657111385,3.964023668568251,-0.4437652499836435,1.3221564334719471
95.0,269.0,129.8917999267578,-0.0395527923264836,2.6822143178956024,-4.116956616998964,-3.6800963353330514,-1.926459248976936,1.3400119990727029,-0.097083657111385,3.964023668568251,-0.4437652499836421,1.3221564173191571
95.0,269.0,129.8917999267578,-0.0395527923332084,2.6822143178956024,-4.116956616998964,-3.6800963353330514,-1.926459248976936,1.34001285926717,-0.097083657111385,3.964023668568251,-0.4437652499836482,1.3221564166718198
95.0,269.0,129.8917999267578,-0.0395527923331112,2.6822143178956024,-4.116956616998964,-3.680096142309214,-1.926459248976936,1.34001285926717,-0.097083657111385,3.964023668474152,-0.4437652499834728,1.3221564151945853
95.0,269.0,129.8917999267578,-0.0395527923236417,2.682214317895609,-4.116956616998964,-3.680096333269624,-1.926459248976936,1.34001285926717,-0.097083657111385,3.964023668568164,-0.4437652499834763,1.322156394415256
95.0,269.0,129.8917999267578,-0.039552792326447,2.6822143178955944,-4.116956616998964,-3.680096333269624,-1.926459248976936,1.34001285926717,-0.097083657111385,3.964023668509592,-0.4437652499836532,1.322156417081284
95.0,270.0,129.8916778564453,-0.0394587628263732,2.6822143178956024,-4.116956616998964,-3.6800963353330514,-1.926459248976936,1.340125913144524,-0.097083657111385,3.964023668597165,-0.4437652499836312,1.322156432694412
95.0,270.0,129.89170837402344,-0.039552792326447,2.6822143178956024,-4.116956616998964,-3.6800963353330514,-1.926459248976936,1.3401225769674825,-0.097083657111385,3.964023668568251,-0.4437652499834763,1.3221564334719471
95.0,270.0,129.89170837402344,-0.039552792326447,2.6822143178956024,-4.116956616998964,-3.6800963353330514,-1.926459248976936,1.3401225769674825,-0.097083657111385,3.964023668568251,-0.4437652499836312,1.322156432694412
95.0,270.0,129.89170837402344,-0.039552792326447,2.6822143178956024,-4.116956616998964,-3.6800961343309,-1.926459248976936,1.3401225769674825,-0.097083657111385,3.964023668568251,-0.4437652499834763,1.3221564334719471
95.0,270.0,129.89170837402344,-0.0395527923326818,2.6822143178956024,-4.116956616998964,-3.680096358526853,-1.926459248976936,1.340136072858129,-0.097083657111385,3.964023668568251,-0.4437652499834763,1.3221564334719471
95.0,270.0,129.89170837402344,-0.0395527923245377,2.6822143178956024,-4.116956616998964,-3.680096335333698,-1.926459248976936,1.3401225769674825,-0.097083657111385,3.964023668568251,-0.4437652499834763,1.3221564334719471
95.0,270.0,129.89170837402344,-0.039552792326447,2.6822143178956024,-4.116956616998964,-3.6800963353330514,-1.926459248976936,1.3401225769674825,-0.097083657111385,3.964023668568251,-0.4437652499836312,1.322156432694412
95.0,270.0,129.89170837402344,-0.0395484802582059,2.6822143178956024,-4.116956616998964,-3.6800963353330514,-1.926459248976936,1.3401240445505505,-0.097083657111385,3.964023666837525,-0.4437652499834764,1.322156416663948
95.0,270.0,129.89170837402344,-0.039552792326447,2.6822143178956024,-4.116956616998964,-3.6800963353330514,-1.926459248976936,1.3401194983690703,-0.097083657111385,3.964023668568251,-0.4437652499834817,1.322156432694412
95.0,270.0,129.89170837402344,-0.039552792326447,2.6822143178956024,-4.116956616998964,-3.6800963353330514,-1.926459248976936,1.3401225769674825,-0.097083657111385,3.964023668568251,-0.4437652499836312,1.322156432694412
95.0,270.0,129.89170837402344,-0.0395527923235092,2.682214317895609,-4.116956616998964,-3.680096333269624,-1.926459248976936,1.3401275818667722,-0.097083657111385,3.964023668568252,-0.4437652499834763,1.322156394415256
95.0,270.0,129.89170837402344,-0.0395527923324563,2.6822143178956024,-4.116956616998964,-3.680096335333698,-1.926459248976936,1.3401225769674825,-0.097083657111385,3.964023668568251,-0.4437652499834763,1.3221564334719471
95.0,270.0,129.89170837402344,-0.039552792326447,2.6822143178956024,-4.116956616998964,-3.6800963353330514,-1.926459248976936,1.3401194983690703,-0.097083657111385,3.964023668568251,-0.4437652499834817,1.322156432694412
95.0,270.0,129.89170837402344,-0.039552792326447,2.6822143178956024,-4.116956616998964,-3.680096335332975,-1.926459248976936,1.3401225769674825,-0.097083657111385,3.964023668568251,-0.4437652499834763,1.3221564334719471
95.0,270.0,129.89170837402344,-0.0395527923236924,2.6822143178956024,-4.116956616998964,-3.680096335333032,-1.926459248976936,1.3401225769674825,-0.097083657111385,3.964023668568251,-0.4437652499834763,1.3221564328928763
95.0,270.0,129.8917694091797,-0.0394602875398281,2.6822143178956024,-4.116956616998964,-3.6800963353330514,-1.926459248976936,1.34001285926717,-0.097083657111385,3.964023666671469,-0.4437652499834614,1.3221564170764195
95.0,270.0,129.8917694091797,-0.0394602875398281,2.6822143178956024,-4.116956616998964,-3.6800963353330514,-1.926459248976936,1.34001285926717,-0.097083657111385,3.964023666730128,-0.4437652499834614,1.322156416663948
95.0,270.0,129.8917694091797,-0.0394602875398281,2.6822143178956024,-4.116956616998964,-3.6800963353330514,-1.926459248976936,1.34001285926717,-0.097083657111385,3.964023666671469,-0.4437652499834614,1.3221564170764195
95.0,270.0,129.8917694091797,-0.0394645996080692,2.6822143178956024,-4.116956616998964,-3.6800961343309,-1.926459248976936,1.340011391684102,-0.097083657111385,3.9640236684608543,-0.4437652499834613,1.3221564334719471
95.0,270.0,129.8917694091797,-0.0394602875398281,2.6822143178956024,-4.116956616998964,-3.6800963353330514,-1.926459248976936,1.34001285926717,-0.097083657111385,3.964023666730128,-0.4437652499834625,1.322156416663948
95.0,270.0,129.89178466796875,-0.039552792324528,2.682214317895854,-4.116956616998964,-3.680096359768831,-1.926459248976936,1.3400459489072103,-0.097083657111385,3.9640236730388776,-0.4437652499836448,1.322156508769273
95.0,270.0,129.89178466796875,-0.039552792324615,2.682214317895854,-4.116956616998964,-3.680096359768831,-1.926459248976936,1.3400468091016775,-0.097083657111385,3.9640236730388776,-0.4437652499836448,1.322156508769273
95.0,270.0,129.8917999267578,-0.0395527923265223,2.6822143178956024,-4.116956616998964,-3.6800963353330514,-1.926459248976936,1.34001285926717,-0.097083657111385,3.964023668568251,-0.4437652499834763,1.3221564334719471
95.0,270.0,129.8917999267578,-0.039552792326447,2.6822143178956024,-4.116956616998964,-3.6800963353330514,-1.926459248976936,1.34001285926717,-0.097083657111385,3.964023668568251,-0.4437652499834763,1.3221564334719471
95.0,270.0,129.8917999267578,-0.0395527923245708,2.6822143178956024,-4.116956616998964,-3.6800963353330514,-1.926459248976936,1.34001285926717,-0.097083657111385,3.964023666671469,-0.4437652499834614,1.3221564334719471
95.0,270.0,129.8917999267578,-0.0395527923332084,2.6822143178956024,-4.116956616998964,-3.6800963353330514,-1.926459248976936,1.34001285926717,-0.097083657111385,3.964023668568251,-0.4437652499834763,1.3221564334719471
95.0,270.0,129.8917999267578,-0.039552792326447,2.682214317895609,-4.116956616998964,-3.680096333269624,-1.926459248976936,1.34001285926717,-0.097083657111385,3.964023668568251,-0.4437652499834763,1.3221564166790047
95.0,270.0,129.8917999267578,-0.039552792326447,2.6822143178955944,-4.116956616998964,-3.680096333269624,-1.926459248976936,1.34001285926717,-0.097083657111385,3.964023668568251,-0.4437652499836532,1.322156416668813
95.0,270.0,129.8917999267578,-0.0395527923236662,2.6822143178956024,-4.116956616998964,-3.6800963353330514,-1.926459248976936,1.34001285926717,-0.097083657111385,3.9640236685725263,-0.4437652499834763,1.3221563917763064
95.0,270.0,129.8917999267578,-0.0395527923332084,2.6822143178956024,-4.116956616998964,-3.680096403932082,-1.926459248976936,1.34001285926717,-0.097083657111385,3.964023668568251,-0.443765249983634,1.3221564334719471
95.0,270.0,129.8917999267578,-0.0395527923245152,2.6822143178956024,-4.116956616998964,-3.6800963353330514,-1.926459248976936,1.34001285926717,-0.097083657111385,3.964023668568251,-0.4437652499834763,1.322156432631492
95.0,270.0,129.8917999267578,-0.0395527923264606,2.682214317895609,-4.116956616998964,-3.680096356809805,-1.926459248976936,1.34001285926717,-0.097083657111385,3.964023666752091,-0.4437652499836524,1.3221564166790047
95.0,270.0,129.8917999267578,-0.0395527923265638,2.6822143178956024,-4.116956616998964,-3.6800963353330514,-1.926459248976936,1.34001285926717,-0.097083657111385,3.964023668568251,-0.4437652499836435,1.3221564334719471
95.0,270.0,129.8917999267578,-0.0395527923332084,2.6822143178956024,-4.116956616998964,-3.680096119299224,-1.926459248976936,1.34001285926717,-0.097083657111385,3.964023668568251,-0.443765249983634,1.3221564334719471
95.0,270.0,129.8917999267578,-0.0395527923332084,2.6822143178956024,-4.116956616998964,-3.680096358235768,-1.926459248976936,1.34001285926717,-0.097083657111385,3.964023668568251,-0.4437652499834763,1.3221564334719471
95.0,270.0,129.8917999267578,-0.0395527923236417,2.682214317895609,-4.116956616998964,-3.680096333269624,-1.926459248976936,1.34001285926717,-0.097083657111385,3.964023668568172,-0.4437652499834763,1.3221563917070842
95.0,270.0,129.8917999267578,-0.0395527923245152,2.6822143178956024,-4.116956616998964,-3.680096335401639,-1.926459248976936,1.34001285926717,-0.097083657111385,3.964023668568251,-0.4437652499834763,1.322156432631492
95.0,270.0,129.8917999267578,-0.0395527923263516,2.6822143178956064,-4.116956616998964,-3.680096127860321,-1.926459248976936,1.3400230874825811,-0.097083657111385,3.964023666708015,-0.4437652499836482,1.3221564156022017
95.0,270.0,129.8917999267578,-0.0395527923265638,2.6822143178956024,-4.116956616998964,-3.6800963353330514,-1.926459248976936,1.34001285926717,-0.097083657111385,3.964023668568251,-0.4437652499836473,1.3221564334719471
95.0,270.0,129.8917999267578,-0.0395527923245152,2.6822143178956024,-4.116956616998964,-3.680096335401639,-1.926459248976936,1.34001285926717,-0.097083657111385,3.964023668104088,-0.4437652499834763,1.322156432631492
95.0,270.0,129.8917999267578,-0.0395527923332084,2.6822143178956024,-4.116956616998964,-3.6800963353330514,-1.926459248976936,1.34001285926717,-0.097083657111385,3.964023668568251,-0.4437652499834763,1.3221564334719471
95.0,270.0,129.8917999267578,-0.0395527923332084,2.6822143178956024,-4.116956616998964,-3.680096403932082,-1.926459248976936,1.34001285926717,-0.097083657111385,3.964023668568251,-0.4437652499836482,1.3221564172978113
95.0,270.0,129.8917999267578,-0.0395527923264606,2.682214317895609,-4.116956616998964,-3.6800963353329768,-1.926459248976936,1.34001285926717,-0.097083657111385,3.964023666752091,-0.4437652499836524,1.3221564323813308
95.0,270.0,129.8917999267578,-0.0395527923332084,2.6822143178956024,-4.116956616998964,-3.680096335405105,-1.926459248976936,1.34001285926717,-0.097083657111385,3.964023668096159,-0.4437652499834763,1.3221564334719471
95.0,270.0,129.8917999267578,-0.0395527923265706,2.6822143178956024,-4.116956616998964,-3.6800963353330514,-1.926459248976936,1.34001285926717,-0.097083657111385,3.964023668568251,-0.4437652499836421,1.3221564173191571
95.0,270.0,129.8917999267578,-0.0395527923334087,2.6822143178956024,-4.116956616998964,-3.6800963366138695,-1.926459248976936,1.34001285926717,-0.097083657111385,3.964023668568251,-0.4437652499836435,1.3221564334719471
95.0,270.0,129.8917999267578,-0.0395527923332516,2.6822143178956024,-4.116956616998964,-3.680096119299224,-1.926459248976936,1.34001285926717,-0.097083657111385,3.964023668568251,-0.443765249983634,1.3221564334719471
95.0,270.0,129.8917999267578,-0.0395527923332084,2.6822143178956024,-4.116956616998964,-3.680096358526853,-1.926459248976936,1.34001285926717,-0.097083657111385,3.964023668568251,-0.4437652499834763,1.3221564334719471
95.0,270.0,129.8917999267578,-0.0395527923332084,2.6822143178956024,-4.116956616998964,-3.680096358235768,-1.926459248976936,1.34001285926717,-0.097083657111385,3.964023668568251,-0.4437652499834763,1.3221564334719471
95.0,270.0,129.8917999267578,-0.0395527923262288,2.6822143178956024,-4.116956616998964,-3.680096403932082,-1.926459248976936,1.34001285926717,-0.097083657111385,3.964023668568251,-0.443765249983634,1.322156432703376
95.0,271.0,129.8916778564453,-0.0394587628263732,2.6822143178956024,-4.116956616998964,-3.6800963353330514,-1.926459248976936,1.340125913144524,-0.097083657111385,3.964023668597165,-0.4437652499836312,1.322156432694412
95.0,271.0,129.8916778564453,-0.0394610548351185,2.6822143178956024,-4.116956616998964,-3.6800963353330514,-1.926459248976936,1.340125913144524,-0.097083657111385,3.964023668569352,-0.4437652499836312,1.322156432694412
95.0,271.0,129.8916778564453,-0.0394602875398281,2.6822143178956024,-4.116956616998964,-3.6800963353330514,-1.926459248976936,1.3401185812135206,-0.097083657111385,3.964023666730128,-0.4437652499834614,1.3221564342351504
95.0,271.0,129.89170837402344,-0.039552792326447,2.6822143178956024,-4.116956616998964,-3.6800963353330514,-1.926459248976936,1.3401225769674825,-0.097083657111385,3.964023668568251,-0.4437652499834763,1.3221564334719471
95.0,271.0,129.89170837402344,-0.039552792326447,2.6822143178956024,-4.116956616998964,-3.6800963353330514,-1.926459248976936,1.3401225769674825,-0.097083657111385,3.964023668568251,-0.4437652499836312,1.322156432694412
95.0,271.0,129.89170837402344,-0.039552792326447,2.6822143178956024,-4.116956616998964,-3.6800961343309,-1.926459248976936,1.3401225769674825,-0.097083657111385,3.964023668568251,-0.4437652499834763,1.3221564334719471
95.0,271.0,129.89170837402344,-0.0395527923326818,2.6822143178956024,-4.116956616998964,-3.680096358526853,-1.926459248976936,1.340136072858129,-0.097083657111385,3.964023668568251,-0.4437652499834763,1.3221564334719471
95.0,271.0,129.89170837402344,-0.0395527923245377,2.6822143178956024,-4.116956616998964,-3.680096335333698,-1.926459248976936,1.3401225769674825,-0.097083657111385,3.964023668568251,-0.4437652499834763,1.3221564334719471
95.0,271.0,129.89170837402344,-0.039552792326447,2.6822143178956024,-4.116956616998964,-3.6800963353330514,-1.926459248976936,1.3401225769674825,-0.097083657111385,3.964023668568251,-0.4437652499836312,1.322156432694412
95.0,271.0,129.89170837402344,-0.0395484802582059,2.6822143178956024,-4.116956616998964,-3.6800963353330514,-1.926459248976936,1.3401240445505505,-0.097083657111385,3.964023666837525,-0.4437652499834764,1.322156416663948
95.0,271.0,129.89170837402344,-0.039552792326447,2.6822143178956024,-4.116956616998964,-3.6800963353330514,-1.926459248976936,1.3401194983690703,-0.097083657111385,3.964023668568251,-0.4437652499834817,1.322156432694412
95.0,271.0,129.89170837402344,-0.039552792326447,2.6822143178956024,-4.116956616998964,-3.6800963353330514,-1.926459248976936,1.3401225769674825,-0.097083657111385,3.964023668568251,-0.4437652499836312,1.322156432694412
95.0,271.0,129.89170837402344,-0.0395527923235092,2.682214317895609,-4.116956616998964,-3.680096333269624,-1.926459248976936,1.3401275818667722,-0.097083657111385,3.964023668568252,-0.4437652499834763,1.322156394415256
95.0,271.0,129.89170837402344,-0.0395527923324563,2.6822143178956024,-4.116956616998964,-3.680096335333698,-1.926459248976936,1.3401225769674825,-0.097083657111385,3.964023668568251,-0.4437652499834763,1.3221564334719471
95.0,271.0,129.89170837402344,-0.039552792326447,2.6822143178956024,-4.116956616998964,-3.6800963353330514,-1.926459248976936,1.3401194983690703,-0.097083657111385,3.964023668568251,-0.4437652499834817,1.322156432694412
95.0,271.0,129.89170837402344,-0.039552792326447,2.6822143178956024,-4.116956616998964,-3.680096335332975,-1.926459248976936,1.3401225769674825,-0.097083657111385,3.964023668568251,-0.4437652499834763,1.3221564334719471
95.0,271.0,129.89170837402344,-0.0395527923236924,2.6822143178956024,-4.116956616998964,-3.680096335333032,-1.926459248976936,1.3401225769674825,-0.097083657111385,3.964023668568251,-0.4437652499834763,1.3221564328928763
95.0,271.0,129.89170837402344,-0.039552792326447,2.6822143178956024,-4.116956616998964,-3.6800961343309,-1.926459248976936,1.3401225769674825,-0.097083657111385,3.964023666592579,-0.4437652499834763,1.3221564334719471
95.0,271.0,129.89170837402344,-0.0395527923323308,2.6822143178956024,-4.116956616998964,-3.680096358526853,-1.926459248976936,1.3401224320022072,-0.097083657111385,3.964023668568251,-0.4437652499834763,1.3221564334719471
95.0,271.0,129.89170837402344,-0.0395527923324851,2.6822143178956024,-4.116956616998964,-3.680096335333698,-1.926459248976936,1.3401225769674825,-0.097083657111385,3.964023668568251,-0.4437652499834763,1.3221564334719471
95.0,271.0,129.89170837402344,-0.0395527923264477,2.6822143178956024,-4.116956616998964,-3.680096398278076,-1.926459248976936,1.3401225769674825,-0.097083657111385,3.964023668568251,-0.4437652499836358,1.3221564334719471
95.0,271.0,129.89170837402344,-0.039552792326798,2.6822143178956024,-4.116956616998964,-3.6800963353330514,-1.926459248976936,1.3401362178234042,-0.097083657111385,3.964023668568251,-0.4437652499836312,1.322156432694412
95.0,271.0,129.89170837402344,-0.0395527923234991,2.682214317895609,-4.116956616998964,-3.6800963338202495,-1.926459248976936,1.3401288090669,-0.097083657111385,3.964023668568252,-0.4437652499834763,1.3221565014054122
95.0,271.0,129.89170837402344,-0.0395527923326818,2.6822143178956024,-4.116956616998964,-3.6800963585555744,-1.926459248976936,1.340136072858129,-0.097083657111385,3.964023668690298,-0.4437652499834763,1.3221564334719471
95.0,271.0,129.89170837402344,-0.0395484802582059,2.6822143178956024,-4.116956616998964,-3.6800963358976353,-1.926459248976936,1.3401240445505505,-0.097083657111385,3.964023668476997,-0.4437652499834764,1.322156416663948
95.0,271.0,129.89170837402344,-0.039552792326447,2.6822143178956024,-4.116956616998964,-3.680096335332975,-1.926459248976936,1.3401225769674825,-0.097083657111385,3.964023666563277,-0.4437652499834763,1.3221564154769023
95.0,271.0,129.8917694091797,-0.0394602875398281,2.6822143178956024,-4.116956616998964,-3.6800963353330514,-1.926459248976936,1.34001285926717,-0.097083657111385,3.964023666671469,-0.4437652499834614,1.3221564170764195
95.0,271.0,129.8917694091797,-0.0394602875398281,2.6822143178956024,-4.116956616998964,-3.6800963353330514,-1.926459248976936,1.34001285926717,-0.097083657111385,3.964023666730128,-0.4437652499834614,1.322156416663948
95.0,271.0,129.8917694091797,-0.0394602875398281,2.6822143178956024,-4.116956616998964,-3.6800963353330514,-1.926459248976936,1.34001285926717,-0.097083657111385,3.964023666671469,-0.4437652499834614,1.3221564170764195
95.0,271.0,129.8917694091797,-0.0394645996080692,2.6822143178956024,-4.116956616998964,-3.6800961343309,-1.926459248976936,1.340011391684102,-0.097083657111385,3.9640236684608543,-0.4437652499834613,1.3221564334719471
95.0,271.0,129.8917694091797,-0.0394602875398281,2.6822143178956024,-4.116956616998964,-3.6800963353330514,-1.926459248976936,1.34001285926717,-0.097083657111385,3.964023666730128,-0.4437652499834625,1.322156416663948
95.0,271.0,129.8917694091797,-0.0394582762185851,2.6822143178956024,-4.116956616998964,-3.6800963354020872,-1.926459248976936,1.34001285926717,-0.097083657111385,3.964023668568251,-0.4437652499834758,1.3221564343986647
95.0,271.0,129.8917694091797,-0.0394587628263732,2.6822143178956024,-4.116956616998964,-3.6800963150783343,-1.926459248976936,1.3400138777814394,-0.097083657111385,3.964023668566978,-0.4437652499836312,1.322156432694412
95.0,271.0,129.8917694091797,-0.0394602875398281,2.6822143178956024,-4.116956616998964,-3.6800963353330514,-1.926459248976936,1.34001285926717,-0.097083657111385,3.964023666671469,-0.4437652499834613,1.3221564170764195
95.0,271.0,129.8917694091797,-0.0394602875398281,2.6822143178956024,-4.116956616998964,-3.6800963353330514,-1.926459248976936,1.34001285926717,-0.097083657111385,3.964023666671469,-0.4437652499834614,1.3221564171348084
95.0,271.0,129.89178466796875,-0.039552792324528,2.682214317895854,-4.116956616998964,-3.680096359768831,-1.926459248976936,1.3400459489072103,-0.097083657111385,3.9640236730388776,-0.4437652499836448,1.322156508769273
95.0,271.0,129.89178466796875,-0.039552792324615,2.682214317895854,-4.116956616998964,-3.680096359768831,-1.926459248976936,1.3400468091016775,-0.097083657111385,3.9640236730388776,-0.4437652499836448,1.322156508769273
95.0,271.0,129.89178466796875,-0.039552792324615,2.682214317895854,-4.116956616998964,-3.6800963597401095,-1.926459248976936,1.3400468091016775,-0.097083657111385,3.964023672916831,-0.4437652499836448,1.322156508769273
95.0,271.0,129.8917999267578,-0.0395527923265223,2.6822143178956024,-4.116956616998964,-3.6800963353330514,-1.926459248976936,1.34001285926717,-0.097083657111385,3.964023668568251,-0.4437652499834763,1.3221564334719471
95.0,271.0,129.8917999267578,-0.039552792326447,2.6822143178956024,-4.116956616998964,-3.6800963353330514,-1.926459248976936,1.34001285926717,-0.097083657111385,3.964023668568251,-0.4437652499834763,1.3221564334719471
95.0,271.0,129.8917999267578,-0.0395527923245708,2.6822143178956024,-4.116956616998964,-3.6800963353330514,-1.926459248976936,1.34001285926717,-0.097083657111385,3.964023666671469,-0.4437652499834614,1.3221564334719471
95.0,271.0,129.8917999267578,-0.0395527923332084,2.6822143178956024,-4.116956616998964,-3.6800963353330514,-1.926459248976936,1.34001285926717,-0.097083657111385,3.964023668568251,-0.4437652499834763,1.3221564334719471
95.0,271.0,129.8917999267578,-0.039552792326447,2.682214317895609,-4.116956616998964,-3.680096333269624,-1.926459248976936,1.34001285926717,-0.097083657111385,3.964023668568251,-0.4437652499834763,1.3221564166790047
95.0,271.0,129.8917999267578,-0.039552792326447,2.6822143178955944,-4.116956616998964,-3.680096333269624,-1.926459248976936,1.34001285926717,-0.097083657111385,3.964023668568251,-0.4437652499836532,1.322156416668813
95.0,271.0,129.8917999267578,-0.0395527923236662,2.6822143178956024,-4.116956616998964,-3.6800963353330514,-1.926459248976936,1.34001285926717,-0.097083657111385,3.9640236685725263,-0.4437652499834763,1.3221563917763064
95.0,271.0,129.8917999267578,-0.0395527923332084,2.6822143178956024,-4.116956616998964,-3.680096403932082,-1.926459248976936,1.34001285926717,-0.097083657111385,3.964023668568251,-0.443765249983634,1.3221564334719471
95.0,271.0,129.8917999267578,-0.0395527923245152,2.6822143178956024,-4.116956616998964,-3.6800963353330514,-1.926459248976936,1.34001285926717,-0.097083657111385,3.964023668568251,-0.4437652499834763,1.322156432631492
95.0,271.0,129.8917999267578,-0.0395527923264606,2.682214317895609,-4.116956616998964,-3.680096356809805,-1.926459248976936,1.34001285926717,-0.097083657111385,3.964023666752091,-0.4437652499836524,1.3221564166790047
95.0,271.0,129.8917999267578,-0.0395527923265638,2.6822143178956024,-4.116956616998964,-3.6800963353330514,-1.926459248976936,1.34001285926717,-0.097083657111385,3.964023668568251,-0.4437652499836435,1.3221564334719471
95.0,271.0,129.8917999267578,-0.0395527923332084,2.6822143178956024,-4.116956616998964,-3.680096119299224,-1.926459248976936,1.34001285926717,-0.097083657111385,3.964023668568251,-0.443765249983634,1.3221564334719471
95.0,272.0,129.8916473388672,-0.0394547819665894,2.682214317895609,-4.116956616998964,-3.6800963333030814,-1.926459248976936,1.3401275818667722,-0.097083657111385,3.964023668568252,-0.4437652499834763,1.322156394415256
95.0,272.0,129.8916778564453,-0.0394587628263732,2.6822143178956024,-4.116956616998964,-3.6800963353330514,-1.926459248976936,1.340125913144524,-0.097083657111385,3.964023668597165,-0.4437652499836312,1.322156432694412
95.0,272.0,129.8916778564453,-0.0394610548351185,2.6822143178956024,-4.116956616998964,-3.6800963353330514,-1.926459248976936,1.340125913144524,-0.097083657111385,3.964023668569352,-0.4437652499836312,1.322156432694412
95.0,272.0,129.8916778564453,-0.0394602875398281,2.6822143178956024,-4.116956616998964,-3.6800963353330514,-1.926459248976936,1.3401185812135206,-0.097083657111385,3.964023666730128,-0.4437652499834614,1.3221564342351504
95.0,272.0,129.8916778564453,-0.0394614266111906,2.6822143178956024,-4.116956616998964,-3.680096335069857,-1.926459248976936,1.3401224320022072,-0.097083657111385,3.964023668595733,-0.4437652499834758,1.3221564334719471
95.0,272.0,129.89170837402344,-0.039552792326447,2.6822143178956024,-4.116956616998964,-3.6800963353330514,-1.926459248976936,1.3401225769674825,-0.097083657111385,3.964023668568251,-0.4437652499834763,1.3221564334719471
95.0,272.0,129.89170837402344,-0.039552792326447,2.6822143178956024,-4.116956616998964,-3.6800963353330514,-1.926459248976936,1.3401225769674825,-0.097083657111385,3.964023668568251,-0.4437652499836312,1.322156432694412
95.0,272.0,129.89170837402344,-0.039552792326447,2.6822143178956024,-4.116956616998964,-3.6800961343309,-1.926459248976936,1.3401225769674825,-0.097083657111385,3.964023668568251,-0.4437652499834763,1.3221564334719471
95.0,272.0,129.89170837402344,-0.0395527923326818,2.6822143178956024,-4.116956616998964,-3.680096358526853,-1.926459248976936,1.340136072858129,-0.097083657111385,3.964023668568251,-0.4437652499834763,1.3221564334719471
95.0,272.0,129.89170837402344,-0.0395527923245377,2.6822143178956024,-4.116956616998964,-3.680096335333698,-1.926459248976936,1.3401225769674825,-0.097083657111385,3.964023668568251,-0.4437652499834763,1.3221564334719471
95.0,272.0,129.89170837402344,-0.039552792326447,2.6822143178956024,-4.116956616998964,-3.6800963353330514,-1.926459248976936,1.3401225769674825,-0.097083657111385,3.964023668568251,-0.4437652499836312,1.322156432694412
95.0,272.0,129.89170837402344,-0.0395484802582059,2.6822143178956024,-4.116956616998964,-3.6800963353330514,-1.926459248976936,1.3401240445505505,-0.097083657111385,3.964023666837525,-0.4437652499834764,1.322156416663948
95.0,272.0,129.89170837402344,-0.039552792326447,2.6822143178956024,-4.116956616998964,-3.6800963353330514,-1.926459248976936,1.3401194983690703,-0.097083657111385,3.964023668568251,-0.4437652499834817,1.322156432694412
95.0,272.0,129.89170837402344,-0.039552792326447,2.6822143178956024,-4.116956616998964,-3.6800963353330514,-1.926459248976936,1.3401225769674825,-0.097083657111385,3.964023668568251,-0.4437652499836312,1.322156432694412
95.0,272.0,129.89170837402344,-0.0395527923235092,2.682214317895609,-4.116956616998964,-3.680096333269624,-1.926459248976936,1.3401275818667722,-0.097083657111385,3.964023668568252,-0.4437652499834763,1.322156394415256
95.0,272.0,129.89170837402344,-0.0395527923324563,2.6822143178956024,-4.116956616998964,-3.680096335333698,-1.926459248976936,1.3401225769674825,-0.097083657111385,3.964023668568251,-0.4437652499834763,1.3221564334719471
95.0,272.0,129.89170837402344,-0.039552792326447,2.6822143178956024,-4.116956616998964,-3.6800963353330514,-1.926459248976936,1.3401194983690703,-0.097083657111385,3.964023668568251,-0.4437652499834817,1.322156432694412
95.0,272.0,129.89170837402344,-0.039552792326447,2.6822143178956024,-4.116956616998964,-3.680096335332975,-1.926459248976936,1.3401225769674825,-0.097083657111385,3.964023668568251,-0.4437652499834763,1.3221564334719471
95.0,272.0,129.89170837402344,-0.0395527923236924,2.6822143178956024,-4.116956616998964,-3.680096335333032,-1.926459248976936,1.3401225769674825,-0.097083657111385,3.964023668568251,-0.4437652499834763,1.3221564328928763
95.0,272.0,129.89170837402344,-0.039552792326447,2.6822143178956024,-4.116956616998964,-3.6800961343309,-1.926459248976936,1.3401225769674825,-0.097083657111385,3.964023666592579,-0.4437652499834763,1.3221564334719471
95.0,272.0,129.89170837402344,-0.0395527923323308,2.6822143178956024,-4.116956616998964,-3.680096358526853,-1.926459248976936,1.3401224320022072,-0.097083657111385,3.964023668568251,-0.4437652499834763,1.3221564334719471
95.0,272.0,129.89170837402344,-0.0395527923324851,2.6822143178956024,-4.116956616998964,-3.680096335333698,-1.926459248976936,1.3401225769674825,-0.097083657111385,3.964023668568251,-0.4437652499834763,1.3221564334719471
95.0,272.0,129.89170837402344,-0.0395527923264477,2.6822143178956024,-4.116956616998964,-3.680096398278076,-1.926459248976936,1.3401225769674825,-0.097083657111385,3.964023668568251,-0.4437652499836358,1.3221564334719471
95.0,272.0,129.89170837402344,-0.039552792326798,2.6822143178956024,-4.116956616998964,-3.6800963353330514,-1.926459248976936,1.3401362178234042,-0.097083657111385,3.964023668568251,-0.4437652499836312,1.322156432694412
95.0,272.0,129.89170837402344,-0.0395527923234991,2.682214317895609,-4.116956616998964,-3.6800963338202495,-1.926459248976936,1.3401288090669,-0.097083657111385,3.964023668568252,-0.4437652499834763,1.3221565014054122
95.0,272.0,129.89170837402344,-0.0395527923326818,2.6822143178956024,-4.116956616998964,-3.6800963585555744,-1.926459248976936,1.340136072858129,-0.097083657111385,3.964023668690298,-0.4437652499834763,1.3221564334719471
95.0,272.0,129.89170837402344,-0.0395484802582059,2.6822143178956024,-4.116956616998964,-3.6800963358976353,-1.926459248976936,1.3401240445505505,-0.097083657111385,3.964023668476997,-0.4437652499834764,1.322156416663948
95.0,272.0,129.89170837402344,-0.039552792326447,2.6822143178956024,-4.116956616998964,-3.680096335332975,-1.926459248976936,1.3401225769674825,-0.097083657111385,3.964023666563277,-0.4437652499834763,1.3221564154769023
95.0,272.0,129.89170837402344,-0.039546414278079,2.6822143178956024,-4.116956616998964,-3.680096358526853,-1.926459248976936,1.340136072858129,-0.097083657111385,3.9640236665876594,-0.4437652499834759,1.3221564162758173
95.0,272.0,129.89170837402344,-0.0395567731832931,2.6822143178956024,-4.116956616998964,-3.680096335299592,-1.926459248976936,1.340125913144524,-0.097083657111385,3.964023668597165,-0.4437652499836312,1.322156432694412
95.0,272.0,129.89170837402344,-0.0395529858054339,2.6822143178956024,-4.116956616998964,-3.680096335856143,-1.926459248976936,1.3401225042885163,-0.097083657111385,3.964023668477451,-0.4437652499834764,1.322156416998959
95.0,272.0,129.89170837402344,-0.039552792326447,2.6822143178956024,-4.116956616998964,-3.6800963353330514,-1.926459248976936,1.3401225769674825,-0.097083657111385,3.964023668568251,-0.4437652499836312,1.3221564327071609
95.0,272.0,129.89170837402344,-0.0395501285475135,2.6822143178956024,-4.116956616998964,-3.680096358790048,-1.926459248976936,1.340125913144524,-0.097083657111385,3.964023668569684,-0.4437652499836316,1.322156432694412
95.0,272.0,129.89170837402344,-0.0395527923326818,2.6822143178956024,-4.116956616998964,-3.680096358526853,-1.926459248976936,1.340136072858129,-0.097083657111385,3.964023668568251,-0.4437652499834763,1.3221564334719471
95.0,272.0,129.89170837402344,-0.0395527923245377,2.6822143178956024,-4.116956616998964,-3.680096335333698,-1.926459248976936,1.3401225769674825,-0.097083657111385,3.964023668568251,-0.4437652499834763,1.3221564334719471
95.0,272.0,129.89170837402344,-0.0395527923324563,2.6822143178956024,-4.116956616998964,-3.680096335333698,-1.926459248976936,1.3401230859966635,-0.097083657111385,3.964023668568251,-0.4437652499834763,1.3221564334719471
95.0,272.0,129.89170837402344,-0.0395527923234991,2.682214317895609,-4.116956616998964,-3.6800963338202495,-1.926459248976936,1.3401288090669,-0.097083657111385,3.964023666331504,-0.4437652499834763,1.3221565014054122
95.0,272.0,129.89170837402344,-0.039552792326447,2.6822143178956024,-4.116956616998964,-3.6800963353330514,-1.926459248976936,1.3401259030606691,-0.097083657111385,3.964023668569352,-0.4437652499836312,1.322156432694412
95.0,272.0,129.89170837402344,-0.0395527923236924,2.6822143178956024,-4.116956616998964,-3.680096335333032,-1.926459248976936,1.3401225769674825,-0.097083657111385,3.964023666859513,-0.4437652499834763,1.3221564326970785
95.0,272.0,129.89170837402344,-0.0395527923264477,2.6822143178956024,-4.116956616998964,-3.680096398278076,-1.926459248976936,1.3401225769674825,-0.097083657111385,3.964023668568251,-0.4437652499836358,1.3221564334591986
95.0,272.0,129.89170837402344,-0.0395514938923057,2.6822143178956024,-4.116956616998964,-3.6800963353330514,-1.926459248976936,1.3401195659516716,-0.097083657111385,3.964023666730128,-0.4437652499834614,1.322156432709392
95.0,272.0,129.8917694091797,-0.0394602875398281,2.6822143178956024,-4.116956616998964,-3.6800963353330514,-1.926459248976936,1.34001285926717,-0.097083657111385,3.964023666671469,-0.4437652499834614,1.3221564170764195
95.0,272.0,129.8917694091797,-0.0394602875398281,2.6822143178956024,-4.116956616998964,-3.6800963353330514,-1.926459248976936,1.34001285926717,-0.097083657111385,3.964023666730128,-0.4437652499834614,1.322156416663948
95.0,272.0,129.8917694091797,-0.0394602875398281,2.6822143178956024,-4.116956616998964,-3.6800963353330514,-1.926459248976936,1.34001285926717,-0.097083657111385,3.964023666671469,-0.4437652499834614,1.3221564170764195
95.0,272.0,129.8917694091797,-0.0394645996080692,2.6822143178956024,-4.116956616998964,-3.6800961343309,-1.926459248976936,1.340011391684102,-0.097083657111385,3.9640236684608543,-0.4437652499834613,1.3221564334719471
95.0,272.0,129.8917694091797,-0.0394602875398281,2.6822143178956024,-4.116956616998964,-3.6800963353330514,-1.926459248976936,1.34001285926717,-0.097083657111385,3.964023666730128,-0.4437652499834625,1.322156416663948
95.0,272.0,129.8917694091797,-0.0394582762185851,2.6822143178956024,-4.116956616998964,-3.6800963354020872,-1.926459248976936,1.34001285926717,-0.097083657111385,3.964023668568251,-0.4437652499834758,1.3221564343986647
95.0,272.0,129.8917694091797,-0.0394587628263732,2.6822143178956024,-4.116956616998964,-3.6800963150783343,-1.926459248976936,1.3400138777814394,-0.097083657111385,3.964023668566978,-0.4437652499836312,1.322156432694412
95.0,272.0,129.8917694091797,-0.0394602875398281,2.6822143178956024,-4.116956616998964,-3.6800963353330514,-1.926459248976936,1.34001285926717,-0.097083657111385,3.964023666671469,-0.4437652499834613,1.3221564170764195
95.0,272.0,129.8917694091797,-0.0394602875398281,2.6822143178956024,-4.116956616998964,-3.6800963353330514,-1.926459248976936,1.34001285926717,-0.097083657111385,3.964023666671469,-0.4437652499834614,1.3221564171348084
95.0,273.0,129.8916473388672,-0.0394547819665894,2.682214317895609,-4.116956616998964,-3.6800963333030814,-1.926459248976936,1.3401275818667722,-0.097083657111385,3.964023668568252,-0.4437652499834763,1.322156394415256
95.0,273.0,129.89166259765625,-0.0394626497907347,2.6822143178956024,-4.116956616998964,-3.680096335333698,-1.926459248976936,1.3401273851953226,-0.097083657111385,3.964023668568251,-0.4437652499834763,1.3221564346997008
95.0,273.0,129.8916778564453,-0.0394587628263732,2.6822143178956024,-4.116956616998964,-3.6800963353330514,-1.926459248976936,1.340125913144524,-0.097083657111385,3.964023668597165,-0.4437652499836312,1.322156432694412
95.0,273.0,129.8916778564453,-0.0394610548351185,2.6822143178956024,-4.116956616998964,-3.6800963353330514,-1.926459248976936,1.340125913144524,-0.097083657111385,3.964023668569352,-0.4437652499836312,1.322156432694412
95.0,273.0,129.8916778564453,-0.0394602875398281,2.6822143178956024,-4.116956616998964,-3.6800963353330514,-1.926459248976936,1.3401185812135206,-0.097083657111385,3.964023666730128,-0.4437652499834614,1.3221564342351504
95.0,273.0,129.8916778564453,-0.0394614266111906,2.6822143178956024,-4.116956616998964,-3.680096335069857,-1.926459248976936,1.3401224320022072,-0.097083657111385,3.964023668595733,-0.4437652499834758,1.3221564334719471
95.0,273.0,129.8916778564453,-0.039461696741857,2.6822143178956024,-4.116956616998964,-3.6800963353330514,-1.926459248976936,1.340125913144524,-0.097083657111385,3.9640236686285073,-0.4437652499834687,1.322156432694412
95.0,273.0,129.8916778564453,-0.0394615779882465,2.6822143178956024,-4.116956616998964,-3.680096335865341,-1.926459248976936,1.340118447394754,-0.097083657111385,3.964023666730128,-0.4437652499834631,1.3221564342351504
95.0,273.0,129.8916778564453,-0.0394632369446356,2.6822143178956024,-4.116956616998964,-3.680096333938892,-1.926459248976936,1.340125913144524,-0.097083657111385,3.964023668569421,-0.4437652499836326,1.322156432694412
95.0,273.0,129.8916778564453,-0.0394614266111906,2.6822143178956024,-4.116956616998964,-3.6800963350663976,-1.926459248976936,1.3401224320022072,-0.097083657111385,3.964023668595733,-0.4437652499834749,1.3221564334821885
95.0,273.0,129.8916778564453,-0.0394602875398281,2.6822143178956024,-4.116956616998964,-3.6800963353330514,-1.926459248976936,1.3401185812135206,-0.097083657111385,3.964023666727494,-0.4437652499834614,1.3221564349149422
95.0,273.0,129.89170837402344,-0.039552792326447,2.6822143178956024,-4.116956616998964,-3.6800963353330514,-1.926459248976936,1.3401225769674825,-0.097083657111385,3.964023668568251,-0.4437652499834763,1.3221564334719471
95.0,273.0,129.89170837402344,-0.039552792326447,2.6822143178956024,-4.116956616998964,-3.6800963353330514,-1.926459248976936,1.3401225769674825,-0.097083657111385,3.964023668568251,-0.4437652499836312,1.322156432694412
95.0,273.0,129.89170837402344,-0.039552792326447,2.6822143178956024,-4.116956616998964,-3.6800961343309,-1.926459248976936,1.3401225769674825,-0.097083657111385,3.964023668568251,-0.4437652499834763,1.3221564334719471
95.0,273.0,129.89170837402344,-0.0395527923326818,2.6822143178956024,-4.116956616998964,-3.680096358526853,-1.926459248976936,1.340136072858129,-0.097083657111385,3.964023668568251,-0.4437652499834763,1.3221564334719471
95.0,273.0,129.89170837402344,-0.0395527923245377,2.6822143178956024,-4.116956616998964,-3.680096335333698,-1.926459248976936,1.3401225769674825,-0.097083657111385,3.964023668568251,-0.4437652499834763,1.3221564334719471
95.0,273.0,129.89170837402344,-0.039552792326447,2.6822143178956024,-4.116956616998964,-3.6800963353330514,-1.926459248976936,1.3401225769674825,-0.097083657111385,3.964023668568251,-0.4437652499836312,1.322156432694412
95.0,273.0,129.89170837402344,-0.0395484802582059,2.6822143178956024,-4.116956616998964,-3.6800963353330514,-1.926459248976936,1.3401240445505505,-0.097083657111385,3.964023666837525,-0.4437652499834764,1.322156416663948
95.0,273.0,129.89170837402344,-0.039552792326447,2.6822143178956024,-4.116956616998964,-3.6800963353330514,-1.926459248976936,1.3401194983690703,-0.097083657111385,3.964023668568251,-0.4437652499834817,1.322156432694412
95.0,273.0,129.89170837402344,-0.039552792326447,2.6822143178956024,-4.116956616998964,-3.6800963353330514,-1.926459248976936,1.3401225769674825,-0.097083657111385,3.964023668568251,-0.4437652499836312,1.322156432694412
95.0,273.0,129.89170837402344,-0.0395527923235092,2.682214317895609,-4.116956616998964,-3.680096333269624,-1.926459248976936,1.3401275818667722,-0.097083657111385,3.964023668568252,-0.4437652499834763,1.322156394415256
95.0,273.0,129.89170837402344,-0.0395527923324563,2.6822143178956024,-4.116956616998964,-3.680096335333698,-1.926459248976936,1.3401225769674825,-0.097083657111385,3.964023668568251,-0.4437652499834763,1.3221564334719471
95.0,273.0,129.89170837402344,-0.039552792326447,2.6822143178956024,-4.116956616998964,-3.6800963353330514,-1.926459248976936,1.3401194983690703,-0.097083657111385,3.964023668568251,-0.4437652499834817,1.322156432694412
95.0,273.0,129.89170837402344,-0.039552792326447,2.6822143178956024,-4.116956616998964,-3.680096335332975,-1.926459248976936,1.3401225769674825,-0.097083657111385,3.964023668568251,-0.4437652499834763,1.3221564334719471
95.0,273.0,129.89170837402344,-0.0395527923236924,2.6822143178956024,-4.116956616998964,-3.680096335333032,-1.926459248976936,1.3401225769674825,-0.097083657111385,3.964023668568251,-0.4437652499834763,1.3221564328928763
95.0,273.0,129.89170837402344,-0.039552792326447,2.6822143178956024,-4.116956616998964,-3.6800961343309,-1.926459248976936,1.3401225769674825,-0.097083657111385,3.964023666592579,-0.4437652499834763,1.3221564334719471
95.0,273.0,129.89170837402344,-0.0395527923323308,2.6822143178956024,-4.116956616998964,-3.680096358526853,-1.926459248976936,1.3401224320022072,-0.097083657111385,3.964023668568251,-0.4437652499834763,1.3221564334719471
95.0,273.0,129.89170837402344,-0.0395527923324851,2.6822143178956024,-4.116956616998964,-3.680096335333698,-1.926459248976936,1.3401225769674825,-0.097083657111385,3.964023668568251,-0.4437652499834763,1.3221564334719471
95.0,273.0,129.89170837402344,-0.0395527923264477,2.6822143178956024,-4.116956616998964,-3.680096398278076,-1.926459248976936,1.3401225769674825,-0.097083657111385,3.964023668568251,-0.4437652499836358,1.3221564334719471
95.0,273.0,129.89170837402344,-0.039552792326798,2.6822143178956024,-4.116956616998964,-3.6800963353330514,-1.926459248976936,1.3401362178234042,-0.097083657111385,3.964023668568251,-0.4437652499836312,1.322156432694412
95.0,273.0,129.89170837402344,-0.0395527923234991,2.682214317895609,-4.116956616998964,-3.6800963338202495,-1.926459248976936,1.3401288090669,-0.097083657111385,3.964023668568252,-0.4437652499834763,1.3221565014054122
95.0,273.0,129.89170837402344,-0.0395527923326818,2.6822143178956024,-4.116956616998964,-3.6800963585555744,-1.926459248976936,1.340136072858129,-0.097083657111385,3.964023668690298,-0.4437652499834763,1.3221564334719471
95.0,273.0,129.89170837402344,-0.0395484802582059,2.6822143178956024,-4.116956616998964,-3.6800963358976353,-1.926459248976936,1.3401240445505505,-0.097083657111385,3.964023668476997,-0.4437652499834764,1.322156416663948
95.0,273.0,129.89170837402344,-0.039552792326447,2.6822143178956024,-4.116956616998964,-3.680096335332975,-1.926459248976936,1.3401225769674825,-0.097083657111385,3.964023666563277,-0.4437652499834763,1.3221564154769023
95.0,273.0,129.89170837402344,-0.039546414278079,2.6822143178956024,-4.116956616998964,-3.680096358526853,-1.926459248976936,1.340136072858129,-0.097083657111385,3.9640236665876594,-0.4437652499834759,1.3221564162758173
95.0,273.0,129.89170837402344,-0.0395567731832931,2.6822143178956024,-4.116956616998964,-3.680096335299592,-1.926459248976936,1.340125913144524,-0.097083657111385,3.964023668597165,-0.4437652499836312,1.322156432694412
95.0,273.0,129.89170837402344,-0.0395529858054339,2.6822143178956024,-4.116956616998964,-3.680096335856143,-1.926459248976936,1.3401225042885163,-0.097083657111385,3.964023668477451,-0.4437652499834764,1.322156416998959
95.0,273.0,129.89170837402344,-0.039552792326447,2.6822143178956024,-4.116956616998964,-3.6800963353330514,-1.926459248976936,1.3401225769674825,-0.097083657111385,3.964023668568251,-0.4437652499836312,1.3221564327071609
95.0,273.0,129.89170837402344,-0.0395501285475135,2.6822143178956024,-4.116956616998964,-3.680096358790048,-1.926459248976936,1.340125913144524,-0.097083657111385,3.964023668569684,-0.4437652499836316,1.322156432694412
95.0,273.0,129.89170837402344,-0.0395527923326818,2.6822143178956024,-4.116956616998964,-3.680096358526853,-1.926459248976936,1.340136072858129,-0.097083657111385,3.964023668568251,-0.4437652499834763,1.3221564334719471
95.0,273.0,129.89170837402344,-0.0395527923245377,2.6822143178956024,-4.116956616998964,-3.680096335333698,-1.926459248976936,1.3401225769674825,-0.097083657111385,3.964023668568251,-0.4437652499834763,1.3221564334719471
95.0,273.0,129.89170837402344,-0.0395527923324563,2.6822143178956024,-4.116956616998964,-3.680096335333698,-1.926459248976936,1.3401230859966635,-0.097083657111385,3.964023668568251,-0.4437652499834763,1.3221564334719471
95.0,273.0,129.89170837402344,-0.0395527923234991,2.682214317895609,-4.116956616998964,-3.6800963338202495,-1.926459248976936,1.3401288090669,-0.097083657111385,3.964023666331504,-0.4437652499834763,1.3221565014054122
95.0,273.0,129.89170837402344,-0.039552792326447,2.6822143178956024,-4.116956616998964,-3.6800963353330514,-1.926459248976936,1.3401259030606691,-0.097083657111385,3.964023668569352,-0.4437652499836312,1.322156432694412
95.0,273.0,129.89170837402344,-0.0395527923236924,2.6822143178956024,-4.116956616998964,-3.680096335333032,-1.926459248976936,1.3401225769674825,-0.097083657111385,3.964023666859513,-0.4437652499834763,1.3221564326970785
95.0,273.0,129.89170837402344,-0.0395527923264477,2.6822143178956024,-4.116956616998964,-3.680096398278076,-1.926459248976936,1.3401225769674825,-0.097083657111385,3.964023668568251,-0.4437652499836358,1.3221564334591986
95.0,273.0,129.89170837402344,-0.0395514938923057,2.6822143178956024,-4.116956616998964,-3.6800963353330514,-1.926459248976936,1.3401195659516716,-0.097083657111385,3.964023666730128,-0.4437652499834614,1.322156432709392
95.0,273.0,129.89170837402344,-0.039552792326447,2.6822143178956024,-4.116956616998964,-3.680096400028719,-1.926459248976936,1.3401225769674825,-0.097083657111385,3.964023666592579,-0.4437652499836034,1.3221564334719471
95.0,273.0,129.89170837402344,-0.0395516953570156,2.6822143178956024,-4.116956616998964,-3.680096335323853,-1.926459248976936,1.340122638107283,-0.097083657111385,3.964023668477451,-0.4437652499834746,1.322156416998959
95.0,273.0,129.89170837402344,-0.0395527923234991,2.682214317895609,-4.116956616998964,-3.6800963338202495,-1.926459248976936,1.3401288090669,-0.097083657111385,3.964023666331504,-0.4437652499834763,1.3221565014054122
95.0,274.0,129.8916473388672,-0.0394547819665894,2.682214317895609,-4.116956616998964,-3.6800963333030814,-1.926459248976936,1.3401275818667722,-0.097083657111385,3.964023668568252,-0.4437652499834763,1.322156394415256
95.0,274.0,129.89166259765625,-0.0394626497907347,2.6822143178956024,-4.116956616998964,-3.680096335333698,-1.926459248976936,1.3401273851953226,-0.097083657111385,3.964023668568251,-0.4437652499834763,1.3221564346997008
95.0,274.0,129.89166259765625,-0.0394626497907347,2.6822143178956024,-4.116956616998964,-3.680096335333698,-1.926459248976936,1.3401273851953226,-0.097083657111385,3.964023668568251,-0.4437652499834763,1.3221564346997008
95.0,274.0,129.89166259765625,-0.0394605440681896,2.6822143178956024,-4.116956616998964,-3.6800963353330514,-1.926459248976936,1.3401287138270743,-0.097083657111385,3.964023666730128,-0.4437652499834612,1.3221564342351504
95.0,274.0,129.89166259765625,-0.0394586770204219,2.6822143178956024,-4.116956616998964,-3.680096335333698,-1.926459248976936,1.3401274229933633,-0.097083657111385,3.964023668597398,-0.4437652499834763,1.3221564347242216
95.0,274.0,129.8916778564453,-0.0394587628263732,2.6822143178956024,-4.116956616998964,-3.6800963353330514,-1.926459248976936,1.340125913144524,-0.097083657111385,3.964023668597165,-0.4437652499836312,1.322156432694412
95.0,274.0,129.8916778564453,-0.0394610548351185,2.6822143178956024,-4.116956616998964,-3.6800963353330514,-1.926459248976936,1.340125913144524,-0.097083657111385,3.964023668569352,-0.4437652499836312,1.322156432694412
95.0,274.0,129.8916778564453,-0.0394602875398281,2.6822143178956024,-4.116956616998964,-3.6800963353330514,-1.926459248976936,1.3401185812135206,-0.097083657111385,3.964023666730128,-0.4437652499834614,1.3221564342351504
95.0,274.0,129.8916778564453,-0.0394614266111906,2.6822143178956024,-4.116956616998964,-3.680096335069857,-1.926459248976936,1.3401224320022072,-0.097083657111385,3.964023668595733,-0.4437652499834758,1.3221564334719471
95.0,274.0,129.8916778564453,-0.039461696741857,2.6822143178956024,-4.116956616998964,-3.6800963353330514,-1.926459248976936,1.340125913144524,-0.097083657111385,3.9640236686285073,-0.4437652499834687,1.322156432694412
95.0,274.0,129.8916778564453,-0.0394615779882465,2.6822143178956024,-4.116956616998964,-3.680096335865341,-1.926459248976936,1.340118447394754,-0.097083657111385,3.964023666730128,-0.4437652499834631,1.3221564342351504
95.0,274.0,129.8916778564453,-0.0394632369446356,2.6822143178956024,-4.116956616998964,-3.680096333938892,-1.926459248976936,1.340125913144524,-0.097083657111385,3.964023668569421,-0.4437652499836326,1.322156432694412
95.0,274.0,129.8916778564453,-0.0394614266111906,2.6822143178956024,-4.116956616998964,-3.6800963350663976,-1.926459248976936,1.3401224320022072,-0.097083657111385,3.964023668595733,-0.4437652499834749,1.3221564334821885
95.0,274.0,129.8916778564453,-0.0394602875398281,2.6822143178956024,-4.116956616998964,-3.6800963353330514,-1.926459248976936,1.3401185812135206,-0.097083657111385,3.964023666727494,-0.4437652499834614,1.3221564349149422
95.0,274.0,129.8916778564453,-0.0394617624953172,2.6822143178956024,-4.116956616998964,-3.6800963353330514,-1.926459248976936,1.340125913144524,-0.097083657111385,3.964023668597165,-0.4437652499834739,1.322156432694412
95.0,274.0,129.8916778564453,-0.0394610548351185,2.6822143178956024,-4.116956616998964,-3.6800963353330514,-1.926459248976936,1.340122625067294,-0.097083657111385,3.964023668569352,-0.4437652499836312,1.32215643348348
95.0,274.0,129.8916778564453,-0.0394559224147181,2.6822143178956024,-4.116956616998964,-3.680096335069857,-1.926459248976936,1.340119568775662,-0.097083657111385,3.964023668595733,-0.4437652499834758,1.322156432702588
95.0,274.0,129.8916778564453,-0.039462735596686,2.6822143178956024,-4.116956616998964,-3.6800963353330514,-1.926459248976936,1.3401258753464833,-0.097083657111385,3.964023668568019,-0.4437652499836312,1.3221564326698911
95.0,274.0,129.8916778564453,-0.0394547819665894,2.682214317895609,-4.116956616998964,-3.68009633552248,-1.926459248976936,1.3401185995500509,-0.097083657111385,3.964023666708656,-0.4437652499834612,1.322156394415256
95.0,274.0,129.8916778564453,-0.0394615779882465,2.6822143178956024,-4.116956616998964,-3.6800963357985417,-1.926459248976936,1.340118447394754,-0.097083657111385,3.964023666730128,-0.4437652499834631,1.3221564342351504
95.0,274.0,129.8916778564453,-0.039458697072913,2.6822143178956024,-4.116956616998964,-3.6800963353330514,-1.926459248976936,1.340125913144524,-0.097083657111385,3.9640236686285073,-0.4437652499836259,1.322156432694412
95.0,274.0,129.8916778564453,-0.0394615779882465,2.6822143178956024,-4.116956616998964,-3.680096337539276,-1.926459248976936,1.340118447394754,-0.097083657111385,3.9640236687483545,-0.4437652499834625,1.3221564342351504
95.0,274.0,129.8916778564453,-0.039461696741857,2.6822143178956024,-4.116956616998964,-3.6800963353330514,-1.926459248976936,1.340125913144524,-0.097083657111385,3.964023668627652,-0.4437652499834617,1.322156432694412
95.0,274.0,129.8916778564453,-0.0394692224825683,2.6822143178956024,-4.116956616998964,-3.680096400028719,-1.926459248976936,1.3401225769674825,-0.097083657111385,3.964023666592579,-0.4437652499836034,1.322156434930556
95.0,274.0,129.8916778564453,-0.0394599964554399,2.6822143178956024,-4.116956616998964,-3.6800963353330514,-1.926459248976936,1.3401258791057613,-0.097083657111385,3.964023668569352,-0.4437652499836312,1.322156432694412
95.0,274.0,129.8916778564453,-0.0394614266111906,2.6822143178956024,-4.116956616998964,-3.6800963350660574,-1.926459248976936,1.3401225778333763,-0.097083657111385,3.964023668595733,-0.4437652499834758,1.3221564334719471
95.0,274.0,129.89170837402344,-0.039552792326447,2.6822143178956024,-4.116956616998964,-3.6800963353330514,-1.926459248976936,1.3401225769674825,-0.097083657111385,3.964023668568251,-0.4437652499834763,1.3221564334719471
95.0,274.0,129.89170837402344,-0.039552792326447,2.6822143178956024,-4.116956616998964,-3.6800963353330514,-1.926459248976936,1.3401225769674825,-0.097083657111385,3.964023668568251,-0.4437652499836312,1.322156432694412
95.0,274.0,129.89170837402344,-0.039552792326447,2.6822143178956024,-4.116956616998964,-3.6800961343309,-1.926459248976936,1.3401225769674825,-0.097083657111385,3.964023668568251,-0.4437652499834763,1.3221564334719471
95.0,274.0,129.89170837402344,-0.0395527923326818,2.6822143178956024,-4.116956616998964,-3.680096358526853,-1.926459248976936,1.340136072858129,-0.097083657111385,3.964023668568251,-0.4437652499834763,1.3221564334719471
95.0,274.0,129.89170837402344,-0.0395527923245377,2.6822143178956024,-4.116956616998964,-3.680096335333698,-1.926459248976936,1.3401225769674825,-0.097083657111385,3.964023668568251,-0.4437652499834763,1.3221564334719471
95.0,274.0,129.89170837402344,-0.039552792326447,2.6822143178956024,-4.116956616998964,-3.6800963353330514,-1.926459248976936,1.3401225769674825,-0.097083657111385,3.964023668568251,-0.4437652499836312,1.322156432694412
95.0,274.0,129.89170837402344,-0.0395484802582059,2.6822143178956024,-4.116956616998964,-3.6800963353330514,-1.926459248976936,1.3401240445505505,-0.097083657111385,3.964023666837525,-0.4437652499834764,1.322156416663948
95.0,274.0,129.89170837402344,-0.039552792326447,2.6822143178956024,-4.116956616998964,-3.6800963353330514,-1.926459248976936,1.3401194983690703,-0.097083657111385,3.964023668568251,-0.4437652499834817,1.322156432694412
95.0,274.0,129.89170837402344,-0.039552792326447,2.6822143178956024,-4.116956616998964,-3.6800963353330514,-1.926459248976936,1.3401225769674825,-0.097083657111385,3.964023668568251,-0.4437652499836312,1.322156432694412
95.0,274.0,129.89170837402344,-0.0395527923235092,2.682214317895609,-4.116956616998964,-3.680096333269624,-1.926459248976936,1.3401275818667722,-0.097083657111385,3.964023668568252,-0.4437652499834763,1.322156394415256
95.0,274.0,129.89170837402344,-0.0395527923324563,2.6822143178956024,-4.116956616998964,-3.680096335333698,-1.926459248976936,1.3401225769674825,-0.097083657111385,3.964023668568251,-0.4437652499834763,1.3221564334719471
95.0,274.0,129.89170837402344,-0.039552792326447,2.6822143178956024,-4.116956616998964,-3.6800963353330514,-1.926459248976936,1.3401194983690703,-0.097083657111385,3.964023668568251,-0.4437652499834817,1.322156432694412
95.0,274.0,129.89170837402344,-0.039552792326447,2.6822143178956024,-4.116956616998964,-3.680096335332975,-1.926459248976936,1.3401225769674825,-0.097083657111385,3.964023668568251,-0.4437652499834763,1.3221564334719471
95.0,274.0,129.89170837402344,-0.0395527923236924,2.6822143178956024,-4.116956616998964,-3.680096335333032,-1.926459248976936,1.3401225769674825,-0.097083657111385,3.964023668568251,-0.4437652499834763,1.3221564328928763
95.0,274.0,129.89170837402344,-0.039552792326447,2.6822143178956024,-4.116956616998964,-3.6800961343309,-1.926459248976936,1.3401225769674825,-0.097083657111385,3.964023666592579,-0.4437652499834763,1.3221564334719471
95.0,274.0,129.89170837402344,-0.0395527923323308,2.6822143178956024,-4.116956616998964,-3.680096358526853,-1.926459248976936,1.3401224320022072,-0.097083657111385,3.964023668568251,-0.4437652499834763,1.3221564334719471
95.0,274.0,129.89170837402344,-0.0395527923324851,2.6822143178956024,-4.116956616998964,-3.680096335333698,-1.926459248976936,1.3401225769674825,-0.097083657111385,3.964023668568251,-0.4437652499834763,1.3221564334719471
95.0,274.0,129.89170837402344,-0.0395527923264477,2.6822143178956024,-4.116956616998964,-3.680096398278076,-1.926459248976936,1.3401225769674825,-0.097083657111385,3.964023668568251,-0.4437652499836358,1.3221564334719471
95.0,274.0,129.89170837402344,-0.039552792326798,2.6822143178956024,-4.116956616998964,-3.6800963353330514,-1.926459248976936,1.3401362178234042,-0.097083657111385,3.964023668568251,-0.4437652499836312,1.322156432694412
95.0,274.0,129.89170837402344,-0.0395527923234991,2.682214317895609,-4.116956616998964,-3.6800963338202495,-1.926459248976936,1.3401288090669,-0.097083657111385,3.964023668568252,-0.4437652499834763,1.3221565014054122
95.0,274.0,129.89170837402344,-0.0395527923326818,2.6822143178956024,-4.116956616998964,-3.6800963585555744,-1.926459248976936,1.340136072858129,-0.097083657111385,3.964023668690298,-0.4437652499834763,1.3221564334719471
95.0,274.0,129.89170837402344,-0.0395484802582059,2.6822143178956024,-4.116956616998964,-3.6800963358976353,-1.926459248976936,1.3401240445505505,-0.097083657111385,3.964023668476997,-0.4437652499834764,1.322156416663948
95.0,274.0,129.89170837402344,-0.039552792326447,2.6822143178956024,-4.116956616998964,-3.680096335332975,-1.926459248976936,1.3401225769674825,-0.097083657111385,3.964023666563277,-0.4437652499834763,1.3221564154769023
95.0,274.0,129.89170837402344,-0.039546414278079,2.6822143178956024,-4.116956616998964,-3.680096358526853,-1.926459248976936,1.340136072858129,-0.097083657111385,3.9640236665876594,-0.4437652499834759,1.3221564162758173
95.0,275.0,129.8916473388672,-0.0394547819665894,2.682214317895609,-4.116956616998964,-3.6800963333030814,-1.926459248976936,1.3401275818667722,-0.097083657111385,3.964023668568252,-0.4437652499834763,1.322156394415256
95.0,275.0,129.89166259765625,-0.0394626497907347,2.6822143178956024,-4.116956616998964,-3.680096335333698,-1.926459248976936,1.3401273851953226,-0.097083657111385,3.964023668568251,-0.4437652499834763,1.3221564346997008
95.0,275.0,129.89166259765625,-0.0394626497907347,2.6822143178956024,-4.116956616998964,-3.680096335333698,-1.926459248976936,1.3401273851953226,-0.097083657111385,3.964023668568251,-0.4437652499834763,1.3221564346997008
95.0,275.0,129.89166259765625,-0.0394605440681896,2.6822143178956024,-4.116956616998964,-3.6800963353330514,-1.926459248976936,1.3401287138270743,-0.097083657111385,3.964023666730128,-0.4437652499834612,1.3221564342351504
95.0,275.0,129.89166259765625,-0.0394586770204219,2.6822143178956024,-4.116956616998964,-3.680096335333698,-1.926459248976936,1.3401274229933633,-0.097083657111385,3.964023668597398,-0.4437652499834763,1.3221564347242216
95.0,275.0,129.89166259765625,-0.0394586770204219,2.6822143178956024,-4.116956616998964,-3.680096335333006,-1.926459248976936,1.3401274229933633,-0.097083657111385,3.964023668597808,-0.4437652499834763,1.3221564347242216
95.0,275.0,129.8916778564453,-0.0394587628263732,2.6822143178956024,-4.116956616998964,-3.6800963353330514,-1.926459248976936,1.340125913144524,-0.097083657111385,3.964023668597165,-0.4437652499836312,1.322156432694412
95.0,275.0,129.8916778564453,-0.0394610548351185,2.6822143178956024,-4.116956616998964,-3.6800963353330514,-1.926459248976936,1.340125913144524,-0.097083657111385,3.964023668569352,-0.4437652499836312,1.322156432694412
95.0,275.0,129.8916778564453,-0.0394602875398281,2.6822143178956024,-4.116956616998964,-3.6800963353330514,-1.926459248976936,1.3401185812135206,-0.097083657111385,3.964023666730128,-0.4437652499834614,1.3221564342351504
95.0,275.0,129.8916778564453,-0.0394614266111906,2.6822143178956024,-4.116956616998964,-3.680096335069857,-1.926459248976936,1.3401224320022072,-0.097083657111385,3.964023668595733,-0.4437652499834758,1.3221564334719471
95.0,275.0,129.8916778564453,-0.039461696741857,2.6822143178956024,-4.116956616998964,-3.6800963353330514,-1.926459248976936,1.340125913144524,-0.097083657111385,3.9640236686285073,-0.4437652499834687,1.322156432694412
95.0,275.0,129.8916778564453,-0.0394615779882465,2.6822143178956024,-4.116956616998964,-3.680096335865341,-1.926459248976936,1.340118447394754,-0.097083657111385,3.964023666730128,-0.4437652499834631,1.3221564342351504
95.0,275.0,129.8916778564453,-0.0394632369446356,2.6822143178956024,-4.116956616998964,-3.680096333938892,-1.926459248976936,1.340125913144524,-0.097083657111385,3.964023668569421,-0.4437652499836326,1.322156432694412
95.0,275.0,129.8916778564453,-0.0394614266111906,2.6822143178956024,-4.116956616998964,-3.6800963350663976,-1.926459248976936,1.3401224320022072,-0.097083657111385,3.964023668595733,-0.4437652499834749,1.3221564334821885
95.0,275.0,129.8916778564453,-0.0394602875398281,2.6822143178956024,-4.116956616998964,-3.6800963353330514,-1.926459248976936,1.3401185812135206,-0.097083657111385,3.964023666727494,-0.4437652499834614,1.3221564349149422
95.0,275.0,129.8916778564453,-0.0394617624953172,2.6822143178956024,-4.116956616998964,-3.6800963353330514,-1.926459248976936,1.340125913144524,-0.097083657111385,3.964023668597165,-0.4437652499834739,1.322156432694412
95.0,275.0,129.8916778564453,-0.0394610548351185,2.6822143178956024,-4.116956616998964,-3.6800963353330514,-1.926459248976936,1.340122625067294,-0.097083657111385,3.964023668569352,-0.4437652499836312,1.32215643348348
95.0,275.0,129.8916778564453,-0.0394559224147181,2.6822143178956024,-4.116956616998964,-3.680096335069857,-1.926459248976936,1.340119568775662,-0.097083657111385,3.964023668595733,-0.4437652499834758,1.322156432702588
95.0,275.0,129.8916778564453,-0.039462735596686,2.6822143178956024,-4.116956616998964,-3.6800963353330514,-1.926459248976936,1.3401258753464833,-0.097083657111385,3.964023668568019,-0.4437652499836312,1.3221564326698911
95.0,275.0,129.8916778564453,-0.0394547819665894,2.682214317895609,-4.116956616998964,-3.68009633552248,-1.926459248976936,1.3401185995500509,-0.097083657111385,3.964023666708656,-0.4437652499834612,1.322156394415256
95.0,275.0,129.8916778564453,-0.0394615779882465,2.6822143178956024,-4.116956616998964,-3.6800963357985417,-1.926459248976936,1.340118447394754,-0.097083657111385,3.964023666730128,-0.4437652499834631,1.3221564342351504
95.0,275.0,129.8916778564453,-0.039458697072913,2.6822143178956024,-4.116956616998964,-3.6800963353330514,-1.926459248976936,1.340125913144524,-0.097083657111385,3.9640236686285073,-0.4437652499836259,1.322156432694412
95.0,275.0,129.8916778564453,-0.0394615779882465,2.6822143178956024,-4.116956616998964,-3.680096337539276,-1.926459248976936,1.340118447394754,-0.097083657111385,3.9640236687483545,-0.4437652499834625,1.3221564342351504
95.0,275.0,129.8916778564453,-0.039461696741857,2.6822143178956024,-4.116956616998964,-3.6800963353330514,-1.926459248976936,1.340125913144524,-0.097083657111385,3.964023668627652,-0.4437652499834617,1.322156432694412
95.0,275.0,129.8916778564453,-0.0394692224825683,2.6822143178956024,-4.116956616998964,-3.680096400028719,-1.926459248976936,1.3401225769674825,-0.097083657111385,3.964023666592579,-0.4437652499836034,1.322156434930556
95.0,275.0,129.8916778564453,-0.0394599964554399,2.6822143178956024,-4.116956616998964,-3.6800963353330514,-1.926459248976936,1.3401258791057613,-0.097083657111385,3.964023668569352,-0.4437652499836312,1.322156432694412
95.0,275.0,129.8916778564453,-0.0394614266111906,2.6822143178956024,-4.116956616998964,-3.6800963350660574,-1.926459248976936,1.3401225778333763,-0.097083657111385,3.964023668595733,-0.4437652499834758,1.3221564334719471
95.0,275.0,129.8916778564453,-0.0394603414250537,2.6822143178956024,-4.116956616998964,-3.6800963353142593,-1.926459248976936,1.3401185817856338,-0.097083657111385,3.964023666730151,-0.4437652499834631,1.3221564342466614
95.0,275.0,129.8916778564453,-0.0394632369446356,2.6822143178956024,-4.116956616998964,-3.680096333938892,-1.926459248976936,1.340125913144524,-0.097083657111385,3.964023668569421,-0.4437652499836326,1.322156432694412
95.0,275.0,129.8916778564453,-0.0394547819665894,2.682214317895609,-4.116956616998964,-3.68009633552248,-1.926459248976936,1.3401184627736542,-0.097083657111385,3.96402366645961,-0.4437652499834772,1.322156394415256
95.0,275.0,129.8916778564453,-0.0394613017056073,2.6822143178956024,-4.116956616998964,-3.680096335069857,-1.926459248976936,1.340125896162074,-0.097083657111385,3.964023668595712,-0.4437652499834758,1.3221564334719471
95.0,275.0,129.8916778564453,-0.0394562753574672,2.6822143178956024,-4.116956616998964,-3.680096399810735,-1.926459248976936,1.3401225769674825,-0.097083657111385,3.964023666592579,-0.4437652499834761,1.322156434926002
95.0,275.0,129.8916778564453,-0.0394559224147181,2.6822143178956024,-4.116956616998964,-3.680096335079986,-1.926459248976936,1.340119568775662,-0.097083657111385,3.964023668595733,-0.4437652499834758,1.322156433437042
95.0,275.0,129.8916778564453,-0.0394610548351185,2.6822143178956024,-4.116956616998964,-3.6800963353330514,-1.926459248976936,1.3401260633704346,-0.097083657111385,3.9640236685978296,-0.4437652499836312,1.3221564341511378
95.0,275.0,129.8916778564453,-0.0394588219784963,2.6822143178956024,-4.116956616998964,-3.6800963353330514,-1.926459248976936,1.3401224489846573,-0.097083657111385,3.964023668628529,-0.4437652499836259,1.322156432694412
95.0,275.0,129.8916778564453,-0.0394610548351185,2.6822143178956024,-4.116956616998964,-3.6800963353330514,-1.926459248976936,1.340122625067294,-0.097083657111385,3.964023668569352,-0.4437652499836312,1.32215643348348
95.0,275.0,129.8916778564453,-0.0394614266111906,2.6822143178956024,-4.116956616998964,-3.6800961276871,-1.926459248976936,1.3401224320022072,-0.097083657111385,3.9640236685944834,-0.4437652499834749,1.3221564334821885
95.0,275.0,129.8916778564453,-0.0394615779882465,2.6822143178956024,-4.116956616998964,-3.6800963353368736,-1.926459248976936,1.340119511064887,-0.097083657111385,3.964023666730128,-0.4437652499834589,1.3221564342351504
95.0,275.0,129.8916778564453,-0.0394599964554399,2.6822143178956024,-4.116956616998964,-3.6800963353330514,-1.926459248976936,1.3401259139209103,-0.097083657111385,3.964023668569352,-0.4437652499834632,1.322156432694412
95.0,275.0,129.89170837402344,-0.039552792326447,2.6822143178956024,-4.116956616998964,-3.6800963353330514,-1.926459248976936,1.3401225769674825,-0.097083657111385,3.964023668568251,-0.4437652499834763,1.3221564334719471
95.0,275.0,129.89170837402344,-0.039552792326447,2.6822143178956024,-4.116956616998964,-3.6800963353330514,-1.926459248976936,1.3401225769674825,-0.097083657111385,3.964023668568251,-0.4437652499836312,1.322156432694412
95.0,275.0,129.89170837402344,-0.039552792326447,2.6822143178956024,-4.116956616998964,-3.6800961343309,-1.926459248976936,1.3401225769674825,-0.097083657111385,3.964023668568251,-0.4437652499834763,1.3221564334719471
95.0,275.0,129.89170837402344,-0.0395527923326818,2.6822143178956024,-4.116956616998964,-3.680096358526853,-1.926459248976936,1.340136072858129,-0.097083657111385,3.964023668568251,-0.4437652499834763,1.3221564334719471
95.0,275.0,129.89170837402344,-0.0395527923245377,2.6822143178956024,-4.116956616998964,-3.680096335333698,-1.926459248976936,1.3401225769674825,-0.097083657111385,3.964023668568251,-0.4437652499834763,1.3221564334719471
95.0,275.0,129.89170837402344,-0.039552792326447,2.6822143178956024,-4.116956616998964,-3.6800963353330514,-1.926459248976936,1.3401225769674825,-0.097083657111385,3.964023668568251,-0.4437652499836312,1.322156432694412
95.0,275.0,129.89170837402344,-0.0395484802582059,2.6822143178956024,-4.116956616998964,-3.6800963353330514,-1.926459248976936,1.3401240445505505,-0.097083657111385,3.964023666837525,-0.4437652499834764,1.322156416663948
95.0,275.0,129.89170837402344,-0.039552792326447,2.6822143178956024,-4.116956616998964,-3.6800963353330514,-1.926459248976936,1.3401194983690703,-0.097083657111385,3.964023668568251,-0.4437652499834817,1.322156432694412
95.0,275.0,129.89170837402344,-0.039552792326447,2.6822143178956024,-4.116956616998964,-3.6800963353330514,-1.926459248976936,1.3401225769674825,-0.097083657111385,3.964023668568251,-0.4437652499836312,1.322156432694412
95.0,275.0,129.89170837402344,-0.0395527923235092,2.682214317895609,-4.116956616998964,-3.680096333269624,-1.926459248976936,1.3401275818667722,-0.097083657111385,3.964023668568252,-0.4437652499834763,1.322156394415256
95.0,275.0,129.89170837402344,-0.0395527923324563,2.6822143178956024,-4.116956616998964,-3.680096335333698,-1.926459248976936,1.3401225769674825,-0.097083657111385,3.964023668568251,-0.4437652499834763,1.3221564334719471
95.0,276.0,129.8916473388672,-0.0394547819665894,2.682214317895609,-4.116956616998964,-3.6800963333030814,-1.926459248976936,1.3401275818667722,-0.097083657111385,3.964023668568252,-0.4437652499834763,1.322156394415256
95.0,276.0,129.8916473388672,-0.0394549332207626,2.682214317895609,-4.116956616998964,-3.680096335258354,-1.926459248976936,1.3401275818667722,-0.097083657111385,3.964023668568252,-0.4437652499834695,1.322156394415256
95.0,276.0,129.8916473388672,-0.0394547819665894,2.682214317895609,-4.116956616998964,-3.6800963333030814,-1.926459248976936,1.3401275818667722,-0.097083657111385,3.964023668568252,-0.4437652499834763,1.322156394415256
95.0,276.0,129.89166259765625,-0.0394626497907347,2.6822143178956024,-4.116956616998964,-3.680096335333698,-1.926459248976936,1.3401273851953226,-0.097083657111385,3.964023668568251,-0.4437652499834763,1.3221564346997008
95.0,276.0,129.89166259765625,-0.0394626497907347,2.6822143178956024,-4.116956616998964,-3.680096335333698,-1.926459248976936,1.3401273851953226,-0.097083657111385,3.964023668568251,-0.4437652499834763,1.3221564346997008
95.0,276.0,129.89166259765625,-0.0394605440681896,2.6822143178956024,-4.116956616998964,-3.6800963353330514,-1.926459248976936,1.3401287138270743,-0.097083657111385,3.964023666730128,-0.4437652499834612,1.3221564342351504
95.0,276.0,129.89166259765625,-0.0394586770204219,2.6822143178956024,-4.116956616998964,-3.680096335333698,-1.926459248976936,1.3401274229933633,-0.097083657111385,3.964023668597398,-0.4437652499834763,1.3221564347242216
95.0,276.0,129.89166259765625,-0.0394586770204219,2.6822143178956024,-4.116956616998964,-3.680096335333006,-1.926459248976936,1.3401274229933633,-0.097083657111385,3.964023668597808,-0.4437652499834763,1.3221564347242216
95.0,276.0,129.89166259765625,-0.0394557340876794,2.6822143178956024,-4.116956616998964,-3.680096335069857,-1.926459248976936,1.3401286934650003,-0.097083657111385,3.964023668562885,-0.4437652499834758,1.322156432702588
95.0,276.0,129.89166259765625,-0.0394626497907347,2.6822143178956024,-4.116956616998964,-3.680096335333698,-1.926459248976936,1.3401273851953226,-0.097083657111385,3.964023668568251,-0.4437652499834763,1.3221564346997008
95.0,276.0,129.89166259765625,-0.0394626497907347,2.6822143178956024,-4.116956616998964,-3.680096335333698,-1.926459248976936,1.3401273851953226,-0.097083657111385,3.964023668568251,-0.4437652499834744,1.3221564346997008
95.0,276.0,129.89166259765625,-0.0394626497907347,2.6822143178956024,-4.116956616998964,-3.680096335333065,-1.926459248976936,1.3401273851953226,-0.097083657111385,3.964023668569409,-0.4437652499834636,1.3221564348813857
95.0,276.0,129.89166259765625,-0.0394547819665894,2.682214317895609,-4.116956616998964,-3.68009633533943,-1.926459248976936,1.340126099583988,-0.097083657111385,3.964023668644829,-0.4437652499834772,1.3221564325018318
95.0,276.0,129.8916778564453,-0.0394587628263732,2.6822143178956024,-4.116956616998964,-3.6800963353330514,-1.926459248976936,1.340125913144524,-0.097083657111385,3.964023668597165,-0.4437652499836312,1.322156432694412
95.0,276.0,129.8916778564453,-0.0394610548351185,2.6822143178956024,-4.116956616998964,-3.6800963353330514,-1.926459248976936,1.340125913144524,-0.097083657111385,3.964023668569352,-0.4437652499836312,1.322156432694412
95.0,276.0,129.8916778564453,-0.0394602875398281,2.6822143178956024,-4.116956616998964,-3.6800963353330514,-1.926459248976936,1.3401185812135206,-0.097083657111385,3.964023666730128,-0.4437652499834614,1.3221564342351504
95.0,276.0,129.8916778564453,-0.0394614266111906,2.6822143178956024,-4.116956616998964,-3.680096335069857,-1.926459248976936,1.3401224320022072,-0.097083657111385,3.964023668595733,-0.4437652499834758,1.3221564334719471
95.0,276.0,129.8916778564453,-0.039461696741857,2.6822143178956024,-4.116956616998964,-3.6800963353330514,-1.926459248976936,1.340125913144524,-0.097083657111385,3.9640236686285073,-0.4437652499834687,1.322156432694412
95.0,276.0,129.8916778564453,-0.0394615779882465,2.6822143178956024,-4.116956616998964,-3.680096335865341,-1.926459248976936,1.340118447394754,-0.097083657111385,3.964023666730128,-0.4437652499834631,1.3221564342351504
95.0,276.0,129.8916778564453,-0.0394632369446356,2.6822143178956024,-4.116956616998964,-3.680096333938892,-1.926459248976936,1.340125913144524,-0.097083657111385,3.964023668569421,-0.4437652499836326,1.322156432694412
95.0,276.0,129.8916778564453,-0.0394614266111906,2.6822143178956024,-4.116956616998964,-3.6800963350663976,-1.926459248976936,1.3401224320022072,-0.097083657111385,3.964023668595733,-0.4437652499834749,1.3221564334821885
95.0,276.0,129.8916778564453,-0.0394602875398281,2.6822143178956024,-4.116956616998964,-3.6800963353330514,-1.926459248976936,1.3401185812135206,-0.097083657111385,3.964023666727494,-0.4437652499834614,1.3221564349149422
95.0,276.0,129.8916778564453,-0.0394617624953172,2.6822143178956024,-4.116956616998964,-3.6800963353330514,-1.926459248976936,1.340125913144524,-0.097083657111385,3.964023668597165,-0.4437652499834739,1.322156432694412
95.0,276.0,129.8916778564453,-0.0394610548351185,2.6822143178956024,-4.116956616998964,-3.6800963353330514,-1.926459248976936,1.340122625067294,-0.097083657111385,3.964023668569352,-0.4437652499836312,1.32215643348348
95.0,276.0,129.8916778564453,-0.0394559224147181,2.6822143178956024,-4.116956616998964,-3.680096335069857,-1.926459248976936,1.340119568775662,-0.097083657111385,3.964023668595733,-0.4437652499834758,1.322156432702588
95.0,276.0,129.8916778564453,-0.039462735596686,2.6822143178956024,-4.116956616998964,-3.6800963353330514,-1.926459248976936,1.3401258753464833,-0.097083657111385,3.964023668568019,-0.4437652499836312,1.3221564326698911
95.0,276.0,129.8916778564453,-0.0394547819665894,2.682214317895609,-4.116956616998964,-3.68009633552248,-1.926459248976936,1.3401185995500509,-0.097083657111385,3.964023666708656,-0.4437652499834612,1.322156394415256
95.0,276.0,129.8916778564453,-0.0394615779882465,2.6822143178956024,-4.116956616998964,-3.6800963357985417,-1.926459248976936,1.340118447394754,-0.097083657111385,3.964023666730128,-0.4437652499834631,1.3221564342351504
95.0,276.0,129.8916778564453,-0.039458697072913,2.6822143178956024,-4.116956616998964,-3.6800963353330514,-1.926459248976936,1.340125913144524,-0.097083657111385,3.9640236686285073,-0.4437652499836259,1.322156432694412
95.0,276.0,129.8916778564453,-0.0394615779882465,2.6822143178956024,-4.116956616998964,-3.680096337539276,-1.926459248976936,1.340118447394754,-0.097083657111385,3.9640236687483545,-0.4437652499834625,1.3221564342351504
95.0,276.0,129.8916778564453,-0.039461696741857,2.6822143178956024,-4.116956616998964,-3.6800963353330514,-1.926459248976936,1.340125913144524,-0.097083657111385,3.964023668627652,-0.4437652499834617,1.322156432694412
95.0,276.0,129.8916778564453,-0.0394692224825683,2.6822143178956024,-4.116956616998964,-3.680096400028719,-1.926459248976936,1.3401225769674825,-0.097083657111385,3.964023666592579,-0.4437652499836034,1.322156434930556
95.0,276.0,129.8916778564453,-0.0394599964554399,2.6822143178956024,-4.116956616998964,-3.6800963353330514,-1.926459248976936,1.3401258791057613,-0.097083657111385,3.964023668569352,-0.4437652499836312,1.322156432694412
95.0,276.0,129.8916778564453,-0.0394614266111906,2.6822143178956024,-4.116956616998964,-3.6800963350660574,-1.926459248976936,1.3401225778333763,-0.097083657111385,3.964023668595733,-0.4437652499834758,1.3221564334719471
95.0,276.0,129.8916778564453,-0.0394603414250537,2.6822143178956024,-4.116956616998964,-3.6800963353142593,-1.926459248976936,1.3401185817856338,-0.097083657111385,3.964023666730151,-0.4437652499834631,1.3221564342466614
95.0,276.0,129.8916778564453,-0.0394632369446356,2.6822143178956024,-4.116956616998964,-3.680096333938892,-1.926459248976936,1.340125913144524,-0.097083657111385,3.964023668569421,-0.4437652499836326,1.322156432694412
95.0,276.0,129.8916778564453,-0.0394547819665894,2.682214317895609,-4.116956616998964,-3.68009633552248,-1.926459248976936,1.3401184627736542,-0.097083657111385,3.96402366645961,-0.4437652499834772,1.322156394415256
95.0,276.0,129.8916778564453,-0.0394613017056073,2.6822143178956024,-4.116956616998964,-3.680096335069857,-1.926459248976936,1.340125896162074,-0.097083657111385,3.964023668595712,-0.4437652499834758,1.3221564334719471
95.0,276.0,129.8916778564453,-0.0394562753574672,2.6822143178956024,-4.116956616998964,-3.680096399810735,-1.926459248976936,1.3401225769674825,-0.097083657111385,3.964023666592579,-0.4437652499834761,1.322156434926002
95.0,276.0,129.8916778564453,-0.0394559224147181,2.6822143178956024,-4.116956616998964,-3.680096335079986,-1.926459248976936,1.340119568775662,-0.097083657111385,3.964023668595733,-0.4437652499834758,1.322156433437042
95.0,276.0,129.8916778564453,-0.0394610548351185,2.6822143178956024,-4.116956616998964,-3.6800963353330514,-1.926459248976936,1.3401260633704346,-0.097083657111385,3.9640236685978296,-0.4437652499836312,1.3221564341511378
95.0,276.0,129.8916778564453,-0.0394588219784963,2.6822143178956024,-4.116956616998964,-3.6800963353330514,-1.926459248976936,1.3401224489846573,-0.097083657111385,3.964023668628529,-0.4437652499836259,1.322156432694412
95.0,276.0,129.8916778564453,-0.0394610548351185,2.6822143178956024,-4.116956616998964,-3.6800963353330514,-1.926459248976936,1.340122625067294,-0.097083657111385,3.964023668569352,-0.4437652499836312,1.32215643348348
95.0,276.0,129.8916778564453,-0.0394614266111906,2.6822143178956024,-4.116956616998964,-3.6800961276871,-1.926459248976936,1.3401224320022072,-0.097083657111385,3.9640236685944834,-0.4437652499834749,1.3221564334821885
95.0,276.0,129.8916778564453,-0.0394615779882465,2.6822143178956024,-4.116956616998964,-3.6800963353368736,-1.926459248976936,1.340119511064887,-0.097083657111385,3.964023666730128,-0.4437652499834589,1.3221564342351504
95.0,276.0,129.8916778564453,-0.0394599964554399,2.6822143178956024,-4.116956616998964,-3.6800963353330514,-1.926459248976936,1.3401259139209103,-0.097083657111385,3.964023668569352,-0.4437652499834632,1.322156432694412
95.0,276.0,129.8916778564453,-0.0394587628263732,2.6822143178956024,-4.116956616998964,-3.6800963353330514,-1.926459248976936,1.340125913144524,-0.097083657111385,3.964023668597165,-0.4437652499836312,1.322156432694412
95.0,276.0,129.8916778564453,-0.0394588219784963,2.6822143178956024,-4.116956616998964,-3.6800963353330514,-1.926459248976936,1.3401224489846573,-0.097083657111385,3.964023668628506,-0.4437652499836291,1.322156432694412
95.0,276.0,129.8916778564453,-0.0394599964554399,2.6822143178956024,-4.116956616998964,-3.680096335333684,-1.926459248976936,1.3401259139209103,-0.097083657111385,3.9640236685681938,-0.4437652499834758,1.322156432512727
95.0,276.0,129.8916778564453,-0.0394610548351185,2.6822143178956024,-4.116956616998964,-3.680096335327549,-1.926459248976936,1.340125532603438,-0.097083657111385,3.964023668569352,-0.4437652499834729,1.32215643348348
95.0,277.0,129.8916473388672,-0.0394547819665894,2.682214317895609,-4.116956616998964,-3.6800963333030814,-1.926459248976936,1.3401275818667722,-0.097083657111385,3.964023668568252,-0.4437652499834763,1.322156394415256
95.0,277.0,129.8916473388672,-0.0394549332207626,2.682214317895609,-4.116956616998964,-3.680096335258354,-1.926459248976936,1.3401275818667722,-0.097083657111385,3.964023668568252,-0.4437652499834695,1.322156394415256
95.0,277.0,129.8916473388672,-0.0394547819665894,2.682214317895609,-4.116956616998964,-3.6800963333030814,-1.926459248976936,1.3401275818667722,-0.097083657111385,3.964023668568252,-0.4437652499834763,1.322156394415256
95.0,277.0,129.8916473388672,-0.0394547819665894,2.682214317895609,-4.116956616998964,-3.68009633552248,-1.926459248976936,1.3401272804413695,-0.097083657111385,3.964023668591744,-0.443765249983477,1.3221564364436311
95.0,277.0,129.8916473388672,-0.0394540761848176,2.682214317895609,-4.116956616998964,-3.6800963333030814,-1.926459248976936,1.3401275818667722,-0.097083657111385,3.964023668568252,-0.4437652499834763,1.3221564358087918
95.0,277.0,129.89166259765625,-0.0394626497907347,2.6822143178956024,-4.116956616998964,-3.680096335333698,-1.926459248976936,1.3401273851953226,-0.097083657111385,3.964023668568251,-0.4437652499834763,1.3221564346997008
95.0,277.0,129.89166259765625,-0.0394626497907347,2.6822143178956024,-4.116956616998964,-3.680096335333698,-1.926459248976936,1.3401273851953226,-0.097083657111385,3.964023668568251,-0.4437652499834763,1.3221564346997008
95.0,277.0,129.89166259765625,-0.0394605440681896,2.6822143178956024,-4.116956616998964,-3.6800963353330514,-1.926459248976936,1.3401287138270743,-0.097083657111385,3.964023666730128,-0.4437652499834612,1.3221564342351504
95.0,277.0,129.89166259765625,-0.0394586770204219,2.6822143178956024,-4.116956616998964,-3.680096335333698,-1.926459248976936,1.3401274229933633,-0.097083657111385,3.964023668597398,-0.4437652499834763,1.3221564347242216
95.0,277.0,129.89166259765625,-0.0394586770204219,2.6822143178956024,-4.116956616998964,-3.680096335333006,-1.926459248976936,1.3401274229933633,-0.097083657111385,3.964023668597808,-0.4437652499834763,1.3221564347242216
95.0,277.0,129.89166259765625,-0.0394557340876794,2.6822143178956024,-4.116956616998964,-3.680096335069857,-1.926459248976936,1.3401286934650003,-0.097083657111385,3.964023668562885,-0.4437652499834758,1.322156432702588
95.0,277.0,129.89166259765625,-0.0394626497907347,2.6822143178956024,-4.116956616998964,-3.680096335333698,-1.926459248976936,1.3401273851953226,-0.097083657111385,3.964023668568251,-0.4437652499834763,1.3221564346997008
95.0,277.0,129.89166259765625,-0.0394626497907347,2.6822143178956024,-4.116956616998964,-3.680096335333698,-1.926459248976936,1.3401273851953226,-0.097083657111385,3.964023668568251,-0.4437652499834744,1.3221564346997008
95.0,277.0,129.89166259765625,-0.0394626497907347,2.6822143178956024,-4.116956616998964,-3.680096335333065,-1.926459248976936,1.3401273851953226,-0.097083657111385,3.964023668569409,-0.4437652499834636,1.3221564348813857
95.0,277.0,129.89166259765625,-0.0394547819665894,2.682214317895609,-4.116956616998964,-3.68009633533943,-1.926459248976936,1.340126099583988,-0.097083657111385,3.964023668644829,-0.4437652499834772,1.3221564325018318
95.0,277.0,129.89166259765625,-0.0394606710760881,2.6822143178956024,-4.116956616998964,-3.6800963353330514,-1.926459248976936,1.3401287138270743,-0.097083657111385,3.964023668586637,-0.4437652499834612,1.322156434105393
95.0,277.0,129.89166259765625,-0.0394627816057553,2.682214317895609,-4.116956616998964,-3.680096335258046,-1.926459248976936,1.3401275818667722,-0.097083657111385,3.964023668568252,-0.4437652499834695,1.322156394415256
95.0,277.0,129.89166259765625,-0.0394587541853306,2.682214317895609,-4.116956616998964,-3.6800963351136056,-1.926459248976936,1.3401274212806122,-0.097083657111385,3.964023668567361,-0.4437652499834763,1.322156394415256
95.0,277.0,129.89166259765625,-0.0394626497907347,2.6822143178956024,-4.116956616998964,-3.680096335333698,-1.926459248976936,1.3401273851953226,-0.097083657111385,3.964023668568251,-0.4437652499834763,1.3221564346997008
95.0,277.0,129.89166259765625,-0.0394556712367683,2.682214317895609,-4.116956616998964,-3.6800963333030814,-1.926459248976936,1.3401276040389662,-0.097083657111385,3.964023668563089,-0.4437652499834763,1.322156394415256
95.0,277.0,129.89166259765625,-0.0394613888092192,2.6822143178956024,-4.116956616998964,-3.6800963350725295,-1.926459248976936,1.340127425821624,-0.097083657111385,3.9640236685957135,-0.4437652499834758,1.322156434700757
95.0,277.0,129.89166259765625,-0.0394547819665894,2.682214317895609,-4.116956616998964,-3.68009633533943,-1.926459248976936,1.3401258893823402,-0.097083657111385,3.964023668561262,-0.4437652499834772,1.322156432499207
95.0,277.0,129.89166259765625,-0.0394588256163928,2.6822143178956024,-4.116956616998964,-3.680096335333052,-1.926459248976936,1.3401274302896564,-0.097083657111385,3.964023668599011,-0.4437652499834632,1.3221564348744343
95.0,277.0,129.89166259765625,-0.0394626497907347,2.6822143178956024,-4.116956616998964,-3.6800963353330354,-1.926459248976936,1.3401274063591009,-0.097083657111385,3.964023668568251,-0.4437652499834763,1.3221564347081711
95.0,277.0,129.89166259765625,-0.0394614491420795,2.6822143178956024,-4.116956616998964,-3.680096335333698,-1.926459248976936,1.3401273851953226,-0.097083657111385,3.964023668568251,-0.4437652499834744,1.3221564346997008
95.0,277.0,129.8916778564453,-0.0394587628263732,2.6822143178956024,-4.116956616998964,-3.6800963353330514,-1.926459248976936,1.340125913144524,-0.097083657111385,3.964023668597165,-0.4437652499836312,1.322156432694412
95.0,277.0,129.8916778564453,-0.0394610548351185,2.6822143178956024,-4.116956616998964,-3.6800963353330514,-1.926459248976936,1.340125913144524,-0.097083657111385,3.964023668569352,-0.4437652499836312,1.322156432694412
95.0,277.0,129.8916778564453,-0.0394602875398281,2.6822143178956024,-4.116956616998964,-3.6800963353330514,-1.926459248976936,1.3401185812135206,-0.097083657111385,3.964023666730128,-0.4437652499834614,1.3221564342351504
95.0,277.0,129.8916778564453,-0.0394614266111906,2.6822143178956024,-4.116956616998964,-3.680096335069857,-1.926459248976936,1.3401224320022072,-0.097083657111385,3.964023668595733,-0.4437652499834758,1.3221564334719471
95.0,277.0,129.8916778564453,-0.039461696741857,2.6822143178956024,-4.116956616998964,-3.6800963353330514,-1.926459248976936,1.340125913144524,-0.097083657111385,3.9640236686285073,-0.4437652499834687,1.322156432694412
95.0,277.0,129.8916778564453,-0.0394615779882465,2.6822143178956024,-4.116956616998964,-3.680096335865341,-1.926459248976936,1.340118447394754,-0.097083657111385,3.964023666730128,-0.4437652499834631,1.3221564342351504
95.0,277.0,129.8916778564453,-0.0394632369446356,2.6822143178956024,-4.116956616998964,-3.680096333938892,-1.926459248976936,1.340125913144524,-0.097083657111385,3.964023668569421,-0.4437652499836326,1.322156432694412
95.0,277.0,129.8916778564453,-0.0394614266111906,2.6822143178956024,-4.116956616998964,-3.6800963350663976,-1.926459248976936,1.3401224320022072,-0.097083657111385,3.964023668595733,-0.4437652499834749,1.3221564334821885
95.0,277.0,129.8916778564453,-0.0394602875398281,2.6822143178956024,-4.116956616998964,-3.6800963353330514,-1.926459248976936,1.3401185812135206,-0.097083657111385,3.964023666727494,-0.4437652499834614,1.3221564349149422
95.0,277.0,129.8916778564453,-0.0394617624953172,2.6822143178956024,-4.116956616998964,-3.6800963353330514,-1.926459248976936,1.340125913144524,-0.097083657111385,3.964023668597165,-0.4437652499834739,1.322156432694412
95.0,277.0,129.8916778564453,-0.0394610548351185,2.6822143178956024,-4.116956616998964,-3.6800963353330514,-1.926459248976936,1.340122625067294,-0.097083657111385,3.964023668569352,-0.4437652499836312,1.32215643348348
95.0,277.0,129.8916778564453,-0.0394559224147181,2.6822143178956024,-4.116956616998964,-3.680096335069857,-1.926459248976936,1.340119568775662,-0.097083657111385,3.964023668595733,-0.4437652499834758,1.322156432702588
95.0,277.0,129.8916778564453,-0.039462735596686,2.6822143178956024,-4.116956616998964,-3.6800963353330514,-1.926459248976936,1.3401258753464833,-0.097083657111385,3.964023668568019,-0.4437652499836312,1.3221564326698911
95.0,277.0,129.8916778564453,-0.0394547819665894,2.682214317895609,-4.116956616998964,-3.68009633552248,-1.926459248976936,1.3401185995500509,-0.097083657111385,3.964023666708656,-0.4437652499834612,1.322156394415256
95.0,277.0,129.8916778564453,-0.0394615779882465,2.6822143178956024,-4.116956616998964,-3.6800963357985417,-1.926459248976936,1.340118447394754,-0.097083657111385,3.964023666730128,-0.4437652499834631,1.3221564342351504
95.0,277.0,129.8916778564453,-0.039458697072913,2.6822143178956024,-4.116956616998964,-3.6800963353330514,-1.926459248976936,1.340125913144524,-0.097083657111385,3.9640236686285073,-0.4437652499836259,1.322156432694412
95.0,277.0,129.8916778564453,-0.0394615779882465,2.6822143178956024,-4.116956616998964,-3.680096337539276,-1.926459248976936,1.340118447394754,-0.097083657111385,3.9640236687483545,-0.4437652499834625,1.3221564342351504
95.0,277.0,129.8916778564453,-0.039461696741857,2.6822143178956024,-4.116956616998964,-3.6800963353330514,-1.926459248976936,1.340125913144524,-0.097083657111385,3.964023668627652,-0.4437652499834617,1.322156432694412
95.0,277.0,129.8916778564453,-0.0394692224825683,2.6822143178956024,-4.116956616998964,-3.680096400028719,-1.926459248976936,1.3401225769674825,-0.097083657111385,3.964023666592579,-0.4437652499836034,1.322156434930556
95.0,277.0,129.8916778564453,-0.0394599964554399,2.6822143178956024,-4.116956616998964,-3.6800963353330514,-1.926459248976936,1.3401258791057613,-0.097083657111385,3.964023668569352,-0.4437652499836312,1.322156432694412
95.0,277.0,129.8916778564453,-0.0394614266111906,2.6822143178956024,-4.116956616998964,-3.6800963350660574,-1.926459248976936,1.3401225778333763,-0.097083657111385,3.964023668595733,-0.4437652499834758,1.3221564334719471
95.0,277.0,129.8916778564453,-0.0394603414250537,2.6822143178956024,-4.116956616998964,-3.6800963353142593,-1.926459248976936,1.3401185817856338,-0.097083657111385,3.964023666730151,-0.4437652499834631,1.3221564342466614
95.0,277.0,129.8916778564453,-0.0394632369446356,2.6822143178956024,-4.116956616998964,-3.680096333938892,-1.926459248976936,1.340125913144524,-0.097083657111385,3.964023668569421,-0.4437652499836326,1.322156432694412
95.0,277.0,129.8916778564453,-0.0394547819665894,2.682214317895609,-4.116956616998964,-3.68009633552248,-1.926459248976936,1.3401184627736542,-0.097083657111385,3.96402366645961,-0.4437652499834772,1.322156394415256
95.0,277.0,129.8916778564453,-0.0394613017056073,2.6822143178956024,-4.116956616998964,-3.680096335069857,-1.926459248976936,1.340125896162074,-0.097083657111385,3.964023668595712,-0.4437652499834758,1.3221564334719471
95.0,278.0,129.8916473388672,-0.0394547819665894,2.682214317895609,-4.116956616998964,-3.6800963333030814,-1.926459248976936,1.3401275818667722,-0.097083657111385,3.964023668568252,-0.4437652499834763,1.322156394415256
95.0,278.0,129.8916473388672,-0.0394549332207626,2.682214317895609,-4.116956616998964,-3.680096335258354,-1.926459248976936,1.3401275818667722,-0.097083657111385,3.964023668568252,-0.4437652499834695,1.322156394415256
95.0,278.0,129.8916473388672,-0.0394547819665894,2.682214317895609,-4.116956616998964,-3.6800963333030814,-1.926459248976936,1.3401275818667722,-0.097083657111385,3.964023668568252,-0.4437652499834763,1.322156394415256
95.0,278.0,129.8916473388672,-0.0394547819665894,2.682214317895609,-4.116956616998964,-3.68009633552248,-1.926459248976936,1.3401272804413695,-0.097083657111385,3.964023668591744,-0.443765249983477,1.3221564364436311
95.0,278.0,129.8916473388672,-0.0394540761848176,2.682214317895609,-4.116956616998964,-3.6800963333030814,-1.926459248976936,1.3401275818667722,-0.097083657111385,3.964023668568252,-0.4437652499834763,1.3221564358087918
95.0,278.0,129.8916473388672,-0.0394549402594434,2.682214317895609,-4.116956616998964,-3.68009633552248,-1.926459248976936,1.3401272804413695,-0.097083657111385,3.9640236685918975,-0.443765249983477,1.3221564363177545
95.0,278.0,129.8916473388672,-0.0394549332207626,2.682214317895609,-4.116956616998964,-3.680096335258313,-1.926459248976936,1.3401275785618103,-0.097083657111385,3.964023668627674,-0.4437652499834664,1.322156394415256
95.0,278.0,129.89166259765625,-0.0394626497907347,2.6822143178956024,-4.116956616998964,-3.680096335333698,-1.926459248976936,1.3401273851953226,-0.097083657111385,3.964023668568251,-0.4437652499834763,1.3221564346997008
95.0,278.0,129.89166259765625,-0.0394626497907347,2.6822143178956024,-4.116956616998964,-3.680096335333698,-1.926459248976936,1.3401273851953226,-0.097083657111385,3.964023668568251,-0.4437652499834763,1.3221564346997008
95.0,278.0,129.89166259765625,-0.0394605440681896,2.6822143178956024,-4.116956616998964,-3.6800963353330514,-1.926459248976936,1.3401287138270743,-0.097083657111385,3.964023666730128,-0.4437652499834612,1.3221564342351504
95.0,278.0,129.89166259765625,-0.0394586770204219,2.6822143178956024,-4.116956616998964,-3.680096335333698,-1.926459248976936,1.3401274229933633,-0.097083657111385,3.964023668597398,-0.4437652499834763,1.3221564347242216
95.0,278.0,129.89166259765625,-0.0394586770204219,2.6822143178956024,-4.116956616998964,-3.680096335333006,-1.926459248976936,1.3401274229933633,-0.097083657111385,3.964023668597808,-0.4437652499834763,1.3221564347242216
95.0,278.0,129.89166259765625,-0.0394557340876794,2.6822143178956024,-4.116956616998964,-3.680096335069857,-1.926459248976936,1.3401286934650003,-0.097083657111385,3.964023668562885,-0.4437652499834758,1.322156432702588
95.0,278.0,129.89166259765625,-0.0394626497907347,2.6822143178956024,-4.116956616998964,-3.680096335333698,-1.926459248976936,1.3401273851953226,-0.097083657111385,3.964023668568251,-0.4437652499834763,1.3221564346997008
95.0,278.0,129.89166259765625,-0.0394626497907347,2.6822143178956024,-4.116956616998964,-3.680096335333698,-1.926459248976936,1.3401273851953226,-0.097083657111385,3.964023668568251,-0.4437652499834744,1.3221564346997008
95.0,278.0,129.89166259765625,-0.0394626497907347,2.6822143178956024,-4.116956616998964,-3.680096335333065,-1.926459248976936,1.3401273851953226,-0.097083657111385,3.964023668569409,-0.4437652499834636,1.3221564348813857
95.0,278.0,129.89166259765625,-0.0394547819665894,2.682214317895609,-4.116956616998964,-3.68009633533943,-1.926459248976936,1.340126099583988,-0.097083657111385,3.964023668644829,-0.4437652499834772,1.3221564325018318
95.0,278.0,129.89166259765625,-0.0394606710760881,2.6822143178956024,-4.116956616998964,-3.6800963353330514,-1.926459248976936,1.3401287138270743,-0.097083657111385,3.964023668586637,-0.4437652499834612,1.322156434105393
95.0,278.0,129.89166259765625,-0.0394627816057553,2.682214317895609,-4.116956616998964,-3.680096335258046,-1.926459248976936,1.3401275818667722,-0.097083657111385,3.964023668568252,-0.4437652499834695,1.322156394415256
95.0,278.0,129.89166259765625,-0.0394587541853306,2.682214317895609,-4.116956616998964,-3.6800963351136056,-1.926459248976936,1.3401274212806122,-0.097083657111385,3.964023668567361,-0.4437652499834763,1.322156394415256
95.0,278.0,129.89166259765625,-0.0394626497907347,2.6822143178956024,-4.116956616998964,-3.680096335333698,-1.926459248976936,1.3401273851953226,-0.097083657111385,3.964023668568251,-0.4437652499834763,1.3221564346997008
95.0,278.0,129.89166259765625,-0.0394556712367683,2.682214317895609,-4.116956616998964,-3.6800963333030814,-1.926459248976936,1.3401276040389662,-0.097083657111385,3.964023668563089,-0.4437652499834763,1.322156394415256
95.0,278.0,129.89166259765625,-0.0394613888092192,2.6822143178956024,-4.116956616998964,-3.6800963350725295,-1.926459248976936,1.340127425821624,-0.097083657111385,3.9640236685957135,-0.4437652499834758,1.322156434700757
95.0,278.0,129.89166259765625,-0.0394547819665894,2.682214317895609,-4.116956616998964,-3.68009633533943,-1.926459248976936,1.3401258893823402,-0.097083657111385,3.964023668561262,-0.4437652499834772,1.322156432499207
95.0,278.0,129.89166259765625,-0.0394588256163928,2.6822143178956024,-4.116956616998964,-3.680096335333052,-1.926459248976936,1.3401274302896564,-0.097083657111385,3.964023668599011,-0.4437652499834632,1.3221564348744343
95.0,278.0,129.89166259765625,-0.0394626497907347,2.6822143178956024,-4.116956616998964,-3.6800963353330354,-1.926459248976936,1.3401274063591009,-0.097083657111385,3.964023668568251,-0.4437652499834763,1.3221564347081711
95.0,278.0,129.89166259765625,-0.0394614491420795,2.6822143178956024,-4.116956616998964,-3.680096335333698,-1.926459248976936,1.3401273851953226,-0.097083657111385,3.964023668568251,-0.4437652499834744,1.3221564346997008
95.0,278.0,129.89166259765625,-0.0394549332207626,2.682214317895609,-4.116956616998964,-3.68009633533508,-1.926459248976936,1.3401261524122623,-0.097083657111385,3.964023668568252,-0.4437652499834695,1.322156394415256
95.0,278.0,129.89166259765625,-0.0394626497907347,2.6822143178956024,-4.116956616998964,-3.680096335333698,-1.926459248976936,1.3401273851953226,-0.097083657111385,3.964023668568251,-0.4437652499834763,1.3221564346997008
95.0,278.0,129.89166259765625,-0.0394625830526291,2.6822143178956024,-4.116956616998964,-3.6800963353330354,-1.926459248976936,1.3401274063591009,-0.097083657111385,3.964023668568251,-0.4437652499834763,1.322156434707398
95.0,278.0,129.89166259765625,-0.0394623939291319,2.6822143178956024,-4.116956616998964,-3.680096335333698,-1.926459248976936,1.3401273851953226,-0.097083657111385,3.964023668568251,-0.4437652499834763,1.3221564325699344
95.0,278.0,129.89166259765625,-0.0394613888092192,2.6822143178956024,-4.116956616998964,-3.6800963350725295,-1.926459248976936,1.340127425821624,-0.097083657111385,3.9640236685957135,-0.4437652499834758,1.322156434700757
95.0,278.0,129.89166259765625,-0.0394605440681896,2.6822143178956024,-4.116956616998964,-3.6800963353330514,-1.926459248976936,1.34012869227376,-0.097083657111385,3.964023666730128,-0.4437652499834612,1.3221564334264688
95.0,278.0,129.89166259765625,-0.0394556712367683,2.682214317895609,-4.116956616998964,-3.6800963333030814,-1.926459248976936,1.3401276011361882,-0.097083657111385,3.964023668563089,-0.4437652499834763,1.322156394415256
95.0,278.0,129.89166259765625,-0.0394626497907347,2.6822143178956024,-4.116956616998964,-3.680096335333698,-1.926459248976936,1.3401273851953226,-0.097083657111385,3.964023668568251,-0.4437652499834763,1.3221564346997008
95.0,278.0,129.8916778564453,-0.0394587628263732,2.6822143178956024,-4.116956616998964,-3.6800963353330514,-1.926459248976936,1.340125913144524,-0.097083657111385,3.964023668597165,-0.4437652499836312,1.322156432694412
95.0,278.0,129.8916778564453,-0.0394610548351185,2.6822143178956024,-4.116956616998964,-3.6800963353330514,-1.926459248976936,1.340125913144524,-0.097083657111385,3.964023668569352,-0.4437652499836312,1.322156432694412
95.0,278.0,129.8916778564453,-0.0394602875398281,2.6822143178956024,-4.116956616998964,-3.6800963353330514,-1.926459248976936,1.3401185812135206,-0.097083657111385,3.964023666730128,-0.4437652499834614,1.3221564342351504
95.0,278.0,129.8916778564453,-0.0394614266111906,2.6822143178956024,-4.116956616998964,-3.680096335069857,-1.926459248976936,1.3401224320022072,-0.097083657111385,3.964023668595733,-0.4437652499834758,1.3221564334719471
95.0,278.0,129.8916778564453,-0.039461696741857,2.6822143178956024,-4.116956616998964,-3.6800963353330514,-1.926459248976936,1.340125913144524,-0.097083657111385,3.9640236686285073,-0.4437652499834687,1.322156432694412
95.0,278.0,129.8916778564453,-0.0394615779882465,2.6822143178956024,-4.116956616998964,-3.680096335865341,-1.926459248976936,1.340118447394754,-0.097083657111385,3.964023666730128,-0.4437652499834631,1.3221564342351504
95.0,278.0,129.8916778564453,-0.0394632369446356,2.6822143178956024,-4.116956616998964,-3.680096333938892,-1.926459248976936,1.340125913144524,-0.097083657111385,3.964023668569421,-0.4437652499836326,1.322156432694412
95.0,278.0,129.8916778564453,-0.0394614266111906,2.6822143178956024,-4.116956616998964,-3.6800963350663976,-1.926459248976936,1.3401224320022072,-0.097083657111385,3.964023668595733,-0.4437652499834749,1.3221564334821885
95.0,278.0,129.8916778564453,-0.0394602875398281,2.6822143178956024,-4.116956616998964,-3.6800963353330514,-1.926459248976936,1.3401185812135206,-0.097083657111385,3.964023666727494,-0.4437652499834614,1.3221564349149422
95.0,278.0,129.8916778564453,-0.0394617624953172,2.6822143178956024,-4.116956616998964,-3.6800963353330514,-1.926459248976936,1.340125913144524,-0.097083657111385,3.964023668597165,-0.4437652499834739,1.322156432694412
95.0,278.0,129.8916778564453,-0.0394610548351185,2.6822143178956024,-4.116956616998964,-3.6800963353330514,-1.926459248976936,1.340122625067294,-0.097083657111385,3.964023668569352,-0.4437652499836312,1.32215643348348
95.0,278.0,129.8916778564453,-0.0394559224147181,2.6822143178956024,-4.116956616998964,-3.680096335069857,-1.926459248976936,1.340119568775662,-0.097083657111385,3.964023668595733,-0.4437652499834758,1.322156432702588
95.0,278.0,129.8916778564453,-0.039462735596686,2.6822143178956024,-4.116956616998964,-3.6800963353330514,-1.926459248976936,1.3401258753464833,-0.097083657111385,3.964023668568019,-0.4437652499836312,1.3221564326698911
95.0,278.0,129.8916778564453,-0.0394547819665894,2.682214317895609,-4.116956616998964,-3.68009633552248,-1.926459248976936,1.3401185995500509,-0.097083657111385,3.964023666708656,-0.4437652499834612,1.322156394415256
95.0,278.0,129.8916778564453,-0.0394615779882465,2.6822143178956024,-4.116956616998964,-3.6800963357985417,-1.926459248976936,1.340118447394754,-0.097083657111385,3.964023666730128,-0.4437652499834631,1.3221564342351504
95.0,279.0,129.8916473388672,-0.0394547819665894,2.682214317895609,-4.116956616998964,-3.6800963333030814,-1.926459248976936,1.3401275818667722,-0.097083657111385,3.964023668568252,-0.4437652499834763,1.322156394415256
95.0,279.0,129.8916473388672,-0.0394549332207626,2.682214317895609,-4.116956616998964,-3.680096335258354,-1.926459248976936,1.3401275818667722,-0.097083657111385,3.964023668568252,-0.4437652499834695,1.322156394415256
95.0,279.0,129.8916473388672,-0.0394547819665894,2.682214317895609,-4.116956616998964,-3.6800963333030814,-1.926459248976936,1.3401275818667722,-0.097083657111385,3.964023668568252,-0.4437652499834763,1.322156394415256
95.0,279.0,129.8916473388672,-0.0394547819665894,2.682214317895609,-4.116956616998964,-3.68009633552248,-1.926459248976936,1.3401272804413695,-0.097083657111385,3.964023668591744,-0.443765249983477,1.3221564364436311
95.0,279.0,129.8916473388672,-0.0394540761848176,2.682214317895609,-4.116956616998964,-3.6800963333030814,-1.926459248976936,1.3401275818667722,-0.097083657111385,3.964023668568252,-0.4437652499834763,1.3221564358087918
95.0,279.0,129.8916473388672,-0.0394549402594434,2.682214317895609,-4.116956616998964,-3.68009633552248,-1.926459248976936,1.3401272804413695,-0.097083657111385,3.9640236685918975,-0.443765249983477,1.3221564363177545
95.0,279.0,129.8916473388672,-0.0394549332207626,2.682214317895609,-4.116956616998964,-3.680096335258313,-1.926459248976936,1.3401275785618103,-0.097083657111385,3.964023668627674,-0.4437652499834664,1.322156394415256
95.0,279.0,129.8916473388672,-0.0394549320041276,2.682214317895609,-4.116956616998964,-3.6800963353307967,-1.926459248976936,1.3401275818667722,-0.097083657111385,3.964023668568252,-0.4437652499834763,1.3221564358087918
95.0,279.0,129.8916473388672,-0.0394547819665894,2.682214317895609,-4.116956616998964,-3.6800963333030814,-1.926459248976936,1.3401275818667722,-0.097083657111385,3.964023668568252,-0.4437652499834767,1.322156394415256
95.0,279.0,129.8916473388672,-0.0394553300044638,2.682214317895609,-4.116956616998964,-3.680096335258313,-1.926459248976936,1.3401275785618103,-0.097083657111385,3.964023668627674,-0.4437652499834664,1.322156394415256
95.0,279.0,129.8916473388672,-0.0394548655383749,2.682214317895609,-4.116956616998964,-3.680096335333712,-1.926459248976936,1.3401272804413695,-0.097083657111385,3.9640236687023376,-0.443765249983477,1.3221564365044098
95.0,279.0,129.8916473388672,-0.0394540761848176,2.682214317895609,-4.116956616998964,-3.6800963335031818,-1.926459248976936,1.3401275561109451,-0.097083657111385,3.964023668568252,-0.4437652499834614,1.3221564358194011
95.0,279.0,129.89166259765625,-0.0394626497907347,2.6822143178956024,-4.116956616998964,-3.680096335333698,-1.926459248976936,1.3401273851953226,-0.097083657111385,3.964023668568251,-0.4437652499834763,1.3221564346997008
95.0,279.0,129.89166259765625,-0.0394626497907347,2.6822143178956024,-4.116956616998964,-3.680096335333698,-1.926459248976936,1.3401273851953226,-0.097083657111385,3.964023668568251,-0.4437652499834763,1.3221564346997008
95.0,279.0,129.89166259765625,-0.0394605440681896,2.6822143178956024,-4.116956616998964,-3.6800963353330514,-1.926459248976936,1.3401287138270743,-0.097083657111385,3.964023666730128,-0.4437652499834612,1.3221564342351504
95.0,279.0,129.89166259765625,-0.0394586770204219,2.6822143178956024,-4.116956616998964,-3.680096335333698,-1.926459248976936,1.3401274229933633,-0.097083657111385,3.964023668597398,-0.4437652499834763,1.3221564347242216
95.0,279.0,129.89166259765625,-0.0394586770204219,2.6822143178956024,-4.116956616998964,-3.680096335333006,-1.926459248976936,1.3401274229933633,-0.097083657111385,3.964023668597808,-0.4437652499834763,1.3221564347242216
95.0,279.0,129.89166259765625,-0.0394557340876794,2.6822143178956024,-4.116956616998964,-3.680096335069857,-1.926459248976936,1.3401286934650003,-0.097083657111385,3.964023668562885,-0.4437652499834758,1.322156432702588
95.0,279.0,129.89166259765625,-0.0394626497907347,2.6822143178956024,-4.116956616998964,-3.680096335333698,-1.926459248976936,1.3401273851953226,-0.097083657111385,3.964023668568251,-0.4437652499834763,1.3221564346997008
95.0,279.0,129.89166259765625,-0.0394626497907347,2.6822143178956024,-4.116956616998964,-3.680096335333698,-1.926459248976936,1.3401273851953226,-0.097083657111385,3.964023668568251,-0.4437652499834744,1.3221564346997008
95.0,279.0,129.89166259765625,-0.0394626497907347,2.6822143178956024,-4.116956616998964,-3.680096335333065,-1.926459248976936,1.3401273851953226,-0.097083657111385,3.964023668569409,-0.4437652499834636,1.3221564348813857
95.0,279.0,129.89166259765625,-0.0394547819665894,2.682214317895609,-4.116956616998964,-3.68009633533943,-1.926459248976936,1.340126099583988,-0.097083657111385,3.964023668644829,-0.4437652499834772,1.3221564325018318
95.0,279.0,129.89166259765625,-0.0394606710760881,2.6822143178956024,-4.116956616998964,-3.6800963353330514,-1.926459248976936,1.3401287138270743,-0.097083657111385,3.964023668586637,-0.4437652499834612,1.322156434105393
95.0,279.0,129.89166259765625,-0.0394627816057553,2.682214317895609,-4.116956616998964,-3.680096335258046,-1.926459248976936,1.3401275818667722,-0.097083657111385,3.964023668568252,-0.4437652499834695,1.322156394415256
95.0,279.0,129.89166259765625,-0.0394587541853306,2.682214317895609,-4.116956616998964,-3.6800963351136056,-1.926459248976936,1.3401274212806122,-0.097083657111385,3.964023668567361,-0.4437652499834763,1.322156394415256
95.0,279.0,129.89166259765625,-0.0394626497907347,2.6822143178956024,-4.116956616998964,-3.680096335333698,-1.926459248976936,1.3401273851953226,-0.097083657111385,3.964023668568251,-0.4437652499834763,1.3221564346997008
95.0,279.0,129.89166259765625,-0.0394556712367683,2.682214317895609,-4.116956616998964,-3.6800963333030814,-1.926459248976936,1.3401276040389662,-0.097083657111385,3.964023668563089,-0.4437652499834763,1.322156394415256
95.0,279.0,129.89166259765625,-0.0394613888092192,2.6822143178956024,-4.116956616998964,-3.6800963350725295,-1.926459248976936,1.340127425821624,-0.097083657111385,3.9640236685957135,-0.4437652499834758,1.322156434700757
95.0,279.0,129.89166259765625,-0.0394547819665894,2.682214317895609,-4.116956616998964,-3.68009633533943,-1.926459248976936,1.3401258893823402,-0.097083657111385,3.964023668561262,-0.4437652499834772,1.322156432499207
95.0,279.0,129.89166259765625,-0.0394588256163928,2.6822143178956024,-4.116956616998964,-3.680096335333052,-1.926459248976936,1.3401274302896564,-0.097083657111385,3.964023668599011,-0.4437652499834632,1.3221564348744343
95.0,279.0,129.89166259765625,-0.0394626497907347,2.6822143178956024,-4.116956616998964,-3.6800963353330354,-1.926459248976936,1.3401274063591009,-0.097083657111385,3.964023668568251,-0.4437652499834763,1.3221564347081711
95.0,279.0,129.89166259765625,-0.0394614491420795,2.6822143178956024,-4.116956616998964,-3.680096335333698,-1.926459248976936,1.3401273851953226,-0.097083657111385,3.964023668568251,-0.4437652499834744,1.3221564346997008
95.0,279.0,129.89166259765625,-0.0394549332207626,2.682214317895609,-4.116956616998964,-3.68009633533508,-1.926459248976936,1.3401261524122623,-0.097083657111385,3.964023668568252,-0.4437652499834695,1.322156394415256
95.0,279.0,129.89166259765625,-0.0394626497907347,2.6822143178956024,-4.116956616998964,-3.680096335333698,-1.926459248976936,1.3401273851953226,-0.097083657111385,3.964023668568251,-0.4437652499834763,1.3221564346997008
95.0,279.0,129.89166259765625,-0.0394625830526291,2.6822143178956024,-4.116956616998964,-3.6800963353330354,-1.926459248976936,1.3401274063591009,-0.097083657111385,3.964023668568251,-0.4437652499834763,1.322156434707398
95.0,279.0,129.89166259765625,-0.0394623939291319,2.6822143178956024,-4.116956616998964,-3.680096335333698,-1.926459248976936,1.3401273851953226,-0.097083657111385,3.964023668568251,-0.4437652499834763,1.3221564325699344
95.0,279.0,129.89166259765625,-0.0394613888092192,2.6822143178956024,-4.116956616998964,-3.6800963350725295,-1.926459248976936,1.340127425821624,-0.097083657111385,3.9640236685957135,-0.4437652499834758,1.322156434700757
95.0,279.0,129.89166259765625,-0.0394605440681896,2.6822143178956024,-4.116956616998964,-3.6800963353330514,-1.926459248976936,1.34012869227376,-0.097083657111385,3.964023666730128,-0.4437652499834612,1.3221564334264688
95.0,279.0,129.89166259765625,-0.0394556712367683,2.682214317895609,-4.116956616998964,-3.6800963333030814,-1.926459248976936,1.3401276011361882,-0.097083657111385,3.964023668563089,-0.4437652499834763,1.322156394415256
95.0,279.0,129.89166259765625,-0.0394626497907347,2.6822143178956024,-4.116956616998964,-3.680096335333698,-1.926459248976936,1.3401273851953226,-0.097083657111385,3.964023668568251,-0.4437652499834763,1.3221564346997008
95.0,279.0,129.89166259765625,-0.039462391818042,2.6822143178956024,-4.116956616998964,-3.680096335333698,-1.926459248976936,1.3401273851953226,-0.097083657111385,3.964023668568251,-0.4437652499834763,1.3221564346997008
95.0,279.0,129.89166259765625,-0.0394613888092192,2.6822143178956024,-4.116956616998964,-3.6800963350725295,-1.926459248976936,1.340127425821624,-0.097083657111385,3.9640236685957135,-0.4437652499834758,1.322156434700757
95.0,279.0,129.89166259765625,-0.0394547819665894,2.682214317895609,-4.116956616998964,-3.68009633533943,-1.926459248976936,1.3401259772016194,-0.097083657111385,3.9640236685611976,-0.4437652499834772,1.3221563894336088
95.0,279.0,129.89166259765625,-0.0394622530070336,2.6822143178956024,-4.116956616998964,-3.680096335333698,-1.926459248976936,1.3401273851953226,-0.097083657111385,3.964023668568251,-0.4437652499834763,1.3221564346997008
95.0,279.0,129.89166259765625,-0.0394613096662554,2.682214317895609,-4.116956616998964,-3.680096335518415,-1.926459248976936,1.3401274268674657,-0.097083657111385,3.9640236685918975,-0.443765249983477,1.3221564347056625
95.0,279.0,129.89166259765625,-0.0394549332207626,2.682214317895609,-4.116956616998964,-3.68009633533508,-1.926459248976936,1.3401261524122623,-0.097083657111385,3.964023668568252,-0.4437652499834695,1.322156394415256
95.0,279.0,129.89166259765625,-0.0394559682983399,2.6822143178956024,-4.116956616998964,-3.6800963353624767,-1.926459248976936,1.3401273851953226,-0.097083657111385,3.9640236685694896,-0.4437652499834636,1.3221564348813857
95.0,279.0,129.89166259765625,-0.0394540774014525,2.682214317895609,-4.116956616998964,-3.6800963333073655,-1.926459248976936,1.3401261524122623,-0.097083657111385,3.964023668568252,-0.4437652499834695,1.322156394415256
95.0,279.0,129.89166259765625,-0.0394626519018247,2.6822143178956024,-4.116956616998964,-3.680096335333698,-1.926459248976936,1.3401273851953226,-0.097083657111385,3.964023668568251,-0.4437652499834763,1.3221564325699344
95.0,279.0,129.89166259765625,-0.0394586770204219,2.6822143178956024,-4.116956616998964,-3.680096335333698,-1.926459248976936,1.340127520119295,-0.097083657111385,3.964023668597398,-0.4437652499834763,1.3221564347242216
95.0,280.0,129.8916473388672,-0.0394547819665894,2.682214317895609,-4.116956616998964,-3.6800963333030814,-1.926459248976936,1.3401275818667722,-0.097083657111385,3.964023668568252,-0.4437652499834763,1.322156394415256
95.0,280.0,129.8916473388672,-0.0394549332207626,2.682214317895609,-4.116956616998964,-3.680096335258354,-1.926459248976936,1.3401275818667722,-0.097083657111385,3.964023668568252,-0.4437652499834695,1.322156394415256
95.0,280.0,129.8916473388672,-0.0394547819665894,2.682214317895609,-4.116956616998964,-3.6800963333030814,-1.926459248976936,1.3401275818667722,-0.097083657111385,3.964023668568252,-0.4437652499834763,1.322156394415256
95.0,280.0,129.8916473388672,-0.0394547819665894,2.682214317895609,-4.116956616998964,-3.68009633552248,-1.926459248976936,1.3401272804413695,-0.097083657111385,3.964023668591744,-0.443765249983477,1.3221564364436311
95.0,280.0,129.8916473388672,-0.0394540761848176,2.682214317895609,-4.116956616998964,-3.6800963333030814,-1.926459248976936,1.3401275818667722,-0.097083657111385,3.964023668568252,-0.4437652499834763,1.3221564358087918
95.0,280.0,129.8916473388672,-0.0394549402594434,2.682214317895609,-4.116956616998964,-3.68009633552248,-1.926459248976936,1.3401272804413695,-0.097083657111385,3.9640236685918975,-0.443765249983477,1.3221564363177545
95.0,280.0,129.8916473388672,-0.0394549332207626,2.682214317895609,-4.116956616998964,-3.680096335258313,-1.926459248976936,1.3401275785618103,-0.097083657111385,3.964023668627674,-0.4437652499834664,1.322156394415256
95.0,280.0,129.8916473388672,-0.0394549320041276,2.682214317895609,-4.116956616998964,-3.6800963353307967,-1.926459248976936,1.3401275818667722,-0.097083657111385,3.964023668568252,-0.4437652499834763,1.3221564358087918
95.0,280.0,129.8916473388672,-0.0394547819665894,2.682214317895609,-4.116956616998964,-3.6800963333030814,-1.926459248976936,1.3401275818667722,-0.097083657111385,3.964023668568252,-0.4437652499834767,1.322156394415256
95.0,280.0,129.8916473388672,-0.0394553300044638,2.682214317895609,-4.116956616998964,-3.680096335258313,-1.926459248976936,1.3401275785618103,-0.097083657111385,3.964023668627674,-0.4437652499834664,1.322156394415256
95.0,280.0,129.8916473388672,-0.0394548655383749,2.682214317895609,-4.116956616998964,-3.680096335333712,-1.926459248976936,1.3401272804413695,-0.097083657111385,3.9640236687023376,-0.443765249983477,1.3221564365044098
95.0,280.0,129.8916473388672,-0.0394540761848176,2.682214317895609,-4.116956616998964,-3.6800963335031818,-1.926459248976936,1.3401275561109451,-0.097083657111385,3.964023668568252,-0.4437652499834614,1.3221564358194011
95.0,280.0,129.8916473388672,-0.0394547819665894,2.682214317895609,-4.116956616998964,-3.68009633552248,-1.926459248976936,1.340127296837338,-0.097083657111385,3.964023668633928,-0.4437652499834772,1.3221564364436311
95.0,280.0,129.8916473388672,-0.0394547819665894,2.682214317895609,-4.116956616998964,-3.6800963333030814,-1.926459248976936,1.3401275818667722,-0.097083657111385,3.964023668568252,-0.4437652499834763,1.322156394415256
95.0,280.0,129.8916473388672,-0.0394546154471699,2.6822143178956024,-4.116956616998964,-3.680096335068772,-1.926459248976936,1.340127433934547,-0.097083657111385,3.9640236685957135,-0.4437652499834758,1.322156434700757
95.0,280.0,129.8916473388672,-0.0394553300044638,2.682214317895609,-4.116956616998964,-3.680096335258313,-1.926459248976936,1.3401275785618103,-0.097083657111385,3.964023668627674,-0.4437652499834664,1.322156394415256
95.0,280.0,129.8916473388672,-0.0394549799886792,2.6822143178956024,-4.116956616998964,-3.680096335333745,-1.926459248976936,1.3401274229933633,-0.097083657111385,3.964023668597398,-0.4437652499834763,1.3221564326711026
95.0,280.0,129.8916473388672,-0.0394549332207626,2.682214317895609,-4.116956616998964,-3.680096335258354,-1.926459248976936,1.3401275818667722,-0.097083657111385,3.964023668568252,-0.4437652499834695,1.322156394415256
95.0,280.0,129.8916473388672,-0.0394550083928026,2.6822143178956024,-4.116956616998964,-3.680096335333698,-1.926459248976936,1.3401273851953226,-0.097083657111385,3.964023668701846,-0.4437652499834763,1.3221564364728144
95.0,280.0,129.8916473388672,-0.0394549332207626,2.682214317895609,-4.116956616998964,-3.680096335258313,-1.926459248976936,1.340127562165842,-0.097083657111385,3.964023668585492,-0.4437652499834661,1.322156394415256
95.0,280.0,129.8916473388672,-0.0394549825121074,2.6822143178956024,-4.116956616998964,-3.6800963353330354,-1.926459248976936,1.3401275734486902,-0.097083657111385,3.964023668568251,-0.4437652499834763,1.3221564358305906
95.0,280.0,129.89166259765625,-0.0394626497907347,2.6822143178956024,-4.116956616998964,-3.680096335333698,-1.926459248976936,1.3401273851953226,-0.097083657111385,3.964023668568251,-0.4437652499834763,1.3221564346997008
95.0,280.0,129.89166259765625,-0.0394626497907347,2.6822143178956024,-4.116956616998964,-3.680096335333698,-1.926459248976936,1.3401273851953226,-0.097083657111385,3.964023668568251,-0.4437652499834763,1.3221564346997008
95.0,280.0,129.89166259765625,-0.0394605440681896,2.6822143178956024,-4.116956616998964,-3.6800963353330514,-1.926459248976936,1.3401287138270743,-0.097083657111385,3.964023666730128,-0.4437652499834612,1.3221564342351504
95.0,280.0,129.89166259765625,-0.0394586770204219,2.6822143178956024,-4.116956616998964,-3.680096335333698,-1.926459248976936,1.3401274229933633,-0.097083657111385,3.964023668597398,-0.4437652499834763,1.3221564347242216
95.0,280.0,129.89166259765625,-0.0394586770204219,2.6822143178956024,-4.116956616998964,-3.680096335333006,-1.926459248976936,1.3401274229933633,-0.097083657111385,3.964023668597808,-0.4437652499834763,1.3221564347242216
95.0,280.0,129.89166259765625,-0.0394557340876794,2.6822143178956024,-4.116956616998964,-3.680096335069857,-1.926459248976936,1.3401286934650003,-0.097083657111385,3.964023668562885,-0.4437652499834758,1.322156432702588
95.0,280.0,129.89166259765625,-0.0394626497907347,2.6822143178956024,-4.116956616998964,-3.680096335333698,-1.926459248976936,1.3401273851953226,-0.097083657111385,3.964023668568251,-0.4437652499834763,1.3221564346997008
95.0,280.0,129.89166259765625,-0.0394626497907347,2.6822143178956024,-4.116956616998964,-3.680096335333698,-1.926459248976936,1.3401273851953226,-0.097083657111385,3.964023668568251,-0.4437652499834744,1.3221564346997008
95.0,280.0,129.89166259765625,-0.0394626497907347,2.6822143178956024,-4.116956616998964,-3.680096335333065,-1.926459248976936,1.3401273851953226,-0.097083657111385,3.964023668569409,-0.4437652499834636,1.3221564348813857
95.0,280.0,129.89166259765625,-0.0394547819665894,2.682214317895609,-4.116956616998964,-3.68009633533943,-1.926459248976936,1.340126099583988,-0.097083657111385,3.964023668644829,-0.4437652499834772,1.3221564325018318
95.0,280.0,129.89166259765625,-0.0394606710760881,2.6822143178956024,-4.116956616998964,-3.6800963353330514,-1.926459248976936,1.3401287138270743,-0.097083657111385,3.964023668586637,-0.4437652499834612,1.322156434105393
95.0,280.0,129.89166259765625,-0.0394627816057553,2.682214317895609,-4.116956616998964,-3.680096335258046,-1.926459248976936,1.3401275818667722,-0.097083657111385,3.964023668568252,-0.4437652499834695,1.322156394415256
95.0,280.0,129.89166259765625,-0.0394587541853306,2.682214317895609,-4.116956616998964,-3.6800963351136056,-1.926459248976936,1.3401274212806122,-0.097083657111385,3.964023668567361,-0.4437652499834763,1.322156394415256
95.0,280.0,129.89166259765625,-0.0394626497907347,2.6822143178956024,-4.116956616998964,-3.680096335333698,-1.926459248976936,1.3401273851953226,-0.097083657111385,3.964023668568251,-0.4437652499834763,1.3221564346997008
95.0,280.0,129.89166259765625,-0.0394556712367683,2.682214317895609,-4.116956616998964,-3.6800963333030814,-1.926459248976936,1.3401276040389662,-0.097083657111385,3.964023668563089,-0.4437652499834763,1.322156394415256
95.0,280.0,129.89166259765625,-0.0394613888092192,2.6822143178956024,-4.116956616998964,-3.6800963350725295,-1.926459248976936,1.340127425821624,-0.097083657111385,3.9640236685957135,-0.4437652499834758,1.322156434700757
95.0,280.0,129.89166259765625,-0.0394547819665894,2.682214317895609,-4.116956616998964,-3.68009633533943,-1.926459248976936,1.3401258893823402,-0.097083657111385,3.964023668561262,-0.4437652499834772,1.322156432499207
95.0,280.0,129.89166259765625,-0.0394588256163928,2.6822143178956024,-4.116956616998964,-3.680096335333052,-1.926459248976936,1.3401274302896564,-0.097083657111385,3.964023668599011,-0.4437652499834632,1.3221564348744343
95.0,280.0,129.89166259765625,-0.0394626497907347,2.6822143178956024,-4.116956616998964,-3.6800963353330354,-1.926459248976936,1.3401274063591009,-0.097083657111385,3.964023668568251,-0.4437652499834763,1.3221564347081711
95.0,280.0,129.89166259765625,-0.0394614491420795,2.6822143178956024,-4.116956616998964,-3.680096335333698,-1.926459248976936,1.3401273851953226,-0.097083657111385,3.964023668568251,-0.4437652499834744,1.3221564346997008
95.0,280.0,129.89166259765625,-0.0394549332207626,2.682214317895609,-4.116956616998964,-3.68009633533508,-1.926459248976936,1.3401261524122623,-0.097083657111385,3.964023668568252,-0.4437652499834695,1.322156394415256
95.0,280.0,129.89166259765625,-0.0394626497907347,2.6822143178956024,-4.116956616998964,-3.680096335333698,-1.926459248976936,1.3401273851953226,-0.097083657111385,3.964023668568251,-0.4437652499834763,1.3221564346997008
95.0,280.0,129.89166259765625,-0.0394625830526291,2.6822143178956024,-4.116956616998964,-3.6800963353330354,-1.926459248976936,1.3401274063591009,-0.097083657111385,3.964023668568251,-0.4437652499834763,1.322156434707398
95.0,280.0,129.89166259765625,-0.0394623939291319,2.6822143178956024,-4.116956616998964,-3.680096335333698,-1.926459248976936,1.3401273851953226,-0.097083657111385,3.964023668568251,-0.4437652499834763,1.3221564325699344
95.0,280.0,129.89166259765625,-0.0394613888092192,2.6822143178956024,-4.116956616998964,-3.6800963350725295,-1.926459248976936,1.340127425821624,-0.097083657111385,3.9640236685957135,-0.4437652499834758,1.322156434700757
95.0,280.0,129.89166259765625,-0.0394605440681896,2.6822143178956024,-4.116956616998964,-3.6800963353330514,-1.926459248976936,1.34012869227376,-0.097083657111385,3.964023666730128,-0.4437652499834612,1.3221564334264688
95.0,280.0,129.89166259765625,-0.0394556712367683,2.682214317895609,-4.116956616998964,-3.6800963333030814,-1.926459248976936,1.3401276011361882,-0.097083657111385,3.964023668563089,-0.4437652499834763,1.322156394415256
95.0,280.0,129.89166259765625,-0.0394626497907347,2.6822143178956024,-4.116956616998964,-3.680096335333698,-1.926459248976936,1.3401273851953226,-0.097083657111385,3.964023668568251,-0.4437652499834763,1.3221564346997008
95.0,280.0,129.89166259765625,-0.039462391818042,2.6822143178956024,-4.116956616998964,-3.680096335333698,-1.926459248976936,1.3401273851953226,-0.097083657111385,3.964023668568251,-0.4437652499834763,1.3221564346997008
95.0,281.0,129.8916473388672,-0.0394547819665894,2.682214317895609,-4.116956616998964,-3.6800963333030814,-1.926459248976936,1.3401275818667722,-0.097083657111385,3.964023668568252,-0.4437652499834763,1.322156394415256
95.0,281.0,129.8916473388672,-0.0394549332207626,2.682214317895609,-4.116956616998964,-3.680096335258354,-1.926459248976936,1.3401275818667722,-0.097083657111385,3.964023668568252,-0.4437652499834695,1.322156394415256
95.0,281.0,129.8916473388672,-0.0394547819665894,2.682214317895609,-4.116956616998964,-3.6800963333030814,-1.926459248976936,1.3401275818667722,-0.097083657111385,3.964023668568252,-0.4437652499834763,1.322156394415256
95.0,281.0,129.8916473388672,-0.0394547819665894,2.682214317895609,-4.116956616998964,-3.68009633552248,-1.926459248976936,1.3401272804413695,-0.097083657111385,3.964023668591744,-0.443765249983477,1.3221564364436311
95.0,281.0,129.8916473388672,-0.0394540761848176,2.682214317895609,-4.116956616998964,-3.6800963333030814,-1.926459248976936,1.3401275818667722,-0.097083657111385,3.964023668568252,-0.4437652499834763,1.3221564358087918
95.0,281.0,129.8916473388672,-0.0394549402594434,2.682214317895609,-4.116956616998964,-3.68009633552248,-1.926459248976936,1.3401272804413695,-0.097083657111385,3.9640236685918975,-0.443765249983477,1.3221564363177545
95.0,281.0,129.8916473388672,-0.0394549332207626,2.682214317895609,-4.116956616998964,-3.680096335258313,-1.926459248976936,1.3401275785618103,-0.097083657111385,3.964023668627674,-0.4437652499834664,1.322156394415256
95.0,281.0,129.8916473388672,-0.0394549320041276,2.682214317895609,-4.116956616998964,-3.6800963353307967,-1.926459248976936,1.3401275818667722,-0.097083657111385,3.964023668568252,-0.4437652499834763,1.3221564358087918
95.0,281.0,129.8916473388672,-0.0394547819665894,2.682214317895609,-4.116956616998964,-3.6800963333030814,-1.926459248976936,1.3401275818667722,-0.097083657111385,3.964023668568252,-0.4437652499834767,1.322156394415256
95.0,281.0,129.8916473388672,-0.0394553300044638,2.682214317895609,-4.116956616998964,-3.680096335258313,-1.926459248976936,1.3401275785618103,-0.097083657111385,3.964023668627674,-0.4437652499834664,1.322156394415256
95.0,281.0,129.8916473388672,-0.0394548655383749,2.682214317895609,-4.116956616998964,-3.680096335333712,-1.926459248976936,1.3401272804413695,-0.097083657111385,3.9640236687023376,-0.443765249983477,1.3221564365044098
95.0,281.0,129.8916473388672,-0.0394540761848176,2.682214317895609,-4.116956616998964,-3.6800963335031818,-1.926459248976936,1.3401275561109451,-0.097083657111385,3.964023668568252,-0.4437652499834614,1.3221564358194011
95.0,281.0,129.8916473388672,-0.0394547819665894,2.682214317895609,-4.116956616998964,-3.68009633552248,-1.926459248976936,1.340127296837338,-0.097083657111385,3.964023668633928,-0.4437652499834772,1.3221564364436311
95.0,281.0,129.8916473388672,-0.0394547819665894,2.682214317895609,-4.116956616998964,-3.6800963333030814,-1.926459248976936,1.3401275818667722,-0.097083657111385,3.964023668568252,-0.4437652499834763,1.322156394415256
95.0,281.0,129.8916473388672,-0.0394546154471699,2.6822143178956024,-4.116956616998964,-3.680096335068772,-1.926459248976936,1.340127433934547,-0.097083657111385,3.9640236685957135,-0.4437652499834758,1.322156434700757
95.0,281.0,129.8916473388672,-0.0394553300044638,2.682214317895609,-4.116956616998964,-3.680096335258313,-1.926459248976936,1.3401275785618103,-0.097083657111385,3.964023668627674,-0.4437652499834664,1.322156394415256
95.0,281.0,129.8916473388672,-0.0394549799886792,2.6822143178956024,-4.116956616998964,-3.680096335333745,-1.926459248976936,1.3401274229933633,-0.097083657111385,3.964023668597398,-0.4437652499834763,1.3221564326711026
95.0,281.0,129.8916473388672,-0.0394549332207626,2.682214317895609,-4.116956616998964,-3.680096335258354,-1.926459248976936,1.3401275818667722,-0.097083657111385,3.964023668568252,-0.4437652499834695,1.322156394415256
95.0,281.0,129.8916473388672,-0.0394550083928026,2.6822143178956024,-4.116956616998964,-3.680096335333698,-1.926459248976936,1.3401273851953226,-0.097083657111385,3.964023668701846,-0.4437652499834763,1.3221564364728144
95.0,281.0,129.8916473388672,-0.0394549332207626,2.682214317895609,-4.116956616998964,-3.680096335258313,-1.926459248976936,1.340127562165842,-0.097083657111385,3.964023668585492,-0.4437652499834661,1.322156394415256
95.0,281.0,129.8916473388672,-0.0394549825121074,2.6822143178956024,-4.116956616998964,-3.6800963353330354,-1.926459248976936,1.3401275734486902,-0.097083657111385,3.964023668568251,-0.4437652499834763,1.3221564358305906
95.0,281.0,129.8916473388672,-0.0394549989570684,2.682214317895609,-4.116956616998964,-3.680096335232197,-1.926459248976936,1.340127562165842,-0.097083657111385,3.964023668567735,-0.4437652499834766,1.322156394415256
95.0,281.0,129.8916473388672,-0.0394547819665894,2.682214317895609,-4.116956616998964,-3.680096333274654,-1.926459248976936,1.3401272735003742,-0.097083657111385,3.964023668590405,-0.4437652499834763,1.322156394415256
95.0,281.0,129.8916473388672,-0.0394549402594434,2.682214317895609,-4.116956616998964,-3.68009633552248,-1.926459248976936,1.3401272581941517,-0.097083657111385,3.964023668591093,-0.443765249983477,1.322156437876712
95.0,281.0,129.8916473388672,-0.0394547744322839,2.682214317895609,-4.116956616998964,-3.680096333246096,-1.926459248976936,1.3401273125142832,-0.097083657111385,3.964023668633928,-0.4437652499834772,1.3221564364424545
95.0,281.0,129.8916473388672,-0.0394547819665894,2.682214317895609,-4.116956616998964,-3.680096335405137,-1.926459248976936,1.3401275826359236,-0.097083657111385,3.964023668568252,-0.4437652499834763,1.322156394415256
95.0,281.0,129.8916473388672,-0.0394540761848176,2.682214317895609,-4.116956616998964,-3.6800963335031818,-1.926459248976936,1.3401275509113062,-0.097083657111385,3.964023668568252,-0.4437652499834614,1.3221564358194011
95.0,281.0,129.8916473388672,-0.0394549799886792,2.6822143178956024,-4.116956616998964,-3.680096335333745,-1.926459248976936,1.3401274263642535,-0.097083657111385,3.964023668597398,-0.4437652499834763,1.3221564303778044
95.0,281.0,129.8916473388672,-0.0394540104485118,2.682214317895609,-4.116956616998964,-3.680096333329199,-1.926459248976936,1.3401275818667722,-0.097083657111385,3.964023668586008,-0.4437652499834658,1.3221564358087918
95.0,281.0,129.8916473388672,-0.0394546623117755,2.682214317895609,-4.116956616998964,-3.6800963353336975,-1.926459248976936,1.34012737986952,-0.097083657111385,3.964023668558612,-0.443765249983477,1.322156436548152
95.0,281.0,129.8916473388672,-0.0394549237061717,2.682214317895609,-4.116956616998964,-3.680096335258313,-1.926459248976936,1.340127562165842,-0.097083657111385,3.964023668585945,-0.4437652499834773,1.32215639469767
95.0,281.0,129.8916473388672,-0.0394547819665894,2.682214317895609,-4.116956616998964,-3.6800963355509086,-1.926459248976936,1.3401275888077675,-0.097083657111385,3.9640236685695913,-0.443765249983477,1.3221564364436311
95.0,281.0,129.8916473388672,-0.0394550017190096,2.6822143178956024,-4.116956616998964,-3.6800963353330447,-1.926459248976936,1.3401273851953226,-0.097083657111385,3.964023668568251,-0.4437652499834763,1.3221564346997008
95.0,281.0,129.8916473388672,-0.0394549332207626,2.682214317895609,-4.116956616998964,-3.680096335258354,-1.926459248976936,1.3401276041139902,-0.097083657111385,3.964023668569057,-0.4437652499834695,1.3221563928562987
95.0,281.0,129.8916473388672,-0.0394548655383749,2.682214317895609,-4.116956616998964,-3.680096335333712,-1.926459248976936,1.3401272782807734,-0.097083657111385,3.964023668702637,-0.443765249983477,1.3221564365044098
95.0,281.0,129.89166259765625,-0.0394626497907347,2.6822143178956024,-4.116956616998964,-3.680096335333698,-1.926459248976936,1.3401273851953226,-0.097083657111385,3.964023668568251,-0.4437652499834763,1.3221564346997008
95.0,281.0,129.89166259765625,-0.0394626497907347,2.6822143178956024,-4.116956616998964,-3.680096335333698,-1.926459248976936,1.3401273851953226,-0.097083657111385,3.964023668568251,-0.4437652499834763,1.3221564346997008
95.0,281.0,129.89166259765625,-0.0394605440681896,2.6822143178956024,-4.116956616998964,-3.6800963353330514,-1.926459248976936,1.3401287138270743,-0.097083657111385,3.964023666730128,-0.4437652499834612,1.3221564342351504
95.0,281.0,129.89166259765625,-0.0394586770204219,2.6822143178956024,-4.116956616998964,-3.680096335333698,-1.926459248976936,1.3401274229933633,-0.097083657111385,3.964023668597398,-0.4437652499834763,1.3221564347242216
95.0,281.0,129.89166259765625,-0.0394586770204219,2.6822143178956024,-4.116956616998964,-3.680096335333006,-1.926459248976936,1.3401274229933633,-0.097083657111385,3.964023668597808,-0.4437652499834763,1.3221564347242216
95.0,281.0,129.89166259765625,-0.0394557340876794,2.6822143178956024,-4.116956616998964,-3.680096335069857,-1.926459248976936,1.3401286934650003,-0.097083657111385,3.964023668562885,-0.4437652499834758,1.322156432702588
95.0,281.0,129.89166259765625,-0.0394626497907347,2.6822143178956024,-4.116956616998964,-3.680096335333698,-1.926459248976936,1.3401273851953226,-0.097083657111385,3.964023668568251,-0.4437652499834763,1.3221564346997008
95.0,281.0,129.89166259765625,-0.0394626497907347,2.6822143178956024,-4.116956616998964,-3.680096335333698,-1.926459248976936,1.3401273851953226,-0.097083657111385,3.964023668568251,-0.4437652499834744,1.3221564346997008
95.0,281.0,129.89166259765625,-0.0394626497907347,2.6822143178956024,-4.116956616998964,-3.680096335333065,-1.926459248976936,1.3401273851953226,-0.097083657111385,3.964023668569409,-0.4437652499834636,1.3221564348813857
95.0,281.0,129.89166259765625,-0.0394547819665894,2.682214317895609,-4.116956616998964,-3.68009633533943,-1.926459248976936,1.340126099583988,-0.097083657111385,3.964023668644829,-0.4437652499834772,1.3221564325018318
95.0,281.0,129.89166259765625,-0.0394606710760881,2.6822143178956024,-4.116956616998964,-3.6800963353330514,-1.926459248976936,1.3401287138270743,-0.097083657111385,3.964023668586637,-0.4437652499834612,1.322156434105393
95.0,281.0,129.89166259765625,-0.0394627816057553,2.682214317895609,-4.116956616998964,-3.680096335258046,-1.926459248976936,1.3401275818667722,-0.097083657111385,3.964023668568252,-0.4437652499834695,1.322156394415256
95.0,281.0,129.89166259765625,-0.0394587541853306,2.682214317895609,-4.116956616998964,-3.6800963351136056,-1.926459248976936,1.3401274212806122,-0.097083657111385,3.964023668567361,-0.4437652499834763,1.322156394415256
95.0,281.0,129.89166259765625,-0.0394626497907347,2.6822143178956024,-4.116956616998964,-3.680096335333698,-1.926459248976936,1.3401273851953226,-0.097083657111385,3.964023668568251,-0.4437652499834763,1.3221564346997008
95.0,281.0,129.89166259765625,-0.0394556712367683,2.682214317895609,-4.116956616998964,-3.6800963333030814,-1.926459248976936,1.3401276040389662,-0.097083657111385,3.964023668563089,-0.4437652499834763,1.322156394415256
95.0,282.0,129.8916473388672,-0.0394547819665894,2.682214317895609,-4.116956616998964,-3.6800963333030814,-1.926459248976936,1.3401275818667722,-0.097083657111385,3.964023668568252,-0.4437652499834763,1.322156394415256
95.0,282.0,129.8916473388672,-0.0394549332207626,2.682214317895609,-4.116956616998964,-3.680096335258354,-1.926459248976936,1.3401275818667722,-0.097083657111385,3.964023668568252,-0.4437652499834695,1.322156394415256
95.0,282.0,129.8916473388672,-0.0394547819665894,2.682214317895609,-4.116956616998964,-3.6800963333030814,-1.926459248976936,1.3401275818667722,-0.097083657111385,3.964023668568252,-0.4437652499834763,1.322156394415256
95.0,282.0,129.8916473388672,-0.0394547819665894,2.682214317895609,-4.116956616998964,-3.68009633552248,-1.926459248976936,1.3401272804413695,-0.097083657111385,3.964023668591744,-0.443765249983477,1.3221564364436311
95.0,282.0,129.8916473388672,-0.0394540761848176,2.682214317895609,-4.116956616998964,-3.6800963333030814,-1.926459248976936,1.3401275818667722,-0.097083657111385,3.964023668568252,-0.4437652499834763,1.3221564358087918
95.0,282.0,129.8916473388672,-0.0394549402594434,2.682214317895609,-4.116956616998964,-3.68009633552248,-1.926459248976936,1.3401272804413695,-0.097083657111385,3.9640236685918975,-0.443765249983477,1.3221564363177545
95.0,282.0,129.8916473388672,-0.0394549332207626,2.682214317895609,-4.116956616998964,-3.680096335258313,-1.926459248976936,1.3401275785618103,-0.097083657111385,3.964023668627674,-0.4437652499834664,1.322156394415256
95.0,282.0,129.8916473388672,-0.0394549320041276,2.682214317895609,-4.116956616998964,-3.6800963353307967,-1.926459248976936,1.3401275818667722,-0.097083657111385,3.964023668568252,-0.4437652499834763,1.3221564358087918
95.0,282.0,129.8916473388672,-0.0394547819665894,2.682214317895609,-4.116956616998964,-3.6800963333030814,-1.926459248976936,1.3401275818667722,-0.097083657111385,3.964023668568252,-0.4437652499834767,1.322156394415256
95.0,282.0,129.8916473388672,-0.0394553300044638,2.682214317895609,-4.116956616998964,-3.680096335258313,-1.926459248976936,1.3401275785618103,-0.097083657111385,3.964023668627674,-0.4437652499834664,1.322156394415256
95.0,282.0,129.8916473388672,-0.0394548655383749,2.682214317895609,-4.116956616998964,-3.680096335333712,-1.926459248976936,1.3401272804413695,-0.097083657111385,3.9640236687023376,-0.443765249983477,1.3221564365044098
95.0,282.0,129.8916473388672,-0.0394540761848176,2.682214317895609,-4.116956616998964,-3.6800963335031818,-1.926459248976936,1.3401275561109451,-0.097083657111385,3.964023668568252,-0.4437652499834614,1.3221564358194011
95.0,282.0,129.8916473388672,-0.0394547819665894,2.682214317895609,-4.116956616998964,-3.68009633552248,-1.926459248976936,1.340127296837338,-0.097083657111385,3.964023668633928,-0.4437652499834772,1.3221564364436311
95.0,282.0,129.8916473388672,-0.0394547819665894,2.682214317895609,-4.116956616998964,-3.6800963333030814,-1.926459248976936,1.3401275818667722,-0.097083657111385,3.964023668568252,-0.4437652499834763,1.322156394415256
95.0,282.0,129.8916473388672,-0.0394546154471699,2.6822143178956024,-4.116956616998964,-3.680096335068772,-1.926459248976936,1.340127433934547,-0.097083657111385,3.9640236685957135,-0.4437652499834758,1.322156434700757
95.0,282.0,129.8916473388672,-0.0394553300044638,2.682214317895609,-4.116956616998964,-3.680096335258313,-1.926459248976936,1.3401275785618103,-0.097083657111385,3.964023668627674,-0.4437652499834664,1.322156394415256
95.0,282.0,129.8916473388672,-0.0394549799886792,2.6822143178956024,-4.116956616998964,-3.680096335333745,-1.926459248976936,1.3401274229933633,-0.097083657111385,3.964023668597398,-0.4437652499834763,1.3221564326711026
95.0,282.0,129.8916473388672,-0.0394549332207626,2.682214317895609,-4.116956616998964,-3.680096335258354,-1.926459248976936,1.3401275818667722,-0.097083657111385,3.964023668568252,-0.4437652499834695,1.322156394415256
95.0,282.0,129.8916473388672,-0.0394550083928026,2.6822143178956024,-4.116956616998964,-3.680096335333698,-1.926459248976936,1.3401273851953226,-0.097083657111385,3.964023668701846,-0.4437652499834763,1.3221564364728144
95.0,282.0,129.8916473388672,-0.0394549332207626,2.682214317895609,-4.116956616998964,-3.680096335258313,-1.926459248976936,1.340127562165842,-0.097083657111385,3.964023668585492,-0.4437652499834661,1.322156394415256
95.0,282.0,129.8916473388672,-0.0394549825121074,2.6822143178956024,-4.116956616998964,-3.6800963353330354,-1.926459248976936,1.3401275734486902,-0.097083657111385,3.964023668568251,-0.4437652499834763,1.3221564358305906
95.0,282.0,129.8916473388672,-0.0394549989570684,2.682214317895609,-4.116956616998964,-3.680096335232197,-1.926459248976936,1.340127562165842,-0.097083657111385,3.964023668567735,-0.4437652499834766,1.322156394415256
95.0,282.0,129.8916473388672,-0.0394547819665894,2.682214317895609,-4.116956616998964,-3.680096333274654,-1.926459248976936,1.3401272735003742,-0.097083657111385,3.964023668590405,-0.4437652499834763,1.322156394415256
95.0,282.0,129.8916473388672,-0.0394549402594434,2.682214317895609,-4.116956616998964,-3.68009633552248,-1.926459248976936,1.3401272581941517,-0.097083657111385,3.964023668591093,-0.443765249983477,1.322156437876712
95.0,282.0,129.8916473388672,-0.0394547744322839,2.682214317895609,-4.116956616998964,-3.680096333246096,-1.926459248976936,1.3401273125142832,-0.097083657111385,3.964023668633928,-0.4437652499834772,1.3221564364424545
95.0,282.0,129.8916473388672,-0.0394547819665894,2.682214317895609,-4.116956616998964,-3.680096335405137,-1.926459248976936,1.3401275826359236,-0.097083657111385,3.964023668568252,-0.4437652499834763,1.322156394415256
95.0,282.0,129.8916473388672,-0.0394540761848176,2.682214317895609,-4.116956616998964,-3.6800963335031818,-1.926459248976936,1.3401275509113062,-0.097083657111385,3.964023668568252,-0.4437652499834614,1.3221564358194011
95.0,282.0,129.8916473388672,-0.0394549799886792,2.6822143178956024,-4.116956616998964,-3.680096335333745,-1.926459248976936,1.3401274263642535,-0.097083657111385,3.964023668597398,-0.4437652499834763,1.3221564303778044
95.0,282.0,129.8916473388672,-0.0394540104485118,2.682214317895609,-4.116956616998964,-3.680096333329199,-1.926459248976936,1.3401275818667722,-0.097083657111385,3.964023668586008,-0.4437652499834658,1.3221564358087918
95.0,282.0,129.8916473388672,-0.0394546623117755,2.682214317895609,-4.116956616998964,-3.6800963353336975,-1.926459248976936,1.34012737986952,-0.097083657111385,3.964023668558612,-0.443765249983477,1.322156436548152
95.0,282.0,129.8916473388672,-0.0394549237061717,2.682214317895609,-4.116956616998964,-3.680096335258313,-1.926459248976936,1.340127562165842,-0.097083657111385,3.964023668585945,-0.4437652499834773,1.32215639469767
95.0,282.0,129.8916473388672,-0.0394547819665894,2.682214317895609,-4.116956616998964,-3.6800963355509086,-1.926459248976936,1.3401275888077675,-0.097083657111385,3.9640236685695913,-0.443765249983477,1.3221564364436311
95.0,282.0,129.8916473388672,-0.0394550017190096,2.6822143178956024,-4.116956616998964,-3.6800963353330447,-1.926459248976936,1.3401273851953226,-0.097083657111385,3.964023668568251,-0.4437652499834763,1.3221564346997008
95.0,282.0,129.8916473388672,-0.0394549332207626,2.682214317895609,-4.116956616998964,-3.680096335258354,-1.926459248976936,1.3401276041139902,-0.097083657111385,3.964023668569057,-0.4437652499834695,1.3221563928562987
95.0,282.0,129.8916473388672,-0.0394548655383749,2.682214317895609,-4.116956616998964,-3.680096335333712,-1.926459248976936,1.3401272782807734,-0.097083657111385,3.964023668702637,-0.443765249983477,1.3221564365044098
95.0,282.0,129.8916473388672,-0.0394550026510082,2.682214317895609,-4.116956616998964,-3.68009633545828,-1.926459248976936,1.3401275809180946,-0.097083657111385,3.964023668568252,-0.4437652499834767,1.322156394415256
95.0,282.0,129.8916473388672,-0.0394547819665894,2.682214317895609,-4.116956616998964,-3.680096335510914,-1.926459248976936,1.3401272825189732,-0.097083657111385,3.964023668568815,-0.443765249983477,1.3221564364436311
95.0,282.0,129.8916473388672,-0.0394549332207626,2.682214317895609,-4.116956616998964,-3.680096335327009,-1.926459248976936,1.3401275818667722,-0.097083657111385,3.964023668568252,-0.4437652499834695,1.322156433231931
95.0,282.0,129.8916473388672,-0.0394549299325213,2.682214317895609,-4.116956616998964,-3.6800963353336695,-1.926459248976936,1.3401272782807734,-0.097083657111385,3.964023668572159,-0.443765249983477,1.3221563966483698
95.0,282.0,129.8916473388672,-0.0394549575512239,2.682214317895609,-4.116956616998964,-3.680096333329199,-1.926459248976936,1.3401275818667722,-0.097083657111385,3.964023668586008,-0.4437652499834658,1.3221564358087918
95.0,282.0,129.8916473388672,-0.0394549651407495,2.682214317895609,-4.116956616998964,-3.6800963333030814,-1.926459248976936,1.3401275818667722,-0.097083657111385,3.964023668568252,-0.4437652499834763,1.322156394415256
95.0,282.0,129.8916473388672,-0.0394548655383749,2.682214317895609,-4.116956616998964,-3.680096335333712,-1.926459248976936,1.3401272804413695,-0.097083657111385,3.9640236687023376,-0.443765249983477,1.3221564365044098
95.0,282.0,129.8916473388672,-0.0394547819665894,2.682214317895609,-4.116956616998964,-3.680096335405137,-1.926459248976936,1.3401275622484283,-0.097083657111385,3.964023668568252,-0.4437652499834763,1.322156394415256
95.0,282.0,129.8916473388672,-0.0394553115645138,2.682214317895609,-4.116956616998964,-3.6800963353365694,-1.926459248976936,1.3401275785618103,-0.097083657111385,3.964023668627674,-0.4437652499834664,1.322156394415256
95.0,282.0,129.8916473388672,-0.0394547819665894,2.682214317895609,-4.116956616998964,-3.6800963355509086,-1.926459248976936,1.3401275888077675,-0.097083657111385,3.9640236685695913,-0.443765249983477,1.3221564327177708
95.0,282.0,129.8916473388672,-0.0394548655383749,2.682214317895609,-4.116956616998964,-3.68009633531086,-1.926459248976936,1.3401272708425611,-0.097083657111385,3.964023668569667,-0.443765249983477,1.3221564358521676
95.0,282.0,129.8916473388672,-0.0394547877083838,2.6822143178956024,-4.116956616998964,-3.6800963331785015,-1.926459248976936,1.3401273861440004,-0.097083657111385,3.964023668701846,-0.4437652499834763,1.3221564364728144
95.0,282.0,129.8916473388672,-0.0394546623117755,2.682214317895609,-4.116956616998964,-3.6800963353336975,-1.926459248976936,1.34012737986952,-0.097083657111385,3.964023668558612,-0.443765249983477,1.322156436548152
95.0,282.0,129.8916473388672,-0.0394547819665894,2.682214317895609,-4.116956616998964,-3.680096335327688,-1.926459248976936,1.340127296837338,-0.097083657111385,3.964023668633928,-0.443765249983477,1.3221564364436311
95.0,282.0,129.8916473388672,-0.0394547591462051,2.682214317895609,-4.116956616998964,-3.680096335335538,-1.926459248976936,1.3401275826359236,-0.097083657111385,3.964023668568252,-0.4437652499834763,1.322156394415256
95.0,283.0,129.8916473388672,-0.0394547819665894,2.682214317895609,-4.116956616998964,-3.6800963333030814,-1.926459248976936,1.3401275818667722,-0.097083657111385,3.964023668568252,-0.4437652499834763,1.322156394415256
95.0,283.0,129.8916473388672,-0.0394549332207626,2.682214317895609,-4.116956616998964,-3.680096335258354,-1.926459248976936,1.3401275818667722,-0.097083657111385,3.964023668568252,-0.4437652499834695,1.322156394415256
95.0,283.0,129.8916473388672,-0.0394547819665894,2.682214317895609,-4.116956616998964,-3.6800963333030814,-1.926459248976936,1.3401275818667722,-0.097083657111385,3.964023668568252,-0.4437652499834763,1.322156394415256
95.0,283.0,129.8916473388672,-0.0394547819665894,2.682214317895609,-4.116956616998964,-3.68009633552248,-1.926459248976936,1.3401272804413695,-0.097083657111385,3.964023668591744,-0.443765249983477,1.3221564364436311
95.0,283.0,129.8916473388672,-0.0394540761848176,2.682214317895609,-4.116956616998964,-3.6800963333030814,-1.926459248976936,1.3401275818667722,-0.097083657111385,3.964023668568252,-0.4437652499834763,1.3221564358087918
95.0,283.0,129.8916473388672,-0.0394549402594434,2.682214317895609,-4.116956616998964,-3.68009633552248,-1.926459248976936,1.3401272804413695,-0.097083657111385,3.9640236685918975,-0.443765249983477,1.3221564363177545
95.0,283.0,129.8916473388672,-0.0394549332207626,2.682214317895609,-4.116956616998964,-3.680096335258313,-1.926459248976936,1.3401275785618103,-0.097083657111385,3.964023668627674,-0.4437652499834664,1.322156394415256
95.0,283.0,129.8916473388672,-0.0394549320041276,2.682214317895609,-4.116956616998964,-3.6800963353307967,-1.926459248976936,1.3401275818667722,-0.097083657111385,3.964023668568252,-0.4437652499834763,1.3221564358087918
95.0,283.0,129.8916473388672,-0.0394547819665894,2.682214317895609,-4.116956616998964,-3.6800963333030814,-1.926459248976936,1.3401275818667722,-0.097083657111385,3.964023668568252,-0.4437652499834767,1.322156394415256
95.0,283.0,129.8916473388672,-0.0394553300044638,2.682214317895609,-4.116956616998964,-3.680096335258313,-1.926459248976936,1.3401275785618103,-0.097083657111385,3.964023668627674,-0.4437652499834664,1.322156394415256
95.0,283.0,129.8916473388672,-0.0394548655383749,2.682214317895609,-4.116956616998964,-3.680096335333712,-1.926459248976936,1.3401272804413695,-0.097083657111385,3.9640236687023376,-0.443765249983477,1.3221564365044098
95.0,283.0,129.8916473388672,-0.0394540761848176,2.682214317895609,-4.116956616998964,-3.6800963335031818,-1.926459248976936,1.3401275561109451,-0.097083657111385,3.964023668568252,-0.4437652499834614,1.3221564358194011
95.0,283.0,129.8916473388672,-0.0394547819665894,2.682214317895609,-4.116956616998964,-3.68009633552248,-1.926459248976936,1.340127296837338,-0.097083657111385,3.964023668633928,-0.4437652499834772,1.3221564364436311
95.0,283.0,129.8916473388672,-0.0394547819665894,2.682214317895609,-4.116956616998964,-3.6800963333030814,-1.926459248976936,1.3401275818667722,-0.097083657111385,3.964023668568252,-0.4437652499834763,1.322156394415256
95.0,283.0,129.8916473388672,-0.0394546154471699,2.6822143178956024,-4.116956616998964,-3.680096335068772,-1.926459248976936,1.340127433934547,-0.097083657111385,3.9640236685957135,-0.4437652499834758,1.322156434700757
95.0,283.0,129.8916473388672,-0.0394553300044638,2.682214317895609,-4.116956616998964,-3.680096335258313,-1.926459248976936,1.3401275785618103,-0.097083657111385,3.964023668627674,-0.4437652499834664,1.322156394415256
95.0,283.0,129.8916473388672,-0.0394549799886792,2.6822143178956024,-4.116956616998964,-3.680096335333745,-1.926459248976936,1.3401274229933633,-0.097083657111385,3.964023668597398,-0.4437652499834763,1.3221564326711026
95.0,283.0,129.8916473388672,-0.0394549332207626,2.682214317895609,-4.116956616998964,-3.680096335258354,-1.926459248976936,1.3401275818667722,-0.097083657111385,3.964023668568252,-0.4437652499834695,1.322156394415256
95.0,283.0,129.8916473388672,-0.0394550083928026,2.6822143178956024,-4.116956616998964,-3.680096335333698,-1.926459248976936,1.3401273851953226,-0.097083657111385,3.964023668701846,-0.4437652499834763,1.3221564364728144
95.0,283.0,129.8916473388672,-0.0394549332207626,2.682214317895609,-4.116956616998964,-3.680096335258313,-1.926459248976936,1.340127562165842,-0.097083657111385,3.964023668585492,-0.4437652499834661,1.322156394415256
95.0,283.0,129.8916473388672,-0.0394549825121074,2.6822143178956024,-4.116956616998964,-3.6800963353330354,-1.926459248976936,1.3401275734486902,-0.097083657111385,3.964023668568251,-0.4437652499834763,1.3221564358305906
95.0,283.0,129.8916473388672,-0.0394549989570684,2.682214317895609,-4.116956616998964,-3.680096335232197,-1.926459248976936,1.340127562165842,-0.097083657111385,3.964023668567735,-0.4437652499834766,1.322156394415256
95.0,283.0,129.8916473388672,-0.0394547819665894,2.682214317895609,-4.116956616998964,-3.680096333274654,-1.926459248976936,1.3401272735003742,-0.097083657111385,3.964023668590405,-0.4437652499834763,1.322156394415256
95.0,283.0,129.8916473388672,-0.0394549402594434,2.682214317895609,-4.116956616998964,-3.68009633552248,-1.926459248976936,1.3401272581941517,-0.097083657111385,3.964023668591093,-0.443765249983477,1.322156437876712
95.0,283.0,129.8916473388672,-0.0394547744322839,2.682214317895609,-4.116956616998964,-3.680096333246096,-1.926459248976936,1.3401273125142832,-0.097083657111385,3.964023668633928,-0.4437652499834772,1.3221564364424545
95.0,283.0,129.8916473388672,-0.0394547819665894,2.682214317895609,-4.116956616998964,-3.680096335405137,-1.926459248976936,1.3401275826359236,-0.097083657111385,3.964023668568252,-0.4437652499834763,1.322156394415256
95.0,283.0,129.8916473388672,-0.0394540761848176,2.682214317895609,-4.116956616998964,-3.6800963335031818,-1.926459248976936,1.3401275509113062,-0.097083657111385,3.964023668568252,-0.4437652499834614,1.3221564358194011
95.0,283.0,129.8916473388672,-0.0394549799886792,2.6822143178956024,-4.116956616998964,-3.680096335333745,-1.926459248976936,1.3401274263642535,-0.097083657111385,3.964023668597398,-0.4437652499834763,1.3221564303778044
95.0,283.0,129.8916473388672,-0.0394540104485118,2.682214317895609,-4.116956616998964,-3.680096333329199,-1.926459248976936,1.3401275818667722,-0.097083657111385,3.964023668586008,-0.4437652499834658,1.3221564358087918
95.0,283.0,129.8916473388672,-0.0394546623117755,2.682214317895609,-4.116956616998964,-3.6800963353336975,-1.926459248976936,1.34012737986952,-0.097083657111385,3.964023668558612,-0.443765249983477,1.322156436548152
95.0,283.0,129.8916473388672,-0.0394549237061717,2.682214317895609,-4.116956616998964,-3.680096335258313,-1.926459248976936,1.340127562165842,-0.097083657111385,3.964023668585945,-0.4437652499834773,1.32215639469767
95.0,283.0,129.8916473388672,-0.0394547819665894,2.682214317895609,-4.116956616998964,-3.6800963355509086,-1.926459248976936,1.3401275888077675,-0.097083657111385,3.9640236685695913,-0.443765249983477,1.3221564364436311
95.0,283.0,129.8916473388672,-0.0394550017190096,2.6822143178956024,-4.116956616998964,-3.6800963353330447,-1.926459248976936,1.3401273851953226,-0.097083657111385,3.964023668568251,-0.4437652499834763,1.3221564346997008
95.0,283.0,129.8916473388672,-0.0394549332207626,2.682214317895609,-4.116956616998964,-3.680096335258354,-1.926459248976936,1.3401276041139902,-0.097083657111385,3.964023668569057,-0.4437652499834695,1.3221563928562987
95.0,283.0,129.8916473388672,-0.0394548655383749,2.682214317895609,-4.116956616998964,-3.680096335333712,-1.926459248976936,1.3401272782807734,-0.097083657111385,3.964023668702637,-0.443765249983477,1.3221564365044098
95.0,283.0,129.8916473388672,-0.0394550026510082,2.682214317895609,-4.116956616998964,-3.68009633545828,-1.926459248976936,1.3401275809180946,-0.097083657111385,3.964023668568252,-0.4437652499834767,1.322156394415256
95.0,283.0,129.8916473388672,-0.0394547819665894,2.682214317895609,-4.116956616998964,-3.680096335510914,-1.926459248976936,1.3401272825189732,-0.097083657111385,3.964023668568815,-0.443765249983477,1.3221564364436311
95.0,283.0,129.8916473388672,-0.0394549332207626,2.682214317895609,-4.116956616998964,-3.680096335327009,-1.926459248976936,1.3401275818667722,-0.097083657111385,3.964023668568252,-0.4437652499834695,1.322156433231931
95.0,283.0,129.8916473388672,-0.0394549299325213,2.682214317895609,-4.116956616998964,-3.6800963353336695,-1.926459248976936,1.3401272782807734,-0.097083657111385,3.964023668572159,-0.443765249983477,1.3221563966483698
95.0,283.0,129.8916473388672,-0.0394549575512239,2.682214317895609,-4.116956616998964,-3.680096333329199,-1.926459248976936,1.3401275818667722,-0.097083657111385,3.964023668586008,-0.4437652499834658,1.3221564358087918
95.0,283.0,129.8916473388672,-0.0394549651407495,2.682214317895609,-4.116956616998964,-3.6800963333030814,-1.926459248976936,1.3401275818667722,-0.097083657111385,3.964023668568252,-0.4437652499834763,1.322156394415256
95.0,283.0,129.8916473388672,-0.0394548655383749,2.682214317895609,-4.116956616998964,-3.680096335333712,-1.926459248976936,1.3401272804413695,-0.097083657111385,3.9640236687023376,-0.443765249983477,1.3221564365044098
95.0,283.0,129.8916473388672,-0.0394547819665894,2.682214317895609,-4.116956616998964,-3.680096335405137,-1.926459248976936,1.3401275622484283,-0.097083657111385,3.964023668568252,-0.4437652499834763,1.322156394415256
95.0,283.0,129.8916473388672,-0.0394553115645138,2.682214317895609,-4.116956616998964,-3.6800963353365694,-1.926459248976936,1.3401275785618103,-0.097083657111385,3.964023668627674,-0.4437652499834664,1.322156394415256
95.0,283.0,129.8916473388672,-0.0394547819665894,2.682214317895609,-4.116956616998964,-3.6800963355509086,-1.926459248976936,1.3401275888077675,-0.097083657111385,3.9640236685695913,-0.443765249983477,1.3221564327177708
95.0,283.0,129.8916473388672,-0.0394548655383749,2.682214317895609,-4.116956616998964,-3.68009633531086,-1.926459248976936,1.3401272708425611,-0.097083657111385,3.964023668569667,-0.443765249983477,1.3221564358521676
95.0,283.0,129.8916473388672,-0.0394547877083838,2.6822143178956024,-4.116956616998964,-3.6800963331785015,-1.926459248976936,1.3401273861440004,-0.097083657111385,3.964023668701846,-0.4437652499834763,1.3221564364728144
95.0,283.0,129.8916473388672,-0.0394546623117755,2.682214317895609,-4.116956616998964,-3.6800963353336975,-1.926459248976936,1.34012737986952,-0.097083657111385,3.964023668558612,-0.443765249983477,1.322156436548152
95.0,283.0,129.8916473388672,-0.0394547819665894,2.682214317895609,-4.116956616998964,-3.680096335327688,-1.926459248976936,1.340127296837338,-0.097083657111385,3.964023668633928,-0.443765249983477,1.3221564364436311
95.0,283.0,129.8916473388672,-0.0394547591462051,2.682214317895609,-4.116956616998964,-3.680096335335538,-1.926459248976936,1.3401275826359236,-0.097083657111385,3.964023668568252,-0.4437652499834763,1.322156394415256
95.0,284.0,129.8916473388672,-0.0394547819665894,2.682214317895609,-4.116956616998964,-3.6800963333030814,-1.926459248976936,1.3401275818667722,-0.097083657111385,3.964023668568252,-0.4437652499834763,1.322156394415256
95.0,284.0,129.8916473388672,-0.0394549332207626,2.682214317895609,-4.116956616998964,-3.680096335258354,-1.926459248976936,1.3401275818667722,-0.097083657111385,3.964023668568252,-0.4437652499834695,1.322156394415256
95.0,284.0,129.8916473388672,-0.0394547819665894,2.682214317895609,-4.116956616998964,-3.6800963333030814,-1.926459248976936,1.3401275818667722,-0.097083657111385,3.964023668568252,-0.4437652499834763,1.322156394415256
95.0,284.0,129.8916473388672,-0.0394547819665894,2.682214317895609,-4.116956616998964,-3.68009633552248,-1.926459248976936,1.3401272804413695,-0.097083657111385,3.964023668591744,-0.443765249983477,1.3221564364436311
95.0,284.0,129.8916473388672,-0.0394540761848176,2.682214317895609,-4.116956616998964,-3.6800963333030814,-1.926459248976936,1.3401275818667722,-0.097083657111385,3.964023668568252,-0.4437652499834763,1.3221564358087918
95.0,284.0,129.8916473388672,-0.0394549402594434,2.682214317895609,-4.116956616998964,-3.68009633552248,-1.926459248976936,1.3401272804413695,-0.097083657111385,3.9640236685918975,-0.443765249983477,1.3221564363177545
95.0,284.0,129.8916473388672,-0.0394549332207626,2.682214317895609,-4.116956616998964,-3.680096335258313,-1.926459248976936,1.3401275785618103,-0.097083657111385,3.964023668627674,-0.4437652499834664,1.322156394415256
95.0,284.0,129.8916473388672,-0.0394549320041276,2.682214317895609,-4.116956616998964,-3.6800963353307967,-1.926459248976936,1.3401275818667722,-0.097083657111385,3.964023668568252,-0.4437652499834763,1.3221564358087918
95.0,284.0,129.8916473388672,-0.0394547819665894,2.682214317895609,-4.116956616998964,-3.6800963333030814,-1.926459248976936,1.3401275818667722,-0.097083657111385,3.964023668568252,-0.4437652499834767,1.322156394415256
95.0,284.0,129.8916473388672,-0.0394553300044638,2.682214317895609,-4.116956616998964,-3.680096335258313,-1.926459248976936,1.3401275785618103,-0.097083657111385,3.964023668627674,-0.4437652499834664,1.322156394415256
95.0,284.0,129.8916473388672,-0.0394548655383749,2.682214317895609,-4.116956616998964,-3.680096335333712,-1.926459248976936,1.3401272804413695,-0.097083657111385,3.9640236687023376,-0.443765249983477,1.3221564365044098
95.0,284.0,129.8916473388672,-0.0394540761848176,2.682214317895609,-4.116956616998964,-3.6800963335031818,-1.926459248976936,1.3401275561109451,-0.097083657111385,3.964023668568252,-0.4437652499834614,1.3221564358194011
95.0,284.0,129.8916473388672,-0.0394547819665894,2.682214317895609,-4.116956616998964,-3.68009633552248,-1.926459248976936,1.340127296837338,-0.097083657111385,3.964023668633928,-0.4437652499834772,1.3221564364436311
95.0,284.0,129.8916473388672,-0.0394547819665894,2.682214317895609,-4.116956616998964,-3.6800963333030814,-1.926459248976936,1.3401275818667722,-0.097083657111385,3.964023668568252,-0.4437652499834763,1.322156394415256
95.0,284.0,129.8916473388672,-0.0394546154471699,2.6822143178956024,-4.116956616998964,-3.680096335068772,-1.926459248976936,1.340127433934547,-0.097083657111385,3.9640236685957135,-0.4437652499834758,1.322156434700757
95.0,284.0,129.8916473388672,-0.0394553300044638,2.682214317895609,-4.116956616998964,-3.680096335258313,-1.926459248976936,1.3401275785618103,-0.097083657111385,3.964023668627674,-0.4437652499834664,1.322156394415256
95.0,284.0,129.8916473388672,-0.0394549799886792,2.6822143178956024,-4.116956616998964,-3.680096335333745,-1.926459248976936,1.3401274229933633,-0.097083657111385,3.964023668597398,-0.4437652499834763,1.3221564326711026
95.0,284.0,129.8916473388672,-0.0394549332207626,2.682214317895609,-4.116956616998964,-3.680096335258354,-1.926459248976936,1.3401275818667722,-0.097083657111385,3.964023668568252,-0.4437652499834695,1.322156394415256
95.0,284.0,129.8916473388672,-0.0394550083928026,2.6822143178956024,-4.116956616998964,-3.680096335333698,-1.926459248976936,1.3401273851953226,-0.097083657111385,3.964023668701846,-0.4437652499834763,1.3221564364728144
95.0,284.0,129.8916473388672,-0.0394549332207626,2.682214317895609,-4.116956616998964,-3.680096335258313,-1.926459248976936,1.340127562165842,-0.097083657111385,3.964023668585492,-0.4437652499834661,1.322156394415256
95.0,284.0,129.8916473388672,-0.0394549825121074,2.6822143178956024,-4.116956616998964,-3.6800963353330354,-1.926459248976936,1.3401275734486902,-0.097083657111385,3.964023668568251,-0.4437652499834763,1.3221564358305906
95.0,284.0,129.8916473388672,-0.0394549989570684,2.682214317895609,-4.116956616998964,-3.680096335232197,-1.926459248976936,1.340127562165842,-0.097083657111385,3.964023668567735,-0.4437652499834766,1.322156394415256
95.0,284.0,129.8916473388672,-0.0394547819665894,2.682214317895609,-4.116956616998964,-3.680096333274654,-1.926459248976936,1.3401272735003742,-0.097083657111385,3.964023668590405,-0.4437652499834763,1.322156394415256
95.0,284.0,129.8916473388672,-0.0394549402594434,2.682214317895609,-4.116956616998964,-3.68009633552248,-1.926459248976936,1.3401272581941517,-0.097083657111385,3.964023668591093,-0.443765249983477,1.322156437876712
95.0,284.0,129.8916473388672,-0.0394547744322839,2.682214317895609,-4.116956616998964,-3.680096333246096,-1.926459248976936,1.3401273125142832,-0.097083657111385,3.964023668633928,-0.4437652499834772,1.3221564364424545
95.0,284.0,129.8916473388672,-0.0394547819665894,2.682214317895609,-4.116956616998964,-3.680096335405137,-1.926459248976936,1.3401275826359236,-0.097083657111385,3.964023668568252,-0.4437652499834763,1.322156394415256
95.0,284.0,129.8916473388672,-0.0394540761848176,2.682214317895609,-4.116956616998964,-3.6800963335031818,-1.926459248976936,1.3401275509113062,-0.097083657111385,3.964023668568252,-0.4437652499834614,1.3221564358194011
95.0,284.0,129.8916473388672,-0.0394549799886792,2.6822143178956024,-4.116956616998964,-3.680096335333745,-1.926459248976936,1.3401274263642535,-0.097083657111385,3.964023668597398,-0.4437652499834763,1.3221564303778044
95.0,284.0,129.8916473388672,-0.0394540104485118,2.682214317895609,-4.116956616998964,-3.680096333329199,-1.926459248976936,1.3401275818667722,-0.097083657111385,3.964023668586008,-0.4437652499834658,1.3221564358087918
95.0,284.0,129.8916473388672,-0.0394546623117755,2.682214317895609,-4.116956616998964,-3.6800963353336975,-1.926459248976936,1.34012737986952,-0.097083657111385,3.964023668558612,-0.443765249983477,1.322156436548152
95.0,284.0,129.8916473388672,-0.0394549237061717,2.682214317895609,-4.116956616998964,-3.680096335258313,-1.926459248976936,1.340127562165842,-0.097083657111385,3.964023668585945,-0.4437652499834773,1.32215639469767
95.0,284.0,129.8916473388672,-0.0394547819665894,2.682214317895609,-4.116956616998964,-3.6800963355509086,-1.926459248976936,1.3401275888077675,-0.097083657111385,3.9640236685695913,-0.443765249983477,1.3221564364436311
95.0,284.0,129.8916473388672,-0.0394550017190096,2.6822143178956024,-4.116956616998964,-3.6800963353330447,-1.926459248976936,1.3401273851953226,-0.097083657111385,3.964023668568251,-0.4437652499834763,1.3221564346997008
95.0,284.0,129.8916473388672,-0.0394549332207626,2.682214317895609,-4.116956616998964,-3.680096335258354,-1.926459248976936,1.3401276041139902,-0.097083657111385,3.964023668569057,-0.4437652499834695,1.3221563928562987
95.0,284.0,129.8916473388672,-0.0394548655383749,2.682214317895609,-4.116956616998964,-3.680096335333712,-1.926459248976936,1.3401272782807734,-0.097083657111385,3.964023668702637,-0.443765249983477,1.3221564365044098
95.0,284.0,129.8916473388672,-0.0394550026510082,2.682214317895609,-4.116956616998964,-3.68009633545828,-1.926459248976936,1.3401275809180946,-0.097083657111385,3.964023668568252,-0.4437652499834767,1.322156394415256
95.0,284.0,129.8916473388672,-0.0394547819665894,2.682214317895609,-4.116956616998964,-3.680096335510914,-1.926459248976936,1.3401272825189732,-0.097083657111385,3.964023668568815,-0.443765249983477,1.3221564364436311
95.0,284.0,129.8916473388672,-0.0394549332207626,2.682214317895609,-4.116956616998964,-3.680096335327009,-1.926459248976936,1.3401275818667722,-0.097083657111385,3.964023668568252,-0.4437652499834695,1.322156433231931
95.0,284.0,129.8916473388672,-0.0394549299325213,2.682214317895609,-4.116956616998964,-3.6800963353336695,-1.926459248976936,1.3401272782807734,-0.097083657111385,3.964023668572159,-0.443765249983477,1.3221563966483698
95.0,284.0,129.8916473388672,-0.0394549575512239,2.682214317895609,-4.116956616998964,-3.680096333329199,-1.926459248976936,1.3401275818667722,-0.097083657111385,3.964023668586008,-0.4437652499834658,1.3221564358087918
95.0,284.0,129.8916473388672,-0.0394549651407495,2.682214317895609,-4.116956616998964,-3.6800963333030814,-1.926459248976936,1.3401275818667722,-0.097083657111385,3.964023668568252,-0.4437652499834763,1.322156394415256
95.0,284.0,129.8916473388672,-0.0394548655383749,2.682214317895609,-4.116956616998964,-3.680096335333712,-1.926459248976936,1.3401272804413695,-0.097083657111385,3.9640236687023376,-0.443765249983477,1.3221564365044098
95.0,284.0,129.8916473388672,-0.0394547819665894,2.682214317895609,-4.116956616998964,-3.680096335405137,-1.926459248976936,1.3401275622484283,-0.097083657111385,3.964023668568252,-0.4437652499834763,1.322156394415256
95.0,284.0,129.8916473388672,-0.0394553115645138,2.682214317895609,-4.116956616998964,-3.6800963353365694,-1.926459248976936,1.3401275785618103,-0.097083657111385,3.964023668627674,-0.4437652499834664,1.322156394415256
95.0,284.0,129.8916473388672,-0.0394547819665894,2.682214317895609,-4.116956616998964,-3.6800963355509086,-1.926459248976936,1.3401275888077675,-0.097083657111385,3.9640236685695913,-0.443765249983477,1.3221564327177708
95.0,284.0,129.8916473388672,-0.0394548655383749,2.682214317895609,-4.116956616998964,-3.68009633531086,-1.926459248976936,1.3401272708425611,-0.097083657111385,3.964023668569667,-0.443765249983477,1.3221564358521676
95.0,284.0,129.8916473388672,-0.0394547877083838,2.6822143178956024,-4.116956616998964,-3.6800963331785015,-1.926459248976936,1.3401273861440004,-0.097083657111385,3.964023668701846,-0.4437652499834763,1.3221564364728144
95.0,284.0,129.8916473388672,-0.0394546623117755,2.682214317895609,-4.116956616998964,-3.6800963353336975,-1.926459248976936,1.34012737986952,-0.097083657111385,3.964023668558612,-0.443765249983477,1.322156436548152
95.0,284.0,129.8916473388672,-0.0394547819665894,2.682214317895609,-4.116956616998964,-3.680096335327688,-1.926459248976936,1.340127296837338,-0.097083657111385,3.964023668633928,-0.443765249983477,1.3221564364436311
95.0,284.0,129.8916473388672,-0.0394547591462051,2.682214317895609,-4.116956616998964,-3.680096335335538,-1.926459248976936,1.3401275826359236,-0.097083657111385,3.964023668568252,-0.4437652499834763,1.322156394415256
95.0,285.0,129.8916473388672,-0.0394547819665894,2.682214317895609,-4.116956616998964,-3.6800963333030814,-1.926459248976936,1.3401275818667722,-0.097083657111385,3.964023668568252,-0.4437652499834763,1.322156394415256
95.0,285.0,129.8916473388672,-0.0394549332207626,2.682214317895609,-4.116956616998964,-3.680096335258354,-1.926459248976936,1.3401275818667722,-0.097083657111385,3.964023668568252,-0.4437652499834695,1.322156394415256
95.0,285.0,129.8916473388672,-0.0394547819665894,2.682214317895609,-4.116956616998964,-3.6800963333030814,-1.926459248976936,1.3401275818667722,-0.097083657111385,3.964023668568252,-0.4437652499834763,1.322156394415256
95.0,285.0,129.8916473388672,-0.0394547819665894,2.682214317895609,-4.116956616998964,-3.68009633552248,-1.926459248976936,1.3401272804413695,-0.097083657111385,3.964023668591744,-0.443765249983477,1.3221564364436311
95.0,285.0,129.8916473388672,-0.0394540761848176,2.682214317895609,-4.116956616998964,-3.6800963333030814,-1.926459248976936,1.3401275818667722,-0.097083657111385,3.964023668568252,-0.4437652499834763,1.3221564358087918
95.0,285.0,129.8916473388672,-0.0394549402594434,2.682214317895609,-4.116956616998964,-3.68009633552248,-1.926459248976936,1.3401272804413695,-0.097083657111385,3.9640236685918975,-0.443765249983477,1.3221564363177545
95.0,285.0,129.8916473388672,-0.0394549332207626,2.682214317895609,-4.116956616998964,-3.680096335258313,-1.926459248976936,1.3401275785618103,-0.097083657111385,3.964023668627674,-0.4437652499834664,1.322156394415256
95.0,285.0,129.8916473388672,-0.0394549320041276,2.682214317895609,-4.116956616998964,-3.6800963353307967,-1.926459248976936,1.3401275818667722,-0.097083657111385,3.964023668568252,-0.4437652499834763,1.3221564358087918
95.0,285.0,129.8916473388672,-0.0394547819665894,2.682214317895609,-4.116956616998964,-3.6800963333030814,-1.926459248976936,1.3401275818667722,-0.097083657111385,3.964023668568252,-0.4437652499834767,1.322156394415256
95.0,285.0,129.8916473388672,-0.0394553300044638,2.682214317895609,-4.116956616998964,-3.680096335258313,-1.926459248976936,1.3401275785618103,-0.097083657111385,3.964023668627674,-0.4437652499834664,1.322156394415256
95.0,285.0,129.8916473388672,-0.0394548655383749,2.682214317895609,-4.116956616998964,-3.680096335333712,-1.926459248976936,1.3401272804413695,-0.097083657111385,3.9640236687023376,-0.443765249983477,1.3221564365044098
95.0,285.0,129.8916473388672,-0.0394540761848176,2.682214317895609,-4.116956616998964,-3.6800963335031818,-1.926459248976936,1.3401275561109451,-0.097083657111385,3.964023668568252,-0.4437652499834614,1.3221564358194011
95.0,285.0,129.8916473388672,-0.0394547819665894,2.682214317895609,-4.116956616998964,-3.68009633552248,-1.926459248976936,1.340127296837338,-0.097083657111385,3.964023668633928,-0.4437652499834772,1.3221564364436311
95.0,285.0,129.8916473388672,-0.0394547819665894,2.682214317895609,-4.116956616998964,-3.6800963333030814,-1.926459248976936,1.3401275818667722,-0.097083657111385,3.964023668568252,-0.4437652499834763,1.322156394415256
95.0,285.0,129.8916473388672,-0.0394546154471699,2.6822143178956024,-4.116956616998964,-3.680096335068772,-1.926459248976936,1.340127433934547,-0.097083657111385,3.9640236685957135,-0.4437652499834758,1.322156434700757
95.0,285.0,129.8916473388672,-0.0394553300044638,2.682214317895609,-4.116956616998964,-3.680096335258313,-1.926459248976936,1.3401275785618103,-0.097083657111385,3.964023668627674,-0.4437652499834664,1.322156394415256
95.0,285.0,129.8916473388672,-0.0394549799886792,2.6822143178956024,-4.116956616998964,-3.680096335333745,-1.926459248976936,1.3401274229933633,-0.097083657111385,3.964023668597398,-0.4437652499834763,1.3221564326711026
95.0,285.0,129.8916473388672,-0.0394549332207626,2.682214317895609,-4.116956616998964,-3.680096335258354,-1.926459248976936,1.3401275818667722,-0.097083657111385,3.964023668568252,-0.4437652499834695,1.322156394415256
95.0,285.0,129.8916473388672,-0.0394550083928026,2.6822143178956024,-4.116956616998964,-3.680096335333698,-1.926459248976936,1.3401273851953226,-0.097083657111385,3.964023668701846,-0.4437652499834763,1.3221564364728144
95.0,285.0,129.8916473388672,-0.0394549332207626,2.682214317895609,-4.116956616998964,-3.680096335258313,-1.926459248976936,1.340127562165842,-0.097083657111385,3.964023668585492,-0.4437652499834661,1.322156394415256
95.0,285.0,129.8916473388672,-0.0394549825121074,2.6822143178956024,-4.116956616998964,-3.6800963353330354,-1.926459248976936,1.3401275734486902,-0.097083657111385,3.964023668568251,-0.4437652499834763,1.3221564358305906
95.0,285.0,129.8916473388672,-0.0394549989570684,2.682214317895609,-4.116956616998964,-3.680096335232197,-1.926459248976936,1.340127562165842,-0.097083657111385,3.964023668567735,-0.4437652499834766,1.322156394415256
95.0,285.0,129.8916473388672,-0.0394547819665894,2.682214317895609,-4.116956616998964,-3.680096333274654,-1.926459248976936,1.3401272735003742,-0.097083657111385,3.964023668590405,-0.4437652499834763,1.322156394415256
95.0,285.0,129.8916473388672,-0.0394549402594434,2.682214317895609,-4.116956616998964,-3.68009633552248,-1.926459248976936,1.3401272581941517,-0.097083657111385,3.964023668591093,-0.443765249983477,1.322156437876712
95.0,285.0,129.8916473388672,-0.0394547744322839,2.682214317895609,-4.116956616998964,-3.680096333246096,-1.926459248976936,1.3401273125142832,-0.097083657111385,3.964023668633928,-0.4437652499834772,1.3221564364424545
95.0,285.0,129.8916473388672,-0.0394547819665894,2.682214317895609,-4.116956616998964,-3.680096335405137,-1.926459248976936,1.3401275826359236,-0.097083657111385,3.964023668568252,-0.4437652499834763,1.322156394415256
95.0,285.0,129.8916473388672,-0.0394540761848176,2.682214317895609,-4.116956616998964,-3.6800963335031818,-1.926459248976936,1.3401275509113062,-0.097083657111385,3.964023668568252,-0.4437652499834614,1.3221564358194011
95.0,285.0,129.8916473388672,-0.0394549799886792,2.6822143178956024,-4.116956616998964,-3.680096335333745,-1.926459248976936,1.3401274263642535,-0.097083657111385,3.964023668597398,-0.4437652499834763,1.3221564303778044
95.0,285.0,129.8916473388672,-0.0394540104485118,2.682214317895609,-4.116956616998964,-3.680096333329199,-1.926459248976936,1.3401275818667722,-0.097083657111385,3.964023668586008,-0.4437652499834658,1.3221564358087918
95.0,285.0,129.8916473388672,-0.0394546623117755,2.682214317895609,-4.116956616998964,-3.6800963353336975,-1.926459248976936,1.34012737986952,-0.097083657111385,3.964023668558612,-0.443765249983477,1.322156436548152
95.0,285.0,129.8916473388672,-0.0394549237061717,2.682214317895609,-4.116956616998964,-3.680096335258313,-1.926459248976936,1.340127562165842,-0.097083657111385,3.964023668585945,-0.4437652499834773,1.32215639469767
95.0,285.0,129.8916473388672,-0.0394547819665894,2.682214317895609,-4.116956616998964,-3.6800963355509086,-1.926459248976936,1.3401275888077675,-0.097083657111385,3.9640236685695913,-0.443765249983477,1.3221564364436311
95.0,285.0,129.8916473388672,-0.0394550017190096,2.6822143178956024,-4.116956616998964,-3.6800963353330447,-1.926459248976936,1.3401273851953226,-0.097083657111385,3.964023668568251,-0.4437652499834763,1.3221564346997008
95.0,285.0,129.8916473388672,-0.0394549332207626,2.682214317895609,-4.116956616998964,-3.680096335258354,-1.926459248976936,1.3401276041139902,-0.097083657111385,3.964023668569057,-0.4437652499834695,1.3221563928562987
95.0,285.0,129.8916473388672,-0.0394548655383749,2.682214317895609,-4.116956616998964,-3.680096335333712,-1.926459248976936,1.3401272782807734,-0.097083657111385,3.964023668702637,-0.443765249983477,1.3221564365044098
95.0,285.0,129.8916473388672,-0.0394550026510082,2.682214317895609,-4.116956616998964,-3.68009633545828,-1.926459248976936,1.3401275809180946,-0.097083657111385,3.964023668568252,-0.4437652499834767,1.322156394415256
95.0,285.0,129.8916473388672,-0.0394547819665894,2.682214317895609,-4.116956616998964,-3.680096335510914,-1.926459248976936,1.3401272825189732,-0.097083657111385,3.964023668568815,-0.443765249983477,1.3221564364436311
95.0,285.0,129.8916473388672,-0.0394549332207626,2.682214317895609,-4.116956616998964,-3.680096335327009,-1.926459248976936,1.3401275818667722,-0.097083657111385,3.964023668568252,-0.4437652499834695,1.322156433231931
95.0,285.0,129.8916473388672,-0.0394549299325213,2.682214317895609,-4.116956616998964,-3.6800963353336695,-1.926459248976936,1.3401272782807734,-0.097083657111385,3.964023668572159,-0.443765249983477,1.3221563966483698
95.0,285.0,129.8916473388672,-0.0394549575512239,2.682214317895609,-4.116956616998964,-3.680096333329199,-1.926459248976936,1.3401275818667722,-0.097083657111385,3.964023668586008,-0.4437652499834658,1.3221564358087918
95.0,285.0,129.8916473388672,-0.0394549651407495,2.682214317895609,-4.116956616998964,-3.6800963333030814,-1.926459248976936,1.3401275818667722,-0.097083657111385,3.964023668568252,-0.4437652499834763,1.322156394415256
95.0,285.0,129.8916473388672,-0.0394548655383749,2.682214317895609,-4.116956616998964,-3.680096335333712,-1.926459248976936,1.3401272804413695,-0.097083657111385,3.9640236687023376,-0.443765249983477,1.3221564365044098
95.0,285.0,129.8916473388672,-0.0394547819665894,2.682214317895609,-4.116956616998964,-3.680096335405137,-1.926459248976936,1.3401275622484283,-0.097083657111385,3.964023668568252,-0.4437652499834763,1.322156394415256
95.0,285.0,129.8916473388672,-0.0394553115645138,2.682214317895609,-4.116956616998964,-3.6800963353365694,-1.926459248976936,1.3401275785618103,-0.097083657111385,3.964023668627674,-0.4437652499834664,1.322156394415256
95.0,285.0,129.8916473388672,-0.0394547819665894,2.682214317895609,-4.116956616998964,-3.6800963355509086,-1.926459248976936,1.3401275888077675,-0.097083657111385,3.9640236685695913,-0.443765249983477,1.3221564327177708
95.0,285.0,129.8916473388672,-0.0394548655383749,2.682214317895609,-4.116956616998964,-3.68009633531086,-1.926459248976936,1.3401272708425611,-0.097083657111385,3.964023668569667,-0.443765249983477,1.3221564358521676
95.0,285.0,129.8916473388672,-0.0394547877083838,2.6822143178956024,-4.116956616998964,-3.6800963331785015,-1.926459248976936,1.3401273861440004,-0.097083657111385,3.964023668701846,-0.4437652499834763,1.3221564364728144
95.0,285.0,129.8916473388672,-0.0394546623117755,2.682214317895609,-4.116956616998964,-3.6800963353336975,-1.926459248976936,1.34012737986952,-0.097083657111385,3.964023668558612,-0.443765249983477,1.322156436548152
95.0,285.0,129.8916473388672,-0.0394547819665894,2.682214317895609,-4.116956616998964,-3.680096335327688,-1.926459248976936,1.340127296837338,-0.097083657111385,3.964023668633928,-0.443765249983477,1.3221564364436311
95.0,285.0,129.8916473388672,-0.0394547591462051,2.682214317895609,-4.116956616998964,-3.680096335335538,-1.926459248976936,1.3401275826359236,-0.097083657111385,3.964023668568252,-0.4437652499834763,1.322156394415256
95.0,286.0,129.8916473388672,-0.0394547819665894,2.682214317895609,-4.116956616998964,-3.6800963333030814,-1.926459248976936,1.3401275818667722,-0.097083657111385,3.964023668568252,-0.4437652499834763,1.322156394415256
95.0,286.0,129.8916473388672,-0.0394549332207626,2.682214317895609,-4.116956616998964,-3.680096335258354,-1.926459248976936,1.3401275818667722,-0.097083657111385,3.964023668568252,-0.4437652499834695,1.322156394415256
95.0,286.0,129.8916473388672,-0.0394547819665894,2.682214317895609,-4.116956616998964,-3.6800963333030814,-1.926459248976936,1.3401275818667722,-0.097083657111385,3.964023668568252,-0.4437652499834763,1.322156394415256
95.0,286.0,129.8916473388672,-0.0394547819665894,2.682214317895609,-4.116956616998964,-3.68009633552248,-1.926459248976936,1.3401272804413695,-0.097083657111385,3.964023668591744,-0.443765249983477,1.3221564364436311
95.0,286.0,129.8916473388672,-0.0394540761848176,2.682214317895609,-4.116956616998964,-3.6800963333030814,-1.926459248976936,1.3401275818667722,-0.097083657111385,3.964023668568252,-0.4437652499834763,1.3221564358087918
95.0,286.0,129.8916473388672,-0.0394549402594434,2.682214317895609,-4.116956616998964,-3.68009633552248,-1.926459248976936,1.3401272804413695,-0.097083657111385,3.9640236685918975,-0.443765249983477,1.3221564363177545
95.0,286.0,129.8916473388672,-0.0394549332207626,2.682214317895609,-4.116956616998964,-3.680096335258313,-1.926459248976936,1.3401275785618103,-0.097083657111385,3.964023668627674,-0.4437652499834664,1.322156394415256
95.0,286.0,129.8916473388672,-0.0394549320041276,2.682214317895609,-4.116956616998964,-3.6800963353307967,-1.926459248976936,1.3401275818667722,-0.097083657111385,3.964023668568252,-0.4437652499834763,1.3221564358087918
95.0,286.0,129.8916473388672,-0.0394547819665894,2.682214317895609,-4.116956616998964,-3.6800963333030814,-1.926459248976936,1.3401275818667722,-0.097083657111385,3.964023668568252,-0.4437652499834767,1.322156394415256
95.0,286.0,129.8916473388672,-0.0394553300044638,2.682214317895609,-4.116956616998964,-3.680096335258313,-1.926459248976936,1.3401275785618103,-0.097083657111385,3.964023668627674,-0.4437652499834664,1.322156394415256
95.0,286.0,129.8916473388672,-0.0394548655383749,2.682214317895609,-4.116956616998964,-3.680096335333712,-1.926459248976936,1.3401272804413695,-0.097083657111385,3.9640236687023376,-0.443765249983477,1.3221564365044098
95.0,286.0,129.8916473388672,-0.0394540761848176,2.682214317895609,-4.116956616998964,-3.6800963335031818,-1.926459248976936,1.3401275561109451,-0.097083657111385,3.964023668568252,-0.4437652499834614,1.3221564358194011
95.0,286.0,129.8916473388672,-0.0394547819665894,2.682214317895609,-4.116956616998964,-3.68009633552248,-1.926459248976936,1.340127296837338,-0.097083657111385,3.964023668633928,-0.4437652499834772,1.3221564364436311
95.0,286.0,129.8916473388672,-0.0394547819665894,2.682214317895609,-4.116956616998964,-3.6800963333030814,-1.926459248976936,1.3401275818667722,-0.097083657111385,3.964023668568252,-0.4437652499834763,1.322156394415256
95.0,286.0,129.8916473388672,-0.0394546154471699,2.6822143178956024,-4.116956616998964,-3.680096335068772,-1.926459248976936,1.340127433934547,-0.097083657111385,3.9640236685957135,-0.4437652499834758,1.322156434700757
95.0,286.0,129.8916473388672,-0.0394553300044638,2.682214317895609,-4.116956616998964,-3.680096335258313,-1.926459248976936,1.3401275785618103,-0.097083657111385,3.964023668627674,-0.4437652499834664,1.322156394415256
95.0,286.0,129.8916473388672,-0.0394549799886792,2.6822143178956024,-4.116956616998964,-3.680096335333745,-1.926459248976936,1.3401274229933633,-0.097083657111385,3.964023668597398,-0.4437652499834763,1.3221564326711026
95.0,286.0,129.8916473388672,-0.0394549332207626,2.682214317895609,-4.116956616998964,-3.680096335258354,-1.926459248976936,1.3401275818667722,-0.097083657111385,3.964023668568252,-0.4437652499834695,1.322156394415256
95.0,286.0,129.8916473388672,-0.0394550083928026,2.6822143178956024,-4.116956616998964,-3.680096335333698,-1.926459248976936,1.3401273851953226,-0.097083657111385,3.964023668701846,-0.4437652499834763,1.3221564364728144
95.0,286.0,129.8916473388672,-0.0394549332207626,2.682214317895609,-4.116956616998964,-3.680096335258313,-1.926459248976936,1.340127562165842,-0.097083657111385,3.964023668585492,-0.4437652499834661,1.322156394415256
95.0,286.0,129.8916473388672,-0.0394549825121074,2.6822143178956024,-4.116956616998964,-3.6800963353330354,-1.926459248976936,1.3401275734486902,-0.097083657111385,3.964023668568251,-0.4437652499834763,1.3221564358305906
95.0,286.0,129.8916473388672,-0.0394549989570684,2.682214317895609,-4.116956616998964,-3.680096335232197,-1.926459248976936,1.340127562165842,-0.097083657111385,3.964023668567735,-0.4437652499834766,1.322156394415256
95.0,286.0,129.8916473388672,-0.0394547819665894,2.682214317895609,-4.116956616998964,-3.680096333274654,-1.926459248976936,1.3401272735003742,-0.097083657111385,3.964023668590405,-0.4437652499834763,1.322156394415256
95.0,286.0,129.8916473388672,-0.0394549402594434,2.682214317895609,-4.116956616998964,-3.68009633552248,-1.926459248976936,1.3401272581941517,-0.097083657111385,3.964023668591093,-0.443765249983477,1.322156437876712
95.0,286.0,129.8916473388672,-0.0394547744322839,2.682214317895609,-4.116956616998964,-3.680096333246096,-1.926459248976936,1.3401273125142832,-0.097083657111385,3.964023668633928,-0.4437652499834772,1.3221564364424545
95.0,286.0,129.8916473388672,-0.0394547819665894,2.682214317895609,-4.116956616998964,-3.680096335405137,-1.926459248976936,1.3401275826359236,-0.097083657111385,3.964023668568252,-0.4437652499834763,1.322156394415256
95.0,286.0,129.8916473388672,-0.0394540761848176,2.682214317895609,-4.116956616998964,-3.6800963335031818,-1.926459248976936,1.3401275509113062,-0.097083657111385,3.964023668568252,-0.4437652499834614,1.3221564358194011
95.0,286.0,129.8916473388672,-0.0394549799886792,2.6822143178956024,-4.116956616998964,-3.680096335333745,-1.926459248976936,1.3401274263642535,-0.097083657111385,3.964023668597398,-0.4437652499834763,1.3221564303778044
95.0,286.0,129.8916473388672,-0.0394540104485118,2.682214317895609,-4.116956616998964,-3.680096333329199,-1.926459248976936,1.3401275818667722,-0.097083657111385,3.964023668586008,-0.4437652499834658,1.3221564358087918
95.0,286.0,129.8916473388672,-0.0394546623117755,2.682214317895609,-4.116956616998964,-3.6800963353336975,-1.926459248976936,1.34012737986952,-0.097083657111385,3.964023668558612,-0.443765249983477,1.322156436548152
95.0,286.0,129.8916473388672,-0.0394549237061717,2.682214317895609,-4.116956616998964,-3.680096335258313,-1.926459248976936,1.340127562165842,-0.097083657111385,3.964023668585945,-0.4437652499834773,1.32215639469767
95.0,286.0,129.8916473388672,-0.0394547819665894,2.682214317895609,-4.116956616998964,-3.6800963355509086,-1.926459248976936,1.3401275888077675,-0.097083657111385,3.9640236685695913,-0.443765249983477,1.3221564364436311
95.0,286.0,129.8916473388672,-0.0394550017190096,2.6822143178956024,-4.116956616998964,-3.6800963353330447,-1.926459248976936,1.3401273851953226,-0.097083657111385,3.964023668568251,-0.4437652499834763,1.3221564346997008
95.0,286.0,129.8916473388672,-0.0394549332207626,2.682214317895609,-4.116956616998964,-3.680096335258354,-1.926459248976936,1.3401276041139902,-0.097083657111385,3.964023668569057,-0.4437652499834695,1.3221563928562987
95.0,286.0,129.8916473388672,-0.0394548655383749,2.682214317895609,-4.116956616998964,-3.680096335333712,-1.926459248976936,1.3401272782807734,-0.097083657111385,3.964023668702637,-0.443765249983477,1.3221564365044098
95.0,286.0,129.8916473388672,-0.0394550026510082,2.682214317895609,-4.116956616998964,-3.68009633545828,-1.926459248976936,1.3401275809180946,-0.097083657111385,3.964023668568252,-0.4437652499834767,1.322156394415256
95.0,286.0,129.8916473388672,-0.0394547819665894,2.682214317895609,-4.116956616998964,-3.680096335510914,-1.926459248976936,1.3401272825189732,-0.097083657111385,3.964023668568815,-0.443765249983477,1.3221564364436311
95.0,286.0,129.8916473388672,-0.0394549332207626,2.682214317895609,-4.116956616998964,-3.680096335327009,-1.926459248976936,1.3401275818667722,-0.097083657111385,3.964023668568252,-0.4437652499834695,1.322156433231931
95.0,286.0,129.8916473388672,-0.0394549299325213,2.682214317895609,-4.116956616998964,-3.6800963353336695,-1.926459248976936,1.3401272782807734,-0.097083657111385,3.964023668572159,-0.443765249983477,1.3221563966483698
95.0,286.0,129.8916473388672,-0.0394549575512239,2.682214317895609,-4.116956616998964,-3.680096333329199,-1.926459248976936,1.3401275818667722,-0.097083657111385,3.964023668586008,-0.4437652499834658,1.3221564358087918
95.0,286.0,129.8916473388672,-0.0394549651407495,2.682214317895609,-4.116956616998964,-3.6800963333030814,-1.926459248976936,1.3401275818667722,-0.097083657111385,3.964023668568252,-0.4437652499834763,1.322156394415256
95.0,286.0,129.8916473388672,-0.0394548655383749,2.682214317895609,-4.116956616998964,-3.680096335333712,-1.926459248976936,1.3401272804413695,-0.097083657111385,3.9640236687023376,-0.443765249983477,1.3221564365044098
95.0,286.0,129.8916473388672,-0.0394547819665894,2.682214317895609,-4.116956616998964,-3.680096335405137,-1.926459248976936,1.3401275622484283,-0.097083657111385,3.964023668568252,-0.4437652499834763,1.322156394415256
95.0,286.0,129.8916473388672,-0.0394553115645138,2.682214317895609,-4.116956616998964,-3.6800963353365694,-1.926459248976936,1.3401275785618103,-0.097083657111385,3.964023668627674,-0.4437652499834664,1.322156394415256
95.0,286.0,129.8916473388672,-0.0394547819665894,2.682214317895609,-4.116956616998964,-3.6800963355509086,-1.926459248976936,1.3401275888077675,-0.097083657111385,3.9640236685695913,-0.443765249983477,1.3221564327177708
95.0,286.0,129.8916473388672,-0.0394548655383749,2.682214317895609,-4.116956616998964,-3.68009633531086,-1.926459248976936,1.3401272708425611,-0.097083657111385,3.964023668569667,-0.443765249983477,1.3221564358521676
95.0,286.0,129.8916473388672,-0.0394547877083838,2.6822143178956024,-4.116956616998964,-3.6800963331785015,-1.926459248976936,1.3401273861440004,-0.097083657111385,3.964023668701846,-0.4437652499834763,1.3221564364728144
95.0,286.0,129.8916473388672,-0.0394546623117755,2.682214317895609,-4.116956616998964,-3.6800963353336975,-1.926459248976936,1.34012737986952,-0.097083657111385,3.964023668558612,-0.443765249983477,1.322156436548152
95.0,286.0,129.8916473388672,-0.0394547819665894,2.682214317895609,-4.116956616998964,-3.680096335327688,-1.926459248976936,1.340127296837338,-0.097083657111385,3.964023668633928,-0.443765249983477,1.3221564364436311
95.0,286.0,129.8916473388672,-0.0394547591462051,2.682214317895609,-4.116956616998964,-3.680096335335538,-1.926459248976936,1.3401275826359236,-0.097083657111385,3.964023668568252,-0.4437652499834763,1.322156394415256
95.0,287.0,129.8916473388672,-0.0394547819665894,2.682214317895609,-4.116956616998964,-3.6800963333030814,-1.926459248976936,1.3401275818667722,-0.097083657111385,3.964023668568252,-0.4437652499834763,1.322156394415256
95.0,287.0,129.8916473388672,-0.0394549332207626,2.682214317895609,-4.116956616998964,-3.680096335258354,-1.926459248976936,1.3401275818667722,-0.097083657111385,3.964023668568252,-0.4437652499834695,1.322156394415256
95.0,287.0,129.8916473388672,-0.0394547819665894,2.682214317895609,-4.116956616998964,-3.6800963333030814,-1.926459248976936,1.3401275818667722,-0.097083657111385,3.964023668568252,-0.4437652499834763,1.322156394415256
95.0,287.0,129.8916473388672,-0.0394547819665894,2.682214317895609,-4.116956616998964,-3.68009633552248,-1.926459248976936,1.3401272804413695,-0.097083657111385,3.964023668591744,-0.443765249983477,1.3221564364436311
95.0,287.0,129.8916473388672,-0.0394540761848176,2.682214317895609,-4.116956616998964,-3.6800963333030814,-1.926459248976936,1.3401275818667722,-0.097083657111385,3.964023668568252,-0.4437652499834763,1.3221564358087918
95.0,287.0,129.8916473388672,-0.0394549402594434,2.682214317895609,-4.116956616998964,-3.68009633552248,-1.926459248976936,1.3401272804413695,-0.097083657111385,3.9640236685918975,-0.443765249983477,1.3221564363177545
95.0,287.0,129.8916473388672,-0.0394549332207626,2.682214317895609,-4.116956616998964,-3.680096335258313,-1.926459248976936,1.3401275785618103,-0.097083657111385,3.964023668627674,-0.4437652499834664,1.322156394415256
95.0,287.0,129.8916473388672,-0.0394549320041276,2.682214317895609,-4.116956616998964,-3.6800963353307967,-1.926459248976936,1.3401275818667722,-0.097083657111385,3.964023668568252,-0.4437652499834763,1.3221564358087918
95.0,287.0,129.8916473388672,-0.0394547819665894,2.682214317895609,-4.116956616998964,-3.6800963333030814,-1.926459248976936,1.3401275818667722,-0.097083657111385,3.964023668568252,-0.4437652499834767,1.322156394415256
95.0,287.0,129.8916473388672,-0.0394553300044638,2.682214317895609,-4.116956616998964,-3.680096335258313,-1.926459248976936,1.3401275785618103,-0.097083657111385,3.964023668627674,-0.4437652499834664,1.322156394415256
95.0,287.0,129.8916473388672,-0.0394548655383749,2.682214317895609,-4.116956616998964,-3.680096335333712,-1.926459248976936,1.3401272804413695,-0.097083657111385,3.9640236687023376,-0.443765249983477,1.3221564365044098
95.0,287.0,129.8916473388672,-0.0394540761848176,2.682214317895609,-4.116956616998964,-3.6800963335031818,-1.926459248976936,1.3401275561109451,-0.097083657111385,3.964023668568252,-0.4437652499834614,1.3221564358194011
95.0,287.0,129.8916473388672,-0.0394547819665894,2.682214317895609,-4.116956616998964,-3.68009633552248,-1.926459248976936,1.340127296837338,-0.097083657111385,3.964023668633928,-0.4437652499834772,1.3221564364436311
95.0,287.0,129.8916473388672,-0.0394547819665894,2.682214317895609,-4.116956616998964,-3.6800963333030814,-1.926459248976936,1.3401275818667722,-0.097083657111385,3.964023668568252,-0.4437652499834763,1.322156394415256
95.0,287.0,129.8916473388672,-0.0394546154471699,2.6822143178956024,-4.116956616998964,-3.680096335068772,-1.926459248976936,1.340127433934547,-0.097083657111385,3.9640236685957135,-0.4437652499834758,1.322156434700757
95.0,287.0,129.8916473388672,-0.0394553300044638,2.682214317895609,-4.116956616998964,-3.680096335258313,-1.926459248976936,1.3401275785618103,-0.097083657111385,3.964023668627674,-0.4437652499834664,1.322156394415256
95.0,287.0,129.8916473388672,-0.0394549799886792,2.6822143178956024,-4.116956616998964,-3.680096335333745,-1.926459248976936,1.3401274229933633,-0.097083657111385,3.964023668597398,-0.4437652499834763,1.3221564326711026
95.0,287.0,129.8916473388672,-0.0394549332207626,2.682214317895609,-4.116956616998964,-3.680096335258354,-1.926459248976936,1.3401275818667722,-0.097083657111385,3.964023668568252,-0.4437652499834695,1.322156394415256
95.0,287.0,129.8916473388672,-0.0394550083928026,2.6822143178956024,-4.116956616998964,-3.680096335333698,-1.926459248976936,1.3401273851953226,-0.097083657111385,3.964023668701846,-0.4437652499834763,1.3221564364728144
95.0,287.0,129.8916473388672,-0.0394549332207626,2.682214317895609,-4.116956616998964,-3.680096335258313,-1.926459248976936,1.340127562165842,-0.097083657111385,3.964023668585492,-0.4437652499834661,1.322156394415256
95.0,287.0,129.8916473388672,-0.0394549825121074,2.6822143178956024,-4.116956616998964,-3.6800963353330354,-1.926459248976936,1.3401275734486902,-0.097083657111385,3.964023668568251,-0.4437652499834763,1.3221564358305906
95.0,287.0,129.8916473388672,-0.0394549989570684,2.682214317895609,-4.116956616998964,-3.680096335232197,-1.926459248976936,1.340127562165842,-0.097083657111385,3.964023668567735,-0.4437652499834766,1.322156394415256
95.0,287.0,129.8916473388672,-0.0394547819665894,2.682214317895609,-4.116956616998964,-3.680096333274654,-1.926459248976936,1.3401272735003742,-0.097083657111385,3.964023668590405,-0.4437652499834763,1.322156394415256
95.0,287.0,129.8916473388672,-0.0394549402594434,2.682214317895609,-4.116956616998964,-3.68009633552248,-1.926459248976936,1.3401272581941517,-0.097083657111385,3.964023668591093,-0.443765249983477,1.322156437876712
95.0,287.0,129.8916473388672,-0.0394547744322839,2.682214317895609,-4.116956616998964,-3.680096333246096,-1.926459248976936,1.3401273125142832,-0.097083657111385,3.964023668633928,-0.4437652499834772,1.3221564364424545
95.0,287.0,129.8916473388672,-0.0394547819665894,2.682214317895609,-4.116956616998964,-3.680096335405137,-1.926459248976936,1.3401275826359236,-0.097083657111385,3.964023668568252,-0.4437652499834763,1.322156394415256
95.0,287.0,129.8916473388672,-0.0394540761848176,2.682214317895609,-4.116956616998964,-3.6800963335031818,-1.926459248976936,1.3401275509113062,-0.097083657111385,3.964023668568252,-0.4437652499834614,1.3221564358194011
95.0,287.0,129.8916473388672,-0.0394549799886792,2.6822143178956024,-4.116956616998964,-3.680096335333745,-1.926459248976936,1.3401274263642535,-0.097083657111385,3.964023668597398,-0.4437652499834763,1.3221564303778044
95.0,287.0,129.8916473388672,-0.0394540104485118,2.682214317895609,-4.116956616998964,-3.680096333329199,-1.926459248976936,1.3401275818667722,-0.097083657111385,3.964023668586008,-0.4437652499834658,1.3221564358087918
95.0,287.0,129.8916473388672,-0.0394546623117755,2.682214317895609,-4.116956616998964,-3.6800963353336975,-1.926459248976936,1.34012737986952,-0.097083657111385,3.964023668558612,-0.443765249983477,1.322156436548152
95.0,287.0,129.8916473388672,-0.0394549237061717,2.682214317895609,-4.116956616998964,-3.680096335258313,-1.926459248976936,1.340127562165842,-0.097083657111385,3.964023668585945,-0.4437652499834773,1.32215639469767
95.0,287.0,129.8916473388672,-0.0394547819665894,2.682214317895609,-4.116956616998964,-3.6800963355509086,-1.926459248976936,1.3401275888077675,-0.097083657111385,3.9640236685695913,-0.443765249983477,1.3221564364436311
95.0,287.0,129.8916473388672,-0.0394550017190096,2.6822143178956024,-4.116956616998964,-3.6800963353330447,-1.926459248976936,1.3401273851953226,-0.097083657111385,3.964023668568251,-0.4437652499834763,1.3221564346997008
95.0,287.0,129.8916473388672,-0.0394549332207626,2.682214317895609,-4.116956616998964,-3.680096335258354,-1.926459248976936,1.3401276041139902,-0.097083657111385,3.964023668569057,-0.4437652499834695,1.3221563928562987
95.0,287.0,129.8916473388672,-0.0394548655383749,2.682214317895609,-4.116956616998964,-3.680096335333712,-1.926459248976936,1.3401272782807734,-0.097083657111385,3.964023668702637,-0.443765249983477,1.3221564365044098
95.0,287.0,129.8916473388672,-0.0394550026510082,2.682214317895609,-4.116956616998964,-3.68009633545828,-1.926459248976936,1.3401275809180946,-0.097083657111385,3.964023668568252,-0.4437652499834767,1.322156394415256
95.0,287.0,129.8916473388672,-0.0394547819665894,2.682214317895609,-4.116956616998964,-3.680096335510914,-1.926459248976936,1.3401272825189732,-0.097083657111385,3.964023668568815,-0.443765249983477,1.3221564364436311
95.0,287.0,129.8916473388672,-0.0394549332207626,2.682214317895609,-4.116956616998964,-3.680096335327009,-1.926459248976936,1.3401275818667722,-0.097083657111385,3.964023668568252,-0.4437652499834695,1.322156433231931
95.0,287.0,129.8916473388672,-0.0394549299325213,2.682214317895609,-4.116956616998964,-3.6800963353336695,-1.926459248976936,1.3401272782807734,-0.097083657111385,3.964023668572159,-0.443765249983477,1.3221563966483698
95.0,287.0,129.8916473388672,-0.0394549575512239,2.682214317895609,-4.116956616998964,-3.680096333329199,-1.926459248976936,1.3401275818667722,-0.097083657111385,3.964023668586008,-0.4437652499834658,1.3221564358087918
95.0,287.0,129.8916473388672,-0.0394549651407495,2.682214317895609,-4.116956616998964,-3.6800963333030814,-1.926459248976936,1.3401275818667722,-0.097083657111385,3.964023668568252,-0.4437652499834763,1.322156394415256
95.0,287.0,129.8916473388672,-0.0394548655383749,2.682214317895609,-4.116956616998964,-3.680096335333712,-1.926459248976936,1.3401272804413695,-0.097083657111385,3.9640236687023376,-0.443765249983477,1.3221564365044098
95.0,287.0,129.8916473388672,-0.0394547819665894,2.682214317895609,-4.116956616998964,-3.680096335405137,-1.926459248976936,1.3401275622484283,-0.097083657111385,3.964023668568252,-0.4437652499834763,1.322156394415256
95.0,287.0,129.8916473388672,-0.0394553115645138,2.682214317895609,-4.116956616998964,-3.6800963353365694,-1.926459248976936,1.3401275785618103,-0.097083657111385,3.964023668627674,-0.4437652499834664,1.322156394415256
95.0,287.0,129.8916473388672,-0.0394547819665894,2.682214317895609,-4.116956616998964,-3.6800963355509086,-1.926459248976936,1.3401275888077675,-0.097083657111385,3.9640236685695913,-0.443765249983477,1.3221564327177708
95.0,287.0,129.8916473388672,-0.0394548655383749,2.682214317895609,-4.116956616998964,-3.68009633531086,-1.926459248976936,1.3401272708425611,-0.097083657111385,3.964023668569667,-0.443765249983477,1.3221564358521676
95.0,287.0,129.8916473388672,-0.0394547877083838,2.6822143178956024,-4.116956616998964,-3.6800963331785015,-1.926459248976936,1.3401273861440004,-0.097083657111385,3.964023668701846,-0.4437652499834763,1.3221564364728144
95.0,287.0,129.8916473388672,-0.0394546623117755,2.682214317895609,-4.116956616998964,-3.6800963353336975,-1.926459248976936,1.34012737986952,-0.097083657111385,3.964023668558612,-0.443765249983477,1.322156436548152
95.0,287.0,129.8916473388672,-0.0394547819665894,2.682214317895609,-4.116956616998964,-3.680096335327688,-1.926459248976936,1.340127296837338,-0.097083657111385,3.964023668633928,-0.443765249983477,1.3221564364436311
95.0,287.0,129.8916473388672,-0.0394547591462051,2.682214317895609,-4.116956616998964,-3.680096335335538,-1.926459248976936,1.3401275826359236,-0.097083657111385,3.964023668568252,-0.4437652499834763,1.322156394415256
95.0,288.0,129.8916473388672,-0.0394547819665894,2.682214317895609,-4.116956616998964,-3.6800963333030814,-1.926459248976936,1.3401275818667722,-0.097083657111385,3.964023668568252,-0.4437652499834763,1.322156394415256
95.0,288.0,129.8916473388672,-0.0394549332207626,2.682214317895609,-4.116956616998964,-3.680096335258354,-1.926459248976936,1.3401275818667722,-0.097083657111385,3.964023668568252,-0.4437652499834695,1.322156394415256
95.0,288.0,129.8916473388672,-0.0394547819665894,2.682214317895609,-4.116956616998964,-3.6800963333030814,-1.926459248976936,1.3401275818667722,-0.097083657111385,3.964023668568252,-0.4437652499834763,1.322156394415256
95.0,288.0,129.8916473388672,-0.0394547819665894,2.682214317895609,-4.116956616998964,-3.68009633552248,-1.926459248976936,1.3401272804413695,-0.097083657111385,3.964023668591744,-0.443765249983477,1.3221564364436311
95.0,288.0,129.8916473388672,-0.0394540761848176,2.682214317895609,-4.116956616998964,-3.6800963333030814,-1.926459248976936,1.3401275818667722,-0.097083657111385,3.964023668568252,-0.4437652499834763,1.3221564358087918
95.0,288.0,129.8916473388672,-0.0394549402594434,2.682214317895609,-4.116956616998964,-3.68009633552248,-1.926459248976936,1.3401272804413695,-0.097083657111385,3.9640236685918975,-0.443765249983477,1.3221564363177545
95.0,288.0,129.8916473388672,-0.0394549332207626,2.682214317895609,-4.116956616998964,-3.680096335258313,-1.926459248976936,1.3401275785618103,-0.097083657111385,3.964023668627674,-0.4437652499834664,1.322156394415256
95.0,288.0,129.8916473388672,-0.0394549320041276,2.682214317895609,-4.116956616998964,-3.6800963353307967,-1.926459248976936,1.3401275818667722,-0.097083657111385,3.964023668568252,-0.4437652499834763,1.3221564358087918
95.0,288.0,129.8916473388672,-0.0394547819665894,2.682214317895609,-4.116956616998964,-3.6800963333030814,-1.926459248976936,1.3401275818667722,-0.097083657111385,3.964023668568252,-0.4437652499834767,1.322156394415256
95.0,288.0,129.8916473388672,-0.0394553300044638,2.682214317895609,-4.116956616998964,-3.680096335258313,-1.926459248976936,1.3401275785618103,-0.097083657111385,3.964023668627674,-0.4437652499834664,1.322156394415256
95.0,288.0,129.8916473388672,-0.0394548655383749,2.682214317895609,-4.116956616998964,-3.680096335333712,-1.926459248976936,1.3401272804413695,-0.097083657111385,3.9640236687023376,-0.443765249983477,1.3221564365044098
95.0,288.0,129.8916473388672,-0.0394540761848176,2.682214317895609,-4.116956616998964,-3.6800963335031818,-1.926459248976936,1.3401275561109451,-0.097083657111385,3.964023668568252,-0.4437652499834614,1.3221564358194011
95.0,288.0,129.8916473388672,-0.0394547819665894,2.682214317895609,-4.116956616998964,-3.68009633552248,-1.926459248976936,1.340127296837338,-0.097083657111385,3.964023668633928,-0.4437652499834772,1.3221564364436311
95.0,288.0,129.8916473388672,-0.0394547819665894,2.682214317895609,-4.116956616998964,-3.6800963333030814,-1.926459248976936,1.3401275818667722,-0.097083657111385,3.964023668568252,-0.4437652499834763,1.322156394415256
95.0,288.0,129.8916473388672,-0.0394546154471699,2.6822143178956024,-4.116956616998964,-3.680096335068772,-1.926459248976936,1.340127433934547,-0.097083657111385,3.9640236685957135,-0.4437652499834758,1.322156434700757
95.0,288.0,129.8916473388672,-0.0394553300044638,2.682214317895609,-4.116956616998964,-3.680096335258313,-1.926459248976936,1.3401275785618103,-0.097083657111385,3.964023668627674,-0.4437652499834664,1.322156394415256
95.0,288.0,129.8916473388672,-0.0394549799886792,2.6822143178956024,-4.116956616998964,-3.680096335333745,-1.926459248976936,1.3401274229933633,-0.097083657111385,3.964023668597398,-0.4437652499834763,1.3221564326711026
95.0,288.0,129.8916473388672,-0.0394549332207626,2.682214317895609,-4.116956616998964,-3.680096335258354,-1.926459248976936,1.3401275818667722,-0.097083657111385,3.964023668568252,-0.4437652499834695,1.322156394415256
95.0,288.0,129.8916473388672,-0.0394550083928026,2.6822143178956024,-4.116956616998964,-3.680096335333698,-1.926459248976936,1.3401273851953226,-0.097083657111385,3.964023668701846,-0.4437652499834763,1.3221564364728144
95.0,288.0,129.8916473388672,-0.0394549332207626,2.682214317895609,-4.116956616998964,-3.680096335258313,-1.926459248976936,1.340127562165842,-0.097083657111385,3.964023668585492,-0.4437652499834661,1.322156394415256
95.0,288.0,129.8916473388672,-0.0394549825121074,2.6822143178956024,-4.116956616998964,-3.6800963353330354,-1.926459248976936,1.3401275734486902,-0.097083657111385,3.964023668568251,-0.4437652499834763,1.3221564358305906
95.0,288.0,129.8916473388672,-0.0394549989570684,2.682214317895609,-4.116956616998964,-3.680096335232197,-1.926459248976936,1.340127562165842,-0.097083657111385,3.964023668567735,-0.4437652499834766,1.322156394415256
95.0,288.0,129.8916473388672,-0.0394547819665894,2.682214317895609,-4.116956616998964,-3.680096333274654,-1.926459248976936,1.3401272735003742,-0.097083657111385,3.964023668590405,-0.4437652499834763,1.322156394415256
95.0,288.0,129.8916473388672,-0.0394549402594434,2.682214317895609,-4.116956616998964,-3.68009633552248,-1.926459248976936,1.3401272581941517,-0.097083657111385,3.964023668591093,-0.443765249983477,1.322156437876712
95.0,288.0,129.8916473388672,-0.0394547744322839,2.682214317895609,-4.116956616998964,-3.680096333246096,-1.926459248976936,1.3401273125142832,-0.097083657111385,3.964023668633928,-0.4437652499834772,1.3221564364424545
95.0,288.0,129.8916473388672,-0.0394547819665894,2.682214317895609,-4.116956616998964,-3.680096335405137,-1.926459248976936,1.3401275826359236,-0.097083657111385,3.964023668568252,-0.4437652499834763,1.322156394415256
95.0,288.0,129.8916473388672,-0.0394540761848176,2.682214317895609,-4.116956616998964,-3.6800963335031818,-1.926459248976936,1.3401275509113062,-0.097083657111385,3.964023668568252,-0.4437652499834614,1.3221564358194011
95.0,288.0,129.8916473388672,-0.0394549799886792,2.6822143178956024,-4.116956616998964,-3.680096335333745,-1.926459248976936,1.3401274263642535,-0.097083657111385,3.964023668597398,-0.4437652499834763,1.3221564303778044
95.0,288.0,129.8916473388672,-0.0394540104485118,2.682214317895609,-4.116956616998964,-3.680096333329199,-1.926459248976936,1.3401275818667722,-0.097083657111385,3.964023668586008,-0.4437652499834658,1.3221564358087918
95.0,288.0,129.8916473388672,-0.0394546623117755,2.682214317895609,-4.116956616998964,-3.6800963353336975,-1.926459248976936,1.34012737986952,-0.097083657111385,3.964023668558612,-0.443765249983477,1.322156436548152
95.0,288.0,129.8916473388672,-0.0394549237061717,2.682214317895609,-4.116956616998964,-3.680096335258313,-1.926459248976936,1.340127562165842,-0.097083657111385,3.964023668585945,-0.4437652499834773,1.32215639469767
95.0,288.0,129.8916473388672,-0.0394547819665894,2.682214317895609,-4.116956616998964,-3.6800963355509086,-1.926459248976936,1.3401275888077675,-0.097083657111385,3.9640236685695913,-0.443765249983477,1.3221564364436311
95.0,288.0,129.8916473388672,-0.0394550017190096,2.6822143178956024,-4.116956616998964,-3.6800963353330447,-1.926459248976936,1.3401273851953226,-0.097083657111385,3.964023668568251,-0.4437652499834763,1.3221564346997008
95.0,288.0,129.8916473388672,-0.0394549332207626,2.682214317895609,-4.116956616998964,-3.680096335258354,-1.926459248976936,1.3401276041139902,-0.097083657111385,3.964023668569057,-0.4437652499834695,1.3221563928562987
95.0,288.0,129.8916473388672,-0.0394548655383749,2.682214317895609,-4.116956616998964,-3.680096335333712,-1.926459248976936,1.3401272782807734,-0.097083657111385,3.964023668702637,-0.443765249983477,1.3221564365044098
95.0,288.0,129.8916473388672,-0.0394550026510082,2.682214317895609,-4.116956616998964,-3.68009633545828,-1.926459248976936,1.3401275809180946,-0.097083657111385,3.964023668568252,-0.4437652499834767,1.322156394415256
95.0,288.0,129.8916473388672,-0.0394547819665894,2.682214317895609,-4.116956616998964,-3.680096335510914,-1.926459248976936,1.3401272825189732,-0.097083657111385,3.964023668568815,-0.443765249983477,1.3221564364436311
95.0,288.0,129.8916473388672,-0.0394549332207626,2.682214317895609,-4.116956616998964,-3.680096335327009,-1.926459248976936,1.3401275818667722,-0.097083657111385,3.964023668568252,-0.4437652499834695,1.322156433231931
95.0,288.0,129.8916473388672,-0.0394549299325213,2.682214317895609,-4.116956616998964,-3.6800963353336695,-1.926459248976936,1.3401272782807734,-0.097083657111385,3.964023668572159,-0.443765249983477,1.3221563966483698
95.0,288.0,129.8916473388672,-0.0394549575512239,2.682214317895609,-4.116956616998964,-3.680096333329199,-1.926459248976936,1.3401275818667722,-0.097083657111385,3.964023668586008,-0.4437652499834658,1.3221564358087918
95.0,288.0,129.8916473388672,-0.0394549651407495,2.682214317895609,-4.116956616998964,-3.6800963333030814,-1.926459248976936,1.3401275818667722,-0.097083657111385,3.964023668568252,-0.4437652499834763,1.322156394415256
95.0,288.0,129.8916473388672,-0.0394548655383749,2.682214317895609,-4.116956616998964,-3.680096335333712,-1.926459248976936,1.3401272804413695,-0.097083657111385,3.9640236687023376,-0.443765249983477,1.3221564365044098
95.0,288.0,129.8916473388672,-0.0394547819665894,2.682214317895609,-4.116956616998964,-3.680096335405137,-1.926459248976936,1.3401275622484283,-0.097083657111385,3.964023668568252,-0.4437652499834763,1.322156394415256
95.0,288.0,129.8916473388672,-0.0394553115645138,2.682214317895609,-4.116956616998964,-3.6800963353365694,-1.926459248976936,1.3401275785618103,-0.097083657111385,3.964023668627674,-0.4437652499834664,1.322156394415256
95.0,288.0,129.8916473388672,-0.0394547819665894,2.682214317895609,-4.116956616998964,-3.6800963355509086,-1.926459248976936,1.3401275888077675,-0.097083657111385,3.9640236685695913,-0.443765249983477,1.3221564327177708
95.0,288.0,129.8916473388672,-0.0394548655383749,2.682214317895609,-4.116956616998964,-3.68009633531086,-1.926459248976936,1.3401272708425611,-0.097083657111385,3.964023668569667,-0.443765249983477,1.3221564358521676
95.0,288.0,129.8916473388672,-0.0394547877083838,2.6822143178956024,-4.116956616998964,-3.6800963331785015,-1.926459248976936,1.3401273861440004,-0.097083657111385,3.964023668701846,-0.4437652499834763,1.3221564364728144
95.0,288.0,129.8916473388672,-0.0394546623117755,2.682214317895609,-4.116956616998964,-3.6800963353336975,-1.926459248976936,1.34012737986952,-0.097083657111385,3.964023668558612,-0.443765249983477,1.322156436548152
95.0,288.0,129.8916473388672,-0.0394547819665894,2.682214317895609,-4.116956616998964,-3.680096335327688,-1.926459248976936,1.340127296837338,-0.097083657111385,3.964023668633928,-0.443765249983477,1.3221564364436311
95.0,288.0,129.8916473388672,-0.0394547591462051,2.682214317895609,-4.116956616998964,-3.680096335335538,-1.926459248976936,1.3401275826359236,-0.097083657111385,3.964023668568252,-0.4437652499834763,1.322156394415256
95.0,289.0,129.8916473388672,-0.0394547819665894,2.682214317895609,-4.116956616998964,-3.6800963333030814,-1.926459248976936,1.3401275818667722,-0.097083657111385,3.964023668568252,-0.4437652499834763,1.322156394415256
95.0,289.0,129.8916473388672,-0.0394549332207626,2.682214317895609,-4.116956616998964,-3.680096335258354,-1.926459248976936,1.3401275818667722,-0.097083657111385,3.964023668568252,-0.4437652499834695,1.322156394415256
95.0,289.0,129.8916473388672,-0.0394547819665894,2.682214317895609,-4.116956616998964,-3.6800963333030814,-1.926459248976936,1.3401275818667722,-0.097083657111385,3.964023668568252,-0.4437652499834763,1.322156394415256
95.0,289.0,129.8916473388672,-0.0394547819665894,2.682214317895609,-4.116956616998964,-3.68009633552248,-1.926459248976936,1.3401272804413695,-0.097083657111385,3.964023668591744,-0.443765249983477,1.3221564364436311
95.0,289.0,129.8916473388672,-0.0394540761848176,2.682214317895609,-4.116956616998964,-3.6800963333030814,-1.926459248976936,1.3401275818667722,-0.097083657111385,3.964023668568252,-0.4437652499834763,1.3221564358087918
95.0,289.0,129.8916473388672,-0.0394549402594434,2.682214317895609,-4.116956616998964,-3.68009633552248,-1.926459248976936,1.3401272804413695,-0.097083657111385,3.9640236685918975,-0.443765249983477,1.3221564363177545
95.0,289.0,129.8916473388672,-0.0394549332207626,2.682214317895609,-4.116956616998964,-3.680096335258313,-1.926459248976936,1.3401275785618103,-0.097083657111385,3.964023668627674,-0.4437652499834664,1.322156394415256
95.0,289.0,129.8916473388672,-0.0394549320041276,2.682214317895609,-4.116956616998964,-3.6800963353307967,-1.926459248976936,1.3401275818667722,-0.097083657111385,3.964023668568252,-0.4437652499834763,1.3221564358087918
95.0,289.0,129.8916473388672,-0.0394547819665894,2.682214317895609,-4.116956616998964,-3.6800963333030814,-1.926459248976936,1.3401275818667722,-0.097083657111385,3.964023668568252,-0.4437652499834767,1.322156394415256
95.0,289.0,129.8916473388672,-0.0394553300044638,2.682214317895609,-4.116956616998964,-3.680096335258313,-1.926459248976936,1.3401275785618103,-0.097083657111385,3.964023668627674,-0.4437652499834664,1.322156394415256
95.0,289.0,129.8916473388672,-0.0394548655383749,2.682214317895609,-4.116956616998964,-3.680096335333712,-1.926459248976936,1.3401272804413695,-0.097083657111385,3.9640236687023376,-0.443765249983477,1.3221564365044098
95.0,289.0,129.8916473388672,-0.0394540761848176,2.682214317895609,-4.116956616998964,-3.6800963335031818,-1.926459248976936,1.3401275561109451,-0.097083657111385,3.964023668568252,-0.4437652499834614,1.3221564358194011
95.0,289.0,129.8916473388672,-0.0394547819665894,2.682214317895609,-4.116956616998964,-3.68009633552248,-1.926459248976936,1.340127296837338,-0.097083657111385,3.964023668633928,-0.4437652499834772,1.3221564364436311
95.0,289.0,129.8916473388672,-0.0394547819665894,2.682214317895609,-4.116956616998964,-3.6800963333030814,-1.926459248976936,1.3401275818667722,-0.097083657111385,3.964023668568252,-0.4437652499834763,1.322156394415256
95.0,289.0,129.8916473388672,-0.0394546154471699,2.6822143178956024,-4.116956616998964,-3.680096335068772,-1.926459248976936,1.340127433934547,-0.097083657111385,3.9640236685957135,-0.4437652499834758,1.322156434700757
95.0,289.0,129.8916473388672,-0.0394553300044638,2.682214317895609,-4.116956616998964,-3.680096335258313,-1.926459248976936,1.3401275785618103,-0.097083657111385,3.964023668627674,-0.4437652499834664,1.322156394415256
95.0,289.0,129.8916473388672,-0.0394549799886792,2.6822143178956024,-4.116956616998964,-3.680096335333745,-1.926459248976936,1.3401274229933633,-0.097083657111385,3.964023668597398,-0.4437652499834763,1.3221564326711026
95.0,289.0,129.8916473388672,-0.0394549332207626,2.682214317895609,-4.116956616998964,-3.680096335258354,-1.926459248976936,1.3401275818667722,-0.097083657111385,3.964023668568252,-0.4437652499834695,1.322156394415256
95.0,289.0,129.8916473388672,-0.0394550083928026,2.6822143178956024,-4.116956616998964,-3.680096335333698,-1.926459248976936,1.3401273851953226,-0.097083657111385,3.964023668701846,-0.4437652499834763,1.3221564364728144
95.0,289.0,129.8916473388672,-0.0394549332207626,2.682214317895609,-4.116956616998964,-3.680096335258313,-1.926459248976936,1.340127562165842,-0.097083657111385,3.964023668585492,-0.4437652499834661,1.322156394415256
95.0,289.0,129.8916473388672,-0.0394549825121074,2.6822143178956024,-4.116956616998964,-3.6800963353330354,-1.926459248976936,1.3401275734486902,-0.097083657111385,3.964023668568251,-0.4437652499834763,1.3221564358305906
95.0,289.0,129.8916473388672,-0.0394549989570684,2.682214317895609,-4.116956616998964,-3.680096335232197,-1.926459248976936,1.340127562165842,-0.097083657111385,3.964023668567735,-0.4437652499834766,1.322156394415256
95.0,289.0,129.8916473388672,-0.0394547819665894,2.682214317895609,-4.116956616998964,-3.680096333274654,-1.926459248976936,1.3401272735003742,-0.097083657111385,3.964023668590405,-0.4437652499834763,1.322156394415256
95.0,289.0,129.8916473388672,-0.0394549402594434,2.682214317895609,-4.116956616998964,-3.68009633552248,-1.926459248976936,1.3401272581941517,-0.097083657111385,3.964023668591093,-0.443765249983477,1.322156437876712
95.0,289.0,129.8916473388672,-0.0394547744322839,2.682214317895609,-4.116956616998964,-3.680096333246096,-1.926459248976936,1.3401273125142832,-0.097083657111385,3.964023668633928,-0.4437652499834772,1.3221564364424545
95.0,289.0,129.8916473388672,-0.0394547819665894,2.682214317895609,-4.116956616998964,-3.680096335405137,-1.926459248976936,1.3401275826359236,-0.097083657111385,3.964023668568252,-0.4437652499834763,1.322156394415256
95.0,289.0,129.8916473388672,-0.0394540761848176,2.682214317895609,-4.116956616998964,-3.6800963335031818,-1.926459248976936,1.3401275509113062,-0.097083657111385,3.964023668568252,-0.4437652499834614,1.3221564358194011
95.0,289.0,129.8916473388672,-0.0394549799886792,2.6822143178956024,-4.116956616998964,-3.680096335333745,-1.926459248976936,1.3401274263642535,-0.097083657111385,3.964023668597398,-0.4437652499834763,1.3221564303778044
95.0,289.0,129.8916473388672,-0.0394540104485118,2.682214317895609,-4.116956616998964,-3.680096333329199,-1.926459248976936,1.3401275818667722,-0.097083657111385,3.964023668586008,-0.4437652499834658,1.3221564358087918
95.0,289.0,129.8916473388672,-0.0394546623117755,2.682214317895609,-4.116956616998964,-3.6800963353336975,-1.926459248976936,1.34012737986952,-0.097083657111385,3.964023668558612,-0.443765249983477,1.322156436548152
95.0,289.0,129.8916473388672,-0.0394549237061717,2.682214317895609,-4.116956616998964,-3.680096335258313,-1.926459248976936,1.340127562165842,-0.097083657111385,3.964023668585945,-0.4437652499834773,1.32215639469767
95.0,289.0,129.8916473388672,-0.0394547819665894,2.682214317895609,-4.116956616998964,-3.6800963355509086,-1.926459248976936,1.3401275888077675,-0.097083657111385,3.9640236685695913,-0.443765249983477,1.3221564364436311
95.0,289.0,129.8916473388672,-0.0394550017190096,2.6822143178956024,-4.116956616998964,-3.6800963353330447,-1.926459248976936,1.3401273851953226,-0.097083657111385,3.964023668568251,-0.4437652499834763,1.3221564346997008
95.0,289.0,129.8916473388672,-0.0394549332207626,2.682214317895609,-4.116956616998964,-3.680096335258354,-1.926459248976936,1.3401276041139902,-0.097083657111385,3.964023668569057,-0.4437652499834695,1.3221563928562987
95.0,289.0,129.8916473388672,-0.0394548655383749,2.682214317895609,-4.116956616998964,-3.680096335333712,-1.926459248976936,1.3401272782807734,-0.097083657111385,3.964023668702637,-0.443765249983477,1.3221564365044098
95.0,289.0,129.8916473388672,-0.0394550026510082,2.682214317895609,-4.116956616998964,-3.68009633545828,-1.926459248976936,1.3401275809180946,-0.097083657111385,3.964023668568252,-0.4437652499834767,1.322156394415256
95.0,289.0,129.8916473388672,-0.0394547819665894,2.682214317895609,-4.116956616998964,-3.680096335510914,-1.926459248976936,1.3401272825189732,-0.097083657111385,3.964023668568815,-0.443765249983477,1.3221564364436311
95.0,289.0,129.8916473388672,-0.0394549332207626,2.682214317895609,-4.116956616998964,-3.680096335327009,-1.926459248976936,1.3401275818667722,-0.097083657111385,3.964023668568252,-0.4437652499834695,1.322156433231931
95.0,289.0,129.8916473388672,-0.0394549299325213,2.682214317895609,-4.116956616998964,-3.6800963353336695,-1.926459248976936,1.3401272782807734,-0.097083657111385,3.964023668572159,-0.443765249983477,1.3221563966483698
95.0,289.0,129.8916473388672,-0.0394549575512239,2.682214317895609,-4.116956616998964,-3.680096333329199,-1.926459248976936,1.3401275818667722,-0.097083657111385,3.964023668586008,-0.4437652499834658,1.3221564358087918
95.0,289.0,129.8916473388672,-0.0394549651407495,2.682214317895609,-4.116956616998964,-3.6800963333030814,-1.926459248976936,1.3401275818667722,-0.097083657111385,3.964023668568252,-0.4437652499834763,1.322156394415256
95.0,289.0,129.8916473388672,-0.0394548655383749,2.682214317895609,-4.116956616998964,-3.680096335333712,-1.926459248976936,1.3401272804413695,-0.097083657111385,3.9640236687023376,-0.443765249983477,1.3221564365044098
95.0,289.0,129.8916473388672,-0.0394547819665894,2.682214317895609,-4.116956616998964,-3.680096335405137,-1.926459248976936,1.3401275622484283,-0.097083657111385,3.964023668568252,-0.4437652499834763,1.322156394415256
95.0,289.0,129.8916473388672,-0.0394553115645138,2.682214317895609,-4.116956616998964,-3.6800963353365694,-1.926459248976936,1.3401275785618103,-0.097083657111385,3.964023668627674,-0.4437652499834664,1.322156394415256
95.0,289.0,129.8916473388672,-0.0394547819665894,2.682214317895609,-4.116956616998964,-3.6800963355509086,-1.926459248976936,1.3401275888077675,-0.097083657111385,3.9640236685695913,-0.443765249983477,1.3221564327177708
95.0,289.0,129.8916473388672,-0.0394548655383749,2.682214317895609,-4.116956616998964,-3.68009633531086,-1.926459248976936,1.3401272708425611,-0.097083657111385,3.964023668569667,-0.443765249983477,1.3221564358521676
95.0,289.0,129.8916473388672,-0.0394547877083838,2.6822143178956024,-4.116956616998964,-3.6800963331785015,-1.926459248976936,1.3401273861440004,-0.097083657111385,3.964023668701846,-0.4437652499834763,1.3221564364728144
95.0,289.0,129.8916473388672,-0.0394546623117755,2.682214317895609,-4.116956616998964,-3.6800963353336975,-1.926459248976936,1.34012737986952,-0.097083657111385,3.964023668558612,-0.443765249983477,1.322156436548152
95.0,289.0,129.8916473388672,-0.0394547819665894,2.682214317895609,-4.116956616998964,-3.680096335327688,-1.926459248976936,1.340127296837338,-0.097083657111385,3.964023668633928,-0.443765249983477,1.3221564364436311
95.0,289.0,129.8916473388672,-0.0394547591462051,2.682214317895609,-4.116956616998964,-3.680096335335538,-1.926459248976936,1.3401275826359236,-0.097083657111385,3.964023668568252,-0.4437652499834763,1.322156394415256
95.0,290.0,129.8916473388672,-0.0394547819665894,2.682214317895609,-4.116956616998964,-3.6800963333030814,-1.926459248976936,1.3401275818667722,-0.097083657111385,3.964023668568252,-0.4437652499834763,1.322156394415256
95.0,290.0,129.8916473388672,-0.0394549332207626,2.682214317895609,-4.116956616998964,-3.680096335258354,-1.926459248976936,1.3401275818667722,-0.097083657111385,3.964023668568252,-0.4437652499834695,1.322156394415256
95.0,290.0,129.8916473388672,-0.0394547819665894,2.682214317895609,-4.116956616998964,-3.6800963333030814,-1.926459248976936,1.3401275818667722,-0.097083657111385,3.964023668568252,-0.4437652499834763,1.322156394415256
95.0,290.0,129.8916473388672,-0.0394547819665894,2.682214317895609,-4.116956616998964,-3.68009633552248,-1.926459248976936,1.3401272804413695,-0.097083657111385,3.964023668591744,-0.443765249983477,1.3221564364436311
95.0,290.0,129.8916473388672,-0.0394540761848176,2.682214317895609,-4.116956616998964,-3.6800963333030814,-1.926459248976936,1.3401275818667722,-0.097083657111385,3.964023668568252,-0.4437652499834763,1.3221564358087918
95.0,290.0,129.8916473388672,-0.0394549402594434,2.682214317895609,-4.116956616998964,-3.68009633552248,-1.926459248976936,1.3401272804413695,-0.097083657111385,3.9640236685918975,-0.443765249983477,1.3221564363177545
95.0,290.0,129.8916473388672,-0.0394549332207626,2.682214317895609,-4.116956616998964,-3.680096335258313,-1.926459248976936,1.3401275785618103,-0.097083657111385,3.964023668627674,-0.4437652499834664,1.322156394415256
95.0,290.0,129.8916473388672,-0.0394549320041276,2.682214317895609,-4.116956616998964,-3.6800963353307967,-1.926459248976936,1.3401275818667722,-0.097083657111385,3.964023668568252,-0.4437652499834763,1.3221564358087918
95.0,290.0,129.8916473388672,-0.0394547819665894,2.682214317895609,-4.116956616998964,-3.6800963333030814,-1.926459248976936,1.3401275818667722,-0.097083657111385,3.964023668568252,-0.4437652499834767,1.322156394415256
95.0,290.0,129.8916473388672,-0.0394553300044638,2.682214317895609,-4.116956616998964,-3.680096335258313,-1.926459248976936,1.3401275785618103,-0.097083657111385,3.964023668627674,-0.4437652499834664,1.322156394415256
95.0,290.0,129.8916473388672,-0.0394548655383749,2.682214317895609,-4.116956616998964,-3.680096335333712,-1.926459248976936,1.3401272804413695,-0.097083657111385,3.9640236687023376,-0.443765249983477,1.3221564365044098
95.0,290.0,129.8916473388672,-0.0394540761848176,2.682214317895609,-4.116956616998964,-3.6800963335031818,-1.926459248976936,1.3401275561109451,-0.097083657111385,3.964023668568252,-0.4437652499834614,1.3221564358194011
95.0,290.0,129.8916473388672,-0.0394547819665894,2.682214317895609,-4.116956616998964,-3.68009633552248,-1.926459248976936,1.340127296837338,-0.097083657111385,3.964023668633928,-0.4437652499834772,1.3221564364436311
95.0,290.0,129.8916473388672,-0.0394547819665894,2.682214317895609,-4.116956616998964,-3.6800963333030814,-1.926459248976936,1.3401275818667722,-0.097083657111385,3.964023668568252,-0.4437652499834763,1.322156394415256
95.0,290.0,129.8916473388672,-0.0394546154471699,2.6822143178956024,-4.116956616998964,-3.680096335068772,-1.926459248976936,1.340127433934547,-0.097083657111385,3.9640236685957135,-0.4437652499834758,1.322156434700757
95.0,290.0,129.8916473388672,-0.0394553300044638,2.682214317895609,-4.116956616998964,-3.680096335258313,-1.926459248976936,1.3401275785618103,-0.097083657111385,3.964023668627674,-0.4437652499834664,1.322156394415256
95.0,290.0,129.8916473388672,-0.0394549799886792,2.6822143178956024,-4.116956616998964,-3.680096335333745,-1.926459248976936,1.3401274229933633,-0.097083657111385,3.964023668597398,-0.4437652499834763,1.3221564326711026
95.0,290.0,129.8916473388672,-0.0394549332207626,2.682214317895609,-4.116956616998964,-3.680096335258354,-1.926459248976936,1.3401275818667722,-0.097083657111385,3.964023668568252,-0.4437652499834695,1.322156394415256
95.0,290.0,129.8916473388672,-0.0394550083928026,2.6822143178956024,-4.116956616998964,-3.680096335333698,-1.926459248976936,1.3401273851953226,-0.097083657111385,3.964023668701846,-0.4437652499834763,1.3221564364728144
95.0,290.0,129.8916473388672,-0.0394549332207626,2.682214317895609,-4.116956616998964,-3.680096335258313,-1.926459248976936,1.340127562165842,-0.097083657111385,3.964023668585492,-0.4437652499834661,1.322156394415256
95.0,290.0,129.8916473388672,-0.0394549825121074,2.6822143178956024,-4.116956616998964,-3.6800963353330354,-1.926459248976936,1.3401275734486902,-0.097083657111385,3.964023668568251,-0.4437652499834763,1.3221564358305906
95.0,290.0,129.8916473388672,-0.0394549989570684,2.682214317895609,-4.116956616998964,-3.680096335232197,-1.926459248976936,1.340127562165842,-0.097083657111385,3.964023668567735,-0.4437652499834766,1.322156394415256
95.0,290.0,129.8916473388672,-0.0394547819665894,2.682214317895609,-4.116956616998964,-3.680096333274654,-1.926459248976936,1.3401272735003742,-0.097083657111385,3.964023668590405,-0.4437652499834763,1.322156394415256
95.0,290.0,129.8916473388672,-0.0394549402594434,2.682214317895609,-4.116956616998964,-3.68009633552248,-1.926459248976936,1.3401272581941517,-0.097083657111385,3.964023668591093,-0.443765249983477,1.322156437876712
95.0,290.0,129.8916473388672,-0.0394547744322839,2.682214317895609,-4.116956616998964,-3.680096333246096,-1.926459248976936,1.3401273125142832,-0.097083657111385,3.964023668633928,-0.4437652499834772,1.3221564364424545
95.0,290.0,129.8916473388672,-0.0394547819665894,2.682214317895609,-4.116956616998964,-3.680096335405137,-1.926459248976936,1.3401275826359236,-0.097083657111385,3.964023668568252,-0.4437652499834763,1.322156394415256
95.0,290.0,129.8916473388672,-0.0394540761848176,2.682214317895609,-4.116956616998964,-3.6800963335031818,-1.926459248976936,1.3401275509113062,-0.097083657111385,3.964023668568252,-0.4437652499834614,1.3221564358194011
95.0,290.0,129.8916473388672,-0.0394549799886792,2.6822143178956024,-4.116956616998964,-3.680096335333745,-1.926459248976936,1.3401274263642535,-0.097083657111385,3.964023668597398,-0.4437652499834763,1.3221564303778044
95.0,290.0,129.8916473388672,-0.0394540104485118,2.682214317895609,-4.116956616998964,-3.680096333329199,-1.926459248976936,1.3401275818667722,-0.097083657111385,3.964023668586008,-0.4437652499834658,1.3221564358087918
95.0,290.0,129.8916473388672,-0.0394546623117755,2.682214317895609,-4.116956616998964,-3.6800963353336975,-1.926459248976936,1.34012737986952,-0.097083657111385,3.964023668558612,-0.443765249983477,1.322156436548152
95.0,290.0,129.8916473388672,-0.0394549237061717,2.682214317895609,-4.116956616998964,-3.680096335258313,-1.926459248976936,1.340127562165842,-0.097083657111385,3.964023668585945,-0.4437652499834773,1.32215639469767
95.0,290.0,129.8916473388672,-0.0394547819665894,2.682214317895609,-4.116956616998964,-3.6800963355509086,-1.926459248976936,1.3401275888077675,-0.097083657111385,3.9640236685695913,-0.443765249983477,1.3221564364436311
95.0,290.0,129.8916473388672,-0.0394550017190096,2.6822143178956024,-4.116956616998964,-3.6800963353330447,-1.926459248976936,1.3401273851953226,-0.097083657111385,3.964023668568251,-0.4437652499834763,1.3221564346997008
95.0,290.0,129.8916473388672,-0.0394549332207626,2.682214317895609,-4.116956616998964,-3.680096335258354,-1.926459248976936,1.3401276041139902,-0.097083657111385,3.964023668569057,-0.4437652499834695,1.3221563928562987
95.0,290.0,129.8916473388672,-0.0394548655383749,2.682214317895609,-4.116956616998964,-3.680096335333712,-1.926459248976936,1.3401272782807734,-0.097083657111385,3.964023668702637,-0.443765249983477,1.3221564365044098
95.0,290.0,129.8916473388672,-0.0394550026510082,2.682214317895609,-4.116956616998964,-3.68009633545828,-1.926459248976936,1.3401275809180946,-0.097083657111385,3.964023668568252,-0.4437652499834767,1.322156394415256
95.0,290.0,129.8916473388672,-0.0394547819665894,2.682214317895609,-4.116956616998964,-3.680096335510914,-1.926459248976936,1.3401272825189732,-0.097083657111385,3.964023668568815,-0.443765249983477,1.3221564364436311
95.0,290.0,129.8916473388672,-0.0394549332207626,2.682214317895609,-4.116956616998964,-3.680096335327009,-1.926459248976936,1.3401275818667722,-0.097083657111385,3.964023668568252,-0.4437652499834695,1.322156433231931
95.0,290.0,129.8916473388672,-0.0394549299325213,2.682214317895609,-4.116956616998964,-3.6800963353336695,-1.926459248976936,1.3401272782807734,-0.097083657111385,3.964023668572159,-0.443765249983477,1.3221563966483698
95.0,290.0,129.8916473388672,-0.0394549575512239,2.682214317895609,-4.116956616998964,-3.680096333329199,-1.926459248976936,1.3401275818667722,-0.097083657111385,3.964023668586008,-0.4437652499834658,1.3221564358087918
95.0,290.0,129.8916473388672,-0.0394549651407495,2.682214317895609,-4.116956616998964,-3.6800963333030814,-1.926459248976936,1.3401275818667722,-0.097083657111385,3.964023668568252,-0.4437652499834763,1.322156394415256
95.0,290.0,129.8916473388672,-0.0394548655383749,2.682214317895609,-4.116956616998964,-3.680096335333712,-1.926459248976936,1.3401272804413695,-0.097083657111385,3.9640236687023376,-0.443765249983477,1.3221564365044098
95.0,290.0,129.8916473388672,-0.0394547819665894,2.682214317895609,-4.116956616998964,-3.680096335405137,-1.926459248976936,1.3401275622484283,-0.097083657111385,3.964023668568252,-0.4437652499834763,1.322156394415256
95.0,290.0,129.8916473388672,-0.0394553115645138,2.682214317895609,-4.116956616998964,-3.6800963353365694,-1.926459248976936,1.3401275785618103,-0.097083657111385,3.964023668627674,-0.4437652499834664,1.322156394415256
95.0,290.0,129.8916473388672,-0.0394547819665894,2.682214317895609,-4.116956616998964,-3.6800963355509086,-1.926459248976936,1.3401275888077675,-0.097083657111385,3.9640236685695913,-0.443765249983477,1.3221564327177708
95.0,290.0,129.8916473388672,-0.0394548655383749,2.682214317895609,-4.116956616998964,-3.68009633531086,-1.926459248976936,1.3401272708425611,-0.097083657111385,3.964023668569667,-0.443765249983477,1.3221564358521676
95.0,290.0,129.8916473388672,-0.0394547877083838,2.6822143178956024,-4.116956616998964,-3.6800963331785015,-1.926459248976936,1.3401273861440004,-0.097083657111385,3.964023668701846,-0.4437652499834763,1.3221564364728144
95.0,290.0,129.8916473388672,-0.0394546623117755,2.682214317895609,-4.116956616998964,-3.6800963353336975,-1.926459248976936,1.34012737986952,-0.097083657111385,3.964023668558612,-0.443765249983477,1.322156436548152
95.0,290.0,129.8916473388672,-0.0394547819665894,2.682214317895609,-4.116956616998964,-3.680096335327688,-1.926459248976936,1.340127296837338,-0.097083657111385,3.964023668633928,-0.443765249983477,1.3221564364436311
95.0,290.0,129.8916473388672,-0.0394547591462051,2.682214317895609,-4.116956616998964,-3.680096335335538,-1.926459248976936,1.3401275826359236,-0.097083657111385,3.964023668568252,-0.4437652499834763,1.322156394415256
95.0,291.0,129.8916473388672,-0.0394547819665894,2.682214317895609,-4.116956616998964,-3.6800963333030814,-1.926459248976936,1.3401275818667722,-0.097083657111385,3.964023668568252,-0.4437652499834763,1.322156394415256
95.0,291.0,129.8916473388672,-0.0394549332207626,2.682214317895609,-4.116956616998964,-3.680096335258354,-1.926459248976936,1.3401275818667722,-0.097083657111385,3.964023668568252,-0.4437652499834695,1.322156394415256
95.0,291.0,129.8916473388672,-0.0394547819665894,2.682214317895609,-4.116956616998964,-3.6800963333030814,-1.926459248976936,1.3401275818667722,-0.097083657111385,3.964023668568252,-0.4437652499834763,1.322156394415256
95.0,291.0,129.8916473388672,-0.0394547819665894,2.682214317895609,-4.116956616998964,-3.68009633552248,-1.926459248976936,1.3401272804413695,-0.097083657111385,3.964023668591744,-0.443765249983477,1.3221564364436311
95.0,291.0,129.8916473388672,-0.0394540761848176,2.682214317895609,-4.116956616998964,-3.6800963333030814,-1.926459248976936,1.3401275818667722,-0.097083657111385,3.964023668568252,-0.4437652499834763,1.3221564358087918
95.0,291.0,129.8916473388672,-0.0394549402594434,2.682214317895609,-4.116956616998964,-3.68009633552248,-1.926459248976936,1.3401272804413695,-0.097083657111385,3.9640236685918975,-0.443765249983477,1.3221564363177545
95.0,291.0,129.8916473388672,-0.0394549332207626,2.682214317895609,-4.116956616998964,-3.680096335258313,-1.926459248976936,1.3401275785618103,-0.097083657111385,3.964023668627674,-0.4437652499834664,1.322156394415256
95.0,291.0,129.8916473388672,-0.0394549320041276,2.682214317895609,-4.116956616998964,-3.6800963353307967,-1.926459248976936,1.3401275818667722,-0.097083657111385,3.964023668568252,-0.4437652499834763,1.3221564358087918
95.0,291.0,129.8916473388672,-0.0394547819665894,2.682214317895609,-4.116956616998964,-3.6800963333030814,-1.926459248976936,1.3401275818667722,-0.097083657111385,3.964023668568252,-0.4437652499834767,1.322156394415256
95.0,291.0,129.8916473388672,-0.0394553300044638,2.682214317895609,-4.116956616998964,-3.680096335258313,-1.926459248976936,1.3401275785618103,-0.097083657111385,3.964023668627674,-0.4437652499834664,1.322156394415256
95.0,291.0,129.8916473388672,-0.0394548655383749,2.682214317895609,-4.116956616998964,-3.680096335333712,-1.926459248976936,1.3401272804413695,-0.097083657111385,3.9640236687023376,-0.443765249983477,1.3221564365044098
95.0,291.0,129.8916473388672,-0.0394540761848176,2.682214317895609,-4.116956616998964,-3.6800963335031818,-1.926459248976936,1.3401275561109451,-0.097083657111385,3.964023668568252,-0.4437652499834614,1.3221564358194011
95.0,291.0,129.8916473388672,-0.0394547819665894,2.682214317895609,-4.116956616998964,-3.68009633552248,-1.926459248976936,1.340127296837338,-0.097083657111385,3.964023668633928,-0.4437652499834772,1.3221564364436311
95.0,291.0,129.8916473388672,-0.0394547819665894,2.682214317895609,-4.116956616998964,-3.6800963333030814,-1.926459248976936,1.3401275818667722,-0.097083657111385,3.964023668568252,-0.4437652499834763,1.322156394415256
95.0,291.0,129.8916473388672,-0.0394546154471699,2.6822143178956024,-4.116956616998964,-3.680096335068772,-1.926459248976936,1.340127433934547,-0.097083657111385,3.9640236685957135,-0.4437652499834758,1.322156434700757
95.0,291.0,129.8916473388672,-0.0394553300044638,2.682214317895609,-4.116956616998964,-3.680096335258313,-1.926459248976936,1.3401275785618103,-0.097083657111385,3.964023668627674,-0.4437652499834664,1.322156394415256
95.0,291.0,129.8916473388672,-0.0394549799886792,2.6822143178956024,-4.116956616998964,-3.680096335333745,-1.926459248976936,1.3401274229933633,-0.097083657111385,3.964023668597398,-0.4437652499834763,1.3221564326711026
95.0,291.0,129.8916473388672,-0.0394549332207626,2.682214317895609,-4.116956616998964,-3.680096335258354,-1.926459248976936,1.3401275818667722,-0.097083657111385,3.964023668568252,-0.4437652499834695,1.322156394415256
95.0,291.0,129.8916473388672,-0.0394550083928026,2.6822143178956024,-4.116956616998964,-3.680096335333698,-1.926459248976936,1.3401273851953226,-0.097083657111385,3.964023668701846,-0.4437652499834763,1.3221564364728144
95.0,291.0,129.8916473388672,-0.0394549332207626,2.682214317895609,-4.116956616998964,-3.680096335258313,-1.926459248976936,1.340127562165842,-0.097083657111385,3.964023668585492,-0.4437652499834661,1.322156394415256
95.0,291.0,129.8916473388672,-0.0394549825121074,2.6822143178956024,-4.116956616998964,-3.6800963353330354,-1.926459248976936,1.3401275734486902,-0.097083657111385,3.964023668568251,-0.4437652499834763,1.3221564358305906
95.0,291.0,129.8916473388672,-0.0394549989570684,2.682214317895609,-4.116956616998964,-3.680096335232197,-1.926459248976936,1.340127562165842,-0.097083657111385,3.964023668567735,-0.4437652499834766,1.322156394415256
95.0,291.0,129.8916473388672,-0.0394547819665894,2.682214317895609,-4.116956616998964,-3.680096333274654,-1.926459248976936,1.3401272735003742,-0.097083657111385,3.964023668590405,-0.4437652499834763,1.322156394415256
95.0,291.0,129.8916473388672,-0.0394549402594434,2.682214317895609,-4.116956616998964,-3.68009633552248,-1.926459248976936,1.3401272581941517,-0.097083657111385,3.964023668591093,-0.443765249983477,1.322156437876712
95.0,291.0,129.8916473388672,-0.0394547744322839,2.682214317895609,-4.116956616998964,-3.680096333246096,-1.926459248976936,1.3401273125142832,-0.097083657111385,3.964023668633928,-0.4437652499834772,1.3221564364424545
95.0,291.0,129.8916473388672,-0.0394547819665894,2.682214317895609,-4.116956616998964,-3.680096335405137,-1.926459248976936,1.3401275826359236,-0.097083657111385,3.964023668568252,-0.4437652499834763,1.322156394415256
95.0,291.0,129.8916473388672,-0.0394540761848176,2.682214317895609,-4.116956616998964,-3.6800963335031818,-1.926459248976936,1.3401275509113062,-0.097083657111385,3.964023668568252,-0.4437652499834614,1.3221564358194011
95.0,291.0,129.8916473388672,-0.0394549799886792,2.6822143178956024,-4.116956616998964,-3.680096335333745,-1.926459248976936,1.3401274263642535,-0.097083657111385,3.964023668597398,-0.4437652499834763,1.3221564303778044
95.0,291.0,129.8916473388672,-0.0394540104485118,2.682214317895609,-4.116956616998964,-3.680096333329199,-1.926459248976936,1.3401275818667722,-0.097083657111385,3.964023668586008,-0.4437652499834658,1.3221564358087918
95.0,291.0,129.8916473388672,-0.0394546623117755,2.682214317895609,-4.116956616998964,-3.6800963353336975,-1.926459248976936,1.34012737986952,-0.097083657111385,3.964023668558612,-0.443765249983477,1.322156436548152
95.0,291.0,129.8916473388672,-0.0394549237061717,2.682214317895609,-4.116956616998964,-3.680096335258313,-1.926459248976936,1.340127562165842,-0.097083657111385,3.964023668585945,-0.4437652499834773,1.32215639469767
95.0,291.0,129.8916473388672,-0.0394547819665894,2.682214317895609,-4.116956616998964,-3.6800963355509086,-1.926459248976936,1.3401275888077675,-0.097083657111385,3.9640236685695913,-0.443765249983477,1.3221564364436311
95.0,291.0,129.8916473388672,-0.0394550017190096,2.6822143178956024,-4.116956616998964,-3.6800963353330447,-1.926459248976936,1.3401273851953226,-0.097083657111385,3.964023668568251,-0.4437652499834763,1.3221564346997008
95.0,291.0,129.8916473388672,-0.0394549332207626,2.682214317895609,-4.116956616998964,-3.680096335258354,-1.926459248976936,1.3401276041139902,-0.097083657111385,3.964023668569057,-0.4437652499834695,1.3221563928562987
95.0,291.0,129.8916473388672,-0.0394548655383749,2.682214317895609,-4.116956616998964,-3.680096335333712,-1.926459248976936,1.3401272782807734,-0.097083657111385,3.964023668702637,-0.443765249983477,1.3221564365044098
95.0,291.0,129.8916473388672,-0.0394550026510082,2.682214317895609,-4.116956616998964,-3.68009633545828,-1.926459248976936,1.3401275809180946,-0.097083657111385,3.964023668568252,-0.4437652499834767,1.322156394415256
95.0,291.0,129.8916473388672,-0.0394547819665894,2.682214317895609,-4.116956616998964,-3.680096335510914,-1.926459248976936,1.3401272825189732,-0.097083657111385,3.964023668568815,-0.443765249983477,1.3221564364436311
95.0,291.0,129.8916473388672,-0.0394549332207626,2.682214317895609,-4.116956616998964,-3.680096335327009,-1.926459248976936,1.3401275818667722,-0.097083657111385,3.964023668568252,-0.4437652499834695,1.322156433231931
95.0,291.0,129.8916473388672,-0.0394549299325213,2.682214317895609,-4.116956616998964,-3.6800963353336695,-1.926459248976936,1.3401272782807734,-0.097083657111385,3.964023668572159,-0.443765249983477,1.3221563966483698
95.0,291.0,129.8916473388672,-0.0394549575512239,2.682214317895609,-4.116956616998964,-3.680096333329199,-1.926459248976936,1.3401275818667722,-0.097083657111385,3.964023668586008,-0.4437652499834658,1.3221564358087918
95.0,291.0,129.8916473388672,-0.0394549651407495,2.682214317895609,-4.116956616998964,-3.6800963333030814,-1.926459248976936,1.3401275818667722,-0.097083657111385,3.964023668568252,-0.4437652499834763,1.322156394415256
95.0,291.0,129.8916473388672,-0.0394548655383749,2.682214317895609,-4.116956616998964,-3.680096335333712,-1.926459248976936,1.3401272804413695,-0.097083657111385,3.9640236687023376,-0.443765249983477,1.3221564365044098
95.0,291.0,129.8916473388672,-0.0394547819665894,2.682214317895609,-4.116956616998964,-3.680096335405137,-1.926459248976936,1.3401275622484283,-0.097083657111385,3.964023668568252,-0.4437652499834763,1.322156394415256
95.0,291.0,129.8916473388672,-0.0394553115645138,2.682214317895609,-4.116956616998964,-3.6800963353365694,-1.926459248976936,1.3401275785618103,-0.097083657111385,3.964023668627674,-0.4437652499834664,1.322156394415256
95.0,291.0,129.8916473388672,-0.0394547819665894,2.682214317895609,-4.116956616998964,-3.6800963355509086,-1.926459248976936,1.3401275888077675,-0.097083657111385,3.9640236685695913,-0.443765249983477,1.3221564327177708
95.0,291.0,129.8916473388672,-0.0394548655383749,2.682214317895609,-4.116956616998964,-3.68009633531086,-1.926459248976936,1.3401272708425611,-0.097083657111385,3.964023668569667,-0.443765249983477,1.3221564358521676
95.0,291.0,129.8916473388672,-0.0394547877083838,2.6822143178956024,-4.116956616998964,-3.6800963331785015,-1.926459248976936,1.3401273861440004,-0.097083657111385,3.964023668701846,-0.4437652499834763,1.3221564364728144
95.0,291.0,129.8916473388672,-0.0394546623117755,2.682214317895609,-4.116956616998964,-3.6800963353336975,-1.926459248976936,1.34012737986952,-0.097083657111385,3.964023668558612,-0.443765249983477,1.322156436548152
95.0,291.0,129.8916473388672,-0.0394547819665894,2.682214317895609,-4.116956616998964,-3.680096335327688,-1.926459248976936,1.340127296837338,-0.097083657111385,3.964023668633928,-0.443765249983477,1.3221564364436311
95.0,291.0,129.8916473388672,-0.0394547591462051,2.682214317895609,-4.116956616998964,-3.680096335335538,-1.926459248976936,1.3401275826359236,-0.097083657111385,3.964023668568252,-0.4437652499834763,1.322156394415256
95.0,292.0,129.8916473388672,-0.0394547819665894,2.682214317895609,-4.116956616998964,-3.6800963333030814,-1.926459248976936,1.3401275818667722,-0.097083657111385,3.964023668568252,-0.4437652499834763,1.322156394415256
95.0,292.0,129.8916473388672,-0.0394549332207626,2.682214317895609,-4.116956616998964,-3.680096335258354,-1.926459248976936,1.3401275818667722,-0.097083657111385,3.964023668568252,-0.4437652499834695,1.322156394415256
95.0,292.0,129.8916473388672,-0.0394547819665894,2.682214317895609,-4.116956616998964,-3.6800963333030814,-1.926459248976936,1.3401275818667722,-0.097083657111385,3.964023668568252,-0.4437652499834763,1.322156394415256
95.0,292.0,129.8916473388672,-0.0394547819665894,2.682214317895609,-4.116956616998964,-3.68009633552248,-1.926459248976936,1.3401272804413695,-0.097083657111385,3.964023668591744,-0.443765249983477,1.3221564364436311
95.0,292.0,129.8916473388672,-0.0394540761848176,2.682214317895609,-4.116956616998964,-3.6800963333030814,-1.926459248976936,1.3401275818667722,-0.097083657111385,3.964023668568252,-0.4437652499834763,1.3221564358087918
95.0,292.0,129.8916473388672,-0.0394549402594434,2.682214317895609,-4.116956616998964,-3.68009633552248,-1.926459248976936,1.3401272804413695,-0.097083657111385,3.9640236685918975,-0.443765249983477,1.3221564363177545
95.0,292.0,129.8916473388672,-0.0394549332207626,2.682214317895609,-4.116956616998964,-3.680096335258313,-1.926459248976936,1.3401275785618103,-0.097083657111385,3.964023668627674,-0.4437652499834664,1.322156394415256
95.0,292.0,129.8916473388672,-0.0394549320041276,2.682214317895609,-4.116956616998964,-3.6800963353307967,-1.926459248976936,1.3401275818667722,-0.097083657111385,3.964023668568252,-0.4437652499834763,1.3221564358087918
95.0,292.0,129.8916473388672,-0.0394547819665894,2.682214317895609,-4.116956616998964,-3.6800963333030814,-1.926459248976936,1.3401275818667722,-0.097083657111385,3.964023668568252,-0.4437652499834767,1.322156394415256
95.0,292.0,129.8916473388672,-0.0394553300044638,2.682214317895609,-4.116956616998964,-3.680096335258313,-1.926459248976936,1.3401275785618103,-0.097083657111385,3.964023668627674,-0.4437652499834664,1.322156394415256
95.0,292.0,129.8916473388672,-0.0394548655383749,2.682214317895609,-4.116956616998964,-3.680096335333712,-1.926459248976936,1.3401272804413695,-0.097083657111385,3.9640236687023376,-0.443765249983477,1.3221564365044098
95.0,292.0,129.8916473388672,-0.0394540761848176,2.682214317895609,-4.116956616998964,-3.6800963335031818,-1.926459248976936,1.3401275561109451,-0.097083657111385,3.964023668568252,-0.4437652499834614,1.3221564358194011
95.0,292.0,129.8916473388672,-0.0394547819665894,2.682214317895609,-4.116956616998964,-3.68009633552248,-1.926459248976936,1.340127296837338,-0.097083657111385,3.964023668633928,-0.4437652499834772,1.3221564364436311
95.0,292.0,129.8916473388672,-0.0394547819665894,2.682214317895609,-4.116956616998964,-3.6800963333030814,-1.926459248976936,1.3401275818667722,-0.097083657111385,3.964023668568252,-0.4437652499834763,1.322156394415256
95.0,292.0,129.8916473388672,-0.0394546154471699,2.6822143178956024,-4.116956616998964,-3.680096335068772,-1.926459248976936,1.340127433934547,-0.097083657111385,3.9640236685957135,-0.4437652499834758,1.322156434700757
95.0,292.0,129.8916473388672,-0.0394553300044638,2.682214317895609,-4.116956616998964,-3.680096335258313,-1.926459248976936,1.3401275785618103,-0.097083657111385,3.964023668627674,-0.4437652499834664,1.322156394415256
95.0,292.0,129.8916473388672,-0.0394549799886792,2.6822143178956024,-4.116956616998964,-3.680096335333745,-1.926459248976936,1.3401274229933633,-0.097083657111385,3.964023668597398,-0.4437652499834763,1.3221564326711026
95.0,292.0,129.8916473388672,-0.0394549332207626,2.682214317895609,-4.116956616998964,-3.680096335258354,-1.926459248976936,1.3401275818667722,-0.097083657111385,3.964023668568252,-0.4437652499834695,1.322156394415256
95.0,292.0,129.8916473388672,-0.0394550083928026,2.6822143178956024,-4.116956616998964,-3.680096335333698,-1.926459248976936,1.3401273851953226,-0.097083657111385,3.964023668701846,-0.4437652499834763,1.3221564364728144
95.0,292.0,129.8916473388672,-0.0394549332207626,2.682214317895609,-4.116956616998964,-3.680096335258313,-1.926459248976936,1.340127562165842,-0.097083657111385,3.964023668585492,-0.4437652499834661,1.322156394415256
95.0,292.0,129.8916473388672,-0.0394549825121074,2.6822143178956024,-4.116956616998964,-3.6800963353330354,-1.926459248976936,1.3401275734486902,-0.097083657111385,3.964023668568251,-0.4437652499834763,1.3221564358305906
95.0,292.0,129.8916473388672,-0.0394549989570684,2.682214317895609,-4.116956616998964,-3.680096335232197,-1.926459248976936,1.340127562165842,-0.097083657111385,3.964023668567735,-0.4437652499834766,1.322156394415256
95.0,292.0,129.8916473388672,-0.0394547819665894,2.682214317895609,-4.116956616998964,-3.680096333274654,-1.926459248976936,1.3401272735003742,-0.097083657111385,3.964023668590405,-0.4437652499834763,1.322156394415256
95.0,292.0,129.8916473388672,-0.0394549402594434,2.682214317895609,-4.116956616998964,-3.68009633552248,-1.926459248976936,1.3401272581941517,-0.097083657111385,3.964023668591093,-0.443765249983477,1.322156437876712
95.0,292.0,129.8916473388672,-0.0394547744322839,2.682214317895609,-4.116956616998964,-3.680096333246096,-1.926459248976936,1.3401273125142832,-0.097083657111385,3.964023668633928,-0.4437652499834772,1.3221564364424545
95.0,292.0,129.8916473388672,-0.0394547819665894,2.682214317895609,-4.116956616998964,-3.680096335405137,-1.926459248976936,1.3401275826359236,-0.097083657111385,3.964023668568252,-0.4437652499834763,1.322156394415256
95.0,292.0,129.8916473388672,-0.0394540761848176,2.682214317895609,-4.116956616998964,-3.6800963335031818,-1.926459248976936,1.3401275509113062,-0.097083657111385,3.964023668568252,-0.4437652499834614,1.3221564358194011
95.0,292.0,129.8916473388672,-0.0394549799886792,2.6822143178956024,-4.116956616998964,-3.680096335333745,-1.926459248976936,1.3401274263642535,-0.097083657111385,3.964023668597398,-0.4437652499834763,1.3221564303778044
95.0,292.0,129.8916473388672,-0.0394540104485118,2.682214317895609,-4.116956616998964,-3.680096333329199,-1.926459248976936,1.3401275818667722,-0.097083657111385,3.964023668586008,-0.4437652499834658,1.3221564358087918
95.0,292.0,129.8916473388672,-0.0394546623117755,2.682214317895609,-4.116956616998964,-3.6800963353336975,-1.926459248976936,1.34012737986952,-0.097083657111385,3.964023668558612,-0.443765249983477,1.322156436548152
95.0,292.0,129.8916473388672,-0.0394549237061717,2.682214317895609,-4.116956616998964,-3.680096335258313,-1.926459248976936,1.340127562165842,-0.097083657111385,3.964023668585945,-0.4437652499834773,1.32215639469767
95.0,292.0,129.8916473388672,-0.0394547819665894,2.682214317895609,-4.116956616998964,-3.6800963355509086,-1.926459248976936,1.3401275888077675,-0.097083657111385,3.9640236685695913,-0.443765249983477,1.3221564364436311
95.0,292.0,129.8916473388672,-0.0394550017190096,2.6822143178956024,-4.116956616998964,-3.6800963353330447,-1.926459248976936,1.3401273851953226,-0.097083657111385,3.964023668568251,-0.4437652499834763,1.3221564346997008
95.0,292.0,129.8916473388672,-0.0394549332207626,2.682214317895609,-4.116956616998964,-3.680096335258354,-1.926459248976936,1.3401276041139902,-0.097083657111385,3.964023668569057,-0.4437652499834695,1.3221563928562987
95.0,292.0,129.8916473388672,-0.0394548655383749,2.682214317895609,-4.116956616998964,-3.680096335333712,-1.926459248976936,1.3401272782807734,-0.097083657111385,3.964023668702637,-0.443765249983477,1.3221564365044098
95.0,292.0,129.8916473388672,-0.0394550026510082,2.682214317895609,-4.116956616998964,-3.68009633545828,-1.926459248976936,1.3401275809180946,-0.097083657111385,3.964023668568252,-0.4437652499834767,1.322156394415256
95.0,292.0,129.8916473388672,-0.0394547819665894,2.682214317895609,-4.116956616998964,-3.680096335510914,-1.926459248976936,1.3401272825189732,-0.097083657111385,3.964023668568815,-0.443765249983477,1.3221564364436311
95.0,292.0,129.8916473388672,-0.0394549332207626,2.682214317895609,-4.116956616998964,-3.680096335327009,-1.926459248976936,1.3401275818667722,-0.097083657111385,3.964023668568252,-0.4437652499834695,1.322156433231931
95.0,292.0,129.8916473388672,-0.0394549299325213,2.682214317895609,-4.116956616998964,-3.6800963353336695,-1.926459248976936,1.3401272782807734,-0.097083657111385,3.964023668572159,-0.443765249983477,1.3221563966483698
95.0,292.0,129.8916473388672,-0.0394549575512239,2.682214317895609,-4.116956616998964,-3.680096333329199,-1.926459248976936,1.3401275818667722,-0.097083657111385,3.964023668586008,-0.4437652499834658,1.3221564358087918
95.0,292.0,129.8916473388672,-0.0394549651407495,2.682214317895609,-4.116956616998964,-3.6800963333030814,-1.926459248976936,1.3401275818667722,-0.097083657111385,3.964023668568252,-0.4437652499834763,1.322156394415256
95.0,292.0,129.8916473388672,-0.0394548655383749,2.682214317895609,-4.116956616998964,-3.680096335333712,-1.926459248976936,1.3401272804413695,-0.097083657111385,3.9640236687023376,-0.443765249983477,1.3221564365044098
95.0,292.0,129.8916473388672,-0.0394547819665894,2.682214317895609,-4.116956616998964,-3.680096335405137,-1.926459248976936,1.3401275622484283,-0.097083657111385,3.964023668568252,-0.4437652499834763,1.322156394415256
95.0,292.0,129.8916473388672,-0.0394553115645138,2.682214317895609,-4.116956616998964,-3.6800963353365694,-1.926459248976936,1.3401275785618103,-0.097083657111385,3.964023668627674,-0.4437652499834664,1.322156394415256
95.0,292.0,129.8916473388672,-0.0394547819665894,2.682214317895609,-4.116956616998964,-3.6800963355509086,-1.926459248976936,1.3401275888077675,-0.097083657111385,3.9640236685695913,-0.443765249983477,1.3221564327177708
95.0,292.0,129.8916473388672,-0.0394548655383749,2.682214317895609,-4.116956616998964,-3.68009633531086,-1.926459248976936,1.3401272708425611,-0.097083657111385,3.964023668569667,-0.443765249983477,1.3221564358521676
95.0,292.0,129.8916473388672,-0.0394547877083838,2.6822143178956024,-4.116956616998964,-3.6800963331785015,-1.926459248976936,1.3401273861440004,-0.097083657111385,3.964023668701846,-0.4437652499834763,1.3221564364728144
95.0,292.0,129.8916473388672,-0.0394546623117755,2.682214317895609,-4.116956616998964,-3.6800963353336975,-1.926459248976936,1.34012737986952,-0.097083657111385,3.964023668558612,-0.443765249983477,1.322156436548152
95.0,292.0,129.8916473388672,-0.0394547819665894,2.682214317895609,-4.116956616998964,-3.680096335327688,-1.926459248976936,1.340127296837338,-0.097083657111385,3.964023668633928,-0.443765249983477,1.3221564364436311
95.0,292.0,129.8916473388672,-0.0394547591462051,2.682214317895609,-4.116956616998964,-3.680096335335538,-1.926459248976936,1.3401275826359236,-0.097083657111385,3.964023668568252,-0.4437652499834763,1.322156394415256
95.0,293.0,129.8916473388672,-0.0394547819665894,2.682214317895609,-4.116956616998964,-3.6800963333030814,-1.926459248976936,1.3401275818667722,-0.097083657111385,3.964023668568252,-0.4437652499834763,1.322156394415256
95.0,293.0,129.8916473388672,-0.0394549332207626,2.682214317895609,-4.116956616998964,-3.680096335258354,-1.926459248976936,1.3401275818667722,-0.097083657111385,3.964023668568252,-0.4437652499834695,1.322156394415256
95.0,293.0,129.8916473388672,-0.0394547819665894,2.682214317895609,-4.116956616998964,-3.6800963333030814,-1.926459248976936,1.3401275818667722,-0.097083657111385,3.964023668568252,-0.4437652499834763,1.322156394415256
95.0,293.0,129.8916473388672,-0.0394547819665894,2.682214317895609,-4.116956616998964,-3.68009633552248,-1.926459248976936,1.3401272804413695,-0.097083657111385,3.964023668591744,-0.443765249983477,1.3221564364436311
95.0,293.0,129.8916473388672,-0.0394540761848176,2.682214317895609,-4.116956616998964,-3.6800963333030814,-1.926459248976936,1.3401275818667722,-0.097083657111385,3.964023668568252,-0.4437652499834763,1.3221564358087918
95.0,293.0,129.8916473388672,-0.0394549402594434,2.682214317895609,-4.116956616998964,-3.68009633552248,-1.926459248976936,1.3401272804413695,-0.097083657111385,3.9640236685918975,-0.443765249983477,1.3221564363177545
95.0,293.0,129.8916473388672,-0.0394549332207626,2.682214317895609,-4.116956616998964,-3.680096335258313,-1.926459248976936,1.3401275785618103,-0.097083657111385,3.964023668627674,-0.4437652499834664,1.322156394415256
95.0,293.0,129.8916473388672,-0.0394549320041276,2.682214317895609,-4.116956616998964,-3.6800963353307967,-1.926459248976936,1.3401275818667722,-0.097083657111385,3.964023668568252,-0.4437652499834763,1.3221564358087918
95.0,293.0,129.8916473388672,-0.0394547819665894,2.682214317895609,-4.116956616998964,-3.6800963333030814,-1.926459248976936,1.3401275818667722,-0.097083657111385,3.964023668568252,-0.4437652499834767,1.322156394415256
95.0,293.0,129.8916473388672,-0.0394553300044638,2.682214317895609,-4.116956616998964,-3.680096335258313,-1.926459248976936,1.3401275785618103,-0.097083657111385,3.964023668627674,-0.4437652499834664,1.322156394415256
95.0,293.0,129.8916473388672,-0.0394548655383749,2.682214317895609,-4.116956616998964,-3.680096335333712,-1.926459248976936,1.3401272804413695,-0.097083657111385,3.9640236687023376,-0.443765249983477,1.3221564365044098
95.0,293.0,129.8916473388672,-0.0394540761848176,2.682214317895609,-4.116956616998964,-3.6800963335031818,-1.926459248976936,1.3401275561109451,-0.097083657111385,3.964023668568252,-0.4437652499834614,1.3221564358194011
95.0,293.0,129.8916473388672,-0.0394547819665894,2.682214317895609,-4.116956616998964,-3.68009633552248,-1.926459248976936,1.340127296837338,-0.097083657111385,3.964023668633928,-0.4437652499834772,1.3221564364436311
95.0,293.0,129.8916473388672,-0.0394547819665894,2.682214317895609,-4.116956616998964,-3.6800963333030814,-1.926459248976936,1.3401275818667722,-0.097083657111385,3.964023668568252,-0.4437652499834763,1.322156394415256
95.0,293.0,129.8916473388672,-0.0394546154471699,2.6822143178956024,-4.116956616998964,-3.680096335068772,-1.926459248976936,1.340127433934547,-0.097083657111385,3.9640236685957135,-0.4437652499834758,1.322156434700757
95.0,293.0,129.8916473388672,-0.0394553300044638,2.682214317895609,-4.116956616998964,-3.680096335258313,-1.926459248976936,1.3401275785618103,-0.097083657111385,3.964023668627674,-0.4437652499834664,1.322156394415256
95.0,293.0,129.8916473388672,-0.0394549799886792,2.6822143178956024,-4.116956616998964,-3.680096335333745,-1.926459248976936,1.3401274229933633,-0.097083657111385,3.964023668597398,-0.4437652499834763,1.3221564326711026
95.0,293.0,129.8916473388672,-0.0394549332207626,2.682214317895609,-4.116956616998964,-3.680096335258354,-1.926459248976936,1.3401275818667722,-0.097083657111385,3.964023668568252,-0.4437652499834695,1.322156394415256
95.0,293.0,129.8916473388672,-0.0394550083928026,2.6822143178956024,-4.116956616998964,-3.680096335333698,-1.926459248976936,1.3401273851953226,-0.097083657111385,3.964023668701846,-0.4437652499834763,1.3221564364728144
95.0,293.0,129.8916473388672,-0.0394549332207626,2.682214317895609,-4.116956616998964,-3.680096335258313,-1.926459248976936,1.340127562165842,-0.097083657111385,3.964023668585492,-0.4437652499834661,1.322156394415256
95.0,293.0,129.8916473388672,-0.0394549825121074,2.6822143178956024,-4.116956616998964,-3.6800963353330354,-1.926459248976936,1.3401275734486902,-0.097083657111385,3.964023668568251,-0.4437652499834763,1.3221564358305906
95.0,293.0,129.8916473388672,-0.0394549989570684,2.682214317895609,-4.116956616998964,-3.680096335232197,-1.926459248976936,1.340127562165842,-0.097083657111385,3.964023668567735,-0.4437652499834766,1.322156394415256
95.0,293.0,129.8916473388672,-0.0394547819665894,2.682214317895609,-4.116956616998964,-3.680096333274654,-1.926459248976936,1.3401272735003742,-0.097083657111385,3.964023668590405,-0.4437652499834763,1.322156394415256
95.0,293.0,129.8916473388672,-0.0394549402594434,2.682214317895609,-4.116956616998964,-3.68009633552248,-1.926459248976936,1.3401272581941517,-0.097083657111385,3.964023668591093,-0.443765249983477,1.322156437876712
95.0,293.0,129.8916473388672,-0.0394547744322839,2.682214317895609,-4.116956616998964,-3.680096333246096,-1.926459248976936,1.3401273125142832,-0.097083657111385,3.964023668633928,-0.4437652499834772,1.3221564364424545
95.0,293.0,129.8916473388672,-0.0394547819665894,2.682214317895609,-4.116956616998964,-3.680096335405137,-1.926459248976936,1.3401275826359236,-0.097083657111385,3.964023668568252,-0.4437652499834763,1.322156394415256
95.0,293.0,129.8916473388672,-0.0394540761848176,2.682214317895609,-4.116956616998964,-3.6800963335031818,-1.926459248976936,1.3401275509113062,-0.097083657111385,3.964023668568252,-0.4437652499834614,1.3221564358194011
95.0,293.0,129.8916473388672,-0.0394549799886792,2.6822143178956024,-4.116956616998964,-3.680096335333745,-1.926459248976936,1.3401274263642535,-0.097083657111385,3.964023668597398,-0.4437652499834763,1.3221564303778044
95.0,293.0,129.8916473388672,-0.0394540104485118,2.682214317895609,-4.116956616998964,-3.680096333329199,-1.926459248976936,1.3401275818667722,-0.097083657111385,3.964023668586008,-0.4437652499834658,1.3221564358087918
95.0,293.0,129.8916473388672,-0.0394546623117755,2.682214317895609,-4.116956616998964,-3.6800963353336975,-1.926459248976936,1.34012737986952,-0.097083657111385,3.964023668558612,-0.443765249983477,1.322156436548152
95.0,293.0,129.8916473388672,-0.0394549237061717,2.682214317895609,-4.116956616998964,-3.680096335258313,-1.926459248976936,1.340127562165842,-0.097083657111385,3.964023668585945,-0.4437652499834773,1.32215639469767
95.0,293.0,129.8916473388672,-0.0394547819665894,2.682214317895609,-4.116956616998964,-3.6800963355509086,-1.926459248976936,1.3401275888077675,-0.097083657111385,3.9640236685695913,-0.443765249983477,1.3221564364436311
95.0,293.0,129.8916473388672,-0.0394550017190096,2.6822143178956024,-4.116956616998964,-3.6800963353330447,-1.926459248976936,1.3401273851953226,-0.097083657111385,3.964023668568251,-0.4437652499834763,1.3221564346997008
95.0,293.0,129.8916473388672,-0.0394549332207626,2.682214317895609,-4.116956616998964,-3.680096335258354,-1.926459248976936,1.3401276041139902,-0.097083657111385,3.964023668569057,-0.4437652499834695,1.3221563928562987
95.0,293.0,129.8916473388672,-0.0394548655383749,2.682214317895609,-4.116956616998964,-3.680096335333712,-1.926459248976936,1.3401272782807734,-0.097083657111385,3.964023668702637,-0.443765249983477,1.3221564365044098
95.0,293.0,129.8916473388672,-0.0394550026510082,2.682214317895609,-4.116956616998964,-3.68009633545828,-1.926459248976936,1.3401275809180946,-0.097083657111385,3.964023668568252,-0.4437652499834767,1.322156394415256
95.0,293.0,129.8916473388672,-0.0394547819665894,2.682214317895609,-4.116956616998964,-3.680096335510914,-1.926459248976936,1.3401272825189732,-0.097083657111385,3.964023668568815,-0.443765249983477,1.3221564364436311
95.0,293.0,129.8916473388672,-0.0394549332207626,2.682214317895609,-4.116956616998964,-3.680096335327009,-1.926459248976936,1.3401275818667722,-0.097083657111385,3.964023668568252,-0.4437652499834695,1.322156433231931
95.0,293.0,129.8916473388672,-0.0394549299325213,2.682214317895609,-4.116956616998964,-3.6800963353336695,-1.926459248976936,1.3401272782807734,-0.097083657111385,3.964023668572159,-0.443765249983477,1.3221563966483698
95.0,293.0,129.8916473388672,-0.0394549575512239,2.682214317895609,-4.116956616998964,-3.680096333329199,-1.926459248976936,1.3401275818667722,-0.097083657111385,3.964023668586008,-0.4437652499834658,1.3221564358087918
95.0,293.0,129.8916473388672,-0.0394549651407495,2.682214317895609,-4.116956616998964,-3.6800963333030814,-1.926459248976936,1.3401275818667722,-0.097083657111385,3.964023668568252,-0.4437652499834763,1.322156394415256
95.0,293.0,129.8916473388672,-0.0394548655383749,2.682214317895609,-4.116956616998964,-3.680096335333712,-1.926459248976936,1.3401272804413695,-0.097083657111385,3.9640236687023376,-0.443765249983477,1.3221564365044098
95.0,293.0,129.8916473388672,-0.0394547819665894,2.682214317895609,-4.116956616998964,-3.680096335405137,-1.926459248976936,1.3401275622484283,-0.097083657111385,3.964023668568252,-0.4437652499834763,1.322156394415256
95.0,293.0,129.8916473388672,-0.0394553115645138,2.682214317895609,-4.116956616998964,-3.6800963353365694,-1.926459248976936,1.3401275785618103,-0.097083657111385,3.964023668627674,-0.4437652499834664,1.322156394415256
95.0,293.0,129.8916473388672,-0.0394547819665894,2.682214317895609,-4.116956616998964,-3.6800963355509086,-1.926459248976936,1.3401275888077675,-0.097083657111385,3.9640236685695913,-0.443765249983477,1.3221564327177708
95.0,293.0,129.8916473388672,-0.0394548655383749,2.682214317895609,-4.116956616998964,-3.68009633531086,-1.926459248976936,1.3401272708425611,-0.097083657111385,3.964023668569667,-0.443765249983477,1.3221564358521676
95.0,293.0,129.8916473388672,-0.0394547877083838,2.6822143178956024,-4.116956616998964,-3.6800963331785015,-1.926459248976936,1.3401273861440004,-0.097083657111385,3.964023668701846,-0.4437652499834763,1.3221564364728144
95.0,293.0,129.8916473388672,-0.0394546623117755,2.682214317895609,-4.116956616998964,-3.6800963353336975,-1.926459248976936,1.34012737986952,-0.097083657111385,3.964023668558612,-0.443765249983477,1.322156436548152
95.0,293.0,129.8916473388672,-0.0394547819665894,2.682214317895609,-4.116956616998964,-3.680096335327688,-1.926459248976936,1.340127296837338,-0.097083657111385,3.964023668633928,-0.443765249983477,1.3221564364436311
95.0,293.0,129.8916473388672,-0.0394547591462051,2.682214317895609,-4.116956616998964,-3.680096335335538,-1.926459248976936,1.3401275826359236,-0.097083657111385,3.964023668568252,-0.4437652499834763,1.322156394415256
95.0,294.0,129.8916473388672,-0.0394547819665894,2.682214317895609,-4.116956616998964,-3.6800963333030814,-1.926459248976936,1.3401275818667722,-0.097083657111385,3.964023668568252,-0.4437652499834763,1.322156394415256
95.0,294.0,129.8916473388672,-0.0394549332207626,2.682214317895609,-4.116956616998964,-3.680096335258354,-1.926459248976936,1.3401275818667722,-0.097083657111385,3.964023668568252,-0.4437652499834695,1.322156394415256
95.0,294.0,129.8916473388672,-0.0394547819665894,2.682214317895609,-4.116956616998964,-3.6800963333030814,-1.926459248976936,1.3401275818667722,-0.097083657111385,3.964023668568252,-0.4437652499834763,1.322156394415256
95.0,294.0,129.8916473388672,-0.0394547819665894,2.682214317895609,-4.116956616998964,-3.68009633552248,-1.926459248976936,1.3401272804413695,-0.097083657111385,3.964023668591744,-0.443765249983477,1.3221564364436311
95.0,294.0,129.8916473388672,-0.0394540761848176,2.682214317895609,-4.116956616998964,-3.6800963333030814,-1.926459248976936,1.3401275818667722,-0.097083657111385,3.964023668568252,-0.4437652499834763,1.3221564358087918
95.0,294.0,129.8916473388672,-0.0394549402594434,2.682214317895609,-4.116956616998964,-3.68009633552248,-1.926459248976936,1.3401272804413695,-0.097083657111385,3.9640236685918975,-0.443765249983477,1.3221564363177545
95.0,294.0,129.8916473388672,-0.0394549332207626,2.682214317895609,-4.116956616998964,-3.680096335258313,-1.926459248976936,1.3401275785618103,-0.097083657111385,3.964023668627674,-0.4437652499834664,1.322156394415256
95.0,294.0,129.8916473388672,-0.0394549320041276,2.682214317895609,-4.116956616998964,-3.6800963353307967,-1.926459248976936,1.3401275818667722,-0.097083657111385,3.964023668568252,-0.4437652499834763,1.3221564358087918
95.0,294.0,129.8916473388672,-0.0394547819665894,2.682214317895609,-4.116956616998964,-3.6800963333030814,-1.926459248976936,1.3401275818667722,-0.097083657111385,3.964023668568252,-0.4437652499834767,1.322156394415256
95.0,294.0,129.8916473388672,-0.0394553300044638,2.682214317895609,-4.116956616998964,-3.680096335258313,-1.926459248976936,1.3401275785618103,-0.097083657111385,3.964023668627674,-0.4437652499834664,1.322156394415256
95.0,294.0,129.8916473388672,-0.0394548655383749,2.682214317895609,-4.116956616998964,-3.680096335333712,-1.926459248976936,1.3401272804413695,-0.097083657111385,3.9640236687023376,-0.443765249983477,1.3221564365044098
95.0,294.0,129.8916473388672,-0.0394540761848176,2.682214317895609,-4.116956616998964,-3.6800963335031818,-1.926459248976936,1.3401275561109451,-0.097083657111385,3.964023668568252,-0.4437652499834614,1.3221564358194011
95.0,294.0,129.8916473388672,-0.0394547819665894,2.682214317895609,-4.116956616998964,-3.68009633552248,-1.926459248976936,1.340127296837338,-0.097083657111385,3.964023668633928,-0.4437652499834772,1.3221564364436311
95.0,294.0,129.8916473388672,-0.0394547819665894,2.682214317895609,-4.116956616998964,-3.6800963333030814,-1.926459248976936,1.3401275818667722,-0.097083657111385,3.964023668568252,-0.4437652499834763,1.322156394415256
95.0,294.0,129.8916473388672,-0.0394546154471699,2.6822143178956024,-4.116956616998964,-3.680096335068772,-1.926459248976936,1.340127433934547,-0.097083657111385,3.9640236685957135,-0.4437652499834758,1.322156434700757
95.0,294.0,129.8916473388672,-0.0394553300044638,2.682214317895609,-4.116956616998964,-3.680096335258313,-1.926459248976936,1.3401275785618103,-0.097083657111385,3.964023668627674,-0.4437652499834664,1.322156394415256
95.0,294.0,129.8916473388672,-0.0394549799886792,2.6822143178956024,-4.116956616998964,-3.680096335333745,-1.926459248976936,1.3401274229933633,-0.097083657111385,3.964023668597398,-0.4437652499834763,1.3221564326711026
95.0,294.0,129.8916473388672,-0.0394549332207626,2.682214317895609,-4.116956616998964,-3.680096335258354,-1.926459248976936,1.3401275818667722,-0.097083657111385,3.964023668568252,-0.4437652499834695,1.322156394415256
95.0,294.0,129.8916473388672,-0.0394550083928026,2.6822143178956024,-4.116956616998964,-3.680096335333698,-1.926459248976936,1.3401273851953226,-0.097083657111385,3.964023668701846,-0.4437652499834763,1.3221564364728144
95.0,294.0,129.8916473388672,-0.0394549332207626,2.682214317895609,-4.116956616998964,-3.680096335258313,-1.926459248976936,1.340127562165842,-0.097083657111385,3.964023668585492,-0.4437652499834661,1.322156394415256
95.0,294.0,129.8916473388672,-0.0394549825121074,2.6822143178956024,-4.116956616998964,-3.6800963353330354,-1.926459248976936,1.3401275734486902,-0.097083657111385,3.964023668568251,-0.4437652499834763,1.3221564358305906
95.0,294.0,129.8916473388672,-0.0394549989570684,2.682214317895609,-4.116956616998964,-3.680096335232197,-1.926459248976936,1.340127562165842,-0.097083657111385,3.964023668567735,-0.4437652499834766,1.322156394415256
95.0,294.0,129.8916473388672,-0.0394547819665894,2.682214317895609,-4.116956616998964,-3.680096333274654,-1.926459248976936,1.3401272735003742,-0.097083657111385,3.964023668590405,-0.4437652499834763,1.322156394415256
95.0,294.0,129.8916473388672,-0.0394549402594434,2.682214317895609,-4.116956616998964,-3.68009633552248,-1.926459248976936,1.3401272581941517,-0.097083657111385,3.964023668591093,-0.443765249983477,1.322156437876712
95.0,294.0,129.8916473388672,-0.0394547744322839,2.682214317895609,-4.116956616998964,-3.680096333246096,-1.926459248976936,1.3401273125142832,-0.097083657111385,3.964023668633928,-0.4437652499834772,1.3221564364424545
95.0,294.0,129.8916473388672,-0.0394547819665894,2.682214317895609,-4.116956616998964,-3.680096335405137,-1.926459248976936,1.3401275826359236,-0.097083657111385,3.964023668568252,-0.4437652499834763,1.322156394415256
95.0,294.0,129.8916473388672,-0.0394540761848176,2.682214317895609,-4.116956616998964,-3.6800963335031818,-1.926459248976936,1.3401275509113062,-0.097083657111385,3.964023668568252,-0.4437652499834614,1.3221564358194011
95.0,294.0,129.8916473388672,-0.0394549799886792,2.6822143178956024,-4.116956616998964,-3.680096335333745,-1.926459248976936,1.3401274263642535,-0.097083657111385,3.964023668597398,-0.4437652499834763,1.3221564303778044
95.0,294.0,129.8916473388672,-0.0394540104485118,2.682214317895609,-4.116956616998964,-3.680096333329199,-1.926459248976936,1.3401275818667722,-0.097083657111385,3.964023668586008,-0.4437652499834658,1.3221564358087918
95.0,294.0,129.8916473388672,-0.0394546623117755,2.682214317895609,-4.116956616998964,-3.6800963353336975,-1.926459248976936,1.34012737986952,-0.097083657111385,3.964023668558612,-0.443765249983477,1.322156436548152
95.0,294.0,129.8916473388672,-0.0394549237061717,2.682214317895609,-4.116956616998964,-3.680096335258313,-1.926459248976936,1.340127562165842,-0.097083657111385,3.964023668585945,-0.4437652499834773,1.32215639469767
95.0,294.0,129.8916473388672,-0.0394547819665894,2.682214317895609,-4.116956616998964,-3.6800963355509086,-1.926459248976936,1.3401275888077675,-0.097083657111385,3.9640236685695913,-0.443765249983477,1.3221564364436311
95.0,294.0,129.8916473388672,-0.0394550017190096,2.6822143178956024,-4.116956616998964,-3.6800963353330447,-1.926459248976936,1.3401273851953226,-0.097083657111385,3.964023668568251,-0.4437652499834763,1.3221564346997008
95.0,294.0,129.8916473388672,-0.0394549332207626,2.682214317895609,-4.116956616998964,-3.680096335258354,-1.926459248976936,1.3401276041139902,-0.097083657111385,3.964023668569057,-0.4437652499834695,1.3221563928562987
95.0,294.0,129.8916473388672,-0.0394548655383749,2.682214317895609,-4.116956616998964,-3.680096335333712,-1.926459248976936,1.3401272782807734,-0.097083657111385,3.964023668702637,-0.443765249983477,1.3221564365044098
95.0,294.0,129.8916473388672,-0.0394550026510082,2.682214317895609,-4.116956616998964,-3.68009633545828,-1.926459248976936,1.3401275809180946,-0.097083657111385,3.964023668568252,-0.4437652499834767,1.322156394415256
95.0,294.0,129.8916473388672,-0.0394547819665894,2.682214317895609,-4.116956616998964,-3.680096335510914,-1.926459248976936,1.3401272825189732,-0.097083657111385,3.964023668568815,-0.443765249983477,1.3221564364436311
95.0,294.0,129.8916473388672,-0.0394549332207626,2.682214317895609,-4.116956616998964,-3.680096335327009,-1.926459248976936,1.3401275818667722,-0.097083657111385,3.964023668568252,-0.4437652499834695,1.322156433231931
95.0,294.0,129.8916473388672,-0.0394549299325213,2.682214317895609,-4.116956616998964,-3.6800963353336695,-1.926459248976936,1.3401272782807734,-0.097083657111385,3.964023668572159,-0.443765249983477,1.3221563966483698
95.0,294.0,129.8916473388672,-0.0394549575512239,2.682214317895609,-4.116956616998964,-3.680096333329199,-1.926459248976936,1.3401275818667722,-0.097083657111385,3.964023668586008,-0.4437652499834658,1.3221564358087918
95.0,294.0,129.8916473388672,-0.0394549651407495,2.682214317895609,-4.116956616998964,-3.6800963333030814,-1.926459248976936,1.3401275818667722,-0.097083657111385,3.964023668568252,-0.4437652499834763,1.322156394415256
95.0,294.0,129.8916473388672,-0.0394548655383749,2.682214317895609,-4.116956616998964,-3.680096335333712,-1.926459248976936,1.3401272804413695,-0.097083657111385,3.9640236687023376,-0.443765249983477,1.3221564365044098
95.0,294.0,129.8916473388672,-0.0394547819665894,2.682214317895609,-4.116956616998964,-3.680096335405137,-1.926459248976936,1.3401275622484283,-0.097083657111385,3.964023668568252,-0.4437652499834763,1.322156394415256
95.0,294.0,129.8916473388672,-0.0394553115645138,2.682214317895609,-4.116956616998964,-3.6800963353365694,-1.926459248976936,1.3401275785618103,-0.097083657111385,3.964023668627674,-0.4437652499834664,1.322156394415256
95.0,294.0,129.8916473388672,-0.0394547819665894,2.682214317895609,-4.116956616998964,-3.6800963355509086,-1.926459248976936,1.3401275888077675,-0.097083657111385,3.9640236685695913,-0.443765249983477,1.3221564327177708
95.0,294.0,129.8916473388672,-0.0394548655383749,2.682214317895609,-4.116956616998964,-3.68009633531086,-1.926459248976936,1.3401272708425611,-0.097083657111385,3.964023668569667,-0.443765249983477,1.3221564358521676
95.0,294.0,129.8916473388672,-0.0394547877083838,2.6822143178956024,-4.116956616998964,-3.6800963331785015,-1.926459248976936,1.3401273861440004,-0.097083657111385,3.964023668701846,-0.4437652499834763,1.3221564364728144
95.0,294.0,129.8916473388672,-0.0394546623117755,2.682214317895609,-4.116956616998964,-3.6800963353336975,-1.926459248976936,1.34012737986952,-0.097083657111385,3.964023668558612,-0.443765249983477,1.322156436548152
95.0,294.0,129.8916473388672,-0.0394547819665894,2.682214317895609,-4.116956616998964,-3.680096335327688,-1.926459248976936,1.340127296837338,-0.097083657111385,3.964023668633928,-0.443765249983477,1.3221564364436311
95.0,294.0,129.8916473388672,-0.0394547591462051,2.682214317895609,-4.116956616998964,-3.680096335335538,-1.926459248976936,1.3401275826359236,-0.097083657111385,3.964023668568252,-0.4437652499834763,1.322156394415256
95.0,295.0,129.8916473388672,-0.0394547819665894,2.682214317895609,-4.116956616998964,-3.6800963333030814,-1.926459248976936,1.3401275818667722,-0.097083657111385,3.964023668568252,-0.4437652499834763,1.322156394415256
95.0,295.0,129.8916473388672,-0.0394549332207626,2.682214317895609,-4.116956616998964,-3.680096335258354,-1.926459248976936,1.3401275818667722,-0.097083657111385,3.964023668568252,-0.4437652499834695,1.322156394415256
95.0,295.0,129.8916473388672,-0.0394547819665894,2.682214317895609,-4.116956616998964,-3.6800963333030814,-1.926459248976936,1.3401275818667722,-0.097083657111385,3.964023668568252,-0.4437652499834763,1.322156394415256
95.0,295.0,129.8916473388672,-0.0394547819665894,2.682214317895609,-4.116956616998964,-3.68009633552248,-1.926459248976936,1.3401272804413695,-0.097083657111385,3.964023668591744,-0.443765249983477,1.3221564364436311
95.0,295.0,129.8916473388672,-0.0394540761848176,2.682214317895609,-4.116956616998964,-3.6800963333030814,-1.926459248976936,1.3401275818667722,-0.097083657111385,3.964023668568252,-0.4437652499834763,1.3221564358087918
95.0,295.0,129.8916473388672,-0.0394549402594434,2.682214317895609,-4.116956616998964,-3.68009633552248,-1.926459248976936,1.3401272804413695,-0.097083657111385,3.9640236685918975,-0.443765249983477,1.3221564363177545
95.0,295.0,129.8916473388672,-0.0394549332207626,2.682214317895609,-4.116956616998964,-3.680096335258313,-1.926459248976936,1.3401275785618103,-0.097083657111385,3.964023668627674,-0.4437652499834664,1.322156394415256
95.0,295.0,129.8916473388672,-0.0394549320041276,2.682214317895609,-4.116956616998964,-3.6800963353307967,-1.926459248976936,1.3401275818667722,-0.097083657111385,3.964023668568252,-0.4437652499834763,1.3221564358087918
95.0,295.0,129.8916473388672,-0.0394547819665894,2.682214317895609,-4.116956616998964,-3.6800963333030814,-1.926459248976936,1.3401275818667722,-0.097083657111385,3.964023668568252,-0.4437652499834767,1.322156394415256
95.0,295.0,129.8916473388672,-0.0394553300044638,2.682214317895609,-4.116956616998964,-3.680096335258313,-1.926459248976936,1.3401275785618103,-0.097083657111385,3.964023668627674,-0.4437652499834664,1.322156394415256
95.0,295.0,129.8916473388672,-0.0394548655383749,2.682214317895609,-4.116956616998964,-3.680096335333712,-1.926459248976936,1.3401272804413695,-0.097083657111385,3.9640236687023376,-0.443765249983477,1.3221564365044098
95.0,295.0,129.8916473388672,-0.0394540761848176,2.682214317895609,-4.116956616998964,-3.6800963335031818,-1.926459248976936,1.3401275561109451,-0.097083657111385,3.964023668568252,-0.4437652499834614,1.3221564358194011
95.0,295.0,129.8916473388672,-0.0394547819665894,2.682214317895609,-4.116956616998964,-3.68009633552248,-1.926459248976936,1.340127296837338,-0.097083657111385,3.964023668633928,-0.4437652499834772,1.3221564364436311
95.0,295.0,129.8916473388672,-0.0394547819665894,2.682214317895609,-4.116956616998964,-3.6800963333030814,-1.926459248976936,1.3401275818667722,-0.097083657111385,3.964023668568252,-0.4437652499834763,1.322156394415256
95.0,295.0,129.8916473388672,-0.0394546154471699,2.6822143178956024,-4.116956616998964,-3.680096335068772,-1.926459248976936,1.340127433934547,-0.097083657111385,3.9640236685957135,-0.4437652499834758,1.322156434700757
95.0,295.0,129.8916473388672,-0.0394553300044638,2.682214317895609,-4.116956616998964,-3.680096335258313,-1.926459248976936,1.3401275785618103,-0.097083657111385,3.964023668627674,-0.4437652499834664,1.322156394415256
95.0,295.0,129.8916473388672,-0.0394549799886792,2.6822143178956024,-4.116956616998964,-3.680096335333745,-1.926459248976936,1.3401274229933633,-0.097083657111385,3.964023668597398,-0.4437652499834763,1.3221564326711026
95.0,295.0,129.8916473388672,-0.0394549332207626,2.682214317895609,-4.116956616998964,-3.680096335258354,-1.926459248976936,1.3401275818667722,-0.097083657111385,3.964023668568252,-0.4437652499834695,1.322156394415256
95.0,295.0,129.8916473388672,-0.0394550083928026,2.6822143178956024,-4.116956616998964,-3.680096335333698,-1.926459248976936,1.3401273851953226,-0.097083657111385,3.964023668701846,-0.4437652499834763,1.3221564364728144
95.0,295.0,129.8916473388672,-0.0394549332207626,2.682214317895609,-4.116956616998964,-3.680096335258313,-1.926459248976936,1.340127562165842,-0.097083657111385,3.964023668585492,-0.4437652499834661,1.322156394415256
95.0,295.0,129.8916473388672,-0.0394549825121074,2.6822143178956024,-4.116956616998964,-3.6800963353330354,-1.926459248976936,1.3401275734486902,-0.097083657111385,3.964023668568251,-0.4437652499834763,1.3221564358305906
95.0,295.0,129.8916473388672,-0.0394549989570684,2.682214317895609,-4.116956616998964,-3.680096335232197,-1.926459248976936,1.340127562165842,-0.097083657111385,3.964023668567735,-0.4437652499834766,1.322156394415256
95.0,295.0,129.8916473388672,-0.0394547819665894,2.682214317895609,-4.116956616998964,-3.680096333274654,-1.926459248976936,1.3401272735003742,-0.097083657111385,3.964023668590405,-0.4437652499834763,1.322156394415256
95.0,295.0,129.8916473388672,-0.0394549402594434,2.682214317895609,-4.116956616998964,-3.68009633552248,-1.926459248976936,1.3401272581941517,-0.097083657111385,3.964023668591093,-0.443765249983477,1.322156437876712
95.0,295.0,129.8916473388672,-0.0394547744322839,2.682214317895609,-4.116956616998964,-3.680096333246096,-1.926459248976936,1.3401273125142832,-0.097083657111385,3.964023668633928,-0.4437652499834772,1.3221564364424545
95.0,295.0,129.8916473388672,-0.0394547819665894,2.682214317895609,-4.116956616998964,-3.680096335405137,-1.926459248976936,1.3401275826359236,-0.097083657111385,3.964023668568252,-0.4437652499834763,1.322156394415256
95.0,295.0,129.8916473388672,-0.0394540761848176,2.682214317895609,-4.116956616998964,-3.6800963335031818,-1.926459248976936,1.3401275509113062,-0.097083657111385,3.964023668568252,-0.4437652499834614,1.3221564358194011
95.0,295.0,129.8916473388672,-0.0394549799886792,2.6822143178956024,-4.116956616998964,-3.680096335333745,-1.926459248976936,1.3401274263642535,-0.097083657111385,3.964023668597398,-0.4437652499834763,1.3221564303778044
95.0,295.0,129.8916473388672,-0.0394540104485118,2.682214317895609,-4.116956616998964,-3.680096333329199,-1.926459248976936,1.3401275818667722,-0.097083657111385,3.964023668586008,-0.4437652499834658,1.3221564358087918
95.0,295.0,129.8916473388672,-0.0394546623117755,2.682214317895609,-4.116956616998964,-3.6800963353336975,-1.926459248976936,1.34012737986952,-0.097083657111385,3.964023668558612,-0.443765249983477,1.322156436548152
95.0,295.0,129.8916473388672,-0.0394549237061717,2.682214317895609,-4.116956616998964,-3.680096335258313,-1.926459248976936,1.340127562165842,-0.097083657111385,3.964023668585945,-0.4437652499834773,1.32215639469767
95.0,295.0,129.8916473388672,-0.0394547819665894,2.682214317895609,-4.116956616998964,-3.6800963355509086,-1.926459248976936,1.3401275888077675,-0.097083657111385,3.9640236685695913,-0.443765249983477,1.3221564364436311
95.0,295.0,129.8916473388672,-0.0394550017190096,2.6822143178956024,-4.116956616998964,-3.6800963353330447,-1.926459248976936,1.3401273851953226,-0.097083657111385,3.964023668568251,-0.4437652499834763,1.3221564346997008
95.0,295.0,129.8916473388672,-0.0394549332207626,2.682214317895609,-4.116956616998964,-3.680096335258354,-1.926459248976936,1.3401276041139902,-0.097083657111385,3.964023668569057,-0.4437652499834695,1.3221563928562987
95.0,295.0,129.8916473388672,-0.0394548655383749,2.682214317895609,-4.116956616998964,-3.680096335333712,-1.926459248976936,1.3401272782807734,-0.097083657111385,3.964023668702637,-0.443765249983477,1.3221564365044098
95.0,295.0,129.8916473388672,-0.0394550026510082,2.682214317895609,-4.116956616998964,-3.68009633545828,-1.926459248976936,1.3401275809180946,-0.097083657111385,3.964023668568252,-0.4437652499834767,1.322156394415256
95.0,295.0,129.8916473388672,-0.0394547819665894,2.682214317895609,-4.116956616998964,-3.680096335510914,-1.926459248976936,1.3401272825189732,-0.097083657111385,3.964023668568815,-0.443765249983477,1.3221564364436311
95.0,295.0,129.8916473388672,-0.0394549332207626,2.682214317895609,-4.116956616998964,-3.680096335327009,-1.926459248976936,1.3401275818667722,-0.097083657111385,3.964023668568252,-0.4437652499834695,1.322156433231931
95.0,295.0,129.8916473388672,-0.0394549299325213,2.682214317895609,-4.116956616998964,-3.6800963353336695,-1.926459248976936,1.3401272782807734,-0.097083657111385,3.964023668572159,-0.443765249983477,1.3221563966483698
95.0,295.0,129.8916473388672,-0.0394549575512239,2.682214317895609,-4.116956616998964,-3.680096333329199,-1.926459248976936,1.3401275818667722,-0.097083657111385,3.964023668586008,-0.4437652499834658,1.3221564358087918
95.0,295.0,129.8916473388672,-0.0394549651407495,2.682214317895609,-4.116956616998964,-3.6800963333030814,-1.926459248976936,1.3401275818667722,-0.097083657111385,3.964023668568252,-0.4437652499834763,1.322156394415256
95.0,295.0,129.8916473388672,-0.0394548655383749,2.682214317895609,-4.116956616998964,-3.680096335333712,-1.926459248976936,1.3401272804413695,-0.097083657111385,3.9640236687023376,-0.443765249983477,1.3221564365044098
95.0,295.0,129.8916473388672,-0.0394547819665894,2.682214317895609,-4.116956616998964,-3.680096335405137,-1.926459248976936,1.3401275622484283,-0.097083657111385,3.964023668568252,-0.4437652499834763,1.322156394415256
95.0,295.0,129.8916473388672,-0.0394553115645138,2.682214317895609,-4.116956616998964,-3.6800963353365694,-1.926459248976936,1.3401275785618103,-0.097083657111385,3.964023668627674,-0.4437652499834664,1.322156394415256
95.0,295.0,129.8916473388672,-0.0394547819665894,2.682214317895609,-4.116956616998964,-3.6800963355509086,-1.926459248976936,1.3401275888077675,-0.097083657111385,3.9640236685695913,-0.443765249983477,1.3221564327177708
95.0,295.0,129.8916473388672,-0.0394548655383749,2.682214317895609,-4.116956616998964,-3.68009633531086,-1.926459248976936,1.3401272708425611,-0.097083657111385,3.964023668569667,-0.443765249983477,1.3221564358521676
95.0,295.0,129.8916473388672,-0.0394547877083838,2.6822143178956024,-4.116956616998964,-3.6800963331785015,-1.926459248976936,1.3401273861440004,-0.097083657111385,3.964023668701846,-0.4437652499834763,1.3221564364728144
95.0,295.0,129.8916473388672,-0.0394546623117755,2.682214317895609,-4.116956616998964,-3.6800963353336975,-1.926459248976936,1.34012737986952,-0.097083657111385,3.964023668558612,-0.443765249983477,1.322156436548152
95.0,295.0,129.8916473388672,-0.0394547819665894,2.682214317895609,-4.116956616998964,-3.680096335327688,-1.926459248976936,1.340127296837338,-0.097083657111385,3.964023668633928,-0.443765249983477,1.3221564364436311
95.0,295.0,129.8916473388672,-0.0394547591462051,2.682214317895609,-4.116956616998964,-3.680096335335538,-1.926459248976936,1.3401275826359236,-0.097083657111385,3.964023668568252,-0.4437652499834763,1.322156394415256
95.0,296.0,129.8916473388672,-0.0394547819665894,2.682214317895609,-4.116956616998964,-3.6800963333030814,-1.926459248976936,1.3401275818667722,-0.097083657111385,3.964023668568252,-0.4437652499834763,1.322156394415256
95.0,296.0,129.8916473388672,-0.0394549332207626,2.682214317895609,-4.116956616998964,-3.680096335258354,-1.926459248976936,1.3401275818667722,-0.097083657111385,3.964023668568252,-0.4437652499834695,1.322156394415256
95.0,296.0,129.8916473388672,-0.0394547819665894,2.682214317895609,-4.116956616998964,-3.6800963333030814,-1.926459248976936,1.3401275818667722,-0.097083657111385,3.964023668568252,-0.4437652499834763,1.322156394415256
95.0,296.0,129.8916473388672,-0.0394547819665894,2.682214317895609,-4.116956616998964,-3.68009633552248,-1.926459248976936,1.3401272804413695,-0.097083657111385,3.964023668591744,-0.443765249983477,1.3221564364436311
95.0,296.0,129.8916473388672,-0.0394540761848176,2.682214317895609,-4.116956616998964,-3.6800963333030814,-1.926459248976936,1.3401275818667722,-0.097083657111385,3.964023668568252,-0.4437652499834763,1.3221564358087918
95.0,296.0,129.8916473388672,-0.0394549402594434,2.682214317895609,-4.116956616998964,-3.68009633552248,-1.926459248976936,1.3401272804413695,-0.097083657111385,3.9640236685918975,-0.443765249983477,1.3221564363177545
95.0,296.0,129.8916473388672,-0.0394549332207626,2.682214317895609,-4.116956616998964,-3.680096335258313,-1.926459248976936,1.3401275785618103,-0.097083657111385,3.964023668627674,-0.4437652499834664,1.322156394415256
95.0,296.0,129.8916473388672,-0.0394549320041276,2.682214317895609,-4.116956616998964,-3.6800963353307967,-1.926459248976936,1.3401275818667722,-0.097083657111385,3.964023668568252,-0.4437652499834763,1.3221564358087918
95.0,296.0,129.8916473388672,-0.0394547819665894,2.682214317895609,-4.116956616998964,-3.6800963333030814,-1.926459248976936,1.3401275818667722,-0.097083657111385,3.964023668568252,-0.4437652499834767,1.322156394415256
95.0,296.0,129.8916473388672,-0.0394553300044638,2.682214317895609,-4.116956616998964,-3.680096335258313,-1.926459248976936,1.3401275785618103,-0.097083657111385,3.964023668627674,-0.4437652499834664,1.322156394415256
95.0,296.0,129.8916473388672,-0.0394548655383749,2.682214317895609,-4.116956616998964,-3.680096335333712,-1.926459248976936,1.3401272804413695,-0.097083657111385,3.9640236687023376,-0.443765249983477,1.3221564365044098
95.0,296.0,129.8916473388672,-0.0394540761848176,2.682214317895609,-4.116956616998964,-3.6800963335031818,-1.926459248976936,1.3401275561109451,-0.097083657111385,3.964023668568252,-0.4437652499834614,1.3221564358194011
95.0,296.0,129.8916473388672,-0.0394547819665894,2.682214317895609,-4.116956616998964,-3.68009633552248,-1.926459248976936,1.340127296837338,-0.097083657111385,3.964023668633928,-0.4437652499834772,1.3221564364436311
95.0,296.0,129.8916473388672,-0.0394547819665894,2.682214317895609,-4.116956616998964,-3.6800963333030814,-1.926459248976936,1.3401275818667722,-0.097083657111385,3.964023668568252,-0.4437652499834763,1.322156394415256
95.0,296.0,129.8916473388672,-0.0394546154471699,2.6822143178956024,-4.116956616998964,-3.680096335068772,-1.926459248976936,1.340127433934547,-0.097083657111385,3.9640236685957135,-0.4437652499834758,1.322156434700757
95.0,296.0,129.8916473388672,-0.0394553300044638,2.682214317895609,-4.116956616998964,-3.680096335258313,-1.926459248976936,1.3401275785618103,-0.097083657111385,3.964023668627674,-0.4437652499834664,1.322156394415256
95.0,296.0,129.8916473388672,-0.0394549799886792,2.6822143178956024,-4.116956616998964,-3.680096335333745,-1.926459248976936,1.3401274229933633,-0.097083657111385,3.964023668597398,-0.4437652499834763,1.3221564326711026
95.0,296.0,129.8916473388672,-0.0394549332207626,2.682214317895609,-4.116956616998964,-3.680096335258354,-1.926459248976936,1.3401275818667722,-0.097083657111385,3.964023668568252,-0.4437652499834695,1.322156394415256
95.0,296.0,129.8916473388672,-0.0394550083928026,2.6822143178956024,-4.116956616998964,-3.680096335333698,-1.926459248976936,1.3401273851953226,-0.097083657111385,3.964023668701846,-0.4437652499834763,1.3221564364728144
95.0,296.0,129.8916473388672,-0.0394549332207626,2.682214317895609,-4.116956616998964,-3.680096335258313,-1.926459248976936,1.340127562165842,-0.097083657111385,3.964023668585492,-0.4437652499834661,1.322156394415256
95.0,296.0,129.8916473388672,-0.0394549825121074,2.6822143178956024,-4.116956616998964,-3.6800963353330354,-1.926459248976936,1.3401275734486902,-0.097083657111385,3.964023668568251,-0.4437652499834763,1.3221564358305906
95.0,296.0,129.8916473388672,-0.0394549989570684,2.682214317895609,-4.116956616998964,-3.680096335232197,-1.926459248976936,1.340127562165842,-0.097083657111385,3.964023668567735,-0.4437652499834766,1.322156394415256
95.0,296.0,129.8916473388672,-0.0394547819665894,2.682214317895609,-4.116956616998964,-3.680096333274654,-1.926459248976936,1.3401272735003742,-0.097083657111385,3.964023668590405,-0.4437652499834763,1.322156394415256
95.0,296.0,129.8916473388672,-0.0394549402594434,2.682214317895609,-4.116956616998964,-3.68009633552248,-1.926459248976936,1.3401272581941517,-0.097083657111385,3.964023668591093,-0.443765249983477,1.322156437876712
95.0,296.0,129.8916473388672,-0.0394547744322839,2.682214317895609,-4.116956616998964,-3.680096333246096,-1.926459248976936,1.3401273125142832,-0.097083657111385,3.964023668633928,-0.4437652499834772,1.3221564364424545
95.0,296.0,129.8916473388672,-0.0394547819665894,2.682214317895609,-4.116956616998964,-3.680096335405137,-1.926459248976936,1.3401275826359236,-0.097083657111385,3.964023668568252,-0.4437652499834763,1.322156394415256
95.0,296.0,129.8916473388672,-0.0394540761848176,2.682214317895609,-4.116956616998964,-3.6800963335031818,-1.926459248976936,1.3401275509113062,-0.097083657111385,3.964023668568252,-0.4437652499834614,1.3221564358194011
95.0,296.0,129.8916473388672,-0.0394549799886792,2.6822143178956024,-4.116956616998964,-3.680096335333745,-1.926459248976936,1.3401274263642535,-0.097083657111385,3.964023668597398,-0.4437652499834763,1.3221564303778044
95.0,296.0,129.8916473388672,-0.0394540104485118,2.682214317895609,-4.116956616998964,-3.680096333329199,-1.926459248976936,1.3401275818667722,-0.097083657111385,3.964023668586008,-0.4437652499834658,1.3221564358087918
95.0,296.0,129.8916473388672,-0.0394546623117755,2.682214317895609,-4.116956616998964,-3.6800963353336975,-1.926459248976936,1.34012737986952,-0.097083657111385,3.964023668558612,-0.443765249983477,1.322156436548152
95.0,296.0,129.8916473388672,-0.0394549237061717,2.682214317895609,-4.116956616998964,-3.680096335258313,-1.926459248976936,1.340127562165842,-0.097083657111385,3.964023668585945,-0.4437652499834773,1.32215639469767
95.0,296.0,129.8916473388672,-0.0394547819665894,2.682214317895609,-4.116956616998964,-3.6800963355509086,-1.926459248976936,1.3401275888077675,-0.097083657111385,3.9640236685695913,-0.443765249983477,1.3221564364436311
95.0,296.0,129.8916473388672,-0.0394550017190096,2.6822143178956024,-4.116956616998964,-3.6800963353330447,-1.926459248976936,1.3401273851953226,-0.097083657111385,3.964023668568251,-0.4437652499834763,1.3221564346997008
95.0,296.0,129.8916473388672,-0.0394549332207626,2.682214317895609,-4.116956616998964,-3.680096335258354,-1.926459248976936,1.3401276041139902,-0.097083657111385,3.964023668569057,-0.4437652499834695,1.3221563928562987
95.0,296.0,129.8916473388672,-0.0394548655383749,2.682214317895609,-4.116956616998964,-3.680096335333712,-1.926459248976936,1.3401272782807734,-0.097083657111385,3.964023668702637,-0.443765249983477,1.3221564365044098
95.0,296.0,129.8916473388672,-0.0394550026510082,2.682214317895609,-4.116956616998964,-3.68009633545828,-1.926459248976936,1.3401275809180946,-0.097083657111385,3.964023668568252,-0.4437652499834767,1.322156394415256
95.0,296.0,129.8916473388672,-0.0394547819665894,2.682214317895609,-4.116956616998964,-3.680096335510914,-1.926459248976936,1.3401272825189732,-0.097083657111385,3.964023668568815,-0.443765249983477,1.3221564364436311
95.0,296.0,129.8916473388672,-0.0394549332207626,2.682214317895609,-4.116956616998964,-3.680096335327009,-1.926459248976936,1.3401275818667722,-0.097083657111385,3.964023668568252,-0.4437652499834695,1.322156433231931
95.0,296.0,129.8916473388672,-0.0394549299325213,2.682214317895609,-4.116956616998964,-3.6800963353336695,-1.926459248976936,1.3401272782807734,-0.097083657111385,3.964023668572159,-0.443765249983477,1.3221563966483698
95.0,296.0,129.8916473388672,-0.0394549575512239,2.682214317895609,-4.116956616998964,-3.680096333329199,-1.926459248976936,1.3401275818667722,-0.097083657111385,3.964023668586008,-0.4437652499834658,1.3221564358087918
95.0,296.0,129.8916473388672,-0.0394549651407495,2.682214317895609,-4.116956616998964,-3.6800963333030814,-1.926459248976936,1.3401275818667722,-0.097083657111385,3.964023668568252,-0.4437652499834763,1.322156394415256
95.0,296.0,129.8916473388672,-0.0394548655383749,2.682214317895609,-4.116956616998964,-3.680096335333712,-1.926459248976936,1.3401272804413695,-0.097083657111385,3.9640236687023376,-0.443765249983477,1.3221564365044098
95.0,296.0,129.8916473388672,-0.0394547819665894,2.682214317895609,-4.116956616998964,-3.680096335405137,-1.926459248976936,1.3401275622484283,-0.097083657111385,3.964023668568252,-0.4437652499834763,1.322156394415256
95.0,296.0,129.8916473388672,-0.0394553115645138,2.682214317895609,-4.116956616998964,-3.6800963353365694,-1.926459248976936,1.3401275785618103,-0.097083657111385,3.964023668627674,-0.4437652499834664,1.322156394415256
95.0,296.0,129.8916473388672,-0.0394547819665894,2.682214317895609,-4.116956616998964,-3.6800963355509086,-1.926459248976936,1.3401275888077675,-0.097083657111385,3.9640236685695913,-0.443765249983477,1.3221564327177708
95.0,296.0,129.8916473388672,-0.0394548655383749,2.682214317895609,-4.116956616998964,-3.68009633531086,-1.926459248976936,1.3401272708425611,-0.097083657111385,3.964023668569667,-0.443765249983477,1.3221564358521676
95.0,296.0,129.8916473388672,-0.0394547877083838,2.6822143178956024,-4.116956616998964,-3.6800963331785015,-1.926459248976936,1.3401273861440004,-0.097083657111385,3.964023668701846,-0.4437652499834763,1.3221564364728144
95.0,296.0,129.8916473388672,-0.0394546623117755,2.682214317895609,-4.116956616998964,-3.6800963353336975,-1.926459248976936,1.34012737986952,-0.097083657111385,3.964023668558612,-0.443765249983477,1.322156436548152
95.0,296.0,129.8916473388672,-0.0394547819665894,2.682214317895609,-4.116956616998964,-3.680096335327688,-1.926459248976936,1.340127296837338,-0.097083657111385,3.964023668633928,-0.443765249983477,1.3221564364436311
95.0,296.0,129.8916473388672,-0.0394547591462051,2.682214317895609,-4.116956616998964,-3.680096335335538,-1.926459248976936,1.3401275826359236,-0.097083657111385,3.964023668568252,-0.4437652499834763,1.322156394415256
95.0,297.0,129.8916473388672,-0.0394547819665894,2.682214317895609,-4.116956616998964,-3.6800963333030814,-1.926459248976936,1.3401275818667722,-0.097083657111385,3.964023668568252,-0.4437652499834763,1.322156394415256
95.0,297.0,129.8916473388672,-0.0394549332207626,2.682214317895609,-4.116956616998964,-3.680096335258354,-1.926459248976936,1.3401275818667722,-0.097083657111385,3.964023668568252,-0.4437652499834695,1.322156394415256
95.0,297.0,129.8916473388672,-0.0394547819665894,2.682214317895609,-4.116956616998964,-3.6800963333030814,-1.926459248976936,1.3401275818667722,-0.097083657111385,3.964023668568252,-0.4437652499834763,1.322156394415256
95.0,297.0,129.8916473388672,-0.0394547819665894,2.682214317895609,-4.116956616998964,-3.68009633552248,-1.926459248976936,1.3401272804413695,-0.097083657111385,3.964023668591744,-0.443765249983477,1.3221564364436311
95.0,297.0,129.8916473388672,-0.0394540761848176,2.682214317895609,-4.116956616998964,-3.6800963333030814,-1.926459248976936,1.3401275818667722,-0.097083657111385,3.964023668568252,-0.4437652499834763,1.3221564358087918
95.0,297.0,129.8916473388672,-0.0394549402594434,2.682214317895609,-4.116956616998964,-3.68009633552248,-1.926459248976936,1.3401272804413695,-0.097083657111385,3.9640236685918975,-0.443765249983477,1.3221564363177545
95.0,297.0,129.8916473388672,-0.0394549332207626,2.682214317895609,-4.116956616998964,-3.680096335258313,-1.926459248976936,1.3401275785618103,-0.097083657111385,3.964023668627674,-0.4437652499834664,1.322156394415256
95.0,297.0,129.8916473388672,-0.0394549320041276,2.682214317895609,-4.116956616998964,-3.6800963353307967,-1.926459248976936,1.3401275818667722,-0.097083657111385,3.964023668568252,-0.4437652499834763,1.3221564358087918
95.0,297.0,129.8916473388672,-0.0394547819665894,2.682214317895609,-4.116956616998964,-3.6800963333030814,-1.926459248976936,1.3401275818667722,-0.097083657111385,3.964023668568252,-0.4437652499834767,1.322156394415256
95.0,297.0,129.8916473388672,-0.0394553300044638,2.682214317895609,-4.116956616998964,-3.680096335258313,-1.926459248976936,1.3401275785618103,-0.097083657111385,3.964023668627674,-0.4437652499834664,1.322156394415256
95.0,297.0,129.8916473388672,-0.0394548655383749,2.682214317895609,-4.116956616998964,-3.680096335333712,-1.926459248976936,1.3401272804413695,-0.097083657111385,3.9640236687023376,-0.443765249983477,1.3221564365044098
95.0,297.0,129.8916473388672,-0.0394540761848176,2.682214317895609,-4.116956616998964,-3.6800963335031818,-1.926459248976936,1.3401275561109451,-0.097083657111385,3.964023668568252,-0.4437652499834614,1.3221564358194011
95.0,297.0,129.8916473388672,-0.0394547819665894,2.682214317895609,-4.116956616998964,-3.68009633552248,-1.926459248976936,1.340127296837338,-0.097083657111385,3.964023668633928,-0.4437652499834772,1.3221564364436311
95.0,297.0,129.8916473388672,-0.0394547819665894,2.682214317895609,-4.116956616998964,-3.6800963333030814,-1.926459248976936,1.3401275818667722,-0.097083657111385,3.964023668568252,-0.4437652499834763,1.322156394415256
95.0,297.0,129.8916473388672,-0.0394546154471699,2.6822143178956024,-4.116956616998964,-3.680096335068772,-1.926459248976936,1.340127433934547,-0.097083657111385,3.9640236685957135,-0.4437652499834758,1.322156434700757
95.0,297.0,129.8916473388672,-0.0394553300044638,2.682214317895609,-4.116956616998964,-3.680096335258313,-1.926459248976936,1.3401275785618103,-0.097083657111385,3.964023668627674,-0.4437652499834664,1.322156394415256
95.0,297.0,129.8916473388672,-0.0394549799886792,2.6822143178956024,-4.116956616998964,-3.680096335333745,-1.926459248976936,1.3401274229933633,-0.097083657111385,3.964023668597398,-0.4437652499834763,1.3221564326711026
95.0,297.0,129.8916473388672,-0.0394549332207626,2.682214317895609,-4.116956616998964,-3.680096335258354,-1.926459248976936,1.3401275818667722,-0.097083657111385,3.964023668568252,-0.4437652499834695,1.322156394415256
95.0,297.0,129.8916473388672,-0.0394550083928026,2.6822143178956024,-4.116956616998964,-3.680096335333698,-1.926459248976936,1.3401273851953226,-0.097083657111385,3.964023668701846,-0.4437652499834763,1.3221564364728144
95.0,297.0,129.8916473388672,-0.0394549332207626,2.682214317895609,-4.116956616998964,-3.680096335258313,-1.926459248976936,1.340127562165842,-0.097083657111385,3.964023668585492,-0.4437652499834661,1.322156394415256
95.0,297.0,129.8916473388672,-0.0394549825121074,2.6822143178956024,-4.116956616998964,-3.6800963353330354,-1.926459248976936,1.3401275734486902,-0.097083657111385,3.964023668568251,-0.4437652499834763,1.3221564358305906
95.0,297.0,129.8916473388672,-0.0394549989570684,2.682214317895609,-4.116956616998964,-3.680096335232197,-1.926459248976936,1.340127562165842,-0.097083657111385,3.964023668567735,-0.4437652499834766,1.322156394415256
95.0,297.0,129.8916473388672,-0.0394547819665894,2.682214317895609,-4.116956616998964,-3.680096333274654,-1.926459248976936,1.3401272735003742,-0.097083657111385,3.964023668590405,-0.4437652499834763,1.322156394415256
95.0,297.0,129.8916473388672,-0.0394549402594434,2.682214317895609,-4.116956616998964,-3.68009633552248,-1.926459248976936,1.3401272581941517,-0.097083657111385,3.964023668591093,-0.443765249983477,1.322156437876712
95.0,297.0,129.8916473388672,-0.0394547744322839,2.682214317895609,-4.116956616998964,-3.680096333246096,-1.926459248976936,1.3401273125142832,-0.097083657111385,3.964023668633928,-0.4437652499834772,1.3221564364424545
95.0,297.0,129.8916473388672,-0.0394547819665894,2.682214317895609,-4.116956616998964,-3.680096335405137,-1.926459248976936,1.3401275826359236,-0.097083657111385,3.964023668568252,-0.4437652499834763,1.322156394415256
95.0,297.0,129.8916473388672,-0.0394540761848176,2.682214317895609,-4.116956616998964,-3.6800963335031818,-1.926459248976936,1.3401275509113062,-0.097083657111385,3.964023668568252,-0.4437652499834614,1.3221564358194011
95.0,297.0,129.8916473388672,-0.0394549799886792,2.6822143178956024,-4.116956616998964,-3.680096335333745,-1.926459248976936,1.3401274263642535,-0.097083657111385,3.964023668597398,-0.4437652499834763,1.3221564303778044
95.0,297.0,129.8916473388672,-0.0394540104485118,2.682214317895609,-4.116956616998964,-3.680096333329199,-1.926459248976936,1.3401275818667722,-0.097083657111385,3.964023668586008,-0.4437652499834658,1.3221564358087918
95.0,297.0,129.8916473388672,-0.0394546623117755,2.682214317895609,-4.116956616998964,-3.6800963353336975,-1.926459248976936,1.34012737986952,-0.097083657111385,3.964023668558612,-0.443765249983477,1.322156436548152
95.0,297.0,129.8916473388672,-0.0394549237061717,2.682214317895609,-4.116956616998964,-3.680096335258313,-1.926459248976936,1.340127562165842,-0.097083657111385,3.964023668585945,-0.4437652499834773,1.32215639469767
95.0,297.0,129.8916473388672,-0.0394547819665894,2.682214317895609,-4.116956616998964,-3.6800963355509086,-1.926459248976936,1.3401275888077675,-0.097083657111385,3.9640236685695913,-0.443765249983477,1.3221564364436311
95.0,297.0,129.8916473388672,-0.0394550017190096,2.6822143178956024,-4.116956616998964,-3.6800963353330447,-1.926459248976936,1.3401273851953226,-0.097083657111385,3.964023668568251,-0.4437652499834763,1.3221564346997008
95.0,297.0,129.8916473388672,-0.0394549332207626,2.682214317895609,-4.116956616998964,-3.680096335258354,-1.926459248976936,1.3401276041139902,-0.097083657111385,3.964023668569057,-0.4437652499834695,1.3221563928562987
95.0,297.0,129.8916473388672,-0.0394548655383749,2.682214317895609,-4.116956616998964,-3.680096335333712,-1.926459248976936,1.3401272782807734,-0.097083657111385,3.964023668702637,-0.443765249983477,1.3221564365044098
95.0,297.0,129.8916473388672,-0.0394550026510082,2.682214317895609,-4.116956616998964,-3.68009633545828,-1.926459248976936,1.3401275809180946,-0.097083657111385,3.964023668568252,-0.4437652499834767,1.322156394415256
95.0,297.0,129.8916473388672,-0.0394547819665894,2.682214317895609,-4.116956616998964,-3.680096335510914,-1.926459248976936,1.3401272825189732,-0.097083657111385,3.964023668568815,-0.443765249983477,1.3221564364436311
95.0,297.0,129.8916473388672,-0.0394549332207626,2.682214317895609,-4.116956616998964,-3.680096335327009,-1.926459248976936,1.3401275818667722,-0.097083657111385,3.964023668568252,-0.4437652499834695,1.322156433231931
95.0,297.0,129.8916473388672,-0.0394549299325213,2.682214317895609,-4.116956616998964,-3.6800963353336695,-1.926459248976936,1.3401272782807734,-0.097083657111385,3.964023668572159,-0.443765249983477,1.3221563966483698
95.0,297.0,129.8916473388672,-0.0394549575512239,2.682214317895609,-4.116956616998964,-3.680096333329199,-1.926459248976936,1.3401275818667722,-0.097083657111385,3.964023668586008,-0.4437652499834658,1.3221564358087918
95.0,297.0,129.8916473388672,-0.0394549651407495,2.682214317895609,-4.116956616998964,-3.6800963333030814,-1.926459248976936,1.3401275818667722,-0.097083657111385,3.964023668568252,-0.4437652499834763,1.322156394415256
95.0,297.0,129.8916473388672,-0.0394548655383749,2.682214317895609,-4.116956616998964,-3.680096335333712,-1.926459248976936,1.3401272804413695,-0.097083657111385,3.9640236687023376,-0.443765249983477,1.3221564365044098
95.0,297.0,129.8916473388672,-0.0394547819665894,2.682214317895609,-4.116956616998964,-3.680096335405137,-1.926459248976936,1.3401275622484283,-0.097083657111385,3.964023668568252,-0.4437652499834763,1.322156394415256
95.0,297.0,129.8916473388672,-0.0394553115645138,2.682214317895609,-4.116956616998964,-3.6800963353365694,-1.926459248976936,1.3401275785618103,-0.097083657111385,3.964023668627674,-0.4437652499834664,1.322156394415256
95.0,297.0,129.8916473388672,-0.0394547819665894,2.682214317895609,-4.116956616998964,-3.6800963355509086,-1.926459248976936,1.3401275888077675,-0.097083657111385,3.9640236685695913,-0.443765249983477,1.3221564327177708
95.0,297.0,129.8916473388672,-0.0394548655383749,2.682214317895609,-4.116956616998964,-3.68009633531086,-1.926459248976936,1.3401272708425611,-0.097083657111385,3.964023668569667,-0.443765249983477,1.3221564358521676
95.0,297.0,129.8916473388672,-0.0394547877083838,2.6822143178956024,-4.116956616998964,-3.6800963331785015,-1.926459248976936,1.3401273861440004,-0.097083657111385,3.964023668701846,-0.4437652499834763,1.3221564364728144
95.0,297.0,129.8916473388672,-0.0394546623117755,2.682214317895609,-4.116956616998964,-3.6800963353336975,-1.926459248976936,1.34012737986952,-0.097083657111385,3.964023668558612,-0.443765249983477,1.322156436548152
95.0,297.0,129.8916473388672,-0.0394547819665894,2.682214317895609,-4.116956616998964,-3.680096335327688,-1.926459248976936,1.340127296837338,-0.097083657111385,3.964023668633928,-0.443765249983477,1.3221564364436311
95.0,297.0,129.8916473388672,-0.0394547591462051,2.682214317895609,-4.116956616998964,-3.680096335335538,-1.926459248976936,1.3401275826359236,-0.097083657111385,3.964023668568252,-0.4437652499834763,1.322156394415256
95.0,298.0,129.8916473388672,-0.0394547819665894,2.682214317895609,-4.116956616998964,-3.6800963333030814,-1.926459248976936,1.3401275818667722,-0.097083657111385,3.964023668568252,-0.4437652499834763,1.322156394415256
95.0,298.0,129.8916473388672,-0.0394549332207626,2.682214317895609,-4.116956616998964,-3.680096335258354,-1.926459248976936,1.3401275818667722,-0.097083657111385,3.964023668568252,-0.4437652499834695,1.322156394415256
95.0,298.0,129.8916473388672,-0.0394547819665894,2.682214317895609,-4.116956616998964,-3.6800963333030814,-1.926459248976936,1.3401275818667722,-0.097083657111385,3.964023668568252,-0.4437652499834763,1.322156394415256
95.0,298.0,129.8916473388672,-0.0394547819665894,2.682214317895609,-4.116956616998964,-3.68009633552248,-1.926459248976936,1.3401272804413695,-0.097083657111385,3.964023668591744,-0.443765249983477,1.3221564364436311
95.0,298.0,129.8916473388672,-0.0394540761848176,2.682214317895609,-4.116956616998964,-3.6800963333030814,-1.926459248976936,1.3401275818667722,-0.097083657111385,3.964023668568252,-0.4437652499834763,1.3221564358087918
95.0,298.0,129.8916473388672,-0.0394549402594434,2.682214317895609,-4.116956616998964,-3.68009633552248,-1.926459248976936,1.3401272804413695,-0.097083657111385,3.9640236685918975,-0.443765249983477,1.3221564363177545
95.0,298.0,129.8916473388672,-0.0394549332207626,2.682214317895609,-4.116956616998964,-3.680096335258313,-1.926459248976936,1.3401275785618103,-0.097083657111385,3.964023668627674,-0.4437652499834664,1.322156394415256
95.0,298.0,129.8916473388672,-0.0394549320041276,2.682214317895609,-4.116956616998964,-3.6800963353307967,-1.926459248976936,1.3401275818667722,-0.097083657111385,3.964023668568252,-0.4437652499834763,1.3221564358087918
95.0,298.0,129.8916473388672,-0.0394547819665894,2.682214317895609,-4.116956616998964,-3.6800963333030814,-1.926459248976936,1.3401275818667722,-0.097083657111385,3.964023668568252,-0.4437652499834767,1.322156394415256
95.0,298.0,129.8916473388672,-0.0394553300044638,2.682214317895609,-4.116956616998964,-3.680096335258313,-1.926459248976936,1.3401275785618103,-0.097083657111385,3.964023668627674,-0.4437652499834664,1.322156394415256
95.0,298.0,129.8916473388672,-0.0394548655383749,2.682214317895609,-4.116956616998964,-3.680096335333712,-1.926459248976936,1.3401272804413695,-0.097083657111385,3.9640236687023376,-0.443765249983477,1.3221564365044098
95.0,298.0,129.8916473388672,-0.0394540761848176,2.682214317895609,-4.116956616998964,-3.6800963335031818,-1.926459248976936,1.3401275561109451,-0.097083657111385,3.964023668568252,-0.4437652499834614,1.3221564358194011
95.0,298.0,129.8916473388672,-0.0394547819665894,2.682214317895609,-4.116956616998964,-3.68009633552248,-1.926459248976936,1.340127296837338,-0.097083657111385,3.964023668633928,-0.4437652499834772,1.3221564364436311
95.0,298.0,129.8916473388672,-0.0394547819665894,2.682214317895609,-4.116956616998964,-3.6800963333030814,-1.926459248976936,1.3401275818667722,-0.097083657111385,3.964023668568252,-0.4437652499834763,1.322156394415256
95.0,298.0,129.8916473388672,-0.0394546154471699,2.6822143178956024,-4.116956616998964,-3.680096335068772,-1.926459248976936,1.340127433934547,-0.097083657111385,3.9640236685957135,-0.4437652499834758,1.322156434700757
95.0,298.0,129.8916473388672,-0.0394553300044638,2.682214317895609,-4.116956616998964,-3.680096335258313,-1.926459248976936,1.3401275785618103,-0.097083657111385,3.964023668627674,-0.4437652499834664,1.322156394415256
95.0,298.0,129.8916473388672,-0.0394549799886792,2.6822143178956024,-4.116956616998964,-3.680096335333745,-1.926459248976936,1.3401274229933633,-0.097083657111385,3.964023668597398,-0.4437652499834763,1.3221564326711026
95.0,298.0,129.8916473388672,-0.0394549332207626,2.682214317895609,-4.116956616998964,-3.680096335258354,-1.926459248976936,1.3401275818667722,-0.097083657111385,3.964023668568252,-0.4437652499834695,1.322156394415256
95.0,298.0,129.8916473388672,-0.0394550083928026,2.6822143178956024,-4.116956616998964,-3.680096335333698,-1.926459248976936,1.3401273851953226,-0.097083657111385,3.964023668701846,-0.4437652499834763,1.3221564364728144
95.0,298.0,129.8916473388672,-0.0394549332207626,2.682214317895609,-4.116956616998964,-3.680096335258313,-1.926459248976936,1.340127562165842,-0.097083657111385,3.964023668585492,-0.4437652499834661,1.322156394415256
95.0,298.0,129.8916473388672,-0.0394549825121074,2.6822143178956024,-4.116956616998964,-3.6800963353330354,-1.926459248976936,1.3401275734486902,-0.097083657111385,3.964023668568251,-0.4437652499834763,1.3221564358305906
95.0,298.0,129.8916473388672,-0.0394549989570684,2.682214317895609,-4.116956616998964,-3.680096335232197,-1.926459248976936,1.340127562165842,-0.097083657111385,3.964023668567735,-0.4437652499834766,1.322156394415256
95.0,298.0,129.8916473388672,-0.0394547819665894,2.682214317895609,-4.116956616998964,-3.680096333274654,-1.926459248976936,1.3401272735003742,-0.097083657111385,3.964023668590405,-0.4437652499834763,1.322156394415256
95.0,298.0,129.8916473388672,-0.0394549402594434,2.682214317895609,-4.116956616998964,-3.68009633552248,-1.926459248976936,1.3401272581941517,-0.097083657111385,3.964023668591093,-0.443765249983477,1.322156437876712
95.0,298.0,129.8916473388672,-0.0394547744322839,2.682214317895609,-4.116956616998964,-3.680096333246096,-1.926459248976936,1.3401273125142832,-0.097083657111385,3.964023668633928,-0.4437652499834772,1.3221564364424545
95.0,298.0,129.8916473388672,-0.0394547819665894,2.682214317895609,-4.116956616998964,-3.680096335405137,-1.926459248976936,1.3401275826359236,-0.097083657111385,3.964023668568252,-0.4437652499834763,1.322156394415256
95.0,298.0,129.8916473388672,-0.0394540761848176,2.682214317895609,-4.116956616998964,-3.6800963335031818,-1.926459248976936,1.3401275509113062,-0.097083657111385,3.964023668568252,-0.4437652499834614,1.3221564358194011
95.0,298.0,129.8916473388672,-0.0394549799886792,2.6822143178956024,-4.116956616998964,-3.680096335333745,-1.926459248976936,1.3401274263642535,-0.097083657111385,3.964023668597398,-0.4437652499834763,1.3221564303778044
95.0,298.0,129.8916473388672,-0.0394540104485118,2.682214317895609,-4.116956616998964,-3.680096333329199,-1.926459248976936,1.3401275818667722,-0.097083657111385,3.964023668586008,-0.4437652499834658,1.3221564358087918
95.0,298.0,129.8916473388672,-0.0394546623117755,2.682214317895609,-4.116956616998964,-3.6800963353336975,-1.926459248976936,1.34012737986952,-0.097083657111385,3.964023668558612,-0.443765249983477,1.322156436548152
95.0,298.0,129.8916473388672,-0.0394549237061717,2.682214317895609,-4.116956616998964,-3.680096335258313,-1.926459248976936,1.340127562165842,-0.097083657111385,3.964023668585945,-0.4437652499834773,1.32215639469767
95.0,298.0,129.8916473388672,-0.0394547819665894,2.682214317895609,-4.116956616998964,-3.6800963355509086,-1.926459248976936,1.3401275888077675,-0.097083657111385,3.9640236685695913,-0.443765249983477,1.3221564364436311
95.0,298.0,129.8916473388672,-0.0394550017190096,2.6822143178956024,-4.116956616998964,-3.6800963353330447,-1.926459248976936,1.3401273851953226,-0.097083657111385,3.964023668568251,-0.4437652499834763,1.3221564346997008
95.0,298.0,129.8916473388672,-0.0394549332207626,2.682214317895609,-4.116956616998964,-3.680096335258354,-1.926459248976936,1.3401276041139902,-0.097083657111385,3.964023668569057,-0.4437652499834695,1.3221563928562987
95.0,298.0,129.8916473388672,-0.0394548655383749,2.682214317895609,-4.116956616998964,-3.680096335333712,-1.926459248976936,1.3401272782807734,-0.097083657111385,3.964023668702637,-0.443765249983477,1.3221564365044098
95.0,298.0,129.8916473388672,-0.0394550026510082,2.682214317895609,-4.116956616998964,-3.68009633545828,-1.926459248976936,1.3401275809180946,-0.097083657111385,3.964023668568252,-0.4437652499834767,1.322156394415256
95.0,298.0,129.8916473388672,-0.0394547819665894,2.682214317895609,-4.116956616998964,-3.680096335510914,-1.926459248976936,1.3401272825189732,-0.097083657111385,3.964023668568815,-0.443765249983477,1.3221564364436311
95.0,298.0,129.8916473388672,-0.0394549332207626,2.682214317895609,-4.116956616998964,-3.680096335327009,-1.926459248976936,1.3401275818667722,-0.097083657111385,3.964023668568252,-0.4437652499834695,1.322156433231931
95.0,298.0,129.8916473388672,-0.0394549299325213,2.682214317895609,-4.116956616998964,-3.6800963353336695,-1.926459248976936,1.3401272782807734,-0.097083657111385,3.964023668572159,-0.443765249983477,1.3221563966483698
95.0,298.0,129.8916473388672,-0.0394549575512239,2.682214317895609,-4.116956616998964,-3.680096333329199,-1.926459248976936,1.3401275818667722,-0.097083657111385,3.964023668586008,-0.4437652499834658,1.3221564358087918
95.0,298.0,129.8916473388672,-0.0394549651407495,2.682214317895609,-4.116956616998964,-3.6800963333030814,-1.926459248976936,1.3401275818667722,-0.097083657111385,3.964023668568252,-0.4437652499834763,1.322156394415256
95.0,298.0,129.8916473388672,-0.0394548655383749,2.682214317895609,-4.116956616998964,-3.680096335333712,-1.926459248976936,1.3401272804413695,-0.097083657111385,3.9640236687023376,-0.443765249983477,1.3221564365044098
95.0,298.0,129.8916473388672,-0.0394547819665894,2.682214317895609,-4.116956616998964,-3.680096335405137,-1.926459248976936,1.3401275622484283,-0.097083657111385,3.964023668568252,-0.4437652499834763,1.322156394415256
95.0,298.0,129.8916473388672,-0.0394553115645138,2.682214317895609,-4.116956616998964,-3.6800963353365694,-1.926459248976936,1.3401275785618103,-0.097083657111385,3.964023668627674,-0.4437652499834664,1.322156394415256
95.0,298.0,129.8916473388672,-0.0394547819665894,2.682214317895609,-4.116956616998964,-3.6800963355509086,-1.926459248976936,1.3401275888077675,-0.097083657111385,3.9640236685695913,-0.443765249983477,1.3221564327177708
95.0,298.0,129.8916473388672,-0.0394548655383749,2.682214317895609,-4.116956616998964,-3.68009633531086,-1.926459248976936,1.3401272708425611,-0.097083657111385,3.964023668569667,-0.443765249983477,1.3221564358521676
95.0,298.0,129.8916473388672,-0.0394547877083838,2.6822143178956024,-4.116956616998964,-3.6800963331785015,-1.926459248976936,1.3401273861440004,-0.097083657111385,3.964023668701846,-0.4437652499834763,1.3221564364728144
95.0,298.0,129.8916473388672,-0.0394546623117755,2.682214317895609,-4.116956616998964,-3.6800963353336975,-1.926459248976936,1.34012737986952,-0.097083657111385,3.964023668558612,-0.443765249983477,1.322156436548152
95.0,298.0,129.8916473388672,-0.0394547819665894,2.682214317895609,-4.116956616998964,-3.680096335327688,-1.926459248976936,1.340127296837338,-0.097083657111385,3.964023668633928,-0.443765249983477,1.3221564364436311
95.0,298.0,129.8916473388672,-0.0394547591462051,2.682214317895609,-4.116956616998964,-3.680096335335538,-1.926459248976936,1.3401275826359236,-0.097083657111385,3.964023668568252,-0.4437652499834763,1.322156394415256
95.0,299.0,129.8916473388672,-0.0394547819665894,2.682214317895609,-4.116956616998964,-3.6800963333030814,-1.926459248976936,1.3401275818667722,-0.097083657111385,3.964023668568252,-0.4437652499834763,1.322156394415256
95.0,299.0,129.8916473388672,-0.0394549332207626,2.682214317895609,-4.116956616998964,-3.680096335258354,-1.926459248976936,1.3401275818667722,-0.097083657111385,3.964023668568252,-0.4437652499834695,1.322156394415256
95.0,299.0,129.8916473388672,-0.0394547819665894,2.682214317895609,-4.116956616998964,-3.6800963333030814,-1.926459248976936,1.3401275818667722,-0.097083657111385,3.964023668568252,-0.4437652499834763,1.322156394415256
95.0,299.0,129.8916473388672,-0.0394547819665894,2.682214317895609,-4.116956616998964,-3.68009633552248,-1.926459248976936,1.3401272804413695,-0.097083657111385,3.964023668591744,-0.443765249983477,1.3221564364436311
95.0,299.0,129.8916473388672,-0.0394540761848176,2.682214317895609,-4.116956616998964,-3.6800963333030814,-1.926459248976936,1.3401275818667722,-0.097083657111385,3.964023668568252,-0.4437652499834763,1.3221564358087918
95.0,299.0,129.8916473388672,-0.0394549402594434,2.682214317895609,-4.116956616998964,-3.68009633552248,-1.926459248976936,1.3401272804413695,-0.097083657111385,3.9640236685918975,-0.443765249983477,1.3221564363177545
95.0,299.0,129.8916473388672,-0.0394549332207626,2.682214317895609,-4.116956616998964,-3.680096335258313,-1.926459248976936,1.3401275785618103,-0.097083657111385,3.964023668627674,-0.4437652499834664,1.322156394415256
95.0,299.0,129.8916473388672,-0.0394549320041276,2.682214317895609,-4.116956616998964,-3.6800963353307967,-1.926459248976936,1.3401275818667722,-0.097083657111385,3.964023668568252,-0.4437652499834763,1.3221564358087918
95.0,299.0,129.8916473388672,-0.0394547819665894,2.682214317895609,-4.116956616998964,-3.6800963333030814,-1.926459248976936,1.3401275818667722,-0.097083657111385,3.964023668568252,-0.4437652499834767,1.322156394415256
95.0,299.0,129.8916473388672,-0.0394553300044638,2.682214317895609,-4.116956616998964,-3.680096335258313,-1.926459248976936,1.3401275785618103,-0.097083657111385,3.964023668627674,-0.4437652499834664,1.322156394415256
95.0,299.0,129.8916473388672,-0.0394548655383749,2.682214317895609,-4.116956616998964,-3.680096335333712,-1.926459248976936,1.3401272804413695,-0.097083657111385,3.9640236687023376,-0.443765249983477,1.3221564365044098
95.0,299.0,129.8916473388672,-0.0394540761848176,2.682214317895609,-4.116956616998964,-3.6800963335031818,-1.926459248976936,1.3401275561109451,-0.097083657111385,3.964023668568252,-0.4437652499834614,1.3221564358194011
95.0,299.0,129.8916473388672,-0.0394547819665894,2.682214317895609,-4.116956616998964,-3.68009633552248,-1.926459248976936,1.340127296837338,-0.097083657111385,3.964023668633928,-0.4437652499834772,1.3221564364436311
95.0,299.0,129.8916473388672,-0.0394547819665894,2.682214317895609,-4.116956616998964,-3.6800963333030814,-1.926459248976936,1.3401275818667722,-0.097083657111385,3.964023668568252,-0.4437652499834763,1.322156394415256
95.0,299.0,129.8916473388672,-0.0394546154471699,2.6822143178956024,-4.116956616998964,-3.680096335068772,-1.926459248976936,1.340127433934547,-0.097083657111385,3.9640236685957135,-0.4437652499834758,1.322156434700757
95.0,299.0,129.8916473388672,-0.0394553300044638,2.682214317895609,-4.116956616998964,-3.680096335258313,-1.926459248976936,1.3401275785618103,-0.097083657111385,3.964023668627674,-0.4437652499834664,1.322156394415256
95.0,299.0,129.8916473388672,-0.0394549799886792,2.6822143178956024,-4.116956616998964,-3.680096335333745,-1.926459248976936,1.3401274229933633,-0.097083657111385,3.964023668597398,-0.4437652499834763,1.3221564326711026
95.0,299.0,129.8916473388672,-0.0394549332207626,2.682214317895609,-4.116956616998964,-3.680096335258354,-1.926459248976936,1.3401275818667722,-0.097083657111385,3.964023668568252,-0.4437652499834695,1.322156394415256
95.0,299.0,129.8916473388672,-0.0394550083928026,2.6822143178956024,-4.116956616998964,-3.680096335333698,-1.926459248976936,1.3401273851953226,-0.097083657111385,3.964023668701846,-0.4437652499834763,1.3221564364728144
95.0,299.0,129.8916473388672,-0.0394549332207626,2.682214317895609,-4.116956616998964,-3.680096335258313,-1.926459248976936,1.340127562165842,-0.097083657111385,3.964023668585492,-0.4437652499834661,1.322156394415256
95.0,299.0,129.8916473388672,-0.0394549825121074,2.6822143178956024,-4.116956616998964,-3.6800963353330354,-1.926459248976936,1.3401275734486902,-0.097083657111385,3.964023668568251,-0.4437652499834763,1.3221564358305906
95.0,299.0,129.8916473388672,-0.0394549989570684,2.682214317895609,-4.116956616998964,-3.680096335232197,-1.926459248976936,1.340127562165842,-0.097083657111385,3.964023668567735,-0.4437652499834766,1.322156394415256
95.0,299.0,129.8916473388672,-0.0394547819665894,2.682214317895609,-4.116956616998964,-3.680096333274654,-1.926459248976936,1.3401272735003742,-0.097083657111385,3.964023668590405,-0.4437652499834763,1.322156394415256
95.0,299.0,129.8916473388672,-0.0394549402594434,2.682214317895609,-4.116956616998964,-3.68009633552248,-1.926459248976936,1.3401272581941517,-0.097083657111385,3.964023668591093,-0.443765249983477,1.322156437876712
95.0,299.0,129.8916473388672,-0.0394547744322839,2.682214317895609,-4.116956616998964,-3.680096333246096,-1.926459248976936,1.3401273125142832,-0.097083657111385,3.964023668633928,-0.4437652499834772,1.3221564364424545
95.0,299.0,129.8916473388672,-0.0394547819665894,2.682214317895609,-4.116956616998964,-3.680096335405137,-1.926459248976936,1.3401275826359236,-0.097083657111385,3.964023668568252,-0.4437652499834763,1.322156394415256
95.0,299.0,129.8916473388672,-0.0394540761848176,2.682214317895609,-4.116956616998964,-3.6800963335031818,-1.926459248976936,1.3401275509113062,-0.097083657111385,3.964023668568252,-0.4437652499834614,1.3221564358194011
95.0,299.0,129.8916473388672,-0.0394549799886792,2.6822143178956024,-4.116956616998964,-3.680096335333745,-1.926459248976936,1.3401274263642535,-0.097083657111385,3.964023668597398,-0.4437652499834763,1.3221564303778044
95.0,299.0,129.8916473388672,-0.0394540104485118,2.682214317895609,-4.116956616998964,-3.680096333329199,-1.926459248976936,1.3401275818667722,-0.097083657111385,3.964023668586008,-0.4437652499834658,1.3221564358087918
95.0,299.0,129.8916473388672,-0.0394546623117755,2.682214317895609,-4.116956616998964,-3.6800963353336975,-1.926459248976936,1.34012737986952,-0.097083657111385,3.964023668558612,-0.443765249983477,1.322156436548152
95.0,299.0,129.8916473388672,-0.0394549237061717,2.682214317895609,-4.116956616998964,-3.680096335258313,-1.926459248976936,1.340127562165842,-0.097083657111385,3.964023668585945,-0.4437652499834773,1.32215639469767
95.0,299.0,129.8916473388672,-0.0394547819665894,2.682214317895609,-4.116956616998964,-3.6800963355509086,-1.926459248976936,1.3401275888077675,-0.097083657111385,3.9640236685695913,-0.443765249983477,1.3221564364436311
95.0,299.0,129.8916473388672,-0.0394550017190096,2.6822143178956024,-4.116956616998964,-3.6800963353330447,-1.926459248976936,1.3401273851953226,-0.097083657111385,3.964023668568251,-0.4437652499834763,1.3221564346997008
95.0,299.0,129.8916473388672,-0.0394549332207626,2.682214317895609,-4.116956616998964,-3.680096335258354,-1.926459248976936,1.3401276041139902,-0.097083657111385,3.964023668569057,-0.4437652499834695,1.3221563928562987
95.0,299.0,129.8916473388672,-0.0394548655383749,2.682214317895609,-4.116956616998964,-3.680096335333712,-1.926459248976936,1.3401272782807734,-0.097083657111385,3.964023668702637,-0.443765249983477,1.3221564365044098
95.0,299.0,129.8916473388672,-0.0394550026510082,2.682214317895609,-4.116956616998964,-3.68009633545828,-1.926459248976936,1.3401275809180946,-0.097083657111385,3.964023668568252,-0.4437652499834767,1.322156394415256
95.0,299.0,129.8916473388672,-0.0394547819665894,2.682214317895609,-4.116956616998964,-3.680096335510914,-1.926459248976936,1.3401272825189732,-0.097083657111385,3.964023668568815,-0.443765249983477,1.3221564364436311
95.0,299.0,129.8916473388672,-0.0394549332207626,2.682214317895609,-4.116956616998964,-3.680096335327009,-1.926459248976936,1.3401275818667722,-0.097083657111385,3.964023668568252,-0.4437652499834695,1.322156433231931
95.0,299.0,129.8916473388672,-0.0394549299325213,2.682214317895609,-4.116956616998964,-3.6800963353336695,-1.926459248976936,1.3401272782807734,-0.097083657111385,3.964023668572159,-0.443765249983477,1.3221563966483698
95.0,299.0,129.8916473388672,-0.0394549575512239,2.682214317895609,-4.116956616998964,-3.680096333329199,-1.926459248976936,1.3401275818667722,-0.097083657111385,3.964023668586008,-0.4437652499834658,1.3221564358087918
95.0,299.0,129.8916473388672,-0.0394549651407495,2.682214317895609,-4.116956616998964,-3.6800963333030814,-1.926459248976936,1.3401275818667722,-0.097083657111385,3.964023668568252,-0.4437652499834763,1.322156394415256
95.0,299.0,129.8916473388672,-0.0394548655383749,2.682214317895609,-4.116956616998964,-3.680096335333712,-1.926459248976936,1.3401272804413695,-0.097083657111385,3.9640236687023376,-0.443765249983477,1.3221564365044098
95.0,299.0,129.8916473388672,-0.0394547819665894,2.682214317895609,-4.116956616998964,-3.680096335405137,-1.926459248976936,1.3401275622484283,-0.097083657111385,3.964023668568252,-0.4437652499834763,1.322156394415256
95.0,299.0,129.8916473388672,-0.0394553115645138,2.682214317895609,-4.116956616998964,-3.6800963353365694,-1.926459248976936,1.3401275785618103,-0.097083657111385,3.964023668627674,-0.4437652499834664,1.322156394415256
95.0,299.0,129.8916473388672,-0.0394547819665894,2.682214317895609,-4.116956616998964,-3.6800963355509086,-1.926459248976936,1.3401275888077675,-0.097083657111385,3.9640236685695913,-0.443765249983477,1.3221564327177708
95.0,299.0,129.8916473388672,-0.0394548655383749,2.682214317895609,-4.116956616998964,-3.68009633531086,-1.926459248976936,1.3401272708425611,-0.097083657111385,3.964023668569667,-0.443765249983477,1.3221564358521676
95.0,299.0,129.8916473388672,-0.0394547877083838,2.6822143178956024,-4.116956616998964,-3.6800963331785015,-1.926459248976936,1.3401273861440004,-0.097083657111385,3.964023668701846,-0.4437652499834763,1.3221564364728144
95.0,299.0,129.8916473388672,-0.0394546623117755,2.682214317895609,-4.116956616998964,-3.6800963353336975,-1.926459248976936,1.34012737986952,-0.097083657111385,3.964023668558612,-0.443765249983477,1.322156436548152
95.0,299.0,129.8916473388672,-0.0394547819665894,2.682214317895609,-4.116956616998964,-3.680096335327688,-1.926459248976936,1.340127296837338,-0.097083657111385,3.964023668633928,-0.443765249983477,1.3221564364436311
95.0,299.0,129.8916473388672,-0.0394547591462051,2.682214317895609,-4.116956616998964,-3.680096335335538,-1.926459248976936,1.3401275826359236,-0.097083657111385,3.964023668568252,-0.4437652499834763,1.322156394415256
